TimeStamp,Frequency,feeling_positive,feeling_negative,Class
0,30,21,9,1a.csv
0,26,18,8,1b.csv
0,14,12,2,1c.csv
0,21,16,5,1e.csv
0,38,32,6,1f.csv
0,17,15,2,1g.csv
0,20,14,6,1h.csv
0,12,11,1,1i.csv
0,14,13,1,1j.csv
0,16,15,1,1k.csv
0,16,13,3,1l.csv
0,15,11,4,1m.csv
0,7,3,4,2a.csv
0,0,0,0,2b.csv
0,4,3,1,2c.csv
0,1,0,1,2d.csv
0,4,4,0,2e.csv
0,0,0,0,2f.csv
0,1,1,0,2g.csv
0,1,1,0,2h.csv
0,3,3,0,2i.csv
0,1,1,0,2j.csv
0,5,2,3,2k.csv
0,11,2,9,2l.csv
0,28,19,9,3a.csv
0,41,33,8,3b.csv
0,16,13,3,3c.csv
0,16,13,3,3d.csv
0,12,9,3,3e.csv
0,14,10,4,3f.csv
0,6,5,1,3g.csv
1,33,23,10,1a.csv
1,28,20,8,1b.csv
1,15,13,2,1c.csv
1,21,16,5,1e.csv
1,45,37,8,1f.csv
1,18,15,3,1g.csv
1,21,14,7,1h.csv
1,12,11,1,1i.csv
1,17,16,1,1j.csv
1,18,16,2,1k.csv
1,17,14,3,1l.csv
1,15,11,4,1m.csv
1,10,5,5,2a.csv
1,1,0,1,2b.csv
1,5,4,1,2c.csv
1,1,0,1,2d.csv
1,4,4,0,2e.csv
1,0,0,0,2f.csv
1,1,1,0,2g.csv
1,1,1,0,2h.csv
1,3,3,0,2i.csv
1,1,1,0,2j.csv
1,7,2,5,2k.csv
1,13,2,11,2l.csv
1,34,25,9,3a.csv
1,46,38,8,3b.csv
1,17,14,3,3c.csv
1,17,14,3,3d.csv
1,12,9,3,3e.csv
1,15,11,4,3f.csv
1,10,7,3,3g.csv
2,38,28,10,1a.csv
2,28,20,8,1b.csv
2,15,13,2,1c.csv
2,21,16,5,1e.csv
2,54,46,8,1f.csv
2,18,15,3,1g.csv
2,21,14,7,1h.csv
2,13,12,1,1i.csv
2,17,16,1,1j.csv
2,18,16,2,1k.csv
2,19,16,3,1l.csv
2,15,11,4,1m.csv
2,10,5,5,2a.csv
2,1,0,1,2b.csv
2,6,4,2,2c.csv
2,1,0,1,2d.csv
2,4,4,0,2e.csv
2,0,0,0,2f.csv
2,1,1,0,2g.csv
2,1,1,0,2h.csv
2,3,3,0,2i.csv
2,1,1,0,2j.csv
2,10,4,6,2k.csv
2,17,5,12,2l.csv
2,37,27,10,3a.csv
2,57,47,10,3b.csv
2,18,15,3,3c.csv
2,18,15,3,3d.csv
2,12,9,3,3e.csv
2,18,14,4,3f.csv
2,12,7,5,3g.csv
3,44,33,11,1a.csv
3,28,20,8,1b.csv
3,16,14,2,1c.csv
3,21,16,5,1e.csv
3,64,54,10,1f.csv
3,18,15,3,1g.csv
3,21,14,7,1h.csv
3,13,12,1,1i.csv
3,17,16,1,1j.csv
3,20,17,3,1k.csv
3,21,18,3,1l.csv
3,16,12,4,1m.csv
3,11,5,6,2a.csv
3,1,0,1,2b.csv
3,6,4,2,2c.csv
3,1,0,1,2d.csv
3,4,4,0,2e.csv
3,0,0,0,2f.csv
3,1,1,0,2g.csv
3,1,1,0,2h.csv
3,3,3,0,2i.csv
3,1,1,0,2j.csv
3,11,5,6,2k.csv
3,19,5,14,2l.csv
3,48,34,14,3a.csv
3,60,49,11,3b.csv
3,24,21,3,3c.csv
3,24,21,3,3d.csv
3,14,10,4,3e.csv
3,21,15,6,3f.csv
3,13,8,5,3g.csv
4,35,25,10,1a.csv
4,17,10,7,1b.csv
4,5,4,1,1c.csv
4,2,1,1,1e.csv
4,60,49,11,1f.csv
4,5,3,2,1g.csv
4,7,5,2,1h.csv
4,3,3,0,1i.csv
4,9,9,0,1j.csv
4,5,3,2,1k.csv
4,16,13,3,1l.csv
4,2,2,0,1m.csv
4,10,7,3,2a.csv
4,1,0,1,2b.csv
4,6,5,1,2c.csv
4,2,0,2,2d.csv
4,2,2,0,2e.csv
4,1,1,0,2f.csv
4,0,0,0,2g.csv
4,1,1,0,2h.csv
4,1,1,0,2i.csv
4,0,0,0,2j.csv
4,14,7,7,2k.csv
4,20,5,15,2l.csv
4,54,37,17,3a.csv
4,63,51,12,3b.csv
4,25,21,4,3c.csv
4,25,21,4,3d.csv
4,14,10,4,3e.csv
4,12,8,4,3f.csv
4,13,8,5,3g.csv
5,36,26,10,1a.csv
5,9,5,4,1b.csv
5,6,5,1,1c.csv
5,2,1,1,1e.csv
5,67,54,13,1f.csv
5,5,3,2,1g.csv
5,7,5,2,1h.csv
5,4,3,1,1i.csv
5,9,9,0,1j.csv
5,5,3,2,1k.csv
5,15,13,2,1l.csv
5,2,2,0,1m.csv
5,10,7,3,2a.csv
5,1,0,1,2b.csv
5,5,4,1,2c.csv
5,2,0,2,2d.csv
5,2,2,0,2e.csv
5,1,1,0,2f.csv
5,0,0,0,2g.csv
5,0,0,0,2h.csv
5,0,0,0,2i.csv
5,0,0,0,2j.csv
5,15,7,8,2k.csv
5,19,5,14,2l.csv
5,56,37,19,3a.csv
5,56,47,9,3b.csv
5,21,19,2,3c.csv
5,21,19,2,3d.csv
5,15,10,5,3e.csv
5,13,8,5,3f.csv
5,11,7,4,3g.csv
6,36,26,10,1a.csv
6,10,6,4,1b.csv
6,6,5,1,1c.csv
6,0,0,0,1e.csv
6,64,53,11,1f.csv
6,5,3,2,1g.csv
6,5,3,2,1h.csv
6,3,2,1,1i.csv
6,9,9,0,1j.csv
6,4,2,2,1k.csv
6,13,11,2,1l.csv
6,3,3,0,1m.csv
6,13,8,5,2a.csv
6,1,0,1,2b.csv
6,5,4,1,2c.csv
6,1,0,1,2d.csv
6,1,1,0,2e.csv
6,1,1,0,2f.csv
6,0,0,0,2g.csv
6,0,0,0,2h.csv
6,0,0,0,2i.csv
6,0,0,0,2j.csv
6,15,6,9,2k.csv
6,22,6,16,2l.csv
6,59,37,22,3a.csv
6,57,48,9,3b.csv
6,19,17,2,3c.csv
6,19,17,2,3d.csv
6,14,10,4,3e.csv
6,14,9,5,3f.csv
6,9,5,4,3g.csv
7,35,26,9,1a.csv
7,8,5,3,1b.csv
7,7,5,2,1c.csv
7,0,0,0,1e.csv
7,64,55,9,1f.csv
7,4,3,1,1g.csv
7,4,3,1,1h.csv
7,3,2,1,1i.csv
7,5,5,0,1j.csv
7,4,2,2,1k.csv
7,8,7,1,1l.csv
7,3,3,0,1m.csv
7,14,9,5,2a.csv
7,1,0,1,2b.csv
7,4,2,2,2c.csv
7,1,0,1,2d.csv
7,1,1,0,2e.csv
7,2,2,0,2f.csv
7,1,1,0,2g.csv
7,0,0,0,2h.csv
7,0,0,0,2i.csv
7,0,0,0,2j.csv
7,18,10,8,2k.csv
7,20,6,14,2l.csv
7,65,43,22,3a.csv
7,59,50,9,3b.csv
7,25,22,3,3c.csv
7,25,22,3,3d.csv
7,14,11,3,3e.csv
7,18,13,5,3f.csv
7,8,4,4,3g.csv
8,35,29,6,1a.csv
8,4,4,0,1b.csv
8,5,4,1,1c.csv
8,0,0,0,1e.csv
8,56,48,8,1f.csv
8,2,1,1,1g.csv
8,3,2,1,1h.csv
8,2,1,1,1i.csv
8,3,3,0,1j.csv
8,5,3,2,1k.csv
8,6,6,0,1l.csv
8,3,3,0,1m.csv
8,13,9,4,2a.csv
8,1,0,1,2b.csv
8,6,2,4,2c.csv
8,2,0,2,2d.csv
8,1,1,0,2e.csv
8,2,2,0,2f.csv
8,1,1,0,2g.csv
8,0,0,0,2h.csv
8,0,0,0,2i.csv
8,0,0,0,2j.csv
8,17,9,8,2k.csv
8,26,11,15,2l.csv
8,66,47,19,3a.csv
8,58,51,7,3b.csv
8,28,23,5,3c.csv
8,28,23,5,3d.csv
8,13,10,3,3e.csv
8,19,15,4,3f.csv
8,7,3,4,3g.csv
9,36,29,7,1a.csv
9,2,2,0,1b.csv
9,5,4,1,1c.csv
9,0,0,0,1e.csv
9,53,45,8,1f.csv
9,2,2,0,1g.csv
9,3,3,0,1h.csv
9,2,1,1,1i.csv
9,0,0,0,1j.csv
9,3,2,1,1k.csv
9,6,6,0,1l.csv
9,5,5,0,1m.csv
9,11,8,3,2a.csv
9,0,0,0,2b.csv
9,6,2,4,2c.csv
9,2,0,2,2d.csv
9,1,1,0,2e.csv
9,2,2,0,2f.csv
9,1,1,0,2g.csv
9,0,0,0,2h.csv
9,0,0,0,2i.csv
9,0,0,0,2j.csv
9,16,9,7,2k.csv
9,27,14,13,2l.csv
9,75,50,25,3a.csv
9,62,54,8,3b.csv
9,29,24,5,3c.csv
9,29,24,5,3d.csv
9,15,12,3,3e.csv
9,19,14,5,3f.csv
9,5,3,2,3g.csv
10,33,24,9,1a.csv
10,2,2,0,1b.csv
10,6,5,1,1c.csv
10,0,0,0,1e.csv
10,50,42,8,1f.csv
10,2,2,0,1g.csv
10,3,3,0,1h.csv
10,1,0,1,1i.csv
10,0,0,0,1j.csv
10,3,2,1,1k.csv
10,4,4,0,1l.csv
10,5,5,0,1m.csv
10,11,8,3,2a.csv
10,0,0,0,2b.csv
10,5,2,3,2c.csv
10,3,0,3,2d.csv
10,1,1,0,2e.csv
10,2,2,0,2f.csv
10,1,1,0,2g.csv
10,1,1,0,2h.csv
10,0,0,0,2i.csv
10,1,1,0,2j.csv
10,15,7,8,2k.csv
10,25,12,13,2l.csv
10,81,55,26,3a.csv
10,57,49,8,3b.csv
10,29,24,5,3c.csv
10,29,24,5,3d.csv
10,17,14,3,3e.csv
10,18,12,6,3f.csv
10,5,5,0,3g.csv
11,28,19,9,1a.csv
11,2,2,0,1b.csv
11,5,4,1,1c.csv
11,0,0,0,1e.csv
11,41,35,6,1f.csv
11,2,2,0,1g.csv
11,4,4,0,1h.csv
11,1,0,1,1i.csv
11,0,0,0,1j.csv
11,1,1,0,1k.csv
11,6,3,3,1l.csv
11,4,4,0,1m.csv
11,12,10,2,2a.csv
11,0,0,0,2b.csv
11,5,2,3,2c.csv
11,3,0,3,2d.csv
11,1,1,0,2e.csv
11,2,2,0,2f.csv
11,1,1,0,2g.csv
11,1,1,0,2h.csv
11,0,0,0,2i.csv
11,1,1,0,2j.csv
11,15,7,8,2k.csv
11,24,13,11,2l.csv
11,80,54,26,3a.csv
11,59,52,7,3b.csv
11,26,19,7,3c.csv
11,26,19,7,3d.csv
11,16,14,2,3e.csv
11,17,12,5,3f.csv
11,4,4,0,3g.csv
12,29,20,9,1a.csv
12,3,2,1,1b.csv
12,5,4,1,1c.csv
12,0,0,0,1e.csv
12,35,30,5,1f.csv
12,3,3,0,1g.csv
12,4,4,0,1h.csv
12,1,0,1,1i.csv
12,0,0,0,1j.csv
12,1,1,0,1k.csv
12,7,4,3,1l.csv
12,3,3,0,1m.csv
12,10,8,2,2a.csv
12,0,0,0,2b.csv
12,9,3,6,2c.csv
12,2,0,2,2d.csv
12,1,1,0,2e.csv
12,1,1,0,2f.csv
12,1,1,0,2g.csv
12,1,1,0,2h.csv
12,0,0,0,2i.csv
12,1,1,0,2j.csv
12,12,5,7,2k.csv
12,24,14,10,2l.csv
12,79,55,24,3a.csv
12,59,52,7,3b.csv
12,26,19,7,3c.csv
12,26,19,7,3d.csv
12,13,12,1,3e.csv
12,18,12,6,3f.csv
12,4,4,0,3g.csv
13,27,18,9,1a.csv
13,3,2,1,1b.csv
13,4,3,1,1c.csv
13,0,0,0,1e.csv
13,25,22,3,1f.csv
13,3,3,0,1g.csv
13,3,3,0,1h.csv
13,0,0,0,1i.csv
13,0,0,0,1j.csv
13,2,2,0,1k.csv
13,7,4,3,1l.csv
13,3,3,0,1m.csv
13,10,8,2,2a.csv
13,0,0,0,2b.csv
13,9,3,6,2c.csv
13,2,0,2,2d.csv
13,1,1,0,2e.csv
13,1,1,0,2f.csv
13,1,1,0,2g.csv
13,1,1,0,2h.csv
13,0,0,0,2i.csv
13,1,1,0,2j.csv
13,11,5,6,2k.csv
13,23,13,10,2l.csv
13,74,52,22,3a.csv
13,65,56,9,3b.csv
13,28,20,8,3c.csv
13,28,20,8,3d.csv
13,13,13,0,3e.csv
13,17,12,5,3f.csv
13,4,4,0,3g.csv
14,25,16,9,1a.csv
14,1,0,1,1b.csv
14,4,3,1,1c.csv
14,0,0,0,1e.csv
14,24,21,3,1f.csv
14,4,4,0,1g.csv
14,2,2,0,1h.csv
14,0,0,0,1i.csv
14,0,0,0,1j.csv
14,3,3,0,1k.csv
14,7,4,3,1l.csv
14,2,2,0,1m.csv
14,8,8,0,2a.csv
14,0,0,0,2b.csv
14,10,3,7,2c.csv
14,2,0,2,2d.csv
14,1,1,0,2e.csv
14,1,1,0,2f.csv
14,1,1,0,2g.csv
14,1,1,0,2h.csv
14,0,0,0,2i.csv
14,1,1,0,2j.csv
14,9,5,4,2k.csv
14,20,13,7,2l.csv
14,76,57,19,3a.csv
14,65,55,10,3b.csv
14,28,20,8,3c.csv
14,28,20,8,3d.csv
14,12,11,1,3e.csv
14,22,17,5,3f.csv
14,6,6,0,3g.csv
15,26,16,10,1a.csv
15,2,1,1,1b.csv
15,3,2,1,1c.csv
15,0,0,0,1e.csv
15,22,18,4,1f.csv
15,3,3,0,1g.csv
15,2,2,0,1h.csv
15,0,0,0,1i.csv
15,0,0,0,1j.csv
15,3,3,0,1k.csv
15,8,5,3,1l.csv
15,2,2,0,1m.csv
15,9,9,0,2a.csv
15,1,1,0,2b.csv
15,9,3,6,2c.csv
15,2,0,2,2d.csv
15,0,0,0,2e.csv
15,0,0,0,2f.csv
15,0,0,0,2g.csv
15,1,1,0,2h.csv
15,0,0,0,2i.csv
15,1,1,0,2j.csv
15,5,1,4,2k.csv
15,19,13,6,2l.csv
15,78,57,21,3a.csv
15,63,52,11,3b.csv
15,24,16,8,3c.csv
15,24,16,8,3d.csv
15,13,12,1,3e.csv
15,16,12,4,3f.csv
15,8,7,1,3g.csv
16,26,14,12,1a.csv
16,3,2,1,1b.csv
16,3,2,1,1c.csv
16,0,0,0,1e.csv
16,23,19,4,1f.csv
16,3,3,0,1g.csv
16,2,2,0,1h.csv
16,0,0,0,1i.csv
16,0,0,0,1j.csv
16,2,2,0,1k.csv
16,8,5,3,1l.csv
16,2,2,0,1m.csv
16,10,9,1,2a.csv
16,1,1,0,2b.csv
16,9,3,6,2c.csv
16,2,1,1,2d.csv
16,0,0,0,2e.csv
16,1,1,0,2f.csv
16,0,0,0,2g.csv
16,1,1,0,2h.csv
16,0,0,0,2i.csv
16,1,1,0,2j.csv
16,5,1,4,2k.csv
16,11,8,3,2l.csv
16,79,59,20,3a.csv
16,61,50,11,3b.csv
16,21,15,6,3c.csv
16,21,15,6,3d.csv
16,13,11,2,3e.csv
16,19,13,6,3f.csv
16,8,7,1,3g.csv
17,27,15,12,1a.csv
17,3,2,1,1b.csv
17,2,1,1,1c.csv
17,0,0,0,1e.csv
17,22,19,3,1f.csv
17,2,2,0,1g.csv
17,2,2,0,1h.csv
17,0,0,0,1i.csv
17,0,0,0,1j.csv
17,2,2,0,1k.csv
17,9,5,4,1l.csv
17,0,0,0,1m.csv
17,9,8,1,2a.csv
17,1,1,0,2b.csv
17,8,2,6,2c.csv
17,2,1,1,2d.csv
17,0,0,0,2e.csv
17,1,1,0,2f.csv
17,0,0,0,2g.csv
17,1,1,0,2h.csv
17,0,0,0,2i.csv
17,1,1,0,2j.csv
17,4,1,3,2k.csv
17,10,5,5,2l.csv
17,74,59,15,3a.csv
17,60,50,10,3b.csv
17,21,15,6,3c.csv
17,21,15,6,3d.csv
17,12,10,2,3e.csv
17,22,17,5,3f.csv
17,6,5,1,3g.csv
18,29,17,12,1a.csv
18,4,3,1,1b.csv
18,2,1,1,1c.csv
18,0,0,0,1e.csv
18,17,14,3,1f.csv
18,2,2,0,1g.csv
18,2,2,0,1h.csv
18,0,0,0,1i.csv
18,0,0,0,1j.csv
18,2,2,0,1k.csv
18,9,5,4,1l.csv
18,1,0,1,1m.csv
18,12,11,1,2a.csv
18,1,1,0,2b.csv
18,9,2,7,2c.csv
18,2,2,0,2d.csv
18,0,0,0,2e.csv
18,1,1,0,2f.csv
18,0,0,0,2g.csv
18,0,0,0,2h.csv
18,0,0,0,2i.csv
18,1,1,0,2j.csv
18,2,1,1,2k.csv
18,9,4,5,2l.csv
18,71,58,13,3a.csv
18,57,49,8,3b.csv
18,22,14,8,3c.csv
18,22,14,8,3d.csv
18,10,8,2,3e.csv
18,21,17,4,3f.csv
18,6,5,1,3g.csv
19,33,21,12,1a.csv
19,8,5,3,1b.csv
19,3,2,1,1c.csv
19,1,0,1,1e.csv
19,19,15,4,1f.csv
19,2,2,0,1g.csv
19,1,1,0,1h.csv
19,0,0,0,1i.csv
19,0,0,0,1j.csv
19,2,2,0,1k.csv
19,8,7,1,1l.csv
19,1,0,1,1m.csv
19,10,9,1,2a.csv
19,1,1,0,2b.csv
19,9,2,7,2c.csv
19,3,3,0,2d.csv
19,0,0,0,2e.csv
19,1,1,0,2f.csv
19,0,0,0,2g.csv
19,0,0,0,2h.csv
19,0,0,0,2i.csv
19,1,1,0,2j.csv
19,1,0,1,2k.csv
19,8,3,5,2l.csv
19,68,57,11,3a.csv
19,60,49,11,3b.csv
19,19,13,6,3c.csv
19,19,13,6,3d.csv
19,11,8,3,3e.csv
19,20,16,4,3f.csv
19,6,5,1,3g.csv
20,34,22,12,1a.csv
20,9,7,2,1b.csv
20,5,4,1,1c.csv
20,1,0,1,1e.csv
20,17,13,4,1f.csv
20,1,1,0,1g.csv
20,1,1,0,1h.csv
20,0,0,0,1i.csv
20,1,0,1,1j.csv
20,2,2,0,1k.csv
20,9,7,2,1l.csv
20,1,0,1,1m.csv
20,11,9,2,2a.csv
20,1,1,0,2b.csv
20,5,1,4,2c.csv
20,3,3,0,2d.csv
20,0,0,0,2e.csv
20,2,2,0,2f.csv
20,0,0,0,2g.csv
20,0,0,0,2h.csv
20,0,0,0,2i.csv
20,2,1,1,2j.csv
20,1,0,1,2k.csv
20,8,2,6,2l.csv
20,64,55,9,3a.csv
20,54,44,10,3b.csv
20,17,11,6,3c.csv
20,17,11,6,3d.csv
20,12,9,3,3e.csv
20,23,20,3,3f.csv
20,6,5,1,3g.csv
21,36,24,12,1a.csv
21,21,18,3,1b.csv
21,5,4,1,1c.csv
21,1,0,1,1e.csv
21,17,13,4,1f.csv
21,2,2,0,1g.csv
21,2,2,0,1h.csv
21,1,1,0,1i.csv
21,1,0,1,1j.csv
21,1,1,0,1k.csv
21,11,9,2,1l.csv
21,1,0,1,1m.csv
21,11,9,2,2a.csv
21,1,1,0,2b.csv
21,5,1,4,2c.csv
21,4,4,0,2d.csv
21,0,0,0,2e.csv
21,2,2,0,2f.csv
21,0,0,0,2g.csv
21,0,0,0,2h.csv
21,0,0,0,2i.csv
21,2,1,1,2j.csv
21,1,1,0,2k.csv
21,9,3,6,2l.csv
21,65,54,11,3a.csv
21,49,40,9,3b.csv
21,15,10,5,3c.csv
21,15,10,5,3d.csv
21,11,7,4,3e.csv
21,25,22,3,3f.csv
21,7,6,1,3g.csv
22,35,24,11,1a.csv
22,29,26,3,1b.csv
22,5,4,1,1c.csv
22,1,0,1,1e.csv
22,14,10,4,1f.csv
22,1,1,0,1g.csv
22,2,2,0,1h.csv
22,1,1,0,1i.csv
22,1,0,1,1j.csv
22,0,0,0,1k.csv
22,12,10,2,1l.csv
22,1,0,1,1m.csv
22,11,9,2,2a.csv
22,1,1,0,2b.csv
22,6,2,4,2c.csv
22,4,4,0,2d.csv
22,1,0,1,2e.csv
22,2,2,0,2f.csv
22,0,0,0,2g.csv
22,0,0,0,2h.csv
22,0,0,0,2i.csv
22,3,2,1,2j.csv
22,1,1,0,2k.csv
22,10,4,6,2l.csv
22,59,49,10,3a.csv
22,45,38,7,3b.csv
22,12,8,4,3c.csv
22,12,8,4,3d.csv
22,11,8,3,3e.csv
22,22,19,3,3f.csv
22,7,4,3,3g.csv
23,40,28,12,1a.csv
23,32,29,3,1b.csv
23,5,5,0,1c.csv
23,1,0,1,1e.csv
23,14,11,3,1f.csv
23,1,1,0,1g.csv
23,4,4,0,1h.csv
23,1,1,0,1i.csv
23,2,1,1,1j.csv
23,0,0,0,1k.csv
23,11,9,2,1l.csv
23,1,0,1,1m.csv
23,9,7,2,2a.csv
23,0,0,0,2b.csv
23,6,2,4,2c.csv
23,5,5,0,2d.csv
23,1,0,1,2e.csv
23,2,2,0,2f.csv
23,0,0,0,2g.csv
23,0,0,0,2h.csv
23,0,0,0,2i.csv
23,3,2,1,2j.csv
23,1,1,0,2k.csv
23,12,6,6,2l.csv
23,55,47,8,3a.csv
23,40,34,6,3b.csv
23,11,8,3,3c.csv
23,11,8,3,3d.csv
23,10,7,3,3e.csv
23,22,19,3,3f.csv
23,5,3,2,3g.csv
24,39,29,10,1a.csv
24,36,32,4,1b.csv
24,6,6,0,1c.csv
24,1,0,1,1e.csv
24,9,7,2,1f.csv
24,1,1,0,1g.csv
24,4,4,0,1h.csv
24,1,1,0,1i.csv
24,2,1,1,1j.csv
24,0,0,0,1k.csv
24,11,9,2,1l.csv
24,2,1,1,1m.csv
24,11,10,1,2a.csv
24,0,0,0,2b.csv
24,4,2,2,2c.csv
24,4,4,0,2d.csv
24,2,0,2,2e.csv
24,1,1,0,2f.csv
24,0,0,0,2g.csv
24,0,0,0,2h.csv
24,0,0,0,2i.csv
24,3,2,1,2j.csv
24,1,1,0,2k.csv
24,12,6,6,2l.csv
24,52,43,9,3a.csv
24,39,34,5,3b.csv
24,11,7,4,3c.csv
24,11,7,4,3d.csv
24,8,6,2,3e.csv
24,20,19,1,3f.csv
24,5,3,2,3g.csv
25,34,26,8,1a.csv
25,44,40,4,1b.csv
25,6,6,0,1c.csv
25,1,0,1,1e.csv
25,6,5,1,1f.csv
25,1,1,0,1g.csv
25,4,4,0,1h.csv
25,1,1,0,1i.csv
25,2,1,1,1j.csv
25,0,0,0,1k.csv
25,12,11,1,1l.csv
25,2,1,1,1m.csv
25,12,11,1,2a.csv
25,0,0,0,2b.csv
25,5,3,2,2c.csv
25,4,4,0,2d.csv
25,2,0,2,2e.csv
25,1,1,0,2f.csv
25,0,0,0,2g.csv
25,0,0,0,2h.csv
25,0,0,0,2i.csv
25,3,2,1,2j.csv
25,1,1,0,2k.csv
25,14,9,5,2l.csv
25,47,37,10,3a.csv
25,33,27,6,3b.csv
25,11,7,4,3c.csv
25,11,7,4,3d.csv
25,10,8,2,3e.csv
25,19,17,2,3f.csv
25,5,3,2,3g.csv
26,32,26,6,1a.csv
26,48,43,5,1b.csv
26,5,5,0,1c.csv
26,1,0,1,1e.csv
26,5,4,1,1f.csv
26,1,1,0,1g.csv
26,4,4,0,1h.csv
26,1,1,0,1i.csv
26,2,1,1,1j.csv
26,0,0,0,1k.csv
26,13,12,1,1l.csv
26,1,1,0,1m.csv
26,10,9,1,2a.csv
26,0,0,0,2b.csv
26,4,3,1,2c.csv
26,5,4,1,2d.csv
26,2,0,2,2e.csv
26,1,1,0,2f.csv
26,0,0,0,2g.csv
26,0,0,0,2h.csv
26,0,0,0,2i.csv
26,3,2,1,2j.csv
26,1,1,0,2k.csv
26,14,9,5,2l.csv
26,51,41,10,3a.csv
26,31,25,6,3b.csv
26,11,8,3,3c.csv
26,11,8,3,3d.csv
26,12,8,4,3e.csv
26,21,18,3,3f.csv
26,4,2,2,3g.csv
27,29,24,5,1a.csv
27,50,44,6,1b.csv
27,4,4,0,1c.csv
27,0,0,0,1e.csv
27,2,2,0,1f.csv
27,1,1,0,1g.csv
27,5,5,0,1h.csv
27,1,1,0,1i.csv
27,2,1,1,1j.csv
27,0,0,0,1k.csv
27,12,11,1,1l.csv
27,1,1,0,1m.csv
27,12,10,2,2a.csv
27,0,0,0,2b.csv
27,4,3,1,2c.csv
27,7,6,1,2d.csv
27,3,0,3,2e.csv
27,1,1,0,2f.csv
27,0,0,0,2g.csv
27,0,0,0,2h.csv
27,0,0,0,2i.csv
27,3,2,1,2j.csv
27,2,1,1,2k.csv
27,16,9,7,2l.csv
27,49,40,9,3a.csv
27,25,21,4,3b.csv
27,14,11,3,3c.csv
27,14,11,3,3d.csv
27,10,7,3,3e.csv
27,22,20,2,3f.csv
27,6,3,3,3g.csv
28,31,27,4,1a.csv
28,57,48,9,1b.csv
28,4,4,0,1c.csv
28,0,0,0,1e.csv
28,2,2,0,1f.csv
28,1,1,0,1g.csv
28,5,5,0,1h.csv
28,1,1,0,1i.csv
28,1,1,0,1j.csv
28,0,0,0,1k.csv
28,9,9,0,1l.csv
28,3,3,0,1m.csv
28,10,9,1,2a.csv
28,0,0,0,2b.csv
28,3,2,1,2c.csv
28,7,6,1,2d.csv
28,4,1,3,2e.csv
28,0,0,0,2f.csv
28,0,0,0,2g.csv
28,0,0,0,2h.csv
28,0,0,0,2i.csv
28,2,2,0,2j.csv
28,2,1,1,2k.csv
28,16,10,6,2l.csv
28,52,40,12,3a.csv
28,26,22,4,3b.csv
28,14,12,2,3c.csv
28,14,12,2,3d.csv
28,10,6,4,3e.csv
28,20,16,4,3f.csv
28,6,3,3,3g.csv
29,30,26,4,1a.csv
29,47,39,8,1b.csv
29,4,4,0,1c.csv
29,0,0,0,1e.csv
29,2,2,0,1f.csv
29,0,0,0,1g.csv
29,4,4,0,1h.csv
29,0,0,0,1i.csv
29,1,1,0,1j.csv
29,0,0,0,1k.csv
29,8,8,0,1l.csv
29,3,3,0,1m.csv
29,10,9,1,2a.csv
29,0,0,0,2b.csv
29,3,2,1,2c.csv
29,7,6,1,2d.csv
29,5,2,3,2e.csv
29,0,0,0,2f.csv
29,0,0,0,2g.csv
29,0,0,0,2h.csv
29,0,0,0,2i.csv
29,2,2,0,2j.csv
29,1,0,1,2k.csv
29,14,9,5,2l.csv
29,51,39,12,3a.csv
29,26,22,4,3b.csv
29,13,11,2,3c.csv
29,13,11,2,3d.csv
29,10,6,4,3e.csv
29,18,14,4,3f.csv
29,6,3,3,3g.csv
30,34,28,6,1a.csv
30,40,31,9,1b.csv
30,4,4,0,1c.csv
30,0,0,0,1e.csv
30,2,2,0,1f.csv
30,1,1,0,1g.csv
30,5,4,1,1h.csv
30,0,0,0,1i.csv
30,1,1,0,1j.csv
30,0,0,0,1k.csv
30,8,8,0,1l.csv
30,3,3,0,1m.csv
30,9,8,1,2a.csv
30,0,0,0,2b.csv
30,1,1,0,2c.csv
30,7,6,1,2d.csv
30,4,2,2,2e.csv
30,0,0,0,2f.csv
30,0,0,0,2g.csv
30,0,0,0,2h.csv
30,0,0,0,2i.csv
30,1,1,0,2j.csv
30,1,0,1,2k.csv
30,13,8,5,2l.csv
30,54,41,13,3a.csv
30,24,20,4,3b.csv
30,12,10,2,3c.csv
30,12,10,2,3d.csv
30,9,5,4,3e.csv
30,15,11,4,3f.csv
30,5,4,1,3g.csv
31,32,26,6,1a.csv
31,40,30,10,1b.csv
31,3,3,0,1c.csv
31,0,0,0,1e.csv
31,0,0,0,1f.csv
31,1,1,0,1g.csv
31,3,2,1,1h.csv
31,0,0,0,1i.csv
31,0,0,0,1j.csv
31,1,1,0,1k.csv
31,12,12,0,1l.csv
31,4,4,0,1m.csv
31,8,7,1,2a.csv
31,0,0,0,2b.csv
31,2,2,0,2c.csv
31,6,5,1,2d.csv
31,5,2,3,2e.csv
31,0,0,0,2f.csv
31,0,0,0,2g.csv
31,0,0,0,2h.csv
31,0,0,0,2i.csv
31,1,1,0,2j.csv
31,1,0,1,2k.csv
31,9,5,4,2l.csv
31,51,39,12,3a.csv
31,29,22,7,3b.csv
31,12,10,2,3c.csv
31,12,10,2,3d.csv
31,9,5,4,3e.csv
31,17,13,4,3f.csv
31,6,5,1,3g.csv
32,35,28,7,1a.csv
32,41,30,11,1b.csv
32,2,2,0,1c.csv
32,0,0,0,1e.csv
32,1,1,0,1f.csv
32,1,1,0,1g.csv
32,5,3,2,1h.csv
32,0,0,0,1i.csv
32,0,0,0,1j.csv
32,1,1,0,1k.csv
32,13,13,0,1l.csv
32,3,3,0,1m.csv
32,6,5,1,2a.csv
32,0,0,0,2b.csv
32,4,2,2,2c.csv
32,6,5,1,2d.csv
32,5,3,2,2e.csv
32,0,0,0,2f.csv
32,0,0,0,2g.csv
32,0,0,0,2h.csv
32,0,0,0,2i.csv
32,1,1,0,2j.csv
32,1,0,1,2k.csv
32,9,5,4,2l.csv
32,47,35,12,3a.csv
32,30,23,7,3b.csv
32,12,10,2,3c.csv
32,12,10,2,3d.csv
32,11,6,5,3e.csv
32,17,13,4,3f.csv
32,6,5,1,3g.csv
33,39,31,8,1a.csv
33,36,23,13,1b.csv
33,2,2,0,1c.csv
33,0,0,0,1e.csv
33,1,1,0,1f.csv
33,1,1,0,1g.csv
33,4,2,2,1h.csv
33,0,0,0,1i.csv
33,0,0,0,1j.csv
33,1,1,0,1k.csv
33,13,13,0,1l.csv
33,3,3,0,1m.csv
33,5,4,1,2a.csv
33,0,0,0,2b.csv
33,3,1,2,2c.csv
33,6,5,1,2d.csv
33,5,3,2,2e.csv
33,0,0,0,2f.csv
33,0,0,0,2g.csv
33,0,0,0,2h.csv
33,0,0,0,2i.csv
33,1,1,0,2j.csv
33,1,0,1,2k.csv
33,5,2,3,2l.csv
33,45,33,12,3a.csv
33,33,27,6,3b.csv
33,12,10,2,3c.csv
33,12,10,2,3d.csv
33,10,4,6,3e.csv
33,15,11,4,3f.csv
33,8,6,2,3g.csv
34,40,31,9,1a.csv
34,31,19,12,1b.csv
34,2,2,0,1c.csv
34,0,0,0,1e.csv
34,1,1,0,1f.csv
34,1,1,0,1g.csv
34,5,2,3,1h.csv
34,0,0,0,1i.csv
34,0,0,0,1j.csv
34,1,1,0,1k.csv
34,14,14,0,1l.csv
34,3,3,0,1m.csv
34,5,4,1,2a.csv
34,0,0,0,2b.csv
34,3,1,2,2c.csv
34,4,4,0,2d.csv
34,5,3,2,2e.csv
34,0,0,0,2f.csv
34,1,1,0,2g.csv
34,0,0,0,2h.csv
34,0,0,0,2i.csv
34,0,0,0,2j.csv
34,1,0,1,2k.csv
34,5,3,2,2l.csv
34,43,29,14,3a.csv
34,35,28,7,3b.csv
34,10,9,1,3c.csv
34,10,9,1,3d.csv
34,8,4,4,3e.csv
34,11,8,3,3f.csv
34,9,7,2,3g.csv
35,39,30,9,1a.csv
35,33,22,11,1b.csv
35,2,2,0,1c.csv
35,0,0,0,1e.csv
35,1,1,0,1f.csv
35,1,1,0,1g.csv
35,5,1,4,1h.csv
35,0,0,0,1i.csv
35,1,1,0,1j.csv
35,1,1,0,1k.csv
35,13,12,1,1l.csv
35,4,4,0,1m.csv
35,5,4,1,2a.csv
35,0,0,0,2b.csv
35,3,1,2,2c.csv
35,1,1,0,2d.csv
35,4,3,1,2e.csv
35,0,0,0,2f.csv
35,1,1,0,2g.csv
35,0,0,0,2h.csv
35,0,0,0,2i.csv
35,0,0,0,2j.csv
35,0,0,0,2k.csv
35,4,4,0,2l.csv
35,43,29,14,3a.csv
35,35,29,6,3b.csv
35,8,7,1,3c.csv
35,8,7,1,3d.csv
35,10,6,4,3e.csv
35,12,7,5,3f.csv
35,7,6,1,3g.csv
36,37,27,10,1a.csv
36,29,21,8,1b.csv
36,0,0,0,1c.csv
36,0,0,0,1e.csv
36,1,1,0,1f.csv
36,2,2,0,1g.csv
36,6,1,5,1h.csv
36,0,0,0,1i.csv
36,2,1,1,1j.csv
36,1,1,0,1k.csv
36,14,13,1,1l.csv
36,2,2,0,1m.csv
36,5,4,1,2a.csv
36,0,0,0,2b.csv
36,3,1,2,2c.csv
36,1,1,0,2d.csv
36,3,2,1,2e.csv
36,0,0,0,2f.csv
36,1,1,0,2g.csv
36,0,0,0,2h.csv
36,0,0,0,2i.csv
36,1,1,0,2j.csv
36,0,0,0,2k.csv
36,3,3,0,2l.csv
36,40,27,13,3a.csv
36,35,28,7,3b.csv
36,6,5,1,3c.csv
36,6,5,1,3d.csv
36,11,8,3,3e.csv
36,12,9,3,3f.csv
36,7,6,1,3g.csv
37,35,26,9,1a.csv
37,28,19,9,1b.csv
37,0,0,0,1c.csv
37,0,0,0,1e.csv
37,1,1,0,1f.csv
37,2,2,0,1g.csv
37,8,2,6,1h.csv
37,0,0,0,1i.csv
37,2,1,1,1j.csv
37,1,1,0,1k.csv
37,15,14,1,1l.csv
37,3,3,0,1m.csv
37,5,4,1,2a.csv
37,0,0,0,2b.csv
37,4,1,3,2c.csv
37,0,0,0,2d.csv
37,2,1,1,2e.csv
37,0,0,0,2f.csv
37,1,1,0,2g.csv
37,0,0,0,2h.csv
37,0,0,0,2i.csv
37,1,1,0,2j.csv
37,0,0,0,2k.csv
37,3,3,0,2l.csv
37,38,27,11,3a.csv
37,37,30,7,3b.csv
37,7,6,1,3c.csv
37,7,6,1,3d.csv
37,11,9,2,3e.csv
37,10,7,3,3f.csv
37,7,6,1,3g.csv
38,28,21,7,1a.csv
38,31,21,10,1b.csv
38,1,1,0,1c.csv
38,1,0,1,1e.csv
38,1,1,0,1f.csv
38,2,1,1,1g.csv
38,7,2,5,1h.csv
38,0,0,0,1i.csv
38,2,1,1,1j.csv
38,1,1,0,1k.csv
38,14,13,1,1l.csv
38,4,4,0,1m.csv
38,5,4,1,2a.csv
38,0,0,0,2b.csv
38,5,2,3,2c.csv
38,0,0,0,2d.csv
38,2,1,1,2e.csv
38,0,0,0,2f.csv
38,1,1,0,2g.csv
38,0,0,0,2h.csv
38,0,0,0,2i.csv
38,1,1,0,2j.csv
38,1,1,0,2k.csv
38,5,4,1,2l.csv
38,35,26,9,3a.csv
38,33,26,7,3b.csv
38,7,6,1,3c.csv
38,7,6,1,3d.csv
38,11,9,2,3e.csv
38,11,8,3,3f.csv
38,7,6,1,3g.csv
39,22,17,5,1a.csv
39,30,20,10,1b.csv
39,1,1,0,1c.csv
39,1,0,1,1e.csv
39,0,0,0,1f.csv
39,2,1,1,1g.csv
39,7,2,5,1h.csv
39,0,0,0,1i.csv
39,2,1,1,1j.csv
39,0,0,0,1k.csv
39,11,10,1,1l.csv
39,3,3,0,1m.csv
39,5,4,1,2a.csv
39,0,0,0,2b.csv
39,4,1,3,2c.csv
39,0,0,0,2d.csv
39,1,1,0,2e.csv
39,0,0,0,2f.csv
39,1,1,0,2g.csv
39,0,0,0,2h.csv
39,0,0,0,2i.csv
39,1,1,0,2j.csv
39,1,1,0,2k.csv
39,6,5,1,2l.csv
39,32,23,9,3a.csv
39,29,26,3,3b.csv
39,8,6,2,3c.csv
39,8,6,2,3d.csv
39,10,7,3,3e.csv
39,11,8,3,3f.csv
39,6,5,1,3g.csv
40,16,13,3,1a.csv
40,31,21,10,1b.csv
40,1,1,0,1c.csv
40,1,0,1,1e.csv
40,1,1,0,1f.csv
40,2,1,1,1g.csv
40,7,2,5,1h.csv
40,0,0,0,1i.csv
40,2,1,1,1j.csv
40,0,0,0,1k.csv
40,10,9,1,1l.csv
40,3,3,0,1m.csv
40,4,3,1,2a.csv
40,0,0,0,2b.csv
40,2,1,1,2c.csv
40,1,0,1,2d.csv
40,1,0,1,2e.csv
40,0,0,0,2f.csv
40,1,1,0,2g.csv
40,0,0,0,2h.csv
40,0,0,0,2i.csv
40,1,1,0,2j.csv
40,1,1,0,2k.csv
40,6,5,1,2l.csv
40,33,25,8,3a.csv
40,24,20,4,3b.csv
40,6,5,1,3c.csv
40,6,5,1,3d.csv
40,8,6,2,3e.csv
40,8,5,3,3f.csv
40,9,6,3,3g.csv
41,13,11,2,1a.csv
41,29,21,8,1b.csv
41,2,2,0,1c.csv
41,1,0,1,1e.csv
41,1,1,0,1f.csv
41,2,1,1,1g.csv
41,8,3,5,1h.csv
41,0,0,0,1i.csv
41,2,1,1,1j.csv
41,0,0,0,1k.csv
41,8,6,2,1l.csv
41,5,4,1,1m.csv
41,6,5,1,2a.csv
41,1,1,0,2b.csv
41,2,1,1,2c.csv
41,1,0,1,2d.csv
41,1,0,1,2e.csv
41,0,0,0,2f.csv
41,1,1,0,2g.csv
41,0,0,0,2h.csv
41,0,0,0,2i.csv
41,2,2,0,2j.csv
41,1,1,0,2k.csv
41,8,7,1,2l.csv
41,35,28,7,3a.csv
41,22,17,5,3b.csv
41,5,4,1,3c.csv
41,5,4,1,3d.csv
41,10,8,2,3e.csv
41,9,7,2,3f.csv
41,8,5,3,3g.csv
42,14,13,1,1a.csv
42,31,23,8,1b.csv
42,2,2,0,1c.csv
42,2,0,2,1e.csv
42,2,2,0,1f.csv
42,2,1,1,1g.csv
42,7,3,4,1h.csv
42,0,0,0,1i.csv
42,2,1,1,1j.csv
42,0,0,0,1k.csv
42,7,4,3,1l.csv
42,5,4,1,1m.csv
42,5,4,1,2a.csv
42,1,1,0,2b.csv
42,4,3,1,2c.csv
42,1,0,1,2d.csv
42,2,1,1,2e.csv
42,0,0,0,2f.csv
42,0,0,0,2g.csv
42,0,0,0,2h.csv
42,0,0,0,2i.csv
42,2,2,0,2j.csv
42,1,1,0,2k.csv
42,7,6,1,2l.csv
42,31,25,6,3a.csv
42,21,16,5,3b.csv
42,6,5,1,3c.csv
42,6,5,1,3d.csv
42,11,8,3,3e.csv
42,9,7,2,3f.csv
42,8,5,3,3g.csv
43,14,13,1,1a.csv
43,28,21,7,1b.csv
43,2,2,0,1c.csv
43,2,0,2,1e.csv
43,2,2,0,1f.csv
43,2,1,1,1g.csv
43,8,3,5,1h.csv
43,0,0,0,1i.csv
43,1,0,1,1j.csv
43,1,1,0,1k.csv
43,7,5,2,1l.csv
43,5,4,1,1m.csv
43,4,4,0,2a.csv
43,1,1,0,2b.csv
43,4,3,1,2c.csv
43,1,0,1,2d.csv
43,2,1,1,2e.csv
43,0,0,0,2f.csv
43,0,0,0,2g.csv
43,0,0,0,2h.csv
43,0,0,0,2i.csv
43,2,2,0,2j.csv
43,1,1,0,2k.csv
43,7,6,1,2l.csv
43,36,26,10,3a.csv
43,20,15,5,3b.csv
43,6,5,1,3c.csv
43,6,5,1,3d.csv
43,9,6,3,3e.csv
43,10,10,0,3f.csv
43,8,5,3,3g.csv
44,10,10,0,1a.csv
44,24,17,7,1b.csv
44,2,2,0,1c.csv
44,2,0,2,1e.csv
44,3,3,0,1f.csv
44,2,1,1,1g.csv
44,8,3,5,1h.csv
44,1,1,0,1i.csv
44,0,0,0,1j.csv
44,1,1,0,1k.csv
44,10,7,3,1l.csv
44,5,4,1,1m.csv
44,5,5,0,2a.csv
44,1,1,0,2b.csv
44,4,3,1,2c.csv
44,1,0,1,2d.csv
44,2,1,1,2e.csv
44,1,1,0,2f.csv
44,0,0,0,2g.csv
44,0,0,0,2h.csv
44,0,0,0,2i.csv
44,1,1,0,2j.csv
44,1,1,0,2k.csv
44,7,6,1,2l.csv
44,37,27,10,3a.csv
44,23,19,4,3b.csv
44,8,6,2,3c.csv
44,8,6,2,3d.csv
44,8,5,3,3e.csv
44,11,11,0,3f.csv
44,8,5,3,3g.csv
45,10,10,0,1a.csv
45,25,19,6,1b.csv
45,2,2,0,1c.csv
45,2,0,2,1e.csv
45,5,4,1,1f.csv
45,2,1,1,1g.csv
45,6,2,4,1h.csv
45,1,1,0,1i.csv
45,0,0,0,1j.csv
45,1,1,0,1k.csv
45,8,5,3,1l.csv
45,4,3,1,1m.csv
45,4,4,0,2a.csv
45,1,1,0,2b.csv
45,3,3,0,2c.csv
45,1,0,1,2d.csv
45,2,1,1,2e.csv
45,1,1,0,2f.csv
45,0,0,0,2g.csv
45,0,0,0,2h.csv
45,0,0,0,2i.csv
45,1,1,0,2j.csv
45,1,1,0,2k.csv
45,7,6,1,2l.csv
45,37,28,9,3a.csv
45,19,16,3,3b.csv
45,7,5,2,3c.csv
45,7,5,2,3d.csv
45,8,4,4,3e.csv
45,12,12,0,3f.csv
45,7,4,3,3g.csv
46,11,11,0,1a.csv
46,26,19,7,1b.csv
46,2,1,1,1c.csv
46,1,0,1,1e.csv
46,5,4,1,1f.csv
46,1,1,0,1g.csv
46,7,3,4,1h.csv
46,1,1,0,1i.csv
46,0,0,0,1j.csv
46,1,1,0,1k.csv
46,8,5,3,1l.csv
46,5,4,1,1m.csv
46,4,4,0,2a.csv
46,1,1,0,2b.csv
46,2,2,0,2c.csv
46,1,0,1,2d.csv
46,2,1,1,2e.csv
46,2,2,0,2f.csv
46,1,1,0,2g.csv
46,0,0,0,2h.csv
46,0,0,0,2i.csv
46,1,1,0,2j.csv
46,0,0,0,2k.csv
46,5,4,1,2l.csv
46,38,29,9,3a.csv
46,26,23,3,3b.csv
46,8,6,2,3c.csv
46,8,6,2,3d.csv
46,9,5,4,3e.csv
46,16,16,0,3f.csv
46,6,3,3,3g.csv
47,11,11,0,1a.csv
47,26,19,7,1b.csv
47,2,1,1,1c.csv
47,1,0,1,1e.csv
47,5,4,1,1f.csv
47,1,1,0,1g.csv
47,7,3,4,1h.csv
47,1,1,0,1i.csv
47,0,0,0,1j.csv
47,1,1,0,1k.csv
47,7,4,3,1l.csv
47,5,4,1,1m.csv
47,5,5,0,2a.csv
47,3,2,1,2b.csv
47,2,2,0,2c.csv
47,1,0,1,2d.csv
47,2,1,1,2e.csv
47,2,2,0,2f.csv
47,1,1,0,2g.csv
47,0,0,0,2h.csv
47,0,0,0,2i.csv
47,1,1,0,2j.csv
47,0,0,0,2k.csv
47,7,5,2,2l.csv
47,41,31,10,3a.csv
47,28,25,3,3b.csv
47,7,5,2,3c.csv
47,7,5,2,3d.csv
47,9,6,3,3e.csv
47,15,15,0,3f.csv
47,7,3,4,3g.csv
48,10,10,0,1a.csv
48,21,15,6,1b.csv
48,2,1,1,1c.csv
48,1,0,1,1e.csv
48,4,3,1,1f.csv
48,1,1,0,1g.csv
48,5,2,3,1h.csv
48,1,1,0,1i.csv
48,0,0,0,1j.csv
48,2,2,0,1k.csv
48,7,4,3,1l.csv
48,5,4,1,1m.csv
48,5,5,0,2a.csv
48,3,2,1,2b.csv
48,3,2,1,2c.csv
48,0,0,0,2d.csv
48,1,1,0,2e.csv
48,2,2,0,2f.csv
48,1,1,0,2g.csv
48,0,0,0,2h.csv
48,0,0,0,2i.csv
48,1,1,0,2j.csv
48,0,0,0,2k.csv
48,7,5,2,2l.csv
48,43,33,10,3a.csv
48,29,27,2,3b.csv
48,7,5,2,3c.csv
48,7,5,2,3d.csv
48,11,8,3,3e.csv
48,16,16,0,3f.csv
48,6,3,3,3g.csv
49,11,11,0,1a.csv
49,27,18,9,1b.csv
49,1,0,1,1c.csv
49,1,0,1,1e.csv
49,4,3,1,1f.csv
49,1,1,0,1g.csv
49,4,1,3,1h.csv
49,1,1,0,1i.csv
49,0,0,0,1j.csv
49,2,2,0,1k.csv
49,7,5,2,1l.csv
49,4,3,1,1m.csv
49,3,3,0,2a.csv
49,2,1,1,2b.csv
49,3,2,1,2c.csv
49,0,0,0,2d.csv
49,1,1,0,2e.csv
49,2,2,0,2f.csv
49,1,1,0,2g.csv
49,0,0,0,2h.csv
49,0,0,0,2i.csv
49,0,0,0,2j.csv
49,0,0,0,2k.csv
49,5,3,2,2l.csv
49,38,29,9,3a.csv
49,30,29,1,3b.csv
49,7,5,2,3c.csv
49,7,5,2,3d.csv
49,8,5,3,3e.csv
49,14,14,0,3f.csv
49,6,3,3,3g.csv
50,9,9,0,1a.csv
50,26,17,9,1b.csv
50,1,0,1,1c.csv
50,0,0,0,1e.csv
50,4,3,1,1f.csv
50,1,1,0,1g.csv
50,4,1,3,1h.csv
50,1,1,0,1i.csv
50,0,0,0,1j.csv
50,2,2,0,1k.csv
50,7,6,1,1l.csv
50,6,5,1,1m.csv
50,3,3,0,2a.csv
50,2,1,1,2b.csv
50,3,1,2,2c.csv
50,0,0,0,2d.csv
50,0,0,0,2e.csv
50,2,2,0,2f.csv
50,1,1,0,2g.csv
50,0,0,0,2h.csv
50,0,0,0,2i.csv
50,1,1,0,2j.csv
50,0,0,0,2k.csv
50,5,3,2,2l.csv
50,40,31,9,3a.csv
50,32,31,1,3b.csv
50,7,5,2,3c.csv
50,7,5,2,3d.csv
50,8,6,2,3e.csv
50,18,17,1,3f.csv
50,4,1,3,3g.csv
51,9,9,0,1a.csv
51,25,14,11,1b.csv
51,2,1,1,1c.csv
51,0,0,0,1e.csv
51,5,3,2,1f.csv
51,2,2,0,1g.csv
51,2,1,1,1h.csv
51,1,1,0,1i.csv
51,0,0,0,1j.csv
51,1,1,0,1k.csv
51,7,6,1,1l.csv
51,5,4,1,1m.csv
51,5,5,0,2a.csv
51,3,1,2,2b.csv
51,3,1,2,2c.csv
51,0,0,0,2d.csv
51,0,0,0,2e.csv
51,3,2,1,2f.csv
51,1,1,0,2g.csv
51,0,0,0,2h.csv
51,0,0,0,2i.csv
51,1,1,0,2j.csv
51,0,0,0,2k.csv
51,4,2,2,2l.csv
51,32,27,5,3a.csv
51,33,32,1,3b.csv
51,7,5,2,3c.csv
51,7,5,2,3d.csv
51,8,6,2,3e.csv
51,15,14,1,3f.csv
51,5,1,4,3g.csv
52,12,12,0,1a.csv
52,29,15,14,1b.csv
52,3,2,1,1c.csv
52,0,0,0,1e.csv
52,4,2,2,1f.csv
52,1,1,0,1g.csv
52,1,1,0,1h.csv
52,0,0,0,1i.csv
52,0,0,0,1j.csv
52,1,1,0,1k.csv
52,5,4,1,1l.csv
52,5,4,1,1m.csv
52,4,4,0,2a.csv
52,3,1,2,2b.csv
52,3,1,2,2c.csv
52,1,1,0,2d.csv
52,0,0,0,2e.csv
52,2,1,1,2f.csv
52,1,1,0,2g.csv
52,0,0,0,2h.csv
52,0,0,0,2i.csv
52,1,1,0,2j.csv
52,1,0,1,2k.csv
52,4,2,2,2l.csv
52,31,26,5,3a.csv
52,34,32,2,3b.csv
52,5,4,1,3c.csv
52,5,4,1,3d.csv
52,7,5,2,3e.csv
52,12,11,1,3f.csv
52,6,2,4,3g.csv
53,12,11,1,1a.csv
53,31,16,15,1b.csv
53,3,2,1,1c.csv
53,1,1,0,1e.csv
53,2,1,1,1f.csv
53,1,1,0,1g.csv
53,2,2,0,1h.csv
53,1,1,0,1i.csv
53,0,0,0,1j.csv
53,2,1,1,1k.csv
53,8,7,1,1l.csv
53,6,5,1,1m.csv
53,4,4,0,2a.csv
53,5,1,4,2b.csv
53,4,2,2,2c.csv
53,1,1,0,2d.csv
53,0,0,0,2e.csv
53,2,1,1,2f.csv
53,1,1,0,2g.csv
53,0,0,0,2h.csv
53,0,0,0,2i.csv
53,2,1,1,2j.csv
53,1,0,1,2k.csv
53,4,2,2,2l.csv
53,31,24,7,3a.csv
53,35,33,2,3b.csv
53,7,5,2,3c.csv
53,7,5,2,3d.csv
53,6,5,1,3e.csv
53,13,11,2,3f.csv
53,6,2,4,3g.csv
54,12,10,2,1a.csv
54,26,14,12,1b.csv
54,2,2,0,1c.csv
54,1,1,0,1e.csv
54,3,2,1,1f.csv
54,1,1,0,1g.csv
54,1,1,0,1h.csv
54,1,1,0,1i.csv
54,0,0,0,1j.csv
54,2,1,1,1k.csv
54,10,9,1,1l.csv
54,4,3,1,1m.csv
54,4,4,0,2a.csv
54,6,1,5,2b.csv
54,5,3,2,2c.csv
54,1,1,0,2d.csv
54,0,0,0,2e.csv
54,1,0,1,2f.csv
54,0,0,0,2g.csv
54,0,0,0,2h.csv
54,0,0,0,2i.csv
54,2,1,1,2j.csv
54,1,0,1,2k.csv
54,4,3,1,2l.csv
54,27,20,7,3a.csv
54,32,30,2,3b.csv
54,7,5,2,3c.csv
54,7,5,2,3d.csv
54,7,6,1,3e.csv
54,10,8,2,3f.csv
54,8,3,5,3g.csv
55,13,11,2,1a.csv
55,24,13,11,1b.csv
55,2,2,0,1c.csv
55,1,1,0,1e.csv
55,3,2,1,1f.csv
55,1,1,0,1g.csv
55,1,1,0,1h.csv
55,1,1,0,1i.csv
55,0,0,0,1j.csv
55,2,1,1,1k.csv
55,10,9,1,1l.csv
55,6,5,1,1m.csv
55,3,3,0,2a.csv
55,5,0,5,2b.csv
55,5,3,2,2c.csv
55,1,1,0,2d.csv
55,0,0,0,2e.csv
55,2,1,1,2f.csv
55,0,0,0,2g.csv
55,0,0,0,2h.csv
55,0,0,0,2i.csv
55,2,1,1,2j.csv
55,2,1,1,2k.csv
55,1,1,0,2l.csv
55,33,24,9,3a.csv
55,31,28,3,3b.csv
55,7,6,1,3c.csv
55,7,6,1,3d.csv
55,8,7,1,3e.csv
55,9,7,2,3f.csv
55,7,3,4,3g.csv
56,15,13,2,1a.csv
56,25,14,11,1b.csv
56,2,2,0,1c.csv
56,1,1,0,1e.csv
56,3,2,1,1f.csv
56,1,1,0,1g.csv
56,1,1,0,1h.csv
56,1,1,0,1i.csv
56,0,0,0,1j.csv
56,1,0,1,1k.csv
56,13,10,3,1l.csv
56,6,5,1,1m.csv
56,3,3,0,2a.csv
56,5,0,5,2b.csv
56,4,3,1,2c.csv
56,1,1,0,2d.csv
56,0,0,0,2e.csv
56,3,2,1,2f.csv
56,0,0,0,2g.csv
56,0,0,0,2h.csv
56,0,0,0,2i.csv
56,2,1,1,2j.csv
56,2,1,1,2k.csv
56,1,1,0,2l.csv
56,31,21,10,3a.csv
56,34,31,3,3b.csv
56,12,8,4,3c.csv
56,12,8,4,3d.csv
56,7,6,1,3e.csv
56,10,7,3,3f.csv
56,5,2,3,3g.csv
57,14,12,2,1a.csv
57,20,12,8,1b.csv
57,3,3,0,1c.csv
57,1,1,0,1e.csv
57,3,2,1,1f.csv
57,2,2,0,1g.csv
57,1,1,0,1h.csv
57,1,1,0,1i.csv
57,0,0,0,1j.csv
57,1,0,1,1k.csv
57,14,9,5,1l.csv
57,5,5,0,1m.csv
57,5,5,0,2a.csv
57,9,3,6,2b.csv
57,4,3,1,2c.csv
57,2,2,0,2d.csv
57,0,0,0,2e.csv
57,3,2,1,2f.csv
57,0,0,0,2g.csv
57,0,0,0,2h.csv
57,0,0,0,2i.csv
57,2,1,1,2j.csv
57,2,1,1,2k.csv
57,1,1,0,2l.csv
57,31,21,10,3a.csv
57,37,34,3,3b.csv
57,11,7,4,3c.csv
57,11,7,4,3d.csv
57,9,9,0,3e.csv
57,12,8,4,3f.csv
57,4,2,2,3g.csv
58,14,12,2,1a.csv
58,19,11,8,1b.csv
58,4,3,1,1c.csv
58,2,2,0,1e.csv
58,2,1,1,1f.csv
58,2,2,0,1g.csv
58,1,1,0,1h.csv
58,1,1,0,1i.csv
58,0,0,0,1j.csv
58,1,0,1,1k.csv
58,13,8,5,1l.csv
58,4,4,0,1m.csv
58,6,6,0,2a.csv
58,11,4,7,2b.csv
58,2,2,0,2c.csv
58,2,2,0,2d.csv
58,0,0,0,2e.csv
58,4,3,1,2f.csv
58,0,0,0,2g.csv
58,0,0,0,2h.csv
58,0,0,0,2i.csv
58,1,0,1,2j.csv
58,2,1,1,2k.csv
58,1,1,0,2l.csv
58,29,19,10,3a.csv
58,38,36,2,3b.csv
58,13,9,4,3c.csv
58,13,9,4,3d.csv
58,9,8,1,3e.csv
58,8,5,3,3f.csv
58,4,2,2,3g.csv
59,15,11,4,1a.csv
59,15,10,5,1b.csv
59,3,2,1,1c.csv
59,2,2,0,1e.csv
59,2,2,0,1f.csv
59,1,1,0,1g.csv
59,1,1,0,1h.csv
59,1,1,0,1i.csv
59,0,0,0,1j.csv
59,1,0,1,1k.csv
59,14,8,6,1l.csv
59,4,4,0,1m.csv
59,3,3,0,2a.csv
59,14,6,8,2b.csv
59,2,2,0,2c.csv
59,2,2,0,2d.csv
59,0,0,0,2e.csv
59,4,4,0,2f.csv
59,0,0,0,2g.csv
59,0,0,0,2h.csv
59,0,0,0,2i.csv
59,2,1,1,2j.csv
59,2,1,1,2k.csv
59,2,2,0,2l.csv
59,31,20,11,3a.csv
59,41,39,2,3b.csv
59,12,8,4,3c.csv
59,12,8,4,3d.csv
59,10,9,1,3e.csv
59,8,5,3,3f.csv
59,3,2,1,3g.csv
60,12,8,4,1a.csv
60,11,9,2,1b.csv
60,2,1,1,1c.csv
60,2,2,0,1e.csv
60,2,2,0,1f.csv
60,1,1,0,1g.csv
60,1,1,0,1h.csv
60,1,1,0,1i.csv
60,0,0,0,1j.csv
60,1,0,1,1k.csv
60,12,7,5,1l.csv
60,4,4,0,1m.csv
60,3,3,0,2a.csv
60,16,8,8,2b.csv
60,2,2,0,2c.csv
60,1,1,0,2d.csv
60,0,0,0,2e.csv
60,4,4,0,2f.csv
60,0,0,0,2g.csv
60,0,0,0,2h.csv
60,0,0,0,2i.csv
60,3,2,1,2j.csv
60,1,1,0,2k.csv
60,2,2,0,2l.csv
60,32,23,9,3a.csv
60,37,36,1,3b.csv
60,13,8,5,3c.csv
60,13,8,5,3d.csv
60,12,11,1,3e.csv
60,8,5,3,3f.csv
60,2,1,1,3g.csv
61,12,8,4,1a.csv
61,9,7,2,1b.csv
61,2,1,1,1c.csv
61,1,1,0,1e.csv
61,2,2,0,1f.csv
61,1,1,0,1g.csv
61,0,0,0,1h.csv
61,0,0,0,1i.csv
61,0,0,0,1j.csv
61,0,0,0,1k.csv
61,10,4,6,1l.csv
61,3,3,0,1m.csv
61,3,3,0,2a.csv
61,16,8,8,2b.csv
61,1,1,0,2c.csv
61,1,1,0,2d.csv
61,0,0,0,2e.csv
61,4,4,0,2f.csv
61,0,0,0,2g.csv
61,0,0,0,2h.csv
61,0,0,0,2i.csv
61,2,2,0,2j.csv
61,2,2,0,2k.csv
61,2,2,0,2l.csv
61,31,23,8,3a.csv
61,41,40,1,3b.csv
61,13,9,4,3c.csv
61,13,9,4,3d.csv
61,15,14,1,3e.csv
61,6,4,2,3f.csv
61,3,1,2,3g.csv
62,11,8,3,1a.csv
62,10,8,2,1b.csv
62,3,2,1,1c.csv
62,2,2,0,1e.csv
62,1,1,0,1f.csv
62,1,1,0,1g.csv
62,0,0,0,1h.csv
62,0,0,0,1i.csv
62,0,0,0,1j.csv
62,0,0,0,1k.csv
62,9,3,6,1l.csv
62,4,4,0,1m.csv
62,3,3,0,2a.csv
62,16,9,7,2b.csv
62,0,0,0,2c.csv
62,1,1,0,2d.csv
62,0,0,0,2e.csv
62,5,4,1,2f.csv
62,1,1,0,2g.csv
62,0,0,0,2h.csv
62,0,0,0,2i.csv
62,2,2,0,2j.csv
62,2,2,0,2k.csv
62,1,1,0,2l.csv
62,35,27,8,3a.csv
62,43,42,1,3b.csv
62,12,8,4,3c.csv
62,12,8,4,3d.csv
62,15,14,1,3e.csv
62,4,2,2,3f.csv
62,1,0,1,3g.csv
63,12,7,5,1a.csv
63,11,8,3,1b.csv
63,3,2,1,1c.csv
63,2,2,0,1e.csv
63,2,2,0,1f.csv
63,1,1,0,1g.csv
63,0,0,0,1h.csv
63,0,0,0,1i.csv
63,0,0,0,1j.csv
63,1,0,1,1k.csv
63,9,3,6,1l.csv
63,2,2,0,1m.csv
63,3,3,0,2a.csv
63,16,9,7,2b.csv
63,0,0,0,2c.csv
63,1,1,0,2d.csv
63,0,0,0,2e.csv
63,4,3,1,2f.csv
63,1,1,0,2g.csv
63,0,0,0,2h.csv
63,0,0,0,2i.csv
63,2,2,0,2j.csv
63,1,1,0,2k.csv
63,1,1,0,2l.csv
63,27,22,5,3a.csv
63,47,47,0,3b.csv
63,12,8,4,3c.csv
63,12,8,4,3d.csv
63,18,17,1,3e.csv
63,5,2,3,3f.csv
63,3,1,2,3g.csv
64,11,6,5,1a.csv
64,9,7,2,1b.csv
64,3,2,1,1c.csv
64,3,3,0,1e.csv
64,3,3,0,1f.csv
64,1,1,0,1g.csv
64,0,0,0,1h.csv
64,0,0,0,1i.csv
64,0,0,0,1j.csv
64,1,0,1,1k.csv
64,6,2,4,1l.csv
64,2,2,0,1m.csv
64,3,3,0,2a.csv
64,16,9,7,2b.csv
64,0,0,0,2c.csv
64,2,2,0,2d.csv
64,0,0,0,2e.csv
64,3,2,1,2f.csv
64,1,1,0,2g.csv
64,0,0,0,2h.csv
64,0,0,0,2i.csv
64,2,2,0,2j.csv
64,1,1,0,2k.csv
64,1,1,0,2l.csv
64,28,24,4,3a.csv
64,50,50,0,3b.csv
64,7,6,1,3c.csv
64,7,6,1,3d.csv
64,17,16,1,3e.csv
64,4,2,2,3f.csv
64,3,1,2,3g.csv
65,11,6,5,1a.csv
65,8,5,3,1b.csv
65,2,1,1,1c.csv
65,3,3,0,1e.csv
65,3,3,0,1f.csv
65,0,0,0,1g.csv
65,0,0,0,1h.csv
65,0,0,0,1i.csv
65,0,0,0,1j.csv
65,1,0,1,1k.csv
65,5,3,2,1l.csv
65,2,2,0,1m.csv
65,1,1,0,2a.csv
65,13,6,7,2b.csv
65,1,1,0,2c.csv
65,1,1,0,2d.csv
65,0,0,0,2e.csv
65,4,3,1,2f.csv
65,1,1,0,2g.csv
65,0,0,0,2h.csv
65,0,0,0,2i.csv
65,2,2,0,2j.csv
65,1,1,0,2k.csv
65,1,1,0,2l.csv
65,34,29,5,3a.csv
65,49,49,0,3b.csv
65,11,10,1,3c.csv
65,11,10,1,3d.csv
65,15,13,2,3e.csv
65,3,2,1,3f.csv
65,3,1,2,3g.csv
66,11,5,6,1a.csv
66,9,6,3,1b.csv
66,1,1,0,1c.csv
66,2,2,0,1e.csv
66,3,3,0,1f.csv
66,0,0,0,1g.csv
66,0,0,0,1h.csv
66,0,0,0,1i.csv
66,0,0,0,1j.csv
66,1,0,1,1k.csv
66,5,3,2,1l.csv
66,1,1,0,1m.csv
66,0,0,0,2a.csv
66,13,6,7,2b.csv
66,1,1,0,2c.csv
66,1,1,0,2d.csv
66,0,0,0,2e.csv
66,3,2,1,2f.csv
66,1,1,0,2g.csv
66,0,0,0,2h.csv
66,0,0,0,2i.csv
66,2,2,0,2j.csv
66,1,1,0,2k.csv
66,2,1,1,2l.csv
66,32,28,4,3a.csv
66,53,53,0,3b.csv
66,10,7,3,3c.csv
66,10,7,3,3d.csv
66,16,15,1,3e.csv
66,4,3,1,3f.csv
66,4,2,2,3g.csv
67,10,6,4,1a.csv
67,9,6,3,1b.csv
67,2,2,0,1c.csv
67,2,2,0,1e.csv
67,2,2,0,1f.csv
67,0,0,0,1g.csv
67,0,0,0,1h.csv
67,0,0,0,1i.csv
67,0,0,0,1j.csv
67,1,0,1,1k.csv
67,3,2,1,1l.csv
67,1,1,0,1m.csv
67,0,0,0,2a.csv
67,9,4,5,2b.csv
67,1,1,0,2c.csv
67,1,1,0,2d.csv
67,1,1,0,2e.csv
67,2,1,1,2f.csv
67,2,1,1,2g.csv
67,0,0,0,2h.csv
67,0,0,0,2i.csv
67,2,2,0,2j.csv
67,1,1,0,2k.csv
67,1,0,1,2l.csv
67,31,28,3,3a.csv
67,57,56,1,3b.csv
67,11,8,3,3c.csv
67,11,8,3,3d.csv
67,20,19,1,3e.csv
67,7,6,1,3f.csv
67,4,2,2,3g.csv
68,11,7,4,1a.csv
68,10,6,4,1b.csv
68,2,2,0,1c.csv
68,3,3,0,1e.csv
68,2,2,0,1f.csv
68,0,0,0,1g.csv
68,2,2,0,1h.csv
68,0,0,0,1i.csv
68,0,0,0,1j.csv
68,1,0,1,1k.csv
68,4,3,1,1l.csv
68,1,1,0,1m.csv
68,0,0,0,2a.csv
68,7,2,5,2b.csv
68,1,1,0,2c.csv
68,1,1,0,2d.csv
68,1,1,0,2e.csv
68,2,1,1,2f.csv
68,2,1,1,2g.csv
68,0,0,0,2h.csv
68,0,0,0,2i.csv
68,2,2,0,2j.csv
68,1,1,0,2k.csv
68,2,1,1,2l.csv
68,27,24,3,3a.csv
68,59,58,1,3b.csv
68,12,9,3,3c.csv
68,12,9,3,3d.csv
68,19,18,1,3e.csv
68,9,8,1,3f.csv
68,4,2,2,3g.csv
69,10,7,3,1a.csv
69,9,6,3,1b.csv
69,2,2,0,1c.csv
69,4,3,1,1e.csv
69,2,2,0,1f.csv
69,0,0,0,1g.csv
69,3,3,0,1h.csv
69,0,0,0,1i.csv
69,0,0,0,1j.csv
69,1,0,1,1k.csv
69,3,3,0,1l.csv
69,1,1,0,1m.csv
69,1,1,0,2a.csv
69,6,3,3,2b.csv
69,1,1,0,2c.csv
69,2,2,0,2d.csv
69,1,1,0,2e.csv
69,2,1,1,2f.csv
69,3,2,1,2g.csv
69,0,0,0,2h.csv
69,0,0,0,2i.csv
69,3,3,0,2j.csv
69,0,0,0,2k.csv
69,2,1,1,2l.csv
69,32,30,2,3a.csv
69,60,59,1,3b.csv
69,13,10,3,3c.csv
69,13,10,3,3d.csv
69,17,15,2,3e.csv
69,10,8,2,3f.csv
69,3,2,1,3g.csv
70,13,10,3,1a.csv
70,10,6,4,1b.csv
70,1,1,0,1c.csv
70,3,2,1,1e.csv
70,3,3,0,1f.csv
70,1,1,0,1g.csv
70,3,3,0,1h.csv
70,0,0,0,1i.csv
70,0,0,0,1j.csv
70,1,0,1,1k.csv
70,5,3,2,1l.csv
70,0,0,0,1m.csv
70,1,1,0,2a.csv
70,6,3,3,2b.csv
70,1,1,0,2c.csv
70,2,2,0,2d.csv
70,1,1,0,2e.csv
70,1,1,0,2f.csv
70,2,1,1,2g.csv
70,0,0,0,2h.csv
70,0,0,0,2i.csv
70,4,4,0,2j.csv
70,2,2,0,2k.csv
70,2,1,1,2l.csv
70,33,30,3,3a.csv
70,60,59,1,3b.csv
70,13,10,3,3c.csv
70,13,10,3,3d.csv
70,17,15,2,3e.csv
70,10,8,2,3f.csv
70,3,2,1,3g.csv
71,13,12,1,1a.csv
71,9,6,3,1b.csv
71,1,1,0,1c.csv
71,3,2,1,1e.csv
71,2,2,0,1f.csv
71,1,1,0,1g.csv
71,3,3,0,1h.csv
71,0,0,0,1i.csv
71,0,0,0,1j.csv
71,0,0,0,1k.csv
71,5,3,2,1l.csv
71,0,0,0,1m.csv
71,1,1,0,2a.csv
71,6,4,2,2b.csv
71,1,1,0,2c.csv
71,2,2,0,2d.csv
71,1,1,0,2e.csv
71,1,1,0,2f.csv
71,2,1,1,2g.csv
71,0,0,0,2h.csv
71,0,0,0,2i.csv
71,4,4,0,2j.csv
71,3,3,0,2k.csv
71,3,2,1,2l.csv
71,35,32,3,3a.csv
71,56,55,1,3b.csv
71,14,10,4,3c.csv
71,14,10,4,3d.csv
71,14,11,3,3e.csv
71,10,9,1,3f.csv
71,1,1,0,3g.csv
72,16,14,2,1a.csv
72,8,5,3,1b.csv
72,1,1,0,1c.csv
72,2,1,1,1e.csv
72,1,1,0,1f.csv
72,1,1,0,1g.csv
72,3,3,0,1h.csv
72,0,0,0,1i.csv
72,0,0,0,1j.csv
72,0,0,0,1k.csv
72,5,3,2,1l.csv
72,0,0,0,1m.csv
72,1,1,0,2a.csv
72,6,4,2,2b.csv
72,1,1,0,2c.csv
72,1,1,0,2d.csv
72,1,1,0,2e.csv
72,1,1,0,2f.csv
72,2,1,1,2g.csv
72,0,0,0,2h.csv
72,0,0,0,2i.csv
72,4,4,0,2j.csv
72,3,3,0,2k.csv
72,4,3,1,2l.csv
72,37,33,4,3a.csv
72,54,52,2,3b.csv
72,16,11,5,3c.csv
72,16,11,5,3d.csv
72,17,13,4,3e.csv
72,10,9,1,3f.csv
72,2,2,0,3g.csv
73,15,13,2,1a.csv
73,8,6,2,1b.csv
73,2,2,0,1c.csv
73,2,1,1,1e.csv
73,1,1,0,1f.csv
73,1,1,0,1g.csv
73,3,3,0,1h.csv
73,0,0,0,1i.csv
73,0,0,0,1j.csv
73,0,0,0,1k.csv
73,4,2,2,1l.csv
73,0,0,0,1m.csv
73,1,1,0,2a.csv
73,5,4,1,2b.csv
73,0,0,0,2c.csv
73,1,1,0,2d.csv
73,1,1,0,2e.csv
73,0,0,0,2f.csv
73,2,1,1,2g.csv
73,0,0,0,2h.csv
73,0,0,0,2i.csv
73,4,4,0,2j.csv
73,3,3,0,2k.csv
73,4,3,1,2l.csv
73,34,31,3,3a.csv
73,52,49,3,3b.csv
73,12,7,5,3c.csv
73,12,7,5,3d.csv
73,20,17,3,3e.csv
73,9,8,1,3f.csv
73,2,2,0,3g.csv
74,18,15,3,1a.csv
74,7,5,2,1b.csv
74,3,3,0,1c.csv
74,2,1,1,1e.csv
74,1,1,0,1f.csv
74,1,1,0,1g.csv
74,5,5,0,1h.csv
74,0,0,0,1i.csv
74,0,0,0,1j.csv
74,0,0,0,1k.csv
74,6,3,3,1l.csv
74,1,1,0,1m.csv
74,2,2,0,2a.csv
74,3,3,0,2b.csv
74,0,0,0,2c.csv
74,1,1,0,2d.csv
74,1,1,0,2e.csv
74,0,0,0,2f.csv
74,3,2,1,2g.csv
74,0,0,0,2h.csv
74,0,0,0,2i.csv
74,5,5,0,2j.csv
74,3,3,0,2k.csv
74,3,3,0,2l.csv
74,32,29,3,3a.csv
74,49,46,3,3b.csv
74,10,7,3,3c.csv
74,10,7,3,3d.csv
74,25,20,5,3e.csv
74,8,7,1,3f.csv
74,1,1,0,3g.csv
75,19,16,3,1a.csv
75,8,6,2,1b.csv
75,3,2,1,1c.csv
75,2,1,1,1e.csv
75,1,1,0,1f.csv
75,1,1,0,1g.csv
75,6,6,0,1h.csv
75,0,0,0,1i.csv
75,1,1,0,1j.csv
75,0,0,0,1k.csv
75,6,3,3,1l.csv
75,2,2,0,1m.csv
75,2,2,0,2a.csv
75,3,3,0,2b.csv
75,0,0,0,2c.csv
75,1,1,0,2d.csv
75,0,0,0,2e.csv
75,0,0,0,2f.csv
75,2,2,0,2g.csv
75,0,0,0,2h.csv
75,0,0,0,2i.csv
75,4,4,0,2j.csv
75,3,3,0,2k.csv
75,3,3,0,2l.csv
75,30,28,2,3a.csv
75,46,44,2,3b.csv
75,11,8,3,3c.csv
75,11,8,3,3d.csv
75,28,23,5,3e.csv
75,5,4,1,3f.csv
75,1,1,0,3g.csv
76,18,15,3,1a.csv
76,6,5,1,1b.csv
76,3,2,1,1c.csv
76,1,0,1,1e.csv
76,1,1,0,1f.csv
76,1,1,0,1g.csv
76,4,4,0,1h.csv
76,0,0,0,1i.csv
76,1,1,0,1j.csv
76,0,0,0,1k.csv
76,6,3,3,1l.csv
76,2,2,0,1m.csv
76,2,2,0,2a.csv
76,3,3,0,2b.csv
76,0,0,0,2c.csv
76,2,2,0,2d.csv
76,0,0,0,2e.csv
76,0,0,0,2f.csv
76,2,2,0,2g.csv
76,0,0,0,2h.csv
76,0,0,0,2i.csv
76,3,3,0,2j.csv
76,4,4,0,2k.csv
76,2,2,0,2l.csv
76,31,27,4,3a.csv
76,41,39,2,3b.csv
76,9,7,2,3c.csv
76,9,7,2,3d.csv
76,28,23,5,3e.csv
76,5,4,1,3f.csv
76,1,1,0,3g.csv
77,19,16,3,1a.csv
77,6,4,2,1b.csv
77,4,3,1,1c.csv
77,1,1,0,1e.csv
77,1,1,0,1f.csv
77,1,1,0,1g.csv
77,4,4,0,1h.csv
77,0,0,0,1i.csv
77,1,1,0,1j.csv
77,0,0,0,1k.csv
77,8,5,3,1l.csv
77,2,2,0,1m.csv
77,1,1,0,2a.csv
77,2,2,0,2b.csv
77,0,0,0,2c.csv
77,1,1,0,2d.csv
77,0,0,0,2e.csv
77,0,0,0,2f.csv
77,1,1,0,2g.csv
77,0,0,0,2h.csv
77,0,0,0,2i.csv
77,2,2,0,2j.csv
77,4,4,0,2k.csv
77,3,3,0,2l.csv
77,23,19,4,3a.csv
77,40,38,2,3b.csv
77,8,6,2,3c.csv
77,8,6,2,3d.csv
77,29,25,4,3e.csv
77,6,6,0,3f.csv
77,2,2,0,3g.csv
78,20,17,3,1a.csv
78,4,3,1,1b.csv
78,4,3,1,1c.csv
78,1,1,0,1e.csv
78,0,0,0,1f.csv
78,0,0,0,1g.csv
78,4,4,0,1h.csv
78,0,0,0,1i.csv
78,1,1,0,1j.csv
78,0,0,0,1k.csv
78,7,6,1,1l.csv
78,6,5,1,1m.csv
78,1,1,0,2a.csv
78,1,1,0,2b.csv
78,0,0,0,2c.csv
78,1,1,0,2d.csv
78,0,0,0,2e.csv
78,0,0,0,2f.csv
78,1,1,0,2g.csv
78,0,0,0,2h.csv
78,0,0,0,2i.csv
78,1,1,0,2j.csv
78,2,2,0,2k.csv
78,4,4,0,2l.csv
78,21,18,3,3a.csv
78,39,37,2,3b.csv
78,10,7,3,3c.csv
78,10,7,3,3d.csv
78,30,26,4,3e.csv
78,6,6,0,3f.csv
78,2,2,0,3g.csv
79,20,16,4,1a.csv
79,4,3,1,1b.csv
79,4,3,1,1c.csv
79,1,1,0,1e.csv
79,0,0,0,1f.csv
79,0,0,0,1g.csv
79,4,4,0,1h.csv
79,0,0,0,1i.csv
79,1,1,0,1j.csv
79,0,0,0,1k.csv
79,9,7,2,1l.csv
79,7,6,1,1m.csv
79,1,1,0,2a.csv
79,1,1,0,2b.csv
79,0,0,0,2c.csv
79,1,1,0,2d.csv
79,0,0,0,2e.csv
79,0,0,0,2f.csv
79,1,1,0,2g.csv
79,0,0,0,2h.csv
79,0,0,0,2i.csv
79,1,1,0,2j.csv
79,1,1,0,2k.csv
79,3,3,0,2l.csv
79,20,16,4,3a.csv
79,39,37,2,3b.csv
79,12,8,4,3c.csv
79,12,8,4,3d.csv
79,30,27,3,3e.csv
79,5,5,0,3f.csv
79,4,4,0,3g.csv
80,17,13,4,1a.csv
80,4,3,1,1b.csv
80,4,3,1,1c.csv
80,1,1,0,1e.csv
80,0,0,0,1f.csv
80,0,0,0,1g.csv
80,4,4,0,1h.csv
80,0,0,0,1i.csv
80,1,1,0,1j.csv
80,0,0,0,1k.csv
80,9,7,2,1l.csv
80,8,6,2,1m.csv
80,1,1,0,2a.csv
80,1,1,0,2b.csv
80,0,0,0,2c.csv
80,1,1,0,2d.csv
80,0,0,0,2e.csv
80,0,0,0,2f.csv
80,1,1,0,2g.csv
80,0,0,0,2h.csv
80,0,0,0,2i.csv
80,1,1,0,2j.csv
80,1,1,0,2k.csv
80,2,2,0,2l.csv
80,21,17,4,3a.csv
80,38,37,1,3b.csv
80,12,8,4,3c.csv
80,12,8,4,3d.csv
80,31,29,2,3e.csv
80,4,4,0,3f.csv
80,3,3,0,3g.csv
81,17,13,4,1a.csv
81,3,2,1,1b.csv
81,3,2,1,1c.csv
81,1,1,0,1e.csv
81,0,0,0,1f.csv
81,0,0,0,1g.csv
81,4,4,0,1h.csv
81,0,0,0,1i.csv
81,1,1,0,1j.csv
81,0,0,0,1k.csv
81,9,7,2,1l.csv
81,9,7,2,1m.csv
81,1,1,0,2a.csv
81,1,1,0,2b.csv
81,0,0,0,2c.csv
81,1,1,0,2d.csv
81,0,0,0,2e.csv
81,0,0,0,2f.csv
81,1,1,0,2g.csv
81,0,0,0,2h.csv
81,0,0,0,2i.csv
81,1,1,0,2j.csv
81,1,1,0,2k.csv
81,2,2,0,2l.csv
81,22,18,4,3a.csv
81,39,39,0,3b.csv
81,13,9,4,3c.csv
81,13,9,4,3d.csv
81,30,26,4,3e.csv
81,5,4,1,3f.csv
81,4,4,0,3g.csv
82,14,12,2,1a.csv
82,4,2,2,1b.csv
82,2,1,1,1c.csv
82,1,1,0,1e.csv
82,0,0,0,1f.csv
82,0,0,0,1g.csv
82,4,3,1,1h.csv
82,0,0,0,1i.csv
82,1,1,0,1j.csv
82,0,0,0,1k.csv
82,9,7,2,1l.csv
82,8,6,2,1m.csv
82,0,0,0,2a.csv
82,1,1,0,2b.csv
82,0,0,0,2c.csv
82,1,1,0,2d.csv
82,0,0,0,2e.csv
82,0,0,0,2f.csv
82,0,0,0,2g.csv
82,0,0,0,2h.csv
82,1,1,0,2i.csv
82,0,0,0,2j.csv
82,1,1,0,2k.csv
82,2,2,0,2l.csv
82,23,19,4,3a.csv
82,39,38,1,3b.csv
82,13,9,4,3c.csv
82,13,9,4,3d.csv
82,25,23,2,3e.csv
82,5,4,1,3f.csv
82,4,4,0,3g.csv
83,12,10,2,1a.csv
83,3,1,2,1b.csv
83,1,1,0,1c.csv
83,1,1,0,1e.csv
83,0,0,0,1f.csv
83,0,0,0,1g.csv
83,3,2,1,1h.csv
83,0,0,0,1i.csv
83,0,0,0,1j.csv
83,0,0,0,1k.csv
83,9,7,2,1l.csv
83,7,5,2,1m.csv
83,1,1,0,2a.csv
83,1,1,0,2b.csv
83,1,0,1,2c.csv
83,1,1,0,2d.csv
83,0,0,0,2e.csv
83,0,0,0,2f.csv
83,0,0,0,2g.csv
83,0,0,0,2h.csv
83,1,1,0,2i.csv
83,0,0,0,2j.csv
83,2,2,0,2k.csv
83,3,3,0,2l.csv
83,24,20,4,3a.csv
83,36,35,1,3b.csv
83,12,7,5,3c.csv
83,12,7,5,3d.csv
83,22,19,3,3e.csv
83,5,4,1,3f.csv
83,6,6,0,3g.csv
84,12,10,2,1a.csv
84,3,1,2,1b.csv
84,1,1,0,1c.csv
84,1,1,0,1e.csv
84,0,0,0,1f.csv
84,0,0,0,1g.csv
84,3,2,1,1h.csv
84,0,0,0,1i.csv
84,0,0,0,1j.csv
84,0,0,0,1k.csv
84,8,6,2,1l.csv
84,7,5,2,1m.csv
84,1,1,0,2a.csv
84,1,1,0,2b.csv
84,1,0,1,2c.csv
84,1,0,1,2d.csv
84,0,0,0,2e.csv
84,0,0,0,2f.csv
84,0,0,0,2g.csv
84,0,0,0,2h.csv
84,1,1,0,2i.csv
84,0,0,0,2j.csv
84,1,1,0,2k.csv
84,3,3,0,2l.csv
84,24,20,4,3a.csv
84,38,37,1,3b.csv
84,12,7,5,3c.csv
84,12,7,5,3d.csv
84,23,19,4,3e.csv
84,3,2,1,3f.csv
84,6,6,0,3g.csv
85,11,8,3,1a.csv
85,2,1,1,1b.csv
85,0,0,0,1c.csv
85,0,0,0,1e.csv
85,0,0,0,1f.csv
85,0,0,0,1g.csv
85,2,1,1,1h.csv
85,0,0,0,1i.csv
85,0,0,0,1j.csv
85,0,0,0,1k.csv
85,6,4,2,1l.csv
85,7,5,2,1m.csv
85,1,1,0,2a.csv
85,1,1,0,2b.csv
85,2,1,1,2c.csv
85,1,0,1,2d.csv
85,0,0,0,2e.csv
85,0,0,0,2f.csv
85,0,0,0,2g.csv
85,0,0,0,2h.csv
85,1,1,0,2i.csv
85,0,0,0,2j.csv
85,1,1,0,2k.csv
85,2,2,0,2l.csv
85,25,21,4,3a.csv
85,39,37,2,3b.csv
85,10,5,5,3c.csv
85,10,5,5,3d.csv
85,21,17,4,3e.csv
85,1,0,1,3f.csv
85,5,5,0,3g.csv
86,7,3,4,1a.csv
86,2,1,1,1b.csv
86,0,0,0,1c.csv
86,0,0,0,1e.csv
86,0,0,0,1f.csv
86,0,0,0,1g.csv
86,2,1,1,1h.csv
86,0,0,0,1i.csv
86,0,0,0,1j.csv
86,0,0,0,1k.csv
86,4,2,2,1l.csv
86,3,2,1,1m.csv
86,1,1,0,2a.csv
86,2,1,1,2b.csv
86,2,1,1,2c.csv
86,1,0,1,2d.csv
86,0,0,0,2e.csv
86,0,0,0,2f.csv
86,0,0,0,2g.csv
86,0,0,0,2h.csv
86,1,1,0,2i.csv
86,0,0,0,2j.csv
86,1,1,0,2k.csv
86,1,1,0,2l.csv
86,24,20,4,3a.csv
86,41,38,3,3b.csv
86,9,5,4,3c.csv
86,9,5,4,3d.csv
86,20,16,4,3e.csv
86,2,1,1,3f.csv
86,5,5,0,3g.csv
87,8,5,3,1a.csv
87,1,0,1,1b.csv
87,0,0,0,1c.csv
87,0,0,0,1e.csv
87,0,0,0,1f.csv
87,0,0,0,1g.csv
87,3,2,1,1h.csv
87,0,0,0,1i.csv
87,0,0,0,1j.csv
87,0,0,0,1k.csv
87,3,2,1,1l.csv
87,2,1,1,1m.csv
87,1,1,0,2a.csv
87,1,0,1,2b.csv
87,2,1,1,2c.csv
87,1,0,1,2d.csv
87,0,0,0,2e.csv
87,0,0,0,2f.csv
87,0,0,0,2g.csv
87,0,0,0,2h.csv
87,1,1,0,2i.csv
87,0,0,0,2j.csv
87,3,3,0,2k.csv
87,1,1,0,2l.csv
87,24,21,3,3a.csv
87,39,36,3,3b.csv
87,5,3,2,3c.csv
87,5,3,2,3d.csv
87,22,17,5,3e.csv
87,3,2,1,3f.csv
87,3,3,0,3g.csv
88,9,7,2,1a.csv
88,1,0,1,1b.csv
88,0,0,0,1c.csv
88,0,0,0,1e.csv
88,0,0,0,1f.csv
88,0,0,0,1g.csv
88,3,2,1,1h.csv
88,0,0,0,1i.csv
88,0,0,0,1j.csv
88,0,0,0,1k.csv
88,3,2,1,1l.csv
88,2,2,0,1m.csv
88,1,1,0,2a.csv
88,1,0,1,2b.csv
88,2,1,1,2c.csv
88,1,0,1,2d.csv
88,0,0,0,2e.csv
88,0,0,0,2f.csv
88,0,0,0,2g.csv
88,0,0,0,2h.csv
88,1,1,0,2i.csv
88,0,0,0,2j.csv
88,3,3,0,2k.csv
88,1,1,0,2l.csv
88,17,15,2,3a.csv
88,39,35,4,3b.csv
88,3,2,1,3c.csv
88,3,2,1,3d.csv
88,19,14,5,3e.csv
88,4,3,1,3f.csv
88,3,3,0,3g.csv
89,8,6,2,1a.csv
89,1,0,1,1b.csv
89,0,0,0,1c.csv
89,0,0,0,1e.csv
89,0,0,0,1f.csv
89,0,0,0,1g.csv
89,3,2,1,1h.csv
89,0,0,0,1i.csv
89,0,0,0,1j.csv
89,0,0,0,1k.csv
89,3,2,1,1l.csv
89,1,1,0,1m.csv
89,1,1,0,2a.csv
89,1,0,1,2b.csv
89,2,1,1,2c.csv
89,1,0,1,2d.csv
89,0,0,0,2e.csv
89,0,0,0,2f.csv
89,0,0,0,2g.csv
89,0,0,0,2h.csv
89,1,1,0,2i.csv
89,0,0,0,2j.csv
89,3,3,0,2k.csv
89,1,1,0,2l.csv
89,13,11,2,3a.csv
89,35,31,4,3b.csv
89,3,2,1,3c.csv
89,3,2,1,3d.csv
89,18,15,3,3e.csv
89,3,3,0,3f.csv
89,3,3,0,3g.csv
90,8,5,3,1a.csv
90,0,0,0,1b.csv
90,0,0,0,1c.csv
90,0,0,0,1e.csv
90,0,0,0,1f.csv
90,0,0,0,1g.csv
90,1,1,0,1h.csv
90,0,0,0,1i.csv
90,0,0,0,1j.csv
90,0,0,0,1k.csv
90,1,1,0,1l.csv
90,1,1,0,1m.csv
90,1,1,0,2a.csv
90,1,0,1,2b.csv
90,2,1,1,2c.csv
90,1,0,1,2d.csv
90,0,0,0,2e.csv
90,0,0,0,2f.csv
90,0,0,0,2g.csv
90,0,0,0,2h.csv
90,0,0,0,2i.csv
90,0,0,0,2j.csv
90,4,4,0,2k.csv
90,1,1,0,2l.csv
90,14,12,2,3a.csv
90,37,33,4,3b.csv
90,5,4,1,3c.csv
90,5,4,1,3d.csv
90,17,13,4,3e.csv
90,5,5,0,3f.csv
90,3,3,0,3g.csv
91,9,6,3,1a.csv
91,1,1,0,1b.csv
91,0,0,0,1c.csv
91,0,0,0,1e.csv
91,0,0,0,1f.csv
91,0,0,0,1g.csv
91,1,1,0,1h.csv
91,0,0,0,1i.csv
91,0,0,0,1j.csv
91,0,0,0,1k.csv
91,3,3,0,1l.csv
91,2,2,0,1m.csv
91,0,0,0,2a.csv
91,1,0,1,2b.csv
91,1,1,0,2c.csv
91,1,0,1,2d.csv
91,0,0,0,2e.csv
91,0,0,0,2f.csv
91,0,0,0,2g.csv
91,0,0,0,2h.csv
91,0,0,0,2i.csv
91,0,0,0,2j.csv
91,3,3,0,2k.csv
91,0,0,0,2l.csv
91,14,11,3,3a.csv
91,36,32,4,3b.csv
91,4,4,0,3c.csv
91,4,4,0,3d.csv
91,15,10,5,3e.csv
91,7,7,0,3f.csv
91,3,3,0,3g.csv
92,11,8,3,1a.csv
92,1,1,0,1b.csv
92,0,0,0,1c.csv
92,0,0,0,1e.csv
92,1,0,1,1f.csv
92,0,0,0,1g.csv
92,1,1,0,1h.csv
92,0,0,0,1i.csv
92,0,0,0,1j.csv
92,0,0,0,1k.csv
92,3,3,0,1l.csv
92,2,2,0,1m.csv
92,0,0,0,2a.csv
92,1,0,1,2b.csv
92,1,1,0,2c.csv
92,0,0,0,2d.csv
92,0,0,0,2e.csv
92,0,0,0,2f.csv
92,0,0,0,2g.csv
92,0,0,0,2h.csv
92,0,0,0,2i.csv
92,0,0,0,2j.csv
92,3,3,0,2k.csv
92,0,0,0,2l.csv
92,15,14,1,3a.csv
92,36,32,4,3b.csv
92,4,4,0,3c.csv
92,4,4,0,3d.csv
92,14,10,4,3e.csv
92,7,7,0,3f.csv
92,3,3,0,3g.csv
93,10,8,2,1a.csv
93,1,1,0,1b.csv
93,0,0,0,1c.csv
93,0,0,0,1e.csv
93,1,0,1,1f.csv
93,0,0,0,1g.csv
93,1,1,0,1h.csv
93,0,0,0,1i.csv
93,0,0,0,1j.csv
93,0,0,0,1k.csv
93,3,3,0,1l.csv
93,2,2,0,1m.csv
93,0,0,0,2a.csv
93,1,0,1,2b.csv
93,0,0,0,2c.csv
93,0,0,0,2d.csv
93,0,0,0,2e.csv
93,0,0,0,2f.csv
93,0,0,0,2g.csv
93,0,0,0,2h.csv
93,0,0,0,2i.csv
93,0,0,0,2j.csv
93,3,3,0,2k.csv
93,0,0,0,2l.csv
93,16,15,1,3a.csv
93,30,27,3,3b.csv
93,5,5,0,3c.csv
93,5,5,0,3d.csv
93,18,13,5,3e.csv
93,11,11,0,3f.csv
93,3,3,0,3g.csv
94,12,10,2,1a.csv
94,2,1,1,1b.csv
94,0,0,0,1c.csv
94,0,0,0,1e.csv
94,1,0,1,1f.csv
94,1,1,0,1g.csv
94,1,1,0,1h.csv
94,0,0,0,1i.csv
94,0,0,0,1j.csv
94,0,0,0,1k.csv
94,3,3,0,1l.csv
94,2,2,0,1m.csv
94,0,0,0,2a.csv
94,0,0,0,2b.csv
94,0,0,0,2c.csv
94,0,0,0,2d.csv
94,0,0,0,2e.csv
94,0,0,0,2f.csv
94,0,0,0,2g.csv
94,0,0,0,2h.csv
94,0,0,0,2i.csv
94,0,0,0,2j.csv
94,3,3,0,2k.csv
94,0,0,0,2l.csv
94,15,14,1,3a.csv
94,27,25,2,3b.csv
94,4,4,0,3c.csv
94,4,4,0,3d.csv
94,18,13,5,3e.csv
94,12,12,0,3f.csv
94,3,3,0,3g.csv
95,12,10,2,1a.csv
95,2,1,1,1b.csv
95,1,1,0,1c.csv
95,0,0,0,1e.csv
95,1,0,1,1f.csv
95,1,1,0,1g.csv
95,0,0,0,1h.csv
95,0,0,0,1i.csv
95,0,0,0,1j.csv
95,0,0,0,1k.csv
95,2,2,0,1l.csv
95,2,2,0,1m.csv
95,1,0,1,2a.csv
95,0,0,0,2b.csv
95,1,1,0,2c.csv
95,1,0,1,2d.csv
95,0,0,0,2e.csv
95,0,0,0,2f.csv
95,0,0,0,2g.csv
95,0,0,0,2h.csv
95,1,1,0,2i.csv
95,0,0,0,2j.csv
95,1,1,0,2k.csv
95,0,0,0,2l.csv
95,20,19,1,3a.csv
95,29,24,5,3b.csv
95,6,6,0,3c.csv
95,6,6,0,3d.csv
95,19,14,5,3e.csv
95,13,13,0,3f.csv
95,3,3,0,3g.csv
96,10,8,2,1a.csv
96,2,1,1,1b.csv
96,1,1,0,1c.csv
96,0,0,0,1e.csv
96,1,0,1,1f.csv
96,1,1,0,1g.csv
96,0,0,0,1h.csv
96,0,0,0,1i.csv
96,0,0,0,1j.csv
96,0,0,0,1k.csv
96,2,2,0,1l.csv
96,1,1,0,1m.csv
96,2,1,1,2a.csv
96,0,0,0,2b.csv
96,1,1,0,2c.csv
96,1,0,1,2d.csv
96,0,0,0,2e.csv
96,0,0,0,2f.csv
96,0,0,0,2g.csv
96,0,0,0,2h.csv
96,1,1,0,2i.csv
96,1,0,1,2j.csv
96,1,1,0,2k.csv
96,0,0,0,2l.csv
96,26,24,2,3a.csv
96,25,21,4,3b.csv
96,6,6,0,3c.csv
96,6,6,0,3d.csv
96,21,16,5,3e.csv
96,15,15,0,3f.csv
96,3,3,0,3g.csv
97,10,8,2,1a.csv
97,3,2,1,1b.csv
97,1,1,0,1c.csv
97,0,0,0,1e.csv
97,1,0,1,1f.csv
97,1,1,0,1g.csv
97,0,0,0,1h.csv
97,0,0,0,1i.csv
97,0,0,0,1j.csv
97,0,0,0,1k.csv
97,2,2,0,1l.csv
97,1,1,0,1m.csv
97,2,1,1,2a.csv
97,0,0,0,2b.csv
97,1,1,0,2c.csv
97,1,0,1,2d.csv
97,0,0,0,2e.csv
97,0,0,0,2f.csv
97,0,0,0,2g.csv
97,0,0,0,2h.csv
97,1,1,0,2i.csv
97,1,0,1,2j.csv
97,1,1,0,2k.csv
97,0,0,0,2l.csv
97,28,26,2,3a.csv
97,30,25,5,3b.csv
97,6,6,0,3c.csv
97,6,6,0,3d.csv
97,23,17,6,3e.csv
97,17,17,0,3f.csv
97,2,2,0,3g.csv
98,11,10,1,1a.csv
98,3,2,1,1b.csv
98,1,1,0,1c.csv
98,0,0,0,1e.csv
98,1,0,1,1f.csv
98,1,1,0,1g.csv
98,0,0,0,1h.csv
98,0,0,0,1i.csv
98,0,0,0,1j.csv
98,0,0,0,1k.csv
98,2,2,0,1l.csv
98,1,1,0,1m.csv
98,2,1,1,2a.csv
98,1,1,0,2b.csv
98,1,1,0,2c.csv
98,1,0,1,2d.csv
98,0,0,0,2e.csv
98,0,0,0,2f.csv
98,1,1,0,2g.csv
98,0,0,0,2h.csv
98,1,1,0,2i.csv
98,1,0,1,2j.csv
98,0,0,0,2k.csv
98,0,0,0,2l.csv
98,28,25,3,3a.csv
98,27,23,4,3b.csv
98,4,4,0,3c.csv
98,4,4,0,3d.csv
98,27,22,5,3e.csv
98,17,17,0,3f.csv
98,2,2,0,3g.csv
99,10,9,1,1a.csv
99,2,1,1,1b.csv
99,1,1,0,1c.csv
99,0,0,0,1e.csv
99,1,0,1,1f.csv
99,1,1,0,1g.csv
99,0,0,0,1h.csv
99,0,0,0,1i.csv
99,0,0,0,1j.csv
99,0,0,0,1k.csv
99,0,0,0,1l.csv
99,0,0,0,1m.csv
99,3,2,1,2a.csv
99,1,1,0,2b.csv
99,1,1,0,2c.csv
99,1,0,1,2d.csv
99,0,0,0,2e.csv
99,0,0,0,2f.csv
99,1,1,0,2g.csv
99,0,0,0,2h.csv
99,1,1,0,2i.csv
99,1,0,1,2j.csv
99,0,0,0,2k.csv
99,0,0,0,2l.csv
99,28,25,3,3a.csv
99,27,23,4,3b.csv
99,6,6,0,3c.csv
99,6,6,0,3d.csv
99,28,25,3,3e.csv
99,17,17,0,3f.csv
99,0,0,0,3g.csv
100,9,8,1,1a.csv
100,2,1,1,1b.csv
100,1,1,0,1c.csv
100,0,0,0,1e.csv
100,0,0,0,1f.csv
100,1,1,0,1g.csv
100,0,0,0,1h.csv
100,0,0,0,1i.csv
100,0,0,0,1j.csv
100,0,0,0,1k.csv
100,0,0,0,1l.csv
100,0,0,0,1m.csv
100,3,2,1,2a.csv
100,1,1,0,2b.csv
100,1,1,0,2c.csv
100,1,0,1,2d.csv
100,0,0,0,2e.csv
100,0,0,0,2f.csv
100,1,1,0,2g.csv
100,0,0,0,2h.csv
100,1,1,0,2i.csv
100,1,0,1,2j.csv
100,0,0,0,2k.csv
100,0,0,0,2l.csv
100,25,22,3,3a.csv
100,26,22,4,3b.csv
100,7,7,0,3c.csv
100,7,7,0,3d.csv
100,28,25,3,3e.csv
100,19,19,0,3f.csv
100,0,0,0,3g.csv
101,10,8,2,1a.csv
101,2,1,1,1b.csv
101,1,1,0,1c.csv
101,0,0,0,1e.csv
101,0,0,0,1f.csv
101,1,1,0,1g.csv
101,0,0,0,1h.csv
101,0,0,0,1i.csv
101,1,1,0,1j.csv
101,0,0,0,1k.csv
101,0,0,0,1l.csv
101,0,0,0,1m.csv
101,3,2,1,2a.csv
101,1,1,0,2b.csv
101,1,1,0,2c.csv
101,1,0,1,2d.csv
101,0,0,0,2e.csv
101,0,0,0,2f.csv
101,1,1,0,2g.csv
101,0,0,0,2h.csv
101,1,1,0,2i.csv
101,1,0,1,2j.csv
101,0,0,0,2k.csv
101,0,0,0,2l.csv
101,25,22,3,3a.csv
101,31,27,4,3b.csv
101,9,8,1,3c.csv
101,9,8,1,3d.csv
101,28,24,4,3e.csv
101,15,15,0,3f.csv
101,0,0,0,3g.csv
102,8,7,1,1a.csv
102,2,2,0,1b.csv
102,1,1,0,1c.csv
102,0,0,0,1e.csv
102,0,0,0,1f.csv
102,0,0,0,1g.csv
102,0,0,0,1h.csv
102,0,0,0,1i.csv
102,1,1,0,1j.csv
102,0,0,0,1k.csv
102,0,0,0,1l.csv
102,0,0,0,1m.csv
102,3,2,1,2a.csv
102,1,1,0,2b.csv
102,1,1,0,2c.csv
102,1,0,1,2d.csv
102,0,0,0,2e.csv
102,0,0,0,2f.csv
102,1,1,0,2g.csv
102,0,0,0,2h.csv
102,1,1,0,2i.csv
102,1,0,1,2j.csv
102,0,0,0,2k.csv
102,0,0,0,2l.csv
102,24,21,3,3a.csv
102,29,25,4,3b.csv
102,12,11,1,3c.csv
102,12,11,1,3d.csv
102,27,23,4,3e.csv
102,16,16,0,3f.csv
102,0,0,0,3g.csv
103,6,5,1,1a.csv
103,2,2,0,1b.csv
103,0,0,0,1c.csv
103,1,1,0,1e.csv
103,0,0,0,1f.csv
103,0,0,0,1g.csv
103,0,0,0,1h.csv
103,0,0,0,1i.csv
103,1,1,0,1j.csv
103,0,0,0,1k.csv
103,0,0,0,1l.csv
103,0,0,0,1m.csv
103,2,2,0,2a.csv
103,1,1,0,2b.csv
103,0,0,0,2c.csv
103,0,0,0,2d.csv
103,0,0,0,2e.csv
103,0,0,0,2f.csv
103,1,1,0,2g.csv
103,0,0,0,2h.csv
103,0,0,0,2i.csv
103,1,0,1,2j.csv
103,0,0,0,2k.csv
103,0,0,0,2l.csv
103,21,17,4,3a.csv
103,24,23,1,3b.csv
103,11,10,1,3c.csv
103,11,10,1,3d.csv
103,27,22,5,3e.csv
103,19,18,1,3f.csv
103,1,1,0,3g.csv
104,6,5,1,1a.csv
104,2,2,0,1b.csv
104,0,0,0,1c.csv
104,1,1,0,1e.csv
104,0,0,0,1f.csv
104,0,0,0,1g.csv
104,0,0,0,1h.csv
104,0,0,0,1i.csv
104,1,1,0,1j.csv
104,0,0,0,1k.csv
104,0,0,0,1l.csv
104,0,0,0,1m.csv
104,1,1,0,2a.csv
104,1,1,0,2b.csv
104,1,0,1,2c.csv
104,0,0,0,2d.csv
104,0,0,0,2e.csv
104,0,0,0,2f.csv
104,2,2,0,2g.csv
104,0,0,0,2h.csv
104,0,0,0,2i.csv
104,0,0,0,2j.csv
104,0,0,0,2k.csv
104,0,0,0,2l.csv
104,15,12,3,3a.csv
104,26,25,1,3b.csv
104,13,12,1,3c.csv
104,13,12,1,3d.csv
104,28,22,6,3e.csv
104,18,17,1,3f.csv
104,1,1,0,3g.csv
105,8,6,2,1a.csv
105,1,1,0,1b.csv
105,0,0,0,1c.csv
105,1,1,0,1e.csv
105,0,0,0,1f.csv
105,0,0,0,1g.csv
105,0,0,0,1h.csv
105,0,0,0,1i.csv
105,1,1,0,1j.csv
105,0,0,0,1k.csv
105,0,0,0,1l.csv
105,0,0,0,1m.csv
105,1,1,0,2a.csv
105,2,2,0,2b.csv
105,1,0,1,2c.csv
105,0,0,0,2d.csv
105,0,0,0,2e.csv
105,0,0,0,2f.csv
105,2,2,0,2g.csv
105,0,0,0,2h.csv
105,0,0,0,2i.csv
105,0,0,0,2j.csv
105,0,0,0,2k.csv
105,0,0,0,2l.csv
105,16,13,3,3a.csv
105,22,22,0,3b.csv
105,15,14,1,3c.csv
105,15,14,1,3d.csv
105,31,26,5,3e.csv
105,17,16,1,3f.csv
105,1,1,0,3g.csv
106,7,5,2,1a.csv
106,1,1,0,1b.csv
106,0,0,0,1c.csv
106,1,1,0,1e.csv
106,0,0,0,1f.csv
106,0,0,0,1g.csv
106,0,0,0,1h.csv
106,0,0,0,1i.csv
106,1,1,0,1j.csv
106,0,0,0,1k.csv
106,0,0,0,1l.csv
106,0,0,0,1m.csv
106,1,1,0,2a.csv
106,1,1,0,2b.csv
106,1,0,1,2c.csv
106,1,0,1,2d.csv
106,0,0,0,2e.csv
106,0,0,0,2f.csv
106,1,1,0,2g.csv
106,0,0,0,2h.csv
106,0,0,0,2i.csv
106,0,0,0,2j.csv
106,0,0,0,2k.csv
106,0,0,0,2l.csv
106,16,14,2,3a.csv
106,22,22,0,3b.csv
106,19,17,2,3c.csv
106,19,17,2,3d.csv
106,29,23,6,3e.csv
106,15,14,1,3f.csv
106,1,1,0,3g.csv
107,9,6,3,1a.csv
107,1,1,0,1b.csv
107,0,0,0,1c.csv
107,1,1,0,1e.csv
107,0,0,0,1f.csv
107,0,0,0,1g.csv
107,0,0,0,1h.csv
107,0,0,0,1i.csv
107,1,1,0,1j.csv
107,0,0,0,1k.csv
107,0,0,0,1l.csv
107,0,0,0,1m.csv
107,0,0,0,2a.csv
107,1,1,0,2b.csv
107,1,0,1,2c.csv
107,1,0,1,2d.csv
107,0,0,0,2e.csv
107,0,0,0,2f.csv
107,1,1,0,2g.csv
107,0,0,0,2h.csv
107,0,0,0,2i.csv
107,0,0,0,2j.csv
107,0,0,0,2k.csv
107,0,0,0,2l.csv
107,18,17,1,3a.csv
107,21,21,0,3b.csv
107,20,18,2,3c.csv
107,20,18,2,3d.csv
107,27,21,6,3e.csv
107,13,12,1,3f.csv
107,1,1,0,3g.csv
108,9,6,3,1a.csv
108,2,2,0,1b.csv
108,0,0,0,1c.csv
108,1,1,0,1e.csv
108,0,0,0,1f.csv
108,0,0,0,1g.csv
108,0,0,0,1h.csv
108,0,0,0,1i.csv
108,1,1,0,1j.csv
108,0,0,0,1k.csv
108,0,0,0,1l.csv
108,0,0,0,1m.csv
108,0,0,0,2a.csv
108,1,1,0,2b.csv
108,1,0,1,2c.csv
108,1,0,1,2d.csv
108,0,0,0,2e.csv
108,0,0,0,2f.csv
108,1,1,0,2g.csv
108,0,0,0,2h.csv
108,0,0,0,2i.csv
108,0,0,0,2j.csv
108,0,0,0,2k.csv
108,0,0,0,2l.csv
108,20,19,1,3a.csv
108,22,22,0,3b.csv
108,23,21,2,3c.csv
108,23,21,2,3d.csv
108,27,21,6,3e.csv
108,11,10,1,3f.csv
108,1,1,0,3g.csv
109,9,7,2,1a.csv
109,2,2,0,1b.csv
109,0,0,0,1c.csv
109,1,1,0,1e.csv
109,0,0,0,1f.csv
109,0,0,0,1g.csv
109,0,0,0,1h.csv
109,0,0,0,1i.csv
109,0,0,0,1j.csv
109,0,0,0,1k.csv
109,0,0,0,1l.csv
109,0,0,0,1m.csv
109,0,0,0,2a.csv
109,1,1,0,2b.csv
109,1,0,1,2c.csv
109,1,0,1,2d.csv
109,0,0,0,2e.csv
109,0,0,0,2f.csv
109,1,1,0,2g.csv
109,0,0,0,2h.csv
109,0,0,0,2i.csv
109,0,0,0,2j.csv
109,0,0,0,2k.csv
109,0,0,0,2l.csv
109,20,19,1,3a.csv
109,19,19,0,3b.csv
109,23,22,1,3c.csv
109,23,22,1,3d.csv
109,25,21,4,3e.csv
109,13,12,1,3f.csv
109,2,2,0,3g.csv
110,8,6,2,1a.csv
110,1,1,0,1b.csv
110,0,0,0,1c.csv
110,1,1,0,1e.csv
110,0,0,0,1f.csv
110,1,1,0,1g.csv
110,0,0,0,1h.csv
110,0,0,0,1i.csv
110,0,0,0,1j.csv
110,0,0,0,1k.csv
110,0,0,0,1l.csv
110,0,0,0,1m.csv
110,0,0,0,2a.csv
110,1,1,0,2b.csv
110,2,1,1,2c.csv
110,1,0,1,2d.csv
110,0,0,0,2e.csv
110,0,0,0,2f.csv
110,1,1,0,2g.csv
110,0,0,0,2h.csv
110,0,0,0,2i.csv
110,0,0,0,2j.csv
110,0,0,0,2k.csv
110,0,0,0,2l.csv
110,20,19,1,3a.csv
110,20,20,0,3b.csv
110,22,21,1,3c.csv
110,22,21,1,3d.csv
110,25,20,5,3e.csv
110,10,9,1,3f.csv
110,2,2,0,3g.csv
111,8,6,2,1a.csv
111,1,1,0,1b.csv
111,0,0,0,1c.csv
111,0,0,0,1e.csv
111,0,0,0,1f.csv
111,1,1,0,1g.csv
111,0,0,0,1h.csv
111,0,0,0,1i.csv
111,0,0,0,1j.csv
111,0,0,0,1k.csv
111,0,0,0,1l.csv
111,0,0,0,1m.csv
111,0,0,0,2a.csv
111,1,1,0,2b.csv
111,3,2,1,2c.csv
111,2,0,2,2d.csv
111,0,0,0,2e.csv
111,0,0,0,2f.csv
111,1,1,0,2g.csv
111,0,0,0,2h.csv
111,0,0,0,2i.csv
111,0,0,0,2j.csv
111,0,0,0,2k.csv
111,0,0,0,2l.csv
111,16,16,0,3a.csv
111,20,20,0,3b.csv
111,22,21,1,3c.csv
111,22,21,1,3d.csv
111,25,20,5,3e.csv
111,5,5,0,3f.csv
111,1,1,0,3g.csv
112,9,7,2,1a.csv
112,1,1,0,1b.csv
112,0,0,0,1c.csv
112,0,0,0,1e.csv
112,0,0,0,1f.csv
112,1,1,0,1g.csv
112,0,0,0,1h.csv
112,0,0,0,1i.csv
112,0,0,0,1j.csv
112,0,0,0,1k.csv
112,0,0,0,1l.csv
112,1,0,1,1m.csv
112,0,0,0,2a.csv
112,1,1,0,2b.csv
112,3,3,0,2c.csv
112,2,0,2,2d.csv
112,0,0,0,2e.csv
112,0,0,0,2f.csv
112,0,0,0,2g.csv
112,0,0,0,2h.csv
112,0,0,0,2i.csv
112,0,0,0,2j.csv
112,0,0,0,2k.csv
112,0,0,0,2l.csv
112,20,19,1,3a.csv
112,20,19,1,3b.csv
112,24,22,2,3c.csv
112,24,22,2,3d.csv
112,24,19,5,3e.csv
112,5,5,0,3f.csv
112,2,1,1,3g.csv
113,8,6,2,1a.csv
113,3,3,0,1b.csv
113,0,0,0,1c.csv
113,0,0,0,1e.csv
113,0,0,0,1f.csv
113,1,1,0,1g.csv
113,0,0,0,1h.csv
113,0,0,0,1i.csv
113,0,0,0,1j.csv
113,0,0,0,1k.csv
113,0,0,0,1l.csv
113,1,0,1,1m.csv
113,0,0,0,2a.csv
113,1,1,0,2b.csv
113,3,3,0,2c.csv
113,2,0,2,2d.csv
113,0,0,0,2e.csv
113,0,0,0,2f.csv
113,0,0,0,2g.csv
113,0,0,0,2h.csv
113,0,0,0,2i.csv
113,0,0,0,2j.csv
113,0,0,0,2k.csv
113,0,0,0,2l.csv
113,20,18,2,3a.csv
113,19,17,2,3b.csv
113,29,26,3,3c.csv
113,29,26,3,3d.csv
113,18,12,6,3e.csv
113,4,4,0,3f.csv
113,2,1,1,3g.csv
114,8,6,2,1a.csv
114,3,3,0,1b.csv
114,0,0,0,1c.csv
114,0,0,0,1e.csv
114,0,0,0,1f.csv
114,1,1,0,1g.csv
114,0,0,0,1h.csv
114,0,0,0,1i.csv
114,0,0,0,1j.csv
114,0,0,0,1k.csv
114,0,0,0,1l.csv
114,1,0,1,1m.csv
114,0,0,0,2a.csv
114,1,1,0,2b.csv
114,3,3,0,2c.csv
114,1,0,1,2d.csv
114,0,0,0,2e.csv
114,0,0,0,2f.csv
114,0,0,0,2g.csv
114,0,0,0,2h.csv
114,0,0,0,2i.csv
114,0,0,0,2j.csv
114,0,0,0,2k.csv
114,0,0,0,2l.csv
114,20,18,2,3a.csv
114,14,12,2,3b.csv
114,27,25,2,3c.csv
114,27,25,2,3d.csv
114,15,10,5,3e.csv
114,4,4,0,3f.csv
114,3,2,1,3g.csv
115,7,6,1,1a.csv
115,3,3,0,1b.csv
115,0,0,0,1c.csv
115,0,0,0,1e.csv
115,0,0,0,1f.csv
115,1,1,0,1g.csv
115,0,0,0,1h.csv
115,0,0,0,1i.csv
115,0,0,0,1j.csv
115,0,0,0,1k.csv
115,0,0,0,1l.csv
115,1,0,1,1m.csv
115,0,0,0,2a.csv
115,1,1,0,2b.csv
115,4,3,1,2c.csv
115,1,0,1,2d.csv
115,0,0,0,2e.csv
115,0,0,0,2f.csv
115,0,0,0,2g.csv
115,0,0,0,2h.csv
115,0,0,0,2i.csv
115,0,0,0,2j.csv
115,0,0,0,2k.csv
115,0,0,0,2l.csv
115,19,15,4,3a.csv
115,13,11,2,3b.csv
115,27,25,2,3c.csv
115,27,25,2,3d.csv
115,15,10,5,3e.csv
115,4,4,0,3f.csv
115,3,2,1,3g.csv
116,8,6,2,1a.csv
116,2,2,0,1b.csv
116,0,0,0,1c.csv
116,0,0,0,1e.csv
116,0,0,0,1f.csv
116,1,1,0,1g.csv
116,0,0,0,1h.csv
116,0,0,0,1i.csv
116,0,0,0,1j.csv
116,0,0,0,1k.csv
116,0,0,0,1l.csv
116,1,0,1,1m.csv
116,0,0,0,2a.csv
116,1,1,0,2b.csv
116,4,3,1,2c.csv
116,1,0,1,2d.csv
116,0,0,0,2e.csv
116,0,0,0,2f.csv
116,0,0,0,2g.csv
116,0,0,0,2h.csv
116,0,0,0,2i.csv
116,0,0,0,2j.csv
116,0,0,0,2k.csv
116,1,1,0,2l.csv
116,18,14,4,3a.csv
116,14,12,2,3b.csv
116,24,22,2,3c.csv
116,24,22,2,3d.csv
116,16,10,6,3e.csv
116,4,4,0,3f.csv
116,4,3,1,3g.csv
117,8,6,2,1a.csv
117,3,2,1,1b.csv
117,0,0,0,1c.csv
117,0,0,0,1e.csv
117,0,0,0,1f.csv
117,1,1,0,1g.csv
117,0,0,0,1h.csv
117,0,0,0,1i.csv
117,0,0,0,1j.csv
117,0,0,0,1k.csv
117,0,0,0,1l.csv
117,2,0,2,1m.csv
117,1,1,0,2a.csv
117,1,1,0,2b.csv
117,4,3,1,2c.csv
117,1,0,1,2d.csv
117,0,0,0,2e.csv
117,0,0,0,2f.csv
117,0,0,0,2g.csv
117,0,0,0,2h.csv
117,0,0,0,2i.csv
117,0,0,0,2j.csv
117,0,0,0,2k.csv
117,1,1,0,2l.csv
117,19,14,5,3a.csv
117,12,10,2,3b.csv
117,25,23,2,3c.csv
117,25,23,2,3d.csv
117,14,8,6,3e.csv
117,2,2,0,3f.csv
117,3,2,1,3g.csv
118,8,6,2,1a.csv
118,4,2,2,1b.csv
118,0,0,0,1c.csv
118,0,0,0,1e.csv
118,0,0,0,1f.csv
118,1,0,1,1g.csv
118,0,0,0,1h.csv
118,0,0,0,1i.csv
118,0,0,0,1j.csv
118,0,0,0,1k.csv
118,0,0,0,1l.csv
118,2,0,2,1m.csv
118,1,1,0,2a.csv
118,1,1,0,2b.csv
118,4,2,2,2c.csv
118,1,0,1,2d.csv
118,0,0,0,2e.csv
118,0,0,0,2f.csv
118,0,0,0,2g.csv
118,0,0,0,2h.csv
118,0,0,0,2i.csv
118,0,0,0,2j.csv
118,0,0,0,2k.csv
118,1,1,0,2l.csv
118,19,14,5,3a.csv
118,11,9,2,3b.csv
118,25,23,2,3c.csv
118,25,23,2,3d.csv
118,15,9,6,3e.csv
118,3,3,0,3f.csv
118,3,2,1,3g.csv
119,7,5,2,1a.csv
119,4,2,2,1b.csv
119,0,0,0,1c.csv
119,1,1,0,1e.csv
119,0,0,0,1f.csv
119,1,0,1,1g.csv
119,0,0,0,1h.csv
119,0,0,0,1i.csv
119,0,0,0,1j.csv
119,0,0,0,1k.csv
119,1,1,0,1l.csv
119,2,1,1,1m.csv
119,1,1,0,2a.csv
119,1,1,0,2b.csv
119,4,2,2,2c.csv
119,0,0,0,2d.csv
119,0,0,0,2e.csv
119,0,0,0,2f.csv
119,0,0,0,2g.csv
119,0,0,0,2h.csv
119,0,0,0,2i.csv
119,0,0,0,2j.csv
119,0,0,0,2k.csv
119,1,1,0,2l.csv
119,19,14,5,3a.csv
119,12,10,2,3b.csv
119,28,26,2,3c.csv
119,28,26,2,3d.csv
119,11,7,4,3e.csv
119,3,3,0,3f.csv
119,3,2,1,3g.csv
120,7,4,3,1a.csv
120,4,2,2,1b.csv
120,0,0,0,1c.csv
120,1,1,0,1e.csv
120,0,0,0,1f.csv
120,1,0,1,1g.csv
120,0,0,0,1h.csv
120,0,0,0,1i.csv
120,0,0,0,1j.csv
120,0,0,0,1k.csv
120,1,1,0,1l.csv
120,3,2,1,1m.csv
120,1,1,0,2a.csv
120,1,1,0,2b.csv
120,3,1,2,2c.csv
120,0,0,0,2d.csv
120,0,0,0,2e.csv
120,0,0,0,2f.csv
120,0,0,0,2g.csv
120,0,0,0,2h.csv
120,0,0,0,2i.csv
120,0,0,0,2j.csv
120,0,0,0,2k.csv
120,1,1,0,2l.csv
120,20,14,6,3a.csv
120,10,9,1,3b.csv
120,26,25,1,3c.csv
120,26,25,1,3d.csv
120,11,7,4,3e.csv
120,1,1,0,3f.csv
120,2,2,0,3g.csv
121,7,5,2,1a.csv
121,3,1,2,1b.csv
121,0,0,0,1c.csv
121,1,1,0,1e.csv
121,0,0,0,1f.csv
121,1,0,1,1g.csv
121,0,0,0,1h.csv
121,0,0,0,1i.csv
121,0,0,0,1j.csv
121,0,0,0,1k.csv
121,1,1,0,1l.csv
121,3,2,1,1m.csv
121,1,1,0,2a.csv
121,1,0,1,2b.csv
121,3,1,2,2c.csv
121,0,0,0,2d.csv
121,0,0,0,2e.csv
121,0,0,0,2f.csv
121,0,0,0,2g.csv
121,0,0,0,2h.csv
121,0,0,0,2i.csv
121,0,0,0,2j.csv
121,0,0,0,2k.csv
121,1,1,0,2l.csv
121,19,14,5,3a.csv
121,10,10,0,3b.csv
121,20,19,1,3c.csv
121,20,19,1,3d.csv
121,11,8,3,3e.csv
121,4,3,1,3f.csv
121,2,2,0,3g.csv
122,6,4,2,1a.csv
122,3,1,2,1b.csv
122,2,1,1,1c.csv
122,1,1,0,1e.csv
122,0,0,0,1f.csv
122,2,1,1,1g.csv
122,0,0,0,1h.csv
122,0,0,0,1i.csv
122,0,0,0,1j.csv
122,0,0,0,1k.csv
122,1,1,0,1l.csv
122,3,2,1,1m.csv
122,1,1,0,2a.csv
122,1,0,1,2b.csv
122,3,1,2,2c.csv
122,0,0,0,2d.csv
122,0,0,0,2e.csv
122,0,0,0,2f.csv
122,0,0,0,2g.csv
122,0,0,0,2h.csv
122,0,0,0,2i.csv
122,0,0,0,2j.csv
122,0,0,0,2k.csv
122,1,1,0,2l.csv
122,18,12,6,3a.csv
122,11,11,0,3b.csv
122,19,18,1,3c.csv
122,19,18,1,3d.csv
122,11,8,3,3e.csv
122,4,3,1,3f.csv
122,1,1,0,3g.csv
123,6,4,2,1a.csv
123,3,1,2,1b.csv
123,2,1,1,1c.csv
123,1,1,0,1e.csv
123,0,0,0,1f.csv
123,2,1,1,1g.csv
123,1,1,0,1h.csv
123,0,0,0,1i.csv
123,0,0,0,1j.csv
123,1,0,1,1k.csv
123,1,1,0,1l.csv
123,4,3,1,1m.csv
123,1,1,0,2a.csv
123,1,0,1,2b.csv
123,2,1,1,2c.csv
123,0,0,0,2d.csv
123,0,0,0,2e.csv
123,0,0,0,2f.csv
123,0,0,0,2g.csv
123,0,0,0,2h.csv
123,0,0,0,2i.csv
123,0,0,0,2j.csv
123,0,0,0,2k.csv
123,1,1,0,2l.csv
123,20,15,5,3a.csv
123,12,11,1,3b.csv
123,16,15,1,3c.csv
123,16,15,1,3d.csv
123,12,9,3,3e.csv
123,6,5,1,3f.csv
123,1,1,0,3g.csv
124,5,4,1,1a.csv
124,3,1,2,1b.csv
124,2,1,1,1c.csv
124,1,1,0,1e.csv
124,0,0,0,1f.csv
124,2,1,1,1g.csv
124,1,1,0,1h.csv
124,0,0,0,1i.csv
124,0,0,0,1j.csv
124,1,0,1,1k.csv
124,1,1,0,1l.csv
124,4,3,1,1m.csv
124,1,1,0,2a.csv
124,1,0,1,2b.csv
124,2,1,1,2c.csv
124,0,0,0,2d.csv
124,0,0,0,2e.csv
124,0,0,0,2f.csv
124,0,0,0,2g.csv
124,0,0,0,2h.csv
124,0,0,0,2i.csv
124,0,0,0,2j.csv
124,0,0,0,2k.csv
124,0,0,0,2l.csv
124,20,15,5,3a.csv
124,10,9,1,3b.csv
124,16,14,2,3c.csv
124,16,14,2,3d.csv
124,10,8,2,3e.csv
124,6,5,1,3f.csv
124,1,1,0,3g.csv
125,5,4,1,1a.csv
125,3,1,2,1b.csv
125,2,1,1,1c.csv
125,1,1,0,1e.csv
125,0,0,0,1f.csv
125,2,1,1,1g.csv
125,1,1,0,1h.csv
125,0,0,0,1i.csv
125,0,0,0,1j.csv
125,1,0,1,1k.csv
125,2,2,0,1l.csv
125,4,4,0,1m.csv
125,0,0,0,2a.csv
125,1,0,1,2b.csv
125,2,1,1,2c.csv
125,0,0,0,2d.csv
125,0,0,0,2e.csv
125,0,0,0,2f.csv
125,0,0,0,2g.csv
125,0,0,0,2h.csv
125,0,0,0,2i.csv
125,1,1,0,2j.csv
125,0,0,0,2k.csv
125,0,0,0,2l.csv
125,19,14,5,3a.csv
125,13,12,1,3b.csv
125,13,10,3,3c.csv
125,13,10,3,3d.csv
125,12,9,3,3e.csv
125,6,5,1,3f.csv
125,1,1,0,3g.csv
126,7,6,1,1a.csv
126,2,1,1,1b.csv
126,2,1,1,1c.csv
126,1,1,0,1e.csv
126,1,1,0,1f.csv
126,1,1,0,1g.csv
126,1,1,0,1h.csv
126,0,0,0,1i.csv
126,0,0,0,1j.csv
126,1,0,1,1k.csv
126,2,2,0,1l.csv
126,4,4,0,1m.csv
126,1,1,0,2a.csv
126,2,1,1,2b.csv
126,1,1,0,2c.csv
126,0,0,0,2d.csv
126,0,0,0,2e.csv
126,0,0,0,2f.csv
126,0,0,0,2g.csv
126,0,0,0,2h.csv
126,0,0,0,2i.csv
126,1,1,0,2j.csv
126,0,0,0,2k.csv
126,0,0,0,2l.csv
126,21,14,7,3a.csv
126,12,11,1,3b.csv
126,11,8,3,3c.csv
126,11,8,3,3d.csv
126,11,9,2,3e.csv
126,6,5,1,3f.csv
126,1,1,0,3g.csv
127,8,7,1,1a.csv
127,3,1,2,1b.csv
127,2,1,1,1c.csv
127,0,0,0,1e.csv
127,1,1,0,1f.csv
127,1,1,0,1g.csv
127,1,1,0,1h.csv
127,0,0,0,1i.csv
127,0,0,0,1j.csv
127,1,0,1,1k.csv
127,1,1,0,1l.csv
127,4,3,1,1m.csv
127,1,1,0,2a.csv
127,2,1,1,2b.csv
127,0,0,0,2c.csv
127,0,0,0,2d.csv
127,0,0,0,2e.csv
127,0,0,0,2f.csv
127,0,0,0,2g.csv
127,0,0,0,2h.csv
127,0,0,0,2i.csv
127,1,1,0,2j.csv
127,0,0,0,2k.csv
127,0,0,0,2l.csv
127,25,17,8,3a.csv
127,12,11,1,3b.csv
127,9,5,4,3c.csv
127,9,5,4,3d.csv
127,11,9,2,3e.csv
127,7,6,1,3f.csv
127,1,1,0,3g.csv
128,7,7,0,1a.csv
128,3,1,2,1b.csv
128,2,1,1,1c.csv
128,0,0,0,1e.csv
128,1,1,0,1f.csv
128,1,1,0,1g.csv
128,1,1,0,1h.csv
128,1,0,1,1i.csv
128,0,0,0,1j.csv
128,1,0,1,1k.csv
128,1,1,0,1l.csv
128,3,2,1,1m.csv
128,2,2,0,2a.csv
128,2,1,1,2b.csv
128,0,0,0,2c.csv
128,0,0,0,2d.csv
128,0,0,0,2e.csv
128,0,0,0,2f.csv
128,0,0,0,2g.csv
128,0,0,0,2h.csv
128,0,0,0,2i.csv
128,1,1,0,2j.csv
128,0,0,0,2k.csv
128,0,0,0,2l.csv
128,21,15,6,3a.csv
128,12,11,1,3b.csv
128,8,4,4,3c.csv
128,8,4,4,3d.csv
128,8,7,1,3e.csv
128,7,6,1,3f.csv
128,2,1,1,3g.csv
129,8,8,0,1a.csv
129,2,0,2,1b.csv
129,3,2,1,1c.csv
129,0,0,0,1e.csv
129,1,1,0,1f.csv
129,1,1,0,1g.csv
129,1,1,0,1h.csv
129,1,0,1,1i.csv
129,0,0,0,1j.csv
129,1,0,1,1k.csv
129,1,1,0,1l.csv
129,3,2,1,1m.csv
129,2,2,0,2a.csv
129,1,1,0,2b.csv
129,0,0,0,2c.csv
129,0,0,0,2d.csv
129,0,0,0,2e.csv
129,0,0,0,2f.csv
129,0,0,0,2g.csv
129,0,0,0,2h.csv
129,0,0,0,2i.csv
129,1,1,0,2j.csv
129,0,0,0,2k.csv
129,1,0,1,2l.csv
129,20,13,7,3a.csv
129,12,11,1,3b.csv
129,8,4,4,3c.csv
129,8,4,4,3d.csv
129,7,6,1,3e.csv
129,4,4,0,3f.csv
129,2,1,1,3g.csv
130,8,8,0,1a.csv
130,3,1,2,1b.csv
130,1,1,0,1c.csv
130,1,1,0,1e.csv
130,1,1,0,1f.csv
130,0,0,0,1g.csv
130,1,1,0,1h.csv
130,1,0,1,1i.csv
130,0,0,0,1j.csv
130,1,0,1,1k.csv
130,1,1,0,1l.csv
130,3,2,1,1m.csv
130,2,2,0,2a.csv
130,1,1,0,2b.csv
130,0,0,0,2c.csv
130,0,0,0,2d.csv
130,0,0,0,2e.csv
130,1,0,1,2f.csv
130,0,0,0,2g.csv
130,0,0,0,2h.csv
130,1,1,0,2i.csv
130,1,1,0,2j.csv
130,0,0,0,2k.csv
130,1,0,1,2l.csv
130,23,17,6,3a.csv
130,11,10,1,3b.csv
130,7,3,4,3c.csv
130,7,3,4,3d.csv
130,6,5,1,3e.csv
130,4,4,0,3f.csv
130,2,1,1,3g.csv
131,7,7,0,1a.csv
131,4,1,3,1b.csv
131,1,1,0,1c.csv
131,1,1,0,1e.csv
131,1,1,0,1f.csv
131,0,0,0,1g.csv
131,0,0,0,1h.csv
131,1,0,1,1i.csv
131,0,0,0,1j.csv
131,0,0,0,1k.csv
131,1,1,0,1l.csv
131,2,1,1,1m.csv
131,2,2,0,2a.csv
131,3,3,0,2b.csv
131,0,0,0,2c.csv
131,0,0,0,2d.csv
131,0,0,0,2e.csv
131,1,0,1,2f.csv
131,0,0,0,2g.csv
131,0,0,0,2h.csv
131,1,1,0,2i.csv
131,1,1,0,2j.csv
131,0,0,0,2k.csv
131,1,0,1,2l.csv
131,21,15,6,3a.csv
131,11,10,1,3b.csv
131,9,5,4,3c.csv
131,9,5,4,3d.csv
131,6,4,2,3e.csv
131,3,3,0,3f.csv
131,2,1,1,3g.csv
132,8,8,0,1a.csv
132,4,1,3,1b.csv
132,1,1,0,1c.csv
132,1,1,0,1e.csv
132,2,2,0,1f.csv
132,0,0,0,1g.csv
132,0,0,0,1h.csv
132,1,0,1,1i.csv
132,0,0,0,1j.csv
132,0,0,0,1k.csv
132,1,1,0,1l.csv
132,2,1,1,1m.csv
132,2,2,0,2a.csv
132,3,3,0,2b.csv
132,0,0,0,2c.csv
132,0,0,0,2d.csv
132,0,0,0,2e.csv
132,1,0,1,2f.csv
132,0,0,0,2g.csv
132,0,0,0,2h.csv
132,1,1,0,2i.csv
132,1,1,0,2j.csv
132,0,0,0,2k.csv
132,1,0,1,2l.csv
132,24,18,6,3a.csv
132,11,10,1,3b.csv
132,8,5,3,3c.csv
132,8,5,3,3d.csv
132,7,5,2,3e.csv
132,3,3,0,3f.csv
132,1,0,1,3g.csv
133,7,7,0,1a.csv
133,3,1,2,1b.csv
133,1,1,0,1c.csv
133,1,1,0,1e.csv
133,2,2,0,1f.csv
133,0,0,0,1g.csv
133,0,0,0,1h.csv
133,1,0,1,1i.csv
133,0,0,0,1j.csv
133,0,0,0,1k.csv
133,0,0,0,1l.csv
133,1,0,1,1m.csv
133,2,2,0,2a.csv
133,4,3,1,2b.csv
133,0,0,0,2c.csv
133,0,0,0,2d.csv
133,0,0,0,2e.csv
133,1,0,1,2f.csv
133,0,0,0,2g.csv
133,0,0,0,2h.csv
133,1,1,0,2i.csv
133,0,0,0,2j.csv
133,0,0,0,2k.csv
133,1,0,1,2l.csv
133,25,19,6,3a.csv
133,7,6,1,3b.csv
133,8,6,2,3c.csv
133,8,6,2,3d.csv
133,5,4,1,3e.csv
133,4,4,0,3f.csv
133,1,0,1,3g.csv
134,6,6,0,1a.csv
134,3,1,2,1b.csv
134,1,1,0,1c.csv
134,1,1,0,1e.csv
134,1,1,0,1f.csv
134,0,0,0,1g.csv
134,0,0,0,1h.csv
134,1,0,1,1i.csv
134,0,0,0,1j.csv
134,0,0,0,1k.csv
134,0,0,0,1l.csv
134,1,0,1,1m.csv
134,1,1,0,2a.csv
134,3,2,1,2b.csv
134,1,1,0,2c.csv
134,0,0,0,2d.csv
134,0,0,0,2e.csv
134,1,0,1,2f.csv
134,0,0,0,2g.csv
134,0,0,0,2h.csv
134,1,1,0,2i.csv
134,0,0,0,2j.csv
134,0,0,0,2k.csv
134,1,0,1,2l.csv
134,27,23,4,3a.csv
134,9,8,1,3b.csv
134,8,6,2,3c.csv
134,8,6,2,3d.csv
134,4,3,1,3e.csv
134,4,4,0,3f.csv
134,1,0,1,3g.csv
135,7,7,0,1a.csv
135,2,1,1,1b.csv
135,1,1,0,1c.csv
135,1,1,0,1e.csv
135,1,1,0,1f.csv
135,0,0,0,1g.csv
135,0,0,0,1h.csv
135,1,0,1,1i.csv
135,0,0,0,1j.csv
135,0,0,0,1k.csv
135,0,0,0,1l.csv
135,0,0,0,1m.csv
135,1,1,0,2a.csv
135,3,2,1,2b.csv
135,1,1,0,2c.csv
135,0,0,0,2d.csv
135,0,0,0,2e.csv
135,1,0,1,2f.csv
135,0,0,0,2g.csv
135,0,0,0,2h.csv
135,1,1,0,2i.csv
135,0,0,0,2j.csv
135,0,0,0,2k.csv
135,1,0,1,2l.csv
135,28,25,3,3a.csv
135,9,8,1,3b.csv
135,6,5,1,3c.csv
135,6,5,1,3d.csv
135,6,4,2,3e.csv
135,3,3,0,3f.csv
135,2,0,2,3g.csv
136,8,8,0,1a.csv
136,3,2,1,1b.csv
136,1,1,0,1c.csv
136,1,1,0,1e.csv
136,1,1,0,1f.csv
136,0,0,0,1g.csv
136,0,0,0,1h.csv
136,0,0,0,1i.csv
136,0,0,0,1j.csv
136,0,0,0,1k.csv
136,0,0,0,1l.csv
136,0,0,0,1m.csv
136,0,0,0,2a.csv
136,3,2,1,2b.csv
136,1,1,0,2c.csv
136,0,0,0,2d.csv
136,0,0,0,2e.csv
136,1,0,1,2f.csv
136,0,0,0,2g.csv
136,0,0,0,2h.csv
136,1,1,0,2i.csv
136,0,0,0,2j.csv
136,0,0,0,2k.csv
136,1,0,1,2l.csv
136,31,28,3,3a.csv
136,9,8,1,3b.csv
136,5,4,1,3c.csv
136,5,4,1,3d.csv
136,10,6,4,3e.csv
136,7,7,0,3f.csv
136,1,0,1,3g.csv
137,6,6,0,1a.csv
137,3,2,1,1b.csv
137,0,0,0,1c.csv
137,1,1,0,1e.csv
137,1,1,0,1f.csv
137,1,0,1,1g.csv
137,0,0,0,1h.csv
137,0,0,0,1i.csv
137,0,0,0,1j.csv
137,0,0,0,1k.csv
137,1,1,0,1l.csv
137,0,0,0,1m.csv
137,0,0,0,2a.csv
137,3,2,1,2b.csv
137,1,1,0,2c.csv
137,0,0,0,2d.csv
137,0,0,0,2e.csv
137,1,0,1,2f.csv
137,0,0,0,2g.csv
137,0,0,0,2h.csv
137,1,1,0,2i.csv
137,0,0,0,2j.csv
137,0,0,0,2k.csv
137,2,2,0,2l.csv
137,32,30,2,3a.csv
137,10,9,1,3b.csv
137,4,4,0,3c.csv
137,4,4,0,3d.csv
137,11,7,4,3e.csv
137,8,8,0,3f.csv
137,3,0,3,3g.csv
138,8,8,0,1a.csv
138,2,1,1,1b.csv
138,0,0,0,1c.csv
138,0,0,0,1e.csv
138,1,1,0,1f.csv
138,1,0,1,1g.csv
138,0,0,0,1h.csv
138,0,0,0,1i.csv
138,0,0,0,1j.csv
138,0,0,0,1k.csv
138,2,2,0,1l.csv
138,0,0,0,1m.csv
138,0,0,0,2a.csv
138,3,2,1,2b.csv
138,1,1,0,2c.csv
138,0,0,0,2d.csv
138,0,0,0,2e.csv
138,0,0,0,2f.csv
138,0,0,0,2g.csv
138,0,0,0,2h.csv
138,0,0,0,2i.csv
138,0,0,0,2j.csv
138,0,0,0,2k.csv
138,2,2,0,2l.csv
138,30,28,2,3a.csv
138,12,11,1,3b.csv
138,5,5,0,3c.csv
138,5,5,0,3d.csv
138,12,8,4,3e.csv
138,9,9,0,3f.csv
138,4,0,4,3g.csv
139,10,10,0,1a.csv
139,1,1,0,1b.csv
139,1,1,0,1c.csv
139,0,0,0,1e.csv
139,1,1,0,1f.csv
139,1,0,1,1g.csv
139,0,0,0,1h.csv
139,0,0,0,1i.csv
139,0,0,0,1j.csv
139,0,0,0,1k.csv
139,2,2,0,1l.csv
139,0,0,0,1m.csv
139,0,0,0,2a.csv
139,1,0,1,2b.csv
139,1,1,0,2c.csv
139,0,0,0,2d.csv
139,0,0,0,2e.csv
139,0,0,0,2f.csv
139,0,0,0,2g.csv
139,0,0,0,2h.csv
139,0,0,0,2i.csv
139,0,0,0,2j.csv
139,0,0,0,2k.csv
139,2,2,0,2l.csv
139,30,28,2,3a.csv
139,15,15,0,3b.csv
139,6,6,0,3c.csv
139,6,6,0,3d.csv
139,12,9,3,3e.csv
139,8,8,0,3f.csv
139,4,0,4,3g.csv
140,9,9,0,1a.csv
140,2,2,0,1b.csv
140,1,1,0,1c.csv
140,0,0,0,1e.csv
140,0,0,0,1f.csv
140,1,0,1,1g.csv
140,0,0,0,1h.csv
140,0,0,0,1i.csv
140,0,0,0,1j.csv
140,0,0,0,1k.csv
140,2,2,0,1l.csv
140,0,0,0,1m.csv
140,0,0,0,2a.csv
140,1,0,1,2b.csv
140,1,1,0,2c.csv
140,0,0,0,2d.csv
140,0,0,0,2e.csv
140,0,0,0,2f.csv
140,0,0,0,2g.csv
140,0,0,0,2h.csv
140,0,0,0,2i.csv
140,0,0,0,2j.csv
140,0,0,0,2k.csv
140,2,2,0,2l.csv
140,30,26,4,3a.csv
140,14,14,0,3b.csv
140,7,6,1,3c.csv
140,7,6,1,3d.csv
140,14,8,6,3e.csv
140,8,8,0,3f.csv
140,4,0,4,3g.csv
141,9,9,0,1a.csv
141,2,2,0,1b.csv
141,1,1,0,1c.csv
141,0,0,0,1e.csv
141,0,0,0,1f.csv
141,1,0,1,1g.csv
141,0,0,0,1h.csv
141,0,0,0,1i.csv
141,0,0,0,1j.csv
141,0,0,0,1k.csv
141,2,2,0,1l.csv
141,0,0,0,1m.csv
141,0,0,0,2a.csv
141,0,0,0,2b.csv
141,2,1,1,2c.csv
141,0,0,0,2d.csv
141,0,0,0,2e.csv
141,0,0,0,2f.csv
141,0,0,0,2g.csv
141,0,0,0,2h.csv
141,0,0,0,2i.csv
141,0,0,0,2j.csv
141,0,0,0,2k.csv
141,3,3,0,2l.csv
141,26,23,3,3a.csv
141,16,16,0,3b.csv
141,7,6,1,3c.csv
141,7,6,1,3d.csv
141,16,9,7,3e.csv
141,8,8,0,3f.csv
141,4,0,4,3g.csv
142,9,9,0,1a.csv
142,2,2,0,1b.csv
142,1,1,0,1c.csv
142,0,0,0,1e.csv
142,0,0,0,1f.csv
142,1,0,1,1g.csv
142,0,0,0,1h.csv
142,0,0,0,1i.csv
142,0,0,0,1j.csv
142,0,0,0,1k.csv
142,2,2,0,1l.csv
142,0,0,0,1m.csv
142,0,0,0,2a.csv
142,0,0,0,2b.csv
142,1,0,1,2c.csv
142,0,0,0,2d.csv
142,0,0,0,2e.csv
142,0,0,0,2f.csv
142,0,0,0,2g.csv
142,0,0,0,2h.csv
142,0,0,0,2i.csv
142,0,0,0,2j.csv
142,0,0,0,2k.csv
142,3,3,0,2l.csv
142,22,19,3,3a.csv
142,15,15,0,3b.csv
142,10,8,2,3c.csv
142,10,8,2,3d.csv
142,15,8,7,3e.csv
142,7,7,0,3f.csv
142,4,0,4,3g.csv
143,8,8,0,1a.csv
143,2,2,0,1b.csv
143,2,2,0,1c.csv
143,0,0,0,1e.csv
143,0,0,0,1f.csv
143,1,0,1,1g.csv
143,0,0,0,1h.csv
143,0,0,0,1i.csv
143,0,0,0,1j.csv
143,0,0,0,1k.csv
143,2,2,0,1l.csv
143,1,1,0,1m.csv
143,0,0,0,2a.csv
143,0,0,0,2b.csv
143,1,0,1,2c.csv
143,0,0,0,2d.csv
143,0,0,0,2e.csv
143,0,0,0,2f.csv
143,0,0,0,2g.csv
143,0,0,0,2h.csv
143,0,0,0,2i.csv
143,0,0,0,2j.csv
143,0,0,0,2k.csv
143,3,3,0,2l.csv
143,20,17,3,3a.csv
143,19,18,1,3b.csv
143,13,11,2,3c.csv
143,13,11,2,3d.csv
143,15,8,7,3e.csv
143,9,9,0,3f.csv
143,3,0,3,3g.csv
144,7,7,0,1a.csv
144,1,1,0,1b.csv
144,2,2,0,1c.csv
144,0,0,0,1e.csv
144,0,0,0,1f.csv
144,1,0,1,1g.csv
144,0,0,0,1h.csv
144,0,0,0,1i.csv
144,0,0,0,1j.csv
144,0,0,0,1k.csv
144,3,3,0,1l.csv
144,1,1,0,1m.csv
144,0,0,0,2a.csv
144,0,0,0,2b.csv
144,1,0,1,2c.csv
144,0,0,0,2d.csv
144,0,0,0,2e.csv
144,0,0,0,2f.csv
144,0,0,0,2g.csv
144,0,0,0,2h.csv
144,0,0,0,2i.csv
144,0,0,0,2j.csv
144,0,0,0,2k.csv
144,3,3,0,2l.csv
144,18,15,3,3a.csv
144,19,18,1,3b.csv
144,14,12,2,3c.csv
144,14,12,2,3d.csv
144,11,6,5,3e.csv
144,6,6,0,3f.csv
144,3,0,3,3g.csv
145,7,7,0,1a.csv
145,1,1,0,1b.csv
145,2,2,0,1c.csv
145,0,0,0,1e.csv
145,0,0,0,1f.csv
145,0,0,0,1g.csv
145,0,0,0,1h.csv
145,0,0,0,1i.csv
145,0,0,0,1j.csv
145,0,0,0,1k.csv
145,2,2,0,1l.csv
145,1,1,0,1m.csv
145,0,0,0,2a.csv
145,0,0,0,2b.csv
145,1,0,1,2c.csv
145,0,0,0,2d.csv
145,0,0,0,2e.csv
145,0,0,0,2f.csv
145,0,0,0,2g.csv
145,0,0,0,2h.csv
145,0,0,0,2i.csv
145,0,0,0,2j.csv
145,0,0,0,2k.csv
145,1,1,0,2l.csv
145,18,15,3,3a.csv
145,22,21,1,3b.csv
145,16,13,3,3c.csv
145,16,13,3,3d.csv
145,12,6,6,3e.csv
145,6,6,0,3f.csv
145,1,0,1,3g.csv
146,5,5,0,1a.csv
146,2,2,0,1b.csv
146,2,2,0,1c.csv
146,0,0,0,1e.csv
146,0,0,0,1f.csv
146,0,0,0,1g.csv
146,0,0,0,1h.csv
146,0,0,0,1i.csv
146,0,0,0,1j.csv
146,0,0,0,1k.csv
146,1,1,0,1l.csv
146,1,1,0,1m.csv
146,0,0,0,2a.csv
146,0,0,0,2b.csv
146,2,0,2,2c.csv
146,0,0,0,2d.csv
146,0,0,0,2e.csv
146,0,0,0,2f.csv
146,0,0,0,2g.csv
146,0,0,0,2h.csv
146,0,0,0,2i.csv
146,0,0,0,2j.csv
146,0,0,0,2k.csv
146,2,2,0,2l.csv
146,17,14,3,3a.csv
146,22,21,1,3b.csv
146,16,12,4,3c.csv
146,16,12,4,3d.csv
146,11,5,6,3e.csv
146,8,7,1,3f.csv
146,0,0,0,3g.csv
147,3,3,0,1a.csv
147,3,3,0,1b.csv
147,2,2,0,1c.csv
147,0,0,0,1e.csv
147,0,0,0,1f.csv
147,0,0,0,1g.csv
147,0,0,0,1h.csv
147,0,0,0,1i.csv
147,0,0,0,1j.csv
147,0,0,0,1k.csv
147,1,1,0,1l.csv
147,1,1,0,1m.csv
147,0,0,0,2a.csv
147,0,0,0,2b.csv
147,2,0,2,2c.csv
147,0,0,0,2d.csv
147,0,0,0,2e.csv
147,0,0,0,2f.csv
147,0,0,0,2g.csv
147,0,0,0,2h.csv
147,0,0,0,2i.csv
147,1,1,0,2j.csv
147,0,0,0,2k.csv
147,2,2,0,2l.csv
147,18,16,2,3a.csv
147,18,17,1,3b.csv
147,14,10,4,3c.csv
147,14,10,4,3d.csv
147,10,4,6,3e.csv
147,8,7,1,3f.csv
147,0,0,0,3g.csv
148,4,3,1,1a.csv
148,2,2,0,1b.csv
148,2,2,0,1c.csv
148,0,0,0,1e.csv
148,0,0,0,1f.csv
148,0,0,0,1g.csv
148,0,0,0,1h.csv
148,0,0,0,1i.csv
148,0,0,0,1j.csv
148,0,0,0,1k.csv
148,2,1,1,1l.csv
148,1,1,0,1m.csv
148,0,0,0,2a.csv
148,0,0,0,2b.csv
148,2,0,2,2c.csv
148,0,0,0,2d.csv
148,0,0,0,2e.csv
148,0,0,0,2f.csv
148,0,0,0,2g.csv
148,0,0,0,2h.csv
148,0,0,0,2i.csv
148,1,1,0,2j.csv
148,0,0,0,2k.csv
148,2,2,0,2l.csv
148,15,15,0,3a.csv
148,20,19,1,3b.csv
148,15,12,3,3c.csv
148,15,12,3,3d.csv
148,9,5,4,3e.csv
148,9,8,1,3f.csv
148,0,0,0,3g.csv
149,5,4,1,1a.csv
149,2,2,0,1b.csv
149,2,2,0,1c.csv
149,0,0,0,1e.csv
149,0,0,0,1f.csv
149,0,0,0,1g.csv
149,0,0,0,1h.csv
149,0,0,0,1i.csv
149,0,0,0,1j.csv
149,0,0,0,1k.csv
149,2,1,1,1l.csv
149,1,1,0,1m.csv
149,0,0,0,2a.csv
149,0,0,0,2b.csv
149,1,0,1,2c.csv
149,0,0,0,2d.csv
149,0,0,0,2e.csv
149,0,0,0,2f.csv
149,0,0,0,2g.csv
149,0,0,0,2h.csv
149,0,0,0,2i.csv
149,1,1,0,2j.csv
149,0,0,0,2k.csv
149,1,1,0,2l.csv
149,18,18,0,3a.csv
149,18,17,1,3b.csv
149,17,14,3,3c.csv
149,17,14,3,3d.csv
149,8,4,4,3e.csv
149,9,8,1,3f.csv
149,0,0,0,3g.csv
150,6,5,1,1a.csv
150,2,2,0,1b.csv
150,2,2,0,1c.csv
150,0,0,0,1e.csv
150,0,0,0,1f.csv
150,0,0,0,1g.csv
150,0,0,0,1h.csv
150,0,0,0,1i.csv
150,0,0,0,1j.csv
150,0,0,0,1k.csv
150,2,1,1,1l.csv
150,1,1,0,1m.csv
150,0,0,0,2a.csv
150,0,0,0,2b.csv
150,1,0,1,2c.csv
150,0,0,0,2d.csv
150,0,0,0,2e.csv
150,0,0,0,2f.csv
150,0,0,0,2g.csv
150,0,0,0,2h.csv
150,1,0,1,2i.csv
150,1,1,0,2j.csv
150,0,0,0,2k.csv
150,2,2,0,2l.csv
150,23,22,1,3a.csv
150,18,17,1,3b.csv
150,15,12,3,3c.csv
150,15,12,3,3d.csv
150,9,4,5,3e.csv
150,9,8,1,3f.csv
150,0,0,0,3g.csv
151,5,4,1,1a.csv
151,3,3,0,1b.csv
151,1,1,0,1c.csv
151,0,0,0,1e.csv
151,1,1,0,1f.csv
151,0,0,0,1g.csv
151,0,0,0,1h.csv
151,0,0,0,1i.csv
151,0,0,0,1j.csv
151,0,0,0,1k.csv
151,2,1,1,1l.csv
151,1,1,0,1m.csv
151,0,0,0,2a.csv
151,0,0,0,2b.csv
151,1,0,1,2c.csv
151,0,0,0,2d.csv
151,0,0,0,2e.csv
151,0,0,0,2f.csv
151,0,0,0,2g.csv
151,0,0,0,2h.csv
151,1,0,1,2i.csv
151,1,1,0,2j.csv
151,0,0,0,2k.csv
151,3,3,0,2l.csv
151,23,21,2,3a.csv
151,16,16,0,3b.csv
151,13,10,3,3c.csv
151,13,10,3,3d.csv
151,8,4,4,3e.csv
151,8,7,1,3f.csv
151,0,0,0,3g.csv
152,6,5,1,1a.csv
152,4,4,0,1b.csv
152,1,1,0,1c.csv
152,0,0,0,1e.csv
152,1,1,0,1f.csv
152,0,0,0,1g.csv
152,0,0,0,1h.csv
152,0,0,0,1i.csv
152,0,0,0,1j.csv
152,0,0,0,1k.csv
152,3,0,3,1l.csv
152,1,1,0,1m.csv
152,0,0,0,2a.csv
152,1,0,1,2b.csv
152,1,0,1,2c.csv
152,0,0,0,2d.csv
152,0,0,0,2e.csv
152,0,0,0,2f.csv
152,0,0,0,2g.csv
152,0,0,0,2h.csv
152,1,0,1,2i.csv
152,1,1,0,2j.csv
152,0,0,0,2k.csv
152,4,4,0,2l.csv
152,24,22,2,3a.csv
152,15,15,0,3b.csv
152,13,9,4,3c.csv
152,13,9,4,3d.csv
152,9,5,4,3e.csv
152,8,7,1,3f.csv
152,1,1,0,3g.csv
153,6,5,1,1a.csv
153,5,5,0,1b.csv
153,1,1,0,1c.csv
153,0,0,0,1e.csv
153,1,1,0,1f.csv
153,0,0,0,1g.csv
153,0,0,0,1h.csv
153,0,0,0,1i.csv
153,0,0,0,1j.csv
153,0,0,0,1k.csv
153,3,0,3,1l.csv
153,2,2,0,1m.csv
153,0,0,0,2a.csv
153,1,0,1,2b.csv
153,1,0,1,2c.csv
153,0,0,0,2d.csv
153,0,0,0,2e.csv
153,0,0,0,2f.csv
153,0,0,0,2g.csv
153,0,0,0,2h.csv
153,1,0,1,2i.csv
153,2,2,0,2j.csv
153,0,0,0,2k.csv
153,4,4,0,2l.csv
153,26,24,2,3a.csv
153,14,13,1,3b.csv
153,11,8,3,3c.csv
153,11,8,3,3d.csv
153,9,5,4,3e.csv
153,8,7,1,3f.csv
153,1,1,0,3g.csv
154,8,6,2,1a.csv
154,5,5,0,1b.csv
154,2,1,1,1c.csv
154,0,0,0,1e.csv
154,1,1,0,1f.csv
154,0,0,0,1g.csv
154,0,0,0,1h.csv
154,0,0,0,1i.csv
154,0,0,0,1j.csv
154,0,0,0,1k.csv
154,4,1,3,1l.csv
154,2,2,0,1m.csv
154,0,0,0,2a.csv
154,1,0,1,2b.csv
154,0,0,0,2c.csv
154,0,0,0,2d.csv
154,1,1,0,2e.csv
154,0,0,0,2f.csv
154,0,0,0,2g.csv
154,0,0,0,2h.csv
154,1,0,1,2i.csv
154,2,2,0,2j.csv
154,0,0,0,2k.csv
154,4,3,1,2l.csv
154,29,27,2,3a.csv
154,16,15,1,3b.csv
154,10,8,2,3c.csv
154,10,8,2,3d.csv
154,10,6,4,3e.csv
154,5,5,0,3f.csv
154,1,1,0,3g.csv
155,10,7,3,1a.csv
155,4,4,0,1b.csv
155,2,0,2,1c.csv
155,0,0,0,1e.csv
155,2,2,0,1f.csv
155,0,0,0,1g.csv
155,0,0,0,1h.csv
155,1,0,1,1i.csv
155,0,0,0,1j.csv
155,0,0,0,1k.csv
155,4,1,3,1l.csv
155,2,2,0,1m.csv
155,1,1,0,2a.csv
155,1,0,1,2b.csv
155,0,0,0,2c.csv
155,0,0,0,2d.csv
155,1,1,0,2e.csv
155,0,0,0,2f.csv
155,0,0,0,2g.csv
155,0,0,0,2h.csv
155,1,0,1,2i.csv
155,1,1,0,2j.csv
155,0,0,0,2k.csv
155,5,4,1,2l.csv
155,30,27,3,3a.csv
155,17,16,1,3b.csv
155,10,8,2,3c.csv
155,10,8,2,3d.csv
155,9,5,4,3e.csv
155,8,7,1,3f.csv
155,1,1,0,3g.csv
156,8,6,2,1a.csv
156,4,4,0,1b.csv
156,2,0,2,1c.csv
156,0,0,0,1e.csv
156,2,2,0,1f.csv
156,0,0,0,1g.csv
156,0,0,0,1h.csv
156,1,0,1,1i.csv
156,0,0,0,1j.csv
156,0,0,0,1k.csv
156,3,1,2,1l.csv
156,2,2,0,1m.csv
156,1,1,0,2a.csv
156,1,0,1,2b.csv
156,0,0,0,2c.csv
156,1,0,1,2d.csv
156,1,1,0,2e.csv
156,0,0,0,2f.csv
156,0,0,0,2g.csv
156,0,0,0,2h.csv
156,1,0,1,2i.csv
156,1,1,0,2j.csv
156,0,0,0,2k.csv
156,5,4,1,2l.csv
156,33,30,3,3a.csv
156,16,14,2,3b.csv
156,9,7,2,3c.csv
156,9,7,2,3d.csv
156,7,4,3,3e.csv
156,8,7,1,3f.csv
156,1,1,0,3g.csv
157,9,7,2,1a.csv
157,6,6,0,1b.csv
157,2,0,2,1c.csv
157,0,0,0,1e.csv
157,2,2,0,1f.csv
157,0,0,0,1g.csv
157,0,0,0,1h.csv
157,1,0,1,1i.csv
157,0,0,0,1j.csv
157,0,0,0,1k.csv
157,3,1,2,1l.csv
157,2,2,0,1m.csv
157,1,1,0,2a.csv
157,1,0,1,2b.csv
157,0,0,0,2c.csv
157,2,1,1,2d.csv
157,1,1,0,2e.csv
157,0,0,0,2f.csv
157,0,0,0,2g.csv
157,0,0,0,2h.csv
157,1,0,1,2i.csv
157,1,1,0,2j.csv
157,0,0,0,2k.csv
157,5,4,1,2l.csv
157,32,29,3,3a.csv
157,18,16,2,3b.csv
157,9,6,3,3c.csv
157,9,6,3,3d.csv
157,10,6,4,3e.csv
157,7,6,1,3f.csv
157,2,2,0,3g.csv
158,7,5,2,1a.csv
158,6,6,0,1b.csv
158,3,0,3,1c.csv
158,0,0,0,1e.csv
158,2,2,0,1f.csv
158,0,0,0,1g.csv
158,0,0,0,1h.csv
158,1,0,1,1i.csv
158,0,0,0,1j.csv
158,0,0,0,1k.csv
158,6,3,3,1l.csv
158,2,2,0,1m.csv
158,1,1,0,2a.csv
158,1,0,1,2b.csv
158,0,0,0,2c.csv
158,3,2,1,2d.csv
158,1,1,0,2e.csv
158,0,0,0,2f.csv
158,0,0,0,2g.csv
158,0,0,0,2h.csv
158,0,0,0,2i.csv
158,1,1,0,2j.csv
158,0,0,0,2k.csv
158,5,4,1,2l.csv
158,28,26,2,3a.csv
158,16,14,2,3b.csv
158,10,8,2,3c.csv
158,10,8,2,3d.csv
158,11,8,3,3e.csv
158,7,6,1,3f.csv
158,2,2,0,3g.csv
159,7,5,2,1a.csv
159,6,6,0,1b.csv
159,3,0,3,1c.csv
159,0,0,0,1e.csv
159,1,1,0,1f.csv
159,0,0,0,1g.csv
159,0,0,0,1h.csv
159,1,0,1,1i.csv
159,0,0,0,1j.csv
159,0,0,0,1k.csv
159,8,4,4,1l.csv
159,1,1,0,1m.csv
159,1,1,0,2a.csv
159,1,0,1,2b.csv
159,0,0,0,2c.csv
159,5,4,1,2d.csv
159,1,1,0,2e.csv
159,0,0,0,2f.csv
159,0,0,0,2g.csv
159,0,0,0,2h.csv
159,0,0,0,2i.csv
159,1,1,0,2j.csv
159,0,0,0,2k.csv
159,5,4,1,2l.csv
159,28,25,3,3a.csv
159,17,14,3,3b.csv
159,10,8,2,3c.csv
159,10,8,2,3d.csv
159,10,7,3,3e.csv
159,8,7,1,3f.csv
159,4,4,0,3g.csv
160,6,4,2,1a.csv
160,5,5,0,1b.csv
160,3,0,3,1c.csv
160,0,0,0,1e.csv
160,1,1,0,1f.csv
160,0,0,0,1g.csv
160,0,0,0,1h.csv
160,1,0,1,1i.csv
160,0,0,0,1j.csv
160,0,0,0,1k.csv
160,6,4,2,1l.csv
160,1,1,0,1m.csv
160,2,2,0,2a.csv
160,0,0,0,2b.csv
160,0,0,0,2c.csv
160,5,4,1,2d.csv
160,2,2,0,2e.csv
160,0,0,0,2f.csv
160,0,0,0,2g.csv
160,0,0,0,2h.csv
160,0,0,0,2i.csv
160,1,1,0,2j.csv
160,0,0,0,2k.csv
160,4,3,1,2l.csv
160,26,23,3,3a.csv
160,19,16,3,3b.csv
160,10,9,1,3c.csv
160,10,9,1,3d.csv
160,12,8,4,3e.csv
160,8,7,1,3f.csv
160,6,6,0,3g.csv
161,7,4,3,1a.csv
161,7,6,1,1b.csv
161,3,0,3,1c.csv
161,0,0,0,1e.csv
161,1,1,0,1f.csv
161,0,0,0,1g.csv
161,0,0,0,1h.csv
161,1,0,1,1i.csv
161,0,0,0,1j.csv
161,0,0,0,1k.csv
161,6,4,2,1l.csv
161,0,0,0,1m.csv
161,2,2,0,2a.csv
161,0,0,0,2b.csv
161,0,0,0,2c.csv
161,5,4,1,2d.csv
161,2,2,0,2e.csv
161,1,0,1,2f.csv
161,0,0,0,2g.csv
161,0,0,0,2h.csv
161,0,0,0,2i.csv
161,0,0,0,2j.csv
161,0,0,0,2k.csv
161,4,3,1,2l.csv
161,24,21,3,3a.csv
161,17,15,2,3b.csv
161,10,8,2,3c.csv
161,10,8,2,3d.csv
161,13,10,3,3e.csv
161,7,6,1,3f.csv
161,8,8,0,3g.csv
162,7,3,4,1a.csv
162,8,7,1,1b.csv
162,2,0,2,1c.csv
162,0,0,0,1e.csv
162,1,1,0,1f.csv
162,0,0,0,1g.csv
162,0,0,0,1h.csv
162,1,0,1,1i.csv
162,0,0,0,1j.csv
162,0,0,0,1k.csv
162,5,3,2,1l.csv
162,0,0,0,1m.csv
162,2,2,0,2a.csv
162,0,0,0,2b.csv
162,0,0,0,2c.csv
162,5,4,1,2d.csv
162,1,1,0,2e.csv
162,1,0,1,2f.csv
162,0,0,0,2g.csv
162,0,0,0,2h.csv
162,0,0,0,2i.csv
162,0,0,0,2j.csv
162,0,0,0,2k.csv
162,3,3,0,2l.csv
162,23,20,3,3a.csv
162,14,12,2,3b.csv
162,10,8,2,3c.csv
162,10,8,2,3d.csv
162,13,10,3,3e.csv
162,8,7,1,3f.csv
162,8,8,0,3g.csv
163,7,2,5,1a.csv
163,11,10,1,1b.csv
163,2,0,2,1c.csv
163,0,0,0,1e.csv
163,0,0,0,1f.csv
163,0,0,0,1g.csv
163,0,0,0,1h.csv
163,1,1,0,1i.csv
163,0,0,0,1j.csv
163,0,0,0,1k.csv
163,5,3,2,1l.csv
163,1,0,1,1m.csv
163,1,1,0,2a.csv
163,0,0,0,2b.csv
163,0,0,0,2c.csv
163,5,4,1,2d.csv
163,2,2,0,2e.csv
163,1,0,1,2f.csv
163,0,0,0,2g.csv
163,0,0,0,2h.csv
163,0,0,0,2i.csv
163,0,0,0,2j.csv
163,0,0,0,2k.csv
163,2,2,0,2l.csv
163,23,21,2,3a.csv
163,15,13,2,3b.csv
163,11,9,2,3c.csv
163,11,9,2,3d.csv
163,14,10,4,3e.csv
163,5,5,0,3f.csv
163,8,8,0,3g.csv
164,8,3,5,1a.csv
164,15,12,3,1b.csv
164,2,0,2,1c.csv
164,0,0,0,1e.csv
164,0,0,0,1f.csv
164,0,0,0,1g.csv
164,0,0,0,1h.csv
164,1,1,0,1i.csv
164,0,0,0,1j.csv
164,0,0,0,1k.csv
164,5,3,2,1l.csv
164,1,0,1,1m.csv
164,1,1,0,2a.csv
164,0,0,0,2b.csv
164,0,0,0,2c.csv
164,5,5,0,2d.csv
164,2,2,0,2e.csv
164,1,0,1,2f.csv
164,0,0,0,2g.csv
164,0,0,0,2h.csv
164,0,0,0,2i.csv
164,0,0,0,2j.csv
164,0,0,0,2k.csv
164,2,2,0,2l.csv
164,19,17,2,3a.csv
164,14,13,1,3b.csv
164,10,8,2,3c.csv
164,10,8,2,3d.csv
164,14,10,4,3e.csv
164,4,4,0,3f.csv
164,10,10,0,3g.csv
165,8,3,5,1a.csv
165,14,11,3,1b.csv
165,3,1,2,1c.csv
165,0,0,0,1e.csv
165,0,0,0,1f.csv
165,0,0,0,1g.csv
165,0,0,0,1h.csv
165,1,1,0,1i.csv
165,0,0,0,1j.csv
165,0,0,0,1k.csv
165,5,3,2,1l.csv
165,1,0,1,1m.csv
165,1,1,0,2a.csv
165,0,0,0,2b.csv
165,0,0,0,2c.csv
165,4,4,0,2d.csv
165,2,2,0,2e.csv
165,2,1,1,2f.csv
165,0,0,0,2g.csv
165,0,0,0,2h.csv
165,0,0,0,2i.csv
165,0,0,0,2j.csv
165,0,0,0,2k.csv
165,4,4,0,2l.csv
165,21,18,3,3a.csv
165,11,10,1,3b.csv
165,7,6,1,3c.csv
165,7,6,1,3d.csv
165,15,13,2,3e.csv
165,4,4,0,3f.csv
165,15,13,2,3g.csv
166,9,3,6,1a.csv
166,14,11,3,1b.csv
166,2,1,1,1c.csv
166,0,0,0,1e.csv
166,0,0,0,1f.csv
166,0,0,0,1g.csv
166,0,0,0,1h.csv
166,2,2,0,1i.csv
166,0,0,0,1j.csv
166,0,0,0,1k.csv
166,2,1,1,1l.csv
166,1,0,1,1m.csv
166,1,1,0,2a.csv
166,0,0,0,2b.csv
166,0,0,0,2c.csv
166,3,3,0,2d.csv
166,2,2,0,2e.csv
166,3,2,1,2f.csv
166,0,0,0,2g.csv
166,0,0,0,2h.csv
166,0,0,0,2i.csv
166,0,0,0,2j.csv
166,0,0,0,2k.csv
166,3,3,0,2l.csv
166,20,17,3,3a.csv
166,13,12,1,3b.csv
166,7,6,1,3c.csv
166,7,6,1,3d.csv
166,14,12,2,3e.csv
166,8,7,1,3f.csv
166,15,13,2,3g.csv
167,9,3,6,1a.csv
167,13,10,3,1b.csv
167,2,1,1,1c.csv
167,0,0,0,1e.csv
167,1,1,0,1f.csv
167,1,1,0,1g.csv
167,0,0,0,1h.csv
167,3,3,0,1i.csv
167,0,0,0,1j.csv
167,0,0,0,1k.csv
167,0,0,0,1l.csv
167,2,1,1,1m.csv
167,1,1,0,2a.csv
167,0,0,0,2b.csv
167,0,0,0,2c.csv
167,1,1,0,2d.csv
167,2,2,0,2e.csv
167,3,2,1,2f.csv
167,0,0,0,2g.csv
167,0,0,0,2h.csv
167,0,0,0,2i.csv
167,1,1,0,2j.csv
167,0,0,0,2k.csv
167,2,2,0,2l.csv
167,20,19,1,3a.csv
167,11,11,0,3b.csv
167,6,5,1,3c.csv
167,6,5,1,3d.csv
167,15,13,2,3e.csv
167,6,5,1,3f.csv
167,14,12,2,3g.csv
168,10,4,6,1a.csv
168,16,13,3,1b.csv
168,2,1,1,1c.csv
168,0,0,0,1e.csv
168,3,2,1,1f.csv
168,1,1,0,1g.csv
168,0,0,0,1h.csv
168,3,3,0,1i.csv
168,0,0,0,1j.csv
168,0,0,0,1k.csv
168,0,0,0,1l.csv
168,2,1,1,1m.csv
168,0,0,0,2a.csv
168,0,0,0,2b.csv
168,0,0,0,2c.csv
168,1,1,0,2d.csv
168,1,1,0,2e.csv
168,3,2,1,2f.csv
168,0,0,0,2g.csv
168,0,0,0,2h.csv
168,0,0,0,2i.csv
168,1,1,0,2j.csv
168,0,0,0,2k.csv
168,2,2,0,2l.csv
168,23,21,2,3a.csv
168,13,13,0,3b.csv
168,5,4,1,3c.csv
168,5,4,1,3d.csv
168,12,11,1,3e.csv
168,5,4,1,3f.csv
168,13,11,2,3g.csv
169,9,4,5,1a.csv
169,14,12,2,1b.csv
169,2,1,1,1c.csv
169,1,1,0,1e.csv
169,3,2,1,1f.csv
169,1,1,0,1g.csv
169,0,0,0,1h.csv
169,4,4,0,1i.csv
169,0,0,0,1j.csv
169,0,0,0,1k.csv
169,1,1,0,1l.csv
169,2,1,1,1m.csv
169,0,0,0,2a.csv
169,0,0,0,2b.csv
169,0,0,0,2c.csv
169,1,1,0,2d.csv
169,1,1,0,2e.csv
169,2,2,0,2f.csv
169,0,0,0,2g.csv
169,0,0,0,2h.csv
169,0,0,0,2i.csv
169,1,1,0,2j.csv
169,0,0,0,2k.csv
169,2,2,0,2l.csv
169,24,21,3,3a.csv
169,14,14,0,3b.csv
169,5,5,0,3c.csv
169,5,5,0,3d.csv
169,10,9,1,3e.csv
169,5,4,1,3f.csv
169,11,9,2,3g.csv
170,8,5,3,1a.csv
170,16,13,3,1b.csv
170,2,1,1,1c.csv
170,1,1,0,1e.csv
170,3,2,1,1f.csv
170,1,1,0,1g.csv
170,0,0,0,1h.csv
170,4,4,0,1i.csv
170,0,0,0,1j.csv
170,0,0,0,1k.csv
170,1,1,0,1l.csv
170,2,1,1,1m.csv
170,0,0,0,2a.csv
170,0,0,0,2b.csv
170,0,0,0,2c.csv
170,2,2,0,2d.csv
170,1,1,0,2e.csv
170,2,2,0,2f.csv
170,0,0,0,2g.csv
170,0,0,0,2h.csv
170,0,0,0,2i.csv
170,1,1,0,2j.csv
170,0,0,0,2k.csv
170,2,2,0,2l.csv
170,23,20,3,3a.csv
170,16,15,1,3b.csv
170,6,6,0,3c.csv
170,6,6,0,3d.csv
170,9,8,1,3e.csv
170,4,3,1,3f.csv
170,13,10,3,3g.csv
171,8,6,2,1a.csv
171,13,10,3,1b.csv
171,1,1,0,1c.csv
171,1,1,0,1e.csv
171,3,2,1,1f.csv
171,1,1,0,1g.csv
171,0,0,0,1h.csv
171,3,3,0,1i.csv
171,1,0,1,1j.csv
171,0,0,0,1k.csv
171,2,2,0,1l.csv
171,1,1,0,1m.csv
171,0,0,0,2a.csv
171,0,0,0,2b.csv
171,0,0,0,2c.csv
171,3,3,0,2d.csv
171,0,0,0,2e.csv
171,3,3,0,2f.csv
171,0,0,0,2g.csv
171,0,0,0,2h.csv
171,0,0,0,2i.csv
171,1,1,0,2j.csv
171,0,0,0,2k.csv
171,3,3,0,2l.csv
171,21,17,4,3a.csv
171,16,15,1,3b.csv
171,4,4,0,3c.csv
171,4,4,0,3d.csv
171,11,9,2,3e.csv
171,5,3,2,3f.csv
171,15,12,3,3g.csv
172,9,7,2,1a.csv
172,11,10,1,1b.csv
172,2,1,1,1c.csv
172,2,2,0,1e.csv
172,3,2,1,1f.csv
172,1,1,0,1g.csv
172,0,0,0,1h.csv
172,3,3,0,1i.csv
172,1,0,1,1j.csv
172,0,0,0,1k.csv
172,4,4,0,1l.csv
172,3,3,0,1m.csv
172,0,0,0,2a.csv
172,0,0,0,2b.csv
172,0,0,0,2c.csv
172,2,2,0,2d.csv
172,0,0,0,2e.csv
172,3,3,0,2f.csv
172,0,0,0,2g.csv
172,0,0,0,2h.csv
172,0,0,0,2i.csv
172,1,1,0,2j.csv
172,0,0,0,2k.csv
172,3,3,0,2l.csv
172,23,19,4,3a.csv
172,18,17,1,3b.csv
172,6,4,2,3c.csv
172,6,4,2,3d.csv
172,12,10,2,3e.csv
172,5,3,2,3f.csv
172,13,10,3,3g.csv
173,8,5,3,1a.csv
173,12,11,1,1b.csv
173,2,1,1,1c.csv
173,2,2,0,1e.csv
173,3,2,1,1f.csv
173,1,1,0,1g.csv
173,0,0,0,1h.csv
173,3,3,0,1i.csv
173,1,0,1,1j.csv
173,1,1,0,1k.csv
173,4,4,0,1l.csv
173,3,3,0,1m.csv
173,0,0,0,2a.csv
173,0,0,0,2b.csv
173,0,0,0,2c.csv
173,2,2,0,2d.csv
173,0,0,0,2e.csv
173,2,2,0,2f.csv
173,0,0,0,2g.csv
173,0,0,0,2h.csv
173,0,0,0,2i.csv
173,1,1,0,2j.csv
173,0,0,0,2k.csv
173,1,1,0,2l.csv
173,24,21,3,3a.csv
173,22,20,2,3b.csv
173,8,5,3,3c.csv
173,8,5,3,3d.csv
173,7,5,2,3e.csv
173,5,3,2,3f.csv
173,7,6,1,3g.csv
174,8,5,3,1a.csv
174,13,12,1,1b.csv
174,2,1,1,1c.csv
174,2,2,0,1e.csv
174,3,2,1,1f.csv
174,1,1,0,1g.csv
174,0,0,0,1h.csv
174,2,2,0,1i.csv
174,1,0,1,1j.csv
174,1,1,0,1k.csv
174,4,4,0,1l.csv
174,3,3,0,1m.csv
174,0,0,0,2a.csv
174,0,0,0,2b.csv
174,0,0,0,2c.csv
174,2,2,0,2d.csv
174,0,0,0,2e.csv
174,1,1,0,2f.csv
174,0,0,0,2g.csv
174,0,0,0,2h.csv
174,0,0,0,2i.csv
174,1,1,0,2j.csv
174,0,0,0,2k.csv
174,1,1,0,2l.csv
174,23,20,3,3a.csv
174,22,20,2,3b.csv
174,6,3,3,3c.csv
174,6,3,3,3d.csv
174,8,5,3,3e.csv
174,1,0,1,3f.csv
174,8,7,1,3g.csv
175,8,5,3,1a.csv
175,13,12,1,1b.csv
175,2,1,1,1c.csv
175,2,2,0,1e.csv
175,2,1,1,1f.csv
175,0,0,0,1g.csv
175,0,0,0,1h.csv
175,1,1,0,1i.csv
175,1,0,1,1j.csv
175,1,1,0,1k.csv
175,4,4,0,1l.csv
175,2,2,0,1m.csv
175,0,0,0,2a.csv
175,0,0,0,2b.csv
175,0,0,0,2c.csv
175,2,2,0,2d.csv
175,0,0,0,2e.csv
175,2,2,0,2f.csv
175,0,0,0,2g.csv
175,0,0,0,2h.csv
175,0,0,0,2i.csv
175,0,0,0,2j.csv
175,0,0,0,2k.csv
175,1,1,0,2l.csv
175,25,20,5,3a.csv
175,20,18,2,3b.csv
175,9,6,3,3c.csv
175,9,6,3,3d.csv
175,7,4,3,3e.csv
175,1,0,1,3f.csv
175,7,6,1,3g.csv
176,7,4,3,1a.csv
176,10,9,1,1b.csv
176,3,2,1,1c.csv
176,2,2,0,1e.csv
176,1,0,1,1f.csv
176,0,0,0,1g.csv
176,0,0,0,1h.csv
176,1,1,0,1i.csv
176,1,0,1,1j.csv
176,3,3,0,1k.csv
176,4,4,0,1l.csv
176,2,2,0,1m.csv
176,0,0,0,2a.csv
176,0,0,0,2b.csv
176,0,0,0,2c.csv
176,4,4,0,2d.csv
176,0,0,0,2e.csv
176,2,2,0,2f.csv
176,0,0,0,2g.csv
176,0,0,0,2h.csv
176,0,0,0,2i.csv
176,0,0,0,2j.csv
176,1,1,0,2k.csv
176,1,1,0,2l.csv
176,26,22,4,3a.csv
176,18,16,2,3b.csv
176,10,7,3,3c.csv
176,10,7,3,3d.csv
176,7,4,3,3e.csv
176,1,0,1,3f.csv
176,5,4,1,3g.csv
177,7,4,3,1a.csv
177,9,8,1,1b.csv
177,3,2,1,1c.csv
177,1,1,0,1e.csv
177,1,0,1,1f.csv
177,0,0,0,1g.csv
177,0,0,0,1h.csv
177,0,0,0,1i.csv
177,1,0,1,1j.csv
177,3,3,0,1k.csv
177,3,3,0,1l.csv
177,2,2,0,1m.csv
177,0,0,0,2a.csv
177,0,0,0,2b.csv
177,0,0,0,2c.csv
177,4,4,0,2d.csv
177,0,0,0,2e.csv
177,2,2,0,2f.csv
177,0,0,0,2g.csv
177,0,0,0,2h.csv
177,0,0,0,2i.csv
177,0,0,0,2j.csv
177,1,1,0,2k.csv
177,1,1,0,2l.csv
177,24,21,3,3a.csv
177,17,15,2,3b.csv
177,9,6,3,3c.csv
177,9,6,3,3d.csv
177,7,4,3,3e.csv
177,1,0,1,3f.csv
177,7,5,2,3g.csv
178,6,3,3,1a.csv
178,5,5,0,1b.csv
178,3,2,1,1c.csv
178,1,1,0,1e.csv
178,1,0,1,1f.csv
178,0,0,0,1g.csv
178,0,0,0,1h.csv
178,0,0,0,1i.csv
178,1,0,1,1j.csv
178,3,3,0,1k.csv
178,3,3,0,1l.csv
178,2,2,0,1m.csv
178,0,0,0,2a.csv
178,0,0,0,2b.csv
178,0,0,0,2c.csv
178,4,4,0,2d.csv
178,0,0,0,2e.csv
178,2,2,0,2f.csv
178,0,0,0,2g.csv
178,0,0,0,2h.csv
178,0,0,0,2i.csv
178,0,0,0,2j.csv
178,1,1,0,2k.csv
178,1,1,0,2l.csv
178,28,24,4,3a.csv
178,17,16,1,3b.csv
178,9,5,4,3c.csv
178,9,5,4,3d.csv
178,7,4,3,3e.csv
178,1,0,1,3f.csv
178,6,5,1,3g.csv
179,5,2,3,1a.csv
179,6,6,0,1b.csv
179,4,2,2,1c.csv
179,1,1,0,1e.csv
179,1,0,1,1f.csv
179,1,0,1,1g.csv
179,0,0,0,1h.csv
179,0,0,0,1i.csv
179,0,0,0,1j.csv
179,3,3,0,1k.csv
179,2,2,0,1l.csv
179,2,2,0,1m.csv
179,0,0,0,2a.csv
179,0,0,0,2b.csv
179,0,0,0,2c.csv
179,4,3,1,2d.csv
179,0,0,0,2e.csv
179,1,1,0,2f.csv
179,0,0,0,2g.csv
179,0,0,0,2h.csv
179,0,0,0,2i.csv
179,0,0,0,2j.csv
179,1,1,0,2k.csv
179,0,0,0,2l.csv
179,31,27,4,3a.csv
179,18,16,2,3b.csv
179,10,6,4,3c.csv
179,10,6,4,3d.csv
179,7,5,2,3e.csv
179,0,0,0,3f.csv
179,5,4,1,3g.csv
180,4,1,3,1a.csv
180,4,4,0,1b.csv
180,3,2,1,1c.csv
180,0,0,0,1e.csv
180,1,0,1,1f.csv
180,1,0,1,1g.csv
180,0,0,0,1h.csv
180,0,0,0,1i.csv
180,0,0,0,1j.csv
180,3,3,0,1k.csv
180,0,0,0,1l.csv
180,0,0,0,1m.csv
180,0,0,0,2a.csv
180,0,0,0,2b.csv
180,0,0,0,2c.csv
180,4,3,1,2d.csv
180,0,0,0,2e.csv
180,1,1,0,2f.csv
180,0,0,0,2g.csv
180,0,0,0,2h.csv
180,1,1,0,2i.csv
180,0,0,0,2j.csv
180,1,1,0,2k.csv
180,0,0,0,2l.csv
180,33,27,6,3a.csv
180,20,17,3,3b.csv
180,9,6,3,3c.csv
180,9,6,3,3d.csv
180,8,6,2,3e.csv
180,1,1,0,3f.csv
180,6,4,2,3g.csv
181,5,3,2,1a.csv
181,2,2,0,1b.csv
181,3,2,1,1c.csv
181,0,0,0,1e.csv
181,1,0,1,1f.csv
181,1,0,1,1g.csv
181,0,0,0,1h.csv
181,0,0,0,1i.csv
181,0,0,0,1j.csv
181,2,2,0,1k.csv
181,0,0,0,1l.csv
181,0,0,0,1m.csv
181,0,0,0,2a.csv
181,0,0,0,2b.csv
181,0,0,0,2c.csv
181,8,3,5,2d.csv
181,0,0,0,2e.csv
181,1,1,0,2f.csv
181,0,0,0,2g.csv
181,0,0,0,2h.csv
181,1,1,0,2i.csv
181,0,0,0,2j.csv
181,1,1,0,2k.csv
181,0,0,0,2l.csv
181,31,24,7,3a.csv
181,27,24,3,3b.csv
181,7,5,2,3c.csv
181,7,5,2,3d.csv
181,9,6,3,3e.csv
181,1,1,0,3f.csv
181,7,5,2,3g.csv
182,4,3,1,1a.csv
182,1,1,0,1b.csv
182,4,3,1,1c.csv
182,0,0,0,1e.csv
182,1,0,1,1f.csv
182,1,0,1,1g.csv
182,0,0,0,1h.csv
182,0,0,0,1i.csv
182,0,0,0,1j.csv
182,2,2,0,1k.csv
182,1,1,0,1l.csv
182,0,0,0,1m.csv
182,0,0,0,2a.csv
182,0,0,0,2b.csv
182,0,0,0,2c.csv
182,10,3,7,2d.csv
182,0,0,0,2e.csv
182,1,1,0,2f.csv
182,0,0,0,2g.csv
182,0,0,0,2h.csv
182,1,1,0,2i.csv
182,0,0,0,2j.csv
182,1,1,0,2k.csv
182,0,0,0,2l.csv
182,33,26,7,3a.csv
182,32,29,3,3b.csv
182,7,5,2,3c.csv
182,7,5,2,3d.csv
182,8,5,3,3e.csv
182,2,1,1,3f.csv
182,6,4,2,3g.csv
183,4,3,1,1a.csv
183,1,1,0,1b.csv
183,4,3,1,1c.csv
183,0,0,0,1e.csv
183,1,0,1,1f.csv
183,1,0,1,1g.csv
183,0,0,0,1h.csv
183,0,0,0,1i.csv
183,0,0,0,1j.csv
183,2,2,0,1k.csv
183,2,2,0,1l.csv
183,0,0,0,1m.csv
183,1,1,0,2a.csv
183,0,0,0,2b.csv
183,0,0,0,2c.csv
183,10,3,7,2d.csv
183,0,0,0,2e.csv
183,0,0,0,2f.csv
183,0,0,0,2g.csv
183,0,0,0,2h.csv
183,1,1,0,2i.csv
183,0,0,0,2j.csv
183,1,1,0,2k.csv
183,0,0,0,2l.csv
183,34,29,5,3a.csv
183,40,37,3,3b.csv
183,7,4,3,3c.csv
183,7,4,3,3d.csv
183,10,7,3,3e.csv
183,3,2,1,3f.csv
183,7,5,2,3g.csv
184,6,5,1,1a.csv
184,1,1,0,1b.csv
184,3,2,1,1c.csv
184,0,0,0,1e.csv
184,0,0,0,1f.csv
184,1,0,1,1g.csv
184,0,0,0,1h.csv
184,1,0,1,1i.csv
184,0,0,0,1j.csv
184,0,0,0,1k.csv
184,2,2,0,1l.csv
184,1,0,1,1m.csv
184,1,1,0,2a.csv
184,0,0,0,2b.csv
184,0,0,0,2c.csv
184,9,1,8,2d.csv
184,0,0,0,2e.csv
184,0,0,0,2f.csv
184,0,0,0,2g.csv
184,0,0,0,2h.csv
184,1,1,0,2i.csv
184,0,0,0,2j.csv
184,0,0,0,2k.csv
184,0,0,0,2l.csv
184,30,25,5,3a.csv
184,48,44,4,3b.csv
184,6,3,3,3c.csv
184,6,3,3,3d.csv
184,12,8,4,3e.csv
184,3,2,1,3f.csv
184,7,5,2,3g.csv
185,7,6,1,1a.csv
185,1,1,0,1b.csv
185,3,2,1,1c.csv
185,0,0,0,1e.csv
185,0,0,0,1f.csv
185,1,0,1,1g.csv
185,0,0,0,1h.csv
185,1,0,1,1i.csv
185,0,0,0,1j.csv
185,1,1,0,1k.csv
185,3,3,0,1l.csv
185,1,0,1,1m.csv
185,1,1,0,2a.csv
185,0,0,0,2b.csv
185,0,0,0,2c.csv
185,10,1,9,2d.csv
185,0,0,0,2e.csv
185,0,0,0,2f.csv
185,0,0,0,2g.csv
185,0,0,0,2h.csv
185,1,1,0,2i.csv
185,0,0,0,2j.csv
185,0,0,0,2k.csv
185,0,0,0,2l.csv
185,30,25,5,3a.csv
185,59,55,4,3b.csv
185,7,4,3,3c.csv
185,7,4,3,3d.csv
185,12,8,4,3e.csv
185,3,2,1,3f.csv
185,8,7,1,3g.csv
186,8,7,1,1a.csv
186,1,1,0,1b.csv
186,3,2,1,1c.csv
186,0,0,0,1e.csv
186,0,0,0,1f.csv
186,1,0,1,1g.csv
186,0,0,0,1h.csv
186,1,0,1,1i.csv
186,0,0,0,1j.csv
186,1,1,0,1k.csv
186,4,4,0,1l.csv
186,1,0,1,1m.csv
186,1,1,0,2a.csv
186,0,0,0,2b.csv
186,0,0,0,2c.csv
186,10,1,9,2d.csv
186,0,0,0,2e.csv
186,0,0,0,2f.csv
186,0,0,0,2g.csv
186,0,0,0,2h.csv
186,1,1,0,2i.csv
186,0,0,0,2j.csv
186,0,0,0,2k.csv
186,0,0,0,2l.csv
186,28,22,6,3a.csv
186,62,58,4,3b.csv
186,9,6,3,3c.csv
186,9,6,3,3d.csv
186,12,8,4,3e.csv
186,3,2,1,3f.csv
186,10,8,2,3g.csv
187,8,7,1,1a.csv
187,1,0,1,1b.csv
187,2,2,0,1c.csv
187,0,0,0,1e.csv
187,0,0,0,1f.csv
187,0,0,0,1g.csv
187,0,0,0,1h.csv
187,1,0,1,1i.csv
187,0,0,0,1j.csv
187,1,1,0,1k.csv
187,4,4,0,1l.csv
187,1,0,1,1m.csv
187,1,1,0,2a.csv
187,0,0,0,2b.csv
187,0,0,0,2c.csv
187,9,1,8,2d.csv
187,0,0,0,2e.csv
187,0,0,0,2f.csv
187,0,0,0,2g.csv
187,0,0,0,2h.csv
187,1,1,0,2i.csv
187,0,0,0,2j.csv
187,0,0,0,2k.csv
187,0,0,0,2l.csv
187,23,18,5,3a.csv
187,70,67,3,3b.csv
187,8,5,3,3c.csv
187,8,5,3,3d.csv
187,10,6,4,3e.csv
187,4,3,1,3f.csv
187,9,7,2,3g.csv
188,9,8,1,1a.csv
188,1,0,1,1b.csv
188,2,2,0,1c.csv
188,0,0,0,1e.csv
188,0,0,0,1f.csv
188,0,0,0,1g.csv
188,0,0,0,1h.csv
188,1,0,1,1i.csv
188,0,0,0,1j.csv
188,1,1,0,1k.csv
188,4,4,0,1l.csv
188,1,0,1,1m.csv
188,1,1,0,2a.csv
188,0,0,0,2b.csv
188,0,0,0,2c.csv
188,9,1,8,2d.csv
188,0,0,0,2e.csv
188,0,0,0,2f.csv
188,0,0,0,2g.csv
188,0,0,0,2h.csv
188,0,0,0,2i.csv
188,0,0,0,2j.csv
188,0,0,0,2k.csv
188,0,0,0,2l.csv
188,22,18,4,3a.csv
188,73,68,5,3b.csv
188,8,6,2,3c.csv
188,8,6,2,3d.csv
188,9,5,4,3e.csv
188,3,2,1,3f.csv
188,10,9,1,3g.csv
189,11,9,2,1a.csv
189,1,0,1,1b.csv
189,1,1,0,1c.csv
189,0,0,0,1e.csv
189,0,0,0,1f.csv
189,0,0,0,1g.csv
189,0,0,0,1h.csv
189,1,0,1,1i.csv
189,1,1,0,1j.csv
189,1,1,0,1k.csv
189,4,4,0,1l.csv
189,1,0,1,1m.csv
189,1,1,0,2a.csv
189,0,0,0,2b.csv
189,0,0,0,2c.csv
189,5,1,4,2d.csv
189,0,0,0,2e.csv
189,0,0,0,2f.csv
189,0,0,0,2g.csv
189,0,0,0,2h.csv
189,0,0,0,2i.csv
189,0,0,0,2j.csv
189,0,0,0,2k.csv
189,0,0,0,2l.csv
189,27,20,7,3a.csv
189,68,64,4,3b.csv
189,9,7,2,3c.csv
189,9,7,2,3d.csv
189,8,5,3,3e.csv
189,3,2,1,3f.csv
189,11,10,1,3g.csv
190,17,15,2,1a.csv
190,1,0,1,1b.csv
190,0,0,0,1c.csv
190,0,0,0,1e.csv
190,0,0,0,1f.csv
190,0,0,0,1g.csv
190,0,0,0,1h.csv
190,1,0,1,1i.csv
190,1,1,0,1j.csv
190,1,1,0,1k.csv
190,3,3,0,1l.csv
190,1,0,1,1m.csv
190,2,2,0,2a.csv
190,0,0,0,2b.csv
190,0,0,0,2c.csv
190,3,1,2,2d.csv
190,1,1,0,2e.csv
190,0,0,0,2f.csv
190,0,0,0,2g.csv
190,0,0,0,2h.csv
190,0,0,0,2i.csv
190,0,0,0,2j.csv
190,0,0,0,2k.csv
190,0,0,0,2l.csv
190,35,24,11,3a.csv
190,66,61,5,3b.csv
190,12,10,2,3c.csv
190,12,10,2,3d.csv
190,8,6,2,3e.csv
190,3,3,0,3f.csv
190,12,11,1,3g.csv
191,18,16,2,1a.csv
191,2,1,1,1b.csv
191,0,0,0,1c.csv
191,0,0,0,1e.csv
191,0,0,0,1f.csv
191,0,0,0,1g.csv
191,0,0,0,1h.csv
191,1,0,1,1i.csv
191,1,1,0,1j.csv
191,2,2,0,1k.csv
191,2,2,0,1l.csv
191,1,0,1,1m.csv
191,1,1,0,2a.csv
191,0,0,0,2b.csv
191,0,0,0,2c.csv
191,4,2,2,2d.csv
191,1,1,0,2e.csv
191,0,0,0,2f.csv
191,0,0,0,2g.csv
191,0,0,0,2h.csv
191,0,0,0,2i.csv
191,0,0,0,2j.csv
191,0,0,0,2k.csv
191,0,0,0,2l.csv
191,36,22,14,3a.csv
191,62,56,6,3b.csv
191,9,8,1,3c.csv
191,9,8,1,3d.csv
191,6,4,2,3e.csv
191,3,3,0,3f.csv
191,13,11,2,3g.csv
192,20,18,2,1a.csv
192,2,1,1,1b.csv
192,0,0,0,1c.csv
192,0,0,0,1e.csv
192,0,0,0,1f.csv
192,0,0,0,1g.csv
192,0,0,0,1h.csv
192,0,0,0,1i.csv
192,1,1,0,1j.csv
192,2,2,0,1k.csv
192,3,3,0,1l.csv
192,0,0,0,1m.csv
192,1,1,0,2a.csv
192,0,0,0,2b.csv
192,0,0,0,2c.csv
192,3,2,1,2d.csv
192,1,1,0,2e.csv
192,0,0,0,2f.csv
192,0,0,0,2g.csv
192,0,0,0,2h.csv
192,0,0,0,2i.csv
192,0,0,0,2j.csv
192,0,0,0,2k.csv
192,0,0,0,2l.csv
192,48,27,21,3a.csv
192,59,54,5,3b.csv
192,11,8,3,3c.csv
192,11,8,3,3d.csv
192,5,3,2,3e.csv
192,3,3,0,3f.csv
192,13,11,2,3g.csv
193,23,20,3,1a.csv
193,2,1,1,1b.csv
193,0,0,0,1c.csv
193,0,0,0,1e.csv
193,0,0,0,1f.csv
193,0,0,0,1g.csv
193,0,0,0,1h.csv
193,1,0,1,1i.csv
193,1,1,0,1j.csv
193,1,1,0,1k.csv
193,3,3,0,1l.csv
193,0,0,0,1m.csv
193,1,1,0,2a.csv
193,0,0,0,2b.csv
193,0,0,0,2c.csv
193,2,2,0,2d.csv
193,1,1,0,2e.csv
193,0,0,0,2f.csv
193,0,0,0,2g.csv
193,0,0,0,2h.csv
193,0,0,0,2i.csv
193,0,0,0,2j.csv
193,0,0,0,2k.csv
193,0,0,0,2l.csv
193,59,33,26,3a.csv
193,56,51,5,3b.csv
193,13,10,3,3c.csv
193,13,10,3,3d.csv
193,5,3,2,3e.csv
193,3,3,0,3f.csv
193,13,11,2,3g.csv
194,26,23,3,1a.csv
194,2,1,1,1b.csv
194,0,0,0,1c.csv
194,0,0,0,1e.csv
194,0,0,0,1f.csv
194,0,0,0,1g.csv
194,0,0,0,1h.csv
194,1,0,1,1i.csv
194,1,1,0,1j.csv
194,1,1,0,1k.csv
194,2,2,0,1l.csv
194,0,0,0,1m.csv
194,1,1,0,2a.csv
194,0,0,0,2b.csv
194,0,0,0,2c.csv
194,1,1,0,2d.csv
194,1,1,0,2e.csv
194,0,0,0,2f.csv
194,0,0,0,2g.csv
194,0,0,0,2h.csv
194,0,0,0,2i.csv
194,0,0,0,2j.csv
194,0,0,0,2k.csv
194,0,0,0,2l.csv
194,68,37,31,3a.csv
194,56,51,5,3b.csv
194,11,9,2,3c.csv
194,11,9,2,3d.csv
194,5,3,2,3e.csv
194,5,5,0,3f.csv
194,11,10,1,3g.csv
195,27,25,2,1a.csv
195,2,2,0,1b.csv
195,0,0,0,1c.csv
195,0,0,0,1e.csv
195,0,0,0,1f.csv
195,0,0,0,1g.csv
195,0,0,0,1h.csv
195,1,0,1,1i.csv
195,1,1,0,1j.csv
195,1,1,0,1k.csv
195,3,3,0,1l.csv
195,0,0,0,1m.csv
195,1,1,0,2a.csv
195,0,0,0,2b.csv
195,1,1,0,2c.csv
195,1,1,0,2d.csv
195,1,1,0,2e.csv
195,0,0,0,2f.csv
195,0,0,0,2g.csv
195,0,0,0,2h.csv
195,0,0,0,2i.csv
195,0,0,0,2j.csv
195,0,0,0,2k.csv
195,0,0,0,2l.csv
195,79,43,36,3a.csv
195,51,44,7,3b.csv
195,15,12,3,3c.csv
195,15,12,3,3d.csv
195,4,3,1,3e.csv
195,5,4,1,3f.csv
195,13,12,1,3g.csv
196,27,24,3,1a.csv
196,3,2,1,1b.csv
196,0,0,0,1c.csv
196,0,0,0,1e.csv
196,0,0,0,1f.csv
196,0,0,0,1g.csv
196,0,0,0,1h.csv
196,1,0,1,1i.csv
196,1,1,0,1j.csv
196,1,1,0,1k.csv
196,4,4,0,1l.csv
196,0,0,0,1m.csv
196,2,2,0,2a.csv
196,0,0,0,2b.csv
196,2,2,0,2c.csv
196,1,1,0,2d.csv
196,1,1,0,2e.csv
196,0,0,0,2f.csv
196,0,0,0,2g.csv
196,0,0,0,2h.csv
196,0,0,0,2i.csv
196,0,0,0,2j.csv
196,0,0,0,2k.csv
196,1,0,1,2l.csv
196,83,45,38,3a.csv
196,52,46,6,3b.csv
196,15,11,4,3c.csv
196,15,11,4,3d.csv
196,4,2,2,3e.csv
196,5,4,1,3f.csv
196,15,14,1,3g.csv
197,25,23,2,1a.csv
197,3,2,1,1b.csv
197,0,0,0,1c.csv
197,0,0,0,1e.csv
197,0,0,0,1f.csv
197,0,0,0,1g.csv
197,0,0,0,1h.csv
197,1,0,1,1i.csv
197,0,0,0,1j.csv
197,1,1,0,1k.csv
197,6,6,0,1l.csv
197,0,0,0,1m.csv
197,2,2,0,2a.csv
197,0,0,0,2b.csv
197,2,2,0,2c.csv
197,1,1,0,2d.csv
197,3,3,0,2e.csv
197,0,0,0,2f.csv
197,0,0,0,2g.csv
197,0,0,0,2h.csv
197,0,0,0,2i.csv
197,0,0,0,2j.csv
197,0,0,0,2k.csv
197,1,0,1,2l.csv
197,85,48,37,3a.csv
197,64,57,7,3b.csv
197,14,10,4,3c.csv
197,14,10,4,3d.csv
197,4,2,2,3e.csv
197,7,6,1,3f.csv
197,14,13,1,3g.csv
198,22,20,2,1a.csv
198,3,2,1,1b.csv
198,0,0,0,1c.csv
198,0,0,0,1e.csv
198,0,0,0,1f.csv
198,0,0,0,1g.csv
198,0,0,0,1h.csv
198,1,0,1,1i.csv
198,0,0,0,1j.csv
198,1,1,0,1k.csv
198,6,6,0,1l.csv
198,0,0,0,1m.csv
198,1,1,0,2a.csv
198,0,0,0,2b.csv
198,3,3,0,2c.csv
198,2,1,1,2d.csv
198,2,2,0,2e.csv
198,0,0,0,2f.csv
198,0,0,0,2g.csv
198,0,0,0,2h.csv
198,0,0,0,2i.csv
198,0,0,0,2j.csv
198,0,0,0,2k.csv
198,1,0,1,2l.csv
198,83,49,34,3a.csv
198,67,61,6,3b.csv
198,13,9,4,3c.csv
198,13,9,4,3d.csv
198,4,1,3,3e.csv
198,7,6,1,3f.csv
198,13,12,1,3g.csv
199,22,20,2,1a.csv
199,2,1,1,1b.csv
199,0,0,0,1c.csv
199,0,0,0,1e.csv
199,0,0,0,1f.csv
199,0,0,0,1g.csv
199,0,0,0,1h.csv
199,1,0,1,1i.csv
199,0,0,0,1j.csv
199,0,0,0,1k.csv
199,6,6,0,1l.csv
199,0,0,0,1m.csv
199,1,1,0,2a.csv
199,0,0,0,2b.csv
199,3,3,0,2c.csv
199,1,0,1,2d.csv
199,2,2,0,2e.csv
199,0,0,0,2f.csv
199,0,0,0,2g.csv
199,0,0,0,2h.csv
199,0,0,0,2i.csv
199,1,0,1,2j.csv
199,0,0,0,2k.csv
199,1,0,1,2l.csv
199,88,53,35,3a.csv
199,69,63,6,3b.csv
199,15,10,5,3c.csv
199,15,10,5,3d.csv
199,4,1,3,3e.csv
199,7,6,1,3f.csv
199,13,12,1,3g.csv
200,18,16,2,1a.csv
200,3,2,1,1b.csv
200,0,0,0,1c.csv
200,0,0,0,1e.csv
200,0,0,0,1f.csv
200,0,0,0,1g.csv
200,0,0,0,1h.csv
200,1,0,1,1i.csv
200,0,0,0,1j.csv
200,0,0,0,1k.csv
200,6,6,0,1l.csv
200,0,0,0,1m.csv
200,1,1,0,2a.csv
200,0,0,0,2b.csv
200,3,3,0,2c.csv
200,1,0,1,2d.csv
200,3,3,0,2e.csv
200,0,0,0,2f.csv
200,0,0,0,2g.csv
200,0,0,0,2h.csv
200,0,0,0,2i.csv
200,1,0,1,2j.csv
200,0,0,0,2k.csv
200,1,0,1,2l.csv
200,87,55,32,3a.csv
200,70,64,6,3b.csv
200,13,10,3,3c.csv
200,13,10,3,3d.csv
200,5,3,2,3e.csv
200,7,6,1,3f.csv
200,14,13,1,3g.csv
201,18,17,1,1a.csv
201,3,2,1,1b.csv
201,0,0,0,1c.csv
201,0,0,0,1e.csv
201,0,0,0,1f.csv
201,0,0,0,1g.csv
201,0,0,0,1h.csv
201,0,0,0,1i.csv
201,0,0,0,1j.csv
201,0,0,0,1k.csv
201,5,5,0,1l.csv
201,0,0,0,1m.csv
201,1,1,0,2a.csv
201,0,0,0,2b.csv
201,5,4,1,2c.csv
201,1,0,1,2d.csv
201,4,4,0,2e.csv
201,0,0,0,2f.csv
201,0,0,0,2g.csv
201,0,0,0,2h.csv
201,0,0,0,2i.csv
201,1,0,1,2j.csv
201,0,0,0,2k.csv
201,2,1,1,2l.csv
201,92,56,36,3a.csv
201,64,57,7,3b.csv
201,10,7,3,3c.csv
201,10,7,3,3d.csv
201,4,2,2,3e.csv
201,8,7,1,3f.csv
201,13,12,1,3g.csv
202,15,14,1,1a.csv
202,3,2,1,1b.csv
202,0,0,0,1c.csv
202,0,0,0,1e.csv
202,0,0,0,1f.csv
202,0,0,0,1g.csv
202,0,0,0,1h.csv
202,0,0,0,1i.csv
202,0,0,0,1j.csv
202,0,0,0,1k.csv
202,5,5,0,1l.csv
202,0,0,0,1m.csv
202,1,1,0,2a.csv
202,0,0,0,2b.csv
202,5,4,1,2c.csv
202,2,1,1,2d.csv
202,4,4,0,2e.csv
202,0,0,0,2f.csv
202,0,0,0,2g.csv
202,0,0,0,2h.csv
202,0,0,0,2i.csv
202,1,0,1,2j.csv
202,0,0,0,2k.csv
202,2,1,1,2l.csv
202,90,53,37,3a.csv
202,68,61,7,3b.csv
202,13,8,5,3c.csv
202,13,8,5,3d.csv
202,4,2,2,3e.csv
202,6,5,1,3f.csv
202,14,13,1,3g.csv
203,15,13,2,1a.csv
203,2,1,1,1b.csv
203,0,0,0,1c.csv
203,0,0,0,1e.csv
203,0,0,0,1f.csv
203,0,0,0,1g.csv
203,1,1,0,1h.csv
203,0,0,0,1i.csv
203,0,0,0,1j.csv
203,0,0,0,1k.csv
203,4,4,0,1l.csv
203,0,0,0,1m.csv
203,1,1,0,2a.csv
203,0,0,0,2b.csv
203,4,3,1,2c.csv
203,2,1,1,2d.csv
203,5,5,0,2e.csv
203,0,0,0,2f.csv
203,0,0,0,2g.csv
203,0,0,0,2h.csv
203,0,0,0,2i.csv
203,2,1,1,2j.csv
203,0,0,0,2k.csv
203,2,1,1,2l.csv
203,87,49,38,3a.csv
203,64,59,5,3b.csv
203,9,5,4,3c.csv
203,9,5,4,3d.csv
203,5,3,2,3e.csv
203,6,5,1,3f.csv
203,12,11,1,3g.csv
204,14,13,1,1a.csv
204,1,1,0,1b.csv
204,1,1,0,1c.csv
204,0,0,0,1e.csv
204,0,0,0,1f.csv
204,0,0,0,1g.csv
204,2,2,0,1h.csv
204,1,0,1,1i.csv
204,0,0,0,1j.csv
204,0,0,0,1k.csv
204,5,5,0,1l.csv
204,0,0,0,1m.csv
204,0,0,0,2a.csv
204,0,0,0,2b.csv
204,3,2,1,2c.csv
204,2,1,1,2d.csv
204,6,6,0,2e.csv
204,0,0,0,2f.csv
204,0,0,0,2g.csv
204,0,0,0,2h.csv
204,0,0,0,2i.csv
204,2,1,1,2j.csv
204,0,0,0,2k.csv
204,1,1,0,2l.csv
204,85,50,35,3a.csv
204,62,59,3,3b.csv
204,8,5,3,3c.csv
204,8,5,3,3d.csv
204,4,3,1,3e.csv
204,6,5,1,3f.csv
204,12,11,1,3g.csv
205,16,15,1,1a.csv
205,1,1,0,1b.csv
205,2,1,1,1c.csv
205,0,0,0,1e.csv
205,0,0,0,1f.csv
205,0,0,0,1g.csv
205,2,2,0,1h.csv
205,1,0,1,1i.csv
205,0,0,0,1j.csv
205,0,0,0,1k.csv
205,3,3,0,1l.csv
205,0,0,0,1m.csv
205,0,0,0,2a.csv
205,0,0,0,2b.csv
205,3,2,1,2c.csv
205,2,1,1,2d.csv
205,4,4,0,2e.csv
205,0,0,0,2f.csv
205,0,0,0,2g.csv
205,0,0,0,2h.csv
205,0,0,0,2i.csv
205,2,1,1,2j.csv
205,0,0,0,2k.csv
205,2,2,0,2l.csv
205,87,51,36,3a.csv
205,47,45,2,3b.csv
205,10,6,4,3c.csv
205,10,6,4,3d.csv
205,4,3,1,3e.csv
205,5,4,1,3f.csv
205,14,12,2,3g.csv
206,15,14,1,1a.csv
206,1,1,0,1b.csv
206,2,1,1,1c.csv
206,0,0,0,1e.csv
206,0,0,0,1f.csv
206,0,0,0,1g.csv
206,2,2,0,1h.csv
206,1,0,1,1i.csv
206,0,0,0,1j.csv
206,0,0,0,1k.csv
206,3,3,0,1l.csv
206,0,0,0,1m.csv
206,0,0,0,2a.csv
206,0,0,0,2b.csv
206,3,2,1,2c.csv
206,2,2,0,2d.csv
206,4,4,0,2e.csv
206,0,0,0,2f.csv
206,0,0,0,2g.csv
206,0,0,0,2h.csv
206,0,0,0,2i.csv
206,2,1,1,2j.csv
206,0,0,0,2k.csv
206,2,2,0,2l.csv
206,86,49,37,3a.csv
206,48,44,4,3b.csv
206,9,5,4,3c.csv
206,9,5,4,3d.csv
206,4,3,1,3e.csv
206,4,3,1,3f.csv
206,15,13,2,3g.csv
207,16,14,2,1a.csv
207,1,1,0,1b.csv
207,2,1,1,1c.csv
207,0,0,0,1e.csv
207,1,1,0,1f.csv
207,0,0,0,1g.csv
207,4,3,1,1h.csv
207,1,0,1,1i.csv
207,0,0,0,1j.csv
207,0,0,0,1k.csv
207,5,5,0,1l.csv
207,0,0,0,1m.csv
207,1,0,1,2a.csv
207,0,0,0,2b.csv
207,4,3,1,2c.csv
207,2,2,0,2d.csv
207,4,4,0,2e.csv
207,0,0,0,2f.csv
207,0,0,0,2g.csv
207,0,0,0,2h.csv
207,0,0,0,2i.csv
207,1,1,0,2j.csv
207,0,0,0,2k.csv
207,2,2,0,2l.csv
207,87,47,40,3a.csv
207,50,46,4,3b.csv
207,7,4,3,3c.csv
207,7,4,3,3d.csv
207,6,5,1,3e.csv
207,4,3,1,3f.csv
207,13,12,1,3g.csv
208,18,16,2,1a.csv
208,0,0,0,1b.csv
208,2,1,1,1c.csv
208,0,0,0,1e.csv
208,1,1,0,1f.csv
208,1,1,0,1g.csv
208,4,3,1,1h.csv
208,1,0,1,1i.csv
208,1,1,0,1j.csv
208,0,0,0,1k.csv
208,5,5,0,1l.csv
208,0,0,0,1m.csv
208,2,1,1,2a.csv
208,0,0,0,2b.csv
208,4,3,1,2c.csv
208,2,2,0,2d.csv
208,3,3,0,2e.csv
208,0,0,0,2f.csv
208,0,0,0,2g.csv
208,1,0,1,2h.csv
208,0,0,0,2i.csv
208,1,1,0,2j.csv
208,0,0,0,2k.csv
208,2,2,0,2l.csv
208,85,43,42,3a.csv
208,47,43,4,3b.csv
208,9,6,3,3c.csv
208,9,6,3,3d.csv
208,5,4,1,3e.csv
208,4,3,1,3f.csv
208,13,12,1,3g.csv
209,16,14,2,1a.csv
209,1,1,0,1b.csv
209,4,3,1,1c.csv
209,0,0,0,1e.csv
209,2,2,0,1f.csv
209,1,1,0,1g.csv
209,4,3,1,1h.csv
209,1,0,1,1i.csv
209,1,1,0,1j.csv
209,0,0,0,1k.csv
209,5,5,0,1l.csv
209,0,0,0,1m.csv
209,3,2,1,2a.csv
209,0,0,0,2b.csv
209,2,2,0,2c.csv
209,2,2,0,2d.csv
209,2,2,0,2e.csv
209,0,0,0,2f.csv
209,0,0,0,2g.csv
209,1,0,1,2h.csv
209,0,0,0,2i.csv
209,2,2,0,2j.csv
209,0,0,0,2k.csv
209,2,2,0,2l.csv
209,78,41,37,3a.csv
209,47,44,3,3b.csv
209,9,6,3,3c.csv
209,9,6,3,3d.csv
209,6,5,1,3e.csv
209,3,2,1,3f.csv
209,11,10,1,3g.csv
210,17,15,2,1a.csv
210,1,1,0,1b.csv
210,5,4,1,1c.csv
210,0,0,0,1e.csv
210,2,2,0,1f.csv
210,1,1,0,1g.csv
210,4,3,1,1h.csv
210,1,0,1,1i.csv
210,1,1,0,1j.csv
210,0,0,0,1k.csv
210,5,5,0,1l.csv
210,0,0,0,1m.csv
210,3,2,1,2a.csv
210,0,0,0,2b.csv
210,3,3,0,2c.csv
210,3,2,1,2d.csv
210,2,2,0,2e.csv
210,0,0,0,2f.csv
210,0,0,0,2g.csv
210,1,0,1,2h.csv
210,0,0,0,2i.csv
210,2,2,0,2j.csv
210,0,0,0,2k.csv
210,2,2,0,2l.csv
210,81,43,38,3a.csv
210,48,43,5,3b.csv
210,8,6,2,3c.csv
210,8,6,2,3d.csv
210,7,6,1,3e.csv
210,4,2,2,3f.csv
210,10,9,1,3g.csv
211,18,16,2,1a.csv
211,1,1,0,1b.csv
211,5,4,1,1c.csv
211,0,0,0,1e.csv
211,2,2,0,1f.csv
211,1,1,0,1g.csv
211,3,2,1,1h.csv
211,1,0,1,1i.csv
211,1,1,0,1j.csv
211,0,0,0,1k.csv
211,5,5,0,1l.csv
211,0,0,0,1m.csv
211,4,3,1,2a.csv
211,0,0,0,2b.csv
211,3,3,0,2c.csv
211,5,4,1,2d.csv
211,1,1,0,2e.csv
211,0,0,0,2f.csv
211,0,0,0,2g.csv
211,1,0,1,2h.csv
211,0,0,0,2i.csv
211,2,2,0,2j.csv
211,0,0,0,2k.csv
211,2,2,0,2l.csv
211,82,45,37,3a.csv
211,56,49,7,3b.csv
211,9,6,3,3c.csv
211,9,6,3,3d.csv
211,6,5,1,3e.csv
211,4,3,1,3f.csv
211,11,10,1,3g.csv
212,17,15,2,1a.csv
212,1,1,0,1b.csv
212,5,4,1,1c.csv
212,0,0,0,1e.csv
212,2,2,0,1f.csv
212,1,1,0,1g.csv
212,3,1,2,1h.csv
212,0,0,0,1i.csv
212,1,1,0,1j.csv
212,0,0,0,1k.csv
212,3,3,0,1l.csv
212,0,0,0,1m.csv
212,4,3,1,2a.csv
212,0,0,0,2b.csv
212,3,3,0,2c.csv
212,5,4,1,2d.csv
212,0,0,0,2e.csv
212,0,0,0,2f.csv
212,0,0,0,2g.csv
212,1,0,1,2h.csv
212,0,0,0,2i.csv
212,2,2,0,2j.csv
212,0,0,0,2k.csv
212,3,2,1,2l.csv
212,84,44,40,3a.csv
212,57,49,8,3b.csv
212,12,7,5,3c.csv
212,12,7,5,3d.csv
212,7,6,1,3e.csv
212,4,3,1,3f.csv
212,8,6,2,3g.csv
213,14,12,2,1a.csv
213,1,1,0,1b.csv
213,5,5,0,1c.csv
213,0,0,0,1e.csv
213,3,2,1,1f.csv
213,1,1,0,1g.csv
213,3,1,2,1h.csv
213,0,0,0,1i.csv
213,1,1,0,1j.csv
213,0,0,0,1k.csv
213,3,3,0,1l.csv
213,0,0,0,1m.csv
213,5,4,1,2a.csv
213,0,0,0,2b.csv
213,4,4,0,2c.csv
213,5,4,1,2d.csv
213,0,0,0,2e.csv
213,0,0,0,2f.csv
213,0,0,0,2g.csv
213,1,0,1,2h.csv
213,0,0,0,2i.csv
213,2,2,0,2j.csv
213,0,0,0,2k.csv
213,3,2,1,2l.csv
213,87,44,43,3a.csv
213,58,50,8,3b.csv
213,12,7,5,3c.csv
213,12,7,5,3d.csv
213,8,7,1,3e.csv
213,5,4,1,3f.csv
213,5,4,1,3g.csv
214,13,11,2,1a.csv
214,1,1,0,1b.csv
214,7,7,0,1c.csv
214,0,0,0,1e.csv
214,3,2,1,1f.csv
214,1,1,0,1g.csv
214,3,1,2,1h.csv
214,0,0,0,1i.csv
214,1,1,0,1j.csv
214,0,0,0,1k.csv
214,3,3,0,1l.csv
214,0,0,0,1m.csv
214,5,4,1,2a.csv
214,0,0,0,2b.csv
214,4,4,0,2c.csv
214,5,4,1,2d.csv
214,0,0,0,2e.csv
214,0,0,0,2f.csv
214,0,0,0,2g.csv
214,1,0,1,2h.csv
214,0,0,0,2i.csv
214,3,3,0,2j.csv
214,0,0,0,2k.csv
214,3,2,1,2l.csv
214,87,41,46,3a.csv
214,54,46,8,3b.csv
214,14,9,5,3c.csv
214,14,9,5,3d.csv
214,10,9,1,3e.csv
214,8,7,1,3f.csv
214,4,3,1,3g.csv
215,13,12,1,1a.csv
215,1,1,0,1b.csv
215,7,7,0,1c.csv
215,0,0,0,1e.csv
215,2,1,1,1f.csv
215,1,1,0,1g.csv
215,1,0,1,1h.csv
215,0,0,0,1i.csv
215,1,1,0,1j.csv
215,0,0,0,1k.csv
215,1,1,0,1l.csv
215,0,0,0,1m.csv
215,4,4,0,2a.csv
215,0,0,0,2b.csv
215,4,4,0,2c.csv
215,6,4,2,2d.csv
215,0,0,0,2e.csv
215,0,0,0,2f.csv
215,0,0,0,2g.csv
215,1,0,1,2h.csv
215,0,0,0,2i.csv
215,5,5,0,2j.csv
215,0,0,0,2k.csv
215,3,2,1,2l.csv
215,84,44,40,3a.csv
215,53,44,9,3b.csv
215,14,9,5,3c.csv
215,14,9,5,3d.csv
215,10,8,2,3e.csv
215,7,6,1,3f.csv
215,6,5,1,3g.csv
216,12,11,1,1a.csv
216,2,2,0,1b.csv
216,7,7,0,1c.csv
216,0,0,0,1e.csv
216,2,1,1,1f.csv
216,0,0,0,1g.csv
216,1,0,1,1h.csv
216,0,0,0,1i.csv
216,0,0,0,1j.csv
216,0,0,0,1k.csv
216,0,0,0,1l.csv
216,0,0,0,1m.csv
216,3,3,0,2a.csv
216,0,0,0,2b.csv
216,4,4,0,2c.csv
216,8,6,2,2d.csv
216,0,0,0,2e.csv
216,0,0,0,2f.csv
216,0,0,0,2g.csv
216,0,0,0,2h.csv
216,1,1,0,2i.csv
216,6,6,0,2j.csv
216,0,0,0,2k.csv
216,3,2,1,2l.csv
216,83,46,37,3a.csv
216,51,42,9,3b.csv
216,13,8,5,3c.csv
216,13,8,5,3d.csv
216,9,7,2,3e.csv
216,11,10,1,3f.csv
216,6,5,1,3g.csv
217,13,11,2,1a.csv
217,3,3,0,1b.csv
217,6,6,0,1c.csv
217,0,0,0,1e.csv
217,1,0,1,1f.csv
217,0,0,0,1g.csv
217,1,0,1,1h.csv
217,0,0,0,1i.csv
217,0,0,0,1j.csv
217,0,0,0,1k.csv
217,0,0,0,1l.csv
217,0,0,0,1m.csv
217,2,2,0,2a.csv
217,0,0,0,2b.csv
217,4,4,0,2c.csv
217,8,6,2,2d.csv
217,0,0,0,2e.csv
217,0,0,0,2f.csv
217,0,0,0,2g.csv
217,0,0,0,2h.csv
217,1,1,0,2i.csv
217,6,6,0,2j.csv
217,0,0,0,2k.csv
217,2,1,1,2l.csv
217,79,45,34,3a.csv
217,53,44,9,3b.csv
217,14,9,5,3c.csv
217,14,9,5,3d.csv
217,10,8,2,3e.csv
217,16,15,1,3f.csv
217,6,5,1,3g.csv
218,11,9,2,1a.csv
218,4,4,0,1b.csv
218,6,6,0,1c.csv
218,0,0,0,1e.csv
218,1,0,1,1f.csv
218,0,0,0,1g.csv
218,2,1,1,1h.csv
218,0,0,0,1i.csv
218,0,0,0,1j.csv
218,0,0,0,1k.csv
218,0,0,0,1l.csv
218,0,0,0,1m.csv
218,2,2,0,2a.csv
218,0,0,0,2b.csv
218,3,3,0,2c.csv
218,6,5,1,2d.csv
218,1,1,0,2e.csv
218,0,0,0,2f.csv
218,0,0,0,2g.csv
218,0,0,0,2h.csv
218,1,1,0,2i.csv
218,6,6,0,2j.csv
218,0,0,0,2k.csv
218,2,1,1,2l.csv
218,74,43,31,3a.csv
218,51,44,7,3b.csv
218,11,7,4,3c.csv
218,11,7,4,3d.csv
218,10,8,2,3e.csv
218,21,21,0,3f.csv
218,7,5,2,3g.csv
219,10,8,2,1a.csv
219,4,4,0,1b.csv
219,6,6,0,1c.csv
219,0,0,0,1e.csv
219,2,0,2,1f.csv
219,0,0,0,1g.csv
219,2,1,1,1h.csv
219,0,0,0,1i.csv
219,0,0,0,1j.csv
219,0,0,0,1k.csv
219,1,1,0,1l.csv
219,0,0,0,1m.csv
219,1,1,0,2a.csv
219,0,0,0,2b.csv
219,3,3,0,2c.csv
219,4,3,1,2d.csv
219,1,1,0,2e.csv
219,0,0,0,2f.csv
219,0,0,0,2g.csv
219,1,0,1,2h.csv
219,1,1,0,2i.csv
219,6,6,0,2j.csv
219,0,0,0,2k.csv
219,2,1,1,2l.csv
219,70,42,28,3a.csv
219,45,40,5,3b.csv
219,12,7,5,3c.csv
219,12,7,5,3d.csv
219,10,8,2,3e.csv
219,21,20,1,3f.csv
219,7,5,2,3g.csv
220,12,9,3,1a.csv
220,6,6,0,1b.csv
220,6,6,0,1c.csv
220,0,0,0,1e.csv
220,2,0,2,1f.csv
220,0,0,0,1g.csv
220,1,1,0,1h.csv
220,0,0,0,1i.csv
220,0,0,0,1j.csv
220,0,0,0,1k.csv
220,1,1,0,1l.csv
220,0,0,0,1m.csv
220,1,1,0,2a.csv
220,0,0,0,2b.csv
220,3,3,0,2c.csv
220,4,3,1,2d.csv
220,1,1,0,2e.csv
220,0,0,0,2f.csv
220,0,0,0,2g.csv
220,1,0,1,2h.csv
220,1,1,0,2i.csv
220,6,6,0,2j.csv
220,0,0,0,2k.csv
220,1,1,0,2l.csv
220,68,42,26,3a.csv
220,42,38,4,3b.csv
220,12,8,4,3c.csv
220,12,8,4,3d.csv
220,9,7,2,3e.csv
220,27,24,3,3f.csv
220,6,5,1,3g.csv
221,12,9,3,1a.csv
221,7,7,0,1b.csv
221,6,6,0,1c.csv
221,0,0,0,1e.csv
221,1,0,1,1f.csv
221,0,0,0,1g.csv
221,1,1,0,1h.csv
221,0,0,0,1i.csv
221,0,0,0,1j.csv
221,1,0,1,1k.csv
221,1,1,0,1l.csv
221,0,0,0,1m.csv
221,0,0,0,2a.csv
221,0,0,0,2b.csv
221,2,2,0,2c.csv
221,4,3,1,2d.csv
221,1,1,0,2e.csv
221,0,0,0,2f.csv
221,0,0,0,2g.csv
221,1,0,1,2h.csv
221,1,1,0,2i.csv
221,7,7,0,2j.csv
221,0,0,0,2k.csv
221,0,0,0,2l.csv
221,61,39,22,3a.csv
221,42,37,5,3b.csv
221,11,8,3,3c.csv
221,11,8,3,3d.csv
221,8,6,2,3e.csv
221,27,24,3,3f.csv
221,8,6,2,3g.csv
222,11,8,3,1a.csv
222,7,7,0,1b.csv
222,5,4,1,1c.csv
222,0,0,0,1e.csv
222,1,0,1,1f.csv
222,0,0,0,1g.csv
222,2,2,0,1h.csv
222,0,0,0,1i.csv
222,0,0,0,1j.csv
222,1,0,1,1k.csv
222,1,1,0,1l.csv
222,0,0,0,1m.csv
222,0,0,0,2a.csv
222,0,0,0,2b.csv
222,1,1,0,2c.csv
222,3,2,1,2d.csv
222,1,1,0,2e.csv
222,1,0,1,2f.csv
222,0,0,0,2g.csv
222,1,0,1,2h.csv
222,1,1,0,2i.csv
222,7,7,0,2j.csv
222,0,0,0,2k.csv
222,0,0,0,2l.csv
222,58,41,17,3a.csv
222,43,40,3,3b.csv
222,11,6,5,3c.csv
222,11,6,5,3d.csv
222,6,4,2,3e.csv
222,26,23,3,3f.csv
222,8,6,2,3g.csv
223,10,7,3,1a.csv
223,8,8,0,1b.csv
223,5,4,1,1c.csv
223,0,0,0,1e.csv
223,1,0,1,1f.csv
223,0,0,0,1g.csv
223,2,2,0,1h.csv
223,0,0,0,1i.csv
223,0,0,0,1j.csv
223,1,0,1,1k.csv
223,1,1,0,1l.csv
223,0,0,0,1m.csv
223,0,0,0,2a.csv
223,0,0,0,2b.csv
223,1,1,0,2c.csv
223,2,2,0,2d.csv
223,1,1,0,2e.csv
223,1,0,1,2f.csv
223,0,0,0,2g.csv
223,1,0,1,2h.csv
223,2,2,0,2i.csv
223,5,5,0,2j.csv
223,0,0,0,2k.csv
223,1,1,0,2l.csv
223,54,37,17,3a.csv
223,42,41,1,3b.csv
223,13,8,5,3c.csv
223,13,8,5,3d.csv
223,4,3,1,3e.csv
223,30,26,4,3f.csv
223,7,5,2,3g.csv
224,12,9,3,1a.csv
224,7,7,0,1b.csv
224,6,5,1,1c.csv
224,0,0,0,1e.csv
224,1,0,1,1f.csv
224,0,0,0,1g.csv
224,2,2,0,1h.csv
224,0,0,0,1i.csv
224,0,0,0,1j.csv
224,1,0,1,1k.csv
224,1,1,0,1l.csv
224,0,0,0,1m.csv
224,0,0,0,2a.csv
224,2,2,0,2b.csv
224,1,1,0,2c.csv
224,0,0,0,2d.csv
224,1,1,0,2e.csv
224,1,0,1,2f.csv
224,0,0,0,2g.csv
224,1,0,1,2h.csv
224,1,1,0,2i.csv
224,4,4,0,2j.csv
224,0,0,0,2k.csv
224,1,1,0,2l.csv
224,49,34,15,3a.csv
224,41,40,1,3b.csv
224,12,7,5,3c.csv
224,12,7,5,3d.csv
224,5,4,1,3e.csv
224,29,25,4,3f.csv
224,6,4,2,3g.csv
225,11,9,2,1a.csv
225,5,5,0,1b.csv
225,6,5,1,1c.csv
225,0,0,0,1e.csv
225,1,0,1,1f.csv
225,0,0,0,1g.csv
225,3,3,0,1h.csv
225,0,0,0,1i.csv
225,0,0,0,1j.csv
225,1,0,1,1k.csv
225,1,1,0,1l.csv
225,0,0,0,1m.csv
225,0,0,0,2a.csv
225,2,2,0,2b.csv
225,2,2,0,2c.csv
225,0,0,0,2d.csv
225,1,1,0,2e.csv
225,1,0,1,2f.csv
225,0,0,0,2g.csv
225,1,0,1,2h.csv
225,1,1,0,2i.csv
225,5,5,0,2j.csv
225,0,0,0,2k.csv
225,1,1,0,2l.csv
225,46,31,15,3a.csv
225,40,39,1,3b.csv
225,13,7,6,3c.csv
225,13,7,6,3d.csv
225,5,4,1,3e.csv
225,25,21,4,3f.csv
225,6,4,2,3g.csv
226,12,9,3,1a.csv
226,5,5,0,1b.csv
226,5,4,1,1c.csv
226,0,0,0,1e.csv
226,1,0,1,1f.csv
226,0,0,0,1g.csv
226,2,2,0,1h.csv
226,0,0,0,1i.csv
226,0,0,0,1j.csv
226,1,0,1,1k.csv
226,1,1,0,1l.csv
226,0,0,0,1m.csv
226,0,0,0,2a.csv
226,2,2,0,2b.csv
226,3,3,0,2c.csv
226,0,0,0,2d.csv
226,0,0,0,2e.csv
226,1,0,1,2f.csv
226,0,0,0,2g.csv
226,1,0,1,2h.csv
226,1,1,0,2i.csv
226,6,6,0,2j.csv
226,0,0,0,2k.csv
226,1,1,0,2l.csv
226,40,30,10,3a.csv
226,37,35,2,3b.csv
226,15,9,6,3c.csv
226,15,9,6,3d.csv
226,7,6,1,3e.csv
226,19,15,4,3f.csv
226,4,3,1,3g.csv
227,10,8,2,1a.csv
227,5,5,0,1b.csv
227,5,4,1,1c.csv
227,0,0,0,1e.csv
227,0,0,0,1f.csv
227,0,0,0,1g.csv
227,2,2,0,1h.csv
227,0,0,0,1i.csv
227,0,0,0,1j.csv
227,2,1,1,1k.csv
227,0,0,0,1l.csv
227,0,0,0,1m.csv
227,0,0,0,2a.csv
227,2,2,0,2b.csv
227,4,4,0,2c.csv
227,0,0,0,2d.csv
227,0,0,0,2e.csv
227,2,0,2,2f.csv
227,0,0,0,2g.csv
227,0,0,0,2h.csv
227,1,1,0,2i.csv
227,5,5,0,2j.csv
227,0,0,0,2k.csv
227,1,1,0,2l.csv
227,41,31,10,3a.csv
227,35,33,2,3b.csv
227,15,11,4,3c.csv
227,15,11,4,3d.csv
227,8,7,1,3e.csv
227,19,16,3,3f.csv
227,4,3,1,3g.csv
228,8,7,1,1a.csv
228,3,3,0,1b.csv
228,4,3,1,1c.csv
228,0,0,0,1e.csv
228,0,0,0,1f.csv
228,0,0,0,1g.csv
228,2,2,0,1h.csv
228,0,0,0,1i.csv
228,0,0,0,1j.csv
228,2,1,1,1k.csv
228,0,0,0,1l.csv
228,0,0,0,1m.csv
228,0,0,0,2a.csv
228,2,2,0,2b.csv
228,4,4,0,2c.csv
228,0,0,0,2d.csv
228,0,0,0,2e.csv
228,2,0,2,2f.csv
228,0,0,0,2g.csv
228,0,0,0,2h.csv
228,1,1,0,2i.csv
228,5,5,0,2j.csv
228,0,0,0,2k.csv
228,2,2,0,2l.csv
228,38,27,11,3a.csv
228,32,30,2,3b.csv
228,12,9,3,3c.csv
228,12,9,3,3d.csv
228,14,13,1,3e.csv
228,14,13,1,3f.csv
228,4,3,1,3g.csv
229,8,7,1,1a.csv
229,2,2,0,1b.csv
229,3,2,1,1c.csv
229,0,0,0,1e.csv
229,0,0,0,1f.csv
229,0,0,0,1g.csv
229,2,2,0,1h.csv
229,0,0,0,1i.csv
229,0,0,0,1j.csv
229,1,1,0,1k.csv
229,1,1,0,1l.csv
229,0,0,0,1m.csv
229,1,0,1,2a.csv
229,2,2,0,2b.csv
229,5,5,0,2c.csv
229,0,0,0,2d.csv
229,0,0,0,2e.csv
229,2,0,2,2f.csv
229,0,0,0,2g.csv
229,0,0,0,2h.csv
229,1,1,0,2i.csv
229,4,4,0,2j.csv
229,0,0,0,2k.csv
229,2,2,0,2l.csv
229,32,24,8,3a.csv
229,32,30,2,3b.csv
229,11,8,3,3c.csv
229,11,8,3,3d.csv
229,20,19,1,3e.csv
229,13,12,1,3f.csv
229,2,2,0,3g.csv
230,8,7,1,1a.csv
230,2,2,0,1b.csv
230,3,3,0,1c.csv
230,0,0,0,1e.csv
230,0,0,0,1f.csv
230,0,0,0,1g.csv
230,1,1,0,1h.csv
230,0,0,0,1i.csv
230,0,0,0,1j.csv
230,1,1,0,1k.csv
230,1,1,0,1l.csv
230,0,0,0,1m.csv
230,1,0,1,2a.csv
230,3,3,0,2b.csv
230,6,6,0,2c.csv
230,0,0,0,2d.csv
230,0,0,0,2e.csv
230,1,0,1,2f.csv
230,0,0,0,2g.csv
230,0,0,0,2h.csv
230,1,1,0,2i.csv
230,4,4,0,2j.csv
230,0,0,0,2k.csv
230,3,3,0,2l.csv
230,34,24,10,3a.csv
230,27,25,2,3b.csv
230,9,8,1,3c.csv
230,9,8,1,3d.csv
230,23,22,1,3e.csv
230,12,11,1,3f.csv
230,2,2,0,3g.csv
231,7,6,1,1a.csv
231,1,1,0,1b.csv
231,3,3,0,1c.csv
231,0,0,0,1e.csv
231,0,0,0,1f.csv
231,0,0,0,1g.csv
231,1,1,0,1h.csv
231,0,0,0,1i.csv
231,0,0,0,1j.csv
231,1,1,0,1k.csv
231,1,1,0,1l.csv
231,0,0,0,1m.csv
231,1,0,1,2a.csv
231,3,3,0,2b.csv
231,6,6,0,2c.csv
231,0,0,0,2d.csv
231,0,0,0,2e.csv
231,1,0,1,2f.csv
231,0,0,0,2g.csv
231,0,0,0,2h.csv
231,0,0,0,2i.csv
231,4,4,0,2j.csv
231,0,0,0,2k.csv
231,2,2,0,2l.csv
231,34,25,9,3a.csv
231,35,33,2,3b.csv
231,7,6,1,3c.csv
231,7,6,1,3d.csv
231,24,23,1,3e.csv
231,10,10,0,3f.csv
231,1,1,0,3g.csv
232,4,3,1,1a.csv
232,1,1,0,1b.csv
232,2,2,0,1c.csv
232,0,0,0,1e.csv
232,1,1,0,1f.csv
232,3,3,0,1g.csv
232,2,2,0,1h.csv
232,0,0,0,1i.csv
232,0,0,0,1j.csv
232,1,1,0,1k.csv
232,2,2,0,1l.csv
232,0,0,0,1m.csv
232,1,0,1,2a.csv
232,1,1,0,2b.csv
232,7,7,0,2c.csv
232,0,0,0,2d.csv
232,0,0,0,2e.csv
232,1,0,1,2f.csv
232,0,0,0,2g.csv
232,0,0,0,2h.csv
232,1,1,0,2i.csv
232,4,4,0,2j.csv
232,0,0,0,2k.csv
232,2,2,0,2l.csv
232,35,26,9,3a.csv
232,36,32,4,3b.csv
232,10,9,1,3c.csv
232,10,9,1,3d.csv
232,26,25,1,3e.csv
232,9,9,0,3f.csv
232,1,1,0,3g.csv
233,4,2,2,1a.csv
233,3,3,0,1b.csv
233,1,1,0,1c.csv
233,0,0,0,1e.csv
233,2,2,0,1f.csv
233,3,3,0,1g.csv
233,2,2,0,1h.csv
233,0,0,0,1i.csv
233,1,1,0,1j.csv
233,1,1,0,1k.csv
233,2,2,0,1l.csv
233,0,0,0,1m.csv
233,1,0,1,2a.csv
233,2,2,0,2b.csv
233,6,6,0,2c.csv
233,0,0,0,2d.csv
233,0,0,0,2e.csv
233,1,0,1,2f.csv
233,0,0,0,2g.csv
233,0,0,0,2h.csv
233,1,1,0,2i.csv
233,3,3,0,2j.csv
233,0,0,0,2k.csv
233,2,2,0,2l.csv
233,33,25,8,3a.csv
233,36,31,5,3b.csv
233,11,9,2,3c.csv
233,11,9,2,3d.csv
233,28,27,1,3e.csv
233,10,10,0,3f.csv
233,2,2,0,3g.csv
234,5,4,1,1a.csv
234,2,2,0,1b.csv
234,1,1,0,1c.csv
234,0,0,0,1e.csv
234,2,2,0,1f.csv
234,3,3,0,1g.csv
234,3,3,0,1h.csv
234,0,0,0,1i.csv
234,1,1,0,1j.csv
234,1,1,0,1k.csv
234,3,2,1,1l.csv
234,0,0,0,1m.csv
234,1,0,1,2a.csv
234,2,2,0,2b.csv
234,6,6,0,2c.csv
234,1,0,1,2d.csv
234,0,0,0,2e.csv
234,1,0,1,2f.csv
234,0,0,0,2g.csv
234,0,0,0,2h.csv
234,1,1,0,2i.csv
234,2,2,0,2j.csv
234,0,0,0,2k.csv
234,2,2,0,2l.csv
234,33,26,7,3a.csv
234,34,30,4,3b.csv
234,10,8,2,3c.csv
234,10,8,2,3d.csv
234,26,25,1,3e.csv
234,12,12,0,3f.csv
234,2,2,0,3g.csv
235,6,5,1,1a.csv
235,2,2,0,1b.csv
235,2,2,0,1c.csv
235,0,0,0,1e.csv
235,2,2,0,1f.csv
235,4,3,1,1g.csv
235,3,3,0,1h.csv
235,1,1,0,1i.csv
235,1,1,0,1j.csv
235,0,0,0,1k.csv
235,3,2,1,1l.csv
235,0,0,0,1m.csv
235,1,0,1,2a.csv
235,2,2,0,2b.csv
235,5,5,0,2c.csv
235,1,0,1,2d.csv
235,0,0,0,2e.csv
235,0,0,0,2f.csv
235,0,0,0,2g.csv
235,0,0,0,2h.csv
235,1,1,0,2i.csv
235,3,3,0,2j.csv
235,0,0,0,2k.csv
235,2,2,0,2l.csv
235,33,27,6,3a.csv
235,35,31,4,3b.csv
235,11,9,2,3c.csv
235,11,9,2,3d.csv
235,26,25,1,3e.csv
235,12,12,0,3f.csv
235,1,1,0,3g.csv
236,8,6,2,1a.csv
236,3,2,1,1b.csv
236,2,2,0,1c.csv
236,0,0,0,1e.csv
236,2,2,0,1f.csv
236,4,3,1,1g.csv
236,3,3,0,1h.csv
236,1,1,0,1i.csv
236,1,1,0,1j.csv
236,0,0,0,1k.csv
236,3,2,1,1l.csv
236,1,1,0,1m.csv
236,1,0,1,2a.csv
236,2,2,0,2b.csv
236,6,6,0,2c.csv
236,1,0,1,2d.csv
236,0,0,0,2e.csv
236,0,0,0,2f.csv
236,0,0,0,2g.csv
236,0,0,0,2h.csv
236,1,1,0,2i.csv
236,3,3,0,2j.csv
236,0,0,0,2k.csv
236,1,1,0,2l.csv
236,34,29,5,3a.csv
236,35,30,5,3b.csv
236,11,9,2,3c.csv
236,11,9,2,3d.csv
236,20,19,1,3e.csv
236,14,13,1,3f.csv
236,1,1,0,3g.csv
237,7,5,2,1a.csv
237,3,2,1,1b.csv
237,5,5,0,1c.csv
237,0,0,0,1e.csv
237,2,2,0,1f.csv
237,4,3,1,1g.csv
237,4,4,0,1h.csv
237,1,1,0,1i.csv
237,1,1,0,1j.csv
237,1,1,0,1k.csv
237,3,2,1,1l.csv
237,1,1,0,1m.csv
237,0,0,0,2a.csv
237,2,2,0,2b.csv
237,6,6,0,2c.csv
237,1,0,1,2d.csv
237,0,0,0,2e.csv
237,0,0,0,2f.csv
237,0,0,0,2g.csv
237,0,0,0,2h.csv
237,1,1,0,2i.csv
237,3,3,0,2j.csv
237,0,0,0,2k.csv
237,1,1,0,2l.csv
237,42,35,7,3a.csv
237,31,27,4,3b.csv
237,12,10,2,3c.csv
237,12,10,2,3d.csv
237,17,16,1,3e.csv
237,14,13,1,3f.csv
237,1,1,0,3g.csv
238,9,7,2,1a.csv
238,4,2,2,1b.csv
238,4,4,0,1c.csv
238,0,0,0,1e.csv
238,2,2,0,1f.csv
238,4,3,1,1g.csv
238,4,4,0,1h.csv
238,1,1,0,1i.csv
238,1,1,0,1j.csv
238,1,1,0,1k.csv
238,4,2,2,1l.csv
238,1,1,0,1m.csv
238,0,0,0,2a.csv
238,1,1,0,2b.csv
238,5,5,0,2c.csv
238,1,0,1,2d.csv
238,0,0,0,2e.csv
238,1,1,0,2f.csv
238,0,0,0,2g.csv
238,0,0,0,2h.csv
238,1,1,0,2i.csv
238,3,3,0,2j.csv
238,0,0,0,2k.csv
238,0,0,0,2l.csv
238,42,36,6,3a.csv
238,33,28,5,3b.csv
238,11,9,2,3c.csv
238,11,9,2,3d.csv
238,15,14,1,3e.csv
238,13,12,1,3f.csv
238,1,1,0,3g.csv
239,9,7,2,1a.csv
239,4,2,2,1b.csv
239,5,5,0,1c.csv
239,0,0,0,1e.csv
239,2,2,0,1f.csv
239,4,3,1,1g.csv
239,4,4,0,1h.csv
239,1,1,0,1i.csv
239,1,1,0,1j.csv
239,1,1,0,1k.csv
239,4,2,2,1l.csv
239,1,1,0,1m.csv
239,0,0,0,2a.csv
239,1,1,0,2b.csv
239,4,4,0,2c.csv
239,1,0,1,2d.csv
239,0,0,0,2e.csv
239,1,1,0,2f.csv
239,0,0,0,2g.csv
239,0,0,0,2h.csv
239,1,1,0,2i.csv
239,3,3,0,2j.csv
239,0,0,0,2k.csv
239,0,0,0,2l.csv
239,41,35,6,3a.csv
239,22,17,5,3b.csv
239,15,12,3,3c.csv
239,15,12,3,3d.csv
239,14,13,1,3e.csv
239,13,12,1,3f.csv
239,1,1,0,3g.csv
240,12,9,3,1a.csv
240,4,2,2,1b.csv
240,5,5,0,1c.csv
240,0,0,0,1e.csv
240,1,1,0,1f.csv
240,2,1,1,1g.csv
240,3,3,0,1h.csv
240,1,1,0,1i.csv
240,1,1,0,1j.csv
240,1,1,0,1k.csv
240,4,1,3,1l.csv
240,1,1,0,1m.csv
240,0,0,0,2a.csv
240,1,1,0,2b.csv
240,4,4,0,2c.csv
240,1,0,1,2d.csv
240,0,0,0,2e.csv
240,1,1,0,2f.csv
240,1,1,0,2g.csv
240,0,0,0,2h.csv
240,0,0,0,2i.csv
240,3,3,0,2j.csv
240,0,0,0,2k.csv
240,0,0,0,2l.csv
240,44,36,8,3a.csv
240,21,17,4,3b.csv
240,16,13,3,3c.csv
240,16,13,3,3d.csv
240,15,14,1,3e.csv
240,12,11,1,3f.csv
240,1,1,0,3g.csv
241,10,8,2,1a.csv
241,2,0,2,1b.csv
241,5,5,0,1c.csv
241,0,0,0,1e.csv
241,0,0,0,1f.csv
241,4,3,1,1g.csv
241,3,3,0,1h.csv
241,1,1,0,1i.csv
241,0,0,0,1j.csv
241,1,1,0,1k.csv
241,5,2,3,1l.csv
241,1,1,0,1m.csv
241,0,0,0,2a.csv
241,0,0,0,2b.csv
241,4,4,0,2c.csv
241,1,0,1,2d.csv
241,0,0,0,2e.csv
241,2,2,0,2f.csv
241,1,1,0,2g.csv
241,1,1,0,2h.csv
241,0,0,0,2i.csv
241,2,2,0,2j.csv
241,0,0,0,2k.csv
241,0,0,0,2l.csv
241,48,38,10,3a.csv
241,16,13,3,3b.csv
241,14,13,1,3c.csv
241,14,13,1,3d.csv
241,11,10,1,3e.csv
241,10,9,1,3f.csv
241,0,0,0,3g.csv
242,8,6,2,1a.csv
242,2,0,2,1b.csv
242,5,5,0,1c.csv
242,0,0,0,1e.csv
242,0,0,0,1f.csv
242,5,4,1,1g.csv
242,2,2,0,1h.csv
242,1,1,0,1i.csv
242,0,0,0,1j.csv
242,1,1,0,1k.csv
242,4,2,2,1l.csv
242,1,1,0,1m.csv
242,0,0,0,2a.csv
242,0,0,0,2b.csv
242,3,3,0,2c.csv
242,0,0,0,2d.csv
242,0,0,0,2e.csv
242,2,2,0,2f.csv
242,1,1,0,2g.csv
242,1,1,0,2h.csv
242,0,0,0,2i.csv
242,2,2,0,2j.csv
242,0,0,0,2k.csv
242,0,0,0,2l.csv
242,49,37,12,3a.csv
242,15,12,3,3b.csv
242,13,12,1,3c.csv
242,13,12,1,3d.csv
242,12,11,1,3e.csv
242,10,9,1,3f.csv
242,0,0,0,3g.csv
243,9,6,3,1a.csv
243,4,2,2,1b.csv
243,5,5,0,1c.csv
243,0,0,0,1e.csv
243,0,0,0,1f.csv
243,5,5,0,1g.csv
243,2,2,0,1h.csv
243,0,0,0,1i.csv
243,0,0,0,1j.csv
243,1,1,0,1k.csv
243,4,2,2,1l.csv
243,1,1,0,1m.csv
243,0,0,0,2a.csv
243,0,0,0,2b.csv
243,5,4,1,2c.csv
243,0,0,0,2d.csv
243,0,0,0,2e.csv
243,3,3,0,2f.csv
243,1,1,0,2g.csv
243,1,1,0,2h.csv
243,0,0,0,2i.csv
243,1,1,0,2j.csv
243,0,0,0,2k.csv
243,0,0,0,2l.csv
243,49,36,13,3a.csv
243,14,11,3,3b.csv
243,12,11,1,3c.csv
243,12,11,1,3d.csv
243,11,10,1,3e.csv
243,10,9,1,3f.csv
243,1,1,0,3g.csv
244,8,6,2,1a.csv
244,3,2,1,1b.csv
244,5,5,0,1c.csv
244,0,0,0,1e.csv
244,0,0,0,1f.csv
244,5,5,0,1g.csv
244,2,2,0,1h.csv
244,0,0,0,1i.csv
244,0,0,0,1j.csv
244,1,1,0,1k.csv
244,4,2,2,1l.csv
244,0,0,0,1m.csv
244,0,0,0,2a.csv
244,0,0,0,2b.csv
244,4,3,1,2c.csv
244,0,0,0,2d.csv
244,0,0,0,2e.csv
244,3,3,0,2f.csv
244,1,1,0,2g.csv
244,1,1,0,2h.csv
244,0,0,0,2i.csv
244,1,1,0,2j.csv
244,0,0,0,2k.csv
244,0,0,0,2l.csv
244,48,34,14,3a.csv
244,15,13,2,3b.csv
244,14,13,1,3c.csv
244,14,13,1,3d.csv
244,12,11,1,3e.csv
244,8,8,0,3f.csv
244,2,2,0,3g.csv
245,8,6,2,1a.csv
245,3,2,1,1b.csv
245,2,2,0,1c.csv
245,0,0,0,1e.csv
245,0,0,0,1f.csv
245,5,5,0,1g.csv
245,1,1,0,1h.csv
245,0,0,0,1i.csv
245,1,0,1,1j.csv
245,0,0,0,1k.csv
245,4,2,2,1l.csv
245,1,1,0,1m.csv
245,0,0,0,2a.csv
245,0,0,0,2b.csv
245,3,2,1,2c.csv
245,0,0,0,2d.csv
245,0,0,0,2e.csv
245,3,3,0,2f.csv
245,1,1,0,2g.csv
245,1,1,0,2h.csv
245,0,0,0,2i.csv
245,1,1,0,2j.csv
245,0,0,0,2k.csv
245,0,0,0,2l.csv
245,41,29,12,3a.csv
245,15,13,2,3b.csv
245,15,13,2,3c.csv
245,15,13,2,3d.csv
245,10,9,1,3e.csv
245,9,9,0,3f.csv
245,3,3,0,3g.csv
246,6,4,2,1a.csv
246,2,2,0,1b.csv
246,2,2,0,1c.csv
246,0,0,0,1e.csv
246,0,0,0,1f.csv
246,6,6,0,1g.csv
246,1,1,0,1h.csv
246,0,0,0,1i.csv
246,1,0,1,1j.csv
246,0,0,0,1k.csv
246,3,2,1,1l.csv
246,1,1,0,1m.csv
246,0,0,0,2a.csv
246,0,0,0,2b.csv
246,3,2,1,2c.csv
246,0,0,0,2d.csv
246,0,0,0,2e.csv
246,2,2,0,2f.csv
246,1,1,0,2g.csv
246,1,1,0,2h.csv
246,0,0,0,2i.csv
246,0,0,0,2j.csv
246,0,0,0,2k.csv
246,0,0,0,2l.csv
246,39,25,14,3a.csv
246,13,12,1,3b.csv
246,17,15,2,3c.csv
246,17,15,2,3d.csv
246,13,13,0,3e.csv
246,10,10,0,3f.csv
246,3,3,0,3g.csv
247,9,6,3,1a.csv
247,2,2,0,1b.csv
247,1,1,0,1c.csv
247,0,0,0,1e.csv
247,0,0,0,1f.csv
247,8,8,0,1g.csv
247,1,1,0,1h.csv
247,0,0,0,1i.csv
247,1,0,1,1j.csv
247,0,0,0,1k.csv
247,3,2,1,1l.csv
247,2,2,0,1m.csv
247,0,0,0,2a.csv
247,1,1,0,2b.csv
247,4,3,1,2c.csv
247,0,0,0,2d.csv
247,0,0,0,2e.csv
247,3,2,1,2f.csv
247,1,1,0,2g.csv
247,1,1,0,2h.csv
247,0,0,0,2i.csv
247,0,0,0,2j.csv
247,0,0,0,2k.csv
247,0,0,0,2l.csv
247,41,26,15,3a.csv
247,13,11,2,3b.csv
247,15,14,1,3c.csv
247,15,14,1,3d.csv
247,16,16,0,3e.csv
247,11,11,0,3f.csv
247,4,4,0,3g.csv
248,7,4,3,1a.csv
248,3,3,0,1b.csv
248,1,1,0,1c.csv
248,0,0,0,1e.csv
248,0,0,0,1f.csv
248,8,8,0,1g.csv
248,1,1,0,1h.csv
248,0,0,0,1i.csv
248,1,0,1,1j.csv
248,0,0,0,1k.csv
248,2,2,0,1l.csv
248,4,3,1,1m.csv
248,0,0,0,2a.csv
248,1,1,0,2b.csv
248,4,3,1,2c.csv
248,0,0,0,2d.csv
248,0,0,0,2e.csv
248,3,2,1,2f.csv
248,0,0,0,2g.csv
248,1,1,0,2h.csv
248,0,0,0,2i.csv
248,0,0,0,2j.csv
248,0,0,0,2k.csv
248,0,0,0,2l.csv
248,34,22,12,3a.csv
248,13,12,1,3b.csv
248,15,14,1,3c.csv
248,15,14,1,3d.csv
248,12,12,0,3e.csv
248,12,12,0,3f.csv
248,4,4,0,3g.csv
249,8,5,3,1a.csv
249,4,4,0,1b.csv
249,1,1,0,1c.csv
249,0,0,0,1e.csv
249,0,0,0,1f.csv
249,6,6,0,1g.csv
249,0,0,0,1h.csv
249,0,0,0,1i.csv
249,1,0,1,1j.csv
249,0,0,0,1k.csv
249,2,2,0,1l.csv
249,5,4,1,1m.csv
249,0,0,0,2a.csv
249,1,1,0,2b.csv
249,4,3,1,2c.csv
249,0,0,0,2d.csv
249,0,0,0,2e.csv
249,2,1,1,2f.csv
249,0,0,0,2g.csv
249,0,0,0,2h.csv
249,1,1,0,2i.csv
249,1,1,0,2j.csv
249,0,0,0,2k.csv
249,0,0,0,2l.csv
249,31,20,11,3a.csv
249,14,13,1,3b.csv
249,15,14,1,3c.csv
249,15,14,1,3d.csv
249,13,13,0,3e.csv
249,12,12,0,3f.csv
249,4,4,0,3g.csv
250,9,6,3,1a.csv
250,5,5,0,1b.csv
250,2,2,0,1c.csv
250,0,0,0,1e.csv
250,1,1,0,1f.csv
250,5,5,0,1g.csv
250,0,0,0,1h.csv
250,0,0,0,1i.csv
250,1,0,1,1j.csv
250,0,0,0,1k.csv
250,2,2,0,1l.csv
250,5,4,1,1m.csv
250,0,0,0,2a.csv
250,1,1,0,2b.csv
250,4,3,1,2c.csv
250,0,0,0,2d.csv
250,0,0,0,2e.csv
250,2,1,1,2f.csv
250,0,0,0,2g.csv
250,0,0,0,2h.csv
250,1,1,0,2i.csv
250,2,1,1,2j.csv
250,0,0,0,2k.csv
250,0,0,0,2l.csv
250,30,19,11,3a.csv
250,14,12,2,3b.csv
250,17,16,1,3c.csv
250,17,16,1,3d.csv
250,13,13,0,3e.csv
250,13,13,0,3f.csv
250,5,5,0,3g.csv
251,9,6,3,1a.csv
251,3,3,0,1b.csv
251,2,2,0,1c.csv
251,0,0,0,1e.csv
251,2,2,0,1f.csv
251,4,4,0,1g.csv
251,0,0,0,1h.csv
251,0,0,0,1i.csv
251,3,2,1,1j.csv
251,0,0,0,1k.csv
251,4,3,1,1l.csv
251,5,4,1,1m.csv
251,3,3,0,2a.csv
251,1,1,0,2b.csv
251,3,2,1,2c.csv
251,0,0,0,2d.csv
251,0,0,0,2e.csv
251,1,0,1,2f.csv
251,0,0,0,2g.csv
251,0,0,0,2h.csv
251,1,1,0,2i.csv
251,2,1,1,2j.csv
251,0,0,0,2k.csv
251,1,0,1,2l.csv
251,30,20,10,3a.csv
251,14,11,3,3b.csv
251,17,16,1,3c.csv
251,17,16,1,3d.csv
251,13,13,0,3e.csv
251,15,15,0,3f.csv
251,4,4,0,3g.csv
252,9,5,4,1a.csv
252,3,3,0,1b.csv
252,2,2,0,1c.csv
252,0,0,0,1e.csv
252,2,2,0,1f.csv
252,4,4,0,1g.csv
252,0,0,0,1h.csv
252,0,0,0,1i.csv
252,3,2,1,1j.csv
252,0,0,0,1k.csv
252,4,3,1,1l.csv
252,5,4,1,1m.csv
252,3,3,0,2a.csv
252,1,1,0,2b.csv
252,3,2,1,2c.csv
252,0,0,0,2d.csv
252,0,0,0,2e.csv
252,1,0,1,2f.csv
252,0,0,0,2g.csv
252,0,0,0,2h.csv
252,1,1,0,2i.csv
252,2,1,1,2j.csv
252,0,0,0,2k.csv
252,1,0,1,2l.csv
252,29,20,9,3a.csv
252,12,9,3,3b.csv
252,15,14,1,3c.csv
252,15,14,1,3d.csv
252,14,14,0,3e.csv
252,15,15,0,3f.csv
252,3,3,0,3g.csv
253,11,6,5,1a.csv
253,3,3,0,1b.csv
253,2,2,0,1c.csv
253,0,0,0,1e.csv
253,2,2,0,1f.csv
253,4,4,0,1g.csv
253,0,0,0,1h.csv
253,1,1,0,1i.csv
253,2,2,0,1j.csv
253,0,0,0,1k.csv
253,4,3,1,1l.csv
253,5,3,2,1m.csv
253,4,4,0,2a.csv
253,1,1,0,2b.csv
253,3,2,1,2c.csv
253,0,0,0,2d.csv
253,0,0,0,2e.csv
253,1,0,1,2f.csv
253,0,0,0,2g.csv
253,0,0,0,2h.csv
253,1,1,0,2i.csv
253,2,1,1,2j.csv
253,0,0,0,2k.csv
253,1,0,1,2l.csv
253,26,17,9,3a.csv
253,13,10,3,3b.csv
253,13,13,0,3c.csv
253,13,13,0,3d.csv
253,15,15,0,3e.csv
253,14,13,1,3f.csv
253,2,2,0,3g.csv
254,11,6,5,1a.csv
254,4,4,0,1b.csv
254,2,2,0,1c.csv
254,0,0,0,1e.csv
254,2,2,0,1f.csv
254,3,3,0,1g.csv
254,0,0,0,1h.csv
254,1,1,0,1i.csv
254,2,2,0,1j.csv
254,0,0,0,1k.csv
254,5,4,1,1l.csv
254,5,3,2,1m.csv
254,4,4,0,2a.csv
254,1,1,0,2b.csv
254,4,3,1,2c.csv
254,0,0,0,2d.csv
254,0,0,0,2e.csv
254,1,0,1,2f.csv
254,0,0,0,2g.csv
254,0,0,0,2h.csv
254,2,2,0,2i.csv
254,2,1,1,2j.csv
254,0,0,0,2k.csv
254,1,0,1,2l.csv
254,25,19,6,3a.csv
254,13,10,3,3b.csv
254,13,12,1,3c.csv
254,13,12,1,3d.csv
254,11,11,0,3e.csv
254,13,12,1,3f.csv
254,2,2,0,3g.csv
255,8,4,4,1a.csv
255,4,4,0,1b.csv
255,2,2,0,1c.csv
255,0,0,0,1e.csv
255,2,2,0,1f.csv
255,2,2,0,1g.csv
255,0,0,0,1h.csv
255,1,1,0,1i.csv
255,2,2,0,1j.csv
255,0,0,0,1k.csv
255,6,5,1,1l.csv
255,5,3,2,1m.csv
255,5,5,0,2a.csv
255,0,0,0,2b.csv
255,4,3,1,2c.csv
255,0,0,0,2d.csv
255,0,0,0,2e.csv
255,0,0,0,2f.csv
255,0,0,0,2g.csv
255,0,0,0,2h.csv
255,2,2,0,2i.csv
255,2,1,1,2j.csv
255,0,0,0,2k.csv
255,2,1,1,2l.csv
255,24,18,6,3a.csv
255,11,9,2,3b.csv
255,13,12,1,3c.csv
255,13,12,1,3d.csv
255,10,10,0,3e.csv
255,10,9,1,3f.csv
255,1,1,0,3g.csv
256,7,4,3,1a.csv
256,3,3,0,1b.csv
256,2,2,0,1c.csv
256,0,0,0,1e.csv
256,3,3,0,1f.csv
256,1,1,0,1g.csv
256,0,0,0,1h.csv
256,1,1,0,1i.csv
256,2,2,0,1j.csv
256,0,0,0,1k.csv
256,6,5,1,1l.csv
256,4,2,2,1m.csv
256,5,5,0,2a.csv
256,0,0,0,2b.csv
256,4,3,1,2c.csv
256,0,0,0,2d.csv
256,0,0,0,2e.csv
256,0,0,0,2f.csv
256,0,0,0,2g.csv
256,0,0,0,2h.csv
256,2,2,0,2i.csv
256,2,1,1,2j.csv
256,0,0,0,2k.csv
256,3,2,1,2l.csv
256,26,20,6,3a.csv
256,11,9,2,3b.csv
256,11,9,2,3c.csv
256,11,9,2,3d.csv
256,10,10,0,3e.csv
256,9,8,1,3f.csv
256,1,1,0,3g.csv
257,7,3,4,1a.csv
257,3,3,0,1b.csv
257,4,3,1,1c.csv
257,0,0,0,1e.csv
257,3,3,0,1f.csv
257,1,1,0,1g.csv
257,0,0,0,1h.csv
257,1,1,0,1i.csv
257,2,2,0,1j.csv
257,0,0,0,1k.csv
257,5,4,1,1l.csv
257,3,1,2,1m.csv
257,8,8,0,2a.csv
257,0,0,0,2b.csv
257,4,3,1,2c.csv
257,0,0,0,2d.csv
257,0,0,0,2e.csv
257,0,0,0,2f.csv
257,0,0,0,2g.csv
257,0,0,0,2h.csv
257,1,1,0,2i.csv
257,1,0,1,2j.csv
257,0,0,0,2k.csv
257,4,3,1,2l.csv
257,25,20,5,3a.csv
257,12,10,2,3b.csv
257,13,11,2,3c.csv
257,13,11,2,3d.csv
257,10,10,0,3e.csv
257,9,8,1,3f.csv
257,1,1,0,3g.csv
258,9,5,4,1a.csv
258,2,2,0,1b.csv
258,3,2,1,1c.csv
258,0,0,0,1e.csv
258,2,2,0,1f.csv
258,1,1,0,1g.csv
258,0,0,0,1h.csv
258,1,1,0,1i.csv
258,2,2,0,1j.csv
258,0,0,0,1k.csv
258,5,4,1,1l.csv
258,3,1,2,1m.csv
258,9,8,1,2a.csv
258,0,0,0,2b.csv
258,9,6,3,2c.csv
258,0,0,0,2d.csv
258,0,0,0,2e.csv
258,0,0,0,2f.csv
258,0,0,0,2g.csv
258,0,0,0,2h.csv
258,1,1,0,2i.csv
258,0,0,0,2j.csv
258,0,0,0,2k.csv
258,4,3,1,2l.csv
258,24,20,4,3a.csv
258,11,10,1,3b.csv
258,14,10,4,3c.csv
258,14,10,4,3d.csv
258,9,9,0,3e.csv
258,7,6,1,3f.csv
258,1,1,0,3g.csv
259,7,4,3,1a.csv
259,3,3,0,1b.csv
259,2,1,1,1c.csv
259,0,0,0,1e.csv
259,1,1,0,1f.csv
259,1,1,0,1g.csv
259,0,0,0,1h.csv
259,1,1,0,1i.csv
259,0,0,0,1j.csv
259,0,0,0,1k.csv
259,5,5,0,1l.csv
259,3,1,2,1m.csv
259,7,6,1,2a.csv
259,0,0,0,2b.csv
259,9,6,3,2c.csv
259,0,0,0,2d.csv
259,0,0,0,2e.csv
259,2,2,0,2f.csv
259,0,0,0,2g.csv
259,0,0,0,2h.csv
259,1,1,0,2i.csv
259,0,0,0,2j.csv
259,0,0,0,2k.csv
259,3,3,0,2l.csv
259,19,16,3,3a.csv
259,11,11,0,3b.csv
259,13,8,5,3c.csv
259,13,8,5,3d.csv
259,11,11,0,3e.csv
259,7,4,3,3f.csv
259,2,2,0,3g.csv
260,8,4,4,1a.csv
260,3,3,0,1b.csv
260,2,1,1,1c.csv
260,1,1,0,1e.csv
260,1,1,0,1f.csv
260,2,2,0,1g.csv
260,0,0,0,1h.csv
260,1,1,0,1i.csv
260,1,0,1,1j.csv
260,0,0,0,1k.csv
260,6,6,0,1l.csv
260,3,1,2,1m.csv
260,7,6,1,2a.csv
260,0,0,0,2b.csv
260,9,6,3,2c.csv
260,0,0,0,2d.csv
260,0,0,0,2e.csv
260,2,2,0,2f.csv
260,0,0,0,2g.csv
260,0,0,0,2h.csv
260,1,1,0,2i.csv
260,0,0,0,2j.csv
260,0,0,0,2k.csv
260,3,3,0,2l.csv
260,20,17,3,3a.csv
260,13,13,0,3b.csv
260,13,8,5,3c.csv
260,13,8,5,3d.csv
260,9,9,0,3e.csv
260,7,4,3,3f.csv
260,2,2,0,3g.csv
261,9,5,4,1a.csv
261,3,3,0,1b.csv
261,3,1,2,1c.csv
261,1,1,0,1e.csv
261,1,1,0,1f.csv
261,2,2,0,1g.csv
261,0,0,0,1h.csv
261,0,0,0,1i.csv
261,1,0,1,1j.csv
261,0,0,0,1k.csv
261,6,6,0,1l.csv
261,3,2,1,1m.csv
261,6,5,1,2a.csv
261,0,0,0,2b.csv
261,10,7,3,2c.csv
261,0,0,0,2d.csv
261,0,0,0,2e.csv
261,2,2,0,2f.csv
261,0,0,0,2g.csv
261,0,0,0,2h.csv
261,1,1,0,2i.csv
261,0,0,0,2j.csv
261,0,0,0,2k.csv
261,3,3,0,2l.csv
261,27,24,3,3a.csv
261,14,13,1,3b.csv
261,14,8,6,3c.csv
261,14,8,6,3d.csv
261,7,7,0,3e.csv
261,10,7,3,3f.csv
261,2,2,0,3g.csv
262,13,7,6,1a.csv
262,2,2,0,1b.csv
262,3,1,2,1c.csv
262,1,1,0,1e.csv
262,2,2,0,1f.csv
262,3,3,0,1g.csv
262,0,0,0,1h.csv
262,0,0,0,1i.csv
262,1,0,1,1j.csv
262,0,0,0,1k.csv
262,5,5,0,1l.csv
262,3,2,1,1m.csv
262,6,5,1,2a.csv
262,0,0,0,2b.csv
262,11,8,3,2c.csv
262,0,0,0,2d.csv
262,0,0,0,2e.csv
262,2,2,0,2f.csv
262,0,0,0,2g.csv
262,0,0,0,2h.csv
262,0,0,0,2i.csv
262,0,0,0,2j.csv
262,0,0,0,2k.csv
262,3,3,0,2l.csv
262,25,22,3,3a.csv
262,14,13,1,3b.csv
262,14,9,5,3c.csv
262,14,9,5,3d.csv
262,6,6,0,3e.csv
262,11,8,3,3f.csv
262,3,3,0,3g.csv
263,15,7,8,1a.csv
263,2,2,0,1b.csv
263,3,1,2,1c.csv
263,1,1,0,1e.csv
263,2,2,0,1f.csv
263,2,2,0,1g.csv
263,0,0,0,1h.csv
263,0,0,0,1i.csv
263,1,0,1,1j.csv
263,0,0,0,1k.csv
263,5,5,0,1l.csv
263,3,1,2,1m.csv
263,7,6,1,2a.csv
263,0,0,0,2b.csv
263,11,8,3,2c.csv
263,0,0,0,2d.csv
263,0,0,0,2e.csv
263,3,3,0,2f.csv
263,0,0,0,2g.csv
263,0,0,0,2h.csv
263,0,0,0,2i.csv
263,0,0,0,2j.csv
263,0,0,0,2k.csv
263,2,2,0,2l.csv
263,20,18,2,3a.csv
263,14,13,1,3b.csv
263,14,8,6,3c.csv
263,14,8,6,3d.csv
263,6,6,0,3e.csv
263,13,10,3,3f.csv
263,3,3,0,3g.csv
264,21,9,12,1a.csv
264,4,3,1,1b.csv
264,3,1,2,1c.csv
264,1,1,0,1e.csv
264,1,1,0,1f.csv
264,2,2,0,1g.csv
264,1,1,0,1h.csv
264,0,0,0,1i.csv
264,1,0,1,1j.csv
264,0,0,0,1k.csv
264,5,5,0,1l.csv
264,3,2,1,1m.csv
264,7,6,1,2a.csv
264,0,0,0,2b.csv
264,10,7,3,2c.csv
264,1,1,0,2d.csv
264,0,0,0,2e.csv
264,3,3,0,2f.csv
264,0,0,0,2g.csv
264,0,0,0,2h.csv
264,0,0,0,2i.csv
264,1,1,0,2j.csv
264,0,0,0,2k.csv
264,1,1,0,2l.csv
264,22,19,3,3a.csv
264,17,16,1,3b.csv
264,14,9,5,3c.csv
264,14,9,5,3d.csv
264,8,8,0,3e.csv
264,14,10,4,3f.csv
264,3,3,0,3g.csv
265,22,9,13,1a.csv
265,3,2,1,1b.csv
265,1,0,1,1c.csv
265,1,1,0,1e.csv
265,2,2,0,1f.csv
265,2,2,0,1g.csv
265,1,1,0,1h.csv
265,0,0,0,1i.csv
265,3,1,2,1j.csv
265,0,0,0,1k.csv
265,5,5,0,1l.csv
265,3,2,1,1m.csv
265,4,3,1,2a.csv
265,0,0,0,2b.csv
265,10,7,3,2c.csv
265,1,1,0,2d.csv
265,0,0,0,2e.csv
265,3,3,0,2f.csv
265,0,0,0,2g.csv
265,0,0,0,2h.csv
265,0,0,0,2i.csv
265,1,1,0,2j.csv
265,0,0,0,2k.csv
265,0,0,0,2l.csv
265,22,19,3,3a.csv
265,21,20,1,3b.csv
265,12,6,6,3c.csv
265,12,6,6,3d.csv
265,8,8,0,3e.csv
265,14,10,4,3f.csv
265,3,3,0,3g.csv
266,23,8,15,1a.csv
266,3,2,1,1b.csv
266,1,0,1,1c.csv
266,1,1,0,1e.csv
266,3,3,0,1f.csv
266,3,3,0,1g.csv
266,1,1,0,1h.csv
266,1,0,1,1i.csv
266,3,1,2,1j.csv
266,0,0,0,1k.csv
266,5,5,0,1l.csv
266,3,2,1,1m.csv
266,4,4,0,2a.csv
266,0,0,0,2b.csv
266,5,4,1,2c.csv
266,1,1,0,2d.csv
266,0,0,0,2e.csv
266,3,3,0,2f.csv
266,0,0,0,2g.csv
266,0,0,0,2h.csv
266,0,0,0,2i.csv
266,1,1,0,2j.csv
266,0,0,0,2k.csv
266,0,0,0,2l.csv
266,24,21,3,3a.csv
266,21,20,1,3b.csv
266,9,5,4,3c.csv
266,9,5,4,3d.csv
266,7,7,0,3e.csv
266,16,12,4,3f.csv
266,2,2,0,3g.csv
267,26,8,18,1a.csv
267,3,2,1,1b.csv
267,2,0,2,1c.csv
267,1,1,0,1e.csv
267,3,3,0,1f.csv
267,3,3,0,1g.csv
267,2,1,1,1h.csv
267,1,0,1,1i.csv
267,3,1,2,1j.csv
267,0,0,0,1k.csv
267,3,3,0,1l.csv
267,3,2,1,1m.csv
267,3,3,0,2a.csv
267,0,0,0,2b.csv
267,4,4,0,2c.csv
267,1,1,0,2d.csv
267,0,0,0,2e.csv
267,1,1,0,2f.csv
267,0,0,0,2g.csv
267,1,1,0,2h.csv
267,0,0,0,2i.csv
267,1,1,0,2j.csv
267,0,0,0,2k.csv
267,0,0,0,2l.csv
267,29,25,4,3a.csv
267,19,18,1,3b.csv
267,9,6,3,3c.csv
267,9,6,3,3d.csv
267,5,5,0,3e.csv
267,14,12,2,3f.csv
267,1,1,0,3g.csv
268,26,9,17,1a.csv
268,3,2,1,1b.csv
268,3,0,3,1c.csv
268,0,0,0,1e.csv
268,3,3,0,1f.csv
268,2,2,0,1g.csv
268,3,2,1,1h.csv
268,1,0,1,1i.csv
268,2,1,1,1j.csv
268,0,0,0,1k.csv
268,2,2,0,1l.csv
268,4,3,1,1m.csv
268,4,4,0,2a.csv
268,0,0,0,2b.csv
268,7,6,1,2c.csv
268,1,1,0,2d.csv
268,0,0,0,2e.csv
268,1,1,0,2f.csv
268,0,0,0,2g.csv
268,1,1,0,2h.csv
268,0,0,0,2i.csv
268,1,1,0,2j.csv
268,0,0,0,2k.csv
268,0,0,0,2l.csv
268,34,27,7,3a.csv
268,18,17,1,3b.csv
268,11,6,5,3c.csv
268,11,6,5,3d.csv
268,5,5,0,3e.csv
268,14,11,3,3f.csv
268,2,1,1,3g.csv
269,26,9,17,1a.csv
269,5,4,1,1b.csv
269,2,0,2,1c.csv
269,0,0,0,1e.csv
269,3,3,0,1f.csv
269,2,2,0,1g.csv
269,3,2,1,1h.csv
269,1,0,1,1i.csv
269,2,1,1,1j.csv
269,0,0,0,1k.csv
269,1,1,0,1l.csv
269,3,2,1,1m.csv
269,4,4,0,2a.csv
269,0,0,0,2b.csv
269,6,5,1,2c.csv
269,1,1,0,2d.csv
269,0,0,0,2e.csv
269,1,1,0,2f.csv
269,0,0,0,2g.csv
269,1,1,0,2h.csv
269,0,0,0,2i.csv
269,1,1,0,2j.csv
269,0,0,0,2k.csv
269,0,0,0,2l.csv
269,30,22,8,3a.csv
269,21,19,2,3b.csv
269,13,7,6,3c.csv
269,13,7,6,3d.csv
269,7,7,0,3e.csv
269,11,9,2,3f.csv
269,3,2,1,3g.csv
270,22,7,15,1a.csv
270,5,4,1,1b.csv
270,2,0,2,1c.csv
270,2,0,2,1e.csv
270,2,2,0,1f.csv
270,1,1,0,1g.csv
270,3,2,1,1h.csv
270,1,0,1,1i.csv
270,2,1,1,1j.csv
270,0,0,0,1k.csv
270,2,2,0,1l.csv
270,3,2,1,1m.csv
270,4,4,0,2a.csv
270,0,0,0,2b.csv
270,4,3,1,2c.csv
270,1,1,0,2d.csv
270,0,0,0,2e.csv
270,1,1,0,2f.csv
270,0,0,0,2g.csv
270,1,1,0,2h.csv
270,0,0,0,2i.csv
270,1,1,0,2j.csv
270,0,0,0,2k.csv
270,0,0,0,2l.csv
270,34,26,8,3a.csv
270,22,20,2,3b.csv
270,14,7,7,3c.csv
270,14,7,7,3d.csv
270,9,9,0,3e.csv
270,10,8,2,3f.csv
270,2,1,1,3g.csv
271,24,7,17,1a.csv
271,7,6,1,1b.csv
271,2,0,2,1c.csv
271,2,0,2,1e.csv
271,2,2,0,1f.csv
271,1,1,0,1g.csv
271,3,2,1,1h.csv
271,1,0,1,1i.csv
271,2,1,1,1j.csv
271,0,0,0,1k.csv
271,1,1,0,1l.csv
271,2,2,0,1m.csv
271,2,2,0,2a.csv
271,0,0,0,2b.csv
271,3,2,1,2c.csv
271,1,1,0,2d.csv
271,0,0,0,2e.csv
271,0,0,0,2f.csv
271,0,0,0,2g.csv
271,1,1,0,2h.csv
271,0,0,0,2i.csv
271,1,1,0,2j.csv
271,0,0,0,2k.csv
271,0,0,0,2l.csv
271,39,30,9,3a.csv
271,23,21,2,3b.csv
271,12,6,6,3c.csv
271,12,6,6,3d.csv
271,9,8,1,3e.csv
271,8,6,2,3f.csv
271,2,1,1,3g.csv
272,24,9,15,1a.csv
272,5,5,0,1b.csv
272,2,0,2,1c.csv
272,2,0,2,1e.csv
272,2,2,0,1f.csv
272,1,1,0,1g.csv
272,3,1,2,1h.csv
272,1,0,1,1i.csv
272,2,1,1,1j.csv
272,0,0,0,1k.csv
272,1,1,0,1l.csv
272,1,1,0,1m.csv
272,2,2,0,2a.csv
272,0,0,0,2b.csv
272,3,2,1,2c.csv
272,0,0,0,2d.csv
272,0,0,0,2e.csv
272,0,0,0,2f.csv
272,0,0,0,2g.csv
272,2,2,0,2h.csv
272,0,0,0,2i.csv
272,0,0,0,2j.csv
272,0,0,0,2k.csv
272,0,0,0,2l.csv
272,45,34,11,3a.csv
272,18,16,2,3b.csv
272,10,4,6,3c.csv
272,10,4,6,3d.csv
272,7,6,1,3e.csv
272,6,5,1,3f.csv
272,2,1,1,3g.csv
273,22,9,13,1a.csv
273,5,5,0,1b.csv
273,2,0,2,1c.csv
273,3,1,2,1e.csv
273,1,1,0,1f.csv
273,1,1,0,1g.csv
273,3,1,2,1h.csv
273,1,0,1,1i.csv
273,1,1,0,1j.csv
273,0,0,0,1k.csv
273,1,1,0,1l.csv
273,1,1,0,1m.csv
273,2,2,0,2a.csv
273,1,1,0,2b.csv
273,5,3,2,2c.csv
273,0,0,0,2d.csv
273,0,0,0,2e.csv
273,0,0,0,2f.csv
273,0,0,0,2g.csv
273,2,2,0,2h.csv
273,0,0,0,2i.csv
273,0,0,0,2j.csv
273,0,0,0,2k.csv
273,0,0,0,2l.csv
273,47,36,11,3a.csv
273,13,11,2,3b.csv
273,9,4,5,3c.csv
273,9,4,5,3d.csv
273,6,5,1,3e.csv
273,6,5,1,3f.csv
273,2,1,1,3g.csv
274,20,8,12,1a.csv
274,5,5,0,1b.csv
274,2,0,2,1c.csv
274,3,1,2,1e.csv
274,0,0,0,1f.csv
274,0,0,0,1g.csv
274,3,1,2,1h.csv
274,0,0,0,1i.csv
274,1,1,0,1j.csv
274,0,0,0,1k.csv
274,2,2,0,1l.csv
274,1,1,0,1m.csv
274,2,2,0,2a.csv
274,1,1,0,2b.csv
274,5,3,2,2c.csv
274,0,0,0,2d.csv
274,0,0,0,2e.csv
274,0,0,0,2f.csv
274,0,0,0,2g.csv
274,2,2,0,2h.csv
274,0,0,0,2i.csv
274,0,0,0,2j.csv
274,0,0,0,2k.csv
274,0,0,0,2l.csv
274,44,34,10,3a.csv
274,12,9,3,3b.csv
274,12,7,5,3c.csv
274,12,7,5,3d.csv
274,6,5,1,3e.csv
274,3,2,1,3f.csv
274,2,1,1,3g.csv
275,20,10,10,1a.csv
275,4,4,0,1b.csv
275,1,0,1,1c.csv
275,3,1,2,1e.csv
275,0,0,0,1f.csv
275,0,0,0,1g.csv
275,2,1,1,1h.csv
275,0,0,0,1i.csv
275,1,1,0,1j.csv
275,0,0,0,1k.csv
275,2,2,0,1l.csv
275,1,1,0,1m.csv
275,2,2,0,2a.csv
275,1,1,0,2b.csv
275,5,3,2,2c.csv
275,0,0,0,2d.csv
275,0,0,0,2e.csv
275,0,0,0,2f.csv
275,0,0,0,2g.csv
275,1,1,0,2h.csv
275,0,0,0,2i.csv
275,0,0,0,2j.csv
275,0,0,0,2k.csv
275,0,0,0,2l.csv
275,40,31,9,3a.csv
275,17,12,5,3b.csv
275,11,6,5,3c.csv
275,11,6,5,3d.csv
275,6,5,1,3e.csv
275,3,2,1,3f.csv
275,3,1,2,3g.csv
276,20,10,10,1a.csv
276,4,4,0,1b.csv
276,1,1,0,1c.csv
276,4,2,2,1e.csv
276,2,1,1,1f.csv
276,0,0,0,1g.csv
276,2,0,2,1h.csv
276,1,1,0,1i.csv
276,1,1,0,1j.csv
276,0,0,0,1k.csv
276,2,2,0,1l.csv
276,0,0,0,1m.csv
276,1,1,0,2a.csv
276,1,1,0,2b.csv
276,2,1,1,2c.csv
276,0,0,0,2d.csv
276,1,1,0,2e.csv
276,0,0,0,2f.csv
276,0,0,0,2g.csv
276,1,1,0,2h.csv
276,0,0,0,2i.csv
276,1,0,1,2j.csv
276,0,0,0,2k.csv
276,0,0,0,2l.csv
276,35,30,5,3a.csv
276,21,16,5,3b.csv
276,10,7,3,3c.csv
276,10,7,3,3d.csv
276,6,5,1,3e.csv
276,3,3,0,3f.csv
276,3,2,1,3g.csv
277,20,10,10,1a.csv
277,3,2,1,1b.csv
277,1,1,0,1c.csv
277,5,3,2,1e.csv
277,2,1,1,1f.csv
277,0,0,0,1g.csv
277,2,0,2,1h.csv
277,1,1,0,1i.csv
277,1,1,0,1j.csv
277,0,0,0,1k.csv
277,2,2,0,1l.csv
277,0,0,0,1m.csv
277,2,1,1,2a.csv
277,1,1,0,2b.csv
277,3,2,1,2c.csv
277,0,0,0,2d.csv
277,1,1,0,2e.csv
277,0,0,0,2f.csv
277,0,0,0,2g.csv
277,1,1,0,2h.csv
277,0,0,0,2i.csv
277,1,0,1,2j.csv
277,0,0,0,2k.csv
277,0,0,0,2l.csv
277,33,29,4,3a.csv
277,18,14,4,3b.csv
277,7,6,1,3c.csv
277,7,6,1,3d.csv
277,4,3,1,3e.csv
277,3,2,1,3f.csv
277,2,1,1,3g.csv
278,23,12,11,1a.csv
278,5,2,3,1b.csv
278,1,1,0,1c.csv
278,3,3,0,1e.csv
278,2,1,1,1f.csv
278,1,1,0,1g.csv
278,3,1,2,1h.csv
278,1,1,0,1i.csv
278,2,2,0,1j.csv
278,0,0,0,1k.csv
278,2,1,1,1l.csv
278,1,1,0,1m.csv
278,2,1,1,2a.csv
278,1,1,0,2b.csv
278,5,3,2,2c.csv
278,0,0,0,2d.csv
278,2,2,0,2e.csv
278,0,0,0,2f.csv
278,0,0,0,2g.csv
278,1,1,0,2h.csv
278,0,0,0,2i.csv
278,1,0,1,2j.csv
278,0,0,0,2k.csv
278,0,0,0,2l.csv
278,30,26,4,3a.csv
278,19,14,5,3b.csv
278,4,4,0,3c.csv
278,4,4,0,3d.csv
278,2,1,1,3e.csv
278,3,2,1,3f.csv
278,2,1,1,3g.csv
279,24,16,8,1a.csv
279,3,0,3,1b.csv
279,1,1,0,1c.csv
279,6,5,1,1e.csv
279,2,1,1,1f.csv
279,1,1,0,1g.csv
279,4,2,2,1h.csv
279,1,1,0,1i.csv
279,2,2,0,1j.csv
279,0,0,0,1k.csv
279,2,1,1,1l.csv
279,1,1,0,1m.csv
279,2,1,1,2a.csv
279,1,1,0,2b.csv
279,5,3,2,2c.csv
279,0,0,0,2d.csv
279,2,2,0,2e.csv
279,0,0,0,2f.csv
279,0,0,0,2g.csv
279,1,1,0,2h.csv
279,0,0,0,2i.csv
279,1,0,1,2j.csv
279,0,0,0,2k.csv
279,0,0,0,2l.csv
279,27,23,4,3a.csv
279,20,14,6,3b.csv
279,4,4,0,3c.csv
279,4,4,0,3d.csv
279,1,1,0,3e.csv
279,4,3,1,3f.csv
279,2,1,1,3g.csv
280,20,14,6,1a.csv
280,4,0,4,1b.csv
280,2,2,0,1c.csv
280,7,6,1,1e.csv
280,2,1,1,1f.csv
280,1,1,0,1g.csv
280,3,2,1,1h.csv
280,2,2,0,1i.csv
280,2,2,0,1j.csv
280,0,0,0,1k.csv
280,3,2,1,1l.csv
280,1,1,0,1m.csv
280,3,1,2,2a.csv
280,1,1,0,2b.csv
280,6,4,2,2c.csv
280,0,0,0,2d.csv
280,2,2,0,2e.csv
280,0,0,0,2f.csv
280,0,0,0,2g.csv
280,0,0,0,2h.csv
280,0,0,0,2i.csv
280,1,0,1,2j.csv
280,0,0,0,2k.csv
280,0,0,0,2l.csv
280,21,20,1,3a.csv
280,20,14,6,3b.csv
280,5,5,0,3c.csv
280,5,5,0,3d.csv
280,1,1,0,3e.csv
280,5,3,2,3f.csv
280,2,1,1,3g.csv
281,25,17,8,1a.csv
281,4,0,4,1b.csv
281,3,2,1,1c.csv
281,9,7,2,1e.csv
281,2,1,1,1f.csv
281,1,1,0,1g.csv
281,3,2,1,1h.csv
281,2,2,0,1i.csv
281,1,1,0,1j.csv
281,0,0,0,1k.csv
281,3,2,1,1l.csv
281,1,1,0,1m.csv
281,3,1,2,2a.csv
281,1,1,0,2b.csv
281,4,3,1,2c.csv
281,0,0,0,2d.csv
281,2,2,0,2e.csv
281,0,0,0,2f.csv
281,0,0,0,2g.csv
281,0,0,0,2h.csv
281,0,0,0,2i.csv
281,1,0,1,2j.csv
281,0,0,0,2k.csv
281,0,0,0,2l.csv
281,18,17,1,3a.csv
281,20,14,6,3b.csv
281,7,6,1,3c.csv
281,7,6,1,3d.csv
281,1,1,0,3e.csv
281,5,3,2,3f.csv
281,2,1,1,3g.csv
282,23,16,7,1a.csv
282,4,0,4,1b.csv
282,3,2,1,1c.csv
282,10,7,3,1e.csv
282,4,3,1,1f.csv
282,1,1,0,1g.csv
282,3,2,1,1h.csv
282,2,2,0,1i.csv
282,1,1,0,1j.csv
282,0,0,0,1k.csv
282,2,1,1,1l.csv
282,1,1,0,1m.csv
282,2,0,2,2a.csv
282,1,1,0,2b.csv
282,4,3,1,2c.csv
282,0,0,0,2d.csv
282,2,2,0,2e.csv
282,0,0,0,2f.csv
282,0,0,0,2g.csv
282,0,0,0,2h.csv
282,0,0,0,2i.csv
282,1,0,1,2j.csv
282,0,0,0,2k.csv
282,0,0,0,2l.csv
282,16,15,1,3a.csv
282,22,16,6,3b.csv
282,5,4,1,3c.csv
282,5,4,1,3d.csv
282,1,1,0,3e.csv
282,5,3,2,3f.csv
282,4,3,1,3g.csv
283,23,15,8,1a.csv
283,5,1,4,1b.csv
283,3,2,1,1c.csv
283,12,8,4,1e.csv
283,4,3,1,1f.csv
283,1,1,0,1g.csv
283,5,4,1,1h.csv
283,3,3,0,1i.csv
283,1,1,0,1j.csv
283,0,0,0,1k.csv
283,2,1,1,1l.csv
283,1,1,0,1m.csv
283,4,2,2,2a.csv
283,1,1,0,2b.csv
283,4,3,1,2c.csv
283,0,0,0,2d.csv
283,3,3,0,2e.csv
283,0,0,0,2f.csv
283,0,0,0,2g.csv
283,0,0,0,2h.csv
283,0,0,0,2i.csv
283,1,0,1,2j.csv
283,0,0,0,2k.csv
283,0,0,0,2l.csv
283,17,15,2,3a.csv
283,18,14,4,3b.csv
283,5,4,1,3c.csv
283,5,4,1,3d.csv
283,1,1,0,3e.csv
283,4,2,2,3f.csv
283,4,4,0,3g.csv
284,23,16,7,1a.csv
284,5,1,4,1b.csv
284,2,1,1,1c.csv
284,12,8,4,1e.csv
284,3,3,0,1f.csv
284,1,1,0,1g.csv
284,5,5,0,1h.csv
284,2,2,0,1i.csv
284,1,1,0,1j.csv
284,0,0,0,1k.csv
284,2,1,1,1l.csv
284,1,1,0,1m.csv
284,4,2,2,2a.csv
284,1,1,0,2b.csv
284,4,3,1,2c.csv
284,0,0,0,2d.csv
284,2,2,0,2e.csv
284,0,0,0,2f.csv
284,0,0,0,2g.csv
284,0,0,0,2h.csv
284,0,0,0,2i.csv
284,0,0,0,2j.csv
284,0,0,0,2k.csv
284,0,0,0,2l.csv
284,15,13,2,3a.csv
284,15,10,5,3b.csv
284,5,4,1,3c.csv
284,5,4,1,3d.csv
284,2,2,0,3e.csv
284,4,1,3,3f.csv
284,3,3,0,3g.csv
285,23,17,6,1a.csv
285,6,2,4,1b.csv
285,2,1,1,1c.csv
285,11,7,4,1e.csv
285,3,3,0,1f.csv
285,2,2,0,1g.csv
285,7,7,0,1h.csv
285,2,2,0,1i.csv
285,2,1,1,1j.csv
285,0,0,0,1k.csv
285,2,1,1,1l.csv
285,1,1,0,1m.csv
285,4,3,1,2a.csv
285,1,1,0,2b.csv
285,4,3,1,2c.csv
285,0,0,0,2d.csv
285,2,2,0,2e.csv
285,0,0,0,2f.csv
285,0,0,0,2g.csv
285,0,0,0,2h.csv
285,0,0,0,2i.csv
285,0,0,0,2j.csv
285,0,0,0,2k.csv
285,0,0,0,2l.csv
285,16,14,2,3a.csv
285,14,9,5,3b.csv
285,5,4,1,3c.csv
285,5,4,1,3d.csv
285,3,3,0,3e.csv
285,5,2,3,3f.csv
285,5,5,0,3g.csv
286,20,15,5,1a.csv
286,4,2,2,1b.csv
286,2,1,1,1c.csv
286,11,7,4,1e.csv
286,3,3,0,1f.csv
286,1,1,0,1g.csv
286,8,8,0,1h.csv
286,2,2,0,1i.csv
286,1,0,1,1j.csv
286,0,0,0,1k.csv
286,2,2,0,1l.csv
286,0,0,0,1m.csv
286,5,4,1,2a.csv
286,1,1,0,2b.csv
286,2,2,0,2c.csv
286,0,0,0,2d.csv
286,1,1,0,2e.csv
286,0,0,0,2f.csv
286,0,0,0,2g.csv
286,0,0,0,2h.csv
286,0,0,0,2i.csv
286,0,0,0,2j.csv
286,0,0,0,2k.csv
286,0,0,0,2l.csv
286,14,12,2,3a.csv
286,12,7,5,3b.csv
286,6,5,1,3c.csv
286,6,5,1,3d.csv
286,3,3,0,3e.csv
286,6,3,3,3f.csv
286,6,6,0,3g.csv
287,18,13,5,1a.csv
287,4,2,2,1b.csv
287,2,1,1,1c.csv
287,8,5,3,1e.csv
287,3,3,0,1f.csv
287,1,1,0,1g.csv
287,7,7,0,1h.csv
287,2,2,0,1i.csv
287,1,0,1,1j.csv
287,1,0,1,1k.csv
287,2,2,0,1l.csv
287,0,0,0,1m.csv
287,6,5,1,2a.csv
287,1,1,0,2b.csv
287,2,2,0,2c.csv
287,0,0,0,2d.csv
287,1,1,0,2e.csv
287,0,0,0,2f.csv
287,0,0,0,2g.csv
287,0,0,0,2h.csv
287,0,0,0,2i.csv
287,0,0,0,2j.csv
287,0,0,0,2k.csv
287,0,0,0,2l.csv
287,12,11,1,3a.csv
287,10,6,4,3b.csv
287,6,5,1,3c.csv
287,6,5,1,3d.csv
287,2,2,0,3e.csv
287,6,2,4,3f.csv
287,8,8,0,3g.csv
288,17,12,5,1a.csv
288,3,2,1,1b.csv
288,1,0,1,1c.csv
288,8,5,3,1e.csv
288,3,3,0,1f.csv
288,1,1,0,1g.csv
288,8,8,0,1h.csv
288,1,1,0,1i.csv
288,1,0,1,1j.csv
288,1,0,1,1k.csv
288,1,1,0,1l.csv
288,0,0,0,1m.csv
288,5,5,0,2a.csv
288,1,1,0,2b.csv
288,3,2,1,2c.csv
288,0,0,0,2d.csv
288,1,1,0,2e.csv
288,0,0,0,2f.csv
288,0,0,0,2g.csv
288,0,0,0,2h.csv
288,0,0,0,2i.csv
288,0,0,0,2j.csv
288,0,0,0,2k.csv
288,0,0,0,2l.csv
288,13,11,2,3a.csv
288,13,9,4,3b.csv
288,7,6,1,3c.csv
288,7,6,1,3d.csv
288,3,3,0,3e.csv
288,8,5,3,3f.csv
288,9,9,0,3g.csv
289,13,9,4,1a.csv
289,3,2,1,1b.csv
289,1,1,0,1c.csv
289,5,3,2,1e.csv
289,4,4,0,1f.csv
289,1,1,0,1g.csv
289,8,8,0,1h.csv
289,1,1,0,1i.csv
289,1,0,1,1j.csv
289,1,0,1,1k.csv
289,2,2,0,1l.csv
289,1,1,0,1m.csv
289,6,6,0,2a.csv
289,0,0,0,2b.csv
289,3,2,1,2c.csv
289,1,1,0,2d.csv
289,1,1,0,2e.csv
289,0,0,0,2f.csv
289,0,0,0,2g.csv
289,0,0,0,2h.csv
289,0,0,0,2i.csv
289,0,0,0,2j.csv
289,0,0,0,2k.csv
289,0,0,0,2l.csv
289,14,12,2,3a.csv
289,13,8,5,3b.csv
289,5,5,0,3c.csv
289,5,5,0,3d.csv
289,3,3,0,3e.csv
289,9,5,4,3f.csv
289,10,10,0,3g.csv
290,15,11,4,1a.csv
290,3,2,1,1b.csv
290,1,1,0,1c.csv
290,4,3,1,1e.csv
290,2,2,0,1f.csv
290,1,1,0,1g.csv
290,9,9,0,1h.csv
290,1,1,0,1i.csv
290,1,0,1,1j.csv
290,1,0,1,1k.csv
290,3,3,0,1l.csv
290,1,1,0,1m.csv
290,7,7,0,2a.csv
290,0,0,0,2b.csv
290,3,2,1,2c.csv
290,1,1,0,2d.csv
290,1,1,0,2e.csv
290,0,0,0,2f.csv
290,0,0,0,2g.csv
290,0,0,0,2h.csv
290,0,0,0,2i.csv
290,0,0,0,2j.csv
290,0,0,0,2k.csv
290,0,0,0,2l.csv
290,16,14,2,3a.csv
290,12,8,4,3b.csv
290,4,4,0,3c.csv
290,4,4,0,3d.csv
290,3,3,0,3e.csv
290,11,6,5,3f.csv
290,8,8,0,3g.csv
291,15,13,2,1a.csv
291,2,1,1,1b.csv
291,1,1,0,1c.csv
291,2,2,0,1e.csv
291,3,2,1,1f.csv
291,1,1,0,1g.csv
291,7,7,0,1h.csv
291,1,1,0,1i.csv
291,1,0,1,1j.csv
291,1,0,1,1k.csv
291,3,3,0,1l.csv
291,1,1,0,1m.csv
291,5,5,0,2a.csv
291,0,0,0,2b.csv
291,3,2,1,2c.csv
291,1,1,0,2d.csv
291,0,0,0,2e.csv
291,0,0,0,2f.csv
291,0,0,0,2g.csv
291,0,0,0,2h.csv
291,0,0,0,2i.csv
291,0,0,0,2j.csv
291,0,0,0,2k.csv
291,0,0,0,2l.csv
291,14,13,1,3a.csv
291,12,8,4,3b.csv
291,4,4,0,3c.csv
291,4,4,0,3d.csv
291,4,3,1,3e.csv
291,11,6,5,3f.csv
291,7,7,0,3g.csv
292,13,11,2,1a.csv
292,4,2,2,1b.csv
292,1,1,0,1c.csv
292,2,2,0,1e.csv
292,2,1,1,1f.csv
292,1,1,0,1g.csv
292,6,6,0,1h.csv
292,1,1,0,1i.csv
292,1,0,1,1j.csv
292,1,0,1,1k.csv
292,4,4,0,1l.csv
292,2,2,0,1m.csv
292,5,5,0,2a.csv
292,0,0,0,2b.csv
292,4,2,2,2c.csv
292,1,1,0,2d.csv
292,0,0,0,2e.csv
292,0,0,0,2f.csv
292,0,0,0,2g.csv
292,0,0,0,2h.csv
292,0,0,0,2i.csv
292,0,0,0,2j.csv
292,0,0,0,2k.csv
292,0,0,0,2l.csv
292,14,13,1,3a.csv
292,13,9,4,3b.csv
292,4,4,0,3c.csv
292,4,4,0,3d.csv
292,3,2,1,3e.csv
292,11,7,4,3f.csv
292,8,8,0,3g.csv
293,12,9,3,1a.csv
293,3,1,2,1b.csv
293,2,2,0,1c.csv
293,3,3,0,1e.csv
293,2,1,1,1f.csv
293,0,0,0,1g.csv
293,4,4,0,1h.csv
293,2,1,1,1i.csv
293,0,0,0,1j.csv
293,1,0,1,1k.csv
293,4,4,0,1l.csv
293,2,2,0,1m.csv
293,6,4,2,2a.csv
293,0,0,0,2b.csv
293,6,3,3,2c.csv
293,1,1,0,2d.csv
293,0,0,0,2e.csv
293,0,0,0,2f.csv
293,0,0,0,2g.csv
293,0,0,0,2h.csv
293,0,0,0,2i.csv
293,0,0,0,2j.csv
293,0,0,0,2k.csv
293,0,0,0,2l.csv
293,13,12,1,3a.csv
293,14,11,3,3b.csv
293,4,4,0,3c.csv
293,4,4,0,3d.csv
293,2,1,1,3e.csv
293,9,6,3,3f.csv
293,7,7,0,3g.csv
294,14,10,4,1a.csv
294,3,1,2,1b.csv
294,3,2,1,1c.csv
294,4,4,0,1e.csv
294,2,1,1,1f.csv
294,0,0,0,1g.csv
294,4,4,0,1h.csv
294,2,1,1,1i.csv
294,0,0,0,1j.csv
294,1,0,1,1k.csv
294,4,4,0,1l.csv
294,3,3,0,1m.csv
294,5,3,2,2a.csv
294,0,0,0,2b.csv
294,6,3,3,2c.csv
294,1,1,0,2d.csv
294,0,0,0,2e.csv
294,0,0,0,2f.csv
294,0,0,0,2g.csv
294,0,0,0,2h.csv
294,0,0,0,2i.csv
294,0,0,0,2j.csv
294,0,0,0,2k.csv
294,0,0,0,2l.csv
294,14,12,2,3a.csv
294,14,12,2,3b.csv
294,5,5,0,3c.csv
294,5,5,0,3d.csv
294,2,1,1,3e.csv
294,10,7,3,3f.csv
294,6,6,0,3g.csv
295,13,9,4,1a.csv
295,3,1,2,1b.csv
295,3,2,1,1c.csv
295,5,5,0,1e.csv
295,2,1,1,1f.csv
295,0,0,0,1g.csv
295,4,4,0,1h.csv
295,2,1,1,1i.csv
295,0,0,0,1j.csv
295,0,0,0,1k.csv
295,4,4,0,1l.csv
295,3,3,0,1m.csv
295,4,2,2,2a.csv
295,0,0,0,2b.csv
295,7,4,3,2c.csv
295,2,1,1,2d.csv
295,0,0,0,2e.csv
295,0,0,0,2f.csv
295,0,0,0,2g.csv
295,0,0,0,2h.csv
295,0,0,0,2i.csv
295,0,0,0,2j.csv
295,0,0,0,2k.csv
295,0,0,0,2l.csv
295,16,13,3,3a.csv
295,16,14,2,3b.csv
295,5,5,0,3c.csv
295,5,5,0,3d.csv
295,2,1,1,3e.csv
295,10,8,2,3f.csv
295,6,6,0,3g.csv
296,13,9,4,1a.csv
296,3,1,2,1b.csv
296,3,2,1,1c.csv
296,4,4,0,1e.csv
296,2,1,1,1f.csv
296,0,0,0,1g.csv
296,4,4,0,1h.csv
296,2,1,1,1i.csv
296,0,0,0,1j.csv
296,0,0,0,1k.csv
296,5,5,0,1l.csv
296,3,3,0,1m.csv
296,4,2,2,2a.csv
296,0,0,0,2b.csv
296,5,3,2,2c.csv
296,2,1,1,2d.csv
296,1,1,0,2e.csv
296,0,0,0,2f.csv
296,0,0,0,2g.csv
296,0,0,0,2h.csv
296,0,0,0,2i.csv
296,0,0,0,2j.csv
296,0,0,0,2k.csv
296,0,0,0,2l.csv
296,14,12,2,3a.csv
296,13,11,2,3b.csv
296,3,3,0,3c.csv
296,3,3,0,3d.csv
296,1,0,1,3e.csv
296,7,5,2,3f.csv
296,7,7,0,3g.csv
297,18,14,4,1a.csv
297,3,1,2,1b.csv
297,3,2,1,1c.csv
297,4,4,0,1e.csv
297,1,0,1,1f.csv
297,1,1,0,1g.csv
297,5,5,0,1h.csv
297,2,1,1,1i.csv
297,0,0,0,1j.csv
297,0,0,0,1k.csv
297,4,4,0,1l.csv
297,3,3,0,1m.csv
297,4,2,2,2a.csv
297,1,1,0,2b.csv
297,6,3,3,2c.csv
297,1,0,1,2d.csv
297,1,1,0,2e.csv
297,0,0,0,2f.csv
297,0,0,0,2g.csv
297,0,0,0,2h.csv
297,0,0,0,2i.csv
297,0,0,0,2j.csv
297,0,0,0,2k.csv
297,0,0,0,2l.csv
297,15,13,2,3a.csv
297,13,12,1,3b.csv
297,3,3,0,3c.csv
297,3,3,0,3d.csv
297,1,0,1,3e.csv
297,7,5,2,3f.csv
297,6,6,0,3g.csv
298,17,12,5,1a.csv
298,4,2,2,1b.csv
298,3,2,1,1c.csv
298,4,4,0,1e.csv
298,1,0,1,1f.csv
298,1,1,0,1g.csv
298,4,4,0,1h.csv
298,2,1,1,1i.csv
298,0,0,0,1j.csv
298,0,0,0,1k.csv
298,3,3,0,1l.csv
298,3,3,0,1m.csv
298,3,1,2,2a.csv
298,1,1,0,2b.csv
298,7,4,3,2c.csv
298,1,0,1,2d.csv
298,2,2,0,2e.csv
298,0,0,0,2f.csv
298,0,0,0,2g.csv
298,0,0,0,2h.csv
298,0,0,0,2i.csv
298,0,0,0,2j.csv
298,0,0,0,2k.csv
298,0,0,0,2l.csv
298,16,14,2,3a.csv
298,12,10,2,3b.csv
298,4,4,0,3c.csv
298,4,4,0,3d.csv
298,1,0,1,3e.csv
298,5,4,1,3f.csv
298,6,6,0,3g.csv
299,23,12,11,1a.csv
299,4,2,2,1b.csv
299,4,3,1,1c.csv
299,4,4,0,1e.csv
299,0,0,0,1f.csv
299,1,1,0,1g.csv
299,4,4,0,1h.csv
299,1,0,1,1i.csv
299,0,0,0,1j.csv
299,0,0,0,1k.csv
299,3,3,0,1l.csv
299,3,3,0,1m.csv
299,3,1,2,2a.csv
299,2,2,0,2b.csv
299,7,4,3,2c.csv
299,1,0,1,2d.csv
299,2,2,0,2e.csv
299,0,0,0,2f.csv
299,0,0,0,2g.csv
299,0,0,0,2h.csv
299,0,0,0,2i.csv
299,0,0,0,2j.csv
299,0,0,0,2k.csv
299,0,0,0,2l.csv
299,17,15,2,3a.csv
299,13,10,3,3b.csv
299,5,5,0,3c.csv
299,5,5,0,3d.csv
299,0,0,0,3e.csv
299,5,4,1,3f.csv
299,6,6,0,3g.csv
300,29,14,15,1a.csv
300,2,1,1,1b.csv
300,5,3,2,1c.csv
300,4,4,0,1e.csv
300,0,0,0,1f.csv
300,1,1,0,1g.csv
300,4,4,0,1h.csv
300,1,0,1,1i.csv
300,0,0,0,1j.csv
300,0,0,0,1k.csv
300,4,4,0,1l.csv
300,2,2,0,1m.csv
300,6,3,3,2a.csv
300,2,2,0,2b.csv
300,6,4,2,2c.csv
300,1,0,1,2d.csv
300,2,2,0,2e.csv
300,0,0,0,2f.csv
300,0,0,0,2g.csv
300,0,0,0,2h.csv
300,0,0,0,2i.csv
300,0,0,0,2j.csv
300,0,0,0,2k.csv
300,1,1,0,2l.csv
300,18,16,2,3a.csv
300,13,10,3,3b.csv
300,4,4,0,3c.csv
300,4,4,0,3d.csv
300,0,0,0,3e.csv
300,5,3,2,3f.csv
300,6,6,0,3g.csv
301,42,20,22,1a.csv
301,2,1,1,1b.csv
301,5,3,2,1c.csv
301,3,3,0,1e.csv
301,0,0,0,1f.csv
301,1,1,0,1g.csv
301,4,4,0,1h.csv
301,0,0,0,1i.csv
301,0,0,0,1j.csv
301,0,0,0,1k.csv
301,4,4,0,1l.csv
301,2,2,0,1m.csv
301,5,4,1,2a.csv
301,2,2,0,2b.csv
301,4,3,1,2c.csv
301,1,0,1,2d.csv
301,2,2,0,2e.csv
301,0,0,0,2f.csv
301,0,0,0,2g.csv
301,0,0,0,2h.csv
301,0,0,0,2i.csv
301,1,1,0,2j.csv
301,0,0,0,2k.csv
301,1,1,0,2l.csv
301,18,16,2,3a.csv
301,13,9,4,3b.csv
301,4,4,0,3c.csv
301,4,4,0,3d.csv
301,1,1,0,3e.csv
301,5,3,2,3f.csv
301,5,5,0,3g.csv
302,53,28,25,1a.csv
302,2,1,1,1b.csv
302,4,3,1,1c.csv
302,3,3,0,1e.csv
302,1,1,0,1f.csv
302,1,1,0,1g.csv
302,2,2,0,1h.csv
302,0,0,0,1i.csv
302,0,0,0,1j.csv
302,0,0,0,1k.csv
302,4,4,0,1l.csv
302,1,1,0,1m.csv
302,7,5,2,2a.csv
302,2,2,0,2b.csv
302,4,3,1,2c.csv
302,1,0,1,2d.csv
302,3,3,0,2e.csv
302,0,0,0,2f.csv
302,0,0,0,2g.csv
302,0,0,0,2h.csv
302,0,0,0,2i.csv
302,1,1,0,2j.csv
302,0,0,0,2k.csv
302,1,1,0,2l.csv
302,19,18,1,3a.csv
302,12,8,4,3b.csv
302,3,3,0,3c.csv
302,3,3,0,3d.csv
302,1,1,0,3e.csv
302,3,1,2,3f.csv
302,6,6,0,3g.csv
303,66,37,29,1a.csv
303,3,1,2,1b.csv
303,4,3,1,1c.csv
303,2,2,0,1e.csv
303,1,1,0,1f.csv
303,2,2,0,1g.csv
303,2,2,0,1h.csv
303,0,0,0,1i.csv
303,0,0,0,1j.csv
303,0,0,0,1k.csv
303,5,5,0,1l.csv
303,1,1,0,1m.csv
303,7,5,2,2a.csv
303,2,2,0,2b.csv
303,3,2,1,2c.csv
303,0,0,0,2d.csv
303,3,3,0,2e.csv
303,0,0,0,2f.csv
303,0,0,0,2g.csv
303,0,0,0,2h.csv
303,0,0,0,2i.csv
303,1,1,0,2j.csv
303,0,0,0,2k.csv
303,1,1,0,2l.csv
303,17,17,0,3a.csv
303,9,5,4,3b.csv
303,4,4,0,3c.csv
303,4,4,0,3d.csv
303,2,1,1,3e.csv
303,2,0,2,3f.csv
303,4,4,0,3g.csv
304,74,41,33,1a.csv
304,4,2,2,1b.csv
304,5,3,2,1c.csv
304,2,2,0,1e.csv
304,2,2,0,1f.csv
304,3,3,0,1g.csv
304,1,1,0,1h.csv
304,0,0,0,1i.csv
304,0,0,0,1j.csv
304,0,0,0,1k.csv
304,4,4,0,1l.csv
304,1,1,0,1m.csv
304,7,5,2,2a.csv
304,2,2,0,2b.csv
304,5,4,1,2c.csv
304,0,0,0,2d.csv
304,2,2,0,2e.csv
304,0,0,0,2f.csv
304,0,0,0,2g.csv
304,0,0,0,2h.csv
304,0,0,0,2i.csv
304,1,1,0,2j.csv
304,0,0,0,2k.csv
304,1,1,0,2l.csv
304,14,14,0,3a.csv
304,9,5,4,3b.csv
304,4,4,0,3c.csv
304,4,4,0,3d.csv
304,3,2,1,3e.csv
304,4,1,3,3f.csv
304,2,2,0,3g.csv
305,82,43,39,1a.csv
305,4,2,2,1b.csv
305,4,2,2,1c.csv
305,3,3,0,1e.csv
305,2,2,0,1f.csv
305,3,3,0,1g.csv
305,0,0,0,1h.csv
305,0,0,0,1i.csv
305,0,0,0,1j.csv
305,0,0,0,1k.csv
305,5,4,1,1l.csv
305,0,0,0,1m.csv
305,7,5,2,2a.csv
305,1,1,0,2b.csv
305,4,4,0,2c.csv
305,0,0,0,2d.csv
305,3,3,0,2e.csv
305,0,0,0,2f.csv
305,0,0,0,2g.csv
305,0,0,0,2h.csv
305,0,0,0,2i.csv
305,1,1,0,2j.csv
305,0,0,0,2k.csv
305,1,1,0,2l.csv
305,15,15,0,3a.csv
305,11,6,5,3b.csv
305,6,6,0,3c.csv
305,6,6,0,3d.csv
305,4,3,1,3e.csv
305,3,1,2,3f.csv
305,2,2,0,3g.csv
306,92,49,43,1a.csv
306,5,3,2,1b.csv
306,4,2,2,1c.csv
306,3,3,0,1e.csv
306,2,2,0,1f.csv
306,4,4,0,1g.csv
306,0,0,0,1h.csv
306,0,0,0,1i.csv
306,0,0,0,1j.csv
306,0,0,0,1k.csv
306,7,6,1,1l.csv
306,0,0,0,1m.csv
306,7,5,2,2a.csv
306,1,1,0,2b.csv
306,4,3,1,2c.csv
306,0,0,0,2d.csv
306,2,2,0,2e.csv
306,0,0,0,2f.csv
306,0,0,0,2g.csv
306,0,0,0,2h.csv
306,0,0,0,2i.csv
306,1,1,0,2j.csv
306,0,0,0,2k.csv
306,1,1,0,2l.csv
306,15,15,0,3a.csv
306,10,6,4,3b.csv
306,7,7,0,3c.csv
306,7,7,0,3d.csv
306,4,3,1,3e.csv
306,4,2,2,3f.csv
306,2,2,0,3g.csv
307,94,52,42,1a.csv
307,7,5,2,1b.csv
307,3,1,2,1c.csv
307,4,4,0,1e.csv
307,2,2,0,1f.csv
307,4,4,0,1g.csv
307,1,1,0,1h.csv
307,0,0,0,1i.csv
307,0,0,0,1j.csv
307,0,0,0,1k.csv
307,8,6,2,1l.csv
307,0,0,0,1m.csv
307,7,5,2,2a.csv
307,0,0,0,2b.csv
307,4,3,1,2c.csv
307,0,0,0,2d.csv
307,2,2,0,2e.csv
307,0,0,0,2f.csv
307,0,0,0,2g.csv
307,0,0,0,2h.csv
307,0,0,0,2i.csv
307,1,1,0,2j.csv
307,0,0,0,2k.csv
307,1,1,0,2l.csv
307,15,15,0,3a.csv
307,9,5,4,3b.csv
307,6,6,0,3c.csv
307,6,6,0,3d.csv
307,4,3,1,3e.csv
307,6,2,4,3f.csv
307,2,2,0,3g.csv
308,95,54,41,1a.csv
308,7,5,2,1b.csv
308,2,1,1,1c.csv
308,3,3,0,1e.csv
308,2,2,0,1f.csv
308,4,4,0,1g.csv
308,1,1,0,1h.csv
308,0,0,0,1i.csv
308,0,0,0,1j.csv
308,0,0,0,1k.csv
308,6,4,2,1l.csv
308,0,0,0,1m.csv
308,4,3,1,2a.csv
308,0,0,0,2b.csv
308,4,3,1,2c.csv
308,0,0,0,2d.csv
308,2,2,0,2e.csv
308,0,0,0,2f.csv
308,0,0,0,2g.csv
308,0,0,0,2h.csv
308,0,0,0,2i.csv
308,1,1,0,2j.csv
308,1,0,1,2k.csv
308,0,0,0,2l.csv
308,20,17,3,3a.csv
308,9,6,3,3b.csv
308,9,8,1,3c.csv
308,9,8,1,3d.csv
308,5,4,1,3e.csv
308,5,2,3,3f.csv
308,1,1,0,3g.csv
309,93,53,40,1a.csv
309,8,6,2,1b.csv
309,1,0,1,1c.csv
309,3,3,0,1e.csv
309,4,3,1,1f.csv
309,5,5,0,1g.csv
309,1,1,0,1h.csv
309,1,0,1,1i.csv
309,0,0,0,1j.csv
309,0,0,0,1k.csv
309,6,4,2,1l.csv
309,0,0,0,1m.csv
309,3,2,1,2a.csv
309,1,0,1,2b.csv
309,3,2,1,2c.csv
309,1,0,1,2d.csv
309,2,2,0,2e.csv
309,0,0,0,2f.csv
309,0,0,0,2g.csv
309,0,0,0,2h.csv
309,0,0,0,2i.csv
309,0,0,0,2j.csv
309,1,0,1,2k.csv
309,0,0,0,2l.csv
309,23,20,3,3a.csv
309,7,5,2,3b.csv
309,11,10,1,3c.csv
309,11,10,1,3d.csv
309,4,3,1,3e.csv
309,6,3,3,3f.csv
309,3,3,0,3g.csv
310,87,49,38,1a.csv
310,8,6,2,1b.csv
310,1,0,1,1c.csv
310,2,2,0,1e.csv
310,4,3,1,1f.csv
310,5,5,0,1g.csv
310,1,1,0,1h.csv
310,1,0,1,1i.csv
310,0,0,0,1j.csv
310,0,0,0,1k.csv
310,6,4,2,1l.csv
310,0,0,0,1m.csv
310,1,1,0,2a.csv
310,1,0,1,2b.csv
310,3,2,1,2c.csv
310,1,0,1,2d.csv
310,1,1,0,2e.csv
310,0,0,0,2f.csv
310,0,0,0,2g.csv
310,0,0,0,2h.csv
310,0,0,0,2i.csv
310,0,0,0,2j.csv
310,1,0,1,2k.csv
310,0,0,0,2l.csv
310,23,19,4,3a.csv
310,10,8,2,3b.csv
310,12,11,1,3c.csv
310,12,11,1,3d.csv
310,5,4,1,3e.csv
310,6,3,3,3f.csv
310,2,2,0,3g.csv
311,80,42,38,1a.csv
311,7,6,1,1b.csv
311,1,0,1,1c.csv
311,2,2,0,1e.csv
311,5,4,1,1f.csv
311,4,4,0,1g.csv
311,1,1,0,1h.csv
311,1,0,1,1i.csv
311,0,0,0,1j.csv
311,0,0,0,1k.csv
311,5,3,2,1l.csv
311,0,0,0,1m.csv
311,1,1,0,2a.csv
311,1,0,1,2b.csv
311,3,2,1,2c.csv
311,1,0,1,2d.csv
311,2,2,0,2e.csv
311,0,0,0,2f.csv
311,0,0,0,2g.csv
311,0,0,0,2h.csv
311,0,0,0,2i.csv
311,0,0,0,2j.csv
311,1,0,1,2k.csv
311,0,0,0,2l.csv
311,24,19,5,3a.csv
311,11,9,2,3b.csv
311,15,14,1,3c.csv
311,15,14,1,3d.csv
311,4,4,0,3e.csv
311,7,4,3,3f.csv
311,2,2,0,3g.csv
312,74,39,35,1a.csv
312,9,6,3,1b.csv
312,0,0,0,1c.csv
312,2,2,0,1e.csv
312,5,4,1,1f.csv
312,3,3,0,1g.csv
312,1,1,0,1h.csv
312,1,0,1,1i.csv
312,0,0,0,1j.csv
312,0,0,0,1k.csv
312,6,4,2,1l.csv
312,1,1,0,1m.csv
312,1,1,0,2a.csv
312,1,0,1,2b.csv
312,1,0,1,2c.csv
312,1,0,1,2d.csv
312,2,2,0,2e.csv
312,0,0,0,2f.csv
312,0,0,0,2g.csv
312,0,0,0,2h.csv
312,0,0,0,2i.csv
312,0,0,0,2j.csv
312,1,0,1,2k.csv
312,0,0,0,2l.csv
312,27,20,7,3a.csv
312,12,9,3,3b.csv
312,18,17,1,3c.csv
312,18,17,1,3d.csv
312,3,3,0,3e.csv
312,6,4,2,3f.csv
312,2,2,0,3g.csv
313,67,35,32,1a.csv
313,9,6,3,1b.csv
313,0,0,0,1c.csv
313,1,1,0,1e.csv
313,5,4,1,1f.csv
313,2,2,0,1g.csv
313,1,1,0,1h.csv
313,1,0,1,1i.csv
313,0,0,0,1j.csv
313,0,0,0,1k.csv
313,5,4,1,1l.csv
313,1,1,0,1m.csv
313,0,0,0,2a.csv
313,1,0,1,2b.csv
313,1,0,1,2c.csv
313,1,0,1,2d.csv
313,1,1,0,2e.csv
313,0,0,0,2f.csv
313,0,0,0,2g.csv
313,0,0,0,2h.csv
313,0,0,0,2i.csv
313,0,0,0,2j.csv
313,1,0,1,2k.csv
313,0,0,0,2l.csv
313,24,17,7,3a.csv
313,11,9,2,3b.csv
313,16,15,1,3c.csv
313,16,15,1,3d.csv
313,2,2,0,3e.csv
313,8,5,3,3f.csv
313,2,2,0,3g.csv
314,65,37,28,1a.csv
314,8,5,3,1b.csv
314,0,0,0,1c.csv
314,1,1,0,1e.csv
314,6,5,1,1f.csv
314,1,1,0,1g.csv
314,1,1,0,1h.csv
314,1,0,1,1i.csv
314,0,0,0,1j.csv
314,0,0,0,1k.csv
314,6,5,1,1l.csv
314,1,1,0,1m.csv
314,0,0,0,2a.csv
314,2,1,1,2b.csv
314,0,0,0,2c.csv
314,1,0,1,2d.csv
314,1,1,0,2e.csv
314,0,0,0,2f.csv
314,0,0,0,2g.csv
314,0,0,0,2h.csv
314,0,0,0,2i.csv
314,0,0,0,2j.csv
314,1,0,1,2k.csv
314,0,0,0,2l.csv
314,23,15,8,3a.csv
314,12,10,2,3b.csv
314,16,14,2,3c.csv
314,16,14,2,3d.csv
314,2,2,0,3e.csv
314,7,4,3,3f.csv
314,2,2,0,3g.csv
315,61,32,29,1a.csv
315,7,4,3,1b.csv
315,0,0,0,1c.csv
315,0,0,0,1e.csv
315,6,5,1,1f.csv
315,1,1,0,1g.csv
315,0,0,0,1h.csv
315,1,0,1,1i.csv
315,0,0,0,1j.csv
315,0,0,0,1k.csv
315,5,5,0,1l.csv
315,3,2,1,1m.csv
315,0,0,0,2a.csv
315,2,1,1,2b.csv
315,1,0,1,2c.csv
315,1,0,1,2d.csv
315,1,1,0,2e.csv
315,0,0,0,2f.csv
315,0,0,0,2g.csv
315,0,0,0,2h.csv
315,0,0,0,2i.csv
315,0,0,0,2j.csv
315,1,0,1,2k.csv
315,0,0,0,2l.csv
315,25,16,9,3a.csv
315,11,10,1,3b.csv
315,17,15,2,3c.csv
315,17,15,2,3d.csv
315,2,2,0,3e.csv
315,5,4,1,3f.csv
315,2,2,0,3g.csv
316,57,30,27,1a.csv
316,7,4,3,1b.csv
316,0,0,0,1c.csv
316,1,1,0,1e.csv
316,6,5,1,1f.csv
316,1,1,0,1g.csv
316,0,0,0,1h.csv
316,1,0,1,1i.csv
316,0,0,0,1j.csv
316,0,0,0,1k.csv
316,8,7,1,1l.csv
316,4,3,1,1m.csv
316,0,0,0,2a.csv
316,2,1,1,2b.csv
316,2,1,1,2c.csv
316,1,0,1,2d.csv
316,1,1,0,2e.csv
316,0,0,0,2f.csv
316,0,0,0,2g.csv
316,0,0,0,2h.csv
316,0,0,0,2i.csv
316,0,0,0,2j.csv
316,0,0,0,2k.csv
316,0,0,0,2l.csv
316,20,14,6,3a.csv
316,8,7,1,3b.csv
316,15,13,2,3c.csv
316,15,13,2,3d.csv
316,1,1,0,3e.csv
316,5,4,1,3f.csv
316,2,2,0,3g.csv
317,50,28,22,1a.csv
317,6,3,3,1b.csv
317,1,1,0,1c.csv
317,1,1,0,1e.csv
317,4,4,0,1f.csv
317,0,0,0,1g.csv
317,1,1,0,1h.csv
317,0,0,0,1i.csv
317,0,0,0,1j.csv
317,1,1,0,1k.csv
317,10,8,2,1l.csv
317,5,4,1,1m.csv
317,1,1,0,2a.csv
317,1,1,0,2b.csv
317,3,2,1,2c.csv
317,0,0,0,2d.csv
317,1,1,0,2e.csv
317,0,0,0,2f.csv
317,1,1,0,2g.csv
317,0,0,0,2h.csv
317,0,0,0,2i.csv
317,0,0,0,2j.csv
317,0,0,0,2k.csv
317,0,0,0,2l.csv
317,22,16,6,3a.csv
317,8,7,1,3b.csv
317,14,11,3,3c.csv
317,14,11,3,3d.csv
317,2,2,0,3e.csv
317,4,3,1,3f.csv
317,1,1,0,3g.csv
318,50,25,25,1a.csv
318,7,4,3,1b.csv
318,2,2,0,1c.csv
318,1,1,0,1e.csv
318,3,3,0,1f.csv
318,0,0,0,1g.csv
318,1,1,0,1h.csv
318,0,0,0,1i.csv
318,0,0,0,1j.csv
318,1,1,0,1k.csv
318,9,7,2,1l.csv
318,5,4,1,1m.csv
318,1,1,0,2a.csv
318,1,1,0,2b.csv
318,4,3,1,2c.csv
318,0,0,0,2d.csv
318,2,1,1,2e.csv
318,0,0,0,2f.csv
318,1,1,0,2g.csv
318,0,0,0,2h.csv
318,1,1,0,2i.csv
318,1,1,0,2j.csv
318,0,0,0,2k.csv
318,0,0,0,2l.csv
318,28,22,6,3a.csv
318,6,5,1,3b.csv
318,12,9,3,3c.csv
318,12,9,3,3d.csv
318,1,1,0,3e.csv
318,4,3,1,3f.csv
318,2,2,0,3g.csv
319,47,23,24,1a.csv
319,8,5,3,1b.csv
319,2,2,0,1c.csv
319,1,1,0,1e.csv
319,2,2,0,1f.csv
319,0,0,0,1g.csv
319,1,1,0,1h.csv
319,0,0,0,1i.csv
319,0,0,0,1j.csv
319,1,1,0,1k.csv
319,11,9,2,1l.csv
319,6,5,1,1m.csv
319,1,1,0,2a.csv
319,1,1,0,2b.csv
319,4,3,1,2c.csv
319,0,0,0,2d.csv
319,1,0,1,2e.csv
319,0,0,0,2f.csv
319,1,1,0,2g.csv
319,0,0,0,2h.csv
319,1,1,0,2i.csv
319,1,1,0,2j.csv
319,0,0,0,2k.csv
319,0,0,0,2l.csv
319,32,22,10,3a.csv
319,6,5,1,3b.csv
319,8,5,3,3c.csv
319,8,5,3,3d.csv
319,1,1,0,3e.csv
319,3,2,1,3f.csv
319,2,2,0,3g.csv
320,47,22,25,1a.csv
320,7,6,1,1b.csv
320,2,2,0,1c.csv
320,2,2,0,1e.csv
320,1,1,0,1f.csv
320,0,0,0,1g.csv
320,1,1,0,1h.csv
320,0,0,0,1i.csv
320,0,0,0,1j.csv
320,1,1,0,1k.csv
320,12,9,3,1l.csv
320,5,4,1,1m.csv
320,1,1,0,2a.csv
320,1,1,0,2b.csv
320,4,3,1,2c.csv
320,1,1,0,2d.csv
320,2,1,1,2e.csv
320,0,0,0,2f.csv
320,1,1,0,2g.csv
320,0,0,0,2h.csv
320,1,1,0,2i.csv
320,1,1,0,2j.csv
320,0,0,0,2k.csv
320,2,2,0,2l.csv
320,31,23,8,3a.csv
320,6,6,0,3b.csv
320,5,2,3,3c.csv
320,5,2,3,3d.csv
320,1,1,0,3e.csv
320,3,2,1,3f.csv
320,2,2,0,3g.csv
321,42,20,22,1a.csv
321,8,7,1,1b.csv
321,2,2,0,1c.csv
321,2,2,0,1e.csv
321,2,2,0,1f.csv
321,0,0,0,1g.csv
321,1,1,0,1h.csv
321,0,0,0,1i.csv
321,0,0,0,1j.csv
321,1,1,0,1k.csv
321,14,11,3,1l.csv
321,6,5,1,1m.csv
321,2,2,0,2a.csv
321,1,1,0,2b.csv
321,4,3,1,2c.csv
321,1,1,0,2d.csv
321,2,1,1,2e.csv
321,0,0,0,2f.csv
321,1,1,0,2g.csv
321,0,0,0,2h.csv
321,1,1,0,2i.csv
321,1,1,0,2j.csv
321,0,0,0,2k.csv
321,2,2,0,2l.csv
321,40,30,10,3a.csv
321,4,4,0,3b.csv
321,7,3,4,3c.csv
321,7,3,4,3d.csv
321,1,1,0,3e.csv
321,2,2,0,3f.csv
321,2,2,0,3g.csv
322,35,14,21,1a.csv
322,7,6,1,1b.csv
322,2,2,0,1c.csv
322,2,2,0,1e.csv
322,1,1,0,1f.csv
322,0,0,0,1g.csv
322,1,1,0,1h.csv
322,0,0,0,1i.csv
322,0,0,0,1j.csv
322,1,1,0,1k.csv
322,13,10,3,1l.csv
322,6,5,1,1m.csv
322,2,2,0,2a.csv
322,2,1,1,2b.csv
322,4,3,1,2c.csv
322,1,1,0,2d.csv
322,2,1,1,2e.csv
322,0,0,0,2f.csv
322,1,1,0,2g.csv
322,0,0,0,2h.csv
322,1,1,0,2i.csv
322,1,1,0,2j.csv
322,0,0,0,2k.csv
322,2,2,0,2l.csv
322,46,34,12,3a.csv
322,4,4,0,3b.csv
322,7,4,3,3c.csv
322,7,4,3,3d.csv
322,1,1,0,3e.csv
322,2,2,0,3f.csv
322,2,2,0,3g.csv
323,30,15,15,1a.csv
323,7,6,1,1b.csv
323,2,2,0,1c.csv
323,2,2,0,1e.csv
323,1,1,0,1f.csv
323,0,0,0,1g.csv
323,1,1,0,1h.csv
323,0,0,0,1i.csv
323,0,0,0,1j.csv
323,1,1,0,1k.csv
323,13,10,3,1l.csv
323,5,5,0,1m.csv
323,2,2,0,2a.csv
323,2,1,1,2b.csv
323,3,3,0,2c.csv
323,1,1,0,2d.csv
323,2,1,1,2e.csv
323,0,0,0,2f.csv
323,2,2,0,2g.csv
323,0,0,0,2h.csv
323,1,1,0,2i.csv
323,1,1,0,2j.csv
323,0,0,0,2k.csv
323,3,3,0,2l.csv
323,44,33,11,3a.csv
323,5,5,0,3b.csv
323,8,4,4,3c.csv
323,8,4,4,3d.csv
323,2,1,1,3e.csv
323,2,2,0,3f.csv
323,4,4,0,3g.csv
324,29,14,15,1a.csv
324,8,6,2,1b.csv
324,2,2,0,1c.csv
324,2,2,0,1e.csv
324,1,1,0,1f.csv
324,0,0,0,1g.csv
324,1,1,0,1h.csv
324,0,0,0,1i.csv
324,0,0,0,1j.csv
324,1,1,0,1k.csv
324,11,8,3,1l.csv
324,4,4,0,1m.csv
324,2,2,0,2a.csv
324,2,1,1,2b.csv
324,2,2,0,2c.csv
324,1,1,0,2d.csv
324,3,2,1,2e.csv
324,0,0,0,2f.csv
324,2,2,0,2g.csv
324,0,0,0,2h.csv
324,1,1,0,2i.csv
324,1,1,0,2j.csv
324,0,0,0,2k.csv
324,3,3,0,2l.csv
324,46,33,13,3a.csv
324,7,7,0,3b.csv
324,8,5,3,3c.csv
324,8,5,3,3d.csv
324,2,1,1,3e.csv
324,2,2,0,3f.csv
324,4,4,0,3g.csv
325,28,12,16,1a.csv
325,8,7,1,1b.csv
325,1,1,0,1c.csv
325,2,2,0,1e.csv
325,1,1,0,1f.csv
325,0,0,0,1g.csv
325,0,0,0,1h.csv
325,0,0,0,1i.csv
325,0,0,0,1j.csv
325,0,0,0,1k.csv
325,10,7,3,1l.csv
325,4,4,0,1m.csv
325,1,1,0,2a.csv
325,2,1,1,2b.csv
325,1,1,0,2c.csv
325,1,1,0,2d.csv
325,3,2,1,2e.csv
325,0,0,0,2f.csv
325,1,1,0,2g.csv
325,0,0,0,2h.csv
325,1,1,0,2i.csv
325,1,1,0,2j.csv
325,0,0,0,2k.csv
325,3,3,0,2l.csv
325,42,27,15,3a.csv
325,8,8,0,3b.csv
325,7,5,2,3c.csv
325,7,5,2,3d.csv
325,1,0,1,3e.csv
325,4,3,1,3f.csv
325,3,3,0,3g.csv
326,29,15,14,1a.csv
326,8,7,1,1b.csv
326,0,0,0,1c.csv
326,2,2,0,1e.csv
326,1,1,0,1f.csv
326,0,0,0,1g.csv
326,0,0,0,1h.csv
326,0,0,0,1i.csv
326,0,0,0,1j.csv
326,0,0,0,1k.csv
326,10,7,3,1l.csv
326,4,4,0,1m.csv
326,1,1,0,2a.csv
326,2,1,1,2b.csv
326,1,0,1,2c.csv
326,1,1,0,2d.csv
326,2,2,0,2e.csv
326,0,0,0,2f.csv
326,1,1,0,2g.csv
326,0,0,0,2h.csv
326,0,0,0,2i.csv
326,0,0,0,2j.csv
326,0,0,0,2k.csv
326,3,3,0,2l.csv
326,36,22,14,3a.csv
326,10,9,1,3b.csv
326,7,5,2,3c.csv
326,7,5,2,3d.csv
326,1,0,1,3e.csv
326,4,3,1,3f.csv
326,2,2,0,3g.csv
327,33,21,12,1a.csv
327,7,6,1,1b.csv
327,2,2,0,1c.csv
327,2,2,0,1e.csv
327,1,1,0,1f.csv
327,0,0,0,1g.csv
327,0,0,0,1h.csv
327,0,0,0,1i.csv
327,0,0,0,1j.csv
327,0,0,0,1k.csv
327,10,6,4,1l.csv
327,3,3,0,1m.csv
327,2,1,1,2a.csv
327,2,1,1,2b.csv
327,1,0,1,2c.csv
327,1,1,0,2d.csv
327,2,2,0,2e.csv
327,0,0,0,2f.csv
327,1,1,0,2g.csv
327,0,0,0,2h.csv
327,0,0,0,2i.csv
327,0,0,0,2j.csv
327,0,0,0,2k.csv
327,3,3,0,2l.csv
327,33,23,10,3a.csv
327,10,9,1,3b.csv
327,7,5,2,3c.csv
327,7,5,2,3d.csv
327,1,0,1,3e.csv
327,5,4,1,3f.csv
327,2,2,0,3g.csv
328,37,25,12,1a.csv
328,6,5,1,1b.csv
328,3,2,1,1c.csv
328,1,1,0,1e.csv
328,1,1,0,1f.csv
328,0,0,0,1g.csv
328,1,0,1,1h.csv
328,1,1,0,1i.csv
328,0,0,0,1j.csv
328,0,0,0,1k.csv
328,8,5,3,1l.csv
328,4,4,0,1m.csv
328,2,1,1,2a.csv
328,2,1,1,2b.csv
328,1,0,1,2c.csv
328,0,0,0,2d.csv
328,1,1,0,2e.csv
328,0,0,0,2f.csv
328,1,1,0,2g.csv
328,0,0,0,2h.csv
328,0,0,0,2i.csv
328,0,0,0,2j.csv
328,0,0,0,2k.csv
328,1,1,0,2l.csv
328,34,23,11,3a.csv
328,10,9,1,3b.csv
328,7,5,2,3c.csv
328,7,5,2,3d.csv
328,1,0,1,3e.csv
328,4,3,1,3f.csv
328,2,2,0,3g.csv
329,39,26,13,1a.csv
329,6,5,1,1b.csv
329,3,2,1,1c.csv
329,1,1,0,1e.csv
329,0,0,0,1f.csv
329,0,0,0,1g.csv
329,1,0,1,1h.csv
329,2,2,0,1i.csv
329,0,0,0,1j.csv
329,0,0,0,1k.csv
329,6,3,3,1l.csv
329,3,3,0,1m.csv
329,1,0,1,2a.csv
329,2,1,1,2b.csv
329,2,1,1,2c.csv
329,0,0,0,2d.csv
329,1,1,0,2e.csv
329,0,0,0,2f.csv
329,1,1,0,2g.csv
329,0,0,0,2h.csv
329,0,0,0,2i.csv
329,0,0,0,2j.csv
329,0,0,0,2k.csv
329,2,2,0,2l.csv
329,25,16,9,3a.csv
329,11,10,1,3b.csv
329,5,4,1,3c.csv
329,5,4,1,3d.csv
329,1,0,1,3e.csv
329,3,2,1,3f.csv
329,3,3,0,3g.csv
330,42,28,14,1a.csv
330,6,5,1,1b.csv
330,3,2,1,1c.csv
330,1,1,0,1e.csv
330,0,0,0,1f.csv
330,0,0,0,1g.csv
330,1,0,1,1h.csv
330,2,2,0,1i.csv
330,0,0,0,1j.csv
330,0,0,0,1k.csv
330,4,1,3,1l.csv
330,3,3,0,1m.csv
330,1,0,1,2a.csv
330,0,0,0,2b.csv
330,3,2,1,2c.csv
330,0,0,0,2d.csv
330,2,2,0,2e.csv
330,0,0,0,2f.csv
330,1,1,0,2g.csv
330,0,0,0,2h.csv
330,0,0,0,2i.csv
330,0,0,0,2j.csv
330,0,0,0,2k.csv
330,2,2,0,2l.csv
330,18,12,6,3a.csv
330,11,10,1,3b.csv
330,3,2,1,3c.csv
330,3,2,1,3d.csv
330,1,0,1,3e.csv
330,5,3,2,3f.csv
330,3,3,0,3g.csv
331,43,27,16,1a.csv
331,5,4,1,1b.csv
331,4,3,1,1c.csv
331,2,2,0,1e.csv
331,0,0,0,1f.csv
331,0,0,0,1g.csv
331,1,0,1,1h.csv
331,2,2,0,1i.csv
331,0,0,0,1j.csv
331,0,0,0,1k.csv
331,4,1,3,1l.csv
331,3,3,0,1m.csv
331,1,0,1,2a.csv
331,0,0,0,2b.csv
331,4,3,1,2c.csv
331,0,0,0,2d.csv
331,2,2,0,2e.csv
331,0,0,0,2f.csv
331,0,0,0,2g.csv
331,0,0,0,2h.csv
331,0,0,0,2i.csv
331,0,0,0,2j.csv
331,0,0,0,2k.csv
331,1,1,0,2l.csv
331,18,12,6,3a.csv
331,13,12,1,3b.csv
331,1,1,0,3c.csv
331,1,1,0,3d.csv
331,0,0,0,3e.csv
331,8,6,2,3f.csv
331,3,3,0,3g.csv
332,41,26,15,1a.csv
332,5,5,0,1b.csv
332,5,4,1,1c.csv
332,1,1,0,1e.csv
332,1,1,0,1f.csv
332,0,0,0,1g.csv
332,1,0,1,1h.csv
332,2,2,0,1i.csv
332,0,0,0,1j.csv
332,0,0,0,1k.csv
332,3,1,2,1l.csv
332,3,3,0,1m.csv
332,1,0,1,2a.csv
332,0,0,0,2b.csv
332,4,3,1,2c.csv
332,1,1,0,2d.csv
332,1,1,0,2e.csv
332,0,0,0,2f.csv
332,0,0,0,2g.csv
332,0,0,0,2h.csv
332,0,0,0,2i.csv
332,0,0,0,2j.csv
332,0,0,0,2k.csv
332,1,1,0,2l.csv
332,15,11,4,3a.csv
332,13,12,1,3b.csv
332,0,0,0,3c.csv
332,0,0,0,3d.csv
332,1,1,0,3e.csv
332,9,7,2,3f.csv
332,4,4,0,3g.csv
333,36,24,12,1a.csv
333,4,4,0,1b.csv
333,6,5,1,1c.csv
333,1,1,0,1e.csv
333,1,1,0,1f.csv
333,0,0,0,1g.csv
333,1,0,1,1h.csv
333,2,2,0,1i.csv
333,0,0,0,1j.csv
333,0,0,0,1k.csv
333,3,1,2,1l.csv
333,2,2,0,1m.csv
333,3,1,2,2a.csv
333,0,0,0,2b.csv
333,4,3,1,2c.csv
333,2,2,0,2d.csv
333,1,1,0,2e.csv
333,1,1,0,2f.csv
333,0,0,0,2g.csv
333,0,0,0,2h.csv
333,0,0,0,2i.csv
333,0,0,0,2j.csv
333,0,0,0,2k.csv
333,2,2,0,2l.csv
333,13,11,2,3a.csv
333,13,11,2,3b.csv
333,1,1,0,3c.csv
333,1,1,0,3d.csv
333,1,1,0,3e.csv
333,9,8,1,3f.csv
333,5,5,0,3g.csv
334,28,20,8,1a.csv
334,3,3,0,1b.csv
334,6,5,1,1c.csv
334,1,1,0,1e.csv
334,1,1,0,1f.csv
334,0,0,0,1g.csv
334,1,0,1,1h.csv
334,2,2,0,1i.csv
334,0,0,0,1j.csv
334,0,0,0,1k.csv
334,5,3,2,1l.csv
334,3,3,0,1m.csv
334,4,2,2,2a.csv
334,0,0,0,2b.csv
334,3,3,0,2c.csv
334,2,2,0,2d.csv
334,1,1,0,2e.csv
334,1,1,0,2f.csv
334,0,0,0,2g.csv
334,0,0,0,2h.csv
334,0,0,0,2i.csv
334,0,0,0,2j.csv
334,0,0,0,2k.csv
334,3,3,0,2l.csv
334,11,9,2,3a.csv
334,12,11,1,3b.csv
334,2,2,0,3c.csv
334,2,2,0,3d.csv
334,1,1,0,3e.csv
334,16,14,2,3f.csv
334,5,5,0,3g.csv
335,21,13,8,1a.csv
335,3,3,0,1b.csv
335,5,4,1,1c.csv
335,1,1,0,1e.csv
335,1,1,0,1f.csv
335,0,0,0,1g.csv
335,1,0,1,1h.csv
335,2,2,0,1i.csv
335,0,0,0,1j.csv
335,0,0,0,1k.csv
335,3,2,1,1l.csv
335,3,3,0,1m.csv
335,4,3,1,2a.csv
335,0,0,0,2b.csv
335,3,3,0,2c.csv
335,2,2,0,2d.csv
335,1,1,0,2e.csv
335,1,1,0,2f.csv
335,0,0,0,2g.csv
335,0,0,0,2h.csv
335,1,0,1,2i.csv
335,0,0,0,2j.csv
335,0,0,0,2k.csv
335,4,4,0,2l.csv
335,8,7,1,3a.csv
335,12,11,1,3b.csv
335,3,2,1,3c.csv
335,3,2,1,3d.csv
335,1,1,0,3e.csv
335,21,16,5,3f.csv
335,5,5,0,3g.csv
336,19,10,9,1a.csv
336,2,2,0,1b.csv
336,5,5,0,1c.csv
336,2,2,0,1e.csv
336,1,1,0,1f.csv
336,0,0,0,1g.csv
336,0,0,0,1h.csv
336,1,1,0,1i.csv
336,0,0,0,1j.csv
336,0,0,0,1k.csv
336,3,2,1,1l.csv
336,3,3,0,1m.csv
336,4,3,1,2a.csv
336,0,0,0,2b.csv
336,3,3,0,2c.csv
336,2,2,0,2d.csv
336,1,1,0,2e.csv
336,1,1,0,2f.csv
336,0,0,0,2g.csv
336,0,0,0,2h.csv
336,1,0,1,2i.csv
336,0,0,0,2j.csv
336,0,0,0,2k.csv
336,5,4,1,2l.csv
336,7,7,0,3a.csv
336,15,13,2,3b.csv
336,3,2,1,3c.csv
336,3,2,1,3d.csv
336,1,1,0,3e.csv
336,25,20,5,3f.csv
336,5,5,0,3g.csv
337,17,8,9,1a.csv
337,2,2,0,1b.csv
337,6,6,0,1c.csv
337,2,2,0,1e.csv
337,1,1,0,1f.csv
337,1,1,0,1g.csv
337,1,1,0,1h.csv
337,0,0,0,1i.csv
337,0,0,0,1j.csv
337,0,0,0,1k.csv
337,3,2,1,1l.csv
337,6,5,1,1m.csv
337,4,3,1,2a.csv
337,0,0,0,2b.csv
337,3,2,1,2c.csv
337,2,2,0,2d.csv
337,1,1,0,2e.csv
337,1,1,0,2f.csv
337,0,0,0,2g.csv
337,0,0,0,2h.csv
337,1,0,1,2i.csv
337,0,0,0,2j.csv
337,0,0,0,2k.csv
337,4,3,1,2l.csv
337,8,8,0,3a.csv
337,19,15,4,3b.csv
337,3,2,1,3c.csv
337,3,2,1,3d.csv
337,2,2,0,3e.csv
337,28,23,5,3f.csv
337,4,4,0,3g.csv
338,14,6,8,1a.csv
338,2,2,0,1b.csv
338,7,6,1,1c.csv
338,2,2,0,1e.csv
338,1,1,0,1f.csv
338,1,1,0,1g.csv
338,2,2,0,1h.csv
338,0,0,0,1i.csv
338,0,0,0,1j.csv
338,0,0,0,1k.csv
338,3,2,1,1l.csv
338,9,8,1,1m.csv
338,6,4,2,2a.csv
338,0,0,0,2b.csv
338,3,2,1,2c.csv
338,2,2,0,2d.csv
338,0,0,0,2e.csv
338,1,1,0,2f.csv
338,0,0,0,2g.csv
338,0,0,0,2h.csv
338,1,0,1,2i.csv
338,0,0,0,2j.csv
338,0,0,0,2k.csv
338,4,3,1,2l.csv
338,7,6,1,3a.csv
338,21,17,4,3b.csv
338,5,4,1,3c.csv
338,5,4,1,3d.csv
338,2,2,0,3e.csv
338,28,23,5,3f.csv
338,4,4,0,3g.csv
339,12,5,7,1a.csv
339,2,2,0,1b.csv
339,7,6,1,1c.csv
339,1,1,0,1e.csv
339,1,1,0,1f.csv
339,1,1,0,1g.csv
339,2,2,0,1h.csv
339,0,0,0,1i.csv
339,0,0,0,1j.csv
339,0,0,0,1k.csv
339,3,2,1,1l.csv
339,9,8,1,1m.csv
339,8,5,3,2a.csv
339,1,1,0,2b.csv
339,2,1,1,2c.csv
339,3,2,1,2d.csv
339,0,0,0,2e.csv
339,1,1,0,2f.csv
339,0,0,0,2g.csv
339,0,0,0,2h.csv
339,1,0,1,2i.csv
339,0,0,0,2j.csv
339,0,0,0,2k.csv
339,4,3,1,2l.csv
339,7,5,2,3a.csv
339,21,16,5,3b.csv
339,9,7,2,3c.csv
339,9,7,2,3d.csv
339,2,2,0,3e.csv
339,28,23,5,3f.csv
339,2,2,0,3g.csv
340,14,7,7,1a.csv
340,1,1,0,1b.csv
340,7,6,1,1c.csv
340,1,1,0,1e.csv
340,0,0,0,1f.csv
340,1,1,0,1g.csv
340,2,2,0,1h.csv
340,0,0,0,1i.csv
340,0,0,0,1j.csv
340,0,0,0,1k.csv
340,3,2,1,1l.csv
340,9,8,1,1m.csv
340,9,6,3,2a.csv
340,1,1,0,2b.csv
340,3,2,1,2c.csv
340,2,1,1,2d.csv
340,0,0,0,2e.csv
340,1,1,0,2f.csv
340,0,0,0,2g.csv
340,0,0,0,2h.csv
340,1,0,1,2i.csv
340,0,0,0,2j.csv
340,0,0,0,2k.csv
340,5,3,2,2l.csv
340,7,5,2,3a.csv
340,19,14,5,3b.csv
340,10,8,2,3c.csv
340,10,8,2,3d.csv
340,1,1,0,3e.csv
340,29,24,5,3f.csv
340,3,3,0,3g.csv
341,16,7,9,1a.csv
341,3,3,0,1b.csv
341,6,5,1,1c.csv
341,1,1,0,1e.csv
341,0,0,0,1f.csv
341,1,1,0,1g.csv
341,3,3,0,1h.csv
341,0,0,0,1i.csv
341,0,0,0,1j.csv
341,0,0,0,1k.csv
341,2,2,0,1l.csv
341,13,12,1,1m.csv
341,8,5,3,2a.csv
341,1,1,0,2b.csv
341,3,2,1,2c.csv
341,1,0,1,2d.csv
341,0,0,0,2e.csv
341,0,0,0,2f.csv
341,0,0,0,2g.csv
341,0,0,0,2h.csv
341,1,0,1,2i.csv
341,0,0,0,2j.csv
341,0,0,0,2k.csv
341,5,3,2,2l.csv
341,9,7,2,3a.csv
341,20,16,4,3b.csv
341,9,7,2,3c.csv
341,9,7,2,3d.csv
341,1,1,0,3e.csv
341,32,26,6,3f.csv
341,3,3,0,3g.csv
342,18,7,11,1a.csv
342,3,3,0,1b.csv
342,7,6,1,1c.csv
342,1,1,0,1e.csv
342,0,0,0,1f.csv
342,1,1,0,1g.csv
342,3,3,0,1h.csv
342,0,0,0,1i.csv
342,0,0,0,1j.csv
342,0,0,0,1k.csv
342,0,0,0,1l.csv
342,15,14,1,1m.csv
342,7,4,3,2a.csv
342,1,1,0,2b.csv
342,4,2,2,2c.csv
342,1,0,1,2d.csv
342,1,1,0,2e.csv
342,0,0,0,2f.csv
342,0,0,0,2g.csv
342,0,0,0,2h.csv
342,2,1,1,2i.csv
342,0,0,0,2j.csv
342,0,0,0,2k.csv
342,6,4,2,2l.csv
342,9,7,2,3a.csv
342,21,17,4,3b.csv
342,9,7,2,3c.csv
342,9,7,2,3d.csv
342,1,1,0,3e.csv
342,27,22,5,3f.csv
342,3,3,0,3g.csv
343,19,8,11,1a.csv
343,4,3,1,1b.csv
343,7,6,1,1c.csv
343,1,1,0,1e.csv
343,0,0,0,1f.csv
343,1,1,0,1g.csv
343,3,3,0,1h.csv
343,1,0,1,1i.csv
343,0,0,0,1j.csv
343,0,0,0,1k.csv
343,0,0,0,1l.csv
343,15,14,1,1m.csv
343,8,5,3,2a.csv
343,1,1,0,2b.csv
343,4,2,2,2c.csv
343,1,0,1,2d.csv
343,1,1,0,2e.csv
343,1,0,1,2f.csv
343,0,0,0,2g.csv
343,0,0,0,2h.csv
343,2,2,0,2i.csv
343,0,0,0,2j.csv
343,0,0,0,2k.csv
343,6,4,2,2l.csv
343,10,8,2,3a.csv
343,21,17,4,3b.csv
343,8,7,1,3c.csv
343,8,7,1,3d.csv
343,1,1,0,3e.csv
343,22,20,2,3f.csv
343,4,4,0,3g.csv
344,16,7,9,1a.csv
344,4,3,1,1b.csv
344,6,5,1,1c.csv
344,0,0,0,1e.csv
344,0,0,0,1f.csv
344,1,1,0,1g.csv
344,4,3,1,1h.csv
344,1,0,1,1i.csv
344,0,0,0,1j.csv
344,0,0,0,1k.csv
344,0,0,0,1l.csv
344,14,13,1,1m.csv
344,8,5,3,2a.csv
344,1,1,0,2b.csv
344,4,2,2,2c.csv
344,1,0,1,2d.csv
344,1,1,0,2e.csv
344,2,1,1,2f.csv
344,1,1,0,2g.csv
344,0,0,0,2h.csv
344,2,2,0,2i.csv
344,0,0,0,2j.csv
344,1,0,1,2k.csv
344,6,5,1,2l.csv
344,8,6,2,3a.csv
344,17,14,3,3b.csv
344,9,8,1,3c.csv
344,9,8,1,3d.csv
344,1,1,0,3e.csv
344,21,19,2,3f.csv
344,6,6,0,3g.csv
345,14,7,7,1a.csv
345,3,2,1,1b.csv
345,6,5,1,1c.csv
345,0,0,0,1e.csv
345,0,0,0,1f.csv
345,0,0,0,1g.csv
345,3,2,1,1h.csv
345,1,0,1,1i.csv
345,0,0,0,1j.csv
345,0,0,0,1k.csv
345,1,1,0,1l.csv
345,11,11,0,1m.csv
345,8,5,3,2a.csv
345,1,1,0,2b.csv
345,4,3,1,2c.csv
345,1,0,1,2d.csv
345,1,1,0,2e.csv
345,2,1,1,2f.csv
345,1,1,0,2g.csv
345,0,0,0,2h.csv
345,2,2,0,2i.csv
345,0,0,0,2j.csv
345,1,0,1,2k.csv
345,7,5,2,2l.csv
345,7,5,2,3a.csv
345,12,11,1,3b.csv
345,11,10,1,3c.csv
345,11,10,1,3d.csv
345,0,0,0,3e.csv
345,19,17,2,3f.csv
345,7,7,0,3g.csv
346,13,6,7,1a.csv
346,4,3,1,1b.csv
346,5,5,0,1c.csv
346,0,0,0,1e.csv
346,0,0,0,1f.csv
346,0,0,0,1g.csv
346,2,1,1,1h.csv
346,1,0,1,1i.csv
346,0,0,0,1j.csv
346,0,0,0,1k.csv
346,2,2,0,1l.csv
346,11,11,0,1m.csv
346,8,6,2,2a.csv
346,1,1,0,2b.csv
346,6,2,4,2c.csv
346,1,0,1,2d.csv
346,1,1,0,2e.csv
346,2,1,1,2f.csv
346,2,2,0,2g.csv
346,0,0,0,2h.csv
346,3,3,0,2i.csv
346,0,0,0,2j.csv
346,1,0,1,2k.csv
346,8,6,2,2l.csv
346,7,5,2,3a.csv
346,9,8,1,3b.csv
346,12,11,1,3c.csv
346,12,11,1,3d.csv
346,0,0,0,3e.csv
346,20,18,2,3f.csv
346,7,7,0,3g.csv
347,14,8,6,1a.csv
347,5,4,1,1b.csv
347,5,5,0,1c.csv
347,0,0,0,1e.csv
347,0,0,0,1f.csv
347,0,0,0,1g.csv
347,2,1,1,1h.csv
347,1,0,1,1i.csv
347,0,0,0,1j.csv
347,0,0,0,1k.csv
347,4,3,1,1l.csv
347,10,10,0,1m.csv
347,8,7,1,2a.csv
347,0,0,0,2b.csv
347,6,2,4,2c.csv
347,0,0,0,2d.csv
347,1,1,0,2e.csv
347,2,1,1,2f.csv
347,2,2,0,2g.csv
347,0,0,0,2h.csv
347,3,3,0,2i.csv
347,0,0,0,2j.csv
347,1,0,1,2k.csv
347,8,6,2,2l.csv
347,6,5,1,3a.csv
347,8,8,0,3b.csv
347,7,7,0,3c.csv
347,7,7,0,3d.csv
347,0,0,0,3e.csv
347,17,15,2,3f.csv
347,7,7,0,3g.csv
348,12,6,6,1a.csv
348,7,6,1,1b.csv
348,5,5,0,1c.csv
348,0,0,0,1e.csv
348,0,0,0,1f.csv
348,1,1,0,1g.csv
348,2,1,1,1h.csv
348,1,0,1,1i.csv
348,1,1,0,1j.csv
348,0,0,0,1k.csv
348,6,5,1,1l.csv
348,10,10,0,1m.csv
348,9,7,2,2a.csv
348,0,0,0,2b.csv
348,5,1,4,2c.csv
348,0,0,0,2d.csv
348,2,2,0,2e.csv
348,2,1,1,2f.csv
348,2,2,0,2g.csv
348,0,0,0,2h.csv
348,4,4,0,2i.csv
348,0,0,0,2j.csv
348,1,0,1,2k.csv
348,9,7,2,2l.csv
348,8,7,1,3a.csv
348,10,10,0,3b.csv
348,8,8,0,3c.csv
348,8,8,0,3d.csv
348,1,0,1,3e.csv
348,16,13,3,3f.csv
348,5,5,0,3g.csv
349,12,7,5,1a.csv
349,5,4,1,1b.csv
349,7,7,0,1c.csv
349,0,0,0,1e.csv
349,0,0,0,1f.csv
349,1,1,0,1g.csv
349,1,0,1,1h.csv
349,1,0,1,1i.csv
349,1,1,0,1j.csv
349,0,0,0,1k.csv
349,6,5,1,1l.csv
349,6,6,0,1m.csv
349,9,7,2,2a.csv
349,0,0,0,2b.csv
349,5,1,4,2c.csv
349,0,0,0,2d.csv
349,2,2,0,2e.csv
349,2,1,1,2f.csv
349,2,2,0,2g.csv
349,0,0,0,2h.csv
349,4,4,0,2i.csv
349,0,0,0,2j.csv
349,1,0,1,2k.csv
349,9,6,3,2l.csv
349,6,5,1,3a.csv
349,11,10,1,3b.csv
349,9,8,1,3c.csv
349,9,8,1,3d.csv
349,1,0,1,3e.csv
349,13,11,2,3f.csv
349,4,4,0,3g.csv
350,10,7,3,1a.csv
350,6,5,1,1b.csv
350,6,6,0,1c.csv
350,0,0,0,1e.csv
350,0,0,0,1f.csv
350,1,1,0,1g.csv
350,1,0,1,1h.csv
350,1,0,1,1i.csv
350,1,1,0,1j.csv
350,0,0,0,1k.csv
350,7,6,1,1l.csv
350,6,5,1,1m.csv
350,9,7,2,2a.csv
350,0,0,0,2b.csv
350,5,1,4,2c.csv
350,0,0,0,2d.csv
350,1,1,0,2e.csv
350,2,1,1,2f.csv
350,2,2,0,2g.csv
350,0,0,0,2h.csv
350,3,3,0,2i.csv
350,0,0,0,2j.csv
350,1,0,1,2k.csv
350,7,4,3,2l.csv
350,7,5,2,3a.csv
350,8,7,1,3b.csv
350,9,8,1,3c.csv
350,9,8,1,3d.csv
350,1,0,1,3e.csv
350,12,10,2,3f.csv
350,4,4,0,3g.csv
351,11,8,3,1a.csv
351,6,6,0,1b.csv
351,5,5,0,1c.csv
351,0,0,0,1e.csv
351,0,0,0,1f.csv
351,1,1,0,1g.csv
351,1,0,1,1h.csv
351,2,0,2,1i.csv
351,1,1,0,1j.csv
351,0,0,0,1k.csv
351,9,8,1,1l.csv
351,6,5,1,1m.csv
351,8,6,2,2a.csv
351,0,0,0,2b.csv
351,6,1,5,2c.csv
351,0,0,0,2d.csv
351,2,2,0,2e.csv
351,1,1,0,2f.csv
351,2,2,0,2g.csv
351,0,0,0,2h.csv
351,3,3,0,2i.csv
351,0,0,0,2j.csv
351,1,0,1,2k.csv
351,6,3,3,2l.csv
351,6,3,3,3a.csv
351,8,7,1,3b.csv
351,11,10,1,3c.csv
351,11,10,1,3d.csv
351,2,1,1,3e.csv
351,12,10,2,3f.csv
351,3,3,0,3g.csv
352,11,9,2,1a.csv
352,6,6,0,1b.csv
352,5,5,0,1c.csv
352,0,0,0,1e.csv
352,0,0,0,1f.csv
352,2,1,1,1g.csv
352,0,0,0,1h.csv
352,2,0,2,1i.csv
352,1,1,0,1j.csv
352,0,0,0,1k.csv
352,9,8,1,1l.csv
352,6,5,1,1m.csv
352,10,6,4,2a.csv
352,0,0,0,2b.csv
352,7,1,6,2c.csv
352,0,0,0,2d.csv
352,3,3,0,2e.csv
352,0,0,0,2f.csv
352,1,1,0,2g.csv
352,0,0,0,2h.csv
352,3,3,0,2i.csv
352,0,0,0,2j.csv
352,0,0,0,2k.csv
352,6,2,4,2l.csv
352,10,7,3,3a.csv
352,8,7,1,3b.csv
352,12,11,1,3c.csv
352,12,11,1,3d.csv
352,2,1,1,3e.csv
352,9,7,2,3f.csv
352,2,2,0,3g.csv
353,14,9,5,1a.csv
353,6,6,0,1b.csv
353,4,4,0,1c.csv
353,0,0,0,1e.csv
353,0,0,0,1f.csv
353,2,1,1,1g.csv
353,0,0,0,1h.csv
353,2,0,2,1i.csv
353,1,1,0,1j.csv
353,0,0,0,1k.csv
353,11,9,2,1l.csv
353,8,7,1,1m.csv
353,10,6,4,2a.csv
353,0,0,0,2b.csv
353,9,1,8,2c.csv
353,0,0,0,2d.csv
353,3,3,0,2e.csv
353,0,0,0,2f.csv
353,1,1,0,2g.csv
353,0,0,0,2h.csv
353,3,3,0,2i.csv
353,0,0,0,2j.csv
353,0,0,0,2k.csv
353,6,2,4,2l.csv
353,13,9,4,3a.csv
353,9,8,1,3b.csv
353,11,10,1,3c.csv
353,11,10,1,3d.csv
353,2,1,1,3e.csv
353,10,8,2,3f.csv
353,1,1,0,3g.csv
354,14,8,6,1a.csv
354,6,6,0,1b.csv
354,4,4,0,1c.csv
354,0,0,0,1e.csv
354,0,0,0,1f.csv
354,2,1,1,1g.csv
354,0,0,0,1h.csv
354,2,0,2,1i.csv
354,1,1,0,1j.csv
354,0,0,0,1k.csv
354,13,10,3,1l.csv
354,5,4,1,1m.csv
354,8,4,4,2a.csv
354,0,0,0,2b.csv
354,7,1,6,2c.csv
354,0,0,0,2d.csv
354,3,3,0,2e.csv
354,0,0,0,2f.csv
354,0,0,0,2g.csv
354,0,0,0,2h.csv
354,3,3,0,2i.csv
354,0,0,0,2j.csv
354,1,1,0,2k.csv
354,5,1,4,2l.csv
354,13,10,3,3a.csv
354,11,10,1,3b.csv
354,11,10,1,3c.csv
354,11,10,1,3d.csv
354,2,1,1,3e.csv
354,7,6,1,3f.csv
354,1,1,0,3g.csv
355,14,8,6,1a.csv
355,5,5,0,1b.csv
355,3,3,0,1c.csv
355,0,0,0,1e.csv
355,0,0,0,1f.csv
355,2,1,1,1g.csv
355,0,0,0,1h.csv
355,2,0,2,1i.csv
355,1,1,0,1j.csv
355,0,0,0,1k.csv
355,14,11,3,1l.csv
355,6,5,1,1m.csv
355,6,2,4,2a.csv
355,0,0,0,2b.csv
355,7,1,6,2c.csv
355,0,0,0,2d.csv
355,3,3,0,2e.csv
355,0,0,0,2f.csv
355,0,0,0,2g.csv
355,0,0,0,2h.csv
355,4,4,0,2i.csv
355,0,0,0,2j.csv
355,1,1,0,2k.csv
355,7,2,5,2l.csv
355,14,11,3,3a.csv
355,13,12,1,3b.csv
355,14,12,2,3c.csv
355,14,12,2,3d.csv
355,2,1,1,3e.csv
355,9,8,1,3f.csv
355,3,1,2,3g.csv
356,16,10,6,1a.csv
356,3,3,0,1b.csv
356,2,2,0,1c.csv
356,0,0,0,1e.csv
356,0,0,0,1f.csv
356,1,0,1,1g.csv
356,0,0,0,1h.csv
356,2,0,2,1i.csv
356,0,0,0,1j.csv
356,0,0,0,1k.csv
356,17,12,5,1l.csv
356,6,5,1,1m.csv
356,4,1,3,2a.csv
356,1,1,0,2b.csv
356,7,1,6,2c.csv
356,0,0,0,2d.csv
356,3,2,1,2e.csv
356,0,0,0,2f.csv
356,0,0,0,2g.csv
356,0,0,0,2h.csv
356,3,3,0,2i.csv
356,0,0,0,2j.csv
356,1,1,0,2k.csv
356,6,2,4,2l.csv
356,12,9,3,3a.csv
356,12,11,1,3b.csv
356,14,12,2,3c.csv
356,14,12,2,3d.csv
356,1,1,0,3e.csv
356,10,9,1,3f.csv
356,3,1,2,3g.csv
357,15,9,6,1a.csv
357,3,3,0,1b.csv
357,1,1,0,1c.csv
357,0,0,0,1e.csv
357,0,0,0,1f.csv
357,1,0,1,1g.csv
357,0,0,0,1h.csv
357,2,0,2,1i.csv
357,0,0,0,1j.csv
357,1,1,0,1k.csv
357,21,16,5,1l.csv
357,6,5,1,1m.csv
357,3,1,2,2a.csv
357,1,1,0,2b.csv
357,8,1,7,2c.csv
357,0,0,0,2d.csv
357,3,2,1,2e.csv
357,0,0,0,2f.csv
357,0,0,0,2g.csv
357,0,0,0,2h.csv
357,3,3,0,2i.csv
357,1,1,0,2j.csv
357,1,1,0,2k.csv
357,5,2,3,2l.csv
357,14,11,3,3a.csv
357,10,10,0,3b.csv
357,14,13,1,3c.csv
357,14,13,1,3d.csv
357,1,1,0,3e.csv
357,8,7,1,3f.csv
357,3,1,2,3g.csv
358,17,11,6,1a.csv
358,2,2,0,1b.csv
358,1,1,0,1c.csv
358,0,0,0,1e.csv
358,0,0,0,1f.csv
358,1,0,1,1g.csv
358,0,0,0,1h.csv
358,2,0,2,1i.csv
358,0,0,0,1j.csv
358,1,1,0,1k.csv
358,26,21,5,1l.csv
358,3,3,0,1m.csv
358,3,1,2,2a.csv
358,1,1,0,2b.csv
358,7,1,6,2c.csv
358,0,0,0,2d.csv
358,3,2,1,2e.csv
358,0,0,0,2f.csv
358,0,0,0,2g.csv
358,0,0,0,2h.csv
358,3,3,0,2i.csv
358,1,1,0,2j.csv
358,1,1,0,2k.csv
358,5,2,3,2l.csv
358,15,13,2,3a.csv
358,10,10,0,3b.csv
358,14,13,1,3c.csv
358,14,13,1,3d.csv
358,1,1,0,3e.csv
358,8,7,1,3f.csv
358,3,1,2,3g.csv
359,14,9,5,1a.csv
359,1,1,0,1b.csv
359,1,1,0,1c.csv
359,0,0,0,1e.csv
359,0,0,0,1f.csv
359,1,0,1,1g.csv
359,0,0,0,1h.csv
359,0,0,0,1i.csv
359,0,0,0,1j.csv
359,1,1,0,1k.csv
359,29,22,7,1l.csv
359,3,3,0,1m.csv
359,2,0,2,2a.csv
359,1,1,0,2b.csv
359,10,2,8,2c.csv
359,0,0,0,2d.csv
359,2,1,1,2e.csv
359,0,0,0,2f.csv
359,0,0,0,2g.csv
359,0,0,0,2h.csv
359,2,2,0,2i.csv
359,1,1,0,2j.csv
359,1,1,0,2k.csv
359,5,2,3,2l.csv
359,16,14,2,3a.csv
359,9,9,0,3b.csv
359,14,13,1,3c.csv
359,14,13,1,3d.csv
359,0,0,0,3e.csv
359,9,8,1,3f.csv
359,3,1,2,3g.csv
360,15,9,6,1a.csv
360,2,2,0,1b.csv
360,1,1,0,1c.csv
360,0,0,0,1e.csv
360,0,0,0,1f.csv
360,0,0,0,1g.csv
360,0,0,0,1h.csv
360,0,0,0,1i.csv
360,0,0,0,1j.csv
360,1,1,0,1k.csv
360,29,22,7,1l.csv
360,4,4,0,1m.csv
360,2,2,0,2a.csv
360,1,1,0,2b.csv
360,10,3,7,2c.csv
360,0,0,0,2d.csv
360,1,0,1,2e.csv
360,0,0,0,2f.csv
360,0,0,0,2g.csv
360,0,0,0,2h.csv
360,2,2,0,2i.csv
360,1,1,0,2j.csv
360,1,1,0,2k.csv
360,4,2,2,2l.csv
360,12,10,2,3a.csv
360,13,13,0,3b.csv
360,14,13,1,3c.csv
360,14,13,1,3d.csv
360,0,0,0,3e.csv
360,10,9,1,3f.csv
360,3,1,2,3g.csv
361,14,10,4,1a.csv
361,3,3,0,1b.csv
361,1,1,0,1c.csv
361,0,0,0,1e.csv
361,0,0,0,1f.csv
361,0,0,0,1g.csv
361,0,0,0,1h.csv
361,1,0,1,1i.csv
361,0,0,0,1j.csv
361,1,1,0,1k.csv
361,29,21,8,1l.csv
361,2,2,0,1m.csv
361,2,2,0,2a.csv
361,1,1,0,2b.csv
361,7,2,5,2c.csv
361,0,0,0,2d.csv
361,1,0,1,2e.csv
361,0,0,0,2f.csv
361,0,0,0,2g.csv
361,0,0,0,2h.csv
361,2,2,0,2i.csv
361,1,1,0,2j.csv
361,1,1,0,2k.csv
361,3,2,1,2l.csv
361,11,10,1,3a.csv
361,16,15,1,3b.csv
361,14,12,2,3c.csv
361,14,12,2,3d.csv
361,0,0,0,3e.csv
361,11,10,1,3f.csv
361,3,1,2,3g.csv
362,15,11,4,1a.csv
362,2,2,0,1b.csv
362,1,1,0,1c.csv
362,0,0,0,1e.csv
362,0,0,0,1f.csv
362,0,0,0,1g.csv
362,1,1,0,1h.csv
362,2,1,1,1i.csv
362,0,0,0,1j.csv
362,1,1,0,1k.csv
362,27,19,8,1l.csv
362,3,3,0,1m.csv
362,2,2,0,2a.csv
362,2,1,1,2b.csv
362,8,2,6,2c.csv
362,0,0,0,2d.csv
362,1,0,1,2e.csv
362,0,0,0,2f.csv
362,0,0,0,2g.csv
362,0,0,0,2h.csv
362,1,1,0,2i.csv
362,1,1,0,2j.csv
362,0,0,0,2k.csv
362,3,2,1,2l.csv
362,10,9,1,3a.csv
362,16,15,1,3b.csv
362,12,10,2,3c.csv
362,12,10,2,3d.csv
362,0,0,0,3e.csv
362,13,12,1,3f.csv
362,3,1,2,3g.csv
363,13,9,4,1a.csv
363,2,2,0,1b.csv
363,1,1,0,1c.csv
363,0,0,0,1e.csv
363,0,0,0,1f.csv
363,0,0,0,1g.csv
363,1,1,0,1h.csv
363,2,1,1,1i.csv
363,0,0,0,1j.csv
363,1,1,0,1k.csv
363,26,19,7,1l.csv
363,2,2,0,1m.csv
363,2,2,0,2a.csv
363,2,1,1,2b.csv
363,10,3,7,2c.csv
363,0,0,0,2d.csv
363,1,0,1,2e.csv
363,0,0,0,2f.csv
363,0,0,0,2g.csv
363,0,0,0,2h.csv
363,1,1,0,2i.csv
363,1,1,0,2j.csv
363,0,0,0,2k.csv
363,1,1,0,2l.csv
363,9,8,1,3a.csv
363,13,12,1,3b.csv
363,10,9,1,3c.csv
363,10,9,1,3d.csv
363,0,0,0,3e.csv
363,11,10,1,3f.csv
363,2,2,0,3g.csv
364,15,11,4,1a.csv
364,2,2,0,1b.csv
364,1,1,0,1c.csv
364,0,0,0,1e.csv
364,0,0,0,1f.csv
364,0,0,0,1g.csv
364,1,1,0,1h.csv
364,3,1,2,1i.csv
364,0,0,0,1j.csv
364,1,1,0,1k.csv
364,24,19,5,1l.csv
364,2,2,0,1m.csv
364,3,3,0,2a.csv
364,2,1,1,2b.csv
364,11,4,7,2c.csv
364,0,0,0,2d.csv
364,0,0,0,2e.csv
364,1,1,0,2f.csv
364,0,0,0,2g.csv
364,0,0,0,2h.csv
364,1,1,0,2i.csv
364,1,1,0,2j.csv
364,0,0,0,2k.csv
364,2,1,1,2l.csv
364,10,8,2,3a.csv
364,13,12,1,3b.csv
364,10,8,2,3c.csv
364,10,8,2,3d.csv
364,0,0,0,3e.csv
364,11,10,1,3f.csv
364,4,4,0,3g.csv
365,15,12,3,1a.csv
365,2,2,0,1b.csv
365,0,0,0,1c.csv
365,0,0,0,1e.csv
365,0,0,0,1f.csv
365,0,0,0,1g.csv
365,1,1,0,1h.csv
365,3,1,2,1i.csv
365,0,0,0,1j.csv
365,0,0,0,1k.csv
365,22,16,6,1l.csv
365,3,3,0,1m.csv
365,5,5,0,2a.csv
365,2,1,1,2b.csv
365,13,6,7,2c.csv
365,0,0,0,2d.csv
365,0,0,0,2e.csv
365,1,1,0,2f.csv
365,0,0,0,2g.csv
365,0,0,0,2h.csv
365,1,1,0,2i.csv
365,0,0,0,2j.csv
365,1,1,0,2k.csv
365,2,1,1,2l.csv
365,9,7,2,3a.csv
365,15,14,1,3b.csv
365,10,8,2,3c.csv
365,10,8,2,3d.csv
365,0,0,0,3e.csv
365,12,11,1,3f.csv
365,5,5,0,3g.csv
366,13,10,3,1a.csv
366,2,2,0,1b.csv
366,0,0,0,1c.csv
366,0,0,0,1e.csv
366,0,0,0,1f.csv
366,0,0,0,1g.csv
366,1,1,0,1h.csv
366,3,1,2,1i.csv
366,0,0,0,1j.csv
366,0,0,0,1k.csv
366,18,11,7,1l.csv
366,3,3,0,1m.csv
366,5,5,0,2a.csv
366,4,3,1,2b.csv
366,15,6,9,2c.csv
366,0,0,0,2d.csv
366,0,0,0,2e.csv
366,1,1,0,2f.csv
366,0,0,0,2g.csv
366,0,0,0,2h.csv
366,1,1,0,2i.csv
366,0,0,0,2j.csv
366,1,1,0,2k.csv
366,2,1,1,2l.csv
366,8,5,3,3a.csv
366,20,18,2,3b.csv
366,9,7,2,3c.csv
366,9,7,2,3d.csv
366,0,0,0,3e.csv
366,12,11,1,3f.csv
366,6,6,0,3g.csv
367,15,12,3,1a.csv
367,2,2,0,1b.csv
367,0,0,0,1c.csv
367,0,0,0,1e.csv
367,0,0,0,1f.csv
367,0,0,0,1g.csv
367,1,1,0,1h.csv
367,3,1,2,1i.csv
367,0,0,0,1j.csv
367,0,0,0,1k.csv
367,13,8,5,1l.csv
367,3,3,0,1m.csv
367,5,5,0,2a.csv
367,4,3,1,2b.csv
367,11,5,6,2c.csv
367,0,0,0,2d.csv
367,0,0,0,2e.csv
367,2,2,0,2f.csv
367,0,0,0,2g.csv
367,0,0,0,2h.csv
367,1,1,0,2i.csv
367,0,0,0,2j.csv
367,1,1,0,2k.csv
367,2,1,1,2l.csv
367,7,5,2,3a.csv
367,23,21,2,3b.csv
367,8,6,2,3c.csv
367,8,6,2,3d.csv
367,0,0,0,3e.csv
367,11,10,1,3f.csv
367,8,8,0,3g.csv
368,13,11,2,1a.csv
368,1,1,0,1b.csv
368,0,0,0,1c.csv
368,0,0,0,1e.csv
368,0,0,0,1f.csv
368,0,0,0,1g.csv
368,1,1,0,1h.csv
368,3,1,2,1i.csv
368,0,0,0,1j.csv
368,0,0,0,1k.csv
368,14,9,5,1l.csv
368,2,2,0,1m.csv
368,3,3,0,2a.csv
368,5,4,1,2b.csv
368,10,4,6,2c.csv
368,0,0,0,2d.csv
368,1,0,1,2e.csv
368,3,3,0,2f.csv
368,0,0,0,2g.csv
368,0,0,0,2h.csv
368,1,1,0,2i.csv
368,0,0,0,2j.csv
368,1,1,0,2k.csv
368,2,1,1,2l.csv
368,7,5,2,3a.csv
368,24,21,3,3b.csv
368,7,5,2,3c.csv
368,7,5,2,3d.csv
368,0,0,0,3e.csv
368,11,10,1,3f.csv
368,8,8,0,3g.csv
369,12,10,2,1a.csv
369,0,0,0,1b.csv
369,0,0,0,1c.csv
369,0,0,0,1e.csv
369,0,0,0,1f.csv
369,0,0,0,1g.csv
369,1,1,0,1h.csv
369,2,1,1,1i.csv
369,0,0,0,1j.csv
369,0,0,0,1k.csv
369,15,12,3,1l.csv
369,2,2,0,1m.csv
369,3,3,0,2a.csv
369,5,4,1,2b.csv
369,11,4,7,2c.csv
369,0,0,0,2d.csv
369,2,1,1,2e.csv
369,3,3,0,2f.csv
369,0,0,0,2g.csv
369,0,0,0,2h.csv
369,1,1,0,2i.csv
369,0,0,0,2j.csv
369,1,1,0,2k.csv
369,2,1,1,2l.csv
369,6,3,3,3a.csv
369,25,22,3,3b.csv
369,7,6,1,3c.csv
369,7,6,1,3d.csv
369,2,2,0,3e.csv
369,9,8,1,3f.csv
369,8,8,0,3g.csv
370,13,9,4,1a.csv
370,0,0,0,1b.csv
370,0,0,0,1c.csv
370,0,0,0,1e.csv
370,0,0,0,1f.csv
370,0,0,0,1g.csv
370,0,0,0,1h.csv
370,1,0,1,1i.csv
370,0,0,0,1j.csv
370,0,0,0,1k.csv
370,14,12,2,1l.csv
370,2,2,0,1m.csv
370,4,4,0,2a.csv
370,5,5,0,2b.csv
370,10,4,6,2c.csv
370,0,0,0,2d.csv
370,2,1,1,2e.csv
370,3,3,0,2f.csv
370,0,0,0,2g.csv
370,0,0,0,2h.csv
370,1,1,0,2i.csv
370,0,0,0,2j.csv
370,1,1,0,2k.csv
370,2,1,1,2l.csv
370,8,3,5,3a.csv
370,28,25,3,3b.csv
370,7,6,1,3c.csv
370,7,6,1,3d.csv
370,2,2,0,3e.csv
370,8,7,1,3f.csv
370,8,8,0,3g.csv
371,16,12,4,1a.csv
371,0,0,0,1b.csv
371,0,0,0,1c.csv
371,0,0,0,1e.csv
371,0,0,0,1f.csv
371,0,0,0,1g.csv
371,0,0,0,1h.csv
371,1,0,1,1i.csv
371,0,0,0,1j.csv
371,0,0,0,1k.csv
371,13,11,2,1l.csv
371,3,3,0,1m.csv
371,5,5,0,2a.csv
371,7,6,1,2b.csv
371,11,6,5,2c.csv
371,1,0,1,2d.csv
371,2,1,1,2e.csv
371,3,3,0,2f.csv
371,0,0,0,2g.csv
371,0,0,0,2h.csv
371,0,0,0,2i.csv
371,0,0,0,2j.csv
371,1,1,0,2k.csv
371,2,1,1,2l.csv
371,11,4,7,3a.csv
371,31,28,3,3b.csv
371,7,5,2,3c.csv
371,7,5,2,3d.csv
371,2,2,0,3e.csv
371,9,8,1,3f.csv
371,10,10,0,3g.csv
372,14,10,4,1a.csv
372,0,0,0,1b.csv
372,0,0,0,1c.csv
372,0,0,0,1e.csv
372,0,0,0,1f.csv
372,0,0,0,1g.csv
372,0,0,0,1h.csv
372,0,0,0,1i.csv
372,0,0,0,1j.csv
372,0,0,0,1k.csv
372,12,10,2,1l.csv
372,3,3,0,1m.csv
372,4,4,0,2a.csv
372,6,5,1,2b.csv
372,10,5,5,2c.csv
372,1,0,1,2d.csv
372,2,1,1,2e.csv
372,2,2,0,2f.csv
372,0,0,0,2g.csv
372,0,0,0,2h.csv
372,0,0,0,2i.csv
372,0,0,0,2j.csv
372,1,1,0,2k.csv
372,1,0,1,2l.csv
372,11,5,6,3a.csv
372,36,32,4,3b.csv
372,8,6,2,3c.csv
372,8,6,2,3d.csv
372,3,3,0,3e.csv
372,7,7,0,3f.csv
372,9,9,0,3g.csv
373,14,9,5,1a.csv
373,0,0,0,1b.csv
373,0,0,0,1c.csv
373,1,0,1,1e.csv
373,0,0,0,1f.csv
373,0,0,0,1g.csv
373,0,0,0,1h.csv
373,0,0,0,1i.csv
373,0,0,0,1j.csv
373,0,0,0,1k.csv
373,10,9,1,1l.csv
373,2,2,0,1m.csv
373,2,2,0,2a.csv
373,8,7,1,2b.csv
373,8,3,5,2c.csv
373,1,0,1,2d.csv
373,3,1,2,2e.csv
373,2,2,0,2f.csv
373,0,0,0,2g.csv
373,0,0,0,2h.csv
373,0,0,0,2i.csv
373,0,0,0,2j.csv
373,0,0,0,2k.csv
373,1,0,1,2l.csv
373,12,5,7,3a.csv
373,39,34,5,3b.csv
373,7,5,2,3c.csv
373,7,5,2,3d.csv
373,3,3,0,3e.csv
373,6,6,0,3f.csv
373,9,9,0,3g.csv
374,13,8,5,1a.csv
374,0,0,0,1b.csv
374,0,0,0,1c.csv
374,1,0,1,1e.csv
374,0,0,0,1f.csv
374,0,0,0,1g.csv
374,0,0,0,1h.csv
374,0,0,0,1i.csv
374,0,0,0,1j.csv
374,0,0,0,1k.csv
374,10,9,1,1l.csv
374,4,4,0,1m.csv
374,2,2,0,2a.csv
374,7,6,1,2b.csv
374,6,3,3,2c.csv
374,1,0,1,2d.csv
374,4,2,2,2e.csv
374,2,2,0,2f.csv
374,0,0,0,2g.csv
374,0,0,0,2h.csv
374,0,0,0,2i.csv
374,0,0,0,2j.csv
374,0,0,0,2k.csv
374,1,0,1,2l.csv
374,12,6,6,3a.csv
374,44,40,4,3b.csv
374,8,5,3,3c.csv
374,8,5,3,3d.csv
374,3,3,0,3e.csv
374,5,5,0,3f.csv
374,10,9,1,3g.csv
375,11,6,5,1a.csv
375,0,0,0,1b.csv
375,0,0,0,1c.csv
375,1,0,1,1e.csv
375,0,0,0,1f.csv
375,0,0,0,1g.csv
375,0,0,0,1h.csv
375,0,0,0,1i.csv
375,0,0,0,1j.csv
375,0,0,0,1k.csv
375,12,10,2,1l.csv
375,4,4,0,1m.csv
375,2,2,0,2a.csv
375,8,7,1,2b.csv
375,6,3,3,2c.csv
375,1,0,1,2d.csv
375,4,2,2,2e.csv
375,2,2,0,2f.csv
375,0,0,0,2g.csv
375,0,0,0,2h.csv
375,0,0,0,2i.csv
375,0,0,0,2j.csv
375,0,0,0,2k.csv
375,1,0,1,2l.csv
375,12,6,6,3a.csv
375,45,40,5,3b.csv
375,7,4,3,3c.csv
375,7,4,3,3d.csv
375,4,4,0,3e.csv
375,4,4,0,3f.csv
375,9,7,2,3g.csv
376,10,5,5,1a.csv
376,0,0,0,1b.csv
376,0,0,0,1c.csv
376,1,0,1,1e.csv
376,0,0,0,1f.csv
376,0,0,0,1g.csv
376,0,0,0,1h.csv
376,0,0,0,1i.csv
376,0,0,0,1j.csv
376,0,0,0,1k.csv
376,12,10,2,1l.csv
376,4,4,0,1m.csv
376,2,2,0,2a.csv
376,9,8,1,2b.csv
376,7,4,3,2c.csv
376,1,0,1,2d.csv
376,4,3,1,2e.csv
376,1,1,0,2f.csv
376,0,0,0,2g.csv
376,0,0,0,2h.csv
376,0,0,0,2i.csv
376,0,0,0,2j.csv
376,0,0,0,2k.csv
376,1,0,1,2l.csv
376,13,7,6,3a.csv
376,47,43,4,3b.csv
376,6,3,3,3c.csv
376,6,3,3,3d.csv
376,6,5,1,3e.csv
376,4,4,0,3f.csv
376,8,6,2,3g.csv
377,9,5,4,1a.csv
377,0,0,0,1b.csv
377,1,1,0,1c.csv
377,1,0,1,1e.csv
377,0,0,0,1f.csv
377,0,0,0,1g.csv
377,0,0,0,1h.csv
377,0,0,0,1i.csv
377,0,0,0,1j.csv
377,0,0,0,1k.csv
377,8,6,2,1l.csv
377,4,4,0,1m.csv
377,2,2,0,2a.csv
377,10,9,1,2b.csv
377,7,5,2,2c.csv
377,1,0,1,2d.csv
377,3,2,1,2e.csv
377,1,1,0,2f.csv
377,0,0,0,2g.csv
377,0,0,0,2h.csv
377,0,0,0,2i.csv
377,0,0,0,2j.csv
377,0,0,0,2k.csv
377,2,1,1,2l.csv
377,13,8,5,3a.csv
377,46,43,3,3b.csv
377,6,2,4,3c.csv
377,6,2,4,3d.csv
377,4,3,1,3e.csv
377,5,5,0,3f.csv
377,8,6,2,3g.csv
378,7,6,1,1a.csv
378,0,0,0,1b.csv
378,1,1,0,1c.csv
378,1,0,1,1e.csv
378,0,0,0,1f.csv
378,0,0,0,1g.csv
378,0,0,0,1h.csv
378,0,0,0,1i.csv
378,0,0,0,1j.csv
378,0,0,0,1k.csv
378,8,6,2,1l.csv
378,3,3,0,1m.csv
378,1,1,0,2a.csv
378,10,9,1,2b.csv
378,6,5,1,2c.csv
378,1,0,1,2d.csv
378,3,2,1,2e.csv
378,1,1,0,2f.csv
378,0,0,0,2g.csv
378,0,0,0,2h.csv
378,0,0,0,2i.csv
378,0,0,0,2j.csv
378,0,0,0,2k.csv
378,2,1,1,2l.csv
378,12,9,3,3a.csv
378,44,41,3,3b.csv
378,7,2,5,3c.csv
378,7,2,5,3d.csv
378,4,3,1,3e.csv
378,4,4,0,3f.csv
378,9,7,2,3g.csv
379,6,5,1,1a.csv
379,1,1,0,1b.csv
379,1,1,0,1c.csv
379,1,0,1,1e.csv
379,0,0,0,1f.csv
379,0,0,0,1g.csv
379,0,0,0,1h.csv
379,0,0,0,1i.csv
379,0,0,0,1j.csv
379,0,0,0,1k.csv
379,8,6,2,1l.csv
379,2,2,0,1m.csv
379,0,0,0,2a.csv
379,8,8,0,2b.csv
379,3,2,1,2c.csv
379,0,0,0,2d.csv
379,3,2,1,2e.csv
379,1,1,0,2f.csv
379,0,0,0,2g.csv
379,0,0,0,2h.csv
379,0,0,0,2i.csv
379,0,0,0,2j.csv
379,0,0,0,2k.csv
379,2,1,1,2l.csv
379,9,8,1,3a.csv
379,42,39,3,3b.csv
379,7,2,5,3c.csv
379,7,2,5,3d.csv
379,4,3,1,3e.csv
379,5,5,0,3f.csv
379,7,4,3,3g.csv
380,5,4,1,1a.csv
380,1,1,0,1b.csv
380,1,1,0,1c.csv
380,1,0,1,1e.csv
380,0,0,0,1f.csv
380,0,0,0,1g.csv
380,0,0,0,1h.csv
380,0,0,0,1i.csv
380,0,0,0,1j.csv
380,0,0,0,1k.csv
380,6,4,2,1l.csv
380,2,2,0,1m.csv
380,0,0,0,2a.csv
380,8,8,0,2b.csv
380,3,2,1,2c.csv
380,0,0,0,2d.csv
380,3,2,1,2e.csv
380,2,2,0,2f.csv
380,0,0,0,2g.csv
380,0,0,0,2h.csv
380,0,0,0,2i.csv
380,0,0,0,2j.csv
380,0,0,0,2k.csv
380,1,1,0,2l.csv
380,7,6,1,3a.csv
380,43,41,2,3b.csv
380,7,3,4,3c.csv
380,7,3,4,3d.csv
380,6,4,2,3e.csv
380,5,5,0,3f.csv
380,6,3,3,3g.csv
381,5,5,0,1a.csv
381,1,1,0,1b.csv
381,2,2,0,1c.csv
381,0,0,0,1e.csv
381,0,0,0,1f.csv
381,0,0,0,1g.csv
381,0,0,0,1h.csv
381,0,0,0,1i.csv
381,0,0,0,1j.csv
381,0,0,0,1k.csv
381,6,4,2,1l.csv
381,2,2,0,1m.csv
381,0,0,0,2a.csv
381,6,6,0,2b.csv
381,2,2,0,2c.csv
381,0,0,0,2d.csv
381,2,2,0,2e.csv
381,3,3,0,2f.csv
381,0,0,0,2g.csv
381,0,0,0,2h.csv
381,1,1,0,2i.csv
381,0,0,0,2j.csv
381,0,0,0,2k.csv
381,2,1,1,2l.csv
381,5,5,0,3a.csv
381,44,42,2,3b.csv
381,7,3,4,3c.csv
381,7,3,4,3d.csv
381,7,5,2,3e.csv
381,5,5,0,3f.csv
381,5,2,3,3g.csv
382,5,5,0,1a.csv
382,1,1,0,1b.csv
382,2,2,0,1c.csv
382,1,0,1,1e.csv
382,0,0,0,1f.csv
382,0,0,0,1g.csv
382,0,0,0,1h.csv
382,0,0,0,1i.csv
382,0,0,0,1j.csv
382,0,0,0,1k.csv
382,6,5,1,1l.csv
382,0,0,0,1m.csv
382,0,0,0,2a.csv
382,6,6,0,2b.csv
382,3,3,0,2c.csv
382,0,0,0,2d.csv
382,1,1,0,2e.csv
382,3,3,0,2f.csv
382,0,0,0,2g.csv
382,0,0,0,2h.csv
382,1,1,0,2i.csv
382,0,0,0,2j.csv
382,0,0,0,2k.csv
382,2,1,1,2l.csv
382,5,5,0,3a.csv
382,41,39,2,3b.csv
382,6,3,3,3c.csv
382,6,3,3,3d.csv
382,8,6,2,3e.csv
382,5,5,0,3f.csv
382,3,1,2,3g.csv
383,6,6,0,1a.csv
383,1,1,0,1b.csv
383,2,2,0,1c.csv
383,1,0,1,1e.csv
383,0,0,0,1f.csv
383,0,0,0,1g.csv
383,0,0,0,1h.csv
383,0,0,0,1i.csv
383,0,0,0,1j.csv
383,0,0,0,1k.csv
383,4,4,0,1l.csv
383,0,0,0,1m.csv
383,0,0,0,2a.csv
383,7,7,0,2b.csv
383,4,3,1,2c.csv
383,0,0,0,2d.csv
383,1,1,0,2e.csv
383,3,3,0,2f.csv
383,0,0,0,2g.csv
383,0,0,0,2h.csv
383,1,1,0,2i.csv
383,0,0,0,2j.csv
383,0,0,0,2k.csv
383,2,1,1,2l.csv
383,6,6,0,3a.csv
383,45,42,3,3b.csv
383,7,4,3,3c.csv
383,7,4,3,3d.csv
383,7,5,2,3e.csv
383,5,5,0,3f.csv
383,2,1,1,3g.csv
384,7,7,0,1a.csv
384,1,1,0,1b.csv
384,2,2,0,1c.csv
384,1,0,1,1e.csv
384,0,0,0,1f.csv
384,0,0,0,1g.csv
384,0,0,0,1h.csv
384,0,0,0,1i.csv
384,0,0,0,1j.csv
384,0,0,0,1k.csv
384,3,3,0,1l.csv
384,0,0,0,1m.csv
384,0,0,0,2a.csv
384,5,5,0,2b.csv
384,3,2,1,2c.csv
384,0,0,0,2d.csv
384,0,0,0,2e.csv
384,5,5,0,2f.csv
384,0,0,0,2g.csv
384,0,0,0,2h.csv
384,1,1,0,2i.csv
384,0,0,0,2j.csv
384,0,0,0,2k.csv
384,2,1,1,2l.csv
384,9,9,0,3a.csv
384,48,45,3,3b.csv
384,8,4,4,3c.csv
384,8,4,4,3d.csv
384,5,4,1,3e.csv
384,6,6,0,3f.csv
384,6,5,1,3g.csv
385,9,9,0,1a.csv
385,1,1,0,1b.csv
385,1,1,0,1c.csv
385,2,1,1,1e.csv
385,0,0,0,1f.csv
385,0,0,0,1g.csv
385,0,0,0,1h.csv
385,0,0,0,1i.csv
385,0,0,0,1j.csv
385,1,0,1,1k.csv
385,3,3,0,1l.csv
385,1,1,0,1m.csv
385,1,1,0,2a.csv
385,7,7,0,2b.csv
385,2,1,1,2c.csv
385,0,0,0,2d.csv
385,0,0,0,2e.csv
385,7,6,1,2f.csv
385,0,0,0,2g.csv
385,0,0,0,2h.csv
385,1,1,0,2i.csv
385,0,0,0,2j.csv
385,0,0,0,2k.csv
385,1,0,1,2l.csv
385,10,9,1,3a.csv
385,53,47,6,3b.csv
385,8,4,4,3c.csv
385,8,4,4,3d.csv
385,5,4,1,3e.csv
385,5,5,0,3f.csv
385,6,5,1,3g.csv
386,9,9,0,1a.csv
386,1,1,0,1b.csv
386,1,1,0,1c.csv
386,2,1,1,1e.csv
386,0,0,0,1f.csv
386,0,0,0,1g.csv
386,0,0,0,1h.csv
386,0,0,0,1i.csv
386,0,0,0,1j.csv
386,1,0,1,1k.csv
386,3,3,0,1l.csv
386,1,1,0,1m.csv
386,1,1,0,2a.csv
386,6,6,0,2b.csv
386,2,1,1,2c.csv
386,0,0,0,2d.csv
386,0,0,0,2e.csv
386,7,6,1,2f.csv
386,0,0,0,2g.csv
386,0,0,0,2h.csv
386,1,1,0,2i.csv
386,0,0,0,2j.csv
386,0,0,0,2k.csv
386,3,2,1,2l.csv
386,12,11,1,3a.csv
386,57,51,6,3b.csv
386,6,3,3,3c.csv
386,6,3,3,3d.csv
386,5,4,1,3e.csv
386,6,6,0,3f.csv
386,6,5,1,3g.csv
387,8,8,0,1a.csv
387,0,0,0,1b.csv
387,1,1,0,1c.csv
387,2,1,1,1e.csv
387,0,0,0,1f.csv
387,0,0,0,1g.csv
387,0,0,0,1h.csv
387,0,0,0,1i.csv
387,0,0,0,1j.csv
387,1,0,1,1k.csv
387,2,2,0,1l.csv
387,1,1,0,1m.csv
387,2,2,0,2a.csv
387,6,6,0,2b.csv
387,2,1,1,2c.csv
387,0,0,0,2d.csv
387,1,1,0,2e.csv
387,9,8,1,2f.csv
387,0,0,0,2g.csv
387,0,0,0,2h.csv
387,1,1,0,2i.csv
387,0,0,0,2j.csv
387,0,0,0,2k.csv
387,4,3,1,2l.csv
387,13,12,1,3a.csv
387,59,52,7,3b.csv
387,6,4,2,3c.csv
387,6,4,2,3d.csv
387,8,6,2,3e.csv
387,7,7,0,3f.csv
387,6,6,0,3g.csv
388,10,10,0,1a.csv
388,0,0,0,1b.csv
388,1,1,0,1c.csv
388,2,1,1,1e.csv
388,0,0,0,1f.csv
388,0,0,0,1g.csv
388,0,0,0,1h.csv
388,0,0,0,1i.csv
388,0,0,0,1j.csv
388,1,0,1,1k.csv
388,3,3,0,1l.csv
388,1,1,0,1m.csv
388,2,2,0,2a.csv
388,6,6,0,2b.csv
388,2,1,1,2c.csv
388,0,0,0,2d.csv
388,1,1,0,2e.csv
388,8,7,1,2f.csv
388,0,0,0,2g.csv
388,0,0,0,2h.csv
388,1,1,0,2i.csv
388,0,0,0,2j.csv
388,0,0,0,2k.csv
388,4,3,1,2l.csv
388,16,14,2,3a.csv
388,59,51,8,3b.csv
388,4,2,2,3c.csv
388,4,2,2,3d.csv
388,7,6,1,3e.csv
388,7,7,0,3f.csv
388,7,6,1,3g.csv
389,9,9,0,1a.csv
389,0,0,0,1b.csv
389,0,0,0,1c.csv
389,2,1,1,1e.csv
389,0,0,0,1f.csv
389,0,0,0,1g.csv
389,0,0,0,1h.csv
389,0,0,0,1i.csv
389,0,0,0,1j.csv
389,1,0,1,1k.csv
389,4,4,0,1l.csv
389,2,2,0,1m.csv
389,3,3,0,2a.csv
389,6,6,0,2b.csv
389,2,1,1,2c.csv
389,0,0,0,2d.csv
389,1,1,0,2e.csv
389,7,6,1,2f.csv
389,0,0,0,2g.csv
389,0,0,0,2h.csv
389,0,0,0,2i.csv
389,0,0,0,2j.csv
389,0,0,0,2k.csv
389,3,3,0,2l.csv
389,17,14,3,3a.csv
389,56,49,7,3b.csv
389,4,2,2,3c.csv
389,4,2,2,3d.csv
389,6,5,1,3e.csv
389,8,8,0,3f.csv
389,7,6,1,3g.csv
390,10,10,0,1a.csv
390,0,0,0,1b.csv
390,0,0,0,1c.csv
390,1,1,0,1e.csv
390,0,0,0,1f.csv
390,0,0,0,1g.csv
390,0,0,0,1h.csv
390,0,0,0,1i.csv
390,0,0,0,1j.csv
390,1,0,1,1k.csv
390,3,3,0,1l.csv
390,2,2,0,1m.csv
390,4,4,0,2a.csv
390,7,7,0,2b.csv
390,1,0,1,2c.csv
390,0,0,0,2d.csv
390,1,1,0,2e.csv
390,7,6,1,2f.csv
390,0,0,0,2g.csv
390,0,0,0,2h.csv
390,0,0,0,2i.csv
390,0,0,0,2j.csv
390,0,0,0,2k.csv
390,3,3,0,2l.csv
390,19,16,3,3a.csv
390,54,46,8,3b.csv
390,4,2,2,3c.csv
390,4,2,2,3d.csv
390,5,4,1,3e.csv
390,8,8,0,3f.csv
390,7,6,1,3g.csv
391,9,9,0,1a.csv
391,0,0,0,1b.csv
391,0,0,0,1c.csv
391,1,1,0,1e.csv
391,0,0,0,1f.csv
391,0,0,0,1g.csv
391,0,0,0,1h.csv
391,1,0,1,1i.csv
391,0,0,0,1j.csv
391,1,0,1,1k.csv
391,3,3,0,1l.csv
391,2,2,0,1m.csv
391,4,4,0,2a.csv
391,5,5,0,2b.csv
391,0,0,0,2c.csv
391,0,0,0,2d.csv
391,2,2,0,2e.csv
391,6,5,1,2f.csv
391,0,0,0,2g.csv
391,0,0,0,2h.csv
391,0,0,0,2i.csv
391,0,0,0,2j.csv
391,0,0,0,2k.csv
391,3,3,0,2l.csv
391,18,15,3,3a.csv
391,47,41,6,3b.csv
391,3,1,2,3c.csv
391,3,1,2,3d.csv
391,5,4,1,3e.csv
391,8,8,0,3f.csv
391,7,6,1,3g.csv
392,9,9,0,1a.csv
392,0,0,0,1b.csv
392,1,0,1,1c.csv
392,1,1,0,1e.csv
392,0,0,0,1f.csv
392,0,0,0,1g.csv
392,0,0,0,1h.csv
392,1,0,1,1i.csv
392,0,0,0,1j.csv
392,1,0,1,1k.csv
392,3,3,0,1l.csv
392,2,2,0,1m.csv
392,5,5,0,2a.csv
392,6,6,0,2b.csv
392,0,0,0,2c.csv
392,0,0,0,2d.csv
392,3,3,0,2e.csv
392,6,3,3,2f.csv
392,0,0,0,2g.csv
392,0,0,0,2h.csv
392,1,1,0,2i.csv
392,0,0,0,2j.csv
392,1,1,0,2k.csv
392,4,4,0,2l.csv
392,16,12,4,3a.csv
392,40,33,7,3b.csv
392,2,1,1,3c.csv
392,2,1,1,3d.csv
392,5,4,1,3e.csv
392,7,7,0,3f.csv
392,3,2,1,3g.csv
393,8,7,1,1a.csv
393,0,0,0,1b.csv
393,2,0,2,1c.csv
393,0,0,0,1e.csv
393,0,0,0,1f.csv
393,0,0,0,1g.csv
393,0,0,0,1h.csv
393,1,0,1,1i.csv
393,0,0,0,1j.csv
393,0,0,0,1k.csv
393,3,3,0,1l.csv
393,1,1,0,1m.csv
393,4,4,0,2a.csv
393,4,4,0,2b.csv
393,0,0,0,2c.csv
393,0,0,0,2d.csv
393,3,3,0,2e.csv
393,4,2,2,2f.csv
393,0,0,0,2g.csv
393,0,0,0,2h.csv
393,1,1,0,2i.csv
393,0,0,0,2j.csv
393,1,1,0,2k.csv
393,5,5,0,2l.csv
393,14,11,3,3a.csv
393,36,32,4,3b.csv
393,2,2,0,3c.csv
393,2,2,0,3d.csv
393,7,6,1,3e.csv
393,6,6,0,3f.csv
393,4,3,1,3g.csv
394,9,8,1,1a.csv
394,0,0,0,1b.csv
394,2,0,2,1c.csv
394,0,0,0,1e.csv
394,0,0,0,1f.csv
394,1,1,0,1g.csv
394,0,0,0,1h.csv
394,1,0,1,1i.csv
394,0,0,0,1j.csv
394,0,0,0,1k.csv
394,3,3,0,1l.csv
394,1,1,0,1m.csv
394,4,4,0,2a.csv
394,6,6,0,2b.csv
394,1,1,0,2c.csv
394,0,0,0,2d.csv
394,3,3,0,2e.csv
394,4,2,2,2f.csv
394,0,0,0,2g.csv
394,0,0,0,2h.csv
394,1,1,0,2i.csv
394,0,0,0,2j.csv
394,1,1,0,2k.csv
394,3,3,0,2l.csv
394,15,11,4,3a.csv
394,30,26,4,3b.csv
394,2,2,0,3c.csv
394,2,2,0,3d.csv
394,7,6,1,3e.csv
394,6,6,0,3f.csv
394,5,3,2,3g.csv
395,8,7,1,1a.csv
395,0,0,0,1b.csv
395,2,0,2,1c.csv
395,0,0,0,1e.csv
395,0,0,0,1f.csv
395,1,1,0,1g.csv
395,0,0,0,1h.csv
395,1,0,1,1i.csv
395,0,0,0,1j.csv
395,0,0,0,1k.csv
395,3,3,0,1l.csv
395,1,1,0,1m.csv
395,4,4,0,2a.csv
395,8,8,0,2b.csv
395,1,1,0,2c.csv
395,0,0,0,2d.csv
395,2,2,0,2e.csv
395,2,0,2,2f.csv
395,0,0,0,2g.csv
395,0,0,0,2h.csv
395,1,1,0,2i.csv
395,0,0,0,2j.csv
395,1,1,0,2k.csv
395,2,2,0,2l.csv
395,15,11,4,3a.csv
395,29,26,3,3b.csv
395,1,1,0,3c.csv
395,1,1,0,3d.csv
395,4,4,0,3e.csv
395,3,3,0,3f.csv
395,6,3,3,3g.csv
396,5,4,1,1a.csv
396,0,0,0,1b.csv
396,2,0,2,1c.csv
396,0,0,0,1e.csv
396,0,0,0,1f.csv
396,1,1,0,1g.csv
396,0,0,0,1h.csv
396,1,0,1,1i.csv
396,0,0,0,1j.csv
396,0,0,0,1k.csv
396,2,2,0,1l.csv
396,1,1,0,1m.csv
396,4,4,0,2a.csv
396,8,8,0,2b.csv
396,1,1,0,2c.csv
396,0,0,0,2d.csv
396,2,2,0,2e.csv
396,2,0,2,2f.csv
396,0,0,0,2g.csv
396,0,0,0,2h.csv
396,1,1,0,2i.csv
396,0,0,0,2j.csv
396,1,1,0,2k.csv
396,2,2,0,2l.csv
396,15,10,5,3a.csv
396,26,24,2,3b.csv
396,1,1,0,3c.csv
396,1,1,0,3d.csv
396,3,3,0,3e.csv
396,3,3,0,3f.csv
396,7,5,2,3g.csv
397,6,5,1,1a.csv
397,0,0,0,1b.csv
397,2,0,2,1c.csv
397,0,0,0,1e.csv
397,0,0,0,1f.csv
397,1,1,0,1g.csv
397,0,0,0,1h.csv
397,1,0,1,1i.csv
397,0,0,0,1j.csv
397,0,0,0,1k.csv
397,1,1,0,1l.csv
397,1,1,0,1m.csv
397,5,3,2,2a.csv
397,8,8,0,2b.csv
397,2,2,0,2c.csv
397,0,0,0,2d.csv
397,2,2,0,2e.csv
397,2,0,2,2f.csv
397,1,0,1,2g.csv
397,0,0,0,2h.csv
397,1,1,0,2i.csv
397,0,0,0,2j.csv
397,1,1,0,2k.csv
397,2,2,0,2l.csv
397,17,12,5,3a.csv
397,26,23,3,3b.csv
397,1,1,0,3c.csv
397,1,1,0,3d.csv
397,3,3,0,3e.csv
397,2,2,0,3f.csv
397,7,5,2,3g.csv
398,5,4,1,1a.csv
398,0,0,0,1b.csv
398,2,0,2,1c.csv
398,0,0,0,1e.csv
398,0,0,0,1f.csv
398,1,1,0,1g.csv
398,0,0,0,1h.csv
398,1,0,1,1i.csv
398,0,0,0,1j.csv
398,0,0,0,1k.csv
398,0,0,0,1l.csv
398,1,1,0,1m.csv
398,4,2,2,2a.csv
398,7,7,0,2b.csv
398,2,2,0,2c.csv
398,0,0,0,2d.csv
398,3,3,0,2e.csv
398,2,0,2,2f.csv
398,1,0,1,2g.csv
398,0,0,0,2h.csv
398,1,1,0,2i.csv
398,0,0,0,2j.csv
398,1,1,0,2k.csv
398,4,4,0,2l.csv
398,17,11,6,3a.csv
398,22,20,2,3b.csv
398,1,1,0,3c.csv
398,1,1,0,3d.csv
398,7,7,0,3e.csv
398,2,2,0,3f.csv
398,7,5,2,3g.csv
399,9,7,2,1a.csv
399,0,0,0,1b.csv
399,2,0,2,1c.csv
399,0,0,0,1e.csv
399,0,0,0,1f.csv
399,1,1,0,1g.csv
399,0,0,0,1h.csv
399,0,0,0,1i.csv
399,0,0,0,1j.csv
399,0,0,0,1k.csv
399,0,0,0,1l.csv
399,1,1,0,1m.csv
399,5,3,2,2a.csv
399,7,7,0,2b.csv
399,2,2,0,2c.csv
399,0,0,0,2d.csv
399,2,2,0,2e.csv
399,2,0,2,2f.csv
399,1,0,1,2g.csv
399,0,0,0,2h.csv
399,1,1,0,2i.csv
399,0,0,0,2j.csv
399,1,1,0,2k.csv
399,4,4,0,2l.csv
399,17,11,6,3a.csv
399,25,23,2,3b.csv
399,1,1,0,3c.csv
399,1,1,0,3d.csv
399,7,7,0,3e.csv
399,3,3,0,3f.csv
399,8,6,2,3g.csv
400,11,8,3,1a.csv
400,1,1,0,1b.csv
400,1,0,1,1c.csv
400,0,0,0,1e.csv
400,0,0,0,1f.csv
400,1,1,0,1g.csv
400,0,0,0,1h.csv
400,0,0,0,1i.csv
400,0,0,0,1j.csv
400,0,0,0,1k.csv
400,0,0,0,1l.csv
400,1,1,0,1m.csv
400,5,2,3,2a.csv
400,6,6,0,2b.csv
400,2,2,0,2c.csv
400,0,0,0,2d.csv
400,1,1,0,2e.csv
400,0,0,0,2f.csv
400,3,2,1,2g.csv
400,0,0,0,2h.csv
400,0,0,0,2i.csv
400,0,0,0,2j.csv
400,1,1,0,2k.csv
400,3,3,0,2l.csv
400,20,14,6,3a.csv
400,22,21,1,3b.csv
400,2,2,0,3c.csv
400,2,2,0,3d.csv
400,8,8,0,3e.csv
400,3,3,0,3f.csv
400,8,6,2,3g.csv
401,10,8,2,1a.csv
401,1,1,0,1b.csv
401,0,0,0,1c.csv
401,0,0,0,1e.csv
401,0,0,0,1f.csv
401,1,1,0,1g.csv
401,0,0,0,1h.csv
401,0,0,0,1i.csv
401,0,0,0,1j.csv
401,0,0,0,1k.csv
401,0,0,0,1l.csv
401,1,1,0,1m.csv
401,5,2,3,2a.csv
401,6,6,0,2b.csv
401,2,2,0,2c.csv
401,0,0,0,2d.csv
401,2,2,0,2e.csv
401,0,0,0,2f.csv
401,3,2,1,2g.csv
401,0,0,0,2h.csv
401,0,0,0,2i.csv
401,0,0,0,2j.csv
401,1,1,0,2k.csv
401,3,3,0,2l.csv
401,20,14,6,3a.csv
401,20,19,1,3b.csv
401,1,1,0,3c.csv
401,1,1,0,3d.csv
401,8,8,0,3e.csv
401,4,4,0,3f.csv
401,7,5,2,3g.csv
402,10,8,2,1a.csv
402,1,1,0,1b.csv
402,0,0,0,1c.csv
402,1,1,0,1e.csv
402,0,0,0,1f.csv
402,0,0,0,1g.csv
402,0,0,0,1h.csv
402,0,0,0,1i.csv
402,0,0,0,1j.csv
402,0,0,0,1k.csv
402,1,1,0,1l.csv
402,2,1,1,1m.csv
402,6,2,4,2a.csv
402,4,4,0,2b.csv
402,1,1,0,2c.csv
402,0,0,0,2d.csv
402,2,2,0,2e.csv
402,0,0,0,2f.csv
402,3,2,1,2g.csv
402,0,0,0,2h.csv
402,0,0,0,2i.csv
402,0,0,0,2j.csv
402,1,1,0,2k.csv
402,3,3,0,2l.csv
402,18,12,6,3a.csv
402,22,20,2,3b.csv
402,2,2,0,3c.csv
402,2,2,0,3d.csv
402,11,9,2,3e.csv
402,3,3,0,3f.csv
402,5,4,1,3g.csv
403,10,8,2,1a.csv
403,1,1,0,1b.csv
403,1,0,1,1c.csv
403,1,1,0,1e.csv
403,0,0,0,1f.csv
403,0,0,0,1g.csv
403,0,0,0,1h.csv
403,0,0,0,1i.csv
403,0,0,0,1j.csv
403,0,0,0,1k.csv
403,1,1,0,1l.csv
403,2,1,1,1m.csv
403,7,2,5,2a.csv
403,4,4,0,2b.csv
403,4,1,3,2c.csv
403,0,0,0,2d.csv
403,2,2,0,2e.csv
403,0,0,0,2f.csv
403,4,2,2,2g.csv
403,0,0,0,2h.csv
403,0,0,0,2i.csv
403,0,0,0,2j.csv
403,1,1,0,2k.csv
403,3,3,0,2l.csv
403,19,11,8,3a.csv
403,20,18,2,3b.csv
403,2,2,0,3c.csv
403,2,2,0,3d.csv
403,11,9,2,3e.csv
403,4,3,1,3f.csv
403,3,3,0,3g.csv
404,10,8,2,1a.csv
404,1,1,0,1b.csv
404,2,1,1,1c.csv
404,1,1,0,1e.csv
404,0,0,0,1f.csv
404,0,0,0,1g.csv
404,0,0,0,1h.csv
404,0,0,0,1i.csv
404,0,0,0,1j.csv
404,0,0,0,1k.csv
404,1,1,0,1l.csv
404,2,1,1,1m.csv
404,7,2,5,2a.csv
404,5,5,0,2b.csv
404,5,2,3,2c.csv
404,0,0,0,2d.csv
404,2,2,0,2e.csv
404,0,0,0,2f.csv
404,5,3,2,2g.csv
404,0,0,0,2h.csv
404,0,0,0,2i.csv
404,0,0,0,2j.csv
404,1,1,0,2k.csv
404,3,3,0,2l.csv
404,17,10,7,3a.csv
404,17,15,2,3b.csv
404,3,3,0,3c.csv
404,3,3,0,3d.csv
404,12,10,2,3e.csv
404,4,3,1,3f.csv
404,3,3,0,3g.csv
405,9,7,2,1a.csv
405,1,1,0,1b.csv
405,2,1,1,1c.csv
405,1,1,0,1e.csv
405,0,0,0,1f.csv
405,0,0,0,1g.csv
405,0,0,0,1h.csv
405,0,0,0,1i.csv
405,0,0,0,1j.csv
405,0,0,0,1k.csv
405,1,1,0,1l.csv
405,1,0,1,1m.csv
405,5,2,3,2a.csv
405,5,5,0,2b.csv
405,4,1,3,2c.csv
405,0,0,0,2d.csv
405,2,2,0,2e.csv
405,0,0,0,2f.csv
405,4,3,1,2g.csv
405,0,0,0,2h.csv
405,0,0,0,2i.csv
405,0,0,0,2j.csv
405,1,1,0,2k.csv
405,3,3,0,2l.csv
405,14,8,6,3a.csv
405,15,12,3,3b.csv
405,3,3,0,3c.csv
405,3,3,0,3d.csv
405,12,10,2,3e.csv
405,4,3,1,3f.csv
405,4,4,0,3g.csv
406,9,7,2,1a.csv
406,1,1,0,1b.csv
406,2,1,1,1c.csv
406,1,1,0,1e.csv
406,0,0,0,1f.csv
406,0,0,0,1g.csv
406,0,0,0,1h.csv
406,0,0,0,1i.csv
406,0,0,0,1j.csv
406,0,0,0,1k.csv
406,1,1,0,1l.csv
406,1,0,1,1m.csv
406,5,2,3,2a.csv
406,5,4,1,2b.csv
406,4,1,3,2c.csv
406,0,0,0,2d.csv
406,1,1,0,2e.csv
406,0,0,0,2f.csv
406,4,3,1,2g.csv
406,0,0,0,2h.csv
406,0,0,0,2i.csv
406,0,0,0,2j.csv
406,1,1,0,2k.csv
406,1,1,0,2l.csv
406,11,6,5,3a.csv
406,14,11,3,3b.csv
406,3,3,0,3c.csv
406,3,3,0,3d.csv
406,10,8,2,3e.csv
406,4,3,1,3f.csv
406,4,4,0,3g.csv
407,5,4,1,1a.csv
407,1,1,0,1b.csv
407,2,1,1,1c.csv
407,1,1,0,1e.csv
407,0,0,0,1f.csv
407,0,0,0,1g.csv
407,0,0,0,1h.csv
407,0,0,0,1i.csv
407,0,0,0,1j.csv
407,0,0,0,1k.csv
407,2,2,0,1l.csv
407,1,0,1,1m.csv
407,5,1,4,2a.csv
407,6,5,1,2b.csv
407,5,2,3,2c.csv
407,0,0,0,2d.csv
407,1,1,0,2e.csv
407,0,0,0,2f.csv
407,4,3,1,2g.csv
407,0,0,0,2h.csv
407,0,0,0,2i.csv
407,0,0,0,2j.csv
407,1,1,0,2k.csv
407,2,2,0,2l.csv
407,12,6,6,3a.csv
407,13,9,4,3b.csv
407,3,3,0,3c.csv
407,3,3,0,3d.csv
407,11,9,2,3e.csv
407,3,2,1,3f.csv
407,4,3,1,3g.csv
408,2,2,0,1a.csv
408,0,0,0,1b.csv
408,3,1,2,1c.csv
408,2,2,0,1e.csv
408,0,0,0,1f.csv
408,0,0,0,1g.csv
408,0,0,0,1h.csv
408,0,0,0,1i.csv
408,0,0,0,1j.csv
408,0,0,0,1k.csv
408,2,2,0,1l.csv
408,1,0,1,1m.csv
408,6,2,4,2a.csv
408,6,5,1,2b.csv
408,7,4,3,2c.csv
408,0,0,0,2d.csv
408,2,2,0,2e.csv
408,0,0,0,2f.csv
408,3,2,1,2g.csv
408,0,0,0,2h.csv
408,0,0,0,2i.csv
408,0,0,0,2j.csv
408,0,0,0,2k.csv
408,2,2,0,2l.csv
408,7,2,5,3a.csv
408,17,13,4,3b.csv
408,4,4,0,3c.csv
408,4,4,0,3d.csv
408,13,10,3,3e.csv
408,3,2,1,3f.csv
408,4,3,1,3g.csv
409,3,2,1,1a.csv
409,0,0,0,1b.csv
409,3,1,2,1c.csv
409,3,3,0,1e.csv
409,0,0,0,1f.csv
409,0,0,0,1g.csv
409,0,0,0,1h.csv
409,0,0,0,1i.csv
409,0,0,0,1j.csv
409,0,0,0,1k.csv
409,2,2,0,1l.csv
409,1,0,1,1m.csv
409,7,3,4,2a.csv
409,5,4,1,2b.csv
409,7,4,3,2c.csv
409,0,0,0,2d.csv
409,1,1,0,2e.csv
409,0,0,0,2f.csv
409,3,2,1,2g.csv
409,0,0,0,2h.csv
409,0,0,0,2i.csv
409,0,0,0,2j.csv
409,0,0,0,2k.csv
409,1,1,0,2l.csv
409,7,2,5,3a.csv
409,18,11,7,3b.csv
409,4,4,0,3c.csv
409,4,4,0,3d.csv
409,13,9,4,3e.csv
409,2,1,1,3f.csv
409,6,4,2,3g.csv
410,1,0,1,1a.csv
410,2,2,0,1b.csv
410,3,1,2,1c.csv
410,2,2,0,1e.csv
410,0,0,0,1f.csv
410,0,0,0,1g.csv
410,0,0,0,1h.csv
410,0,0,0,1i.csv
410,0,0,0,1j.csv
410,0,0,0,1k.csv
410,1,1,0,1l.csv
410,0,0,0,1m.csv
410,6,3,3,2a.csv
410,5,4,1,2b.csv
410,7,4,3,2c.csv
410,0,0,0,2d.csv
410,1,1,0,2e.csv
410,0,0,0,2f.csv
410,3,2,1,2g.csv
410,0,0,0,2h.csv
410,0,0,0,2i.csv
410,0,0,0,2j.csv
410,0,0,0,2k.csv
410,2,2,0,2l.csv
410,6,2,4,3a.csv
410,15,9,6,3b.csv
410,3,3,0,3c.csv
410,3,3,0,3d.csv
410,11,8,3,3e.csv
410,2,1,1,3f.csv
410,7,5,2,3g.csv
411,1,0,1,1a.csv
411,4,4,0,1b.csv
411,2,1,1,1c.csv
411,3,3,0,1e.csv
411,0,0,0,1f.csv
411,0,0,0,1g.csv
411,1,1,0,1h.csv
411,0,0,0,1i.csv
411,0,0,0,1j.csv
411,0,0,0,1k.csv
411,1,1,0,1l.csv
411,0,0,0,1m.csv
411,4,2,2,2a.csv
411,3,2,1,2b.csv
411,4,4,0,2c.csv
411,0,0,0,2d.csv
411,1,1,0,2e.csv
411,0,0,0,2f.csv
411,2,2,0,2g.csv
411,0,0,0,2h.csv
411,0,0,0,2i.csv
411,0,0,0,2j.csv
411,0,0,0,2k.csv
411,2,2,0,2l.csv
411,4,2,2,3a.csv
411,15,9,6,3b.csv
411,3,3,0,3c.csv
411,3,3,0,3d.csv
411,12,9,3,3e.csv
411,1,1,0,3f.csv
411,9,5,4,3g.csv
412,1,0,1,1a.csv
412,6,6,0,1b.csv
412,1,0,1,1c.csv
412,4,3,1,1e.csv
412,0,0,0,1f.csv
412,0,0,0,1g.csv
412,1,1,0,1h.csv
412,0,0,0,1i.csv
412,0,0,0,1j.csv
412,0,0,0,1k.csv
412,1,1,0,1l.csv
412,0,0,0,1m.csv
412,6,3,3,2a.csv
412,2,1,1,2b.csv
412,4,4,0,2c.csv
412,0,0,0,2d.csv
412,1,1,0,2e.csv
412,1,1,0,2f.csv
412,1,1,0,2g.csv
412,0,0,0,2h.csv
412,0,0,0,2i.csv
412,0,0,0,2j.csv
412,1,1,0,2k.csv
412,3,3,0,2l.csv
412,4,3,1,3a.csv
412,16,10,6,3b.csv
412,2,2,0,3c.csv
412,2,2,0,3d.csv
412,10,7,3,3e.csv
412,1,1,0,3f.csv
412,7,3,4,3g.csv
413,1,0,1,1a.csv
413,9,9,0,1b.csv
413,4,2,2,1c.csv
413,4,3,1,1e.csv
413,0,0,0,1f.csv
413,0,0,0,1g.csv
413,1,1,0,1h.csv
413,0,0,0,1i.csv
413,0,0,0,1j.csv
413,0,0,0,1k.csv
413,1,1,0,1l.csv
413,1,1,0,1m.csv
413,8,3,5,2a.csv
413,2,1,1,2b.csv
413,5,5,0,2c.csv
413,0,0,0,2d.csv
413,1,1,0,2e.csv
413,1,1,0,2f.csv
413,1,1,0,2g.csv
413,0,0,0,2h.csv
413,0,0,0,2i.csv
413,0,0,0,2j.csv
413,1,1,0,2k.csv
413,4,3,1,2l.csv
413,5,4,1,3a.csv
413,16,12,4,3b.csv
413,3,3,0,3c.csv
413,3,3,0,3d.csv
413,11,8,3,3e.csv
413,1,1,0,3f.csv
413,6,2,4,3g.csv
414,1,0,1,1a.csv
414,9,9,0,1b.csv
414,5,3,2,1c.csv
414,5,3,2,1e.csv
414,0,0,0,1f.csv
414,0,0,0,1g.csv
414,1,1,0,1h.csv
414,0,0,0,1i.csv
414,1,1,0,1j.csv
414,0,0,0,1k.csv
414,1,1,0,1l.csv
414,1,1,0,1m.csv
414,9,4,5,2a.csv
414,1,1,0,2b.csv
414,5,5,0,2c.csv
414,0,0,0,2d.csv
414,1,1,0,2e.csv
414,1,1,0,2f.csv
414,1,1,0,2g.csv
414,0,0,0,2h.csv
414,0,0,0,2i.csv
414,0,0,0,2j.csv
414,1,1,0,2k.csv
414,5,4,1,2l.csv
414,9,6,3,3a.csv
414,17,13,4,3b.csv
414,3,3,0,3c.csv
414,3,3,0,3d.csv
414,9,6,3,3e.csv
414,1,1,0,3f.csv
414,6,2,4,3g.csv
415,1,0,1,1a.csv
415,12,12,0,1b.csv
415,5,3,2,1c.csv
415,5,3,2,1e.csv
415,0,0,0,1f.csv
415,0,0,0,1g.csv
415,1,1,0,1h.csv
415,0,0,0,1i.csv
415,1,1,0,1j.csv
415,0,0,0,1k.csv
415,0,0,0,1l.csv
415,1,1,0,1m.csv
415,11,6,5,2a.csv
415,0,0,0,2b.csv
415,4,4,0,2c.csv
415,0,0,0,2d.csv
415,1,1,0,2e.csv
415,1,1,0,2f.csv
415,1,1,0,2g.csv
415,0,0,0,2h.csv
415,0,0,0,2i.csv
415,0,0,0,2j.csv
415,1,1,0,2k.csv
415,4,3,1,2l.csv
415,8,5,3,3a.csv
415,17,14,3,3b.csv
415,3,3,0,3c.csv
415,3,3,0,3d.csv
415,9,6,3,3e.csv
415,1,1,0,3f.csv
415,6,3,3,3g.csv
416,2,0,2,1a.csv
416,13,13,0,1b.csv
416,4,3,1,1c.csv
416,4,2,2,1e.csv
416,0,0,0,1f.csv
416,0,0,0,1g.csv
416,1,1,0,1h.csv
416,0,0,0,1i.csv
416,1,1,0,1j.csv
416,0,0,0,1k.csv
416,0,0,0,1l.csv
416,1,1,0,1m.csv
416,11,5,6,2a.csv
416,1,0,1,2b.csv
416,3,2,1,2c.csv
416,0,0,0,2d.csv
416,0,0,0,2e.csv
416,1,1,0,2f.csv
416,0,0,0,2g.csv
416,0,0,0,2h.csv
416,0,0,0,2i.csv
416,0,0,0,2j.csv
416,1,1,0,2k.csv
416,5,4,1,2l.csv
416,9,6,3,3a.csv
416,15,12,3,3b.csv
416,2,2,0,3c.csv
416,2,2,0,3d.csv
416,7,4,3,3e.csv
416,0,0,0,3f.csv
416,7,4,3,3g.csv
417,2,1,1,1a.csv
417,14,14,0,1b.csv
417,4,3,1,1c.csv
417,3,1,2,1e.csv
417,0,0,0,1f.csv
417,0,0,0,1g.csv
417,1,1,0,1h.csv
417,0,0,0,1i.csv
417,1,1,0,1j.csv
417,0,0,0,1k.csv
417,0,0,0,1l.csv
417,1,1,0,1m.csv
417,10,4,6,2a.csv
417,1,0,1,2b.csv
417,3,2,1,2c.csv
417,0,0,0,2d.csv
417,0,0,0,2e.csv
417,1,1,0,2f.csv
417,0,0,0,2g.csv
417,0,0,0,2h.csv
417,0,0,0,2i.csv
417,0,0,0,2j.csv
417,1,1,0,2k.csv
417,5,4,1,2l.csv
417,9,6,3,3a.csv
417,14,14,0,3b.csv
417,2,2,0,3c.csv
417,2,2,0,3d.csv
417,5,3,2,3e.csv
417,0,0,0,3f.csv
417,5,3,2,3g.csv
418,3,1,2,1a.csv
418,13,13,0,1b.csv
418,5,4,1,1c.csv
418,3,1,2,1e.csv
418,0,0,0,1f.csv
418,0,0,0,1g.csv
418,1,1,0,1h.csv
418,0,0,0,1i.csv
418,1,1,0,1j.csv
418,0,0,0,1k.csv
418,0,0,0,1l.csv
418,1,1,0,1m.csv
418,10,4,6,2a.csv
418,2,0,2,2b.csv
418,3,2,1,2c.csv
418,0,0,0,2d.csv
418,0,0,0,2e.csv
418,1,1,0,2f.csv
418,0,0,0,2g.csv
418,0,0,0,2h.csv
418,0,0,0,2i.csv
418,0,0,0,2j.csv
418,1,1,0,2k.csv
418,4,3,1,2l.csv
418,10,6,4,3a.csv
418,16,15,1,3b.csv
418,2,2,0,3c.csv
418,2,2,0,3d.csv
418,4,3,1,3e.csv
418,0,0,0,3f.csv
418,5,2,3,3g.csv
419,4,2,2,1a.csv
419,12,12,0,1b.csv
419,5,4,1,1c.csv
419,2,0,2,1e.csv
419,0,0,0,1f.csv
419,0,0,0,1g.csv
419,0,0,0,1h.csv
419,0,0,0,1i.csv
419,1,1,0,1j.csv
419,0,0,0,1k.csv
419,0,0,0,1l.csv
419,1,1,0,1m.csv
419,12,4,8,2a.csv
419,3,1,2,2b.csv
419,3,2,1,2c.csv
419,0,0,0,2d.csv
419,0,0,0,2e.csv
419,1,1,0,2f.csv
419,0,0,0,2g.csv
419,0,0,0,2h.csv
419,0,0,0,2i.csv
419,0,0,0,2j.csv
419,1,1,0,2k.csv
419,4,3,1,2l.csv
419,10,6,4,3a.csv
419,16,15,1,3b.csv
419,3,2,1,3c.csv
419,3,2,1,3d.csv
419,5,3,2,3e.csv
419,0,0,0,3f.csv
419,3,2,1,3g.csv
420,5,3,2,1a.csv
420,10,10,0,1b.csv
420,5,4,1,1c.csv
420,1,0,1,1e.csv
420,0,0,0,1f.csv
420,0,0,0,1g.csv
420,0,0,0,1h.csv
420,1,1,0,1i.csv
420,1,1,0,1j.csv
420,1,1,0,1k.csv
420,0,0,0,1l.csv
420,1,1,0,1m.csv
420,11,3,8,2a.csv
420,5,3,2,2b.csv
420,2,1,1,2c.csv
420,0,0,0,2d.csv
420,0,0,0,2e.csv
420,0,0,0,2f.csv
420,0,0,0,2g.csv
420,0,0,0,2h.csv
420,0,0,0,2i.csv
420,0,0,0,2j.csv
420,0,0,0,2k.csv
420,3,2,1,2l.csv
420,9,5,4,3a.csv
420,17,16,1,3b.csv
420,3,2,1,3c.csv
420,3,2,1,3d.csv
420,5,3,2,3e.csv
420,0,0,0,3f.csv
420,3,2,1,3g.csv
421,6,4,2,1a.csv
421,7,7,0,1b.csv
421,2,2,0,1c.csv
421,1,0,1,1e.csv
421,0,0,0,1f.csv
421,1,1,0,1g.csv
421,0,0,0,1h.csv
421,1,1,0,1i.csv
421,2,2,0,1j.csv
421,1,1,0,1k.csv
421,0,0,0,1l.csv
421,0,0,0,1m.csv
421,10,4,6,2a.csv
421,7,5,2,2b.csv
421,2,0,2,2c.csv
421,0,0,0,2d.csv
421,0,0,0,2e.csv
421,0,0,0,2f.csv
421,0,0,0,2g.csv
421,0,0,0,2h.csv
421,0,0,0,2i.csv
421,0,0,0,2j.csv
421,0,0,0,2k.csv
421,2,2,0,2l.csv
421,9,4,5,3a.csv
421,16,15,1,3b.csv
421,2,1,1,3c.csv
421,2,1,1,3d.csv
421,4,2,2,3e.csv
421,0,0,0,3f.csv
421,3,2,1,3g.csv
422,6,4,2,1a.csv
422,8,8,0,1b.csv
422,1,1,0,1c.csv
422,0,0,0,1e.csv
422,0,0,0,1f.csv
422,1,1,0,1g.csv
422,0,0,0,1h.csv
422,1,1,0,1i.csv
422,1,1,0,1j.csv
422,1,1,0,1k.csv
422,0,0,0,1l.csv
422,0,0,0,1m.csv
422,9,3,6,2a.csv
422,7,5,2,2b.csv
422,3,0,3,2c.csv
422,1,1,0,2d.csv
422,0,0,0,2e.csv
422,0,0,0,2f.csv
422,0,0,0,2g.csv
422,0,0,0,2h.csv
422,0,0,0,2i.csv
422,0,0,0,2j.csv
422,0,0,0,2k.csv
422,1,1,0,2l.csv
422,7,4,3,3a.csv
422,15,14,1,3b.csv
422,2,1,1,3c.csv
422,2,1,1,3d.csv
422,4,2,2,3e.csv
422,0,0,0,3f.csv
422,3,2,1,3g.csv
423,6,4,2,1a.csv
423,6,6,0,1b.csv
423,1,1,0,1c.csv
423,0,0,0,1e.csv
423,0,0,0,1f.csv
423,1,1,0,1g.csv
423,0,0,0,1h.csv
423,1,1,0,1i.csv
423,1,1,0,1j.csv
423,1,1,0,1k.csv
423,0,0,0,1l.csv
423,0,0,0,1m.csv
423,6,1,5,2a.csv
423,7,5,2,2b.csv
423,3,0,3,2c.csv
423,1,1,0,2d.csv
423,0,0,0,2e.csv
423,0,0,0,2f.csv
423,0,0,0,2g.csv
423,0,0,0,2h.csv
423,0,0,0,2i.csv
423,0,0,0,2j.csv
423,0,0,0,2k.csv
423,1,1,0,2l.csv
423,6,4,2,3a.csv
423,12,11,1,3b.csv
423,2,1,1,3c.csv
423,2,1,1,3d.csv
423,3,1,2,3e.csv
423,0,0,0,3f.csv
423,2,1,1,3g.csv
424,6,5,1,1a.csv
424,5,5,0,1b.csv
424,1,1,0,1c.csv
424,0,0,0,1e.csv
424,0,0,0,1f.csv
424,1,1,0,1g.csv
424,0,0,0,1h.csv
424,1,1,0,1i.csv
424,1,1,0,1j.csv
424,1,1,0,1k.csv
424,0,0,0,1l.csv
424,0,0,0,1m.csv
424,4,1,3,2a.csv
424,7,6,1,2b.csv
424,3,1,2,2c.csv
424,1,1,0,2d.csv
424,0,0,0,2e.csv
424,1,1,0,2f.csv
424,0,0,0,2g.csv
424,0,0,0,2h.csv
424,0,0,0,2i.csv
424,0,0,0,2j.csv
424,0,0,0,2k.csv
424,0,0,0,2l.csv
424,6,4,2,3a.csv
424,10,9,1,3b.csv
424,1,0,1,3c.csv
424,1,0,1,3d.csv
424,2,1,1,3e.csv
424,0,0,0,3f.csv
424,2,1,1,3g.csv
425,5,4,1,1a.csv
425,7,6,1,1b.csv
425,2,1,1,1c.csv
425,0,0,0,1e.csv
425,1,1,0,1f.csv
425,1,1,0,1g.csv
425,0,0,0,1h.csv
425,1,1,0,1i.csv
425,1,1,0,1j.csv
425,1,1,0,1k.csv
425,0,0,0,1l.csv
425,0,0,0,1m.csv
425,4,1,3,2a.csv
425,7,6,1,2b.csv
425,3,1,2,2c.csv
425,1,1,0,2d.csv
425,1,1,0,2e.csv
425,1,1,0,2f.csv
425,0,0,0,2g.csv
425,0,0,0,2h.csv
425,1,1,0,2i.csv
425,0,0,0,2j.csv
425,0,0,0,2k.csv
425,0,0,0,2l.csv
425,7,5,2,3a.csv
425,9,8,1,3b.csv
425,1,0,1,3c.csv
425,1,0,1,3d.csv
425,2,1,1,3e.csv
425,0,0,0,3f.csv
425,4,3,1,3g.csv
426,5,5,0,1a.csv
426,7,6,1,1b.csv
426,1,0,1,1c.csv
426,0,0,0,1e.csv
426,1,1,0,1f.csv
426,1,1,0,1g.csv
426,0,0,0,1h.csv
426,1,1,0,1i.csv
426,1,1,0,1j.csv
426,1,1,0,1k.csv
426,0,0,0,1l.csv
426,0,0,0,1m.csv
426,4,1,3,2a.csv
426,7,6,1,2b.csv
426,3,1,2,2c.csv
426,1,1,0,2d.csv
426,1,1,0,2e.csv
426,1,1,0,2f.csv
426,0,0,0,2g.csv
426,0,0,0,2h.csv
426,1,1,0,2i.csv
426,0,0,0,2j.csv
426,1,0,1,2k.csv
426,0,0,0,2l.csv
426,5,4,1,3a.csv
426,7,7,0,3b.csv
426,1,0,1,3c.csv
426,1,0,1,3d.csv
426,2,1,1,3e.csv
426,0,0,0,3f.csv
426,4,4,0,3g.csv
427,5,5,0,1a.csv
427,6,5,1,1b.csv
427,1,0,1,1c.csv
427,0,0,0,1e.csv
427,1,1,0,1f.csv
427,1,1,0,1g.csv
427,0,0,0,1h.csv
427,1,1,0,1i.csv
427,1,1,0,1j.csv
427,1,1,0,1k.csv
427,0,0,0,1l.csv
427,0,0,0,1m.csv
427,2,1,1,2a.csv
427,6,5,1,2b.csv
427,3,1,2,2c.csv
427,1,1,0,2d.csv
427,1,1,0,2e.csv
427,1,1,0,2f.csv
427,0,0,0,2g.csv
427,0,0,0,2h.csv
427,1,1,0,2i.csv
427,0,0,0,2j.csv
427,1,0,1,2k.csv
427,0,0,0,2l.csv
427,5,4,1,3a.csv
427,6,6,0,3b.csv
427,0,0,0,3c.csv
427,0,0,0,3d.csv
427,0,0,0,3e.csv
427,0,0,0,3f.csv
427,4,4,0,3g.csv
428,4,4,0,1a.csv
428,7,5,2,1b.csv
428,1,0,1,1c.csv
428,0,0,0,1e.csv
428,1,1,0,1f.csv
428,1,1,0,1g.csv
428,0,0,0,1h.csv
428,1,1,0,1i.csv
428,1,1,0,1j.csv
428,0,0,0,1k.csv
428,0,0,0,1l.csv
428,1,0,1,1m.csv
428,1,1,0,2a.csv
428,6,5,1,2b.csv
428,4,1,3,2c.csv
428,2,1,1,2d.csv
428,1,1,0,2e.csv
428,1,1,0,2f.csv
428,2,2,0,2g.csv
428,1,0,1,2h.csv
428,1,1,0,2i.csv
428,0,0,0,2j.csv
428,1,0,1,2k.csv
428,0,0,0,2l.csv
428,6,5,1,3a.csv
428,3,3,0,3b.csv
428,0,0,0,3c.csv
428,0,0,0,3d.csv
428,1,1,0,3e.csv
428,0,0,0,3f.csv
428,4,4,0,3g.csv
429,3,3,0,1a.csv
429,8,6,2,1b.csv
429,1,0,1,1c.csv
429,0,0,0,1e.csv
429,1,1,0,1f.csv
429,0,0,0,1g.csv
429,0,0,0,1h.csv
429,1,1,0,1i.csv
429,0,0,0,1j.csv
429,0,0,0,1k.csv
429,0,0,0,1l.csv
429,1,0,1,1m.csv
429,1,1,0,2a.csv
429,4,3,1,2b.csv
429,5,3,2,2c.csv
429,2,1,1,2d.csv
429,1,1,0,2e.csv
429,2,2,0,2f.csv
429,2,2,0,2g.csv
429,1,0,1,2h.csv
429,1,1,0,2i.csv
429,0,0,0,2j.csv
429,1,0,1,2k.csv
429,1,1,0,2l.csv
429,6,6,0,3a.csv
429,3,2,1,3b.csv
429,0,0,0,3c.csv
429,0,0,0,3d.csv
429,1,1,0,3e.csv
429,0,0,0,3f.csv
429,4,4,0,3g.csv
430,3,3,0,1a.csv
430,7,5,2,1b.csv
430,1,0,1,1c.csv
430,0,0,0,1e.csv
430,1,1,0,1f.csv
430,0,0,0,1g.csv
430,0,0,0,1h.csv
430,1,1,0,1i.csv
430,0,0,0,1j.csv
430,0,0,0,1k.csv
430,0,0,0,1l.csv
430,1,0,1,1m.csv
430,1,1,0,2a.csv
430,4,3,1,2b.csv
430,4,3,1,2c.csv
430,1,0,1,2d.csv
430,1,1,0,2e.csv
430,2,2,0,2f.csv
430,4,3,1,2g.csv
430,1,0,1,2h.csv
430,1,1,0,2i.csv
430,0,0,0,2j.csv
430,1,0,1,2k.csv
430,2,2,0,2l.csv
430,5,4,1,3a.csv
430,4,3,1,3b.csv
430,0,0,0,3c.csv
430,0,0,0,3d.csv
430,2,2,0,3e.csv
430,0,0,0,3f.csv
430,5,5,0,3g.csv
431,3,3,0,1a.csv
431,6,4,2,1b.csv
431,1,0,1,1c.csv
431,0,0,0,1e.csv
431,1,1,0,1f.csv
431,0,0,0,1g.csv
431,0,0,0,1h.csv
431,1,1,0,1i.csv
431,0,0,0,1j.csv
431,0,0,0,1k.csv
431,0,0,0,1l.csv
431,1,0,1,1m.csv
431,1,1,0,2a.csv
431,4,3,1,2b.csv
431,5,4,1,2c.csv
431,1,0,1,2d.csv
431,1,1,0,2e.csv
431,2,2,0,2f.csv
431,4,3,1,2g.csv
431,1,0,1,2h.csv
431,1,1,0,2i.csv
431,0,0,0,2j.csv
431,1,0,1,2k.csv
431,2,2,0,2l.csv
431,6,4,2,3a.csv
431,4,3,1,3b.csv
431,2,2,0,3c.csv
431,2,2,0,3d.csv
431,3,2,1,3e.csv
431,0,0,0,3f.csv
431,5,5,0,3g.csv
432,2,2,0,1a.csv
432,6,4,2,1b.csv
432,1,0,1,1c.csv
432,0,0,0,1e.csv
432,1,1,0,1f.csv
432,0,0,0,1g.csv
432,0,0,0,1h.csv
432,1,1,0,1i.csv
432,0,0,0,1j.csv
432,0,0,0,1k.csv
432,0,0,0,1l.csv
432,1,0,1,1m.csv
432,1,1,0,2a.csv
432,3,2,1,2b.csv
432,4,3,1,2c.csv
432,1,0,1,2d.csv
432,1,1,0,2e.csv
432,1,1,0,2f.csv
432,4,3,1,2g.csv
432,1,0,1,2h.csv
432,1,1,0,2i.csv
432,0,0,0,2j.csv
432,1,0,1,2k.csv
432,2,2,0,2l.csv
432,7,4,3,3a.csv
432,9,6,3,3b.csv
432,2,2,0,3c.csv
432,2,2,0,3d.csv
432,3,2,1,3e.csv
432,1,0,1,3f.csv
432,4,4,0,3g.csv
433,2,2,0,1a.csv
433,3,2,1,1b.csv
433,0,0,0,1c.csv
433,0,0,0,1e.csv
433,0,0,0,1f.csv
433,0,0,0,1g.csv
433,0,0,0,1h.csv
433,1,1,0,1i.csv
433,0,0,0,1j.csv
433,0,0,0,1k.csv
433,0,0,0,1l.csv
433,1,0,1,1m.csv
433,1,1,0,2a.csv
433,3,2,1,2b.csv
433,5,4,1,2c.csv
433,1,0,1,2d.csv
433,1,1,0,2e.csv
433,1,1,0,2f.csv
433,4,3,1,2g.csv
433,1,0,1,2h.csv
433,0,0,0,2i.csv
433,0,0,0,2j.csv
433,1,0,1,2k.csv
433,2,2,0,2l.csv
433,6,3,3,3a.csv
433,8,5,3,3b.csv
433,2,2,0,3c.csv
433,2,2,0,3d.csv
433,3,2,1,3e.csv
433,1,0,1,3f.csv
433,2,2,0,3g.csv
434,2,1,1,1a.csv
434,2,1,1,1b.csv
434,1,0,1,1c.csv
434,0,0,0,1e.csv
434,0,0,0,1f.csv
434,0,0,0,1g.csv
434,0,0,0,1h.csv
434,1,1,0,1i.csv
434,1,1,0,1j.csv
434,0,0,0,1k.csv
434,0,0,0,1l.csv
434,1,0,1,1m.csv
434,1,1,0,2a.csv
434,2,2,0,2b.csv
434,5,4,1,2c.csv
434,1,0,1,2d.csv
434,1,1,0,2e.csv
434,1,1,0,2f.csv
434,4,3,1,2g.csv
434,1,0,1,2h.csv
434,0,0,0,2i.csv
434,0,0,0,2j.csv
434,0,0,0,2k.csv
434,2,2,0,2l.csv
434,6,3,3,3a.csv
434,8,5,3,3b.csv
434,2,2,0,3c.csv
434,2,2,0,3d.csv
434,3,2,1,3e.csv
434,2,1,1,3f.csv
434,1,1,0,3g.csv
435,1,0,1,1a.csv
435,3,1,2,1b.csv
435,1,0,1,1c.csv
435,0,0,0,1e.csv
435,0,0,0,1f.csv
435,0,0,0,1g.csv
435,0,0,0,1h.csv
435,1,1,0,1i.csv
435,1,1,0,1j.csv
435,1,1,0,1k.csv
435,0,0,0,1l.csv
435,1,0,1,1m.csv
435,1,1,0,2a.csv
435,2,2,0,2b.csv
435,7,6,1,2c.csv
435,1,0,1,2d.csv
435,1,1,0,2e.csv
435,1,1,0,2f.csv
435,4,3,1,2g.csv
435,1,0,1,2h.csv
435,1,0,1,2i.csv
435,0,0,0,2j.csv
435,0,0,0,2k.csv
435,2,2,0,2l.csv
435,7,4,3,3a.csv
435,8,5,3,3b.csv
435,2,2,0,3c.csv
435,2,2,0,3d.csv
435,4,3,1,3e.csv
435,3,1,2,3f.csv
435,1,1,0,3g.csv
436,1,0,1,1a.csv
436,4,3,1,1b.csv
436,1,0,1,1c.csv
436,0,0,0,1e.csv
436,0,0,0,1f.csv
436,0,0,0,1g.csv
436,0,0,0,1h.csv
436,0,0,0,1i.csv
436,1,1,0,1j.csv
436,1,1,0,1k.csv
436,1,1,0,1l.csv
436,1,0,1,1m.csv
436,1,1,0,2a.csv
436,0,0,0,2b.csv
436,6,6,0,2c.csv
436,0,0,0,2d.csv
436,2,2,0,2e.csv
436,1,1,0,2f.csv
436,2,1,1,2g.csv
436,0,0,0,2h.csv
436,1,0,1,2i.csv
436,0,0,0,2j.csv
436,0,0,0,2k.csv
436,2,2,0,2l.csv
436,8,3,5,3a.csv
436,10,7,3,3b.csv
436,4,4,0,3c.csv
436,4,4,0,3d.csv
436,5,4,1,3e.csv
436,3,1,2,3f.csv
436,2,2,0,3g.csv
437,1,0,1,1a.csv
437,3,2,1,1b.csv
437,1,0,1,1c.csv
437,0,0,0,1e.csv
437,0,0,0,1f.csv
437,0,0,0,1g.csv
437,0,0,0,1h.csv
437,0,0,0,1i.csv
437,1,1,0,1j.csv
437,1,1,0,1k.csv
437,2,2,0,1l.csv
437,1,0,1,1m.csv
437,0,0,0,2a.csv
437,0,0,0,2b.csv
437,5,5,0,2c.csv
437,0,0,0,2d.csv
437,2,2,0,2e.csv
437,0,0,0,2f.csv
437,2,1,1,2g.csv
437,0,0,0,2h.csv
437,1,0,1,2i.csv
437,0,0,0,2j.csv
437,0,0,0,2k.csv
437,1,1,0,2l.csv
437,8,2,6,3a.csv
437,10,7,3,3b.csv
437,5,5,0,3c.csv
437,5,5,0,3d.csv
437,6,5,1,3e.csv
437,3,1,2,3f.csv
437,2,1,1,3g.csv
438,1,0,1,1a.csv
438,5,3,2,1b.csv
438,1,0,1,1c.csv
438,0,0,0,1e.csv
438,0,0,0,1f.csv
438,0,0,0,1g.csv
438,0,0,0,1h.csv
438,0,0,0,1i.csv
438,1,1,0,1j.csv
438,1,1,0,1k.csv
438,2,2,0,1l.csv
438,1,0,1,1m.csv
438,0,0,0,2a.csv
438,0,0,0,2b.csv
438,5,5,0,2c.csv
438,0,0,0,2d.csv
438,3,3,0,2e.csv
438,0,0,0,2f.csv
438,0,0,0,2g.csv
438,0,0,0,2h.csv
438,1,0,1,2i.csv
438,0,0,0,2j.csv
438,0,0,0,2k.csv
438,0,0,0,2l.csv
438,7,2,5,3a.csv
438,12,9,3,3b.csv
438,7,5,2,3c.csv
438,7,5,2,3d.csv
438,6,5,1,3e.csv
438,4,2,2,3f.csv
438,2,1,1,3g.csv
439,1,0,1,1a.csv
439,6,4,2,1b.csv
439,1,0,1,1c.csv
439,0,0,0,1e.csv
439,0,0,0,1f.csv
439,1,1,0,1g.csv
439,0,0,0,1h.csv
439,0,0,0,1i.csv
439,1,1,0,1j.csv
439,3,3,0,1k.csv
439,2,2,0,1l.csv
439,1,0,1,1m.csv
439,0,0,0,2a.csv
439,0,0,0,2b.csv
439,5,5,0,2c.csv
439,0,0,0,2d.csv
439,3,3,0,2e.csv
439,0,0,0,2f.csv
439,0,0,0,2g.csv
439,0,0,0,2h.csv
439,1,0,1,2i.csv
439,0,0,0,2j.csv
439,0,0,0,2k.csv
439,0,0,0,2l.csv
439,8,4,4,3a.csv
439,13,10,3,3b.csv
439,7,5,2,3c.csv
439,7,5,2,3d.csv
439,6,6,0,3e.csv
439,5,3,2,3f.csv
439,2,1,1,3g.csv
440,1,0,1,1a.csv
440,6,4,2,1b.csv
440,1,0,1,1c.csv
440,0,0,0,1e.csv
440,0,0,0,1f.csv
440,1,1,0,1g.csv
440,1,1,0,1h.csv
440,0,0,0,1i.csv
440,1,1,0,1j.csv
440,3,3,0,1k.csv
440,2,2,0,1l.csv
440,1,0,1,1m.csv
440,1,1,0,2a.csv
440,0,0,0,2b.csv
440,6,5,1,2c.csv
440,0,0,0,2d.csv
440,3,3,0,2e.csv
440,0,0,0,2f.csv
440,0,0,0,2g.csv
440,0,0,0,2h.csv
440,1,0,1,2i.csv
440,0,0,0,2j.csv
440,0,0,0,2k.csv
440,0,0,0,2l.csv
440,8,3,5,3a.csv
440,9,8,1,3b.csv
440,7,5,2,3c.csv
440,7,5,2,3d.csv
440,7,7,0,3e.csv
440,5,3,2,3f.csv
440,2,1,1,3g.csv
441,1,0,1,1a.csv
441,6,4,2,1b.csv
441,1,0,1,1c.csv
441,0,0,0,1e.csv
441,0,0,0,1f.csv
441,1,1,0,1g.csv
441,1,1,0,1h.csv
441,0,0,0,1i.csv
441,1,1,0,1j.csv
441,3,3,0,1k.csv
441,2,2,0,1l.csv
441,1,0,1,1m.csv
441,1,1,0,2a.csv
441,0,0,0,2b.csv
441,6,5,1,2c.csv
441,0,0,0,2d.csv
441,2,2,0,2e.csv
441,0,0,0,2f.csv
441,0,0,0,2g.csv
441,0,0,0,2h.csv
441,1,0,1,2i.csv
441,0,0,0,2j.csv
441,0,0,0,2k.csv
441,0,0,0,2l.csv
441,9,4,5,3a.csv
441,11,9,2,3b.csv
441,8,6,2,3c.csv
441,8,6,2,3d.csv
441,7,7,0,3e.csv
441,5,3,2,3f.csv
441,3,2,1,3g.csv
442,1,1,0,1a.csv
442,6,4,2,1b.csv
442,1,0,1,1c.csv
442,0,0,0,1e.csv
442,0,0,0,1f.csv
442,1,1,0,1g.csv
442,1,1,0,1h.csv
442,0,0,0,1i.csv
442,0,0,0,1j.csv
442,3,3,0,1k.csv
442,3,3,0,1l.csv
442,1,0,1,1m.csv
442,1,1,0,2a.csv
442,2,2,0,2b.csv
442,7,6,1,2c.csv
442,0,0,0,2d.csv
442,2,2,0,2e.csv
442,0,0,0,2f.csv
442,0,0,0,2g.csv
442,0,0,0,2h.csv
442,1,0,1,2i.csv
442,0,0,0,2j.csv
442,0,0,0,2k.csv
442,1,1,0,2l.csv
442,9,4,5,3a.csv
442,12,10,2,3b.csv
442,8,6,2,3c.csv
442,8,6,2,3d.csv
442,7,7,0,3e.csv
442,4,2,2,3f.csv
442,3,2,1,3g.csv
443,1,1,0,1a.csv
443,5,4,1,1b.csv
443,1,0,1,1c.csv
443,0,0,0,1e.csv
443,0,0,0,1f.csv
443,1,1,0,1g.csv
443,1,1,0,1h.csv
443,0,0,0,1i.csv
443,1,1,0,1j.csv
443,2,2,0,1k.csv
443,2,2,0,1l.csv
443,1,0,1,1m.csv
443,1,1,0,2a.csv
443,2,2,0,2b.csv
443,6,5,1,2c.csv
443,0,0,0,2d.csv
443,2,2,0,2e.csv
443,0,0,0,2f.csv
443,0,0,0,2g.csv
443,0,0,0,2h.csv
443,0,0,0,2i.csv
443,0,0,0,2j.csv
443,0,0,0,2k.csv
443,1,1,0,2l.csv
443,9,4,5,3a.csv
443,15,13,2,3b.csv
443,8,6,2,3c.csv
443,8,6,2,3d.csv
443,6,6,0,3e.csv
443,3,2,1,3f.csv
443,4,3,1,3g.csv
444,1,1,0,1a.csv
444,3,2,1,1b.csv
444,1,0,1,1c.csv
444,0,0,0,1e.csv
444,0,0,0,1f.csv
444,1,1,0,1g.csv
444,2,2,0,1h.csv
444,0,0,0,1i.csv
444,1,1,0,1j.csv
444,3,3,0,1k.csv
444,4,3,1,1l.csv
444,0,0,0,1m.csv
444,1,1,0,2a.csv
444,2,2,0,2b.csv
444,6,5,1,2c.csv
444,0,0,0,2d.csv
444,1,1,0,2e.csv
444,0,0,0,2f.csv
444,0,0,0,2g.csv
444,1,0,1,2h.csv
444,0,0,0,2i.csv
444,0,0,0,2j.csv
444,0,0,0,2k.csv
444,1,1,0,2l.csv
444,7,4,3,3a.csv
444,15,13,2,3b.csv
444,9,6,3,3c.csv
444,9,6,3,3d.csv
444,4,4,0,3e.csv
444,4,3,1,3f.csv
444,3,3,0,3g.csv
445,2,1,1,1a.csv
445,4,2,2,1b.csv
445,1,0,1,1c.csv
445,0,0,0,1e.csv
445,0,0,0,1f.csv
445,1,1,0,1g.csv
445,2,2,0,1h.csv
445,0,0,0,1i.csv
445,1,1,0,1j.csv
445,3,3,0,1k.csv
445,3,2,1,1l.csv
445,0,0,0,1m.csv
445,2,2,0,2a.csv
445,2,2,0,2b.csv
445,6,5,1,2c.csv
445,0,0,0,2d.csv
445,1,1,0,2e.csv
445,0,0,0,2f.csv
445,0,0,0,2g.csv
445,1,0,1,2h.csv
445,0,0,0,2i.csv
445,0,0,0,2j.csv
445,0,0,0,2k.csv
445,1,1,0,2l.csv
445,9,6,3,3a.csv
445,18,16,2,3b.csv
445,8,5,3,3c.csv
445,8,5,3,3d.csv
445,3,3,0,3e.csv
445,4,3,1,3f.csv
445,4,4,0,3g.csv
446,2,1,1,1a.csv
446,2,1,1,1b.csv
446,1,0,1,1c.csv
446,0,0,0,1e.csv
446,0,0,0,1f.csv
446,1,1,0,1g.csv
446,3,3,0,1h.csv
446,0,0,0,1i.csv
446,1,1,0,1j.csv
446,3,3,0,1k.csv
446,3,2,1,1l.csv
446,0,0,0,1m.csv
446,2,2,0,2a.csv
446,2,2,0,2b.csv
446,6,5,1,2c.csv
446,0,0,0,2d.csv
446,0,0,0,2e.csv
446,0,0,0,2f.csv
446,0,0,0,2g.csv
446,1,0,1,2h.csv
446,0,0,0,2i.csv
446,0,0,0,2j.csv
446,0,0,0,2k.csv
446,2,1,1,2l.csv
446,9,6,3,3a.csv
446,18,16,2,3b.csv
446,7,5,2,3c.csv
446,7,5,2,3d.csv
446,2,2,0,3e.csv
446,3,2,1,3f.csv
446,5,5,0,3g.csv
447,4,2,2,1a.csv
447,3,1,2,1b.csv
447,1,0,1,1c.csv
447,0,0,0,1e.csv
447,0,0,0,1f.csv
447,0,0,0,1g.csv
447,5,5,0,1h.csv
447,0,0,0,1i.csv
447,1,1,0,1j.csv
447,1,1,0,1k.csv
447,3,2,1,1l.csv
447,1,1,0,1m.csv
447,2,2,0,2a.csv
447,2,2,0,2b.csv
447,5,4,1,2c.csv
447,0,0,0,2d.csv
447,1,0,1,2e.csv
447,0,0,0,2f.csv
447,0,0,0,2g.csv
447,1,0,1,2h.csv
447,0,0,0,2i.csv
447,0,0,0,2j.csv
447,0,0,0,2k.csv
447,2,1,1,2l.csv
447,8,4,4,3a.csv
447,22,18,4,3b.csv
447,5,3,2,3c.csv
447,5,3,2,3d.csv
447,2,2,0,3e.csv
447,2,1,1,3f.csv
447,6,6,0,3g.csv
448,4,2,2,1a.csv
448,3,1,2,1b.csv
448,1,0,1,1c.csv
448,0,0,0,1e.csv
448,0,0,0,1f.csv
448,0,0,0,1g.csv
448,5,5,0,1h.csv
448,1,0,1,1i.csv
448,1,1,0,1j.csv
448,1,1,0,1k.csv
448,3,2,1,1l.csv
448,1,1,0,1m.csv
448,1,1,0,2a.csv
448,2,2,0,2b.csv
448,4,4,0,2c.csv
448,0,0,0,2d.csv
448,1,0,1,2e.csv
448,2,2,0,2f.csv
448,0,0,0,2g.csv
448,1,0,1,2h.csv
448,0,0,0,2i.csv
448,0,0,0,2j.csv
448,0,0,0,2k.csv
448,2,1,1,2l.csv
448,8,5,3,3a.csv
448,23,19,4,3b.csv
448,5,3,2,3c.csv
448,5,3,2,3d.csv
448,1,1,0,3e.csv
448,1,1,0,3f.csv
448,10,10,0,3g.csv
449,5,2,3,1a.csv
449,3,1,2,1b.csv
449,2,1,1,1c.csv
449,0,0,0,1e.csv
449,0,0,0,1f.csv
449,0,0,0,1g.csv
449,8,8,0,1h.csv
449,1,0,1,1i.csv
449,1,1,0,1j.csv
449,1,1,0,1k.csv
449,3,2,1,1l.csv
449,2,2,0,1m.csv
449,1,1,0,2a.csv
449,2,2,0,2b.csv
449,4,4,0,2c.csv
449,1,1,0,2d.csv
449,1,0,1,2e.csv
449,2,2,0,2f.csv
449,0,0,0,2g.csv
449,1,0,1,2h.csv
449,0,0,0,2i.csv
449,0,0,0,2j.csv
449,0,0,0,2k.csv
449,3,2,1,2l.csv
449,7,4,3,3a.csv
449,26,22,4,3b.csv
449,6,4,2,3c.csv
449,6,4,2,3d.csv
449,1,1,0,3e.csv
449,1,1,0,3f.csv
449,13,12,1,3g.csv
450,4,1,3,1a.csv
450,4,2,2,1b.csv
450,1,1,0,1c.csv
450,0,0,0,1e.csv
450,0,0,0,1f.csv
450,0,0,0,1g.csv
450,8,8,0,1h.csv
450,1,0,1,1i.csv
450,1,1,0,1j.csv
450,1,1,0,1k.csv
450,2,1,1,1l.csv
450,2,2,0,1m.csv
450,1,1,0,2a.csv
450,0,0,0,2b.csv
450,9,8,1,2c.csv
450,1,1,0,2d.csv
450,2,1,1,2e.csv
450,2,2,0,2f.csv
450,0,0,0,2g.csv
450,1,0,1,2h.csv
450,0,0,0,2i.csv
450,0,0,0,2j.csv
450,0,0,0,2k.csv
450,2,1,1,2l.csv
450,8,5,3,3a.csv
450,30,26,4,3b.csv
450,7,4,3,3c.csv
450,7,4,3,3d.csv
450,2,1,1,3e.csv
450,2,2,0,3f.csv
450,15,14,1,3g.csv
451,5,1,4,1a.csv
451,4,2,2,1b.csv
451,1,1,0,1c.csv
451,1,1,0,1e.csv
451,0,0,0,1f.csv
451,1,1,0,1g.csv
451,8,8,0,1h.csv
451,1,0,1,1i.csv
451,0,0,0,1j.csv
451,1,1,0,1k.csv
451,2,1,1,1l.csv
451,2,2,0,1m.csv
451,2,2,0,2a.csv
451,0,0,0,2b.csv
451,9,8,1,2c.csv
451,1,1,0,2d.csv
451,2,1,1,2e.csv
451,2,2,0,2f.csv
451,0,0,0,2g.csv
451,2,1,1,2h.csv
451,0,0,0,2i.csv
451,0,0,0,2j.csv
451,0,0,0,2k.csv
451,2,1,1,2l.csv
451,8,5,3,3a.csv
451,32,28,4,3b.csv
451,7,4,3,3c.csv
451,7,4,3,3d.csv
451,2,1,1,3e.csv
451,3,3,0,3f.csv
451,16,15,1,3g.csv
452,5,1,4,1a.csv
452,5,3,2,1b.csv
452,2,2,0,1c.csv
452,1,1,0,1e.csv
452,0,0,0,1f.csv
452,1,1,0,1g.csv
452,7,7,0,1h.csv
452,1,0,1,1i.csv
452,0,0,0,1j.csv
452,0,0,0,1k.csv
452,0,0,0,1l.csv
452,2,2,0,1m.csv
452,2,2,0,2a.csv
452,1,1,0,2b.csv
452,10,9,1,2c.csv
452,1,1,0,2d.csv
452,2,1,1,2e.csv
452,2,2,0,2f.csv
452,0,0,0,2g.csv
452,1,1,0,2h.csv
452,0,0,0,2i.csv
452,0,0,0,2j.csv
452,0,0,0,2k.csv
452,2,1,1,2l.csv
452,8,5,3,3a.csv
452,31,27,4,3b.csv
452,4,2,2,3c.csv
452,4,2,2,3d.csv
452,2,1,1,3e.csv
452,2,2,0,3f.csv
452,16,15,1,3g.csv
453,4,1,3,1a.csv
453,4,3,1,1b.csv
453,2,2,0,1c.csv
453,2,2,0,1e.csv
453,0,0,0,1f.csv
453,1,1,0,1g.csv
453,7,7,0,1h.csv
453,1,0,1,1i.csv
453,0,0,0,1j.csv
453,0,0,0,1k.csv
453,3,2,1,1l.csv
453,2,2,0,1m.csv
453,1,1,0,2a.csv
453,2,2,0,2b.csv
453,11,10,1,2c.csv
453,1,1,0,2d.csv
453,2,1,1,2e.csv
453,2,2,0,2f.csv
453,1,1,0,2g.csv
453,1,1,0,2h.csv
453,0,0,0,2i.csv
453,0,0,0,2j.csv
453,0,0,0,2k.csv
453,4,2,2,2l.csv
453,7,5,2,3a.csv
453,33,30,3,3b.csv
453,5,3,2,3c.csv
453,5,3,2,3d.csv
453,2,1,1,3e.csv
453,3,3,0,3f.csv
453,17,16,1,3g.csv
454,5,2,3,1a.csv
454,6,4,2,1b.csv
454,2,2,0,1c.csv
454,2,2,0,1e.csv
454,0,0,0,1f.csv
454,1,1,0,1g.csv
454,7,7,0,1h.csv
454,1,0,1,1i.csv
454,0,0,0,1j.csv
454,0,0,0,1k.csv
454,5,4,1,1l.csv
454,2,2,0,1m.csv
454,1,1,0,2a.csv
454,2,2,0,2b.csv
454,12,11,1,2c.csv
454,1,1,0,2d.csv
454,2,1,1,2e.csv
454,2,2,0,2f.csv
454,1,1,0,2g.csv
454,1,1,0,2h.csv
454,0,0,0,2i.csv
454,1,1,0,2j.csv
454,0,0,0,2k.csv
454,3,2,1,2l.csv
454,8,6,2,3a.csv
454,31,28,3,3b.csv
454,4,3,1,3c.csv
454,4,3,1,3d.csv
454,4,3,1,3e.csv
454,4,4,0,3f.csv
454,17,16,1,3g.csv
455,3,1,2,1a.csv
455,4,3,1,1b.csv
455,2,2,0,1c.csv
455,2,2,0,1e.csv
455,0,0,0,1f.csv
455,1,1,0,1g.csv
455,5,5,0,1h.csv
455,1,0,1,1i.csv
455,0,0,0,1j.csv
455,0,0,0,1k.csv
455,5,4,1,1l.csv
455,1,1,0,1m.csv
455,1,1,0,2a.csv
455,2,2,0,2b.csv
455,13,12,1,2c.csv
455,1,1,0,2d.csv
455,1,1,0,2e.csv
455,2,2,0,2f.csv
455,1,1,0,2g.csv
455,1,1,0,2h.csv
455,0,0,0,2i.csv
455,1,1,0,2j.csv
455,0,0,0,2k.csv
455,4,2,2,2l.csv
455,8,7,1,3a.csv
455,29,28,1,3b.csv
455,4,3,1,3c.csv
455,4,3,1,3d.csv
455,3,2,1,3e.csv
455,5,5,0,3f.csv
455,18,16,2,3g.csv
456,3,1,2,1a.csv
456,4,3,1,1b.csv
456,2,2,0,1c.csv
456,2,2,0,1e.csv
456,0,0,0,1f.csv
456,2,1,1,1g.csv
456,4,4,0,1h.csv
456,0,0,0,1i.csv
456,0,0,0,1j.csv
456,0,0,0,1k.csv
456,5,4,1,1l.csv
456,1,1,0,1m.csv
456,1,1,0,2a.csv
456,2,2,0,2b.csv
456,15,14,1,2c.csv
456,1,1,0,2d.csv
456,1,1,0,2e.csv
456,0,0,0,2f.csv
456,2,2,0,2g.csv
456,1,1,0,2h.csv
456,0,0,0,2i.csv
456,1,1,0,2j.csv
456,0,0,0,2k.csv
456,4,2,2,2l.csv
456,6,6,0,3a.csv
456,28,27,1,3b.csv
456,4,3,1,3c.csv
456,4,3,1,3d.csv
456,3,2,1,3e.csv
456,5,5,0,3f.csv
456,16,14,2,3g.csv
457,2,1,1,1a.csv
457,4,3,1,1b.csv
457,1,1,0,1c.csv
457,3,2,1,1e.csv
457,1,0,1,1f.csv
457,2,1,1,1g.csv
457,1,1,0,1h.csv
457,0,0,0,1i.csv
457,0,0,0,1j.csv
457,0,0,0,1k.csv
457,5,4,1,1l.csv
457,0,0,0,1m.csv
457,2,2,0,2a.csv
457,2,2,0,2b.csv
457,15,14,1,2c.csv
457,0,0,0,2d.csv
457,2,2,0,2e.csv
457,0,0,0,2f.csv
457,2,2,0,2g.csv
457,1,1,0,2h.csv
457,0,0,0,2i.csv
457,1,1,0,2j.csv
457,0,0,0,2k.csv
457,4,2,2,2l.csv
457,6,6,0,3a.csv
457,24,24,0,3b.csv
457,3,2,1,3c.csv
457,3,2,1,3d.csv
457,4,2,2,3e.csv
457,6,6,0,3f.csv
457,13,12,1,3g.csv
458,2,1,1,1a.csv
458,3,2,1,1b.csv
458,1,1,0,1c.csv
458,3,2,1,1e.csv
458,1,0,1,1f.csv
458,2,1,1,1g.csv
458,1,1,0,1h.csv
458,0,0,0,1i.csv
458,0,0,0,1j.csv
458,0,0,0,1k.csv
458,5,4,1,1l.csv
458,0,0,0,1m.csv
458,2,2,0,2a.csv
458,2,2,0,2b.csv
458,10,9,1,2c.csv
458,0,0,0,2d.csv
458,1,1,0,2e.csv
458,0,0,0,2f.csv
458,2,2,0,2g.csv
458,1,1,0,2h.csv
458,0,0,0,2i.csv
458,1,1,0,2j.csv
458,0,0,0,2k.csv
458,4,2,2,2l.csv
458,5,5,0,3a.csv
458,19,19,0,3b.csv
458,3,3,0,3c.csv
458,3,3,0,3d.csv
458,3,2,1,3e.csv
458,6,5,1,3f.csv
458,11,10,1,3g.csv
459,2,2,0,1a.csv
459,3,2,1,1b.csv
459,2,1,1,1c.csv
459,2,1,1,1e.csv
459,1,0,1,1f.csv
459,1,0,1,1g.csv
459,1,1,0,1h.csv
459,0,0,0,1i.csv
459,0,0,0,1j.csv
459,0,0,0,1k.csv
459,6,5,1,1l.csv
459,0,0,0,1m.csv
459,1,1,0,2a.csv
459,2,2,0,2b.csv
459,10,9,1,2c.csv
459,0,0,0,2d.csv
459,1,1,0,2e.csv
459,0,0,0,2f.csv
459,2,2,0,2g.csv
459,0,0,0,2h.csv
459,0,0,0,2i.csv
459,1,1,0,2j.csv
459,0,0,0,2k.csv
459,4,2,2,2l.csv
459,4,4,0,3a.csv
459,17,17,0,3b.csv
459,4,4,0,3c.csv
459,4,4,0,3d.csv
459,4,3,1,3e.csv
459,5,4,1,3f.csv
459,9,8,1,3g.csv
460,3,3,0,1a.csv
460,3,2,1,1b.csv
460,1,0,1,1c.csv
460,2,1,1,1e.csv
460,1,0,1,1f.csv
460,1,0,1,1g.csv
460,1,1,0,1h.csv
460,0,0,0,1i.csv
460,0,0,0,1j.csv
460,0,0,0,1k.csv
460,6,5,1,1l.csv
460,0,0,0,1m.csv
460,1,1,0,2a.csv
460,1,1,0,2b.csv
460,10,9,1,2c.csv
460,0,0,0,2d.csv
460,1,1,0,2e.csv
460,0,0,0,2f.csv
460,2,2,0,2g.csv
460,0,0,0,2h.csv
460,0,0,0,2i.csv
460,1,1,0,2j.csv
460,0,0,0,2k.csv
460,4,2,2,2l.csv
460,6,5,1,3a.csv
460,19,17,2,3b.csv
460,4,4,0,3c.csv
460,4,4,0,3d.csv
460,5,4,1,3e.csv
460,5,4,1,3f.csv
460,8,7,1,3g.csv
461,3,3,0,1a.csv
461,3,2,1,1b.csv
461,1,0,1,1c.csv
461,2,1,1,1e.csv
461,1,0,1,1f.csv
461,1,0,1,1g.csv
461,1,1,0,1h.csv
461,0,0,0,1i.csv
461,0,0,0,1j.csv
461,1,1,0,1k.csv
461,3,3,0,1l.csv
461,0,0,0,1m.csv
461,1,1,0,2a.csv
461,0,0,0,2b.csv
461,9,8,1,2c.csv
461,0,0,0,2d.csv
461,1,1,0,2e.csv
461,0,0,0,2f.csv
461,1,1,0,2g.csv
461,0,0,0,2h.csv
461,0,0,0,2i.csv
461,1,1,0,2j.csv
461,0,0,0,2k.csv
461,2,1,1,2l.csv
461,4,3,1,3a.csv
461,15,13,2,3b.csv
461,3,3,0,3c.csv
461,3,3,0,3d.csv
461,5,4,1,3e.csv
461,4,3,1,3f.csv
461,7,6,1,3g.csv
462,2,2,0,1a.csv
462,1,1,0,1b.csv
462,1,0,1,1c.csv
462,2,1,1,1e.csv
462,1,0,1,1f.csv
462,1,0,1,1g.csv
462,0,0,0,1h.csv
462,0,0,0,1i.csv
462,0,0,0,1j.csv
462,1,1,0,1k.csv
462,2,1,1,1l.csv
462,0,0,0,1m.csv
462,1,1,0,2a.csv
462,0,0,0,2b.csv
462,9,8,1,2c.csv
462,0,0,0,2d.csv
462,1,1,0,2e.csv
462,0,0,0,2f.csv
462,2,2,0,2g.csv
462,0,0,0,2h.csv
462,0,0,0,2i.csv
462,0,0,0,2j.csv
462,0,0,0,2k.csv
462,2,1,1,2l.csv
462,5,3,2,3a.csv
462,19,17,2,3b.csv
462,3,3,0,3c.csv
462,3,3,0,3d.csv
462,3,2,1,3e.csv
462,3,2,1,3f.csv
462,7,6,1,3g.csv
463,3,3,0,1a.csv
463,1,1,0,1b.csv
463,1,0,1,1c.csv
463,2,1,1,1e.csv
463,1,0,1,1f.csv
463,1,0,1,1g.csv
463,0,0,0,1h.csv
463,0,0,0,1i.csv
463,0,0,0,1j.csv
463,1,1,0,1k.csv
463,2,1,1,1l.csv
463,0,0,0,1m.csv
463,1,1,0,2a.csv
463,0,0,0,2b.csv
463,9,8,1,2c.csv
463,0,0,0,2d.csv
463,1,1,0,2e.csv
463,0,0,0,2f.csv
463,2,2,0,2g.csv
463,0,0,0,2h.csv
463,0,0,0,2i.csv
463,0,0,0,2j.csv
463,0,0,0,2k.csv
463,1,1,0,2l.csv
463,5,3,2,3a.csv
463,17,15,2,3b.csv
463,3,3,0,3c.csv
463,3,3,0,3d.csv
463,3,2,1,3e.csv
463,3,2,1,3f.csv
463,8,8,0,3g.csv
464,4,3,1,1a.csv
464,1,1,0,1b.csv
464,1,0,1,1c.csv
464,3,2,1,1e.csv
464,1,0,1,1f.csv
464,0,0,0,1g.csv
464,0,0,0,1h.csv
464,0,0,0,1i.csv
464,0,0,0,1j.csv
464,1,1,0,1k.csv
464,2,1,1,1l.csv
464,0,0,0,1m.csv
464,1,1,0,2a.csv
464,0,0,0,2b.csv
464,7,6,1,2c.csv
464,0,0,0,2d.csv
464,1,1,0,2e.csv
464,0,0,0,2f.csv
464,1,1,0,2g.csv
464,0,0,0,2h.csv
464,0,0,0,2i.csv
464,0,0,0,2j.csv
464,0,0,0,2k.csv
464,1,1,0,2l.csv
464,6,4,2,3a.csv
464,19,17,2,3b.csv
464,3,3,0,3c.csv
464,3,3,0,3d.csv
464,5,3,2,3e.csv
464,4,2,2,3f.csv
464,6,6,0,3g.csv
465,4,3,1,1a.csv
465,1,1,0,1b.csv
465,1,0,1,1c.csv
465,2,2,0,1e.csv
465,0,0,0,1f.csv
465,0,0,0,1g.csv
465,0,0,0,1h.csv
465,0,0,0,1i.csv
465,0,0,0,1j.csv
465,1,1,0,1k.csv
465,2,1,1,1l.csv
465,0,0,0,1m.csv
465,0,0,0,2a.csv
465,0,0,0,2b.csv
465,6,5,1,2c.csv
465,0,0,0,2d.csv
465,0,0,0,2e.csv
465,0,0,0,2f.csv
465,1,1,0,2g.csv
465,0,0,0,2h.csv
465,0,0,0,2i.csv
465,0,0,0,2j.csv
465,0,0,0,2k.csv
465,1,0,1,2l.csv
465,7,5,2,3a.csv
465,18,16,2,3b.csv
465,2,2,0,3c.csv
465,2,2,0,3d.csv
465,4,3,1,3e.csv
465,4,1,3,3f.csv
465,7,7,0,3g.csv
466,4,3,1,1a.csv
466,1,1,0,1b.csv
466,1,0,1,1c.csv
466,5,3,2,1e.csv
466,0,0,0,1f.csv
466,0,0,0,1g.csv
466,0,0,0,1h.csv
466,0,0,0,1i.csv
466,0,0,0,1j.csv
466,1,1,0,1k.csv
466,2,1,1,1l.csv
466,1,0,1,1m.csv
466,0,0,0,2a.csv
466,0,0,0,2b.csv
466,6,6,0,2c.csv
466,0,0,0,2d.csv
466,0,0,0,2e.csv
466,0,0,0,2f.csv
466,2,2,0,2g.csv
466,0,0,0,2h.csv
466,0,0,0,2i.csv
466,0,0,0,2j.csv
466,0,0,0,2k.csv
466,2,1,1,2l.csv
466,7,5,2,3a.csv
466,18,16,2,3b.csv
466,1,1,0,3c.csv
466,1,1,0,3d.csv
466,4,3,1,3e.csv
466,4,2,2,3f.csv
466,7,7,0,3g.csv
467,3,2,1,1a.csv
467,1,1,0,1b.csv
467,0,0,0,1c.csv
467,5,3,2,1e.csv
467,0,0,0,1f.csv
467,0,0,0,1g.csv
467,0,0,0,1h.csv
467,0,0,0,1i.csv
467,0,0,0,1j.csv
467,1,1,0,1k.csv
467,1,0,1,1l.csv
467,1,0,1,1m.csv
467,0,0,0,2a.csv
467,0,0,0,2b.csv
467,5,5,0,2c.csv
467,0,0,0,2d.csv
467,0,0,0,2e.csv
467,0,0,0,2f.csv
467,2,2,0,2g.csv
467,0,0,0,2h.csv
467,0,0,0,2i.csv
467,0,0,0,2j.csv
467,0,0,0,2k.csv
467,2,1,1,2l.csv
467,9,7,2,3a.csv
467,15,13,2,3b.csv
467,1,0,1,3c.csv
467,1,0,1,3d.csv
467,4,3,1,3e.csv
467,4,2,2,3f.csv
467,7,7,0,3g.csv
468,2,1,1,1a.csv
468,0,0,0,1b.csv
468,0,0,0,1c.csv
468,7,5,2,1e.csv
468,0,0,0,1f.csv
468,0,0,0,1g.csv
468,0,0,0,1h.csv
468,0,0,0,1i.csv
468,1,1,0,1j.csv
468,1,1,0,1k.csv
468,1,0,1,1l.csv
468,1,0,1,1m.csv
468,0,0,0,2a.csv
468,0,0,0,2b.csv
468,4,4,0,2c.csv
468,0,0,0,2d.csv
468,0,0,0,2e.csv
468,0,0,0,2f.csv
468,2,2,0,2g.csv
468,0,0,0,2h.csv
468,0,0,0,2i.csv
468,0,0,0,2j.csv
468,0,0,0,2k.csv
468,2,1,1,2l.csv
468,9,8,1,3a.csv
468,13,13,0,3b.csv
468,1,0,1,3c.csv
468,1,0,1,3d.csv
468,4,3,1,3e.csv
468,4,2,2,3f.csv
468,8,8,0,3g.csv
469,2,1,1,1a.csv
469,0,0,0,1b.csv
469,0,0,0,1c.csv
469,7,5,2,1e.csv
469,1,1,0,1f.csv
469,0,0,0,1g.csv
469,0,0,0,1h.csv
469,0,0,0,1i.csv
469,1,1,0,1j.csv
469,0,0,0,1k.csv
469,2,1,1,1l.csv
469,1,0,1,1m.csv
469,2,2,0,2a.csv
469,0,0,0,2b.csv
469,3,3,0,2c.csv
469,0,0,0,2d.csv
469,0,0,0,2e.csv
469,0,0,0,2f.csv
469,2,2,0,2g.csv
469,0,0,0,2h.csv
469,0,0,0,2i.csv
469,0,0,0,2j.csv
469,0,0,0,2k.csv
469,2,1,1,2l.csv
469,12,11,1,3a.csv
469,12,12,0,3b.csv
469,3,2,1,3c.csv
469,3,2,1,3d.csv
469,5,4,1,3e.csv
469,4,2,2,3f.csv
469,7,7,0,3g.csv
470,2,1,1,1a.csv
470,0,0,0,1b.csv
470,0,0,0,1c.csv
470,7,5,2,1e.csv
470,2,1,1,1f.csv
470,0,0,0,1g.csv
470,0,0,0,1h.csv
470,0,0,0,1i.csv
470,1,1,0,1j.csv
470,0,0,0,1k.csv
470,1,1,0,1l.csv
470,1,0,1,1m.csv
470,2,2,0,2a.csv
470,0,0,0,2b.csv
470,4,3,1,2c.csv
470,0,0,0,2d.csv
470,0,0,0,2e.csv
470,0,0,0,2f.csv
470,1,1,0,2g.csv
470,1,1,0,2h.csv
470,0,0,0,2i.csv
470,0,0,0,2j.csv
470,0,0,0,2k.csv
470,2,1,1,2l.csv
470,11,11,0,3a.csv
470,10,10,0,3b.csv
470,5,4,1,3c.csv
470,5,4,1,3d.csv
470,6,5,1,3e.csv
470,4,2,2,3f.csv
470,7,7,0,3g.csv
471,1,0,1,1a.csv
471,0,0,0,1b.csv
471,0,0,0,1c.csv
471,7,5,2,1e.csv
471,2,1,1,1f.csv
471,0,0,0,1g.csv
471,0,0,0,1h.csv
471,0,0,0,1i.csv
471,2,1,1,1j.csv
471,1,0,1,1k.csv
471,1,1,0,1l.csv
471,1,0,1,1m.csv
471,3,3,0,2a.csv
471,0,0,0,2b.csv
471,3,2,1,2c.csv
471,0,0,0,2d.csv
471,0,0,0,2e.csv
471,0,0,0,2f.csv
471,1,1,0,2g.csv
471,1,1,0,2h.csv
471,0,0,0,2i.csv
471,0,0,0,2j.csv
471,0,0,0,2k.csv
471,2,1,1,2l.csv
471,11,11,0,3a.csv
471,10,10,0,3b.csv
471,5,4,1,3c.csv
471,5,4,1,3d.csv
471,6,5,1,3e.csv
471,4,1,3,3f.csv
471,4,4,0,3g.csv
472,1,1,0,1a.csv
472,0,0,0,1b.csv
472,0,0,0,1c.csv
472,8,6,2,1e.csv
472,2,1,1,1f.csv
472,0,0,0,1g.csv
472,0,0,0,1h.csv
472,0,0,0,1i.csv
472,2,1,1,1j.csv
472,1,0,1,1k.csv
472,2,2,0,1l.csv
472,1,0,1,1m.csv
472,4,4,0,2a.csv
472,0,0,0,2b.csv
472,4,3,1,2c.csv
472,0,0,0,2d.csv
472,0,0,0,2e.csv
472,0,0,0,2f.csv
472,1,1,0,2g.csv
472,1,1,0,2h.csv
472,0,0,0,2i.csv
472,0,0,0,2j.csv
472,0,0,0,2k.csv
472,2,1,1,2l.csv
472,11,11,0,3a.csv
472,7,7,0,3b.csv
472,6,5,1,3c.csv
472,6,5,1,3d.csv
472,5,5,0,3e.csv
472,3,1,2,3f.csv
472,5,5,0,3g.csv
473,1,1,0,1a.csv
473,0,0,0,1b.csv
473,0,0,0,1c.csv
473,8,6,2,1e.csv
473,4,3,1,1f.csv
473,0,0,0,1g.csv
473,1,1,0,1h.csv
473,1,1,0,1i.csv
473,2,1,1,1j.csv
473,1,0,1,1k.csv
473,2,2,0,1l.csv
473,1,0,1,1m.csv
473,4,4,0,2a.csv
473,0,0,0,2b.csv
473,5,4,1,2c.csv
473,0,0,0,2d.csv
473,0,0,0,2e.csv
473,0,0,0,2f.csv
473,1,1,0,2g.csv
473,1,1,0,2h.csv
473,0,0,0,2i.csv
473,0,0,0,2j.csv
473,0,0,0,2k.csv
473,1,1,0,2l.csv
473,13,13,0,3a.csv
473,7,7,0,3b.csv
473,6,5,1,3c.csv
473,6,5,1,3d.csv
473,5,5,0,3e.csv
473,2,1,1,3f.csv
473,4,4,0,3g.csv
474,1,1,0,1a.csv
474,0,0,0,1b.csv
474,0,0,0,1c.csv
474,6,6,0,1e.csv
474,4,3,1,1f.csv
474,0,0,0,1g.csv
474,1,1,0,1h.csv
474,1,1,0,1i.csv
474,2,1,1,1j.csv
474,1,0,1,1k.csv
474,2,2,0,1l.csv
474,0,0,0,1m.csv
474,4,4,0,2a.csv
474,0,0,0,2b.csv
474,6,5,1,2c.csv
474,0,0,0,2d.csv
474,0,0,0,2e.csv
474,0,0,0,2f.csv
474,0,0,0,2g.csv
474,1,1,0,2h.csv
474,0,0,0,2i.csv
474,0,0,0,2j.csv
474,0,0,0,2k.csv
474,0,0,0,2l.csv
474,14,14,0,3a.csv
474,7,7,0,3b.csv
474,6,5,1,3c.csv
474,6,5,1,3d.csv
474,7,7,0,3e.csv
474,1,0,1,3f.csv
474,4,4,0,3g.csv
475,3,2,1,1a.csv
475,0,0,0,1b.csv
475,0,0,0,1c.csv
475,7,7,0,1e.csv
475,4,3,1,1f.csv
475,1,1,0,1g.csv
475,1,1,0,1h.csv
475,1,1,0,1i.csv
475,3,2,1,1j.csv
475,2,1,1,1k.csv
475,3,3,0,1l.csv
475,0,0,0,1m.csv
475,4,4,0,2a.csv
475,1,0,1,2b.csv
475,6,5,1,2c.csv
475,0,0,0,2d.csv
475,0,0,0,2e.csv
475,0,0,0,2f.csv
475,0,0,0,2g.csv
475,2,2,0,2h.csv
475,0,0,0,2i.csv
475,0,0,0,2j.csv
475,0,0,0,2k.csv
475,0,0,0,2l.csv
475,13,13,0,3a.csv
475,8,8,0,3b.csv
475,7,7,0,3c.csv
475,7,7,0,3d.csv
475,6,6,0,3e.csv
475,1,0,1,3f.csv
475,4,4,0,3g.csv
476,4,3,1,1a.csv
476,1,1,0,1b.csv
476,0,0,0,1c.csv
476,6,6,0,1e.csv
476,4,3,1,1f.csv
476,1,1,0,1g.csv
476,1,1,0,1h.csv
476,1,1,0,1i.csv
476,2,1,1,1j.csv
476,2,1,1,1k.csv
476,3,3,0,1l.csv
476,0,0,0,1m.csv
476,5,5,0,2a.csv
476,1,0,1,2b.csv
476,7,6,1,2c.csv
476,0,0,0,2d.csv
476,0,0,0,2e.csv
476,0,0,0,2f.csv
476,0,0,0,2g.csv
476,3,3,0,2h.csv
476,0,0,0,2i.csv
476,0,0,0,2j.csv
476,0,0,0,2k.csv
476,1,1,0,2l.csv
476,13,13,0,3a.csv
476,7,7,0,3b.csv
476,7,7,0,3c.csv
476,7,7,0,3d.csv
476,7,7,0,3e.csv
476,2,0,2,3f.csv
476,3,3,0,3g.csv
477,5,3,2,1a.csv
477,1,1,0,1b.csv
477,0,0,0,1c.csv
477,6,6,0,1e.csv
477,3,2,1,1f.csv
477,1,1,0,1g.csv
477,1,1,0,1h.csv
477,1,1,0,1i.csv
477,2,1,1,1j.csv
477,2,1,1,1k.csv
477,2,2,0,1l.csv
477,0,0,0,1m.csv
477,3,3,0,2a.csv
477,2,1,1,2b.csv
477,7,6,1,2c.csv
477,0,0,0,2d.csv
477,0,0,0,2e.csv
477,0,0,0,2f.csv
477,0,0,0,2g.csv
477,5,4,1,2h.csv
477,0,0,0,2i.csv
477,0,0,0,2j.csv
477,0,0,0,2k.csv
477,1,1,0,2l.csv
477,11,11,0,3a.csv
477,7,6,1,3b.csv
477,5,5,0,3c.csv
477,5,5,0,3d.csv
477,6,6,0,3e.csv
477,2,0,2,3f.csv
477,4,4,0,3g.csv
478,5,3,2,1a.csv
478,2,2,0,1b.csv
478,0,0,0,1c.csv
478,8,7,1,1e.csv
478,2,2,0,1f.csv
478,1,1,0,1g.csv
478,1,1,0,1h.csv
478,1,1,0,1i.csv
478,2,1,1,1j.csv
478,2,1,1,1k.csv
478,2,2,0,1l.csv
478,0,0,0,1m.csv
478,3,3,0,2a.csv
478,2,1,1,2b.csv
478,5,5,0,2c.csv
478,0,0,0,2d.csv
478,0,0,0,2e.csv
478,1,1,0,2f.csv
478,0,0,0,2g.csv
478,4,3,1,2h.csv
478,0,0,0,2i.csv
478,0,0,0,2j.csv
478,0,0,0,2k.csv
478,1,1,0,2l.csv
478,11,11,0,3a.csv
478,5,4,1,3b.csv
478,3,3,0,3c.csv
478,3,3,0,3d.csv
478,5,5,0,3e.csv
478,2,0,2,3f.csv
478,3,3,0,3g.csv
479,6,3,3,1a.csv
479,3,3,0,1b.csv
479,0,0,0,1c.csv
479,9,8,1,1e.csv
479,3,3,0,1f.csv
479,1,1,0,1g.csv
479,1,1,0,1h.csv
479,1,1,0,1i.csv
479,1,1,0,1j.csv
479,1,1,0,1k.csv
479,2,2,0,1l.csv
479,0,0,0,1m.csv
479,2,2,0,2a.csv
479,2,1,1,2b.csv
479,5,5,0,2c.csv
479,0,0,0,2d.csv
479,0,0,0,2e.csv
479,1,1,0,2f.csv
479,0,0,0,2g.csv
479,5,3,2,2h.csv
479,0,0,0,2i.csv
479,0,0,0,2j.csv
479,0,0,0,2k.csv
479,1,1,0,2l.csv
479,11,11,0,3a.csv
479,11,9,2,3b.csv
479,4,3,1,3c.csv
479,4,3,1,3d.csv
479,5,5,0,3e.csv
479,1,0,1,3f.csv
479,3,3,0,3g.csv
480,6,3,3,1a.csv
480,3,3,0,1b.csv
480,0,0,0,1c.csv
480,9,7,2,1e.csv
480,3,3,0,1f.csv
480,1,1,0,1g.csv
480,1,1,0,1h.csv
480,1,1,0,1i.csv
480,1,1,0,1j.csv
480,1,1,0,1k.csv
480,1,1,0,1l.csv
480,0,0,0,1m.csv
480,1,1,0,2a.csv
480,2,1,1,2b.csv
480,5,5,0,2c.csv
480,0,0,0,2d.csv
480,0,0,0,2e.csv
480,1,1,0,2f.csv
480,0,0,0,2g.csv
480,5,3,2,2h.csv
480,0,0,0,2i.csv
480,0,0,0,2j.csv
480,0,0,0,2k.csv
480,2,2,0,2l.csv
480,10,10,0,3a.csv
480,14,12,2,3b.csv
480,4,3,1,3c.csv
480,4,3,1,3d.csv
480,5,5,0,3e.csv
480,1,0,1,3f.csv
480,2,2,0,3g.csv
481,7,3,4,1a.csv
481,5,5,0,1b.csv
481,0,0,0,1c.csv
481,10,8,2,1e.csv
481,1,1,0,1f.csv
481,1,1,0,1g.csv
481,0,0,0,1h.csv
481,0,0,0,1i.csv
481,1,1,0,1j.csv
481,1,1,0,1k.csv
481,2,2,0,1l.csv
481,1,0,1,1m.csv
481,1,1,0,2a.csv
481,2,1,1,2b.csv
481,4,4,0,2c.csv
481,0,0,0,2d.csv
481,0,0,0,2e.csv
481,1,1,0,2f.csv
481,0,0,0,2g.csv
481,6,4,2,2h.csv
481,0,0,0,2i.csv
481,0,0,0,2j.csv
481,0,0,0,2k.csv
481,3,3,0,2l.csv
481,8,8,0,3a.csv
481,18,16,2,3b.csv
481,4,3,1,3c.csv
481,4,3,1,3d.csv
481,5,5,0,3e.csv
481,1,0,1,3f.csv
481,1,1,0,3g.csv
482,7,3,4,1a.csv
482,6,6,0,1b.csv
482,1,1,0,1c.csv
482,11,8,3,1e.csv
482,1,1,0,1f.csv
482,2,2,0,1g.csv
482,1,0,1,1h.csv
482,0,0,0,1i.csv
482,1,1,0,1j.csv
482,1,1,0,1k.csv
482,2,2,0,1l.csv
482,1,0,1,1m.csv
482,1,1,0,2a.csv
482,2,1,1,2b.csv
482,3,2,1,2c.csv
482,0,0,0,2d.csv
482,0,0,0,2e.csv
482,1,1,0,2f.csv
482,0,0,0,2g.csv
482,6,4,2,2h.csv
482,0,0,0,2i.csv
482,0,0,0,2j.csv
482,0,0,0,2k.csv
482,3,3,0,2l.csv
482,8,8,0,3a.csv
482,21,19,2,3b.csv
482,4,3,1,3c.csv
482,4,3,1,3d.csv
482,4,4,0,3e.csv
482,1,0,1,3f.csv
482,1,1,0,3g.csv
483,5,2,3,1a.csv
483,6,6,0,1b.csv
483,1,1,0,1c.csv
483,10,7,3,1e.csv
483,2,2,0,1f.csv
483,1,1,0,1g.csv
483,1,0,1,1h.csv
483,0,0,0,1i.csv
483,0,0,0,1j.csv
483,0,0,0,1k.csv
483,1,1,0,1l.csv
483,1,0,1,1m.csv
483,2,2,0,2a.csv
483,1,1,0,2b.csv
483,3,2,1,2c.csv
483,0,0,0,2d.csv
483,0,0,0,2e.csv
483,1,1,0,2f.csv
483,0,0,0,2g.csv
483,5,3,2,2h.csv
483,0,0,0,2i.csv
483,0,0,0,2j.csv
483,0,0,0,2k.csv
483,4,4,0,2l.csv
483,8,8,0,3a.csv
483,24,22,2,3b.csv
483,2,1,1,3c.csv
483,2,1,1,3d.csv
483,5,4,1,3e.csv
483,1,0,1,3f.csv
483,1,1,0,3g.csv
484,6,2,4,1a.csv
484,5,5,0,1b.csv
484,1,1,0,1c.csv
484,11,8,3,1e.csv
484,2,2,0,1f.csv
484,1,1,0,1g.csv
484,1,0,1,1h.csv
484,0,0,0,1i.csv
484,0,0,0,1j.csv
484,0,0,0,1k.csv
484,1,1,0,1l.csv
484,1,0,1,1m.csv
484,1,1,0,2a.csv
484,1,1,0,2b.csv
484,2,1,1,2c.csv
484,0,0,0,2d.csv
484,0,0,0,2e.csv
484,1,1,0,2f.csv
484,0,0,0,2g.csv
484,4,2,2,2h.csv
484,0,0,0,2i.csv
484,0,0,0,2j.csv
484,0,0,0,2k.csv
484,3,3,0,2l.csv
484,7,7,0,3a.csv
484,26,22,4,3b.csv
484,5,2,3,3c.csv
484,5,2,3,3d.csv
484,4,2,2,3e.csv
484,0,0,0,3f.csv
484,1,1,0,3g.csv
485,5,2,3,1a.csv
485,5,5,0,1b.csv
485,1,1,0,1c.csv
485,10,7,3,1e.csv
485,2,2,0,1f.csv
485,1,1,0,1g.csv
485,1,0,1,1h.csv
485,0,0,0,1i.csv
485,0,0,0,1j.csv
485,0,0,0,1k.csv
485,1,1,0,1l.csv
485,1,0,1,1m.csv
485,1,1,0,2a.csv
485,0,0,0,2b.csv
485,2,1,1,2c.csv
485,0,0,0,2d.csv
485,0,0,0,2e.csv
485,1,1,0,2f.csv
485,0,0,0,2g.csv
485,2,1,1,2h.csv
485,1,1,0,2i.csv
485,0,0,0,2j.csv
485,0,0,0,2k.csv
485,3,3,0,2l.csv
485,8,8,0,3a.csv
485,28,25,3,3b.csv
485,6,3,3,3c.csv
485,6,3,3,3d.csv
485,5,2,3,3e.csv
485,0,0,0,3f.csv
485,0,0,0,3g.csv
486,5,2,3,1a.csv
486,4,4,0,1b.csv
486,2,2,0,1c.csv
486,9,6,3,1e.csv
486,2,2,0,1f.csv
486,1,1,0,1g.csv
486,1,0,1,1h.csv
486,0,0,0,1i.csv
486,0,0,0,1j.csv
486,0,0,0,1k.csv
486,2,2,0,1l.csv
486,1,0,1,1m.csv
486,1,1,0,2a.csv
486,0,0,0,2b.csv
486,2,1,1,2c.csv
486,0,0,0,2d.csv
486,0,0,0,2e.csv
486,0,0,0,2f.csv
486,0,0,0,2g.csv
486,3,1,2,2h.csv
486,1,1,0,2i.csv
486,0,0,0,2j.csv
486,0,0,0,2k.csv
486,5,3,2,2l.csv
486,8,8,0,3a.csv
486,28,25,3,3b.csv
486,6,3,3,3c.csv
486,6,3,3,3d.csv
486,6,2,4,3e.csv
486,0,0,0,3f.csv
486,0,0,0,3g.csv
487,4,2,2,1a.csv
487,4,4,0,1b.csv
487,3,3,0,1c.csv
487,8,5,3,1e.csv
487,1,1,0,1f.csv
487,1,1,0,1g.csv
487,1,0,1,1h.csv
487,0,0,0,1i.csv
487,0,0,0,1j.csv
487,0,0,0,1k.csv
487,2,2,0,1l.csv
487,1,0,1,1m.csv
487,2,2,0,2a.csv
487,0,0,0,2b.csv
487,2,1,1,2c.csv
487,1,0,1,2d.csv
487,0,0,0,2e.csv
487,0,0,0,2f.csv
487,0,0,0,2g.csv
487,2,1,1,2h.csv
487,1,1,0,2i.csv
487,0,0,0,2j.csv
487,0,0,0,2k.csv
487,5,3,2,2l.csv
487,7,7,0,3a.csv
487,21,19,2,3b.csv
487,5,3,2,3c.csv
487,5,3,2,3d.csv
487,7,2,5,3e.csv
487,2,1,1,3f.csv
487,0,0,0,3g.csv
488,5,3,2,1a.csv
488,4,4,0,1b.csv
488,3,3,0,1c.csv
488,8,6,2,1e.csv
488,1,1,0,1f.csv
488,1,1,0,1g.csv
488,2,1,1,1h.csv
488,0,0,0,1i.csv
488,0,0,0,1j.csv
488,0,0,0,1k.csv
488,3,2,1,1l.csv
488,1,0,1,1m.csv
488,2,2,0,2a.csv
488,0,0,0,2b.csv
488,1,0,1,2c.csv
488,1,0,1,2d.csv
488,1,1,0,2e.csv
488,0,0,0,2f.csv
488,0,0,0,2g.csv
488,2,1,1,2h.csv
488,1,1,0,2i.csv
488,0,0,0,2j.csv
488,0,0,0,2k.csv
488,4,2,2,2l.csv
488,9,9,0,3a.csv
488,23,20,3,3b.csv
488,4,2,2,3c.csv
488,4,2,2,3d.csv
488,8,3,5,3e.csv
488,2,1,1,3f.csv
488,0,0,0,3g.csv
489,8,6,2,1a.csv
489,2,2,0,1b.csv
489,3,3,0,1c.csv
489,7,5,2,1e.csv
489,1,1,0,1f.csv
489,1,1,0,1g.csv
489,2,1,1,1h.csv
489,0,0,0,1i.csv
489,0,0,0,1j.csv
489,0,0,0,1k.csv
489,3,2,1,1l.csv
489,0,0,0,1m.csv
489,2,2,0,2a.csv
489,0,0,0,2b.csv
489,3,1,2,2c.csv
489,1,0,1,2d.csv
489,2,2,0,2e.csv
489,0,0,0,2f.csv
489,0,0,0,2g.csv
489,1,0,1,2h.csv
489,1,1,0,2i.csv
489,0,0,0,2j.csv
489,0,0,0,2k.csv
489,3,1,2,2l.csv
489,8,8,0,3a.csv
489,19,16,3,3b.csv
489,5,3,2,3c.csv
489,5,3,2,3d.csv
489,10,4,6,3e.csv
489,2,1,1,3f.csv
489,0,0,0,3g.csv
490,11,7,4,1a.csv
490,1,1,0,1b.csv
490,2,2,0,1c.csv
490,5,4,1,1e.csv
490,1,1,0,1f.csv
490,0,0,0,1g.csv
490,1,1,0,1h.csv
490,0,0,0,1i.csv
490,0,0,0,1j.csv
490,0,0,0,1k.csv
490,3,2,1,1l.csv
490,0,0,0,1m.csv
490,2,2,0,2a.csv
490,0,0,0,2b.csv
490,2,1,1,2c.csv
490,1,0,1,2d.csv
490,2,2,0,2e.csv
490,0,0,0,2f.csv
490,1,1,0,2g.csv
490,1,0,1,2h.csv
490,1,1,0,2i.csv
490,0,0,0,2j.csv
490,0,0,0,2k.csv
490,3,1,2,2l.csv
490,11,11,0,3a.csv
490,24,20,4,3b.csv
490,5,3,2,3c.csv
490,5,3,2,3d.csv
490,9,3,6,3e.csv
490,2,1,1,3f.csv
490,0,0,0,3g.csv
491,12,8,4,1a.csv
491,1,1,0,1b.csv
491,2,2,0,1c.csv
491,5,4,1,1e.csv
491,0,0,0,1f.csv
491,0,0,0,1g.csv
491,1,1,0,1h.csv
491,0,0,0,1i.csv
491,0,0,0,1j.csv
491,0,0,0,1k.csv
491,3,2,1,1l.csv
491,0,0,0,1m.csv
491,1,1,0,2a.csv
491,0,0,0,2b.csv
491,2,1,1,2c.csv
491,1,0,1,2d.csv
491,2,2,0,2e.csv
491,0,0,0,2f.csv
491,1,1,0,2g.csv
491,1,0,1,2h.csv
491,1,1,0,2i.csv
491,0,0,0,2j.csv
491,0,0,0,2k.csv
491,3,1,2,2l.csv
491,10,10,0,3a.csv
491,26,21,5,3b.csv
491,6,4,2,3c.csv
491,6,4,2,3d.csv
491,8,3,5,3e.csv
491,4,3,1,3f.csv
491,0,0,0,3g.csv
492,11,7,4,1a.csv
492,1,1,0,1b.csv
492,3,3,0,1c.csv
492,5,3,2,1e.csv
492,0,0,0,1f.csv
492,0,0,0,1g.csv
492,1,1,0,1h.csv
492,0,0,0,1i.csv
492,0,0,0,1j.csv
492,0,0,0,1k.csv
492,3,2,1,1l.csv
492,0,0,0,1m.csv
492,3,3,0,2a.csv
492,0,0,0,2b.csv
492,2,1,1,2c.csv
492,1,0,1,2d.csv
492,2,2,0,2e.csv
492,0,0,0,2f.csv
492,1,1,0,2g.csv
492,1,0,1,2h.csv
492,1,1,0,2i.csv
492,0,0,0,2j.csv
492,0,0,0,2k.csv
492,5,2,3,2l.csv
492,10,10,0,3a.csv
492,30,26,4,3b.csv
492,3,3,0,3c.csv
492,3,3,0,3d.csv
492,7,3,4,3e.csv
492,5,3,2,3f.csv
492,1,1,0,3g.csv
493,13,8,5,1a.csv
493,1,1,0,1b.csv
493,3,3,0,1c.csv
493,5,3,2,1e.csv
493,0,0,0,1f.csv
493,0,0,0,1g.csv
493,1,1,0,1h.csv
493,0,0,0,1i.csv
493,0,0,0,1j.csv
493,0,0,0,1k.csv
493,3,2,1,1l.csv
493,0,0,0,1m.csv
493,3,3,0,2a.csv
493,0,0,0,2b.csv
493,2,1,1,2c.csv
493,1,0,1,2d.csv
493,3,3,0,2e.csv
493,0,0,0,2f.csv
493,1,1,0,2g.csv
493,1,0,1,2h.csv
493,0,0,0,2i.csv
493,0,0,0,2j.csv
493,0,0,0,2k.csv
493,7,3,4,2l.csv
493,8,8,0,3a.csv
493,33,29,4,3b.csv
493,2,2,0,3c.csv
493,2,2,0,3d.csv
493,6,3,3,3e.csv
493,5,3,2,3f.csv
493,1,1,0,3g.csv
494,14,9,5,1a.csv
494,1,1,0,1b.csv
494,2,2,0,1c.csv
494,4,3,1,1e.csv
494,1,1,0,1f.csv
494,0,0,0,1g.csv
494,1,1,0,1h.csv
494,0,0,0,1i.csv
494,0,0,0,1j.csv
494,0,0,0,1k.csv
494,2,1,1,1l.csv
494,0,0,0,1m.csv
494,3,3,0,2a.csv
494,0,0,0,2b.csv
494,2,1,1,2c.csv
494,1,0,1,2d.csv
494,4,4,0,2e.csv
494,0,0,0,2f.csv
494,1,1,0,2g.csv
494,0,0,0,2h.csv
494,0,0,0,2i.csv
494,0,0,0,2j.csv
494,0,0,0,2k.csv
494,7,4,3,2l.csv
494,8,7,1,3a.csv
494,36,32,4,3b.csv
494,3,3,0,3c.csv
494,3,3,0,3d.csv
494,6,3,3,3e.csv
494,5,3,2,3f.csv
494,1,1,0,3g.csv
495,15,10,5,1a.csv
495,0,0,0,1b.csv
495,1,1,0,1c.csv
495,4,3,1,1e.csv
495,1,1,0,1f.csv
495,0,0,0,1g.csv
495,1,1,0,1h.csv
495,0,0,0,1i.csv
495,0,0,0,1j.csv
495,0,0,0,1k.csv
495,2,1,1,1l.csv
495,0,0,0,1m.csv
495,2,2,0,2a.csv
495,0,0,0,2b.csv
495,2,1,1,2c.csv
495,0,0,0,2d.csv
495,4,4,0,2e.csv
495,2,2,0,2f.csv
495,1,1,0,2g.csv
495,0,0,0,2h.csv
495,0,0,0,2i.csv
495,0,0,0,2j.csv
495,0,0,0,2k.csv
495,8,4,4,2l.csv
495,8,7,1,3a.csv
495,39,34,5,3b.csv
495,3,3,0,3c.csv
495,3,3,0,3d.csv
495,6,4,2,3e.csv
495,3,2,1,3f.csv
495,1,1,0,3g.csv
496,16,10,6,1a.csv
496,0,0,0,1b.csv
496,2,1,1,1c.csv
496,2,1,1,1e.csv
496,1,1,0,1f.csv
496,0,0,0,1g.csv
496,0,0,0,1h.csv
496,0,0,0,1i.csv
496,0,0,0,1j.csv
496,0,0,0,1k.csv
496,1,1,0,1l.csv
496,0,0,0,1m.csv
496,2,2,0,2a.csv
496,0,0,0,2b.csv
496,2,1,1,2c.csv
496,1,1,0,2d.csv
496,3,3,0,2e.csv
496,2,2,0,2f.csv
496,1,1,0,2g.csv
496,0,0,0,2h.csv
496,0,0,0,2i.csv
496,0,0,0,2j.csv
496,0,0,0,2k.csv
496,11,4,7,2l.csv
496,6,5,1,3a.csv
496,42,37,5,3b.csv
496,4,3,1,3c.csv
496,4,3,1,3d.csv
496,4,2,2,3e.csv
496,3,2,1,3f.csv
496,1,1,0,3g.csv
497,16,10,6,1a.csv
497,0,0,0,1b.csv
497,2,1,1,1c.csv
497,2,1,1,1e.csv
497,1,1,0,1f.csv
497,0,0,0,1g.csv
497,0,0,0,1h.csv
497,0,0,0,1i.csv
497,0,0,0,1j.csv
497,0,0,0,1k.csv
497,0,0,0,1l.csv
497,0,0,0,1m.csv
497,3,3,0,2a.csv
497,0,0,0,2b.csv
497,0,0,0,2c.csv
497,1,1,0,2d.csv
497,2,2,0,2e.csv
497,2,2,0,2f.csv
497,1,1,0,2g.csv
497,0,0,0,2h.csv
497,0,0,0,2i.csv
497,0,0,0,2j.csv
497,0,0,0,2k.csv
497,13,5,8,2l.csv
497,7,5,2,3a.csv
497,44,39,5,3b.csv
497,3,2,1,3c.csv
497,3,2,1,3d.csv
497,3,2,1,3e.csv
497,3,2,1,3f.csv
497,1,1,0,3g.csv
498,14,10,4,1a.csv
498,2,1,1,1b.csv
498,3,1,2,1c.csv
498,2,1,1,1e.csv
498,1,1,0,1f.csv
498,0,0,0,1g.csv
498,0,0,0,1h.csv
498,0,0,0,1i.csv
498,0,0,0,1j.csv
498,0,0,0,1k.csv
498,1,0,1,1l.csv
498,0,0,0,1m.csv
498,3,3,0,2a.csv
498,1,1,0,2b.csv
498,0,0,0,2c.csv
498,1,1,0,2d.csv
498,3,3,0,2e.csv
498,2,2,0,2f.csv
498,0,0,0,2g.csv
498,1,1,0,2h.csv
498,0,0,0,2i.csv
498,0,0,0,2j.csv
498,0,0,0,2k.csv
498,15,7,8,2l.csv
498,4,1,3,3a.csv
498,37,33,4,3b.csv
498,4,3,1,3c.csv
498,4,3,1,3d.csv
498,3,2,1,3e.csv
498,3,2,1,3f.csv
498,1,1,0,3g.csv
499,13,9,4,1a.csv
499,2,1,1,1b.csv
499,4,2,2,1c.csv
499,2,1,1,1e.csv
499,1,1,0,1f.csv
499,0,0,0,1g.csv
499,0,0,0,1h.csv
499,0,0,0,1i.csv
499,0,0,0,1j.csv
499,0,0,0,1k.csv
499,2,1,1,1l.csv
499,0,0,0,1m.csv
499,3,3,0,2a.csv
499,1,1,0,2b.csv
499,0,0,0,2c.csv
499,1,1,0,2d.csv
499,3,3,0,2e.csv
499,2,2,0,2f.csv
499,0,0,0,2g.csv
499,1,1,0,2h.csv
499,0,0,0,2i.csv
499,0,0,0,2j.csv
499,0,0,0,2k.csv
499,16,7,9,2l.csv
499,5,1,4,3a.csv
499,34,31,3,3b.csv
499,4,2,2,3c.csv
499,4,2,2,3d.csv
499,3,2,1,3e.csv
499,1,0,1,3f.csv
499,1,1,0,3g.csv
500,13,10,3,1a.csv
500,4,3,1,1b.csv
500,3,1,2,1c.csv
500,0,0,0,1e.csv
500,1,1,0,1f.csv
500,0,0,0,1g.csv
500,0,0,0,1h.csv
500,0,0,0,1i.csv
500,0,0,0,1j.csv
500,0,0,0,1k.csv
500,3,2,1,1l.csv
500,0,0,0,1m.csv
500,2,2,0,2a.csv
500,1,1,0,2b.csv
500,0,0,0,2c.csv
500,1,1,0,2d.csv
500,3,3,0,2e.csv
500,2,2,0,2f.csv
500,0,0,0,2g.csv
500,1,1,0,2h.csv
500,0,0,0,2i.csv
500,0,0,0,2j.csv
500,0,0,0,2k.csv
500,14,6,8,2l.csv
500,5,0,5,3a.csv
500,32,30,2,3b.csv
500,5,3,2,3c.csv
500,5,3,2,3d.csv
500,4,3,1,3e.csv
500,0,0,0,3f.csv
500,0,0,0,3g.csv
501,17,13,4,1a.csv
501,5,4,1,1b.csv
501,3,1,2,1c.csv
501,0,0,0,1e.csv
501,1,1,0,1f.csv
501,0,0,0,1g.csv
501,0,0,0,1h.csv
501,1,1,0,1i.csv
501,0,0,0,1j.csv
501,0,0,0,1k.csv
501,3,2,1,1l.csv
501,0,0,0,1m.csv
501,2,2,0,2a.csv
501,1,1,0,2b.csv
501,1,0,1,2c.csv
501,1,1,0,2d.csv
501,2,2,0,2e.csv
501,2,2,0,2f.csv
501,0,0,0,2g.csv
501,2,2,0,2h.csv
501,0,0,0,2i.csv
501,0,0,0,2j.csv
501,0,0,0,2k.csv
501,15,6,9,2l.csv
501,5,0,5,3a.csv
501,26,24,2,3b.csv
501,5,3,2,3c.csv
501,5,3,2,3d.csv
501,6,5,1,3e.csv
501,0,0,0,3f.csv
501,1,1,0,3g.csv
502,17,13,4,1a.csv
502,8,7,1,1b.csv
502,3,1,2,1c.csv
502,1,1,0,1e.csv
502,0,0,0,1f.csv
502,0,0,0,1g.csv
502,0,0,0,1h.csv
502,1,1,0,1i.csv
502,0,0,0,1j.csv
502,0,0,0,1k.csv
502,3,2,1,1l.csv
502,0,0,0,1m.csv
502,2,2,0,2a.csv
502,1,1,0,2b.csv
502,1,0,1,2c.csv
502,1,1,0,2d.csv
502,1,1,0,2e.csv
502,2,2,0,2f.csv
502,0,0,0,2g.csv
502,2,2,0,2h.csv
502,0,0,0,2i.csv
502,0,0,0,2j.csv
502,0,0,0,2k.csv
502,14,5,9,2l.csv
502,6,0,6,3a.csv
502,22,20,2,3b.csv
502,4,2,2,3c.csv
502,4,2,2,3d.csv
502,5,5,0,3e.csv
502,0,0,0,3f.csv
502,1,1,0,3g.csv
503,16,12,4,1a.csv
503,9,8,1,1b.csv
503,3,1,2,1c.csv
503,2,2,0,1e.csv
503,0,0,0,1f.csv
503,0,0,0,1g.csv
503,0,0,0,1h.csv
503,1,1,0,1i.csv
503,0,0,0,1j.csv
503,0,0,0,1k.csv
503,4,2,2,1l.csv
503,0,0,0,1m.csv
503,2,2,0,2a.csv
503,1,1,0,2b.csv
503,1,0,1,2c.csv
503,1,1,0,2d.csv
503,2,2,0,2e.csv
503,0,0,0,2f.csv
503,0,0,0,2g.csv
503,2,2,0,2h.csv
503,0,0,0,2i.csv
503,0,0,0,2j.csv
503,0,0,0,2k.csv
503,15,6,9,2l.csv
503,6,0,6,3a.csv
503,23,21,2,3b.csv
503,4,2,2,3c.csv
503,4,2,2,3d.csv
503,8,7,1,3e.csv
503,0,0,0,3f.csv
503,3,3,0,3g.csv
504,14,10,4,1a.csv
504,9,8,1,1b.csv
504,2,1,1,1c.csv
504,2,2,0,1e.csv
504,0,0,0,1f.csv
504,0,0,0,1g.csv
504,0,0,0,1h.csv
504,1,1,0,1i.csv
504,0,0,0,1j.csv
504,0,0,0,1k.csv
504,4,2,2,1l.csv
504,0,0,0,1m.csv
504,2,2,0,2a.csv
504,2,1,1,2b.csv
504,2,1,1,2c.csv
504,0,0,0,2d.csv
504,2,2,0,2e.csv
504,0,0,0,2f.csv
504,0,0,0,2g.csv
504,2,2,0,2h.csv
504,0,0,0,2i.csv
504,0,0,0,2j.csv
504,0,0,0,2k.csv
504,14,7,7,2l.csv
504,7,1,6,3a.csv
504,17,16,1,3b.csv
504,4,3,1,3c.csv
504,4,3,1,3d.csv
504,12,10,2,3e.csv
504,0,0,0,3f.csv
504,4,4,0,3g.csv
505,10,7,3,1a.csv
505,10,8,2,1b.csv
505,3,2,1,1c.csv
505,2,2,0,1e.csv
505,0,0,0,1f.csv
505,0,0,0,1g.csv
505,0,0,0,1h.csv
505,1,1,0,1i.csv
505,0,0,0,1j.csv
505,0,0,0,1k.csv
505,4,2,2,1l.csv
505,0,0,0,1m.csv
505,1,1,0,2a.csv
505,2,1,1,2b.csv
505,2,1,1,2c.csv
505,0,0,0,2d.csv
505,3,3,0,2e.csv
505,0,0,0,2f.csv
505,0,0,0,2g.csv
505,2,2,0,2h.csv
505,0,0,0,2i.csv
505,0,0,0,2j.csv
505,0,0,0,2k.csv
505,13,7,6,2l.csv
505,8,2,6,3a.csv
505,17,16,1,3b.csv
505,5,4,1,3c.csv
505,5,4,1,3d.csv
505,14,11,3,3e.csv
505,0,0,0,3f.csv
505,4,4,0,3g.csv
506,10,7,3,1a.csv
506,8,7,1,1b.csv
506,2,2,0,1c.csv
506,3,3,0,1e.csv
506,0,0,0,1f.csv
506,0,0,0,1g.csv
506,0,0,0,1h.csv
506,1,1,0,1i.csv
506,0,0,0,1j.csv
506,0,0,0,1k.csv
506,3,2,1,1l.csv
506,0,0,0,1m.csv
506,2,2,0,2a.csv
506,1,0,1,2b.csv
506,3,1,2,2c.csv
506,0,0,0,2d.csv
506,2,2,0,2e.csv
506,0,0,0,2f.csv
506,0,0,0,2g.csv
506,1,1,0,2h.csv
506,0,0,0,2i.csv
506,0,0,0,2j.csv
506,0,0,0,2k.csv
506,11,5,6,2l.csv
506,8,2,6,3a.csv
506,17,15,2,3b.csv
506,6,3,3,3c.csv
506,6,3,3,3d.csv
506,16,13,3,3e.csv
506,0,0,0,3f.csv
506,4,4,0,3g.csv
507,11,8,3,1a.csv
507,9,8,1,1b.csv
507,1,1,0,1c.csv
507,3,3,0,1e.csv
507,0,0,0,1f.csv
507,0,0,0,1g.csv
507,0,0,0,1h.csv
507,1,1,0,1i.csv
507,0,0,0,1j.csv
507,0,0,0,1k.csv
507,2,1,1,1l.csv
507,0,0,0,1m.csv
507,3,2,1,2a.csv
507,1,0,1,2b.csv
507,3,1,2,2c.csv
507,0,0,0,2d.csv
507,2,2,0,2e.csv
507,0,0,0,2f.csv
507,0,0,0,2g.csv
507,1,1,0,2h.csv
507,0,0,0,2i.csv
507,0,0,0,2j.csv
507,0,0,0,2k.csv
507,12,5,7,2l.csv
507,9,3,6,3a.csv
507,16,14,2,3b.csv
507,5,3,2,3c.csv
507,5,3,2,3d.csv
507,16,13,3,3e.csv
507,0,0,0,3f.csv
507,4,4,0,3g.csv
508,10,7,3,1a.csv
508,9,7,2,1b.csv
508,1,1,0,1c.csv
508,3,3,0,1e.csv
508,0,0,0,1f.csv
508,0,0,0,1g.csv
508,0,0,0,1h.csv
508,1,1,0,1i.csv
508,0,0,0,1j.csv
508,0,0,0,1k.csv
508,1,0,1,1l.csv
508,0,0,0,1m.csv
508,2,1,1,2a.csv
508,2,1,1,2b.csv
508,3,1,2,2c.csv
508,0,0,0,2d.csv
508,2,2,0,2e.csv
508,0,0,0,2f.csv
508,0,0,0,2g.csv
508,1,1,0,2h.csv
508,1,1,0,2i.csv
508,0,0,0,2j.csv
508,0,0,0,2k.csv
508,12,5,7,2l.csv
508,9,3,6,3a.csv
508,13,11,2,3b.csv
508,4,2,2,3c.csv
508,4,2,2,3d.csv
508,15,12,3,3e.csv
508,1,1,0,3f.csv
508,4,4,0,3g.csv
509,6,4,2,1a.csv
509,8,6,2,1b.csv
509,1,1,0,1c.csv
509,3,3,0,1e.csv
509,0,0,0,1f.csv
509,0,0,0,1g.csv
509,0,0,0,1h.csv
509,0,0,0,1i.csv
509,0,0,0,1j.csv
509,0,0,0,1k.csv
509,2,1,1,1l.csv
509,0,0,0,1m.csv
509,3,1,2,2a.csv
509,3,2,1,2b.csv
509,4,1,3,2c.csv
509,0,0,0,2d.csv
509,3,2,1,2e.csv
509,0,0,0,2f.csv
509,0,0,0,2g.csv
509,0,0,0,2h.csv
509,1,1,0,2i.csv
509,0,0,0,2j.csv
509,0,0,0,2k.csv
509,13,6,7,2l.csv
509,10,4,6,3a.csv
509,13,11,2,3b.csv
509,4,2,2,3c.csv
509,4,2,2,3d.csv
509,13,10,3,3e.csv
509,1,1,0,3f.csv
509,3,3,0,3g.csv
510,5,3,2,1a.csv
510,6,3,3,1b.csv
510,1,1,0,1c.csv
510,2,2,0,1e.csv
510,0,0,0,1f.csv
510,0,0,0,1g.csv
510,0,0,0,1h.csv
510,0,0,0,1i.csv
510,0,0,0,1j.csv
510,1,1,0,1k.csv
510,2,1,1,1l.csv
510,0,0,0,1m.csv
510,3,1,2,2a.csv
510,3,2,1,2b.csv
510,4,1,3,2c.csv
510,0,0,0,2d.csv
510,3,2,1,2e.csv
510,0,0,0,2f.csv
510,0,0,0,2g.csv
510,0,0,0,2h.csv
510,1,1,0,2i.csv
510,0,0,0,2j.csv
510,0,0,0,2k.csv
510,13,7,6,2l.csv
510,11,7,4,3a.csv
510,14,12,2,3b.csv
510,5,3,2,3c.csv
510,5,3,2,3d.csv
510,13,10,3,3e.csv
510,1,1,0,3f.csv
510,3,3,0,3g.csv
511,5,3,2,1a.csv
511,5,2,3,1b.csv
511,1,1,0,1c.csv
511,2,2,0,1e.csv
511,0,0,0,1f.csv
511,0,0,0,1g.csv
511,0,0,0,1h.csv
511,0,0,0,1i.csv
511,0,0,0,1j.csv
511,1,1,0,1k.csv
511,2,2,0,1l.csv
511,0,0,0,1m.csv
511,3,1,2,2a.csv
511,3,2,1,2b.csv
511,5,2,3,2c.csv
511,0,0,0,2d.csv
511,2,1,1,2e.csv
511,0,0,0,2f.csv
511,0,0,0,2g.csv
511,0,0,0,2h.csv
511,2,1,1,2i.csv
511,0,0,0,2j.csv
511,0,0,0,2k.csv
511,11,6,5,2l.csv
511,12,8,4,3a.csv
511,11,10,1,3b.csv
511,5,3,2,3c.csv
511,5,3,2,3d.csv
511,9,7,2,3e.csv
511,1,1,0,3f.csv
511,2,2,0,3g.csv
512,4,3,1,1a.csv
512,5,2,3,1b.csv
512,1,1,0,1c.csv
512,3,3,0,1e.csv
512,0,0,0,1f.csv
512,0,0,0,1g.csv
512,0,0,0,1h.csv
512,0,0,0,1i.csv
512,0,0,0,1j.csv
512,1,1,0,1k.csv
512,2,2,0,1l.csv
512,0,0,0,1m.csv
512,3,1,2,2a.csv
512,2,2,0,2b.csv
512,7,4,3,2c.csv
512,0,0,0,2d.csv
512,2,1,1,2e.csv
512,0,0,0,2f.csv
512,0,0,0,2g.csv
512,0,0,0,2h.csv
512,2,1,1,2i.csv
512,0,0,0,2j.csv
512,0,0,0,2k.csv
512,9,5,4,2l.csv
512,11,7,4,3a.csv
512,10,9,1,3b.csv
512,4,2,2,3c.csv
512,4,2,2,3d.csv
512,8,6,2,3e.csv
512,1,1,0,3f.csv
512,1,1,0,3g.csv
513,5,4,1,1a.csv
513,5,3,2,1b.csv
513,0,0,0,1c.csv
513,3,3,0,1e.csv
513,0,0,0,1f.csv
513,0,0,0,1g.csv
513,0,0,0,1h.csv
513,0,0,0,1i.csv
513,0,0,0,1j.csv
513,1,1,0,1k.csv
513,2,2,0,1l.csv
513,0,0,0,1m.csv
513,3,1,2,2a.csv
513,3,2,1,2b.csv
513,9,6,3,2c.csv
513,0,0,0,2d.csv
513,1,0,1,2e.csv
513,0,0,0,2f.csv
513,0,0,0,2g.csv
513,0,0,0,2h.csv
513,2,1,1,2i.csv
513,0,0,0,2j.csv
513,0,0,0,2k.csv
513,8,4,4,2l.csv
513,12,9,3,3a.csv
513,9,8,1,3b.csv
513,3,1,2,3c.csv
513,3,1,2,3d.csv
513,6,5,1,3e.csv
513,1,1,0,3f.csv
513,2,1,1,3g.csv
514,5,4,1,1a.csv
514,5,3,2,1b.csv
514,0,0,0,1c.csv
514,2,2,0,1e.csv
514,0,0,0,1f.csv
514,0,0,0,1g.csv
514,0,0,0,1h.csv
514,0,0,0,1i.csv
514,0,0,0,1j.csv
514,1,1,0,1k.csv
514,3,3,0,1l.csv
514,0,0,0,1m.csv
514,2,0,2,2a.csv
514,3,2,1,2b.csv
514,8,6,2,2c.csv
514,0,0,0,2d.csv
514,1,0,1,2e.csv
514,0,0,0,2f.csv
514,0,0,0,2g.csv
514,0,0,0,2h.csv
514,2,1,1,2i.csv
514,0,0,0,2j.csv
514,0,0,0,2k.csv
514,10,5,5,2l.csv
514,11,9,2,3a.csv
514,9,9,0,3b.csv
514,1,1,0,3c.csv
514,1,1,0,3d.csv
514,4,3,1,3e.csv
514,1,1,0,3f.csv
514,2,1,1,3g.csv
515,5,4,1,1a.csv
515,4,2,2,1b.csv
515,0,0,0,1c.csv
515,2,2,0,1e.csv
515,0,0,0,1f.csv
515,0,0,0,1g.csv
515,0,0,0,1h.csv
515,0,0,0,1i.csv
515,0,0,0,1j.csv
515,1,1,0,1k.csv
515,4,4,0,1l.csv
515,0,0,0,1m.csv
515,1,0,1,2a.csv
515,3,2,1,2b.csv
515,9,7,2,2c.csv
515,0,0,0,2d.csv
515,1,0,1,2e.csv
515,0,0,0,2f.csv
515,0,0,0,2g.csv
515,0,0,0,2h.csv
515,2,1,1,2i.csv
515,0,0,0,2j.csv
515,0,0,0,2k.csv
515,9,6,3,2l.csv
515,10,9,1,3a.csv
515,9,9,0,3b.csv
515,2,2,0,3c.csv
515,2,2,0,3d.csv
515,8,6,2,3e.csv
515,2,2,0,3f.csv
515,4,2,2,3g.csv
516,8,6,2,1a.csv
516,2,1,1,1b.csv
516,0,0,0,1c.csv
516,2,2,0,1e.csv
516,0,0,0,1f.csv
516,0,0,0,1g.csv
516,0,0,0,1h.csv
516,0,0,0,1i.csv
516,0,0,0,1j.csv
516,1,1,0,1k.csv
516,4,4,0,1l.csv
516,0,0,0,1m.csv
516,1,0,1,2a.csv
516,2,1,1,2b.csv
516,9,7,2,2c.csv
516,0,0,0,2d.csv
516,1,0,1,2e.csv
516,0,0,0,2f.csv
516,0,0,0,2g.csv
516,0,0,0,2h.csv
516,1,0,1,2i.csv
516,0,0,0,2j.csv
516,0,0,0,2k.csv
516,10,6,4,2l.csv
516,10,10,0,3a.csv
516,8,8,0,3b.csv
516,2,2,0,3c.csv
516,2,2,0,3d.csv
516,8,6,2,3e.csv
516,1,1,0,3f.csv
516,4,2,2,3g.csv
517,8,6,2,1a.csv
517,3,2,1,1b.csv
517,0,0,0,1c.csv
517,2,2,0,1e.csv
517,0,0,0,1f.csv
517,0,0,0,1g.csv
517,0,0,0,1h.csv
517,0,0,0,1i.csv
517,0,0,0,1j.csv
517,1,1,0,1k.csv
517,3,3,0,1l.csv
517,0,0,0,1m.csv
517,0,0,0,2a.csv
517,1,0,1,2b.csv
517,7,7,0,2c.csv
517,0,0,0,2d.csv
517,0,0,0,2e.csv
517,0,0,0,2f.csv
517,0,0,0,2g.csv
517,0,0,0,2h.csv
517,1,0,1,2i.csv
517,0,0,0,2j.csv
517,0,0,0,2k.csv
517,7,4,3,2l.csv
517,11,11,0,3a.csv
517,11,11,0,3b.csv
517,2,2,0,3c.csv
517,2,2,0,3d.csv
517,8,6,2,3e.csv
517,1,1,0,3f.csv
517,4,2,2,3g.csv
518,11,8,3,1a.csv
518,2,2,0,1b.csv
518,0,0,0,1c.csv
518,2,2,0,1e.csv
518,0,0,0,1f.csv
518,0,0,0,1g.csv
518,0,0,0,1h.csv
518,0,0,0,1i.csv
518,0,0,0,1j.csv
518,0,0,0,1k.csv
518,3,3,0,1l.csv
518,0,0,0,1m.csv
518,0,0,0,2a.csv
518,1,0,1,2b.csv
518,7,7,0,2c.csv
518,0,0,0,2d.csv
518,0,0,0,2e.csv
518,0,0,0,2f.csv
518,0,0,0,2g.csv
518,0,0,0,2h.csv
518,1,0,1,2i.csv
518,0,0,0,2j.csv
518,0,0,0,2k.csv
518,7,3,4,2l.csv
518,10,10,0,3a.csv
518,10,10,0,3b.csv
518,2,2,0,3c.csv
518,2,2,0,3d.csv
518,8,6,2,3e.csv
518,2,1,1,3f.csv
518,4,2,2,3g.csv
519,16,13,3,1a.csv
519,2,2,0,1b.csv
519,0,0,0,1c.csv
519,2,2,0,1e.csv
519,0,0,0,1f.csv
519,0,0,0,1g.csv
519,0,0,0,1h.csv
519,0,0,0,1i.csv
519,0,0,0,1j.csv
519,0,0,0,1k.csv
519,2,2,0,1l.csv
519,0,0,0,1m.csv
519,0,0,0,2a.csv
519,2,0,2,2b.csv
519,6,6,0,2c.csv
519,0,0,0,2d.csv
519,0,0,0,2e.csv
519,0,0,0,2f.csv
519,0,0,0,2g.csv
519,0,0,0,2h.csv
519,0,0,0,2i.csv
519,0,0,0,2j.csv
519,0,0,0,2k.csv
519,7,3,4,2l.csv
519,9,9,0,3a.csv
519,11,11,0,3b.csv
519,3,2,1,3c.csv
519,3,2,1,3d.csv
519,9,7,2,3e.csv
519,3,2,1,3f.csv
519,4,2,2,3g.csv
520,24,21,3,1a.csv
520,2,2,0,1b.csv
520,0,0,0,1c.csv
520,2,1,1,1e.csv
520,0,0,0,1f.csv
520,0,0,0,1g.csv
520,0,0,0,1h.csv
520,0,0,0,1i.csv
520,1,1,0,1j.csv
520,0,0,0,1k.csv
520,2,2,0,1l.csv
520,0,0,0,1m.csv
520,0,0,0,2a.csv
520,2,0,2,2b.csv
520,3,3,0,2c.csv
520,0,0,0,2d.csv
520,0,0,0,2e.csv
520,0,0,0,2f.csv
520,0,0,0,2g.csv
520,0,0,0,2h.csv
520,0,0,0,2i.csv
520,0,0,0,2j.csv
520,0,0,0,2k.csv
520,7,3,4,2l.csv
520,9,9,0,3a.csv
520,11,11,0,3b.csv
520,3,2,1,3c.csv
520,3,2,1,3d.csv
520,6,5,1,3e.csv
520,4,3,1,3f.csv
520,7,4,3,3g.csv
521,32,28,4,1a.csv
521,1,1,0,1b.csv
521,0,0,0,1c.csv
521,4,3,1,1e.csv
521,0,0,0,1f.csv
521,0,0,0,1g.csv
521,0,0,0,1h.csv
521,0,0,0,1i.csv
521,1,1,0,1j.csv
521,0,0,0,1k.csv
521,2,2,0,1l.csv
521,0,0,0,1m.csv
521,0,0,0,2a.csv
521,1,0,1,2b.csv
521,1,1,0,2c.csv
521,0,0,0,2d.csv
521,0,0,0,2e.csv
521,0,0,0,2f.csv
521,0,0,0,2g.csv
521,0,0,0,2h.csv
521,0,0,0,2i.csv
521,0,0,0,2j.csv
521,0,0,0,2k.csv
521,7,3,4,2l.csv
521,8,6,2,3a.csv
521,10,10,0,3b.csv
521,3,2,1,3c.csv
521,3,2,1,3d.csv
521,6,5,1,3e.csv
521,4,3,1,3f.csv
521,7,5,2,3g.csv
522,31,27,4,1a.csv
522,1,1,0,1b.csv
522,0,0,0,1c.csv
522,4,3,1,1e.csv
522,0,0,0,1f.csv
522,0,0,0,1g.csv
522,0,0,0,1h.csv
522,0,0,0,1i.csv
522,1,1,0,1j.csv
522,0,0,0,1k.csv
522,1,1,0,1l.csv
522,0,0,0,1m.csv
522,0,0,0,2a.csv
522,1,0,1,2b.csv
522,1,1,0,2c.csv
522,0,0,0,2d.csv
522,0,0,0,2e.csv
522,0,0,0,2f.csv
522,0,0,0,2g.csv
522,0,0,0,2h.csv
522,0,0,0,2i.csv
522,0,0,0,2j.csv
522,0,0,0,2k.csv
522,6,2,4,2l.csv
522,9,6,3,3a.csv
522,10,10,0,3b.csv
522,3,2,1,3c.csv
522,3,2,1,3d.csv
522,6,5,1,3e.csv
522,4,3,1,3f.csv
522,7,5,2,3g.csv
523,33,29,4,1a.csv
523,2,2,0,1b.csv
523,0,0,0,1c.csv
523,4,3,1,1e.csv
523,0,0,0,1f.csv
523,0,0,0,1g.csv
523,0,0,0,1h.csv
523,0,0,0,1i.csv
523,1,1,0,1j.csv
523,0,0,0,1k.csv
523,1,1,0,1l.csv
523,0,0,0,1m.csv
523,0,0,0,2a.csv
523,1,0,1,2b.csv
523,0,0,0,2c.csv
523,0,0,0,2d.csv
523,0,0,0,2e.csv
523,0,0,0,2f.csv
523,0,0,0,2g.csv
523,0,0,0,2h.csv
523,0,0,0,2i.csv
523,0,0,0,2j.csv
523,0,0,0,2k.csv
523,4,0,4,2l.csv
523,10,6,4,3a.csv
523,9,9,0,3b.csv
523,3,1,2,3c.csv
523,3,1,2,3d.csv
523,2,2,0,3e.csv
523,5,4,1,3f.csv
523,5,4,1,3g.csv
524,32,28,4,1a.csv
524,3,3,0,1b.csv
524,0,0,0,1c.csv
524,4,3,1,1e.csv
524,0,0,0,1f.csv
524,0,0,0,1g.csv
524,0,0,0,1h.csv
524,0,0,0,1i.csv
524,1,1,0,1j.csv
524,0,0,0,1k.csv
524,1,1,0,1l.csv
524,0,0,0,1m.csv
524,0,0,0,2a.csv
524,1,0,1,2b.csv
524,0,0,0,2c.csv
524,0,0,0,2d.csv
524,0,0,0,2e.csv
524,0,0,0,2f.csv
524,0,0,0,2g.csv
524,0,0,0,2h.csv
524,0,0,0,2i.csv
524,0,0,0,2j.csv
524,0,0,0,2k.csv
524,4,0,4,2l.csv
524,13,8,5,3a.csv
524,10,10,0,3b.csv
524,4,1,3,3c.csv
524,4,1,3,3d.csv
524,2,2,0,3e.csv
524,6,5,1,3f.csv
524,6,5,1,3g.csv
525,36,33,3,1a.csv
525,3,3,0,1b.csv
525,0,0,0,1c.csv
525,4,3,1,1e.csv
525,0,0,0,1f.csv
525,0,0,0,1g.csv
525,0,0,0,1h.csv
525,0,0,0,1i.csv
525,1,1,0,1j.csv
525,0,0,0,1k.csv
525,1,1,0,1l.csv
525,0,0,0,1m.csv
525,0,0,0,2a.csv
525,1,0,1,2b.csv
525,0,0,0,2c.csv
525,0,0,0,2d.csv
525,0,0,0,2e.csv
525,0,0,0,2f.csv
525,0,0,0,2g.csv
525,0,0,0,2h.csv
525,0,0,0,2i.csv
525,0,0,0,2j.csv
525,0,0,0,2k.csv
525,3,0,3,2l.csv
525,14,8,6,3a.csv
525,8,8,0,3b.csv
525,4,1,3,3c.csv
525,4,1,3,3d.csv
525,2,2,0,3e.csv
525,7,6,1,3f.csv
525,6,5,1,3g.csv
526,40,37,3,1a.csv
526,3,3,0,1b.csv
526,0,0,0,1c.csv
526,4,3,1,1e.csv
526,0,0,0,1f.csv
526,0,0,0,1g.csv
526,0,0,0,1h.csv
526,0,0,0,1i.csv
526,1,1,0,1j.csv
526,0,0,0,1k.csv
526,1,1,0,1l.csv
526,0,0,0,1m.csv
526,0,0,0,2a.csv
526,2,0,2,2b.csv
526,0,0,0,2c.csv
526,0,0,0,2d.csv
526,0,0,0,2e.csv
526,0,0,0,2f.csv
526,0,0,0,2g.csv
526,0,0,0,2h.csv
526,0,0,0,2i.csv
526,0,0,0,2j.csv
526,0,0,0,2k.csv
526,3,1,2,2l.csv
526,14,8,6,3a.csv
526,9,9,0,3b.csv
526,3,0,3,3c.csv
526,3,0,3,3d.csv
526,2,2,0,3e.csv
526,6,6,0,3f.csv
526,6,5,1,3g.csv
527,40,37,3,1a.csv
527,3,3,0,1b.csv
527,0,0,0,1c.csv
527,3,2,1,1e.csv
527,0,0,0,1f.csv
527,0,0,0,1g.csv
527,0,0,0,1h.csv
527,0,0,0,1i.csv
527,1,1,0,1j.csv
527,0,0,0,1k.csv
527,1,1,0,1l.csv
527,0,0,0,1m.csv
527,0,0,0,2a.csv
527,1,0,1,2b.csv
527,0,0,0,2c.csv
527,0,0,0,2d.csv
527,0,0,0,2e.csv
527,0,0,0,2f.csv
527,0,0,0,2g.csv
527,0,0,0,2h.csv
527,0,0,0,2i.csv
527,0,0,0,2j.csv
527,0,0,0,2k.csv
527,4,2,2,2l.csv
527,17,11,6,3a.csv
527,7,7,0,3b.csv
527,2,0,2,3c.csv
527,2,0,2,3d.csv
527,2,2,0,3e.csv
527,6,6,0,3f.csv
527,6,5,1,3g.csv
528,35,31,4,1a.csv
528,3,3,0,1b.csv
528,0,0,0,1c.csv
528,2,2,0,1e.csv
528,0,0,0,1f.csv
528,0,0,0,1g.csv
528,0,0,0,1h.csv
528,0,0,0,1i.csv
528,0,0,0,1j.csv
528,0,0,0,1k.csv
528,1,1,0,1l.csv
528,1,1,0,1m.csv
528,0,0,0,2a.csv
528,1,0,1,2b.csv
528,0,0,0,2c.csv
528,0,0,0,2d.csv
528,1,0,1,2e.csv
528,0,0,0,2f.csv
528,0,0,0,2g.csv
528,0,0,0,2h.csv
528,0,0,0,2i.csv
528,0,0,0,2j.csv
528,0,0,0,2k.csv
528,5,2,3,2l.csv
528,18,11,7,3a.csv
528,7,7,0,3b.csv
528,2,0,2,3c.csv
528,2,0,2,3d.csv
528,2,2,0,3e.csv
528,8,8,0,3f.csv
528,3,3,0,3g.csv
529,29,24,5,1a.csv
529,3,3,0,1b.csv
529,0,0,0,1c.csv
529,0,0,0,1e.csv
529,0,0,0,1f.csv
529,0,0,0,1g.csv
529,0,0,0,1h.csv
529,0,0,0,1i.csv
529,0,0,0,1j.csv
529,0,0,0,1k.csv
529,1,1,0,1l.csv
529,1,1,0,1m.csv
529,0,0,0,2a.csv
529,1,0,1,2b.csv
529,0,0,0,2c.csv
529,0,0,0,2d.csv
529,1,0,1,2e.csv
529,0,0,0,2f.csv
529,0,0,0,2g.csv
529,0,0,0,2h.csv
529,0,0,0,2i.csv
529,0,0,0,2j.csv
529,0,0,0,2k.csv
529,5,2,3,2l.csv
529,18,12,6,3a.csv
529,7,7,0,3b.csv
529,4,0,4,3c.csv
529,4,0,4,3d.csv
529,1,1,0,3e.csv
529,9,9,0,3f.csv
529,2,2,0,3g.csv
530,35,28,7,1a.csv
530,3,3,0,1b.csv
530,0,0,0,1c.csv
530,1,1,0,1e.csv
530,0,0,0,1f.csv
530,0,0,0,1g.csv
530,0,0,0,1h.csv
530,0,0,0,1i.csv
530,0,0,0,1j.csv
530,0,0,0,1k.csv
530,1,1,0,1l.csv
530,1,1,0,1m.csv
530,0,0,0,2a.csv
530,2,1,1,2b.csv
530,0,0,0,2c.csv
530,0,0,0,2d.csv
530,1,0,1,2e.csv
530,0,0,0,2f.csv
530,0,0,0,2g.csv
530,0,0,0,2h.csv
530,0,0,0,2i.csv
530,0,0,0,2j.csv
530,0,0,0,2k.csv
530,5,2,3,2l.csv
530,22,15,7,3a.csv
530,7,7,0,3b.csv
530,7,3,4,3c.csv
530,7,3,4,3d.csv
530,1,1,0,3e.csv
530,9,9,0,3f.csv
530,2,2,0,3g.csv
531,33,26,7,1a.csv
531,2,2,0,1b.csv
531,1,0,1,1c.csv
531,3,1,2,1e.csv
531,0,0,0,1f.csv
531,0,0,0,1g.csv
531,0,0,0,1h.csv
531,0,0,0,1i.csv
531,0,0,0,1j.csv
531,0,0,0,1k.csv
531,0,0,0,1l.csv
531,1,1,0,1m.csv
531,0,0,0,2a.csv
531,2,1,1,2b.csv
531,0,0,0,2c.csv
531,0,0,0,2d.csv
531,1,0,1,2e.csv
531,0,0,0,2f.csv
531,0,0,0,2g.csv
531,0,0,0,2h.csv
531,0,0,0,2i.csv
531,0,0,0,2j.csv
531,0,0,0,2k.csv
531,9,4,5,2l.csv
531,23,16,7,3a.csv
531,12,12,0,3b.csv
531,6,3,3,3c.csv
531,6,3,3,3d.csv
531,2,2,0,3e.csv
531,7,7,0,3f.csv
531,2,2,0,3g.csv
532,43,34,9,1a.csv
532,1,1,0,1b.csv
532,1,0,1,1c.csv
532,3,1,2,1e.csv
532,0,0,0,1f.csv
532,0,0,0,1g.csv
532,0,0,0,1h.csv
532,0,0,0,1i.csv
532,0,0,0,1j.csv
532,0,0,0,1k.csv
532,0,0,0,1l.csv
532,1,1,0,1m.csv
532,0,0,0,2a.csv
532,3,1,2,2b.csv
532,0,0,0,2c.csv
532,0,0,0,2d.csv
532,1,0,1,2e.csv
532,0,0,0,2f.csv
532,0,0,0,2g.csv
532,0,0,0,2h.csv
532,0,0,0,2i.csv
532,0,0,0,2j.csv
532,0,0,0,2k.csv
532,8,4,4,2l.csv
532,20,14,6,3a.csv
532,12,12,0,3b.csv
532,8,6,2,3c.csv
532,8,6,2,3d.csv
532,3,3,0,3e.csv
532,7,6,1,3f.csv
532,2,2,0,3g.csv
533,46,35,11,1a.csv
533,1,1,0,1b.csv
533,3,2,1,1c.csv
533,3,1,2,1e.csv
533,0,0,0,1f.csv
533,0,0,0,1g.csv
533,0,0,0,1h.csv
533,0,0,0,1i.csv
533,0,0,0,1j.csv
533,0,0,0,1k.csv
533,1,1,0,1l.csv
533,1,1,0,1m.csv
533,0,0,0,2a.csv
533,3,1,2,2b.csv
533,0,0,0,2c.csv
533,0,0,0,2d.csv
533,1,0,1,2e.csv
533,0,0,0,2f.csv
533,0,0,0,2g.csv
533,0,0,0,2h.csv
533,0,0,0,2i.csv
533,0,0,0,2j.csv
533,0,0,0,2k.csv
533,10,5,5,2l.csv
533,20,12,8,3a.csv
533,12,12,0,3b.csv
533,8,6,2,3c.csv
533,8,6,2,3d.csv
533,5,5,0,3e.csv
533,6,5,1,3f.csv
533,5,4,1,3g.csv
534,41,30,11,1a.csv
534,1,1,0,1b.csv
534,5,4,1,1c.csv
534,3,1,2,1e.csv
534,0,0,0,1f.csv
534,0,0,0,1g.csv
534,0,0,0,1h.csv
534,0,0,0,1i.csv
534,0,0,0,1j.csv
534,0,0,0,1k.csv
534,2,2,0,1l.csv
534,1,1,0,1m.csv
534,0,0,0,2a.csv
534,2,1,1,2b.csv
534,0,0,0,2c.csv
534,0,0,0,2d.csv
534,1,0,1,2e.csv
534,0,0,0,2f.csv
534,0,0,0,2g.csv
534,0,0,0,2h.csv
534,0,0,0,2i.csv
534,0,0,0,2j.csv
534,0,0,0,2k.csv
534,10,5,5,2l.csv
534,19,11,8,3a.csv
534,12,12,0,3b.csv
534,8,6,2,3c.csv
534,8,6,2,3d.csv
534,6,6,0,3e.csv
534,6,5,1,3f.csv
534,7,6,1,3g.csv
535,40,28,12,1a.csv
535,1,1,0,1b.csv
535,5,4,1,1c.csv
535,3,1,2,1e.csv
535,0,0,0,1f.csv
535,0,0,0,1g.csv
535,0,0,0,1h.csv
535,0,0,0,1i.csv
535,0,0,0,1j.csv
535,0,0,0,1k.csv
535,3,3,0,1l.csv
535,1,1,0,1m.csv
535,0,0,0,2a.csv
535,2,1,1,2b.csv
535,0,0,0,2c.csv
535,0,0,0,2d.csv
535,1,0,1,2e.csv
535,1,1,0,2f.csv
535,0,0,0,2g.csv
535,0,0,0,2h.csv
535,0,0,0,2i.csv
535,0,0,0,2j.csv
535,0,0,0,2k.csv
535,10,5,5,2l.csv
535,20,11,9,3a.csv
535,12,12,0,3b.csv
535,8,6,2,3c.csv
535,8,6,2,3d.csv
535,6,6,0,3e.csv
535,5,4,1,3f.csv
535,6,5,1,3g.csv
536,41,30,11,1a.csv
536,3,2,1,1b.csv
536,5,4,1,1c.csv
536,3,1,2,1e.csv
536,0,0,0,1f.csv
536,0,0,0,1g.csv
536,0,0,0,1h.csv
536,0,0,0,1i.csv
536,0,0,0,1j.csv
536,0,0,0,1k.csv
536,4,4,0,1l.csv
536,0,0,0,1m.csv
536,0,0,0,2a.csv
536,2,1,1,2b.csv
536,0,0,0,2c.csv
536,0,0,0,2d.csv
536,0,0,0,2e.csv
536,1,1,0,2f.csv
536,0,0,0,2g.csv
536,0,0,0,2h.csv
536,0,0,0,2i.csv
536,0,0,0,2j.csv
536,0,0,0,2k.csv
536,9,5,4,2l.csv
536,21,13,8,3a.csv
536,13,13,0,3b.csv
536,9,6,3,3c.csv
536,9,6,3,3d.csv
536,9,7,2,3e.csv
536,2,1,1,3f.csv
536,6,5,1,3g.csv
537,40,31,9,1a.csv
537,5,4,1,1b.csv
537,6,4,2,1c.csv
537,3,1,2,1e.csv
537,0,0,0,1f.csv
537,0,0,0,1g.csv
537,0,0,0,1h.csv
537,1,1,0,1i.csv
537,0,0,0,1j.csv
537,0,0,0,1k.csv
537,4,4,0,1l.csv
537,0,0,0,1m.csv
537,1,0,1,2a.csv
537,2,1,1,2b.csv
537,1,0,1,2c.csv
537,0,0,0,2d.csv
537,0,0,0,2e.csv
537,1,1,0,2f.csv
537,0,0,0,2g.csv
537,0,0,0,2h.csv
537,0,0,0,2i.csv
537,0,0,0,2j.csv
537,0,0,0,2k.csv
537,10,6,4,2l.csv
537,24,16,8,3a.csv
537,14,14,0,3b.csv
537,8,7,1,3c.csv
537,8,7,1,3d.csv
537,9,7,2,3e.csv
537,2,1,1,3f.csv
537,8,7,1,3g.csv
538,39,29,10,1a.csv
538,5,4,1,1b.csv
538,6,4,2,1c.csv
538,2,0,2,1e.csv
538,0,0,0,1f.csv
538,0,0,0,1g.csv
538,0,0,0,1h.csv
538,1,1,0,1i.csv
538,0,0,0,1j.csv
538,0,0,0,1k.csv
538,4,4,0,1l.csv
538,0,0,0,1m.csv
538,1,0,1,2a.csv
538,1,0,1,2b.csv
538,1,0,1,2c.csv
538,0,0,0,2d.csv
538,0,0,0,2e.csv
538,1,1,0,2f.csv
538,0,0,0,2g.csv
538,0,0,0,2h.csv
538,0,0,0,2i.csv
538,0,0,0,2j.csv
538,0,0,0,2k.csv
538,10,6,4,2l.csv
538,25,18,7,3a.csv
538,13,13,0,3b.csv
538,6,5,1,3c.csv
538,6,5,1,3d.csv
538,9,7,2,3e.csv
538,2,1,1,3f.csv
538,9,8,1,3g.csv
539,42,30,12,1a.csv
539,7,5,2,1b.csv
539,5,4,1,1c.csv
539,0,0,0,1e.csv
539,0,0,0,1f.csv
539,0,0,0,1g.csv
539,0,0,0,1h.csv
539,1,1,0,1i.csv
539,0,0,0,1j.csv
539,0,0,0,1k.csv
539,4,4,0,1l.csv
539,0,0,0,1m.csv
539,1,0,1,2a.csv
539,1,0,1,2b.csv
539,1,0,1,2c.csv
539,0,0,0,2d.csv
539,0,0,0,2e.csv
539,1,1,0,2f.csv
539,0,0,0,2g.csv
539,0,0,0,2h.csv
539,0,0,0,2i.csv
539,0,0,0,2j.csv
539,0,0,0,2k.csv
539,7,4,3,2l.csv
539,23,17,6,3a.csv
539,7,7,0,3b.csv
539,7,6,1,3c.csv
539,7,6,1,3d.csv
539,8,6,2,3e.csv
539,2,1,1,3f.csv
539,9,8,1,3g.csv
540,32,22,10,1a.csv
540,8,6,2,1b.csv
540,5,4,1,1c.csv
540,0,0,0,1e.csv
540,0,0,0,1f.csv
540,1,1,0,1g.csv
540,0,0,0,1h.csv
540,1,1,0,1i.csv
540,0,0,0,1j.csv
540,0,0,0,1k.csv
540,5,5,0,1l.csv
540,1,1,0,1m.csv
540,1,0,1,2a.csv
540,0,0,0,2b.csv
540,1,0,1,2c.csv
540,0,0,0,2d.csv
540,0,0,0,2e.csv
540,1,1,0,2f.csv
540,0,0,0,2g.csv
540,0,0,0,2h.csv
540,0,0,0,2i.csv
540,0,0,0,2j.csv
540,0,0,0,2k.csv
540,7,4,3,2l.csv
540,23,17,6,3a.csv
540,8,8,0,3b.csv
540,5,3,2,3c.csv
540,5,3,2,3d.csv
540,7,5,2,3e.csv
540,1,1,0,3f.csv
540,9,8,1,3g.csv
541,26,16,10,1a.csv
541,7,5,2,1b.csv
541,5,4,1,1c.csv
541,0,0,0,1e.csv
541,0,0,0,1f.csv
541,1,1,0,1g.csv
541,0,0,0,1h.csv
541,1,1,0,1i.csv
541,0,0,0,1j.csv
541,0,0,0,1k.csv
541,4,4,0,1l.csv
541,1,1,0,1m.csv
541,1,0,1,2a.csv
541,0,0,0,2b.csv
541,1,0,1,2c.csv
541,0,0,0,2d.csv
541,0,0,0,2e.csv
541,2,2,0,2f.csv
541,0,0,0,2g.csv
541,0,0,0,2h.csv
541,0,0,0,2i.csv
541,0,0,0,2j.csv
541,0,0,0,2k.csv
541,6,4,2,2l.csv
541,22,18,4,3a.csv
541,7,7,0,3b.csv
541,5,3,2,3c.csv
541,5,3,2,3d.csv
541,5,3,2,3e.csv
541,1,1,0,3f.csv
541,7,7,0,3g.csv
542,26,17,9,1a.csv
542,7,5,2,1b.csv
542,4,2,2,1c.csv
542,0,0,0,1e.csv
542,0,0,0,1f.csv
542,2,2,0,1g.csv
542,0,0,0,1h.csv
542,1,1,0,1i.csv
542,0,0,0,1j.csv
542,0,0,0,1k.csv
542,3,3,0,1l.csv
542,1,1,0,1m.csv
542,1,0,1,2a.csv
542,0,0,0,2b.csv
542,1,0,1,2c.csv
542,0,0,0,2d.csv
542,0,0,0,2e.csv
542,2,2,0,2f.csv
542,0,0,0,2g.csv
542,0,0,0,2h.csv
542,0,0,0,2i.csv
542,0,0,0,2j.csv
542,0,0,0,2k.csv
542,6,3,3,2l.csv
542,22,18,4,3a.csv
542,7,7,0,3b.csv
542,6,4,2,3c.csv
542,6,4,2,3d.csv
542,4,2,2,3e.csv
542,1,1,0,3f.csv
542,5,5,0,3g.csv
543,28,17,11,1a.csv
543,9,7,2,1b.csv
543,4,2,2,1c.csv
543,1,1,0,1e.csv
543,0,0,0,1f.csv
543,2,2,0,1g.csv
543,0,0,0,1h.csv
543,1,1,0,1i.csv
543,0,0,0,1j.csv
543,0,0,0,1k.csv
543,2,2,0,1l.csv
543,1,1,0,1m.csv
543,2,0,2,2a.csv
543,0,0,0,2b.csv
543,1,0,1,2c.csv
543,0,0,0,2d.csv
543,0,0,0,2e.csv
543,1,1,0,2f.csv
543,0,0,0,2g.csv
543,0,0,0,2h.csv
543,0,0,0,2i.csv
543,0,0,0,2j.csv
543,0,0,0,2k.csv
543,6,3,3,2l.csv
543,22,19,3,3a.csv
543,10,9,1,3b.csv
543,6,4,2,3c.csv
543,6,4,2,3d.csv
543,3,1,2,3e.csv
543,2,2,0,3f.csv
543,5,5,0,3g.csv
544,26,14,12,1a.csv
544,7,6,1,1b.csv
544,4,2,2,1c.csv
544,1,1,0,1e.csv
544,0,0,0,1f.csv
544,2,2,0,1g.csv
544,0,0,0,1h.csv
544,1,1,0,1i.csv
544,0,0,0,1j.csv
544,0,0,0,1k.csv
544,1,1,0,1l.csv
544,1,1,0,1m.csv
544,2,0,2,2a.csv
544,0,0,0,2b.csv
544,2,1,1,2c.csv
544,0,0,0,2d.csv
544,0,0,0,2e.csv
544,1,1,0,2f.csv
544,0,0,0,2g.csv
544,0,0,0,2h.csv
544,0,0,0,2i.csv
544,0,0,0,2j.csv
544,0,0,0,2k.csv
544,7,3,4,2l.csv
544,25,21,4,3a.csv
544,11,8,3,3b.csv
544,5,4,1,3c.csv
544,5,4,1,3d.csv
544,0,0,0,3e.csv
544,2,2,0,3f.csv
544,5,5,0,3g.csv
545,27,14,13,1a.csv
545,5,4,1,1b.csv
545,3,2,1,1c.csv
545,2,1,1,1e.csv
545,0,0,0,1f.csv
545,3,2,1,1g.csv
545,0,0,0,1h.csv
545,0,0,0,1i.csv
545,0,0,0,1j.csv
545,0,0,0,1k.csv
545,1,1,0,1l.csv
545,2,1,1,1m.csv
545,1,0,1,2a.csv
545,0,0,0,2b.csv
545,1,1,0,2c.csv
545,0,0,0,2d.csv
545,0,0,0,2e.csv
545,1,1,0,2f.csv
545,0,0,0,2g.csv
545,0,0,0,2h.csv
545,0,0,0,2i.csv
545,0,0,0,2j.csv
545,0,0,0,2k.csv
545,7,2,5,2l.csv
545,22,19,3,3a.csv
545,12,9,3,3b.csv
545,4,3,1,3c.csv
545,4,3,1,3d.csv
545,0,0,0,3e.csv
545,2,1,1,3f.csv
545,3,3,0,3g.csv
546,23,13,10,1a.csv
546,5,4,1,1b.csv
546,4,3,1,1c.csv
546,2,1,1,1e.csv
546,1,1,0,1f.csv
546,3,2,1,1g.csv
546,0,0,0,1h.csv
546,0,0,0,1i.csv
546,0,0,0,1j.csv
546,0,0,0,1k.csv
546,1,1,0,1l.csv
546,2,1,1,1m.csv
546,1,0,1,2a.csv
546,0,0,0,2b.csv
546,1,1,0,2c.csv
546,0,0,0,2d.csv
546,0,0,0,2e.csv
546,1,1,0,2f.csv
546,0,0,0,2g.csv
546,0,0,0,2h.csv
546,0,0,0,2i.csv
546,0,0,0,2j.csv
546,0,0,0,2k.csv
546,7,3,4,2l.csv
546,24,21,3,3a.csv
546,13,10,3,3b.csv
546,3,2,1,3c.csv
546,3,2,1,3d.csv
546,1,1,0,3e.csv
546,3,1,2,3f.csv
546,2,2,0,3g.csv
547,21,13,8,1a.csv
547,3,3,0,1b.csv
547,5,4,1,1c.csv
547,2,1,1,1e.csv
547,1,1,0,1f.csv
547,3,2,1,1g.csv
547,0,0,0,1h.csv
547,0,0,0,1i.csv
547,0,0,0,1j.csv
547,0,0,0,1k.csv
547,1,1,0,1l.csv
547,2,1,1,1m.csv
547,1,0,1,2a.csv
547,2,1,1,2b.csv
547,2,2,0,2c.csv
547,0,0,0,2d.csv
547,0,0,0,2e.csv
547,1,1,0,2f.csv
547,0,0,0,2g.csv
547,0,0,0,2h.csv
547,0,0,0,2i.csv
547,0,0,0,2j.csv
547,0,0,0,2k.csv
547,6,3,3,2l.csv
547,28,25,3,3a.csv
547,14,11,3,3b.csv
547,3,2,1,3c.csv
547,3,2,1,3d.csv
547,1,1,0,3e.csv
547,3,1,2,3f.csv
547,2,2,0,3g.csv
548,22,14,8,1a.csv
548,2,2,0,1b.csv
548,5,4,1,1c.csv
548,2,1,1,1e.csv
548,1,1,0,1f.csv
548,2,1,1,1g.csv
548,0,0,0,1h.csv
548,0,0,0,1i.csv
548,0,0,0,1j.csv
548,0,0,0,1k.csv
548,0,0,0,1l.csv
548,1,0,1,1m.csv
548,1,0,1,2a.csv
548,3,2,1,2b.csv
548,2,2,0,2c.csv
548,0,0,0,2d.csv
548,0,0,0,2e.csv
548,1,1,0,2f.csv
548,0,0,0,2g.csv
548,0,0,0,2h.csv
548,0,0,0,2i.csv
548,0,0,0,2j.csv
548,0,0,0,2k.csv
548,6,3,3,2l.csv
548,31,28,3,3a.csv
548,14,10,4,3b.csv
548,2,2,0,3c.csv
548,2,2,0,3d.csv
548,2,1,1,3e.csv
548,3,1,2,3f.csv
548,2,2,0,3g.csv
549,21,14,7,1a.csv
549,3,3,0,1b.csv
549,3,2,1,1c.csv
549,2,1,1,1e.csv
549,1,1,0,1f.csv
549,2,1,1,1g.csv
549,1,0,1,1h.csv
549,0,0,0,1i.csv
549,0,0,0,1j.csv
549,0,0,0,1k.csv
549,0,0,0,1l.csv
549,1,0,1,1m.csv
549,1,0,1,2a.csv
549,3,2,1,2b.csv
549,2,2,0,2c.csv
549,0,0,0,2d.csv
549,0,0,0,2e.csv
549,0,0,0,2f.csv
549,0,0,0,2g.csv
549,0,0,0,2h.csv
549,0,0,0,2i.csv
549,0,0,0,2j.csv
549,0,0,0,2k.csv
549,5,2,3,2l.csv
549,38,36,2,3a.csv
549,17,13,4,3b.csv
549,2,2,0,3c.csv
549,2,2,0,3d.csv
549,2,1,1,3e.csv
549,4,1,3,3f.csv
549,1,1,0,3g.csv
550,21,14,7,1a.csv
550,3,3,0,1b.csv
550,3,3,0,1c.csv
550,2,1,1,1e.csv
550,1,1,0,1f.csv
550,1,0,1,1g.csv
550,1,0,1,1h.csv
550,0,0,0,1i.csv
550,0,0,0,1j.csv
550,0,0,0,1k.csv
550,0,0,0,1l.csv
550,1,0,1,1m.csv
550,1,0,1,2a.csv
550,3,2,1,2b.csv
550,3,3,0,2c.csv
550,0,0,0,2d.csv
550,0,0,0,2e.csv
550,0,0,0,2f.csv
550,0,0,0,2g.csv
550,0,0,0,2h.csv
550,0,0,0,2i.csv
550,0,0,0,2j.csv
550,0,0,0,2k.csv
550,4,2,2,2l.csv
550,43,40,3,3a.csv
550,18,13,5,3b.csv
550,1,1,0,3c.csv
550,1,1,0,3d.csv
550,3,2,1,3e.csv
550,5,2,3,3f.csv
550,2,2,0,3g.csv
551,16,11,5,1a.csv
551,1,1,0,1b.csv
551,5,5,0,1c.csv
551,1,0,1,1e.csv
551,1,1,0,1f.csv
551,1,0,1,1g.csv
551,1,0,1,1h.csv
551,0,0,0,1i.csv
551,0,0,0,1j.csv
551,0,0,0,1k.csv
551,0,0,0,1l.csv
551,2,1,1,1m.csv
551,0,0,0,2a.csv
551,3,2,1,2b.csv
551,3,3,0,2c.csv
551,0,0,0,2d.csv
551,0,0,0,2e.csv
551,0,0,0,2f.csv
551,0,0,0,2g.csv
551,1,1,0,2h.csv
551,1,1,0,2i.csv
551,0,0,0,2j.csv
551,0,0,0,2k.csv
551,4,2,2,2l.csv
551,42,39,3,3a.csv
551,18,14,4,3b.csv
551,1,1,0,3c.csv
551,1,1,0,3d.csv
551,3,2,1,3e.csv
551,4,1,3,3f.csv
551,3,3,0,3g.csv
552,16,12,4,1a.csv
552,1,1,0,1b.csv
552,5,5,0,1c.csv
552,2,1,1,1e.csv
552,1,1,0,1f.csv
552,1,0,1,1g.csv
552,1,0,1,1h.csv
552,0,0,0,1i.csv
552,0,0,0,1j.csv
552,0,0,0,1k.csv
552,0,0,0,1l.csv
552,2,1,1,1m.csv
552,0,0,0,2a.csv
552,3,2,1,2b.csv
552,2,2,0,2c.csv
552,0,0,0,2d.csv
552,0,0,0,2e.csv
552,0,0,0,2f.csv
552,0,0,0,2g.csv
552,1,1,0,2h.csv
552,1,1,0,2i.csv
552,0,0,0,2j.csv
552,0,0,0,2k.csv
552,3,2,1,2l.csv
552,37,35,2,3a.csv
552,16,14,2,3b.csv
552,1,1,0,3c.csv
552,1,1,0,3d.csv
552,3,2,1,3e.csv
552,4,1,3,3f.csv
552,3,3,0,3g.csv
553,14,11,3,1a.csv
553,2,2,0,1b.csv
553,5,5,0,1c.csv
553,1,1,0,1e.csv
553,1,1,0,1f.csv
553,0,0,0,1g.csv
553,2,1,1,1h.csv
553,0,0,0,1i.csv
553,0,0,0,1j.csv
553,0,0,0,1k.csv
553,0,0,0,1l.csv
553,1,1,0,1m.csv
553,0,0,0,2a.csv
553,3,2,1,2b.csv
553,3,3,0,2c.csv
553,0,0,0,2d.csv
553,0,0,0,2e.csv
553,0,0,0,2f.csv
553,0,0,0,2g.csv
553,1,1,0,2h.csv
553,1,1,0,2i.csv
553,0,0,0,2j.csv
553,0,0,0,2k.csv
553,2,2,0,2l.csv
553,38,35,3,3a.csv
553,14,11,3,3b.csv
553,1,1,0,3c.csv
553,1,1,0,3d.csv
553,4,3,1,3e.csv
553,3,1,2,3f.csv
553,3,3,0,3g.csv
554,12,9,3,1a.csv
554,2,2,0,1b.csv
554,4,4,0,1c.csv
554,1,1,0,1e.csv
554,0,0,0,1f.csv
554,0,0,0,1g.csv
554,2,1,1,1h.csv
554,0,0,0,1i.csv
554,1,1,0,1j.csv
554,0,0,0,1k.csv
554,0,0,0,1l.csv
554,1,1,0,1m.csv
554,1,1,0,2a.csv
554,3,2,1,2b.csv
554,3,3,0,2c.csv
554,0,0,0,2d.csv
554,0,0,0,2e.csv
554,0,0,0,2f.csv
554,1,1,0,2g.csv
554,2,1,1,2h.csv
554,1,1,0,2i.csv
554,0,0,0,2j.csv
554,0,0,0,2k.csv
554,1,1,0,2l.csv
554,33,31,2,3a.csv
554,17,14,3,3b.csv
554,2,2,0,3c.csv
554,2,2,0,3d.csv
554,3,2,1,3e.csv
554,3,2,1,3f.csv
554,3,3,0,3g.csv
555,14,11,3,1a.csv
555,2,2,0,1b.csv
555,3,3,0,1c.csv
555,2,2,0,1e.csv
555,0,0,0,1f.csv
555,0,0,0,1g.csv
555,2,1,1,1h.csv
555,0,0,0,1i.csv
555,1,1,0,1j.csv
555,0,0,0,1k.csv
555,0,0,0,1l.csv
555,1,1,0,1m.csv
555,1,1,0,2a.csv
555,1,1,0,2b.csv
555,2,2,0,2c.csv
555,0,0,0,2d.csv
555,0,0,0,2e.csv
555,0,0,0,2f.csv
555,1,1,0,2g.csv
555,2,1,1,2h.csv
555,1,1,0,2i.csv
555,0,0,0,2j.csv
555,0,0,0,2k.csv
555,1,1,0,2l.csv
555,30,28,2,3a.csv
555,17,14,3,3b.csv
555,1,1,0,3c.csv
555,1,1,0,3d.csv
555,3,2,1,3e.csv
555,4,3,1,3f.csv
555,3,3,0,3g.csv
556,11,9,2,1a.csv
556,2,2,0,1b.csv
556,3,3,0,1c.csv
556,2,2,0,1e.csv
556,0,0,0,1f.csv
556,0,0,0,1g.csv
556,2,1,1,1h.csv
556,0,0,0,1i.csv
556,1,1,0,1j.csv
556,0,0,0,1k.csv
556,0,0,0,1l.csv
556,1,1,0,1m.csv
556,1,1,0,2a.csv
556,0,0,0,2b.csv
556,2,2,0,2c.csv
556,0,0,0,2d.csv
556,0,0,0,2e.csv
556,0,0,0,2f.csv
556,1,1,0,2g.csv
556,3,1,2,2h.csv
556,1,1,0,2i.csv
556,0,0,0,2j.csv
556,0,0,0,2k.csv
556,2,2,0,2l.csv
556,29,27,2,3a.csv
556,17,15,2,3b.csv
556,1,1,0,3c.csv
556,1,1,0,3d.csv
556,2,2,0,3e.csv
556,5,4,1,3f.csv
556,2,2,0,3g.csv
557,10,9,1,1a.csv
557,2,2,0,1b.csv
557,3,3,0,1c.csv
557,2,2,0,1e.csv
557,0,0,0,1f.csv
557,0,0,0,1g.csv
557,1,1,0,1h.csv
557,0,0,0,1i.csv
557,1,1,0,1j.csv
557,0,0,0,1k.csv
557,0,0,0,1l.csv
557,1,1,0,1m.csv
557,1,1,0,2a.csv
557,0,0,0,2b.csv
557,2,2,0,2c.csv
557,0,0,0,2d.csv
557,0,0,0,2e.csv
557,0,0,0,2f.csv
557,1,1,0,2g.csv
557,3,1,2,2h.csv
557,1,1,0,2i.csv
557,0,0,0,2j.csv
557,0,0,0,2k.csv
557,3,2,1,2l.csv
557,21,19,2,3a.csv
557,16,14,2,3b.csv
557,1,1,0,3c.csv
557,1,1,0,3d.csv
557,2,2,0,3e.csv
557,7,6,1,3f.csv
557,2,2,0,3g.csv
558,8,7,1,1a.csv
558,2,2,0,1b.csv
558,2,2,0,1c.csv
558,2,2,0,1e.csv
558,0,0,0,1f.csv
558,0,0,0,1g.csv
558,1,1,0,1h.csv
558,0,0,0,1i.csv
558,1,1,0,1j.csv
558,0,0,0,1k.csv
558,0,0,0,1l.csv
558,1,1,0,1m.csv
558,1,1,0,2a.csv
558,0,0,0,2b.csv
558,1,1,0,2c.csv
558,0,0,0,2d.csv
558,0,0,0,2e.csv
558,0,0,0,2f.csv
558,1,1,0,2g.csv
558,3,1,2,2h.csv
558,1,1,0,2i.csv
558,0,0,0,2j.csv
558,0,0,0,2k.csv
558,3,2,1,2l.csv
558,15,14,1,3a.csv
558,18,16,2,3b.csv
558,1,1,0,3c.csv
558,1,1,0,3d.csv
558,2,2,0,3e.csv
558,6,5,1,3f.csv
558,1,1,0,3g.csv
559,8,7,1,1a.csv
559,2,2,0,1b.csv
559,0,0,0,1c.csv
559,2,2,0,1e.csv
559,0,0,0,1f.csv
559,0,0,0,1g.csv
559,1,1,0,1h.csv
559,0,0,0,1i.csv
559,1,1,0,1j.csv
559,0,0,0,1k.csv
559,0,0,0,1l.csv
559,0,0,0,1m.csv
559,1,1,0,2a.csv
559,0,0,0,2b.csv
559,1,1,0,2c.csv
559,0,0,0,2d.csv
559,0,0,0,2e.csv
559,0,0,0,2f.csv
559,1,1,0,2g.csv
559,2,0,2,2h.csv
559,0,0,0,2i.csv
559,0,0,0,2j.csv
559,0,0,0,2k.csv
559,2,1,1,2l.csv
559,12,11,1,3a.csv
559,19,15,4,3b.csv
559,1,1,0,3c.csv
559,1,1,0,3d.csv
559,2,2,0,3e.csv
559,6,5,1,3f.csv
559,0,0,0,3g.csv
560,6,5,1,1a.csv
560,2,2,0,1b.csv
560,0,0,0,1c.csv
560,1,1,0,1e.csv
560,0,0,0,1f.csv
560,0,0,0,1g.csv
560,1,1,0,1h.csv
560,0,0,0,1i.csv
560,1,1,0,1j.csv
560,0,0,0,1k.csv
560,0,0,0,1l.csv
560,0,0,0,1m.csv
560,1,1,0,2a.csv
560,0,0,0,2b.csv
560,1,1,0,2c.csv
560,0,0,0,2d.csv
560,0,0,0,2e.csv
560,0,0,0,2f.csv
560,1,1,0,2g.csv
560,2,0,2,2h.csv
560,0,0,0,2i.csv
560,0,0,0,2j.csv
560,0,0,0,2k.csv
560,2,1,1,2l.csv
560,15,13,2,3a.csv
560,23,18,5,3b.csv
560,2,2,0,3c.csv
560,2,2,0,3d.csv
560,3,2,1,3e.csv
560,7,6,1,3f.csv
560,1,0,1,3g.csv
561,7,6,1,1a.csv
561,1,1,0,1b.csv
561,1,0,1,1c.csv
561,1,1,0,1e.csv
561,0,0,0,1f.csv
561,0,0,0,1g.csv
561,0,0,0,1h.csv
561,0,0,0,1i.csv
561,1,1,0,1j.csv
561,0,0,0,1k.csv
561,0,0,0,1l.csv
561,0,0,0,1m.csv
561,1,1,0,2a.csv
561,1,0,1,2b.csv
561,0,0,0,2c.csv
561,0,0,0,2d.csv
561,0,0,0,2e.csv
561,0,0,0,2f.csv
561,1,1,0,2g.csv
561,2,0,2,2h.csv
561,0,0,0,2i.csv
561,0,0,0,2j.csv
561,0,0,0,2k.csv
561,2,1,1,2l.csv
561,13,12,1,3a.csv
561,23,19,4,3b.csv
561,2,2,0,3c.csv
561,2,2,0,3d.csv
561,2,1,1,3e.csv
561,8,7,1,3f.csv
561,1,0,1,3g.csv
562,7,6,1,1a.csv
562,1,1,0,1b.csv
562,1,0,1,1c.csv
562,1,1,0,1e.csv
562,0,0,0,1f.csv
562,0,0,0,1g.csv
562,0,0,0,1h.csv
562,0,0,0,1i.csv
562,0,0,0,1j.csv
562,0,0,0,1k.csv
562,0,0,0,1l.csv
562,0,0,0,1m.csv
562,1,1,0,2a.csv
562,2,1,1,2b.csv
562,0,0,0,2c.csv
562,0,0,0,2d.csv
562,0,0,0,2e.csv
562,0,0,0,2f.csv
562,0,0,0,2g.csv
562,1,0,1,2h.csv
562,0,0,0,2i.csv
562,0,0,0,2j.csv
562,0,0,0,2k.csv
562,3,1,2,2l.csv
562,11,10,1,3a.csv
562,21,17,4,3b.csv
562,3,1,2,3c.csv
562,3,1,2,3d.csv
562,2,1,1,3e.csv
562,9,8,1,3f.csv
562,1,0,1,3g.csv
563,5,4,1,1a.csv
563,1,1,0,1b.csv
563,2,1,1,1c.csv
563,0,0,0,1e.csv
563,0,0,0,1f.csv
563,0,0,0,1g.csv
563,0,0,0,1h.csv
563,1,1,0,1i.csv
563,0,0,0,1j.csv
563,0,0,0,1k.csv
563,0,0,0,1l.csv
563,0,0,0,1m.csv
563,1,1,0,2a.csv
563,2,1,1,2b.csv
563,0,0,0,2c.csv
563,0,0,0,2d.csv
563,0,0,0,2e.csv
563,0,0,0,2f.csv
563,0,0,0,2g.csv
563,1,0,1,2h.csv
563,0,0,0,2i.csv
563,0,0,0,2j.csv
563,0,0,0,2k.csv
563,3,1,2,2l.csv
563,9,8,1,3a.csv
563,21,17,4,3b.csv
563,4,2,2,3c.csv
563,4,2,2,3d.csv
563,2,1,1,3e.csv
563,8,7,1,3f.csv
563,3,2,1,3g.csv
564,7,6,1,1a.csv
564,1,1,0,1b.csv
564,2,1,1,1c.csv
564,0,0,0,1e.csv
564,0,0,0,1f.csv
564,0,0,0,1g.csv
564,0,0,0,1h.csv
564,1,1,0,1i.csv
564,0,0,0,1j.csv
564,0,0,0,1k.csv
564,0,0,0,1l.csv
564,0,0,0,1m.csv
564,1,1,0,2a.csv
564,2,1,1,2b.csv
564,0,0,0,2c.csv
564,0,0,0,2d.csv
564,0,0,0,2e.csv
564,0,0,0,2f.csv
564,0,0,0,2g.csv
564,1,1,0,2h.csv
564,0,0,0,2i.csv
564,0,0,0,2j.csv
564,0,0,0,2k.csv
564,2,0,2,2l.csv
564,6,5,1,3a.csv
564,22,18,4,3b.csv
564,5,2,3,3c.csv
564,5,2,3,3d.csv
564,2,1,1,3e.csv
564,8,7,1,3f.csv
564,3,2,1,3g.csv
565,8,7,1,1a.csv
565,0,0,0,1b.csv
565,2,1,1,1c.csv
565,0,0,0,1e.csv
565,0,0,0,1f.csv
565,1,0,1,1g.csv
565,0,0,0,1h.csv
565,1,1,0,1i.csv
565,0,0,0,1j.csv
565,0,0,0,1k.csv
565,1,1,0,1l.csv
565,0,0,0,1m.csv
565,1,1,0,2a.csv
565,2,1,1,2b.csv
565,0,0,0,2c.csv
565,0,0,0,2d.csv
565,0,0,0,2e.csv
565,0,0,0,2f.csv
565,0,0,0,2g.csv
565,1,1,0,2h.csv
565,0,0,0,2i.csv
565,0,0,0,2j.csv
565,0,0,0,2k.csv
565,2,0,2,2l.csv
565,6,5,1,3a.csv
565,22,18,4,3b.csv
565,5,2,3,3c.csv
565,5,2,3,3d.csv
565,2,1,1,3e.csv
565,5,5,0,3f.csv
565,3,2,1,3g.csv
566,9,8,1,1a.csv
566,1,1,0,1b.csv
566,2,1,1,1c.csv
566,0,0,0,1e.csv
566,0,0,0,1f.csv
566,1,0,1,1g.csv
566,0,0,0,1h.csv
566,1,1,0,1i.csv
566,0,0,0,1j.csv
566,0,0,0,1k.csv
566,1,1,0,1l.csv
566,0,0,0,1m.csv
566,1,1,0,2a.csv
566,2,1,1,2b.csv
566,0,0,0,2c.csv
566,0,0,0,2d.csv
566,0,0,0,2e.csv
566,0,0,0,2f.csv
566,0,0,0,2g.csv
566,1,1,0,2h.csv
566,0,0,0,2i.csv
566,0,0,0,2j.csv
566,0,0,0,2k.csv
566,2,0,2,2l.csv
566,7,6,1,3a.csv
566,21,18,3,3b.csv
566,5,2,3,3c.csv
566,5,2,3,3d.csv
566,2,1,1,3e.csv
566,5,5,0,3f.csv
566,4,3,1,3g.csv
567,8,8,0,1a.csv
567,3,3,0,1b.csv
567,2,1,1,1c.csv
567,0,0,0,1e.csv
567,0,0,0,1f.csv
567,1,0,1,1g.csv
567,0,0,0,1h.csv
567,1,1,0,1i.csv
567,0,0,0,1j.csv
567,0,0,0,1k.csv
567,2,2,0,1l.csv
567,0,0,0,1m.csv
567,1,1,0,2a.csv
567,2,1,1,2b.csv
567,0,0,0,2c.csv
567,1,1,0,2d.csv
567,0,0,0,2e.csv
567,0,0,0,2f.csv
567,0,0,0,2g.csv
567,1,1,0,2h.csv
567,0,0,0,2i.csv
567,0,0,0,2j.csv
567,0,0,0,2k.csv
567,2,0,2,2l.csv
567,7,6,1,3a.csv
567,19,17,2,3b.csv
567,6,2,4,3c.csv
567,6,2,4,3d.csv
567,2,1,1,3e.csv
567,7,7,0,3f.csv
567,5,4,1,3g.csv
568,9,9,0,1a.csv
568,4,4,0,1b.csv
568,2,1,1,1c.csv
568,0,0,0,1e.csv
568,0,0,0,1f.csv
568,1,0,1,1g.csv
568,0,0,0,1h.csv
568,1,1,0,1i.csv
568,0,0,0,1j.csv
568,0,0,0,1k.csv
568,2,2,0,1l.csv
568,0,0,0,1m.csv
568,2,1,1,2a.csv
568,3,2,1,2b.csv
568,0,0,0,2c.csv
568,1,1,0,2d.csv
568,0,0,0,2e.csv
568,0,0,0,2f.csv
568,0,0,0,2g.csv
568,1,1,0,2h.csv
568,0,0,0,2i.csv
568,0,0,0,2j.csv
568,0,0,0,2k.csv
568,4,2,2,2l.csv
568,4,4,0,3a.csv
568,15,14,1,3b.csv
568,5,1,4,3c.csv
568,5,1,4,3d.csv
568,1,1,0,3e.csv
568,8,8,0,3f.csv
568,5,5,0,3g.csv
569,11,10,1,1a.csv
569,4,4,0,1b.csv
569,1,1,0,1c.csv
569,0,0,0,1e.csv
569,1,1,0,1f.csv
569,1,0,1,1g.csv
569,0,0,0,1h.csv
569,1,1,0,1i.csv
569,0,0,0,1j.csv
569,0,0,0,1k.csv
569,2,2,0,1l.csv
569,0,0,0,1m.csv
569,2,1,1,2a.csv
569,2,2,0,2b.csv
569,0,0,0,2c.csv
569,1,1,0,2d.csv
569,0,0,0,2e.csv
569,0,0,0,2f.csv
569,0,0,0,2g.csv
569,1,1,0,2h.csv
569,0,0,0,2i.csv
569,0,0,0,2j.csv
569,0,0,0,2k.csv
569,4,2,2,2l.csv
569,3,3,0,3a.csv
569,16,15,1,3b.csv
569,5,1,4,3c.csv
569,5,1,4,3d.csv
569,1,1,0,3e.csv
569,7,7,0,3f.csv
569,5,5,0,3g.csv
570,15,14,1,1a.csv
570,4,4,0,1b.csv
570,1,1,0,1c.csv
570,0,0,0,1e.csv
570,1,1,0,1f.csv
570,1,0,1,1g.csv
570,0,0,0,1h.csv
570,2,2,0,1i.csv
570,0,0,0,1j.csv
570,0,0,0,1k.csv
570,2,2,0,1l.csv
570,0,0,0,1m.csv
570,1,0,1,2a.csv
570,2,2,0,2b.csv
570,1,1,0,2c.csv
570,1,1,0,2d.csv
570,0,0,0,2e.csv
570,0,0,0,2f.csv
570,0,0,0,2g.csv
570,1,1,0,2h.csv
570,0,0,0,2i.csv
570,0,0,0,2j.csv
570,0,0,0,2k.csv
570,3,2,1,2l.csv
570,2,2,0,3a.csv
570,15,13,2,3b.csv
570,3,1,2,3c.csv
570,3,1,2,3d.csv
570,1,1,0,3e.csv
570,5,5,0,3f.csv
570,5,5,0,3g.csv
571,15,14,1,1a.csv
571,6,5,1,1b.csv
571,0,0,0,1c.csv
571,0,0,0,1e.csv
571,2,2,0,1f.csv
571,1,0,1,1g.csv
571,0,0,0,1h.csv
571,1,1,0,1i.csv
571,0,0,0,1j.csv
571,0,0,0,1k.csv
571,2,2,0,1l.csv
571,0,0,0,1m.csv
571,2,0,2,2a.csv
571,2,2,0,2b.csv
571,1,1,0,2c.csv
571,1,1,0,2d.csv
571,0,0,0,2e.csv
571,0,0,0,2f.csv
571,0,0,0,2g.csv
571,1,1,0,2h.csv
571,0,0,0,2i.csv
571,0,0,0,2j.csv
571,0,0,0,2k.csv
571,3,2,1,2l.csv
571,3,3,0,3a.csv
571,18,15,3,3b.csv
571,3,0,3,3c.csv
571,3,0,3,3d.csv
571,1,1,0,3e.csv
571,5,5,0,3f.csv
571,3,3,0,3g.csv
572,15,13,2,1a.csv
572,7,6,1,1b.csv
572,0,0,0,1c.csv
572,0,0,0,1e.csv
572,2,2,0,1f.csv
572,1,0,1,1g.csv
572,0,0,0,1h.csv
572,1,1,0,1i.csv
572,0,0,0,1j.csv
572,0,0,0,1k.csv
572,2,2,0,1l.csv
572,1,1,0,1m.csv
572,2,0,2,2a.csv
572,2,2,0,2b.csv
572,1,1,0,2c.csv
572,1,1,0,2d.csv
572,0,0,0,2e.csv
572,0,0,0,2f.csv
572,0,0,0,2g.csv
572,0,0,0,2h.csv
572,0,0,0,2i.csv
572,0,0,0,2j.csv
572,0,0,0,2k.csv
572,3,2,1,2l.csv
572,4,3,1,3a.csv
572,15,12,3,3b.csv
572,2,0,2,3c.csv
572,2,0,2,3d.csv
572,1,1,0,3e.csv
572,5,5,0,3f.csv
572,5,5,0,3g.csv
573,13,11,2,1a.csv
573,7,6,1,1b.csv
573,0,0,0,1c.csv
573,0,0,0,1e.csv
573,2,2,0,1f.csv
573,0,0,0,1g.csv
573,0,0,0,1h.csv
573,1,1,0,1i.csv
573,0,0,0,1j.csv
573,1,1,0,1k.csv
573,1,1,0,1l.csv
573,1,1,0,1m.csv
573,2,0,2,2a.csv
573,3,3,0,2b.csv
573,2,2,0,2c.csv
573,1,1,0,2d.csv
573,0,0,0,2e.csv
573,0,0,0,2f.csv
573,0,0,0,2g.csv
573,0,0,0,2h.csv
573,0,0,0,2i.csv
573,0,0,0,2j.csv
573,0,0,0,2k.csv
573,3,2,1,2l.csv
573,3,2,1,3a.csv
573,15,12,3,3b.csv
573,2,0,2,3c.csv
573,2,0,2,3d.csv
573,1,1,0,3e.csv
573,5,5,0,3f.csv
573,9,8,1,3g.csv
574,12,10,2,1a.csv
574,7,6,1,1b.csv
574,0,0,0,1c.csv
574,0,0,0,1e.csv
574,2,2,0,1f.csv
574,0,0,0,1g.csv
574,0,0,0,1h.csv
574,1,1,0,1i.csv
574,1,0,1,1j.csv
574,1,1,0,1k.csv
574,1,1,0,1l.csv
574,1,1,0,1m.csv
574,2,0,2,2a.csv
574,3,3,0,2b.csv
574,3,3,0,2c.csv
574,1,1,0,2d.csv
574,0,0,0,2e.csv
574,0,0,0,2f.csv
574,0,0,0,2g.csv
574,0,0,0,2h.csv
574,0,0,0,2i.csv
574,0,0,0,2j.csv
574,0,0,0,2k.csv
574,3,2,1,2l.csv
574,2,1,1,3a.csv
574,17,14,3,3b.csv
574,2,0,2,3c.csv
574,2,0,2,3d.csv
574,0,0,0,3e.csv
574,5,5,0,3f.csv
574,9,7,2,3g.csv
575,16,13,3,1a.csv
575,5,4,1,1b.csv
575,0,0,0,1c.csv
575,1,0,1,1e.csv
575,2,2,0,1f.csv
575,0,0,0,1g.csv
575,1,1,0,1h.csv
575,1,1,0,1i.csv
575,1,0,1,1j.csv
575,1,1,0,1k.csv
575,0,0,0,1l.csv
575,1,1,0,1m.csv
575,3,1,2,2a.csv
575,3,3,0,2b.csv
575,3,3,0,2c.csv
575,0,0,0,2d.csv
575,0,0,0,2e.csv
575,0,0,0,2f.csv
575,0,0,0,2g.csv
575,0,0,0,2h.csv
575,0,0,0,2i.csv
575,0,0,0,2j.csv
575,0,0,0,2k.csv
575,3,2,1,2l.csv
575,3,1,2,3a.csv
575,15,13,2,3b.csv
575,1,0,1,3c.csv
575,1,0,1,3d.csv
575,0,0,0,3e.csv
575,3,3,0,3f.csv
575,9,6,3,3g.csv
576,16,13,3,1a.csv
576,8,7,1,1b.csv
576,0,0,0,1c.csv
576,1,0,1,1e.csv
576,2,2,0,1f.csv
576,0,0,0,1g.csv
576,1,1,0,1h.csv
576,1,1,0,1i.csv
576,1,0,1,1j.csv
576,1,1,0,1k.csv
576,1,1,0,1l.csv
576,1,1,0,1m.csv
576,2,1,1,2a.csv
576,2,2,0,2b.csv
576,3,3,0,2c.csv
576,0,0,0,2d.csv
576,0,0,0,2e.csv
576,0,0,0,2f.csv
576,0,0,0,2g.csv
576,0,0,0,2h.csv
576,0,0,0,2i.csv
576,0,0,0,2j.csv
576,0,0,0,2k.csv
576,1,0,1,2l.csv
576,5,3,2,3a.csv
576,18,15,3,3b.csv
576,1,0,1,3c.csv
576,1,0,1,3d.csv
576,1,1,0,3e.csv
576,1,1,0,3f.csv
576,10,7,3,3g.csv
577,18,16,2,1a.csv
577,8,7,1,1b.csv
577,0,0,0,1c.csv
577,1,0,1,1e.csv
577,1,1,0,1f.csv
577,0,0,0,1g.csv
577,1,1,0,1h.csv
577,1,1,0,1i.csv
577,1,0,1,1j.csv
577,1,1,0,1k.csv
577,1,1,0,1l.csv
577,2,1,1,1m.csv
577,2,1,1,2a.csv
577,2,2,0,2b.csv
577,3,3,0,2c.csv
577,1,1,0,2d.csv
577,0,0,0,2e.csv
577,0,0,0,2f.csv
577,0,0,0,2g.csv
577,0,0,0,2h.csv
577,0,0,0,2i.csv
577,0,0,0,2j.csv
577,0,0,0,2k.csv
577,1,0,1,2l.csv
577,5,3,2,3a.csv
577,17,14,3,3b.csv
577,1,0,1,3c.csv
577,1,0,1,3d.csv
577,1,1,0,3e.csv
577,1,1,0,3f.csv
577,12,9,3,3g.csv
578,16,13,3,1a.csv
578,8,7,1,1b.csv
578,0,0,0,1c.csv
578,1,0,1,1e.csv
578,1,1,0,1f.csv
578,0,0,0,1g.csv
578,1,1,0,1h.csv
578,0,0,0,1i.csv
578,1,0,1,1j.csv
578,1,1,0,1k.csv
578,1,1,0,1l.csv
578,2,1,1,1m.csv
578,3,2,1,2a.csv
578,1,1,0,2b.csv
578,3,2,1,2c.csv
578,1,1,0,2d.csv
578,0,0,0,2e.csv
578,0,0,0,2f.csv
578,0,0,0,2g.csv
578,0,0,0,2h.csv
578,0,0,0,2i.csv
578,0,0,0,2j.csv
578,0,0,0,2k.csv
578,1,0,1,2l.csv
578,5,3,2,3a.csv
578,16,14,2,3b.csv
578,1,0,1,3c.csv
578,1,0,1,3d.csv
578,2,2,0,3e.csv
578,1,1,0,3f.csv
578,15,12,3,3g.csv
579,18,14,4,1a.csv
579,6,6,0,1b.csv
579,1,1,0,1c.csv
579,2,1,1,1e.csv
579,0,0,0,1f.csv
579,0,0,0,1g.csv
579,2,2,0,1h.csv
579,0,0,0,1i.csv
579,1,0,1,1j.csv
579,1,1,0,1k.csv
579,1,1,0,1l.csv
579,2,1,1,1m.csv
579,2,2,0,2a.csv
579,1,1,0,2b.csv
579,4,3,1,2c.csv
579,1,1,0,2d.csv
579,0,0,0,2e.csv
579,0,0,0,2f.csv
579,0,0,0,2g.csv
579,0,0,0,2h.csv
579,0,0,0,2i.csv
579,0,0,0,2j.csv
579,0,0,0,2k.csv
579,1,0,1,2l.csv
579,8,5,3,3a.csv
579,14,13,1,3b.csv
579,2,2,0,3c.csv
579,2,2,0,3d.csv
579,3,3,0,3e.csv
579,1,1,0,3f.csv
579,16,13,3,3g.csv
580,18,15,3,1a.csv
580,5,5,0,1b.csv
580,1,1,0,1c.csv
580,2,1,1,1e.csv
580,0,0,0,1f.csv
580,0,0,0,1g.csv
580,2,2,0,1h.csv
580,0,0,0,1i.csv
580,1,0,1,1j.csv
580,2,2,0,1k.csv
580,1,1,0,1l.csv
580,1,0,1,1m.csv
580,2,2,0,2a.csv
580,1,1,0,2b.csv
580,4,3,1,2c.csv
580,1,1,0,2d.csv
580,0,0,0,2e.csv
580,0,0,0,2f.csv
580,0,0,0,2g.csv
580,0,0,0,2h.csv
580,0,0,0,2i.csv
580,0,0,0,2j.csv
580,0,0,0,2k.csv
580,1,0,1,2l.csv
580,7,5,2,3a.csv
580,16,15,1,3b.csv
580,2,2,0,3c.csv
580,2,2,0,3d.csv
580,3,3,0,3e.csv
580,0,0,0,3f.csv
580,16,12,4,3g.csv
581,20,17,3,1a.csv
581,5,5,0,1b.csv
581,1,1,0,1c.csv
581,2,1,1,1e.csv
581,0,0,0,1f.csv
581,0,0,0,1g.csv
581,2,2,0,1h.csv
581,0,0,0,1i.csv
581,1,0,1,1j.csv
581,1,1,0,1k.csv
581,1,1,0,1l.csv
581,1,0,1,1m.csv
581,4,3,1,2a.csv
581,0,0,0,2b.csv
581,3,2,1,2c.csv
581,1,1,0,2d.csv
581,0,0,0,2e.csv
581,0,0,0,2f.csv
581,0,0,0,2g.csv
581,0,0,0,2h.csv
581,0,0,0,2i.csv
581,0,0,0,2j.csv
581,0,0,0,2k.csv
581,0,0,0,2l.csv
581,7,5,2,3a.csv
581,18,17,1,3b.csv
581,2,2,0,3c.csv
581,2,2,0,3d.csv
581,4,4,0,3e.csv
581,1,0,1,3f.csv
581,13,10,3,3g.csv
582,22,19,3,1a.csv
582,4,4,0,1b.csv
582,1,1,0,1c.csv
582,2,1,1,1e.csv
582,1,1,0,1f.csv
582,0,0,0,1g.csv
582,2,2,0,1h.csv
582,0,0,0,1i.csv
582,0,0,0,1j.csv
582,1,1,0,1k.csv
582,1,1,0,1l.csv
582,1,0,1,1m.csv
582,5,3,2,2a.csv
582,0,0,0,2b.csv
582,2,1,1,2c.csv
582,1,1,0,2d.csv
582,0,0,0,2e.csv
582,1,1,0,2f.csv
582,0,0,0,2g.csv
582,0,0,0,2h.csv
582,0,0,0,2i.csv
582,0,0,0,2j.csv
582,0,0,0,2k.csv
582,0,0,0,2l.csv
582,9,7,2,3a.csv
582,15,14,1,3b.csv
582,2,2,0,3c.csv
582,2,2,0,3d.csv
582,4,4,0,3e.csv
582,1,0,1,3f.csv
582,13,11,2,3g.csv
583,18,16,2,1a.csv
583,4,4,0,1b.csv
583,1,1,0,1c.csv
583,1,1,0,1e.csv
583,1,1,0,1f.csv
583,0,0,0,1g.csv
583,1,1,0,1h.csv
583,0,0,0,1i.csv
583,0,0,0,1j.csv
583,1,1,0,1k.csv
583,1,1,0,1l.csv
583,1,0,1,1m.csv
583,4,2,2,2a.csv
583,0,0,0,2b.csv
583,3,1,2,2c.csv
583,1,1,0,2d.csv
583,0,0,0,2e.csv
583,1,1,0,2f.csv
583,0,0,0,2g.csv
583,0,0,0,2h.csv
583,0,0,0,2i.csv
583,0,0,0,2j.csv
583,0,0,0,2k.csv
583,1,1,0,2l.csv
583,10,8,2,3a.csv
583,18,17,1,3b.csv
583,2,2,0,3c.csv
583,2,2,0,3d.csv
583,4,4,0,3e.csv
583,1,0,1,3f.csv
583,13,12,1,3g.csv
584,17,15,2,1a.csv
584,1,1,0,1b.csv
584,1,1,0,1c.csv
584,1,1,0,1e.csv
584,1,1,0,1f.csv
584,0,0,0,1g.csv
584,1,1,0,1h.csv
584,0,0,0,1i.csv
584,0,0,0,1j.csv
584,1,1,0,1k.csv
584,0,0,0,1l.csv
584,1,0,1,1m.csv
584,4,2,2,2a.csv
584,0,0,0,2b.csv
584,3,1,2,2c.csv
584,1,1,0,2d.csv
584,0,0,0,2e.csv
584,1,1,0,2f.csv
584,0,0,0,2g.csv
584,0,0,0,2h.csv
584,0,0,0,2i.csv
584,0,0,0,2j.csv
584,0,0,0,2k.csv
584,1,1,0,2l.csv
584,9,7,2,3a.csv
584,15,15,0,3b.csv
584,2,2,0,3c.csv
584,2,2,0,3d.csv
584,5,5,0,3e.csv
584,1,0,1,3f.csv
584,13,12,1,3g.csv
585,12,9,3,1a.csv
585,1,1,0,1b.csv
585,1,1,0,1c.csv
585,1,1,0,1e.csv
585,1,1,0,1f.csv
585,0,0,0,1g.csv
585,1,1,0,1h.csv
585,0,0,0,1i.csv
585,0,0,0,1j.csv
585,1,1,0,1k.csv
585,0,0,0,1l.csv
585,0,0,0,1m.csv
585,5,3,2,2a.csv
585,0,0,0,2b.csv
585,3,1,2,2c.csv
585,0,0,0,2d.csv
585,0,0,0,2e.csv
585,1,1,0,2f.csv
585,0,0,0,2g.csv
585,0,0,0,2h.csv
585,1,1,0,2i.csv
585,0,0,0,2j.csv
585,0,0,0,2k.csv
585,1,1,0,2l.csv
585,11,8,3,3a.csv
585,17,17,0,3b.csv
585,2,2,0,3c.csv
585,2,2,0,3d.csv
585,5,5,0,3e.csv
585,1,0,1,3f.csv
585,16,13,3,3g.csv
586,14,12,2,1a.csv
586,1,1,0,1b.csv
586,1,1,0,1c.csv
586,1,1,0,1e.csv
586,1,1,0,1f.csv
586,0,0,0,1g.csv
586,1,1,0,1h.csv
586,0,0,0,1i.csv
586,0,0,0,1j.csv
586,1,1,0,1k.csv
586,0,0,0,1l.csv
586,0,0,0,1m.csv
586,4,2,2,2a.csv
586,0,0,0,2b.csv
586,2,1,1,2c.csv
586,0,0,0,2d.csv
586,0,0,0,2e.csv
586,1,1,0,2f.csv
586,0,0,0,2g.csv
586,0,0,0,2h.csv
586,1,1,0,2i.csv
586,0,0,0,2j.csv
586,0,0,0,2k.csv
586,1,1,0,2l.csv
586,14,10,4,3a.csv
586,21,21,0,3b.csv
586,2,2,0,3c.csv
586,2,2,0,3d.csv
586,4,4,0,3e.csv
586,1,0,1,3f.csv
586,14,11,3,3g.csv
587,12,11,1,1a.csv
587,1,1,0,1b.csv
587,0,0,0,1c.csv
587,0,0,0,1e.csv
587,1,1,0,1f.csv
587,1,1,0,1g.csv
587,0,0,0,1h.csv
587,0,0,0,1i.csv
587,1,0,1,1j.csv
587,1,1,0,1k.csv
587,1,1,0,1l.csv
587,0,0,0,1m.csv
587,4,2,2,2a.csv
587,0,0,0,2b.csv
587,2,1,1,2c.csv
587,0,0,0,2d.csv
587,0,0,0,2e.csv
587,1,1,0,2f.csv
587,0,0,0,2g.csv
587,0,0,0,2h.csv
587,1,1,0,2i.csv
587,0,0,0,2j.csv
587,0,0,0,2k.csv
587,1,1,0,2l.csv
587,12,8,4,3a.csv
587,20,20,0,3b.csv
587,0,0,0,3c.csv
587,0,0,0,3d.csv
587,3,3,0,3e.csv
587,2,0,2,3f.csv
587,13,10,3,3g.csv
588,12,11,1,1a.csv
588,1,1,0,1b.csv
588,0,0,0,1c.csv
588,0,0,0,1e.csv
588,1,1,0,1f.csv
588,1,1,0,1g.csv
588,0,0,0,1h.csv
588,0,0,0,1i.csv
588,1,0,1,1j.csv
588,0,0,0,1k.csv
588,1,1,0,1l.csv
588,0,0,0,1m.csv
588,4,2,2,2a.csv
588,0,0,0,2b.csv
588,3,1,2,2c.csv
588,0,0,0,2d.csv
588,0,0,0,2e.csv
588,1,1,0,2f.csv
588,0,0,0,2g.csv
588,0,0,0,2h.csv
588,1,1,0,2i.csv
588,0,0,0,2j.csv
588,0,0,0,2k.csv
588,1,1,0,2l.csv
588,12,8,4,3a.csv
588,20,20,0,3b.csv
588,0,0,0,3c.csv
588,0,0,0,3d.csv
588,3,3,0,3e.csv
588,2,0,2,3f.csv
588,11,9,2,3g.csv
589,12,11,1,1a.csv
589,1,1,0,1b.csv
589,1,1,0,1c.csv
589,0,0,0,1e.csv
589,1,1,0,1f.csv
589,1,1,0,1g.csv
589,0,0,0,1h.csv
589,0,0,0,1i.csv
589,1,0,1,1j.csv
589,0,0,0,1k.csv
589,2,2,0,1l.csv
589,0,0,0,1m.csv
589,3,2,1,2a.csv
589,0,0,0,2b.csv
589,4,2,2,2c.csv
589,0,0,0,2d.csv
589,0,0,0,2e.csv
589,1,1,0,2f.csv
589,0,0,0,2g.csv
589,0,0,0,2h.csv
589,1,1,0,2i.csv
589,0,0,0,2j.csv
589,0,0,0,2k.csv
589,2,2,0,2l.csv
589,14,9,5,3a.csv
589,19,19,0,3b.csv
589,0,0,0,3c.csv
589,0,0,0,3d.csv
589,2,2,0,3e.csv
589,1,0,1,3f.csv
589,10,8,2,3g.csv
590,11,10,1,1a.csv
590,1,1,0,1b.csv
590,1,1,0,1c.csv
590,0,0,0,1e.csv
590,1,1,0,1f.csv
590,1,1,0,1g.csv
590,0,0,0,1h.csv
590,1,0,1,1i.csv
590,1,0,1,1j.csv
590,0,0,0,1k.csv
590,2,2,0,1l.csv
590,0,0,0,1m.csv
590,4,4,0,2a.csv
590,0,0,0,2b.csv
590,4,2,2,2c.csv
590,0,0,0,2d.csv
590,0,0,0,2e.csv
590,1,1,0,2f.csv
590,0,0,0,2g.csv
590,0,0,0,2h.csv
590,1,1,0,2i.csv
590,0,0,0,2j.csv
590,0,0,0,2k.csv
590,2,2,0,2l.csv
590,14,9,5,3a.csv
590,19,18,1,3b.csv
590,1,0,1,3c.csv
590,1,0,1,3d.csv
590,2,2,0,3e.csv
590,1,0,1,3f.csv
590,9,7,2,3g.csv
591,12,11,1,1a.csv
591,1,1,0,1b.csv
591,1,1,0,1c.csv
591,0,0,0,1e.csv
591,2,2,0,1f.csv
591,1,1,0,1g.csv
591,0,0,0,1h.csv
591,1,0,1,1i.csv
591,1,0,1,1j.csv
591,0,0,0,1k.csv
591,2,2,0,1l.csv
591,0,0,0,1m.csv
591,4,4,0,2a.csv
591,0,0,0,2b.csv
591,3,2,1,2c.csv
591,0,0,0,2d.csv
591,0,0,0,2e.csv
591,1,1,0,2f.csv
591,0,0,0,2g.csv
591,0,0,0,2h.csv
591,1,1,0,2i.csv
591,0,0,0,2j.csv
591,0,0,0,2k.csv
591,1,1,0,2l.csv
591,13,9,4,3a.csv
591,18,17,1,3b.csv
591,2,1,1,3c.csv
591,2,1,1,3d.csv
591,2,2,0,3e.csv
591,1,0,1,3f.csv
591,9,7,2,3g.csv
592,14,13,1,1a.csv
592,0,0,0,1b.csv
592,1,1,0,1c.csv
592,0,0,0,1e.csv
592,2,2,0,1f.csv
592,1,1,0,1g.csv
592,0,0,0,1h.csv
592,2,0,2,1i.csv
592,1,0,1,1j.csv
592,0,0,0,1k.csv
592,2,2,0,1l.csv
592,0,0,0,1m.csv
592,4,4,0,2a.csv
592,0,0,0,2b.csv
592,3,2,1,2c.csv
592,0,0,0,2d.csv
592,0,0,0,2e.csv
592,1,1,0,2f.csv
592,0,0,0,2g.csv
592,0,0,0,2h.csv
592,1,1,0,2i.csv
592,0,0,0,2j.csv
592,0,0,0,2k.csv
592,1,1,0,2l.csv
592,13,9,4,3a.csv
592,18,17,1,3b.csv
592,3,1,2,3c.csv
592,3,1,2,3d.csv
592,0,0,0,3e.csv
592,1,0,1,3f.csv
592,8,6,2,3g.csv
593,14,14,0,1a.csv
593,0,0,0,1b.csv
593,1,1,0,1c.csv
593,0,0,0,1e.csv
593,2,2,0,1f.csv
593,1,1,0,1g.csv
593,0,0,0,1h.csv
593,2,0,2,1i.csv
593,1,0,1,1j.csv
593,0,0,0,1k.csv
593,2,2,0,1l.csv
593,0,0,0,1m.csv
593,4,4,0,2a.csv
593,0,0,0,2b.csv
593,3,2,1,2c.csv
593,0,0,0,2d.csv
593,0,0,0,2e.csv
593,1,1,0,2f.csv
593,0,0,0,2g.csv
593,0,0,0,2h.csv
593,0,0,0,2i.csv
593,0,0,0,2j.csv
593,0,0,0,2k.csv
593,1,1,0,2l.csv
593,12,9,3,3a.csv
593,17,15,2,3b.csv
593,3,1,2,3c.csv
593,3,1,2,3d.csv
593,0,0,0,3e.csv
593,1,0,1,3f.csv
593,3,3,0,3g.csv
594,11,11,0,1a.csv
594,0,0,0,1b.csv
594,1,1,0,1c.csv
594,0,0,0,1e.csv
594,3,3,0,1f.csv
594,1,1,0,1g.csv
594,0,0,0,1h.csv
594,2,0,2,1i.csv
594,1,0,1,1j.csv
594,0,0,0,1k.csv
594,2,2,0,1l.csv
594,1,1,0,1m.csv
594,8,7,1,2a.csv
594,0,0,0,2b.csv
594,3,2,1,2c.csv
594,0,0,0,2d.csv
594,0,0,0,2e.csv
594,1,1,0,2f.csv
594,0,0,0,2g.csv
594,0,0,0,2h.csv
594,0,0,0,2i.csv
594,0,0,0,2j.csv
594,0,0,0,2k.csv
594,1,1,0,2l.csv
594,15,13,2,3a.csv
594,14,12,2,3b.csv
594,3,1,2,3c.csv
594,3,1,2,3d.csv
594,1,1,0,3e.csv
594,2,0,2,3f.csv
594,3,3,0,3g.csv
595,10,10,0,1a.csv
595,1,1,0,1b.csv
595,1,1,0,1c.csv
595,0,0,0,1e.csv
595,3,3,0,1f.csv
595,1,1,0,1g.csv
595,0,0,0,1h.csv
595,2,0,2,1i.csv
595,0,0,0,1j.csv
595,0,0,0,1k.csv
595,1,1,0,1l.csv
595,1,1,0,1m.csv
595,9,8,1,2a.csv
595,0,0,0,2b.csv
595,2,1,1,2c.csv
595,0,0,0,2d.csv
595,0,0,0,2e.csv
595,1,1,0,2f.csv
595,0,0,0,2g.csv
595,0,0,0,2h.csv
595,0,0,0,2i.csv
595,0,0,0,2j.csv
595,0,0,0,2k.csv
595,1,1,0,2l.csv
595,16,15,1,3a.csv
595,13,11,2,3b.csv
595,4,2,2,3c.csv
595,4,2,2,3d.csv
595,1,1,0,3e.csv
595,1,0,1,3f.csv
595,3,3,0,3g.csv
596,9,9,0,1a.csv
596,1,1,0,1b.csv
596,1,1,0,1c.csv
596,0,0,0,1e.csv
596,3,3,0,1f.csv
596,1,1,0,1g.csv
596,0,0,0,1h.csv
596,2,0,2,1i.csv
596,0,0,0,1j.csv
596,0,0,0,1k.csv
596,1,1,0,1l.csv
596,1,1,0,1m.csv
596,9,8,1,2a.csv
596,0,0,0,2b.csv
596,3,2,1,2c.csv
596,0,0,0,2d.csv
596,0,0,0,2e.csv
596,1,1,0,2f.csv
596,0,0,0,2g.csv
596,0,0,0,2h.csv
596,0,0,0,2i.csv
596,0,0,0,2j.csv
596,0,0,0,2k.csv
596,1,1,0,2l.csv
596,18,17,1,3a.csv
596,13,11,2,3b.csv
596,4,2,2,3c.csv
596,4,2,2,3d.csv
596,2,2,0,3e.csv
596,1,0,1,3f.csv
596,3,3,0,3g.csv
597,7,7,0,1a.csv
597,2,2,0,1b.csv
597,0,0,0,1c.csv
597,0,0,0,1e.csv
597,3,3,0,1f.csv
597,1,1,0,1g.csv
597,0,0,0,1h.csv
597,2,0,2,1i.csv
597,0,0,0,1j.csv
597,0,0,0,1k.csv
597,0,0,0,1l.csv
597,1,1,0,1m.csv
597,9,8,1,2a.csv
597,0,0,0,2b.csv
597,2,1,1,2c.csv
597,0,0,0,2d.csv
597,0,0,0,2e.csv
597,1,1,0,2f.csv
597,0,0,0,2g.csv
597,0,0,0,2h.csv
597,0,0,0,2i.csv
597,0,0,0,2j.csv
597,0,0,0,2k.csv
597,0,0,0,2l.csv
597,21,21,0,3a.csv
597,11,9,2,3b.csv
597,4,2,2,3c.csv
597,4,2,2,3d.csv
597,2,2,0,3e.csv
597,1,0,1,3f.csv
597,4,4,0,3g.csv
598,7,7,0,1a.csv
598,4,4,0,1b.csv
598,0,0,0,1c.csv
598,0,0,0,1e.csv
598,2,2,0,1f.csv
598,2,2,0,1g.csv
598,0,0,0,1h.csv
598,1,0,1,1i.csv
598,0,0,0,1j.csv
598,1,1,0,1k.csv
598,0,0,0,1l.csv
598,1,1,0,1m.csv
598,7,6,1,2a.csv
598,0,0,0,2b.csv
598,2,1,1,2c.csv
598,0,0,0,2d.csv
598,0,0,0,2e.csv
598,0,0,0,2f.csv
598,0,0,0,2g.csv
598,0,0,0,2h.csv
598,0,0,0,2i.csv
598,0,0,0,2j.csv
598,0,0,0,2k.csv
598,0,0,0,2l.csv
598,20,20,0,3a.csv
598,10,9,1,3b.csv
598,3,2,1,3c.csv
598,3,2,1,3d.csv
598,3,2,1,3e.csv
598,1,0,1,3f.csv
598,4,4,0,3g.csv
599,8,8,0,1a.csv
599,4,4,0,1b.csv
599,0,0,0,1c.csv
599,0,0,0,1e.csv
599,1,1,0,1f.csv
599,2,2,0,1g.csv
599,0,0,0,1h.csv
599,1,0,1,1i.csv
599,0,0,0,1j.csv
599,1,1,0,1k.csv
599,0,0,0,1l.csv
599,1,1,0,1m.csv
599,9,8,1,2a.csv
599,0,0,0,2b.csv
599,3,2,1,2c.csv
599,0,0,0,2d.csv
599,0,0,0,2e.csv
599,0,0,0,2f.csv
599,0,0,0,2g.csv
599,0,0,0,2h.csv
599,0,0,0,2i.csv
599,0,0,0,2j.csv
599,0,0,0,2k.csv
599,0,0,0,2l.csv
599,23,21,2,3a.csv
599,9,8,1,3b.csv
599,3,2,1,3c.csv
599,3,2,1,3d.csv
599,4,3,1,3e.csv
599,1,0,1,3f.csv
599,4,4,0,3g.csv
600,6,6,0,1a.csv
600,4,4,0,1b.csv
600,1,0,1,1c.csv
600,0,0,0,1e.csv
600,1,1,0,1f.csv
600,2,2,0,1g.csv
600,0,0,0,1h.csv
600,0,0,0,1i.csv
600,0,0,0,1j.csv
600,1,1,0,1k.csv
600,0,0,0,1l.csv
600,1,1,0,1m.csv
600,9,8,1,2a.csv
600,0,0,0,2b.csv
600,3,2,1,2c.csv
600,0,0,0,2d.csv
600,0,0,0,2e.csv
600,0,0,0,2f.csv
600,0,0,0,2g.csv
600,0,0,0,2h.csv
600,0,0,0,2i.csv
600,0,0,0,2j.csv
600,0,0,0,2k.csv
600,0,0,0,2l.csv
600,29,26,3,3a.csv
600,9,8,1,3b.csv
600,2,2,0,3c.csv
600,2,2,0,3d.csv
600,6,4,2,3e.csv
600,3,1,2,3f.csv
600,3,3,0,3g.csv
601,7,7,0,1a.csv
601,6,6,0,1b.csv
601,1,0,1,1c.csv
601,0,0,0,1e.csv
601,1,1,0,1f.csv
601,2,2,0,1g.csv
601,0,0,0,1h.csv
601,0,0,0,1i.csv
601,0,0,0,1j.csv
601,1,1,0,1k.csv
601,0,0,0,1l.csv
601,1,1,0,1m.csv
601,8,7,1,2a.csv
601,0,0,0,2b.csv
601,3,2,1,2c.csv
601,0,0,0,2d.csv
601,0,0,0,2e.csv
601,0,0,0,2f.csv
601,0,0,0,2g.csv
601,0,0,0,2h.csv
601,0,0,0,2i.csv
601,0,0,0,2j.csv
601,0,0,0,2k.csv
601,1,0,1,2l.csv
601,29,26,3,3a.csv
601,9,9,0,3b.csv
601,3,2,1,3c.csv
601,3,2,1,3d.csv
601,7,5,2,3e.csv
601,4,1,3,3f.csv
601,3,3,0,3g.csv
602,8,8,0,1a.csv
602,7,7,0,1b.csv
602,1,0,1,1c.csv
602,0,0,0,1e.csv
602,0,0,0,1f.csv
602,2,2,0,1g.csv
602,0,0,0,1h.csv
602,0,0,0,1i.csv
602,0,0,0,1j.csv
602,1,1,0,1k.csv
602,0,0,0,1l.csv
602,0,0,0,1m.csv
602,4,4,0,2a.csv
602,0,0,0,2b.csv
602,4,2,2,2c.csv
602,0,0,0,2d.csv
602,0,0,0,2e.csv
602,0,0,0,2f.csv
602,0,0,0,2g.csv
602,0,0,0,2h.csv
602,0,0,0,2i.csv
602,0,0,0,2j.csv
602,0,0,0,2k.csv
602,2,0,2,2l.csv
602,26,23,3,3a.csv
602,9,9,0,3b.csv
602,4,3,1,3c.csv
602,4,3,1,3d.csv
602,7,5,2,3e.csv
602,3,1,2,3f.csv
602,2,2,0,3g.csv
603,8,8,0,1a.csv
603,7,7,0,1b.csv
603,1,0,1,1c.csv
603,0,0,0,1e.csv
603,0,0,0,1f.csv
603,1,1,0,1g.csv
603,0,0,0,1h.csv
603,0,0,0,1i.csv
603,0,0,0,1j.csv
603,1,1,0,1k.csv
603,0,0,0,1l.csv
603,0,0,0,1m.csv
603,3,3,0,2a.csv
603,0,0,0,2b.csv
603,4,2,2,2c.csv
603,0,0,0,2d.csv
603,0,0,0,2e.csv
603,0,0,0,2f.csv
603,0,0,0,2g.csv
603,0,0,0,2h.csv
603,0,0,0,2i.csv
603,0,0,0,2j.csv
603,0,0,0,2k.csv
603,3,1,2,2l.csv
603,28,25,3,3a.csv
603,11,11,0,3b.csv
603,3,2,1,3c.csv
603,3,2,1,3d.csv
603,7,5,2,3e.csv
603,6,3,3,3f.csv
603,2,2,0,3g.csv
604,8,8,0,1a.csv
604,9,9,0,1b.csv
604,1,0,1,1c.csv
604,0,0,0,1e.csv
604,0,0,0,1f.csv
604,2,2,0,1g.csv
604,0,0,0,1h.csv
604,0,0,0,1i.csv
604,0,0,0,1j.csv
604,1,1,0,1k.csv
604,0,0,0,1l.csv
604,1,1,0,1m.csv
604,3,3,0,2a.csv
604,0,0,0,2b.csv
604,2,1,1,2c.csv
604,0,0,0,2d.csv
604,0,0,0,2e.csv
604,0,0,0,2f.csv
604,0,0,0,2g.csv
604,0,0,0,2h.csv
604,0,0,0,2i.csv
604,0,0,0,2j.csv
604,0,0,0,2k.csv
604,3,1,2,2l.csv
604,30,27,3,3a.csv
604,9,9,0,3b.csv
604,3,2,1,3c.csv
604,3,2,1,3d.csv
604,10,7,3,3e.csv
604,6,3,3,3f.csv
604,2,2,0,3g.csv
605,8,8,0,1a.csv
605,9,9,0,1b.csv
605,1,0,1,1c.csv
605,0,0,0,1e.csv
605,0,0,0,1f.csv
605,2,2,0,1g.csv
605,1,0,1,1h.csv
605,0,0,0,1i.csv
605,0,0,0,1j.csv
605,1,1,0,1k.csv
605,0,0,0,1l.csv
605,1,1,0,1m.csv
605,2,2,0,2a.csv
605,0,0,0,2b.csv
605,2,1,1,2c.csv
605,0,0,0,2d.csv
605,0,0,0,2e.csv
605,0,0,0,2f.csv
605,0,0,0,2g.csv
605,0,0,0,2h.csv
605,0,0,0,2i.csv
605,0,0,0,2j.csv
605,0,0,0,2k.csv
605,3,1,2,2l.csv
605,28,25,3,3a.csv
605,9,9,0,3b.csv
605,3,2,1,3c.csv
605,3,2,1,3d.csv
605,10,7,3,3e.csv
605,8,3,5,3f.csv
605,1,1,0,3g.csv
606,10,9,1,1a.csv
606,8,8,0,1b.csv
606,1,0,1,1c.csv
606,0,0,0,1e.csv
606,0,0,0,1f.csv
606,1,1,0,1g.csv
606,1,0,1,1h.csv
606,0,0,0,1i.csv
606,0,0,0,1j.csv
606,1,1,0,1k.csv
606,0,0,0,1l.csv
606,1,1,0,1m.csv
606,2,2,0,2a.csv
606,0,0,0,2b.csv
606,2,1,1,2c.csv
606,0,0,0,2d.csv
606,0,0,0,2e.csv
606,0,0,0,2f.csv
606,0,0,0,2g.csv
606,0,0,0,2h.csv
606,0,0,0,2i.csv
606,0,0,0,2j.csv
606,0,0,0,2k.csv
606,3,1,2,2l.csv
606,28,24,4,3a.csv
606,8,8,0,3b.csv
606,3,2,1,3c.csv
606,3,2,1,3d.csv
606,10,8,2,3e.csv
606,8,3,5,3f.csv
606,1,1,0,3g.csv
607,11,9,2,1a.csv
607,10,10,0,1b.csv
607,1,0,1,1c.csv
607,0,0,0,1e.csv
607,0,0,0,1f.csv
607,1,1,0,1g.csv
607,1,0,1,1h.csv
607,1,1,0,1i.csv
607,0,0,0,1j.csv
607,1,1,0,1k.csv
607,1,1,0,1l.csv
607,1,1,0,1m.csv
607,1,1,0,2a.csv
607,0,0,0,2b.csv
607,1,0,1,2c.csv
607,0,0,0,2d.csv
607,0,0,0,2e.csv
607,0,0,0,2f.csv
607,0,0,0,2g.csv
607,0,0,0,2h.csv
607,0,0,0,2i.csv
607,0,0,0,2j.csv
607,0,0,0,2k.csv
607,3,1,2,2l.csv
607,25,23,2,3a.csv
607,7,7,0,3b.csv
607,2,1,1,3c.csv
607,2,1,1,3d.csv
607,9,7,2,3e.csv
607,8,3,5,3f.csv
607,0,0,0,3g.csv
608,13,11,2,1a.csv
608,12,12,0,1b.csv
608,0,0,0,1c.csv
608,0,0,0,1e.csv
608,0,0,0,1f.csv
608,1,1,0,1g.csv
608,1,0,1,1h.csv
608,1,1,0,1i.csv
608,0,0,0,1j.csv
608,1,1,0,1k.csv
608,2,1,1,1l.csv
608,1,1,0,1m.csv
608,1,1,0,2a.csv
608,0,0,0,2b.csv
608,1,0,1,2c.csv
608,0,0,0,2d.csv
608,0,0,0,2e.csv
608,0,0,0,2f.csv
608,0,0,0,2g.csv
608,0,0,0,2h.csv
608,0,0,0,2i.csv
608,0,0,0,2j.csv
608,0,0,0,2k.csv
608,3,1,2,2l.csv
608,19,18,1,3a.csv
608,6,6,0,3b.csv
608,4,2,2,3c.csv
608,4,2,2,3d.csv
608,8,7,1,3e.csv
608,6,2,4,3f.csv
608,0,0,0,3g.csv
609,12,10,2,1a.csv
609,12,12,0,1b.csv
609,0,0,0,1c.csv
609,0,0,0,1e.csv
609,0,0,0,1f.csv
609,1,1,0,1g.csv
609,1,0,1,1h.csv
609,1,1,0,1i.csv
609,0,0,0,1j.csv
609,1,1,0,1k.csv
609,2,1,1,1l.csv
609,1,1,0,1m.csv
609,1,1,0,2a.csv
609,0,0,0,2b.csv
609,2,1,1,2c.csv
609,0,0,0,2d.csv
609,0,0,0,2e.csv
609,0,0,0,2f.csv
609,0,0,0,2g.csv
609,0,0,0,2h.csv
609,0,0,0,2i.csv
609,0,0,0,2j.csv
609,0,0,0,2k.csv
609,2,1,1,2l.csv
609,19,18,1,3a.csv
609,4,4,0,3b.csv
609,3,2,1,3c.csv
609,3,2,1,3d.csv
609,7,6,1,3e.csv
609,9,4,5,3f.csv
609,1,0,1,3g.csv
610,12,9,3,1a.csv
610,12,11,1,1b.csv
610,1,1,0,1c.csv
610,0,0,0,1e.csv
610,1,1,0,1f.csv
610,1,1,0,1g.csv
610,1,0,1,1h.csv
610,1,1,0,1i.csv
610,0,0,0,1j.csv
610,1,1,0,1k.csv
610,2,1,1,1l.csv
610,2,2,0,1m.csv
610,1,1,0,2a.csv
610,0,0,0,2b.csv
610,1,1,0,2c.csv
610,0,0,0,2d.csv
610,0,0,0,2e.csv
610,0,0,0,2f.csv
610,0,0,0,2g.csv
610,0,0,0,2h.csv
610,0,0,0,2i.csv
610,0,0,0,2j.csv
610,0,0,0,2k.csv
610,1,1,0,2l.csv
610,17,16,1,3a.csv
610,3,3,0,3b.csv
610,3,2,1,3c.csv
610,3,2,1,3d.csv
610,7,6,1,3e.csv
610,10,5,5,3f.csv
610,1,0,1,3g.csv
611,13,10,3,1a.csv
611,11,10,1,1b.csv
611,1,1,0,1c.csv
611,0,0,0,1e.csv
611,1,1,0,1f.csv
611,1,1,0,1g.csv
611,1,0,1,1h.csv
611,1,1,0,1i.csv
611,0,0,0,1j.csv
611,1,1,0,1k.csv
611,2,1,1,1l.csv
611,2,2,0,1m.csv
611,1,1,0,2a.csv
611,0,0,0,2b.csv
611,2,2,0,2c.csv
611,0,0,0,2d.csv
611,0,0,0,2e.csv
611,0,0,0,2f.csv
611,0,0,0,2g.csv
611,0,0,0,2h.csv
611,0,0,0,2i.csv
611,0,0,0,2j.csv
611,0,0,0,2k.csv
611,0,0,0,2l.csv
611,14,13,1,3a.csv
611,4,3,1,3b.csv
611,3,2,1,3c.csv
611,3,2,1,3d.csv
611,7,6,1,3e.csv
611,8,3,5,3f.csv
611,1,0,1,3g.csv
612,12,9,3,1a.csv
612,9,8,1,1b.csv
612,1,1,0,1c.csv
612,0,0,0,1e.csv
612,1,1,0,1f.csv
612,0,0,0,1g.csv
612,1,0,1,1h.csv
612,1,1,0,1i.csv
612,0,0,0,1j.csv
612,1,1,0,1k.csv
612,2,1,1,1l.csv
612,1,1,0,1m.csv
612,1,1,0,2a.csv
612,0,0,0,2b.csv
612,2,2,0,2c.csv
612,0,0,0,2d.csv
612,0,0,0,2e.csv
612,0,0,0,2f.csv
612,0,0,0,2g.csv
612,0,0,0,2h.csv
612,0,0,0,2i.csv
612,0,0,0,2j.csv
612,0,0,0,2k.csv
612,1,1,0,2l.csv
612,12,10,2,3a.csv
612,6,5,1,3b.csv
612,4,2,2,3c.csv
612,4,2,2,3d.csv
612,3,3,0,3e.csv
612,10,3,7,3f.csv
612,1,0,1,3g.csv
613,12,9,3,1a.csv
613,8,7,1,1b.csv
613,1,1,0,1c.csv
613,0,0,0,1e.csv
613,1,1,0,1f.csv
613,0,0,0,1g.csv
613,0,0,0,1h.csv
613,1,1,0,1i.csv
613,0,0,0,1j.csv
613,1,1,0,1k.csv
613,3,1,2,1l.csv
613,1,1,0,1m.csv
613,1,1,0,2a.csv
613,0,0,0,2b.csv
613,3,3,0,2c.csv
613,0,0,0,2d.csv
613,0,0,0,2e.csv
613,0,0,0,2f.csv
613,0,0,0,2g.csv
613,0,0,0,2h.csv
613,0,0,0,2i.csv
613,0,0,0,2j.csv
613,0,0,0,2k.csv
613,1,1,0,2l.csv
613,9,7,2,3a.csv
613,7,6,1,3b.csv
613,5,2,3,3c.csv
613,5,2,3,3d.csv
613,3,3,0,3e.csv
613,8,3,5,3f.csv
613,2,1,1,3g.csv
614,10,8,2,1a.csv
614,8,7,1,1b.csv
614,2,2,0,1c.csv
614,0,0,0,1e.csv
614,2,2,0,1f.csv
614,0,0,0,1g.csv
614,0,0,0,1h.csv
614,0,0,0,1i.csv
614,0,0,0,1j.csv
614,0,0,0,1k.csv
614,3,1,2,1l.csv
614,1,1,0,1m.csv
614,1,1,0,2a.csv
614,0,0,0,2b.csv
614,3,3,0,2c.csv
614,0,0,0,2d.csv
614,0,0,0,2e.csv
614,1,1,0,2f.csv
614,0,0,0,2g.csv
614,0,0,0,2h.csv
614,0,0,0,2i.csv
614,0,0,0,2j.csv
614,0,0,0,2k.csv
614,1,1,0,2l.csv
614,8,7,1,3a.csv
614,11,8,3,3b.csv
614,6,3,3,3c.csv
614,6,3,3,3d.csv
614,2,2,0,3e.csv
614,10,3,7,3f.csv
614,2,1,1,3g.csv
615,8,6,2,1a.csv
615,6,5,1,1b.csv
615,2,2,0,1c.csv
615,0,0,0,1e.csv
615,2,2,0,1f.csv
615,0,0,0,1g.csv
615,0,0,0,1h.csv
615,0,0,0,1i.csv
615,0,0,0,1j.csv
615,0,0,0,1k.csv
615,2,0,2,1l.csv
615,1,1,0,1m.csv
615,0,0,0,2a.csv
615,0,0,0,2b.csv
615,3,3,0,2c.csv
615,0,0,0,2d.csv
615,0,0,0,2e.csv
615,2,2,0,2f.csv
615,0,0,0,2g.csv
615,0,0,0,2h.csv
615,0,0,0,2i.csv
615,0,0,0,2j.csv
615,0,0,0,2k.csv
615,1,1,0,2l.csv
615,8,7,1,3a.csv
615,12,9,3,3b.csv
615,7,3,4,3c.csv
615,7,3,4,3d.csv
615,3,3,0,3e.csv
615,12,4,8,3f.csv
615,2,1,1,3g.csv
616,6,4,2,1a.csv
616,5,4,1,1b.csv
616,2,2,0,1c.csv
616,0,0,0,1e.csv
616,2,2,0,1f.csv
616,0,0,0,1g.csv
616,0,0,0,1h.csv
616,0,0,0,1i.csv
616,0,0,0,1j.csv
616,0,0,0,1k.csv
616,1,0,1,1l.csv
616,1,1,0,1m.csv
616,0,0,0,2a.csv
616,0,0,0,2b.csv
616,3,3,0,2c.csv
616,1,1,0,2d.csv
616,0,0,0,2e.csv
616,2,2,0,2f.csv
616,0,0,0,2g.csv
616,0,0,0,2h.csv
616,0,0,0,2i.csv
616,0,0,0,2j.csv
616,0,0,0,2k.csv
616,1,1,0,2l.csv
616,10,8,2,3a.csv
616,13,10,3,3b.csv
616,5,2,3,3c.csv
616,5,2,3,3d.csv
616,2,2,0,3e.csv
616,13,5,8,3f.csv
616,2,1,1,3g.csv
617,6,3,3,1a.csv
617,4,3,1,1b.csv
617,3,2,1,1c.csv
617,0,0,0,1e.csv
617,2,2,0,1f.csv
617,0,0,0,1g.csv
617,0,0,0,1h.csv
617,1,1,0,1i.csv
617,0,0,0,1j.csv
617,0,0,0,1k.csv
617,1,0,1,1l.csv
617,1,1,0,1m.csv
617,0,0,0,2a.csv
617,0,0,0,2b.csv
617,3,2,1,2c.csv
617,1,1,0,2d.csv
617,0,0,0,2e.csv
617,2,2,0,2f.csv
617,0,0,0,2g.csv
617,0,0,0,2h.csv
617,0,0,0,2i.csv
617,0,0,0,2j.csv
617,0,0,0,2k.csv
617,1,1,0,2l.csv
617,9,7,2,3a.csv
617,14,11,3,3b.csv
617,6,3,3,3c.csv
617,6,3,3,3d.csv
617,3,2,1,3e.csv
617,10,3,7,3f.csv
617,1,1,0,3g.csv
618,5,3,2,1a.csv
618,3,3,0,1b.csv
618,2,1,1,1c.csv
618,0,0,0,1e.csv
618,1,1,0,1f.csv
618,0,0,0,1g.csv
618,0,0,0,1h.csv
618,2,1,1,1i.csv
618,1,0,1,1j.csv
618,1,1,0,1k.csv
618,1,0,1,1l.csv
618,0,0,0,1m.csv
618,0,0,0,2a.csv
618,0,0,0,2b.csv
618,3,2,1,2c.csv
618,1,1,0,2d.csv
618,0,0,0,2e.csv
618,2,2,0,2f.csv
618,0,0,0,2g.csv
618,0,0,0,2h.csv
618,0,0,0,2i.csv
618,0,0,0,2j.csv
618,0,0,0,2k.csv
618,1,1,0,2l.csv
618,9,7,2,3a.csv
618,15,12,3,3b.csv
618,5,2,3,3c.csv
618,5,2,3,3d.csv
618,2,1,1,3e.csv
618,9,2,7,3f.csv
618,1,1,0,3g.csv
619,6,2,4,1a.csv
619,3,3,0,1b.csv
619,2,1,1,1c.csv
619,0,0,0,1e.csv
619,1,1,0,1f.csv
619,0,0,0,1g.csv
619,0,0,0,1h.csv
619,2,1,1,1i.csv
619,1,0,1,1j.csv
619,1,1,0,1k.csv
619,1,0,1,1l.csv
619,0,0,0,1m.csv
619,0,0,0,2a.csv
619,0,0,0,2b.csv
619,2,1,1,2c.csv
619,1,1,0,2d.csv
619,0,0,0,2e.csv
619,2,2,0,2f.csv
619,0,0,0,2g.csv
619,0,0,0,2h.csv
619,0,0,0,2i.csv
619,0,0,0,2j.csv
619,0,0,0,2k.csv
619,1,1,0,2l.csv
619,9,7,2,3a.csv
619,18,16,2,3b.csv
619,5,2,3,3c.csv
619,5,2,3,3d.csv
619,2,1,1,3e.csv
619,8,2,6,3f.csv
619,1,1,0,3g.csv
620,9,5,4,1a.csv
620,4,4,0,1b.csv
620,2,1,1,1c.csv
620,0,0,0,1e.csv
620,1,1,0,1f.csv
620,0,0,0,1g.csv
620,0,0,0,1h.csv
620,3,2,1,1i.csv
620,1,0,1,1j.csv
620,1,1,0,1k.csv
620,1,0,1,1l.csv
620,0,0,0,1m.csv
620,0,0,0,2a.csv
620,0,0,0,2b.csv
620,3,2,1,2c.csv
620,2,2,0,2d.csv
620,0,0,0,2e.csv
620,2,2,0,2f.csv
620,0,0,0,2g.csv
620,0,0,0,2h.csv
620,0,0,0,2i.csv
620,0,0,0,2j.csv
620,0,0,0,2k.csv
620,0,0,0,2l.csv
620,7,6,1,3a.csv
620,20,18,2,3b.csv
620,4,2,2,3c.csv
620,4,2,2,3d.csv
620,3,2,1,3e.csv
620,6,2,4,3f.csv
620,3,1,2,3g.csv
621,9,5,4,1a.csv
621,4,4,0,1b.csv
621,2,1,1,1c.csv
621,0,0,0,1e.csv
621,1,1,0,1f.csv
621,1,0,1,1g.csv
621,0,0,0,1h.csv
621,4,3,1,1i.csv
621,1,0,1,1j.csv
621,1,1,0,1k.csv
621,0,0,0,1l.csv
621,0,0,0,1m.csv
621,0,0,0,2a.csv
621,0,0,0,2b.csv
621,2,1,1,2c.csv
621,2,2,0,2d.csv
621,0,0,0,2e.csv
621,2,2,0,2f.csv
621,0,0,0,2g.csv
621,0,0,0,2h.csv
621,0,0,0,2i.csv
621,0,0,0,2j.csv
621,0,0,0,2k.csv
621,1,0,1,2l.csv
621,8,7,1,3a.csv
621,23,21,2,3b.csv
621,4,2,2,3c.csv
621,4,2,2,3d.csv
621,3,2,1,3e.csv
621,6,2,4,3f.csv
621,2,0,2,3g.csv
622,9,5,4,1a.csv
622,3,3,0,1b.csv
622,1,0,1,1c.csv
622,0,0,0,1e.csv
622,0,0,0,1f.csv
622,1,0,1,1g.csv
622,0,0,0,1h.csv
622,4,3,1,1i.csv
622,1,0,1,1j.csv
622,1,1,0,1k.csv
622,2,2,0,1l.csv
622,0,0,0,1m.csv
622,1,1,0,2a.csv
622,0,0,0,2b.csv
622,2,1,1,2c.csv
622,2,2,0,2d.csv
622,0,0,0,2e.csv
622,1,1,0,2f.csv
622,0,0,0,2g.csv
622,0,0,0,2h.csv
622,0,0,0,2i.csv
622,0,0,0,2j.csv
622,0,0,0,2k.csv
622,2,1,1,2l.csv
622,9,8,1,3a.csv
622,24,24,0,3b.csv
622,3,1,2,3c.csv
622,3,1,2,3d.csv
622,3,2,1,3e.csv
622,6,4,2,3f.csv
622,3,1,2,3g.csv
623,8,5,3,1a.csv
623,3,3,0,1b.csv
623,2,1,1,1c.csv
623,0,0,0,1e.csv
623,0,0,0,1f.csv
623,1,0,1,1g.csv
623,0,0,0,1h.csv
623,5,4,1,1i.csv
623,1,0,1,1j.csv
623,1,1,0,1k.csv
623,2,2,0,1l.csv
623,0,0,0,1m.csv
623,1,1,0,2a.csv
623,1,0,1,2b.csv
623,2,1,1,2c.csv
623,2,2,0,2d.csv
623,0,0,0,2e.csv
623,0,0,0,2f.csv
623,0,0,0,2g.csv
623,0,0,0,2h.csv
623,0,0,0,2i.csv
623,0,0,0,2j.csv
623,0,0,0,2k.csv
623,2,1,1,2l.csv
623,10,8,2,3a.csv
623,28,27,1,3b.csv
623,2,1,1,3c.csv
623,2,1,1,3d.csv
623,2,1,1,3e.csv
623,4,3,1,3f.csv
623,3,1,2,3g.csv
624,8,5,3,1a.csv
624,2,2,0,1b.csv
624,2,1,1,1c.csv
624,0,0,0,1e.csv
624,0,0,0,1f.csv
624,1,0,1,1g.csv
624,0,0,0,1h.csv
624,6,5,1,1i.csv
624,1,0,1,1j.csv
624,1,1,0,1k.csv
624,3,2,1,1l.csv
624,1,1,0,1m.csv
624,1,1,0,2a.csv
624,1,0,1,2b.csv
624,3,2,1,2c.csv
624,1,1,0,2d.csv
624,0,0,0,2e.csv
624,0,0,0,2f.csv
624,0,0,0,2g.csv
624,0,0,0,2h.csv
624,0,0,0,2i.csv
624,0,0,0,2j.csv
624,0,0,0,2k.csv
624,2,1,1,2l.csv
624,8,7,1,3a.csv
624,32,30,2,3b.csv
624,2,1,1,3c.csv
624,2,1,1,3d.csv
624,2,1,1,3e.csv
624,4,3,1,3f.csv
624,3,1,2,3g.csv
625,7,5,2,1a.csv
625,1,1,0,1b.csv
625,2,2,0,1c.csv
625,0,0,0,1e.csv
625,1,1,0,1f.csv
625,1,0,1,1g.csv
625,0,0,0,1h.csv
625,5,4,1,1i.csv
625,1,0,1,1j.csv
625,1,1,0,1k.csv
625,3,2,1,1l.csv
625,1,1,0,1m.csv
625,1,1,0,2a.csv
625,1,0,1,2b.csv
625,3,3,0,2c.csv
625,1,1,0,2d.csv
625,0,0,0,2e.csv
625,0,0,0,2f.csv
625,0,0,0,2g.csv
625,0,0,0,2h.csv
625,0,0,0,2i.csv
625,0,0,0,2j.csv
625,0,0,0,2k.csv
625,2,1,1,2l.csv
625,9,7,2,3a.csv
625,34,32,2,3b.csv
625,2,0,2,3c.csv
625,2,0,2,3d.csv
625,1,1,0,3e.csv
625,4,4,0,3f.csv
625,3,1,2,3g.csv
626,8,6,2,1a.csv
626,1,1,0,1b.csv
626,3,2,1,1c.csv
626,0,0,0,1e.csv
626,1,1,0,1f.csv
626,1,0,1,1g.csv
626,1,1,0,1h.csv
626,5,4,1,1i.csv
626,0,0,0,1j.csv
626,0,0,0,1k.csv
626,3,2,1,1l.csv
626,1,1,0,1m.csv
626,1,1,0,2a.csv
626,1,0,1,2b.csv
626,3,3,0,2c.csv
626,1,1,0,2d.csv
626,0,0,0,2e.csv
626,0,0,0,2f.csv
626,0,0,0,2g.csv
626,0,0,0,2h.csv
626,0,0,0,2i.csv
626,0,0,0,2j.csv
626,0,0,0,2k.csv
626,2,1,1,2l.csv
626,8,6,2,3a.csv
626,35,33,2,3b.csv
626,4,1,3,3c.csv
626,4,1,3,3d.csv
626,2,2,0,3e.csv
626,4,4,0,3f.csv
626,4,2,2,3g.csv
627,8,7,1,1a.csv
627,1,1,0,1b.csv
627,3,2,1,1c.csv
627,0,0,0,1e.csv
627,1,1,0,1f.csv
627,1,0,1,1g.csv
627,1,1,0,1h.csv
627,5,4,1,1i.csv
627,0,0,0,1j.csv
627,0,0,0,1k.csv
627,3,2,1,1l.csv
627,1,1,0,1m.csv
627,1,1,0,2a.csv
627,1,0,1,2b.csv
627,3,3,0,2c.csv
627,1,1,0,2d.csv
627,0,0,0,2e.csv
627,0,0,0,2f.csv
627,0,0,0,2g.csv
627,0,0,0,2h.csv
627,0,0,0,2i.csv
627,0,0,0,2j.csv
627,0,0,0,2k.csv
627,2,1,1,2l.csv
627,7,5,2,3a.csv
627,36,34,2,3b.csv
627,4,1,3,3c.csv
627,4,1,3,3d.csv
627,2,2,0,3e.csv
627,4,4,0,3f.csv
627,4,2,2,3g.csv
628,8,7,1,1a.csv
628,0,0,0,1b.csv
628,3,2,1,1c.csv
628,0,0,0,1e.csv
628,1,1,0,1f.csv
628,1,0,1,1g.csv
628,1,1,0,1h.csv
628,4,3,1,1i.csv
628,0,0,0,1j.csv
628,0,0,0,1k.csv
628,5,3,2,1l.csv
628,1,1,0,1m.csv
628,1,1,0,2a.csv
628,1,0,1,2b.csv
628,2,2,0,2c.csv
628,0,0,0,2d.csv
628,0,0,0,2e.csv
628,0,0,0,2f.csv
628,0,0,0,2g.csv
628,0,0,0,2h.csv
628,0,0,0,2i.csv
628,0,0,0,2j.csv
628,0,0,0,2k.csv
628,2,1,1,2l.csv
628,8,5,3,3a.csv
628,37,35,2,3b.csv
628,6,3,3,3c.csv
628,6,3,3,3d.csv
628,2,1,1,3e.csv
628,4,4,0,3f.csv
628,2,2,0,3g.csv
629,8,7,1,1a.csv
629,0,0,0,1b.csv
629,3,2,1,1c.csv
629,0,0,0,1e.csv
629,1,1,0,1f.csv
629,0,0,0,1g.csv
629,1,1,0,1h.csv
629,3,2,1,1i.csv
629,0,0,0,1j.csv
629,0,0,0,1k.csv
629,5,3,2,1l.csv
629,1,1,0,1m.csv
629,1,1,0,2a.csv
629,1,0,1,2b.csv
629,2,2,0,2c.csv
629,0,0,0,2d.csv
629,0,0,0,2e.csv
629,0,0,0,2f.csv
629,0,0,0,2g.csv
629,0,0,0,2h.csv
629,0,0,0,2i.csv
629,0,0,0,2j.csv
629,0,0,0,2k.csv
629,2,2,0,2l.csv
629,8,4,4,3a.csv
629,40,38,2,3b.csv
629,7,4,3,3c.csv
629,7,4,3,3d.csv
629,2,1,1,3e.csv
629,4,4,0,3f.csv
629,2,2,0,3g.csv
630,9,7,2,1a.csv
630,0,0,0,1b.csv
630,3,2,1,1c.csv
630,0,0,0,1e.csv
630,1,1,0,1f.csv
630,0,0,0,1g.csv
630,1,1,0,1h.csv
630,3,2,1,1i.csv
630,0,0,0,1j.csv
630,0,0,0,1k.csv
630,3,1,2,1l.csv
630,1,1,0,1m.csv
630,0,0,0,2a.csv
630,1,0,1,2b.csv
630,2,2,0,2c.csv
630,0,0,0,2d.csv
630,0,0,0,2e.csv
630,0,0,0,2f.csv
630,0,0,0,2g.csv
630,0,0,0,2h.csv
630,1,1,0,2i.csv
630,0,0,0,2j.csv
630,0,0,0,2k.csv
630,1,1,0,2l.csv
630,8,4,4,3a.csv
630,43,40,3,3b.csv
630,9,5,4,3c.csv
630,9,5,4,3d.csv
630,2,1,1,3e.csv
630,3,3,0,3f.csv
630,1,1,0,3g.csv
631,10,8,2,1a.csv
631,1,1,0,1b.csv
631,2,1,1,1c.csv
631,1,0,1,1e.csv
631,1,1,0,1f.csv
631,0,0,0,1g.csv
631,1,1,0,1h.csv
631,2,1,1,1i.csv
631,0,0,0,1j.csv
631,0,0,0,1k.csv
631,3,1,2,1l.csv
631,1,1,0,1m.csv
631,0,0,0,2a.csv
631,0,0,0,2b.csv
631,2,2,0,2c.csv
631,0,0,0,2d.csv
631,0,0,0,2e.csv
631,0,0,0,2f.csv
631,0,0,0,2g.csv
631,0,0,0,2h.csv
631,1,1,0,2i.csv
631,0,0,0,2j.csv
631,0,0,0,2k.csv
631,1,1,0,2l.csv
631,10,6,4,3a.csv
631,44,42,2,3b.csv
631,11,7,4,3c.csv
631,11,7,4,3d.csv
631,3,2,1,3e.csv
631,3,3,0,3f.csv
631,1,1,0,3g.csv
632,13,10,3,1a.csv
632,1,1,0,1b.csv
632,2,1,1,1c.csv
632,1,0,1,1e.csv
632,1,1,0,1f.csv
632,0,0,0,1g.csv
632,1,1,0,1h.csv
632,1,0,1,1i.csv
632,0,0,0,1j.csv
632,0,0,0,1k.csv
632,2,1,1,1l.csv
632,0,0,0,1m.csv
632,0,0,0,2a.csv
632,0,0,0,2b.csv
632,2,2,0,2c.csv
632,0,0,0,2d.csv
632,0,0,0,2e.csv
632,0,0,0,2f.csv
632,0,0,0,2g.csv
632,0,0,0,2h.csv
632,1,1,0,2i.csv
632,0,0,0,2j.csv
632,0,0,0,2k.csv
632,1,1,0,2l.csv
632,10,6,4,3a.csv
632,46,44,2,3b.csv
632,13,7,6,3c.csv
632,13,7,6,3d.csv
632,4,3,1,3e.csv
632,3,3,0,3f.csv
632,1,1,0,3g.csv
633,17,13,4,1a.csv
633,1,1,0,1b.csv
633,1,0,1,1c.csv
633,1,0,1,1e.csv
633,0,0,0,1f.csv
633,0,0,0,1g.csv
633,1,1,0,1h.csv
633,1,0,1,1i.csv
633,1,1,0,1j.csv
633,0,0,0,1k.csv
633,2,1,1,1l.csv
633,1,1,0,1m.csv
633,0,0,0,2a.csv
633,0,0,0,2b.csv
633,1,1,0,2c.csv
633,0,0,0,2d.csv
633,0,0,0,2e.csv
633,0,0,0,2f.csv
633,0,0,0,2g.csv
633,0,0,0,2h.csv
633,1,1,0,2i.csv
633,0,0,0,2j.csv
633,0,0,0,2k.csv
633,1,1,0,2l.csv
633,10,6,4,3a.csv
633,54,50,4,3b.csv
633,12,7,5,3c.csv
633,12,7,5,3d.csv
633,5,4,1,3e.csv
633,3,3,0,3f.csv
633,2,2,0,3g.csv
634,16,12,4,1a.csv
634,1,1,0,1b.csv
634,0,0,0,1c.csv
634,1,0,1,1e.csv
634,0,0,0,1f.csv
634,0,0,0,1g.csv
634,0,0,0,1h.csv
634,0,0,0,1i.csv
634,1,1,0,1j.csv
634,0,0,0,1k.csv
634,2,1,1,1l.csv
634,1,1,0,1m.csv
634,0,0,0,2a.csv
634,0,0,0,2b.csv
634,1,1,0,2c.csv
634,0,0,0,2d.csv
634,0,0,0,2e.csv
634,0,0,0,2f.csv
634,0,0,0,2g.csv
634,0,0,0,2h.csv
634,1,1,0,2i.csv
634,1,1,0,2j.csv
634,0,0,0,2k.csv
634,2,2,0,2l.csv
634,11,7,4,3a.csv
634,59,55,4,3b.csv
634,11,7,4,3c.csv
634,11,7,4,3d.csv
634,5,4,1,3e.csv
634,4,4,0,3f.csv
634,1,1,0,3g.csv
635,15,12,3,1a.csv
635,1,1,0,1b.csv
635,0,0,0,1c.csv
635,1,0,1,1e.csv
635,0,0,0,1f.csv
635,0,0,0,1g.csv
635,0,0,0,1h.csv
635,1,1,0,1i.csv
635,1,1,0,1j.csv
635,0,0,0,1k.csv
635,2,1,1,1l.csv
635,1,1,0,1m.csv
635,0,0,0,2a.csv
635,0,0,0,2b.csv
635,1,1,0,2c.csv
635,0,0,0,2d.csv
635,0,0,0,2e.csv
635,0,0,0,2f.csv
635,0,0,0,2g.csv
635,0,0,0,2h.csv
635,1,1,0,2i.csv
635,1,1,0,2j.csv
635,0,0,0,2k.csv
635,2,2,0,2l.csv
635,10,6,4,3a.csv
635,59,55,4,3b.csv
635,11,7,4,3c.csv
635,11,7,4,3d.csv
635,7,6,1,3e.csv
635,4,4,0,3f.csv
635,1,1,0,3g.csv
636,16,12,4,1a.csv
636,1,1,0,1b.csv
636,0,0,0,1c.csv
636,1,0,1,1e.csv
636,0,0,0,1f.csv
636,0,0,0,1g.csv
636,0,0,0,1h.csv
636,1,1,0,1i.csv
636,1,1,0,1j.csv
636,0,0,0,1k.csv
636,0,0,0,1l.csv
636,1,1,0,1m.csv
636,0,0,0,2a.csv
636,0,0,0,2b.csv
636,1,1,0,2c.csv
636,0,0,0,2d.csv
636,0,0,0,2e.csv
636,0,0,0,2f.csv
636,0,0,0,2g.csv
636,0,0,0,2h.csv
636,1,1,0,2i.csv
636,1,1,0,2j.csv
636,0,0,0,2k.csv
636,2,2,0,2l.csv
636,9,6,3,3a.csv
636,62,57,5,3b.csv
636,9,5,4,3c.csv
636,9,5,4,3d.csv
636,6,6,0,3e.csv
636,4,4,0,3f.csv
636,2,2,0,3g.csv
637,21,15,6,1a.csv
637,2,2,0,1b.csv
637,0,0,0,1c.csv
637,1,0,1,1e.csv
637,0,0,0,1f.csv
637,0,0,0,1g.csv
637,1,1,0,1h.csv
637,1,1,0,1i.csv
637,1,1,0,1j.csv
637,0,0,0,1k.csv
637,0,0,0,1l.csv
637,1,1,0,1m.csv
637,0,0,0,2a.csv
637,0,0,0,2b.csv
637,1,1,0,2c.csv
637,0,0,0,2d.csv
637,0,0,0,2e.csv
637,0,0,0,2f.csv
637,0,0,0,2g.csv
637,0,0,0,2h.csv
637,1,1,0,2i.csv
637,1,1,0,2j.csv
637,0,0,0,2k.csv
637,1,1,0,2l.csv
637,8,6,2,3a.csv
637,59,54,5,3b.csv
637,7,4,3,3c.csv
637,7,4,3,3d.csv
637,6,6,0,3e.csv
637,4,4,0,3f.csv
637,2,2,0,3g.csv
638,20,15,5,1a.csv
638,2,2,0,1b.csv
638,1,1,0,1c.csv
638,1,0,1,1e.csv
638,0,0,0,1f.csv
638,1,1,0,1g.csv
638,1,1,0,1h.csv
638,1,1,0,1i.csv
638,1,1,0,1j.csv
638,0,0,0,1k.csv
638,0,0,0,1l.csv
638,1,1,0,1m.csv
638,0,0,0,2a.csv
638,0,0,0,2b.csv
638,2,1,1,2c.csv
638,0,0,0,2d.csv
638,0,0,0,2e.csv
638,0,0,0,2f.csv
638,0,0,0,2g.csv
638,0,0,0,2h.csv
638,0,0,0,2i.csv
638,1,1,0,2j.csv
638,0,0,0,2k.csv
638,1,1,0,2l.csv
638,10,8,2,3a.csv
638,56,51,5,3b.csv
638,5,3,2,3c.csv
638,5,3,2,3d.csv
638,7,7,0,3e.csv
638,3,3,0,3f.csv
638,2,2,0,3g.csv
639,21,15,6,1a.csv
639,1,1,0,1b.csv
639,1,1,0,1c.csv
639,0,0,0,1e.csv
639,0,0,0,1f.csv
639,2,2,0,1g.csv
639,1,1,0,1h.csv
639,1,1,0,1i.csv
639,1,1,0,1j.csv
639,0,0,0,1k.csv
639,0,0,0,1l.csv
639,1,1,0,1m.csv
639,1,1,0,2a.csv
639,0,0,0,2b.csv
639,2,1,1,2c.csv
639,0,0,0,2d.csv
639,0,0,0,2e.csv
639,0,0,0,2f.csv
639,0,0,0,2g.csv
639,0,0,0,2h.csv
639,0,0,0,2i.csv
639,1,1,0,2j.csv
639,0,0,0,2k.csv
639,1,1,0,2l.csv
639,8,6,2,3a.csv
639,58,53,5,3b.csv
639,4,1,3,3c.csv
639,4,1,3,3d.csv
639,7,6,1,3e.csv
639,3,3,0,3f.csv
639,2,2,0,3g.csv
640,18,13,5,1a.csv
640,1,1,0,1b.csv
640,1,1,0,1c.csv
640,1,1,0,1e.csv
640,0,0,0,1f.csv
640,2,2,0,1g.csv
640,1,1,0,1h.csv
640,1,1,0,1i.csv
640,1,1,0,1j.csv
640,0,0,0,1k.csv
640,0,0,0,1l.csv
640,1,1,0,1m.csv
640,1,1,0,2a.csv
640,0,0,0,2b.csv
640,1,0,1,2c.csv
640,0,0,0,2d.csv
640,0,0,0,2e.csv
640,0,0,0,2f.csv
640,0,0,0,2g.csv
640,0,0,0,2h.csv
640,0,0,0,2i.csv
640,1,1,0,2j.csv
640,0,0,0,2k.csv
640,1,1,0,2l.csv
640,7,5,2,3a.csv
640,51,47,4,3b.csv
640,2,1,1,3c.csv
640,2,1,1,3d.csv
640,7,5,2,3e.csv
640,2,2,0,3f.csv
640,2,2,0,3g.csv
641,17,13,4,1a.csv
641,2,2,0,1b.csv
641,1,1,0,1c.csv
641,1,1,0,1e.csv
641,0,0,0,1f.csv
641,2,2,0,1g.csv
641,2,2,0,1h.csv
641,2,2,0,1i.csv
641,0,0,0,1j.csv
641,0,0,0,1k.csv
641,0,0,0,1l.csv
641,0,0,0,1m.csv
641,1,1,0,2a.csv
641,0,0,0,2b.csv
641,1,0,1,2c.csv
641,0,0,0,2d.csv
641,0,0,0,2e.csv
641,0,0,0,2f.csv
641,0,0,0,2g.csv
641,0,0,0,2h.csv
641,0,0,0,2i.csv
641,1,1,0,2j.csv
641,0,0,0,2k.csv
641,1,1,0,2l.csv
641,7,6,1,3a.csv
641,44,42,2,3b.csv
641,2,1,1,3c.csv
641,2,1,1,3d.csv
641,6,4,2,3e.csv
641,2,1,1,3f.csv
641,1,1,0,3g.csv
642,17,13,4,1a.csv
642,2,2,0,1b.csv
642,1,1,0,1c.csv
642,1,1,0,1e.csv
642,0,0,0,1f.csv
642,2,2,0,1g.csv
642,2,2,0,1h.csv
642,2,2,0,1i.csv
642,0,0,0,1j.csv
642,0,0,0,1k.csv
642,0,0,0,1l.csv
642,0,0,0,1m.csv
642,1,1,0,2a.csv
642,0,0,0,2b.csv
642,1,0,1,2c.csv
642,0,0,0,2d.csv
642,0,0,0,2e.csv
642,0,0,0,2f.csv
642,0,0,0,2g.csv
642,0,0,0,2h.csv
642,0,0,0,2i.csv
642,0,0,0,2j.csv
642,0,0,0,2k.csv
642,0,0,0,2l.csv
642,7,6,1,3a.csv
642,46,42,4,3b.csv
642,2,1,1,3c.csv
642,2,1,1,3d.csv
642,8,5,3,3e.csv
642,2,1,1,3f.csv
642,2,2,0,3g.csv
643,21,17,4,1a.csv
643,2,2,0,1b.csv
643,1,1,0,1c.csv
643,1,1,0,1e.csv
643,0,0,0,1f.csv
643,2,2,0,1g.csv
643,2,2,0,1h.csv
643,1,1,0,1i.csv
643,0,0,0,1j.csv
643,0,0,0,1k.csv
643,0,0,0,1l.csv
643,0,0,0,1m.csv
643,1,1,0,2a.csv
643,0,0,0,2b.csv
643,1,0,1,2c.csv
643,0,0,0,2d.csv
643,0,0,0,2e.csv
643,0,0,0,2f.csv
643,0,0,0,2g.csv
643,0,0,0,2h.csv
643,0,0,0,2i.csv
643,0,0,0,2j.csv
643,0,0,0,2k.csv
643,0,0,0,2l.csv
643,7,6,1,3a.csv
643,45,40,5,3b.csv
643,2,1,1,3c.csv
643,2,1,1,3d.csv
643,6,3,3,3e.csv
643,2,1,1,3f.csv
643,2,2,0,3g.csv
644,17,14,3,1a.csv
644,2,2,0,1b.csv
644,1,1,0,1c.csv
644,1,1,0,1e.csv
644,0,0,0,1f.csv
644,2,2,0,1g.csv
644,2,2,0,1h.csv
644,1,1,0,1i.csv
644,0,0,0,1j.csv
644,0,0,0,1k.csv
644,0,0,0,1l.csv
644,0,0,0,1m.csv
644,2,1,1,2a.csv
644,1,1,0,2b.csv
644,1,0,1,2c.csv
644,0,0,0,2d.csv
644,0,0,0,2e.csv
644,0,0,0,2f.csv
644,0,0,0,2g.csv
644,0,0,0,2h.csv
644,0,0,0,2i.csv
644,0,0,0,2j.csv
644,0,0,0,2k.csv
644,0,0,0,2l.csv
644,9,7,2,3a.csv
644,39,34,5,3b.csv
644,2,1,1,3c.csv
644,2,1,1,3d.csv
644,7,3,4,3e.csv
644,3,2,1,3f.csv
644,2,1,1,3g.csv
645,14,12,2,1a.csv
645,1,1,0,1b.csv
645,1,1,0,1c.csv
645,1,1,0,1e.csv
645,1,1,0,1f.csv
645,2,2,0,1g.csv
645,1,1,0,1h.csv
645,1,1,0,1i.csv
645,0,0,0,1j.csv
645,0,0,0,1k.csv
645,0,0,0,1l.csv
645,0,0,0,1m.csv
645,2,1,1,2a.csv
645,1,1,0,2b.csv
645,2,0,2,2c.csv
645,0,0,0,2d.csv
645,0,0,0,2e.csv
645,0,0,0,2f.csv
645,0,0,0,2g.csv
645,0,0,0,2h.csv
645,0,0,0,2i.csv
645,0,0,0,2j.csv
645,0,0,0,2k.csv
645,0,0,0,2l.csv
645,11,8,3,3a.csv
645,41,34,7,3b.csv
645,2,1,1,3c.csv
645,2,1,1,3d.csv
645,7,3,4,3e.csv
645,4,3,1,3f.csv
645,2,1,1,3g.csv
646,14,12,2,1a.csv
646,1,1,0,1b.csv
646,1,0,1,1c.csv
646,1,1,0,1e.csv
646,1,1,0,1f.csv
646,1,1,0,1g.csv
646,1,1,0,1h.csv
646,1,1,0,1i.csv
646,0,0,0,1j.csv
646,0,0,0,1k.csv
646,0,0,0,1l.csv
646,0,0,0,1m.csv
646,3,1,2,2a.csv
646,1,1,0,2b.csv
646,1,0,1,2c.csv
646,0,0,0,2d.csv
646,0,0,0,2e.csv
646,0,0,0,2f.csv
646,0,0,0,2g.csv
646,0,0,0,2h.csv
646,0,0,0,2i.csv
646,0,0,0,2j.csv
646,0,0,0,2k.csv
646,1,1,0,2l.csv
646,9,6,3,3a.csv
646,39,33,6,3b.csv
646,2,1,1,3c.csv
646,2,1,1,3d.csv
646,6,2,4,3e.csv
646,4,3,1,3f.csv
646,2,1,1,3g.csv
647,13,12,1,1a.csv
647,1,1,0,1b.csv
647,1,0,1,1c.csv
647,1,1,0,1e.csv
647,1,1,0,1f.csv
647,0,0,0,1g.csv
647,2,2,0,1h.csv
647,1,1,0,1i.csv
647,0,0,0,1j.csv
647,0,0,0,1k.csv
647,0,0,0,1l.csv
647,0,0,0,1m.csv
647,2,0,2,2a.csv
647,1,1,0,2b.csv
647,1,0,1,2c.csv
647,0,0,0,2d.csv
647,0,0,0,2e.csv
647,0,0,0,2f.csv
647,0,0,0,2g.csv
647,0,0,0,2h.csv
647,0,0,0,2i.csv
647,0,0,0,2j.csv
647,0,0,0,2k.csv
647,1,1,0,2l.csv
647,8,6,2,3a.csv
647,33,26,7,3b.csv
647,2,1,1,3c.csv
647,2,1,1,3d.csv
647,6,2,4,3e.csv
647,4,3,1,3f.csv
647,2,1,1,3g.csv
648,14,13,1,1a.csv
648,1,1,0,1b.csv
648,1,0,1,1c.csv
648,0,0,0,1e.csv
648,1,1,0,1f.csv
648,0,0,0,1g.csv
648,2,2,0,1h.csv
648,1,1,0,1i.csv
648,0,0,0,1j.csv
648,0,0,0,1k.csv
648,0,0,0,1l.csv
648,0,0,0,1m.csv
648,2,0,2,2a.csv
648,1,1,0,2b.csv
648,1,0,1,2c.csv
648,0,0,0,2d.csv
648,0,0,0,2e.csv
648,0,0,0,2f.csv
648,0,0,0,2g.csv
648,0,0,0,2h.csv
648,0,0,0,2i.csv
648,0,0,0,2j.csv
648,0,0,0,2k.csv
648,1,1,0,2l.csv
648,10,6,4,3a.csv
648,33,26,7,3b.csv
648,2,1,1,3c.csv
648,2,1,1,3d.csv
648,6,2,4,3e.csv
648,4,3,1,3f.csv
648,2,1,1,3g.csv
649,12,10,2,1a.csv
649,0,0,0,1b.csv
649,1,0,1,1c.csv
649,0,0,0,1e.csv
649,1,1,0,1f.csv
649,0,0,0,1g.csv
649,1,1,0,1h.csv
649,0,0,0,1i.csv
649,0,0,0,1j.csv
649,0,0,0,1k.csv
649,0,0,0,1l.csv
649,0,0,0,1m.csv
649,3,1,2,2a.csv
649,1,1,0,2b.csv
649,1,0,1,2c.csv
649,0,0,0,2d.csv
649,0,0,0,2e.csv
649,0,0,0,2f.csv
649,0,0,0,2g.csv
649,0,0,0,2h.csv
649,0,0,0,2i.csv
649,0,0,0,2j.csv
649,1,1,0,2k.csv
649,1,1,0,2l.csv
649,10,6,4,3a.csv
649,32,25,7,3b.csv
649,6,2,4,3c.csv
649,6,2,4,3d.csv
649,6,2,4,3e.csv
649,4,4,0,3f.csv
649,3,2,1,3g.csv
650,13,10,3,1a.csv
650,0,0,0,1b.csv
650,1,0,1,1c.csv
650,0,0,0,1e.csv
650,1,1,0,1f.csv
650,0,0,0,1g.csv
650,1,1,0,1h.csv
650,0,0,0,1i.csv
650,0,0,0,1j.csv
650,0,0,0,1k.csv
650,0,0,0,1l.csv
650,0,0,0,1m.csv
650,4,2,2,2a.csv
650,1,1,0,2b.csv
650,1,0,1,2c.csv
650,0,0,0,2d.csv
650,0,0,0,2e.csv
650,1,1,0,2f.csv
650,0,0,0,2g.csv
650,0,0,0,2h.csv
650,0,0,0,2i.csv
650,0,0,0,2j.csv
650,1,1,0,2k.csv
650,1,1,0,2l.csv
650,9,5,4,3a.csv
650,24,19,5,3b.csv
650,11,2,9,3c.csv
650,11,2,9,3d.csv
650,3,0,3,3e.csv
650,4,4,0,3f.csv
650,2,1,1,3g.csv
651,9,6,3,1a.csv
651,0,0,0,1b.csv
651,1,0,1,1c.csv
651,0,0,0,1e.csv
651,1,1,0,1f.csv
651,0,0,0,1g.csv
651,1,1,0,1h.csv
651,0,0,0,1i.csv
651,0,0,0,1j.csv
651,0,0,0,1k.csv
651,0,0,0,1l.csv
651,0,0,0,1m.csv
651,4,2,2,2a.csv
651,1,1,0,2b.csv
651,1,0,1,2c.csv
651,0,0,0,2d.csv
651,0,0,0,2e.csv
651,1,1,0,2f.csv
651,0,0,0,2g.csv
651,0,0,0,2h.csv
651,0,0,0,2i.csv
651,0,0,0,2j.csv
651,1,1,0,2k.csv
651,1,1,0,2l.csv
651,12,6,6,3a.csv
651,21,17,4,3b.csv
651,13,3,10,3c.csv
651,13,3,10,3d.csv
651,3,0,3,3e.csv
651,4,4,0,3f.csv
651,3,2,1,3g.csv
652,10,7,3,1a.csv
652,0,0,0,1b.csv
652,1,0,1,1c.csv
652,0,0,0,1e.csv
652,1,1,0,1f.csv
652,1,1,0,1g.csv
652,1,1,0,1h.csv
652,0,0,0,1i.csv
652,0,0,0,1j.csv
652,1,1,0,1k.csv
652,0,0,0,1l.csv
652,0,0,0,1m.csv
652,3,2,1,2a.csv
652,0,0,0,2b.csv
652,1,0,1,2c.csv
652,0,0,0,2d.csv
652,0,0,0,2e.csv
652,1,1,0,2f.csv
652,0,0,0,2g.csv
652,0,0,0,2h.csv
652,0,0,0,2i.csv
652,0,0,0,2j.csv
652,1,1,0,2k.csv
652,1,1,0,2l.csv
652,10,5,5,3a.csv
652,20,17,3,3b.csv
652,16,3,13,3c.csv
652,16,3,13,3d.csv
652,3,0,3,3e.csv
652,4,3,1,3f.csv
652,2,2,0,3g.csv
653,9,6,3,1a.csv
653,0,0,0,1b.csv
653,1,0,1,1c.csv
653,0,0,0,1e.csv
653,0,0,0,1f.csv
653,1,1,0,1g.csv
653,1,1,0,1h.csv
653,0,0,0,1i.csv
653,0,0,0,1j.csv
653,1,1,0,1k.csv
653,0,0,0,1l.csv
653,0,0,0,1m.csv
653,3,2,1,2a.csv
653,0,0,0,2b.csv
653,0,0,0,2c.csv
653,0,0,0,2d.csv
653,0,0,0,2e.csv
653,1,1,0,2f.csv
653,0,0,0,2g.csv
653,0,0,0,2h.csv
653,0,0,0,2i.csv
653,0,0,0,2j.csv
653,1,1,0,2k.csv
653,1,1,0,2l.csv
653,12,7,5,3a.csv
653,14,13,1,3b.csv
653,24,5,19,3c.csv
653,24,5,19,3d.csv
653,3,0,3,3e.csv
653,3,2,1,3f.csv
653,2,2,0,3g.csv
654,12,7,5,1a.csv
654,0,0,0,1b.csv
654,1,1,0,1c.csv
654,0,0,0,1e.csv
654,0,0,0,1f.csv
654,1,1,0,1g.csv
654,1,1,0,1h.csv
654,0,0,0,1i.csv
654,0,0,0,1j.csv
654,1,1,0,1k.csv
654,1,1,0,1l.csv
654,0,0,0,1m.csv
654,2,2,0,2a.csv
654,0,0,0,2b.csv
654,0,0,0,2c.csv
654,0,0,0,2d.csv
654,0,0,0,2e.csv
654,1,1,0,2f.csv
654,0,0,0,2g.csv
654,0,0,0,2h.csv
654,0,0,0,2i.csv
654,0,0,0,2j.csv
654,1,1,0,2k.csv
654,0,0,0,2l.csv
654,14,9,5,3a.csv
654,12,11,1,3b.csv
654,30,7,23,3c.csv
654,30,7,23,3d.csv
654,4,1,3,3e.csv
654,4,3,1,3f.csv
654,4,4,0,3g.csv
655,12,7,5,1a.csv
655,0,0,0,1b.csv
655,2,2,0,1c.csv
655,0,0,0,1e.csv
655,0,0,0,1f.csv
655,1,1,0,1g.csv
655,1,1,0,1h.csv
655,0,0,0,1i.csv
655,0,0,0,1j.csv
655,1,1,0,1k.csv
655,2,2,0,1l.csv
655,0,0,0,1m.csv
655,3,3,0,2a.csv
655,0,0,0,2b.csv
655,0,0,0,2c.csv
655,0,0,0,2d.csv
655,1,0,1,2e.csv
655,1,1,0,2f.csv
655,0,0,0,2g.csv
655,0,0,0,2h.csv
655,0,0,0,2i.csv
655,0,0,0,2j.csv
655,1,1,0,2k.csv
655,0,0,0,2l.csv
655,16,11,5,3a.csv
655,14,14,0,3b.csv
655,34,10,24,3c.csv
655,34,10,24,3d.csv
655,5,3,2,3e.csv
655,4,3,1,3f.csv
655,4,4,0,3g.csv
656,13,8,5,1a.csv
656,0,0,0,1b.csv
656,2,2,0,1c.csv
656,0,0,0,1e.csv
656,0,0,0,1f.csv
656,1,1,0,1g.csv
656,1,1,0,1h.csv
656,0,0,0,1i.csv
656,0,0,0,1j.csv
656,1,1,0,1k.csv
656,2,2,0,1l.csv
656,0,0,0,1m.csv
656,4,4,0,2a.csv
656,0,0,0,2b.csv
656,0,0,0,2c.csv
656,0,0,0,2d.csv
656,1,0,1,2e.csv
656,1,1,0,2f.csv
656,0,0,0,2g.csv
656,0,0,0,2h.csv
656,0,0,0,2i.csv
656,0,0,0,2j.csv
656,1,1,0,2k.csv
656,2,1,1,2l.csv
656,15,12,3,3a.csv
656,16,16,0,3b.csv
656,36,12,24,3c.csv
656,36,12,24,3d.csv
656,4,3,1,3e.csv
656,4,3,1,3f.csv
656,5,5,0,3g.csv
657,12,8,4,1a.csv
657,0,0,0,1b.csv
657,3,3,0,1c.csv
657,0,0,0,1e.csv
657,0,0,0,1f.csv
657,3,2,1,1g.csv
657,1,1,0,1h.csv
657,0,0,0,1i.csv
657,0,0,0,1j.csv
657,1,1,0,1k.csv
657,2,2,0,1l.csv
657,0,0,0,1m.csv
657,3,3,0,2a.csv
657,0,0,0,2b.csv
657,1,0,1,2c.csv
657,0,0,0,2d.csv
657,1,0,1,2e.csv
657,1,1,0,2f.csv
657,0,0,0,2g.csv
657,0,0,0,2h.csv
657,0,0,0,2i.csv
657,0,0,0,2j.csv
657,0,0,0,2k.csv
657,2,1,1,2l.csv
657,15,12,3,3a.csv
657,16,16,0,3b.csv
657,35,14,21,3c.csv
657,35,14,21,3d.csv
657,4,3,1,3e.csv
657,3,2,1,3f.csv
657,4,4,0,3g.csv
658,10,7,3,1a.csv
658,0,0,0,1b.csv
658,3,3,0,1c.csv
658,0,0,0,1e.csv
658,0,0,0,1f.csv
658,3,2,1,1g.csv
658,1,1,0,1h.csv
658,0,0,0,1i.csv
658,0,0,0,1j.csv
658,1,1,0,1k.csv
658,2,2,0,1l.csv
658,0,0,0,1m.csv
658,2,2,0,2a.csv
658,0,0,0,2b.csv
658,1,0,1,2c.csv
658,0,0,0,2d.csv
658,1,0,1,2e.csv
658,1,1,0,2f.csv
658,0,0,0,2g.csv
658,0,0,0,2h.csv
658,0,0,0,2i.csv
658,0,0,0,2j.csv
658,0,0,0,2k.csv
658,2,1,1,2l.csv
658,17,13,4,3a.csv
658,17,16,1,3b.csv
658,33,15,18,3c.csv
658,33,15,18,3d.csv
658,5,4,1,3e.csv
658,2,1,1,3f.csv
658,5,5,0,3g.csv
659,10,6,4,1a.csv
659,1,1,0,1b.csv
659,3,3,0,1c.csv
659,0,0,0,1e.csv
659,0,0,0,1f.csv
659,3,2,1,1g.csv
659,2,2,0,1h.csv
659,0,0,0,1i.csv
659,0,0,0,1j.csv
659,1,1,0,1k.csv
659,2,2,0,1l.csv
659,0,0,0,1m.csv
659,2,2,0,2a.csv
659,0,0,0,2b.csv
659,2,0,2,2c.csv
659,0,0,0,2d.csv
659,1,0,1,2e.csv
659,1,1,0,2f.csv
659,0,0,0,2g.csv
659,0,0,0,2h.csv
659,0,0,0,2i.csv
659,0,0,0,2j.csv
659,0,0,0,2k.csv
659,2,1,1,2l.csv
659,16,12,4,3a.csv
659,14,13,1,3b.csv
659,36,18,18,3c.csv
659,36,18,18,3d.csv
659,5,4,1,3e.csv
659,2,1,1,3f.csv
659,5,5,0,3g.csv
660,9,5,4,1a.csv
660,1,1,0,1b.csv
660,3,3,0,1c.csv
660,0,0,0,1e.csv
660,0,0,0,1f.csv
660,2,1,1,1g.csv
660,2,2,0,1h.csv
660,0,0,0,1i.csv
660,0,0,0,1j.csv
660,0,0,0,1k.csv
660,2,2,0,1l.csv
660,0,0,0,1m.csv
660,2,2,0,2a.csv
660,0,0,0,2b.csv
660,3,0,3,2c.csv
660,0,0,0,2d.csv
660,1,0,1,2e.csv
660,1,1,0,2f.csv
660,0,0,0,2g.csv
660,0,0,0,2h.csv
660,0,0,0,2i.csv
660,0,0,0,2j.csv
660,1,1,0,2k.csv
660,2,1,1,2l.csv
660,16,12,4,3a.csv
660,14,13,1,3b.csv
660,35,19,16,3c.csv
660,35,19,16,3d.csv
660,4,4,0,3e.csv
660,1,1,0,3f.csv
660,8,7,1,3g.csv
661,8,5,3,1a.csv
661,1,1,0,1b.csv
661,3,3,0,1c.csv
661,0,0,0,1e.csv
661,0,0,0,1f.csv
661,2,1,1,1g.csv
661,2,2,0,1h.csv
661,0,0,0,1i.csv
661,0,0,0,1j.csv
661,0,0,0,1k.csv
661,2,2,0,1l.csv
661,0,0,0,1m.csv
661,2,2,0,2a.csv
661,0,0,0,2b.csv
661,3,0,3,2c.csv
661,0,0,0,2d.csv
661,1,0,1,2e.csv
661,1,1,0,2f.csv
661,0,0,0,2g.csv
661,0,0,0,2h.csv
661,0,0,0,2i.csv
661,0,0,0,2j.csv
661,1,1,0,2k.csv
661,2,1,1,2l.csv
661,15,11,4,3a.csv
661,13,12,1,3b.csv
661,29,17,12,3c.csv
661,29,17,12,3d.csv
661,4,4,0,3e.csv
661,3,3,0,3f.csv
661,8,7,1,3g.csv
662,4,3,1,1a.csv
662,1,1,0,1b.csv
662,2,2,0,1c.csv
662,0,0,0,1e.csv
662,0,0,0,1f.csv
662,2,1,1,1g.csv
662,2,2,0,1h.csv
662,0,0,0,1i.csv
662,0,0,0,1j.csv
662,0,0,0,1k.csv
662,1,1,0,1l.csv
662,1,1,0,1m.csv
662,2,2,0,2a.csv
662,0,0,0,2b.csv
662,3,0,3,2c.csv
662,0,0,0,2d.csv
662,1,0,1,2e.csv
662,1,1,0,2f.csv
662,0,0,0,2g.csv
662,0,0,0,2h.csv
662,0,0,0,2i.csv
662,0,0,0,2j.csv
662,1,1,0,2k.csv
662,2,1,1,2l.csv
662,12,8,4,3a.csv
662,12,11,1,3b.csv
662,25,16,9,3c.csv
662,25,16,9,3d.csv
662,3,3,0,3e.csv
662,3,3,0,3f.csv
662,8,7,1,3g.csv
663,3,2,1,1a.csv
663,1,1,0,1b.csv
663,1,1,0,1c.csv
663,0,0,0,1e.csv
663,0,0,0,1f.csv
663,3,2,1,1g.csv
663,1,1,0,1h.csv
663,0,0,0,1i.csv
663,0,0,0,1j.csv
663,0,0,0,1k.csv
663,0,0,0,1l.csv
663,1,1,0,1m.csv
663,1,1,0,2a.csv
663,0,0,0,2b.csv
663,3,0,3,2c.csv
663,0,0,0,2d.csv
663,0,0,0,2e.csv
663,1,1,0,2f.csv
663,0,0,0,2g.csv
663,0,0,0,2h.csv
663,0,0,0,2i.csv
663,0,0,0,2j.csv
663,1,1,0,2k.csv
663,2,1,1,2l.csv
663,9,5,4,3a.csv
663,8,7,1,3b.csv
663,20,13,7,3c.csv
663,20,13,7,3d.csv
663,2,2,0,3e.csv
663,3,3,0,3f.csv
663,9,8,1,3g.csv
664,2,1,1,1a.csv
664,1,1,0,1b.csv
664,1,1,0,1c.csv
664,0,0,0,1e.csv
664,0,0,0,1f.csv
664,3,2,1,1g.csv
664,1,1,0,1h.csv
664,0,0,0,1i.csv
664,0,0,0,1j.csv
664,0,0,0,1k.csv
664,0,0,0,1l.csv
664,1,1,0,1m.csv
664,2,2,0,2a.csv
664,0,0,0,2b.csv
664,3,0,3,2c.csv
664,0,0,0,2d.csv
664,0,0,0,2e.csv
664,1,1,0,2f.csv
664,0,0,0,2g.csv
664,0,0,0,2h.csv
664,0,0,0,2i.csv
664,0,0,0,2j.csv
664,1,1,0,2k.csv
664,1,1,0,2l.csv
664,8,4,4,3a.csv
664,6,5,1,3b.csv
664,20,12,8,3c.csv
664,20,12,8,3d.csv
664,2,2,0,3e.csv
664,3,3,0,3f.csv
664,10,9,1,3g.csv
665,2,1,1,1a.csv
665,1,1,0,1b.csv
665,0,0,0,1c.csv
665,0,0,0,1e.csv
665,0,0,0,1f.csv
665,1,1,0,1g.csv
665,1,1,0,1h.csv
665,0,0,0,1i.csv
665,0,0,0,1j.csv
665,0,0,0,1k.csv
665,0,0,0,1l.csv
665,1,1,0,1m.csv
665,3,3,0,2a.csv
665,0,0,0,2b.csv
665,2,0,2,2c.csv
665,0,0,0,2d.csv
665,0,0,0,2e.csv
665,1,1,0,2f.csv
665,0,0,0,2g.csv
665,0,0,0,2h.csv
665,0,0,0,2i.csv
665,0,0,0,2j.csv
665,1,1,0,2k.csv
665,1,1,0,2l.csv
665,9,3,6,3a.csv
665,4,3,1,3b.csv
665,19,10,9,3c.csv
665,19,10,9,3d.csv
665,2,2,0,3e.csv
665,3,3,0,3f.csv
665,11,9,2,3g.csv
666,3,2,1,1a.csv
666,1,1,0,1b.csv
666,0,0,0,1c.csv
666,0,0,0,1e.csv
666,0,0,0,1f.csv
666,1,1,0,1g.csv
666,1,1,0,1h.csv
666,0,0,0,1i.csv
666,0,0,0,1j.csv
666,0,0,0,1k.csv
666,1,1,0,1l.csv
666,1,1,0,1m.csv
666,7,7,0,2a.csv
666,0,0,0,2b.csv
666,2,0,2,2c.csv
666,0,0,0,2d.csv
666,0,0,0,2e.csv
666,0,0,0,2f.csv
666,0,0,0,2g.csv
666,0,0,0,2h.csv
666,0,0,0,2i.csv
666,0,0,0,2j.csv
666,1,1,0,2k.csv
666,1,1,0,2l.csv
666,11,6,5,3a.csv
666,2,2,0,3b.csv
666,15,8,7,3c.csv
666,15,8,7,3d.csv
666,1,1,0,3e.csv
666,3,3,0,3f.csv
666,10,8,2,3g.csv
667,2,2,0,1a.csv
667,0,0,0,1b.csv
667,0,0,0,1c.csv
667,0,0,0,1e.csv
667,0,0,0,1f.csv
667,1,1,0,1g.csv
667,1,1,0,1h.csv
667,0,0,0,1i.csv
667,0,0,0,1j.csv
667,0,0,0,1k.csv
667,2,2,0,1l.csv
667,1,1,0,1m.csv
667,8,8,0,2a.csv
667,0,0,0,2b.csv
667,1,0,1,2c.csv
667,0,0,0,2d.csv
667,0,0,0,2e.csv
667,0,0,0,2f.csv
667,0,0,0,2g.csv
667,0,0,0,2h.csv
667,0,0,0,2i.csv
667,0,0,0,2j.csv
667,1,1,0,2k.csv
667,1,1,0,2l.csv
667,12,8,4,3a.csv
667,2,2,0,3b.csv
667,11,4,7,3c.csv
667,11,4,7,3d.csv
667,1,1,0,3e.csv
667,3,3,0,3f.csv
667,9,7,2,3g.csv
668,3,3,0,1a.csv
668,0,0,0,1b.csv
668,2,1,1,1c.csv
668,0,0,0,1e.csv
668,0,0,0,1f.csv
668,1,1,0,1g.csv
668,1,1,0,1h.csv
668,1,1,0,1i.csv
668,0,0,0,1j.csv
668,0,0,0,1k.csv
668,2,2,0,1l.csv
668,1,1,0,1m.csv
668,9,9,0,2a.csv
668,0,0,0,2b.csv
668,0,0,0,2c.csv
668,0,0,0,2d.csv
668,0,0,0,2e.csv
668,2,2,0,2f.csv
668,0,0,0,2g.csv
668,0,0,0,2h.csv
668,0,0,0,2i.csv
668,0,0,0,2j.csv
668,0,0,0,2k.csv
668,1,1,0,2l.csv
668,13,9,4,3a.csv
668,2,1,1,3b.csv
668,13,5,8,3c.csv
668,13,5,8,3d.csv
668,1,1,0,3e.csv
668,5,5,0,3f.csv
668,6,5,1,3g.csv
669,5,5,0,1a.csv
669,0,0,0,1b.csv
669,2,1,1,1c.csv
669,0,0,0,1e.csv
669,0,0,0,1f.csv
669,1,1,0,1g.csv
669,2,2,0,1h.csv
669,1,1,0,1i.csv
669,0,0,0,1j.csv
669,0,0,0,1k.csv
669,2,2,0,1l.csv
669,1,1,0,1m.csv
669,9,9,0,2a.csv
669,0,0,0,2b.csv
669,0,0,0,2c.csv
669,0,0,0,2d.csv
669,0,0,0,2e.csv
669,2,2,0,2f.csv
669,0,0,0,2g.csv
669,0,0,0,2h.csv
669,0,0,0,2i.csv
669,0,0,0,2j.csv
669,0,0,0,2k.csv
669,1,1,0,2l.csv
669,16,11,5,3a.csv
669,2,1,1,3b.csv
669,11,5,6,3c.csv
669,11,5,6,3d.csv
669,2,2,0,3e.csv
669,4,4,0,3f.csv
669,6,5,1,3g.csv
670,6,5,1,1a.csv
670,0,0,0,1b.csv
670,2,1,1,1c.csv
670,0,0,0,1e.csv
670,0,0,0,1f.csv
670,2,2,0,1g.csv
670,2,2,0,1h.csv
670,1,1,0,1i.csv
670,0,0,0,1j.csv
670,0,0,0,1k.csv
670,2,2,0,1l.csv
670,1,1,0,1m.csv
670,10,9,1,2a.csv
670,1,1,0,2b.csv
670,0,0,0,2c.csv
670,0,0,0,2d.csv
670,0,0,0,2e.csv
670,2,2,0,2f.csv
670,0,0,0,2g.csv
670,0,0,0,2h.csv
670,0,0,0,2i.csv
670,0,0,0,2j.csv
670,0,0,0,2k.csv
670,1,1,0,2l.csv
670,21,15,6,3a.csv
670,2,1,1,3b.csv
670,9,4,5,3c.csv
670,9,4,5,3d.csv
670,2,2,0,3e.csv
670,3,3,0,3f.csv
670,4,3,1,3g.csv
671,6,5,1,1a.csv
671,0,0,0,1b.csv
671,2,1,1,1c.csv
671,0,0,0,1e.csv
671,0,0,0,1f.csv
671,1,1,0,1g.csv
671,2,2,0,1h.csv
671,1,1,0,1i.csv
671,0,0,0,1j.csv
671,0,0,0,1k.csv
671,2,2,0,1l.csv
671,1,1,0,1m.csv
671,10,9,1,2a.csv
671,1,1,0,2b.csv
671,0,0,0,2c.csv
671,0,0,0,2d.csv
671,0,0,0,2e.csv
671,2,2,0,2f.csv
671,0,0,0,2g.csv
671,0,0,0,2h.csv
671,0,0,0,2i.csv
671,0,0,0,2j.csv
671,0,0,0,2k.csv
671,1,1,0,2l.csv
671,21,15,6,3a.csv
671,2,1,1,3b.csv
671,11,6,5,3c.csv
671,11,6,5,3d.csv
671,1,1,0,3e.csv
671,3,3,0,3f.csv
671,3,2,1,3g.csv
672,5,4,1,1a.csv
672,1,1,0,1b.csv
672,2,1,1,1c.csv
672,0,0,0,1e.csv
672,0,0,0,1f.csv
672,2,1,1,1g.csv
672,2,2,0,1h.csv
672,1,1,0,1i.csv
672,0,0,0,1j.csv
672,1,1,0,1k.csv
672,2,2,0,1l.csv
672,1,1,0,1m.csv
672,9,8,1,2a.csv
672,1,1,0,2b.csv
672,0,0,0,2c.csv
672,0,0,0,2d.csv
672,0,0,0,2e.csv
672,2,2,0,2f.csv
672,0,0,0,2g.csv
672,0,0,0,2h.csv
672,0,0,0,2i.csv
672,0,0,0,2j.csv
672,0,0,0,2k.csv
672,0,0,0,2l.csv
672,25,19,6,3a.csv
672,2,1,1,3b.csv
672,9,5,4,3c.csv
672,9,5,4,3d.csv
672,1,1,0,3e.csv
672,3,3,0,3f.csv
672,1,0,1,3g.csv
673,6,5,1,1a.csv
673,1,1,0,1b.csv
673,2,1,1,1c.csv
673,0,0,0,1e.csv
673,0,0,0,1f.csv
673,2,1,1,1g.csv
673,2,2,0,1h.csv
673,1,1,0,1i.csv
673,0,0,0,1j.csv
673,1,1,0,1k.csv
673,2,2,0,1l.csv
673,1,1,0,1m.csv
673,9,7,2,2a.csv
673,1,1,0,2b.csv
673,0,0,0,2c.csv
673,0,0,0,2d.csv
673,0,0,0,2e.csv
673,2,2,0,2f.csv
673,0,0,0,2g.csv
673,0,0,0,2h.csv
673,0,0,0,2i.csv
673,0,0,0,2j.csv
673,0,0,0,2k.csv
673,0,0,0,2l.csv
673,26,20,6,3a.csv
673,1,0,1,3b.csv
673,7,4,3,3c.csv
673,7,4,3,3d.csv
673,1,1,0,3e.csv
673,4,4,0,3f.csv
673,1,0,1,3g.csv
674,5,4,1,1a.csv
674,1,1,0,1b.csv
674,2,1,1,1c.csv
674,0,0,0,1e.csv
674,0,0,0,1f.csv
674,2,1,1,1g.csv
674,2,2,0,1h.csv
674,1,1,0,1i.csv
674,0,0,0,1j.csv
674,2,2,0,1k.csv
674,2,2,0,1l.csv
674,1,1,0,1m.csv
674,5,3,2,2a.csv
674,1,1,0,2b.csv
674,0,0,0,2c.csv
674,0,0,0,2d.csv
674,0,0,0,2e.csv
674,2,2,0,2f.csv
674,0,0,0,2g.csv
674,0,0,0,2h.csv
674,0,0,0,2i.csv
674,0,0,0,2j.csv
674,0,0,0,2k.csv
674,0,0,0,2l.csv
674,24,18,6,3a.csv
674,2,1,1,3b.csv
674,7,4,3,3c.csv
674,7,4,3,3d.csv
674,1,1,0,3e.csv
674,4,4,0,3f.csv
674,1,0,1,3g.csv
675,5,4,1,1a.csv
675,1,1,0,1b.csv
675,2,1,1,1c.csv
675,0,0,0,1e.csv
675,0,0,0,1f.csv
675,2,1,1,1g.csv
675,1,1,0,1h.csv
675,1,1,0,1i.csv
675,0,0,0,1j.csv
675,2,2,0,1k.csv
675,1,1,0,1l.csv
675,1,1,0,1m.csv
675,6,4,2,2a.csv
675,2,2,0,2b.csv
675,0,0,0,2c.csv
675,0,0,0,2d.csv
675,1,1,0,2e.csv
675,2,2,0,2f.csv
675,0,0,0,2g.csv
675,0,0,0,2h.csv
675,0,0,0,2i.csv
675,0,0,0,2j.csv
675,0,0,0,2k.csv
675,0,0,0,2l.csv
675,23,17,6,3a.csv
675,2,1,1,3b.csv
675,7,5,2,3c.csv
675,7,5,2,3d.csv
675,1,1,0,3e.csv
675,4,4,0,3f.csv
675,1,0,1,3g.csv
676,7,5,2,1a.csv
676,1,1,0,1b.csv
676,0,0,0,1c.csv
676,0,0,0,1e.csv
676,0,0,0,1f.csv
676,3,2,1,1g.csv
676,1,1,0,1h.csv
676,0,0,0,1i.csv
676,0,0,0,1j.csv
676,2,2,0,1k.csv
676,1,1,0,1l.csv
676,1,1,0,1m.csv
676,5,3,2,2a.csv
676,2,2,0,2b.csv
676,0,0,0,2c.csv
676,0,0,0,2d.csv
676,1,1,0,2e.csv
676,0,0,0,2f.csv
676,0,0,0,2g.csv
676,0,0,0,2h.csv
676,1,1,0,2i.csv
676,0,0,0,2j.csv
676,0,0,0,2k.csv
676,0,0,0,2l.csv
676,22,16,6,3a.csv
676,1,1,0,3b.csv
676,3,3,0,3c.csv
676,3,3,0,3d.csv
676,1,1,0,3e.csv
676,2,2,0,3f.csv
676,1,0,1,3g.csv
677,6,3,3,1a.csv
677,1,1,0,1b.csv
677,0,0,0,1c.csv
677,0,0,0,1e.csv
677,0,0,0,1f.csv
677,3,2,1,1g.csv
677,1,0,1,1h.csv
677,0,0,0,1i.csv
677,0,0,0,1j.csv
677,2,2,0,1k.csv
677,1,1,0,1l.csv
677,1,1,0,1m.csv
677,5,3,2,2a.csv
677,2,2,0,2b.csv
677,0,0,0,2c.csv
677,0,0,0,2d.csv
677,1,1,0,2e.csv
677,0,0,0,2f.csv
677,0,0,0,2g.csv
677,0,0,0,2h.csv
677,1,1,0,2i.csv
677,0,0,0,2j.csv
677,0,0,0,2k.csv
677,2,1,1,2l.csv
677,19,14,5,3a.csv
677,1,1,0,3b.csv
677,3,3,0,3c.csv
677,3,3,0,3d.csv
677,0,0,0,3e.csv
677,1,1,0,3f.csv
677,1,0,1,3g.csv
678,6,4,2,1a.csv
678,1,1,0,1b.csv
678,0,0,0,1c.csv
678,0,0,0,1e.csv
678,0,0,0,1f.csv
678,2,1,1,1g.csv
678,2,1,1,1h.csv
678,0,0,0,1i.csv
678,0,0,0,1j.csv
678,3,3,0,1k.csv
678,1,1,0,1l.csv
678,0,0,0,1m.csv
678,4,3,1,2a.csv
678,1,1,0,2b.csv
678,0,0,0,2c.csv
678,0,0,0,2d.csv
678,1,1,0,2e.csv
678,0,0,0,2f.csv
678,0,0,0,2g.csv
678,0,0,0,2h.csv
678,1,1,0,2i.csv
678,0,0,0,2j.csv
678,0,0,0,2k.csv
678,3,2,1,2l.csv
678,15,10,5,3a.csv
678,2,2,0,3b.csv
678,5,5,0,3c.csv
678,5,5,0,3d.csv
678,0,0,0,3e.csv
678,1,1,0,3f.csv
678,2,1,1,3g.csv
679,6,4,2,1a.csv
679,1,1,0,1b.csv
679,0,0,0,1c.csv
679,0,0,0,1e.csv
679,1,1,0,1f.csv
679,2,1,1,1g.csv
679,2,1,1,1h.csv
679,0,0,0,1i.csv
679,0,0,0,1j.csv
679,4,4,0,1k.csv
679,1,1,0,1l.csv
679,0,0,0,1m.csv
679,7,6,1,2a.csv
679,2,2,0,2b.csv
679,0,0,0,2c.csv
679,0,0,0,2d.csv
679,1,1,0,2e.csv
679,0,0,0,2f.csv
679,0,0,0,2g.csv
679,0,0,0,2h.csv
679,1,1,0,2i.csv
679,0,0,0,2j.csv
679,0,0,0,2k.csv
679,3,2,1,2l.csv
679,18,12,6,3a.csv
679,3,3,0,3b.csv
679,3,3,0,3c.csv
679,3,3,0,3d.csv
679,1,0,1,3e.csv
679,2,2,0,3f.csv
679,2,1,1,3g.csv
680,6,4,2,1a.csv
680,0,0,0,1b.csv
680,0,0,0,1c.csv
680,0,0,0,1e.csv
680,1,1,0,1f.csv
680,1,1,0,1g.csv
680,2,1,1,1h.csv
680,0,0,0,1i.csv
680,0,0,0,1j.csv
680,4,4,0,1k.csv
680,1,1,0,1l.csv
680,0,0,0,1m.csv
680,7,6,1,2a.csv
680,2,2,0,2b.csv
680,0,0,0,2c.csv
680,0,0,0,2d.csv
680,2,1,1,2e.csv
680,0,0,0,2f.csv
680,0,0,0,2g.csv
680,0,0,0,2h.csv
680,1,1,0,2i.csv
680,0,0,0,2j.csv
680,0,0,0,2k.csv
680,3,2,1,2l.csv
680,15,9,6,3a.csv
680,3,3,0,3b.csv
680,4,3,1,3c.csv
680,4,3,1,3d.csv
680,1,0,1,3e.csv
680,3,3,0,3f.csv
680,2,1,1,3g.csv
681,5,3,2,1a.csv
681,0,0,0,1b.csv
681,1,1,0,1c.csv
681,0,0,0,1e.csv
681,1,1,0,1f.csv
681,1,1,0,1g.csv
681,2,1,1,1h.csv
681,0,0,0,1i.csv
681,0,0,0,1j.csv
681,4,4,0,1k.csv
681,1,1,0,1l.csv
681,0,0,0,1m.csv
681,7,7,0,2a.csv
681,2,2,0,2b.csv
681,0,0,0,2c.csv
681,0,0,0,2d.csv
681,2,1,1,2e.csv
681,0,0,0,2f.csv
681,0,0,0,2g.csv
681,0,0,0,2h.csv
681,1,1,0,2i.csv
681,0,0,0,2j.csv
681,0,0,0,2k.csv
681,3,2,1,2l.csv
681,14,10,4,3a.csv
681,4,4,0,3b.csv
681,4,3,1,3c.csv
681,4,3,1,3d.csv
681,2,1,1,3e.csv
681,3,3,0,3f.csv
681,1,1,0,3g.csv
682,6,3,3,1a.csv
682,0,0,0,1b.csv
682,1,1,0,1c.csv
682,0,0,0,1e.csv
682,1,1,0,1f.csv
682,2,1,1,1g.csv
682,2,1,1,1h.csv
682,0,0,0,1i.csv
682,0,0,0,1j.csv
682,3,3,0,1k.csv
682,0,0,0,1l.csv
682,0,0,0,1m.csv
682,7,7,0,2a.csv
682,3,3,0,2b.csv
682,0,0,0,2c.csv
682,0,0,0,2d.csv
682,3,2,1,2e.csv
682,0,0,0,2f.csv
682,0,0,0,2g.csv
682,0,0,0,2h.csv
682,1,1,0,2i.csv
682,0,0,0,2j.csv
682,0,0,0,2k.csv
682,3,2,1,2l.csv
682,13,9,4,3a.csv
682,3,3,0,3b.csv
682,4,3,1,3c.csv
682,4,3,1,3d.csv
682,2,1,1,3e.csv
682,5,5,0,3f.csv
682,1,1,0,3g.csv
683,6,3,3,1a.csv
683,0,0,0,1b.csv
683,1,1,0,1c.csv
683,0,0,0,1e.csv
683,1,1,0,1f.csv
683,3,2,1,1g.csv
683,2,1,1,1h.csv
683,0,0,0,1i.csv
683,0,0,0,1j.csv
683,3,3,0,1k.csv
683,1,1,0,1l.csv
683,0,0,0,1m.csv
683,5,5,0,2a.csv
683,2,2,0,2b.csv
683,0,0,0,2c.csv
683,0,0,0,2d.csv
683,2,1,1,2e.csv
683,0,0,0,2f.csv
683,0,0,0,2g.csv
683,0,0,0,2h.csv
683,1,1,0,2i.csv
683,0,0,0,2j.csv
683,0,0,0,2k.csv
683,3,2,1,2l.csv
683,11,8,3,3a.csv
683,5,5,0,3b.csv
683,3,2,1,3c.csv
683,3,2,1,3d.csv
683,2,1,1,3e.csv
683,5,5,0,3f.csv
683,1,1,0,3g.csv
684,5,3,2,1a.csv
684,0,0,0,1b.csv
684,1,1,0,1c.csv
684,0,0,0,1e.csv
684,1,1,0,1f.csv
684,2,1,1,1g.csv
684,2,1,1,1h.csv
684,0,0,0,1i.csv
684,0,0,0,1j.csv
684,3,3,0,1k.csv
684,1,1,0,1l.csv
684,0,0,0,1m.csv
684,5,5,0,2a.csv
684,2,2,0,2b.csv
684,0,0,0,2c.csv
684,0,0,0,2d.csv
684,2,1,1,2e.csv
684,0,0,0,2f.csv
684,0,0,0,2g.csv
684,0,0,0,2h.csv
684,0,0,0,2i.csv
684,0,0,0,2j.csv
684,0,0,0,2k.csv
684,3,2,1,2l.csv
684,11,8,3,3a.csv
684,5,5,0,3b.csv
684,3,2,1,3c.csv
684,3,2,1,3d.csv
684,2,1,1,3e.csv
684,5,5,0,3f.csv
684,1,1,0,3g.csv
685,4,3,1,1a.csv
685,0,0,0,1b.csv
685,1,1,0,1c.csv
685,0,0,0,1e.csv
685,1,1,0,1f.csv
685,2,1,1,1g.csv
685,1,1,0,1h.csv
685,0,0,0,1i.csv
685,0,0,0,1j.csv
685,3,3,0,1k.csv
685,1,1,0,1l.csv
685,0,0,0,1m.csv
685,5,5,0,2a.csv
685,2,2,0,2b.csv
685,0,0,0,2c.csv
685,0,0,0,2d.csv
685,2,1,1,2e.csv
685,0,0,0,2f.csv
685,0,0,0,2g.csv
685,0,0,0,2h.csv
685,0,0,0,2i.csv
685,0,0,0,2j.csv
685,0,0,0,2k.csv
685,1,1,0,2l.csv
685,10,8,2,3a.csv
685,10,10,0,3b.csv
685,3,2,1,3c.csv
685,3,2,1,3d.csv
685,2,1,1,3e.csv
685,8,5,3,3f.csv
685,1,1,0,3g.csv
686,4,3,1,1a.csv
686,0,0,0,1b.csv
686,1,1,0,1c.csv
686,1,1,0,1e.csv
686,1,1,0,1f.csv
686,2,1,1,1g.csv
686,0,0,0,1h.csv
686,0,0,0,1i.csv
686,0,0,0,1j.csv
686,3,3,0,1k.csv
686,1,1,0,1l.csv
686,0,0,0,1m.csv
686,5,5,0,2a.csv
686,2,2,0,2b.csv
686,0,0,0,2c.csv
686,0,0,0,2d.csv
686,2,1,1,2e.csv
686,0,0,0,2f.csv
686,0,0,0,2g.csv
686,0,0,0,2h.csv
686,0,0,0,2i.csv
686,0,0,0,2j.csv
686,0,0,0,2k.csv
686,0,0,0,2l.csv
686,12,8,4,3a.csv
686,11,10,1,3b.csv
686,3,2,1,3c.csv
686,3,2,1,3d.csv
686,3,2,1,3e.csv
686,8,5,3,3f.csv
686,0,0,0,3g.csv
687,6,4,2,1a.csv
687,1,1,0,1b.csv
687,1,1,0,1c.csv
687,1,1,0,1e.csv
687,0,0,0,1f.csv
687,2,1,1,1g.csv
687,0,0,0,1h.csv
687,0,0,0,1i.csv
687,0,0,0,1j.csv
687,2,2,0,1k.csv
687,2,2,0,1l.csv
687,0,0,0,1m.csv
687,2,2,0,2a.csv
687,1,1,0,2b.csv
687,0,0,0,2c.csv
687,0,0,0,2d.csv
687,2,1,1,2e.csv
687,0,0,0,2f.csv
687,0,0,0,2g.csv
687,0,0,0,2h.csv
687,0,0,0,2i.csv
687,0,0,0,2j.csv
687,0,0,0,2k.csv
687,0,0,0,2l.csv
687,11,8,3,3a.csv
687,12,11,1,3b.csv
687,3,2,1,3c.csv
687,3,2,1,3d.csv
687,2,2,0,3e.csv
687,8,5,3,3f.csv
687,0,0,0,3g.csv
688,6,4,2,1a.csv
688,1,1,0,1b.csv
688,1,1,0,1c.csv
688,1,1,0,1e.csv
688,0,0,0,1f.csv
688,3,1,2,1g.csv
688,0,0,0,1h.csv
688,0,0,0,1i.csv
688,0,0,0,1j.csv
688,1,1,0,1k.csv
688,2,2,0,1l.csv
688,0,0,0,1m.csv
688,1,1,0,2a.csv
688,1,1,0,2b.csv
688,0,0,0,2c.csv
688,0,0,0,2d.csv
688,1,1,0,2e.csv
688,0,0,0,2f.csv
688,0,0,0,2g.csv
688,0,0,0,2h.csv
688,0,0,0,2i.csv
688,0,0,0,2j.csv
688,0,0,0,2k.csv
688,0,0,0,2l.csv
688,11,7,4,3a.csv
688,12,11,1,3b.csv
688,2,2,0,3c.csv
688,2,2,0,3d.csv
688,2,2,0,3e.csv
688,9,6,3,3f.csv
688,1,1,0,3g.csv
689,8,5,3,1a.csv
689,1,1,0,1b.csv
689,0,0,0,1c.csv
689,1,1,0,1e.csv
689,0,0,0,1f.csv
689,3,1,2,1g.csv
689,0,0,0,1h.csv
689,0,0,0,1i.csv
689,0,0,0,1j.csv
689,2,2,0,1k.csv
689,2,2,0,1l.csv
689,0,0,0,1m.csv
689,1,1,0,2a.csv
689,1,1,0,2b.csv
689,0,0,0,2c.csv
689,0,0,0,2d.csv
689,1,1,0,2e.csv
689,0,0,0,2f.csv
689,0,0,0,2g.csv
689,0,0,0,2h.csv
689,0,0,0,2i.csv
689,0,0,0,2j.csv
689,0,0,0,2k.csv
689,0,0,0,2l.csv
689,14,9,5,3a.csv
689,12,11,1,3b.csv
689,5,4,1,3c.csv
689,5,4,1,3d.csv
689,4,3,1,3e.csv
689,8,5,3,3f.csv
689,1,1,0,3g.csv
690,8,6,2,1a.csv
690,1,1,0,1b.csv
690,0,0,0,1c.csv
690,1,1,0,1e.csv
690,0,0,0,1f.csv
690,2,1,1,1g.csv
690,0,0,0,1h.csv
690,0,0,0,1i.csv
690,0,0,0,1j.csv
690,2,2,0,1k.csv
690,2,2,0,1l.csv
690,0,0,0,1m.csv
690,2,2,0,2a.csv
690,0,0,0,2b.csv
690,0,0,0,2c.csv
690,0,0,0,2d.csv
690,0,0,0,2e.csv
690,1,1,0,2f.csv
690,0,0,0,2g.csv
690,0,0,0,2h.csv
690,0,0,0,2i.csv
690,0,0,0,2j.csv
690,0,0,0,2k.csv
690,0,0,0,2l.csv
690,17,10,7,3a.csv
690,13,12,1,3b.csv
690,5,4,1,3c.csv
690,5,4,1,3d.csv
690,4,3,1,3e.csv
690,6,3,3,3f.csv
690,2,2,0,3g.csv
691,10,8,2,1a.csv
691,1,1,0,1b.csv
691,0,0,0,1c.csv
691,1,1,0,1e.csv
691,0,0,0,1f.csv
691,1,0,1,1g.csv
691,0,0,0,1h.csv
691,1,0,1,1i.csv
691,0,0,0,1j.csv
691,2,2,0,1k.csv
691,1,1,0,1l.csv
691,0,0,0,1m.csv
691,2,2,0,2a.csv
691,0,0,0,2b.csv
691,0,0,0,2c.csv
691,0,0,0,2d.csv
691,0,0,0,2e.csv
691,1,1,0,2f.csv
691,0,0,0,2g.csv
691,0,0,0,2h.csv
691,0,0,0,2i.csv
691,0,0,0,2j.csv
691,1,0,1,2k.csv
691,1,1,0,2l.csv
691,18,10,8,3a.csv
691,11,10,1,3b.csv
691,6,4,2,3c.csv
691,6,4,2,3d.csv
691,4,3,1,3e.csv
691,6,3,3,3f.csv
691,2,2,0,3g.csv
692,10,7,3,1a.csv
692,1,1,0,1b.csv
692,0,0,0,1c.csv
692,1,1,0,1e.csv
692,0,0,0,1f.csv
692,2,1,1,1g.csv
692,0,0,0,1h.csv
692,1,0,1,1i.csv
692,0,0,0,1j.csv
692,2,2,0,1k.csv
692,1,1,0,1l.csv
692,0,0,0,1m.csv
692,4,3,1,2a.csv
692,0,0,0,2b.csv
692,0,0,0,2c.csv
692,0,0,0,2d.csv
692,0,0,0,2e.csv
692,1,1,0,2f.csv
692,0,0,0,2g.csv
692,0,0,0,2h.csv
692,0,0,0,2i.csv
692,0,0,0,2j.csv
692,1,0,1,2k.csv
692,1,1,0,2l.csv
692,19,10,9,3a.csv
692,12,11,1,3b.csv
692,6,4,2,3c.csv
692,6,4,2,3d.csv
692,5,4,1,3e.csv
692,7,4,3,3f.csv
692,3,3,0,3g.csv
693,12,9,3,1a.csv
693,1,1,0,1b.csv
693,1,1,0,1c.csv
693,1,1,0,1e.csv
693,0,0,0,1f.csv
693,2,1,1,1g.csv
693,0,0,0,1h.csv
693,1,0,1,1i.csv
693,0,0,0,1j.csv
693,2,2,0,1k.csv
693,1,1,0,1l.csv
693,0,0,0,1m.csv
693,5,4,1,2a.csv
693,0,0,0,2b.csv
693,0,0,0,2c.csv
693,0,0,0,2d.csv
693,0,0,0,2e.csv
693,1,1,0,2f.csv
693,0,0,0,2g.csv
693,0,0,0,2h.csv
693,0,0,0,2i.csv
693,0,0,0,2j.csv
693,1,0,1,2k.csv
693,1,1,0,2l.csv
693,17,8,9,3a.csv
693,9,8,1,3b.csv
693,7,5,2,3c.csv
693,7,5,2,3d.csv
693,6,5,1,3e.csv
693,4,4,0,3f.csv
693,3,3,0,3g.csv
694,11,8,3,1a.csv
694,2,2,0,1b.csv
694,2,2,0,1c.csv
694,0,0,0,1e.csv
694,0,0,0,1f.csv
694,2,1,1,1g.csv
694,0,0,0,1h.csv
694,1,0,1,1i.csv
694,0,0,0,1j.csv
694,1,1,0,1k.csv
694,1,1,0,1l.csv
694,0,0,0,1m.csv
694,6,5,1,2a.csv
694,0,0,0,2b.csv
694,0,0,0,2c.csv
694,0,0,0,2d.csv
694,0,0,0,2e.csv
694,2,2,0,2f.csv
694,1,1,0,2g.csv
694,0,0,0,2h.csv
694,0,0,0,2i.csv
694,0,0,0,2j.csv
694,1,0,1,2k.csv
694,1,1,0,2l.csv
694,15,9,6,3a.csv
694,7,7,0,3b.csv
694,5,3,2,3c.csv
694,5,3,2,3d.csv
694,5,4,1,3e.csv
694,5,5,0,3f.csv
694,3,3,0,3g.csv
695,10,8,2,1a.csv
695,1,1,0,1b.csv
695,2,2,0,1c.csv
695,0,0,0,1e.csv
695,0,0,0,1f.csv
695,2,1,1,1g.csv
695,0,0,0,1h.csv
695,1,0,1,1i.csv
695,0,0,0,1j.csv
695,1,1,0,1k.csv
695,0,0,0,1l.csv
695,0,0,0,1m.csv
695,6,5,1,2a.csv
695,0,0,0,2b.csv
695,0,0,0,2c.csv
695,0,0,0,2d.csv
695,0,0,0,2e.csv
695,2,2,0,2f.csv
695,1,1,0,2g.csv
695,0,0,0,2h.csv
695,0,0,0,2i.csv
695,0,0,0,2j.csv
695,1,0,1,2k.csv
695,1,1,0,2l.csv
695,13,7,6,3a.csv
695,6,6,0,3b.csv
695,5,3,2,3c.csv
695,5,3,2,3d.csv
695,5,4,1,3e.csv
695,4,4,0,3f.csv
695,3,3,0,3g.csv
696,11,9,2,1a.csv
696,1,1,0,1b.csv
696,3,3,0,1c.csv
696,0,0,0,1e.csv
696,0,0,0,1f.csv
696,1,1,0,1g.csv
696,0,0,0,1h.csv
696,1,0,1,1i.csv
696,0,0,0,1j.csv
696,1,1,0,1k.csv
696,0,0,0,1l.csv
696,0,0,0,1m.csv
696,6,5,1,2a.csv
696,0,0,0,2b.csv
696,1,1,0,2c.csv
696,0,0,0,2d.csv
696,0,0,0,2e.csv
696,2,2,0,2f.csv
696,1,1,0,2g.csv
696,0,0,0,2h.csv
696,0,0,0,2i.csv
696,0,0,0,2j.csv
696,1,0,1,2k.csv
696,1,1,0,2l.csv
696,14,8,6,3a.csv
696,6,6,0,3b.csv
696,5,3,2,3c.csv
696,5,3,2,3d.csv
696,5,4,1,3e.csv
696,3,3,0,3f.csv
696,2,2,0,3g.csv
697,11,8,3,1a.csv
697,1,1,0,1b.csv
697,3,3,0,1c.csv
697,0,0,0,1e.csv
697,0,0,0,1f.csv
697,1,1,0,1g.csv
697,0,0,0,1h.csv
697,1,0,1,1i.csv
697,0,0,0,1j.csv
697,0,0,0,1k.csv
697,0,0,0,1l.csv
697,0,0,0,1m.csv
697,5,4,1,2a.csv
697,0,0,0,2b.csv
697,1,1,0,2c.csv
697,0,0,0,2d.csv
697,1,1,0,2e.csv
697,2,2,0,2f.csv
697,1,1,0,2g.csv
697,0,0,0,2h.csv
697,0,0,0,2i.csv
697,0,0,0,2j.csv
697,1,0,1,2k.csv
697,1,1,0,2l.csv
697,9,4,5,3a.csv
697,5,5,0,3b.csv
697,2,1,1,3c.csv
697,2,1,1,3d.csv
697,3,3,0,3e.csv
697,3,3,0,3f.csv
697,2,2,0,3g.csv
698,13,10,3,1a.csv
698,2,2,0,1b.csv
698,3,3,0,1c.csv
698,0,0,0,1e.csv
698,0,0,0,1f.csv
698,1,1,0,1g.csv
698,1,0,1,1h.csv
698,1,0,1,1i.csv
698,0,0,0,1j.csv
698,0,0,0,1k.csv
698,0,0,0,1l.csv
698,0,0,0,1m.csv
698,4,3,1,2a.csv
698,0,0,0,2b.csv
698,1,1,0,2c.csv
698,0,0,0,2d.csv
698,1,1,0,2e.csv
698,1,1,0,2f.csv
698,1,1,0,2g.csv
698,0,0,0,2h.csv
698,0,0,0,2i.csv
698,0,0,0,2j.csv
698,1,0,1,2k.csv
698,1,1,0,2l.csv
698,7,3,4,3a.csv
698,4,4,0,3b.csv
698,2,1,1,3c.csv
698,2,1,1,3d.csv
698,3,3,0,3e.csv
698,4,4,0,3f.csv
698,1,1,0,3g.csv
699,12,9,3,1a.csv
699,2,2,0,1b.csv
699,3,3,0,1c.csv
699,0,0,0,1e.csv
699,0,0,0,1f.csv
699,1,1,0,1g.csv
699,1,0,1,1h.csv
699,1,1,0,1i.csv
699,0,0,0,1j.csv
699,0,0,0,1k.csv
699,1,1,0,1l.csv
699,0,0,0,1m.csv
699,4,3,1,2a.csv
699,0,0,0,2b.csv
699,1,1,0,2c.csv
699,0,0,0,2d.csv
699,1,1,0,2e.csv
699,1,1,0,2f.csv
699,1,1,0,2g.csv
699,0,0,0,2h.csv
699,0,0,0,2i.csv
699,1,0,1,2j.csv
699,1,1,0,2k.csv
699,0,0,0,2l.csv
699,10,5,5,3a.csv
699,6,6,0,3b.csv
699,2,1,1,3c.csv
699,2,1,1,3d.csv
699,3,3,0,3e.csv
699,4,4,0,3f.csv
699,1,1,0,3g.csv
700,11,9,2,1a.csv
700,2,2,0,1b.csv
700,4,4,0,1c.csv
700,0,0,0,1e.csv
700,0,0,0,1f.csv
700,0,0,0,1g.csv
700,1,0,1,1h.csv
700,1,1,0,1i.csv
700,0,0,0,1j.csv
700,0,0,0,1k.csv
700,1,1,0,1l.csv
700,0,0,0,1m.csv
700,2,2,0,2a.csv
700,0,0,0,2b.csv
700,1,1,0,2c.csv
700,0,0,0,2d.csv
700,1,1,0,2e.csv
700,2,2,0,2f.csv
700,1,1,0,2g.csv
700,0,0,0,2h.csv
700,0,0,0,2i.csv
700,1,0,1,2j.csv
700,1,1,0,2k.csv
700,0,0,0,2l.csv
700,12,7,5,3a.csv
700,5,5,0,3b.csv
700,2,1,1,3c.csv
700,2,1,1,3d.csv
700,2,2,0,3e.csv
700,3,3,0,3f.csv
700,0,0,0,3g.csv
701,9,7,2,1a.csv
701,2,2,0,1b.csv
701,3,3,0,1c.csv
701,0,0,0,1e.csv
701,1,1,0,1f.csv
701,1,1,0,1g.csv
701,1,0,1,1h.csv
701,1,1,0,1i.csv
701,0,0,0,1j.csv
701,0,0,0,1k.csv
701,1,1,0,1l.csv
701,1,1,0,1m.csv
701,2,2,0,2a.csv
701,0,0,0,2b.csv
701,1,1,0,2c.csv
701,0,0,0,2d.csv
701,1,1,0,2e.csv
701,3,3,0,2f.csv
701,1,1,0,2g.csv
701,0,0,0,2h.csv
701,0,0,0,2i.csv
701,1,0,1,2j.csv
701,1,1,0,2k.csv
701,0,0,0,2l.csv
701,12,7,5,3a.csv
701,4,4,0,3b.csv
701,1,0,1,3c.csv
701,1,0,1,3d.csv
701,1,1,0,3e.csv
701,3,3,0,3f.csv
701,0,0,0,3g.csv
702,8,6,2,1a.csv
702,3,3,0,1b.csv
702,2,2,0,1c.csv
702,0,0,0,1e.csv
702,1,1,0,1f.csv
702,1,1,0,1g.csv
702,1,0,1,1h.csv
702,1,1,0,1i.csv
702,0,0,0,1j.csv
702,0,0,0,1k.csv
702,1,1,0,1l.csv
702,1,1,0,1m.csv
702,1,1,0,2a.csv
702,0,0,0,2b.csv
702,2,2,0,2c.csv
702,0,0,0,2d.csv
702,2,1,1,2e.csv
702,2,2,0,2f.csv
702,0,0,0,2g.csv
702,0,0,0,2h.csv
702,0,0,0,2i.csv
702,1,0,1,2j.csv
702,1,1,0,2k.csv
702,0,0,0,2l.csv
702,11,6,5,3a.csv
702,6,6,0,3b.csv
702,1,0,1,3c.csv
702,1,0,1,3d.csv
702,1,1,0,3e.csv
702,2,2,0,3f.csv
702,1,1,0,3g.csv
703,9,7,2,1a.csv
703,3,3,0,1b.csv
703,2,2,0,1c.csv
703,0,0,0,1e.csv
703,1,1,0,1f.csv
703,1,1,0,1g.csv
703,1,0,1,1h.csv
703,1,1,0,1i.csv
703,0,0,0,1j.csv
703,1,1,0,1k.csv
703,2,2,0,1l.csv
703,1,1,0,1m.csv
703,1,1,0,2a.csv
703,0,0,0,2b.csv
703,2,2,0,2c.csv
703,0,0,0,2d.csv
703,3,2,1,2e.csv
703,2,2,0,2f.csv
703,0,0,0,2g.csv
703,0,0,0,2h.csv
703,0,0,0,2i.csv
703,1,0,1,2j.csv
703,1,1,0,2k.csv
703,0,0,0,2l.csv
703,11,6,5,3a.csv
703,5,5,0,3b.csv
703,1,0,1,3c.csv
703,1,0,1,3d.csv
703,1,1,0,3e.csv
703,2,2,0,3f.csv
703,1,1,0,3g.csv
704,11,8,3,1a.csv
704,3,3,0,1b.csv
704,1,1,0,1c.csv
704,0,0,0,1e.csv
704,1,1,0,1f.csv
704,1,1,0,1g.csv
704,1,0,1,1h.csv
704,1,1,0,1i.csv
704,0,0,0,1j.csv
704,1,1,0,1k.csv
704,3,3,0,1l.csv
704,1,1,0,1m.csv
704,2,1,1,2a.csv
704,0,0,0,2b.csv
704,1,1,0,2c.csv
704,0,0,0,2d.csv
704,3,2,1,2e.csv
704,2,2,0,2f.csv
704,0,0,0,2g.csv
704,0,0,0,2h.csv
704,0,0,0,2i.csv
704,1,0,1,2j.csv
704,1,1,0,2k.csv
704,0,0,0,2l.csv
704,13,8,5,3a.csv
704,5,5,0,3b.csv
704,2,1,1,3c.csv
704,2,1,1,3d.csv
704,3,3,0,3e.csv
704,2,1,1,3f.csv
704,2,2,0,3g.csv
705,9,8,1,1a.csv
705,3,3,0,1b.csv
705,1,1,0,1c.csv
705,0,0,0,1e.csv
705,1,1,0,1f.csv
705,1,1,0,1g.csv
705,1,0,1,1h.csv
705,1,1,0,1i.csv
705,0,0,0,1j.csv
705,1,1,0,1k.csv
705,3,3,0,1l.csv
705,1,1,0,1m.csv
705,2,1,1,2a.csv
705,0,0,0,2b.csv
705,1,1,0,2c.csv
705,0,0,0,2d.csv
705,2,1,1,2e.csv
705,2,2,0,2f.csv
705,0,0,0,2g.csv
705,0,0,0,2h.csv
705,0,0,0,2i.csv
705,1,0,1,2j.csv
705,1,1,0,2k.csv
705,0,0,0,2l.csv
705,14,9,5,3a.csv
705,5,5,0,3b.csv
705,2,1,1,3c.csv
705,2,1,1,3d.csv
705,3,3,0,3e.csv
705,2,1,1,3f.csv
705,2,2,0,3g.csv
706,9,7,2,1a.csv
706,3,3,0,1b.csv
706,1,1,0,1c.csv
706,0,0,0,1e.csv
706,1,1,0,1f.csv
706,1,1,0,1g.csv
706,0,0,0,1h.csv
706,1,1,0,1i.csv
706,0,0,0,1j.csv
706,1,1,0,1k.csv
706,3,3,0,1l.csv
706,1,1,0,1m.csv
706,4,2,2,2a.csv
706,0,0,0,2b.csv
706,1,1,0,2c.csv
706,0,0,0,2d.csv
706,2,1,1,2e.csv
706,2,2,0,2f.csv
706,0,0,0,2g.csv
706,0,0,0,2h.csv
706,0,0,0,2i.csv
706,1,0,1,2j.csv
706,1,1,0,2k.csv
706,0,0,0,2l.csv
706,13,9,4,3a.csv
706,5,5,0,3b.csv
706,4,3,1,3c.csv
706,4,3,1,3d.csv
706,3,3,0,3e.csv
706,1,0,1,3f.csv
706,2,2,0,3g.csv
707,9,7,2,1a.csv
707,5,5,0,1b.csv
707,1,1,0,1c.csv
707,0,0,0,1e.csv
707,1,1,0,1f.csv
707,1,1,0,1g.csv
707,0,0,0,1h.csv
707,0,0,0,1i.csv
707,0,0,0,1j.csv
707,1,1,0,1k.csv
707,3,3,0,1l.csv
707,1,1,0,1m.csv
707,4,2,2,2a.csv
707,0,0,0,2b.csv
707,2,2,0,2c.csv
707,0,0,0,2d.csv
707,3,2,1,2e.csv
707,2,2,0,2f.csv
707,0,0,0,2g.csv
707,0,0,0,2h.csv
707,0,0,0,2i.csv
707,0,0,0,2j.csv
707,0,0,0,2k.csv
707,0,0,0,2l.csv
707,10,7,3,3a.csv
707,4,4,0,3b.csv
707,3,3,0,3c.csv
707,3,3,0,3d.csv
707,5,5,0,3e.csv
707,1,0,1,3f.csv
707,2,2,0,3g.csv
708,9,7,2,1a.csv
708,7,7,0,1b.csv
708,0,0,0,1c.csv
708,0,0,0,1e.csv
708,1,1,0,1f.csv
708,1,1,0,1g.csv
708,0,0,0,1h.csv
708,0,0,0,1i.csv
708,0,0,0,1j.csv
708,1,1,0,1k.csv
708,3,3,0,1l.csv
708,1,1,0,1m.csv
708,4,2,2,2a.csv
708,0,0,0,2b.csv
708,2,2,0,2c.csv
708,0,0,0,2d.csv
708,5,4,1,2e.csv
708,1,1,0,2f.csv
708,0,0,0,2g.csv
708,0,0,0,2h.csv
708,0,0,0,2i.csv
708,0,0,0,2j.csv
708,0,0,0,2k.csv
708,0,0,0,2l.csv
708,10,7,3,3a.csv
708,4,4,0,3b.csv
708,3,3,0,3c.csv
708,3,3,0,3d.csv
708,5,5,0,3e.csv
708,1,0,1,3f.csv
708,5,5,0,3g.csv
709,10,8,2,1a.csv
709,7,7,0,1b.csv
709,0,0,0,1c.csv
709,0,0,0,1e.csv
709,1,1,0,1f.csv
709,0,0,0,1g.csv
709,0,0,0,1h.csv
709,0,0,0,1i.csv
709,0,0,0,1j.csv
709,1,1,0,1k.csv
709,3,3,0,1l.csv
709,0,0,0,1m.csv
709,3,1,2,2a.csv
709,0,0,0,2b.csv
709,2,2,0,2c.csv
709,0,0,0,2d.csv
709,6,5,1,2e.csv
709,0,0,0,2f.csv
709,0,0,0,2g.csv
709,0,0,0,2h.csv
709,0,0,0,2i.csv
709,0,0,0,2j.csv
709,0,0,0,2k.csv
709,0,0,0,2l.csv
709,14,10,4,3a.csv
709,5,4,1,3b.csv
709,3,3,0,3c.csv
709,3,3,0,3d.csv
709,7,6,1,3e.csv
709,1,0,1,3f.csv
709,6,6,0,3g.csv
710,11,9,2,1a.csv
710,7,7,0,1b.csv
710,0,0,0,1c.csv
710,0,0,0,1e.csv
710,1,1,0,1f.csv
710,0,0,0,1g.csv
710,0,0,0,1h.csv
710,0,0,0,1i.csv
710,0,0,0,1j.csv
710,1,1,0,1k.csv
710,3,3,0,1l.csv
710,0,0,0,1m.csv
710,3,1,2,2a.csv
710,0,0,0,2b.csv
710,1,1,0,2c.csv
710,0,0,0,2d.csv
710,5,5,0,2e.csv
710,0,0,0,2f.csv
710,0,0,0,2g.csv
710,0,0,0,2h.csv
710,0,0,0,2i.csv
710,0,0,0,2j.csv
710,0,0,0,2k.csv
710,0,0,0,2l.csv
710,15,10,5,3a.csv
710,4,3,1,3b.csv
710,3,3,0,3c.csv
710,3,3,0,3d.csv
710,7,6,1,3e.csv
710,1,0,1,3f.csv
710,5,5,0,3g.csv
711,10,8,2,1a.csv
711,8,8,0,1b.csv
711,1,0,1,1c.csv
711,0,0,0,1e.csv
711,1,1,0,1f.csv
711,0,0,0,1g.csv
711,0,0,0,1h.csv
711,0,0,0,1i.csv
711,0,0,0,1j.csv
711,0,0,0,1k.csv
711,2,2,0,1l.csv
711,0,0,0,1m.csv
711,3,1,2,2a.csv
711,0,0,0,2b.csv
711,1,1,0,2c.csv
711,0,0,0,2d.csv
711,6,6,0,2e.csv
711,0,0,0,2f.csv
711,0,0,0,2g.csv
711,0,0,0,2h.csv
711,0,0,0,2i.csv
711,0,0,0,2j.csv
711,0,0,0,2k.csv
711,0,0,0,2l.csv
711,17,11,6,3a.csv
711,5,4,1,3b.csv
711,3,3,0,3c.csv
711,3,3,0,3d.csv
711,9,8,1,3e.csv
711,1,0,1,3f.csv
711,6,5,1,3g.csv
712,8,7,1,1a.csv
712,9,9,0,1b.csv
712,1,0,1,1c.csv
712,0,0,0,1e.csv
712,1,1,0,1f.csv
712,0,0,0,1g.csv
712,0,0,0,1h.csv
712,0,0,0,1i.csv
712,0,0,0,1j.csv
712,0,0,0,1k.csv
712,1,1,0,1l.csv
712,0,0,0,1m.csv
712,2,1,1,2a.csv
712,0,0,0,2b.csv
712,2,2,0,2c.csv
712,0,0,0,2d.csv
712,7,6,1,2e.csv
712,0,0,0,2f.csv
712,0,0,0,2g.csv
712,0,0,0,2h.csv
712,0,0,0,2i.csv
712,0,0,0,2j.csv
712,0,0,0,2k.csv
712,0,0,0,2l.csv
712,14,9,5,3a.csv
712,5,4,1,3b.csv
712,2,2,0,3c.csv
712,2,2,0,3d.csv
712,8,7,1,3e.csv
712,0,0,0,3f.csv
712,5,4,1,3g.csv
713,9,8,1,1a.csv
713,9,9,0,1b.csv
713,1,0,1,1c.csv
713,0,0,0,1e.csv
713,1,1,0,1f.csv
713,0,0,0,1g.csv
713,0,0,0,1h.csv
713,0,0,0,1i.csv
713,0,0,0,1j.csv
713,0,0,0,1k.csv
713,1,1,0,1l.csv
713,0,0,0,1m.csv
713,2,1,1,2a.csv
713,0,0,0,2b.csv
713,2,2,0,2c.csv
713,0,0,0,2d.csv
713,7,6,1,2e.csv
713,0,0,0,2f.csv
713,0,0,0,2g.csv
713,0,0,0,2h.csv
713,0,0,0,2i.csv
713,0,0,0,2j.csv
713,0,0,0,2k.csv
713,0,0,0,2l.csv
713,15,9,6,3a.csv
713,6,4,2,3b.csv
713,2,2,0,3c.csv
713,2,2,0,3d.csv
713,7,6,1,3e.csv
713,0,0,0,3f.csv
713,7,6,1,3g.csv
714,6,6,0,1a.csv
714,9,8,1,1b.csv
714,1,0,1,1c.csv
714,0,0,0,1e.csv
714,1,1,0,1f.csv
714,0,0,0,1g.csv
714,0,0,0,1h.csv
714,0,0,0,1i.csv
714,0,0,0,1j.csv
714,0,0,0,1k.csv
714,1,1,0,1l.csv
714,0,0,0,1m.csv
714,0,0,0,2a.csv
714,0,0,0,2b.csv
714,2,2,0,2c.csv
714,0,0,0,2d.csv
714,7,6,1,2e.csv
714,0,0,0,2f.csv
714,0,0,0,2g.csv
714,0,0,0,2h.csv
714,0,0,0,2i.csv
714,0,0,0,2j.csv
714,0,0,0,2k.csv
714,0,0,0,2l.csv
714,14,8,6,3a.csv
714,7,5,2,3b.csv
714,0,0,0,3c.csv
714,0,0,0,3d.csv
714,7,6,1,3e.csv
714,0,0,0,3f.csv
714,8,7,1,3g.csv
715,6,5,1,1a.csv
715,7,6,1,1b.csv
715,1,0,1,1c.csv
715,0,0,0,1e.csv
715,1,1,0,1f.csv
715,0,0,0,1g.csv
715,0,0,0,1h.csv
715,0,0,0,1i.csv
715,0,0,0,1j.csv
715,0,0,0,1k.csv
715,0,0,0,1l.csv
715,0,0,0,1m.csv
715,1,1,0,2a.csv
715,0,0,0,2b.csv
715,1,1,0,2c.csv
715,0,0,0,2d.csv
715,6,5,1,2e.csv
715,0,0,0,2f.csv
715,0,0,0,2g.csv
715,0,0,0,2h.csv
715,0,0,0,2i.csv
715,0,0,0,2j.csv
715,0,0,0,2k.csv
715,1,0,1,2l.csv
715,13,8,5,3a.csv
715,8,6,2,3b.csv
715,1,0,1,3c.csv
715,1,0,1,3d.csv
715,5,4,1,3e.csv
715,0,0,0,3f.csv
715,9,8,1,3g.csv
716,5,4,1,1a.csv
716,6,5,1,1b.csv
716,1,0,1,1c.csv
716,0,0,0,1e.csv
716,2,2,0,1f.csv
716,0,0,0,1g.csv
716,0,0,0,1h.csv
716,0,0,0,1i.csv
716,0,0,0,1j.csv
716,0,0,0,1k.csv
716,0,0,0,1l.csv
716,0,0,0,1m.csv
716,1,1,0,2a.csv
716,0,0,0,2b.csv
716,2,2,0,2c.csv
716,0,0,0,2d.csv
716,4,3,1,2e.csv
716,0,0,0,2f.csv
716,0,0,0,2g.csv
716,0,0,0,2h.csv
716,0,0,0,2i.csv
716,0,0,0,2j.csv
716,0,0,0,2k.csv
716,1,0,1,2l.csv
716,11,7,4,3a.csv
716,8,6,2,3b.csv
716,2,1,1,3c.csv
716,2,1,1,3d.csv
716,5,4,1,3e.csv
716,0,0,0,3f.csv
716,6,5,1,3g.csv
717,5,3,2,1a.csv
717,7,5,2,1b.csv
717,2,1,1,1c.csv
717,0,0,0,1e.csv
717,1,1,0,1f.csv
717,0,0,0,1g.csv
717,0,0,0,1h.csv
717,0,0,0,1i.csv
717,0,0,0,1j.csv
717,0,0,0,1k.csv
717,0,0,0,1l.csv
717,1,1,0,1m.csv
717,1,1,0,2a.csv
717,0,0,0,2b.csv
717,2,2,0,2c.csv
717,0,0,0,2d.csv
717,4,3,1,2e.csv
717,0,0,0,2f.csv
717,0,0,0,2g.csv
717,0,0,0,2h.csv
717,0,0,0,2i.csv
717,0,0,0,2j.csv
717,0,0,0,2k.csv
717,2,1,1,2l.csv
717,7,4,3,3a.csv
717,7,6,1,3b.csv
717,4,2,2,3c.csv
717,4,2,2,3d.csv
717,3,3,0,3e.csv
717,0,0,0,3f.csv
717,5,4,1,3g.csv
718,6,4,2,1a.csv
718,5,3,2,1b.csv
718,2,1,1,1c.csv
718,0,0,0,1e.csv
718,1,1,0,1f.csv
718,0,0,0,1g.csv
718,0,0,0,1h.csv
718,0,0,0,1i.csv
718,0,0,0,1j.csv
718,0,0,0,1k.csv
718,0,0,0,1l.csv
718,1,1,0,1m.csv
718,1,1,0,2a.csv
718,0,0,0,2b.csv
718,2,2,0,2c.csv
718,0,0,0,2d.csv
718,4,3,1,2e.csv
718,0,0,0,2f.csv
718,0,0,0,2g.csv
718,0,0,0,2h.csv
718,0,0,0,2i.csv
718,0,0,0,2j.csv
718,0,0,0,2k.csv
718,2,1,1,2l.csv
718,7,5,2,3a.csv
718,7,6,1,3b.csv
718,4,2,2,3c.csv
718,4,2,2,3d.csv
718,3,3,0,3e.csv
718,0,0,0,3f.csv
718,4,4,0,3g.csv
719,8,6,2,1a.csv
719,4,2,2,1b.csv
719,2,2,0,1c.csv
719,0,0,0,1e.csv
719,1,1,0,1f.csv
719,0,0,0,1g.csv
719,0,0,0,1h.csv
719,0,0,0,1i.csv
719,0,0,0,1j.csv
719,0,0,0,1k.csv
719,1,1,0,1l.csv
719,1,1,0,1m.csv
719,1,1,0,2a.csv
719,0,0,0,2b.csv
719,3,3,0,2c.csv
719,0,0,0,2d.csv
719,4,1,3,2e.csv
719,0,0,0,2f.csv
719,1,1,0,2g.csv
719,0,0,0,2h.csv
719,0,0,0,2i.csv
719,0,0,0,2j.csv
719,0,0,0,2k.csv
719,2,1,1,2l.csv
719,6,4,2,3a.csv
719,6,5,1,3b.csv
719,4,2,2,3c.csv
719,4,2,2,3d.csv
719,1,1,0,3e.csv
719,0,0,0,3f.csv
719,4,4,0,3g.csv
720,13,8,5,1a.csv
720,3,1,2,1b.csv
720,2,2,0,1c.csv
720,0,0,0,1e.csv
720,1,1,0,1f.csv
720,0,0,0,1g.csv
720,0,0,0,1h.csv
720,0,0,0,1i.csv
720,0,0,0,1j.csv
720,0,0,0,1k.csv
720,1,1,0,1l.csv
720,1,1,0,1m.csv
720,1,1,0,2a.csv
720,0,0,0,2b.csv
720,2,2,0,2c.csv
720,0,0,0,2d.csv
720,3,1,2,2e.csv
720,0,0,0,2f.csv
720,1,1,0,2g.csv
720,0,0,0,2h.csv
720,0,0,0,2i.csv
720,0,0,0,2j.csv
720,0,0,0,2k.csv
720,2,1,1,2l.csv
720,6,4,2,3a.csv
720,7,5,2,3b.csv
720,5,3,2,3c.csv
720,5,3,2,3d.csv
720,0,0,0,3e.csv
720,1,0,1,3f.csv
720,4,4,0,3g.csv
721,15,9,6,1a.csv
721,3,1,2,1b.csv
721,2,2,0,1c.csv
721,0,0,0,1e.csv
721,1,1,0,1f.csv
721,0,0,0,1g.csv
721,0,0,0,1h.csv
721,0,0,0,1i.csv
721,0,0,0,1j.csv
721,0,0,0,1k.csv
721,1,1,0,1l.csv
721,1,1,0,1m.csv
721,1,1,0,2a.csv
721,0,0,0,2b.csv
721,2,2,0,2c.csv
721,0,0,0,2d.csv
721,3,1,2,2e.csv
721,0,0,0,2f.csv
721,1,1,0,2g.csv
721,0,0,0,2h.csv
721,0,0,0,2i.csv
721,0,0,0,2j.csv
721,0,0,0,2k.csv
721,3,1,2,2l.csv
721,6,5,1,3a.csv
721,9,8,1,3b.csv
721,6,4,2,3c.csv
721,6,4,2,3d.csv
721,0,0,0,3e.csv
721,1,0,1,3f.csv
721,3,3,0,3g.csv
722,16,10,6,1a.csv
722,4,3,1,1b.csv
722,3,3,0,1c.csv
722,0,0,0,1e.csv
722,1,1,0,1f.csv
722,0,0,0,1g.csv
722,0,0,0,1h.csv
722,0,0,0,1i.csv
722,0,0,0,1j.csv
722,0,0,0,1k.csv
722,1,1,0,1l.csv
722,2,2,0,1m.csv
722,2,2,0,2a.csv
722,0,0,0,2b.csv
722,3,3,0,2c.csv
722,0,0,0,2d.csv
722,4,1,3,2e.csv
722,1,1,0,2f.csv
722,1,1,0,2g.csv
722,0,0,0,2h.csv
722,0,0,0,2i.csv
722,0,0,0,2j.csv
722,0,0,0,2k.csv
722,4,1,3,2l.csv
722,6,5,1,3a.csv
722,10,8,2,3b.csv
722,6,4,2,3c.csv
722,6,4,2,3d.csv
722,1,1,0,3e.csv
722,2,1,1,3f.csv
722,4,2,2,3g.csv
723,16,10,6,1a.csv
723,5,4,1,1b.csv
723,4,3,1,1c.csv
723,1,1,0,1e.csv
723,2,2,0,1f.csv
723,0,0,0,1g.csv
723,0,0,0,1h.csv
723,0,0,0,1i.csv
723,0,0,0,1j.csv
723,0,0,0,1k.csv
723,1,1,0,1l.csv
723,2,2,0,1m.csv
723,2,2,0,2a.csv
723,0,0,0,2b.csv
723,4,4,0,2c.csv
723,0,0,0,2d.csv
723,5,1,4,2e.csv
723,1,1,0,2f.csv
723,1,1,0,2g.csv
723,0,0,0,2h.csv
723,0,0,0,2i.csv
723,0,0,0,2j.csv
723,0,0,0,2k.csv
723,3,1,2,2l.csv
723,7,5,2,3a.csv
723,9,6,3,3b.csv
723,5,4,1,3c.csv
723,5,4,1,3d.csv
723,1,1,0,3e.csv
723,2,1,1,3f.csv
723,4,2,2,3g.csv
724,17,11,6,1a.csv
724,4,3,1,1b.csv
724,4,3,1,1c.csv
724,1,1,0,1e.csv
724,2,2,0,1f.csv
724,0,0,0,1g.csv
724,0,0,0,1h.csv
724,0,0,0,1i.csv
724,0,0,0,1j.csv
724,0,0,0,1k.csv
724,1,1,0,1l.csv
724,2,2,0,1m.csv
724,3,3,0,2a.csv
724,0,0,0,2b.csv
724,3,3,0,2c.csv
724,0,0,0,2d.csv
724,5,1,4,2e.csv
724,1,1,0,2f.csv
724,1,1,0,2g.csv
724,0,0,0,2h.csv
724,0,0,0,2i.csv
724,0,0,0,2j.csv
724,0,0,0,2k.csv
724,3,1,2,2l.csv
724,6,4,2,3a.csv
724,10,7,3,3b.csv
724,5,4,1,3c.csv
724,5,4,1,3d.csv
724,1,1,0,3e.csv
724,2,1,1,3f.csv
724,5,3,2,3g.csv
725,16,11,5,1a.csv
725,3,3,0,1b.csv
725,4,3,1,1c.csv
725,1,1,0,1e.csv
725,2,2,0,1f.csv
725,0,0,0,1g.csv
725,0,0,0,1h.csv
725,0,0,0,1i.csv
725,0,0,0,1j.csv
725,0,0,0,1k.csv
725,1,1,0,1l.csv
725,1,1,0,1m.csv
725,3,3,0,2a.csv
725,0,0,0,2b.csv
725,3,3,0,2c.csv
725,0,0,0,2d.csv
725,5,1,4,2e.csv
725,1,1,0,2f.csv
725,1,1,0,2g.csv
725,0,0,0,2h.csv
725,0,0,0,2i.csv
725,0,0,0,2j.csv
725,0,0,0,2k.csv
725,2,0,2,2l.csv
725,6,4,2,3a.csv
725,10,7,3,3b.csv
725,3,3,0,3c.csv
725,3,3,0,3d.csv
725,1,1,0,3e.csv
725,2,1,1,3f.csv
725,5,3,2,3g.csv
726,16,10,6,1a.csv
726,3,3,0,1b.csv
726,4,3,1,1c.csv
726,1,1,0,1e.csv
726,3,3,0,1f.csv
726,0,0,0,1g.csv
726,0,0,0,1h.csv
726,0,0,0,1i.csv
726,1,1,0,1j.csv
726,0,0,0,1k.csv
726,1,1,0,1l.csv
726,1,1,0,1m.csv
726,3,3,0,2a.csv
726,0,0,0,2b.csv
726,4,4,0,2c.csv
726,0,0,0,2d.csv
726,5,1,4,2e.csv
726,1,1,0,2f.csv
726,1,1,0,2g.csv
726,0,0,0,2h.csv
726,0,0,0,2i.csv
726,0,0,0,2j.csv
726,0,0,0,2k.csv
726,2,0,2,2l.csv
726,7,4,3,3a.csv
726,9,6,3,3b.csv
726,4,4,0,3c.csv
726,4,4,0,3d.csv
726,2,2,0,3e.csv
726,2,1,1,3f.csv
726,7,5,2,3g.csv
727,15,8,7,1a.csv
727,3,3,0,1b.csv
727,3,2,1,1c.csv
727,1,1,0,1e.csv
727,3,3,0,1f.csv
727,0,0,0,1g.csv
727,0,0,0,1h.csv
727,1,1,0,1i.csv
727,1,1,0,1j.csv
727,1,1,0,1k.csv
727,0,0,0,1l.csv
727,1,1,0,1m.csv
727,3,3,0,2a.csv
727,0,0,0,2b.csv
727,3,3,0,2c.csv
727,0,0,0,2d.csv
727,3,1,2,2e.csv
727,1,1,0,2f.csv
727,0,0,0,2g.csv
727,0,0,0,2h.csv
727,0,0,0,2i.csv
727,0,0,0,2j.csv
727,0,0,0,2k.csv
727,2,0,2,2l.csv
727,9,4,5,3a.csv
727,9,6,3,3b.csv
727,5,5,0,3c.csv
727,5,5,0,3d.csv
727,2,2,0,3e.csv
727,2,1,1,3f.csv
727,8,5,3,3g.csv
728,10,6,4,1a.csv
728,3,3,0,1b.csv
728,3,2,1,1c.csv
728,1,1,0,1e.csv
728,3,3,0,1f.csv
728,1,1,0,1g.csv
728,1,1,0,1h.csv
728,1,1,0,1i.csv
728,1,1,0,1j.csv
728,1,1,0,1k.csv
728,0,0,0,1l.csv
728,1,1,0,1m.csv
728,3,3,0,2a.csv
728,0,0,0,2b.csv
728,3,3,0,2c.csv
728,0,0,0,2d.csv
728,3,1,2,2e.csv
728,1,1,0,2f.csv
728,0,0,0,2g.csv
728,0,0,0,2h.csv
728,0,0,0,2i.csv
728,0,0,0,2j.csv
728,0,0,0,2k.csv
728,2,0,2,2l.csv
728,11,5,6,3a.csv
728,9,7,2,3b.csv
728,4,4,0,3c.csv
728,4,4,0,3d.csv
728,2,2,0,3e.csv
728,1,1,0,3f.csv
728,8,5,3,3g.csv
729,11,8,3,1a.csv
729,3,3,0,1b.csv
729,4,3,1,1c.csv
729,1,1,0,1e.csv
729,3,3,0,1f.csv
729,1,1,0,1g.csv
729,1,1,0,1h.csv
729,1,1,0,1i.csv
729,1,1,0,1j.csv
729,1,1,0,1k.csv
729,0,0,0,1l.csv
729,1,1,0,1m.csv
729,3,3,0,2a.csv
729,0,0,0,2b.csv
729,3,3,0,2c.csv
729,0,0,0,2d.csv
729,3,1,2,2e.csv
729,1,1,0,2f.csv
729,0,0,0,2g.csv
729,0,0,0,2h.csv
729,0,0,0,2i.csv
729,0,0,0,2j.csv
729,0,0,0,2k.csv
729,1,0,1,2l.csv
729,13,6,7,3a.csv
729,11,8,3,3b.csv
729,3,3,0,3c.csv
729,3,3,0,3d.csv
729,2,2,0,3e.csv
729,1,1,0,3f.csv
729,7,4,3,3g.csv
730,10,7,3,1a.csv
730,1,1,0,1b.csv
730,3,2,1,1c.csv
730,1,1,0,1e.csv
730,3,3,0,1f.csv
730,2,2,0,1g.csv
730,1,1,0,1h.csv
730,1,1,0,1i.csv
730,1,1,0,1j.csv
730,1,1,0,1k.csv
730,0,0,0,1l.csv
730,0,0,0,1m.csv
730,2,2,0,2a.csv
730,0,0,0,2b.csv
730,3,3,0,2c.csv
730,0,0,0,2d.csv
730,2,1,1,2e.csv
730,0,0,0,2f.csv
730,0,0,0,2g.csv
730,0,0,0,2h.csv
730,0,0,0,2i.csv
730,0,0,0,2j.csv
730,0,0,0,2k.csv
730,0,0,0,2l.csv
730,14,6,8,3a.csv
730,9,7,2,3b.csv
730,3,3,0,3c.csv
730,3,3,0,3d.csv
730,2,2,0,3e.csv
730,0,0,0,3f.csv
730,5,4,1,3g.csv
731,11,9,2,1a.csv
731,0,0,0,1b.csv
731,3,3,0,1c.csv
731,0,0,0,1e.csv
731,2,2,0,1f.csv
731,2,2,0,1g.csv
731,1,1,0,1h.csv
731,1,1,0,1i.csv
731,1,1,0,1j.csv
731,1,1,0,1k.csv
731,0,0,0,1l.csv
731,0,0,0,1m.csv
731,3,2,1,2a.csv
731,0,0,0,2b.csv
731,2,2,0,2c.csv
731,0,0,0,2d.csv
731,1,1,0,2e.csv
731,0,0,0,2f.csv
731,0,0,0,2g.csv
731,0,0,0,2h.csv
731,0,0,0,2i.csv
731,0,0,0,2j.csv
731,0,0,0,2k.csv
731,0,0,0,2l.csv
731,16,9,7,3a.csv
731,10,9,1,3b.csv
731,3,3,0,3c.csv
731,3,3,0,3d.csv
731,3,3,0,3e.csv
731,0,0,0,3f.csv
731,3,2,1,3g.csv
732,13,11,2,1a.csv
732,0,0,0,1b.csv
732,4,4,0,1c.csv
732,0,0,0,1e.csv
732,1,1,0,1f.csv
732,2,2,0,1g.csv
732,1,1,0,1h.csv
732,1,1,0,1i.csv
732,1,1,0,1j.csv
732,1,1,0,1k.csv
732,0,0,0,1l.csv
732,0,0,0,1m.csv
732,2,1,1,2a.csv
732,0,0,0,2b.csv
732,2,2,0,2c.csv
732,0,0,0,2d.csv
732,1,1,0,2e.csv
732,0,0,0,2f.csv
732,0,0,0,2g.csv
732,0,0,0,2h.csv
732,0,0,0,2i.csv
732,0,0,0,2j.csv
732,0,0,0,2k.csv
732,0,0,0,2l.csv
732,19,10,9,3a.csv
732,10,9,1,3b.csv
732,2,2,0,3c.csv
732,2,2,0,3d.csv
732,3,3,0,3e.csv
732,0,0,0,3f.csv
732,4,3,1,3g.csv
733,15,11,4,1a.csv
733,1,1,0,1b.csv
733,3,3,0,1c.csv
733,0,0,0,1e.csv
733,1,1,0,1f.csv
733,3,3,0,1g.csv
733,1,1,0,1h.csv
733,2,1,1,1i.csv
733,1,1,0,1j.csv
733,1,1,0,1k.csv
733,0,0,0,1l.csv
733,1,0,1,1m.csv
733,2,1,1,2a.csv
733,0,0,0,2b.csv
733,3,3,0,2c.csv
733,0,0,0,2d.csv
733,0,0,0,2e.csv
733,0,0,0,2f.csv
733,0,0,0,2g.csv
733,0,0,0,2h.csv
733,0,0,0,2i.csv
733,0,0,0,2j.csv
733,0,0,0,2k.csv
733,0,0,0,2l.csv
733,21,12,9,3a.csv
733,11,9,2,3b.csv
733,2,2,0,3c.csv
733,2,2,0,3d.csv
733,4,4,0,3e.csv
733,0,0,0,3f.csv
733,4,3,1,3g.csv
734,14,11,3,1a.csv
734,1,1,0,1b.csv
734,4,3,1,1c.csv
734,0,0,0,1e.csv
734,0,0,0,1f.csv
734,3,3,0,1g.csv
734,1,1,0,1h.csv
734,2,1,1,1i.csv
734,0,0,0,1j.csv
734,1,1,0,1k.csv
734,0,0,0,1l.csv
734,1,0,1,1m.csv
734,2,1,1,2a.csv
734,0,0,0,2b.csv
734,3,3,0,2c.csv
734,1,1,0,2d.csv
734,0,0,0,2e.csv
734,0,0,0,2f.csv
734,0,0,0,2g.csv
734,0,0,0,2h.csv
734,0,0,0,2i.csv
734,0,0,0,2j.csv
734,0,0,0,2k.csv
734,0,0,0,2l.csv
734,24,16,8,3a.csv
734,12,10,2,3b.csv
734,1,1,0,3c.csv
734,1,1,0,3d.csv
734,3,3,0,3e.csv
734,0,0,0,3f.csv
734,2,1,1,3g.csv
735,15,13,2,1a.csv
735,2,1,1,1b.csv
735,4,3,1,1c.csv
735,0,0,0,1e.csv
735,0,0,0,1f.csv
735,3,3,0,1g.csv
735,1,1,0,1h.csv
735,1,0,1,1i.csv
735,0,0,0,1j.csv
735,0,0,0,1k.csv
735,0,0,0,1l.csv
735,2,1,1,1m.csv
735,4,3,1,2a.csv
735,0,0,0,2b.csv
735,3,3,0,2c.csv
735,1,1,0,2d.csv
735,0,0,0,2e.csv
735,0,0,0,2f.csv
735,0,0,0,2g.csv
735,0,0,0,2h.csv
735,0,0,0,2i.csv
735,0,0,0,2j.csv
735,1,1,0,2k.csv
735,0,0,0,2l.csv
735,26,18,8,3a.csv
735,16,12,4,3b.csv
735,0,0,0,3c.csv
735,0,0,0,3d.csv
735,3,3,0,3e.csv
735,1,1,0,3f.csv
735,1,1,0,3g.csv
736,14,12,2,1a.csv
736,2,1,1,1b.csv
736,5,4,1,1c.csv
736,0,0,0,1e.csv
736,0,0,0,1f.csv
736,2,2,0,1g.csv
736,1,1,0,1h.csv
736,1,0,1,1i.csv
736,0,0,0,1j.csv
736,0,0,0,1k.csv
736,0,0,0,1l.csv
736,2,1,1,1m.csv
736,4,3,1,2a.csv
736,0,0,0,2b.csv
736,3,3,0,2c.csv
736,1,1,0,2d.csv
736,0,0,0,2e.csv
736,0,0,0,2f.csv
736,0,0,0,2g.csv
736,0,0,0,2h.csv
736,0,0,0,2i.csv
736,0,0,0,2j.csv
736,1,1,0,2k.csv
736,0,0,0,2l.csv
736,28,21,7,3a.csv
736,16,12,4,3b.csv
736,0,0,0,3c.csv
736,0,0,0,3d.csv
736,3,3,0,3e.csv
736,1,1,0,3f.csv
736,2,2,0,3g.csv
737,13,10,3,1a.csv
737,2,1,1,1b.csv
737,4,3,1,1c.csv
737,0,0,0,1e.csv
737,0,0,0,1f.csv
737,2,2,0,1g.csv
737,1,1,0,1h.csv
737,1,0,1,1i.csv
737,0,0,0,1j.csv
737,0,0,0,1k.csv
737,0,0,0,1l.csv
737,3,1,2,1m.csv
737,5,4,1,2a.csv
737,0,0,0,2b.csv
737,3,3,0,2c.csv
737,1,1,0,2d.csv
737,0,0,0,2e.csv
737,0,0,0,2f.csv
737,0,0,0,2g.csv
737,0,0,0,2h.csv
737,0,0,0,2i.csv
737,0,0,0,2j.csv
737,1,1,0,2k.csv
737,0,0,0,2l.csv
737,26,18,8,3a.csv
737,11,8,3,3b.csv
737,0,0,0,3c.csv
737,0,0,0,3d.csv
737,3,3,0,3e.csv
737,1,1,0,3f.csv
737,2,2,0,3g.csv
738,14,10,4,1a.csv
738,2,1,1,1b.csv
738,6,5,1,1c.csv
738,0,0,0,1e.csv
738,0,0,0,1f.csv
738,1,1,0,1g.csv
738,1,1,0,1h.csv
738,1,0,1,1i.csv
738,0,0,0,1j.csv
738,0,0,0,1k.csv
738,0,0,0,1l.csv
738,3,1,2,1m.csv
738,5,4,1,2a.csv
738,0,0,0,2b.csv
738,2,2,0,2c.csv
738,2,2,0,2d.csv
738,0,0,0,2e.csv
738,0,0,0,2f.csv
738,0,0,0,2g.csv
738,0,0,0,2h.csv
738,0,0,0,2i.csv
738,0,0,0,2j.csv
738,1,1,0,2k.csv
738,0,0,0,2l.csv
738,28,20,8,3a.csv
738,13,10,3,3b.csv
738,0,0,0,3c.csv
738,0,0,0,3d.csv
738,3,2,1,3e.csv
738,1,1,0,3f.csv
738,3,2,1,3g.csv
739,13,8,5,1a.csv
739,2,1,1,1b.csv
739,7,6,1,1c.csv
739,0,0,0,1e.csv
739,0,0,0,1f.csv
739,1,1,0,1g.csv
739,1,1,0,1h.csv
739,1,0,1,1i.csv
739,0,0,0,1j.csv
739,0,0,0,1k.csv
739,0,0,0,1l.csv
739,3,1,2,1m.csv
739,3,3,0,2a.csv
739,0,0,0,2b.csv
739,2,2,0,2c.csv
739,2,2,0,2d.csv
739,0,0,0,2e.csv
739,0,0,0,2f.csv
739,0,0,0,2g.csv
739,0,0,0,2h.csv
739,0,0,0,2i.csv
739,0,0,0,2j.csv
739,1,1,0,2k.csv
739,0,0,0,2l.csv
739,28,20,8,3a.csv
739,11,8,3,3b.csv
739,0,0,0,3c.csv
739,0,0,0,3d.csv
739,2,1,1,3e.csv
739,1,1,0,3f.csv
739,3,2,1,3g.csv
740,11,6,5,1a.csv
740,2,1,1,1b.csv
740,6,5,1,1c.csv
740,0,0,0,1e.csv
740,0,0,0,1f.csv
740,1,1,0,1g.csv
740,2,2,0,1h.csv
740,1,0,1,1i.csv
740,0,0,0,1j.csv
740,0,0,0,1k.csv
740,0,0,0,1l.csv
740,3,1,2,1m.csv
740,3,3,0,2a.csv
740,0,0,0,2b.csv
740,2,2,0,2c.csv
740,2,2,0,2d.csv
740,0,0,0,2e.csv
740,0,0,0,2f.csv
740,0,0,0,2g.csv
740,0,0,0,2h.csv
740,0,0,0,2i.csv
740,0,0,0,2j.csv
740,1,1,0,2k.csv
740,0,0,0,2l.csv
740,28,21,7,3a.csv
740,12,9,3,3b.csv
740,0,0,0,3c.csv
740,0,0,0,3d.csv
740,2,1,1,3e.csv
740,1,1,0,3f.csv
740,2,1,1,3g.csv
741,9,6,3,1a.csv
741,2,0,2,1b.csv
741,6,5,1,1c.csv
741,0,0,0,1e.csv
741,0,0,0,1f.csv
741,0,0,0,1g.csv
741,2,2,0,1h.csv
741,0,0,0,1i.csv
741,0,0,0,1j.csv
741,0,0,0,1k.csv
741,1,0,1,1l.csv
741,2,1,1,1m.csv
741,3,3,0,2a.csv
741,0,0,0,2b.csv
741,1,1,0,2c.csv
741,2,2,0,2d.csv
741,0,0,0,2e.csv
741,0,0,0,2f.csv
741,0,0,0,2g.csv
741,0,0,0,2h.csv
741,0,0,0,2i.csv
741,0,0,0,2j.csv
741,1,1,0,2k.csv
741,0,0,0,2l.csv
741,30,22,8,3a.csv
741,10,8,2,3b.csv
741,0,0,0,3c.csv
741,0,0,0,3d.csv
741,3,1,2,3e.csv
741,1,1,0,3f.csv
741,2,1,1,3g.csv
742,8,5,3,1a.csv
742,4,1,3,1b.csv
742,5,5,0,1c.csv
742,0,0,0,1e.csv
742,0,0,0,1f.csv
742,0,0,0,1g.csv
742,2,2,0,1h.csv
742,0,0,0,1i.csv
742,0,0,0,1j.csv
742,0,0,0,1k.csv
742,1,0,1,1l.csv
742,2,1,1,1m.csv
742,3,3,0,2a.csv
742,0,0,0,2b.csv
742,2,2,0,2c.csv
742,1,1,0,2d.csv
742,0,0,0,2e.csv
742,0,0,0,2f.csv
742,0,0,0,2g.csv
742,0,0,0,2h.csv
742,0,0,0,2i.csv
742,0,0,0,2j.csv
742,1,1,0,2k.csv
742,0,0,0,2l.csv
742,28,18,10,3a.csv
742,9,7,2,3b.csv
742,0,0,0,3c.csv
742,0,0,0,3d.csv
742,3,1,2,3e.csv
742,1,1,0,3f.csv
742,2,1,1,3g.csv
743,6,3,3,1a.csv
743,3,1,2,1b.csv
743,5,5,0,1c.csv
743,0,0,0,1e.csv
743,0,0,0,1f.csv
743,0,0,0,1g.csv
743,2,2,0,1h.csv
743,0,0,0,1i.csv
743,1,1,0,1j.csv
743,1,0,1,1k.csv
743,1,0,1,1l.csv
743,1,0,1,1m.csv
743,2,1,1,2a.csv
743,0,0,0,2b.csv
743,2,2,0,2c.csv
743,1,1,0,2d.csv
743,0,0,0,2e.csv
743,0,0,0,2f.csv
743,0,0,0,2g.csv
743,1,1,0,2h.csv
743,0,0,0,2i.csv
743,0,0,0,2j.csv
743,0,0,0,2k.csv
743,0,0,0,2l.csv
743,24,17,7,3a.csv
743,5,5,0,3b.csv
743,0,0,0,3c.csv
743,0,0,0,3d.csv
743,3,1,2,3e.csv
743,0,0,0,3f.csv
743,2,1,1,3g.csv
744,7,4,3,1a.csv
744,3,1,2,1b.csv
744,4,4,0,1c.csv
744,0,0,0,1e.csv
744,0,0,0,1f.csv
744,0,0,0,1g.csv
744,1,1,0,1h.csv
744,0,0,0,1i.csv
744,1,1,0,1j.csv
744,1,0,1,1k.csv
744,1,0,1,1l.csv
744,2,1,1,1m.csv
744,2,1,1,2a.csv
744,0,0,0,2b.csv
744,2,2,0,2c.csv
744,1,1,0,2d.csv
744,0,0,0,2e.csv
744,0,0,0,2f.csv
744,0,0,0,2g.csv
744,1,1,0,2h.csv
744,0,0,0,2i.csv
744,0,0,0,2j.csv
744,0,0,0,2k.csv
744,0,0,0,2l.csv
744,20,13,7,3a.csv
744,4,4,0,3b.csv
744,0,0,0,3c.csv
744,0,0,0,3d.csv
744,3,1,2,3e.csv
744,0,0,0,3f.csv
744,1,0,1,3g.csv
745,8,5,3,1a.csv
745,5,3,2,1b.csv
745,4,4,0,1c.csv
745,0,0,0,1e.csv
745,0,0,0,1f.csv
745,0,0,0,1g.csv
745,1,1,0,1h.csv
745,0,0,0,1i.csv
745,1,1,0,1j.csv
745,1,0,1,1k.csv
745,1,0,1,1l.csv
745,1,1,0,1m.csv
745,1,0,1,2a.csv
745,0,0,0,2b.csv
745,2,2,0,2c.csv
745,1,1,0,2d.csv
745,0,0,0,2e.csv
745,0,0,0,2f.csv
745,0,0,0,2g.csv
745,1,1,0,2h.csv
745,0,0,0,2i.csv
745,0,0,0,2j.csv
745,0,0,0,2k.csv
745,0,0,0,2l.csv
745,22,17,5,3a.csv
745,6,6,0,3b.csv
745,2,1,1,3c.csv
745,2,1,1,3d.csv
745,3,1,2,3e.csv
745,0,0,0,3f.csv
745,1,0,1,3g.csv
746,8,6,2,1a.csv
746,5,3,2,1b.csv
746,2,2,0,1c.csv
746,0,0,0,1e.csv
746,0,0,0,1f.csv
746,0,0,0,1g.csv
746,1,1,0,1h.csv
746,0,0,0,1i.csv
746,1,1,0,1j.csv
746,1,0,1,1k.csv
746,1,0,1,1l.csv
746,1,1,0,1m.csv
746,2,0,2,2a.csv
746,0,0,0,2b.csv
746,2,2,0,2c.csv
746,0,0,0,2d.csv
746,1,1,0,2e.csv
746,0,0,0,2f.csv
746,0,0,0,2g.csv
746,1,1,0,2h.csv
746,0,0,0,2i.csv
746,0,0,0,2j.csv
746,0,0,0,2k.csv
746,0,0,0,2l.csv
746,23,18,5,3a.csv
746,5,4,1,3b.csv
746,3,2,1,3c.csv
746,3,2,1,3d.csv
746,2,1,1,3e.csv
746,0,0,0,3f.csv
746,0,0,0,3g.csv
747,7,6,1,1a.csv
747,5,3,2,1b.csv
747,0,0,0,1c.csv
747,0,0,0,1e.csv
747,0,0,0,1f.csv
747,0,0,0,1g.csv
747,1,1,0,1h.csv
747,0,0,0,1i.csv
747,1,1,0,1j.csv
747,1,0,1,1k.csv
747,2,1,1,1l.csv
747,1,1,0,1m.csv
747,2,0,2,2a.csv
747,0,0,0,2b.csv
747,3,3,0,2c.csv
747,0,0,0,2d.csv
747,1,1,0,2e.csv
747,0,0,0,2f.csv
747,0,0,0,2g.csv
747,1,1,0,2h.csv
747,0,0,0,2i.csv
747,0,0,0,2j.csv
747,0,0,0,2k.csv
747,2,2,0,2l.csv
747,21,16,5,3a.csv
747,5,4,1,3b.csv
747,4,3,1,3c.csv
747,4,3,1,3d.csv
747,3,2,1,3e.csv
747,1,0,1,3f.csv
747,0,0,0,3g.csv
748,7,6,1,1a.csv
748,6,4,2,1b.csv
748,0,0,0,1c.csv
748,0,0,0,1e.csv
748,0,0,0,1f.csv
748,0,0,0,1g.csv
748,0,0,0,1h.csv
748,0,0,0,1i.csv
748,2,2,0,1j.csv
748,1,0,1,1k.csv
748,2,1,1,1l.csv
748,2,2,0,1m.csv
748,2,0,2,2a.csv
748,0,0,0,2b.csv
748,3,3,0,2c.csv
748,0,0,0,2d.csv
748,1,1,0,2e.csv
748,0,0,0,2f.csv
748,0,0,0,2g.csv
748,1,1,0,2h.csv
748,0,0,0,2i.csv
748,0,0,0,2j.csv
748,0,0,0,2k.csv
748,2,2,0,2l.csv
748,21,17,4,3a.csv
748,3,2,1,3b.csv
748,6,3,3,3c.csv
748,6,3,3,3d.csv
748,5,4,1,3e.csv
748,1,0,1,3f.csv
748,0,0,0,3g.csv
749,7,6,1,1a.csv
749,6,5,1,1b.csv
749,0,0,0,1c.csv
749,0,0,0,1e.csv
749,0,0,0,1f.csv
749,0,0,0,1g.csv
749,0,0,0,1h.csv
749,0,0,0,1i.csv
749,2,2,0,1j.csv
749,1,0,1,1k.csv
749,2,2,0,1l.csv
749,2,2,0,1m.csv
749,4,2,2,2a.csv
749,0,0,0,2b.csv
749,3,3,0,2c.csv
749,0,0,0,2d.csv
749,1,1,0,2e.csv
749,0,0,0,2f.csv
749,0,0,0,2g.csv
749,1,1,0,2h.csv
749,0,0,0,2i.csv
749,0,0,0,2j.csv
749,0,0,0,2k.csv
749,2,2,0,2l.csv
749,18,14,4,3a.csv
749,3,2,1,3b.csv
749,6,3,3,3c.csv
749,6,3,3,3d.csv
749,4,4,0,3e.csv
749,1,0,1,3f.csv
749,0,0,0,3g.csv
750,7,6,1,1a.csv
750,5,5,0,1b.csv
750,0,0,0,1c.csv
750,0,0,0,1e.csv
750,0,0,0,1f.csv
750,0,0,0,1g.csv
750,0,0,0,1h.csv
750,0,0,0,1i.csv
750,2,2,0,1j.csv
750,1,0,1,1k.csv
750,2,2,0,1l.csv
750,3,2,1,1m.csv
750,5,3,2,2a.csv
750,0,0,0,2b.csv
750,1,1,0,2c.csv
750,0,0,0,2d.csv
750,2,2,0,2e.csv
750,0,0,0,2f.csv
750,1,1,0,2g.csv
750,1,1,0,2h.csv
750,0,0,0,2i.csv
750,0,0,0,2j.csv
750,0,0,0,2k.csv
750,2,2,0,2l.csv
750,18,16,2,3a.csv
750,4,3,1,3b.csv
750,6,3,3,3c.csv
750,6,3,3,3d.csv
750,4,4,0,3e.csv
750,1,0,1,3f.csv
750,0,0,0,3g.csv
751,9,8,1,1a.csv
751,6,6,0,1b.csv
751,0,0,0,1c.csv
751,0,0,0,1e.csv
751,0,0,0,1f.csv
751,0,0,0,1g.csv
751,0,0,0,1h.csv
751,0,0,0,1i.csv
751,1,1,0,1j.csv
751,0,0,0,1k.csv
751,3,3,0,1l.csv
751,3,2,1,1m.csv
751,4,3,1,2a.csv
751,0,0,0,2b.csv
751,1,1,0,2c.csv
751,0,0,0,2d.csv
751,2,2,0,2e.csv
751,1,1,0,2f.csv
751,1,1,0,2g.csv
751,0,0,0,2h.csv
751,0,0,0,2i.csv
751,0,0,0,2j.csv
751,0,0,0,2k.csv
751,2,2,0,2l.csv
751,20,16,4,3a.csv
751,5,4,1,3b.csv
751,7,3,4,3c.csv
751,7,3,4,3d.csv
751,4,4,0,3e.csv
751,1,0,1,3f.csv
751,0,0,0,3g.csv
752,10,8,2,1a.csv
752,9,9,0,1b.csv
752,0,0,0,1c.csv
752,0,0,0,1e.csv
752,0,0,0,1f.csv
752,0,0,0,1g.csv
752,0,0,0,1h.csv
752,0,0,0,1i.csv
752,1,1,0,1j.csv
752,0,0,0,1k.csv
752,3,3,0,1l.csv
752,2,1,1,1m.csv
752,6,5,1,2a.csv
752,0,0,0,2b.csv
752,2,2,0,2c.csv
752,0,0,0,2d.csv
752,2,2,0,2e.csv
752,1,1,0,2f.csv
752,1,1,0,2g.csv
752,0,0,0,2h.csv
752,0,0,0,2i.csv
752,0,0,0,2j.csv
752,0,0,0,2k.csv
752,2,2,0,2l.csv
752,24,19,5,3a.csv
752,5,4,1,3b.csv
752,7,3,4,3c.csv
752,7,3,4,3d.csv
752,4,4,0,3e.csv
752,2,1,1,3f.csv
752,0,0,0,3g.csv
753,9,7,2,1a.csv
753,7,7,0,1b.csv
753,0,0,0,1c.csv
753,0,0,0,1e.csv
753,0,0,0,1f.csv
753,0,0,0,1g.csv
753,1,0,1,1h.csv
753,0,0,0,1i.csv
753,1,1,0,1j.csv
753,0,0,0,1k.csv
753,3,3,0,1l.csv
753,2,1,1,1m.csv
753,6,5,1,2a.csv
753,0,0,0,2b.csv
753,2,2,0,2c.csv
753,0,0,0,2d.csv
753,2,2,0,2e.csv
753,1,1,0,2f.csv
753,1,1,0,2g.csv
753,0,0,0,2h.csv
753,0,0,0,2i.csv
753,0,0,0,2j.csv
753,0,0,0,2k.csv
753,2,2,0,2l.csv
753,22,16,6,3a.csv
753,4,3,1,3b.csv
753,6,3,3,3c.csv
753,6,3,3,3d.csv
753,4,4,0,3e.csv
753,2,1,1,3f.csv
753,0,0,0,3g.csv
754,10,7,3,1a.csv
754,7,7,0,1b.csv
754,1,1,0,1c.csv
754,0,0,0,1e.csv
754,0,0,0,1f.csv
754,0,0,0,1g.csv
754,1,0,1,1h.csv
754,0,0,0,1i.csv
754,1,1,0,1j.csv
754,0,0,0,1k.csv
754,3,3,0,1l.csv
754,3,2,1,1m.csv
754,5,5,0,2a.csv
754,0,0,0,2b.csv
754,2,2,0,2c.csv
754,0,0,0,2d.csv
754,1,1,0,2e.csv
754,1,1,0,2f.csv
754,1,1,0,2g.csv
754,0,0,0,2h.csv
754,0,0,0,2i.csv
754,0,0,0,2j.csv
754,0,0,0,2k.csv
754,3,3,0,2l.csv
754,18,13,5,3a.csv
754,3,3,0,3b.csv
754,6,2,4,3c.csv
754,6,2,4,3d.csv
754,4,4,0,3e.csv
754,2,1,1,3f.csv
754,0,0,0,3g.csv
755,9,6,3,1a.csv
755,8,8,0,1b.csv
755,1,1,0,1c.csv
755,0,0,0,1e.csv
755,0,0,0,1f.csv
755,0,0,0,1g.csv
755,2,1,1,1h.csv
755,0,0,0,1i.csv
755,1,1,0,1j.csv
755,0,0,0,1k.csv
755,2,2,0,1l.csv
755,3,2,1,1m.csv
755,7,7,0,2a.csv
755,0,0,0,2b.csv
755,1,1,0,2c.csv
755,0,0,0,2d.csv
755,1,1,0,2e.csv
755,1,1,0,2f.csv
755,1,1,0,2g.csv
755,0,0,0,2h.csv
755,0,0,0,2i.csv
755,0,0,0,2j.csv
755,0,0,0,2k.csv
755,2,2,0,2l.csv
755,21,15,6,3a.csv
755,3,3,0,3b.csv
755,5,1,4,3c.csv
755,5,1,4,3d.csv
755,3,3,0,3e.csv
755,1,1,0,3f.csv
755,0,0,0,3g.csv
756,10,7,3,1a.csv
756,8,8,0,1b.csv
756,1,1,0,1c.csv
756,0,0,0,1e.csv
756,0,0,0,1f.csv
756,0,0,0,1g.csv
756,2,1,1,1h.csv
756,0,0,0,1i.csv
756,0,0,0,1j.csv
756,1,1,0,1k.csv
756,2,2,0,1l.csv
756,3,2,1,1m.csv
756,11,11,0,2a.csv
756,0,0,0,2b.csv
756,1,1,0,2c.csv
756,0,0,0,2d.csv
756,1,1,0,2e.csv
756,1,1,0,2f.csv
756,1,1,0,2g.csv
756,0,0,0,2h.csv
756,0,0,0,2i.csv
756,0,0,0,2j.csv
756,0,0,0,2k.csv
756,2,2,0,2l.csv
756,21,15,6,3a.csv
756,5,4,1,3b.csv
756,4,2,2,3c.csv
756,4,2,2,3d.csv
756,1,1,0,3e.csv
756,1,1,0,3f.csv
756,1,0,1,3g.csv
757,10,7,3,1a.csv
757,8,8,0,1b.csv
757,1,1,0,1c.csv
757,0,0,0,1e.csv
757,0,0,0,1f.csv
757,0,0,0,1g.csv
757,2,1,1,1h.csv
757,0,0,0,1i.csv
757,0,0,0,1j.csv
757,1,1,0,1k.csv
757,1,1,0,1l.csv
757,3,2,1,1m.csv
757,11,11,0,2a.csv
757,0,0,0,2b.csv
757,2,2,0,2c.csv
757,0,0,0,2d.csv
757,1,1,0,2e.csv
757,1,1,0,2f.csv
757,2,2,0,2g.csv
757,0,0,0,2h.csv
757,0,0,0,2i.csv
757,0,0,0,2j.csv
757,0,0,0,2k.csv
757,3,2,1,2l.csv
757,22,17,5,3a.csv
757,8,7,1,3b.csv
757,7,4,3,3c.csv
757,7,4,3,3d.csv
757,0,0,0,3e.csv
757,2,1,1,3f.csv
757,1,0,1,3g.csv
758,12,9,3,1a.csv
758,7,7,0,1b.csv
758,1,1,0,1c.csv
758,0,0,0,1e.csv
758,0,0,0,1f.csv
758,0,0,0,1g.csv
758,2,1,1,1h.csv
758,0,0,0,1i.csv
758,0,0,0,1j.csv
758,1,1,0,1k.csv
758,1,1,0,1l.csv
758,2,2,0,1m.csv
758,11,11,0,2a.csv
758,0,0,0,2b.csv
758,2,2,0,2c.csv
758,0,0,0,2d.csv
758,0,0,0,2e.csv
758,1,1,0,2f.csv
758,1,1,0,2g.csv
758,0,0,0,2h.csv
758,0,0,0,2i.csv
758,0,0,0,2j.csv
758,0,0,0,2k.csv
758,3,2,1,2l.csv
758,22,17,5,3a.csv
758,10,9,1,3b.csv
758,7,4,3,3c.csv
758,7,4,3,3d.csv
758,0,0,0,3e.csv
758,2,1,1,3f.csv
758,1,0,1,3g.csv
759,11,8,3,1a.csv
759,6,6,0,1b.csv
759,1,1,0,1c.csv
759,0,0,0,1e.csv
759,0,0,0,1f.csv
759,0,0,0,1g.csv
759,2,1,1,1h.csv
759,0,0,0,1i.csv
759,0,0,0,1j.csv
759,1,1,0,1k.csv
759,0,0,0,1l.csv
759,4,3,1,1m.csv
759,13,13,0,2a.csv
759,1,1,0,2b.csv
759,2,2,0,2c.csv
759,0,0,0,2d.csv
759,0,0,0,2e.csv
759,0,0,0,2f.csv
759,1,1,0,2g.csv
759,0,0,0,2h.csv
759,0,0,0,2i.csv
759,0,0,0,2j.csv
759,0,0,0,2k.csv
759,3,2,1,2l.csv
759,26,22,4,3a.csv
759,11,10,1,3b.csv
759,7,5,2,3c.csv
759,7,5,2,3d.csv
759,1,1,0,3e.csv
759,4,2,2,3f.csv
759,1,0,1,3g.csv
760,9,7,2,1a.csv
760,6,5,1,1b.csv
760,1,1,0,1c.csv
760,0,0,0,1e.csv
760,0,0,0,1f.csv
760,0,0,0,1g.csv
760,2,1,1,1h.csv
760,0,0,0,1i.csv
760,0,0,0,1j.csv
760,1,1,0,1k.csv
760,0,0,0,1l.csv
760,6,5,1,1m.csv
760,12,12,0,2a.csv
760,1,1,0,2b.csv
760,1,1,0,2c.csv
760,0,0,0,2d.csv
760,0,0,0,2e.csv
760,0,0,0,2f.csv
760,1,1,0,2g.csv
760,0,0,0,2h.csv
760,0,0,0,2i.csv
760,0,0,0,2j.csv
760,0,0,0,2k.csv
760,3,2,1,2l.csv
760,22,19,3,3a.csv
760,11,10,1,3b.csv
760,8,6,2,3c.csv
760,8,6,2,3d.csv
760,1,1,0,3e.csv
760,4,2,2,3f.csv
760,1,0,1,3g.csv
761,8,7,1,1a.csv
761,6,5,1,1b.csv
761,2,2,0,1c.csv
761,0,0,0,1e.csv
761,0,0,0,1f.csv
761,0,0,0,1g.csv
761,2,1,1,1h.csv
761,0,0,0,1i.csv
761,0,0,0,1j.csv
761,1,1,0,1k.csv
761,0,0,0,1l.csv
761,6,5,1,1m.csv
761,14,14,0,2a.csv
761,1,1,0,2b.csv
761,1,1,0,2c.csv
761,0,0,0,2d.csv
761,0,0,0,2e.csv
761,1,1,0,2f.csv
761,1,1,0,2g.csv
761,0,0,0,2h.csv
761,0,0,0,2i.csv
761,0,0,0,2j.csv
761,0,0,0,2k.csv
761,3,2,1,2l.csv
761,21,19,2,3a.csv
761,11,10,1,3b.csv
761,11,7,4,3c.csv
761,11,7,4,3d.csv
761,1,1,0,3e.csv
761,6,3,3,3f.csv
761,1,0,1,3g.csv
762,7,7,0,1a.csv
762,6,5,1,1b.csv
762,1,1,0,1c.csv
762,0,0,0,1e.csv
762,0,0,0,1f.csv
762,0,0,0,1g.csv
762,2,1,1,1h.csv
762,0,0,0,1i.csv
762,0,0,0,1j.csv
762,1,1,0,1k.csv
762,0,0,0,1l.csv
762,5,4,1,1m.csv
762,16,16,0,2a.csv
762,1,1,0,2b.csv
762,1,1,0,2c.csv
762,0,0,0,2d.csv
762,1,0,1,2e.csv
762,2,2,0,2f.csv
762,1,1,0,2g.csv
762,0,0,0,2h.csv
762,0,0,0,2i.csv
762,0,0,0,2j.csv
762,0,0,0,2k.csv
762,3,2,1,2l.csv
762,25,23,2,3a.csv
762,11,10,1,3b.csv
762,12,7,5,3c.csv
762,12,7,5,3d.csv
762,1,1,0,3e.csv
762,9,4,5,3f.csv
762,1,0,1,3g.csv
763,7,7,0,1a.csv
763,5,4,1,1b.csv
763,1,1,0,1c.csv
763,0,0,0,1e.csv
763,0,0,0,1f.csv
763,0,0,0,1g.csv
763,1,0,1,1h.csv
763,0,0,0,1i.csv
763,0,0,0,1j.csv
763,1,1,0,1k.csv
763,0,0,0,1l.csv
763,5,4,1,1m.csv
763,17,17,0,2a.csv
763,1,1,0,2b.csv
763,1,1,0,2c.csv
763,0,0,0,2d.csv
763,1,0,1,2e.csv
763,2,2,0,2f.csv
763,2,2,0,2g.csv
763,0,0,0,2h.csv
763,0,0,0,2i.csv
763,0,0,0,2j.csv
763,0,0,0,2k.csv
763,2,1,1,2l.csv
763,23,21,2,3a.csv
763,11,10,1,3b.csv
763,15,9,6,3c.csv
763,15,9,6,3d.csv
763,1,1,0,3e.csv
763,9,4,5,3f.csv
763,1,0,1,3g.csv
764,6,6,0,1a.csv
764,4,3,1,1b.csv
764,1,1,0,1c.csv
764,0,0,0,1e.csv
764,0,0,0,1f.csv
764,0,0,0,1g.csv
764,2,1,1,1h.csv
764,0,0,0,1i.csv
764,0,0,0,1j.csv
764,0,0,0,1k.csv
764,1,1,0,1l.csv
764,4,3,1,1m.csv
764,16,16,0,2a.csv
764,1,1,0,2b.csv
764,1,1,0,2c.csv
764,0,0,0,2d.csv
764,2,1,1,2e.csv
764,2,2,0,2f.csv
764,2,2,0,2g.csv
764,0,0,0,2h.csv
764,0,0,0,2i.csv
764,0,0,0,2j.csv
764,0,0,0,2k.csv
764,2,1,1,2l.csv
764,21,19,2,3a.csv
764,9,9,0,3b.csv
764,18,9,9,3c.csv
764,18,9,9,3d.csv
764,1,1,0,3e.csv
764,10,4,6,3f.csv
764,0,0,0,3g.csv
765,6,6,0,1a.csv
765,3,2,1,1b.csv
765,1,1,0,1c.csv
765,1,1,0,1e.csv
765,0,0,0,1f.csv
765,0,0,0,1g.csv
765,2,1,1,1h.csv
765,0,0,0,1i.csv
765,0,0,0,1j.csv
765,1,1,0,1k.csv
765,1,1,0,1l.csv
765,6,5,1,1m.csv
765,14,14,0,2a.csv
765,1,1,0,2b.csv
765,0,0,0,2c.csv
765,0,0,0,2d.csv
765,2,1,1,2e.csv
765,2,2,0,2f.csv
765,1,1,0,2g.csv
765,0,0,0,2h.csv
765,0,0,0,2i.csv
765,0,0,0,2j.csv
765,0,0,0,2k.csv
765,1,1,0,2l.csv
765,21,18,3,3a.csv
765,7,7,0,3b.csv
765,19,10,9,3c.csv
765,19,10,9,3d.csv
765,1,1,0,3e.csv
765,10,5,5,3f.csv
765,0,0,0,3g.csv
766,5,5,0,1a.csv
766,5,4,1,1b.csv
766,1,1,0,1c.csv
766,1,1,0,1e.csv
766,0,0,0,1f.csv
766,0,0,0,1g.csv
766,2,1,1,1h.csv
766,0,0,0,1i.csv
766,0,0,0,1j.csv
766,1,1,0,1k.csv
766,1,1,0,1l.csv
766,6,5,1,1m.csv
766,13,13,0,2a.csv
766,1,1,0,2b.csv
766,0,0,0,2c.csv
766,0,0,0,2d.csv
766,2,1,1,2e.csv
766,2,2,0,2f.csv
766,1,1,0,2g.csv
766,0,0,0,2h.csv
766,0,0,0,2i.csv
766,0,0,0,2j.csv
766,0,0,0,2k.csv
766,1,1,0,2l.csv
766,18,15,3,3a.csv
766,6,6,0,3b.csv
766,22,12,10,3c.csv
766,22,12,10,3d.csv
766,1,1,0,3e.csv
766,10,5,5,3f.csv
766,0,0,0,3g.csv
767,4,4,0,1a.csv
767,5,4,1,1b.csv
767,1,1,0,1c.csv
767,1,1,0,1e.csv
767,0,0,0,1f.csv
767,0,0,0,1g.csv
767,2,1,1,1h.csv
767,0,0,0,1i.csv
767,0,0,0,1j.csv
767,1,1,0,1k.csv
767,1,1,0,1l.csv
767,5,5,0,1m.csv
767,12,12,0,2a.csv
767,0,0,0,2b.csv
767,0,0,0,2c.csv
767,0,0,0,2d.csv
767,2,1,1,2e.csv
767,2,2,0,2f.csv
767,1,1,0,2g.csv
767,0,0,0,2h.csv
767,0,0,0,2i.csv
767,0,0,0,2j.csv
767,0,0,0,2k.csv
767,2,2,0,2l.csv
767,13,11,2,3a.csv
767,5,5,0,3b.csv
767,24,13,11,3c.csv
767,24,13,11,3d.csv
767,1,1,0,3e.csv
767,8,4,4,3f.csv
767,0,0,0,3g.csv
768,6,5,1,1a.csv
768,4,4,0,1b.csv
768,1,1,0,1c.csv
768,1,1,0,1e.csv
768,0,0,0,1f.csv
768,0,0,0,1g.csv
768,3,1,2,1h.csv
768,0,0,0,1i.csv
768,0,0,0,1j.csv
768,2,2,0,1k.csv
768,1,1,0,1l.csv
768,4,4,0,1m.csv
768,11,11,0,2a.csv
768,0,0,0,2b.csv
768,0,0,0,2c.csv
768,0,0,0,2d.csv
768,2,1,1,2e.csv
768,2,2,0,2f.csv
768,1,1,0,2g.csv
768,0,0,0,2h.csv
768,0,0,0,2i.csv
768,0,0,0,2j.csv
768,0,0,0,2k.csv
768,2,2,0,2l.csv
768,12,10,2,3a.csv
768,6,6,0,3b.csv
768,29,17,12,3c.csv
768,29,17,12,3d.csv
768,2,2,0,3e.csv
768,8,3,5,3f.csv
768,0,0,0,3g.csv
769,4,3,1,1a.csv
769,4,4,0,1b.csv
769,0,0,0,1c.csv
769,1,1,0,1e.csv
769,0,0,0,1f.csv
769,0,0,0,1g.csv
769,2,1,1,1h.csv
769,0,0,0,1i.csv
769,0,0,0,1j.csv
769,2,2,0,1k.csv
769,1,1,0,1l.csv
769,5,5,0,1m.csv
769,10,9,1,2a.csv
769,0,0,0,2b.csv
769,0,0,0,2c.csv
769,0,0,0,2d.csv
769,2,1,1,2e.csv
769,1,1,0,2f.csv
769,1,1,0,2g.csv
769,0,0,0,2h.csv
769,0,0,0,2i.csv
769,0,0,0,2j.csv
769,0,0,0,2k.csv
769,2,2,0,2l.csv
769,13,10,3,3a.csv
769,5,5,0,3b.csv
769,28,17,11,3c.csv
769,28,17,11,3d.csv
769,3,3,0,3e.csv
769,7,2,5,3f.csv
769,0,0,0,3g.csv
770,4,3,1,1a.csv
770,6,6,0,1b.csv
770,0,0,0,1c.csv
770,1,1,0,1e.csv
770,0,0,0,1f.csv
770,0,0,0,1g.csv
770,2,1,1,1h.csv
770,1,0,1,1i.csv
770,0,0,0,1j.csv
770,2,2,0,1k.csv
770,2,2,0,1l.csv
770,5,5,0,1m.csv
770,8,7,1,2a.csv
770,0,0,0,2b.csv
770,0,0,0,2c.csv
770,0,0,0,2d.csv
770,1,1,0,2e.csv
770,0,0,0,2f.csv
770,1,1,0,2g.csv
770,0,0,0,2h.csv
770,0,0,0,2i.csv
770,0,0,0,2j.csv
770,0,0,0,2k.csv
770,1,1,0,2l.csv
770,10,7,3,3a.csv
770,5,5,0,3b.csv
770,29,18,11,3c.csv
770,29,18,11,3d.csv
770,3,3,0,3e.csv
770,8,3,5,3f.csv
770,0,0,0,3g.csv
771,4,3,1,1a.csv
771,8,8,0,1b.csv
771,0,0,0,1c.csv
771,1,1,0,1e.csv
771,0,0,0,1f.csv
771,0,0,0,1g.csv
771,2,1,1,1h.csv
771,1,0,1,1i.csv
771,0,0,0,1j.csv
771,2,2,0,1k.csv
771,2,2,0,1l.csv
771,6,6,0,1m.csv
771,6,5,1,2a.csv
771,0,0,0,2b.csv
771,0,0,0,2c.csv
771,0,0,0,2d.csv
771,1,1,0,2e.csv
771,0,0,0,2f.csv
771,0,0,0,2g.csv
771,0,0,0,2h.csv
771,0,0,0,2i.csv
771,0,0,0,2j.csv
771,0,0,0,2k.csv
771,1,1,0,2l.csv
771,10,8,2,3a.csv
771,5,5,0,3b.csv
771,29,17,12,3c.csv
771,29,17,12,3d.csv
771,3,3,0,3e.csv
771,11,5,6,3f.csv
771,0,0,0,3g.csv
772,5,4,1,1a.csv
772,10,10,0,1b.csv
772,0,0,0,1c.csv
772,1,1,0,1e.csv
772,1,1,0,1f.csv
772,0,0,0,1g.csv
772,1,0,1,1h.csv
772,1,0,1,1i.csv
772,0,0,0,1j.csv
772,2,2,0,1k.csv
772,1,1,0,1l.csv
772,6,6,0,1m.csv
772,4,3,1,2a.csv
772,0,0,0,2b.csv
772,0,0,0,2c.csv
772,0,0,0,2d.csv
772,0,0,0,2e.csv
772,1,1,0,2f.csv
772,0,0,0,2g.csv
772,0,0,0,2h.csv
772,0,0,0,2i.csv
772,0,0,0,2j.csv
772,0,0,0,2k.csv
772,1,1,0,2l.csv
772,14,11,3,3a.csv
772,5,5,0,3b.csv
772,25,16,9,3c.csv
772,25,16,9,3d.csv
772,4,4,0,3e.csv
772,10,5,5,3f.csv
772,0,0,0,3g.csv
773,6,4,2,1a.csv
773,10,10,0,1b.csv
773,0,0,0,1c.csv
773,0,0,0,1e.csv
773,1,1,0,1f.csv
773,0,0,0,1g.csv
773,1,0,1,1h.csv
773,1,0,1,1i.csv
773,0,0,0,1j.csv
773,1,1,0,1k.csv
773,1,1,0,1l.csv
773,5,5,0,1m.csv
773,5,4,1,2a.csv
773,0,0,0,2b.csv
773,0,0,0,2c.csv
773,0,0,0,2d.csv
773,1,0,1,2e.csv
773,1,1,0,2f.csv
773,0,0,0,2g.csv
773,0,0,0,2h.csv
773,0,0,0,2i.csv
773,0,0,0,2j.csv
773,0,0,0,2k.csv
773,1,1,0,2l.csv
773,20,15,5,3a.csv
773,7,7,0,3b.csv
773,23,15,8,3c.csv
773,23,15,8,3d.csv
773,6,6,0,3e.csv
773,10,5,5,3f.csv
773,0,0,0,3g.csv
774,5,3,2,1a.csv
774,10,9,1,1b.csv
774,0,0,0,1c.csv
774,0,0,0,1e.csv
774,1,1,0,1f.csv
774,0,0,0,1g.csv
774,2,1,1,1h.csv
774,1,0,1,1i.csv
774,0,0,0,1j.csv
774,1,1,0,1k.csv
774,1,1,0,1l.csv
774,6,6,0,1m.csv
774,5,4,1,2a.csv
774,0,0,0,2b.csv
774,0,0,0,2c.csv
774,0,0,0,2d.csv
774,1,0,1,2e.csv
774,1,1,0,2f.csv
774,0,0,0,2g.csv
774,0,0,0,2h.csv
774,0,0,0,2i.csv
774,0,0,0,2j.csv
774,0,0,0,2k.csv
774,1,1,0,2l.csv
774,36,23,13,3a.csv
774,5,5,0,3b.csv
774,23,14,9,3c.csv
774,23,14,9,3d.csv
774,7,7,0,3e.csv
774,10,5,5,3f.csv
774,0,0,0,3g.csv
775,5,3,2,1a.csv
775,11,10,1,1b.csv
775,0,0,0,1c.csv
775,0,0,0,1e.csv
775,2,2,0,1f.csv
775,0,0,0,1g.csv
775,2,1,1,1h.csv
775,1,0,1,1i.csv
775,0,0,0,1j.csv
775,1,1,0,1k.csv
775,1,1,0,1l.csv
775,5,5,0,1m.csv
775,5,4,1,2a.csv
775,0,0,0,2b.csv
775,0,0,0,2c.csv
775,0,0,0,2d.csv
775,1,0,1,2e.csv
775,1,1,0,2f.csv
775,0,0,0,2g.csv
775,0,0,0,2h.csv
775,0,0,0,2i.csv
775,0,0,0,2j.csv
775,0,0,0,2k.csv
775,0,0,0,2l.csv
775,49,32,17,3a.csv
775,5,5,0,3b.csv
775,21,12,9,3c.csv
775,21,12,9,3d.csv
775,8,8,0,3e.csv
775,14,7,7,3f.csv
775,1,1,0,3g.csv
776,3,2,1,1a.csv
776,10,9,1,1b.csv
776,0,0,0,1c.csv
776,0,0,0,1e.csv
776,2,2,0,1f.csv
776,0,0,0,1g.csv
776,1,1,0,1h.csv
776,2,1,1,1i.csv
776,0,0,0,1j.csv
776,0,0,0,1k.csv
776,1,1,0,1l.csv
776,4,4,0,1m.csv
776,5,4,1,2a.csv
776,0,0,0,2b.csv
776,0,0,0,2c.csv
776,0,0,0,2d.csv
776,1,0,1,2e.csv
776,2,2,0,2f.csv
776,0,0,0,2g.csv
776,0,0,0,2h.csv
776,0,0,0,2i.csv
776,0,0,0,2j.csv
776,0,0,0,2k.csv
776,0,0,0,2l.csv
776,60,39,21,3a.csv
776,6,6,0,3b.csv
776,15,7,8,3c.csv
776,15,7,8,3d.csv
776,8,8,0,3e.csv
776,15,7,8,3f.csv
776,1,1,0,3g.csv
777,3,2,1,1a.csv
777,13,11,2,1b.csv
777,0,0,0,1c.csv
777,0,0,0,1e.csv
777,2,2,0,1f.csv
777,0,0,0,1g.csv
777,1,1,0,1h.csv
777,3,1,2,1i.csv
777,0,0,0,1j.csv
777,0,0,0,1k.csv
777,2,1,1,1l.csv
777,4,4,0,1m.csv
777,4,4,0,2a.csv
777,0,0,0,2b.csv
777,0,0,0,2c.csv
777,0,0,0,2d.csv
777,1,0,1,2e.csv
777,2,2,0,2f.csv
777,0,0,0,2g.csv
777,0,0,0,2h.csv
777,0,0,0,2i.csv
777,0,0,0,2j.csv
777,0,0,0,2k.csv
777,0,0,0,2l.csv
777,74,48,26,3a.csv
777,9,9,0,3b.csv
777,12,5,7,3c.csv
777,12,5,7,3d.csv
777,8,8,0,3e.csv
777,16,9,7,3f.csv
777,1,1,0,3g.csv
778,2,1,1,1a.csv
778,11,9,2,1b.csv
778,0,0,0,1c.csv
778,0,0,0,1e.csv
778,2,2,0,1f.csv
778,0,0,0,1g.csv
778,1,1,0,1h.csv
778,2,1,1,1i.csv
778,0,0,0,1j.csv
778,0,0,0,1k.csv
778,1,0,1,1l.csv
778,4,4,0,1m.csv
778,4,4,0,2a.csv
778,0,0,0,2b.csv
778,0,0,0,2c.csv
778,0,0,0,2d.csv
778,1,0,1,2e.csv
778,2,2,0,2f.csv
778,0,0,0,2g.csv
778,0,0,0,2h.csv
778,0,0,0,2i.csv
778,0,0,0,2j.csv
778,0,0,0,2k.csv
778,0,0,0,2l.csv
778,83,55,28,3a.csv
778,9,9,0,3b.csv
778,11,6,5,3c.csv
778,11,6,5,3d.csv
778,10,10,0,3e.csv
778,13,8,5,3f.csv
778,1,1,0,3g.csv
779,2,1,1,1a.csv
779,10,8,2,1b.csv
779,0,0,0,1c.csv
779,0,0,0,1e.csv
779,3,3,0,1f.csv
779,0,0,0,1g.csv
779,1,1,0,1h.csv
779,3,2,1,1i.csv
779,0,0,0,1j.csv
779,0,0,0,1k.csv
779,1,0,1,1l.csv
779,3,3,0,1m.csv
779,4,4,0,2a.csv
779,0,0,0,2b.csv
779,0,0,0,2c.csv
779,0,0,0,2d.csv
779,1,0,1,2e.csv
779,2,2,0,2f.csv
779,0,0,0,2g.csv
779,0,0,0,2h.csv
779,0,0,0,2i.csv
779,0,0,0,2j.csv
779,0,0,0,2k.csv
779,0,0,0,2l.csv
779,87,58,29,3a.csv
779,10,10,0,3b.csv
779,9,6,3,3c.csv
779,9,6,3,3d.csv
779,11,11,0,3e.csv
779,10,6,4,3f.csv
779,1,1,0,3g.csv
780,1,0,1,1a.csv
780,10,7,3,1b.csv
780,0,0,0,1c.csv
780,0,0,0,1e.csv
780,2,2,0,1f.csv
780,0,0,0,1g.csv
780,1,1,0,1h.csv
780,3,2,1,1i.csv
780,0,0,0,1j.csv
780,0,0,0,1k.csv
780,1,0,1,1l.csv
780,4,4,0,1m.csv
780,4,4,0,2a.csv
780,0,0,0,2b.csv
780,0,0,0,2c.csv
780,0,0,0,2d.csv
780,1,0,1,2e.csv
780,2,2,0,2f.csv
780,0,0,0,2g.csv
780,0,0,0,2h.csv
780,0,0,0,2i.csv
780,0,0,0,2j.csv
780,0,0,0,2k.csv
780,1,1,0,2l.csv
780,87,59,28,3a.csv
780,11,11,0,3b.csv
780,10,6,4,3c.csv
780,10,6,4,3d.csv
780,10,10,0,3e.csv
780,11,7,4,3f.csv
780,1,1,0,3g.csv
781,0,0,0,1a.csv
781,10,7,3,1b.csv
781,0,0,0,1c.csv
781,0,0,0,1e.csv
781,2,2,0,1f.csv
781,0,0,0,1g.csv
781,1,1,0,1h.csv
781,3,2,1,1i.csv
781,0,0,0,1j.csv
781,0,0,0,1k.csv
781,1,0,1,1l.csv
781,3,3,0,1m.csv
781,3,3,0,2a.csv
781,0,0,0,2b.csv
781,0,0,0,2c.csv
781,0,0,0,2d.csv
781,0,0,0,2e.csv
781,2,2,0,2f.csv
781,0,0,0,2g.csv
781,0,0,0,2h.csv
781,0,0,0,2i.csv
781,0,0,0,2j.csv
781,0,0,0,2k.csv
781,1,1,0,2l.csv
781,94,64,30,3a.csv
781,9,8,1,3b.csv
781,9,5,4,3c.csv
781,9,5,4,3d.csv
781,8,8,0,3e.csv
781,12,8,4,3f.csv
781,2,2,0,3g.csv
782,2,1,1,1a.csv
782,8,6,2,1b.csv
782,0,0,0,1c.csv
782,0,0,0,1e.csv
782,2,2,0,1f.csv
782,0,0,0,1g.csv
782,0,0,0,1h.csv
782,3,2,1,1i.csv
782,0,0,0,1j.csv
782,1,1,0,1k.csv
782,1,0,1,1l.csv
782,2,2,0,1m.csv
782,4,4,0,2a.csv
782,0,0,0,2b.csv
782,0,0,0,2c.csv
782,0,0,0,2d.csv
782,0,0,0,2e.csv
782,2,2,0,2f.csv
782,0,0,0,2g.csv
782,0,0,0,2h.csv
782,0,0,0,2i.csv
782,0,0,0,2j.csv
782,0,0,0,2k.csv
782,1,1,0,2l.csv
782,89,65,24,3a.csv
782,11,9,2,3b.csv
782,7,4,3,3c.csv
782,7,4,3,3d.csv
782,8,8,0,3e.csv
782,15,9,6,3f.csv
782,3,3,0,3g.csv
783,2,1,1,1a.csv
783,8,5,3,1b.csv
783,1,1,0,1c.csv
783,0,0,0,1e.csv
783,2,2,0,1f.csv
783,0,0,0,1g.csv
783,0,0,0,1h.csv
783,3,2,1,1i.csv
783,0,0,0,1j.csv
783,1,1,0,1k.csv
783,1,0,1,1l.csv
783,2,2,0,1m.csv
783,4,4,0,2a.csv
783,0,0,0,2b.csv
783,0,0,0,2c.csv
783,0,0,0,2d.csv
783,0,0,0,2e.csv
783,2,2,0,2f.csv
783,0,0,0,2g.csv
783,0,0,0,2h.csv
783,0,0,0,2i.csv
783,0,0,0,2j.csv
783,0,0,0,2k.csv
783,3,3,0,2l.csv
783,84,64,20,3a.csv
783,10,8,2,3b.csv
783,7,4,3,3c.csv
783,7,4,3,3d.csv
783,7,7,0,3e.csv
783,13,8,5,3f.csv
783,2,2,0,3g.csv
784,2,1,1,1a.csv
784,7,4,3,1b.csv
784,1,1,0,1c.csv
784,0,0,0,1e.csv
784,3,2,1,1f.csv
784,0,0,0,1g.csv
784,0,0,0,1h.csv
784,2,1,1,1i.csv
784,0,0,0,1j.csv
784,1,1,0,1k.csv
784,2,0,2,1l.csv
784,2,2,0,1m.csv
784,4,4,0,2a.csv
784,0,0,0,2b.csv
784,0,0,0,2c.csv
784,0,0,0,2d.csv
784,0,0,0,2e.csv
784,2,2,0,2f.csv
784,0,0,0,2g.csv
784,0,0,0,2h.csv
784,0,0,0,2i.csv
784,0,0,0,2j.csv
784,0,0,0,2k.csv
784,3,3,0,2l.csv
784,86,69,17,3a.csv
784,10,7,3,3b.csv
784,8,5,3,3c.csv
784,8,5,3,3d.csv
784,6,6,0,3e.csv
784,13,9,4,3f.csv
784,3,3,0,3g.csv
785,2,1,1,1a.csv
785,7,5,2,1b.csv
785,1,1,0,1c.csv
785,0,0,0,1e.csv
785,4,3,1,1f.csv
785,0,0,0,1g.csv
785,0,0,0,1h.csv
785,1,1,0,1i.csv
785,0,0,0,1j.csv
785,1,1,0,1k.csv
785,1,0,1,1l.csv
785,1,1,0,1m.csv
785,4,4,0,2a.csv
785,1,1,0,2b.csv
785,0,0,0,2c.csv
785,0,0,0,2d.csv
785,0,0,0,2e.csv
785,2,2,0,2f.csv
785,0,0,0,2g.csv
785,0,0,0,2h.csv
785,0,0,0,2i.csv
785,0,0,0,2j.csv
785,0,0,0,2k.csv
785,3,3,0,2l.csv
785,84,69,15,3a.csv
785,10,7,3,3b.csv
785,9,5,4,3c.csv
785,9,5,4,3d.csv
785,6,6,0,3e.csv
785,11,7,4,3f.csv
785,3,3,0,3g.csv
786,3,2,1,1a.csv
786,7,5,2,1b.csv
786,1,1,0,1c.csv
786,0,0,0,1e.csv
786,4,3,1,1f.csv
786,0,0,0,1g.csv
786,0,0,0,1h.csv
786,1,1,0,1i.csv
786,0,0,0,1j.csv
786,2,2,0,1k.csv
786,1,0,1,1l.csv
786,2,2,0,1m.csv
786,4,4,0,2a.csv
786,1,1,0,2b.csv
786,0,0,0,2c.csv
786,0,0,0,2d.csv
786,0,0,0,2e.csv
786,2,2,0,2f.csv
786,0,0,0,2g.csv
786,0,0,0,2h.csv
786,0,0,0,2i.csv
786,0,0,0,2j.csv
786,0,0,0,2k.csv
786,3,3,0,2l.csv
786,89,70,19,3a.csv
786,15,12,3,3b.csv
786,8,4,4,3c.csv
786,8,4,4,3d.csv
786,4,4,0,3e.csv
786,11,7,4,3f.csv
786,3,3,0,3g.csv
787,3,2,1,1a.csv
787,6,4,2,1b.csv
787,1,1,0,1c.csv
787,0,0,0,1e.csv
787,5,4,1,1f.csv
787,0,0,0,1g.csv
787,0,0,0,1h.csv
787,0,0,0,1i.csv
787,0,0,0,1j.csv
787,2,2,0,1k.csv
787,1,0,1,1l.csv
787,2,2,0,1m.csv
787,6,6,0,2a.csv
787,1,1,0,2b.csv
787,0,0,0,2c.csv
787,0,0,0,2d.csv
787,0,0,0,2e.csv
787,2,2,0,2f.csv
787,0,0,0,2g.csv
787,0,0,0,2h.csv
787,0,0,0,2i.csv
787,0,0,0,2j.csv
787,0,0,0,2k.csv
787,3,3,0,2l.csv
787,94,76,18,3a.csv
787,17,13,4,3b.csv
787,9,3,6,3c.csv
787,9,3,6,3d.csv
787,4,3,1,3e.csv
787,11,7,4,3f.csv
787,3,3,0,3g.csv
788,3,2,1,1a.csv
788,4,3,1,1b.csv
788,1,1,0,1c.csv
788,0,0,0,1e.csv
788,7,6,1,1f.csv
788,0,0,0,1g.csv
788,0,0,0,1h.csv
788,0,0,0,1i.csv
788,0,0,0,1j.csv
788,2,2,0,1k.csv
788,1,0,1,1l.csv
788,4,3,1,1m.csv
788,5,5,0,2a.csv
788,1,1,0,2b.csv
788,0,0,0,2c.csv
788,0,0,0,2d.csv
788,0,0,0,2e.csv
788,1,1,0,2f.csv
788,0,0,0,2g.csv
788,0,0,0,2h.csv
788,0,0,0,2i.csv
788,0,0,0,2j.csv
788,0,0,0,2k.csv
788,3,3,0,2l.csv
788,105,81,24,3a.csv
788,17,13,4,3b.csv
788,8,3,5,3c.csv
788,8,3,5,3d.csv
788,5,4,1,3e.csv
788,11,7,4,3f.csv
788,3,3,0,3g.csv
789,4,3,1,1a.csv
789,4,3,1,1b.csv
789,1,1,0,1c.csv
789,0,0,0,1e.csv
789,8,7,1,1f.csv
789,0,0,0,1g.csv
789,0,0,0,1h.csv
789,0,0,0,1i.csv
789,0,0,0,1j.csv
789,2,2,0,1k.csv
789,1,0,1,1l.csv
789,4,3,1,1m.csv
789,5,5,0,2a.csv
789,1,1,0,2b.csv
789,0,0,0,2c.csv
789,0,0,0,2d.csv
789,1,1,0,2e.csv
789,1,1,0,2f.csv
789,0,0,0,2g.csv
789,0,0,0,2h.csv
789,0,0,0,2i.csv
789,0,0,0,2j.csv
789,0,0,0,2k.csv
789,3,3,0,2l.csv
789,106,84,22,3a.csv
789,19,16,3,3b.csv
789,7,2,5,3c.csv
789,7,2,5,3d.csv
789,7,6,1,3e.csv
789,9,5,4,3f.csv
789,2,2,0,3g.csv
790,3,3,0,1a.csv
790,4,3,1,1b.csv
790,1,1,0,1c.csv
790,0,0,0,1e.csv
790,8,7,1,1f.csv
790,0,0,0,1g.csv
790,0,0,0,1h.csv
790,0,0,0,1i.csv
790,0,0,0,1j.csv
790,1,1,0,1k.csv
790,1,0,1,1l.csv
790,4,3,1,1m.csv
790,4,4,0,2a.csv
790,1,1,0,2b.csv
790,0,0,0,2c.csv
790,0,0,0,2d.csv
790,2,1,1,2e.csv
790,1,1,0,2f.csv
790,0,0,0,2g.csv
790,0,0,0,2h.csv
790,0,0,0,2i.csv
790,0,0,0,2j.csv
790,1,1,0,2k.csv
790,3,3,0,2l.csv
790,111,88,23,3a.csv
790,19,15,4,3b.csv
790,6,2,4,3c.csv
790,6,2,4,3d.csv
790,6,5,1,3e.csv
790,7,5,2,3f.csv
790,1,1,0,3g.csv
791,3,3,0,1a.csv
791,4,3,1,1b.csv
791,1,1,0,1c.csv
791,0,0,0,1e.csv
791,7,6,1,1f.csv
791,0,0,0,1g.csv
791,0,0,0,1h.csv
791,0,0,0,1i.csv
791,0,0,0,1j.csv
791,1,1,0,1k.csv
791,1,0,1,1l.csv
791,4,3,1,1m.csv
791,4,4,0,2a.csv
791,1,1,0,2b.csv
791,0,0,0,2c.csv
791,0,0,0,2d.csv
791,2,1,1,2e.csv
791,1,1,0,2f.csv
791,0,0,0,2g.csv
791,0,0,0,2h.csv
791,0,0,0,2i.csv
791,0,0,0,2j.csv
791,1,1,0,2k.csv
791,1,1,0,2l.csv
791,117,93,24,3a.csv
791,20,16,4,3b.csv
791,5,2,3,3c.csv
791,5,2,3,3d.csv
791,5,4,1,3e.csv
791,5,4,1,3f.csv
791,1,1,0,3g.csv
792,3,3,0,1a.csv
792,5,4,1,1b.csv
792,1,1,0,1c.csv
792,0,0,0,1e.csv
792,7,7,0,1f.csv
792,0,0,0,1g.csv
792,0,0,0,1h.csv
792,0,0,0,1i.csv
792,1,1,0,1j.csv
792,2,1,1,1k.csv
792,0,0,0,1l.csv
792,4,3,1,1m.csv
792,4,4,0,2a.csv
792,1,1,0,2b.csv
792,0,0,0,2c.csv
792,0,0,0,2d.csv
792,2,1,1,2e.csv
792,0,0,0,2f.csv
792,0,0,0,2g.csv
792,0,0,0,2h.csv
792,0,0,0,2i.csv
792,0,0,0,2j.csv
792,1,1,0,2k.csv
792,2,2,0,2l.csv
792,112,87,25,3a.csv
792,20,17,3,3b.csv
792,6,3,3,3c.csv
792,6,3,3,3d.csv
792,5,4,1,3e.csv
792,3,3,0,3f.csv
792,0,0,0,3g.csv
793,4,4,0,1a.csv
793,2,1,1,1b.csv
793,2,2,0,1c.csv
793,0,0,0,1e.csv
793,10,9,1,1f.csv
793,0,0,0,1g.csv
793,0,0,0,1h.csv
793,0,0,0,1i.csv
793,1,1,0,1j.csv
793,2,1,1,1k.csv
793,0,0,0,1l.csv
793,4,3,1,1m.csv
793,4,4,0,2a.csv
793,0,0,0,2b.csv
793,0,0,0,2c.csv
793,0,0,0,2d.csv
793,2,1,1,2e.csv
793,0,0,0,2f.csv
793,0,0,0,2g.csv
793,0,0,0,2h.csv
793,0,0,0,2i.csv
793,0,0,0,2j.csv
793,1,1,0,2k.csv
793,2,2,0,2l.csv
793,107,86,21,3a.csv
793,19,16,3,3b.csv
793,6,4,2,3c.csv
793,6,4,2,3d.csv
793,5,4,1,3e.csv
793,3,3,0,3f.csv
793,0,0,0,3g.csv
794,3,3,0,1a.csv
794,2,1,1,1b.csv
794,2,2,0,1c.csv
794,0,0,0,1e.csv
794,11,10,1,1f.csv
794,0,0,0,1g.csv
794,0,0,0,1h.csv
794,0,0,0,1i.csv
794,1,1,0,1j.csv
794,1,0,1,1k.csv
794,0,0,0,1l.csv
794,3,2,1,1m.csv
794,5,5,0,2a.csv
794,0,0,0,2b.csv
794,0,0,0,2c.csv
794,0,0,0,2d.csv
794,2,1,1,2e.csv
794,0,0,0,2f.csv
794,0,0,0,2g.csv
794,0,0,0,2h.csv
794,0,0,0,2i.csv
794,0,0,0,2j.csv
794,3,3,0,2k.csv
794,2,2,0,2l.csv
794,97,81,16,3a.csv
794,14,11,3,3b.csv
794,5,3,2,3c.csv
794,5,3,2,3d.csv
794,5,4,1,3e.csv
794,2,2,0,3f.csv
794,0,0,0,3g.csv
795,4,4,0,1a.csv
795,2,1,1,1b.csv
795,2,2,0,1c.csv
795,0,0,0,1e.csv
795,11,10,1,1f.csv
795,0,0,0,1g.csv
795,0,0,0,1h.csv
795,0,0,0,1i.csv
795,1,1,0,1j.csv
795,1,0,1,1k.csv
795,0,0,0,1l.csv
795,3,2,1,1m.csv
795,2,2,0,2a.csv
795,0,0,0,2b.csv
795,1,0,1,2c.csv
795,0,0,0,2d.csv
795,2,1,1,2e.csv
795,0,0,0,2f.csv
795,1,0,1,2g.csv
795,0,0,0,2h.csv
795,0,0,0,2i.csv
795,0,0,0,2j.csv
795,3,3,0,2k.csv
795,3,2,1,2l.csv
795,95,78,17,3a.csv
795,12,9,3,3b.csv
795,3,3,0,3c.csv
795,3,3,0,3d.csv
795,4,4,0,3e.csv
795,4,2,2,3f.csv
795,0,0,0,3g.csv
796,4,4,0,1a.csv
796,3,2,1,1b.csv
796,2,2,0,1c.csv
796,1,1,0,1e.csv
796,11,9,2,1f.csv
796,0,0,0,1g.csv
796,0,0,0,1h.csv
796,0,0,0,1i.csv
796,1,1,0,1j.csv
796,1,0,1,1k.csv
796,1,0,1,1l.csv
796,0,0,0,1m.csv
796,2,2,0,2a.csv
796,0,0,0,2b.csv
796,1,0,1,2c.csv
796,0,0,0,2d.csv
796,3,1,2,2e.csv
796,0,0,0,2f.csv
796,1,0,1,2g.csv
796,0,0,0,2h.csv
796,0,0,0,2i.csv
796,0,0,0,2j.csv
796,4,4,0,2k.csv
796,2,1,1,2l.csv
796,84,73,11,3a.csv
796,11,8,3,3b.csv
796,3,3,0,3c.csv
796,3,3,0,3d.csv
796,3,3,0,3e.csv
796,4,2,2,3f.csv
796,0,0,0,3g.csv
797,3,3,0,1a.csv
797,4,3,1,1b.csv
797,2,2,0,1c.csv
797,1,1,0,1e.csv
797,13,11,2,1f.csv
797,0,0,0,1g.csv
797,1,1,0,1h.csv
797,0,0,0,1i.csv
797,1,1,0,1j.csv
797,1,0,1,1k.csv
797,1,0,1,1l.csv
797,1,1,0,1m.csv
797,4,4,0,2a.csv
797,0,0,0,2b.csv
797,1,0,1,2c.csv
797,0,0,0,2d.csv
797,2,0,2,2e.csv
797,0,0,0,2f.csv
797,1,0,1,2g.csv
797,0,0,0,2h.csv
797,0,0,0,2i.csv
797,0,0,0,2j.csv
797,4,4,0,2k.csv
797,2,1,1,2l.csv
797,76,68,8,3a.csv
797,8,5,3,3b.csv
797,3,3,0,3c.csv
797,3,3,0,3d.csv
797,1,1,0,3e.csv
797,7,3,4,3f.csv
797,0,0,0,3g.csv
798,2,2,0,1a.csv
798,4,3,1,1b.csv
798,2,2,0,1c.csv
798,1,1,0,1e.csv
798,14,11,3,1f.csv
798,0,0,0,1g.csv
798,1,1,0,1h.csv
798,0,0,0,1i.csv
798,1,1,0,1j.csv
798,1,0,1,1k.csv
798,1,0,1,1l.csv
798,1,1,0,1m.csv
798,4,4,0,2a.csv
798,0,0,0,2b.csv
798,2,1,1,2c.csv
798,0,0,0,2d.csv
798,1,0,1,2e.csv
798,0,0,0,2f.csv
798,1,0,1,2g.csv
798,0,0,0,2h.csv
798,0,0,0,2i.csv
798,0,0,0,2j.csv
798,3,3,0,2k.csv
798,3,2,1,2l.csv
798,68,63,5,3a.csv
798,7,5,2,3b.csv
798,3,3,0,3c.csv
798,3,3,0,3d.csv
798,1,1,0,3e.csv
798,6,2,4,3f.csv
798,0,0,0,3g.csv
799,2,2,0,1a.csv
799,4,4,0,1b.csv
799,3,2,1,1c.csv
799,1,1,0,1e.csv
799,15,12,3,1f.csv
799,0,0,0,1g.csv
799,1,1,0,1h.csv
799,0,0,0,1i.csv
799,1,1,0,1j.csv
799,1,0,1,1k.csv
799,1,0,1,1l.csv
799,1,1,0,1m.csv
799,3,3,0,2a.csv
799,0,0,0,2b.csv
799,3,2,1,2c.csv
799,0,0,0,2d.csv
799,1,0,1,2e.csv
799,0,0,0,2f.csv
799,1,0,1,2g.csv
799,0,0,0,2h.csv
799,0,0,0,2i.csv
799,0,0,0,2j.csv
799,3,3,0,2k.csv
799,3,2,1,2l.csv
799,58,54,4,3a.csv
799,6,4,2,3b.csv
799,3,3,0,3c.csv
799,3,3,0,3d.csv
799,2,2,0,3e.csv
799,8,4,4,3f.csv
799,0,0,0,3g.csv
800,3,3,0,1a.csv
800,4,4,0,1b.csv
800,3,2,1,1c.csv
800,1,1,0,1e.csv
800,14,11,3,1f.csv
800,0,0,0,1g.csv
800,1,1,0,1h.csv
800,0,0,0,1i.csv
800,0,0,0,1j.csv
800,0,0,0,1k.csv
800,1,0,1,1l.csv
800,2,2,0,1m.csv
800,3,3,0,2a.csv
800,0,0,0,2b.csv
800,3,2,1,2c.csv
800,0,0,0,2d.csv
800,1,0,1,2e.csv
800,0,0,0,2f.csv
800,2,1,1,2g.csv
800,0,0,0,2h.csv
800,0,0,0,2i.csv
800,0,0,0,2j.csv
800,3,3,0,2k.csv
800,2,1,1,2l.csv
800,57,54,3,3a.csv
800,7,5,2,3b.csv
800,2,2,0,3c.csv
800,2,2,0,3d.csv
800,2,2,0,3e.csv
800,8,4,4,3f.csv
800,0,0,0,3g.csv
801,2,2,0,1a.csv
801,4,4,0,1b.csv
801,3,2,1,1c.csv
801,1,1,0,1e.csv
801,15,12,3,1f.csv
801,0,0,0,1g.csv
801,2,2,0,1h.csv
801,0,0,0,1i.csv
801,0,0,0,1j.csv
801,0,0,0,1k.csv
801,1,0,1,1l.csv
801,3,3,0,1m.csv
801,3,3,0,2a.csv
801,0,0,0,2b.csv
801,3,2,1,2c.csv
801,0,0,0,2d.csv
801,2,1,1,2e.csv
801,0,0,0,2f.csv
801,2,1,1,2g.csv
801,0,0,0,2h.csv
801,0,0,0,2i.csv
801,0,0,0,2j.csv
801,3,3,0,2k.csv
801,2,1,1,2l.csv
801,56,53,3,3a.csv
801,5,3,2,3b.csv
801,2,2,0,3c.csv
801,2,2,0,3d.csv
801,1,1,0,3e.csv
801,9,5,4,3f.csv
801,0,0,0,3g.csv
802,2,2,0,1a.csv
802,6,6,0,1b.csv
802,5,3,2,1c.csv
802,1,1,0,1e.csv
802,15,12,3,1f.csv
802,0,0,0,1g.csv
802,2,2,0,1h.csv
802,0,0,0,1i.csv
802,0,0,0,1j.csv
802,0,0,0,1k.csv
802,1,0,1,1l.csv
802,4,4,0,1m.csv
802,2,2,0,2a.csv
802,0,0,0,2b.csv
802,3,2,1,2c.csv
802,1,1,0,2d.csv
802,2,1,1,2e.csv
802,0,0,0,2f.csv
802,3,2,1,2g.csv
802,0,0,0,2h.csv
802,0,0,0,2i.csv
802,0,0,0,2j.csv
802,1,1,0,2k.csv
802,2,1,1,2l.csv
802,55,53,2,3a.csv
802,6,4,2,3b.csv
802,2,2,0,3c.csv
802,2,2,0,3d.csv
802,1,1,0,3e.csv
802,10,5,5,3f.csv
802,0,0,0,3g.csv
803,3,3,0,1a.csv
803,6,6,0,1b.csv
803,6,3,3,1c.csv
803,1,1,0,1e.csv
803,15,11,4,1f.csv
803,0,0,0,1g.csv
803,2,2,0,1h.csv
803,0,0,0,1i.csv
803,0,0,0,1j.csv
803,0,0,0,1k.csv
803,1,0,1,1l.csv
803,4,4,0,1m.csv
803,2,2,0,2a.csv
803,0,0,0,2b.csv
803,2,2,0,2c.csv
803,1,1,0,2d.csv
803,2,1,1,2e.csv
803,0,0,0,2f.csv
803,2,2,0,2g.csv
803,0,0,0,2h.csv
803,0,0,0,2i.csv
803,0,0,0,2j.csv
803,1,1,0,2k.csv
803,1,1,0,2l.csv
803,49,48,1,3a.csv
803,5,4,1,3b.csv
803,2,2,0,3c.csv
803,2,2,0,3d.csv
803,1,1,0,3e.csv
803,8,5,3,3f.csv
803,0,0,0,3g.csv
804,4,4,0,1a.csv
804,5,5,0,1b.csv
804,6,3,3,1c.csv
804,0,0,0,1e.csv
804,15,12,3,1f.csv
804,0,0,0,1g.csv
804,2,2,0,1h.csv
804,1,0,1,1i.csv
804,0,0,0,1j.csv
804,0,0,0,1k.csv
804,0,0,0,1l.csv
804,4,4,0,1m.csv
804,3,3,0,2a.csv
804,0,0,0,2b.csv
804,2,2,0,2c.csv
804,1,1,0,2d.csv
804,1,1,0,2e.csv
804,0,0,0,2f.csv
804,2,2,0,2g.csv
804,0,0,0,2h.csv
804,0,0,0,2i.csv
804,0,0,0,2j.csv
804,0,0,0,2k.csv
804,1,1,0,2l.csv
804,48,47,1,3a.csv
804,5,4,1,3b.csv
804,2,2,0,3c.csv
804,2,2,0,3d.csv
804,2,2,0,3e.csv
804,9,5,4,3f.csv
804,0,0,0,3g.csv
805,5,4,1,1a.csv
805,4,4,0,1b.csv
805,6,3,3,1c.csv
805,0,0,0,1e.csv
805,17,13,4,1f.csv
805,0,0,0,1g.csv
805,1,1,0,1h.csv
805,1,0,1,1i.csv
805,0,0,0,1j.csv
805,0,0,0,1k.csv
805,0,0,0,1l.csv
805,3,3,0,1m.csv
805,1,1,0,2a.csv
805,0,0,0,2b.csv
805,3,2,1,2c.csv
805,1,1,0,2d.csv
805,1,1,0,2e.csv
805,0,0,0,2f.csv
805,2,2,0,2g.csv
805,0,0,0,2h.csv
805,0,0,0,2i.csv
805,0,0,0,2j.csv
805,0,0,0,2k.csv
805,1,1,0,2l.csv
805,41,40,1,3a.csv
805,7,5,2,3b.csv
805,3,3,0,3c.csv
805,3,3,0,3d.csv
805,2,2,0,3e.csv
805,7,5,2,3f.csv
805,0,0,0,3g.csv
806,6,4,2,1a.csv
806,5,5,0,1b.csv
806,7,4,3,1c.csv
806,0,0,0,1e.csv
806,16,13,3,1f.csv
806,0,0,0,1g.csv
806,1,1,0,1h.csv
806,1,0,1,1i.csv
806,0,0,0,1j.csv
806,0,0,0,1k.csv
806,0,0,0,1l.csv
806,3,3,0,1m.csv
806,2,2,0,2a.csv
806,0,0,0,2b.csv
806,2,1,1,2c.csv
806,1,1,0,2d.csv
806,1,1,0,2e.csv
806,0,0,0,2f.csv
806,3,3,0,2g.csv
806,0,0,0,2h.csv
806,0,0,0,2i.csv
806,0,0,0,2j.csv
806,0,0,0,2k.csv
806,0,0,0,2l.csv
806,37,36,1,3a.csv
806,6,5,1,3b.csv
806,3,3,0,3c.csv
806,3,3,0,3d.csv
806,2,2,0,3e.csv
806,10,6,4,3f.csv
806,1,1,0,3g.csv
807,8,6,2,1a.csv
807,5,5,0,1b.csv
807,6,4,2,1c.csv
807,0,0,0,1e.csv
807,16,13,3,1f.csv
807,0,0,0,1g.csv
807,1,1,0,1h.csv
807,1,0,1,1i.csv
807,0,0,0,1j.csv
807,0,0,0,1k.csv
807,0,0,0,1l.csv
807,3,3,0,1m.csv
807,2,2,0,2a.csv
807,0,0,0,2b.csv
807,2,1,1,2c.csv
807,1,1,0,2d.csv
807,1,1,0,2e.csv
807,0,0,0,2f.csv
807,3,3,0,2g.csv
807,0,0,0,2h.csv
807,0,0,0,2i.csv
807,0,0,0,2j.csv
807,0,0,0,2k.csv
807,0,0,0,2l.csv
807,34,33,1,3a.csv
807,7,6,1,3b.csv
807,3,3,0,3c.csv
807,3,3,0,3d.csv
807,2,2,0,3e.csv
807,8,4,4,3f.csv
807,1,1,0,3g.csv
808,7,5,2,1a.csv
808,4,4,0,1b.csv
808,6,4,2,1c.csv
808,0,0,0,1e.csv
808,17,13,4,1f.csv
808,0,0,0,1g.csv
808,1,1,0,1h.csv
808,1,0,1,1i.csv
808,0,0,0,1j.csv
808,0,0,0,1k.csv
808,0,0,0,1l.csv
808,2,2,0,1m.csv
808,4,4,0,2a.csv
808,0,0,0,2b.csv
808,2,1,1,2c.csv
808,1,1,0,2d.csv
808,1,1,0,2e.csv
808,0,0,0,2f.csv
808,3,2,1,2g.csv
808,0,0,0,2h.csv
808,0,0,0,2i.csv
808,0,0,0,2j.csv
808,0,0,0,2k.csv
808,0,0,0,2l.csv
808,33,31,2,3a.csv
808,4,3,1,3b.csv
808,2,2,0,3c.csv
808,2,2,0,3d.csv
808,2,2,0,3e.csv
808,9,4,5,3f.csv
808,1,1,0,3g.csv
809,7,5,2,1a.csv
809,4,4,0,1b.csv
809,6,3,3,1c.csv
809,0,0,0,1e.csv
809,13,9,4,1f.csv
809,0,0,0,1g.csv
809,0,0,0,1h.csv
809,1,0,1,1i.csv
809,0,0,0,1j.csv
809,0,0,0,1k.csv
809,0,0,0,1l.csv
809,1,1,0,1m.csv
809,5,5,0,2a.csv
809,0,0,0,2b.csv
809,2,1,1,2c.csv
809,1,1,0,2d.csv
809,0,0,0,2e.csv
809,0,0,0,2f.csv
809,5,4,1,2g.csv
809,0,0,0,2h.csv
809,0,0,0,2i.csv
809,0,0,0,2j.csv
809,0,0,0,2k.csv
809,0,0,0,2l.csv
809,27,24,3,3a.csv
809,5,4,1,3b.csv
809,1,1,0,3c.csv
809,1,1,0,3d.csv
809,2,2,0,3e.csv
809,9,4,5,3f.csv
809,1,1,0,3g.csv
810,8,6,2,1a.csv
810,2,2,0,1b.csv
810,5,3,2,1c.csv
810,0,0,0,1e.csv
810,13,9,4,1f.csv
810,0,0,0,1g.csv
810,0,0,0,1h.csv
810,1,0,1,1i.csv
810,0,0,0,1j.csv
810,0,0,0,1k.csv
810,0,0,0,1l.csv
810,0,0,0,1m.csv
810,5,5,0,2a.csv
810,0,0,0,2b.csv
810,2,1,1,2c.csv
810,0,0,0,2d.csv
810,0,0,0,2e.csv
810,0,0,0,2f.csv
810,4,3,1,2g.csv
810,0,0,0,2h.csv
810,0,0,0,2i.csv
810,0,0,0,2j.csv
810,0,0,0,2k.csv
810,0,0,0,2l.csv
810,28,24,4,3a.csv
810,6,5,1,3b.csv
810,2,2,0,3c.csv
810,2,2,0,3d.csv
810,2,2,0,3e.csv
810,9,5,4,3f.csv
810,1,1,0,3g.csv
811,9,7,2,1a.csv
811,2,2,0,1b.csv
811,6,5,1,1c.csv
811,1,0,1,1e.csv
811,12,8,4,1f.csv
811,0,0,0,1g.csv
811,0,0,0,1h.csv
811,1,0,1,1i.csv
811,0,0,0,1j.csv
811,0,0,0,1k.csv
811,0,0,0,1l.csv
811,0,0,0,1m.csv
811,5,5,0,2a.csv
811,0,0,0,2b.csv
811,2,1,1,2c.csv
811,0,0,0,2d.csv
811,0,0,0,2e.csv
811,0,0,0,2f.csv
811,4,3,1,2g.csv
811,0,0,0,2h.csv
811,0,0,0,2i.csv
811,0,0,0,2j.csv
811,0,0,0,2k.csv
811,0,0,0,2l.csv
811,25,21,4,3a.csv
811,10,9,1,3b.csv
811,3,3,0,3c.csv
811,3,3,0,3d.csv
811,3,3,0,3e.csv
811,10,6,4,3f.csv
811,1,1,0,3g.csv
812,9,7,2,1a.csv
812,3,2,1,1b.csv
812,8,7,1,1c.csv
812,1,0,1,1e.csv
812,11,6,5,1f.csv
812,0,0,0,1g.csv
812,0,0,0,1h.csv
812,0,0,0,1i.csv
812,0,0,0,1j.csv
812,0,0,0,1k.csv
812,0,0,0,1l.csv
812,0,0,0,1m.csv
812,4,4,0,2a.csv
812,0,0,0,2b.csv
812,2,1,1,2c.csv
812,0,0,0,2d.csv
812,0,0,0,2e.csv
812,0,0,0,2f.csv
812,4,3,1,2g.csv
812,0,0,0,2h.csv
812,0,0,0,2i.csv
812,0,0,0,2j.csv
812,0,0,0,2k.csv
812,0,0,0,2l.csv
812,23,18,5,3a.csv
812,13,12,1,3b.csv
812,4,4,0,3c.csv
812,4,4,0,3d.csv
812,3,3,0,3e.csv
812,8,5,3,3f.csv
812,1,1,0,3g.csv
813,8,7,1,1a.csv
813,3,2,1,1b.csv
813,9,8,1,1c.csv
813,1,0,1,1e.csv
813,7,3,4,1f.csv
813,0,0,0,1g.csv
813,2,2,0,1h.csv
813,0,0,0,1i.csv
813,0,0,0,1j.csv
813,0,0,0,1k.csv
813,0,0,0,1l.csv
813,0,0,0,1m.csv
813,5,5,0,2a.csv
813,0,0,0,2b.csv
813,1,1,0,2c.csv
813,0,0,0,2d.csv
813,0,0,0,2e.csv
813,0,0,0,2f.csv
813,4,3,1,2g.csv
813,0,0,0,2h.csv
813,0,0,0,2i.csv
813,0,0,0,2j.csv
813,0,0,0,2k.csv
813,1,0,1,2l.csv
813,22,17,5,3a.csv
813,13,13,0,3b.csv
813,3,3,0,3c.csv
813,3,3,0,3d.csv
813,5,5,0,3e.csv
813,8,4,4,3f.csv
813,1,1,0,3g.csv
814,9,9,0,1a.csv
814,2,1,1,1b.csv
814,11,10,1,1c.csv
814,1,0,1,1e.csv
814,7,3,4,1f.csv
814,0,0,0,1g.csv
814,2,2,0,1h.csv
814,0,0,0,1i.csv
814,0,0,0,1j.csv
814,0,0,0,1k.csv
814,0,0,0,1l.csv
814,0,0,0,1m.csv
814,5,5,0,2a.csv
814,0,0,0,2b.csv
814,2,2,0,2c.csv
814,0,0,0,2d.csv
814,0,0,0,2e.csv
814,0,0,0,2f.csv
814,3,2,1,2g.csv
814,0,0,0,2h.csv
814,0,0,0,2i.csv
814,0,0,0,2j.csv
814,0,0,0,2k.csv
814,1,0,1,2l.csv
814,19,14,5,3a.csv
814,18,18,0,3b.csv
814,3,3,0,3c.csv
814,3,3,0,3d.csv
814,5,5,0,3e.csv
814,5,3,2,3f.csv
814,0,0,0,3g.csv
815,8,8,0,1a.csv
815,1,0,1,1b.csv
815,11,10,1,1c.csv
815,1,0,1,1e.csv
815,10,6,4,1f.csv
815,0,0,0,1g.csv
815,2,2,0,1h.csv
815,0,0,0,1i.csv
815,0,0,0,1j.csv
815,0,0,0,1k.csv
815,0,0,0,1l.csv
815,0,0,0,1m.csv
815,5,5,0,2a.csv
815,0,0,0,2b.csv
815,1,1,0,2c.csv
815,0,0,0,2d.csv
815,0,0,0,2e.csv
815,0,0,0,2f.csv
815,3,2,1,2g.csv
815,0,0,0,2h.csv
815,0,0,0,2i.csv
815,0,0,0,2j.csv
815,0,0,0,2k.csv
815,1,0,1,2l.csv
815,18,12,6,3a.csv
815,19,19,0,3b.csv
815,3,3,0,3c.csv
815,3,3,0,3d.csv
815,7,5,2,3e.csv
815,5,3,2,3f.csv
815,0,0,0,3g.csv
816,8,8,0,1a.csv
816,1,0,1,1b.csv
816,12,11,1,1c.csv
816,1,0,1,1e.csv
816,9,6,3,1f.csv
816,0,0,0,1g.csv
816,2,2,0,1h.csv
816,0,0,0,1i.csv
816,0,0,0,1j.csv
816,0,0,0,1k.csv
816,0,0,0,1l.csv
816,0,0,0,1m.csv
816,3,3,0,2a.csv
816,0,0,0,2b.csv
816,1,1,0,2c.csv
816,0,0,0,2d.csv
816,0,0,0,2e.csv
816,1,1,0,2f.csv
816,2,2,0,2g.csv
816,0,0,0,2h.csv
816,0,0,0,2i.csv
816,0,0,0,2j.csv
816,0,0,0,2k.csv
816,1,0,1,2l.csv
816,15,11,4,3a.csv
816,23,23,0,3b.csv
816,3,3,0,3c.csv
816,3,3,0,3d.csv
816,8,6,2,3e.csv
816,4,3,1,3f.csv
816,0,0,0,3g.csv
817,8,8,0,1a.csv
817,1,0,1,1b.csv
817,11,11,0,1c.csv
817,1,0,1,1e.csv
817,8,6,2,1f.csv
817,0,0,0,1g.csv
817,2,2,0,1h.csv
817,0,0,0,1i.csv
817,0,0,0,1j.csv
817,0,0,0,1k.csv
817,0,0,0,1l.csv
817,0,0,0,1m.csv
817,4,4,0,2a.csv
817,0,0,0,2b.csv
817,1,1,0,2c.csv
817,0,0,0,2d.csv
817,0,0,0,2e.csv
817,1,1,0,2f.csv
817,0,0,0,2g.csv
817,0,0,0,2h.csv
817,0,0,0,2i.csv
817,0,0,0,2j.csv
817,0,0,0,2k.csv
817,1,0,1,2l.csv
817,13,10,3,3a.csv
817,24,24,0,3b.csv
817,3,3,0,3c.csv
817,3,3,0,3d.csv
817,9,7,2,3e.csv
817,4,3,1,3f.csv
817,0,0,0,3g.csv
818,8,8,0,1a.csv
818,1,0,1,1b.csv
818,10,10,0,1c.csv
818,1,0,1,1e.csv
818,7,5,2,1f.csv
818,0,0,0,1g.csv
818,2,2,0,1h.csv
818,0,0,0,1i.csv
818,0,0,0,1j.csv
818,0,0,0,1k.csv
818,0,0,0,1l.csv
818,0,0,0,1m.csv
818,4,4,0,2a.csv
818,0,0,0,2b.csv
818,1,1,0,2c.csv
818,0,0,0,2d.csv
818,2,2,0,2e.csv
818,1,1,0,2f.csv
818,1,1,0,2g.csv
818,0,0,0,2h.csv
818,0,0,0,2i.csv
818,0,0,0,2j.csv
818,0,0,0,2k.csv
818,1,0,1,2l.csv
818,12,10,2,3a.csv
818,23,22,1,3b.csv
818,2,2,0,3c.csv
818,2,2,0,3d.csv
818,11,9,2,3e.csv
818,5,4,1,3f.csv
818,0,0,0,3g.csv
819,7,7,0,1a.csv
819,1,0,1,1b.csv
819,9,8,1,1c.csv
819,1,1,0,1e.csv
819,8,7,1,1f.csv
819,0,0,0,1g.csv
819,2,2,0,1h.csv
819,0,0,0,1i.csv
819,0,0,0,1j.csv
819,0,0,0,1k.csv
819,0,0,0,1l.csv
819,0,0,0,1m.csv
819,4,4,0,2a.csv
819,0,0,0,2b.csv
819,1,1,0,2c.csv
819,0,0,0,2d.csv
819,2,2,0,2e.csv
819,1,1,0,2f.csv
819,1,1,0,2g.csv
819,0,0,0,2h.csv
819,0,0,0,2i.csv
819,0,0,0,2j.csv
819,0,0,0,2k.csv
819,2,1,1,2l.csv
819,13,11,2,3a.csv
819,21,20,1,3b.csv
819,1,1,0,3c.csv
819,1,1,0,3d.csv
819,13,11,2,3e.csv
819,6,5,1,3f.csv
819,0,0,0,3g.csv
820,6,6,0,1a.csv
820,0,0,0,1b.csv
820,7,6,1,1c.csv
820,1,1,0,1e.csv
820,8,7,1,1f.csv
820,1,1,0,1g.csv
820,2,2,0,1h.csv
820,0,0,0,1i.csv
820,0,0,0,1j.csv
820,0,0,0,1k.csv
820,1,1,0,1l.csv
820,0,0,0,1m.csv
820,5,5,0,2a.csv
820,0,0,0,2b.csv
820,1,1,0,2c.csv
820,0,0,0,2d.csv
820,2,2,0,2e.csv
820,1,1,0,2f.csv
820,1,1,0,2g.csv
820,0,0,0,2h.csv
820,0,0,0,2i.csv
820,0,0,0,2j.csv
820,0,0,0,2k.csv
820,2,1,1,2l.csv
820,12,10,2,3a.csv
820,20,19,1,3b.csv
820,1,1,0,3c.csv
820,1,1,0,3d.csv
820,14,12,2,3e.csv
820,6,5,1,3f.csv
820,0,0,0,3g.csv
821,6,6,0,1a.csv
821,0,0,0,1b.csv
821,6,5,1,1c.csv
821,1,1,0,1e.csv
821,7,6,1,1f.csv
821,1,1,0,1g.csv
821,0,0,0,1h.csv
821,0,0,0,1i.csv
821,0,0,0,1j.csv
821,0,0,0,1k.csv
821,1,1,0,1l.csv
821,0,0,0,1m.csv
821,5,5,0,2a.csv
821,0,0,0,2b.csv
821,1,1,0,2c.csv
821,0,0,0,2d.csv
821,2,2,0,2e.csv
821,1,1,0,2f.csv
821,1,1,0,2g.csv
821,0,0,0,2h.csv
821,0,0,0,2i.csv
821,0,0,0,2j.csv
821,0,0,0,2k.csv
821,2,2,0,2l.csv
821,12,10,2,3a.csv
821,19,18,1,3b.csv
821,4,4,0,3c.csv
821,4,4,0,3d.csv
821,12,10,2,3e.csv
821,5,5,0,3f.csv
821,0,0,0,3g.csv
822,5,5,0,1a.csv
822,0,0,0,1b.csv
822,3,2,1,1c.csv
822,1,1,0,1e.csv
822,7,6,1,1f.csv
822,1,1,0,1g.csv
822,0,0,0,1h.csv
822,0,0,0,1i.csv
822,0,0,0,1j.csv
822,0,0,0,1k.csv
822,2,2,0,1l.csv
822,0,0,0,1m.csv
822,4,4,0,2a.csv
822,0,0,0,2b.csv
822,0,0,0,2c.csv
822,0,0,0,2d.csv
822,2,2,0,2e.csv
822,1,1,0,2f.csv
822,1,1,0,2g.csv
822,0,0,0,2h.csv
822,0,0,0,2i.csv
822,0,0,0,2j.csv
822,0,0,0,2k.csv
822,3,3,0,2l.csv
822,11,9,2,3a.csv
822,14,13,1,3b.csv
822,4,4,0,3c.csv
822,4,4,0,3d.csv
822,12,10,2,3e.csv
822,6,5,1,3f.csv
822,1,1,0,3g.csv
823,4,4,0,1a.csv
823,0,0,0,1b.csv
823,2,1,1,1c.csv
823,1,1,0,1e.csv
823,3,2,1,1f.csv
823,1,1,0,1g.csv
823,0,0,0,1h.csv
823,0,0,0,1i.csv
823,0,0,0,1j.csv
823,0,0,0,1k.csv
823,2,2,0,1l.csv
823,0,0,0,1m.csv
823,4,4,0,2a.csv
823,0,0,0,2b.csv
823,0,0,0,2c.csv
823,0,0,0,2d.csv
823,2,2,0,2e.csv
823,1,1,0,2f.csv
823,1,1,0,2g.csv
823,0,0,0,2h.csv
823,0,0,0,2i.csv
823,0,0,0,2j.csv
823,0,0,0,2k.csv
823,3,3,0,2l.csv
823,11,10,1,3a.csv
823,13,12,1,3b.csv
823,4,4,0,3c.csv
823,4,4,0,3d.csv
823,9,9,0,3e.csv
823,7,6,1,3f.csv
823,2,2,0,3g.csv
824,5,5,0,1a.csv
824,0,0,0,1b.csv
824,1,0,1,1c.csv
824,1,1,0,1e.csv
824,4,3,1,1f.csv
824,1,1,0,1g.csv
824,0,0,0,1h.csv
824,0,0,0,1i.csv
824,0,0,0,1j.csv
824,0,0,0,1k.csv
824,2,2,0,1l.csv
824,0,0,0,1m.csv
824,5,5,0,2a.csv
824,0,0,0,2b.csv
824,0,0,0,2c.csv
824,0,0,0,2d.csv
824,2,2,0,2e.csv
824,0,0,0,2f.csv
824,1,1,0,2g.csv
824,0,0,0,2h.csv
824,0,0,0,2i.csv
824,0,0,0,2j.csv
824,0,0,0,2k.csv
824,3,3,0,2l.csv
824,10,9,1,3a.csv
824,10,9,1,3b.csv
824,4,4,0,3c.csv
824,4,4,0,3d.csv
824,10,10,0,3e.csv
824,7,6,1,3f.csv
824,2,2,0,3g.csv
825,6,6,0,1a.csv
825,0,0,0,1b.csv
825,1,0,1,1c.csv
825,2,2,0,1e.csv
825,4,3,1,1f.csv
825,1,1,0,1g.csv
825,0,0,0,1h.csv
825,0,0,0,1i.csv
825,0,0,0,1j.csv
825,0,0,0,1k.csv
825,2,2,0,1l.csv
825,0,0,0,1m.csv
825,4,4,0,2a.csv
825,0,0,0,2b.csv
825,0,0,0,2c.csv
825,0,0,0,2d.csv
825,2,2,0,2e.csv
825,0,0,0,2f.csv
825,1,1,0,2g.csv
825,0,0,0,2h.csv
825,0,0,0,2i.csv
825,0,0,0,2j.csv
825,0,0,0,2k.csv
825,4,3,1,2l.csv
825,12,11,1,3a.csv
825,9,8,1,3b.csv
825,4,4,0,3c.csv
825,4,4,0,3d.csv
825,9,9,0,3e.csv
825,6,5,1,3f.csv
825,3,3,0,3g.csv
826,5,5,0,1a.csv
826,0,0,0,1b.csv
826,2,1,1,1c.csv
826,2,2,0,1e.csv
826,5,3,2,1f.csv
826,1,1,0,1g.csv
826,0,0,0,1h.csv
826,0,0,0,1i.csv
826,0,0,0,1j.csv
826,0,0,0,1k.csv
826,2,2,0,1l.csv
826,0,0,0,1m.csv
826,6,6,0,2a.csv
826,0,0,0,2b.csv
826,0,0,0,2c.csv
826,0,0,0,2d.csv
826,0,0,0,2e.csv
826,0,0,0,2f.csv
826,0,0,0,2g.csv
826,0,0,0,2h.csv
826,0,0,0,2i.csv
826,0,0,0,2j.csv
826,0,0,0,2k.csv
826,4,3,1,2l.csv
826,8,7,1,3a.csv
826,9,9,0,3b.csv
826,4,4,0,3c.csv
826,4,4,0,3d.csv
826,7,7,0,3e.csv
826,4,3,1,3f.csv
826,3,3,0,3g.csv
827,5,4,1,1a.csv
827,0,0,0,1b.csv
827,2,1,1,1c.csv
827,1,1,0,1e.csv
827,3,1,2,1f.csv
827,1,1,0,1g.csv
827,0,0,0,1h.csv
827,0,0,0,1i.csv
827,0,0,0,1j.csv
827,0,0,0,1k.csv
827,3,3,0,1l.csv
827,0,0,0,1m.csv
827,7,7,0,2a.csv
827,0,0,0,2b.csv
827,0,0,0,2c.csv
827,0,0,0,2d.csv
827,0,0,0,2e.csv
827,0,0,0,2f.csv
827,0,0,0,2g.csv
827,0,0,0,2h.csv
827,0,0,0,2i.csv
827,0,0,0,2j.csv
827,0,0,0,2k.csv
827,3,2,1,2l.csv
827,11,9,2,3a.csv
827,8,8,0,3b.csv
827,4,4,0,3c.csv
827,4,4,0,3d.csv
827,6,6,0,3e.csv
827,2,1,1,3f.csv
827,4,4,0,3g.csv
828,6,5,1,1a.csv
828,0,0,0,1b.csv
828,5,3,2,1c.csv
828,1,1,0,1e.csv
828,3,2,1,1f.csv
828,0,0,0,1g.csv
828,1,1,0,1h.csv
828,0,0,0,1i.csv
828,0,0,0,1j.csv
828,0,0,0,1k.csv
828,2,2,0,1l.csv
828,1,1,0,1m.csv
828,8,8,0,2a.csv
828,0,0,0,2b.csv
828,1,0,1,2c.csv
828,0,0,0,2d.csv
828,0,0,0,2e.csv
828,0,0,0,2f.csv
828,0,0,0,2g.csv
828,0,0,0,2h.csv
828,0,0,0,2i.csv
828,0,0,0,2j.csv
828,0,0,0,2k.csv
828,3,2,1,2l.csv
828,13,11,2,3a.csv
828,7,7,0,3b.csv
828,4,4,0,3c.csv
828,4,4,0,3d.csv
828,6,6,0,3e.csv
828,2,1,1,3f.csv
828,4,4,0,3g.csv
829,8,7,1,1a.csv
829,0,0,0,1b.csv
829,5,3,2,1c.csv
829,1,1,0,1e.csv
829,5,3,2,1f.csv
829,0,0,0,1g.csv
829,1,1,0,1h.csv
829,0,0,0,1i.csv
829,0,0,0,1j.csv
829,1,1,0,1k.csv
829,2,2,0,1l.csv
829,1,1,0,1m.csv
829,8,8,0,2a.csv
829,0,0,0,2b.csv
829,2,1,1,2c.csv
829,0,0,0,2d.csv
829,0,0,0,2e.csv
829,0,0,0,2f.csv
829,0,0,0,2g.csv
829,0,0,0,2h.csv
829,0,0,0,2i.csv
829,0,0,0,2j.csv
829,0,0,0,2k.csv
829,2,1,1,2l.csv
829,13,11,2,3a.csv
829,8,7,1,3b.csv
829,1,1,0,3c.csv
829,1,1,0,3d.csv
829,7,7,0,3e.csv
829,3,1,2,3f.csv
829,4,4,0,3g.csv
830,8,7,1,1a.csv
830,0,0,0,1b.csv
830,6,4,2,1c.csv
830,1,1,0,1e.csv
830,5,3,2,1f.csv
830,0,0,0,1g.csv
830,1,1,0,1h.csv
830,0,0,0,1i.csv
830,0,0,0,1j.csv
830,1,1,0,1k.csv
830,1,1,0,1l.csv
830,1,1,0,1m.csv
830,10,10,0,2a.csv
830,0,0,0,2b.csv
830,2,1,1,2c.csv
830,0,0,0,2d.csv
830,0,0,0,2e.csv
830,0,0,0,2f.csv
830,1,1,0,2g.csv
830,0,0,0,2h.csv
830,0,0,0,2i.csv
830,0,0,0,2j.csv
830,0,0,0,2k.csv
830,1,0,1,2l.csv
830,15,13,2,3a.csv
830,8,7,1,3b.csv
830,3,2,1,3c.csv
830,3,2,1,3d.csv
830,9,8,1,3e.csv
830,2,1,1,3f.csv
830,3,3,0,3g.csv
831,9,8,1,1a.csv
831,0,0,0,1b.csv
831,6,4,2,1c.csv
831,1,1,0,1e.csv
831,6,4,2,1f.csv
831,0,0,0,1g.csv
831,1,1,0,1h.csv
831,0,0,0,1i.csv
831,0,0,0,1j.csv
831,1,1,0,1k.csv
831,2,2,0,1l.csv
831,1,1,0,1m.csv
831,10,10,0,2a.csv
831,0,0,0,2b.csv
831,4,1,3,2c.csv
831,0,0,0,2d.csv
831,0,0,0,2e.csv
831,0,0,0,2f.csv
831,1,1,0,2g.csv
831,0,0,0,2h.csv
831,0,0,0,2i.csv
831,0,0,0,2j.csv
831,0,0,0,2k.csv
831,2,0,2,2l.csv
831,15,13,2,3a.csv
831,8,6,2,3b.csv
831,5,4,1,3c.csv
831,5,4,1,3d.csv
831,10,9,1,3e.csv
831,2,0,2,3f.csv
831,2,2,0,3g.csv
832,8,7,1,1a.csv
832,0,0,0,1b.csv
832,6,4,2,1c.csv
832,1,1,0,1e.csv
832,6,4,2,1f.csv
832,0,0,0,1g.csv
832,1,1,0,1h.csv
832,0,0,0,1i.csv
832,0,0,0,1j.csv
832,1,1,0,1k.csv
832,2,2,0,1l.csv
832,1,1,0,1m.csv
832,9,9,0,2a.csv
832,0,0,0,2b.csv
832,4,1,3,2c.csv
832,0,0,0,2d.csv
832,0,0,0,2e.csv
832,0,0,0,2f.csv
832,1,1,0,2g.csv
832,0,0,0,2h.csv
832,0,0,0,2i.csv
832,0,0,0,2j.csv
832,0,0,0,2k.csv
832,2,0,2,2l.csv
832,14,12,2,3a.csv
832,8,6,2,3b.csv
832,9,8,1,3c.csv
832,9,8,1,3d.csv
832,9,8,1,3e.csv
832,2,0,2,3f.csv
832,2,2,0,3g.csv
833,7,6,1,1a.csv
833,0,0,0,1b.csv
833,8,6,2,1c.csv
833,0,0,0,1e.csv
833,7,5,2,1f.csv
833,0,0,0,1g.csv
833,1,1,0,1h.csv
833,0,0,0,1i.csv
833,0,0,0,1j.csv
833,1,1,0,1k.csv
833,2,2,0,1l.csv
833,1,1,0,1m.csv
833,9,9,0,2a.csv
833,0,0,0,2b.csv
833,4,1,3,2c.csv
833,0,0,0,2d.csv
833,0,0,0,2e.csv
833,0,0,0,2f.csv
833,1,1,0,2g.csv
833,0,0,0,2h.csv
833,0,0,0,2i.csv
833,0,0,0,2j.csv
833,0,0,0,2k.csv
833,1,0,1,2l.csv
833,14,12,2,3a.csv
833,9,5,4,3b.csv
833,10,9,1,3c.csv
833,10,9,1,3d.csv
833,10,9,1,3e.csv
833,2,0,2,3f.csv
833,1,1,0,3g.csv
834,8,7,1,1a.csv
834,0,0,0,1b.csv
834,7,5,2,1c.csv
834,0,0,0,1e.csv
834,7,6,1,1f.csv
834,0,0,0,1g.csv
834,1,1,0,1h.csv
834,0,0,0,1i.csv
834,0,0,0,1j.csv
834,1,1,0,1k.csv
834,3,3,0,1l.csv
834,1,1,0,1m.csv
834,7,7,0,2a.csv
834,0,0,0,2b.csv
834,4,1,3,2c.csv
834,0,0,0,2d.csv
834,0,0,0,2e.csv
834,0,0,0,2f.csv
834,1,1,0,2g.csv
834,0,0,0,2h.csv
834,0,0,0,2i.csv
834,0,0,0,2j.csv
834,0,0,0,2k.csv
834,1,0,1,2l.csv
834,14,12,2,3a.csv
834,12,8,4,3b.csv
834,12,11,1,3c.csv
834,12,11,1,3d.csv
834,13,11,2,3e.csv
834,2,0,2,3f.csv
834,1,1,0,3g.csv
835,7,7,0,1a.csv
835,0,0,0,1b.csv
835,6,5,1,1c.csv
835,0,0,0,1e.csv
835,8,7,1,1f.csv
835,0,0,0,1g.csv
835,1,1,0,1h.csv
835,0,0,0,1i.csv
835,0,0,0,1j.csv
835,1,1,0,1k.csv
835,2,2,0,1l.csv
835,1,1,0,1m.csv
835,6,6,0,2a.csv
835,0,0,0,2b.csv
835,4,1,3,2c.csv
835,0,0,0,2d.csv
835,0,0,0,2e.csv
835,0,0,0,2f.csv
835,1,1,0,2g.csv
835,0,0,0,2h.csv
835,0,0,0,2i.csv
835,0,0,0,2j.csv
835,0,0,0,2k.csv
835,1,0,1,2l.csv
835,10,9,1,3a.csv
835,13,9,4,3b.csv
835,13,11,2,3c.csv
835,13,11,2,3d.csv
835,12,10,2,3e.csv
835,2,0,2,3f.csv
835,0,0,0,3g.csv
836,6,6,0,1a.csv
836,0,0,0,1b.csv
836,4,4,0,1c.csv
836,0,0,0,1e.csv
836,7,6,1,1f.csv
836,0,0,0,1g.csv
836,0,0,0,1h.csv
836,0,0,0,1i.csv
836,0,0,0,1j.csv
836,1,1,0,1k.csv
836,2,2,0,1l.csv
836,0,0,0,1m.csv
836,6,6,0,2a.csv
836,0,0,0,2b.csv
836,3,1,2,2c.csv
836,0,0,0,2d.csv
836,0,0,0,2e.csv
836,0,0,0,2f.csv
836,1,1,0,2g.csv
836,0,0,0,2h.csv
836,0,0,0,2i.csv
836,0,0,0,2j.csv
836,0,0,0,2k.csv
836,1,0,1,2l.csv
836,8,8,0,3a.csv
836,16,12,4,3b.csv
836,13,10,3,3c.csv
836,13,10,3,3d.csv
836,10,8,2,3e.csv
836,2,0,2,3f.csv
836,0,0,0,3g.csv
837,5,5,0,1a.csv
837,0,0,0,1b.csv
837,6,5,1,1c.csv
837,0,0,0,1e.csv
837,5,5,0,1f.csv
837,0,0,0,1g.csv
837,0,0,0,1h.csv
837,0,0,0,1i.csv
837,0,0,0,1j.csv
837,0,0,0,1k.csv
837,2,2,0,1l.csv
837,0,0,0,1m.csv
837,5,5,0,2a.csv
837,0,0,0,2b.csv
837,2,0,2,2c.csv
837,0,0,0,2d.csv
837,0,0,0,2e.csv
837,0,0,0,2f.csv
837,2,2,0,2g.csv
837,0,0,0,2h.csv
837,0,0,0,2i.csv
837,0,0,0,2j.csv
837,0,0,0,2k.csv
837,2,1,1,2l.csv
837,10,10,0,3a.csv
837,20,16,4,3b.csv
837,17,12,5,3c.csv
837,17,12,5,3d.csv
837,11,8,3,3e.csv
837,1,0,1,3f.csv
837,0,0,0,3g.csv
838,4,4,0,1a.csv
838,0,0,0,1b.csv
838,5,4,1,1c.csv
838,0,0,0,1e.csv
838,7,6,1,1f.csv
838,0,0,0,1g.csv
838,0,0,0,1h.csv
838,0,0,0,1i.csv
838,0,0,0,1j.csv
838,0,0,0,1k.csv
838,2,2,0,1l.csv
838,0,0,0,1m.csv
838,4,4,0,2a.csv
838,0,0,0,2b.csv
838,2,0,2,2c.csv
838,0,0,0,2d.csv
838,0,0,0,2e.csv
838,0,0,0,2f.csv
838,1,1,0,2g.csv
838,0,0,0,2h.csv
838,0,0,0,2i.csv
838,0,0,0,2j.csv
838,0,0,0,2k.csv
838,2,1,1,2l.csv
838,10,10,0,3a.csv
838,21,17,4,3b.csv
838,18,13,5,3c.csv
838,18,13,5,3d.csv
838,9,7,2,3e.csv
838,1,0,1,3f.csv
838,0,0,0,3g.csv
839,4,4,0,1a.csv
839,1,1,0,1b.csv
839,5,4,1,1c.csv
839,0,0,0,1e.csv
839,8,7,1,1f.csv
839,0,0,0,1g.csv
839,0,0,0,1h.csv
839,0,0,0,1i.csv
839,0,0,0,1j.csv
839,0,0,0,1k.csv
839,1,1,0,1l.csv
839,0,0,0,1m.csv
839,5,5,0,2a.csv
839,0,0,0,2b.csv
839,0,0,0,2c.csv
839,0,0,0,2d.csv
839,0,0,0,2e.csv
839,0,0,0,2f.csv
839,1,1,0,2g.csv
839,0,0,0,2h.csv
839,0,0,0,2i.csv
839,0,0,0,2j.csv
839,0,0,0,2k.csv
839,1,1,0,2l.csv
839,8,8,0,3a.csv
839,21,18,3,3b.csv
839,17,12,5,3c.csv
839,17,12,5,3d.csv
839,8,6,2,3e.csv
839,2,2,0,3f.csv
839,1,1,0,3g.csv
840,5,5,0,1a.csv
840,1,1,0,1b.csv
840,5,4,1,1c.csv
840,0,0,0,1e.csv
840,8,7,1,1f.csv
840,0,0,0,1g.csv
840,0,0,0,1h.csv
840,0,0,0,1i.csv
840,0,0,0,1j.csv
840,0,0,0,1k.csv
840,1,1,0,1l.csv
840,0,0,0,1m.csv
840,7,7,0,2a.csv
840,0,0,0,2b.csv
840,0,0,0,2c.csv
840,0,0,0,2d.csv
840,0,0,0,2e.csv
840,0,0,0,2f.csv
840,1,1,0,2g.csv
840,0,0,0,2h.csv
840,0,0,0,2i.csv
840,0,0,0,2j.csv
840,0,0,0,2k.csv
840,1,1,0,2l.csv
840,9,9,0,3a.csv
840,21,17,4,3b.csv
840,14,9,5,3c.csv
840,14,9,5,3d.csv
840,7,5,2,3e.csv
840,2,2,0,3f.csv
840,1,1,0,3g.csv
841,5,5,0,1a.csv
841,1,1,0,1b.csv
841,3,2,1,1c.csv
841,0,0,0,1e.csv
841,7,6,1,1f.csv
841,0,0,0,1g.csv
841,1,1,0,1h.csv
841,0,0,0,1i.csv
841,0,0,0,1j.csv
841,1,1,0,1k.csv
841,1,1,0,1l.csv
841,0,0,0,1m.csv
841,6,6,0,2a.csv
841,0,0,0,2b.csv
841,0,0,0,2c.csv
841,0,0,0,2d.csv
841,0,0,0,2e.csv
841,0,0,0,2f.csv
841,1,1,0,2g.csv
841,0,0,0,2h.csv
841,0,0,0,2i.csv
841,0,0,0,2j.csv
841,0,0,0,2k.csv
841,1,1,0,2l.csv
841,9,9,0,3a.csv
841,21,18,3,3b.csv
841,14,9,5,3c.csv
841,14,9,5,3d.csv
841,6,4,2,3e.csv
841,3,2,1,3f.csv
841,1,1,0,3g.csv
842,4,4,0,1a.csv
842,1,1,0,1b.csv
842,4,3,1,1c.csv
842,0,0,0,1e.csv
842,10,9,1,1f.csv
842,0,0,0,1g.csv
842,1,1,0,1h.csv
842,0,0,0,1i.csv
842,0,0,0,1j.csv
842,1,1,0,1k.csv
842,0,0,0,1l.csv
842,0,0,0,1m.csv
842,6,6,0,2a.csv
842,0,0,0,2b.csv
842,1,0,1,2c.csv
842,0,0,0,2d.csv
842,0,0,0,2e.csv
842,0,0,0,2f.csv
842,1,1,0,2g.csv
842,0,0,0,2h.csv
842,0,0,0,2i.csv
842,0,0,0,2j.csv
842,0,0,0,2k.csv
842,1,1,0,2l.csv
842,9,9,0,3a.csv
842,19,16,3,3b.csv
842,16,10,6,3c.csv
842,16,10,6,3d.csv
842,3,2,1,3e.csv
842,3,2,1,3f.csv
842,1,1,0,3g.csv
843,3,3,0,1a.csv
843,1,1,0,1b.csv
843,5,4,1,1c.csv
843,0,0,0,1e.csv
843,10,9,1,1f.csv
843,0,0,0,1g.csv
843,1,1,0,1h.csv
843,0,0,0,1i.csv
843,0,0,0,1j.csv
843,1,1,0,1k.csv
843,0,0,0,1l.csv
843,0,0,0,1m.csv
843,7,7,0,2a.csv
843,0,0,0,2b.csv
843,2,0,2,2c.csv
843,0,0,0,2d.csv
843,0,0,0,2e.csv
843,0,0,0,2f.csv
843,1,1,0,2g.csv
843,0,0,0,2h.csv
843,0,0,0,2i.csv
843,0,0,0,2j.csv
843,0,0,0,2k.csv
843,1,1,0,2l.csv
843,9,9,0,3a.csv
843,18,14,4,3b.csv
843,17,11,6,3c.csv
843,17,11,6,3d.csv
843,2,1,1,3e.csv
843,3,2,1,3f.csv
843,1,1,0,3g.csv
844,4,4,0,1a.csv
844,1,1,0,1b.csv
844,5,4,1,1c.csv
844,0,0,0,1e.csv
844,12,10,2,1f.csv
844,0,0,0,1g.csv
844,1,1,0,1h.csv
844,0,0,0,1i.csv
844,0,0,0,1j.csv
844,1,1,0,1k.csv
844,0,0,0,1l.csv
844,0,0,0,1m.csv
844,6,6,0,2a.csv
844,0,0,0,2b.csv
844,2,0,2,2c.csv
844,1,1,0,2d.csv
844,0,0,0,2e.csv
844,1,1,0,2f.csv
844,1,1,0,2g.csv
844,0,0,0,2h.csv
844,0,0,0,2i.csv
844,0,0,0,2j.csv
844,0,0,0,2k.csv
844,1,1,0,2l.csv
844,10,10,0,3a.csv
844,15,11,4,3b.csv
844,19,14,5,3c.csv
844,19,14,5,3d.csv
844,3,1,2,3e.csv
844,4,3,1,3f.csv
844,1,1,0,3g.csv
845,3,3,0,1a.csv
845,3,3,0,1b.csv
845,4,3,1,1c.csv
845,0,0,0,1e.csv
845,12,10,2,1f.csv
845,0,0,0,1g.csv
845,1,1,0,1h.csv
845,0,0,0,1i.csv
845,0,0,0,1j.csv
845,1,1,0,1k.csv
845,0,0,0,1l.csv
845,0,0,0,1m.csv
845,6,6,0,2a.csv
845,0,0,0,2b.csv
845,2,0,2,2c.csv
845,1,1,0,2d.csv
845,0,0,0,2e.csv
845,3,3,0,2f.csv
845,0,0,0,2g.csv
845,0,0,0,2h.csv
845,0,0,0,2i.csv
845,0,0,0,2j.csv
845,0,0,0,2k.csv
845,0,0,0,2l.csv
845,9,8,1,3a.csv
845,12,8,4,3b.csv
845,17,14,3,3c.csv
845,17,14,3,3d.csv
845,1,0,1,3e.csv
845,5,4,1,3f.csv
845,1,1,0,3g.csv
846,4,3,1,1a.csv
846,4,4,0,1b.csv
846,4,3,1,1c.csv
846,0,0,0,1e.csv
846,11,10,1,1f.csv
846,0,0,0,1g.csv
846,1,1,0,1h.csv
846,0,0,0,1i.csv
846,0,0,0,1j.csv
846,1,1,0,1k.csv
846,1,1,0,1l.csv
846,1,1,0,1m.csv
846,5,5,0,2a.csv
846,0,0,0,2b.csv
846,2,0,2,2c.csv
846,1,1,0,2d.csv
846,0,0,0,2e.csv
846,3,3,0,2f.csv
846,0,0,0,2g.csv
846,0,0,0,2h.csv
846,0,0,0,2i.csv
846,0,0,0,2j.csv
846,0,0,0,2k.csv
846,0,0,0,2l.csv
846,8,7,1,3a.csv
846,14,10,4,3b.csv
846,14,12,2,3c.csv
846,14,12,2,3d.csv
846,2,1,1,3e.csv
846,5,4,1,3f.csv
846,1,1,0,3g.csv
847,3,2,1,1a.csv
847,4,4,0,1b.csv
847,4,3,1,1c.csv
847,0,0,0,1e.csv
847,9,8,1,1f.csv
847,0,0,0,1g.csv
847,1,1,0,1h.csv
847,0,0,0,1i.csv
847,0,0,0,1j.csv
847,1,1,0,1k.csv
847,1,1,0,1l.csv
847,1,1,0,1m.csv
847,4,4,0,2a.csv
847,0,0,0,2b.csv
847,2,0,2,2c.csv
847,1,1,0,2d.csv
847,0,0,0,2e.csv
847,3,3,0,2f.csv
847,0,0,0,2g.csv
847,0,0,0,2h.csv
847,0,0,0,2i.csv
847,0,0,0,2j.csv
847,0,0,0,2k.csv
847,1,1,0,2l.csv
847,10,9,1,3a.csv
847,15,10,5,3b.csv
847,13,11,2,3c.csv
847,13,11,2,3d.csv
847,2,1,1,3e.csv
847,3,2,1,3f.csv
847,0,0,0,3g.csv
848,2,1,1,1a.csv
848,4,4,0,1b.csv
848,4,3,1,1c.csv
848,0,0,0,1e.csv
848,9,7,2,1f.csv
848,0,0,0,1g.csv
848,1,1,0,1h.csv
848,0,0,0,1i.csv
848,0,0,0,1j.csv
848,1,1,0,1k.csv
848,1,1,0,1l.csv
848,1,1,0,1m.csv
848,2,2,0,2a.csv
848,0,0,0,2b.csv
848,2,0,2,2c.csv
848,1,1,0,2d.csv
848,1,1,0,2e.csv
848,3,3,0,2f.csv
848,0,0,0,2g.csv
848,0,0,0,2h.csv
848,0,0,0,2i.csv
848,0,0,0,2j.csv
848,0,0,0,2k.csv
848,1,1,0,2l.csv
848,10,9,1,3a.csv
848,15,11,4,3b.csv
848,12,10,2,3c.csv
848,12,10,2,3d.csv
848,5,3,2,3e.csv
848,4,3,1,3f.csv
848,0,0,0,3g.csv
849,2,1,1,1a.csv
849,6,6,0,1b.csv
849,4,3,1,1c.csv
849,0,0,0,1e.csv
849,10,7,3,1f.csv
849,0,0,0,1g.csv
849,0,0,0,1h.csv
849,0,0,0,1i.csv
849,0,0,0,1j.csv
849,0,0,0,1k.csv
849,1,1,0,1l.csv
849,1,1,0,1m.csv
849,3,3,0,2a.csv
849,0,0,0,2b.csv
849,2,0,2,2c.csv
849,1,1,0,2d.csv
849,1,1,0,2e.csv
849,3,3,0,2f.csv
849,0,0,0,2g.csv
849,0,0,0,2h.csv
849,0,0,0,2i.csv
849,0,0,0,2j.csv
849,0,0,0,2k.csv
849,1,1,0,2l.csv
849,12,10,2,3a.csv
849,16,13,3,3b.csv
849,11,9,2,3c.csv
849,11,9,2,3d.csv
849,5,3,2,3e.csv
849,4,4,0,3f.csv
849,0,0,0,3g.csv
850,3,2,1,1a.csv
850,6,6,0,1b.csv
850,3,2,1,1c.csv
850,0,0,0,1e.csv
850,7,4,3,1f.csv
850,0,0,0,1g.csv
850,0,0,0,1h.csv
850,0,0,0,1i.csv
850,0,0,0,1j.csv
850,0,0,0,1k.csv
850,1,1,0,1l.csv
850,1,1,0,1m.csv
850,3,3,0,2a.csv
850,0,0,0,2b.csv
850,1,0,1,2c.csv
850,1,1,0,2d.csv
850,1,1,0,2e.csv
850,3,3,0,2f.csv
850,0,0,0,2g.csv
850,0,0,0,2h.csv
850,0,0,0,2i.csv
850,0,0,0,2j.csv
850,0,0,0,2k.csv
850,1,1,0,2l.csv
850,12,10,2,3a.csv
850,19,14,5,3b.csv
850,8,7,1,3c.csv
850,8,7,1,3d.csv
850,5,3,2,3e.csv
850,4,4,0,3f.csv
850,0,0,0,3g.csv
851,4,3,1,1a.csv
851,6,6,0,1b.csv
851,2,1,1,1c.csv
851,0,0,0,1e.csv
851,6,3,3,1f.csv
851,0,0,0,1g.csv
851,0,0,0,1h.csv
851,0,0,0,1i.csv
851,0,0,0,1j.csv
851,0,0,0,1k.csv
851,1,1,0,1l.csv
851,1,1,0,1m.csv
851,2,2,0,2a.csv
851,0,0,0,2b.csv
851,0,0,0,2c.csv
851,1,1,0,2d.csv
851,1,1,0,2e.csv
851,3,3,0,2f.csv
851,0,0,0,2g.csv
851,0,0,0,2h.csv
851,0,0,0,2i.csv
851,0,0,0,2j.csv
851,0,0,0,2k.csv
851,1,1,0,2l.csv
851,15,11,4,3a.csv
851,20,16,4,3b.csv
851,6,6,0,3c.csv
851,6,6,0,3d.csv
851,7,5,2,3e.csv
851,6,6,0,3f.csv
851,0,0,0,3g.csv
852,4,2,2,1a.csv
852,7,7,0,1b.csv
852,3,1,2,1c.csv
852,0,0,0,1e.csv
852,4,2,2,1f.csv
852,0,0,0,1g.csv
852,0,0,0,1h.csv
852,0,0,0,1i.csv
852,0,0,0,1j.csv
852,0,0,0,1k.csv
852,1,1,0,1l.csv
852,1,1,0,1m.csv
852,1,1,0,2a.csv
852,0,0,0,2b.csv
852,0,0,0,2c.csv
852,0,0,0,2d.csv
852,1,1,0,2e.csv
852,2,2,0,2f.csv
852,0,0,0,2g.csv
852,0,0,0,2h.csv
852,0,0,0,2i.csv
852,0,0,0,2j.csv
852,0,0,0,2k.csv
852,1,1,0,2l.csv
852,14,9,5,3a.csv
852,22,18,4,3b.csv
852,3,3,0,3c.csv
852,3,3,0,3d.csv
852,8,7,1,3e.csv
852,5,5,0,3f.csv
852,0,0,0,3g.csv
853,5,3,2,1a.csv
853,6,5,1,1b.csv
853,2,1,1,1c.csv
853,0,0,0,1e.csv
853,4,2,2,1f.csv
853,0,0,0,1g.csv
853,0,0,0,1h.csv
853,0,0,0,1i.csv
853,0,0,0,1j.csv
853,0,0,0,1k.csv
853,1,1,0,1l.csv
853,1,1,0,1m.csv
853,2,2,0,2a.csv
853,0,0,0,2b.csv
853,0,0,0,2c.csv
853,0,0,0,2d.csv
853,1,1,0,2e.csv
853,0,0,0,2f.csv
853,0,0,0,2g.csv
853,0,0,0,2h.csv
853,0,0,0,2i.csv
853,0,0,0,2j.csv
853,0,0,0,2k.csv
853,1,1,0,2l.csv
853,16,11,5,3a.csv
853,22,19,3,3b.csv
853,1,1,0,3c.csv
853,1,1,0,3d.csv
853,10,8,2,3e.csv
853,4,4,0,3f.csv
853,0,0,0,3g.csv
854,5,4,1,1a.csv
854,5,4,1,1b.csv
854,3,1,2,1c.csv
854,0,0,0,1e.csv
854,4,2,2,1f.csv
854,0,0,0,1g.csv
854,0,0,0,1h.csv
854,0,0,0,1i.csv
854,0,0,0,1j.csv
854,1,1,0,1k.csv
854,0,0,0,1l.csv
854,0,0,0,1m.csv
854,2,2,0,2a.csv
854,0,0,0,2b.csv
854,0,0,0,2c.csv
854,0,0,0,2d.csv
854,1,1,0,2e.csv
854,0,0,0,2f.csv
854,0,0,0,2g.csv
854,0,0,0,2h.csv
854,0,0,0,2i.csv
854,0,0,0,2j.csv
854,0,0,0,2k.csv
854,1,1,0,2l.csv
854,17,11,6,3a.csv
854,21,17,4,3b.csv
854,3,3,0,3c.csv
854,3,3,0,3d.csv
854,10,8,2,3e.csv
854,4,4,0,3f.csv
854,0,0,0,3g.csv
855,8,7,1,1a.csv
855,5,4,1,1b.csv
855,3,1,2,1c.csv
855,0,0,0,1e.csv
855,7,4,3,1f.csv
855,0,0,0,1g.csv
855,0,0,0,1h.csv
855,0,0,0,1i.csv
855,0,0,0,1j.csv
855,1,1,0,1k.csv
855,0,0,0,1l.csv
855,3,2,1,1m.csv
855,2,2,0,2a.csv
855,0,0,0,2b.csv
855,1,0,1,2c.csv
855,0,0,0,2d.csv
855,1,1,0,2e.csv
855,0,0,0,2f.csv
855,0,0,0,2g.csv
855,0,0,0,2h.csv
855,0,0,0,2i.csv
855,0,0,0,2j.csv
855,0,0,0,2k.csv
855,1,1,0,2l.csv
855,18,11,7,3a.csv
855,20,16,4,3b.csv
855,3,3,0,3c.csv
855,3,3,0,3d.csv
855,10,8,2,3e.csv
855,4,4,0,3f.csv
855,1,1,0,3g.csv
856,9,8,1,1a.csv
856,8,6,2,1b.csv
856,5,2,3,1c.csv
856,0,0,0,1e.csv
856,7,5,2,1f.csv
856,0,0,0,1g.csv
856,0,0,0,1h.csv
856,0,0,0,1i.csv
856,0,0,0,1j.csv
856,1,1,0,1k.csv
856,0,0,0,1l.csv
856,3,2,1,1m.csv
856,2,2,0,2a.csv
856,0,0,0,2b.csv
856,1,0,1,2c.csv
856,0,0,0,2d.csv
856,0,0,0,2e.csv
856,1,0,1,2f.csv
856,0,0,0,2g.csv
856,0,0,0,2h.csv
856,0,0,0,2i.csv
856,0,0,0,2j.csv
856,0,0,0,2k.csv
856,2,2,0,2l.csv
856,20,12,8,3a.csv
856,20,16,4,3b.csv
856,4,4,0,3c.csv
856,4,4,0,3d.csv
856,7,6,1,3e.csv
856,3,3,0,3f.csv
856,1,1,0,3g.csv
857,10,9,1,1a.csv
857,6,4,2,1b.csv
857,7,3,4,1c.csv
857,0,0,0,1e.csv
857,6,5,1,1f.csv
857,0,0,0,1g.csv
857,0,0,0,1h.csv
857,0,0,0,1i.csv
857,0,0,0,1j.csv
857,1,1,0,1k.csv
857,0,0,0,1l.csv
857,4,3,1,1m.csv
857,1,1,0,2a.csv
857,0,0,0,2b.csv
857,1,0,1,2c.csv
857,0,0,0,2d.csv
857,0,0,0,2e.csv
857,1,0,1,2f.csv
857,0,0,0,2g.csv
857,0,0,0,2h.csv
857,0,0,0,2i.csv
857,0,0,0,2j.csv
857,1,0,1,2k.csv
857,2,2,0,2l.csv
857,20,9,11,3a.csv
857,19,15,4,3b.csv
857,4,4,0,3c.csv
857,4,4,0,3d.csv
857,8,7,1,3e.csv
857,2,2,0,3f.csv
857,1,1,0,3g.csv
858,10,9,1,1a.csv
858,6,4,2,1b.csv
858,7,3,4,1c.csv
858,1,0,1,1e.csv
858,6,5,1,1f.csv
858,0,0,0,1g.csv
858,0,0,0,1h.csv
858,0,0,0,1i.csv
858,0,0,0,1j.csv
858,1,1,0,1k.csv
858,2,1,1,1l.csv
858,4,3,1,1m.csv
858,1,1,0,2a.csv
858,0,0,0,2b.csv
858,1,0,1,2c.csv
858,0,0,0,2d.csv
858,0,0,0,2e.csv
858,1,0,1,2f.csv
858,0,0,0,2g.csv
858,0,0,0,2h.csv
858,0,0,0,2i.csv
858,0,0,0,2j.csv
858,1,0,1,2k.csv
858,3,3,0,2l.csv
858,24,13,11,3a.csv
858,14,12,2,3b.csv
858,4,4,0,3c.csv
858,4,4,0,3d.csv
858,10,9,1,3e.csv
858,2,2,0,3f.csv
858,1,1,0,3g.csv
859,9,8,1,1a.csv
859,6,4,2,1b.csv
859,9,4,5,1c.csv
859,1,0,1,1e.csv
859,7,6,1,1f.csv
859,0,0,0,1g.csv
859,0,0,0,1h.csv
859,2,1,1,1i.csv
859,0,0,0,1j.csv
859,1,1,0,1k.csv
859,4,3,1,1l.csv
859,4,3,1,1m.csv
859,1,1,0,2a.csv
859,1,0,1,2b.csv
859,2,0,2,2c.csv
859,0,0,0,2d.csv
859,1,1,0,2e.csv
859,1,0,1,2f.csv
859,0,0,0,2g.csv
859,0,0,0,2h.csv
859,0,0,0,2i.csv
859,0,0,0,2j.csv
859,1,0,1,2k.csv
859,3,3,0,2l.csv
859,25,16,9,3a.csv
859,14,11,3,3b.csv
859,4,4,0,3c.csv
859,4,4,0,3d.csv
859,9,8,1,3e.csv
859,0,0,0,3f.csv
859,1,1,0,3g.csv
860,8,8,0,1a.csv
860,6,4,2,1b.csv
860,8,3,5,1c.csv
860,1,0,1,1e.csv
860,7,6,1,1f.csv
860,0,0,0,1g.csv
860,0,0,0,1h.csv
860,2,1,1,1i.csv
860,0,0,0,1j.csv
860,1,1,0,1k.csv
860,4,3,1,1l.csv
860,4,3,1,1m.csv
860,1,1,0,2a.csv
860,1,0,1,2b.csv
860,2,0,2,2c.csv
860,0,0,0,2d.csv
860,1,1,0,2e.csv
860,1,0,1,2f.csv
860,0,0,0,2g.csv
860,0,0,0,2h.csv
860,0,0,0,2i.csv
860,0,0,0,2j.csv
860,1,0,1,2k.csv
860,3,3,0,2l.csv
860,26,17,9,3a.csv
860,13,10,3,3b.csv
860,5,5,0,3c.csv
860,5,5,0,3d.csv
860,7,6,1,3e.csv
860,0,0,0,3f.csv
860,1,1,0,3g.csv
861,7,7,0,1a.csv
861,5,4,1,1b.csv
861,8,3,5,1c.csv
861,1,0,1,1e.csv
861,8,7,1,1f.csv
861,0,0,0,1g.csv
861,0,0,0,1h.csv
861,2,1,1,1i.csv
861,0,0,0,1j.csv
861,1,1,0,1k.csv
861,7,5,2,1l.csv
861,4,3,1,1m.csv
861,0,0,0,2a.csv
861,1,0,1,2b.csv
861,2,0,2,2c.csv
861,0,0,0,2d.csv
861,1,1,0,2e.csv
861,1,0,1,2f.csv
861,0,0,0,2g.csv
861,1,1,0,2h.csv
861,0,0,0,2i.csv
861,0,0,0,2j.csv
861,1,0,1,2k.csv
861,3,3,0,2l.csv
861,26,16,10,3a.csv
861,11,8,3,3b.csv
861,5,5,0,3c.csv
861,5,5,0,3d.csv
861,7,7,0,3e.csv
861,0,0,0,3f.csv
861,1,1,0,3g.csv
862,6,6,0,1a.csv
862,6,5,1,1b.csv
862,7,3,4,1c.csv
862,1,0,1,1e.csv
862,7,6,1,1f.csv
862,1,1,0,1g.csv
862,0,0,0,1h.csv
862,2,1,1,1i.csv
862,0,0,0,1j.csv
862,0,0,0,1k.csv
862,11,8,3,1l.csv
862,4,3,1,1m.csv
862,0,0,0,2a.csv
862,1,0,1,2b.csv
862,3,1,2,2c.csv
862,0,0,0,2d.csv
862,1,1,0,2e.csv
862,1,0,1,2f.csv
862,0,0,0,2g.csv
862,1,1,0,2h.csv
862,0,0,0,2i.csv
862,0,0,0,2j.csv
862,1,0,1,2k.csv
862,3,3,0,2l.csv
862,25,16,9,3a.csv
862,9,7,2,3b.csv
862,3,3,0,3c.csv
862,3,3,0,3d.csv
862,7,7,0,3e.csv
862,0,0,0,3f.csv
862,1,1,0,3g.csv
863,3,3,0,1a.csv
863,6,5,1,1b.csv
863,8,3,5,1c.csv
863,1,0,1,1e.csv
863,6,6,0,1f.csv
863,1,1,0,1g.csv
863,1,1,0,1h.csv
863,2,1,1,1i.csv
863,0,0,0,1j.csv
863,0,0,0,1k.csv
863,12,8,4,1l.csv
863,2,1,1,1m.csv
863,0,0,0,2a.csv
863,1,0,1,2b.csv
863,2,1,1,2c.csv
863,0,0,0,2d.csv
863,1,1,0,2e.csv
863,1,0,1,2f.csv
863,0,0,0,2g.csv
863,1,1,0,2h.csv
863,0,0,0,2i.csv
863,0,0,0,2j.csv
863,1,0,1,2k.csv
863,2,2,0,2l.csv
863,24,16,8,3a.csv
863,10,9,1,3b.csv
863,3,3,0,3c.csv
863,3,3,0,3d.csv
863,10,10,0,3e.csv
863,0,0,0,3f.csv
863,0,0,0,3g.csv
864,3,3,0,1a.csv
864,4,4,0,1b.csv
864,6,2,4,1c.csv
864,1,0,1,1e.csv
864,8,7,1,1f.csv
864,1,1,0,1g.csv
864,1,1,0,1h.csv
864,3,2,1,1i.csv
864,0,0,0,1j.csv
864,0,0,0,1k.csv
864,13,9,4,1l.csv
864,2,1,1,1m.csv
864,0,0,0,2a.csv
864,1,0,1,2b.csv
864,2,1,1,2c.csv
864,1,0,1,2d.csv
864,1,1,0,2e.csv
864,0,0,0,2f.csv
864,0,0,0,2g.csv
864,1,1,0,2h.csv
864,0,0,0,2i.csv
864,1,1,0,2j.csv
864,2,1,1,2k.csv
864,1,1,0,2l.csv
864,21,14,7,3a.csv
864,9,8,1,3b.csv
864,2,2,0,3c.csv
864,2,2,0,3d.csv
864,10,10,0,3e.csv
864,1,1,0,3f.csv
864,0,0,0,3g.csv
865,2,2,0,1a.csv
865,4,4,0,1b.csv
865,4,1,3,1c.csv
865,1,0,1,1e.csv
865,8,7,1,1f.csv
865,1,1,0,1g.csv
865,1,1,0,1h.csv
865,4,2,2,1i.csv
865,1,1,0,1j.csv
865,0,0,0,1k.csv
865,13,9,4,1l.csv
865,2,1,1,1m.csv
865,0,0,0,2a.csv
865,1,0,1,2b.csv
865,2,1,1,2c.csv
865,1,0,1,2d.csv
865,2,1,1,2e.csv
865,0,0,0,2f.csv
865,0,0,0,2g.csv
865,1,1,0,2h.csv
865,0,0,0,2i.csv
865,1,1,0,2j.csv
865,1,1,0,2k.csv
865,1,1,0,2l.csv
865,17,14,3,3a.csv
865,7,6,1,3b.csv
865,2,2,0,3c.csv
865,2,2,0,3d.csv
865,10,10,0,3e.csv
865,1,1,0,3f.csv
865,0,0,0,3g.csv
866,2,2,0,1a.csv
866,6,6,0,1b.csv
866,5,2,3,1c.csv
866,0,0,0,1e.csv
866,7,6,1,1f.csv
866,1,1,0,1g.csv
866,1,1,0,1h.csv
866,4,2,2,1i.csv
866,1,1,0,1j.csv
866,1,1,0,1k.csv
866,12,9,3,1l.csv
866,2,1,1,1m.csv
866,0,0,0,2a.csv
866,2,0,2,2b.csv
866,3,2,1,2c.csv
866,1,0,1,2d.csv
866,2,1,1,2e.csv
866,0,0,0,2f.csv
866,0,0,0,2g.csv
866,1,1,0,2h.csv
866,0,0,0,2i.csv
866,1,1,0,2j.csv
866,2,2,0,2k.csv
866,0,0,0,2l.csv
866,15,12,3,3a.csv
866,7,6,1,3b.csv
866,2,2,0,3c.csv
866,2,2,0,3d.csv
866,9,9,0,3e.csv
866,1,1,0,3f.csv
866,0,0,0,3g.csv
867,2,2,0,1a.csv
867,7,7,0,1b.csv
867,3,1,2,1c.csv
867,0,0,0,1e.csv
867,6,5,1,1f.csv
867,1,1,0,1g.csv
867,1,1,0,1h.csv
867,2,1,1,1i.csv
867,1,1,0,1j.csv
867,1,1,0,1k.csv
867,10,7,3,1l.csv
867,2,1,1,1m.csv
867,1,1,0,2a.csv
867,1,0,1,2b.csv
867,3,2,1,2c.csv
867,1,0,1,2d.csv
867,1,0,1,2e.csv
867,0,0,0,2f.csv
867,0,0,0,2g.csv
867,1,1,0,2h.csv
867,0,0,0,2i.csv
867,1,1,0,2j.csv
867,2,2,0,2k.csv
867,1,1,0,2l.csv
867,17,14,3,3a.csv
867,7,6,1,3b.csv
867,2,2,0,3c.csv
867,2,2,0,3d.csv
867,8,8,0,3e.csv
867,1,1,0,3f.csv
867,1,1,0,3g.csv
868,3,2,1,1a.csv
868,7,7,0,1b.csv
868,2,1,1,1c.csv
868,0,0,0,1e.csv
868,7,6,1,1f.csv
868,1,1,0,1g.csv
868,1,1,0,1h.csv
868,3,2,1,1i.csv
868,1,1,0,1j.csv
868,1,1,0,1k.csv
868,10,7,3,1l.csv
868,3,2,1,1m.csv
868,1,1,0,2a.csv
868,2,1,1,2b.csv
868,3,2,1,2c.csv
868,1,0,1,2d.csv
868,1,0,1,2e.csv
868,0,0,0,2f.csv
868,0,0,0,2g.csv
868,1,1,0,2h.csv
868,0,0,0,2i.csv
868,2,2,0,2j.csv
868,2,2,0,2k.csv
868,1,1,0,2l.csv
868,19,17,2,3a.csv
868,5,4,1,3b.csv
868,1,1,0,3c.csv
868,1,1,0,3d.csv
868,8,8,0,3e.csv
868,3,3,0,3f.csv
868,1,1,0,3g.csv
869,5,4,1,1a.csv
869,8,8,0,1b.csv
869,3,1,2,1c.csv
869,2,2,0,1e.csv
869,7,6,1,1f.csv
869,1,1,0,1g.csv
869,1,1,0,1h.csv
869,3,2,1,1i.csv
869,1,1,0,1j.csv
869,1,1,0,1k.csv
869,8,5,3,1l.csv
869,3,2,1,1m.csv
869,1,1,0,2a.csv
869,2,1,1,2b.csv
869,4,3,1,2c.csv
869,1,0,1,2d.csv
869,1,0,1,2e.csv
869,0,0,0,2f.csv
869,0,0,0,2g.csv
869,0,0,0,2h.csv
869,0,0,0,2i.csv
869,2,2,0,2j.csv
869,4,4,0,2k.csv
869,1,1,0,2l.csv
869,24,24,0,3a.csv
869,5,4,1,3b.csv
869,2,2,0,3c.csv
869,2,2,0,3d.csv
869,7,7,0,3e.csv
869,3,3,0,3f.csv
869,2,2,0,3g.csv
870,5,4,1,1a.csv
870,7,7,0,1b.csv
870,4,1,3,1c.csv
870,2,2,0,1e.csv
870,8,7,1,1f.csv
870,0,0,0,1g.csv
870,1,1,0,1h.csv
870,3,2,1,1i.csv
870,1,1,0,1j.csv
870,1,1,0,1k.csv
870,4,2,2,1l.csv
870,3,2,1,1m.csv
870,1,1,0,2a.csv
870,2,1,1,2b.csv
870,3,2,1,2c.csv
870,1,0,1,2d.csv
870,1,0,1,2e.csv
870,0,0,0,2f.csv
870,0,0,0,2g.csv
870,0,0,0,2h.csv
870,0,0,0,2i.csv
870,2,2,0,2j.csv
870,4,4,0,2k.csv
870,1,1,0,2l.csv
870,24,24,0,3a.csv
870,6,5,1,3b.csv
870,3,3,0,3c.csv
870,3,3,0,3d.csv
870,7,7,0,3e.csv
870,4,4,0,3f.csv
870,2,2,0,3g.csv
871,5,4,1,1a.csv
871,6,6,0,1b.csv
871,4,2,2,1c.csv
871,2,2,0,1e.csv
871,6,5,1,1f.csv
871,0,0,0,1g.csv
871,0,0,0,1h.csv
871,3,2,1,1i.csv
871,1,1,0,1j.csv
871,1,1,0,1k.csv
871,3,2,1,1l.csv
871,3,3,0,1m.csv
871,2,2,0,2a.csv
871,4,3,1,2b.csv
871,3,2,1,2c.csv
871,1,0,1,2d.csv
871,1,0,1,2e.csv
871,0,0,0,2f.csv
871,0,0,0,2g.csv
871,0,0,0,2h.csv
871,0,0,0,2i.csv
871,2,2,0,2j.csv
871,4,4,0,2k.csv
871,1,1,0,2l.csv
871,28,28,0,3a.csv
871,5,4,1,3b.csv
871,3,3,0,3c.csv
871,3,3,0,3d.csv
871,5,5,0,3e.csv
871,4,4,0,3f.csv
871,3,3,0,3g.csv
872,4,3,1,1a.csv
872,6,6,0,1b.csv
872,4,2,2,1c.csv
872,2,2,0,1e.csv
872,3,3,0,1f.csv
872,0,0,0,1g.csv
872,0,0,0,1h.csv
872,2,1,1,1i.csv
872,2,2,0,1j.csv
872,1,1,0,1k.csv
872,3,2,1,1l.csv
872,3,3,0,1m.csv
872,2,2,0,2a.csv
872,4,3,1,2b.csv
872,3,2,1,2c.csv
872,0,0,0,2d.csv
872,1,0,1,2e.csv
872,1,1,0,2f.csv
872,0,0,0,2g.csv
872,0,0,0,2h.csv
872,0,0,0,2i.csv
872,1,1,0,2j.csv
872,3,3,0,2k.csv
872,1,1,0,2l.csv
872,31,31,0,3a.csv
872,5,4,1,3b.csv
872,4,4,0,3c.csv
872,4,4,0,3d.csv
872,5,5,0,3e.csv
872,6,6,0,3f.csv
872,3,3,0,3g.csv
873,5,4,1,1a.csv
873,8,8,0,1b.csv
873,5,3,2,1c.csv
873,2,2,0,1e.csv
873,3,3,0,1f.csv
873,0,0,0,1g.csv
873,0,0,0,1h.csv
873,1,1,0,1i.csv
873,1,1,0,1j.csv
873,1,1,0,1k.csv
873,3,2,1,1l.csv
873,2,2,0,1m.csv
873,2,2,0,2a.csv
873,4,3,1,2b.csv
873,4,3,1,2c.csv
873,0,0,0,2d.csv
873,0,0,0,2e.csv
873,1,1,0,2f.csv
873,0,0,0,2g.csv
873,0,0,0,2h.csv
873,0,0,0,2i.csv
873,2,2,0,2j.csv
873,3,3,0,2k.csv
873,2,1,1,2l.csv
873,36,36,0,3a.csv
873,6,4,2,3b.csv
873,4,4,0,3c.csv
873,4,4,0,3d.csv
873,4,4,0,3e.csv
873,7,7,0,3f.csv
873,4,4,0,3g.csv
874,4,3,1,1a.csv
874,6,6,0,1b.csv
874,5,3,2,1c.csv
874,2,2,0,1e.csv
874,3,3,0,1f.csv
874,0,0,0,1g.csv
874,0,0,0,1h.csv
874,1,1,0,1i.csv
874,1,1,0,1j.csv
874,1,0,1,1k.csv
874,3,2,1,1l.csv
874,2,2,0,1m.csv
874,2,2,0,2a.csv
874,3,3,0,2b.csv
874,4,2,2,2c.csv
874,0,0,0,2d.csv
874,0,0,0,2e.csv
874,1,1,0,2f.csv
874,0,0,0,2g.csv
874,0,0,0,2h.csv
874,0,0,0,2i.csv
874,2,2,0,2j.csv
874,3,2,1,2k.csv
874,2,1,1,2l.csv
874,40,39,1,3a.csv
874,9,7,2,3b.csv
874,3,3,0,3c.csv
874,3,3,0,3d.csv
874,3,3,0,3e.csv
874,8,7,1,3f.csv
874,5,5,0,3g.csv
875,4,3,1,1a.csv
875,6,5,1,1b.csv
875,6,4,2,1c.csv
875,3,3,0,1e.csv
875,4,3,1,1f.csv
875,0,0,0,1g.csv
875,0,0,0,1h.csv
875,1,1,0,1i.csv
875,1,1,0,1j.csv
875,1,0,1,1k.csv
875,3,2,1,1l.csv
875,2,2,0,1m.csv
875,1,1,0,2a.csv
875,3,3,0,2b.csv
875,4,3,1,2c.csv
875,0,0,0,2d.csv
875,0,0,0,2e.csv
875,1,1,0,2f.csv
875,0,0,0,2g.csv
875,0,0,0,2h.csv
875,0,0,0,2i.csv
875,2,2,0,2j.csv
875,3,2,1,2k.csv
875,1,0,1,2l.csv
875,34,33,1,3a.csv
875,10,8,2,3b.csv
875,3,3,0,3c.csv
875,3,3,0,3d.csv
875,4,4,0,3e.csv
875,17,12,5,3f.csv
875,7,6,1,3g.csv
876,3,3,0,1a.csv
876,6,5,1,1b.csv
876,6,4,2,1c.csv
876,3,3,0,1e.csv
876,3,2,1,1f.csv
876,1,1,0,1g.csv
876,0,0,0,1h.csv
876,0,0,0,1i.csv
876,1,1,0,1j.csv
876,2,1,1,1k.csv
876,3,2,1,1l.csv
876,2,2,0,1m.csv
876,2,2,0,2a.csv
876,2,2,0,2b.csv
876,4,3,1,2c.csv
876,0,0,0,2d.csv
876,0,0,0,2e.csv
876,1,1,0,2f.csv
876,0,0,0,2g.csv
876,0,0,0,2h.csv
876,0,0,0,2i.csv
876,1,1,0,2j.csv
876,3,2,1,2k.csv
876,1,0,1,2l.csv
876,31,30,1,3a.csv
876,12,10,2,3b.csv
876,3,3,0,3c.csv
876,3,3,0,3d.csv
876,4,4,0,3e.csv
876,16,11,5,3f.csv
876,7,6,1,3g.csv
877,4,4,0,1a.csv
877,5,4,1,1b.csv
877,6,5,1,1c.csv
877,1,1,0,1e.csv
877,2,1,1,1f.csv
877,1,1,0,1g.csv
877,0,0,0,1h.csv
877,0,0,0,1i.csv
877,1,1,0,1j.csv
877,2,1,1,1k.csv
877,3,3,0,1l.csv
877,3,2,1,1m.csv
877,2,2,0,2a.csv
877,2,2,0,2b.csv
877,4,3,1,2c.csv
877,0,0,0,2d.csv
877,0,0,0,2e.csv
877,1,1,0,2f.csv
877,0,0,0,2g.csv
877,0,0,0,2h.csv
877,0,0,0,2i.csv
877,1,1,0,2j.csv
877,2,1,1,2k.csv
877,1,0,1,2l.csv
877,24,22,2,3a.csv
877,12,10,2,3b.csv
877,2,2,0,3c.csv
877,2,2,0,3d.csv
877,3,3,0,3e.csv
877,21,14,7,3f.csv
877,7,5,2,3g.csv
878,5,5,0,1a.csv
878,5,4,1,1b.csv
878,5,5,0,1c.csv
878,1,1,0,1e.csv
878,1,0,1,1f.csv
878,1,1,0,1g.csv
878,0,0,0,1h.csv
878,0,0,0,1i.csv
878,1,1,0,1j.csv
878,2,1,1,1k.csv
878,3,3,0,1l.csv
878,4,2,2,1m.csv
878,2,2,0,2a.csv
878,2,2,0,2b.csv
878,4,3,1,2c.csv
878,0,0,0,2d.csv
878,0,0,0,2e.csv
878,1,1,0,2f.csv
878,0,0,0,2g.csv
878,0,0,0,2h.csv
878,0,0,0,2i.csv
878,1,1,0,2j.csv
878,3,2,1,2k.csv
878,1,0,1,2l.csv
878,25,21,4,3a.csv
878,11,9,2,3b.csv
878,1,1,0,3c.csv
878,1,1,0,3d.csv
878,2,2,0,3e.csv
878,24,16,8,3f.csv
878,7,5,2,3g.csv
879,7,7,0,1a.csv
879,6,5,1,1b.csv
879,4,4,0,1c.csv
879,1,1,0,1e.csv
879,1,0,1,1f.csv
879,1,1,0,1g.csv
879,0,0,0,1h.csv
879,0,0,0,1i.csv
879,1,1,0,1j.csv
879,2,1,1,1k.csv
879,3,3,0,1l.csv
879,3,1,2,1m.csv
879,1,1,0,2a.csv
879,0,0,0,2b.csv
879,4,3,1,2c.csv
879,0,0,0,2d.csv
879,1,0,1,2e.csv
879,1,1,0,2f.csv
879,0,0,0,2g.csv
879,0,0,0,2h.csv
879,0,0,0,2i.csv
879,1,1,0,2j.csv
879,3,2,1,2k.csv
879,1,0,1,2l.csv
879,20,16,4,3a.csv
879,11,9,2,3b.csv
879,1,1,0,3c.csv
879,1,1,0,3d.csv
879,3,2,1,3e.csv
879,25,17,8,3f.csv
879,6,4,2,3g.csv
880,7,7,0,1a.csv
880,6,5,1,1b.csv
880,4,4,0,1c.csv
880,2,2,0,1e.csv
880,2,0,2,1f.csv
880,1,1,0,1g.csv
880,1,0,1,1h.csv
880,0,0,0,1i.csv
880,1,1,0,1j.csv
880,2,1,1,1k.csv
880,3,3,0,1l.csv
880,3,1,2,1m.csv
880,1,1,0,2a.csv
880,0,0,0,2b.csv
880,6,5,1,2c.csv
880,0,0,0,2d.csv
880,1,0,1,2e.csv
880,0,0,0,2f.csv
880,0,0,0,2g.csv
880,0,0,0,2h.csv
880,0,0,0,2i.csv
880,1,1,0,2j.csv
880,3,2,1,2k.csv
880,1,0,1,2l.csv
880,16,12,4,3a.csv
880,12,10,2,3b.csv
880,0,0,0,3c.csv
880,0,0,0,3d.csv
880,3,2,1,3e.csv
880,23,15,8,3f.csv
880,6,4,2,3g.csv
881,6,6,0,1a.csv
881,5,4,1,1b.csv
881,3,3,0,1c.csv
881,2,2,0,1e.csv
881,2,0,2,1f.csv
881,1,1,0,1g.csv
881,1,0,1,1h.csv
881,0,0,0,1i.csv
881,1,1,0,1j.csv
881,2,1,1,1k.csv
881,3,3,0,1l.csv
881,4,1,3,1m.csv
881,1,1,0,2a.csv
881,0,0,0,2b.csv
881,5,4,1,2c.csv
881,0,0,0,2d.csv
881,1,0,1,2e.csv
881,0,0,0,2f.csv
881,0,0,0,2g.csv
881,0,0,0,2h.csv
881,0,0,0,2i.csv
881,0,0,0,2j.csv
881,3,2,1,2k.csv
881,0,0,0,2l.csv
881,14,8,6,3a.csv
881,11,10,1,3b.csv
881,0,0,0,3c.csv
881,0,0,0,3d.csv
881,3,2,1,3e.csv
881,24,16,8,3f.csv
881,5,3,2,3g.csv
882,6,6,0,1a.csv
882,5,4,1,1b.csv
882,2,2,0,1c.csv
882,3,3,0,1e.csv
882,2,0,2,1f.csv
882,1,1,0,1g.csv
882,1,0,1,1h.csv
882,0,0,0,1i.csv
882,1,1,0,1j.csv
882,1,1,0,1k.csv
882,2,2,0,1l.csv
882,4,1,3,1m.csv
882,2,1,1,2a.csv
882,1,1,0,2b.csv
882,4,4,0,2c.csv
882,0,0,0,2d.csv
882,1,0,1,2e.csv
882,0,0,0,2f.csv
882,0,0,0,2g.csv
882,0,0,0,2h.csv
882,0,0,0,2i.csv
882,0,0,0,2j.csv
882,2,2,0,2k.csv
882,0,0,0,2l.csv
882,8,3,5,3a.csv
882,9,7,2,3b.csv
882,0,0,0,3c.csv
882,0,0,0,3d.csv
882,3,2,1,3e.csv
882,24,17,7,3f.csv
882,5,3,2,3g.csv
883,7,7,0,1a.csv
883,4,4,0,1b.csv
883,2,2,0,1c.csv
883,2,2,0,1e.csv
883,1,0,1,1f.csv
883,1,1,0,1g.csv
883,1,0,1,1h.csv
883,0,0,0,1i.csv
883,1,1,0,1j.csv
883,1,1,0,1k.csv
883,2,2,0,1l.csv
883,4,1,3,1m.csv
883,2,1,1,2a.csv
883,1,1,0,2b.csv
883,3,3,0,2c.csv
883,0,0,0,2d.csv
883,1,0,1,2e.csv
883,0,0,0,2f.csv
883,0,0,0,2g.csv
883,0,0,0,2h.csv
883,0,0,0,2i.csv
883,0,0,0,2j.csv
883,2,2,0,2k.csv
883,0,0,0,2l.csv
883,9,4,5,3a.csv
883,13,11,2,3b.csv
883,0,0,0,3c.csv
883,0,0,0,3d.csv
883,2,1,1,3e.csv
883,17,14,3,3f.csv
883,2,1,1,3g.csv
884,7,7,0,1a.csv
884,4,4,0,1b.csv
884,4,3,1,1c.csv
884,2,2,0,1e.csv
884,2,1,1,1f.csv
884,0,0,0,1g.csv
884,1,0,1,1h.csv
884,0,0,0,1i.csv
884,2,2,0,1j.csv
884,0,0,0,1k.csv
884,2,2,0,1l.csv
884,3,0,3,1m.csv
884,1,0,1,2a.csv
884,1,1,0,2b.csv
884,3,3,0,2c.csv
884,0,0,0,2d.csv
884,2,1,1,2e.csv
884,1,1,0,2f.csv
884,0,0,0,2g.csv
884,0,0,0,2h.csv
884,0,0,0,2i.csv
884,0,0,0,2j.csv
884,2,2,0,2k.csv
884,1,0,1,2l.csv
884,9,4,5,3a.csv
884,16,14,2,3b.csv
884,0,0,0,3c.csv
884,0,0,0,3d.csv
884,2,1,1,3e.csv
884,20,16,4,3f.csv
884,3,2,1,3g.csv
885,4,4,0,1a.csv
885,4,4,0,1b.csv
885,4,3,1,1c.csv
885,2,2,0,1e.csv
885,2,1,1,1f.csv
885,0,0,0,1g.csv
885,1,0,1,1h.csv
885,0,0,0,1i.csv
885,2,2,0,1j.csv
885,0,0,0,1k.csv
885,1,1,0,1l.csv
885,3,0,3,1m.csv
885,1,0,1,2a.csv
885,1,1,0,2b.csv
885,2,2,0,2c.csv
885,2,1,1,2d.csv
885,2,1,1,2e.csv
885,1,1,0,2f.csv
885,0,0,0,2g.csv
885,0,0,0,2h.csv
885,0,0,0,2i.csv
885,0,0,0,2j.csv
885,1,1,0,2k.csv
885,1,0,1,2l.csv
885,11,7,4,3a.csv
885,23,21,2,3b.csv
885,1,1,0,3c.csv
885,1,1,0,3d.csv
885,2,1,1,3e.csv
885,19,17,2,3f.csv
885,2,2,0,3g.csv
886,4,4,0,1a.csv
886,6,6,0,1b.csv
886,4,3,1,1c.csv
886,2,2,0,1e.csv
886,2,1,1,1f.csv
886,0,0,0,1g.csv
886,1,0,1,1h.csv
886,0,0,0,1i.csv
886,2,2,0,1j.csv
886,0,0,0,1k.csv
886,1,1,0,1l.csv
886,2,0,2,1m.csv
886,2,1,1,2a.csv
886,1,1,0,2b.csv
886,2,2,0,2c.csv
886,2,1,1,2d.csv
886,3,1,2,2e.csv
886,1,1,0,2f.csv
886,0,0,0,2g.csv
886,0,0,0,2h.csv
886,0,0,0,2i.csv
886,0,0,0,2j.csv
886,0,0,0,2k.csv
886,1,0,1,2l.csv
886,12,10,2,3a.csv
886,26,24,2,3b.csv
886,2,2,0,3c.csv
886,2,2,0,3d.csv
886,3,2,1,3e.csv
886,16,15,1,3f.csv
886,2,2,0,3g.csv
887,3,3,0,1a.csv
887,7,7,0,1b.csv
887,4,3,1,1c.csv
887,2,2,0,1e.csv
887,3,2,1,1f.csv
887,0,0,0,1g.csv
887,1,0,1,1h.csv
887,0,0,0,1i.csv
887,2,2,0,1j.csv
887,2,2,0,1k.csv
887,1,1,0,1l.csv
887,2,0,2,1m.csv
887,2,1,1,2a.csv
887,1,1,0,2b.csv
887,2,2,0,2c.csv
887,2,1,1,2d.csv
887,2,1,1,2e.csv
887,1,1,0,2f.csv
887,0,0,0,2g.csv
887,0,0,0,2h.csv
887,0,0,0,2i.csv
887,0,0,0,2j.csv
887,0,0,0,2k.csv
887,1,0,1,2l.csv
887,13,9,4,3a.csv
887,26,24,2,3b.csv
887,3,2,1,3c.csv
887,3,2,1,3d.csv
887,1,1,0,3e.csv
887,17,16,1,3f.csv
887,3,3,0,3g.csv
888,3,3,0,1a.csv
888,8,8,0,1b.csv
888,5,4,1,1c.csv
888,1,1,0,1e.csv
888,2,2,0,1f.csv
888,0,0,0,1g.csv
888,0,0,0,1h.csv
888,0,0,0,1i.csv
888,1,1,0,1j.csv
888,3,3,0,1k.csv
888,0,0,0,1l.csv
888,3,1,2,1m.csv
888,2,1,1,2a.csv
888,1,1,0,2b.csv
888,0,0,0,2c.csv
888,2,1,1,2d.csv
888,2,1,1,2e.csv
888,1,1,0,2f.csv
888,0,0,0,2g.csv
888,0,0,0,2h.csv
888,0,0,0,2i.csv
888,0,0,0,2j.csv
888,0,0,0,2k.csv
888,1,0,1,2l.csv
888,14,10,4,3a.csv
888,27,25,2,3b.csv
888,3,2,1,3c.csv
888,3,2,1,3d.csv
888,2,2,0,3e.csv
888,18,17,1,3f.csv
888,4,4,0,3g.csv
889,3,3,0,1a.csv
889,8,8,0,1b.csv
889,5,4,1,1c.csv
889,1,1,0,1e.csv
889,2,2,0,1f.csv
889,0,0,0,1g.csv
889,0,0,0,1h.csv
889,0,0,0,1i.csv
889,2,2,0,1j.csv
889,3,3,0,1k.csv
889,0,0,0,1l.csv
889,2,1,1,1m.csv
889,2,1,1,2a.csv
889,1,1,0,2b.csv
889,0,0,0,2c.csv
889,2,1,1,2d.csv
889,2,1,1,2e.csv
889,2,2,0,2f.csv
889,0,0,0,2g.csv
889,0,0,0,2h.csv
889,0,0,0,2i.csv
889,0,0,0,2j.csv
889,0,0,0,2k.csv
889,1,0,1,2l.csv
889,13,11,2,3a.csv
889,32,30,2,3b.csv
889,4,3,1,3c.csv
889,4,3,1,3d.csv
889,2,2,0,3e.csv
889,19,17,2,3f.csv
889,4,4,0,3g.csv
890,3,3,0,1a.csv
890,8,8,0,1b.csv
890,6,5,1,1c.csv
890,0,0,0,1e.csv
890,2,2,0,1f.csv
890,0,0,0,1g.csv
890,0,0,0,1h.csv
890,0,0,0,1i.csv
890,2,2,0,1j.csv
890,3,3,0,1k.csv
890,0,0,0,1l.csv
890,2,1,1,1m.csv
890,1,1,0,2a.csv
890,0,0,0,2b.csv
890,0,0,0,2c.csv
890,2,1,1,2d.csv
890,2,1,1,2e.csv
890,2,2,0,2f.csv
890,0,0,0,2g.csv
890,0,0,0,2h.csv
890,0,0,0,2i.csv
890,0,0,0,2j.csv
890,0,0,0,2k.csv
890,1,0,1,2l.csv
890,16,14,2,3a.csv
890,34,33,1,3b.csv
890,4,3,1,3c.csv
890,4,3,1,3d.csv
890,2,2,0,3e.csv
890,20,18,2,3f.csv
890,3,3,0,3g.csv
891,3,3,0,1a.csv
891,9,9,0,1b.csv
891,5,4,1,1c.csv
891,0,0,0,1e.csv
891,2,2,0,1f.csv
891,0,0,0,1g.csv
891,0,0,0,1h.csv
891,0,0,0,1i.csv
891,2,2,0,1j.csv
891,3,3,0,1k.csv
891,0,0,0,1l.csv
891,2,1,1,1m.csv
891,2,2,0,2a.csv
891,0,0,0,2b.csv
891,0,0,0,2c.csv
891,2,1,1,2d.csv
891,2,1,1,2e.csv
891,2,2,0,2f.csv
891,0,0,0,2g.csv
891,0,0,0,2h.csv
891,0,0,0,2i.csv
891,0,0,0,2j.csv
891,1,1,0,2k.csv
891,1,0,1,2l.csv
891,20,15,5,3a.csv
891,29,29,0,3b.csv
891,7,4,3,3c.csv
891,7,4,3,3d.csv
891,2,2,0,3e.csv
891,20,18,2,3f.csv
891,5,5,0,3g.csv
892,4,4,0,1a.csv
892,9,9,0,1b.csv
892,3,3,0,1c.csv
892,0,0,0,1e.csv
892,1,1,0,1f.csv
892,0,0,0,1g.csv
892,0,0,0,1h.csv
892,0,0,0,1i.csv
892,2,2,0,1j.csv
892,3,3,0,1k.csv
892,0,0,0,1l.csv
892,2,1,1,1m.csv
892,3,3,0,2a.csv
892,0,0,0,2b.csv
892,0,0,0,2c.csv
892,2,1,1,2d.csv
892,1,0,1,2e.csv
892,1,1,0,2f.csv
892,0,0,0,2g.csv
892,0,0,0,2h.csv
892,0,0,0,2i.csv
892,0,0,0,2j.csv
892,1,1,0,2k.csv
892,0,0,0,2l.csv
892,23,18,5,3a.csv
892,25,25,0,3b.csv
892,7,4,3,3c.csv
892,7,4,3,3d.csv
892,3,3,0,3e.csv
892,16,15,1,3f.csv
892,6,6,0,3g.csv
893,6,6,0,1a.csv
893,10,10,0,1b.csv
893,2,2,0,1c.csv
893,0,0,0,1e.csv
893,1,1,0,1f.csv
893,0,0,0,1g.csv
893,0,0,0,1h.csv
893,0,0,0,1i.csv
893,2,2,0,1j.csv
893,4,4,0,1k.csv
893,0,0,0,1l.csv
893,1,1,0,1m.csv
893,3,3,0,2a.csv
893,0,0,0,2b.csv
893,0,0,0,2c.csv
893,1,1,0,2d.csv
893,1,0,1,2e.csv
893,1,1,0,2f.csv
893,0,0,0,2g.csv
893,0,0,0,2h.csv
893,0,0,0,2i.csv
893,0,0,0,2j.csv
893,1,1,0,2k.csv
893,0,0,0,2l.csv
893,25,20,5,3a.csv
893,19,19,0,3b.csv
893,6,3,3,3c.csv
893,6,3,3,3d.csv
893,4,4,0,3e.csv
893,13,12,1,3f.csv
893,7,7,0,3g.csv
894,6,6,0,1a.csv
894,9,9,0,1b.csv
894,2,2,0,1c.csv
894,0,0,0,1e.csv
894,1,1,0,1f.csv
894,1,0,1,1g.csv
894,0,0,0,1h.csv
894,0,0,0,1i.csv
894,3,3,0,1j.csv
894,4,4,0,1k.csv
894,0,0,0,1l.csv
894,1,1,0,1m.csv
894,2,2,0,2a.csv
894,0,0,0,2b.csv
894,0,0,0,2c.csv
894,1,1,0,2d.csv
894,0,0,0,2e.csv
894,1,1,0,2f.csv
894,0,0,0,2g.csv
894,0,0,0,2h.csv
894,0,0,0,2i.csv
894,0,0,0,2j.csv
894,1,1,0,2k.csv
894,0,0,0,2l.csv
894,26,21,5,3a.csv
894,17,17,0,3b.csv
894,9,3,6,3c.csv
894,9,3,6,3d.csv
894,3,3,0,3e.csv
894,15,14,1,3f.csv
894,7,7,0,3g.csv
895,9,8,1,1a.csv
895,8,8,0,1b.csv
895,2,2,0,1c.csv
895,0,0,0,1e.csv
895,0,0,0,1f.csv
895,1,0,1,1g.csv
895,0,0,0,1h.csv
895,0,0,0,1i.csv
895,4,3,1,1j.csv
895,2,2,0,1k.csv
895,1,1,0,1l.csv
895,1,1,0,1m.csv
895,2,2,0,2a.csv
895,0,0,0,2b.csv
895,1,1,0,2c.csv
895,1,1,0,2d.csv
895,0,0,0,2e.csv
895,1,1,0,2f.csv
895,0,0,0,2g.csv
895,0,0,0,2h.csv
895,0,0,0,2i.csv
895,0,0,0,2j.csv
895,1,1,0,2k.csv
895,0,0,0,2l.csv
895,28,25,3,3a.csv
895,19,19,0,3b.csv
895,8,3,5,3c.csv
895,8,3,5,3d.csv
895,3,3,0,3e.csv
895,15,14,1,3f.csv
895,6,6,0,3g.csv
896,10,9,1,1a.csv
896,7,7,0,1b.csv
896,1,1,0,1c.csv
896,0,0,0,1e.csv
896,0,0,0,1f.csv
896,1,0,1,1g.csv
896,0,0,0,1h.csv
896,0,0,0,1i.csv
896,5,4,1,1j.csv
896,1,1,0,1k.csv
896,1,1,0,1l.csv
896,0,0,0,1m.csv
896,2,2,0,2a.csv
896,0,0,0,2b.csv
896,1,1,0,2c.csv
896,1,1,0,2d.csv
896,0,0,0,2e.csv
896,1,1,0,2f.csv
896,0,0,0,2g.csv
896,0,0,0,2h.csv
896,0,0,0,2i.csv
896,0,0,0,2j.csv
896,1,1,0,2k.csv
896,0,0,0,2l.csv
896,34,30,4,3a.csv
896,21,20,1,3b.csv
896,9,3,6,3c.csv
896,9,3,6,3d.csv
896,3,3,0,3e.csv
896,16,15,1,3f.csv
896,5,5,0,3g.csv
897,11,10,1,1a.csv
897,8,8,0,1b.csv
897,1,1,0,1c.csv
897,0,0,0,1e.csv
897,0,0,0,1f.csv
897,1,0,1,1g.csv
897,0,0,0,1h.csv
897,0,0,0,1i.csv
897,4,3,1,1j.csv
897,1,1,0,1k.csv
897,1,1,0,1l.csv
897,1,1,0,1m.csv
897,2,2,0,2a.csv
897,0,0,0,2b.csv
897,1,1,0,2c.csv
897,1,1,0,2d.csv
897,0,0,0,2e.csv
897,0,0,0,2f.csv
897,0,0,0,2g.csv
897,0,0,0,2h.csv
897,0,0,0,2i.csv
897,0,0,0,2j.csv
897,1,1,0,2k.csv
897,0,0,0,2l.csv
897,34,30,4,3a.csv
897,22,19,3,3b.csv
897,8,2,6,3c.csv
897,8,2,6,3d.csv
897,3,3,0,3e.csv
897,14,14,0,3f.csv
897,5,5,0,3g.csv
898,12,11,1,1a.csv
898,8,8,0,1b.csv
898,1,1,0,1c.csv
898,0,0,0,1e.csv
898,0,0,0,1f.csv
898,1,0,1,1g.csv
898,0,0,0,1h.csv
898,0,0,0,1i.csv
898,4,3,1,1j.csv
898,1,1,0,1k.csv
898,1,1,0,1l.csv
898,1,1,0,1m.csv
898,2,2,0,2a.csv
898,0,0,0,2b.csv
898,1,1,0,2c.csv
898,1,1,0,2d.csv
898,0,0,0,2e.csv
898,0,0,0,2f.csv
898,0,0,0,2g.csv
898,0,0,0,2h.csv
898,0,0,0,2i.csv
898,0,0,0,2j.csv
898,1,1,0,2k.csv
898,2,2,0,2l.csv
898,36,32,4,3a.csv
898,20,17,3,3b.csv
898,9,2,7,3c.csv
898,9,2,7,3d.csv
898,3,3,0,3e.csv
898,14,14,0,3f.csv
898,6,6,0,3g.csv
899,11,10,1,1a.csv
899,7,7,0,1b.csv
899,2,1,1,1c.csv
899,0,0,0,1e.csv
899,2,1,1,1f.csv
899,1,0,1,1g.csv
899,0,0,0,1h.csv
899,0,0,0,1i.csv
899,4,3,1,1j.csv
899,1,1,0,1k.csv
899,1,1,0,1l.csv
899,1,1,0,1m.csv
899,1,1,0,2a.csv
899,0,0,0,2b.csv
899,2,1,1,2c.csv
899,1,1,0,2d.csv
899,0,0,0,2e.csv
899,0,0,0,2f.csv
899,0,0,0,2g.csv
899,0,0,0,2h.csv
899,0,0,0,2i.csv
899,0,0,0,2j.csv
899,0,0,0,2k.csv
899,2,2,0,2l.csv
899,38,36,2,3a.csv
899,23,20,3,3b.csv
899,6,1,5,3c.csv
899,6,1,5,3d.csv
899,6,6,0,3e.csv
899,13,13,0,3f.csv
899,4,4,0,3g.csv
900,12,11,1,1a.csv
900,6,6,0,1b.csv
900,2,1,1,1c.csv
900,0,0,0,1e.csv
900,2,1,1,1f.csv
900,1,0,1,1g.csv
900,0,0,0,1h.csv
900,0,0,0,1i.csv
900,3,2,1,1j.csv
900,1,1,0,1k.csv
900,1,1,0,1l.csv
900,1,1,0,1m.csv
900,1,1,0,2a.csv
900,0,0,0,2b.csv
900,3,2,1,2c.csv
900,1,1,0,2d.csv
900,0,0,0,2e.csv
900,0,0,0,2f.csv
900,0,0,0,2g.csv
900,0,0,0,2h.csv
900,0,0,0,2i.csv
900,0,0,0,2j.csv
900,0,0,0,2k.csv
900,2,2,0,2l.csv
900,43,40,3,3a.csv
900,28,24,4,3b.csv
900,7,2,5,3c.csv
900,7,2,5,3d.csv
900,6,6,0,3e.csv
900,14,13,1,3f.csv
900,2,2,0,3g.csv
901,10,9,1,1a.csv
901,5,5,0,1b.csv
901,3,1,2,1c.csv
901,0,0,0,1e.csv
901,2,1,1,1f.csv
901,1,0,1,1g.csv
901,0,0,0,1h.csv
901,0,0,0,1i.csv
901,4,3,1,1j.csv
901,0,0,0,1k.csv
901,1,1,0,1l.csv
901,1,1,0,1m.csv
901,1,1,0,2a.csv
901,0,0,0,2b.csv
901,3,2,1,2c.csv
901,0,0,0,2d.csv
901,0,0,0,2e.csv
901,0,0,0,2f.csv
901,0,0,0,2g.csv
901,0,0,0,2h.csv
901,0,0,0,2i.csv
901,0,0,0,2j.csv
901,0,0,0,2k.csv
901,3,3,0,2l.csv
901,40,37,3,3a.csv
901,31,27,4,3b.csv
901,8,3,5,3c.csv
901,8,3,5,3d.csv
901,5,5,0,3e.csv
901,14,13,1,3f.csv
901,2,2,0,3g.csv
902,10,9,1,1a.csv
902,4,4,0,1b.csv
902,5,2,3,1c.csv
902,0,0,0,1e.csv
902,2,1,1,1f.csv
902,0,0,0,1g.csv
902,0,0,0,1h.csv
902,0,0,0,1i.csv
902,3,2,1,1j.csv
902,0,0,0,1k.csv
902,1,1,0,1l.csv
902,1,1,0,1m.csv
902,1,1,0,2a.csv
902,0,0,0,2b.csv
902,3,2,1,2c.csv
902,0,0,0,2d.csv
902,0,0,0,2e.csv
902,0,0,0,2f.csv
902,0,0,0,2g.csv
902,0,0,0,2h.csv
902,0,0,0,2i.csv
902,0,0,0,2j.csv
902,0,0,0,2k.csv
902,3,3,0,2l.csv
902,43,40,3,3a.csv
902,31,27,4,3b.csv
902,4,2,2,3c.csv
902,4,2,2,3d.csv
902,5,5,0,3e.csv
902,12,11,1,3f.csv
902,2,2,0,3g.csv
903,7,7,0,1a.csv
903,3,3,0,1b.csv
903,6,3,3,1c.csv
903,0,0,0,1e.csv
903,2,1,1,1f.csv
903,0,0,0,1g.csv
903,0,0,0,1h.csv
903,0,0,0,1i.csv
903,2,2,0,1j.csv
903,0,0,0,1k.csv
903,0,0,0,1l.csv
903,1,1,0,1m.csv
903,1,1,0,2a.csv
903,0,0,0,2b.csv
903,2,1,1,2c.csv
903,0,0,0,2d.csv
903,0,0,0,2e.csv
903,0,0,0,2f.csv
903,0,0,0,2g.csv
903,0,0,0,2h.csv
903,0,0,0,2i.csv
903,0,0,0,2j.csv
903,0,0,0,2k.csv
903,4,4,0,2l.csv
903,44,41,3,3a.csv
903,31,26,5,3b.csv
903,4,2,2,3c.csv
903,4,2,2,3d.csv
903,6,5,1,3e.csv
903,11,10,1,3f.csv
903,2,2,0,3g.csv
904,6,6,0,1a.csv
904,2,2,0,1b.csv
904,6,3,3,1c.csv
904,1,0,1,1e.csv
904,2,1,1,1f.csv
904,0,0,0,1g.csv
904,0,0,0,1h.csv
904,0,0,0,1i.csv
904,1,1,0,1j.csv
904,0,0,0,1k.csv
904,0,0,0,1l.csv
904,1,1,0,1m.csv
904,2,2,0,2a.csv
904,0,0,0,2b.csv
904,2,1,1,2c.csv
904,0,0,0,2d.csv
904,0,0,0,2e.csv
904,0,0,0,2f.csv
904,0,0,0,2g.csv
904,0,0,0,2h.csv
904,0,0,0,2i.csv
904,0,0,0,2j.csv
904,0,0,0,2k.csv
904,4,4,0,2l.csv
904,39,37,2,3a.csv
904,32,28,4,3b.csv
904,3,2,1,3c.csv
904,3,2,1,3d.csv
904,5,4,1,3e.csv
904,9,8,1,3f.csv
904,2,2,0,3g.csv
905,7,7,0,1a.csv
905,0,0,0,1b.csv
905,7,3,4,1c.csv
905,1,0,1,1e.csv
905,2,1,1,1f.csv
905,0,0,0,1g.csv
905,0,0,0,1h.csv
905,0,0,0,1i.csv
905,1,1,0,1j.csv
905,1,1,0,1k.csv
905,0,0,0,1l.csv
905,0,0,0,1m.csv
905,2,2,0,2a.csv
905,0,0,0,2b.csv
905,2,1,1,2c.csv
905,0,0,0,2d.csv
905,0,0,0,2e.csv
905,0,0,0,2f.csv
905,0,0,0,2g.csv
905,0,0,0,2h.csv
905,0,0,0,2i.csv
905,0,0,0,2j.csv
905,0,0,0,2k.csv
905,4,4,0,2l.csv
905,38,36,2,3a.csv
905,34,32,2,3b.csv
905,3,2,1,3c.csv
905,3,2,1,3d.csv
905,6,5,1,3e.csv
905,10,9,1,3f.csv
905,2,2,0,3g.csv
906,8,8,0,1a.csv
906,0,0,0,1b.csv
906,6,2,4,1c.csv
906,1,0,1,1e.csv
906,2,1,1,1f.csv
906,0,0,0,1g.csv
906,0,0,0,1h.csv
906,0,0,0,1i.csv
906,1,1,0,1j.csv
906,1,1,0,1k.csv
906,0,0,0,1l.csv
906,0,0,0,1m.csv
906,2,2,0,2a.csv
906,0,0,0,2b.csv
906,2,1,1,2c.csv
906,0,0,0,2d.csv
906,0,0,0,2e.csv
906,0,0,0,2f.csv
906,0,0,0,2g.csv
906,0,0,0,2h.csv
906,0,0,0,2i.csv
906,0,0,0,2j.csv
906,0,0,0,2k.csv
906,2,2,0,2l.csv
906,36,32,4,3a.csv
906,36,33,3,3b.csv
906,2,2,0,3c.csv
906,2,2,0,3d.csv
906,6,5,1,3e.csv
906,8,7,1,3f.csv
906,1,1,0,3g.csv
907,8,8,0,1a.csv
907,0,0,0,1b.csv
907,6,2,4,1c.csv
907,1,0,1,1e.csv
907,0,0,0,1f.csv
907,0,0,0,1g.csv
907,0,0,0,1h.csv
907,0,0,0,1i.csv
907,1,1,0,1j.csv
907,1,1,0,1k.csv
907,0,0,0,1l.csv
907,0,0,0,1m.csv
907,3,2,1,2a.csv
907,0,0,0,2b.csv
907,1,1,0,2c.csv
907,0,0,0,2d.csv
907,0,0,0,2e.csv
907,0,0,0,2f.csv
907,0,0,0,2g.csv
907,0,0,0,2h.csv
907,0,0,0,2i.csv
907,0,0,0,2j.csv
907,0,0,0,2k.csv
907,2,2,0,2l.csv
907,31,27,4,3a.csv
907,38,35,3,3b.csv
907,3,3,0,3c.csv
907,3,3,0,3d.csv
907,7,6,1,3e.csv
907,7,6,1,3f.csv
907,1,1,0,3g.csv
908,8,8,0,1a.csv
908,0,0,0,1b.csv
908,8,3,5,1c.csv
908,1,0,1,1e.csv
908,0,0,0,1f.csv
908,0,0,0,1g.csv
908,0,0,0,1h.csv
908,0,0,0,1i.csv
908,2,2,0,1j.csv
908,1,1,0,1k.csv
908,1,1,0,1l.csv
908,0,0,0,1m.csv
908,2,1,1,2a.csv
908,0,0,0,2b.csv
908,0,0,0,2c.csv
908,0,0,0,2d.csv
908,0,0,0,2e.csv
908,0,0,0,2f.csv
908,0,0,0,2g.csv
908,0,0,0,2h.csv
908,0,0,0,2i.csv
908,0,0,0,2j.csv
908,0,0,0,2k.csv
908,3,3,0,2l.csv
908,23,20,3,3a.csv
908,36,33,3,3b.csv
908,3,3,0,3c.csv
908,3,3,0,3d.csv
908,6,5,1,3e.csv
908,6,6,0,3f.csv
908,1,1,0,3g.csv
909,9,9,0,1a.csv
909,0,0,0,1b.csv
909,7,3,4,1c.csv
909,1,0,1,1e.csv
909,0,0,0,1f.csv
909,0,0,0,1g.csv
909,0,0,0,1h.csv
909,0,0,0,1i.csv
909,1,1,0,1j.csv
909,1,1,0,1k.csv
909,1,1,0,1l.csv
909,0,0,0,1m.csv
909,2,1,1,2a.csv
909,0,0,0,2b.csv
909,1,1,0,2c.csv
909,0,0,0,2d.csv
909,0,0,0,2e.csv
909,0,0,0,2f.csv
909,0,0,0,2g.csv
909,0,0,0,2h.csv
909,0,0,0,2i.csv
909,0,0,0,2j.csv
909,0,0,0,2k.csv
909,2,2,0,2l.csv
909,23,19,4,3a.csv
909,37,34,3,3b.csv
909,2,2,0,3c.csv
909,2,2,0,3d.csv
909,6,5,1,3e.csv
909,7,7,0,3f.csv
909,0,0,0,3g.csv
910,8,8,0,1a.csv
910,1,1,0,1b.csv
910,5,2,3,1c.csv
910,1,0,1,1e.csv
910,0,0,0,1f.csv
910,0,0,0,1g.csv
910,0,0,0,1h.csv
910,0,0,0,1i.csv
910,1,1,0,1j.csv
910,1,1,0,1k.csv
910,1,1,0,1l.csv
910,0,0,0,1m.csv
910,2,1,1,2a.csv
910,0,0,0,2b.csv
910,1,1,0,2c.csv
910,0,0,0,2d.csv
910,0,0,0,2e.csv
910,0,0,0,2f.csv
910,0,0,0,2g.csv
910,0,0,0,2h.csv
910,0,0,0,2i.csv
910,0,0,0,2j.csv
910,0,0,0,2k.csv
910,2,2,0,2l.csv
910,17,12,5,3a.csv
910,38,35,3,3b.csv
910,2,2,0,3c.csv
910,2,2,0,3d.csv
910,6,5,1,3e.csv
910,6,6,0,3f.csv
910,0,0,0,3g.csv
911,8,8,0,1a.csv
911,3,3,0,1b.csv
911,4,1,3,1c.csv
911,1,0,1,1e.csv
911,0,0,0,1f.csv
911,0,0,0,1g.csv
911,0,0,0,1h.csv
911,0,0,0,1i.csv
911,1,1,0,1j.csv
911,1,1,0,1k.csv
911,1,1,0,1l.csv
911,0,0,0,1m.csv
911,2,1,1,2a.csv
911,0,0,0,2b.csv
911,1,1,0,2c.csv
911,0,0,0,2d.csv
911,0,0,0,2e.csv
911,0,0,0,2f.csv
911,0,0,0,2g.csv
911,0,0,0,2h.csv
911,0,0,0,2i.csv
911,0,0,0,2j.csv
911,0,0,0,2k.csv
911,1,1,0,2l.csv
911,14,9,5,3a.csv
911,40,37,3,3b.csv
911,2,2,0,3c.csv
911,2,2,0,3d.csv
911,7,7,0,3e.csv
911,8,8,0,3f.csv
911,0,0,0,3g.csv
912,8,8,0,1a.csv
912,4,4,0,1b.csv
912,5,2,3,1c.csv
912,0,0,0,1e.csv
912,0,0,0,1f.csv
912,0,0,0,1g.csv
912,0,0,0,1h.csv
912,0,0,0,1i.csv
912,1,1,0,1j.csv
912,1,1,0,1k.csv
912,1,1,0,1l.csv
912,0,0,0,1m.csv
912,1,0,1,2a.csv
912,0,0,0,2b.csv
912,3,3,0,2c.csv
912,0,0,0,2d.csv
912,0,0,0,2e.csv
912,0,0,0,2f.csv
912,0,0,0,2g.csv
912,0,0,0,2h.csv
912,0,0,0,2i.csv
912,0,0,0,2j.csv
912,0,0,0,2k.csv
912,1,1,0,2l.csv
912,13,8,5,3a.csv
912,37,34,3,3b.csv
912,2,2,0,3c.csv
912,2,2,0,3d.csv
912,8,8,0,3e.csv
912,9,9,0,3f.csv
912,0,0,0,3g.csv
913,7,7,0,1a.csv
913,4,4,0,1b.csv
913,4,2,2,1c.csv
913,0,0,0,1e.csv
913,0,0,0,1f.csv
913,0,0,0,1g.csv
913,0,0,0,1h.csv
913,0,0,0,1i.csv
913,1,1,0,1j.csv
913,1,0,1,1k.csv
913,1,1,0,1l.csv
913,0,0,0,1m.csv
913,1,0,1,2a.csv
913,0,0,0,2b.csv
913,3,3,0,2c.csv
913,0,0,0,2d.csv
913,0,0,0,2e.csv
913,0,0,0,2f.csv
913,0,0,0,2g.csv
913,0,0,0,2h.csv
913,0,0,0,2i.csv
913,0,0,0,2j.csv
913,0,0,0,2k.csv
913,1,1,0,2l.csv
913,13,7,6,3a.csv
913,30,27,3,3b.csv
913,2,2,0,3c.csv
913,2,2,0,3d.csv
913,7,7,0,3e.csv
913,12,12,0,3f.csv
913,0,0,0,3g.csv
914,7,6,1,1a.csv
914,4,4,0,1b.csv
914,5,3,2,1c.csv
914,0,0,0,1e.csv
914,2,2,0,1f.csv
914,0,0,0,1g.csv
914,0,0,0,1h.csv
914,0,0,0,1i.csv
914,2,2,0,1j.csv
914,1,0,1,1k.csv
914,1,1,0,1l.csv
914,0,0,0,1m.csv
914,2,0,2,2a.csv
914,0,0,0,2b.csv
914,3,3,0,2c.csv
914,0,0,0,2d.csv
914,0,0,0,2e.csv
914,0,0,0,2f.csv
914,0,0,0,2g.csv
914,0,0,0,2h.csv
914,0,0,0,2i.csv
914,0,0,0,2j.csv
914,0,0,0,2k.csv
914,1,1,0,2l.csv
914,10,6,4,3a.csv
914,28,26,2,3b.csv
914,3,2,1,3c.csv
914,3,2,1,3d.csv
914,7,7,0,3e.csv
914,14,14,0,3f.csv
914,0,0,0,3g.csv
915,7,6,1,1a.csv
915,4,4,0,1b.csv
915,4,3,1,1c.csv
915,0,0,0,1e.csv
915,2,2,0,1f.csv
915,0,0,0,1g.csv
915,0,0,0,1h.csv
915,0,0,0,1i.csv
915,4,3,1,1j.csv
915,1,0,1,1k.csv
915,1,1,0,1l.csv
915,0,0,0,1m.csv
915,1,0,1,2a.csv
915,0,0,0,2b.csv
915,3,3,0,2c.csv
915,0,0,0,2d.csv
915,0,0,0,2e.csv
915,0,0,0,2f.csv
915,0,0,0,2g.csv
915,0,0,0,2h.csv
915,0,0,0,2i.csv
915,0,0,0,2j.csv
915,0,0,0,2k.csv
915,1,1,0,2l.csv
915,9,6,3,3a.csv
915,22,20,2,3b.csv
915,3,2,1,3c.csv
915,3,2,1,3d.csv
915,4,4,0,3e.csv
915,15,15,0,3f.csv
915,0,0,0,3g.csv
916,5,4,1,1a.csv
916,4,4,0,1b.csv
916,2,2,0,1c.csv
916,0,0,0,1e.csv
916,2,2,0,1f.csv
916,0,0,0,1g.csv
916,0,0,0,1h.csv
916,1,0,1,1i.csv
916,3,2,1,1j.csv
916,1,0,1,1k.csv
916,0,0,0,1l.csv
916,0,0,0,1m.csv
916,1,0,1,2a.csv
916,0,0,0,2b.csv
916,3,3,0,2c.csv
916,0,0,0,2d.csv
916,0,0,0,2e.csv
916,0,0,0,2f.csv
916,0,0,0,2g.csv
916,0,0,0,2h.csv
916,0,0,0,2i.csv
916,0,0,0,2j.csv
916,0,0,0,2k.csv
916,0,0,0,2l.csv
916,11,7,4,3a.csv
916,19,18,1,3b.csv
916,3,2,1,3c.csv
916,3,2,1,3d.csv
916,5,5,0,3e.csv
916,17,17,0,3f.csv
916,0,0,0,3g.csv
917,4,3,1,1a.csv
917,4,4,0,1b.csv
917,3,3,0,1c.csv
917,0,0,0,1e.csv
917,2,2,0,1f.csv
917,0,0,0,1g.csv
917,0,0,0,1h.csv
917,1,0,1,1i.csv
917,4,2,2,1j.csv
917,1,0,1,1k.csv
917,0,0,0,1l.csv
917,0,0,0,1m.csv
917,1,0,1,2a.csv
917,0,0,0,2b.csv
917,2,2,0,2c.csv
917,0,0,0,2d.csv
917,0,0,0,2e.csv
917,0,0,0,2f.csv
917,0,0,0,2g.csv
917,0,0,0,2h.csv
917,0,0,0,2i.csv
917,0,0,0,2j.csv
917,0,0,0,2k.csv
917,0,0,0,2l.csv
917,9,6,3,3a.csv
917,18,15,3,3b.csv
917,3,2,1,3c.csv
917,3,2,1,3d.csv
917,6,6,0,3e.csv
917,17,17,0,3f.csv
917,1,1,0,3g.csv
918,4,3,1,1a.csv
918,4,4,0,1b.csv
918,4,4,0,1c.csv
918,0,0,0,1e.csv
918,2,2,0,1f.csv
918,0,0,0,1g.csv
918,0,0,0,1h.csv
918,1,0,1,1i.csv
918,5,2,3,1j.csv
918,1,0,1,1k.csv
918,0,0,0,1l.csv
918,0,0,0,1m.csv
918,1,0,1,2a.csv
918,0,0,0,2b.csv
918,2,2,0,2c.csv
918,0,0,0,2d.csv
918,0,0,0,2e.csv
918,0,0,0,2f.csv
918,0,0,0,2g.csv
918,0,0,0,2h.csv
918,0,0,0,2i.csv
918,0,0,0,2j.csv
918,1,0,1,2k.csv
918,0,0,0,2l.csv
918,9,7,2,3a.csv
918,17,14,3,3b.csv
918,3,2,1,3c.csv
918,3,2,1,3d.csv
918,7,7,0,3e.csv
918,18,18,0,3f.csv
918,1,1,0,3g.csv
919,4,2,2,1a.csv
919,2,2,0,1b.csv
919,4,4,0,1c.csv
919,0,0,0,1e.csv
919,2,2,0,1f.csv
919,1,1,0,1g.csv
919,0,0,0,1h.csv
919,1,0,1,1i.csv
919,5,2,3,1j.csv
919,1,0,1,1k.csv
919,1,1,0,1l.csv
919,0,0,0,1m.csv
919,1,0,1,2a.csv
919,0,0,0,2b.csv
919,2,2,0,2c.csv
919,0,0,0,2d.csv
919,0,0,0,2e.csv
919,0,0,0,2f.csv
919,0,0,0,2g.csv
919,0,0,0,2h.csv
919,0,0,0,2i.csv
919,0,0,0,2j.csv
919,1,0,1,2k.csv
919,0,0,0,2l.csv
919,11,9,2,3a.csv
919,13,11,2,3b.csv
919,3,2,1,3c.csv
919,3,2,1,3d.csv
919,5,5,0,3e.csv
919,17,17,0,3f.csv
919,1,1,0,3g.csv
920,4,2,2,1a.csv
920,1,1,0,1b.csv
920,3,3,0,1c.csv
920,0,0,0,1e.csv
920,2,2,0,1f.csv
920,2,2,0,1g.csv
920,0,0,0,1h.csv
920,1,0,1,1i.csv
920,5,2,3,1j.csv
920,1,0,1,1k.csv
920,1,1,0,1l.csv
920,0,0,0,1m.csv
920,1,0,1,2a.csv
920,0,0,0,2b.csv
920,0,0,0,2c.csv
920,0,0,0,2d.csv
920,0,0,0,2e.csv
920,0,0,0,2f.csv
920,0,0,0,2g.csv
920,0,0,0,2h.csv
920,0,0,0,2i.csv
920,0,0,0,2j.csv
920,1,0,1,2k.csv
920,0,0,0,2l.csv
920,10,8,2,3a.csv
920,14,11,3,3b.csv
920,5,2,3,3c.csv
920,5,2,3,3d.csv
920,4,4,0,3e.csv
920,17,17,0,3f.csv
920,1,1,0,3g.csv
921,3,1,2,1a.csv
921,1,1,0,1b.csv
921,3,3,0,1c.csv
921,0,0,0,1e.csv
921,3,3,0,1f.csv
921,2,2,0,1g.csv
921,0,0,0,1h.csv
921,1,0,1,1i.csv
921,6,3,3,1j.csv
921,0,0,0,1k.csv
921,1,1,0,1l.csv
921,0,0,0,1m.csv
921,2,1,1,2a.csv
921,0,0,0,2b.csv
921,0,0,0,2c.csv
921,0,0,0,2d.csv
921,0,0,0,2e.csv
921,0,0,0,2f.csv
921,0,0,0,2g.csv
921,0,0,0,2h.csv
921,0,0,0,2i.csv
921,0,0,0,2j.csv
921,1,0,1,2k.csv
921,0,0,0,2l.csv
921,12,11,1,3a.csv
921,15,12,3,3b.csv
921,7,3,4,3c.csv
921,7,3,4,3d.csv
921,5,5,0,3e.csv
921,13,13,0,3f.csv
921,1,1,0,3g.csv
922,2,1,1,1a.csv
922,2,2,0,1b.csv
922,2,2,0,1c.csv
922,0,0,0,1e.csv
922,1,1,0,1f.csv
922,2,2,0,1g.csv
922,0,0,0,1h.csv
922,1,0,1,1i.csv
922,6,2,4,1j.csv
922,0,0,0,1k.csv
922,2,2,0,1l.csv
922,0,0,0,1m.csv
922,1,1,0,2a.csv
922,0,0,0,2b.csv
922,0,0,0,2c.csv
922,0,0,0,2d.csv
922,0,0,0,2e.csv
922,0,0,0,2f.csv
922,0,0,0,2g.csv
922,0,0,0,2h.csv
922,0,0,0,2i.csv
922,0,0,0,2j.csv
922,1,0,1,2k.csv
922,0,0,0,2l.csv
922,14,12,2,3a.csv
922,17,14,3,3b.csv
922,8,4,4,3c.csv
922,8,4,4,3d.csv
922,7,7,0,3e.csv
922,11,11,0,3f.csv
922,1,1,0,3g.csv
923,2,1,1,1a.csv
923,2,2,0,1b.csv
923,2,2,0,1c.csv
923,0,0,0,1e.csv
923,4,4,0,1f.csv
923,2,2,0,1g.csv
923,0,0,0,1h.csv
923,1,0,1,1i.csv
923,5,2,3,1j.csv
923,0,0,0,1k.csv
923,2,2,0,1l.csv
923,0,0,0,1m.csv
923,1,1,0,2a.csv
923,0,0,0,2b.csv
923,0,0,0,2c.csv
923,0,0,0,2d.csv
923,0,0,0,2e.csv
923,0,0,0,2f.csv
923,0,0,0,2g.csv
923,0,0,0,2h.csv
923,0,0,0,2i.csv
923,0,0,0,2j.csv
923,1,0,1,2k.csv
923,0,0,0,2l.csv
923,15,13,2,3a.csv
923,19,16,3,3b.csv
923,9,5,4,3c.csv
923,9,5,4,3d.csv
923,8,8,0,3e.csv
923,10,10,0,3f.csv
923,1,1,0,3g.csv
924,2,1,1,1a.csv
924,2,2,0,1b.csv
924,2,2,0,1c.csv
924,0,0,0,1e.csv
924,4,4,0,1f.csv
924,3,3,0,1g.csv
924,0,0,0,1h.csv
924,0,0,0,1i.csv
924,5,2,3,1j.csv
924,0,0,0,1k.csv
924,2,2,0,1l.csv
924,0,0,0,1m.csv
924,1,1,0,2a.csv
924,0,0,0,2b.csv
924,0,0,0,2c.csv
924,0,0,0,2d.csv
924,1,1,0,2e.csv
924,0,0,0,2f.csv
924,0,0,0,2g.csv
924,0,0,0,2h.csv
924,0,0,0,2i.csv
924,0,0,0,2j.csv
924,1,0,1,2k.csv
924,0,0,0,2l.csv
924,13,12,1,3a.csv
924,18,15,3,3b.csv
924,8,4,4,3c.csv
924,8,4,4,3d.csv
924,8,8,0,3e.csv
924,8,8,0,3f.csv
924,1,1,0,3g.csv
925,2,1,1,1a.csv
925,2,2,0,1b.csv
925,1,1,0,1c.csv
925,0,0,0,1e.csv
925,4,4,0,1f.csv
925,4,4,0,1g.csv
925,0,0,0,1h.csv
925,0,0,0,1i.csv
925,4,2,2,1j.csv
925,0,0,0,1k.csv
925,2,2,0,1l.csv
925,0,0,0,1m.csv
925,1,1,0,2a.csv
925,0,0,0,2b.csv
925,0,0,0,2c.csv
925,0,0,0,2d.csv
925,2,2,0,2e.csv
925,0,0,0,2f.csv
925,0,0,0,2g.csv
925,0,0,0,2h.csv
925,0,0,0,2i.csv
925,0,0,0,2j.csv
925,1,0,1,2k.csv
925,0,0,0,2l.csv
925,14,13,1,3a.csv
925,14,13,1,3b.csv
925,9,5,4,3c.csv
925,9,5,4,3d.csv
925,7,7,0,3e.csv
925,7,7,0,3f.csv
925,0,0,0,3g.csv
926,2,1,1,1a.csv
926,1,1,0,1b.csv
926,0,0,0,1c.csv
926,0,0,0,1e.csv
926,4,4,0,1f.csv
926,4,4,0,1g.csv
926,0,0,0,1h.csv
926,0,0,0,1i.csv
926,4,3,1,1j.csv
926,0,0,0,1k.csv
926,2,2,0,1l.csv
926,0,0,0,1m.csv
926,2,2,0,2a.csv
926,1,1,0,2b.csv
926,0,0,0,2c.csv
926,0,0,0,2d.csv
926,2,2,0,2e.csv
926,0,0,0,2f.csv
926,0,0,0,2g.csv
926,0,0,0,2h.csv
926,0,0,0,2i.csv
926,0,0,0,2j.csv
926,0,0,0,2k.csv
926,0,0,0,2l.csv
926,16,14,2,3a.csv
926,14,12,2,3b.csv
926,9,5,4,3c.csv
926,9,5,4,3d.csv
926,9,8,1,3e.csv
926,6,6,0,3f.csv
926,0,0,0,3g.csv
927,2,2,0,1a.csv
927,2,2,0,1b.csv
927,0,0,0,1c.csv
927,0,0,0,1e.csv
927,4,4,0,1f.csv
927,3,3,0,1g.csv
927,0,0,0,1h.csv
927,0,0,0,1i.csv
927,5,4,1,1j.csv
927,0,0,0,1k.csv
927,1,1,0,1l.csv
927,0,0,0,1m.csv
927,2,2,0,2a.csv
927,1,1,0,2b.csv
927,0,0,0,2c.csv
927,0,0,0,2d.csv
927,2,2,0,2e.csv
927,0,0,0,2f.csv
927,0,0,0,2g.csv
927,0,0,0,2h.csv
927,0,0,0,2i.csv
927,0,0,0,2j.csv
927,0,0,0,2k.csv
927,0,0,0,2l.csv
927,14,12,2,3a.csv
927,15,12,3,3b.csv
927,10,6,4,3c.csv
927,10,6,4,3d.csv
927,10,9,1,3e.csv
927,6,6,0,3f.csv
927,0,0,0,3g.csv
928,2,2,0,1a.csv
928,2,2,0,1b.csv
928,0,0,0,1c.csv
928,0,0,0,1e.csv
928,4,4,0,1f.csv
928,3,3,0,1g.csv
928,1,0,1,1h.csv
928,0,0,0,1i.csv
928,6,5,1,1j.csv
928,0,0,0,1k.csv
928,2,2,0,1l.csv
928,0,0,0,1m.csv
928,2,2,0,2a.csv
928,1,1,0,2b.csv
928,0,0,0,2c.csv
928,0,0,0,2d.csv
928,2,2,0,2e.csv
928,0,0,0,2f.csv
928,0,0,0,2g.csv
928,0,0,0,2h.csv
928,0,0,0,2i.csv
928,0,0,0,2j.csv
928,0,0,0,2k.csv
928,0,0,0,2l.csv
928,15,13,2,3a.csv
928,14,11,3,3b.csv
928,9,6,3,3c.csv
928,9,6,3,3d.csv
928,11,10,1,3e.csv
928,4,4,0,3f.csv
928,0,0,0,3g.csv
929,4,4,0,1a.csv
929,2,2,0,1b.csv
929,0,0,0,1c.csv
929,1,1,0,1e.csv
929,4,4,0,1f.csv
929,3,3,0,1g.csv
929,1,0,1,1h.csv
929,0,0,0,1i.csv
929,5,4,1,1j.csv
929,0,0,0,1k.csv
929,2,2,0,1l.csv
929,0,0,0,1m.csv
929,1,1,0,2a.csv
929,1,1,0,2b.csv
929,0,0,0,2c.csv
929,1,1,0,2d.csv
929,2,2,0,2e.csv
929,0,0,0,2f.csv
929,0,0,0,2g.csv
929,0,0,0,2h.csv
929,0,0,0,2i.csv
929,0,0,0,2j.csv
929,0,0,0,2k.csv
929,0,0,0,2l.csv
929,15,13,2,3a.csv
929,12,9,3,3b.csv
929,7,5,2,3c.csv
929,7,5,2,3d.csv
929,10,9,1,3e.csv
929,3,3,0,3f.csv
929,0,0,0,3g.csv
930,3,3,0,1a.csv
930,1,1,0,1b.csv
930,0,0,0,1c.csv
930,1,1,0,1e.csv
930,4,4,0,1f.csv
930,3,3,0,1g.csv
930,2,1,1,1h.csv
930,0,0,0,1i.csv
930,5,4,1,1j.csv
930,0,0,0,1k.csv
930,1,1,0,1l.csv
930,0,0,0,1m.csv
930,1,1,0,2a.csv
930,1,1,0,2b.csv
930,0,0,0,2c.csv
930,1,1,0,2d.csv
930,2,2,0,2e.csv
930,0,0,0,2f.csv
930,0,0,0,2g.csv
930,0,0,0,2h.csv
930,0,0,0,2i.csv
930,0,0,0,2j.csv
930,0,0,0,2k.csv
930,0,0,0,2l.csv
930,15,14,1,3a.csv
930,11,8,3,3b.csv
930,7,6,1,3c.csv
930,7,6,1,3d.csv
930,8,7,1,3e.csv
930,4,3,1,3f.csv
930,0,0,0,3g.csv
931,3,3,0,1a.csv
931,4,4,0,1b.csv
931,0,0,0,1c.csv
931,1,1,0,1e.csv
931,1,1,0,1f.csv
931,4,4,0,1g.csv
931,2,1,1,1h.csv
931,0,0,0,1i.csv
931,4,3,1,1j.csv
931,1,1,0,1k.csv
931,1,1,0,1l.csv
931,0,0,0,1m.csv
931,1,1,0,2a.csv
931,1,1,0,2b.csv
931,0,0,0,2c.csv
931,1,1,0,2d.csv
931,2,2,0,2e.csv
931,0,0,0,2f.csv
931,0,0,0,2g.csv
931,0,0,0,2h.csv
931,0,0,0,2i.csv
931,0,0,0,2j.csv
931,0,0,0,2k.csv
931,0,0,0,2l.csv
931,15,13,2,3a.csv
931,11,8,3,3b.csv
931,7,6,1,3c.csv
931,7,6,1,3d.csv
931,6,5,1,3e.csv
931,6,5,1,3f.csv
931,0,0,0,3g.csv
932,4,3,1,1a.csv
932,4,4,0,1b.csv
932,0,0,0,1c.csv
932,1,1,0,1e.csv
932,1,1,0,1f.csv
932,4,4,0,1g.csv
932,3,2,1,1h.csv
932,1,0,1,1i.csv
932,4,3,1,1j.csv
932,1,1,0,1k.csv
932,1,1,0,1l.csv
932,0,0,0,1m.csv
932,1,1,0,2a.csv
932,1,1,0,2b.csv
932,0,0,0,2c.csv
932,1,1,0,2d.csv
932,1,1,0,2e.csv
932,0,0,0,2f.csv
932,0,0,0,2g.csv
932,0,0,0,2h.csv
932,0,0,0,2i.csv
932,0,0,0,2j.csv
932,0,0,0,2k.csv
932,0,0,0,2l.csv
932,15,13,2,3a.csv
932,18,14,4,3b.csv
932,9,7,2,3c.csv
932,9,7,2,3d.csv
932,5,4,1,3e.csv
932,7,6,1,3f.csv
932,0,0,0,3g.csv
933,4,3,1,1a.csv
933,6,5,1,1b.csv
933,0,0,0,1c.csv
933,2,2,0,1e.csv
933,1,1,0,1f.csv
933,3,3,0,1g.csv
933,3,2,1,1h.csv
933,1,0,1,1i.csv
933,4,3,1,1j.csv
933,1,1,0,1k.csv
933,1,1,0,1l.csv
933,0,0,0,1m.csv
933,1,1,0,2a.csv
933,1,1,0,2b.csv
933,0,0,0,2c.csv
933,1,1,0,2d.csv
933,0,0,0,2e.csv
933,0,0,0,2f.csv
933,0,0,0,2g.csv
933,0,0,0,2h.csv
933,0,0,0,2i.csv
933,0,0,0,2j.csv
933,0,0,0,2k.csv
933,0,0,0,2l.csv
933,15,13,2,3a.csv
933,17,13,4,3b.csv
933,9,6,3,3c.csv
933,9,6,3,3d.csv
933,5,4,1,3e.csv
933,6,5,1,3f.csv
933,0,0,0,3g.csv
934,4,3,1,1a.csv
934,6,5,1,1b.csv
934,0,0,0,1c.csv
934,2,2,0,1e.csv
934,1,1,0,1f.csv
934,3,3,0,1g.csv
934,3,2,1,1h.csv
934,1,0,1,1i.csv
934,4,3,1,1j.csv
934,1,1,0,1k.csv
934,1,1,0,1l.csv
934,0,0,0,1m.csv
934,0,0,0,2a.csv
934,0,0,0,2b.csv
934,0,0,0,2c.csv
934,1,1,0,2d.csv
934,0,0,0,2e.csv
934,0,0,0,2f.csv
934,0,0,0,2g.csv
934,0,0,0,2h.csv
934,0,0,0,2i.csv
934,0,0,0,2j.csv
934,0,0,0,2k.csv
934,0,0,0,2l.csv
934,12,11,1,3a.csv
934,18,15,3,3b.csv
934,11,8,3,3c.csv
934,11,8,3,3d.csv
934,2,2,0,3e.csv
934,6,5,1,3f.csv
934,0,0,0,3g.csv
935,3,2,1,1a.csv
935,5,4,1,1b.csv
935,0,0,0,1c.csv
935,2,2,0,1e.csv
935,1,1,0,1f.csv
935,3,3,0,1g.csv
935,3,2,1,1h.csv
935,1,0,1,1i.csv
935,3,2,1,1j.csv
935,2,2,0,1k.csv
935,1,1,0,1l.csv
935,0,0,0,1m.csv
935,0,0,0,2a.csv
935,0,0,0,2b.csv
935,0,0,0,2c.csv
935,1,1,0,2d.csv
935,0,0,0,2e.csv
935,0,0,0,2f.csv
935,0,0,0,2g.csv
935,0,0,0,2h.csv
935,0,0,0,2i.csv
935,0,0,0,2j.csv
935,0,0,0,2k.csv
935,0,0,0,2l.csv
935,15,12,3,3a.csv
935,18,16,2,3b.csv
935,12,7,5,3c.csv
935,12,7,5,3d.csv
935,1,1,0,3e.csv
935,4,3,1,3f.csv
935,0,0,0,3g.csv
936,3,2,1,1a.csv
936,5,4,1,1b.csv
936,1,0,1,1c.csv
936,2,2,0,1e.csv
936,2,2,0,1f.csv
936,2,2,0,1g.csv
936,3,2,1,1h.csv
936,1,0,1,1i.csv
936,2,1,1,1j.csv
936,3,3,0,1k.csv
936,0,0,0,1l.csv
936,0,0,0,1m.csv
936,0,0,0,2a.csv
936,0,0,0,2b.csv
936,0,0,0,2c.csv
936,1,1,0,2d.csv
936,0,0,0,2e.csv
936,0,0,0,2f.csv
936,0,0,0,2g.csv
936,0,0,0,2h.csv
936,0,0,0,2i.csv
936,0,0,0,2j.csv
936,0,0,0,2k.csv
936,2,2,0,2l.csv
936,17,14,3,3a.csv
936,21,20,1,3b.csv
936,13,8,5,3c.csv
936,13,8,5,3d.csv
936,1,0,1,3e.csv
936,4,3,1,3f.csv
936,1,1,0,3g.csv
937,3,1,2,1a.csv
937,5,4,1,1b.csv
937,1,0,1,1c.csv
937,1,1,0,1e.csv
937,1,1,0,1f.csv
937,2,2,0,1g.csv
937,3,2,1,1h.csv
937,1,0,1,1i.csv
937,2,1,1,1j.csv
937,3,3,0,1k.csv
937,0,0,0,1l.csv
937,0,0,0,1m.csv
937,0,0,0,2a.csv
937,0,0,0,2b.csv
937,0,0,0,2c.csv
937,0,0,0,2d.csv
937,0,0,0,2e.csv
937,0,0,0,2f.csv
937,0,0,0,2g.csv
937,0,0,0,2h.csv
937,0,0,0,2i.csv
937,0,0,0,2j.csv
937,0,0,0,2k.csv
937,2,2,0,2l.csv
937,21,15,6,3a.csv
937,24,23,1,3b.csv
937,15,9,6,3c.csv
937,15,9,6,3d.csv
937,2,1,1,3e.csv
937,4,3,1,3f.csv
937,1,1,0,3g.csv
938,3,1,2,1a.csv
938,5,4,1,1b.csv
938,1,0,1,1c.csv
938,1,1,0,1e.csv
938,1,1,0,1f.csv
938,2,2,0,1g.csv
938,2,1,1,1h.csv
938,1,0,1,1i.csv
938,1,1,0,1j.csv
938,3,3,0,1k.csv
938,0,0,0,1l.csv
938,0,0,0,1m.csv
938,0,0,0,2a.csv
938,0,0,0,2b.csv
938,0,0,0,2c.csv
938,0,0,0,2d.csv
938,0,0,0,2e.csv
938,0,0,0,2f.csv
938,0,0,0,2g.csv
938,0,0,0,2h.csv
938,0,0,0,2i.csv
938,0,0,0,2j.csv
938,0,0,0,2k.csv
938,2,2,0,2l.csv
938,23,15,8,3a.csv
938,24,23,1,3b.csv
938,15,7,8,3c.csv
938,15,7,8,3d.csv
938,2,1,1,3e.csv
938,3,3,0,3f.csv
938,1,1,0,3g.csv
939,5,2,3,1a.csv
939,2,1,1,1b.csv
939,1,0,1,1c.csv
939,2,2,0,1e.csv
939,1,1,0,1f.csv
939,1,1,0,1g.csv
939,2,1,1,1h.csv
939,1,0,1,1i.csv
939,1,1,0,1j.csv
939,2,2,0,1k.csv
939,0,0,0,1l.csv
939,0,0,0,1m.csv
939,0,0,0,2a.csv
939,0,0,0,2b.csv
939,1,1,0,2c.csv
939,0,0,0,2d.csv
939,0,0,0,2e.csv
939,0,0,0,2f.csv
939,0,0,0,2g.csv
939,0,0,0,2h.csv
939,0,0,0,2i.csv
939,0,0,0,2j.csv
939,0,0,0,2k.csv
939,2,2,0,2l.csv
939,28,19,9,3a.csv
939,26,24,2,3b.csv
939,13,5,8,3c.csv
939,13,5,8,3d.csv
939,2,1,1,3e.csv
939,1,1,0,3f.csv
939,1,1,0,3g.csv
940,5,3,2,1a.csv
940,2,1,1,1b.csv
940,1,0,1,1c.csv
940,2,2,0,1e.csv
940,1,1,0,1f.csv
940,0,0,0,1g.csv
940,1,0,1,1h.csv
940,0,0,0,1i.csv
940,1,1,0,1j.csv
940,2,2,0,1k.csv
940,0,0,0,1l.csv
940,0,0,0,1m.csv
940,2,2,0,2a.csv
940,0,0,0,2b.csv
940,1,1,0,2c.csv
940,0,0,0,2d.csv
940,0,0,0,2e.csv
940,0,0,0,2f.csv
940,0,0,0,2g.csv
940,0,0,0,2h.csv
940,0,0,0,2i.csv
940,0,0,0,2j.csv
940,0,0,0,2k.csv
940,2,2,0,2l.csv
940,31,21,10,3a.csv
940,19,18,1,3b.csv
940,11,4,7,3c.csv
940,11,4,7,3d.csv
940,2,1,1,3e.csv
940,0,0,0,3f.csv
940,1,1,0,3g.csv
941,5,3,2,1a.csv
941,2,1,1,1b.csv
941,2,1,1,1c.csv
941,1,1,0,1e.csv
941,1,1,0,1f.csv
941,0,0,0,1g.csv
941,1,0,1,1h.csv
941,0,0,0,1i.csv
941,1,1,0,1j.csv
941,2,2,0,1k.csv
941,1,1,0,1l.csv
941,0,0,0,1m.csv
941,2,2,0,2a.csv
941,0,0,0,2b.csv
941,1,1,0,2c.csv
941,0,0,0,2d.csv
941,0,0,0,2e.csv
941,0,0,0,2f.csv
941,0,0,0,2g.csv
941,0,0,0,2h.csv
941,0,0,0,2i.csv
941,0,0,0,2j.csv
941,0,0,0,2k.csv
941,2,2,0,2l.csv
941,34,24,10,3a.csv
941,22,21,1,3b.csv
941,10,4,6,3c.csv
941,10,4,6,3d.csv
941,2,1,1,3e.csv
941,0,0,0,3f.csv
941,1,1,0,3g.csv
942,5,3,2,1a.csv
942,2,1,1,1b.csv
942,2,1,1,1c.csv
942,1,1,0,1e.csv
942,2,2,0,1f.csv
942,0,0,0,1g.csv
942,1,0,1,1h.csv
942,0,0,0,1i.csv
942,0,0,0,1j.csv
942,2,2,0,1k.csv
942,1,1,0,1l.csv
942,0,0,0,1m.csv
942,2,2,0,2a.csv
942,0,0,0,2b.csv
942,1,1,0,2c.csv
942,0,0,0,2d.csv
942,0,0,0,2e.csv
942,0,0,0,2f.csv
942,0,0,0,2g.csv
942,0,0,0,2h.csv
942,0,0,0,2i.csv
942,0,0,0,2j.csv
942,0,0,0,2k.csv
942,2,2,0,2l.csv
942,36,25,11,3a.csv
942,21,20,1,3b.csv
942,9,3,6,3c.csv
942,9,3,6,3d.csv
942,3,2,1,3e.csv
942,0,0,0,3f.csv
942,1,1,0,3g.csv
943,7,4,3,1a.csv
943,3,2,1,1b.csv
943,3,2,1,1c.csv
943,1,1,0,1e.csv
943,2,2,0,1f.csv
943,0,0,0,1g.csv
943,1,0,1,1h.csv
943,0,0,0,1i.csv
943,0,0,0,1j.csv
943,1,1,0,1k.csv
943,1,1,0,1l.csv
943,0,0,0,1m.csv
943,3,3,0,2a.csv
943,0,0,0,2b.csv
943,1,1,0,2c.csv
943,0,0,0,2d.csv
943,0,0,0,2e.csv
943,0,0,0,2f.csv
943,0,0,0,2g.csv
943,0,0,0,2h.csv
943,0,0,0,2i.csv
943,0,0,0,2j.csv
943,0,0,0,2k.csv
943,2,2,0,2l.csv
943,36,25,11,3a.csv
943,24,21,3,3b.csv
943,7,3,4,3c.csv
943,7,3,4,3d.csv
943,4,3,1,3e.csv
943,0,0,0,3f.csv
943,1,1,0,3g.csv
944,8,4,4,1a.csv
944,3,2,1,1b.csv
944,2,2,0,1c.csv
944,1,1,0,1e.csv
944,1,1,0,1f.csv
944,0,0,0,1g.csv
944,0,0,0,1h.csv
944,0,0,0,1i.csv
944,0,0,0,1j.csv
944,0,0,0,1k.csv
944,1,1,0,1l.csv
944,0,0,0,1m.csv
944,3,3,0,2a.csv
944,0,0,0,2b.csv
944,1,1,0,2c.csv
944,0,0,0,2d.csv
944,1,1,0,2e.csv
944,0,0,0,2f.csv
944,0,0,0,2g.csv
944,0,0,0,2h.csv
944,0,0,0,2i.csv
944,0,0,0,2j.csv
944,0,0,0,2k.csv
944,0,0,0,2l.csv
944,37,23,14,3a.csv
944,24,21,3,3b.csv
944,6,3,3,3c.csv
944,6,3,3,3d.csv
944,3,3,0,3e.csv
944,0,0,0,3f.csv
944,0,0,0,3g.csv
945,6,3,3,1a.csv
945,3,2,1,1b.csv
945,2,2,0,1c.csv
945,1,1,0,1e.csv
945,1,1,0,1f.csv
945,0,0,0,1g.csv
945,0,0,0,1h.csv
945,0,0,0,1i.csv
945,0,0,0,1j.csv
945,0,0,0,1k.csv
945,1,1,0,1l.csv
945,0,0,0,1m.csv
945,3,3,0,2a.csv
945,0,0,0,2b.csv
945,1,1,0,2c.csv
945,0,0,0,2d.csv
945,1,1,0,2e.csv
945,0,0,0,2f.csv
945,0,0,0,2g.csv
945,0,0,0,2h.csv
945,0,0,0,2i.csv
945,0,0,0,2j.csv
945,0,0,0,2k.csv
945,0,0,0,2l.csv
945,30,19,11,3a.csv
945,23,20,3,3b.csv
945,4,2,2,3c.csv
945,4,2,2,3d.csv
945,2,2,0,3e.csv
945,0,0,0,3f.csv
945,0,0,0,3g.csv
946,7,4,3,1a.csv
946,4,3,1,1b.csv
946,2,2,0,1c.csv
946,1,1,0,1e.csv
946,1,1,0,1f.csv
946,0,0,0,1g.csv
946,0,0,0,1h.csv
946,0,0,0,1i.csv
946,1,1,0,1j.csv
946,0,0,0,1k.csv
946,1,1,0,1l.csv
946,0,0,0,1m.csv
946,4,4,0,2a.csv
946,0,0,0,2b.csv
946,1,1,0,2c.csv
946,0,0,0,2d.csv
946,1,1,0,2e.csv
946,0,0,0,2f.csv
946,0,0,0,2g.csv
946,0,0,0,2h.csv
946,0,0,0,2i.csv
946,0,0,0,2j.csv
946,0,0,0,2k.csv
946,0,0,0,2l.csv
946,29,20,9,3a.csv
946,25,21,4,3b.csv
946,2,2,0,3c.csv
946,2,2,0,3d.csv
946,2,2,0,3e.csv
946,0,0,0,3f.csv
946,0,0,0,3g.csv
947,5,3,2,1a.csv
947,4,3,1,1b.csv
947,4,3,1,1c.csv
947,0,0,0,1e.csv
947,1,1,0,1f.csv
947,1,1,0,1g.csv
947,0,0,0,1h.csv
947,0,0,0,1i.csv
947,1,1,0,1j.csv
947,0,0,0,1k.csv
947,2,2,0,1l.csv
947,0,0,0,1m.csv
947,4,4,0,2a.csv
947,0,0,0,2b.csv
947,0,0,0,2c.csv
947,0,0,0,2d.csv
947,1,1,0,2e.csv
947,0,0,0,2f.csv
947,0,0,0,2g.csv
947,0,0,0,2h.csv
947,0,0,0,2i.csv
947,0,0,0,2j.csv
947,0,0,0,2k.csv
947,1,1,0,2l.csv
947,26,16,10,3a.csv
947,21,18,3,3b.csv
947,3,3,0,3c.csv
947,3,3,0,3d.csv
947,2,2,0,3e.csv
947,0,0,0,3f.csv
947,0,0,0,3g.csv
948,5,3,2,1a.csv
948,4,3,1,1b.csv
948,5,4,1,1c.csv
948,0,0,0,1e.csv
948,2,2,0,1f.csv
948,1,1,0,1g.csv
948,0,0,0,1h.csv
948,0,0,0,1i.csv
948,1,1,0,1j.csv
948,0,0,0,1k.csv
948,2,2,0,1l.csv
948,0,0,0,1m.csv
948,2,2,0,2a.csv
948,0,0,0,2b.csv
948,0,0,0,2c.csv
948,0,0,0,2d.csv
948,1,1,0,2e.csv
948,0,0,0,2f.csv
948,0,0,0,2g.csv
948,0,0,0,2h.csv
948,0,0,0,2i.csv
948,1,0,1,2j.csv
948,0,0,0,2k.csv
948,1,1,0,2l.csv
948,25,16,9,3a.csv
948,22,19,3,3b.csv
948,6,5,1,3c.csv
948,6,5,1,3d.csv
948,2,2,0,3e.csv
948,1,1,0,3f.csv
948,0,0,0,3g.csv
949,6,4,2,1a.csv
949,2,2,0,1b.csv
949,5,4,1,1c.csv
949,0,0,0,1e.csv
949,2,2,0,1f.csv
949,1,1,0,1g.csv
949,0,0,0,1h.csv
949,0,0,0,1i.csv
949,1,1,0,1j.csv
949,0,0,0,1k.csv
949,1,1,0,1l.csv
949,0,0,0,1m.csv
949,2,2,0,2a.csv
949,0,0,0,2b.csv
949,0,0,0,2c.csv
949,0,0,0,2d.csv
949,1,1,0,2e.csv
949,0,0,0,2f.csv
949,0,0,0,2g.csv
949,0,0,0,2h.csv
949,0,0,0,2i.csv
949,1,0,1,2j.csv
949,0,0,0,2k.csv
949,1,1,0,2l.csv
949,24,14,10,3a.csv
949,21,18,3,3b.csv
949,6,5,1,3c.csv
949,6,5,1,3d.csv
949,3,2,1,3e.csv
949,1,1,0,3f.csv
949,0,0,0,3g.csv
950,7,5,2,1a.csv
950,2,2,0,1b.csv
950,7,6,1,1c.csv
950,0,0,0,1e.csv
950,1,1,0,1f.csv
950,1,1,0,1g.csv
950,0,0,0,1h.csv
950,0,0,0,1i.csv
950,1,1,0,1j.csv
950,0,0,0,1k.csv
950,1,1,0,1l.csv
950,0,0,0,1m.csv
950,2,2,0,2a.csv
950,0,0,0,2b.csv
950,0,0,0,2c.csv
950,0,0,0,2d.csv
950,1,1,0,2e.csv
950,0,0,0,2f.csv
950,0,0,0,2g.csv
950,0,0,0,2h.csv
950,0,0,0,2i.csv
950,1,0,1,2j.csv
950,0,0,0,2k.csv
950,1,1,0,2l.csv
950,24,14,10,3a.csv
950,21,18,3,3b.csv
950,7,6,1,3c.csv
950,7,6,1,3d.csv
950,2,1,1,3e.csv
950,1,1,0,3f.csv
950,0,0,0,3g.csv
951,6,4,2,1a.csv
951,2,2,0,1b.csv
951,9,8,1,1c.csv
951,0,0,0,1e.csv
951,2,2,0,1f.csv
951,1,1,0,1g.csv
951,0,0,0,1h.csv
951,0,0,0,1i.csv
951,1,1,0,1j.csv
951,0,0,0,1k.csv
951,1,1,0,1l.csv
951,0,0,0,1m.csv
951,1,1,0,2a.csv
951,0,0,0,2b.csv
951,0,0,0,2c.csv
951,0,0,0,2d.csv
951,1,1,0,2e.csv
951,0,0,0,2f.csv
951,0,0,0,2g.csv
951,0,0,0,2h.csv
951,0,0,0,2i.csv
951,1,0,1,2j.csv
951,0,0,0,2k.csv
951,2,2,0,2l.csv
951,20,12,8,3a.csv
951,18,17,1,3b.csv
951,8,7,1,3c.csv
951,8,7,1,3d.csv
951,1,0,1,3e.csv
951,1,1,0,3f.csv
951,0,0,0,3g.csv
952,6,4,2,1a.csv
952,2,2,0,1b.csv
952,10,9,1,1c.csv
952,0,0,0,1e.csv
952,2,2,0,1f.csv
952,1,1,0,1g.csv
952,0,0,0,1h.csv
952,0,0,0,1i.csv
952,1,1,0,1j.csv
952,0,0,0,1k.csv
952,1,1,0,1l.csv
952,0,0,0,1m.csv
952,1,1,0,2a.csv
952,0,0,0,2b.csv
952,0,0,0,2c.csv
952,0,0,0,2d.csv
952,0,0,0,2e.csv
952,0,0,0,2f.csv
952,0,0,0,2g.csv
952,0,0,0,2h.csv
952,0,0,0,2i.csv
952,1,0,1,2j.csv
952,0,0,0,2k.csv
952,3,3,0,2l.csv
952,16,11,5,3a.csv
952,14,13,1,3b.csv
952,7,6,1,3c.csv
952,7,6,1,3d.csv
952,2,1,1,3e.csv
952,2,2,0,3f.csv
952,0,0,0,3g.csv
953,7,5,2,1a.csv
953,3,3,0,1b.csv
953,11,10,1,1c.csv
953,0,0,0,1e.csv
953,2,2,0,1f.csv
953,1,1,0,1g.csv
953,0,0,0,1h.csv
953,0,0,0,1i.csv
953,2,2,0,1j.csv
953,0,0,0,1k.csv
953,1,1,0,1l.csv
953,0,0,0,1m.csv
953,1,1,0,2a.csv
953,0,0,0,2b.csv
953,0,0,0,2c.csv
953,0,0,0,2d.csv
953,0,0,0,2e.csv
953,0,0,0,2f.csv
953,0,0,0,2g.csv
953,0,0,0,2h.csv
953,0,0,0,2i.csv
953,1,0,1,2j.csv
953,0,0,0,2k.csv
953,4,4,0,2l.csv
953,19,14,5,3a.csv
953,12,11,1,3b.csv
953,8,7,1,3c.csv
953,8,7,1,3d.csv
953,2,1,1,3e.csv
953,2,2,0,3f.csv
953,0,0,0,3g.csv
954,7,5,2,1a.csv
954,3,2,1,1b.csv
954,14,12,2,1c.csv
954,0,0,0,1e.csv
954,2,2,0,1f.csv
954,1,1,0,1g.csv
954,0,0,0,1h.csv
954,0,0,0,1i.csv
954,1,1,0,1j.csv
954,0,0,0,1k.csv
954,1,1,0,1l.csv
954,0,0,0,1m.csv
954,0,0,0,2a.csv
954,0,0,0,2b.csv
954,0,0,0,2c.csv
954,0,0,0,2d.csv
954,0,0,0,2e.csv
954,0,0,0,2f.csv
954,0,0,0,2g.csv
954,0,0,0,2h.csv
954,0,0,0,2i.csv
954,1,0,1,2j.csv
954,0,0,0,2k.csv
954,4,4,0,2l.csv
954,18,12,6,3a.csv
954,11,11,0,3b.csv
954,9,8,1,3c.csv
954,9,8,1,3d.csv
954,3,1,2,3e.csv
954,2,2,0,3f.csv
954,0,0,0,3g.csv
955,7,5,2,1a.csv
955,3,2,1,1b.csv
955,13,12,1,1c.csv
955,0,0,0,1e.csv
955,2,2,0,1f.csv
955,0,0,0,1g.csv
955,0,0,0,1h.csv
955,0,0,0,1i.csv
955,1,1,0,1j.csv
955,0,0,0,1k.csv
955,0,0,0,1l.csv
955,0,0,0,1m.csv
955,0,0,0,2a.csv
955,0,0,0,2b.csv
955,0,0,0,2c.csv
955,0,0,0,2d.csv
955,0,0,0,2e.csv
955,0,0,0,2f.csv
955,0,0,0,2g.csv
955,1,1,0,2h.csv
955,1,1,0,2i.csv
955,1,0,1,2j.csv
955,0,0,0,2k.csv
955,3,3,0,2l.csv
955,17,13,4,3a.csv
955,15,15,0,3b.csv
955,9,7,2,3c.csv
955,9,7,2,3d.csv
955,3,1,2,3e.csv
955,4,4,0,3f.csv
955,1,1,0,3g.csv
956,11,7,4,1a.csv
956,4,3,1,1b.csv
956,13,12,1,1c.csv
956,0,0,0,1e.csv
956,2,2,0,1f.csv
956,0,0,0,1g.csv
956,0,0,0,1h.csv
956,0,0,0,1i.csv
956,1,1,0,1j.csv
956,0,0,0,1k.csv
956,0,0,0,1l.csv
956,0,0,0,1m.csv
956,0,0,0,2a.csv
956,0,0,0,2b.csv
956,0,0,0,2c.csv
956,0,0,0,2d.csv
956,0,0,0,2e.csv
956,0,0,0,2f.csv
956,0,0,0,2g.csv
956,1,1,0,2h.csv
956,1,1,0,2i.csv
956,1,1,0,2j.csv
956,0,0,0,2k.csv
956,3,3,0,2l.csv
956,15,11,4,3a.csv
956,16,16,0,3b.csv
956,7,6,1,3c.csv
956,7,6,1,3d.csv
956,4,2,2,3e.csv
956,5,5,0,3f.csv
956,1,1,0,3g.csv
957,12,7,5,1a.csv
957,4,3,1,1b.csv
957,15,14,1,1c.csv
957,0,0,0,1e.csv
957,2,2,0,1f.csv
957,0,0,0,1g.csv
957,1,1,0,1h.csv
957,0,0,0,1i.csv
957,1,1,0,1j.csv
957,0,0,0,1k.csv
957,0,0,0,1l.csv
957,0,0,0,1m.csv
957,0,0,0,2a.csv
957,0,0,0,2b.csv
957,1,1,0,2c.csv
957,0,0,0,2d.csv
957,0,0,0,2e.csv
957,0,0,0,2f.csv
957,0,0,0,2g.csv
957,1,1,0,2h.csv
957,1,1,0,2i.csv
957,1,1,0,2j.csv
957,0,0,0,2k.csv
957,3,3,0,2l.csv
957,13,9,4,3a.csv
957,15,15,0,3b.csv
957,8,7,1,3c.csv
957,8,7,1,3d.csv
957,4,3,1,3e.csv
957,5,5,0,3f.csv
957,1,1,0,3g.csv
958,11,6,5,1a.csv
958,5,4,1,1b.csv
958,15,13,2,1c.csv
958,0,0,0,1e.csv
958,2,2,0,1f.csv
958,0,0,0,1g.csv
958,1,1,0,1h.csv
958,0,0,0,1i.csv
958,1,1,0,1j.csv
958,0,0,0,1k.csv
958,0,0,0,1l.csv
958,0,0,0,1m.csv
958,0,0,0,2a.csv
958,0,0,0,2b.csv
958,2,2,0,2c.csv
958,0,0,0,2d.csv
958,0,0,0,2e.csv
958,0,0,0,2f.csv
958,0,0,0,2g.csv
958,1,1,0,2h.csv
958,1,1,0,2i.csv
958,1,1,0,2j.csv
958,0,0,0,2k.csv
958,3,3,0,2l.csv
958,14,10,4,3a.csv
958,14,14,0,3b.csv
958,6,5,1,3c.csv
958,6,5,1,3d.csv
958,4,3,1,3e.csv
958,6,6,0,3f.csv
958,1,1,0,3g.csv
959,15,10,5,1a.csv
959,4,3,1,1b.csv
959,13,10,3,1c.csv
959,0,0,0,1e.csv
959,1,1,0,1f.csv
959,0,0,0,1g.csv
959,1,1,0,1h.csv
959,0,0,0,1i.csv
959,1,1,0,1j.csv
959,0,0,0,1k.csv
959,1,0,1,1l.csv
959,0,0,0,1m.csv
959,0,0,0,2a.csv
959,0,0,0,2b.csv
959,2,2,0,2c.csv
959,0,0,0,2d.csv
959,0,0,0,2e.csv
959,0,0,0,2f.csv
959,0,0,0,2g.csv
959,1,1,0,2h.csv
959,1,1,0,2i.csv
959,1,1,0,2j.csv
959,0,0,0,2k.csv
959,2,2,0,2l.csv
959,13,9,4,3a.csv
959,15,15,0,3b.csv
959,5,4,1,3c.csv
959,5,4,1,3d.csv
959,5,4,1,3e.csv
959,6,6,0,3f.csv
959,1,1,0,3g.csv
960,15,10,5,1a.csv
960,6,5,1,1b.csv
960,12,9,3,1c.csv
960,0,0,0,1e.csv
960,1,1,0,1f.csv
960,0,0,0,1g.csv
960,1,1,0,1h.csv
960,0,0,0,1i.csv
960,1,1,0,1j.csv
960,0,0,0,1k.csv
960,1,0,1,1l.csv
960,0,0,0,1m.csv
960,0,0,0,2a.csv
960,0,0,0,2b.csv
960,2,2,0,2c.csv
960,2,2,0,2d.csv
960,0,0,0,2e.csv
960,0,0,0,2f.csv
960,0,0,0,2g.csv
960,1,1,0,2h.csv
960,1,1,0,2i.csv
960,1,1,0,2j.csv
960,0,0,0,2k.csv
960,1,1,0,2l.csv
960,15,10,5,3a.csv
960,15,15,0,3b.csv
960,7,5,2,3c.csv
960,7,5,2,3d.csv
960,5,4,1,3e.csv
960,5,5,0,3f.csv
960,2,2,0,3g.csv
961,15,10,5,1a.csv
961,5,4,1,1b.csv
961,12,9,3,1c.csv
961,0,0,0,1e.csv
961,1,1,0,1f.csv
961,0,0,0,1g.csv
961,1,1,0,1h.csv
961,0,0,0,1i.csv
961,0,0,0,1j.csv
961,0,0,0,1k.csv
961,1,0,1,1l.csv
961,0,0,0,1m.csv
961,0,0,0,2a.csv
961,0,0,0,2b.csv
961,2,2,0,2c.csv
961,2,2,0,2d.csv
961,1,1,0,2e.csv
961,0,0,0,2f.csv
961,0,0,0,2g.csv
961,2,1,1,2h.csv
961,1,1,0,2i.csv
961,1,1,0,2j.csv
961,0,0,0,2k.csv
961,0,0,0,2l.csv
961,13,8,5,3a.csv
961,16,16,0,3b.csv
961,7,5,2,3c.csv
961,7,5,2,3d.csv
961,6,5,1,3e.csv
961,6,6,0,3f.csv
961,2,2,0,3g.csv
962,14,9,5,1a.csv
962,4,4,0,1b.csv
962,12,9,3,1c.csv
962,0,0,0,1e.csv
962,1,1,0,1f.csv
962,0,0,0,1g.csv
962,1,1,0,1h.csv
962,0,0,0,1i.csv
962,0,0,0,1j.csv
962,0,0,0,1k.csv
962,1,0,1,1l.csv
962,0,0,0,1m.csv
962,0,0,0,2a.csv
962,0,0,0,2b.csv
962,2,2,0,2c.csv
962,2,2,0,2d.csv
962,1,1,0,2e.csv
962,0,0,0,2f.csv
962,0,0,0,2g.csv
962,2,1,1,2h.csv
962,1,1,0,2i.csv
962,1,1,0,2j.csv
962,0,0,0,2k.csv
962,0,0,0,2l.csv
962,14,9,5,3a.csv
962,14,14,0,3b.csv
962,6,4,2,3c.csv
962,6,4,2,3d.csv
962,6,6,0,3e.csv
962,7,7,0,3f.csv
962,2,2,0,3g.csv
963,16,11,5,1a.csv
963,6,6,0,1b.csv
963,11,8,3,1c.csv
963,0,0,0,1e.csv
963,1,1,0,1f.csv
963,0,0,0,1g.csv
963,1,1,0,1h.csv
963,0,0,0,1i.csv
963,0,0,0,1j.csv
963,0,0,0,1k.csv
963,1,0,1,1l.csv
963,0,0,0,1m.csv
963,1,1,0,2a.csv
963,0,0,0,2b.csv
963,2,2,0,2c.csv
963,2,2,0,2d.csv
963,1,1,0,2e.csv
963,0,0,0,2f.csv
963,0,0,0,2g.csv
963,1,0,1,2h.csv
963,0,0,0,2i.csv
963,1,1,0,2j.csv
963,0,0,0,2k.csv
963,0,0,0,2l.csv
963,16,9,7,3a.csv
963,11,11,0,3b.csv
963,10,9,1,3c.csv
963,10,9,1,3d.csv
963,7,7,0,3e.csv
963,10,8,2,3f.csv
963,1,1,0,3g.csv
964,12,9,3,1a.csv
964,5,5,0,1b.csv
964,11,8,3,1c.csv
964,0,0,0,1e.csv
964,0,0,0,1f.csv
964,0,0,0,1g.csv
964,1,1,0,1h.csv
964,0,0,0,1i.csv
964,0,0,0,1j.csv
964,0,0,0,1k.csv
964,1,0,1,1l.csv
964,0,0,0,1m.csv
964,1,1,0,2a.csv
964,1,1,0,2b.csv
964,2,2,0,2c.csv
964,2,2,0,2d.csv
964,1,1,0,2e.csv
964,0,0,0,2f.csv
964,0,0,0,2g.csv
964,1,0,1,2h.csv
964,0,0,0,2i.csv
964,0,0,0,2j.csv
964,0,0,0,2k.csv
964,0,0,0,2l.csv
964,20,12,8,3a.csv
964,11,10,1,3b.csv
964,10,9,1,3c.csv
964,10,9,1,3d.csv
964,6,6,0,3e.csv
964,10,8,2,3f.csv
964,2,2,0,3g.csv
965,12,8,4,1a.csv
965,6,6,0,1b.csv
965,11,8,3,1c.csv
965,0,0,0,1e.csv
965,0,0,0,1f.csv
965,1,1,0,1g.csv
965,0,0,0,1h.csv
965,0,0,0,1i.csv
965,0,0,0,1j.csv
965,1,0,1,1k.csv
965,1,0,1,1l.csv
965,0,0,0,1m.csv
965,1,1,0,2a.csv
965,1,1,0,2b.csv
965,2,2,0,2c.csv
965,2,2,0,2d.csv
965,1,1,0,2e.csv
965,0,0,0,2f.csv
965,0,0,0,2g.csv
965,1,0,1,2h.csv
965,0,0,0,2i.csv
965,0,0,0,2j.csv
965,1,1,0,2k.csv
965,0,0,0,2l.csv
965,20,12,8,3a.csv
965,12,11,1,3b.csv
965,13,11,2,3c.csv
965,13,11,2,3d.csv
965,5,5,0,3e.csv
965,13,11,2,3f.csv
965,2,2,0,3g.csv
966,12,8,4,1a.csv
966,5,5,0,1b.csv
966,10,8,2,1c.csv
966,0,0,0,1e.csv
966,0,0,0,1f.csv
966,1,1,0,1g.csv
966,0,0,0,1h.csv
966,0,0,0,1i.csv
966,0,0,0,1j.csv
966,1,0,1,1k.csv
966,1,0,1,1l.csv
966,0,0,0,1m.csv
966,1,1,0,2a.csv
966,1,1,0,2b.csv
966,1,1,0,2c.csv
966,2,2,0,2d.csv
966,1,1,0,2e.csv
966,0,0,0,2f.csv
966,0,0,0,2g.csv
966,1,0,1,2h.csv
966,0,0,0,2i.csv
966,1,1,0,2j.csv
966,1,1,0,2k.csv
966,0,0,0,2l.csv
966,22,13,9,3a.csv
966,15,14,1,3b.csv
966,18,15,3,3c.csv
966,18,15,3,3d.csv
966,7,6,1,3e.csv
966,16,14,2,3f.csv
966,3,3,0,3g.csv
967,9,5,4,1a.csv
967,6,6,0,1b.csv
967,10,9,1,1c.csv
967,0,0,0,1e.csv
967,1,0,1,1f.csv
967,1,1,0,1g.csv
967,0,0,0,1h.csv
967,0,0,0,1i.csv
967,0,0,0,1j.csv
967,1,0,1,1k.csv
967,0,0,0,1l.csv
967,0,0,0,1m.csv
967,1,1,0,2a.csv
967,1,1,0,2b.csv
967,1,1,0,2c.csv
967,2,2,0,2d.csv
967,1,1,0,2e.csv
967,0,0,0,2f.csv
967,0,0,0,2g.csv
967,1,0,1,2h.csv
967,0,0,0,2i.csv
967,1,1,0,2j.csv
967,1,1,0,2k.csv
967,0,0,0,2l.csv
967,33,20,13,3a.csv
967,13,12,1,3b.csv
967,21,17,4,3c.csv
967,21,17,4,3d.csv
967,6,5,1,3e.csv
967,28,24,4,3f.csv
967,3,3,0,3g.csv
968,10,7,3,1a.csv
968,4,4,0,1b.csv
968,10,9,1,1c.csv
968,0,0,0,1e.csv
968,1,0,1,1f.csv
968,1,1,0,1g.csv
968,0,0,0,1h.csv
968,1,1,0,1i.csv
968,0,0,0,1j.csv
968,1,0,1,1k.csv
968,0,0,0,1l.csv
968,0,0,0,1m.csv
968,1,1,0,2a.csv
968,1,1,0,2b.csv
968,1,1,0,2c.csv
968,0,0,0,2d.csv
968,1,1,0,2e.csv
968,0,0,0,2f.csv
968,0,0,0,2g.csv
968,1,0,1,2h.csv
968,0,0,0,2i.csv
968,1,1,0,2j.csv
968,1,1,0,2k.csv
968,0,0,0,2l.csv
968,41,23,18,3a.csv
968,12,11,1,3b.csv
968,23,20,3,3c.csv
968,23,20,3,3d.csv
968,8,7,1,3e.csv
968,36,31,5,3f.csv
968,2,2,0,3g.csv
969,11,8,3,1a.csv
969,4,4,0,1b.csv
969,9,8,1,1c.csv
969,0,0,0,1e.csv
969,1,0,1,1f.csv
969,1,1,0,1g.csv
969,0,0,0,1h.csv
969,1,1,0,1i.csv
969,0,0,0,1j.csv
969,1,0,1,1k.csv
969,0,0,0,1l.csv
969,0,0,0,1m.csv
969,1,1,0,2a.csv
969,1,1,0,2b.csv
969,1,1,0,2c.csv
969,0,0,0,2d.csv
969,0,0,0,2e.csv
969,0,0,0,2f.csv
969,0,0,0,2g.csv
969,0,0,0,2h.csv
969,0,0,0,2i.csv
969,1,1,0,2j.csv
969,1,1,0,2k.csv
969,0,0,0,2l.csv
969,44,26,18,3a.csv
969,13,12,1,3b.csv
969,22,19,3,3c.csv
969,22,19,3,3d.csv
969,7,6,1,3e.csv
969,37,32,5,3f.csv
969,2,2,0,3g.csv
970,11,8,3,1a.csv
970,5,5,0,1b.csv
970,7,7,0,1c.csv
970,0,0,0,1e.csv
970,2,1,1,1f.csv
970,1,1,0,1g.csv
970,0,0,0,1h.csv
970,1,1,0,1i.csv
970,0,0,0,1j.csv
970,1,0,1,1k.csv
970,0,0,0,1l.csv
970,0,0,0,1m.csv
970,1,1,0,2a.csv
970,1,1,0,2b.csv
970,1,1,0,2c.csv
970,0,0,0,2d.csv
970,1,1,0,2e.csv
970,0,0,0,2f.csv
970,0,0,0,2g.csv
970,0,0,0,2h.csv
970,0,0,0,2i.csv
970,1,1,0,2j.csv
970,1,1,0,2k.csv
970,1,1,0,2l.csv
970,46,29,17,3a.csv
970,20,19,1,3b.csv
970,23,20,3,3c.csv
970,23,20,3,3d.csv
970,7,6,1,3e.csv
970,40,35,5,3f.csv
970,2,2,0,3g.csv
971,12,6,6,1a.csv
971,4,3,1,1b.csv
971,7,7,0,1c.csv
971,0,0,0,1e.csv
971,2,1,1,1f.csv
971,1,1,0,1g.csv
971,0,0,0,1h.csv
971,1,1,0,1i.csv
971,0,0,0,1j.csv
971,1,0,1,1k.csv
971,0,0,0,1l.csv
971,0,0,0,1m.csv
971,1,1,0,2a.csv
971,1,1,0,2b.csv
971,1,1,0,2c.csv
971,0,0,0,2d.csv
971,1,1,0,2e.csv
971,0,0,0,2f.csv
971,0,0,0,2g.csv
971,0,0,0,2h.csv
971,0,0,0,2i.csv
971,1,1,0,2j.csv
971,1,1,0,2k.csv
971,1,1,0,2l.csv
971,43,28,15,3a.csv
971,32,29,3,3b.csv
971,20,16,4,3c.csv
971,20,16,4,3d.csv
971,6,5,1,3e.csv
971,39,36,3,3f.csv
971,3,3,0,3g.csv
972,12,6,6,1a.csv
972,5,4,1,1b.csv
972,6,6,0,1c.csv
972,0,0,0,1e.csv
972,2,1,1,1f.csv
972,1,1,0,1g.csv
972,0,0,0,1h.csv
972,1,1,0,1i.csv
972,0,0,0,1j.csv
972,1,0,1,1k.csv
972,0,0,0,1l.csv
972,1,1,0,1m.csv
972,1,1,0,2a.csv
972,0,0,0,2b.csv
972,1,1,0,2c.csv
972,0,0,0,2d.csv
972,2,2,0,2e.csv
972,0,0,0,2f.csv
972,0,0,0,2g.csv
972,0,0,0,2h.csv
972,0,0,0,2i.csv
972,1,1,0,2j.csv
972,1,1,0,2k.csv
972,1,1,0,2l.csv
972,39,24,15,3a.csv
972,37,35,2,3b.csv
972,19,15,4,3c.csv
972,19,15,4,3d.csv
972,7,6,1,3e.csv
972,43,38,5,3f.csv
972,2,2,0,3g.csv
973,10,6,4,1a.csv
973,5,4,1,1b.csv
973,3,3,0,1c.csv
973,0,0,0,1e.csv
973,3,2,1,1f.csv
973,0,0,0,1g.csv
973,1,0,1,1h.csv
973,1,1,0,1i.csv
973,0,0,0,1j.csv
973,0,0,0,1k.csv
973,0,0,0,1l.csv
973,1,1,0,1m.csv
973,1,1,0,2a.csv
973,0,0,0,2b.csv
973,0,0,0,2c.csv
973,0,0,0,2d.csv
973,2,2,0,2e.csv
973,0,0,0,2f.csv
973,1,1,0,2g.csv
973,0,0,0,2h.csv
973,0,0,0,2i.csv
973,1,1,0,2j.csv
973,1,1,0,2k.csv
973,1,1,0,2l.csv
973,42,26,16,3a.csv
973,39,37,2,3b.csv
973,15,12,3,3c.csv
973,15,12,3,3d.csv
973,7,6,1,3e.csv
973,44,37,7,3f.csv
973,2,2,0,3g.csv
974,10,6,4,1a.csv
974,5,4,1,1b.csv
974,2,2,0,1c.csv
974,0,0,0,1e.csv
974,4,2,2,1f.csv
974,1,0,1,1g.csv
974,2,0,2,1h.csv
974,1,1,0,1i.csv
974,0,0,0,1j.csv
974,0,0,0,1k.csv
974,0,0,0,1l.csv
974,1,1,0,1m.csv
974,1,1,0,2a.csv
974,0,0,0,2b.csv
974,0,0,0,2c.csv
974,0,0,0,2d.csv
974,2,2,0,2e.csv
974,0,0,0,2f.csv
974,1,1,0,2g.csv
974,0,0,0,2h.csv
974,0,0,0,2i.csv
974,0,0,0,2j.csv
974,1,1,0,2k.csv
974,1,1,0,2l.csv
974,41,26,15,3a.csv
974,51,46,5,3b.csv
974,12,10,2,3c.csv
974,12,10,2,3d.csv
974,5,5,0,3e.csv
974,45,37,8,3f.csv
974,1,1,0,3g.csv
975,10,7,3,1a.csv
975,5,4,1,1b.csv
975,1,1,0,1c.csv
975,0,0,0,1e.csv
975,3,2,1,1f.csv
975,1,0,1,1g.csv
975,2,0,2,1h.csv
975,1,1,0,1i.csv
975,0,0,0,1j.csv
975,0,0,0,1k.csv
975,0,0,0,1l.csv
975,1,1,0,1m.csv
975,1,1,0,2a.csv
975,0,0,0,2b.csv
975,0,0,0,2c.csv
975,0,0,0,2d.csv
975,2,2,0,2e.csv
975,0,0,0,2f.csv
975,2,2,0,2g.csv
975,0,0,0,2h.csv
975,0,0,0,2i.csv
975,0,0,0,2j.csv
975,1,1,0,2k.csv
975,2,2,0,2l.csv
975,33,21,12,3a.csv
975,60,54,6,3b.csv
975,11,10,1,3c.csv
975,11,10,1,3d.csv
975,7,6,1,3e.csv
975,43,35,8,3f.csv
975,2,2,0,3g.csv
976,13,8,5,1a.csv
976,5,4,1,1b.csv
976,3,2,1,1c.csv
976,0,0,0,1e.csv
976,3,2,1,1f.csv
976,2,1,1,1g.csv
976,2,0,2,1h.csv
976,0,0,0,1i.csv
976,0,0,0,1j.csv
976,0,0,0,1k.csv
976,0,0,0,1l.csv
976,1,1,0,1m.csv
976,1,1,0,2a.csv
976,0,0,0,2b.csv
976,1,0,1,2c.csv
976,0,0,0,2d.csv
976,2,2,0,2e.csv
976,0,0,0,2f.csv
976,2,2,0,2g.csv
976,0,0,0,2h.csv
976,0,0,0,2i.csv
976,0,0,0,2j.csv
976,1,1,0,2k.csv
976,3,3,0,2l.csv
976,28,19,9,3a.csv
976,77,70,7,3b.csv
976,10,9,1,3c.csv
976,10,9,1,3d.csv
976,4,3,1,3e.csv
976,41,32,9,3f.csv
976,2,2,0,3g.csv
977,13,8,5,1a.csv
977,5,4,1,1b.csv
977,4,3,1,1c.csv
977,0,0,0,1e.csv
977,5,3,2,1f.csv
977,4,1,3,1g.csv
977,3,1,2,1h.csv
977,0,0,0,1i.csv
977,0,0,0,1j.csv
977,0,0,0,1k.csv
977,0,0,0,1l.csv
977,1,1,0,1m.csv
977,1,1,0,2a.csv
977,0,0,0,2b.csv
977,1,0,1,2c.csv
977,0,0,0,2d.csv
977,2,2,0,2e.csv
977,0,0,0,2f.csv
977,2,2,0,2g.csv
977,0,0,0,2h.csv
977,0,0,0,2i.csv
977,0,0,0,2j.csv
977,1,1,0,2k.csv
977,3,3,0,2l.csv
977,27,18,9,3a.csv
977,82,75,7,3b.csv
977,12,11,1,3c.csv
977,12,11,1,3d.csv
977,4,3,1,3e.csv
977,45,34,11,3f.csv
977,3,3,0,3g.csv
978,13,8,5,1a.csv
978,4,3,1,1b.csv
978,4,3,1,1c.csv
978,0,0,0,1e.csv
978,4,2,2,1f.csv
978,4,1,3,1g.csv
978,3,1,2,1h.csv
978,0,0,0,1i.csv
978,0,0,0,1j.csv
978,0,0,0,1k.csv
978,0,0,0,1l.csv
978,1,1,0,1m.csv
978,1,1,0,2a.csv
978,0,0,0,2b.csv
978,2,1,1,2c.csv
978,1,1,0,2d.csv
978,1,1,0,2e.csv
978,0,0,0,2f.csv
978,2,2,0,2g.csv
978,0,0,0,2h.csv
978,0,0,0,2i.csv
978,0,0,0,2j.csv
978,1,1,0,2k.csv
978,2,2,0,2l.csv
978,25,15,10,3a.csv
978,81,71,10,3b.csv
978,12,11,1,3c.csv
978,12,11,1,3d.csv
978,3,2,1,3e.csv
978,45,33,12,3f.csv
978,3,3,0,3g.csv
979,13,9,4,1a.csv
979,3,3,0,1b.csv
979,4,3,1,1c.csv
979,0,0,0,1e.csv
979,6,3,3,1f.csv
979,4,1,3,1g.csv
979,4,1,3,1h.csv
979,0,0,0,1i.csv
979,0,0,0,1j.csv
979,0,0,0,1k.csv
979,0,0,0,1l.csv
979,1,1,0,1m.csv
979,0,0,0,2a.csv
979,0,0,0,2b.csv
979,2,1,1,2c.csv
979,1,1,0,2d.csv
979,1,1,0,2e.csv
979,0,0,0,2f.csv
979,2,2,0,2g.csv
979,0,0,0,2h.csv
979,0,0,0,2i.csv
979,0,0,0,2j.csv
979,1,1,0,2k.csv
979,2,2,0,2l.csv
979,28,18,10,3a.csv
979,81,72,9,3b.csv
979,10,10,0,3c.csv
979,10,10,0,3d.csv
979,4,3,1,3e.csv
979,43,30,13,3f.csv
979,3,3,0,3g.csv
980,14,10,4,1a.csv
980,2,2,0,1b.csv
980,4,3,1,1c.csv
980,0,0,0,1e.csv
980,8,3,5,1f.csv
980,5,2,3,1g.csv
980,7,4,3,1h.csv
980,0,0,0,1i.csv
980,0,0,0,1j.csv
980,0,0,0,1k.csv
980,0,0,0,1l.csv
980,0,0,0,1m.csv
980,1,1,0,2a.csv
980,0,0,0,2b.csv
980,2,1,1,2c.csv
980,1,1,0,2d.csv
980,0,0,0,2e.csv
980,1,1,0,2f.csv
980,2,2,0,2g.csv
980,0,0,0,2h.csv
980,0,0,0,2i.csv
980,0,0,0,2j.csv
980,1,1,0,2k.csv
980,2,2,0,2l.csv
980,32,22,10,3a.csv
980,79,70,9,3b.csv
980,11,11,0,3c.csv
980,11,11,0,3d.csv
980,4,3,1,3e.csv
980,41,30,11,3f.csv
980,3,3,0,3g.csv
981,15,11,4,1a.csv
981,2,2,0,1b.csv
981,4,3,1,1c.csv
981,0,0,0,1e.csv
981,7,2,5,1f.csv
981,7,4,3,1g.csv
981,8,5,3,1h.csv
981,1,1,0,1i.csv
981,0,0,0,1j.csv
981,0,0,0,1k.csv
981,0,0,0,1l.csv
981,1,1,0,1m.csv
981,1,1,0,2a.csv
981,0,0,0,2b.csv
981,2,1,1,2c.csv
981,1,1,0,2d.csv
981,0,0,0,2e.csv
981,1,1,0,2f.csv
981,1,1,0,2g.csv
981,0,0,0,2h.csv
981,0,0,0,2i.csv
981,0,0,0,2j.csv
981,0,0,0,2k.csv
981,2,2,0,2l.csv
981,31,23,8,3a.csv
981,88,78,10,3b.csv
981,11,11,0,3c.csv
981,11,11,0,3d.csv
981,4,3,1,3e.csv
981,41,30,11,3f.csv
981,3,3,0,3g.csv
982,17,13,4,1a.csv
982,2,2,0,1b.csv
982,4,3,1,1c.csv
982,0,0,0,1e.csv
982,6,2,4,1f.csv
982,7,4,3,1g.csv
982,7,5,2,1h.csv
982,1,1,0,1i.csv
982,0,0,0,1j.csv
982,0,0,0,1k.csv
982,0,0,0,1l.csv
982,1,1,0,1m.csv
982,1,1,0,2a.csv
982,0,0,0,2b.csv
982,2,1,1,2c.csv
982,1,1,0,2d.csv
982,0,0,0,2e.csv
982,1,1,0,2f.csv
982,1,1,0,2g.csv
982,0,0,0,2h.csv
982,0,0,0,2i.csv
982,0,0,0,2j.csv
982,0,0,0,2k.csv
982,2,2,0,2l.csv
982,31,23,8,3a.csv
982,80,73,7,3b.csv
982,9,9,0,3c.csv
982,9,9,0,3d.csv
982,6,5,1,3e.csv
982,40,29,11,3f.csv
982,3,3,0,3g.csv
983,16,12,4,1a.csv
983,1,1,0,1b.csv
983,4,3,1,1c.csv
983,0,0,0,1e.csv
983,7,3,4,1f.csv
983,7,4,3,1g.csv
983,8,5,3,1h.csv
983,1,1,0,1i.csv
983,0,0,0,1j.csv
983,0,0,0,1k.csv
983,0,0,0,1l.csv
983,1,1,0,1m.csv
983,1,1,0,2a.csv
983,0,0,0,2b.csv
983,2,1,1,2c.csv
983,1,1,0,2d.csv
983,0,0,0,2e.csv
983,1,1,0,2f.csv
983,0,0,0,2g.csv
983,0,0,0,2h.csv
983,0,0,0,2i.csv
983,0,0,0,2j.csv
983,0,0,0,2k.csv
983,1,1,0,2l.csv
983,30,22,8,3a.csv
983,73,67,6,3b.csv
983,8,8,0,3c.csv
983,8,8,0,3d.csv
983,4,4,0,3e.csv
983,37,24,13,3f.csv
983,2,2,0,3g.csv
984,11,9,2,1a.csv
984,1,1,0,1b.csv
984,2,2,0,1c.csv
984,0,0,0,1e.csv
984,8,4,4,1f.csv
984,6,3,3,1g.csv
984,9,6,3,1h.csv
984,1,1,0,1i.csv
984,0,0,0,1j.csv
984,0,0,0,1k.csv
984,0,0,0,1l.csv
984,1,1,0,1m.csv
984,1,1,0,2a.csv
984,0,0,0,2b.csv
984,1,1,0,2c.csv
984,1,1,0,2d.csv
984,0,0,0,2e.csv
984,1,1,0,2f.csv
984,0,0,0,2g.csv
984,0,0,0,2h.csv
984,0,0,0,2i.csv
984,0,0,0,2j.csv
984,0,0,0,2k.csv
984,1,0,1,2l.csv
984,27,22,5,3a.csv
984,60,55,5,3b.csv
984,5,5,0,3c.csv
984,5,5,0,3d.csv
984,5,5,0,3e.csv
984,36,23,13,3f.csv
984,2,2,0,3g.csv
985,11,8,3,1a.csv
985,1,1,0,1b.csv
985,1,1,0,1c.csv
985,0,0,0,1e.csv
985,7,4,3,1f.csv
985,4,3,1,1g.csv
985,9,6,3,1h.csv
985,1,1,0,1i.csv
985,0,0,0,1j.csv
985,0,0,0,1k.csv
985,0,0,0,1l.csv
985,1,1,0,1m.csv
985,1,1,0,2a.csv
985,0,0,0,2b.csv
985,1,1,0,2c.csv
985,1,1,0,2d.csv
985,0,0,0,2e.csv
985,1,1,0,2f.csv
985,0,0,0,2g.csv
985,0,0,0,2h.csv
985,0,0,0,2i.csv
985,0,0,0,2j.csv
985,0,0,0,2k.csv
985,1,0,1,2l.csv
985,24,19,5,3a.csv
985,56,51,5,3b.csv
985,3,3,0,3c.csv
985,3,3,0,3d.csv
985,5,5,0,3e.csv
985,33,20,13,3f.csv
985,1,1,0,3g.csv
986,14,10,4,1a.csv
986,1,1,0,1b.csv
986,0,0,0,1c.csv
986,0,0,0,1e.csv
986,8,5,3,1f.csv
986,4,3,1,1g.csv
986,11,7,4,1h.csv
986,1,1,0,1i.csv
986,0,0,0,1j.csv
986,0,0,0,1k.csv
986,0,0,0,1l.csv
986,1,1,0,1m.csv
986,2,1,1,2a.csv
986,0,0,0,2b.csv
986,0,0,0,2c.csv
986,0,0,0,2d.csv
986,1,1,0,2e.csv
986,1,1,0,2f.csv
986,0,0,0,2g.csv
986,0,0,0,2h.csv
986,0,0,0,2i.csv
986,0,0,0,2j.csv
986,0,0,0,2k.csv
986,1,0,1,2l.csv
986,27,21,6,3a.csv
986,52,50,2,3b.csv
986,4,3,1,3c.csv
986,4,3,1,3d.csv
986,5,5,0,3e.csv
986,32,20,12,3f.csv
986,1,1,0,3g.csv
987,12,10,2,1a.csv
987,1,1,0,1b.csv
987,0,0,0,1c.csv
987,0,0,0,1e.csv
987,8,5,3,1f.csv
987,4,3,1,1g.csv
987,10,7,3,1h.csv
987,1,1,0,1i.csv
987,0,0,0,1j.csv
987,0,0,0,1k.csv
987,0,0,0,1l.csv
987,1,1,0,1m.csv
987,2,1,1,2a.csv
987,0,0,0,2b.csv
987,0,0,0,2c.csv
987,0,0,0,2d.csv
987,1,1,0,2e.csv
987,1,1,0,2f.csv
987,0,0,0,2g.csv
987,0,0,0,2h.csv
987,0,0,0,2i.csv
987,0,0,0,2j.csv
987,0,0,0,2k.csv
987,1,0,1,2l.csv
987,25,19,6,3a.csv
987,41,40,1,3b.csv
987,6,5,1,3c.csv
987,6,5,1,3d.csv
987,4,4,0,3e.csv
987,33,20,13,3f.csv
987,0,0,0,3g.csv
988,10,8,2,1a.csv
988,1,1,0,1b.csv
988,0,0,0,1c.csv
988,0,0,0,1e.csv
988,7,6,1,1f.csv
988,3,2,1,1g.csv
988,9,5,4,1h.csv
988,1,1,0,1i.csv
988,0,0,0,1j.csv
988,0,0,0,1k.csv
988,1,1,0,1l.csv
988,1,1,0,1m.csv
988,1,0,1,2a.csv
988,0,0,0,2b.csv
988,0,0,0,2c.csv
988,0,0,0,2d.csv
988,1,1,0,2e.csv
988,0,0,0,2f.csv
988,0,0,0,2g.csv
988,0,0,0,2h.csv
988,0,0,0,2i.csv
988,0,0,0,2j.csv
988,0,0,0,2k.csv
988,2,1,1,2l.csv
988,22,17,5,3a.csv
988,40,39,1,3b.csv
988,6,4,2,3c.csv
988,6,4,2,3d.csv
988,3,3,0,3e.csv
988,32,19,13,3f.csv
988,0,0,0,3g.csv
989,11,8,3,1a.csv
989,1,1,0,1b.csv
989,0,0,0,1c.csv
989,0,0,0,1e.csv
989,8,7,1,1f.csv
989,1,0,1,1g.csv
989,7,4,3,1h.csv
989,0,0,0,1i.csv
989,0,0,0,1j.csv
989,1,1,0,1k.csv
989,1,1,0,1l.csv
989,1,1,0,1m.csv
989,1,0,1,2a.csv
989,0,0,0,2b.csv
989,0,0,0,2c.csv
989,0,0,0,2d.csv
989,2,2,0,2e.csv
989,0,0,0,2f.csv
989,0,0,0,2g.csv
989,0,0,0,2h.csv
989,0,0,0,2i.csv
989,0,0,0,2j.csv
989,0,0,0,2k.csv
989,2,1,1,2l.csv
989,21,16,5,3a.csv
989,32,30,2,3b.csv
989,6,4,2,3c.csv
989,6,4,2,3d.csv
989,3,3,0,3e.csv
989,33,21,12,3f.csv
989,0,0,0,3g.csv
990,13,10,3,1a.csv
990,2,2,0,1b.csv
990,0,0,0,1c.csv
990,0,0,0,1e.csv
990,8,7,1,1f.csv
990,0,0,0,1g.csv
990,7,4,3,1h.csv
990,1,0,1,1i.csv
990,0,0,0,1j.csv
990,2,1,1,1k.csv
990,1,1,0,1l.csv
990,1,1,0,1m.csv
990,2,1,1,2a.csv
990,0,0,0,2b.csv
990,0,0,0,2c.csv
990,0,0,0,2d.csv
990,2,2,0,2e.csv
990,0,0,0,2f.csv
990,0,0,0,2g.csv
990,0,0,0,2h.csv
990,0,0,0,2i.csv
990,0,0,0,2j.csv
990,1,1,0,2k.csv
990,2,1,1,2l.csv
990,19,15,4,3a.csv
990,28,25,3,3b.csv
990,7,4,3,3c.csv
990,7,4,3,3d.csv
990,2,2,0,3e.csv
990,33,22,11,3f.csv
990,0,0,0,3g.csv
991,13,10,3,1a.csv
991,2,2,0,1b.csv
991,0,0,0,1c.csv
991,0,0,0,1e.csv
991,7,6,1,1f.csv
991,0,0,0,1g.csv
991,7,4,3,1h.csv
991,1,0,1,1i.csv
991,0,0,0,1j.csv
991,2,1,1,1k.csv
991,2,2,0,1l.csv
991,2,2,0,1m.csv
991,2,1,1,2a.csv
991,0,0,0,2b.csv
991,0,0,0,2c.csv
991,0,0,0,2d.csv
991,2,2,0,2e.csv
991,0,0,0,2f.csv
991,0,0,0,2g.csv
991,0,0,0,2h.csv
991,0,0,0,2i.csv
991,0,0,0,2j.csv
991,1,1,0,2k.csv
991,3,2,1,2l.csv
991,17,14,3,3a.csv
991,32,28,4,3b.csv
991,9,6,3,3c.csv
991,9,6,3,3d.csv
991,2,2,0,3e.csv
991,30,22,8,3f.csv
991,0,0,0,3g.csv
992,13,10,3,1a.csv
992,2,2,0,1b.csv
992,1,0,1,1c.csv
992,0,0,0,1e.csv
992,6,5,1,1f.csv
992,0,0,0,1g.csv
992,6,3,3,1h.csv
992,1,0,1,1i.csv
992,0,0,0,1j.csv
992,2,1,1,1k.csv
992,2,2,0,1l.csv
992,2,2,0,1m.csv
992,3,2,1,2a.csv
992,0,0,0,2b.csv
992,0,0,0,2c.csv
992,1,1,0,2d.csv
992,2,2,0,2e.csv
992,0,0,0,2f.csv
992,0,0,0,2g.csv
992,0,0,0,2h.csv
992,0,0,0,2i.csv
992,0,0,0,2j.csv
992,1,1,0,2k.csv
992,2,2,0,2l.csv
992,16,13,3,3a.csv
992,31,27,4,3b.csv
992,11,8,3,3c.csv
992,11,8,3,3d.csv
992,2,2,0,3e.csv
992,28,22,6,3f.csv
992,0,0,0,3g.csv
993,12,9,3,1a.csv
993,3,3,0,1b.csv
993,1,0,1,1c.csv
993,0,0,0,1e.csv
993,5,4,1,1f.csv
993,0,0,0,1g.csv
993,5,2,3,1h.csv
993,1,0,1,1i.csv
993,0,0,0,1j.csv
993,2,1,1,1k.csv
993,2,2,0,1l.csv
993,2,2,0,1m.csv
993,3,2,1,2a.csv
993,0,0,0,2b.csv
993,1,1,0,2c.csv
993,1,1,0,2d.csv
993,2,2,0,2e.csv
993,0,0,0,2f.csv
993,0,0,0,2g.csv
993,0,0,0,2h.csv
993,0,0,0,2i.csv
993,0,0,0,2j.csv
993,1,1,0,2k.csv
993,2,2,0,2l.csv
993,16,13,3,3a.csv
993,29,25,4,3b.csv
993,12,9,3,3c.csv
993,12,9,3,3d.csv
993,2,2,0,3e.csv
993,27,23,4,3f.csv
993,0,0,0,3g.csv
994,9,7,2,1a.csv
994,3,3,0,1b.csv
994,1,0,1,1c.csv
994,0,0,0,1e.csv
994,7,6,1,1f.csv
994,0,0,0,1g.csv
994,4,2,2,1h.csv
994,1,0,1,1i.csv
994,0,0,0,1j.csv
994,2,1,1,1k.csv
994,2,2,0,1l.csv
994,2,2,0,1m.csv
994,2,2,0,2a.csv
994,1,1,0,2b.csv
994,1,1,0,2c.csv
994,1,1,0,2d.csv
994,1,1,0,2e.csv
994,0,0,0,2f.csv
994,0,0,0,2g.csv
994,0,0,0,2h.csv
994,0,0,0,2i.csv
994,0,0,0,2j.csv
994,1,1,0,2k.csv
994,2,2,0,2l.csv
994,10,9,1,3a.csv
994,29,25,4,3b.csv
994,12,10,2,3c.csv
994,12,10,2,3d.csv
994,2,2,0,3e.csv
994,27,23,4,3f.csv
994,0,0,0,3g.csv
995,11,9,2,1a.csv
995,3,3,0,1b.csv
995,1,0,1,1c.csv
995,1,1,0,1e.csv
995,6,6,0,1f.csv
995,0,0,0,1g.csv
995,5,3,2,1h.csv
995,1,0,1,1i.csv
995,0,0,0,1j.csv
995,3,2,1,1k.csv
995,2,2,0,1l.csv
995,2,2,0,1m.csv
995,4,4,0,2a.csv
995,1,1,0,2b.csv
995,1,1,0,2c.csv
995,1,1,0,2d.csv
995,1,1,0,2e.csv
995,0,0,0,2f.csv
995,0,0,0,2g.csv
995,0,0,0,2h.csv
995,0,0,0,2i.csv
995,0,0,0,2j.csv
995,1,1,0,2k.csv
995,2,2,0,2l.csv
995,8,8,0,3a.csv
995,29,25,4,3b.csv
995,14,12,2,3c.csv
995,14,12,2,3d.csv
995,2,2,0,3e.csv
995,25,22,3,3f.csv
995,1,1,0,3g.csv
996,12,10,2,1a.csv
996,3,3,0,1b.csv
996,1,0,1,1c.csv
996,1,1,0,1e.csv
996,5,5,0,1f.csv
996,1,1,0,1g.csv
996,3,2,1,1h.csv
996,1,0,1,1i.csv
996,0,0,0,1j.csv
996,3,2,1,1k.csv
996,1,1,0,1l.csv
996,2,2,0,1m.csv
996,4,4,0,2a.csv
996,1,1,0,2b.csv
996,3,2,1,2c.csv
996,1,1,0,2d.csv
996,1,1,0,2e.csv
996,0,0,0,2f.csv
996,0,0,0,2g.csv
996,0,0,0,2h.csv
996,0,0,0,2i.csv
996,0,0,0,2j.csv
996,1,1,0,2k.csv
996,1,1,0,2l.csv
996,7,7,0,3a.csv
996,30,26,4,3b.csv
996,14,13,1,3c.csv
996,14,13,1,3d.csv
996,4,4,0,3e.csv
996,24,21,3,3f.csv
996,2,2,0,3g.csv
997,12,10,2,1a.csv
997,2,2,0,1b.csv
997,1,0,1,1c.csv
997,1,1,0,1e.csv
997,4,4,0,1f.csv
997,3,3,0,1g.csv
997,3,2,1,1h.csv
997,1,0,1,1i.csv
997,0,0,0,1j.csv
997,2,1,1,1k.csv
997,1,1,0,1l.csv
997,1,1,0,1m.csv
997,4,4,0,2a.csv
997,1,1,0,2b.csv
997,3,2,1,2c.csv
997,1,1,0,2d.csv
997,0,0,0,2e.csv
997,0,0,0,2f.csv
997,0,0,0,2g.csv
997,0,0,0,2h.csv
997,0,0,0,2i.csv
997,0,0,0,2j.csv
997,1,1,0,2k.csv
997,2,1,1,2l.csv
997,6,6,0,3a.csv
997,30,28,2,3b.csv
997,14,13,1,3c.csv
997,14,13,1,3d.csv
997,4,4,0,3e.csv
997,23,21,2,3f.csv
997,3,3,0,3g.csv
998,9,7,2,1a.csv
998,1,1,0,1b.csv
998,1,0,1,1c.csv
998,1,1,0,1e.csv
998,4,4,0,1f.csv
998,3,3,0,1g.csv
998,3,2,1,1h.csv
998,0,0,0,1i.csv
998,0,0,0,1j.csv
998,1,1,0,1k.csv
998,1,1,0,1l.csv
998,1,1,0,1m.csv
998,5,5,0,2a.csv
998,1,1,0,2b.csv
998,3,2,1,2c.csv
998,1,1,0,2d.csv
998,0,0,0,2e.csv
998,0,0,0,2f.csv
998,0,0,0,2g.csv
998,0,0,0,2h.csv
998,0,0,0,2i.csv
998,0,0,0,2j.csv
998,0,0,0,2k.csv
998,2,1,1,2l.csv
998,6,6,0,3a.csv
998,32,30,2,3b.csv
998,13,13,0,3c.csv
998,13,13,0,3d.csv
998,3,3,0,3e.csv
998,20,18,2,3f.csv
998,4,4,0,3g.csv
999,15,13,2,1a.csv
999,1,1,0,1b.csv
999,1,0,1,1c.csv
999,1,1,0,1e.csv
999,4,4,0,1f.csv
999,3,3,0,1g.csv
999,2,2,0,1h.csv
999,0,0,0,1i.csv
999,0,0,0,1j.csv
999,1,1,0,1k.csv
999,0,0,0,1l.csv
999,0,0,0,1m.csv
999,5,5,0,2a.csv
999,1,1,0,2b.csv
999,3,2,1,2c.csv
999,1,1,0,2d.csv
999,0,0,0,2e.csv
999,0,0,0,2f.csv
999,0,0,0,2g.csv
999,0,0,0,2h.csv
999,0,0,0,2i.csv
999,0,0,0,2j.csv
999,0,0,0,2k.csv
999,1,0,1,2l.csv
999,6,6,0,3a.csv
999,29,28,1,3b.csv
999,12,12,0,3c.csv
999,12,12,0,3d.csv
999,4,4,0,3e.csv
999,18,15,3,3f.csv
999,4,4,0,3g.csv
1000,18,15,3,1a.csv
1000,2,1,1,1b.csv
1000,0,0,0,1c.csv
1000,1,1,0,1e.csv
1000,5,5,0,1f.csv
1000,3,3,0,1g.csv
1000,2,2,0,1h.csv
1000,0,0,0,1i.csv
1000,0,0,0,1j.csv
1000,1,1,0,1k.csv
1000,0,0,0,1l.csv
1000,0,0,0,1m.csv
1000,5,5,0,2a.csv
1000,2,2,0,2b.csv
1000,3,2,1,2c.csv
1000,0,0,0,2d.csv
1000,0,0,0,2e.csv
1000,0,0,0,2f.csv
1000,0,0,0,2g.csv
1000,0,0,0,2h.csv
1000,0,0,0,2i.csv
1000,0,0,0,2j.csv
1000,0,0,0,2k.csv
1000,1,0,1,2l.csv
1000,6,6,0,3a.csv
1000,29,28,1,3b.csv
1000,10,10,0,3c.csv
1000,10,10,0,3d.csv
1000,3,3,0,3e.csv
1000,16,13,3,3f.csv
1000,4,4,0,3g.csv
1001,26,23,3,1a.csv
1001,1,0,1,1b.csv
1001,0,0,0,1c.csv
1001,1,1,0,1e.csv
1001,6,6,0,1f.csv
1001,3,3,0,1g.csv
1001,2,2,0,1h.csv
1001,0,0,0,1i.csv
1001,0,0,0,1j.csv
1001,1,1,0,1k.csv
1001,0,0,0,1l.csv
1001,0,0,0,1m.csv
1001,6,6,0,2a.csv
1001,2,2,0,2b.csv
1001,2,1,1,2c.csv
1001,0,0,0,2d.csv
1001,0,0,0,2e.csv
1001,0,0,0,2f.csv
1001,0,0,0,2g.csv
1001,1,1,0,2h.csv
1001,0,0,0,2i.csv
1001,0,0,0,2j.csv
1001,0,0,0,2k.csv
1001,1,0,1,2l.csv
1001,7,7,0,3a.csv
1001,30,29,1,3b.csv
1001,10,10,0,3c.csv
1001,10,10,0,3d.csv
1001,3,3,0,3e.csv
1001,16,13,3,3f.csv
1001,5,5,0,3g.csv
1002,27,23,4,1a.csv
1002,1,0,1,1b.csv
1002,0,0,0,1c.csv
1002,1,1,0,1e.csv
1002,3,3,0,1f.csv
1002,3,3,0,1g.csv
1002,2,1,1,1h.csv
1002,0,0,0,1i.csv
1002,0,0,0,1j.csv
1002,2,2,0,1k.csv
1002,0,0,0,1l.csv
1002,2,2,0,1m.csv
1002,6,6,0,2a.csv
1002,1,1,0,2b.csv
1002,3,2,1,2c.csv
1002,0,0,0,2d.csv
1002,0,0,0,2e.csv
1002,0,0,0,2f.csv
1002,0,0,0,2g.csv
1002,1,1,0,2h.csv
1002,0,0,0,2i.csv
1002,0,0,0,2j.csv
1002,0,0,0,2k.csv
1002,1,0,1,2l.csv
1002,9,9,0,3a.csv
1002,27,26,1,3b.csv
1002,9,9,0,3c.csv
1002,9,9,0,3d.csv
1002,3,3,0,3e.csv
1002,15,10,5,3f.csv
1002,6,6,0,3g.csv
1003,25,21,4,1a.csv
1003,2,1,1,1b.csv
1003,0,0,0,1c.csv
1003,0,0,0,1e.csv
1003,3,3,0,1f.csv
1003,3,3,0,1g.csv
1003,1,0,1,1h.csv
1003,0,0,0,1i.csv
1003,0,0,0,1j.csv
1003,1,1,0,1k.csv
1003,0,0,0,1l.csv
1003,2,2,0,1m.csv
1003,4,4,0,2a.csv
1003,1,1,0,2b.csv
1003,3,2,1,2c.csv
1003,1,1,0,2d.csv
1003,0,0,0,2e.csv
1003,0,0,0,2f.csv
1003,0,0,0,2g.csv
1003,1,1,0,2h.csv
1003,0,0,0,2i.csv
1003,0,0,0,2j.csv
1003,0,0,0,2k.csv
1003,1,0,1,2l.csv
1003,9,9,0,3a.csv
1003,25,24,1,3b.csv
1003,6,6,0,3c.csv
1003,6,6,0,3d.csv
1003,3,3,0,3e.csv
1003,17,13,4,3f.csv
1003,5,5,0,3g.csv
1004,26,22,4,1a.csv
1004,2,1,1,1b.csv
1004,0,0,0,1c.csv
1004,0,0,0,1e.csv
1004,3,3,0,1f.csv
1004,2,2,0,1g.csv
1004,2,1,1,1h.csv
1004,0,0,0,1i.csv
1004,0,0,0,1j.csv
1004,1,1,0,1k.csv
1004,0,0,0,1l.csv
1004,2,2,0,1m.csv
1004,5,4,1,2a.csv
1004,1,1,0,2b.csv
1004,1,1,0,2c.csv
1004,1,1,0,2d.csv
1004,0,0,0,2e.csv
1004,0,0,0,2f.csv
1004,0,0,0,2g.csv
1004,1,1,0,2h.csv
1004,0,0,0,2i.csv
1004,0,0,0,2j.csv
1004,0,0,0,2k.csv
1004,1,0,1,2l.csv
1004,8,8,0,3a.csv
1004,20,19,1,3b.csv
1004,8,7,1,3c.csv
1004,8,7,1,3d.csv
1004,2,1,1,3e.csv
1004,17,13,4,3f.csv
1004,5,5,0,3g.csv
1005,25,22,3,1a.csv
1005,2,1,1,1b.csv
1005,0,0,0,1c.csv
1005,0,0,0,1e.csv
1005,5,5,0,1f.csv
1005,0,0,0,1g.csv
1005,2,1,1,1h.csv
1005,0,0,0,1i.csv
1005,0,0,0,1j.csv
1005,1,1,0,1k.csv
1005,0,0,0,1l.csv
1005,3,3,0,1m.csv
1005,5,4,1,2a.csv
1005,2,1,1,2b.csv
1005,2,2,0,2c.csv
1005,1,1,0,2d.csv
1005,0,0,0,2e.csv
1005,0,0,0,2f.csv
1005,0,0,0,2g.csv
1005,1,1,0,2h.csv
1005,0,0,0,2i.csv
1005,0,0,0,2j.csv
1005,0,0,0,2k.csv
1005,0,0,0,2l.csv
1005,7,7,0,3a.csv
1005,17,15,2,3b.csv
1005,8,7,1,3c.csv
1005,8,7,1,3d.csv
1005,3,2,1,3e.csv
1005,14,10,4,3f.csv
1005,4,4,0,3g.csv
1006,32,28,4,1a.csv
1006,2,1,1,1b.csv
1006,0,0,0,1c.csv
1006,0,0,0,1e.csv
1006,5,5,0,1f.csv
1006,0,0,0,1g.csv
1006,3,2,1,1h.csv
1006,0,0,0,1i.csv
1006,0,0,0,1j.csv
1006,1,1,0,1k.csv
1006,0,0,0,1l.csv
1006,3,3,0,1m.csv
1006,3,2,1,2a.csv
1006,2,1,1,2b.csv
1006,2,2,0,2c.csv
1006,1,1,0,2d.csv
1006,1,1,0,2e.csv
1006,0,0,0,2f.csv
1006,0,0,0,2g.csv
1006,1,1,0,2h.csv
1006,0,0,0,2i.csv
1006,0,0,0,2j.csv
1006,0,0,0,2k.csv
1006,0,0,0,2l.csv
1006,6,6,0,3a.csv
1006,12,11,1,3b.csv
1006,9,8,1,3c.csv
1006,9,8,1,3d.csv
1006,3,2,1,3e.csv
1006,13,10,3,3f.csv
1006,5,5,0,3g.csv
1007,26,22,4,1a.csv
1007,2,1,1,1b.csv
1007,0,0,0,1c.csv
1007,0,0,0,1e.csv
1007,8,8,0,1f.csv
1007,0,0,0,1g.csv
1007,3,2,1,1h.csv
1007,0,0,0,1i.csv
1007,1,1,0,1j.csv
1007,1,1,0,1k.csv
1007,0,0,0,1l.csv
1007,3,3,0,1m.csv
1007,3,2,1,2a.csv
1007,2,1,1,2b.csv
1007,3,2,1,2c.csv
1007,1,1,0,2d.csv
1007,1,1,0,2e.csv
1007,0,0,0,2f.csv
1007,0,0,0,2g.csv
1007,1,1,0,2h.csv
1007,0,0,0,2i.csv
1007,0,0,0,2j.csv
1007,0,0,0,2k.csv
1007,0,0,0,2l.csv
1007,8,8,0,3a.csv
1007,9,7,2,3b.csv
1007,9,8,1,3c.csv
1007,9,8,1,3d.csv
1007,2,1,1,3e.csv
1007,15,10,5,3f.csv
1007,5,5,0,3g.csv
1008,26,22,4,1a.csv
1008,1,1,0,1b.csv
1008,0,0,0,1c.csv
1008,0,0,0,1e.csv
1008,7,7,0,1f.csv
1008,0,0,0,1g.csv
1008,3,2,1,1h.csv
1008,0,0,0,1i.csv
1008,2,2,0,1j.csv
1008,1,1,0,1k.csv
1008,0,0,0,1l.csv
1008,3,3,0,1m.csv
1008,3,1,2,2a.csv
1008,1,0,1,2b.csv
1008,4,2,2,2c.csv
1008,1,1,0,2d.csv
1008,1,1,0,2e.csv
1008,0,0,0,2f.csv
1008,0,0,0,2g.csv
1008,1,1,0,2h.csv
1008,0,0,0,2i.csv
1008,0,0,0,2j.csv
1008,0,0,0,2k.csv
1008,0,0,0,2l.csv
1008,9,9,0,3a.csv
1008,6,4,2,3b.csv
1008,9,8,1,3c.csv
1008,9,8,1,3d.csv
1008,3,1,2,3e.csv
1008,15,10,5,3f.csv
1008,6,6,0,3g.csv
1009,19,16,3,1a.csv
1009,2,2,0,1b.csv
1009,1,1,0,1c.csv
1009,0,0,0,1e.csv
1009,6,6,0,1f.csv
1009,1,1,0,1g.csv
1009,3,2,1,1h.csv
1009,0,0,0,1i.csv
1009,2,2,0,1j.csv
1009,1,1,0,1k.csv
1009,0,0,0,1l.csv
1009,3,3,0,1m.csv
1009,2,0,2,2a.csv
1009,1,0,1,2b.csv
1009,4,2,2,2c.csv
1009,1,1,0,2d.csv
1009,1,1,0,2e.csv
1009,0,0,0,2f.csv
1009,0,0,0,2g.csv
1009,0,0,0,2h.csv
1009,0,0,0,2i.csv
1009,0,0,0,2j.csv
1009,0,0,0,2k.csv
1009,0,0,0,2l.csv
1009,8,8,0,3a.csv
1009,7,5,2,3b.csv
1009,10,9,1,3c.csv
1009,10,9,1,3d.csv
1009,3,1,2,3e.csv
1009,14,9,5,3f.csv
1009,6,6,0,3g.csv
1010,25,22,3,1a.csv
1010,2,2,0,1b.csv
1010,1,1,0,1c.csv
1010,1,1,0,1e.csv
1010,6,6,0,1f.csv
1010,1,1,0,1g.csv
1010,2,2,0,1h.csv
1010,0,0,0,1i.csv
1010,2,2,0,1j.csv
1010,0,0,0,1k.csv
1010,0,0,0,1l.csv
1010,1,1,0,1m.csv
1010,4,2,2,2a.csv
1010,1,0,1,2b.csv
1010,4,1,3,2c.csv
1010,1,1,0,2d.csv
1010,1,1,0,2e.csv
1010,0,0,0,2f.csv
1010,0,0,0,2g.csv
1010,0,0,0,2h.csv
1010,0,0,0,2i.csv
1010,0,0,0,2j.csv
1010,0,0,0,2k.csv
1010,0,0,0,2l.csv
1010,8,7,1,3a.csv
1010,9,7,2,3b.csv
1010,10,8,2,3c.csv
1010,10,8,2,3d.csv
1010,4,2,2,3e.csv
1010,13,10,3,3f.csv
1010,5,5,0,3g.csv
1011,27,24,3,1a.csv
1011,3,3,0,1b.csv
1011,1,1,0,1c.csv
1011,1,1,0,1e.csv
1011,6,5,1,1f.csv
1011,1,1,0,1g.csv
1011,3,3,0,1h.csv
1011,0,0,0,1i.csv
1011,2,2,0,1j.csv
1011,0,0,0,1k.csv
1011,1,1,0,1l.csv
1011,1,1,0,1m.csv
1011,4,2,2,2a.csv
1011,1,0,1,2b.csv
1011,4,1,3,2c.csv
1011,0,0,0,2d.csv
1011,1,1,0,2e.csv
1011,0,0,0,2f.csv
1011,0,0,0,2g.csv
1011,0,0,0,2h.csv
1011,0,0,0,2i.csv
1011,0,0,0,2j.csv
1011,0,0,0,2k.csv
1011,0,0,0,2l.csv
1011,10,8,2,3a.csv
1011,9,7,2,3b.csv
1011,13,11,2,3c.csv
1011,13,11,2,3d.csv
1011,4,2,2,3e.csv
1011,12,9,3,3f.csv
1011,6,6,0,3g.csv
1012,30,26,4,1a.csv
1012,3,3,0,1b.csv
1012,1,1,0,1c.csv
1012,1,1,0,1e.csv
1012,6,5,1,1f.csv
1012,1,1,0,1g.csv
1012,2,2,0,1h.csv
1012,0,0,0,1i.csv
1012,2,2,0,1j.csv
1012,0,0,0,1k.csv
1012,1,1,0,1l.csv
1012,3,3,0,1m.csv
1012,3,2,1,2a.csv
1012,1,0,1,2b.csv
1012,4,1,3,2c.csv
1012,0,0,0,2d.csv
1012,1,1,0,2e.csv
1012,0,0,0,2f.csv
1012,0,0,0,2g.csv
1012,0,0,0,2h.csv
1012,0,0,0,2i.csv
1012,1,1,0,2j.csv
1012,0,0,0,2k.csv
1012,1,1,0,2l.csv
1012,10,8,2,3a.csv
1012,11,8,3,3b.csv
1012,11,10,1,3c.csv
1012,11,10,1,3d.csv
1012,4,3,1,3e.csv
1012,15,10,5,3f.csv
1012,5,5,0,3g.csv
1013,34,29,5,1a.csv
1013,3,3,0,1b.csv
1013,1,1,0,1c.csv
1013,1,1,0,1e.csv
1013,5,4,1,1f.csv
1013,1,1,0,1g.csv
1013,2,2,0,1h.csv
1013,0,0,0,1i.csv
1013,2,2,0,1j.csv
1013,0,0,0,1k.csv
1013,1,1,0,1l.csv
1013,2,2,0,1m.csv
1013,3,2,1,2a.csv
1013,1,1,0,2b.csv
1013,4,1,3,2c.csv
1013,0,0,0,2d.csv
1013,1,1,0,2e.csv
1013,0,0,0,2f.csv
1013,0,0,0,2g.csv
1013,0,0,0,2h.csv
1013,0,0,0,2i.csv
1013,1,1,0,2j.csv
1013,0,0,0,2k.csv
1013,2,2,0,2l.csv
1013,11,9,2,3a.csv
1013,14,12,2,3b.csv
1013,11,10,1,3c.csv
1013,11,10,1,3d.csv
1013,4,3,1,3e.csv
1013,14,9,5,3f.csv
1013,5,5,0,3g.csv
1014,27,23,4,1a.csv
1014,3,3,0,1b.csv
1014,1,1,0,1c.csv
1014,1,1,0,1e.csv
1014,7,6,1,1f.csv
1014,1,1,0,1g.csv
1014,1,1,0,1h.csv
1014,0,0,0,1i.csv
1014,2,2,0,1j.csv
1014,0,0,0,1k.csv
1014,1,1,0,1l.csv
1014,2,2,0,1m.csv
1014,4,2,2,2a.csv
1014,1,1,0,2b.csv
1014,4,1,3,2c.csv
1014,0,0,0,2d.csv
1014,0,0,0,2e.csv
1014,0,0,0,2f.csv
1014,0,0,0,2g.csv
1014,0,0,0,2h.csv
1014,0,0,0,2i.csv
1014,1,1,0,2j.csv
1014,0,0,0,2k.csv
1014,3,2,1,2l.csv
1014,12,10,2,3a.csv
1014,15,13,2,3b.csv
1014,10,9,1,3c.csv
1014,10,9,1,3d.csv
1014,5,3,2,3e.csv
1014,14,9,5,3f.csv
1014,5,5,0,3g.csv
1015,31,26,5,1a.csv
1015,4,4,0,1b.csv
1015,1,1,0,1c.csv
1015,1,1,0,1e.csv
1015,4,3,1,1f.csv
1015,1,1,0,1g.csv
1015,1,1,0,1h.csv
1015,0,0,0,1i.csv
1015,1,1,0,1j.csv
1015,0,0,0,1k.csv
1015,1,1,0,1l.csv
1015,2,2,0,1m.csv
1015,4,2,2,2a.csv
1015,1,1,0,2b.csv
1015,3,1,2,2c.csv
1015,0,0,0,2d.csv
1015,0,0,0,2e.csv
1015,0,0,0,2f.csv
1015,0,0,0,2g.csv
1015,0,0,0,2h.csv
1015,0,0,0,2i.csv
1015,1,1,0,2j.csv
1015,0,0,0,2k.csv
1015,3,2,1,2l.csv
1015,11,9,2,3a.csv
1015,17,16,1,3b.csv
1015,8,7,1,3c.csv
1015,8,7,1,3d.csv
1015,5,3,2,3e.csv
1015,14,11,3,3f.csv
1015,7,7,0,3g.csv
1016,28,24,4,1a.csv
1016,5,4,1,1b.csv
1016,1,1,0,1c.csv
1016,1,1,0,1e.csv
1016,4,3,1,1f.csv
1016,2,2,0,1g.csv
1016,2,2,0,1h.csv
1016,0,0,0,1i.csv
1016,0,0,0,1j.csv
1016,0,0,0,1k.csv
1016,1,1,0,1l.csv
1016,2,2,0,1m.csv
1016,3,2,1,2a.csv
1016,1,1,0,2b.csv
1016,2,1,1,2c.csv
1016,0,0,0,2d.csv
1016,0,0,0,2e.csv
1016,0,0,0,2f.csv
1016,0,0,0,2g.csv
1016,0,0,0,2h.csv
1016,0,0,0,2i.csv
1016,1,1,0,2j.csv
1016,0,0,0,2k.csv
1016,3,2,1,2l.csv
1016,10,8,2,3a.csv
1016,18,17,1,3b.csv
1016,9,7,2,3c.csv
1016,9,7,2,3d.csv
1016,5,4,1,3e.csv
1016,16,11,5,3f.csv
1016,6,6,0,3g.csv
1017,27,23,4,1a.csv
1017,4,3,1,1b.csv
1017,0,0,0,1c.csv
1017,1,1,0,1e.csv
1017,6,4,2,1f.csv
1017,1,1,0,1g.csv
1017,2,2,0,1h.csv
1017,0,0,0,1i.csv
1017,0,0,0,1j.csv
1017,0,0,0,1k.csv
1017,1,1,0,1l.csv
1017,2,2,0,1m.csv
1017,3,2,1,2a.csv
1017,1,1,0,2b.csv
1017,2,1,1,2c.csv
1017,0,0,0,2d.csv
1017,0,0,0,2e.csv
1017,0,0,0,2f.csv
1017,0,0,0,2g.csv
1017,0,0,0,2h.csv
1017,0,0,0,2i.csv
1017,1,1,0,2j.csv
1017,0,0,0,2k.csv
1017,3,2,1,2l.csv
1017,13,11,2,3a.csv
1017,19,18,1,3b.csv
1017,7,5,2,3c.csv
1017,7,5,2,3d.csv
1017,6,5,1,3e.csv
1017,23,13,10,3f.csv
1017,5,5,0,3g.csv
1018,23,19,4,1a.csv
1018,5,4,1,1b.csv
1018,0,0,0,1c.csv
1018,3,2,1,1e.csv
1018,6,4,2,1f.csv
1018,1,1,0,1g.csv
1018,2,2,0,1h.csv
1018,0,0,0,1i.csv
1018,0,0,0,1j.csv
1018,0,0,0,1k.csv
1018,1,1,0,1l.csv
1018,2,2,0,1m.csv
1018,1,0,1,2a.csv
1018,1,1,0,2b.csv
1018,1,1,0,2c.csv
1018,0,0,0,2d.csv
1018,0,0,0,2e.csv
1018,0,0,0,2f.csv
1018,0,0,0,2g.csv
1018,0,0,0,2h.csv
1018,0,0,0,2i.csv
1018,1,1,0,2j.csv
1018,0,0,0,2k.csv
1018,3,2,1,2l.csv
1018,14,13,1,3a.csv
1018,18,17,1,3b.csv
1018,6,5,1,3c.csv
1018,6,5,1,3d.csv
1018,5,4,1,3e.csv
1018,24,14,10,3f.csv
1018,6,6,0,3g.csv
1019,22,17,5,1a.csv
1019,3,2,1,1b.csv
1019,0,0,0,1c.csv
1019,3,2,1,1e.csv
1019,5,4,1,1f.csv
1019,3,3,0,1g.csv
1019,1,1,0,1h.csv
1019,0,0,0,1i.csv
1019,1,0,1,1j.csv
1019,0,0,0,1k.csv
1019,0,0,0,1l.csv
1019,2,2,0,1m.csv
1019,1,0,1,2a.csv
1019,1,1,0,2b.csv
1019,1,1,0,2c.csv
1019,0,0,0,2d.csv
1019,0,0,0,2e.csv
1019,0,0,0,2f.csv
1019,0,0,0,2g.csv
1019,0,0,0,2h.csv
1019,0,0,0,2i.csv
1019,1,1,0,2j.csv
1019,0,0,0,2k.csv
1019,4,3,1,2l.csv
1019,13,13,0,3a.csv
1019,17,16,1,3b.csv
1019,2,1,1,3c.csv
1019,2,1,1,3d.csv
1019,6,5,1,3e.csv
1019,25,13,12,3f.csv
1019,5,5,0,3g.csv
1020,18,13,5,1a.csv
1020,3,2,1,1b.csv
1020,1,1,0,1c.csv
1020,4,3,1,1e.csv
1020,5,4,1,1f.csv
1020,3,3,0,1g.csv
1020,1,1,0,1h.csv
1020,0,0,0,1i.csv
1020,1,0,1,1j.csv
1020,0,0,0,1k.csv
1020,1,1,0,1l.csv
1020,1,1,0,1m.csv
1020,1,0,1,2a.csv
1020,1,1,0,2b.csv
1020,1,1,0,2c.csv
1020,0,0,0,2d.csv
1020,1,0,1,2e.csv
1020,0,0,0,2f.csv
1020,1,1,0,2g.csv
1020,0,0,0,2h.csv
1020,0,0,0,2i.csv
1020,0,0,0,2j.csv
1020,0,0,0,2k.csv
1020,3,2,1,2l.csv
1020,20,20,0,3a.csv
1020,18,18,0,3b.csv
1020,1,0,1,3c.csv
1020,1,0,1,3d.csv
1020,5,4,1,3e.csv
1020,26,14,12,3f.csv
1020,5,5,0,3g.csv
1021,15,10,5,1a.csv
1021,3,2,1,1b.csv
1021,1,1,0,1c.csv
1021,4,3,1,1e.csv
1021,4,3,1,1f.csv
1021,4,4,0,1g.csv
1021,1,1,0,1h.csv
1021,0,0,0,1i.csv
1021,1,0,1,1j.csv
1021,0,0,0,1k.csv
1021,1,1,0,1l.csv
1021,1,1,0,1m.csv
1021,1,0,1,2a.csv
1021,1,0,1,2b.csv
1021,0,0,0,2c.csv
1021,0,0,0,2d.csv
1021,1,0,1,2e.csv
1021,0,0,0,2f.csv
1021,1,1,0,2g.csv
1021,0,0,0,2h.csv
1021,1,1,0,2i.csv
1021,0,0,0,2j.csv
1021,1,1,0,2k.csv
1021,2,1,1,2l.csv
1021,19,19,0,3a.csv
1021,13,13,0,3b.csv
1021,1,0,1,3c.csv
1021,1,0,1,3d.csv
1021,4,3,1,3e.csv
1021,31,18,13,3f.csv
1021,6,6,0,3g.csv
1022,16,11,5,1a.csv
1022,3,2,1,1b.csv
1022,2,2,0,1c.csv
1022,4,3,1,1e.csv
1022,2,1,1,1f.csv
1022,6,6,0,1g.csv
1022,1,1,0,1h.csv
1022,0,0,0,1i.csv
1022,1,0,1,1j.csv
1022,0,0,0,1k.csv
1022,1,1,0,1l.csv
1022,1,1,0,1m.csv
1022,0,0,0,2a.csv
1022,1,0,1,2b.csv
1022,1,0,1,2c.csv
1022,1,1,0,2d.csv
1022,1,0,1,2e.csv
1022,0,0,0,2f.csv
1022,1,1,0,2g.csv
1022,0,0,0,2h.csv
1022,1,1,0,2i.csv
1022,0,0,0,2j.csv
1022,1,1,0,2k.csv
1022,2,2,0,2l.csv
1022,24,24,0,3a.csv
1022,12,12,0,3b.csv
1022,3,0,3,3c.csv
1022,3,0,3,3d.csv
1022,3,3,0,3e.csv
1022,34,20,14,3f.csv
1022,4,4,0,3g.csv
1023,13,8,5,1a.csv
1023,2,1,1,1b.csv
1023,6,5,1,1c.csv
1023,4,3,1,1e.csv
1023,2,1,1,1f.csv
1023,6,6,0,1g.csv
1023,1,1,0,1h.csv
1023,0,0,0,1i.csv
1023,1,0,1,1j.csv
1023,0,0,0,1k.csv
1023,1,1,0,1l.csv
1023,1,1,0,1m.csv
1023,0,0,0,2a.csv
1023,1,0,1,2b.csv
1023,2,1,1,2c.csv
1023,1,1,0,2d.csv
1023,3,2,1,2e.csv
1023,0,0,0,2f.csv
1023,1,1,0,2g.csv
1023,0,0,0,2h.csv
1023,1,1,0,2i.csv
1023,0,0,0,2j.csv
1023,1,1,0,2k.csv
1023,3,3,0,2l.csv
1023,25,24,1,3a.csv
1023,12,12,0,3b.csv
1023,3,0,3,3c.csv
1023,3,0,3,3d.csv
1023,5,5,0,3e.csv
1023,42,25,17,3f.csv
1023,4,4,0,3g.csv
1024,16,10,6,1a.csv
1024,2,2,0,1b.csv
1024,8,6,2,1c.csv
1024,4,3,1,1e.csv
1024,2,1,1,1f.csv
1024,5,5,0,1g.csv
1024,0,0,0,1h.csv
1024,0,0,0,1i.csv
1024,1,0,1,1j.csv
1024,0,0,0,1k.csv
1024,1,1,0,1l.csv
1024,1,1,0,1m.csv
1024,0,0,0,2a.csv
1024,1,0,1,2b.csv
1024,2,1,1,2c.csv
1024,1,1,0,2d.csv
1024,3,2,1,2e.csv
1024,0,0,0,2f.csv
1024,1,1,0,2g.csv
1024,0,0,0,2h.csv
1024,1,1,0,2i.csv
1024,0,0,0,2j.csv
1024,1,1,0,2k.csv
1024,3,3,0,2l.csv
1024,27,26,1,3a.csv
1024,14,14,0,3b.csv
1024,2,0,2,3c.csv
1024,2,0,2,3d.csv
1024,3,3,0,3e.csv
1024,44,29,15,3f.csv
1024,5,5,0,3g.csv
1025,18,12,6,1a.csv
1025,3,3,0,1b.csv
1025,16,10,6,1c.csv
1025,4,3,1,1e.csv
1025,1,1,0,1f.csv
1025,6,6,0,1g.csv
1025,0,0,0,1h.csv
1025,0,0,0,1i.csv
1025,1,0,1,1j.csv
1025,0,0,0,1k.csv
1025,1,1,0,1l.csv
1025,2,2,0,1m.csv
1025,1,1,0,2a.csv
1025,1,0,1,2b.csv
1025,2,1,1,2c.csv
1025,1,1,0,2d.csv
1025,5,3,2,2e.csv
1025,0,0,0,2f.csv
1025,1,1,0,2g.csv
1025,0,0,0,2h.csv
1025,1,1,0,2i.csv
1025,0,0,0,2j.csv
1025,1,1,0,2k.csv
1025,3,3,0,2l.csv
1025,28,27,1,3a.csv
1025,11,11,0,3b.csv
1025,4,2,2,3c.csv
1025,4,2,2,3d.csv
1025,3,3,0,3e.csv
1025,38,28,10,3f.csv
1025,5,5,0,3g.csv
1026,18,12,6,1a.csv
1026,3,3,0,1b.csv
1026,21,13,8,1c.csv
1026,2,2,0,1e.csv
1026,1,1,0,1f.csv
1026,6,6,0,1g.csv
1026,0,0,0,1h.csv
1026,0,0,0,1i.csv
1026,1,0,1,1j.csv
1026,0,0,0,1k.csv
1026,1,1,0,1l.csv
1026,2,2,0,1m.csv
1026,1,1,0,2a.csv
1026,1,0,1,2b.csv
1026,2,1,1,2c.csv
1026,1,1,0,2d.csv
1026,5,3,2,2e.csv
1026,0,0,0,2f.csv
1026,1,1,0,2g.csv
1026,0,0,0,2h.csv
1026,1,1,0,2i.csv
1026,0,0,0,2j.csv
1026,1,1,0,2k.csv
1026,3,3,0,2l.csv
1026,31,30,1,3a.csv
1026,11,11,0,3b.csv
1026,4,2,2,3c.csv
1026,4,2,2,3d.csv
1026,3,3,0,3e.csv
1026,41,30,11,3f.csv
1026,5,5,0,3g.csv
1027,18,12,6,1a.csv
1027,5,5,0,1b.csv
1027,27,18,9,1c.csv
1027,2,2,0,1e.csv
1027,2,2,0,1f.csv
1027,4,4,0,1g.csv
1027,0,0,0,1h.csv
1027,0,0,0,1i.csv
1027,0,0,0,1j.csv
1027,0,0,0,1k.csv
1027,1,1,0,1l.csv
1027,2,2,0,1m.csv
1027,1,1,0,2a.csv
1027,1,0,1,2b.csv
1027,2,1,1,2c.csv
1027,1,1,0,2d.csv
1027,5,3,2,2e.csv
1027,0,0,0,2f.csv
1027,1,1,0,2g.csv
1027,0,0,0,2h.csv
1027,2,2,0,2i.csv
1027,0,0,0,2j.csv
1027,1,1,0,2k.csv
1027,2,2,0,2l.csv
1027,34,33,1,3a.csv
1027,11,11,0,3b.csv
1027,6,3,3,3c.csv
1027,6,3,3,3d.csv
1027,2,2,0,3e.csv
1027,38,29,9,3f.csv
1027,7,7,0,3g.csv
1028,20,14,6,1a.csv
1028,5,5,0,1b.csv
1028,28,19,9,1c.csv
1028,1,1,0,1e.csv
1028,3,3,0,1f.csv
1028,6,4,2,1g.csv
1028,0,0,0,1h.csv
1028,0,0,0,1i.csv
1028,0,0,0,1j.csv
1028,0,0,0,1k.csv
1028,0,0,0,1l.csv
1028,1,1,0,1m.csv
1028,1,1,0,2a.csv
1028,1,0,1,2b.csv
1028,2,1,1,2c.csv
1028,1,1,0,2d.csv
1028,4,3,1,2e.csv
1028,0,0,0,2f.csv
1028,0,0,0,2g.csv
1028,0,0,0,2h.csv
1028,2,2,0,2i.csv
1028,0,0,0,2j.csv
1028,1,1,0,2k.csv
1028,2,2,0,2l.csv
1028,29,27,2,3a.csv
1028,9,9,0,3b.csv
1028,8,4,4,3c.csv
1028,8,4,4,3d.csv
1028,2,2,0,3e.csv
1028,35,28,7,3f.csv
1028,7,7,0,3g.csv
1029,21,14,7,1a.csv
1029,5,5,0,1b.csv
1029,31,19,12,1c.csv
1029,1,1,0,1e.csv
1029,4,4,0,1f.csv
1029,5,3,2,1g.csv
1029,0,0,0,1h.csv
1029,0,0,0,1i.csv
1029,0,0,0,1j.csv
1029,0,0,0,1k.csv
1029,0,0,0,1l.csv
1029,1,1,0,1m.csv
1029,1,1,0,2a.csv
1029,0,0,0,2b.csv
1029,2,1,1,2c.csv
1029,1,1,0,2d.csv
1029,4,3,1,2e.csv
1029,0,0,0,2f.csv
1029,0,0,0,2g.csv
1029,0,0,0,2h.csv
1029,1,1,0,2i.csv
1029,0,0,0,2j.csv
1029,0,0,0,2k.csv
1029,2,2,0,2l.csv
1029,34,31,3,3a.csv
1029,10,10,0,3b.csv
1029,9,5,4,3c.csv
1029,9,5,4,3d.csv
1029,2,2,0,3e.csv
1029,34,27,7,3f.csv
1029,8,8,0,3g.csv
1030,20,13,7,1a.csv
1030,5,5,0,1b.csv
1030,33,19,14,1c.csv
1030,1,1,0,1e.csv
1030,4,4,0,1f.csv
1030,3,1,2,1g.csv
1030,0,0,0,1h.csv
1030,0,0,0,1i.csv
1030,0,0,0,1j.csv
1030,0,0,0,1k.csv
1030,0,0,0,1l.csv
1030,1,1,0,1m.csv
1030,3,3,0,2a.csv
1030,0,0,0,2b.csv
1030,1,1,0,2c.csv
1030,0,0,0,2d.csv
1030,4,3,1,2e.csv
1030,0,0,0,2f.csv
1030,0,0,0,2g.csv
1030,0,0,0,2h.csv
1030,1,1,0,2i.csv
1030,0,0,0,2j.csv
1030,0,0,0,2k.csv
1030,1,1,0,2l.csv
1030,31,28,3,3a.csv
1030,10,10,0,3b.csv
1030,7,5,2,3c.csv
1030,7,5,2,3d.csv
1030,2,2,0,3e.csv
1030,33,25,8,3f.csv
1030,9,9,0,3g.csv
1031,19,12,7,1a.csv
1031,5,5,0,1b.csv
1031,31,18,13,1c.csv
1031,1,1,0,1e.csv
1031,5,5,0,1f.csv
1031,5,3,2,1g.csv
1031,0,0,0,1h.csv
1031,0,0,0,1i.csv
1031,1,1,0,1j.csv
1031,1,1,0,1k.csv
1031,0,0,0,1l.csv
1031,2,2,0,1m.csv
1031,6,6,0,2a.csv
1031,1,0,1,2b.csv
1031,0,0,0,2c.csv
1031,0,0,0,2d.csv
1031,2,1,1,2e.csv
1031,0,0,0,2f.csv
1031,0,0,0,2g.csv
1031,0,0,0,2h.csv
1031,1,1,0,2i.csv
1031,0,0,0,2j.csv
1031,0,0,0,2k.csv
1031,0,0,0,2l.csv
1031,32,30,2,3a.csv
1031,7,7,0,3b.csv
1031,8,6,2,3c.csv
1031,8,6,2,3d.csv
1031,1,1,0,3e.csv
1031,25,20,5,3f.csv
1031,7,7,0,3g.csv
1032,16,10,6,1a.csv
1032,4,4,0,1b.csv
1032,30,18,12,1c.csv
1032,1,1,0,1e.csv
1032,6,6,0,1f.csv
1032,6,4,2,1g.csv
1032,1,1,0,1h.csv
1032,0,0,0,1i.csv
1032,1,1,0,1j.csv
1032,1,1,0,1k.csv
1032,0,0,0,1l.csv
1032,2,2,0,1m.csv
1032,7,7,0,2a.csv
1032,1,0,1,2b.csv
1032,0,0,0,2c.csv
1032,0,0,0,2d.csv
1032,2,1,1,2e.csv
1032,0,0,0,2f.csv
1032,0,0,0,2g.csv
1032,0,0,0,2h.csv
1032,1,1,0,2i.csv
1032,0,0,0,2j.csv
1032,0,0,0,2k.csv
1032,0,0,0,2l.csv
1032,35,33,2,3a.csv
1032,5,4,1,3b.csv
1032,9,6,3,3c.csv
1032,9,6,3,3d.csv
1032,1,1,0,3e.csv
1032,25,20,5,3f.csv
1032,6,6,0,3g.csv
1033,15,9,6,1a.csv
1033,3,3,0,1b.csv
1033,24,15,9,1c.csv
1033,1,1,0,1e.csv
1033,6,6,0,1f.csv
1033,5,3,2,1g.csv
1033,1,1,0,1h.csv
1033,0,0,0,1i.csv
1033,1,1,0,1j.csv
1033,1,1,0,1k.csv
1033,0,0,0,1l.csv
1033,1,1,0,1m.csv
1033,7,7,0,2a.csv
1033,1,0,1,2b.csv
1033,0,0,0,2c.csv
1033,0,0,0,2d.csv
1033,1,1,0,2e.csv
1033,0,0,0,2f.csv
1033,0,0,0,2g.csv
1033,0,0,0,2h.csv
1033,1,1,0,2i.csv
1033,0,0,0,2j.csv
1033,0,0,0,2k.csv
1033,0,0,0,2l.csv
1033,34,32,2,3a.csv
1033,5,4,1,3b.csv
1033,8,5,3,3c.csv
1033,8,5,3,3d.csv
1033,2,1,1,3e.csv
1033,27,19,8,3f.csv
1033,6,6,0,3g.csv
1034,13,8,5,1a.csv
1034,2,2,0,1b.csv
1034,21,13,8,1c.csv
1034,0,0,0,1e.csv
1034,7,7,0,1f.csv
1034,6,3,3,1g.csv
1034,1,1,0,1h.csv
1034,0,0,0,1i.csv
1034,1,1,0,1j.csv
1034,1,1,0,1k.csv
1034,0,0,0,1l.csv
1034,1,1,0,1m.csv
1034,8,7,1,2a.csv
1034,1,0,1,2b.csv
1034,0,0,0,2c.csv
1034,0,0,0,2d.csv
1034,2,1,1,2e.csv
1034,1,0,1,2f.csv
1034,0,0,0,2g.csv
1034,0,0,0,2h.csv
1034,1,1,0,2i.csv
1034,0,0,0,2j.csv
1034,0,0,0,2k.csv
1034,0,0,0,2l.csv
1034,33,31,2,3a.csv
1034,6,4,2,3b.csv
1034,8,5,3,3c.csv
1034,8,5,3,3d.csv
1034,2,1,1,3e.csv
1034,25,17,8,3f.csv
1034,6,6,0,3g.csv
1035,14,9,5,1a.csv
1035,1,1,0,1b.csv
1035,16,8,8,1c.csv
1035,0,0,0,1e.csv
1035,9,9,0,1f.csv
1035,6,3,3,1g.csv
1035,1,1,0,1h.csv
1035,0,0,0,1i.csv
1035,1,1,0,1j.csv
1035,1,1,0,1k.csv
1035,0,0,0,1l.csv
1035,1,1,0,1m.csv
1035,8,7,1,2a.csv
1035,1,0,1,2b.csv
1035,0,0,0,2c.csv
1035,0,0,0,2d.csv
1035,2,1,1,2e.csv
1035,1,0,1,2f.csv
1035,0,0,0,2g.csv
1035,0,0,0,2h.csv
1035,0,0,0,2i.csv
1035,0,0,0,2j.csv
1035,0,0,0,2k.csv
1035,0,0,0,2l.csv
1035,29,27,2,3a.csv
1035,7,5,2,3b.csv
1035,8,5,3,3c.csv
1035,8,5,3,3d.csv
1035,2,1,1,3e.csv
1035,29,19,10,3f.csv
1035,5,5,0,3g.csv
1036,12,8,4,1a.csv
1036,1,1,0,1b.csv
1036,15,6,9,1c.csv
1036,0,0,0,1e.csv
1036,9,9,0,1f.csv
1036,6,4,2,1g.csv
1036,1,1,0,1h.csv
1036,0,0,0,1i.csv
1036,1,1,0,1j.csv
1036,1,1,0,1k.csv
1036,0,0,0,1l.csv
1036,1,1,0,1m.csv
1036,8,7,1,2a.csv
1036,1,0,1,2b.csv
1036,1,0,1,2c.csv
1036,0,0,0,2d.csv
1036,2,1,1,2e.csv
1036,1,0,1,2f.csv
1036,0,0,0,2g.csv
1036,0,0,0,2h.csv
1036,0,0,0,2i.csv
1036,0,0,0,2j.csv
1036,0,0,0,2k.csv
1036,0,0,0,2l.csv
1036,31,30,1,3a.csv
1036,9,7,2,3b.csv
1036,7,5,2,3c.csv
1036,7,5,2,3d.csv
1036,3,2,1,3e.csv
1036,27,17,10,3f.csv
1036,5,5,0,3g.csv
1037,11,9,2,1a.csv
1037,1,1,0,1b.csv
1037,13,7,6,1c.csv
1037,0,0,0,1e.csv
1037,8,8,0,1f.csv
1037,6,4,2,1g.csv
1037,1,1,0,1h.csv
1037,0,0,0,1i.csv
1037,1,1,0,1j.csv
1037,1,1,0,1k.csv
1037,1,0,1,1l.csv
1037,1,1,0,1m.csv
1037,8,7,1,2a.csv
1037,1,0,1,2b.csv
1037,1,0,1,2c.csv
1037,0,0,0,2d.csv
1037,2,1,1,2e.csv
1037,1,0,1,2f.csv
1037,0,0,0,2g.csv
1037,0,0,0,2h.csv
1037,0,0,0,2i.csv
1037,0,0,0,2j.csv
1037,0,0,0,2k.csv
1037,0,0,0,2l.csv
1037,30,29,1,3a.csv
1037,10,8,2,3b.csv
1037,6,4,2,3c.csv
1037,6,4,2,3d.csv
1037,3,2,1,3e.csv
1037,25,14,11,3f.csv
1037,3,3,0,3g.csv
1038,11,9,2,1a.csv
1038,2,2,0,1b.csv
1038,11,7,4,1c.csv
1038,0,0,0,1e.csv
1038,9,9,0,1f.csv
1038,9,6,3,1g.csv
1038,2,2,0,1h.csv
1038,0,0,0,1i.csv
1038,1,1,0,1j.csv
1038,1,1,0,1k.csv
1038,3,2,1,1l.csv
1038,1,1,0,1m.csv
1038,6,5,1,2a.csv
1038,1,0,1,2b.csv
1038,1,0,1,2c.csv
1038,0,0,0,2d.csv
1038,2,1,1,2e.csv
1038,1,0,1,2f.csv
1038,0,0,0,2g.csv
1038,0,0,0,2h.csv
1038,1,1,0,2i.csv
1038,0,0,0,2j.csv
1038,0,0,0,2k.csv
1038,0,0,0,2l.csv
1038,30,28,2,3a.csv
1038,10,8,2,3b.csv
1038,7,5,2,3c.csv
1038,7,5,2,3d.csv
1038,3,2,1,3e.csv
1038,29,20,9,3f.csv
1038,2,2,0,3g.csv
1039,11,10,1,1a.csv
1039,2,2,0,1b.csv
1039,11,7,4,1c.csv
1039,0,0,0,1e.csv
1039,9,9,0,1f.csv
1039,7,4,3,1g.csv
1039,2,2,0,1h.csv
1039,0,0,0,1i.csv
1039,0,0,0,1j.csv
1039,0,0,0,1k.csv
1039,3,2,1,1l.csv
1039,0,0,0,1m.csv
1039,3,2,1,2a.csv
1039,0,0,0,2b.csv
1039,1,0,1,2c.csv
1039,0,0,0,2d.csv
1039,2,1,1,2e.csv
1039,1,0,1,2f.csv
1039,1,1,0,2g.csv
1039,1,0,1,2h.csv
1039,1,1,0,2i.csv
1039,0,0,0,2j.csv
1039,0,0,0,2k.csv
1039,0,0,0,2l.csv
1039,32,30,2,3a.csv
1039,18,12,6,3b.csv
1039,8,6,2,3c.csv
1039,8,6,2,3d.csv
1039,2,1,1,3e.csv
1039,31,22,9,3f.csv
1039,4,3,1,3g.csv
1040,12,11,1,1a.csv
1040,3,3,0,1b.csv
1040,12,7,5,1c.csv
1040,0,0,0,1e.csv
1040,8,8,0,1f.csv
1040,7,3,4,1g.csv
1040,1,1,0,1h.csv
1040,0,0,0,1i.csv
1040,0,0,0,1j.csv
1040,0,0,0,1k.csv
1040,3,2,1,1l.csv
1040,0,0,0,1m.csv
1040,2,1,1,2a.csv
1040,0,0,0,2b.csv
1040,1,0,1,2c.csv
1040,0,0,0,2d.csv
1040,2,1,1,2e.csv
1040,1,0,1,2f.csv
1040,1,1,0,2g.csv
1040,1,0,1,2h.csv
1040,1,1,0,2i.csv
1040,0,0,0,2j.csv
1040,0,0,0,2k.csv
1040,0,0,0,2l.csv
1040,32,29,3,3a.csv
1040,18,13,5,3b.csv
1040,7,6,1,3c.csv
1040,7,6,1,3d.csv
1040,4,3,1,3e.csv
1040,28,17,11,3f.csv
1040,4,3,1,3g.csv
1041,11,10,1,1a.csv
1041,3,3,0,1b.csv
1041,10,6,4,1c.csv
1041,0,0,0,1e.csv
1041,7,7,0,1f.csv
1041,7,3,4,1g.csv
1041,1,1,0,1h.csv
1041,0,0,0,1i.csv
1041,0,0,0,1j.csv
1041,0,0,0,1k.csv
1041,3,2,1,1l.csv
1041,0,0,0,1m.csv
1041,1,0,1,2a.csv
1041,1,0,1,2b.csv
1041,1,0,1,2c.csv
1041,0,0,0,2d.csv
1041,1,0,1,2e.csv
1041,1,0,1,2f.csv
1041,1,1,0,2g.csv
1041,1,0,1,2h.csv
1041,2,1,1,2i.csv
1041,0,0,0,2j.csv
1041,0,0,0,2k.csv
1041,0,0,0,2l.csv
1041,32,28,4,3a.csv
1041,23,18,5,3b.csv
1041,6,5,1,3c.csv
1041,6,5,1,3d.csv
1041,3,3,0,3e.csv
1041,24,16,8,3f.csv
1041,5,4,1,3g.csv
1042,12,11,1,1a.csv
1042,3,3,0,1b.csv
1042,8,5,3,1c.csv
1042,0,0,0,1e.csv
1042,7,6,1,1f.csv
1042,7,4,3,1g.csv
1042,1,1,0,1h.csv
1042,0,0,0,1i.csv
1042,0,0,0,1j.csv
1042,0,0,0,1k.csv
1042,3,2,1,1l.csv
1042,0,0,0,1m.csv
1042,0,0,0,2a.csv
1042,1,0,1,2b.csv
1042,1,0,1,2c.csv
1042,0,0,0,2d.csv
1042,0,0,0,2e.csv
1042,0,0,0,2f.csv
1042,1,1,0,2g.csv
1042,1,0,1,2h.csv
1042,2,1,1,2i.csv
1042,0,0,0,2j.csv
1042,0,0,0,2k.csv
1042,0,0,0,2l.csv
1042,28,24,4,3a.csv
1042,24,20,4,3b.csv
1042,6,5,1,3c.csv
1042,6,5,1,3d.csv
1042,4,4,0,3e.csv
1042,24,17,7,3f.csv
1042,4,3,1,3g.csv
1043,11,11,0,1a.csv
1043,3,3,0,1b.csv
1043,8,6,2,1c.csv
1043,0,0,0,1e.csv
1043,4,3,1,1f.csv
1043,11,8,3,1g.csv
1043,1,1,0,1h.csv
1043,0,0,0,1i.csv
1043,0,0,0,1j.csv
1043,0,0,0,1k.csv
1043,3,2,1,1l.csv
1043,0,0,0,1m.csv
1043,1,1,0,2a.csv
1043,1,0,1,2b.csv
1043,1,0,1,2c.csv
1043,0,0,0,2d.csv
1043,2,1,1,2e.csv
1043,0,0,0,2f.csv
1043,1,1,0,2g.csv
1043,1,0,1,2h.csv
1043,2,1,1,2i.csv
1043,0,0,0,2j.csv
1043,0,0,0,2k.csv
1043,1,1,0,2l.csv
1043,28,24,4,3a.csv
1043,24,20,4,3b.csv
1043,4,4,0,3c.csv
1043,4,4,0,3d.csv
1043,5,4,1,3e.csv
1043,24,19,5,3f.csv
1043,3,2,1,3g.csv
1044,10,10,0,1a.csv
1044,4,4,0,1b.csv
1044,8,7,1,1c.csv
1044,0,0,0,1e.csv
1044,3,2,1,1f.csv
1044,10,7,3,1g.csv
1044,1,1,0,1h.csv
1044,0,0,0,1i.csv
1044,0,0,0,1j.csv
1044,0,0,0,1k.csv
1044,3,2,1,1l.csv
1044,1,1,0,1m.csv
1044,1,1,0,2a.csv
1044,1,0,1,2b.csv
1044,0,0,0,2c.csv
1044,0,0,0,2d.csv
1044,3,2,1,2e.csv
1044,0,0,0,2f.csv
1044,1,1,0,2g.csv
1044,1,0,1,2h.csv
1044,2,1,1,2i.csv
1044,0,0,0,2j.csv
1044,0,0,0,2k.csv
1044,1,1,0,2l.csv
1044,25,21,4,3a.csv
1044,24,18,6,3b.csv
1044,4,3,1,3c.csv
1044,4,3,1,3d.csv
1044,4,3,1,3e.csv
1044,26,19,7,3f.csv
1044,3,2,1,3g.csv
1045,9,9,0,1a.csv
1045,6,6,0,1b.csv
1045,8,7,1,1c.csv
1045,0,0,0,1e.csv
1045,3,2,1,1f.csv
1045,10,7,3,1g.csv
1045,1,1,0,1h.csv
1045,0,0,0,1i.csv
1045,0,0,0,1j.csv
1045,0,0,0,1k.csv
1045,2,2,0,1l.csv
1045,1,1,0,1m.csv
1045,1,1,0,2a.csv
1045,1,0,1,2b.csv
1045,0,0,0,2c.csv
1045,0,0,0,2d.csv
1045,3,2,1,2e.csv
1045,0,0,0,2f.csv
1045,1,1,0,2g.csv
1045,1,0,1,2h.csv
1045,2,1,1,2i.csv
1045,0,0,0,2j.csv
1045,0,0,0,2k.csv
1045,1,1,0,2l.csv
1045,24,20,4,3a.csv
1045,25,18,7,3b.csv
1045,4,3,1,3c.csv
1045,4,3,1,3d.csv
1045,4,3,1,3e.csv
1045,27,20,7,3f.csv
1045,3,2,1,3g.csv
1046,8,8,0,1a.csv
1046,5,5,0,1b.csv
1046,8,7,1,1c.csv
1046,0,0,0,1e.csv
1046,4,2,2,1f.csv
1046,7,5,2,1g.csv
1046,0,0,0,1h.csv
1046,0,0,0,1i.csv
1046,0,0,0,1j.csv
1046,0,0,0,1k.csv
1046,1,1,0,1l.csv
1046,1,1,0,1m.csv
1046,2,2,0,2a.csv
1046,1,0,1,2b.csv
1046,0,0,0,2c.csv
1046,0,0,0,2d.csv
1046,3,2,1,2e.csv
1046,0,0,0,2f.csv
1046,1,1,0,2g.csv
1046,1,0,1,2h.csv
1046,1,0,1,2i.csv
1046,0,0,0,2j.csv
1046,0,0,0,2k.csv
1046,1,1,0,2l.csv
1046,23,20,3,3a.csv
1046,34,25,9,3b.csv
1046,3,2,1,3c.csv
1046,3,2,1,3d.csv
1046,6,5,1,3e.csv
1046,22,15,7,3f.csv
1046,3,2,1,3g.csv
1047,7,7,0,1a.csv
1047,6,5,1,1b.csv
1047,6,5,1,1c.csv
1047,0,0,0,1e.csv
1047,3,1,2,1f.csv
1047,7,5,2,1g.csv
1047,0,0,0,1h.csv
1047,0,0,0,1i.csv
1047,0,0,0,1j.csv
1047,0,0,0,1k.csv
1047,1,1,0,1l.csv
1047,1,1,0,1m.csv
1047,2,2,0,2a.csv
1047,1,0,1,2b.csv
1047,0,0,0,2c.csv
1047,0,0,0,2d.csv
1047,3,2,1,2e.csv
1047,0,0,0,2f.csv
1047,0,0,0,2g.csv
1047,0,0,0,2h.csv
1047,1,0,1,2i.csv
1047,0,0,0,2j.csv
1047,0,0,0,2k.csv
1047,2,2,0,2l.csv
1047,23,20,3,3a.csv
1047,32,23,9,3b.csv
1047,3,1,2,3c.csv
1047,3,1,2,3d.csv
1047,6,5,1,3e.csv
1047,21,11,10,3f.csv
1047,1,1,0,3g.csv
1048,7,7,0,1a.csv
1048,5,4,1,1b.csv
1048,4,4,0,1c.csv
1048,0,0,0,1e.csv
1048,3,1,2,1f.csv
1048,6,5,1,1g.csv
1048,0,0,0,1h.csv
1048,0,0,0,1i.csv
1048,0,0,0,1j.csv
1048,0,0,0,1k.csv
1048,1,1,0,1l.csv
1048,1,1,0,1m.csv
1048,2,2,0,2a.csv
1048,1,0,1,2b.csv
1048,0,0,0,2c.csv
1048,0,0,0,2d.csv
1048,4,3,1,2e.csv
1048,0,0,0,2f.csv
1048,1,0,1,2g.csv
1048,0,0,0,2h.csv
1048,1,0,1,2i.csv
1048,0,0,0,2j.csv
1048,0,0,0,2k.csv
1048,3,3,0,2l.csv
1048,19,17,2,3a.csv
1048,40,29,11,3b.csv
1048,3,1,2,3c.csv
1048,3,1,2,3d.csv
1048,5,4,1,3e.csv
1048,20,12,8,3f.csv
1048,1,1,0,3g.csv
1049,6,6,0,1a.csv
1049,5,4,1,1b.csv
1049,4,4,0,1c.csv
1049,1,1,0,1e.csv
1049,3,1,2,1f.csv
1049,7,5,2,1g.csv
1049,0,0,0,1h.csv
1049,0,0,0,1i.csv
1049,0,0,0,1j.csv
1049,0,0,0,1k.csv
1049,1,1,0,1l.csv
1049,1,1,0,1m.csv
1049,2,2,0,2a.csv
1049,0,0,0,2b.csv
1049,1,1,0,2c.csv
1049,0,0,0,2d.csv
1049,4,3,1,2e.csv
1049,0,0,0,2f.csv
1049,1,0,1,2g.csv
1049,0,0,0,2h.csv
1049,0,0,0,2i.csv
1049,0,0,0,2j.csv
1049,0,0,0,2k.csv
1049,3,3,0,2l.csv
1049,20,19,1,3a.csv
1049,40,28,12,3b.csv
1049,3,1,2,3c.csv
1049,3,1,2,3d.csv
1049,5,4,1,3e.csv
1049,23,15,8,3f.csv
1049,0,0,0,3g.csv
1050,4,4,0,1a.csv
1050,6,5,1,1b.csv
1050,5,5,0,1c.csv
1050,1,1,0,1e.csv
1050,3,2,1,1f.csv
1050,6,4,2,1g.csv
1050,1,0,1,1h.csv
1050,0,0,0,1i.csv
1050,0,0,0,1j.csv
1050,0,0,0,1k.csv
1050,1,1,0,1l.csv
1050,1,1,0,1m.csv
1050,2,2,0,2a.csv
1050,0,0,0,2b.csv
1050,1,1,0,2c.csv
1050,0,0,0,2d.csv
1050,4,3,1,2e.csv
1050,0,0,0,2f.csv
1050,1,0,1,2g.csv
1050,0,0,0,2h.csv
1050,0,0,0,2i.csv
1050,0,0,0,2j.csv
1050,0,0,0,2k.csv
1050,3,3,0,2l.csv
1050,23,22,1,3a.csv
1050,42,30,12,3b.csv
1050,3,1,2,3c.csv
1050,3,1,2,3d.csv
1050,4,3,1,3e.csv
1050,29,19,10,3f.csv
1050,1,1,0,3g.csv
1051,3,2,1,1a.csv
1051,5,4,1,1b.csv
1051,6,5,1,1c.csv
1051,1,1,0,1e.csv
1051,3,2,1,1f.csv
1051,2,0,2,1g.csv
1051,1,0,1,1h.csv
1051,0,0,0,1i.csv
1051,0,0,0,1j.csv
1051,0,0,0,1k.csv
1051,1,1,0,1l.csv
1051,2,2,0,1m.csv
1051,1,1,0,2a.csv
1051,0,0,0,2b.csv
1051,6,6,0,2c.csv
1051,0,0,0,2d.csv
1051,2,2,0,2e.csv
1051,0,0,0,2f.csv
1051,1,0,1,2g.csv
1051,0,0,0,2h.csv
1051,0,0,0,2i.csv
1051,0,0,0,2j.csv
1051,0,0,0,2k.csv
1051,2,2,0,2l.csv
1051,22,21,1,3a.csv
1051,48,36,12,3b.csv
1051,3,1,2,3c.csv
1051,3,1,2,3d.csv
1051,3,3,0,3e.csv
1051,31,20,11,3f.csv
1051,1,1,0,3g.csv
1052,6,5,1,1a.csv
1052,5,4,1,1b.csv
1052,5,4,1,1c.csv
1052,1,1,0,1e.csv
1052,3,2,1,1f.csv
1052,1,0,1,1g.csv
1052,2,0,2,1h.csv
1052,0,0,0,1i.csv
1052,0,0,0,1j.csv
1052,0,0,0,1k.csv
1052,1,1,0,1l.csv
1052,1,1,0,1m.csv
1052,1,1,0,2a.csv
1052,0,0,0,2b.csv
1052,7,7,0,2c.csv
1052,0,0,0,2d.csv
1052,2,2,0,2e.csv
1052,0,0,0,2f.csv
1052,1,0,1,2g.csv
1052,0,0,0,2h.csv
1052,0,0,0,2i.csv
1052,0,0,0,2j.csv
1052,0,0,0,2k.csv
1052,2,2,0,2l.csv
1052,22,21,1,3a.csv
1052,50,38,12,3b.csv
1052,2,1,1,3c.csv
1052,2,1,1,3d.csv
1052,3,3,0,3e.csv
1052,33,21,12,3f.csv
1052,1,1,0,3g.csv
1053,6,5,1,1a.csv
1053,3,2,1,1b.csv
1053,5,3,2,1c.csv
1053,1,1,0,1e.csv
1053,4,3,1,1f.csv
1053,1,0,1,1g.csv
1053,2,0,2,1h.csv
1053,0,0,0,1i.csv
1053,0,0,0,1j.csv
1053,0,0,0,1k.csv
1053,2,2,0,1l.csv
1053,1,1,0,1m.csv
1053,1,1,0,2a.csv
1053,0,0,0,2b.csv
1053,8,8,0,2c.csv
1053,0,0,0,2d.csv
1053,2,2,0,2e.csv
1053,0,0,0,2f.csv
1053,2,1,1,2g.csv
1053,0,0,0,2h.csv
1053,0,0,0,2i.csv
1053,0,0,0,2j.csv
1053,0,0,0,2k.csv
1053,2,2,0,2l.csv
1053,22,22,0,3a.csv
1053,53,40,13,3b.csv
1053,2,1,1,3c.csv
1053,2,1,1,3d.csv
1053,3,3,0,3e.csv
1053,32,21,11,3f.csv
1053,1,1,0,3g.csv
1054,7,6,1,1a.csv
1054,3,2,1,1b.csv
1054,5,3,2,1c.csv
1054,1,1,0,1e.csv
1054,2,2,0,1f.csv
1054,1,0,1,1g.csv
1054,2,0,2,1h.csv
1054,0,0,0,1i.csv
1054,0,0,0,1j.csv
1054,1,0,1,1k.csv
1054,1,1,0,1l.csv
1054,1,1,0,1m.csv
1054,1,1,0,2a.csv
1054,0,0,0,2b.csv
1054,8,8,0,2c.csv
1054,0,0,0,2d.csv
1054,2,2,0,2e.csv
1054,0,0,0,2f.csv
1054,2,1,1,2g.csv
1054,0,0,0,2h.csv
1054,0,0,0,2i.csv
1054,0,0,0,2j.csv
1054,0,0,0,2k.csv
1054,3,3,0,2l.csv
1054,21,21,0,3a.csv
1054,51,38,13,3b.csv
1054,2,1,1,3c.csv
1054,2,1,1,3d.csv
1054,1,1,0,3e.csv
1054,33,22,11,3f.csv
1054,1,1,0,3g.csv
1055,9,7,2,1a.csv
1055,2,2,0,1b.csv
1055,5,3,2,1c.csv
1055,1,1,0,1e.csv
1055,2,2,0,1f.csv
1055,2,1,1,1g.csv
1055,2,0,2,1h.csv
1055,0,0,0,1i.csv
1055,0,0,0,1j.csv
1055,2,1,1,1k.csv
1055,1,1,0,1l.csv
1055,1,1,0,1m.csv
1055,1,1,0,2a.csv
1055,0,0,0,2b.csv
1055,8,8,0,2c.csv
1055,0,0,0,2d.csv
1055,3,2,1,2e.csv
1055,0,0,0,2f.csv
1055,2,1,1,2g.csv
1055,0,0,0,2h.csv
1055,0,0,0,2i.csv
1055,0,0,0,2j.csv
1055,0,0,0,2k.csv
1055,2,2,0,2l.csv
1055,18,18,0,3a.csv
1055,45,36,9,3b.csv
1055,0,0,0,3c.csv
1055,0,0,0,3d.csv
1055,1,1,0,3e.csv
1055,33,24,9,3f.csv
1055,1,1,0,3g.csv
1056,9,7,2,1a.csv
1056,2,2,0,1b.csv
1056,5,3,2,1c.csv
1056,1,1,0,1e.csv
1056,2,2,0,1f.csv
1056,2,1,1,1g.csv
1056,2,0,2,1h.csv
1056,0,0,0,1i.csv
1056,0,0,0,1j.csv
1056,2,1,1,1k.csv
1056,1,1,0,1l.csv
1056,1,1,0,1m.csv
1056,1,1,0,2a.csv
1056,0,0,0,2b.csv
1056,8,8,0,2c.csv
1056,0,0,0,2d.csv
1056,2,1,1,2e.csv
1056,0,0,0,2f.csv
1056,1,1,0,2g.csv
1056,1,1,0,2h.csv
1056,0,0,0,2i.csv
1056,0,0,0,2j.csv
1056,0,0,0,2k.csv
1056,4,3,1,2l.csv
1056,17,17,0,3a.csv
1056,40,32,8,3b.csv
1056,0,0,0,3c.csv
1056,0,0,0,3d.csv
1056,0,0,0,3e.csv
1056,35,25,10,3f.csv
1056,2,2,0,3g.csv
1057,9,7,2,1a.csv
1057,3,3,0,1b.csv
1057,6,4,2,1c.csv
1057,0,0,0,1e.csv
1057,4,4,0,1f.csv
1057,2,2,0,1g.csv
1057,3,0,3,1h.csv
1057,0,0,0,1i.csv
1057,0,0,0,1j.csv
1057,2,1,1,1k.csv
1057,1,1,0,1l.csv
1057,2,1,1,1m.csv
1057,1,1,0,2a.csv
1057,0,0,0,2b.csv
1057,7,7,0,2c.csv
1057,0,0,0,2d.csv
1057,3,2,1,2e.csv
1057,0,0,0,2f.csv
1057,1,1,0,2g.csv
1057,1,1,0,2h.csv
1057,0,0,0,2i.csv
1057,0,0,0,2j.csv
1057,0,0,0,2k.csv
1057,4,3,1,2l.csv
1057,17,17,0,3a.csv
1057,36,29,7,3b.csv
1057,1,1,0,3c.csv
1057,1,1,0,3d.csv
1057,0,0,0,3e.csv
1057,33,23,10,3f.csv
1057,3,3,0,3g.csv
1058,11,9,2,1a.csv
1058,2,2,0,1b.csv
1058,5,3,2,1c.csv
1058,0,0,0,1e.csv
1058,3,3,0,1f.csv
1058,3,2,1,1g.csv
1058,2,0,2,1h.csv
1058,0,0,0,1i.csv
1058,0,0,0,1j.csv
1058,2,1,1,1k.csv
1058,1,1,0,1l.csv
1058,2,1,1,1m.csv
1058,1,1,0,2a.csv
1058,0,0,0,2b.csv
1058,8,8,0,2c.csv
1058,0,0,0,2d.csv
1058,4,3,1,2e.csv
1058,0,0,0,2f.csv
1058,1,1,0,2g.csv
1058,1,1,0,2h.csv
1058,0,0,0,2i.csv
1058,0,0,0,2j.csv
1058,0,0,0,2k.csv
1058,5,3,2,2l.csv
1058,16,15,1,3a.csv
1058,36,28,8,3b.csv
1058,3,1,2,3c.csv
1058,3,1,2,3d.csv
1058,0,0,0,3e.csv
1058,24,16,8,3f.csv
1058,2,2,0,3g.csv
1059,10,9,1,1a.csv
1059,2,2,0,1b.csv
1059,3,2,1,1c.csv
1059,0,0,0,1e.csv
1059,3,3,0,1f.csv
1059,3,2,1,1g.csv
1059,2,0,2,1h.csv
1059,0,0,0,1i.csv
1059,0,0,0,1j.csv
1059,2,1,1,1k.csv
1059,1,1,0,1l.csv
1059,2,0,2,1m.csv
1059,1,1,0,2a.csv
1059,0,0,0,2b.csv
1059,3,3,0,2c.csv
1059,0,0,0,2d.csv
1059,4,3,1,2e.csv
1059,0,0,0,2f.csv
1059,1,1,0,2g.csv
1059,1,1,0,2h.csv
1059,0,0,0,2i.csv
1059,0,0,0,2j.csv
1059,0,0,0,2k.csv
1059,6,3,3,2l.csv
1059,19,18,1,3a.csv
1059,31,22,9,3b.csv
1059,4,2,2,3c.csv
1059,4,2,2,3d.csv
1059,1,1,0,3e.csv
1059,19,12,7,3f.csv
1059,2,2,0,3g.csv
1060,8,6,2,1a.csv
1060,1,1,0,1b.csv
1060,3,2,1,1c.csv
1060,0,0,0,1e.csv
1060,4,3,1,1f.csv
1060,3,2,1,1g.csv
1060,2,1,1,1h.csv
1060,0,0,0,1i.csv
1060,0,0,0,1j.csv
1060,2,1,1,1k.csv
1060,1,1,0,1l.csv
1060,2,0,2,1m.csv
1060,1,1,0,2a.csv
1060,0,0,0,2b.csv
1060,3,3,0,2c.csv
1060,0,0,0,2d.csv
1060,3,2,1,2e.csv
1060,0,0,0,2f.csv
1060,1,1,0,2g.csv
1060,1,1,0,2h.csv
1060,0,0,0,2i.csv
1060,0,0,0,2j.csv
1060,0,0,0,2k.csv
1060,6,3,3,2l.csv
1060,24,22,2,3a.csv
1060,29,21,8,3b.csv
1060,5,3,2,3c.csv
1060,5,3,2,3d.csv
1060,1,1,0,3e.csv
1060,14,10,4,3f.csv
1060,2,2,0,3g.csv
1061,8,6,2,1a.csv
1061,3,3,0,1b.csv
1061,2,2,0,1c.csv
1061,0,0,0,1e.csv
1061,3,2,1,1f.csv
1061,3,2,1,1g.csv
1061,2,1,1,1h.csv
1061,0,0,0,1i.csv
1061,0,0,0,1j.csv
1061,3,1,2,1k.csv
1061,0,0,0,1l.csv
1061,2,0,2,1m.csv
1061,1,1,0,2a.csv
1061,0,0,0,2b.csv
1061,4,4,0,2c.csv
1061,0,0,0,2d.csv
1061,3,2,1,2e.csv
1061,0,0,0,2f.csv
1061,0,0,0,2g.csv
1061,1,1,0,2h.csv
1061,0,0,0,2i.csv
1061,0,0,0,2j.csv
1061,0,0,0,2k.csv
1061,7,3,4,2l.csv
1061,23,21,2,3a.csv
1061,28,22,6,3b.csv
1061,5,3,2,3c.csv
1061,5,3,2,3d.csv
1061,1,1,0,3e.csv
1061,16,10,6,3f.csv
1061,2,2,0,3g.csv
1062,7,5,2,1a.csv
1062,3,3,0,1b.csv
1062,2,2,0,1c.csv
1062,0,0,0,1e.csv
1062,5,4,1,1f.csv
1062,3,2,1,1g.csv
1062,2,1,1,1h.csv
1062,0,0,0,1i.csv
1062,0,0,0,1j.csv
1062,3,1,2,1k.csv
1062,0,0,0,1l.csv
1062,2,0,2,1m.csv
1062,1,1,0,2a.csv
1062,0,0,0,2b.csv
1062,5,5,0,2c.csv
1062,0,0,0,2d.csv
1062,3,2,1,2e.csv
1062,0,0,0,2f.csv
1062,0,0,0,2g.csv
1062,2,2,0,2h.csv
1062,0,0,0,2i.csv
1062,0,0,0,2j.csv
1062,0,0,0,2k.csv
1062,9,2,7,2l.csv
1062,23,20,3,3a.csv
1062,23,18,5,3b.csv
1062,7,4,3,3c.csv
1062,7,4,3,3d.csv
1062,1,1,0,3e.csv
1062,18,12,6,3f.csv
1062,2,2,0,3g.csv
1063,7,6,1,1a.csv
1063,4,4,0,1b.csv
1063,2,2,0,1c.csv
1063,0,0,0,1e.csv
1063,5,4,1,1f.csv
1063,3,2,1,1g.csv
1063,2,1,1,1h.csv
1063,0,0,0,1i.csv
1063,0,0,0,1j.csv
1063,2,0,2,1k.csv
1063,0,0,0,1l.csv
1063,3,1,2,1m.csv
1063,2,1,1,2a.csv
1063,0,0,0,2b.csv
1063,5,5,0,2c.csv
1063,0,0,0,2d.csv
1063,2,2,0,2e.csv
1063,0,0,0,2f.csv
1063,0,0,0,2g.csv
1063,2,2,0,2h.csv
1063,0,0,0,2i.csv
1063,0,0,0,2j.csv
1063,0,0,0,2k.csv
1063,9,2,7,2l.csv
1063,25,22,3,3a.csv
1063,23,18,5,3b.csv
1063,7,4,3,3c.csv
1063,7,4,3,3d.csv
1063,1,1,0,3e.csv
1063,16,12,4,3f.csv
1063,2,2,0,3g.csv
1064,7,6,1,1a.csv
1064,5,5,0,1b.csv
1064,2,2,0,1c.csv
1064,0,0,0,1e.csv
1064,5,4,1,1f.csv
1064,3,2,1,1g.csv
1064,2,1,1,1h.csv
1064,0,0,0,1i.csv
1064,0,0,0,1j.csv
1064,2,0,2,1k.csv
1064,0,0,0,1l.csv
1064,3,1,2,1m.csv
1064,2,1,1,2a.csv
1064,0,0,0,2b.csv
1064,5,5,0,2c.csv
1064,0,0,0,2d.csv
1064,3,3,0,2e.csv
1064,0,0,0,2f.csv
1064,0,0,0,2g.csv
1064,1,1,0,2h.csv
1064,0,0,0,2i.csv
1064,0,0,0,2j.csv
1064,0,0,0,2k.csv
1064,8,0,8,2l.csv
1064,29,26,3,3a.csv
1064,20,15,5,3b.csv
1064,10,7,3,3c.csv
1064,10,7,3,3d.csv
1064,1,1,0,3e.csv
1064,14,11,3,3f.csv
1064,1,1,0,3g.csv
1065,7,6,1,1a.csv
1065,6,6,0,1b.csv
1065,1,1,0,1c.csv
1065,0,0,0,1e.csv
1065,3,2,1,1f.csv
1065,3,2,1,1g.csv
1065,1,1,0,1h.csv
1065,0,0,0,1i.csv
1065,0,0,0,1j.csv
1065,2,0,2,1k.csv
1065,0,0,0,1l.csv
1065,3,2,1,1m.csv
1065,2,1,1,2a.csv
1065,0,0,0,2b.csv
1065,6,6,0,2c.csv
1065,0,0,0,2d.csv
1065,3,2,1,2e.csv
1065,0,0,0,2f.csv
1065,0,0,0,2g.csv
1065,1,1,0,2h.csv
1065,0,0,0,2i.csv
1065,0,0,0,2j.csv
1065,0,0,0,2k.csv
1065,9,0,9,2l.csv
1065,26,23,3,3a.csv
1065,22,17,5,3b.csv
1065,9,6,3,3c.csv
1065,9,6,3,3d.csv
1065,1,1,0,3e.csv
1065,14,11,3,3f.csv
1065,0,0,0,3g.csv
1066,6,4,2,1a.csv
1066,7,7,0,1b.csv
1066,1,1,0,1c.csv
1066,0,0,0,1e.csv
1066,4,3,1,1f.csv
1066,2,2,0,1g.csv
1066,1,1,0,1h.csv
1066,0,0,0,1i.csv
1066,1,1,0,1j.csv
1066,2,0,2,1k.csv
1066,0,0,0,1l.csv
1066,3,2,1,1m.csv
1066,3,2,1,2a.csv
1066,0,0,0,2b.csv
1066,5,5,0,2c.csv
1066,0,0,0,2d.csv
1066,2,1,1,2e.csv
1066,0,0,0,2f.csv
1066,0,0,0,2g.csv
1066,1,1,0,2h.csv
1066,0,0,0,2i.csv
1066,0,0,0,2j.csv
1066,0,0,0,2k.csv
1066,8,0,8,2l.csv
1066,23,21,2,3a.csv
1066,19,15,4,3b.csv
1066,8,7,1,3c.csv
1066,8,7,1,3d.csv
1066,1,1,0,3e.csv
1066,15,12,3,3f.csv
1066,1,1,0,3g.csv
1067,8,6,2,1a.csv
1067,7,7,0,1b.csv
1067,1,1,0,1c.csv
1067,0,0,0,1e.csv
1067,5,4,1,1f.csv
1067,2,2,0,1g.csv
1067,1,1,0,1h.csv
1067,0,0,0,1i.csv
1067,1,1,0,1j.csv
1067,2,0,2,1k.csv
1067,0,0,0,1l.csv
1067,2,2,0,1m.csv
1067,3,2,1,2a.csv
1067,0,0,0,2b.csv
1067,5,5,0,2c.csv
1067,0,0,0,2d.csv
1067,2,1,1,2e.csv
1067,0,0,0,2f.csv
1067,0,0,0,2g.csv
1067,1,1,0,2h.csv
1067,0,0,0,2i.csv
1067,0,0,0,2j.csv
1067,0,0,0,2k.csv
1067,8,0,8,2l.csv
1067,21,19,2,3a.csv
1067,18,15,3,3b.csv
1067,8,7,1,3c.csv
1067,8,7,1,3d.csv
1067,0,0,0,3e.csv
1067,22,16,6,3f.csv
1067,2,2,0,3g.csv
1068,8,6,2,1a.csv
1068,9,8,1,1b.csv
1068,1,1,0,1c.csv
1068,0,0,0,1e.csv
1068,4,4,0,1f.csv
1068,2,2,0,1g.csv
1068,0,0,0,1h.csv
1068,0,0,0,1i.csv
1068,1,1,0,1j.csv
1068,2,0,2,1k.csv
1068,1,0,1,1l.csv
1068,2,2,0,1m.csv
1068,3,2,1,2a.csv
1068,0,0,0,2b.csv
1068,4,4,0,2c.csv
1068,0,0,0,2d.csv
1068,3,2,1,2e.csv
1068,0,0,0,2f.csv
1068,0,0,0,2g.csv
1068,1,1,0,2h.csv
1068,0,0,0,2i.csv
1068,0,0,0,2j.csv
1068,0,0,0,2k.csv
1068,8,0,8,2l.csv
1068,19,18,1,3a.csv
1068,16,14,2,3b.csv
1068,7,6,1,3c.csv
1068,7,6,1,3d.csv
1068,1,1,0,3e.csv
1068,23,17,6,3f.csv
1068,2,2,0,3g.csv
1069,9,7,2,1a.csv
1069,8,7,1,1b.csv
1069,1,1,0,1c.csv
1069,0,0,0,1e.csv
1069,4,4,0,1f.csv
1069,3,2,1,1g.csv
1069,0,0,0,1h.csv
1069,0,0,0,1i.csv
1069,1,1,0,1j.csv
1069,2,0,2,1k.csv
1069,1,0,1,1l.csv
1069,2,2,0,1m.csv
1069,3,2,1,2a.csv
1069,0,0,0,2b.csv
1069,2,2,0,2c.csv
1069,0,0,0,2d.csv
1069,3,2,1,2e.csv
1069,0,0,0,2f.csv
1069,0,0,0,2g.csv
1069,1,1,0,2h.csv
1069,0,0,0,2i.csv
1069,0,0,0,2j.csv
1069,0,0,0,2k.csv
1069,8,0,8,2l.csv
1069,19,17,2,3a.csv
1069,19,14,5,3b.csv
1069,8,7,1,3c.csv
1069,8,7,1,3d.csv
1069,1,1,0,3e.csv
1069,22,18,4,3f.csv
1069,2,2,0,3g.csv
1070,9,7,2,1a.csv
1070,8,7,1,1b.csv
1070,1,1,0,1c.csv
1070,0,0,0,1e.csv
1070,5,3,2,1f.csv
1070,3,2,1,1g.csv
1070,0,0,0,1h.csv
1070,0,0,0,1i.csv
1070,1,1,0,1j.csv
1070,1,0,1,1k.csv
1070,3,0,3,1l.csv
1070,2,2,0,1m.csv
1070,3,2,1,2a.csv
1070,0,0,0,2b.csv
1070,1,1,0,2c.csv
1070,0,0,0,2d.csv
1070,3,2,1,2e.csv
1070,0,0,0,2f.csv
1070,0,0,0,2g.csv
1070,0,0,0,2h.csv
1070,0,0,0,2i.csv
1070,0,0,0,2j.csv
1070,0,0,0,2k.csv
1070,6,0,6,2l.csv
1070,18,17,1,3a.csv
1070,29,22,7,3b.csv
1070,6,6,0,3c.csv
1070,6,6,0,3d.csv
1070,2,2,0,3e.csv
1070,18,14,4,3f.csv
1070,2,2,0,3g.csv
1071,11,9,2,1a.csv
1071,7,6,1,1b.csv
1071,1,1,0,1c.csv
1071,0,0,0,1e.csv
1071,6,4,2,1f.csv
1071,3,1,2,1g.csv
1071,0,0,0,1h.csv
1071,0,0,0,1i.csv
1071,1,1,0,1j.csv
1071,1,0,1,1k.csv
1071,3,0,3,1l.csv
1071,1,1,0,1m.csv
1071,2,2,0,2a.csv
1071,0,0,0,2b.csv
1071,1,1,0,2c.csv
1071,0,0,0,2d.csv
1071,3,2,1,2e.csv
1071,0,0,0,2f.csv
1071,0,0,0,2g.csv
1071,0,0,0,2h.csv
1071,0,0,0,2i.csv
1071,0,0,0,2j.csv
1071,0,0,0,2k.csv
1071,6,0,6,2l.csv
1071,14,13,1,3a.csv
1071,36,28,8,3b.csv
1071,6,6,0,3c.csv
1071,6,6,0,3d.csv
1071,2,2,0,3e.csv
1071,18,13,5,3f.csv
1071,2,2,0,3g.csv
1072,12,10,2,1a.csv
1072,7,6,1,1b.csv
1072,1,1,0,1c.csv
1072,0,0,0,1e.csv
1072,7,5,2,1f.csv
1072,3,1,2,1g.csv
1072,0,0,0,1h.csv
1072,0,0,0,1i.csv
1072,1,1,0,1j.csv
1072,2,0,2,1k.csv
1072,3,0,3,1l.csv
1072,1,1,0,1m.csv
1072,2,2,0,2a.csv
1072,0,0,0,2b.csv
1072,2,2,0,2c.csv
1072,0,0,0,2d.csv
1072,2,1,1,2e.csv
1072,0,0,0,2f.csv
1072,0,0,0,2g.csv
1072,0,0,0,2h.csv
1072,0,0,0,2i.csv
1072,0,0,0,2j.csv
1072,0,0,0,2k.csv
1072,4,0,4,2l.csv
1072,9,8,1,3a.csv
1072,39,30,9,3b.csv
1072,3,3,0,3c.csv
1072,3,3,0,3d.csv
1072,2,2,0,3e.csv
1072,20,15,5,3f.csv
1072,2,2,0,3g.csv
1073,13,11,2,1a.csv
1073,5,4,1,1b.csv
1073,1,1,0,1c.csv
1073,0,0,0,1e.csv
1073,14,12,2,1f.csv
1073,2,0,2,1g.csv
1073,0,0,0,1h.csv
1073,0,0,0,1i.csv
1073,1,1,0,1j.csv
1073,2,0,2,1k.csv
1073,4,0,4,1l.csv
1073,0,0,0,1m.csv
1073,2,2,0,2a.csv
1073,0,0,0,2b.csv
1073,1,1,0,2c.csv
1073,0,0,0,2d.csv
1073,1,1,0,2e.csv
1073,0,0,0,2f.csv
1073,0,0,0,2g.csv
1073,0,0,0,2h.csv
1073,0,0,0,2i.csv
1073,0,0,0,2j.csv
1073,0,0,0,2k.csv
1073,3,0,3,2l.csv
1073,9,8,1,3a.csv
1073,36,27,9,3b.csv
1073,3,3,0,3c.csv
1073,3,3,0,3d.csv
1073,2,2,0,3e.csv
1073,22,16,6,3f.csv
1073,2,2,0,3g.csv
1074,12,11,1,1a.csv
1074,5,4,1,1b.csv
1074,1,1,0,1c.csv
1074,0,0,0,1e.csv
1074,18,13,5,1f.csv
1074,3,0,3,1g.csv
1074,0,0,0,1h.csv
1074,0,0,0,1i.csv
1074,0,0,0,1j.csv
1074,2,0,2,1k.csv
1074,6,1,5,1l.csv
1074,0,0,0,1m.csv
1074,1,1,0,2a.csv
1074,0,0,0,2b.csv
1074,3,2,1,2c.csv
1074,0,0,0,2d.csv
1074,2,2,0,2e.csv
1074,0,0,0,2f.csv
1074,0,0,0,2g.csv
1074,0,0,0,2h.csv
1074,0,0,0,2i.csv
1074,0,0,0,2j.csv
1074,0,0,0,2k.csv
1074,3,0,3,2l.csv
1074,10,9,1,3a.csv
1074,38,29,9,3b.csv
1074,2,2,0,3c.csv
1074,2,2,0,3d.csv
1074,2,2,0,3e.csv
1074,23,17,6,3f.csv
1074,1,1,0,3g.csv
1075,10,9,1,1a.csv
1075,5,4,1,1b.csv
1075,1,1,0,1c.csv
1075,0,0,0,1e.csv
1075,24,17,7,1f.csv
1075,3,0,3,1g.csv
1075,0,0,0,1h.csv
1075,0,0,0,1i.csv
1075,0,0,0,1j.csv
1075,2,0,2,1k.csv
1075,10,5,5,1l.csv
1075,0,0,0,1m.csv
1075,1,1,0,2a.csv
1075,0,0,0,2b.csv
1075,3,2,1,2c.csv
1075,0,0,0,2d.csv
1075,2,2,0,2e.csv
1075,0,0,0,2f.csv
1075,0,0,0,2g.csv
1075,0,0,0,2h.csv
1075,0,0,0,2i.csv
1075,0,0,0,2j.csv
1075,0,0,0,2k.csv
1075,2,0,2,2l.csv
1075,9,8,1,3a.csv
1075,42,32,10,3b.csv
1075,2,2,0,3c.csv
1075,2,2,0,3d.csv
1075,2,2,0,3e.csv
1075,17,14,3,3f.csv
1075,0,0,0,3g.csv
1076,9,9,0,1a.csv
1076,4,4,0,1b.csv
1076,1,1,0,1c.csv
1076,0,0,0,1e.csv
1076,28,20,8,1f.csv
1076,5,2,3,1g.csv
1076,0,0,0,1h.csv
1076,0,0,0,1i.csv
1076,0,0,0,1j.csv
1076,3,0,3,1k.csv
1076,10,6,4,1l.csv
1076,1,1,0,1m.csv
1076,1,1,0,2a.csv
1076,0,0,0,2b.csv
1076,5,4,1,2c.csv
1076,0,0,0,2d.csv
1076,1,1,0,2e.csv
1076,0,0,0,2f.csv
1076,0,0,0,2g.csv
1076,0,0,0,2h.csv
1076,0,0,0,2i.csv
1076,0,0,0,2j.csv
1076,0,0,0,2k.csv
1076,2,0,2,2l.csv
1076,5,4,1,3a.csv
1076,43,33,10,3b.csv
1076,2,2,0,3c.csv
1076,2,2,0,3d.csv
1076,1,1,0,3e.csv
1076,18,14,4,3f.csv
1076,2,1,1,3g.csv
1077,9,8,1,1a.csv
1077,4,3,1,1b.csv
1077,3,3,0,1c.csv
1077,0,0,0,1e.csv
1077,32,24,8,1f.csv
1077,4,2,2,1g.csv
1077,0,0,0,1h.csv
1077,0,0,0,1i.csv
1077,0,0,0,1j.csv
1077,2,0,2,1k.csv
1077,11,7,4,1l.csv
1077,2,2,0,1m.csv
1077,1,1,0,2a.csv
1077,0,0,0,2b.csv
1077,6,4,2,2c.csv
1077,0,0,0,2d.csv
1077,1,1,0,2e.csv
1077,0,0,0,2f.csv
1077,0,0,0,2g.csv
1077,0,0,0,2h.csv
1077,0,0,0,2i.csv
1077,0,0,0,2j.csv
1077,0,0,0,2k.csv
1077,1,0,1,2l.csv
1077,4,4,0,3a.csv
1077,43,35,8,3b.csv
1077,1,1,0,3c.csv
1077,1,1,0,3d.csv
1077,2,2,0,3e.csv
1077,15,12,3,3f.csv
1077,2,1,1,3g.csv
1078,10,9,1,1a.csv
1078,4,3,1,1b.csv
1078,2,2,0,1c.csv
1078,0,0,0,1e.csv
1078,32,24,8,1f.csv
1078,4,2,2,1g.csv
1078,1,0,1,1h.csv
1078,0,0,0,1i.csv
1078,0,0,0,1j.csv
1078,2,0,2,1k.csv
1078,18,13,5,1l.csv
1078,2,2,0,1m.csv
1078,0,0,0,2a.csv
1078,0,0,0,2b.csv
1078,7,5,2,2c.csv
1078,0,0,0,2d.csv
1078,1,1,0,2e.csv
1078,0,0,0,2f.csv
1078,0,0,0,2g.csv
1078,0,0,0,2h.csv
1078,0,0,0,2i.csv
1078,0,0,0,2j.csv
1078,0,0,0,2k.csv
1078,0,0,0,2l.csv
1078,4,4,0,3a.csv
1078,35,30,5,3b.csv
1078,1,1,0,3c.csv
1078,1,1,0,3d.csv
1078,1,1,0,3e.csv
1078,16,13,3,3f.csv
1078,2,1,1,3g.csv
1079,7,6,1,1a.csv
1079,7,6,1,1b.csv
1079,2,2,0,1c.csv
1079,0,0,0,1e.csv
1079,37,27,10,1f.csv
1079,3,2,1,1g.csv
1079,1,0,1,1h.csv
1079,0,0,0,1i.csv
1079,0,0,0,1j.csv
1079,2,0,2,1k.csv
1079,19,14,5,1l.csv
1079,2,2,0,1m.csv
1079,0,0,0,2a.csv
1079,0,0,0,2b.csv
1079,7,5,2,2c.csv
1079,0,0,0,2d.csv
1079,2,2,0,2e.csv
1079,0,0,0,2f.csv
1079,0,0,0,2g.csv
1079,0,0,0,2h.csv
1079,0,0,0,2i.csv
1079,0,0,0,2j.csv
1079,0,0,0,2k.csv
1079,0,0,0,2l.csv
1079,6,5,1,3a.csv
1079,30,26,4,3b.csv
1079,1,1,0,3c.csv
1079,1,1,0,3d.csv
1079,2,1,1,3e.csv
1079,14,12,2,3f.csv
1079,2,1,1,3g.csv
1080,5,4,1,1a.csv
1080,6,5,1,1b.csv
1080,2,2,0,1c.csv
1080,0,0,0,1e.csv
1080,37,27,10,1f.csv
1080,3,2,1,1g.csv
1080,1,0,1,1h.csv
1080,0,0,0,1i.csv
1080,0,0,0,1j.csv
1080,1,0,1,1k.csv
1080,23,17,6,1l.csv
1080,3,3,0,1m.csv
1080,0,0,0,2a.csv
1080,0,0,0,2b.csv
1080,6,4,2,2c.csv
1080,0,0,0,2d.csv
1080,2,2,0,2e.csv
1080,0,0,0,2f.csv
1080,0,0,0,2g.csv
1080,0,0,0,2h.csv
1080,0,0,0,2i.csv
1080,0,0,0,2j.csv
1080,0,0,0,2k.csv
1080,0,0,0,2l.csv
1080,7,6,1,3a.csv
1080,27,25,2,3b.csv
1080,1,1,0,3c.csv
1080,1,1,0,3d.csv
1080,2,1,1,3e.csv
1080,11,9,2,3f.csv
1080,2,1,1,3g.csv
1081,4,3,1,1a.csv
1081,7,6,1,1b.csv
1081,2,2,0,1c.csv
1081,0,0,0,1e.csv
1081,35,23,12,1f.csv
1081,3,2,1,1g.csv
1081,1,0,1,1h.csv
1081,0,0,0,1i.csv
1081,0,0,0,1j.csv
1081,1,0,1,1k.csv
1081,25,18,7,1l.csv
1081,3,3,0,1m.csv
1081,0,0,0,2a.csv
1081,0,0,0,2b.csv
1081,6,4,2,2c.csv
1081,0,0,0,2d.csv
1081,2,2,0,2e.csv
1081,0,0,0,2f.csv
1081,0,0,0,2g.csv
1081,1,1,0,2h.csv
1081,0,0,0,2i.csv
1081,0,0,0,2j.csv
1081,0,0,0,2k.csv
1081,0,0,0,2l.csv
1081,7,5,2,3a.csv
1081,28,26,2,3b.csv
1081,1,1,0,3c.csv
1081,1,1,0,3d.csv
1081,2,1,1,3e.csv
1081,9,8,1,3f.csv
1081,2,1,1,3g.csv
1082,4,3,1,1a.csv
1082,7,6,1,1b.csv
1082,2,2,0,1c.csv
1082,0,0,0,1e.csv
1082,31,22,9,1f.csv
1082,3,3,0,1g.csv
1082,2,1,1,1h.csv
1082,0,0,0,1i.csv
1082,0,0,0,1j.csv
1082,1,0,1,1k.csv
1082,25,19,6,1l.csv
1082,3,3,0,1m.csv
1082,0,0,0,2a.csv
1082,0,0,0,2b.csv
1082,4,3,1,2c.csv
1082,0,0,0,2d.csv
1082,2,2,0,2e.csv
1082,0,0,0,2f.csv
1082,0,0,0,2g.csv
1082,1,1,0,2h.csv
1082,0,0,0,2i.csv
1082,0,0,0,2j.csv
1082,0,0,0,2k.csv
1082,0,0,0,2l.csv
1082,9,6,3,3a.csv
1082,25,23,2,3b.csv
1082,1,1,0,3c.csv
1082,1,1,0,3d.csv
1082,2,1,1,3e.csv
1082,7,6,1,3f.csv
1082,2,1,1,3g.csv
1083,5,4,1,1a.csv
1083,7,6,1,1b.csv
1083,2,2,0,1c.csv
1083,1,1,0,1e.csv
1083,26,18,8,1f.csv
1083,3,3,0,1g.csv
1083,2,1,1,1h.csv
1083,0,0,0,1i.csv
1083,0,0,0,1j.csv
1083,1,0,1,1k.csv
1083,21,15,6,1l.csv
1083,3,3,0,1m.csv
1083,0,0,0,2a.csv
1083,0,0,0,2b.csv
1083,4,3,1,2c.csv
1083,0,0,0,2d.csv
1083,2,2,0,2e.csv
1083,0,0,0,2f.csv
1083,0,0,0,2g.csv
1083,1,1,0,2h.csv
1083,0,0,0,2i.csv
1083,0,0,0,2j.csv
1083,0,0,0,2k.csv
1083,0,0,0,2l.csv
1083,12,7,5,3a.csv
1083,22,21,1,3b.csv
1083,0,0,0,3c.csv
1083,0,0,0,3d.csv
1083,2,1,1,3e.csv
1083,7,6,1,3f.csv
1083,2,1,1,3g.csv
1084,5,4,1,1a.csv
1084,10,9,1,1b.csv
1084,2,2,0,1c.csv
1084,1,1,0,1e.csv
1084,24,17,7,1f.csv
1084,1,1,0,1g.csv
1084,3,2,1,1h.csv
1084,0,0,0,1i.csv
1084,0,0,0,1j.csv
1084,0,0,0,1k.csv
1084,21,15,6,1l.csv
1084,2,2,0,1m.csv
1084,0,0,0,2a.csv
1084,0,0,0,2b.csv
1084,2,1,1,2c.csv
1084,0,0,0,2d.csv
1084,3,2,1,2e.csv
1084,0,0,0,2f.csv
1084,0,0,0,2g.csv
1084,1,1,0,2h.csv
1084,0,0,0,2i.csv
1084,0,0,0,2j.csv
1084,0,0,0,2k.csv
1084,0,0,0,2l.csv
1084,12,7,5,3a.csv
1084,21,20,1,3b.csv
1084,0,0,0,3c.csv
1084,0,0,0,3d.csv
1084,2,1,1,3e.csv
1084,7,7,0,3f.csv
1084,0,0,0,3g.csv
1085,3,3,0,1a.csv
1085,9,9,0,1b.csv
1085,0,0,0,1c.csv
1085,1,1,0,1e.csv
1085,20,13,7,1f.csv
1085,1,1,0,1g.csv
1085,3,2,1,1h.csv
1085,0,0,0,1i.csv
1085,0,0,0,1j.csv
1085,0,0,0,1k.csv
1085,23,16,7,1l.csv
1085,1,1,0,1m.csv
1085,2,0,2,2a.csv
1085,0,0,0,2b.csv
1085,1,1,0,2c.csv
1085,0,0,0,2d.csv
1085,3,2,1,2e.csv
1085,0,0,0,2f.csv
1085,0,0,0,2g.csv
1085,1,1,0,2h.csv
1085,0,0,0,2i.csv
1085,0,0,0,2j.csv
1085,0,0,0,2k.csv
1085,0,0,0,2l.csv
1085,13,7,6,3a.csv
1085,13,13,0,3b.csv
1085,0,0,0,3c.csv
1085,0,0,0,3d.csv
1085,1,0,1,3e.csv
1085,10,10,0,3f.csv
1085,1,1,0,3g.csv
1086,3,3,0,1a.csv
1086,10,10,0,1b.csv
1086,0,0,0,1c.csv
1086,1,1,0,1e.csv
1086,18,13,5,1f.csv
1086,1,1,0,1g.csv
1086,2,2,0,1h.csv
1086,0,0,0,1i.csv
1086,0,0,0,1j.csv
1086,0,0,0,1k.csv
1086,15,11,4,1l.csv
1086,1,1,0,1m.csv
1086,2,0,2,2a.csv
1086,0,0,0,2b.csv
1086,0,0,0,2c.csv
1086,0,0,0,2d.csv
1086,3,2,1,2e.csv
1086,0,0,0,2f.csv
1086,0,0,0,2g.csv
1086,1,1,0,2h.csv
1086,0,0,0,2i.csv
1086,0,0,0,2j.csv
1086,0,0,0,2k.csv
1086,0,0,0,2l.csv
1086,13,7,6,3a.csv
1086,12,10,2,3b.csv
1086,0,0,0,3c.csv
1086,0,0,0,3d.csv
1086,2,1,1,3e.csv
1086,9,8,1,3f.csv
1086,1,1,0,3g.csv
1087,2,2,0,1a.csv
1087,7,7,0,1b.csv
1087,0,0,0,1c.csv
1087,1,1,0,1e.csv
1087,13,10,3,1f.csv
1087,1,1,0,1g.csv
1087,3,3,0,1h.csv
1087,0,0,0,1i.csv
1087,0,0,0,1j.csv
1087,0,0,0,1k.csv
1087,16,10,6,1l.csv
1087,1,1,0,1m.csv
1087,2,0,2,2a.csv
1087,0,0,0,2b.csv
1087,0,0,0,2c.csv
1087,0,0,0,2d.csv
1087,2,1,1,2e.csv
1087,0,0,0,2f.csv
1087,0,0,0,2g.csv
1087,2,2,0,2h.csv
1087,0,0,0,2i.csv
1087,0,0,0,2j.csv
1087,0,0,0,2k.csv
1087,0,0,0,2l.csv
1087,13,7,6,3a.csv
1087,13,11,2,3b.csv
1087,0,0,0,3c.csv
1087,0,0,0,3d.csv
1087,2,1,1,3e.csv
1087,10,8,2,3f.csv
1087,1,1,0,3g.csv
1088,3,3,0,1a.csv
1088,7,7,0,1b.csv
1088,0,0,0,1c.csv
1088,1,1,0,1e.csv
1088,12,9,3,1f.csv
1088,1,1,0,1g.csv
1088,4,3,1,1h.csv
1088,0,0,0,1i.csv
1088,0,0,0,1j.csv
1088,0,0,0,1k.csv
1088,14,8,6,1l.csv
1088,0,0,0,1m.csv
1088,2,0,2,2a.csv
1088,0,0,0,2b.csv
1088,1,0,1,2c.csv
1088,0,0,0,2d.csv
1088,3,2,1,2e.csv
1088,0,0,0,2f.csv
1088,0,0,0,2g.csv
1088,3,3,0,2h.csv
1088,0,0,0,2i.csv
1088,0,0,0,2j.csv
1088,0,0,0,2k.csv
1088,0,0,0,2l.csv
1088,13,7,6,3a.csv
1088,13,11,2,3b.csv
1088,1,1,0,3c.csv
1088,1,1,0,3d.csv
1088,2,1,1,3e.csv
1088,14,10,4,3f.csv
1088,1,1,0,3g.csv
1089,4,4,0,1a.csv
1089,6,6,0,1b.csv
1089,0,0,0,1c.csv
1089,1,1,0,1e.csv
1089,8,6,2,1f.csv
1089,1,1,0,1g.csv
1089,5,4,1,1h.csv
1089,0,0,0,1i.csv
1089,0,0,0,1j.csv
1089,0,0,0,1k.csv
1089,13,8,5,1l.csv
1089,0,0,0,1m.csv
1089,2,0,2,2a.csv
1089,0,0,0,2b.csv
1089,2,0,2,2c.csv
1089,0,0,0,2d.csv
1089,3,2,1,2e.csv
1089,0,0,0,2f.csv
1089,0,0,0,2g.csv
1089,3,3,0,2h.csv
1089,0,0,0,2i.csv
1089,0,0,0,2j.csv
1089,0,0,0,2k.csv
1089,0,0,0,2l.csv
1089,13,8,5,3a.csv
1089,15,13,2,3b.csv
1089,1,1,0,3c.csv
1089,1,1,0,3d.csv
1089,4,3,1,3e.csv
1089,16,12,4,3f.csv
1089,1,1,0,3g.csv
1090,5,5,0,1a.csv
1090,5,5,0,1b.csv
1090,0,0,0,1c.csv
1090,1,1,0,1e.csv
1090,11,8,3,1f.csv
1090,0,0,0,1g.csv
1090,7,5,2,1h.csv
1090,0,0,0,1i.csv
1090,0,0,0,1j.csv
1090,0,0,0,1k.csv
1090,13,7,6,1l.csv
1090,0,0,0,1m.csv
1090,2,0,2,2a.csv
1090,0,0,0,2b.csv
1090,3,1,2,2c.csv
1090,0,0,0,2d.csv
1090,3,2,1,2e.csv
1090,0,0,0,2f.csv
1090,0,0,0,2g.csv
1090,4,4,0,2h.csv
1090,0,0,0,2i.csv
1090,0,0,0,2j.csv
1090,0,0,0,2k.csv
1090,0,0,0,2l.csv
1090,11,7,4,3a.csv
1090,15,12,3,3b.csv
1090,1,1,0,3c.csv
1090,1,1,0,3d.csv
1090,5,4,1,3e.csv
1090,17,13,4,3f.csv
1090,1,1,0,3g.csv
1091,5,5,0,1a.csv
1091,7,7,0,1b.csv
1091,0,0,0,1c.csv
1091,0,0,0,1e.csv
1091,9,7,2,1f.csv
1091,0,0,0,1g.csv
1091,8,6,2,1h.csv
1091,0,0,0,1i.csv
1091,0,0,0,1j.csv
1091,0,0,0,1k.csv
1091,16,9,7,1l.csv
1091,0,0,0,1m.csv
1091,2,0,2,2a.csv
1091,0,0,0,2b.csv
1091,3,1,2,2c.csv
1091,0,0,0,2d.csv
1091,3,2,1,2e.csv
1091,0,0,0,2f.csv
1091,0,0,0,2g.csv
1091,5,5,0,2h.csv
1091,0,0,0,2i.csv
1091,0,0,0,2j.csv
1091,0,0,0,2k.csv
1091,2,2,0,2l.csv
1091,8,6,2,3a.csv
1091,15,11,4,3b.csv
1091,1,1,0,3c.csv
1091,1,1,0,3d.csv
1091,6,5,1,3e.csv
1091,21,14,7,3f.csv
1091,1,1,0,3g.csv
1092,7,7,0,1a.csv
1092,3,3,0,1b.csv
1092,0,0,0,1c.csv
1092,0,0,0,1e.csv
1092,7,5,2,1f.csv
1092,0,0,0,1g.csv
1092,8,6,2,1h.csv
1092,0,0,0,1i.csv
1092,0,0,0,1j.csv
1092,0,0,0,1k.csv
1092,15,8,7,1l.csv
1092,0,0,0,1m.csv
1092,2,0,2,2a.csv
1092,0,0,0,2b.csv
1092,5,2,3,2c.csv
1092,0,0,0,2d.csv
1092,3,3,0,2e.csv
1092,0,0,0,2f.csv
1092,0,0,0,2g.csv
1092,5,5,0,2h.csv
1092,0,0,0,2i.csv
1092,0,0,0,2j.csv
1092,0,0,0,2k.csv
1092,2,2,0,2l.csv
1092,8,6,2,3a.csv
1092,16,12,4,3b.csv
1092,1,1,0,3c.csv
1092,1,1,0,3d.csv
1092,7,6,1,3e.csv
1092,22,15,7,3f.csv
1092,1,1,0,3g.csv
1093,7,7,0,1a.csv
1093,3,3,0,1b.csv
1093,2,2,0,1c.csv
1093,0,0,0,1e.csv
1093,9,7,2,1f.csv
1093,0,0,0,1g.csv
1093,8,6,2,1h.csv
1093,0,0,0,1i.csv
1093,0,0,0,1j.csv
1093,0,0,0,1k.csv
1093,13,6,7,1l.csv
1093,0,0,0,1m.csv
1093,0,0,0,2a.csv
1093,0,0,0,2b.csv
1093,5,2,3,2c.csv
1093,0,0,0,2d.csv
1093,3,3,0,2e.csv
1093,0,0,0,2f.csv
1093,0,0,0,2g.csv
1093,7,7,0,2h.csv
1093,0,0,0,2i.csv
1093,0,0,0,2j.csv
1093,0,0,0,2k.csv
1093,2,2,0,2l.csv
1093,7,6,1,3a.csv
1093,17,13,4,3b.csv
1093,1,1,0,3c.csv
1093,1,1,0,3d.csv
1093,7,6,1,3e.csv
1093,22,14,8,3f.csv
1093,0,0,0,3g.csv
1094,7,7,0,1a.csv
1094,2,2,0,1b.csv
1094,2,2,0,1c.csv
1094,0,0,0,1e.csv
1094,9,7,2,1f.csv
1094,0,0,0,1g.csv
1094,8,6,2,1h.csv
1094,0,0,0,1i.csv
1094,0,0,0,1j.csv
1094,0,0,0,1k.csv
1094,13,5,8,1l.csv
1094,0,0,0,1m.csv
1094,0,0,0,2a.csv
1094,0,0,0,2b.csv
1094,5,2,3,2c.csv
1094,0,0,0,2d.csv
1094,3,3,0,2e.csv
1094,0,0,0,2f.csv
1094,0,0,0,2g.csv
1094,7,7,0,2h.csv
1094,0,0,0,2i.csv
1094,0,0,0,2j.csv
1094,0,0,0,2k.csv
1094,2,2,0,2l.csv
1094,7,6,1,3a.csv
1094,15,13,2,3b.csv
1094,1,1,0,3c.csv
1094,1,1,0,3d.csv
1094,7,5,2,3e.csv
1094,23,15,8,3f.csv
1094,0,0,0,3g.csv
1095,7,7,0,1a.csv
1095,3,3,0,1b.csv
1095,2,2,0,1c.csv
1095,0,0,0,1e.csv
1095,9,7,2,1f.csv
1095,0,0,0,1g.csv
1095,7,5,2,1h.csv
1095,0,0,0,1i.csv
1095,0,0,0,1j.csv
1095,0,0,0,1k.csv
1095,12,6,6,1l.csv
1095,0,0,0,1m.csv
1095,0,0,0,2a.csv
1095,0,0,0,2b.csv
1095,5,2,3,2c.csv
1095,0,0,0,2d.csv
1095,4,4,0,2e.csv
1095,0,0,0,2f.csv
1095,0,0,0,2g.csv
1095,7,7,0,2h.csv
1095,0,0,0,2i.csv
1095,0,0,0,2j.csv
1095,0,0,0,2k.csv
1095,2,2,0,2l.csv
1095,7,5,2,3a.csv
1095,14,12,2,3b.csv
1095,4,3,1,3c.csv
1095,4,3,1,3d.csv
1095,6,5,1,3e.csv
1095,26,16,10,3f.csv
1095,0,0,0,3g.csv
1096,6,6,0,1a.csv
1096,4,4,0,1b.csv
1096,3,3,0,1c.csv
1096,0,0,0,1e.csv
1096,10,8,2,1f.csv
1096,0,0,0,1g.csv
1096,6,5,1,1h.csv
1096,0,0,0,1i.csv
1096,0,0,0,1j.csv
1096,0,0,0,1k.csv
1096,10,5,5,1l.csv
1096,0,0,0,1m.csv
1096,0,0,0,2a.csv
1096,0,0,0,2b.csv
1096,4,2,2,2c.csv
1096,0,0,0,2d.csv
1096,3,3,0,2e.csv
1096,0,0,0,2f.csv
1096,0,0,0,2g.csv
1096,7,7,0,2h.csv
1096,0,0,0,2i.csv
1096,0,0,0,2j.csv
1096,0,0,0,2k.csv
1096,2,2,0,2l.csv
1096,6,4,2,3a.csv
1096,15,13,2,3b.csv
1096,4,2,2,3c.csv
1096,4,2,2,3d.csv
1096,6,5,1,3e.csv
1096,25,16,9,3f.csv
1096,1,1,0,3g.csv
1097,6,6,0,1a.csv
1097,4,4,0,1b.csv
1097,3,3,0,1c.csv
1097,0,0,0,1e.csv
1097,9,8,1,1f.csv
1097,0,0,0,1g.csv
1097,6,5,1,1h.csv
1097,0,0,0,1i.csv
1097,0,0,0,1j.csv
1097,0,0,0,1k.csv
1097,11,7,4,1l.csv
1097,0,0,0,1m.csv
1097,0,0,0,2a.csv
1097,0,0,0,2b.csv
1097,3,2,1,2c.csv
1097,0,0,0,2d.csv
1097,4,4,0,2e.csv
1097,0,0,0,2f.csv
1097,0,0,0,2g.csv
1097,6,6,0,2h.csv
1097,0,0,0,2i.csv
1097,0,0,0,2j.csv
1097,0,0,0,2k.csv
1097,2,2,0,2l.csv
1097,6,4,2,3a.csv
1097,12,10,2,3b.csv
1097,4,2,2,3c.csv
1097,4,2,2,3d.csv
1097,5,4,1,3e.csv
1097,23,14,9,3f.csv
1097,1,1,0,3g.csv
1098,6,6,0,1a.csv
1098,4,4,0,1b.csv
1098,4,4,0,1c.csv
1098,1,1,0,1e.csv
1098,8,7,1,1f.csv
1098,0,0,0,1g.csv
1098,3,3,0,1h.csv
1098,0,0,0,1i.csv
1098,0,0,0,1j.csv
1098,0,0,0,1k.csv
1098,9,6,3,1l.csv
1098,0,0,0,1m.csv
1098,0,0,0,2a.csv
1098,0,0,0,2b.csv
1098,2,1,1,2c.csv
1098,0,0,0,2d.csv
1098,3,3,0,2e.csv
1098,0,0,0,2f.csv
1098,0,0,0,2g.csv
1098,7,7,0,2h.csv
1098,0,0,0,2i.csv
1098,0,0,0,2j.csv
1098,1,1,0,2k.csv
1098,4,3,1,2l.csv
1098,7,5,2,3a.csv
1098,13,12,1,3b.csv
1098,4,2,2,3c.csv
1098,4,2,2,3d.csv
1098,4,3,1,3e.csv
1098,24,15,9,3f.csv
1098,1,1,0,3g.csv
1099,5,5,0,1a.csv
1099,7,7,0,1b.csv
1099,4,4,0,1c.csv
1099,1,1,0,1e.csv
1099,12,11,1,1f.csv
1099,0,0,0,1g.csv
1099,2,2,0,1h.csv
1099,0,0,0,1i.csv
1099,0,0,0,1j.csv
1099,0,0,0,1k.csv
1099,7,4,3,1l.csv
1099,0,0,0,1m.csv
1099,0,0,0,2a.csv
1099,1,1,0,2b.csv
1099,2,1,1,2c.csv
1099,1,1,0,2d.csv
1099,3,3,0,2e.csv
1099,0,0,0,2f.csv
1099,0,0,0,2g.csv
1099,7,7,0,2h.csv
1099,0,0,0,2i.csv
1099,0,0,0,2j.csv
1099,1,1,0,2k.csv
1099,2,1,1,2l.csv
1099,8,6,2,3a.csv
1099,11,11,0,3b.csv
1099,5,3,2,3c.csv
1099,5,3,2,3d.csv
1099,5,4,1,3e.csv
1099,20,12,8,3f.csv
1099,1,1,0,3g.csv
1100,5,5,0,1a.csv
1100,8,8,0,1b.csv
1100,4,4,0,1c.csv
1100,1,1,0,1e.csv
1100,13,12,1,1f.csv
1100,0,0,0,1g.csv
1100,1,1,0,1h.csv
1100,0,0,0,1i.csv
1100,0,0,0,1j.csv
1100,0,0,0,1k.csv
1100,10,7,3,1l.csv
1100,0,0,0,1m.csv
1100,0,0,0,2a.csv
1100,1,1,0,2b.csv
1100,0,0,0,2c.csv
1100,1,1,0,2d.csv
1100,2,2,0,2e.csv
1100,0,0,0,2f.csv
1100,0,0,0,2g.csv
1100,9,8,1,2h.csv
1100,0,0,0,2i.csv
1100,0,0,0,2j.csv
1100,1,1,0,2k.csv
1100,2,1,1,2l.csv
1100,8,6,2,3a.csv
1100,12,12,0,3b.csv
1100,7,4,3,3c.csv
1100,7,4,3,3d.csv
1100,6,5,1,3e.csv
1100,19,10,9,3f.csv
1100,1,1,0,3g.csv
1101,5,5,0,1a.csv
1101,13,13,0,1b.csv
1101,2,2,0,1c.csv
1101,1,1,0,1e.csv
1101,12,10,2,1f.csv
1101,0,0,0,1g.csv
1101,1,1,0,1h.csv
1101,0,0,0,1i.csv
1101,0,0,0,1j.csv
1101,0,0,0,1k.csv
1101,9,7,2,1l.csv
1101,0,0,0,1m.csv
1101,0,0,0,2a.csv
1101,2,2,0,2b.csv
1101,0,0,0,2c.csv
1101,1,1,0,2d.csv
1101,3,3,0,2e.csv
1101,0,0,0,2f.csv
1101,0,0,0,2g.csv
1101,7,6,1,2h.csv
1101,0,0,0,2i.csv
1101,0,0,0,2j.csv
1101,1,1,0,2k.csv
1101,2,1,1,2l.csv
1101,9,6,3,3a.csv
1101,14,14,0,3b.csv
1101,7,4,3,3c.csv
1101,7,4,3,3d.csv
1101,6,5,1,3e.csv
1101,21,10,11,3f.csv
1101,1,1,0,3g.csv
1102,4,4,0,1a.csv
1102,13,13,0,1b.csv
1102,2,2,0,1c.csv
1102,1,1,0,1e.csv
1102,12,9,3,1f.csv
1102,0,0,0,1g.csv
1102,1,1,0,1h.csv
1102,0,0,0,1i.csv
1102,0,0,0,1j.csv
1102,0,0,0,1k.csv
1102,9,8,1,1l.csv
1102,1,1,0,1m.csv
1102,0,0,0,2a.csv
1102,2,2,0,2b.csv
1102,1,1,0,2c.csv
1102,1,1,0,2d.csv
1102,4,4,0,2e.csv
1102,0,0,0,2f.csv
1102,0,0,0,2g.csv
1102,8,7,1,2h.csv
1102,0,0,0,2i.csv
1102,0,0,0,2j.csv
1102,2,2,0,2k.csv
1102,2,1,1,2l.csv
1102,8,5,3,3a.csv
1102,14,14,0,3b.csv
1102,9,5,4,3c.csv
1102,9,5,4,3d.csv
1102,5,5,0,3e.csv
1102,24,13,11,3f.csv
1102,1,1,0,3g.csv
1103,4,4,0,1a.csv
1103,13,13,0,1b.csv
1103,2,2,0,1c.csv
1103,1,1,0,1e.csv
1103,11,8,3,1f.csv
1103,0,0,0,1g.csv
1103,1,1,0,1h.csv
1103,0,0,0,1i.csv
1103,0,0,0,1j.csv
1103,0,0,0,1k.csv
1103,10,9,1,1l.csv
1103,1,1,0,1m.csv
1103,0,0,0,2a.csv
1103,2,2,0,2b.csv
1103,1,1,0,2c.csv
1103,1,1,0,2d.csv
1103,3,3,0,2e.csv
1103,0,0,0,2f.csv
1103,0,0,0,2g.csv
1103,11,10,1,2h.csv
1103,0,0,0,2i.csv
1103,0,0,0,2j.csv
1103,3,2,1,2k.csv
1103,2,1,1,2l.csv
1103,6,5,1,3a.csv
1103,15,14,1,3b.csv
1103,8,4,4,3c.csv
1103,8,4,4,3d.csv
1103,6,6,0,3e.csv
1103,23,14,9,3f.csv
1103,1,1,0,3g.csv
1104,4,4,0,1a.csv
1104,18,17,1,1b.csv
1104,1,1,0,1c.csv
1104,1,1,0,1e.csv
1104,11,7,4,1f.csv
1104,0,0,0,1g.csv
1104,1,1,0,1h.csv
1104,0,0,0,1i.csv
1104,0,0,0,1j.csv
1104,1,1,0,1k.csv
1104,11,10,1,1l.csv
1104,1,1,0,1m.csv
1104,1,1,0,2a.csv
1104,2,2,0,2b.csv
1104,2,2,0,2c.csv
1104,2,2,0,2d.csv
1104,3,3,0,2e.csv
1104,0,0,0,2f.csv
1104,0,0,0,2g.csv
1104,10,9,1,2h.csv
1104,0,0,0,2i.csv
1104,0,0,0,2j.csv
1104,3,2,1,2k.csv
1104,2,1,1,2l.csv
1104,6,5,1,3a.csv
1104,15,14,1,3b.csv
1104,10,6,4,3c.csv
1104,10,6,4,3d.csv
1104,6,6,0,3e.csv
1104,21,13,8,3f.csv
1104,0,0,0,3g.csv
1105,3,3,0,1a.csv
1105,19,18,1,1b.csv
1105,1,1,0,1c.csv
1105,1,1,0,1e.csv
1105,11,7,4,1f.csv
1105,0,0,0,1g.csv
1105,0,0,0,1h.csv
1105,0,0,0,1i.csv
1105,0,0,0,1j.csv
1105,1,1,0,1k.csv
1105,9,8,1,1l.csv
1105,2,2,0,1m.csv
1105,1,1,0,2a.csv
1105,2,2,0,2b.csv
1105,2,2,0,2c.csv
1105,2,2,0,2d.csv
1105,4,3,1,2e.csv
1105,0,0,0,2f.csv
1105,0,0,0,2g.csv
1105,11,10,1,2h.csv
1105,0,0,0,2i.csv
1105,0,0,0,2j.csv
1105,3,2,1,2k.csv
1105,2,1,1,2l.csv
1105,7,6,1,3a.csv
1105,16,13,3,3b.csv
1105,10,6,4,3c.csv
1105,10,6,4,3d.csv
1105,7,7,0,3e.csv
1105,21,13,8,3f.csv
1105,0,0,0,3g.csv
1106,3,2,1,1a.csv
1106,19,18,1,1b.csv
1106,1,1,0,1c.csv
1106,0,0,0,1e.csv
1106,8,5,3,1f.csv
1106,0,0,0,1g.csv
1106,0,0,0,1h.csv
1106,0,0,0,1i.csv
1106,0,0,0,1j.csv
1106,1,1,0,1k.csv
1106,10,9,1,1l.csv
1106,2,2,0,1m.csv
1106,1,1,0,2a.csv
1106,2,2,0,2b.csv
1106,2,2,0,2c.csv
1106,3,3,0,2d.csv
1106,4,3,1,2e.csv
1106,0,0,0,2f.csv
1106,0,0,0,2g.csv
1106,9,8,1,2h.csv
1106,0,0,0,2i.csv
1106,0,0,0,2j.csv
1106,2,1,1,2k.csv
1106,0,0,0,2l.csv
1106,6,5,1,3a.csv
1106,21,17,4,3b.csv
1106,10,6,4,3c.csv
1106,10,6,4,3d.csv
1106,7,7,0,3e.csv
1106,22,13,9,3f.csv
1106,0,0,0,3g.csv
1107,4,3,1,1a.csv
1107,15,14,1,1b.csv
1107,1,1,0,1c.csv
1107,0,0,0,1e.csv
1107,6,2,4,1f.csv
1107,0,0,0,1g.csv
1107,0,0,0,1h.csv
1107,0,0,0,1i.csv
1107,0,0,0,1j.csv
1107,1,1,0,1k.csv
1107,10,10,0,1l.csv
1107,2,2,0,1m.csv
1107,1,1,0,2a.csv
1107,1,1,0,2b.csv
1107,2,2,0,2c.csv
1107,2,2,0,2d.csv
1107,4,3,1,2e.csv
1107,0,0,0,2f.csv
1107,0,0,0,2g.csv
1107,9,8,1,2h.csv
1107,0,0,0,2i.csv
1107,0,0,0,2j.csv
1107,2,1,1,2k.csv
1107,0,0,0,2l.csv
1107,6,5,1,3a.csv
1107,24,20,4,3b.csv
1107,11,7,4,3c.csv
1107,11,7,4,3d.csv
1107,5,5,0,3e.csv
1107,22,13,9,3f.csv
1107,0,0,0,3g.csv
1108,2,1,1,1a.csv
1108,14,13,1,1b.csv
1108,1,1,0,1c.csv
1108,0,0,0,1e.csv
1108,6,2,4,1f.csv
1108,0,0,0,1g.csv
1108,0,0,0,1h.csv
1108,0,0,0,1i.csv
1108,0,0,0,1j.csv
1108,1,1,0,1k.csv
1108,8,8,0,1l.csv
1108,2,2,0,1m.csv
1108,2,2,0,2a.csv
1108,1,1,0,2b.csv
1108,2,2,0,2c.csv
1108,2,2,0,2d.csv
1108,4,3,1,2e.csv
1108,0,0,0,2f.csv
1108,0,0,0,2g.csv
1108,8,8,0,2h.csv
1108,0,0,0,2i.csv
1108,0,0,0,2j.csv
1108,2,1,1,2k.csv
1108,0,0,0,2l.csv
1108,7,5,2,3a.csv
1108,24,20,4,3b.csv
1108,11,8,3,3c.csv
1108,11,8,3,3d.csv
1108,4,3,1,3e.csv
1108,22,13,9,3f.csv
1108,0,0,0,3g.csv
1109,5,4,1,1a.csv
1109,10,9,1,1b.csv
1109,1,1,0,1c.csv
1109,0,0,0,1e.csv
1109,5,2,3,1f.csv
1109,0,0,0,1g.csv
1109,1,1,0,1h.csv
1109,0,0,0,1i.csv
1109,0,0,0,1j.csv
1109,1,1,0,1k.csv
1109,8,8,0,1l.csv
1109,2,2,0,1m.csv
1109,2,2,0,2a.csv
1109,0,0,0,2b.csv
1109,3,3,0,2c.csv
1109,2,2,0,2d.csv
1109,6,3,3,2e.csv
1109,0,0,0,2f.csv
1109,0,0,0,2g.csv
1109,9,9,0,2h.csv
1109,0,0,0,2i.csv
1109,0,0,0,2j.csv
1109,2,1,1,2k.csv
1109,0,0,0,2l.csv
1109,7,5,2,3a.csv
1109,22,18,4,3b.csv
1109,12,8,4,3c.csv
1109,12,8,4,3d.csv
1109,4,3,1,3e.csv
1109,19,13,6,3f.csv
1109,0,0,0,3g.csv
1110,7,6,1,1a.csv
1110,10,9,1,1b.csv
1110,1,1,0,1c.csv
1110,0,0,0,1e.csv
1110,4,2,2,1f.csv
1110,0,0,0,1g.csv
1110,1,1,0,1h.csv
1110,0,0,0,1i.csv
1110,0,0,0,1j.csv
1110,1,1,0,1k.csv
1110,7,7,0,1l.csv
1110,1,1,0,1m.csv
1110,2,2,0,2a.csv
1110,0,0,0,2b.csv
1110,2,2,0,2c.csv
1110,2,2,0,2d.csv
1110,5,2,3,2e.csv
1110,0,0,0,2f.csv
1110,0,0,0,2g.csv
1110,8,8,0,2h.csv
1110,0,0,0,2i.csv
1110,0,0,0,2j.csv
1110,2,1,1,2k.csv
1110,1,1,0,2l.csv
1110,9,7,2,3a.csv
1110,22,17,5,3b.csv
1110,11,8,3,3c.csv
1110,11,8,3,3d.csv
1110,6,5,1,3e.csv
1110,15,10,5,3f.csv
1110,0,0,0,3g.csv
1111,7,6,1,1a.csv
1111,9,8,1,1b.csv
1111,2,2,0,1c.csv
1111,0,0,0,1e.csv
1111,4,2,2,1f.csv
1111,0,0,0,1g.csv
1111,1,1,0,1h.csv
1111,1,1,0,1i.csv
1111,0,0,0,1j.csv
1111,1,1,0,1k.csv
1111,5,5,0,1l.csv
1111,1,1,0,1m.csv
1111,2,2,0,2a.csv
1111,0,0,0,2b.csv
1111,2,2,0,2c.csv
1111,2,2,0,2d.csv
1111,5,2,3,2e.csv
1111,0,0,0,2f.csv
1111,0,0,0,2g.csv
1111,4,4,0,2h.csv
1111,0,0,0,2i.csv
1111,0,0,0,2j.csv
1111,1,1,0,2k.csv
1111,1,1,0,2l.csv
1111,9,7,2,3a.csv
1111,21,16,5,3b.csv
1111,10,8,2,3c.csv
1111,10,8,2,3d.csv
1111,5,4,1,3e.csv
1111,14,8,6,3f.csv
1111,0,0,0,3g.csv
1112,8,7,1,1a.csv
1112,4,4,0,1b.csv
1112,3,3,0,1c.csv
1112,0,0,0,1e.csv
1112,4,2,2,1f.csv
1112,0,0,0,1g.csv
1112,1,1,0,1h.csv
1112,1,1,0,1i.csv
1112,0,0,0,1j.csv
1112,0,0,0,1k.csv
1112,4,4,0,1l.csv
1112,1,1,0,1m.csv
1112,1,1,0,2a.csv
1112,0,0,0,2b.csv
1112,2,2,0,2c.csv
1112,1,1,0,2d.csv
1112,6,3,3,2e.csv
1112,0,0,0,2f.csv
1112,1,1,0,2g.csv
1112,6,6,0,2h.csv
1112,0,0,0,2i.csv
1112,0,0,0,2j.csv
1112,1,1,0,2k.csv
1112,1,1,0,2l.csv
1112,9,7,2,3a.csv
1112,20,15,5,3b.csv
1112,8,7,1,3c.csv
1112,8,7,1,3d.csv
1112,5,4,1,3e.csv
1112,13,7,6,3f.csv
1112,0,0,0,3g.csv
1113,8,7,1,1a.csv
1113,4,4,0,1b.csv
1113,3,3,0,1c.csv
1113,0,0,0,1e.csv
1113,6,3,3,1f.csv
1113,0,0,0,1g.csv
1113,1,1,0,1h.csv
1113,1,1,0,1i.csv
1113,0,0,0,1j.csv
1113,0,0,0,1k.csv
1113,3,3,0,1l.csv
1113,1,1,0,1m.csv
1113,1,1,0,2a.csv
1113,0,0,0,2b.csv
1113,3,3,0,2c.csv
1113,1,1,0,2d.csv
1113,4,2,2,2e.csv
1113,0,0,0,2f.csv
1113,1,1,0,2g.csv
1113,5,5,0,2h.csv
1113,0,0,0,2i.csv
1113,0,0,0,2j.csv
1113,1,1,0,2k.csv
1113,1,1,0,2l.csv
1113,9,6,3,3a.csv
1113,23,19,4,3b.csv
1113,9,8,1,3c.csv
1113,9,8,1,3d.csv
1113,3,2,1,3e.csv
1113,13,7,6,3f.csv
1113,0,0,0,3g.csv
1114,7,7,0,1a.csv
1114,5,5,0,1b.csv
1114,2,2,0,1c.csv
1114,0,0,0,1e.csv
1114,7,3,4,1f.csv
1114,0,0,0,1g.csv
1114,1,1,0,1h.csv
1114,1,1,0,1i.csv
1114,0,0,0,1j.csv
1114,0,0,0,1k.csv
1114,2,2,0,1l.csv
1114,1,1,0,1m.csv
1114,1,1,0,2a.csv
1114,0,0,0,2b.csv
1114,3,3,0,2c.csv
1114,0,0,0,2d.csv
1114,4,2,2,2e.csv
1114,0,0,0,2f.csv
1114,1,1,0,2g.csv
1114,7,7,0,2h.csv
1114,0,0,0,2i.csv
1114,0,0,0,2j.csv
1114,1,1,0,2k.csv
1114,1,1,0,2l.csv
1114,10,7,3,3a.csv
1114,19,15,4,3b.csv
1114,10,8,2,3c.csv
1114,10,8,2,3d.csv
1114,4,2,2,3e.csv
1114,11,6,5,3f.csv
1114,0,0,0,3g.csv
1115,8,8,0,1a.csv
1115,4,4,0,1b.csv
1115,3,3,0,1c.csv
1115,0,0,0,1e.csv
1115,6,2,4,1f.csv
1115,0,0,0,1g.csv
1115,1,1,0,1h.csv
1115,1,1,0,1i.csv
1115,0,0,0,1j.csv
1115,0,0,0,1k.csv
1115,1,1,0,1l.csv
1115,1,1,0,1m.csv
1115,1,1,0,2a.csv
1115,0,0,0,2b.csv
1115,3,3,0,2c.csv
1115,0,0,0,2d.csv
1115,4,2,2,2e.csv
1115,0,0,0,2f.csv
1115,1,1,0,2g.csv
1115,7,7,0,2h.csv
1115,0,0,0,2i.csv
1115,0,0,0,2j.csv
1115,1,1,0,2k.csv
1115,2,1,1,2l.csv
1115,9,6,3,3a.csv
1115,19,14,5,3b.csv
1115,10,7,3,3c.csv
1115,10,7,3,3d.csv
1115,5,3,2,3e.csv
1115,10,7,3,3f.csv
1115,0,0,0,3g.csv
1116,9,9,0,1a.csv
1116,4,4,0,1b.csv
1116,4,4,0,1c.csv
1116,0,0,0,1e.csv
1116,7,2,5,1f.csv
1116,0,0,0,1g.csv
1116,1,1,0,1h.csv
1116,2,2,0,1i.csv
1116,0,0,0,1j.csv
1116,0,0,0,1k.csv
1116,0,0,0,1l.csv
1116,1,1,0,1m.csv
1116,0,0,0,2a.csv
1116,0,0,0,2b.csv
1116,4,4,0,2c.csv
1116,0,0,0,2d.csv
1116,5,3,2,2e.csv
1116,0,0,0,2f.csv
1116,1,1,0,2g.csv
1116,6,6,0,2h.csv
1116,0,0,0,2i.csv
1116,0,0,0,2j.csv
1116,1,1,0,2k.csv
1116,2,1,1,2l.csv
1116,8,6,2,3a.csv
1116,17,12,5,3b.csv
1116,9,6,3,3c.csv
1116,9,6,3,3d.csv
1116,4,3,1,3e.csv
1116,9,7,2,3f.csv
1116,0,0,0,3g.csv
1117,7,7,0,1a.csv
1117,4,4,0,1b.csv
1117,4,4,0,1c.csv
1117,0,0,0,1e.csv
1117,9,4,5,1f.csv
1117,1,0,1,1g.csv
1117,0,0,0,1h.csv
1117,2,2,0,1i.csv
1117,0,0,0,1j.csv
1117,0,0,0,1k.csv
1117,0,0,0,1l.csv
1117,1,1,0,1m.csv
1117,0,0,0,2a.csv
1117,0,0,0,2b.csv
1117,3,3,0,2c.csv
1117,0,0,0,2d.csv
1117,2,2,0,2e.csv
1117,0,0,0,2f.csv
1117,1,1,0,2g.csv
1117,7,7,0,2h.csv
1117,0,0,0,2i.csv
1117,0,0,0,2j.csv
1117,1,1,0,2k.csv
1117,2,1,1,2l.csv
1117,7,5,2,3a.csv
1117,16,11,5,3b.csv
1117,9,7,2,3c.csv
1117,9,7,2,3d.csv
1117,4,3,1,3e.csv
1117,11,9,2,3f.csv
1117,1,1,0,3g.csv
1118,5,5,0,1a.csv
1118,4,4,0,1b.csv
1118,4,4,0,1c.csv
1118,0,0,0,1e.csv
1118,9,4,5,1f.csv
1118,1,0,1,1g.csv
1118,0,0,0,1h.csv
1118,2,2,0,1i.csv
1118,0,0,0,1j.csv
1118,0,0,0,1k.csv
1118,1,1,0,1l.csv
1118,1,1,0,1m.csv
1118,0,0,0,2a.csv
1118,0,0,0,2b.csv
1118,4,4,0,2c.csv
1118,0,0,0,2d.csv
1118,3,3,0,2e.csv
1118,0,0,0,2f.csv
1118,1,1,0,2g.csv
1118,9,9,0,2h.csv
1118,0,0,0,2i.csv
1118,0,0,0,2j.csv
1118,0,0,0,2k.csv
1118,1,0,1,2l.csv
1118,7,4,3,3a.csv
1118,17,13,4,3b.csv
1118,9,6,3,3c.csv
1118,9,6,3,3d.csv
1118,2,1,1,3e.csv
1118,11,9,2,3f.csv
1118,1,1,0,3g.csv
1119,7,7,0,1a.csv
1119,4,4,0,1b.csv
1119,4,4,0,1c.csv
1119,1,1,0,1e.csv
1119,10,4,6,1f.csv
1119,1,0,1,1g.csv
1119,1,0,1,1h.csv
1119,1,1,0,1i.csv
1119,0,0,0,1j.csv
1119,0,0,0,1k.csv
1119,1,1,0,1l.csv
1119,2,2,0,1m.csv
1119,0,0,0,2a.csv
1119,0,0,0,2b.csv
1119,4,4,0,2c.csv
1119,0,0,0,2d.csv
1119,3,3,0,2e.csv
1119,0,0,0,2f.csv
1119,1,1,0,2g.csv
1119,9,9,0,2h.csv
1119,0,0,0,2i.csv
1119,0,0,0,2j.csv
1119,0,0,0,2k.csv
1119,1,0,1,2l.csv
1119,7,4,3,3a.csv
1119,19,13,6,3b.csv
1119,9,6,3,3c.csv
1119,9,6,3,3d.csv
1119,3,2,1,3e.csv
1119,12,12,0,3f.csv
1119,1,1,0,3g.csv
1120,6,6,0,1a.csv
1120,5,5,0,1b.csv
1120,5,3,2,1c.csv
1120,1,1,0,1e.csv
1120,10,4,6,1f.csv
1120,1,0,1,1g.csv
1120,2,1,1,1h.csv
1120,1,1,0,1i.csv
1120,0,0,0,1j.csv
1120,0,0,0,1k.csv
1120,1,1,0,1l.csv
1120,2,2,0,1m.csv
1120,0,0,0,2a.csv
1120,1,1,0,2b.csv
1120,3,3,0,2c.csv
1120,0,0,0,2d.csv
1120,2,2,0,2e.csv
1120,0,0,0,2f.csv
1120,0,0,0,2g.csv
1120,10,10,0,2h.csv
1120,0,0,0,2i.csv
1120,0,0,0,2j.csv
1120,0,0,0,2k.csv
1120,1,0,1,2l.csv
1120,8,5,3,3a.csv
1120,20,13,7,3b.csv
1120,11,8,3,3c.csv
1120,11,8,3,3d.csv
1120,3,2,1,3e.csv
1120,12,12,0,3f.csv
1120,1,1,0,3g.csv
1121,7,7,0,1a.csv
1121,7,7,0,1b.csv
1121,5,3,2,1c.csv
1121,1,1,0,1e.csv
1121,9,4,5,1f.csv
1121,1,0,1,1g.csv
1121,2,1,1,1h.csv
1121,1,1,0,1i.csv
1121,0,0,0,1j.csv
1121,0,0,0,1k.csv
1121,1,1,0,1l.csv
1121,1,1,0,1m.csv
1121,1,1,0,2a.csv
1121,1,1,0,2b.csv
1121,2,2,0,2c.csv
1121,0,0,0,2d.csv
1121,3,2,1,2e.csv
1121,0,0,0,2f.csv
1121,0,0,0,2g.csv
1121,10,10,0,2h.csv
1121,0,0,0,2i.csv
1121,0,0,0,2j.csv
1121,0,0,0,2k.csv
1121,1,0,1,2l.csv
1121,6,4,2,3a.csv
1121,15,9,6,3b.csv
1121,10,7,3,3c.csv
1121,10,7,3,3d.csv
1121,3,2,1,3e.csv
1121,11,11,0,3f.csv
1121,1,1,0,3g.csv
1122,7,7,0,1a.csv
1122,7,7,0,1b.csv
1122,5,3,2,1c.csv
1122,2,2,0,1e.csv
1122,8,4,4,1f.csv
1122,1,0,1,1g.csv
1122,3,2,1,1h.csv
1122,1,1,0,1i.csv
1122,0,0,0,1j.csv
1122,0,0,0,1k.csv
1122,1,1,0,1l.csv
1122,1,1,0,1m.csv
1122,1,1,0,2a.csv
1122,1,1,0,2b.csv
1122,2,2,0,2c.csv
1122,0,0,0,2d.csv
1122,3,2,1,2e.csv
1122,0,0,0,2f.csv
1122,0,0,0,2g.csv
1122,10,10,0,2h.csv
1122,0,0,0,2i.csv
1122,0,0,0,2j.csv
1122,0,0,0,2k.csv
1122,1,0,1,2l.csv
1122,4,2,2,3a.csv
1122,13,8,5,3b.csv
1122,9,7,2,3c.csv
1122,9,7,2,3d.csv
1122,2,2,0,3e.csv
1122,10,10,0,3f.csv
1122,1,1,0,3g.csv
1123,7,7,0,1a.csv
1123,8,8,0,1b.csv
1123,5,2,3,1c.csv
1123,2,2,0,1e.csv
1123,8,4,4,1f.csv
1123,1,0,1,1g.csv
1123,3,2,1,1h.csv
1123,1,1,0,1i.csv
1123,0,0,0,1j.csv
1123,1,1,0,1k.csv
1123,1,1,0,1l.csv
1123,2,2,0,1m.csv
1123,1,1,0,2a.csv
1123,1,1,0,2b.csv
1123,2,2,0,2c.csv
1123,0,0,0,2d.csv
1123,3,2,1,2e.csv
1123,0,0,0,2f.csv
1123,0,0,0,2g.csv
1123,10,10,0,2h.csv
1123,0,0,0,2i.csv
1123,0,0,0,2j.csv
1123,0,0,0,2k.csv
1123,0,0,0,2l.csv
1123,5,3,2,3a.csv
1123,10,6,4,3b.csv
1123,9,8,1,3c.csv
1123,9,8,1,3d.csv
1123,1,1,0,3e.csv
1123,10,10,0,3f.csv
1123,1,1,0,3g.csv
1124,7,7,0,1a.csv
1124,9,9,0,1b.csv
1124,5,2,3,1c.csv
1124,2,2,0,1e.csv
1124,6,3,3,1f.csv
1124,1,0,1,1g.csv
1124,3,2,1,1h.csv
1124,0,0,0,1i.csv
1124,0,0,0,1j.csv
1124,2,2,0,1k.csv
1124,2,2,0,1l.csv
1124,2,2,0,1m.csv
1124,1,1,0,2a.csv
1124,1,1,0,2b.csv
1124,1,1,0,2c.csv
1124,0,0,0,2d.csv
1124,2,1,1,2e.csv
1124,0,0,0,2f.csv
1124,0,0,0,2g.csv
1124,10,10,0,2h.csv
1124,0,0,0,2i.csv
1124,1,1,0,2j.csv
1124,0,0,0,2k.csv
1124,0,0,0,2l.csv
1124,5,3,2,3a.csv
1124,10,6,4,3b.csv
1124,8,7,1,3c.csv
1124,8,7,1,3d.csv
1124,1,1,0,3e.csv
1124,10,10,0,3f.csv
1124,2,2,0,3g.csv
1125,7,7,0,1a.csv
1125,13,13,0,1b.csv
1125,5,2,3,1c.csv
1125,3,3,0,1e.csv
1125,6,2,4,1f.csv
1125,0,0,0,1g.csv
1125,3,2,1,1h.csv
1125,0,0,0,1i.csv
1125,0,0,0,1j.csv
1125,2,2,0,1k.csv
1125,2,2,0,1l.csv
1125,3,3,0,1m.csv
1125,1,1,0,2a.csv
1125,1,1,0,2b.csv
1125,1,1,0,2c.csv
1125,0,0,0,2d.csv
1125,2,1,1,2e.csv
1125,0,0,0,2f.csv
1125,1,1,0,2g.csv
1125,8,8,0,2h.csv
1125,0,0,0,2i.csv
1125,1,1,0,2j.csv
1125,0,0,0,2k.csv
1125,0,0,0,2l.csv
1125,5,4,1,3a.csv
1125,13,9,4,3b.csv
1125,8,7,1,3c.csv
1125,8,7,1,3d.csv
1125,1,1,0,3e.csv
1125,9,8,1,3f.csv
1125,1,1,0,3g.csv
1126,7,7,0,1a.csv
1126,16,16,0,1b.csv
1126,5,2,3,1c.csv
1126,3,3,0,1e.csv
1126,7,3,4,1f.csv
1126,0,0,0,1g.csv
1126,3,2,1,1h.csv
1126,0,0,0,1i.csv
1126,0,0,0,1j.csv
1126,3,2,1,1k.csv
1126,1,1,0,1l.csv
1126,3,3,0,1m.csv
1126,1,1,0,2a.csv
1126,1,1,0,2b.csv
1126,0,0,0,2c.csv
1126,0,0,0,2d.csv
1126,1,0,1,2e.csv
1126,0,0,0,2f.csv
1126,1,1,0,2g.csv
1126,6,6,0,2h.csv
1126,0,0,0,2i.csv
1126,1,1,0,2j.csv
1126,0,0,0,2k.csv
1126,0,0,0,2l.csv
1126,3,3,0,3a.csv
1126,12,8,4,3b.csv
1126,8,8,0,3c.csv
1126,8,8,0,3d.csv
1126,1,1,0,3e.csv
1126,8,7,1,3f.csv
1126,1,1,0,3g.csv
1127,7,7,0,1a.csv
1127,20,20,0,1b.csv
1127,6,2,4,1c.csv
1127,2,2,0,1e.csv
1127,6,3,3,1f.csv
1127,0,0,0,1g.csv
1127,2,2,0,1h.csv
1127,0,0,0,1i.csv
1127,0,0,0,1j.csv
1127,3,2,1,1k.csv
1127,1,1,0,1l.csv
1127,2,2,0,1m.csv
1127,1,1,0,2a.csv
1127,1,1,0,2b.csv
1127,0,0,0,2c.csv
1127,0,0,0,2d.csv
1127,2,1,1,2e.csv
1127,0,0,0,2f.csv
1127,1,1,0,2g.csv
1127,8,7,1,2h.csv
1127,0,0,0,2i.csv
1127,1,1,0,2j.csv
1127,0,0,0,2k.csv
1127,0,0,0,2l.csv
1127,7,7,0,3a.csv
1127,13,12,1,3b.csv
1127,8,8,0,3c.csv
1127,8,8,0,3d.csv
1127,0,0,0,3e.csv
1127,9,8,1,3f.csv
1127,1,1,0,3g.csv
1128,8,8,0,1a.csv
1128,19,19,0,1b.csv
1128,4,2,2,1c.csv
1128,3,2,1,1e.csv
1128,5,3,2,1f.csv
1128,0,0,0,1g.csv
1128,1,1,0,1h.csv
1128,0,0,0,1i.csv
1128,0,0,0,1j.csv
1128,3,2,1,1k.csv
1128,1,1,0,1l.csv
1128,2,2,0,1m.csv
1128,1,1,0,2a.csv
1128,0,0,0,2b.csv
1128,0,0,0,2c.csv
1128,0,0,0,2d.csv
1128,2,1,1,2e.csv
1128,0,0,0,2f.csv
1128,1,1,0,2g.csv
1128,5,4,1,2h.csv
1128,0,0,0,2i.csv
1128,1,1,0,2j.csv
1128,0,0,0,2k.csv
1128,0,0,0,2l.csv
1128,6,6,0,3a.csv
1128,11,11,0,3b.csv
1128,6,6,0,3c.csv
1128,6,6,0,3d.csv
1128,0,0,0,3e.csv
1128,10,9,1,3f.csv
1128,1,1,0,3g.csv
1129,7,7,0,1a.csv
1129,18,18,0,1b.csv
1129,6,4,2,1c.csv
1129,3,2,1,1e.csv
1129,5,2,3,1f.csv
1129,0,0,0,1g.csv
1129,1,1,0,1h.csv
1129,0,0,0,1i.csv
1129,0,0,0,1j.csv
1129,3,2,1,1k.csv
1129,1,1,0,1l.csv
1129,2,2,0,1m.csv
1129,1,1,0,2a.csv
1129,0,0,0,2b.csv
1129,0,0,0,2c.csv
1129,0,0,0,2d.csv
1129,1,1,0,2e.csv
1129,0,0,0,2f.csv
1129,1,1,0,2g.csv
1129,7,6,1,2h.csv
1129,0,0,0,2i.csv
1129,1,1,0,2j.csv
1129,0,0,0,2k.csv
1129,0,0,0,2l.csv
1129,6,6,0,3a.csv
1129,11,11,0,3b.csv
1129,7,7,0,3c.csv
1129,7,7,0,3d.csv
1129,0,0,0,3e.csv
1129,10,9,1,3f.csv
1129,1,1,0,3g.csv
1130,7,7,0,1a.csv
1130,21,21,0,1b.csv
1130,6,4,2,1c.csv
1130,2,1,1,1e.csv
1130,7,2,5,1f.csv
1130,0,0,0,1g.csv
1130,0,0,0,1h.csv
1130,0,0,0,1i.csv
1130,0,0,0,1j.csv
1130,3,2,1,1k.csv
1130,1,1,0,1l.csv
1130,2,2,0,1m.csv
1130,2,1,1,2a.csv
1130,0,0,0,2b.csv
1130,0,0,0,2c.csv
1130,0,0,0,2d.csv
1130,1,1,0,2e.csv
1130,0,0,0,2f.csv
1130,1,1,0,2g.csv
1130,6,5,1,2h.csv
1130,0,0,0,2i.csv
1130,1,1,0,2j.csv
1130,0,0,0,2k.csv
1130,0,0,0,2l.csv
1130,9,9,0,3a.csv
1130,10,10,0,3b.csv
1130,10,10,0,3c.csv
1130,10,10,0,3d.csv
1130,1,1,0,3e.csv
1130,11,10,1,3f.csv
1130,1,1,0,3g.csv
1131,6,6,0,1a.csv
1131,24,24,0,1b.csv
1131,5,4,1,1c.csv
1131,2,1,1,1e.csv
1131,8,3,5,1f.csv
1131,0,0,0,1g.csv
1131,0,0,0,1h.csv
1131,0,0,0,1i.csv
1131,0,0,0,1j.csv
1131,2,1,1,1k.csv
1131,1,1,0,1l.csv
1131,1,1,0,1m.csv
1131,2,1,1,2a.csv
1131,0,0,0,2b.csv
1131,0,0,0,2c.csv
1131,0,0,0,2d.csv
1131,1,1,0,2e.csv
1131,0,0,0,2f.csv
1131,1,1,0,2g.csv
1131,5,4,1,2h.csv
1131,0,0,0,2i.csv
1131,1,1,0,2j.csv
1131,0,0,0,2k.csv
1131,0,0,0,2l.csv
1131,10,10,0,3a.csv
1131,11,11,0,3b.csv
1131,9,9,0,3c.csv
1131,9,9,0,3d.csv
1131,2,2,0,3e.csv
1131,13,12,1,3f.csv
1131,1,1,0,3g.csv
1132,6,6,0,1a.csv
1132,24,24,0,1b.csv
1132,4,3,1,1c.csv
1132,2,1,1,1e.csv
1132,10,5,5,1f.csv
1132,0,0,0,1g.csv
1132,0,0,0,1h.csv
1132,0,0,0,1i.csv
1132,0,0,0,1j.csv
1132,1,0,1,1k.csv
1132,0,0,0,1l.csv
1132,1,1,0,1m.csv
1132,2,1,1,2a.csv
1132,0,0,0,2b.csv
1132,1,1,0,2c.csv
1132,0,0,0,2d.csv
1132,1,1,0,2e.csv
1132,1,1,0,2f.csv
1132,1,1,0,2g.csv
1132,5,4,1,2h.csv
1132,0,0,0,2i.csv
1132,0,0,0,2j.csv
1132,0,0,0,2k.csv
1132,1,1,0,2l.csv
1132,12,11,1,3a.csv
1132,11,11,0,3b.csv
1132,9,9,0,3c.csv
1132,9,9,0,3d.csv
1132,2,2,0,3e.csv
1132,12,11,1,3f.csv
1132,1,1,0,3g.csv
1133,5,5,0,1a.csv
1133,21,21,0,1b.csv
1133,4,3,1,1c.csv
1133,1,0,1,1e.csv
1133,9,5,4,1f.csv
1133,0,0,0,1g.csv
1133,0,0,0,1h.csv
1133,0,0,0,1i.csv
1133,0,0,0,1j.csv
1133,1,0,1,1k.csv
1133,0,0,0,1l.csv
1133,0,0,0,1m.csv
1133,2,1,1,2a.csv
1133,1,1,0,2b.csv
1133,1,1,0,2c.csv
1133,0,0,0,2d.csv
1133,1,1,0,2e.csv
1133,1,1,0,2f.csv
1133,0,0,0,2g.csv
1133,5,4,1,2h.csv
1133,0,0,0,2i.csv
1133,0,0,0,2j.csv
1133,0,0,0,2k.csv
1133,1,1,0,2l.csv
1133,15,14,1,3a.csv
1133,9,9,0,3b.csv
1133,8,8,0,3c.csv
1133,8,8,0,3d.csv
1133,2,2,0,3e.csv
1133,9,9,0,3f.csv
1133,1,1,0,3g.csv
1134,5,5,0,1a.csv
1134,21,21,0,1b.csv
1134,5,4,1,1c.csv
1134,1,0,1,1e.csv
1134,9,4,5,1f.csv
1134,0,0,0,1g.csv
1134,1,1,0,1h.csv
1134,0,0,0,1i.csv
1134,0,0,0,1j.csv
1134,0,0,0,1k.csv
1134,0,0,0,1l.csv
1134,0,0,0,1m.csv
1134,3,1,2,2a.csv
1134,1,1,0,2b.csv
1134,1,1,0,2c.csv
1134,0,0,0,2d.csv
1134,1,1,0,2e.csv
1134,2,2,0,2f.csv
1134,0,0,0,2g.csv
1134,5,4,1,2h.csv
1134,0,0,0,2i.csv
1134,0,0,0,2j.csv
1134,0,0,0,2k.csv
1134,1,1,0,2l.csv
1134,16,15,1,3a.csv
1134,10,10,0,3b.csv
1134,7,7,0,3c.csv
1134,7,7,0,3d.csv
1134,2,2,0,3e.csv
1134,11,10,1,3f.csv
1134,1,1,0,3g.csv
1135,3,3,0,1a.csv
1135,18,18,0,1b.csv
1135,3,3,0,1c.csv
1135,1,0,1,1e.csv
1135,10,4,6,1f.csv
1135,0,0,0,1g.csv
1135,1,1,0,1h.csv
1135,0,0,0,1i.csv
1135,0,0,0,1j.csv
1135,0,0,0,1k.csv
1135,0,0,0,1l.csv
1135,1,1,0,1m.csv
1135,3,1,2,2a.csv
1135,1,1,0,2b.csv
1135,2,2,0,2c.csv
1135,0,0,0,2d.csv
1135,0,0,0,2e.csv
1135,2,2,0,2f.csv
1135,0,0,0,2g.csv
1135,4,4,0,2h.csv
1135,0,0,0,2i.csv
1135,0,0,0,2j.csv
1135,0,0,0,2k.csv
1135,1,1,0,2l.csv
1135,14,13,1,3a.csv
1135,9,8,1,3b.csv
1135,6,6,0,3c.csv
1135,6,6,0,3d.csv
1135,3,3,0,3e.csv
1135,10,8,2,3f.csv
1135,2,2,0,3g.csv
1136,3,3,0,1a.csv
1136,20,20,0,1b.csv
1136,3,3,0,1c.csv
1136,0,0,0,1e.csv
1136,12,5,7,1f.csv
1136,0,0,0,1g.csv
1136,1,1,0,1h.csv
1136,0,0,0,1i.csv
1136,0,0,0,1j.csv
1136,1,1,0,1k.csv
1136,0,0,0,1l.csv
1136,1,1,0,1m.csv
1136,3,1,2,2a.csv
1136,1,1,0,2b.csv
1136,2,2,0,2c.csv
1136,0,0,0,2d.csv
1136,0,0,0,2e.csv
1136,3,3,0,2f.csv
1136,0,0,0,2g.csv
1136,5,4,1,2h.csv
1136,0,0,0,2i.csv
1136,0,0,0,2j.csv
1136,0,0,0,2k.csv
1136,1,1,0,2l.csv
1136,17,15,2,3a.csv
1136,10,8,2,3b.csv
1136,5,5,0,3c.csv
1136,5,5,0,3d.csv
1136,4,4,0,3e.csv
1136,11,8,3,3f.csv
1136,2,2,0,3g.csv
1137,3,3,0,1a.csv
1137,19,19,0,1b.csv
1137,1,1,0,1c.csv
1137,0,0,0,1e.csv
1137,13,7,6,1f.csv
1137,0,0,0,1g.csv
1137,1,1,0,1h.csv
1137,0,0,0,1i.csv
1137,0,0,0,1j.csv
1137,1,1,0,1k.csv
1137,0,0,0,1l.csv
1137,1,1,0,1m.csv
1137,3,0,3,2a.csv
1137,1,1,0,2b.csv
1137,2,2,0,2c.csv
1137,0,0,0,2d.csv
1137,0,0,0,2e.csv
1137,3,3,0,2f.csv
1137,0,0,0,2g.csv
1137,4,2,2,2h.csv
1137,0,0,0,2i.csv
1137,0,0,0,2j.csv
1137,0,0,0,2k.csv
1137,1,1,0,2l.csv
1137,19,17,2,3a.csv
1137,16,13,3,3b.csv
1137,4,4,0,3c.csv
1137,4,4,0,3d.csv
1137,4,4,0,3e.csv
1137,13,9,4,3f.csv
1137,2,2,0,3g.csv
1138,4,4,0,1a.csv
1138,16,16,0,1b.csv
1138,1,1,0,1c.csv
1138,0,0,0,1e.csv
1138,12,8,4,1f.csv
1138,0,0,0,1g.csv
1138,1,1,0,1h.csv
1138,0,0,0,1i.csv
1138,0,0,0,1j.csv
1138,1,1,0,1k.csv
1138,0,0,0,1l.csv
1138,1,1,0,1m.csv
1138,2,0,2,2a.csv
1138,1,1,0,2b.csv
1138,2,2,0,2c.csv
1138,0,0,0,2d.csv
1138,0,0,0,2e.csv
1138,3,3,0,2f.csv
1138,0,0,0,2g.csv
1138,3,1,2,2h.csv
1138,0,0,0,2i.csv
1138,0,0,0,2j.csv
1138,0,0,0,2k.csv
1138,1,1,0,2l.csv
1138,16,14,2,3a.csv
1138,21,16,5,3b.csv
1138,1,1,0,3c.csv
1138,1,1,0,3d.csv
1138,3,3,0,3e.csv
1138,12,8,4,3f.csv
1138,2,2,0,3g.csv
1139,5,4,1,1a.csv
1139,13,13,0,1b.csv
1139,1,1,0,1c.csv
1139,0,0,0,1e.csv
1139,13,9,4,1f.csv
1139,1,1,0,1g.csv
1139,1,1,0,1h.csv
1139,0,0,0,1i.csv
1139,0,0,0,1j.csv
1139,1,1,0,1k.csv
1139,0,0,0,1l.csv
1139,1,1,0,1m.csv
1139,2,0,2,2a.csv
1139,2,1,1,2b.csv
1139,2,2,0,2c.csv
1139,0,0,0,2d.csv
1139,0,0,0,2e.csv
1139,3,3,0,2f.csv
1139,0,0,0,2g.csv
1139,5,3,2,2h.csv
1139,0,0,0,2i.csv
1139,0,0,0,2j.csv
1139,0,0,0,2k.csv
1139,1,1,0,2l.csv
1139,15,13,2,3a.csv
1139,23,18,5,3b.csv
1139,0,0,0,3c.csv
1139,0,0,0,3d.csv
1139,4,4,0,3e.csv
1139,9,5,4,3f.csv
1139,2,2,0,3g.csv
1140,5,4,1,1a.csv
1140,12,12,0,1b.csv
1140,1,1,0,1c.csv
1140,0,0,0,1e.csv
1140,13,8,5,1f.csv
1140,1,1,0,1g.csv
1140,2,2,0,1h.csv
1140,0,0,0,1i.csv
1140,1,1,0,1j.csv
1140,1,1,0,1k.csv
1140,0,0,0,1l.csv
1140,1,1,0,1m.csv
1140,2,0,2,2a.csv
1140,2,1,1,2b.csv
1140,1,1,0,2c.csv
1140,0,0,0,2d.csv
1140,0,0,0,2e.csv
1140,2,2,0,2f.csv
1140,0,0,0,2g.csv
1140,6,4,2,2h.csv
1140,0,0,0,2i.csv
1140,0,0,0,2j.csv
1140,0,0,0,2k.csv
1140,0,0,0,2l.csv
1140,16,14,2,3a.csv
1140,24,19,5,3b.csv
1140,0,0,0,3c.csv
1140,0,0,0,3d.csv
1140,4,4,0,3e.csv
1140,10,5,5,3f.csv
1140,1,1,0,3g.csv
1141,5,4,1,1a.csv
1141,10,10,0,1b.csv
1141,2,2,0,1c.csv
1141,0,0,0,1e.csv
1141,13,7,6,1f.csv
1141,1,1,0,1g.csv
1141,2,2,0,1h.csv
1141,1,1,0,1i.csv
1141,1,1,0,1j.csv
1141,1,1,0,1k.csv
1141,0,0,0,1l.csv
1141,1,1,0,1m.csv
1141,2,0,2,2a.csv
1141,2,1,1,2b.csv
1141,1,1,0,2c.csv
1141,0,0,0,2d.csv
1141,0,0,0,2e.csv
1141,2,2,0,2f.csv
1141,0,0,0,2g.csv
1141,6,4,2,2h.csv
1141,0,0,0,2i.csv
1141,0,0,0,2j.csv
1141,0,0,0,2k.csv
1141,0,0,0,2l.csv
1141,13,11,2,3a.csv
1141,31,22,9,3b.csv
1141,0,0,0,3c.csv
1141,0,0,0,3d.csv
1141,4,4,0,3e.csv
1141,10,5,5,3f.csv
1141,1,1,0,3g.csv
1142,6,5,1,1a.csv
1142,7,7,0,1b.csv
1142,2,2,0,1c.csv
1142,0,0,0,1e.csv
1142,12,7,5,1f.csv
1142,1,1,0,1g.csv
1142,1,1,0,1h.csv
1142,1,1,0,1i.csv
1142,1,1,0,1j.csv
1142,1,1,0,1k.csv
1142,0,0,0,1l.csv
1142,1,1,0,1m.csv
1142,1,0,1,2a.csv
1142,2,1,1,2b.csv
1142,1,1,0,2c.csv
1142,0,0,0,2d.csv
1142,0,0,0,2e.csv
1142,1,1,0,2f.csv
1142,0,0,0,2g.csv
1142,6,4,2,2h.csv
1142,0,0,0,2i.csv
1142,0,0,0,2j.csv
1142,0,0,0,2k.csv
1142,0,0,0,2l.csv
1142,14,12,2,3a.csv
1142,40,30,10,3b.csv
1142,0,0,0,3c.csv
1142,0,0,0,3d.csv
1142,4,4,0,3e.csv
1142,10,6,4,3f.csv
1142,1,1,0,3g.csv
1143,9,8,1,1a.csv
1143,7,7,0,1b.csv
1143,2,2,0,1c.csv
1143,0,0,0,1e.csv
1143,12,7,5,1f.csv
1143,1,1,0,1g.csv
1143,1,1,0,1h.csv
1143,1,1,0,1i.csv
1143,1,1,0,1j.csv
1143,1,1,0,1k.csv
1143,0,0,0,1l.csv
1143,0,0,0,1m.csv
1143,1,0,1,2a.csv
1143,3,2,1,2b.csv
1143,0,0,0,2c.csv
1143,0,0,0,2d.csv
1143,0,0,0,2e.csv
1143,1,1,0,2f.csv
1143,0,0,0,2g.csv
1143,5,3,2,2h.csv
1143,0,0,0,2i.csv
1143,0,0,0,2j.csv
1143,0,0,0,2k.csv
1143,0,0,0,2l.csv
1143,12,10,2,3a.csv
1143,47,34,13,3b.csv
1143,1,1,0,3c.csv
1143,1,1,0,3d.csv
1143,3,3,0,3e.csv
1143,13,9,4,3f.csv
1143,0,0,0,3g.csv
1144,8,7,1,1a.csv
1144,4,4,0,1b.csv
1144,2,2,0,1c.csv
1144,0,0,0,1e.csv
1144,11,6,5,1f.csv
1144,1,1,0,1g.csv
1144,1,1,0,1h.csv
1144,1,1,0,1i.csv
1144,1,1,0,1j.csv
1144,0,0,0,1k.csv
1144,0,0,0,1l.csv
1144,0,0,0,1m.csv
1144,1,0,1,2a.csv
1144,3,2,1,2b.csv
1144,0,0,0,2c.csv
1144,0,0,0,2d.csv
1144,0,0,0,2e.csv
1144,0,0,0,2f.csv
1144,0,0,0,2g.csv
1144,6,4,2,2h.csv
1144,0,0,0,2i.csv
1144,0,0,0,2j.csv
1144,0,0,0,2k.csv
1144,0,0,0,2l.csv
1144,10,9,1,3a.csv
1144,60,44,16,3b.csv
1144,1,1,0,3c.csv
1144,1,1,0,3d.csv
1144,2,2,0,3e.csv
1144,13,9,4,3f.csv
1144,1,0,1,3g.csv
1145,8,7,1,1a.csv
1145,3,3,0,1b.csv
1145,2,2,0,1c.csv
1145,0,0,0,1e.csv
1145,11,6,5,1f.csv
1145,1,1,0,1g.csv
1145,1,1,0,1h.csv
1145,1,1,0,1i.csv
1145,2,2,0,1j.csv
1145,0,0,0,1k.csv
1145,0,0,0,1l.csv
1145,0,0,0,1m.csv
1145,1,1,0,2a.csv
1145,4,3,1,2b.csv
1145,1,1,0,2c.csv
1145,0,0,0,2d.csv
1145,0,0,0,2e.csv
1145,0,0,0,2f.csv
1145,0,0,0,2g.csv
1145,6,5,1,2h.csv
1145,0,0,0,2i.csv
1145,0,0,0,2j.csv
1145,0,0,0,2k.csv
1145,0,0,0,2l.csv
1145,9,8,1,3a.csv
1145,63,46,17,3b.csv
1145,1,1,0,3c.csv
1145,1,1,0,3d.csv
1145,2,2,0,3e.csv
1145,12,9,3,3f.csv
1145,1,0,1,3g.csv
1146,8,7,1,1a.csv
1146,3,3,0,1b.csv
1146,2,2,0,1c.csv
1146,0,0,0,1e.csv
1146,11,6,5,1f.csv
1146,1,1,0,1g.csv
1146,1,1,0,1h.csv
1146,2,1,1,1i.csv
1146,2,2,0,1j.csv
1146,0,0,0,1k.csv
1146,0,0,0,1l.csv
1146,1,1,0,1m.csv
1146,1,1,0,2a.csv
1146,4,3,1,2b.csv
1146,1,1,0,2c.csv
1146,0,0,0,2d.csv
1146,0,0,0,2e.csv
1146,0,0,0,2f.csv
1146,0,0,0,2g.csv
1146,7,6,1,2h.csv
1146,0,0,0,2i.csv
1146,0,0,0,2j.csv
1146,0,0,0,2k.csv
1146,0,0,0,2l.csv
1146,11,10,1,3a.csv
1146,66,50,16,3b.csv
1146,1,1,0,3c.csv
1146,1,1,0,3d.csv
1146,3,3,0,3e.csv
1146,12,9,3,3f.csv
1146,1,0,1,3g.csv
1147,7,7,0,1a.csv
1147,2,2,0,1b.csv
1147,2,2,0,1c.csv
1147,0,0,0,1e.csv
1147,9,5,4,1f.csv
1147,0,0,0,1g.csv
1147,1,1,0,1h.csv
1147,3,2,1,1i.csv
1147,2,2,0,1j.csv
1147,0,0,0,1k.csv
1147,0,0,0,1l.csv
1147,1,1,0,1m.csv
1147,1,1,0,2a.csv
1147,3,3,0,2b.csv
1147,1,1,0,2c.csv
1147,0,0,0,2d.csv
1147,0,0,0,2e.csv
1147,0,0,0,2f.csv
1147,1,1,0,2g.csv
1147,5,4,1,2h.csv
1147,0,0,0,2i.csv
1147,0,0,0,2j.csv
1147,0,0,0,2k.csv
1147,0,0,0,2l.csv
1147,14,13,1,3a.csv
1147,69,50,19,3b.csv
1147,1,1,0,3c.csv
1147,1,1,0,3d.csv
1147,1,1,0,3e.csv
1147,13,10,3,3f.csv
1147,1,0,1,3g.csv
1148,7,7,0,1a.csv
1148,2,2,0,1b.csv
1148,2,2,0,1c.csv
1148,0,0,0,1e.csv
1148,7,4,3,1f.csv
1148,0,0,0,1g.csv
1148,0,0,0,1h.csv
1148,3,2,1,1i.csv
1148,1,1,0,1j.csv
1148,0,0,0,1k.csv
1148,0,0,0,1l.csv
1148,1,1,0,1m.csv
1148,2,2,0,2a.csv
1148,3,3,0,2b.csv
1148,1,1,0,2c.csv
1148,0,0,0,2d.csv
1148,0,0,0,2e.csv
1148,0,0,0,2f.csv
1148,1,1,0,2g.csv
1148,5,4,1,2h.csv
1148,1,1,0,2i.csv
1148,0,0,0,2j.csv
1148,0,0,0,2k.csv
1148,0,0,0,2l.csv
1148,12,12,0,3a.csv
1148,71,49,22,3b.csv
1148,2,1,1,3c.csv
1148,2,1,1,3d.csv
1148,1,1,0,3e.csv
1148,17,15,2,3f.csv
1148,1,0,1,3g.csv
1149,8,8,0,1a.csv
1149,2,2,0,1b.csv
1149,2,1,1,1c.csv
1149,0,0,0,1e.csv
1149,7,4,3,1f.csv
1149,0,0,0,1g.csv
1149,0,0,0,1h.csv
1149,2,1,1,1i.csv
1149,1,1,0,1j.csv
1149,0,0,0,1k.csv
1149,0,0,0,1l.csv
1149,1,1,0,1m.csv
1149,2,2,0,2a.csv
1149,2,2,0,2b.csv
1149,1,1,0,2c.csv
1149,0,0,0,2d.csv
1149,0,0,0,2e.csv
1149,0,0,0,2f.csv
1149,1,1,0,2g.csv
1149,6,4,2,2h.csv
1149,1,1,0,2i.csv
1149,0,0,0,2j.csv
1149,0,0,0,2k.csv
1149,0,0,0,2l.csv
1149,14,14,0,3a.csv
1149,72,54,18,3b.csv
1149,2,1,1,3c.csv
1149,2,1,1,3d.csv
1149,1,1,0,3e.csv
1149,25,22,3,3f.csv
1149,2,1,1,3g.csv
1150,7,7,0,1a.csv
1150,2,2,0,1b.csv
1150,1,0,1,1c.csv
1150,0,0,0,1e.csv
1150,8,5,3,1f.csv
1150,0,0,0,1g.csv
1150,0,0,0,1h.csv
1150,2,1,1,1i.csv
1150,1,1,0,1j.csv
1150,0,0,0,1k.csv
1150,0,0,0,1l.csv
1150,4,3,1,1m.csv
1150,4,4,0,2a.csv
1150,2,2,0,2b.csv
1150,1,1,0,2c.csv
1150,0,0,0,2d.csv
1150,0,0,0,2e.csv
1150,0,0,0,2f.csv
1150,1,1,0,2g.csv
1150,6,4,2,2h.csv
1150,1,1,0,2i.csv
1150,0,0,0,2j.csv
1150,0,0,0,2k.csv
1150,0,0,0,2l.csv
1150,13,13,0,3a.csv
1150,70,51,19,3b.csv
1150,2,1,1,3c.csv
1150,2,1,1,3d.csv
1150,2,2,0,3e.csv
1150,25,20,5,3f.csv
1150,2,1,1,3g.csv
1151,4,4,0,1a.csv
1151,2,2,0,1b.csv
1151,2,1,1,1c.csv
1151,0,0,0,1e.csv
1151,10,8,2,1f.csv
1151,0,0,0,1g.csv
1151,0,0,0,1h.csv
1151,3,1,2,1i.csv
1151,1,1,0,1j.csv
1151,0,0,0,1k.csv
1151,0,0,0,1l.csv
1151,4,3,1,1m.csv
1151,4,4,0,2a.csv
1151,1,1,0,2b.csv
1151,1,1,0,2c.csv
1151,0,0,0,2d.csv
1151,0,0,0,2e.csv
1151,0,0,0,2f.csv
1151,1,1,0,2g.csv
1151,7,4,3,2h.csv
1151,1,1,0,2i.csv
1151,0,0,0,2j.csv
1151,0,0,0,2k.csv
1151,0,0,0,2l.csv
1151,17,15,2,3a.csv
1151,63,48,15,3b.csv
1151,1,0,1,3c.csv
1151,1,0,1,3d.csv
1151,2,2,0,3e.csv
1151,19,15,4,3f.csv
1151,2,1,1,3g.csv
1152,4,4,0,1a.csv
1152,2,2,0,1b.csv
1152,2,1,1,1c.csv
1152,1,0,1,1e.csv
1152,10,9,1,1f.csv
1152,0,0,0,1g.csv
1152,0,0,0,1h.csv
1152,3,1,2,1i.csv
1152,1,1,0,1j.csv
1152,0,0,0,1k.csv
1152,0,0,0,1l.csv
1152,4,3,1,1m.csv
1152,4,4,0,2a.csv
1152,1,1,0,2b.csv
1152,1,1,0,2c.csv
1152,0,0,0,2d.csv
1152,0,0,0,2e.csv
1152,0,0,0,2f.csv
1152,1,1,0,2g.csv
1152,5,3,2,2h.csv
1152,1,1,0,2i.csv
1152,0,0,0,2j.csv
1152,0,0,0,2k.csv
1152,0,0,0,2l.csv
1152,21,19,2,3a.csv
1152,61,47,14,3b.csv
1152,1,0,1,3c.csv
1152,1,0,1,3d.csv
1152,2,2,0,3e.csv
1152,20,16,4,3f.csv
1152,1,1,0,3g.csv
1153,4,4,0,1a.csv
1153,2,2,0,1b.csv
1153,2,1,1,1c.csv
1153,1,0,1,1e.csv
1153,9,8,1,1f.csv
1153,0,0,0,1g.csv
1153,0,0,0,1h.csv
1153,4,2,2,1i.csv
1153,0,0,0,1j.csv
1153,0,0,0,1k.csv
1153,1,1,0,1l.csv
1153,4,3,1,1m.csv
1153,3,3,0,2a.csv
1153,0,0,0,2b.csv
1153,0,0,0,2c.csv
1153,0,0,0,2d.csv
1153,0,0,0,2e.csv
1153,0,0,0,2f.csv
1153,1,1,0,2g.csv
1153,5,3,2,2h.csv
1153,1,1,0,2i.csv
1153,0,0,0,2j.csv
1153,0,0,0,2k.csv
1153,0,0,0,2l.csv
1153,21,19,2,3a.csv
1153,56,44,12,3b.csv
1153,2,1,1,3c.csv
1153,2,1,1,3d.csv
1153,2,2,0,3e.csv
1153,20,16,4,3f.csv
1153,1,1,0,3g.csv
1154,4,4,0,1a.csv
1154,1,1,0,1b.csv
1154,4,2,2,1c.csv
1154,2,1,1,1e.csv
1154,10,9,1,1f.csv
1154,0,0,0,1g.csv
1154,0,0,0,1h.csv
1154,4,2,2,1i.csv
1154,0,0,0,1j.csv
1154,0,0,0,1k.csv
1154,1,1,0,1l.csv
1154,3,2,1,1m.csv
1154,4,4,0,2a.csv
1154,0,0,0,2b.csv
1154,0,0,0,2c.csv
1154,0,0,0,2d.csv
1154,0,0,0,2e.csv
1154,0,0,0,2f.csv
1154,1,1,0,2g.csv
1154,5,3,2,2h.csv
1154,1,1,0,2i.csv
1154,0,0,0,2j.csv
1154,0,0,0,2k.csv
1154,0,0,0,2l.csv
1154,21,18,3,3a.csv
1154,51,39,12,3b.csv
1154,2,1,1,3c.csv
1154,2,1,1,3d.csv
1154,2,2,0,3e.csv
1154,23,18,5,3f.csv
1154,1,1,0,3g.csv
1155,4,4,0,1a.csv
1155,1,1,0,1b.csv
1155,4,2,2,1c.csv
1155,2,1,1,1e.csv
1155,10,9,1,1f.csv
1155,0,0,0,1g.csv
1155,0,0,0,1h.csv
1155,3,1,2,1i.csv
1155,0,0,0,1j.csv
1155,0,0,0,1k.csv
1155,1,1,0,1l.csv
1155,3,2,1,1m.csv
1155,4,4,0,2a.csv
1155,1,1,0,2b.csv
1155,0,0,0,2c.csv
1155,0,0,0,2d.csv
1155,0,0,0,2e.csv
1155,0,0,0,2f.csv
1155,0,0,0,2g.csv
1155,6,4,2,2h.csv
1155,1,1,0,2i.csv
1155,0,0,0,2j.csv
1155,0,0,0,2k.csv
1155,1,0,1,2l.csv
1155,20,17,3,3a.csv
1155,49,40,9,3b.csv
1155,7,5,2,3c.csv
1155,7,5,2,3d.csv
1155,5,4,1,3e.csv
1155,24,19,5,3f.csv
1155,1,1,0,3g.csv
1156,4,4,0,1a.csv
1156,2,2,0,1b.csv
1156,4,2,2,1c.csv
1156,2,1,1,1e.csv
1156,11,10,1,1f.csv
1156,0,0,0,1g.csv
1156,0,0,0,1h.csv
1156,3,1,2,1i.csv
1156,0,0,0,1j.csv
1156,0,0,0,1k.csv
1156,2,2,0,1l.csv
1156,3,2,1,1m.csv
1156,3,3,0,2a.csv
1156,1,1,0,2b.csv
1156,0,0,0,2c.csv
1156,0,0,0,2d.csv
1156,0,0,0,2e.csv
1156,0,0,0,2f.csv
1156,0,0,0,2g.csv
1156,6,4,2,2h.csv
1156,0,0,0,2i.csv
1156,0,0,0,2j.csv
1156,1,1,0,2k.csv
1156,1,0,1,2l.csv
1156,22,19,3,3a.csv
1156,46,40,6,3b.csv
1156,6,5,1,3c.csv
1156,6,5,1,3d.csv
1156,5,4,1,3e.csv
1156,20,14,6,3f.csv
1156,1,1,0,3g.csv
1157,4,4,0,1a.csv
1157,3,3,0,1b.csv
1157,6,5,1,1c.csv
1157,2,1,1,1e.csv
1157,10,10,0,1f.csv
1157,0,0,0,1g.csv
1157,0,0,0,1h.csv
1157,3,1,2,1i.csv
1157,0,0,0,1j.csv
1157,0,0,0,1k.csv
1157,2,2,0,1l.csv
1157,3,2,1,1m.csv
1157,3,3,0,2a.csv
1157,1,1,0,2b.csv
1157,1,1,0,2c.csv
1157,0,0,0,2d.csv
1157,0,0,0,2e.csv
1157,0,0,0,2f.csv
1157,0,0,0,2g.csv
1157,6,5,1,2h.csv
1157,0,0,0,2i.csv
1157,0,0,0,2j.csv
1157,1,1,0,2k.csv
1157,1,0,1,2l.csv
1157,20,17,3,3a.csv
1157,46,40,6,3b.csv
1157,8,7,1,3c.csv
1157,8,7,1,3d.csv
1157,5,4,1,3e.csv
1157,13,7,6,3f.csv
1157,0,0,0,3g.csv
1158,4,4,0,1a.csv
1158,3,3,0,1b.csv
1158,6,5,1,1c.csv
1158,2,1,1,1e.csv
1158,9,9,0,1f.csv
1158,0,0,0,1g.csv
1158,0,0,0,1h.csv
1158,3,1,2,1i.csv
1158,0,0,0,1j.csv
1158,0,0,0,1k.csv
1158,2,2,0,1l.csv
1158,0,0,0,1m.csv
1158,1,1,0,2a.csv
1158,1,1,0,2b.csv
1158,1,1,0,2c.csv
1158,0,0,0,2d.csv
1158,0,0,0,2e.csv
1158,0,0,0,2f.csv
1158,0,0,0,2g.csv
1158,6,5,1,2h.csv
1158,0,0,0,2i.csv
1158,0,0,0,2j.csv
1158,1,1,0,2k.csv
1158,1,0,1,2l.csv
1158,22,19,3,3a.csv
1158,40,36,4,3b.csv
1158,11,10,1,3c.csv
1158,11,10,1,3d.csv
1158,4,3,1,3e.csv
1158,13,9,4,3f.csv
1158,0,0,0,3g.csv
1159,4,4,0,1a.csv
1159,3,2,1,1b.csv
1159,5,4,1,1c.csv
1159,2,1,1,1e.csv
1159,6,6,0,1f.csv
1159,0,0,0,1g.csv
1159,0,0,0,1h.csv
1159,2,1,1,1i.csv
1159,0,0,0,1j.csv
1159,0,0,0,1k.csv
1159,2,2,0,1l.csv
1159,0,0,0,1m.csv
1159,2,2,0,2a.csv
1159,1,1,0,2b.csv
1159,1,1,0,2c.csv
1159,0,0,0,2d.csv
1159,0,0,0,2e.csv
1159,0,0,0,2f.csv
1159,0,0,0,2g.csv
1159,5,5,0,2h.csv
1159,0,0,0,2i.csv
1159,0,0,0,2j.csv
1159,1,1,0,2k.csv
1159,1,0,1,2l.csv
1159,18,17,1,3a.csv
1159,36,32,4,3b.csv
1159,12,11,1,3c.csv
1159,12,11,1,3d.csv
1159,4,3,1,3e.csv
1159,13,9,4,3f.csv
1159,0,0,0,3g.csv
1160,5,5,0,1a.csv
1160,4,3,1,1b.csv
1160,5,4,1,1c.csv
1160,1,1,0,1e.csv
1160,5,5,0,1f.csv
1160,0,0,0,1g.csv
1160,0,0,0,1h.csv
1160,2,1,1,1i.csv
1160,0,0,0,1j.csv
1160,0,0,0,1k.csv
1160,2,2,0,1l.csv
1160,0,0,0,1m.csv
1160,2,2,0,2a.csv
1160,1,1,0,2b.csv
1160,1,1,0,2c.csv
1160,0,0,0,2d.csv
1160,0,0,0,2e.csv
1160,0,0,0,2f.csv
1160,0,0,0,2g.csv
1160,6,6,0,2h.csv
1160,0,0,0,2i.csv
1160,0,0,0,2j.csv
1160,1,1,0,2k.csv
1160,1,0,1,2l.csv
1160,15,14,1,3a.csv
1160,28,27,1,3b.csv
1160,12,11,1,3c.csv
1160,12,11,1,3d.csv
1160,4,3,1,3e.csv
1160,11,8,3,3f.csv
1160,0,0,0,3g.csv
1161,5,5,0,1a.csv
1161,4,3,1,1b.csv
1161,5,4,1,1c.csv
1161,1,1,0,1e.csv
1161,6,6,0,1f.csv
1161,0,0,0,1g.csv
1161,0,0,0,1h.csv
1161,1,0,1,1i.csv
1161,0,0,0,1j.csv
1161,1,1,0,1k.csv
1161,1,1,0,1l.csv
1161,0,0,0,1m.csv
1161,3,3,0,2a.csv
1161,1,1,0,2b.csv
1161,1,1,0,2c.csv
1161,0,0,0,2d.csv
1161,0,0,0,2e.csv
1161,0,0,0,2f.csv
1161,0,0,0,2g.csv
1161,6,5,1,2h.csv
1161,1,1,0,2i.csv
1161,0,0,0,2j.csv
1161,1,1,0,2k.csv
1161,1,0,1,2l.csv
1161,16,15,1,3a.csv
1161,26,24,2,3b.csv
1161,12,11,1,3c.csv
1161,12,11,1,3d.csv
1161,5,3,2,3e.csv
1161,10,7,3,3f.csv
1161,0,0,0,3g.csv
1162,4,4,0,1a.csv
1162,4,3,1,1b.csv
1162,3,3,0,1c.csv
1162,0,0,0,1e.csv
1162,4,4,0,1f.csv
1162,0,0,0,1g.csv
1162,0,0,0,1h.csv
1162,0,0,0,1i.csv
1162,0,0,0,1j.csv
1162,1,1,0,1k.csv
1162,1,1,0,1l.csv
1162,0,0,0,1m.csv
1162,2,2,0,2a.csv
1162,1,1,0,2b.csv
1162,1,1,0,2c.csv
1162,0,0,0,2d.csv
1162,0,0,0,2e.csv
1162,0,0,0,2f.csv
1162,0,0,0,2g.csv
1162,6,4,2,2h.csv
1162,1,1,0,2i.csv
1162,0,0,0,2j.csv
1162,1,1,0,2k.csv
1162,1,0,1,2l.csv
1162,15,14,1,3a.csv
1162,25,24,1,3b.csv
1162,14,12,2,3c.csv
1162,14,12,2,3d.csv
1162,5,3,2,3e.csv
1162,7,5,2,3f.csv
1162,1,1,0,3g.csv
1163,4,4,0,1a.csv
1163,4,3,1,1b.csv
1163,3,3,0,1c.csv
1163,0,0,0,1e.csv
1163,3,3,0,1f.csv
1163,0,0,0,1g.csv
1163,0,0,0,1h.csv
1163,1,1,0,1i.csv
1163,0,0,0,1j.csv
1163,2,2,0,1k.csv
1163,1,1,0,1l.csv
1163,0,0,0,1m.csv
1163,2,2,0,2a.csv
1163,0,0,0,2b.csv
1163,1,1,0,2c.csv
1163,0,0,0,2d.csv
1163,0,0,0,2e.csv
1163,0,0,0,2f.csv
1163,0,0,0,2g.csv
1163,5,3,2,2h.csv
1163,1,1,0,2i.csv
1163,0,0,0,2j.csv
1163,1,1,0,2k.csv
1163,0,0,0,2l.csv
1163,12,11,1,3a.csv
1163,23,22,1,3b.csv
1163,9,8,1,3c.csv
1163,9,8,1,3d.csv
1163,2,1,1,3e.csv
1163,5,3,2,3f.csv
1163,2,2,0,3g.csv
1164,3,3,0,1a.csv
1164,4,3,1,1b.csv
1164,3,3,0,1c.csv
1164,0,0,0,1e.csv
1164,3,2,1,1f.csv
1164,0,0,0,1g.csv
1164,0,0,0,1h.csv
1164,2,1,1,1i.csv
1164,0,0,0,1j.csv
1164,2,2,0,1k.csv
1164,0,0,0,1l.csv
1164,0,0,0,1m.csv
1164,2,2,0,2a.csv
1164,0,0,0,2b.csv
1164,1,1,0,2c.csv
1164,0,0,0,2d.csv
1164,0,0,0,2e.csv
1164,0,0,0,2f.csv
1164,0,0,0,2g.csv
1164,5,2,3,2h.csv
1164,1,1,0,2i.csv
1164,0,0,0,2j.csv
1164,0,0,0,2k.csv
1164,0,0,0,2l.csv
1164,11,10,1,3a.csv
1164,22,21,1,3b.csv
1164,10,9,1,3c.csv
1164,10,9,1,3d.csv
1164,3,2,1,3e.csv
1164,5,4,1,3f.csv
1164,2,2,0,3g.csv
1165,3,3,0,1a.csv
1165,4,3,1,1b.csv
1165,0,0,0,1c.csv
1165,0,0,0,1e.csv
1165,3,2,1,1f.csv
1165,0,0,0,1g.csv
1165,1,0,1,1h.csv
1165,2,1,1,1i.csv
1165,0,0,0,1j.csv
1165,2,2,0,1k.csv
1165,0,0,0,1l.csv
1165,0,0,0,1m.csv
1165,2,2,0,2a.csv
1165,0,0,0,2b.csv
1165,2,2,0,2c.csv
1165,0,0,0,2d.csv
1165,0,0,0,2e.csv
1165,0,0,0,2f.csv
1165,0,0,0,2g.csv
1165,4,1,3,2h.csv
1165,1,1,0,2i.csv
1165,0,0,0,2j.csv
1165,0,0,0,2k.csv
1165,0,0,0,2l.csv
1165,11,10,1,3a.csv
1165,14,13,1,3b.csv
1165,9,8,1,3c.csv
1165,9,8,1,3d.csv
1165,3,2,1,3e.csv
1165,5,4,1,3f.csv
1165,2,2,0,3g.csv
1166,4,4,0,1a.csv
1166,6,5,1,1b.csv
1166,1,1,0,1c.csv
1166,0,0,0,1e.csv
1166,4,3,1,1f.csv
1166,0,0,0,1g.csv
1166,1,0,1,1h.csv
1166,3,1,2,1i.csv
1166,0,0,0,1j.csv
1166,2,2,0,1k.csv
1166,0,0,0,1l.csv
1166,0,0,0,1m.csv
1166,2,2,0,2a.csv
1166,0,0,0,2b.csv
1166,3,3,0,2c.csv
1166,0,0,0,2d.csv
1166,0,0,0,2e.csv
1166,0,0,0,2f.csv
1166,0,0,0,2g.csv
1166,4,1,3,2h.csv
1166,1,1,0,2i.csv
1166,0,0,0,2j.csv
1166,0,0,0,2k.csv
1166,0,0,0,2l.csv
1166,10,9,1,3a.csv
1166,14,13,1,3b.csv
1166,7,6,1,3c.csv
1166,7,6,1,3d.csv
1166,4,3,1,3e.csv
1166,3,2,1,3f.csv
1166,2,2,0,3g.csv
1167,6,6,0,1a.csv
1167,5,5,0,1b.csv
1167,1,1,0,1c.csv
1167,0,0,0,1e.csv
1167,4,3,1,1f.csv
1167,0,0,0,1g.csv
1167,1,0,1,1h.csv
1167,3,1,2,1i.csv
1167,1,1,0,1j.csv
1167,3,2,1,1k.csv
1167,0,0,0,1l.csv
1167,2,2,0,1m.csv
1167,1,1,0,2a.csv
1167,1,1,0,2b.csv
1167,3,3,0,2c.csv
1167,0,0,0,2d.csv
1167,0,0,0,2e.csv
1167,0,0,0,2f.csv
1167,0,0,0,2g.csv
1167,4,1,3,2h.csv
1167,1,1,0,2i.csv
1167,0,0,0,2j.csv
1167,0,0,0,2k.csv
1167,1,1,0,2l.csv
1167,11,10,1,3a.csv
1167,15,13,2,3b.csv
1167,7,6,1,3c.csv
1167,7,6,1,3d.csv
1167,4,3,1,3e.csv
1167,3,2,1,3f.csv
1167,2,2,0,3g.csv
1168,6,6,0,1a.csv
1168,4,4,0,1b.csv
1168,2,2,0,1c.csv
1168,0,0,0,1e.csv
1168,4,3,1,1f.csv
1168,0,0,0,1g.csv
1168,3,1,2,1h.csv
1168,3,1,2,1i.csv
1168,1,1,0,1j.csv
1168,4,3,1,1k.csv
1168,0,0,0,1l.csv
1168,2,2,0,1m.csv
1168,1,1,0,2a.csv
1168,1,1,0,2b.csv
1168,3,3,0,2c.csv
1168,0,0,0,2d.csv
1168,0,0,0,2e.csv
1168,0,0,0,2f.csv
1168,0,0,0,2g.csv
1168,3,0,3,2h.csv
1168,1,1,0,2i.csv
1168,0,0,0,2j.csv
1168,0,0,0,2k.csv
1168,1,1,0,2l.csv
1168,10,9,1,3a.csv
1168,12,10,2,3b.csv
1168,7,6,1,3c.csv
1168,7,6,1,3d.csv
1168,4,3,1,3e.csv
1168,3,2,1,3f.csv
1168,2,2,0,3g.csv
1169,6,6,0,1a.csv
1169,4,4,0,1b.csv
1169,2,2,0,1c.csv
1169,0,0,0,1e.csv
1169,3,2,1,1f.csv
1169,0,0,0,1g.csv
1169,3,1,2,1h.csv
1169,3,1,2,1i.csv
1169,1,1,0,1j.csv
1169,3,2,1,1k.csv
1169,1,1,0,1l.csv
1169,2,2,0,1m.csv
1169,1,1,0,2a.csv
1169,1,1,0,2b.csv
1169,3,3,0,2c.csv
1169,0,0,0,2d.csv
1169,0,0,0,2e.csv
1169,0,0,0,2f.csv
1169,0,0,0,2g.csv
1169,2,0,2,2h.csv
1169,0,0,0,2i.csv
1169,0,0,0,2j.csv
1169,0,0,0,2k.csv
1169,1,1,0,2l.csv
1169,9,8,1,3a.csv
1169,11,10,1,3b.csv
1169,7,6,1,3c.csv
1169,7,6,1,3d.csv
1169,4,3,1,3e.csv
1169,4,2,2,3f.csv
1169,2,2,0,3g.csv
1170,7,7,0,1a.csv
1170,4,4,0,1b.csv
1170,4,4,0,1c.csv
1170,0,0,0,1e.csv
1170,3,2,1,1f.csv
1170,0,0,0,1g.csv
1170,3,1,2,1h.csv
1170,3,1,2,1i.csv
1170,1,1,0,1j.csv
1170,3,2,1,1k.csv
1170,1,1,0,1l.csv
1170,2,2,0,1m.csv
1170,2,2,0,2a.csv
1170,1,1,0,2b.csv
1170,3,3,0,2c.csv
1170,0,0,0,2d.csv
1170,0,0,0,2e.csv
1170,0,0,0,2f.csv
1170,0,0,0,2g.csv
1170,1,0,1,2h.csv
1170,0,0,0,2i.csv
1170,0,0,0,2j.csv
1170,0,0,0,2k.csv
1170,1,1,0,2l.csv
1170,9,9,0,3a.csv
1170,10,9,1,3b.csv
1170,5,5,0,3c.csv
1170,5,5,0,3d.csv
1170,3,2,1,3e.csv
1170,5,2,3,3f.csv
1170,2,2,0,3g.csv
1171,6,6,0,1a.csv
1171,5,5,0,1b.csv
1171,4,4,0,1c.csv
1171,0,0,0,1e.csv
1171,3,2,1,1f.csv
1171,0,0,0,1g.csv
1171,3,1,2,1h.csv
1171,2,0,2,1i.csv
1171,1,1,0,1j.csv
1171,2,1,1,1k.csv
1171,1,1,0,1l.csv
1171,2,2,0,1m.csv
1171,3,3,0,2a.csv
1171,1,1,0,2b.csv
1171,3,3,0,2c.csv
1171,0,0,0,2d.csv
1171,0,0,0,2e.csv
1171,0,0,0,2f.csv
1171,0,0,0,2g.csv
1171,2,1,1,2h.csv
1171,0,0,0,2i.csv
1171,0,0,0,2j.csv
1171,0,0,0,2k.csv
1171,3,3,0,2l.csv
1171,10,10,0,3a.csv
1171,10,8,2,3b.csv
1171,6,6,0,3c.csv
1171,6,6,0,3d.csv
1171,3,2,1,3e.csv
1171,6,3,3,3f.csv
1171,1,1,0,3g.csv
1172,6,6,0,1a.csv
1172,4,4,0,1b.csv
1172,5,5,0,1c.csv
1172,0,0,0,1e.csv
1172,4,4,0,1f.csv
1172,0,0,0,1g.csv
1172,3,1,2,1h.csv
1172,1,0,1,1i.csv
1172,1,1,0,1j.csv
1172,3,2,1,1k.csv
1172,1,1,0,1l.csv
1172,2,2,0,1m.csv
1172,3,3,0,2a.csv
1172,1,1,0,2b.csv
1172,3,3,0,2c.csv
1172,0,0,0,2d.csv
1172,0,0,0,2e.csv
1172,0,0,0,2f.csv
1172,0,0,0,2g.csv
1172,1,1,0,2h.csv
1172,0,0,0,2i.csv
1172,0,0,0,2j.csv
1172,0,0,0,2k.csv
1172,3,3,0,2l.csv
1172,9,9,0,3a.csv
1172,10,8,2,3b.csv
1172,7,7,0,3c.csv
1172,7,7,0,3d.csv
1172,2,1,1,3e.csv
1172,7,4,3,3f.csv
1172,1,1,0,3g.csv
1173,7,7,0,1a.csv
1173,3,3,0,1b.csv
1173,5,5,0,1c.csv
1173,0,0,0,1e.csv
1173,4,4,0,1f.csv
1173,0,0,0,1g.csv
1173,3,2,1,1h.csv
1173,1,0,1,1i.csv
1173,1,1,0,1j.csv
1173,3,2,1,1k.csv
1173,2,2,0,1l.csv
1173,2,2,0,1m.csv
1173,3,3,0,2a.csv
1173,1,1,0,2b.csv
1173,1,1,0,2c.csv
1173,0,0,0,2d.csv
1173,0,0,0,2e.csv
1173,0,0,0,2f.csv
1173,0,0,0,2g.csv
1173,1,1,0,2h.csv
1173,0,0,0,2i.csv
1173,0,0,0,2j.csv
1173,0,0,0,2k.csv
1173,3,3,0,2l.csv
1173,10,9,1,3a.csv
1173,11,9,2,3b.csv
1173,6,6,0,3c.csv
1173,6,6,0,3d.csv
1173,3,2,1,3e.csv
1173,7,5,2,3f.csv
1173,2,2,0,3g.csv
1174,6,6,0,1a.csv
1174,1,1,0,1b.csv
1174,4,4,0,1c.csv
1174,2,2,0,1e.csv
1174,3,3,0,1f.csv
1174,0,0,0,1g.csv
1174,3,2,1,1h.csv
1174,0,0,0,1i.csv
1174,1,1,0,1j.csv
1174,3,2,1,1k.csv
1174,3,3,0,1l.csv
1174,2,2,0,1m.csv
1174,3,3,0,2a.csv
1174,1,1,0,2b.csv
1174,0,0,0,2c.csv
1174,0,0,0,2d.csv
1174,0,0,0,2e.csv
1174,0,0,0,2f.csv
1174,0,0,0,2g.csv
1174,2,1,1,2h.csv
1174,0,0,0,2i.csv
1174,0,0,0,2j.csv
1174,0,0,0,2k.csv
1174,3,3,0,2l.csv
1174,9,8,1,3a.csv
1174,8,6,2,3b.csv
1174,5,5,0,3c.csv
1174,5,5,0,3d.csv
1174,2,1,1,3e.csv
1174,8,6,2,3f.csv
1174,3,3,0,3g.csv
1175,5,5,0,1a.csv
1175,2,2,0,1b.csv
1175,4,4,0,1c.csv
1175,2,2,0,1e.csv
1175,3,3,0,1f.csv
1175,0,0,0,1g.csv
1175,3,2,1,1h.csv
1175,0,0,0,1i.csv
1175,0,0,0,1j.csv
1175,2,2,0,1k.csv
1175,4,3,1,1l.csv
1175,0,0,0,1m.csv
1175,3,3,0,2a.csv
1175,0,0,0,2b.csv
1175,0,0,0,2c.csv
1175,1,1,0,2d.csv
1175,0,0,0,2e.csv
1175,0,0,0,2f.csv
1175,0,0,0,2g.csv
1175,2,1,1,2h.csv
1175,0,0,0,2i.csv
1175,0,0,0,2j.csv
1175,0,0,0,2k.csv
1175,2,2,0,2l.csv
1175,10,9,1,3a.csv
1175,7,6,1,3b.csv
1175,4,4,0,3c.csv
1175,4,4,0,3d.csv
1175,2,1,1,3e.csv
1175,9,6,3,3f.csv
1175,3,3,0,3g.csv
1176,4,4,0,1a.csv
1176,3,2,1,1b.csv
1176,5,3,2,1c.csv
1176,2,2,0,1e.csv
1176,3,3,0,1f.csv
1176,0,0,0,1g.csv
1176,1,1,0,1h.csv
1176,0,0,0,1i.csv
1176,0,0,0,1j.csv
1176,1,1,0,1k.csv
1176,4,3,1,1l.csv
1176,0,0,0,1m.csv
1176,3,3,0,2a.csv
1176,0,0,0,2b.csv
1176,0,0,0,2c.csv
1176,1,1,0,2d.csv
1176,0,0,0,2e.csv
1176,0,0,0,2f.csv
1176,0,0,0,2g.csv
1176,2,1,1,2h.csv
1176,0,0,0,2i.csv
1176,0,0,0,2j.csv
1176,0,0,0,2k.csv
1176,2,2,0,2l.csv
1176,10,9,1,3a.csv
1176,6,5,1,3b.csv
1176,4,4,0,3c.csv
1176,4,4,0,3d.csv
1176,4,3,1,3e.csv
1176,9,6,3,3f.csv
1176,3,3,0,3g.csv
1177,4,4,0,1a.csv
1177,3,2,1,1b.csv
1177,5,3,2,1c.csv
1177,2,2,0,1e.csv
1177,3,3,0,1f.csv
1177,0,0,0,1g.csv
1177,2,2,0,1h.csv
1177,0,0,0,1i.csv
1177,0,0,0,1j.csv
1177,1,1,0,1k.csv
1177,3,2,1,1l.csv
1177,0,0,0,1m.csv
1177,3,3,0,2a.csv
1177,0,0,0,2b.csv
1177,1,1,0,2c.csv
1177,1,1,0,2d.csv
1177,0,0,0,2e.csv
1177,0,0,0,2f.csv
1177,0,0,0,2g.csv
1177,2,1,1,2h.csv
1177,0,0,0,2i.csv
1177,0,0,0,2j.csv
1177,0,0,0,2k.csv
1177,2,2,0,2l.csv
1177,12,10,2,3a.csv
1177,6,5,1,3b.csv
1177,3,3,0,3c.csv
1177,3,3,0,3d.csv
1177,3,3,0,3e.csv
1177,9,7,2,3f.csv
1177,3,3,0,3g.csv
1178,5,5,0,1a.csv
1178,3,2,1,1b.csv
1178,3,1,2,1c.csv
1178,2,2,0,1e.csv
1178,4,4,0,1f.csv
1178,0,0,0,1g.csv
1178,2,2,0,1h.csv
1178,0,0,0,1i.csv
1178,0,0,0,1j.csv
1178,2,2,0,1k.csv
1178,3,2,1,1l.csv
1178,0,0,0,1m.csv
1178,2,2,0,2a.csv
1178,0,0,0,2b.csv
1178,1,1,0,2c.csv
1178,1,1,0,2d.csv
1178,0,0,0,2e.csv
1178,0,0,0,2f.csv
1178,0,0,0,2g.csv
1178,3,1,2,2h.csv
1178,0,0,0,2i.csv
1178,0,0,0,2j.csv
1178,0,0,0,2k.csv
1178,2,2,0,2l.csv
1178,14,12,2,3a.csv
1178,7,5,2,3b.csv
1178,4,4,0,3c.csv
1178,4,4,0,3d.csv
1178,3,3,0,3e.csv
1178,9,7,2,3f.csv
1178,2,2,0,3g.csv
1179,8,8,0,1a.csv
1179,2,1,1,1b.csv
1179,3,1,2,1c.csv
1179,2,2,0,1e.csv
1179,4,4,0,1f.csv
1179,0,0,0,1g.csv
1179,3,3,0,1h.csv
1179,0,0,0,1i.csv
1179,0,0,0,1j.csv
1179,2,2,0,1k.csv
1179,4,3,1,1l.csv
1179,1,1,0,1m.csv
1179,3,3,0,2a.csv
1179,0,0,0,2b.csv
1179,2,1,1,2c.csv
1179,1,1,0,2d.csv
1179,0,0,0,2e.csv
1179,0,0,0,2f.csv
1179,0,0,0,2g.csv
1179,2,0,2,2h.csv
1179,0,0,0,2i.csv
1179,0,0,0,2j.csv
1179,0,0,0,2k.csv
1179,0,0,0,2l.csv
1179,13,11,2,3a.csv
1179,6,4,2,3b.csv
1179,3,3,0,3c.csv
1179,3,3,0,3d.csv
1179,3,3,0,3e.csv
1179,12,7,5,3f.csv
1179,2,2,0,3g.csv
1180,9,9,0,1a.csv
1180,4,3,1,1b.csv
1180,2,0,2,1c.csv
1180,2,2,0,1e.csv
1180,2,2,0,1f.csv
1180,0,0,0,1g.csv
1180,3,3,0,1h.csv
1180,0,0,0,1i.csv
1180,0,0,0,1j.csv
1180,3,3,0,1k.csv
1180,4,3,1,1l.csv
1180,1,1,0,1m.csv
1180,3,3,0,2a.csv
1180,0,0,0,2b.csv
1180,2,1,1,2c.csv
1180,2,2,0,2d.csv
1180,0,0,0,2e.csv
1180,0,0,0,2f.csv
1180,0,0,0,2g.csv
1180,2,0,2,2h.csv
1180,0,0,0,2i.csv
1180,0,0,0,2j.csv
1180,0,0,0,2k.csv
1180,0,0,0,2l.csv
1180,14,12,2,3a.csv
1180,6,4,2,3b.csv
1180,1,1,0,3c.csv
1180,1,1,0,3d.csv
1180,3,3,0,3e.csv
1180,10,5,5,3f.csv
1180,3,3,0,3g.csv
1181,7,7,0,1a.csv
1181,4,3,1,1b.csv
1181,2,0,2,1c.csv
1181,2,2,0,1e.csv
1181,2,2,0,1f.csv
1181,0,0,0,1g.csv
1181,2,2,0,1h.csv
1181,0,0,0,1i.csv
1181,0,0,0,1j.csv
1181,3,3,0,1k.csv
1181,3,2,1,1l.csv
1181,1,1,0,1m.csv
1181,3,3,0,2a.csv
1181,0,0,0,2b.csv
1181,2,1,1,2c.csv
1181,2,2,0,2d.csv
1181,0,0,0,2e.csv
1181,0,0,0,2f.csv
1181,0,0,0,2g.csv
1181,2,0,2,2h.csv
1181,0,0,0,2i.csv
1181,0,0,0,2j.csv
1181,0,0,0,2k.csv
1181,0,0,0,2l.csv
1181,13,12,1,3a.csv
1181,4,2,2,3b.csv
1181,1,1,0,3c.csv
1181,1,1,0,3d.csv
1181,3,3,0,3e.csv
1181,12,6,6,3f.csv
1181,2,2,0,3g.csv
1182,7,7,0,1a.csv
1182,4,3,1,1b.csv
1182,2,0,2,1c.csv
1182,0,0,0,1e.csv
1182,3,3,0,1f.csv
1182,0,0,0,1g.csv
1182,2,2,0,1h.csv
1182,0,0,0,1i.csv
1182,0,0,0,1j.csv
1182,3,3,0,1k.csv
1182,3,2,1,1l.csv
1182,1,1,0,1m.csv
1182,4,4,0,2a.csv
1182,0,0,0,2b.csv
1182,2,1,1,2c.csv
1182,2,2,0,2d.csv
1182,0,0,0,2e.csv
1182,0,0,0,2f.csv
1182,0,0,0,2g.csv
1182,1,0,1,2h.csv
1182,0,0,0,2i.csv
1182,1,1,0,2j.csv
1182,0,0,0,2k.csv
1182,0,0,0,2l.csv
1182,14,13,1,3a.csv
1182,5,3,2,3b.csv
1182,1,1,0,3c.csv
1182,1,1,0,3d.csv
1182,3,3,0,3e.csv
1182,12,5,7,3f.csv
1182,1,1,0,3g.csv
1183,6,6,0,1a.csv
1183,3,2,1,1b.csv
1183,2,0,2,1c.csv
1183,0,0,0,1e.csv
1183,3,3,0,1f.csv
1183,1,1,0,1g.csv
1183,2,2,0,1h.csv
1183,0,0,0,1i.csv
1183,0,0,0,1j.csv
1183,4,4,0,1k.csv
1183,2,2,0,1l.csv
1183,1,1,0,1m.csv
1183,4,4,0,2a.csv
1183,0,0,0,2b.csv
1183,3,1,2,2c.csv
1183,1,1,0,2d.csv
1183,0,0,0,2e.csv
1183,0,0,0,2f.csv
1183,0,0,0,2g.csv
1183,2,1,1,2h.csv
1183,0,0,0,2i.csv
1183,1,1,0,2j.csv
1183,0,0,0,2k.csv
1183,0,0,0,2l.csv
1183,13,12,1,3a.csv
1183,7,4,3,3b.csv
1183,1,1,0,3c.csv
1183,1,1,0,3d.csv
1183,3,3,0,3e.csv
1183,11,5,6,3f.csv
1183,1,1,0,3g.csv
1184,8,8,0,1a.csv
1184,2,2,0,1b.csv
1184,0,0,0,1c.csv
1184,0,0,0,1e.csv
1184,4,4,0,1f.csv
1184,1,1,0,1g.csv
1184,2,2,0,1h.csv
1184,0,0,0,1i.csv
1184,0,0,0,1j.csv
1184,4,4,0,1k.csv
1184,2,2,0,1l.csv
1184,1,1,0,1m.csv
1184,4,4,0,2a.csv
1184,0,0,0,2b.csv
1184,3,1,2,2c.csv
1184,1,1,0,2d.csv
1184,0,0,0,2e.csv
1184,0,0,0,2f.csv
1184,0,0,0,2g.csv
1184,2,1,1,2h.csv
1184,0,0,0,2i.csv
1184,1,1,0,2j.csv
1184,0,0,0,2k.csv
1184,0,0,0,2l.csv
1184,13,12,1,3a.csv
1184,8,4,4,3b.csv
1184,1,1,0,3c.csv
1184,1,1,0,3d.csv
1184,1,1,0,3e.csv
1184,13,6,7,3f.csv
1184,1,1,0,3g.csv
1185,9,8,1,1a.csv
1185,2,2,0,1b.csv
1185,0,0,0,1c.csv
1185,1,1,0,1e.csv
1185,3,3,0,1f.csv
1185,1,1,0,1g.csv
1185,1,1,0,1h.csv
1185,0,0,0,1i.csv
1185,0,0,0,1j.csv
1185,5,5,0,1k.csv
1185,3,3,0,1l.csv
1185,1,1,0,1m.csv
1185,3,3,0,2a.csv
1185,0,0,0,2b.csv
1185,3,1,2,2c.csv
1185,1,1,0,2d.csv
1185,0,0,0,2e.csv
1185,0,0,0,2f.csv
1185,0,0,0,2g.csv
1185,3,2,1,2h.csv
1185,0,0,0,2i.csv
1185,2,2,0,2j.csv
1185,0,0,0,2k.csv
1185,0,0,0,2l.csv
1185,10,10,0,3a.csv
1185,7,3,4,3b.csv
1185,1,1,0,3c.csv
1185,1,1,0,3d.csv
1185,2,2,0,3e.csv
1185,13,6,7,3f.csv
1185,1,1,0,3g.csv
1186,7,6,1,1a.csv
1186,2,2,0,1b.csv
1186,0,0,0,1c.csv
1186,2,1,1,1e.csv
1186,3,2,1,1f.csv
1186,1,1,0,1g.csv
1186,1,1,0,1h.csv
1186,0,0,0,1i.csv
1186,0,0,0,1j.csv
1186,4,4,0,1k.csv
1186,3,3,0,1l.csv
1186,1,1,0,1m.csv
1186,4,4,0,2a.csv
1186,0,0,0,2b.csv
1186,3,1,2,2c.csv
1186,1,1,0,2d.csv
1186,0,0,0,2e.csv
1186,0,0,0,2f.csv
1186,0,0,0,2g.csv
1186,2,2,0,2h.csv
1186,0,0,0,2i.csv
1186,2,2,0,2j.csv
1186,0,0,0,2k.csv
1186,0,0,0,2l.csv
1186,8,8,0,3a.csv
1186,6,2,4,3b.csv
1186,0,0,0,3c.csv
1186,0,0,0,3d.csv
1186,2,2,0,3e.csv
1186,14,8,6,3f.csv
1186,1,1,0,3g.csv
1187,4,3,1,1a.csv
1187,2,2,0,1b.csv
1187,0,0,0,1c.csv
1187,2,1,1,1e.csv
1187,3,2,1,1f.csv
1187,1,1,0,1g.csv
1187,0,0,0,1h.csv
1187,0,0,0,1i.csv
1187,0,0,0,1j.csv
1187,4,4,0,1k.csv
1187,2,2,0,1l.csv
1187,0,0,0,1m.csv
1187,3,3,0,2a.csv
1187,0,0,0,2b.csv
1187,2,1,1,2c.csv
1187,1,1,0,2d.csv
1187,0,0,0,2e.csv
1187,0,0,0,2f.csv
1187,0,0,0,2g.csv
1187,2,2,0,2h.csv
1187,0,0,0,2i.csv
1187,2,2,0,2j.csv
1187,0,0,0,2k.csv
1187,0,0,0,2l.csv
1187,8,8,0,3a.csv
1187,6,3,3,3b.csv
1187,0,0,0,3c.csv
1187,0,0,0,3d.csv
1187,2,2,0,3e.csv
1187,12,7,5,3f.csv
1187,1,1,0,3g.csv
1188,5,4,1,1a.csv
1188,0,0,0,1b.csv
1188,0,0,0,1c.csv
1188,4,3,1,1e.csv
1188,3,2,1,1f.csv
1188,1,1,0,1g.csv
1188,0,0,0,1h.csv
1188,0,0,0,1i.csv
1188,0,0,0,1j.csv
1188,2,2,0,1k.csv
1188,2,2,0,1l.csv
1188,1,1,0,1m.csv
1188,3,3,0,2a.csv
1188,0,0,0,2b.csv
1188,2,1,1,2c.csv
1188,0,0,0,2d.csv
1188,0,0,0,2e.csv
1188,0,0,0,2f.csv
1188,0,0,0,2g.csv
1188,2,2,0,2h.csv
1188,0,0,0,2i.csv
1188,2,2,0,2j.csv
1188,0,0,0,2k.csv
1188,0,0,0,2l.csv
1188,8,7,1,3a.csv
1188,7,4,3,3b.csv
1188,1,1,0,3c.csv
1188,1,1,0,3d.csv
1188,2,2,0,3e.csv
1188,13,7,6,3f.csv
1188,0,0,0,3g.csv
1189,5,4,1,1a.csv
1189,0,0,0,1b.csv
1189,1,1,0,1c.csv
1189,5,4,1,1e.csv
1189,3,2,1,1f.csv
1189,1,1,0,1g.csv
1189,1,1,0,1h.csv
1189,0,0,0,1i.csv
1189,0,0,0,1j.csv
1189,2,2,0,1k.csv
1189,2,2,0,1l.csv
1189,2,2,0,1m.csv
1189,3,3,0,2a.csv
1189,0,0,0,2b.csv
1189,2,1,1,2c.csv
1189,0,0,0,2d.csv
1189,0,0,0,2e.csv
1189,0,0,0,2f.csv
1189,0,0,0,2g.csv
1189,2,2,0,2h.csv
1189,0,0,0,2i.csv
1189,2,2,0,2j.csv
1189,0,0,0,2k.csv
1189,0,0,0,2l.csv
1189,7,6,1,3a.csv
1189,10,7,3,3b.csv
1189,1,1,0,3c.csv
1189,1,1,0,3d.csv
1189,1,1,0,3e.csv
1189,10,5,5,3f.csv
1189,1,1,0,3g.csv
1190,8,7,1,1a.csv
1190,0,0,0,1b.csv
1190,2,2,0,1c.csv
1190,5,4,1,1e.csv
1190,2,1,1,1f.csv
1190,1,1,0,1g.csv
1190,1,1,0,1h.csv
1190,0,0,0,1i.csv
1190,0,0,0,1j.csv
1190,3,3,0,1k.csv
1190,1,1,0,1l.csv
1190,3,2,1,1m.csv
1190,2,2,0,2a.csv
1190,0,0,0,2b.csv
1190,2,1,1,2c.csv
1190,0,0,0,2d.csv
1190,0,0,0,2e.csv
1190,0,0,0,2f.csv
1190,0,0,0,2g.csv
1190,2,2,0,2h.csv
1190,0,0,0,2i.csv
1190,1,1,0,2j.csv
1190,0,0,0,2k.csv
1190,0,0,0,2l.csv
1190,7,6,1,3a.csv
1190,11,8,3,3b.csv
1190,2,2,0,3c.csv
1190,2,2,0,3d.csv
1190,1,1,0,3e.csv
1190,11,7,4,3f.csv
1190,2,2,0,3g.csv
1191,9,8,1,1a.csv
1191,0,0,0,1b.csv
1191,4,2,2,1c.csv
1191,5,4,1,1e.csv
1191,3,1,2,1f.csv
1191,0,0,0,1g.csv
1191,1,1,0,1h.csv
1191,0,0,0,1i.csv
1191,0,0,0,1j.csv
1191,2,2,0,1k.csv
1191,1,1,0,1l.csv
1191,3,2,1,1m.csv
1191,3,3,0,2a.csv
1191,0,0,0,2b.csv
1191,1,1,0,2c.csv
1191,0,0,0,2d.csv
1191,0,0,0,2e.csv
1191,0,0,0,2f.csv
1191,0,0,0,2g.csv
1191,1,1,0,2h.csv
1191,0,0,0,2i.csv
1191,1,1,0,2j.csv
1191,0,0,0,2k.csv
1191,0,0,0,2l.csv
1191,6,5,1,3a.csv
1191,10,8,2,3b.csv
1191,4,3,1,3c.csv
1191,4,3,1,3d.csv
1191,1,1,0,3e.csv
1191,13,7,6,3f.csv
1191,2,2,0,3g.csv
1192,9,8,1,1a.csv
1192,0,0,0,1b.csv
1192,5,2,3,1c.csv
1192,5,4,1,1e.csv
1192,3,0,3,1f.csv
1192,0,0,0,1g.csv
1192,1,1,0,1h.csv
1192,0,0,0,1i.csv
1192,0,0,0,1j.csv
1192,2,2,0,1k.csv
1192,1,1,0,1l.csv
1192,4,3,1,1m.csv
1192,3,3,0,2a.csv
1192,0,0,0,2b.csv
1192,1,1,0,2c.csv
1192,0,0,0,2d.csv
1192,0,0,0,2e.csv
1192,0,0,0,2f.csv
1192,0,0,0,2g.csv
1192,1,1,0,2h.csv
1192,0,0,0,2i.csv
1192,1,1,0,2j.csv
1192,0,0,0,2k.csv
1192,0,0,0,2l.csv
1192,6,4,2,3a.csv
1192,9,8,1,3b.csv
1192,5,4,1,3c.csv
1192,5,4,1,3d.csv
1192,1,1,0,3e.csv
1192,10,5,5,3f.csv
1192,2,2,0,3g.csv
1193,8,8,0,1a.csv
1193,0,0,0,1b.csv
1193,6,2,4,1c.csv
1193,4,3,1,1e.csv
1193,3,0,3,1f.csv
1193,0,0,0,1g.csv
1193,1,1,0,1h.csv
1193,0,0,0,1i.csv
1193,1,1,0,1j.csv
1193,1,1,0,1k.csv
1193,0,0,0,1l.csv
1193,4,3,1,1m.csv
1193,3,3,0,2a.csv
1193,0,0,0,2b.csv
1193,0,0,0,2c.csv
1193,0,0,0,2d.csv
1193,0,0,0,2e.csv
1193,0,0,0,2f.csv
1193,0,0,0,2g.csv
1193,0,0,0,2h.csv
1193,0,0,0,2i.csv
1193,0,0,0,2j.csv
1193,0,0,0,2k.csv
1193,0,0,0,2l.csv
1193,6,4,2,3a.csv
1193,10,9,1,3b.csv
1193,5,4,1,3c.csv
1193,5,4,1,3d.csv
1193,0,0,0,3e.csv
1193,10,5,5,3f.csv
1193,2,2,0,3g.csv
1194,9,9,0,1a.csv
1194,1,1,0,1b.csv
1194,6,2,4,1c.csv
1194,3,3,0,1e.csv
1194,2,0,2,1f.csv
1194,0,0,0,1g.csv
1194,1,1,0,1h.csv
1194,0,0,0,1i.csv
1194,1,1,0,1j.csv
1194,1,1,0,1k.csv
1194,0,0,0,1l.csv
1194,4,3,1,1m.csv
1194,2,2,0,2a.csv
1194,0,0,0,2b.csv
1194,0,0,0,2c.csv
1194,0,0,0,2d.csv
1194,0,0,0,2e.csv
1194,0,0,0,2f.csv
1194,0,0,0,2g.csv
1194,0,0,0,2h.csv
1194,0,0,0,2i.csv
1194,0,0,0,2j.csv
1194,0,0,0,2k.csv
1194,0,0,0,2l.csv
1194,6,3,3,3a.csv
1194,10,10,0,3b.csv
1194,5,4,1,3c.csv
1194,5,4,1,3d.csv
1194,0,0,0,3e.csv
1194,8,3,5,3f.csv
1194,2,2,0,3g.csv
1195,9,9,0,1a.csv
1195,1,1,0,1b.csv
1195,9,5,4,1c.csv
1195,3,3,0,1e.csv
1195,2,0,2,1f.csv
1195,0,0,0,1g.csv
1195,1,1,0,1h.csv
1195,0,0,0,1i.csv
1195,2,2,0,1j.csv
1195,1,1,0,1k.csv
1195,0,0,0,1l.csv
1195,5,4,1,1m.csv
1195,1,1,0,2a.csv
1195,0,0,0,2b.csv
1195,0,0,0,2c.csv
1195,0,0,0,2d.csv
1195,0,0,0,2e.csv
1195,0,0,0,2f.csv
1195,0,0,0,2g.csv
1195,1,0,1,2h.csv
1195,0,0,0,2i.csv
1195,0,0,0,2j.csv
1195,0,0,0,2k.csv
1195,0,0,0,2l.csv
1195,7,4,3,3a.csv
1195,12,11,1,3b.csv
1195,5,4,1,3c.csv
1195,5,4,1,3d.csv
1195,1,1,0,3e.csv
1195,9,4,5,3f.csv
1195,2,2,0,3g.csv
1196,9,9,0,1a.csv
1196,1,1,0,1b.csv
1196,12,7,5,1c.csv
1196,3,3,0,1e.csv
1196,2,0,2,1f.csv
1196,0,0,0,1g.csv
1196,2,2,0,1h.csv
1196,0,0,0,1i.csv
1196,2,2,0,1j.csv
1196,1,1,0,1k.csv
1196,0,0,0,1l.csv
1196,4,3,1,1m.csv
1196,2,2,0,2a.csv
1196,0,0,0,2b.csv
1196,0,0,0,2c.csv
1196,0,0,0,2d.csv
1196,0,0,0,2e.csv
1196,0,0,0,2f.csv
1196,0,0,0,2g.csv
1196,1,0,1,2h.csv
1196,0,0,0,2i.csv
1196,0,0,0,2j.csv
1196,0,0,0,2k.csv
1196,0,0,0,2l.csv
1196,5,3,2,3a.csv
1196,11,10,1,3b.csv
1196,4,3,1,3c.csv
1196,4,3,1,3d.csv
1196,1,1,0,3e.csv
1196,9,5,4,3f.csv
1196,2,2,0,3g.csv
1197,9,9,0,1a.csv
1197,1,1,0,1b.csv
1197,11,6,5,1c.csv
1197,3,2,1,1e.csv
1197,2,0,2,1f.csv
1197,0,0,0,1g.csv
1197,1,1,0,1h.csv
1197,0,0,0,1i.csv
1197,2,2,0,1j.csv
1197,1,1,0,1k.csv
1197,0,0,0,1l.csv
1197,3,2,1,1m.csv
1197,2,2,0,2a.csv
1197,0,0,0,2b.csv
1197,0,0,0,2c.csv
1197,0,0,0,2d.csv
1197,0,0,0,2e.csv
1197,0,0,0,2f.csv
1197,0,0,0,2g.csv
1197,1,0,1,2h.csv
1197,0,0,0,2i.csv
1197,0,0,0,2j.csv
1197,0,0,0,2k.csv
1197,1,1,0,2l.csv
1197,5,3,2,3a.csv
1197,10,8,2,3b.csv
1197,4,3,1,3c.csv
1197,4,3,1,3d.csv
1197,2,2,0,3e.csv
1197,9,5,4,3f.csv
1197,1,1,0,3g.csv
1198,7,7,0,1a.csv
1198,1,1,0,1b.csv
1198,12,7,5,1c.csv
1198,5,4,1,1e.csv
1198,2,0,2,1f.csv
1198,0,0,0,1g.csv
1198,1,1,0,1h.csv
1198,0,0,0,1i.csv
1198,2,2,0,1j.csv
1198,0,0,0,1k.csv
1198,0,0,0,1l.csv
1198,2,2,0,1m.csv
1198,2,2,0,2a.csv
1198,0,0,0,2b.csv
1198,0,0,0,2c.csv
1198,0,0,0,2d.csv
1198,0,0,0,2e.csv
1198,0,0,0,2f.csv
1198,0,0,0,2g.csv
1198,1,0,1,2h.csv
1198,0,0,0,2i.csv
1198,0,0,0,2j.csv
1198,0,0,0,2k.csv
1198,1,1,0,2l.csv
1198,3,1,2,3a.csv
1198,12,9,3,3b.csv
1198,4,3,1,3c.csv
1198,4,3,1,3d.csv
1198,3,3,0,3e.csv
1198,8,4,4,3f.csv
1198,0,0,0,3g.csv
1199,6,6,0,1a.csv
1199,1,1,0,1b.csv
1199,10,7,3,1c.csv
1199,5,4,1,1e.csv
1199,1,0,1,1f.csv
1199,0,0,0,1g.csv
1199,1,1,0,1h.csv
1199,0,0,0,1i.csv
1199,2,2,0,1j.csv
1199,0,0,0,1k.csv
1199,0,0,0,1l.csv
1199,2,2,0,1m.csv
1199,1,1,0,2a.csv
1199,0,0,0,2b.csv
1199,0,0,0,2c.csv
1199,0,0,0,2d.csv
1199,0,0,0,2e.csv
1199,0,0,0,2f.csv
1199,0,0,0,2g.csv
1199,1,0,1,2h.csv
1199,0,0,0,2i.csv
1199,0,0,0,2j.csv
1199,0,0,0,2k.csv
1199,1,1,0,2l.csv
1199,3,1,2,3a.csv
1199,13,9,4,3b.csv
1199,2,2,0,3c.csv
1199,2,2,0,3d.csv
1199,6,6,0,3e.csv
1199,8,6,2,3f.csv
1199,0,0,0,3g.csv
1200,4,4,0,1a.csv
1200,1,1,0,1b.csv
1200,9,7,2,1c.csv
1200,6,4,2,1e.csv
1200,0,0,0,1f.csv
1200,0,0,0,1g.csv
1200,1,1,0,1h.csv
1200,0,0,0,1i.csv
1200,2,2,0,1j.csv
1200,0,0,0,1k.csv
1200,0,0,0,1l.csv
1200,1,1,0,1m.csv
1200,1,1,0,2a.csv
1200,0,0,0,2b.csv
1200,0,0,0,2c.csv
1200,0,0,0,2d.csv
1200,0,0,0,2e.csv
1200,0,0,0,2f.csv
1200,0,0,0,2g.csv
1200,1,0,1,2h.csv
1200,0,0,0,2i.csv
1200,0,0,0,2j.csv
1200,0,0,0,2k.csv
1200,1,1,0,2l.csv
1200,3,2,1,3a.csv
1200,14,10,4,3b.csv
1200,1,1,0,3c.csv
1200,1,1,0,3d.csv
1200,8,7,1,3e.csv
1200,8,6,2,3f.csv
1200,0,0,0,3g.csv
1201,4,4,0,1a.csv
1201,1,1,0,1b.csv
1201,8,7,1,1c.csv
1201,7,5,2,1e.csv
1201,0,0,0,1f.csv
1201,0,0,0,1g.csv
1201,1,1,0,1h.csv
1201,0,0,0,1i.csv
1201,1,1,0,1j.csv
1201,0,0,0,1k.csv
1201,1,1,0,1l.csv
1201,1,1,0,1m.csv
1201,1,1,0,2a.csv
1201,0,0,0,2b.csv
1201,0,0,0,2c.csv
1201,0,0,0,2d.csv
1201,0,0,0,2e.csv
1201,0,0,0,2f.csv
1201,0,0,0,2g.csv
1201,1,0,1,2h.csv
1201,0,0,0,2i.csv
1201,0,0,0,2j.csv
1201,0,0,0,2k.csv
1201,1,1,0,2l.csv
1201,6,5,1,3a.csv
1201,15,11,4,3b.csv
1201,3,2,1,3c.csv
1201,3,2,1,3d.csv
1201,8,7,1,3e.csv
1201,8,5,3,3f.csv
1201,0,0,0,3g.csv
1202,4,4,0,1a.csv
1202,0,0,0,1b.csv
1202,8,7,1,1c.csv
1202,8,6,2,1e.csv
1202,0,0,0,1f.csv
1202,0,0,0,1g.csv
1202,1,1,0,1h.csv
1202,0,0,0,1i.csv
1202,1,1,0,1j.csv
1202,0,0,0,1k.csv
1202,1,1,0,1l.csv
1202,1,1,0,1m.csv
1202,1,1,0,2a.csv
1202,0,0,0,2b.csv
1202,0,0,0,2c.csv
1202,0,0,0,2d.csv
1202,0,0,0,2e.csv
1202,0,0,0,2f.csv
1202,0,0,0,2g.csv
1202,1,0,1,2h.csv
1202,0,0,0,2i.csv
1202,0,0,0,2j.csv
1202,0,0,0,2k.csv
1202,2,1,1,2l.csv
1202,5,5,0,3a.csv
1202,17,13,4,3b.csv
1202,3,2,1,3c.csv
1202,3,2,1,3d.csv
1202,8,7,1,3e.csv
1202,8,5,3,3f.csv
1202,0,0,0,3g.csv
1203,7,7,0,1a.csv
1203,0,0,0,1b.csv
1203,5,4,1,1c.csv
1203,9,7,2,1e.csv
1203,0,0,0,1f.csv
1203,0,0,0,1g.csv
1203,1,1,0,1h.csv
1203,0,0,0,1i.csv
1203,0,0,0,1j.csv
1203,0,0,0,1k.csv
1203,2,1,1,1l.csv
1203,0,0,0,1m.csv
1203,1,1,0,2a.csv
1203,0,0,0,2b.csv
1203,0,0,0,2c.csv
1203,0,0,0,2d.csv
1203,0,0,0,2e.csv
1203,0,0,0,2f.csv
1203,0,0,0,2g.csv
1203,0,0,0,2h.csv
1203,0,0,0,2i.csv
1203,0,0,0,2j.csv
1203,0,0,0,2k.csv
1203,3,2,1,2l.csv
1203,4,4,0,3a.csv
1203,17,14,3,3b.csv
1203,3,2,1,3c.csv
1203,3,2,1,3d.csv
1203,7,6,1,3e.csv
1203,5,4,1,3f.csv
1203,0,0,0,3g.csv
1204,5,5,0,1a.csv
1204,0,0,0,1b.csv
1204,2,2,0,1c.csv
1204,8,5,3,1e.csv
1204,0,0,0,1f.csv
1204,0,0,0,1g.csv
1204,1,1,0,1h.csv
1204,0,0,0,1i.csv
1204,0,0,0,1j.csv
1204,1,0,1,1k.csv
1204,2,1,1,1l.csv
1204,0,0,0,1m.csv
1204,0,0,0,2a.csv
1204,0,0,0,2b.csv
1204,0,0,0,2c.csv
1204,0,0,0,2d.csv
1204,0,0,0,2e.csv
1204,0,0,0,2f.csv
1204,1,1,0,2g.csv
1204,0,0,0,2h.csv
1204,0,0,0,2i.csv
1204,0,0,0,2j.csv
1204,0,0,0,2k.csv
1204,3,2,1,2l.csv
1204,4,4,0,3a.csv
1204,19,16,3,3b.csv
1204,4,2,2,3c.csv
1204,4,2,2,3d.csv
1204,7,6,1,3e.csv
1204,4,3,1,3f.csv
1204,1,1,0,3g.csv
1205,7,7,0,1a.csv
1205,0,0,0,1b.csv
1205,2,2,0,1c.csv
1205,8,5,3,1e.csv
1205,1,1,0,1f.csv
1205,0,0,0,1g.csv
1205,1,1,0,1h.csv
1205,0,0,0,1i.csv
1205,0,0,0,1j.csv
1205,1,0,1,1k.csv
1205,2,1,1,1l.csv
1205,0,0,0,1m.csv
1205,0,0,0,2a.csv
1205,0,0,0,2b.csv
1205,0,0,0,2c.csv
1205,0,0,0,2d.csv
1205,0,0,0,2e.csv
1205,0,0,0,2f.csv
1205,1,1,0,2g.csv
1205,0,0,0,2h.csv
1205,0,0,0,2i.csv
1205,0,0,0,2j.csv
1205,0,0,0,2k.csv
1205,2,1,1,2l.csv
1205,4,4,0,3a.csv
1205,21,19,2,3b.csv
1205,4,2,2,3c.csv
1205,4,2,2,3d.csv
1205,6,5,1,3e.csv
1205,4,3,1,3f.csv
1205,1,1,0,3g.csv
1206,6,6,0,1a.csv
1206,0,0,0,1b.csv
1206,1,1,0,1c.csv
1206,6,3,3,1e.csv
1206,1,1,0,1f.csv
1206,0,0,0,1g.csv
1206,1,1,0,1h.csv
1206,0,0,0,1i.csv
1206,0,0,0,1j.csv
1206,2,1,1,1k.csv
1206,2,1,1,1l.csv
1206,0,0,0,1m.csv
1206,0,0,0,2a.csv
1206,0,0,0,2b.csv
1206,0,0,0,2c.csv
1206,0,0,0,2d.csv
1206,0,0,0,2e.csv
1206,0,0,0,2f.csv
1206,1,1,0,2g.csv
1206,0,0,0,2h.csv
1206,0,0,0,2i.csv
1206,0,0,0,2j.csv
1206,0,0,0,2k.csv
1206,2,1,1,2l.csv
1206,4,4,0,3a.csv
1206,22,20,2,3b.csv
1206,3,1,2,3c.csv
1206,3,1,2,3d.csv
1206,6,5,1,3e.csv
1206,4,3,1,3f.csv
1206,1,1,0,3g.csv
1207,8,8,0,1a.csv
1207,0,0,0,1b.csv
1207,1,1,0,1c.csv
1207,7,4,3,1e.csv
1207,1,1,0,1f.csv
1207,0,0,0,1g.csv
1207,1,1,0,1h.csv
1207,0,0,0,1i.csv
1207,0,0,0,1j.csv
1207,2,1,1,1k.csv
1207,2,1,1,1l.csv
1207,1,1,0,1m.csv
1207,0,0,0,2a.csv
1207,0,0,0,2b.csv
1207,0,0,0,2c.csv
1207,0,0,0,2d.csv
1207,0,0,0,2e.csv
1207,0,0,0,2f.csv
1207,2,1,1,2g.csv
1207,0,0,0,2h.csv
1207,0,0,0,2i.csv
1207,0,0,0,2j.csv
1207,0,0,0,2k.csv
1207,2,1,1,2l.csv
1207,4,4,0,3a.csv
1207,22,20,2,3b.csv
1207,3,1,2,3c.csv
1207,3,1,2,3d.csv
1207,4,3,1,3e.csv
1207,6,3,3,3f.csv
1207,1,1,0,3g.csv
1208,8,8,0,1a.csv
1208,1,1,0,1b.csv
1208,1,1,0,1c.csv
1208,6,4,2,1e.csv
1208,1,1,0,1f.csv
1208,0,0,0,1g.csv
1208,1,1,0,1h.csv
1208,0,0,0,1i.csv
1208,0,0,0,1j.csv
1208,2,1,1,1k.csv
1208,3,2,1,1l.csv
1208,2,2,0,1m.csv
1208,0,0,0,2a.csv
1208,0,0,0,2b.csv
1208,1,1,0,2c.csv
1208,0,0,0,2d.csv
1208,0,0,0,2e.csv
1208,0,0,0,2f.csv
1208,2,1,1,2g.csv
1208,0,0,0,2h.csv
1208,0,0,0,2i.csv
1208,0,0,0,2j.csv
1208,0,0,0,2k.csv
1208,2,1,1,2l.csv
1208,5,5,0,3a.csv
1208,23,21,2,3b.csv
1208,3,1,2,3c.csv
1208,3,1,2,3d.csv
1208,3,3,0,3e.csv
1208,7,4,3,3f.csv
1208,1,1,0,3g.csv
1209,10,10,0,1a.csv
1209,1,1,0,1b.csv
1209,2,2,0,1c.csv
1209,6,4,2,1e.csv
1209,1,1,0,1f.csv
1209,0,0,0,1g.csv
1209,1,1,0,1h.csv
1209,0,0,0,1i.csv
1209,0,0,0,1j.csv
1209,2,1,1,1k.csv
1209,2,1,1,1l.csv
1209,2,2,0,1m.csv
1209,0,0,0,2a.csv
1209,0,0,0,2b.csv
1209,2,1,1,2c.csv
1209,0,0,0,2d.csv
1209,0,0,0,2e.csv
1209,0,0,0,2f.csv
1209,2,1,1,2g.csv
1209,0,0,0,2h.csv
1209,0,0,0,2i.csv
1209,0,0,0,2j.csv
1209,0,0,0,2k.csv
1209,2,1,1,2l.csv
1209,3,3,0,3a.csv
1209,23,21,2,3b.csv
1209,1,0,1,3c.csv
1209,1,0,1,3d.csv
1209,3,3,0,3e.csv
1209,8,6,2,3f.csv
1209,1,1,0,3g.csv
1210,13,13,0,1a.csv
1210,2,2,0,1b.csv
1210,2,2,0,1c.csv
1210,5,3,2,1e.csv
1210,1,1,0,1f.csv
1210,0,0,0,1g.csv
1210,1,1,0,1h.csv
1210,0,0,0,1i.csv
1210,0,0,0,1j.csv
1210,3,2,1,1k.csv
1210,2,1,1,1l.csv
1210,2,2,0,1m.csv
1210,0,0,0,2a.csv
1210,0,0,0,2b.csv
1210,2,1,1,2c.csv
1210,1,1,0,2d.csv
1210,0,0,0,2e.csv
1210,0,0,0,2f.csv
1210,2,1,1,2g.csv
1210,0,0,0,2h.csv
1210,0,0,0,2i.csv
1210,0,0,0,2j.csv
1210,0,0,0,2k.csv
1210,1,1,0,2l.csv
1210,3,3,0,3a.csv
1210,22,19,3,3b.csv
1210,1,0,1,3c.csv
1210,1,0,1,3d.csv
1210,4,4,0,3e.csv
1210,11,8,3,3f.csv
1210,1,1,0,3g.csv
1211,12,12,0,1a.csv
1211,2,2,0,1b.csv
1211,2,2,0,1c.csv
1211,4,2,2,1e.csv
1211,3,3,0,1f.csv
1211,0,0,0,1g.csv
1211,1,1,0,1h.csv
1211,0,0,0,1i.csv
1211,0,0,0,1j.csv
1211,3,2,1,1k.csv
1211,1,1,0,1l.csv
1211,2,2,0,1m.csv
1211,2,2,0,2a.csv
1211,0,0,0,2b.csv
1211,2,1,1,2c.csv
1211,1,1,0,2d.csv
1211,0,0,0,2e.csv
1211,0,0,0,2f.csv
1211,2,1,1,2g.csv
1211,0,0,0,2h.csv
1211,0,0,0,2i.csv
1211,0,0,0,2j.csv
1211,0,0,0,2k.csv
1211,0,0,0,2l.csv
1211,4,4,0,3a.csv
1211,21,18,3,3b.csv
1211,1,0,1,3c.csv
1211,1,0,1,3d.csv
1211,4,4,0,3e.csv
1211,12,9,3,3f.csv
1211,1,1,0,3g.csv
1212,12,12,0,1a.csv
1212,2,2,0,1b.csv
1212,2,2,0,1c.csv
1212,3,2,1,1e.csv
1212,3,3,0,1f.csv
1212,0,0,0,1g.csv
1212,0,0,0,1h.csv
1212,1,1,0,1i.csv
1212,0,0,0,1j.csv
1212,2,2,0,1k.csv
1212,1,1,0,1l.csv
1212,2,2,0,1m.csv
1212,2,2,0,2a.csv
1212,0,0,0,2b.csv
1212,2,1,1,2c.csv
1212,1,1,0,2d.csv
1212,0,0,0,2e.csv
1212,0,0,0,2f.csv
1212,1,0,1,2g.csv
1212,0,0,0,2h.csv
1212,0,0,0,2i.csv
1212,0,0,0,2j.csv
1212,0,0,0,2k.csv
1212,0,0,0,2l.csv
1212,6,6,0,3a.csv
1212,20,17,3,3b.csv
1212,2,2,0,3c.csv
1212,2,2,0,3d.csv
1212,6,6,0,3e.csv
1212,15,11,4,3f.csv
1212,0,0,0,3g.csv
1213,11,10,1,1a.csv
1213,2,2,0,1b.csv
1213,2,2,0,1c.csv
1213,3,3,0,1e.csv
1213,4,4,0,1f.csv
1213,0,0,0,1g.csv
1213,1,1,0,1h.csv
1213,1,1,0,1i.csv
1213,0,0,0,1j.csv
1213,2,2,0,1k.csv
1213,1,1,0,1l.csv
1213,2,2,0,1m.csv
1213,2,2,0,2a.csv
1213,0,0,0,2b.csv
1213,2,1,1,2c.csv
1213,2,2,0,2d.csv
1213,0,0,0,2e.csv
1213,0,0,0,2f.csv
1213,1,0,1,2g.csv
1213,0,0,0,2h.csv
1213,0,0,0,2i.csv
1213,0,0,0,2j.csv
1213,0,0,0,2k.csv
1213,0,0,0,2l.csv
1213,9,9,0,3a.csv
1213,17,14,3,3b.csv
1213,2,2,0,3c.csv
1213,2,2,0,3d.csv
1213,6,6,0,3e.csv
1213,16,12,4,3f.csv
1213,0,0,0,3g.csv
1214,11,10,1,1a.csv
1214,2,2,0,1b.csv
1214,1,1,0,1c.csv
1214,3,3,0,1e.csv
1214,4,4,0,1f.csv
1214,0,0,0,1g.csv
1214,1,1,0,1h.csv
1214,1,1,0,1i.csv
1214,1,1,0,1j.csv
1214,1,1,0,1k.csv
1214,2,2,0,1l.csv
1214,2,2,0,1m.csv
1214,2,2,0,2a.csv
1214,0,0,0,2b.csv
1214,2,1,1,2c.csv
1214,2,2,0,2d.csv
1214,0,0,0,2e.csv
1214,0,0,0,2f.csv
1214,1,0,1,2g.csv
1214,0,0,0,2h.csv
1214,0,0,0,2i.csv
1214,0,0,0,2j.csv
1214,0,0,0,2k.csv
1214,0,0,0,2l.csv
1214,10,10,0,3a.csv
1214,13,11,2,3b.csv
1214,2,2,0,3c.csv
1214,2,2,0,3d.csv
1214,6,5,1,3e.csv
1214,20,15,5,3f.csv
1214,0,0,0,3g.csv
1215,13,11,2,1a.csv
1215,3,3,0,1b.csv
1215,1,1,0,1c.csv
1215,2,2,0,1e.csv
1215,4,4,0,1f.csv
1215,0,0,0,1g.csv
1215,1,1,0,1h.csv
1215,1,1,0,1i.csv
1215,1,1,0,1j.csv
1215,1,1,0,1k.csv
1215,2,2,0,1l.csv
1215,1,1,0,1m.csv
1215,2,2,0,2a.csv
1215,0,0,0,2b.csv
1215,3,2,1,2c.csv
1215,2,2,0,2d.csv
1215,0,0,0,2e.csv
1215,0,0,0,2f.csv
1215,0,0,0,2g.csv
1215,0,0,0,2h.csv
1215,0,0,0,2i.csv
1215,0,0,0,2j.csv
1215,0,0,0,2k.csv
1215,0,0,0,2l.csv
1215,17,17,0,3a.csv
1215,11,10,1,3b.csv
1215,2,2,0,3c.csv
1215,2,2,0,3d.csv
1215,6,5,1,3e.csv
1215,18,15,3,3f.csv
1215,0,0,0,3g.csv
1216,14,11,3,1a.csv
1216,4,3,1,1b.csv
1216,1,1,0,1c.csv
1216,2,2,0,1e.csv
1216,5,4,1,1f.csv
1216,0,0,0,1g.csv
1216,1,1,0,1h.csv
1216,1,1,0,1i.csv
1216,1,1,0,1j.csv
1216,1,1,0,1k.csv
1216,1,1,0,1l.csv
1216,0,0,0,1m.csv
1216,2,2,0,2a.csv
1216,0,0,0,2b.csv
1216,2,1,1,2c.csv
1216,2,2,0,2d.csv
1216,0,0,0,2e.csv
1216,0,0,0,2f.csv
1216,0,0,0,2g.csv
1216,0,0,0,2h.csv
1216,0,0,0,2i.csv
1216,0,0,0,2j.csv
1216,0,0,0,2k.csv
1216,1,1,0,2l.csv
1216,22,20,2,3a.csv
1216,11,10,1,3b.csv
1216,2,2,0,3c.csv
1216,2,2,0,3d.csv
1216,5,4,1,3e.csv
1216,20,15,5,3f.csv
1216,0,0,0,3g.csv
1217,13,10,3,1a.csv
1217,4,3,1,1b.csv
1217,0,0,0,1c.csv
1217,2,2,0,1e.csv
1217,6,5,1,1f.csv
1217,0,0,0,1g.csv
1217,2,1,1,1h.csv
1217,1,1,0,1i.csv
1217,1,1,0,1j.csv
1217,1,1,0,1k.csv
1217,1,1,0,1l.csv
1217,0,0,0,1m.csv
1217,2,2,0,2a.csv
1217,0,0,0,2b.csv
1217,2,1,1,2c.csv
1217,2,2,0,2d.csv
1217,0,0,0,2e.csv
1217,0,0,0,2f.csv
1217,0,0,0,2g.csv
1217,0,0,0,2h.csv
1217,0,0,0,2i.csv
1217,0,0,0,2j.csv
1217,0,0,0,2k.csv
1217,1,1,0,2l.csv
1217,26,23,3,3a.csv
1217,10,9,1,3b.csv
1217,4,3,1,3c.csv
1217,4,3,1,3d.csv
1217,6,4,2,3e.csv
1217,18,13,5,3f.csv
1217,0,0,0,3g.csv
1218,10,7,3,1a.csv
1218,4,3,1,1b.csv
1218,0,0,0,1c.csv
1218,2,2,0,1e.csv
1218,7,6,1,1f.csv
1218,0,0,0,1g.csv
1218,2,1,1,1h.csv
1218,1,1,0,1i.csv
1218,1,1,0,1j.csv
1218,0,0,0,1k.csv
1218,1,1,0,1l.csv
1218,0,0,0,1m.csv
1218,2,2,0,2a.csv
1218,0,0,0,2b.csv
1218,2,1,1,2c.csv
1218,1,1,0,2d.csv
1218,0,0,0,2e.csv
1218,0,0,0,2f.csv
1218,0,0,0,2g.csv
1218,1,1,0,2h.csv
1218,0,0,0,2i.csv
1218,0,0,0,2j.csv
1218,0,0,0,2k.csv
1218,1,1,0,2l.csv
1218,30,27,3,3a.csv
1218,8,8,0,3b.csv
1218,6,5,1,3c.csv
1218,6,5,1,3d.csv
1218,7,5,2,3e.csv
1218,17,13,4,3f.csv
1218,1,1,0,3g.csv
1219,9,6,3,1a.csv
1219,5,4,1,1b.csv
1219,0,0,0,1c.csv
1219,2,2,0,1e.csv
1219,6,5,1,1f.csv
1219,0,0,0,1g.csv
1219,2,1,1,1h.csv
1219,1,1,0,1i.csv
1219,1,1,0,1j.csv
1219,0,0,0,1k.csv
1219,1,1,0,1l.csv
1219,0,0,0,1m.csv
1219,2,2,0,2a.csv
1219,0,0,0,2b.csv
1219,2,1,1,2c.csv
1219,1,1,0,2d.csv
1219,0,0,0,2e.csv
1219,0,0,0,2f.csv
1219,0,0,0,2g.csv
1219,1,1,0,2h.csv
1219,0,0,0,2i.csv
1219,0,0,0,2j.csv
1219,0,0,0,2k.csv
1219,1,1,0,2l.csv
1219,32,29,3,3a.csv
1219,10,10,0,3b.csv
1219,7,5,2,3c.csv
1219,7,5,2,3d.csv
1219,8,5,3,3e.csv
1219,16,12,4,3f.csv
1219,1,1,0,3g.csv
1220,9,6,3,1a.csv
1220,5,4,1,1b.csv
1220,0,0,0,1c.csv
1220,4,3,1,1e.csv
1220,7,6,1,1f.csv
1220,0,0,0,1g.csv
1220,2,1,1,1h.csv
1220,0,0,0,1i.csv
1220,1,1,0,1j.csv
1220,0,0,0,1k.csv
1220,1,1,0,1l.csv
1220,2,2,0,1m.csv
1220,2,2,0,2a.csv
1220,0,0,0,2b.csv
1220,2,1,1,2c.csv
1220,1,1,0,2d.csv
1220,0,0,0,2e.csv
1220,0,0,0,2f.csv
1220,0,0,0,2g.csv
1220,1,1,0,2h.csv
1220,0,0,0,2i.csv
1220,0,0,0,2j.csv
1220,0,0,0,2k.csv
1220,1,1,0,2l.csv
1220,34,31,3,3a.csv
1220,10,10,0,3b.csv
1220,5,3,2,3c.csv
1220,5,3,2,3d.csv
1220,8,5,3,3e.csv
1220,17,12,5,3f.csv
1220,1,1,0,3g.csv
1221,9,7,2,1a.csv
1221,6,5,1,1b.csv
1221,0,0,0,1c.csv
1221,3,2,1,1e.csv
1221,5,4,1,1f.csv
1221,1,1,0,1g.csv
1221,1,0,1,1h.csv
1221,0,0,0,1i.csv
1221,1,1,0,1j.csv
1221,0,0,0,1k.csv
1221,1,1,0,1l.csv
1221,3,3,0,1m.csv
1221,2,2,0,2a.csv
1221,0,0,0,2b.csv
1221,2,1,1,2c.csv
1221,0,0,0,2d.csv
1221,0,0,0,2e.csv
1221,0,0,0,2f.csv
1221,0,0,0,2g.csv
1221,1,1,0,2h.csv
1221,0,0,0,2i.csv
1221,0,0,0,2j.csv
1221,0,0,0,2k.csv
1221,1,1,0,2l.csv
1221,36,32,4,3a.csv
1221,9,9,0,3b.csv
1221,5,3,2,3c.csv
1221,5,3,2,3d.csv
1221,9,6,3,3e.csv
1221,18,12,6,3f.csv
1221,1,1,0,3g.csv
1222,9,7,2,1a.csv
1222,6,5,1,1b.csv
1222,0,0,0,1c.csv
1222,3,2,1,1e.csv
1222,5,4,1,1f.csv
1222,1,1,0,1g.csv
1222,1,0,1,1h.csv
1222,0,0,0,1i.csv
1222,0,0,0,1j.csv
1222,0,0,0,1k.csv
1222,0,0,0,1l.csv
1222,3,3,0,1m.csv
1222,2,2,0,2a.csv
1222,0,0,0,2b.csv
1222,2,1,1,2c.csv
1222,0,0,0,2d.csv
1222,0,0,0,2e.csv
1222,0,0,0,2f.csv
1222,0,0,0,2g.csv
1222,1,1,0,2h.csv
1222,0,0,0,2i.csv
1222,0,0,0,2j.csv
1222,0,0,0,2k.csv
1222,1,1,0,2l.csv
1222,39,34,5,3a.csv
1222,9,9,0,3b.csv
1222,5,3,2,3c.csv
1222,5,3,2,3d.csv
1222,12,8,4,3e.csv
1222,13,8,5,3f.csv
1222,2,2,0,3g.csv
1223,5,4,1,1a.csv
1223,6,4,2,1b.csv
1223,2,2,0,1c.csv
1223,3,2,1,1e.csv
1223,5,4,1,1f.csv
1223,1,1,0,1g.csv
1223,1,0,1,1h.csv
1223,0,0,0,1i.csv
1223,0,0,0,1j.csv
1223,0,0,0,1k.csv
1223,0,0,0,1l.csv
1223,6,5,1,1m.csv
1223,3,3,0,2a.csv
1223,1,1,0,2b.csv
1223,1,0,1,2c.csv
1223,0,0,0,2d.csv
1223,0,0,0,2e.csv
1223,0,0,0,2f.csv
1223,0,0,0,2g.csv
1223,1,1,0,2h.csv
1223,0,0,0,2i.csv
1223,0,0,0,2j.csv
1223,0,0,0,2k.csv
1223,1,1,0,2l.csv
1223,35,29,6,3a.csv
1223,9,9,0,3b.csv
1223,5,3,2,3c.csv
1223,5,3,2,3d.csv
1223,14,9,5,3e.csv
1223,15,10,5,3f.csv
1223,2,2,0,3g.csv
1224,5,4,1,1a.csv
1224,4,3,1,1b.csv
1224,2,2,0,1c.csv
1224,3,2,1,1e.csv
1224,4,4,0,1f.csv
1224,1,1,0,1g.csv
1224,1,0,1,1h.csv
1224,0,0,0,1i.csv
1224,0,0,0,1j.csv
1224,0,0,0,1k.csv
1224,0,0,0,1l.csv
1224,6,5,1,1m.csv
1224,3,3,0,2a.csv
1224,2,2,0,2b.csv
1224,2,0,2,2c.csv
1224,0,0,0,2d.csv
1224,0,0,0,2e.csv
1224,0,0,0,2f.csv
1224,0,0,0,2g.csv
1224,1,1,0,2h.csv
1224,0,0,0,2i.csv
1224,0,0,0,2j.csv
1224,0,0,0,2k.csv
1224,0,0,0,2l.csv
1224,31,26,5,3a.csv
1224,8,8,0,3b.csv
1224,6,4,2,3c.csv
1224,6,4,2,3d.csv
1224,14,9,5,3e.csv
1224,13,10,3,3f.csv
1224,3,3,0,3g.csv
1225,5,4,1,1a.csv
1225,4,3,1,1b.csv
1225,2,2,0,1c.csv
1225,2,1,1,1e.csv
1225,5,5,0,1f.csv
1225,1,1,0,1g.csv
1225,1,1,0,1h.csv
1225,0,0,0,1i.csv
1225,0,0,0,1j.csv
1225,0,0,0,1k.csv
1225,0,0,0,1l.csv
1225,6,5,1,1m.csv
1225,3,3,0,2a.csv
1225,3,3,0,2b.csv
1225,3,2,1,2c.csv
1225,0,0,0,2d.csv
1225,0,0,0,2e.csv
1225,0,0,0,2f.csv
1225,0,0,0,2g.csv
1225,1,1,0,2h.csv
1225,0,0,0,2i.csv
1225,0,0,0,2j.csv
1225,0,0,0,2k.csv
1225,0,0,0,2l.csv
1225,32,28,4,3a.csv
1225,8,8,0,3b.csv
1225,4,3,1,3c.csv
1225,4,3,1,3d.csv
1225,16,10,6,3e.csv
1225,16,13,3,3f.csv
1225,4,4,0,3g.csv
1226,5,4,1,1a.csv
1226,3,2,1,1b.csv
1226,3,3,0,1c.csv
1226,3,2,1,1e.csv
1226,8,7,1,1f.csv
1226,1,1,0,1g.csv
1226,1,1,0,1h.csv
1226,0,0,0,1i.csv
1226,0,0,0,1j.csv
1226,0,0,0,1k.csv
1226,0,0,0,1l.csv
1226,6,5,1,1m.csv
1226,3,3,0,2a.csv
1226,3,3,0,2b.csv
1226,3,2,1,2c.csv
1226,0,0,0,2d.csv
1226,0,0,0,2e.csv
1226,0,0,0,2f.csv
1226,0,0,0,2g.csv
1226,0,0,0,2h.csv
1226,0,0,0,2i.csv
1226,0,0,0,2j.csv
1226,0,0,0,2k.csv
1226,0,0,0,2l.csv
1226,34,30,4,3a.csv
1226,8,8,0,3b.csv
1226,2,1,1,3c.csv
1226,2,1,1,3d.csv
1226,21,12,9,3e.csv
1226,17,14,3,3f.csv
1226,4,4,0,3g.csv
1227,4,3,1,1a.csv
1227,2,1,1,1b.csv
1227,4,4,0,1c.csv
1227,3,2,1,1e.csv
1227,11,9,2,1f.csv
1227,2,2,0,1g.csv
1227,1,1,0,1h.csv
1227,0,0,0,1i.csv
1227,0,0,0,1j.csv
1227,0,0,0,1k.csv
1227,0,0,0,1l.csv
1227,6,5,1,1m.csv
1227,2,2,0,2a.csv
1227,3,3,0,2b.csv
1227,3,2,1,2c.csv
1227,0,0,0,2d.csv
1227,0,0,0,2e.csv
1227,0,0,0,2f.csv
1227,0,0,0,2g.csv
1227,0,0,0,2h.csv
1227,0,0,0,2i.csv
1227,0,0,0,2j.csv
1227,0,0,0,2k.csv
1227,0,0,0,2l.csv
1227,38,34,4,3a.csv
1227,5,5,0,3b.csv
1227,2,2,0,3c.csv
1227,2,2,0,3d.csv
1227,22,13,9,3e.csv
1227,18,15,3,3f.csv
1227,5,5,0,3g.csv
1228,4,3,1,1a.csv
1228,4,3,1,1b.csv
1228,4,4,0,1c.csv
1228,1,1,0,1e.csv
1228,12,9,3,1f.csv
1228,2,2,0,1g.csv
1228,1,1,0,1h.csv
1228,0,0,0,1i.csv
1228,0,0,0,1j.csv
1228,0,0,0,1k.csv
1228,0,0,0,1l.csv
1228,5,4,1,1m.csv
1228,2,2,0,2a.csv
1228,4,4,0,2b.csv
1228,3,2,1,2c.csv
1228,0,0,0,2d.csv
1228,0,0,0,2e.csv
1228,0,0,0,2f.csv
1228,0,0,0,2g.csv
1228,0,0,0,2h.csv
1228,0,0,0,2i.csv
1228,0,0,0,2j.csv
1228,0,0,0,2k.csv
1228,0,0,0,2l.csv
1228,37,33,4,3a.csv
1228,4,4,0,3b.csv
1228,2,2,0,3c.csv
1228,2,2,0,3d.csv
1228,25,15,10,3e.csv
1228,15,14,1,3f.csv
1228,6,6,0,3g.csv
1229,3,2,1,1a.csv
1229,3,2,1,1b.csv
1229,4,4,0,1c.csv
1229,1,1,0,1e.csv
1229,13,10,3,1f.csv
1229,2,2,0,1g.csv
1229,1,1,0,1h.csv
1229,0,0,0,1i.csv
1229,0,0,0,1j.csv
1229,0,0,0,1k.csv
1229,0,0,0,1l.csv
1229,4,3,1,1m.csv
1229,3,3,0,2a.csv
1229,4,4,0,2b.csv
1229,3,2,1,2c.csv
1229,0,0,0,2d.csv
1229,0,0,0,2e.csv
1229,0,0,0,2f.csv
1229,0,0,0,2g.csv
1229,0,0,0,2h.csv
1229,0,0,0,2i.csv
1229,0,0,0,2j.csv
1229,0,0,0,2k.csv
1229,0,0,0,2l.csv
1229,38,33,5,3a.csv
1229,4,4,0,3b.csv
1229,3,3,0,3c.csv
1229,3,3,0,3d.csv
1229,26,14,12,3e.csv
1229,14,14,0,3f.csv
1229,9,9,0,3g.csv
1230,4,3,1,1a.csv
1230,4,3,1,1b.csv
1230,5,5,0,1c.csv
1230,1,1,0,1e.csv
1230,15,12,3,1f.csv
1230,2,2,0,1g.csv
1230,1,1,0,1h.csv
1230,0,0,0,1i.csv
1230,0,0,0,1j.csv
1230,1,0,1,1k.csv
1230,0,0,0,1l.csv
1230,4,3,1,1m.csv
1230,3,3,0,2a.csv
1230,4,4,0,2b.csv
1230,4,3,1,2c.csv
1230,0,0,0,2d.csv
1230,0,0,0,2e.csv
1230,0,0,0,2f.csv
1230,0,0,0,2g.csv
1230,0,0,0,2h.csv
1230,0,0,0,2i.csv
1230,0,0,0,2j.csv
1230,1,1,0,2k.csv
1230,0,0,0,2l.csv
1230,38,33,5,3a.csv
1230,4,4,0,3b.csv
1230,3,3,0,3c.csv
1230,3,3,0,3d.csv
1230,26,14,12,3e.csv
1230,15,15,0,3f.csv
1230,8,8,0,3g.csv
1231,4,3,1,1a.csv
1231,3,3,0,1b.csv
1231,3,3,0,1c.csv
1231,1,1,0,1e.csv
1231,15,12,3,1f.csv
1231,2,2,0,1g.csv
1231,1,1,0,1h.csv
1231,0,0,0,1i.csv
1231,0,0,0,1j.csv
1231,1,0,1,1k.csv
1231,0,0,0,1l.csv
1231,1,1,0,1m.csv
1231,2,2,0,2a.csv
1231,3,3,0,2b.csv
1231,4,3,1,2c.csv
1231,1,1,0,2d.csv
1231,0,0,0,2e.csv
1231,0,0,0,2f.csv
1231,0,0,0,2g.csv
1231,0,0,0,2h.csv
1231,0,0,0,2i.csv
1231,0,0,0,2j.csv
1231,1,1,0,2k.csv
1231,0,0,0,2l.csv
1231,46,41,5,3a.csv
1231,4,4,0,3b.csv
1231,5,4,1,3c.csv
1231,5,4,1,3d.csv
1231,30,19,11,3e.csv
1231,11,11,0,3f.csv
1231,9,9,0,3g.csv
1232,3,3,0,1a.csv
1232,3,3,0,1b.csv
1232,3,3,0,1c.csv
1232,2,1,1,1e.csv
1232,16,13,3,1f.csv
1232,2,2,0,1g.csv
1232,1,1,0,1h.csv
1232,0,0,0,1i.csv
1232,0,0,0,1j.csv
1232,1,0,1,1k.csv
1232,0,0,0,1l.csv
1232,2,2,0,1m.csv
1232,3,3,0,2a.csv
1232,2,2,0,2b.csv
1232,3,3,0,2c.csv
1232,1,1,0,2d.csv
1232,0,0,0,2e.csv
1232,0,0,0,2f.csv
1232,0,0,0,2g.csv
1232,0,0,0,2h.csv
1232,0,0,0,2i.csv
1232,0,0,0,2j.csv
1232,1,1,0,2k.csv
1232,0,0,0,2l.csv
1232,48,44,4,3a.csv
1232,3,3,0,3b.csv
1232,5,4,1,3c.csv
1232,5,4,1,3d.csv
1232,35,23,12,3e.csv
1232,12,12,0,3f.csv
1232,9,9,0,3g.csv
1233,3,2,1,1a.csv
1233,4,4,0,1b.csv
1233,3,3,0,1c.csv
1233,2,1,1,1e.csv
1233,15,12,3,1f.csv
1233,2,2,0,1g.csv
1233,0,0,0,1h.csv
1233,0,0,0,1i.csv
1233,0,0,0,1j.csv
1233,1,0,1,1k.csv
1233,0,0,0,1l.csv
1233,2,2,0,1m.csv
1233,4,4,0,2a.csv
1233,1,1,0,2b.csv
1233,1,1,0,2c.csv
1233,1,1,0,2d.csv
1233,0,0,0,2e.csv
1233,0,0,0,2f.csv
1233,0,0,0,2g.csv
1233,0,0,0,2h.csv
1233,0,0,0,2i.csv
1233,0,0,0,2j.csv
1233,1,1,0,2k.csv
1233,0,0,0,2l.csv
1233,46,41,5,3a.csv
1233,3,3,0,3b.csv
1233,5,4,1,3c.csv
1233,5,4,1,3d.csv
1233,36,23,13,3e.csv
1233,11,10,1,3f.csv
1233,8,8,0,3g.csv
1234,2,1,1,1a.csv
1234,5,4,1,1b.csv
1234,4,3,1,1c.csv
1234,1,0,1,1e.csv
1234,12,10,2,1f.csv
1234,2,2,0,1g.csv
1234,0,0,0,1h.csv
1234,0,0,0,1i.csv
1234,0,0,0,1j.csv
1234,1,0,1,1k.csv
1234,0,0,0,1l.csv
1234,2,2,0,1m.csv
1234,4,4,0,2a.csv
1234,1,1,0,2b.csv
1234,1,1,0,2c.csv
1234,1,1,0,2d.csv
1234,0,0,0,2e.csv
1234,0,0,0,2f.csv
1234,0,0,0,2g.csv
1234,0,0,0,2h.csv
1234,0,0,0,2i.csv
1234,0,0,0,2j.csv
1234,1,1,0,2k.csv
1234,0,0,0,2l.csv
1234,44,39,5,3a.csv
1234,5,5,0,3b.csv
1234,5,4,1,3c.csv
1234,5,4,1,3d.csv
1234,33,20,13,3e.csv
1234,8,7,1,3f.csv
1234,7,7,0,3g.csv
1235,3,2,1,1a.csv
1235,6,5,1,1b.csv
1235,4,2,2,1c.csv
1235,1,0,1,1e.csv
1235,8,7,1,1f.csv
1235,1,1,0,1g.csv
1235,0,0,0,1h.csv
1235,0,0,0,1i.csv
1235,0,0,0,1j.csv
1235,1,0,1,1k.csv
1235,0,0,0,1l.csv
1235,3,3,0,1m.csv
1235,3,3,0,2a.csv
1235,1,1,0,2b.csv
1235,1,1,0,2c.csv
1235,2,1,1,2d.csv
1235,0,0,0,2e.csv
1235,0,0,0,2f.csv
1235,0,0,0,2g.csv
1235,0,0,0,2h.csv
1235,1,1,0,2i.csv
1235,0,0,0,2j.csv
1235,1,1,0,2k.csv
1235,0,0,0,2l.csv
1235,42,35,7,3a.csv
1235,8,8,0,3b.csv
1235,5,4,1,3c.csv
1235,5,4,1,3d.csv
1235,34,22,12,3e.csv
1235,8,7,1,3f.csv
1235,6,6,0,3g.csv
1236,3,2,1,1a.csv
1236,4,3,1,1b.csv
1236,4,2,2,1c.csv
1236,1,0,1,1e.csv
1236,6,6,0,1f.csv
1236,1,1,0,1g.csv
1236,1,1,0,1h.csv
1236,0,0,0,1i.csv
1236,0,0,0,1j.csv
1236,1,0,1,1k.csv
1236,0,0,0,1l.csv
1236,2,2,0,1m.csv
1236,3,3,0,2a.csv
1236,0,0,0,2b.csv
1236,1,1,0,2c.csv
1236,2,1,1,2d.csv
1236,0,0,0,2e.csv
1236,0,0,0,2f.csv
1236,0,0,0,2g.csv
1236,0,0,0,2h.csv
1236,1,1,0,2i.csv
1236,0,0,0,2j.csv
1236,1,1,0,2k.csv
1236,0,0,0,2l.csv
1236,43,35,8,3a.csv
1236,10,10,0,3b.csv
1236,5,4,1,3c.csv
1236,5,4,1,3d.csv
1236,32,19,13,3e.csv
1236,8,7,1,3f.csv
1236,5,5,0,3g.csv
1237,3,2,1,1a.csv
1237,5,4,1,1b.csv
1237,6,4,2,1c.csv
1237,1,0,1,1e.csv
1237,6,5,1,1f.csv
1237,0,0,0,1g.csv
1237,2,2,0,1h.csv
1237,0,0,0,1i.csv
1237,0,0,0,1j.csv
1237,1,0,1,1k.csv
1237,0,0,0,1l.csv
1237,2,2,0,1m.csv
1237,2,2,0,2a.csv
1237,0,0,0,2b.csv
1237,2,1,1,2c.csv
1237,2,1,1,2d.csv
1237,0,0,0,2e.csv
1237,0,0,0,2f.csv
1237,0,0,0,2g.csv
1237,0,0,0,2h.csv
1237,1,1,0,2i.csv
1237,0,0,0,2j.csv
1237,1,1,0,2k.csv
1237,1,1,0,2l.csv
1237,38,31,7,3a.csv
1237,10,10,0,3b.csv
1237,5,4,1,3c.csv
1237,5,4,1,3d.csv
1237,39,22,17,3e.csv
1237,7,6,1,3f.csv
1237,2,2,0,3g.csv
1238,2,1,1,1a.csv
1238,4,3,1,1b.csv
1238,5,3,2,1c.csv
1238,1,0,1,1e.csv
1238,4,3,1,1f.csv
1238,0,0,0,1g.csv
1238,3,3,0,1h.csv
1238,0,0,0,1i.csv
1238,0,0,0,1j.csv
1238,0,0,0,1k.csv
1238,0,0,0,1l.csv
1238,2,2,0,1m.csv
1238,2,2,0,2a.csv
1238,0,0,0,2b.csv
1238,1,0,1,2c.csv
1238,2,1,1,2d.csv
1238,0,0,0,2e.csv
1238,0,0,0,2f.csv
1238,0,0,0,2g.csv
1238,0,0,0,2h.csv
1238,1,1,0,2i.csv
1238,0,0,0,2j.csv
1238,0,0,0,2k.csv
1238,1,1,0,2l.csv
1238,36,30,6,3a.csv
1238,9,9,0,3b.csv
1238,6,5,1,3c.csv
1238,6,5,1,3d.csv
1238,38,21,17,3e.csv
1238,6,5,1,3f.csv
1238,3,2,1,3g.csv
1239,3,2,1,1a.csv
1239,4,3,1,1b.csv
1239,5,3,2,1c.csv
1239,1,0,1,1e.csv
1239,4,3,1,1f.csv
1239,0,0,0,1g.csv
1239,3,3,0,1h.csv
1239,0,0,0,1i.csv
1239,0,0,0,1j.csv
1239,0,0,0,1k.csv
1239,0,0,0,1l.csv
1239,2,2,0,1m.csv
1239,2,2,0,2a.csv
1239,0,0,0,2b.csv
1239,1,0,1,2c.csv
1239,1,0,1,2d.csv
1239,0,0,0,2e.csv
1239,1,1,0,2f.csv
1239,0,0,0,2g.csv
1239,0,0,0,2h.csv
1239,1,1,0,2i.csv
1239,0,0,0,2j.csv
1239,0,0,0,2k.csv
1239,2,2,0,2l.csv
1239,27,22,5,3a.csv
1239,11,11,0,3b.csv
1239,4,4,0,3c.csv
1239,4,4,0,3d.csv
1239,36,16,20,3e.csv
1239,6,5,1,3f.csv
1239,2,1,1,3g.csv
1240,4,2,2,1a.csv
1240,4,3,1,1b.csv
1240,5,3,2,1c.csv
1240,0,0,0,1e.csv
1240,5,2,3,1f.csv
1240,0,0,0,1g.csv
1240,3,3,0,1h.csv
1240,0,0,0,1i.csv
1240,0,0,0,1j.csv
1240,0,0,0,1k.csv
1240,0,0,0,1l.csv
1240,1,1,0,1m.csv
1240,1,1,0,2a.csv
1240,1,1,0,2b.csv
1240,1,0,1,2c.csv
1240,1,0,1,2d.csv
1240,0,0,0,2e.csv
1240,1,1,0,2f.csv
1240,0,0,0,2g.csv
1240,1,1,0,2h.csv
1240,1,1,0,2i.csv
1240,0,0,0,2j.csv
1240,0,0,0,2k.csv
1240,2,2,0,2l.csv
1240,25,19,6,3a.csv
1240,14,14,0,3b.csv
1240,3,3,0,3c.csv
1240,3,3,0,3d.csv
1240,36,16,20,3e.csv
1240,4,3,1,3f.csv
1240,1,0,1,3g.csv
1241,4,2,2,1a.csv
1241,3,2,1,1b.csv
1241,5,3,2,1c.csv
1241,0,0,0,1e.csv
1241,4,1,3,1f.csv
1241,1,0,1,1g.csv
1241,5,5,0,1h.csv
1241,0,0,0,1i.csv
1241,0,0,0,1j.csv
1241,0,0,0,1k.csv
1241,0,0,0,1l.csv
1241,1,1,0,1m.csv
1241,0,0,0,2a.csv
1241,2,2,0,2b.csv
1241,1,0,1,2c.csv
1241,1,0,1,2d.csv
1241,0,0,0,2e.csv
1241,1,1,0,2f.csv
1241,0,0,0,2g.csv
1241,1,1,0,2h.csv
1241,1,1,0,2i.csv
1241,0,0,0,2j.csv
1241,0,0,0,2k.csv
1241,2,2,0,2l.csv
1241,27,21,6,3a.csv
1241,13,13,0,3b.csv
1241,5,5,0,3c.csv
1241,5,5,0,3d.csv
1241,39,19,20,3e.csv
1241,3,3,0,3f.csv
1241,1,0,1,3g.csv
1242,4,2,2,1a.csv
1242,4,3,1,1b.csv
1242,3,2,1,1c.csv
1242,0,0,0,1e.csv
1242,3,0,3,1f.csv
1242,1,0,1,1g.csv
1242,5,5,0,1h.csv
1242,0,0,0,1i.csv
1242,0,0,0,1j.csv
1242,0,0,0,1k.csv
1242,0,0,0,1l.csv
1242,1,1,0,1m.csv
1242,0,0,0,2a.csv
1242,2,2,0,2b.csv
1242,1,0,1,2c.csv
1242,1,0,1,2d.csv
1242,0,0,0,2e.csv
1242,1,1,0,2f.csv
1242,0,0,0,2g.csv
1242,1,1,0,2h.csv
1242,1,1,0,2i.csv
1242,0,0,0,2j.csv
1242,1,1,0,2k.csv
1242,2,2,0,2l.csv
1242,27,19,8,3a.csv
1242,13,12,1,3b.csv
1242,6,6,0,3c.csv
1242,6,6,0,3d.csv
1242,45,25,20,3e.csv
1242,3,3,0,3f.csv
1242,1,0,1,3g.csv
1243,4,2,2,1a.csv
1243,4,3,1,1b.csv
1243,2,2,0,1c.csv
1243,0,0,0,1e.csv
1243,4,1,3,1f.csv
1243,1,0,1,1g.csv
1243,6,6,0,1h.csv
1243,0,0,0,1i.csv
1243,0,0,0,1j.csv
1243,0,0,0,1k.csv
1243,0,0,0,1l.csv
1243,0,0,0,1m.csv
1243,0,0,0,2a.csv
1243,2,2,0,2b.csv
1243,1,0,1,2c.csv
1243,0,0,0,2d.csv
1243,0,0,0,2e.csv
1243,1,1,0,2f.csv
1243,0,0,0,2g.csv
1243,1,1,0,2h.csv
1243,0,0,0,2i.csv
1243,0,0,0,2j.csv
1243,1,1,0,2k.csv
1243,3,3,0,2l.csv
1243,26,19,7,3a.csv
1243,10,9,1,3b.csv
1243,5,5,0,3c.csv
1243,5,5,0,3d.csv
1243,47,25,22,3e.csv
1243,2,2,0,3f.csv
1243,2,1,1,3g.csv
1244,4,2,2,1a.csv
1244,5,4,1,1b.csv
1244,3,3,0,1c.csv
1244,0,0,0,1e.csv
1244,5,2,3,1f.csv
1244,1,0,1,1g.csv
1244,5,5,0,1h.csv
1244,0,0,0,1i.csv
1244,0,0,0,1j.csv
1244,0,0,0,1k.csv
1244,0,0,0,1l.csv
1244,0,0,0,1m.csv
1244,0,0,0,2a.csv
1244,3,3,0,2b.csv
1244,1,0,1,2c.csv
1244,0,0,0,2d.csv
1244,0,0,0,2e.csv
1244,1,1,0,2f.csv
1244,0,0,0,2g.csv
1244,1,1,0,2h.csv
1244,0,0,0,2i.csv
1244,0,0,0,2j.csv
1244,2,1,1,2k.csv
1244,4,4,0,2l.csv
1244,30,23,7,3a.csv
1244,10,9,1,3b.csv
1244,5,5,0,3c.csv
1244,5,5,0,3d.csv
1244,46,24,22,3e.csv
1244,1,1,0,3f.csv
1244,2,1,1,3g.csv
1245,6,4,2,1a.csv
1245,5,3,2,1b.csv
1245,1,1,0,1c.csv
1245,0,0,0,1e.csv
1245,5,3,2,1f.csv
1245,1,0,1,1g.csv
1245,4,4,0,1h.csv
1245,0,0,0,1i.csv
1245,0,0,0,1j.csv
1245,0,0,0,1k.csv
1245,0,0,0,1l.csv
1245,0,0,0,1m.csv
1245,0,0,0,2a.csv
1245,3,3,0,2b.csv
1245,0,0,0,2c.csv
1245,0,0,0,2d.csv
1245,0,0,0,2e.csv
1245,2,1,1,2f.csv
1245,0,0,0,2g.csv
1245,1,1,0,2h.csv
1245,0,0,0,2i.csv
1245,0,0,0,2j.csv
1245,2,1,1,2k.csv
1245,3,3,0,2l.csv
1245,33,26,7,3a.csv
1245,12,11,1,3b.csv
1245,4,4,0,3c.csv
1245,4,4,0,3d.csv
1245,41,24,17,3e.csv
1245,1,1,0,3f.csv
1245,3,2,1,3g.csv
1246,9,6,3,1a.csv
1246,7,5,2,1b.csv
1246,1,1,0,1c.csv
1246,0,0,0,1e.csv
1246,6,4,2,1f.csv
1246,1,0,1,1g.csv
1246,4,4,0,1h.csv
1246,0,0,0,1i.csv
1246,0,0,0,1j.csv
1246,0,0,0,1k.csv
1246,0,0,0,1l.csv
1246,0,0,0,1m.csv
1246,0,0,0,2a.csv
1246,3,3,0,2b.csv
1246,0,0,0,2c.csv
1246,0,0,0,2d.csv
1246,0,0,0,2e.csv
1246,2,1,1,2f.csv
1246,0,0,0,2g.csv
1246,1,1,0,2h.csv
1246,0,0,0,2i.csv
1246,0,0,0,2j.csv
1246,2,1,1,2k.csv
1246,3,3,0,2l.csv
1246,37,27,10,3a.csv
1246,12,11,1,3b.csv
1246,4,4,0,3c.csv
1246,4,4,0,3d.csv
1246,43,28,15,3e.csv
1246,1,1,0,3f.csv
1246,4,4,0,3g.csv
1247,8,5,3,1a.csv
1247,9,7,2,1b.csv
1247,4,2,2,1c.csv
1247,0,0,0,1e.csv
1247,7,5,2,1f.csv
1247,1,0,1,1g.csv
1247,6,5,1,1h.csv
1247,0,0,0,1i.csv
1247,0,0,0,1j.csv
1247,0,0,0,1k.csv
1247,0,0,0,1l.csv
1247,1,1,0,1m.csv
1247,0,0,0,2a.csv
1247,3,3,0,2b.csv
1247,0,0,0,2c.csv
1247,0,0,0,2d.csv
1247,0,0,0,2e.csv
1247,1,0,1,2f.csv
1247,0,0,0,2g.csv
1247,1,1,0,2h.csv
1247,0,0,0,2i.csv
1247,0,0,0,2j.csv
1247,2,1,1,2k.csv
1247,2,2,0,2l.csv
1247,43,32,11,3a.csv
1247,12,10,2,3b.csv
1247,5,5,0,3c.csv
1247,5,5,0,3d.csv
1247,45,30,15,3e.csv
1247,1,1,0,3f.csv
1247,4,4,0,3g.csv
1248,9,7,2,1a.csv
1248,10,7,3,1b.csv
1248,4,2,2,1c.csv
1248,0,0,0,1e.csv
1248,6,6,0,1f.csv
1248,1,0,1,1g.csv
1248,6,5,1,1h.csv
1248,0,0,0,1i.csv
1248,0,0,0,1j.csv
1248,0,0,0,1k.csv
1248,0,0,0,1l.csv
1248,1,1,0,1m.csv
1248,0,0,0,2a.csv
1248,3,3,0,2b.csv
1248,0,0,0,2c.csv
1248,0,0,0,2d.csv
1248,0,0,0,2e.csv
1248,1,0,1,2f.csv
1248,0,0,0,2g.csv
1248,0,0,0,2h.csv
1248,0,0,0,2i.csv
1248,0,0,0,2j.csv
1248,2,1,1,2k.csv
1248,2,2,0,2l.csv
1248,54,40,14,3a.csv
1248,10,8,2,3b.csv
1248,5,5,0,3c.csv
1248,5,5,0,3d.csv
1248,45,29,16,3e.csv
1248,3,3,0,3f.csv
1248,4,4,0,3g.csv
1249,10,9,1,1a.csv
1249,13,10,3,1b.csv
1249,4,2,2,1c.csv
1249,1,1,0,1e.csv
1249,7,7,0,1f.csv
1249,0,0,0,1g.csv
1249,4,3,1,1h.csv
1249,0,0,0,1i.csv
1249,0,0,0,1j.csv
1249,0,0,0,1k.csv
1249,0,0,0,1l.csv
1249,1,1,0,1m.csv
1249,0,0,0,2a.csv
1249,2,2,0,2b.csv
1249,0,0,0,2c.csv
1249,0,0,0,2d.csv
1249,0,0,0,2e.csv
1249,1,0,1,2f.csv
1249,0,0,0,2g.csv
1249,1,0,1,2h.csv
1249,0,0,0,2i.csv
1249,0,0,0,2j.csv
1249,2,1,1,2k.csv
1249,2,2,0,2l.csv
1249,62,43,19,3a.csv
1249,13,10,3,3b.csv
1249,4,4,0,3c.csv
1249,4,4,0,3d.csv
1249,42,29,13,3e.csv
1249,3,3,0,3f.csv
1249,4,4,0,3g.csv
1250,11,9,2,1a.csv
1250,11,9,2,1b.csv
1250,4,2,2,1c.csv
1250,1,1,0,1e.csv
1250,7,7,0,1f.csv
1250,0,0,0,1g.csv
1250,4,3,1,1h.csv
1250,0,0,0,1i.csv
1250,0,0,0,1j.csv
1250,0,0,0,1k.csv
1250,0,0,0,1l.csv
1250,1,1,0,1m.csv
1250,0,0,0,2a.csv
1250,2,2,0,2b.csv
1250,0,0,0,2c.csv
1250,1,1,0,2d.csv
1250,0,0,0,2e.csv
1250,1,0,1,2f.csv
1250,0,0,0,2g.csv
1250,1,0,1,2h.csv
1250,0,0,0,2i.csv
1250,0,0,0,2j.csv
1250,1,0,1,2k.csv
1250,2,2,0,2l.csv
1250,74,53,21,3a.csv
1250,12,9,3,3b.csv
1250,3,3,0,3c.csv
1250,3,3,0,3d.csv
1250,38,27,11,3e.csv
1250,3,3,0,3f.csv
1250,4,4,0,3g.csv
1251,11,9,2,1a.csv
1251,10,8,2,1b.csv
1251,4,2,2,1c.csv
1251,1,1,0,1e.csv
1251,6,6,0,1f.csv
1251,0,0,0,1g.csv
1251,3,2,1,1h.csv
1251,0,0,0,1i.csv
1251,0,0,0,1j.csv
1251,0,0,0,1k.csv
1251,0,0,0,1l.csv
1251,1,1,0,1m.csv
1251,1,0,1,2a.csv
1251,2,2,0,2b.csv
1251,1,1,0,2c.csv
1251,2,1,1,2d.csv
1251,0,0,0,2e.csv
1251,1,0,1,2f.csv
1251,0,0,0,2g.csv
1251,1,0,1,2h.csv
1251,0,0,0,2i.csv
1251,0,0,0,2j.csv
1251,2,1,1,2k.csv
1251,1,1,0,2l.csv
1251,84,61,23,3a.csv
1251,11,8,3,3b.csv
1251,5,5,0,3c.csv
1251,5,5,0,3d.csv
1251,35,24,11,3e.csv
1251,4,3,1,3f.csv
1251,4,4,0,3g.csv
1252,11,9,2,1a.csv
1252,9,7,2,1b.csv
1252,4,2,2,1c.csv
1252,1,1,0,1e.csv
1252,6,6,0,1f.csv
1252,0,0,0,1g.csv
1252,3,2,1,1h.csv
1252,0,0,0,1i.csv
1252,0,0,0,1j.csv
1252,0,0,0,1k.csv
1252,0,0,0,1l.csv
1252,1,1,0,1m.csv
1252,1,0,1,2a.csv
1252,1,1,0,2b.csv
1252,1,1,0,2c.csv
1252,2,1,1,2d.csv
1252,0,0,0,2e.csv
1252,1,0,1,2f.csv
1252,0,0,0,2g.csv
1252,2,1,1,2h.csv
1252,0,0,0,2i.csv
1252,0,0,0,2j.csv
1252,1,1,0,2k.csv
1252,0,0,0,2l.csv
1252,94,68,26,3a.csv
1252,9,6,3,3b.csv
1252,5,5,0,3c.csv
1252,5,5,0,3d.csv
1252,42,31,11,3e.csv
1252,5,4,1,3f.csv
1252,4,4,0,3g.csv
1253,10,8,2,1a.csv
1253,8,7,1,1b.csv
1253,6,2,4,1c.csv
1253,1,1,0,1e.csv
1253,5,5,0,1f.csv
1253,0,0,0,1g.csv
1253,3,2,1,1h.csv
1253,0,0,0,1i.csv
1253,0,0,0,1j.csv
1253,0,0,0,1k.csv
1253,0,0,0,1l.csv
1253,1,1,0,1m.csv
1253,1,0,1,2a.csv
1253,2,2,0,2b.csv
1253,1,1,0,2c.csv
1253,2,1,1,2d.csv
1253,0,0,0,2e.csv
1253,0,0,0,2f.csv
1253,0,0,0,2g.csv
1253,2,1,1,2h.csv
1253,0,0,0,2i.csv
1253,0,0,0,2j.csv
1253,1,1,0,2k.csv
1253,0,0,0,2l.csv
1253,108,79,29,3a.csv
1253,9,6,3,3b.csv
1253,6,6,0,3c.csv
1253,6,6,0,3d.csv
1253,48,34,14,3e.csv
1253,5,4,1,3f.csv
1253,3,3,0,3g.csv
1254,8,7,1,1a.csv
1254,7,6,1,1b.csv
1254,6,2,4,1c.csv
1254,1,1,0,1e.csv
1254,5,5,0,1f.csv
1254,0,0,0,1g.csv
1254,2,1,1,1h.csv
1254,0,0,0,1i.csv
1254,0,0,0,1j.csv
1254,0,0,0,1k.csv
1254,0,0,0,1l.csv
1254,1,1,0,1m.csv
1254,1,0,1,2a.csv
1254,2,2,0,2b.csv
1254,1,1,0,2c.csv
1254,2,1,1,2d.csv
1254,0,0,0,2e.csv
1254,0,0,0,2f.csv
1254,0,0,0,2g.csv
1254,2,1,1,2h.csv
1254,0,0,0,2i.csv
1254,0,0,0,2j.csv
1254,1,1,0,2k.csv
1254,0,0,0,2l.csv
1254,116,89,27,3a.csv
1254,10,7,3,3b.csv
1254,5,5,0,3c.csv
1254,5,5,0,3d.csv
1254,48,33,15,3e.csv
1254,5,4,1,3f.csv
1254,1,1,0,3g.csv
1255,9,8,1,1a.csv
1255,5,4,1,1b.csv
1255,4,1,3,1c.csv
1255,1,1,0,1e.csv
1255,4,4,0,1f.csv
1255,0,0,0,1g.csv
1255,0,0,0,1h.csv
1255,0,0,0,1i.csv
1255,0,0,0,1j.csv
1255,0,0,0,1k.csv
1255,0,0,0,1l.csv
1255,0,0,0,1m.csv
1255,2,1,1,2a.csv
1255,2,2,0,2b.csv
1255,1,1,0,2c.csv
1255,2,1,1,2d.csv
1255,0,0,0,2e.csv
1255,0,0,0,2f.csv
1255,0,0,0,2g.csv
1255,2,1,1,2h.csv
1255,0,0,0,2i.csv
1255,0,0,0,2j.csv
1255,1,1,0,2k.csv
1255,1,1,0,2l.csv
1255,121,86,35,3a.csv
1255,11,9,2,3b.csv
1255,4,4,0,3c.csv
1255,4,4,0,3d.csv
1255,45,31,14,3e.csv
1255,6,5,1,3f.csv
1255,1,1,0,3g.csv
1256,9,8,1,1a.csv
1256,4,4,0,1b.csv
1256,7,2,5,1c.csv
1256,2,2,0,1e.csv
1256,4,3,1,1f.csv
1256,0,0,0,1g.csv
1256,0,0,0,1h.csv
1256,0,0,0,1i.csv
1256,0,0,0,1j.csv
1256,0,0,0,1k.csv
1256,0,0,0,1l.csv
1256,0,0,0,1m.csv
1256,2,1,1,2a.csv
1256,1,1,0,2b.csv
1256,2,2,0,2c.csv
1256,2,1,1,2d.csv
1256,0,0,0,2e.csv
1256,0,0,0,2f.csv
1256,0,0,0,2g.csv
1256,2,1,1,2h.csv
1256,0,0,0,2i.csv
1256,0,0,0,2j.csv
1256,1,1,0,2k.csv
1256,1,1,0,2l.csv
1256,118,85,33,3a.csv
1256,13,11,2,3b.csv
1256,4,4,0,3c.csv
1256,4,4,0,3d.csv
1256,47,33,14,3e.csv
1256,4,3,1,3f.csv
1256,1,1,0,3g.csv
1257,8,7,1,1a.csv
1257,1,1,0,1b.csv
1257,8,2,6,1c.csv
1257,1,1,0,1e.csv
1257,3,2,1,1f.csv
1257,0,0,0,1g.csv
1257,0,0,0,1h.csv
1257,0,0,0,1i.csv
1257,0,0,0,1j.csv
1257,0,0,0,1k.csv
1257,0,0,0,1l.csv
1257,0,0,0,1m.csv
1257,2,1,1,2a.csv
1257,1,1,0,2b.csv
1257,2,2,0,2c.csv
1257,2,1,1,2d.csv
1257,0,0,0,2e.csv
1257,0,0,0,2f.csv
1257,0,0,0,2g.csv
1257,1,1,0,2h.csv
1257,0,0,0,2i.csv
1257,0,0,0,2j.csv
1257,1,1,0,2k.csv
1257,1,1,0,2l.csv
1257,119,89,30,3a.csv
1257,13,12,1,3b.csv
1257,3,3,0,3c.csv
1257,3,3,0,3d.csv
1257,51,36,15,3e.csv
1257,3,2,1,3f.csv
1257,1,1,0,3g.csv
1258,7,7,0,1a.csv
1258,1,1,0,1b.csv
1258,9,2,7,1c.csv
1258,1,1,0,1e.csv
1258,3,2,1,1f.csv
1258,0,0,0,1g.csv
1258,0,0,0,1h.csv
1258,0,0,0,1i.csv
1258,0,0,0,1j.csv
1258,0,0,0,1k.csv
1258,0,0,0,1l.csv
1258,0,0,0,1m.csv
1258,2,1,1,2a.csv
1258,1,1,0,2b.csv
1258,2,2,0,2c.csv
1258,1,0,1,2d.csv
1258,0,0,0,2e.csv
1258,0,0,0,2f.csv
1258,0,0,0,2g.csv
1258,1,1,0,2h.csv
1258,0,0,0,2i.csv
1258,0,0,0,2j.csv
1258,1,1,0,2k.csv
1258,1,1,0,2l.csv
1258,116,89,27,3a.csv
1258,13,13,0,3b.csv
1258,4,4,0,3c.csv
1258,4,4,0,3d.csv
1258,51,37,14,3e.csv
1258,3,2,1,3f.csv
1258,1,1,0,3g.csv
1259,6,6,0,1a.csv
1259,2,2,0,1b.csv
1259,11,3,8,1c.csv
1259,1,1,0,1e.csv
1259,6,2,4,1f.csv
1259,0,0,0,1g.csv
1259,1,0,1,1h.csv
1259,0,0,0,1i.csv
1259,0,0,0,1j.csv
1259,0,0,0,1k.csv
1259,0,0,0,1l.csv
1259,0,0,0,1m.csv
1259,1,1,0,2a.csv
1259,1,1,0,2b.csv
1259,1,1,0,2c.csv
1259,0,0,0,2d.csv
1259,0,0,0,2e.csv
1259,0,0,0,2f.csv
1259,0,0,0,2g.csv
1259,1,1,0,2h.csv
1259,0,0,0,2i.csv
1259,0,0,0,2j.csv
1259,0,0,0,2k.csv
1259,2,2,0,2l.csv
1259,119,90,29,3a.csv
1259,15,15,0,3b.csv
1259,2,2,0,3c.csv
1259,2,2,0,3d.csv
1259,58,44,14,3e.csv
1259,2,2,0,3f.csv
1259,0,0,0,3g.csv
1260,8,8,0,1a.csv
1260,2,2,0,1b.csv
1260,10,2,8,1c.csv
1260,1,1,0,1e.csv
1260,6,1,5,1f.csv
1260,0,0,0,1g.csv
1260,1,0,1,1h.csv
1260,0,0,0,1i.csv
1260,0,0,0,1j.csv
1260,0,0,0,1k.csv
1260,0,0,0,1l.csv
1260,0,0,0,1m.csv
1260,1,1,0,2a.csv
1260,1,1,0,2b.csv
1260,1,1,0,2c.csv
1260,0,0,0,2d.csv
1260,0,0,0,2e.csv
1260,0,0,0,2f.csv
1260,1,1,0,2g.csv
1260,0,0,0,2h.csv
1260,0,0,0,2i.csv
1260,0,0,0,2j.csv
1260,0,0,0,2k.csv
1260,2,2,0,2l.csv
1260,117,90,27,3a.csv
1260,18,18,0,3b.csv
1260,2,2,0,3c.csv
1260,2,2,0,3d.csv
1260,54,42,12,3e.csv
1260,2,2,0,3f.csv
1260,0,0,0,3g.csv
1261,8,7,1,1a.csv
1261,2,2,0,1b.csv
1261,9,3,6,1c.csv
1261,1,1,0,1e.csv
1261,7,2,5,1f.csv
1261,0,0,0,1g.csv
1261,1,0,1,1h.csv
1261,0,0,0,1i.csv
1261,1,1,0,1j.csv
1261,0,0,0,1k.csv
1261,0,0,0,1l.csv
1261,0,0,0,1m.csv
1261,1,1,0,2a.csv
1261,0,0,0,2b.csv
1261,1,1,0,2c.csv
1261,0,0,0,2d.csv
1261,0,0,0,2e.csv
1261,0,0,0,2f.csv
1261,1,1,0,2g.csv
1261,0,0,0,2h.csv
1261,0,0,0,2i.csv
1261,0,0,0,2j.csv
1261,0,0,0,2k.csv
1261,2,2,0,2l.csv
1261,119,89,30,3a.csv
1261,19,19,0,3b.csv
1261,2,2,0,3c.csv
1261,2,2,0,3d.csv
1261,49,41,8,3e.csv
1261,2,2,0,3f.csv
1261,0,0,0,3g.csv
1262,7,6,1,1a.csv
1262,2,2,0,1b.csv
1262,10,4,6,1c.csv
1262,1,1,0,1e.csv
1262,7,1,6,1f.csv
1262,0,0,0,1g.csv
1262,1,0,1,1h.csv
1262,0,0,0,1i.csv
1262,1,1,0,1j.csv
1262,0,0,0,1k.csv
1262,0,0,0,1l.csv
1262,0,0,0,1m.csv
1262,1,1,0,2a.csv
1262,0,0,0,2b.csv
1262,1,1,0,2c.csv
1262,0,0,0,2d.csv
1262,0,0,0,2e.csv
1262,0,0,0,2f.csv
1262,1,1,0,2g.csv
1262,0,0,0,2h.csv
1262,0,0,0,2i.csv
1262,0,0,0,2j.csv
1262,0,0,0,2k.csv
1262,3,3,0,2l.csv
1262,123,92,31,3a.csv
1262,25,24,1,3b.csv
1262,2,2,0,3c.csv
1262,2,2,0,3d.csv
1262,50,39,11,3e.csv
1262,2,2,0,3f.csv
1262,0,0,0,3g.csv
1263,6,5,1,1a.csv
1263,2,2,0,1b.csv
1263,10,5,5,1c.csv
1263,1,1,0,1e.csv
1263,7,1,6,1f.csv
1263,0,0,0,1g.csv
1263,2,0,2,1h.csv
1263,0,0,0,1i.csv
1263,1,1,0,1j.csv
1263,0,0,0,1k.csv
1263,0,0,0,1l.csv
1263,1,0,1,1m.csv
1263,0,0,0,2a.csv
1263,0,0,0,2b.csv
1263,2,2,0,2c.csv
1263,0,0,0,2d.csv
1263,0,0,0,2e.csv
1263,0,0,0,2f.csv
1263,1,1,0,2g.csv
1263,0,0,0,2h.csv
1263,0,0,0,2i.csv
1263,0,0,0,2j.csv
1263,0,0,0,2k.csv
1263,2,2,0,2l.csv
1263,129,102,27,3a.csv
1263,28,27,1,3b.csv
1263,2,2,0,3c.csv
1263,2,2,0,3d.csv
1263,51,41,10,3e.csv
1263,2,2,0,3f.csv
1263,0,0,0,3g.csv
1264,5,4,1,1a.csv
1264,3,3,0,1b.csv
1264,8,5,3,1c.csv
1264,0,0,0,1e.csv
1264,7,1,6,1f.csv
1264,0,0,0,1g.csv
1264,2,0,2,1h.csv
1264,0,0,0,1i.csv
1264,1,1,0,1j.csv
1264,0,0,0,1k.csv
1264,0,0,0,1l.csv
1264,1,0,1,1m.csv
1264,0,0,0,2a.csv
1264,0,0,0,2b.csv
1264,1,1,0,2c.csv
1264,0,0,0,2d.csv
1264,0,0,0,2e.csv
1264,0,0,0,2f.csv
1264,1,1,0,2g.csv
1264,0,0,0,2h.csv
1264,0,0,0,2i.csv
1264,0,0,0,2j.csv
1264,0,0,0,2k.csv
1264,2,2,0,2l.csv
1264,134,108,26,3a.csv
1264,30,27,3,3b.csv
1264,2,2,0,3c.csv
1264,2,2,0,3d.csv
1264,44,36,8,3e.csv
1264,3,2,1,3f.csv
1264,0,0,0,3g.csv
1265,5,3,2,1a.csv
1265,3,3,0,1b.csv
1265,8,5,3,1c.csv
1265,2,1,1,1e.csv
1265,8,1,7,1f.csv
1265,0,0,0,1g.csv
1265,2,0,2,1h.csv
1265,1,1,0,1i.csv
1265,2,2,0,1j.csv
1265,0,0,0,1k.csv
1265,0,0,0,1l.csv
1265,1,0,1,1m.csv
1265,0,0,0,2a.csv
1265,0,0,0,2b.csv
1265,1,1,0,2c.csv
1265,0,0,0,2d.csv
1265,0,0,0,2e.csv
1265,0,0,0,2f.csv
1265,1,1,0,2g.csv
1265,0,0,0,2h.csv
1265,0,0,0,2i.csv
1265,0,0,0,2j.csv
1265,1,1,0,2k.csv
1265,2,2,0,2l.csv
1265,135,108,27,3a.csv
1265,34,31,3,3b.csv
1265,3,3,0,3c.csv
1265,3,3,0,3d.csv
1265,39,31,8,3e.csv
1265,3,2,1,3f.csv
1265,0,0,0,3g.csv
1266,5,3,2,1a.csv
1266,3,3,0,1b.csv
1266,8,6,2,1c.csv
1266,2,1,1,1e.csv
1266,8,1,7,1f.csv
1266,0,0,0,1g.csv
1266,2,0,2,1h.csv
1266,2,2,0,1i.csv
1266,2,2,0,1j.csv
1266,0,0,0,1k.csv
1266,0,0,0,1l.csv
1266,1,0,1,1m.csv
1266,0,0,0,2a.csv
1266,0,0,0,2b.csv
1266,1,1,0,2c.csv
1266,0,0,0,2d.csv
1266,0,0,0,2e.csv
1266,0,0,0,2f.csv
1266,1,1,0,2g.csv
1266,0,0,0,2h.csv
1266,0,0,0,2i.csv
1266,0,0,0,2j.csv
1266,1,1,0,2k.csv
1266,2,2,0,2l.csv
1266,133,105,28,3a.csv
1266,33,30,3,3b.csv
1266,2,2,0,3c.csv
1266,2,2,0,3d.csv
1266,36,27,9,3e.csv
1266,3,2,1,3f.csv
1266,0,0,0,3g.csv
1267,6,4,2,1a.csv
1267,2,2,0,1b.csv
1267,6,5,1,1c.csv
1267,2,1,1,1e.csv
1267,5,1,4,1f.csv
1267,0,0,0,1g.csv
1267,2,1,1,1h.csv
1267,2,2,0,1i.csv
1267,3,3,0,1j.csv
1267,0,0,0,1k.csv
1267,0,0,0,1l.csv
1267,1,0,1,1m.csv
1267,1,1,0,2a.csv
1267,0,0,0,2b.csv
1267,3,2,1,2c.csv
1267,0,0,0,2d.csv
1267,0,0,0,2e.csv
1267,0,0,0,2f.csv
1267,1,1,0,2g.csv
1267,0,0,0,2h.csv
1267,0,0,0,2i.csv
1267,0,0,0,2j.csv
1267,1,1,0,2k.csv
1267,1,1,0,2l.csv
1267,128,103,25,3a.csv
1267,34,30,4,3b.csv
1267,5,5,0,3c.csv
1267,5,5,0,3d.csv
1267,32,23,9,3e.csv
1267,3,2,1,3f.csv
1267,0,0,0,3g.csv
1268,5,2,3,1a.csv
1268,2,2,0,1b.csv
1268,7,5,2,1c.csv
1268,2,1,1,1e.csv
1268,5,1,4,1f.csv
1268,0,0,0,1g.csv
1268,2,1,1,1h.csv
1268,3,2,1,1i.csv
1268,3,3,0,1j.csv
1268,0,0,0,1k.csv
1268,0,0,0,1l.csv
1268,1,0,1,1m.csv
1268,1,1,0,2a.csv
1268,0,0,0,2b.csv
1268,3,2,1,2c.csv
1268,0,0,0,2d.csv
1268,0,0,0,2e.csv
1268,0,0,0,2f.csv
1268,1,1,0,2g.csv
1268,0,0,0,2h.csv
1268,0,0,0,2i.csv
1268,0,0,0,2j.csv
1268,1,1,0,2k.csv
1268,1,1,0,2l.csv
1268,127,100,27,3a.csv
1268,33,28,5,3b.csv
1268,6,6,0,3c.csv
1268,6,6,0,3d.csv
1268,30,19,11,3e.csv
1268,2,1,1,3f.csv
1268,2,2,0,3g.csv
1269,4,2,2,1a.csv
1269,2,2,0,1b.csv
1269,6,4,2,1c.csv
1269,2,1,1,1e.csv
1269,5,0,5,1f.csv
1269,0,0,0,1g.csv
1269,3,2,1,1h.csv
1269,3,2,1,1i.csv
1269,2,2,0,1j.csv
1269,0,0,0,1k.csv
1269,0,0,0,1l.csv
1269,1,0,1,1m.csv
1269,1,1,0,2a.csv
1269,0,0,0,2b.csv
1269,3,2,1,2c.csv
1269,0,0,0,2d.csv
1269,0,0,0,2e.csv
1269,0,0,0,2f.csv
1269,1,1,0,2g.csv
1269,0,0,0,2h.csv
1269,0,0,0,2i.csv
1269,0,0,0,2j.csv
1269,1,1,0,2k.csv
1269,1,1,0,2l.csv
1269,116,95,21,3a.csv
1269,34,29,5,3b.csv
1269,5,5,0,3c.csv
1269,5,5,0,3d.csv
1269,27,15,12,3e.csv
1269,2,1,1,3f.csv
1269,4,3,1,3g.csv
1270,5,3,2,1a.csv
1270,1,1,0,1b.csv
1270,6,3,3,1c.csv
1270,2,1,1,1e.csv
1270,5,0,5,1f.csv
1270,0,0,0,1g.csv
1270,3,2,1,1h.csv
1270,3,2,1,1i.csv
1270,2,2,0,1j.csv
1270,0,0,0,1k.csv
1270,0,0,0,1l.csv
1270,2,1,1,1m.csv
1270,1,1,0,2a.csv
1270,0,0,0,2b.csv
1270,3,2,1,2c.csv
1270,0,0,0,2d.csv
1270,0,0,0,2e.csv
1270,0,0,0,2f.csv
1270,1,1,0,2g.csv
1270,0,0,0,2h.csv
1270,0,0,0,2i.csv
1270,0,0,0,2j.csv
1270,1,1,0,2k.csv
1270,0,0,0,2l.csv
1270,107,85,22,3a.csv
1270,27,23,4,3b.csv
1270,6,6,0,3c.csv
1270,6,6,0,3d.csv
1270,27,18,9,3e.csv
1270,2,1,1,3f.csv
1270,4,3,1,3g.csv
1271,5,3,2,1a.csv
1271,1,1,0,1b.csv
1271,7,2,5,1c.csv
1271,2,1,1,1e.csv
1271,6,1,5,1f.csv
1271,0,0,0,1g.csv
1271,2,2,0,1h.csv
1271,3,2,1,1i.csv
1271,2,2,0,1j.csv
1271,0,0,0,1k.csv
1271,0,0,0,1l.csv
1271,1,1,0,1m.csv
1271,1,1,0,2a.csv
1271,0,0,0,2b.csv
1271,3,2,1,2c.csv
1271,0,0,0,2d.csv
1271,0,0,0,2e.csv
1271,0,0,0,2f.csv
1271,1,1,0,2g.csv
1271,0,0,0,2h.csv
1271,0,0,0,2i.csv
1271,0,0,0,2j.csv
1271,2,2,0,2k.csv
1271,0,0,0,2l.csv
1271,95,78,17,3a.csv
1271,22,18,4,3b.csv
1271,8,8,0,3c.csv
1271,8,8,0,3d.csv
1271,23,15,8,3e.csv
1271,1,0,1,3f.csv
1271,4,3,1,3g.csv
1272,4,2,2,1a.csv
1272,0,0,0,1b.csv
1272,6,1,5,1c.csv
1272,3,2,1,1e.csv
1272,5,1,4,1f.csv
1272,0,0,0,1g.csv
1272,2,2,0,1h.csv
1272,3,2,1,1i.csv
1272,2,2,0,1j.csv
1272,0,0,0,1k.csv
1272,0,0,0,1l.csv
1272,1,1,0,1m.csv
1272,2,1,1,2a.csv
1272,0,0,0,2b.csv
1272,5,4,1,2c.csv
1272,0,0,0,2d.csv
1272,0,0,0,2e.csv
1272,0,0,0,2f.csv
1272,1,1,0,2g.csv
1272,0,0,0,2h.csv
1272,0,0,0,2i.csv
1272,0,0,0,2j.csv
1272,2,2,0,2k.csv
1272,0,0,0,2l.csv
1272,85,67,18,3a.csv
1272,18,15,3,3b.csv
1272,9,8,1,3c.csv
1272,9,8,1,3d.csv
1272,25,17,8,3e.csv
1272,0,0,0,3f.csv
1272,6,5,1,3g.csv
1273,4,3,1,1a.csv
1273,1,1,0,1b.csv
1273,6,2,4,1c.csv
1273,1,1,0,1e.csv
1273,4,1,3,1f.csv
1273,0,0,0,1g.csv
1273,2,2,0,1h.csv
1273,3,1,2,1i.csv
1273,2,2,0,1j.csv
1273,0,0,0,1k.csv
1273,0,0,0,1l.csv
1273,1,1,0,1m.csv
1273,3,2,1,2a.csv
1273,0,0,0,2b.csv
1273,5,4,1,2c.csv
1273,0,0,0,2d.csv
1273,0,0,0,2e.csv
1273,0,0,0,2f.csv
1273,1,1,0,2g.csv
1273,0,0,0,2h.csv
1273,0,0,0,2i.csv
1273,0,0,0,2j.csv
1273,1,1,0,2k.csv
1273,0,0,0,2l.csv
1273,75,60,15,3a.csv
1273,11,8,3,3b.csv
1273,9,8,1,3c.csv
1273,9,8,1,3d.csv
1273,24,16,8,3e.csv
1273,1,1,0,3f.csv
1273,6,5,1,3g.csv
1274,6,4,2,1a.csv
1274,2,2,0,1b.csv
1274,5,1,4,1c.csv
1274,1,1,0,1e.csv
1274,4,1,3,1f.csv
1274,0,0,0,1g.csv
1274,2,2,0,1h.csv
1274,2,0,2,1i.csv
1274,2,2,0,1j.csv
1274,0,0,0,1k.csv
1274,0,0,0,1l.csv
1274,1,1,0,1m.csv
1274,3,2,1,2a.csv
1274,0,0,0,2b.csv
1274,5,4,1,2c.csv
1274,0,0,0,2d.csv
1274,0,0,0,2e.csv
1274,0,0,0,2f.csv
1274,1,1,0,2g.csv
1274,0,0,0,2h.csv
1274,0,0,0,2i.csv
1274,0,0,0,2j.csv
1274,2,2,0,2k.csv
1274,1,1,0,2l.csv
1274,68,55,13,3a.csv
1274,12,9,3,3b.csv
1274,10,9,1,3c.csv
1274,10,9,1,3d.csv
1274,23,15,8,3e.csv
1274,2,2,0,3f.csv
1274,7,6,1,3g.csv
1275,6,3,3,1a.csv
1275,2,2,0,1b.csv
1275,5,1,4,1c.csv
1275,1,1,0,1e.csv
1275,4,1,3,1f.csv
1275,2,1,1,1g.csv
1275,1,1,0,1h.csv
1275,2,0,2,1i.csv
1275,1,1,0,1j.csv
1275,0,0,0,1k.csv
1275,0,0,0,1l.csv
1275,1,1,0,1m.csv
1275,2,1,1,2a.csv
1275,0,0,0,2b.csv
1275,3,3,0,2c.csv
1275,0,0,0,2d.csv
1275,0,0,0,2e.csv
1275,0,0,0,2f.csv
1275,1,1,0,2g.csv
1275,0,0,0,2h.csv
1275,0,0,0,2i.csv
1275,0,0,0,2j.csv
1275,3,3,0,2k.csv
1275,1,1,0,2l.csv
1275,61,48,13,3a.csv
1275,11,8,3,3b.csv
1275,7,6,1,3c.csv
1275,7,6,1,3d.csv
1275,22,15,7,3e.csv
1275,3,3,0,3f.csv
1275,7,6,1,3g.csv
1276,7,5,2,1a.csv
1276,2,2,0,1b.csv
1276,4,1,3,1c.csv
1276,1,1,0,1e.csv
1276,4,1,3,1f.csv
1276,2,1,1,1g.csv
1276,1,1,0,1h.csv
1276,1,0,1,1i.csv
1276,1,1,0,1j.csv
1276,0,0,0,1k.csv
1276,0,0,0,1l.csv
1276,2,2,0,1m.csv
1276,2,1,1,2a.csv
1276,0,0,0,2b.csv
1276,5,4,1,2c.csv
1276,0,0,0,2d.csv
1276,0,0,0,2e.csv
1276,0,0,0,2f.csv
1276,1,1,0,2g.csv
1276,0,0,0,2h.csv
1276,0,0,0,2i.csv
1276,0,0,0,2j.csv
1276,5,4,1,2k.csv
1276,1,1,0,2l.csv
1276,48,39,9,3a.csv
1276,9,7,2,3b.csv
1276,6,5,1,3c.csv
1276,6,5,1,3d.csv
1276,27,20,7,3e.csv
1276,5,5,0,3f.csv
1276,5,4,1,3g.csv
1277,7,5,2,1a.csv
1277,2,2,0,1b.csv
1277,4,1,3,1c.csv
1277,1,1,0,1e.csv
1277,4,1,3,1f.csv
1277,2,1,1,1g.csv
1277,0,0,0,1h.csv
1277,1,0,1,1i.csv
1277,1,1,0,1j.csv
1277,0,0,0,1k.csv
1277,0,0,0,1l.csv
1277,2,2,0,1m.csv
1277,2,1,1,2a.csv
1277,0,0,0,2b.csv
1277,6,5,1,2c.csv
1277,1,1,0,2d.csv
1277,0,0,0,2e.csv
1277,0,0,0,2f.csv
1277,1,1,0,2g.csv
1277,0,0,0,2h.csv
1277,0,0,0,2i.csv
1277,0,0,0,2j.csv
1277,7,5,2,2k.csv
1277,1,1,0,2l.csv
1277,45,35,10,3a.csv
1277,7,5,2,3b.csv
1277,6,5,1,3c.csv
1277,6,5,1,3d.csv
1277,26,19,7,3e.csv
1277,6,6,0,3f.csv
1277,3,3,0,3g.csv
1278,7,4,3,1a.csv
1278,2,2,0,1b.csv
1278,6,3,3,1c.csv
1278,1,1,0,1e.csv
1278,3,1,2,1f.csv
1278,2,1,1,1g.csv
1278,0,0,0,1h.csv
1278,1,0,1,1i.csv
1278,1,1,0,1j.csv
1278,0,0,0,1k.csv
1278,0,0,0,1l.csv
1278,1,1,0,1m.csv
1278,2,1,1,2a.csv
1278,0,0,0,2b.csv
1278,7,6,1,2c.csv
1278,1,1,0,2d.csv
1278,0,0,0,2e.csv
1278,0,0,0,2f.csv
1278,1,1,0,2g.csv
1278,0,0,0,2h.csv
1278,0,0,0,2i.csv
1278,0,0,0,2j.csv
1278,8,5,3,2k.csv
1278,1,1,0,2l.csv
1278,39,31,8,3a.csv
1278,9,7,2,3b.csv
1278,5,4,1,3c.csv
1278,5,4,1,3d.csv
1278,20,14,6,3e.csv
1278,8,8,0,3f.csv
1278,4,4,0,3g.csv
1279,8,5,3,1a.csv
1279,2,2,0,1b.csv
1279,4,3,1,1c.csv
1279,1,1,0,1e.csv
1279,2,0,2,1f.csv
1279,2,1,1,1g.csv
1279,0,0,0,1h.csv
1279,1,0,1,1i.csv
1279,1,1,0,1j.csv
1279,1,1,0,1k.csv
1279,0,0,0,1l.csv
1279,1,1,0,1m.csv
1279,2,1,1,2a.csv
1279,0,0,0,2b.csv
1279,6,5,1,2c.csv
1279,1,1,0,2d.csv
1279,0,0,0,2e.csv
1279,0,0,0,2f.csv
1279,1,1,0,2g.csv
1279,0,0,0,2h.csv
1279,1,1,0,2i.csv
1279,0,0,0,2j.csv
1279,7,4,3,2k.csv
1279,1,1,0,2l.csv
1279,34,24,10,3a.csv
1279,9,6,3,3b.csv
1279,4,2,2,3c.csv
1279,4,2,2,3d.csv
1279,21,14,7,3e.csv
1279,10,10,0,3f.csv
1279,5,5,0,3g.csv
1280,9,6,3,1a.csv
1280,2,2,0,1b.csv
1280,4,3,1,1c.csv
1280,0,0,0,1e.csv
1280,3,1,2,1f.csv
1280,2,1,1,1g.csv
1280,0,0,0,1h.csv
1280,2,0,2,1i.csv
1280,1,1,0,1j.csv
1280,1,1,0,1k.csv
1280,0,0,0,1l.csv
1280,1,1,0,1m.csv
1280,1,1,0,2a.csv
1280,0,0,0,2b.csv
1280,4,3,1,2c.csv
1280,1,1,0,2d.csv
1280,0,0,0,2e.csv
1280,0,0,0,2f.csv
1280,1,1,0,2g.csv
1280,0,0,0,2h.csv
1280,1,1,0,2i.csv
1280,0,0,0,2j.csv
1280,9,5,4,2k.csv
1280,1,1,0,2l.csv
1280,29,21,8,3a.csv
1280,8,6,2,3b.csv
1280,3,2,1,3c.csv
1280,3,2,1,3d.csv
1280,24,16,8,3e.csv
1280,10,10,0,3f.csv
1280,3,3,0,3g.csv
1281,8,5,3,1a.csv
1281,1,1,0,1b.csv
1281,3,2,1,1c.csv
1281,0,0,0,1e.csv
1281,3,1,2,1f.csv
1281,3,2,1,1g.csv
1281,0,0,0,1h.csv
1281,1,0,1,1i.csv
1281,0,0,0,1j.csv
1281,2,2,0,1k.csv
1281,0,0,0,1l.csv
1281,1,1,0,1m.csv
1281,0,0,0,2a.csv
1281,0,0,0,2b.csv
1281,4,3,1,2c.csv
1281,1,1,0,2d.csv
1281,0,0,0,2e.csv
1281,0,0,0,2f.csv
1281,1,1,0,2g.csv
1281,0,0,0,2h.csv
1281,1,1,0,2i.csv
1281,0,0,0,2j.csv
1281,9,5,4,2k.csv
1281,1,1,0,2l.csv
1281,27,20,7,3a.csv
1281,10,8,2,3b.csv
1281,2,1,1,3c.csv
1281,2,1,1,3d.csv
1281,24,16,8,3e.csv
1281,10,9,1,3f.csv
1281,3,3,0,3g.csv
1282,7,5,2,1a.csv
1282,0,0,0,1b.csv
1282,3,2,1,1c.csv
1282,0,0,0,1e.csv
1282,4,2,2,1f.csv
1282,3,2,1,1g.csv
1282,0,0,0,1h.csv
1282,1,0,1,1i.csv
1282,0,0,0,1j.csv
1282,2,2,0,1k.csv
1282,0,0,0,1l.csv
1282,1,1,0,1m.csv
1282,0,0,0,2a.csv
1282,1,1,0,2b.csv
1282,4,3,1,2c.csv
1282,1,1,0,2d.csv
1282,0,0,0,2e.csv
1282,0,0,0,2f.csv
1282,2,2,0,2g.csv
1282,0,0,0,2h.csv
1282,1,1,0,2i.csv
1282,0,0,0,2j.csv
1282,8,4,4,2k.csv
1282,0,0,0,2l.csv
1282,26,19,7,3a.csv
1282,12,10,2,3b.csv
1282,1,0,1,3c.csv
1282,1,0,1,3d.csv
1282,23,16,7,3e.csv
1282,10,9,1,3f.csv
1282,6,6,0,3g.csv
1283,7,6,1,1a.csv
1283,0,0,0,1b.csv
1283,3,2,1,1c.csv
1283,0,0,0,1e.csv
1283,6,4,2,1f.csv
1283,1,1,0,1g.csv
1283,0,0,0,1h.csv
1283,1,0,1,1i.csv
1283,0,0,0,1j.csv
1283,2,2,0,1k.csv
1283,0,0,0,1l.csv
1283,1,1,0,1m.csv
1283,0,0,0,2a.csv
1283,1,1,0,2b.csv
1283,6,5,1,2c.csv
1283,1,1,0,2d.csv
1283,0,0,0,2e.csv
1283,0,0,0,2f.csv
1283,2,2,0,2g.csv
1283,1,1,0,2h.csv
1283,1,1,0,2i.csv
1283,0,0,0,2j.csv
1283,8,3,5,2k.csv
1283,0,0,0,2l.csv
1283,25,19,6,3a.csv
1283,10,9,1,3b.csv
1283,1,0,1,3c.csv
1283,1,0,1,3d.csv
1283,22,15,7,3e.csv
1283,9,8,1,3f.csv
1283,7,7,0,3g.csv
1284,5,4,1,1a.csv
1284,0,0,0,1b.csv
1284,3,2,1,1c.csv
1284,1,1,0,1e.csv
1284,5,4,1,1f.csv
1284,1,1,0,1g.csv
1284,0,0,0,1h.csv
1284,1,0,1,1i.csv
1284,0,0,0,1j.csv
1284,2,2,0,1k.csv
1284,0,0,0,1l.csv
1284,1,1,0,1m.csv
1284,0,0,0,2a.csv
1284,1,1,0,2b.csv
1284,4,4,0,2c.csv
1284,1,1,0,2d.csv
1284,0,0,0,2e.csv
1284,0,0,0,2f.csv
1284,1,1,0,2g.csv
1284,1,1,0,2h.csv
1284,1,1,0,2i.csv
1284,0,0,0,2j.csv
1284,8,3,5,2k.csv
1284,0,0,0,2l.csv
1284,31,25,6,3a.csv
1284,11,10,1,3b.csv
1284,1,0,1,3c.csv
1284,1,0,1,3d.csv
1284,18,12,6,3e.csv
1284,7,6,1,3f.csv
1284,7,7,0,3g.csv
1285,5,4,1,1a.csv
1285,0,0,0,1b.csv
1285,3,2,1,1c.csv
1285,1,1,0,1e.csv
1285,4,4,0,1f.csv
1285,1,1,0,1g.csv
1285,0,0,0,1h.csv
1285,1,0,1,1i.csv
1285,0,0,0,1j.csv
1285,2,2,0,1k.csv
1285,0,0,0,1l.csv
1285,1,1,0,1m.csv
1285,0,0,0,2a.csv
1285,1,1,0,2b.csv
1285,3,3,0,2c.csv
1285,0,0,0,2d.csv
1285,0,0,0,2e.csv
1285,0,0,0,2f.csv
1285,1,1,0,2g.csv
1285,1,1,0,2h.csv
1285,1,1,0,2i.csv
1285,0,0,0,2j.csv
1285,6,2,4,2k.csv
1285,0,0,0,2l.csv
1285,32,27,5,3a.csv
1285,10,9,1,3b.csv
1285,1,0,1,3c.csv
1285,1,0,1,3d.csv
1285,21,15,6,3e.csv
1285,6,5,1,3f.csv
1285,8,8,0,3g.csv
1286,7,6,1,1a.csv
1286,0,0,0,1b.csv
1286,0,0,0,1c.csv
1286,1,1,0,1e.csv
1286,5,4,1,1f.csv
1286,1,1,0,1g.csv
1286,0,0,0,1h.csv
1286,1,0,1,1i.csv
1286,0,0,0,1j.csv
1286,3,3,0,1k.csv
1286,0,0,0,1l.csv
1286,1,1,0,1m.csv
1286,0,0,0,2a.csv
1286,1,1,0,2b.csv
1286,4,3,1,2c.csv
1286,0,0,0,2d.csv
1286,0,0,0,2e.csv
1286,0,0,0,2f.csv
1286,1,1,0,2g.csv
1286,2,2,0,2h.csv
1286,1,1,0,2i.csv
1286,0,0,0,2j.csv
1286,5,2,3,2k.csv
1286,1,1,0,2l.csv
1286,37,33,4,3a.csv
1286,11,8,3,3b.csv
1286,1,0,1,3c.csv
1286,1,0,1,3d.csv
1286,24,17,7,3e.csv
1286,4,3,1,3f.csv
1286,8,8,0,3g.csv
1287,7,5,2,1a.csv
1287,0,0,0,1b.csv
1287,0,0,0,1c.csv
1287,1,1,0,1e.csv
1287,6,5,1,1f.csv
1287,1,1,0,1g.csv
1287,1,0,1,1h.csv
1287,1,0,1,1i.csv
1287,1,1,0,1j.csv
1287,4,4,0,1k.csv
1287,0,0,0,1l.csv
1287,1,1,0,1m.csv
1287,0,0,0,2a.csv
1287,1,1,0,2b.csv
1287,4,3,1,2c.csv
1287,0,0,0,2d.csv
1287,0,0,0,2e.csv
1287,0,0,0,2f.csv
1287,1,1,0,2g.csv
1287,2,2,0,2h.csv
1287,0,0,0,2i.csv
1287,0,0,0,2j.csv
1287,7,3,4,2k.csv
1287,1,1,0,2l.csv
1287,51,48,3,3a.csv
1287,10,8,2,3b.csv
1287,0,0,0,3c.csv
1287,0,0,0,3d.csv
1287,24,16,8,3e.csv
1287,2,1,1,3f.csv
1287,7,7,0,3g.csv
1288,6,4,2,1a.csv
1288,1,1,0,1b.csv
1288,1,0,1,1c.csv
1288,1,1,0,1e.csv
1288,5,4,1,1f.csv
1288,1,1,0,1g.csv
1288,1,0,1,1h.csv
1288,0,0,0,1i.csv
1288,1,1,0,1j.csv
1288,4,4,0,1k.csv
1288,0,0,0,1l.csv
1288,1,1,0,1m.csv
1288,0,0,0,2a.csv
1288,1,1,0,2b.csv
1288,4,3,1,2c.csv
1288,0,0,0,2d.csv
1288,0,0,0,2e.csv
1288,0,0,0,2f.csv
1288,1,1,0,2g.csv
1288,2,2,0,2h.csv
1288,0,0,0,2i.csv
1288,0,0,0,2j.csv
1288,9,3,6,2k.csv
1288,1,1,0,2l.csv
1288,62,56,6,3a.csv
1288,10,8,2,3b.csv
1288,0,0,0,3c.csv
1288,0,0,0,3d.csv
1288,20,13,7,3e.csv
1288,2,1,1,3f.csv
1288,7,7,0,3g.csv
1289,6,4,2,1a.csv
1289,1,1,0,1b.csv
1289,2,1,1,1c.csv
1289,1,1,0,1e.csv
1289,5,4,1,1f.csv
1289,0,0,0,1g.csv
1289,1,0,1,1h.csv
1289,0,0,0,1i.csv
1289,1,1,0,1j.csv
1289,3,3,0,1k.csv
1289,0,0,0,1l.csv
1289,1,1,0,1m.csv
1289,0,0,0,2a.csv
1289,1,1,0,2b.csv
1289,4,3,1,2c.csv
1289,0,0,0,2d.csv
1289,0,0,0,2e.csv
1289,0,0,0,2f.csv
1289,1,1,0,2g.csv
1289,2,2,0,2h.csv
1289,1,1,0,2i.csv
1289,0,0,0,2j.csv
1289,10,4,6,2k.csv
1289,1,1,0,2l.csv
1289,73,65,8,3a.csv
1289,8,6,2,3b.csv
1289,0,0,0,3c.csv
1289,0,0,0,3d.csv
1289,18,12,6,3e.csv
1289,1,1,0,3f.csv
1289,7,7,0,3g.csv
1290,6,4,2,1a.csv
1290,2,2,0,1b.csv
1290,2,1,1,1c.csv
1290,1,1,0,1e.csv
1290,4,3,1,1f.csv
1290,0,0,0,1g.csv
1290,1,0,1,1h.csv
1290,1,0,1,1i.csv
1290,1,1,0,1j.csv
1290,3,3,0,1k.csv
1290,0,0,0,1l.csv
1290,1,1,0,1m.csv
1290,0,0,0,2a.csv
1290,0,0,0,2b.csv
1290,4,3,1,2c.csv
1290,0,0,0,2d.csv
1290,0,0,0,2e.csv
1290,0,0,0,2f.csv
1290,0,0,0,2g.csv
1290,2,2,0,2h.csv
1290,1,1,0,2i.csv
1290,0,0,0,2j.csv
1290,10,4,6,2k.csv
1290,1,1,0,2l.csv
1290,85,77,8,3a.csv
1290,6,4,2,3b.csv
1290,1,1,0,3c.csv
1290,1,1,0,3d.csv
1290,19,12,7,3e.csv
1290,0,0,0,3f.csv
1290,3,3,0,3g.csv
1291,6,4,2,1a.csv
1291,5,5,0,1b.csv
1291,2,1,1,1c.csv
1291,2,2,0,1e.csv
1291,4,3,1,1f.csv
1291,0,0,0,1g.csv
1291,1,0,1,1h.csv
1291,1,0,1,1i.csv
1291,1,1,0,1j.csv
1291,3,3,0,1k.csv
1291,0,0,0,1l.csv
1291,1,1,0,1m.csv
1291,0,0,0,2a.csv
1291,0,0,0,2b.csv
1291,3,2,1,2c.csv
1291,0,0,0,2d.csv
1291,0,0,0,2e.csv
1291,0,0,0,2f.csv
1291,0,0,0,2g.csv
1291,1,1,0,2h.csv
1291,1,1,0,2i.csv
1291,0,0,0,2j.csv
1291,10,5,5,2k.csv
1291,1,1,0,2l.csv
1291,89,81,8,3a.csv
1291,6,4,2,3b.csv
1291,1,1,0,3c.csv
1291,1,1,0,3d.csv
1291,16,10,6,3e.csv
1291,0,0,0,3f.csv
1291,2,2,0,3g.csv
1292,6,4,2,1a.csv
1292,6,6,0,1b.csv
1292,2,1,1,1c.csv
1292,1,1,0,1e.csv
1292,5,3,2,1f.csv
1292,1,1,0,1g.csv
1292,1,0,1,1h.csv
1292,1,0,1,1i.csv
1292,2,1,1,1j.csv
1292,3,3,0,1k.csv
1292,0,0,0,1l.csv
1292,0,0,0,1m.csv
1292,0,0,0,2a.csv
1292,0,0,0,2b.csv
1292,3,2,1,2c.csv
1292,0,0,0,2d.csv
1292,0,0,0,2e.csv
1292,0,0,0,2f.csv
1292,0,0,0,2g.csv
1292,1,1,0,2h.csv
1292,1,1,0,2i.csv
1292,0,0,0,2j.csv
1292,10,5,5,2k.csv
1292,1,1,0,2l.csv
1292,94,83,11,3a.csv
1292,5,3,2,3b.csv
1292,1,1,0,3c.csv
1292,1,1,0,3d.csv
1292,13,8,5,3e.csv
1292,0,0,0,3f.csv
1292,2,2,0,3g.csv
1293,6,4,2,1a.csv
1293,6,6,0,1b.csv
1293,2,1,1,1c.csv
1293,1,1,0,1e.csv
1293,6,4,2,1f.csv
1293,1,1,0,1g.csv
1293,1,0,1,1h.csv
1293,2,1,1,1i.csv
1293,3,2,1,1j.csv
1293,3,3,0,1k.csv
1293,0,0,0,1l.csv
1293,0,0,0,1m.csv
1293,0,0,0,2a.csv
1293,0,0,0,2b.csv
1293,3,2,1,2c.csv
1293,0,0,0,2d.csv
1293,0,0,0,2e.csv
1293,0,0,0,2f.csv
1293,0,0,0,2g.csv
1293,1,1,0,2h.csv
1293,1,1,0,2i.csv
1293,0,0,0,2j.csv
1293,10,5,5,2k.csv
1293,1,1,0,2l.csv
1293,97,84,13,3a.csv
1293,5,3,2,3b.csv
1293,1,1,0,3c.csv
1293,1,1,0,3d.csv
1293,9,5,4,3e.csv
1293,0,0,0,3f.csv
1293,1,1,0,3g.csv
1294,5,3,2,1a.csv
1294,7,7,0,1b.csv
1294,3,1,2,1c.csv
1294,1,1,0,1e.csv
1294,5,4,1,1f.csv
1294,1,1,0,1g.csv
1294,1,0,1,1h.csv
1294,2,1,1,1i.csv
1294,3,2,1,1j.csv
1294,3,3,0,1k.csv
1294,0,0,0,1l.csv
1294,0,0,0,1m.csv
1294,0,0,0,2a.csv
1294,1,1,0,2b.csv
1294,1,1,0,2c.csv
1294,0,0,0,2d.csv
1294,0,0,0,2e.csv
1294,0,0,0,2f.csv
1294,0,0,0,2g.csv
1294,1,1,0,2h.csv
1294,1,1,0,2i.csv
1294,0,0,0,2j.csv
1294,13,8,5,2k.csv
1294,0,0,0,2l.csv
1294,95,80,15,3a.csv
1294,6,5,1,3b.csv
1294,1,1,0,3c.csv
1294,1,1,0,3d.csv
1294,6,3,3,3e.csv
1294,0,0,0,3f.csv
1294,1,1,0,3g.csv
1295,5,4,1,1a.csv
1295,7,7,0,1b.csv
1295,4,2,2,1c.csv
1295,1,1,0,1e.csv
1295,6,5,1,1f.csv
1295,1,1,0,1g.csv
1295,0,0,0,1h.csv
1295,2,1,1,1i.csv
1295,2,1,1,1j.csv
1295,2,2,0,1k.csv
1295,0,0,0,1l.csv
1295,0,0,0,1m.csv
1295,0,0,0,2a.csv
1295,1,1,0,2b.csv
1295,1,1,0,2c.csv
1295,0,0,0,2d.csv
1295,0,0,0,2e.csv
1295,0,0,0,2f.csv
1295,0,0,0,2g.csv
1295,1,1,0,2h.csv
1295,1,1,0,2i.csv
1295,0,0,0,2j.csv
1295,14,10,4,2k.csv
1295,0,0,0,2l.csv
1295,86,71,15,3a.csv
1295,6,5,1,3b.csv
1295,1,1,0,3c.csv
1295,1,1,0,3d.csv
1295,4,3,1,3e.csv
1295,0,0,0,3f.csv
1295,1,1,0,3g.csv
1296,6,5,1,1a.csv
1296,6,6,0,1b.csv
1296,3,2,1,1c.csv
1296,1,1,0,1e.csv
1296,6,5,1,1f.csv
1296,1,1,0,1g.csv
1296,0,0,0,1h.csv
1296,2,1,1,1i.csv
1296,2,1,1,1j.csv
1296,2,2,0,1k.csv
1296,0,0,0,1l.csv
1296,1,1,0,1m.csv
1296,0,0,0,2a.csv
1296,1,1,0,2b.csv
1296,1,1,0,2c.csv
1296,0,0,0,2d.csv
1296,0,0,0,2e.csv
1296,0,0,0,2f.csv
1296,0,0,0,2g.csv
1296,1,1,0,2h.csv
1296,1,1,0,2i.csv
1296,0,0,0,2j.csv
1296,13,11,2,2k.csv
1296,0,0,0,2l.csv
1296,79,67,12,3a.csv
1296,7,6,1,3b.csv
1296,2,2,0,3c.csv
1296,2,2,0,3d.csv
1296,3,2,1,3e.csv
1296,1,1,0,3f.csv
1296,1,1,0,3g.csv
1297,10,8,2,1a.csv
1297,7,7,0,1b.csv
1297,2,1,1,1c.csv
1297,1,1,0,1e.csv
1297,6,5,1,1f.csv
1297,1,1,0,1g.csv
1297,0,0,0,1h.csv
1297,2,1,1,1i.csv
1297,2,1,1,1j.csv
1297,3,3,0,1k.csv
1297,0,0,0,1l.csv
1297,1,1,0,1m.csv
1297,0,0,0,2a.csv
1297,1,1,0,2b.csv
1297,1,1,0,2c.csv
1297,0,0,0,2d.csv
1297,0,0,0,2e.csv
1297,0,0,0,2f.csv
1297,0,0,0,2g.csv
1297,1,1,0,2h.csv
1297,0,0,0,2i.csv
1297,0,0,0,2j.csv
1297,14,12,2,2k.csv
1297,0,0,0,2l.csv
1297,69,59,10,3a.csv
1297,9,8,1,3b.csv
1297,2,2,0,3c.csv
1297,2,2,0,3d.csv
1297,4,3,1,3e.csv
1297,1,1,0,3f.csv
1297,1,1,0,3g.csv
1298,12,10,2,1a.csv
1298,7,7,0,1b.csv
1298,2,1,1,1c.csv
1298,1,1,0,1e.csv
1298,6,5,1,1f.csv
1298,1,1,0,1g.csv
1298,0,0,0,1h.csv
1298,1,1,0,1i.csv
1298,2,1,1,1j.csv
1298,3,3,0,1k.csv
1298,0,0,0,1l.csv
1298,1,1,0,1m.csv
1298,0,0,0,2a.csv
1298,1,1,0,2b.csv
1298,1,1,0,2c.csv
1298,0,0,0,2d.csv
1298,0,0,0,2e.csv
1298,0,0,0,2f.csv
1298,0,0,0,2g.csv
1298,1,1,0,2h.csv
1298,0,0,0,2i.csv
1298,0,0,0,2j.csv
1298,15,13,2,2k.csv
1298,0,0,0,2l.csv
1298,56,46,10,3a.csv
1298,10,9,1,3b.csv
1298,1,1,0,3c.csv
1298,1,1,0,3d.csv
1298,2,2,0,3e.csv
1298,1,1,0,3f.csv
1298,1,1,0,3g.csv
1299,14,12,2,1a.csv
1299,5,5,0,1b.csv
1299,2,1,1,1c.csv
1299,0,0,0,1e.csv
1299,5,4,1,1f.csv
1299,2,2,0,1g.csv
1299,0,0,0,1h.csv
1299,1,1,0,1i.csv
1299,2,1,1,1j.csv
1299,3,3,0,1k.csv
1299,0,0,0,1l.csv
1299,1,1,0,1m.csv
1299,0,0,0,2a.csv
1299,1,1,0,2b.csv
1299,1,1,0,2c.csv
1299,0,0,0,2d.csv
1299,0,0,0,2e.csv
1299,0,0,0,2f.csv
1299,0,0,0,2g.csv
1299,1,1,0,2h.csv
1299,0,0,0,2i.csv
1299,0,0,0,2j.csv
1299,16,14,2,2k.csv
1299,0,0,0,2l.csv
1299,51,42,9,3a.csv
1299,12,10,2,3b.csv
1299,2,2,0,3c.csv
1299,2,2,0,3d.csv
1299,2,2,0,3e.csv
1299,1,1,0,3f.csv
1299,2,2,0,3g.csv
1300,18,16,2,1a.csv
1300,5,5,0,1b.csv
1300,2,1,1,1c.csv
1300,0,0,0,1e.csv
1300,4,4,0,1f.csv
1300,1,1,0,1g.csv
1300,0,0,0,1h.csv
1300,1,1,0,1i.csv
1300,1,1,0,1j.csv
1300,4,4,0,1k.csv
1300,0,0,0,1l.csv
1300,3,3,0,1m.csv
1300,1,1,0,2a.csv
1300,1,1,0,2b.csv
1300,1,1,0,2c.csv
1300,0,0,0,2d.csv
1300,0,0,0,2e.csv
1300,0,0,0,2f.csv
1300,0,0,0,2g.csv
1300,1,1,0,2h.csv
1300,0,0,0,2i.csv
1300,0,0,0,2j.csv
1300,16,15,1,2k.csv
1300,1,1,0,2l.csv
1300,45,38,7,3a.csv
1300,17,15,2,3b.csv
1300,2,2,0,3c.csv
1300,2,2,0,3d.csv
1300,2,1,1,3e.csv
1300,1,1,0,3f.csv
1300,4,4,0,3g.csv
1301,18,16,2,1a.csv
1301,6,6,0,1b.csv
1301,2,1,1,1c.csv
1301,0,0,0,1e.csv
1301,3,3,0,1f.csv
1301,1,1,0,1g.csv
1301,0,0,0,1h.csv
1301,0,0,0,1i.csv
1301,1,1,0,1j.csv
1301,4,4,0,1k.csv
1301,0,0,0,1l.csv
1301,3,3,0,1m.csv
1301,2,1,1,2a.csv
1301,2,2,0,2b.csv
1301,1,1,0,2c.csv
1301,0,0,0,2d.csv
1301,0,0,0,2e.csv
1301,0,0,0,2f.csv
1301,0,0,0,2g.csv
1301,1,1,0,2h.csv
1301,0,0,0,2i.csv
1301,0,0,0,2j.csv
1301,18,16,2,2k.csv
1301,1,1,0,2l.csv
1301,39,34,5,3a.csv
1301,20,18,2,3b.csv
1301,2,2,0,3c.csv
1301,2,2,0,3d.csv
1301,3,2,1,3e.csv
1301,1,1,0,3f.csv
1301,5,5,0,3g.csv
1302,17,15,2,1a.csv
1302,6,6,0,1b.csv
1302,2,2,0,1c.csv
1302,1,0,1,1e.csv
1302,3,3,0,1f.csv
1302,1,1,0,1g.csv
1302,0,0,0,1h.csv
1302,0,0,0,1i.csv
1302,2,2,0,1j.csv
1302,3,3,0,1k.csv
1302,0,0,0,1l.csv
1302,4,4,0,1m.csv
1302,2,1,1,2a.csv
1302,1,1,0,2b.csv
1302,1,1,0,2c.csv
1302,0,0,0,2d.csv
1302,0,0,0,2e.csv
1302,0,0,0,2f.csv
1302,0,0,0,2g.csv
1302,0,0,0,2h.csv
1302,0,0,0,2i.csv
1302,0,0,0,2j.csv
1302,15,12,3,2k.csv
1302,1,1,0,2l.csv
1302,36,33,3,3a.csv
1302,23,22,1,3b.csv
1302,2,2,0,3c.csv
1302,2,2,0,3d.csv
1302,4,3,1,3e.csv
1302,1,1,0,3f.csv
1302,4,4,0,3g.csv
1303,17,14,3,1a.csv
1303,6,6,0,1b.csv
1303,1,1,0,1c.csv
1303,1,0,1,1e.csv
1303,2,2,0,1f.csv
1303,2,1,1,1g.csv
1303,0,0,0,1h.csv
1303,0,0,0,1i.csv
1303,2,2,0,1j.csv
1303,2,2,0,1k.csv
1303,0,0,0,1l.csv
1303,4,4,0,1m.csv
1303,2,1,1,2a.csv
1303,1,1,0,2b.csv
1303,1,1,0,2c.csv
1303,0,0,0,2d.csv
1303,0,0,0,2e.csv
1303,0,0,0,2f.csv
1303,0,0,0,2g.csv
1303,0,0,0,2h.csv
1303,0,0,0,2i.csv
1303,0,0,0,2j.csv
1303,12,10,2,2k.csv
1303,2,2,0,2l.csv
1303,32,30,2,3a.csv
1303,28,27,1,3b.csv
1303,3,2,1,3c.csv
1303,3,2,1,3d.csv
1303,4,3,1,3e.csv
1303,1,1,0,3f.csv
1303,4,4,0,3g.csv
1304,18,15,3,1a.csv
1304,6,6,0,1b.csv
1304,1,1,0,1c.csv
1304,1,0,1,1e.csv
1304,3,3,0,1f.csv
1304,2,1,1,1g.csv
1304,0,0,0,1h.csv
1304,0,0,0,1i.csv
1304,2,2,0,1j.csv
1304,2,2,0,1k.csv
1304,0,0,0,1l.csv
1304,3,3,0,1m.csv
1304,2,1,1,2a.csv
1304,1,1,0,2b.csv
1304,1,1,0,2c.csv
1304,0,0,0,2d.csv
1304,0,0,0,2e.csv
1304,0,0,0,2f.csv
1304,0,0,0,2g.csv
1304,0,0,0,2h.csv
1304,0,0,0,2i.csv
1304,0,0,0,2j.csv
1304,10,8,2,2k.csv
1304,2,2,0,2l.csv
1304,32,28,4,3a.csv
1304,31,30,1,3b.csv
1304,3,1,2,3c.csv
1304,3,1,2,3d.csv
1304,6,5,1,3e.csv
1304,0,0,0,3f.csv
1304,4,4,0,3g.csv
1305,16,14,2,1a.csv
1305,5,5,0,1b.csv
1305,1,1,0,1c.csv
1305,1,0,1,1e.csv
1305,6,6,0,1f.csv
1305,2,1,1,1g.csv
1305,0,0,0,1h.csv
1305,0,0,0,1i.csv
1305,2,2,0,1j.csv
1305,1,1,0,1k.csv
1305,0,0,0,1l.csv
1305,3,3,0,1m.csv
1305,2,1,1,2a.csv
1305,1,1,0,2b.csv
1305,1,1,0,2c.csv
1305,0,0,0,2d.csv
1305,0,0,0,2e.csv
1305,0,0,0,2f.csv
1305,0,0,0,2g.csv
1305,1,1,0,2h.csv
1305,0,0,0,2i.csv
1305,0,0,0,2j.csv
1305,8,6,2,2k.csv
1305,2,2,0,2l.csv
1305,30,26,4,3a.csv
1305,33,32,1,3b.csv
1305,4,2,2,3c.csv
1305,4,2,2,3d.csv
1305,5,4,1,3e.csv
1305,0,0,0,3f.csv
1305,5,5,0,3g.csv
1306,15,13,2,1a.csv
1306,4,4,0,1b.csv
1306,1,1,0,1c.csv
1306,1,0,1,1e.csv
1306,6,6,0,1f.csv
1306,2,1,1,1g.csv
1306,0,0,0,1h.csv
1306,0,0,0,1i.csv
1306,2,2,0,1j.csv
1306,1,1,0,1k.csv
1306,0,0,0,1l.csv
1306,3,3,0,1m.csv
1306,2,1,1,2a.csv
1306,1,1,0,2b.csv
1306,1,1,0,2c.csv
1306,0,0,0,2d.csv
1306,0,0,0,2e.csv
1306,0,0,0,2f.csv
1306,0,0,0,2g.csv
1306,1,1,0,2h.csv
1306,0,0,0,2i.csv
1306,0,0,0,2j.csv
1306,7,5,2,2k.csv
1306,2,2,0,2l.csv
1306,29,25,4,3a.csv
1306,40,39,1,3b.csv
1306,5,3,2,3c.csv
1306,5,3,2,3d.csv
1306,5,4,1,3e.csv
1306,0,0,0,3f.csv
1306,7,7,0,3g.csv
1307,13,11,2,1a.csv
1307,3,3,0,1b.csv
1307,1,1,0,1c.csv
1307,1,0,1,1e.csv
1307,6,6,0,1f.csv
1307,1,0,1,1g.csv
1307,0,0,0,1h.csv
1307,0,0,0,1i.csv
1307,2,2,0,1j.csv
1307,1,1,0,1k.csv
1307,0,0,0,1l.csv
1307,3,3,0,1m.csv
1307,2,1,1,2a.csv
1307,1,1,0,2b.csv
1307,0,0,0,2c.csv
1307,0,0,0,2d.csv
1307,0,0,0,2e.csv
1307,0,0,0,2f.csv
1307,0,0,0,2g.csv
1307,1,1,0,2h.csv
1307,1,1,0,2i.csv
1307,0,0,0,2j.csv
1307,6,4,2,2k.csv
1307,2,2,0,2l.csv
1307,33,27,6,3a.csv
1307,41,41,0,3b.csv
1307,5,3,2,3c.csv
1307,5,3,2,3d.csv
1307,5,4,1,3e.csv
1307,0,0,0,3f.csv
1307,7,7,0,3g.csv
1308,10,8,2,1a.csv
1308,2,2,0,1b.csv
1308,1,1,0,1c.csv
1308,1,0,1,1e.csv
1308,6,6,0,1f.csv
1308,1,0,1,1g.csv
1308,0,0,0,1h.csv
1308,0,0,0,1i.csv
1308,2,2,0,1j.csv
1308,1,0,1,1k.csv
1308,0,0,0,1l.csv
1308,1,1,0,1m.csv
1308,1,0,1,2a.csv
1308,1,1,0,2b.csv
1308,0,0,0,2c.csv
1308,0,0,0,2d.csv
1308,0,0,0,2e.csv
1308,0,0,0,2f.csv
1308,0,0,0,2g.csv
1308,1,1,0,2h.csv
1308,1,1,0,2i.csv
1308,0,0,0,2j.csv
1308,6,4,2,2k.csv
1308,1,1,0,2l.csv
1308,27,21,6,3a.csv
1308,47,46,1,3b.csv
1308,5,3,2,3c.csv
1308,5,3,2,3d.csv
1308,4,4,0,3e.csv
1308,0,0,0,3f.csv
1308,6,6,0,3g.csv
1309,12,10,2,1a.csv
1309,1,1,0,1b.csv
1309,1,1,0,1c.csv
1309,1,0,1,1e.csv
1309,10,10,0,1f.csv
1309,1,0,1,1g.csv
1309,0,0,0,1h.csv
1309,1,1,0,1i.csv
1309,1,1,0,1j.csv
1309,1,0,1,1k.csv
1309,1,1,0,1l.csv
1309,1,1,0,1m.csv
1309,0,0,0,2a.csv
1309,0,0,0,2b.csv
1309,0,0,0,2c.csv
1309,0,0,0,2d.csv
1309,0,0,0,2e.csv
1309,0,0,0,2f.csv
1309,0,0,0,2g.csv
1309,1,1,0,2h.csv
1309,2,2,0,2i.csv
1309,0,0,0,2j.csv
1309,4,3,1,2k.csv
1309,1,1,0,2l.csv
1309,24,19,5,3a.csv
1309,46,45,1,3b.csv
1309,5,3,2,3c.csv
1309,5,3,2,3d.csv
1309,3,3,0,3e.csv
1309,1,1,0,3f.csv
1309,5,5,0,3g.csv
1310,11,10,1,1a.csv
1310,0,0,0,1b.csv
1310,0,0,0,1c.csv
1310,0,0,0,1e.csv
1310,12,12,0,1f.csv
1310,1,0,1,1g.csv
1310,0,0,0,1h.csv
1310,1,1,0,1i.csv
1310,1,1,0,1j.csv
1310,1,0,1,1k.csv
1310,1,1,0,1l.csv
1310,0,0,0,1m.csv
1310,0,0,0,2a.csv
1310,0,0,0,2b.csv
1310,0,0,0,2c.csv
1310,1,1,0,2d.csv
1310,1,1,0,2e.csv
1310,0,0,0,2f.csv
1310,0,0,0,2g.csv
1310,1,1,0,2h.csv
1310,2,2,0,2i.csv
1310,0,0,0,2j.csv
1310,3,3,0,2k.csv
1310,1,1,0,2l.csv
1310,23,17,6,3a.csv
1310,41,40,1,3b.csv
1310,5,3,2,3c.csv
1310,5,3,2,3d.csv
1310,4,3,1,3e.csv
1310,1,1,0,3f.csv
1310,5,5,0,3g.csv
1311,10,10,0,1a.csv
1311,1,1,0,1b.csv
1311,0,0,0,1c.csv
1311,0,0,0,1e.csv
1311,11,11,0,1f.csv
1311,0,0,0,1g.csv
1311,0,0,0,1h.csv
1311,1,1,0,1i.csv
1311,1,1,0,1j.csv
1311,1,0,1,1k.csv
1311,2,2,0,1l.csv
1311,0,0,0,1m.csv
1311,0,0,0,2a.csv
1311,0,0,0,2b.csv
1311,0,0,0,2c.csv
1311,1,1,0,2d.csv
1311,1,1,0,2e.csv
1311,0,0,0,2f.csv
1311,0,0,0,2g.csv
1311,1,1,0,2h.csv
1311,3,3,0,2i.csv
1311,0,0,0,2j.csv
1311,3,3,0,2k.csv
1311,0,0,0,2l.csv
1311,22,15,7,3a.csv
1311,38,37,1,3b.csv
1311,5,4,1,3c.csv
1311,5,4,1,3d.csv
1311,5,4,1,3e.csv
1311,1,1,0,3f.csv
1311,6,6,0,3g.csv
1312,8,8,0,1a.csv
1312,1,1,0,1b.csv
1312,0,0,0,1c.csv
1312,1,1,0,1e.csv
1312,11,10,1,1f.csv
1312,0,0,0,1g.csv
1312,0,0,0,1h.csv
1312,1,1,0,1i.csv
1312,1,1,0,1j.csv
1312,1,0,1,1k.csv
1312,2,2,0,1l.csv
1312,0,0,0,1m.csv
1312,0,0,0,2a.csv
1312,1,1,0,2b.csv
1312,0,0,0,2c.csv
1312,1,1,0,2d.csv
1312,1,1,0,2e.csv
1312,0,0,0,2f.csv
1312,0,0,0,2g.csv
1312,1,1,0,2h.csv
1312,4,4,0,2i.csv
1312,0,0,0,2j.csv
1312,4,4,0,2k.csv
1312,1,1,0,2l.csv
1312,21,15,6,3a.csv
1312,37,36,1,3b.csv
1312,6,5,1,3c.csv
1312,6,5,1,3d.csv
1312,3,2,1,3e.csv
1312,1,1,0,3f.csv
1312,7,6,1,3g.csv
1313,6,6,0,1a.csv
1313,2,2,0,1b.csv
1313,0,0,0,1c.csv
1313,1,1,0,1e.csv
1313,9,8,1,1f.csv
1313,0,0,0,1g.csv
1313,0,0,0,1h.csv
1313,1,1,0,1i.csv
1313,1,1,0,1j.csv
1313,1,0,1,1k.csv
1313,2,2,0,1l.csv
1313,0,0,0,1m.csv
1313,0,0,0,2a.csv
1313,1,1,0,2b.csv
1313,0,0,0,2c.csv
1313,1,1,0,2d.csv
1313,1,1,0,2e.csv
1313,0,0,0,2f.csv
1313,0,0,0,2g.csv
1313,0,0,0,2h.csv
1313,4,4,0,2i.csv
1313,0,0,0,2j.csv
1313,5,5,0,2k.csv
1313,1,1,0,2l.csv
1313,19,13,6,3a.csv
1313,34,33,1,3b.csv
1313,5,4,1,3c.csv
1313,5,4,1,3d.csv
1313,4,3,1,3e.csv
1313,1,1,0,3f.csv
1313,6,5,1,3g.csv
1314,5,5,0,1a.csv
1314,2,2,0,1b.csv
1314,0,0,0,1c.csv
1314,1,1,0,1e.csv
1314,10,9,1,1f.csv
1314,0,0,0,1g.csv
1314,0,0,0,1h.csv
1314,1,1,0,1i.csv
1314,1,1,0,1j.csv
1314,1,0,1,1k.csv
1314,2,2,0,1l.csv
1314,0,0,0,1m.csv
1314,0,0,0,2a.csv
1314,1,1,0,2b.csv
1314,0,0,0,2c.csv
1314,2,2,0,2d.csv
1314,2,1,1,2e.csv
1314,0,0,0,2f.csv
1314,0,0,0,2g.csv
1314,0,0,0,2h.csv
1314,5,4,1,2i.csv
1314,0,0,0,2j.csv
1314,7,6,1,2k.csv
1314,1,1,0,2l.csv
1314,19,13,6,3a.csv
1314,29,27,2,3b.csv
1314,5,4,1,3c.csv
1314,5,4,1,3d.csv
1314,5,4,1,3e.csv
1314,1,1,0,3f.csv
1314,5,4,1,3g.csv
1315,4,4,0,1a.csv
1315,2,2,0,1b.csv
1315,0,0,0,1c.csv
1315,2,1,1,1e.csv
1315,11,10,1,1f.csv
1315,0,0,0,1g.csv
1315,0,0,0,1h.csv
1315,1,1,0,1i.csv
1315,1,1,0,1j.csv
1315,1,0,1,1k.csv
1315,2,2,0,1l.csv
1315,0,0,0,1m.csv
1315,0,0,0,2a.csv
1315,1,1,0,2b.csv
1315,0,0,0,2c.csv
1315,2,2,0,2d.csv
1315,3,2,1,2e.csv
1315,0,0,0,2f.csv
1315,0,0,0,2g.csv
1315,0,0,0,2h.csv
1315,4,3,1,2i.csv
1315,0,0,0,2j.csv
1315,6,5,1,2k.csv
1315,1,1,0,2l.csv
1315,13,9,4,3a.csv
1315,28,26,2,3b.csv
1315,6,5,1,3c.csv
1315,6,5,1,3d.csv
1315,6,4,2,3e.csv
1315,1,1,0,3f.csv
1315,5,4,1,3g.csv
1316,5,5,0,1a.csv
1316,2,2,0,1b.csv
1316,0,0,0,1c.csv
1316,2,1,1,1e.csv
1316,11,10,1,1f.csv
1316,0,0,0,1g.csv
1316,1,1,0,1h.csv
1316,1,1,0,1i.csv
1316,1,1,0,1j.csv
1316,0,0,0,1k.csv
1316,2,2,0,1l.csv
1316,0,0,0,1m.csv
1316,0,0,0,2a.csv
1316,1,1,0,2b.csv
1316,1,0,1,2c.csv
1316,2,2,0,2d.csv
1316,3,2,1,2e.csv
1316,0,0,0,2f.csv
1316,0,0,0,2g.csv
1316,0,0,0,2h.csv
1316,4,3,1,2i.csv
1316,0,0,0,2j.csv
1316,4,3,1,2k.csv
1316,3,3,0,2l.csv
1316,14,11,3,3a.csv
1316,18,17,1,3b.csv
1316,6,5,1,3c.csv
1316,6,5,1,3d.csv
1316,6,4,2,3e.csv
1316,1,1,0,3f.csv
1316,5,4,1,3g.csv
1317,4,4,0,1a.csv
1317,2,2,0,1b.csv
1317,0,0,0,1c.csv
1317,2,1,1,1e.csv
1317,7,6,1,1f.csv
1317,0,0,0,1g.csv
1317,1,1,0,1h.csv
1317,0,0,0,1i.csv
1317,3,3,0,1j.csv
1317,0,0,0,1k.csv
1317,1,1,0,1l.csv
1317,1,1,0,1m.csv
1317,0,0,0,2a.csv
1317,2,2,0,2b.csv
1317,1,0,1,2c.csv
1317,2,2,0,2d.csv
1317,3,2,1,2e.csv
1317,0,0,0,2f.csv
1317,0,0,0,2g.csv
1317,0,0,0,2h.csv
1317,3,2,1,2i.csv
1317,0,0,0,2j.csv
1317,5,4,1,2k.csv
1317,5,4,1,2l.csv
1317,14,10,4,3a.csv
1317,17,16,1,3b.csv
1317,7,6,1,3c.csv
1317,7,6,1,3d.csv
1317,6,4,2,3e.csv
1317,0,0,0,3f.csv
1317,7,6,1,3g.csv
1318,5,5,0,1a.csv
1318,2,2,0,1b.csv
1318,0,0,0,1c.csv
1318,2,1,1,1e.csv
1318,6,4,2,1f.csv
1318,0,0,0,1g.csv
1318,1,1,0,1h.csv
1318,0,0,0,1i.csv
1318,2,2,0,1j.csv
1318,0,0,0,1k.csv
1318,1,1,0,1l.csv
1318,1,1,0,1m.csv
1318,0,0,0,2a.csv
1318,2,2,0,2b.csv
1318,1,0,1,2c.csv
1318,1,1,0,2d.csv
1318,2,1,1,2e.csv
1318,0,0,0,2f.csv
1318,0,0,0,2g.csv
1318,0,0,0,2h.csv
1318,3,2,1,2i.csv
1318,0,0,0,2j.csv
1318,5,4,1,2k.csv
1318,7,6,1,2l.csv
1318,14,11,3,3a.csv
1318,18,17,1,3b.csv
1318,7,6,1,3c.csv
1318,7,6,1,3d.csv
1318,5,3,2,3e.csv
1318,0,0,0,3f.csv
1318,7,6,1,3g.csv
1319,5,5,0,1a.csv
1319,2,2,0,1b.csv
1319,0,0,0,1c.csv
1319,2,1,1,1e.csv
1319,7,4,3,1f.csv
1319,0,0,0,1g.csv
1319,1,1,0,1h.csv
1319,0,0,0,1i.csv
1319,2,2,0,1j.csv
1319,0,0,0,1k.csv
1319,0,0,0,1l.csv
1319,1,1,0,1m.csv
1319,0,0,0,2a.csv
1319,2,2,0,2b.csv
1319,1,0,1,2c.csv
1319,2,2,0,2d.csv
1319,4,3,1,2e.csv
1319,0,0,0,2f.csv
1319,0,0,0,2g.csv
1319,0,0,0,2h.csv
1319,2,1,1,2i.csv
1319,0,0,0,2j.csv
1319,5,4,1,2k.csv
1319,8,6,2,2l.csv
1319,12,10,2,3a.csv
1319,20,18,2,3b.csv
1319,6,5,1,3c.csv
1319,6,5,1,3d.csv
1319,7,3,4,3e.csv
1319,1,0,1,3f.csv
1319,6,5,1,3g.csv
1320,5,5,0,1a.csv
1320,2,2,0,1b.csv
1320,0,0,0,1c.csv
1320,1,0,1,1e.csv
1320,6,4,2,1f.csv
1320,0,0,0,1g.csv
1320,1,1,0,1h.csv
1320,0,0,0,1i.csv
1320,2,2,0,1j.csv
1320,0,0,0,1k.csv
1320,2,2,0,1l.csv
1320,1,1,0,1m.csv
1320,0,0,0,2a.csv
1320,1,1,0,2b.csv
1320,1,0,1,2c.csv
1320,2,2,0,2d.csv
1320,4,3,1,2e.csv
1320,0,0,0,2f.csv
1320,0,0,0,2g.csv
1320,0,0,0,2h.csv
1320,1,0,1,2i.csv
1320,0,0,0,2j.csv
1320,4,3,1,2k.csv
1320,9,6,3,2l.csv
1320,9,8,1,3a.csv
1320,18,16,2,3b.csv
1320,4,4,0,3c.csv
1320,4,4,0,3d.csv
1320,8,4,4,3e.csv
1320,1,0,1,3f.csv
1320,5,5,0,3g.csv
1321,5,5,0,1a.csv
1321,1,1,0,1b.csv
1321,0,0,0,1c.csv
1321,1,0,1,1e.csv
1321,7,5,2,1f.csv
1321,0,0,0,1g.csv
1321,1,1,0,1h.csv
1321,0,0,0,1i.csv
1321,2,2,0,1j.csv
1321,0,0,0,1k.csv
1321,2,2,0,1l.csv
1321,1,1,0,1m.csv
1321,0,0,0,2a.csv
1321,1,1,0,2b.csv
1321,2,0,2,2c.csv
1321,2,2,0,2d.csv
1321,4,3,1,2e.csv
1321,0,0,0,2f.csv
1321,0,0,0,2g.csv
1321,0,0,0,2h.csv
1321,1,0,1,2i.csv
1321,0,0,0,2j.csv
1321,3,2,1,2k.csv
1321,10,7,3,2l.csv
1321,9,8,1,3a.csv
1321,20,17,3,3b.csv
1321,4,4,0,3c.csv
1321,4,4,0,3d.csv
1321,7,3,4,3e.csv
1321,1,0,1,3f.csv
1321,7,7,0,3g.csv
1322,4,4,0,1a.csv
1322,1,1,0,1b.csv
1322,0,0,0,1c.csv
1322,1,0,1,1e.csv
1322,6,4,2,1f.csv
1322,0,0,0,1g.csv
1322,1,1,0,1h.csv
1322,0,0,0,1i.csv
1322,2,2,0,1j.csv
1322,0,0,0,1k.csv
1322,2,2,0,1l.csv
1322,1,1,0,1m.csv
1322,0,0,0,2a.csv
1322,1,1,0,2b.csv
1322,2,0,2,2c.csv
1322,2,2,0,2d.csv
1322,3,3,0,2e.csv
1322,0,0,0,2f.csv
1322,0,0,0,2g.csv
1322,0,0,0,2h.csv
1322,0,0,0,2i.csv
1322,0,0,0,2j.csv
1322,1,1,0,2k.csv
1322,10,7,3,2l.csv
1322,10,9,1,3a.csv
1322,18,16,2,3b.csv
1322,6,6,0,3c.csv
1322,6,6,0,3d.csv
1322,7,3,4,3e.csv
1322,1,0,1,3f.csv
1322,6,6,0,3g.csv
1323,4,4,0,1a.csv
1323,1,1,0,1b.csv
1323,0,0,0,1c.csv
1323,0,0,0,1e.csv
1323,5,3,2,1f.csv
1323,0,0,0,1g.csv
1323,1,1,0,1h.csv
1323,0,0,0,1i.csv
1323,2,2,0,1j.csv
1323,0,0,0,1k.csv
1323,2,2,0,1l.csv
1323,1,1,0,1m.csv
1323,0,0,0,2a.csv
1323,1,1,0,2b.csv
1323,4,0,4,2c.csv
1323,2,2,0,2d.csv
1323,2,2,0,2e.csv
1323,0,0,0,2f.csv
1323,0,0,0,2g.csv
1323,0,0,0,2h.csv
1323,0,0,0,2i.csv
1323,0,0,0,2j.csv
1323,1,1,0,2k.csv
1323,10,7,3,2l.csv
1323,10,8,2,3a.csv
1323,17,15,2,3b.csv
1323,5,4,1,3c.csv
1323,5,4,1,3d.csv
1323,6,3,3,3e.csv
1323,1,0,1,3f.csv
1323,5,5,0,3g.csv
1324,3,2,1,1a.csv
1324,1,1,0,1b.csv
1324,0,0,0,1c.csv
1324,0,0,0,1e.csv
1324,5,3,2,1f.csv
1324,0,0,0,1g.csv
1324,0,0,0,1h.csv
1324,0,0,0,1i.csv
1324,2,2,0,1j.csv
1324,0,0,0,1k.csv
1324,4,3,1,1l.csv
1324,1,1,0,1m.csv
1324,0,0,0,2a.csv
1324,1,1,0,2b.csv
1324,3,0,3,2c.csv
1324,2,2,0,2d.csv
1324,3,3,0,2e.csv
1324,0,0,0,2f.csv
1324,0,0,0,2g.csv
1324,0,0,0,2h.csv
1324,0,0,0,2i.csv
1324,0,0,0,2j.csv
1324,1,1,0,2k.csv
1324,10,5,5,2l.csv
1324,10,8,2,3a.csv
1324,19,16,3,3b.csv
1324,5,4,1,3c.csv
1324,5,4,1,3d.csv
1324,6,3,3,3e.csv
1324,1,0,1,3f.csv
1324,4,4,0,3g.csv
1325,3,2,1,1a.csv
1325,1,1,0,1b.csv
1325,0,0,0,1c.csv
1325,0,0,0,1e.csv
1325,5,3,2,1f.csv
1325,0,0,0,1g.csv
1325,0,0,0,1h.csv
1325,0,0,0,1i.csv
1325,0,0,0,1j.csv
1325,0,0,0,1k.csv
1325,4,3,1,1l.csv
1325,0,0,0,1m.csv
1325,0,0,0,2a.csv
1325,0,0,0,2b.csv
1325,4,1,3,2c.csv
1325,4,3,1,2d.csv
1325,3,3,0,2e.csv
1325,0,0,0,2f.csv
1325,0,0,0,2g.csv
1325,0,0,0,2h.csv
1325,0,0,0,2i.csv
1325,0,0,0,2j.csv
1325,0,0,0,2k.csv
1325,9,5,4,2l.csv
1325,10,9,1,3a.csv
1325,20,16,4,3b.csv
1325,4,3,1,3c.csv
1325,4,3,1,3d.csv
1325,6,3,3,3e.csv
1325,1,0,1,3f.csv
1325,2,2,0,3g.csv
1326,2,1,1,1a.csv
1326,1,1,0,1b.csv
1326,1,0,1,1c.csv
1326,1,1,0,1e.csv
1326,4,3,1,1f.csv
1326,0,0,0,1g.csv
1326,0,0,0,1h.csv
1326,2,1,1,1i.csv
1326,0,0,0,1j.csv
1326,0,0,0,1k.csv
1326,5,4,1,1l.csv
1326,0,0,0,1m.csv
1326,0,0,0,2a.csv
1326,0,0,0,2b.csv
1326,6,2,4,2c.csv
1326,4,3,1,2d.csv
1326,3,3,0,2e.csv
1326,0,0,0,2f.csv
1326,0,0,0,2g.csv
1326,0,0,0,2h.csv
1326,0,0,0,2i.csv
1326,0,0,0,2j.csv
1326,0,0,0,2k.csv
1326,7,3,4,2l.csv
1326,10,9,1,3a.csv
1326,21,17,4,3b.csv
1326,4,3,1,3c.csv
1326,4,3,1,3d.csv
1326,5,3,2,3e.csv
1326,1,0,1,3f.csv
1326,2,2,0,3g.csv
1327,3,2,1,1a.csv
1327,0,0,0,1b.csv
1327,2,1,1,1c.csv
1327,1,1,0,1e.csv
1327,5,5,0,1f.csv
1327,1,1,0,1g.csv
1327,0,0,0,1h.csv
1327,2,1,1,1i.csv
1327,0,0,0,1j.csv
1327,0,0,0,1k.csv
1327,5,4,1,1l.csv
1327,0,0,0,1m.csv
1327,0,0,0,2a.csv
1327,1,0,1,2b.csv
1327,6,2,4,2c.csv
1327,4,3,1,2d.csv
1327,1,1,0,2e.csv
1327,0,0,0,2f.csv
1327,0,0,0,2g.csv
1327,0,0,0,2h.csv
1327,0,0,0,2i.csv
1327,0,0,0,2j.csv
1327,0,0,0,2k.csv
1327,6,3,3,2l.csv
1327,11,10,1,3a.csv
1327,24,21,3,3b.csv
1327,4,3,1,3c.csv
1327,4,3,1,3d.csv
1327,2,2,0,3e.csv
1327,0,0,0,3f.csv
1327,2,2,0,3g.csv
1328,3,2,1,1a.csv
1328,1,1,0,1b.csv
1328,3,2,1,1c.csv
1328,1,1,0,1e.csv
1328,6,6,0,1f.csv
1328,1,1,0,1g.csv
1328,1,1,0,1h.csv
1328,2,1,1,1i.csv
1328,0,0,0,1j.csv
1328,0,0,0,1k.csv
1328,3,2,1,1l.csv
1328,0,0,0,1m.csv
1328,0,0,0,2a.csv
1328,1,0,1,2b.csv
1328,7,3,4,2c.csv
1328,5,4,1,2d.csv
1328,1,1,0,2e.csv
1328,0,0,0,2f.csv
1328,0,0,0,2g.csv
1328,0,0,0,2h.csv
1328,0,0,0,2i.csv
1328,0,0,0,2j.csv
1328,1,0,1,2k.csv
1328,4,2,2,2l.csv
1328,12,11,1,3a.csv
1328,31,27,4,3b.csv
1328,6,5,1,3c.csv
1328,6,5,1,3d.csv
1328,1,1,0,3e.csv
1328,0,0,0,3f.csv
1328,3,3,0,3g.csv
1329,3,2,1,1a.csv
1329,1,1,0,1b.csv
1329,3,2,1,1c.csv
1329,1,1,0,1e.csv
1329,4,4,0,1f.csv
1329,1,1,0,1g.csv
1329,1,1,0,1h.csv
1329,2,1,1,1i.csv
1329,0,0,0,1j.csv
1329,0,0,0,1k.csv
1329,3,2,1,1l.csv
1329,0,0,0,1m.csv
1329,0,0,0,2a.csv
1329,2,1,1,2b.csv
1329,6,3,3,2c.csv
1329,5,4,1,2d.csv
1329,1,1,0,2e.csv
1329,0,0,0,2f.csv
1329,0,0,0,2g.csv
1329,0,0,0,2h.csv
1329,0,0,0,2i.csv
1329,0,0,0,2j.csv
1329,2,1,1,2k.csv
1329,4,2,2,2l.csv
1329,13,12,1,3a.csv
1329,35,32,3,3b.csv
1329,7,6,1,3c.csv
1329,7,6,1,3d.csv
1329,1,1,0,3e.csv
1329,0,0,0,3f.csv
1329,1,1,0,3g.csv
1330,3,2,1,1a.csv
1330,2,2,0,1b.csv
1330,3,2,1,1c.csv
1330,1,1,0,1e.csv
1330,5,5,0,1f.csv
1330,1,1,0,1g.csv
1330,2,2,0,1h.csv
1330,2,1,1,1i.csv
1330,0,0,0,1j.csv
1330,0,0,0,1k.csv
1330,3,2,1,1l.csv
1330,0,0,0,1m.csv
1330,0,0,0,2a.csv
1330,2,1,1,2b.csv
1330,6,3,3,2c.csv
1330,4,3,1,2d.csv
1330,1,1,0,2e.csv
1330,0,0,0,2f.csv
1330,1,1,0,2g.csv
1330,0,0,0,2h.csv
1330,0,0,0,2i.csv
1330,0,0,0,2j.csv
1330,2,1,1,2k.csv
1330,4,2,2,2l.csv
1330,13,12,1,3a.csv
1330,38,32,6,3b.csv
1330,5,4,1,3c.csv
1330,5,4,1,3d.csv
1330,0,0,0,3e.csv
1330,0,0,0,3f.csv
1330,1,1,0,3g.csv
1331,4,3,1,1a.csv
1331,2,2,0,1b.csv
1331,3,2,1,1c.csv
1331,1,1,0,1e.csv
1331,5,5,0,1f.csv
1331,1,1,0,1g.csv
1331,2,2,0,1h.csv
1331,2,1,1,1i.csv
1331,0,0,0,1j.csv
1331,0,0,0,1k.csv
1331,4,3,1,1l.csv
1331,0,0,0,1m.csv
1331,1,1,0,2a.csv
1331,2,1,1,2b.csv
1331,5,4,1,2c.csv
1331,4,3,1,2d.csv
1331,1,1,0,2e.csv
1331,0,0,0,2f.csv
1331,1,1,0,2g.csv
1331,0,0,0,2h.csv
1331,0,0,0,2i.csv
1331,0,0,0,2j.csv
1331,2,1,1,2k.csv
1331,4,2,2,2l.csv
1331,13,13,0,3a.csv
1331,38,32,6,3b.csv
1331,4,4,0,3c.csv
1331,4,4,0,3d.csv
1331,2,2,0,3e.csv
1331,0,0,0,3f.csv
1331,1,1,0,3g.csv
1332,3,3,0,1a.csv
1332,2,2,0,1b.csv
1332,3,2,1,1c.csv
1332,1,1,0,1e.csv
1332,5,5,0,1f.csv
1332,1,1,0,1g.csv
1332,2,2,0,1h.csv
1332,2,1,1,1i.csv
1332,0,0,0,1j.csv
1332,0,0,0,1k.csv
1332,2,2,0,1l.csv
1332,0,0,0,1m.csv
1332,1,1,0,2a.csv
1332,2,1,1,2b.csv
1332,7,5,2,2c.csv
1332,5,3,2,2d.csv
1332,0,0,0,2e.csv
1332,0,0,0,2f.csv
1332,1,1,0,2g.csv
1332,0,0,0,2h.csv
1332,0,0,0,2i.csv
1332,0,0,0,2j.csv
1332,2,1,1,2k.csv
1332,2,2,0,2l.csv
1332,14,13,1,3a.csv
1332,38,33,5,3b.csv
1332,4,4,0,3c.csv
1332,4,4,0,3d.csv
1332,2,2,0,3e.csv
1332,0,0,0,3f.csv
1332,1,1,0,3g.csv
1333,3,3,0,1a.csv
1333,2,2,0,1b.csv
1333,3,2,1,1c.csv
1333,1,1,0,1e.csv
1333,8,8,0,1f.csv
1333,1,1,0,1g.csv
1333,2,2,0,1h.csv
1333,3,2,1,1i.csv
1333,0,0,0,1j.csv
1333,0,0,0,1k.csv
1333,2,2,0,1l.csv
1333,0,0,0,1m.csv
1333,1,1,0,2a.csv
1333,3,1,2,2b.csv
1333,6,4,2,2c.csv
1333,4,3,1,2d.csv
1333,0,0,0,2e.csv
1333,1,0,1,2f.csv
1333,1,1,0,2g.csv
1333,0,0,0,2h.csv
1333,0,0,0,2i.csv
1333,0,0,0,2j.csv
1333,2,1,1,2k.csv
1333,1,1,0,2l.csv
1333,15,14,1,3a.csv
1333,38,34,4,3b.csv
1333,4,4,0,3c.csv
1333,4,4,0,3d.csv
1333,2,2,0,3e.csv
1333,1,0,1,3f.csv
1333,1,1,0,3g.csv
1334,5,5,0,1a.csv
1334,3,3,0,1b.csv
1334,2,2,0,1c.csv
1334,0,0,0,1e.csv
1334,9,9,0,1f.csv
1334,1,1,0,1g.csv
1334,3,3,0,1h.csv
1334,1,1,0,1i.csv
1334,0,0,0,1j.csv
1334,0,0,0,1k.csv
1334,1,1,0,1l.csv
1334,0,0,0,1m.csv
1334,1,1,0,2a.csv
1334,3,1,2,2b.csv
1334,4,3,1,2c.csv
1334,4,3,1,2d.csv
1334,0,0,0,2e.csv
1334,1,0,1,2f.csv
1334,1,1,0,2g.csv
1334,0,0,0,2h.csv
1334,0,0,0,2i.csv
1334,0,0,0,2j.csv
1334,2,1,1,2k.csv
1334,1,1,0,2l.csv
1334,15,14,1,3a.csv
1334,34,30,4,3b.csv
1334,5,5,0,3c.csv
1334,5,5,0,3d.csv
1334,3,3,0,3e.csv
1334,1,0,1,3f.csv
1334,1,1,0,3g.csv
1335,9,8,1,1a.csv
1335,5,3,2,1b.csv
1335,2,2,0,1c.csv
1335,0,0,0,1e.csv
1335,9,9,0,1f.csv
1335,0,0,0,1g.csv
1335,3,3,0,1h.csv
1335,1,1,0,1i.csv
1335,0,0,0,1j.csv
1335,0,0,0,1k.csv
1335,1,1,0,1l.csv
1335,0,0,0,1m.csv
1335,1,1,0,2a.csv
1335,2,1,1,2b.csv
1335,4,3,1,2c.csv
1335,4,3,1,2d.csv
1335,0,0,0,2e.csv
1335,1,0,1,2f.csv
1335,1,1,0,2g.csv
1335,0,0,0,2h.csv
1335,0,0,0,2i.csv
1335,0,0,0,2j.csv
1335,2,1,1,2k.csv
1335,1,1,0,2l.csv
1335,18,16,2,3a.csv
1335,32,28,4,3b.csv
1335,5,5,0,3c.csv
1335,5,5,0,3d.csv
1335,4,3,1,3e.csv
1335,1,0,1,3f.csv
1335,1,1,0,3g.csv
1336,10,9,1,1a.csv
1336,5,3,2,1b.csv
1336,3,2,1,1c.csv
1336,0,0,0,1e.csv
1336,9,9,0,1f.csv
1336,1,1,0,1g.csv
1336,2,2,0,1h.csv
1336,2,2,0,1i.csv
1336,0,0,0,1j.csv
1336,0,0,0,1k.csv
1336,1,1,0,1l.csv
1336,0,0,0,1m.csv
1336,1,1,0,2a.csv
1336,2,1,1,2b.csv
1336,5,3,2,2c.csv
1336,3,2,1,2d.csv
1336,0,0,0,2e.csv
1336,1,0,1,2f.csv
1336,1,1,0,2g.csv
1336,0,0,0,2h.csv
1336,0,0,0,2i.csv
1336,0,0,0,2j.csv
1336,1,1,0,2k.csv
1336,1,1,0,2l.csv
1336,18,16,2,3a.csv
1336,29,25,4,3b.csv
1336,4,4,0,3c.csv
1336,4,4,0,3d.csv
1336,4,3,1,3e.csv
1336,2,0,2,3f.csv
1336,0,0,0,3g.csv
1337,13,12,1,1a.csv
1337,5,3,2,1b.csv
1337,5,3,2,1c.csv
1337,0,0,0,1e.csv
1337,9,9,0,1f.csv
1337,2,2,0,1g.csv
1337,2,2,0,1h.csv
1337,2,2,0,1i.csv
1337,0,0,0,1j.csv
1337,0,0,0,1k.csv
1337,1,1,0,1l.csv
1337,0,0,0,1m.csv
1337,2,2,0,2a.csv
1337,1,0,1,2b.csv
1337,5,3,2,2c.csv
1337,3,2,1,2d.csv
1337,0,0,0,2e.csv
1337,1,0,1,2f.csv
1337,1,1,0,2g.csv
1337,0,0,0,2h.csv
1337,0,0,0,2i.csv
1337,0,0,0,2j.csv
1337,1,0,1,2k.csv
1337,0,0,0,2l.csv
1337,17,15,2,3a.csv
1337,25,20,5,3b.csv
1337,4,3,1,3c.csv
1337,4,3,1,3d.csv
1337,5,3,2,3e.csv
1337,2,0,2,3f.csv
1337,0,0,0,3g.csv
1338,14,13,1,1a.csv
1338,4,2,2,1b.csv
1338,5,3,2,1c.csv
1338,1,1,0,1e.csv
1338,10,10,0,1f.csv
1338,2,2,0,1g.csv
1338,1,1,0,1h.csv
1338,2,2,0,1i.csv
1338,1,1,0,1j.csv
1338,0,0,0,1k.csv
1338,3,3,0,1l.csv
1338,0,0,0,1m.csv
1338,2,2,0,2a.csv
1338,2,1,1,2b.csv
1338,5,3,2,2c.csv
1338,3,2,1,2d.csv
1338,0,0,0,2e.csv
1338,1,0,1,2f.csv
1338,0,0,0,2g.csv
1338,0,0,0,2h.csv
1338,0,0,0,2i.csv
1338,0,0,0,2j.csv
1338,1,0,1,2k.csv
1338,0,0,0,2l.csv
1338,16,14,2,3a.csv
1338,24,22,2,3b.csv
1338,4,3,1,3c.csv
1338,4,3,1,3d.csv
1338,6,4,2,3e.csv
1338,2,0,2,3f.csv
1338,0,0,0,3g.csv
1339,16,15,1,1a.csv
1339,6,4,2,1b.csv
1339,5,3,2,1c.csv
1339,1,1,0,1e.csv
1339,10,9,1,1f.csv
1339,3,3,0,1g.csv
1339,1,1,0,1h.csv
1339,2,2,0,1i.csv
1339,1,1,0,1j.csv
1339,0,0,0,1k.csv
1339,2,2,0,1l.csv
1339,0,0,0,1m.csv
1339,1,1,0,2a.csv
1339,2,1,1,2b.csv
1339,5,3,2,2c.csv
1339,3,2,1,2d.csv
1339,0,0,0,2e.csv
1339,1,0,1,2f.csv
1339,1,1,0,2g.csv
1339,0,0,0,2h.csv
1339,0,0,0,2i.csv
1339,0,0,0,2j.csv
1339,1,0,1,2k.csv
1339,1,1,0,2l.csv
1339,16,14,2,3a.csv
1339,27,25,2,3b.csv
1339,4,3,1,3c.csv
1339,4,3,1,3d.csv
1339,4,2,2,3e.csv
1339,3,1,2,3f.csv
1339,1,1,0,3g.csv
1340,17,16,1,1a.csv
1340,9,7,2,1b.csv
1340,6,3,3,1c.csv
1340,1,1,0,1e.csv
1340,11,10,1,1f.csv
1340,3,3,0,1g.csv
1340,1,1,0,1h.csv
1340,2,2,0,1i.csv
1340,1,1,0,1j.csv
1340,0,0,0,1k.csv
1340,2,2,0,1l.csv
1340,0,0,0,1m.csv
1340,1,1,0,2a.csv
1340,2,1,1,2b.csv
1340,3,2,1,2c.csv
1340,2,2,0,2d.csv
1340,0,0,0,2e.csv
1340,1,0,1,2f.csv
1340,1,1,0,2g.csv
1340,0,0,0,2h.csv
1340,0,0,0,2i.csv
1340,0,0,0,2j.csv
1340,1,0,1,2k.csv
1340,1,1,0,2l.csv
1340,18,17,1,3a.csv
1340,26,24,2,3b.csv
1340,4,3,1,3c.csv
1340,4,3,1,3d.csv
1340,5,3,2,3e.csv
1340,3,1,2,3f.csv
1340,1,1,0,3g.csv
1341,18,17,1,1a.csv
1341,9,7,2,1b.csv
1341,7,4,3,1c.csv
1341,1,1,0,1e.csv
1341,12,10,2,1f.csv
1341,3,3,0,1g.csv
1341,1,1,0,1h.csv
1341,1,1,0,1i.csv
1341,1,1,0,1j.csv
1341,0,0,0,1k.csv
1341,3,3,0,1l.csv
1341,0,0,0,1m.csv
1341,1,1,0,2a.csv
1341,1,1,0,2b.csv
1341,4,2,2,2c.csv
1341,1,1,0,2d.csv
1341,0,0,0,2e.csv
1341,0,0,0,2f.csv
1341,1,1,0,2g.csv
1341,0,0,0,2h.csv
1341,0,0,0,2i.csv
1341,0,0,0,2j.csv
1341,1,0,1,2k.csv
1341,1,1,0,2l.csv
1341,16,15,1,3a.csv
1341,24,22,2,3b.csv
1341,4,3,1,3c.csv
1341,4,3,1,3d.csv
1341,7,5,2,3e.csv
1341,2,1,1,3f.csv
1341,1,1,0,3g.csv
1342,21,20,1,1a.csv
1342,9,7,2,1b.csv
1342,7,4,3,1c.csv
1342,1,1,0,1e.csv
1342,12,10,2,1f.csv
1342,3,3,0,1g.csv
1342,0,0,0,1h.csv
1342,1,1,0,1i.csv
1342,2,2,0,1j.csv
1342,0,0,0,1k.csv
1342,3,3,0,1l.csv
1342,0,0,0,1m.csv
1342,1,1,0,2a.csv
1342,1,1,0,2b.csv
1342,5,2,3,2c.csv
1342,2,2,0,2d.csv
1342,0,0,0,2e.csv
1342,0,0,0,2f.csv
1342,1,1,0,2g.csv
1342,0,0,0,2h.csv
1342,0,0,0,2i.csv
1342,0,0,0,2j.csv
1342,1,0,1,2k.csv
1342,1,1,0,2l.csv
1342,15,14,1,3a.csv
1342,24,22,2,3b.csv
1342,4,3,1,3c.csv
1342,4,3,1,3d.csv
1342,6,4,2,3e.csv
1342,2,1,1,3f.csv
1342,1,1,0,3g.csv
1343,16,16,0,1a.csv
1343,7,7,0,1b.csv
1343,7,4,3,1c.csv
1343,1,1,0,1e.csv
1343,11,8,3,1f.csv
1343,3,3,0,1g.csv
1343,0,0,0,1h.csv
1343,1,1,0,1i.csv
1343,2,2,0,1j.csv
1343,0,0,0,1k.csv
1343,3,3,0,1l.csv
1343,0,0,0,1m.csv
1343,1,1,0,2a.csv
1343,1,1,0,2b.csv
1343,6,3,3,2c.csv
1343,1,1,0,2d.csv
1343,0,0,0,2e.csv
1343,0,0,0,2f.csv
1343,1,1,0,2g.csv
1343,0,0,0,2h.csv
1343,1,1,0,2i.csv
1343,0,0,0,2j.csv
1343,1,0,1,2k.csv
1343,1,1,0,2l.csv
1343,16,14,2,3a.csv
1343,21,19,2,3b.csv
1343,5,3,2,3c.csv
1343,5,3,2,3d.csv
1343,6,5,1,3e.csv
1343,2,1,1,3f.csv
1343,1,1,0,3g.csv
1344,16,16,0,1a.csv
1344,8,8,0,1b.csv
1344,5,3,2,1c.csv
1344,1,1,0,1e.csv
1344,10,7,3,1f.csv
1344,2,2,0,1g.csv
1344,0,0,0,1h.csv
1344,0,0,0,1i.csv
1344,2,2,0,1j.csv
1344,0,0,0,1k.csv
1344,3,3,0,1l.csv
1344,0,0,0,1m.csv
1344,1,1,0,2a.csv
1344,1,1,0,2b.csv
1344,4,2,2,2c.csv
1344,5,5,0,2d.csv
1344,0,0,0,2e.csv
1344,0,0,0,2f.csv
1344,1,1,0,2g.csv
1344,0,0,0,2h.csv
1344,1,1,0,2i.csv
1344,0,0,0,2j.csv
1344,1,0,1,2k.csv
1344,1,1,0,2l.csv
1344,16,14,2,3a.csv
1344,19,17,2,3b.csv
1344,6,4,2,3c.csv
1344,6,4,2,3d.csv
1344,6,5,1,3e.csv
1344,1,1,0,3f.csv
1344,1,1,0,3g.csv
1345,15,14,1,1a.csv
1345,10,10,0,1b.csv
1345,4,2,2,1c.csv
1345,1,1,0,1e.csv
1345,10,7,3,1f.csv
1345,1,1,0,1g.csv
1345,0,0,0,1h.csv
1345,0,0,0,1i.csv
1345,2,2,0,1j.csv
1345,0,0,0,1k.csv
1345,3,3,0,1l.csv
1345,1,1,0,1m.csv
1345,0,0,0,2a.csv
1345,1,1,0,2b.csv
1345,4,2,2,2c.csv
1345,7,7,0,2d.csv
1345,0,0,0,2e.csv
1345,0,0,0,2f.csv
1345,1,1,0,2g.csv
1345,0,0,0,2h.csv
1345,1,1,0,2i.csv
1345,0,0,0,2j.csv
1345,0,0,0,2k.csv
1345,1,1,0,2l.csv
1345,19,17,2,3a.csv
1345,17,16,1,3b.csv
1345,9,8,1,3c.csv
1345,9,8,1,3d.csv
1345,5,5,0,3e.csv
1345,2,2,0,3f.csv
1345,1,1,0,3g.csv
1346,16,15,1,1a.csv
1346,11,11,0,1b.csv
1346,5,2,3,1c.csv
1346,0,0,0,1e.csv
1346,10,7,3,1f.csv
1346,3,3,0,1g.csv
1346,0,0,0,1h.csv
1346,0,0,0,1i.csv
1346,1,1,0,1j.csv
1346,0,0,0,1k.csv
1346,1,1,0,1l.csv
1346,1,1,0,1m.csv
1346,0,0,0,2a.csv
1346,2,0,2,2b.csv
1346,6,4,2,2c.csv
1346,8,8,0,2d.csv
1346,0,0,0,2e.csv
1346,0,0,0,2f.csv
1346,1,1,0,2g.csv
1346,0,0,0,2h.csv
1346,1,1,0,2i.csv
1346,0,0,0,2j.csv
1346,0,0,0,2k.csv
1346,1,1,0,2l.csv
1346,20,18,2,3a.csv
1346,14,13,1,3b.csv
1346,11,10,1,3c.csv
1346,11,10,1,3d.csv
1346,5,5,0,3e.csv
1346,3,3,0,3f.csv
1346,1,1,0,3g.csv
1347,19,18,1,1a.csv
1347,10,10,0,1b.csv
1347,6,3,3,1c.csv
1347,0,0,0,1e.csv
1347,9,7,2,1f.csv
1347,3,3,0,1g.csv
1347,0,0,0,1h.csv
1347,0,0,0,1i.csv
1347,1,1,0,1j.csv
1347,0,0,0,1k.csv
1347,1,1,0,1l.csv
1347,1,1,0,1m.csv
1347,0,0,0,2a.csv
1347,2,0,2,2b.csv
1347,5,3,2,2c.csv
1347,9,9,0,2d.csv
1347,1,0,1,2e.csv
1347,0,0,0,2f.csv
1347,0,0,0,2g.csv
1347,0,0,0,2h.csv
1347,1,1,0,2i.csv
1347,0,0,0,2j.csv
1347,0,0,0,2k.csv
1347,0,0,0,2l.csv
1347,20,17,3,3a.csv
1347,13,11,2,3b.csv
1347,12,11,1,3c.csv
1347,12,11,1,3d.csv
1347,7,7,0,3e.csv
1347,2,2,0,3f.csv
1347,0,0,0,3g.csv
1348,20,19,1,1a.csv
1348,7,7,0,1b.csv
1348,5,3,2,1c.csv
1348,0,0,0,1e.csv
1348,9,7,2,1f.csv
1348,3,3,0,1g.csv
1348,0,0,0,1h.csv
1348,0,0,0,1i.csv
1348,1,1,0,1j.csv
1348,0,0,0,1k.csv
1348,1,1,0,1l.csv
1348,1,1,0,1m.csv
1348,0,0,0,2a.csv
1348,2,0,2,2b.csv
1348,6,4,2,2c.csv
1348,11,11,0,2d.csv
1348,1,0,1,2e.csv
1348,0,0,0,2f.csv
1348,0,0,0,2g.csv
1348,0,0,0,2h.csv
1348,1,1,0,2i.csv
1348,0,0,0,2j.csv
1348,2,2,0,2k.csv
1348,0,0,0,2l.csv
1348,17,14,3,3a.csv
1348,13,11,2,3b.csv
1348,14,13,1,3c.csv
1348,14,13,1,3d.csv
1348,6,6,0,3e.csv
1348,3,2,1,3f.csv
1348,1,1,0,3g.csv
1349,22,21,1,1a.csv
1349,9,9,0,1b.csv
1349,5,2,3,1c.csv
1349,0,0,0,1e.csv
1349,6,5,1,1f.csv
1349,3,3,0,1g.csv
1349,0,0,0,1h.csv
1349,0,0,0,1i.csv
1349,1,1,0,1j.csv
1349,0,0,0,1k.csv
1349,0,0,0,1l.csv
1349,1,1,0,1m.csv
1349,0,0,0,2a.csv
1349,2,0,2,2b.csv
1349,5,4,1,2c.csv
1349,12,12,0,2d.csv
1349,1,0,1,2e.csv
1349,0,0,0,2f.csv
1349,0,0,0,2g.csv
1349,0,0,0,2h.csv
1349,1,1,0,2i.csv
1349,0,0,0,2j.csv
1349,2,2,0,2k.csv
1349,0,0,0,2l.csv
1349,20,17,3,3a.csv
1349,16,14,2,3b.csv
1349,17,16,1,3c.csv
1349,17,16,1,3d.csv
1349,5,5,0,3e.csv
1349,3,2,1,3f.csv
1349,2,1,1,3g.csv
1350,19,18,1,1a.csv
1350,9,9,0,1b.csv
1350,5,2,3,1c.csv
1350,0,0,0,1e.csv
1350,6,4,2,1f.csv
1350,3,3,0,1g.csv
1350,0,0,0,1h.csv
1350,0,0,0,1i.csv
1350,0,0,0,1j.csv
1350,0,0,0,1k.csv
1350,0,0,0,1l.csv
1350,1,1,0,1m.csv
1350,0,0,0,2a.csv
1350,2,0,2,2b.csv
1350,4,4,0,2c.csv
1350,13,13,0,2d.csv
1350,1,0,1,2e.csv
1350,0,0,0,2f.csv
1350,0,0,0,2g.csv
1350,0,0,0,2h.csv
1350,1,1,0,2i.csv
1350,0,0,0,2j.csv
1350,2,2,0,2k.csv
1350,0,0,0,2l.csv
1350,21,17,4,3a.csv
1350,22,19,3,3b.csv
1350,18,17,1,3c.csv
1350,18,17,1,3d.csv
1350,5,5,0,3e.csv
1350,3,2,1,3f.csv
1350,3,2,1,3g.csv
1351,23,21,2,1a.csv
1351,10,10,0,1b.csv
1351,4,1,3,1c.csv
1351,0,0,0,1e.csv
1351,6,5,1,1f.csv
1351,3,3,0,1g.csv
1351,1,1,0,1h.csv
1351,0,0,0,1i.csv
1351,0,0,0,1j.csv
1351,0,0,0,1k.csv
1351,0,0,0,1l.csv
1351,1,1,0,1m.csv
1351,0,0,0,2a.csv
1351,2,0,2,2b.csv
1351,4,4,0,2c.csv
1351,13,13,0,2d.csv
1351,1,0,1,2e.csv
1351,0,0,0,2f.csv
1351,0,0,0,2g.csv
1351,0,0,0,2h.csv
1351,0,0,0,2i.csv
1351,0,0,0,2j.csv
1351,3,3,0,2k.csv
1351,0,0,0,2l.csv
1351,20,17,3,3a.csv
1351,22,19,3,3b.csv
1351,17,17,0,3c.csv
1351,17,17,0,3d.csv
1351,4,4,0,3e.csv
1351,3,2,1,3f.csv
1351,5,4,1,3g.csv
1352,24,22,2,1a.csv
1352,9,9,0,1b.csv
1352,4,1,3,1c.csv
1352,0,0,0,1e.csv
1352,6,5,1,1f.csv
1352,3,3,0,1g.csv
1352,1,1,0,1h.csv
1352,0,0,0,1i.csv
1352,0,0,0,1j.csv
1352,0,0,0,1k.csv
1352,0,0,0,1l.csv
1352,1,1,0,1m.csv
1352,1,1,0,2a.csv
1352,2,0,2,2b.csv
1352,4,4,0,2c.csv
1352,9,9,0,2d.csv
1352,1,0,1,2e.csv
1352,0,0,0,2f.csv
1352,0,0,0,2g.csv
1352,0,0,0,2h.csv
1352,0,0,0,2i.csv
1352,0,0,0,2j.csv
1352,3,3,0,2k.csv
1352,0,0,0,2l.csv
1352,19,16,3,3a.csv
1352,21,18,3,3b.csv
1352,16,16,0,3c.csv
1352,16,16,0,3d.csv
1352,5,5,0,3e.csv
1352,5,4,1,3f.csv
1352,5,4,1,3g.csv
1353,25,24,1,1a.csv
1353,8,8,0,1b.csv
1353,4,2,2,1c.csv
1353,0,0,0,1e.csv
1353,6,5,1,1f.csv
1353,3,3,0,1g.csv
1353,1,1,0,1h.csv
1353,0,0,0,1i.csv
1353,0,0,0,1j.csv
1353,0,0,0,1k.csv
1353,0,0,0,1l.csv
1353,0,0,0,1m.csv
1353,1,1,0,2a.csv
1353,2,0,2,2b.csv
1353,4,4,0,2c.csv
1353,7,7,0,2d.csv
1353,1,0,1,2e.csv
1353,0,0,0,2f.csv
1353,0,0,0,2g.csv
1353,0,0,0,2h.csv
1353,0,0,0,2i.csv
1353,0,0,0,2j.csv
1353,3,3,0,2k.csv
1353,0,0,0,2l.csv
1353,16,13,3,3a.csv
1353,22,19,3,3b.csv
1353,12,12,0,3c.csv
1353,12,12,0,3d.csv
1353,5,5,0,3e.csv
1353,5,3,2,3f.csv
1353,5,4,1,3g.csv
1354,26,25,1,1a.csv
1354,7,7,0,1b.csv
1354,4,2,2,1c.csv
1354,0,0,0,1e.csv
1354,4,3,1,1f.csv
1354,1,1,0,1g.csv
1354,1,1,0,1h.csv
1354,0,0,0,1i.csv
1354,0,0,0,1j.csv
1354,0,0,0,1k.csv
1354,0,0,0,1l.csv
1354,0,0,0,1m.csv
1354,2,2,0,2a.csv
1354,0,0,0,2b.csv
1354,3,2,1,2c.csv
1354,6,6,0,2d.csv
1354,2,0,2,2e.csv
1354,0,0,0,2f.csv
1354,0,0,0,2g.csv
1354,0,0,0,2h.csv
1354,0,0,0,2i.csv
1354,0,0,0,2j.csv
1354,3,3,0,2k.csv
1354,0,0,0,2l.csv
1354,16,12,4,3a.csv
1354,21,18,3,3b.csv
1354,11,10,1,3c.csv
1354,11,10,1,3d.csv
1354,4,4,0,3e.csv
1354,4,2,2,3f.csv
1354,5,4,1,3g.csv
1355,31,30,1,1a.csv
1355,7,6,1,1b.csv
1355,4,2,2,1c.csv
1355,1,1,0,1e.csv
1355,4,3,1,1f.csv
1355,0,0,0,1g.csv
1355,1,1,0,1h.csv
1355,0,0,0,1i.csv
1355,0,0,0,1j.csv
1355,0,0,0,1k.csv
1355,0,0,0,1l.csv
1355,0,0,0,1m.csv
1355,2,2,0,2a.csv
1355,0,0,0,2b.csv
1355,3,2,1,2c.csv
1355,5,5,0,2d.csv
1355,1,0,1,2e.csv
1355,0,0,0,2f.csv
1355,0,0,0,2g.csv
1355,0,0,0,2h.csv
1355,0,0,0,2i.csv
1355,0,0,0,2j.csv
1355,3,3,0,2k.csv
1355,0,0,0,2l.csv
1355,16,12,4,3a.csv
1355,18,16,2,3b.csv
1355,10,9,1,3c.csv
1355,10,9,1,3d.csv
1355,2,2,0,3e.csv
1355,4,2,2,3f.csv
1355,6,5,1,3g.csv
1356,38,37,1,1a.csv
1356,7,6,1,1b.csv
1356,4,2,2,1c.csv
1356,1,1,0,1e.csv
1356,3,2,1,1f.csv
1356,0,0,0,1g.csv
1356,2,1,1,1h.csv
1356,0,0,0,1i.csv
1356,0,0,0,1j.csv
1356,0,0,0,1k.csv
1356,0,0,0,1l.csv
1356,0,0,0,1m.csv
1356,2,2,0,2a.csv
1356,0,0,0,2b.csv
1356,2,1,1,2c.csv
1356,4,4,0,2d.csv
1356,1,0,1,2e.csv
1356,0,0,0,2f.csv
1356,1,1,0,2g.csv
1356,0,0,0,2h.csv
1356,0,0,0,2i.csv
1356,0,0,0,2j.csv
1356,1,1,0,2k.csv
1356,0,0,0,2l.csv
1356,18,14,4,3a.csv
1356,18,16,2,3b.csv
1356,10,9,1,3c.csv
1356,10,9,1,3d.csv
1356,3,3,0,3e.csv
1356,3,2,1,3f.csv
1356,5,4,1,3g.csv
1357,44,42,2,1a.csv
1357,5,4,1,1b.csv
1357,3,2,1,1c.csv
1357,1,1,0,1e.csv
1357,2,1,1,1f.csv
1357,0,0,0,1g.csv
1357,2,1,1,1h.csv
1357,0,0,0,1i.csv
1357,0,0,0,1j.csv
1357,0,0,0,1k.csv
1357,0,0,0,1l.csv
1357,0,0,0,1m.csv
1357,2,2,0,2a.csv
1357,0,0,0,2b.csv
1357,4,2,2,2c.csv
1357,4,4,0,2d.csv
1357,2,1,1,2e.csv
1357,1,1,0,2f.csv
1357,1,1,0,2g.csv
1357,0,0,0,2h.csv
1357,0,0,0,2i.csv
1357,0,0,0,2j.csv
1357,1,1,0,2k.csv
1357,0,0,0,2l.csv
1357,16,12,4,3a.csv
1357,15,13,2,3b.csv
1357,8,7,1,3c.csv
1357,8,7,1,3d.csv
1357,3,3,0,3e.csv
1357,3,2,1,3f.csv
1357,4,4,0,3g.csv
1358,50,48,2,1a.csv
1358,4,3,1,1b.csv
1358,4,3,1,1c.csv
1358,1,1,0,1e.csv
1358,1,1,0,1f.csv
1358,0,0,0,1g.csv
1358,2,1,1,1h.csv
1358,0,0,0,1i.csv
1358,0,0,0,1j.csv
1358,0,0,0,1k.csv
1358,0,0,0,1l.csv
1358,0,0,0,1m.csv
1358,2,2,0,2a.csv
1358,0,0,0,2b.csv
1358,4,2,2,2c.csv
1358,2,2,0,2d.csv
1358,2,1,1,2e.csv
1358,1,1,0,2f.csv
1358,1,1,0,2g.csv
1358,0,0,0,2h.csv
1358,0,0,0,2i.csv
1358,0,0,0,2j.csv
1358,1,1,0,2k.csv
1358,0,0,0,2l.csv
1358,17,14,3,3a.csv
1358,9,8,1,3b.csv
1358,6,5,1,3c.csv
1358,6,5,1,3d.csv
1358,3,3,0,3e.csv
1358,4,3,1,3f.csv
1358,3,3,0,3g.csv
1359,54,52,2,1a.csv
1359,3,2,1,1b.csv
1359,5,3,2,1c.csv
1359,1,1,0,1e.csv
1359,0,0,0,1f.csv
1359,1,0,1,1g.csv
1359,1,0,1,1h.csv
1359,0,0,0,1i.csv
1359,0,0,0,1j.csv
1359,1,0,1,1k.csv
1359,0,0,0,1l.csv
1359,0,0,0,1m.csv
1359,3,3,0,2a.csv
1359,0,0,0,2b.csv
1359,4,2,2,2c.csv
1359,2,2,0,2d.csv
1359,3,1,2,2e.csv
1359,1,1,0,2f.csv
1359,1,1,0,2g.csv
1359,0,0,0,2h.csv
1359,0,0,0,2i.csv
1359,0,0,0,2j.csv
1359,0,0,0,2k.csv
1359,0,0,0,2l.csv
1359,18,16,2,3a.csv
1359,8,7,1,3b.csv
1359,6,5,1,3c.csv
1359,6,5,1,3d.csv
1359,3,3,0,3e.csv
1359,4,3,1,3f.csv
1359,4,4,0,3g.csv
1360,61,59,2,1a.csv
1360,2,1,1,1b.csv
1360,5,3,2,1c.csv
1360,1,1,0,1e.csv
1360,1,1,0,1f.csv
1360,1,0,1,1g.csv
1360,1,0,1,1h.csv
1360,0,0,0,1i.csv
1360,0,0,0,1j.csv
1360,1,0,1,1k.csv
1360,0,0,0,1l.csv
1360,0,0,0,1m.csv
1360,2,2,0,2a.csv
1360,0,0,0,2b.csv
1360,4,2,2,2c.csv
1360,2,2,0,2d.csv
1360,3,1,2,2e.csv
1360,1,1,0,2f.csv
1360,1,1,0,2g.csv
1360,0,0,0,2h.csv
1360,0,0,0,2i.csv
1360,0,0,0,2j.csv
1360,0,0,0,2k.csv
1360,0,0,0,2l.csv
1360,17,15,2,3a.csv
1360,10,9,1,3b.csv
1360,6,4,2,3c.csv
1360,6,4,2,3d.csv
1360,2,2,0,3e.csv
1360,2,1,1,3f.csv
1360,7,7,0,3g.csv
1361,71,69,2,1a.csv
1361,3,2,1,1b.csv
1361,4,2,2,1c.csv
1361,1,1,0,1e.csv
1361,1,1,0,1f.csv
1361,1,0,1,1g.csv
1361,2,0,2,1h.csv
1361,0,0,0,1i.csv
1361,0,0,0,1j.csv
1361,1,0,1,1k.csv
1361,0,0,0,1l.csv
1361,0,0,0,1m.csv
1361,2,2,0,2a.csv
1361,0,0,0,2b.csv
1361,4,2,2,2c.csv
1361,2,2,0,2d.csv
1361,3,1,2,2e.csv
1361,1,1,0,2f.csv
1361,1,1,0,2g.csv
1361,0,0,0,2h.csv
1361,0,0,0,2i.csv
1361,0,0,0,2j.csv
1361,0,0,0,2k.csv
1361,0,0,0,2l.csv
1361,16,14,2,3a.csv
1361,9,8,1,3b.csv
1361,8,6,2,3c.csv
1361,8,6,2,3d.csv
1361,2,2,0,3e.csv
1361,2,1,1,3f.csv
1361,7,7,0,3g.csv
1362,78,75,3,1a.csv
1362,3,2,1,1b.csv
1362,3,2,1,1c.csv
1362,1,1,0,1e.csv
1362,2,2,0,1f.csv
1362,1,0,1,1g.csv
1362,2,0,2,1h.csv
1362,0,0,0,1i.csv
1362,0,0,0,1j.csv
1362,1,0,1,1k.csv
1362,1,1,0,1l.csv
1362,0,0,0,1m.csv
1362,1,1,0,2a.csv
1362,0,0,0,2b.csv
1362,3,2,1,2c.csv
1362,3,3,0,2d.csv
1362,2,1,1,2e.csv
1362,1,1,0,2f.csv
1362,1,1,0,2g.csv
1362,0,0,0,2h.csv
1362,0,0,0,2i.csv
1362,0,0,0,2j.csv
1362,0,0,0,2k.csv
1362,0,0,0,2l.csv
1362,15,14,1,3a.csv
1362,9,8,1,3b.csv
1362,6,5,1,3c.csv
1362,6,5,1,3d.csv
1362,4,4,0,3e.csv
1362,2,1,1,3f.csv
1362,7,7,0,3g.csv
1363,75,72,3,1a.csv
1363,2,2,0,1b.csv
1363,3,2,1,1c.csv
1363,0,0,0,1e.csv
1363,3,3,0,1f.csv
1363,1,0,1,1g.csv
1363,2,0,2,1h.csv
1363,0,0,0,1i.csv
1363,0,0,0,1j.csv
1363,1,0,1,1k.csv
1363,1,1,0,1l.csv
1363,0,0,0,1m.csv
1363,1,1,0,2a.csv
1363,0,0,0,2b.csv
1363,7,3,4,2c.csv
1363,3,3,0,2d.csv
1363,3,2,1,2e.csv
1363,1,1,0,2f.csv
1363,1,1,0,2g.csv
1363,0,0,0,2h.csv
1363,0,0,0,2i.csv
1363,0,0,0,2j.csv
1363,0,0,0,2k.csv
1363,0,0,0,2l.csv
1363,13,13,0,3a.csv
1363,11,10,1,3b.csv
1363,7,6,1,3c.csv
1363,7,6,1,3d.csv
1363,5,5,0,3e.csv
1363,2,1,1,3f.csv
1363,7,6,1,3g.csv
1364,76,72,4,1a.csv
1364,2,2,0,1b.csv
1364,3,2,1,1c.csv
1364,0,0,0,1e.csv
1364,3,3,0,1f.csv
1364,1,0,1,1g.csv
1364,1,0,1,1h.csv
1364,0,0,0,1i.csv
1364,0,0,0,1j.csv
1364,1,0,1,1k.csv
1364,1,1,0,1l.csv
1364,1,1,0,1m.csv
1364,1,1,0,2a.csv
1364,0,0,0,2b.csv
1364,7,3,4,2c.csv
1364,2,2,0,2d.csv
1364,4,3,1,2e.csv
1364,1,1,0,2f.csv
1364,0,0,0,2g.csv
1364,0,0,0,2h.csv
1364,0,0,0,2i.csv
1364,0,0,0,2j.csv
1364,0,0,0,2k.csv
1364,0,0,0,2l.csv
1364,12,12,0,3a.csv
1364,12,11,1,3b.csv
1364,6,5,1,3c.csv
1364,6,5,1,3d.csv
1364,5,4,1,3e.csv
1364,2,1,1,3f.csv
1364,8,7,1,3g.csv
1365,73,70,3,1a.csv
1365,4,4,0,1b.csv
1365,3,2,1,1c.csv
1365,0,0,0,1e.csv
1365,3,3,0,1f.csv
1365,2,0,2,1g.csv
1365,1,0,1,1h.csv
1365,0,0,0,1i.csv
1365,0,0,0,1j.csv
1365,2,1,1,1k.csv
1365,1,1,0,1l.csv
1365,1,1,0,1m.csv
1365,2,2,0,2a.csv
1365,0,0,0,2b.csv
1365,5,2,3,2c.csv
1365,1,1,0,2d.csv
1365,3,2,1,2e.csv
1365,0,0,0,2f.csv
1365,0,0,0,2g.csv
1365,0,0,0,2h.csv
1365,0,0,0,2i.csv
1365,0,0,0,2j.csv
1365,0,0,0,2k.csv
1365,0,0,0,2l.csv
1365,13,13,0,3a.csv
1365,12,11,1,3b.csv
1365,5,4,1,3c.csv
1365,5,4,1,3d.csv
1365,6,5,1,3e.csv
1365,2,1,1,3f.csv
1365,8,7,1,3g.csv
1366,69,66,3,1a.csv
1366,4,4,0,1b.csv
1366,3,2,1,1c.csv
1366,0,0,0,1e.csv
1366,3,3,0,1f.csv
1366,2,0,2,1g.csv
1366,1,0,1,1h.csv
1366,0,0,0,1i.csv
1366,0,0,0,1j.csv
1366,2,1,1,1k.csv
1366,1,1,0,1l.csv
1366,1,1,0,1m.csv
1366,2,2,0,2a.csv
1366,0,0,0,2b.csv
1366,5,2,3,2c.csv
1366,1,1,0,2d.csv
1366,3,2,1,2e.csv
1366,0,0,0,2f.csv
1366,0,0,0,2g.csv
1366,0,0,0,2h.csv
1366,0,0,0,2i.csv
1366,0,0,0,2j.csv
1366,1,1,0,2k.csv
1366,0,0,0,2l.csv
1366,10,10,0,3a.csv
1366,14,13,1,3b.csv
1366,5,4,1,3c.csv
1366,5,4,1,3d.csv
1366,6,5,1,3e.csv
1366,1,0,1,3f.csv
1366,8,7,1,3g.csv
1367,71,69,2,1a.csv
1367,5,5,0,1b.csv
1367,2,2,0,1c.csv
1367,0,0,0,1e.csv
1367,4,4,0,1f.csv
1367,2,1,1,1g.csv
1367,1,0,1,1h.csv
1367,0,0,0,1i.csv
1367,0,0,0,1j.csv
1367,1,1,0,1k.csv
1367,1,1,0,1l.csv
1367,1,1,0,1m.csv
1367,1,1,0,2a.csv
1367,0,0,0,2b.csv
1367,4,1,3,2c.csv
1367,1,1,0,2d.csv
1367,2,2,0,2e.csv
1367,0,0,0,2f.csv
1367,0,0,0,2g.csv
1367,0,0,0,2h.csv
1367,0,0,0,2i.csv
1367,0,0,0,2j.csv
1367,1,1,0,2k.csv
1367,0,0,0,2l.csv
1367,6,6,0,3a.csv
1367,15,13,2,3b.csv
1367,5,4,1,3c.csv
1367,5,4,1,3d.csv
1367,8,7,1,3e.csv
1367,2,1,1,3f.csv
1367,5,4,1,3g.csv
1368,64,62,2,1a.csv
1368,5,5,0,1b.csv
1368,2,2,0,1c.csv
1368,0,0,0,1e.csv
1368,3,3,0,1f.csv
1368,2,1,1,1g.csv
1368,1,0,1,1h.csv
1368,0,0,0,1i.csv
1368,0,0,0,1j.csv
1368,1,1,0,1k.csv
1368,1,1,0,1l.csv
1368,2,2,0,1m.csv
1368,1,1,0,2a.csv
1368,0,0,0,2b.csv
1368,4,1,3,2c.csv
1368,1,1,0,2d.csv
1368,2,2,0,2e.csv
1368,0,0,0,2f.csv
1368,0,0,0,2g.csv
1368,0,0,0,2h.csv
1368,0,0,0,2i.csv
1368,0,0,0,2j.csv
1368,1,1,0,2k.csv
1368,0,0,0,2l.csv
1368,6,6,0,3a.csv
1368,11,10,1,3b.csv
1368,4,4,0,3c.csv
1368,4,4,0,3d.csv
1368,8,7,1,3e.csv
1368,2,1,1,3f.csv
1368,4,2,2,3g.csv
1369,57,55,2,1a.csv
1369,4,4,0,1b.csv
1369,2,2,0,1c.csv
1369,0,0,0,1e.csv
1369,5,4,1,1f.csv
1369,2,1,1,1g.csv
1369,0,0,0,1h.csv
1369,0,0,0,1i.csv
1369,0,0,0,1j.csv
1369,1,1,0,1k.csv
1369,1,1,0,1l.csv
1369,2,2,0,1m.csv
1369,1,1,0,2a.csv
1369,0,0,0,2b.csv
1369,4,1,3,2c.csv
1369,1,1,0,2d.csv
1369,2,2,0,2e.csv
1369,0,0,0,2f.csv
1369,0,0,0,2g.csv
1369,0,0,0,2h.csv
1369,0,0,0,2i.csv
1369,0,0,0,2j.csv
1369,1,1,0,2k.csv
1369,0,0,0,2l.csv
1369,6,6,0,3a.csv
1369,12,11,1,3b.csv
1369,3,3,0,3c.csv
1369,3,3,0,3d.csv
1369,8,7,1,3e.csv
1369,2,2,0,3f.csv
1369,4,2,2,3g.csv
1370,49,48,1,1a.csv
1370,5,5,0,1b.csv
1370,2,2,0,1c.csv
1370,0,0,0,1e.csv
1370,4,3,1,1f.csv
1370,2,1,1,1g.csv
1370,0,0,0,1h.csv
1370,0,0,0,1i.csv
1370,0,0,0,1j.csv
1370,1,1,0,1k.csv
1370,0,0,0,1l.csv
1370,2,2,0,1m.csv
1370,1,1,0,2a.csv
1370,0,0,0,2b.csv
1370,5,2,3,2c.csv
1370,0,0,0,2d.csv
1370,2,2,0,2e.csv
1370,0,0,0,2f.csv
1370,0,0,0,2g.csv
1370,0,0,0,2h.csv
1370,0,0,0,2i.csv
1370,1,1,0,2j.csv
1370,1,1,0,2k.csv
1370,0,0,0,2l.csv
1370,5,5,0,3a.csv
1370,13,12,1,3b.csv
1370,3,3,0,3c.csv
1370,3,3,0,3d.csv
1370,7,6,1,3e.csv
1370,2,2,0,3f.csv
1370,4,2,2,3g.csv
1371,44,43,1,1a.csv
1371,6,6,0,1b.csv
1371,1,1,0,1c.csv
1371,0,0,0,1e.csv
1371,5,4,1,1f.csv
1371,2,1,1,1g.csv
1371,1,1,0,1h.csv
1371,0,0,0,1i.csv
1371,0,0,0,1j.csv
1371,1,1,0,1k.csv
1371,0,0,0,1l.csv
1371,2,2,0,1m.csv
1371,1,1,0,2a.csv
1371,0,0,0,2b.csv
1371,2,1,1,2c.csv
1371,0,0,0,2d.csv
1371,1,1,0,2e.csv
1371,0,0,0,2f.csv
1371,0,0,0,2g.csv
1371,0,0,0,2h.csv
1371,0,0,0,2i.csv
1371,1,1,0,2j.csv
1371,1,1,0,2k.csv
1371,0,0,0,2l.csv
1371,5,5,0,3a.csv
1371,11,10,1,3b.csv
1371,2,2,0,3c.csv
1371,2,2,0,3d.csv
1371,6,5,1,3e.csv
1371,2,2,0,3f.csv
1371,4,3,1,3g.csv
1372,37,37,0,1a.csv
1372,6,6,0,1b.csv
1372,1,1,0,1c.csv
1372,0,0,0,1e.csv
1372,6,5,1,1f.csv
1372,2,1,1,1g.csv
1372,1,1,0,1h.csv
1372,0,0,0,1i.csv
1372,0,0,0,1j.csv
1372,1,1,0,1k.csv
1372,1,1,0,1l.csv
1372,1,1,0,1m.csv
1372,1,1,0,2a.csv
1372,0,0,0,2b.csv
1372,2,1,1,2c.csv
1372,0,0,0,2d.csv
1372,0,0,0,2e.csv
1372,0,0,0,2f.csv
1372,0,0,0,2g.csv
1372,0,0,0,2h.csv
1372,0,0,0,2i.csv
1372,1,1,0,2j.csv
1372,1,1,0,2k.csv
1372,0,0,0,2l.csv
1372,3,3,0,3a.csv
1372,9,8,1,3b.csv
1372,1,1,0,3c.csv
1372,1,1,0,3d.csv
1372,5,5,0,3e.csv
1372,2,2,0,3f.csv
1372,3,2,1,3g.csv
1373,31,31,0,1a.csv
1373,5,5,0,1b.csv
1373,1,1,0,1c.csv
1373,0,0,0,1e.csv
1373,6,5,1,1f.csv
1373,1,1,0,1g.csv
1373,2,1,1,1h.csv
1373,0,0,0,1i.csv
1373,0,0,0,1j.csv
1373,0,0,0,1k.csv
1373,1,1,0,1l.csv
1373,1,1,0,1m.csv
1373,0,0,0,2a.csv
1373,0,0,0,2b.csv
1373,2,1,1,2c.csv
1373,0,0,0,2d.csv
1373,0,0,0,2e.csv
1373,0,0,0,2f.csv
1373,0,0,0,2g.csv
1373,0,0,0,2h.csv
1373,0,0,0,2i.csv
1373,1,1,0,2j.csv
1373,1,1,0,2k.csv
1373,0,0,0,2l.csv
1373,2,2,0,3a.csv
1373,9,8,1,3b.csv
1373,2,2,0,3c.csv
1373,2,2,0,3d.csv
1373,3,3,0,3e.csv
1373,3,2,1,3f.csv
1373,5,3,2,3g.csv
1374,32,32,0,1a.csv
1374,5,5,0,1b.csv
1374,1,1,0,1c.csv
1374,0,0,0,1e.csv
1374,6,5,1,1f.csv
1374,1,1,0,1g.csv
1374,3,2,1,1h.csv
1374,0,0,0,1i.csv
1374,0,0,0,1j.csv
1374,0,0,0,1k.csv
1374,1,1,0,1l.csv
1374,1,1,0,1m.csv
1374,0,0,0,2a.csv
1374,0,0,0,2b.csv
1374,2,1,1,2c.csv
1374,0,0,0,2d.csv
1374,0,0,0,2e.csv
1374,0,0,0,2f.csv
1374,0,0,0,2g.csv
1374,0,0,0,2h.csv
1374,0,0,0,2i.csv
1374,1,1,0,2j.csv
1374,0,0,0,2k.csv
1374,0,0,0,2l.csv
1374,2,2,0,3a.csv
1374,10,7,3,3b.csv
1374,2,2,0,3c.csv
1374,2,2,0,3d.csv
1374,3,3,0,3e.csv
1374,3,2,1,3f.csv
1374,6,4,2,3g.csv
1375,23,23,0,1a.csv
1375,6,5,1,1b.csv
1375,1,1,0,1c.csv
1375,0,0,0,1e.csv
1375,5,4,1,1f.csv
1375,0,0,0,1g.csv
1375,3,2,1,1h.csv
1375,0,0,0,1i.csv
1375,0,0,0,1j.csv
1375,0,0,0,1k.csv
1375,1,1,0,1l.csv
1375,1,1,0,1m.csv
1375,1,1,0,2a.csv
1375,0,0,0,2b.csv
1375,2,1,1,2c.csv
1375,0,0,0,2d.csv
1375,1,0,1,2e.csv
1375,0,0,0,2f.csv
1375,0,0,0,2g.csv
1375,0,0,0,2h.csv
1375,0,0,0,2i.csv
1375,1,1,0,2j.csv
1375,0,0,0,2k.csv
1375,0,0,0,2l.csv
1375,2,2,0,3a.csv
1375,9,7,2,3b.csv
1375,5,4,1,3c.csv
1375,5,4,1,3d.csv
1375,2,2,0,3e.csv
1375,2,1,1,3f.csv
1375,7,5,2,3g.csv
1376,23,23,0,1a.csv
1376,6,5,1,1b.csv
1376,1,1,0,1c.csv
1376,1,0,1,1e.csv
1376,6,4,2,1f.csv
1376,0,0,0,1g.csv
1376,3,2,1,1h.csv
1376,0,0,0,1i.csv
1376,0,0,0,1j.csv
1376,0,0,0,1k.csv
1376,2,2,0,1l.csv
1376,0,0,0,1m.csv
1376,3,3,0,2a.csv
1376,0,0,0,2b.csv
1376,2,1,1,2c.csv
1376,0,0,0,2d.csv
1376,1,0,1,2e.csv
1376,0,0,0,2f.csv
1376,0,0,0,2g.csv
1376,0,0,0,2h.csv
1376,0,0,0,2i.csv
1376,1,1,0,2j.csv
1376,0,0,0,2k.csv
1376,0,0,0,2l.csv
1376,2,2,0,3a.csv
1376,9,7,2,3b.csv
1376,5,4,1,3c.csv
1376,5,4,1,3d.csv
1376,3,3,0,3e.csv
1376,2,1,1,3f.csv
1376,5,4,1,3g.csv
1377,17,17,0,1a.csv
1377,5,4,1,1b.csv
1377,1,1,0,1c.csv
1377,1,0,1,1e.csv
1377,4,3,1,1f.csv
1377,0,0,0,1g.csv
1377,4,3,1,1h.csv
1377,0,0,0,1i.csv
1377,1,1,0,1j.csv
1377,0,0,0,1k.csv
1377,2,2,0,1l.csv
1377,0,0,0,1m.csv
1377,3,3,0,2a.csv
1377,0,0,0,2b.csv
1377,2,1,1,2c.csv
1377,0,0,0,2d.csv
1377,1,0,1,2e.csv
1377,0,0,0,2f.csv
1377,0,0,0,2g.csv
1377,0,0,0,2h.csv
1377,0,0,0,2i.csv
1377,1,1,0,2j.csv
1377,0,0,0,2k.csv
1377,0,0,0,2l.csv
1377,5,4,1,3a.csv
1377,7,5,2,3b.csv
1377,6,5,1,3c.csv
1377,6,5,1,3d.csv
1377,3,3,0,3e.csv
1377,1,0,1,3f.csv
1377,6,4,2,3g.csv
1378,16,16,0,1a.csv
1378,4,3,1,1b.csv
1378,1,1,0,1c.csv
1378,1,0,1,1e.csv
1378,6,4,2,1f.csv
1378,0,0,0,1g.csv
1378,4,3,1,1h.csv
1378,0,0,0,1i.csv
1378,2,2,0,1j.csv
1378,0,0,0,1k.csv
1378,2,2,0,1l.csv
1378,1,1,0,1m.csv
1378,3,3,0,2a.csv
1378,0,0,0,2b.csv
1378,1,0,1,2c.csv
1378,0,0,0,2d.csv
1378,1,0,1,2e.csv
1378,0,0,0,2f.csv
1378,0,0,0,2g.csv
1378,0,0,0,2h.csv
1378,0,0,0,2i.csv
1378,0,0,0,2j.csv
1378,0,0,0,2k.csv
1378,0,0,0,2l.csv
1378,10,8,2,3a.csv
1378,6,4,2,3b.csv
1378,6,5,1,3c.csv
1378,6,5,1,3d.csv
1378,2,2,0,3e.csv
1378,1,0,1,3f.csv
1378,7,4,3,3g.csv
1379,14,14,0,1a.csv
1379,3,2,1,1b.csv
1379,1,1,0,1c.csv
1379,2,1,1,1e.csv
1379,6,4,2,1f.csv
1379,0,0,0,1g.csv
1379,3,2,1,1h.csv
1379,0,0,0,1i.csv
1379,2,2,0,1j.csv
1379,0,0,0,1k.csv
1379,2,2,0,1l.csv
1379,1,1,0,1m.csv
1379,3,3,0,2a.csv
1379,0,0,0,2b.csv
1379,1,1,0,2c.csv
1379,0,0,0,2d.csv
1379,1,0,1,2e.csv
1379,0,0,0,2f.csv
1379,0,0,0,2g.csv
1379,0,0,0,2h.csv
1379,0,0,0,2i.csv
1379,0,0,0,2j.csv
1379,0,0,0,2k.csv
1379,0,0,0,2l.csv
1379,10,8,2,3a.csv
1379,7,5,2,3b.csv
1379,8,7,1,3c.csv
1379,8,7,1,3d.csv
1379,2,2,0,3e.csv
1379,2,1,1,3f.csv
1379,6,3,3,3g.csv
1380,12,12,0,1a.csv
1380,3,2,1,1b.csv
1380,1,1,0,1c.csv
1380,2,1,1,1e.csv
1380,6,4,2,1f.csv
1380,0,0,0,1g.csv
1380,4,3,1,1h.csv
1380,0,0,0,1i.csv
1380,2,2,0,1j.csv
1380,0,0,0,1k.csv
1380,1,1,0,1l.csv
1380,2,2,0,1m.csv
1380,3,3,0,2a.csv
1380,0,0,0,2b.csv
1380,1,1,0,2c.csv
1380,0,0,0,2d.csv
1380,1,0,1,2e.csv
1380,0,0,0,2f.csv
1380,0,0,0,2g.csv
1380,0,0,0,2h.csv
1380,0,0,0,2i.csv
1380,0,0,0,2j.csv
1380,0,0,0,2k.csv
1380,1,1,0,2l.csv
1380,12,9,3,3a.csv
1380,9,7,2,3b.csv
1380,9,8,1,3c.csv
1380,9,8,1,3d.csv
1380,2,2,0,3e.csv
1380,3,2,1,3f.csv
1380,6,3,3,3g.csv
1381,12,12,0,1a.csv
1381,3,2,1,1b.csv
1381,1,1,0,1c.csv
1381,2,1,1,1e.csv
1381,9,6,3,1f.csv
1381,1,1,0,1g.csv
1381,3,3,0,1h.csv
1381,0,0,0,1i.csv
1381,2,2,0,1j.csv
1381,0,0,0,1k.csv
1381,1,1,0,1l.csv
1381,2,2,0,1m.csv
1381,3,3,0,2a.csv
1381,0,0,0,2b.csv
1381,1,1,0,2c.csv
1381,0,0,0,2d.csv
1381,1,0,1,2e.csv
1381,0,0,0,2f.csv
1381,0,0,0,2g.csv
1381,0,0,0,2h.csv
1381,0,0,0,2i.csv
1381,0,0,0,2j.csv
1381,0,0,0,2k.csv
1381,1,1,0,2l.csv
1381,11,8,3,3a.csv
1381,9,7,2,3b.csv
1381,9,8,1,3c.csv
1381,9,8,1,3d.csv
1381,2,2,0,3e.csv
1381,3,3,0,3f.csv
1381,4,2,2,3g.csv
1382,11,11,0,1a.csv
1382,3,2,1,1b.csv
1382,0,0,0,1c.csv
1382,2,1,1,1e.csv
1382,10,7,3,1f.csv
1382,2,2,0,1g.csv
1382,2,2,0,1h.csv
1382,0,0,0,1i.csv
1382,2,2,0,1j.csv
1382,0,0,0,1k.csv
1382,1,1,0,1l.csv
1382,2,2,0,1m.csv
1382,3,3,0,2a.csv
1382,0,0,0,2b.csv
1382,1,1,0,2c.csv
1382,2,2,0,2d.csv
1382,1,0,1,2e.csv
1382,0,0,0,2f.csv
1382,0,0,0,2g.csv
1382,0,0,0,2h.csv
1382,0,0,0,2i.csv
1382,0,0,0,2j.csv
1382,1,1,0,2k.csv
1382,1,1,0,2l.csv
1382,13,9,4,3a.csv
1382,8,8,0,3b.csv
1382,12,10,2,3c.csv
1382,12,10,2,3d.csv
1382,2,2,0,3e.csv
1382,3,3,0,3f.csv
1382,3,1,2,3g.csv
1383,12,12,0,1a.csv
1383,1,1,0,1b.csv
1383,0,0,0,1c.csv
1383,2,1,1,1e.csv
1383,11,8,3,1f.csv
1383,2,2,0,1g.csv
1383,2,2,0,1h.csv
1383,0,0,0,1i.csv
1383,3,3,0,1j.csv
1383,0,0,0,1k.csv
1383,1,1,0,1l.csv
1383,2,2,0,1m.csv
1383,2,2,0,2a.csv
1383,0,0,0,2b.csv
1383,1,1,0,2c.csv
1383,2,2,0,2d.csv
1383,0,0,0,2e.csv
1383,0,0,0,2f.csv
1383,0,0,0,2g.csv
1383,0,0,0,2h.csv
1383,1,1,0,2i.csv
1383,0,0,0,2j.csv
1383,1,1,0,2k.csv
1383,1,1,0,2l.csv
1383,13,9,4,3a.csv
1383,9,9,0,3b.csv
1383,10,9,1,3c.csv
1383,10,9,1,3d.csv
1383,1,1,0,3e.csv
1383,4,3,1,3f.csv
1383,2,0,2,3g.csv
1384,13,13,0,1a.csv
1384,2,2,0,1b.csv
1384,0,0,0,1c.csv
1384,1,1,0,1e.csv
1384,10,8,2,1f.csv
1384,2,2,0,1g.csv
1384,2,2,0,1h.csv
1384,0,0,0,1i.csv
1384,3,3,0,1j.csv
1384,0,0,0,1k.csv
1384,0,0,0,1l.csv
1384,3,3,0,1m.csv
1384,0,0,0,2a.csv
1384,0,0,0,2b.csv
1384,1,1,0,2c.csv
1384,4,3,1,2d.csv
1384,0,0,0,2e.csv
1384,0,0,0,2f.csv
1384,0,0,0,2g.csv
1384,0,0,0,2h.csv
1384,1,1,0,2i.csv
1384,0,0,0,2j.csv
1384,2,2,0,2k.csv
1384,1,1,0,2l.csv
1384,15,11,4,3a.csv
1384,10,10,0,3b.csv
1384,11,9,2,3c.csv
1384,11,9,2,3d.csv
1384,0,0,0,3e.csv
1384,4,3,1,3f.csv
1384,2,0,2,3g.csv
1385,13,13,0,1a.csv
1385,2,2,0,1b.csv
1385,0,0,0,1c.csv
1385,1,1,0,1e.csv
1385,12,10,2,1f.csv
1385,2,2,0,1g.csv
1385,1,1,0,1h.csv
1385,0,0,0,1i.csv
1385,2,2,0,1j.csv
1385,0,0,0,1k.csv
1385,0,0,0,1l.csv
1385,5,5,0,1m.csv
1385,0,0,0,2a.csv
1385,0,0,0,2b.csv
1385,2,1,1,2c.csv
1385,5,4,1,2d.csv
1385,0,0,0,2e.csv
1385,0,0,0,2f.csv
1385,0,0,0,2g.csv
1385,0,0,0,2h.csv
1385,1,1,0,2i.csv
1385,0,0,0,2j.csv
1385,2,2,0,2k.csv
1385,1,1,0,2l.csv
1385,13,10,3,3a.csv
1385,11,11,0,3b.csv
1385,11,9,2,3c.csv
1385,11,9,2,3d.csv
1385,0,0,0,3e.csv
1385,4,3,1,3f.csv
1385,1,0,1,3g.csv
1386,13,13,0,1a.csv
1386,2,2,0,1b.csv
1386,0,0,0,1c.csv
1386,1,1,0,1e.csv
1386,10,9,1,1f.csv
1386,2,2,0,1g.csv
1386,2,2,0,1h.csv
1386,0,0,0,1i.csv
1386,1,1,0,1j.csv
1386,0,0,0,1k.csv
1386,0,0,0,1l.csv
1386,4,4,0,1m.csv
1386,0,0,0,2a.csv
1386,0,0,0,2b.csv
1386,2,1,1,2c.csv
1386,5,4,1,2d.csv
1386,0,0,0,2e.csv
1386,0,0,0,2f.csv
1386,0,0,0,2g.csv
1386,0,0,0,2h.csv
1386,1,1,0,2i.csv
1386,0,0,0,2j.csv
1386,2,2,0,2k.csv
1386,1,1,0,2l.csv
1386,8,6,2,3a.csv
1386,11,11,0,3b.csv
1386,11,9,2,3c.csv
1386,11,9,2,3d.csv
1386,1,1,0,3e.csv
1386,4,3,1,3f.csv
1386,0,0,0,3g.csv
1387,12,12,0,1a.csv
1387,2,2,0,1b.csv
1387,0,0,0,1c.csv
1387,0,0,0,1e.csv
1387,11,10,1,1f.csv
1387,2,2,0,1g.csv
1387,2,2,0,1h.csv
1387,0,0,0,1i.csv
1387,1,1,0,1j.csv
1387,0,0,0,1k.csv
1387,0,0,0,1l.csv
1387,4,4,0,1m.csv
1387,2,2,0,2a.csv
1387,0,0,0,2b.csv
1387,1,0,1,2c.csv
1387,6,5,1,2d.csv
1387,0,0,0,2e.csv
1387,0,0,0,2f.csv
1387,0,0,0,2g.csv
1387,0,0,0,2h.csv
1387,1,1,0,2i.csv
1387,0,0,0,2j.csv
1387,2,2,0,2k.csv
1387,1,1,0,2l.csv
1387,8,6,2,3a.csv
1387,12,12,0,3b.csv
1387,9,7,2,3c.csv
1387,9,7,2,3d.csv
1387,2,2,0,3e.csv
1387,3,2,1,3f.csv
1387,1,0,1,3g.csv
1388,12,12,0,1a.csv
1388,2,2,0,1b.csv
1388,0,0,0,1c.csv
1388,0,0,0,1e.csv
1388,10,9,1,1f.csv
1388,2,2,0,1g.csv
1388,1,1,0,1h.csv
1388,0,0,0,1i.csv
1388,1,1,0,1j.csv
1388,0,0,0,1k.csv
1388,0,0,0,1l.csv
1388,3,3,0,1m.csv
1388,2,2,0,2a.csv
1388,0,0,0,2b.csv
1388,1,0,1,2c.csv
1388,6,5,1,2d.csv
1388,0,0,0,2e.csv
1388,0,0,0,2f.csv
1388,0,0,0,2g.csv
1388,0,0,0,2h.csv
1388,1,1,0,2i.csv
1388,0,0,0,2j.csv
1388,2,2,0,2k.csv
1388,0,0,0,2l.csv
1388,7,6,1,3a.csv
1388,10,10,0,3b.csv
1388,8,6,2,3c.csv
1388,8,6,2,3d.csv
1388,2,2,0,3e.csv
1388,3,2,1,3f.csv
1388,1,0,1,3g.csv
1389,14,14,0,1a.csv
1389,1,1,0,1b.csv
1389,0,0,0,1c.csv
1389,0,0,0,1e.csv
1389,8,8,0,1f.csv
1389,1,1,0,1g.csv
1389,1,1,0,1h.csv
1389,0,0,0,1i.csv
1389,1,1,0,1j.csv
1389,0,0,0,1k.csv
1389,0,0,0,1l.csv
1389,4,4,0,1m.csv
1389,2,2,0,2a.csv
1389,0,0,0,2b.csv
1389,2,0,2,2c.csv
1389,6,5,1,2d.csv
1389,0,0,0,2e.csv
1389,0,0,0,2f.csv
1389,0,0,0,2g.csv
1389,0,0,0,2h.csv
1389,1,1,0,2i.csv
1389,0,0,0,2j.csv
1389,2,2,0,2k.csv
1389,0,0,0,2l.csv
1389,7,6,1,3a.csv
1389,9,9,0,3b.csv
1389,9,7,2,3c.csv
1389,9,7,2,3d.csv
1389,3,3,0,3e.csv
1389,3,2,1,3f.csv
1389,2,1,1,3g.csv
1390,10,10,0,1a.csv
1390,1,1,0,1b.csv
1390,0,0,0,1c.csv
1390,1,1,0,1e.csv
1390,7,7,0,1f.csv
1390,0,0,0,1g.csv
1390,3,3,0,1h.csv
1390,0,0,0,1i.csv
1390,1,1,0,1j.csv
1390,0,0,0,1k.csv
1390,0,0,0,1l.csv
1390,5,5,0,1m.csv
1390,2,2,0,2a.csv
1390,0,0,0,2b.csv
1390,2,0,2,2c.csv
1390,5,4,1,2d.csv
1390,0,0,0,2e.csv
1390,0,0,0,2f.csv
1390,0,0,0,2g.csv
1390,0,0,0,2h.csv
1390,1,1,0,2i.csv
1390,0,0,0,2j.csv
1390,1,1,0,2k.csv
1390,0,0,0,2l.csv
1390,5,5,0,3a.csv
1390,7,7,0,3b.csv
1390,7,6,1,3c.csv
1390,7,6,1,3d.csv
1390,3,3,0,3e.csv
1390,6,5,1,3f.csv
1390,2,1,1,3g.csv
1391,9,9,0,1a.csv
1391,1,1,0,1b.csv
1391,0,0,0,1c.csv
1391,1,1,0,1e.csv
1391,6,6,0,1f.csv
1391,0,0,0,1g.csv
1391,3,3,0,1h.csv
1391,0,0,0,1i.csv
1391,0,0,0,1j.csv
1391,0,0,0,1k.csv
1391,0,0,0,1l.csv
1391,5,5,0,1m.csv
1391,2,2,0,2a.csv
1391,0,0,0,2b.csv
1391,2,0,2,2c.csv
1391,5,4,1,2d.csv
1391,0,0,0,2e.csv
1391,0,0,0,2f.csv
1391,0,0,0,2g.csv
1391,0,0,0,2h.csv
1391,0,0,0,2i.csv
1391,0,0,0,2j.csv
1391,1,1,0,2k.csv
1391,1,0,1,2l.csv
1391,4,4,0,3a.csv
1391,6,6,0,3b.csv
1391,7,6,1,3c.csv
1391,7,6,1,3d.csv
1391,5,5,0,3e.csv
1391,5,5,0,3f.csv
1391,2,1,1,3g.csv
1392,8,8,0,1a.csv
1392,0,0,0,1b.csv
1392,1,1,0,1c.csv
1392,1,1,0,1e.csv
1392,6,6,0,1f.csv
1392,0,0,0,1g.csv
1392,4,3,1,1h.csv
1392,0,0,0,1i.csv
1392,2,2,0,1j.csv
1392,0,0,0,1k.csv
1392,0,0,0,1l.csv
1392,5,5,0,1m.csv
1392,2,2,0,2a.csv
1392,0,0,0,2b.csv
1392,2,0,2,2c.csv
1392,3,3,0,2d.csv
1392,0,0,0,2e.csv
1392,0,0,0,2f.csv
1392,0,0,0,2g.csv
1392,0,0,0,2h.csv
1392,0,0,0,2i.csv
1392,0,0,0,2j.csv
1392,0,0,0,2k.csv
1392,1,0,1,2l.csv
1392,3,3,0,3a.csv
1392,5,5,0,3b.csv
1392,6,6,0,3c.csv
1392,6,6,0,3d.csv
1392,6,6,0,3e.csv
1392,5,5,0,3f.csv
1392,2,1,1,3g.csv
1393,10,10,0,1a.csv
1393,0,0,0,1b.csv
1393,1,1,0,1c.csv
1393,1,1,0,1e.csv
1393,6,5,1,1f.csv
1393,0,0,0,1g.csv
1393,4,3,1,1h.csv
1393,0,0,0,1i.csv
1393,2,2,0,1j.csv
1393,0,0,0,1k.csv
1393,0,0,0,1l.csv
1393,3,3,0,1m.csv
1393,2,2,0,2a.csv
1393,0,0,0,2b.csv
1393,2,1,1,2c.csv
1393,2,2,0,2d.csv
1393,0,0,0,2e.csv
1393,0,0,0,2f.csv
1393,0,0,0,2g.csv
1393,0,0,0,2h.csv
1393,1,1,0,2i.csv
1393,0,0,0,2j.csv
1393,0,0,0,2k.csv
1393,1,0,1,2l.csv
1393,2,2,0,3a.csv
1393,7,7,0,3b.csv
1393,4,4,0,3c.csv
1393,4,4,0,3d.csv
1393,6,6,0,3e.csv
1393,6,6,0,3f.csv
1393,2,1,1,3g.csv
1394,10,10,0,1a.csv
1394,0,0,0,1b.csv
1394,1,1,0,1c.csv
1394,1,1,0,1e.csv
1394,6,5,1,1f.csv
1394,0,0,0,1g.csv
1394,3,2,1,1h.csv
1394,0,0,0,1i.csv
1394,2,2,0,1j.csv
1394,0,0,0,1k.csv
1394,0,0,0,1l.csv
1394,3,3,0,1m.csv
1394,2,2,0,2a.csv
1394,0,0,0,2b.csv
1394,2,1,1,2c.csv
1394,2,2,0,2d.csv
1394,0,0,0,2e.csv
1394,0,0,0,2f.csv
1394,0,0,0,2g.csv
1394,0,0,0,2h.csv
1394,1,1,0,2i.csv
1394,0,0,0,2j.csv
1394,1,1,0,2k.csv
1394,1,0,1,2l.csv
1394,2,2,0,3a.csv
1394,8,8,0,3b.csv
1394,5,5,0,3c.csv
1394,5,5,0,3d.csv
1394,7,6,1,3e.csv
1394,6,6,0,3f.csv
1394,4,2,2,3g.csv
1395,11,11,0,1a.csv
1395,0,0,0,1b.csv
1395,2,2,0,1c.csv
1395,1,1,0,1e.csv
1395,3,2,1,1f.csv
1395,1,1,0,1g.csv
1395,3,2,1,1h.csv
1395,0,0,0,1i.csv
1395,2,2,0,1j.csv
1395,0,0,0,1k.csv
1395,0,0,0,1l.csv
1395,3,3,0,1m.csv
1395,0,0,0,2a.csv
1395,0,0,0,2b.csv
1395,2,1,1,2c.csv
1395,1,1,0,2d.csv
1395,0,0,0,2e.csv
1395,0,0,0,2f.csv
1395,0,0,0,2g.csv
1395,0,0,0,2h.csv
1395,1,1,0,2i.csv
1395,0,0,0,2j.csv
1395,2,2,0,2k.csv
1395,2,1,1,2l.csv
1395,2,2,0,3a.csv
1395,7,7,0,3b.csv
1395,5,5,0,3c.csv
1395,5,5,0,3d.csv
1395,7,5,2,3e.csv
1395,6,6,0,3f.csv
1395,4,3,1,3g.csv
1396,11,11,0,1a.csv
1396,0,0,0,1b.csv
1396,2,2,0,1c.csv
1396,1,1,0,1e.csv
1396,3,2,1,1f.csv
1396,1,1,0,1g.csv
1396,3,2,1,1h.csv
1396,0,0,0,1i.csv
1396,2,2,0,1j.csv
1396,0,0,0,1k.csv
1396,0,0,0,1l.csv
1396,3,3,0,1m.csv
1396,0,0,0,2a.csv
1396,0,0,0,2b.csv
1396,2,1,1,2c.csv
1396,1,1,0,2d.csv
1396,0,0,0,2e.csv
1396,0,0,0,2f.csv
1396,0,0,0,2g.csv
1396,0,0,0,2h.csv
1396,1,1,0,2i.csv
1396,0,0,0,2j.csv
1396,3,2,1,2k.csv
1396,2,1,1,2l.csv
1396,1,1,0,3a.csv
1396,7,7,0,3b.csv
1396,5,5,0,3c.csv
1396,5,5,0,3d.csv
1396,9,6,3,3e.csv
1396,5,5,0,3f.csv
1396,5,4,1,3g.csv
1397,9,9,0,1a.csv
1397,0,0,0,1b.csv
1397,2,2,0,1c.csv
1397,1,1,0,1e.csv
1397,2,1,1,1f.csv
1397,1,1,0,1g.csv
1397,3,2,1,1h.csv
1397,0,0,0,1i.csv
1397,2,2,0,1j.csv
1397,0,0,0,1k.csv
1397,0,0,0,1l.csv
1397,2,2,0,1m.csv
1397,0,0,0,2a.csv
1397,1,1,0,2b.csv
1397,1,1,0,2c.csv
1397,2,2,0,2d.csv
1397,0,0,0,2e.csv
1397,0,0,0,2f.csv
1397,0,0,0,2g.csv
1397,0,0,0,2h.csv
1397,1,1,0,2i.csv
1397,0,0,0,2j.csv
1397,4,3,1,2k.csv
1397,2,1,1,2l.csv
1397,4,4,0,3a.csv
1397,8,8,0,3b.csv
1397,3,3,0,3c.csv
1397,3,3,0,3d.csv
1397,8,5,3,3e.csv
1397,4,4,0,3f.csv
1397,4,3,1,3g.csv
1398,9,9,0,1a.csv
1398,0,0,0,1b.csv
1398,2,2,0,1c.csv
1398,0,0,0,1e.csv
1398,2,1,1,1f.csv
1398,1,1,0,1g.csv
1398,1,0,1,1h.csv
1398,0,0,0,1i.csv
1398,2,2,0,1j.csv
1398,0,0,0,1k.csv
1398,0,0,0,1l.csv
1398,1,1,0,1m.csv
1398,1,1,0,2a.csv
1398,1,1,0,2b.csv
1398,1,1,0,2c.csv
1398,1,1,0,2d.csv
1398,0,0,0,2e.csv
1398,0,0,0,2f.csv
1398,0,0,0,2g.csv
1398,0,0,0,2h.csv
1398,3,3,0,2i.csv
1398,2,2,0,2j.csv
1398,4,3,1,2k.csv
1398,2,1,1,2l.csv
1398,5,4,1,3a.csv
1398,9,8,1,3b.csv
1398,2,2,0,3c.csv
1398,2,2,0,3d.csv
1398,8,5,3,3e.csv
1398,2,2,0,3f.csv
1398,4,3,1,3g.csv
1399,9,9,0,1a.csv
1399,0,0,0,1b.csv
1399,2,2,0,1c.csv
1399,0,0,0,1e.csv
1399,2,1,1,1f.csv
1399,1,1,0,1g.csv
1399,1,0,1,1h.csv
1399,3,3,0,1i.csv
1399,3,3,0,1j.csv
1399,0,0,0,1k.csv
1399,0,0,0,1l.csv
1399,1,1,0,1m.csv
1399,1,1,0,2a.csv
1399,1,1,0,2b.csv
1399,1,1,0,2c.csv
1399,2,2,0,2d.csv
1399,0,0,0,2e.csv
1399,0,0,0,2f.csv
1399,0,0,0,2g.csv
1399,0,0,0,2h.csv
1399,4,4,0,2i.csv
1399,2,2,0,2j.csv
1399,4,3,1,2k.csv
1399,1,1,0,2l.csv
1399,6,4,2,3a.csv
1399,9,8,1,3b.csv
1399,1,1,0,3c.csv
1399,1,1,0,3d.csv
1399,8,4,4,3e.csv
1399,3,3,0,3f.csv
1399,4,3,1,3g.csv
1400,8,8,0,1a.csv
1400,1,1,0,1b.csv
1400,3,2,1,1c.csv
1400,1,1,0,1e.csv
1400,3,2,1,1f.csv
1400,1,1,0,1g.csv
1400,0,0,0,1h.csv
1400,3,3,0,1i.csv
1400,1,1,0,1j.csv
1400,0,0,0,1k.csv
1400,0,0,0,1l.csv
1400,1,1,0,1m.csv
1400,1,1,0,2a.csv
1400,1,1,0,2b.csv
1400,1,1,0,2c.csv
1400,2,2,0,2d.csv
1400,0,0,0,2e.csv
1400,0,0,0,2f.csv
1400,0,0,0,2g.csv
1400,0,0,0,2h.csv
1400,4,4,0,2i.csv
1400,2,2,0,2j.csv
1400,4,3,1,2k.csv
1400,1,1,0,2l.csv
1400,5,3,2,3a.csv
1400,13,11,2,3b.csv
1400,1,1,0,3c.csv
1400,1,1,0,3d.csv
1400,8,4,4,3e.csv
1400,3,3,0,3f.csv
1400,4,3,1,3g.csv
1401,8,8,0,1a.csv
1401,1,1,0,1b.csv
1401,3,2,1,1c.csv
1401,1,1,0,1e.csv
1401,2,2,0,1f.csv
1401,1,1,0,1g.csv
1401,0,0,0,1h.csv
1401,3,3,0,1i.csv
1401,1,1,0,1j.csv
1401,1,1,0,1k.csv
1401,0,0,0,1l.csv
1401,2,2,0,1m.csv
1401,1,1,0,2a.csv
1401,1,1,0,2b.csv
1401,0,0,0,2c.csv
1401,2,2,0,2d.csv
1401,0,0,0,2e.csv
1401,0,0,0,2f.csv
1401,0,0,0,2g.csv
1401,0,0,0,2h.csv
1401,3,3,0,2i.csv
1401,2,2,0,2j.csv
1401,4,3,1,2k.csv
1401,1,1,0,2l.csv
1401,6,4,2,3a.csv
1401,13,10,3,3b.csv
1401,2,2,0,3c.csv
1401,2,2,0,3d.csv
1401,8,4,4,3e.csv
1401,3,2,1,3f.csv
1401,4,3,1,3g.csv
1402,7,7,0,1a.csv
1402,1,1,0,1b.csv
1402,3,2,1,1c.csv
1402,1,1,0,1e.csv
1402,2,2,0,1f.csv
1402,1,1,0,1g.csv
1402,0,0,0,1h.csv
1402,3,3,0,1i.csv
1402,1,1,0,1j.csv
1402,1,1,0,1k.csv
1402,0,0,0,1l.csv
1402,4,4,0,1m.csv
1402,1,1,0,2a.csv
1402,1,1,0,2b.csv
1402,1,0,1,2c.csv
1402,2,2,0,2d.csv
1402,0,0,0,2e.csv
1402,0,0,0,2f.csv
1402,0,0,0,2g.csv
1402,0,0,0,2h.csv
1402,3,3,0,2i.csv
1402,2,2,0,2j.csv
1402,3,2,1,2k.csv
1402,1,1,0,2l.csv
1402,6,4,2,3a.csv
1402,13,9,4,3b.csv
1402,2,2,0,3c.csv
1402,2,2,0,3d.csv
1402,7,4,3,3e.csv
1402,3,2,1,3f.csv
1402,2,2,0,3g.csv
1403,7,7,0,1a.csv
1403,2,2,0,1b.csv
1403,2,1,1,1c.csv
1403,1,1,0,1e.csv
1403,3,3,0,1f.csv
1403,1,1,0,1g.csv
1403,0,0,0,1h.csv
1403,3,3,0,1i.csv
1403,1,1,0,1j.csv
1403,1,1,0,1k.csv
1403,0,0,0,1l.csv
1403,4,4,0,1m.csv
1403,1,1,0,2a.csv
1403,1,1,0,2b.csv
1403,1,0,1,2c.csv
1403,2,2,0,2d.csv
1403,0,0,0,2e.csv
1403,0,0,0,2f.csv
1403,0,0,0,2g.csv
1403,0,0,0,2h.csv
1403,3,3,0,2i.csv
1403,2,2,0,2j.csv
1403,3,1,2,2k.csv
1403,0,0,0,2l.csv
1403,7,4,3,3a.csv
1403,12,8,4,3b.csv
1403,3,3,0,3c.csv
1403,3,3,0,3d.csv
1403,6,4,2,3e.csv
1403,4,3,1,3f.csv
1403,2,2,0,3g.csv
1404,7,7,0,1a.csv
1404,4,3,1,1b.csv
1404,2,1,1,1c.csv
1404,2,2,0,1e.csv
1404,3,3,0,1f.csv
1404,1,1,0,1g.csv
1404,0,0,0,1h.csv
1404,3,3,0,1i.csv
1404,1,1,0,1j.csv
1404,1,1,0,1k.csv
1404,1,1,0,1l.csv
1404,4,4,0,1m.csv
1404,1,1,0,2a.csv
1404,1,1,0,2b.csv
1404,1,0,1,2c.csv
1404,2,2,0,2d.csv
1404,0,0,0,2e.csv
1404,0,0,0,2f.csv
1404,0,0,0,2g.csv
1404,0,0,0,2h.csv
1404,3,3,0,2i.csv
1404,2,2,0,2j.csv
1404,2,1,1,2k.csv
1404,0,0,0,2l.csv
1404,8,4,4,3a.csv
1404,12,8,4,3b.csv
1404,5,4,1,3c.csv
1404,5,4,1,3d.csv
1404,4,3,1,3e.csv
1404,6,3,3,3f.csv
1404,1,1,0,3g.csv
1405,7,7,0,1a.csv
1405,5,4,1,1b.csv
1405,2,1,1,1c.csv
1405,2,2,0,1e.csv
1405,4,4,0,1f.csv
1405,1,1,0,1g.csv
1405,0,0,0,1h.csv
1405,3,3,0,1i.csv
1405,2,2,0,1j.csv
1405,1,1,0,1k.csv
1405,2,1,1,1l.csv
1405,4,4,0,1m.csv
1405,1,1,0,2a.csv
1405,0,0,0,2b.csv
1405,1,0,1,2c.csv
1405,1,1,0,2d.csv
1405,0,0,0,2e.csv
1405,0,0,0,2f.csv
1405,0,0,0,2g.csv
1405,0,0,0,2h.csv
1405,3,3,0,2i.csv
1405,2,2,0,2j.csv
1405,1,0,1,2k.csv
1405,0,0,0,2l.csv
1405,6,2,4,3a.csv
1405,12,8,4,3b.csv
1405,6,5,1,3c.csv
1405,6,5,1,3d.csv
1405,5,3,2,3e.csv
1405,7,3,4,3f.csv
1405,6,5,1,3g.csv
1406,8,7,1,1a.csv
1406,6,4,2,1b.csv
1406,2,1,1,1c.csv
1406,3,2,1,1e.csv
1406,4,4,0,1f.csv
1406,1,1,0,1g.csv
1406,0,0,0,1h.csv
1406,3,3,0,1i.csv
1406,2,2,0,1j.csv
1406,1,1,0,1k.csv
1406,3,2,1,1l.csv
1406,5,5,0,1m.csv
1406,0,0,0,2a.csv
1406,1,1,0,2b.csv
1406,2,1,1,2c.csv
1406,1,1,0,2d.csv
1406,1,1,0,2e.csv
1406,0,0,0,2f.csv
1406,0,0,0,2g.csv
1406,0,0,0,2h.csv
1406,1,1,0,2i.csv
1406,0,0,0,2j.csv
1406,1,0,1,2k.csv
1406,1,1,0,2l.csv
1406,5,2,3,3a.csv
1406,12,9,3,3b.csv
1406,6,5,1,3c.csv
1406,6,5,1,3d.csv
1406,5,3,2,3e.csv
1406,7,3,4,3f.csv
1406,6,5,1,3g.csv
1407,8,7,1,1a.csv
1407,6,4,2,1b.csv
1407,2,1,1,1c.csv
1407,3,2,1,1e.csv
1407,4,4,0,1f.csv
1407,1,1,0,1g.csv
1407,0,0,0,1h.csv
1407,0,0,0,1i.csv
1407,2,2,0,1j.csv
1407,1,1,0,1k.csv
1407,3,2,1,1l.csv
1407,5,5,0,1m.csv
1407,0,0,0,2a.csv
1407,1,1,0,2b.csv
1407,2,1,1,2c.csv
1407,0,0,0,2d.csv
1407,1,1,0,2e.csv
1407,0,0,0,2f.csv
1407,0,0,0,2g.csv
1407,0,0,0,2h.csv
1407,1,1,0,2i.csv
1407,0,0,0,2j.csv
1407,1,0,1,2k.csv
1407,1,1,0,2l.csv
1407,5,2,3,3a.csv
1407,14,11,3,3b.csv
1407,7,5,2,3c.csv
1407,7,5,2,3d.csv
1407,5,4,1,3e.csv
1407,6,2,4,3f.csv
1407,6,5,1,3g.csv
1408,8,7,1,1a.csv
1408,5,3,2,1b.csv
1408,0,0,0,1c.csv
1408,2,1,1,1e.csv
1408,3,3,0,1f.csv
1408,1,1,0,1g.csv
1408,0,0,0,1h.csv
1408,0,0,0,1i.csv
1408,3,3,0,1j.csv
1408,1,1,0,1k.csv
1408,5,4,1,1l.csv
1408,6,5,1,1m.csv
1408,0,0,0,2a.csv
1408,1,1,0,2b.csv
1408,2,1,1,2c.csv
1408,0,0,0,2d.csv
1408,1,1,0,2e.csv
1408,0,0,0,2f.csv
1408,0,0,0,2g.csv
1408,0,0,0,2h.csv
1408,1,1,0,2i.csv
1408,0,0,0,2j.csv
1408,1,0,1,2k.csv
1408,1,1,0,2l.csv
1408,5,2,3,3a.csv
1408,13,11,2,3b.csv
1408,7,5,2,3c.csv
1408,7,5,2,3d.csv
1408,5,3,2,3e.csv
1408,6,2,4,3f.csv
1408,6,5,1,3g.csv
1409,7,6,1,1a.csv
1409,5,3,2,1b.csv
1409,0,0,0,1c.csv
1409,2,1,1,1e.csv
1409,3,2,1,1f.csv
1409,1,1,0,1g.csv
1409,0,0,0,1h.csv
1409,0,0,0,1i.csv
1409,3,3,0,1j.csv
1409,0,0,0,1k.csv
1409,6,5,1,1l.csv
1409,6,5,1,1m.csv
1409,0,0,0,2a.csv
1409,1,1,0,2b.csv
1409,2,1,1,2c.csv
1409,0,0,0,2d.csv
1409,2,2,0,2e.csv
1409,0,0,0,2f.csv
1409,0,0,0,2g.csv
1409,0,0,0,2h.csv
1409,1,1,0,2i.csv
1409,0,0,0,2j.csv
1409,1,0,1,2k.csv
1409,1,1,0,2l.csv
1409,5,2,3,3a.csv
1409,10,9,1,3b.csv
1409,6,4,2,3c.csv
1409,6,4,2,3d.csv
1409,5,3,2,3e.csv
1409,6,3,3,3f.csv
1409,7,6,1,3g.csv
1410,7,6,1,1a.csv
1410,5,3,2,1b.csv
1410,0,0,0,1c.csv
1410,2,1,1,1e.csv
1410,3,2,1,1f.csv
1410,1,1,0,1g.csv
1410,0,0,0,1h.csv
1410,0,0,0,1i.csv
1410,3,3,0,1j.csv
1410,0,0,0,1k.csv
1410,6,5,1,1l.csv
1410,5,4,1,1m.csv
1410,1,1,0,2a.csv
1410,1,1,0,2b.csv
1410,1,1,0,2c.csv
1410,0,0,0,2d.csv
1410,2,2,0,2e.csv
1410,0,0,0,2f.csv
1410,0,0,0,2g.csv
1410,0,0,0,2h.csv
1410,1,1,0,2i.csv
1410,0,0,0,2j.csv
1410,1,0,1,2k.csv
1410,1,1,0,2l.csv
1410,5,2,3,3a.csv
1410,10,10,0,3b.csv
1410,9,6,3,3c.csv
1410,9,6,3,3d.csv
1410,5,3,2,3e.csv
1410,6,3,3,3f.csv
1410,8,7,1,3g.csv
1411,7,6,1,1a.csv
1411,4,2,2,1b.csv
1411,1,1,0,1c.csv
1411,2,1,1,1e.csv
1411,2,1,1,1f.csv
1411,0,0,0,1g.csv
1411,0,0,0,1h.csv
1411,0,0,0,1i.csv
1411,3,3,0,1j.csv
1411,0,0,0,1k.csv
1411,6,5,1,1l.csv
1411,5,4,1,1m.csv
1411,1,1,0,2a.csv
1411,1,1,0,2b.csv
1411,1,1,0,2c.csv
1411,0,0,0,2d.csv
1411,2,2,0,2e.csv
1411,0,0,0,2f.csv
1411,0,0,0,2g.csv
1411,0,0,0,2h.csv
1411,1,1,0,2i.csv
1411,0,0,0,2j.csv
1411,0,0,0,2k.csv
1411,1,1,0,2l.csv
1411,5,2,3,3a.csv
1411,10,10,0,3b.csv
1411,8,5,3,3c.csv
1411,8,5,3,3d.csv
1411,7,4,3,3e.csv
1411,7,4,3,3f.csv
1411,8,7,1,3g.csv
1412,8,7,1,1a.csv
1412,2,1,1,1b.csv
1412,2,1,1,1c.csv
1412,2,0,2,1e.csv
1412,2,1,1,1f.csv
1412,2,2,0,1g.csv
1412,1,1,0,1h.csv
1412,0,0,0,1i.csv
1412,3,3,0,1j.csv
1412,0,0,0,1k.csv
1412,5,4,1,1l.csv
1412,6,5,1,1m.csv
1412,1,1,0,2a.csv
1412,1,1,0,2b.csv
1412,1,1,0,2c.csv
1412,1,1,0,2d.csv
1412,2,2,0,2e.csv
1412,0,0,0,2f.csv
1412,0,0,0,2g.csv
1412,0,0,0,2h.csv
1412,1,1,0,2i.csv
1412,0,0,0,2j.csv
1412,0,0,0,2k.csv
1412,1,1,0,2l.csv
1412,4,2,2,3a.csv
1412,10,10,0,3b.csv
1412,7,5,2,3c.csv
1412,7,5,2,3d.csv
1412,7,4,3,3e.csv
1412,6,5,1,3f.csv
1412,8,7,1,3g.csv
1413,8,6,2,1a.csv
1413,3,2,1,1b.csv
1413,2,1,1,1c.csv
1413,2,0,2,1e.csv
1413,1,0,1,1f.csv
1413,2,2,0,1g.csv
1413,1,1,0,1h.csv
1413,0,0,0,1i.csv
1413,2,2,0,1j.csv
1413,0,0,0,1k.csv
1413,5,5,0,1l.csv
1413,6,5,1,1m.csv
1413,1,1,0,2a.csv
1413,2,2,0,2b.csv
1413,1,1,0,2c.csv
1413,1,1,0,2d.csv
1413,2,2,0,2e.csv
1413,0,0,0,2f.csv
1413,0,0,0,2g.csv
1413,0,0,0,2h.csv
1413,1,1,0,2i.csv
1413,0,0,0,2j.csv
1413,0,0,0,2k.csv
1413,2,2,0,2l.csv
1413,3,1,2,3a.csv
1413,10,10,0,3b.csv
1413,7,5,2,3c.csv
1413,7,5,2,3d.csv
1413,7,5,2,3e.csv
1413,6,6,0,3f.csv
1413,4,4,0,3g.csv
1414,8,7,1,1a.csv
1414,3,3,0,1b.csv
1414,2,1,1,1c.csv
1414,1,0,1,1e.csv
1414,1,0,1,1f.csv
1414,2,2,0,1g.csv
1414,1,1,0,1h.csv
1414,0,0,0,1i.csv
1414,2,2,0,1j.csv
1414,0,0,0,1k.csv
1414,4,4,0,1l.csv
1414,5,4,1,1m.csv
1414,2,2,0,2a.csv
1414,1,1,0,2b.csv
1414,0,0,0,2c.csv
1414,1,1,0,2d.csv
1414,1,1,0,2e.csv
1414,0,0,0,2f.csv
1414,0,0,0,2g.csv
1414,0,0,0,2h.csv
1414,1,1,0,2i.csv
1414,0,0,0,2j.csv
1414,1,1,0,2k.csv
1414,1,1,0,2l.csv
1414,3,1,2,3a.csv
1414,10,10,0,3b.csv
1414,7,5,2,3c.csv
1414,7,5,2,3d.csv
1414,8,6,2,3e.csv
1414,5,5,0,3f.csv
1414,4,4,0,3g.csv
1415,7,6,1,1a.csv
1415,3,3,0,1b.csv
1415,2,1,1,1c.csv
1415,1,0,1,1e.csv
1415,1,0,1,1f.csv
1415,2,2,0,1g.csv
1415,1,1,0,1h.csv
1415,0,0,0,1i.csv
1415,2,2,0,1j.csv
1415,0,0,0,1k.csv
1415,4,4,0,1l.csv
1415,5,4,1,1m.csv
1415,2,2,0,2a.csv
1415,1,1,0,2b.csv
1415,0,0,0,2c.csv
1415,1,1,0,2d.csv
1415,1,1,0,2e.csv
1415,0,0,0,2f.csv
1415,0,0,0,2g.csv
1415,0,0,0,2h.csv
1415,0,0,0,2i.csv
1415,0,0,0,2j.csv
1415,1,1,0,2k.csv
1415,1,1,0,2l.csv
1415,2,1,1,3a.csv
1415,7,7,0,3b.csv
1415,7,5,2,3c.csv
1415,7,5,2,3d.csv
1415,7,5,2,3e.csv
1415,7,6,1,3f.csv
1415,4,4,0,3g.csv
1416,6,5,1,1a.csv
1416,4,4,0,1b.csv
1416,2,1,1,1c.csv
1416,1,0,1,1e.csv
1416,1,0,1,1f.csv
1416,3,3,0,1g.csv
1416,1,1,0,1h.csv
1416,0,0,0,1i.csv
1416,1,1,0,1j.csv
1416,0,0,0,1k.csv
1416,2,2,0,1l.csv
1416,3,3,0,1m.csv
1416,2,2,0,2a.csv
1416,1,1,0,2b.csv
1416,0,0,0,2c.csv
1416,1,1,0,2d.csv
1416,1,1,0,2e.csv
1416,0,0,0,2f.csv
1416,0,0,0,2g.csv
1416,0,0,0,2h.csv
1416,0,0,0,2i.csv
1416,0,0,0,2j.csv
1416,2,2,0,2k.csv
1416,1,1,0,2l.csv
1416,4,2,2,3a.csv
1416,4,4,0,3b.csv
1416,9,6,3,3c.csv
1416,9,6,3,3d.csv
1416,6,5,1,3e.csv
1416,7,6,1,3f.csv
1416,4,4,0,3g.csv
1417,6,5,1,1a.csv
1417,4,4,0,1b.csv
1417,2,1,1,1c.csv
1417,1,0,1,1e.csv
1417,0,0,0,1f.csv
1417,3,3,0,1g.csv
1417,1,1,0,1h.csv
1417,1,1,0,1i.csv
1417,1,1,0,1j.csv
1417,0,0,0,1k.csv
1417,1,1,0,1l.csv
1417,2,2,0,1m.csv
1417,2,2,0,2a.csv
1417,1,1,0,2b.csv
1417,0,0,0,2c.csv
1417,1,1,0,2d.csv
1417,0,0,0,2e.csv
1417,0,0,0,2f.csv
1417,0,0,0,2g.csv
1417,0,0,0,2h.csv
1417,0,0,0,2i.csv
1417,0,0,0,2j.csv
1417,2,2,0,2k.csv
1417,1,1,0,2l.csv
1417,4,2,2,3a.csv
1417,4,4,0,3b.csv
1417,9,6,3,3c.csv
1417,9,6,3,3d.csv
1417,7,6,1,3e.csv
1417,7,6,1,3f.csv
1417,3,3,0,3g.csv
1418,8,7,1,1a.csv
1418,4,4,0,1b.csv
1418,2,1,1,1c.csv
1418,1,0,1,1e.csv
1418,2,1,1,1f.csv
1418,3,3,0,1g.csv
1418,1,1,0,1h.csv
1418,1,1,0,1i.csv
1418,1,1,0,1j.csv
1418,0,0,0,1k.csv
1418,1,1,0,1l.csv
1418,1,1,0,1m.csv
1418,1,1,0,2a.csv
1418,1,1,0,2b.csv
1418,0,0,0,2c.csv
1418,1,1,0,2d.csv
1418,0,0,0,2e.csv
1418,0,0,0,2f.csv
1418,0,0,0,2g.csv
1418,0,0,0,2h.csv
1418,0,0,0,2i.csv
1418,0,0,0,2j.csv
1418,2,2,0,2k.csv
1418,1,1,0,2l.csv
1418,4,2,2,3a.csv
1418,4,4,0,3b.csv
1418,6,3,3,3c.csv
1418,6,3,3,3d.csv
1418,6,5,1,3e.csv
1418,7,6,1,3f.csv
1418,4,4,0,3g.csv
1419,7,6,1,1a.csv
1419,5,5,0,1b.csv
1419,1,0,1,1c.csv
1419,1,0,1,1e.csv
1419,2,1,1,1f.csv
1419,3,3,0,1g.csv
1419,1,1,0,1h.csv
1419,1,1,0,1i.csv
1419,1,1,0,1j.csv
1419,0,0,0,1k.csv
1419,2,2,0,1l.csv
1419,1,1,0,1m.csv
1419,1,1,0,2a.csv
1419,1,1,0,2b.csv
1419,1,1,0,2c.csv
1419,1,1,0,2d.csv
1419,0,0,0,2e.csv
1419,0,0,0,2f.csv
1419,0,0,0,2g.csv
1419,0,0,0,2h.csv
1419,0,0,0,2i.csv
1419,0,0,0,2j.csv
1419,2,2,0,2k.csv
1419,1,1,0,2l.csv
1419,4,3,1,3a.csv
1419,4,4,0,3b.csv
1419,8,4,4,3c.csv
1419,8,4,4,3d.csv
1419,4,4,0,3e.csv
1419,5,4,1,3f.csv
1419,4,3,1,3g.csv
1420,6,5,1,1a.csv
1420,6,5,1,1b.csv
1420,0,0,0,1c.csv
1420,0,0,0,1e.csv
1420,2,1,1,1f.csv
1420,1,1,0,1g.csv
1420,0,0,0,1h.csv
1420,1,1,0,1i.csv
1420,1,1,0,1j.csv
1420,0,0,0,1k.csv
1420,2,2,0,1l.csv
1420,0,0,0,1m.csv
1420,1,1,0,2a.csv
1420,1,1,0,2b.csv
1420,1,1,0,2c.csv
1420,0,0,0,2d.csv
1420,0,0,0,2e.csv
1420,1,1,0,2f.csv
1420,0,0,0,2g.csv
1420,0,0,0,2h.csv
1420,0,0,0,2i.csv
1420,0,0,0,2j.csv
1420,3,2,1,2k.csv
1420,1,1,0,2l.csv
1420,6,3,3,3a.csv
1420,7,7,0,3b.csv
1420,9,5,4,3c.csv
1420,9,5,4,3d.csv
1420,4,4,0,3e.csv
1420,4,3,1,3f.csv
1420,5,3,2,3g.csv
1421,5,5,0,1a.csv
1421,4,3,1,1b.csv
1421,1,1,0,1c.csv
1421,0,0,0,1e.csv
1421,2,1,1,1f.csv
1421,1,1,0,1g.csv
1421,0,0,0,1h.csv
1421,1,1,0,1i.csv
1421,1,1,0,1j.csv
1421,0,0,0,1k.csv
1421,1,1,0,1l.csv
1421,0,0,0,1m.csv
1421,2,1,1,2a.csv
1421,0,0,0,2b.csv
1421,1,1,0,2c.csv
1421,0,0,0,2d.csv
1421,0,0,0,2e.csv
1421,1,1,0,2f.csv
1421,0,0,0,2g.csv
1421,0,0,0,2h.csv
1421,0,0,0,2i.csv
1421,0,0,0,2j.csv
1421,3,2,1,2k.csv
1421,0,0,0,2l.csv
1421,6,3,3,3a.csv
1421,7,7,0,3b.csv
1421,8,4,4,3c.csv
1421,8,4,4,3d.csv
1421,3,3,0,3e.csv
1421,3,2,1,3f.csv
1421,5,3,2,3g.csv
1422,4,4,0,1a.csv
1422,4,3,1,1b.csv
1422,1,1,0,1c.csv
1422,0,0,0,1e.csv
1422,3,2,1,1f.csv
1422,2,2,0,1g.csv
1422,0,0,0,1h.csv
1422,1,1,0,1i.csv
1422,1,1,0,1j.csv
1422,0,0,0,1k.csv
1422,3,2,1,1l.csv
1422,0,0,0,1m.csv
1422,1,0,1,2a.csv
1422,0,0,0,2b.csv
1422,1,1,0,2c.csv
1422,1,1,0,2d.csv
1422,0,0,0,2e.csv
1422,1,1,0,2f.csv
1422,0,0,0,2g.csv
1422,0,0,0,2h.csv
1422,0,0,0,2i.csv
1422,0,0,0,2j.csv
1422,2,1,1,2k.csv
1422,0,0,0,2l.csv
1422,6,3,3,3a.csv
1422,6,6,0,3b.csv
1422,11,5,6,3c.csv
1422,11,5,6,3d.csv
1422,3,3,0,3e.csv
1422,3,2,1,3f.csv
1422,7,5,2,3g.csv
1423,4,4,0,1a.csv
1423,4,3,1,1b.csv
1423,1,1,0,1c.csv
1423,0,0,0,1e.csv
1423,3,2,1,1f.csv
1423,2,2,0,1g.csv
1423,1,1,0,1h.csv
1423,1,1,0,1i.csv
1423,0,0,0,1j.csv
1423,0,0,0,1k.csv
1423,3,2,1,1l.csv
1423,0,0,0,1m.csv
1423,1,0,1,2a.csv
1423,0,0,0,2b.csv
1423,2,2,0,2c.csv
1423,1,1,0,2d.csv
1423,0,0,0,2e.csv
1423,1,1,0,2f.csv
1423,0,0,0,2g.csv
1423,0,0,0,2h.csv
1423,0,0,0,2i.csv
1423,0,0,0,2j.csv
1423,2,1,1,2k.csv
1423,0,0,0,2l.csv
1423,8,4,4,3a.csv
1423,6,6,0,3b.csv
1423,11,5,6,3c.csv
1423,11,5,6,3d.csv
1423,2,2,0,3e.csv
1423,1,1,0,3f.csv
1423,8,6,2,3g.csv
1424,5,5,0,1a.csv
1424,3,2,1,1b.csv
1424,2,2,0,1c.csv
1424,0,0,0,1e.csv
1424,3,2,1,1f.csv
1424,1,1,0,1g.csv
1424,1,1,0,1h.csv
1424,1,1,0,1i.csv
1424,0,0,0,1j.csv
1424,0,0,0,1k.csv
1424,3,2,1,1l.csv
1424,0,0,0,1m.csv
1424,1,0,1,2a.csv
1424,0,0,0,2b.csv
1424,2,2,0,2c.csv
1424,1,1,0,2d.csv
1424,0,0,0,2e.csv
1424,1,1,0,2f.csv
1424,0,0,0,2g.csv
1424,0,0,0,2h.csv
1424,0,0,0,2i.csv
1424,0,0,0,2j.csv
1424,1,0,1,2k.csv
1424,0,0,0,2l.csv
1424,7,4,3,3a.csv
1424,8,8,0,3b.csv
1424,10,4,6,3c.csv
1424,10,4,6,3d.csv
1424,3,2,1,3e.csv
1424,1,1,0,3f.csv
1424,8,6,2,3g.csv
1425,6,6,0,1a.csv
1425,4,3,1,1b.csv
1425,2,2,0,1c.csv
1425,0,0,0,1e.csv
1425,4,3,1,1f.csv
1425,1,1,0,1g.csv
1425,1,1,0,1h.csv
1425,0,0,0,1i.csv
1425,0,0,0,1j.csv
1425,0,0,0,1k.csv
1425,3,2,1,1l.csv
1425,1,1,0,1m.csv
1425,1,0,1,2a.csv
1425,0,0,0,2b.csv
1425,2,2,0,2c.csv
1425,1,1,0,2d.csv
1425,0,0,0,2e.csv
1425,1,1,0,2f.csv
1425,0,0,0,2g.csv
1425,0,0,0,2h.csv
1425,1,1,0,2i.csv
1425,0,0,0,2j.csv
1425,3,2,1,2k.csv
1425,0,0,0,2l.csv
1425,8,5,3,3a.csv
1425,9,8,1,3b.csv
1425,11,5,6,3c.csv
1425,11,5,6,3d.csv
1425,2,1,1,3e.csv
1425,0,0,0,3f.csv
1425,9,7,2,3g.csv
1426,4,4,0,1a.csv
1426,4,3,1,1b.csv
1426,2,2,0,1c.csv
1426,0,0,0,1e.csv
1426,2,2,0,1f.csv
1426,2,2,0,1g.csv
1426,1,1,0,1h.csv
1426,0,0,0,1i.csv
1426,0,0,0,1j.csv
1426,0,0,0,1k.csv
1426,3,2,1,1l.csv
1426,1,1,0,1m.csv
1426,1,0,1,2a.csv
1426,0,0,0,2b.csv
1426,2,2,0,2c.csv
1426,1,1,0,2d.csv
1426,0,0,0,2e.csv
1426,1,1,0,2f.csv
1426,0,0,0,2g.csv
1426,0,0,0,2h.csv
1426,1,1,0,2i.csv
1426,0,0,0,2j.csv
1426,3,2,1,2k.csv
1426,0,0,0,2l.csv
1426,10,7,3,3a.csv
1426,8,7,1,3b.csv
1426,10,5,5,3c.csv
1426,10,5,5,3d.csv
1426,2,1,1,3e.csv
1426,0,0,0,3f.csv
1426,7,5,2,3g.csv
1427,4,4,0,1a.csv
1427,4,3,1,1b.csv
1427,3,3,0,1c.csv
1427,0,0,0,1e.csv
1427,2,2,0,1f.csv
1427,2,2,0,1g.csv
1427,1,1,0,1h.csv
1427,0,0,0,1i.csv
1427,1,1,0,1j.csv
1427,0,0,0,1k.csv
1427,3,1,2,1l.csv
1427,1,1,0,1m.csv
1427,1,0,1,2a.csv
1427,0,0,0,2b.csv
1427,1,1,0,2c.csv
1427,2,2,0,2d.csv
1427,0,0,0,2e.csv
1427,1,1,0,2f.csv
1427,0,0,0,2g.csv
1427,0,0,0,2h.csv
1427,1,1,0,2i.csv
1427,0,0,0,2j.csv
1427,3,2,1,2k.csv
1427,0,0,0,2l.csv
1427,9,6,3,3a.csv
1427,10,8,2,3b.csv
1427,10,5,5,3c.csv
1427,10,5,5,3d.csv
1427,3,2,1,3e.csv
1427,0,0,0,3f.csv
1427,6,5,1,3g.csv
1428,3,3,0,1a.csv
1428,3,3,0,1b.csv
1428,4,4,0,1c.csv
1428,0,0,0,1e.csv
1428,2,2,0,1f.csv
1428,2,2,0,1g.csv
1428,1,1,0,1h.csv
1428,1,1,0,1i.csv
1428,1,1,0,1j.csv
1428,0,0,0,1k.csv
1428,3,1,2,1l.csv
1428,2,2,0,1m.csv
1428,2,0,2,2a.csv
1428,0,0,0,2b.csv
1428,1,1,0,2c.csv
1428,2,2,0,2d.csv
1428,0,0,0,2e.csv
1428,0,0,0,2f.csv
1428,0,0,0,2g.csv
1428,0,0,0,2h.csv
1428,1,1,0,2i.csv
1428,0,0,0,2j.csv
1428,2,2,0,2k.csv
1428,0,0,0,2l.csv
1428,7,6,1,3a.csv
1428,7,5,2,3b.csv
1428,8,3,5,3c.csv
1428,8,3,5,3d.csv
1428,6,3,3,3e.csv
1428,1,1,0,3f.csv
1428,7,6,1,3g.csv
1429,4,4,0,1a.csv
1429,4,4,0,1b.csv
1429,3,3,0,1c.csv
1429,0,0,0,1e.csv
1429,2,2,0,1f.csv
1429,2,2,0,1g.csv
1429,1,1,0,1h.csv
1429,1,1,0,1i.csv
1429,1,1,0,1j.csv
1429,0,0,0,1k.csv
1429,3,1,2,1l.csv
1429,2,2,0,1m.csv
1429,1,0,1,2a.csv
1429,0,0,0,2b.csv
1429,1,1,0,2c.csv
1429,2,2,0,2d.csv
1429,0,0,0,2e.csv
1429,0,0,0,2f.csv
1429,0,0,0,2g.csv
1429,0,0,0,2h.csv
1429,1,1,0,2i.csv
1429,0,0,0,2j.csv
1429,2,2,0,2k.csv
1429,0,0,0,2l.csv
1429,7,6,1,3a.csv
1429,7,5,2,3b.csv
1429,8,3,5,3c.csv
1429,8,3,5,3d.csv
1429,6,3,3,3e.csv
1429,1,1,0,3f.csv
1429,6,5,1,3g.csv
1430,4,4,0,1a.csv
1430,3,3,0,1b.csv
1430,3,3,0,1c.csv
1430,0,0,0,1e.csv
1430,1,1,0,1f.csv
1430,3,3,0,1g.csv
1430,1,1,0,1h.csv
1430,1,1,0,1i.csv
1430,1,1,0,1j.csv
1430,0,0,0,1k.csv
1430,1,0,1,1l.csv
1430,2,2,0,1m.csv
1430,1,0,1,2a.csv
1430,0,0,0,2b.csv
1430,1,1,0,2c.csv
1430,1,1,0,2d.csv
1430,0,0,0,2e.csv
1430,0,0,0,2f.csv
1430,0,0,0,2g.csv
1430,0,0,0,2h.csv
1430,1,1,0,2i.csv
1430,0,0,0,2j.csv
1430,2,2,0,2k.csv
1430,0,0,0,2l.csv
1430,9,8,1,3a.csv
1430,7,5,2,3b.csv
1430,5,2,3,3c.csv
1430,5,2,3,3d.csv
1430,6,3,3,3e.csv
1430,1,1,0,3f.csv
1430,4,3,1,3g.csv
1431,4,4,0,1a.csv
1431,3,3,0,1b.csv
1431,3,3,0,1c.csv
1431,0,0,0,1e.csv
1431,1,1,0,1f.csv
1431,3,3,0,1g.csv
1431,0,0,0,1h.csv
1431,1,1,0,1i.csv
1431,1,1,0,1j.csv
1431,0,0,0,1k.csv
1431,1,0,1,1l.csv
1431,2,2,0,1m.csv
1431,1,0,1,2a.csv
1431,0,0,0,2b.csv
1431,0,0,0,2c.csv
1431,1,1,0,2d.csv
1431,0,0,0,2e.csv
1431,0,0,0,2f.csv
1431,0,0,0,2g.csv
1431,0,0,0,2h.csv
1431,1,1,0,2i.csv
1431,1,0,1,2j.csv
1431,2,2,0,2k.csv
1431,0,0,0,2l.csv
1431,7,7,0,3a.csv
1431,8,6,2,3b.csv
1431,6,3,3,3c.csv
1431,6,3,3,3d.csv
1431,7,4,3,3e.csv
1431,1,1,0,3f.csv
1431,4,3,1,3g.csv
1432,3,3,0,1a.csv
1432,3,3,0,1b.csv
1432,2,2,0,1c.csv
1432,0,0,0,1e.csv
1432,1,1,0,1f.csv
1432,3,3,0,1g.csv
1432,0,0,0,1h.csv
1432,1,1,0,1i.csv
1432,1,1,0,1j.csv
1432,0,0,0,1k.csv
1432,1,0,1,1l.csv
1432,2,2,0,1m.csv
1432,1,0,1,2a.csv
1432,0,0,0,2b.csv
1432,0,0,0,2c.csv
1432,1,1,0,2d.csv
1432,0,0,0,2e.csv
1432,1,1,0,2f.csv
1432,0,0,0,2g.csv
1432,0,0,0,2h.csv
1432,1,1,0,2i.csv
1432,1,0,1,2j.csv
1432,2,2,0,2k.csv
1432,0,0,0,2l.csv
1432,6,6,0,3a.csv
1432,6,4,2,3b.csv
1432,5,3,2,3c.csv
1432,5,3,2,3d.csv
1432,6,4,2,3e.csv
1432,1,1,0,3f.csv
1432,4,3,1,3g.csv
1433,1,1,0,1a.csv
1433,2,2,0,1b.csv
1433,3,3,0,1c.csv
1433,0,0,0,1e.csv
1433,1,1,0,1f.csv
1433,4,3,1,1g.csv
1433,0,0,0,1h.csv
1433,2,2,0,1i.csv
1433,1,1,0,1j.csv
1433,0,0,0,1k.csv
1433,1,0,1,1l.csv
1433,1,1,0,1m.csv
1433,1,0,1,2a.csv
1433,0,0,0,2b.csv
1433,0,0,0,2c.csv
1433,1,1,0,2d.csv
1433,0,0,0,2e.csv
1433,1,1,0,2f.csv
1433,0,0,0,2g.csv
1433,0,0,0,2h.csv
1433,0,0,0,2i.csv
1433,2,1,1,2j.csv
1433,1,0,1,2k.csv
1433,0,0,0,2l.csv
1433,4,4,0,3a.csv
1433,5,4,1,3b.csv
1433,5,3,2,3c.csv
1433,5,3,2,3d.csv
1433,6,4,2,3e.csv
1433,2,2,0,3f.csv
1433,5,4,1,3g.csv
1434,3,2,1,1a.csv
1434,2,2,0,1b.csv
1434,3,3,0,1c.csv
1434,0,0,0,1e.csv
1434,1,1,0,1f.csv
1434,3,2,1,1g.csv
1434,0,0,0,1h.csv
1434,2,2,0,1i.csv
1434,1,1,0,1j.csv
1434,0,0,0,1k.csv
1434,2,1,1,1l.csv
1434,1,1,0,1m.csv
1434,1,0,1,2a.csv
1434,0,0,0,2b.csv
1434,0,0,0,2c.csv
1434,1,1,0,2d.csv
1434,0,0,0,2e.csv
1434,1,1,0,2f.csv
1434,0,0,0,2g.csv
1434,0,0,0,2h.csv
1434,0,0,0,2i.csv
1434,2,1,1,2j.csv
1434,1,0,1,2k.csv
1434,0,0,0,2l.csv
1434,3,3,0,3a.csv
1434,5,4,1,3b.csv
1434,7,3,4,3c.csv
1434,7,3,4,3d.csv
1434,6,4,2,3e.csv
1434,3,3,0,3f.csv
1434,6,5,1,3g.csv
1435,3,2,1,1a.csv
1435,2,2,0,1b.csv
1435,3,3,0,1c.csv
1435,0,0,0,1e.csv
1435,2,2,0,1f.csv
1435,4,2,2,1g.csv
1435,0,0,0,1h.csv
1435,2,2,0,1i.csv
1435,1,1,0,1j.csv
1435,0,0,0,1k.csv
1435,1,1,0,1l.csv
1435,1,1,0,1m.csv
1435,1,0,1,2a.csv
1435,0,0,0,2b.csv
1435,1,1,0,2c.csv
1435,0,0,0,2d.csv
1435,0,0,0,2e.csv
1435,1,1,0,2f.csv
1435,0,0,0,2g.csv
1435,0,0,0,2h.csv
1435,0,0,0,2i.csv
1435,2,1,1,2j.csv
1435,1,0,1,2k.csv
1435,0,0,0,2l.csv
1435,5,4,1,3a.csv
1435,4,4,0,3b.csv
1435,6,3,3,3c.csv
1435,6,3,3,3d.csv
1435,6,4,2,3e.csv
1435,4,4,0,3f.csv
1435,6,5,1,3g.csv
1436,3,2,1,1a.csv
1436,2,2,0,1b.csv
1436,2,2,0,1c.csv
1436,0,0,0,1e.csv
1436,2,2,0,1f.csv
1436,4,2,2,1g.csv
1436,0,0,0,1h.csv
1436,1,1,0,1i.csv
1436,1,1,0,1j.csv
1436,0,0,0,1k.csv
1436,1,1,0,1l.csv
1436,1,1,0,1m.csv
1436,0,0,0,2a.csv
1436,0,0,0,2b.csv
1436,1,1,0,2c.csv
1436,0,0,0,2d.csv
1436,0,0,0,2e.csv
1436,1,1,0,2f.csv
1436,0,0,0,2g.csv
1436,0,0,0,2h.csv
1436,0,0,0,2i.csv
1436,2,1,1,2j.csv
1436,1,0,1,2k.csv
1436,0,0,0,2l.csv
1436,6,5,1,3a.csv
1436,3,3,0,3b.csv
1436,6,3,3,3c.csv
1436,6,3,3,3d.csv
1436,5,4,1,3e.csv
1436,3,3,0,3f.csv
1436,4,4,0,3g.csv
1437,3,2,1,1a.csv
1437,1,1,0,1b.csv
1437,2,2,0,1c.csv
1437,1,1,0,1e.csv
1437,2,2,0,1f.csv
1437,4,2,2,1g.csv
1437,0,0,0,1h.csv
1437,2,2,0,1i.csv
1437,1,1,0,1j.csv
1437,0,0,0,1k.csv
1437,2,2,0,1l.csv
1437,2,2,0,1m.csv
1437,0,0,0,2a.csv
1437,0,0,0,2b.csv
1437,1,1,0,2c.csv
1437,0,0,0,2d.csv
1437,0,0,0,2e.csv
1437,1,1,0,2f.csv
1437,0,0,0,2g.csv
1437,0,0,0,2h.csv
1437,0,0,0,2i.csv
1437,4,3,1,2j.csv
1437,3,2,1,2k.csv
1437,0,0,0,2l.csv
1437,7,6,1,3a.csv
1437,4,4,0,3b.csv
1437,6,3,3,3c.csv
1437,6,3,3,3d.csv
1437,5,4,1,3e.csv
1437,4,4,0,3f.csv
1437,5,5,0,3g.csv
1438,5,3,2,1a.csv
1438,1,1,0,1b.csv
1438,3,3,0,1c.csv
1438,1,1,0,1e.csv
1438,3,3,0,1f.csv
1438,2,0,2,1g.csv
1438,0,0,0,1h.csv
1438,3,3,0,1i.csv
1438,1,1,0,1j.csv
1438,0,0,0,1k.csv
1438,3,3,0,1l.csv
1438,2,2,0,1m.csv
1438,0,0,0,2a.csv
1438,0,0,0,2b.csv
1438,2,1,1,2c.csv
1438,0,0,0,2d.csv
1438,0,0,0,2e.csv
1438,1,1,0,2f.csv
1438,0,0,0,2g.csv
1438,0,0,0,2h.csv
1438,0,0,0,2i.csv
1438,5,4,1,2j.csv
1438,3,2,1,2k.csv
1438,0,0,0,2l.csv
1438,5,4,1,3a.csv
1438,6,6,0,3b.csv
1438,8,5,3,3c.csv
1438,8,5,3,3d.csv
1438,4,3,1,3e.csv
1438,5,5,0,3f.csv
1438,6,6,0,3g.csv
1439,7,5,2,1a.csv
1439,1,1,0,1b.csv
1439,3,3,0,1c.csv
1439,1,1,0,1e.csv
1439,3,3,0,1f.csv
1439,3,0,3,1g.csv
1439,0,0,0,1h.csv
1439,3,3,0,1i.csv
1439,1,1,0,1j.csv
1439,0,0,0,1k.csv
1439,3,3,0,1l.csv
1439,2,2,0,1m.csv
1439,0,0,0,2a.csv
1439,0,0,0,2b.csv
1439,2,1,1,2c.csv
1439,0,0,0,2d.csv
1439,0,0,0,2e.csv
1439,1,1,0,2f.csv
1439,0,0,0,2g.csv
1439,0,0,0,2h.csv
1439,0,0,0,2i.csv
1439,4,4,0,2j.csv
1439,3,2,1,2k.csv
1439,0,0,0,2l.csv
1439,7,6,1,3a.csv
1439,5,5,0,3b.csv
1439,6,4,2,3c.csv
1439,6,4,2,3d.csv
1439,3,2,1,3e.csv
1439,5,5,0,3f.csv
1439,5,5,0,3g.csv
1440,9,7,2,1a.csv
1440,2,2,0,1b.csv
1440,3,3,0,1c.csv
1440,1,1,0,1e.csv
1440,3,3,0,1f.csv
1440,3,0,3,1g.csv
1440,0,0,0,1h.csv
1440,4,4,0,1i.csv
1440,1,1,0,1j.csv
1440,0,0,0,1k.csv
1440,3,3,0,1l.csv
1440,2,2,0,1m.csv
1440,0,0,0,2a.csv
1440,0,0,0,2b.csv
1440,2,1,1,2c.csv
1440,1,1,0,2d.csv
1440,0,0,0,2e.csv
1440,0,0,0,2f.csv
1440,0,0,0,2g.csv
1440,0,0,0,2h.csv
1440,0,0,0,2i.csv
1440,5,5,0,2j.csv
1440,3,2,1,2k.csv
1440,0,0,0,2l.csv
1440,8,7,1,3a.csv
1440,5,5,0,3b.csv
1440,6,4,2,3c.csv
1440,6,4,2,3d.csv
1440,3,2,1,3e.csv
1440,5,5,0,3f.csv
1440,6,5,1,3g.csv
1441,12,10,2,1a.csv
1441,2,2,0,1b.csv
1441,2,2,0,1c.csv
1441,2,2,0,1e.csv
1441,2,2,0,1f.csv
1441,2,0,2,1g.csv
1441,0,0,0,1h.csv
1441,4,4,0,1i.csv
1441,1,1,0,1j.csv
1441,0,0,0,1k.csv
1441,3,3,0,1l.csv
1441,2,2,0,1m.csv
1441,0,0,0,2a.csv
1441,0,0,0,2b.csv
1441,3,2,1,2c.csv
1441,1,1,0,2d.csv
1441,0,0,0,2e.csv
1441,0,0,0,2f.csv
1441,0,0,0,2g.csv
1441,0,0,0,2h.csv
1441,0,0,0,2i.csv
1441,4,4,0,2j.csv
1441,2,2,0,2k.csv
1441,0,0,0,2l.csv
1441,9,8,1,3a.csv
1441,5,5,0,3b.csv
1441,6,4,2,3c.csv
1441,6,4,2,3d.csv
1441,3,2,1,3e.csv
1441,4,4,0,3f.csv
1441,4,3,1,3g.csv
1442,10,9,1,1a.csv
1442,2,2,0,1b.csv
1442,3,2,1,1c.csv
1442,2,2,0,1e.csv
1442,3,3,0,1f.csv
1442,2,0,2,1g.csv
1442,0,0,0,1h.csv
1442,4,4,0,1i.csv
1442,1,1,0,1j.csv
1442,0,0,0,1k.csv
1442,2,2,0,1l.csv
1442,3,3,0,1m.csv
1442,0,0,0,2a.csv
1442,0,0,0,2b.csv
1442,3,2,1,2c.csv
1442,1,1,0,2d.csv
1442,0,0,0,2e.csv
1442,0,0,0,2f.csv
1442,0,0,0,2g.csv
1442,0,0,0,2h.csv
1442,0,0,0,2i.csv
1442,7,5,2,2j.csv
1442,2,2,0,2k.csv
1442,0,0,0,2l.csv
1442,8,7,1,3a.csv
1442,5,5,0,3b.csv
1442,6,6,0,3c.csv
1442,6,6,0,3d.csv
1442,3,2,1,3e.csv
1442,3,3,0,3f.csv
1442,3,2,1,3g.csv
1443,13,11,2,1a.csv
1443,3,2,1,1b.csv
1443,3,2,1,1c.csv
1443,2,2,0,1e.csv
1443,2,2,0,1f.csv
1443,1,0,1,1g.csv
1443,0,0,0,1h.csv
1443,4,4,0,1i.csv
1443,0,0,0,1j.csv
1443,0,0,0,1k.csv
1443,2,2,0,1l.csv
1443,3,3,0,1m.csv
1443,0,0,0,2a.csv
1443,0,0,0,2b.csv
1443,2,1,1,2c.csv
1443,4,4,0,2d.csv
1443,0,0,0,2e.csv
1443,0,0,0,2f.csv
1443,0,0,0,2g.csv
1443,0,0,0,2h.csv
1443,0,0,0,2i.csv
1443,7,5,2,2j.csv
1443,2,2,0,2k.csv
1443,0,0,0,2l.csv
1443,7,7,0,3a.csv
1443,4,4,0,3b.csv
1443,6,5,1,3c.csv
1443,6,5,1,3d.csv
1443,2,1,1,3e.csv
1443,3,3,0,3f.csv
1443,3,2,1,3g.csv
1444,15,13,2,1a.csv
1444,3,2,1,1b.csv
1444,3,2,1,1c.csv
1444,3,3,0,1e.csv
1444,2,2,0,1f.csv
1444,1,0,1,1g.csv
1444,0,0,0,1h.csv
1444,4,4,0,1i.csv
1444,0,0,0,1j.csv
1444,0,0,0,1k.csv
1444,2,2,0,1l.csv
1444,2,2,0,1m.csv
1444,0,0,0,2a.csv
1444,0,0,0,2b.csv
1444,3,2,1,2c.csv
1444,4,4,0,2d.csv
1444,0,0,0,2e.csv
1444,0,0,0,2f.csv
1444,0,0,0,2g.csv
1444,0,0,0,2h.csv
1444,0,0,0,2i.csv
1444,8,6,2,2j.csv
1444,2,2,0,2k.csv
1444,0,0,0,2l.csv
1444,6,6,0,3a.csv
1444,5,5,0,3b.csv
1444,7,6,1,3c.csv
1444,7,6,1,3d.csv
1444,0,0,0,3e.csv
1444,6,5,1,3f.csv
1444,4,3,1,3g.csv
1445,17,15,2,1a.csv
1445,5,4,1,1b.csv
1445,3,2,1,1c.csv
1445,3,3,0,1e.csv
1445,3,3,0,1f.csv
1445,1,0,1,1g.csv
1445,0,0,0,1h.csv
1445,3,3,0,1i.csv
1445,0,0,0,1j.csv
1445,0,0,0,1k.csv
1445,1,1,0,1l.csv
1445,1,1,0,1m.csv
1445,0,0,0,2a.csv
1445,0,0,0,2b.csv
1445,3,2,1,2c.csv
1445,5,5,0,2d.csv
1445,0,0,0,2e.csv
1445,0,0,0,2f.csv
1445,0,0,0,2g.csv
1445,0,0,0,2h.csv
1445,0,0,0,2i.csv
1445,8,6,2,2j.csv
1445,1,1,0,2k.csv
1445,0,0,0,2l.csv
1445,9,9,0,3a.csv
1445,4,4,0,3b.csv
1445,7,6,1,3c.csv
1445,7,6,1,3d.csv
1445,0,0,0,3e.csv
1445,6,4,2,3f.csv
1445,3,2,1,3g.csv
1446,15,14,1,1a.csv
1446,8,7,1,1b.csv
1446,2,1,1,1c.csv
1446,4,4,0,1e.csv
1446,2,2,0,1f.csv
1446,1,0,1,1g.csv
1446,0,0,0,1h.csv
1446,2,2,0,1i.csv
1446,0,0,0,1j.csv
1446,0,0,0,1k.csv
1446,0,0,0,1l.csv
1446,2,2,0,1m.csv
1446,0,0,0,2a.csv
1446,0,0,0,2b.csv
1446,2,2,0,2c.csv
1446,6,6,0,2d.csv
1446,0,0,0,2e.csv
1446,0,0,0,2f.csv
1446,0,0,0,2g.csv
1446,0,0,0,2h.csv
1446,0,0,0,2i.csv
1446,7,5,2,2j.csv
1446,1,1,0,2k.csv
1446,0,0,0,2l.csv
1446,10,10,0,3a.csv
1446,3,3,0,3b.csv
1446,6,5,1,3c.csv
1446,6,5,1,3d.csv
1446,1,1,0,3e.csv
1446,5,3,2,3f.csv
1446,2,1,1,3g.csv
1447,15,14,1,1a.csv
1447,8,7,1,1b.csv
1447,2,1,1,1c.csv
1447,4,4,0,1e.csv
1447,2,2,0,1f.csv
1447,1,1,0,1g.csv
1447,0,0,0,1h.csv
1447,2,2,0,1i.csv
1447,0,0,0,1j.csv
1447,0,0,0,1k.csv
1447,0,0,0,1l.csv
1447,4,3,1,1m.csv
1447,0,0,0,2a.csv
1447,0,0,0,2b.csv
1447,2,2,0,2c.csv
1447,7,7,0,2d.csv
1447,0,0,0,2e.csv
1447,0,0,0,2f.csv
1447,0,0,0,2g.csv
1447,0,0,0,2h.csv
1447,0,0,0,2i.csv
1447,9,7,2,2j.csv
1447,1,1,0,2k.csv
1447,0,0,0,2l.csv
1447,8,8,0,3a.csv
1447,5,5,0,3b.csv
1447,6,5,1,3c.csv
1447,6,5,1,3d.csv
1447,3,2,1,3e.csv
1447,5,3,2,3f.csv
1447,3,2,1,3g.csv
1448,19,18,1,1a.csv
1448,9,8,1,1b.csv
1448,2,1,1,1c.csv
1448,4,4,0,1e.csv
1448,4,3,1,1f.csv
1448,1,1,0,1g.csv
1448,0,0,0,1h.csv
1448,1,1,0,1i.csv
1448,0,0,0,1j.csv
1448,0,0,0,1k.csv
1448,0,0,0,1l.csv
1448,5,4,1,1m.csv
1448,0,0,0,2a.csv
1448,0,0,0,2b.csv
1448,3,3,0,2c.csv
1448,8,8,0,2d.csv
1448,0,0,0,2e.csv
1448,1,0,1,2f.csv
1448,0,0,0,2g.csv
1448,0,0,0,2h.csv
1448,0,0,0,2i.csv
1448,8,6,2,2j.csv
1448,1,1,0,2k.csv
1448,0,0,0,2l.csv
1448,8,8,0,3a.csv
1448,5,5,0,3b.csv
1448,6,5,1,3c.csv
1448,6,5,1,3d.csv
1448,3,2,1,3e.csv
1448,5,3,2,3f.csv
1448,2,2,0,3g.csv
1449,23,22,1,1a.csv
1449,9,8,1,1b.csv
1449,3,2,1,1c.csv
1449,3,3,0,1e.csv
1449,4,3,1,1f.csv
1449,1,1,0,1g.csv
1449,0,0,0,1h.csv
1449,1,1,0,1i.csv
1449,0,0,0,1j.csv
1449,0,0,0,1k.csv
1449,0,0,0,1l.csv
1449,6,5,1,1m.csv
1449,0,0,0,2a.csv
1449,0,0,0,2b.csv
1449,2,2,0,2c.csv
1449,8,8,0,2d.csv
1449,0,0,0,2e.csv
1449,1,0,1,2f.csv
1449,0,0,0,2g.csv
1449,0,0,0,2h.csv
1449,0,0,0,2i.csv
1449,8,6,2,2j.csv
1449,1,1,0,2k.csv
1449,0,0,0,2l.csv
1449,8,8,0,3a.csv
1449,6,6,0,3b.csv
1449,7,5,2,3c.csv
1449,7,5,2,3d.csv
1449,3,2,1,3e.csv
1449,5,3,2,3f.csv
1449,3,3,0,3g.csv
1450,30,29,1,1a.csv
1450,10,9,1,1b.csv
1450,4,4,0,1c.csv
1450,3,3,0,1e.csv
1450,3,2,1,1f.csv
1450,1,1,0,1g.csv
1450,0,0,0,1h.csv
1450,1,1,0,1i.csv
1450,0,0,0,1j.csv
1450,0,0,0,1k.csv
1450,0,0,0,1l.csv
1450,5,4,1,1m.csv
1450,0,0,0,2a.csv
1450,0,0,0,2b.csv
1450,2,2,0,2c.csv
1450,8,8,0,2d.csv
1450,0,0,0,2e.csv
1450,1,0,1,2f.csv
1450,0,0,0,2g.csv
1450,0,0,0,2h.csv
1450,0,0,0,2i.csv
1450,5,5,0,2j.csv
1450,1,1,0,2k.csv
1450,0,0,0,2l.csv
1450,8,8,0,3a.csv
1450,6,6,0,3b.csv
1450,5,3,2,3c.csv
1450,5,3,2,3d.csv
1450,3,2,1,3e.csv
1450,5,3,2,3f.csv
1450,3,3,0,3g.csv
1451,34,34,0,1a.csv
1451,8,8,0,1b.csv
1451,4,4,0,1c.csv
1451,4,4,0,1e.csv
1451,3,2,1,1f.csv
1451,1,1,0,1g.csv
1451,0,0,0,1h.csv
1451,1,1,0,1i.csv
1451,0,0,0,1j.csv
1451,0,0,0,1k.csv
1451,0,0,0,1l.csv
1451,5,4,1,1m.csv
1451,0,0,0,2a.csv
1451,0,0,0,2b.csv
1451,2,2,0,2c.csv
1451,5,5,0,2d.csv
1451,0,0,0,2e.csv
1451,1,0,1,2f.csv
1451,0,0,0,2g.csv
1451,0,0,0,2h.csv
1451,0,0,0,2i.csv
1451,6,6,0,2j.csv
1451,1,1,0,2k.csv
1451,0,0,0,2l.csv
1451,8,8,0,3a.csv
1451,6,6,0,3b.csv
1451,4,3,1,3c.csv
1451,4,3,1,3d.csv
1451,3,2,1,3e.csv
1451,4,2,2,3f.csv
1451,4,3,1,3g.csv
1452,44,44,0,1a.csv
1452,9,9,0,1b.csv
1452,5,5,0,1c.csv
1452,4,4,0,1e.csv
1452,3,2,1,1f.csv
1452,1,1,0,1g.csv
1452,0,0,0,1h.csv
1452,1,1,0,1i.csv
1452,0,0,0,1j.csv
1452,0,0,0,1k.csv
1452,0,0,0,1l.csv
1452,5,4,1,1m.csv
1452,0,0,0,2a.csv
1452,0,0,0,2b.csv
1452,1,1,0,2c.csv
1452,6,6,0,2d.csv
1452,0,0,0,2e.csv
1452,1,0,1,2f.csv
1452,0,0,0,2g.csv
1452,0,0,0,2h.csv
1452,0,0,0,2i.csv
1452,5,5,0,2j.csv
1452,1,1,0,2k.csv
1452,0,0,0,2l.csv
1452,8,8,0,3a.csv
1452,5,5,0,3b.csv
1452,3,2,1,3c.csv
1452,3,2,1,3d.csv
1452,3,2,1,3e.csv
1452,1,0,1,3f.csv
1452,4,2,2,3g.csv
1453,52,52,0,1a.csv
1453,8,8,0,1b.csv
1453,6,5,1,1c.csv
1453,4,3,1,1e.csv
1453,2,1,1,1f.csv
1453,1,1,0,1g.csv
1453,0,0,0,1h.csv
1453,2,2,0,1i.csv
1453,0,0,0,1j.csv
1453,0,0,0,1k.csv
1453,0,0,0,1l.csv
1453,5,4,1,1m.csv
1453,0,0,0,2a.csv
1453,0,0,0,2b.csv
1453,1,1,0,2c.csv
1453,5,5,0,2d.csv
1453,0,0,0,2e.csv
1453,1,0,1,2f.csv
1453,0,0,0,2g.csv
1453,0,0,0,2h.csv
1453,0,0,0,2i.csv
1453,4,4,0,2j.csv
1453,0,0,0,2k.csv
1453,0,0,0,2l.csv
1453,5,5,0,3a.csv
1453,5,4,1,3b.csv
1453,5,3,2,3c.csv
1453,5,3,2,3d.csv
1453,3,2,1,3e.csv
1453,0,0,0,3f.csv
1453,4,2,2,3g.csv
1454,64,64,0,1a.csv
1454,5,5,0,1b.csv
1454,6,5,1,1c.csv
1454,3,2,1,1e.csv
1454,2,1,1,1f.csv
1454,1,1,0,1g.csv
1454,0,0,0,1h.csv
1454,2,2,0,1i.csv
1454,0,0,0,1j.csv
1454,0,0,0,1k.csv
1454,0,0,0,1l.csv
1454,4,3,1,1m.csv
1454,0,0,0,2a.csv
1454,0,0,0,2b.csv
1454,1,1,0,2c.csv
1454,4,4,0,2d.csv
1454,0,0,0,2e.csv
1454,1,0,1,2f.csv
1454,0,0,0,2g.csv
1454,0,0,0,2h.csv
1454,0,0,0,2i.csv
1454,4,4,0,2j.csv
1454,0,0,0,2k.csv
1454,0,0,0,2l.csv
1454,4,4,0,3a.csv
1454,4,3,1,3b.csv
1454,4,2,2,3c.csv
1454,4,2,2,3d.csv
1454,2,1,1,3e.csv
1454,0,0,0,3f.csv
1454,5,3,2,3g.csv
1455,81,81,0,1a.csv
1455,6,6,0,1b.csv
1455,6,5,1,1c.csv
1455,3,2,1,1e.csv
1455,2,1,1,1f.csv
1455,0,0,0,1g.csv
1455,0,0,0,1h.csv
1455,2,2,0,1i.csv
1455,0,0,0,1j.csv
1455,0,0,0,1k.csv
1455,1,1,0,1l.csv
1455,2,2,0,1m.csv
1455,0,0,0,2a.csv
1455,0,0,0,2b.csv
1455,1,1,0,2c.csv
1455,3,3,0,2d.csv
1455,0,0,0,2e.csv
1455,1,0,1,2f.csv
1455,0,0,0,2g.csv
1455,0,0,0,2h.csv
1455,0,0,0,2i.csv
1455,3,3,0,2j.csv
1455,0,0,0,2k.csv
1455,0,0,0,2l.csv
1455,5,5,0,3a.csv
1455,2,1,1,3b.csv
1455,4,2,2,3c.csv
1455,4,2,2,3d.csv
1455,1,1,0,3e.csv
1455,0,0,0,3f.csv
1455,4,2,2,3g.csv
1456,87,87,0,1a.csv
1456,5,5,0,1b.csv
1456,6,5,1,1c.csv
1456,3,2,1,1e.csv
1456,0,0,0,1f.csv
1456,0,0,0,1g.csv
1456,0,0,0,1h.csv
1456,2,2,0,1i.csv
1456,0,0,0,1j.csv
1456,0,0,0,1k.csv
1456,1,1,0,1l.csv
1456,2,2,0,1m.csv
1456,0,0,0,2a.csv
1456,0,0,0,2b.csv
1456,0,0,0,2c.csv
1456,2,2,0,2d.csv
1456,0,0,0,2e.csv
1456,0,0,0,2f.csv
1456,0,0,0,2g.csv
1456,0,0,0,2h.csv
1456,0,0,0,2i.csv
1456,4,4,0,2j.csv
1456,0,0,0,2k.csv
1456,0,0,0,2l.csv
1456,4,4,0,3a.csv
1456,2,1,1,3b.csv
1456,5,2,3,3c.csv
1456,5,2,3,3d.csv
1456,1,1,0,3e.csv
1456,0,0,0,3f.csv
1456,4,2,2,3g.csv
1457,93,92,1,1a.csv
1457,5,5,0,1b.csv
1457,5,4,1,1c.csv
1457,3,2,1,1e.csv
1457,0,0,0,1f.csv
1457,0,0,0,1g.csv
1457,0,0,0,1h.csv
1457,1,1,0,1i.csv
1457,0,0,0,1j.csv
1457,0,0,0,1k.csv
1457,1,1,0,1l.csv
1457,1,1,0,1m.csv
1457,0,0,0,2a.csv
1457,0,0,0,2b.csv
1457,0,0,0,2c.csv
1457,2,2,0,2d.csv
1457,0,0,0,2e.csv
1457,0,0,0,2f.csv
1457,0,0,0,2g.csv
1457,0,0,0,2h.csv
1457,0,0,0,2i.csv
1457,6,6,0,2j.csv
1457,1,1,0,2k.csv
1457,0,0,0,2l.csv
1457,3,3,0,3a.csv
1457,1,0,1,3b.csv
1457,5,3,2,3c.csv
1457,5,3,2,3d.csv
1457,1,1,0,3e.csv
1457,1,1,0,3f.csv
1457,3,1,2,3g.csv
1458,99,98,1,1a.csv
1458,5,5,0,1b.csv
1458,5,3,2,1c.csv
1458,4,3,1,1e.csv
1458,0,0,0,1f.csv
1458,0,0,0,1g.csv
1458,0,0,0,1h.csv
1458,1,1,0,1i.csv
1458,0,0,0,1j.csv
1458,0,0,0,1k.csv
1458,1,1,0,1l.csv
1458,1,1,0,1m.csv
1458,0,0,0,2a.csv
1458,0,0,0,2b.csv
1458,0,0,0,2c.csv
1458,2,2,0,2d.csv
1458,1,1,0,2e.csv
1458,0,0,0,2f.csv
1458,0,0,0,2g.csv
1458,0,0,0,2h.csv
1458,0,0,0,2i.csv
1458,6,6,0,2j.csv
1458,1,1,0,2k.csv
1458,0,0,0,2l.csv
1458,4,4,0,3a.csv
1458,1,0,1,3b.csv
1458,7,5,2,3c.csv
1458,7,5,2,3d.csv
1458,1,1,0,3e.csv
1458,1,1,0,3f.csv
1458,4,2,2,3g.csv
1459,104,103,1,1a.csv
1459,6,6,0,1b.csv
1459,4,2,2,1c.csv
1459,3,2,1,1e.csv
1459,0,0,0,1f.csv
1459,0,0,0,1g.csv
1459,0,0,0,1h.csv
1459,1,1,0,1i.csv
1459,0,0,0,1j.csv
1459,0,0,0,1k.csv
1459,1,1,0,1l.csv
1459,2,2,0,1m.csv
1459,1,1,0,2a.csv
1459,0,0,0,2b.csv
1459,0,0,0,2c.csv
1459,2,2,0,2d.csv
1459,2,2,0,2e.csv
1459,0,0,0,2f.csv
1459,0,0,0,2g.csv
1459,0,0,0,2h.csv
1459,0,0,0,2i.csv
1459,5,5,0,2j.csv
1459,1,1,0,2k.csv
1459,0,0,0,2l.csv
1459,3,3,0,3a.csv
1459,2,1,1,3b.csv
1459,8,6,2,3c.csv
1459,8,6,2,3d.csv
1459,2,1,1,3e.csv
1459,1,1,0,3f.csv
1459,4,3,1,3g.csv
1460,109,108,1,1a.csv
1460,5,5,0,1b.csv
1460,3,1,2,1c.csv
1460,2,1,1,1e.csv
1460,1,1,0,1f.csv
1460,0,0,0,1g.csv
1460,0,0,0,1h.csv
1460,1,1,0,1i.csv
1460,0,0,0,1j.csv
1460,0,0,0,1k.csv
1460,1,1,0,1l.csv
1460,2,2,0,1m.csv
1460,1,1,0,2a.csv
1460,0,0,0,2b.csv
1460,0,0,0,2c.csv
1460,2,2,0,2d.csv
1460,2,2,0,2e.csv
1460,0,0,0,2f.csv
1460,0,0,0,2g.csv
1460,0,0,0,2h.csv
1460,0,0,0,2i.csv
1460,5,5,0,2j.csv
1460,1,1,0,2k.csv
1460,0,0,0,2l.csv
1460,3,3,0,3a.csv
1460,2,1,1,3b.csv
1460,8,6,2,3c.csv
1460,8,6,2,3d.csv
1460,2,1,1,3e.csv
1460,1,1,0,3f.csv
1460,3,3,0,3g.csv
1461,116,115,1,1a.csv
1461,4,4,0,1b.csv
1461,2,1,1,1c.csv
1461,2,1,1,1e.csv
1461,3,3,0,1f.csv
1461,0,0,0,1g.csv
1461,0,0,0,1h.csv
1461,0,0,0,1i.csv
1461,0,0,0,1j.csv
1461,0,0,0,1k.csv
1461,1,1,0,1l.csv
1461,3,3,0,1m.csv
1461,1,1,0,2a.csv
1461,0,0,0,2b.csv
1461,0,0,0,2c.csv
1461,2,2,0,2d.csv
1461,4,3,1,2e.csv
1461,0,0,0,2f.csv
1461,0,0,0,2g.csv
1461,0,0,0,2h.csv
1461,0,0,0,2i.csv
1461,4,4,0,2j.csv
1461,2,2,0,2k.csv
1461,0,0,0,2l.csv
1461,2,2,0,3a.csv
1461,3,3,0,3b.csv
1461,8,6,2,3c.csv
1461,8,6,2,3d.csv
1461,4,2,2,3e.csv
1461,1,1,0,3f.csv
1461,4,4,0,3g.csv
1462,117,116,1,1a.csv
1462,4,4,0,1b.csv
1462,2,1,1,1c.csv
1462,3,1,2,1e.csv
1462,4,3,1,1f.csv
1462,0,0,0,1g.csv
1462,0,0,0,1h.csv
1462,0,0,0,1i.csv
1462,0,0,0,1j.csv
1462,0,0,0,1k.csv
1462,1,1,0,1l.csv
1462,3,3,0,1m.csv
1462,1,1,0,2a.csv
1462,0,0,0,2b.csv
1462,0,0,0,2c.csv
1462,2,2,0,2d.csv
1462,4,3,1,2e.csv
1462,0,0,0,2f.csv
1462,0,0,0,2g.csv
1462,0,0,0,2h.csv
1462,0,0,0,2i.csv
1462,4,4,0,2j.csv
1462,2,2,0,2k.csv
1462,0,0,0,2l.csv
1462,2,2,0,3a.csv
1462,3,3,0,3b.csv
1462,9,7,2,3c.csv
1462,9,7,2,3d.csv
1462,6,4,2,3e.csv
1462,1,1,0,3f.csv
1462,3,3,0,3g.csv
1463,111,110,1,1a.csv
1463,3,3,0,1b.csv
1463,2,1,1,1c.csv
1463,3,1,2,1e.csv
1463,5,3,2,1f.csv
1463,0,0,0,1g.csv
1463,0,0,0,1h.csv
1463,0,0,0,1i.csv
1463,0,0,0,1j.csv
1463,0,0,0,1k.csv
1463,0,0,0,1l.csv
1463,4,4,0,1m.csv
1463,1,1,0,2a.csv
1463,0,0,0,2b.csv
1463,0,0,0,2c.csv
1463,2,2,0,2d.csv
1463,5,3,2,2e.csv
1463,0,0,0,2f.csv
1463,0,0,0,2g.csv
1463,0,0,0,2h.csv
1463,0,0,0,2i.csv
1463,4,3,1,2j.csv
1463,2,2,0,2k.csv
1463,0,0,0,2l.csv
1463,1,1,0,3a.csv
1463,3,3,0,3b.csv
1463,10,8,2,3c.csv
1463,10,8,2,3d.csv
1463,6,3,3,3e.csv
1463,1,1,0,3f.csv
1463,3,3,0,3g.csv
1464,118,117,1,1a.csv
1464,3,3,0,1b.csv
1464,2,1,1,1c.csv
1464,3,1,2,1e.csv
1464,7,3,4,1f.csv
1464,1,1,0,1g.csv
1464,0,0,0,1h.csv
1464,0,0,0,1i.csv
1464,0,0,0,1j.csv
1464,0,0,0,1k.csv
1464,0,0,0,1l.csv
1464,4,3,1,1m.csv
1464,1,1,0,2a.csv
1464,0,0,0,2b.csv
1464,0,0,0,2c.csv
1464,1,1,0,2d.csv
1464,5,3,2,2e.csv
1464,0,0,0,2f.csv
1464,0,0,0,2g.csv
1464,0,0,0,2h.csv
1464,0,0,0,2i.csv
1464,3,2,1,2j.csv
1464,3,3,0,2k.csv
1464,0,0,0,2l.csv
1464,1,1,0,3a.csv
1464,3,3,0,3b.csv
1464,11,10,1,3c.csv
1464,11,10,1,3d.csv
1464,6,3,3,3e.csv
1464,1,1,0,3f.csv
1464,3,3,0,3g.csv
1465,111,111,0,1a.csv
1465,3,3,0,1b.csv
1465,3,2,1,1c.csv
1465,3,1,2,1e.csv
1465,8,4,4,1f.csv
1465,1,1,0,1g.csv
1465,0,0,0,1h.csv
1465,0,0,0,1i.csv
1465,0,0,0,1j.csv
1465,0,0,0,1k.csv
1465,0,0,0,1l.csv
1465,4,3,1,1m.csv
1465,1,1,0,2a.csv
1465,0,0,0,2b.csv
1465,0,0,0,2c.csv
1465,1,1,0,2d.csv
1465,5,3,2,2e.csv
1465,0,0,0,2f.csv
1465,0,0,0,2g.csv
1465,0,0,0,2h.csv
1465,0,0,0,2i.csv
1465,1,0,1,2j.csv
1465,3,3,0,2k.csv
1465,0,0,0,2l.csv
1465,1,1,0,3a.csv
1465,3,3,0,3b.csv
1465,10,8,2,3c.csv
1465,10,8,2,3d.csv
1465,8,5,3,3e.csv
1465,1,1,0,3f.csv
1465,4,4,0,3g.csv
1466,112,112,0,1a.csv
1466,3,3,0,1b.csv
1466,1,1,0,1c.csv
1466,2,0,2,1e.csv
1466,11,5,6,1f.csv
1466,1,1,0,1g.csv
1466,0,0,0,1h.csv
1466,0,0,0,1i.csv
1466,0,0,0,1j.csv
1466,0,0,0,1k.csv
1466,1,1,0,1l.csv
1466,4,3,1,1m.csv
1466,1,1,0,2a.csv
1466,0,0,0,2b.csv
1466,0,0,0,2c.csv
1466,1,1,0,2d.csv
1466,4,2,2,2e.csv
1466,0,0,0,2f.csv
1466,0,0,0,2g.csv
1466,0,0,0,2h.csv
1466,0,0,0,2i.csv
1466,1,0,1,2j.csv
1466,3,3,0,2k.csv
1466,0,0,0,2l.csv
1466,0,0,0,3a.csv
1466,4,3,1,3b.csv
1466,8,6,2,3c.csv
1466,8,6,2,3d.csv
1466,9,6,3,3e.csv
1466,2,2,0,3f.csv
1466,4,4,0,3g.csv
1467,118,118,0,1a.csv
1467,2,2,0,1b.csv
1467,1,1,0,1c.csv
1467,2,0,2,1e.csv
1467,11,5,6,1f.csv
1467,1,1,0,1g.csv
1467,0,0,0,1h.csv
1467,0,0,0,1i.csv
1467,0,0,0,1j.csv
1467,0,0,0,1k.csv
1467,1,1,0,1l.csv
1467,3,2,1,1m.csv
1467,0,0,0,2a.csv
1467,0,0,0,2b.csv
1467,0,0,0,2c.csv
1467,2,2,0,2d.csv
1467,4,2,2,2e.csv
1467,0,0,0,2f.csv
1467,0,0,0,2g.csv
1467,0,0,0,2h.csv
1467,0,0,0,2i.csv
1467,1,0,1,2j.csv
1467,3,3,0,2k.csv
1467,0,0,0,2l.csv
1467,1,1,0,3a.csv
1467,3,2,1,3b.csv
1467,7,5,2,3c.csv
1467,7,5,2,3d.csv
1467,8,6,2,3e.csv
1467,2,2,0,3f.csv
1467,4,4,0,3g.csv
1468,111,111,0,1a.csv
1468,5,4,1,1b.csv
1468,1,1,0,1c.csv
1468,2,0,2,1e.csv
1468,11,5,6,1f.csv
1468,1,1,0,1g.csv
1468,0,0,0,1h.csv
1468,0,0,0,1i.csv
1468,0,0,0,1j.csv
1468,0,0,0,1k.csv
1468,2,2,0,1l.csv
1468,3,2,1,1m.csv
1468,0,0,0,2a.csv
1468,0,0,0,2b.csv
1468,0,0,0,2c.csv
1468,1,1,0,2d.csv
1468,5,2,3,2e.csv
1468,0,0,0,2f.csv
1468,0,0,0,2g.csv
1468,0,0,0,2h.csv
1468,0,0,0,2i.csv
1468,1,0,1,2j.csv
1468,7,4,3,2k.csv
1468,0,0,0,2l.csv
1468,2,2,0,3a.csv
1468,4,3,1,3b.csv
1468,8,5,3,3c.csv
1468,8,5,3,3d.csv
1468,9,6,3,3e.csv
1468,2,2,0,3f.csv
1468,7,6,1,3g.csv
1469,101,101,0,1a.csv
1469,5,4,1,1b.csv
1469,1,1,0,1c.csv
1469,1,0,1,1e.csv
1469,9,3,6,1f.csv
1469,2,2,0,1g.csv
1469,0,0,0,1h.csv
1469,0,0,0,1i.csv
1469,0,0,0,1j.csv
1469,0,0,0,1k.csv
1469,3,3,0,1l.csv
1469,2,1,1,1m.csv
1469,0,0,0,2a.csv
1469,0,0,0,2b.csv
1469,0,0,0,2c.csv
1469,1,1,0,2d.csv
1469,3,1,2,2e.csv
1469,0,0,0,2f.csv
1469,0,0,0,2g.csv
1469,0,0,0,2h.csv
1469,0,0,0,2i.csv
1469,1,0,1,2j.csv
1469,7,4,3,2k.csv
1469,0,0,0,2l.csv
1469,3,3,0,3a.csv
1469,3,2,1,3b.csv
1469,8,6,2,3c.csv
1469,8,6,2,3d.csv
1469,7,5,2,3e.csv
1469,2,2,0,3f.csv
1469,6,5,1,3g.csv
1470,99,99,0,1a.csv
1470,5,4,1,1b.csv
1470,1,1,0,1c.csv
1470,0,0,0,1e.csv
1470,8,3,5,1f.csv
1470,2,2,0,1g.csv
1470,0,0,0,1h.csv
1470,0,0,0,1i.csv
1470,0,0,0,1j.csv
1470,0,0,0,1k.csv
1470,3,3,0,1l.csv
1470,2,1,1,1m.csv
1470,0,0,0,2a.csv
1470,0,0,0,2b.csv
1470,0,0,0,2c.csv
1470,1,1,0,2d.csv
1470,3,1,2,2e.csv
1470,0,0,0,2f.csv
1470,0,0,0,2g.csv
1470,0,0,0,2h.csv
1470,0,0,0,2i.csv
1470,1,0,1,2j.csv
1470,8,5,3,2k.csv
1470,0,0,0,2l.csv
1470,4,4,0,3a.csv
1470,3,2,1,3b.csv
1470,7,5,2,3c.csv
1470,7,5,2,3d.csv
1470,6,4,2,3e.csv
1470,2,2,0,3f.csv
1470,9,8,1,3g.csv
1471,94,94,0,1a.csv
1471,6,4,2,1b.csv
1471,4,3,1,1c.csv
1471,0,0,0,1e.csv
1471,8,3,5,1f.csv
1471,2,2,0,1g.csv
1471,0,0,0,1h.csv
1471,0,0,0,1i.csv
1471,0,0,0,1j.csv
1471,0,0,0,1k.csv
1471,3,3,0,1l.csv
1471,2,0,2,1m.csv
1471,0,0,0,2a.csv
1471,0,0,0,2b.csv
1471,0,0,0,2c.csv
1471,1,1,0,2d.csv
1471,2,1,1,2e.csv
1471,0,0,0,2f.csv
1471,0,0,0,2g.csv
1471,0,0,0,2h.csv
1471,0,0,0,2i.csv
1471,1,1,0,2j.csv
1471,11,7,4,2k.csv
1471,0,0,0,2l.csv
1471,5,5,0,3a.csv
1471,4,2,2,3b.csv
1471,7,5,2,3c.csv
1471,7,5,2,3d.csv
1471,6,5,1,3e.csv
1471,2,2,0,3f.csv
1471,11,10,1,3g.csv
1472,87,87,0,1a.csv
1472,5,3,2,1b.csv
1472,4,3,1,1c.csv
1472,0,0,0,1e.csv
1472,6,3,3,1f.csv
1472,1,1,0,1g.csv
1472,0,0,0,1h.csv
1472,0,0,0,1i.csv
1472,0,0,0,1j.csv
1472,0,0,0,1k.csv
1472,6,5,1,1l.csv
1472,2,1,1,1m.csv
1472,0,0,0,2a.csv
1472,0,0,0,2b.csv
1472,0,0,0,2c.csv
1472,1,1,0,2d.csv
1472,2,1,1,2e.csv
1472,0,0,0,2f.csv
1472,0,0,0,2g.csv
1472,0,0,0,2h.csv
1472,0,0,0,2i.csv
1472,1,1,0,2j.csv
1472,13,6,7,2k.csv
1472,0,0,0,2l.csv
1472,11,10,1,3a.csv
1472,4,2,2,3b.csv
1472,5,3,2,3c.csv
1472,5,3,2,3d.csv
1472,6,5,1,3e.csv
1472,2,2,0,3f.csv
1472,11,10,1,3g.csv
1473,97,97,0,1a.csv
1473,5,3,2,1b.csv
1473,3,2,1,1c.csv
1473,0,0,0,1e.csv
1473,5,2,3,1f.csv
1473,1,1,0,1g.csv
1473,0,0,0,1h.csv
1473,1,1,0,1i.csv
1473,0,0,0,1j.csv
1473,0,0,0,1k.csv
1473,9,8,1,1l.csv
1473,3,2,1,1m.csv
1473,0,0,0,2a.csv
1473,0,0,0,2b.csv
1473,0,0,0,2c.csv
1473,2,2,0,2d.csv
1473,2,1,1,2e.csv
1473,0,0,0,2f.csv
1473,0,0,0,2g.csv
1473,0,0,0,2h.csv
1473,0,0,0,2i.csv
1473,1,1,0,2j.csv
1473,13,5,8,2k.csv
1473,0,0,0,2l.csv
1473,11,10,1,3a.csv
1473,4,2,2,3b.csv
1473,4,3,1,3c.csv
1473,4,3,1,3d.csv
1473,6,5,1,3e.csv
1473,2,2,0,3f.csv
1473,10,9,1,3g.csv
1474,93,93,0,1a.csv
1474,4,2,2,1b.csv
1474,4,3,1,1c.csv
1474,0,0,0,1e.csv
1474,2,1,1,1f.csv
1474,3,3,0,1g.csv
1474,0,0,0,1h.csv
1474,1,1,0,1i.csv
1474,0,0,0,1j.csv
1474,0,0,0,1k.csv
1474,9,8,1,1l.csv
1474,3,2,1,1m.csv
1474,0,0,0,2a.csv
1474,0,0,0,2b.csv
1474,0,0,0,2c.csv
1474,2,2,0,2d.csv
1474,2,1,1,2e.csv
1474,0,0,0,2f.csv
1474,0,0,0,2g.csv
1474,0,0,0,2h.csv
1474,0,0,0,2i.csv
1474,1,1,0,2j.csv
1474,16,6,10,2k.csv
1474,0,0,0,2l.csv
1474,14,12,2,3a.csv
1474,4,3,1,3b.csv
1474,6,4,2,3c.csv
1474,6,4,2,3d.csv
1474,5,4,1,3e.csv
1474,2,1,1,3f.csv
1474,9,8,1,3g.csv
1475,82,82,0,1a.csv
1475,5,3,2,1b.csv
1475,4,3,1,1c.csv
1475,0,0,0,1e.csv
1475,2,1,1,1f.csv
1475,3,3,0,1g.csv
1475,1,1,0,1h.csv
1475,1,1,0,1i.csv
1475,0,0,0,1j.csv
1475,0,0,0,1k.csv
1475,9,8,1,1l.csv
1475,3,2,1,1m.csv
1475,0,0,0,2a.csv
1475,0,0,0,2b.csv
1475,0,0,0,2c.csv
1475,1,1,0,2d.csv
1475,1,0,1,2e.csv
1475,0,0,0,2f.csv
1475,0,0,0,2g.csv
1475,0,0,0,2h.csv
1475,0,0,0,2i.csv
1475,1,1,0,2j.csv
1475,16,6,10,2k.csv
1475,0,0,0,2l.csv
1475,14,12,2,3a.csv
1475,4,3,1,3b.csv
1475,6,4,2,3c.csv
1475,6,4,2,3d.csv
1475,5,4,1,3e.csv
1475,3,2,1,3f.csv
1475,8,7,1,3g.csv
1476,81,81,0,1a.csv
1476,2,1,1,1b.csv
1476,4,3,1,1c.csv
1476,0,0,0,1e.csv
1476,1,0,1,1f.csv
1476,4,4,0,1g.csv
1476,1,1,0,1h.csv
1476,1,1,0,1i.csv
1476,0,0,0,1j.csv
1476,0,0,0,1k.csv
1476,8,7,1,1l.csv
1476,4,3,1,1m.csv
1476,0,0,0,2a.csv
1476,0,0,0,2b.csv
1476,0,0,0,2c.csv
1476,1,1,0,2d.csv
1476,0,0,0,2e.csv
1476,0,0,0,2f.csv
1476,0,0,0,2g.csv
1476,0,0,0,2h.csv
1476,0,0,0,2i.csv
1476,1,1,0,2j.csv
1476,12,5,7,2k.csv
1476,0,0,0,2l.csv
1476,15,13,2,3a.csv
1476,3,2,1,3b.csv
1476,5,4,1,3c.csv
1476,5,4,1,3d.csv
1476,5,5,0,3e.csv
1476,5,2,3,3f.csv
1476,5,5,0,3g.csv
1477,80,80,0,1a.csv
1477,2,1,1,1b.csv
1477,4,3,1,1c.csv
1477,0,0,0,1e.csv
1477,1,0,1,1f.csv
1477,3,3,0,1g.csv
1477,1,1,0,1h.csv
1477,1,1,0,1i.csv
1477,0,0,0,1j.csv
1477,0,0,0,1k.csv
1477,9,7,2,1l.csv
1477,4,3,1,1m.csv
1477,0,0,0,2a.csv
1477,0,0,0,2b.csv
1477,0,0,0,2c.csv
1477,1,1,0,2d.csv
1477,0,0,0,2e.csv
1477,0,0,0,2f.csv
1477,0,0,0,2g.csv
1477,0,0,0,2h.csv
1477,0,0,0,2i.csv
1477,1,1,0,2j.csv
1477,13,5,8,2k.csv
1477,0,0,0,2l.csv
1477,22,18,4,3a.csv
1477,2,1,1,3b.csv
1477,3,2,1,3c.csv
1477,3,2,1,3d.csv
1477,5,5,0,3e.csv
1477,6,3,3,3f.csv
1477,5,5,0,3g.csv
1478,81,81,0,1a.csv
1478,2,1,1,1b.csv
1478,4,3,1,1c.csv
1478,0,0,0,1e.csv
1478,1,0,1,1f.csv
1478,3,3,0,1g.csv
1478,1,1,0,1h.csv
1478,1,1,0,1i.csv
1478,0,0,0,1j.csv
1478,0,0,0,1k.csv
1478,11,9,2,1l.csv
1478,4,3,1,1m.csv
1478,0,0,0,2a.csv
1478,0,0,0,2b.csv
1478,0,0,0,2c.csv
1478,1,1,0,2d.csv
1478,0,0,0,2e.csv
1478,0,0,0,2f.csv
1478,0,0,0,2g.csv
1478,0,0,0,2h.csv
1478,1,1,0,2i.csv
1478,1,1,0,2j.csv
1478,14,6,8,2k.csv
1478,0,0,0,2l.csv
1478,22,18,4,3a.csv
1478,2,1,1,3b.csv
1478,3,2,1,3c.csv
1478,3,2,1,3d.csv
1478,4,4,0,3e.csv
1478,6,3,3,3f.csv
1478,2,2,0,3g.csv
1479,82,81,1,1a.csv
1479,1,1,0,1b.csv
1479,2,1,1,1c.csv
1479,0,0,0,1e.csv
1479,0,0,0,1f.csv
1479,4,4,0,1g.csv
1479,1,1,0,1h.csv
1479,1,1,0,1i.csv
1479,0,0,0,1j.csv
1479,0,0,0,1k.csv
1479,12,10,2,1l.csv
1479,3,3,0,1m.csv
1479,0,0,0,2a.csv
1479,0,0,0,2b.csv
1479,0,0,0,2c.csv
1479,1,1,0,2d.csv
1479,0,0,0,2e.csv
1479,0,0,0,2f.csv
1479,0,0,0,2g.csv
1479,0,0,0,2h.csv
1479,1,1,0,2i.csv
1479,0,0,0,2j.csv
1479,12,4,8,2k.csv
1479,1,1,0,2l.csv
1479,24,20,4,3a.csv
1479,1,1,0,3b.csv
1479,2,1,1,3c.csv
1479,2,1,1,3d.csv
1479,4,4,0,3e.csv
1479,7,4,3,3f.csv
1479,1,1,0,3g.csv
1480,78,77,1,1a.csv
1480,1,1,0,1b.csv
1480,2,1,1,1c.csv
1480,0,0,0,1e.csv
1480,0,0,0,1f.csv
1480,4,4,0,1g.csv
1480,1,1,0,1h.csv
1480,1,1,0,1i.csv
1480,0,0,0,1j.csv
1480,0,0,0,1k.csv
1480,9,8,1,1l.csv
1480,2,2,0,1m.csv
1480,0,0,0,2a.csv
1480,0,0,0,2b.csv
1480,0,0,0,2c.csv
1480,1,1,0,2d.csv
1480,0,0,0,2e.csv
1480,0,0,0,2f.csv
1480,0,0,0,2g.csv
1480,0,0,0,2h.csv
1480,1,1,0,2i.csv
1480,0,0,0,2j.csv
1480,10,4,6,2k.csv
1480,1,1,0,2l.csv
1480,24,21,3,3a.csv
1480,1,1,0,3b.csv
1480,3,1,2,3c.csv
1480,3,1,2,3d.csv
1480,5,5,0,3e.csv
1480,8,4,4,3f.csv
1480,1,1,0,3g.csv
1481,67,65,2,1a.csv
1481,2,1,1,1b.csv
1481,2,1,1,1c.csv
1481,0,0,0,1e.csv
1481,0,0,0,1f.csv
1481,5,5,0,1g.csv
1481,1,1,0,1h.csv
1481,0,0,0,1i.csv
1481,0,0,0,1j.csv
1481,0,0,0,1k.csv
1481,7,6,1,1l.csv
1481,1,1,0,1m.csv
1481,0,0,0,2a.csv
1481,0,0,0,2b.csv
1481,0,0,0,2c.csv
1481,0,0,0,2d.csv
1481,0,0,0,2e.csv
1481,0,0,0,2f.csv
1481,0,0,0,2g.csv
1481,0,0,0,2h.csv
1481,1,1,0,2i.csv
1481,0,0,0,2j.csv
1481,10,5,5,2k.csv
1481,1,1,0,2l.csv
1481,27,23,4,3a.csv
1481,3,2,1,3b.csv
1481,3,1,2,3c.csv
1481,3,1,2,3d.csv
1481,3,3,0,3e.csv
1481,7,3,4,3f.csv
1481,2,2,0,3g.csv
1482,66,64,2,1a.csv
1482,3,2,1,1b.csv
1482,1,0,1,1c.csv
1482,0,0,0,1e.csv
1482,0,0,0,1f.csv
1482,3,3,0,1g.csv
1482,1,1,0,1h.csv
1482,0,0,0,1i.csv
1482,0,0,0,1j.csv
1482,0,0,0,1k.csv
1482,7,6,1,1l.csv
1482,1,1,0,1m.csv
1482,0,0,0,2a.csv
1482,0,0,0,2b.csv
1482,0,0,0,2c.csv
1482,0,0,0,2d.csv
1482,0,0,0,2e.csv
1482,0,0,0,2f.csv
1482,0,0,0,2g.csv
1482,0,0,0,2h.csv
1482,1,1,0,2i.csv
1482,0,0,0,2j.csv
1482,8,5,3,2k.csv
1482,1,1,0,2l.csv
1482,26,22,4,3a.csv
1482,3,1,2,3b.csv
1482,1,0,1,3c.csv
1482,1,0,1,3d.csv
1482,3,3,0,3e.csv
1482,6,3,3,3f.csv
1482,2,2,0,3g.csv
1483,63,60,3,1a.csv
1483,2,1,1,1b.csv
1483,1,0,1,1c.csv
1483,0,0,0,1e.csv
1483,0,0,0,1f.csv
1483,3,3,0,1g.csv
1483,0,0,0,1h.csv
1483,1,1,0,1i.csv
1483,0,0,0,1j.csv
1483,0,0,0,1k.csv
1483,8,7,1,1l.csv
1483,1,1,0,1m.csv
1483,0,0,0,2a.csv
1483,0,0,0,2b.csv
1483,0,0,0,2c.csv
1483,0,0,0,2d.csv
1483,0,0,0,2e.csv
1483,0,0,0,2f.csv
1483,0,0,0,2g.csv
1483,0,0,0,2h.csv
1483,1,1,0,2i.csv
1483,0,0,0,2j.csv
1483,8,5,3,2k.csv
1483,1,1,0,2l.csv
1483,27,23,4,3a.csv
1483,5,3,2,3b.csv
1483,2,1,1,3c.csv
1483,2,1,1,3d.csv
1483,3,3,0,3e.csv
1483,5,2,3,3f.csv
1483,4,4,0,3g.csv
1484,56,53,3,1a.csv
1484,2,1,1,1b.csv
1484,1,0,1,1c.csv
1484,0,0,0,1e.csv
1484,0,0,0,1f.csv
1484,3,2,1,1g.csv
1484,0,0,0,1h.csv
1484,1,1,0,1i.csv
1484,0,0,0,1j.csv
1484,0,0,0,1k.csv
1484,8,7,1,1l.csv
1484,0,0,0,1m.csv
1484,0,0,0,2a.csv
1484,0,0,0,2b.csv
1484,0,0,0,2c.csv
1484,0,0,0,2d.csv
1484,1,1,0,2e.csv
1484,0,0,0,2f.csv
1484,0,0,0,2g.csv
1484,0,0,0,2h.csv
1484,1,1,0,2i.csv
1484,0,0,0,2j.csv
1484,8,5,3,2k.csv
1484,1,1,0,2l.csv
1484,26,22,4,3a.csv
1484,6,4,2,3b.csv
1484,2,1,1,3c.csv
1484,2,1,1,3d.csv
1484,2,2,0,3e.csv
1484,3,2,1,3f.csv
1484,4,4,0,3g.csv
1485,52,49,3,1a.csv
1485,2,1,1,1b.csv
1485,1,0,1,1c.csv
1485,0,0,0,1e.csv
1485,0,0,0,1f.csv
1485,3,2,1,1g.csv
1485,0,0,0,1h.csv
1485,1,1,0,1i.csv
1485,0,0,0,1j.csv
1485,0,0,0,1k.csv
1485,6,6,0,1l.csv
1485,0,0,0,1m.csv
1485,0,0,0,2a.csv
1485,0,0,0,2b.csv
1485,0,0,0,2c.csv
1485,0,0,0,2d.csv
1485,1,1,0,2e.csv
1485,0,0,0,2f.csv
1485,0,0,0,2g.csv
1485,0,0,0,2h.csv
1485,1,1,0,2i.csv
1485,0,0,0,2j.csv
1485,7,4,3,2k.csv
1485,1,1,0,2l.csv
1485,20,18,2,3a.csv
1485,6,4,2,3b.csv
1485,2,1,1,3c.csv
1485,2,1,1,3d.csv
1485,2,2,0,3e.csv
1485,2,1,1,3f.csv
1485,4,4,0,3g.csv
1486,42,39,3,1a.csv
1486,2,1,1,1b.csv
1486,3,2,1,1c.csv
1486,0,0,0,1e.csv
1486,0,0,0,1f.csv
1486,4,3,1,1g.csv
1486,0,0,0,1h.csv
1486,1,1,0,1i.csv
1486,0,0,0,1j.csv
1486,0,0,0,1k.csv
1486,5,5,0,1l.csv
1486,0,0,0,1m.csv
1486,0,0,0,2a.csv
1486,0,0,0,2b.csv
1486,0,0,0,2c.csv
1486,0,0,0,2d.csv
1486,1,1,0,2e.csv
1486,0,0,0,2f.csv
1486,0,0,0,2g.csv
1486,0,0,0,2h.csv
1486,0,0,0,2i.csv
1486,0,0,0,2j.csv
1486,5,2,3,2k.csv
1486,1,1,0,2l.csv
1486,26,24,2,3a.csv
1486,6,4,2,3b.csv
1486,3,2,1,3c.csv
1486,3,2,1,3d.csv
1486,2,2,0,3e.csv
1486,2,1,1,3f.csv
1486,4,4,0,3g.csv
1487,32,30,2,1a.csv
1487,2,1,1,1b.csv
1487,3,3,0,1c.csv
1487,0,0,0,1e.csv
1487,0,0,0,1f.csv
1487,4,3,1,1g.csv
1487,0,0,0,1h.csv
1487,1,1,0,1i.csv
1487,0,0,0,1j.csv
1487,0,0,0,1k.csv
1487,4,4,0,1l.csv
1487,1,1,0,1m.csv
1487,0,0,0,2a.csv
1487,0,0,0,2b.csv
1487,0,0,0,2c.csv
1487,0,0,0,2d.csv
1487,1,1,0,2e.csv
1487,0,0,0,2f.csv
1487,0,0,0,2g.csv
1487,0,0,0,2h.csv
1487,0,0,0,2i.csv
1487,0,0,0,2j.csv
1487,4,2,2,2k.csv
1487,0,0,0,2l.csv
1487,26,24,2,3a.csv
1487,10,7,3,3b.csv
1487,3,2,1,3c.csv
1487,3,2,1,3d.csv
1487,2,2,0,3e.csv
1487,1,0,1,3f.csv
1487,3,3,0,3g.csv
1488,27,25,2,1a.csv
1488,2,1,1,1b.csv
1488,3,3,0,1c.csv
1488,0,0,0,1e.csv
1488,0,0,0,1f.csv
1488,4,3,1,1g.csv
1488,1,1,0,1h.csv
1488,1,1,0,1i.csv
1488,0,0,0,1j.csv
1488,0,0,0,1k.csv
1488,4,4,0,1l.csv
1488,1,1,0,1m.csv
1488,0,0,0,2a.csv
1488,0,0,0,2b.csv
1488,0,0,0,2c.csv
1488,0,0,0,2d.csv
1488,2,2,0,2e.csv
1488,0,0,0,2f.csv
1488,0,0,0,2g.csv
1488,0,0,0,2h.csv
1488,0,0,0,2i.csv
1488,0,0,0,2j.csv
1488,4,2,2,2k.csv
1488,0,0,0,2l.csv
1488,25,22,3,3a.csv
1488,10,7,3,3b.csv
1488,2,2,0,3c.csv
1488,2,2,0,3d.csv
1488,1,1,0,3e.csv
1488,0,0,0,3f.csv
1488,3,3,0,3g.csv
1489,22,21,1,1a.csv
1489,1,1,0,1b.csv
1489,3,3,0,1c.csv
1489,0,0,0,1e.csv
1489,0,0,0,1f.csv
1489,3,2,1,1g.csv
1489,1,1,0,1h.csv
1489,1,1,0,1i.csv
1489,0,0,0,1j.csv
1489,0,0,0,1k.csv
1489,3,3,0,1l.csv
1489,1,1,0,1m.csv
1489,0,0,0,2a.csv
1489,0,0,0,2b.csv
1489,0,0,0,2c.csv
1489,0,0,0,2d.csv
1489,2,2,0,2e.csv
1489,0,0,0,2f.csv
1489,0,0,0,2g.csv
1489,0,0,0,2h.csv
1489,0,0,0,2i.csv
1489,0,0,0,2j.csv
1489,3,1,2,2k.csv
1489,0,0,0,2l.csv
1489,29,26,3,3a.csv
1489,10,7,3,3b.csv
1489,2,2,0,3c.csv
1489,2,2,0,3d.csv
1489,4,4,0,3e.csv
1489,1,0,1,3f.csv
1489,2,2,0,3g.csv
1490,19,18,1,1a.csv
1490,0,0,0,1b.csv
1490,3,3,0,1c.csv
1490,0,0,0,1e.csv
1490,0,0,0,1f.csv
1490,3,2,1,1g.csv
1490,1,1,0,1h.csv
1490,3,2,1,1i.csv
1490,0,0,0,1j.csv
1490,0,0,0,1k.csv
1490,2,2,0,1l.csv
1490,1,1,0,1m.csv
1490,0,0,0,2a.csv
1490,1,1,0,2b.csv
1490,0,0,0,2c.csv
1490,0,0,0,2d.csv
1490,2,2,0,2e.csv
1490,0,0,0,2f.csv
1490,0,0,0,2g.csv
1490,0,0,0,2h.csv
1490,0,0,0,2i.csv
1490,0,0,0,2j.csv
1490,2,0,2,2k.csv
1490,0,0,0,2l.csv
1490,32,30,2,3a.csv
1490,9,7,2,3b.csv
1490,3,3,0,3c.csv
1490,3,3,0,3d.csv
1490,6,5,1,3e.csv
1490,1,0,1,3f.csv
1490,2,2,0,3g.csv
1491,16,16,0,1a.csv
1491,0,0,0,1b.csv
1491,3,3,0,1c.csv
1491,0,0,0,1e.csv
1491,0,0,0,1f.csv
1491,3,2,1,1g.csv
1491,1,1,0,1h.csv
1491,2,1,1,1i.csv
1491,0,0,0,1j.csv
1491,0,0,0,1k.csv
1491,1,1,0,1l.csv
1491,2,2,0,1m.csv
1491,0,0,0,2a.csv
1491,1,1,0,2b.csv
1491,0,0,0,2c.csv
1491,0,0,0,2d.csv
1491,2,2,0,2e.csv
1491,0,0,0,2f.csv
1491,0,0,0,2g.csv
1491,0,0,0,2h.csv
1491,0,0,0,2i.csv
1491,1,1,0,2j.csv
1491,2,0,2,2k.csv
1491,0,0,0,2l.csv
1491,35,33,2,3a.csv
1491,8,5,3,3b.csv
1491,2,2,0,3c.csv
1491,2,2,0,3d.csv
1491,12,11,1,3e.csv
1491,1,0,1,3f.csv
1491,0,0,0,3g.csv
1492,16,16,0,1a.csv
1492,0,0,0,1b.csv
1492,4,4,0,1c.csv
1492,0,0,0,1e.csv
1492,0,0,0,1f.csv
1492,2,2,0,1g.csv
1492,1,1,0,1h.csv
1492,2,1,1,1i.csv
1492,0,0,0,1j.csv
1492,0,0,0,1k.csv
1492,2,2,0,1l.csv
1492,2,2,0,1m.csv
1492,0,0,0,2a.csv
1492,1,1,0,2b.csv
1492,0,0,0,2c.csv
1492,0,0,0,2d.csv
1492,2,1,1,2e.csv
1492,0,0,0,2f.csv
1492,0,0,0,2g.csv
1492,0,0,0,2h.csv
1492,0,0,0,2i.csv
1492,1,1,0,2j.csv
1492,2,0,2,2k.csv
1492,1,1,0,2l.csv
1492,35,33,2,3a.csv
1492,7,4,3,3b.csv
1492,2,2,0,3c.csv
1492,2,2,0,3d.csv
1492,18,17,1,3e.csv
1492,2,1,1,3f.csv
1492,0,0,0,3g.csv
1493,13,13,0,1a.csv
1493,0,0,0,1b.csv
1493,4,4,0,1c.csv
1493,0,0,0,1e.csv
1493,1,1,0,1f.csv
1493,2,2,0,1g.csv
1493,2,2,0,1h.csv
1493,3,2,1,1i.csv
1493,0,0,0,1j.csv
1493,0,0,0,1k.csv
1493,2,2,0,1l.csv
1493,2,2,0,1m.csv
1493,0,0,0,2a.csv
1493,1,1,0,2b.csv
1493,0,0,0,2c.csv
1493,0,0,0,2d.csv
1493,2,1,1,2e.csv
1493,0,0,0,2f.csv
1493,0,0,0,2g.csv
1493,0,0,0,2h.csv
1493,0,0,0,2i.csv
1493,1,1,0,2j.csv
1493,1,0,1,2k.csv
1493,1,1,0,2l.csv
1493,36,34,2,3a.csv
1493,7,4,3,3b.csv
1493,4,4,0,3c.csv
1493,4,4,0,3d.csv
1493,26,24,2,3e.csv
1493,3,2,1,3f.csv
1493,0,0,0,3g.csv
1494,11,11,0,1a.csv
1494,0,0,0,1b.csv
1494,2,2,0,1c.csv
1494,0,0,0,1e.csv
1494,1,1,0,1f.csv
1494,1,1,0,1g.csv
1494,3,3,0,1h.csv
1494,5,4,1,1i.csv
1494,0,0,0,1j.csv
1494,0,0,0,1k.csv
1494,2,2,0,1l.csv
1494,2,2,0,1m.csv
1494,1,0,1,2a.csv
1494,1,1,0,2b.csv
1494,0,0,0,2c.csv
1494,1,1,0,2d.csv
1494,2,1,1,2e.csv
1494,0,0,0,2f.csv
1494,0,0,0,2g.csv
1494,0,0,0,2h.csv
1494,0,0,0,2i.csv
1494,1,1,0,2j.csv
1494,1,0,1,2k.csv
1494,1,1,0,2l.csv
1494,33,31,2,3a.csv
1494,9,6,3,3b.csv
1494,4,4,0,3c.csv
1494,4,4,0,3d.csv
1494,28,26,2,3e.csv
1494,3,2,1,3f.csv
1494,0,0,0,3g.csv
1495,12,12,0,1a.csv
1495,0,0,0,1b.csv
1495,1,1,0,1c.csv
1495,0,0,0,1e.csv
1495,2,2,0,1f.csv
1495,0,0,0,1g.csv
1495,3,3,0,1h.csv
1495,5,4,1,1i.csv
1495,0,0,0,1j.csv
1495,0,0,0,1k.csv
1495,2,2,0,1l.csv
1495,1,1,0,1m.csv
1495,1,0,1,2a.csv
1495,1,1,0,2b.csv
1495,1,0,1,2c.csv
1495,1,1,0,2d.csv
1495,2,1,1,2e.csv
1495,0,0,0,2f.csv
1495,0,0,0,2g.csv
1495,0,0,0,2h.csv
1495,0,0,0,2i.csv
1495,1,1,0,2j.csv
1495,1,0,1,2k.csv
1495,1,1,0,2l.csv
1495,32,30,2,3a.csv
1495,5,3,2,3b.csv
1495,4,4,0,3c.csv
1495,4,4,0,3d.csv
1495,35,30,5,3e.csv
1495,3,2,1,3f.csv
1495,0,0,0,3g.csv
1496,11,11,0,1a.csv
1496,1,1,0,1b.csv
1496,1,1,0,1c.csv
1496,0,0,0,1e.csv
1496,2,2,0,1f.csv
1496,0,0,0,1g.csv
1496,2,2,0,1h.csv
1496,5,4,1,1i.csv
1496,0,0,0,1j.csv
1496,0,0,0,1k.csv
1496,2,2,0,1l.csv
1496,1,1,0,1m.csv
1496,1,0,1,2a.csv
1496,1,1,0,2b.csv
1496,1,0,1,2c.csv
1496,1,1,0,2d.csv
1496,1,0,1,2e.csv
1496,0,0,0,2f.csv
1496,0,0,0,2g.csv
1496,0,0,0,2h.csv
1496,0,0,0,2i.csv
1496,1,1,0,2j.csv
1496,0,0,0,2k.csv
1496,1,1,0,2l.csv
1496,29,28,1,3a.csv
1496,5,3,2,3b.csv
1496,4,4,0,3c.csv
1496,4,4,0,3d.csv
1496,38,32,6,3e.csv
1496,3,2,1,3f.csv
1496,0,0,0,3g.csv
1497,12,12,0,1a.csv
1497,1,1,0,1b.csv
1497,1,1,0,1c.csv
1497,0,0,0,1e.csv
1497,3,3,0,1f.csv
1497,1,0,1,1g.csv
1497,3,3,0,1h.csv
1497,5,4,1,1i.csv
1497,0,0,0,1j.csv
1497,1,1,0,1k.csv
1497,2,2,0,1l.csv
1497,1,1,0,1m.csv
1497,1,0,1,2a.csv
1497,1,1,0,2b.csv
1497,1,0,1,2c.csv
1497,1,1,0,2d.csv
1497,1,0,1,2e.csv
1497,0,0,0,2f.csv
1497,0,0,0,2g.csv
1497,0,0,0,2h.csv
1497,0,0,0,2i.csv
1497,1,1,0,2j.csv
1497,1,0,1,2k.csv
1497,1,1,0,2l.csv
1497,23,23,0,3a.csv
1497,3,2,1,3b.csv
1497,4,4,0,3c.csv
1497,4,4,0,3d.csv
1497,37,31,6,3e.csv
1497,2,2,0,3f.csv
1497,0,0,0,3g.csv
1498,8,8,0,1a.csv
1498,1,1,0,1b.csv
1498,1,1,0,1c.csv
1498,0,0,0,1e.csv
1498,3,3,0,1f.csv
1498,1,0,1,1g.csv
1498,3,3,0,1h.csv
1498,4,4,0,1i.csv
1498,0,0,0,1j.csv
1498,1,1,0,1k.csv
1498,2,2,0,1l.csv
1498,1,1,0,1m.csv
1498,1,0,1,2a.csv
1498,0,0,0,2b.csv
1498,1,0,1,2c.csv
1498,1,1,0,2d.csv
1498,1,0,1,2e.csv
1498,0,0,0,2f.csv
1498,0,0,0,2g.csv
1498,0,0,0,2h.csv
1498,0,0,0,2i.csv
1498,1,1,0,2j.csv
1498,1,0,1,2k.csv
1498,1,1,0,2l.csv
1498,19,19,0,3a.csv
1498,4,3,1,3b.csv
1498,4,4,0,3c.csv
1498,4,4,0,3d.csv
1498,39,33,6,3e.csv
1498,2,2,0,3f.csv
1498,0,0,0,3g.csv
1499,8,8,0,1a.csv
1499,2,2,0,1b.csv
1499,1,1,0,1c.csv
1499,0,0,0,1e.csv
1499,4,3,1,1f.csv
1499,1,0,1,1g.csv
1499,3,3,0,1h.csv
1499,5,5,0,1i.csv
1499,0,0,0,1j.csv
1499,1,1,0,1k.csv
1499,2,2,0,1l.csv
1499,0,0,0,1m.csv
1499,1,0,1,2a.csv
1499,0,0,0,2b.csv
1499,1,0,1,2c.csv
1499,1,1,0,2d.csv
1499,1,0,1,2e.csv
1499,0,0,0,2f.csv
1499,0,0,0,2g.csv
1499,0,0,0,2h.csv
1499,0,0,0,2i.csv
1499,0,0,0,2j.csv
1499,1,0,1,2k.csv
1499,1,1,0,2l.csv
1499,16,16,0,3a.csv
1499,3,3,0,3b.csv
1499,4,4,0,3c.csv
1499,4,4,0,3d.csv
1499,36,30,6,3e.csv
1499,2,2,0,3f.csv
1499,2,1,1,3g.csv
1500,9,9,0,1a.csv
1500,2,2,0,1b.csv
1500,0,0,0,1c.csv
1500,0,0,0,1e.csv
1500,4,3,1,1f.csv
1500,2,1,1,1g.csv
1500,3,3,0,1h.csv
1500,5,5,0,1i.csv
1500,0,0,0,1j.csv
1500,1,1,0,1k.csv
1500,1,1,0,1l.csv
1500,0,0,0,1m.csv
1500,1,0,1,2a.csv
1500,0,0,0,2b.csv
1500,1,0,1,2c.csv
1500,2,2,0,2d.csv
1500,0,0,0,2e.csv
1500,0,0,0,2f.csv
1500,0,0,0,2g.csv
1500,0,0,0,2h.csv
1500,0,0,0,2i.csv
1500,0,0,0,2j.csv
1500,1,0,1,2k.csv
1500,0,0,0,2l.csv
1500,18,18,0,3a.csv
1500,4,3,1,3b.csv
1500,4,4,0,3c.csv
1500,4,4,0,3d.csv
1500,32,25,7,3e.csv
1500,1,1,0,3f.csv
1500,3,2,1,3g.csv
1501,9,9,0,1a.csv
1501,4,4,0,1b.csv
1501,0,0,0,1c.csv
1501,0,0,0,1e.csv
1501,6,5,1,1f.csv
1501,2,1,1,1g.csv
1501,2,2,0,1h.csv
1501,4,4,0,1i.csv
1501,0,0,0,1j.csv
1501,1,1,0,1k.csv
1501,1,1,0,1l.csv
1501,0,0,0,1m.csv
1501,1,0,1,2a.csv
1501,0,0,0,2b.csv
1501,1,0,1,2c.csv
1501,2,2,0,2d.csv
1501,0,0,0,2e.csv
1501,0,0,0,2f.csv
1501,0,0,0,2g.csv
1501,0,0,0,2h.csv
1501,0,0,0,2i.csv
1501,1,1,0,2j.csv
1501,2,0,2,2k.csv
1501,0,0,0,2l.csv
1501,16,15,1,3a.csv
1501,5,3,2,3b.csv
1501,2,2,0,3c.csv
1501,2,2,0,3d.csv
1501,28,22,6,3e.csv
1501,0,0,0,3f.csv
1501,3,2,1,3g.csv
1502,11,11,0,1a.csv
1502,4,4,0,1b.csv
1502,0,0,0,1c.csv
1502,0,0,0,1e.csv
1502,9,6,3,1f.csv
1502,3,2,1,1g.csv
1502,1,1,0,1h.csv
1502,2,2,0,1i.csv
1502,0,0,0,1j.csv
1502,1,1,0,1k.csv
1502,0,0,0,1l.csv
1502,0,0,0,1m.csv
1502,0,0,0,2a.csv
1502,0,0,0,2b.csv
1502,1,0,1,2c.csv
1502,1,1,0,2d.csv
1502,0,0,0,2e.csv
1502,0,0,0,2f.csv
1502,0,0,0,2g.csv
1502,0,0,0,2h.csv
1502,0,0,0,2i.csv
1502,1,1,0,2j.csv
1502,3,0,3,2k.csv
1502,0,0,0,2l.csv
1502,13,12,1,3a.csv
1502,4,2,2,3b.csv
1502,1,1,0,3c.csv
1502,1,1,0,3d.csv
1502,27,21,6,3e.csv
1502,0,0,0,3f.csv
1502,3,2,1,3g.csv
1503,12,12,0,1a.csv
1503,4,4,0,1b.csv
1503,0,0,0,1c.csv
1503,0,0,0,1e.csv
1503,9,5,4,1f.csv
1503,4,3,1,1g.csv
1503,1,1,0,1h.csv
1503,4,4,0,1i.csv
1503,0,0,0,1j.csv
1503,1,1,0,1k.csv
1503,0,0,0,1l.csv
1503,0,0,0,1m.csv
1503,0,0,0,2a.csv
1503,0,0,0,2b.csv
1503,0,0,0,2c.csv
1503,1,1,0,2d.csv
1503,0,0,0,2e.csv
1503,0,0,0,2f.csv
1503,0,0,0,2g.csv
1503,0,0,0,2h.csv
1503,0,0,0,2i.csv
1503,1,1,0,2j.csv
1503,3,0,3,2k.csv
1503,0,0,0,2l.csv
1503,12,10,2,3a.csv
1503,5,3,2,3b.csv
1503,1,1,0,3c.csv
1503,1,1,0,3d.csv
1503,20,17,3,3e.csv
1503,0,0,0,3f.csv
1503,3,2,1,3g.csv
1504,13,13,0,1a.csv
1504,3,3,0,1b.csv
1504,0,0,0,1c.csv
1504,0,0,0,1e.csv
1504,10,6,4,1f.csv
1504,4,3,1,1g.csv
1504,1,1,0,1h.csv
1504,4,4,0,1i.csv
1504,0,0,0,1j.csv
1504,1,1,0,1k.csv
1504,0,0,0,1l.csv
1504,1,1,0,1m.csv
1504,0,0,0,2a.csv
1504,0,0,0,2b.csv
1504,0,0,0,2c.csv
1504,1,1,0,2d.csv
1504,0,0,0,2e.csv
1504,0,0,0,2f.csv
1504,0,0,0,2g.csv
1504,0,0,0,2h.csv
1504,0,0,0,2i.csv
1504,1,1,0,2j.csv
1504,3,0,3,2k.csv
1504,0,0,0,2l.csv
1504,12,10,2,3a.csv
1504,5,3,2,3b.csv
1504,3,3,0,3c.csv
1504,3,3,0,3d.csv
1504,18,16,2,3e.csv
1504,2,2,0,3f.csv
1504,4,3,1,3g.csv
1505,11,11,0,1a.csv
1505,5,5,0,1b.csv
1505,1,1,0,1c.csv
1505,0,0,0,1e.csv
1505,9,5,4,1f.csv
1505,4,4,0,1g.csv
1505,0,0,0,1h.csv
1505,5,5,0,1i.csv
1505,0,0,0,1j.csv
1505,0,0,0,1k.csv
1505,0,0,0,1l.csv
1505,1,1,0,1m.csv
1505,0,0,0,2a.csv
1505,0,0,0,2b.csv
1505,0,0,0,2c.csv
1505,1,1,0,2d.csv
1505,0,0,0,2e.csv
1505,0,0,0,2f.csv
1505,0,0,0,2g.csv
1505,0,0,0,2h.csv
1505,0,0,0,2i.csv
1505,2,2,0,2j.csv
1505,2,0,2,2k.csv
1505,0,0,0,2l.csv
1505,14,12,2,3a.csv
1505,7,5,2,3b.csv
1505,4,4,0,3c.csv
1505,4,4,0,3d.csv
1505,16,14,2,3e.csv
1505,2,2,0,3f.csv
1505,4,3,1,3g.csv
1506,11,11,0,1a.csv
1506,7,7,0,1b.csv
1506,1,1,0,1c.csv
1506,0,0,0,1e.csv
1506,10,6,4,1f.csv
1506,4,4,0,1g.csv
1506,0,0,0,1h.csv
1506,4,4,0,1i.csv
1506,0,0,0,1j.csv
1506,0,0,0,1k.csv
1506,0,0,0,1l.csv
1506,1,1,0,1m.csv
1506,1,1,0,2a.csv
1506,0,0,0,2b.csv
1506,0,0,0,2c.csv
1506,1,1,0,2d.csv
1506,0,0,0,2e.csv
1506,0,0,0,2f.csv
1506,0,0,0,2g.csv
1506,0,0,0,2h.csv
1506,1,1,0,2i.csv
1506,2,2,0,2j.csv
1506,3,0,3,2k.csv
1506,0,0,0,2l.csv
1506,15,13,2,3a.csv
1506,6,4,2,3b.csv
1506,3,3,0,3c.csv
1506,3,3,0,3d.csv
1506,13,11,2,3e.csv
1506,3,3,0,3f.csv
1506,4,3,1,3g.csv
1507,11,11,0,1a.csv
1507,6,6,0,1b.csv
1507,1,1,0,1c.csv
1507,0,0,0,1e.csv
1507,10,7,3,1f.csv
1507,4,4,0,1g.csv
1507,0,0,0,1h.csv
1507,3,3,0,1i.csv
1507,0,0,0,1j.csv
1507,0,0,0,1k.csv
1507,0,0,0,1l.csv
1507,1,1,0,1m.csv
1507,1,1,0,2a.csv
1507,0,0,0,2b.csv
1507,0,0,0,2c.csv
1507,1,1,0,2d.csv
1507,0,0,0,2e.csv
1507,0,0,0,2f.csv
1507,0,0,0,2g.csv
1507,0,0,0,2h.csv
1507,1,1,0,2i.csv
1507,2,2,0,2j.csv
1507,3,0,3,2k.csv
1507,0,0,0,2l.csv
1507,15,13,2,3a.csv
1507,7,4,3,3b.csv
1507,3,3,0,3c.csv
1507,3,3,0,3d.csv
1507,13,10,3,3e.csv
1507,4,4,0,3f.csv
1507,2,2,0,3g.csv
1508,10,10,0,1a.csv
1508,10,8,2,1b.csv
1508,1,1,0,1c.csv
1508,0,0,0,1e.csv
1508,10,7,3,1f.csv
1508,3,3,0,1g.csv
1508,0,0,0,1h.csv
1508,3,3,0,1i.csv
1508,0,0,0,1j.csv
1508,0,0,0,1k.csv
1508,0,0,0,1l.csv
1508,1,1,0,1m.csv
1508,1,1,0,2a.csv
1508,0,0,0,2b.csv
1508,0,0,0,2c.csv
1508,1,1,0,2d.csv
1508,0,0,0,2e.csv
1508,0,0,0,2f.csv
1508,0,0,0,2g.csv
1508,0,0,0,2h.csv
1508,1,1,0,2i.csv
1508,2,2,0,2j.csv
1508,3,0,3,2k.csv
1508,0,0,0,2l.csv
1508,13,11,2,3a.csv
1508,6,4,2,3b.csv
1508,3,3,0,3c.csv
1508,3,3,0,3d.csv
1508,12,10,2,3e.csv
1508,4,4,0,3f.csv
1508,1,1,0,3g.csv
1509,11,10,1,1a.csv
1509,8,6,2,1b.csv
1509,1,1,0,1c.csv
1509,0,0,0,1e.csv
1509,7,4,3,1f.csv
1509,3,3,0,1g.csv
1509,0,0,0,1h.csv
1509,3,3,0,1i.csv
1509,0,0,0,1j.csv
1509,0,0,0,1k.csv
1509,0,0,0,1l.csv
1509,1,1,0,1m.csv
1509,3,2,1,2a.csv
1509,0,0,0,2b.csv
1509,0,0,0,2c.csv
1509,1,1,0,2d.csv
1509,0,0,0,2e.csv
1509,0,0,0,2f.csv
1509,0,0,0,2g.csv
1509,0,0,0,2h.csv
1509,1,1,0,2i.csv
1509,1,1,0,2j.csv
1509,2,0,2,2k.csv
1509,0,0,0,2l.csv
1509,13,12,1,3a.csv
1509,5,4,1,3b.csv
1509,3,3,0,3c.csv
1509,3,3,0,3d.csv
1509,8,6,2,3e.csv
1509,4,4,0,3f.csv
1509,1,1,0,3g.csv
1510,9,8,1,1a.csv
1510,10,7,3,1b.csv
1510,1,1,0,1c.csv
1510,0,0,0,1e.csv
1510,4,3,1,1f.csv
1510,2,2,0,1g.csv
1510,0,0,0,1h.csv
1510,3,3,0,1i.csv
1510,0,0,0,1j.csv
1510,0,0,0,1k.csv
1510,0,0,0,1l.csv
1510,1,1,0,1m.csv
1510,5,4,1,2a.csv
1510,0,0,0,2b.csv
1510,0,0,0,2c.csv
1510,1,1,0,2d.csv
1510,0,0,0,2e.csv
1510,0,0,0,2f.csv
1510,0,0,0,2g.csv
1510,0,0,0,2h.csv
1510,1,1,0,2i.csv
1510,1,1,0,2j.csv
1510,1,0,1,2k.csv
1510,0,0,0,2l.csv
1510,12,11,1,3a.csv
1510,5,4,1,3b.csv
1510,3,3,0,3c.csv
1510,3,3,0,3d.csv
1510,9,6,3,3e.csv
1510,4,4,0,3f.csv
1510,1,1,0,3g.csv
1511,7,6,1,1a.csv
1511,11,7,4,1b.csv
1511,1,1,0,1c.csv
1511,0,0,0,1e.csv
1511,3,3,0,1f.csv
1511,1,1,0,1g.csv
1511,0,0,0,1h.csv
1511,2,2,0,1i.csv
1511,1,1,0,1j.csv
1511,0,0,0,1k.csv
1511,0,0,0,1l.csv
1511,1,1,0,1m.csv
1511,8,5,3,2a.csv
1511,0,0,0,2b.csv
1511,0,0,0,2c.csv
1511,2,2,0,2d.csv
1511,0,0,0,2e.csv
1511,0,0,0,2f.csv
1511,0,0,0,2g.csv
1511,0,0,0,2h.csv
1511,1,1,0,2i.csv
1511,2,1,1,2j.csv
1511,1,0,1,2k.csv
1511,0,0,0,2l.csv
1511,13,12,1,3a.csv
1511,4,3,1,3b.csv
1511,3,3,0,3c.csv
1511,3,3,0,3d.csv
1511,8,5,3,3e.csv
1511,4,4,0,3f.csv
1511,2,2,0,3g.csv
1512,5,4,1,1a.csv
1512,13,8,5,1b.csv
1512,1,1,0,1c.csv
1512,0,0,0,1e.csv
1512,2,2,0,1f.csv
1512,2,2,0,1g.csv
1512,0,0,0,1h.csv
1512,2,2,0,1i.csv
1512,1,1,0,1j.csv
1512,0,0,0,1k.csv
1512,0,0,0,1l.csv
1512,0,0,0,1m.csv
1512,9,5,4,2a.csv
1512,0,0,0,2b.csv
1512,0,0,0,2c.csv
1512,2,2,0,2d.csv
1512,0,0,0,2e.csv
1512,0,0,0,2f.csv
1512,0,0,0,2g.csv
1512,0,0,0,2h.csv
1512,1,1,0,2i.csv
1512,2,1,1,2j.csv
1512,1,0,1,2k.csv
1512,0,0,0,2l.csv
1512,18,15,3,3a.csv
1512,4,3,1,3b.csv
1512,1,1,0,3c.csv
1512,1,1,0,3d.csv
1512,9,5,4,3e.csv
1512,2,2,0,3f.csv
1512,1,1,0,3g.csv
1513,6,5,1,1a.csv
1513,13,8,5,1b.csv
1513,0,0,0,1c.csv
1513,0,0,0,1e.csv
1513,2,2,0,1f.csv
1513,1,1,0,1g.csv
1513,0,0,0,1h.csv
1513,1,1,0,1i.csv
1513,1,1,0,1j.csv
1513,0,0,0,1k.csv
1513,0,0,0,1l.csv
1513,0,0,0,1m.csv
1513,9,5,4,2a.csv
1513,0,0,0,2b.csv
1513,0,0,0,2c.csv
1513,2,2,0,2d.csv
1513,0,0,0,2e.csv
1513,0,0,0,2f.csv
1513,0,0,0,2g.csv
1513,0,0,0,2h.csv
1513,1,1,0,2i.csv
1513,1,0,1,2j.csv
1513,1,0,1,2k.csv
1513,0,0,0,2l.csv
1513,17,13,4,3a.csv
1513,2,1,1,3b.csv
1513,1,1,0,3c.csv
1513,1,1,0,3d.csv
1513,9,5,4,3e.csv
1513,2,2,0,3f.csv
1513,1,1,0,3g.csv
1514,6,5,1,1a.csv
1514,14,8,6,1b.csv
1514,1,1,0,1c.csv
1514,0,0,0,1e.csv
1514,1,1,0,1f.csv
1514,1,1,0,1g.csv
1514,0,0,0,1h.csv
1514,1,1,0,1i.csv
1514,1,1,0,1j.csv
1514,0,0,0,1k.csv
1514,1,1,0,1l.csv
1514,0,0,0,1m.csv
1514,9,5,4,2a.csv
1514,0,0,0,2b.csv
1514,0,0,0,2c.csv
1514,2,2,0,2d.csv
1514,0,0,0,2e.csv
1514,0,0,0,2f.csv
1514,0,0,0,2g.csv
1514,0,0,0,2h.csv
1514,0,0,0,2i.csv
1514,1,0,1,2j.csv
1514,0,0,0,2k.csv
1514,0,0,0,2l.csv
1514,20,16,4,3a.csv
1514,4,3,1,3b.csv
1514,2,2,0,3c.csv
1514,2,2,0,3d.csv
1514,10,6,4,3e.csv
1514,1,1,0,3f.csv
1514,2,2,0,3g.csv
1515,6,5,1,1a.csv
1515,14,8,6,1b.csv
1515,3,2,1,1c.csv
1515,0,0,0,1e.csv
1515,0,0,0,1f.csv
1515,2,2,0,1g.csv
1515,1,1,0,1h.csv
1515,2,2,0,1i.csv
1515,1,1,0,1j.csv
1515,0,0,0,1k.csv
1515,1,1,0,1l.csv
1515,0,0,0,1m.csv
1515,9,5,4,2a.csv
1515,0,0,0,2b.csv
1515,0,0,0,2c.csv
1515,2,2,0,2d.csv
1515,0,0,0,2e.csv
1515,0,0,0,2f.csv
1515,0,0,0,2g.csv
1515,0,0,0,2h.csv
1515,0,0,0,2i.csv
1515,1,0,1,2j.csv
1515,1,0,1,2k.csv
1515,0,0,0,2l.csv
1515,22,16,6,3a.csv
1515,4,4,0,3b.csv
1515,2,2,0,3c.csv
1515,2,2,0,3d.csv
1515,8,5,3,3e.csv
1515,1,1,0,3f.csv
1515,2,2,0,3g.csv
1516,5,4,1,1a.csv
1516,10,6,4,1b.csv
1516,3,2,1,1c.csv
1516,0,0,0,1e.csv
1516,0,0,0,1f.csv
1516,3,3,0,1g.csv
1516,1,1,0,1h.csv
1516,2,2,0,1i.csv
1516,1,1,0,1j.csv
1516,0,0,0,1k.csv
1516,1,1,0,1l.csv
1516,1,1,0,1m.csv
1516,9,5,4,2a.csv
1516,0,0,0,2b.csv
1516,0,0,0,2c.csv
1516,2,1,1,2d.csv
1516,0,0,0,2e.csv
1516,0,0,0,2f.csv
1516,0,0,0,2g.csv
1516,0,0,0,2h.csv
1516,0,0,0,2i.csv
1516,1,0,1,2j.csv
1516,1,0,1,2k.csv
1516,0,0,0,2l.csv
1516,29,19,10,3a.csv
1516,5,5,0,3b.csv
1516,2,2,0,3c.csv
1516,2,2,0,3d.csv
1516,8,4,4,3e.csv
1516,1,1,0,3f.csv
1516,2,2,0,3g.csv
1517,4,4,0,1a.csv
1517,10,6,4,1b.csv
1517,5,3,2,1c.csv
1517,0,0,0,1e.csv
1517,0,0,0,1f.csv
1517,3,3,0,1g.csv
1517,1,1,0,1h.csv
1517,2,2,0,1i.csv
1517,1,1,0,1j.csv
1517,0,0,0,1k.csv
1517,1,1,0,1l.csv
1517,1,1,0,1m.csv
1517,7,4,3,2a.csv
1517,0,0,0,2b.csv
1517,0,0,0,2c.csv
1517,2,1,1,2d.csv
1517,0,0,0,2e.csv
1517,0,0,0,2f.csv
1517,0,0,0,2g.csv
1517,0,0,0,2h.csv
1517,0,0,0,2i.csv
1517,1,0,1,2j.csv
1517,1,0,1,2k.csv
1517,0,0,0,2l.csv
1517,33,23,10,3a.csv
1517,5,5,0,3b.csv
1517,2,2,0,3c.csv
1517,2,2,0,3d.csv
1517,9,5,4,3e.csv
1517,1,1,0,3f.csv
1517,2,2,0,3g.csv
1518,6,5,1,1a.csv
1518,10,6,4,1b.csv
1518,5,3,2,1c.csv
1518,0,0,0,1e.csv
1518,0,0,0,1f.csv
1518,3,3,0,1g.csv
1518,1,1,0,1h.csv
1518,2,2,0,1i.csv
1518,1,1,0,1j.csv
1518,0,0,0,1k.csv
1518,1,1,0,1l.csv
1518,1,1,0,1m.csv
1518,6,3,3,2a.csv
1518,0,0,0,2b.csv
1518,0,0,0,2c.csv
1518,2,1,1,2d.csv
1518,0,0,0,2e.csv
1518,0,0,0,2f.csv
1518,1,0,1,2g.csv
1518,0,0,0,2h.csv
1518,0,0,0,2i.csv
1518,1,0,1,2j.csv
1518,1,0,1,2k.csv
1518,0,0,0,2l.csv
1518,46,35,11,3a.csv
1518,7,6,1,3b.csv
1518,4,4,0,3c.csv
1518,4,4,0,3d.csv
1518,9,6,3,3e.csv
1518,1,1,0,3f.csv
1518,2,2,0,3g.csv
1519,6,5,1,1a.csv
1519,9,6,3,1b.csv
1519,5,3,2,1c.csv
1519,0,0,0,1e.csv
1519,0,0,0,1f.csv
1519,3,3,0,1g.csv
1519,1,1,0,1h.csv
1519,1,1,0,1i.csv
1519,2,2,0,1j.csv
1519,0,0,0,1k.csv
1519,1,1,0,1l.csv
1519,1,1,0,1m.csv
1519,3,2,1,2a.csv
1519,0,0,0,2b.csv
1519,0,0,0,2c.csv
1519,1,0,1,2d.csv
1519,0,0,0,2e.csv
1519,1,1,0,2f.csv
1519,1,0,1,2g.csv
1519,0,0,0,2h.csv
1519,0,0,0,2i.csv
1519,2,1,1,2j.csv
1519,3,1,2,2k.csv
1519,0,0,0,2l.csv
1519,55,42,13,3a.csv
1519,8,7,1,3b.csv
1519,4,4,0,3c.csv
1519,4,4,0,3d.csv
1519,9,6,3,3e.csv
1519,1,1,0,3f.csv
1519,1,1,0,3g.csv
1520,6,5,1,1a.csv
1520,7,5,2,1b.csv
1520,6,4,2,1c.csv
1520,0,0,0,1e.csv
1520,0,0,0,1f.csv
1520,2,2,0,1g.csv
1520,1,1,0,1h.csv
1520,1,1,0,1i.csv
1520,2,2,0,1j.csv
1520,0,0,0,1k.csv
1520,1,1,0,1l.csv
1520,1,1,0,1m.csv
1520,3,3,0,2a.csv
1520,0,0,0,2b.csv
1520,0,0,0,2c.csv
1520,1,0,1,2d.csv
1520,0,0,0,2e.csv
1520,2,2,0,2f.csv
1520,1,0,1,2g.csv
1520,0,0,0,2h.csv
1520,0,0,0,2i.csv
1520,2,1,1,2j.csv
1520,3,1,2,2k.csv
1520,0,0,0,2l.csv
1520,66,49,17,3a.csv
1520,9,7,2,3b.csv
1520,5,5,0,3c.csv
1520,5,5,0,3d.csv
1520,7,5,2,3e.csv
1520,1,1,0,3f.csv
1520,1,1,0,3g.csv
1521,5,4,1,1a.csv
1521,4,3,1,1b.csv
1521,7,5,2,1c.csv
1521,0,0,0,1e.csv
1521,0,0,0,1f.csv
1521,2,2,0,1g.csv
1521,1,1,0,1h.csv
1521,1,1,0,1i.csv
1521,3,3,0,1j.csv
1521,0,0,0,1k.csv
1521,1,1,0,1l.csv
1521,1,1,0,1m.csv
1521,3,3,0,2a.csv
1521,0,0,0,2b.csv
1521,0,0,0,2c.csv
1521,1,0,1,2d.csv
1521,0,0,0,2e.csv
1521,2,2,0,2f.csv
1521,1,0,1,2g.csv
1521,0,0,0,2h.csv
1521,0,0,0,2i.csv
1521,2,1,1,2j.csv
1521,4,2,2,2k.csv
1521,0,0,0,2l.csv
1521,72,54,18,3a.csv
1521,10,8,2,3b.csv
1521,4,4,0,3c.csv
1521,4,4,0,3d.csv
1521,10,8,2,3e.csv
1521,1,1,0,3f.csv
1521,1,1,0,3g.csv
1522,4,3,1,1a.csv
1522,2,1,1,1b.csv
1522,6,4,2,1c.csv
1522,0,0,0,1e.csv
1522,1,1,0,1f.csv
1522,2,2,0,1g.csv
1522,1,1,0,1h.csv
1522,1,1,0,1i.csv
1522,3,3,0,1j.csv
1522,0,0,0,1k.csv
1522,0,0,0,1l.csv
1522,2,1,1,1m.csv
1522,2,2,0,2a.csv
1522,1,1,0,2b.csv
1522,0,0,0,2c.csv
1522,1,0,1,2d.csv
1522,0,0,0,2e.csv
1522,2,2,0,2f.csv
1522,1,0,1,2g.csv
1522,0,0,0,2h.csv
1522,0,0,0,2i.csv
1522,2,1,1,2j.csv
1522,4,2,2,2k.csv
1522,0,0,0,2l.csv
1522,74,56,18,3a.csv
1522,8,6,2,3b.csv
1522,4,3,1,3c.csv
1522,4,3,1,3d.csv
1522,10,9,1,3e.csv
1522,1,1,0,3f.csv
1522,0,0,0,3g.csv
1523,4,3,1,1a.csv
1523,3,2,1,1b.csv
1523,5,4,1,1c.csv
1523,0,0,0,1e.csv
1523,1,1,0,1f.csv
1523,1,1,0,1g.csv
1523,0,0,0,1h.csv
1523,0,0,0,1i.csv
1523,3,3,0,1j.csv
1523,0,0,0,1k.csv
1523,0,0,0,1l.csv
1523,2,1,1,1m.csv
1523,2,2,0,2a.csv
1523,2,2,0,2b.csv
1523,0,0,0,2c.csv
1523,1,0,1,2d.csv
1523,0,0,0,2e.csv
1523,2,2,0,2f.csv
1523,1,0,1,2g.csv
1523,0,0,0,2h.csv
1523,0,0,0,2i.csv
1523,2,1,1,2j.csv
1523,4,3,1,2k.csv
1523,0,0,0,2l.csv
1523,82,61,21,3a.csv
1523,7,5,2,3b.csv
1523,4,3,1,3c.csv
1523,4,3,1,3d.csv
1523,12,11,1,3e.csv
1523,0,0,0,3f.csv
1523,0,0,0,3g.csv
1524,4,3,1,1a.csv
1524,3,2,1,1b.csv
1524,5,4,1,1c.csv
1524,0,0,0,1e.csv
1524,1,1,0,1f.csv
1524,0,0,0,1g.csv
1524,0,0,0,1h.csv
1524,0,0,0,1i.csv
1524,4,4,0,1j.csv
1524,0,0,0,1k.csv
1524,0,0,0,1l.csv
1524,1,0,1,1m.csv
1524,2,2,0,2a.csv
1524,2,2,0,2b.csv
1524,1,0,1,2c.csv
1524,0,0,0,2d.csv
1524,0,0,0,2e.csv
1524,2,2,0,2f.csv
1524,1,0,1,2g.csv
1524,0,0,0,2h.csv
1524,0,0,0,2i.csv
1524,2,1,1,2j.csv
1524,4,3,1,2k.csv
1524,0,0,0,2l.csv
1524,86,65,21,3a.csv
1524,9,7,2,3b.csv
1524,4,3,1,3c.csv
1524,4,3,1,3d.csv
1524,11,11,0,3e.csv
1524,0,0,0,3f.csv
1524,0,0,0,3g.csv
1525,4,3,1,1a.csv
1525,6,5,1,1b.csv
1525,3,3,0,1c.csv
1525,0,0,0,1e.csv
1525,1,1,0,1f.csv
1525,0,0,0,1g.csv
1525,0,0,0,1h.csv
1525,0,0,0,1i.csv
1525,4,4,0,1j.csv
1525,0,0,0,1k.csv
1525,0,0,0,1l.csv
1525,2,1,1,1m.csv
1525,2,2,0,2a.csv
1525,3,3,0,2b.csv
1525,1,0,1,2c.csv
1525,0,0,0,2d.csv
1525,0,0,0,2e.csv
1525,2,2,0,2f.csv
1525,1,0,1,2g.csv
1525,0,0,0,2h.csv
1525,0,0,0,2i.csv
1525,2,1,1,2j.csv
1525,4,3,1,2k.csv
1525,0,0,0,2l.csv
1525,88,66,22,3a.csv
1525,9,7,2,3b.csv
1525,4,3,1,3c.csv
1525,4,3,1,3d.csv
1525,11,11,0,3e.csv
1525,0,0,0,3f.csv
1525,0,0,0,3g.csv
1526,2,2,0,1a.csv
1526,6,5,1,1b.csv
1526,4,3,1,1c.csv
1526,0,0,0,1e.csv
1526,2,2,0,1f.csv
1526,0,0,0,1g.csv
1526,0,0,0,1h.csv
1526,0,0,0,1i.csv
1526,4,4,0,1j.csv
1526,0,0,0,1k.csv
1526,0,0,0,1l.csv
1526,2,1,1,1m.csv
1526,1,1,0,2a.csv
1526,4,3,1,2b.csv
1526,1,0,1,2c.csv
1526,0,0,0,2d.csv
1526,0,0,0,2e.csv
1526,2,2,0,2f.csv
1526,0,0,0,2g.csv
1526,0,0,0,2h.csv
1526,0,0,0,2i.csv
1526,2,1,1,2j.csv
1526,4,3,1,2k.csv
1526,0,0,0,2l.csv
1526,87,64,23,3a.csv
1526,6,5,1,3b.csv
1526,2,1,1,3c.csv
1526,2,1,1,3d.csv
1526,11,11,0,3e.csv
1526,1,1,0,3f.csv
1526,0,0,0,3g.csv
1527,2,2,0,1a.csv
1527,6,5,1,1b.csv
1527,4,3,1,1c.csv
1527,0,0,0,1e.csv
1527,2,2,0,1f.csv
1527,0,0,0,1g.csv
1527,0,0,0,1h.csv
1527,0,0,0,1i.csv
1527,2,2,0,1j.csv
1527,0,0,0,1k.csv
1527,0,0,0,1l.csv
1527,3,2,1,1m.csv
1527,1,1,0,2a.csv
1527,4,3,1,2b.csv
1527,2,0,2,2c.csv
1527,0,0,0,2d.csv
1527,0,0,0,2e.csv
1527,1,1,0,2f.csv
1527,0,0,0,2g.csv
1527,0,0,0,2h.csv
1527,0,0,0,2i.csv
1527,0,0,0,2j.csv
1527,3,3,0,2k.csv
1527,0,0,0,2l.csv
1527,91,70,21,3a.csv
1527,7,6,1,3b.csv
1527,2,1,1,3c.csv
1527,2,1,1,3d.csv
1527,14,13,1,3e.csv
1527,2,2,0,3f.csv
1527,0,0,0,3g.csv
1528,2,2,0,1a.csv
1528,7,6,1,1b.csv
1528,4,3,1,1c.csv
1528,0,0,0,1e.csv
1528,2,2,0,1f.csv
1528,0,0,0,1g.csv
1528,0,0,0,1h.csv
1528,0,0,0,1i.csv
1528,3,3,0,1j.csv
1528,0,0,0,1k.csv
1528,0,0,0,1l.csv
1528,3,2,1,1m.csv
1528,1,1,0,2a.csv
1528,5,4,1,2b.csv
1528,2,0,2,2c.csv
1528,0,0,0,2d.csv
1528,0,0,0,2e.csv
1528,0,0,0,2f.csv
1528,0,0,0,2g.csv
1528,0,0,0,2h.csv
1528,0,0,0,2i.csv
1528,0,0,0,2j.csv
1528,5,4,1,2k.csv
1528,0,0,0,2l.csv
1528,79,61,18,3a.csv
1528,7,7,0,3b.csv
1528,1,0,1,3c.csv
1528,1,0,1,3d.csv
1528,15,14,1,3e.csv
1528,3,2,1,3f.csv
1528,0,0,0,3g.csv
1529,2,2,0,1a.csv
1529,7,6,1,1b.csv
1529,3,2,1,1c.csv
1529,0,0,0,1e.csv
1529,2,2,0,1f.csv
1529,0,0,0,1g.csv
1529,1,1,0,1h.csv
1529,0,0,0,1i.csv
1529,2,2,0,1j.csv
1529,0,0,0,1k.csv
1529,0,0,0,1l.csv
1529,3,2,1,1m.csv
1529,1,1,0,2a.csv
1529,6,4,2,2b.csv
1529,2,0,2,2c.csv
1529,0,0,0,2d.csv
1529,0,0,0,2e.csv
1529,0,0,0,2f.csv
1529,0,0,0,2g.csv
1529,0,0,0,2h.csv
1529,0,0,0,2i.csv
1529,1,1,0,2j.csv
1529,5,4,1,2k.csv
1529,0,0,0,2l.csv
1529,81,63,18,3a.csv
1529,6,6,0,3b.csv
1529,3,2,1,3c.csv
1529,3,2,1,3d.csv
1529,13,12,1,3e.csv
1529,3,2,1,3f.csv
1529,0,0,0,3g.csv
1530,2,2,0,1a.csv
1530,7,6,1,1b.csv
1530,3,2,1,1c.csv
1530,0,0,0,1e.csv
1530,2,2,0,1f.csv
1530,1,1,0,1g.csv
1530,2,1,1,1h.csv
1530,0,0,0,1i.csv
1530,2,2,0,1j.csv
1530,0,0,0,1k.csv
1530,0,0,0,1l.csv
1530,2,2,0,1m.csv
1530,1,1,0,2a.csv
1530,5,3,2,2b.csv
1530,2,0,2,2c.csv
1530,0,0,0,2d.csv
1530,0,0,0,2e.csv
1530,1,0,1,2f.csv
1530,0,0,0,2g.csv
1530,0,0,0,2h.csv
1530,0,0,0,2i.csv
1530,1,1,0,2j.csv
1530,5,4,1,2k.csv
1530,0,0,0,2l.csv
1530,79,61,18,3a.csv
1530,9,8,1,3b.csv
1530,2,2,0,3c.csv
1530,2,2,0,3d.csv
1530,13,10,3,3e.csv
1530,5,4,1,3f.csv
1530,0,0,0,3g.csv
1531,2,2,0,1a.csv
1531,6,5,1,1b.csv
1531,3,2,1,1c.csv
1531,0,0,0,1e.csv
1531,2,2,0,1f.csv
1531,1,1,0,1g.csv
1531,2,1,1,1h.csv
1531,1,0,1,1i.csv
1531,2,2,0,1j.csv
1531,0,0,0,1k.csv
1531,1,1,0,1l.csv
1531,2,2,0,1m.csv
1531,1,1,0,2a.csv
1531,5,3,2,2b.csv
1531,2,0,2,2c.csv
1531,0,0,0,2d.csv
1531,0,0,0,2e.csv
1531,1,0,1,2f.csv
1531,0,0,0,2g.csv
1531,0,0,0,2h.csv
1531,0,0,0,2i.csv
1531,1,1,0,2j.csv
1531,4,3,1,2k.csv
1531,0,0,0,2l.csv
1531,78,64,14,3a.csv
1531,10,9,1,3b.csv
1531,2,2,0,3c.csv
1531,2,2,0,3d.csv
1531,10,7,3,3e.csv
1531,6,5,1,3f.csv
1531,0,0,0,3g.csv
1532,1,1,0,1a.csv
1532,6,5,1,1b.csv
1532,4,3,1,1c.csv
1532,0,0,0,1e.csv
1532,3,3,0,1f.csv
1532,1,1,0,1g.csv
1532,2,1,1,1h.csv
1532,1,0,1,1i.csv
1532,1,1,0,1j.csv
1532,0,0,0,1k.csv
1532,1,1,0,1l.csv
1532,3,3,0,1m.csv
1532,1,1,0,2a.csv
1532,6,4,2,2b.csv
1532,1,0,1,2c.csv
1532,0,0,0,2d.csv
1532,0,0,0,2e.csv
1532,1,0,1,2f.csv
1532,0,0,0,2g.csv
1532,0,0,0,2h.csv
1532,0,0,0,2i.csv
1532,1,1,0,2j.csv
1532,4,3,1,2k.csv
1532,0,0,0,2l.csv
1532,71,61,10,3a.csv
1532,8,7,1,3b.csv
1532,2,2,0,3c.csv
1532,2,2,0,3d.csv
1532,12,9,3,3e.csv
1532,7,6,1,3f.csv
1532,0,0,0,3g.csv
1533,4,3,1,1a.csv
1533,4,2,2,1b.csv
1533,4,3,1,1c.csv
1533,0,0,0,1e.csv
1533,3,3,0,1f.csv
1533,1,1,0,1g.csv
1533,2,1,1,1h.csv
1533,1,0,1,1i.csv
1533,1,1,0,1j.csv
1533,0,0,0,1k.csv
1533,1,1,0,1l.csv
1533,2,2,0,1m.csv
1533,1,1,0,2a.csv
1533,5,3,2,2b.csv
1533,2,1,1,2c.csv
1533,0,0,0,2d.csv
1533,0,0,0,2e.csv
1533,1,0,1,2f.csv
1533,0,0,0,2g.csv
1533,0,0,0,2h.csv
1533,0,0,0,2i.csv
1533,1,1,0,2j.csv
1533,4,3,1,2k.csv
1533,0,0,0,2l.csv
1533,69,58,11,3a.csv
1533,9,8,1,3b.csv
1533,2,2,0,3c.csv
1533,2,2,0,3d.csv
1533,13,10,3,3e.csv
1533,7,6,1,3f.csv
1533,0,0,0,3g.csv
1534,6,4,2,1a.csv
1534,4,3,1,1b.csv
1534,3,3,0,1c.csv
1534,0,0,0,1e.csv
1534,3,2,1,1f.csv
1534,1,1,0,1g.csv
1534,2,1,1,1h.csv
1534,1,0,1,1i.csv
1534,1,1,0,1j.csv
1534,1,1,0,1k.csv
1534,1,1,0,1l.csv
1534,2,2,0,1m.csv
1534,2,1,1,2a.csv
1534,4,3,1,2b.csv
1534,2,1,1,2c.csv
1534,0,0,0,2d.csv
1534,0,0,0,2e.csv
1534,2,1,1,2f.csv
1534,0,0,0,2g.csv
1534,0,0,0,2h.csv
1534,0,0,0,2i.csv
1534,1,1,0,2j.csv
1534,4,3,1,2k.csv
1534,0,0,0,2l.csv
1534,59,50,9,3a.csv
1534,11,10,1,3b.csv
1534,3,3,0,3c.csv
1534,3,3,0,3d.csv
1534,11,8,3,3e.csv
1534,7,6,1,3f.csv
1534,0,0,0,3g.csv
1535,8,4,4,1a.csv
1535,4,3,1,1b.csv
1535,3,3,0,1c.csv
1535,0,0,0,1e.csv
1535,3,2,1,1f.csv
1535,1,1,0,1g.csv
1535,2,1,1,1h.csv
1535,1,0,1,1i.csv
1535,1,1,0,1j.csv
1535,2,2,0,1k.csv
1535,1,1,0,1l.csv
1535,1,1,0,1m.csv
1535,2,1,1,2a.csv
1535,4,3,1,2b.csv
1535,1,1,0,2c.csv
1535,0,0,0,2d.csv
1535,0,0,0,2e.csv
1535,2,1,1,2f.csv
1535,0,0,0,2g.csv
1535,0,0,0,2h.csv
1535,0,0,0,2i.csv
1535,1,1,0,2j.csv
1535,3,2,1,2k.csv
1535,0,0,0,2l.csv
1535,52,43,9,3a.csv
1535,12,11,1,3b.csv
1535,3,3,0,3c.csv
1535,3,3,0,3d.csv
1535,11,9,2,3e.csv
1535,7,6,1,3f.csv
1535,0,0,0,3g.csv
1536,10,5,5,1a.csv
1536,3,2,1,1b.csv
1536,2,2,0,1c.csv
1536,0,0,0,1e.csv
1536,3,2,1,1f.csv
1536,2,2,0,1g.csv
1536,2,1,1,1h.csv
1536,1,0,1,1i.csv
1536,0,0,0,1j.csv
1536,2,2,0,1k.csv
1536,1,1,0,1l.csv
1536,1,1,0,1m.csv
1536,2,1,1,2a.csv
1536,3,2,1,2b.csv
1536,1,1,0,2c.csv
1536,0,0,0,2d.csv
1536,0,0,0,2e.csv
1536,2,1,1,2f.csv
1536,0,0,0,2g.csv
1536,0,0,0,2h.csv
1536,0,0,0,2i.csv
1536,1,1,0,2j.csv
1536,2,2,0,2k.csv
1536,0,0,0,2l.csv
1536,50,44,6,3a.csv
1536,11,10,1,3b.csv
1536,3,3,0,3c.csv
1536,3,3,0,3d.csv
1536,11,9,2,3e.csv
1536,8,8,0,3f.csv
1536,0,0,0,3g.csv
1537,13,5,8,1a.csv
1537,5,4,1,1b.csv
1537,2,2,0,1c.csv
1537,0,0,0,1e.csv
1537,3,2,1,1f.csv
1537,2,2,0,1g.csv
1537,1,0,1,1h.csv
1537,1,0,1,1i.csv
1537,0,0,0,1j.csv
1537,2,2,0,1k.csv
1537,1,1,0,1l.csv
1537,1,1,0,1m.csv
1537,2,1,1,2a.csv
1537,2,2,0,2b.csv
1537,2,1,1,2c.csv
1537,0,0,0,2d.csv
1537,0,0,0,2e.csv
1537,2,1,1,2f.csv
1537,0,0,0,2g.csv
1537,0,0,0,2h.csv
1537,0,0,0,2i.csv
1537,0,0,0,2j.csv
1537,1,1,0,2k.csv
1537,0,0,0,2l.csv
1537,46,42,4,3a.csv
1537,13,12,1,3b.csv
1537,1,1,0,3c.csv
1537,1,1,0,3d.csv
1537,12,10,2,3e.csv
1537,9,9,0,3f.csv
1537,0,0,0,3g.csv
1538,16,8,8,1a.csv
1538,5,4,1,1b.csv
1538,2,2,0,1c.csv
1538,0,0,0,1e.csv
1538,2,1,1,1f.csv
1538,1,1,0,1g.csv
1538,0,0,0,1h.csv
1538,1,0,1,1i.csv
1538,0,0,0,1j.csv
1538,2,2,0,1k.csv
1538,1,1,0,1l.csv
1538,1,1,0,1m.csv
1538,2,1,1,2a.csv
1538,3,3,0,2b.csv
1538,2,1,1,2c.csv
1538,0,0,0,2d.csv
1538,0,0,0,2e.csv
1538,1,1,0,2f.csv
1538,0,0,0,2g.csv
1538,0,0,0,2h.csv
1538,0,0,0,2i.csv
1538,0,0,0,2j.csv
1538,1,1,0,2k.csv
1538,0,0,0,2l.csv
1538,42,38,4,3a.csv
1538,11,11,0,3b.csv
1538,1,1,0,3c.csv
1538,1,1,0,3d.csv
1538,11,11,0,3e.csv
1538,9,9,0,3f.csv
1538,0,0,0,3g.csv
1539,19,9,10,1a.csv
1539,6,5,1,1b.csv
1539,5,3,2,1c.csv
1539,0,0,0,1e.csv
1539,2,1,1,1f.csv
1539,1,1,0,1g.csv
1539,0,0,0,1h.csv
1539,0,0,0,1i.csv
1539,0,0,0,1j.csv
1539,2,2,0,1k.csv
1539,0,0,0,1l.csv
1539,1,1,0,1m.csv
1539,2,1,1,2a.csv
1539,2,2,0,2b.csv
1539,2,1,1,2c.csv
1539,0,0,0,2d.csv
1539,0,0,0,2e.csv
1539,1,1,0,2f.csv
1539,0,0,0,2g.csv
1539,0,0,0,2h.csv
1539,0,0,0,2i.csv
1539,1,0,1,2j.csv
1539,1,1,0,2k.csv
1539,0,0,0,2l.csv
1539,38,35,3,3a.csv
1539,13,12,1,3b.csv
1539,1,1,0,3c.csv
1539,1,1,0,3d.csv
1539,11,11,0,3e.csv
1539,8,8,0,3f.csv
1539,0,0,0,3g.csv
1540,22,11,11,1a.csv
1540,6,5,1,1b.csv
1540,4,2,2,1c.csv
1540,0,0,0,1e.csv
1540,1,0,1,1f.csv
1540,2,2,0,1g.csv
1540,0,0,0,1h.csv
1540,0,0,0,1i.csv
1540,0,0,0,1j.csv
1540,2,2,0,1k.csv
1540,1,1,0,1l.csv
1540,0,0,0,1m.csv
1540,2,1,1,2a.csv
1540,2,1,1,2b.csv
1540,2,1,1,2c.csv
1540,0,0,0,2d.csv
1540,0,0,0,2e.csv
1540,1,1,0,2f.csv
1540,0,0,0,2g.csv
1540,0,0,0,2h.csv
1540,0,0,0,2i.csv
1540,1,0,1,2j.csv
1540,1,1,0,2k.csv
1540,0,0,0,2l.csv
1540,36,32,4,3a.csv
1540,12,11,1,3b.csv
1540,1,1,0,3c.csv
1540,1,1,0,3d.csv
1540,10,10,0,3e.csv
1540,8,8,0,3f.csv
1540,1,1,0,3g.csv
1541,24,10,14,1a.csv
1541,6,6,0,1b.csv
1541,4,2,2,1c.csv
1541,0,0,0,1e.csv
1541,2,1,1,1f.csv
1541,2,2,0,1g.csv
1541,0,0,0,1h.csv
1541,0,0,0,1i.csv
1541,0,0,0,1j.csv
1541,2,2,0,1k.csv
1541,1,1,0,1l.csv
1541,0,0,0,1m.csv
1541,2,1,1,2a.csv
1541,2,1,1,2b.csv
1541,1,0,1,2c.csv
1541,0,0,0,2d.csv
1541,0,0,0,2e.csv
1541,1,1,0,2f.csv
1541,0,0,0,2g.csv
1541,0,0,0,2h.csv
1541,0,0,0,2i.csv
1541,1,0,1,2j.csv
1541,1,1,0,2k.csv
1541,0,0,0,2l.csv
1541,36,34,2,3a.csv
1541,14,13,1,3b.csv
1541,1,1,0,3c.csv
1541,1,1,0,3d.csv
1541,8,8,0,3e.csv
1541,8,8,0,3f.csv
1541,1,1,0,3g.csv
1542,26,12,14,1a.csv
1542,5,5,0,1b.csv
1542,5,2,3,1c.csv
1542,0,0,0,1e.csv
1542,2,1,1,1f.csv
1542,2,2,0,1g.csv
1542,0,0,0,1h.csv
1542,0,0,0,1i.csv
1542,0,0,0,1j.csv
1542,1,1,0,1k.csv
1542,1,1,0,1l.csv
1542,0,0,0,1m.csv
1542,2,2,0,2a.csv
1542,2,1,1,2b.csv
1542,2,1,1,2c.csv
1542,0,0,0,2d.csv
1542,0,0,0,2e.csv
1542,0,0,0,2f.csv
1542,0,0,0,2g.csv
1542,0,0,0,2h.csv
1542,0,0,0,2i.csv
1542,2,1,1,2j.csv
1542,1,1,0,2k.csv
1542,0,0,0,2l.csv
1542,38,36,2,3a.csv
1542,12,11,1,3b.csv
1542,0,0,0,3c.csv
1542,0,0,0,3d.csv
1542,9,9,0,3e.csv
1542,8,8,0,3f.csv
1542,1,1,0,3g.csv
1543,25,13,12,1a.csv
1543,6,6,0,1b.csv
1543,5,2,3,1c.csv
1543,0,0,0,1e.csv
1543,2,1,1,1f.csv
1543,3,3,0,1g.csv
1543,0,0,0,1h.csv
1543,0,0,0,1i.csv
1543,0,0,0,1j.csv
1543,1,1,0,1k.csv
1543,1,1,0,1l.csv
1543,1,1,0,1m.csv
1543,2,2,0,2a.csv
1543,2,1,1,2b.csv
1543,2,1,1,2c.csv
1543,0,0,0,2d.csv
1543,0,0,0,2e.csv
1543,0,0,0,2f.csv
1543,0,0,0,2g.csv
1543,0,0,0,2h.csv
1543,0,0,0,2i.csv
1543,2,1,1,2j.csv
1543,2,1,1,2k.csv
1543,0,0,0,2l.csv
1543,31,30,1,3a.csv
1543,10,8,2,3b.csv
1543,0,0,0,3c.csv
1543,0,0,0,3d.csv
1543,7,7,0,3e.csv
1543,7,7,0,3f.csv
1543,1,1,0,3g.csv
1544,29,16,13,1a.csv
1544,8,6,2,1b.csv
1544,5,2,3,1c.csv
1544,0,0,0,1e.csv
1544,2,1,1,1f.csv
1544,2,2,0,1g.csv
1544,0,0,0,1h.csv
1544,1,0,1,1i.csv
1544,0,0,0,1j.csv
1544,1,1,0,1k.csv
1544,1,1,0,1l.csv
1544,1,1,0,1m.csv
1544,2,2,0,2a.csv
1544,2,1,1,2b.csv
1544,2,1,1,2c.csv
1544,0,0,0,2d.csv
1544,0,0,0,2e.csv
1544,0,0,0,2f.csv
1544,0,0,0,2g.csv
1544,0,0,0,2h.csv
1544,0,0,0,2i.csv
1544,2,1,1,2j.csv
1544,2,1,1,2k.csv
1544,0,0,0,2l.csv
1544,34,29,5,3a.csv
1544,11,9,2,3b.csv
1544,1,0,1,3c.csv
1544,1,0,1,3d.csv
1544,7,7,0,3e.csv
1544,5,5,0,3f.csv
1544,2,2,0,3g.csv
1545,30,17,13,1a.csv
1545,6,4,2,1b.csv
1545,5,2,3,1c.csv
1545,0,0,0,1e.csv
1545,3,2,1,1f.csv
1545,2,2,0,1g.csv
1545,0,0,0,1h.csv
1545,1,0,1,1i.csv
1545,0,0,0,1j.csv
1545,1,1,0,1k.csv
1545,1,1,0,1l.csv
1545,2,2,0,1m.csv
1545,2,2,0,2a.csv
1545,2,1,1,2b.csv
1545,1,1,0,2c.csv
1545,0,0,0,2d.csv
1545,0,0,0,2e.csv
1545,0,0,0,2f.csv
1545,0,0,0,2g.csv
1545,0,0,0,2h.csv
1545,0,0,0,2i.csv
1545,2,1,1,2j.csv
1545,2,1,1,2k.csv
1545,0,0,0,2l.csv
1545,34,27,7,3a.csv
1545,12,9,3,3b.csv
1545,3,2,1,3c.csv
1545,3,2,1,3d.csv
1545,5,5,0,3e.csv
1545,4,4,0,3f.csv
1545,2,2,0,3g.csv
1546,27,14,13,1a.csv
1546,6,4,2,1b.csv
1546,5,2,3,1c.csv
1546,0,0,0,1e.csv
1546,3,2,1,1f.csv
1546,4,4,0,1g.csv
1546,0,0,0,1h.csv
1546,1,0,1,1i.csv
1546,2,2,0,1j.csv
1546,1,1,0,1k.csv
1546,1,1,0,1l.csv
1546,2,2,0,1m.csv
1546,2,2,0,2a.csv
1546,1,0,1,2b.csv
1546,2,2,0,2c.csv
1546,0,0,0,2d.csv
1546,0,0,0,2e.csv
1546,0,0,0,2f.csv
1546,0,0,0,2g.csv
1546,0,0,0,2h.csv
1546,0,0,0,2i.csv
1546,2,1,1,2j.csv
1546,2,1,1,2k.csv
1546,0,0,0,2l.csv
1546,41,32,9,3a.csv
1546,13,10,3,3b.csv
1546,4,3,1,3c.csv
1546,4,3,1,3d.csv
1546,4,4,0,3e.csv
1546,2,2,0,3f.csv
1546,3,3,0,3g.csv
1547,25,13,12,1a.csv
1547,5,3,2,1b.csv
1547,1,0,1,1c.csv
1547,0,0,0,1e.csv
1547,3,2,1,1f.csv
1547,4,4,0,1g.csv
1547,0,0,0,1h.csv
1547,1,0,1,1i.csv
1547,2,2,0,1j.csv
1547,1,1,0,1k.csv
1547,1,1,0,1l.csv
1547,2,2,0,1m.csv
1547,2,2,0,2a.csv
1547,1,0,1,2b.csv
1547,3,3,0,2c.csv
1547,0,0,0,2d.csv
1547,0,0,0,2e.csv
1547,0,0,0,2f.csv
1547,0,0,0,2g.csv
1547,0,0,0,2h.csv
1547,0,0,0,2i.csv
1547,1,1,0,2j.csv
1547,2,1,1,2k.csv
1547,0,0,0,2l.csv
1547,37,28,9,3a.csv
1547,12,9,3,3b.csv
1547,6,4,2,3c.csv
1547,6,4,2,3d.csv
1547,4,4,0,3e.csv
1547,2,2,0,3f.csv
1547,4,4,0,3g.csv
1548,24,12,12,1a.csv
1548,5,3,2,1b.csv
1548,1,0,1,1c.csv
1548,0,0,0,1e.csv
1548,4,2,2,1f.csv
1548,3,3,0,1g.csv
1548,0,0,0,1h.csv
1548,1,0,1,1i.csv
1548,2,2,0,1j.csv
1548,1,1,0,1k.csv
1548,0,0,0,1l.csv
1548,2,2,0,1m.csv
1548,3,3,0,2a.csv
1548,0,0,0,2b.csv
1548,3,3,0,2c.csv
1548,0,0,0,2d.csv
1548,0,0,0,2e.csv
1548,0,0,0,2f.csv
1548,0,0,0,2g.csv
1548,0,0,0,2h.csv
1548,0,0,0,2i.csv
1548,1,1,0,2j.csv
1548,3,1,2,2k.csv
1548,0,0,0,2l.csv
1548,44,36,8,3a.csv
1548,14,10,4,3b.csv
1548,7,5,2,3c.csv
1548,7,5,2,3d.csv
1548,3,3,0,3e.csv
1548,1,1,0,3f.csv
1548,3,3,0,3g.csv
1549,23,14,9,1a.csv
1549,6,4,2,1b.csv
1549,1,0,1,1c.csv
1549,0,0,0,1e.csv
1549,4,2,2,1f.csv
1549,3,3,0,1g.csv
1549,0,0,0,1h.csv
1549,2,1,1,1i.csv
1549,2,2,0,1j.csv
1549,1,1,0,1k.csv
1549,0,0,0,1l.csv
1549,4,4,0,1m.csv
1549,4,4,0,2a.csv
1549,0,0,0,2b.csv
1549,2,2,0,2c.csv
1549,0,0,0,2d.csv
1549,0,0,0,2e.csv
1549,0,0,0,2f.csv
1549,0,0,0,2g.csv
1549,0,0,0,2h.csv
1549,0,0,0,2i.csv
1549,1,1,0,2j.csv
1549,3,1,2,2k.csv
1549,0,0,0,2l.csv
1549,49,40,9,3a.csv
1549,11,7,4,3b.csv
1549,7,5,2,3c.csv
1549,7,5,2,3d.csv
1549,3,3,0,3e.csv
1549,1,1,0,3f.csv
1549,4,4,0,3g.csv
1550,23,14,9,1a.csv
1550,7,4,3,1b.csv
1550,0,0,0,1c.csv
1550,0,0,0,1e.csv
1550,3,2,1,1f.csv
1550,5,5,0,1g.csv
1550,1,0,1,1h.csv
1550,2,1,1,1i.csv
1550,2,2,0,1j.csv
1550,1,1,0,1k.csv
1550,0,0,0,1l.csv
1550,5,5,0,1m.csv
1550,3,3,0,2a.csv
1550,0,0,0,2b.csv
1550,2,2,0,2c.csv
1550,0,0,0,2d.csv
1550,1,1,0,2e.csv
1550,0,0,0,2f.csv
1550,0,0,0,2g.csv
1550,0,0,0,2h.csv
1550,0,0,0,2i.csv
1550,0,0,0,2j.csv
1550,5,2,3,2k.csv
1550,1,1,0,2l.csv
1550,49,40,9,3a.csv
1550,13,9,4,3b.csv
1550,7,5,2,3c.csv
1550,7,5,2,3d.csv
1550,2,2,0,3e.csv
1550,0,0,0,3f.csv
1550,5,5,0,3g.csv
1551,24,14,10,1a.csv
1551,6,3,3,1b.csv
1551,0,0,0,1c.csv
1551,0,0,0,1e.csv
1551,3,2,1,1f.csv
1551,4,4,0,1g.csv
1551,1,0,1,1h.csv
1551,2,1,1,1i.csv
1551,3,3,0,1j.csv
1551,0,0,0,1k.csv
1551,0,0,0,1l.csv
1551,4,4,0,1m.csv
1551,5,5,0,2a.csv
1551,0,0,0,2b.csv
1551,2,2,0,2c.csv
1551,0,0,0,2d.csv
1551,1,1,0,2e.csv
1551,0,0,0,2f.csv
1551,0,0,0,2g.csv
1551,0,0,0,2h.csv
1551,0,0,0,2i.csv
1551,0,0,0,2j.csv
1551,4,2,2,2k.csv
1551,1,1,0,2l.csv
1551,58,46,12,3a.csv
1551,13,10,3,3b.csv
1551,9,7,2,3c.csv
1551,9,7,2,3d.csv
1551,2,2,0,3e.csv
1551,0,0,0,3f.csv
1551,5,5,0,3g.csv
1552,20,11,9,1a.csv
1552,4,3,1,1b.csv
1552,0,0,0,1c.csv
1552,0,0,0,1e.csv
1552,3,2,1,1f.csv
1552,5,5,0,1g.csv
1552,1,0,1,1h.csv
1552,1,1,0,1i.csv
1552,3,3,0,1j.csv
1552,0,0,0,1k.csv
1552,0,0,0,1l.csv
1552,4,4,0,1m.csv
1552,5,5,0,2a.csv
1552,0,0,0,2b.csv
1552,3,2,1,2c.csv
1552,0,0,0,2d.csv
1552,1,1,0,2e.csv
1552,0,0,0,2f.csv
1552,0,0,0,2g.csv
1552,0,0,0,2h.csv
1552,0,0,0,2i.csv
1552,0,0,0,2j.csv
1552,3,1,2,2k.csv
1552,1,1,0,2l.csv
1552,54,46,8,3a.csv
1552,16,13,3,3b.csv
1552,9,8,1,3c.csv
1552,9,8,1,3d.csv
1552,1,1,0,3e.csv
1552,0,0,0,3f.csv
1552,5,5,0,3g.csv
1553,16,10,6,1a.csv
1553,4,3,1,1b.csv
1553,0,0,0,1c.csv
1553,0,0,0,1e.csv
1553,2,1,1,1f.csv
1553,5,5,0,1g.csv
1553,1,0,1,1h.csv
1553,1,1,0,1i.csv
1553,3,3,0,1j.csv
1553,0,0,0,1k.csv
1553,0,0,0,1l.csv
1553,3,3,0,1m.csv
1553,5,5,0,2a.csv
1553,1,1,0,2b.csv
1553,4,3,1,2c.csv
1553,1,1,0,2d.csv
1553,1,1,0,2e.csv
1553,0,0,0,2f.csv
1553,0,0,0,2g.csv
1553,0,0,0,2h.csv
1553,0,0,0,2i.csv
1553,0,0,0,2j.csv
1553,4,2,2,2k.csv
1553,1,1,0,2l.csv
1553,57,50,7,3a.csv
1553,13,11,2,3b.csv
1553,7,6,1,3c.csv
1553,7,6,1,3d.csv
1553,1,1,0,3e.csv
1553,0,0,0,3f.csv
1553,6,6,0,3g.csv
1554,16,10,6,1a.csv
1554,4,3,1,1b.csv
1554,0,0,0,1c.csv
1554,0,0,0,1e.csv
1554,2,1,1,1f.csv
1554,3,3,0,1g.csv
1554,1,0,1,1h.csv
1554,1,1,0,1i.csv
1554,1,1,0,1j.csv
1554,0,0,0,1k.csv
1554,0,0,0,1l.csv
1554,3,3,0,1m.csv
1554,5,5,0,2a.csv
1554,1,1,0,2b.csv
1554,3,2,1,2c.csv
1554,1,1,0,2d.csv
1554,1,1,0,2e.csv
1554,0,0,0,2f.csv
1554,0,0,0,2g.csv
1554,0,0,0,2h.csv
1554,0,0,0,2i.csv
1554,0,0,0,2j.csv
1554,4,2,2,2k.csv
1554,1,1,0,2l.csv
1554,51,46,5,3a.csv
1554,13,11,2,3b.csv
1554,6,5,1,3c.csv
1554,6,5,1,3d.csv
1554,3,3,0,3e.csv
1554,0,0,0,3f.csv
1554,5,5,0,3g.csv
1555,15,10,5,1a.csv
1555,4,3,1,1b.csv
1555,1,1,0,1c.csv
1555,0,0,0,1e.csv
1555,2,1,1,1f.csv
1555,3,3,0,1g.csv
1555,1,0,1,1h.csv
1555,1,1,0,1i.csv
1555,1,1,0,1j.csv
1555,0,0,0,1k.csv
1555,0,0,0,1l.csv
1555,3,3,0,1m.csv
1555,5,5,0,2a.csv
1555,1,1,0,2b.csv
1555,2,1,1,2c.csv
1555,1,1,0,2d.csv
1555,1,1,0,2e.csv
1555,0,0,0,2f.csv
1555,0,0,0,2g.csv
1555,0,0,0,2h.csv
1555,0,0,0,2i.csv
1555,0,0,0,2j.csv
1555,4,2,2,2k.csv
1555,1,1,0,2l.csv
1555,54,48,6,3a.csv
1555,13,12,1,3b.csv
1555,4,4,0,3c.csv
1555,4,4,0,3d.csv
1555,4,4,0,3e.csv
1555,0,0,0,3f.csv
1555,4,4,0,3g.csv
1556,17,12,5,1a.csv
1556,4,3,1,1b.csv
1556,3,2,1,1c.csv
1556,0,0,0,1e.csv
1556,1,1,0,1f.csv
1556,4,4,0,1g.csv
1556,1,0,1,1h.csv
1556,1,1,0,1i.csv
1556,1,1,0,1j.csv
1556,0,0,0,1k.csv
1556,0,0,0,1l.csv
1556,3,3,0,1m.csv
1556,4,4,0,2a.csv
1556,1,1,0,2b.csv
1556,2,1,1,2c.csv
1556,1,1,0,2d.csv
1556,1,1,0,2e.csv
1556,0,0,0,2f.csv
1556,0,0,0,2g.csv
1556,0,0,0,2h.csv
1556,0,0,0,2i.csv
1556,0,0,0,2j.csv
1556,3,2,1,2k.csv
1556,1,1,0,2l.csv
1556,49,42,7,3a.csv
1556,12,12,0,3b.csv
1556,3,3,0,3c.csv
1556,3,3,0,3d.csv
1556,6,6,0,3e.csv
1556,0,0,0,3f.csv
1556,4,4,0,3g.csv
1557,15,10,5,1a.csv
1557,2,1,1,1b.csv
1557,3,2,1,1c.csv
1557,0,0,0,1e.csv
1557,0,0,0,1f.csv
1557,4,4,0,1g.csv
1557,1,0,1,1h.csv
1557,0,0,0,1i.csv
1557,1,1,0,1j.csv
1557,0,0,0,1k.csv
1557,0,0,0,1l.csv
1557,1,1,0,1m.csv
1557,3,3,0,2a.csv
1557,1,1,0,2b.csv
1557,2,1,1,2c.csv
1557,1,1,0,2d.csv
1557,1,1,0,2e.csv
1557,0,0,0,2f.csv
1557,0,0,0,2g.csv
1557,0,0,0,2h.csv
1557,0,0,0,2i.csv
1557,0,0,0,2j.csv
1557,3,2,1,2k.csv
1557,1,1,0,2l.csv
1557,46,40,6,3a.csv
1557,16,15,1,3b.csv
1557,4,4,0,3c.csv
1557,4,4,0,3d.csv
1557,8,8,0,3e.csv
1557,0,0,0,3f.csv
1557,3,3,0,3g.csv
1558,13,8,5,1a.csv
1558,1,1,0,1b.csv
1558,3,2,1,1c.csv
1558,0,0,0,1e.csv
1558,0,0,0,1f.csv
1558,2,2,0,1g.csv
1558,0,0,0,1h.csv
1558,0,0,0,1i.csv
1558,1,1,0,1j.csv
1558,0,0,0,1k.csv
1558,0,0,0,1l.csv
1558,0,0,0,1m.csv
1558,3,3,0,2a.csv
1558,1,1,0,2b.csv
1558,2,1,1,2c.csv
1558,1,1,0,2d.csv
1558,0,0,0,2e.csv
1558,0,0,0,2f.csv
1558,0,0,0,2g.csv
1558,0,0,0,2h.csv
1558,0,0,0,2i.csv
1558,0,0,0,2j.csv
1558,1,1,0,2k.csv
1558,0,0,0,2l.csv
1558,47,40,7,3a.csv
1558,18,16,2,3b.csv
1558,4,4,0,3c.csv
1558,4,4,0,3d.csv
1558,8,8,0,3e.csv
1558,0,0,0,3f.csv
1558,3,3,0,3g.csv
1559,12,7,5,1a.csv
1559,2,2,0,1b.csv
1559,4,3,1,1c.csv
1559,0,0,0,1e.csv
1559,0,0,0,1f.csv
1559,2,2,0,1g.csv
1559,0,0,0,1h.csv
1559,0,0,0,1i.csv
1559,0,0,0,1j.csv
1559,0,0,0,1k.csv
1559,0,0,0,1l.csv
1559,0,0,0,1m.csv
1559,3,2,1,2a.csv
1559,1,1,0,2b.csv
1559,2,1,1,2c.csv
1559,1,1,0,2d.csv
1559,0,0,0,2e.csv
1559,0,0,0,2f.csv
1559,0,0,0,2g.csv
1559,0,0,0,2h.csv
1559,0,0,0,2i.csv
1559,0,0,0,2j.csv
1559,1,1,0,2k.csv
1559,0,0,0,2l.csv
1559,40,35,5,3a.csv
1559,18,16,2,3b.csv
1559,2,2,0,3c.csv
1559,2,2,0,3d.csv
1559,8,8,0,3e.csv
1559,0,0,0,3f.csv
1559,3,3,0,3g.csv
1560,12,8,4,1a.csv
1560,2,2,0,1b.csv
1560,4,3,1,1c.csv
1560,0,0,0,1e.csv
1560,0,0,0,1f.csv
1560,1,1,0,1g.csv
1560,1,1,0,1h.csv
1560,0,0,0,1i.csv
1560,0,0,0,1j.csv
1560,0,0,0,1k.csv
1560,0,0,0,1l.csv
1560,0,0,0,1m.csv
1560,3,2,1,2a.csv
1560,1,1,0,2b.csv
1560,1,1,0,2c.csv
1560,1,1,0,2d.csv
1560,1,1,0,2e.csv
1560,0,0,0,2f.csv
1560,0,0,0,2g.csv
1560,0,0,0,2h.csv
1560,0,0,0,2i.csv
1560,0,0,0,2j.csv
1560,1,1,0,2k.csv
1560,0,0,0,2l.csv
1560,38,33,5,3a.csv
1560,14,12,2,3b.csv
1560,1,1,0,3c.csv
1560,1,1,0,3d.csv
1560,8,8,0,3e.csv
1560,0,0,0,3f.csv
1560,2,2,0,3g.csv
1561,13,9,4,1a.csv
1561,2,2,0,1b.csv
1561,4,3,1,1c.csv
1561,0,0,0,1e.csv
1561,0,0,0,1f.csv
1561,1,1,0,1g.csv
1561,1,1,0,1h.csv
1561,0,0,0,1i.csv
1561,0,0,0,1j.csv
1561,0,0,0,1k.csv
1561,0,0,0,1l.csv
1561,0,0,0,1m.csv
1561,4,2,2,2a.csv
1561,0,0,0,2b.csv
1561,0,0,0,2c.csv
1561,0,0,0,2d.csv
1561,1,1,0,2e.csv
1561,0,0,0,2f.csv
1561,0,0,0,2g.csv
1561,0,0,0,2h.csv
1561,0,0,0,2i.csv
1561,0,0,0,2j.csv
1561,0,0,0,2k.csv
1561,0,0,0,2l.csv
1561,36,32,4,3a.csv
1561,18,16,2,3b.csv
1561,1,1,0,3c.csv
1561,1,1,0,3d.csv
1561,9,8,1,3e.csv
1561,0,0,0,3f.csv
1561,1,1,0,3g.csv
1562,15,11,4,1a.csv
1562,2,2,0,1b.csv
1562,5,4,1,1c.csv
1562,0,0,0,1e.csv
1562,0,0,0,1f.csv
1562,1,1,0,1g.csv
1562,1,1,0,1h.csv
1562,0,0,0,1i.csv
1562,0,0,0,1j.csv
1562,0,0,0,1k.csv
1562,0,0,0,1l.csv
1562,0,0,0,1m.csv
1562,4,2,2,2a.csv
1562,0,0,0,2b.csv
1562,1,0,1,2c.csv
1562,0,0,0,2d.csv
1562,1,1,0,2e.csv
1562,0,0,0,2f.csv
1562,0,0,0,2g.csv
1562,0,0,0,2h.csv
1562,0,0,0,2i.csv
1562,0,0,0,2j.csv
1562,1,1,0,2k.csv
1562,0,0,0,2l.csv
1562,36,32,4,3a.csv
1562,16,14,2,3b.csv
1562,1,1,0,3c.csv
1562,1,1,0,3d.csv
1562,9,8,1,3e.csv
1562,0,0,0,3f.csv
1562,1,1,0,3g.csv
1563,17,12,5,1a.csv
1563,2,2,0,1b.csv
1563,4,3,1,1c.csv
1563,0,0,0,1e.csv
1563,0,0,0,1f.csv
1563,2,1,1,1g.csv
1563,1,1,0,1h.csv
1563,0,0,0,1i.csv
1563,0,0,0,1j.csv
1563,0,0,0,1k.csv
1563,0,0,0,1l.csv
1563,1,1,0,1m.csv
1563,4,2,2,2a.csv
1563,0,0,0,2b.csv
1563,1,0,1,2c.csv
1563,0,0,0,2d.csv
1563,1,1,0,2e.csv
1563,0,0,0,2f.csv
1563,0,0,0,2g.csv
1563,0,0,0,2h.csv
1563,0,0,0,2i.csv
1563,0,0,0,2j.csv
1563,1,1,0,2k.csv
1563,0,0,0,2l.csv
1563,34,31,3,3a.csv
1563,16,14,2,3b.csv
1563,1,1,0,3c.csv
1563,1,1,0,3d.csv
1563,9,8,1,3e.csv
1563,0,0,0,3f.csv
1563,1,1,0,3g.csv
1564,13,9,4,1a.csv
1564,3,3,0,1b.csv
1564,2,2,0,1c.csv
1564,0,0,0,1e.csv
1564,0,0,0,1f.csv
1564,1,0,1,1g.csv
1564,1,1,0,1h.csv
1564,0,0,0,1i.csv
1564,0,0,0,1j.csv
1564,0,0,0,1k.csv
1564,0,0,0,1l.csv
1564,1,1,0,1m.csv
1564,5,3,2,2a.csv
1564,0,0,0,2b.csv
1564,1,0,1,2c.csv
1564,0,0,0,2d.csv
1564,1,1,0,2e.csv
1564,0,0,0,2f.csv
1564,0,0,0,2g.csv
1564,0,0,0,2h.csv
1564,0,0,0,2i.csv
1564,0,0,0,2j.csv
1564,2,2,0,2k.csv
1564,0,0,0,2l.csv
1564,31,28,3,3a.csv
1564,17,15,2,3b.csv
1564,4,3,1,3c.csv
1564,4,3,1,3d.csv
1564,7,6,1,3e.csv
1564,1,1,0,3f.csv
1564,3,3,0,3g.csv
1565,14,9,5,1a.csv
1565,3,3,0,1b.csv
1565,2,2,0,1c.csv
1565,0,0,0,1e.csv
1565,0,0,0,1f.csv
1565,1,0,1,1g.csv
1565,1,1,0,1h.csv
1565,0,0,0,1i.csv
1565,0,0,0,1j.csv
1565,0,0,0,1k.csv
1565,0,0,0,1l.csv
1565,1,1,0,1m.csv
1565,5,3,2,2a.csv
1565,0,0,0,2b.csv
1565,1,0,1,2c.csv
1565,1,1,0,2d.csv
1565,1,1,0,2e.csv
1565,0,0,0,2f.csv
1565,0,0,0,2g.csv
1565,0,0,0,2h.csv
1565,0,0,0,2i.csv
1565,1,1,0,2j.csv
1565,2,2,0,2k.csv
1565,0,0,0,2l.csv
1565,25,22,3,3a.csv
1565,18,16,2,3b.csv
1565,3,2,1,3c.csv
1565,3,2,1,3d.csv
1565,5,4,1,3e.csv
1565,1,1,0,3f.csv
1565,3,3,0,3g.csv
1566,13,8,5,1a.csv
1566,2,2,0,1b.csv
1566,2,2,0,1c.csv
1566,0,0,0,1e.csv
1566,0,0,0,1f.csv
1566,1,0,1,1g.csv
1566,1,1,0,1h.csv
1566,0,0,0,1i.csv
1566,0,0,0,1j.csv
1566,0,0,0,1k.csv
1566,1,1,0,1l.csv
1566,1,1,0,1m.csv
1566,5,3,2,2a.csv
1566,0,0,0,2b.csv
1566,1,0,1,2c.csv
1566,1,1,0,2d.csv
1566,1,1,0,2e.csv
1566,0,0,0,2f.csv
1566,0,0,0,2g.csv
1566,0,0,0,2h.csv
1566,0,0,0,2i.csv
1566,1,1,0,2j.csv
1566,3,2,1,2k.csv
1566,0,0,0,2l.csv
1566,20,18,2,3a.csv
1566,17,16,1,3b.csv
1566,3,2,1,3c.csv
1566,3,2,1,3d.csv
1566,7,6,1,3e.csv
1566,1,1,0,3f.csv
1566,2,2,0,3g.csv
1567,13,9,4,1a.csv
1567,1,1,0,1b.csv
1567,1,1,0,1c.csv
1567,0,0,0,1e.csv
1567,0,0,0,1f.csv
1567,1,0,1,1g.csv
1567,1,1,0,1h.csv
1567,0,0,0,1i.csv
1567,0,0,0,1j.csv
1567,0,0,0,1k.csv
1567,2,1,1,1l.csv
1567,1,1,0,1m.csv
1567,3,2,1,2a.csv
1567,0,0,0,2b.csv
1567,1,0,1,2c.csv
1567,1,1,0,2d.csv
1567,1,1,0,2e.csv
1567,0,0,0,2f.csv
1567,0,0,0,2g.csv
1567,0,0,0,2h.csv
1567,0,0,0,2i.csv
1567,1,1,0,2j.csv
1567,3,2,1,2k.csv
1567,0,0,0,2l.csv
1567,18,17,1,3a.csv
1567,17,16,1,3b.csv
1567,3,2,1,3c.csv
1567,3,2,1,3d.csv
1567,7,6,1,3e.csv
1567,3,3,0,3f.csv
1567,2,2,0,3g.csv
1568,13,8,5,1a.csv
1568,2,2,0,1b.csv
1568,1,1,0,1c.csv
1568,0,0,0,1e.csv
1568,0,0,0,1f.csv
1568,1,0,1,1g.csv
1568,0,0,0,1h.csv
1568,0,0,0,1i.csv
1568,0,0,0,1j.csv
1568,0,0,0,1k.csv
1568,2,1,1,1l.csv
1568,1,1,0,1m.csv
1568,2,1,1,2a.csv
1568,1,0,1,2b.csv
1568,1,0,1,2c.csv
1568,1,1,0,2d.csv
1568,0,0,0,2e.csv
1568,0,0,0,2f.csv
1568,0,0,0,2g.csv
1568,0,0,0,2h.csv
1568,0,0,0,2i.csv
1568,1,1,0,2j.csv
1568,3,2,1,2k.csv
1568,0,0,0,2l.csv
1568,16,15,1,3a.csv
1568,19,16,3,3b.csv
1568,4,2,2,3c.csv
1568,4,2,2,3d.csv
1568,9,8,1,3e.csv
1568,3,3,0,3f.csv
1568,2,2,0,3g.csv
1569,14,8,6,1a.csv
1569,2,2,0,1b.csv
1569,3,2,1,1c.csv
1569,0,0,0,1e.csv
1569,1,1,0,1f.csv
1569,1,0,1,1g.csv
1569,0,0,0,1h.csv
1569,0,0,0,1i.csv
1569,0,0,0,1j.csv
1569,0,0,0,1k.csv
1569,2,1,1,1l.csv
1569,2,1,1,1m.csv
1569,1,1,0,2a.csv
1569,1,0,1,2b.csv
1569,2,1,1,2c.csv
1569,1,1,0,2d.csv
1569,0,0,0,2e.csv
1569,0,0,0,2f.csv
1569,0,0,0,2g.csv
1569,0,0,0,2h.csv
1569,0,0,0,2i.csv
1569,1,1,0,2j.csv
1569,3,2,1,2k.csv
1569,0,0,0,2l.csv
1569,12,10,2,3a.csv
1569,17,14,3,3b.csv
1569,4,2,2,3c.csv
1569,4,2,2,3d.csv
1569,8,8,0,3e.csv
1569,3,3,0,3f.csv
1569,3,2,1,3g.csv
1570,15,7,8,1a.csv
1570,2,2,0,1b.csv
1570,2,1,1,1c.csv
1570,0,0,0,1e.csv
1570,1,1,0,1f.csv
1570,1,0,1,1g.csv
1570,0,0,0,1h.csv
1570,0,0,0,1i.csv
1570,0,0,0,1j.csv
1570,0,0,0,1k.csv
1570,2,1,1,1l.csv
1570,2,1,1,1m.csv
1570,1,1,0,2a.csv
1570,1,0,1,2b.csv
1570,1,1,0,2c.csv
1570,1,1,0,2d.csv
1570,0,0,0,2e.csv
1570,0,0,0,2f.csv
1570,0,0,0,2g.csv
1570,0,0,0,2h.csv
1570,0,0,0,2i.csv
1570,1,1,0,2j.csv
1570,2,1,1,2k.csv
1570,0,0,0,2l.csv
1570,11,9,2,3a.csv
1570,20,16,4,3b.csv
1570,4,2,2,3c.csv
1570,4,2,2,3d.csv
1570,6,6,0,3e.csv
1570,3,3,0,3f.csv
1570,3,2,1,3g.csv
1571,13,5,8,1a.csv
1571,2,2,0,1b.csv
1571,2,1,1,1c.csv
1571,0,0,0,1e.csv
1571,1,1,0,1f.csv
1571,1,0,1,1g.csv
1571,2,1,1,1h.csv
1571,0,0,0,1i.csv
1571,0,0,0,1j.csv
1571,0,0,0,1k.csv
1571,2,1,1,1l.csv
1571,2,1,1,1m.csv
1571,1,1,0,2a.csv
1571,1,0,1,2b.csv
1571,1,1,0,2c.csv
1571,1,1,0,2d.csv
1571,0,0,0,2e.csv
1571,0,0,0,2f.csv
1571,0,0,0,2g.csv
1571,0,0,0,2h.csv
1571,0,0,0,2i.csv
1571,1,1,0,2j.csv
1571,2,1,1,2k.csv
1571,0,0,0,2l.csv
1571,8,6,2,3a.csv
1571,20,16,4,3b.csv
1571,4,2,2,3c.csv
1571,4,2,2,3d.csv
1571,5,5,0,3e.csv
1571,3,3,0,3f.csv
1571,3,2,1,3g.csv
1572,14,6,8,1a.csv
1572,1,1,0,1b.csv
1572,2,1,1,1c.csv
1572,0,0,0,1e.csv
1572,2,2,0,1f.csv
1572,2,1,1,1g.csv
1572,2,1,1,1h.csv
1572,0,0,0,1i.csv
1572,0,0,0,1j.csv
1572,0,0,0,1k.csv
1572,2,1,1,1l.csv
1572,3,2,1,1m.csv
1572,1,1,0,2a.csv
1572,2,1,1,2b.csv
1572,1,1,0,2c.csv
1572,1,1,0,2d.csv
1572,0,0,0,2e.csv
1572,0,0,0,2f.csv
1572,0,0,0,2g.csv
1572,0,0,0,2h.csv
1572,0,0,0,2i.csv
1572,1,1,0,2j.csv
1572,1,0,1,2k.csv
1572,0,0,0,2l.csv
1572,7,5,2,3a.csv
1572,21,16,5,3b.csv
1572,1,0,1,3c.csv
1572,1,0,1,3d.csv
1572,5,5,0,3e.csv
1572,2,2,0,3f.csv
1572,1,0,1,3g.csv
1573,13,7,6,1a.csv
1573,1,1,0,1b.csv
1573,2,1,1,1c.csv
1573,0,0,0,1e.csv
1573,3,3,0,1f.csv
1573,3,1,2,1g.csv
1573,2,1,1,1h.csv
1573,0,0,0,1i.csv
1573,0,0,0,1j.csv
1573,0,0,0,1k.csv
1573,2,1,1,1l.csv
1573,3,2,1,1m.csv
1573,1,1,0,2a.csv
1573,2,1,1,2b.csv
1573,1,1,0,2c.csv
1573,0,0,0,2d.csv
1573,0,0,0,2e.csv
1573,0,0,0,2f.csv
1573,0,0,0,2g.csv
1573,0,0,0,2h.csv
1573,0,0,0,2i.csv
1573,0,0,0,2j.csv
1573,2,1,1,2k.csv
1573,0,0,0,2l.csv
1573,10,7,3,3a.csv
1573,17,13,4,3b.csv
1573,1,0,1,3c.csv
1573,1,0,1,3d.csv
1573,5,5,0,3e.csv
1573,2,2,0,3f.csv
1573,1,0,1,3g.csv
1574,12,7,5,1a.csv
1574,1,1,0,1b.csv
1574,2,1,1,1c.csv
1574,0,0,0,1e.csv
1574,3,3,0,1f.csv
1574,3,1,2,1g.csv
1574,2,1,1,1h.csv
1574,0,0,0,1i.csv
1574,0,0,0,1j.csv
1574,0,0,0,1k.csv
1574,1,0,1,1l.csv
1574,3,2,1,1m.csv
1574,1,1,0,2a.csv
1574,2,1,1,2b.csv
1574,1,1,0,2c.csv
1574,0,0,0,2d.csv
1574,0,0,0,2e.csv
1574,0,0,0,2f.csv
1574,0,0,0,2g.csv
1574,0,0,0,2h.csv
1574,0,0,0,2i.csv
1574,0,0,0,2j.csv
1574,1,1,0,2k.csv
1574,0,0,0,2l.csv
1574,11,8,3,3a.csv
1574,17,12,5,3b.csv
1574,1,0,1,3c.csv
1574,1,0,1,3d.csv
1574,3,3,0,3e.csv
1574,3,2,1,3f.csv
1574,1,0,1,3g.csv
1575,14,7,7,1a.csv
1575,2,2,0,1b.csv
1575,2,1,1,1c.csv
1575,1,1,0,1e.csv
1575,3,3,0,1f.csv
1575,3,1,2,1g.csv
1575,2,1,1,1h.csv
1575,0,0,0,1i.csv
1575,0,0,0,1j.csv
1575,0,0,0,1k.csv
1575,0,0,0,1l.csv
1575,3,2,1,1m.csv
1575,1,1,0,2a.csv
1575,2,1,1,2b.csv
1575,1,1,0,2c.csv
1575,0,0,0,2d.csv
1575,0,0,0,2e.csv
1575,0,0,0,2f.csv
1575,0,0,0,2g.csv
1575,0,0,0,2h.csv
1575,0,0,0,2i.csv
1575,0,0,0,2j.csv
1575,1,1,0,2k.csv
1575,0,0,0,2l.csv
1575,19,15,4,3a.csv
1575,19,13,6,3b.csv
1575,1,0,1,3c.csv
1575,1,0,1,3d.csv
1575,3,3,0,3e.csv
1575,1,0,1,3f.csv
1575,1,0,1,3g.csv
1576,12,6,6,1a.csv
1576,2,2,0,1b.csv
1576,2,1,1,1c.csv
1576,1,1,0,1e.csv
1576,3,3,0,1f.csv
1576,3,1,2,1g.csv
1576,2,1,1,1h.csv
1576,0,0,0,1i.csv
1576,0,0,0,1j.csv
1576,0,0,0,1k.csv
1576,0,0,0,1l.csv
1576,3,2,1,1m.csv
1576,1,1,0,2a.csv
1576,1,1,0,2b.csv
1576,1,1,0,2c.csv
1576,0,0,0,2d.csv
1576,0,0,0,2e.csv
1576,0,0,0,2f.csv
1576,0,0,0,2g.csv
1576,0,0,0,2h.csv
1576,0,0,0,2i.csv
1576,1,1,0,2j.csv
1576,1,1,0,2k.csv
1576,0,0,0,2l.csv
1576,20,15,5,3a.csv
1576,20,16,4,3b.csv
1576,0,0,0,3c.csv
1576,0,0,0,3d.csv
1576,1,1,0,3e.csv
1576,2,1,1,3f.csv
1576,1,0,1,3g.csv
1577,12,6,6,1a.csv
1577,3,3,0,1b.csv
1577,0,0,0,1c.csv
1577,1,1,0,1e.csv
1577,3,3,0,1f.csv
1577,3,1,2,1g.csv
1577,2,1,1,1h.csv
1577,0,0,0,1i.csv
1577,0,0,0,1j.csv
1577,0,0,0,1k.csv
1577,0,0,0,1l.csv
1577,2,2,0,1m.csv
1577,1,1,0,2a.csv
1577,1,1,0,2b.csv
1577,0,0,0,2c.csv
1577,0,0,0,2d.csv
1577,0,0,0,2e.csv
1577,0,0,0,2f.csv
1577,0,0,0,2g.csv
1577,0,0,0,2h.csv
1577,0,0,0,2i.csv
1577,1,1,0,2j.csv
1577,1,1,0,2k.csv
1577,0,0,0,2l.csv
1577,22,16,6,3a.csv
1577,20,16,4,3b.csv
1577,0,0,0,3c.csv
1577,0,0,0,3d.csv
1577,3,3,0,3e.csv
1577,2,1,1,3f.csv
1577,0,0,0,3g.csv
1578,11,7,4,1a.csv
1578,3,3,0,1b.csv
1578,1,1,0,1c.csv
1578,1,1,0,1e.csv
1578,3,3,0,1f.csv
1578,3,1,2,1g.csv
1578,2,1,1,1h.csv
1578,0,0,0,1i.csv
1578,1,1,0,1j.csv
1578,0,0,0,1k.csv
1578,0,0,0,1l.csv
1578,2,2,0,1m.csv
1578,1,1,0,2a.csv
1578,1,1,0,2b.csv
1578,0,0,0,2c.csv
1578,0,0,0,2d.csv
1578,0,0,0,2e.csv
1578,0,0,0,2f.csv
1578,0,0,0,2g.csv
1578,0,0,0,2h.csv
1578,0,0,0,2i.csv
1578,1,1,0,2j.csv
1578,1,1,0,2k.csv
1578,1,1,0,2l.csv
1578,22,15,7,3a.csv
1578,19,16,3,3b.csv
1578,0,0,0,3c.csv
1578,0,0,0,3d.csv
1578,4,4,0,3e.csv
1578,2,1,1,3f.csv
1578,0,0,0,3g.csv
1579,11,8,3,1a.csv
1579,3,3,0,1b.csv
1579,1,1,0,1c.csv
1579,1,1,0,1e.csv
1579,3,3,0,1f.csv
1579,2,1,1,1g.csv
1579,0,0,0,1h.csv
1579,0,0,0,1i.csv
1579,2,2,0,1j.csv
1579,0,0,0,1k.csv
1579,0,0,0,1l.csv
1579,1,1,0,1m.csv
1579,2,2,0,2a.csv
1579,1,1,0,2b.csv
1579,0,0,0,2c.csv
1579,0,0,0,2d.csv
1579,0,0,0,2e.csv
1579,0,0,0,2f.csv
1579,0,0,0,2g.csv
1579,0,0,0,2h.csv
1579,0,0,0,2i.csv
1579,1,1,0,2j.csv
1579,1,1,0,2k.csv
1579,2,1,1,2l.csv
1579,21,14,7,3a.csv
1579,17,14,3,3b.csv
1579,0,0,0,3c.csv
1579,0,0,0,3d.csv
1579,4,4,0,3e.csv
1579,3,1,2,3f.csv
1579,0,0,0,3g.csv
1580,10,7,3,1a.csv
1580,3,3,0,1b.csv
1580,1,1,0,1c.csv
1580,1,1,0,1e.csv
1580,2,2,0,1f.csv
1580,1,0,1,1g.csv
1580,0,0,0,1h.csv
1580,0,0,0,1i.csv
1580,2,2,0,1j.csv
1580,0,0,0,1k.csv
1580,0,0,0,1l.csv
1580,0,0,0,1m.csv
1580,1,1,0,2a.csv
1580,0,0,0,2b.csv
1580,0,0,0,2c.csv
1580,0,0,0,2d.csv
1580,0,0,0,2e.csv
1580,0,0,0,2f.csv
1580,0,0,0,2g.csv
1580,0,0,0,2h.csv
1580,0,0,0,2i.csv
1580,1,1,0,2j.csv
1580,1,1,0,2k.csv
1580,2,1,1,2l.csv
1580,23,17,6,3a.csv
1580,19,16,3,3b.csv
1580,0,0,0,3c.csv
1580,0,0,0,3d.csv
1580,4,4,0,3e.csv
1580,3,1,2,3f.csv
1580,0,0,0,3g.csv
1581,9,6,3,1a.csv
1581,3,3,0,1b.csv
1581,1,1,0,1c.csv
1581,1,1,0,1e.csv
1581,1,1,0,1f.csv
1581,0,0,0,1g.csv
1581,1,1,0,1h.csv
1581,0,0,0,1i.csv
1581,2,2,0,1j.csv
1581,0,0,0,1k.csv
1581,0,0,0,1l.csv
1581,0,0,0,1m.csv
1581,1,1,0,2a.csv
1581,0,0,0,2b.csv
1581,0,0,0,2c.csv
1581,0,0,0,2d.csv
1581,0,0,0,2e.csv
1581,0,0,0,2f.csv
1581,0,0,0,2g.csv
1581,0,0,0,2h.csv
1581,0,0,0,2i.csv
1581,1,1,0,2j.csv
1581,0,0,0,2k.csv
1581,2,1,1,2l.csv
1581,20,15,5,3a.csv
1581,20,17,3,3b.csv
1581,0,0,0,3c.csv
1581,0,0,0,3d.csv
1581,7,6,1,3e.csv
1581,6,4,2,3f.csv
1581,0,0,0,3g.csv
1582,9,6,3,1a.csv
1582,3,3,0,1b.csv
1582,2,2,0,1c.csv
1582,1,1,0,1e.csv
1582,1,1,0,1f.csv
1582,1,1,0,1g.csv
1582,1,1,0,1h.csv
1582,0,0,0,1i.csv
1582,2,2,0,1j.csv
1582,0,0,0,1k.csv
1582,0,0,0,1l.csv
1582,1,1,0,1m.csv
1582,3,3,0,2a.csv
1582,0,0,0,2b.csv
1582,0,0,0,2c.csv
1582,0,0,0,2d.csv
1582,0,0,0,2e.csv
1582,0,0,0,2f.csv
1582,0,0,0,2g.csv
1582,0,0,0,2h.csv
1582,1,1,0,2i.csv
1582,1,1,0,2j.csv
1582,0,0,0,2k.csv
1582,3,1,2,2l.csv
1582,20,15,5,3a.csv
1582,20,16,4,3b.csv
1582,0,0,0,3c.csv
1582,0,0,0,3d.csv
1582,9,8,1,3e.csv
1582,6,5,1,3f.csv
1582,0,0,0,3g.csv
1583,8,6,2,1a.csv
1583,2,2,0,1b.csv
1583,3,3,0,1c.csv
1583,0,0,0,1e.csv
1583,2,2,0,1f.csv
1583,2,2,0,1g.csv
1583,2,2,0,1h.csv
1583,0,0,0,1i.csv
1583,2,2,0,1j.csv
1583,0,0,0,1k.csv
1583,0,0,0,1l.csv
1583,1,1,0,1m.csv
1583,3,3,0,2a.csv
1583,0,0,0,2b.csv
1583,0,0,0,2c.csv
1583,0,0,0,2d.csv
1583,0,0,0,2e.csv
1583,0,0,0,2f.csv
1583,0,0,0,2g.csv
1583,0,0,0,2h.csv
1583,1,1,0,2i.csv
1583,1,1,0,2j.csv
1583,0,0,0,2k.csv
1583,3,1,2,2l.csv
1583,11,7,4,3a.csv
1583,20,16,4,3b.csv
1583,0,0,0,3c.csv
1583,0,0,0,3d.csv
1583,9,8,1,3e.csv
1583,6,5,1,3f.csv
1583,0,0,0,3g.csv
1584,9,6,3,1a.csv
1584,1,1,0,1b.csv
1584,4,4,0,1c.csv
1584,0,0,0,1e.csv
1584,2,2,0,1f.csv
1584,2,2,0,1g.csv
1584,2,2,0,1h.csv
1584,0,0,0,1i.csv
1584,2,2,0,1j.csv
1584,0,0,0,1k.csv
1584,0,0,0,1l.csv
1584,1,1,0,1m.csv
1584,3,3,0,2a.csv
1584,0,0,0,2b.csv
1584,0,0,0,2c.csv
1584,0,0,0,2d.csv
1584,0,0,0,2e.csv
1584,0,0,0,2f.csv
1584,0,0,0,2g.csv
1584,0,0,0,2h.csv
1584,2,2,0,2i.csv
1584,0,0,0,2j.csv
1584,0,0,0,2k.csv
1584,4,2,2,2l.csv
1584,14,11,3,3a.csv
1584,20,16,4,3b.csv
1584,0,0,0,3c.csv
1584,0,0,0,3d.csv
1584,10,9,1,3e.csv
1584,6,5,1,3f.csv
1584,0,0,0,3g.csv
1585,8,6,2,1a.csv
1585,1,1,0,1b.csv
1585,5,5,0,1c.csv
1585,0,0,0,1e.csv
1585,1,1,0,1f.csv
1585,2,2,0,1g.csv
1585,2,2,0,1h.csv
1585,0,0,0,1i.csv
1585,2,2,0,1j.csv
1585,0,0,0,1k.csv
1585,0,0,0,1l.csv
1585,1,1,0,1m.csv
1585,3,3,0,2a.csv
1585,0,0,0,2b.csv
1585,0,0,0,2c.csv
1585,0,0,0,2d.csv
1585,0,0,0,2e.csv
1585,0,0,0,2f.csv
1585,0,0,0,2g.csv
1585,0,0,0,2h.csv
1585,2,2,0,2i.csv
1585,0,0,0,2j.csv
1585,0,0,0,2k.csv
1585,7,5,2,2l.csv
1585,13,12,1,3a.csv
1585,24,19,5,3b.csv
1585,0,0,0,3c.csv
1585,0,0,0,3d.csv
1585,8,7,1,3e.csv
1585,7,6,1,3f.csv
1585,0,0,0,3g.csv
1586,7,4,3,1a.csv
1586,2,2,0,1b.csv
1586,4,4,0,1c.csv
1586,0,0,0,1e.csv
1586,2,2,0,1f.csv
1586,3,3,0,1g.csv
1586,3,3,0,1h.csv
1586,0,0,0,1i.csv
1586,1,1,0,1j.csv
1586,0,0,0,1k.csv
1586,0,0,0,1l.csv
1586,2,2,0,1m.csv
1586,3,3,0,2a.csv
1586,0,0,0,2b.csv
1586,0,0,0,2c.csv
1586,0,0,0,2d.csv
1586,0,0,0,2e.csv
1586,0,0,0,2f.csv
1586,0,0,0,2g.csv
1586,0,0,0,2h.csv
1586,3,3,0,2i.csv
1586,0,0,0,2j.csv
1586,0,0,0,2k.csv
1586,7,5,2,2l.csv
1586,14,14,0,3a.csv
1586,22,17,5,3b.csv
1586,0,0,0,3c.csv
1586,0,0,0,3d.csv
1586,8,7,1,3e.csv
1586,7,6,1,3f.csv
1586,0,0,0,3g.csv
1587,7,4,3,1a.csv
1587,2,2,0,1b.csv
1587,5,5,0,1c.csv
1587,0,0,0,1e.csv
1587,2,2,0,1f.csv
1587,3,3,0,1g.csv
1587,3,3,0,1h.csv
1587,0,0,0,1i.csv
1587,0,0,0,1j.csv
1587,0,0,0,1k.csv
1587,0,0,0,1l.csv
1587,2,2,0,1m.csv
1587,3,3,0,2a.csv
1587,1,1,0,2b.csv
1587,1,0,1,2c.csv
1587,0,0,0,2d.csv
1587,0,0,0,2e.csv
1587,0,0,0,2f.csv
1587,0,0,0,2g.csv
1587,0,0,0,2h.csv
1587,3,3,0,2i.csv
1587,0,0,0,2j.csv
1587,0,0,0,2k.csv
1587,6,5,1,2l.csv
1587,17,17,0,3a.csv
1587,25,20,5,3b.csv
1587,0,0,0,3c.csv
1587,0,0,0,3d.csv
1587,8,7,1,3e.csv
1587,6,6,0,3f.csv
1587,0,0,0,3g.csv
1588,7,4,3,1a.csv
1588,2,2,0,1b.csv
1588,6,6,0,1c.csv
1588,0,0,0,1e.csv
1588,2,2,0,1f.csv
1588,3,3,0,1g.csv
1588,6,6,0,1h.csv
1588,0,0,0,1i.csv
1588,0,0,0,1j.csv
1588,0,0,0,1k.csv
1588,0,0,0,1l.csv
1588,2,2,0,1m.csv
1588,3,3,0,2a.csv
1588,1,1,0,2b.csv
1588,1,0,1,2c.csv
1588,0,0,0,2d.csv
1588,0,0,0,2e.csv
1588,0,0,0,2f.csv
1588,0,0,0,2g.csv
1588,0,0,0,2h.csv
1588,3,3,0,2i.csv
1588,0,0,0,2j.csv
1588,0,0,0,2k.csv
1588,6,5,1,2l.csv
1588,15,14,1,3a.csv
1588,23,19,4,3b.csv
1588,0,0,0,3c.csv
1588,0,0,0,3d.csv
1588,9,8,1,3e.csv
1588,6,6,0,3f.csv
1588,0,0,0,3g.csv
1589,7,4,3,1a.csv
1589,2,2,0,1b.csv
1589,8,8,0,1c.csv
1589,0,0,0,1e.csv
1589,2,2,0,1f.csv
1589,3,3,0,1g.csv
1589,7,7,0,1h.csv
1589,0,0,0,1i.csv
1589,0,0,0,1j.csv
1589,0,0,0,1k.csv
1589,0,0,0,1l.csv
1589,2,2,0,1m.csv
1589,3,3,0,2a.csv
1589,1,1,0,2b.csv
1589,1,0,1,2c.csv
1589,0,0,0,2d.csv
1589,0,0,0,2e.csv
1589,0,0,0,2f.csv
1589,0,0,0,2g.csv
1589,0,0,0,2h.csv
1589,3,3,0,2i.csv
1589,0,0,0,2j.csv
1589,0,0,0,2k.csv
1589,6,5,1,2l.csv
1589,18,16,2,3a.csv
1589,25,21,4,3b.csv
1589,0,0,0,3c.csv
1589,0,0,0,3d.csv
1589,6,6,0,3e.csv
1589,4,3,1,3f.csv
1589,0,0,0,3g.csv
1590,8,5,3,1a.csv
1590,2,2,0,1b.csv
1590,7,7,0,1c.csv
1590,0,0,0,1e.csv
1590,2,2,0,1f.csv
1590,2,2,0,1g.csv
1590,8,8,0,1h.csv
1590,1,1,0,1i.csv
1590,0,0,0,1j.csv
1590,0,0,0,1k.csv
1590,0,0,0,1l.csv
1590,1,1,0,1m.csv
1590,1,1,0,2a.csv
1590,1,1,0,2b.csv
1590,1,0,1,2c.csv
1590,0,0,0,2d.csv
1590,0,0,0,2e.csv
1590,0,0,0,2f.csv
1590,0,0,0,2g.csv
1590,0,0,0,2h.csv
1590,2,2,0,2i.csv
1590,0,0,0,2j.csv
1590,0,0,0,2k.csv
1590,5,5,0,2l.csv
1590,21,18,3,3a.csv
1590,24,22,2,3b.csv
1590,0,0,0,3c.csv
1590,0,0,0,3d.csv
1590,4,4,0,3e.csv
1590,4,3,1,3f.csv
1590,1,1,0,3g.csv
1591,7,5,2,1a.csv
1591,2,2,0,1b.csv
1591,8,8,0,1c.csv
1591,0,0,0,1e.csv
1591,1,1,0,1f.csv
1591,1,1,0,1g.csv
1591,8,8,0,1h.csv
1591,1,1,0,1i.csv
1591,1,1,0,1j.csv
1591,0,0,0,1k.csv
1591,0,0,0,1l.csv
1591,1,1,0,1m.csv
1591,1,1,0,2a.csv
1591,1,1,0,2b.csv
1591,1,0,1,2c.csv
1591,0,0,0,2d.csv
1591,0,0,0,2e.csv
1591,0,0,0,2f.csv
1591,0,0,0,2g.csv
1591,0,0,0,2h.csv
1591,2,2,0,2i.csv
1591,0,0,0,2j.csv
1591,0,0,0,2k.csv
1591,5,5,0,2l.csv
1591,22,19,3,3a.csv
1591,23,21,2,3b.csv
1591,0,0,0,3c.csv
1591,0,0,0,3d.csv
1591,4,3,1,3e.csv
1591,5,4,1,3f.csv
1591,1,1,0,3g.csv
1592,8,5,3,1a.csv
1592,2,2,0,1b.csv
1592,7,7,0,1c.csv
1592,0,0,0,1e.csv
1592,1,1,0,1f.csv
1592,1,1,0,1g.csv
1592,9,9,0,1h.csv
1592,1,1,0,1i.csv
1592,1,1,0,1j.csv
1592,0,0,0,1k.csv
1592,0,0,0,1l.csv
1592,1,1,0,1m.csv
1592,1,1,0,2a.csv
1592,1,1,0,2b.csv
1592,1,0,1,2c.csv
1592,1,1,0,2d.csv
1592,0,0,0,2e.csv
1592,0,0,0,2f.csv
1592,0,0,0,2g.csv
1592,0,0,0,2h.csv
1592,1,1,0,2i.csv
1592,0,0,0,2j.csv
1592,0,0,0,2k.csv
1592,4,4,0,2l.csv
1592,20,17,3,3a.csv
1592,24,22,2,3b.csv
1592,0,0,0,3c.csv
1592,0,0,0,3d.csv
1592,5,3,2,3e.csv
1592,5,4,1,3f.csv
1592,1,1,0,3g.csv
1593,8,4,4,1a.csv
1593,1,1,0,1b.csv
1593,6,6,0,1c.csv
1593,0,0,0,1e.csv
1593,2,2,0,1f.csv
1593,1,1,0,1g.csv
1593,9,9,0,1h.csv
1593,2,2,0,1i.csv
1593,1,1,0,1j.csv
1593,0,0,0,1k.csv
1593,0,0,0,1l.csv
1593,1,1,0,1m.csv
1593,2,2,0,2a.csv
1593,1,1,0,2b.csv
1593,1,0,1,2c.csv
1593,1,1,0,2d.csv
1593,0,0,0,2e.csv
1593,0,0,0,2f.csv
1593,0,0,0,2g.csv
1593,0,0,0,2h.csv
1593,1,1,0,2i.csv
1593,0,0,0,2j.csv
1593,0,0,0,2k.csv
1593,1,1,0,2l.csv
1593,18,15,3,3a.csv
1593,20,19,1,3b.csv
1593,0,0,0,3c.csv
1593,0,0,0,3d.csv
1593,5,3,2,3e.csv
1593,4,3,1,3f.csv
1593,1,1,0,3g.csv
1594,9,5,4,1a.csv
1594,0,0,0,1b.csv
1594,6,6,0,1c.csv
1594,0,0,0,1e.csv
1594,2,2,0,1f.csv
1594,0,0,0,1g.csv
1594,8,8,0,1h.csv
1594,2,2,0,1i.csv
1594,1,1,0,1j.csv
1594,0,0,0,1k.csv
1594,0,0,0,1l.csv
1594,1,1,0,1m.csv
1594,2,2,0,2a.csv
1594,1,1,0,2b.csv
1594,1,0,1,2c.csv
1594,1,1,0,2d.csv
1594,0,0,0,2e.csv
1594,0,0,0,2f.csv
1594,0,0,0,2g.csv
1594,0,0,0,2h.csv
1594,0,0,0,2i.csv
1594,1,1,0,2j.csv
1594,0,0,0,2k.csv
1594,1,1,0,2l.csv
1594,20,16,4,3a.csv
1594,25,22,3,3b.csv
1594,0,0,0,3c.csv
1594,0,0,0,3d.csv
1594,4,2,2,3e.csv
1594,4,3,1,3f.csv
1594,1,1,0,3g.csv
1595,9,4,5,1a.csv
1595,0,0,0,1b.csv
1595,5,5,0,1c.csv
1595,1,1,0,1e.csv
1595,2,2,0,1f.csv
1595,0,0,0,1g.csv
1595,8,8,0,1h.csv
1595,2,2,0,1i.csv
1595,1,1,0,1j.csv
1595,0,0,0,1k.csv
1595,0,0,0,1l.csv
1595,2,2,0,1m.csv
1595,1,1,0,2a.csv
1595,0,0,0,2b.csv
1595,0,0,0,2c.csv
1595,1,1,0,2d.csv
1595,0,0,0,2e.csv
1595,0,0,0,2f.csv
1595,0,0,0,2g.csv
1595,0,0,0,2h.csv
1595,0,0,0,2i.csv
1595,1,1,0,2j.csv
1595,0,0,0,2k.csv
1595,2,1,1,2l.csv
1595,19,14,5,3a.csv
1595,25,22,3,3b.csv
1595,0,0,0,3c.csv
1595,0,0,0,3d.csv
1595,4,2,2,3e.csv
1595,5,4,1,3f.csv
1595,1,1,0,3g.csv
1596,9,4,5,1a.csv
1596,0,0,0,1b.csv
1596,4,4,0,1c.csv
1596,2,2,0,1e.csv
1596,2,2,0,1f.csv
1596,0,0,0,1g.csv
1596,8,7,1,1h.csv
1596,2,2,0,1i.csv
1596,1,1,0,1j.csv
1596,0,0,0,1k.csv
1596,1,1,0,1l.csv
1596,2,2,0,1m.csv
1596,1,1,0,2a.csv
1596,0,0,0,2b.csv
1596,0,0,0,2c.csv
1596,1,1,0,2d.csv
1596,0,0,0,2e.csv
1596,0,0,0,2f.csv
1596,0,0,0,2g.csv
1596,0,0,0,2h.csv
1596,0,0,0,2i.csv
1596,2,2,0,2j.csv
1596,0,0,0,2k.csv
1596,2,1,1,2l.csv
1596,21,15,6,3a.csv
1596,24,20,4,3b.csv
1596,0,0,0,3c.csv
1596,0,0,0,3d.csv
1596,3,1,2,3e.csv
1596,6,5,1,3f.csv
1596,2,1,1,3g.csv
1597,9,4,5,1a.csv
1597,0,0,0,1b.csv
1597,3,3,0,1c.csv
1597,2,2,0,1e.csv
1597,3,3,0,1f.csv
1597,1,1,0,1g.csv
1597,7,6,1,1h.csv
1597,2,2,0,1i.csv
1597,1,1,0,1j.csv
1597,0,0,0,1k.csv
1597,1,1,0,1l.csv
1597,2,2,0,1m.csv
1597,1,1,0,2a.csv
1597,0,0,0,2b.csv
1597,0,0,0,2c.csv
1597,1,1,0,2d.csv
1597,0,0,0,2e.csv
1597,0,0,0,2f.csv
1597,0,0,0,2g.csv
1597,0,0,0,2h.csv
1597,0,0,0,2i.csv
1597,2,2,0,2j.csv
1597,0,0,0,2k.csv
1597,2,1,1,2l.csv
1597,18,13,5,3a.csv
1597,20,16,4,3b.csv
1597,0,0,0,3c.csv
1597,0,0,0,3d.csv
1597,3,1,2,3e.csv
1597,5,5,0,3f.csv
1597,3,1,2,3g.csv
1598,9,3,6,1a.csv
1598,0,0,0,1b.csv
1598,3,3,0,1c.csv
1598,2,2,0,1e.csv
1598,4,4,0,1f.csv
1598,1,1,0,1g.csv
1598,6,5,1,1h.csv
1598,1,1,0,1i.csv
1598,1,1,0,1j.csv
1598,0,0,0,1k.csv
1598,1,1,0,1l.csv
1598,3,3,0,1m.csv
1598,1,1,0,2a.csv
1598,0,0,0,2b.csv
1598,0,0,0,2c.csv
1598,1,1,0,2d.csv
1598,0,0,0,2e.csv
1598,0,0,0,2f.csv
1598,0,0,0,2g.csv
1598,0,0,0,2h.csv
1598,0,0,0,2i.csv
1598,2,2,0,2j.csv
1598,0,0,0,2k.csv
1598,5,2,3,2l.csv
1598,15,11,4,3a.csv
1598,18,14,4,3b.csv
1598,0,0,0,3c.csv
1598,0,0,0,3d.csv
1598,4,2,2,3e.csv
1598,4,4,0,3f.csv
1598,2,0,2,3g.csv
1599,8,2,6,1a.csv
1599,0,0,0,1b.csv
1599,1,1,0,1c.csv
1599,2,2,0,1e.csv
1599,4,4,0,1f.csv
1599,1,1,0,1g.csv
1599,5,4,1,1h.csv
1599,1,1,0,1i.csv
1599,0,0,0,1j.csv
1599,0,0,0,1k.csv
1599,1,1,0,1l.csv
1599,3,3,0,1m.csv
1599,1,1,0,2a.csv
1599,1,1,0,2b.csv
1599,0,0,0,2c.csv
1599,1,1,0,2d.csv
1599,0,0,0,2e.csv
1599,0,0,0,2f.csv
1599,0,0,0,2g.csv
1599,0,0,0,2h.csv
1599,0,0,0,2i.csv
1599,2,2,0,2j.csv
1599,0,0,0,2k.csv
1599,6,2,4,2l.csv
1599,15,11,4,3a.csv
1599,17,14,3,3b.csv
1599,0,0,0,3c.csv
1599,0,0,0,3d.csv
1599,3,2,1,3e.csv
1599,3,3,0,3f.csv
1599,2,0,2,3g.csv
1600,8,3,5,1a.csv
1600,0,0,0,1b.csv
1600,1,1,0,1c.csv
1600,2,2,0,1e.csv
1600,4,4,0,1f.csv
1600,2,2,0,1g.csv
1600,4,3,1,1h.csv
1600,1,1,0,1i.csv
1600,0,0,0,1j.csv
1600,0,0,0,1k.csv
1600,1,1,0,1l.csv
1600,4,4,0,1m.csv
1600,1,1,0,2a.csv
1600,1,1,0,2b.csv
1600,0,0,0,2c.csv
1600,0,0,0,2d.csv
1600,0,0,0,2e.csv
1600,0,0,0,2f.csv
1600,0,0,0,2g.csv
1600,0,0,0,2h.csv
1600,0,0,0,2i.csv
1600,2,2,0,2j.csv
1600,0,0,0,2k.csv
1600,6,2,4,2l.csv
1600,13,9,4,3a.csv
1600,14,11,3,3b.csv
1600,0,0,0,3c.csv
1600,0,0,0,3d.csv
1600,1,1,0,3e.csv
1600,2,2,0,3f.csv
1600,2,0,2,3g.csv
1601,7,3,4,1a.csv
1601,0,0,0,1b.csv
1601,1,1,0,1c.csv
1601,2,2,0,1e.csv
1601,4,4,0,1f.csv
1601,2,2,0,1g.csv
1601,5,3,2,1h.csv
1601,1,0,1,1i.csv
1601,0,0,0,1j.csv
1601,0,0,0,1k.csv
1601,1,1,0,1l.csv
1601,6,5,1,1m.csv
1601,0,0,0,2a.csv
1601,2,2,0,2b.csv
1601,0,0,0,2c.csv
1601,0,0,0,2d.csv
1601,0,0,0,2e.csv
1601,0,0,0,2f.csv
1601,0,0,0,2g.csv
1601,0,0,0,2h.csv
1601,0,0,0,2i.csv
1601,2,2,0,2j.csv
1601,0,0,0,2k.csv
1601,6,2,4,2l.csv
1601,14,9,5,3a.csv
1601,12,9,3,3b.csv
1601,0,0,0,3c.csv
1601,0,0,0,3d.csv
1601,2,2,0,3e.csv
1601,3,3,0,3f.csv
1601,2,0,2,3g.csv
1602,6,3,3,1a.csv
1602,0,0,0,1b.csv
1602,1,1,0,1c.csv
1602,2,2,0,1e.csv
1602,3,3,0,1f.csv
1602,2,2,0,1g.csv
1602,5,3,2,1h.csv
1602,1,0,1,1i.csv
1602,0,0,0,1j.csv
1602,0,0,0,1k.csv
1602,2,2,0,1l.csv
1602,5,4,1,1m.csv
1602,0,0,0,2a.csv
1602,2,2,0,2b.csv
1602,0,0,0,2c.csv
1602,0,0,0,2d.csv
1602,0,0,0,2e.csv
1602,0,0,0,2f.csv
1602,0,0,0,2g.csv
1602,0,0,0,2h.csv
1602,0,0,0,2i.csv
1602,1,1,0,2j.csv
1602,0,0,0,2k.csv
1602,5,1,4,2l.csv
1602,11,7,4,3a.csv
1602,8,7,1,3b.csv
1602,0,0,0,3c.csv
1602,0,0,0,3d.csv
1602,2,2,0,3e.csv
1602,3,3,0,3f.csv
1602,2,0,2,3g.csv
1603,5,3,2,1a.csv
1603,0,0,0,1b.csv
1603,1,1,0,1c.csv
1603,1,1,0,1e.csv
1603,3,3,0,1f.csv
1603,3,3,0,1g.csv
1603,7,5,2,1h.csv
1603,1,0,1,1i.csv
1603,1,1,0,1j.csv
1603,0,0,0,1k.csv
1603,2,2,0,1l.csv
1603,4,3,1,1m.csv
1603,0,0,0,2a.csv
1603,2,2,0,2b.csv
1603,0,0,0,2c.csv
1603,0,0,0,2d.csv
1603,0,0,0,2e.csv
1603,0,0,0,2f.csv
1603,0,0,0,2g.csv
1603,0,0,0,2h.csv
1603,0,0,0,2i.csv
1603,1,1,0,2j.csv
1603,1,1,0,2k.csv
1603,5,1,4,2l.csv
1603,10,7,3,3a.csv
1603,6,5,1,3b.csv
1603,0,0,0,3c.csv
1603,0,0,0,3d.csv
1603,2,2,0,3e.csv
1603,2,2,0,3f.csv
1603,2,0,2,3g.csv
1604,5,3,2,1a.csv
1604,1,1,0,1b.csv
1604,1,1,0,1c.csv
1604,0,0,0,1e.csv
1604,3,3,0,1f.csv
1604,3,3,0,1g.csv
1604,4,3,1,1h.csv
1604,1,0,1,1i.csv
1604,2,2,0,1j.csv
1604,0,0,0,1k.csv
1604,2,1,1,1l.csv
1604,4,3,1,1m.csv
1604,0,0,0,2a.csv
1604,2,2,0,2b.csv
1604,0,0,0,2c.csv
1604,0,0,0,2d.csv
1604,0,0,0,2e.csv
1604,0,0,0,2f.csv
1604,0,0,0,2g.csv
1604,0,0,0,2h.csv
1604,0,0,0,2i.csv
1604,0,0,0,2j.csv
1604,1,1,0,2k.csv
1604,5,1,4,2l.csv
1604,7,6,1,3a.csv
1604,5,5,0,3b.csv
1604,0,0,0,3c.csv
1604,0,0,0,3d.csv
1604,2,2,0,3e.csv
1604,1,1,0,3f.csv
1604,1,0,1,3g.csv
1605,6,2,4,1a.csv
1605,1,1,0,1b.csv
1605,0,0,0,1c.csv
1605,0,0,0,1e.csv
1605,2,2,0,1f.csv
1605,3,3,0,1g.csv
1605,3,2,1,1h.csv
1605,1,0,1,1i.csv
1605,2,2,0,1j.csv
1605,0,0,0,1k.csv
1605,2,1,1,1l.csv
1605,4,3,1,1m.csv
1605,0,0,0,2a.csv
1605,2,2,0,2b.csv
1605,0,0,0,2c.csv
1605,0,0,0,2d.csv
1605,0,0,0,2e.csv
1605,0,0,0,2f.csv
1605,0,0,0,2g.csv
1605,0,0,0,2h.csv
1605,0,0,0,2i.csv
1605,0,0,0,2j.csv
1605,1,1,0,2k.csv
1605,5,1,4,2l.csv
1605,6,5,1,3a.csv
1605,5,5,0,3b.csv
1605,0,0,0,3c.csv
1605,0,0,0,3d.csv
1605,2,2,0,3e.csv
1605,1,1,0,3f.csv
1605,0,0,0,3g.csv
1606,6,3,3,1a.csv
1606,1,1,0,1b.csv
1606,0,0,0,1c.csv
1606,1,1,0,1e.csv
1606,1,1,0,1f.csv
1606,4,3,1,1g.csv
1606,3,2,1,1h.csv
1606,1,0,1,1i.csv
1606,2,2,0,1j.csv
1606,0,0,0,1k.csv
1606,2,1,1,1l.csv
1606,3,2,1,1m.csv
1606,0,0,0,2a.csv
1606,2,2,0,2b.csv
1606,0,0,0,2c.csv
1606,0,0,0,2d.csv
1606,0,0,0,2e.csv
1606,0,0,0,2f.csv
1606,0,0,0,2g.csv
1606,0,0,0,2h.csv
1606,0,0,0,2i.csv
1606,0,0,0,2j.csv
1606,1,1,0,2k.csv
1606,2,0,2,2l.csv
1606,6,5,1,3a.csv
1606,5,5,0,3b.csv
1606,0,0,0,3c.csv
1606,0,0,0,3d.csv
1606,1,1,0,3e.csv
1606,1,1,0,3f.csv
1606,0,0,0,3g.csv
1607,6,3,3,1a.csv
1607,2,2,0,1b.csv
1607,1,0,1,1c.csv
1607,1,1,0,1e.csv
1607,2,2,0,1f.csv
1607,5,4,1,1g.csv
1607,3,2,1,1h.csv
1607,1,0,1,1i.csv
1607,2,2,0,1j.csv
1607,0,0,0,1k.csv
1607,2,1,1,1l.csv
1607,3,2,1,1m.csv
1607,0,0,0,2a.csv
1607,1,1,0,2b.csv
1607,0,0,0,2c.csv
1607,0,0,0,2d.csv
1607,0,0,0,2e.csv
1607,0,0,0,2f.csv
1607,0,0,0,2g.csv
1607,0,0,0,2h.csv
1607,0,0,0,2i.csv
1607,0,0,0,2j.csv
1607,1,1,0,2k.csv
1607,3,2,1,2l.csv
1607,6,5,1,3a.csv
1607,5,4,1,3b.csv
1607,0,0,0,3c.csv
1607,0,0,0,3d.csv
1607,1,1,0,3e.csv
1607,2,2,0,3f.csv
1607,0,0,0,3g.csv
1608,4,2,2,1a.csv
1608,2,2,0,1b.csv
1608,1,0,1,1c.csv
1608,1,1,0,1e.csv
1608,3,2,1,1f.csv
1608,4,3,1,1g.csv
1608,4,3,1,1h.csv
1608,2,0,2,1i.csv
1608,2,2,0,1j.csv
1608,0,0,0,1k.csv
1608,2,1,1,1l.csv
1608,2,1,1,1m.csv
1608,0,0,0,2a.csv
1608,1,1,0,2b.csv
1608,0,0,0,2c.csv
1608,0,0,0,2d.csv
1608,0,0,0,2e.csv
1608,0,0,0,2f.csv
1608,0,0,0,2g.csv
1608,0,0,0,2h.csv
1608,0,0,0,2i.csv
1608,0,0,0,2j.csv
1608,1,1,0,2k.csv
1608,3,2,1,2l.csv
1608,9,7,2,3a.csv
1608,6,5,1,3b.csv
1608,1,1,0,3c.csv
1608,1,1,0,3d.csv
1608,1,1,0,3e.csv
1608,3,3,0,3f.csv
1608,1,1,0,3g.csv
1609,4,2,2,1a.csv
1609,2,2,0,1b.csv
1609,2,1,1,1c.csv
1609,1,1,0,1e.csv
1609,2,1,1,1f.csv
1609,4,3,1,1g.csv
1609,4,4,0,1h.csv
1609,1,0,1,1i.csv
1609,2,2,0,1j.csv
1609,0,0,0,1k.csv
1609,2,1,1,1l.csv
1609,0,0,0,1m.csv
1609,1,1,0,2a.csv
1609,0,0,0,2b.csv
1609,0,0,0,2c.csv
1609,0,0,0,2d.csv
1609,0,0,0,2e.csv
1609,0,0,0,2f.csv
1609,0,0,0,2g.csv
1609,0,0,0,2h.csv
1609,0,0,0,2i.csv
1609,0,0,0,2j.csv
1609,1,1,0,2k.csv
1609,4,3,1,2l.csv
1609,9,8,1,3a.csv
1609,7,6,1,3b.csv
1609,2,1,1,3c.csv
1609,2,1,1,3d.csv
1609,0,0,0,3e.csv
1609,3,3,0,3f.csv
1609,1,1,0,3g.csv
1610,4,1,3,1a.csv
1610,4,4,0,1b.csv
1610,2,1,1,1c.csv
1610,1,1,0,1e.csv
1610,2,1,1,1f.csv
1610,4,3,1,1g.csv
1610,5,5,0,1h.csv
1610,1,0,1,1i.csv
1610,2,2,0,1j.csv
1610,0,0,0,1k.csv
1610,1,0,1,1l.csv
1610,0,0,0,1m.csv
1610,1,1,0,2a.csv
1610,0,0,0,2b.csv
1610,1,0,1,2c.csv
1610,0,0,0,2d.csv
1610,0,0,0,2e.csv
1610,0,0,0,2f.csv
1610,0,0,0,2g.csv
1610,0,0,0,2h.csv
1610,0,0,0,2i.csv
1610,0,0,0,2j.csv
1610,3,3,0,2k.csv
1610,4,3,1,2l.csv
1610,9,8,1,3a.csv
1610,9,7,2,3b.csv
1610,2,1,1,3c.csv
1610,2,1,1,3d.csv
1610,0,0,0,3e.csv
1610,4,4,0,3f.csv
1610,1,1,0,3g.csv
1611,4,1,3,1a.csv
1611,6,5,1,1b.csv
1611,2,1,1,1c.csv
1611,1,1,0,1e.csv
1611,3,2,1,1f.csv
1611,4,3,1,1g.csv
1611,4,4,0,1h.csv
1611,2,1,1,1i.csv
1611,1,1,0,1j.csv
1611,0,0,0,1k.csv
1611,1,0,1,1l.csv
1611,0,0,0,1m.csv
1611,2,2,0,2a.csv
1611,0,0,0,2b.csv
1611,1,0,1,2c.csv
1611,0,0,0,2d.csv
1611,0,0,0,2e.csv
1611,0,0,0,2f.csv
1611,0,0,0,2g.csv
1611,0,0,0,2h.csv
1611,0,0,0,2i.csv
1611,0,0,0,2j.csv
1611,2,2,0,2k.csv
1611,4,3,1,2l.csv
1611,9,8,1,3a.csv
1611,8,6,2,3b.csv
1611,2,1,1,3c.csv
1611,2,1,1,3d.csv
1611,1,1,0,3e.csv
1611,4,4,0,3f.csv
1611,1,1,0,3g.csv
1612,4,1,3,1a.csv
1612,5,4,1,1b.csv
1612,2,1,1,1c.csv
1612,2,1,1,1e.csv
1612,4,2,2,1f.csv
1612,4,3,1,1g.csv
1612,4,4,0,1h.csv
1612,3,2,1,1i.csv
1612,1,1,0,1j.csv
1612,0,0,0,1k.csv
1612,0,0,0,1l.csv
1612,2,2,0,1m.csv
1612,2,2,0,2a.csv
1612,0,0,0,2b.csv
1612,1,0,1,2c.csv
1612,0,0,0,2d.csv
1612,0,0,0,2e.csv
1612,0,0,0,2f.csv
1612,0,0,0,2g.csv
1612,0,0,0,2h.csv
1612,0,0,0,2i.csv
1612,0,0,0,2j.csv
1612,4,2,2,2k.csv
1612,4,3,1,2l.csv
1612,9,8,1,3a.csv
1612,9,6,3,3b.csv
1612,3,1,2,3c.csv
1612,3,1,2,3d.csv
1612,3,3,0,3e.csv
1612,4,4,0,3f.csv
1612,1,1,0,3g.csv
1613,3,2,1,1a.csv
1613,6,5,1,1b.csv
1613,2,1,1,1c.csv
1613,2,1,1,1e.csv
1613,4,2,2,1f.csv
1613,3,2,1,1g.csv
1613,5,5,0,1h.csv
1613,3,2,1,1i.csv
1613,1,1,0,1j.csv
1613,0,0,0,1k.csv
1613,0,0,0,1l.csv
1613,2,2,0,1m.csv
1613,2,2,0,2a.csv
1613,0,0,0,2b.csv
1613,1,0,1,2c.csv
1613,0,0,0,2d.csv
1613,0,0,0,2e.csv
1613,0,0,0,2f.csv
1613,0,0,0,2g.csv
1613,0,0,0,2h.csv
1613,0,0,0,2i.csv
1613,0,0,0,2j.csv
1613,4,2,2,2k.csv
1613,5,4,1,2l.csv
1613,12,10,2,3a.csv
1613,9,6,3,3b.csv
1613,4,2,2,3c.csv
1613,4,2,2,3d.csv
1613,5,5,0,3e.csv
1613,4,4,0,3f.csv
1613,1,1,0,3g.csv
1614,2,1,1,1a.csv
1614,7,5,2,1b.csv
1614,2,1,1,1c.csv
1614,1,0,1,1e.csv
1614,5,3,2,1f.csv
1614,2,2,0,1g.csv
1614,5,5,0,1h.csv
1614,3,2,1,1i.csv
1614,1,1,0,1j.csv
1614,0,0,0,1k.csv
1614,0,0,0,1l.csv
1614,2,2,0,1m.csv
1614,2,2,0,2a.csv
1614,0,0,0,2b.csv
1614,1,0,1,2c.csv
1614,0,0,0,2d.csv
1614,0,0,0,2e.csv
1614,0,0,0,2f.csv
1614,0,0,0,2g.csv
1614,0,0,0,2h.csv
1614,0,0,0,2i.csv
1614,0,0,0,2j.csv
1614,4,2,2,2k.csv
1614,5,4,1,2l.csv
1614,11,9,2,3a.csv
1614,10,7,3,3b.csv
1614,4,2,2,3c.csv
1614,4,2,2,3d.csv
1614,5,5,0,3e.csv
1614,7,5,2,3f.csv
1614,2,2,0,3g.csv
1615,2,1,1,1a.csv
1615,7,5,2,1b.csv
1615,1,1,0,1c.csv
1615,2,1,1,1e.csv
1615,4,2,2,1f.csv
1615,1,1,0,1g.csv
1615,6,6,0,1h.csv
1615,3,2,1,1i.csv
1615,1,1,0,1j.csv
1615,0,0,0,1k.csv
1615,0,0,0,1l.csv
1615,3,3,0,1m.csv
1615,2,2,0,2a.csv
1615,0,0,0,2b.csv
1615,1,0,1,2c.csv
1615,0,0,0,2d.csv
1615,0,0,0,2e.csv
1615,0,0,0,2f.csv
1615,0,0,0,2g.csv
1615,0,0,0,2h.csv
1615,0,0,0,2i.csv
1615,0,0,0,2j.csv
1615,4,2,2,2k.csv
1615,3,2,1,2l.csv
1615,10,8,2,3a.csv
1615,9,7,2,3b.csv
1615,6,3,3,3c.csv
1615,6,3,3,3d.csv
1615,5,5,0,3e.csv
1615,6,4,2,3f.csv
1615,2,2,0,3g.csv
1616,4,3,1,1a.csv
1616,7,5,2,1b.csv
1616,1,1,0,1c.csv
1616,3,1,2,1e.csv
1616,3,2,1,1f.csv
1616,2,2,0,1g.csv
1616,7,7,0,1h.csv
1616,3,2,1,1i.csv
1616,1,1,0,1j.csv
1616,0,0,0,1k.csv
1616,0,0,0,1l.csv
1616,4,3,1,1m.csv
1616,2,2,0,2a.csv
1616,0,0,0,2b.csv
1616,1,0,1,2c.csv
1616,0,0,0,2d.csv
1616,0,0,0,2e.csv
1616,0,0,0,2f.csv
1616,0,0,0,2g.csv
1616,0,0,0,2h.csv
1616,0,0,0,2i.csv
1616,0,0,0,2j.csv
1616,4,2,2,2k.csv
1616,3,2,1,2l.csv
1616,7,6,1,3a.csv
1616,8,6,2,3b.csv
1616,6,3,3,3c.csv
1616,6,3,3,3d.csv
1616,6,6,0,3e.csv
1616,5,3,2,3f.csv
1616,2,1,1,3g.csv
1617,4,3,1,1a.csv
1617,9,7,2,1b.csv
1617,0,0,0,1c.csv
1617,3,1,2,1e.csv
1617,3,2,1,1f.csv
1617,2,2,0,1g.csv
1617,6,6,0,1h.csv
1617,4,3,1,1i.csv
1617,1,1,0,1j.csv
1617,0,0,0,1k.csv
1617,0,0,0,1l.csv
1617,6,4,2,1m.csv
1617,1,1,0,2a.csv
1617,1,1,0,2b.csv
1617,1,0,1,2c.csv
1617,0,0,0,2d.csv
1617,0,0,0,2e.csv
1617,0,0,0,2f.csv
1617,0,0,0,2g.csv
1617,0,0,0,2h.csv
1617,0,0,0,2i.csv
1617,0,0,0,2j.csv
1617,4,2,2,2k.csv
1617,2,1,1,2l.csv
1617,6,5,1,3a.csv
1617,7,5,2,3b.csv
1617,5,3,2,3c.csv
1617,5,3,2,3d.csv
1617,6,6,0,3e.csv
1617,4,2,2,3f.csv
1617,2,1,1,3g.csv
1618,4,3,1,1a.csv
1618,7,5,2,1b.csv
1618,0,0,0,1c.csv
1618,3,1,2,1e.csv
1618,3,2,1,1f.csv
1618,3,3,0,1g.csv
1618,6,6,0,1h.csv
1618,5,4,1,1i.csv
1618,1,1,0,1j.csv
1618,0,0,0,1k.csv
1618,0,0,0,1l.csv
1618,6,4,2,1m.csv
1618,1,1,0,2a.csv
1618,1,1,0,2b.csv
1618,0,0,0,2c.csv
1618,0,0,0,2d.csv
1618,0,0,0,2e.csv
1618,0,0,0,2f.csv
1618,0,0,0,2g.csv
1618,0,0,0,2h.csv
1618,0,0,0,2i.csv
1618,0,0,0,2j.csv
1618,3,1,2,2k.csv
1618,4,3,1,2l.csv
1618,5,4,1,3a.csv
1618,6,4,2,3b.csv
1618,6,4,2,3c.csv
1618,6,4,2,3d.csv
1618,7,7,0,3e.csv
1618,3,1,2,3f.csv
1618,2,1,1,3g.csv
1619,5,3,2,1a.csv
1619,5,4,1,1b.csv
1619,0,0,0,1c.csv
1619,4,2,2,1e.csv
1619,2,1,1,1f.csv
1619,2,2,0,1g.csv
1619,5,5,0,1h.csv
1619,4,3,1,1i.csv
1619,1,1,0,1j.csv
1619,0,0,0,1k.csv
1619,0,0,0,1l.csv
1619,6,4,2,1m.csv
1619,0,0,0,2a.csv
1619,1,1,0,2b.csv
1619,0,0,0,2c.csv
1619,0,0,0,2d.csv
1619,0,0,0,2e.csv
1619,0,0,0,2f.csv
1619,0,0,0,2g.csv
1619,0,0,0,2h.csv
1619,0,0,0,2i.csv
1619,0,0,0,2j.csv
1619,3,1,2,2k.csv
1619,3,3,0,2l.csv
1619,4,3,1,3a.csv
1619,7,5,2,3b.csv
1619,6,4,2,3c.csv
1619,6,4,2,3d.csv
1619,7,7,0,3e.csv
1619,3,1,2,3f.csv
1619,2,1,1,3g.csv
1620,5,3,2,1a.csv
1620,5,4,1,1b.csv
1620,1,0,1,1c.csv
1620,3,2,1,1e.csv
1620,1,1,0,1f.csv
1620,2,2,0,1g.csv
1620,5,5,0,1h.csv
1620,3,2,1,1i.csv
1620,0,0,0,1j.csv
1620,0,0,0,1k.csv
1620,0,0,0,1l.csv
1620,7,5,2,1m.csv
1620,0,0,0,2a.csv
1620,1,1,0,2b.csv
1620,0,0,0,2c.csv
1620,1,1,0,2d.csv
1620,0,0,0,2e.csv
1620,0,0,0,2f.csv
1620,0,0,0,2g.csv
1620,0,0,0,2h.csv
1620,0,0,0,2i.csv
1620,1,1,0,2j.csv
1620,1,1,0,2k.csv
1620,3,3,0,2l.csv
1620,4,3,1,3a.csv
1620,8,5,3,3b.csv
1620,6,4,2,3c.csv
1620,6,4,2,3d.csv
1620,7,7,0,3e.csv
1620,4,2,2,3f.csv
1620,2,1,1,3g.csv
1621,6,3,3,1a.csv
1621,5,4,1,1b.csv
1621,1,0,1,1c.csv
1621,5,4,1,1e.csv
1621,1,1,0,1f.csv
1621,3,3,0,1g.csv
1621,5,5,0,1h.csv
1621,3,2,1,1i.csv
1621,0,0,0,1j.csv
1621,0,0,0,1k.csv
1621,0,0,0,1l.csv
1621,7,5,2,1m.csv
1621,1,1,0,2a.csv
1621,1,1,0,2b.csv
1621,0,0,0,2c.csv
1621,1,1,0,2d.csv
1621,0,0,0,2e.csv
1621,0,0,0,2f.csv
1621,0,0,0,2g.csv
1621,0,0,0,2h.csv
1621,0,0,0,2i.csv
1621,1,1,0,2j.csv
1621,1,1,0,2k.csv
1621,2,2,0,2l.csv
1621,2,1,1,3a.csv
1621,8,5,3,3b.csv
1621,7,4,3,3c.csv
1621,7,4,3,3d.csv
1621,5,5,0,3e.csv
1621,4,2,2,3f.csv
1621,2,1,1,3g.csv
1622,7,4,3,1a.csv
1622,6,6,0,1b.csv
1622,1,0,1,1c.csv
1622,5,4,1,1e.csv
1622,0,0,0,1f.csv
1622,4,4,0,1g.csv
1622,5,5,0,1h.csv
1622,3,2,1,1i.csv
1622,0,0,0,1j.csv
1622,0,0,0,1k.csv
1622,0,0,0,1l.csv
1622,8,6,2,1m.csv
1622,1,1,0,2a.csv
1622,1,1,0,2b.csv
1622,0,0,0,2c.csv
1622,1,1,0,2d.csv
1622,0,0,0,2e.csv
1622,0,0,0,2f.csv
1622,0,0,0,2g.csv
1622,0,0,0,2h.csv
1622,0,0,0,2i.csv
1622,1,1,0,2j.csv
1622,1,1,0,2k.csv
1622,2,2,0,2l.csv
1622,2,1,1,3a.csv
1622,8,4,4,3b.csv
1622,8,4,4,3c.csv
1622,8,4,4,3d.csv
1622,6,6,0,3e.csv
1622,2,2,0,3f.csv
1622,1,0,1,3g.csv
1623,8,4,4,1a.csv
1623,8,8,0,1b.csv
1623,2,1,1,1c.csv
1623,4,3,1,1e.csv
1623,0,0,0,1f.csv
1623,4,4,0,1g.csv
1623,6,5,1,1h.csv
1623,3,2,1,1i.csv
1623,0,0,0,1j.csv
1623,0,0,0,1k.csv
1623,0,0,0,1l.csv
1623,8,6,2,1m.csv
1623,1,1,0,2a.csv
1623,1,1,0,2b.csv
1623,0,0,0,2c.csv
1623,1,1,0,2d.csv
1623,0,0,0,2e.csv
1623,0,0,0,2f.csv
1623,0,0,0,2g.csv
1623,0,0,0,2h.csv
1623,0,0,0,2i.csv
1623,1,1,0,2j.csv
1623,1,1,0,2k.csv
1623,3,3,0,2l.csv
1623,2,1,1,3a.csv
1623,10,5,5,3b.csv
1623,6,3,3,3c.csv
1623,6,3,3,3d.csv
1623,8,8,0,3e.csv
1623,5,5,0,3f.csv
1623,1,0,1,3g.csv
1624,9,3,6,1a.csv
1624,8,8,0,1b.csv
1624,3,2,1,1c.csv
1624,3,3,0,1e.csv
1624,0,0,0,1f.csv
1624,3,3,0,1g.csv
1624,4,3,1,1h.csv
1624,2,2,0,1i.csv
1624,0,0,0,1j.csv
1624,0,0,0,1k.csv
1624,0,0,0,1l.csv
1624,7,6,1,1m.csv
1624,1,1,0,2a.csv
1624,2,2,0,2b.csv
1624,0,0,0,2c.csv
1624,1,1,0,2d.csv
1624,0,0,0,2e.csv
1624,0,0,0,2f.csv
1624,0,0,0,2g.csv
1624,0,0,0,2h.csv
1624,0,0,0,2i.csv
1624,1,1,0,2j.csv
1624,1,1,0,2k.csv
1624,4,4,0,2l.csv
1624,2,1,1,3a.csv
1624,12,7,5,3b.csv
1624,5,2,3,3c.csv
1624,5,2,3,3d.csv
1624,7,7,0,3e.csv
1624,5,5,0,3f.csv
1624,0,0,0,3g.csv
1625,10,4,6,1a.csv
1625,7,7,0,1b.csv
1625,3,2,1,1c.csv
1625,5,5,0,1e.csv
1625,0,0,0,1f.csv
1625,3,3,0,1g.csv
1625,4,3,1,1h.csv
1625,1,1,0,1i.csv
1625,0,0,0,1j.csv
1625,0,0,0,1k.csv
1625,0,0,0,1l.csv
1625,6,6,0,1m.csv
1625,1,1,0,2a.csv
1625,1,1,0,2b.csv
1625,0,0,0,2c.csv
1625,1,1,0,2d.csv
1625,0,0,0,2e.csv
1625,0,0,0,2f.csv
1625,0,0,0,2g.csv
1625,0,0,0,2h.csv
1625,0,0,0,2i.csv
1625,1,1,0,2j.csv
1625,1,1,0,2k.csv
1625,5,5,0,2l.csv
1625,2,1,1,3a.csv
1625,15,10,5,3b.csv
1625,5,2,3,3c.csv
1625,5,2,3,3d.csv
1625,7,7,0,3e.csv
1625,5,5,0,3f.csv
1625,1,1,0,3g.csv
1626,10,5,5,1a.csv
1626,8,8,0,1b.csv
1626,3,2,1,1c.csv
1626,6,6,0,1e.csv
1626,1,1,0,1f.csv
1626,2,2,0,1g.csv
1626,3,2,1,1h.csv
1626,1,1,0,1i.csv
1626,0,0,0,1j.csv
1626,0,0,0,1k.csv
1626,0,0,0,1l.csv
1626,6,6,0,1m.csv
1626,2,2,0,2a.csv
1626,1,1,0,2b.csv
1626,2,1,1,2c.csv
1626,1,1,0,2d.csv
1626,0,0,0,2e.csv
1626,1,1,0,2f.csv
1626,0,0,0,2g.csv
1626,0,0,0,2h.csv
1626,0,0,0,2i.csv
1626,1,1,0,2j.csv
1626,0,0,0,2k.csv
1626,3,3,0,2l.csv
1626,3,2,1,3a.csv
1626,14,9,5,3b.csv
1626,4,1,3,3c.csv
1626,4,1,3,3d.csv
1626,6,6,0,3e.csv
1626,5,5,0,3f.csv
1626,1,1,0,3g.csv
1627,9,5,4,1a.csv
1627,8,8,0,1b.csv
1627,3,2,1,1c.csv
1627,5,5,0,1e.csv
1627,1,1,0,1f.csv
1627,3,3,0,1g.csv
1627,3,2,1,1h.csv
1627,1,1,0,1i.csv
1627,0,0,0,1j.csv
1627,0,0,0,1k.csv
1627,0,0,0,1l.csv
1627,7,7,0,1m.csv
1627,2,2,0,2a.csv
1627,1,1,0,2b.csv
1627,3,1,2,2c.csv
1627,2,2,0,2d.csv
1627,0,0,0,2e.csv
1627,1,1,0,2f.csv
1627,0,0,0,2g.csv
1627,0,0,0,2h.csv
1627,0,0,0,2i.csv
1627,1,1,0,2j.csv
1627,0,0,0,2k.csv
1627,3,3,0,2l.csv
1627,4,3,1,3a.csv
1627,15,10,5,3b.csv
1627,7,2,5,3c.csv
1627,7,2,5,3d.csv
1627,5,5,0,3e.csv
1627,6,6,0,3f.csv
1627,1,1,0,3g.csv
1628,9,5,4,1a.csv
1628,8,8,0,1b.csv
1628,2,2,0,1c.csv
1628,5,5,0,1e.csv
1628,1,1,0,1f.csv
1628,3,3,0,1g.csv
1628,3,2,1,1h.csv
1628,1,1,0,1i.csv
1628,0,0,0,1j.csv
1628,0,0,0,1k.csv
1628,0,0,0,1l.csv
1628,5,5,0,1m.csv
1628,2,2,0,2a.csv
1628,1,1,0,2b.csv
1628,5,1,4,2c.csv
1628,1,1,0,2d.csv
1628,0,0,0,2e.csv
1628,1,1,0,2f.csv
1628,0,0,0,2g.csv
1628,0,0,0,2h.csv
1628,0,0,0,2i.csv
1628,1,0,1,2j.csv
1628,0,0,0,2k.csv
1628,3,3,0,2l.csv
1628,4,3,1,3a.csv
1628,13,10,3,3b.csv
1628,7,3,4,3c.csv
1628,7,3,4,3d.csv
1628,3,3,0,3e.csv
1628,5,5,0,3f.csv
1628,2,2,0,3g.csv
1629,8,4,4,1a.csv
1629,8,8,0,1b.csv
1629,3,3,0,1c.csv
1629,4,4,0,1e.csv
1629,1,1,0,1f.csv
1629,2,2,0,1g.csv
1629,2,1,1,1h.csv
1629,1,1,0,1i.csv
1629,0,0,0,1j.csv
1629,0,0,0,1k.csv
1629,0,0,0,1l.csv
1629,9,9,0,1m.csv
1629,1,1,0,2a.csv
1629,1,1,0,2b.csv
1629,5,1,4,2c.csv
1629,1,1,0,2d.csv
1629,0,0,0,2e.csv
1629,1,1,0,2f.csv
1629,0,0,0,2g.csv
1629,0,0,0,2h.csv
1629,0,0,0,2i.csv
1629,1,0,1,2j.csv
1629,0,0,0,2k.csv
1629,3,3,0,2l.csv
1629,4,4,0,3a.csv
1629,14,11,3,3b.csv
1629,5,2,3,3c.csv
1629,5,2,3,3d.csv
1629,4,4,0,3e.csv
1629,6,5,1,3f.csv
1629,3,3,0,3g.csv
1630,7,3,4,1a.csv
1630,8,8,0,1b.csv
1630,3,3,0,1c.csv
1630,5,5,0,1e.csv
1630,1,1,0,1f.csv
1630,1,1,0,1g.csv
1630,2,1,1,1h.csv
1630,1,1,0,1i.csv
1630,0,0,0,1j.csv
1630,0,0,0,1k.csv
1630,0,0,0,1l.csv
1630,10,10,0,1m.csv
1630,1,1,0,2a.csv
1630,2,2,0,2b.csv
1630,6,2,4,2c.csv
1630,1,1,0,2d.csv
1630,0,0,0,2e.csv
1630,1,1,0,2f.csv
1630,0,0,0,2g.csv
1630,0,0,0,2h.csv
1630,0,0,0,2i.csv
1630,1,0,1,2j.csv
1630,0,0,0,2k.csv
1630,3,3,0,2l.csv
1630,4,4,0,3a.csv
1630,16,14,2,3b.csv
1630,4,2,2,3c.csv
1630,4,2,2,3d.csv
1630,3,3,0,3e.csv
1630,6,5,1,3f.csv
1630,3,3,0,3g.csv
1631,7,4,3,1a.csv
1631,5,5,0,1b.csv
1631,2,2,0,1c.csv
1631,6,6,0,1e.csv
1631,1,1,0,1f.csv
1631,1,1,0,1g.csv
1631,0,0,0,1h.csv
1631,1,1,0,1i.csv
1631,0,0,0,1j.csv
1631,0,0,0,1k.csv
1631,0,0,0,1l.csv
1631,10,10,0,1m.csv
1631,1,1,0,2a.csv
1631,3,3,0,2b.csv
1631,6,2,4,2c.csv
1631,1,1,0,2d.csv
1631,0,0,0,2e.csv
1631,1,1,0,2f.csv
1631,0,0,0,2g.csv
1631,0,0,0,2h.csv
1631,0,0,0,2i.csv
1631,1,0,1,2j.csv
1631,0,0,0,2k.csv
1631,2,2,0,2l.csv
1631,4,4,0,3a.csv
1631,15,14,1,3b.csv
1631,5,3,2,3c.csv
1631,5,3,2,3d.csv
1631,1,1,0,3e.csv
1631,3,2,1,3f.csv
1631,3,3,0,3g.csv
1632,4,3,1,1a.csv
1632,6,6,0,1b.csv
1632,2,2,0,1c.csv
1632,6,6,0,1e.csv
1632,1,1,0,1f.csv
1632,1,1,0,1g.csv
1632,1,1,0,1h.csv
1632,1,1,0,1i.csv
1632,1,1,0,1j.csv
1632,0,0,0,1k.csv
1632,0,0,0,1l.csv
1632,11,11,0,1m.csv
1632,1,1,0,2a.csv
1632,2,2,0,2b.csv
1632,6,2,4,2c.csv
1632,1,1,0,2d.csv
1632,0,0,0,2e.csv
1632,1,1,0,2f.csv
1632,0,0,0,2g.csv
1632,0,0,0,2h.csv
1632,0,0,0,2i.csv
1632,1,0,1,2j.csv
1632,0,0,0,2k.csv
1632,1,1,0,2l.csv
1632,5,4,1,3a.csv
1632,15,13,2,3b.csv
1632,5,3,2,3c.csv
1632,5,3,2,3d.csv
1632,2,2,0,3e.csv
1632,3,2,1,3f.csv
1632,3,3,0,3g.csv
1633,3,2,1,1a.csv
1633,5,5,0,1b.csv
1633,2,2,0,1c.csv
1633,4,4,0,1e.csv
1633,1,1,0,1f.csv
1633,1,1,0,1g.csv
1633,1,1,0,1h.csv
1633,1,1,0,1i.csv
1633,1,1,0,1j.csv
1633,0,0,0,1k.csv
1633,0,0,0,1l.csv
1633,10,10,0,1m.csv
1633,1,1,0,2a.csv
1633,2,2,0,2b.csv
1633,6,2,4,2c.csv
1633,1,1,0,2d.csv
1633,0,0,0,2e.csv
1633,1,1,0,2f.csv
1633,0,0,0,2g.csv
1633,0,0,0,2h.csv
1633,0,0,0,2i.csv
1633,1,0,1,2j.csv
1633,0,0,0,2k.csv
1633,0,0,0,2l.csv
1633,5,4,1,3a.csv
1633,13,11,2,3b.csv
1633,7,4,3,3c.csv
1633,7,4,3,3d.csv
1633,3,3,0,3e.csv
1633,3,2,1,3f.csv
1633,2,2,0,3g.csv
1634,3,2,1,1a.csv
1634,4,4,0,1b.csv
1634,2,2,0,1c.csv
1634,3,3,0,1e.csv
1634,1,1,0,1f.csv
1634,1,1,0,1g.csv
1634,1,1,0,1h.csv
1634,0,0,0,1i.csv
1634,1,1,0,1j.csv
1634,0,0,0,1k.csv
1634,0,0,0,1l.csv
1634,11,11,0,1m.csv
1634,0,0,0,2a.csv
1634,2,2,0,2b.csv
1634,4,1,3,2c.csv
1634,1,1,0,2d.csv
1634,0,0,0,2e.csv
1634,0,0,0,2f.csv
1634,0,0,0,2g.csv
1634,0,0,0,2h.csv
1634,0,0,0,2i.csv
1634,2,1,1,2j.csv
1634,0,0,0,2k.csv
1634,0,0,0,2l.csv
1634,4,3,1,3a.csv
1634,15,14,1,3b.csv
1634,7,4,3,3c.csv
1634,7,4,3,3d.csv
1634,5,4,1,3e.csv
1634,3,2,1,3f.csv
1634,3,2,1,3g.csv
1635,3,2,1,1a.csv
1635,4,4,0,1b.csv
1635,2,2,0,1c.csv
1635,4,4,0,1e.csv
1635,2,2,0,1f.csv
1635,0,0,0,1g.csv
1635,1,1,0,1h.csv
1635,0,0,0,1i.csv
1635,1,1,0,1j.csv
1635,0,0,0,1k.csv
1635,0,0,0,1l.csv
1635,11,11,0,1m.csv
1635,0,0,0,2a.csv
1635,2,2,0,2b.csv
1635,3,1,2,2c.csv
1635,0,0,0,2d.csv
1635,0,0,0,2e.csv
1635,0,0,0,2f.csv
1635,0,0,0,2g.csv
1635,0,0,0,2h.csv
1635,0,0,0,2i.csv
1635,2,1,1,2j.csv
1635,0,0,0,2k.csv
1635,0,0,0,2l.csv
1635,4,3,1,3a.csv
1635,14,12,2,3b.csv
1635,4,3,1,3c.csv
1635,4,3,1,3d.csv
1635,8,6,2,3e.csv
1635,3,2,1,3f.csv
1635,4,3,1,3g.csv
1636,3,2,1,1a.csv
1636,4,4,0,1b.csv
1636,2,2,0,1c.csv
1636,4,4,0,1e.csv
1636,2,2,0,1f.csv
1636,0,0,0,1g.csv
1636,1,1,0,1h.csv
1636,0,0,0,1i.csv
1636,1,1,0,1j.csv
1636,0,0,0,1k.csv
1636,0,0,0,1l.csv
1636,10,10,0,1m.csv
1636,0,0,0,2a.csv
1636,2,2,0,2b.csv
1636,1,1,0,2c.csv
1636,0,0,0,2d.csv
1636,0,0,0,2e.csv
1636,0,0,0,2f.csv
1636,0,0,0,2g.csv
1636,0,0,0,2h.csv
1636,0,0,0,2i.csv
1636,1,1,0,2j.csv
1636,0,0,0,2k.csv
1636,0,0,0,2l.csv
1636,5,4,1,3a.csv
1636,15,13,2,3b.csv
1636,5,3,2,3c.csv
1636,5,3,2,3d.csv
1636,13,10,3,3e.csv
1636,3,2,1,3f.csv
1636,3,2,1,3g.csv
1637,2,2,0,1a.csv
1637,4,4,0,1b.csv
1637,1,1,0,1c.csv
1637,4,3,1,1e.csv
1637,2,2,0,1f.csv
1637,0,0,0,1g.csv
1637,2,2,0,1h.csv
1637,0,0,0,1i.csv
1637,1,1,0,1j.csv
1637,0,0,0,1k.csv
1637,0,0,0,1l.csv
1637,6,6,0,1m.csv
1637,0,0,0,2a.csv
1637,2,2,0,2b.csv
1637,1,1,0,2c.csv
1637,1,1,0,2d.csv
1637,0,0,0,2e.csv
1637,0,0,0,2f.csv
1637,0,0,0,2g.csv
1637,0,0,0,2h.csv
1637,0,0,0,2i.csv
1637,1,1,0,2j.csv
1637,0,0,0,2k.csv
1637,0,0,0,2l.csv
1637,4,3,1,3a.csv
1637,17,15,2,3b.csv
1637,5,3,2,3c.csv
1637,5,3,2,3d.csv
1637,14,10,4,3e.csv
1637,2,2,0,3f.csv
1637,2,1,1,3g.csv
1638,2,2,0,1a.csv
1638,3,3,0,1b.csv
1638,1,1,0,1c.csv
1638,3,2,1,1e.csv
1638,2,2,0,1f.csv
1638,0,0,0,1g.csv
1638,2,2,0,1h.csv
1638,0,0,0,1i.csv
1638,1,1,0,1j.csv
1638,0,0,0,1k.csv
1638,0,0,0,1l.csv
1638,4,4,0,1m.csv
1638,0,0,0,2a.csv
1638,1,1,0,2b.csv
1638,0,0,0,2c.csv
1638,1,1,0,2d.csv
1638,0,0,0,2e.csv
1638,0,0,0,2f.csv
1638,0,0,0,2g.csv
1638,0,0,0,2h.csv
1638,0,0,0,2i.csv
1638,2,2,0,2j.csv
1638,0,0,0,2k.csv
1638,0,0,0,2l.csv
1638,4,3,1,3a.csv
1638,17,15,2,3b.csv
1638,5,3,2,3c.csv
1638,5,3,2,3d.csv
1638,14,10,4,3e.csv
1638,1,1,0,3f.csv
1638,2,1,1,3g.csv
1639,3,3,0,1a.csv
1639,3,3,0,1b.csv
1639,1,1,0,1c.csv
1639,3,1,2,1e.csv
1639,2,2,0,1f.csv
1639,0,0,0,1g.csv
1639,2,2,0,1h.csv
1639,1,1,0,1i.csv
1639,1,1,0,1j.csv
1639,0,0,0,1k.csv
1639,0,0,0,1l.csv
1639,4,3,1,1m.csv
1639,0,0,0,2a.csv
1639,0,0,0,2b.csv
1639,0,0,0,2c.csv
1639,1,1,0,2d.csv
1639,0,0,0,2e.csv
1639,0,0,0,2f.csv
1639,0,0,0,2g.csv
1639,0,0,0,2h.csv
1639,0,0,0,2i.csv
1639,2,2,0,2j.csv
1639,0,0,0,2k.csv
1639,0,0,0,2l.csv
1639,5,4,1,3a.csv
1639,18,15,3,3b.csv
1639,4,2,2,3c.csv
1639,4,2,2,3d.csv
1639,14,10,4,3e.csv
1639,1,1,0,3f.csv
1639,3,2,1,3g.csv
1640,3,3,0,1a.csv
1640,2,2,0,1b.csv
1640,0,0,0,1c.csv
1640,3,1,2,1e.csv
1640,2,2,0,1f.csv
1640,0,0,0,1g.csv
1640,2,2,0,1h.csv
1640,2,2,0,1i.csv
1640,0,0,0,1j.csv
1640,0,0,0,1k.csv
1640,0,0,0,1l.csv
1640,4,3,1,1m.csv
1640,0,0,0,2a.csv
1640,0,0,0,2b.csv
1640,1,0,1,2c.csv
1640,1,1,0,2d.csv
1640,0,0,0,2e.csv
1640,0,0,0,2f.csv
1640,0,0,0,2g.csv
1640,0,0,0,2h.csv
1640,0,0,0,2i.csv
1640,2,2,0,2j.csv
1640,0,0,0,2k.csv
1640,0,0,0,2l.csv
1640,4,4,0,3a.csv
1640,15,13,2,3b.csv
1640,5,3,2,3c.csv
1640,5,3,2,3d.csv
1640,14,10,4,3e.csv
1640,1,1,0,3f.csv
1640,3,2,1,3g.csv
1641,4,4,0,1a.csv
1641,3,3,0,1b.csv
1641,0,0,0,1c.csv
1641,3,1,2,1e.csv
1641,2,2,0,1f.csv
1641,0,0,0,1g.csv
1641,2,2,0,1h.csv
1641,2,2,0,1i.csv
1641,0,0,0,1j.csv
1641,0,0,0,1k.csv
1641,0,0,0,1l.csv
1641,5,4,1,1m.csv
1641,0,0,0,2a.csv
1641,0,0,0,2b.csv
1641,1,0,1,2c.csv
1641,2,2,0,2d.csv
1641,0,0,0,2e.csv
1641,0,0,0,2f.csv
1641,0,0,0,2g.csv
1641,0,0,0,2h.csv
1641,0,0,0,2i.csv
1641,2,2,0,2j.csv
1641,0,0,0,2k.csv
1641,1,0,1,2l.csv
1641,3,3,0,3a.csv
1641,15,12,3,3b.csv
1641,3,2,1,3c.csv
1641,3,2,1,3d.csv
1641,15,10,5,3e.csv
1641,1,1,0,3f.csv
1641,3,2,1,3g.csv
1642,4,3,1,1a.csv
1642,3,3,0,1b.csv
1642,0,0,0,1c.csv
1642,3,1,2,1e.csv
1642,2,2,0,1f.csv
1642,1,0,1,1g.csv
1642,2,2,0,1h.csv
1642,2,2,0,1i.csv
1642,0,0,0,1j.csv
1642,0,0,0,1k.csv
1642,0,0,0,1l.csv
1642,4,3,1,1m.csv
1642,0,0,0,2a.csv
1642,0,0,0,2b.csv
1642,1,0,1,2c.csv
1642,2,2,0,2d.csv
1642,0,0,0,2e.csv
1642,0,0,0,2f.csv
1642,0,0,0,2g.csv
1642,0,0,0,2h.csv
1642,0,0,0,2i.csv
1642,1,1,0,2j.csv
1642,0,0,0,2k.csv
1642,1,0,1,2l.csv
1642,3,3,0,3a.csv
1642,12,9,3,3b.csv
1642,3,2,1,3c.csv
1642,3,2,1,3d.csv
1642,16,11,5,3e.csv
1642,1,1,0,3f.csv
1642,2,2,0,3g.csv
1643,4,3,1,1a.csv
1643,3,3,0,1b.csv
1643,0,0,0,1c.csv
1643,2,0,2,1e.csv
1643,1,1,0,1f.csv
1643,1,0,1,1g.csv
1643,2,2,0,1h.csv
1643,2,2,0,1i.csv
1643,0,0,0,1j.csv
1643,0,0,0,1k.csv
1643,0,0,0,1l.csv
1643,3,2,1,1m.csv
1643,0,0,0,2a.csv
1643,0,0,0,2b.csv
1643,1,0,1,2c.csv
1643,2,2,0,2d.csv
1643,0,0,0,2e.csv
1643,0,0,0,2f.csv
1643,0,0,0,2g.csv
1643,0,0,0,2h.csv
1643,0,0,0,2i.csv
1643,1,1,0,2j.csv
1643,0,0,0,2k.csv
1643,1,0,1,2l.csv
1643,3,3,0,3a.csv
1643,13,11,2,3b.csv
1643,4,3,1,3c.csv
1643,4,3,1,3d.csv
1643,13,9,4,3e.csv
1643,0,0,0,3f.csv
1643,1,1,0,3g.csv
1644,4,3,1,1a.csv
1644,3,3,0,1b.csv
1644,0,0,0,1c.csv
1644,2,0,2,1e.csv
1644,3,3,0,1f.csv
1644,1,0,1,1g.csv
1644,2,2,0,1h.csv
1644,2,2,0,1i.csv
1644,0,0,0,1j.csv
1644,0,0,0,1k.csv
1644,0,0,0,1l.csv
1644,3,2,1,1m.csv
1644,0,0,0,2a.csv
1644,0,0,0,2b.csv
1644,1,0,1,2c.csv
1644,2,2,0,2d.csv
1644,0,0,0,2e.csv
1644,0,0,0,2f.csv
1644,0,0,0,2g.csv
1644,0,0,0,2h.csv
1644,0,0,0,2i.csv
1644,1,1,0,2j.csv
1644,0,0,0,2k.csv
1644,1,0,1,2l.csv
1644,2,2,0,3a.csv
1644,11,9,2,3b.csv
1644,3,3,0,3c.csv
1644,3,3,0,3d.csv
1644,10,6,4,3e.csv
1644,0,0,0,3f.csv
1644,1,1,0,3g.csv
1645,4,3,1,1a.csv
1645,2,2,0,1b.csv
1645,0,0,0,1c.csv
1645,1,0,1,1e.csv
1645,5,5,0,1f.csv
1645,1,0,1,1g.csv
1645,1,1,0,1h.csv
1645,2,2,0,1i.csv
1645,0,0,0,1j.csv
1645,0,0,0,1k.csv
1645,0,0,0,1l.csv
1645,3,2,1,1m.csv
1645,0,0,0,2a.csv
1645,0,0,0,2b.csv
1645,1,0,1,2c.csv
1645,1,1,0,2d.csv
1645,0,0,0,2e.csv
1645,0,0,0,2f.csv
1645,0,0,0,2g.csv
1645,0,0,0,2h.csv
1645,0,0,0,2i.csv
1645,1,1,0,2j.csv
1645,0,0,0,2k.csv
1645,1,0,1,2l.csv
1645,2,2,0,3a.csv
1645,9,6,3,3b.csv
1645,4,3,1,3c.csv
1645,4,3,1,3d.csv
1645,9,6,3,3e.csv
1645,0,0,0,3f.csv
1645,2,2,0,3g.csv
1646,5,4,1,1a.csv
1646,1,1,0,1b.csv
1646,0,0,0,1c.csv
1646,1,0,1,1e.csv
1646,5,5,0,1f.csv
1646,1,0,1,1g.csv
1646,2,2,0,1h.csv
1646,2,2,0,1i.csv
1646,0,0,0,1j.csv
1646,1,1,0,1k.csv
1646,0,0,0,1l.csv
1646,3,2,1,1m.csv
1646,0,0,0,2a.csv
1646,0,0,0,2b.csv
1646,1,0,1,2c.csv
1646,1,1,0,2d.csv
1646,0,0,0,2e.csv
1646,0,0,0,2f.csv
1646,0,0,0,2g.csv
1646,0,0,0,2h.csv
1646,0,0,0,2i.csv
1646,0,0,0,2j.csv
1646,1,1,0,2k.csv
1646,1,0,1,2l.csv
1646,2,2,0,3a.csv
1646,7,4,3,3b.csv
1646,5,3,2,3c.csv
1646,5,3,2,3d.csv
1646,9,6,3,3e.csv
1646,0,0,0,3f.csv
1646,2,2,0,3g.csv
1647,3,2,1,1a.csv
1647,1,1,0,1b.csv
1647,1,1,0,1c.csv
1647,0,0,0,1e.csv
1647,6,6,0,1f.csv
1647,1,0,1,1g.csv
1647,2,2,0,1h.csv
1647,1,1,0,1i.csv
1647,0,0,0,1j.csv
1647,1,1,0,1k.csv
1647,0,0,0,1l.csv
1647,3,3,0,1m.csv
1647,0,0,0,2a.csv
1647,0,0,0,2b.csv
1647,1,0,1,2c.csv
1647,1,1,0,2d.csv
1647,0,0,0,2e.csv
1647,0,0,0,2f.csv
1647,0,0,0,2g.csv
1647,0,0,0,2h.csv
1647,0,0,0,2i.csv
1647,0,0,0,2j.csv
1647,1,1,0,2k.csv
1647,1,0,1,2l.csv
1647,1,1,0,3a.csv
1647,8,5,3,3b.csv
1647,5,3,2,3c.csv
1647,5,3,2,3d.csv
1647,9,6,3,3e.csv
1647,0,0,0,3f.csv
1647,1,1,0,3g.csv
1648,5,3,2,1a.csv
1648,1,1,0,1b.csv
1648,1,1,0,1c.csv
1648,0,0,0,1e.csv
1648,7,7,0,1f.csv
1648,1,0,1,1g.csv
1648,3,3,0,1h.csv
1648,0,0,0,1i.csv
1648,0,0,0,1j.csv
1648,1,1,0,1k.csv
1648,0,0,0,1l.csv
1648,2,2,0,1m.csv
1648,0,0,0,2a.csv
1648,0,0,0,2b.csv
1648,1,1,0,2c.csv
1648,1,1,0,2d.csv
1648,0,0,0,2e.csv
1648,1,1,0,2f.csv
1648,0,0,0,2g.csv
1648,0,0,0,2h.csv
1648,0,0,0,2i.csv
1648,0,0,0,2j.csv
1648,1,1,0,2k.csv
1648,1,0,1,2l.csv
1648,3,2,1,3a.csv
1648,8,5,3,3b.csv
1648,5,3,2,3c.csv
1648,5,3,2,3d.csv
1648,9,6,3,3e.csv
1648,0,0,0,3f.csv
1648,1,1,0,3g.csv
1649,4,2,2,1a.csv
1649,0,0,0,1b.csv
1649,1,1,0,1c.csv
1649,0,0,0,1e.csv
1649,8,7,1,1f.csv
1649,1,0,1,1g.csv
1649,3,3,0,1h.csv
1649,0,0,0,1i.csv
1649,0,0,0,1j.csv
1649,1,1,0,1k.csv
1649,0,0,0,1l.csv
1649,1,1,0,1m.csv
1649,1,1,0,2a.csv
1649,0,0,0,2b.csv
1649,1,1,0,2c.csv
1649,0,0,0,2d.csv
1649,0,0,0,2e.csv
1649,1,1,0,2f.csv
1649,0,0,0,2g.csv
1649,0,0,0,2h.csv
1649,0,0,0,2i.csv
1649,0,0,0,2j.csv
1649,2,2,0,2k.csv
1649,1,0,1,2l.csv
1649,3,2,1,3a.csv
1649,7,5,2,3b.csv
1649,5,3,2,3c.csv
1649,5,3,2,3d.csv
1649,9,7,2,3e.csv
1649,1,1,0,3f.csv
1649,1,1,0,3g.csv
1650,5,3,2,1a.csv
1650,1,1,0,1b.csv
1650,1,1,0,1c.csv
1650,2,2,0,1e.csv
1650,7,6,1,1f.csv
1650,0,0,0,1g.csv
1650,4,3,1,1h.csv
1650,0,0,0,1i.csv
1650,0,0,0,1j.csv
1650,1,1,0,1k.csv
1650,0,0,0,1l.csv
1650,1,1,0,1m.csv
1650,1,1,0,2a.csv
1650,0,0,0,2b.csv
1650,1,1,0,2c.csv
1650,0,0,0,2d.csv
1650,0,0,0,2e.csv
1650,1,1,0,2f.csv
1650,0,0,0,2g.csv
1650,0,0,0,2h.csv
1650,0,0,0,2i.csv
1650,0,0,0,2j.csv
1650,2,2,0,2k.csv
1650,1,0,1,2l.csv
1650,5,4,1,3a.csv
1650,7,5,2,3b.csv
1650,5,3,2,3c.csv
1650,5,3,2,3d.csv
1650,6,5,1,3e.csv
1650,1,1,0,3f.csv
1650,2,2,0,3g.csv
1651,6,4,2,1a.csv
1651,2,2,0,1b.csv
1651,1,1,0,1c.csv
1651,2,2,0,1e.csv
1651,7,6,1,1f.csv
1651,0,0,0,1g.csv
1651,5,4,1,1h.csv
1651,0,0,0,1i.csv
1651,0,0,0,1j.csv
1651,1,1,0,1k.csv
1651,0,0,0,1l.csv
1651,2,2,0,1m.csv
1651,1,1,0,2a.csv
1651,0,0,0,2b.csv
1651,1,1,0,2c.csv
1651,1,1,0,2d.csv
1651,0,0,0,2e.csv
1651,2,1,1,2f.csv
1651,0,0,0,2g.csv
1651,0,0,0,2h.csv
1651,0,0,0,2i.csv
1651,1,1,0,2j.csv
1651,2,2,0,2k.csv
1651,1,0,1,2l.csv
1651,5,4,1,3a.csv
1651,6,4,2,3b.csv
1651,4,2,2,3c.csv
1651,4,2,2,3d.csv
1651,6,5,1,3e.csv
1651,1,1,0,3f.csv
1651,2,2,0,3g.csv
1652,6,4,2,1a.csv
1652,3,2,1,1b.csv
1652,1,1,0,1c.csv
1652,3,3,0,1e.csv
1652,7,6,1,1f.csv
1652,0,0,0,1g.csv
1652,5,4,1,1h.csv
1652,0,0,0,1i.csv
1652,0,0,0,1j.csv
1652,1,1,0,1k.csv
1652,0,0,0,1l.csv
1652,3,3,0,1m.csv
1652,1,1,0,2a.csv
1652,0,0,0,2b.csv
1652,1,1,0,2c.csv
1652,1,1,0,2d.csv
1652,0,0,0,2e.csv
1652,2,1,1,2f.csv
1652,0,0,0,2g.csv
1652,0,0,0,2h.csv
1652,0,0,0,2i.csv
1652,1,1,0,2j.csv
1652,2,2,0,2k.csv
1652,1,0,1,2l.csv
1652,5,4,1,3a.csv
1652,6,4,2,3b.csv
1652,3,1,2,3c.csv
1652,3,1,2,3d.csv
1652,5,5,0,3e.csv
1652,1,1,0,3f.csv
1652,2,2,0,3g.csv
1653,7,4,3,1a.csv
1653,3,2,1,1b.csv
1653,1,1,0,1c.csv
1653,3,3,0,1e.csv
1653,7,5,2,1f.csv
1653,0,0,0,1g.csv
1653,5,4,1,1h.csv
1653,0,0,0,1i.csv
1653,0,0,0,1j.csv
1653,1,1,0,1k.csv
1653,0,0,0,1l.csv
1653,3,3,0,1m.csv
1653,1,1,0,2a.csv
1653,0,0,0,2b.csv
1653,1,1,0,2c.csv
1653,1,1,0,2d.csv
1653,0,0,0,2e.csv
1653,2,1,1,2f.csv
1653,0,0,0,2g.csv
1653,0,0,0,2h.csv
1653,0,0,0,2i.csv
1653,1,1,0,2j.csv
1653,2,2,0,2k.csv
1653,1,0,1,2l.csv
1653,7,4,3,3a.csv
1653,5,4,1,3b.csv
1653,2,1,1,3c.csv
1653,2,1,1,3d.csv
1653,4,4,0,3e.csv
1653,1,1,0,3f.csv
1653,1,1,0,3g.csv
1654,7,4,3,1a.csv
1654,4,3,1,1b.csv
1654,1,1,0,1c.csv
1654,3,3,0,1e.csv
1654,8,6,2,1f.csv
1654,0,0,0,1g.csv
1654,4,3,1,1h.csv
1654,0,0,0,1i.csv
1654,0,0,0,1j.csv
1654,0,0,0,1k.csv
1654,0,0,0,1l.csv
1654,4,4,0,1m.csv
1654,1,1,0,2a.csv
1654,0,0,0,2b.csv
1654,2,2,0,2c.csv
1654,1,1,0,2d.csv
1654,0,0,0,2e.csv
1654,2,1,1,2f.csv
1654,1,1,0,2g.csv
1654,0,0,0,2h.csv
1654,0,0,0,2i.csv
1654,1,1,0,2j.csv
1654,1,1,0,2k.csv
1654,1,0,1,2l.csv
1654,8,5,3,3a.csv
1654,5,3,2,3b.csv
1654,2,2,0,3c.csv
1654,2,2,0,3d.csv
1654,5,5,0,3e.csv
1654,1,1,0,3f.csv
1654,1,1,0,3g.csv
1655,7,4,3,1a.csv
1655,6,5,1,1b.csv
1655,1,1,0,1c.csv
1655,3,3,0,1e.csv
1655,7,5,2,1f.csv
1655,1,1,0,1g.csv
1655,4,3,1,1h.csv
1655,0,0,0,1i.csv
1655,0,0,0,1j.csv
1655,0,0,0,1k.csv
1655,0,0,0,1l.csv
1655,3,3,0,1m.csv
1655,1,1,0,2a.csv
1655,0,0,0,2b.csv
1655,2,2,0,2c.csv
1655,1,1,0,2d.csv
1655,0,0,0,2e.csv
1655,2,1,1,2f.csv
1655,1,1,0,2g.csv
1655,0,0,0,2h.csv
1655,0,0,0,2i.csv
1655,1,1,0,2j.csv
1655,1,1,0,2k.csv
1655,1,0,1,2l.csv
1655,8,5,3,3a.csv
1655,3,2,1,3b.csv
1655,2,2,0,3c.csv
1655,2,2,0,3d.csv
1655,5,5,0,3e.csv
1655,3,2,1,3f.csv
1655,1,1,0,3g.csv
1656,5,3,2,1a.csv
1656,6,5,1,1b.csv
1656,1,1,0,1c.csv
1656,3,3,0,1e.csv
1656,6,4,2,1f.csv
1656,1,1,0,1g.csv
1656,2,1,1,1h.csv
1656,0,0,0,1i.csv
1656,0,0,0,1j.csv
1656,0,0,0,1k.csv
1656,0,0,0,1l.csv
1656,3,3,0,1m.csv
1656,1,1,0,2a.csv
1656,0,0,0,2b.csv
1656,1,1,0,2c.csv
1656,1,1,0,2d.csv
1656,0,0,0,2e.csv
1656,1,0,1,2f.csv
1656,1,1,0,2g.csv
1656,0,0,0,2h.csv
1656,0,0,0,2i.csv
1656,1,1,0,2j.csv
1656,1,1,0,2k.csv
1656,1,0,1,2l.csv
1656,8,5,3,3a.csv
1656,3,2,1,3b.csv
1656,2,2,0,3c.csv
1656,2,2,0,3d.csv
1656,5,4,1,3e.csv
1656,4,3,1,3f.csv
1656,1,1,0,3g.csv
1657,8,4,4,1a.csv
1657,6,5,1,1b.csv
1657,1,1,0,1c.csv
1657,3,3,0,1e.csv
1657,6,5,1,1f.csv
1657,1,1,0,1g.csv
1657,2,1,1,1h.csv
1657,0,0,0,1i.csv
1657,0,0,0,1j.csv
1657,0,0,0,1k.csv
1657,0,0,0,1l.csv
1657,3,3,0,1m.csv
1657,0,0,0,2a.csv
1657,0,0,0,2b.csv
1657,1,1,0,2c.csv
1657,1,1,0,2d.csv
1657,0,0,0,2e.csv
1657,1,0,1,2f.csv
1657,1,1,0,2g.csv
1657,0,0,0,2h.csv
1657,0,0,0,2i.csv
1657,1,1,0,2j.csv
1657,0,0,0,2k.csv
1657,0,0,0,2l.csv
1657,10,6,4,3a.csv
1657,3,2,1,3b.csv
1657,4,4,0,3c.csv
1657,4,4,0,3d.csv
1657,3,2,1,3e.csv
1657,4,3,1,3f.csv
1657,1,1,0,3g.csv
1658,7,4,3,1a.csv
1658,5,4,1,1b.csv
1658,1,1,0,1c.csv
1658,1,1,0,1e.csv
1658,6,5,1,1f.csv
1658,2,2,0,1g.csv
1658,1,1,0,1h.csv
1658,0,0,0,1i.csv
1658,0,0,0,1j.csv
1658,0,0,0,1k.csv
1658,1,1,0,1l.csv
1658,3,3,0,1m.csv
1658,0,0,0,2a.csv
1658,0,0,0,2b.csv
1658,1,1,0,2c.csv
1658,1,1,0,2d.csv
1658,0,0,0,2e.csv
1658,1,0,1,2f.csv
1658,1,1,0,2g.csv
1658,0,0,0,2h.csv
1658,0,0,0,2i.csv
1658,1,1,0,2j.csv
1658,0,0,0,2k.csv
1658,0,0,0,2l.csv
1658,9,5,4,3a.csv
1658,4,2,2,3b.csv
1658,5,5,0,3c.csv
1658,5,5,0,3d.csv
1658,3,2,1,3e.csv
1658,5,4,1,3f.csv
1658,0,0,0,3g.csv
1659,6,3,3,1a.csv
1659,4,3,1,1b.csv
1659,1,1,0,1c.csv
1659,2,2,0,1e.csv
1659,6,5,1,1f.csv
1659,2,2,0,1g.csv
1659,0,0,0,1h.csv
1659,0,0,0,1i.csv
1659,0,0,0,1j.csv
1659,0,0,0,1k.csv
1659,1,1,0,1l.csv
1659,2,2,0,1m.csv
1659,0,0,0,2a.csv
1659,0,0,0,2b.csv
1659,2,2,0,2c.csv
1659,0,0,0,2d.csv
1659,0,0,0,2e.csv
1659,0,0,0,2f.csv
1659,1,1,0,2g.csv
1659,0,0,0,2h.csv
1659,0,0,0,2i.csv
1659,0,0,0,2j.csv
1659,0,0,0,2k.csv
1659,0,0,0,2l.csv
1659,10,5,5,3a.csv
1659,4,2,2,3b.csv
1659,6,6,0,3c.csv
1659,6,6,0,3d.csv
1659,4,2,2,3e.csv
1659,5,4,1,3f.csv
1659,0,0,0,3g.csv
1660,7,4,3,1a.csv
1660,3,3,0,1b.csv
1660,1,1,0,1c.csv
1660,1,1,0,1e.csv
1660,4,3,1,1f.csv
1660,2,2,0,1g.csv
1660,1,1,0,1h.csv
1660,0,0,0,1i.csv
1660,0,0,0,1j.csv
1660,0,0,0,1k.csv
1660,1,1,0,1l.csv
1660,1,1,0,1m.csv
1660,0,0,0,2a.csv
1660,0,0,0,2b.csv
1660,2,2,0,2c.csv
1660,0,0,0,2d.csv
1660,0,0,0,2e.csv
1660,0,0,0,2f.csv
1660,1,1,0,2g.csv
1660,0,0,0,2h.csv
1660,0,0,0,2i.csv
1660,0,0,0,2j.csv
1660,1,1,0,2k.csv
1660,0,0,0,2l.csv
1660,10,5,5,3a.csv
1660,6,3,3,3b.csv
1660,6,6,0,3c.csv
1660,6,6,0,3d.csv
1660,6,4,2,3e.csv
1660,6,5,1,3f.csv
1660,0,0,0,3g.csv
1661,7,5,2,1a.csv
1661,3,3,0,1b.csv
1661,1,1,0,1c.csv
1661,1,1,0,1e.csv
1661,3,2,1,1f.csv
1661,2,2,0,1g.csv
1661,2,2,0,1h.csv
1661,0,0,0,1i.csv
1661,0,0,0,1j.csv
1661,0,0,0,1k.csv
1661,1,1,0,1l.csv
1661,1,1,0,1m.csv
1661,0,0,0,2a.csv
1661,0,0,0,2b.csv
1661,2,2,0,2c.csv
1661,1,0,1,2d.csv
1661,0,0,0,2e.csv
1661,0,0,0,2f.csv
1661,1,1,0,2g.csv
1661,0,0,0,2h.csv
1661,0,0,0,2i.csv
1661,0,0,0,2j.csv
1661,1,1,0,2k.csv
1661,0,0,0,2l.csv
1661,9,6,3,3a.csv
1661,7,3,4,3b.csv
1661,7,7,0,3c.csv
1661,7,7,0,3d.csv
1661,8,5,3,3e.csv
1661,7,6,1,3f.csv
1661,0,0,0,3g.csv
1662,6,4,2,1a.csv
1662,4,3,1,1b.csv
1662,1,1,0,1c.csv
1662,2,2,0,1e.csv
1662,2,1,1,1f.csv
1662,2,2,0,1g.csv
1662,3,3,0,1h.csv
1662,0,0,0,1i.csv
1662,0,0,0,1j.csv
1662,0,0,0,1k.csv
1662,1,1,0,1l.csv
1662,1,1,0,1m.csv
1662,0,0,0,2a.csv
1662,0,0,0,2b.csv
1662,1,1,0,2c.csv
1662,2,0,2,2d.csv
1662,0,0,0,2e.csv
1662,0,0,0,2f.csv
1662,0,0,0,2g.csv
1662,0,0,0,2h.csv
1662,0,0,0,2i.csv
1662,0,0,0,2j.csv
1662,1,1,0,2k.csv
1662,0,0,0,2l.csv
1662,8,5,3,3a.csv
1662,7,3,4,3b.csv
1662,6,6,0,3c.csv
1662,6,6,0,3d.csv
1662,9,5,4,3e.csv
1662,8,7,1,3f.csv
1662,1,1,0,3g.csv
1663,9,6,3,1a.csv
1663,3,1,2,1b.csv
1663,0,0,0,1c.csv
1663,2,2,0,1e.csv
1663,2,1,1,1f.csv
1663,1,1,0,1g.csv
1663,5,4,1,1h.csv
1663,0,0,0,1i.csv
1663,0,0,0,1j.csv
1663,0,0,0,1k.csv
1663,1,1,0,1l.csv
1663,1,1,0,1m.csv
1663,0,0,0,2a.csv
1663,0,0,0,2b.csv
1663,1,1,0,2c.csv
1663,2,0,2,2d.csv
1663,0,0,0,2e.csv
1663,0,0,0,2f.csv
1663,0,0,0,2g.csv
1663,0,0,0,2h.csv
1663,0,0,0,2i.csv
1663,0,0,0,2j.csv
1663,1,1,0,2k.csv
1663,0,0,0,2l.csv
1663,8,5,3,3a.csv
1663,6,2,4,3b.csv
1663,7,7,0,3c.csv
1663,7,7,0,3d.csv
1663,10,5,5,3e.csv
1663,6,6,0,3f.csv
1663,1,1,0,3g.csv
1664,9,6,3,1a.csv
1664,4,1,3,1b.csv
1664,0,0,0,1c.csv
1664,2,2,0,1e.csv
1664,2,1,1,1f.csv
1664,1,1,0,1g.csv
1664,5,4,1,1h.csv
1664,0,0,0,1i.csv
1664,0,0,0,1j.csv
1664,0,0,0,1k.csv
1664,1,1,0,1l.csv
1664,1,1,0,1m.csv
1664,0,0,0,2a.csv
1664,0,0,0,2b.csv
1664,1,1,0,2c.csv
1664,2,0,2,2d.csv
1664,0,0,0,2e.csv
1664,0,0,0,2f.csv
1664,0,0,0,2g.csv
1664,0,0,0,2h.csv
1664,0,0,0,2i.csv
1664,0,0,0,2j.csv
1664,1,1,0,2k.csv
1664,2,2,0,2l.csv
1664,8,6,2,3a.csv
1664,6,2,4,3b.csv
1664,6,6,0,3c.csv
1664,6,6,0,3d.csv
1664,11,7,4,3e.csv
1664,6,6,0,3f.csv
1664,1,1,0,3g.csv
1665,10,8,2,1a.csv
1665,6,2,4,1b.csv
1665,0,0,0,1c.csv
1665,2,2,0,1e.csv
1665,1,0,1,1f.csv
1665,1,1,0,1g.csv
1665,5,4,1,1h.csv
1665,0,0,0,1i.csv
1665,0,0,0,1j.csv
1665,0,0,0,1k.csv
1665,1,1,0,1l.csv
1665,1,1,0,1m.csv
1665,0,0,0,2a.csv
1665,0,0,0,2b.csv
1665,1,1,0,2c.csv
1665,3,1,2,2d.csv
1665,0,0,0,2e.csv
1665,0,0,0,2f.csv
1665,0,0,0,2g.csv
1665,0,0,0,2h.csv
1665,0,0,0,2i.csv
1665,0,0,0,2j.csv
1665,2,2,0,2k.csv
1665,2,2,0,2l.csv
1665,6,5,1,3a.csv
1665,7,3,4,3b.csv
1665,5,4,1,3c.csv
1665,5,4,1,3d.csv
1665,12,8,4,3e.csv
1665,5,5,0,3f.csv
1665,2,1,1,3g.csv
1666,11,9,2,1a.csv
1666,7,2,5,1b.csv
1666,0,0,0,1c.csv
1666,2,2,0,1e.csv
1666,1,0,1,1f.csv
1666,0,0,0,1g.csv
1666,7,6,1,1h.csv
1666,0,0,0,1i.csv
1666,0,0,0,1j.csv
1666,0,0,0,1k.csv
1666,0,0,0,1l.csv
1666,2,2,0,1m.csv
1666,0,0,0,2a.csv
1666,0,0,0,2b.csv
1666,1,1,0,2c.csv
1666,3,1,2,2d.csv
1666,0,0,0,2e.csv
1666,0,0,0,2f.csv
1666,0,0,0,2g.csv
1666,0,0,0,2h.csv
1666,0,0,0,2i.csv
1666,0,0,0,2j.csv
1666,2,2,0,2k.csv
1666,2,2,0,2l.csv
1666,7,4,3,3a.csv
1666,6,3,3,3b.csv
1666,4,3,1,3c.csv
1666,4,3,1,3d.csv
1666,14,10,4,3e.csv
1666,4,4,0,3f.csv
1666,3,2,1,3g.csv
1667,11,9,2,1a.csv
1667,8,2,6,1b.csv
1667,0,0,0,1c.csv
1667,1,1,0,1e.csv
1667,1,0,1,1f.csv
1667,0,0,0,1g.csv
1667,8,7,1,1h.csv
1667,0,0,0,1i.csv
1667,0,0,0,1j.csv
1667,0,0,0,1k.csv
1667,0,0,0,1l.csv
1667,2,2,0,1m.csv
1667,0,0,0,2a.csv
1667,0,0,0,2b.csv
1667,0,0,0,2c.csv
1667,3,1,2,2d.csv
1667,0,0,0,2e.csv
1667,0,0,0,2f.csv
1667,0,0,0,2g.csv
1667,0,0,0,2h.csv
1667,0,0,0,2i.csv
1667,0,0,0,2j.csv
1667,2,2,0,2k.csv
1667,2,2,0,2l.csv
1667,9,6,3,3a.csv
1667,5,2,3,3b.csv
1667,3,2,1,3c.csv
1667,3,2,1,3d.csv
1667,14,10,4,3e.csv
1667,4,4,0,3f.csv
1667,3,2,1,3g.csv
1668,12,10,2,1a.csv
1668,8,2,6,1b.csv
1668,0,0,0,1c.csv
1668,2,1,1,1e.csv
1668,1,0,1,1f.csv
1668,0,0,0,1g.csv
1668,8,7,1,1h.csv
1668,0,0,0,1i.csv
1668,0,0,0,1j.csv
1668,0,0,0,1k.csv
1668,0,0,0,1l.csv
1668,3,3,0,1m.csv
1668,0,0,0,2a.csv
1668,0,0,0,2b.csv
1668,0,0,0,2c.csv
1668,3,1,2,2d.csv
1668,0,0,0,2e.csv
1668,0,0,0,2f.csv
1668,0,0,0,2g.csv
1668,0,0,0,2h.csv
1668,0,0,0,2i.csv
1668,0,0,0,2j.csv
1668,1,1,0,2k.csv
1668,2,2,0,2l.csv
1668,11,8,3,3a.csv
1668,3,1,2,3b.csv
1668,3,2,1,3c.csv
1668,3,2,1,3d.csv
1668,12,8,4,3e.csv
1668,5,4,1,3f.csv
1668,3,2,1,3g.csv
1669,13,11,2,1a.csv
1669,9,2,7,1b.csv
1669,1,1,0,1c.csv
1669,2,1,1,1e.csv
1669,1,1,0,1f.csv
1669,0,0,0,1g.csv
1669,8,6,2,1h.csv
1669,0,0,0,1i.csv
1669,0,0,0,1j.csv
1669,0,0,0,1k.csv
1669,0,0,0,1l.csv
1669,3,3,0,1m.csv
1669,0,0,0,2a.csv
1669,0,0,0,2b.csv
1669,0,0,0,2c.csv
1669,5,4,1,2d.csv
1669,0,0,0,2e.csv
1669,0,0,0,2f.csv
1669,0,0,0,2g.csv
1669,0,0,0,2h.csv
1669,0,0,0,2i.csv
1669,0,0,0,2j.csv
1669,1,1,0,2k.csv
1669,2,2,0,2l.csv
1669,11,8,3,3a.csv
1669,2,1,1,3b.csv
1669,2,1,1,3c.csv
1669,2,1,1,3d.csv
1669,12,9,3,3e.csv
1669,4,3,1,3f.csv
1669,5,4,1,3g.csv
1670,14,12,2,1a.csv
1670,7,1,6,1b.csv
1670,1,1,0,1c.csv
1670,1,0,1,1e.csv
1670,1,1,0,1f.csv
1670,0,0,0,1g.csv
1670,9,7,2,1h.csv
1670,0,0,0,1i.csv
1670,0,0,0,1j.csv
1670,0,0,0,1k.csv
1670,0,0,0,1l.csv
1670,3,3,0,1m.csv
1670,0,0,0,2a.csv
1670,0,0,0,2b.csv
1670,0,0,0,2c.csv
1670,4,4,0,2d.csv
1670,0,0,0,2e.csv
1670,0,0,0,2f.csv
1670,0,0,0,2g.csv
1670,0,0,0,2h.csv
1670,0,0,0,2i.csv
1670,0,0,0,2j.csv
1670,1,1,0,2k.csv
1670,2,2,0,2l.csv
1670,15,12,3,3a.csv
1670,1,1,0,3b.csv
1670,2,1,1,3c.csv
1670,2,1,1,3d.csv
1670,11,9,2,3e.csv
1670,3,2,1,3f.csv
1670,4,3,1,3g.csv
1671,11,10,1,1a.csv
1671,6,1,5,1b.csv
1671,1,1,0,1c.csv
1671,1,0,1,1e.csv
1671,2,2,0,1f.csv
1671,0,0,0,1g.csv
1671,9,6,3,1h.csv
1671,0,0,0,1i.csv
1671,0,0,0,1j.csv
1671,0,0,0,1k.csv
1671,0,0,0,1l.csv
1671,3,3,0,1m.csv
1671,0,0,0,2a.csv
1671,0,0,0,2b.csv
1671,0,0,0,2c.csv
1671,4,4,0,2d.csv
1671,0,0,0,2e.csv
1671,0,0,0,2f.csv
1671,0,0,0,2g.csv
1671,0,0,0,2h.csv
1671,0,0,0,2i.csv
1671,0,0,0,2j.csv
1671,1,1,0,2k.csv
1671,2,2,0,2l.csv
1671,16,13,3,3a.csv
1671,2,2,0,3b.csv
1671,1,0,1,3c.csv
1671,1,0,1,3d.csv
1671,11,9,2,3e.csv
1671,3,2,1,3f.csv
1671,5,4,1,3g.csv
1672,14,13,1,1a.csv
1672,5,1,4,1b.csv
1672,1,1,0,1c.csv
1672,3,2,1,1e.csv
1672,2,2,0,1f.csv
1672,0,0,0,1g.csv
1672,9,6,3,1h.csv
1672,0,0,0,1i.csv
1672,0,0,0,1j.csv
1672,0,0,0,1k.csv
1672,0,0,0,1l.csv
1672,5,5,0,1m.csv
1672,0,0,0,2a.csv
1672,0,0,0,2b.csv
1672,0,0,0,2c.csv
1672,4,4,0,2d.csv
1672,0,0,0,2e.csv
1672,0,0,0,2f.csv
1672,0,0,0,2g.csv
1672,0,0,0,2h.csv
1672,0,0,0,2i.csv
1672,0,0,0,2j.csv
1672,2,2,0,2k.csv
1672,0,0,0,2l.csv
1672,19,15,4,3a.csv
1672,2,2,0,3b.csv
1672,1,0,1,3c.csv
1672,1,0,1,3d.csv
1672,9,7,2,3e.csv
1672,3,1,2,3f.csv
1672,5,4,1,3g.csv
1673,11,11,0,1a.csv
1673,4,0,4,1b.csv
1673,1,1,0,1c.csv
1673,3,2,1,1e.csv
1673,3,3,0,1f.csv
1673,0,0,0,1g.csv
1673,11,8,3,1h.csv
1673,0,0,0,1i.csv
1673,0,0,0,1j.csv
1673,0,0,0,1k.csv
1673,0,0,0,1l.csv
1673,6,6,0,1m.csv
1673,0,0,0,2a.csv
1673,0,0,0,2b.csv
1673,0,0,0,2c.csv
1673,3,3,0,2d.csv
1673,0,0,0,2e.csv
1673,0,0,0,2f.csv
1673,0,0,0,2g.csv
1673,0,0,0,2h.csv
1673,0,0,0,2i.csv
1673,0,0,0,2j.csv
1673,1,1,0,2k.csv
1673,0,0,0,2l.csv
1673,23,19,4,3a.csv
1673,1,1,0,3b.csv
1673,1,1,0,3c.csv
1673,1,1,0,3d.csv
1673,8,6,2,3e.csv
1673,5,3,2,3f.csv
1673,4,4,0,3g.csv
1674,14,14,0,1a.csv
1674,3,0,3,1b.csv
1674,1,1,0,1c.csv
1674,3,2,1,1e.csv
1674,3,3,0,1f.csv
1674,0,0,0,1g.csv
1674,9,6,3,1h.csv
1674,0,0,0,1i.csv
1674,0,0,0,1j.csv
1674,0,0,0,1k.csv
1674,0,0,0,1l.csv
1674,5,5,0,1m.csv
1674,0,0,0,2a.csv
1674,0,0,0,2b.csv
1674,0,0,0,2c.csv
1674,3,3,0,2d.csv
1674,0,0,0,2e.csv
1674,1,1,0,2f.csv
1674,0,0,0,2g.csv
1674,0,0,0,2h.csv
1674,0,0,0,2i.csv
1674,0,0,0,2j.csv
1674,2,2,0,2k.csv
1674,0,0,0,2l.csv
1674,23,21,2,3a.csv
1674,2,1,1,3b.csv
1674,1,1,0,3c.csv
1674,1,1,0,3d.csv
1674,7,5,2,3e.csv
1674,6,4,2,3f.csv
1674,4,4,0,3g.csv
1675,17,15,2,1a.csv
1675,4,0,4,1b.csv
1675,1,1,0,1c.csv
1675,3,2,1,1e.csv
1675,3,3,0,1f.csv
1675,0,0,0,1g.csv
1675,9,6,3,1h.csv
1675,0,0,0,1i.csv
1675,1,1,0,1j.csv
1675,0,0,0,1k.csv
1675,0,0,0,1l.csv
1675,6,6,0,1m.csv
1675,0,0,0,2a.csv
1675,0,0,0,2b.csv
1675,0,0,0,2c.csv
1675,4,4,0,2d.csv
1675,0,0,0,2e.csv
1675,1,1,0,2f.csv
1675,0,0,0,2g.csv
1675,0,0,0,2h.csv
1675,0,0,0,2i.csv
1675,0,0,0,2j.csv
1675,3,3,0,2k.csv
1675,0,0,0,2l.csv
1675,21,20,1,3a.csv
1675,2,1,1,3b.csv
1675,1,1,0,3c.csv
1675,1,1,0,3d.csv
1675,7,5,2,3e.csv
1675,6,4,2,3f.csv
1675,4,4,0,3g.csv
1676,19,16,3,1a.csv
1676,4,0,4,1b.csv
1676,1,1,0,1c.csv
1676,2,2,0,1e.csv
1676,3,3,0,1f.csv
1676,0,0,0,1g.csv
1676,9,5,4,1h.csv
1676,0,0,0,1i.csv
1676,1,1,0,1j.csv
1676,0,0,0,1k.csv
1676,0,0,0,1l.csv
1676,6,5,1,1m.csv
1676,0,0,0,2a.csv
1676,0,0,0,2b.csv
1676,0,0,0,2c.csv
1676,4,4,0,2d.csv
1676,0,0,0,2e.csv
1676,1,1,0,2f.csv
1676,0,0,0,2g.csv
1676,0,0,0,2h.csv
1676,0,0,0,2i.csv
1676,0,0,0,2j.csv
1676,3,3,0,2k.csv
1676,0,0,0,2l.csv
1676,21,20,1,3a.csv
1676,5,4,1,3b.csv
1676,1,1,0,3c.csv
1676,1,1,0,3d.csv
1676,6,4,2,3e.csv
1676,5,4,1,3f.csv
1676,5,4,1,3g.csv
1677,19,16,3,1a.csv
1677,4,0,4,1b.csv
1677,1,1,0,1c.csv
1677,2,2,0,1e.csv
1677,2,2,0,1f.csv
1677,0,0,0,1g.csv
1677,8,5,3,1h.csv
1677,0,0,0,1i.csv
1677,1,1,0,1j.csv
1677,0,0,0,1k.csv
1677,0,0,0,1l.csv
1677,6,5,1,1m.csv
1677,0,0,0,2a.csv
1677,0,0,0,2b.csv
1677,0,0,0,2c.csv
1677,1,1,0,2d.csv
1677,0,0,0,2e.csv
1677,1,1,0,2f.csv
1677,0,0,0,2g.csv
1677,0,0,0,2h.csv
1677,0,0,0,2i.csv
1677,0,0,0,2j.csv
1677,3,3,0,2k.csv
1677,0,0,0,2l.csv
1677,22,21,1,3a.csv
1677,5,4,1,3b.csv
1677,1,1,0,3c.csv
1677,1,1,0,3d.csv
1677,7,5,2,3e.csv
1677,6,5,1,3f.csv
1677,3,2,1,3g.csv
1678,22,18,4,1a.csv
1678,4,0,4,1b.csv
1678,1,1,0,1c.csv
1678,2,2,0,1e.csv
1678,2,2,0,1f.csv
1678,0,0,0,1g.csv
1678,6,3,3,1h.csv
1678,0,0,0,1i.csv
1678,1,1,0,1j.csv
1678,0,0,0,1k.csv
1678,0,0,0,1l.csv
1678,5,4,1,1m.csv
1678,0,0,0,2a.csv
1678,0,0,0,2b.csv
1678,0,0,0,2c.csv
1678,1,1,0,2d.csv
1678,0,0,0,2e.csv
1678,1,1,0,2f.csv
1678,0,0,0,2g.csv
1678,0,0,0,2h.csv
1678,0,0,0,2i.csv
1678,0,0,0,2j.csv
1678,3,3,0,2k.csv
1678,0,0,0,2l.csv
1678,19,18,1,3a.csv
1678,5,4,1,3b.csv
1678,1,1,0,3c.csv
1678,1,1,0,3d.csv
1678,6,4,2,3e.csv
1678,7,6,1,3f.csv
1678,4,3,1,3g.csv
1679,23,19,4,1a.csv
1679,4,0,4,1b.csv
1679,1,1,0,1c.csv
1679,3,3,0,1e.csv
1679,1,1,0,1f.csv
1679,0,0,0,1g.csv
1679,5,4,1,1h.csv
1679,2,2,0,1i.csv
1679,2,2,0,1j.csv
1679,0,0,0,1k.csv
1679,0,0,0,1l.csv
1679,5,4,1,1m.csv
1679,0,0,0,2a.csv
1679,0,0,0,2b.csv
1679,0,0,0,2c.csv
1679,1,1,0,2d.csv
1679,0,0,0,2e.csv
1679,1,1,0,2f.csv
1679,0,0,0,2g.csv
1679,0,0,0,2h.csv
1679,0,0,0,2i.csv
1679,0,0,0,2j.csv
1679,3,3,0,2k.csv
1679,0,0,0,2l.csv
1679,20,19,1,3a.csv
1679,4,3,1,3b.csv
1679,3,3,0,3c.csv
1679,3,3,0,3d.csv
1679,5,4,1,3e.csv
1679,9,7,2,3f.csv
1679,4,3,1,3g.csv
1680,21,17,4,1a.csv
1680,4,0,4,1b.csv
1680,2,2,0,1c.csv
1680,1,1,0,1e.csv
1680,1,1,0,1f.csv
1680,0,0,0,1g.csv
1680,5,4,1,1h.csv
1680,2,2,0,1i.csv
1680,2,2,0,1j.csv
1680,0,0,0,1k.csv
1680,0,0,0,1l.csv
1680,3,2,1,1m.csv
1680,1,1,0,2a.csv
1680,0,0,0,2b.csv
1680,0,0,0,2c.csv
1680,1,1,0,2d.csv
1680,0,0,0,2e.csv
1680,2,2,0,2f.csv
1680,0,0,0,2g.csv
1680,0,0,0,2h.csv
1680,0,0,0,2i.csv
1680,0,0,0,2j.csv
1680,2,2,0,2k.csv
1680,0,0,0,2l.csv
1680,18,16,2,3a.csv
1680,5,4,1,3b.csv
1680,3,3,0,3c.csv
1680,3,3,0,3d.csv
1680,5,4,1,3e.csv
1680,9,7,2,3f.csv
1680,4,3,1,3g.csv
1681,21,16,5,1a.csv
1681,3,0,3,1b.csv
1681,2,2,0,1c.csv
1681,1,1,0,1e.csv
1681,0,0,0,1f.csv
1681,0,0,0,1g.csv
1681,3,2,1,1h.csv
1681,2,2,0,1i.csv
1681,3,3,0,1j.csv
1681,0,0,0,1k.csv
1681,0,0,0,1l.csv
1681,2,1,1,1m.csv
1681,1,1,0,2a.csv
1681,0,0,0,2b.csv
1681,0,0,0,2c.csv
1681,1,1,0,2d.csv
1681,0,0,0,2e.csv
1681,2,2,0,2f.csv
1681,0,0,0,2g.csv
1681,0,0,0,2h.csv
1681,0,0,0,2i.csv
1681,0,0,0,2j.csv
1681,3,3,0,2k.csv
1681,0,0,0,2l.csv
1681,20,17,3,3a.csv
1681,5,4,1,3b.csv
1681,3,3,0,3c.csv
1681,3,3,0,3d.csv
1681,5,4,1,3e.csv
1681,7,5,2,3f.csv
1681,5,4,1,3g.csv
1682,17,12,5,1a.csv
1682,3,0,3,1b.csv
1682,2,2,0,1c.csv
1682,1,1,0,1e.csv
1682,1,0,1,1f.csv
1682,0,0,0,1g.csv
1682,3,2,1,1h.csv
1682,2,2,0,1i.csv
1682,3,3,0,1j.csv
1682,0,0,0,1k.csv
1682,0,0,0,1l.csv
1682,4,2,2,1m.csv
1682,1,1,0,2a.csv
1682,0,0,0,2b.csv
1682,0,0,0,2c.csv
1682,1,1,0,2d.csv
1682,0,0,0,2e.csv
1682,1,1,0,2f.csv
1682,1,1,0,2g.csv
1682,0,0,0,2h.csv
1682,0,0,0,2i.csv
1682,0,0,0,2j.csv
1682,3,3,0,2k.csv
1682,0,0,0,2l.csv
1682,19,16,3,3a.csv
1682,4,4,0,3b.csv
1682,4,4,0,3c.csv
1682,4,4,0,3d.csv
1682,4,3,1,3e.csv
1682,6,4,2,3f.csv
1682,4,3,1,3g.csv
1683,15,12,3,1a.csv
1683,1,0,1,1b.csv
1683,2,2,0,1c.csv
1683,1,1,0,1e.csv
1683,1,0,1,1f.csv
1683,0,0,0,1g.csv
1683,5,4,1,1h.csv
1683,2,2,0,1i.csv
1683,2,2,0,1j.csv
1683,0,0,0,1k.csv
1683,0,0,0,1l.csv
1683,3,1,2,1m.csv
1683,1,1,0,2a.csv
1683,0,0,0,2b.csv
1683,0,0,0,2c.csv
1683,1,1,0,2d.csv
1683,0,0,0,2e.csv
1683,1,1,0,2f.csv
1683,1,1,0,2g.csv
1683,0,0,0,2h.csv
1683,0,0,0,2i.csv
1683,0,0,0,2j.csv
1683,2,2,0,2k.csv
1683,0,0,0,2l.csv
1683,17,14,3,3a.csv
1683,6,6,0,3b.csv
1683,5,5,0,3c.csv
1683,5,5,0,3d.csv
1683,3,3,0,3e.csv
1683,7,5,2,3f.csv
1683,4,3,1,3g.csv
1684,12,10,2,1a.csv
1684,1,0,1,1b.csv
1684,2,2,0,1c.csv
1684,1,1,0,1e.csv
1684,1,0,1,1f.csv
1684,1,0,1,1g.csv
1684,4,4,0,1h.csv
1684,3,3,0,1i.csv
1684,2,2,0,1j.csv
1684,0,0,0,1k.csv
1684,0,0,0,1l.csv
1684,2,1,1,1m.csv
1684,1,1,0,2a.csv
1684,0,0,0,2b.csv
1684,1,1,0,2c.csv
1684,1,1,0,2d.csv
1684,0,0,0,2e.csv
1684,1,1,0,2f.csv
1684,1,1,0,2g.csv
1684,0,0,0,2h.csv
1684,0,0,0,2i.csv
1684,0,0,0,2j.csv
1684,2,2,0,2k.csv
1684,0,0,0,2l.csv
1684,17,14,3,3a.csv
1684,3,3,0,3b.csv
1684,5,5,0,3c.csv
1684,5,5,0,3d.csv
1684,3,3,0,3e.csv
1684,6,4,2,3f.csv
1684,3,3,0,3g.csv
1685,12,9,3,1a.csv
1685,0,0,0,1b.csv
1685,2,2,0,1c.csv
1685,1,1,0,1e.csv
1685,1,0,1,1f.csv
1685,1,0,1,1g.csv
1685,5,4,1,1h.csv
1685,3,3,0,1i.csv
1685,2,2,0,1j.csv
1685,0,0,0,1k.csv
1685,0,0,0,1l.csv
1685,2,1,1,1m.csv
1685,1,1,0,2a.csv
1685,0,0,0,2b.csv
1685,1,1,0,2c.csv
1685,1,1,0,2d.csv
1685,0,0,0,2e.csv
1685,1,1,0,2f.csv
1685,1,1,0,2g.csv
1685,0,0,0,2h.csv
1685,0,0,0,2i.csv
1685,0,0,0,2j.csv
1685,2,2,0,2k.csv
1685,0,0,0,2l.csv
1685,16,12,4,3a.csv
1685,5,4,1,3b.csv
1685,6,6,0,3c.csv
1685,6,6,0,3d.csv
1685,1,0,1,3e.csv
1685,5,3,2,3f.csv
1685,4,4,0,3g.csv
1686,8,6,2,1a.csv
1686,0,0,0,1b.csv
1686,2,2,0,1c.csv
1686,1,1,0,1e.csv
1686,1,0,1,1f.csv
1686,1,0,1,1g.csv
1686,8,7,1,1h.csv
1686,3,3,0,1i.csv
1686,2,2,0,1j.csv
1686,0,0,0,1k.csv
1686,0,0,0,1l.csv
1686,3,2,1,1m.csv
1686,1,1,0,2a.csv
1686,0,0,0,2b.csv
1686,1,1,0,2c.csv
1686,1,1,0,2d.csv
1686,0,0,0,2e.csv
1686,2,2,0,2f.csv
1686,2,2,0,2g.csv
1686,0,0,0,2h.csv
1686,0,0,0,2i.csv
1686,0,0,0,2j.csv
1686,2,2,0,2k.csv
1686,0,0,0,2l.csv
1686,17,13,4,3a.csv
1686,5,4,1,3b.csv
1686,7,7,0,3c.csv
1686,7,7,0,3d.csv
1686,1,0,1,3e.csv
1686,4,2,2,3f.csv
1686,3,3,0,3g.csv
1687,8,5,3,1a.csv
1687,1,1,0,1b.csv
1687,2,2,0,1c.csv
1687,1,1,0,1e.csv
1687,1,0,1,1f.csv
1687,1,0,1,1g.csv
1687,7,6,1,1h.csv
1687,1,1,0,1i.csv
1687,1,1,0,1j.csv
1687,0,0,0,1k.csv
1687,0,0,0,1l.csv
1687,3,2,1,1m.csv
1687,1,1,0,2a.csv
1687,0,0,0,2b.csv
1687,1,1,0,2c.csv
1687,1,1,0,2d.csv
1687,0,0,0,2e.csv
1687,2,2,0,2f.csv
1687,2,2,0,2g.csv
1687,0,0,0,2h.csv
1687,0,0,0,2i.csv
1687,0,0,0,2j.csv
1687,2,2,0,2k.csv
1687,0,0,0,2l.csv
1687,15,11,4,3a.csv
1687,7,6,1,3b.csv
1687,6,5,1,3c.csv
1687,6,5,1,3d.csv
1687,1,0,1,3e.csv
1687,4,2,2,3f.csv
1687,2,2,0,3g.csv
1688,7,4,3,1a.csv
1688,1,1,0,1b.csv
1688,2,2,0,1c.csv
1688,1,1,0,1e.csv
1688,3,2,1,1f.csv
1688,1,0,1,1g.csv
1688,8,7,1,1h.csv
1688,1,1,0,1i.csv
1688,1,1,0,1j.csv
1688,0,0,0,1k.csv
1688,0,0,0,1l.csv
1688,4,3,1,1m.csv
1688,0,0,0,2a.csv
1688,0,0,0,2b.csv
1688,1,1,0,2c.csv
1688,1,1,0,2d.csv
1688,0,0,0,2e.csv
1688,1,1,0,2f.csv
1688,2,2,0,2g.csv
1688,0,0,0,2h.csv
1688,0,0,0,2i.csv
1688,0,0,0,2j.csv
1688,2,2,0,2k.csv
1688,2,1,1,2l.csv
1688,12,10,2,3a.csv
1688,6,5,1,3b.csv
1688,7,6,1,3c.csv
1688,7,6,1,3d.csv
1688,3,1,2,3e.csv
1688,4,2,2,3f.csv
1688,2,2,0,3g.csv
1689,8,6,2,1a.csv
1689,1,1,0,1b.csv
1689,3,3,0,1c.csv
1689,2,2,0,1e.csv
1689,5,4,1,1f.csv
1689,1,0,1,1g.csv
1689,8,7,1,1h.csv
1689,1,1,0,1i.csv
1689,0,0,0,1j.csv
1689,0,0,0,1k.csv
1689,0,0,0,1l.csv
1689,4,3,1,1m.csv
1689,0,0,0,2a.csv
1689,1,1,0,2b.csv
1689,1,1,0,2c.csv
1689,1,1,0,2d.csv
1689,0,0,0,2e.csv
1689,1,1,0,2f.csv
1689,2,2,0,2g.csv
1689,0,0,0,2h.csv
1689,0,0,0,2i.csv
1689,0,0,0,2j.csv
1689,1,1,0,2k.csv
1689,2,1,1,2l.csv
1689,7,6,1,3a.csv
1689,6,5,1,3b.csv
1689,7,5,2,3c.csv
1689,7,5,2,3d.csv
1689,6,3,3,3e.csv
1689,5,3,2,3f.csv
1689,1,1,0,3g.csv
1690,9,6,3,1a.csv
1690,1,1,0,1b.csv
1690,3,3,0,1c.csv
1690,3,3,0,1e.csv
1690,4,4,0,1f.csv
1690,1,0,1,1g.csv
1690,8,7,1,1h.csv
1690,1,1,0,1i.csv
1690,0,0,0,1j.csv
1690,0,0,0,1k.csv
1690,0,0,0,1l.csv
1690,2,2,0,1m.csv
1690,0,0,0,2a.csv
1690,1,1,0,2b.csv
1690,1,1,0,2c.csv
1690,1,1,0,2d.csv
1690,1,1,0,2e.csv
1690,1,1,0,2f.csv
1690,1,1,0,2g.csv
1690,0,0,0,2h.csv
1690,0,0,0,2i.csv
1690,0,0,0,2j.csv
1690,0,0,0,2k.csv
1690,2,1,1,2l.csv
1690,8,6,2,3a.csv
1690,6,5,1,3b.csv
1690,6,4,2,3c.csv
1690,6,4,2,3d.csv
1690,8,3,5,3e.csv
1690,5,3,2,3f.csv
1690,1,1,0,3g.csv
1691,11,6,5,1a.csv
1691,1,1,0,1b.csv
1691,5,5,0,1c.csv
1691,3,3,0,1e.csv
1691,5,5,0,1f.csv
1691,1,0,1,1g.csv
1691,6,5,1,1h.csv
1691,1,1,0,1i.csv
1691,0,0,0,1j.csv
1691,0,0,0,1k.csv
1691,0,0,0,1l.csv
1691,2,2,0,1m.csv
1691,1,1,0,2a.csv
1691,1,1,0,2b.csv
1691,1,1,0,2c.csv
1691,0,0,0,2d.csv
1691,1,1,0,2e.csv
1691,1,1,0,2f.csv
1691,1,1,0,2g.csv
1691,0,0,0,2h.csv
1691,0,0,0,2i.csv
1691,0,0,0,2j.csv
1691,2,2,0,2k.csv
1691,2,1,1,2l.csv
1691,9,6,3,3a.csv
1691,5,3,2,3b.csv
1691,6,4,2,3c.csv
1691,6,4,2,3d.csv
1691,10,4,6,3e.csv
1691,6,4,2,3f.csv
1691,3,1,2,3g.csv
1692,10,5,5,1a.csv
1692,1,1,0,1b.csv
1692,5,5,0,1c.csv
1692,4,4,0,1e.csv
1692,5,5,0,1f.csv
1692,0,0,0,1g.csv
1692,6,5,1,1h.csv
1692,0,0,0,1i.csv
1692,0,0,0,1j.csv
1692,0,0,0,1k.csv
1692,0,0,0,1l.csv
1692,3,2,1,1m.csv
1692,1,1,0,2a.csv
1692,1,1,0,2b.csv
1692,0,0,0,2c.csv
1692,0,0,0,2d.csv
1692,1,1,0,2e.csv
1692,1,1,0,2f.csv
1692,1,1,0,2g.csv
1692,0,0,0,2h.csv
1692,0,0,0,2i.csv
1692,0,0,0,2j.csv
1692,2,2,0,2k.csv
1692,2,1,1,2l.csv
1692,8,4,4,3a.csv
1692,6,4,2,3b.csv
1692,8,5,3,3c.csv
1692,8,5,3,3d.csv
1692,12,5,7,3e.csv
1692,7,5,2,3f.csv
1692,3,1,2,3g.csv
1693,9,5,4,1a.csv
1693,2,1,1,1b.csv
1693,4,4,0,1c.csv
1693,4,4,0,1e.csv
1693,6,5,1,1f.csv
1693,0,0,0,1g.csv
1693,5,5,0,1h.csv
1693,0,0,0,1i.csv
1693,0,0,0,1j.csv
1693,0,0,0,1k.csv
1693,0,0,0,1l.csv
1693,3,2,1,1m.csv
1693,1,1,0,2a.csv
1693,2,2,0,2b.csv
1693,0,0,0,2c.csv
1693,0,0,0,2d.csv
1693,1,1,0,2e.csv
1693,1,1,0,2f.csv
1693,1,1,0,2g.csv
1693,0,0,0,2h.csv
1693,0,0,0,2i.csv
1693,0,0,0,2j.csv
1693,2,2,0,2k.csv
1693,2,1,1,2l.csv
1693,8,5,3,3a.csv
1693,4,3,1,3b.csv
1693,8,5,3,3c.csv
1693,8,5,3,3d.csv
1693,12,5,7,3e.csv
1693,7,5,2,3f.csv
1693,2,0,2,3g.csv
1694,9,5,4,1a.csv
1694,2,1,1,1b.csv
1694,5,5,0,1c.csv
1694,4,4,0,1e.csv
1694,6,5,1,1f.csv
1694,0,0,0,1g.csv
1694,2,2,0,1h.csv
1694,0,0,0,1i.csv
1694,0,0,0,1j.csv
1694,0,0,0,1k.csv
1694,0,0,0,1l.csv
1694,2,1,1,1m.csv
1694,1,1,0,2a.csv
1694,2,2,0,2b.csv
1694,0,0,0,2c.csv
1694,0,0,0,2d.csv
1694,1,1,0,2e.csv
1694,0,0,0,2f.csv
1694,0,0,0,2g.csv
1694,0,0,0,2h.csv
1694,0,0,0,2i.csv
1694,0,0,0,2j.csv
1694,2,2,0,2k.csv
1694,3,2,1,2l.csv
1694,7,4,3,3a.csv
1694,4,3,1,3b.csv
1694,7,4,3,3c.csv
1694,7,4,3,3d.csv
1694,15,7,8,3e.csv
1694,7,5,2,3f.csv
1694,2,0,2,3g.csv
1695,9,6,3,1a.csv
1695,1,0,1,1b.csv
1695,5,5,0,1c.csv
1695,3,3,0,1e.csv
1695,7,5,2,1f.csv
1695,0,0,0,1g.csv
1695,2,2,0,1h.csv
1695,0,0,0,1i.csv
1695,1,1,0,1j.csv
1695,0,0,0,1k.csv
1695,0,0,0,1l.csv
1695,2,1,1,1m.csv
1695,1,1,0,2a.csv
1695,2,2,0,2b.csv
1695,0,0,0,2c.csv
1695,0,0,0,2d.csv
1695,1,1,0,2e.csv
1695,1,1,0,2f.csv
1695,0,0,0,2g.csv
1695,0,0,0,2h.csv
1695,0,0,0,2i.csv
1695,0,0,0,2j.csv
1695,2,2,0,2k.csv
1695,3,2,1,2l.csv
1695,8,5,3,3a.csv
1695,4,3,1,3b.csv
1695,7,5,2,3c.csv
1695,7,5,2,3d.csv
1695,16,7,9,3e.csv
1695,5,4,1,3f.csv
1695,2,0,2,3g.csv
1696,10,7,3,1a.csv
1696,1,0,1,1b.csv
1696,4,4,0,1c.csv
1696,3,3,0,1e.csv
1696,5,3,2,1f.csv
1696,0,0,0,1g.csv
1696,1,1,0,1h.csv
1696,0,0,0,1i.csv
1696,2,2,0,1j.csv
1696,0,0,0,1k.csv
1696,0,0,0,1l.csv
1696,1,0,1,1m.csv
1696,1,1,0,2a.csv
1696,2,2,0,2b.csv
1696,0,0,0,2c.csv
1696,1,1,0,2d.csv
1696,1,1,0,2e.csv
1696,1,1,0,2f.csv
1696,0,0,0,2g.csv
1696,0,0,0,2h.csv
1696,0,0,0,2i.csv
1696,0,0,0,2j.csv
1696,3,2,1,2k.csv
1696,1,1,0,2l.csv
1696,8,5,3,3a.csv
1696,6,5,1,3b.csv
1696,6,4,2,3c.csv
1696,6,4,2,3d.csv
1696,14,6,8,3e.csv
1696,4,4,0,3f.csv
1696,2,0,2,3g.csv
1697,8,5,3,1a.csv
1697,2,1,1,1b.csv
1697,4,3,1,1c.csv
1697,2,2,0,1e.csv
1697,3,1,2,1f.csv
1697,0,0,0,1g.csv
1697,1,1,0,1h.csv
1697,0,0,0,1i.csv
1697,2,2,0,1j.csv
1697,0,0,0,1k.csv
1697,0,0,0,1l.csv
1697,1,0,1,1m.csv
1697,2,2,0,2a.csv
1697,1,1,0,2b.csv
1697,0,0,0,2c.csv
1697,1,1,0,2d.csv
1697,1,1,0,2e.csv
1697,1,1,0,2f.csv
1697,0,0,0,2g.csv
1697,0,0,0,2h.csv
1697,0,0,0,2i.csv
1697,0,0,0,2j.csv
1697,3,2,1,2k.csv
1697,1,1,0,2l.csv
1697,9,6,3,3a.csv
1697,6,5,1,3b.csv
1697,7,5,2,3c.csv
1697,7,5,2,3d.csv
1697,13,4,9,3e.csv
1697,3,3,0,3f.csv
1697,2,0,2,3g.csv
1698,8,5,3,1a.csv
1698,2,1,1,1b.csv
1698,4,3,1,1c.csv
1698,1,1,0,1e.csv
1698,3,1,2,1f.csv
1698,0,0,0,1g.csv
1698,2,2,0,1h.csv
1698,0,0,0,1i.csv
1698,2,2,0,1j.csv
1698,0,0,0,1k.csv
1698,0,0,0,1l.csv
1698,1,0,1,1m.csv
1698,3,3,0,2a.csv
1698,1,1,0,2b.csv
1698,0,0,0,2c.csv
1698,1,1,0,2d.csv
1698,0,0,0,2e.csv
1698,1,1,0,2f.csv
1698,0,0,0,2g.csv
1698,0,0,0,2h.csv
1698,0,0,0,2i.csv
1698,0,0,0,2j.csv
1698,3,2,1,2k.csv
1698,1,1,0,2l.csv
1698,7,5,2,3a.csv
1698,6,5,1,3b.csv
1698,10,7,3,3c.csv
1698,10,7,3,3d.csv
1698,12,4,8,3e.csv
1698,3,3,0,3f.csv
1698,3,1,2,3g.csv
1699,6,5,1,1a.csv
1699,3,2,1,1b.csv
1699,2,1,1,1c.csv
1699,1,1,0,1e.csv
1699,3,0,3,1f.csv
1699,0,0,0,1g.csv
1699,2,2,0,1h.csv
1699,0,0,0,1i.csv
1699,3,3,0,1j.csv
1699,0,0,0,1k.csv
1699,0,0,0,1l.csv
1699,1,0,1,1m.csv
1699,2,2,0,2a.csv
1699,1,1,0,2b.csv
1699,1,1,0,2c.csv
1699,1,1,0,2d.csv
1699,0,0,0,2e.csv
1699,1,1,0,2f.csv
1699,0,0,0,2g.csv
1699,0,0,0,2h.csv
1699,0,0,0,2i.csv
1699,0,0,0,2j.csv
1699,2,0,2,2k.csv
1699,1,1,0,2l.csv
1699,7,5,2,3a.csv
1699,6,6,0,3b.csv
1699,11,8,3,3c.csv
1699,11,8,3,3d.csv
1699,14,5,9,3e.csv
1699,1,1,0,3f.csv
1699,1,1,0,3g.csv
1700,6,5,1,1a.csv
1700,3,2,1,1b.csv
1700,2,1,1,1c.csv
1700,0,0,0,1e.csv
1700,3,0,3,1f.csv
1700,0,0,0,1g.csv
1700,3,3,0,1h.csv
1700,0,0,0,1i.csv
1700,3,3,0,1j.csv
1700,0,0,0,1k.csv
1700,0,0,0,1l.csv
1700,0,0,0,1m.csv
1700,3,3,0,2a.csv
1700,1,1,0,2b.csv
1700,1,1,0,2c.csv
1700,1,1,0,2d.csv
1700,0,0,0,2e.csv
1700,1,1,0,2f.csv
1700,1,1,0,2g.csv
1700,0,0,0,2h.csv
1700,0,0,0,2i.csv
1700,0,0,0,2j.csv
1700,3,1,2,2k.csv
1700,2,2,0,2l.csv
1700,8,7,1,3a.csv
1700,5,5,0,3b.csv
1700,12,10,2,3c.csv
1700,12,10,2,3d.csv
1700,14,5,9,3e.csv
1700,0,0,0,3f.csv
1700,1,1,0,3g.csv
1701,6,5,1,1a.csv
1701,2,2,0,1b.csv
1701,2,1,1,1c.csv
1701,0,0,0,1e.csv
1701,2,0,2,1f.csv
1701,2,2,0,1g.csv
1701,3,3,0,1h.csv
1701,0,0,0,1i.csv
1701,3,3,0,1j.csv
1701,0,0,0,1k.csv
1701,0,0,0,1l.csv
1701,1,1,0,1m.csv
1701,4,4,0,2a.csv
1701,0,0,0,2b.csv
1701,2,1,1,2c.csv
1701,1,1,0,2d.csv
1701,0,0,0,2e.csv
1701,1,1,0,2f.csv
1701,1,1,0,2g.csv
1701,0,0,0,2h.csv
1701,0,0,0,2i.csv
1701,0,0,0,2j.csv
1701,3,1,2,2k.csv
1701,3,3,0,2l.csv
1701,7,6,1,3a.csv
1701,6,5,1,3b.csv
1701,12,10,2,3c.csv
1701,12,10,2,3d.csv
1701,16,7,9,3e.csv
1701,1,1,0,3f.csv
1701,1,1,0,3g.csv
1702,6,5,1,1a.csv
1702,2,2,0,1b.csv
1702,1,0,1,1c.csv
1702,0,0,0,1e.csv
1702,2,0,2,1f.csv
1702,2,2,0,1g.csv
1702,3,3,0,1h.csv
1702,0,0,0,1i.csv
1702,3,3,0,1j.csv
1702,0,0,0,1k.csv
1702,0,0,0,1l.csv
1702,1,1,0,1m.csv
1702,5,4,1,2a.csv
1702,0,0,0,2b.csv
1702,3,2,1,2c.csv
1702,1,1,0,2d.csv
1702,0,0,0,2e.csv
1702,1,1,0,2f.csv
1702,1,1,0,2g.csv
1702,0,0,0,2h.csv
1702,0,0,0,2i.csv
1702,0,0,0,2j.csv
1702,3,1,2,2k.csv
1702,4,4,0,2l.csv
1702,6,5,1,3a.csv
1702,6,5,1,3b.csv
1702,14,12,2,3c.csv
1702,14,12,2,3d.csv
1702,13,5,8,3e.csv
1702,1,1,0,3f.csv
1702,1,1,0,3g.csv
1703,5,4,1,1a.csv
1703,2,2,0,1b.csv
1703,1,0,1,1c.csv
1703,3,2,1,1e.csv
1703,1,0,1,1f.csv
1703,2,2,0,1g.csv
1703,3,3,0,1h.csv
1703,0,0,0,1i.csv
1703,2,2,0,1j.csv
1703,0,0,0,1k.csv
1703,0,0,0,1l.csv
1703,1,1,0,1m.csv
1703,6,5,1,2a.csv
1703,0,0,0,2b.csv
1703,3,2,1,2c.csv
1703,1,1,0,2d.csv
1703,0,0,0,2e.csv
1703,0,0,0,2f.csv
1703,1,1,0,2g.csv
1703,0,0,0,2h.csv
1703,0,0,0,2i.csv
1703,0,0,0,2j.csv
1703,3,1,2,2k.csv
1703,4,4,0,2l.csv
1703,5,4,1,3a.csv
1703,4,3,1,3b.csv
1703,13,11,2,3c.csv
1703,13,11,2,3d.csv
1703,13,5,8,3e.csv
1703,2,2,0,3f.csv
1703,1,1,0,3g.csv
1704,4,3,1,1a.csv
1704,4,4,0,1b.csv
1704,1,0,1,1c.csv
1704,3,2,1,1e.csv
1704,2,0,2,1f.csv
1704,2,2,0,1g.csv
1704,5,4,1,1h.csv
1704,0,0,0,1i.csv
1704,1,1,0,1j.csv
1704,0,0,0,1k.csv
1704,0,0,0,1l.csv
1704,1,1,0,1m.csv
1704,6,5,1,2a.csv
1704,0,0,0,2b.csv
1704,3,2,1,2c.csv
1704,0,0,0,2d.csv
1704,0,0,0,2e.csv
1704,0,0,0,2f.csv
1704,1,1,0,2g.csv
1704,0,0,0,2h.csv
1704,0,0,0,2i.csv
1704,0,0,0,2j.csv
1704,2,1,1,2k.csv
1704,5,5,0,2l.csv
1704,5,4,1,3a.csv
1704,2,1,1,3b.csv
1704,14,11,3,3c.csv
1704,14,11,3,3d.csv
1704,14,6,8,3e.csv
1704,2,2,0,3f.csv
1704,1,1,0,3g.csv
1705,4,3,1,1a.csv
1705,4,4,0,1b.csv
1705,0,0,0,1c.csv
1705,4,3,1,1e.csv
1705,3,1,2,1f.csv
1705,2,2,0,1g.csv
1705,5,4,1,1h.csv
1705,0,0,0,1i.csv
1705,1,1,0,1j.csv
1705,0,0,0,1k.csv
1705,0,0,0,1l.csv
1705,2,2,0,1m.csv
1705,5,4,1,2a.csv
1705,0,0,0,2b.csv
1705,4,2,2,2c.csv
1705,0,0,0,2d.csv
1705,0,0,0,2e.csv
1705,0,0,0,2f.csv
1705,1,1,0,2g.csv
1705,0,0,0,2h.csv
1705,0,0,0,2i.csv
1705,0,0,0,2j.csv
1705,2,1,1,2k.csv
1705,5,5,0,2l.csv
1705,4,3,1,3a.csv
1705,2,1,1,3b.csv
1705,13,11,2,3c.csv
1705,13,11,2,3d.csv
1705,12,6,6,3e.csv
1705,2,2,0,3f.csv
1705,1,1,0,3g.csv
1706,2,2,0,1a.csv
1706,4,4,0,1b.csv
1706,0,0,0,1c.csv
1706,5,4,1,1e.csv
1706,3,1,2,1f.csv
1706,2,2,0,1g.csv
1706,4,3,1,1h.csv
1706,1,1,0,1i.csv
1706,1,1,0,1j.csv
1706,0,0,0,1k.csv
1706,0,0,0,1l.csv
1706,2,2,0,1m.csv
1706,4,3,1,2a.csv
1706,0,0,0,2b.csv
1706,5,3,2,2c.csv
1706,1,1,0,2d.csv
1706,0,0,0,2e.csv
1706,0,0,0,2f.csv
1706,1,1,0,2g.csv
1706,0,0,0,2h.csv
1706,0,0,0,2i.csv
1706,0,0,0,2j.csv
1706,2,1,1,2k.csv
1706,5,5,0,2l.csv
1706,5,3,2,3a.csv
1706,4,3,1,3b.csv
1706,12,11,1,3c.csv
1706,12,11,1,3d.csv
1706,14,7,7,3e.csv
1706,3,2,1,3f.csv
1706,0,0,0,3g.csv
1707,2,1,1,1a.csv
1707,4,4,0,1b.csv
1707,0,0,0,1c.csv
1707,6,4,2,1e.csv
1707,2,1,1,1f.csv
1707,2,2,0,1g.csv
1707,3,2,1,1h.csv
1707,1,1,0,1i.csv
1707,0,0,0,1j.csv
1707,0,0,0,1k.csv
1707,1,1,0,1l.csv
1707,2,2,0,1m.csv
1707,4,3,1,2a.csv
1707,0,0,0,2b.csv
1707,4,2,2,2c.csv
1707,1,1,0,2d.csv
1707,0,0,0,2e.csv
1707,0,0,0,2f.csv
1707,2,2,0,2g.csv
1707,0,0,0,2h.csv
1707,0,0,0,2i.csv
1707,0,0,0,2j.csv
1707,1,1,0,2k.csv
1707,5,5,0,2l.csv
1707,5,4,1,3a.csv
1707,4,3,1,3b.csv
1707,19,16,3,3c.csv
1707,19,16,3,3d.csv
1707,12,7,5,3e.csv
1707,3,2,1,3f.csv
1707,0,0,0,3g.csv
1708,3,1,2,1a.csv
1708,5,5,0,1b.csv
1708,0,0,0,1c.csv
1708,9,7,2,1e.csv
1708,3,1,2,1f.csv
1708,2,2,0,1g.csv
1708,3,2,1,1h.csv
1708,1,1,0,1i.csv
1708,0,0,0,1j.csv
1708,0,0,0,1k.csv
1708,1,1,0,1l.csv
1708,4,3,1,1m.csv
1708,3,2,1,2a.csv
1708,0,0,0,2b.csv
1708,4,2,2,2c.csv
1708,2,2,0,2d.csv
1708,0,0,0,2e.csv
1708,0,0,0,2f.csv
1708,1,1,0,2g.csv
1708,0,0,0,2h.csv
1708,0,0,0,2i.csv
1708,0,0,0,2j.csv
1708,0,0,0,2k.csv
1708,4,4,0,2l.csv
1708,3,2,1,3a.csv
1708,4,3,1,3b.csv
1708,17,13,4,3c.csv
1708,17,13,4,3d.csv
1708,13,8,5,3e.csv
1708,3,2,1,3f.csv
1708,0,0,0,3g.csv
1709,3,1,2,1a.csv
1709,6,6,0,1b.csv
1709,0,0,0,1c.csv
1709,10,8,2,1e.csv
1709,4,2,2,1f.csv
1709,0,0,0,1g.csv
1709,4,2,2,1h.csv
1709,1,1,0,1i.csv
1709,0,0,0,1j.csv
1709,0,0,0,1k.csv
1709,1,1,0,1l.csv
1709,3,2,1,1m.csv
1709,2,1,1,2a.csv
1709,1,1,0,2b.csv
1709,3,2,1,2c.csv
1709,2,2,0,2d.csv
1709,1,0,1,2e.csv
1709,0,0,0,2f.csv
1709,1,1,0,2g.csv
1709,0,0,0,2h.csv
1709,0,0,0,2i.csv
1709,0,0,0,2j.csv
1709,0,0,0,2k.csv
1709,6,6,0,2l.csv
1709,4,2,2,3a.csv
1709,4,4,0,3b.csv
1709,16,12,4,3c.csv
1709,16,12,4,3d.csv
1709,13,8,5,3e.csv
1709,2,1,1,3f.csv
1709,0,0,0,3g.csv
1710,3,1,2,1a.csv
1710,6,6,0,1b.csv
1710,0,0,0,1c.csv
1710,10,8,2,1e.csv
1710,4,2,2,1f.csv
1710,0,0,0,1g.csv
1710,4,2,2,1h.csv
1710,2,2,0,1i.csv
1710,0,0,0,1j.csv
1710,0,0,0,1k.csv
1710,1,1,0,1l.csv
1710,4,3,1,1m.csv
1710,1,1,0,2a.csv
1710,1,1,0,2b.csv
1710,2,1,1,2c.csv
1710,2,2,0,2d.csv
1710,1,0,1,2e.csv
1710,0,0,0,2f.csv
1710,2,2,0,2g.csv
1710,0,0,0,2h.csv
1710,0,0,0,2i.csv
1710,0,0,0,2j.csv
1710,1,1,0,2k.csv
1710,5,4,1,2l.csv
1710,5,3,2,3a.csv
1710,4,4,0,3b.csv
1710,17,11,6,3c.csv
1710,17,11,6,3d.csv
1710,14,8,6,3e.csv
1710,2,1,1,3f.csv
1710,1,1,0,3g.csv
1711,3,1,2,1a.csv
1711,8,8,0,1b.csv
1711,0,0,0,1c.csv
1711,9,7,2,1e.csv
1711,5,3,2,1f.csv
1711,0,0,0,1g.csv
1711,4,2,2,1h.csv
1711,2,2,0,1i.csv
1711,0,0,0,1j.csv
1711,0,0,0,1k.csv
1711,1,1,0,1l.csv
1711,4,3,1,1m.csv
1711,0,0,0,2a.csv
1711,2,1,1,2b.csv
1711,2,1,1,2c.csv
1711,2,2,0,2d.csv
1711,1,0,1,2e.csv
1711,0,0,0,2f.csv
1711,2,2,0,2g.csv
1711,0,0,0,2h.csv
1711,0,0,0,2i.csv
1711,0,0,0,2j.csv
1711,1,1,0,2k.csv
1711,5,4,1,2l.csv
1711,8,5,3,3a.csv
1711,4,4,0,3b.csv
1711,17,11,6,3c.csv
1711,17,11,6,3d.csv
1711,13,8,5,3e.csv
1711,1,0,1,3f.csv
1711,1,1,0,3g.csv
1712,3,1,2,1a.csv
1712,8,8,0,1b.csv
1712,0,0,0,1c.csv
1712,10,8,2,1e.csv
1712,7,5,2,1f.csv
1712,0,0,0,1g.csv
1712,2,1,1,1h.csv
1712,2,2,0,1i.csv
1712,0,0,0,1j.csv
1712,0,0,0,1k.csv
1712,1,1,0,1l.csv
1712,4,3,1,1m.csv
1712,0,0,0,2a.csv
1712,2,1,1,2b.csv
1712,2,1,1,2c.csv
1712,2,2,0,2d.csv
1712,1,0,1,2e.csv
1712,0,0,0,2f.csv
1712,2,2,0,2g.csv
1712,0,0,0,2h.csv
1712,0,0,0,2i.csv
1712,0,0,0,2j.csv
1712,1,1,0,2k.csv
1712,4,3,1,2l.csv
1712,10,6,4,3a.csv
1712,4,4,0,3b.csv
1712,19,13,6,3c.csv
1712,19,13,6,3d.csv
1712,13,8,5,3e.csv
1712,1,0,1,3f.csv
1712,1,1,0,3g.csv
1713,5,3,2,1a.csv
1713,7,7,0,1b.csv
1713,0,0,0,1c.csv
1713,10,8,2,1e.csv
1713,6,4,2,1f.csv
1713,0,0,0,1g.csv
1713,4,2,2,1h.csv
1713,2,2,0,1i.csv
1713,0,0,0,1j.csv
1713,0,0,0,1k.csv
1713,1,1,0,1l.csv
1713,3,2,1,1m.csv
1713,0,0,0,2a.csv
1713,2,1,1,2b.csv
1713,2,2,0,2c.csv
1713,2,2,0,2d.csv
1713,1,0,1,2e.csv
1713,0,0,0,2f.csv
1713,2,2,0,2g.csv
1713,0,0,0,2h.csv
1713,0,0,0,2i.csv
1713,0,0,0,2j.csv
1713,2,1,1,2k.csv
1713,4,3,1,2l.csv
1713,12,8,4,3a.csv
1713,5,4,1,3b.csv
1713,20,14,6,3c.csv
1713,20,14,6,3d.csv
1713,15,10,5,3e.csv
1713,2,1,1,3f.csv
1713,1,1,0,3g.csv
1714,5,3,2,1a.csv
1714,8,8,0,1b.csv
1714,0,0,0,1c.csv
1714,10,8,2,1e.csv
1714,7,5,2,1f.csv
1714,0,0,0,1g.csv
1714,4,2,2,1h.csv
1714,1,1,0,1i.csv
1714,0,0,0,1j.csv
1714,0,0,0,1k.csv
1714,1,1,0,1l.csv
1714,3,2,1,1m.csv
1714,0,0,0,2a.csv
1714,2,1,1,2b.csv
1714,1,1,0,2c.csv
1714,1,1,0,2d.csv
1714,1,0,1,2e.csv
1714,0,0,0,2f.csv
1714,3,3,0,2g.csv
1714,0,0,0,2h.csv
1714,0,0,0,2i.csv
1714,0,0,0,2j.csv
1714,2,1,1,2k.csv
1714,4,3,1,2l.csv
1714,14,11,3,3a.csv
1714,4,3,1,3b.csv
1714,19,13,6,3c.csv
1714,19,13,6,3d.csv
1714,13,9,4,3e.csv
1714,1,1,0,3f.csv
1714,1,1,0,3g.csv
1715,6,4,2,1a.csv
1715,7,7,0,1b.csv
1715,0,0,0,1c.csv
1715,9,8,1,1e.csv
1715,9,7,2,1f.csv
1715,0,0,0,1g.csv
1715,4,2,2,1h.csv
1715,1,1,0,1i.csv
1715,0,0,0,1j.csv
1715,0,0,0,1k.csv
1715,0,0,0,1l.csv
1715,3,2,1,1m.csv
1715,0,0,0,2a.csv
1715,2,1,1,2b.csv
1715,1,1,0,2c.csv
1715,1,1,0,2d.csv
1715,1,0,1,2e.csv
1715,0,0,0,2f.csv
1715,2,2,0,2g.csv
1715,0,0,0,2h.csv
1715,0,0,0,2i.csv
1715,1,0,1,2j.csv
1715,2,1,1,2k.csv
1715,4,3,1,2l.csv
1715,13,10,3,3a.csv
1715,3,2,1,3b.csv
1715,11,7,4,3c.csv
1715,11,7,4,3d.csv
1715,11,7,4,3e.csv
1715,1,1,0,3f.csv
1715,2,2,0,3g.csv
1716,7,6,1,1a.csv
1716,6,6,0,1b.csv
1716,1,1,0,1c.csv
1716,6,5,1,1e.csv
1716,8,7,1,1f.csv
1716,0,0,0,1g.csv
1716,4,2,2,1h.csv
1716,1,1,0,1i.csv
1716,0,0,0,1j.csv
1716,0,0,0,1k.csv
1716,1,1,0,1l.csv
1716,1,1,0,1m.csv
1716,0,0,0,2a.csv
1716,2,1,1,2b.csv
1716,2,2,0,2c.csv
1716,0,0,0,2d.csv
1716,2,1,1,2e.csv
1716,0,0,0,2f.csv
1716,2,2,0,2g.csv
1716,0,0,0,2h.csv
1716,0,0,0,2i.csv
1716,1,0,1,2j.csv
1716,2,1,1,2k.csv
1716,4,3,1,2l.csv
1716,13,10,3,3a.csv
1716,4,2,2,3b.csv
1716,12,9,3,3c.csv
1716,12,9,3,3d.csv
1716,9,6,3,3e.csv
1716,1,1,0,3f.csv
1716,2,2,0,3g.csv
1717,6,5,1,1a.csv
1717,5,5,0,1b.csv
1717,1,1,0,1c.csv
1717,5,4,1,1e.csv
1717,7,6,1,1f.csv
1717,0,0,0,1g.csv
1717,3,2,1,1h.csv
1717,1,1,0,1i.csv
1717,0,0,0,1j.csv
1717,0,0,0,1k.csv
1717,1,1,0,1l.csv
1717,2,1,1,1m.csv
1717,0,0,0,2a.csv
1717,1,0,1,2b.csv
1717,2,2,0,2c.csv
1717,0,0,0,2d.csv
1717,1,1,0,2e.csv
1717,0,0,0,2f.csv
1717,3,3,0,2g.csv
1717,0,0,0,2h.csv
1717,0,0,0,2i.csv
1717,1,0,1,2j.csv
1717,2,1,1,2k.csv
1717,1,0,1,2l.csv
1717,13,10,3,3a.csv
1717,4,1,3,3b.csv
1717,12,9,3,3c.csv
1717,12,9,3,3d.csv
1717,6,4,2,3e.csv
1717,1,1,0,3f.csv
1717,2,2,0,3g.csv
1718,8,6,2,1a.csv
1718,5,5,0,1b.csv
1718,1,1,0,1c.csv
1718,5,4,1,1e.csv
1718,8,7,1,1f.csv
1718,0,0,0,1g.csv
1718,3,2,1,1h.csv
1718,0,0,0,1i.csv
1718,0,0,0,1j.csv
1718,0,0,0,1k.csv
1718,1,1,0,1l.csv
1718,1,0,1,1m.csv
1718,0,0,0,2a.csv
1718,1,0,1,2b.csv
1718,2,2,0,2c.csv
1718,0,0,0,2d.csv
1718,1,1,0,2e.csv
1718,0,0,0,2f.csv
1718,2,2,0,2g.csv
1718,0,0,0,2h.csv
1718,0,0,0,2i.csv
1718,1,0,1,2j.csv
1718,1,0,1,2k.csv
1718,0,0,0,2l.csv
1718,13,10,3,3a.csv
1718,5,2,3,3b.csv
1718,9,8,1,3c.csv
1718,9,8,1,3d.csv
1718,5,4,1,3e.csv
1718,1,1,0,3f.csv
1718,1,1,0,3g.csv
1719,9,7,2,1a.csv
1719,3,3,0,1b.csv
1719,1,1,0,1c.csv
1719,4,4,0,1e.csv
1719,7,6,1,1f.csv
1719,0,0,0,1g.csv
1719,3,2,1,1h.csv
1719,1,1,0,1i.csv
1719,0,0,0,1j.csv
1719,0,0,0,1k.csv
1719,1,1,0,1l.csv
1719,1,0,1,1m.csv
1719,0,0,0,2a.csv
1719,0,0,0,2b.csv
1719,2,2,0,2c.csv
1719,0,0,0,2d.csv
1719,1,1,0,2e.csv
1719,0,0,0,2f.csv
1719,2,2,0,2g.csv
1719,0,0,0,2h.csv
1719,0,0,0,2i.csv
1719,1,0,1,2j.csv
1719,1,0,1,2k.csv
1719,1,1,0,2l.csv
1719,12,10,2,3a.csv
1719,5,2,3,3b.csv
1719,9,8,1,3c.csv
1719,9,8,1,3d.csv
1719,6,5,1,3e.csv
1719,2,2,0,3f.csv
1719,2,2,0,3g.csv
1720,12,8,4,1a.csv
1720,3,3,0,1b.csv
1720,1,1,0,1c.csv
1720,3,3,0,1e.csv
1720,5,4,1,1f.csv
1720,1,1,0,1g.csv
1720,3,2,1,1h.csv
1720,1,1,0,1i.csv
1720,0,0,0,1j.csv
1720,0,0,0,1k.csv
1720,1,1,0,1l.csv
1720,1,0,1,1m.csv
1720,0,0,0,2a.csv
1720,0,0,0,2b.csv
1720,4,4,0,2c.csv
1720,0,0,0,2d.csv
1720,1,1,0,2e.csv
1720,0,0,0,2f.csv
1720,2,2,0,2g.csv
1720,0,0,0,2h.csv
1720,0,0,0,2i.csv
1720,1,0,1,2j.csv
1720,1,0,1,2k.csv
1720,1,1,0,2l.csv
1720,12,9,3,3a.csv
1720,5,2,3,3b.csv
1720,6,6,0,3c.csv
1720,6,6,0,3d.csv
1720,5,4,1,3e.csv
1720,2,2,0,3f.csv
1720,2,2,0,3g.csv
1721,11,6,5,1a.csv
1721,3,3,0,1b.csv
1721,1,1,0,1c.csv
1721,2,2,0,1e.csv
1721,7,6,1,1f.csv
1721,1,1,0,1g.csv
1721,1,1,0,1h.csv
1721,1,1,0,1i.csv
1721,0,0,0,1j.csv
1721,0,0,0,1k.csv
1721,1,1,0,1l.csv
1721,1,0,1,1m.csv
1721,0,0,0,2a.csv
1721,0,0,0,2b.csv
1721,4,4,0,2c.csv
1721,0,0,0,2d.csv
1721,1,1,0,2e.csv
1721,0,0,0,2f.csv
1721,2,2,0,2g.csv
1721,0,0,0,2h.csv
1721,0,0,0,2i.csv
1721,1,0,1,2j.csv
1721,0,0,0,2k.csv
1721,1,1,0,2l.csv
1721,11,8,3,3a.csv
1721,5,3,2,3b.csv
1721,8,8,0,3c.csv
1721,8,8,0,3d.csv
1721,3,2,1,3e.csv
1721,2,2,0,3f.csv
1721,2,2,0,3g.csv
1722,11,6,5,1a.csv
1722,2,2,0,1b.csv
1722,2,2,0,1c.csv
1722,1,1,0,1e.csv
1722,6,5,1,1f.csv
1722,1,1,0,1g.csv
1722,1,1,0,1h.csv
1722,1,1,0,1i.csv
1722,0,0,0,1j.csv
1722,0,0,0,1k.csv
1722,1,1,0,1l.csv
1722,1,0,1,1m.csv
1722,0,0,0,2a.csv
1722,0,0,0,2b.csv
1722,5,5,0,2c.csv
1722,0,0,0,2d.csv
1722,1,1,0,2e.csv
1722,0,0,0,2f.csv
1722,1,1,0,2g.csv
1722,0,0,0,2h.csv
1722,0,0,0,2i.csv
1722,1,0,1,2j.csv
1722,0,0,0,2k.csv
1722,1,1,0,2l.csv
1722,8,5,3,3a.csv
1722,5,3,2,3b.csv
1722,7,7,0,3c.csv
1722,7,7,0,3d.csv
1722,3,3,0,3e.csv
1722,2,2,0,3f.csv
1722,2,2,0,3g.csv
1723,11,6,5,1a.csv
1723,3,3,0,1b.csv
1723,2,2,0,1c.csv
1723,2,2,0,1e.csv
1723,4,3,1,1f.csv
1723,1,1,0,1g.csv
1723,1,1,0,1h.csv
1723,1,1,0,1i.csv
1723,1,1,0,1j.csv
1723,0,0,0,1k.csv
1723,1,1,0,1l.csv
1723,2,0,2,1m.csv
1723,0,0,0,2a.csv
1723,0,0,0,2b.csv
1723,6,6,0,2c.csv
1723,0,0,0,2d.csv
1723,1,1,0,2e.csv
1723,0,0,0,2f.csv
1723,1,1,0,2g.csv
1723,0,0,0,2h.csv
1723,0,0,0,2i.csv
1723,0,0,0,2j.csv
1723,1,1,0,2k.csv
1723,1,1,0,2l.csv
1723,9,6,3,3a.csv
1723,6,4,2,3b.csv
1723,6,6,0,3c.csv
1723,6,6,0,3d.csv
1723,3,3,0,3e.csv
1723,2,2,0,3f.csv
1723,1,1,0,3g.csv
1724,10,4,6,1a.csv
1724,3,3,0,1b.csv
1724,1,1,0,1c.csv
1724,2,2,0,1e.csv
1724,4,3,1,1f.csv
1724,1,1,0,1g.csv
1724,0,0,0,1h.csv
1724,1,1,0,1i.csv
1724,2,2,0,1j.csv
1724,1,1,0,1k.csv
1724,0,0,0,1l.csv
1724,2,0,2,1m.csv
1724,0,0,0,2a.csv
1724,0,0,0,2b.csv
1724,5,5,0,2c.csv
1724,0,0,0,2d.csv
1724,0,0,0,2e.csv
1724,0,0,0,2f.csv
1724,1,1,0,2g.csv
1724,0,0,0,2h.csv
1724,0,0,0,2i.csv
1724,0,0,0,2j.csv
1724,1,1,0,2k.csv
1724,1,1,0,2l.csv
1724,9,6,3,3a.csv
1724,6,4,2,3b.csv
1724,5,4,1,3c.csv
1724,5,4,1,3d.csv
1724,2,2,0,3e.csv
1724,2,2,0,3f.csv
1724,1,1,0,3g.csv
1725,12,5,7,1a.csv
1725,3,3,0,1b.csv
1725,1,1,0,1c.csv
1725,2,2,0,1e.csv
1725,5,4,1,1f.csv
1725,1,1,0,1g.csv
1725,0,0,0,1h.csv
1725,1,1,0,1i.csv
1725,2,2,0,1j.csv
1725,1,1,0,1k.csv
1725,0,0,0,1l.csv
1725,1,0,1,1m.csv
1725,0,0,0,2a.csv
1725,0,0,0,2b.csv
1725,5,5,0,2c.csv
1725,0,0,0,2d.csv
1725,0,0,0,2e.csv
1725,0,0,0,2f.csv
1725,0,0,0,2g.csv
1725,0,0,0,2h.csv
1725,0,0,0,2i.csv
1725,0,0,0,2j.csv
1725,1,1,0,2k.csv
1725,1,1,0,2l.csv
1725,8,6,2,3a.csv
1725,5,4,1,3b.csv
1725,6,5,1,3c.csv
1725,6,5,1,3d.csv
1725,2,2,0,3e.csv
1725,2,2,0,3f.csv
1725,1,1,0,3g.csv
1726,14,6,8,1a.csv
1726,3,3,0,1b.csv
1726,1,1,0,1c.csv
1726,2,2,0,1e.csv
1726,4,3,1,1f.csv
1726,2,2,0,1g.csv
1726,0,0,0,1h.csv
1726,1,1,0,1i.csv
1726,2,2,0,1j.csv
1726,1,1,0,1k.csv
1726,0,0,0,1l.csv
1726,1,0,1,1m.csv
1726,0,0,0,2a.csv
1726,0,0,0,2b.csv
1726,5,5,0,2c.csv
1726,0,0,0,2d.csv
1726,0,0,0,2e.csv
1726,0,0,0,2f.csv
1726,0,0,0,2g.csv
1726,0,0,0,2h.csv
1726,0,0,0,2i.csv
1726,0,0,0,2j.csv
1726,1,1,0,2k.csv
1726,1,1,0,2l.csv
1726,8,6,2,3a.csv
1726,4,3,1,3b.csv
1726,7,6,1,3c.csv
1726,7,6,1,3d.csv
1726,2,2,0,3e.csv
1726,4,3,1,3f.csv
1726,1,1,0,3g.csv
1727,15,7,8,1a.csv
1727,3,3,0,1b.csv
1727,1,1,0,1c.csv
1727,1,1,0,1e.csv
1727,4,3,1,1f.csv
1727,3,3,0,1g.csv
1727,0,0,0,1h.csv
1727,0,0,0,1i.csv
1727,2,2,0,1j.csv
1727,1,1,0,1k.csv
1727,0,0,0,1l.csv
1727,1,0,1,1m.csv
1727,0,0,0,2a.csv
1727,0,0,0,2b.csv
1727,5,5,0,2c.csv
1727,0,0,0,2d.csv
1727,0,0,0,2e.csv
1727,0,0,0,2f.csv
1727,1,1,0,2g.csv
1727,0,0,0,2h.csv
1727,0,0,0,2i.csv
1727,0,0,0,2j.csv
1727,2,2,0,2k.csv
1727,1,0,1,2l.csv
1727,6,4,2,3a.csv
1727,6,5,1,3b.csv
1727,7,6,1,3c.csv
1727,7,6,1,3d.csv
1727,1,1,0,3e.csv
1727,3,2,1,3f.csv
1727,0,0,0,3g.csv
1728,12,6,6,1a.csv
1728,1,1,0,1b.csv
1728,1,1,0,1c.csv
1728,1,1,0,1e.csv
1728,3,3,0,1f.csv
1728,2,2,0,1g.csv
1728,1,1,0,1h.csv
1728,0,0,0,1i.csv
1728,2,2,0,1j.csv
1728,1,1,0,1k.csv
1728,0,0,0,1l.csv
1728,1,0,1,1m.csv
1728,0,0,0,2a.csv
1728,0,0,0,2b.csv
1728,5,4,1,2c.csv
1728,0,0,0,2d.csv
1728,0,0,0,2e.csv
1728,0,0,0,2f.csv
1728,1,1,0,2g.csv
1728,0,0,0,2h.csv
1728,0,0,0,2i.csv
1728,0,0,0,2j.csv
1728,2,2,0,2k.csv
1728,1,0,1,2l.csv
1728,4,4,0,3a.csv
1728,6,5,1,3b.csv
1728,8,7,1,3c.csv
1728,8,7,1,3d.csv
1728,1,1,0,3e.csv
1728,3,2,1,3f.csv
1728,0,0,0,3g.csv
1729,11,6,5,1a.csv
1729,2,2,0,1b.csv
1729,1,1,0,1c.csv
1729,1,1,0,1e.csv
1729,1,1,0,1f.csv
1729,2,2,0,1g.csv
1729,1,1,0,1h.csv
1729,0,0,0,1i.csv
1729,2,2,0,1j.csv
1729,1,1,0,1k.csv
1729,0,0,0,1l.csv
1729,1,0,1,1m.csv
1729,0,0,0,2a.csv
1729,0,0,0,2b.csv
1729,4,3,1,2c.csv
1729,0,0,0,2d.csv
1729,0,0,0,2e.csv
1729,0,0,0,2f.csv
1729,1,1,0,2g.csv
1729,0,0,0,2h.csv
1729,0,0,0,2i.csv
1729,0,0,0,2j.csv
1729,3,2,1,2k.csv
1729,1,0,1,2l.csv
1729,4,3,1,3a.csv
1729,5,4,1,3b.csv
1729,4,3,1,3c.csv
1729,4,3,1,3d.csv
1729,1,1,0,3e.csv
1729,2,1,1,3f.csv
1729,0,0,0,3g.csv
1730,13,7,6,1a.csv
1730,2,2,0,1b.csv
1730,0,0,0,1c.csv
1730,1,1,0,1e.csv
1730,1,1,0,1f.csv
1730,2,2,0,1g.csv
1730,1,1,0,1h.csv
1730,1,0,1,1i.csv
1730,2,2,0,1j.csv
1730,1,1,0,1k.csv
1730,0,0,0,1l.csv
1730,1,0,1,1m.csv
1730,0,0,0,2a.csv
1730,0,0,0,2b.csv
1730,3,2,1,2c.csv
1730,0,0,0,2d.csv
1730,0,0,0,2e.csv
1730,0,0,0,2f.csv
1730,1,1,0,2g.csv
1730,0,0,0,2h.csv
1730,0,0,0,2i.csv
1730,0,0,0,2j.csv
1730,3,2,1,2k.csv
1730,1,0,1,2l.csv
1730,5,4,1,3a.csv
1730,5,4,1,3b.csv
1730,5,4,1,3c.csv
1730,5,4,1,3d.csv
1730,1,0,1,3e.csv
1730,2,1,1,3f.csv
1730,0,0,0,3g.csv
1731,12,6,6,1a.csv
1731,1,1,0,1b.csv
1731,0,0,0,1c.csv
1731,0,0,0,1e.csv
1731,2,1,1,1f.csv
1731,2,2,0,1g.csv
1731,1,1,0,1h.csv
1731,1,0,1,1i.csv
1731,1,1,0,1j.csv
1731,1,1,0,1k.csv
1731,0,0,0,1l.csv
1731,0,0,0,1m.csv
1731,0,0,0,2a.csv
1731,0,0,0,2b.csv
1731,2,1,1,2c.csv
1731,0,0,0,2d.csv
1731,0,0,0,2e.csv
1731,0,0,0,2f.csv
1731,1,1,0,2g.csv
1731,0,0,0,2h.csv
1731,0,0,0,2i.csv
1731,0,0,0,2j.csv
1731,2,1,1,2k.csv
1731,1,0,1,2l.csv
1731,7,5,2,3a.csv
1731,5,3,2,3b.csv
1731,6,5,1,3c.csv
1731,6,5,1,3d.csv
1731,1,0,1,3e.csv
1731,2,1,1,3f.csv
1731,0,0,0,3g.csv
1732,12,7,5,1a.csv
1732,1,1,0,1b.csv
1732,0,0,0,1c.csv
1732,0,0,0,1e.csv
1732,2,1,1,1f.csv
1732,3,3,0,1g.csv
1732,1,1,0,1h.csv
1732,1,0,1,1i.csv
1732,0,0,0,1j.csv
1732,0,0,0,1k.csv
1732,0,0,0,1l.csv
1732,0,0,0,1m.csv
1732,0,0,0,2a.csv
1732,0,0,0,2b.csv
1732,2,1,1,2c.csv
1732,0,0,0,2d.csv
1732,0,0,0,2e.csv
1732,0,0,0,2f.csv
1732,1,1,0,2g.csv
1732,0,0,0,2h.csv
1732,0,0,0,2i.csv
1732,0,0,0,2j.csv
1732,2,1,1,2k.csv
1732,1,0,1,2l.csv
1732,9,6,3,3a.csv
1732,5,3,2,3b.csv
1732,7,7,0,3c.csv
1732,7,7,0,3d.csv
1732,1,0,1,3e.csv
1732,2,1,1,3f.csv
1732,0,0,0,3g.csv
1733,11,7,4,1a.csv
1733,2,2,0,1b.csv
1733,0,0,0,1c.csv
1733,0,0,0,1e.csv
1733,1,0,1,1f.csv
1733,4,3,1,1g.csv
1733,1,1,0,1h.csv
1733,1,0,1,1i.csv
1733,1,0,1,1j.csv
1733,0,0,0,1k.csv
1733,0,0,0,1l.csv
1733,0,0,0,1m.csv
1733,0,0,0,2a.csv
1733,0,0,0,2b.csv
1733,2,1,1,2c.csv
1733,0,0,0,2d.csv
1733,0,0,0,2e.csv
1733,0,0,0,2f.csv
1733,1,1,0,2g.csv
1733,0,0,0,2h.csv
1733,0,0,0,2i.csv
1733,0,0,0,2j.csv
1733,4,3,1,2k.csv
1733,1,0,1,2l.csv
1733,10,7,3,3a.csv
1733,5,3,2,3b.csv
1733,8,8,0,3c.csv
1733,8,8,0,3d.csv
1733,1,0,1,3e.csv
1733,2,1,1,3f.csv
1733,0,0,0,3g.csv
1734,8,5,3,1a.csv
1734,2,2,0,1b.csv
1734,0,0,0,1c.csv
1734,0,0,0,1e.csv
1734,1,0,1,1f.csv
1734,3,2,1,1g.csv
1734,1,1,0,1h.csv
1734,1,0,1,1i.csv
1734,1,0,1,1j.csv
1734,0,0,0,1k.csv
1734,0,0,0,1l.csv
1734,0,0,0,1m.csv
1734,0,0,0,2a.csv
1734,0,0,0,2b.csv
1734,2,1,1,2c.csv
1734,0,0,0,2d.csv
1734,1,1,0,2e.csv
1734,0,0,0,2f.csv
1734,1,1,0,2g.csv
1734,0,0,0,2h.csv
1734,0,0,0,2i.csv
1734,0,0,0,2j.csv
1734,5,4,1,2k.csv
1734,1,0,1,2l.csv
1734,12,9,3,3a.csv
1734,5,3,2,3b.csv
1734,9,9,0,3c.csv
1734,9,9,0,3d.csv
1734,1,0,1,3e.csv
1734,0,0,0,3f.csv
1734,0,0,0,3g.csv
1735,6,3,3,1a.csv
1735,2,2,0,1b.csv
1735,0,0,0,1c.csv
1735,0,0,0,1e.csv
1735,1,0,1,1f.csv
1735,2,1,1,1g.csv
1735,1,1,0,1h.csv
1735,1,0,1,1i.csv
1735,1,0,1,1j.csv
1735,0,0,0,1k.csv
1735,2,2,0,1l.csv
1735,0,0,0,1m.csv
1735,0,0,0,2a.csv
1735,0,0,0,2b.csv
1735,2,1,1,2c.csv
1735,0,0,0,2d.csv
1735,1,1,0,2e.csv
1735,0,0,0,2f.csv
1735,0,0,0,2g.csv
1735,0,0,0,2h.csv
1735,0,0,0,2i.csv
1735,0,0,0,2j.csv
1735,5,4,1,2k.csv
1735,0,0,0,2l.csv
1735,13,10,3,3a.csv
1735,3,1,2,3b.csv
1735,11,11,0,3c.csv
1735,11,11,0,3d.csv
1735,1,0,1,3e.csv
1735,1,1,0,3f.csv
1735,0,0,0,3g.csv
1736,6,3,3,1a.csv
1736,2,2,0,1b.csv
1736,0,0,0,1c.csv
1736,0,0,0,1e.csv
1736,1,0,1,1f.csv
1736,3,2,1,1g.csv
1736,1,0,1,1h.csv
1736,1,0,1,1i.csv
1736,1,0,1,1j.csv
1736,0,0,0,1k.csv
1736,3,2,1,1l.csv
1736,0,0,0,1m.csv
1736,0,0,0,2a.csv
1736,0,0,0,2b.csv
1736,0,0,0,2c.csv
1736,1,1,0,2d.csv
1736,1,1,0,2e.csv
1736,0,0,0,2f.csv
1736,0,0,0,2g.csv
1736,0,0,0,2h.csv
1736,0,0,0,2i.csv
1736,0,0,0,2j.csv
1736,5,4,1,2k.csv
1736,1,1,0,2l.csv
1736,13,10,3,3a.csv
1736,4,2,2,3b.csv
1736,13,12,1,3c.csv
1736,13,12,1,3d.csv
1736,2,1,1,3e.csv
1736,1,1,0,3f.csv
1736,0,0,0,3g.csv
1737,7,3,4,1a.csv
1737,1,1,0,1b.csv
1737,0,0,0,1c.csv
1737,0,0,0,1e.csv
1737,1,0,1,1f.csv
1737,3,2,1,1g.csv
1737,1,0,1,1h.csv
1737,1,0,1,1i.csv
1737,1,0,1,1j.csv
1737,0,0,0,1k.csv
1737,3,2,1,1l.csv
1737,0,0,0,1m.csv
1737,0,0,0,2a.csv
1737,0,0,0,2b.csv
1737,1,1,0,2c.csv
1737,1,1,0,2d.csv
1737,2,2,0,2e.csv
1737,0,0,0,2f.csv
1737,0,0,0,2g.csv
1737,0,0,0,2h.csv
1737,0,0,0,2i.csv
1737,0,0,0,2j.csv
1737,4,4,0,2k.csv
1737,1,1,0,2l.csv
1737,12,10,2,3a.csv
1737,5,3,2,3b.csv
1737,14,13,1,3c.csv
1737,14,13,1,3d.csv
1737,2,1,1,3e.csv
1737,1,1,0,3f.csv
1737,0,0,0,3g.csv
1738,8,4,4,1a.csv
1738,1,1,0,1b.csv
1738,0,0,0,1c.csv
1738,0,0,0,1e.csv
1738,1,0,1,1f.csv
1738,3,2,1,1g.csv
1738,1,0,1,1h.csv
1738,0,0,0,1i.csv
1738,1,0,1,1j.csv
1738,0,0,0,1k.csv
1738,3,2,1,1l.csv
1738,0,0,0,1m.csv
1738,0,0,0,2a.csv
1738,0,0,0,2b.csv
1738,2,2,0,2c.csv
1738,1,1,0,2d.csv
1738,2,2,0,2e.csv
1738,0,0,0,2f.csv
1738,0,0,0,2g.csv
1738,0,0,0,2h.csv
1738,0,0,0,2i.csv
1738,0,0,0,2j.csv
1738,5,5,0,2k.csv
1738,1,1,0,2l.csv
1738,15,11,4,3a.csv
1738,5,3,2,3b.csv
1738,13,12,1,3c.csv
1738,13,12,1,3d.csv
1738,2,2,0,3e.csv
1738,1,1,0,3f.csv
1738,0,0,0,3g.csv
1739,9,5,4,1a.csv
1739,1,1,0,1b.csv
1739,0,0,0,1c.csv
1739,0,0,0,1e.csv
1739,0,0,0,1f.csv
1739,3,2,1,1g.csv
1739,1,0,1,1h.csv
1739,0,0,0,1i.csv
1739,1,0,1,1j.csv
1739,0,0,0,1k.csv
1739,3,2,1,1l.csv
1739,1,1,0,1m.csv
1739,0,0,0,2a.csv
1739,0,0,0,2b.csv
1739,3,3,0,2c.csv
1739,1,1,0,2d.csv
1739,2,2,0,2e.csv
1739,0,0,0,2f.csv
1739,1,1,0,2g.csv
1739,0,0,0,2h.csv
1739,0,0,0,2i.csv
1739,0,0,0,2j.csv
1739,7,5,2,2k.csv
1739,1,1,0,2l.csv
1739,15,11,4,3a.csv
1739,4,3,1,3b.csv
1739,12,11,1,3c.csv
1739,12,11,1,3d.csv
1739,3,3,0,3e.csv
1739,1,1,0,3f.csv
1739,1,0,1,3g.csv
1740,13,8,5,1a.csv
1740,2,1,1,1b.csv
1740,0,0,0,1c.csv
1740,0,0,0,1e.csv
1740,1,1,0,1f.csv
1740,2,1,1,1g.csv
1740,1,0,1,1h.csv
1740,0,0,0,1i.csv
1740,1,0,1,1j.csv
1740,0,0,0,1k.csv
1740,3,2,1,1l.csv
1740,1,1,0,1m.csv
1740,0,0,0,2a.csv
1740,0,0,0,2b.csv
1740,4,4,0,2c.csv
1740,1,1,0,2d.csv
1740,2,2,0,2e.csv
1740,0,0,0,2f.csv
1740,2,2,0,2g.csv
1740,0,0,0,2h.csv
1740,0,0,0,2i.csv
1740,0,0,0,2j.csv
1740,8,6,2,2k.csv
1740,1,1,0,2l.csv
1740,14,11,3,3a.csv
1740,3,3,0,3b.csv
1740,10,9,1,3c.csv
1740,10,9,1,3d.csv
1740,4,4,0,3e.csv
1740,1,1,0,3f.csv
1740,1,0,1,3g.csv
1741,15,9,6,1a.csv
1741,1,0,1,1b.csv
1741,0,0,0,1c.csv
1741,0,0,0,1e.csv
1741,1,1,0,1f.csv
1741,1,1,0,1g.csv
1741,1,0,1,1h.csv
1741,0,0,0,1i.csv
1741,0,0,0,1j.csv
1741,0,0,0,1k.csv
1741,4,3,1,1l.csv
1741,1,1,0,1m.csv
1741,0,0,0,2a.csv
1741,0,0,0,2b.csv
1741,4,4,0,2c.csv
1741,2,2,0,2d.csv
1741,2,2,0,2e.csv
1741,0,0,0,2f.csv
1741,2,2,0,2g.csv
1741,0,0,0,2h.csv
1741,0,0,0,2i.csv
1741,0,0,0,2j.csv
1741,6,4,2,2k.csv
1741,1,1,0,2l.csv
1741,13,10,3,3a.csv
1741,3,3,0,3b.csv
1741,9,8,1,3c.csv
1741,9,8,1,3d.csv
1741,6,6,0,3e.csv
1741,1,1,0,3f.csv
1741,1,0,1,3g.csv
1742,14,9,5,1a.csv
1742,2,1,1,1b.csv
1742,0,0,0,1c.csv
1742,0,0,0,1e.csv
1742,1,1,0,1f.csv
1742,1,1,0,1g.csv
1742,1,0,1,1h.csv
1742,0,0,0,1i.csv
1742,0,0,0,1j.csv
1742,0,0,0,1k.csv
1742,4,3,1,1l.csv
1742,1,1,0,1m.csv
1742,0,0,0,2a.csv
1742,0,0,0,2b.csv
1742,4,4,0,2c.csv
1742,2,2,0,2d.csv
1742,1,1,0,2e.csv
1742,0,0,0,2f.csv
1742,2,2,0,2g.csv
1742,0,0,0,2h.csv
1742,0,0,0,2i.csv
1742,0,0,0,2j.csv
1742,6,3,3,2k.csv
1742,2,1,1,2l.csv
1742,10,7,3,3a.csv
1742,3,3,0,3b.csv
1742,7,6,1,3c.csv
1742,7,6,1,3d.csv
1742,6,6,0,3e.csv
1742,2,2,0,3f.csv
1742,1,0,1,3g.csv
1743,18,12,6,1a.csv
1743,2,1,1,1b.csv
1743,1,1,0,1c.csv
1743,0,0,0,1e.csv
1743,1,1,0,1f.csv
1743,1,1,0,1g.csv
1743,1,0,1,1h.csv
1743,0,0,0,1i.csv
1743,0,0,0,1j.csv
1743,1,1,0,1k.csv
1743,8,1,7,1l.csv
1743,1,1,0,1m.csv
1743,1,1,0,2a.csv
1743,1,1,0,2b.csv
1743,4,4,0,2c.csv
1743,2,2,0,2d.csv
1743,1,1,0,2e.csv
1743,0,0,0,2f.csv
1743,2,2,0,2g.csv
1743,0,0,0,2h.csv
1743,0,0,0,2i.csv
1743,0,0,0,2j.csv
1743,5,2,3,2k.csv
1743,2,1,1,2l.csv
1743,9,6,3,3a.csv
1743,3,3,0,3b.csv
1743,5,4,1,3c.csv
1743,5,4,1,3d.csv
1743,6,6,0,3e.csv
1743,1,1,0,3f.csv
1743,1,0,1,3g.csv
1744,21,15,6,1a.csv
1744,2,1,1,1b.csv
1744,1,1,0,1c.csv
1744,0,0,0,1e.csv
1744,1,1,0,1f.csv
1744,0,0,0,1g.csv
1744,0,0,0,1h.csv
1744,1,1,0,1i.csv
1744,0,0,0,1j.csv
1744,2,2,0,1k.csv
1744,8,2,6,1l.csv
1744,1,1,0,1m.csv
1744,1,1,0,2a.csv
1744,1,1,0,2b.csv
1744,4,4,0,2c.csv
1744,1,1,0,2d.csv
1744,1,1,0,2e.csv
1744,0,0,0,2f.csv
1744,2,2,0,2g.csv
1744,0,0,0,2h.csv
1744,1,1,0,2i.csv
1744,0,0,0,2j.csv
1744,5,2,3,2k.csv
1744,1,0,1,2l.csv
1744,10,6,4,3a.csv
1744,2,2,0,3b.csv
1744,3,3,0,3c.csv
1744,3,3,0,3d.csv
1744,5,5,0,3e.csv
1744,1,1,0,3f.csv
1744,1,0,1,3g.csv
1745,21,16,5,1a.csv
1745,2,1,1,1b.csv
1745,1,1,0,1c.csv
1745,1,0,1,1e.csv
1745,1,1,0,1f.csv
1745,0,0,0,1g.csv
1745,0,0,0,1h.csv
1745,1,1,0,1i.csv
1745,0,0,0,1j.csv
1745,2,2,0,1k.csv
1745,9,3,6,1l.csv
1745,1,1,0,1m.csv
1745,1,1,0,2a.csv
1745,1,1,0,2b.csv
1745,3,3,0,2c.csv
1745,1,1,0,2d.csv
1745,2,1,1,2e.csv
1745,0,0,0,2f.csv
1745,2,2,0,2g.csv
1745,0,0,0,2h.csv
1745,1,1,0,2i.csv
1745,0,0,0,2j.csv
1745,6,2,4,2k.csv
1745,1,0,1,2l.csv
1745,9,5,4,3a.csv
1745,1,1,0,3b.csv
1745,5,4,1,3c.csv
1745,5,4,1,3d.csv
1745,8,8,0,3e.csv
1745,1,1,0,3f.csv
1745,1,0,1,3g.csv
1746,20,15,5,1a.csv
1746,2,1,1,1b.csv
1746,1,1,0,1c.csv
1746,1,0,1,1e.csv
1746,1,1,0,1f.csv
1746,1,1,0,1g.csv
1746,0,0,0,1h.csv
1746,1,1,0,1i.csv
1746,0,0,0,1j.csv
1746,2,2,0,1k.csv
1746,10,4,6,1l.csv
1746,1,1,0,1m.csv
1746,1,1,0,2a.csv
1746,1,1,0,2b.csv
1746,3,3,0,2c.csv
1746,1,1,0,2d.csv
1746,2,1,1,2e.csv
1746,0,0,0,2f.csv
1746,2,2,0,2g.csv
1746,0,0,0,2h.csv
1746,1,1,0,2i.csv
1746,0,0,0,2j.csv
1746,5,1,4,2k.csv
1746,1,0,1,2l.csv
1746,5,3,2,3a.csv
1746,0,0,0,3b.csv
1746,5,4,1,3c.csv
1746,5,4,1,3d.csv
1746,7,7,0,3e.csv
1746,2,1,1,3f.csv
1746,1,0,1,3g.csv
1747,20,16,4,1a.csv
1747,2,1,1,1b.csv
1747,1,1,0,1c.csv
1747,1,0,1,1e.csv
1747,1,1,0,1f.csv
1747,1,1,0,1g.csv
1747,0,0,0,1h.csv
1747,2,2,0,1i.csv
1747,0,0,0,1j.csv
1747,2,2,0,1k.csv
1747,10,4,6,1l.csv
1747,1,1,0,1m.csv
1747,2,2,0,2a.csv
1747,1,1,0,2b.csv
1747,2,2,0,2c.csv
1747,1,1,0,2d.csv
1747,2,1,1,2e.csv
1747,0,0,0,2f.csv
1747,1,1,0,2g.csv
1747,0,0,0,2h.csv
1747,1,1,0,2i.csv
1747,0,0,0,2j.csv
1747,4,2,2,2k.csv
1747,1,0,1,2l.csv
1747,4,1,3,3a.csv
1747,0,0,0,3b.csv
1747,6,5,1,3c.csv
1747,6,5,1,3d.csv
1747,7,6,1,3e.csv
1747,2,1,1,3f.csv
1747,0,0,0,3g.csv
1748,19,15,4,1a.csv
1748,2,2,0,1b.csv
1748,1,1,0,1c.csv
1748,1,0,1,1e.csv
1748,0,0,0,1f.csv
1748,1,1,0,1g.csv
1748,0,0,0,1h.csv
1748,2,2,0,1i.csv
1748,2,2,0,1j.csv
1748,2,2,0,1k.csv
1748,11,5,6,1l.csv
1748,1,1,0,1m.csv
1748,2,2,0,2a.csv
1748,1,1,0,2b.csv
1748,2,1,1,2c.csv
1748,1,1,0,2d.csv
1748,2,1,1,2e.csv
1748,0,0,0,2f.csv
1748,0,0,0,2g.csv
1748,0,0,0,2h.csv
1748,1,1,0,2i.csv
1748,0,0,0,2j.csv
1748,3,1,2,2k.csv
1748,1,0,1,2l.csv
1748,4,1,3,3a.csv
1748,1,1,0,3b.csv
1748,6,5,1,3c.csv
1748,6,5,1,3d.csv
1748,9,7,2,3e.csv
1748,2,1,1,3f.csv
1748,0,0,0,3g.csv
1749,17,13,4,1a.csv
1749,2,2,0,1b.csv
1749,2,2,0,1c.csv
1749,1,0,1,1e.csv
1749,1,1,0,1f.csv
1749,1,1,0,1g.csv
1749,0,0,0,1h.csv
1749,2,2,0,1i.csv
1749,3,3,0,1j.csv
1749,3,3,0,1k.csv
1749,12,6,6,1l.csv
1749,1,1,0,1m.csv
1749,2,2,0,2a.csv
1749,1,1,0,2b.csv
1749,3,1,2,2c.csv
1749,0,0,0,2d.csv
1749,2,1,1,2e.csv
1749,0,0,0,2f.csv
1749,0,0,0,2g.csv
1749,0,0,0,2h.csv
1749,1,1,0,2i.csv
1749,0,0,0,2j.csv
1749,3,1,2,2k.csv
1749,1,0,1,2l.csv
1749,5,1,4,3a.csv
1749,3,2,1,3b.csv
1749,5,4,1,3c.csv
1749,5,4,1,3d.csv
1749,9,7,2,3e.csv
1749,3,1,2,3f.csv
1749,1,0,1,3g.csv
1750,21,17,4,1a.csv
1750,1,1,0,1b.csv
1750,4,3,1,1c.csv
1750,1,0,1,1e.csv
1750,1,1,0,1f.csv
1750,1,1,0,1g.csv
1750,0,0,0,1h.csv
1750,2,2,0,1i.csv
1750,3,3,0,1j.csv
1750,3,3,0,1k.csv
1750,13,7,6,1l.csv
1750,1,1,0,1m.csv
1750,3,3,0,2a.csv
1750,1,1,0,2b.csv
1750,3,1,2,2c.csv
1750,0,0,0,2d.csv
1750,2,1,1,2e.csv
1750,0,0,0,2f.csv
1750,0,0,0,2g.csv
1750,0,0,0,2h.csv
1750,1,1,0,2i.csv
1750,0,0,0,2j.csv
1750,2,1,1,2k.csv
1750,1,1,0,2l.csv
1750,6,1,5,3a.csv
1750,3,2,1,3b.csv
1750,5,4,1,3c.csv
1750,5,4,1,3d.csv
1750,10,8,2,3e.csv
1750,2,0,2,3f.csv
1750,1,0,1,3g.csv
1751,20,16,4,1a.csv
1751,1,1,0,1b.csv
1751,3,2,1,1c.csv
1751,1,0,1,1e.csv
1751,1,1,0,1f.csv
1751,1,1,0,1g.csv
1751,0,0,0,1h.csv
1751,2,2,0,1i.csv
1751,3,3,0,1j.csv
1751,2,2,0,1k.csv
1751,8,8,0,1l.csv
1751,1,1,0,1m.csv
1751,2,2,0,2a.csv
1751,0,0,0,2b.csv
1751,3,1,2,2c.csv
1751,0,0,0,2d.csv
1751,2,1,1,2e.csv
1751,0,0,0,2f.csv
1751,0,0,0,2g.csv
1751,0,0,0,2h.csv
1751,1,1,0,2i.csv
1751,0,0,0,2j.csv
1751,2,1,1,2k.csv
1751,1,1,0,2l.csv
1751,6,1,5,3a.csv
1751,3,2,1,3b.csv
1751,6,4,2,3c.csv
1751,6,4,2,3d.csv
1751,12,10,2,3e.csv
1751,2,0,2,3f.csv
1751,1,0,1,3g.csv
1752,17,13,4,1a.csv
1752,2,1,1,1b.csv
1752,3,2,1,1c.csv
1752,1,0,1,1e.csv
1752,1,1,0,1f.csv
1752,1,1,0,1g.csv
1752,0,0,0,1h.csv
1752,1,1,0,1i.csv
1752,5,3,2,1j.csv
1752,1,1,0,1k.csv
1752,8,8,0,1l.csv
1752,1,1,0,1m.csv
1752,2,2,0,2a.csv
1752,0,0,0,2b.csv
1752,3,1,2,2c.csv
1752,0,0,0,2d.csv
1752,3,2,1,2e.csv
1752,0,0,0,2f.csv
1752,0,0,0,2g.csv
1752,0,0,0,2h.csv
1752,0,0,0,2i.csv
1752,0,0,0,2j.csv
1752,2,1,1,2k.csv
1752,1,1,0,2l.csv
1752,5,1,4,3a.csv
1752,4,3,1,3b.csv
1752,5,3,2,3c.csv
1752,5,3,2,3d.csv
1752,15,12,3,3e.csv
1752,3,1,2,3f.csv
1752,1,0,1,3g.csv
1753,20,15,5,1a.csv
1753,2,1,1,1b.csv
1753,3,2,1,1c.csv
1753,0,0,0,1e.csv
1753,2,1,1,1f.csv
1753,1,1,0,1g.csv
1753,0,0,0,1h.csv
1753,1,1,0,1i.csv
1753,5,3,2,1j.csv
1753,1,1,0,1k.csv
1753,8,8,0,1l.csv
1753,1,1,0,1m.csv
1753,2,2,0,2a.csv
1753,0,0,0,2b.csv
1753,3,1,2,2c.csv
1753,0,0,0,2d.csv
1753,1,1,0,2e.csv
1753,0,0,0,2f.csv
1753,0,0,0,2g.csv
1753,0,0,0,2h.csv
1753,0,0,0,2i.csv
1753,0,0,0,2j.csv
1753,1,1,0,2k.csv
1753,1,1,0,2l.csv
1753,5,1,4,3a.csv
1753,5,4,1,3b.csv
1753,3,2,1,3c.csv
1753,3,2,1,3d.csv
1753,14,11,3,3e.csv
1753,4,1,3,3f.csv
1753,1,0,1,3g.csv
1754,21,17,4,1a.csv
1754,2,1,1,1b.csv
1754,3,2,1,1c.csv
1754,0,0,0,1e.csv
1754,2,1,1,1f.csv
1754,0,0,0,1g.csv
1754,0,0,0,1h.csv
1754,1,1,0,1i.csv
1754,5,3,2,1j.csv
1754,1,1,0,1k.csv
1754,8,8,0,1l.csv
1754,1,1,0,1m.csv
1754,2,2,0,2a.csv
1754,0,0,0,2b.csv
1754,4,2,2,2c.csv
1754,1,1,0,2d.csv
1754,1,1,0,2e.csv
1754,0,0,0,2f.csv
1754,1,1,0,2g.csv
1754,0,0,0,2h.csv
1754,0,0,0,2i.csv
1754,0,0,0,2j.csv
1754,2,2,0,2k.csv
1754,1,1,0,2l.csv
1754,6,2,4,3a.csv
1754,5,4,1,3b.csv
1754,3,2,1,3c.csv
1754,3,2,1,3d.csv
1754,15,12,3,3e.csv
1754,3,1,2,3f.csv
1754,1,0,1,3g.csv
1755,20,16,4,1a.csv
1755,3,2,1,1b.csv
1755,3,2,1,1c.csv
1755,0,0,0,1e.csv
1755,2,1,1,1f.csv
1755,0,0,0,1g.csv
1755,0,0,0,1h.csv
1755,0,0,0,1i.csv
1755,5,3,2,1j.csv
1755,1,1,0,1k.csv
1755,8,8,0,1l.csv
1755,0,0,0,1m.csv
1755,1,1,0,2a.csv
1755,0,0,0,2b.csv
1755,4,2,2,2c.csv
1755,1,1,0,2d.csv
1755,1,1,0,2e.csv
1755,0,0,0,2f.csv
1755,1,1,0,2g.csv
1755,0,0,0,2h.csv
1755,0,0,0,2i.csv
1755,0,0,0,2j.csv
1755,2,2,0,2k.csv
1755,2,2,0,2l.csv
1755,4,2,2,3a.csv
1755,6,5,1,3b.csv
1755,2,1,1,3c.csv
1755,2,1,1,3d.csv
1755,15,13,2,3e.csv
1755,4,2,2,3f.csv
1755,2,1,1,3g.csv
1756,16,13,3,1a.csv
1756,2,1,1,1b.csv
1756,3,2,1,1c.csv
1756,0,0,0,1e.csv
1756,2,1,1,1f.csv
1756,0,0,0,1g.csv
1756,1,1,0,1h.csv
1756,0,0,0,1i.csv
1756,3,1,2,1j.csv
1756,1,1,0,1k.csv
1756,7,7,0,1l.csv
1756,0,0,0,1m.csv
1756,1,1,0,2a.csv
1756,0,0,0,2b.csv
1756,3,2,1,2c.csv
1756,1,1,0,2d.csv
1756,1,1,0,2e.csv
1756,0,0,0,2f.csv
1756,1,1,0,2g.csv
1756,0,0,0,2h.csv
1756,0,0,0,2i.csv
1756,0,0,0,2j.csv
1756,2,2,0,2k.csv
1756,2,2,0,2l.csv
1756,3,1,2,3a.csv
1756,5,4,1,3b.csv
1756,2,1,1,3c.csv
1756,2,1,1,3d.csv
1756,13,12,1,3e.csv
1756,5,3,2,3f.csv
1756,2,1,1,3g.csv
1757,19,16,3,1a.csv
1757,3,2,1,1b.csv
1757,2,1,1,1c.csv
1757,1,0,1,1e.csv
1757,1,0,1,1f.csv
1757,0,0,0,1g.csv
1757,1,1,0,1h.csv
1757,0,0,0,1i.csv
1757,2,0,2,1j.csv
1757,0,0,0,1k.csv
1757,6,6,0,1l.csv
1757,0,0,0,1m.csv
1757,1,1,0,2a.csv
1757,0,0,0,2b.csv
1757,3,2,1,2c.csv
1757,1,1,0,2d.csv
1757,2,1,1,2e.csv
1757,0,0,0,2f.csv
1757,1,1,0,2g.csv
1757,0,0,0,2h.csv
1757,0,0,0,2i.csv
1757,0,0,0,2j.csv
1757,2,2,0,2k.csv
1757,2,2,0,2l.csv
1757,3,2,1,3a.csv
1757,3,3,0,3b.csv
1757,3,2,1,3c.csv
1757,3,2,1,3d.csv
1757,11,10,1,3e.csv
1757,4,3,1,3f.csv
1757,2,2,0,3g.csv
1758,18,14,4,1a.csv
1758,3,2,1,1b.csv
1758,0,0,0,1c.csv
1758,1,0,1,1e.csv
1758,1,0,1,1f.csv
1758,0,0,0,1g.csv
1758,1,1,0,1h.csv
1758,0,0,0,1i.csv
1758,2,0,2,1j.csv
1758,0,0,0,1k.csv
1758,5,5,0,1l.csv
1758,0,0,0,1m.csv
1758,1,1,0,2a.csv
1758,0,0,0,2b.csv
1758,3,2,1,2c.csv
1758,1,1,0,2d.csv
1758,2,1,1,2e.csv
1758,0,0,0,2f.csv
1758,1,1,0,2g.csv
1758,0,0,0,2h.csv
1758,0,0,0,2i.csv
1758,0,0,0,2j.csv
1758,2,2,0,2k.csv
1758,1,1,0,2l.csv
1758,3,3,0,3a.csv
1758,4,4,0,3b.csv
1758,3,2,1,3c.csv
1758,3,2,1,3d.csv
1758,11,10,1,3e.csv
1758,5,4,1,3f.csv
1758,2,2,0,3g.csv
1759,15,12,3,1a.csv
1759,4,3,1,1b.csv
1759,0,0,0,1c.csv
1759,1,0,1,1e.csv
1759,1,0,1,1f.csv
1759,0,0,0,1g.csv
1759,1,1,0,1h.csv
1759,0,0,0,1i.csv
1759,2,0,2,1j.csv
1759,0,0,0,1k.csv
1759,4,4,0,1l.csv
1759,0,0,0,1m.csv
1759,1,1,0,2a.csv
1759,0,0,0,2b.csv
1759,3,2,1,2c.csv
1759,2,2,0,2d.csv
1759,2,1,1,2e.csv
1759,0,0,0,2f.csv
1759,1,1,0,2g.csv
1759,0,0,0,2h.csv
1759,0,0,0,2i.csv
1759,0,0,0,2j.csv
1759,2,2,0,2k.csv
1759,1,1,0,2l.csv
1759,3,3,0,3a.csv
1759,5,5,0,3b.csv
1759,3,3,0,3c.csv
1759,3,3,0,3d.csv
1759,9,8,1,3e.csv
1759,5,4,1,3f.csv
1759,2,2,0,3g.csv
1760,16,13,3,1a.csv
1760,4,4,0,1b.csv
1760,0,0,0,1c.csv
1760,1,0,1,1e.csv
1760,1,0,1,1f.csv
1760,0,0,0,1g.csv
1760,1,1,0,1h.csv
1760,0,0,0,1i.csv
1760,0,0,0,1j.csv
1760,0,0,0,1k.csv
1760,3,3,0,1l.csv
1760,0,0,0,1m.csv
1760,1,1,0,2a.csv
1760,0,0,0,2b.csv
1760,3,2,1,2c.csv
1760,2,2,0,2d.csv
1760,1,0,1,2e.csv
1760,0,0,0,2f.csv
1760,1,1,0,2g.csv
1760,0,0,0,2h.csv
1760,1,1,0,2i.csv
1760,0,0,0,2j.csv
1760,2,2,0,2k.csv
1760,1,1,0,2l.csv
1760,4,4,0,3a.csv
1760,5,5,0,3b.csv
1760,4,3,1,3c.csv
1760,4,3,1,3d.csv
1760,6,6,0,3e.csv
1760,4,3,1,3f.csv
1760,3,3,0,3g.csv
1761,12,10,2,1a.csv
1761,4,4,0,1b.csv
1761,1,1,0,1c.csv
1761,1,0,1,1e.csv
1761,0,0,0,1f.csv
1761,1,1,0,1g.csv
1761,1,1,0,1h.csv
1761,0,0,0,1i.csv
1761,0,0,0,1j.csv
1761,0,0,0,1k.csv
1761,2,2,0,1l.csv
1761,0,0,0,1m.csv
1761,2,2,0,2a.csv
1761,0,0,0,2b.csv
1761,4,3,1,2c.csv
1761,2,2,0,2d.csv
1761,1,0,1,2e.csv
1761,0,0,0,2f.csv
1761,1,1,0,2g.csv
1761,0,0,0,2h.csv
1761,1,1,0,2i.csv
1761,0,0,0,2j.csv
1761,2,2,0,2k.csv
1761,1,1,0,2l.csv
1761,4,4,0,3a.csv
1761,5,4,1,3b.csv
1761,4,3,1,3c.csv
1761,4,3,1,3d.csv
1761,5,4,1,3e.csv
1761,3,3,0,3f.csv
1761,4,4,0,3g.csv
1762,11,9,2,1a.csv
1762,4,4,0,1b.csv
1762,1,1,0,1c.csv
1762,2,1,1,1e.csv
1762,0,0,0,1f.csv
1762,1,1,0,1g.csv
1762,1,1,0,1h.csv
1762,0,0,0,1i.csv
1762,1,1,0,1j.csv
1762,0,0,0,1k.csv
1762,1,1,0,1l.csv
1762,0,0,0,1m.csv
1762,3,3,0,2a.csv
1762,0,0,0,2b.csv
1762,2,1,1,2c.csv
1762,1,1,0,2d.csv
1762,1,0,1,2e.csv
1762,0,0,0,2f.csv
1762,0,0,0,2g.csv
1762,0,0,0,2h.csv
1762,1,1,0,2i.csv
1762,0,0,0,2j.csv
1762,1,1,0,2k.csv
1762,1,1,0,2l.csv
1762,4,4,0,3a.csv
1762,5,4,1,3b.csv
1762,5,4,1,3c.csv
1762,5,4,1,3d.csv
1762,4,3,1,3e.csv
1762,3,3,0,3f.csv
1762,4,4,0,3g.csv
1763,12,8,4,1a.csv
1763,4,4,0,1b.csv
1763,1,1,0,1c.csv
1763,2,1,1,1e.csv
1763,0,0,0,1f.csv
1763,1,1,0,1g.csv
1763,1,1,0,1h.csv
1763,0,0,0,1i.csv
1763,1,1,0,1j.csv
1763,0,0,0,1k.csv
1763,1,1,0,1l.csv
1763,0,0,0,1m.csv
1763,4,4,0,2a.csv
1763,0,0,0,2b.csv
1763,3,1,2,2c.csv
1763,1,1,0,2d.csv
1763,1,0,1,2e.csv
1763,0,0,0,2f.csv
1763,0,0,0,2g.csv
1763,0,0,0,2h.csv
1763,1,1,0,2i.csv
1763,0,0,0,2j.csv
1763,0,0,0,2k.csv
1763,0,0,0,2l.csv
1763,7,7,0,3a.csv
1763,4,3,1,3b.csv
1763,6,5,1,3c.csv
1763,6,5,1,3d.csv
1763,4,2,2,3e.csv
1763,2,2,0,3f.csv
1763,3,3,0,3g.csv
1764,14,10,4,1a.csv
1764,4,4,0,1b.csv
1764,1,1,0,1c.csv
1764,2,1,1,1e.csv
1764,0,0,0,1f.csv
1764,1,1,0,1g.csv
1764,0,0,0,1h.csv
1764,0,0,0,1i.csv
1764,1,1,0,1j.csv
1764,0,0,0,1k.csv
1764,1,1,0,1l.csv
1764,0,0,0,1m.csv
1764,5,5,0,2a.csv
1764,0,0,0,2b.csv
1764,3,1,2,2c.csv
1764,1,1,0,2d.csv
1764,1,0,1,2e.csv
1764,0,0,0,2f.csv
1764,0,0,0,2g.csv
1764,0,0,0,2h.csv
1764,1,1,0,2i.csv
1764,0,0,0,2j.csv
1764,1,1,0,2k.csv
1764,0,0,0,2l.csv
1764,7,7,0,3a.csv
1764,4,3,1,3b.csv
1764,6,5,1,3c.csv
1764,6,5,1,3d.csv
1764,3,1,2,3e.csv
1764,2,2,0,3f.csv
1764,3,3,0,3g.csv
1765,12,9,3,1a.csv
1765,3,3,0,1b.csv
1765,1,1,0,1c.csv
1765,1,1,0,1e.csv
1765,3,0,3,1f.csv
1765,1,1,0,1g.csv
1765,0,0,0,1h.csv
1765,0,0,0,1i.csv
1765,1,1,0,1j.csv
1765,0,0,0,1k.csv
1765,0,0,0,1l.csv
1765,0,0,0,1m.csv
1765,5,5,0,2a.csv
1765,0,0,0,2b.csv
1765,3,1,2,2c.csv
1765,1,1,0,2d.csv
1765,0,0,0,2e.csv
1765,0,0,0,2f.csv
1765,0,0,0,2g.csv
1765,0,0,0,2h.csv
1765,1,1,0,2i.csv
1765,0,0,0,2j.csv
1765,1,1,0,2k.csv
1765,0,0,0,2l.csv
1765,6,6,0,3a.csv
1765,8,6,2,3b.csv
1765,5,4,1,3c.csv
1765,5,4,1,3d.csv
1765,3,1,2,3e.csv
1765,2,2,0,3f.csv
1765,2,2,0,3g.csv
1766,12,10,2,1a.csv
1766,4,4,0,1b.csv
1766,1,1,0,1c.csv
1766,1,1,0,1e.csv
1766,3,0,3,1f.csv
1766,1,1,0,1g.csv
1766,0,0,0,1h.csv
1766,0,0,0,1i.csv
1766,1,1,0,1j.csv
1766,0,0,0,1k.csv
1766,0,0,0,1l.csv
1766,0,0,0,1m.csv
1766,4,4,0,2a.csv
1766,0,0,0,2b.csv
1766,3,1,2,2c.csv
1766,0,0,0,2d.csv
1766,0,0,0,2e.csv
1766,0,0,0,2f.csv
1766,0,0,0,2g.csv
1766,0,0,0,2h.csv
1766,1,1,0,2i.csv
1766,0,0,0,2j.csv
1766,1,1,0,2k.csv
1766,0,0,0,2l.csv
1766,6,6,0,3a.csv
1766,7,5,2,3b.csv
1766,7,6,1,3c.csv
1766,7,6,1,3d.csv
1766,2,0,2,3e.csv
1766,1,1,0,3f.csv
1766,2,2,0,3g.csv
1767,13,11,2,1a.csv
1767,3,3,0,1b.csv
1767,2,2,0,1c.csv
1767,1,1,0,1e.csv
1767,3,0,3,1f.csv
1767,1,1,0,1g.csv
1767,0,0,0,1h.csv
1767,0,0,0,1i.csv
1767,1,1,0,1j.csv
1767,0,0,0,1k.csv
1767,0,0,0,1l.csv
1767,0,0,0,1m.csv
1767,4,4,0,2a.csv
1767,0,0,0,2b.csv
1767,3,1,2,2c.csv
1767,0,0,0,2d.csv
1767,0,0,0,2e.csv
1767,0,0,0,2f.csv
1767,0,0,0,2g.csv
1767,0,0,0,2h.csv
1767,1,1,0,2i.csv
1767,0,0,0,2j.csv
1767,2,1,1,2k.csv
1767,0,0,0,2l.csv
1767,6,6,0,3a.csv
1767,7,4,3,3b.csv
1767,6,5,1,3c.csv
1767,6,5,1,3d.csv
1767,2,0,2,3e.csv
1767,1,1,0,3f.csv
1767,3,3,0,3g.csv
1768,14,12,2,1a.csv
1768,3,3,0,1b.csv
1768,2,2,0,1c.csv
1768,1,1,0,1e.csv
1768,4,1,3,1f.csv
1768,1,1,0,1g.csv
1768,0,0,0,1h.csv
1768,0,0,0,1i.csv
1768,2,1,1,1j.csv
1768,0,0,0,1k.csv
1768,0,0,0,1l.csv
1768,0,0,0,1m.csv
1768,4,4,0,2a.csv
1768,0,0,0,2b.csv
1768,3,1,2,2c.csv
1768,0,0,0,2d.csv
1768,0,0,0,2e.csv
1768,0,0,0,2f.csv
1768,0,0,0,2g.csv
1768,0,0,0,2h.csv
1768,0,0,0,2i.csv
1768,0,0,0,2j.csv
1768,4,2,2,2k.csv
1768,0,0,0,2l.csv
1768,5,5,0,3a.csv
1768,6,3,3,3b.csv
1768,5,5,0,3c.csv
1768,5,5,0,3d.csv
1768,2,0,2,3e.csv
1768,1,1,0,3f.csv
1768,2,2,0,3g.csv
1769,15,13,2,1a.csv
1769,3,3,0,1b.csv
1769,1,1,0,1c.csv
1769,1,1,0,1e.csv
1769,4,1,3,1f.csv
1769,1,1,0,1g.csv
1769,0,0,0,1h.csv
1769,0,0,0,1i.csv
1769,2,1,1,1j.csv
1769,0,0,0,1k.csv
1769,0,0,0,1l.csv
1769,0,0,0,1m.csv
1769,3,3,0,2a.csv
1769,1,1,0,2b.csv
1769,4,0,4,2c.csv
1769,0,0,0,2d.csv
1769,0,0,0,2e.csv
1769,0,0,0,2f.csv
1769,0,0,0,2g.csv
1769,0,0,0,2h.csv
1769,1,1,0,2i.csv
1769,0,0,0,2j.csv
1769,4,2,2,2k.csv
1769,0,0,0,2l.csv
1769,6,6,0,3a.csv
1769,5,3,2,3b.csv
1769,4,4,0,3c.csv
1769,4,4,0,3d.csv
1769,1,0,1,3e.csv
1769,1,1,0,3f.csv
1769,1,1,0,3g.csv
1770,14,12,2,1a.csv
1770,3,3,0,1b.csv
1770,1,1,0,1c.csv
1770,0,0,0,1e.csv
1770,4,1,3,1f.csv
1770,2,2,0,1g.csv
1770,0,0,0,1h.csv
1770,0,0,0,1i.csv
1770,1,0,1,1j.csv
1770,0,0,0,1k.csv
1770,0,0,0,1l.csv
1770,0,0,0,1m.csv
1770,3,3,0,2a.csv
1770,3,3,0,2b.csv
1770,4,0,4,2c.csv
1770,0,0,0,2d.csv
1770,0,0,0,2e.csv
1770,0,0,0,2f.csv
1770,0,0,0,2g.csv
1770,0,0,0,2h.csv
1770,1,1,0,2i.csv
1770,0,0,0,2j.csv
1770,4,2,2,2k.csv
1770,0,0,0,2l.csv
1770,8,8,0,3a.csv
1770,5,3,2,3b.csv
1770,3,3,0,3c.csv
1770,3,3,0,3d.csv
1770,2,1,1,3e.csv
1770,1,1,0,3f.csv
1770,1,1,0,3g.csv
1771,12,12,0,1a.csv
1771,3,3,0,1b.csv
1771,1,1,0,1c.csv
1771,0,0,0,1e.csv
1771,4,1,3,1f.csv
1771,2,2,0,1g.csv
1771,0,0,0,1h.csv
1771,0,0,0,1i.csv
1771,1,0,1,1j.csv
1771,0,0,0,1k.csv
1771,0,0,0,1l.csv
1771,0,0,0,1m.csv
1771,2,2,0,2a.csv
1771,4,3,1,2b.csv
1771,3,0,3,2c.csv
1771,0,0,0,2d.csv
1771,0,0,0,2e.csv
1771,0,0,0,2f.csv
1771,0,0,0,2g.csv
1771,0,0,0,2h.csv
1771,1,1,0,2i.csv
1771,0,0,0,2j.csv
1771,4,2,2,2k.csv
1771,0,0,0,2l.csv
1771,7,7,0,3a.csv
1771,6,4,2,3b.csv
1771,4,4,0,3c.csv
1771,4,4,0,3d.csv
1771,1,1,0,3e.csv
1771,1,1,0,3f.csv
1771,1,1,0,3g.csv
1772,11,11,0,1a.csv
1772,3,3,0,1b.csv
1772,1,1,0,1c.csv
1772,0,0,0,1e.csv
1772,5,2,3,1f.csv
1772,2,2,0,1g.csv
1772,0,0,0,1h.csv
1772,1,1,0,1i.csv
1772,2,1,1,1j.csv
1772,0,0,0,1k.csv
1772,0,0,0,1l.csv
1772,0,0,0,1m.csv
1772,1,1,0,2a.csv
1772,5,4,1,2b.csv
1772,3,0,3,2c.csv
1772,0,0,0,2d.csv
1772,0,0,0,2e.csv
1772,0,0,0,2f.csv
1772,0,0,0,2g.csv
1772,0,0,0,2h.csv
1772,1,1,0,2i.csv
1772,0,0,0,2j.csv
1772,4,2,2,2k.csv
1772,2,1,1,2l.csv
1772,7,7,0,3a.csv
1772,7,4,3,3b.csv
1772,4,4,0,3c.csv
1772,4,4,0,3d.csv
1772,1,1,0,3e.csv
1772,0,0,0,3f.csv
1772,2,2,0,3g.csv
1773,9,9,0,1a.csv
1773,3,3,0,1b.csv
1773,1,1,0,1c.csv
1773,0,0,0,1e.csv
1773,2,2,0,1f.csv
1773,2,2,0,1g.csv
1773,0,0,0,1h.csv
1773,1,1,0,1i.csv
1773,2,1,1,1j.csv
1773,0,0,0,1k.csv
1773,0,0,0,1l.csv
1773,0,0,0,1m.csv
1773,1,1,0,2a.csv
1773,5,4,1,2b.csv
1773,2,0,2,2c.csv
1773,0,0,0,2d.csv
1773,0,0,0,2e.csv
1773,0,0,0,2f.csv
1773,0,0,0,2g.csv
1773,0,0,0,2h.csv
1773,1,1,0,2i.csv
1773,0,0,0,2j.csv
1773,4,2,2,2k.csv
1773,3,1,2,2l.csv
1773,8,8,0,3a.csv
1773,4,2,2,3b.csv
1773,4,4,0,3c.csv
1773,4,4,0,3d.csv
1773,1,1,0,3e.csv
1773,0,0,0,3f.csv
1773,3,2,1,3g.csv
1774,6,6,0,1a.csv
1774,2,2,0,1b.csv
1774,1,1,0,1c.csv
1774,1,1,0,1e.csv
1774,2,2,0,1f.csv
1774,3,3,0,1g.csv
1774,0,0,0,1h.csv
1774,2,2,0,1i.csv
1774,2,1,1,1j.csv
1774,0,0,0,1k.csv
1774,0,0,0,1l.csv
1774,0,0,0,1m.csv
1774,1,1,0,2a.csv
1774,7,5,2,2b.csv
1774,2,0,2,2c.csv
1774,0,0,0,2d.csv
1774,0,0,0,2e.csv
1774,0,0,0,2f.csv
1774,0,0,0,2g.csv
1774,0,0,0,2h.csv
1774,1,1,0,2i.csv
1774,0,0,0,2j.csv
1774,4,2,2,2k.csv
1774,3,1,2,2l.csv
1774,8,8,0,3a.csv
1774,4,2,2,3b.csv
1774,2,2,0,3c.csv
1774,2,2,0,3d.csv
1774,2,1,1,3e.csv
1774,1,1,0,3f.csv
1774,3,2,1,3g.csv
1775,6,6,0,1a.csv
1775,2,2,0,1b.csv
1775,0,0,0,1c.csv
1775,1,1,0,1e.csv
1775,2,2,0,1f.csv
1775,3,3,0,1g.csv
1775,0,0,0,1h.csv
1775,2,2,0,1i.csv
1775,2,1,1,1j.csv
1775,0,0,0,1k.csv
1775,0,0,0,1l.csv
1775,0,0,0,1m.csv
1775,1,1,0,2a.csv
1775,8,6,2,2b.csv
1775,2,0,2,2c.csv
1775,0,0,0,2d.csv
1775,0,0,0,2e.csv
1775,0,0,0,2f.csv
1775,0,0,0,2g.csv
1775,0,0,0,2h.csv
1775,1,1,0,2i.csv
1775,0,0,0,2j.csv
1775,3,2,1,2k.csv
1775,5,2,3,2l.csv
1775,13,12,1,3a.csv
1775,4,3,1,3b.csv
1775,2,2,0,3c.csv
1775,2,2,0,3d.csv
1775,3,2,1,3e.csv
1775,1,1,0,3f.csv
1775,3,2,1,3g.csv
1776,4,4,0,1a.csv
1776,1,1,0,1b.csv
1776,0,0,0,1c.csv
1776,2,2,0,1e.csv
1776,1,1,0,1f.csv
1776,3,3,0,1g.csv
1776,0,0,0,1h.csv
1776,2,2,0,1i.csv
1776,1,1,0,1j.csv
1776,0,0,0,1k.csv
1776,0,0,0,1l.csv
1776,0,0,0,1m.csv
1776,1,1,0,2a.csv
1776,8,6,2,2b.csv
1776,2,0,2,2c.csv
1776,0,0,0,2d.csv
1776,0,0,0,2e.csv
1776,0,0,0,2f.csv
1776,0,0,0,2g.csv
1776,0,0,0,2h.csv
1776,1,1,0,2i.csv
1776,0,0,0,2j.csv
1776,1,1,0,2k.csv
1776,5,2,3,2l.csv
1776,16,15,1,3a.csv
1776,4,3,1,3b.csv
1776,2,2,0,3c.csv
1776,2,2,0,3d.csv
1776,3,2,1,3e.csv
1776,2,2,0,3f.csv
1776,4,3,1,3g.csv
1777,3,3,0,1a.csv
1777,3,3,0,1b.csv
1777,0,0,0,1c.csv
1777,2,2,0,1e.csv
1777,1,1,0,1f.csv
1777,2,2,0,1g.csv
1777,0,0,0,1h.csv
1777,3,3,0,1i.csv
1777,1,1,0,1j.csv
1777,0,0,0,1k.csv
1777,0,0,0,1l.csv
1777,0,0,0,1m.csv
1777,2,1,1,2a.csv
1777,8,6,2,2b.csv
1777,0,0,0,2c.csv
1777,0,0,0,2d.csv
1777,0,0,0,2e.csv
1777,0,0,0,2f.csv
1777,0,0,0,2g.csv
1777,0,0,0,2h.csv
1777,1,1,0,2i.csv
1777,0,0,0,2j.csv
1777,1,1,0,2k.csv
1777,5,2,3,2l.csv
1777,16,15,1,3a.csv
1777,4,3,1,3b.csv
1777,2,2,0,3c.csv
1777,2,2,0,3d.csv
1777,3,2,1,3e.csv
1777,3,3,0,3f.csv
1777,4,3,1,3g.csv
1778,2,2,0,1a.csv
1778,4,4,0,1b.csv
1778,0,0,0,1c.csv
1778,2,2,0,1e.csv
1778,1,1,0,1f.csv
1778,1,1,0,1g.csv
1778,0,0,0,1h.csv
1778,3,3,0,1i.csv
1778,1,1,0,1j.csv
1778,0,0,0,1k.csv
1778,0,0,0,1l.csv
1778,0,0,0,1m.csv
1778,1,0,1,2a.csv
1778,7,5,2,2b.csv
1778,0,0,0,2c.csv
1778,0,0,0,2d.csv
1778,0,0,0,2e.csv
1778,0,0,0,2f.csv
1778,0,0,0,2g.csv
1778,0,0,0,2h.csv
1778,1,1,0,2i.csv
1778,0,0,0,2j.csv
1778,1,1,0,2k.csv
1778,5,2,3,2l.csv
1778,14,13,1,3a.csv
1778,4,3,1,3b.csv
1778,2,2,0,3c.csv
1778,2,2,0,3d.csv
1778,2,1,1,3e.csv
1778,3,3,0,3f.csv
1778,4,3,1,3g.csv
1779,3,3,0,1a.csv
1779,4,4,0,1b.csv
1779,1,1,0,1c.csv
1779,2,2,0,1e.csv
1779,1,1,0,1f.csv
1779,1,1,0,1g.csv
1779,0,0,0,1h.csv
1779,3,3,0,1i.csv
1779,1,1,0,1j.csv
1779,0,0,0,1k.csv
1779,0,0,0,1l.csv
1779,0,0,0,1m.csv
1779,1,0,1,2a.csv
1779,7,6,1,2b.csv
1779,0,0,0,2c.csv
1779,1,1,0,2d.csv
1779,0,0,0,2e.csv
1779,0,0,0,2f.csv
1779,0,0,0,2g.csv
1779,0,0,0,2h.csv
1779,1,1,0,2i.csv
1779,0,0,0,2j.csv
1779,1,1,0,2k.csv
1779,5,2,3,2l.csv
1779,17,16,1,3a.csv
1779,4,3,1,3b.csv
1779,0,0,0,3c.csv
1779,0,0,0,3d.csv
1779,3,2,1,3e.csv
1779,4,4,0,3f.csv
1779,4,3,1,3g.csv
1780,4,4,0,1a.csv
1780,4,4,0,1b.csv
1780,1,1,0,1c.csv
1780,2,2,0,1e.csv
1780,1,0,1,1f.csv
1780,1,1,0,1g.csv
1780,0,0,0,1h.csv
1780,2,2,0,1i.csv
1780,0,0,0,1j.csv
1780,0,0,0,1k.csv
1780,0,0,0,1l.csv
1780,0,0,0,1m.csv
1780,1,0,1,2a.csv
1780,7,5,2,2b.csv
1780,0,0,0,2c.csv
1780,1,1,0,2d.csv
1780,0,0,0,2e.csv
1780,0,0,0,2f.csv
1780,0,0,0,2g.csv
1780,0,0,0,2h.csv
1780,1,1,0,2i.csv
1780,0,0,0,2j.csv
1780,0,0,0,2k.csv
1780,3,1,2,2l.csv
1780,18,17,1,3a.csv
1780,3,3,0,3b.csv
1780,0,0,0,3c.csv
1780,0,0,0,3d.csv
1780,3,2,1,3e.csv
1780,4,4,0,3f.csv
1780,4,3,1,3g.csv
1781,4,4,0,1a.csv
1781,4,4,0,1b.csv
1781,1,1,0,1c.csv
1781,2,2,0,1e.csv
1781,1,0,1,1f.csv
1781,2,1,1,1g.csv
1781,0,0,0,1h.csv
1781,2,2,0,1i.csv
1781,0,0,0,1j.csv
1781,0,0,0,1k.csv
1781,0,0,0,1l.csv
1781,0,0,0,1m.csv
1781,1,0,1,2a.csv
1781,7,5,2,2b.csv
1781,0,0,0,2c.csv
1781,2,2,0,2d.csv
1781,0,0,0,2e.csv
1781,0,0,0,2f.csv
1781,0,0,0,2g.csv
1781,0,0,0,2h.csv
1781,1,1,0,2i.csv
1781,0,0,0,2j.csv
1781,0,0,0,2k.csv
1781,2,1,1,2l.csv
1781,19,18,1,3a.csv
1781,3,3,0,3b.csv
1781,0,0,0,3c.csv
1781,0,0,0,3d.csv
1781,3,2,1,3e.csv
1781,5,4,1,3f.csv
1781,3,3,0,3g.csv
1782,4,4,0,1a.csv
1782,4,4,0,1b.csv
1782,1,1,0,1c.csv
1782,1,1,0,1e.csv
1782,1,0,1,1f.csv
1782,1,0,1,1g.csv
1782,0,0,0,1h.csv
1782,1,1,0,1i.csv
1782,0,0,0,1j.csv
1782,0,0,0,1k.csv
1782,0,0,0,1l.csv
1782,0,0,0,1m.csv
1782,1,0,1,2a.csv
1782,5,4,1,2b.csv
1782,0,0,0,2c.csv
1782,2,2,0,2d.csv
1782,1,1,0,2e.csv
1782,0,0,0,2f.csv
1782,0,0,0,2g.csv
1782,0,0,0,2h.csv
1782,1,1,0,2i.csv
1782,0,0,0,2j.csv
1782,0,0,0,2k.csv
1782,2,1,1,2l.csv
1782,20,19,1,3a.csv
1782,3,3,0,3b.csv
1782,1,1,0,3c.csv
1782,1,1,0,3d.csv
1782,2,2,0,3e.csv
1782,4,3,1,3f.csv
1782,3,3,0,3g.csv
1783,4,4,0,1a.csv
1783,4,4,0,1b.csv
1783,1,1,0,1c.csv
1783,1,1,0,1e.csv
1783,1,0,1,1f.csv
1783,1,0,1,1g.csv
1783,0,0,0,1h.csv
1783,1,1,0,1i.csv
1783,0,0,0,1j.csv
1783,0,0,0,1k.csv
1783,0,0,0,1l.csv
1783,0,0,0,1m.csv
1783,1,0,1,2a.csv
1783,4,3,1,2b.csv
1783,0,0,0,2c.csv
1783,3,3,0,2d.csv
1783,2,2,0,2e.csv
1783,0,0,0,2f.csv
1783,0,0,0,2g.csv
1783,0,0,0,2h.csv
1783,1,1,0,2i.csv
1783,0,0,0,2j.csv
1783,0,0,0,2k.csv
1783,1,1,0,2l.csv
1783,17,17,0,3a.csv
1783,4,4,0,3b.csv
1783,1,1,0,3c.csv
1783,1,1,0,3d.csv
1783,2,2,0,3e.csv
1783,5,4,1,3f.csv
1783,2,2,0,3g.csv
1784,5,5,0,1a.csv
1784,4,4,0,1b.csv
1784,1,1,0,1c.csv
1784,0,0,0,1e.csv
1784,1,0,1,1f.csv
1784,1,0,1,1g.csv
1784,0,0,0,1h.csv
1784,1,1,0,1i.csv
1784,0,0,0,1j.csv
1784,0,0,0,1k.csv
1784,0,0,0,1l.csv
1784,0,0,0,1m.csv
1784,1,0,1,2a.csv
1784,4,3,1,2b.csv
1784,0,0,0,2c.csv
1784,3,3,0,2d.csv
1784,2,2,0,2e.csv
1784,0,0,0,2f.csv
1784,0,0,0,2g.csv
1784,0,0,0,2h.csv
1784,1,1,0,2i.csv
1784,0,0,0,2j.csv
1784,0,0,0,2k.csv
1784,1,1,0,2l.csv
1784,14,14,0,3a.csv
1784,4,4,0,3b.csv
1784,2,2,0,3c.csv
1784,2,2,0,3d.csv
1784,2,2,0,3e.csv
1784,4,3,1,3f.csv
1784,2,2,0,3g.csv
1785,6,6,0,1a.csv
1785,3,3,0,1b.csv
1785,1,1,0,1c.csv
1785,1,1,0,1e.csv
1785,2,0,2,1f.csv
1785,1,0,1,1g.csv
1785,0,0,0,1h.csv
1785,0,0,0,1i.csv
1785,0,0,0,1j.csv
1785,0,0,0,1k.csv
1785,0,0,0,1l.csv
1785,0,0,0,1m.csv
1785,0,0,0,2a.csv
1785,3,2,1,2b.csv
1785,1,0,1,2c.csv
1785,3,3,0,2d.csv
1785,2,2,0,2e.csv
1785,0,0,0,2f.csv
1785,0,0,0,2g.csv
1785,0,0,0,2h.csv
1785,0,0,0,2i.csv
1785,0,0,0,2j.csv
1785,0,0,0,2k.csv
1785,1,1,0,2l.csv
1785,15,15,0,3a.csv
1785,4,4,0,3b.csv
1785,2,2,0,3c.csv
1785,2,2,0,3d.csv
1785,2,2,0,3e.csv
1785,5,4,1,3f.csv
1785,2,2,0,3g.csv
1786,6,6,0,1a.csv
1786,2,2,0,1b.csv
1786,1,1,0,1c.csv
1786,1,1,0,1e.csv
1786,2,0,2,1f.csv
1786,1,0,1,1g.csv
1786,0,0,0,1h.csv
1786,0,0,0,1i.csv
1786,0,0,0,1j.csv
1786,0,0,0,1k.csv
1786,0,0,0,1l.csv
1786,1,0,1,1m.csv
1786,0,0,0,2a.csv
1786,2,1,1,2b.csv
1786,4,3,1,2c.csv
1786,3,3,0,2d.csv
1786,2,2,0,2e.csv
1786,0,0,0,2f.csv
1786,0,0,0,2g.csv
1786,0,0,0,2h.csv
1786,0,0,0,2i.csv
1786,0,0,0,2j.csv
1786,0,0,0,2k.csv
1786,1,1,0,2l.csv
1786,15,15,0,3a.csv
1786,4,4,0,3b.csv
1786,3,2,1,3c.csv
1786,3,2,1,3d.csv
1786,3,3,0,3e.csv
1786,6,5,1,3f.csv
1786,3,3,0,3g.csv
1787,8,7,1,1a.csv
1787,1,1,0,1b.csv
1787,0,0,0,1c.csv
1787,1,1,0,1e.csv
1787,4,2,2,1f.csv
1787,1,0,1,1g.csv
1787,0,0,0,1h.csv
1787,0,0,0,1i.csv
1787,0,0,0,1j.csv
1787,0,0,0,1k.csv
1787,0,0,0,1l.csv
1787,1,0,1,1m.csv
1787,0,0,0,2a.csv
1787,1,0,1,2b.csv
1787,4,3,1,2c.csv
1787,2,2,0,2d.csv
1787,2,2,0,2e.csv
1787,0,0,0,2f.csv
1787,0,0,0,2g.csv
1787,0,0,0,2h.csv
1787,0,0,0,2i.csv
1787,0,0,0,2j.csv
1787,0,0,0,2k.csv
1787,2,2,0,2l.csv
1787,10,10,0,3a.csv
1787,4,4,0,3b.csv
1787,3,2,1,3c.csv
1787,3,2,1,3d.csv
1787,2,2,0,3e.csv
1787,6,5,1,3f.csv
1787,3,3,0,3g.csv
1788,7,6,1,1a.csv
1788,1,1,0,1b.csv
1788,0,0,0,1c.csv
1788,1,1,0,1e.csv
1788,4,3,1,1f.csv
1788,2,1,1,1g.csv
1788,0,0,0,1h.csv
1788,0,0,0,1i.csv
1788,0,0,0,1j.csv
1788,0,0,0,1k.csv
1788,0,0,0,1l.csv
1788,1,0,1,1m.csv
1788,0,0,0,2a.csv
1788,1,0,1,2b.csv
1788,4,3,1,2c.csv
1788,2,2,0,2d.csv
1788,3,3,0,2e.csv
1788,0,0,0,2f.csv
1788,0,0,0,2g.csv
1788,0,0,0,2h.csv
1788,0,0,0,2i.csv
1788,0,0,0,2j.csv
1788,0,0,0,2k.csv
1788,2,2,0,2l.csv
1788,10,10,0,3a.csv
1788,4,4,0,3b.csv
1788,3,2,1,3c.csv
1788,3,2,1,3d.csv
1788,2,2,0,3e.csv
1788,7,6,1,3f.csv
1788,3,3,0,3g.csv
1789,7,6,1,1a.csv
1789,1,1,0,1b.csv
1789,0,0,0,1c.csv
1789,1,1,0,1e.csv
1789,4,3,1,1f.csv
1789,1,1,0,1g.csv
1789,0,0,0,1h.csv
1789,0,0,0,1i.csv
1789,0,0,0,1j.csv
1789,0,0,0,1k.csv
1789,1,1,0,1l.csv
1789,1,0,1,1m.csv
1789,0,0,0,2a.csv
1789,1,0,1,2b.csv
1789,4,3,1,2c.csv
1789,2,2,0,2d.csv
1789,3,3,0,2e.csv
1789,0,0,0,2f.csv
1789,0,0,0,2g.csv
1789,0,0,0,2h.csv
1789,0,0,0,2i.csv
1789,0,0,0,2j.csv
1789,0,0,0,2k.csv
1789,3,3,0,2l.csv
1789,10,10,0,3a.csv
1789,3,3,0,3b.csv
1789,4,3,1,3c.csv
1789,4,3,1,3d.csv
1789,2,2,0,3e.csv
1789,6,6,0,3f.csv
1789,3,3,0,3g.csv
1790,8,7,1,1a.csv
1790,1,1,0,1b.csv
1790,1,1,0,1c.csv
1790,1,1,0,1e.csv
1790,4,3,1,1f.csv
1790,1,1,0,1g.csv
1790,0,0,0,1h.csv
1790,0,0,0,1i.csv
1790,0,0,0,1j.csv
1790,0,0,0,1k.csv
1790,1,1,0,1l.csv
1790,1,0,1,1m.csv
1790,0,0,0,2a.csv
1790,1,0,1,2b.csv
1790,4,3,1,2c.csv
1790,2,2,0,2d.csv
1790,2,2,0,2e.csv
1790,0,0,0,2f.csv
1790,0,0,0,2g.csv
1790,0,0,0,2h.csv
1790,0,0,0,2i.csv
1790,0,0,0,2j.csv
1790,0,0,0,2k.csv
1790,3,3,0,2l.csv
1790,9,8,1,3a.csv
1790,4,4,0,3b.csv
1790,3,2,1,3c.csv
1790,3,2,1,3d.csv
1790,2,2,0,3e.csv
1790,7,7,0,3f.csv
1790,3,3,0,3g.csv
1791,8,7,1,1a.csv
1791,1,1,0,1b.csv
1791,1,1,0,1c.csv
1791,1,1,0,1e.csv
1791,4,3,1,1f.csv
1791,1,1,0,1g.csv
1791,0,0,0,1h.csv
1791,0,0,0,1i.csv
1791,0,0,0,1j.csv
1791,0,0,0,1k.csv
1791,1,1,0,1l.csv
1791,1,0,1,1m.csv
1791,0,0,0,2a.csv
1791,1,0,1,2b.csv
1791,4,3,1,2c.csv
1791,1,1,0,2d.csv
1791,1,1,0,2e.csv
1791,0,0,0,2f.csv
1791,0,0,0,2g.csv
1791,0,0,0,2h.csv
1791,0,0,0,2i.csv
1791,0,0,0,2j.csv
1791,0,0,0,2k.csv
1791,3,3,0,2l.csv
1791,9,8,1,3a.csv
1791,2,2,0,3b.csv
1791,4,3,1,3c.csv
1791,4,3,1,3d.csv
1791,2,2,0,3e.csv
1791,6,6,0,3f.csv
1791,3,3,0,3g.csv
1792,7,6,1,1a.csv
1792,1,1,0,1b.csv
1792,1,1,0,1c.csv
1792,1,1,0,1e.csv
1792,4,3,1,1f.csv
1792,1,1,0,1g.csv
1792,0,0,0,1h.csv
1792,0,0,0,1i.csv
1792,1,1,0,1j.csv
1792,0,0,0,1k.csv
1792,1,1,0,1l.csv
1792,1,0,1,1m.csv
1792,0,0,0,2a.csv
1792,3,2,1,2b.csv
1792,4,3,1,2c.csv
1792,1,1,0,2d.csv
1792,1,1,0,2e.csv
1792,0,0,0,2f.csv
1792,0,0,0,2g.csv
1792,0,0,0,2h.csv
1792,0,0,0,2i.csv
1792,0,0,0,2j.csv
1792,0,0,0,2k.csv
1792,3,3,0,2l.csv
1792,10,9,1,3a.csv
1792,3,3,0,3b.csv
1792,3,2,1,3c.csv
1792,3,2,1,3d.csv
1792,2,2,0,3e.csv
1792,7,7,0,3f.csv
1792,2,2,0,3g.csv
1793,6,5,1,1a.csv
1793,2,2,0,1b.csv
1793,1,1,0,1c.csv
1793,1,1,0,1e.csv
1793,3,3,0,1f.csv
1793,1,1,0,1g.csv
1793,0,0,0,1h.csv
1793,0,0,0,1i.csv
1793,1,1,0,1j.csv
1793,0,0,0,1k.csv
1793,1,1,0,1l.csv
1793,1,0,1,1m.csv
1793,0,0,0,2a.csv
1793,3,2,1,2b.csv
1793,3,2,1,2c.csv
1793,2,2,0,2d.csv
1793,2,2,0,2e.csv
1793,0,0,0,2f.csv
1793,0,0,0,2g.csv
1793,0,0,0,2h.csv
1793,0,0,0,2i.csv
1793,0,0,0,2j.csv
1793,0,0,0,2k.csv
1793,3,3,0,2l.csv
1793,8,7,1,3a.csv
1793,3,3,0,3b.csv
1793,3,2,1,3c.csv
1793,3,2,1,3d.csv
1793,3,3,0,3e.csv
1793,7,7,0,3f.csv
1793,2,2,0,3g.csv
1794,7,6,1,1a.csv
1794,3,3,0,1b.csv
1794,1,1,0,1c.csv
1794,2,1,1,1e.csv
1794,3,3,0,1f.csv
1794,1,1,0,1g.csv
1794,0,0,0,1h.csv
1794,0,0,0,1i.csv
1794,1,1,0,1j.csv
1794,0,0,0,1k.csv
1794,1,1,0,1l.csv
1794,0,0,0,1m.csv
1794,0,0,0,2a.csv
1794,3,2,1,2b.csv
1794,2,1,1,2c.csv
1794,2,2,0,2d.csv
1794,2,2,0,2e.csv
1794,0,0,0,2f.csv
1794,0,0,0,2g.csv
1794,0,0,0,2h.csv
1794,0,0,0,2i.csv
1794,0,0,0,2j.csv
1794,0,0,0,2k.csv
1794,3,3,0,2l.csv
1794,7,6,1,3a.csv
1794,4,4,0,3b.csv
1794,2,2,0,3c.csv
1794,2,2,0,3d.csv
1794,4,4,0,3e.csv
1794,7,7,0,3f.csv
1794,1,1,0,3g.csv
1795,5,5,0,1a.csv
1795,3,3,0,1b.csv
1795,2,1,1,1c.csv
1795,3,2,1,1e.csv
1795,1,1,0,1f.csv
1795,1,1,0,1g.csv
1795,0,0,0,1h.csv
1795,0,0,0,1i.csv
1795,1,1,0,1j.csv
1795,0,0,0,1k.csv
1795,1,1,0,1l.csv
1795,0,0,0,1m.csv
1795,0,0,0,2a.csv
1795,3,2,1,2b.csv
1795,2,1,1,2c.csv
1795,2,2,0,2d.csv
1795,2,2,0,2e.csv
1795,0,0,0,2f.csv
1795,0,0,0,2g.csv
1795,0,0,0,2h.csv
1795,0,0,0,2i.csv
1795,0,0,0,2j.csv
1795,0,0,0,2k.csv
1795,2,2,0,2l.csv
1795,9,8,1,3a.csv
1795,4,4,0,3b.csv
1795,2,2,0,3c.csv
1795,2,2,0,3d.csv
1795,7,7,0,3e.csv
1795,6,6,0,3f.csv
1795,1,1,0,3g.csv
1796,5,5,0,1a.csv
1796,4,4,0,1b.csv
1796,2,1,1,1c.csv
1796,3,2,1,1e.csv
1796,0,0,0,1f.csv
1796,0,0,0,1g.csv
1796,0,0,0,1h.csv
1796,0,0,0,1i.csv
1796,1,1,0,1j.csv
1796,0,0,0,1k.csv
1796,1,1,0,1l.csv
1796,0,0,0,1m.csv
1796,0,0,0,2a.csv
1796,2,2,0,2b.csv
1796,2,1,1,2c.csv
1796,2,2,0,2d.csv
1796,1,1,0,2e.csv
1796,0,0,0,2f.csv
1796,0,0,0,2g.csv
1796,0,0,0,2h.csv
1796,0,0,0,2i.csv
1796,0,0,0,2j.csv
1796,0,0,0,2k.csv
1796,2,2,0,2l.csv
1796,9,8,1,3a.csv
1796,6,5,1,3b.csv
1796,3,2,1,3c.csv
1796,3,2,1,3d.csv
1796,7,7,0,3e.csv
1796,5,5,0,3f.csv
1796,1,1,0,3g.csv
1797,5,5,0,1a.csv
1797,5,5,0,1b.csv
1797,2,1,1,1c.csv
1797,3,2,1,1e.csv
1797,0,0,0,1f.csv
1797,0,0,0,1g.csv
1797,1,1,0,1h.csv
1797,0,0,0,1i.csv
1797,1,1,0,1j.csv
1797,0,0,0,1k.csv
1797,0,0,0,1l.csv
1797,0,0,0,1m.csv
1797,0,0,0,2a.csv
1797,3,3,0,2b.csv
1797,2,1,1,2c.csv
1797,1,1,0,2d.csv
1797,1,1,0,2e.csv
1797,0,0,0,2f.csv
1797,0,0,0,2g.csv
1797,0,0,0,2h.csv
1797,0,0,0,2i.csv
1797,0,0,0,2j.csv
1797,0,0,0,2k.csv
1797,1,1,0,2l.csv
1797,8,7,1,3a.csv
1797,7,6,1,3b.csv
1797,2,1,1,3c.csv
1797,2,1,1,3d.csv
1797,7,7,0,3e.csv
1797,5,5,0,3f.csv
1797,1,1,0,3g.csv
1798,6,6,0,1a.csv
1798,7,7,0,1b.csv
1798,1,0,1,1c.csv
1798,3,2,1,1e.csv
1798,1,1,0,1f.csv
1798,0,0,0,1g.csv
1798,2,1,1,1h.csv
1798,0,0,0,1i.csv
1798,1,1,0,1j.csv
1798,0,0,0,1k.csv
1798,0,0,0,1l.csv
1798,0,0,0,1m.csv
1798,0,0,0,2a.csv
1798,3,3,0,2b.csv
1798,3,1,2,2c.csv
1798,1,1,0,2d.csv
1798,1,1,0,2e.csv
1798,0,0,0,2f.csv
1798,0,0,0,2g.csv
1798,0,0,0,2h.csv
1798,0,0,0,2i.csv
1798,0,0,0,2j.csv
1798,0,0,0,2k.csv
1798,1,1,0,2l.csv
1798,9,9,0,3a.csv
1798,6,5,1,3b.csv
1798,2,1,1,3c.csv
1798,2,1,1,3d.csv
1798,7,7,0,3e.csv
1798,6,6,0,3f.csv
1798,1,1,0,3g.csv
1799,5,5,0,1a.csv
1799,7,7,0,1b.csv
1799,1,0,1,1c.csv
1799,3,2,1,1e.csv
1799,1,1,0,1f.csv
1799,0,0,0,1g.csv
1799,2,1,1,1h.csv
1799,0,0,0,1i.csv
1799,1,1,0,1j.csv
1799,0,0,0,1k.csv
1799,0,0,0,1l.csv
1799,0,0,0,1m.csv
1799,1,1,0,2a.csv
1799,3,3,0,2b.csv
1799,3,1,2,2c.csv
1799,2,2,0,2d.csv
1799,1,1,0,2e.csv
1799,0,0,0,2f.csv
1799,0,0,0,2g.csv
1799,0,0,0,2h.csv
1799,0,0,0,2i.csv
1799,0,0,0,2j.csv
1799,0,0,0,2k.csv
1799,0,0,0,2l.csv
1799,7,7,0,3a.csv
1799,6,5,1,3b.csv
1799,1,0,1,3c.csv
1799,1,0,1,3d.csv
1799,6,6,0,3e.csv
1799,7,7,0,3f.csv
1799,1,1,0,3g.csv
1800,5,5,0,1a.csv
1800,8,8,0,1b.csv
1800,1,0,1,1c.csv
1800,3,2,1,1e.csv
1800,1,1,0,1f.csv
1800,0,0,0,1g.csv
1800,2,1,1,1h.csv
1800,0,0,0,1i.csv
1800,0,0,0,1j.csv
1800,0,0,0,1k.csv
1800,1,1,0,1l.csv
1800,0,0,0,1m.csv
1800,1,1,0,2a.csv
1800,1,1,0,2b.csv
1800,3,1,2,2c.csv
1800,2,2,0,2d.csv
1800,1,1,0,2e.csv
1800,0,0,0,2f.csv
1800,0,0,0,2g.csv
1800,0,0,0,2h.csv
1800,0,0,0,2i.csv
1800,0,0,0,2j.csv
1800,1,0,1,2k.csv
1800,1,1,0,2l.csv
1800,6,6,0,3a.csv
1800,5,4,1,3b.csv
1800,1,0,1,3c.csv
1800,1,0,1,3d.csv
1800,6,6,0,3e.csv
1800,7,6,1,3f.csv
1800,2,2,0,3g.csv
1801,5,5,0,1a.csv
1801,6,6,0,1b.csv
1801,3,1,2,1c.csv
1801,2,1,1,1e.csv
1801,1,1,0,1f.csv
1801,0,0,0,1g.csv
1801,2,1,1,1h.csv
1801,0,0,0,1i.csv
1801,0,0,0,1j.csv
1801,0,0,0,1k.csv
1801,1,1,0,1l.csv
1801,0,0,0,1m.csv
1801,1,1,0,2a.csv
1801,1,1,0,2b.csv
1801,4,3,1,2c.csv
1801,1,1,0,2d.csv
1801,0,0,0,2e.csv
1801,0,0,0,2f.csv
1801,0,0,0,2g.csv
1801,0,0,0,2h.csv
1801,0,0,0,2i.csv
1801,0,0,0,2j.csv
1801,1,0,1,2k.csv
1801,1,1,0,2l.csv
1801,7,7,0,3a.csv
1801,5,4,1,3b.csv
1801,1,0,1,3c.csv
1801,1,0,1,3d.csv
1801,5,5,0,3e.csv
1801,5,4,1,3f.csv
1801,2,2,0,3g.csv
1802,4,4,0,1a.csv
1802,6,6,0,1b.csv
1802,3,1,2,1c.csv
1802,1,1,0,1e.csv
1802,1,1,0,1f.csv
1802,0,0,0,1g.csv
1802,2,1,1,1h.csv
1802,0,0,0,1i.csv
1802,0,0,0,1j.csv
1802,0,0,0,1k.csv
1802,1,1,0,1l.csv
1802,0,0,0,1m.csv
1802,1,1,0,2a.csv
1802,2,2,0,2b.csv
1802,3,2,1,2c.csv
1802,1,1,0,2d.csv
1802,0,0,0,2e.csv
1802,0,0,0,2f.csv
1802,0,0,0,2g.csv
1802,0,0,0,2h.csv
1802,0,0,0,2i.csv
1802,0,0,0,2j.csv
1802,1,0,1,2k.csv
1802,1,1,0,2l.csv
1802,8,8,0,3a.csv
1802,4,3,1,3b.csv
1802,1,0,1,3c.csv
1802,1,0,1,3d.csv
1802,5,5,0,3e.csv
1802,5,4,1,3f.csv
1802,3,3,0,3g.csv
1803,4,4,0,1a.csv
1803,6,6,0,1b.csv
1803,2,1,1,1c.csv
1803,0,0,0,1e.csv
1803,2,2,0,1f.csv
1803,0,0,0,1g.csv
1803,2,1,1,1h.csv
1803,0,0,0,1i.csv
1803,0,0,0,1j.csv
1803,0,0,0,1k.csv
1803,1,1,0,1l.csv
1803,0,0,0,1m.csv
1803,1,1,0,2a.csv
1803,2,2,0,2b.csv
1803,3,2,1,2c.csv
1803,1,1,0,2d.csv
1803,1,1,0,2e.csv
1803,0,0,0,2f.csv
1803,0,0,0,2g.csv
1803,0,0,0,2h.csv
1803,0,0,0,2i.csv
1803,0,0,0,2j.csv
1803,1,0,1,2k.csv
1803,1,1,0,2l.csv
1803,6,6,0,3a.csv
1803,5,3,2,3b.csv
1803,1,0,1,3c.csv
1803,1,0,1,3d.csv
1803,3,3,0,3e.csv
1803,6,5,1,3f.csv
1803,3,3,0,3g.csv
1804,3,3,0,1a.csv
1804,6,6,0,1b.csv
1804,2,1,1,1c.csv
1804,1,0,1,1e.csv
1804,2,2,0,1f.csv
1804,0,0,0,1g.csv
1804,2,1,1,1h.csv
1804,0,0,0,1i.csv
1804,0,0,0,1j.csv
1804,0,0,0,1k.csv
1804,1,1,0,1l.csv
1804,0,0,0,1m.csv
1804,1,1,0,2a.csv
1804,2,2,0,2b.csv
1804,3,2,1,2c.csv
1804,1,1,0,2d.csv
1804,1,1,0,2e.csv
1804,0,0,0,2f.csv
1804,0,0,0,2g.csv
1804,0,0,0,2h.csv
1804,0,0,0,2i.csv
1804,0,0,0,2j.csv
1804,1,0,1,2k.csv
1804,1,1,0,2l.csv
1804,5,5,0,3a.csv
1804,3,2,1,3b.csv
1804,0,0,0,3c.csv
1804,0,0,0,3d.csv
1804,5,5,0,3e.csv
1804,6,5,1,3f.csv
1804,3,3,0,3g.csv
1805,4,4,0,1a.csv
1805,5,5,0,1b.csv
1805,3,1,2,1c.csv
1805,1,0,1,1e.csv
1805,2,2,0,1f.csv
1805,0,0,0,1g.csv
1805,1,0,1,1h.csv
1805,0,0,0,1i.csv
1805,0,0,0,1j.csv
1805,0,0,0,1k.csv
1805,2,2,0,1l.csv
1805,0,0,0,1m.csv
1805,2,2,0,2a.csv
1805,2,1,1,2b.csv
1805,3,2,1,2c.csv
1805,1,1,0,2d.csv
1805,1,1,0,2e.csv
1805,0,0,0,2f.csv
1805,0,0,0,2g.csv
1805,0,0,0,2h.csv
1805,0,0,0,2i.csv
1805,0,0,0,2j.csv
1805,1,0,1,2k.csv
1805,1,1,0,2l.csv
1805,4,4,0,3a.csv
1805,3,2,1,3b.csv
1805,0,0,0,3c.csv
1805,0,0,0,3d.csv
1805,5,5,0,3e.csv
1805,6,5,1,3f.csv
1805,3,3,0,3g.csv
1806,3,3,0,1a.csv
1806,3,3,0,1b.csv
1806,3,1,2,1c.csv
1806,2,0,2,1e.csv
1806,1,1,0,1f.csv
1806,0,0,0,1g.csv
1806,0,0,0,1h.csv
1806,0,0,0,1i.csv
1806,0,0,0,1j.csv
1806,0,0,0,1k.csv
1806,2,2,0,1l.csv
1806,0,0,0,1m.csv
1806,3,3,0,2a.csv
1806,2,1,1,2b.csv
1806,2,2,0,2c.csv
1806,1,1,0,2d.csv
1806,1,1,0,2e.csv
1806,0,0,0,2f.csv
1806,0,0,0,2g.csv
1806,0,0,0,2h.csv
1806,0,0,0,2i.csv
1806,0,0,0,2j.csv
1806,1,0,1,2k.csv
1806,1,1,0,2l.csv
1806,2,2,0,3a.csv
1806,5,3,2,3b.csv
1806,0,0,0,3c.csv
1806,0,0,0,3d.csv
1806,5,5,0,3e.csv
1806,6,5,1,3f.csv
1806,3,3,0,3g.csv
1807,3,3,0,1a.csv
1807,4,4,0,1b.csv
1807,3,1,2,1c.csv
1807,2,0,2,1e.csv
1807,1,1,0,1f.csv
1807,0,0,0,1g.csv
1807,0,0,0,1h.csv
1807,0,0,0,1i.csv
1807,0,0,0,1j.csv
1807,0,0,0,1k.csv
1807,2,2,0,1l.csv
1807,0,0,0,1m.csv
1807,3,3,0,2a.csv
1807,2,1,1,2b.csv
1807,2,2,0,2c.csv
1807,0,0,0,2d.csv
1807,1,1,0,2e.csv
1807,0,0,0,2f.csv
1807,0,0,0,2g.csv
1807,0,0,0,2h.csv
1807,0,0,0,2i.csv
1807,0,0,0,2j.csv
1807,1,0,1,2k.csv
1807,1,1,0,2l.csv
1807,2,2,0,3a.csv
1807,6,3,3,3b.csv
1807,0,0,0,3c.csv
1807,0,0,0,3d.csv
1807,6,6,0,3e.csv
1807,5,4,1,3f.csv
1807,3,3,0,3g.csv
1808,3,3,0,1a.csv
1808,3,3,0,1b.csv
1808,4,2,2,1c.csv
1808,2,0,2,1e.csv
1808,2,2,0,1f.csv
1808,0,0,0,1g.csv
1808,0,0,0,1h.csv
1808,0,0,0,1i.csv
1808,0,0,0,1j.csv
1808,0,0,0,1k.csv
1808,1,1,0,1l.csv
1808,0,0,0,1m.csv
1808,5,4,1,2a.csv
1808,2,1,1,2b.csv
1808,2,2,0,2c.csv
1808,0,0,0,2d.csv
1808,2,2,0,2e.csv
1808,0,0,0,2f.csv
1808,0,0,0,2g.csv
1808,0,0,0,2h.csv
1808,0,0,0,2i.csv
1808,0,0,0,2j.csv
1808,0,0,0,2k.csv
1808,0,0,0,2l.csv
1808,3,3,0,3a.csv
1808,6,3,3,3b.csv
1808,0,0,0,3c.csv
1808,0,0,0,3d.csv
1808,7,7,0,3e.csv
1808,5,5,0,3f.csv
1808,2,2,0,3g.csv
1809,4,4,0,1a.csv
1809,3,3,0,1b.csv
1809,2,1,1,1c.csv
1809,2,0,2,1e.csv
1809,3,3,0,1f.csv
1809,0,0,0,1g.csv
1809,0,0,0,1h.csv
1809,0,0,0,1i.csv
1809,0,0,0,1j.csv
1809,0,0,0,1k.csv
1809,1,1,0,1l.csv
1809,0,0,0,1m.csv
1809,6,5,1,2a.csv
1809,2,1,1,2b.csv
1809,0,0,0,2c.csv
1809,0,0,0,2d.csv
1809,3,3,0,2e.csv
1809,0,0,0,2f.csv
1809,0,0,0,2g.csv
1809,0,0,0,2h.csv
1809,0,0,0,2i.csv
1809,0,0,0,2j.csv
1809,0,0,0,2k.csv
1809,0,0,0,2l.csv
1809,3,3,0,3a.csv
1809,7,4,3,3b.csv
1809,0,0,0,3c.csv
1809,0,0,0,3d.csv
1809,10,10,0,3e.csv
1809,5,5,0,3f.csv
1809,2,2,0,3g.csv
1810,4,4,0,1a.csv
1810,2,2,0,1b.csv
1810,2,1,1,1c.csv
1810,2,0,2,1e.csv
1810,3,3,0,1f.csv
1810,0,0,0,1g.csv
1810,0,0,0,1h.csv
1810,0,0,0,1i.csv
1810,0,0,0,1j.csv
1810,0,0,0,1k.csv
1810,1,1,0,1l.csv
1810,0,0,0,1m.csv
1810,6,5,1,2a.csv
1810,2,1,1,2b.csv
1810,0,0,0,2c.csv
1810,0,0,0,2d.csv
1810,3,3,0,2e.csv
1810,0,0,0,2f.csv
1810,0,0,0,2g.csv
1810,0,0,0,2h.csv
1810,0,0,0,2i.csv
1810,0,0,0,2j.csv
1810,0,0,0,2k.csv
1810,0,0,0,2l.csv
1810,2,2,0,3a.csv
1810,7,4,3,3b.csv
1810,0,0,0,3c.csv
1810,0,0,0,3d.csv
1810,8,8,0,3e.csv
1810,4,4,0,3f.csv
1810,1,1,0,3g.csv
1811,3,3,0,1a.csv
1811,3,3,0,1b.csv
1811,2,1,1,1c.csv
1811,3,0,3,1e.csv
1811,2,2,0,1f.csv
1811,0,0,0,1g.csv
1811,0,0,0,1h.csv
1811,0,0,0,1i.csv
1811,0,0,0,1j.csv
1811,0,0,0,1k.csv
1811,1,1,0,1l.csv
1811,0,0,0,1m.csv
1811,7,6,1,2a.csv
1811,2,1,1,2b.csv
1811,0,0,0,2c.csv
1811,0,0,0,2d.csv
1811,3,3,0,2e.csv
1811,0,0,0,2f.csv
1811,0,0,0,2g.csv
1811,0,0,0,2h.csv
1811,0,0,0,2i.csv
1811,0,0,0,2j.csv
1811,0,0,0,2k.csv
1811,0,0,0,2l.csv
1811,2,2,0,3a.csv
1811,7,4,3,3b.csv
1811,0,0,0,3c.csv
1811,0,0,0,3d.csv
1811,7,7,0,3e.csv
1811,3,3,0,3f.csv
1811,1,1,0,3g.csv
1812,4,3,1,1a.csv
1812,2,2,0,1b.csv
1812,2,1,1,1c.csv
1812,3,1,2,1e.csv
1812,2,2,0,1f.csv
1812,0,0,0,1g.csv
1812,1,1,0,1h.csv
1812,0,0,0,1i.csv
1812,0,0,0,1j.csv
1812,0,0,0,1k.csv
1812,1,1,0,1l.csv
1812,0,0,0,1m.csv
1812,8,7,1,2a.csv
1812,2,1,1,2b.csv
1812,0,0,0,2c.csv
1812,0,0,0,2d.csv
1812,3,3,0,2e.csv
1812,0,0,0,2f.csv
1812,0,0,0,2g.csv
1812,0,0,0,2h.csv
1812,0,0,0,2i.csv
1812,0,0,0,2j.csv
1812,0,0,0,2k.csv
1812,0,0,0,2l.csv
1812,2,2,0,3a.csv
1812,8,5,3,3b.csv
1812,0,0,0,3c.csv
1812,0,0,0,3d.csv
1812,6,6,0,3e.csv
1812,3,3,0,3f.csv
1812,0,0,0,3g.csv
1813,3,2,1,1a.csv
1813,2,2,0,1b.csv
1813,2,1,1,1c.csv
1813,3,1,2,1e.csv
1813,2,2,0,1f.csv
1813,1,1,0,1g.csv
1813,1,1,0,1h.csv
1813,0,0,0,1i.csv
1813,0,0,0,1j.csv
1813,0,0,0,1k.csv
1813,0,0,0,1l.csv
1813,0,0,0,1m.csv
1813,7,6,1,2a.csv
1813,2,2,0,2b.csv
1813,1,1,0,2c.csv
1813,0,0,0,2d.csv
1813,3,3,0,2e.csv
1813,0,0,0,2f.csv
1813,0,0,0,2g.csv
1813,0,0,0,2h.csv
1813,0,0,0,2i.csv
1813,0,0,0,2j.csv
1813,0,0,0,2k.csv
1813,1,1,0,2l.csv
1813,2,2,0,3a.csv
1813,7,4,3,3b.csv
1813,0,0,0,3c.csv
1813,0,0,0,3d.csv
1813,6,6,0,3e.csv
1813,3,3,0,3f.csv
1813,0,0,0,3g.csv
1814,2,1,1,1a.csv
1814,2,2,0,1b.csv
1814,2,1,1,1c.csv
1814,2,1,1,1e.csv
1814,3,2,1,1f.csv
1814,1,1,0,1g.csv
1814,2,2,0,1h.csv
1814,0,0,0,1i.csv
1814,0,0,0,1j.csv
1814,0,0,0,1k.csv
1814,0,0,0,1l.csv
1814,0,0,0,1m.csv
1814,6,5,1,2a.csv
1814,2,2,0,2b.csv
1814,1,1,0,2c.csv
1814,0,0,0,2d.csv
1814,3,3,0,2e.csv
1814,0,0,0,2f.csv
1814,0,0,0,2g.csv
1814,0,0,0,2h.csv
1814,0,0,0,2i.csv
1814,0,0,0,2j.csv
1814,0,0,0,2k.csv
1814,1,1,0,2l.csv
1814,3,3,0,3a.csv
1814,6,4,2,3b.csv
1814,0,0,0,3c.csv
1814,0,0,0,3d.csv
1814,6,6,0,3e.csv
1814,1,1,0,3f.csv
1814,0,0,0,3g.csv
1815,3,2,1,1a.csv
1815,2,2,0,1b.csv
1815,2,1,1,1c.csv
1815,2,1,1,1e.csv
1815,3,2,1,1f.csv
1815,1,1,0,1g.csv
1815,2,2,0,1h.csv
1815,0,0,0,1i.csv
1815,0,0,0,1j.csv
1815,0,0,0,1k.csv
1815,0,0,0,1l.csv
1815,0,0,0,1m.csv
1815,6,5,1,2a.csv
1815,2,2,0,2b.csv
1815,2,2,0,2c.csv
1815,0,0,0,2d.csv
1815,3,3,0,2e.csv
1815,0,0,0,2f.csv
1815,0,0,0,2g.csv
1815,1,1,0,2h.csv
1815,0,0,0,2i.csv
1815,0,0,0,2j.csv
1815,0,0,0,2k.csv
1815,1,1,0,2l.csv
1815,3,3,0,3a.csv
1815,5,4,1,3b.csv
1815,1,1,0,3c.csv
1815,1,1,0,3d.csv
1815,6,6,0,3e.csv
1815,2,2,0,3f.csv
1815,0,0,0,3g.csv
1816,3,2,1,1a.csv
1816,2,2,0,1b.csv
1816,2,1,1,1c.csv
1816,3,2,1,1e.csv
1816,2,1,1,1f.csv
1816,2,1,1,1g.csv
1816,4,4,0,1h.csv
1816,0,0,0,1i.csv
1816,0,0,0,1j.csv
1816,0,0,0,1k.csv
1816,0,0,0,1l.csv
1816,0,0,0,1m.csv
1816,4,4,0,2a.csv
1816,3,3,0,2b.csv
1816,2,2,0,2c.csv
1816,1,1,0,2d.csv
1816,2,2,0,2e.csv
1816,0,0,0,2f.csv
1816,0,0,0,2g.csv
1816,1,1,0,2h.csv
1816,0,0,0,2i.csv
1816,0,0,0,2j.csv
1816,0,0,0,2k.csv
1816,1,1,0,2l.csv
1816,3,3,0,3a.csv
1816,6,4,2,3b.csv
1816,1,1,0,3c.csv
1816,1,1,0,3d.csv
1816,7,7,0,3e.csv
1816,1,1,0,3f.csv
1816,0,0,0,3g.csv
1817,2,1,1,1a.csv
1817,3,3,0,1b.csv
1817,2,1,1,1c.csv
1817,3,2,1,1e.csv
1817,1,0,1,1f.csv
1817,2,1,1,1g.csv
1817,4,4,0,1h.csv
1817,0,0,0,1i.csv
1817,0,0,0,1j.csv
1817,0,0,0,1k.csv
1817,0,0,0,1l.csv
1817,0,0,0,1m.csv
1817,3,3,0,2a.csv
1817,3,3,0,2b.csv
1817,2,2,0,2c.csv
1817,1,1,0,2d.csv
1817,1,1,0,2e.csv
1817,0,0,0,2f.csv
1817,0,0,0,2g.csv
1817,2,2,0,2h.csv
1817,0,0,0,2i.csv
1817,0,0,0,2j.csv
1817,0,0,0,2k.csv
1817,1,1,0,2l.csv
1817,4,3,1,3a.csv
1817,7,4,3,3b.csv
1817,2,1,1,3c.csv
1817,2,1,1,3d.csv
1817,5,5,0,3e.csv
1817,1,1,0,3f.csv
1817,0,0,0,3g.csv
1818,2,1,1,1a.csv
1818,4,3,1,1b.csv
1818,2,1,1,1c.csv
1818,3,2,1,1e.csv
1818,1,0,1,1f.csv
1818,2,1,1,1g.csv
1818,4,4,0,1h.csv
1818,0,0,0,1i.csv
1818,0,0,0,1j.csv
1818,0,0,0,1k.csv
1818,0,0,0,1l.csv
1818,0,0,0,1m.csv
1818,3,3,0,2a.csv
1818,2,2,0,2b.csv
1818,2,2,0,2c.csv
1818,1,1,0,2d.csv
1818,1,1,0,2e.csv
1818,0,0,0,2f.csv
1818,0,0,0,2g.csv
1818,2,2,0,2h.csv
1818,0,0,0,2i.csv
1818,0,0,0,2j.csv
1818,0,0,0,2k.csv
1818,1,1,0,2l.csv
1818,4,3,1,3a.csv
1818,7,4,3,3b.csv
1818,2,1,1,3c.csv
1818,2,1,1,3d.csv
1818,5,5,0,3e.csv
1818,1,1,0,3f.csv
1818,0,0,0,3g.csv
1819,3,2,1,1a.csv
1819,3,2,1,1b.csv
1819,3,2,1,1c.csv
1819,2,2,0,1e.csv
1819,1,0,1,1f.csv
1819,2,1,1,1g.csv
1819,4,4,0,1h.csv
1819,0,0,0,1i.csv
1819,0,0,0,1j.csv
1819,0,0,0,1k.csv
1819,0,0,0,1l.csv
1819,0,0,0,1m.csv
1819,3,3,0,2a.csv
1819,2,2,0,2b.csv
1819,3,3,0,2c.csv
1819,1,1,0,2d.csv
1819,0,0,0,2e.csv
1819,0,0,0,2f.csv
1819,0,0,0,2g.csv
1819,3,3,0,2h.csv
1819,0,0,0,2i.csv
1819,0,0,0,2j.csv
1819,0,0,0,2k.csv
1819,1,1,0,2l.csv
1819,5,3,2,3a.csv
1819,6,4,2,3b.csv
1819,2,1,1,3c.csv
1819,2,1,1,3d.csv
1819,6,5,1,3e.csv
1819,1,1,0,3f.csv
1819,0,0,0,3g.csv
1820,2,2,0,1a.csv
1820,3,2,1,1b.csv
1820,3,2,1,1c.csv
1820,1,1,0,1e.csv
1820,1,0,1,1f.csv
1820,2,1,1,1g.csv
1820,5,4,1,1h.csv
1820,0,0,0,1i.csv
1820,0,0,0,1j.csv
1820,0,0,0,1k.csv
1820,0,0,0,1l.csv
1820,0,0,0,1m.csv
1820,3,3,0,2a.csv
1820,3,3,0,2b.csv
1820,3,3,0,2c.csv
1820,1,1,0,2d.csv
1820,0,0,0,2e.csv
1820,0,0,0,2f.csv
1820,0,0,0,2g.csv
1820,3,3,0,2h.csv
1820,0,0,0,2i.csv
1820,0,0,0,2j.csv
1820,0,0,0,2k.csv
1820,1,1,0,2l.csv
1820,5,3,2,3a.csv
1820,5,3,2,3b.csv
1820,2,1,1,3c.csv
1820,2,1,1,3d.csv
1820,5,4,1,3e.csv
1820,1,1,0,3f.csv
1820,0,0,0,3g.csv
1821,2,2,0,1a.csv
1821,3,2,1,1b.csv
1821,2,2,0,1c.csv
1821,1,1,0,1e.csv
1821,1,0,1,1f.csv
1821,1,0,1,1g.csv
1821,5,4,1,1h.csv
1821,0,0,0,1i.csv
1821,0,0,0,1j.csv
1821,0,0,0,1k.csv
1821,0,0,0,1l.csv
1821,0,0,0,1m.csv
1821,3,3,0,2a.csv
1821,2,2,0,2b.csv
1821,2,2,0,2c.csv
1821,1,1,0,2d.csv
1821,0,0,0,2e.csv
1821,0,0,0,2f.csv
1821,0,0,0,2g.csv
1821,3,3,0,2h.csv
1821,0,0,0,2i.csv
1821,0,0,0,2j.csv
1821,0,0,0,2k.csv
1821,0,0,0,2l.csv
1821,5,3,2,3a.csv
1821,6,3,3,3b.csv
1821,2,1,1,3c.csv
1821,2,1,1,3d.csv
1821,5,4,1,3e.csv
1821,2,2,0,3f.csv
1821,0,0,0,3g.csv
1822,2,2,0,1a.csv
1822,3,2,1,1b.csv
1822,3,3,0,1c.csv
1822,1,1,0,1e.csv
1822,0,0,0,1f.csv
1822,1,0,1,1g.csv
1822,4,3,1,1h.csv
1822,0,0,0,1i.csv
1822,0,0,0,1j.csv
1822,0,0,0,1k.csv
1822,0,0,0,1l.csv
1822,0,0,0,1m.csv
1822,4,3,1,2a.csv
1822,3,3,0,2b.csv
1822,2,2,0,2c.csv
1822,1,1,0,2d.csv
1822,0,0,0,2e.csv
1822,0,0,0,2f.csv
1822,0,0,0,2g.csv
1822,3,3,0,2h.csv
1822,0,0,0,2i.csv
1822,0,0,0,2j.csv
1822,0,0,0,2k.csv
1822,0,0,0,2l.csv
1822,7,4,3,3a.csv
1822,7,4,3,3b.csv
1822,3,2,1,3c.csv
1822,3,2,1,3d.csv
1822,6,4,2,3e.csv
1822,2,2,0,3f.csv
1822,1,1,0,3g.csv
1823,1,1,0,1a.csv
1823,2,1,1,1b.csv
1823,3,3,0,1c.csv
1823,1,1,0,1e.csv
1823,0,0,0,1f.csv
1823,1,0,1,1g.csv
1823,5,4,1,1h.csv
1823,0,0,0,1i.csv
1823,0,0,0,1j.csv
1823,0,0,0,1k.csv
1823,0,0,0,1l.csv
1823,0,0,0,1m.csv
1823,4,2,2,2a.csv
1823,3,3,0,2b.csv
1823,1,1,0,2c.csv
1823,1,1,0,2d.csv
1823,0,0,0,2e.csv
1823,0,0,0,2f.csv
1823,0,0,0,2g.csv
1823,2,2,0,2h.csv
1823,0,0,0,2i.csv
1823,0,0,0,2j.csv
1823,0,0,0,2k.csv
1823,0,0,0,2l.csv
1823,7,4,3,3a.csv
1823,7,4,3,3b.csv
1823,2,1,1,3c.csv
1823,2,1,1,3d.csv
1823,5,3,2,3e.csv
1823,1,1,0,3f.csv
1823,1,1,0,3g.csv
1824,1,1,0,1a.csv
1824,2,1,1,1b.csv
1824,2,2,0,1c.csv
1824,0,0,0,1e.csv
1824,0,0,0,1f.csv
1824,1,1,0,1g.csv
1824,4,3,1,1h.csv
1824,0,0,0,1i.csv
1824,0,0,0,1j.csv
1824,0,0,0,1k.csv
1824,0,0,0,1l.csv
1824,0,0,0,1m.csv
1824,4,2,2,2a.csv
1824,2,2,0,2b.csv
1824,1,1,0,2c.csv
1824,0,0,0,2d.csv
1824,0,0,0,2e.csv
1824,0,0,0,2f.csv
1824,0,0,0,2g.csv
1824,2,2,0,2h.csv
1824,0,0,0,2i.csv
1824,0,0,0,2j.csv
1824,0,0,0,2k.csv
1824,0,0,0,2l.csv
1824,6,3,3,3a.csv
1824,7,5,2,3b.csv
1824,2,1,1,3c.csv
1824,2,1,1,3d.csv
1824,3,1,2,3e.csv
1824,1,1,0,3f.csv
1824,1,1,0,3g.csv
1825,1,1,0,1a.csv
1825,3,1,2,1b.csv
1825,2,2,0,1c.csv
1825,0,0,0,1e.csv
1825,0,0,0,1f.csv
1825,1,1,0,1g.csv
1825,4,3,1,1h.csv
1825,0,0,0,1i.csv
1825,0,0,0,1j.csv
1825,0,0,0,1k.csv
1825,2,2,0,1l.csv
1825,0,0,0,1m.csv
1825,4,2,2,2a.csv
1825,3,2,1,2b.csv
1825,1,1,0,2c.csv
1825,0,0,0,2d.csv
1825,0,0,0,2e.csv
1825,0,0,0,2f.csv
1825,0,0,0,2g.csv
1825,1,1,0,2h.csv
1825,0,0,0,2i.csv
1825,0,0,0,2j.csv
1825,0,0,0,2k.csv
1825,0,0,0,2l.csv
1825,4,2,2,3a.csv
1825,5,4,1,3b.csv
1825,2,2,0,3c.csv
1825,2,2,0,3d.csv
1825,4,1,3,3e.csv
1825,1,1,0,3f.csv
1825,1,1,0,3g.csv
1826,2,2,0,1a.csv
1826,2,1,1,1b.csv
1826,2,2,0,1c.csv
1826,0,0,0,1e.csv
1826,0,0,0,1f.csv
1826,1,1,0,1g.csv
1826,4,3,1,1h.csv
1826,0,0,0,1i.csv
1826,0,0,0,1j.csv
1826,0,0,0,1k.csv
1826,2,2,0,1l.csv
1826,0,0,0,1m.csv
1826,4,2,2,2a.csv
1826,3,2,1,2b.csv
1826,1,1,0,2c.csv
1826,0,0,0,2d.csv
1826,0,0,0,2e.csv
1826,0,0,0,2f.csv
1826,0,0,0,2g.csv
1826,1,1,0,2h.csv
1826,0,0,0,2i.csv
1826,0,0,0,2j.csv
1826,0,0,0,2k.csv
1826,0,0,0,2l.csv
1826,5,2,3,3a.csv
1826,5,4,1,3b.csv
1826,3,3,0,3c.csv
1826,3,3,0,3d.csv
1826,4,1,3,3e.csv
1826,2,2,0,3f.csv
1826,1,1,0,3g.csv
1827,1,1,0,1a.csv
1827,2,1,1,1b.csv
1827,1,1,0,1c.csv
1827,0,0,0,1e.csv
1827,0,0,0,1f.csv
1827,1,1,0,1g.csv
1827,4,3,1,1h.csv
1827,0,0,0,1i.csv
1827,0,0,0,1j.csv
1827,0,0,0,1k.csv
1827,3,2,1,1l.csv
1827,0,0,0,1m.csv
1827,3,1,2,2a.csv
1827,3,2,1,2b.csv
1827,0,0,0,2c.csv
1827,0,0,0,2d.csv
1827,0,0,0,2e.csv
1827,0,0,0,2f.csv
1827,1,1,0,2g.csv
1827,1,1,0,2h.csv
1827,0,0,0,2i.csv
1827,0,0,0,2j.csv
1827,0,0,0,2k.csv
1827,0,0,0,2l.csv
1827,4,2,2,3a.csv
1827,6,5,1,3b.csv
1827,3,3,0,3c.csv
1827,3,3,0,3d.csv
1827,6,3,3,3e.csv
1827,2,2,0,3f.csv
1827,1,1,0,3g.csv
1828,1,1,0,1a.csv
1828,2,1,1,1b.csv
1828,1,1,0,1c.csv
1828,0,0,0,1e.csv
1828,0,0,0,1f.csv
1828,1,1,0,1g.csv
1828,2,2,0,1h.csv
1828,0,0,0,1i.csv
1828,0,0,0,1j.csv
1828,0,0,0,1k.csv
1828,3,2,1,1l.csv
1828,0,0,0,1m.csv
1828,2,0,2,2a.csv
1828,2,1,1,2b.csv
1828,0,0,0,2c.csv
1828,0,0,0,2d.csv
1828,0,0,0,2e.csv
1828,0,0,0,2f.csv
1828,1,1,0,2g.csv
1828,1,1,0,2h.csv
1828,0,0,0,2i.csv
1828,0,0,0,2j.csv
1828,0,0,0,2k.csv
1828,0,0,0,2l.csv
1828,7,3,4,3a.csv
1828,6,5,1,3b.csv
1828,3,3,0,3c.csv
1828,3,3,0,3d.csv
1828,7,4,3,3e.csv
1828,2,2,0,3f.csv
1828,1,1,0,3g.csv
1829,2,2,0,1a.csv
1829,2,1,1,1b.csv
1829,1,1,0,1c.csv
1829,0,0,0,1e.csv
1829,0,0,0,1f.csv
1829,1,1,0,1g.csv
1829,2,2,0,1h.csv
1829,0,0,0,1i.csv
1829,0,0,0,1j.csv
1829,0,0,0,1k.csv
1829,3,2,1,1l.csv
1829,0,0,0,1m.csv
1829,2,0,2,2a.csv
1829,2,1,1,2b.csv
1829,0,0,0,2c.csv
1829,0,0,0,2d.csv
1829,0,0,0,2e.csv
1829,0,0,0,2f.csv
1829,1,1,0,2g.csv
1829,1,1,0,2h.csv
1829,0,0,0,2i.csv
1829,0,0,0,2j.csv
1829,0,0,0,2k.csv
1829,0,0,0,2l.csv
1829,7,3,4,3a.csv
1829,7,7,0,3b.csv
1829,3,3,0,3c.csv
1829,3,3,0,3d.csv
1829,7,4,3,3e.csv
1829,1,1,0,3f.csv
1829,1,1,0,3g.csv
1830,2,2,0,1a.csv
1830,2,1,1,1b.csv
1830,0,0,0,1c.csv
1830,0,0,0,1e.csv
1830,1,1,0,1f.csv
1830,1,1,0,1g.csv
1830,2,2,0,1h.csv
1830,0,0,0,1i.csv
1830,0,0,0,1j.csv
1830,0,0,0,1k.csv
1830,4,3,1,1l.csv
1830,0,0,0,1m.csv
1830,1,0,1,2a.csv
1830,1,0,1,2b.csv
1830,0,0,0,2c.csv
1830,0,0,0,2d.csv
1830,0,0,0,2e.csv
1830,0,0,0,2f.csv
1830,1,1,0,2g.csv
1830,1,1,0,2h.csv
1830,0,0,0,2i.csv
1830,0,0,0,2j.csv
1830,0,0,0,2k.csv
1830,0,0,0,2l.csv
1830,4,1,3,3a.csv
1830,8,7,1,3b.csv
1830,3,2,1,3c.csv
1830,3,2,1,3d.csv
1830,6,4,2,3e.csv
1830,2,2,0,3f.csv
1830,0,0,0,3g.csv
1831,3,2,1,1a.csv
1831,3,2,1,1b.csv
1831,0,0,0,1c.csv
1831,0,0,0,1e.csv
1831,1,1,0,1f.csv
1831,1,1,0,1g.csv
1831,1,1,0,1h.csv
1831,0,0,0,1i.csv
1831,0,0,0,1j.csv
1831,0,0,0,1k.csv
1831,6,4,2,1l.csv
1831,0,0,0,1m.csv
1831,0,0,0,2a.csv
1831,1,0,1,2b.csv
1831,0,0,0,2c.csv
1831,0,0,0,2d.csv
1831,0,0,0,2e.csv
1831,0,0,0,2f.csv
1831,1,1,0,2g.csv
1831,1,1,0,2h.csv
1831,0,0,0,2i.csv
1831,0,0,0,2j.csv
1831,0,0,0,2k.csv
1831,0,0,0,2l.csv
1831,4,1,3,3a.csv
1831,9,8,1,3b.csv
1831,3,2,1,3c.csv
1831,3,2,1,3d.csv
1831,6,4,2,3e.csv
1831,3,3,0,3f.csv
1831,0,0,0,3g.csv
1832,3,2,1,1a.csv
1832,3,2,1,1b.csv
1832,0,0,0,1c.csv
1832,1,1,0,1e.csv
1832,1,1,0,1f.csv
1832,0,0,0,1g.csv
1832,1,1,0,1h.csv
1832,0,0,0,1i.csv
1832,1,1,0,1j.csv
1832,0,0,0,1k.csv
1832,8,6,2,1l.csv
1832,0,0,0,1m.csv
1832,1,1,0,2a.csv
1832,1,0,1,2b.csv
1832,0,0,0,2c.csv
1832,0,0,0,2d.csv
1832,0,0,0,2e.csv
1832,0,0,0,2f.csv
1832,1,1,0,2g.csv
1832,1,1,0,2h.csv
1832,0,0,0,2i.csv
1832,0,0,0,2j.csv
1832,0,0,0,2k.csv
1832,0,0,0,2l.csv
1832,5,2,3,3a.csv
1832,9,8,1,3b.csv
1832,4,3,1,3c.csv
1832,4,3,1,3d.csv
1832,6,4,2,3e.csv
1832,4,4,0,3f.csv
1832,0,0,0,3g.csv
1833,3,2,1,1a.csv
1833,1,1,0,1b.csv
1833,0,0,0,1c.csv
1833,1,1,0,1e.csv
1833,1,1,0,1f.csv
1833,0,0,0,1g.csv
1833,1,1,0,1h.csv
1833,0,0,0,1i.csv
1833,1,1,0,1j.csv
1833,0,0,0,1k.csv
1833,8,6,2,1l.csv
1833,0,0,0,1m.csv
1833,2,2,0,2a.csv
1833,0,0,0,2b.csv
1833,0,0,0,2c.csv
1833,0,0,0,2d.csv
1833,0,0,0,2e.csv
1833,0,0,0,2f.csv
1833,1,1,0,2g.csv
1833,1,1,0,2h.csv
1833,0,0,0,2i.csv
1833,0,0,0,2j.csv
1833,2,0,2,2k.csv
1833,1,1,0,2l.csv
1833,6,3,3,3a.csv
1833,11,9,2,3b.csv
1833,3,2,1,3c.csv
1833,3,2,1,3d.csv
1833,5,4,1,3e.csv
1833,5,5,0,3f.csv
1833,2,2,0,3g.csv
1834,2,1,1,1a.csv
1834,1,1,0,1b.csv
1834,0,0,0,1c.csv
1834,1,1,0,1e.csv
1834,1,1,0,1f.csv
1834,0,0,0,1g.csv
1834,1,1,0,1h.csv
1834,0,0,0,1i.csv
1834,1,1,0,1j.csv
1834,0,0,0,1k.csv
1834,9,7,2,1l.csv
1834,0,0,0,1m.csv
1834,3,3,0,2a.csv
1834,0,0,0,2b.csv
1834,0,0,0,2c.csv
1834,0,0,0,2d.csv
1834,0,0,0,2e.csv
1834,0,0,0,2f.csv
1834,1,1,0,2g.csv
1834,1,1,0,2h.csv
1834,0,0,0,2i.csv
1834,0,0,0,2j.csv
1834,2,0,2,2k.csv
1834,1,1,0,2l.csv
1834,5,3,2,3a.csv
1834,13,9,4,3b.csv
1834,2,1,1,3c.csv
1834,2,1,1,3d.csv
1834,5,4,1,3e.csv
1834,5,5,0,3f.csv
1834,2,2,0,3g.csv
1835,2,1,1,1a.csv
1835,1,1,0,1b.csv
1835,0,0,0,1c.csv
1835,1,1,0,1e.csv
1835,1,1,0,1f.csv
1835,0,0,0,1g.csv
1835,1,1,0,1h.csv
1835,0,0,0,1i.csv
1835,1,1,0,1j.csv
1835,0,0,0,1k.csv
1835,8,7,1,1l.csv
1835,0,0,0,1m.csv
1835,4,4,0,2a.csv
1835,0,0,0,2b.csv
1835,0,0,0,2c.csv
1835,0,0,0,2d.csv
1835,0,0,0,2e.csv
1835,0,0,0,2f.csv
1835,0,0,0,2g.csv
1835,0,0,0,2h.csv
1835,0,0,0,2i.csv
1835,0,0,0,2j.csv
1835,3,1,2,2k.csv
1835,1,1,0,2l.csv
1835,6,4,2,3a.csv
1835,12,7,5,3b.csv
1835,2,1,1,3c.csv
1835,2,1,1,3d.csv
1835,2,2,0,3e.csv
1835,5,5,0,3f.csv
1835,2,2,0,3g.csv
1836,2,1,1,1a.csv
1836,1,1,0,1b.csv
1836,0,0,0,1c.csv
1836,1,1,0,1e.csv
1836,1,1,0,1f.csv
1836,0,0,0,1g.csv
1836,1,1,0,1h.csv
1836,0,0,0,1i.csv
1836,1,1,0,1j.csv
1836,0,0,0,1k.csv
1836,8,7,1,1l.csv
1836,0,0,0,1m.csv
1836,4,4,0,2a.csv
1836,0,0,0,2b.csv
1836,0,0,0,2c.csv
1836,0,0,0,2d.csv
1836,0,0,0,2e.csv
1836,0,0,0,2f.csv
1836,0,0,0,2g.csv
1836,0,0,0,2h.csv
1836,0,0,0,2i.csv
1836,0,0,0,2j.csv
1836,3,1,2,2k.csv
1836,1,1,0,2l.csv
1836,5,5,0,3a.csv
1836,14,8,6,3b.csv
1836,2,1,1,3c.csv
1836,2,1,1,3d.csv
1836,1,1,0,3e.csv
1836,6,6,0,3f.csv
1836,3,3,0,3g.csv
1837,1,0,1,1a.csv
1837,1,1,0,1b.csv
1837,0,0,0,1c.csv
1837,1,1,0,1e.csv
1837,1,1,0,1f.csv
1837,0,0,0,1g.csv
1837,1,1,0,1h.csv
1837,0,0,0,1i.csv
1837,3,3,0,1j.csv
1837,0,0,0,1k.csv
1837,8,7,1,1l.csv
1837,0,0,0,1m.csv
1837,4,4,0,2a.csv
1837,0,0,0,2b.csv
1837,0,0,0,2c.csv
1837,1,1,0,2d.csv
1837,0,0,0,2e.csv
1837,0,0,0,2f.csv
1837,0,0,0,2g.csv
1837,0,0,0,2h.csv
1837,0,0,0,2i.csv
1837,0,0,0,2j.csv
1837,3,1,2,2k.csv
1837,2,2,0,2l.csv
1837,5,5,0,3a.csv
1837,14,7,7,3b.csv
1837,3,1,2,3c.csv
1837,3,1,2,3d.csv
1837,1,1,0,3e.csv
1837,6,6,0,3f.csv
1837,4,4,0,3g.csv
1838,1,0,1,1a.csv
1838,1,1,0,1b.csv
1838,0,0,0,1c.csv
1838,2,2,0,1e.csv
1838,0,0,0,1f.csv
1838,0,0,0,1g.csv
1838,1,1,0,1h.csv
1838,0,0,0,1i.csv
1838,3,3,0,1j.csv
1838,0,0,0,1k.csv
1838,8,7,1,1l.csv
1838,0,0,0,1m.csv
1838,4,4,0,2a.csv
1838,0,0,0,2b.csv
1838,0,0,0,2c.csv
1838,1,1,0,2d.csv
1838,0,0,0,2e.csv
1838,0,0,0,2f.csv
1838,0,0,0,2g.csv
1838,0,0,0,2h.csv
1838,0,0,0,2i.csv
1838,0,0,0,2j.csv
1838,3,1,2,2k.csv
1838,2,2,0,2l.csv
1838,5,5,0,3a.csv
1838,12,5,7,3b.csv
1838,3,2,1,3c.csv
1838,3,2,1,3d.csv
1838,1,1,0,3e.csv
1838,5,5,0,3f.csv
1838,7,6,1,3g.csv
1839,2,1,1,1a.csv
1839,0,0,0,1b.csv
1839,0,0,0,1c.csv
1839,2,2,0,1e.csv
1839,0,0,0,1f.csv
1839,0,0,0,1g.csv
1839,1,1,0,1h.csv
1839,0,0,0,1i.csv
1839,3,3,0,1j.csv
1839,0,0,0,1k.csv
1839,6,6,0,1l.csv
1839,0,0,0,1m.csv
1839,6,5,1,2a.csv
1839,1,1,0,2b.csv
1839,0,0,0,2c.csv
1839,2,2,0,2d.csv
1839,0,0,0,2e.csv
1839,0,0,0,2f.csv
1839,0,0,0,2g.csv
1839,0,0,0,2h.csv
1839,0,0,0,2i.csv
1839,0,0,0,2j.csv
1839,3,1,2,2k.csv
1839,2,2,0,2l.csv
1839,5,5,0,3a.csv
1839,11,4,7,3b.csv
1839,3,2,1,3c.csv
1839,3,2,1,3d.csv
1839,2,2,0,3e.csv
1839,4,4,0,3f.csv
1839,8,7,1,3g.csv
1840,2,1,1,1a.csv
1840,0,0,0,1b.csv
1840,0,0,0,1c.csv
1840,1,1,0,1e.csv
1840,0,0,0,1f.csv
1840,0,0,0,1g.csv
1840,0,0,0,1h.csv
1840,0,0,0,1i.csv
1840,2,2,0,1j.csv
1840,0,0,0,1k.csv
1840,4,4,0,1l.csv
1840,0,0,0,1m.csv
1840,5,4,1,2a.csv
1840,1,1,0,2b.csv
1840,0,0,0,2c.csv
1840,2,2,0,2d.csv
1840,0,0,0,2e.csv
1840,0,0,0,2f.csv
1840,0,0,0,2g.csv
1840,0,0,0,2h.csv
1840,0,0,0,2i.csv
1840,0,0,0,2j.csv
1840,3,1,2,2k.csv
1840,3,3,0,2l.csv
1840,6,5,1,3a.csv
1840,11,4,7,3b.csv
1840,2,1,1,3c.csv
1840,2,1,1,3d.csv
1840,3,3,0,3e.csv
1840,4,4,0,3f.csv
1840,8,7,1,3g.csv
1841,2,1,1,1a.csv
1841,0,0,0,1b.csv
1841,1,1,0,1c.csv
1841,1,1,0,1e.csv
1841,0,0,0,1f.csv
1841,0,0,0,1g.csv
1841,0,0,0,1h.csv
1841,0,0,0,1i.csv
1841,2,2,0,1j.csv
1841,0,0,0,1k.csv
1841,2,2,0,1l.csv
1841,0,0,0,1m.csv
1841,4,3,1,2a.csv
1841,1,1,0,2b.csv
1841,1,1,0,2c.csv
1841,2,2,0,2d.csv
1841,0,0,0,2e.csv
1841,0,0,0,2f.csv
1841,0,0,0,2g.csv
1841,0,0,0,2h.csv
1841,0,0,0,2i.csv
1841,0,0,0,2j.csv
1841,1,1,0,2k.csv
1841,2,2,0,2l.csv
1841,6,4,2,3a.csv
1841,11,3,8,3b.csv
1841,3,2,1,3c.csv
1841,3,2,1,3d.csv
1841,2,2,0,3e.csv
1841,3,3,0,3f.csv
1841,7,5,2,3g.csv
1842,3,2,1,1a.csv
1842,1,0,1,1b.csv
1842,1,1,0,1c.csv
1842,1,1,0,1e.csv
1842,0,0,0,1f.csv
1842,0,0,0,1g.csv
1842,0,0,0,1h.csv
1842,0,0,0,1i.csv
1842,2,2,0,1j.csv
1842,0,0,0,1k.csv
1842,1,1,0,1l.csv
1842,0,0,0,1m.csv
1842,3,2,1,2a.csv
1842,1,1,0,2b.csv
1842,1,1,0,2c.csv
1842,2,2,0,2d.csv
1842,0,0,0,2e.csv
1842,0,0,0,2f.csv
1842,0,0,0,2g.csv
1842,0,0,0,2h.csv
1842,0,0,0,2i.csv
1842,0,0,0,2j.csv
1842,1,1,0,2k.csv
1842,2,2,0,2l.csv
1842,6,4,2,3a.csv
1842,9,3,6,3b.csv
1842,3,2,1,3c.csv
1842,3,2,1,3d.csv
1842,2,2,0,3e.csv
1842,2,2,0,3f.csv
1842,8,6,2,3g.csv
1843,4,3,1,1a.csv
1843,1,0,1,1b.csv
1843,1,1,0,1c.csv
1843,1,1,0,1e.csv
1843,0,0,0,1f.csv
1843,0,0,0,1g.csv
1843,0,0,0,1h.csv
1843,0,0,0,1i.csv
1843,2,2,0,1j.csv
1843,0,0,0,1k.csv
1843,2,2,0,1l.csv
1843,0,0,0,1m.csv
1843,3,2,1,2a.csv
1843,1,1,0,2b.csv
1843,1,1,0,2c.csv
1843,3,3,0,2d.csv
1843,0,0,0,2e.csv
1843,0,0,0,2f.csv
1843,0,0,0,2g.csv
1843,0,0,0,2h.csv
1843,0,0,0,2i.csv
1843,0,0,0,2j.csv
1843,0,0,0,2k.csv
1843,2,2,0,2l.csv
1843,5,3,2,3a.csv
1843,8,3,5,3b.csv
1843,3,2,1,3c.csv
1843,3,2,1,3d.csv
1843,2,2,0,3e.csv
1843,3,3,0,3f.csv
1843,8,6,2,3g.csv
1844,4,3,1,1a.csv
1844,1,0,1,1b.csv
1844,1,1,0,1c.csv
1844,1,1,0,1e.csv
1844,0,0,0,1f.csv
1844,0,0,0,1g.csv
1844,0,0,0,1h.csv
1844,0,0,0,1i.csv
1844,2,2,0,1j.csv
1844,0,0,0,1k.csv
1844,2,2,0,1l.csv
1844,0,0,0,1m.csv
1844,3,2,1,2a.csv
1844,2,1,1,2b.csv
1844,1,1,0,2c.csv
1844,3,3,0,2d.csv
1844,0,0,0,2e.csv
1844,0,0,0,2f.csv
1844,0,0,0,2g.csv
1844,0,0,0,2h.csv
1844,0,0,0,2i.csv
1844,0,0,0,2j.csv
1844,0,0,0,2k.csv
1844,3,3,0,2l.csv
1844,6,3,3,3a.csv
1844,6,2,4,3b.csv
1844,4,2,2,3c.csv
1844,4,2,2,3d.csv
1844,2,2,0,3e.csv
1844,2,2,0,3f.csv
1844,8,6,2,3g.csv
1845,4,3,1,1a.csv
1845,1,0,1,1b.csv
1845,1,1,0,1c.csv
1845,1,1,0,1e.csv
1845,0,0,0,1f.csv
1845,0,0,0,1g.csv
1845,0,0,0,1h.csv
1845,0,0,0,1i.csv
1845,0,0,0,1j.csv
1845,0,0,0,1k.csv
1845,2,2,0,1l.csv
1845,0,0,0,1m.csv
1845,4,3,1,2a.csv
1845,2,1,1,2b.csv
1845,1,1,0,2c.csv
1845,2,2,0,2d.csv
1845,0,0,0,2e.csv
1845,0,0,0,2f.csv
1845,0,0,0,2g.csv
1845,0,0,0,2h.csv
1845,0,0,0,2i.csv
1845,0,0,0,2j.csv
1845,0,0,0,2k.csv
1845,2,2,0,2l.csv
1845,7,4,3,3a.csv
1845,4,1,3,3b.csv
1845,3,2,1,3c.csv
1845,3,2,1,3d.csv
1845,2,2,0,3e.csv
1845,2,2,0,3f.csv
1845,7,5,2,3g.csv
1846,4,3,1,1a.csv
1846,1,0,1,1b.csv
1846,1,1,0,1c.csv
1846,0,0,0,1e.csv
1846,1,1,0,1f.csv
1846,0,0,0,1g.csv
1846,0,0,0,1h.csv
1846,0,0,0,1i.csv
1846,0,0,0,1j.csv
1846,0,0,0,1k.csv
1846,1,1,0,1l.csv
1846,0,0,0,1m.csv
1846,4,3,1,2a.csv
1846,2,1,1,2b.csv
1846,1,1,0,2c.csv
1846,2,2,0,2d.csv
1846,0,0,0,2e.csv
1846,0,0,0,2f.csv
1846,0,0,0,2g.csv
1846,0,0,0,2h.csv
1846,0,0,0,2i.csv
1846,0,0,0,2j.csv
1846,0,0,0,2k.csv
1846,3,3,0,2l.csv
1846,7,4,3,3a.csv
1846,4,2,2,3b.csv
1846,3,1,2,3c.csv
1846,3,1,2,3d.csv
1846,2,2,0,3e.csv
1846,2,2,0,3f.csv
1846,5,4,1,3g.csv
1847,4,4,0,1a.csv
1847,1,0,1,1b.csv
1847,1,1,0,1c.csv
1847,0,0,0,1e.csv
1847,1,1,0,1f.csv
1847,0,0,0,1g.csv
1847,0,0,0,1h.csv
1847,0,0,0,1i.csv
1847,0,0,0,1j.csv
1847,0,0,0,1k.csv
1847,1,1,0,1l.csv
1847,0,0,0,1m.csv
1847,2,2,0,2a.csv
1847,1,0,1,2b.csv
1847,1,1,0,2c.csv
1847,2,2,0,2d.csv
1847,0,0,0,2e.csv
1847,0,0,0,2f.csv
1847,0,0,0,2g.csv
1847,0,0,0,2h.csv
1847,0,0,0,2i.csv
1847,0,0,0,2j.csv
1847,0,0,0,2k.csv
1847,3,3,0,2l.csv
1847,8,4,4,3a.csv
1847,5,3,2,3b.csv
1847,3,1,2,3c.csv
1847,3,1,2,3d.csv
1847,1,1,0,3e.csv
1847,3,3,0,3f.csv
1847,4,3,1,3g.csv
1848,4,4,0,1a.csv
1848,1,0,1,1b.csv
1848,2,2,0,1c.csv
1848,0,0,0,1e.csv
1848,1,1,0,1f.csv
1848,0,0,0,1g.csv
1848,0,0,0,1h.csv
1848,0,0,0,1i.csv
1848,0,0,0,1j.csv
1848,0,0,0,1k.csv
1848,1,1,0,1l.csv
1848,0,0,0,1m.csv
1848,2,2,0,2a.csv
1848,1,0,1,2b.csv
1848,1,1,0,2c.csv
1848,2,2,0,2d.csv
1848,0,0,0,2e.csv
1848,0,0,0,2f.csv
1848,0,0,0,2g.csv
1848,0,0,0,2h.csv
1848,0,0,0,2i.csv
1848,0,0,0,2j.csv
1848,0,0,0,2k.csv
1848,3,3,0,2l.csv
1848,7,4,3,3a.csv
1848,4,2,2,3b.csv
1848,3,1,2,3c.csv
1848,3,1,2,3d.csv
1848,0,0,0,3e.csv
1848,2,2,0,3f.csv
1848,5,3,2,3g.csv
1849,5,5,0,1a.csv
1849,1,0,1,1b.csv
1849,1,1,0,1c.csv
1849,0,0,0,1e.csv
1849,1,1,0,1f.csv
1849,0,0,0,1g.csv
1849,0,0,0,1h.csv
1849,0,0,0,1i.csv
1849,0,0,0,1j.csv
1849,1,1,0,1k.csv
1849,1,1,0,1l.csv
1849,0,0,0,1m.csv
1849,2,2,0,2a.csv
1849,2,1,1,2b.csv
1849,0,0,0,2c.csv
1849,2,2,0,2d.csv
1849,0,0,0,2e.csv
1849,0,0,0,2f.csv
1849,0,0,0,2g.csv
1849,0,0,0,2h.csv
1849,0,0,0,2i.csv
1849,0,0,0,2j.csv
1849,0,0,0,2k.csv
1849,3,3,0,2l.csv
1849,7,5,2,3a.csv
1849,2,2,0,3b.csv
1849,3,1,2,3c.csv
1849,3,1,2,3d.csv
1849,0,0,0,3e.csv
1849,2,2,0,3f.csv
1849,4,3,1,3g.csv
1850,7,6,1,1a.csv
1850,1,0,1,1b.csv
1850,1,1,0,1c.csv
1850,0,0,0,1e.csv
1850,2,1,1,1f.csv
1850,1,0,1,1g.csv
1850,0,0,0,1h.csv
1850,0,0,0,1i.csv
1850,0,0,0,1j.csv
1850,1,1,0,1k.csv
1850,2,2,0,1l.csv
1850,0,0,0,1m.csv
1850,2,2,0,2a.csv
1850,2,1,1,2b.csv
1850,0,0,0,2c.csv
1850,2,2,0,2d.csv
1850,0,0,0,2e.csv
1850,0,0,0,2f.csv
1850,1,0,1,2g.csv
1850,0,0,0,2h.csv
1850,0,0,0,2i.csv
1850,0,0,0,2j.csv
1850,0,0,0,2k.csv
1850,3,3,0,2l.csv
1850,7,5,2,3a.csv
1850,2,2,0,3b.csv
1850,4,2,2,3c.csv
1850,4,2,2,3d.csv
1850,0,0,0,3e.csv
1850,2,2,0,3f.csv
1850,3,2,1,3g.csv
1851,7,6,1,1a.csv
1851,1,0,1,1b.csv
1851,1,1,0,1c.csv
1851,0,0,0,1e.csv
1851,3,2,1,1f.csv
1851,1,0,1,1g.csv
1851,0,0,0,1h.csv
1851,0,0,0,1i.csv
1851,0,0,0,1j.csv
1851,1,1,0,1k.csv
1851,1,1,0,1l.csv
1851,0,0,0,1m.csv
1851,2,1,1,2a.csv
1851,2,1,1,2b.csv
1851,0,0,0,2c.csv
1851,1,1,0,2d.csv
1851,0,0,0,2e.csv
1851,0,0,0,2f.csv
1851,1,0,1,2g.csv
1851,0,0,0,2h.csv
1851,0,0,0,2i.csv
1851,0,0,0,2j.csv
1851,0,0,0,2k.csv
1851,3,3,0,2l.csv
1851,6,4,2,3a.csv
1851,2,2,0,3b.csv
1851,4,2,2,3c.csv
1851,4,2,2,3d.csv
1851,0,0,0,3e.csv
1851,1,1,0,3f.csv
1851,3,2,1,3g.csv
1852,8,6,2,1a.csv
1852,1,0,1,1b.csv
1852,1,1,0,1c.csv
1852,0,0,0,1e.csv
1852,3,2,1,1f.csv
1852,1,0,1,1g.csv
1852,0,0,0,1h.csv
1852,0,0,0,1i.csv
1852,0,0,0,1j.csv
1852,1,1,0,1k.csv
1852,1,1,0,1l.csv
1852,0,0,0,1m.csv
1852,2,1,1,2a.csv
1852,1,1,0,2b.csv
1852,0,0,0,2c.csv
1852,1,1,0,2d.csv
1852,0,0,0,2e.csv
1852,0,0,0,2f.csv
1852,1,0,1,2g.csv
1852,0,0,0,2h.csv
1852,0,0,0,2i.csv
1852,0,0,0,2j.csv
1852,0,0,0,2k.csv
1852,2,2,0,2l.csv
1852,5,4,1,3a.csv
1852,2,2,0,3b.csv
1852,4,2,2,3c.csv
1852,4,2,2,3d.csv
1852,0,0,0,3e.csv
1852,2,2,0,3f.csv
1852,2,1,1,3g.csv
1853,8,6,2,1a.csv
1853,1,0,1,1b.csv
1853,1,1,0,1c.csv
1853,0,0,0,1e.csv
1853,4,3,1,1f.csv
1853,1,0,1,1g.csv
1853,0,0,0,1h.csv
1853,0,0,0,1i.csv
1853,0,0,0,1j.csv
1853,1,1,0,1k.csv
1853,1,1,0,1l.csv
1853,0,0,0,1m.csv
1853,1,0,1,2a.csv
1853,2,2,0,2b.csv
1853,0,0,0,2c.csv
1853,1,1,0,2d.csv
1853,0,0,0,2e.csv
1853,0,0,0,2f.csv
1853,1,0,1,2g.csv
1853,0,0,0,2h.csv
1853,0,0,0,2i.csv
1853,0,0,0,2j.csv
1853,0,0,0,2k.csv
1853,2,2,0,2l.csv
1853,5,4,1,3a.csv
1853,2,2,0,3b.csv
1853,5,3,2,3c.csv
1853,5,3,2,3d.csv
1853,1,1,0,3e.csv
1853,2,2,0,3f.csv
1853,3,2,1,3g.csv
1854,8,6,2,1a.csv
1854,1,0,1,1b.csv
1854,1,1,0,1c.csv
1854,0,0,0,1e.csv
1854,3,2,1,1f.csv
1854,1,0,1,1g.csv
1854,0,0,0,1h.csv
1854,0,0,0,1i.csv
1854,0,0,0,1j.csv
1854,1,1,0,1k.csv
1854,1,1,0,1l.csv
1854,0,0,0,1m.csv
1854,1,0,1,2a.csv
1854,2,2,0,2b.csv
1854,0,0,0,2c.csv
1854,1,1,0,2d.csv
1854,0,0,0,2e.csv
1854,0,0,0,2f.csv
1854,1,0,1,2g.csv
1854,0,0,0,2h.csv
1854,0,0,0,2i.csv
1854,0,0,0,2j.csv
1854,0,0,0,2k.csv
1854,1,1,0,2l.csv
1854,5,4,1,3a.csv
1854,1,1,0,3b.csv
1854,6,3,3,3c.csv
1854,6,3,3,3d.csv
1854,1,1,0,3e.csv
1854,2,2,0,3f.csv
1854,2,1,1,3g.csv
1855,7,5,2,1a.csv
1855,1,0,1,1b.csv
1855,1,1,0,1c.csv
1855,0,0,0,1e.csv
1855,3,2,1,1f.csv
1855,1,0,1,1g.csv
1855,0,0,0,1h.csv
1855,0,0,0,1i.csv
1855,0,0,0,1j.csv
1855,1,1,0,1k.csv
1855,1,1,0,1l.csv
1855,0,0,0,1m.csv
1855,2,1,1,2a.csv
1855,2,2,0,2b.csv
1855,0,0,0,2c.csv
1855,0,0,0,2d.csv
1855,0,0,0,2e.csv
1855,0,0,0,2f.csv
1855,1,0,1,2g.csv
1855,0,0,0,2h.csv
1855,0,0,0,2i.csv
1855,1,1,0,2j.csv
1855,0,0,0,2k.csv
1855,1,1,0,2l.csv
1855,4,4,0,3a.csv
1855,0,0,0,3b.csv
1855,6,3,3,3c.csv
1855,6,3,3,3d.csv
1855,2,1,1,3e.csv
1855,2,2,0,3f.csv
1855,2,1,1,3g.csv
1856,9,5,4,1a.csv
1856,1,0,1,1b.csv
1856,1,1,0,1c.csv
1856,0,0,0,1e.csv
1856,4,3,1,1f.csv
1856,1,0,1,1g.csv
1856,0,0,0,1h.csv
1856,0,0,0,1i.csv
1856,0,0,0,1j.csv
1856,1,1,0,1k.csv
1856,1,1,0,1l.csv
1856,0,0,0,1m.csv
1856,2,1,1,2a.csv
1856,2,2,0,2b.csv
1856,0,0,0,2c.csv
1856,0,0,0,2d.csv
1856,0,0,0,2e.csv
1856,0,0,0,2f.csv
1856,1,0,1,2g.csv
1856,0,0,0,2h.csv
1856,0,0,0,2i.csv
1856,1,1,0,2j.csv
1856,0,0,0,2k.csv
1856,0,0,0,2l.csv
1856,5,3,2,3a.csv
1856,0,0,0,3b.csv
1856,6,3,3,3c.csv
1856,6,3,3,3d.csv
1856,2,1,1,3e.csv
1856,2,2,0,3f.csv
1856,1,1,0,3g.csv
1857,9,5,4,1a.csv
1857,2,1,1,1b.csv
1857,2,2,0,1c.csv
1857,0,0,0,1e.csv
1857,4,3,1,1f.csv
1857,1,0,1,1g.csv
1857,0,0,0,1h.csv
1857,1,1,0,1i.csv
1857,0,0,0,1j.csv
1857,0,0,0,1k.csv
1857,1,1,0,1l.csv
1857,0,0,0,1m.csv
1857,2,1,1,2a.csv
1857,2,2,0,2b.csv
1857,0,0,0,2c.csv
1857,0,0,0,2d.csv
1857,1,1,0,2e.csv
1857,0,0,0,2f.csv
1857,1,0,1,2g.csv
1857,0,0,0,2h.csv
1857,0,0,0,2i.csv
1857,1,1,0,2j.csv
1857,0,0,0,2k.csv
1857,0,0,0,2l.csv
1857,4,2,2,3a.csv
1857,0,0,0,3b.csv
1857,7,4,3,3c.csv
1857,7,4,3,3d.csv
1857,2,1,1,3e.csv
1857,2,2,0,3f.csv
1857,1,1,0,3g.csv
1858,6,3,3,1a.csv
1858,1,1,0,1b.csv
1858,2,2,0,1c.csv
1858,0,0,0,1e.csv
1858,3,3,0,1f.csv
1858,0,0,0,1g.csv
1858,0,0,0,1h.csv
1858,3,3,0,1i.csv
1858,0,0,0,1j.csv
1858,0,0,0,1k.csv
1858,0,0,0,1l.csv
1858,0,0,0,1m.csv
1858,6,4,2,2a.csv
1858,2,2,0,2b.csv
1858,0,0,0,2c.csv
1858,0,0,0,2d.csv
1858,1,1,0,2e.csv
1858,0,0,0,2f.csv
1858,0,0,0,2g.csv
1858,0,0,0,2h.csv
1858,0,0,0,2i.csv
1858,1,1,0,2j.csv
1858,0,0,0,2k.csv
1858,0,0,0,2l.csv
1858,4,2,2,3a.csv
1858,1,1,0,3b.csv
1858,6,3,3,3c.csv
1858,6,3,3,3d.csv
1858,2,1,1,3e.csv
1858,3,3,0,3f.csv
1858,1,1,0,3g.csv
1859,5,2,3,1a.csv
1859,1,1,0,1b.csv
1859,3,3,0,1c.csv
1859,0,0,0,1e.csv
1859,2,2,0,1f.csv
1859,0,0,0,1g.csv
1859,0,0,0,1h.csv
1859,3,3,0,1i.csv
1859,0,0,0,1j.csv
1859,0,0,0,1k.csv
1859,0,0,0,1l.csv
1859,0,0,0,1m.csv
1859,5,4,1,2a.csv
1859,2,2,0,2b.csv
1859,0,0,0,2c.csv
1859,0,0,0,2d.csv
1859,1,1,0,2e.csv
1859,0,0,0,2f.csv
1859,0,0,0,2g.csv
1859,0,0,0,2h.csv
1859,0,0,0,2i.csv
1859,1,1,0,2j.csv
1859,0,0,0,2k.csv
1859,0,0,0,2l.csv
1859,6,4,2,3a.csv
1859,1,1,0,3b.csv
1859,7,3,4,3c.csv
1859,7,3,4,3d.csv
1859,2,1,1,3e.csv
1859,4,4,0,3f.csv
1859,1,1,0,3g.csv
1860,5,3,2,1a.csv
1860,1,1,0,1b.csv
1860,5,4,1,1c.csv
1860,1,0,1,1e.csv
1860,2,2,0,1f.csv
1860,1,0,1,1g.csv
1860,0,0,0,1h.csv
1860,3,3,0,1i.csv
1860,0,0,0,1j.csv
1860,0,0,0,1k.csv
1860,0,0,0,1l.csv
1860,0,0,0,1m.csv
1860,5,4,1,2a.csv
1860,3,3,0,2b.csv
1860,0,0,0,2c.csv
1860,0,0,0,2d.csv
1860,1,1,0,2e.csv
1860,0,0,0,2f.csv
1860,0,0,0,2g.csv
1860,0,0,0,2h.csv
1860,0,0,0,2i.csv
1860,1,1,0,2j.csv
1860,0,0,0,2k.csv
1860,0,0,0,2l.csv
1860,5,3,2,3a.csv
1860,1,1,0,3b.csv
1860,6,3,3,3c.csv
1860,6,3,3,3d.csv
1860,2,1,1,3e.csv
1860,3,3,0,3f.csv
1860,1,1,0,3g.csv
1861,9,6,3,1a.csv
1861,1,1,0,1b.csv
1861,6,5,1,1c.csv
1861,1,0,1,1e.csv
1861,1,1,0,1f.csv
1861,1,0,1,1g.csv
1861,0,0,0,1h.csv
1861,3,3,0,1i.csv
1861,0,0,0,1j.csv
1861,0,0,0,1k.csv
1861,0,0,0,1l.csv
1861,0,0,0,1m.csv
1861,6,5,1,2a.csv
1861,3,3,0,2b.csv
1861,0,0,0,2c.csv
1861,0,0,0,2d.csv
1861,1,1,0,2e.csv
1861,0,0,0,2f.csv
1861,0,0,0,2g.csv
1861,0,0,0,2h.csv
1861,0,0,0,2i.csv
1861,1,1,0,2j.csv
1861,0,0,0,2k.csv
1861,0,0,0,2l.csv
1861,6,4,2,3a.csv
1861,1,1,0,3b.csv
1861,5,2,3,3c.csv
1861,5,2,3,3d.csv
1861,1,0,1,3e.csv
1861,5,5,0,3f.csv
1861,0,0,0,3g.csv
1862,10,7,3,1a.csv
1862,1,1,0,1b.csv
1862,6,5,1,1c.csv
1862,1,0,1,1e.csv
1862,1,1,0,1f.csv
1862,1,0,1,1g.csv
1862,1,1,0,1h.csv
1862,3,3,0,1i.csv
1862,0,0,0,1j.csv
1862,0,0,0,1k.csv
1862,1,1,0,1l.csv
1862,0,0,0,1m.csv
1862,6,5,1,2a.csv
1862,3,3,0,2b.csv
1862,0,0,0,2c.csv
1862,0,0,0,2d.csv
1862,1,1,0,2e.csv
1862,0,0,0,2f.csv
1862,0,0,0,2g.csv
1862,0,0,0,2h.csv
1862,0,0,0,2i.csv
1862,1,1,0,2j.csv
1862,0,0,0,2k.csv
1862,0,0,0,2l.csv
1862,7,5,2,3a.csv
1862,1,1,0,3b.csv
1862,3,2,1,3c.csv
1862,3,2,1,3d.csv
1862,2,1,1,3e.csv
1862,5,5,0,3f.csv
1862,0,0,0,3g.csv
1863,9,6,3,1a.csv
1863,2,2,0,1b.csv
1863,6,5,1,1c.csv
1863,1,0,1,1e.csv
1863,1,1,0,1f.csv
1863,1,0,1,1g.csv
1863,1,1,0,1h.csv
1863,3,3,0,1i.csv
1863,0,0,0,1j.csv
1863,0,0,0,1k.csv
1863,1,1,0,1l.csv
1863,0,0,0,1m.csv
1863,6,5,1,2a.csv
1863,4,4,0,2b.csv
1863,0,0,0,2c.csv
1863,1,1,0,2d.csv
1863,1,1,0,2e.csv
1863,0,0,0,2f.csv
1863,0,0,0,2g.csv
1863,0,0,0,2h.csv
1863,0,0,0,2i.csv
1863,0,0,0,2j.csv
1863,0,0,0,2k.csv
1863,0,0,0,2l.csv
1863,7,5,2,3a.csv
1863,1,1,0,3b.csv
1863,3,2,1,3c.csv
1863,3,2,1,3d.csv
1863,2,2,0,3e.csv
1863,5,4,1,3f.csv
1863,0,0,0,3g.csv
1864,8,6,2,1a.csv
1864,2,2,0,1b.csv
1864,5,4,1,1c.csv
1864,1,0,1,1e.csv
1864,0,0,0,1f.csv
1864,1,0,1,1g.csv
1864,1,1,0,1h.csv
1864,3,3,0,1i.csv
1864,0,0,0,1j.csv
1864,0,0,0,1k.csv
1864,2,2,0,1l.csv
1864,0,0,0,1m.csv
1864,6,5,1,2a.csv
1864,4,4,0,2b.csv
1864,0,0,0,2c.csv
1864,1,1,0,2d.csv
1864,1,1,0,2e.csv
1864,0,0,0,2f.csv
1864,0,0,0,2g.csv
1864,0,0,0,2h.csv
1864,0,0,0,2i.csv
1864,0,0,0,2j.csv
1864,0,0,0,2k.csv
1864,0,0,0,2l.csv
1864,7,7,0,3a.csv
1864,1,1,0,3b.csv
1864,3,2,1,3c.csv
1864,3,2,1,3d.csv
1864,2,2,0,3e.csv
1864,5,4,1,3f.csv
1864,0,0,0,3g.csv
1865,8,5,3,1a.csv
1865,1,1,0,1b.csv
1865,6,5,1,1c.csv
1865,1,0,1,1e.csv
1865,0,0,0,1f.csv
1865,2,1,1,1g.csv
1865,1,1,0,1h.csv
1865,2,2,0,1i.csv
1865,0,0,0,1j.csv
1865,0,0,0,1k.csv
1865,2,2,0,1l.csv
1865,0,0,0,1m.csv
1865,6,5,1,2a.csv
1865,3,3,0,2b.csv
1865,0,0,0,2c.csv
1865,1,1,0,2d.csv
1865,0,0,0,2e.csv
1865,0,0,0,2f.csv
1865,0,0,0,2g.csv
1865,0,0,0,2h.csv
1865,0,0,0,2i.csv
1865,0,0,0,2j.csv
1865,0,0,0,2k.csv
1865,1,1,0,2l.csv
1865,7,7,0,3a.csv
1865,1,1,0,3b.csv
1865,2,0,2,3c.csv
1865,2,0,2,3d.csv
1865,2,2,0,3e.csv
1865,5,4,1,3f.csv
1865,0,0,0,3g.csv
1866,11,7,4,1a.csv
1866,1,1,0,1b.csv
1866,8,6,2,1c.csv
1866,1,0,1,1e.csv
1866,0,0,0,1f.csv
1866,2,1,1,1g.csv
1866,1,1,0,1h.csv
1866,0,0,0,1i.csv
1866,0,0,0,1j.csv
1866,0,0,0,1k.csv
1866,2,2,0,1l.csv
1866,0,0,0,1m.csv
1866,2,2,0,2a.csv
1866,3,3,0,2b.csv
1866,0,0,0,2c.csv
1866,1,1,0,2d.csv
1866,0,0,0,2e.csv
1866,0,0,0,2f.csv
1866,1,1,0,2g.csv
1866,0,0,0,2h.csv
1866,0,0,0,2i.csv
1866,0,0,0,2j.csv
1866,0,0,0,2k.csv
1866,1,1,0,2l.csv
1866,9,9,0,3a.csv
1866,0,0,0,3b.csv
1866,3,1,2,3c.csv
1866,3,1,2,3d.csv
1866,2,2,0,3e.csv
1866,4,3,1,3f.csv
1866,0,0,0,3g.csv
1867,13,9,4,1a.csv
1867,2,2,0,1b.csv
1867,7,5,2,1c.csv
1867,1,0,1,1e.csv
1867,0,0,0,1f.csv
1867,2,1,1,1g.csv
1867,1,1,0,1h.csv
1867,0,0,0,1i.csv
1867,0,0,0,1j.csv
1867,0,0,0,1k.csv
1867,2,2,0,1l.csv
1867,0,0,0,1m.csv
1867,3,3,0,2a.csv
1867,4,4,0,2b.csv
1867,0,0,0,2c.csv
1867,1,1,0,2d.csv
1867,0,0,0,2e.csv
1867,0,0,0,2f.csv
1867,1,1,0,2g.csv
1867,0,0,0,2h.csv
1867,0,0,0,2i.csv
1867,0,0,0,2j.csv
1867,0,0,0,2k.csv
1867,1,1,0,2l.csv
1867,7,7,0,3a.csv
1867,0,0,0,3b.csv
1867,2,1,1,3c.csv
1867,2,1,1,3d.csv
1867,2,2,0,3e.csv
1867,3,2,1,3f.csv
1867,0,0,0,3g.csv
1868,13,9,4,1a.csv
1868,2,2,0,1b.csv
1868,6,5,1,1c.csv
1868,0,0,0,1e.csv
1868,0,0,0,1f.csv
1868,1,1,0,1g.csv
1868,2,2,0,1h.csv
1868,0,0,0,1i.csv
1868,0,0,0,1j.csv
1868,0,0,0,1k.csv
1868,2,2,0,1l.csv
1868,0,0,0,1m.csv
1868,4,4,0,2a.csv
1868,3,3,0,2b.csv
1868,0,0,0,2c.csv
1868,1,1,0,2d.csv
1868,0,0,0,2e.csv
1868,0,0,0,2f.csv
1868,1,1,0,2g.csv
1868,0,0,0,2h.csv
1868,0,0,0,2i.csv
1868,0,0,0,2j.csv
1868,0,0,0,2k.csv
1868,2,2,0,2l.csv
1868,11,11,0,3a.csv
1868,0,0,0,3b.csv
1868,2,1,1,3c.csv
1868,2,1,1,3d.csv
1868,4,3,1,3e.csv
1868,3,2,1,3f.csv
1868,0,0,0,3g.csv
1869,10,6,4,1a.csv
1869,2,2,0,1b.csv
1869,6,5,1,1c.csv
1869,0,0,0,1e.csv
1869,1,1,0,1f.csv
1869,2,1,1,1g.csv
1869,2,2,0,1h.csv
1869,1,1,0,1i.csv
1869,0,0,0,1j.csv
1869,0,0,0,1k.csv
1869,2,2,0,1l.csv
1869,0,0,0,1m.csv
1869,3,3,0,2a.csv
1869,2,2,0,2b.csv
1869,0,0,0,2c.csv
1869,1,1,0,2d.csv
1869,0,0,0,2e.csv
1869,0,0,0,2f.csv
1869,1,1,0,2g.csv
1869,0,0,0,2h.csv
1869,0,0,0,2i.csv
1869,0,0,0,2j.csv
1869,0,0,0,2k.csv
1869,2,2,0,2l.csv
1869,10,10,0,3a.csv
1869,1,1,0,3b.csv
1869,2,1,1,3c.csv
1869,2,1,1,3d.csv
1869,5,3,2,3e.csv
1869,1,0,1,3f.csv
1869,0,0,0,3g.csv
1870,9,5,4,1a.csv
1870,2,2,0,1b.csv
1870,6,5,1,1c.csv
1870,0,0,0,1e.csv
1870,1,1,0,1f.csv
1870,2,1,1,1g.csv
1870,1,1,0,1h.csv
1870,1,1,0,1i.csv
1870,0,0,0,1j.csv
1870,0,0,0,1k.csv
1870,2,2,0,1l.csv
1870,0,0,0,1m.csv
1870,3,3,0,2a.csv
1870,3,3,0,2b.csv
1870,0,0,0,2c.csv
1870,1,1,0,2d.csv
1870,0,0,0,2e.csv
1870,0,0,0,2f.csv
1870,1,1,0,2g.csv
1870,0,0,0,2h.csv
1870,0,0,0,2i.csv
1870,0,0,0,2j.csv
1870,0,0,0,2k.csv
1870,2,2,0,2l.csv
1870,10,9,1,3a.csv
1870,1,1,0,3b.csv
1870,3,1,2,3c.csv
1870,3,1,2,3d.csv
1870,4,2,2,3e.csv
1870,1,0,1,3f.csv
1870,0,0,0,3g.csv
1871,13,8,5,1a.csv
1871,1,1,0,1b.csv
1871,6,5,1,1c.csv
1871,0,0,0,1e.csv
1871,1,1,0,1f.csv
1871,2,1,1,1g.csv
1871,1,1,0,1h.csv
1871,1,1,0,1i.csv
1871,0,0,0,1j.csv
1871,0,0,0,1k.csv
1871,2,2,0,1l.csv
1871,0,0,0,1m.csv
1871,2,2,0,2a.csv
1871,2,2,0,2b.csv
1871,1,1,0,2c.csv
1871,0,0,0,2d.csv
1871,0,0,0,2e.csv
1871,0,0,0,2f.csv
1871,1,1,0,2g.csv
1871,0,0,0,2h.csv
1871,0,0,0,2i.csv
1871,0,0,0,2j.csv
1871,0,0,0,2k.csv
1871,2,2,0,2l.csv
1871,11,10,1,3a.csv
1871,1,1,0,3b.csv
1871,3,1,2,3c.csv
1871,3,1,2,3d.csv
1871,5,1,4,3e.csv
1871,1,1,0,3f.csv
1871,0,0,0,3g.csv
1872,13,9,4,1a.csv
1872,1,1,0,1b.csv
1872,6,5,1,1c.csv
1872,0,0,0,1e.csv
1872,1,1,0,1f.csv
1872,2,1,1,1g.csv
1872,2,2,0,1h.csv
1872,1,1,0,1i.csv
1872,0,0,0,1j.csv
1872,0,0,0,1k.csv
1872,1,1,0,1l.csv
1872,0,0,0,1m.csv
1872,2,2,0,2a.csv
1872,2,2,0,2b.csv
1872,1,1,0,2c.csv
1872,0,0,0,2d.csv
1872,0,0,0,2e.csv
1872,0,0,0,2f.csv
1872,2,2,0,2g.csv
1872,0,0,0,2h.csv
1872,1,1,0,2i.csv
1872,0,0,0,2j.csv
1872,0,0,0,2k.csv
1872,2,2,0,2l.csv
1872,11,9,2,3a.csv
1872,2,2,0,3b.csv
1872,3,1,2,3c.csv
1872,3,1,2,3d.csv
1872,6,2,4,3e.csv
1872,2,1,1,3f.csv
1872,0,0,0,3g.csv
1873,13,9,4,1a.csv
1873,1,1,0,1b.csv
1873,5,3,2,1c.csv
1873,0,0,0,1e.csv
1873,1,1,0,1f.csv
1873,1,0,1,1g.csv
1873,2,2,0,1h.csv
1873,1,1,0,1i.csv
1873,0,0,0,1j.csv
1873,0,0,0,1k.csv
1873,1,1,0,1l.csv
1873,0,0,0,1m.csv
1873,3,3,0,2a.csv
1873,2,2,0,2b.csv
1873,1,1,0,2c.csv
1873,0,0,0,2d.csv
1873,0,0,0,2e.csv
1873,0,0,0,2f.csv
1873,2,2,0,2g.csv
1873,0,0,0,2h.csv
1873,1,1,0,2i.csv
1873,0,0,0,2j.csv
1873,0,0,0,2k.csv
1873,1,1,0,2l.csv
1873,13,10,3,3a.csv
1873,3,3,0,3b.csv
1873,2,1,1,3c.csv
1873,2,1,1,3d.csv
1873,7,3,4,3e.csv
1873,2,1,1,3f.csv
1873,0,0,0,3g.csv
1874,12,9,3,1a.csv
1874,1,1,0,1b.csv
1874,3,2,1,1c.csv
1874,0,0,0,1e.csv
1874,1,1,0,1f.csv
1874,1,0,1,1g.csv
1874,3,3,0,1h.csv
1874,1,1,0,1i.csv
1874,0,0,0,1j.csv
1874,0,0,0,1k.csv
1874,1,1,0,1l.csv
1874,0,0,0,1m.csv
1874,4,4,0,2a.csv
1874,2,2,0,2b.csv
1874,1,1,0,2c.csv
1874,0,0,0,2d.csv
1874,0,0,0,2e.csv
1874,0,0,0,2f.csv
1874,1,1,0,2g.csv
1874,0,0,0,2h.csv
1874,1,1,0,2i.csv
1874,0,0,0,2j.csv
1874,1,0,1,2k.csv
1874,1,1,0,2l.csv
1874,12,9,3,3a.csv
1874,3,3,0,3b.csv
1874,1,0,1,3c.csv
1874,1,0,1,3d.csv
1874,7,3,4,3e.csv
1874,2,1,1,3f.csv
1874,0,0,0,3g.csv
1875,10,7,3,1a.csv
1875,1,1,0,1b.csv
1875,4,2,2,1c.csv
1875,0,0,0,1e.csv
1875,1,1,0,1f.csv
1875,1,0,1,1g.csv
1875,3,3,0,1h.csv
1875,1,1,0,1i.csv
1875,0,0,0,1j.csv
1875,0,0,0,1k.csv
1875,2,2,0,1l.csv
1875,0,0,0,1m.csv
1875,3,3,0,2a.csv
1875,2,1,1,2b.csv
1875,1,1,0,2c.csv
1875,0,0,0,2d.csv
1875,0,0,0,2e.csv
1875,0,0,0,2f.csv
1875,2,2,0,2g.csv
1875,0,0,0,2h.csv
1875,1,1,0,2i.csv
1875,0,0,0,2j.csv
1875,1,0,1,2k.csv
1875,1,1,0,2l.csv
1875,12,9,3,3a.csv
1875,3,3,0,3b.csv
1875,1,0,1,3c.csv
1875,1,0,1,3d.csv
1875,7,3,4,3e.csv
1875,2,1,1,3f.csv
1875,0,0,0,3g.csv
1876,9,6,3,1a.csv
1876,1,1,0,1b.csv
1876,3,1,2,1c.csv
1876,0,0,0,1e.csv
1876,1,1,0,1f.csv
1876,2,1,1,1g.csv
1876,2,2,0,1h.csv
1876,1,1,0,1i.csv
1876,0,0,0,1j.csv
1876,1,1,0,1k.csv
1876,2,2,0,1l.csv
1876,0,0,0,1m.csv
1876,2,2,0,2a.csv
1876,3,1,2,2b.csv
1876,1,1,0,2c.csv
1876,0,0,0,2d.csv
1876,0,0,0,2e.csv
1876,0,0,0,2f.csv
1876,2,2,0,2g.csv
1876,0,0,0,2h.csv
1876,1,1,0,2i.csv
1876,0,0,0,2j.csv
1876,1,0,1,2k.csv
1876,0,0,0,2l.csv
1876,10,6,4,3a.csv
1876,4,4,0,3b.csv
1876,1,0,1,3c.csv
1876,1,0,1,3d.csv
1876,7,3,4,3e.csv
1876,2,1,1,3f.csv
1876,0,0,0,3g.csv
1877,8,6,2,1a.csv
1877,1,1,0,1b.csv
1877,2,0,2,1c.csv
1877,0,0,0,1e.csv
1877,0,0,0,1f.csv
1877,1,1,0,1g.csv
1877,2,2,0,1h.csv
1877,0,0,0,1i.csv
1877,0,0,0,1j.csv
1877,1,1,0,1k.csv
1877,2,2,0,1l.csv
1877,0,0,0,1m.csv
1877,2,2,0,2a.csv
1877,4,2,2,2b.csv
1877,1,1,0,2c.csv
1877,0,0,0,2d.csv
1877,0,0,0,2e.csv
1877,0,0,0,2f.csv
1877,3,3,0,2g.csv
1877,1,1,0,2h.csv
1877,1,1,0,2i.csv
1877,0,0,0,2j.csv
1877,1,0,1,2k.csv
1877,0,0,0,2l.csv
1877,9,5,4,3a.csv
1877,3,3,0,3b.csv
1877,1,0,1,3c.csv
1877,1,0,1,3d.csv
1877,7,3,4,3e.csv
1877,2,1,1,3f.csv
1877,0,0,0,3g.csv
1878,9,7,2,1a.csv
1878,1,1,0,1b.csv
1878,2,0,2,1c.csv
1878,0,0,0,1e.csv
1878,0,0,0,1f.csv
1878,1,1,0,1g.csv
1878,3,3,0,1h.csv
1878,0,0,0,1i.csv
1878,0,0,0,1j.csv
1878,1,1,0,1k.csv
1878,1,1,0,1l.csv
1878,0,0,0,1m.csv
1878,2,2,0,2a.csv
1878,3,1,2,2b.csv
1878,1,1,0,2c.csv
1878,0,0,0,2d.csv
1878,0,0,0,2e.csv
1878,0,0,0,2f.csv
1878,5,3,2,2g.csv
1878,1,1,0,2h.csv
1878,1,1,0,2i.csv
1878,0,0,0,2j.csv
1878,1,0,1,2k.csv
1878,0,0,0,2l.csv
1878,8,5,3,3a.csv
1878,4,4,0,3b.csv
1878,0,0,0,3c.csv
1878,0,0,0,3d.csv
1878,9,5,4,3e.csv
1878,2,1,1,3f.csv
1878,0,0,0,3g.csv
1879,5,4,1,1a.csv
1879,1,1,0,1b.csv
1879,2,0,2,1c.csv
1879,0,0,0,1e.csv
1879,1,1,0,1f.csv
1879,1,1,0,1g.csv
1879,3,3,0,1h.csv
1879,0,0,0,1i.csv
1879,0,0,0,1j.csv
1879,1,1,0,1k.csv
1879,1,1,0,1l.csv
1879,0,0,0,1m.csv
1879,2,2,0,2a.csv
1879,3,1,2,2b.csv
1879,0,0,0,2c.csv
1879,0,0,0,2d.csv
1879,0,0,0,2e.csv
1879,0,0,0,2f.csv
1879,5,3,2,2g.csv
1879,1,1,0,2h.csv
1879,1,1,0,2i.csv
1879,0,0,0,2j.csv
1879,1,0,1,2k.csv
1879,0,0,0,2l.csv
1879,9,6,3,3a.csv
1879,4,4,0,3b.csv
1879,0,0,0,3c.csv
1879,0,0,0,3d.csv
1879,8,6,2,3e.csv
1879,1,0,1,3f.csv
1879,0,0,0,3g.csv
1880,5,4,1,1a.csv
1880,1,1,0,1b.csv
1880,2,0,2,1c.csv
1880,0,0,0,1e.csv
1880,1,1,0,1f.csv
1880,1,1,0,1g.csv
1880,3,3,0,1h.csv
1880,0,0,0,1i.csv
1880,0,0,0,1j.csv
1880,1,1,0,1k.csv
1880,1,1,0,1l.csv
1880,0,0,0,1m.csv
1880,3,3,0,2a.csv
1880,3,1,2,2b.csv
1880,0,0,0,2c.csv
1880,0,0,0,2d.csv
1880,0,0,0,2e.csv
1880,0,0,0,2f.csv
1880,4,2,2,2g.csv
1880,1,1,0,2h.csv
1880,0,0,0,2i.csv
1880,0,0,0,2j.csv
1880,1,0,1,2k.csv
1880,0,0,0,2l.csv
1880,10,8,2,3a.csv
1880,3,3,0,3b.csv
1880,0,0,0,3c.csv
1880,0,0,0,3d.csv
1880,9,7,2,3e.csv
1880,1,1,0,3f.csv
1880,1,1,0,3g.csv
1881,5,5,0,1a.csv
1881,1,1,0,1b.csv
1881,1,0,1,1c.csv
1881,0,0,0,1e.csv
1881,1,1,0,1f.csv
1881,1,1,0,1g.csv
1881,4,4,0,1h.csv
1881,0,0,0,1i.csv
1881,0,0,0,1j.csv
1881,1,1,0,1k.csv
1881,1,1,0,1l.csv
1881,0,0,0,1m.csv
1881,2,2,0,2a.csv
1881,3,1,2,2b.csv
1881,0,0,0,2c.csv
1881,0,0,0,2d.csv
1881,1,1,0,2e.csv
1881,0,0,0,2f.csv
1881,5,3,2,2g.csv
1881,1,1,0,2h.csv
1881,0,0,0,2i.csv
1881,0,0,0,2j.csv
1881,1,0,1,2k.csv
1881,0,0,0,2l.csv
1881,8,7,1,3a.csv
1881,2,2,0,3b.csv
1881,0,0,0,3c.csv
1881,0,0,0,3d.csv
1881,9,7,2,3e.csv
1881,1,1,0,3f.csv
1881,1,1,0,3g.csv
1882,4,4,0,1a.csv
1882,2,2,0,1b.csv
1882,2,1,1,1c.csv
1882,0,0,0,1e.csv
1882,1,1,0,1f.csv
1882,1,1,0,1g.csv
1882,4,4,0,1h.csv
1882,1,1,0,1i.csv
1882,0,0,0,1j.csv
1882,1,1,0,1k.csv
1882,1,1,0,1l.csv
1882,0,0,0,1m.csv
1882,1,1,0,2a.csv
1882,3,1,2,2b.csv
1882,0,0,0,2c.csv
1882,0,0,0,2d.csv
1882,1,1,0,2e.csv
1882,0,0,0,2f.csv
1882,6,4,2,2g.csv
1882,1,1,0,2h.csv
1882,0,0,0,2i.csv
1882,0,0,0,2j.csv
1882,0,0,0,2k.csv
1882,0,0,0,2l.csv
1882,11,10,1,3a.csv
1882,3,3,0,3b.csv
1882,0,0,0,3c.csv
1882,0,0,0,3d.csv
1882,9,7,2,3e.csv
1882,1,1,0,3f.csv
1882,1,1,0,3g.csv
1883,5,5,0,1a.csv
1883,1,1,0,1b.csv
1883,1,1,0,1c.csv
1883,0,0,0,1e.csv
1883,2,2,0,1f.csv
1883,2,2,0,1g.csv
1883,4,4,0,1h.csv
1883,1,1,0,1i.csv
1883,0,0,0,1j.csv
1883,1,1,0,1k.csv
1883,0,0,0,1l.csv
1883,0,0,0,1m.csv
1883,1,1,0,2a.csv
1883,2,1,1,2b.csv
1883,0,0,0,2c.csv
1883,0,0,0,2d.csv
1883,1,1,0,2e.csv
1883,0,0,0,2f.csv
1883,5,3,2,2g.csv
1883,1,1,0,2h.csv
1883,0,0,0,2i.csv
1883,0,0,0,2j.csv
1883,0,0,0,2k.csv
1883,0,0,0,2l.csv
1883,17,16,1,3a.csv
1883,3,3,0,3b.csv
1883,0,0,0,3c.csv
1883,0,0,0,3d.csv
1883,10,8,2,3e.csv
1883,2,1,1,3f.csv
1883,3,3,0,3g.csv
1884,5,5,0,1a.csv
1884,1,1,0,1b.csv
1884,1,1,0,1c.csv
1884,0,0,0,1e.csv
1884,2,2,0,1f.csv
1884,2,2,0,1g.csv
1884,4,4,0,1h.csv
1884,1,1,0,1i.csv
1884,0,0,0,1j.csv
1884,0,0,0,1k.csv
1884,0,0,0,1l.csv
1884,0,0,0,1m.csv
1884,2,2,0,2a.csv
1884,1,1,0,2b.csv
1884,0,0,0,2c.csv
1884,0,0,0,2d.csv
1884,1,1,0,2e.csv
1884,0,0,0,2f.csv
1884,5,3,2,2g.csv
1884,1,1,0,2h.csv
1884,0,0,0,2i.csv
1884,0,0,0,2j.csv
1884,0,0,0,2k.csv
1884,0,0,0,2l.csv
1884,20,19,1,3a.csv
1884,2,2,0,3b.csv
1884,0,0,0,3c.csv
1884,0,0,0,3d.csv
1884,10,9,1,3e.csv
1884,2,1,1,3f.csv
1884,3,3,0,3g.csv
1885,7,7,0,1a.csv
1885,1,1,0,1b.csv
1885,1,1,0,1c.csv
1885,0,0,0,1e.csv
1885,2,2,0,1f.csv
1885,2,2,0,1g.csv
1885,4,4,0,1h.csv
1885,1,1,0,1i.csv
1885,0,0,0,1j.csv
1885,0,0,0,1k.csv
1885,0,0,0,1l.csv
1885,1,0,1,1m.csv
1885,2,2,0,2a.csv
1885,0,0,0,2b.csv
1885,0,0,0,2c.csv
1885,0,0,0,2d.csv
1885,1,1,0,2e.csv
1885,0,0,0,2f.csv
1885,4,2,2,2g.csv
1885,0,0,0,2h.csv
1885,0,0,0,2i.csv
1885,0,0,0,2j.csv
1885,0,0,0,2k.csv
1885,0,0,0,2l.csv
1885,25,23,2,3a.csv
1885,2,2,0,3b.csv
1885,0,0,0,3c.csv
1885,0,0,0,3d.csv
1885,9,9,0,3e.csv
1885,2,1,1,3f.csv
1885,4,3,1,3g.csv
1886,10,10,0,1a.csv
1886,1,1,0,1b.csv
1886,1,1,0,1c.csv
1886,0,0,0,1e.csv
1886,2,2,0,1f.csv
1886,2,2,0,1g.csv
1886,3,3,0,1h.csv
1886,1,1,0,1i.csv
1886,0,0,0,1j.csv
1886,0,0,0,1k.csv
1886,0,0,0,1l.csv
1886,1,0,1,1m.csv
1886,4,3,1,2a.csv
1886,0,0,0,2b.csv
1886,0,0,0,2c.csv
1886,0,0,0,2d.csv
1886,1,1,0,2e.csv
1886,0,0,0,2f.csv
1886,2,2,0,2g.csv
1886,0,0,0,2h.csv
1886,0,0,0,2i.csv
1886,0,0,0,2j.csv
1886,0,0,0,2k.csv
1886,0,0,0,2l.csv
1886,35,29,6,3a.csv
1886,1,1,0,3b.csv
1886,0,0,0,3c.csv
1886,0,0,0,3d.csv
1886,8,8,0,3e.csv
1886,2,1,1,3f.csv
1886,5,4,1,3g.csv
1887,11,11,0,1a.csv
1887,1,1,0,1b.csv
1887,1,1,0,1c.csv
1887,0,0,0,1e.csv
1887,1,1,0,1f.csv
1887,2,2,0,1g.csv
1887,3,3,0,1h.csv
1887,1,1,0,1i.csv
1887,0,0,0,1j.csv
1887,0,0,0,1k.csv
1887,0,0,0,1l.csv
1887,1,0,1,1m.csv
1887,4,3,1,2a.csv
1887,1,1,0,2b.csv
1887,0,0,0,2c.csv
1887,0,0,0,2d.csv
1887,1,1,0,2e.csv
1887,0,0,0,2f.csv
1887,2,2,0,2g.csv
1887,0,0,0,2h.csv
1887,0,0,0,2i.csv
1887,0,0,0,2j.csv
1887,0,0,0,2k.csv
1887,1,1,0,2l.csv
1887,41,34,7,3a.csv
1887,1,1,0,3b.csv
1887,1,0,1,3c.csv
1887,1,0,1,3d.csv
1887,8,8,0,3e.csv
1887,4,2,2,3f.csv
1887,6,5,1,3g.csv
1888,10,10,0,1a.csv
1888,1,1,0,1b.csv
1888,1,1,0,1c.csv
1888,0,0,0,1e.csv
1888,1,1,0,1f.csv
1888,3,3,0,1g.csv
1888,2,2,0,1h.csv
1888,1,1,0,1i.csv
1888,0,0,0,1j.csv
1888,0,0,0,1k.csv
1888,0,0,0,1l.csv
1888,1,0,1,1m.csv
1888,3,2,1,2a.csv
1888,1,1,0,2b.csv
1888,0,0,0,2c.csv
1888,0,0,0,2d.csv
1888,1,1,0,2e.csv
1888,0,0,0,2f.csv
1888,2,2,0,2g.csv
1888,0,0,0,2h.csv
1888,1,1,0,2i.csv
1888,0,0,0,2j.csv
1888,0,0,0,2k.csv
1888,2,2,0,2l.csv
1888,43,36,7,3a.csv
1888,2,1,1,3b.csv
1888,1,0,1,3c.csv
1888,1,0,1,3d.csv
1888,6,6,0,3e.csv
1888,4,1,3,3f.csv
1888,6,5,1,3g.csv
1889,9,9,0,1a.csv
1889,1,1,0,1b.csv
1889,2,2,0,1c.csv
1889,0,0,0,1e.csv
1889,1,1,0,1f.csv
1889,3,3,0,1g.csv
1889,1,1,0,1h.csv
1889,1,1,0,1i.csv
1889,1,1,0,1j.csv
1889,0,0,0,1k.csv
1889,0,0,0,1l.csv
1889,1,0,1,1m.csv
1889,3,2,1,2a.csv
1889,1,1,0,2b.csv
1889,0,0,0,2c.csv
1889,0,0,0,2d.csv
1889,0,0,0,2e.csv
1889,0,0,0,2f.csv
1889,1,1,0,2g.csv
1889,0,0,0,2h.csv
1889,1,1,0,2i.csv
1889,0,0,0,2j.csv
1889,0,0,0,2k.csv
1889,2,2,0,2l.csv
1889,50,41,9,3a.csv
1889,2,1,1,3b.csv
1889,1,0,1,3c.csv
1889,1,0,1,3d.csv
1889,5,5,0,3e.csv
1889,4,1,3,3f.csv
1889,7,6,1,3g.csv
1890,10,8,2,1a.csv
1890,0,0,0,1b.csv
1890,1,1,0,1c.csv
1890,0,0,0,1e.csv
1890,1,1,0,1f.csv
1890,3,3,0,1g.csv
1890,0,0,0,1h.csv
1890,0,0,0,1i.csv
1890,1,1,0,1j.csv
1890,0,0,0,1k.csv
1890,0,0,0,1l.csv
1890,1,0,1,1m.csv
1890,3,2,1,2a.csv
1890,1,1,0,2b.csv
1890,0,0,0,2c.csv
1890,0,0,0,2d.csv
1890,0,0,0,2e.csv
1890,0,0,0,2f.csv
1890,0,0,0,2g.csv
1890,0,0,0,2h.csv
1890,1,1,0,2i.csv
1890,0,0,0,2j.csv
1890,0,0,0,2k.csv
1890,2,2,0,2l.csv
1890,48,39,9,3a.csv
1890,1,0,1,3b.csv
1890,1,0,1,3c.csv
1890,1,0,1,3d.csv
1890,5,5,0,3e.csv
1890,4,1,3,3f.csv
1890,8,6,2,3g.csv
1891,9,7,2,1a.csv
1891,0,0,0,1b.csv
1891,2,2,0,1c.csv
1891,0,0,0,1e.csv
1891,0,0,0,1f.csv
1891,2,2,0,1g.csv
1891,0,0,0,1h.csv
1891,0,0,0,1i.csv
1891,1,1,0,1j.csv
1891,0,0,0,1k.csv
1891,0,0,0,1l.csv
1891,2,0,2,1m.csv
1891,3,2,1,2a.csv
1891,1,1,0,2b.csv
1891,0,0,0,2c.csv
1891,0,0,0,2d.csv
1891,0,0,0,2e.csv
1891,0,0,0,2f.csv
1891,0,0,0,2g.csv
1891,0,0,0,2h.csv
1891,1,1,0,2i.csv
1891,0,0,0,2j.csv
1891,0,0,0,2k.csv
1891,2,2,0,2l.csv
1891,43,34,9,3a.csv
1891,2,0,2,3b.csv
1891,1,0,1,3c.csv
1891,1,0,1,3d.csv
1891,6,6,0,3e.csv
1891,4,2,2,3f.csv
1891,6,4,2,3g.csv
1892,13,9,4,1a.csv
1892,1,1,0,1b.csv
1892,2,2,0,1c.csv
1892,0,0,0,1e.csv
1892,0,0,0,1f.csv
1892,1,1,0,1g.csv
1892,0,0,0,1h.csv
1892,0,0,0,1i.csv
1892,1,1,0,1j.csv
1892,0,0,0,1k.csv
1892,0,0,0,1l.csv
1892,2,0,2,1m.csv
1892,2,1,1,2a.csv
1892,1,1,0,2b.csv
1892,0,0,0,2c.csv
1892,0,0,0,2d.csv
1892,0,0,0,2e.csv
1892,0,0,0,2f.csv
1892,0,0,0,2g.csv
1892,0,0,0,2h.csv
1892,1,1,0,2i.csv
1892,0,0,0,2j.csv
1892,0,0,0,2k.csv
1892,3,3,0,2l.csv
1892,41,33,8,3a.csv
1892,2,0,2,3b.csv
1892,1,0,1,3c.csv
1892,1,0,1,3d.csv
1892,6,5,1,3e.csv
1892,6,4,2,3f.csv
1892,6,4,2,3g.csv
1893,11,7,4,1a.csv
1893,2,2,0,1b.csv
1893,2,2,0,1c.csv
1893,0,0,0,1e.csv
1893,0,0,0,1f.csv
1893,1,1,0,1g.csv
1893,0,0,0,1h.csv
1893,0,0,0,1i.csv
1893,1,1,0,1j.csv
1893,0,0,0,1k.csv
1893,0,0,0,1l.csv
1893,1,0,1,1m.csv
1893,2,1,1,2a.csv
1893,3,3,0,2b.csv
1893,0,0,0,2c.csv
1893,1,1,0,2d.csv
1893,0,0,0,2e.csv
1893,0,0,0,2f.csv
1893,1,1,0,2g.csv
1893,0,0,0,2h.csv
1893,1,1,0,2i.csv
1893,0,0,0,2j.csv
1893,1,1,0,2k.csv
1893,4,3,1,2l.csv
1893,37,30,7,3a.csv
1893,2,0,2,3b.csv
1893,1,0,1,3c.csv
1893,1,0,1,3d.csv
1893,6,5,1,3e.csv
1893,6,4,2,3f.csv
1893,7,6,1,3g.csv
1894,8,4,4,1a.csv
1894,2,2,0,1b.csv
1894,2,2,0,1c.csv
1894,0,0,0,1e.csv
1894,1,0,1,1f.csv
1894,1,1,0,1g.csv
1894,0,0,0,1h.csv
1894,0,0,0,1i.csv
1894,1,1,0,1j.csv
1894,0,0,0,1k.csv
1894,0,0,0,1l.csv
1894,1,0,1,1m.csv
1894,1,1,0,2a.csv
1894,3,3,0,2b.csv
1894,0,0,0,2c.csv
1894,1,1,0,2d.csv
1894,0,0,0,2e.csv
1894,0,0,0,2f.csv
1894,1,1,0,2g.csv
1894,0,0,0,2h.csv
1894,1,1,0,2i.csv
1894,0,0,0,2j.csv
1894,1,1,0,2k.csv
1894,4,3,1,2l.csv
1894,28,25,3,3a.csv
1894,2,0,2,3b.csv
1894,2,1,1,3c.csv
1894,2,1,1,3d.csv
1894,6,5,1,3e.csv
1894,7,4,3,3f.csv
1894,6,5,1,3g.csv
1895,7,3,4,1a.csv
1895,2,2,0,1b.csv
1895,2,2,0,1c.csv
1895,0,0,0,1e.csv
1895,1,0,1,1f.csv
1895,1,1,0,1g.csv
1895,0,0,0,1h.csv
1895,0,0,0,1i.csv
1895,1,1,0,1j.csv
1895,1,1,0,1k.csv
1895,0,0,0,1l.csv
1895,1,0,1,1m.csv
1895,1,1,0,2a.csv
1895,2,2,0,2b.csv
1895,0,0,0,2c.csv
1895,1,1,0,2d.csv
1895,0,0,0,2e.csv
1895,0,0,0,2f.csv
1895,1,1,0,2g.csv
1895,0,0,0,2h.csv
1895,1,1,0,2i.csv
1895,0,0,0,2j.csv
1895,1,1,0,2k.csv
1895,3,2,1,2l.csv
1895,21,18,3,3a.csv
1895,2,0,2,3b.csv
1895,1,1,0,3c.csv
1895,1,1,0,3d.csv
1895,6,5,1,3e.csv
1895,6,3,3,3f.csv
1895,5,4,1,3g.csv
1896,7,3,4,1a.csv
1896,3,3,0,1b.csv
1896,3,3,0,1c.csv
1896,0,0,0,1e.csv
1896,1,0,1,1f.csv
1896,0,0,0,1g.csv
1896,0,0,0,1h.csv
1896,0,0,0,1i.csv
1896,1,1,0,1j.csv
1896,1,1,0,1k.csv
1896,0,0,0,1l.csv
1896,1,0,1,1m.csv
1896,1,1,0,2a.csv
1896,2,2,0,2b.csv
1896,0,0,0,2c.csv
1896,1,1,0,2d.csv
1896,0,0,0,2e.csv
1896,0,0,0,2f.csv
1896,1,1,0,2g.csv
1896,0,0,0,2h.csv
1896,0,0,0,2i.csv
1896,0,0,0,2j.csv
1896,1,1,0,2k.csv
1896,2,1,1,2l.csv
1896,17,14,3,3a.csv
1896,1,0,1,3b.csv
1896,1,1,0,3c.csv
1896,1,1,0,3d.csv
1896,6,5,1,3e.csv
1896,5,3,2,3f.csv
1896,5,4,1,3g.csv
1897,7,3,4,1a.csv
1897,3,3,0,1b.csv
1897,2,2,0,1c.csv
1897,0,0,0,1e.csv
1897,1,0,1,1f.csv
1897,0,0,0,1g.csv
1897,0,0,0,1h.csv
1897,0,0,0,1i.csv
1897,0,0,0,1j.csv
1897,1,1,0,1k.csv
1897,0,0,0,1l.csv
1897,1,0,1,1m.csv
1897,1,1,0,2a.csv
1897,2,2,0,2b.csv
1897,0,0,0,2c.csv
1897,1,1,0,2d.csv
1897,0,0,0,2e.csv
1897,0,0,0,2f.csv
1897,1,1,0,2g.csv
1897,0,0,0,2h.csv
1897,0,0,0,2i.csv
1897,0,0,0,2j.csv
1897,1,1,0,2k.csv
1897,2,1,1,2l.csv
1897,10,9,1,3a.csv
1897,1,0,1,3b.csv
1897,1,1,0,3c.csv
1897,1,1,0,3d.csv
1897,7,6,1,3e.csv
1897,5,3,2,3f.csv
1897,7,6,1,3g.csv
1898,6,4,2,1a.csv
1898,3,3,0,1b.csv
1898,3,3,0,1c.csv
1898,1,1,0,1e.csv
1898,1,0,1,1f.csv
1898,0,0,0,1g.csv
1898,0,0,0,1h.csv
1898,0,0,0,1i.csv
1898,0,0,0,1j.csv
1898,1,1,0,1k.csv
1898,0,0,0,1l.csv
1898,1,0,1,1m.csv
1898,2,2,0,2a.csv
1898,2,2,0,2b.csv
1898,0,0,0,2c.csv
1898,1,1,0,2d.csv
1898,0,0,0,2e.csv
1898,0,0,0,2f.csv
1898,2,2,0,2g.csv
1898,0,0,0,2h.csv
1898,0,0,0,2i.csv
1898,0,0,0,2j.csv
1898,1,1,0,2k.csv
1898,2,1,1,2l.csv
1898,8,7,1,3a.csv
1898,1,0,1,3b.csv
1898,1,1,0,3c.csv
1898,1,1,0,3d.csv
1898,8,7,1,3e.csv
1898,6,3,3,3f.csv
1898,8,8,0,3g.csv
1899,7,4,3,1a.csv
1899,3,3,0,1b.csv
1899,4,2,2,1c.csv
1899,1,1,0,1e.csv
1899,2,1,1,1f.csv
1899,1,1,0,1g.csv
1899,0,0,0,1h.csv
1899,0,0,0,1i.csv
1899,0,0,0,1j.csv
1899,1,1,0,1k.csv
1899,1,1,0,1l.csv
1899,0,0,0,1m.csv
1899,2,2,0,2a.csv
1899,2,2,0,2b.csv
1899,0,0,0,2c.csv
1899,2,2,0,2d.csv
1899,0,0,0,2e.csv
1899,0,0,0,2f.csv
1899,2,2,0,2g.csv
1899,0,0,0,2h.csv
1899,0,0,0,2i.csv
1899,0,0,0,2j.csv
1899,1,1,0,2k.csv
1899,2,1,1,2l.csv
1899,8,7,1,3a.csv
1899,0,0,0,3b.csv
1899,1,1,0,3c.csv
1899,1,1,0,3d.csv
1899,8,7,1,3e.csv
1899,6,3,3,3f.csv
1899,11,10,1,3g.csv
1900,3,2,1,1a.csv
1900,2,2,0,1b.csv
1900,4,2,2,1c.csv
1900,1,1,0,1e.csv
1900,2,1,1,1f.csv
1900,1,1,0,1g.csv
1900,0,0,0,1h.csv
1900,0,0,0,1i.csv
1900,0,0,0,1j.csv
1900,1,1,0,1k.csv
1900,1,1,0,1l.csv
1900,0,0,0,1m.csv
1900,2,2,0,2a.csv
1900,2,2,0,2b.csv
1900,0,0,0,2c.csv
1900,2,2,0,2d.csv
1900,0,0,0,2e.csv
1900,0,0,0,2f.csv
1900,2,2,0,2g.csv
1900,0,0,0,2h.csv
1900,0,0,0,2i.csv
1900,0,0,0,2j.csv
1900,2,2,0,2k.csv
1900,2,1,1,2l.csv
1900,5,4,1,3a.csv
1900,1,1,0,3b.csv
1900,1,1,0,3c.csv
1900,1,1,0,3d.csv
1900,6,6,0,3e.csv
1900,4,1,3,3f.csv
1900,11,10,1,3g.csv
1901,3,2,1,1a.csv
1901,2,1,1,1b.csv
1901,4,2,2,1c.csv
1901,2,2,0,1e.csv
1901,2,1,1,1f.csv
1901,1,1,0,1g.csv
1901,1,1,0,1h.csv
1901,0,0,0,1i.csv
1901,0,0,0,1j.csv
1901,1,1,0,1k.csv
1901,1,1,0,1l.csv
1901,0,0,0,1m.csv
1901,3,3,0,2a.csv
1901,0,0,0,2b.csv
1901,0,0,0,2c.csv
1901,1,1,0,2d.csv
1901,0,0,0,2e.csv
1901,0,0,0,2f.csv
1901,1,1,0,2g.csv
1901,0,0,0,2h.csv
1901,0,0,0,2i.csv
1901,0,0,0,2j.csv
1901,1,1,0,2k.csv
1901,2,1,1,2l.csv
1901,5,4,1,3a.csv
1901,1,1,0,3b.csv
1901,2,2,0,3c.csv
1901,2,2,0,3d.csv
1901,8,7,1,3e.csv
1901,9,6,3,3f.csv
1901,13,12,1,3g.csv
1902,3,1,2,1a.csv
1902,4,3,1,1b.csv
1902,4,2,2,1c.csv
1902,3,3,0,1e.csv
1902,1,1,0,1f.csv
1902,1,1,0,1g.csv
1902,1,1,0,1h.csv
1902,0,0,0,1i.csv
1902,0,0,0,1j.csv
1902,1,1,0,1k.csv
1902,2,2,0,1l.csv
1902,0,0,0,1m.csv
1902,2,2,0,2a.csv
1902,0,0,0,2b.csv
1902,0,0,0,2c.csv
1902,1,1,0,2d.csv
1902,0,0,0,2e.csv
1902,0,0,0,2f.csv
1902,2,2,0,2g.csv
1902,0,0,0,2h.csv
1902,0,0,0,2i.csv
1902,0,0,0,2j.csv
1902,1,1,0,2k.csv
1902,2,1,1,2l.csv
1902,5,4,1,3a.csv
1902,1,1,0,3b.csv
1902,1,1,0,3c.csv
1902,1,1,0,3d.csv
1902,7,6,1,3e.csv
1902,10,7,3,3f.csv
1902,14,12,2,3g.csv
1903,3,1,2,1a.csv
1903,4,3,1,1b.csv
1903,4,2,2,1c.csv
1903,3,3,0,1e.csv
1903,1,1,0,1f.csv
1903,1,1,0,1g.csv
1903,1,1,0,1h.csv
1903,0,0,0,1i.csv
1903,0,0,0,1j.csv
1903,0,0,0,1k.csv
1903,2,2,0,1l.csv
1903,0,0,0,1m.csv
1903,2,2,0,2a.csv
1903,0,0,0,2b.csv
1903,0,0,0,2c.csv
1903,1,1,0,2d.csv
1903,0,0,0,2e.csv
1903,0,0,0,2f.csv
1903,2,2,0,2g.csv
1903,0,0,0,2h.csv
1903,0,0,0,2i.csv
1903,0,0,0,2j.csv
1903,1,1,0,2k.csv
1903,2,1,1,2l.csv
1903,5,5,0,3a.csv
1903,1,1,0,3b.csv
1903,1,1,0,3c.csv
1903,1,1,0,3d.csv
1903,6,5,1,3e.csv
1903,9,7,2,3f.csv
1903,14,12,2,3g.csv
1904,3,1,2,1a.csv
1904,3,2,1,1b.csv
1904,4,1,3,1c.csv
1904,3,3,0,1e.csv
1904,1,1,0,1f.csv
1904,2,2,0,1g.csv
1904,1,1,0,1h.csv
1904,0,0,0,1i.csv
1904,0,0,0,1j.csv
1904,0,0,0,1k.csv
1904,2,2,0,1l.csv
1904,0,0,0,1m.csv
1904,2,2,0,2a.csv
1904,0,0,0,2b.csv
1904,0,0,0,2c.csv
1904,1,1,0,2d.csv
1904,0,0,0,2e.csv
1904,0,0,0,2f.csv
1904,2,2,0,2g.csv
1904,0,0,0,2h.csv
1904,0,0,0,2i.csv
1904,0,0,0,2j.csv
1904,1,1,0,2k.csv
1904,2,1,1,2l.csv
1904,4,4,0,3a.csv
1904,1,1,0,3b.csv
1904,1,1,0,3c.csv
1904,1,1,0,3d.csv
1904,7,6,1,3e.csv
1904,10,8,2,3f.csv
1904,14,12,2,3g.csv
1905,3,1,2,1a.csv
1905,4,3,1,1b.csv
1905,4,1,3,1c.csv
1905,3,3,0,1e.csv
1905,1,1,0,1f.csv
1905,3,3,0,1g.csv
1905,1,1,0,1h.csv
1905,0,0,0,1i.csv
1905,0,0,0,1j.csv
1905,0,0,0,1k.csv
1905,2,2,0,1l.csv
1905,0,0,0,1m.csv
1905,2,2,0,2a.csv
1905,0,0,0,2b.csv
1905,0,0,0,2c.csv
1905,1,1,0,2d.csv
1905,0,0,0,2e.csv
1905,0,0,0,2f.csv
1905,2,2,0,2g.csv
1905,0,0,0,2h.csv
1905,0,0,0,2i.csv
1905,0,0,0,2j.csv
1905,1,1,0,2k.csv
1905,3,1,2,2l.csv
1905,4,4,0,3a.csv
1905,1,1,0,3b.csv
1905,2,2,0,3c.csv
1905,2,2,0,3d.csv
1905,7,6,1,3e.csv
1905,11,9,2,3f.csv
1905,11,9,2,3g.csv
1906,4,1,3,1a.csv
1906,5,4,1,1b.csv
1906,3,0,3,1c.csv
1906,2,2,0,1e.csv
1906,1,1,0,1f.csv
1906,3,3,0,1g.csv
1906,1,1,0,1h.csv
1906,0,0,0,1i.csv
1906,0,0,0,1j.csv
1906,0,0,0,1k.csv
1906,2,2,0,1l.csv
1906,0,0,0,1m.csv
1906,1,1,0,2a.csv
1906,0,0,0,2b.csv
1906,0,0,0,2c.csv
1906,2,2,0,2d.csv
1906,0,0,0,2e.csv
1906,0,0,0,2f.csv
1906,1,1,0,2g.csv
1906,0,0,0,2h.csv
1906,0,0,0,2i.csv
1906,0,0,0,2j.csv
1906,1,1,0,2k.csv
1906,3,1,2,2l.csv
1906,4,4,0,3a.csv
1906,1,1,0,3b.csv
1906,2,2,0,3c.csv
1906,2,2,0,3d.csv
1906,6,5,1,3e.csv
1906,10,9,1,3f.csv
1906,9,7,2,3g.csv
1907,3,1,2,1a.csv
1907,6,5,1,1b.csv
1907,1,0,1,1c.csv
1907,2,2,0,1e.csv
1907,1,0,1,1f.csv
1907,2,2,0,1g.csv
1907,2,2,0,1h.csv
1907,1,1,0,1i.csv
1907,0,0,0,1j.csv
1907,0,0,0,1k.csv
1907,1,1,0,1l.csv
1907,0,0,0,1m.csv
1907,1,1,0,2a.csv
1907,0,0,0,2b.csv
1907,0,0,0,2c.csv
1907,1,1,0,2d.csv
1907,0,0,0,2e.csv
1907,0,0,0,2f.csv
1907,1,1,0,2g.csv
1907,0,0,0,2h.csv
1907,0,0,0,2i.csv
1907,0,0,0,2j.csv
1907,1,1,0,2k.csv
1907,5,2,3,2l.csv
1907,3,3,0,3a.csv
1907,1,1,0,3b.csv
1907,2,2,0,3c.csv
1907,2,2,0,3d.csv
1907,4,3,1,3e.csv
1907,11,10,1,3f.csv
1907,6,5,1,3g.csv
1908,5,2,3,1a.csv
1908,7,6,1,1b.csv
1908,1,0,1,1c.csv
1908,2,2,0,1e.csv
1908,2,1,1,1f.csv
1908,3,3,0,1g.csv
1908,2,2,0,1h.csv
1908,1,1,0,1i.csv
1908,0,0,0,1j.csv
1908,0,0,0,1k.csv
1908,2,2,0,1l.csv
1908,0,0,0,1m.csv
1908,1,1,0,2a.csv
1908,0,0,0,2b.csv
1908,0,0,0,2c.csv
1908,1,1,0,2d.csv
1908,0,0,0,2e.csv
1908,0,0,0,2f.csv
1908,1,1,0,2g.csv
1908,0,0,0,2h.csv
1908,0,0,0,2i.csv
1908,0,0,0,2j.csv
1908,0,0,0,2k.csv
1908,4,1,3,2l.csv
1908,3,3,0,3a.csv
1908,0,0,0,3b.csv
1908,3,3,0,3c.csv
1908,3,3,0,3d.csv
1908,5,4,1,3e.csv
1908,11,10,1,3f.csv
1908,6,5,1,3g.csv
1909,6,3,3,1a.csv
1909,7,7,0,1b.csv
1909,1,0,1,1c.csv
1909,1,1,0,1e.csv
1909,2,1,1,1f.csv
1909,4,3,1,1g.csv
1909,1,1,0,1h.csv
1909,2,2,0,1i.csv
1909,0,0,0,1j.csv
1909,0,0,0,1k.csv
1909,2,2,0,1l.csv
1909,0,0,0,1m.csv
1909,0,0,0,2a.csv
1909,0,0,0,2b.csv
1909,0,0,0,2c.csv
1909,1,1,0,2d.csv
1909,0,0,0,2e.csv
1909,0,0,0,2f.csv
1909,1,1,0,2g.csv
1909,0,0,0,2h.csv
1909,0,0,0,2i.csv
1909,0,0,0,2j.csv
1909,0,0,0,2k.csv
1909,3,1,2,2l.csv
1909,3,3,0,3a.csv
1909,0,0,0,3b.csv
1909,2,2,0,3c.csv
1909,2,2,0,3d.csv
1909,3,3,0,3e.csv
1909,6,5,1,3f.csv
1909,2,1,1,3g.csv
1910,5,3,2,1a.csv
1910,5,5,0,1b.csv
1910,1,0,1,1c.csv
1910,0,0,0,1e.csv
1910,2,1,1,1f.csv
1910,5,4,1,1g.csv
1910,1,1,0,1h.csv
1910,2,2,0,1i.csv
1910,0,0,0,1j.csv
1910,0,0,0,1k.csv
1910,3,3,0,1l.csv
1910,0,0,0,1m.csv
1910,0,0,0,2a.csv
1910,0,0,0,2b.csv
1910,0,0,0,2c.csv
1910,1,1,0,2d.csv
1910,0,0,0,2e.csv
1910,0,0,0,2f.csv
1910,0,0,0,2g.csv
1910,0,0,0,2h.csv
1910,0,0,0,2i.csv
1910,0,0,0,2j.csv
1910,0,0,0,2k.csv
1910,6,3,3,2l.csv
1910,3,3,0,3a.csv
1910,1,0,1,3b.csv
1910,2,2,0,3c.csv
1910,2,2,0,3d.csv
1910,3,3,0,3e.csv
1910,5,5,0,3f.csv
1910,2,2,0,3g.csv
1911,5,3,2,1a.csv
1911,6,6,0,1b.csv
1911,1,0,1,1c.csv
1911,0,0,0,1e.csv
1911,2,1,1,1f.csv
1911,5,4,1,1g.csv
1911,1,1,0,1h.csv
1911,2,2,0,1i.csv
1911,0,0,0,1j.csv
1911,1,1,0,1k.csv
1911,3,3,0,1l.csv
1911,0,0,0,1m.csv
1911,0,0,0,2a.csv
1911,0,0,0,2b.csv
1911,0,0,0,2c.csv
1911,1,1,0,2d.csv
1911,0,0,0,2e.csv
1911,0,0,0,2f.csv
1911,0,0,0,2g.csv
1911,0,0,0,2h.csv
1911,0,0,0,2i.csv
1911,0,0,0,2j.csv
1911,0,0,0,2k.csv
1911,6,3,3,2l.csv
1911,3,3,0,3a.csv
1911,1,0,1,3b.csv
1911,2,2,0,3c.csv
1911,2,2,0,3d.csv
1911,3,3,0,3e.csv
1911,5,5,0,3f.csv
1911,2,2,0,3g.csv
1912,5,3,2,1a.csv
1912,6,6,0,1b.csv
1912,0,0,0,1c.csv
1912,0,0,0,1e.csv
1912,2,1,1,1f.csv
1912,4,3,1,1g.csv
1912,1,1,0,1h.csv
1912,2,2,0,1i.csv
1912,0,0,0,1j.csv
1912,1,1,0,1k.csv
1912,4,4,0,1l.csv
1912,0,0,0,1m.csv
1912,2,2,0,2a.csv
1912,1,0,1,2b.csv
1912,0,0,0,2c.csv
1912,1,1,0,2d.csv
1912,0,0,0,2e.csv
1912,0,0,0,2f.csv
1912,0,0,0,2g.csv
1912,0,0,0,2h.csv
1912,0,0,0,2i.csv
1912,0,0,0,2j.csv
1912,0,0,0,2k.csv
1912,7,3,4,2l.csv
1912,4,4,0,3a.csv
1912,1,0,1,3b.csv
1912,2,2,0,3c.csv
1912,2,2,0,3d.csv
1912,2,2,0,3e.csv
1912,4,4,0,3f.csv
1912,2,2,0,3g.csv
1913,5,3,2,1a.csv
1913,6,6,0,1b.csv
1913,1,1,0,1c.csv
1913,0,0,0,1e.csv
1913,3,2,1,1f.csv
1913,3,2,1,1g.csv
1913,1,1,0,1h.csv
1913,2,2,0,1i.csv
1913,0,0,0,1j.csv
1913,1,1,0,1k.csv
1913,4,4,0,1l.csv
1913,0,0,0,1m.csv
1913,3,3,0,2a.csv
1913,2,1,1,2b.csv
1913,0,0,0,2c.csv
1913,1,1,0,2d.csv
1913,0,0,0,2e.csv
1913,0,0,0,2f.csv
1913,0,0,0,2g.csv
1913,0,0,0,2h.csv
1913,0,0,0,2i.csv
1913,0,0,0,2j.csv
1913,0,0,0,2k.csv
1913,7,4,3,2l.csv
1913,5,5,0,3a.csv
1913,3,1,2,3b.csv
1913,1,1,0,3c.csv
1913,1,1,0,3d.csv
1913,2,2,0,3e.csv
1913,3,3,0,3f.csv
1913,2,2,0,3g.csv
1914,4,3,1,1a.csv
1914,5,5,0,1b.csv
1914,1,1,0,1c.csv
1914,0,0,0,1e.csv
1914,3,2,1,1f.csv
1914,5,4,1,1g.csv
1914,1,1,0,1h.csv
1914,2,2,0,1i.csv
1914,0,0,0,1j.csv
1914,1,1,0,1k.csv
1914,4,4,0,1l.csv
1914,0,0,0,1m.csv
1914,4,4,0,2a.csv
1914,2,1,1,2b.csv
1914,0,0,0,2c.csv
1914,0,0,0,2d.csv
1914,0,0,0,2e.csv
1914,0,0,0,2f.csv
1914,0,0,0,2g.csv
1914,0,0,0,2h.csv
1914,0,0,0,2i.csv
1914,0,0,0,2j.csv
1914,0,0,0,2k.csv
1914,7,4,3,2l.csv
1914,5,5,0,3a.csv
1914,5,3,2,3b.csv
1914,1,1,0,3c.csv
1914,1,1,0,3d.csv
1914,2,2,0,3e.csv
1914,4,4,0,3f.csv
1914,2,2,0,3g.csv
1915,4,3,1,1a.csv
1915,5,5,0,1b.csv
1915,2,1,1,1c.csv
1915,0,0,0,1e.csv
1915,2,2,0,1f.csv
1915,7,6,1,1g.csv
1915,0,0,0,1h.csv
1915,1,1,0,1i.csv
1915,0,0,0,1j.csv
1915,1,1,0,1k.csv
1915,5,5,0,1l.csv
1915,0,0,0,1m.csv
1915,4,4,0,2a.csv
1915,2,1,1,2b.csv
1915,0,0,0,2c.csv
1915,1,1,0,2d.csv
1915,0,0,0,2e.csv
1915,0,0,0,2f.csv
1915,1,1,0,2g.csv
1915,0,0,0,2h.csv
1915,0,0,0,2i.csv
1915,0,0,0,2j.csv
1915,0,0,0,2k.csv
1915,6,4,2,2l.csv
1915,5,5,0,3a.csv
1915,5,3,2,3b.csv
1915,1,1,0,3c.csv
1915,1,1,0,3d.csv
1915,3,3,0,3e.csv
1915,2,2,0,3f.csv
1915,3,3,0,3g.csv
1916,3,3,0,1a.csv
1916,5,5,0,1b.csv
1916,2,1,1,1c.csv
1916,0,0,0,1e.csv
1916,2,2,0,1f.csv
1916,8,7,1,1g.csv
1916,2,1,1,1h.csv
1916,1,1,0,1i.csv
1916,0,0,0,1j.csv
1916,1,1,0,1k.csv
1916,5,5,0,1l.csv
1916,0,0,0,1m.csv
1916,4,4,0,2a.csv
1916,2,1,1,2b.csv
1916,0,0,0,2c.csv
1916,1,1,0,2d.csv
1916,0,0,0,2e.csv
1916,0,0,0,2f.csv
1916,1,1,0,2g.csv
1916,0,0,0,2h.csv
1916,0,0,0,2i.csv
1916,0,0,0,2j.csv
1916,0,0,0,2k.csv
1916,8,6,2,2l.csv
1916,6,6,0,3a.csv
1916,5,3,2,3b.csv
1916,0,0,0,3c.csv
1916,0,0,0,3d.csv
1916,2,2,0,3e.csv
1916,2,2,0,3f.csv
1916,3,3,0,3g.csv
1917,3,3,0,1a.csv
1917,4,4,0,1b.csv
1917,2,1,1,1c.csv
1917,0,0,0,1e.csv
1917,2,2,0,1f.csv
1917,7,7,0,1g.csv
1917,2,1,1,1h.csv
1917,0,0,0,1i.csv
1917,0,0,0,1j.csv
1917,1,1,0,1k.csv
1917,5,5,0,1l.csv
1917,0,0,0,1m.csv
1917,4,4,0,2a.csv
1917,3,2,1,2b.csv
1917,0,0,0,2c.csv
1917,1,1,0,2d.csv
1917,0,0,0,2e.csv
1917,0,0,0,2f.csv
1917,1,1,0,2g.csv
1917,0,0,0,2h.csv
1917,0,0,0,2i.csv
1917,0,0,0,2j.csv
1917,0,0,0,2k.csv
1917,9,8,1,2l.csv
1917,5,5,0,3a.csv
1917,5,3,2,3b.csv
1917,2,2,0,3c.csv
1917,2,2,0,3d.csv
1917,3,3,0,3e.csv
1917,2,2,0,3f.csv
1917,4,4,0,3g.csv
1918,5,5,0,1a.csv
1918,6,6,0,1b.csv
1918,2,1,1,1c.csv
1918,0,0,0,1e.csv
1918,2,2,0,1f.csv
1918,7,6,1,1g.csv
1918,2,1,1,1h.csv
1918,1,1,0,1i.csv
1918,0,0,0,1j.csv
1918,1,1,0,1k.csv
1918,3,3,0,1l.csv
1918,0,0,0,1m.csv
1918,4,4,0,2a.csv
1918,3,2,1,2b.csv
1918,0,0,0,2c.csv
1918,1,1,0,2d.csv
1918,0,0,0,2e.csv
1918,0,0,0,2f.csv
1918,1,1,0,2g.csv
1918,0,0,0,2h.csv
1918,0,0,0,2i.csv
1918,0,0,0,2j.csv
1918,0,0,0,2k.csv
1918,8,7,1,2l.csv
1918,4,4,0,3a.csv
1918,6,5,1,3b.csv
1918,2,2,0,3c.csv
1918,2,2,0,3d.csv
1918,4,4,0,3e.csv
1918,2,1,1,3f.csv
1918,4,4,0,3g.csv
1919,6,6,0,1a.csv
1919,6,6,0,1b.csv
1919,2,1,1,1c.csv
1919,0,0,0,1e.csv
1919,2,2,0,1f.csv
1919,9,8,1,1g.csv
1919,3,2,1,1h.csv
1919,1,1,0,1i.csv
1919,0,0,0,1j.csv
1919,0,0,0,1k.csv
1919,3,3,0,1l.csv
1919,0,0,0,1m.csv
1919,4,4,0,2a.csv
1919,3,2,1,2b.csv
1919,0,0,0,2c.csv
1919,1,1,0,2d.csv
1919,0,0,0,2e.csv
1919,0,0,0,2f.csv
1919,1,1,0,2g.csv
1919,0,0,0,2h.csv
1919,0,0,0,2i.csv
1919,0,0,0,2j.csv
1919,0,0,0,2k.csv
1919,8,7,1,2l.csv
1919,3,3,0,3a.csv
1919,6,5,1,3b.csv
1919,2,2,0,3c.csv
1919,2,2,0,3d.csv
1919,4,4,0,3e.csv
1919,3,2,1,3f.csv
1919,5,5,0,3g.csv
1920,7,7,0,1a.csv
1920,8,8,0,1b.csv
1920,2,1,1,1c.csv
1920,0,0,0,1e.csv
1920,3,2,1,1f.csv
1920,10,8,2,1g.csv
1920,3,2,1,1h.csv
1920,2,1,1,1i.csv
1920,0,0,0,1j.csv
1920,0,0,0,1k.csv
1920,2,2,0,1l.csv
1920,0,0,0,1m.csv
1920,2,2,0,2a.csv
1920,3,3,0,2b.csv
1920,0,0,0,2c.csv
1920,1,1,0,2d.csv
1920,0,0,0,2e.csv
1920,0,0,0,2f.csv
1920,1,1,0,2g.csv
1920,0,0,0,2h.csv
1920,0,0,0,2i.csv
1920,0,0,0,2j.csv
1920,0,0,0,2k.csv
1920,7,7,0,2l.csv
1920,2,2,0,3a.csv
1920,6,5,1,3b.csv
1920,3,3,0,3c.csv
1920,3,3,0,3d.csv
1920,4,4,0,3e.csv
1920,3,2,1,3f.csv
1920,4,4,0,3g.csv
1921,8,8,0,1a.csv
1921,11,11,0,1b.csv
1921,1,0,1,1c.csv
1921,0,0,0,1e.csv
1921,2,1,1,1f.csv
1921,11,9,2,1g.csv
1921,3,2,1,1h.csv
1921,2,1,1,1i.csv
1921,0,0,0,1j.csv
1921,0,0,0,1k.csv
1921,2,2,0,1l.csv
1921,0,0,0,1m.csv
1921,1,1,0,2a.csv
1921,2,2,0,2b.csv
1921,0,0,0,2c.csv
1921,1,1,0,2d.csv
1921,0,0,0,2e.csv
1921,0,0,0,2f.csv
1921,1,1,0,2g.csv
1921,0,0,0,2h.csv
1921,2,2,0,2i.csv
1921,0,0,0,2j.csv
1921,1,1,0,2k.csv
1921,7,7,0,2l.csv
1921,1,1,0,3a.csv
1921,5,5,0,3b.csv
1921,5,5,0,3c.csv
1921,5,5,0,3d.csv
1921,3,3,0,3e.csv
1921,4,3,1,3f.csv
1921,4,4,0,3g.csv
1922,9,9,0,1a.csv
1922,13,13,0,1b.csv
1922,6,2,4,1c.csv
1922,0,0,0,1e.csv
1922,3,1,2,1f.csv
1922,9,7,2,1g.csv
1922,3,2,1,1h.csv
1922,2,1,1,1i.csv
1922,0,0,0,1j.csv
1922,0,0,0,1k.csv
1922,3,3,0,1l.csv
1922,0,0,0,1m.csv
1922,0,0,0,2a.csv
1922,2,2,0,2b.csv
1922,0,0,0,2c.csv
1922,2,2,0,2d.csv
1922,0,0,0,2e.csv
1922,0,0,0,2f.csv
1922,1,1,0,2g.csv
1922,0,0,0,2h.csv
1922,2,2,0,2i.csv
1922,0,0,0,2j.csv
1922,1,1,0,2k.csv
1922,8,8,0,2l.csv
1922,1,1,0,3a.csv
1922,5,4,1,3b.csv
1922,7,7,0,3c.csv
1922,7,7,0,3d.csv
1922,4,4,0,3e.csv
1922,3,2,1,3f.csv
1922,4,4,0,3g.csv
1923,10,10,0,1a.csv
1923,12,12,0,1b.csv
1923,5,2,3,1c.csv
1923,0,0,0,1e.csv
1923,4,2,2,1f.csv
1923,7,5,2,1g.csv
1923,3,2,1,1h.csv
1923,2,1,1,1i.csv
1923,0,0,0,1j.csv
1923,0,0,0,1k.csv
1923,2,2,0,1l.csv
1923,0,0,0,1m.csv
1923,0,0,0,2a.csv
1923,4,4,0,2b.csv
1923,0,0,0,2c.csv
1923,1,1,0,2d.csv
1923,0,0,0,2e.csv
1923,0,0,0,2f.csv
1923,0,0,0,2g.csv
1923,0,0,0,2h.csv
1923,2,2,0,2i.csv
1923,0,0,0,2j.csv
1923,1,1,0,2k.csv
1923,8,8,0,2l.csv
1923,2,2,0,3a.csv
1923,5,4,1,3b.csv
1923,8,8,0,3c.csv
1923,8,8,0,3d.csv
1923,4,4,0,3e.csv
1923,3,2,1,3f.csv
1923,3,3,0,3g.csv
1924,10,10,0,1a.csv
1924,11,11,0,1b.csv
1924,5,2,3,1c.csv
1924,0,0,0,1e.csv
1924,3,1,2,1f.csv
1924,6,4,2,1g.csv
1924,3,3,0,1h.csv
1924,2,1,1,1i.csv
1924,0,0,0,1j.csv
1924,0,0,0,1k.csv
1924,2,2,0,1l.csv
1924,0,0,0,1m.csv
1924,0,0,0,2a.csv
1924,4,4,0,2b.csv
1924,0,0,0,2c.csv
1924,1,1,0,2d.csv
1924,0,0,0,2e.csv
1924,0,0,0,2f.csv
1924,0,0,0,2g.csv
1924,0,0,0,2h.csv
1924,2,2,0,2i.csv
1924,0,0,0,2j.csv
1924,2,1,1,2k.csv
1924,6,6,0,2l.csv
1924,2,2,0,3a.csv
1924,5,4,1,3b.csv
1924,9,8,1,3c.csv
1924,9,8,1,3d.csv
1924,5,5,0,3e.csv
1924,3,2,1,3f.csv
1924,3,3,0,3g.csv
1925,11,11,0,1a.csv
1925,12,12,0,1b.csv
1925,5,2,3,1c.csv
1925,0,0,0,1e.csv
1925,3,1,2,1f.csv
1925,7,5,2,1g.csv
1925,3,3,0,1h.csv
1925,2,1,1,1i.csv
1925,0,0,0,1j.csv
1925,0,0,0,1k.csv
1925,3,2,1,1l.csv
1925,0,0,0,1m.csv
1925,1,0,1,2a.csv
1925,3,3,0,2b.csv
1925,0,0,0,2c.csv
1925,1,1,0,2d.csv
1925,0,0,0,2e.csv
1925,0,0,0,2f.csv
1925,0,0,0,2g.csv
1925,0,0,0,2h.csv
1925,2,2,0,2i.csv
1925,0,0,0,2j.csv
1925,2,1,1,2k.csv
1925,4,4,0,2l.csv
1925,2,2,0,3a.csv
1925,5,4,1,3b.csv
1925,8,7,1,3c.csv
1925,8,7,1,3d.csv
1925,4,4,0,3e.csv
1925,3,2,1,3f.csv
1925,2,2,0,3g.csv
1926,9,9,0,1a.csv
1926,12,12,0,1b.csv
1926,7,3,4,1c.csv
1926,0,0,0,1e.csv
1926,3,1,2,1f.csv
1926,6,5,1,1g.csv
1926,3,3,0,1h.csv
1926,1,0,1,1i.csv
1926,0,0,0,1j.csv
1926,0,0,0,1k.csv
1926,3,2,1,1l.csv
1926,0,0,0,1m.csv
1926,1,0,1,2a.csv
1926,3,3,0,2b.csv
1926,0,0,0,2c.csv
1926,1,1,0,2d.csv
1926,0,0,0,2e.csv
1926,0,0,0,2f.csv
1926,0,0,0,2g.csv
1926,0,0,0,2h.csv
1926,2,2,0,2i.csv
1926,0,0,0,2j.csv
1926,2,1,1,2k.csv
1926,5,5,0,2l.csv
1926,2,2,0,3a.csv
1926,3,2,1,3b.csv
1926,8,7,1,3c.csv
1926,8,7,1,3d.csv
1926,3,3,0,3e.csv
1926,2,2,0,3f.csv
1926,1,1,0,3g.csv
1927,9,8,1,1a.csv
1927,11,11,0,1b.csv
1927,8,4,4,1c.csv
1927,0,0,0,1e.csv
1927,3,1,2,1f.csv
1927,4,3,1,1g.csv
1927,2,2,0,1h.csv
1927,2,1,1,1i.csv
1927,0,0,0,1j.csv
1927,0,0,0,1k.csv
1927,3,2,1,1l.csv
1927,0,0,0,1m.csv
1927,1,0,1,2a.csv
1927,3,3,0,2b.csv
1927,0,0,0,2c.csv
1927,1,1,0,2d.csv
1927,0,0,0,2e.csv
1927,0,0,0,2f.csv
1927,0,0,0,2g.csv
1927,0,0,0,2h.csv
1927,2,2,0,2i.csv
1927,0,0,0,2j.csv
1927,2,1,1,2k.csv
1927,5,5,0,2l.csv
1927,3,3,0,3a.csv
1927,3,2,1,3b.csv
1927,8,7,1,3c.csv
1927,8,7,1,3d.csv
1927,3,3,0,3e.csv
1927,1,1,0,3f.csv
1927,0,0,0,3g.csv
1928,8,7,1,1a.csv
1928,10,10,0,1b.csv
1928,9,5,4,1c.csv
1928,0,0,0,1e.csv
1928,3,1,2,1f.csv
1928,4,4,0,1g.csv
1928,2,2,0,1h.csv
1928,1,1,0,1i.csv
1928,0,0,0,1j.csv
1928,0,0,0,1k.csv
1928,3,2,1,1l.csv
1928,0,0,0,1m.csv
1928,1,0,1,2a.csv
1928,2,2,0,2b.csv
1928,0,0,0,2c.csv
1928,1,1,0,2d.csv
1928,0,0,0,2e.csv
1928,0,0,0,2f.csv
1928,0,0,0,2g.csv
1928,0,0,0,2h.csv
1928,2,2,0,2i.csv
1928,0,0,0,2j.csv
1928,2,1,1,2k.csv
1928,6,6,0,2l.csv
1928,3,3,0,3a.csv
1928,3,2,1,3b.csv
1928,8,7,1,3c.csv
1928,8,7,1,3d.csv
1928,5,5,0,3e.csv
1928,1,1,0,3f.csv
1928,1,0,1,3g.csv
1929,8,7,1,1a.csv
1929,6,6,0,1b.csv
1929,10,5,5,1c.csv
1929,0,0,0,1e.csv
1929,3,1,2,1f.csv
1929,3,3,0,1g.csv
1929,2,2,0,1h.csv
1929,1,1,0,1i.csv
1929,0,0,0,1j.csv
1929,0,0,0,1k.csv
1929,3,2,1,1l.csv
1929,0,0,0,1m.csv
1929,1,0,1,2a.csv
1929,2,2,0,2b.csv
1929,1,1,0,2c.csv
1929,1,1,0,2d.csv
1929,0,0,0,2e.csv
1929,0,0,0,2f.csv
1929,0,0,0,2g.csv
1929,0,0,0,2h.csv
1929,0,0,0,2i.csv
1929,0,0,0,2j.csv
1929,1,0,1,2k.csv
1929,7,6,1,2l.csv
1929,4,4,0,3a.csv
1929,2,1,1,3b.csv
1929,7,5,2,3c.csv
1929,7,5,2,3d.csv
1929,6,6,0,3e.csv
1929,0,0,0,3f.csv
1929,1,0,1,3g.csv
1930,6,5,1,1a.csv
1930,4,4,0,1b.csv
1930,7,3,4,1c.csv
1930,0,0,0,1e.csv
1930,2,1,1,1f.csv
1930,3,3,0,1g.csv
1930,3,3,0,1h.csv
1930,1,1,0,1i.csv
1930,0,0,0,1j.csv
1930,0,0,0,1k.csv
1930,2,1,1,1l.csv
1930,0,0,0,1m.csv
1930,1,0,1,2a.csv
1930,3,3,0,2b.csv
1930,1,1,0,2c.csv
1930,0,0,0,2d.csv
1930,0,0,0,2e.csv
1930,0,0,0,2f.csv
1930,0,0,0,2g.csv
1930,0,0,0,2h.csv
1930,0,0,0,2i.csv
1930,0,0,0,2j.csv
1930,1,0,1,2k.csv
1930,6,5,1,2l.csv
1930,5,5,0,3a.csv
1930,0,0,0,3b.csv
1930,7,5,2,3c.csv
1930,7,5,2,3d.csv
1930,6,6,0,3e.csv
1930,1,1,0,3f.csv
1930,1,0,1,3g.csv
1931,5,4,1,1a.csv
1931,4,4,0,1b.csv
1931,7,3,4,1c.csv
1931,0,0,0,1e.csv
1931,1,0,1,1f.csv
1931,5,5,0,1g.csv
1931,4,4,0,1h.csv
1931,1,1,0,1i.csv
1931,0,0,0,1j.csv
1931,0,0,0,1k.csv
1931,2,1,1,1l.csv
1931,0,0,0,1m.csv
1931,1,0,1,2a.csv
1931,1,1,0,2b.csv
1931,3,3,0,2c.csv
1931,0,0,0,2d.csv
1931,0,0,0,2e.csv
1931,0,0,0,2f.csv
1931,0,0,0,2g.csv
1931,0,0,0,2h.csv
1931,0,0,0,2i.csv
1931,0,0,0,2j.csv
1931,1,0,1,2k.csv
1931,5,4,1,2l.csv
1931,4,4,0,3a.csv
1931,0,0,0,3b.csv
1931,9,6,3,3c.csv
1931,9,6,3,3d.csv
1931,6,6,0,3e.csv
1931,2,2,0,3f.csv
1931,1,0,1,3g.csv
1932,6,4,2,1a.csv
1932,5,4,1,1b.csv
1932,8,3,5,1c.csv
1932,0,0,0,1e.csv
1932,2,0,2,1f.csv
1932,4,4,0,1g.csv
1932,3,3,0,1h.csv
1932,2,2,0,1i.csv
1932,1,0,1,1j.csv
1932,0,0,0,1k.csv
1932,2,1,1,1l.csv
1932,0,0,0,1m.csv
1932,2,1,1,2a.csv
1932,1,1,0,2b.csv
1932,3,3,0,2c.csv
1932,1,1,0,2d.csv
1932,0,0,0,2e.csv
1932,0,0,0,2f.csv
1932,0,0,0,2g.csv
1932,0,0,0,2h.csv
1932,0,0,0,2i.csv
1932,0,0,0,2j.csv
1932,0,0,0,2k.csv
1932,5,4,1,2l.csv
1932,3,3,0,3a.csv
1932,0,0,0,3b.csv
1932,10,7,3,3c.csv
1932,10,7,3,3d.csv
1932,5,5,0,3e.csv
1932,2,2,0,3f.csv
1932,1,0,1,3g.csv
1933,4,2,2,1a.csv
1933,4,3,1,1b.csv
1933,8,3,5,1c.csv
1933,0,0,0,1e.csv
1933,3,0,3,1f.csv
1933,3,3,0,1g.csv
1933,3,3,0,1h.csv
1933,2,2,0,1i.csv
1933,2,1,1,1j.csv
1933,0,0,0,1k.csv
1933,2,1,1,1l.csv
1933,0,0,0,1m.csv
1933,1,1,0,2a.csv
1933,1,1,0,2b.csv
1933,3,3,0,2c.csv
1933,1,1,0,2d.csv
1933,0,0,0,2e.csv
1933,0,0,0,2f.csv
1933,0,0,0,2g.csv
1933,0,0,0,2h.csv
1933,0,0,0,2i.csv
1933,0,0,0,2j.csv
1933,0,0,0,2k.csv
1933,5,4,1,2l.csv
1933,3,3,0,3a.csv
1933,0,0,0,3b.csv
1933,9,6,3,3c.csv
1933,9,6,3,3d.csv
1933,6,6,0,3e.csv
1933,3,3,0,3f.csv
1933,1,0,1,3g.csv
1934,4,2,2,1a.csv
1934,3,2,1,1b.csv
1934,6,2,4,1c.csv
1934,0,0,0,1e.csv
1934,3,0,3,1f.csv
1934,3,3,0,1g.csv
1934,3,3,0,1h.csv
1934,2,2,0,1i.csv
1934,2,1,1,1j.csv
1934,0,0,0,1k.csv
1934,3,2,1,1l.csv
1934,0,0,0,1m.csv
1934,2,2,0,2a.csv
1934,1,1,0,2b.csv
1934,3,3,0,2c.csv
1934,1,1,0,2d.csv
1934,0,0,0,2e.csv
1934,1,1,0,2f.csv
1934,0,0,0,2g.csv
1934,0,0,0,2h.csv
1934,0,0,0,2i.csv
1934,0,0,0,2j.csv
1934,0,0,0,2k.csv
1934,3,2,1,2l.csv
1934,3,3,0,3a.csv
1934,1,1,0,3b.csv
1934,10,7,3,3c.csv
1934,10,7,3,3d.csv
1934,7,7,0,3e.csv
1934,3,3,0,3f.csv
1934,1,0,1,3g.csv
1935,5,4,1,1a.csv
1935,3,2,1,1b.csv
1935,5,1,4,1c.csv
1935,0,0,0,1e.csv
1935,3,0,3,1f.csv
1935,5,4,1,1g.csv
1935,4,4,0,1h.csv
1935,1,1,0,1i.csv
1935,2,1,1,1j.csv
1935,0,0,0,1k.csv
1935,4,3,1,1l.csv
1935,0,0,0,1m.csv
1935,2,2,0,2a.csv
1935,1,1,0,2b.csv
1935,3,3,0,2c.csv
1935,1,1,0,2d.csv
1935,0,0,0,2e.csv
1935,1,1,0,2f.csv
1935,0,0,0,2g.csv
1935,0,0,0,2h.csv
1935,1,1,0,2i.csv
1935,0,0,0,2j.csv
1935,0,0,0,2k.csv
1935,4,3,1,2l.csv
1935,3,3,0,3a.csv
1935,1,1,0,3b.csv
1935,11,8,3,3c.csv
1935,11,8,3,3d.csv
1935,7,7,0,3e.csv
1935,3,3,0,3f.csv
1935,1,0,1,3g.csv
1936,5,4,1,1a.csv
1936,2,1,1,1b.csv
1936,5,1,4,1c.csv
1936,0,0,0,1e.csv
1936,2,0,2,1f.csv
1936,4,3,1,1g.csv
1936,4,4,0,1h.csv
1936,2,1,1,1i.csv
1936,2,1,1,1j.csv
1936,0,0,0,1k.csv
1936,4,3,1,1l.csv
1936,0,0,0,1m.csv
1936,2,2,0,2a.csv
1936,1,1,0,2b.csv
1936,3,3,0,2c.csv
1936,1,1,0,2d.csv
1936,0,0,0,2e.csv
1936,1,1,0,2f.csv
1936,0,0,0,2g.csv
1936,0,0,0,2h.csv
1936,2,2,0,2i.csv
1936,0,0,0,2j.csv
1936,0,0,0,2k.csv
1936,4,3,1,2l.csv
1936,3,3,0,3a.csv
1936,1,1,0,3b.csv
1936,12,8,4,3c.csv
1936,12,8,4,3d.csv
1936,5,5,0,3e.csv
1936,4,4,0,3f.csv
1936,0,0,0,3g.csv
1937,5,4,1,1a.csv
1937,2,1,1,1b.csv
1937,5,2,3,1c.csv
1937,0,0,0,1e.csv
1937,2,0,2,1f.csv
1937,4,3,1,1g.csv
1937,4,4,0,1h.csv
1937,2,1,1,1i.csv
1937,2,1,1,1j.csv
1937,0,0,0,1k.csv
1937,5,4,1,1l.csv
1937,0,0,0,1m.csv
1937,2,2,0,2a.csv
1937,1,1,0,2b.csv
1937,2,2,0,2c.csv
1937,1,1,0,2d.csv
1937,0,0,0,2e.csv
1937,1,1,0,2f.csv
1937,0,0,0,2g.csv
1937,0,0,0,2h.csv
1937,2,2,0,2i.csv
1937,0,0,0,2j.csv
1937,0,0,0,2k.csv
1937,2,2,0,2l.csv
1937,3,3,0,3a.csv
1937,2,2,0,3b.csv
1937,13,8,5,3c.csv
1937,13,8,5,3d.csv
1937,5,5,0,3e.csv
1937,5,4,1,3f.csv
1937,0,0,0,3g.csv
1938,7,4,3,1a.csv
1938,3,1,2,1b.csv
1938,3,2,1,1c.csv
1938,0,0,0,1e.csv
1938,2,0,2,1f.csv
1938,4,3,1,1g.csv
1938,3,3,0,1h.csv
1938,2,1,1,1i.csv
1938,2,1,1,1j.csv
1938,0,0,0,1k.csv
1938,5,4,1,1l.csv
1938,0,0,0,1m.csv
1938,2,2,0,2a.csv
1938,0,0,0,2b.csv
1938,2,2,0,2c.csv
1938,1,1,0,2d.csv
1938,0,0,0,2e.csv
1938,1,1,0,2f.csv
1938,0,0,0,2g.csv
1938,0,0,0,2h.csv
1938,2,2,0,2i.csv
1938,0,0,0,2j.csv
1938,0,0,0,2k.csv
1938,6,5,1,2l.csv
1938,2,2,0,3a.csv
1938,2,2,0,3b.csv
1938,11,6,5,3c.csv
1938,11,6,5,3d.csv
1938,6,5,1,3e.csv
1938,5,4,1,3f.csv
1938,1,1,0,3g.csv
1939,7,4,3,1a.csv
1939,3,1,2,1b.csv
1939,3,2,1,1c.csv
1939,1,1,0,1e.csv
1939,2,0,2,1f.csv
1939,4,2,2,1g.csv
1939,2,2,0,1h.csv
1939,2,1,1,1i.csv
1939,2,1,1,1j.csv
1939,0,0,0,1k.csv
1939,6,5,1,1l.csv
1939,0,0,0,1m.csv
1939,3,3,0,2a.csv
1939,0,0,0,2b.csv
1939,0,0,0,2c.csv
1939,1,1,0,2d.csv
1939,0,0,0,2e.csv
1939,1,1,0,2f.csv
1939,0,0,0,2g.csv
1939,0,0,0,2h.csv
1939,2,2,0,2i.csv
1939,0,0,0,2j.csv
1939,0,0,0,2k.csv
1939,6,5,1,2l.csv
1939,2,2,0,3a.csv
1939,2,2,0,3b.csv
1939,9,5,4,3c.csv
1939,9,5,4,3d.csv
1939,6,4,2,3e.csv
1939,5,4,1,3f.csv
1939,1,1,0,3g.csv
1940,6,4,2,1a.csv
1940,2,1,1,1b.csv
1940,3,2,1,1c.csv
1940,1,1,0,1e.csv
1940,1,0,1,1f.csv
1940,4,2,2,1g.csv
1940,1,1,0,1h.csv
1940,1,0,1,1i.csv
1940,1,1,0,1j.csv
1940,0,0,0,1k.csv
1940,5,4,1,1l.csv
1940,0,0,0,1m.csv
1940,3,2,1,2a.csv
1940,0,0,0,2b.csv
1940,0,0,0,2c.csv
1940,0,0,0,2d.csv
1940,0,0,0,2e.csv
1940,1,1,0,2f.csv
1940,0,0,0,2g.csv
1940,0,0,0,2h.csv
1940,2,2,0,2i.csv
1940,0,0,0,2j.csv
1940,0,0,0,2k.csv
1940,7,6,1,2l.csv
1940,2,2,0,3a.csv
1940,3,3,0,3b.csv
1940,10,5,5,3c.csv
1940,10,5,5,3d.csv
1940,9,6,3,3e.csv
1940,5,4,1,3f.csv
1940,1,1,0,3g.csv
1941,7,5,2,1a.csv
1941,2,1,1,1b.csv
1941,4,2,2,1c.csv
1941,1,1,0,1e.csv
1941,0,0,0,1f.csv
1941,4,2,2,1g.csv
1941,1,1,0,1h.csv
1941,1,0,1,1i.csv
1941,0,0,0,1j.csv
1941,0,0,0,1k.csv
1941,6,6,0,1l.csv
1941,0,0,0,1m.csv
1941,5,3,2,2a.csv
1941,0,0,0,2b.csv
1941,0,0,0,2c.csv
1941,0,0,0,2d.csv
1941,0,0,0,2e.csv
1941,1,1,0,2f.csv
1941,0,0,0,2g.csv
1941,0,0,0,2h.csv
1941,2,2,0,2i.csv
1941,0,0,0,2j.csv
1941,0,0,0,2k.csv
1941,7,6,1,2l.csv
1941,2,2,0,3a.csv
1941,3,3,0,3b.csv
1941,10,5,5,3c.csv
1941,10,5,5,3d.csv
1941,10,7,3,3e.csv
1941,4,3,1,3f.csv
1941,1,1,0,3g.csv
1942,7,5,2,1a.csv
1942,2,1,1,1b.csv
1942,4,2,2,1c.csv
1942,1,1,0,1e.csv
1942,0,0,0,1f.csv
1942,5,3,2,1g.csv
1942,2,1,1,1h.csv
1942,1,0,1,1i.csv
1942,0,0,0,1j.csv
1942,0,0,0,1k.csv
1942,6,6,0,1l.csv
1942,0,0,0,1m.csv
1942,4,2,2,2a.csv
1942,0,0,0,2b.csv
1942,0,0,0,2c.csv
1942,0,0,0,2d.csv
1942,0,0,0,2e.csv
1942,0,0,0,2f.csv
1942,0,0,0,2g.csv
1942,0,0,0,2h.csv
1942,2,2,0,2i.csv
1942,0,0,0,2j.csv
1942,0,0,0,2k.csv
1942,7,6,1,2l.csv
1942,1,1,0,3a.csv
1942,2,2,0,3b.csv
1942,9,4,5,3c.csv
1942,9,4,5,3d.csv
1942,11,7,4,3e.csv
1942,4,3,1,3f.csv
1942,1,1,0,3g.csv
1943,6,3,3,1a.csv
1943,2,1,1,1b.csv
1943,4,2,2,1c.csv
1943,1,1,0,1e.csv
1943,0,0,0,1f.csv
1943,3,2,1,1g.csv
1943,1,0,1,1h.csv
1943,1,0,1,1i.csv
1943,0,0,0,1j.csv
1943,0,0,0,1k.csv
1943,6,6,0,1l.csv
1943,0,0,0,1m.csv
1943,4,2,2,2a.csv
1943,0,0,0,2b.csv
1943,0,0,0,2c.csv
1943,0,0,0,2d.csv
1943,0,0,0,2e.csv
1943,0,0,0,2f.csv
1943,0,0,0,2g.csv
1943,0,0,0,2h.csv
1943,1,1,0,2i.csv
1943,0,0,0,2j.csv
1943,0,0,0,2k.csv
1943,6,5,1,2l.csv
1943,1,1,0,3a.csv
1943,2,2,0,3b.csv
1943,9,4,5,3c.csv
1943,9,4,5,3d.csv
1943,13,8,5,3e.csv
1943,4,3,1,3f.csv
1943,1,1,0,3g.csv
1944,7,4,3,1a.csv
1944,2,1,1,1b.csv
1944,5,1,4,1c.csv
1944,1,1,0,1e.csv
1944,0,0,0,1f.csv
1944,3,2,1,1g.csv
1944,1,0,1,1h.csv
1944,1,1,0,1i.csv
1944,0,0,0,1j.csv
1944,0,0,0,1k.csv
1944,8,8,0,1l.csv
1944,0,0,0,1m.csv
1944,4,2,2,2a.csv
1944,0,0,0,2b.csv
1944,0,0,0,2c.csv
1944,0,0,0,2d.csv
1944,0,0,0,2e.csv
1944,0,0,0,2f.csv
1944,0,0,0,2g.csv
1944,0,0,0,2h.csv
1944,0,0,0,2i.csv
1944,0,0,0,2j.csv
1944,0,0,0,2k.csv
1944,5,4,1,2l.csv
1944,3,3,0,3a.csv
1944,2,2,0,3b.csv
1944,7,3,4,3c.csv
1944,7,3,4,3d.csv
1944,13,8,5,3e.csv
1944,5,4,1,3f.csv
1944,2,2,0,3g.csv
1945,8,4,4,1a.csv
1945,3,1,2,1b.csv
1945,4,0,4,1c.csv
1945,1,1,0,1e.csv
1945,0,0,0,1f.csv
1945,3,2,1,1g.csv
1945,1,0,1,1h.csv
1945,1,1,0,1i.csv
1945,0,0,0,1j.csv
1945,0,0,0,1k.csv
1945,8,8,0,1l.csv
1945,0,0,0,1m.csv
1945,4,2,2,2a.csv
1945,0,0,0,2b.csv
1945,0,0,0,2c.csv
1945,0,0,0,2d.csv
1945,0,0,0,2e.csv
1945,0,0,0,2f.csv
1945,0,0,0,2g.csv
1945,0,0,0,2h.csv
1945,0,0,0,2i.csv
1945,0,0,0,2j.csv
1945,0,0,0,2k.csv
1945,6,4,2,2l.csv
1945,2,2,0,3a.csv
1945,1,1,0,3b.csv
1945,5,3,2,3c.csv
1945,5,3,2,3d.csv
1945,12,7,5,3e.csv
1945,4,4,0,3f.csv
1945,2,2,0,3g.csv
1946,6,4,2,1a.csv
1946,2,1,1,1b.csv
1946,4,0,4,1c.csv
1946,2,2,0,1e.csv
1946,0,0,0,1f.csv
1946,3,2,1,1g.csv
1946,1,0,1,1h.csv
1946,1,1,0,1i.csv
1946,1,1,0,1j.csv
1946,0,0,0,1k.csv
1946,8,8,0,1l.csv
1946,0,0,0,1m.csv
1946,4,2,2,2a.csv
1946,0,0,0,2b.csv
1946,0,0,0,2c.csv
1946,0,0,0,2d.csv
1946,0,0,0,2e.csv
1946,0,0,0,2f.csv
1946,0,0,0,2g.csv
1946,0,0,0,2h.csv
1946,0,0,0,2i.csv
1946,0,0,0,2j.csv
1946,0,0,0,2k.csv
1946,2,1,1,2l.csv
1946,3,3,0,3a.csv
1946,1,1,0,3b.csv
1946,6,3,3,3c.csv
1946,6,3,3,3d.csv
1946,10,6,4,3e.csv
1946,3,3,0,3f.csv
1946,1,1,0,3g.csv
1947,7,5,2,1a.csv
1947,2,1,1,1b.csv
1947,4,0,4,1c.csv
1947,1,1,0,1e.csv
1947,0,0,0,1f.csv
1947,1,1,0,1g.csv
1947,1,0,1,1h.csv
1947,1,1,0,1i.csv
1947,1,1,0,1j.csv
1947,1,1,0,1k.csv
1947,8,8,0,1l.csv
1947,0,0,0,1m.csv
1947,3,1,2,2a.csv
1947,0,0,0,2b.csv
1947,0,0,0,2c.csv
1947,0,0,0,2d.csv
1947,0,0,0,2e.csv
1947,0,0,0,2f.csv
1947,0,0,0,2g.csv
1947,0,0,0,2h.csv
1947,0,0,0,2i.csv
1947,0,0,0,2j.csv
1947,0,0,0,2k.csv
1947,2,1,1,2l.csv
1947,5,5,0,3a.csv
1947,1,1,0,3b.csv
1947,5,2,3,3c.csv
1947,5,2,3,3d.csv
1947,10,7,3,3e.csv
1947,4,4,0,3f.csv
1947,2,2,0,3g.csv
1948,9,5,4,1a.csv
1948,2,1,1,1b.csv
1948,3,0,3,1c.csv
1948,1,1,0,1e.csv
1948,0,0,0,1f.csv
1948,1,1,0,1g.csv
1948,1,0,1,1h.csv
1948,1,1,0,1i.csv
1948,1,1,0,1j.csv
1948,1,1,0,1k.csv
1948,8,8,0,1l.csv
1948,0,0,0,1m.csv
1948,2,1,1,2a.csv
1948,0,0,0,2b.csv
1948,0,0,0,2c.csv
1948,0,0,0,2d.csv
1948,0,0,0,2e.csv
1948,0,0,0,2f.csv
1948,0,0,0,2g.csv
1948,0,0,0,2h.csv
1948,0,0,0,2i.csv
1948,0,0,0,2j.csv
1948,0,0,0,2k.csv
1948,3,1,2,2l.csv
1948,5,5,0,3a.csv
1948,0,0,0,3b.csv
1948,2,1,1,3c.csv
1948,2,1,1,3d.csv
1948,9,6,3,3e.csv
1948,4,4,0,3f.csv
1948,2,2,0,3g.csv
1949,8,4,4,1a.csv
1949,3,2,1,1b.csv
1949,2,0,2,1c.csv
1949,1,1,0,1e.csv
1949,0,0,0,1f.csv
1949,1,1,0,1g.csv
1949,1,0,1,1h.csv
1949,1,1,0,1i.csv
1949,1,1,0,1j.csv
1949,1,1,0,1k.csv
1949,7,7,0,1l.csv
1949,1,0,1,1m.csv
1949,0,0,0,2a.csv
1949,0,0,0,2b.csv
1949,0,0,0,2c.csv
1949,0,0,0,2d.csv
1949,0,0,0,2e.csv
1949,0,0,0,2f.csv
1949,0,0,0,2g.csv
1949,0,0,0,2h.csv
1949,0,0,0,2i.csv
1949,0,0,0,2j.csv
1949,0,0,0,2k.csv
1949,4,2,2,2l.csv
1949,6,6,0,3a.csv
1949,1,0,1,3b.csv
1949,3,2,1,3c.csv
1949,3,2,1,3d.csv
1949,8,5,3,3e.csv
1949,5,5,0,3f.csv
1949,2,2,0,3g.csv
1950,9,4,5,1a.csv
1950,3,2,1,1b.csv
1950,2,0,2,1c.csv
1950,2,2,0,1e.csv
1950,0,0,0,1f.csv
1950,0,0,0,1g.csv
1950,0,0,0,1h.csv
1950,1,1,0,1i.csv
1950,1,1,0,1j.csv
1950,1,1,0,1k.csv
1950,6,6,0,1l.csv
1950,1,0,1,1m.csv
1950,0,0,0,2a.csv
1950,1,1,0,2b.csv
1950,0,0,0,2c.csv
1950,0,0,0,2d.csv
1950,0,0,0,2e.csv
1950,0,0,0,2f.csv
1950,0,0,0,2g.csv
1950,0,0,0,2h.csv
1950,0,0,0,2i.csv
1950,0,0,0,2j.csv
1950,0,0,0,2k.csv
1950,4,2,2,2l.csv
1950,6,6,0,3a.csv
1950,2,1,1,3b.csv
1950,3,2,1,3c.csv
1950,3,2,1,3d.csv
1950,7,5,2,3e.csv
1950,5,5,0,3f.csv
1950,2,2,0,3g.csv
1951,8,4,4,1a.csv
1951,3,2,1,1b.csv
1951,3,0,3,1c.csv
1951,2,2,0,1e.csv
1951,0,0,0,1f.csv
1951,0,0,0,1g.csv
1951,0,0,0,1h.csv
1951,1,1,0,1i.csv
1951,1,1,0,1j.csv
1951,1,1,0,1k.csv
1951,5,5,0,1l.csv
1951,1,0,1,1m.csv
1951,1,1,0,2a.csv
1951,1,1,0,2b.csv
1951,0,0,0,2c.csv
1951,0,0,0,2d.csv
1951,0,0,0,2e.csv
1951,0,0,0,2f.csv
1951,0,0,0,2g.csv
1951,0,0,0,2h.csv
1951,0,0,0,2i.csv
1951,0,0,0,2j.csv
1951,0,0,0,2k.csv
1951,4,2,2,2l.csv
1951,6,6,0,3a.csv
1951,2,1,1,3b.csv
1951,4,1,3,3c.csv
1951,4,1,3,3d.csv
1951,6,5,1,3e.csv
1951,5,5,0,3f.csv
1951,2,2,0,3g.csv
1952,8,3,5,1a.csv
1952,3,2,1,1b.csv
1952,1,0,1,1c.csv
1952,2,2,0,1e.csv
1952,0,0,0,1f.csv
1952,0,0,0,1g.csv
1952,0,0,0,1h.csv
1952,0,0,0,1i.csv
1952,1,1,0,1j.csv
1952,1,1,0,1k.csv
1952,3,3,0,1l.csv
1952,1,0,1,1m.csv
1952,1,1,0,2a.csv
1952,1,1,0,2b.csv
1952,0,0,0,2c.csv
1952,0,0,0,2d.csv
1952,0,0,0,2e.csv
1952,0,0,0,2f.csv
1952,0,0,0,2g.csv
1952,0,0,0,2h.csv
1952,0,0,0,2i.csv
1952,0,0,0,2j.csv
1952,0,0,0,2k.csv
1952,5,3,2,2l.csv
1952,6,5,1,3a.csv
1952,3,1,2,3b.csv
1952,7,4,3,3c.csv
1952,7,4,3,3d.csv
1952,7,6,1,3e.csv
1952,3,3,0,3f.csv
1952,1,1,0,3g.csv
1953,7,2,5,1a.csv
1953,3,3,0,1b.csv
1953,1,0,1,1c.csv
1953,3,3,0,1e.csv
1953,0,0,0,1f.csv
1953,2,2,0,1g.csv
1953,1,1,0,1h.csv
1953,0,0,0,1i.csv
1953,1,1,0,1j.csv
1953,2,2,0,1k.csv
1953,2,2,0,1l.csv
1953,1,0,1,1m.csv
1953,1,1,0,2a.csv
1953,1,1,0,2b.csv
1953,0,0,0,2c.csv
1953,1,1,0,2d.csv
1953,0,0,0,2e.csv
1953,0,0,0,2f.csv
1953,0,0,0,2g.csv
1953,0,0,0,2h.csv
1953,0,0,0,2i.csv
1953,0,0,0,2j.csv
1953,0,0,0,2k.csv
1953,4,3,1,2l.csv
1953,6,5,1,3a.csv
1953,5,3,2,3b.csv
1953,9,6,3,3c.csv
1953,9,6,3,3d.csv
1953,10,8,2,3e.csv
1953,4,3,1,3f.csv
1953,1,1,0,3g.csv
1954,8,3,5,1a.csv
1954,3,3,0,1b.csv
1954,1,0,1,1c.csv
1954,2,2,0,1e.csv
1954,0,0,0,1f.csv
1954,2,2,0,1g.csv
1954,1,1,0,1h.csv
1954,0,0,0,1i.csv
1954,0,0,0,1j.csv
1954,2,2,0,1k.csv
1954,2,2,0,1l.csv
1954,1,0,1,1m.csv
1954,1,1,0,2a.csv
1954,1,1,0,2b.csv
1954,0,0,0,2c.csv
1954,1,1,0,2d.csv
1954,0,0,0,2e.csv
1954,1,1,0,2f.csv
1954,0,0,0,2g.csv
1954,0,0,0,2h.csv
1954,0,0,0,2i.csv
1954,0,0,0,2j.csv
1954,0,0,0,2k.csv
1954,4,3,1,2l.csv
1954,5,4,1,3a.csv
1954,5,3,2,3b.csv
1954,9,7,2,3c.csv
1954,9,7,2,3d.csv
1954,11,9,2,3e.csv
1954,4,3,1,3f.csv
1954,1,1,0,3g.csv
1955,7,2,5,1a.csv
1955,3,3,0,1b.csv
1955,2,0,2,1c.csv
1955,2,2,0,1e.csv
1955,0,0,0,1f.csv
1955,2,2,0,1g.csv
1955,2,2,0,1h.csv
1955,0,0,0,1i.csv
1955,0,0,0,1j.csv
1955,1,1,0,1k.csv
1955,1,1,0,1l.csv
1955,1,0,1,1m.csv
1955,2,2,0,2a.csv
1955,1,1,0,2b.csv
1955,0,0,0,2c.csv
1955,1,1,0,2d.csv
1955,0,0,0,2e.csv
1955,1,1,0,2f.csv
1955,0,0,0,2g.csv
1955,0,0,0,2h.csv
1955,0,0,0,2i.csv
1955,0,0,0,2j.csv
1955,0,0,0,2k.csv
1955,5,4,1,2l.csv
1955,3,2,1,3a.csv
1955,5,3,2,3b.csv
1955,9,7,2,3c.csv
1955,9,7,2,3d.csv
1955,11,8,3,3e.csv
1955,2,1,1,3f.csv
1955,1,1,0,3g.csv
1956,4,1,3,1a.csv
1956,3,3,0,1b.csv
1956,2,0,2,1c.csv
1956,2,2,0,1e.csv
1956,0,0,0,1f.csv
1956,2,2,0,1g.csv
1956,2,2,0,1h.csv
1956,0,0,0,1i.csv
1956,0,0,0,1j.csv
1956,1,1,0,1k.csv
1956,2,2,0,1l.csv
1956,2,1,1,1m.csv
1956,2,2,0,2a.csv
1956,1,1,0,2b.csv
1956,0,0,0,2c.csv
1956,1,1,0,2d.csv
1956,0,0,0,2e.csv
1956,1,1,0,2f.csv
1956,0,0,0,2g.csv
1956,0,0,0,2h.csv
1956,0,0,0,2i.csv
1956,0,0,0,2j.csv
1956,0,0,0,2k.csv
1956,4,4,0,2l.csv
1956,4,3,1,3a.csv
1956,6,4,2,3b.csv
1956,9,7,2,3c.csv
1956,9,7,2,3d.csv
1956,9,7,2,3e.csv
1956,2,1,1,3f.csv
1956,1,1,0,3g.csv
1957,5,2,3,1a.csv
1957,2,2,0,1b.csv
1957,2,0,2,1c.csv
1957,2,2,0,1e.csv
1957,0,0,0,1f.csv
1957,2,2,0,1g.csv
1957,2,2,0,1h.csv
1957,0,0,0,1i.csv
1957,0,0,0,1j.csv
1957,1,1,0,1k.csv
1957,1,1,0,1l.csv
1957,2,2,0,1m.csv
1957,2,2,0,2a.csv
1957,1,1,0,2b.csv
1957,1,1,0,2c.csv
1957,1,1,0,2d.csv
1957,0,0,0,2e.csv
1957,1,1,0,2f.csv
1957,0,0,0,2g.csv
1957,0,0,0,2h.csv
1957,0,0,0,2i.csv
1957,0,0,0,2j.csv
1957,0,0,0,2k.csv
1957,4,3,1,2l.csv
1957,5,4,1,3a.csv
1957,5,4,1,3b.csv
1957,8,6,2,3c.csv
1957,8,6,2,3d.csv
1957,9,7,2,3e.csv
1957,2,1,1,3f.csv
1957,1,1,0,3g.csv
1958,4,2,2,1a.csv
1958,1,1,0,1b.csv
1958,2,0,2,1c.csv
1958,1,1,0,1e.csv
1958,0,0,0,1f.csv
1958,2,2,0,1g.csv
1958,2,2,0,1h.csv
1958,0,0,0,1i.csv
1958,0,0,0,1j.csv
1958,1,1,0,1k.csv
1958,1,1,0,1l.csv
1958,2,2,0,1m.csv
1958,2,2,0,2a.csv
1958,0,0,0,2b.csv
1958,2,2,0,2c.csv
1958,1,1,0,2d.csv
1958,0,0,0,2e.csv
1958,1,1,0,2f.csv
1958,0,0,0,2g.csv
1958,0,0,0,2h.csv
1958,0,0,0,2i.csv
1958,0,0,0,2j.csv
1958,0,0,0,2k.csv
1958,4,3,1,2l.csv
1958,6,5,1,3a.csv
1958,8,6,2,3b.csv
1958,8,6,2,3c.csv
1958,8,6,2,3d.csv
1958,12,9,3,3e.csv
1958,2,1,1,3f.csv
1958,1,1,0,3g.csv
1959,4,2,2,1a.csv
1959,1,1,0,1b.csv
1959,1,0,1,1c.csv
1959,1,1,0,1e.csv
1959,0,0,0,1f.csv
1959,3,3,0,1g.csv
1959,2,2,0,1h.csv
1959,0,0,0,1i.csv
1959,0,0,0,1j.csv
1959,1,1,0,1k.csv
1959,1,1,0,1l.csv
1959,2,2,0,1m.csv
1959,1,1,0,2a.csv
1959,1,1,0,2b.csv
1959,2,2,0,2c.csv
1959,1,1,0,2d.csv
1959,0,0,0,2e.csv
1959,1,1,0,2f.csv
1959,0,0,0,2g.csv
1959,0,0,0,2h.csv
1959,0,0,0,2i.csv
1959,0,0,0,2j.csv
1959,0,0,0,2k.csv
1959,5,4,1,2l.csv
1959,7,6,1,3a.csv
1959,10,8,2,3b.csv
1959,6,6,0,3c.csv
1959,6,6,0,3d.csv
1959,12,9,3,3e.csv
1959,2,1,1,3f.csv
1959,1,1,0,3g.csv
1960,3,2,1,1a.csv
1960,1,1,0,1b.csv
1960,1,0,1,1c.csv
1960,1,1,0,1e.csv
1960,0,0,0,1f.csv
1960,3,3,0,1g.csv
1960,2,2,0,1h.csv
1960,0,0,0,1i.csv
1960,1,1,0,1j.csv
1960,1,1,0,1k.csv
1960,1,1,0,1l.csv
1960,2,2,0,1m.csv
1960,1,1,0,2a.csv
1960,1,1,0,2b.csv
1960,3,2,1,2c.csv
1960,2,1,1,2d.csv
1960,0,0,0,2e.csv
1960,1,1,0,2f.csv
1960,0,0,0,2g.csv
1960,0,0,0,2h.csv
1960,0,0,0,2i.csv
1960,0,0,0,2j.csv
1960,0,0,0,2k.csv
1960,5,4,1,2l.csv
1960,7,6,1,3a.csv
1960,9,8,1,3b.csv
1960,4,4,0,3c.csv
1960,4,4,0,3d.csv
1960,11,8,3,3e.csv
1960,2,1,1,3f.csv
1960,1,1,0,3g.csv
1961,2,2,0,1a.csv
1961,0,0,0,1b.csv
1961,1,0,1,1c.csv
1961,0,0,0,1e.csv
1961,0,0,0,1f.csv
1961,1,1,0,1g.csv
1961,1,1,0,1h.csv
1961,0,0,0,1i.csv
1961,1,1,0,1j.csv
1961,0,0,0,1k.csv
1961,1,1,0,1l.csv
1961,2,2,0,1m.csv
1961,3,3,0,2a.csv
1961,1,1,0,2b.csv
1961,4,3,1,2c.csv
1961,1,0,1,2d.csv
1961,0,0,0,2e.csv
1961,1,1,0,2f.csv
1961,0,0,0,2g.csv
1961,0,0,0,2h.csv
1961,0,0,0,2i.csv
1961,0,0,0,2j.csv
1961,0,0,0,2k.csv
1961,5,4,1,2l.csv
1961,7,6,1,3a.csv
1961,9,7,2,3b.csv
1961,2,2,0,3c.csv
1961,2,2,0,3d.csv
1961,9,7,2,3e.csv
1961,1,1,0,3f.csv
1961,1,1,0,3g.csv
1962,1,1,0,1a.csv
1962,1,1,0,1b.csv
1962,1,0,1,1c.csv
1962,0,0,0,1e.csv
1962,0,0,0,1f.csv
1962,1,1,0,1g.csv
1962,1,1,0,1h.csv
1962,0,0,0,1i.csv
1962,1,1,0,1j.csv
1962,0,0,0,1k.csv
1962,1,1,0,1l.csv
1962,2,2,0,1m.csv
1962,3,3,0,2a.csv
1962,1,1,0,2b.csv
1962,4,3,1,2c.csv
1962,2,1,1,2d.csv
1962,0,0,0,2e.csv
1962,0,0,0,2f.csv
1962,0,0,0,2g.csv
1962,0,0,0,2h.csv
1962,0,0,0,2i.csv
1962,0,0,0,2j.csv
1962,0,0,0,2k.csv
1962,5,4,1,2l.csv
1962,7,6,1,3a.csv
1962,10,8,2,3b.csv
1962,1,1,0,3c.csv
1962,1,1,0,3d.csv
1962,11,9,2,3e.csv
1962,1,1,0,3f.csv
1962,2,2,0,3g.csv
1963,2,2,0,1a.csv
1963,1,1,0,1b.csv
1963,0,0,0,1c.csv
1963,0,0,0,1e.csv
1963,0,0,0,1f.csv
1963,1,1,0,1g.csv
1963,0,0,0,1h.csv
1963,0,0,0,1i.csv
1963,1,1,0,1j.csv
1963,0,0,0,1k.csv
1963,1,1,0,1l.csv
1963,2,2,0,1m.csv
1963,2,2,0,2a.csv
1963,1,1,0,2b.csv
1963,4,3,1,2c.csv
1963,2,1,1,2d.csv
1963,0,0,0,2e.csv
1963,0,0,0,2f.csv
1963,0,0,0,2g.csv
1963,0,0,0,2h.csv
1963,0,0,0,2i.csv
1963,0,0,0,2j.csv
1963,0,0,0,2k.csv
1963,4,3,1,2l.csv
1963,8,7,1,3a.csv
1963,11,9,2,3b.csv
1963,2,2,0,3c.csv
1963,2,2,0,3d.csv
1963,11,10,1,3e.csv
1963,1,1,0,3f.csv
1963,1,1,0,3g.csv
1964,3,3,0,1a.csv
1964,1,1,0,1b.csv
1964,0,0,0,1c.csv
1964,1,1,0,1e.csv
1964,0,0,0,1f.csv
1964,1,1,0,1g.csv
1964,0,0,0,1h.csv
1964,0,0,0,1i.csv
1964,1,1,0,1j.csv
1964,0,0,0,1k.csv
1964,1,1,0,1l.csv
1964,1,1,0,1m.csv
1964,2,2,0,2a.csv
1964,1,1,0,2b.csv
1964,4,3,1,2c.csv
1964,2,1,1,2d.csv
1964,0,0,0,2e.csv
1964,0,0,0,2f.csv
1964,0,0,0,2g.csv
1964,0,0,0,2h.csv
1964,0,0,0,2i.csv
1964,0,0,0,2j.csv
1964,0,0,0,2k.csv
1964,4,2,2,2l.csv
1964,7,6,1,3a.csv
1964,11,9,2,3b.csv
1964,2,2,0,3c.csv
1964,2,2,0,3d.csv
1964,12,10,2,3e.csv
1964,2,2,0,3f.csv
1964,1,1,0,3g.csv
1965,3,3,0,1a.csv
1965,1,1,0,1b.csv
1965,0,0,0,1c.csv
1965,1,1,0,1e.csv
1965,1,1,0,1f.csv
1965,1,1,0,1g.csv
1965,0,0,0,1h.csv
1965,0,0,0,1i.csv
1965,1,1,0,1j.csv
1965,0,0,0,1k.csv
1965,2,2,0,1l.csv
1965,1,1,0,1m.csv
1965,2,2,0,2a.csv
1965,1,1,0,2b.csv
1965,3,2,1,2c.csv
1965,2,1,1,2d.csv
1965,0,0,0,2e.csv
1965,0,0,0,2f.csv
1965,0,0,0,2g.csv
1965,0,0,0,2h.csv
1965,0,0,0,2i.csv
1965,0,0,0,2j.csv
1965,0,0,0,2k.csv
1965,4,3,1,2l.csv
1965,5,4,1,3a.csv
1965,13,11,2,3b.csv
1965,2,2,0,3c.csv
1965,2,2,0,3d.csv
1965,11,9,2,3e.csv
1965,2,2,0,3f.csv
1965,1,1,0,3g.csv
1966,3,3,0,1a.csv
1966,2,1,1,1b.csv
1966,0,0,0,1c.csv
1966,1,1,0,1e.csv
1966,1,1,0,1f.csv
1966,1,1,0,1g.csv
1966,0,0,0,1h.csv
1966,0,0,0,1i.csv
1966,1,1,0,1j.csv
1966,0,0,0,1k.csv
1966,2,2,0,1l.csv
1966,1,1,0,1m.csv
1966,2,2,0,2a.csv
1966,1,1,0,2b.csv
1966,2,1,1,2c.csv
1966,3,1,2,2d.csv
1966,0,0,0,2e.csv
1966,0,0,0,2f.csv
1966,0,0,0,2g.csv
1966,0,0,0,2h.csv
1966,0,0,0,2i.csv
1966,0,0,0,2j.csv
1966,0,0,0,2k.csv
1966,4,3,1,2l.csv
1966,4,3,1,3a.csv
1966,11,10,1,3b.csv
1966,3,3,0,3c.csv
1966,3,3,0,3d.csv
1966,9,7,2,3e.csv
1966,2,2,0,3f.csv
1966,1,1,0,3g.csv
1967,4,3,1,1a.csv
1967,2,1,1,1b.csv
1967,0,0,0,1c.csv
1967,2,1,1,1e.csv
1967,1,1,0,1f.csv
1967,0,0,0,1g.csv
1967,0,0,0,1h.csv
1967,0,0,0,1i.csv
1967,1,1,0,1j.csv
1967,0,0,0,1k.csv
1967,2,2,0,1l.csv
1967,1,1,0,1m.csv
1967,2,2,0,2a.csv
1967,0,0,0,2b.csv
1967,2,1,1,2c.csv
1967,4,2,2,2d.csv
1967,0,0,0,2e.csv
1967,0,0,0,2f.csv
1967,0,0,0,2g.csv
1967,0,0,0,2h.csv
1967,0,0,0,2i.csv
1967,0,0,0,2j.csv
1967,0,0,0,2k.csv
1967,3,2,1,2l.csv
1967,3,2,1,3a.csv
1967,9,8,1,3b.csv
1967,3,3,0,3c.csv
1967,3,3,0,3d.csv
1967,8,6,2,3e.csv
1967,2,2,0,3f.csv
1967,1,1,0,3g.csv
1968,5,4,1,1a.csv
1968,2,1,1,1b.csv
1968,0,0,0,1c.csv
1968,2,1,1,1e.csv
1968,1,1,0,1f.csv
1968,0,0,0,1g.csv
1968,0,0,0,1h.csv
1968,0,0,0,1i.csv
1968,0,0,0,1j.csv
1968,0,0,0,1k.csv
1968,5,5,0,1l.csv
1968,1,1,0,1m.csv
1968,2,2,0,2a.csv
1968,0,0,0,2b.csv
1968,1,1,0,2c.csv
1968,3,2,1,2d.csv
1968,0,0,0,2e.csv
1968,0,0,0,2f.csv
1968,0,0,0,2g.csv
1968,0,0,0,2h.csv
1968,0,0,0,2i.csv
1968,0,0,0,2j.csv
1968,0,0,0,2k.csv
1968,2,1,1,2l.csv
1968,1,1,0,3a.csv
1968,9,8,1,3b.csv
1968,2,2,0,3c.csv
1968,2,2,0,3d.csv
1968,8,6,2,3e.csv
1968,3,3,0,3f.csv
1968,2,2,0,3g.csv
1969,5,4,1,1a.csv
1969,2,1,1,1b.csv
1969,1,1,0,1c.csv
1969,2,1,1,1e.csv
1969,1,1,0,1f.csv
1969,0,0,0,1g.csv
1969,0,0,0,1h.csv
1969,0,0,0,1i.csv
1969,0,0,0,1j.csv
1969,0,0,0,1k.csv
1969,5,5,0,1l.csv
1969,1,1,0,1m.csv
1969,0,0,0,2a.csv
1969,0,0,0,2b.csv
1969,0,0,0,2c.csv
1969,3,2,1,2d.csv
1969,0,0,0,2e.csv
1969,0,0,0,2f.csv
1969,0,0,0,2g.csv
1969,0,0,0,2h.csv
1969,0,0,0,2i.csv
1969,0,0,0,2j.csv
1969,1,1,0,2k.csv
1969,2,1,1,2l.csv
1969,2,2,0,3a.csv
1969,7,7,0,3b.csv
1969,2,2,0,3c.csv
1969,2,2,0,3d.csv
1969,8,6,2,3e.csv
1969,3,3,0,3f.csv
1969,2,2,0,3g.csv
1970,7,5,2,1a.csv
1970,1,0,1,1b.csv
1970,1,1,0,1c.csv
1970,2,1,1,1e.csv
1970,1,1,0,1f.csv
1970,0,0,0,1g.csv
1970,0,0,0,1h.csv
1970,0,0,0,1i.csv
1970,0,0,0,1j.csv
1970,0,0,0,1k.csv
1970,5,5,0,1l.csv
1970,1,1,0,1m.csv
1970,0,0,0,2a.csv
1970,0,0,0,2b.csv
1970,0,0,0,2c.csv
1970,2,1,1,2d.csv
1970,0,0,0,2e.csv
1970,0,0,0,2f.csv
1970,0,0,0,2g.csv
1970,0,0,0,2h.csv
1970,0,0,0,2i.csv
1970,0,0,0,2j.csv
1970,1,1,0,2k.csv
1970,2,1,1,2l.csv
1970,2,2,0,3a.csv
1970,7,6,1,3b.csv
1970,2,2,0,3c.csv
1970,2,2,0,3d.csv
1970,6,4,2,3e.csv
1970,3,3,0,3f.csv
1970,1,1,0,3g.csv
1971,6,4,2,1a.csv
1971,1,0,1,1b.csv
1971,1,1,0,1c.csv
1971,2,1,1,1e.csv
1971,1,1,0,1f.csv
1971,0,0,0,1g.csv
1971,0,0,0,1h.csv
1971,0,0,0,1i.csv
1971,0,0,0,1j.csv
1971,0,0,0,1k.csv
1971,6,6,0,1l.csv
1971,1,1,0,1m.csv
1971,0,0,0,2a.csv
1971,0,0,0,2b.csv
1971,0,0,0,2c.csv
1971,2,1,1,2d.csv
1971,0,0,0,2e.csv
1971,0,0,0,2f.csv
1971,0,0,0,2g.csv
1971,0,0,0,2h.csv
1971,0,0,0,2i.csv
1971,0,0,0,2j.csv
1971,1,1,0,2k.csv
1971,2,1,1,2l.csv
1971,3,3,0,3a.csv
1971,7,6,1,3b.csv
1971,1,1,0,3c.csv
1971,1,1,0,3d.csv
1971,7,3,4,3e.csv
1971,5,5,0,3f.csv
1971,1,1,0,3g.csv
1972,5,3,2,1a.csv
1972,1,0,1,1b.csv
1972,2,1,1,1c.csv
1972,1,0,1,1e.csv
1972,1,1,0,1f.csv
1972,1,1,0,1g.csv
1972,0,0,0,1h.csv
1972,0,0,0,1i.csv
1972,0,0,0,1j.csv
1972,0,0,0,1k.csv
1972,5,5,0,1l.csv
1972,1,1,0,1m.csv
1972,0,0,0,2a.csv
1972,0,0,0,2b.csv
1972,0,0,0,2c.csv
1972,2,1,1,2d.csv
1972,0,0,0,2e.csv
1972,0,0,0,2f.csv
1972,0,0,0,2g.csv
1972,0,0,0,2h.csv
1972,0,0,0,2i.csv
1972,0,0,0,2j.csv
1972,1,1,0,2k.csv
1972,1,1,0,2l.csv
1972,4,4,0,3a.csv
1972,6,5,1,3b.csv
1972,1,1,0,3c.csv
1972,1,1,0,3d.csv
1972,7,3,4,3e.csv
1972,4,4,0,3f.csv
1972,1,1,0,3g.csv
1973,5,2,3,1a.csv
1973,1,0,1,1b.csv
1973,2,1,1,1c.csv
1973,1,0,1,1e.csv
1973,0,0,0,1f.csv
1973,1,1,0,1g.csv
1973,0,0,0,1h.csv
1973,0,0,0,1i.csv
1973,0,0,0,1j.csv
1973,0,0,0,1k.csv
1973,4,4,0,1l.csv
1973,0,0,0,1m.csv
1973,0,0,0,2a.csv
1973,0,0,0,2b.csv
1973,0,0,0,2c.csv
1973,2,1,1,2d.csv
1973,0,0,0,2e.csv
1973,0,0,0,2f.csv
1973,0,0,0,2g.csv
1973,0,0,0,2h.csv
1973,0,0,0,2i.csv
1973,0,0,0,2j.csv
1973,1,1,0,2k.csv
1973,0,0,0,2l.csv
1973,5,5,0,3a.csv
1973,4,3,1,3b.csv
1973,4,4,0,3c.csv
1973,4,4,0,3d.csv
1973,7,3,4,3e.csv
1973,3,3,0,3f.csv
1973,1,1,0,3g.csv
1974,5,2,3,1a.csv
1974,0,0,0,1b.csv
1974,2,1,1,1c.csv
1974,1,0,1,1e.csv
1974,0,0,0,1f.csv
1974,1,1,0,1g.csv
1974,0,0,0,1h.csv
1974,0,0,0,1i.csv
1974,0,0,0,1j.csv
1974,0,0,0,1k.csv
1974,5,5,0,1l.csv
1974,0,0,0,1m.csv
1974,0,0,0,2a.csv
1974,0,0,0,2b.csv
1974,0,0,0,2c.csv
1974,1,1,0,2d.csv
1974,0,0,0,2e.csv
1974,0,0,0,2f.csv
1974,0,0,0,2g.csv
1974,0,0,0,2h.csv
1974,0,0,0,2i.csv
1974,0,0,0,2j.csv
1974,1,1,0,2k.csv
1974,0,0,0,2l.csv
1974,5,5,0,3a.csv
1974,3,1,2,3b.csv
1974,4,4,0,3c.csv
1974,4,4,0,3d.csv
1974,5,2,3,3e.csv
1974,4,4,0,3f.csv
1974,1,1,0,3g.csv
1975,4,2,2,1a.csv
1975,0,0,0,1b.csv
1975,2,1,1,1c.csv
1975,0,0,0,1e.csv
1975,0,0,0,1f.csv
1975,1,1,0,1g.csv
1975,0,0,0,1h.csv
1975,0,0,0,1i.csv
1975,0,0,0,1j.csv
1975,0,0,0,1k.csv
1975,7,6,1,1l.csv
1975,0,0,0,1m.csv
1975,0,0,0,2a.csv
1975,0,0,0,2b.csv
1975,1,1,0,2c.csv
1975,0,0,0,2d.csv
1975,0,0,0,2e.csv
1975,0,0,0,2f.csv
1975,0,0,0,2g.csv
1975,0,0,0,2h.csv
1975,0,0,0,2i.csv
1975,0,0,0,2j.csv
1975,1,1,0,2k.csv
1975,0,0,0,2l.csv
1975,5,5,0,3a.csv
1975,4,2,2,3b.csv
1975,5,5,0,3c.csv
1975,5,5,0,3d.csv
1975,6,3,3,3e.csv
1975,6,5,1,3f.csv
1975,1,1,0,3g.csv
1976,4,1,3,1a.csv
1976,0,0,0,1b.csv
1976,2,1,1,1c.csv
1976,0,0,0,1e.csv
1976,0,0,0,1f.csv
1976,1,1,0,1g.csv
1976,0,0,0,1h.csv
1976,0,0,0,1i.csv
1976,0,0,0,1j.csv
1976,0,0,0,1k.csv
1976,5,4,1,1l.csv
1976,0,0,0,1m.csv
1976,0,0,0,2a.csv
1976,0,0,0,2b.csv
1976,1,1,0,2c.csv
1976,1,1,0,2d.csv
1976,0,0,0,2e.csv
1976,0,0,0,2f.csv
1976,0,0,0,2g.csv
1976,0,0,0,2h.csv
1976,0,0,0,2i.csv
1976,0,0,0,2j.csv
1976,1,1,0,2k.csv
1976,0,0,0,2l.csv
1976,6,5,1,3a.csv
1976,4,2,2,3b.csv
1976,5,5,0,3c.csv
1976,5,5,0,3d.csv
1976,8,5,3,3e.csv
1976,5,4,1,3f.csv
1976,0,0,0,3g.csv
1977,6,2,4,1a.csv
1977,0,0,0,1b.csv
1977,1,0,1,1c.csv
1977,0,0,0,1e.csv
1977,1,0,1,1f.csv
1977,2,2,0,1g.csv
1977,0,0,0,1h.csv
1977,0,0,0,1i.csv
1977,0,0,0,1j.csv
1977,0,0,0,1k.csv
1977,6,5,1,1l.csv
1977,0,0,0,1m.csv
1977,0,0,0,2a.csv
1977,0,0,0,2b.csv
1977,1,1,0,2c.csv
1977,2,2,0,2d.csv
1977,0,0,0,2e.csv
1977,0,0,0,2f.csv
1977,0,0,0,2g.csv
1977,0,0,0,2h.csv
1977,0,0,0,2i.csv
1977,0,0,0,2j.csv
1977,0,0,0,2k.csv
1977,0,0,0,2l.csv
1977,6,5,1,3a.csv
1977,5,3,2,3b.csv
1977,5,5,0,3c.csv
1977,5,5,0,3d.csv
1977,7,4,3,3e.csv
1977,5,4,1,3f.csv
1977,0,0,0,3g.csv
1978,5,2,3,1a.csv
1978,0,0,0,1b.csv
1978,2,0,2,1c.csv
1978,0,0,0,1e.csv
1978,1,0,1,1f.csv
1978,2,2,0,1g.csv
1978,0,0,0,1h.csv
1978,0,0,0,1i.csv
1978,0,0,0,1j.csv
1978,0,0,0,1k.csv
1978,7,6,1,1l.csv
1978,0,0,0,1m.csv
1978,0,0,0,2a.csv
1978,0,0,0,2b.csv
1978,1,1,0,2c.csv
1978,2,2,0,2d.csv
1978,0,0,0,2e.csv
1978,0,0,0,2f.csv
1978,0,0,0,2g.csv
1978,0,0,0,2h.csv
1978,0,0,0,2i.csv
1978,0,0,0,2j.csv
1978,0,0,0,2k.csv
1978,0,0,0,2l.csv
1978,6,5,1,3a.csv
1978,4,3,1,3b.csv
1978,5,5,0,3c.csv
1978,5,5,0,3d.csv
1978,6,3,3,3e.csv
1978,5,4,1,3f.csv
1978,0,0,0,3g.csv
1979,6,3,3,1a.csv
1979,1,1,0,1b.csv
1979,3,1,2,1c.csv
1979,0,0,0,1e.csv
1979,1,0,1,1f.csv
1979,3,2,1,1g.csv
1979,0,0,0,1h.csv
1979,0,0,0,1i.csv
1979,0,0,0,1j.csv
1979,0,0,0,1k.csv
1979,7,5,2,1l.csv
1979,0,0,0,1m.csv
1979,0,0,0,2a.csv
1979,0,0,0,2b.csv
1979,1,1,0,2c.csv
1979,2,2,0,2d.csv
1979,0,0,0,2e.csv
1979,0,0,0,2f.csv
1979,0,0,0,2g.csv
1979,0,0,0,2h.csv
1979,0,0,0,2i.csv
1979,0,0,0,2j.csv
1979,0,0,0,2k.csv
1979,1,1,0,2l.csv
1979,4,3,1,3a.csv
1979,3,2,1,3b.csv
1979,5,5,0,3c.csv
1979,5,5,0,3d.csv
1979,6,5,1,3e.csv
1979,3,2,1,3f.csv
1979,0,0,0,3g.csv
1980,8,4,4,1a.csv
1980,1,1,0,1b.csv
1980,2,1,1,1c.csv
1980,0,0,0,1e.csv
1980,1,0,1,1f.csv
1980,2,1,1,1g.csv
1980,0,0,0,1h.csv
1980,0,0,0,1i.csv
1980,0,0,0,1j.csv
1980,0,0,0,1k.csv
1980,9,7,2,1l.csv
1980,0,0,0,1m.csv
1980,0,0,0,2a.csv
1980,0,0,0,2b.csv
1980,1,1,0,2c.csv
1980,2,2,0,2d.csv
1980,0,0,0,2e.csv
1980,0,0,0,2f.csv
1980,0,0,0,2g.csv
1980,0,0,0,2h.csv
1980,0,0,0,2i.csv
1980,0,0,0,2j.csv
1980,0,0,0,2k.csv
1980,1,1,0,2l.csv
1980,3,2,1,3a.csv
1980,4,2,2,3b.csv
1980,5,5,0,3c.csv
1980,5,5,0,3d.csv
1980,6,6,0,3e.csv
1980,3,2,1,3f.csv
1980,0,0,0,3g.csv
1981,8,5,3,1a.csv
1981,2,1,1,1b.csv
1981,2,1,1,1c.csv
1981,0,0,0,1e.csv
1981,1,0,1,1f.csv
1981,2,1,1,1g.csv
1981,1,1,0,1h.csv
1981,0,0,0,1i.csv
1981,0,0,0,1j.csv
1981,0,0,0,1k.csv
1981,11,9,2,1l.csv
1981,0,0,0,1m.csv
1981,0,0,0,2a.csv
1981,0,0,0,2b.csv
1981,1,1,0,2c.csv
1981,2,2,0,2d.csv
1981,0,0,0,2e.csv
1981,0,0,0,2f.csv
1981,0,0,0,2g.csv
1981,0,0,0,2h.csv
1981,0,0,0,2i.csv
1981,0,0,0,2j.csv
1981,0,0,0,2k.csv
1981,1,1,0,2l.csv
1981,2,1,1,3a.csv
1981,4,2,2,3b.csv
1981,3,3,0,3c.csv
1981,3,3,0,3d.csv
1981,8,7,1,3e.csv
1981,3,2,1,3f.csv
1981,0,0,0,3g.csv
1982,8,5,3,1a.csv
1982,2,1,1,1b.csv
1982,3,1,2,1c.csv
1982,0,0,0,1e.csv
1982,1,0,1,1f.csv
1982,2,1,1,1g.csv
1982,1,1,0,1h.csv
1982,0,0,0,1i.csv
1982,0,0,0,1j.csv
1982,0,0,0,1k.csv
1982,12,10,2,1l.csv
1982,2,2,0,1m.csv
1982,0,0,0,2a.csv
1982,0,0,0,2b.csv
1982,1,1,0,2c.csv
1982,2,2,0,2d.csv
1982,0,0,0,2e.csv
1982,0,0,0,2f.csv
1982,0,0,0,2g.csv
1982,0,0,0,2h.csv
1982,0,0,0,2i.csv
1982,0,0,0,2j.csv
1982,0,0,0,2k.csv
1982,1,1,0,2l.csv
1982,2,1,1,3a.csv
1982,3,2,1,3b.csv
1982,3,3,0,3c.csv
1982,3,3,0,3d.csv
1982,10,8,2,3e.csv
1982,2,1,1,3f.csv
1982,0,0,0,3g.csv
1983,8,5,3,1a.csv
1983,2,1,1,1b.csv
1983,4,2,2,1c.csv
1983,0,0,0,1e.csv
1983,1,0,1,1f.csv
1983,3,2,1,1g.csv
1983,1,1,0,1h.csv
1983,0,0,0,1i.csv
1983,0,0,0,1j.csv
1983,0,0,0,1k.csv
1983,10,9,1,1l.csv
1983,2,2,0,1m.csv
1983,0,0,0,2a.csv
1983,0,0,0,2b.csv
1983,0,0,0,2c.csv
1983,2,2,0,2d.csv
1983,0,0,0,2e.csv
1983,0,0,0,2f.csv
1983,0,0,0,2g.csv
1983,0,0,0,2h.csv
1983,0,0,0,2i.csv
1983,0,0,0,2j.csv
1983,0,0,0,2k.csv
1983,1,1,0,2l.csv
1983,2,1,1,3a.csv
1983,2,1,1,3b.csv
1983,3,2,1,3c.csv
1983,3,2,1,3d.csv
1983,11,9,2,3e.csv
1983,0,0,0,3f.csv
1983,0,0,0,3g.csv
1984,8,6,2,1a.csv
1984,2,1,1,1b.csv
1984,5,3,2,1c.csv
1984,0,0,0,1e.csv
1984,1,0,1,1f.csv
1984,3,2,1,1g.csv
1984,1,1,0,1h.csv
1984,0,0,0,1i.csv
1984,0,0,0,1j.csv
1984,0,0,0,1k.csv
1984,11,10,1,1l.csv
1984,3,3,0,1m.csv
1984,0,0,0,2a.csv
1984,0,0,0,2b.csv
1984,0,0,0,2c.csv
1984,1,1,0,2d.csv
1984,1,1,0,2e.csv
1984,0,0,0,2f.csv
1984,0,0,0,2g.csv
1984,0,0,0,2h.csv
1984,0,0,0,2i.csv
1984,0,0,0,2j.csv
1984,0,0,0,2k.csv
1984,1,1,0,2l.csv
1984,1,1,0,3a.csv
1984,2,1,1,3b.csv
1984,3,2,1,3c.csv
1984,3,2,1,3d.csv
1984,10,8,2,3e.csv
1984,0,0,0,3f.csv
1984,1,1,0,3g.csv
1985,9,8,1,1a.csv
1985,2,1,1,1b.csv
1985,6,4,2,1c.csv
1985,0,0,0,1e.csv
1985,1,1,0,1f.csv
1985,2,1,1,1g.csv
1985,2,1,1,1h.csv
1985,0,0,0,1i.csv
1985,0,0,0,1j.csv
1985,0,0,0,1k.csv
1985,10,9,1,1l.csv
1985,3,3,0,1m.csv
1985,0,0,0,2a.csv
1985,0,0,0,2b.csv
1985,0,0,0,2c.csv
1985,0,0,0,2d.csv
1985,1,1,0,2e.csv
1985,0,0,0,2f.csv
1985,0,0,0,2g.csv
1985,1,1,0,2h.csv
1985,0,0,0,2i.csv
1985,0,0,0,2j.csv
1985,0,0,0,2k.csv
1985,1,1,0,2l.csv
1985,0,0,0,3a.csv
1985,2,1,1,3b.csv
1985,3,2,1,3c.csv
1985,3,2,1,3d.csv
1985,10,8,2,3e.csv
1985,0,0,0,3f.csv
1985,1,1,0,3g.csv
1986,8,7,1,1a.csv
1986,2,1,1,1b.csv
1986,5,4,1,1c.csv
1986,0,0,0,1e.csv
1986,2,2,0,1f.csv
1986,2,1,1,1g.csv
1986,2,1,1,1h.csv
1986,0,0,0,1i.csv
1986,0,0,0,1j.csv
1986,0,0,0,1k.csv
1986,9,8,1,1l.csv
1986,3,3,0,1m.csv
1986,0,0,0,2a.csv
1986,0,0,0,2b.csv
1986,0,0,0,2c.csv
1986,0,0,0,2d.csv
1986,1,1,0,2e.csv
1986,0,0,0,2f.csv
1986,0,0,0,2g.csv
1986,1,1,0,2h.csv
1986,0,0,0,2i.csv
1986,0,0,0,2j.csv
1986,0,0,0,2k.csv
1986,2,2,0,2l.csv
1986,0,0,0,3a.csv
1986,3,2,1,3b.csv
1986,4,3,1,3c.csv
1986,4,3,1,3d.csv
1986,11,9,2,3e.csv
1986,0,0,0,3f.csv
1986,1,1,0,3g.csv
1987,10,9,1,1a.csv
1987,1,0,1,1b.csv
1987,4,3,1,1c.csv
1987,0,0,0,1e.csv
1987,2,2,0,1f.csv
1987,1,1,0,1g.csv
1987,2,1,1,1h.csv
1987,0,0,0,1i.csv
1987,1,1,0,1j.csv
1987,0,0,0,1k.csv
1987,9,9,0,1l.csv
1987,3,3,0,1m.csv
1987,0,0,0,2a.csv
1987,0,0,0,2b.csv
1987,0,0,0,2c.csv
1987,0,0,0,2d.csv
1987,1,1,0,2e.csv
1987,0,0,0,2f.csv
1987,0,0,0,2g.csv
1987,1,1,0,2h.csv
1987,2,2,0,2i.csv
1987,0,0,0,2j.csv
1987,0,0,0,2k.csv
1987,2,2,0,2l.csv
1987,1,1,0,3a.csv
1987,3,2,1,3b.csv
1987,5,4,1,3c.csv
1987,5,4,1,3d.csv
1987,9,7,2,3e.csv
1987,0,0,0,3f.csv
1987,1,1,0,3g.csv
1988,10,9,1,1a.csv
1988,1,0,1,1b.csv
1988,5,4,1,1c.csv
1988,0,0,0,1e.csv
1988,2,2,0,1f.csv
1988,1,1,0,1g.csv
1988,2,1,1,1h.csv
1988,0,0,0,1i.csv
1988,1,1,0,1j.csv
1988,0,0,0,1k.csv
1988,8,8,0,1l.csv
1988,3,3,0,1m.csv
1988,0,0,0,2a.csv
1988,0,0,0,2b.csv
1988,0,0,0,2c.csv
1988,1,0,1,2d.csv
1988,1,1,0,2e.csv
1988,0,0,0,2f.csv
1988,0,0,0,2g.csv
1988,1,1,0,2h.csv
1988,2,2,0,2i.csv
1988,0,0,0,2j.csv
1988,0,0,0,2k.csv
1988,2,2,0,2l.csv
1988,1,1,0,3a.csv
1988,2,2,0,3b.csv
1988,6,5,1,3c.csv
1988,6,5,1,3d.csv
1988,10,8,2,3e.csv
1988,0,0,0,3f.csv
1988,1,1,0,3g.csv
1989,9,8,1,1a.csv
1989,0,0,0,1b.csv
1989,5,4,1,1c.csv
1989,0,0,0,1e.csv
1989,3,3,0,1f.csv
1989,1,1,0,1g.csv
1989,1,0,1,1h.csv
1989,0,0,0,1i.csv
1989,1,1,0,1j.csv
1989,0,0,0,1k.csv
1989,6,6,0,1l.csv
1989,3,3,0,1m.csv
1989,0,0,0,2a.csv
1989,0,0,0,2b.csv
1989,0,0,0,2c.csv
1989,1,0,1,2d.csv
1989,1,1,0,2e.csv
1989,0,0,0,2f.csv
1989,0,0,0,2g.csv
1989,1,1,0,2h.csv
1989,2,2,0,2i.csv
1989,1,1,0,2j.csv
1989,0,0,0,2k.csv
1989,2,2,0,2l.csv
1989,1,1,0,3a.csv
1989,2,2,0,3b.csv
1989,5,4,1,3c.csv
1989,5,4,1,3d.csv
1989,10,9,1,3e.csv
1989,1,1,0,3f.csv
1989,2,1,1,3g.csv
1990,11,10,1,1a.csv
1990,0,0,0,1b.csv
1990,4,4,0,1c.csv
1990,0,0,0,1e.csv
1990,3,3,0,1f.csv
1990,1,1,0,1g.csv
1990,1,0,1,1h.csv
1990,0,0,0,1i.csv
1990,1,1,0,1j.csv
1990,0,0,0,1k.csv
1990,5,5,0,1l.csv
1990,1,1,0,1m.csv
1990,0,0,0,2a.csv
1990,0,0,0,2b.csv
1990,0,0,0,2c.csv
1990,1,0,1,2d.csv
1990,1,1,0,2e.csv
1990,0,0,0,2f.csv
1990,0,0,0,2g.csv
1990,1,1,0,2h.csv
1990,2,2,0,2i.csv
1990,1,1,0,2j.csv
1990,1,1,0,2k.csv
1990,2,2,0,2l.csv
1990,1,1,0,3a.csv
1990,2,2,0,3b.csv
1990,5,3,2,3c.csv
1990,5,3,2,3d.csv
1990,8,8,0,3e.csv
1990,1,1,0,3f.csv
1990,2,1,1,3g.csv
1991,13,12,1,1a.csv
1991,0,0,0,1b.csv
1991,4,4,0,1c.csv
1991,0,0,0,1e.csv
1991,3,3,0,1f.csv
1991,0,0,0,1g.csv
1991,1,0,1,1h.csv
1991,0,0,0,1i.csv
1991,1,1,0,1j.csv
1991,0,0,0,1k.csv
1991,5,5,0,1l.csv
1991,1,1,0,1m.csv
1991,0,0,0,2a.csv
1991,0,0,0,2b.csv
1991,1,1,0,2c.csv
1991,2,1,1,2d.csv
1991,1,1,0,2e.csv
1991,0,0,0,2f.csv
1991,0,0,0,2g.csv
1991,1,1,0,2h.csv
1991,2,2,0,2i.csv
1991,1,1,0,2j.csv
1991,1,1,0,2k.csv
1991,2,2,0,2l.csv
1991,1,1,0,3a.csv
1991,2,2,0,3b.csv
1991,5,4,1,3c.csv
1991,5,4,1,3d.csv
1991,6,6,0,3e.csv
1991,1,1,0,3f.csv
1991,2,1,1,3g.csv
1992,16,15,1,1a.csv
1992,0,0,0,1b.csv
1992,4,4,0,1c.csv
1992,0,0,0,1e.csv
1992,3,3,0,1f.csv
1992,0,0,0,1g.csv
1992,1,0,1,1h.csv
1992,0,0,0,1i.csv
1992,1,1,0,1j.csv
1992,0,0,0,1k.csv
1992,5,5,0,1l.csv
1992,0,0,0,1m.csv
1992,0,0,0,2a.csv
1992,0,0,0,2b.csv
1992,1,1,0,2c.csv
1992,2,1,1,2d.csv
1992,0,0,0,2e.csv
1992,0,0,0,2f.csv
1992,0,0,0,2g.csv
1992,1,1,0,2h.csv
1992,2,2,0,2i.csv
1992,2,2,0,2j.csv
1992,1,1,0,2k.csv
1992,2,2,0,2l.csv
1992,1,1,0,3a.csv
1992,3,2,1,3b.csv
1992,5,4,1,3c.csv
1992,5,4,1,3d.csv
1992,6,6,0,3e.csv
1992,1,1,0,3f.csv
1992,1,0,1,3g.csv
1993,14,13,1,1a.csv
1993,0,0,0,1b.csv
1993,4,4,0,1c.csv
1993,0,0,0,1e.csv
1993,2,2,0,1f.csv
1993,0,0,0,1g.csv
1993,0,0,0,1h.csv
1993,0,0,0,1i.csv
1993,1,1,0,1j.csv
1993,0,0,0,1k.csv
1993,5,5,0,1l.csv
1993,1,0,1,1m.csv
1993,0,0,0,2a.csv
1993,0,0,0,2b.csv
1993,1,1,0,2c.csv
1993,2,1,1,2d.csv
1993,0,0,0,2e.csv
1993,0,0,0,2f.csv
1993,0,0,0,2g.csv
1993,0,0,0,2h.csv
1993,2,2,0,2i.csv
1993,2,2,0,2j.csv
1993,1,1,0,2k.csv
1993,2,2,0,2l.csv
1993,1,1,0,3a.csv
1993,2,1,1,3b.csv
1993,5,4,1,3c.csv
1993,5,4,1,3d.csv
1993,6,6,0,3e.csv
1993,1,1,0,3f.csv
1993,1,0,1,3g.csv
1994,14,13,1,1a.csv
1994,1,1,0,1b.csv
1994,6,5,1,1c.csv
1994,0,0,0,1e.csv
1994,1,1,0,1f.csv
1994,0,0,0,1g.csv
1994,0,0,0,1h.csv
1994,0,0,0,1i.csv
1994,1,1,0,1j.csv
1994,0,0,0,1k.csv
1994,7,6,1,1l.csv
1994,2,1,1,1m.csv
1994,0,0,0,2a.csv
1994,0,0,0,2b.csv
1994,1,1,0,2c.csv
1994,2,1,1,2d.csv
1994,0,0,0,2e.csv
1994,0,0,0,2f.csv
1994,1,1,0,2g.csv
1994,0,0,0,2h.csv
1994,2,2,0,2i.csv
1994,2,2,0,2j.csv
1994,1,1,0,2k.csv
1994,1,1,0,2l.csv
1994,1,1,0,3a.csv
1994,2,1,1,3b.csv
1994,4,3,1,3c.csv
1994,4,3,1,3d.csv
1994,5,5,0,3e.csv
1994,2,1,1,3f.csv
1994,1,0,1,3g.csv
1995,11,10,1,1a.csv
1995,1,1,0,1b.csv
1995,6,5,1,1c.csv
1995,0,0,0,1e.csv
1995,1,1,0,1f.csv
1995,0,0,0,1g.csv
1995,0,0,0,1h.csv
1995,0,0,0,1i.csv
1995,0,0,0,1j.csv
1995,0,0,0,1k.csv
1995,8,7,1,1l.csv
1995,2,1,1,1m.csv
1995,0,0,0,2a.csv
1995,0,0,0,2b.csv
1995,1,1,0,2c.csv
1995,2,1,1,2d.csv
1995,0,0,0,2e.csv
1995,0,0,0,2f.csv
1995,1,1,0,2g.csv
1995,0,0,0,2h.csv
1995,0,0,0,2i.csv
1995,3,2,1,2j.csv
1995,1,1,0,2k.csv
1995,0,0,0,2l.csv
1995,1,1,0,3a.csv
1995,4,3,1,3b.csv
1995,4,3,1,3c.csv
1995,4,3,1,3d.csv
1995,6,6,0,3e.csv
1995,2,1,1,3f.csv
1995,1,0,1,3g.csv
1996,10,10,0,1a.csv
1996,1,1,0,1b.csv
1996,6,5,1,1c.csv
1996,0,0,0,1e.csv
1996,1,1,0,1f.csv
1996,0,0,0,1g.csv
1996,0,0,0,1h.csv
1996,0,0,0,1i.csv
1996,0,0,0,1j.csv
1996,0,0,0,1k.csv
1996,8,7,1,1l.csv
1996,3,2,1,1m.csv
1996,0,0,0,2a.csv
1996,0,0,0,2b.csv
1996,1,1,0,2c.csv
1996,1,1,0,2d.csv
1996,0,0,0,2e.csv
1996,0,0,0,2f.csv
1996,1,1,0,2g.csv
1996,0,0,0,2h.csv
1996,0,0,0,2i.csv
1996,3,2,1,2j.csv
1996,1,1,0,2k.csv
1996,0,0,0,2l.csv
1996,2,2,0,3a.csv
1996,4,3,1,3b.csv
1996,3,2,1,3c.csv
1996,3,2,1,3d.csv
1996,5,5,0,3e.csv
1996,3,1,2,3f.csv
1996,1,0,1,3g.csv
1997,10,10,0,1a.csv
1997,1,1,0,1b.csv
1997,7,6,1,1c.csv
1997,0,0,0,1e.csv
1997,0,0,0,1f.csv
1997,0,0,0,1g.csv
1997,0,0,0,1h.csv
1997,0,0,0,1i.csv
1997,0,0,0,1j.csv
1997,0,0,0,1k.csv
1997,8,7,1,1l.csv
1997,5,4,1,1m.csv
1997,0,0,0,2a.csv
1997,0,0,0,2b.csv
1997,1,1,0,2c.csv
1997,1,1,0,2d.csv
1997,0,0,0,2e.csv
1997,0,0,0,2f.csv
1997,1,1,0,2g.csv
1997,0,0,0,2h.csv
1997,0,0,0,2i.csv
1997,2,1,1,2j.csv
1997,1,1,0,2k.csv
1997,0,0,0,2l.csv
1997,3,3,0,3a.csv
1997,4,3,1,3b.csv
1997,4,2,2,3c.csv
1997,4,2,2,3d.csv
1997,4,4,0,3e.csv
1997,2,0,2,3f.csv
1997,0,0,0,3g.csv
1998,9,9,0,1a.csv
1998,1,1,0,1b.csv
1998,7,6,1,1c.csv
1998,0,0,0,1e.csv
1998,0,0,0,1f.csv
1998,0,0,0,1g.csv
1998,0,0,0,1h.csv
1998,0,0,0,1i.csv
1998,0,0,0,1j.csv
1998,1,1,0,1k.csv
1998,7,6,1,1l.csv
1998,5,4,1,1m.csv
1998,0,0,0,2a.csv
1998,0,0,0,2b.csv
1998,1,1,0,2c.csv
1998,1,1,0,2d.csv
1998,0,0,0,2e.csv
1998,0,0,0,2f.csv
1998,1,1,0,2g.csv
1998,0,0,0,2h.csv
1998,0,0,0,2i.csv
1998,2,1,1,2j.csv
1998,0,0,0,2k.csv
1998,0,0,0,2l.csv
1998,4,4,0,3a.csv
1998,5,3,2,3b.csv
1998,4,3,1,3c.csv
1998,4,3,1,3d.csv
1998,4,4,0,3e.csv
1998,3,0,3,3f.csv
1998,0,0,0,3g.csv
1999,8,7,1,1a.csv
1999,1,1,0,1b.csv
1999,6,5,1,1c.csv
1999,0,0,0,1e.csv
1999,2,1,1,1f.csv
1999,0,0,0,1g.csv
1999,0,0,0,1h.csv
1999,0,0,0,1i.csv
1999,0,0,0,1j.csv
1999,1,1,0,1k.csv
1999,7,6,1,1l.csv
1999,6,5,1,1m.csv
1999,0,0,0,2a.csv
1999,0,0,0,2b.csv
1999,0,0,0,2c.csv
1999,0,0,0,2d.csv
1999,0,0,0,2e.csv
1999,0,0,0,2f.csv
1999,1,1,0,2g.csv
1999,0,0,0,2h.csv
1999,0,0,0,2i.csv
1999,2,1,1,2j.csv
1999,0,0,0,2k.csv
1999,0,0,0,2l.csv
1999,5,5,0,3a.csv
1999,5,3,2,3b.csv
1999,3,2,1,3c.csv
1999,3,2,1,3d.csv
1999,7,7,0,3e.csv
1999,4,0,4,3f.csv
1999,0,0,0,3g.csv
2000,6,5,1,1a.csv
2000,1,1,0,1b.csv
2000,6,5,1,1c.csv
2000,0,0,0,1e.csv
2000,2,1,1,1f.csv
2000,0,0,0,1g.csv
2000,0,0,0,1h.csv
2000,0,0,0,1i.csv
2000,0,0,0,1j.csv
2000,1,1,0,1k.csv
2000,8,7,1,1l.csv
2000,6,5,1,1m.csv
2000,0,0,0,2a.csv
2000,0,0,0,2b.csv
2000,0,0,0,2c.csv
2000,0,0,0,2d.csv
2000,0,0,0,2e.csv
2000,0,0,0,2f.csv
2000,1,1,0,2g.csv
2000,0,0,0,2h.csv
2000,0,0,0,2i.csv
2000,1,0,1,2j.csv
2000,0,0,0,2k.csv
2000,0,0,0,2l.csv
2000,5,5,0,3a.csv
2000,4,3,1,3b.csv
2000,3,2,1,3c.csv
2000,3,2,1,3d.csv
2000,6,6,0,3e.csv
2000,5,0,5,3f.csv
2000,0,0,0,3g.csv
2001,5,4,1,1a.csv
2001,1,1,0,1b.csv
2001,5,4,1,1c.csv
2001,0,0,0,1e.csv
2001,2,1,1,1f.csv
2001,0,0,0,1g.csv
2001,0,0,0,1h.csv
2001,0,0,0,1i.csv
2001,0,0,0,1j.csv
2001,1,1,0,1k.csv
2001,8,7,1,1l.csv
2001,6,6,0,1m.csv
2001,0,0,0,2a.csv
2001,0,0,0,2b.csv
2001,0,0,0,2c.csv
2001,0,0,0,2d.csv
2001,0,0,0,2e.csv
2001,0,0,0,2f.csv
2001,1,1,0,2g.csv
2001,0,0,0,2h.csv
2001,0,0,0,2i.csv
2001,1,0,1,2j.csv
2001,0,0,0,2k.csv
2001,1,1,0,2l.csv
2001,5,5,0,3a.csv
2001,4,3,1,3b.csv
2001,3,2,1,3c.csv
2001,3,2,1,3d.csv
2001,7,7,0,3e.csv
2001,5,0,5,3f.csv
2001,0,0,0,3g.csv
2002,7,5,2,1a.csv
2002,0,0,0,1b.csv
2002,4,4,0,1c.csv
2002,0,0,0,1e.csv
2002,2,1,1,1f.csv
2002,0,0,0,1g.csv
2002,0,0,0,1h.csv
2002,0,0,0,1i.csv
2002,1,1,0,1j.csv
2002,1,1,0,1k.csv
2002,6,6,0,1l.csv
2002,5,5,0,1m.csv
2002,0,0,0,2a.csv
2002,0,0,0,2b.csv
2002,0,0,0,2c.csv
2002,0,0,0,2d.csv
2002,0,0,0,2e.csv
2002,0,0,0,2f.csv
2002,0,0,0,2g.csv
2002,0,0,0,2h.csv
2002,0,0,0,2i.csv
2002,1,0,1,2j.csv
2002,0,0,0,2k.csv
2002,1,1,0,2l.csv
2002,5,5,0,3a.csv
2002,4,2,2,3b.csv
2002,3,2,1,3c.csv
2002,3,2,1,3d.csv
2002,9,8,1,3e.csv
2002,4,0,4,3f.csv
2002,2,1,1,3g.csv
2003,7,5,2,1a.csv
2003,0,0,0,1b.csv
2003,4,4,0,1c.csv
2003,0,0,0,1e.csv
2003,2,1,1,1f.csv
2003,0,0,0,1g.csv
2003,0,0,0,1h.csv
2003,0,0,0,1i.csv
2003,1,1,0,1j.csv
2003,1,1,0,1k.csv
2003,7,6,1,1l.csv
2003,5,5,0,1m.csv
2003,0,0,0,2a.csv
2003,0,0,0,2b.csv
2003,0,0,0,2c.csv
2003,0,0,0,2d.csv
2003,0,0,0,2e.csv
2003,0,0,0,2f.csv
2003,0,0,0,2g.csv
2003,0,0,0,2h.csv
2003,0,0,0,2i.csv
2003,0,0,0,2j.csv
2003,0,0,0,2k.csv
2003,1,1,0,2l.csv
2003,4,4,0,3a.csv
2003,2,0,2,3b.csv
2003,2,1,1,3c.csv
2003,2,1,1,3d.csv
2003,8,7,1,3e.csv
2003,4,0,4,3f.csv
2003,2,1,1,3g.csv
2004,6,4,2,1a.csv
2004,0,0,0,1b.csv
2004,5,4,1,1c.csv
2004,0,0,0,1e.csv
2004,2,1,1,1f.csv
2004,0,0,0,1g.csv
2004,0,0,0,1h.csv
2004,0,0,0,1i.csv
2004,1,1,0,1j.csv
2004,1,1,0,1k.csv
2004,7,6,1,1l.csv
2004,5,5,0,1m.csv
2004,0,0,0,2a.csv
2004,0,0,0,2b.csv
2004,0,0,0,2c.csv
2004,0,0,0,2d.csv
2004,0,0,0,2e.csv
2004,0,0,0,2f.csv
2004,0,0,0,2g.csv
2004,0,0,0,2h.csv
2004,0,0,0,2i.csv
2004,0,0,0,2j.csv
2004,0,0,0,2k.csv
2004,1,1,0,2l.csv
2004,4,4,0,3a.csv
2004,2,0,2,3b.csv
2004,2,1,1,3c.csv
2004,2,1,1,3d.csv
2004,10,8,2,3e.csv
2004,3,0,3,3f.csv
2004,2,1,1,3g.csv
2005,6,4,2,1a.csv
2005,0,0,0,1b.csv
2005,4,3,1,1c.csv
2005,0,0,0,1e.csv
2005,3,2,1,1f.csv
2005,0,0,0,1g.csv
2005,0,0,0,1h.csv
2005,0,0,0,1i.csv
2005,1,1,0,1j.csv
2005,1,1,0,1k.csv
2005,7,6,1,1l.csv
2005,3,3,0,1m.csv
2005,0,0,0,2a.csv
2005,0,0,0,2b.csv
2005,0,0,0,2c.csv
2005,0,0,0,2d.csv
2005,0,0,0,2e.csv
2005,0,0,0,2f.csv
2005,0,0,0,2g.csv
2005,0,0,0,2h.csv
2005,0,0,0,2i.csv
2005,0,0,0,2j.csv
2005,0,0,0,2k.csv
2005,1,1,0,2l.csv
2005,3,3,0,3a.csv
2005,2,0,2,3b.csv
2005,1,1,0,3c.csv
2005,1,1,0,3d.csv
2005,10,8,2,3e.csv
2005,3,0,3,3f.csv
2005,2,1,1,3g.csv
2006,8,4,4,1a.csv
2006,0,0,0,1b.csv
2006,5,4,1,1c.csv
2006,1,1,0,1e.csv
2006,3,2,1,1f.csv
2006,0,0,0,1g.csv
2006,0,0,0,1h.csv
2006,0,0,0,1i.csv
2006,1,1,0,1j.csv
2006,0,0,0,1k.csv
2006,9,8,1,1l.csv
2006,3,3,0,1m.csv
2006,0,0,0,2a.csv
2006,0,0,0,2b.csv
2006,0,0,0,2c.csv
2006,0,0,0,2d.csv
2006,0,0,0,2e.csv
2006,0,0,0,2f.csv
2006,0,0,0,2g.csv
2006,0,0,0,2h.csv
2006,0,0,0,2i.csv
2006,0,0,0,2j.csv
2006,0,0,0,2k.csv
2006,1,1,0,2l.csv
2006,3,3,0,3a.csv
2006,3,2,1,3b.csv
2006,1,0,1,3c.csv
2006,1,0,1,3d.csv
2006,10,8,2,3e.csv
2006,2,0,2,3f.csv
2006,2,1,1,3g.csv
2007,9,5,4,1a.csv
2007,0,0,0,1b.csv
2007,5,4,1,1c.csv
2007,1,1,0,1e.csv
2007,1,1,0,1f.csv
2007,0,0,0,1g.csv
2007,0,0,0,1h.csv
2007,0,0,0,1i.csv
2007,1,1,0,1j.csv
2007,0,0,0,1k.csv
2007,11,10,1,1l.csv
2007,2,2,0,1m.csv
2007,0,0,0,2a.csv
2007,0,0,0,2b.csv
2007,0,0,0,2c.csv
2007,0,0,0,2d.csv
2007,0,0,0,2e.csv
2007,0,0,0,2f.csv
2007,0,0,0,2g.csv
2007,0,0,0,2h.csv
2007,0,0,0,2i.csv
2007,0,0,0,2j.csv
2007,0,0,0,2k.csv
2007,2,2,0,2l.csv
2007,2,2,0,3a.csv
2007,3,2,1,3b.csv
2007,2,1,1,3c.csv
2007,2,1,1,3d.csv
2007,7,5,2,3e.csv
2007,2,1,1,3f.csv
2007,2,1,1,3g.csv
2008,9,5,4,1a.csv
2008,0,0,0,1b.csv
2008,4,3,1,1c.csv
2008,1,1,0,1e.csv
2008,1,1,0,1f.csv
2008,0,0,0,1g.csv
2008,0,0,0,1h.csv
2008,0,0,0,1i.csv
2008,1,1,0,1j.csv
2008,1,1,0,1k.csv
2008,9,8,1,1l.csv
2008,2,2,0,1m.csv
2008,0,0,0,2a.csv
2008,0,0,0,2b.csv
2008,0,0,0,2c.csv
2008,0,0,0,2d.csv
2008,0,0,0,2e.csv
2008,0,0,0,2f.csv
2008,0,0,0,2g.csv
2008,0,0,0,2h.csv
2008,0,0,0,2i.csv
2008,0,0,0,2j.csv
2008,0,0,0,2k.csv
2008,2,2,0,2l.csv
2008,5,5,0,3a.csv
2008,3,2,1,3b.csv
2008,2,1,1,3c.csv
2008,2,1,1,3d.csv
2008,7,5,2,3e.csv
2008,2,2,0,3f.csv
2008,2,1,1,3g.csv
2009,10,6,4,1a.csv
2009,0,0,0,1b.csv
2009,4,3,1,1c.csv
2009,1,1,0,1e.csv
2009,1,1,0,1f.csv
2009,0,0,0,1g.csv
2009,0,0,0,1h.csv
2009,0,0,0,1i.csv
2009,1,1,0,1j.csv
2009,1,1,0,1k.csv
2009,11,10,1,1l.csv
2009,1,1,0,1m.csv
2009,1,1,0,2a.csv
2009,1,0,1,2b.csv
2009,0,0,0,2c.csv
2009,0,0,0,2d.csv
2009,0,0,0,2e.csv
2009,0,0,0,2f.csv
2009,0,0,0,2g.csv
2009,0,0,0,2h.csv
2009,0,0,0,2i.csv
2009,0,0,0,2j.csv
2009,0,0,0,2k.csv
2009,1,1,0,2l.csv
2009,5,5,0,3a.csv
2009,4,2,2,3b.csv
2009,2,1,1,3c.csv
2009,2,1,1,3d.csv
2009,6,4,2,3e.csv
2009,2,2,0,3f.csv
2009,3,1,2,3g.csv
2010,9,6,3,1a.csv
2010,0,0,0,1b.csv
2010,4,3,1,1c.csv
2010,2,2,0,1e.csv
2010,1,1,0,1f.csv
2010,1,1,0,1g.csv
2010,1,1,0,1h.csv
2010,0,0,0,1i.csv
2010,0,0,0,1j.csv
2010,1,1,0,1k.csv
2010,11,10,1,1l.csv
2010,1,1,0,1m.csv
2010,1,1,0,2a.csv
2010,1,0,1,2b.csv
2010,0,0,0,2c.csv
2010,1,1,0,2d.csv
2010,0,0,0,2e.csv
2010,0,0,0,2f.csv
2010,0,0,0,2g.csv
2010,0,0,0,2h.csv
2010,0,0,0,2i.csv
2010,1,0,1,2j.csv
2010,0,0,0,2k.csv
2010,1,1,0,2l.csv
2010,8,6,2,3a.csv
2010,4,3,1,3b.csv
2010,2,1,1,3c.csv
2010,2,1,1,3d.csv
2010,4,3,1,3e.csv
2010,3,3,0,3f.csv
2010,1,0,1,3g.csv
2011,11,8,3,1a.csv
2011,0,0,0,1b.csv
2011,4,3,1,1c.csv
2011,2,2,0,1e.csv
2011,1,1,0,1f.csv
2011,1,1,0,1g.csv
2011,1,1,0,1h.csv
2011,0,0,0,1i.csv
2011,0,0,0,1j.csv
2011,1,1,0,1k.csv
2011,11,11,0,1l.csv
2011,1,1,0,1m.csv
2011,1,1,0,2a.csv
2011,1,0,1,2b.csv
2011,0,0,0,2c.csv
2011,1,1,0,2d.csv
2011,0,0,0,2e.csv
2011,0,0,0,2f.csv
2011,0,0,0,2g.csv
2011,0,0,0,2h.csv
2011,0,0,0,2i.csv
2011,1,0,1,2j.csv
2011,0,0,0,2k.csv
2011,1,1,0,2l.csv
2011,8,6,2,3a.csv
2011,7,4,3,3b.csv
2011,2,1,1,3c.csv
2011,2,1,1,3d.csv
2011,4,3,1,3e.csv
2011,3,3,0,3f.csv
2011,1,0,1,3g.csv
2012,11,8,3,1a.csv
2012,0,0,0,1b.csv
2012,3,3,0,1c.csv
2012,2,2,0,1e.csv
2012,1,1,0,1f.csv
2012,2,2,0,1g.csv
2012,1,1,0,1h.csv
2012,0,0,0,1i.csv
2012,0,0,0,1j.csv
2012,1,1,0,1k.csv
2012,11,11,0,1l.csv
2012,0,0,0,1m.csv
2012,1,1,0,2a.csv
2012,1,0,1,2b.csv
2012,0,0,0,2c.csv
2012,1,1,0,2d.csv
2012,0,0,0,2e.csv
2012,0,0,0,2f.csv
2012,0,0,0,2g.csv
2012,0,0,0,2h.csv
2012,0,0,0,2i.csv
2012,1,0,1,2j.csv
2012,0,0,0,2k.csv
2012,1,1,0,2l.csv
2012,8,6,2,3a.csv
2012,8,4,4,3b.csv
2012,3,2,1,3c.csv
2012,3,2,1,3d.csv
2012,1,1,0,3e.csv
2012,3,3,0,3f.csv
2012,1,0,1,3g.csv
2013,12,8,4,1a.csv
2013,0,0,0,1b.csv
2013,3,3,0,1c.csv
2013,2,2,0,1e.csv
2013,0,0,0,1f.csv
2013,2,2,0,1g.csv
2013,1,1,0,1h.csv
2013,0,0,0,1i.csv
2013,0,0,0,1j.csv
2013,1,1,0,1k.csv
2013,12,12,0,1l.csv
2013,0,0,0,1m.csv
2013,1,1,0,2a.csv
2013,1,0,1,2b.csv
2013,0,0,0,2c.csv
2013,1,1,0,2d.csv
2013,0,0,0,2e.csv
2013,0,0,0,2f.csv
2013,0,0,0,2g.csv
2013,0,0,0,2h.csv
2013,1,1,0,2i.csv
2013,1,0,1,2j.csv
2013,0,0,0,2k.csv
2013,1,1,0,2l.csv
2013,9,7,2,3a.csv
2013,9,5,4,3b.csv
2013,4,3,1,3c.csv
2013,4,3,1,3d.csv
2013,0,0,0,3e.csv
2013,3,3,0,3f.csv
2013,1,0,1,3g.csv
2014,12,10,2,1a.csv
2014,0,0,0,1b.csv
2014,3,3,0,1c.csv
2014,1,1,0,1e.csv
2014,0,0,0,1f.csv
2014,2,2,0,1g.csv
2014,1,1,0,1h.csv
2014,0,0,0,1i.csv
2014,0,0,0,1j.csv
2014,1,1,0,1k.csv
2014,13,13,0,1l.csv
2014,0,0,0,1m.csv
2014,1,1,0,2a.csv
2014,1,0,1,2b.csv
2014,0,0,0,2c.csv
2014,1,1,0,2d.csv
2014,0,0,0,2e.csv
2014,0,0,0,2f.csv
2014,0,0,0,2g.csv
2014,0,0,0,2h.csv
2014,1,1,0,2i.csv
2014,1,0,1,2j.csv
2014,0,0,0,2k.csv
2014,1,1,0,2l.csv
2014,12,8,4,3a.csv
2014,7,3,4,3b.csv
2014,3,3,0,3c.csv
2014,3,3,0,3d.csv
2014,0,0,0,3e.csv
2014,5,5,0,3f.csv
2014,1,0,1,3g.csv
2015,12,10,2,1a.csv
2015,0,0,0,1b.csv
2015,3,3,0,1c.csv
2015,1,1,0,1e.csv
2015,0,0,0,1f.csv
2015,3,3,0,1g.csv
2015,1,1,0,1h.csv
2015,0,0,0,1i.csv
2015,0,0,0,1j.csv
2015,1,1,0,1k.csv
2015,12,12,0,1l.csv
2015,0,0,0,1m.csv
2015,1,1,0,2a.csv
2015,1,0,1,2b.csv
2015,0,0,0,2c.csv
2015,2,1,1,2d.csv
2015,0,0,0,2e.csv
2015,0,0,0,2f.csv
2015,0,0,0,2g.csv
2015,0,0,0,2h.csv
2015,1,1,0,2i.csv
2015,1,0,1,2j.csv
2015,0,0,0,2k.csv
2015,0,0,0,2l.csv
2015,12,8,4,3a.csv
2015,7,3,4,3b.csv
2015,4,4,0,3c.csv
2015,4,4,0,3d.csv
2015,1,1,0,3e.csv
2015,6,5,1,3f.csv
2015,1,0,1,3g.csv
2016,12,10,2,1a.csv
2016,0,0,0,1b.csv
2016,3,3,0,1c.csv
2016,1,1,0,1e.csv
2016,0,0,0,1f.csv
2016,5,5,0,1g.csv
2016,1,1,0,1h.csv
2016,0,0,0,1i.csv
2016,0,0,0,1j.csv
2016,0,0,0,1k.csv
2016,12,12,0,1l.csv
2016,0,0,0,1m.csv
2016,1,1,0,2a.csv
2016,1,0,1,2b.csv
2016,0,0,0,2c.csv
2016,3,2,1,2d.csv
2016,0,0,0,2e.csv
2016,0,0,0,2f.csv
2016,0,0,0,2g.csv
2016,0,0,0,2h.csv
2016,1,1,0,2i.csv
2016,1,0,1,2j.csv
2016,0,0,0,2k.csv
2016,0,0,0,2l.csv
2016,9,5,4,3a.csv
2016,7,3,4,3b.csv
2016,4,4,0,3c.csv
2016,4,4,0,3d.csv
2016,2,2,0,3e.csv
2016,5,4,1,3f.csv
2016,1,0,1,3g.csv
2017,13,10,3,1a.csv
2017,0,0,0,1b.csv
2017,3,3,0,1c.csv
2017,1,1,0,1e.csv
2017,0,0,0,1f.csv
2017,5,5,0,1g.csv
2017,1,1,0,1h.csv
2017,0,0,0,1i.csv
2017,0,0,0,1j.csv
2017,0,0,0,1k.csv
2017,13,13,0,1l.csv
2017,0,0,0,1m.csv
2017,0,0,0,2a.csv
2017,0,0,0,2b.csv
2017,0,0,0,2c.csv
2017,3,2,1,2d.csv
2017,0,0,0,2e.csv
2017,0,0,0,2f.csv
2017,0,0,0,2g.csv
2017,0,0,0,2h.csv
2017,1,1,0,2i.csv
2017,1,0,1,2j.csv
2017,0,0,0,2k.csv
2017,0,0,0,2l.csv
2017,10,6,4,3a.csv
2017,6,3,3,3b.csv
2017,5,5,0,3c.csv
2017,5,5,0,3d.csv
2017,2,2,0,3e.csv
2017,6,5,1,3f.csv
2017,0,0,0,3g.csv
2018,14,10,4,1a.csv
2018,0,0,0,1b.csv
2018,2,2,0,1c.csv
2018,0,0,0,1e.csv
2018,0,0,0,1f.csv
2018,5,5,0,1g.csv
2018,0,0,0,1h.csv
2018,0,0,0,1i.csv
2018,0,0,0,1j.csv
2018,0,0,0,1k.csv
2018,14,14,0,1l.csv
2018,0,0,0,1m.csv
2018,0,0,0,2a.csv
2018,0,0,0,2b.csv
2018,0,0,0,2c.csv
2018,2,1,1,2d.csv
2018,0,0,0,2e.csv
2018,0,0,0,2f.csv
2018,0,0,0,2g.csv
2018,0,0,0,2h.csv
2018,1,1,0,2i.csv
2018,0,0,0,2j.csv
2018,0,0,0,2k.csv
2018,0,0,0,2l.csv
2018,7,5,2,3a.csv
2018,8,5,3,3b.csv
2018,5,5,0,3c.csv
2018,5,5,0,3d.csv
2018,3,3,0,3e.csv
2018,5,4,1,3f.csv
2018,1,1,0,3g.csv
2019,13,8,5,1a.csv
2019,0,0,0,1b.csv
2019,2,2,0,1c.csv
2019,0,0,0,1e.csv
2019,0,0,0,1f.csv
2019,5,5,0,1g.csv
2019,0,0,0,1h.csv
2019,0,0,0,1i.csv
2019,0,0,0,1j.csv
2019,0,0,0,1k.csv
2019,12,12,0,1l.csv
2019,0,0,0,1m.csv
2019,0,0,0,2a.csv
2019,0,0,0,2b.csv
2019,0,0,0,2c.csv
2019,2,1,1,2d.csv
2019,1,1,0,2e.csv
2019,1,1,0,2f.csv
2019,0,0,0,2g.csv
2019,0,0,0,2h.csv
2019,1,1,0,2i.csv
2019,0,0,0,2j.csv
2019,1,1,0,2k.csv
2019,0,0,0,2l.csv
2019,8,6,2,3a.csv
2019,7,4,3,3b.csv
2019,5,5,0,3c.csv
2019,5,5,0,3d.csv
2019,3,3,0,3e.csv
2019,5,4,1,3f.csv
2019,1,1,0,3g.csv
2020,14,9,5,1a.csv
2020,0,0,0,1b.csv
2020,1,1,0,1c.csv
2020,0,0,0,1e.csv
2020,0,0,0,1f.csv
2020,5,5,0,1g.csv
2020,0,0,0,1h.csv
2020,0,0,0,1i.csv
2020,0,0,0,1j.csv
2020,0,0,0,1k.csv
2020,12,12,0,1l.csv
2020,0,0,0,1m.csv
2020,0,0,0,2a.csv
2020,0,0,0,2b.csv
2020,0,0,0,2c.csv
2020,2,1,1,2d.csv
2020,1,1,0,2e.csv
2020,1,1,0,2f.csv
2020,0,0,0,2g.csv
2020,0,0,0,2h.csv
2020,1,1,0,2i.csv
2020,0,0,0,2j.csv
2020,1,1,0,2k.csv
2020,0,0,0,2l.csv
2020,8,6,2,3a.csv
2020,7,4,3,3b.csv
2020,5,5,0,3c.csv
2020,5,5,0,3d.csv
2020,5,5,0,3e.csv
2020,5,4,1,3f.csv
2020,1,1,0,3g.csv
2021,14,9,5,1a.csv
2021,0,0,0,1b.csv
2021,1,1,0,1c.csv
2021,0,0,0,1e.csv
2021,0,0,0,1f.csv
2021,5,5,0,1g.csv
2021,0,0,0,1h.csv
2021,0,0,0,1i.csv
2021,0,0,0,1j.csv
2021,0,0,0,1k.csv
2021,12,12,0,1l.csv
2021,0,0,0,1m.csv
2021,0,0,0,2a.csv
2021,0,0,0,2b.csv
2021,0,0,0,2c.csv
2021,3,2,1,2d.csv
2021,1,1,0,2e.csv
2021,1,1,0,2f.csv
2021,0,0,0,2g.csv
2021,0,0,0,2h.csv
2021,0,0,0,2i.csv
2021,0,0,0,2j.csv
2021,1,1,0,2k.csv
2021,0,0,0,2l.csv
2021,7,5,2,3a.csv
2021,6,3,3,3b.csv
2021,5,5,0,3c.csv
2021,5,5,0,3d.csv
2021,5,5,0,3e.csv
2021,5,4,1,3f.csv
2021,1,1,0,3g.csv
2022,11,6,5,1a.csv
2022,0,0,0,1b.csv
2022,0,0,0,1c.csv
2022,0,0,0,1e.csv
2022,0,0,0,1f.csv
2022,7,7,0,1g.csv
2022,1,1,0,1h.csv
2022,0,0,0,1i.csv
2022,0,0,0,1j.csv
2022,0,0,0,1k.csv
2022,9,9,0,1l.csv
2022,0,0,0,1m.csv
2022,0,0,0,2a.csv
2022,0,0,0,2b.csv
2022,0,0,0,2c.csv
2022,3,2,1,2d.csv
2022,1,1,0,2e.csv
2022,1,1,0,2f.csv
2022,0,0,0,2g.csv
2022,0,0,0,2h.csv
2022,0,0,0,2i.csv
2022,0,0,0,2j.csv
2022,2,2,0,2k.csv
2022,0,0,0,2l.csv
2022,3,3,0,3a.csv
2022,6,3,3,3b.csv
2022,5,5,0,3c.csv
2022,5,5,0,3d.csv
2022,6,6,0,3e.csv
2022,5,4,1,3f.csv
2022,1,1,0,3g.csv
2023,12,8,4,1a.csv
2023,1,1,0,1b.csv
2023,0,0,0,1c.csv
2023,0,0,0,1e.csv
2023,0,0,0,1f.csv
2023,7,7,0,1g.csv
2023,1,1,0,1h.csv
2023,0,0,0,1i.csv
2023,0,0,0,1j.csv
2023,0,0,0,1k.csv
2023,8,8,0,1l.csv
2023,0,0,0,1m.csv
2023,0,0,0,2a.csv
2023,0,0,0,2b.csv
2023,0,0,0,2c.csv
2023,2,2,0,2d.csv
2023,1,1,0,2e.csv
2023,1,1,0,2f.csv
2023,0,0,0,2g.csv
2023,0,0,0,2h.csv
2023,0,0,0,2i.csv
2023,0,0,0,2j.csv
2023,2,2,0,2k.csv
2023,0,0,0,2l.csv
2023,3,3,0,3a.csv
2023,8,4,4,3b.csv
2023,3,3,0,3c.csv
2023,3,3,0,3d.csv
2023,5,5,0,3e.csv
2023,4,4,0,3f.csv
2023,1,1,0,3g.csv
2024,11,7,4,1a.csv
2024,1,1,0,1b.csv
2024,1,1,0,1c.csv
2024,0,0,0,1e.csv
2024,1,1,0,1f.csv
2024,5,5,0,1g.csv
2024,1,1,0,1h.csv
2024,0,0,0,1i.csv
2024,0,0,0,1j.csv
2024,0,0,0,1k.csv
2024,8,8,0,1l.csv
2024,0,0,0,1m.csv
2024,1,0,1,2a.csv
2024,0,0,0,2b.csv
2024,0,0,0,2c.csv
2024,1,1,0,2d.csv
2024,1,1,0,2e.csv
2024,1,1,0,2f.csv
2024,0,0,0,2g.csv
2024,0,0,0,2h.csv
2024,0,0,0,2i.csv
2024,0,0,0,2j.csv
2024,2,2,0,2k.csv
2024,0,0,0,2l.csv
2024,5,3,2,3a.csv
2024,8,4,4,3b.csv
2024,3,3,0,3c.csv
2024,3,3,0,3d.csv
2024,5,5,0,3e.csv
2024,4,4,0,3f.csv
2024,1,1,0,3g.csv
2025,11,7,4,1a.csv
2025,1,1,0,1b.csv
2025,1,1,0,1c.csv
2025,0,0,0,1e.csv
2025,1,1,0,1f.csv
2025,6,6,0,1g.csv
2025,1,1,0,1h.csv
2025,0,0,0,1i.csv
2025,0,0,0,1j.csv
2025,0,0,0,1k.csv
2025,5,5,0,1l.csv
2025,0,0,0,1m.csv
2025,1,0,1,2a.csv
2025,0,0,0,2b.csv
2025,0,0,0,2c.csv
2025,1,1,0,2d.csv
2025,1,1,0,2e.csv
2025,1,1,0,2f.csv
2025,0,0,0,2g.csv
2025,0,0,0,2h.csv
2025,0,0,0,2i.csv
2025,0,0,0,2j.csv
2025,2,2,0,2k.csv
2025,0,0,0,2l.csv
2025,4,2,2,3a.csv
2025,10,4,6,3b.csv
2025,2,2,0,3c.csv
2025,2,2,0,3d.csv
2025,5,5,0,3e.csv
2025,5,5,0,3f.csv
2025,1,1,0,3g.csv
2026,9,6,3,1a.csv
2026,1,1,0,1b.csv
2026,1,1,0,1c.csv
2026,0,0,0,1e.csv
2026,1,1,0,1f.csv
2026,5,5,0,1g.csv
2026,1,1,0,1h.csv
2026,0,0,0,1i.csv
2026,0,0,0,1j.csv
2026,0,0,0,1k.csv
2026,6,6,0,1l.csv
2026,0,0,0,1m.csv
2026,1,0,1,2a.csv
2026,0,0,0,2b.csv
2026,0,0,0,2c.csv
2026,1,1,0,2d.csv
2026,1,1,0,2e.csv
2026,1,1,0,2f.csv
2026,0,0,0,2g.csv
2026,0,0,0,2h.csv
2026,0,0,0,2i.csv
2026,1,1,0,2j.csv
2026,2,2,0,2k.csv
2026,0,0,0,2l.csv
2026,5,3,2,3a.csv
2026,13,5,8,3b.csv
2026,2,2,0,3c.csv
2026,2,2,0,3d.csv
2026,6,6,0,3e.csv
2026,5,5,0,3f.csv
2026,0,0,0,3g.csv
2027,7,5,2,1a.csv
2027,1,1,0,1b.csv
2027,1,1,0,1c.csv
2027,0,0,0,1e.csv
2027,1,1,0,1f.csv
2027,5,5,0,1g.csv
2027,1,1,0,1h.csv
2027,0,0,0,1i.csv
2027,0,0,0,1j.csv
2027,0,0,0,1k.csv
2027,5,5,0,1l.csv
2027,0,0,0,1m.csv
2027,1,0,1,2a.csv
2027,1,1,0,2b.csv
2027,0,0,0,2c.csv
2027,2,2,0,2d.csv
2027,0,0,0,2e.csv
2027,0,0,0,2f.csv
2027,0,0,0,2g.csv
2027,0,0,0,2h.csv
2027,0,0,0,2i.csv
2027,2,2,0,2j.csv
2027,1,1,0,2k.csv
2027,0,0,0,2l.csv
2027,5,3,2,3a.csv
2027,11,5,6,3b.csv
2027,2,2,0,3c.csv
2027,2,2,0,3d.csv
2027,7,7,0,3e.csv
2027,5,5,0,3f.csv
2027,0,0,0,3g.csv
2028,8,6,2,1a.csv
2028,1,1,0,1b.csv
2028,1,1,0,1c.csv
2028,0,0,0,1e.csv
2028,1,1,0,1f.csv
2028,4,4,0,1g.csv
2028,1,1,0,1h.csv
2028,0,0,0,1i.csv
2028,0,0,0,1j.csv
2028,0,0,0,1k.csv
2028,6,6,0,1l.csv
2028,0,0,0,1m.csv
2028,1,0,1,2a.csv
2028,1,1,0,2b.csv
2028,1,0,1,2c.csv
2028,2,2,0,2d.csv
2028,0,0,0,2e.csv
2028,0,0,0,2f.csv
2028,0,0,0,2g.csv
2028,0,0,0,2h.csv
2028,0,0,0,2i.csv
2028,2,2,0,2j.csv
2028,1,1,0,2k.csv
2028,0,0,0,2l.csv
2028,4,2,2,3a.csv
2028,10,5,5,3b.csv
2028,1,1,0,3c.csv
2028,1,1,0,3d.csv
2028,6,6,0,3e.csv
2028,6,6,0,3f.csv
2028,0,0,0,3g.csv
2029,8,7,1,1a.csv
2029,1,1,0,1b.csv
2029,1,1,0,1c.csv
2029,0,0,0,1e.csv
2029,1,1,0,1f.csv
2029,4,4,0,1g.csv
2029,1,1,0,1h.csv
2029,0,0,0,1i.csv
2029,0,0,0,1j.csv
2029,0,0,0,1k.csv
2029,5,5,0,1l.csv
2029,0,0,0,1m.csv
2029,1,0,1,2a.csv
2029,1,1,0,2b.csv
2029,1,0,1,2c.csv
2029,1,1,0,2d.csv
2029,1,1,0,2e.csv
2029,0,0,0,2f.csv
2029,0,0,0,2g.csv
2029,0,0,0,2h.csv
2029,0,0,0,2i.csv
2029,2,2,0,2j.csv
2029,1,1,0,2k.csv
2029,0,0,0,2l.csv
2029,4,2,2,3a.csv
2029,11,6,5,3b.csv
2029,0,0,0,3c.csv
2029,0,0,0,3d.csv
2029,6,6,0,3e.csv
2029,7,7,0,3f.csv
2029,0,0,0,3g.csv
2030,8,7,1,1a.csv
2030,1,1,0,1b.csv
2030,1,1,0,1c.csv
2030,0,0,0,1e.csv
2030,1,1,0,1f.csv
2030,2,2,0,1g.csv
2030,0,0,0,1h.csv
2030,0,0,0,1i.csv
2030,0,0,0,1j.csv
2030,0,0,0,1k.csv
2030,6,6,0,1l.csv
2030,0,0,0,1m.csv
2030,1,0,1,2a.csv
2030,2,2,0,2b.csv
2030,1,0,1,2c.csv
2030,1,1,0,2d.csv
2030,1,1,0,2e.csv
2030,0,0,0,2f.csv
2030,0,0,0,2g.csv
2030,0,0,0,2h.csv
2030,0,0,0,2i.csv
2030,2,2,0,2j.csv
2030,0,0,0,2k.csv
2030,0,0,0,2l.csv
2030,4,2,2,3a.csv
2030,12,6,6,3b.csv
2030,0,0,0,3c.csv
2030,0,0,0,3d.csv
2030,6,5,1,3e.csv
2030,5,5,0,3f.csv
2030,1,1,0,3g.csv
2031,5,4,1,1a.csv
2031,0,0,0,1b.csv
2031,1,1,0,1c.csv
2031,0,0,0,1e.csv
2031,1,1,0,1f.csv
2031,1,1,0,1g.csv
2031,0,0,0,1h.csv
2031,0,0,0,1i.csv
2031,0,0,0,1j.csv
2031,0,0,0,1k.csv
2031,7,7,0,1l.csv
2031,0,0,0,1m.csv
2031,1,0,1,2a.csv
2031,3,2,1,2b.csv
2031,1,0,1,2c.csv
2031,1,1,0,2d.csv
2031,1,1,0,2e.csv
2031,0,0,0,2f.csv
2031,0,0,0,2g.csv
2031,0,0,0,2h.csv
2031,0,0,0,2i.csv
2031,2,2,0,2j.csv
2031,1,1,0,2k.csv
2031,0,0,0,2l.csv
2031,5,2,3,3a.csv
2031,11,6,5,3b.csv
2031,1,1,0,3c.csv
2031,1,1,0,3d.csv
2031,6,5,1,3e.csv
2031,5,5,0,3f.csv
2031,1,1,0,3g.csv
2032,6,4,2,1a.csv
2032,0,0,0,1b.csv
2032,0,0,0,1c.csv
2032,0,0,0,1e.csv
2032,0,0,0,1f.csv
2032,1,1,0,1g.csv
2032,1,1,0,1h.csv
2032,0,0,0,1i.csv
2032,0,0,0,1j.csv
2032,0,0,0,1k.csv
2032,6,6,0,1l.csv
2032,0,0,0,1m.csv
2032,0,0,0,2a.csv
2032,3,2,1,2b.csv
2032,1,0,1,2c.csv
2032,1,1,0,2d.csv
2032,2,2,0,2e.csv
2032,0,0,0,2f.csv
2032,0,0,0,2g.csv
2032,0,0,0,2h.csv
2032,0,0,0,2i.csv
2032,3,3,0,2j.csv
2032,1,1,0,2k.csv
2032,0,0,0,2l.csv
2032,5,4,1,3a.csv
2032,13,8,5,3b.csv
2032,1,1,0,3c.csv
2032,1,1,0,3d.csv
2032,5,4,1,3e.csv
2032,5,5,0,3f.csv
2032,1,1,0,3g.csv
2033,4,3,1,1a.csv
2033,0,0,0,1b.csv
2033,0,0,0,1c.csv
2033,0,0,0,1e.csv
2033,0,0,0,1f.csv
2033,0,0,0,1g.csv
2033,1,1,0,1h.csv
2033,0,0,0,1i.csv
2033,0,0,0,1j.csv
2033,0,0,0,1k.csv
2033,7,7,0,1l.csv
2033,0,0,0,1m.csv
2033,0,0,0,2a.csv
2033,3,2,1,2b.csv
2033,1,0,1,2c.csv
2033,1,1,0,2d.csv
2033,2,2,0,2e.csv
2033,0,0,0,2f.csv
2033,0,0,0,2g.csv
2033,0,0,0,2h.csv
2033,0,0,0,2i.csv
2033,3,3,0,2j.csv
2033,1,1,0,2k.csv
2033,0,0,0,2l.csv
2033,5,4,1,3a.csv
2033,12,9,3,3b.csv
2033,2,2,0,3c.csv
2033,2,2,0,3d.csv
2033,7,6,1,3e.csv
2033,3,3,0,3f.csv
2033,1,1,0,3g.csv
2034,5,4,1,1a.csv
2034,1,1,0,1b.csv
2034,0,0,0,1c.csv
2034,0,0,0,1e.csv
2034,0,0,0,1f.csv
2034,0,0,0,1g.csv
2034,1,1,0,1h.csv
2034,0,0,0,1i.csv
2034,0,0,0,1j.csv
2034,0,0,0,1k.csv
2034,5,5,0,1l.csv
2034,0,0,0,1m.csv
2034,0,0,0,2a.csv
2034,3,2,1,2b.csv
2034,1,0,1,2c.csv
2034,1,1,0,2d.csv
2034,2,2,0,2e.csv
2034,1,1,0,2f.csv
2034,0,0,0,2g.csv
2034,0,0,0,2h.csv
2034,0,0,0,2i.csv
2034,2,2,0,2j.csv
2034,1,1,0,2k.csv
2034,0,0,0,2l.csv
2034,9,7,2,3a.csv
2034,6,5,1,3b.csv
2034,2,2,0,3c.csv
2034,2,2,0,3d.csv
2034,6,5,1,3e.csv
2034,3,3,0,3f.csv
2034,1,1,0,3g.csv
2035,5,4,1,1a.csv
2035,1,1,0,1b.csv
2035,0,0,0,1c.csv
2035,0,0,0,1e.csv
2035,0,0,0,1f.csv
2035,0,0,0,1g.csv
2035,1,1,0,1h.csv
2035,0,0,0,1i.csv
2035,0,0,0,1j.csv
2035,0,0,0,1k.csv
2035,8,8,0,1l.csv
2035,0,0,0,1m.csv
2035,0,0,0,2a.csv
2035,2,1,1,2b.csv
2035,1,0,1,2c.csv
2035,1,1,0,2d.csv
2035,2,2,0,2e.csv
2035,1,1,0,2f.csv
2035,0,0,0,2g.csv
2035,0,0,0,2h.csv
2035,0,0,0,2i.csv
2035,1,1,0,2j.csv
2035,1,1,0,2k.csv
2035,0,0,0,2l.csv
2035,10,8,2,3a.csv
2035,7,5,2,3b.csv
2035,2,2,0,3c.csv
2035,2,2,0,3d.csv
2035,5,4,1,3e.csv
2035,3,3,0,3f.csv
2035,1,1,0,3g.csv
2036,5,4,1,1a.csv
2036,1,1,0,1b.csv
2036,1,1,0,1c.csv
2036,0,0,0,1e.csv
2036,0,0,0,1f.csv
2036,1,1,0,1g.csv
2036,1,1,0,1h.csv
2036,0,0,0,1i.csv
2036,0,0,0,1j.csv
2036,0,0,0,1k.csv
2036,7,7,0,1l.csv
2036,0,0,0,1m.csv
2036,0,0,0,2a.csv
2036,2,1,1,2b.csv
2036,0,0,0,2c.csv
2036,1,1,0,2d.csv
2036,3,3,0,2e.csv
2036,1,1,0,2f.csv
2036,0,0,0,2g.csv
2036,0,0,0,2h.csv
2036,0,0,0,2i.csv
2036,1,1,0,2j.csv
2036,1,1,0,2k.csv
2036,0,0,0,2l.csv
2036,12,10,2,3a.csv
2036,8,6,2,3b.csv
2036,2,2,0,3c.csv
2036,2,2,0,3d.csv
2036,5,4,1,3e.csv
2036,2,2,0,3f.csv
2036,1,1,0,3g.csv
2037,4,3,1,1a.csv
2037,1,1,0,1b.csv
2037,1,1,0,1c.csv
2037,0,0,0,1e.csv
2037,0,0,0,1f.csv
2037,1,1,0,1g.csv
2037,1,1,0,1h.csv
2037,0,0,0,1i.csv
2037,0,0,0,1j.csv
2037,0,0,0,1k.csv
2037,7,7,0,1l.csv
2037,0,0,0,1m.csv
2037,1,1,0,2a.csv
2037,3,1,2,2b.csv
2037,0,0,0,2c.csv
2037,1,1,0,2d.csv
2037,3,3,0,2e.csv
2037,1,1,0,2f.csv
2037,0,0,0,2g.csv
2037,0,0,0,2h.csv
2037,0,0,0,2i.csv
2037,1,1,0,2j.csv
2037,1,1,0,2k.csv
2037,0,0,0,2l.csv
2037,14,11,3,3a.csv
2037,7,5,2,3b.csv
2037,2,2,0,3c.csv
2037,2,2,0,3d.csv
2037,5,4,1,3e.csv
2037,1,1,0,3f.csv
2037,1,1,0,3g.csv
2038,4,3,1,1a.csv
2038,2,2,0,1b.csv
2038,1,1,0,1c.csv
2038,0,0,0,1e.csv
2038,0,0,0,1f.csv
2038,1,1,0,1g.csv
2038,1,1,0,1h.csv
2038,0,0,0,1i.csv
2038,0,0,0,1j.csv
2038,0,0,0,1k.csv
2038,6,6,0,1l.csv
2038,0,0,0,1m.csv
2038,1,1,0,2a.csv
2038,2,0,2,2b.csv
2038,0,0,0,2c.csv
2038,1,1,0,2d.csv
2038,3,3,0,2e.csv
2038,1,1,0,2f.csv
2038,0,0,0,2g.csv
2038,0,0,0,2h.csv
2038,0,0,0,2i.csv
2038,1,1,0,2j.csv
2038,2,2,0,2k.csv
2038,0,0,0,2l.csv
2038,18,15,3,3a.csv
2038,6,5,1,3b.csv
2038,2,2,0,3c.csv
2038,2,2,0,3d.csv
2038,4,4,0,3e.csv
2038,1,1,0,3f.csv
2038,0,0,0,3g.csv
2039,5,4,1,1a.csv
2039,3,3,0,1b.csv
2039,1,1,0,1c.csv
2039,0,0,0,1e.csv
2039,0,0,0,1f.csv
2039,1,1,0,1g.csv
2039,1,1,0,1h.csv
2039,0,0,0,1i.csv
2039,0,0,0,1j.csv
2039,0,0,0,1k.csv
2039,5,5,0,1l.csv
2039,0,0,0,1m.csv
2039,1,1,0,2a.csv
2039,1,0,1,2b.csv
2039,0,0,0,2c.csv
2039,1,1,0,2d.csv
2039,3,3,0,2e.csv
2039,1,1,0,2f.csv
2039,0,0,0,2g.csv
2039,0,0,0,2h.csv
2039,0,0,0,2i.csv
2039,1,1,0,2j.csv
2039,1,1,0,2k.csv
2039,0,0,0,2l.csv
2039,20,18,2,3a.csv
2039,5,4,1,3b.csv
2039,1,1,0,3c.csv
2039,1,1,0,3d.csv
2039,4,4,0,3e.csv
2039,0,0,0,3f.csv
2039,0,0,0,3g.csv
2040,3,3,0,1a.csv
2040,4,4,0,1b.csv
2040,1,1,0,1c.csv
2040,0,0,0,1e.csv
2040,0,0,0,1f.csv
2040,1,1,0,1g.csv
2040,0,0,0,1h.csv
2040,0,0,0,1i.csv
2040,0,0,0,1j.csv
2040,0,0,0,1k.csv
2040,6,6,0,1l.csv
2040,0,0,0,1m.csv
2040,1,1,0,2a.csv
2040,1,0,1,2b.csv
2040,1,1,0,2c.csv
2040,1,1,0,2d.csv
2040,4,2,2,2e.csv
2040,1,1,0,2f.csv
2040,0,0,0,2g.csv
2040,0,0,0,2h.csv
2040,0,0,0,2i.csv
2040,1,1,0,2j.csv
2040,1,1,0,2k.csv
2040,0,0,0,2l.csv
2040,20,18,2,3a.csv
2040,3,2,1,3b.csv
2040,3,3,0,3c.csv
2040,3,3,0,3d.csv
2040,6,6,0,3e.csv
2040,0,0,0,3f.csv
2040,0,0,0,3g.csv
2041,4,4,0,1a.csv
2041,4,4,0,1b.csv
2041,1,1,0,1c.csv
2041,0,0,0,1e.csv
2041,0,0,0,1f.csv
2041,1,1,0,1g.csv
2041,0,0,0,1h.csv
2041,0,0,0,1i.csv
2041,0,0,0,1j.csv
2041,1,1,0,1k.csv
2041,5,5,0,1l.csv
2041,0,0,0,1m.csv
2041,1,1,0,2a.csv
2041,1,0,1,2b.csv
2041,1,1,0,2c.csv
2041,1,1,0,2d.csv
2041,4,2,2,2e.csv
2041,1,1,0,2f.csv
2041,0,0,0,2g.csv
2041,0,0,0,2h.csv
2041,0,0,0,2i.csv
2041,1,1,0,2j.csv
2041,1,1,0,2k.csv
2041,0,0,0,2l.csv
2041,26,23,3,3a.csv
2041,3,1,2,3b.csv
2041,2,2,0,3c.csv
2041,2,2,0,3d.csv
2041,5,5,0,3e.csv
2041,0,0,0,3f.csv
2041,0,0,0,3g.csv
2042,3,3,0,1a.csv
2042,4,4,0,1b.csv
2042,1,1,0,1c.csv
2042,0,0,0,1e.csv
2042,1,1,0,1f.csv
2042,1,1,0,1g.csv
2042,0,0,0,1h.csv
2042,0,0,0,1i.csv
2042,0,0,0,1j.csv
2042,2,2,0,1k.csv
2042,5,5,0,1l.csv
2042,0,0,0,1m.csv
2042,1,1,0,2a.csv
2042,1,0,1,2b.csv
2042,1,1,0,2c.csv
2042,2,2,0,2d.csv
2042,4,2,2,2e.csv
2042,0,0,0,2f.csv
2042,0,0,0,2g.csv
2042,0,0,0,2h.csv
2042,0,0,0,2i.csv
2042,1,1,0,2j.csv
2042,1,1,0,2k.csv
2042,0,0,0,2l.csv
2042,26,23,3,3a.csv
2042,3,1,2,3b.csv
2042,2,2,0,3c.csv
2042,2,2,0,3d.csv
2042,4,4,0,3e.csv
2042,1,1,0,3f.csv
2042,0,0,0,3g.csv
2043,3,3,0,1a.csv
2043,4,4,0,1b.csv
2043,1,1,0,1c.csv
2043,0,0,0,1e.csv
2043,1,1,0,1f.csv
2043,2,2,0,1g.csv
2043,0,0,0,1h.csv
2043,0,0,0,1i.csv
2043,0,0,0,1j.csv
2043,2,2,0,1k.csv
2043,2,2,0,1l.csv
2043,0,0,0,1m.csv
2043,1,1,0,2a.csv
2043,1,0,1,2b.csv
2043,1,1,0,2c.csv
2043,1,1,0,2d.csv
2043,4,2,2,2e.csv
2043,0,0,0,2f.csv
2043,0,0,0,2g.csv
2043,0,0,0,2h.csv
2043,0,0,0,2i.csv
2043,1,1,0,2j.csv
2043,1,1,0,2k.csv
2043,0,0,0,2l.csv
2043,25,21,4,3a.csv
2043,3,2,1,3b.csv
2043,2,2,0,3c.csv
2043,2,2,0,3d.csv
2043,4,4,0,3e.csv
2043,1,1,0,3f.csv
2043,1,1,0,3g.csv
2044,3,3,0,1a.csv
2044,4,4,0,1b.csv
2044,0,0,0,1c.csv
2044,0,0,0,1e.csv
2044,1,1,0,1f.csv
2044,1,1,0,1g.csv
2044,0,0,0,1h.csv
2044,0,0,0,1i.csv
2044,0,0,0,1j.csv
2044,3,3,0,1k.csv
2044,1,1,0,1l.csv
2044,0,0,0,1m.csv
2044,1,1,0,2a.csv
2044,1,0,1,2b.csv
2044,2,2,0,2c.csv
2044,1,1,0,2d.csv
2044,4,1,3,2e.csv
2044,0,0,0,2f.csv
2044,0,0,0,2g.csv
2044,0,0,0,2h.csv
2044,0,0,0,2i.csv
2044,1,1,0,2j.csv
2044,1,1,0,2k.csv
2044,0,0,0,2l.csv
2044,24,20,4,3a.csv
2044,3,2,1,3b.csv
2044,3,2,1,3c.csv
2044,3,2,1,3d.csv
2044,3,3,0,3e.csv
2044,1,1,0,3f.csv
2044,1,1,0,3g.csv
2045,4,4,0,1a.csv
2045,5,4,1,1b.csv
2045,0,0,0,1c.csv
2045,0,0,0,1e.csv
2045,1,1,0,1f.csv
2045,2,2,0,1g.csv
2045,1,0,1,1h.csv
2045,0,0,0,1i.csv
2045,0,0,0,1j.csv
2045,3,3,0,1k.csv
2045,1,1,0,1l.csv
2045,0,0,0,1m.csv
2045,0,0,0,2a.csv
2045,0,0,0,2b.csv
2045,2,2,0,2c.csv
2045,1,1,0,2d.csv
2045,3,0,3,2e.csv
2045,0,0,0,2f.csv
2045,0,0,0,2g.csv
2045,0,0,0,2h.csv
2045,0,0,0,2i.csv
2045,1,1,0,2j.csv
2045,2,2,0,2k.csv
2045,0,0,0,2l.csv
2045,23,20,3,3a.csv
2045,3,2,1,3b.csv
2045,3,2,1,3c.csv
2045,3,2,1,3d.csv
2045,3,3,0,3e.csv
2045,1,1,0,3f.csv
2045,1,1,0,3g.csv
2046,5,5,0,1a.csv
2046,4,3,1,1b.csv
2046,0,0,0,1c.csv
2046,0,0,0,1e.csv
2046,1,1,0,1f.csv
2046,2,2,0,1g.csv
2046,2,1,1,1h.csv
2046,0,0,0,1i.csv
2046,0,0,0,1j.csv
2046,3,3,0,1k.csv
2046,2,2,0,1l.csv
2046,0,0,0,1m.csv
2046,0,0,0,2a.csv
2046,0,0,0,2b.csv
2046,3,2,1,2c.csv
2046,1,1,0,2d.csv
2046,3,0,3,2e.csv
2046,0,0,0,2f.csv
2046,0,0,0,2g.csv
2046,0,0,0,2h.csv
2046,0,0,0,2i.csv
2046,2,2,0,2j.csv
2046,1,1,0,2k.csv
2046,0,0,0,2l.csv
2046,21,17,4,3a.csv
2046,6,3,3,3b.csv
2046,4,3,1,3c.csv
2046,4,3,1,3d.csv
2046,3,3,0,3e.csv
2046,1,1,0,3f.csv
2046,1,1,0,3g.csv
2047,5,5,0,1a.csv
2047,3,2,1,1b.csv
2047,0,0,0,1c.csv
2047,0,0,0,1e.csv
2047,1,1,0,1f.csv
2047,2,2,0,1g.csv
2047,2,1,1,1h.csv
2047,0,0,0,1i.csv
2047,0,0,0,1j.csv
2047,3,3,0,1k.csv
2047,2,2,0,1l.csv
2047,0,0,0,1m.csv
2047,0,0,0,2a.csv
2047,0,0,0,2b.csv
2047,3,2,1,2c.csv
2047,1,1,0,2d.csv
2047,6,3,3,2e.csv
2047,0,0,0,2f.csv
2047,0,0,0,2g.csv
2047,0,0,0,2h.csv
2047,0,0,0,2i.csv
2047,2,2,0,2j.csv
2047,1,1,0,2k.csv
2047,0,0,0,2l.csv
2047,20,16,4,3a.csv
2047,6,3,3,3b.csv
2047,4,3,1,3c.csv
2047,4,3,1,3d.csv
2047,3,3,0,3e.csv
2047,1,1,0,3f.csv
2047,2,2,0,3g.csv
2048,5,5,0,1a.csv
2048,2,1,1,1b.csv
2048,0,0,0,1c.csv
2048,0,0,0,1e.csv
2048,1,1,0,1f.csv
2048,2,2,0,1g.csv
2048,2,1,1,1h.csv
2048,0,0,0,1i.csv
2048,0,0,0,1j.csv
2048,3,3,0,1k.csv
2048,1,1,0,1l.csv
2048,0,0,0,1m.csv
2048,1,1,0,2a.csv
2048,0,0,0,2b.csv
2048,2,1,1,2c.csv
2048,1,1,0,2d.csv
2048,4,3,1,2e.csv
2048,0,0,0,2f.csv
2048,0,0,0,2g.csv
2048,0,0,0,2h.csv
2048,0,0,0,2i.csv
2048,1,1,0,2j.csv
2048,1,1,0,2k.csv
2048,0,0,0,2l.csv
2048,19,14,5,3a.csv
2048,7,4,3,3b.csv
2048,5,4,1,3c.csv
2048,5,4,1,3d.csv
2048,1,1,0,3e.csv
2048,1,1,0,3f.csv
2048,2,2,0,3g.csv
2049,5,4,1,1a.csv
2049,2,1,1,1b.csv
2049,0,0,0,1c.csv
2049,0,0,0,1e.csv
2049,1,1,0,1f.csv
2049,2,2,0,1g.csv
2049,2,1,1,1h.csv
2049,0,0,0,1i.csv
2049,0,0,0,1j.csv
2049,2,2,0,1k.csv
2049,1,1,0,1l.csv
2049,0,0,0,1m.csv
2049,1,1,0,2a.csv
2049,0,0,0,2b.csv
2049,2,1,1,2c.csv
2049,1,1,0,2d.csv
2049,4,3,1,2e.csv
2049,0,0,0,2f.csv
2049,0,0,0,2g.csv
2049,0,0,0,2h.csv
2049,0,0,0,2i.csv
2049,1,1,0,2j.csv
2049,1,1,0,2k.csv
2049,1,1,0,2l.csv
2049,15,11,4,3a.csv
2049,6,4,2,3b.csv
2049,5,4,1,3c.csv
2049,5,4,1,3d.csv
2049,2,1,1,3e.csv
2049,1,1,0,3f.csv
2049,3,2,1,3g.csv
2050,5,4,1,1a.csv
2050,1,0,1,1b.csv
2050,0,0,0,1c.csv
2050,0,0,0,1e.csv
2050,1,1,0,1f.csv
2050,2,2,0,1g.csv
2050,2,1,1,1h.csv
2050,0,0,0,1i.csv
2050,1,1,0,1j.csv
2050,2,2,0,1k.csv
2050,1,1,0,1l.csv
2050,0,0,0,1m.csv
2050,1,1,0,2a.csv
2050,0,0,0,2b.csv
2050,2,1,1,2c.csv
2050,0,0,0,2d.csv
2050,4,3,1,2e.csv
2050,0,0,0,2f.csv
2050,0,0,0,2g.csv
2050,0,0,0,2h.csv
2050,0,0,0,2i.csv
2050,1,1,0,2j.csv
2050,1,1,0,2k.csv
2050,1,1,0,2l.csv
2050,14,10,4,3a.csv
2050,8,6,2,3b.csv
2050,6,5,1,3c.csv
2050,6,5,1,3d.csv
2050,4,2,2,3e.csv
2050,0,0,0,3f.csv
2050,3,2,1,3g.csv
2051,5,4,1,1a.csv
2051,3,1,2,1b.csv
2051,0,0,0,1c.csv
2051,0,0,0,1e.csv
2051,1,1,0,1f.csv
2051,1,1,0,1g.csv
2051,2,1,1,1h.csv
2051,0,0,0,1i.csv
2051,1,1,0,1j.csv
2051,2,2,0,1k.csv
2051,1,1,0,1l.csv
2051,0,0,0,1m.csv
2051,1,1,0,2a.csv
2051,0,0,0,2b.csv
2051,2,1,1,2c.csv
2051,0,0,0,2d.csv
2051,4,3,1,2e.csv
2051,0,0,0,2f.csv
2051,0,0,0,2g.csv
2051,0,0,0,2h.csv
2051,0,0,0,2i.csv
2051,1,1,0,2j.csv
2051,1,1,0,2k.csv
2051,1,1,0,2l.csv
2051,15,12,3,3a.csv
2051,8,6,2,3b.csv
2051,6,5,1,3c.csv
2051,6,5,1,3d.csv
2051,4,2,2,3e.csv
2051,2,2,0,3f.csv
2051,3,1,2,3g.csv
2052,4,3,1,1a.csv
2052,3,1,2,1b.csv
2052,0,0,0,1c.csv
2052,0,0,0,1e.csv
2052,1,1,0,1f.csv
2052,1,1,0,1g.csv
2052,4,3,1,1h.csv
2052,0,0,0,1i.csv
2052,1,1,0,1j.csv
2052,1,1,0,1k.csv
2052,1,1,0,1l.csv
2052,0,0,0,1m.csv
2052,1,1,0,2a.csv
2052,0,0,0,2b.csv
2052,1,0,1,2c.csv
2052,0,0,0,2d.csv
2052,3,3,0,2e.csv
2052,0,0,0,2f.csv
2052,0,0,0,2g.csv
2052,0,0,0,2h.csv
2052,0,0,0,2i.csv
2052,1,1,0,2j.csv
2052,1,1,0,2k.csv
2052,1,1,0,2l.csv
2052,15,12,3,3a.csv
2052,8,6,2,3b.csv
2052,6,6,0,3c.csv
2052,6,6,0,3d.csv
2052,5,3,2,3e.csv
2052,3,3,0,3f.csv
2052,3,1,2,3g.csv
2053,3,2,1,1a.csv
2053,3,2,1,1b.csv
2053,0,0,0,1c.csv
2053,0,0,0,1e.csv
2053,1,1,0,1f.csv
2053,1,1,0,1g.csv
2053,3,3,0,1h.csv
2053,0,0,0,1i.csv
2053,1,1,0,1j.csv
2053,1,1,0,1k.csv
2053,1,1,0,1l.csv
2053,0,0,0,1m.csv
2053,1,1,0,2a.csv
2053,0,0,0,2b.csv
2053,1,0,1,2c.csv
2053,0,0,0,2d.csv
2053,3,3,0,2e.csv
2053,0,0,0,2f.csv
2053,1,1,0,2g.csv
2053,0,0,0,2h.csv
2053,0,0,0,2i.csv
2053,1,1,0,2j.csv
2053,0,0,0,2k.csv
2053,1,1,0,2l.csv
2053,15,11,4,3a.csv
2053,9,7,2,3b.csv
2053,6,6,0,3c.csv
2053,6,6,0,3d.csv
2053,7,5,2,3e.csv
2053,4,4,0,3f.csv
2053,3,1,2,3g.csv
2054,2,1,1,1a.csv
2054,3,2,1,1b.csv
2054,0,0,0,1c.csv
2054,0,0,0,1e.csv
2054,1,1,0,1f.csv
2054,1,1,0,1g.csv
2054,3,3,0,1h.csv
2054,0,0,0,1i.csv
2054,2,2,0,1j.csv
2054,1,1,0,1k.csv
2054,1,1,0,1l.csv
2054,0,0,0,1m.csv
2054,1,1,0,2a.csv
2054,0,0,0,2b.csv
2054,0,0,0,2c.csv
2054,0,0,0,2d.csv
2054,3,3,0,2e.csv
2054,0,0,0,2f.csv
2054,1,1,0,2g.csv
2054,0,0,0,2h.csv
2054,0,0,0,2i.csv
2054,0,0,0,2j.csv
2054,0,0,0,2k.csv
2054,1,1,0,2l.csv
2054,13,10,3,3a.csv
2054,7,7,0,3b.csv
2054,6,6,0,3c.csv
2054,6,6,0,3d.csv
2054,8,6,2,3e.csv
2054,5,5,0,3f.csv
2054,3,1,2,3g.csv
2055,1,0,1,1a.csv
2055,4,3,1,1b.csv
2055,0,0,0,1c.csv
2055,0,0,0,1e.csv
2055,2,2,0,1f.csv
2055,1,1,0,1g.csv
2055,3,3,0,1h.csv
2055,0,0,0,1i.csv
2055,2,2,0,1j.csv
2055,1,1,0,1k.csv
2055,1,1,0,1l.csv
2055,0,0,0,1m.csv
2055,1,1,0,2a.csv
2055,0,0,0,2b.csv
2055,0,0,0,2c.csv
2055,0,0,0,2d.csv
2055,0,0,0,2e.csv
2055,0,0,0,2f.csv
2055,1,1,0,2g.csv
2055,0,0,0,2h.csv
2055,0,0,0,2i.csv
2055,0,0,0,2j.csv
2055,0,0,0,2k.csv
2055,1,1,0,2l.csv
2055,12,9,3,3a.csv
2055,7,7,0,3b.csv
2055,6,6,0,3c.csv
2055,6,6,0,3d.csv
2055,8,6,2,3e.csv
2055,5,5,0,3f.csv
2055,2,0,2,3g.csv
2056,1,0,1,1a.csv
2056,4,3,1,1b.csv
2056,0,0,0,1c.csv
2056,0,0,0,1e.csv
2056,3,3,0,1f.csv
2056,1,1,0,1g.csv
2056,3,3,0,1h.csv
2056,0,0,0,1i.csv
2056,3,3,0,1j.csv
2056,1,1,0,1k.csv
2056,3,3,0,1l.csv
2056,0,0,0,1m.csv
2056,0,0,0,2a.csv
2056,0,0,0,2b.csv
2056,0,0,0,2c.csv
2056,0,0,0,2d.csv
2056,0,0,0,2e.csv
2056,0,0,0,2f.csv
2056,1,1,0,2g.csv
2056,0,0,0,2h.csv
2056,0,0,0,2i.csv
2056,0,0,0,2j.csv
2056,0,0,0,2k.csv
2056,1,1,0,2l.csv
2056,14,12,2,3a.csv
2056,7,7,0,3b.csv
2056,4,4,0,3c.csv
2056,4,4,0,3d.csv
2056,8,6,2,3e.csv
2056,5,5,0,3f.csv
2056,2,0,2,3g.csv
2057,2,2,0,1a.csv
2057,4,3,1,1b.csv
2057,0,0,0,1c.csv
2057,0,0,0,1e.csv
2057,3,3,0,1f.csv
2057,2,2,0,1g.csv
2057,3,3,0,1h.csv
2057,0,0,0,1i.csv
2057,3,3,0,1j.csv
2057,2,2,0,1k.csv
2057,3,3,0,1l.csv
2057,0,0,0,1m.csv
2057,0,0,0,2a.csv
2057,0,0,0,2b.csv
2057,0,0,0,2c.csv
2057,0,0,0,2d.csv
2057,0,0,0,2e.csv
2057,0,0,0,2f.csv
2057,1,1,0,2g.csv
2057,0,0,0,2h.csv
2057,0,0,0,2i.csv
2057,0,0,0,2j.csv
2057,0,0,0,2k.csv
2057,0,0,0,2l.csv
2057,14,11,3,3a.csv
2057,7,7,0,3b.csv
2057,4,4,0,3c.csv
2057,4,4,0,3d.csv
2057,6,5,1,3e.csv
2057,5,5,0,3f.csv
2057,1,0,1,3g.csv
2058,2,2,0,1a.csv
2058,5,4,1,1b.csv
2058,0,0,0,1c.csv
2058,0,0,0,1e.csv
2058,2,2,0,1f.csv
2058,2,2,0,1g.csv
2058,4,4,0,1h.csv
2058,0,0,0,1i.csv
2058,2,2,0,1j.csv
2058,1,1,0,1k.csv
2058,3,3,0,1l.csv
2058,0,0,0,1m.csv
2058,0,0,0,2a.csv
2058,1,0,1,2b.csv
2058,0,0,0,2c.csv
2058,0,0,0,2d.csv
2058,0,0,0,2e.csv
2058,0,0,0,2f.csv
2058,1,1,0,2g.csv
2058,0,0,0,2h.csv
2058,0,0,0,2i.csv
2058,1,1,0,2j.csv
2058,0,0,0,2k.csv
2058,0,0,0,2l.csv
2058,12,10,2,3a.csv
2058,5,5,0,3b.csv
2058,5,5,0,3c.csv
2058,5,5,0,3d.csv
2058,6,6,0,3e.csv
2058,6,6,0,3f.csv
2058,1,0,1,3g.csv
2059,3,3,0,1a.csv
2059,3,3,0,1b.csv
2059,0,0,0,1c.csv
2059,0,0,0,1e.csv
2059,3,3,0,1f.csv
2059,2,2,0,1g.csv
2059,4,4,0,1h.csv
2059,0,0,0,1i.csv
2059,2,2,0,1j.csv
2059,1,1,0,1k.csv
2059,3,3,0,1l.csv
2059,0,0,0,1m.csv
2059,0,0,0,2a.csv
2059,1,0,1,2b.csv
2059,0,0,0,2c.csv
2059,1,0,1,2d.csv
2059,0,0,0,2e.csv
2059,0,0,0,2f.csv
2059,1,1,0,2g.csv
2059,0,0,0,2h.csv
2059,0,0,0,2i.csv
2059,1,1,0,2j.csv
2059,0,0,0,2k.csv
2059,0,0,0,2l.csv
2059,11,9,2,3a.csv
2059,4,4,0,3b.csv
2059,5,5,0,3c.csv
2059,5,5,0,3d.csv
2059,6,6,0,3e.csv
2059,5,5,0,3f.csv
2059,1,0,1,3g.csv
2060,4,3,1,1a.csv
2060,3,3,0,1b.csv
2060,1,1,0,1c.csv
2060,0,0,0,1e.csv
2060,3,3,0,1f.csv
2060,2,2,0,1g.csv
2060,3,3,0,1h.csv
2060,0,0,0,1i.csv
2060,2,2,0,1j.csv
2060,1,1,0,1k.csv
2060,3,3,0,1l.csv
2060,0,0,0,1m.csv
2060,0,0,0,2a.csv
2060,1,0,1,2b.csv
2060,0,0,0,2c.csv
2060,3,2,1,2d.csv
2060,0,0,0,2e.csv
2060,0,0,0,2f.csv
2060,1,1,0,2g.csv
2060,0,0,0,2h.csv
2060,0,0,0,2i.csv
2060,1,1,0,2j.csv
2060,0,0,0,2k.csv
2060,0,0,0,2l.csv
2060,13,10,3,3a.csv
2060,3,3,0,3b.csv
2060,4,4,0,3c.csv
2060,4,4,0,3d.csv
2060,5,5,0,3e.csv
2060,5,5,0,3f.csv
2060,1,0,1,3g.csv
2061,4,3,1,1a.csv
2061,2,2,0,1b.csv
2061,2,2,0,1c.csv
2061,0,0,0,1e.csv
2061,3,3,0,1f.csv
2061,1,1,0,1g.csv
2061,4,4,0,1h.csv
2061,0,0,0,1i.csv
2061,2,2,0,1j.csv
2061,1,1,0,1k.csv
2061,3,3,0,1l.csv
2061,0,0,0,1m.csv
2061,0,0,0,2a.csv
2061,1,0,1,2b.csv
2061,0,0,0,2c.csv
2061,3,2,1,2d.csv
2061,0,0,0,2e.csv
2061,0,0,0,2f.csv
2061,0,0,0,2g.csv
2061,0,0,0,2h.csv
2061,0,0,0,2i.csv
2061,1,1,0,2j.csv
2061,0,0,0,2k.csv
2061,0,0,0,2l.csv
2061,14,12,2,3a.csv
2061,2,2,0,3b.csv
2061,5,5,0,3c.csv
2061,5,5,0,3d.csv
2061,4,4,0,3e.csv
2061,4,4,0,3f.csv
2061,1,0,1,3g.csv
2062,5,4,1,1a.csv
2062,2,2,0,1b.csv
2062,2,2,0,1c.csv
2062,0,0,0,1e.csv
2062,3,3,0,1f.csv
2062,1,1,0,1g.csv
2062,3,3,0,1h.csv
2062,0,0,0,1i.csv
2062,2,2,0,1j.csv
2062,1,1,0,1k.csv
2062,3,2,1,1l.csv
2062,0,0,0,1m.csv
2062,0,0,0,2a.csv
2062,1,0,1,2b.csv
2062,0,0,0,2c.csv
2062,3,2,1,2d.csv
2062,0,0,0,2e.csv
2062,0,0,0,2f.csv
2062,0,0,0,2g.csv
2062,0,0,0,2h.csv
2062,0,0,0,2i.csv
2062,1,1,0,2j.csv
2062,0,0,0,2k.csv
2062,0,0,0,2l.csv
2062,19,16,3,3a.csv
2062,1,1,0,3b.csv
2062,5,5,0,3c.csv
2062,5,5,0,3d.csv
2062,4,3,1,3e.csv
2062,4,3,1,3f.csv
2062,1,0,1,3g.csv
2063,5,4,1,1a.csv
2063,1,1,0,1b.csv
2063,2,2,0,1c.csv
2063,0,0,0,1e.csv
2063,2,2,0,1f.csv
2063,1,1,0,1g.csv
2063,3,3,0,1h.csv
2063,0,0,0,1i.csv
2063,2,2,0,1j.csv
2063,1,1,0,1k.csv
2063,3,2,1,1l.csv
2063,0,0,0,1m.csv
2063,0,0,0,2a.csv
2063,1,0,1,2b.csv
2063,0,0,0,2c.csv
2063,3,2,1,2d.csv
2063,0,0,0,2e.csv
2063,0,0,0,2f.csv
2063,0,0,0,2g.csv
2063,0,0,0,2h.csv
2063,0,0,0,2i.csv
2063,1,1,0,2j.csv
2063,0,0,0,2k.csv
2063,0,0,0,2l.csv
2063,24,21,3,3a.csv
2063,3,3,0,3b.csv
2063,6,5,1,3c.csv
2063,6,5,1,3d.csv
2063,4,3,1,3e.csv
2063,4,3,1,3f.csv
2063,1,0,1,3g.csv
2064,6,5,1,1a.csv
2064,1,1,0,1b.csv
2064,2,2,0,1c.csv
2064,0,0,0,1e.csv
2064,2,2,0,1f.csv
2064,1,1,0,1g.csv
2064,3,3,0,1h.csv
2064,0,0,0,1i.csv
2064,2,2,0,1j.csv
2064,1,1,0,1k.csv
2064,1,0,1,1l.csv
2064,0,0,0,1m.csv
2064,0,0,0,2a.csv
2064,1,0,1,2b.csv
2064,0,0,0,2c.csv
2064,3,2,1,2d.csv
2064,0,0,0,2e.csv
2064,0,0,0,2f.csv
2064,0,0,0,2g.csv
2064,0,0,0,2h.csv
2064,0,0,0,2i.csv
2064,1,1,0,2j.csv
2064,0,0,0,2k.csv
2064,0,0,0,2l.csv
2064,29,24,5,3a.csv
2064,2,2,0,3b.csv
2064,5,4,1,3c.csv
2064,5,4,1,3d.csv
2064,5,4,1,3e.csv
2064,4,3,1,3f.csv
2064,1,0,1,3g.csv
2065,5,3,2,1a.csv
2065,1,1,0,1b.csv
2065,2,2,0,1c.csv
2065,0,0,0,1e.csv
2065,3,3,0,1f.csv
2065,1,1,0,1g.csv
2065,3,3,0,1h.csv
2065,1,1,0,1i.csv
2065,2,2,0,1j.csv
2065,0,0,0,1k.csv
2065,1,0,1,1l.csv
2065,0,0,0,1m.csv
2065,1,1,0,2a.csv
2065,1,0,1,2b.csv
2065,0,0,0,2c.csv
2065,4,3,1,2d.csv
2065,0,0,0,2e.csv
2065,0,0,0,2f.csv
2065,0,0,0,2g.csv
2065,0,0,0,2h.csv
2065,0,0,0,2i.csv
2065,1,1,0,2j.csv
2065,0,0,0,2k.csv
2065,0,0,0,2l.csv
2065,28,24,4,3a.csv
2065,2,2,0,3b.csv
2065,6,5,1,3c.csv
2065,6,5,1,3d.csv
2065,6,5,1,3e.csv
2065,6,4,2,3f.csv
2065,1,0,1,3g.csv
2066,6,3,3,1a.csv
2066,0,0,0,1b.csv
2066,2,2,0,1c.csv
2066,0,0,0,1e.csv
2066,3,3,0,1f.csv
2066,2,1,1,1g.csv
2066,2,2,0,1h.csv
2066,1,1,0,1i.csv
2066,2,2,0,1j.csv
2066,0,0,0,1k.csv
2066,2,1,1,1l.csv
2066,0,0,0,1m.csv
2066,1,1,0,2a.csv
2066,0,0,0,2b.csv
2066,0,0,0,2c.csv
2066,4,3,1,2d.csv
2066,0,0,0,2e.csv
2066,1,1,0,2f.csv
2066,0,0,0,2g.csv
2066,0,0,0,2h.csv
2066,0,0,0,2i.csv
2066,0,0,0,2j.csv
2066,0,0,0,2k.csv
2066,0,0,0,2l.csv
2066,32,26,6,3a.csv
2066,3,3,0,3b.csv
2066,4,3,1,3c.csv
2066,4,3,1,3d.csv
2066,5,4,1,3e.csv
2066,5,3,2,3f.csv
2066,1,0,1,3g.csv
2067,5,2,3,1a.csv
2067,0,0,0,1b.csv
2067,3,3,0,1c.csv
2067,0,0,0,1e.csv
2067,2,2,0,1f.csv
2067,2,1,1,1g.csv
2067,3,3,0,1h.csv
2067,1,1,0,1i.csv
2067,2,2,0,1j.csv
2067,0,0,0,1k.csv
2067,2,1,1,1l.csv
2067,0,0,0,1m.csv
2067,1,1,0,2a.csv
2067,0,0,0,2b.csv
2067,1,1,0,2c.csv
2067,3,3,0,2d.csv
2067,0,0,0,2e.csv
2067,1,1,0,2f.csv
2067,0,0,0,2g.csv
2067,0,0,0,2h.csv
2067,0,0,0,2i.csv
2067,0,0,0,2j.csv
2067,0,0,0,2k.csv
2067,0,0,0,2l.csv
2067,38,31,7,3a.csv
2067,3,3,0,3b.csv
2067,5,4,1,3c.csv
2067,5,4,1,3d.csv
2067,6,5,1,3e.csv
2067,5,3,2,3f.csv
2067,0,0,0,3g.csv
2068,5,3,2,1a.csv
2068,0,0,0,1b.csv
2068,2,2,0,1c.csv
2068,0,0,0,1e.csv
2068,2,2,0,1f.csv
2068,2,1,1,1g.csv
2068,2,2,0,1h.csv
2068,1,1,0,1i.csv
2068,2,2,0,1j.csv
2068,0,0,0,1k.csv
2068,2,1,1,1l.csv
2068,0,0,0,1m.csv
2068,1,1,0,2a.csv
2068,0,0,0,2b.csv
2068,1,1,0,2c.csv
2068,1,1,0,2d.csv
2068,0,0,0,2e.csv
2068,1,1,0,2f.csv
2068,0,0,0,2g.csv
2068,0,0,0,2h.csv
2068,0,0,0,2i.csv
2068,0,0,0,2j.csv
2068,0,0,0,2k.csv
2068,0,0,0,2l.csv
2068,43,36,7,3a.csv
2068,5,4,1,3b.csv
2068,5,4,1,3c.csv
2068,5,4,1,3d.csv
2068,6,5,1,3e.csv
2068,6,4,2,3f.csv
2068,0,0,0,3g.csv
2069,5,3,2,1a.csv
2069,0,0,0,1b.csv
2069,1,1,0,1c.csv
2069,0,0,0,1e.csv
2069,2,2,0,1f.csv
2069,3,2,1,1g.csv
2069,1,1,0,1h.csv
2069,1,1,0,1i.csv
2069,2,2,0,1j.csv
2069,0,0,0,1k.csv
2069,2,1,1,1l.csv
2069,0,0,0,1m.csv
2069,1,1,0,2a.csv
2069,0,0,0,2b.csv
2069,1,1,0,2c.csv
2069,1,1,0,2d.csv
2069,0,0,0,2e.csv
2069,1,1,0,2f.csv
2069,0,0,0,2g.csv
2069,0,0,0,2h.csv
2069,0,0,0,2i.csv
2069,0,0,0,2j.csv
2069,0,0,0,2k.csv
2069,1,1,0,2l.csv
2069,46,39,7,3a.csv
2069,5,4,1,3b.csv
2069,4,3,1,3c.csv
2069,4,3,1,3d.csv
2069,5,4,1,3e.csv
2069,6,4,2,3f.csv
2069,0,0,0,3g.csv
2070,4,2,2,1a.csv
2070,0,0,0,1b.csv
2070,1,1,0,1c.csv
2070,0,0,0,1e.csv
2070,2,2,0,1f.csv
2070,3,2,1,1g.csv
2070,1,1,0,1h.csv
2070,1,1,0,1i.csv
2070,1,1,0,1j.csv
2070,0,0,0,1k.csv
2070,2,2,0,1l.csv
2070,0,0,0,1m.csv
2070,2,1,1,2a.csv
2070,0,0,0,2b.csv
2070,2,1,1,2c.csv
2070,2,1,1,2d.csv
2070,0,0,0,2e.csv
2070,1,1,0,2f.csv
2070,0,0,0,2g.csv
2070,0,0,0,2h.csv
2070,0,0,0,2i.csv
2070,0,0,0,2j.csv
2070,0,0,0,2k.csv
2070,1,1,0,2l.csv
2070,46,40,6,3a.csv
2070,5,4,1,3b.csv
2070,3,2,1,3c.csv
2070,3,2,1,3d.csv
2070,4,4,0,3e.csv
2070,6,5,1,3f.csv
2070,0,0,0,3g.csv
2071,4,2,2,1a.csv
2071,0,0,0,1b.csv
2071,1,1,0,1c.csv
2071,0,0,0,1e.csv
2071,3,2,1,1f.csv
2071,4,3,1,1g.csv
2071,1,1,0,1h.csv
2071,1,1,0,1i.csv
2071,1,1,0,1j.csv
2071,0,0,0,1k.csv
2071,2,2,0,1l.csv
2071,0,0,0,1m.csv
2071,2,1,1,2a.csv
2071,0,0,0,2b.csv
2071,2,1,1,2c.csv
2071,2,1,1,2d.csv
2071,0,0,0,2e.csv
2071,1,1,0,2f.csv
2071,0,0,0,2g.csv
2071,0,0,0,2h.csv
2071,0,0,0,2i.csv
2071,0,0,0,2j.csv
2071,0,0,0,2k.csv
2071,1,1,0,2l.csv
2071,45,38,7,3a.csv
2071,3,2,1,3b.csv
2071,3,3,0,3c.csv
2071,3,3,0,3d.csv
2071,4,4,0,3e.csv
2071,6,5,1,3f.csv
2071,0,0,0,3g.csv
2072,3,1,2,1a.csv
2072,0,0,0,1b.csv
2072,1,1,0,1c.csv
2072,1,1,0,1e.csv
2072,2,1,1,1f.csv
2072,4,3,1,1g.csv
2072,1,1,0,1h.csv
2072,2,1,1,1i.csv
2072,0,0,0,1j.csv
2072,0,0,0,1k.csv
2072,2,2,0,1l.csv
2072,0,0,0,1m.csv
2072,2,1,1,2a.csv
2072,0,0,0,2b.csv
2072,2,1,1,2c.csv
2072,2,1,1,2d.csv
2072,0,0,0,2e.csv
2072,1,1,0,2f.csv
2072,0,0,0,2g.csv
2072,0,0,0,2h.csv
2072,0,0,0,2i.csv
2072,1,1,0,2j.csv
2072,0,0,0,2k.csv
2072,1,1,0,2l.csv
2072,41,36,5,3a.csv
2072,3,2,1,3b.csv
2072,4,4,0,3c.csv
2072,4,4,0,3d.csv
2072,3,3,0,3e.csv
2072,6,5,1,3f.csv
2072,0,0,0,3g.csv
2073,5,3,2,1a.csv
2073,1,1,0,1b.csv
2073,1,1,0,1c.csv
2073,1,1,0,1e.csv
2073,2,1,1,1f.csv
2073,3,2,1,1g.csv
2073,1,1,0,1h.csv
2073,1,0,1,1i.csv
2073,0,0,0,1j.csv
2073,0,0,0,1k.csv
2073,2,2,0,1l.csv
2073,0,0,0,1m.csv
2073,1,0,1,2a.csv
2073,0,0,0,2b.csv
2073,3,2,1,2c.csv
2073,2,1,1,2d.csv
2073,0,0,0,2e.csv
2073,1,1,0,2f.csv
2073,0,0,0,2g.csv
2073,0,0,0,2h.csv
2073,0,0,0,2i.csv
2073,1,1,0,2j.csv
2073,0,0,0,2k.csv
2073,1,1,0,2l.csv
2073,42,36,6,3a.csv
2073,4,2,2,3b.csv
2073,4,4,0,3c.csv
2073,4,4,0,3d.csv
2073,2,2,0,3e.csv
2073,5,5,0,3f.csv
2073,0,0,0,3g.csv
2074,4,3,1,1a.csv
2074,1,1,0,1b.csv
2074,1,1,0,1c.csv
2074,1,1,0,1e.csv
2074,2,1,1,1f.csv
2074,2,2,0,1g.csv
2074,1,1,0,1h.csv
2074,1,0,1,1i.csv
2074,0,0,0,1j.csv
2074,0,0,0,1k.csv
2074,2,2,0,1l.csv
2074,0,0,0,1m.csv
2074,1,0,1,2a.csv
2074,0,0,0,2b.csv
2074,3,2,1,2c.csv
2074,2,1,1,2d.csv
2074,0,0,0,2e.csv
2074,0,0,0,2f.csv
2074,0,0,0,2g.csv
2074,0,0,0,2h.csv
2074,0,0,0,2i.csv
2074,1,1,0,2j.csv
2074,0,0,0,2k.csv
2074,2,2,0,2l.csv
2074,40,36,4,3a.csv
2074,4,2,2,3b.csv
2074,4,4,0,3c.csv
2074,4,4,0,3d.csv
2074,1,1,0,3e.csv
2074,5,5,0,3f.csv
2074,0,0,0,3g.csv
2075,7,5,2,1a.csv
2075,1,1,0,1b.csv
2075,0,0,0,1c.csv
2075,1,1,0,1e.csv
2075,3,2,1,1f.csv
2075,3,2,1,1g.csv
2075,0,0,0,1h.csv
2075,1,0,1,1i.csv
2075,0,0,0,1j.csv
2075,0,0,0,1k.csv
2075,2,2,0,1l.csv
2075,0,0,0,1m.csv
2075,2,0,2,2a.csv
2075,0,0,0,2b.csv
2075,2,1,1,2c.csv
2075,2,1,1,2d.csv
2075,0,0,0,2e.csv
2075,0,0,0,2f.csv
2075,0,0,0,2g.csv
2075,0,0,0,2h.csv
2075,0,0,0,2i.csv
2075,1,1,0,2j.csv
2075,0,0,0,2k.csv
2075,2,2,0,2l.csv
2075,35,32,3,3a.csv
2075,4,2,2,3b.csv
2075,3,3,0,3c.csv
2075,3,3,0,3d.csv
2075,1,1,0,3e.csv
2075,4,4,0,3f.csv
2075,0,0,0,3g.csv
2076,7,4,3,1a.csv
2076,1,1,0,1b.csv
2076,0,0,0,1c.csv
2076,2,2,0,1e.csv
2076,3,2,1,1f.csv
2076,3,2,1,1g.csv
2076,0,0,0,1h.csv
2076,1,0,1,1i.csv
2076,0,0,0,1j.csv
2076,0,0,0,1k.csv
2076,3,3,0,1l.csv
2076,0,0,0,1m.csv
2076,3,1,2,2a.csv
2076,0,0,0,2b.csv
2076,2,1,1,2c.csv
2076,2,1,1,2d.csv
2076,0,0,0,2e.csv
2076,0,0,0,2f.csv
2076,0,0,0,2g.csv
2076,0,0,0,2h.csv
2076,0,0,0,2i.csv
2076,1,1,0,2j.csv
2076,0,0,0,2k.csv
2076,2,2,0,2l.csv
2076,30,28,2,3a.csv
2076,2,1,1,3b.csv
2076,6,6,0,3c.csv
2076,6,6,0,3d.csv
2076,1,1,0,3e.csv
2076,4,3,1,3f.csv
2076,0,0,0,3g.csv
2077,7,4,3,1a.csv
2077,1,1,0,1b.csv
2077,0,0,0,1c.csv
2077,2,2,0,1e.csv
2077,3,2,1,1f.csv
2077,2,1,1,1g.csv
2077,0,0,0,1h.csv
2077,1,0,1,1i.csv
2077,0,0,0,1j.csv
2077,0,0,0,1k.csv
2077,3,3,0,1l.csv
2077,0,0,0,1m.csv
2077,4,1,3,2a.csv
2077,0,0,0,2b.csv
2077,2,1,1,2c.csv
2077,3,2,1,2d.csv
2077,0,0,0,2e.csv
2077,0,0,0,2f.csv
2077,0,0,0,2g.csv
2077,0,0,0,2h.csv
2077,0,0,0,2i.csv
2077,2,2,0,2j.csv
2077,0,0,0,2k.csv
2077,1,1,0,2l.csv
2077,30,27,3,3a.csv
2077,4,2,2,3b.csv
2077,7,7,0,3c.csv
2077,7,7,0,3d.csv
2077,1,1,0,3e.csv
2077,4,3,1,3f.csv
2077,0,0,0,3g.csv
2078,8,4,4,1a.csv
2078,4,2,2,1b.csv
2078,0,0,0,1c.csv
2078,2,2,0,1e.csv
2078,3,2,1,1f.csv
2078,3,2,1,1g.csv
2078,0,0,0,1h.csv
2078,1,0,1,1i.csv
2078,0,0,0,1j.csv
2078,1,1,0,1k.csv
2078,2,2,0,1l.csv
2078,0,0,0,1m.csv
2078,3,1,2,2a.csv
2078,0,0,0,2b.csv
2078,1,1,0,2c.csv
2078,2,2,0,2d.csv
2078,0,0,0,2e.csv
2078,0,0,0,2f.csv
2078,0,0,0,2g.csv
2078,0,0,0,2h.csv
2078,0,0,0,2i.csv
2078,2,2,0,2j.csv
2078,0,0,0,2k.csv
2078,1,1,0,2l.csv
2078,28,25,3,3a.csv
2078,6,3,3,3b.csv
2078,8,8,0,3c.csv
2078,8,8,0,3d.csv
2078,3,3,0,3e.csv
2078,5,4,1,3f.csv
2078,1,1,0,3g.csv
2079,9,4,5,1a.csv
2079,5,3,2,1b.csv
2079,0,0,0,1c.csv
2079,2,2,0,1e.csv
2079,2,2,0,1f.csv
2079,3,2,1,1g.csv
2079,0,0,0,1h.csv
2079,1,0,1,1i.csv
2079,0,0,0,1j.csv
2079,1,1,0,1k.csv
2079,2,2,0,1l.csv
2079,0,0,0,1m.csv
2079,3,1,2,2a.csv
2079,0,0,0,2b.csv
2079,1,1,0,2c.csv
2079,2,2,0,2d.csv
2079,0,0,0,2e.csv
2079,0,0,0,2f.csv
2079,0,0,0,2g.csv
2079,0,0,0,2h.csv
2079,0,0,0,2i.csv
2079,2,2,0,2j.csv
2079,0,0,0,2k.csv
2079,1,1,0,2l.csv
2079,24,22,2,3a.csv
2079,6,3,3,3b.csv
2079,8,8,0,3c.csv
2079,8,8,0,3d.csv
2079,5,5,0,3e.csv
2079,6,5,1,3f.csv
2079,1,1,0,3g.csv
2080,10,5,5,1a.csv
2080,7,5,2,1b.csv
2080,0,0,0,1c.csv
2080,1,1,0,1e.csv
2080,2,2,0,1f.csv
2080,3,2,1,1g.csv
2080,0,0,0,1h.csv
2080,0,0,0,1i.csv
2080,0,0,0,1j.csv
2080,1,1,0,1k.csv
2080,2,2,0,1l.csv
2080,0,0,0,1m.csv
2080,3,1,2,2a.csv
2080,0,0,0,2b.csv
2080,1,1,0,2c.csv
2080,2,2,0,2d.csv
2080,0,0,0,2e.csv
2080,0,0,0,2f.csv
2080,0,0,0,2g.csv
2080,0,0,0,2h.csv
2080,0,0,0,2i.csv
2080,1,1,0,2j.csv
2080,0,0,0,2k.csv
2080,1,1,0,2l.csv
2080,24,22,2,3a.csv
2080,7,4,3,3b.csv
2080,7,7,0,3c.csv
2080,7,7,0,3d.csv
2080,7,7,0,3e.csv
2080,6,5,1,3f.csv
2080,1,1,0,3g.csv
2081,7,3,4,1a.csv
2081,6,4,2,1b.csv
2081,0,0,0,1c.csv
2081,1,1,0,1e.csv
2081,1,1,0,1f.csv
2081,3,2,1,1g.csv
2081,0,0,0,1h.csv
2081,0,0,0,1i.csv
2081,0,0,0,1j.csv
2081,1,1,0,1k.csv
2081,3,3,0,1l.csv
2081,0,0,0,1m.csv
2081,4,2,2,2a.csv
2081,0,0,0,2b.csv
2081,0,0,0,2c.csv
2081,1,1,0,2d.csv
2081,0,0,0,2e.csv
2081,0,0,0,2f.csv
2081,0,0,0,2g.csv
2081,0,0,0,2h.csv
2081,0,0,0,2i.csv
2081,2,2,0,2j.csv
2081,0,0,0,2k.csv
2081,1,1,0,2l.csv
2081,24,23,1,3a.csv
2081,6,4,2,3b.csv
2081,6,6,0,3c.csv
2081,6,6,0,3d.csv
2081,7,7,0,3e.csv
2081,5,4,1,3f.csv
2081,1,1,0,3g.csv
2082,8,4,4,1a.csv
2082,7,4,3,1b.csv
2082,0,0,0,1c.csv
2082,1,1,0,1e.csv
2082,1,1,0,1f.csv
2082,3,2,1,1g.csv
2082,1,1,0,1h.csv
2082,0,0,0,1i.csv
2082,0,0,0,1j.csv
2082,1,1,0,1k.csv
2082,2,2,0,1l.csv
2082,0,0,0,1m.csv
2082,5,2,3,2a.csv
2082,0,0,0,2b.csv
2082,0,0,0,2c.csv
2082,2,2,0,2d.csv
2082,0,0,0,2e.csv
2082,0,0,0,2f.csv
2082,0,0,0,2g.csv
2082,0,0,0,2h.csv
2082,0,0,0,2i.csv
2082,2,2,0,2j.csv
2082,0,0,0,2k.csv
2082,0,0,0,2l.csv
2082,21,20,1,3a.csv
2082,5,3,2,3b.csv
2082,6,6,0,3c.csv
2082,6,6,0,3d.csv
2082,7,7,0,3e.csv
2082,5,4,1,3f.csv
2082,1,1,0,3g.csv
2083,6,3,3,1a.csv
2083,8,5,3,1b.csv
2083,0,0,0,1c.csv
2083,1,1,0,1e.csv
2083,1,1,0,1f.csv
2083,2,2,0,1g.csv
2083,1,1,0,1h.csv
2083,0,0,0,1i.csv
2083,0,0,0,1j.csv
2083,1,1,0,1k.csv
2083,2,2,0,1l.csv
2083,0,0,0,1m.csv
2083,5,3,2,2a.csv
2083,0,0,0,2b.csv
2083,0,0,0,2c.csv
2083,2,2,0,2d.csv
2083,0,0,0,2e.csv
2083,0,0,0,2f.csv
2083,0,0,0,2g.csv
2083,0,0,0,2h.csv
2083,0,0,0,2i.csv
2083,2,2,0,2j.csv
2083,0,0,0,2k.csv
2083,0,0,0,2l.csv
2083,24,23,1,3a.csv
2083,6,3,3,3b.csv
2083,6,6,0,3c.csv
2083,6,6,0,3d.csv
2083,7,7,0,3e.csv
2083,7,6,1,3f.csv
2083,1,1,0,3g.csv
2084,5,3,2,1a.csv
2084,8,5,3,1b.csv
2084,0,0,0,1c.csv
2084,0,0,0,1e.csv
2084,2,1,1,1f.csv
2084,2,2,0,1g.csv
2084,1,1,0,1h.csv
2084,0,0,0,1i.csv
2084,0,0,0,1j.csv
2084,1,1,0,1k.csv
2084,1,1,0,1l.csv
2084,0,0,0,1m.csv
2084,4,2,2,2a.csv
2084,0,0,0,2b.csv
2084,0,0,0,2c.csv
2084,2,2,0,2d.csv
2084,0,0,0,2e.csv
2084,0,0,0,2f.csv
2084,0,0,0,2g.csv
2084,0,0,0,2h.csv
2084,0,0,0,2i.csv
2084,3,3,0,2j.csv
2084,0,0,0,2k.csv
2084,0,0,0,2l.csv
2084,24,23,1,3a.csv
2084,7,3,4,3b.csv
2084,3,3,0,3c.csv
2084,3,3,0,3d.csv
2084,8,8,0,3e.csv
2084,7,5,2,3f.csv
2084,1,1,0,3g.csv
2085,7,5,2,1a.csv
2085,8,5,3,1b.csv
2085,0,0,0,1c.csv
2085,0,0,0,1e.csv
2085,2,1,1,1f.csv
2085,2,2,0,1g.csv
2085,1,1,0,1h.csv
2085,0,0,0,1i.csv
2085,0,0,0,1j.csv
2085,1,1,0,1k.csv
2085,1,1,0,1l.csv
2085,0,0,0,1m.csv
2085,3,2,1,2a.csv
2085,0,0,0,2b.csv
2085,0,0,0,2c.csv
2085,2,2,0,2d.csv
2085,0,0,0,2e.csv
2085,0,0,0,2f.csv
2085,0,0,0,2g.csv
2085,0,0,0,2h.csv
2085,0,0,0,2i.csv
2085,3,3,0,2j.csv
2085,0,0,0,2k.csv
2085,0,0,0,2l.csv
2085,23,22,1,3a.csv
2085,6,3,3,3b.csv
2085,3,3,0,3c.csv
2085,3,3,0,3d.csv
2085,8,8,0,3e.csv
2085,7,5,2,3f.csv
2085,1,1,0,3g.csv
2086,6,5,1,1a.csv
2086,5,4,1,1b.csv
2086,0,0,0,1c.csv
2086,0,0,0,1e.csv
2086,2,1,1,1f.csv
2086,1,1,0,1g.csv
2086,1,1,0,1h.csv
2086,0,0,0,1i.csv
2086,0,0,0,1j.csv
2086,0,0,0,1k.csv
2086,2,1,1,1l.csv
2086,0,0,0,1m.csv
2086,5,4,1,2a.csv
2086,0,0,0,2b.csv
2086,0,0,0,2c.csv
2086,2,2,0,2d.csv
2086,0,0,0,2e.csv
2086,0,0,0,2f.csv
2086,0,0,0,2g.csv
2086,0,0,0,2h.csv
2086,0,0,0,2i.csv
2086,3,3,0,2j.csv
2086,0,0,0,2k.csv
2086,0,0,0,2l.csv
2086,21,20,1,3a.csv
2086,4,2,2,3b.csv
2086,4,4,0,3c.csv
2086,4,4,0,3d.csv
2086,6,6,0,3e.csv
2086,6,4,2,3f.csv
2086,1,1,0,3g.csv
2087,6,5,1,1a.csv
2087,4,3,1,1b.csv
2087,0,0,0,1c.csv
2087,0,0,0,1e.csv
2087,3,2,1,1f.csv
2087,0,0,0,1g.csv
2087,1,1,0,1h.csv
2087,0,0,0,1i.csv
2087,0,0,0,1j.csv
2087,0,0,0,1k.csv
2087,2,1,1,1l.csv
2087,0,0,0,1m.csv
2087,6,5,1,2a.csv
2087,0,0,0,2b.csv
2087,0,0,0,2c.csv
2087,2,2,0,2d.csv
2087,0,0,0,2e.csv
2087,0,0,0,2f.csv
2087,0,0,0,2g.csv
2087,0,0,0,2h.csv
2087,0,0,0,2i.csv
2087,3,3,0,2j.csv
2087,0,0,0,2k.csv
2087,0,0,0,2l.csv
2087,22,21,1,3a.csv
2087,4,2,2,3b.csv
2087,5,5,0,3c.csv
2087,5,5,0,3d.csv
2087,4,4,0,3e.csv
2087,5,3,2,3f.csv
2087,1,1,0,3g.csv
2088,5,4,1,1a.csv
2088,2,1,1,1b.csv
2088,0,0,0,1c.csv
2088,0,0,0,1e.csv
2088,4,3,1,1f.csv
2088,0,0,0,1g.csv
2088,1,1,0,1h.csv
2088,0,0,0,1i.csv
2088,0,0,0,1j.csv
2088,0,0,0,1k.csv
2088,2,1,1,1l.csv
2088,0,0,0,1m.csv
2088,7,6,1,2a.csv
2088,0,0,0,2b.csv
2088,0,0,0,2c.csv
2088,2,2,0,2d.csv
2088,0,0,0,2e.csv
2088,0,0,0,2f.csv
2088,0,0,0,2g.csv
2088,0,0,0,2h.csv
2088,0,0,0,2i.csv
2088,3,3,0,2j.csv
2088,0,0,0,2k.csv
2088,0,0,0,2l.csv
2088,20,18,2,3a.csv
2088,4,2,2,3b.csv
2088,5,5,0,3c.csv
2088,5,5,0,3d.csv
2088,2,2,0,3e.csv
2088,5,3,2,3f.csv
2088,2,1,1,3g.csv
2089,5,4,1,1a.csv
2089,3,2,1,1b.csv
2089,1,1,0,1c.csv
2089,1,1,0,1e.csv
2089,4,3,1,1f.csv
2089,0,0,0,1g.csv
2089,1,1,0,1h.csv
2089,0,0,0,1i.csv
2089,0,0,0,1j.csv
2089,0,0,0,1k.csv
2089,1,0,1,1l.csv
2089,0,0,0,1m.csv
2089,7,6,1,2a.csv
2089,0,0,0,2b.csv
2089,0,0,0,2c.csv
2089,2,2,0,2d.csv
2089,0,0,0,2e.csv
2089,0,0,0,2f.csv
2089,0,0,0,2g.csv
2089,0,0,0,2h.csv
2089,0,0,0,2i.csv
2089,2,2,0,2j.csv
2089,0,0,0,2k.csv
2089,0,0,0,2l.csv
2089,18,16,2,3a.csv
2089,4,2,2,3b.csv
2089,5,5,0,3c.csv
2089,5,5,0,3d.csv
2089,2,2,0,3e.csv
2089,5,3,2,3f.csv
2089,2,1,1,3g.csv
2090,4,3,1,1a.csv
2090,2,2,0,1b.csv
2090,1,1,0,1c.csv
2090,1,1,0,1e.csv
2090,4,3,1,1f.csv
2090,1,1,0,1g.csv
2090,0,0,0,1h.csv
2090,0,0,0,1i.csv
2090,0,0,0,1j.csv
2090,0,0,0,1k.csv
2090,1,0,1,1l.csv
2090,0,0,0,1m.csv
2090,7,7,0,2a.csv
2090,0,0,0,2b.csv
2090,0,0,0,2c.csv
2090,1,1,0,2d.csv
2090,0,0,0,2e.csv
2090,0,0,0,2f.csv
2090,0,0,0,2g.csv
2090,0,0,0,2h.csv
2090,0,0,0,2i.csv
2090,3,3,0,2j.csv
2090,0,0,0,2k.csv
2090,0,0,0,2l.csv
2090,18,16,2,3a.csv
2090,5,3,2,3b.csv
2090,6,6,0,3c.csv
2090,6,6,0,3d.csv
2090,4,4,0,3e.csv
2090,6,4,2,3f.csv
2090,2,1,1,3g.csv
2091,6,2,4,1a.csv
2091,1,1,0,1b.csv
2091,2,1,1,1c.csv
2091,1,1,0,1e.csv
2091,3,2,1,1f.csv
2091,1,1,0,1g.csv
2091,0,0,0,1h.csv
2091,0,0,0,1i.csv
2091,0,0,0,1j.csv
2091,0,0,0,1k.csv
2091,1,0,1,1l.csv
2091,0,0,0,1m.csv
2091,6,6,0,2a.csv
2091,0,0,0,2b.csv
2091,0,0,0,2c.csv
2091,1,1,0,2d.csv
2091,0,0,0,2e.csv
2091,0,0,0,2f.csv
2091,0,0,0,2g.csv
2091,0,0,0,2h.csv
2091,0,0,0,2i.csv
2091,3,3,0,2j.csv
2091,0,0,0,2k.csv
2091,0,0,0,2l.csv
2091,16,14,2,3a.csv
2091,6,4,2,3b.csv
2091,6,6,0,3c.csv
2091,6,6,0,3d.csv
2091,4,4,0,3e.csv
2091,4,2,2,3f.csv
2091,2,1,1,3g.csv
2092,6,2,4,1a.csv
2092,1,1,0,1b.csv
2092,2,1,1,1c.csv
2092,1,1,0,1e.csv
2092,2,2,0,1f.csv
2092,1,1,0,1g.csv
2092,0,0,0,1h.csv
2092,0,0,0,1i.csv
2092,0,0,0,1j.csv
2092,0,0,0,1k.csv
2092,2,1,1,1l.csv
2092,0,0,0,1m.csv
2092,6,6,0,2a.csv
2092,1,1,0,2b.csv
2092,0,0,0,2c.csv
2092,1,1,0,2d.csv
2092,0,0,0,2e.csv
2092,0,0,0,2f.csv
2092,0,0,0,2g.csv
2092,0,0,0,2h.csv
2092,0,0,0,2i.csv
2092,2,2,0,2j.csv
2092,0,0,0,2k.csv
2092,0,0,0,2l.csv
2092,13,11,2,3a.csv
2092,5,4,1,3b.csv
2092,7,7,0,3c.csv
2092,7,7,0,3d.csv
2092,3,3,0,3e.csv
2092,2,2,0,3f.csv
2092,2,1,1,3g.csv
2093,4,0,4,1a.csv
2093,1,1,0,1b.csv
2093,2,1,1,1c.csv
2093,1,1,0,1e.csv
2093,2,2,0,1f.csv
2093,1,1,0,1g.csv
2093,0,0,0,1h.csv
2093,0,0,0,1i.csv
2093,0,0,0,1j.csv
2093,0,0,0,1k.csv
2093,2,1,1,1l.csv
2093,0,0,0,1m.csv
2093,7,6,1,2a.csv
2093,1,1,0,2b.csv
2093,0,0,0,2c.csv
2093,0,0,0,2d.csv
2093,0,0,0,2e.csv
2093,0,0,0,2f.csv
2093,0,0,0,2g.csv
2093,0,0,0,2h.csv
2093,0,0,0,2i.csv
2093,1,1,0,2j.csv
2093,0,0,0,2k.csv
2093,0,0,0,2l.csv
2093,10,9,1,3a.csv
2093,4,3,1,3b.csv
2093,6,6,0,3c.csv
2093,6,6,0,3d.csv
2093,4,4,0,3e.csv
2093,3,3,0,3f.csv
2093,3,2,1,3g.csv
2094,6,1,5,1a.csv
2094,1,1,0,1b.csv
2094,2,1,1,1c.csv
2094,1,1,0,1e.csv
2094,2,2,0,1f.csv
2094,1,1,0,1g.csv
2094,0,0,0,1h.csv
2094,0,0,0,1i.csv
2094,0,0,0,1j.csv
2094,0,0,0,1k.csv
2094,1,1,0,1l.csv
2094,0,0,0,1m.csv
2094,7,4,3,2a.csv
2094,1,1,0,2b.csv
2094,0,0,0,2c.csv
2094,0,0,0,2d.csv
2094,0,0,0,2e.csv
2094,0,0,0,2f.csv
2094,0,0,0,2g.csv
2094,0,0,0,2h.csv
2094,0,0,0,2i.csv
2094,2,2,0,2j.csv
2094,0,0,0,2k.csv
2094,0,0,0,2l.csv
2094,9,8,1,3a.csv
2094,5,4,1,3b.csv
2094,4,4,0,3c.csv
2094,4,4,0,3d.csv
2094,4,4,0,3e.csv
2094,3,3,0,3f.csv
2094,3,2,1,3g.csv
2095,6,1,5,1a.csv
2095,1,1,0,1b.csv
2095,2,1,1,1c.csv
2095,2,1,1,1e.csv
2095,1,1,0,1f.csv
2095,1,1,0,1g.csv
2095,0,0,0,1h.csv
2095,0,0,0,1i.csv
2095,0,0,0,1j.csv
2095,0,0,0,1k.csv
2095,1,1,0,1l.csv
2095,0,0,0,1m.csv
2095,6,3,3,2a.csv
2095,1,1,0,2b.csv
2095,0,0,0,2c.csv
2095,0,0,0,2d.csv
2095,0,0,0,2e.csv
2095,0,0,0,2f.csv
2095,0,0,0,2g.csv
2095,0,0,0,2h.csv
2095,0,0,0,2i.csv
2095,2,2,0,2j.csv
2095,0,0,0,2k.csv
2095,0,0,0,2l.csv
2095,7,6,1,3a.csv
2095,5,4,1,3b.csv
2095,2,2,0,3c.csv
2095,2,2,0,3d.csv
2095,4,4,0,3e.csv
2095,4,4,0,3f.csv
2095,4,3,1,3g.csv
2096,8,2,6,1a.csv
2096,1,1,0,1b.csv
2096,2,1,1,1c.csv
2096,2,1,1,1e.csv
2096,0,0,0,1f.csv
2096,1,1,0,1g.csv
2096,0,0,0,1h.csv
2096,0,0,0,1i.csv
2096,0,0,0,1j.csv
2096,0,0,0,1k.csv
2096,1,1,0,1l.csv
2096,0,0,0,1m.csv
2096,5,2,3,2a.csv
2096,1,1,0,2b.csv
2096,0,0,0,2c.csv
2096,0,0,0,2d.csv
2096,0,0,0,2e.csv
2096,0,0,0,2f.csv
2096,0,0,0,2g.csv
2096,0,0,0,2h.csv
2096,0,0,0,2i.csv
2096,2,2,0,2j.csv
2096,0,0,0,2k.csv
2096,0,0,0,2l.csv
2096,6,6,0,3a.csv
2096,5,4,1,3b.csv
2096,4,4,0,3c.csv
2096,4,4,0,3d.csv
2096,4,4,0,3e.csv
2096,4,4,0,3f.csv
2096,4,4,0,3g.csv
2097,9,3,6,1a.csv
2097,2,1,1,1b.csv
2097,1,0,1,1c.csv
2097,1,0,1,1e.csv
2097,1,1,0,1f.csv
2097,1,1,0,1g.csv
2097,1,1,0,1h.csv
2097,0,0,0,1i.csv
2097,0,0,0,1j.csv
2097,0,0,0,1k.csv
2097,1,1,0,1l.csv
2097,0,0,0,1m.csv
2097,4,1,3,2a.csv
2097,1,1,0,2b.csv
2097,0,0,0,2c.csv
2097,0,0,0,2d.csv
2097,0,0,0,2e.csv
2097,0,0,0,2f.csv
2097,0,0,0,2g.csv
2097,0,0,0,2h.csv
2097,1,1,0,2i.csv
2097,2,2,0,2j.csv
2097,0,0,0,2k.csv
2097,0,0,0,2l.csv
2097,7,7,0,3a.csv
2097,5,4,1,3b.csv
2097,4,4,0,3c.csv
2097,4,4,0,3d.csv
2097,4,4,0,3e.csv
2097,4,4,0,3f.csv
2097,4,4,0,3g.csv
2098,11,4,7,1a.csv
2098,2,1,1,1b.csv
2098,2,1,1,1c.csv
2098,1,0,1,1e.csv
2098,1,1,0,1f.csv
2098,0,0,0,1g.csv
2098,1,1,0,1h.csv
2098,0,0,0,1i.csv
2098,0,0,0,1j.csv
2098,0,0,0,1k.csv
2098,2,2,0,1l.csv
2098,0,0,0,1m.csv
2098,6,2,4,2a.csv
2098,1,1,0,2b.csv
2098,0,0,0,2c.csv
2098,0,0,0,2d.csv
2098,0,0,0,2e.csv
2098,0,0,0,2f.csv
2098,0,0,0,2g.csv
2098,0,0,0,2h.csv
2098,1,1,0,2i.csv
2098,1,1,0,2j.csv
2098,0,0,0,2k.csv
2098,0,0,0,2l.csv
2098,6,6,0,3a.csv
2098,4,3,1,3b.csv
2098,3,3,0,3c.csv
2098,3,3,0,3d.csv
2098,2,2,0,3e.csv
2098,3,3,0,3f.csv
2098,4,4,0,3g.csv
2099,9,4,5,1a.csv
2099,2,1,1,1b.csv
2099,2,2,0,1c.csv
2099,1,0,1,1e.csv
2099,1,1,0,1f.csv
2099,0,0,0,1g.csv
2099,1,1,0,1h.csv
2099,0,0,0,1i.csv
2099,0,0,0,1j.csv
2099,0,0,0,1k.csv
2099,2,2,0,1l.csv
2099,0,0,0,1m.csv
2099,6,2,4,2a.csv
2099,1,1,0,2b.csv
2099,0,0,0,2c.csv
2099,0,0,0,2d.csv
2099,1,1,0,2e.csv
2099,0,0,0,2f.csv
2099,0,0,0,2g.csv
2099,0,0,0,2h.csv
2099,1,1,0,2i.csv
2099,1,1,0,2j.csv
2099,0,0,0,2k.csv
2099,0,0,0,2l.csv
2099,5,3,2,3a.csv
2099,3,2,1,3b.csv
2099,5,5,0,3c.csv
2099,5,5,0,3d.csv
2099,1,1,0,3e.csv
2099,3,3,0,3f.csv
2099,4,4,0,3g.csv
2100,9,4,5,1a.csv
2100,2,1,1,1b.csv
2100,2,2,0,1c.csv
2100,1,0,1,1e.csv
2100,2,2,0,1f.csv
2100,0,0,0,1g.csv
2100,1,1,0,1h.csv
2100,0,0,0,1i.csv
2100,0,0,0,1j.csv
2100,0,0,0,1k.csv
2100,1,1,0,1l.csv
2100,0,0,0,1m.csv
2100,6,2,4,2a.csv
2100,0,0,0,2b.csv
2100,0,0,0,2c.csv
2100,0,0,0,2d.csv
2100,1,1,0,2e.csv
2100,0,0,0,2f.csv
2100,0,0,0,2g.csv
2100,0,0,0,2h.csv
2100,1,1,0,2i.csv
2100,1,1,0,2j.csv
2100,0,0,0,2k.csv
2100,0,0,0,2l.csv
2100,5,3,2,3a.csv
2100,5,4,1,3b.csv
2100,4,4,0,3c.csv
2100,4,4,0,3d.csv
2100,5,5,0,3e.csv
2100,3,3,0,3f.csv
2100,4,4,0,3g.csv
2101,10,5,5,1a.csv
2101,2,1,1,1b.csv
2101,3,3,0,1c.csv
2101,1,0,1,1e.csv
2101,2,2,0,1f.csv
2101,0,0,0,1g.csv
2101,1,1,0,1h.csv
2101,0,0,0,1i.csv
2101,0,0,0,1j.csv
2101,0,0,0,1k.csv
2101,1,1,0,1l.csv
2101,0,0,0,1m.csv
2101,5,2,3,2a.csv
2101,0,0,0,2b.csv
2101,0,0,0,2c.csv
2101,0,0,0,2d.csv
2101,1,1,0,2e.csv
2101,0,0,0,2f.csv
2101,0,0,0,2g.csv
2101,0,0,0,2h.csv
2101,1,1,0,2i.csv
2101,1,1,0,2j.csv
2101,0,0,0,2k.csv
2101,0,0,0,2l.csv
2101,5,2,3,3a.csv
2101,5,4,1,3b.csv
2101,5,5,0,3c.csv
2101,5,5,0,3d.csv
2101,4,4,0,3e.csv
2101,2,2,0,3f.csv
2101,3,3,0,3g.csv
2102,8,4,4,1a.csv
2102,2,1,1,1b.csv
2102,3,3,0,1c.csv
2102,1,0,1,1e.csv
2102,2,2,0,1f.csv
2102,0,0,0,1g.csv
2102,1,1,0,1h.csv
2102,0,0,0,1i.csv
2102,0,0,0,1j.csv
2102,0,0,0,1k.csv
2102,1,1,0,1l.csv
2102,0,0,0,1m.csv
2102,4,2,2,2a.csv
2102,0,0,0,2b.csv
2102,0,0,0,2c.csv
2102,0,0,0,2d.csv
2102,1,1,0,2e.csv
2102,0,0,0,2f.csv
2102,0,0,0,2g.csv
2102,0,0,0,2h.csv
2102,1,1,0,2i.csv
2102,0,0,0,2j.csv
2102,0,0,0,2k.csv
2102,0,0,0,2l.csv
2102,5,2,3,3a.csv
2102,6,5,1,3b.csv
2102,6,6,0,3c.csv
2102,6,6,0,3d.csv
2102,5,5,0,3e.csv
2102,1,1,0,3f.csv
2102,2,2,0,3g.csv
2103,8,5,3,1a.csv
2103,2,1,1,1b.csv
2103,3,3,0,1c.csv
2103,2,1,1,1e.csv
2103,2,2,0,1f.csv
2103,0,0,0,1g.csv
2103,1,1,0,1h.csv
2103,0,0,0,1i.csv
2103,0,0,0,1j.csv
2103,0,0,0,1k.csv
2103,3,3,0,1l.csv
2103,0,0,0,1m.csv
2103,4,2,2,2a.csv
2103,0,0,0,2b.csv
2103,1,1,0,2c.csv
2103,0,0,0,2d.csv
2103,1,1,0,2e.csv
2103,0,0,0,2f.csv
2103,0,0,0,2g.csv
2103,0,0,0,2h.csv
2103,1,1,0,2i.csv
2103,0,0,0,2j.csv
2103,0,0,0,2k.csv
2103,0,0,0,2l.csv
2103,5,2,3,3a.csv
2103,6,5,1,3b.csv
2103,8,8,0,3c.csv
2103,8,8,0,3d.csv
2103,5,5,0,3e.csv
2103,1,1,0,3f.csv
2103,2,2,0,3g.csv
2104,6,4,2,1a.csv
2104,2,1,1,1b.csv
2104,4,3,1,1c.csv
2104,2,1,1,1e.csv
2104,2,2,0,1f.csv
2104,0,0,0,1g.csv
2104,1,1,0,1h.csv
2104,0,0,0,1i.csv
2104,0,0,0,1j.csv
2104,0,0,0,1k.csv
2104,4,4,0,1l.csv
2104,0,0,0,1m.csv
2104,4,2,2,2a.csv
2104,0,0,0,2b.csv
2104,1,1,0,2c.csv
2104,0,0,0,2d.csv
2104,1,1,0,2e.csv
2104,0,0,0,2f.csv
2104,0,0,0,2g.csv
2104,0,0,0,2h.csv
2104,1,1,0,2i.csv
2104,0,0,0,2j.csv
2104,0,0,0,2k.csv
2104,0,0,0,2l.csv
2104,4,1,3,3a.csv
2104,5,4,1,3b.csv
2104,6,6,0,3c.csv
2104,6,6,0,3d.csv
2104,5,5,0,3e.csv
2104,2,2,0,3f.csv
2104,1,1,0,3g.csv
2105,6,4,2,1a.csv
2105,0,0,0,1b.csv
2105,4,3,1,1c.csv
2105,2,1,1,1e.csv
2105,1,1,0,1f.csv
2105,0,0,0,1g.csv
2105,0,0,0,1h.csv
2105,0,0,0,1i.csv
2105,0,0,0,1j.csv
2105,0,0,0,1k.csv
2105,4,4,0,1l.csv
2105,0,0,0,1m.csv
2105,5,2,3,2a.csv
2105,0,0,0,2b.csv
2105,1,1,0,2c.csv
2105,0,0,0,2d.csv
2105,1,1,0,2e.csv
2105,0,0,0,2f.csv
2105,0,0,0,2g.csv
2105,0,0,0,2h.csv
2105,0,0,0,2i.csv
2105,0,0,0,2j.csv
2105,0,0,0,2k.csv
2105,0,0,0,2l.csv
2105,3,0,3,3a.csv
2105,6,5,1,3b.csv
2105,6,6,0,3c.csv
2105,6,6,0,3d.csv
2105,5,5,0,3e.csv
2105,2,2,0,3f.csv
2105,1,1,0,3g.csv
2106,4,4,0,1a.csv
2106,0,0,0,1b.csv
2106,4,2,2,1c.csv
2106,2,1,1,1e.csv
2106,1,1,0,1f.csv
2106,0,0,0,1g.csv
2106,0,0,0,1h.csv
2106,0,0,0,1i.csv
2106,0,0,0,1j.csv
2106,0,0,0,1k.csv
2106,3,3,0,1l.csv
2106,0,0,0,1m.csv
2106,3,0,3,2a.csv
2106,0,0,0,2b.csv
2106,1,1,0,2c.csv
2106,0,0,0,2d.csv
2106,1,1,0,2e.csv
2106,0,0,0,2f.csv
2106,1,1,0,2g.csv
2106,0,0,0,2h.csv
2106,0,0,0,2i.csv
2106,0,0,0,2j.csv
2106,0,0,0,2k.csv
2106,0,0,0,2l.csv
2106,4,0,4,3a.csv
2106,7,6,1,3b.csv
2106,6,6,0,3c.csv
2106,6,6,0,3d.csv
2106,6,6,0,3e.csv
2106,2,2,0,3f.csv
2106,2,2,0,3g.csv
2107,5,4,1,1a.csv
2107,0,0,0,1b.csv
2107,3,1,2,1c.csv
2107,2,1,1,1e.csv
2107,1,1,0,1f.csv
2107,1,1,0,1g.csv
2107,0,0,0,1h.csv
2107,0,0,0,1i.csv
2107,0,0,0,1j.csv
2107,0,0,0,1k.csv
2107,3,3,0,1l.csv
2107,0,0,0,1m.csv
2107,3,0,3,2a.csv
2107,0,0,0,2b.csv
2107,1,1,0,2c.csv
2107,0,0,0,2d.csv
2107,0,0,0,2e.csv
2107,0,0,0,2f.csv
2107,1,1,0,2g.csv
2107,0,0,0,2h.csv
2107,0,0,0,2i.csv
2107,0,0,0,2j.csv
2107,0,0,0,2k.csv
2107,0,0,0,2l.csv
2107,2,0,2,3a.csv
2107,6,6,0,3b.csv
2107,6,6,0,3c.csv
2107,6,6,0,3d.csv
2107,6,6,0,3e.csv
2107,4,4,0,3f.csv
2107,2,2,0,3g.csv
2108,7,6,1,1a.csv
2108,1,0,1,1b.csv
2108,3,1,2,1c.csv
2108,2,1,1,1e.csv
2108,0,0,0,1f.csv
2108,1,1,0,1g.csv
2108,0,0,0,1h.csv
2108,0,0,0,1i.csv
2108,0,0,0,1j.csv
2108,0,0,0,1k.csv
2108,4,4,0,1l.csv
2108,0,0,0,1m.csv
2108,4,1,3,2a.csv
2108,0,0,0,2b.csv
2108,1,1,0,2c.csv
2108,0,0,0,2d.csv
2108,0,0,0,2e.csv
2108,0,0,0,2f.csv
2108,1,1,0,2g.csv
2108,0,0,0,2h.csv
2108,0,0,0,2i.csv
2108,0,0,0,2j.csv
2108,0,0,0,2k.csv
2108,0,0,0,2l.csv
2108,7,4,3,3a.csv
2108,5,4,1,3b.csv
2108,6,6,0,3c.csv
2108,6,6,0,3d.csv
2108,2,2,0,3e.csv
2108,4,4,0,3f.csv
2108,2,2,0,3g.csv
2109,6,5,1,1a.csv
2109,1,0,1,1b.csv
2109,3,0,3,1c.csv
2109,2,1,1,1e.csv
2109,1,0,1,1f.csv
2109,1,1,0,1g.csv
2109,0,0,0,1h.csv
2109,0,0,0,1i.csv
2109,0,0,0,1j.csv
2109,0,0,0,1k.csv
2109,4,4,0,1l.csv
2109,0,0,0,1m.csv
2109,4,1,3,2a.csv
2109,0,0,0,2b.csv
2109,1,1,0,2c.csv
2109,1,1,0,2d.csv
2109,0,0,0,2e.csv
2109,0,0,0,2f.csv
2109,1,1,0,2g.csv
2109,0,0,0,2h.csv
2109,0,0,0,2i.csv
2109,0,0,0,2j.csv
2109,0,0,0,2k.csv
2109,0,0,0,2l.csv
2109,9,5,4,3a.csv
2109,5,4,1,3b.csv
2109,6,6,0,3c.csv
2109,6,6,0,3d.csv
2109,2,2,0,3e.csv
2109,4,4,0,3f.csv
2109,2,2,0,3g.csv
2110,7,6,1,1a.csv
2110,1,0,1,1b.csv
2110,4,1,3,1c.csv
2110,2,1,1,1e.csv
2110,1,0,1,1f.csv
2110,1,1,0,1g.csv
2110,0,0,0,1h.csv
2110,0,0,0,1i.csv
2110,0,0,0,1j.csv
2110,0,0,0,1k.csv
2110,4,4,0,1l.csv
2110,0,0,0,1m.csv
2110,3,1,2,2a.csv
2110,0,0,0,2b.csv
2110,1,1,0,2c.csv
2110,1,1,0,2d.csv
2110,0,0,0,2e.csv
2110,0,0,0,2f.csv
2110,1,1,0,2g.csv
2110,0,0,0,2h.csv
2110,0,0,0,2i.csv
2110,0,0,0,2j.csv
2110,0,0,0,2k.csv
2110,0,0,0,2l.csv
2110,11,6,5,3a.csv
2110,3,2,1,3b.csv
2110,6,6,0,3c.csv
2110,6,6,0,3d.csv
2110,1,1,0,3e.csv
2110,4,4,0,3f.csv
2110,3,3,0,3g.csv
2111,6,5,1,1a.csv
2111,2,0,2,1b.csv
2111,4,1,3,1c.csv
2111,0,0,0,1e.csv
2111,1,0,1,1f.csv
2111,1,1,0,1g.csv
2111,0,0,0,1h.csv
2111,0,0,0,1i.csv
2111,0,0,0,1j.csv
2111,0,0,0,1k.csv
2111,2,2,0,1l.csv
2111,0,0,0,1m.csv
2111,3,1,2,2a.csv
2111,0,0,0,2b.csv
2111,0,0,0,2c.csv
2111,1,1,0,2d.csv
2111,0,0,0,2e.csv
2111,0,0,0,2f.csv
2111,1,1,0,2g.csv
2111,0,0,0,2h.csv
2111,0,0,0,2i.csv
2111,0,0,0,2j.csv
2111,0,0,0,2k.csv
2111,0,0,0,2l.csv
2111,12,7,5,3a.csv
2111,4,3,1,3b.csv
2111,5,4,1,3c.csv
2111,5,4,1,3d.csv
2111,1,1,0,3e.csv
2111,3,3,0,3f.csv
2111,2,2,0,3g.csv
2112,7,6,1,1a.csv
2112,3,0,3,1b.csv
2112,3,1,2,1c.csv
2112,1,1,0,1e.csv
2112,1,0,1,1f.csv
2112,1,1,0,1g.csv
2112,1,0,1,1h.csv
2112,1,1,0,1i.csv
2112,1,0,1,1j.csv
2112,0,0,0,1k.csv
2112,1,1,0,1l.csv
2112,0,0,0,1m.csv
2112,4,2,2,2a.csv
2112,0,0,0,2b.csv
2112,0,0,0,2c.csv
2112,1,1,0,2d.csv
2112,0,0,0,2e.csv
2112,0,0,0,2f.csv
2112,1,1,0,2g.csv
2112,0,0,0,2h.csv
2112,0,0,0,2i.csv
2112,0,0,0,2j.csv
2112,0,0,0,2k.csv
2112,0,0,0,2l.csv
2112,12,7,5,3a.csv
2112,5,3,2,3b.csv
2112,6,5,1,3c.csv
2112,6,5,1,3d.csv
2112,1,1,0,3e.csv
2112,2,2,0,3f.csv
2112,2,2,0,3g.csv
2113,7,6,1,1a.csv
2113,3,0,3,1b.csv
2113,3,1,2,1c.csv
2113,1,1,0,1e.csv
2113,1,0,1,1f.csv
2113,2,2,0,1g.csv
2113,2,1,1,1h.csv
2113,1,1,0,1i.csv
2113,1,0,1,1j.csv
2113,0,0,0,1k.csv
2113,1,1,0,1l.csv
2113,0,0,0,1m.csv
2113,3,2,1,2a.csv
2113,0,0,0,2b.csv
2113,0,0,0,2c.csv
2113,2,2,0,2d.csv
2113,0,0,0,2e.csv
2113,0,0,0,2f.csv
2113,1,1,0,2g.csv
2113,0,0,0,2h.csv
2113,0,0,0,2i.csv
2113,0,0,0,2j.csv
2113,0,0,0,2k.csv
2113,0,0,0,2l.csv
2113,13,7,6,3a.csv
2113,4,2,2,3b.csv
2113,6,5,1,3c.csv
2113,6,5,1,3d.csv
2113,1,1,0,3e.csv
2113,2,2,0,3f.csv
2113,2,2,0,3g.csv
2114,8,7,1,1a.csv
2114,3,0,3,1b.csv
2114,2,1,1,1c.csv
2114,1,1,0,1e.csv
2114,1,0,1,1f.csv
2114,2,2,0,1g.csv
2114,2,1,1,1h.csv
2114,1,1,0,1i.csv
2114,1,0,1,1j.csv
2114,0,0,0,1k.csv
2114,1,1,0,1l.csv
2114,0,0,0,1m.csv
2114,2,2,0,2a.csv
2114,0,0,0,2b.csv
2114,0,0,0,2c.csv
2114,2,2,0,2d.csv
2114,0,0,0,2e.csv
2114,0,0,0,2f.csv
2114,0,0,0,2g.csv
2114,0,0,0,2h.csv
2114,0,0,0,2i.csv
2114,0,0,0,2j.csv
2114,0,0,0,2k.csv
2114,0,0,0,2l.csv
2114,14,9,5,3a.csv
2114,3,1,2,3b.csv
2114,6,5,1,3c.csv
2114,6,5,1,3d.csv
2114,0,0,0,3e.csv
2114,2,2,0,3f.csv
2114,1,1,0,3g.csv
2115,11,11,0,1a.csv
2115,3,0,3,1b.csv
2115,2,1,1,1c.csv
2115,1,1,0,1e.csv
2115,1,0,1,1f.csv
2115,1,1,0,1g.csv
2115,2,1,1,1h.csv
2115,1,1,0,1i.csv
2115,1,0,1,1j.csv
2115,0,0,0,1k.csv
2115,1,1,0,1l.csv
2115,0,0,0,1m.csv
2115,3,2,1,2a.csv
2115,0,0,0,2b.csv
2115,0,0,0,2c.csv
2115,2,2,0,2d.csv
2115,0,0,0,2e.csv
2115,0,0,0,2f.csv
2115,0,0,0,2g.csv
2115,0,0,0,2h.csv
2115,0,0,0,2i.csv
2115,0,0,0,2j.csv
2115,0,0,0,2k.csv
2115,0,0,0,2l.csv
2115,15,10,5,3a.csv
2115,4,2,2,3b.csv
2115,5,4,1,3c.csv
2115,5,4,1,3d.csv
2115,0,0,0,3e.csv
2115,0,0,0,3f.csv
2115,2,2,0,3g.csv
2116,9,9,0,1a.csv
2116,3,1,2,1b.csv
2116,2,1,1,1c.csv
2116,1,1,0,1e.csv
2116,2,0,2,1f.csv
2116,1,1,0,1g.csv
2116,2,1,1,1h.csv
2116,1,1,0,1i.csv
2116,1,0,1,1j.csv
2116,0,0,0,1k.csv
2116,0,0,0,1l.csv
2116,0,0,0,1m.csv
2116,2,1,1,2a.csv
2116,0,0,0,2b.csv
2116,0,0,0,2c.csv
2116,2,2,0,2d.csv
2116,0,0,0,2e.csv
2116,0,0,0,2f.csv
2116,0,0,0,2g.csv
2116,0,0,0,2h.csv
2116,0,0,0,2i.csv
2116,0,0,0,2j.csv
2116,0,0,0,2k.csv
2116,0,0,0,2l.csv
2116,11,7,4,3a.csv
2116,4,3,1,3b.csv
2116,5,4,1,3c.csv
2116,5,4,1,3d.csv
2116,0,0,0,3e.csv
2116,0,0,0,3f.csv
2116,2,2,0,3g.csv
2117,12,12,0,1a.csv
2117,4,2,2,1b.csv
2117,1,1,0,1c.csv
2117,1,1,0,1e.csv
2117,1,0,1,1f.csv
2117,1,1,0,1g.csv
2117,2,1,1,1h.csv
2117,1,1,0,1i.csv
2117,1,0,1,1j.csv
2117,1,1,0,1k.csv
2117,0,0,0,1l.csv
2117,0,0,0,1m.csv
2117,2,1,1,2a.csv
2117,0,0,0,2b.csv
2117,0,0,0,2c.csv
2117,1,1,0,2d.csv
2117,0,0,0,2e.csv
2117,0,0,0,2f.csv
2117,0,0,0,2g.csv
2117,0,0,0,2h.csv
2117,0,0,0,2i.csv
2117,0,0,0,2j.csv
2117,0,0,0,2k.csv
2117,0,0,0,2l.csv
2117,9,7,2,3a.csv
2117,4,3,1,3b.csv
2117,5,4,1,3c.csv
2117,5,4,1,3d.csv
2117,0,0,0,3e.csv
2117,0,0,0,3f.csv
2117,2,2,0,3g.csv
2118,11,11,0,1a.csv
2118,6,3,3,1b.csv
2118,0,0,0,1c.csv
2118,1,1,0,1e.csv
2118,1,0,1,1f.csv
2118,1,1,0,1g.csv
2118,2,1,1,1h.csv
2118,2,2,0,1i.csv
2118,1,0,1,1j.csv
2118,1,1,0,1k.csv
2118,0,0,0,1l.csv
2118,1,0,1,1m.csv
2118,3,2,1,2a.csv
2118,0,0,0,2b.csv
2118,0,0,0,2c.csv
2118,1,1,0,2d.csv
2118,0,0,0,2e.csv
2118,0,0,0,2f.csv
2118,0,0,0,2g.csv
2118,0,0,0,2h.csv
2118,1,0,1,2i.csv
2118,0,0,0,2j.csv
2118,0,0,0,2k.csv
2118,0,0,0,2l.csv
2118,8,7,1,3a.csv
2118,4,3,1,3b.csv
2118,4,3,1,3c.csv
2118,4,3,1,3d.csv
2118,0,0,0,3e.csv
2118,0,0,0,3f.csv
2118,1,1,0,3g.csv
2119,11,11,0,1a.csv
2119,5,3,2,1b.csv
2119,0,0,0,1c.csv
2119,1,1,0,1e.csv
2119,1,0,1,1f.csv
2119,1,1,0,1g.csv
2119,2,1,1,1h.csv
2119,2,2,0,1i.csv
2119,1,0,1,1j.csv
2119,1,1,0,1k.csv
2119,0,0,0,1l.csv
2119,1,0,1,1m.csv
2119,3,2,1,2a.csv
2119,0,0,0,2b.csv
2119,0,0,0,2c.csv
2119,1,1,0,2d.csv
2119,0,0,0,2e.csv
2119,0,0,0,2f.csv
2119,0,0,0,2g.csv
2119,0,0,0,2h.csv
2119,1,0,1,2i.csv
2119,0,0,0,2j.csv
2119,0,0,0,2k.csv
2119,0,0,0,2l.csv
2119,8,7,1,3a.csv
2119,5,3,2,3b.csv
2119,4,4,0,3c.csv
2119,4,4,0,3d.csv
2119,0,0,0,3e.csv
2119,0,0,0,3f.csv
2119,1,1,0,3g.csv
2120,11,11,0,1a.csv
2120,4,3,1,1b.csv
2120,0,0,0,1c.csv
2120,1,1,0,1e.csv
2120,1,0,1,1f.csv
2120,1,1,0,1g.csv
2120,2,1,1,1h.csv
2120,1,1,0,1i.csv
2120,0,0,0,1j.csv
2120,1,1,0,1k.csv
2120,0,0,0,1l.csv
2120,1,0,1,1m.csv
2120,3,1,2,2a.csv
2120,0,0,0,2b.csv
2120,0,0,0,2c.csv
2120,1,1,0,2d.csv
2120,0,0,0,2e.csv
2120,0,0,0,2f.csv
2120,0,0,0,2g.csv
2120,0,0,0,2h.csv
2120,1,0,1,2i.csv
2120,0,0,0,2j.csv
2120,0,0,0,2k.csv
2120,0,0,0,2l.csv
2120,9,8,1,3a.csv
2120,4,3,1,3b.csv
2120,4,4,0,3c.csv
2120,4,4,0,3d.csv
2120,0,0,0,3e.csv
2120,1,1,0,3f.csv
2120,2,1,1,3g.csv
2121,12,10,2,1a.csv
2121,5,4,1,1b.csv
2121,0,0,0,1c.csv
2121,2,2,0,1e.csv
2121,1,0,1,1f.csv
2121,0,0,0,1g.csv
2121,1,0,1,1h.csv
2121,1,1,0,1i.csv
2121,0,0,0,1j.csv
2121,2,2,0,1k.csv
2121,0,0,0,1l.csv
2121,1,0,1,1m.csv
2121,3,1,2,2a.csv
2121,0,0,0,2b.csv
2121,0,0,0,2c.csv
2121,0,0,0,2d.csv
2121,0,0,0,2e.csv
2121,0,0,0,2f.csv
2121,0,0,0,2g.csv
2121,0,0,0,2h.csv
2121,1,0,1,2i.csv
2121,0,0,0,2j.csv
2121,0,0,0,2k.csv
2121,0,0,0,2l.csv
2121,8,8,0,3a.csv
2121,4,3,1,3b.csv
2121,4,4,0,3c.csv
2121,4,4,0,3d.csv
2121,0,0,0,3e.csv
2121,1,1,0,3f.csv
2121,2,1,1,3g.csv
2122,10,8,2,1a.csv
2122,6,5,1,1b.csv
2122,0,0,0,1c.csv
2122,2,2,0,1e.csv
2122,1,0,1,1f.csv
2122,0,0,0,1g.csv
2122,1,0,1,1h.csv
2122,1,1,0,1i.csv
2122,0,0,0,1j.csv
2122,2,2,0,1k.csv
2122,0,0,0,1l.csv
2122,1,0,1,1m.csv
2122,3,1,2,2a.csv
2122,0,0,0,2b.csv
2122,0,0,0,2c.csv
2122,0,0,0,2d.csv
2122,0,0,0,2e.csv
2122,0,0,0,2f.csv
2122,0,0,0,2g.csv
2122,0,0,0,2h.csv
2122,1,0,1,2i.csv
2122,0,0,0,2j.csv
2122,1,1,0,2k.csv
2122,0,0,0,2l.csv
2122,7,7,0,3a.csv
2122,4,3,1,3b.csv
2122,4,4,0,3c.csv
2122,4,4,0,3d.csv
2122,0,0,0,3e.csv
2122,1,1,0,3f.csv
2122,1,0,1,3g.csv
2123,7,5,2,1a.csv
2123,6,5,1,1b.csv
2123,0,0,0,1c.csv
2123,2,2,0,1e.csv
2123,1,0,1,1f.csv
2123,0,0,0,1g.csv
2123,1,0,1,1h.csv
2123,1,1,0,1i.csv
2123,0,0,0,1j.csv
2123,2,2,0,1k.csv
2123,0,0,0,1l.csv
2123,1,0,1,1m.csv
2123,3,2,1,2a.csv
2123,0,0,0,2b.csv
2123,0,0,0,2c.csv
2123,0,0,0,2d.csv
2123,0,0,0,2e.csv
2123,0,0,0,2f.csv
2123,0,0,0,2g.csv
2123,0,0,0,2h.csv
2123,1,0,1,2i.csv
2123,0,0,0,2j.csv
2123,1,1,0,2k.csv
2123,0,0,0,2l.csv
2123,6,6,0,3a.csv
2123,3,2,1,3b.csv
2123,4,4,0,3c.csv
2123,4,4,0,3d.csv
2123,1,1,0,3e.csv
2123,1,1,0,3f.csv
2123,2,1,1,3g.csv
2124,8,6,2,1a.csv
2124,5,4,1,1b.csv
2124,0,0,0,1c.csv
2124,3,3,0,1e.csv
2124,1,1,0,1f.csv
2124,0,0,0,1g.csv
2124,1,0,1,1h.csv
2124,1,1,0,1i.csv
2124,0,0,0,1j.csv
2124,2,2,0,1k.csv
2124,0,0,0,1l.csv
2124,1,0,1,1m.csv
2124,3,2,1,2a.csv
2124,0,0,0,2b.csv
2124,0,0,0,2c.csv
2124,0,0,0,2d.csv
2124,0,0,0,2e.csv
2124,0,0,0,2f.csv
2124,0,0,0,2g.csv
2124,0,0,0,2h.csv
2124,1,0,1,2i.csv
2124,0,0,0,2j.csv
2124,1,1,0,2k.csv
2124,0,0,0,2l.csv
2124,7,7,0,3a.csv
2124,2,1,1,3b.csv
2124,4,4,0,3c.csv
2124,4,4,0,3d.csv
2124,1,1,0,3e.csv
2124,1,1,0,3f.csv
2124,2,1,1,3g.csv
2125,5,3,2,1a.csv
2125,4,3,1,1b.csv
2125,0,0,0,1c.csv
2125,4,4,0,1e.csv
2125,1,1,0,1f.csv
2125,0,0,0,1g.csv
2125,1,0,1,1h.csv
2125,1,1,0,1i.csv
2125,0,0,0,1j.csv
2125,1,1,0,1k.csv
2125,0,0,0,1l.csv
2125,1,0,1,1m.csv
2125,3,2,1,2a.csv
2125,0,0,0,2b.csv
2125,0,0,0,2c.csv
2125,0,0,0,2d.csv
2125,0,0,0,2e.csv
2125,0,0,0,2f.csv
2125,0,0,0,2g.csv
2125,0,0,0,2h.csv
2125,2,1,1,2i.csv
2125,0,0,0,2j.csv
2125,1,1,0,2k.csv
2125,0,0,0,2l.csv
2125,6,6,0,3a.csv
2125,2,1,1,3b.csv
2125,4,4,0,3c.csv
2125,4,4,0,3d.csv
2125,1,1,0,3e.csv
2125,2,2,0,3f.csv
2125,2,1,1,3g.csv
2126,6,3,3,1a.csv
2126,2,2,0,1b.csv
2126,0,0,0,1c.csv
2126,4,4,0,1e.csv
2126,1,1,0,1f.csv
2126,0,0,0,1g.csv
2126,2,1,1,1h.csv
2126,0,0,0,1i.csv
2126,0,0,0,1j.csv
2126,1,1,0,1k.csv
2126,0,0,0,1l.csv
2126,0,0,0,1m.csv
2126,2,1,1,2a.csv
2126,0,0,0,2b.csv
2126,0,0,0,2c.csv
2126,0,0,0,2d.csv
2126,0,0,0,2e.csv
2126,0,0,0,2f.csv
2126,0,0,0,2g.csv
2126,0,0,0,2h.csv
2126,1,1,0,2i.csv
2126,0,0,0,2j.csv
2126,1,1,0,2k.csv
2126,0,0,0,2l.csv
2126,5,5,0,3a.csv
2126,2,1,1,3b.csv
2126,5,5,0,3c.csv
2126,5,5,0,3d.csv
2126,1,1,0,3e.csv
2126,2,2,0,3f.csv
2126,2,1,1,3g.csv
2127,8,5,3,1a.csv
2127,3,2,1,1b.csv
2127,0,0,0,1c.csv
2127,4,4,0,1e.csv
2127,1,1,0,1f.csv
2127,0,0,0,1g.csv
2127,2,1,1,1h.csv
2127,0,0,0,1i.csv
2127,0,0,0,1j.csv
2127,1,1,0,1k.csv
2127,0,0,0,1l.csv
2127,0,0,0,1m.csv
2127,2,1,1,2a.csv
2127,0,0,0,2b.csv
2127,0,0,0,2c.csv
2127,0,0,0,2d.csv
2127,0,0,0,2e.csv
2127,0,0,0,2f.csv
2127,0,0,0,2g.csv
2127,0,0,0,2h.csv
2127,2,1,1,2i.csv
2127,0,0,0,2j.csv
2127,1,1,0,2k.csv
2127,0,0,0,2l.csv
2127,4,4,0,3a.csv
2127,1,0,1,3b.csv
2127,6,5,1,3c.csv
2127,6,5,1,3d.csv
2127,1,1,0,3e.csv
2127,2,2,0,3f.csv
2127,2,1,1,3g.csv
2128,9,5,4,1a.csv
2128,3,2,1,1b.csv
2128,0,0,0,1c.csv
2128,3,3,0,1e.csv
2128,2,1,1,1f.csv
2128,0,0,0,1g.csv
2128,2,2,0,1h.csv
2128,0,0,0,1i.csv
2128,0,0,0,1j.csv
2128,1,1,0,1k.csv
2128,0,0,0,1l.csv
2128,0,0,0,1m.csv
2128,1,1,0,2a.csv
2128,1,1,0,2b.csv
2128,0,0,0,2c.csv
2128,0,0,0,2d.csv
2128,0,0,0,2e.csv
2128,0,0,0,2f.csv
2128,0,0,0,2g.csv
2128,1,1,0,2h.csv
2128,2,1,1,2i.csv
2128,0,0,0,2j.csv
2128,1,1,0,2k.csv
2128,0,0,0,2l.csv
2128,3,3,0,3a.csv
2128,1,0,1,3b.csv
2128,6,5,1,3c.csv
2128,6,5,1,3d.csv
2128,2,2,0,3e.csv
2128,1,1,0,3f.csv
2128,2,1,1,3g.csv
2129,8,6,2,1a.csv
2129,2,1,1,1b.csv
2129,1,1,0,1c.csv
2129,2,2,0,1e.csv
2129,2,1,1,1f.csv
2129,0,0,0,1g.csv
2129,3,2,1,1h.csv
2129,0,0,0,1i.csv
2129,0,0,0,1j.csv
2129,0,0,0,1k.csv
2129,1,1,0,1l.csv
2129,0,0,0,1m.csv
2129,1,1,0,2a.csv
2129,1,1,0,2b.csv
2129,0,0,0,2c.csv
2129,0,0,0,2d.csv
2129,0,0,0,2e.csv
2129,0,0,0,2f.csv
2129,0,0,0,2g.csv
2129,1,1,0,2h.csv
2129,4,1,3,2i.csv
2129,0,0,0,2j.csv
2129,1,1,0,2k.csv
2129,0,0,0,2l.csv
2129,3,3,0,3a.csv
2129,1,0,1,3b.csv
2129,6,5,1,3c.csv
2129,6,5,1,3d.csv
2129,2,2,0,3e.csv
2129,2,2,0,3f.csv
2129,4,2,2,3g.csv
2130,9,6,3,1a.csv
2130,1,0,1,1b.csv
2130,1,1,0,1c.csv
2130,2,2,0,1e.csv
2130,2,1,1,1f.csv
2130,0,0,0,1g.csv
2130,3,2,1,1h.csv
2130,0,0,0,1i.csv
2130,1,1,0,1j.csv
2130,0,0,0,1k.csv
2130,1,1,0,1l.csv
2130,0,0,0,1m.csv
2130,1,1,0,2a.csv
2130,2,1,1,2b.csv
2130,0,0,0,2c.csv
2130,0,0,0,2d.csv
2130,0,0,0,2e.csv
2130,0,0,0,2f.csv
2130,0,0,0,2g.csv
2130,1,1,0,2h.csv
2130,4,1,3,2i.csv
2130,0,0,0,2j.csv
2130,0,0,0,2k.csv
2130,0,0,0,2l.csv
2130,3,2,1,3a.csv
2130,2,1,1,3b.csv
2130,6,5,1,3c.csv
2130,6,5,1,3d.csv
2130,2,2,0,3e.csv
2130,2,2,0,3f.csv
2130,5,3,2,3g.csv
2131,9,5,4,1a.csv
2131,1,0,1,1b.csv
2131,1,1,0,1c.csv
2131,2,2,0,1e.csv
2131,2,1,1,1f.csv
2131,0,0,0,1g.csv
2131,3,2,1,1h.csv
2131,0,0,0,1i.csv
2131,1,1,0,1j.csv
2131,0,0,0,1k.csv
2131,1,1,0,1l.csv
2131,0,0,0,1m.csv
2131,0,0,0,2a.csv
2131,2,1,1,2b.csv
2131,0,0,0,2c.csv
2131,0,0,0,2d.csv
2131,0,0,0,2e.csv
2131,0,0,0,2f.csv
2131,0,0,0,2g.csv
2131,1,1,0,2h.csv
2131,4,1,3,2i.csv
2131,0,0,0,2j.csv
2131,0,0,0,2k.csv
2131,0,0,0,2l.csv
2131,4,3,1,3a.csv
2131,4,3,1,3b.csv
2131,9,4,5,3c.csv
2131,9,4,5,3d.csv
2131,1,1,0,3e.csv
2131,2,2,0,3f.csv
2131,5,2,3,3g.csv
2132,11,7,4,1a.csv
2132,1,0,1,1b.csv
2132,1,1,0,1c.csv
2132,1,1,0,1e.csv
2132,2,0,2,1f.csv
2132,0,0,0,1g.csv
2132,4,3,1,1h.csv
2132,0,0,0,1i.csv
2132,1,1,0,1j.csv
2132,0,0,0,1k.csv
2132,1,1,0,1l.csv
2132,0,0,0,1m.csv
2132,0,0,0,2a.csv
2132,2,1,1,2b.csv
2132,0,0,0,2c.csv
2132,0,0,0,2d.csv
2132,0,0,0,2e.csv
2132,0,0,0,2f.csv
2132,0,0,0,2g.csv
2132,1,1,0,2h.csv
2132,4,1,3,2i.csv
2132,0,0,0,2j.csv
2132,0,0,0,2k.csv
2132,0,0,0,2l.csv
2132,3,1,2,3a.csv
2132,5,4,1,3b.csv
2132,9,4,5,3c.csv
2132,9,4,5,3d.csv
2132,1,1,0,3e.csv
2132,3,3,0,3f.csv
2132,6,2,4,3g.csv
2133,11,7,4,1a.csv
2133,1,0,1,1b.csv
2133,1,1,0,1c.csv
2133,0,0,0,1e.csv
2133,2,0,2,1f.csv
2133,0,0,0,1g.csv
2133,5,3,2,1h.csv
2133,0,0,0,1i.csv
2133,1,1,0,1j.csv
2133,1,1,0,1k.csv
2133,1,1,0,1l.csv
2133,0,0,0,1m.csv
2133,0,0,0,2a.csv
2133,2,1,1,2b.csv
2133,0,0,0,2c.csv
2133,0,0,0,2d.csv
2133,0,0,0,2e.csv
2133,0,0,0,2f.csv
2133,0,0,0,2g.csv
2133,1,1,0,2h.csv
2133,3,0,3,2i.csv
2133,0,0,0,2j.csv
2133,1,1,0,2k.csv
2133,0,0,0,2l.csv
2133,6,3,3,3a.csv
2133,5,4,1,3b.csv
2133,12,4,8,3c.csv
2133,12,4,8,3d.csv
2133,3,3,0,3e.csv
2133,2,2,0,3f.csv
2133,7,3,4,3g.csv
2134,11,8,3,1a.csv
2134,1,0,1,1b.csv
2134,2,2,0,1c.csv
2134,0,0,0,1e.csv
2134,2,0,2,1f.csv
2134,0,0,0,1g.csv
2134,4,2,2,1h.csv
2134,0,0,0,1i.csv
2134,2,2,0,1j.csv
2134,1,1,0,1k.csv
2134,1,1,0,1l.csv
2134,0,0,0,1m.csv
2134,0,0,0,2a.csv
2134,2,1,1,2b.csv
2134,0,0,0,2c.csv
2134,0,0,0,2d.csv
2134,0,0,0,2e.csv
2134,0,0,0,2f.csv
2134,0,0,0,2g.csv
2134,1,1,0,2h.csv
2134,3,0,3,2i.csv
2134,0,0,0,2j.csv
2134,1,1,0,2k.csv
2134,0,0,0,2l.csv
2134,7,4,3,3a.csv
2134,6,5,1,3b.csv
2134,12,4,8,3c.csv
2134,12,4,8,3d.csv
2134,4,4,0,3e.csv
2134,2,2,0,3f.csv
2134,7,3,4,3g.csv
2135,10,7,3,1a.csv
2135,0,0,0,1b.csv
2135,3,3,0,1c.csv
2135,0,0,0,1e.csv
2135,2,0,2,1f.csv
2135,0,0,0,1g.csv
2135,4,2,2,1h.csv
2135,0,0,0,1i.csv
2135,2,2,0,1j.csv
2135,1,1,0,1k.csv
2135,1,1,0,1l.csv
2135,0,0,0,1m.csv
2135,0,0,0,2a.csv
2135,2,1,1,2b.csv
2135,0,0,0,2c.csv
2135,0,0,0,2d.csv
2135,0,0,0,2e.csv
2135,0,0,0,2f.csv
2135,0,0,0,2g.csv
2135,1,1,0,2h.csv
2135,2,0,2,2i.csv
2135,0,0,0,2j.csv
2135,1,1,0,2k.csv
2135,0,0,0,2l.csv
2135,7,4,3,3a.csv
2135,5,5,0,3b.csv
2135,11,3,8,3c.csv
2135,11,3,8,3d.csv
2135,5,5,0,3e.csv
2135,3,3,0,3f.csv
2135,7,3,4,3g.csv
2136,10,8,2,1a.csv
2136,0,0,0,1b.csv
2136,3,3,0,1c.csv
2136,0,0,0,1e.csv
2136,1,0,1,1f.csv
2136,0,0,0,1g.csv
2136,3,1,2,1h.csv
2136,0,0,0,1i.csv
2136,2,2,0,1j.csv
2136,1,1,0,1k.csv
2136,1,1,0,1l.csv
2136,0,0,0,1m.csv
2136,0,0,0,2a.csv
2136,1,0,1,2b.csv
2136,0,0,0,2c.csv
2136,0,0,0,2d.csv
2136,0,0,0,2e.csv
2136,0,0,0,2f.csv
2136,0,0,0,2g.csv
2136,0,0,0,2h.csv
2136,2,0,2,2i.csv
2136,0,0,0,2j.csv
2136,1,1,0,2k.csv
2136,0,0,0,2l.csv
2136,8,4,4,3a.csv
2136,5,5,0,3b.csv
2136,11,3,8,3c.csv
2136,11,3,8,3d.csv
2136,5,5,0,3e.csv
2136,3,3,0,3f.csv
2136,7,4,3,3g.csv
2137,10,7,3,1a.csv
2137,0,0,0,1b.csv
2137,2,2,0,1c.csv
2137,0,0,0,1e.csv
2137,1,0,1,1f.csv
2137,1,1,0,1g.csv
2137,2,1,1,1h.csv
2137,1,0,1,1i.csv
2137,2,2,0,1j.csv
2137,1,1,0,1k.csv
2137,0,0,0,1l.csv
2137,0,0,0,1m.csv
2137,0,0,0,2a.csv
2137,1,0,1,2b.csv
2137,0,0,0,2c.csv
2137,0,0,0,2d.csv
2137,0,0,0,2e.csv
2137,0,0,0,2f.csv
2137,0,0,0,2g.csv
2137,0,0,0,2h.csv
2137,0,0,0,2i.csv
2137,0,0,0,2j.csv
2137,1,1,0,2k.csv
2137,0,0,0,2l.csv
2137,8,4,4,3a.csv
2137,6,6,0,3b.csv
2137,12,4,8,3c.csv
2137,12,4,8,3d.csv
2137,5,5,0,3e.csv
2137,2,2,0,3f.csv
2137,6,4,2,3g.csv
2138,11,8,3,1a.csv
2138,0,0,0,1b.csv
2138,2,2,0,1c.csv
2138,0,0,0,1e.csv
2138,2,0,2,1f.csv
2138,1,1,0,1g.csv
2138,2,1,1,1h.csv
2138,1,0,1,1i.csv
2138,1,1,0,1j.csv
2138,1,1,0,1k.csv
2138,0,0,0,1l.csv
2138,0,0,0,1m.csv
2138,0,0,0,2a.csv
2138,0,0,0,2b.csv
2138,0,0,0,2c.csv
2138,0,0,0,2d.csv
2138,0,0,0,2e.csv
2138,0,0,0,2f.csv
2138,0,0,0,2g.csv
2138,0,0,0,2h.csv
2138,1,0,1,2i.csv
2138,0,0,0,2j.csv
2138,1,1,0,2k.csv
2138,0,0,0,2l.csv
2138,8,4,4,3a.csv
2138,5,5,0,3b.csv
2138,12,4,8,3c.csv
2138,12,4,8,3d.csv
2138,6,6,0,3e.csv
2138,3,3,0,3f.csv
2138,5,3,2,3g.csv
2139,12,9,3,1a.csv
2139,0,0,0,1b.csv
2139,2,2,0,1c.csv
2139,0,0,0,1e.csv
2139,2,0,2,1f.csv
2139,1,1,0,1g.csv
2139,3,2,1,1h.csv
2139,1,0,1,1i.csv
2139,1,1,0,1j.csv
2139,1,1,0,1k.csv
2139,0,0,0,1l.csv
2139,1,0,1,1m.csv
2139,0,0,0,2a.csv
2139,0,0,0,2b.csv
2139,0,0,0,2c.csv
2139,0,0,0,2d.csv
2139,0,0,0,2e.csv
2139,0,0,0,2f.csv
2139,0,0,0,2g.csv
2139,0,0,0,2h.csv
2139,1,0,1,2i.csv
2139,0,0,0,2j.csv
2139,1,1,0,2k.csv
2139,0,0,0,2l.csv
2139,7,3,4,3a.csv
2139,5,4,1,3b.csv
2139,8,4,4,3c.csv
2139,8,4,4,3d.csv
2139,6,6,0,3e.csv
2139,3,3,0,3f.csv
2139,6,5,1,3g.csv
2140,10,7,3,1a.csv
2140,0,0,0,1b.csv
2140,3,3,0,1c.csv
2140,1,1,0,1e.csv
2140,1,0,1,1f.csv
2140,1,1,0,1g.csv
2140,2,1,1,1h.csv
2140,1,0,1,1i.csv
2140,1,1,0,1j.csv
2140,1,1,0,1k.csv
2140,0,0,0,1l.csv
2140,1,0,1,1m.csv
2140,0,0,0,2a.csv
2140,0,0,0,2b.csv
2140,0,0,0,2c.csv
2140,0,0,0,2d.csv
2140,0,0,0,2e.csv
2140,0,0,0,2f.csv
2140,0,0,0,2g.csv
2140,0,0,0,2h.csv
2140,1,0,1,2i.csv
2140,0,0,0,2j.csv
2140,1,1,0,2k.csv
2140,0,0,0,2l.csv
2140,6,3,3,3a.csv
2140,7,5,2,3b.csv
2140,8,4,4,3c.csv
2140,8,4,4,3d.csv
2140,6,6,0,3e.csv
2140,2,2,0,3f.csv
2140,6,6,0,3g.csv
2141,11,8,3,1a.csv
2141,0,0,0,1b.csv
2141,3,3,0,1c.csv
2141,1,1,0,1e.csv
2141,1,0,1,1f.csv
2141,1,1,0,1g.csv
2141,1,1,0,1h.csv
2141,1,0,1,1i.csv
2141,1,1,0,1j.csv
2141,0,0,0,1k.csv
2141,0,0,0,1l.csv
2141,1,0,1,1m.csv
2141,0,0,0,2a.csv
2141,0,0,0,2b.csv
2141,0,0,0,2c.csv
2141,1,0,1,2d.csv
2141,0,0,0,2e.csv
2141,0,0,0,2f.csv
2141,0,0,0,2g.csv
2141,0,0,0,2h.csv
2141,1,0,1,2i.csv
2141,0,0,0,2j.csv
2141,0,0,0,2k.csv
2141,0,0,0,2l.csv
2141,6,2,4,3a.csv
2141,9,7,2,3b.csv
2141,5,4,1,3c.csv
2141,5,4,1,3d.csv
2141,5,5,0,3e.csv
2141,2,2,0,3f.csv
2141,6,6,0,3g.csv
2142,13,9,4,1a.csv
2142,0,0,0,1b.csv
2142,2,2,0,1c.csv
2142,1,1,0,1e.csv
2142,1,0,1,1f.csv
2142,1,1,0,1g.csv
2142,1,1,0,1h.csv
2142,1,0,1,1i.csv
2142,0,0,0,1j.csv
2142,0,0,0,1k.csv
2142,0,0,0,1l.csv
2142,1,0,1,1m.csv
2142,0,0,0,2a.csv
2142,0,0,0,2b.csv
2142,0,0,0,2c.csv
2142,1,0,1,2d.csv
2142,0,0,0,2e.csv
2142,0,0,0,2f.csv
2142,0,0,0,2g.csv
2142,0,0,0,2h.csv
2142,1,0,1,2i.csv
2142,0,0,0,2j.csv
2142,0,0,0,2k.csv
2142,0,0,0,2l.csv
2142,6,2,4,3a.csv
2142,8,6,2,3b.csv
2142,4,3,1,3c.csv
2142,4,3,1,3d.csv
2142,4,4,0,3e.csv
2142,2,2,0,3f.csv
2142,6,6,0,3g.csv
2143,13,8,5,1a.csv
2143,0,0,0,1b.csv
2143,1,1,0,1c.csv
2143,1,1,0,1e.csv
2143,2,0,2,1f.csv
2143,1,1,0,1g.csv
2143,1,1,0,1h.csv
2143,1,0,1,1i.csv
2143,0,0,0,1j.csv
2143,0,0,0,1k.csv
2143,0,0,0,1l.csv
2143,1,0,1,1m.csv
2143,0,0,0,2a.csv
2143,1,1,0,2b.csv
2143,0,0,0,2c.csv
2143,1,0,1,2d.csv
2143,0,0,0,2e.csv
2143,0,0,0,2f.csv
2143,0,0,0,2g.csv
2143,0,0,0,2h.csv
2143,1,0,1,2i.csv
2143,0,0,0,2j.csv
2143,0,0,0,2k.csv
2143,0,0,0,2l.csv
2143,9,4,5,3a.csv
2143,10,8,2,3b.csv
2143,4,4,0,3c.csv
2143,4,4,0,3d.csv
2143,3,3,0,3e.csv
2143,1,1,0,3f.csv
2143,7,7,0,3g.csv
2144,11,6,5,1a.csv
2144,0,0,0,1b.csv
2144,1,1,0,1c.csv
2144,1,1,0,1e.csv
2144,3,1,2,1f.csv
2144,2,2,0,1g.csv
2144,1,1,0,1h.csv
2144,1,0,1,1i.csv
2144,0,0,0,1j.csv
2144,0,0,0,1k.csv
2144,0,0,0,1l.csv
2144,1,0,1,1m.csv
2144,0,0,0,2a.csv
2144,1,1,0,2b.csv
2144,0,0,0,2c.csv
2144,1,0,1,2d.csv
2144,0,0,0,2e.csv
2144,0,0,0,2f.csv
2144,0,0,0,2g.csv
2144,0,0,0,2h.csv
2144,1,0,1,2i.csv
2144,0,0,0,2j.csv
2144,0,0,0,2k.csv
2144,0,0,0,2l.csv
2144,9,4,5,3a.csv
2144,11,9,2,3b.csv
2144,7,7,0,3c.csv
2144,7,7,0,3d.csv
2144,2,2,0,3e.csv
2144,1,1,0,3f.csv
2144,7,7,0,3g.csv
2145,12,6,6,1a.csv
2145,0,0,0,1b.csv
2145,1,1,0,1c.csv
2145,1,1,0,1e.csv
2145,3,1,2,1f.csv
2145,1,1,0,1g.csv
2145,1,1,0,1h.csv
2145,0,0,0,1i.csv
2145,0,0,0,1j.csv
2145,0,0,0,1k.csv
2145,0,0,0,1l.csv
2145,1,0,1,1m.csv
2145,0,0,0,2a.csv
2145,1,1,0,2b.csv
2145,0,0,0,2c.csv
2145,1,0,1,2d.csv
2145,0,0,0,2e.csv
2145,0,0,0,2f.csv
2145,0,0,0,2g.csv
2145,1,0,1,2h.csv
2145,2,0,2,2i.csv
2145,0,0,0,2j.csv
2145,0,0,0,2k.csv
2145,0,0,0,2l.csv
2145,15,8,7,3a.csv
2145,11,9,2,3b.csv
2145,6,6,0,3c.csv
2145,6,6,0,3d.csv
2145,3,3,0,3e.csv
2145,1,1,0,3f.csv
2145,6,6,0,3g.csv
2146,10,5,5,1a.csv
2146,0,0,0,1b.csv
2146,1,1,0,1c.csv
2146,1,1,0,1e.csv
2146,2,1,1,1f.csv
2146,1,1,0,1g.csv
2146,1,1,0,1h.csv
2146,0,0,0,1i.csv
2146,0,0,0,1j.csv
2146,0,0,0,1k.csv
2146,0,0,0,1l.csv
2146,1,0,1,1m.csv
2146,0,0,0,2a.csv
2146,1,1,0,2b.csv
2146,0,0,0,2c.csv
2146,1,0,1,2d.csv
2146,0,0,0,2e.csv
2146,0,0,0,2f.csv
2146,0,0,0,2g.csv
2146,1,0,1,2h.csv
2146,2,1,1,2i.csv
2146,0,0,0,2j.csv
2146,0,0,0,2k.csv
2146,0,0,0,2l.csv
2146,14,8,6,3a.csv
2146,13,9,4,3b.csv
2146,6,6,0,3c.csv
2146,6,6,0,3d.csv
2146,3,3,0,3e.csv
2146,0,0,0,3f.csv
2146,7,7,0,3g.csv
2147,9,5,4,1a.csv
2147,0,0,0,1b.csv
2147,2,1,1,1c.csv
2147,1,1,0,1e.csv
2147,3,2,1,1f.csv
2147,1,1,0,1g.csv
2147,0,0,0,1h.csv
2147,0,0,0,1i.csv
2147,0,0,0,1j.csv
2147,0,0,0,1k.csv
2147,0,0,0,1l.csv
2147,0,0,0,1m.csv
2147,0,0,0,2a.csv
2147,1,1,0,2b.csv
2147,0,0,0,2c.csv
2147,1,0,1,2d.csv
2147,0,0,0,2e.csv
2147,0,0,0,2f.csv
2147,0,0,0,2g.csv
2147,1,0,1,2h.csv
2147,2,1,1,2i.csv
2147,0,0,0,2j.csv
2147,0,0,0,2k.csv
2147,0,0,0,2l.csv
2147,15,8,7,3a.csv
2147,13,9,4,3b.csv
2147,6,6,0,3c.csv
2147,6,6,0,3d.csv
2147,3,3,0,3e.csv
2147,0,0,0,3f.csv
2147,5,5,0,3g.csv
2148,8,4,4,1a.csv
2148,0,0,0,1b.csv
2148,2,1,1,1c.csv
2148,0,0,0,1e.csv
2148,3,2,1,1f.csv
2148,1,1,0,1g.csv
2148,0,0,0,1h.csv
2148,0,0,0,1i.csv
2148,0,0,0,1j.csv
2148,0,0,0,1k.csv
2148,0,0,0,1l.csv
2148,0,0,0,1m.csv
2148,1,0,1,2a.csv
2148,1,1,0,2b.csv
2148,0,0,0,2c.csv
2148,2,1,1,2d.csv
2148,0,0,0,2e.csv
2148,0,0,0,2f.csv
2148,0,0,0,2g.csv
2148,1,0,1,2h.csv
2148,2,1,1,2i.csv
2148,0,0,0,2j.csv
2148,0,0,0,2k.csv
2148,0,0,0,2l.csv
2148,18,10,8,3a.csv
2148,12,9,3,3b.csv
2148,7,7,0,3c.csv
2148,7,7,0,3d.csv
2148,3,3,0,3e.csv
2148,0,0,0,3f.csv
2148,4,4,0,3g.csv
2149,8,4,4,1a.csv
2149,0,0,0,1b.csv
2149,2,1,1,1c.csv
2149,0,0,0,1e.csv
2149,3,2,1,1f.csv
2149,1,1,0,1g.csv
2149,0,0,0,1h.csv
2149,0,0,0,1i.csv
2149,0,0,0,1j.csv
2149,0,0,0,1k.csv
2149,0,0,0,1l.csv
2149,0,0,0,1m.csv
2149,1,0,1,2a.csv
2149,1,1,0,2b.csv
2149,0,0,0,2c.csv
2149,1,1,0,2d.csv
2149,0,0,0,2e.csv
2149,0,0,0,2f.csv
2149,0,0,0,2g.csv
2149,1,0,1,2h.csv
2149,2,1,1,2i.csv
2149,0,0,0,2j.csv
2149,0,0,0,2k.csv
2149,0,0,0,2l.csv
2149,16,10,6,3a.csv
2149,10,7,3,3b.csv
2149,9,9,0,3c.csv
2149,9,9,0,3d.csv
2149,2,2,0,3e.csv
2149,1,1,0,3f.csv
2149,3,3,0,3g.csv
2150,5,2,3,1a.csv
2150,0,0,0,1b.csv
2150,3,2,1,1c.csv
2150,0,0,0,1e.csv
2150,3,2,1,1f.csv
2150,1,1,0,1g.csv
2150,0,0,0,1h.csv
2150,0,0,0,1i.csv
2150,0,0,0,1j.csv
2150,0,0,0,1k.csv
2150,0,0,0,1l.csv
2150,0,0,0,1m.csv
2150,1,0,1,2a.csv
2150,2,2,0,2b.csv
2150,0,0,0,2c.csv
2150,2,1,1,2d.csv
2150,0,0,0,2e.csv
2150,0,0,0,2f.csv
2150,0,0,0,2g.csv
2150,1,0,1,2h.csv
2150,2,1,1,2i.csv
2150,0,0,0,2j.csv
2150,0,0,0,2k.csv
2150,0,0,0,2l.csv
2150,17,11,6,3a.csv
2150,12,9,3,3b.csv
2150,10,10,0,3c.csv
2150,10,10,0,3d.csv
2150,2,2,0,3e.csv
2150,1,1,0,3f.csv
2150,3,3,0,3g.csv
2151,4,2,2,1a.csv
2151,0,0,0,1b.csv
2151,3,2,1,1c.csv
2151,0,0,0,1e.csv
2151,2,2,0,1f.csv
2151,1,1,0,1g.csv
2151,0,0,0,1h.csv
2151,0,0,0,1i.csv
2151,0,0,0,1j.csv
2151,0,0,0,1k.csv
2151,0,0,0,1l.csv
2151,0,0,0,1m.csv
2151,1,0,1,2a.csv
2151,1,1,0,2b.csv
2151,0,0,0,2c.csv
2151,2,1,1,2d.csv
2151,0,0,0,2e.csv
2151,0,0,0,2f.csv
2151,0,0,0,2g.csv
2151,1,0,1,2h.csv
2151,2,1,1,2i.csv
2151,0,0,0,2j.csv
2151,0,0,0,2k.csv
2151,0,0,0,2l.csv
2151,17,11,6,3a.csv
2151,10,7,3,3b.csv
2151,12,12,0,3c.csv
2151,12,12,0,3d.csv
2151,2,2,0,3e.csv
2151,1,1,0,3f.csv
2151,2,2,0,3g.csv
2152,4,2,2,1a.csv
2152,0,0,0,1b.csv
2152,3,2,1,1c.csv
2152,0,0,0,1e.csv
2152,1,1,0,1f.csv
2152,0,0,0,1g.csv
2152,0,0,0,1h.csv
2152,0,0,0,1i.csv
2152,0,0,0,1j.csv
2152,1,1,0,1k.csv
2152,0,0,0,1l.csv
2152,1,0,1,1m.csv
2152,1,0,1,2a.csv
2152,1,1,0,2b.csv
2152,0,0,0,2c.csv
2152,2,1,1,2d.csv
2152,0,0,0,2e.csv
2152,0,0,0,2f.csv
2152,0,0,0,2g.csv
2152,1,0,1,2h.csv
2152,2,1,1,2i.csv
2152,0,0,0,2j.csv
2152,0,0,0,2k.csv
2152,0,0,0,2l.csv
2152,18,12,6,3a.csv
2152,10,7,3,3b.csv
2152,10,10,0,3c.csv
2152,10,10,0,3d.csv
2152,2,2,0,3e.csv
2152,1,1,0,3f.csv
2152,2,1,1,3g.csv
2153,3,3,0,1a.csv
2153,0,0,0,1b.csv
2153,3,2,1,1c.csv
2153,0,0,0,1e.csv
2153,1,1,0,1f.csv
2153,0,0,0,1g.csv
2153,1,0,1,1h.csv
2153,0,0,0,1i.csv
2153,0,0,0,1j.csv
2153,1,1,0,1k.csv
2153,0,0,0,1l.csv
2153,1,0,1,1m.csv
2153,1,0,1,2a.csv
2153,1,1,0,2b.csv
2153,0,0,0,2c.csv
2153,2,1,1,2d.csv
2153,0,0,0,2e.csv
2153,0,0,0,2f.csv
2153,0,0,0,2g.csv
2153,0,0,0,2h.csv
2153,1,1,0,2i.csv
2153,0,0,0,2j.csv
2153,0,0,0,2k.csv
2153,0,0,0,2l.csv
2153,14,10,4,3a.csv
2153,10,7,3,3b.csv
2153,11,11,0,3c.csv
2153,11,11,0,3d.csv
2153,2,2,0,3e.csv
2153,1,1,0,3f.csv
2153,2,1,1,3g.csv
2154,3,3,0,1a.csv
2154,1,1,0,1b.csv
2154,3,2,1,1c.csv
2154,0,0,0,1e.csv
2154,1,1,0,1f.csv
2154,0,0,0,1g.csv
2154,1,0,1,1h.csv
2154,0,0,0,1i.csv
2154,0,0,0,1j.csv
2154,1,1,0,1k.csv
2154,0,0,0,1l.csv
2154,1,0,1,1m.csv
2154,1,0,1,2a.csv
2154,1,1,0,2b.csv
2154,0,0,0,2c.csv
2154,2,1,1,2d.csv
2154,0,0,0,2e.csv
2154,0,0,0,2f.csv
2154,0,0,0,2g.csv
2154,0,0,0,2h.csv
2154,0,0,0,2i.csv
2154,0,0,0,2j.csv
2154,0,0,0,2k.csv
2154,0,0,0,2l.csv
2154,15,11,4,3a.csv
2154,10,9,1,3b.csv
2154,12,12,0,3c.csv
2154,12,12,0,3d.csv
2154,1,1,0,3e.csv
2154,1,1,0,3f.csv
2154,1,0,1,3g.csv
2155,3,3,0,1a.csv
2155,1,1,0,1b.csv
2155,3,2,1,1c.csv
2155,0,0,0,1e.csv
2155,0,0,0,1f.csv
2155,0,0,0,1g.csv
2155,1,0,1,1h.csv
2155,0,0,0,1i.csv
2155,0,0,0,1j.csv
2155,1,1,0,1k.csv
2155,0,0,0,1l.csv
2155,1,0,1,1m.csv
2155,1,0,1,2a.csv
2155,1,1,0,2b.csv
2155,0,0,0,2c.csv
2155,3,2,1,2d.csv
2155,0,0,0,2e.csv
2155,0,0,0,2f.csv
2155,0,0,0,2g.csv
2155,0,0,0,2h.csv
2155,0,0,0,2i.csv
2155,0,0,0,2j.csv
2155,0,0,0,2k.csv
2155,0,0,0,2l.csv
2155,17,14,3,3a.csv
2155,10,10,0,3b.csv
2155,13,13,0,3c.csv
2155,13,13,0,3d.csv
2155,1,1,0,3e.csv
2155,1,1,0,3f.csv
2155,1,0,1,3g.csv
2156,4,4,0,1a.csv
2156,1,1,0,1b.csv
2156,2,1,1,1c.csv
2156,0,0,0,1e.csv
2156,0,0,0,1f.csv
2156,0,0,0,1g.csv
2156,1,0,1,1h.csv
2156,0,0,0,1i.csv
2156,0,0,0,1j.csv
2156,1,1,0,1k.csv
2156,0,0,0,1l.csv
2156,1,0,1,1m.csv
2156,0,0,0,2a.csv
2156,1,1,0,2b.csv
2156,0,0,0,2c.csv
2156,3,2,1,2d.csv
2156,0,0,0,2e.csv
2156,0,0,0,2f.csv
2156,0,0,0,2g.csv
2156,1,1,0,2h.csv
2156,0,0,0,2i.csv
2156,0,0,0,2j.csv
2156,0,0,0,2k.csv
2156,0,0,0,2l.csv
2156,16,14,2,3a.csv
2156,8,8,0,3b.csv
2156,13,13,0,3c.csv
2156,13,13,0,3d.csv
2156,1,1,0,3e.csv
2156,1,1,0,3f.csv
2156,1,0,1,3g.csv
2157,3,3,0,1a.csv
2157,1,1,0,1b.csv
2157,2,1,1,1c.csv
2157,0,0,0,1e.csv
2157,1,1,0,1f.csv
2157,0,0,0,1g.csv
2157,1,0,1,1h.csv
2157,0,0,0,1i.csv
2157,0,0,0,1j.csv
2157,1,1,0,1k.csv
2157,0,0,0,1l.csv
2157,1,0,1,1m.csv
2157,2,1,1,2a.csv
2157,1,1,0,2b.csv
2157,0,0,0,2c.csv
2157,3,2,1,2d.csv
2157,0,0,0,2e.csv
2157,0,0,0,2f.csv
2157,0,0,0,2g.csv
2157,1,1,0,2h.csv
2157,0,0,0,2i.csv
2157,0,0,0,2j.csv
2157,0,0,0,2k.csv
2157,0,0,0,2l.csv
2157,16,14,2,3a.csv
2157,8,8,0,3b.csv
2157,10,10,0,3c.csv
2157,10,10,0,3d.csv
2157,1,1,0,3e.csv
2157,1,0,1,3f.csv
2157,1,0,1,3g.csv
2158,3,3,0,1a.csv
2158,1,1,0,1b.csv
2158,1,0,1,1c.csv
2158,1,1,0,1e.csv
2158,1,1,0,1f.csv
2158,0,0,0,1g.csv
2158,1,0,1,1h.csv
2158,0,0,0,1i.csv
2158,0,0,0,1j.csv
2158,1,1,0,1k.csv
2158,0,0,0,1l.csv
2158,1,0,1,1m.csv
2158,2,1,1,2a.csv
2158,0,0,0,2b.csv
2158,1,1,0,2c.csv
2158,2,2,0,2d.csv
2158,0,0,0,2e.csv
2158,0,0,0,2f.csv
2158,0,0,0,2g.csv
2158,1,1,0,2h.csv
2158,0,0,0,2i.csv
2158,0,0,0,2j.csv
2158,0,0,0,2k.csv
2158,0,0,0,2l.csv
2158,16,14,2,3a.csv
2158,6,6,0,3b.csv
2158,11,10,1,3c.csv
2158,11,10,1,3d.csv
2158,1,1,0,3e.csv
2158,1,0,1,3f.csv
2158,1,0,1,3g.csv
2159,3,3,0,1a.csv
2159,1,1,0,1b.csv
2159,2,1,1,1c.csv
2159,2,2,0,1e.csv
2159,1,1,0,1f.csv
2159,0,0,0,1g.csv
2159,1,0,1,1h.csv
2159,0,0,0,1i.csv
2159,0,0,0,1j.csv
2159,1,1,0,1k.csv
2159,1,1,0,1l.csv
2159,1,0,1,1m.csv
2159,2,1,1,2a.csv
2159,0,0,0,2b.csv
2159,1,1,0,2c.csv
2159,3,3,0,2d.csv
2159,0,0,0,2e.csv
2159,0,0,0,2f.csv
2159,0,0,0,2g.csv
2159,1,1,0,2h.csv
2159,0,0,0,2i.csv
2159,0,0,0,2j.csv
2159,0,0,0,2k.csv
2159,0,0,0,2l.csv
2159,16,14,2,3a.csv
2159,7,7,0,3b.csv
2159,9,8,1,3c.csv
2159,9,8,1,3d.csv
2159,3,2,1,3e.csv
2159,1,0,1,3f.csv
2159,1,0,1,3g.csv
2160,4,3,1,1a.csv
2160,1,1,0,1b.csv
2160,2,1,1,1c.csv
2160,2,2,0,1e.csv
2160,2,1,1,1f.csv
2160,0,0,0,1g.csv
2160,1,0,1,1h.csv
2160,0,0,0,1i.csv
2160,0,0,0,1j.csv
2160,0,0,0,1k.csv
2160,1,1,0,1l.csv
2160,0,0,0,1m.csv
2160,3,1,2,2a.csv
2160,0,0,0,2b.csv
2160,1,1,0,2c.csv
2160,3,3,0,2d.csv
2160,0,0,0,2e.csv
2160,0,0,0,2f.csv
2160,0,0,0,2g.csv
2160,1,1,0,2h.csv
2160,0,0,0,2i.csv
2160,0,0,0,2j.csv
2160,0,0,0,2k.csv
2160,0,0,0,2l.csv
2160,19,17,2,3a.csv
2160,8,8,0,3b.csv
2160,7,6,1,3c.csv
2160,7,6,1,3d.csv
2160,3,2,1,3e.csv
2160,1,0,1,3f.csv
2160,0,0,0,3g.csv
2161,4,2,2,1a.csv
2161,1,1,0,1b.csv
2161,2,1,1,1c.csv
2161,2,2,0,1e.csv
2161,2,1,1,1f.csv
2161,0,0,0,1g.csv
2161,0,0,0,1h.csv
2161,0,0,0,1i.csv
2161,0,0,0,1j.csv
2161,0,0,0,1k.csv
2161,1,1,0,1l.csv
2161,0,0,0,1m.csv
2161,4,1,3,2a.csv
2161,0,0,0,2b.csv
2161,1,1,0,2c.csv
2161,3,3,0,2d.csv
2161,0,0,0,2e.csv
2161,0,0,0,2f.csv
2161,0,0,0,2g.csv
2161,1,1,0,2h.csv
2161,0,0,0,2i.csv
2161,0,0,0,2j.csv
2161,0,0,0,2k.csv
2161,0,0,0,2l.csv
2161,20,18,2,3a.csv
2161,7,7,0,3b.csv
2161,6,5,1,3c.csv
2161,6,5,1,3d.csv
2161,2,1,1,3e.csv
2161,3,2,1,3f.csv
2161,0,0,0,3g.csv
2162,5,3,2,1a.csv
2162,0,0,0,1b.csv
2162,3,1,2,1c.csv
2162,4,3,1,1e.csv
2162,2,1,1,1f.csv
2162,0,0,0,1g.csv
2162,0,0,0,1h.csv
2162,0,0,0,1i.csv
2162,0,0,0,1j.csv
2162,0,0,0,1k.csv
2162,1,1,0,1l.csv
2162,0,0,0,1m.csv
2162,4,1,3,2a.csv
2162,0,0,0,2b.csv
2162,1,1,0,2c.csv
2162,3,3,0,2d.csv
2162,0,0,0,2e.csv
2162,0,0,0,2f.csv
2162,0,0,0,2g.csv
2162,1,1,0,2h.csv
2162,0,0,0,2i.csv
2162,0,0,0,2j.csv
2162,0,0,0,2k.csv
2162,0,0,0,2l.csv
2162,22,20,2,3a.csv
2162,5,5,0,3b.csv
2162,5,4,1,3c.csv
2162,5,4,1,3d.csv
2162,4,2,2,3e.csv
2162,3,2,1,3f.csv
2162,0,0,0,3g.csv
2163,5,3,2,1a.csv
2163,0,0,0,1b.csv
2163,3,2,1,1c.csv
2163,6,5,1,1e.csv
2163,2,1,1,1f.csv
2163,1,1,0,1g.csv
2163,0,0,0,1h.csv
2163,0,0,0,1i.csv
2163,0,0,0,1j.csv
2163,0,0,0,1k.csv
2163,1,1,0,1l.csv
2163,0,0,0,1m.csv
2163,4,1,3,2a.csv
2163,4,2,2,2b.csv
2163,1,1,0,2c.csv
2163,2,2,0,2d.csv
2163,0,0,0,2e.csv
2163,0,0,0,2f.csv
2163,0,0,0,2g.csv
2163,1,1,0,2h.csv
2163,0,0,0,2i.csv
2163,0,0,0,2j.csv
2163,0,0,0,2k.csv
2163,0,0,0,2l.csv
2163,24,21,3,3a.csv
2163,5,3,2,3b.csv
2163,6,5,1,3c.csv
2163,6,5,1,3d.csv
2163,4,2,2,3e.csv
2163,4,3,1,3f.csv
2163,0,0,0,3g.csv
2164,5,3,2,1a.csv
2164,0,0,0,1b.csv
2164,3,2,1,1c.csv
2164,6,5,1,1e.csv
2164,2,1,1,1f.csv
2164,1,1,0,1g.csv
2164,0,0,0,1h.csv
2164,0,0,0,1i.csv
2164,0,0,0,1j.csv
2164,0,0,0,1k.csv
2164,1,1,0,1l.csv
2164,0,0,0,1m.csv
2164,4,1,3,2a.csv
2164,4,2,2,2b.csv
2164,1,1,0,2c.csv
2164,1,1,0,2d.csv
2164,0,0,0,2e.csv
2164,0,0,0,2f.csv
2164,0,0,0,2g.csv
2164,0,0,0,2h.csv
2164,0,0,0,2i.csv
2164,0,0,0,2j.csv
2164,0,0,0,2k.csv
2164,0,0,0,2l.csv
2164,23,20,3,3a.csv
2164,7,4,3,3b.csv
2164,6,5,1,3c.csv
2164,6,5,1,3d.csv
2164,6,4,2,3e.csv
2164,4,3,1,3f.csv
2164,1,1,0,3g.csv
2165,5,3,2,1a.csv
2165,0,0,0,1b.csv
2165,4,3,1,1c.csv
2165,6,5,1,1e.csv
2165,1,0,1,1f.csv
2165,1,1,0,1g.csv
2165,0,0,0,1h.csv
2165,0,0,0,1i.csv
2165,0,0,0,1j.csv
2165,0,0,0,1k.csv
2165,1,1,0,1l.csv
2165,0,0,0,1m.csv
2165,2,0,2,2a.csv
2165,5,2,3,2b.csv
2165,1,1,0,2c.csv
2165,1,1,0,2d.csv
2165,0,0,0,2e.csv
2165,0,0,0,2f.csv
2165,0,0,0,2g.csv
2165,0,0,0,2h.csv
2165,0,0,0,2i.csv
2165,1,1,0,2j.csv
2165,0,0,0,2k.csv
2165,0,0,0,2l.csv
2165,27,24,3,3a.csv
2165,7,4,3,3b.csv
2165,7,5,2,3c.csv
2165,7,5,2,3d.csv
2165,6,4,2,3e.csv
2165,4,4,0,3f.csv
2165,1,1,0,3g.csv
2166,8,6,2,1a.csv
2166,0,0,0,1b.csv
2166,4,3,1,1c.csv
2166,6,5,1,1e.csv
2166,3,1,2,1f.csv
2166,1,1,0,1g.csv
2166,0,0,0,1h.csv
2166,0,0,0,1i.csv
2166,0,0,0,1j.csv
2166,0,0,0,1k.csv
2166,1,1,0,1l.csv
2166,0,0,0,1m.csv
2166,2,0,2,2a.csv
2166,5,2,3,2b.csv
2166,0,0,0,2c.csv
2166,1,1,0,2d.csv
2166,0,0,0,2e.csv
2166,0,0,0,2f.csv
2166,0,0,0,2g.csv
2166,0,0,0,2h.csv
2166,0,0,0,2i.csv
2166,1,1,0,2j.csv
2166,0,0,0,2k.csv
2166,0,0,0,2l.csv
2166,28,25,3,3a.csv
2166,9,6,3,3b.csv
2166,5,4,1,3c.csv
2166,5,4,1,3d.csv
2166,6,4,2,3e.csv
2166,4,4,0,3f.csv
2166,2,2,0,3g.csv
2167,8,6,2,1a.csv
2167,0,0,0,1b.csv
2167,5,3,2,1c.csv
2167,5,4,1,1e.csv
2167,3,1,2,1f.csv
2167,1,1,0,1g.csv
2167,0,0,0,1h.csv
2167,0,0,0,1i.csv
2167,1,1,0,1j.csv
2167,0,0,0,1k.csv
2167,0,0,0,1l.csv
2167,0,0,0,1m.csv
2167,2,0,2,2a.csv
2167,5,2,3,2b.csv
2167,0,0,0,2c.csv
2167,0,0,0,2d.csv
2167,0,0,0,2e.csv
2167,0,0,0,2f.csv
2167,0,0,0,2g.csv
2167,0,0,0,2h.csv
2167,0,0,0,2i.csv
2167,1,1,0,2j.csv
2167,0,0,0,2k.csv
2167,0,0,0,2l.csv
2167,25,23,2,3a.csv
2167,8,5,3,3b.csv
2167,7,5,2,3c.csv
2167,7,5,2,3d.csv
2167,4,3,1,3e.csv
2167,4,4,0,3f.csv
2167,2,2,0,3g.csv
2168,8,7,1,1a.csv
2168,0,0,0,1b.csv
2168,5,3,2,1c.csv
2168,5,4,1,1e.csv
2168,2,1,1,1f.csv
2168,1,1,0,1g.csv
2168,0,0,0,1h.csv
2168,0,0,0,1i.csv
2168,1,1,0,1j.csv
2168,0,0,0,1k.csv
2168,0,0,0,1l.csv
2168,0,0,0,1m.csv
2168,1,0,1,2a.csv
2168,5,2,3,2b.csv
2168,0,0,0,2c.csv
2168,0,0,0,2d.csv
2168,0,0,0,2e.csv
2168,0,0,0,2f.csv
2168,0,0,0,2g.csv
2168,0,0,0,2h.csv
2168,0,0,0,2i.csv
2168,1,1,0,2j.csv
2168,0,0,0,2k.csv
2168,0,0,0,2l.csv
2168,23,22,1,3a.csv
2168,7,4,3,3b.csv
2168,9,7,2,3c.csv
2168,9,7,2,3d.csv
2168,4,3,1,3e.csv
2168,4,4,0,3f.csv
2168,3,3,0,3g.csv
2169,9,9,0,1a.csv
2169,0,0,0,1b.csv
2169,5,3,2,1c.csv
2169,6,5,1,1e.csv
2169,2,1,1,1f.csv
2169,1,1,0,1g.csv
2169,0,0,0,1h.csv
2169,0,0,0,1i.csv
2169,1,1,0,1j.csv
2169,0,0,0,1k.csv
2169,0,0,0,1l.csv
2169,0,0,0,1m.csv
2169,0,0,0,2a.csv
2169,5,2,3,2b.csv
2169,0,0,0,2c.csv
2169,0,0,0,2d.csv
2169,0,0,0,2e.csv
2169,0,0,0,2f.csv
2169,0,0,0,2g.csv
2169,0,0,0,2h.csv
2169,0,0,0,2i.csv
2169,1,1,0,2j.csv
2169,0,0,0,2k.csv
2169,0,0,0,2l.csv
2169,22,21,1,3a.csv
2169,7,4,3,3b.csv
2169,10,8,2,3c.csv
2169,10,8,2,3d.csv
2169,4,3,1,3e.csv
2169,3,3,0,3f.csv
2169,3,3,0,3g.csv
2170,8,8,0,1a.csv
2170,0,0,0,1b.csv
2170,4,3,1,1c.csv
2170,4,4,0,1e.csv
2170,2,1,1,1f.csv
2170,1,1,0,1g.csv
2170,0,0,0,1h.csv
2170,0,0,0,1i.csv
2170,2,2,0,1j.csv
2170,0,0,0,1k.csv
2170,0,0,0,1l.csv
2170,1,1,0,1m.csv
2170,0,0,0,2a.csv
2170,5,2,3,2b.csv
2170,0,0,0,2c.csv
2170,0,0,0,2d.csv
2170,0,0,0,2e.csv
2170,0,0,0,2f.csv
2170,0,0,0,2g.csv
2170,0,0,0,2h.csv
2170,0,0,0,2i.csv
2170,1,1,0,2j.csv
2170,0,0,0,2k.csv
2170,0,0,0,2l.csv
2170,20,19,1,3a.csv
2170,7,4,3,3b.csv
2170,10,8,2,3c.csv
2170,10,8,2,3d.csv
2170,3,3,0,3e.csv
2170,4,4,0,3f.csv
2170,3,3,0,3g.csv
2171,8,7,1,1a.csv
2171,0,0,0,1b.csv
2171,3,2,1,1c.csv
2171,2,2,0,1e.csv
2171,2,1,1,1f.csv
2171,0,0,0,1g.csv
2171,0,0,0,1h.csv
2171,0,0,0,1i.csv
2171,2,2,0,1j.csv
2171,0,0,0,1k.csv
2171,0,0,0,1l.csv
2171,2,1,1,1m.csv
2171,0,0,0,2a.csv
2171,1,0,1,2b.csv
2171,0,0,0,2c.csv
2171,1,1,0,2d.csv
2171,0,0,0,2e.csv
2171,0,0,0,2f.csv
2171,0,0,0,2g.csv
2171,1,1,0,2h.csv
2171,0,0,0,2i.csv
2171,1,1,0,2j.csv
2171,0,0,0,2k.csv
2171,0,0,0,2l.csv
2171,19,19,0,3a.csv
2171,6,4,2,3b.csv
2171,8,6,2,3c.csv
2171,8,6,2,3d.csv
2171,4,4,0,3e.csv
2171,3,3,0,3f.csv
2171,4,3,1,3g.csv
2172,8,7,1,1a.csv
2172,0,0,0,1b.csv
2172,3,2,1,1c.csv
2172,3,3,0,1e.csv
2172,2,1,1,1f.csv
2172,0,0,0,1g.csv
2172,0,0,0,1h.csv
2172,0,0,0,1i.csv
2172,2,2,0,1j.csv
2172,0,0,0,1k.csv
2172,0,0,0,1l.csv
2172,2,1,1,1m.csv
2172,0,0,0,2a.csv
2172,1,0,1,2b.csv
2172,0,0,0,2c.csv
2172,1,1,0,2d.csv
2172,0,0,0,2e.csv
2172,0,0,0,2f.csv
2172,0,0,0,2g.csv
2172,1,1,0,2h.csv
2172,0,0,0,2i.csv
2172,1,1,0,2j.csv
2172,0,0,0,2k.csv
2172,0,0,0,2l.csv
2172,19,19,0,3a.csv
2172,5,4,1,3b.csv
2172,8,6,2,3c.csv
2172,8,6,2,3d.csv
2172,2,2,0,3e.csv
2172,3,3,0,3f.csv
2172,3,2,1,3g.csv
2173,8,7,1,1a.csv
2173,0,0,0,1b.csv
2173,2,1,1,1c.csv
2173,3,3,0,1e.csv
2173,2,1,1,1f.csv
2173,0,0,0,1g.csv
2173,0,0,0,1h.csv
2173,0,0,0,1i.csv
2173,2,2,0,1j.csv
2173,0,0,0,1k.csv
2173,0,0,0,1l.csv
2173,2,1,1,1m.csv
2173,0,0,0,2a.csv
2173,0,0,0,2b.csv
2173,0,0,0,2c.csv
2173,1,1,0,2d.csv
2173,0,0,0,2e.csv
2173,1,1,0,2f.csv
2173,0,0,0,2g.csv
2173,1,1,0,2h.csv
2173,0,0,0,2i.csv
2173,0,0,0,2j.csv
2173,0,0,0,2k.csv
2173,0,0,0,2l.csv
2173,16,16,0,3a.csv
2173,6,5,1,3b.csv
2173,7,6,1,3c.csv
2173,7,6,1,3d.csv
2173,2,2,0,3e.csv
2173,3,3,0,3f.csv
2173,3,2,1,3g.csv
2174,6,5,1,1a.csv
2174,0,0,0,1b.csv
2174,2,1,1,1c.csv
2174,2,2,0,1e.csv
2174,0,0,0,1f.csv
2174,0,0,0,1g.csv
2174,0,0,0,1h.csv
2174,0,0,0,1i.csv
2174,2,2,0,1j.csv
2174,0,0,0,1k.csv
2174,0,0,0,1l.csv
2174,2,1,1,1m.csv
2174,0,0,0,2a.csv
2174,0,0,0,2b.csv
2174,0,0,0,2c.csv
2174,1,1,0,2d.csv
2174,0,0,0,2e.csv
2174,1,1,0,2f.csv
2174,0,0,0,2g.csv
2174,1,1,0,2h.csv
2174,0,0,0,2i.csv
2174,0,0,0,2j.csv
2174,0,0,0,2k.csv
2174,0,0,0,2l.csv
2174,13,13,0,3a.csv
2174,5,4,1,3b.csv
2174,8,7,1,3c.csv
2174,8,7,1,3d.csv
2174,3,3,0,3e.csv
2174,3,3,0,3f.csv
2174,2,1,1,3g.csv
2175,7,6,1,1a.csv
2175,0,0,0,1b.csv
2175,0,0,0,1c.csv
2175,2,2,0,1e.csv
2175,0,0,0,1f.csv
2175,0,0,0,1g.csv
2175,0,0,0,1h.csv
2175,0,0,0,1i.csv
2175,1,1,0,1j.csv
2175,0,0,0,1k.csv
2175,0,0,0,1l.csv
2175,2,1,1,1m.csv
2175,0,0,0,2a.csv
2175,0,0,0,2b.csv
2175,1,1,0,2c.csv
2175,1,1,0,2d.csv
2175,0,0,0,2e.csv
2175,1,1,0,2f.csv
2175,0,0,0,2g.csv
2175,2,2,0,2h.csv
2175,0,0,0,2i.csv
2175,0,0,0,2j.csv
2175,0,0,0,2k.csv
2175,0,0,0,2l.csv
2175,17,16,1,3a.csv
2175,6,4,2,3b.csv
2175,5,5,0,3c.csv
2175,5,5,0,3d.csv
2175,5,5,0,3e.csv
2175,3,3,0,3f.csv
2175,2,1,1,3g.csv
2176,6,5,1,1a.csv
2176,0,0,0,1b.csv
2176,0,0,0,1c.csv
2176,3,3,0,1e.csv
2176,0,0,0,1f.csv
2176,0,0,0,1g.csv
2176,0,0,0,1h.csv
2176,0,0,0,1i.csv
2176,1,1,0,1j.csv
2176,0,0,0,1k.csv
2176,0,0,0,1l.csv
2176,2,1,1,1m.csv
2176,0,0,0,2a.csv
2176,0,0,0,2b.csv
2176,1,1,0,2c.csv
2176,1,1,0,2d.csv
2176,0,0,0,2e.csv
2176,1,1,0,2f.csv
2176,0,0,0,2g.csv
2176,2,2,0,2h.csv
2176,0,0,0,2i.csv
2176,0,0,0,2j.csv
2176,0,0,0,2k.csv
2176,0,0,0,2l.csv
2176,16,14,2,3a.csv
2176,7,5,2,3b.csv
2176,4,4,0,3c.csv
2176,4,4,0,3d.csv
2176,5,5,0,3e.csv
2176,3,3,0,3f.csv
2176,1,0,1,3g.csv
2177,5,4,1,1a.csv
2177,1,1,0,1b.csv
2177,1,1,0,1c.csv
2177,2,2,0,1e.csv
2177,0,0,0,1f.csv
2177,0,0,0,1g.csv
2177,0,0,0,1h.csv
2177,0,0,0,1i.csv
2177,1,1,0,1j.csv
2177,0,0,0,1k.csv
2177,0,0,0,1l.csv
2177,2,1,1,1m.csv
2177,0,0,0,2a.csv
2177,0,0,0,2b.csv
2177,1,1,0,2c.csv
2177,1,1,0,2d.csv
2177,0,0,0,2e.csv
2177,1,1,0,2f.csv
2177,0,0,0,2g.csv
2177,2,2,0,2h.csv
2177,0,0,0,2i.csv
2177,0,0,0,2j.csv
2177,0,0,0,2k.csv
2177,0,0,0,2l.csv
2177,15,13,2,3a.csv
2177,8,5,3,3b.csv
2177,4,4,0,3c.csv
2177,4,4,0,3d.csv
2177,6,6,0,3e.csv
2177,2,2,0,3f.csv
2177,2,0,2,3g.csv
2178,6,5,1,1a.csv
2178,1,1,0,1b.csv
2178,2,2,0,1c.csv
2178,3,2,1,1e.csv
2178,0,0,0,1f.csv
2178,0,0,0,1g.csv
2178,0,0,0,1h.csv
2178,0,0,0,1i.csv
2178,0,0,0,1j.csv
2178,0,0,0,1k.csv
2178,0,0,0,1l.csv
2178,1,0,1,1m.csv
2178,2,2,0,2a.csv
2178,0,0,0,2b.csv
2178,1,1,0,2c.csv
2178,1,1,0,2d.csv
2178,0,0,0,2e.csv
2178,1,1,0,2f.csv
2178,0,0,0,2g.csv
2178,2,2,0,2h.csv
2178,0,0,0,2i.csv
2178,0,0,0,2j.csv
2178,0,0,0,2k.csv
2178,0,0,0,2l.csv
2178,15,13,2,3a.csv
2178,9,6,3,3b.csv
2178,4,4,0,3c.csv
2178,4,4,0,3d.csv
2178,5,5,0,3e.csv
2178,2,2,0,3f.csv
2178,2,0,2,3g.csv
2179,5,5,0,1a.csv
2179,2,2,0,1b.csv
2179,2,2,0,1c.csv
2179,4,3,1,1e.csv
2179,0,0,0,1f.csv
2179,0,0,0,1g.csv
2179,0,0,0,1h.csv
2179,0,0,0,1i.csv
2179,0,0,0,1j.csv
2179,0,0,0,1k.csv
2179,0,0,0,1l.csv
2179,0,0,0,1m.csv
2179,2,2,0,2a.csv
2179,0,0,0,2b.csv
2179,1,1,0,2c.csv
2179,0,0,0,2d.csv
2179,0,0,0,2e.csv
2179,1,1,0,2f.csv
2179,0,0,0,2g.csv
2179,1,1,0,2h.csv
2179,0,0,0,2i.csv
2179,0,0,0,2j.csv
2179,0,0,0,2k.csv
2179,1,0,1,2l.csv
2179,12,10,2,3a.csv
2179,8,6,2,3b.csv
2179,4,4,0,3c.csv
2179,4,4,0,3d.csv
2179,4,4,0,3e.csv
2179,3,3,0,3f.csv
2179,2,1,1,3g.csv
2180,4,4,0,1a.csv
2180,2,2,0,1b.csv
2180,3,3,0,1c.csv
2180,3,2,1,1e.csv
2180,0,0,0,1f.csv
2180,0,0,0,1g.csv
2180,1,0,1,1h.csv
2180,0,0,0,1i.csv
2180,0,0,0,1j.csv
2180,0,0,0,1k.csv
2180,0,0,0,1l.csv
2180,0,0,0,1m.csv
2180,2,2,0,2a.csv
2180,0,0,0,2b.csv
2180,1,1,0,2c.csv
2180,0,0,0,2d.csv
2180,0,0,0,2e.csv
2180,1,1,0,2f.csv
2180,0,0,0,2g.csv
2180,1,1,0,2h.csv
2180,0,0,0,2i.csv
2180,0,0,0,2j.csv
2180,0,0,0,2k.csv
2180,2,1,1,2l.csv
2180,12,10,2,3a.csv
2180,7,5,2,3b.csv
2180,4,4,0,3c.csv
2180,4,4,0,3d.csv
2180,7,7,0,3e.csv
2180,3,3,0,3f.csv
2180,2,1,1,3g.csv
2181,4,4,0,1a.csv
2181,2,2,0,1b.csv
2181,3,3,0,1c.csv
2181,3,2,1,1e.csv
2181,0,0,0,1f.csv
2181,0,0,0,1g.csv
2181,1,0,1,1h.csv
2181,0,0,0,1i.csv
2181,0,0,0,1j.csv
2181,0,0,0,1k.csv
2181,0,0,0,1l.csv
2181,0,0,0,1m.csv
2181,3,2,1,2a.csv
2181,1,0,1,2b.csv
2181,1,1,0,2c.csv
2181,0,0,0,2d.csv
2181,0,0,0,2e.csv
2181,0,0,0,2f.csv
2181,0,0,0,2g.csv
2181,1,1,0,2h.csv
2181,0,0,0,2i.csv
2181,1,1,0,2j.csv
2181,0,0,0,2k.csv
2181,2,1,1,2l.csv
2181,11,9,2,3a.csv
2181,6,4,2,3b.csv
2181,5,5,0,3c.csv
2181,5,5,0,3d.csv
2181,7,7,0,3e.csv
2181,3,3,0,3f.csv
2181,2,1,1,3g.csv
2182,4,3,1,1a.csv
2182,2,2,0,1b.csv
2182,4,4,0,1c.csv
2182,3,2,1,1e.csv
2182,0,0,0,1f.csv
2182,0,0,0,1g.csv
2182,1,0,1,1h.csv
2182,0,0,0,1i.csv
2182,0,0,0,1j.csv
2182,0,0,0,1k.csv
2182,0,0,0,1l.csv
2182,0,0,0,1m.csv
2182,3,2,1,2a.csv
2182,1,0,1,2b.csv
2182,1,1,0,2c.csv
2182,0,0,0,2d.csv
2182,0,0,0,2e.csv
2182,0,0,0,2f.csv
2182,0,0,0,2g.csv
2182,1,1,0,2h.csv
2182,0,0,0,2i.csv
2182,1,1,0,2j.csv
2182,0,0,0,2k.csv
2182,2,1,1,2l.csv
2182,11,9,2,3a.csv
2182,6,4,2,3b.csv
2182,5,4,1,3c.csv
2182,5,4,1,3d.csv
2182,7,7,0,3e.csv
2182,3,3,0,3f.csv
2182,3,2,1,3g.csv
2183,3,2,1,1a.csv
2183,2,2,0,1b.csv
2183,5,4,1,1c.csv
2183,3,2,1,1e.csv
2183,0,0,0,1f.csv
2183,1,1,0,1g.csv
2183,1,0,1,1h.csv
2183,0,0,0,1i.csv
2183,0,0,0,1j.csv
2183,0,0,0,1k.csv
2183,1,1,0,1l.csv
2183,0,0,0,1m.csv
2183,3,2,1,2a.csv
2183,1,0,1,2b.csv
2183,0,0,0,2c.csv
2183,1,1,0,2d.csv
2183,0,0,0,2e.csv
2183,0,0,0,2f.csv
2183,0,0,0,2g.csv
2183,0,0,0,2h.csv
2183,0,0,0,2i.csv
2183,1,1,0,2j.csv
2183,0,0,0,2k.csv
2183,2,1,1,2l.csv
2183,8,7,1,3a.csv
2183,5,4,1,3b.csv
2183,5,4,1,3c.csv
2183,5,4,1,3d.csv
2183,5,5,0,3e.csv
2183,3,3,0,3f.csv
2183,3,2,1,3g.csv
2184,3,2,1,1a.csv
2184,2,2,0,1b.csv
2184,5,4,1,1c.csv
2184,2,1,1,1e.csv
2184,0,0,0,1f.csv
2184,1,1,0,1g.csv
2184,1,0,1,1h.csv
2184,0,0,0,1i.csv
2184,0,0,0,1j.csv
2184,0,0,0,1k.csv
2184,1,1,0,1l.csv
2184,0,0,0,1m.csv
2184,3,2,1,2a.csv
2184,1,0,1,2b.csv
2184,0,0,0,2c.csv
2184,2,2,0,2d.csv
2184,0,0,0,2e.csv
2184,0,0,0,2f.csv
2184,0,0,0,2g.csv
2184,0,0,0,2h.csv
2184,0,0,0,2i.csv
2184,1,1,0,2j.csv
2184,0,0,0,2k.csv
2184,4,3,1,2l.csv
2184,6,6,0,3a.csv
2184,3,2,1,3b.csv
2184,4,3,1,3c.csv
2184,4,3,1,3d.csv
2184,6,6,0,3e.csv
2184,4,4,0,3f.csv
2184,5,3,2,3g.csv
2185,3,2,1,1a.csv
2185,1,1,0,1b.csv
2185,4,3,1,1c.csv
2185,2,1,1,1e.csv
2185,0,0,0,1f.csv
2185,1,1,0,1g.csv
2185,1,0,1,1h.csv
2185,0,0,0,1i.csv
2185,0,0,0,1j.csv
2185,0,0,0,1k.csv
2185,1,1,0,1l.csv
2185,0,0,0,1m.csv
2185,3,2,1,2a.csv
2185,1,0,1,2b.csv
2185,0,0,0,2c.csv
2185,2,2,0,2d.csv
2185,0,0,0,2e.csv
2185,0,0,0,2f.csv
2185,0,0,0,2g.csv
2185,0,0,0,2h.csv
2185,0,0,0,2i.csv
2185,1,1,0,2j.csv
2185,0,0,0,2k.csv
2185,4,3,1,2l.csv
2185,5,5,0,3a.csv
2185,2,2,0,3b.csv
2185,3,2,1,3c.csv
2185,3,2,1,3d.csv
2185,6,6,0,3e.csv
2185,5,5,0,3f.csv
2185,4,3,1,3g.csv
2186,2,1,1,1a.csv
2186,1,1,0,1b.csv
2186,3,2,1,1c.csv
2186,1,1,0,1e.csv
2186,0,0,0,1f.csv
2186,1,1,0,1g.csv
2186,1,0,1,1h.csv
2186,0,0,0,1i.csv
2186,0,0,0,1j.csv
2186,0,0,0,1k.csv
2186,1,1,0,1l.csv
2186,0,0,0,1m.csv
2186,1,0,1,2a.csv
2186,2,0,2,2b.csv
2186,0,0,0,2c.csv
2186,3,3,0,2d.csv
2186,0,0,0,2e.csv
2186,0,0,0,2f.csv
2186,0,0,0,2g.csv
2186,0,0,0,2h.csv
2186,0,0,0,2i.csv
2186,1,1,0,2j.csv
2186,0,0,0,2k.csv
2186,5,3,2,2l.csv
2186,4,4,0,3a.csv
2186,1,1,0,3b.csv
2186,3,2,1,3c.csv
2186,3,2,1,3d.csv
2186,6,6,0,3e.csv
2186,4,4,0,3f.csv
2186,5,4,1,3g.csv
2187,3,2,1,1a.csv
2187,0,0,0,1b.csv
2187,4,3,1,1c.csv
2187,0,0,0,1e.csv
2187,0,0,0,1f.csv
2187,1,1,0,1g.csv
2187,1,0,1,1h.csv
2187,0,0,0,1i.csv
2187,0,0,0,1j.csv
2187,0,0,0,1k.csv
2187,1,1,0,1l.csv
2187,0,0,0,1m.csv
2187,1,0,1,2a.csv
2187,2,0,2,2b.csv
2187,0,0,0,2c.csv
2187,4,4,0,2d.csv
2187,0,0,0,2e.csv
2187,0,0,0,2f.csv
2187,0,0,0,2g.csv
2187,0,0,0,2h.csv
2187,0,0,0,2i.csv
2187,1,1,0,2j.csv
2187,0,0,0,2k.csv
2187,4,3,1,2l.csv
2187,3,3,0,3a.csv
2187,1,1,0,3b.csv
2187,5,4,1,3c.csv
2187,5,4,1,3d.csv
2187,7,7,0,3e.csv
2187,3,3,0,3f.csv
2187,4,3,1,3g.csv
2188,3,2,1,1a.csv
2188,0,0,0,1b.csv
2188,3,2,1,1c.csv
2188,0,0,0,1e.csv
2188,0,0,0,1f.csv
2188,1,1,0,1g.csv
2188,0,0,0,1h.csv
2188,0,0,0,1i.csv
2188,0,0,0,1j.csv
2188,0,0,0,1k.csv
2188,2,2,0,1l.csv
2188,0,0,0,1m.csv
2188,2,1,1,2a.csv
2188,2,0,2,2b.csv
2188,0,0,0,2c.csv
2188,4,4,0,2d.csv
2188,0,0,0,2e.csv
2188,0,0,0,2f.csv
2188,0,0,0,2g.csv
2188,0,0,0,2h.csv
2188,0,0,0,2i.csv
2188,1,1,0,2j.csv
2188,0,0,0,2k.csv
2188,3,2,1,2l.csv
2188,3,3,0,3a.csv
2188,1,1,0,3b.csv
2188,4,3,1,3c.csv
2188,4,3,1,3d.csv
2188,7,7,0,3e.csv
2188,3,3,0,3f.csv
2188,4,3,1,3g.csv
2189,3,2,1,1a.csv
2189,0,0,0,1b.csv
2189,3,2,1,1c.csv
2189,0,0,0,1e.csv
2189,0,0,0,1f.csv
2189,1,1,0,1g.csv
2189,0,0,0,1h.csv
2189,0,0,0,1i.csv
2189,0,0,0,1j.csv
2189,0,0,0,1k.csv
2189,2,2,0,1l.csv
2189,0,0,0,1m.csv
2189,2,2,0,2a.csv
2189,1,0,1,2b.csv
2189,0,0,0,2c.csv
2189,4,4,0,2d.csv
2189,0,0,0,2e.csv
2189,0,0,0,2f.csv
2189,0,0,0,2g.csv
2189,0,0,0,2h.csv
2189,0,0,0,2i.csv
2189,0,0,0,2j.csv
2189,0,0,0,2k.csv
2189,4,3,1,2l.csv
2189,3,3,0,3a.csv
2189,3,3,0,3b.csv
2189,4,3,1,3c.csv
2189,4,3,1,3d.csv
2189,8,8,0,3e.csv
2189,2,2,0,3f.csv
2189,5,3,2,3g.csv
2190,2,2,0,1a.csv
2190,0,0,0,1b.csv
2190,3,1,2,1c.csv
2190,0,0,0,1e.csv
2190,0,0,0,1f.csv
2190,1,1,0,1g.csv
2190,0,0,0,1h.csv
2190,0,0,0,1i.csv
2190,0,0,0,1j.csv
2190,0,0,0,1k.csv
2190,2,2,0,1l.csv
2190,0,0,0,1m.csv
2190,2,2,0,2a.csv
2190,2,0,2,2b.csv
2190,0,0,0,2c.csv
2190,4,4,0,2d.csv
2190,0,0,0,2e.csv
2190,0,0,0,2f.csv
2190,0,0,0,2g.csv
2190,0,0,0,2h.csv
2190,0,0,0,2i.csv
2190,0,0,0,2j.csv
2190,0,0,0,2k.csv
2190,4,3,1,2l.csv
2190,4,4,0,3a.csv
2190,3,3,0,3b.csv
2190,4,4,0,3c.csv
2190,4,4,0,3d.csv
2190,9,9,0,3e.csv
2190,2,2,0,3f.csv
2190,4,2,2,3g.csv
2191,2,2,0,1a.csv
2191,0,0,0,1b.csv
2191,2,1,1,1c.csv
2191,1,0,1,1e.csv
2191,0,0,0,1f.csv
2191,0,0,0,1g.csv
2191,0,0,0,1h.csv
2191,0,0,0,1i.csv
2191,0,0,0,1j.csv
2191,0,0,0,1k.csv
2191,1,1,0,1l.csv
2191,0,0,0,1m.csv
2191,2,2,0,2a.csv
2191,2,0,2,2b.csv
2191,0,0,0,2c.csv
2191,4,4,0,2d.csv
2191,0,0,0,2e.csv
2191,0,0,0,2f.csv
2191,0,0,0,2g.csv
2191,0,0,0,2h.csv
2191,0,0,0,2i.csv
2191,0,0,0,2j.csv
2191,0,0,0,2k.csv
2191,5,4,1,2l.csv
2191,5,5,0,3a.csv
2191,3,3,0,3b.csv
2191,4,4,0,3c.csv
2191,4,4,0,3d.csv
2191,12,12,0,3e.csv
2191,2,2,0,3f.csv
2191,5,3,2,3g.csv
2192,2,2,0,1a.csv
2192,0,0,0,1b.csv
2192,2,1,1,1c.csv
2192,2,1,1,1e.csv
2192,0,0,0,1f.csv
2192,0,0,0,1g.csv
2192,0,0,0,1h.csv
2192,0,0,0,1i.csv
2192,0,0,0,1j.csv
2192,0,0,0,1k.csv
2192,1,1,0,1l.csv
2192,0,0,0,1m.csv
2192,2,2,0,2a.csv
2192,2,0,2,2b.csv
2192,0,0,0,2c.csv
2192,3,3,0,2d.csv
2192,0,0,0,2e.csv
2192,0,0,0,2f.csv
2192,0,0,0,2g.csv
2192,0,0,0,2h.csv
2192,0,0,0,2i.csv
2192,0,0,0,2j.csv
2192,0,0,0,2k.csv
2192,3,2,1,2l.csv
2192,6,5,1,3a.csv
2192,3,3,0,3b.csv
2192,4,4,0,3c.csv
2192,4,4,0,3d.csv
2192,13,11,2,3e.csv
2192,1,1,0,3f.csv
2192,5,3,2,3g.csv
2193,2,2,0,1a.csv
2193,0,0,0,1b.csv
2193,3,1,2,1c.csv
2193,2,1,1,1e.csv
2193,0,0,0,1f.csv
2193,0,0,0,1g.csv
2193,0,0,0,1h.csv
2193,0,0,0,1i.csv
2193,0,0,0,1j.csv
2193,0,0,0,1k.csv
2193,2,2,0,1l.csv
2193,0,0,0,1m.csv
2193,2,2,0,2a.csv
2193,2,0,2,2b.csv
2193,0,0,0,2c.csv
2193,3,3,0,2d.csv
2193,0,0,0,2e.csv
2193,0,0,0,2f.csv
2193,0,0,0,2g.csv
2193,0,0,0,2h.csv
2193,0,0,0,2i.csv
2193,0,0,0,2j.csv
2193,0,0,0,2k.csv
2193,3,2,1,2l.csv
2193,7,6,1,3a.csv
2193,4,3,1,3b.csv
2193,4,4,0,3c.csv
2193,4,4,0,3d.csv
2193,13,11,2,3e.csv
2193,1,1,0,3f.csv
2193,7,4,3,3g.csv
2194,2,2,0,1a.csv
2194,0,0,0,1b.csv
2194,6,4,2,1c.csv
2194,2,1,1,1e.csv
2194,0,0,0,1f.csv
2194,0,0,0,1g.csv
2194,0,0,0,1h.csv
2194,1,1,0,1i.csv
2194,0,0,0,1j.csv
2194,0,0,0,1k.csv
2194,2,2,0,1l.csv
2194,0,0,0,1m.csv
2194,2,2,0,2a.csv
2194,1,0,1,2b.csv
2194,0,0,0,2c.csv
2194,2,2,0,2d.csv
2194,0,0,0,2e.csv
2194,0,0,0,2f.csv
2194,0,0,0,2g.csv
2194,0,0,0,2h.csv
2194,0,0,0,2i.csv
2194,0,0,0,2j.csv
2194,0,0,0,2k.csv
2194,3,3,0,2l.csv
2194,10,8,2,3a.csv
2194,4,3,1,3b.csv
2194,5,5,0,3c.csv
2194,5,5,0,3d.csv
2194,13,11,2,3e.csv
2194,2,1,1,3f.csv
2194,7,4,3,3g.csv
2195,3,2,1,1a.csv
2195,0,0,0,1b.csv
2195,5,3,2,1c.csv
2195,2,1,1,1e.csv
2195,0,0,0,1f.csv
2195,0,0,0,1g.csv
2195,0,0,0,1h.csv
2195,1,1,0,1i.csv
2195,0,0,0,1j.csv
2195,0,0,0,1k.csv
2195,2,2,0,1l.csv
2195,0,0,0,1m.csv
2195,2,2,0,2a.csv
2195,1,0,1,2b.csv
2195,0,0,0,2c.csv
2195,1,1,0,2d.csv
2195,0,0,0,2e.csv
2195,0,0,0,2f.csv
2195,0,0,0,2g.csv
2195,0,0,0,2h.csv
2195,0,0,0,2i.csv
2195,0,0,0,2j.csv
2195,0,0,0,2k.csv
2195,3,3,0,2l.csv
2195,11,9,2,3a.csv
2195,4,3,1,3b.csv
2195,4,4,0,3c.csv
2195,4,4,0,3d.csv
2195,12,10,2,3e.csv
2195,2,1,1,3f.csv
2195,7,4,3,3g.csv
2196,4,3,1,1a.csv
2196,0,0,0,1b.csv
2196,5,3,2,1c.csv
2196,2,1,1,1e.csv
2196,0,0,0,1f.csv
2196,0,0,0,1g.csv
2196,0,0,0,1h.csv
2196,1,1,0,1i.csv
2196,0,0,0,1j.csv
2196,0,0,0,1k.csv
2196,1,1,0,1l.csv
2196,0,0,0,1m.csv
2196,1,1,0,2a.csv
2196,1,0,1,2b.csv
2196,0,0,0,2c.csv
2196,1,1,0,2d.csv
2196,0,0,0,2e.csv
2196,0,0,0,2f.csv
2196,0,0,0,2g.csv
2196,0,0,0,2h.csv
2196,0,0,0,2i.csv
2196,0,0,0,2j.csv
2196,0,0,0,2k.csv
2196,3,3,0,2l.csv
2196,10,8,2,3a.csv
2196,4,3,1,3b.csv
2196,4,4,0,3c.csv
2196,4,4,0,3d.csv
2196,10,8,2,3e.csv
2196,2,1,1,3f.csv
2196,8,4,4,3g.csv
2197,6,5,1,1a.csv
2197,0,0,0,1b.csv
2197,6,4,2,1c.csv
2197,3,2,1,1e.csv
2197,0,0,0,1f.csv
2197,0,0,0,1g.csv
2197,0,0,0,1h.csv
2197,1,1,0,1i.csv
2197,0,0,0,1j.csv
2197,0,0,0,1k.csv
2197,1,1,0,1l.csv
2197,1,1,0,1m.csv
2197,0,0,0,2a.csv
2197,2,1,1,2b.csv
2197,0,0,0,2c.csv
2197,1,1,0,2d.csv
2197,0,0,0,2e.csv
2197,0,0,0,2f.csv
2197,0,0,0,2g.csv
2197,0,0,0,2h.csv
2197,0,0,0,2i.csv
2197,0,0,0,2j.csv
2197,0,0,0,2k.csv
2197,2,2,0,2l.csv
2197,10,7,3,3a.csv
2197,3,2,1,3b.csv
2197,4,3,1,3c.csv
2197,4,3,1,3d.csv
2197,9,7,2,3e.csv
2197,3,1,2,3f.csv
2197,7,4,3,3g.csv
2198,6,5,1,1a.csv
2198,1,1,0,1b.csv
2198,6,5,1,1c.csv
2198,3,2,1,1e.csv
2198,0,0,0,1f.csv
2198,0,0,0,1g.csv
2198,0,0,0,1h.csv
2198,1,1,0,1i.csv
2198,0,0,0,1j.csv
2198,0,0,0,1k.csv
2198,1,1,0,1l.csv
2198,1,1,0,1m.csv
2198,0,0,0,2a.csv
2198,1,1,0,2b.csv
2198,0,0,0,2c.csv
2198,2,2,0,2d.csv
2198,0,0,0,2e.csv
2198,0,0,0,2f.csv
2198,0,0,0,2g.csv
2198,0,0,0,2h.csv
2198,0,0,0,2i.csv
2198,0,0,0,2j.csv
2198,0,0,0,2k.csv
2198,3,3,0,2l.csv
2198,10,7,3,3a.csv
2198,3,2,1,3b.csv
2198,8,6,2,3c.csv
2198,8,6,2,3d.csv
2198,9,6,3,3e.csv
2198,3,1,2,3f.csv
2198,7,4,3,3g.csv
2199,7,6,1,1a.csv
2199,1,1,0,1b.csv
2199,6,5,1,1c.csv
2199,2,2,0,1e.csv
2199,0,0,0,1f.csv
2199,0,0,0,1g.csv
2199,0,0,0,1h.csv
2199,2,2,0,1i.csv
2199,0,0,0,1j.csv
2199,0,0,0,1k.csv
2199,1,1,0,1l.csv
2199,1,1,0,1m.csv
2199,1,1,0,2a.csv
2199,1,1,0,2b.csv
2199,0,0,0,2c.csv
2199,1,1,0,2d.csv
2199,0,0,0,2e.csv
2199,0,0,0,2f.csv
2199,0,0,0,2g.csv
2199,0,0,0,2h.csv
2199,0,0,0,2i.csv
2199,0,0,0,2j.csv
2199,0,0,0,2k.csv
2199,2,2,0,2l.csv
2199,10,7,3,3a.csv
2199,5,4,1,3b.csv
2199,10,8,2,3c.csv
2199,10,8,2,3d.csv
2199,7,4,3,3e.csv
2199,3,1,2,3f.csv
2199,6,3,3,3g.csv
2200,6,5,1,1a.csv
2200,1,1,0,1b.csv
2200,6,5,1,1c.csv
2200,1,1,0,1e.csv
2200,0,0,0,1f.csv
2200,1,1,0,1g.csv
2200,0,0,0,1h.csv
2200,2,2,0,1i.csv
2200,0,0,0,1j.csv
2200,0,0,0,1k.csv
2200,1,1,0,1l.csv
2200,1,1,0,1m.csv
2200,1,1,0,2a.csv
2200,1,1,0,2b.csv
2200,0,0,0,2c.csv
2200,1,1,0,2d.csv
2200,0,0,0,2e.csv
2200,0,0,0,2f.csv
2200,0,0,0,2g.csv
2200,0,0,0,2h.csv
2200,0,0,0,2i.csv
2200,0,0,0,2j.csv
2200,0,0,0,2k.csv
2200,2,2,0,2l.csv
2200,9,7,2,3a.csv
2200,6,5,1,3b.csv
2200,15,11,4,3c.csv
2200,15,11,4,3d.csv
2200,5,4,1,3e.csv
2200,3,1,2,3f.csv
2200,4,2,2,3g.csv
2201,6,5,1,1a.csv
2201,1,1,0,1b.csv
2201,5,5,0,1c.csv
2201,1,1,0,1e.csv
2201,0,0,0,1f.csv
2201,1,1,0,1g.csv
2201,0,0,0,1h.csv
2201,2,2,0,1i.csv
2201,0,0,0,1j.csv
2201,0,0,0,1k.csv
2201,0,0,0,1l.csv
2201,2,2,0,1m.csv
2201,1,1,0,2a.csv
2201,1,1,0,2b.csv
2201,0,0,0,2c.csv
2201,1,1,0,2d.csv
2201,0,0,0,2e.csv
2201,0,0,0,2f.csv
2201,0,0,0,2g.csv
2201,0,0,0,2h.csv
2201,0,0,0,2i.csv
2201,0,0,0,2j.csv
2201,0,0,0,2k.csv
2201,3,3,0,2l.csv
2201,11,8,3,3a.csv
2201,5,5,0,3b.csv
2201,17,13,4,3c.csv
2201,17,13,4,3d.csv
2201,6,4,2,3e.csv
2201,3,0,3,3f.csv
2201,2,1,1,3g.csv
2202,6,5,1,1a.csv
2202,1,1,0,1b.csv
2202,2,2,0,1c.csv
2202,2,1,1,1e.csv
2202,0,0,0,1f.csv
2202,1,1,0,1g.csv
2202,0,0,0,1h.csv
2202,1,1,0,1i.csv
2202,0,0,0,1j.csv
2202,0,0,0,1k.csv
2202,0,0,0,1l.csv
2202,2,2,0,1m.csv
2202,1,1,0,2a.csv
2202,1,1,0,2b.csv
2202,0,0,0,2c.csv
2202,1,1,0,2d.csv
2202,0,0,0,2e.csv
2202,0,0,0,2f.csv
2202,0,0,0,2g.csv
2202,0,0,0,2h.csv
2202,0,0,0,2i.csv
2202,0,0,0,2j.csv
2202,0,0,0,2k.csv
2202,2,2,0,2l.csv
2202,10,7,3,3a.csv
2202,5,5,0,3b.csv
2202,24,18,6,3c.csv
2202,24,18,6,3d.csv
2202,6,4,2,3e.csv
2202,2,0,2,3f.csv
2202,1,0,1,3g.csv
2203,5,5,0,1a.csv
2203,1,1,0,1b.csv
2203,2,2,0,1c.csv
2203,2,1,1,1e.csv
2203,0,0,0,1f.csv
2203,1,1,0,1g.csv
2203,0,0,0,1h.csv
2203,1,1,0,1i.csv
2203,0,0,0,1j.csv
2203,0,0,0,1k.csv
2203,0,0,0,1l.csv
2203,2,2,0,1m.csv
2203,2,1,1,2a.csv
2203,2,2,0,2b.csv
2203,0,0,0,2c.csv
2203,1,1,0,2d.csv
2203,0,0,0,2e.csv
2203,0,0,0,2f.csv
2203,0,0,0,2g.csv
2203,0,0,0,2h.csv
2203,0,0,0,2i.csv
2203,0,0,0,2j.csv
2203,0,0,0,2k.csv
2203,3,3,0,2l.csv
2203,11,8,3,3a.csv
2203,9,8,1,3b.csv
2203,34,24,10,3c.csv
2203,34,24,10,3d.csv
2203,6,4,2,3e.csv
2203,2,0,2,3f.csv
2203,2,1,1,3g.csv
2204,5,5,0,1a.csv
2204,2,2,0,1b.csv
2204,2,2,0,1c.csv
2204,3,2,1,1e.csv
2204,0,0,0,1f.csv
2204,1,1,0,1g.csv
2204,0,0,0,1h.csv
2204,1,1,0,1i.csv
2204,0,0,0,1j.csv
2204,0,0,0,1k.csv
2204,0,0,0,1l.csv
2204,2,2,0,1m.csv
2204,2,1,1,2a.csv
2204,2,2,0,2b.csv
2204,0,0,0,2c.csv
2204,1,1,0,2d.csv
2204,0,0,0,2e.csv
2204,0,0,0,2f.csv
2204,0,0,0,2g.csv
2204,0,0,0,2h.csv
2204,0,0,0,2i.csv
2204,0,0,0,2j.csv
2204,0,0,0,2k.csv
2204,3,3,0,2l.csv
2204,12,9,3,3a.csv
2204,10,9,1,3b.csv
2204,37,26,11,3c.csv
2204,37,26,11,3d.csv
2204,5,3,2,3e.csv
2204,2,0,2,3f.csv
2204,1,1,0,3g.csv
2205,3,3,0,1a.csv
2205,2,2,0,1b.csv
2205,2,2,0,1c.csv
2205,2,1,1,1e.csv
2205,0,0,0,1f.csv
2205,1,1,0,1g.csv
2205,0,0,0,1h.csv
2205,1,1,0,1i.csv
2205,0,0,0,1j.csv
2205,0,0,0,1k.csv
2205,0,0,0,1l.csv
2205,1,1,0,1m.csv
2205,2,1,1,2a.csv
2205,1,1,0,2b.csv
2205,0,0,0,2c.csv
2205,1,1,0,2d.csv
2205,0,0,0,2e.csv
2205,0,0,0,2f.csv
2205,0,0,0,2g.csv
2205,0,0,0,2h.csv
2205,0,0,0,2i.csv
2205,0,0,0,2j.csv
2205,0,0,0,2k.csv
2205,3,3,0,2l.csv
2205,13,10,3,3a.csv
2205,12,11,1,3b.csv
2205,38,28,10,3c.csv
2205,38,28,10,3d.csv
2205,5,3,2,3e.csv
2205,1,0,1,3f.csv
2205,1,1,0,3g.csv
2206,6,6,0,1a.csv
2206,1,1,0,1b.csv
2206,2,2,0,1c.csv
2206,3,2,1,1e.csv
2206,0,0,0,1f.csv
2206,2,2,0,1g.csv
2206,0,0,0,1h.csv
2206,1,1,0,1i.csv
2206,0,0,0,1j.csv
2206,0,0,0,1k.csv
2206,0,0,0,1l.csv
2206,1,1,0,1m.csv
2206,2,1,1,2a.csv
2206,1,1,0,2b.csv
2206,0,0,0,2c.csv
2206,0,0,0,2d.csv
2206,0,0,0,2e.csv
2206,0,0,0,2f.csv
2206,0,0,0,2g.csv
2206,0,0,0,2h.csv
2206,0,0,0,2i.csv
2206,0,0,0,2j.csv
2206,0,0,0,2k.csv
2206,2,2,0,2l.csv
2206,14,11,3,3a.csv
2206,11,10,1,3b.csv
2206,38,27,11,3c.csv
2206,38,27,11,3d.csv
2206,4,3,1,3e.csv
2206,1,0,1,3f.csv
2206,1,1,0,3g.csv
2207,5,5,0,1a.csv
2207,2,2,0,1b.csv
2207,3,3,0,1c.csv
2207,3,2,1,1e.csv
2207,1,1,0,1f.csv
2207,2,2,0,1g.csv
2207,0,0,0,1h.csv
2207,0,0,0,1i.csv
2207,0,0,0,1j.csv
2207,0,0,0,1k.csv
2207,0,0,0,1l.csv
2207,1,1,0,1m.csv
2207,1,0,1,2a.csv
2207,1,1,0,2b.csv
2207,0,0,0,2c.csv
2207,0,0,0,2d.csv
2207,0,0,0,2e.csv
2207,0,0,0,2f.csv
2207,0,0,0,2g.csv
2207,0,0,0,2h.csv
2207,0,0,0,2i.csv
2207,0,0,0,2j.csv
2207,0,0,0,2k.csv
2207,2,2,0,2l.csv
2207,13,10,3,3a.csv
2207,14,12,2,3b.csv
2207,39,27,12,3c.csv
2207,39,27,12,3d.csv
2207,4,3,1,3e.csv
2207,1,0,1,3f.csv
2207,1,1,0,3g.csv
2208,5,5,0,1a.csv
2208,2,2,0,1b.csv
2208,3,3,0,1c.csv
2208,3,2,1,1e.csv
2208,1,1,0,1f.csv
2208,1,1,0,1g.csv
2208,0,0,0,1h.csv
2208,0,0,0,1i.csv
2208,0,0,0,1j.csv
2208,0,0,0,1k.csv
2208,0,0,0,1l.csv
2208,1,1,0,1m.csv
2208,1,0,1,2a.csv
2208,1,1,0,2b.csv
2208,0,0,0,2c.csv
2208,1,0,1,2d.csv
2208,0,0,0,2e.csv
2208,0,0,0,2f.csv
2208,0,0,0,2g.csv
2208,0,0,0,2h.csv
2208,0,0,0,2i.csv
2208,0,0,0,2j.csv
2208,0,0,0,2k.csv
2208,2,2,0,2l.csv
2208,14,11,3,3a.csv
2208,13,11,2,3b.csv
2208,35,25,10,3c.csv
2208,35,25,10,3d.csv
2208,4,3,1,3e.csv
2208,1,0,1,3f.csv
2208,2,2,0,3g.csv
2209,5,5,0,1a.csv
2209,2,2,0,1b.csv
2209,3,3,0,1c.csv
2209,3,2,1,1e.csv
2209,1,1,0,1f.csv
2209,1,1,0,1g.csv
2209,0,0,0,1h.csv
2209,1,1,0,1i.csv
2209,0,0,0,1j.csv
2209,0,0,0,1k.csv
2209,0,0,0,1l.csv
2209,0,0,0,1m.csv
2209,1,0,1,2a.csv
2209,1,1,0,2b.csv
2209,0,0,0,2c.csv
2209,1,0,1,2d.csv
2209,0,0,0,2e.csv
2209,0,0,0,2f.csv
2209,0,0,0,2g.csv
2209,0,0,0,2h.csv
2209,0,0,0,2i.csv
2209,0,0,0,2j.csv
2209,0,0,0,2k.csv
2209,2,2,0,2l.csv
2209,12,10,2,3a.csv
2209,14,11,3,3b.csv
2209,35,25,10,3c.csv
2209,35,25,10,3d.csv
2209,2,2,0,3e.csv
2209,1,1,0,3f.csv
2209,2,2,0,3g.csv
2210,7,7,0,1a.csv
2210,2,2,0,1b.csv
2210,3,3,0,1c.csv
2210,2,2,0,1e.csv
2210,1,1,0,1f.csv
2210,1,1,0,1g.csv
2210,0,0,0,1h.csv
2210,1,1,0,1i.csv
2210,0,0,0,1j.csv
2210,1,1,0,1k.csv
2210,0,0,0,1l.csv
2210,0,0,0,1m.csv
2210,1,0,1,2a.csv
2210,1,1,0,2b.csv
2210,0,0,0,2c.csv
2210,2,1,1,2d.csv
2210,0,0,0,2e.csv
2210,0,0,0,2f.csv
2210,0,0,0,2g.csv
2210,0,0,0,2h.csv
2210,0,0,0,2i.csv
2210,0,0,0,2j.csv
2210,0,0,0,2k.csv
2210,2,2,0,2l.csv
2210,11,10,1,3a.csv
2210,18,14,4,3b.csv
2210,27,19,8,3c.csv
2210,27,19,8,3d.csv
2210,3,3,0,3e.csv
2210,1,1,0,3f.csv
2210,2,2,0,3g.csv
2211,6,6,0,1a.csv
2211,2,2,0,1b.csv
2211,4,4,0,1c.csv
2211,2,2,0,1e.csv
2211,1,1,0,1f.csv
2211,1,1,0,1g.csv
2211,0,0,0,1h.csv
2211,1,1,0,1i.csv
2211,0,0,0,1j.csv
2211,1,1,0,1k.csv
2211,0,0,0,1l.csv
2211,0,0,0,1m.csv
2211,0,0,0,2a.csv
2211,0,0,0,2b.csv
2211,0,0,0,2c.csv
2211,2,1,1,2d.csv
2211,0,0,0,2e.csv
2211,0,0,0,2f.csv
2211,0,0,0,2g.csv
2211,0,0,0,2h.csv
2211,0,0,0,2i.csv
2211,0,0,0,2j.csv
2211,0,0,0,2k.csv
2211,1,1,0,2l.csv
2211,9,8,1,3a.csv
2211,16,13,3,3b.csv
2211,20,14,6,3c.csv
2211,20,14,6,3d.csv
2211,4,4,0,3e.csv
2211,1,1,0,3f.csv
2211,1,1,0,3g.csv
2212,5,5,0,1a.csv
2212,1,1,0,1b.csv
2212,4,4,0,1c.csv
2212,1,1,0,1e.csv
2212,2,2,0,1f.csv
2212,2,2,0,1g.csv
2212,1,1,0,1h.csv
2212,1,1,0,1i.csv
2212,0,0,0,1j.csv
2212,1,1,0,1k.csv
2212,0,0,0,1l.csv
2212,1,1,0,1m.csv
2212,0,0,0,2a.csv
2212,0,0,0,2b.csv
2212,0,0,0,2c.csv
2212,2,1,1,2d.csv
2212,0,0,0,2e.csv
2212,0,0,0,2f.csv
2212,0,0,0,2g.csv
2212,0,0,0,2h.csv
2212,0,0,0,2i.csv
2212,0,0,0,2j.csv
2212,0,0,0,2k.csv
2212,1,1,0,2l.csv
2212,9,8,1,3a.csv
2212,19,16,3,3b.csv
2212,19,13,6,3c.csv
2212,19,13,6,3d.csv
2212,4,4,0,3e.csv
2212,2,2,0,3f.csv
2212,1,1,0,3g.csv
2213,5,5,0,1a.csv
2213,1,1,0,1b.csv
2213,4,4,0,1c.csv
2213,1,1,0,1e.csv
2213,2,2,0,1f.csv
2213,2,2,0,1g.csv
2213,1,1,0,1h.csv
2213,1,1,0,1i.csv
2213,1,1,0,1j.csv
2213,1,1,0,1k.csv
2213,0,0,0,1l.csv
2213,1,1,0,1m.csv
2213,0,0,0,2a.csv
2213,1,1,0,2b.csv
2213,0,0,0,2c.csv
2213,2,1,1,2d.csv
2213,0,0,0,2e.csv
2213,0,0,0,2f.csv
2213,0,0,0,2g.csv
2213,0,0,0,2h.csv
2213,0,0,0,2i.csv
2213,0,0,0,2j.csv
2213,0,0,0,2k.csv
2213,1,1,0,2l.csv
2213,9,9,0,3a.csv
2213,18,15,3,3b.csv
2213,18,11,7,3c.csv
2213,18,11,7,3d.csv
2213,5,5,0,3e.csv
2213,3,3,0,3f.csv
2213,2,1,1,3g.csv
2214,3,3,0,1a.csv
2214,2,2,0,1b.csv
2214,4,4,0,1c.csv
2214,0,0,0,1e.csv
2214,2,2,0,1f.csv
2214,1,1,0,1g.csv
2214,1,1,0,1h.csv
2214,1,1,0,1i.csv
2214,1,1,0,1j.csv
2214,1,1,0,1k.csv
2214,0,0,0,1l.csv
2214,1,1,0,1m.csv
2214,0,0,0,2a.csv
2214,1,1,0,2b.csv
2214,0,0,0,2c.csv
2214,2,1,1,2d.csv
2214,0,0,0,2e.csv
2214,0,0,0,2f.csv
2214,0,0,0,2g.csv
2214,0,0,0,2h.csv
2214,0,0,0,2i.csv
2214,0,0,0,2j.csv
2214,0,0,0,2k.csv
2214,2,2,0,2l.csv
2214,8,8,0,3a.csv
2214,19,16,3,3b.csv
2214,14,9,5,3c.csv
2214,14,9,5,3d.csv
2214,5,5,0,3e.csv
2214,3,3,0,3f.csv
2214,2,1,1,3g.csv
2215,7,6,1,1a.csv
2215,1,1,0,1b.csv
2215,3,3,0,1c.csv
2215,0,0,0,1e.csv
2215,1,1,0,1f.csv
2215,1,1,0,1g.csv
2215,1,1,0,1h.csv
2215,1,1,0,1i.csv
2215,1,1,0,1j.csv
2215,1,1,0,1k.csv
2215,1,1,0,1l.csv
2215,1,1,0,1m.csv
2215,1,0,1,2a.csv
2215,1,1,0,2b.csv
2215,0,0,0,2c.csv
2215,2,1,1,2d.csv
2215,0,0,0,2e.csv
2215,0,0,0,2f.csv
2215,0,0,0,2g.csv
2215,0,0,0,2h.csv
2215,0,0,0,2i.csv
2215,0,0,0,2j.csv
2215,0,0,0,2k.csv
2215,3,3,0,2l.csv
2215,7,7,0,3a.csv
2215,14,12,2,3b.csv
2215,13,8,5,3c.csv
2215,13,8,5,3d.csv
2215,4,4,0,3e.csv
2215,3,3,0,3f.csv
2215,3,1,2,3g.csv
2216,7,6,1,1a.csv
2216,1,1,0,1b.csv
2216,3,3,0,1c.csv
2216,0,0,0,1e.csv
2216,2,1,1,1f.csv
2216,1,1,0,1g.csv
2216,1,1,0,1h.csv
2216,1,1,0,1i.csv
2216,1,1,0,1j.csv
2216,1,1,0,1k.csv
2216,1,1,0,1l.csv
2216,2,2,0,1m.csv
2216,1,0,1,2a.csv
2216,1,1,0,2b.csv
2216,0,0,0,2c.csv
2216,1,1,0,2d.csv
2216,0,0,0,2e.csv
2216,0,0,0,2f.csv
2216,0,0,0,2g.csv
2216,0,0,0,2h.csv
2216,0,0,0,2i.csv
2216,0,0,0,2j.csv
2216,0,0,0,2k.csv
2216,3,3,0,2l.csv
2216,8,8,0,3a.csv
2216,16,14,2,3b.csv
2216,12,7,5,3c.csv
2216,12,7,5,3d.csv
2216,4,4,0,3e.csv
2216,3,3,0,3f.csv
2216,3,1,2,3g.csv
2217,8,7,1,1a.csv
2217,1,1,0,1b.csv
2217,4,3,1,1c.csv
2217,0,0,0,1e.csv
2217,2,1,1,1f.csv
2217,1,1,0,1g.csv
2217,2,1,1,1h.csv
2217,0,0,0,1i.csv
2217,2,2,0,1j.csv
2217,1,1,0,1k.csv
2217,1,1,0,1l.csv
2217,2,2,0,1m.csv
2217,1,0,1,2a.csv
2217,1,1,0,2b.csv
2217,0,0,0,2c.csv
2217,1,1,0,2d.csv
2217,0,0,0,2e.csv
2217,0,0,0,2f.csv
2217,0,0,0,2g.csv
2217,0,0,0,2h.csv
2217,0,0,0,2i.csv
2217,0,0,0,2j.csv
2217,0,0,0,2k.csv
2217,2,2,0,2l.csv
2217,11,11,0,3a.csv
2217,17,16,1,3b.csv
2217,12,5,7,3c.csv
2217,12,5,7,3d.csv
2217,4,4,0,3e.csv
2217,2,2,0,3f.csv
2217,4,2,2,3g.csv
2218,7,6,1,1a.csv
2218,1,1,0,1b.csv
2218,5,4,1,1c.csv
2218,0,0,0,1e.csv
2218,2,1,1,1f.csv
2218,1,1,0,1g.csv
2218,2,1,1,1h.csv
2218,1,1,0,1i.csv
2218,2,2,0,1j.csv
2218,0,0,0,1k.csv
2218,1,1,0,1l.csv
2218,2,2,0,1m.csv
2218,1,0,1,2a.csv
2218,1,1,0,2b.csv
2218,0,0,0,2c.csv
2218,1,1,0,2d.csv
2218,0,0,0,2e.csv
2218,0,0,0,2f.csv
2218,0,0,0,2g.csv
2218,0,0,0,2h.csv
2218,0,0,0,2i.csv
2218,0,0,0,2j.csv
2218,0,0,0,2k.csv
2218,2,2,0,2l.csv
2218,14,13,1,3a.csv
2218,15,15,0,3b.csv
2218,15,8,7,3c.csv
2218,15,8,7,3d.csv
2218,4,3,1,3e.csv
2218,4,4,0,3f.csv
2218,4,2,2,3g.csv
2219,7,6,1,1a.csv
2219,1,1,0,1b.csv
2219,5,4,1,1c.csv
2219,0,0,0,1e.csv
2219,2,1,1,1f.csv
2219,1,1,0,1g.csv
2219,2,1,1,1h.csv
2219,1,1,0,1i.csv
2219,2,2,0,1j.csv
2219,0,0,0,1k.csv
2219,1,1,0,1l.csv
2219,2,2,0,1m.csv
2219,1,0,1,2a.csv
2219,1,1,0,2b.csv
2219,0,0,0,2c.csv
2219,1,1,0,2d.csv
2219,0,0,0,2e.csv
2219,0,0,0,2f.csv
2219,0,0,0,2g.csv
2219,0,0,0,2h.csv
2219,0,0,0,2i.csv
2219,0,0,0,2j.csv
2219,0,0,0,2k.csv
2219,2,2,0,2l.csv
2219,17,15,2,3a.csv
2219,13,13,0,3b.csv
2219,14,9,5,3c.csv
2219,14,9,5,3d.csv
2219,5,4,1,3e.csv
2219,4,4,0,3f.csv
2219,5,3,2,3g.csv
2220,11,9,2,1a.csv
2220,1,1,0,1b.csv
2220,6,5,1,1c.csv
2220,0,0,0,1e.csv
2220,1,0,1,1f.csv
2220,0,0,0,1g.csv
2220,1,0,1,1h.csv
2220,2,2,0,1i.csv
2220,3,3,0,1j.csv
2220,0,0,0,1k.csv
2220,1,1,0,1l.csv
2220,1,1,0,1m.csv
2220,2,0,2,2a.csv
2220,1,1,0,2b.csv
2220,0,0,0,2c.csv
2220,1,1,0,2d.csv
2220,0,0,0,2e.csv
2220,0,0,0,2f.csv
2220,0,0,0,2g.csv
2220,0,0,0,2h.csv
2220,0,0,0,2i.csv
2220,0,0,0,2j.csv
2220,0,0,0,2k.csv
2220,2,2,0,2l.csv
2220,18,16,2,3a.csv
2220,10,10,0,3b.csv
2220,16,10,6,3c.csv
2220,16,10,6,3d.csv
2220,6,5,1,3e.csv
2220,4,4,0,3f.csv
2220,5,3,2,3g.csv
2221,12,10,2,1a.csv
2221,1,1,0,1b.csv
2221,5,4,1,1c.csv
2221,1,1,0,1e.csv
2221,1,0,1,1f.csv
2221,0,0,0,1g.csv
2221,1,0,1,1h.csv
2221,2,2,0,1i.csv
2221,2,2,0,1j.csv
2221,0,0,0,1k.csv
2221,1,1,0,1l.csv
2221,1,1,0,1m.csv
2221,2,0,2,2a.csv
2221,0,0,0,2b.csv
2221,1,0,1,2c.csv
2221,1,1,0,2d.csv
2221,0,0,0,2e.csv
2221,0,0,0,2f.csv
2221,0,0,0,2g.csv
2221,0,0,0,2h.csv
2221,0,0,0,2i.csv
2221,0,0,0,2j.csv
2221,0,0,0,2k.csv
2221,2,2,0,2l.csv
2221,18,16,2,3a.csv
2221,9,9,0,3b.csv
2221,15,10,5,3c.csv
2221,15,10,5,3d.csv
2221,5,4,1,3e.csv
2221,3,3,0,3f.csv
2221,5,3,2,3g.csv
2222,11,9,2,1a.csv
2222,0,0,0,1b.csv
2222,4,3,1,1c.csv
2222,1,1,0,1e.csv
2222,1,0,1,1f.csv
2222,0,0,0,1g.csv
2222,1,0,1,1h.csv
2222,2,2,0,1i.csv
2222,2,2,0,1j.csv
2222,0,0,0,1k.csv
2222,0,0,0,1l.csv
2222,1,1,0,1m.csv
2222,3,0,3,2a.csv
2222,0,0,0,2b.csv
2222,1,0,1,2c.csv
2222,1,1,0,2d.csv
2222,0,0,0,2e.csv
2222,0,0,0,2f.csv
2222,0,0,0,2g.csv
2222,0,0,0,2h.csv
2222,0,0,0,2i.csv
2222,0,0,0,2j.csv
2222,0,0,0,2k.csv
2222,3,2,1,2l.csv
2222,19,16,3,3a.csv
2222,10,10,0,3b.csv
2222,14,9,5,3c.csv
2222,14,9,5,3d.csv
2222,4,3,1,3e.csv
2222,5,5,0,3f.csv
2222,5,3,2,3g.csv
2223,10,8,2,1a.csv
2223,0,0,0,1b.csv
2223,5,4,1,1c.csv
2223,1,1,0,1e.csv
2223,1,0,1,1f.csv
2223,0,0,0,1g.csv
2223,1,0,1,1h.csv
2223,2,2,0,1i.csv
2223,2,2,0,1j.csv
2223,0,0,0,1k.csv
2223,0,0,0,1l.csv
2223,2,2,0,1m.csv
2223,2,0,2,2a.csv
2223,0,0,0,2b.csv
2223,1,0,1,2c.csv
2223,1,1,0,2d.csv
2223,0,0,0,2e.csv
2223,0,0,0,2f.csv
2223,0,0,0,2g.csv
2223,0,0,0,2h.csv
2223,0,0,0,2i.csv
2223,0,0,0,2j.csv
2223,0,0,0,2k.csv
2223,2,1,1,2l.csv
2223,20,17,3,3a.csv
2223,10,10,0,3b.csv
2223,13,8,5,3c.csv
2223,13,8,5,3d.csv
2223,4,3,1,3e.csv
2223,8,8,0,3f.csv
2223,4,3,1,3g.csv
2224,11,8,3,1a.csv
2224,0,0,0,1b.csv
2224,5,4,1,1c.csv
2224,1,1,0,1e.csv
2224,0,0,0,1f.csv
2224,0,0,0,1g.csv
2224,1,0,1,1h.csv
2224,2,2,0,1i.csv
2224,2,2,0,1j.csv
2224,0,0,0,1k.csv
2224,0,0,0,1l.csv
2224,1,1,0,1m.csv
2224,3,1,2,2a.csv
2224,0,0,0,2b.csv
2224,1,0,1,2c.csv
2224,1,1,0,2d.csv
2224,0,0,0,2e.csv
2224,0,0,0,2f.csv
2224,0,0,0,2g.csv
2224,0,0,0,2h.csv
2224,0,0,0,2i.csv
2224,0,0,0,2j.csv
2224,0,0,0,2k.csv
2224,3,1,2,2l.csv
2224,18,15,3,3a.csv
2224,8,8,0,3b.csv
2224,15,10,5,3c.csv
2224,15,10,5,3d.csv
2224,4,3,1,3e.csv
2224,9,9,0,3f.csv
2224,3,2,1,3g.csv
2225,10,7,3,1a.csv
2225,0,0,0,1b.csv
2225,4,4,0,1c.csv
2225,1,1,0,1e.csv
2225,0,0,0,1f.csv
2225,0,0,0,1g.csv
2225,0,0,0,1h.csv
2225,2,2,0,1i.csv
2225,1,1,0,1j.csv
2225,0,0,0,1k.csv
2225,0,0,0,1l.csv
2225,1,1,0,1m.csv
2225,3,1,2,2a.csv
2225,0,0,0,2b.csv
2225,1,0,1,2c.csv
2225,1,1,0,2d.csv
2225,0,0,0,2e.csv
2225,0,0,0,2f.csv
2225,0,0,0,2g.csv
2225,0,0,0,2h.csv
2225,0,0,0,2i.csv
2225,0,0,0,2j.csv
2225,0,0,0,2k.csv
2225,6,4,2,2l.csv
2225,15,12,3,3a.csv
2225,7,7,0,3b.csv
2225,14,10,4,3c.csv
2225,14,10,4,3d.csv
2225,4,3,1,3e.csv
2225,10,9,1,3f.csv
2225,3,1,2,3g.csv
2226,10,7,3,1a.csv
2226,0,0,0,1b.csv
2226,3,3,0,1c.csv
2226,1,1,0,1e.csv
2226,0,0,0,1f.csv
2226,0,0,0,1g.csv
2226,0,0,0,1h.csv
2226,1,1,0,1i.csv
2226,1,1,0,1j.csv
2226,0,0,0,1k.csv
2226,0,0,0,1l.csv
2226,1,1,0,1m.csv
2226,3,1,2,2a.csv
2226,0,0,0,2b.csv
2226,1,0,1,2c.csv
2226,0,0,0,2d.csv
2226,0,0,0,2e.csv
2226,0,0,0,2f.csv
2226,0,0,0,2g.csv
2226,0,0,0,2h.csv
2226,0,0,0,2i.csv
2226,0,0,0,2j.csv
2226,0,0,0,2k.csv
2226,6,4,2,2l.csv
2226,12,10,2,3a.csv
2226,6,5,1,3b.csv
2226,13,7,6,3c.csv
2226,13,7,6,3d.csv
2226,3,3,0,3e.csv
2226,8,7,1,3f.csv
2226,3,1,2,3g.csv
2227,11,8,3,1a.csv
2227,0,0,0,1b.csv
2227,2,2,0,1c.csv
2227,1,1,0,1e.csv
2227,0,0,0,1f.csv
2227,0,0,0,1g.csv
2227,0,0,0,1h.csv
2227,1,1,0,1i.csv
2227,1,1,0,1j.csv
2227,0,0,0,1k.csv
2227,0,0,0,1l.csv
2227,2,2,0,1m.csv
2227,3,1,2,2a.csv
2227,0,0,0,2b.csv
2227,1,0,1,2c.csv
2227,0,0,0,2d.csv
2227,0,0,0,2e.csv
2227,0,0,0,2f.csv
2227,0,0,0,2g.csv
2227,0,0,0,2h.csv
2227,0,0,0,2i.csv
2227,0,0,0,2j.csv
2227,0,0,0,2k.csv
2227,7,4,3,2l.csv
2227,11,10,1,3a.csv
2227,6,5,1,3b.csv
2227,11,4,7,3c.csv
2227,11,4,7,3d.csv
2227,1,1,0,3e.csv
2227,8,7,1,3f.csv
2227,2,0,2,3g.csv
2228,7,5,2,1a.csv
2228,0,0,0,1b.csv
2228,1,1,0,1c.csv
2228,1,1,0,1e.csv
2228,0,0,0,1f.csv
2228,0,0,0,1g.csv
2228,0,0,0,1h.csv
2228,0,0,0,1i.csv
2228,1,1,0,1j.csv
2228,0,0,0,1k.csv
2228,0,0,0,1l.csv
2228,2,2,0,1m.csv
2228,2,1,1,2a.csv
2228,0,0,0,2b.csv
2228,1,0,1,2c.csv
2228,0,0,0,2d.csv
2228,0,0,0,2e.csv
2228,0,0,0,2f.csv
2228,0,0,0,2g.csv
2228,0,0,0,2h.csv
2228,0,0,0,2i.csv
2228,0,0,0,2j.csv
2228,0,0,0,2k.csv
2228,10,5,5,2l.csv
2228,10,9,1,3a.csv
2228,5,4,1,3b.csv
2228,7,2,5,3c.csv
2228,7,2,5,3d.csv
2228,0,0,0,3e.csv
2228,7,6,1,3f.csv
2228,3,0,3,3g.csv
2229,7,5,2,1a.csv
2229,1,0,1,1b.csv
2229,1,1,0,1c.csv
2229,0,0,0,1e.csv
2229,0,0,0,1f.csv
2229,0,0,0,1g.csv
2229,0,0,0,1h.csv
2229,0,0,0,1i.csv
2229,1,1,0,1j.csv
2229,0,0,0,1k.csv
2229,0,0,0,1l.csv
2229,2,2,0,1m.csv
2229,4,3,1,2a.csv
2229,0,0,0,2b.csv
2229,0,0,0,2c.csv
2229,0,0,0,2d.csv
2229,0,0,0,2e.csv
2229,1,1,0,2f.csv
2229,0,0,0,2g.csv
2229,0,0,0,2h.csv
2229,0,0,0,2i.csv
2229,0,0,0,2j.csv
2229,0,0,0,2k.csv
2229,12,7,5,2l.csv
2229,8,7,1,3a.csv
2229,4,3,1,3b.csv
2229,8,3,5,3c.csv
2229,8,3,5,3d.csv
2229,0,0,0,3e.csv
2229,8,7,1,3f.csv
2229,2,0,2,3g.csv
2230,9,7,2,1a.csv
2230,1,0,1,1b.csv
2230,1,1,0,1c.csv
2230,0,0,0,1e.csv
2230,0,0,0,1f.csv
2230,1,1,0,1g.csv
2230,0,0,0,1h.csv
2230,0,0,0,1i.csv
2230,1,1,0,1j.csv
2230,0,0,0,1k.csv
2230,0,0,0,1l.csv
2230,3,3,0,1m.csv
2230,3,3,0,2a.csv
2230,0,0,0,2b.csv
2230,0,0,0,2c.csv
2230,0,0,0,2d.csv
2230,0,0,0,2e.csv
2230,1,1,0,2f.csv
2230,0,0,0,2g.csv
2230,0,0,0,2h.csv
2230,0,0,0,2i.csv
2230,0,0,0,2j.csv
2230,0,0,0,2k.csv
2230,14,8,6,2l.csv
2230,6,6,0,3a.csv
2230,3,1,2,3b.csv
2230,9,4,5,3c.csv
2230,9,4,5,3d.csv
2230,1,0,1,3e.csv
2230,6,5,1,3f.csv
2230,3,1,2,3g.csv
2231,8,7,1,1a.csv
2231,1,0,1,1b.csv
2231,0,0,0,1c.csv
2231,0,0,0,1e.csv
2231,0,0,0,1f.csv
2231,1,1,0,1g.csv
2231,0,0,0,1h.csv
2231,0,0,0,1i.csv
2231,1,1,0,1j.csv
2231,0,0,0,1k.csv
2231,0,0,0,1l.csv
2231,3,3,0,1m.csv
2231,3,3,0,2a.csv
2231,0,0,0,2b.csv
2231,0,0,0,2c.csv
2231,0,0,0,2d.csv
2231,0,0,0,2e.csv
2231,1,1,0,2f.csv
2231,0,0,0,2g.csv
2231,0,0,0,2h.csv
2231,0,0,0,2i.csv
2231,0,0,0,2j.csv
2231,0,0,0,2k.csv
2231,16,10,6,2l.csv
2231,6,6,0,3a.csv
2231,4,2,2,3b.csv
2231,9,4,5,3c.csv
2231,9,4,5,3d.csv
2231,1,0,1,3e.csv
2231,4,3,1,3f.csv
2231,5,2,3,3g.csv
2232,8,8,0,1a.csv
2232,2,1,1,1b.csv
2232,0,0,0,1c.csv
2232,0,0,0,1e.csv
2232,0,0,0,1f.csv
2232,1,1,0,1g.csv
2232,0,0,0,1h.csv
2232,0,0,0,1i.csv
2232,1,1,0,1j.csv
2232,0,0,0,1k.csv
2232,0,0,0,1l.csv
2232,3,3,0,1m.csv
2232,2,2,0,2a.csv
2232,0,0,0,2b.csv
2232,0,0,0,2c.csv
2232,0,0,0,2d.csv
2232,0,0,0,2e.csv
2232,1,1,0,2f.csv
2232,0,0,0,2g.csv
2232,0,0,0,2h.csv
2232,0,0,0,2i.csv
2232,0,0,0,2j.csv
2232,0,0,0,2k.csv
2232,17,11,6,2l.csv
2232,7,7,0,3a.csv
2232,5,2,3,3b.csv
2232,7,2,5,3c.csv
2232,7,2,5,3d.csv
2232,1,0,1,3e.csv
2232,4,2,2,3f.csv
2232,6,3,3,3g.csv
2233,9,9,0,1a.csv
2233,2,1,1,1b.csv
2233,0,0,0,1c.csv
2233,0,0,0,1e.csv
2233,1,1,0,1f.csv
2233,1,1,0,1g.csv
2233,0,0,0,1h.csv
2233,0,0,0,1i.csv
2233,2,2,0,1j.csv
2233,0,0,0,1k.csv
2233,0,0,0,1l.csv
2233,3,3,0,1m.csv
2233,2,2,0,2a.csv
2233,0,0,0,2b.csv
2233,0,0,0,2c.csv
2233,0,0,0,2d.csv
2233,0,0,0,2e.csv
2233,1,1,0,2f.csv
2233,0,0,0,2g.csv
2233,0,0,0,2h.csv
2233,0,0,0,2i.csv
2233,0,0,0,2j.csv
2233,0,0,0,2k.csv
2233,19,10,9,2l.csv
2233,8,8,0,3a.csv
2233,4,1,3,3b.csv
2233,7,3,4,3c.csv
2233,7,3,4,3d.csv
2233,1,0,1,3e.csv
2233,3,2,1,3f.csv
2233,8,5,3,3g.csv
2234,12,12,0,1a.csv
2234,2,1,1,1b.csv
2234,1,1,0,1c.csv
2234,0,0,0,1e.csv
2234,1,1,0,1f.csv
2234,1,1,0,1g.csv
2234,0,0,0,1h.csv
2234,0,0,0,1i.csv
2234,2,2,0,1j.csv
2234,0,0,0,1k.csv
2234,0,0,0,1l.csv
2234,4,4,0,1m.csv
2234,3,3,0,2a.csv
2234,0,0,0,2b.csv
2234,0,0,0,2c.csv
2234,0,0,0,2d.csv
2234,0,0,0,2e.csv
2234,1,1,0,2f.csv
2234,0,0,0,2g.csv
2234,0,0,0,2h.csv
2234,0,0,0,2i.csv
2234,0,0,0,2j.csv
2234,0,0,0,2k.csv
2234,21,12,9,2l.csv
2234,10,9,1,3a.csv
2234,3,1,2,3b.csv
2234,6,4,2,3c.csv
2234,6,4,2,3d.csv
2234,1,0,1,3e.csv
2234,4,3,1,3f.csv
2234,9,5,4,3g.csv
2235,15,15,0,1a.csv
2235,2,1,1,1b.csv
2235,2,1,1,1c.csv
2235,0,0,0,1e.csv
2235,2,2,0,1f.csv
2235,1,1,0,1g.csv
2235,1,0,1,1h.csv
2235,0,0,0,1i.csv
2235,2,2,0,1j.csv
2235,0,0,0,1k.csv
2235,0,0,0,1l.csv
2235,4,4,0,1m.csv
2235,3,3,0,2a.csv
2235,0,0,0,2b.csv
2235,1,1,0,2c.csv
2235,0,0,0,2d.csv
2235,0,0,0,2e.csv
2235,2,2,0,2f.csv
2235,0,0,0,2g.csv
2235,0,0,0,2h.csv
2235,0,0,0,2i.csv
2235,0,0,0,2j.csv
2235,0,0,0,2k.csv
2235,22,12,10,2l.csv
2235,9,7,2,3a.csv
2235,5,2,3,3b.csv
2235,9,6,3,3c.csv
2235,9,6,3,3d.csv
2235,1,0,1,3e.csv
2235,4,3,1,3f.csv
2235,9,5,4,3g.csv
2236,17,17,0,1a.csv
2236,3,2,1,1b.csv
2236,2,1,1,1c.csv
2236,0,0,0,1e.csv
2236,2,2,0,1f.csv
2236,1,1,0,1g.csv
2236,2,1,1,1h.csv
2236,0,0,0,1i.csv
2236,1,1,0,1j.csv
2236,0,0,0,1k.csv
2236,0,0,0,1l.csv
2236,4,4,0,1m.csv
2236,4,4,0,2a.csv
2236,0,0,0,2b.csv
2236,1,1,0,2c.csv
2236,1,0,1,2d.csv
2236,0,0,0,2e.csv
2236,2,2,0,2f.csv
2236,0,0,0,2g.csv
2236,0,0,0,2h.csv
2236,0,0,0,2i.csv
2236,0,0,0,2j.csv
2236,0,0,0,2k.csv
2236,24,15,9,2l.csv
2236,8,6,2,3a.csv
2236,5,2,3,3b.csv
2236,10,7,3,3c.csv
2236,10,7,3,3d.csv
2236,1,0,1,3e.csv
2236,5,4,1,3f.csv
2236,10,5,5,3g.csv
2237,17,17,0,1a.csv
2237,2,2,0,1b.csv
2237,4,2,2,1c.csv
2237,0,0,0,1e.csv
2237,2,2,0,1f.csv
2237,1,1,0,1g.csv
2237,2,1,1,1h.csv
2237,0,0,0,1i.csv
2237,1,1,0,1j.csv
2237,0,0,0,1k.csv
2237,0,0,0,1l.csv
2237,4,4,0,1m.csv
2237,3,3,0,2a.csv
2237,0,0,0,2b.csv
2237,1,1,0,2c.csv
2237,1,0,1,2d.csv
2237,0,0,0,2e.csv
2237,1,1,0,2f.csv
2237,0,0,0,2g.csv
2237,0,0,0,2h.csv
2237,0,0,0,2i.csv
2237,0,0,0,2j.csv
2237,0,0,0,2k.csv
2237,23,13,10,2l.csv
2237,9,7,2,3a.csv
2237,5,2,3,3b.csv
2237,11,8,3,3c.csv
2237,11,8,3,3d.csv
2237,1,0,1,3e.csv
2237,6,5,1,3f.csv
2237,11,6,5,3g.csv
2238,16,16,0,1a.csv
2238,2,2,0,1b.csv
2238,4,2,2,1c.csv
2238,0,0,0,1e.csv
2238,2,2,0,1f.csv
2238,0,0,0,1g.csv
2238,3,2,1,1h.csv
2238,0,0,0,1i.csv
2238,1,1,0,1j.csv
2238,0,0,0,1k.csv
2238,0,0,0,1l.csv
2238,3,3,0,1m.csv
2238,4,4,0,2a.csv
2238,0,0,0,2b.csv
2238,1,1,0,2c.csv
2238,1,0,1,2d.csv
2238,0,0,0,2e.csv
2238,1,1,0,2f.csv
2238,1,1,0,2g.csv
2238,0,0,0,2h.csv
2238,0,0,0,2i.csv
2238,0,0,0,2j.csv
2238,0,0,0,2k.csv
2238,22,11,11,2l.csv
2238,11,9,2,3a.csv
2238,4,2,2,3b.csv
2238,13,9,4,3c.csv
2238,13,9,4,3d.csv
2238,0,0,0,3e.csv
2238,7,6,1,3f.csv
2238,11,6,5,3g.csv
2239,16,15,1,1a.csv
2239,2,2,0,1b.csv
2239,4,2,2,1c.csv
2239,0,0,0,1e.csv
2239,3,3,0,1f.csv
2239,0,0,0,1g.csv
2239,5,4,1,1h.csv
2239,0,0,0,1i.csv
2239,1,1,0,1j.csv
2239,0,0,0,1k.csv
2239,0,0,0,1l.csv
2239,3,3,0,1m.csv
2239,6,6,0,2a.csv
2239,0,0,0,2b.csv
2239,1,1,0,2c.csv
2239,2,1,1,2d.csv
2239,0,0,0,2e.csv
2239,1,1,0,2f.csv
2239,1,1,0,2g.csv
2239,0,0,0,2h.csv
2239,0,0,0,2i.csv
2239,0,0,0,2j.csv
2239,0,0,0,2k.csv
2239,23,10,13,2l.csv
2239,11,9,2,3a.csv
2239,5,3,2,3b.csv
2239,12,9,3,3c.csv
2239,12,9,3,3d.csv
2239,0,0,0,3e.csv
2239,7,6,1,3f.csv
2239,11,6,5,3g.csv
2240,18,17,1,1a.csv
2240,1,1,0,1b.csv
2240,4,2,2,1c.csv
2240,0,0,0,1e.csv
2240,3,3,0,1f.csv
2240,0,0,0,1g.csv
2240,5,4,1,1h.csv
2240,0,0,0,1i.csv
2240,1,1,0,1j.csv
2240,0,0,0,1k.csv
2240,0,0,0,1l.csv
2240,3,3,0,1m.csv
2240,6,6,0,2a.csv
2240,0,0,0,2b.csv
2240,1,1,0,2c.csv
2240,2,1,1,2d.csv
2240,0,0,0,2e.csv
2240,1,1,0,2f.csv
2240,1,1,0,2g.csv
2240,0,0,0,2h.csv
2240,0,0,0,2i.csv
2240,0,0,0,2j.csv
2240,0,0,0,2k.csv
2240,28,12,16,2l.csv
2240,15,11,4,3a.csv
2240,4,3,1,3b.csv
2240,13,10,3,3c.csv
2240,13,10,3,3d.csv
2240,0,0,0,3e.csv
2240,6,6,0,3f.csv
2240,12,7,5,3g.csv
2241,17,16,1,1a.csv
2241,1,1,0,1b.csv
2241,4,2,2,1c.csv
2241,0,0,0,1e.csv
2241,3,3,0,1f.csv
2241,0,0,0,1g.csv
2241,5,4,1,1h.csv
2241,0,0,0,1i.csv
2241,0,0,0,1j.csv
2241,0,0,0,1k.csv
2241,0,0,0,1l.csv
2241,3,3,0,1m.csv
2241,7,6,1,2a.csv
2241,0,0,0,2b.csv
2241,2,2,0,2c.csv
2241,2,1,1,2d.csv
2241,0,0,0,2e.csv
2241,1,1,0,2f.csv
2241,1,1,0,2g.csv
2241,0,0,0,2h.csv
2241,0,0,0,2i.csv
2241,0,0,0,2j.csv
2241,0,0,0,2k.csv
2241,26,11,15,2l.csv
2241,16,12,4,3a.csv
2241,4,3,1,3b.csv
2241,12,9,3,3c.csv
2241,12,9,3,3d.csv
2241,0,0,0,3e.csv
2241,6,6,0,3f.csv
2241,15,9,6,3g.csv
2242,13,12,1,1a.csv
2242,1,1,0,1b.csv
2242,4,1,3,1c.csv
2242,0,0,0,1e.csv
2242,3,3,0,1f.csv
2242,0,0,0,1g.csv
2242,7,6,1,1h.csv
2242,0,0,0,1i.csv
2242,0,0,0,1j.csv
2242,0,0,0,1k.csv
2242,0,0,0,1l.csv
2242,2,2,0,1m.csv
2242,6,5,1,2a.csv
2242,0,0,0,2b.csv
2242,2,2,0,2c.csv
2242,3,1,2,2d.csv
2242,0,0,0,2e.csv
2242,1,1,0,2f.csv
2242,1,1,0,2g.csv
2242,0,0,0,2h.csv
2242,0,0,0,2i.csv
2242,0,0,0,2j.csv
2242,0,0,0,2k.csv
2242,26,11,15,2l.csv
2242,17,13,4,3a.csv
2242,4,3,1,3b.csv
2242,13,9,4,3c.csv
2242,13,9,4,3d.csv
2242,0,0,0,3e.csv
2242,5,5,0,3f.csv
2242,17,9,8,3g.csv
2243,10,9,1,1a.csv
2243,1,1,0,1b.csv
2243,3,1,2,1c.csv
2243,0,0,0,1e.csv
2243,3,3,0,1f.csv
2243,0,0,0,1g.csv
2243,6,6,0,1h.csv
2243,0,0,0,1i.csv
2243,0,0,0,1j.csv
2243,0,0,0,1k.csv
2243,0,0,0,1l.csv
2243,1,1,0,1m.csv
2243,6,5,1,2a.csv
2243,0,0,0,2b.csv
2243,1,1,0,2c.csv
2243,3,1,2,2d.csv
2243,0,0,0,2e.csv
2243,0,0,0,2f.csv
2243,1,1,0,2g.csv
2243,0,0,0,2h.csv
2243,0,0,0,2i.csv
2243,0,0,0,2j.csv
2243,0,0,0,2k.csv
2243,25,11,14,2l.csv
2243,19,16,3,3a.csv
2243,3,3,0,3b.csv
2243,11,8,3,3c.csv
2243,11,8,3,3d.csv
2243,0,0,0,3e.csv
2243,6,6,0,3f.csv
2243,21,11,10,3g.csv
2244,9,8,1,1a.csv
2244,0,0,0,1b.csv
2244,3,1,2,1c.csv
2244,0,0,0,1e.csv
2244,4,3,1,1f.csv
2244,0,0,0,1g.csv
2244,5,5,0,1h.csv
2244,0,0,0,1i.csv
2244,0,0,0,1j.csv
2244,0,0,0,1k.csv
2244,0,0,0,1l.csv
2244,1,1,0,1m.csv
2244,5,4,1,2a.csv
2244,0,0,0,2b.csv
2244,1,1,0,2c.csv
2244,2,1,1,2d.csv
2244,0,0,0,2e.csv
2244,0,0,0,2f.csv
2244,1,1,0,2g.csv
2244,0,0,0,2h.csv
2244,0,0,0,2i.csv
2244,0,0,0,2j.csv
2244,0,0,0,2k.csv
2244,23,10,13,2l.csv
2244,20,17,3,3a.csv
2244,3,3,0,3b.csv
2244,11,8,3,3c.csv
2244,11,8,3,3d.csv
2244,1,1,0,3e.csv
2244,5,5,0,3f.csv
2244,23,12,11,3g.csv
2245,10,9,1,1a.csv
2245,0,0,0,1b.csv
2245,1,0,1,1c.csv
2245,0,0,0,1e.csv
2245,5,4,1,1f.csv
2245,0,0,0,1g.csv
2245,5,5,0,1h.csv
2245,0,0,0,1i.csv
2245,0,0,0,1j.csv
2245,0,0,0,1k.csv
2245,0,0,0,1l.csv
2245,1,1,0,1m.csv
2245,4,3,1,2a.csv
2245,0,0,0,2b.csv
2245,2,2,0,2c.csv
2245,2,1,1,2d.csv
2245,0,0,0,2e.csv
2245,0,0,0,2f.csv
2245,1,1,0,2g.csv
2245,0,0,0,2h.csv
2245,0,0,0,2i.csv
2245,0,0,0,2j.csv
2245,0,0,0,2k.csv
2245,24,12,12,2l.csv
2245,25,21,4,3a.csv
2245,4,4,0,3b.csv
2245,9,6,3,3c.csv
2245,9,6,3,3d.csv
2245,1,1,0,3e.csv
2245,3,3,0,3f.csv
2245,28,15,13,3g.csv
2246,11,10,1,1a.csv
2246,0,0,0,1b.csv
2246,1,0,1,1c.csv
2246,0,0,0,1e.csv
2246,5,4,1,1f.csv
2246,0,0,0,1g.csv
2246,4,4,0,1h.csv
2246,0,0,0,1i.csv
2246,0,0,0,1j.csv
2246,0,0,0,1k.csv
2246,0,0,0,1l.csv
2246,1,1,0,1m.csv
2246,3,2,1,2a.csv
2246,0,0,0,2b.csv
2246,3,3,0,2c.csv
2246,2,1,1,2d.csv
2246,0,0,0,2e.csv
2246,0,0,0,2f.csv
2246,0,0,0,2g.csv
2246,0,0,0,2h.csv
2246,0,0,0,2i.csv
2246,0,0,0,2j.csv
2246,0,0,0,2k.csv
2246,27,13,14,2l.csv
2246,27,22,5,3a.csv
2246,5,5,0,3b.csv
2246,6,4,2,3c.csv
2246,6,4,2,3d.csv
2246,2,2,0,3e.csv
2246,2,2,0,3f.csv
2246,35,17,18,3g.csv
2247,9,9,0,1a.csv
2247,0,0,0,1b.csv
2247,1,0,1,1c.csv
2247,0,0,0,1e.csv
2247,4,3,1,1f.csv
2247,0,0,0,1g.csv
2247,2,2,0,1h.csv
2247,0,0,0,1i.csv
2247,0,0,0,1j.csv
2247,0,0,0,1k.csv
2247,0,0,0,1l.csv
2247,1,1,0,1m.csv
2247,1,0,1,2a.csv
2247,0,0,0,2b.csv
2247,4,4,0,2c.csv
2247,1,0,1,2d.csv
2247,0,0,0,2e.csv
2247,0,0,0,2f.csv
2247,0,0,0,2g.csv
2247,0,0,0,2h.csv
2247,0,0,0,2i.csv
2247,0,0,0,2j.csv
2247,0,0,0,2k.csv
2247,27,15,12,2l.csv
2247,34,28,6,3a.csv
2247,6,6,0,3b.csv
2247,7,5,2,3c.csv
2247,7,5,2,3d.csv
2247,2,2,0,3e.csv
2247,1,1,0,3f.csv
2247,38,20,18,3g.csv
2248,6,6,0,1a.csv
2248,0,0,0,1b.csv
2248,2,1,1,1c.csv
2248,0,0,0,1e.csv
2248,4,3,1,1f.csv
2248,0,0,0,1g.csv
2248,2,2,0,1h.csv
2248,0,0,0,1i.csv
2248,0,0,0,1j.csv
2248,0,0,0,1k.csv
2248,0,0,0,1l.csv
2248,1,1,0,1m.csv
2248,1,0,1,2a.csv
2248,0,0,0,2b.csv
2248,4,4,0,2c.csv
2248,1,0,1,2d.csv
2248,0,0,0,2e.csv
2248,0,0,0,2f.csv
2248,0,0,0,2g.csv
2248,0,0,0,2h.csv
2248,0,0,0,2i.csv
2248,0,0,0,2j.csv
2248,0,0,0,2k.csv
2248,20,12,8,2l.csv
2248,31,27,4,3a.csv
2248,6,6,0,3b.csv
2248,6,4,2,3c.csv
2248,6,4,2,3d.csv
2248,2,2,0,3e.csv
2248,1,1,0,3f.csv
2248,40,22,18,3g.csv
2249,7,7,0,1a.csv
2249,0,0,0,1b.csv
2249,2,1,1,1c.csv
2249,0,0,0,1e.csv
2249,3,2,1,1f.csv
2249,0,0,0,1g.csv
2249,2,2,0,1h.csv
2249,0,0,0,1i.csv
2249,0,0,0,1j.csv
2249,0,0,0,1k.csv
2249,0,0,0,1l.csv
2249,1,1,0,1m.csv
2249,0,0,0,2a.csv
2249,0,0,0,2b.csv
2249,3,3,0,2c.csv
2249,1,0,1,2d.csv
2249,0,0,0,2e.csv
2249,0,0,0,2f.csv
2249,0,0,0,2g.csv
2249,0,0,0,2h.csv
2249,0,0,0,2i.csv
2249,0,0,0,2j.csv
2249,0,0,0,2k.csv
2249,19,12,7,2l.csv
2249,32,25,7,3a.csv
2249,8,7,1,3b.csv
2249,8,6,2,3c.csv
2249,8,6,2,3d.csv
2249,2,2,0,3e.csv
2249,1,1,0,3f.csv
2249,42,22,20,3g.csv
2250,12,12,0,1a.csv
2250,0,0,0,1b.csv
2250,1,1,0,1c.csv
2250,1,1,0,1e.csv
2250,3,2,1,1f.csv
2250,0,0,0,1g.csv
2250,0,0,0,1h.csv
2250,0,0,0,1i.csv
2250,0,0,0,1j.csv
2250,0,0,0,1k.csv
2250,0,0,0,1l.csv
2250,2,2,0,1m.csv
2250,0,0,0,2a.csv
2250,0,0,0,2b.csv
2250,3,3,0,2c.csv
2250,0,0,0,2d.csv
2250,0,0,0,2e.csv
2250,0,0,0,2f.csv
2250,0,0,0,2g.csv
2250,0,0,0,2h.csv
2250,0,0,0,2i.csv
2250,0,0,0,2j.csv
2250,0,0,0,2k.csv
2250,24,14,10,2l.csv
2250,32,26,6,3a.csv
2250,11,9,2,3b.csv
2250,5,5,0,3c.csv
2250,5,5,0,3d.csv
2250,3,3,0,3e.csv
2250,1,1,0,3f.csv
2250,44,27,17,3g.csv
2251,12,12,0,1a.csv
2251,0,0,0,1b.csv
2251,3,2,1,1c.csv
2251,1,1,0,1e.csv
2251,2,1,1,1f.csv
2251,0,0,0,1g.csv
2251,1,1,0,1h.csv
2251,0,0,0,1i.csv
2251,1,1,0,1j.csv
2251,0,0,0,1k.csv
2251,0,0,0,1l.csv
2251,2,2,0,1m.csv
2251,0,0,0,2a.csv
2251,0,0,0,2b.csv
2251,4,4,0,2c.csv
2251,1,0,1,2d.csv
2251,0,0,0,2e.csv
2251,0,0,0,2f.csv
2251,0,0,0,2g.csv
2251,1,0,1,2h.csv
2251,0,0,0,2i.csv
2251,0,0,0,2j.csv
2251,0,0,0,2k.csv
2251,27,16,11,2l.csv
2251,30,24,6,3a.csv
2251,11,9,2,3b.csv
2251,4,4,0,3c.csv
2251,4,4,0,3d.csv
2251,3,3,0,3e.csv
2251,0,0,0,3f.csv
2251,44,26,18,3g.csv
2252,12,12,0,1a.csv
2252,0,0,0,1b.csv
2252,3,2,1,1c.csv
2252,2,2,0,1e.csv
2252,1,1,0,1f.csv
2252,0,0,0,1g.csv
2252,1,1,0,1h.csv
2252,0,0,0,1i.csv
2252,1,1,0,1j.csv
2252,0,0,0,1k.csv
2252,0,0,0,1l.csv
2252,4,4,0,1m.csv
2252,1,0,1,2a.csv
2252,0,0,0,2b.csv
2252,5,4,1,2c.csv
2252,1,0,1,2d.csv
2252,0,0,0,2e.csv
2252,0,0,0,2f.csv
2252,0,0,0,2g.csv
2252,1,0,1,2h.csv
2252,0,0,0,2i.csv
2252,0,0,0,2j.csv
2252,0,0,0,2k.csv
2252,25,13,12,2l.csv
2252,32,26,6,3a.csv
2252,11,9,2,3b.csv
2252,3,3,0,3c.csv
2252,3,3,0,3d.csv
2252,2,2,0,3e.csv
2252,2,1,1,3f.csv
2252,43,28,15,3g.csv
2253,10,10,0,1a.csv
2253,0,0,0,1b.csv
2253,3,2,1,1c.csv
2253,2,2,0,1e.csv
2253,1,1,0,1f.csv
2253,0,0,0,1g.csv
2253,1,1,0,1h.csv
2253,0,0,0,1i.csv
2253,1,1,0,1j.csv
2253,0,0,0,1k.csv
2253,0,0,0,1l.csv
2253,4,4,0,1m.csv
2253,1,0,1,2a.csv
2253,0,0,0,2b.csv
2253,4,3,1,2c.csv
2253,1,0,1,2d.csv
2253,0,0,0,2e.csv
2253,0,0,0,2f.csv
2253,0,0,0,2g.csv
2253,1,0,1,2h.csv
2253,0,0,0,2i.csv
2253,0,0,0,2j.csv
2253,0,0,0,2k.csv
2253,25,13,12,2l.csv
2253,32,26,6,3a.csv
2253,13,11,2,3b.csv
2253,4,3,1,3c.csv
2253,4,3,1,3d.csv
2253,2,2,0,3e.csv
2253,3,2,1,3f.csv
2253,40,26,14,3g.csv
2254,10,8,2,1a.csv
2254,0,0,0,1b.csv
2254,3,2,1,1c.csv
2254,2,2,0,1e.csv
2254,1,1,0,1f.csv
2254,0,0,0,1g.csv
2254,1,1,0,1h.csv
2254,0,0,0,1i.csv
2254,1,1,0,1j.csv
2254,0,0,0,1k.csv
2254,0,0,0,1l.csv
2254,4,4,0,1m.csv
2254,1,0,1,2a.csv
2254,0,0,0,2b.csv
2254,3,2,1,2c.csv
2254,1,0,1,2d.csv
2254,0,0,0,2e.csv
2254,0,0,0,2f.csv
2254,0,0,0,2g.csv
2254,1,0,1,2h.csv
2254,0,0,0,2i.csv
2254,0,0,0,2j.csv
2254,0,0,0,2k.csv
2254,22,15,7,2l.csv
2254,28,23,5,3a.csv
2254,12,10,2,3b.csv
2254,5,3,2,3c.csv
2254,5,3,2,3d.csv
2254,2,2,0,3e.csv
2254,6,4,2,3f.csv
2254,36,26,10,3g.csv
2255,12,10,2,1a.csv
2255,0,0,0,1b.csv
2255,3,2,1,1c.csv
2255,2,2,0,1e.csv
2255,1,1,0,1f.csv
2255,0,0,0,1g.csv
2255,1,1,0,1h.csv
2255,0,0,0,1i.csv
2255,1,1,0,1j.csv
2255,0,0,0,1k.csv
2255,0,0,0,1l.csv
2255,3,3,0,1m.csv
2255,1,0,1,2a.csv
2255,0,0,0,2b.csv
2255,3,2,1,2c.csv
2255,1,0,1,2d.csv
2255,0,0,0,2e.csv
2255,0,0,0,2f.csv
2255,0,0,0,2g.csv
2255,1,0,1,2h.csv
2255,0,0,0,2i.csv
2255,0,0,0,2j.csv
2255,0,0,0,2k.csv
2255,19,12,7,2l.csv
2255,22,17,5,3a.csv
2255,11,8,3,3b.csv
2255,6,2,4,3c.csv
2255,6,2,4,3d.csv
2255,4,4,0,3e.csv
2255,10,6,4,3f.csv
2255,37,25,12,3g.csv
2256,14,11,3,1a.csv
2256,1,1,0,1b.csv
2256,2,1,1,1c.csv
2256,2,2,0,1e.csv
2256,1,1,0,1f.csv
2256,0,0,0,1g.csv
2256,1,1,0,1h.csv
2256,0,0,0,1i.csv
2256,1,1,0,1j.csv
2256,0,0,0,1k.csv
2256,0,0,0,1l.csv
2256,3,3,0,1m.csv
2256,1,0,1,2a.csv
2256,0,0,0,2b.csv
2256,3,2,1,2c.csv
2256,1,0,1,2d.csv
2256,0,0,0,2e.csv
2256,1,1,0,2f.csv
2256,0,0,0,2g.csv
2256,1,0,1,2h.csv
2256,0,0,0,2i.csv
2256,0,0,0,2j.csv
2256,0,0,0,2k.csv
2256,21,13,8,2l.csv
2256,21,15,6,3a.csv
2256,11,8,3,3b.csv
2256,7,2,5,3c.csv
2256,7,2,5,3d.csv
2256,5,4,1,3e.csv
2256,13,8,5,3f.csv
2256,33,21,12,3g.csv
2257,14,11,3,1a.csv
2257,1,1,0,1b.csv
2257,3,1,2,1c.csv
2257,2,2,0,1e.csv
2257,1,1,0,1f.csv
2257,0,0,0,1g.csv
2257,1,1,0,1h.csv
2257,0,0,0,1i.csv
2257,1,1,0,1j.csv
2257,0,0,0,1k.csv
2257,0,0,0,1l.csv
2257,3,3,0,1m.csv
2257,1,0,1,2a.csv
2257,0,0,0,2b.csv
2257,3,2,1,2c.csv
2257,1,0,1,2d.csv
2257,0,0,0,2e.csv
2257,1,1,0,2f.csv
2257,0,0,0,2g.csv
2257,1,0,1,2h.csv
2257,0,0,0,2i.csv
2257,0,0,0,2j.csv
2257,0,0,0,2k.csv
2257,21,14,7,2l.csv
2257,20,17,3,3a.csv
2257,9,7,2,3b.csv
2257,5,0,5,3c.csv
2257,5,0,5,3d.csv
2257,5,4,1,3e.csv
2257,13,8,5,3f.csv
2257,31,22,9,3g.csv
2258,9,6,3,1a.csv
2258,1,1,0,1b.csv
2258,2,1,1,1c.csv
2258,1,1,0,1e.csv
2258,1,1,0,1f.csv
2258,0,0,0,1g.csv
2258,1,1,0,1h.csv
2258,0,0,0,1i.csv
2258,1,1,0,1j.csv
2258,0,0,0,1k.csv
2258,0,0,0,1l.csv
2258,2,2,0,1m.csv
2258,1,0,1,2a.csv
2258,0,0,0,2b.csv
2258,4,3,1,2c.csv
2258,1,0,1,2d.csv
2258,0,0,0,2e.csv
2258,2,2,0,2f.csv
2258,0,0,0,2g.csv
2258,1,0,1,2h.csv
2258,0,0,0,2i.csv
2258,0,0,0,2j.csv
2258,0,0,0,2k.csv
2258,15,11,4,2l.csv
2258,19,15,4,3a.csv
2258,6,5,1,3b.csv
2258,5,0,5,3c.csv
2258,5,0,5,3d.csv
2258,4,3,1,3e.csv
2258,14,9,5,3f.csv
2258,26,17,9,3g.csv
2259,8,5,3,1a.csv
2259,1,1,0,1b.csv
2259,1,0,1,1c.csv
2259,2,2,0,1e.csv
2259,1,1,0,1f.csv
2259,0,0,0,1g.csv
2259,0,0,0,1h.csv
2259,0,0,0,1i.csv
2259,0,0,0,1j.csv
2259,0,0,0,1k.csv
2259,0,0,0,1l.csv
2259,2,2,0,1m.csv
2259,1,0,1,2a.csv
2259,0,0,0,2b.csv
2259,3,2,1,2c.csv
2259,0,0,0,2d.csv
2259,0,0,0,2e.csv
2259,2,2,0,2f.csv
2259,0,0,0,2g.csv
2259,0,0,0,2h.csv
2259,0,0,0,2i.csv
2259,0,0,0,2j.csv
2259,0,0,0,2k.csv
2259,12,9,3,2l.csv
2259,18,14,4,3a.csv
2259,7,4,3,3b.csv
2259,5,0,5,3c.csv
2259,5,0,5,3d.csv
2259,4,3,1,3e.csv
2259,16,10,6,3f.csv
2259,26,18,8,3g.csv
2260,8,4,4,1a.csv
2260,1,1,0,1b.csv
2260,2,1,1,1c.csv
2260,1,1,0,1e.csv
2260,2,1,1,1f.csv
2260,0,0,0,1g.csv
2260,0,0,0,1h.csv
2260,0,0,0,1i.csv
2260,0,0,0,1j.csv
2260,0,0,0,1k.csv
2260,0,0,0,1l.csv
2260,0,0,0,1m.csv
2260,0,0,0,2a.csv
2260,0,0,0,2b.csv
2260,2,2,0,2c.csv
2260,0,0,0,2d.csv
2260,0,0,0,2e.csv
2260,2,2,0,2f.csv
2260,0,0,0,2g.csv
2260,0,0,0,2h.csv
2260,0,0,0,2i.csv
2260,0,0,0,2j.csv
2260,0,0,0,2k.csv
2260,13,10,3,2l.csv
2260,16,12,4,3a.csv
2260,9,6,3,3b.csv
2260,7,1,6,3c.csv
2260,7,1,6,3d.csv
2260,4,3,1,3e.csv
2260,15,10,5,3f.csv
2260,25,15,10,3g.csv
2261,9,5,4,1a.csv
2261,1,1,0,1b.csv
2261,2,1,1,1c.csv
2261,1,1,0,1e.csv
2261,1,0,1,1f.csv
2261,0,0,0,1g.csv
2261,0,0,0,1h.csv
2261,0,0,0,1i.csv
2261,1,1,0,1j.csv
2261,0,0,0,1k.csv
2261,0,0,0,1l.csv
2261,0,0,0,1m.csv
2261,0,0,0,2a.csv
2261,1,1,0,2b.csv
2261,2,2,0,2c.csv
2261,0,0,0,2d.csv
2261,0,0,0,2e.csv
2261,2,2,0,2f.csv
2261,0,0,0,2g.csv
2261,0,0,0,2h.csv
2261,0,0,0,2i.csv
2261,1,1,0,2j.csv
2261,0,0,0,2k.csv
2261,13,10,3,2l.csv
2261,10,7,3,3a.csv
2261,6,3,3,3b.csv
2261,8,2,6,3c.csv
2261,8,2,6,3d.csv
2261,4,3,1,3e.csv
2261,18,11,7,3f.csv
2261,23,14,9,3g.csv
2262,7,5,2,1a.csv
2262,1,1,0,1b.csv
2262,2,1,1,1c.csv
2262,1,1,0,1e.csv
2262,1,0,1,1f.csv
2262,0,0,0,1g.csv
2262,0,0,0,1h.csv
2262,0,0,0,1i.csv
2262,1,1,0,1j.csv
2262,0,0,0,1k.csv
2262,0,0,0,1l.csv
2262,0,0,0,1m.csv
2262,0,0,0,2a.csv
2262,1,1,0,2b.csv
2262,3,3,0,2c.csv
2262,0,0,0,2d.csv
2262,0,0,0,2e.csv
2262,2,2,0,2f.csv
2262,0,0,0,2g.csv
2262,0,0,0,2h.csv
2262,0,0,0,2i.csv
2262,1,1,0,2j.csv
2262,0,0,0,2k.csv
2262,12,8,4,2l.csv
2262,12,9,3,3a.csv
2262,7,4,3,3b.csv
2262,9,4,5,3c.csv
2262,9,4,5,3d.csv
2262,3,2,1,3e.csv
2262,21,12,9,3f.csv
2262,23,13,10,3g.csv
2263,5,3,2,1a.csv
2263,1,1,0,1b.csv
2263,3,2,1,1c.csv
2263,1,1,0,1e.csv
2263,1,0,1,1f.csv
2263,0,0,0,1g.csv
2263,0,0,0,1h.csv
2263,0,0,0,1i.csv
2263,1,1,0,1j.csv
2263,0,0,0,1k.csv
2263,0,0,0,1l.csv
2263,0,0,0,1m.csv
2263,0,0,0,2a.csv
2263,1,1,0,2b.csv
2263,2,2,0,2c.csv
2263,0,0,0,2d.csv
2263,0,0,0,2e.csv
2263,3,2,1,2f.csv
2263,0,0,0,2g.csv
2263,0,0,0,2h.csv
2263,0,0,0,2i.csv
2263,1,1,0,2j.csv
2263,0,0,0,2k.csv
2263,16,10,6,2l.csv
2263,11,9,2,3a.csv
2263,5,3,2,3b.csv
2263,7,4,3,3c.csv
2263,7,4,3,3d.csv
2263,1,0,1,3e.csv
2263,20,11,9,3f.csv
2263,17,10,7,3g.csv
2264,3,2,1,1a.csv
2264,0,0,0,1b.csv
2264,3,2,1,1c.csv
2264,1,1,0,1e.csv
2264,2,0,2,1f.csv
2264,0,0,0,1g.csv
2264,0,0,0,1h.csv
2264,0,0,0,1i.csv
2264,2,2,0,1j.csv
2264,0,0,0,1k.csv
2264,0,0,0,1l.csv
2264,0,0,0,1m.csv
2264,0,0,0,2a.csv
2264,1,1,0,2b.csv
2264,2,2,0,2c.csv
2264,1,1,0,2d.csv
2264,0,0,0,2e.csv
2264,2,1,1,2f.csv
2264,0,0,0,2g.csv
2264,0,0,0,2h.csv
2264,0,0,0,2i.csv
2264,1,1,0,2j.csv
2264,0,0,0,2k.csv
2264,16,10,6,2l.csv
2264,10,9,1,3a.csv
2264,5,3,2,3b.csv
2264,9,7,2,3c.csv
2264,9,7,2,3d.csv
2264,1,1,0,3e.csv
2264,19,11,8,3f.csv
2264,18,11,7,3g.csv
2265,2,1,1,1a.csv
2265,1,1,0,1b.csv
2265,2,2,0,1c.csv
2265,1,1,0,1e.csv
2265,2,0,2,1f.csv
2265,0,0,0,1g.csv
2265,0,0,0,1h.csv
2265,0,0,0,1i.csv
2265,2,2,0,1j.csv
2265,0,0,0,1k.csv
2265,0,0,0,1l.csv
2265,0,0,0,1m.csv
2265,0,0,0,2a.csv
2265,1,1,0,2b.csv
2265,2,2,0,2c.csv
2265,1,1,0,2d.csv
2265,0,0,0,2e.csv
2265,2,1,1,2f.csv
2265,0,0,0,2g.csv
2265,0,0,0,2h.csv
2265,0,0,0,2i.csv
2265,1,1,0,2j.csv
2265,0,0,0,2k.csv
2265,18,12,6,2l.csv
2265,7,6,1,3a.csv
2265,7,5,2,3b.csv
2265,13,10,3,3c.csv
2265,13,10,3,3d.csv
2265,2,2,0,3e.csv
2265,22,14,8,3f.csv
2265,12,6,6,3g.csv
2266,2,1,1,1a.csv
2266,1,1,0,1b.csv
2266,3,3,0,1c.csv
2266,1,1,0,1e.csv
2266,2,0,2,1f.csv
2266,0,0,0,1g.csv
2266,0,0,0,1h.csv
2266,0,0,0,1i.csv
2266,2,2,0,1j.csv
2266,0,0,0,1k.csv
2266,0,0,0,1l.csv
2266,1,1,0,1m.csv
2266,0,0,0,2a.csv
2266,1,1,0,2b.csv
2266,1,1,0,2c.csv
2266,1,1,0,2d.csv
2266,0,0,0,2e.csv
2266,1,0,1,2f.csv
2266,0,0,0,2g.csv
2266,0,0,0,2h.csv
2266,0,0,0,2i.csv
2266,1,1,0,2j.csv
2266,0,0,0,2k.csv
2266,21,14,7,2l.csv
2266,4,4,0,3a.csv
2266,8,5,3,3b.csv
2266,14,11,3,3c.csv
2266,14,11,3,3d.csv
2266,2,2,0,3e.csv
2266,24,14,10,3f.csv
2266,13,6,7,3g.csv
2267,4,1,3,1a.csv
2267,2,2,0,1b.csv
2267,3,3,0,1c.csv
2267,0,0,0,1e.csv
2267,3,1,2,1f.csv
2267,0,0,0,1g.csv
2267,0,0,0,1h.csv
2267,0,0,0,1i.csv
2267,2,2,0,1j.csv
2267,0,0,0,1k.csv
2267,0,0,0,1l.csv
2267,1,1,0,1m.csv
2267,0,0,0,2a.csv
2267,1,1,0,2b.csv
2267,1,1,0,2c.csv
2267,2,2,0,2d.csv
2267,0,0,0,2e.csv
2267,1,0,1,2f.csv
2267,0,0,0,2g.csv
2267,0,0,0,2h.csv
2267,0,0,0,2i.csv
2267,1,1,0,2j.csv
2267,0,0,0,2k.csv
2267,24,17,7,2l.csv
2267,5,5,0,3a.csv
2267,10,8,2,3b.csv
2267,14,11,3,3c.csv
2267,14,11,3,3d.csv
2267,2,2,0,3e.csv
2267,26,17,9,3f.csv
2267,9,4,5,3g.csv
2268,4,2,2,1a.csv
2268,2,2,0,1b.csv
2268,3,3,0,1c.csv
2268,0,0,0,1e.csv
2268,2,1,1,1f.csv
2268,0,0,0,1g.csv
2268,0,0,0,1h.csv
2268,0,0,0,1i.csv
2268,2,2,0,1j.csv
2268,0,0,0,1k.csv
2268,0,0,0,1l.csv
2268,1,1,0,1m.csv
2268,0,0,0,2a.csv
2268,1,1,0,2b.csv
2268,1,1,0,2c.csv
2268,2,2,0,2d.csv
2268,0,0,0,2e.csv
2268,2,1,1,2f.csv
2268,0,0,0,2g.csv
2268,0,0,0,2h.csv
2268,0,0,0,2i.csv
2268,1,1,0,2j.csv
2268,0,0,0,2k.csv
2268,23,17,6,2l.csv
2268,5,5,0,3a.csv
2268,9,7,2,3b.csv
2268,12,10,2,3c.csv
2268,12,10,2,3d.csv
2268,2,2,0,3e.csv
2268,26,17,9,3f.csv
2268,8,5,3,3g.csv
2269,3,1,2,1a.csv
2269,2,2,0,1b.csv
2269,3,3,0,1c.csv
2269,0,0,0,1e.csv
2269,2,1,1,1f.csv
2269,0,0,0,1g.csv
2269,0,0,0,1h.csv
2269,0,0,0,1i.csv
2269,1,1,0,1j.csv
2269,0,0,0,1k.csv
2269,0,0,0,1l.csv
2269,1,1,0,1m.csv
2269,0,0,0,2a.csv
2269,0,0,0,2b.csv
2269,1,1,0,2c.csv
2269,2,2,0,2d.csv
2269,0,0,0,2e.csv
2269,2,1,1,2f.csv
2269,0,0,0,2g.csv
2269,0,0,0,2h.csv
2269,0,0,0,2i.csv
2269,0,0,0,2j.csv
2269,0,0,0,2k.csv
2269,25,19,6,2l.csv
2269,7,6,1,3a.csv
2269,10,8,2,3b.csv
2269,10,9,1,3c.csv
2269,10,9,1,3d.csv
2269,2,2,0,3e.csv
2269,23,16,7,3f.csv
2269,7,4,3,3g.csv
2270,3,1,2,1a.csv
2270,2,2,0,1b.csv
2270,4,3,1,1c.csv
2270,0,0,0,1e.csv
2270,2,1,1,1f.csv
2270,0,0,0,1g.csv
2270,0,0,0,1h.csv
2270,0,0,0,1i.csv
2270,1,1,0,1j.csv
2270,0,0,0,1k.csv
2270,0,0,0,1l.csv
2270,1,1,0,1m.csv
2270,0,0,0,2a.csv
2270,0,0,0,2b.csv
2270,0,0,0,2c.csv
2270,2,2,0,2d.csv
2270,0,0,0,2e.csv
2270,2,1,1,2f.csv
2270,0,0,0,2g.csv
2270,0,0,0,2h.csv
2270,0,0,0,2i.csv
2270,0,0,0,2j.csv
2270,0,0,0,2k.csv
2270,29,22,7,2l.csv
2270,7,6,1,3a.csv
2270,9,7,2,3b.csv
2270,9,8,1,3c.csv
2270,9,8,1,3d.csv
2270,4,3,1,3e.csv
2270,23,18,5,3f.csv
2270,3,2,1,3g.csv
2271,3,1,2,1a.csv
2271,2,2,0,1b.csv
2271,4,3,1,1c.csv
2271,0,0,0,1e.csv
2271,2,1,1,1f.csv
2271,0,0,0,1g.csv
2271,0,0,0,1h.csv
2271,0,0,0,1i.csv
2271,1,1,0,1j.csv
2271,0,0,0,1k.csv
2271,0,0,0,1l.csv
2271,1,1,0,1m.csv
2271,0,0,0,2a.csv
2271,0,0,0,2b.csv
2271,0,0,0,2c.csv
2271,2,2,0,2d.csv
2271,0,0,0,2e.csv
2271,1,1,0,2f.csv
2271,0,0,0,2g.csv
2271,1,1,0,2h.csv
2271,0,0,0,2i.csv
2271,0,0,0,2j.csv
2271,0,0,0,2k.csv
2271,27,22,5,2l.csv
2271,6,5,1,3a.csv
2271,12,10,2,3b.csv
2271,9,8,1,3c.csv
2271,9,8,1,3d.csv
2271,4,3,1,3e.csv
2271,22,19,3,3f.csv
2271,3,2,1,3g.csv
2272,4,2,2,1a.csv
2272,2,2,0,1b.csv
2272,4,3,1,1c.csv
2272,0,0,0,1e.csv
2272,1,1,0,1f.csv
2272,0,0,0,1g.csv
2272,0,0,0,1h.csv
2272,0,0,0,1i.csv
2272,0,0,0,1j.csv
2272,0,0,0,1k.csv
2272,0,0,0,1l.csv
2272,1,1,0,1m.csv
2272,0,0,0,2a.csv
2272,0,0,0,2b.csv
2272,0,0,0,2c.csv
2272,1,1,0,2d.csv
2272,0,0,0,2e.csv
2272,1,1,0,2f.csv
2272,0,0,0,2g.csv
2272,1,1,0,2h.csv
2272,0,0,0,2i.csv
2272,0,0,0,2j.csv
2272,0,0,0,2k.csv
2272,27,22,5,2l.csv
2272,6,5,1,3a.csv
2272,12,10,2,3b.csv
2272,6,5,1,3c.csv
2272,6,5,1,3d.csv
2272,4,3,1,3e.csv
2272,21,18,3,3f.csv
2272,3,1,2,3g.csv
2273,6,3,3,1a.csv
2273,1,1,0,1b.csv
2273,4,3,1,1c.csv
2273,0,0,0,1e.csv
2273,1,1,0,1f.csv
2273,0,0,0,1g.csv
2273,0,0,0,1h.csv
2273,0,0,0,1i.csv
2273,0,0,0,1j.csv
2273,0,0,0,1k.csv
2273,0,0,0,1l.csv
2273,1,1,0,1m.csv
2273,0,0,0,2a.csv
2273,0,0,0,2b.csv
2273,0,0,0,2c.csv
2273,1,1,0,2d.csv
2273,0,0,0,2e.csv
2273,1,1,0,2f.csv
2273,0,0,0,2g.csv
2273,1,1,0,2h.csv
2273,0,0,0,2i.csv
2273,0,0,0,2j.csv
2273,0,0,0,2k.csv
2273,26,20,6,2l.csv
2273,8,7,1,3a.csv
2273,10,8,2,3b.csv
2273,2,2,0,3c.csv
2273,2,2,0,3d.csv
2273,3,2,1,3e.csv
2273,19,16,3,3f.csv
2273,5,3,2,3g.csv
2274,6,3,3,1a.csv
2274,1,1,0,1b.csv
2274,6,5,1,1c.csv
2274,0,0,0,1e.csv
2274,2,2,0,1f.csv
2274,0,0,0,1g.csv
2274,0,0,0,1h.csv
2274,0,0,0,1i.csv
2274,0,0,0,1j.csv
2274,0,0,0,1k.csv
2274,0,0,0,1l.csv
2274,0,0,0,1m.csv
2274,0,0,0,2a.csv
2274,0,0,0,2b.csv
2274,0,0,0,2c.csv
2274,1,1,0,2d.csv
2274,0,0,0,2e.csv
2274,1,1,0,2f.csv
2274,0,0,0,2g.csv
2274,1,1,0,2h.csv
2274,0,0,0,2i.csv
2274,0,0,0,2j.csv
2274,0,0,0,2k.csv
2274,24,18,6,2l.csv
2274,9,8,1,3a.csv
2274,9,8,1,3b.csv
2274,1,1,0,3c.csv
2274,1,1,0,3d.csv
2274,3,2,1,3e.csv
2274,16,15,1,3f.csv
2274,7,6,1,3g.csv
2275,4,3,1,1a.csv
2275,0,0,0,1b.csv
2275,8,7,1,1c.csv
2275,0,0,0,1e.csv
2275,1,1,0,1f.csv
2275,0,0,0,1g.csv
2275,0,0,0,1h.csv
2275,0,0,0,1i.csv
2275,0,0,0,1j.csv
2275,0,0,0,1k.csv
2275,0,0,0,1l.csv
2275,0,0,0,1m.csv
2275,0,0,0,2a.csv
2275,0,0,0,2b.csv
2275,0,0,0,2c.csv
2275,0,0,0,2d.csv
2275,0,0,0,2e.csv
2275,1,1,0,2f.csv
2275,0,0,0,2g.csv
2275,1,1,0,2h.csv
2275,0,0,0,2i.csv
2275,0,0,0,2j.csv
2275,0,0,0,2k.csv
2275,21,15,6,2l.csv
2275,8,7,1,3a.csv
2275,5,5,0,3b.csv
2275,1,1,0,3c.csv
2275,1,1,0,3d.csv
2275,3,2,1,3e.csv
2275,12,11,1,3f.csv
2275,7,6,1,3g.csv
2276,3,2,1,1a.csv
2276,0,0,0,1b.csv
2276,7,6,1,1c.csv
2276,0,0,0,1e.csv
2276,1,1,0,1f.csv
2276,0,0,0,1g.csv
2276,0,0,0,1h.csv
2276,0,0,0,1i.csv
2276,0,0,0,1j.csv
2276,0,0,0,1k.csv
2276,0,0,0,1l.csv
2276,0,0,0,1m.csv
2276,0,0,0,2a.csv
2276,0,0,0,2b.csv
2276,0,0,0,2c.csv
2276,0,0,0,2d.csv
2276,0,0,0,2e.csv
2276,0,0,0,2f.csv
2276,0,0,0,2g.csv
2276,1,1,0,2h.csv
2276,0,0,0,2i.csv
2276,0,0,0,2j.csv
2276,0,0,0,2k.csv
2276,20,14,6,2l.csv
2276,8,7,1,3a.csv
2276,4,4,0,3b.csv
2276,1,1,0,3c.csv
2276,1,1,0,3d.csv
2276,4,2,2,3e.csv
2276,12,11,1,3f.csv
2276,7,6,1,3g.csv
2277,3,2,1,1a.csv
2277,0,0,0,1b.csv
2277,8,7,1,1c.csv
2277,0,0,0,1e.csv
2277,1,1,0,1f.csv
2277,0,0,0,1g.csv
2277,0,0,0,1h.csv
2277,0,0,0,1i.csv
2277,0,0,0,1j.csv
2277,0,0,0,1k.csv
2277,0,0,0,1l.csv
2277,1,1,0,1m.csv
2277,0,0,0,2a.csv
2277,0,0,0,2b.csv
2277,0,0,0,2c.csv
2277,0,0,0,2d.csv
2277,0,0,0,2e.csv
2277,0,0,0,2f.csv
2277,0,0,0,2g.csv
2277,1,1,0,2h.csv
2277,0,0,0,2i.csv
2277,0,0,0,2j.csv
2277,0,0,0,2k.csv
2277,17,11,6,2l.csv
2277,6,6,0,3a.csv
2277,3,3,0,3b.csv
2277,1,1,0,3c.csv
2277,1,1,0,3d.csv
2277,4,2,2,3e.csv
2277,12,11,1,3f.csv
2277,7,6,1,3g.csv
2278,3,2,1,1a.csv
2278,0,0,0,1b.csv
2278,7,7,0,1c.csv
2278,0,0,0,1e.csv
2278,1,1,0,1f.csv
2278,0,0,0,1g.csv
2278,0,0,0,1h.csv
2278,0,0,0,1i.csv
2278,0,0,0,1j.csv
2278,0,0,0,1k.csv
2278,0,0,0,1l.csv
2278,1,1,0,1m.csv
2278,0,0,0,2a.csv
2278,0,0,0,2b.csv
2278,0,0,0,2c.csv
2278,0,0,0,2d.csv
2278,0,0,0,2e.csv
2278,0,0,0,2f.csv
2278,0,0,0,2g.csv
2278,1,1,0,2h.csv
2278,0,0,0,2i.csv
2278,0,0,0,2j.csv
2278,0,0,0,2k.csv
2278,12,8,4,2l.csv
2278,4,4,0,3a.csv
2278,3,3,0,3b.csv
2278,0,0,0,3c.csv
2278,0,0,0,3d.csv
2278,2,1,1,3e.csv
2278,8,8,0,3f.csv
2278,7,6,1,3g.csv
2279,3,2,1,1a.csv
2279,0,0,0,1b.csv
2279,6,6,0,1c.csv
2279,0,0,0,1e.csv
2279,1,1,0,1f.csv
2279,0,0,0,1g.csv
2279,1,1,0,1h.csv
2279,0,0,0,1i.csv
2279,0,0,0,1j.csv
2279,0,0,0,1k.csv
2279,0,0,0,1l.csv
2279,1,1,0,1m.csv
2279,1,1,0,2a.csv
2279,0,0,0,2b.csv
2279,0,0,0,2c.csv
2279,0,0,0,2d.csv
2279,0,0,0,2e.csv
2279,0,0,0,2f.csv
2279,0,0,0,2g.csv
2279,0,0,0,2h.csv
2279,0,0,0,2i.csv
2279,0,0,0,2j.csv
2279,0,0,0,2k.csv
2279,12,7,5,2l.csv
2279,4,4,0,3a.csv
2279,0,0,0,3b.csv
2279,2,1,1,3c.csv
2279,2,1,1,3d.csv
2279,3,1,2,3e.csv
2279,6,6,0,3f.csv
2279,7,6,1,3g.csv
2280,2,1,1,1a.csv
2280,0,0,0,1b.csv
2280,6,6,0,1c.csv
2280,0,0,0,1e.csv
2280,1,1,0,1f.csv
2280,0,0,0,1g.csv
2280,1,1,0,1h.csv
2280,0,0,0,1i.csv
2280,0,0,0,1j.csv
2280,0,0,0,1k.csv
2280,0,0,0,1l.csv
2280,1,1,0,1m.csv
2280,1,1,0,2a.csv
2280,0,0,0,2b.csv
2280,0,0,0,2c.csv
2280,0,0,0,2d.csv
2280,0,0,0,2e.csv
2280,0,0,0,2f.csv
2280,0,0,0,2g.csv
2280,0,0,0,2h.csv
2280,0,0,0,2i.csv
2280,0,0,0,2j.csv
2280,0,0,0,2k.csv
2280,12,8,4,2l.csv
2280,5,4,1,3a.csv
2280,0,0,0,3b.csv
2280,5,1,4,3c.csv
2280,5,1,4,3d.csv
2280,2,0,2,3e.csv
2280,6,5,1,3f.csv
2280,6,6,0,3g.csv
2281,0,0,0,1a.csv
2281,0,0,0,1b.csv
2281,6,6,0,1c.csv
2281,0,0,0,1e.csv
2281,1,1,0,1f.csv
2281,0,0,0,1g.csv
2281,1,1,0,1h.csv
2281,0,0,0,1i.csv
2281,0,0,0,1j.csv
2281,0,0,0,1k.csv
2281,0,0,0,1l.csv
2281,1,1,0,1m.csv
2281,1,1,0,2a.csv
2281,1,1,0,2b.csv
2281,0,0,0,2c.csv
2281,0,0,0,2d.csv
2281,0,0,0,2e.csv
2281,0,0,0,2f.csv
2281,0,0,0,2g.csv
2281,0,0,0,2h.csv
2281,0,0,0,2i.csv
2281,0,0,0,2j.csv
2281,0,0,0,2k.csv
2281,10,7,3,2l.csv
2281,3,2,1,3a.csv
2281,1,1,0,3b.csv
2281,5,1,4,3c.csv
2281,5,1,4,3d.csv
2281,2,0,2,3e.csv
2281,5,4,1,3f.csv
2281,5,5,0,3g.csv
2282,1,1,0,1a.csv
2282,0,0,0,1b.csv
2282,3,3,0,1c.csv
2282,0,0,0,1e.csv
2282,0,0,0,1f.csv
2282,0,0,0,1g.csv
2282,1,1,0,1h.csv
2282,0,0,0,1i.csv
2282,0,0,0,1j.csv
2282,0,0,0,1k.csv
2282,0,0,0,1l.csv
2282,1,1,0,1m.csv
2282,1,1,0,2a.csv
2282,1,1,0,2b.csv
2282,0,0,0,2c.csv
2282,0,0,0,2d.csv
2282,0,0,0,2e.csv
2282,0,0,0,2f.csv
2282,0,0,0,2g.csv
2282,0,0,0,2h.csv
2282,0,0,0,2i.csv
2282,0,0,0,2j.csv
2282,0,0,0,2k.csv
2282,10,6,4,2l.csv
2282,2,1,1,3a.csv
2282,1,1,0,3b.csv
2282,5,1,4,3c.csv
2282,5,1,4,3d.csv
2282,2,0,2,3e.csv
2282,6,5,1,3f.csv
2282,2,2,0,3g.csv
2283,3,3,0,1a.csv
2283,0,0,0,1b.csv
2283,1,1,0,1c.csv
2283,0,0,0,1e.csv
2283,0,0,0,1f.csv
2283,0,0,0,1g.csv
2283,1,1,0,1h.csv
2283,0,0,0,1i.csv
2283,0,0,0,1j.csv
2283,0,0,0,1k.csv
2283,0,0,0,1l.csv
2283,1,1,0,1m.csv
2283,1,1,0,2a.csv
2283,1,1,0,2b.csv
2283,0,0,0,2c.csv
2283,0,0,0,2d.csv
2283,0,0,0,2e.csv
2283,0,0,0,2f.csv
2283,0,0,0,2g.csv
2283,0,0,0,2h.csv
2283,0,0,0,2i.csv
2283,0,0,0,2j.csv
2283,0,0,0,2k.csv
2283,10,7,3,2l.csv
2283,3,2,1,3a.csv
2283,3,2,1,3b.csv
2283,5,1,4,3c.csv
2283,5,1,4,3d.csv
2283,3,0,3,3e.csv
2283,6,5,1,3f.csv
2283,2,2,0,3g.csv
2284,4,3,1,1a.csv
2284,0,0,0,1b.csv
2284,1,1,0,1c.csv
2284,0,0,0,1e.csv
2284,0,0,0,1f.csv
2284,0,0,0,1g.csv
2284,1,1,0,1h.csv
2284,0,0,0,1i.csv
2284,0,0,0,1j.csv
2284,0,0,0,1k.csv
2284,0,0,0,1l.csv
2284,1,1,0,1m.csv
2284,1,1,0,2a.csv
2284,1,1,0,2b.csv
2284,0,0,0,2c.csv
2284,0,0,0,2d.csv
2284,0,0,0,2e.csv
2284,0,0,0,2f.csv
2284,0,0,0,2g.csv
2284,0,0,0,2h.csv
2284,0,0,0,2i.csv
2284,0,0,0,2j.csv
2284,0,0,0,2k.csv
2284,10,7,3,2l.csv
2284,2,1,1,3a.csv
2284,3,2,1,3b.csv
2284,6,1,5,3c.csv
2284,6,1,5,3d.csv
2284,2,0,2,3e.csv
2284,5,4,1,3f.csv
2284,2,2,0,3g.csv
2285,4,3,1,1a.csv
2285,1,1,0,1b.csv
2285,0,0,0,1c.csv
2285,0,0,0,1e.csv
2285,0,0,0,1f.csv
2285,0,0,0,1g.csv
2285,1,1,0,1h.csv
2285,0,0,0,1i.csv
2285,0,0,0,1j.csv
2285,0,0,0,1k.csv
2285,0,0,0,1l.csv
2285,0,0,0,1m.csv
2285,1,1,0,2a.csv
2285,2,1,1,2b.csv
2285,0,0,0,2c.csv
2285,0,0,0,2d.csv
2285,0,0,0,2e.csv
2285,0,0,0,2f.csv
2285,0,0,0,2g.csv
2285,0,0,0,2h.csv
2285,0,0,0,2i.csv
2285,0,0,0,2j.csv
2285,0,0,0,2k.csv
2285,9,6,3,2l.csv
2285,2,1,1,3a.csv
2285,3,2,1,3b.csv
2285,7,2,5,3c.csv
2285,7,2,5,3d.csv
2285,2,0,2,3e.csv
2285,5,4,1,3f.csv
2285,2,2,0,3g.csv
2286,5,4,1,1a.csv
2286,1,1,0,1b.csv
2286,0,0,0,1c.csv
2286,0,0,0,1e.csv
2286,0,0,0,1f.csv
2286,0,0,0,1g.csv
2286,1,1,0,1h.csv
2286,0,0,0,1i.csv
2286,0,0,0,1j.csv
2286,0,0,0,1k.csv
2286,0,0,0,1l.csv
2286,0,0,0,1m.csv
2286,1,1,0,2a.csv
2286,2,1,1,2b.csv
2286,0,0,0,2c.csv
2286,0,0,0,2d.csv
2286,0,0,0,2e.csv
2286,0,0,0,2f.csv
2286,0,0,0,2g.csv
2286,0,0,0,2h.csv
2286,0,0,0,2i.csv
2286,0,0,0,2j.csv
2286,0,0,0,2k.csv
2286,8,5,3,2l.csv
2286,2,1,1,3a.csv
2286,3,2,1,3b.csv
2286,7,2,5,3c.csv
2286,7,2,5,3d.csv
2286,3,1,2,3e.csv
2286,5,4,1,3f.csv
2286,3,3,0,3g.csv
2287,5,4,1,1a.csv
2287,2,1,1,1b.csv
2287,0,0,0,1c.csv
2287,0,0,0,1e.csv
2287,0,0,0,1f.csv
2287,0,0,0,1g.csv
2287,0,0,0,1h.csv
2287,0,0,0,1i.csv
2287,0,0,0,1j.csv
2287,0,0,0,1k.csv
2287,0,0,0,1l.csv
2287,0,0,0,1m.csv
2287,0,0,0,2a.csv
2287,2,1,1,2b.csv
2287,0,0,0,2c.csv
2287,0,0,0,2d.csv
2287,0,0,0,2e.csv
2287,0,0,0,2f.csv
2287,0,0,0,2g.csv
2287,0,0,0,2h.csv
2287,0,0,0,2i.csv
2287,0,0,0,2j.csv
2287,0,0,0,2k.csv
2287,6,4,2,2l.csv
2287,4,2,2,3a.csv
2287,4,2,2,3b.csv
2287,6,2,4,3c.csv
2287,6,2,4,3d.csv
2287,3,1,2,3e.csv
2287,5,4,1,3f.csv
2287,3,3,0,3g.csv
2288,5,4,1,1a.csv
2288,2,1,1,1b.csv
2288,0,0,0,1c.csv
2288,0,0,0,1e.csv
2288,0,0,0,1f.csv
2288,0,0,0,1g.csv
2288,0,0,0,1h.csv
2288,0,0,0,1i.csv
2288,0,0,0,1j.csv
2288,0,0,0,1k.csv
2288,0,0,0,1l.csv
2288,0,0,0,1m.csv
2288,0,0,0,2a.csv
2288,2,1,1,2b.csv
2288,0,0,0,2c.csv
2288,0,0,0,2d.csv
2288,0,0,0,2e.csv
2288,0,0,0,2f.csv
2288,0,0,0,2g.csv
2288,0,0,0,2h.csv
2288,0,0,0,2i.csv
2288,0,0,0,2j.csv
2288,0,0,0,2k.csv
2288,5,3,2,2l.csv
2288,4,3,1,3a.csv
2288,4,2,2,3b.csv
2288,3,2,1,3c.csv
2288,3,2,1,3d.csv
2288,3,1,2,3e.csv
2288,5,5,0,3f.csv
2288,3,3,0,3g.csv
2289,6,5,1,1a.csv
2289,2,1,1,1b.csv
2289,0,0,0,1c.csv
2289,0,0,0,1e.csv
2289,0,0,0,1f.csv
2289,0,0,0,1g.csv
2289,0,0,0,1h.csv
2289,0,0,0,1i.csv
2289,0,0,0,1j.csv
2289,0,0,0,1k.csv
2289,0,0,0,1l.csv
2289,0,0,0,1m.csv
2289,0,0,0,2a.csv
2289,1,0,1,2b.csv
2289,0,0,0,2c.csv
2289,0,0,0,2d.csv
2289,0,0,0,2e.csv
2289,0,0,0,2f.csv
2289,0,0,0,2g.csv
2289,0,0,0,2h.csv
2289,0,0,0,2i.csv
2289,0,0,0,2j.csv
2289,0,0,0,2k.csv
2289,4,2,2,2l.csv
2289,4,3,1,3a.csv
2289,3,1,2,3b.csv
2289,5,4,1,3c.csv
2289,5,4,1,3d.csv
2289,3,1,2,3e.csv
2289,6,5,1,3f.csv
2289,2,2,0,3g.csv
2290,5,4,1,1a.csv
2290,4,2,2,1b.csv
2290,0,0,0,1c.csv
2290,0,0,0,1e.csv
2290,0,0,0,1f.csv
2290,0,0,0,1g.csv
2290,0,0,0,1h.csv
2290,0,0,0,1i.csv
2290,0,0,0,1j.csv
2290,0,0,0,1k.csv
2290,0,0,0,1l.csv
2290,0,0,0,1m.csv
2290,0,0,0,2a.csv
2290,2,1,1,2b.csv
2290,0,0,0,2c.csv
2290,1,0,1,2d.csv
2290,0,0,0,2e.csv
2290,0,0,0,2f.csv
2290,0,0,0,2g.csv
2290,0,0,0,2h.csv
2290,0,0,0,2i.csv
2290,0,0,0,2j.csv
2290,0,0,0,2k.csv
2290,3,3,0,2l.csv
2290,4,3,1,3a.csv
2290,4,2,2,3b.csv
2290,5,4,1,3c.csv
2290,5,4,1,3d.csv
2290,3,1,2,3e.csv
2290,7,6,1,3f.csv
2290,2,2,0,3g.csv
2291,4,3,1,1a.csv
2291,7,4,3,1b.csv
2291,0,0,0,1c.csv
2291,0,0,0,1e.csv
2291,0,0,0,1f.csv
2291,0,0,0,1g.csv
2291,0,0,0,1h.csv
2291,0,0,0,1i.csv
2291,0,0,0,1j.csv
2291,0,0,0,1k.csv
2291,0,0,0,1l.csv
2291,0,0,0,1m.csv
2291,0,0,0,2a.csv
2291,2,1,1,2b.csv
2291,0,0,0,2c.csv
2291,1,0,1,2d.csv
2291,0,0,0,2e.csv
2291,0,0,0,2f.csv
2291,1,1,0,2g.csv
2291,0,0,0,2h.csv
2291,0,0,0,2i.csv
2291,0,0,0,2j.csv
2291,0,0,0,2k.csv
2291,3,2,1,2l.csv
2291,4,3,1,3a.csv
2291,2,1,1,3b.csv
2291,6,5,1,3c.csv
2291,6,5,1,3d.csv
2291,2,1,1,3e.csv
2291,8,7,1,3f.csv
2291,2,2,0,3g.csv
2292,4,4,0,1a.csv
2292,8,4,4,1b.csv
2292,0,0,0,1c.csv
2292,0,0,0,1e.csv
2292,0,0,0,1f.csv
2292,0,0,0,1g.csv
2292,0,0,0,1h.csv
2292,0,0,0,1i.csv
2292,0,0,0,1j.csv
2292,0,0,0,1k.csv
2292,0,0,0,1l.csv
2292,0,0,0,1m.csv
2292,1,1,0,2a.csv
2292,2,1,1,2b.csv
2292,0,0,0,2c.csv
2292,1,0,1,2d.csv
2292,0,0,0,2e.csv
2292,0,0,0,2f.csv
2292,1,1,0,2g.csv
2292,0,0,0,2h.csv
2292,0,0,0,2i.csv
2292,0,0,0,2j.csv
2292,0,0,0,2k.csv
2292,4,3,1,2l.csv
2292,4,3,1,3a.csv
2292,3,2,1,3b.csv
2292,6,5,1,3c.csv
2292,6,5,1,3d.csv
2292,3,2,1,3e.csv
2292,8,7,1,3f.csv
2292,2,2,0,3g.csv
2293,4,4,0,1a.csv
2293,7,3,4,1b.csv
2293,0,0,0,1c.csv
2293,0,0,0,1e.csv
2293,0,0,0,1f.csv
2293,0,0,0,1g.csv
2293,0,0,0,1h.csv
2293,0,0,0,1i.csv
2293,0,0,0,1j.csv
2293,0,0,0,1k.csv
2293,0,0,0,1l.csv
2293,0,0,0,1m.csv
2293,2,1,1,2a.csv
2293,1,1,0,2b.csv
2293,0,0,0,2c.csv
2293,1,0,1,2d.csv
2293,0,0,0,2e.csv
2293,0,0,0,2f.csv
2293,1,1,0,2g.csv
2293,0,0,0,2h.csv
2293,0,0,0,2i.csv
2293,0,0,0,2j.csv
2293,0,0,0,2k.csv
2293,4,3,1,2l.csv
2293,5,4,1,3a.csv
2293,3,2,1,3b.csv
2293,6,4,2,3c.csv
2293,6,4,2,3d.csv
2293,3,2,1,3e.csv
2293,9,8,1,3f.csv
2293,2,2,0,3g.csv
2294,3,3,0,1a.csv
2294,8,3,5,1b.csv
2294,0,0,0,1c.csv
2294,0,0,0,1e.csv
2294,0,0,0,1f.csv
2294,0,0,0,1g.csv
2294,0,0,0,1h.csv
2294,0,0,0,1i.csv
2294,0,0,0,1j.csv
2294,0,0,0,1k.csv
2294,0,0,0,1l.csv
2294,0,0,0,1m.csv
2294,2,1,1,2a.csv
2294,1,1,0,2b.csv
2294,0,0,0,2c.csv
2294,1,0,1,2d.csv
2294,0,0,0,2e.csv
2294,0,0,0,2f.csv
2294,1,1,0,2g.csv
2294,0,0,0,2h.csv
2294,0,0,0,2i.csv
2294,0,0,0,2j.csv
2294,0,0,0,2k.csv
2294,4,3,1,2l.csv
2294,5,4,1,3a.csv
2294,3,2,1,3b.csv
2294,6,4,2,3c.csv
2294,6,4,2,3d.csv
2294,3,2,1,3e.csv
2294,8,7,1,3f.csv
2294,1,1,0,3g.csv
2295,6,6,0,1a.csv
2295,8,3,5,1b.csv
2295,0,0,0,1c.csv
2295,0,0,0,1e.csv
2295,0,0,0,1f.csv
2295,0,0,0,1g.csv
2295,0,0,0,1h.csv
2295,0,0,0,1i.csv
2295,0,0,0,1j.csv
2295,0,0,0,1k.csv
2295,1,1,0,1l.csv
2295,0,0,0,1m.csv
2295,2,1,1,2a.csv
2295,1,1,0,2b.csv
2295,0,0,0,2c.csv
2295,1,0,1,2d.csv
2295,0,0,0,2e.csv
2295,0,0,0,2f.csv
2295,1,1,0,2g.csv
2295,0,0,0,2h.csv
2295,0,0,0,2i.csv
2295,0,0,0,2j.csv
2295,0,0,0,2k.csv
2295,4,3,1,2l.csv
2295,4,4,0,3a.csv
2295,2,2,0,3b.csv
2295,6,4,2,3c.csv
2295,6,4,2,3d.csv
2295,3,3,0,3e.csv
2295,8,7,1,3f.csv
2295,2,2,0,3g.csv
2296,7,7,0,1a.csv
2296,9,4,5,1b.csv
2296,0,0,0,1c.csv
2296,0,0,0,1e.csv
2296,0,0,0,1f.csv
2296,0,0,0,1g.csv
2296,0,0,0,1h.csv
2296,0,0,0,1i.csv
2296,0,0,0,1j.csv
2296,0,0,0,1k.csv
2296,1,1,0,1l.csv
2296,0,0,0,1m.csv
2296,3,1,2,2a.csv
2296,1,1,0,2b.csv
2296,0,0,0,2c.csv
2296,1,0,1,2d.csv
2296,0,0,0,2e.csv
2296,0,0,0,2f.csv
2296,1,1,0,2g.csv
2296,0,0,0,2h.csv
2296,0,0,0,2i.csv
2296,0,0,0,2j.csv
2296,0,0,0,2k.csv
2296,4,2,2,2l.csv
2296,5,4,1,3a.csv
2296,2,2,0,3b.csv
2296,7,5,2,3c.csv
2296,7,5,2,3d.csv
2296,3,3,0,3e.csv
2296,7,6,1,3f.csv
2296,2,2,0,3g.csv
2297,6,6,0,1a.csv
2297,11,6,5,1b.csv
2297,0,0,0,1c.csv
2297,0,0,0,1e.csv
2297,0,0,0,1f.csv
2297,0,0,0,1g.csv
2297,0,0,0,1h.csv
2297,0,0,0,1i.csv
2297,0,0,0,1j.csv
2297,0,0,0,1k.csv
2297,1,1,0,1l.csv
2297,0,0,0,1m.csv
2297,4,2,2,2a.csv
2297,1,1,0,2b.csv
2297,0,0,0,2c.csv
2297,1,0,1,2d.csv
2297,0,0,0,2e.csv
2297,0,0,0,2f.csv
2297,1,1,0,2g.csv
2297,0,0,0,2h.csv
2297,0,0,0,2i.csv
2297,0,0,0,2j.csv
2297,0,0,0,2k.csv
2297,5,3,2,2l.csv
2297,5,4,1,3a.csv
2297,2,2,0,3b.csv
2297,5,3,2,3c.csv
2297,5,3,2,3d.csv
2297,4,3,1,3e.csv
2297,6,6,0,3f.csv
2297,2,2,0,3g.csv
2298,10,9,1,1a.csv
2298,10,6,4,1b.csv
2298,0,0,0,1c.csv
2298,0,0,0,1e.csv
2298,0,0,0,1f.csv
2298,1,0,1,1g.csv
2298,0,0,0,1h.csv
2298,0,0,0,1i.csv
2298,0,0,0,1j.csv
2298,0,0,0,1k.csv
2298,1,1,0,1l.csv
2298,0,0,0,1m.csv
2298,4,2,2,2a.csv
2298,0,0,0,2b.csv
2298,0,0,0,2c.csv
2298,0,0,0,2d.csv
2298,0,0,0,2e.csv
2298,0,0,0,2f.csv
2298,1,1,0,2g.csv
2298,0,0,0,2h.csv
2298,0,0,0,2i.csv
2298,0,0,0,2j.csv
2298,0,0,0,2k.csv
2298,4,2,2,2l.csv
2298,6,5,1,3a.csv
2298,1,1,0,3b.csv
2298,5,3,2,3c.csv
2298,5,3,2,3d.csv
2298,4,3,1,3e.csv
2298,5,5,0,3f.csv
2298,3,3,0,3g.csv
2299,10,8,2,1a.csv
2299,8,4,4,1b.csv
2299,0,0,0,1c.csv
2299,0,0,0,1e.csv
2299,0,0,0,1f.csv
2299,1,0,1,1g.csv
2299,0,0,0,1h.csv
2299,0,0,0,1i.csv
2299,0,0,0,1j.csv
2299,0,0,0,1k.csv
2299,2,2,0,1l.csv
2299,0,0,0,1m.csv
2299,4,2,2,2a.csv
2299,1,1,0,2b.csv
2299,0,0,0,2c.csv
2299,1,1,0,2d.csv
2299,0,0,0,2e.csv
2299,0,0,0,2f.csv
2299,0,0,0,2g.csv
2299,0,0,0,2h.csv
2299,0,0,0,2i.csv
2299,0,0,0,2j.csv
2299,0,0,0,2k.csv
2299,3,2,1,2l.csv
2299,5,4,1,3a.csv
2299,1,1,0,3b.csv
2299,7,4,3,3c.csv
2299,7,4,3,3d.csv
2299,4,3,1,3e.csv
2299,4,4,0,3f.csv
2299,3,3,0,3g.csv
2300,9,7,2,1a.csv
2300,8,5,3,1b.csv
2300,0,0,0,1c.csv
2300,0,0,0,1e.csv
2300,0,0,0,1f.csv
2300,1,0,1,1g.csv
2300,0,0,0,1h.csv
2300,0,0,0,1i.csv
2300,0,0,0,1j.csv
2300,0,0,0,1k.csv
2300,2,2,0,1l.csv
2300,0,0,0,1m.csv
2300,3,1,2,2a.csv
2300,1,1,0,2b.csv
2300,0,0,0,2c.csv
2300,1,1,0,2d.csv
2300,1,1,0,2e.csv
2300,0,0,0,2f.csv
2300,1,1,0,2g.csv
2300,0,0,0,2h.csv
2300,0,0,0,2i.csv
2300,0,0,0,2j.csv
2300,0,0,0,2k.csv
2300,5,3,2,2l.csv
2300,5,4,1,3a.csv
2300,0,0,0,3b.csv
2300,6,4,2,3c.csv
2300,6,4,2,3d.csv
2300,3,2,1,3e.csv
2300,4,4,0,3f.csv
2300,2,2,0,3g.csv
2301,9,7,2,1a.csv
2301,9,6,3,1b.csv
2301,0,0,0,1c.csv
2301,0,0,0,1e.csv
2301,0,0,0,1f.csv
2301,1,0,1,1g.csv
2301,0,0,0,1h.csv
2301,0,0,0,1i.csv
2301,0,0,0,1j.csv
2301,0,0,0,1k.csv
2301,2,2,0,1l.csv
2301,0,0,0,1m.csv
2301,3,1,2,2a.csv
2301,1,1,0,2b.csv
2301,0,0,0,2c.csv
2301,1,1,0,2d.csv
2301,1,1,0,2e.csv
2301,0,0,0,2f.csv
2301,1,1,0,2g.csv
2301,0,0,0,2h.csv
2301,0,0,0,2i.csv
2301,0,0,0,2j.csv
2301,0,0,0,2k.csv
2301,6,4,2,2l.csv
2301,5,3,2,3a.csv
2301,2,2,0,3b.csv
2301,5,4,1,3c.csv
2301,5,4,1,3d.csv
2301,3,2,1,3e.csv
2301,3,3,0,3f.csv
2301,3,3,0,3g.csv
2302,11,9,2,1a.csv
2302,8,6,2,1b.csv
2302,0,0,0,1c.csv
2302,0,0,0,1e.csv
2302,0,0,0,1f.csv
2302,1,0,1,1g.csv
2302,0,0,0,1h.csv
2302,0,0,0,1i.csv
2302,0,0,0,1j.csv
2302,0,0,0,1k.csv
2302,2,2,0,1l.csv
2302,0,0,0,1m.csv
2302,4,2,2,2a.csv
2302,1,1,0,2b.csv
2302,0,0,0,2c.csv
2302,1,1,0,2d.csv
2302,1,1,0,2e.csv
2302,1,1,0,2f.csv
2302,1,1,0,2g.csv
2302,0,0,0,2h.csv
2302,0,0,0,2i.csv
2302,0,0,0,2j.csv
2302,0,0,0,2k.csv
2302,8,5,3,2l.csv
2302,6,3,3,3a.csv
2302,3,2,1,3b.csv
2302,6,5,1,3c.csv
2302,6,5,1,3d.csv
2302,2,1,1,3e.csv
2302,3,3,0,3f.csv
2302,3,3,0,3g.csv
2303,9,7,2,1a.csv
2303,9,8,1,1b.csv
2303,0,0,0,1c.csv
2303,0,0,0,1e.csv
2303,0,0,0,1f.csv
2303,1,0,1,1g.csv
2303,0,0,0,1h.csv
2303,0,0,0,1i.csv
2303,0,0,0,1j.csv
2303,0,0,0,1k.csv
2303,1,1,0,1l.csv
2303,0,0,0,1m.csv
2303,5,3,2,2a.csv
2303,1,1,0,2b.csv
2303,0,0,0,2c.csv
2303,1,1,0,2d.csv
2303,1,1,0,2e.csv
2303,1,1,0,2f.csv
2303,1,1,0,2g.csv
2303,0,0,0,2h.csv
2303,0,0,0,2i.csv
2303,0,0,0,2j.csv
2303,0,0,0,2k.csv
2303,8,5,3,2l.csv
2303,9,4,5,3a.csv
2303,6,3,3,3b.csv
2303,6,5,1,3c.csv
2303,6,5,1,3d.csv
2303,1,0,1,3e.csv
2303,3,3,0,3f.csv
2303,2,2,0,3g.csv
2304,8,6,2,1a.csv
2304,8,7,1,1b.csv
2304,0,0,0,1c.csv
2304,0,0,0,1e.csv
2304,0,0,0,1f.csv
2304,1,0,1,1g.csv
2304,0,0,0,1h.csv
2304,0,0,0,1i.csv
2304,0,0,0,1j.csv
2304,0,0,0,1k.csv
2304,1,1,0,1l.csv
2304,0,0,0,1m.csv
2304,6,4,2,2a.csv
2304,1,1,0,2b.csv
2304,0,0,0,2c.csv
2304,1,1,0,2d.csv
2304,1,1,0,2e.csv
2304,1,1,0,2f.csv
2304,1,1,0,2g.csv
2304,0,0,0,2h.csv
2304,0,0,0,2i.csv
2304,0,0,0,2j.csv
2304,0,0,0,2k.csv
2304,9,7,2,2l.csv
2304,9,4,5,3a.csv
2304,6,3,3,3b.csv
2304,5,4,1,3c.csv
2304,5,4,1,3d.csv
2304,1,0,1,3e.csv
2304,3,3,0,3f.csv
2304,2,2,0,3g.csv
2305,8,6,2,1a.csv
2305,6,5,1,1b.csv
2305,0,0,0,1c.csv
2305,0,0,0,1e.csv
2305,0,0,0,1f.csv
2305,1,0,1,1g.csv
2305,0,0,0,1h.csv
2305,0,0,0,1i.csv
2305,0,0,0,1j.csv
2305,0,0,0,1k.csv
2305,2,2,0,1l.csv
2305,0,0,0,1m.csv
2305,5,3,2,2a.csv
2305,1,1,0,2b.csv
2305,0,0,0,2c.csv
2305,1,1,0,2d.csv
2305,1,1,0,2e.csv
2305,1,1,0,2f.csv
2305,1,1,0,2g.csv
2305,0,0,0,2h.csv
2305,0,0,0,2i.csv
2305,0,0,0,2j.csv
2305,0,0,0,2k.csv
2305,8,6,2,2l.csv
2305,10,5,5,3a.csv
2305,7,4,3,3b.csv
2305,6,4,2,3c.csv
2305,6,4,2,3d.csv
2305,0,0,0,3e.csv
2305,3,3,0,3f.csv
2305,4,4,0,3g.csv
2306,4,3,1,1a.csv
2306,5,4,1,1b.csv
2306,0,0,0,1c.csv
2306,0,0,0,1e.csv
2306,0,0,0,1f.csv
2306,0,0,0,1g.csv
2306,0,0,0,1h.csv
2306,0,0,0,1i.csv
2306,2,2,0,1j.csv
2306,0,0,0,1k.csv
2306,2,2,0,1l.csv
2306,0,0,0,1m.csv
2306,5,3,2,2a.csv
2306,1,1,0,2b.csv
2306,0,0,0,2c.csv
2306,1,1,0,2d.csv
2306,1,1,0,2e.csv
2306,1,1,0,2f.csv
2306,1,1,0,2g.csv
2306,0,0,0,2h.csv
2306,0,0,0,2i.csv
2306,0,0,0,2j.csv
2306,0,0,0,2k.csv
2306,9,6,3,2l.csv
2306,9,4,5,3a.csv
2306,9,6,3,3b.csv
2306,7,5,2,3c.csv
2306,7,5,2,3d.csv
2306,0,0,0,3e.csv
2306,3,3,0,3f.csv
2306,3,3,0,3g.csv
2307,3,3,0,1a.csv
2307,4,4,0,1b.csv
2307,0,0,0,1c.csv
2307,0,0,0,1e.csv
2307,0,0,0,1f.csv
2307,0,0,0,1g.csv
2307,0,0,0,1h.csv
2307,0,0,0,1i.csv
2307,2,2,0,1j.csv
2307,0,0,0,1k.csv
2307,3,3,0,1l.csv
2307,0,0,0,1m.csv
2307,6,4,2,2a.csv
2307,0,0,0,2b.csv
2307,0,0,0,2c.csv
2307,0,0,0,2d.csv
2307,1,1,0,2e.csv
2307,1,1,0,2f.csv
2307,1,1,0,2g.csv
2307,0,0,0,2h.csv
2307,0,0,0,2i.csv
2307,0,0,0,2j.csv
2307,0,0,0,2k.csv
2307,10,7,3,2l.csv
2307,10,4,6,3a.csv
2307,9,6,3,3b.csv
2307,7,5,2,3c.csv
2307,7,5,2,3d.csv
2307,0,0,0,3e.csv
2307,3,3,0,3f.csv
2307,3,3,0,3g.csv
2308,3,3,0,1a.csv
2308,3,3,0,1b.csv
2308,1,1,0,1c.csv
2308,0,0,0,1e.csv
2308,0,0,0,1f.csv
2308,0,0,0,1g.csv
2308,0,0,0,1h.csv
2308,0,0,0,1i.csv
2308,2,2,0,1j.csv
2308,0,0,0,1k.csv
2308,3,3,0,1l.csv
2308,0,0,0,1m.csv
2308,6,4,2,2a.csv
2308,0,0,0,2b.csv
2308,0,0,0,2c.csv
2308,0,0,0,2d.csv
2308,0,0,0,2e.csv
2308,1,1,0,2f.csv
2308,0,0,0,2g.csv
2308,0,0,0,2h.csv
2308,0,0,0,2i.csv
2308,0,0,0,2j.csv
2308,0,0,0,2k.csv
2308,7,5,2,2l.csv
2308,11,5,6,3a.csv
2308,12,8,4,3b.csv
2308,9,7,2,3c.csv
2308,9,7,2,3d.csv
2308,0,0,0,3e.csv
2308,3,3,0,3f.csv
2308,3,3,0,3g.csv
2309,4,4,0,1a.csv
2309,2,2,0,1b.csv
2309,1,1,0,1c.csv
2309,0,0,0,1e.csv
2309,0,0,0,1f.csv
2309,0,0,0,1g.csv
2309,0,0,0,1h.csv
2309,0,0,0,1i.csv
2309,3,3,0,1j.csv
2309,0,0,0,1k.csv
2309,3,3,0,1l.csv
2309,0,0,0,1m.csv
2309,5,4,1,2a.csv
2309,0,0,0,2b.csv
2309,0,0,0,2c.csv
2309,0,0,0,2d.csv
2309,0,0,0,2e.csv
2309,1,1,0,2f.csv
2309,0,0,0,2g.csv
2309,0,0,0,2h.csv
2309,0,0,0,2i.csv
2309,0,0,0,2j.csv
2309,0,0,0,2k.csv
2309,9,7,2,2l.csv
2309,10,5,5,3a.csv
2309,11,7,4,3b.csv
2309,11,9,2,3c.csv
2309,11,9,2,3d.csv
2309,0,0,0,3e.csv
2309,3,2,1,3f.csv
2309,2,2,0,3g.csv
2310,4,3,1,1a.csv
2310,2,2,0,1b.csv
2310,1,1,0,1c.csv
2310,0,0,0,1e.csv
2310,0,0,0,1f.csv
2310,0,0,0,1g.csv
2310,0,0,0,1h.csv
2310,0,0,0,1i.csv
2310,3,3,0,1j.csv
2310,0,0,0,1k.csv
2310,3,3,0,1l.csv
2310,0,0,0,1m.csv
2310,4,3,1,2a.csv
2310,0,0,0,2b.csv
2310,0,0,0,2c.csv
2310,0,0,0,2d.csv
2310,0,0,0,2e.csv
2310,1,1,0,2f.csv
2310,0,0,0,2g.csv
2310,0,0,0,2h.csv
2310,0,0,0,2i.csv
2310,0,0,0,2j.csv
2310,0,0,0,2k.csv
2310,10,9,1,2l.csv
2310,10,6,4,3a.csv
2310,10,7,3,3b.csv
2310,12,9,3,3c.csv
2310,12,9,3,3d.csv
2310,0,0,0,3e.csv
2310,4,3,1,3f.csv
2310,4,4,0,3g.csv
2311,4,2,2,1a.csv
2311,0,0,0,1b.csv
2311,1,1,0,1c.csv
2311,0,0,0,1e.csv
2311,1,1,0,1f.csv
2311,0,0,0,1g.csv
2311,1,0,1,1h.csv
2311,0,0,0,1i.csv
2311,5,5,0,1j.csv
2311,0,0,0,1k.csv
2311,3,3,0,1l.csv
2311,2,2,0,1m.csv
2311,3,2,1,2a.csv
2311,0,0,0,2b.csv
2311,0,0,0,2c.csv
2311,0,0,0,2d.csv
2311,0,0,0,2e.csv
2311,1,1,0,2f.csv
2311,0,0,0,2g.csv
2311,0,0,0,2h.csv
2311,0,0,0,2i.csv
2311,0,0,0,2j.csv
2311,0,0,0,2k.csv
2311,12,10,2,2l.csv
2311,7,5,2,3a.csv
2311,7,6,1,3b.csv
2311,12,9,3,3c.csv
2311,12,9,3,3d.csv
2311,0,0,0,3e.csv
2311,4,3,1,3f.csv
2311,4,4,0,3g.csv
2312,5,3,2,1a.csv
2312,0,0,0,1b.csv
2312,1,1,0,1c.csv
2312,0,0,0,1e.csv
2312,1,1,0,1f.csv
2312,0,0,0,1g.csv
2312,1,0,1,1h.csv
2312,0,0,0,1i.csv
2312,7,7,0,1j.csv
2312,0,0,0,1k.csv
2312,4,4,0,1l.csv
2312,2,2,0,1m.csv
2312,1,1,0,2a.csv
2312,1,1,0,2b.csv
2312,0,0,0,2c.csv
2312,0,0,0,2d.csv
2312,0,0,0,2e.csv
2312,1,1,0,2f.csv
2312,0,0,0,2g.csv
2312,0,0,0,2h.csv
2312,0,0,0,2i.csv
2312,0,0,0,2j.csv
2312,0,0,0,2k.csv
2312,10,8,2,2l.csv
2312,6,4,2,3a.csv
2312,8,7,1,3b.csv
2312,12,9,3,3c.csv
2312,12,9,3,3d.csv
2312,0,0,0,3e.csv
2312,5,4,1,3f.csv
2312,4,4,0,3g.csv
2313,5,3,2,1a.csv
2313,0,0,0,1b.csv
2313,2,2,0,1c.csv
2313,0,0,0,1e.csv
2313,1,1,0,1f.csv
2313,0,0,0,1g.csv
2313,1,0,1,1h.csv
2313,0,0,0,1i.csv
2313,7,7,0,1j.csv
2313,0,0,0,1k.csv
2313,3,3,0,1l.csv
2313,2,2,0,1m.csv
2313,1,1,0,2a.csv
2313,1,1,0,2b.csv
2313,0,0,0,2c.csv
2313,0,0,0,2d.csv
2313,0,0,0,2e.csv
2313,1,1,0,2f.csv
2313,0,0,0,2g.csv
2313,0,0,0,2h.csv
2313,0,0,0,2i.csv
2313,0,0,0,2j.csv
2313,0,0,0,2k.csv
2313,13,11,2,2l.csv
2313,5,3,2,3a.csv
2313,8,7,1,3b.csv
2313,13,11,2,3c.csv
2313,13,11,2,3d.csv
2313,0,0,0,3e.csv
2313,7,6,1,3f.csv
2313,2,2,0,3g.csv
2314,6,3,3,1a.csv
2314,1,1,0,1b.csv
2314,2,2,0,1c.csv
2314,0,0,0,1e.csv
2314,1,1,0,1f.csv
2314,0,0,0,1g.csv
2314,1,0,1,1h.csv
2314,0,0,0,1i.csv
2314,5,5,0,1j.csv
2314,0,0,0,1k.csv
2314,3,3,0,1l.csv
2314,2,2,0,1m.csv
2314,2,2,0,2a.csv
2314,1,1,0,2b.csv
2314,0,0,0,2c.csv
2314,0,0,0,2d.csv
2314,0,0,0,2e.csv
2314,1,1,0,2f.csv
2314,0,0,0,2g.csv
2314,0,0,0,2h.csv
2314,0,0,0,2i.csv
2314,0,0,0,2j.csv
2314,0,0,0,2k.csv
2314,13,12,1,2l.csv
2314,7,5,2,3a.csv
2314,8,7,1,3b.csv
2314,13,11,2,3c.csv
2314,13,11,2,3d.csv
2314,2,2,0,3e.csv
2314,7,6,1,3f.csv
2314,2,2,0,3g.csv
2315,7,4,3,1a.csv
2315,1,1,0,1b.csv
2315,2,2,0,1c.csv
2315,0,0,0,1e.csv
2315,1,1,0,1f.csv
2315,0,0,0,1g.csv
2315,1,0,1,1h.csv
2315,0,0,0,1i.csv
2315,6,6,0,1j.csv
2315,0,0,0,1k.csv
2315,2,2,0,1l.csv
2315,2,2,0,1m.csv
2315,1,1,0,2a.csv
2315,1,1,0,2b.csv
2315,0,0,0,2c.csv
2315,0,0,0,2d.csv
2315,0,0,0,2e.csv
2315,1,1,0,2f.csv
2315,0,0,0,2g.csv
2315,0,0,0,2h.csv
2315,0,0,0,2i.csv
2315,0,0,0,2j.csv
2315,0,0,0,2k.csv
2315,12,11,1,2l.csv
2315,6,5,1,3a.csv
2315,10,9,1,3b.csv
2315,10,9,1,3c.csv
2315,10,9,1,3d.csv
2315,2,2,0,3e.csv
2315,7,6,1,3f.csv
2315,3,2,1,3g.csv
2316,7,4,3,1a.csv
2316,2,2,0,1b.csv
2316,2,2,0,1c.csv
2316,0,0,0,1e.csv
2316,1,1,0,1f.csv
2316,0,0,0,1g.csv
2316,1,0,1,1h.csv
2316,0,0,0,1i.csv
2316,6,6,0,1j.csv
2316,0,0,0,1k.csv
2316,2,2,0,1l.csv
2316,2,2,0,1m.csv
2316,3,3,0,2a.csv
2316,1,1,0,2b.csv
2316,0,0,0,2c.csv
2316,0,0,0,2d.csv
2316,0,0,0,2e.csv
2316,1,1,0,2f.csv
2316,0,0,0,2g.csv
2316,0,0,0,2h.csv
2316,0,0,0,2i.csv
2316,0,0,0,2j.csv
2316,0,0,0,2k.csv
2316,13,12,1,2l.csv
2316,6,5,1,3a.csv
2316,12,10,2,3b.csv
2316,11,9,2,3c.csv
2316,11,9,2,3d.csv
2316,2,2,0,3e.csv
2316,7,6,1,3f.csv
2316,3,2,1,3g.csv
2317,6,3,3,1a.csv
2317,2,2,0,1b.csv
2317,2,2,0,1c.csv
2317,0,0,0,1e.csv
2317,1,1,0,1f.csv
2317,0,0,0,1g.csv
2317,1,0,1,1h.csv
2317,0,0,0,1i.csv
2317,5,5,0,1j.csv
2317,0,0,0,1k.csv
2317,2,2,0,1l.csv
2317,2,2,0,1m.csv
2317,4,3,1,2a.csv
2317,1,1,0,2b.csv
2317,0,0,0,2c.csv
2317,0,0,0,2d.csv
2317,0,0,0,2e.csv
2317,1,1,0,2f.csv
2317,0,0,0,2g.csv
2317,0,0,0,2h.csv
2317,0,0,0,2i.csv
2317,0,0,0,2j.csv
2317,0,0,0,2k.csv
2317,10,9,1,2l.csv
2317,7,6,1,3a.csv
2317,11,9,2,3b.csv
2317,9,7,2,3c.csv
2317,9,7,2,3d.csv
2317,2,2,0,3e.csv
2317,7,7,0,3f.csv
2317,3,2,1,3g.csv
2318,8,4,4,1a.csv
2318,2,2,0,1b.csv
2318,2,2,0,1c.csv
2318,0,0,0,1e.csv
2318,2,2,0,1f.csv
2318,0,0,0,1g.csv
2318,2,0,2,1h.csv
2318,0,0,0,1i.csv
2318,5,5,0,1j.csv
2318,0,0,0,1k.csv
2318,2,2,0,1l.csv
2318,2,2,0,1m.csv
2318,4,3,1,2a.csv
2318,1,1,0,2b.csv
2318,0,0,0,2c.csv
2318,1,1,0,2d.csv
2318,0,0,0,2e.csv
2318,0,0,0,2f.csv
2318,0,0,0,2g.csv
2318,0,0,0,2h.csv
2318,0,0,0,2i.csv
2318,0,0,0,2j.csv
2318,0,0,0,2k.csv
2318,7,6,1,2l.csv
2318,8,6,2,3a.csv
2318,11,9,2,3b.csv
2318,8,7,1,3c.csv
2318,8,7,1,3d.csv
2318,2,2,0,3e.csv
2318,5,5,0,3f.csv
2318,1,0,1,3g.csv
2319,7,4,3,1a.csv
2319,2,2,0,1b.csv
2319,2,2,0,1c.csv
2319,0,0,0,1e.csv
2319,1,1,0,1f.csv
2319,0,0,0,1g.csv
2319,1,0,1,1h.csv
2319,1,1,0,1i.csv
2319,3,3,0,1j.csv
2319,0,0,0,1k.csv
2319,2,2,0,1l.csv
2319,1,1,0,1m.csv
2319,4,3,1,2a.csv
2319,1,1,0,2b.csv
2319,0,0,0,2c.csv
2319,1,1,0,2d.csv
2319,0,0,0,2e.csv
2319,0,0,0,2f.csv
2319,0,0,0,2g.csv
2319,0,0,0,2h.csv
2319,0,0,0,2i.csv
2319,0,0,0,2j.csv
2319,0,0,0,2k.csv
2319,5,5,0,2l.csv
2319,7,5,2,3a.csv
2319,12,10,2,3b.csv
2319,8,7,1,3c.csv
2319,8,7,1,3d.csv
2319,2,2,0,3e.csv
2319,6,6,0,3f.csv
2319,2,0,2,3g.csv
2320,6,3,3,1a.csv
2320,2,2,0,1b.csv
2320,2,2,0,1c.csv
2320,0,0,0,1e.csv
2320,1,1,0,1f.csv
2320,0,0,0,1g.csv
2320,1,0,1,1h.csv
2320,1,1,0,1i.csv
2320,1,1,0,1j.csv
2320,0,0,0,1k.csv
2320,1,1,0,1l.csv
2320,1,1,0,1m.csv
2320,4,3,1,2a.csv
2320,0,0,0,2b.csv
2320,0,0,0,2c.csv
2320,1,1,0,2d.csv
2320,0,0,0,2e.csv
2320,0,0,0,2f.csv
2320,0,0,0,2g.csv
2320,0,0,0,2h.csv
2320,0,0,0,2i.csv
2320,0,0,0,2j.csv
2320,0,0,0,2k.csv
2320,5,5,0,2l.csv
2320,7,6,1,3a.csv
2320,11,9,2,3b.csv
2320,9,8,1,3c.csv
2320,9,8,1,3d.csv
2320,2,2,0,3e.csv
2320,6,5,1,3f.csv
2320,2,0,2,3g.csv
2321,7,4,3,1a.csv
2321,2,2,0,1b.csv
2321,1,1,0,1c.csv
2321,0,0,0,1e.csv
2321,1,1,0,1f.csv
2321,0,0,0,1g.csv
2321,1,0,1,1h.csv
2321,2,2,0,1i.csv
2321,1,1,0,1j.csv
2321,0,0,0,1k.csv
2321,2,2,0,1l.csv
2321,1,1,0,1m.csv
2321,4,3,1,2a.csv
2321,0,0,0,2b.csv
2321,0,0,0,2c.csv
2321,1,1,0,2d.csv
2321,1,1,0,2e.csv
2321,0,0,0,2f.csv
2321,0,0,0,2g.csv
2321,0,0,0,2h.csv
2321,0,0,0,2i.csv
2321,0,0,0,2j.csv
2321,0,0,0,2k.csv
2321,2,2,0,2l.csv
2321,7,6,1,3a.csv
2321,10,8,2,3b.csv
2321,9,8,1,3c.csv
2321,9,8,1,3d.csv
2321,3,3,0,3e.csv
2321,5,4,1,3f.csv
2321,2,0,2,3g.csv
2322,6,4,2,1a.csv
2322,2,2,0,1b.csv
2322,1,1,0,1c.csv
2322,0,0,0,1e.csv
2322,1,1,0,1f.csv
2322,0,0,0,1g.csv
2322,1,0,1,1h.csv
2322,3,3,0,1i.csv
2322,1,1,0,1j.csv
2322,0,0,0,1k.csv
2322,3,2,1,1l.csv
2322,1,1,0,1m.csv
2322,4,2,2,2a.csv
2322,0,0,0,2b.csv
2322,0,0,0,2c.csv
2322,1,1,0,2d.csv
2322,1,1,0,2e.csv
2322,0,0,0,2f.csv
2322,0,0,0,2g.csv
2322,0,0,0,2h.csv
2322,0,0,0,2i.csv
2322,0,0,0,2j.csv
2322,0,0,0,2k.csv
2322,1,1,0,2l.csv
2322,5,4,1,3a.csv
2322,10,8,2,3b.csv
2322,9,8,1,3c.csv
2322,9,8,1,3d.csv
2322,2,1,1,3e.csv
2322,5,4,1,3f.csv
2322,2,0,2,3g.csv
2323,5,3,2,1a.csv
2323,3,2,1,1b.csv
2323,1,1,0,1c.csv
2323,0,0,0,1e.csv
2323,1,1,0,1f.csv
2323,0,0,0,1g.csv
2323,2,1,1,1h.csv
2323,3,3,0,1i.csv
2323,1,1,0,1j.csv
2323,0,0,0,1k.csv
2323,2,1,1,1l.csv
2323,1,1,0,1m.csv
2323,5,3,2,2a.csv
2323,0,0,0,2b.csv
2323,0,0,0,2c.csv
2323,1,1,0,2d.csv
2323,1,1,0,2e.csv
2323,0,0,0,2f.csv
2323,0,0,0,2g.csv
2323,0,0,0,2h.csv
2323,0,0,0,2i.csv
2323,0,0,0,2j.csv
2323,0,0,0,2k.csv
2323,1,1,0,2l.csv
2323,7,4,3,3a.csv
2323,9,7,2,3b.csv
2323,9,8,1,3c.csv
2323,9,8,1,3d.csv
2323,2,1,1,3e.csv
2323,7,5,2,3f.csv
2323,2,1,1,3g.csv
2324,6,3,3,1a.csv
2324,2,1,1,1b.csv
2324,0,0,0,1c.csv
2324,0,0,0,1e.csv
2324,1,1,0,1f.csv
2324,0,0,0,1g.csv
2324,2,1,1,1h.csv
2324,3,3,0,1i.csv
2324,3,3,0,1j.csv
2324,0,0,0,1k.csv
2324,3,2,1,1l.csv
2324,1,1,0,1m.csv
2324,3,1,2,2a.csv
2324,0,0,0,2b.csv
2324,0,0,0,2c.csv
2324,1,1,0,2d.csv
2324,1,1,0,2e.csv
2324,0,0,0,2f.csv
2324,0,0,0,2g.csv
2324,0,0,0,2h.csv
2324,0,0,0,2i.csv
2324,0,0,0,2j.csv
2324,0,0,0,2k.csv
2324,0,0,0,2l.csv
2324,6,3,3,3a.csv
2324,5,5,0,3b.csv
2324,7,6,1,3c.csv
2324,7,6,1,3d.csv
2324,4,3,1,3e.csv
2324,7,5,2,3f.csv
2324,2,1,1,3g.csv
2325,7,4,3,1a.csv
2325,3,2,1,1b.csv
2325,1,1,0,1c.csv
2325,0,0,0,1e.csv
2325,1,1,0,1f.csv
2325,0,0,0,1g.csv
2325,2,1,1,1h.csv
2325,3,3,0,1i.csv
2325,3,3,0,1j.csv
2325,0,0,0,1k.csv
2325,3,2,1,1l.csv
2325,1,1,0,1m.csv
2325,2,1,1,2a.csv
2325,0,0,0,2b.csv
2325,0,0,0,2c.csv
2325,1,1,0,2d.csv
2325,1,1,0,2e.csv
2325,0,0,0,2f.csv
2325,0,0,0,2g.csv
2325,0,0,0,2h.csv
2325,0,0,0,2i.csv
2325,0,0,0,2j.csv
2325,0,0,0,2k.csv
2325,0,0,0,2l.csv
2325,5,2,3,3a.csv
2325,5,5,0,3b.csv
2325,8,7,1,3c.csv
2325,8,7,1,3d.csv
2325,4,3,1,3e.csv
2325,6,4,2,3f.csv
2325,2,1,1,3g.csv
2326,4,3,1,1a.csv
2326,3,2,1,1b.csv
2326,1,1,0,1c.csv
2326,0,0,0,1e.csv
2326,0,0,0,1f.csv
2326,0,0,0,1g.csv
2326,1,1,0,1h.csv
2326,3,3,0,1i.csv
2326,4,3,1,1j.csv
2326,0,0,0,1k.csv
2326,3,2,1,1l.csv
2326,1,1,0,1m.csv
2326,2,1,1,2a.csv
2326,0,0,0,2b.csv
2326,0,0,0,2c.csv
2326,0,0,0,2d.csv
2326,1,1,0,2e.csv
2326,0,0,0,2f.csv
2326,0,0,0,2g.csv
2326,0,0,0,2h.csv
2326,0,0,0,2i.csv
2326,0,0,0,2j.csv
2326,0,0,0,2k.csv
2326,1,1,0,2l.csv
2326,3,1,2,3a.csv
2326,5,5,0,3b.csv
2326,7,6,1,3c.csv
2326,7,6,1,3d.csv
2326,4,3,1,3e.csv
2326,6,4,2,3f.csv
2326,2,1,1,3g.csv
2327,5,4,1,1a.csv
2327,3,2,1,1b.csv
2327,1,1,0,1c.csv
2327,0,0,0,1e.csv
2327,0,0,0,1f.csv
2327,0,0,0,1g.csv
2327,1,1,0,1h.csv
2327,2,2,0,1i.csv
2327,4,3,1,1j.csv
2327,0,0,0,1k.csv
2327,4,3,1,1l.csv
2327,0,0,0,1m.csv
2327,2,1,1,2a.csv
2327,0,0,0,2b.csv
2327,0,0,0,2c.csv
2327,0,0,0,2d.csv
2327,1,1,0,2e.csv
2327,0,0,0,2f.csv
2327,0,0,0,2g.csv
2327,0,0,0,2h.csv
2327,0,0,0,2i.csv
2327,0,0,0,2j.csv
2327,0,0,0,2k.csv
2327,1,1,0,2l.csv
2327,4,2,2,3a.csv
2327,5,5,0,3b.csv
2327,7,6,1,3c.csv
2327,7,6,1,3d.csv
2327,4,3,1,3e.csv
2327,6,4,2,3f.csv
2327,1,1,0,3g.csv
2328,5,4,1,1a.csv
2328,3,2,1,1b.csv
2328,1,1,0,1c.csv
2328,0,0,0,1e.csv
2328,0,0,0,1f.csv
2328,0,0,0,1g.csv
2328,1,1,0,1h.csv
2328,2,2,0,1i.csv
2328,4,3,1,1j.csv
2328,0,0,0,1k.csv
2328,6,5,1,1l.csv
2328,0,0,0,1m.csv
2328,3,2,1,2a.csv
2328,0,0,0,2b.csv
2328,0,0,0,2c.csv
2328,0,0,0,2d.csv
2328,2,2,0,2e.csv
2328,0,0,0,2f.csv
2328,0,0,0,2g.csv
2328,0,0,0,2h.csv
2328,0,0,0,2i.csv
2328,0,0,0,2j.csv
2328,0,0,0,2k.csv
2328,1,1,0,2l.csv
2328,3,1,2,3a.csv
2328,5,5,0,3b.csv
2328,6,5,1,3c.csv
2328,6,5,1,3d.csv
2328,5,4,1,3e.csv
2328,5,4,1,3f.csv
2328,1,1,0,3g.csv
2329,8,5,3,1a.csv
2329,3,2,1,1b.csv
2329,2,2,0,1c.csv
2329,0,0,0,1e.csv
2329,0,0,0,1f.csv
2329,0,0,0,1g.csv
2329,1,1,0,1h.csv
2329,2,2,0,1i.csv
2329,4,3,1,1j.csv
2329,0,0,0,1k.csv
2329,6,5,1,1l.csv
2329,0,0,0,1m.csv
2329,3,2,1,2a.csv
2329,0,0,0,2b.csv
2329,0,0,0,2c.csv
2329,0,0,0,2d.csv
2329,1,1,0,2e.csv
2329,0,0,0,2f.csv
2329,0,0,0,2g.csv
2329,0,0,0,2h.csv
2329,0,0,0,2i.csv
2329,0,0,0,2j.csv
2329,0,0,0,2k.csv
2329,1,1,0,2l.csv
2329,4,1,3,3a.csv
2329,5,5,0,3b.csv
2329,4,3,1,3c.csv
2329,4,3,1,3d.csv
2329,4,3,1,3e.csv
2329,4,3,1,3f.csv
2329,2,1,1,3g.csv
2330,9,6,3,1a.csv
2330,2,1,1,1b.csv
2330,2,2,0,1c.csv
2330,0,0,0,1e.csv
2330,0,0,0,1f.csv
2330,0,0,0,1g.csv
2330,1,1,0,1h.csv
2330,1,1,0,1i.csv
2330,5,4,1,1j.csv
2330,0,0,0,1k.csv
2330,5,5,0,1l.csv
2330,0,0,0,1m.csv
2330,2,2,0,2a.csv
2330,0,0,0,2b.csv
2330,0,0,0,2c.csv
2330,0,0,0,2d.csv
2330,1,1,0,2e.csv
2330,0,0,0,2f.csv
2330,0,0,0,2g.csv
2330,0,0,0,2h.csv
2330,0,0,0,2i.csv
2330,0,0,0,2j.csv
2330,0,0,0,2k.csv
2330,1,1,0,2l.csv
2330,4,1,3,3a.csv
2330,3,3,0,3b.csv
2330,4,2,2,3c.csv
2330,4,2,2,3d.csv
2330,3,3,0,3e.csv
2330,4,3,1,3f.csv
2330,2,1,1,3g.csv
2331,11,7,4,1a.csv
2331,1,1,0,1b.csv
2331,2,2,0,1c.csv
2331,0,0,0,1e.csv
2331,0,0,0,1f.csv
2331,0,0,0,1g.csv
2331,1,1,0,1h.csv
2331,1,1,0,1i.csv
2331,4,3,1,1j.csv
2331,0,0,0,1k.csv
2331,6,6,0,1l.csv
2331,0,0,0,1m.csv
2331,1,1,0,2a.csv
2331,0,0,0,2b.csv
2331,0,0,0,2c.csv
2331,0,0,0,2d.csv
2331,1,1,0,2e.csv
2331,0,0,0,2f.csv
2331,0,0,0,2g.csv
2331,0,0,0,2h.csv
2331,0,0,0,2i.csv
2331,0,0,0,2j.csv
2331,0,0,0,2k.csv
2331,2,2,0,2l.csv
2331,4,2,2,3a.csv
2331,2,2,0,3b.csv
2331,4,2,2,3c.csv
2331,4,2,2,3d.csv
2331,3,3,0,3e.csv
2331,2,2,0,3f.csv
2331,1,0,1,3g.csv
2332,10,7,3,1a.csv
2332,2,2,0,1b.csv
2332,2,2,0,1c.csv
2332,0,0,0,1e.csv
2332,0,0,0,1f.csv
2332,0,0,0,1g.csv
2332,1,1,0,1h.csv
2332,1,1,0,1i.csv
2332,2,1,1,1j.csv
2332,0,0,0,1k.csv
2332,5,5,0,1l.csv
2332,1,0,1,1m.csv
2332,2,2,0,2a.csv
2332,0,0,0,2b.csv
2332,0,0,0,2c.csv
2332,0,0,0,2d.csv
2332,1,1,0,2e.csv
2332,0,0,0,2f.csv
2332,0,0,0,2g.csv
2332,0,0,0,2h.csv
2332,0,0,0,2i.csv
2332,0,0,0,2j.csv
2332,0,0,0,2k.csv
2332,4,4,0,2l.csv
2332,6,4,2,3a.csv
2332,1,1,0,3b.csv
2332,4,3,1,3c.csv
2332,4,3,1,3d.csv
2332,1,1,0,3e.csv
2332,3,2,1,3f.csv
2332,1,0,1,3g.csv
2333,11,8,3,1a.csv
2333,1,1,0,1b.csv
2333,1,1,0,1c.csv
2333,0,0,0,1e.csv
2333,0,0,0,1f.csv
2333,0,0,0,1g.csv
2333,1,1,0,1h.csv
2333,2,2,0,1i.csv
2333,3,2,1,1j.csv
2333,0,0,0,1k.csv
2333,6,6,0,1l.csv
2333,1,0,1,1m.csv
2333,2,2,0,2a.csv
2333,0,0,0,2b.csv
2333,0,0,0,2c.csv
2333,0,0,0,2d.csv
2333,1,1,0,2e.csv
2333,0,0,0,2f.csv
2333,0,0,0,2g.csv
2333,0,0,0,2h.csv
2333,0,0,0,2i.csv
2333,0,0,0,2j.csv
2333,0,0,0,2k.csv
2333,5,4,1,2l.csv
2333,6,4,2,3a.csv
2333,1,1,0,3b.csv
2333,5,4,1,3c.csv
2333,5,4,1,3d.csv
2333,2,2,0,3e.csv
2333,3,2,1,3f.csv
2333,1,0,1,3g.csv
2334,10,7,3,1a.csv
2334,2,2,0,1b.csv
2334,1,1,0,1c.csv
2334,0,0,0,1e.csv
2334,0,0,0,1f.csv
2334,0,0,0,1g.csv
2334,1,1,0,1h.csv
2334,2,2,0,1i.csv
2334,3,3,0,1j.csv
2334,0,0,0,1k.csv
2334,6,6,0,1l.csv
2334,1,0,1,1m.csv
2334,2,2,0,2a.csv
2334,0,0,0,2b.csv
2334,0,0,0,2c.csv
2334,0,0,0,2d.csv
2334,1,1,0,2e.csv
2334,0,0,0,2f.csv
2334,0,0,0,2g.csv
2334,0,0,0,2h.csv
2334,0,0,0,2i.csv
2334,0,0,0,2j.csv
2334,0,0,0,2k.csv
2334,7,6,1,2l.csv
2334,6,4,2,3a.csv
2334,1,1,0,3b.csv
2334,6,5,1,3c.csv
2334,6,5,1,3d.csv
2334,2,2,0,3e.csv
2334,4,3,1,3f.csv
2334,1,0,1,3g.csv
2335,10,6,4,1a.csv
2335,3,3,0,1b.csv
2335,1,1,0,1c.csv
2335,0,0,0,1e.csv
2335,0,0,0,1f.csv
2335,0,0,0,1g.csv
2335,1,1,0,1h.csv
2335,2,2,0,1i.csv
2335,4,4,0,1j.csv
2335,0,0,0,1k.csv
2335,5,5,0,1l.csv
2335,1,0,1,1m.csv
2335,2,2,0,2a.csv
2335,0,0,0,2b.csv
2335,0,0,0,2c.csv
2335,0,0,0,2d.csv
2335,1,1,0,2e.csv
2335,0,0,0,2f.csv
2335,0,0,0,2g.csv
2335,0,0,0,2h.csv
2335,0,0,0,2i.csv
2335,0,0,0,2j.csv
2335,0,0,0,2k.csv
2335,8,7,1,2l.csv
2335,5,3,2,3a.csv
2335,0,0,0,3b.csv
2335,7,4,3,3c.csv
2335,7,4,3,3d.csv
2335,2,2,0,3e.csv
2335,3,2,1,3f.csv
2335,2,0,2,3g.csv
2336,12,8,4,1a.csv
2336,3,3,0,1b.csv
2336,1,1,0,1c.csv
2336,0,0,0,1e.csv
2336,0,0,0,1f.csv
2336,0,0,0,1g.csv
2336,1,1,0,1h.csv
2336,2,2,0,1i.csv
2336,5,5,0,1j.csv
2336,0,0,0,1k.csv
2336,3,3,0,1l.csv
2336,1,0,1,1m.csv
2336,1,1,0,2a.csv
2336,0,0,0,2b.csv
2336,1,1,0,2c.csv
2336,0,0,0,2d.csv
2336,0,0,0,2e.csv
2336,0,0,0,2f.csv
2336,0,0,0,2g.csv
2336,0,0,0,2h.csv
2336,0,0,0,2i.csv
2336,0,0,0,2j.csv
2336,0,0,0,2k.csv
2336,8,7,1,2l.csv
2336,6,3,3,3a.csv
2336,1,0,1,3b.csv
2336,7,4,3,3c.csv
2336,7,4,3,3d.csv
2336,1,1,0,3e.csv
2336,3,2,1,3f.csv
2336,2,0,2,3g.csv
2337,11,9,2,1a.csv
2337,4,4,0,1b.csv
2337,0,0,0,1c.csv
2337,0,0,0,1e.csv
2337,0,0,0,1f.csv
2337,1,1,0,1g.csv
2337,1,1,0,1h.csv
2337,1,1,0,1i.csv
2337,5,5,0,1j.csv
2337,0,0,0,1k.csv
2337,2,2,0,1l.csv
2337,1,0,1,1m.csv
2337,1,1,0,2a.csv
2337,0,0,0,2b.csv
2337,1,1,0,2c.csv
2337,0,0,0,2d.csv
2337,0,0,0,2e.csv
2337,0,0,0,2f.csv
2337,0,0,0,2g.csv
2337,0,0,0,2h.csv
2337,0,0,0,2i.csv
2337,0,0,0,2j.csv
2337,0,0,0,2k.csv
2337,8,7,1,2l.csv
2337,5,3,2,3a.csv
2337,1,0,1,3b.csv
2337,7,4,3,3c.csv
2337,7,4,3,3d.csv
2337,1,1,0,3e.csv
2337,5,3,2,3f.csv
2337,4,3,1,3g.csv
2338,10,8,2,1a.csv
2338,4,4,0,1b.csv
2338,0,0,0,1c.csv
2338,0,0,0,1e.csv
2338,0,0,0,1f.csv
2338,1,1,0,1g.csv
2338,1,1,0,1h.csv
2338,1,1,0,1i.csv
2338,4,4,0,1j.csv
2338,0,0,0,1k.csv
2338,4,4,0,1l.csv
2338,1,0,1,1m.csv
2338,3,2,1,2a.csv
2338,0,0,0,2b.csv
2338,1,1,0,2c.csv
2338,0,0,0,2d.csv
2338,0,0,0,2e.csv
2338,0,0,0,2f.csv
2338,0,0,0,2g.csv
2338,0,0,0,2h.csv
2338,0,0,0,2i.csv
2338,0,0,0,2j.csv
2338,0,0,0,2k.csv
2338,10,9,1,2l.csv
2338,6,3,3,3a.csv
2338,1,0,1,3b.csv
2338,8,6,2,3c.csv
2338,8,6,2,3d.csv
2338,1,1,0,3e.csv
2338,6,4,2,3f.csv
2338,6,4,2,3g.csv
2339,8,7,1,1a.csv
2339,4,4,0,1b.csv
2339,0,0,0,1c.csv
2339,0,0,0,1e.csv
2339,0,0,0,1f.csv
2339,1,1,0,1g.csv
2339,0,0,0,1h.csv
2339,1,1,0,1i.csv
2339,5,5,0,1j.csv
2339,0,0,0,1k.csv
2339,4,4,0,1l.csv
2339,1,0,1,1m.csv
2339,3,2,1,2a.csv
2339,0,0,0,2b.csv
2339,1,1,0,2c.csv
2339,0,0,0,2d.csv
2339,0,0,0,2e.csv
2339,0,0,0,2f.csv
2339,0,0,0,2g.csv
2339,0,0,0,2h.csv
2339,0,0,0,2i.csv
2339,1,1,0,2j.csv
2339,0,0,0,2k.csv
2339,9,8,1,2l.csv
2339,5,2,3,3a.csv
2339,1,0,1,3b.csv
2339,9,7,2,3c.csv
2339,9,7,2,3d.csv
2339,1,1,0,3e.csv
2339,7,5,2,3f.csv
2339,6,4,2,3g.csv
2340,10,9,1,1a.csv
2340,4,4,0,1b.csv
2340,0,0,0,1c.csv
2340,0,0,0,1e.csv
2340,0,0,0,1f.csv
2340,1,1,0,1g.csv
2340,0,0,0,1h.csv
2340,2,2,0,1i.csv
2340,5,5,0,1j.csv
2340,0,0,0,1k.csv
2340,4,4,0,1l.csv
2340,0,0,0,1m.csv
2340,2,1,1,2a.csv
2340,0,0,0,2b.csv
2340,1,1,0,2c.csv
2340,0,0,0,2d.csv
2340,0,0,0,2e.csv
2340,0,0,0,2f.csv
2340,0,0,0,2g.csv
2340,0,0,0,2h.csv
2340,0,0,0,2i.csv
2340,1,1,0,2j.csv
2340,0,0,0,2k.csv
2340,7,6,1,2l.csv
2340,6,3,3,3a.csv
2340,1,0,1,3b.csv
2340,10,7,3,3c.csv
2340,10,7,3,3d.csv
2340,1,1,0,3e.csv
2340,6,5,1,3f.csv
2340,6,4,2,3g.csv
2341,9,8,1,1a.csv
2341,4,4,0,1b.csv
2341,0,0,0,1c.csv
2341,0,0,0,1e.csv
2341,0,0,0,1f.csv
2341,1,1,0,1g.csv
2341,0,0,0,1h.csv
2341,1,1,0,1i.csv
2341,4,4,0,1j.csv
2341,0,0,0,1k.csv
2341,5,5,0,1l.csv
2341,0,0,0,1m.csv
2341,2,1,1,2a.csv
2341,0,0,0,2b.csv
2341,1,1,0,2c.csv
2341,0,0,0,2d.csv
2341,0,0,0,2e.csv
2341,0,0,0,2f.csv
2341,0,0,0,2g.csv
2341,0,0,0,2h.csv
2341,0,0,0,2i.csv
2341,1,1,0,2j.csv
2341,0,0,0,2k.csv
2341,7,7,0,2l.csv
2341,8,5,3,3a.csv
2341,1,0,1,3b.csv
2341,9,6,3,3c.csv
2341,9,6,3,3d.csv
2341,0,0,0,3e.csv
2341,10,9,1,3f.csv
2341,6,4,2,3g.csv
2342,10,9,1,1a.csv
2342,3,3,0,1b.csv
2342,0,0,0,1c.csv
2342,0,0,0,1e.csv
2342,0,0,0,1f.csv
2342,1,1,0,1g.csv
2342,0,0,0,1h.csv
2342,1,1,0,1i.csv
2342,5,4,1,1j.csv
2342,0,0,0,1k.csv
2342,5,5,0,1l.csv
2342,0,0,0,1m.csv
2342,4,2,2,2a.csv
2342,0,0,0,2b.csv
2342,1,1,0,2c.csv
2342,0,0,0,2d.csv
2342,0,0,0,2e.csv
2342,0,0,0,2f.csv
2342,0,0,0,2g.csv
2342,0,0,0,2h.csv
2342,0,0,0,2i.csv
2342,2,2,0,2j.csv
2342,0,0,0,2k.csv
2342,5,4,1,2l.csv
2342,11,7,4,3a.csv
2342,1,0,1,3b.csv
2342,13,8,5,3c.csv
2342,13,8,5,3d.csv
2342,0,0,0,3e.csv
2342,10,9,1,3f.csv
2342,6,4,2,3g.csv
2343,9,9,0,1a.csv
2343,3,3,0,1b.csv
2343,0,0,0,1c.csv
2343,0,0,0,1e.csv
2343,0,0,0,1f.csv
2343,1,1,0,1g.csv
2343,1,1,0,1h.csv
2343,1,1,0,1i.csv
2343,4,3,1,1j.csv
2343,0,0,0,1k.csv
2343,6,6,0,1l.csv
2343,0,0,0,1m.csv
2343,4,2,2,2a.csv
2343,0,0,0,2b.csv
2343,1,1,0,2c.csv
2343,0,0,0,2d.csv
2343,0,0,0,2e.csv
2343,0,0,0,2f.csv
2343,0,0,0,2g.csv
2343,0,0,0,2h.csv
2343,0,0,0,2i.csv
2343,2,2,0,2j.csv
2343,0,0,0,2k.csv
2343,4,3,1,2l.csv
2343,13,9,4,3a.csv
2343,1,0,1,3b.csv
2343,14,9,5,3c.csv
2343,14,9,5,3d.csv
2343,1,1,0,3e.csv
2343,10,9,1,3f.csv
2343,5,4,1,3g.csv
2344,8,8,0,1a.csv
2344,3,3,0,1b.csv
2344,0,0,0,1c.csv
2344,0,0,0,1e.csv
2344,0,0,0,1f.csv
2344,1,1,0,1g.csv
2344,1,1,0,1h.csv
2344,1,1,0,1i.csv
2344,3,2,1,1j.csv
2344,0,0,0,1k.csv
2344,7,7,0,1l.csv
2344,0,0,0,1m.csv
2344,4,2,2,2a.csv
2344,0,0,0,2b.csv
2344,0,0,0,2c.csv
2344,0,0,0,2d.csv
2344,0,0,0,2e.csv
2344,0,0,0,2f.csv
2344,0,0,0,2g.csv
2344,0,0,0,2h.csv
2344,0,0,0,2i.csv
2344,2,2,0,2j.csv
2344,0,0,0,2k.csv
2344,4,3,1,2l.csv
2344,14,10,4,3a.csv
2344,0,0,0,3b.csv
2344,17,10,7,3c.csv
2344,17,10,7,3d.csv
2344,1,1,0,3e.csv
2344,11,10,1,3f.csv
2344,5,4,1,3g.csv
2345,6,6,0,1a.csv
2345,4,3,1,1b.csv
2345,0,0,0,1c.csv
2345,1,1,0,1e.csv
2345,0,0,0,1f.csv
2345,0,0,0,1g.csv
2345,1,1,0,1h.csv
2345,1,1,0,1i.csv
2345,3,2,1,1j.csv
2345,0,0,0,1k.csv
2345,8,8,0,1l.csv
2345,0,0,0,1m.csv
2345,4,2,2,2a.csv
2345,0,0,0,2b.csv
2345,0,0,0,2c.csv
2345,0,0,0,2d.csv
2345,0,0,0,2e.csv
2345,0,0,0,2f.csv
2345,0,0,0,2g.csv
2345,0,0,0,2h.csv
2345,0,0,0,2i.csv
2345,2,2,0,2j.csv
2345,0,0,0,2k.csv
2345,4,3,1,2l.csv
2345,15,10,5,3a.csv
2345,1,1,0,3b.csv
2345,19,12,7,3c.csv
2345,19,12,7,3d.csv
2345,1,1,0,3e.csv
2345,10,10,0,3f.csv
2345,2,1,1,3g.csv
2346,8,7,1,1a.csv
2346,5,4,1,1b.csv
2346,0,0,0,1c.csv
2346,1,1,0,1e.csv
2346,0,0,0,1f.csv
2346,0,0,0,1g.csv
2346,1,1,0,1h.csv
2346,1,1,0,1i.csv
2346,4,2,2,1j.csv
2346,0,0,0,1k.csv
2346,6,6,0,1l.csv
2346,0,0,0,1m.csv
2346,2,1,1,2a.csv
2346,0,0,0,2b.csv
2346,0,0,0,2c.csv
2346,0,0,0,2d.csv
2346,0,0,0,2e.csv
2346,0,0,0,2f.csv
2346,0,0,0,2g.csv
2346,0,0,0,2h.csv
2346,0,0,0,2i.csv
2346,2,2,0,2j.csv
2346,0,0,0,2k.csv
2346,2,1,1,2l.csv
2346,16,12,4,3a.csv
2346,2,2,0,3b.csv
2346,19,12,7,3c.csv
2346,19,12,7,3d.csv
2346,2,2,0,3e.csv
2346,8,8,0,3f.csv
2346,0,0,0,3g.csv
2347,9,8,1,1a.csv
2347,5,4,1,1b.csv
2347,0,0,0,1c.csv
2347,1,1,0,1e.csv
2347,0,0,0,1f.csv
2347,0,0,0,1g.csv
2347,1,1,0,1h.csv
2347,1,1,0,1i.csv
2347,3,1,2,1j.csv
2347,0,0,0,1k.csv
2347,5,5,0,1l.csv
2347,0,0,0,1m.csv
2347,2,1,1,2a.csv
2347,0,0,0,2b.csv
2347,0,0,0,2c.csv
2347,0,0,0,2d.csv
2347,0,0,0,2e.csv
2347,0,0,0,2f.csv
2347,0,0,0,2g.csv
2347,0,0,0,2h.csv
2347,0,0,0,2i.csv
2347,1,1,0,2j.csv
2347,0,0,0,2k.csv
2347,3,2,1,2l.csv
2347,16,13,3,3a.csv
2347,2,2,0,3b.csv
2347,19,12,7,3c.csv
2347,19,12,7,3d.csv
2347,3,3,0,3e.csv
2347,7,7,0,3f.csv
2347,0,0,0,3g.csv
2348,8,6,2,1a.csv
2348,4,3,1,1b.csv
2348,0,0,0,1c.csv
2348,1,1,0,1e.csv
2348,0,0,0,1f.csv
2348,0,0,0,1g.csv
2348,1,1,0,1h.csv
2348,0,0,0,1i.csv
2348,3,1,2,1j.csv
2348,0,0,0,1k.csv
2348,6,6,0,1l.csv
2348,0,0,0,1m.csv
2348,4,2,2,2a.csv
2348,0,0,0,2b.csv
2348,0,0,0,2c.csv
2348,0,0,0,2d.csv
2348,0,0,0,2e.csv
2348,0,0,0,2f.csv
2348,0,0,0,2g.csv
2348,0,0,0,2h.csv
2348,0,0,0,2i.csv
2348,1,1,0,2j.csv
2348,0,0,0,2k.csv
2348,4,3,1,2l.csv
2348,13,10,3,3a.csv
2348,2,2,0,3b.csv
2348,17,11,6,3c.csv
2348,17,11,6,3d.csv
2348,4,4,0,3e.csv
2348,7,7,0,3f.csv
2348,0,0,0,3g.csv
2349,7,5,2,1a.csv
2349,4,3,1,1b.csv
2349,0,0,0,1c.csv
2349,1,1,0,1e.csv
2349,1,1,0,1f.csv
2349,0,0,0,1g.csv
2349,2,2,0,1h.csv
2349,0,0,0,1i.csv
2349,3,1,2,1j.csv
2349,0,0,0,1k.csv
2349,4,4,0,1l.csv
2349,0,0,0,1m.csv
2349,4,2,2,2a.csv
2349,0,0,0,2b.csv
2349,0,0,0,2c.csv
2349,0,0,0,2d.csv
2349,0,0,0,2e.csv
2349,0,0,0,2f.csv
2349,0,0,0,2g.csv
2349,0,0,0,2h.csv
2349,0,0,0,2i.csv
2349,1,1,0,2j.csv
2349,0,0,0,2k.csv
2349,3,2,1,2l.csv
2349,14,10,4,3a.csv
2349,3,3,0,3b.csv
2349,18,12,6,3c.csv
2349,18,12,6,3d.csv
2349,4,4,0,3e.csv
2349,3,3,0,3f.csv
2349,0,0,0,3g.csv
2350,8,6,2,1a.csv
2350,4,3,1,1b.csv
2350,1,0,1,1c.csv
2350,1,1,0,1e.csv
2350,1,1,0,1f.csv
2350,0,0,0,1g.csv
2350,3,3,0,1h.csv
2350,0,0,0,1i.csv
2350,1,0,1,1j.csv
2350,0,0,0,1k.csv
2350,4,4,0,1l.csv
2350,0,0,0,1m.csv
2350,3,1,2,2a.csv
2350,0,0,0,2b.csv
2350,0,0,0,2c.csv
2350,0,0,0,2d.csv
2350,0,0,0,2e.csv
2350,0,0,0,2f.csv
2350,0,0,0,2g.csv
2350,0,0,0,2h.csv
2350,0,0,0,2i.csv
2350,0,0,0,2j.csv
2350,0,0,0,2k.csv
2350,3,3,0,2l.csv
2350,14,10,4,3a.csv
2350,3,3,0,3b.csv
2350,15,11,4,3c.csv
2350,15,11,4,3d.csv
2350,5,4,1,3e.csv
2350,2,2,0,3f.csv
2350,1,0,1,3g.csv
2351,9,7,2,1a.csv
2351,4,3,1,1b.csv
2351,1,0,1,1c.csv
2351,1,1,0,1e.csv
2351,2,2,0,1f.csv
2351,0,0,0,1g.csv
2351,2,2,0,1h.csv
2351,0,0,0,1i.csv
2351,1,0,1,1j.csv
2351,0,0,0,1k.csv
2351,7,7,0,1l.csv
2351,0,0,0,1m.csv
2351,4,2,2,2a.csv
2351,0,0,0,2b.csv
2351,0,0,0,2c.csv
2351,0,0,0,2d.csv
2351,0,0,0,2e.csv
2351,0,0,0,2f.csv
2351,0,0,0,2g.csv
2351,0,0,0,2h.csv
2351,0,0,0,2i.csv
2351,0,0,0,2j.csv
2351,0,0,0,2k.csv
2351,4,4,0,2l.csv
2351,16,12,4,3a.csv
2351,3,3,0,3b.csv
2351,14,11,3,3c.csv
2351,14,11,3,3d.csv
2351,4,3,1,3e.csv
2351,2,2,0,3f.csv
2351,1,0,1,3g.csv
2352,8,6,2,1a.csv
2352,4,3,1,1b.csv
2352,1,0,1,1c.csv
2352,1,1,0,1e.csv
2352,2,2,0,1f.csv
2352,1,1,0,1g.csv
2352,2,2,0,1h.csv
2352,0,0,0,1i.csv
2352,1,0,1,1j.csv
2352,1,1,0,1k.csv
2352,7,7,0,1l.csv
2352,1,1,0,1m.csv
2352,4,2,2,2a.csv
2352,0,0,0,2b.csv
2352,1,1,0,2c.csv
2352,0,0,0,2d.csv
2352,0,0,0,2e.csv
2352,0,0,0,2f.csv
2352,0,0,0,2g.csv
2352,0,0,0,2h.csv
2352,0,0,0,2i.csv
2352,0,0,0,2j.csv
2352,0,0,0,2k.csv
2352,4,4,0,2l.csv
2352,17,14,3,3a.csv
2352,3,3,0,3b.csv
2352,13,12,1,3c.csv
2352,13,12,1,3d.csv
2352,4,3,1,3e.csv
2352,2,2,0,3f.csv
2352,1,0,1,3g.csv
2353,8,6,2,1a.csv
2353,2,2,0,1b.csv
2353,1,0,1,1c.csv
2353,0,0,0,1e.csv
2353,2,2,0,1f.csv
2353,2,2,0,1g.csv
2353,2,2,0,1h.csv
2353,0,0,0,1i.csv
2353,1,0,1,1j.csv
2353,1,1,0,1k.csv
2353,9,9,0,1l.csv
2353,1,1,0,1m.csv
2353,4,2,2,2a.csv
2353,0,0,0,2b.csv
2353,1,1,0,2c.csv
2353,0,0,0,2d.csv
2353,1,1,0,2e.csv
2353,0,0,0,2f.csv
2353,0,0,0,2g.csv
2353,0,0,0,2h.csv
2353,0,0,0,2i.csv
2353,0,0,0,2j.csv
2353,0,0,0,2k.csv
2353,4,4,0,2l.csv
2353,17,15,2,3a.csv
2353,4,4,0,3b.csv
2353,15,12,3,3c.csv
2353,15,12,3,3d.csv
2353,4,3,1,3e.csv
2353,1,1,0,3f.csv
2353,1,0,1,3g.csv
2354,7,5,2,1a.csv
2354,1,1,0,1b.csv
2354,1,0,1,1c.csv
2354,0,0,0,1e.csv
2354,2,2,0,1f.csv
2354,2,2,0,1g.csv
2354,2,2,0,1h.csv
2354,0,0,0,1i.csv
2354,0,0,0,1j.csv
2354,1,1,0,1k.csv
2354,11,11,0,1l.csv
2354,1,1,0,1m.csv
2354,4,2,2,2a.csv
2354,0,0,0,2b.csv
2354,1,1,0,2c.csv
2354,0,0,0,2d.csv
2354,1,1,0,2e.csv
2354,0,0,0,2f.csv
2354,0,0,0,2g.csv
2354,0,0,0,2h.csv
2354,0,0,0,2i.csv
2354,0,0,0,2j.csv
2354,0,0,0,2k.csv
2354,4,4,0,2l.csv
2354,15,13,2,3a.csv
2354,4,4,0,3b.csv
2354,15,12,3,3c.csv
2354,15,12,3,3d.csv
2354,3,2,1,3e.csv
2354,1,1,0,3f.csv
2354,1,0,1,3g.csv
2355,9,7,2,1a.csv
2355,1,1,0,1b.csv
2355,1,0,1,1c.csv
2355,0,0,0,1e.csv
2355,2,2,0,1f.csv
2355,3,3,0,1g.csv
2355,2,2,0,1h.csv
2355,0,0,0,1i.csv
2355,0,0,0,1j.csv
2355,1,1,0,1k.csv
2355,11,11,0,1l.csv
2355,1,1,0,1m.csv
2355,4,2,2,2a.csv
2355,0,0,0,2b.csv
2355,1,1,0,2c.csv
2355,0,0,0,2d.csv
2355,1,1,0,2e.csv
2355,0,0,0,2f.csv
2355,0,0,0,2g.csv
2355,0,0,0,2h.csv
2355,0,0,0,2i.csv
2355,0,0,0,2j.csv
2355,0,0,0,2k.csv
2355,3,3,0,2l.csv
2355,14,12,2,3a.csv
2355,5,5,0,3b.csv
2355,14,11,3,3c.csv
2355,14,11,3,3d.csv
2355,2,1,1,3e.csv
2355,1,1,0,3f.csv
2355,1,0,1,3g.csv
2356,11,9,2,1a.csv
2356,2,2,0,1b.csv
2356,1,0,1,1c.csv
2356,0,0,0,1e.csv
2356,2,2,0,1f.csv
2356,3,3,0,1g.csv
2356,2,2,0,1h.csv
2356,0,0,0,1i.csv
2356,0,0,0,1j.csv
2356,1,1,0,1k.csv
2356,12,12,0,1l.csv
2356,1,1,0,1m.csv
2356,2,1,1,2a.csv
2356,0,0,0,2b.csv
2356,1,1,0,2c.csv
2356,0,0,0,2d.csv
2356,1,1,0,2e.csv
2356,0,0,0,2f.csv
2356,0,0,0,2g.csv
2356,0,0,0,2h.csv
2356,0,0,0,2i.csv
2356,0,0,0,2j.csv
2356,0,0,0,2k.csv
2356,3,2,1,2l.csv
2356,14,12,2,3a.csv
2356,6,6,0,3b.csv
2356,17,14,3,3c.csv
2356,17,14,3,3d.csv
2356,1,0,1,3e.csv
2356,1,1,0,3f.csv
2356,2,0,2,3g.csv
2357,11,9,2,1a.csv
2357,2,2,0,1b.csv
2357,1,0,1,1c.csv
2357,0,0,0,1e.csv
2357,1,1,0,1f.csv
2357,3,3,0,1g.csv
2357,1,1,0,1h.csv
2357,0,0,0,1i.csv
2357,0,0,0,1j.csv
2357,1,1,0,1k.csv
2357,14,14,0,1l.csv
2357,1,1,0,1m.csv
2357,2,1,1,2a.csv
2357,0,0,0,2b.csv
2357,1,1,0,2c.csv
2357,0,0,0,2d.csv
2357,1,1,0,2e.csv
2357,0,0,0,2f.csv
2357,0,0,0,2g.csv
2357,0,0,0,2h.csv
2357,0,0,0,2i.csv
2357,0,0,0,2j.csv
2357,0,0,0,2k.csv
2357,3,2,1,2l.csv
2357,13,12,1,3a.csv
2357,5,5,0,3b.csv
2357,15,12,3,3c.csv
2357,15,12,3,3d.csv
2357,2,1,1,3e.csv
2357,1,1,0,3f.csv
2357,2,0,2,3g.csv
2358,10,7,3,1a.csv
2358,2,2,0,1b.csv
2358,0,0,0,1c.csv
2358,0,0,0,1e.csv
2358,1,1,0,1f.csv
2358,3,3,0,1g.csv
2358,0,0,0,1h.csv
2358,0,0,0,1i.csv
2358,0,0,0,1j.csv
2358,1,1,0,1k.csv
2358,15,15,0,1l.csv
2358,1,1,0,1m.csv
2358,1,1,0,2a.csv
2358,0,0,0,2b.csv
2358,1,1,0,2c.csv
2358,0,0,0,2d.csv
2358,1,1,0,2e.csv
2358,0,0,0,2f.csv
2358,0,0,0,2g.csv
2358,0,0,0,2h.csv
2358,0,0,0,2i.csv
2358,0,0,0,2j.csv
2358,0,0,0,2k.csv
2358,2,1,1,2l.csv
2358,12,12,0,3a.csv
2358,5,5,0,3b.csv
2358,13,10,3,3c.csv
2358,13,10,3,3d.csv
2358,2,2,0,3e.csv
2358,1,1,0,3f.csv
2358,1,0,1,3g.csv
2359,10,7,3,1a.csv
2359,1,1,0,1b.csv
2359,0,0,0,1c.csv
2359,0,0,0,1e.csv
2359,0,0,0,1f.csv
2359,3,3,0,1g.csv
2359,0,0,0,1h.csv
2359,0,0,0,1i.csv
2359,0,0,0,1j.csv
2359,1,1,0,1k.csv
2359,12,12,0,1l.csv
2359,1,1,0,1m.csv
2359,0,0,0,2a.csv
2359,0,0,0,2b.csv
2359,1,1,0,2c.csv
2359,0,0,0,2d.csv
2359,1,1,0,2e.csv
2359,0,0,0,2f.csv
2359,0,0,0,2g.csv
2359,0,0,0,2h.csv
2359,0,0,0,2i.csv
2359,0,0,0,2j.csv
2359,0,0,0,2k.csv
2359,1,0,1,2l.csv
2359,9,9,0,3a.csv
2359,6,6,0,3b.csv
2359,12,10,2,3c.csv
2359,12,10,2,3d.csv
2359,2,2,0,3e.csv
2359,1,1,0,3f.csv
2359,1,0,1,3g.csv
2360,10,7,3,1a.csv
2360,1,1,0,1b.csv
2360,0,0,0,1c.csv
2360,0,0,0,1e.csv
2360,0,0,0,1f.csv
2360,2,2,0,1g.csv
2360,0,0,0,1h.csv
2360,0,0,0,1i.csv
2360,0,0,0,1j.csv
2360,0,0,0,1k.csv
2360,11,11,0,1l.csv
2360,0,0,0,1m.csv
2360,0,0,0,2a.csv
2360,0,0,0,2b.csv
2360,0,0,0,2c.csv
2360,0,0,0,2d.csv
2360,2,2,0,2e.csv
2360,0,0,0,2f.csv
2360,0,0,0,2g.csv
2360,0,0,0,2h.csv
2360,0,0,0,2i.csv
2360,0,0,0,2j.csv
2360,0,0,0,2k.csv
2360,1,0,1,2l.csv
2360,7,7,0,3a.csv
2360,6,6,0,3b.csv
2360,10,8,2,3c.csv
2360,10,8,2,3d.csv
2360,2,2,0,3e.csv
2360,0,0,0,3f.csv
2360,1,0,1,3g.csv
2361,11,7,4,1a.csv
2361,1,1,0,1b.csv
2361,0,0,0,1c.csv
2361,0,0,0,1e.csv
2361,0,0,0,1f.csv
2361,1,1,0,1g.csv
2361,0,0,0,1h.csv
2361,0,0,0,1i.csv
2361,0,0,0,1j.csv
2361,0,0,0,1k.csv
2361,9,9,0,1l.csv
2361,0,0,0,1m.csv
2361,0,0,0,2a.csv
2361,0,0,0,2b.csv
2361,0,0,0,2c.csv
2361,0,0,0,2d.csv
2361,1,1,0,2e.csv
2361,0,0,0,2f.csv
2361,0,0,0,2g.csv
2361,0,0,0,2h.csv
2361,0,0,0,2i.csv
2361,0,0,0,2j.csv
2361,0,0,0,2k.csv
2361,1,0,1,2l.csv
2361,10,10,0,3a.csv
2361,4,4,0,3b.csv
2361,6,6,0,3c.csv
2361,6,6,0,3d.csv
2361,2,2,0,3e.csv
2361,1,1,0,3f.csv
2361,1,0,1,3g.csv
2362,10,7,3,1a.csv
2362,1,1,0,1b.csv
2362,0,0,0,1c.csv
2362,0,0,0,1e.csv
2362,0,0,0,1f.csv
2362,1,1,0,1g.csv
2362,0,0,0,1h.csv
2362,0,0,0,1i.csv
2362,0,0,0,1j.csv
2362,0,0,0,1k.csv
2362,7,7,0,1l.csv
2362,0,0,0,1m.csv
2362,0,0,0,2a.csv
2362,0,0,0,2b.csv
2362,0,0,0,2c.csv
2362,0,0,0,2d.csv
2362,1,1,0,2e.csv
2362,0,0,0,2f.csv
2362,0,0,0,2g.csv
2362,0,0,0,2h.csv
2362,0,0,0,2i.csv
2362,0,0,0,2j.csv
2362,0,0,0,2k.csv
2362,2,1,1,2l.csv
2362,14,12,2,3a.csv
2362,5,5,0,3b.csv
2362,6,5,1,3c.csv
2362,6,5,1,3d.csv
2362,2,2,0,3e.csv
2362,1,1,0,3f.csv
2362,1,0,1,3g.csv
2363,8,5,3,1a.csv
2363,1,1,0,1b.csv
2363,0,0,0,1c.csv
2363,0,0,0,1e.csv
2363,0,0,0,1f.csv
2363,0,0,0,1g.csv
2363,0,0,0,1h.csv
2363,0,0,0,1i.csv
2363,0,0,0,1j.csv
2363,0,0,0,1k.csv
2363,7,7,0,1l.csv
2363,1,1,0,1m.csv
2363,0,0,0,2a.csv
2363,0,0,0,2b.csv
2363,0,0,0,2c.csv
2363,0,0,0,2d.csv
2363,1,1,0,2e.csv
2363,0,0,0,2f.csv
2363,0,0,0,2g.csv
2363,0,0,0,2h.csv
2363,0,0,0,2i.csv
2363,0,0,0,2j.csv
2363,0,0,0,2k.csv
2363,2,1,1,2l.csv
2363,19,16,3,3a.csv
2363,5,5,0,3b.csv
2363,6,5,1,3c.csv
2363,6,5,1,3d.csv
2363,4,4,0,3e.csv
2363,2,2,0,3f.csv
2363,1,0,1,3g.csv
2364,5,3,2,1a.csv
2364,1,1,0,1b.csv
2364,0,0,0,1c.csv
2364,0,0,0,1e.csv
2364,0,0,0,1f.csv
2364,0,0,0,1g.csv
2364,0,0,0,1h.csv
2364,0,0,0,1i.csv
2364,0,0,0,1j.csv
2364,0,0,0,1k.csv
2364,5,5,0,1l.csv
2364,2,2,0,1m.csv
2364,0,0,0,2a.csv
2364,0,0,0,2b.csv
2364,0,0,0,2c.csv
2364,0,0,0,2d.csv
2364,1,1,0,2e.csv
2364,0,0,0,2f.csv
2364,0,0,0,2g.csv
2364,0,0,0,2h.csv
2364,0,0,0,2i.csv
2364,0,0,0,2j.csv
2364,0,0,0,2k.csv
2364,1,1,0,2l.csv
2364,21,18,3,3a.csv
2364,4,4,0,3b.csv
2364,3,2,1,3c.csv
2364,3,2,1,3d.csv
2364,5,5,0,3e.csv
2364,2,2,0,3f.csv
2364,1,0,1,3g.csv
2365,6,4,2,1a.csv
2365,1,1,0,1b.csv
2365,0,0,0,1c.csv
2365,0,0,0,1e.csv
2365,0,0,0,1f.csv
2365,0,0,0,1g.csv
2365,0,0,0,1h.csv
2365,0,0,0,1i.csv
2365,0,0,0,1j.csv
2365,0,0,0,1k.csv
2365,3,3,0,1l.csv
2365,2,2,0,1m.csv
2365,0,0,0,2a.csv
2365,0,0,0,2b.csv
2365,0,0,0,2c.csv
2365,0,0,0,2d.csv
2365,1,1,0,2e.csv
2365,0,0,0,2f.csv
2365,0,0,0,2g.csv
2365,0,0,0,2h.csv
2365,0,0,0,2i.csv
2365,0,0,0,2j.csv
2365,0,0,0,2k.csv
2365,1,1,0,2l.csv
2365,23,20,3,3a.csv
2365,5,5,0,3b.csv
2365,3,2,1,3c.csv
2365,3,2,1,3d.csv
2365,4,4,0,3e.csv
2365,3,3,0,3f.csv
2365,1,0,1,3g.csv
2366,5,4,1,1a.csv
2366,3,1,2,1b.csv
2366,0,0,0,1c.csv
2366,0,0,0,1e.csv
2366,0,0,0,1f.csv
2366,0,0,0,1g.csv
2366,0,0,0,1h.csv
2366,0,0,0,1i.csv
2366,0,0,0,1j.csv
2366,0,0,0,1k.csv
2366,2,2,0,1l.csv
2366,2,2,0,1m.csv
2366,0,0,0,2a.csv
2366,0,0,0,2b.csv
2366,0,0,0,2c.csv
2366,0,0,0,2d.csv
2366,1,1,0,2e.csv
2366,0,0,0,2f.csv
2366,0,0,0,2g.csv
2366,0,0,0,2h.csv
2366,0,0,0,2i.csv
2366,0,0,0,2j.csv
2366,0,0,0,2k.csv
2366,2,2,0,2l.csv
2366,22,18,4,3a.csv
2366,5,5,0,3b.csv
2366,5,4,1,3c.csv
2366,5,4,1,3d.csv
2366,5,4,1,3e.csv
2366,3,3,0,3f.csv
2366,1,0,1,3g.csv
2367,5,4,1,1a.csv
2367,3,1,2,1b.csv
2367,0,0,0,1c.csv
2367,0,0,0,1e.csv
2367,0,0,0,1f.csv
2367,1,1,0,1g.csv
2367,0,0,0,1h.csv
2367,0,0,0,1i.csv
2367,0,0,0,1j.csv
2367,0,0,0,1k.csv
2367,1,1,0,1l.csv
2367,2,2,0,1m.csv
2367,0,0,0,2a.csv
2367,0,0,0,2b.csv
2367,0,0,0,2c.csv
2367,0,0,0,2d.csv
2367,1,1,0,2e.csv
2367,0,0,0,2f.csv
2367,0,0,0,2g.csv
2367,0,0,0,2h.csv
2367,0,0,0,2i.csv
2367,0,0,0,2j.csv
2367,0,0,0,2k.csv
2367,2,2,0,2l.csv
2367,22,18,4,3a.csv
2367,4,4,0,3b.csv
2367,5,3,2,3c.csv
2367,5,3,2,3d.csv
2367,6,5,1,3e.csv
2367,3,3,0,3f.csv
2367,1,0,1,3g.csv
2368,6,5,1,1a.csv
2368,3,1,2,1b.csv
2368,1,1,0,1c.csv
2368,0,0,0,1e.csv
2368,0,0,0,1f.csv
2368,1,1,0,1g.csv
2368,0,0,0,1h.csv
2368,0,0,0,1i.csv
2368,0,0,0,1j.csv
2368,0,0,0,1k.csv
2368,1,1,0,1l.csv
2368,2,2,0,1m.csv
2368,0,0,0,2a.csv
2368,0,0,0,2b.csv
2368,0,0,0,2c.csv
2368,0,0,0,2d.csv
2368,0,0,0,2e.csv
2368,0,0,0,2f.csv
2368,0,0,0,2g.csv
2368,0,0,0,2h.csv
2368,0,0,0,2i.csv
2368,0,0,0,2j.csv
2368,0,0,0,2k.csv
2368,2,2,0,2l.csv
2368,25,21,4,3a.csv
2368,5,5,0,3b.csv
2368,6,4,2,3c.csv
2368,6,4,2,3d.csv
2368,6,5,1,3e.csv
2368,3,3,0,3f.csv
2368,1,0,1,3g.csv
2369,4,4,0,1a.csv
2369,3,1,2,1b.csv
2369,2,2,0,1c.csv
2369,0,0,0,1e.csv
2369,0,0,0,1f.csv
2369,1,1,0,1g.csv
2369,0,0,0,1h.csv
2369,0,0,0,1i.csv
2369,0,0,0,1j.csv
2369,0,0,0,1k.csv
2369,0,0,0,1l.csv
2369,2,2,0,1m.csv
2369,0,0,0,2a.csv
2369,0,0,0,2b.csv
2369,0,0,0,2c.csv
2369,0,0,0,2d.csv
2369,0,0,0,2e.csv
2369,1,0,1,2f.csv
2369,0,0,0,2g.csv
2369,0,0,0,2h.csv
2369,0,0,0,2i.csv
2369,0,0,0,2j.csv
2369,0,0,0,2k.csv
2369,2,2,0,2l.csv
2369,22,18,4,3a.csv
2369,5,5,0,3b.csv
2369,8,6,2,3c.csv
2369,8,6,2,3d.csv
2369,6,5,1,3e.csv
2369,3,3,0,3f.csv
2369,1,0,1,3g.csv
2370,4,4,0,1a.csv
2370,3,1,2,1b.csv
2370,2,2,0,1c.csv
2370,0,0,0,1e.csv
2370,0,0,0,1f.csv
2370,1,1,0,1g.csv
2370,0,0,0,1h.csv
2370,0,0,0,1i.csv
2370,0,0,0,1j.csv
2370,0,0,0,1k.csv
2370,1,1,0,1l.csv
2370,2,2,0,1m.csv
2370,0,0,0,2a.csv
2370,0,0,0,2b.csv
2370,0,0,0,2c.csv
2370,0,0,0,2d.csv
2370,0,0,0,2e.csv
2370,1,0,1,2f.csv
2370,0,0,0,2g.csv
2370,0,0,0,2h.csv
2370,0,0,0,2i.csv
2370,0,0,0,2j.csv
2370,0,0,0,2k.csv
2370,2,2,0,2l.csv
2370,22,19,3,3a.csv
2370,4,4,0,3b.csv
2370,8,6,2,3c.csv
2370,8,6,2,3d.csv
2370,6,5,1,3e.csv
2370,5,5,0,3f.csv
2370,1,0,1,3g.csv
2371,3,3,0,1a.csv
2371,3,1,2,1b.csv
2371,2,2,0,1c.csv
2371,0,0,0,1e.csv
2371,0,0,0,1f.csv
2371,1,1,0,1g.csv
2371,0,0,0,1h.csv
2371,0,0,0,1i.csv
2371,0,0,0,1j.csv
2371,0,0,0,1k.csv
2371,1,1,0,1l.csv
2371,1,1,0,1m.csv
2371,0,0,0,2a.csv
2371,0,0,0,2b.csv
2371,0,0,0,2c.csv
2371,0,0,0,2d.csv
2371,0,0,0,2e.csv
2371,1,0,1,2f.csv
2371,0,0,0,2g.csv
2371,0,0,0,2h.csv
2371,0,0,0,2i.csv
2371,0,0,0,2j.csv
2371,0,0,0,2k.csv
2371,2,2,0,2l.csv
2371,19,16,3,3a.csv
2371,6,5,1,3b.csv
2371,8,6,2,3c.csv
2371,8,6,2,3d.csv
2371,4,3,1,3e.csv
2371,5,5,0,3f.csv
2371,1,0,1,3g.csv
2372,3,3,0,1a.csv
2372,2,0,2,1b.csv
2372,2,2,0,1c.csv
2372,0,0,0,1e.csv
2372,0,0,0,1f.csv
2372,3,3,0,1g.csv
2372,0,0,0,1h.csv
2372,0,0,0,1i.csv
2372,0,0,0,1j.csv
2372,0,0,0,1k.csv
2372,1,1,0,1l.csv
2372,0,0,0,1m.csv
2372,0,0,0,2a.csv
2372,0,0,0,2b.csv
2372,0,0,0,2c.csv
2372,0,0,0,2d.csv
2372,0,0,0,2e.csv
2372,1,0,1,2f.csv
2372,0,0,0,2g.csv
2372,0,0,0,2h.csv
2372,0,0,0,2i.csv
2372,0,0,0,2j.csv
2372,0,0,0,2k.csv
2372,4,4,0,2l.csv
2372,22,18,4,3a.csv
2372,6,5,1,3b.csv
2372,12,10,2,3c.csv
2372,12,10,2,3d.csv
2372,3,2,1,3e.csv
2372,6,6,0,3f.csv
2372,0,0,0,3g.csv
2373,2,2,0,1a.csv
2373,2,0,2,1b.csv
2373,2,2,0,1c.csv
2373,0,0,0,1e.csv
2373,0,0,0,1f.csv
2373,3,3,0,1g.csv
2373,0,0,0,1h.csv
2373,0,0,0,1i.csv
2373,0,0,0,1j.csv
2373,0,0,0,1k.csv
2373,1,1,0,1l.csv
2373,0,0,0,1m.csv
2373,0,0,0,2a.csv
2373,1,1,0,2b.csv
2373,0,0,0,2c.csv
2373,0,0,0,2d.csv
2373,0,0,0,2e.csv
2373,1,0,1,2f.csv
2373,0,0,0,2g.csv
2373,0,0,0,2h.csv
2373,0,0,0,2i.csv
2373,0,0,0,2j.csv
2373,0,0,0,2k.csv
2373,5,5,0,2l.csv
2373,21,15,6,3a.csv
2373,5,4,1,3b.csv
2373,16,13,3,3c.csv
2373,16,13,3,3d.csv
2373,3,2,1,3e.csv
2373,5,5,0,3f.csv
2373,0,0,0,3g.csv
2374,2,2,0,1a.csv
2374,0,0,0,1b.csv
2374,3,3,0,1c.csv
2374,0,0,0,1e.csv
2374,0,0,0,1f.csv
2374,3,3,0,1g.csv
2374,0,0,0,1h.csv
2374,0,0,0,1i.csv
2374,0,0,0,1j.csv
2374,0,0,0,1k.csv
2374,1,1,0,1l.csv
2374,0,0,0,1m.csv
2374,0,0,0,2a.csv
2374,1,1,0,2b.csv
2374,0,0,0,2c.csv
2374,0,0,0,2d.csv
2374,0,0,0,2e.csv
2374,2,1,1,2f.csv
2374,0,0,0,2g.csv
2374,0,0,0,2h.csv
2374,0,0,0,2i.csv
2374,0,0,0,2j.csv
2374,0,0,0,2k.csv
2374,5,4,1,2l.csv
2374,22,16,6,3a.csv
2374,5,4,1,3b.csv
2374,15,12,3,3c.csv
2374,15,12,3,3d.csv
2374,1,1,0,3e.csv
2374,7,6,1,3f.csv
2374,0,0,0,3g.csv
2375,2,2,0,1a.csv
2375,0,0,0,1b.csv
2375,3,3,0,1c.csv
2375,0,0,0,1e.csv
2375,0,0,0,1f.csv
2375,2,2,0,1g.csv
2375,0,0,0,1h.csv
2375,0,0,0,1i.csv
2375,1,1,0,1j.csv
2375,0,0,0,1k.csv
2375,1,1,0,1l.csv
2375,0,0,0,1m.csv
2375,0,0,0,2a.csv
2375,1,1,0,2b.csv
2375,0,0,0,2c.csv
2375,0,0,0,2d.csv
2375,0,0,0,2e.csv
2375,2,1,1,2f.csv
2375,0,0,0,2g.csv
2375,0,0,0,2h.csv
2375,0,0,0,2i.csv
2375,0,0,0,2j.csv
2375,0,0,0,2k.csv
2375,5,4,1,2l.csv
2375,26,18,8,3a.csv
2375,6,5,1,3b.csv
2375,15,13,2,3c.csv
2375,15,13,2,3d.csv
2375,0,0,0,3e.csv
2375,11,10,1,3f.csv
2375,0,0,0,3g.csv
2376,1,1,0,1a.csv
2376,0,0,0,1b.csv
2376,2,2,0,1c.csv
2376,0,0,0,1e.csv
2376,0,0,0,1f.csv
2376,2,2,0,1g.csv
2376,0,0,0,1h.csv
2376,0,0,0,1i.csv
2376,1,1,0,1j.csv
2376,0,0,0,1k.csv
2376,2,2,0,1l.csv
2376,0,0,0,1m.csv
2376,0,0,0,2a.csv
2376,1,1,0,2b.csv
2376,0,0,0,2c.csv
2376,0,0,0,2d.csv
2376,0,0,0,2e.csv
2376,2,1,1,2f.csv
2376,0,0,0,2g.csv
2376,0,0,0,2h.csv
2376,0,0,0,2i.csv
2376,0,0,0,2j.csv
2376,0,0,0,2k.csv
2376,7,6,1,2l.csv
2376,26,17,9,3a.csv
2376,6,5,1,3b.csv
2376,17,14,3,3c.csv
2376,17,14,3,3d.csv
2376,0,0,0,3e.csv
2376,11,10,1,3f.csv
2376,0,0,0,3g.csv
2377,1,1,0,1a.csv
2377,1,1,0,1b.csv
2377,2,2,0,1c.csv
2377,0,0,0,1e.csv
2377,0,0,0,1f.csv
2377,3,3,0,1g.csv
2377,0,0,0,1h.csv
2377,0,0,0,1i.csv
2377,1,1,0,1j.csv
2377,0,0,0,1k.csv
2377,3,3,0,1l.csv
2377,0,0,0,1m.csv
2377,0,0,0,2a.csv
2377,1,1,0,2b.csv
2377,0,0,0,2c.csv
2377,0,0,0,2d.csv
2377,0,0,0,2e.csv
2377,1,1,0,2f.csv
2377,0,0,0,2g.csv
2377,0,0,0,2h.csv
2377,0,0,0,2i.csv
2377,0,0,0,2j.csv
2377,0,0,0,2k.csv
2377,7,6,1,2l.csv
2377,29,19,10,3a.csv
2377,7,6,1,3b.csv
2377,16,13,3,3c.csv
2377,16,13,3,3d.csv
2377,0,0,0,3e.csv
2377,11,10,1,3f.csv
2377,0,0,0,3g.csv
2378,2,2,0,1a.csv
2378,2,2,0,1b.csv
2378,2,2,0,1c.csv
2378,0,0,0,1e.csv
2378,0,0,0,1f.csv
2378,3,3,0,1g.csv
2378,1,0,1,1h.csv
2378,0,0,0,1i.csv
2378,1,1,0,1j.csv
2378,0,0,0,1k.csv
2378,2,2,0,1l.csv
2378,0,0,0,1m.csv
2378,0,0,0,2a.csv
2378,1,1,0,2b.csv
2378,0,0,0,2c.csv
2378,0,0,0,2d.csv
2378,0,0,0,2e.csv
2378,1,1,0,2f.csv
2378,0,0,0,2g.csv
2378,0,0,0,2h.csv
2378,0,0,0,2i.csv
2378,0,0,0,2j.csv
2378,0,0,0,2k.csv
2378,7,6,1,2l.csv
2378,35,26,9,3a.csv
2378,8,6,2,3b.csv
2378,17,12,5,3c.csv
2378,17,12,5,3d.csv
2378,0,0,0,3e.csv
2378,9,8,1,3f.csv
2378,1,1,0,3g.csv
2379,2,2,0,1a.csv
2379,3,3,0,1b.csv
2379,2,2,0,1c.csv
2379,0,0,0,1e.csv
2379,0,0,0,1f.csv
2379,3,3,0,1g.csv
2379,1,0,1,1h.csv
2379,0,0,0,1i.csv
2379,2,2,0,1j.csv
2379,0,0,0,1k.csv
2379,2,2,0,1l.csv
2379,0,0,0,1m.csv
2379,0,0,0,2a.csv
2379,1,1,0,2b.csv
2379,0,0,0,2c.csv
2379,0,0,0,2d.csv
2379,1,1,0,2e.csv
2379,1,1,0,2f.csv
2379,0,0,0,2g.csv
2379,0,0,0,2h.csv
2379,0,0,0,2i.csv
2379,0,0,0,2j.csv
2379,0,0,0,2k.csv
2379,7,6,1,2l.csv
2379,38,29,9,3a.csv
2379,5,4,1,3b.csv
2379,18,13,5,3c.csv
2379,18,13,5,3d.csv
2379,0,0,0,3e.csv
2379,8,7,1,3f.csv
2379,2,2,0,3g.csv
2380,2,2,0,1a.csv
2380,3,3,0,1b.csv
2380,2,2,0,1c.csv
2380,0,0,0,1e.csv
2380,0,0,0,1f.csv
2380,1,1,0,1g.csv
2380,2,1,1,1h.csv
2380,0,0,0,1i.csv
2380,2,2,0,1j.csv
2380,0,0,0,1k.csv
2380,2,2,0,1l.csv
2380,0,0,0,1m.csv
2380,1,0,1,2a.csv
2380,1,1,0,2b.csv
2380,0,0,0,2c.csv
2380,0,0,0,2d.csv
2380,1,1,0,2e.csv
2380,1,1,0,2f.csv
2380,0,0,0,2g.csv
2380,0,0,0,2h.csv
2380,0,0,0,2i.csv
2380,1,1,0,2j.csv
2380,0,0,0,2k.csv
2380,5,4,1,2l.csv
2380,36,28,8,3a.csv
2380,5,4,1,3b.csv
2380,16,11,5,3c.csv
2380,16,11,5,3d.csv
2380,0,0,0,3e.csv
2380,9,7,2,3f.csv
2380,2,2,0,3g.csv
2381,3,3,0,1a.csv
2381,4,4,0,1b.csv
2381,2,2,0,1c.csv
2381,0,0,0,1e.csv
2381,0,0,0,1f.csv
2381,1,1,0,1g.csv
2381,2,1,1,1h.csv
2381,0,0,0,1i.csv
2381,4,3,1,1j.csv
2381,0,0,0,1k.csv
2381,2,2,0,1l.csv
2381,0,0,0,1m.csv
2381,1,0,1,2a.csv
2381,0,0,0,2b.csv
2381,0,0,0,2c.csv
2381,0,0,0,2d.csv
2381,2,2,0,2e.csv
2381,1,1,0,2f.csv
2381,0,0,0,2g.csv
2381,0,0,0,2h.csv
2381,0,0,0,2i.csv
2381,1,1,0,2j.csv
2381,0,0,0,2k.csv
2381,4,3,1,2l.csv
2381,34,28,6,3a.csv
2381,5,4,1,3b.csv
2381,16,12,4,3c.csv
2381,16,12,4,3d.csv
2381,1,1,0,3e.csv
2381,9,7,2,3f.csv
2381,3,3,0,3g.csv
2382,4,4,0,1a.csv
2382,4,4,0,1b.csv
2382,1,1,0,1c.csv
2382,0,0,0,1e.csv
2382,0,0,0,1f.csv
2382,2,2,0,1g.csv
2382,2,1,1,1h.csv
2382,0,0,0,1i.csv
2382,4,3,1,1j.csv
2382,0,0,0,1k.csv
2382,2,2,0,1l.csv
2382,0,0,0,1m.csv
2382,1,0,1,2a.csv
2382,0,0,0,2b.csv
2382,1,1,0,2c.csv
2382,0,0,0,2d.csv
2382,2,2,0,2e.csv
2382,0,0,0,2f.csv
2382,0,0,0,2g.csv
2382,0,0,0,2h.csv
2382,0,0,0,2i.csv
2382,1,1,0,2j.csv
2382,0,0,0,2k.csv
2382,3,3,0,2l.csv
2382,34,29,5,3a.csv
2382,5,4,1,3b.csv
2382,17,13,4,3c.csv
2382,17,13,4,3d.csv
2382,1,1,0,3e.csv
2382,8,7,1,3f.csv
2382,6,6,0,3g.csv
2383,4,4,0,1a.csv
2383,4,4,0,1b.csv
2383,1,1,0,1c.csv
2383,0,0,0,1e.csv
2383,0,0,0,1f.csv
2383,2,2,0,1g.csv
2383,2,1,1,1h.csv
2383,0,0,0,1i.csv
2383,3,2,1,1j.csv
2383,0,0,0,1k.csv
2383,2,2,0,1l.csv
2383,0,0,0,1m.csv
2383,1,0,1,2a.csv
2383,0,0,0,2b.csv
2383,1,1,0,2c.csv
2383,0,0,0,2d.csv
2383,2,2,0,2e.csv
2383,0,0,0,2f.csv
2383,0,0,0,2g.csv
2383,0,0,0,2h.csv
2383,0,0,0,2i.csv
2383,1,1,0,2j.csv
2383,0,0,0,2k.csv
2383,3,3,0,2l.csv
2383,32,29,3,3a.csv
2383,4,3,1,3b.csv
2383,19,12,7,3c.csv
2383,19,12,7,3d.csv
2383,1,1,0,3e.csv
2383,5,4,1,3f.csv
2383,8,8,0,3g.csv
2384,4,4,0,1a.csv
2384,4,4,0,1b.csv
2384,1,1,0,1c.csv
2384,0,0,0,1e.csv
2384,0,0,0,1f.csv
2384,3,3,0,1g.csv
2384,2,1,1,1h.csv
2384,0,0,0,1i.csv
2384,4,3,1,1j.csv
2384,0,0,0,1k.csv
2384,1,1,0,1l.csv
2384,0,0,0,1m.csv
2384,1,0,1,2a.csv
2384,0,0,0,2b.csv
2384,1,1,0,2c.csv
2384,1,1,0,2d.csv
2384,2,2,0,2e.csv
2384,0,0,0,2f.csv
2384,0,0,0,2g.csv
2384,0,0,0,2h.csv
2384,0,0,0,2i.csv
2384,1,1,0,2j.csv
2384,0,0,0,2k.csv
2384,1,1,0,2l.csv
2384,31,28,3,3a.csv
2384,3,2,1,3b.csv
2384,19,13,6,3c.csv
2384,19,13,6,3d.csv
2384,1,1,0,3e.csv
2384,5,4,1,3f.csv
2384,11,11,0,3g.csv
2385,6,5,1,1a.csv
2385,3,3,0,1b.csv
2385,0,0,0,1c.csv
2385,0,0,0,1e.csv
2385,0,0,0,1f.csv
2385,2,2,0,1g.csv
2385,2,1,1,1h.csv
2385,0,0,0,1i.csv
2385,4,3,1,1j.csv
2385,0,0,0,1k.csv
2385,1,1,0,1l.csv
2385,0,0,0,1m.csv
2385,1,0,1,2a.csv
2385,0,0,0,2b.csv
2385,1,1,0,2c.csv
2385,1,1,0,2d.csv
2385,2,2,0,2e.csv
2385,0,0,0,2f.csv
2385,0,0,0,2g.csv
2385,0,0,0,2h.csv
2385,0,0,0,2i.csv
2385,1,1,0,2j.csv
2385,0,0,0,2k.csv
2385,1,1,0,2l.csv
2385,32,30,2,3a.csv
2385,3,2,1,3b.csv
2385,21,15,6,3c.csv
2385,21,15,6,3d.csv
2385,1,1,0,3e.csv
2385,4,3,1,3f.csv
2385,11,11,0,3g.csv
2386,6,5,1,1a.csv
2386,2,2,0,1b.csv
2386,0,0,0,1c.csv
2386,0,0,0,1e.csv
2386,0,0,0,1f.csv
2386,2,2,0,1g.csv
2386,1,1,0,1h.csv
2386,0,0,0,1i.csv
2386,4,3,1,1j.csv
2386,0,0,0,1k.csv
2386,3,3,0,1l.csv
2386,0,0,0,1m.csv
2386,1,0,1,2a.csv
2386,0,0,0,2b.csv
2386,1,1,0,2c.csv
2386,1,1,0,2d.csv
2386,2,2,0,2e.csv
2386,0,0,0,2f.csv
2386,0,0,0,2g.csv
2386,0,0,0,2h.csv
2386,0,0,0,2i.csv
2386,1,1,0,2j.csv
2386,0,0,0,2k.csv
2386,0,0,0,2l.csv
2386,25,22,3,3a.csv
2386,2,1,1,3b.csv
2386,20,17,3,3c.csv
2386,20,17,3,3d.csv
2386,2,2,0,3e.csv
2386,6,5,1,3f.csv
2386,11,11,0,3g.csv
2387,6,5,1,1a.csv
2387,1,1,0,1b.csv
2387,0,0,0,1c.csv
2387,0,0,0,1e.csv
2387,0,0,0,1f.csv
2387,3,3,0,1g.csv
2387,3,3,0,1h.csv
2387,0,0,0,1i.csv
2387,3,2,1,1j.csv
2387,0,0,0,1k.csv
2387,3,3,0,1l.csv
2387,0,0,0,1m.csv
2387,1,0,1,2a.csv
2387,0,0,0,2b.csv
2387,1,1,0,2c.csv
2387,1,1,0,2d.csv
2387,1,1,0,2e.csv
2387,0,0,0,2f.csv
2387,0,0,0,2g.csv
2387,0,0,0,2h.csv
2387,0,0,0,2i.csv
2387,1,1,0,2j.csv
2387,0,0,0,2k.csv
2387,0,0,0,2l.csv
2387,22,20,2,3a.csv
2387,2,1,1,3b.csv
2387,20,17,3,3c.csv
2387,20,17,3,3d.csv
2387,2,2,0,3e.csv
2387,6,5,1,3f.csv
2387,11,11,0,3g.csv
2388,8,7,1,1a.csv
2388,1,1,0,1b.csv
2388,0,0,0,1c.csv
2388,0,0,0,1e.csv
2388,0,0,0,1f.csv
2388,3,3,0,1g.csv
2388,2,2,0,1h.csv
2388,0,0,0,1i.csv
2388,3,2,1,1j.csv
2388,0,0,0,1k.csv
2388,3,3,0,1l.csv
2388,0,0,0,1m.csv
2388,0,0,0,2a.csv
2388,0,0,0,2b.csv
2388,1,1,0,2c.csv
2388,1,1,0,2d.csv
2388,1,1,0,2e.csv
2388,0,0,0,2f.csv
2388,0,0,0,2g.csv
2388,0,0,0,2h.csv
2388,0,0,0,2i.csv
2388,0,0,0,2j.csv
2388,0,0,0,2k.csv
2388,0,0,0,2l.csv
2388,21,19,2,3a.csv
2388,2,1,1,3b.csv
2388,20,17,3,3c.csv
2388,20,17,3,3d.csv
2388,2,2,0,3e.csv
2388,4,4,0,3f.csv
2388,11,11,0,3g.csv
2389,9,8,1,1a.csv
2389,1,1,0,1b.csv
2389,0,0,0,1c.csv
2389,0,0,0,1e.csv
2389,0,0,0,1f.csv
2389,3,3,0,1g.csv
2389,2,2,0,1h.csv
2389,0,0,0,1i.csv
2389,1,1,0,1j.csv
2389,0,0,0,1k.csv
2389,4,4,0,1l.csv
2389,0,0,0,1m.csv
2389,0,0,0,2a.csv
2389,0,0,0,2b.csv
2389,1,1,0,2c.csv
2389,1,1,0,2d.csv
2389,0,0,0,2e.csv
2389,0,0,0,2f.csv
2389,0,0,0,2g.csv
2389,0,0,0,2h.csv
2389,0,0,0,2i.csv
2389,0,0,0,2j.csv
2389,0,0,0,2k.csv
2389,0,0,0,2l.csv
2389,22,20,2,3a.csv
2389,4,3,1,3b.csv
2389,16,13,3,3c.csv
2389,16,13,3,3d.csv
2389,2,2,0,3e.csv
2389,9,8,1,3f.csv
2389,10,10,0,3g.csv
2390,8,7,1,1a.csv
2390,1,1,0,1b.csv
2390,0,0,0,1c.csv
2390,0,0,0,1e.csv
2390,0,0,0,1f.csv
2390,2,2,0,1g.csv
2390,2,2,0,1h.csv
2390,0,0,0,1i.csv
2390,2,2,0,1j.csv
2390,0,0,0,1k.csv
2390,4,4,0,1l.csv
2390,0,0,0,1m.csv
2390,0,0,0,2a.csv
2390,0,0,0,2b.csv
2390,0,0,0,2c.csv
2390,1,1,0,2d.csv
2390,0,0,0,2e.csv
2390,0,0,0,2f.csv
2390,0,0,0,2g.csv
2390,0,0,0,2h.csv
2390,0,0,0,2i.csv
2390,0,0,0,2j.csv
2390,0,0,0,2k.csv
2390,0,0,0,2l.csv
2390,19,17,2,3a.csv
2390,4,3,1,3b.csv
2390,14,11,3,3c.csv
2390,14,11,3,3d.csv
2390,3,2,1,3e.csv
2390,10,9,1,3f.csv
2390,8,8,0,3g.csv
2391,7,6,1,1a.csv
2391,2,2,0,1b.csv
2391,0,0,0,1c.csv
2391,0,0,0,1e.csv
2391,0,0,0,1f.csv
2391,3,3,0,1g.csv
2391,2,2,0,1h.csv
2391,1,1,0,1i.csv
2391,2,2,0,1j.csv
2391,0,0,0,1k.csv
2391,4,4,0,1l.csv
2391,0,0,0,1m.csv
2391,0,0,0,2a.csv
2391,0,0,0,2b.csv
2391,0,0,0,2c.csv
2391,1,1,0,2d.csv
2391,0,0,0,2e.csv
2391,0,0,0,2f.csv
2391,0,0,0,2g.csv
2391,0,0,0,2h.csv
2391,0,0,0,2i.csv
2391,0,0,0,2j.csv
2391,0,0,0,2k.csv
2391,0,0,0,2l.csv
2391,17,15,2,3a.csv
2391,4,3,1,3b.csv
2391,12,12,0,3c.csv
2391,12,12,0,3d.csv
2391,5,3,2,3e.csv
2391,11,10,1,3f.csv
2391,6,6,0,3g.csv
2392,8,6,2,1a.csv
2392,3,3,0,1b.csv
2392,0,0,0,1c.csv
2392,0,0,0,1e.csv
2392,0,0,0,1f.csv
2392,4,4,0,1g.csv
2392,2,2,0,1h.csv
2392,1,1,0,1i.csv
2392,1,1,0,1j.csv
2392,0,0,0,1k.csv
2392,4,4,0,1l.csv
2392,1,1,0,1m.csv
2392,0,0,0,2a.csv
2392,1,1,0,2b.csv
2392,0,0,0,2c.csv
2392,0,0,0,2d.csv
2392,0,0,0,2e.csv
2392,0,0,0,2f.csv
2392,0,0,0,2g.csv
2392,0,0,0,2h.csv
2392,0,0,0,2i.csv
2392,0,0,0,2j.csv
2392,0,0,0,2k.csv
2392,2,1,1,2l.csv
2392,15,14,1,3a.csv
2392,4,3,1,3b.csv
2392,12,11,1,3c.csv
2392,12,11,1,3d.csv
2392,5,3,2,3e.csv
2392,12,10,2,3f.csv
2392,3,3,0,3g.csv
2393,7,5,2,1a.csv
2393,3,3,0,1b.csv
2393,0,0,0,1c.csv
2393,0,0,0,1e.csv
2393,0,0,0,1f.csv
2393,4,4,0,1g.csv
2393,2,2,0,1h.csv
2393,1,1,0,1i.csv
2393,1,1,0,1j.csv
2393,0,0,0,1k.csv
2393,3,3,0,1l.csv
2393,1,1,0,1m.csv
2393,0,0,0,2a.csv
2393,2,2,0,2b.csv
2393,0,0,0,2c.csv
2393,0,0,0,2d.csv
2393,0,0,0,2e.csv
2393,0,0,0,2f.csv
2393,0,0,0,2g.csv
2393,0,0,0,2h.csv
2393,0,0,0,2i.csv
2393,0,0,0,2j.csv
2393,0,0,0,2k.csv
2393,2,1,1,2l.csv
2393,11,10,1,3a.csv
2393,3,2,1,3b.csv
2393,12,10,2,3c.csv
2393,12,10,2,3d.csv
2393,6,4,2,3e.csv
2393,13,11,2,3f.csv
2393,3,3,0,3g.csv
2394,8,6,2,1a.csv
2394,4,4,0,1b.csv
2394,0,0,0,1c.csv
2394,0,0,0,1e.csv
2394,0,0,0,1f.csv
2394,5,5,0,1g.csv
2394,2,2,0,1h.csv
2394,1,1,0,1i.csv
2394,1,1,0,1j.csv
2394,0,0,0,1k.csv
2394,1,1,0,1l.csv
2394,1,1,0,1m.csv
2394,0,0,0,2a.csv
2394,3,3,0,2b.csv
2394,0,0,0,2c.csv
2394,0,0,0,2d.csv
2394,0,0,0,2e.csv
2394,0,0,0,2f.csv
2394,0,0,0,2g.csv
2394,0,0,0,2h.csv
2394,0,0,0,2i.csv
2394,0,0,0,2j.csv
2394,0,0,0,2k.csv
2394,2,1,1,2l.csv
2394,9,9,0,3a.csv
2394,2,2,0,3b.csv
2394,14,12,2,3c.csv
2394,14,12,2,3d.csv
2394,5,3,2,3e.csv
2394,11,9,2,3f.csv
2394,2,2,0,3g.csv
2395,9,7,2,1a.csv
2395,4,4,0,1b.csv
2395,0,0,0,1c.csv
2395,0,0,0,1e.csv
2395,0,0,0,1f.csv
2395,4,4,0,1g.csv
2395,1,0,1,1h.csv
2395,1,1,0,1i.csv
2395,1,1,0,1j.csv
2395,0,0,0,1k.csv
2395,1,1,0,1l.csv
2395,1,1,0,1m.csv
2395,0,0,0,2a.csv
2395,5,5,0,2b.csv
2395,0,0,0,2c.csv
2395,0,0,0,2d.csv
2395,0,0,0,2e.csv
2395,0,0,0,2f.csv
2395,0,0,0,2g.csv
2395,0,0,0,2h.csv
2395,0,0,0,2i.csv
2395,0,0,0,2j.csv
2395,0,0,0,2k.csv
2395,2,1,1,2l.csv
2395,9,8,1,3a.csv
2395,2,2,0,3b.csv
2395,14,12,2,3c.csv
2395,14,12,2,3d.csv
2395,5,3,2,3e.csv
2395,11,9,2,3f.csv
2395,1,1,0,3g.csv
2396,8,6,2,1a.csv
2396,4,4,0,1b.csv
2396,0,0,0,1c.csv
2396,0,0,0,1e.csv
2396,0,0,0,1f.csv
2396,4,4,0,1g.csv
2396,1,0,1,1h.csv
2396,1,1,0,1i.csv
2396,1,1,0,1j.csv
2396,0,0,0,1k.csv
2396,1,1,0,1l.csv
2396,1,1,0,1m.csv
2396,0,0,0,2a.csv
2396,7,7,0,2b.csv
2396,0,0,0,2c.csv
2396,0,0,0,2d.csv
2396,0,0,0,2e.csv
2396,0,0,0,2f.csv
2396,0,0,0,2g.csv
2396,0,0,0,2h.csv
2396,0,0,0,2i.csv
2396,0,0,0,2j.csv
2396,0,0,0,2k.csv
2396,2,1,1,2l.csv
2396,8,7,1,3a.csv
2396,2,2,0,3b.csv
2396,14,11,3,3c.csv
2396,14,11,3,3d.csv
2396,5,3,2,3e.csv
2396,15,13,2,3f.csv
2396,3,2,1,3g.csv
2397,7,5,2,1a.csv
2397,3,3,0,1b.csv
2397,0,0,0,1c.csv
2397,0,0,0,1e.csv
2397,0,0,0,1f.csv
2397,4,4,0,1g.csv
2397,1,0,1,1h.csv
2397,1,1,0,1i.csv
2397,1,1,0,1j.csv
2397,0,0,0,1k.csv
2397,0,0,0,1l.csv
2397,1,1,0,1m.csv
2397,0,0,0,2a.csv
2397,8,8,0,2b.csv
2397,0,0,0,2c.csv
2397,0,0,0,2d.csv
2397,0,0,0,2e.csv
2397,0,0,0,2f.csv
2397,0,0,0,2g.csv
2397,0,0,0,2h.csv
2397,0,0,0,2i.csv
2397,0,0,0,2j.csv
2397,0,0,0,2k.csv
2397,2,1,1,2l.csv
2397,7,6,1,3a.csv
2397,1,1,0,3b.csv
2397,16,13,3,3c.csv
2397,16,13,3,3d.csv
2397,4,2,2,3e.csv
2397,11,9,2,3f.csv
2397,3,2,1,3g.csv
2398,9,7,2,1a.csv
2398,4,4,0,1b.csv
2398,1,1,0,1c.csv
2398,0,0,0,1e.csv
2398,0,0,0,1f.csv
2398,4,4,0,1g.csv
2398,2,0,2,1h.csv
2398,2,1,1,1i.csv
2398,0,0,0,1j.csv
2398,0,0,0,1k.csv
2398,0,0,0,1l.csv
2398,1,1,0,1m.csv
2398,0,0,0,2a.csv
2398,8,8,0,2b.csv
2398,0,0,0,2c.csv
2398,0,0,0,2d.csv
2398,0,0,0,2e.csv
2398,0,0,0,2f.csv
2398,0,0,0,2g.csv
2398,0,0,0,2h.csv
2398,0,0,0,2i.csv
2398,0,0,0,2j.csv
2398,0,0,0,2k.csv
2398,2,1,1,2l.csv
2398,7,6,1,3a.csv
2398,2,1,1,3b.csv
2398,17,14,3,3c.csv
2398,17,14,3,3d.csv
2398,4,3,1,3e.csv
2398,10,8,2,3f.csv
2398,2,1,1,3g.csv
2399,10,8,2,1a.csv
2399,5,5,0,1b.csv
2399,1,1,0,1c.csv
2399,0,0,0,1e.csv
2399,0,0,0,1f.csv
2399,4,4,0,1g.csv
2399,2,0,2,1h.csv
2399,2,1,1,1i.csv
2399,0,0,0,1j.csv
2399,0,0,0,1k.csv
2399,0,0,0,1l.csv
2399,1,1,0,1m.csv
2399,0,0,0,2a.csv
2399,10,10,0,2b.csv
2399,0,0,0,2c.csv
2399,0,0,0,2d.csv
2399,0,0,0,2e.csv
2399,0,0,0,2f.csv
2399,0,0,0,2g.csv
2399,0,0,0,2h.csv
2399,0,0,0,2i.csv
2399,1,1,0,2j.csv
2399,0,0,0,2k.csv
2399,2,1,1,2l.csv
2399,8,7,1,3a.csv
2399,3,1,2,3b.csv
2399,22,19,3,3c.csv
2399,22,19,3,3d.csv
2399,2,2,0,3e.csv
2399,10,8,2,3f.csv
2399,2,1,1,3g.csv
2400,10,9,1,1a.csv
2400,5,5,0,1b.csv
2400,1,1,0,1c.csv
2400,0,0,0,1e.csv
2400,0,0,0,1f.csv
2400,2,2,0,1g.csv
2400,2,0,2,1h.csv
2400,3,2,1,1i.csv
2400,0,0,0,1j.csv
2400,0,0,0,1k.csv
2400,1,1,0,1l.csv
2400,0,0,0,1m.csv
2400,2,2,0,2a.csv
2400,9,9,0,2b.csv
2400,0,0,0,2c.csv
2400,0,0,0,2d.csv
2400,0,0,0,2e.csv
2400,0,0,0,2f.csv
2400,0,0,0,2g.csv
2400,0,0,0,2h.csv
2400,0,0,0,2i.csv
2400,1,1,0,2j.csv
2400,0,0,0,2k.csv
2400,2,1,1,2l.csv
2400,7,6,1,3a.csv
2400,3,1,2,3b.csv
2400,21,18,3,3c.csv
2400,21,18,3,3d.csv
2400,2,2,0,3e.csv
2400,10,9,1,3f.csv
2400,3,2,1,3g.csv
2401,10,9,1,1a.csv
2401,7,7,0,1b.csv
2401,2,2,0,1c.csv
2401,0,0,0,1e.csv
2401,0,0,0,1f.csv
2401,2,2,0,1g.csv
2401,2,0,2,1h.csv
2401,3,2,1,1i.csv
2401,0,0,0,1j.csv
2401,0,0,0,1k.csv
2401,2,2,0,1l.csv
2401,0,0,0,1m.csv
2401,2,2,0,2a.csv
2401,8,8,0,2b.csv
2401,0,0,0,2c.csv
2401,0,0,0,2d.csv
2401,0,0,0,2e.csv
2401,0,0,0,2f.csv
2401,0,0,0,2g.csv
2401,0,0,0,2h.csv
2401,0,0,0,2i.csv
2401,1,1,0,2j.csv
2401,0,0,0,2k.csv
2401,2,1,1,2l.csv
2401,7,5,2,3a.csv
2401,3,1,2,3b.csv
2401,20,18,2,3c.csv
2401,20,18,2,3d.csv
2401,1,1,0,3e.csv
2401,10,9,1,3f.csv
2401,3,2,1,3g.csv
2402,9,8,1,1a.csv
2402,6,6,0,1b.csv
2402,2,2,0,1c.csv
2402,0,0,0,1e.csv
2402,0,0,0,1f.csv
2402,2,2,0,1g.csv
2402,2,0,2,1h.csv
2402,5,3,2,1i.csv
2402,0,0,0,1j.csv
2402,0,0,0,1k.csv
2402,2,2,0,1l.csv
2402,0,0,0,1m.csv
2402,2,2,0,2a.csv
2402,7,7,0,2b.csv
2402,0,0,0,2c.csv
2402,0,0,0,2d.csv
2402,0,0,0,2e.csv
2402,0,0,0,2f.csv
2402,0,0,0,2g.csv
2402,0,0,0,2h.csv
2402,0,0,0,2i.csv
2402,1,1,0,2j.csv
2402,0,0,0,2k.csv
2402,3,1,2,2l.csv
2402,6,4,2,3a.csv
2402,3,1,2,3b.csv
2402,18,16,2,3c.csv
2402,18,16,2,3d.csv
2402,1,1,0,3e.csv
2402,10,9,1,3f.csv
2402,3,2,1,3g.csv
2403,8,7,1,1a.csv
2403,6,6,0,1b.csv
2403,2,2,0,1c.csv
2403,0,0,0,1e.csv
2403,0,0,0,1f.csv
2403,2,2,0,1g.csv
2403,1,0,1,1h.csv
2403,5,3,2,1i.csv
2403,0,0,0,1j.csv
2403,0,0,0,1k.csv
2403,2,2,0,1l.csv
2403,0,0,0,1m.csv
2403,2,2,0,2a.csv
2403,6,6,0,2b.csv
2403,0,0,0,2c.csv
2403,0,0,0,2d.csv
2403,0,0,0,2e.csv
2403,0,0,0,2f.csv
2403,0,0,0,2g.csv
2403,0,0,0,2h.csv
2403,0,0,0,2i.csv
2403,1,1,0,2j.csv
2403,0,0,0,2k.csv
2403,4,1,3,2l.csv
2403,5,4,1,3a.csv
2403,4,1,3,3b.csv
2403,19,17,2,3c.csv
2403,19,17,2,3d.csv
2403,1,1,0,3e.csv
2403,10,9,1,3f.csv
2403,3,2,1,3g.csv
2404,7,6,1,1a.csv
2404,8,8,0,1b.csv
2404,3,3,0,1c.csv
2404,0,0,0,1e.csv
2404,0,0,0,1f.csv
2404,3,3,0,1g.csv
2404,1,0,1,1h.csv
2404,5,3,2,1i.csv
2404,0,0,0,1j.csv
2404,0,0,0,1k.csv
2404,2,2,0,1l.csv
2404,0,0,0,1m.csv
2404,3,3,0,2a.csv
2404,4,4,0,2b.csv
2404,0,0,0,2c.csv
2404,0,0,0,2d.csv
2404,0,0,0,2e.csv
2404,0,0,0,2f.csv
2404,0,0,0,2g.csv
2404,0,0,0,2h.csv
2404,0,0,0,2i.csv
2404,1,1,0,2j.csv
2404,0,0,0,2k.csv
2404,4,1,3,2l.csv
2404,4,3,1,3a.csv
2404,4,1,3,3b.csv
2404,18,16,2,3c.csv
2404,18,16,2,3d.csv
2404,1,1,0,3e.csv
2404,7,6,1,3f.csv
2404,1,1,0,3g.csv
2405,8,7,1,1a.csv
2405,8,8,0,1b.csv
2405,4,4,0,1c.csv
2405,0,0,0,1e.csv
2405,0,0,0,1f.csv
2405,3,3,0,1g.csv
2405,1,0,1,1h.csv
2405,5,3,2,1i.csv
2405,0,0,0,1j.csv
2405,0,0,0,1k.csv
2405,2,2,0,1l.csv
2405,0,0,0,1m.csv
2405,4,3,1,2a.csv
2405,4,4,0,2b.csv
2405,0,0,0,2c.csv
2405,0,0,0,2d.csv
2405,0,0,0,2e.csv
2405,0,0,0,2f.csv
2405,0,0,0,2g.csv
2405,0,0,0,2h.csv
2405,0,0,0,2i.csv
2405,1,1,0,2j.csv
2405,0,0,0,2k.csv
2405,6,3,3,2l.csv
2405,3,2,1,3a.csv
2405,3,0,3,3b.csv
2405,19,17,2,3c.csv
2405,19,17,2,3d.csv
2405,1,1,0,3e.csv
2405,6,6,0,3f.csv
2405,1,1,0,3g.csv
2406,6,5,1,1a.csv
2406,8,7,1,1b.csv
2406,3,3,0,1c.csv
2406,0,0,0,1e.csv
2406,0,0,0,1f.csv
2406,3,3,0,1g.csv
2406,0,0,0,1h.csv
2406,4,3,1,1i.csv
2406,0,0,0,1j.csv
2406,0,0,0,1k.csv
2406,2,2,0,1l.csv
2406,0,0,0,1m.csv
2406,5,3,2,2a.csv
2406,4,4,0,2b.csv
2406,0,0,0,2c.csv
2406,0,0,0,2d.csv
2406,0,0,0,2e.csv
2406,0,0,0,2f.csv
2406,0,0,0,2g.csv
2406,0,0,0,2h.csv
2406,0,0,0,2i.csv
2406,1,1,0,2j.csv
2406,0,0,0,2k.csv
2406,6,3,3,2l.csv
2406,3,2,1,3a.csv
2406,2,0,2,3b.csv
2406,22,19,3,3c.csv
2406,22,19,3,3d.csv
2406,0,0,0,3e.csv
2406,5,5,0,3f.csv
2406,1,1,0,3g.csv
2407,5,4,1,1a.csv
2407,7,6,1,1b.csv
2407,3,3,0,1c.csv
2407,0,0,0,1e.csv
2407,0,0,0,1f.csv
2407,2,2,0,1g.csv
2407,0,0,0,1h.csv
2407,3,2,1,1i.csv
2407,0,0,0,1j.csv
2407,0,0,0,1k.csv
2407,2,2,0,1l.csv
2407,0,0,0,1m.csv
2407,5,3,2,2a.csv
2407,2,2,0,2b.csv
2407,0,0,0,2c.csv
2407,0,0,0,2d.csv
2407,0,0,0,2e.csv
2407,0,0,0,2f.csv
2407,0,0,0,2g.csv
2407,0,0,0,2h.csv
2407,0,0,0,2i.csv
2407,0,0,0,2j.csv
2407,0,0,0,2k.csv
2407,6,3,3,2l.csv
2407,2,1,1,3a.csv
2407,2,1,1,3b.csv
2407,16,13,3,3c.csv
2407,16,13,3,3d.csv
2407,1,1,0,3e.csv
2407,5,5,0,3f.csv
2407,1,1,0,3g.csv
2408,5,4,1,1a.csv
2408,7,6,1,1b.csv
2408,4,4,0,1c.csv
2408,0,0,0,1e.csv
2408,0,0,0,1f.csv
2408,2,2,0,1g.csv
2408,0,0,0,1h.csv
2408,2,1,1,1i.csv
2408,0,0,0,1j.csv
2408,0,0,0,1k.csv
2408,1,1,0,1l.csv
2408,0,0,0,1m.csv
2408,3,1,2,2a.csv
2408,2,2,0,2b.csv
2408,0,0,0,2c.csv
2408,0,0,0,2d.csv
2408,0,0,0,2e.csv
2408,0,0,0,2f.csv
2408,0,0,0,2g.csv
2408,0,0,0,2h.csv
2408,0,0,0,2i.csv
2408,0,0,0,2j.csv
2408,0,0,0,2k.csv
2408,5,3,2,2l.csv
2408,3,2,1,3a.csv
2408,3,2,1,3b.csv
2408,15,13,2,3c.csv
2408,15,13,2,3d.csv
2408,1,1,0,3e.csv
2408,4,4,0,3f.csv
2408,0,0,0,3g.csv
2409,5,5,0,1a.csv
2409,6,5,1,1b.csv
2409,3,3,0,1c.csv
2409,0,0,0,1e.csv
2409,0,0,0,1f.csv
2409,2,2,0,1g.csv
2409,0,0,0,1h.csv
2409,2,1,1,1i.csv
2409,0,0,0,1j.csv
2409,0,0,0,1k.csv
2409,0,0,0,1l.csv
2409,0,0,0,1m.csv
2409,4,2,2,2a.csv
2409,2,2,0,2b.csv
2409,1,1,0,2c.csv
2409,0,0,0,2d.csv
2409,0,0,0,2e.csv
2409,0,0,0,2f.csv
2409,0,0,0,2g.csv
2409,0,0,0,2h.csv
2409,0,0,0,2i.csv
2409,0,0,0,2j.csv
2409,0,0,0,2k.csv
2409,5,3,2,2l.csv
2409,3,3,0,3a.csv
2409,3,2,1,3b.csv
2409,13,11,2,3c.csv
2409,13,11,2,3d.csv
2409,2,2,0,3e.csv
2409,5,4,1,3f.csv
2409,1,1,0,3g.csv
2410,4,4,0,1a.csv
2410,6,5,1,1b.csv
2410,4,4,0,1c.csv
2410,0,0,0,1e.csv
2410,0,0,0,1f.csv
2410,1,1,0,1g.csv
2410,0,0,0,1h.csv
2410,0,0,0,1i.csv
2410,0,0,0,1j.csv
2410,0,0,0,1k.csv
2410,0,0,0,1l.csv
2410,0,0,0,1m.csv
2410,4,2,2,2a.csv
2410,1,1,0,2b.csv
2410,1,1,0,2c.csv
2410,0,0,0,2d.csv
2410,0,0,0,2e.csv
2410,0,0,0,2f.csv
2410,0,0,0,2g.csv
2410,0,0,0,2h.csv
2410,0,0,0,2i.csv
2410,0,0,0,2j.csv
2410,0,0,0,2k.csv
2410,4,3,1,2l.csv
2410,3,3,0,3a.csv
2410,3,2,1,3b.csv
2410,13,11,2,3c.csv
2410,13,11,2,3d.csv
2410,2,2,0,3e.csv
2410,5,4,1,3f.csv
2410,3,3,0,3g.csv
2411,5,5,0,1a.csv
2411,7,6,1,1b.csv
2411,5,5,0,1c.csv
2411,0,0,0,1e.csv
2411,0,0,0,1f.csv
2411,1,1,0,1g.csv
2411,0,0,0,1h.csv
2411,0,0,0,1i.csv
2411,1,0,1,1j.csv
2411,0,0,0,1k.csv
2411,0,0,0,1l.csv
2411,0,0,0,1m.csv
2411,5,3,2,2a.csv
2411,2,2,0,2b.csv
2411,1,1,0,2c.csv
2411,0,0,0,2d.csv
2411,0,0,0,2e.csv
2411,0,0,0,2f.csv
2411,0,0,0,2g.csv
2411,0,0,0,2h.csv
2411,0,0,0,2i.csv
2411,0,0,0,2j.csv
2411,0,0,0,2k.csv
2411,4,4,0,2l.csv
2411,3,2,1,3a.csv
2411,3,2,1,3b.csv
2411,11,9,2,3c.csv
2411,11,9,2,3d.csv
2411,2,2,0,3e.csv
2411,7,6,1,3f.csv
2411,3,3,0,3g.csv
2412,7,6,1,1a.csv
2412,7,6,1,1b.csv
2412,5,5,0,1c.csv
2412,0,0,0,1e.csv
2412,0,0,0,1f.csv
2412,0,0,0,1g.csv
2412,0,0,0,1h.csv
2412,0,0,0,1i.csv
2412,1,0,1,1j.csv
2412,0,0,0,1k.csv
2412,0,0,0,1l.csv
2412,0,0,0,1m.csv
2412,4,2,2,2a.csv
2412,2,2,0,2b.csv
2412,1,1,0,2c.csv
2412,0,0,0,2d.csv
2412,1,1,0,2e.csv
2412,0,0,0,2f.csv
2412,0,0,0,2g.csv
2412,0,0,0,2h.csv
2412,0,0,0,2i.csv
2412,0,0,0,2j.csv
2412,0,0,0,2k.csv
2412,5,4,1,2l.csv
2412,3,2,1,3a.csv
2412,3,2,1,3b.csv
2412,10,9,1,3c.csv
2412,10,9,1,3d.csv
2412,2,2,0,3e.csv
2412,8,6,2,3f.csv
2412,3,3,0,3g.csv
2413,7,6,1,1a.csv
2413,8,7,1,1b.csv
2413,4,4,0,1c.csv
2413,0,0,0,1e.csv
2413,0,0,0,1f.csv
2413,1,1,0,1g.csv
2413,0,0,0,1h.csv
2413,0,0,0,1i.csv
2413,1,0,1,1j.csv
2413,0,0,0,1k.csv
2413,0,0,0,1l.csv
2413,0,0,0,1m.csv
2413,3,2,1,2a.csv
2413,2,2,0,2b.csv
2413,1,1,0,2c.csv
2413,0,0,0,2d.csv
2413,1,1,0,2e.csv
2413,0,0,0,2f.csv
2413,0,0,0,2g.csv
2413,0,0,0,2h.csv
2413,0,0,0,2i.csv
2413,0,0,0,2j.csv
2413,0,0,0,2k.csv
2413,4,3,1,2l.csv
2413,3,2,1,3a.csv
2413,3,2,1,3b.csv
2413,8,7,1,3c.csv
2413,8,7,1,3d.csv
2413,2,2,0,3e.csv
2413,9,7,2,3f.csv
2413,3,3,0,3g.csv
2414,9,7,2,1a.csv
2414,9,9,0,1b.csv
2414,5,5,0,1c.csv
2414,0,0,0,1e.csv
2414,1,1,0,1f.csv
2414,1,1,0,1g.csv
2414,0,0,0,1h.csv
2414,0,0,0,1i.csv
2414,1,0,1,1j.csv
2414,0,0,0,1k.csv
2414,0,0,0,1l.csv
2414,0,0,0,1m.csv
2414,2,2,0,2a.csv
2414,2,2,0,2b.csv
2414,1,1,0,2c.csv
2414,0,0,0,2d.csv
2414,1,1,0,2e.csv
2414,0,0,0,2f.csv
2414,0,0,0,2g.csv
2414,0,0,0,2h.csv
2414,0,0,0,2i.csv
2414,0,0,0,2j.csv
2414,0,0,0,2k.csv
2414,4,3,1,2l.csv
2414,3,2,1,3a.csv
2414,3,2,1,3b.csv
2414,4,4,0,3c.csv
2414,4,4,0,3d.csv
2414,2,2,0,3e.csv
2414,9,7,2,3f.csv
2414,3,3,0,3g.csv
2415,12,10,2,1a.csv
2415,9,9,0,1b.csv
2415,5,5,0,1c.csv
2415,0,0,0,1e.csv
2415,1,1,0,1f.csv
2415,1,1,0,1g.csv
2415,0,0,0,1h.csv
2415,1,1,0,1i.csv
2415,1,0,1,1j.csv
2415,0,0,0,1k.csv
2415,0,0,0,1l.csv
2415,0,0,0,1m.csv
2415,2,2,0,2a.csv
2415,2,2,0,2b.csv
2415,1,1,0,2c.csv
2415,0,0,0,2d.csv
2415,1,1,0,2e.csv
2415,0,0,0,2f.csv
2415,0,0,0,2g.csv
2415,0,0,0,2h.csv
2415,0,0,0,2i.csv
2415,0,0,0,2j.csv
2415,0,0,0,2k.csv
2415,5,4,1,2l.csv
2415,4,3,1,3a.csv
2415,3,2,1,3b.csv
2415,6,6,0,3c.csv
2415,6,6,0,3d.csv
2415,1,1,0,3e.csv
2415,7,5,2,3f.csv
2415,3,3,0,3g.csv
2416,13,11,2,1a.csv
2416,9,9,0,1b.csv
2416,5,5,0,1c.csv
2416,0,0,0,1e.csv
2416,1,1,0,1f.csv
2416,1,1,0,1g.csv
2416,0,0,0,1h.csv
2416,1,1,0,1i.csv
2416,1,0,1,1j.csv
2416,0,0,0,1k.csv
2416,0,0,0,1l.csv
2416,0,0,0,1m.csv
2416,2,2,0,2a.csv
2416,2,2,0,2b.csv
2416,1,1,0,2c.csv
2416,0,0,0,2d.csv
2416,1,1,0,2e.csv
2416,0,0,0,2f.csv
2416,0,0,0,2g.csv
2416,0,0,0,2h.csv
2416,0,0,0,2i.csv
2416,0,0,0,2j.csv
2416,0,0,0,2k.csv
2416,4,3,1,2l.csv
2416,4,3,1,3a.csv
2416,2,1,1,3b.csv
2416,5,5,0,3c.csv
2416,5,5,0,3d.csv
2416,1,1,0,3e.csv
2416,7,5,2,3f.csv
2416,3,3,0,3g.csv
2417,14,11,3,1a.csv
2417,10,10,0,1b.csv
2417,7,7,0,1c.csv
2417,0,0,0,1e.csv
2417,1,1,0,1f.csv
2417,1,1,0,1g.csv
2417,0,0,0,1h.csv
2417,1,1,0,1i.csv
2417,1,0,1,1j.csv
2417,0,0,0,1k.csv
2417,0,0,0,1l.csv
2417,0,0,0,1m.csv
2417,1,1,0,2a.csv
2417,2,2,0,2b.csv
2417,0,0,0,2c.csv
2417,0,0,0,2d.csv
2417,1,1,0,2e.csv
2417,0,0,0,2f.csv
2417,0,0,0,2g.csv
2417,0,0,0,2h.csv
2417,0,0,0,2i.csv
2417,0,0,0,2j.csv
2417,0,0,0,2k.csv
2417,4,3,1,2l.csv
2417,4,3,1,3a.csv
2417,3,2,1,3b.csv
2417,5,5,0,3c.csv
2417,5,5,0,3d.csv
2417,1,0,1,3e.csv
2417,5,4,1,3f.csv
2417,2,2,0,3g.csv
2418,18,14,4,1a.csv
2418,10,10,0,1b.csv
2418,7,6,1,1c.csv
2418,0,0,0,1e.csv
2418,1,1,0,1f.csv
2418,1,1,0,1g.csv
2418,0,0,0,1h.csv
2418,1,1,0,1i.csv
2418,1,0,1,1j.csv
2418,0,0,0,1k.csv
2418,0,0,0,1l.csv
2418,0,0,0,1m.csv
2418,1,1,0,2a.csv
2418,2,2,0,2b.csv
2418,0,0,0,2c.csv
2418,0,0,0,2d.csv
2418,1,1,0,2e.csv
2418,1,1,0,2f.csv
2418,0,0,0,2g.csv
2418,0,0,0,2h.csv
2418,0,0,0,2i.csv
2418,0,0,0,2j.csv
2418,0,0,0,2k.csv
2418,5,4,1,2l.csv
2418,7,6,1,3a.csv
2418,4,3,1,3b.csv
2418,3,3,0,3c.csv
2418,3,3,0,3d.csv
2418,1,0,1,3e.csv
2418,5,4,1,3f.csv
2418,1,1,0,3g.csv
2419,18,14,4,1a.csv
2419,9,9,0,1b.csv
2419,7,6,1,1c.csv
2419,0,0,0,1e.csv
2419,1,1,0,1f.csv
2419,1,1,0,1g.csv
2419,0,0,0,1h.csv
2419,1,1,0,1i.csv
2419,0,0,0,1j.csv
2419,0,0,0,1k.csv
2419,0,0,0,1l.csv
2419,0,0,0,1m.csv
2419,0,0,0,2a.csv
2419,1,1,0,2b.csv
2419,0,0,0,2c.csv
2419,0,0,0,2d.csv
2419,1,1,0,2e.csv
2419,1,1,0,2f.csv
2419,0,0,0,2g.csv
2419,0,0,0,2h.csv
2419,0,0,0,2i.csv
2419,0,0,0,2j.csv
2419,0,0,0,2k.csv
2419,4,3,1,2l.csv
2419,6,6,0,3a.csv
2419,4,4,0,3b.csv
2419,3,3,0,3c.csv
2419,3,3,0,3d.csv
2419,1,0,1,3e.csv
2419,4,3,1,3f.csv
2419,1,1,0,3g.csv
2420,16,13,3,1a.csv
2420,7,7,0,1b.csv
2420,6,5,1,1c.csv
2420,0,0,0,1e.csv
2420,2,2,0,1f.csv
2420,1,1,0,1g.csv
2420,0,0,0,1h.csv
2420,1,1,0,1i.csv
2420,0,0,0,1j.csv
2420,0,0,0,1k.csv
2420,0,0,0,1l.csv
2420,0,0,0,1m.csv
2420,0,0,0,2a.csv
2420,1,1,0,2b.csv
2420,0,0,0,2c.csv
2420,0,0,0,2d.csv
2420,0,0,0,2e.csv
2420,1,1,0,2f.csv
2420,0,0,0,2g.csv
2420,0,0,0,2h.csv
2420,0,0,0,2i.csv
2420,0,0,0,2j.csv
2420,0,0,0,2k.csv
2420,3,3,0,2l.csv
2420,9,9,0,3a.csv
2420,4,4,0,3b.csv
2420,3,3,0,3c.csv
2420,3,3,0,3d.csv
2420,3,2,1,3e.csv
2420,2,2,0,3f.csv
2420,2,2,0,3g.csv
2421,14,11,3,1a.csv
2421,7,7,0,1b.csv
2421,6,5,1,1c.csv
2421,0,0,0,1e.csv
2421,3,3,0,1f.csv
2421,0,0,0,1g.csv
2421,0,0,0,1h.csv
2421,1,1,0,1i.csv
2421,0,0,0,1j.csv
2421,0,0,0,1k.csv
2421,0,0,0,1l.csv
2421,0,0,0,1m.csv
2421,0,0,0,2a.csv
2421,0,0,0,2b.csv
2421,0,0,0,2c.csv
2421,0,0,0,2d.csv
2421,0,0,0,2e.csv
2421,1,1,0,2f.csv
2421,0,0,0,2g.csv
2421,0,0,0,2h.csv
2421,0,0,0,2i.csv
2421,0,0,0,2j.csv
2421,0,0,0,2k.csv
2421,3,3,0,2l.csv
2421,9,9,0,3a.csv
2421,4,4,0,3b.csv
2421,3,3,0,3c.csv
2421,3,3,0,3d.csv
2421,3,2,1,3e.csv
2421,1,1,0,3f.csv
2421,2,2,0,3g.csv
2422,12,10,2,1a.csv
2422,7,7,0,1b.csv
2422,5,4,1,1c.csv
2422,0,0,0,1e.csv
2422,2,2,0,1f.csv
2422,2,2,0,1g.csv
2422,0,0,0,1h.csv
2422,1,1,0,1i.csv
2422,0,0,0,1j.csv
2422,0,0,0,1k.csv
2422,0,0,0,1l.csv
2422,0,0,0,1m.csv
2422,0,0,0,2a.csv
2422,0,0,0,2b.csv
2422,0,0,0,2c.csv
2422,0,0,0,2d.csv
2422,0,0,0,2e.csv
2422,1,1,0,2f.csv
2422,0,0,0,2g.csv
2422,0,0,0,2h.csv
2422,0,0,0,2i.csv
2422,0,0,0,2j.csv
2422,0,0,0,2k.csv
2422,3,3,0,2l.csv
2422,9,9,0,3a.csv
2422,4,4,0,3b.csv
2422,3,3,0,3c.csv
2422,3,3,0,3d.csv
2422,3,2,1,3e.csv
2422,1,1,0,3f.csv
2422,2,2,0,3g.csv
2423,10,8,2,1a.csv
2423,6,6,0,1b.csv
2423,5,4,1,1c.csv
2423,0,0,0,1e.csv
2423,2,2,0,1f.csv
2423,2,2,0,1g.csv
2423,1,1,0,1h.csv
2423,0,0,0,1i.csv
2423,0,0,0,1j.csv
2423,0,0,0,1k.csv
2423,0,0,0,1l.csv
2423,0,0,0,1m.csv
2423,1,1,0,2a.csv
2423,0,0,0,2b.csv
2423,0,0,0,2c.csv
2423,0,0,0,2d.csv
2423,0,0,0,2e.csv
2423,1,1,0,2f.csv
2423,0,0,0,2g.csv
2423,0,0,0,2h.csv
2423,0,0,0,2i.csv
2423,0,0,0,2j.csv
2423,0,0,0,2k.csv
2423,3,3,0,2l.csv
2423,8,8,0,3a.csv
2423,3,3,0,3b.csv
2423,3,3,0,3c.csv
2423,3,3,0,3d.csv
2423,3,2,1,3e.csv
2423,2,2,0,3f.csv
2423,2,2,0,3g.csv
2424,9,7,2,1a.csv
2424,5,5,0,1b.csv
2424,4,3,1,1c.csv
2424,0,0,0,1e.csv
2424,2,2,0,1f.csv
2424,2,2,0,1g.csv
2424,1,1,0,1h.csv
2424,0,0,0,1i.csv
2424,0,0,0,1j.csv
2424,0,0,0,1k.csv
2424,0,0,0,1l.csv
2424,0,0,0,1m.csv
2424,1,1,0,2a.csv
2424,0,0,0,2b.csv
2424,0,0,0,2c.csv
2424,0,0,0,2d.csv
2424,0,0,0,2e.csv
2424,1,1,0,2f.csv
2424,0,0,0,2g.csv
2424,0,0,0,2h.csv
2424,0,0,0,2i.csv
2424,0,0,0,2j.csv
2424,0,0,0,2k.csv
2424,3,3,0,2l.csv
2424,8,7,1,3a.csv
2424,3,3,0,3b.csv
2424,4,4,0,3c.csv
2424,4,4,0,3d.csv
2424,4,3,1,3e.csv
2424,2,2,0,3f.csv
2424,3,3,0,3g.csv
2425,8,7,1,1a.csv
2425,5,5,0,1b.csv
2425,2,1,1,1c.csv
2425,1,1,0,1e.csv
2425,2,2,0,1f.csv
2425,2,2,0,1g.csv
2425,1,1,0,1h.csv
2425,0,0,0,1i.csv
2425,1,0,1,1j.csv
2425,0,0,0,1k.csv
2425,0,0,0,1l.csv
2425,0,0,0,1m.csv
2425,1,1,0,2a.csv
2425,0,0,0,2b.csv
2425,0,0,0,2c.csv
2425,0,0,0,2d.csv
2425,0,0,0,2e.csv
2425,1,1,0,2f.csv
2425,0,0,0,2g.csv
2425,0,0,0,2h.csv
2425,0,0,0,2i.csv
2425,0,0,0,2j.csv
2425,0,0,0,2k.csv
2425,3,3,0,2l.csv
2425,10,9,1,3a.csv
2425,2,2,0,3b.csv
2425,4,4,0,3c.csv
2425,4,4,0,3d.csv
2425,4,4,0,3e.csv
2425,2,2,0,3f.csv
2425,3,3,0,3g.csv
2426,5,5,0,1a.csv
2426,7,6,1,1b.csv
2426,1,1,0,1c.csv
2426,1,1,0,1e.csv
2426,2,2,0,1f.csv
2426,2,2,0,1g.csv
2426,1,1,0,1h.csv
2426,0,0,0,1i.csv
2426,1,0,1,1j.csv
2426,0,0,0,1k.csv
2426,0,0,0,1l.csv
2426,0,0,0,1m.csv
2426,1,1,0,2a.csv
2426,0,0,0,2b.csv
2426,0,0,0,2c.csv
2426,0,0,0,2d.csv
2426,0,0,0,2e.csv
2426,1,0,1,2f.csv
2426,0,0,0,2g.csv
2426,0,0,0,2h.csv
2426,0,0,0,2i.csv
2426,0,0,0,2j.csv
2426,0,0,0,2k.csv
2426,2,2,0,2l.csv
2426,9,8,1,3a.csv
2426,1,1,0,3b.csv
2426,4,4,0,3c.csv
2426,4,4,0,3d.csv
2426,4,4,0,3e.csv
2426,3,3,0,3f.csv
2426,3,3,0,3g.csv
2427,6,6,0,1a.csv
2427,7,6,1,1b.csv
2427,0,0,0,1c.csv
2427,1,1,0,1e.csv
2427,2,2,0,1f.csv
2427,2,2,0,1g.csv
2427,2,1,1,1h.csv
2427,0,0,0,1i.csv
2427,1,0,1,1j.csv
2427,0,0,0,1k.csv
2427,0,0,0,1l.csv
2427,0,0,0,1m.csv
2427,1,1,0,2a.csv
2427,0,0,0,2b.csv
2427,0,0,0,2c.csv
2427,0,0,0,2d.csv
2427,0,0,0,2e.csv
2427,1,0,1,2f.csv
2427,0,0,0,2g.csv
2427,0,0,0,2h.csv
2427,0,0,0,2i.csv
2427,0,0,0,2j.csv
2427,0,0,0,2k.csv
2427,2,2,0,2l.csv
2427,10,9,1,3a.csv
2427,0,0,0,3b.csv
2427,4,4,0,3c.csv
2427,4,4,0,3d.csv
2427,5,5,0,3e.csv
2427,2,2,0,3f.csv
2427,4,3,1,3g.csv
2428,6,6,0,1a.csv
2428,7,6,1,1b.csv
2428,0,0,0,1c.csv
2428,1,1,0,1e.csv
2428,1,1,0,1f.csv
2428,2,2,0,1g.csv
2428,2,1,1,1h.csv
2428,0,0,0,1i.csv
2428,1,0,1,1j.csv
2428,0,0,0,1k.csv
2428,0,0,0,1l.csv
2428,0,0,0,1m.csv
2428,1,1,0,2a.csv
2428,0,0,0,2b.csv
2428,0,0,0,2c.csv
2428,0,0,0,2d.csv
2428,0,0,0,2e.csv
2428,2,1,1,2f.csv
2428,0,0,0,2g.csv
2428,0,0,0,2h.csv
2428,0,0,0,2i.csv
2428,0,0,0,2j.csv
2428,0,0,0,2k.csv
2428,2,2,0,2l.csv
2428,8,7,1,3a.csv
2428,0,0,0,3b.csv
2428,5,4,1,3c.csv
2428,5,4,1,3d.csv
2428,3,3,0,3e.csv
2428,3,2,1,3f.csv
2428,3,2,1,3g.csv
2429,7,7,0,1a.csv
2429,6,5,1,1b.csv
2429,0,0,0,1c.csv
2429,1,1,0,1e.csv
2429,0,0,0,1f.csv
2429,3,2,1,1g.csv
2429,2,1,1,1h.csv
2429,0,0,0,1i.csv
2429,1,0,1,1j.csv
2429,0,0,0,1k.csv
2429,0,0,0,1l.csv
2429,0,0,0,1m.csv
2429,1,1,0,2a.csv
2429,0,0,0,2b.csv
2429,0,0,0,2c.csv
2429,0,0,0,2d.csv
2429,0,0,0,2e.csv
2429,2,1,1,2f.csv
2429,0,0,0,2g.csv
2429,0,0,0,2h.csv
2429,0,0,0,2i.csv
2429,0,0,0,2j.csv
2429,0,0,0,2k.csv
2429,2,2,0,2l.csv
2429,20,18,2,3a.csv
2429,0,0,0,3b.csv
2429,4,3,1,3c.csv
2429,4,3,1,3d.csv
2429,3,3,0,3e.csv
2429,3,2,1,3f.csv
2429,3,2,1,3g.csv
2430,7,7,0,1a.csv
2430,4,3,1,1b.csv
2430,0,0,0,1c.csv
2430,1,1,0,1e.csv
2430,0,0,0,1f.csv
2430,1,0,1,1g.csv
2430,3,2,1,1h.csv
2430,0,0,0,1i.csv
2430,1,0,1,1j.csv
2430,0,0,0,1k.csv
2430,0,0,0,1l.csv
2430,0,0,0,1m.csv
2430,1,1,0,2a.csv
2430,0,0,0,2b.csv
2430,0,0,0,2c.csv
2430,0,0,0,2d.csv
2430,0,0,0,2e.csv
2430,2,1,1,2f.csv
2430,0,0,0,2g.csv
2430,0,0,0,2h.csv
2430,0,0,0,2i.csv
2430,0,0,0,2j.csv
2430,0,0,0,2k.csv
2430,2,2,0,2l.csv
2430,28,26,2,3a.csv
2430,1,1,0,3b.csv
2430,6,4,2,3c.csv
2430,6,4,2,3d.csv
2430,3,3,0,3e.csv
2430,3,2,1,3f.csv
2430,3,2,1,3g.csv
2431,7,7,0,1a.csv
2431,4,3,1,1b.csv
2431,0,0,0,1c.csv
2431,1,1,0,1e.csv
2431,0,0,0,1f.csv
2431,1,0,1,1g.csv
2431,2,1,1,1h.csv
2431,0,0,0,1i.csv
2431,1,0,1,1j.csv
2431,0,0,0,1k.csv
2431,0,0,0,1l.csv
2431,0,0,0,1m.csv
2431,4,4,0,2a.csv
2431,0,0,0,2b.csv
2431,0,0,0,2c.csv
2431,0,0,0,2d.csv
2431,0,0,0,2e.csv
2431,2,1,1,2f.csv
2431,0,0,0,2g.csv
2431,0,0,0,2h.csv
2431,0,0,0,2i.csv
2431,0,0,0,2j.csv
2431,0,0,0,2k.csv
2431,2,1,1,2l.csv
2431,41,37,4,3a.csv
2431,1,1,0,3b.csv
2431,5,3,2,3c.csv
2431,5,3,2,3d.csv
2431,3,3,0,3e.csv
2431,3,1,2,3f.csv
2431,4,3,1,3g.csv
2432,7,7,0,1a.csv
2432,5,4,1,1b.csv
2432,0,0,0,1c.csv
2432,1,1,0,1e.csv
2432,0,0,0,1f.csv
2432,1,0,1,1g.csv
2432,2,1,1,1h.csv
2432,0,0,0,1i.csv
2432,1,0,1,1j.csv
2432,0,0,0,1k.csv
2432,0,0,0,1l.csv
2432,0,0,0,1m.csv
2432,4,4,0,2a.csv
2432,0,0,0,2b.csv
2432,0,0,0,2c.csv
2432,0,0,0,2d.csv
2432,0,0,0,2e.csv
2432,2,1,1,2f.csv
2432,0,0,0,2g.csv
2432,0,0,0,2h.csv
2432,0,0,0,2i.csv
2432,0,0,0,2j.csv
2432,0,0,0,2k.csv
2432,2,1,1,2l.csv
2432,49,45,4,3a.csv
2432,2,2,0,3b.csv
2432,4,2,2,3c.csv
2432,4,2,2,3d.csv
2432,2,2,0,3e.csv
2432,4,2,2,3f.csv
2432,5,4,1,3g.csv
2433,7,7,0,1a.csv
2433,4,3,1,1b.csv
2433,0,0,0,1c.csv
2433,0,0,0,1e.csv
2433,0,0,0,1f.csv
2433,1,0,1,1g.csv
2433,3,2,1,1h.csv
2433,0,0,0,1i.csv
2433,0,0,0,1j.csv
2433,0,0,0,1k.csv
2433,0,0,0,1l.csv
2433,0,0,0,1m.csv
2433,5,4,1,2a.csv
2433,0,0,0,2b.csv
2433,0,0,0,2c.csv
2433,0,0,0,2d.csv
2433,0,0,0,2e.csv
2433,2,1,1,2f.csv
2433,0,0,0,2g.csv
2433,0,0,0,2h.csv
2433,0,0,0,2i.csv
2433,0,0,0,2j.csv
2433,0,0,0,2k.csv
2433,3,2,1,2l.csv
2433,56,52,4,3a.csv
2433,2,2,0,3b.csv
2433,5,3,2,3c.csv
2433,5,3,2,3d.csv
2433,1,1,0,3e.csv
2433,4,2,2,3f.csv
2433,5,4,1,3g.csv
2434,6,6,0,1a.csv
2434,2,2,0,1b.csv
2434,1,1,0,1c.csv
2434,0,0,0,1e.csv
2434,0,0,0,1f.csv
2434,1,0,1,1g.csv
2434,3,2,1,1h.csv
2434,0,0,0,1i.csv
2434,0,0,0,1j.csv
2434,0,0,0,1k.csv
2434,0,0,0,1l.csv
2434,0,0,0,1m.csv
2434,5,4,1,2a.csv
2434,0,0,0,2b.csv
2434,0,0,0,2c.csv
2434,0,0,0,2d.csv
2434,0,0,0,2e.csv
2434,1,1,0,2f.csv
2434,0,0,0,2g.csv
2434,0,0,0,2h.csv
2434,0,0,0,2i.csv
2434,0,0,0,2j.csv
2434,0,0,0,2k.csv
2434,4,3,1,2l.csv
2434,57,53,4,3a.csv
2434,3,3,0,3b.csv
2434,5,3,2,3c.csv
2434,5,3,2,3d.csv
2434,1,1,0,3e.csv
2434,4,2,2,3f.csv
2434,4,3,1,3g.csv
2435,4,4,0,1a.csv
2435,2,2,0,1b.csv
2435,1,1,0,1c.csv
2435,0,0,0,1e.csv
2435,1,1,0,1f.csv
2435,1,0,1,1g.csv
2435,2,2,0,1h.csv
2435,0,0,0,1i.csv
2435,0,0,0,1j.csv
2435,0,0,0,1k.csv
2435,1,1,0,1l.csv
2435,0,0,0,1m.csv
2435,5,4,1,2a.csv
2435,0,0,0,2b.csv
2435,1,1,0,2c.csv
2435,0,0,0,2d.csv
2435,0,0,0,2e.csv
2435,1,1,0,2f.csv
2435,0,0,0,2g.csv
2435,0,0,0,2h.csv
2435,0,0,0,2i.csv
2435,0,0,0,2j.csv
2435,0,0,0,2k.csv
2435,4,3,1,2l.csv
2435,70,66,4,3a.csv
2435,4,3,1,3b.csv
2435,5,3,2,3c.csv
2435,5,3,2,3d.csv
2435,2,2,0,3e.csv
2435,4,2,2,3f.csv
2435,3,3,0,3g.csv
2436,5,5,0,1a.csv
2436,3,3,0,1b.csv
2436,1,1,0,1c.csv
2436,1,0,1,1e.csv
2436,1,1,0,1f.csv
2436,1,0,1,1g.csv
2436,2,2,0,1h.csv
2436,0,0,0,1i.csv
2436,0,0,0,1j.csv
2436,0,0,0,1k.csv
2436,1,1,0,1l.csv
2436,0,0,0,1m.csv
2436,5,4,1,2a.csv
2436,0,0,0,2b.csv
2436,1,1,0,2c.csv
2436,1,1,0,2d.csv
2436,0,0,0,2e.csv
2436,0,0,0,2f.csv
2436,0,0,0,2g.csv
2436,0,0,0,2h.csv
2436,0,0,0,2i.csv
2436,0,0,0,2j.csv
2436,0,0,0,2k.csv
2436,4,3,1,2l.csv
2436,79,75,4,3a.csv
2436,5,4,1,3b.csv
2436,4,3,1,3c.csv
2436,4,3,1,3d.csv
2436,2,2,0,3e.csv
2436,3,2,1,3f.csv
2436,3,3,0,3g.csv
2437,5,4,1,1a.csv
2437,3,3,0,1b.csv
2437,1,1,0,1c.csv
2437,1,0,1,1e.csv
2437,1,1,0,1f.csv
2437,0,0,0,1g.csv
2437,2,2,0,1h.csv
2437,0,0,0,1i.csv
2437,0,0,0,1j.csv
2437,0,0,0,1k.csv
2437,2,2,0,1l.csv
2437,0,0,0,1m.csv
2437,5,4,1,2a.csv
2437,0,0,0,2b.csv
2437,1,1,0,2c.csv
2437,1,1,0,2d.csv
2437,0,0,0,2e.csv
2437,0,0,0,2f.csv
2437,0,0,0,2g.csv
2437,0,0,0,2h.csv
2437,0,0,0,2i.csv
2437,0,0,0,2j.csv
2437,0,0,0,2k.csv
2437,7,5,2,2l.csv
2437,79,75,4,3a.csv
2437,6,5,1,3b.csv
2437,4,3,1,3c.csv
2437,4,3,1,3d.csv
2437,2,2,0,3e.csv
2437,3,2,1,3f.csv
2437,3,3,0,3g.csv
2438,7,6,1,1a.csv
2438,3,3,0,1b.csv
2438,1,1,0,1c.csv
2438,1,0,1,1e.csv
2438,2,2,0,1f.csv
2438,0,0,0,1g.csv
2438,1,1,0,1h.csv
2438,0,0,0,1i.csv
2438,0,0,0,1j.csv
2438,0,0,0,1k.csv
2438,2,2,0,1l.csv
2438,0,0,0,1m.csv
2438,5,4,1,2a.csv
2438,0,0,0,2b.csv
2438,1,1,0,2c.csv
2438,1,1,0,2d.csv
2438,0,0,0,2e.csv
2438,0,0,0,2f.csv
2438,0,0,0,2g.csv
2438,0,0,0,2h.csv
2438,0,0,0,2i.csv
2438,0,0,0,2j.csv
2438,0,0,0,2k.csv
2438,9,7,2,2l.csv
2438,75,71,4,3a.csv
2438,5,4,1,3b.csv
2438,2,2,0,3c.csv
2438,2,2,0,3d.csv
2438,3,3,0,3e.csv
2438,3,2,1,3f.csv
2438,3,3,0,3g.csv
2439,7,6,1,1a.csv
2439,3,3,0,1b.csv
2439,1,1,0,1c.csv
2439,1,0,1,1e.csv
2439,2,2,0,1f.csv
2439,1,1,0,1g.csv
2439,1,1,0,1h.csv
2439,0,0,0,1i.csv
2439,0,0,0,1j.csv
2439,0,0,0,1k.csv
2439,4,4,0,1l.csv
2439,0,0,0,1m.csv
2439,1,0,1,2a.csv
2439,0,0,0,2b.csv
2439,1,1,0,2c.csv
2439,1,1,0,2d.csv
2439,0,0,0,2e.csv
2439,0,0,0,2f.csv
2439,0,0,0,2g.csv
2439,0,0,0,2h.csv
2439,0,0,0,2i.csv
2439,0,0,0,2j.csv
2439,0,0,0,2k.csv
2439,8,7,1,2l.csv
2439,70,67,3,3a.csv
2439,7,5,2,3b.csv
2439,1,1,0,3c.csv
2439,1,1,0,3d.csv
2439,3,3,0,3e.csv
2439,2,2,0,3f.csv
2439,2,2,0,3g.csv
2440,7,6,1,1a.csv
2440,3,3,0,1b.csv
2440,1,1,0,1c.csv
2440,1,0,1,1e.csv
2440,2,2,0,1f.csv
2440,1,1,0,1g.csv
2440,2,1,1,1h.csv
2440,0,0,0,1i.csv
2440,0,0,0,1j.csv
2440,0,0,0,1k.csv
2440,4,4,0,1l.csv
2440,0,0,0,1m.csv
2440,1,0,1,2a.csv
2440,0,0,0,2b.csv
2440,1,1,0,2c.csv
2440,1,1,0,2d.csv
2440,0,0,0,2e.csv
2440,1,1,0,2f.csv
2440,0,0,0,2g.csv
2440,0,0,0,2h.csv
2440,0,0,0,2i.csv
2440,0,0,0,2j.csv
2440,0,0,0,2k.csv
2440,11,10,1,2l.csv
2440,70,67,3,3a.csv
2440,7,5,2,3b.csv
2440,2,2,0,3c.csv
2440,2,2,0,3d.csv
2440,3,3,0,3e.csv
2440,1,1,0,3f.csv
2440,1,1,0,3g.csv
2441,7,6,1,1a.csv
2441,2,2,0,1b.csv
2441,1,1,0,1c.csv
2441,1,0,1,1e.csv
2441,2,2,0,1f.csv
2441,1,1,0,1g.csv
2441,2,1,1,1h.csv
2441,0,0,0,1i.csv
2441,0,0,0,1j.csv
2441,0,0,0,1k.csv
2441,4,4,0,1l.csv
2441,0,0,0,1m.csv
2441,0,0,0,2a.csv
2441,0,0,0,2b.csv
2441,1,1,0,2c.csv
2441,1,1,0,2d.csv
2441,0,0,0,2e.csv
2441,1,1,0,2f.csv
2441,0,0,0,2g.csv
2441,0,0,0,2h.csv
2441,0,0,0,2i.csv
2441,0,0,0,2j.csv
2441,0,0,0,2k.csv
2441,11,10,1,2l.csv
2441,68,64,4,3a.csv
2441,7,5,2,3b.csv
2441,1,1,0,3c.csv
2441,1,1,0,3d.csv
2441,3,3,0,3e.csv
2441,1,1,0,3f.csv
2441,1,1,0,3g.csv
2442,9,8,1,1a.csv
2442,2,2,0,1b.csv
2442,1,1,0,1c.csv
2442,1,0,1,1e.csv
2442,2,2,0,1f.csv
2442,1,1,0,1g.csv
2442,2,1,1,1h.csv
2442,0,0,0,1i.csv
2442,0,0,0,1j.csv
2442,0,0,0,1k.csv
2442,4,4,0,1l.csv
2442,1,1,0,1m.csv
2442,0,0,0,2a.csv
2442,0,0,0,2b.csv
2442,1,1,0,2c.csv
2442,1,1,0,2d.csv
2442,0,0,0,2e.csv
2442,1,1,0,2f.csv
2442,0,0,0,2g.csv
2442,0,0,0,2h.csv
2442,0,0,0,2i.csv
2442,1,1,0,2j.csv
2442,0,0,0,2k.csv
2442,10,9,1,2l.csv
2442,68,64,4,3a.csv
2442,6,4,2,3b.csv
2442,1,1,0,3c.csv
2442,1,1,0,3d.csv
2442,5,5,0,3e.csv
2442,0,0,0,3f.csv
2442,1,1,0,3g.csv
2443,11,10,1,1a.csv
2443,2,2,0,1b.csv
2443,1,1,0,1c.csv
2443,2,1,1,1e.csv
2443,1,1,0,1f.csv
2443,1,1,0,1g.csv
2443,2,1,1,1h.csv
2443,1,1,0,1i.csv
2443,0,0,0,1j.csv
2443,0,0,0,1k.csv
2443,3,3,0,1l.csv
2443,1,1,0,1m.csv
2443,0,0,0,2a.csv
2443,0,0,0,2b.csv
2443,0,0,0,2c.csv
2443,1,1,0,2d.csv
2443,0,0,0,2e.csv
2443,1,1,0,2f.csv
2443,0,0,0,2g.csv
2443,0,0,0,2h.csv
2443,0,0,0,2i.csv
2443,1,1,0,2j.csv
2443,0,0,0,2k.csv
2443,10,9,1,2l.csv
2443,60,56,4,3a.csv
2443,5,4,1,3b.csv
2443,1,1,0,3c.csv
2443,1,1,0,3d.csv
2443,4,4,0,3e.csv
2443,0,0,0,3f.csv
2443,2,2,0,3g.csv
2444,10,9,1,1a.csv
2444,1,1,0,1b.csv
2444,2,2,0,1c.csv
2444,1,1,0,1e.csv
2444,1,1,0,1f.csv
2444,1,1,0,1g.csv
2444,4,3,1,1h.csv
2444,1,1,0,1i.csv
2444,0,0,0,1j.csv
2444,1,0,1,1k.csv
2444,3,3,0,1l.csv
2444,1,1,0,1m.csv
2444,0,0,0,2a.csv
2444,0,0,0,2b.csv
2444,0,0,0,2c.csv
2444,0,0,0,2d.csv
2444,0,0,0,2e.csv
2444,1,1,0,2f.csv
2444,0,0,0,2g.csv
2444,0,0,0,2h.csv
2444,0,0,0,2i.csv
2444,1,1,0,2j.csv
2444,0,0,0,2k.csv
2444,10,9,1,2l.csv
2444,52,48,4,3a.csv
2444,5,4,1,3b.csv
2444,2,1,1,3c.csv
2444,2,1,1,3d.csv
2444,5,5,0,3e.csv
2444,1,1,0,3f.csv
2444,2,2,0,3g.csv
2445,10,9,1,1a.csv
2445,1,1,0,1b.csv
2445,2,2,0,1c.csv
2445,1,1,0,1e.csv
2445,1,1,0,1f.csv
2445,1,1,0,1g.csv
2445,4,3,1,1h.csv
2445,1,1,0,1i.csv
2445,0,0,0,1j.csv
2445,1,0,1,1k.csv
2445,2,2,0,1l.csv
2445,1,1,0,1m.csv
2445,1,1,0,2a.csv
2445,0,0,0,2b.csv
2445,0,0,0,2c.csv
2445,0,0,0,2d.csv
2445,0,0,0,2e.csv
2445,1,1,0,2f.csv
2445,0,0,0,2g.csv
2445,0,0,0,2h.csv
2445,0,0,0,2i.csv
2445,1,1,0,2j.csv
2445,0,0,0,2k.csv
2445,6,6,0,2l.csv
2445,42,39,3,3a.csv
2445,4,3,1,3b.csv
2445,2,1,1,3c.csv
2445,2,1,1,3d.csv
2445,8,8,0,3e.csv
2445,1,1,0,3f.csv
2445,2,2,0,3g.csv
2446,10,9,1,1a.csv
2446,2,2,0,1b.csv
2446,2,2,0,1c.csv
2446,1,1,0,1e.csv
2446,0,0,0,1f.csv
2446,2,2,0,1g.csv
2446,4,3,1,1h.csv
2446,1,1,0,1i.csv
2446,0,0,0,1j.csv
2446,1,0,1,1k.csv
2446,2,2,0,1l.csv
2446,1,1,0,1m.csv
2446,2,2,0,2a.csv
2446,0,0,0,2b.csv
2446,0,0,0,2c.csv
2446,0,0,0,2d.csv
2446,0,0,0,2e.csv
2446,2,2,0,2f.csv
2446,0,0,0,2g.csv
2446,0,0,0,2h.csv
2446,0,0,0,2i.csv
2446,1,1,0,2j.csv
2446,0,0,0,2k.csv
2446,4,4,0,2l.csv
2446,39,36,3,3a.csv
2446,6,5,1,3b.csv
2446,2,1,1,3c.csv
2446,2,1,1,3d.csv
2446,9,8,1,3e.csv
2446,1,1,0,3f.csv
2446,2,2,0,3g.csv
2447,9,8,1,1a.csv
2447,2,2,0,1b.csv
2447,2,2,0,1c.csv
2447,1,1,0,1e.csv
2447,0,0,0,1f.csv
2447,3,3,0,1g.csv
2447,4,3,1,1h.csv
2447,1,1,0,1i.csv
2447,0,0,0,1j.csv
2447,1,0,1,1k.csv
2447,0,0,0,1l.csv
2447,1,1,0,1m.csv
2447,3,3,0,2a.csv
2447,0,0,0,2b.csv
2447,0,0,0,2c.csv
2447,0,0,0,2d.csv
2447,0,0,0,2e.csv
2447,2,2,0,2f.csv
2447,0,0,0,2g.csv
2447,0,0,0,2h.csv
2447,0,0,0,2i.csv
2447,1,1,0,2j.csv
2447,0,0,0,2k.csv
2447,7,7,0,2l.csv
2447,31,29,2,3a.csv
2447,5,5,0,3b.csv
2447,4,3,1,3c.csv
2447,4,3,1,3d.csv
2447,10,8,2,3e.csv
2447,1,1,0,3f.csv
2447,2,2,0,3g.csv
2448,8,7,1,1a.csv
2448,2,2,0,1b.csv
2448,2,2,0,1c.csv
2448,1,1,0,1e.csv
2448,0,0,0,1f.csv
2448,3,3,0,1g.csv
2448,3,3,0,1h.csv
2448,2,2,0,1i.csv
2448,0,0,0,1j.csv
2448,1,0,1,1k.csv
2448,0,0,0,1l.csv
2448,1,1,0,1m.csv
2448,3,3,0,2a.csv
2448,0,0,0,2b.csv
2448,0,0,0,2c.csv
2448,0,0,0,2d.csv
2448,0,0,0,2e.csv
2448,1,1,0,2f.csv
2448,0,0,0,2g.csv
2448,0,0,0,2h.csv
2448,0,0,0,2i.csv
2448,1,1,0,2j.csv
2448,0,0,0,2k.csv
2448,4,4,0,2l.csv
2448,24,23,1,3a.csv
2448,4,4,0,3b.csv
2448,4,3,1,3c.csv
2448,4,3,1,3d.csv
2448,12,9,3,3e.csv
2448,1,1,0,3f.csv
2448,2,2,0,3g.csv
2449,7,6,1,1a.csv
2449,2,2,0,1b.csv
2449,2,2,0,1c.csv
2449,1,1,0,1e.csv
2449,0,0,0,1f.csv
2449,3,3,0,1g.csv
2449,2,2,0,1h.csv
2449,2,2,0,1i.csv
2449,0,0,0,1j.csv
2449,1,0,1,1k.csv
2449,0,0,0,1l.csv
2449,1,1,0,1m.csv
2449,3,3,0,2a.csv
2449,0,0,0,2b.csv
2449,0,0,0,2c.csv
2449,0,0,0,2d.csv
2449,0,0,0,2e.csv
2449,1,1,0,2f.csv
2449,0,0,0,2g.csv
2449,0,0,0,2h.csv
2449,0,0,0,2i.csv
2449,1,1,0,2j.csv
2449,0,0,0,2k.csv
2449,3,3,0,2l.csv
2449,16,16,0,3a.csv
2449,4,4,0,3b.csv
2449,6,5,1,3c.csv
2449,6,5,1,3d.csv
2449,12,9,3,3e.csv
2449,1,1,0,3f.csv
2449,2,2,0,3g.csv
2450,6,5,1,1a.csv
2450,3,3,0,1b.csv
2450,1,1,0,1c.csv
2450,1,1,0,1e.csv
2450,0,0,0,1f.csv
2450,3,3,0,1g.csv
2450,3,3,0,1h.csv
2450,2,2,0,1i.csv
2450,0,0,0,1j.csv
2450,1,0,1,1k.csv
2450,1,1,0,1l.csv
2450,0,0,0,1m.csv
2450,4,4,0,2a.csv
2450,0,0,0,2b.csv
2450,0,0,0,2c.csv
2450,0,0,0,2d.csv
2450,0,0,0,2e.csv
2450,1,1,0,2f.csv
2450,0,0,0,2g.csv
2450,0,0,0,2h.csv
2450,0,0,0,2i.csv
2450,0,0,0,2j.csv
2450,0,0,0,2k.csv
2450,6,6,0,2l.csv
2450,13,13,0,3a.csv
2450,4,4,0,3b.csv
2450,8,6,2,3c.csv
2450,8,6,2,3d.csv
2450,11,8,3,3e.csv
2450,2,1,1,3f.csv
2450,2,2,0,3g.csv
2451,4,3,1,1a.csv
2451,4,4,0,1b.csv
2451,2,2,0,1c.csv
2451,0,0,0,1e.csv
2451,0,0,0,1f.csv
2451,5,5,0,1g.csv
2451,4,4,0,1h.csv
2451,1,1,0,1i.csv
2451,0,0,0,1j.csv
2451,1,0,1,1k.csv
2451,2,1,1,1l.csv
2451,0,0,0,1m.csv
2451,4,4,0,2a.csv
2451,0,0,0,2b.csv
2451,0,0,0,2c.csv
2451,1,1,0,2d.csv
2451,0,0,0,2e.csv
2451,1,1,0,2f.csv
2451,0,0,0,2g.csv
2451,0,0,0,2h.csv
2451,0,0,0,2i.csv
2451,0,0,0,2j.csv
2451,0,0,0,2k.csv
2451,8,8,0,2l.csv
2451,9,9,0,3a.csv
2451,5,4,1,3b.csv
2451,9,7,2,3c.csv
2451,9,7,2,3d.csv
2451,10,7,3,3e.csv
2451,2,1,1,3f.csv
2451,1,1,0,3g.csv
2452,4,3,1,1a.csv
2452,5,5,0,1b.csv
2452,2,2,0,1c.csv
2452,0,0,0,1e.csv
2452,0,0,0,1f.csv
2452,5,5,0,1g.csv
2452,2,2,0,1h.csv
2452,2,2,0,1i.csv
2452,0,0,0,1j.csv
2452,0,0,0,1k.csv
2452,2,1,1,1l.csv
2452,0,0,0,1m.csv
2452,4,4,0,2a.csv
2452,0,0,0,2b.csv
2452,0,0,0,2c.csv
2452,1,1,0,2d.csv
2452,0,0,0,2e.csv
2452,2,1,1,2f.csv
2452,0,0,0,2g.csv
2452,0,0,0,2h.csv
2452,0,0,0,2i.csv
2452,0,0,0,2j.csv
2452,0,0,0,2k.csv
2452,8,8,0,2l.csv
2452,8,8,0,3a.csv
2452,4,3,1,3b.csv
2452,11,8,3,3c.csv
2452,11,8,3,3d.csv
2452,9,6,3,3e.csv
2452,1,0,1,3f.csv
2452,2,2,0,3g.csv
2453,4,4,0,1a.csv
2453,6,5,1,1b.csv
2453,2,2,0,1c.csv
2453,0,0,0,1e.csv
2453,0,0,0,1f.csv
2453,5,5,0,1g.csv
2453,2,2,0,1h.csv
2453,2,2,0,1i.csv
2453,0,0,0,1j.csv
2453,0,0,0,1k.csv
2453,2,1,1,1l.csv
2453,0,0,0,1m.csv
2453,4,4,0,2a.csv
2453,0,0,0,2b.csv
2453,0,0,0,2c.csv
2453,1,1,0,2d.csv
2453,0,0,0,2e.csv
2453,2,1,1,2f.csv
2453,0,0,0,2g.csv
2453,0,0,0,2h.csv
2453,0,0,0,2i.csv
2453,0,0,0,2j.csv
2453,0,0,0,2k.csv
2453,8,8,0,2l.csv
2453,8,8,0,3a.csv
2453,4,3,1,3b.csv
2453,12,8,4,3c.csv
2453,12,8,4,3d.csv
2453,6,3,3,3e.csv
2453,1,0,1,3f.csv
2453,3,3,0,3g.csv
2454,2,2,0,1a.csv
2454,5,4,1,1b.csv
2454,2,2,0,1c.csv
2454,0,0,0,1e.csv
2454,0,0,0,1f.csv
2454,4,4,0,1g.csv
2454,2,2,0,1h.csv
2454,2,2,0,1i.csv
2454,0,0,0,1j.csv
2454,0,0,0,1k.csv
2454,2,1,1,1l.csv
2454,0,0,0,1m.csv
2454,3,3,0,2a.csv
2454,0,0,0,2b.csv
2454,0,0,0,2c.csv
2454,1,1,0,2d.csv
2454,0,0,0,2e.csv
2454,1,0,1,2f.csv
2454,0,0,0,2g.csv
2454,0,0,0,2h.csv
2454,0,0,0,2i.csv
2454,0,0,0,2j.csv
2454,0,0,0,2k.csv
2454,12,11,1,2l.csv
2454,8,8,0,3a.csv
2454,3,2,1,3b.csv
2454,12,8,4,3c.csv
2454,12,8,4,3d.csv
2454,6,4,2,3e.csv
2454,3,2,1,3f.csv
2454,3,3,0,3g.csv
2455,2,2,0,1a.csv
2455,6,5,1,1b.csv
2455,2,2,0,1c.csv
2455,0,0,0,1e.csv
2455,0,0,0,1f.csv
2455,2,2,0,1g.csv
2455,3,3,0,1h.csv
2455,2,2,0,1i.csv
2455,0,0,0,1j.csv
2455,0,0,0,1k.csv
2455,2,1,1,1l.csv
2455,0,0,0,1m.csv
2455,2,2,0,2a.csv
2455,0,0,0,2b.csv
2455,0,0,0,2c.csv
2455,1,1,0,2d.csv
2455,0,0,0,2e.csv
2455,1,0,1,2f.csv
2455,0,0,0,2g.csv
2455,0,0,0,2h.csv
2455,0,0,0,2i.csv
2455,0,0,0,2j.csv
2455,0,0,0,2k.csv
2455,10,9,1,2l.csv
2455,10,10,0,3a.csv
2455,2,1,1,3b.csv
2455,10,6,4,3c.csv
2455,10,6,4,3d.csv
2455,6,5,1,3e.csv
2455,3,2,1,3f.csv
2455,3,3,0,3g.csv
2456,3,3,0,1a.csv
2456,5,4,1,1b.csv
2456,2,2,0,1c.csv
2456,0,0,0,1e.csv
2456,0,0,0,1f.csv
2456,2,2,0,1g.csv
2456,3,3,0,1h.csv
2456,1,1,0,1i.csv
2456,0,0,0,1j.csv
2456,0,0,0,1k.csv
2456,2,1,1,1l.csv
2456,0,0,0,1m.csv
2456,2,2,0,2a.csv
2456,0,0,0,2b.csv
2456,0,0,0,2c.csv
2456,1,1,0,2d.csv
2456,0,0,0,2e.csv
2456,1,0,1,2f.csv
2456,0,0,0,2g.csv
2456,0,0,0,2h.csv
2456,0,0,0,2i.csv
2456,0,0,0,2j.csv
2456,0,0,0,2k.csv
2456,10,9,1,2l.csv
2456,8,8,0,3a.csv
2456,2,1,1,3b.csv
2456,9,5,4,3c.csv
2456,9,5,4,3d.csv
2456,4,4,0,3e.csv
2456,3,2,1,3f.csv
2456,2,2,0,3g.csv
2457,3,3,0,1a.csv
2457,7,6,1,1b.csv
2457,2,2,0,1c.csv
2457,0,0,0,1e.csv
2457,0,0,0,1f.csv
2457,2,2,0,1g.csv
2457,3,3,0,1h.csv
2457,1,1,0,1i.csv
2457,0,0,0,1j.csv
2457,0,0,0,1k.csv
2457,2,1,1,1l.csv
2457,0,0,0,1m.csv
2457,2,2,0,2a.csv
2457,0,0,0,2b.csv
2457,0,0,0,2c.csv
2457,1,1,0,2d.csv
2457,0,0,0,2e.csv
2457,1,0,1,2f.csv
2457,0,0,0,2g.csv
2457,0,0,0,2h.csv
2457,0,0,0,2i.csv
2457,0,0,0,2j.csv
2457,0,0,0,2k.csv
2457,10,9,1,2l.csv
2457,8,8,0,3a.csv
2457,2,1,1,3b.csv
2457,7,3,4,3c.csv
2457,7,3,4,3d.csv
2457,5,5,0,3e.csv
2457,3,2,1,3f.csv
2457,3,3,0,3g.csv
2458,3,3,0,1a.csv
2458,7,6,1,1b.csv
2458,2,2,0,1c.csv
2458,0,0,0,1e.csv
2458,0,0,0,1f.csv
2458,2,2,0,1g.csv
2458,2,2,0,1h.csv
2458,1,1,0,1i.csv
2458,0,0,0,1j.csv
2458,0,0,0,1k.csv
2458,1,0,1,1l.csv
2458,1,1,0,1m.csv
2458,1,1,0,2a.csv
2458,0,0,0,2b.csv
2458,0,0,0,2c.csv
2458,1,1,0,2d.csv
2458,0,0,0,2e.csv
2458,1,0,1,2f.csv
2458,0,0,0,2g.csv
2458,0,0,0,2h.csv
2458,0,0,0,2i.csv
2458,0,0,0,2j.csv
2458,0,0,0,2k.csv
2458,7,6,1,2l.csv
2458,8,8,0,3a.csv
2458,3,2,1,3b.csv
2458,7,4,3,3c.csv
2458,7,4,3,3d.csv
2458,4,4,0,3e.csv
2458,4,3,1,3f.csv
2458,3,3,0,3g.csv
2459,3,3,0,1a.csv
2459,6,5,1,1b.csv
2459,1,1,0,1c.csv
2459,0,0,0,1e.csv
2459,1,1,0,1f.csv
2459,0,0,0,1g.csv
2459,1,1,0,1h.csv
2459,1,1,0,1i.csv
2459,0,0,0,1j.csv
2459,0,0,0,1k.csv
2459,0,0,0,1l.csv
2459,1,1,0,1m.csv
2459,1,1,0,2a.csv
2459,0,0,0,2b.csv
2459,0,0,0,2c.csv
2459,0,0,0,2d.csv
2459,0,0,0,2e.csv
2459,1,0,1,2f.csv
2459,0,0,0,2g.csv
2459,0,0,0,2h.csv
2459,0,0,0,2i.csv
2459,0,0,0,2j.csv
2459,0,0,0,2k.csv
2459,8,7,1,2l.csv
2459,7,7,0,3a.csv
2459,2,2,0,3b.csv
2459,7,3,4,3c.csv
2459,7,3,4,3d.csv
2459,6,6,0,3e.csv
2459,4,3,1,3f.csv
2459,3,3,0,3g.csv
2460,3,3,0,1a.csv
2460,5,4,1,1b.csv
2460,0,0,0,1c.csv
2460,0,0,0,1e.csv
2460,1,1,0,1f.csv
2460,0,0,0,1g.csv
2460,1,1,0,1h.csv
2460,0,0,0,1i.csv
2460,0,0,0,1j.csv
2460,0,0,0,1k.csv
2460,0,0,0,1l.csv
2460,1,1,0,1m.csv
2460,1,1,0,2a.csv
2460,0,0,0,2b.csv
2460,0,0,0,2c.csv
2460,0,0,0,2d.csv
2460,0,0,0,2e.csv
2460,0,0,0,2f.csv
2460,0,0,0,2g.csv
2460,0,0,0,2h.csv
2460,0,0,0,2i.csv
2460,0,0,0,2j.csv
2460,0,0,0,2k.csv
2460,9,8,1,2l.csv
2460,8,6,2,3a.csv
2460,4,4,0,3b.csv
2460,4,2,2,3c.csv
2460,4,2,2,3d.csv
2460,6,6,0,3e.csv
2460,4,3,1,3f.csv
2460,2,2,0,3g.csv
2461,2,2,0,1a.csv
2461,4,4,0,1b.csv
2461,1,1,0,1c.csv
2461,0,0,0,1e.csv
2461,1,1,0,1f.csv
2461,0,0,0,1g.csv
2461,1,1,0,1h.csv
2461,0,0,0,1i.csv
2461,0,0,0,1j.csv
2461,0,0,0,1k.csv
2461,0,0,0,1l.csv
2461,1,1,0,1m.csv
2461,0,0,0,2a.csv
2461,0,0,0,2b.csv
2461,0,0,0,2c.csv
2461,0,0,0,2d.csv
2461,0,0,0,2e.csv
2461,0,0,0,2f.csv
2461,0,0,0,2g.csv
2461,0,0,0,2h.csv
2461,0,0,0,2i.csv
2461,0,0,0,2j.csv
2461,0,0,0,2k.csv
2461,11,10,1,2l.csv
2461,6,4,2,3a.csv
2461,4,4,0,3b.csv
2461,3,2,1,3c.csv
2461,3,2,1,3d.csv
2461,6,6,0,3e.csv
2461,4,3,1,3f.csv
2461,1,1,0,3g.csv
2462,3,3,0,1a.csv
2462,4,4,0,1b.csv
2462,1,1,0,1c.csv
2462,0,0,0,1e.csv
2462,1,1,0,1f.csv
2462,0,0,0,1g.csv
2462,1,1,0,1h.csv
2462,0,0,0,1i.csv
2462,0,0,0,1j.csv
2462,0,0,0,1k.csv
2462,0,0,0,1l.csv
2462,2,2,0,1m.csv
2462,0,0,0,2a.csv
2462,0,0,0,2b.csv
2462,0,0,0,2c.csv
2462,0,0,0,2d.csv
2462,0,0,0,2e.csv
2462,1,1,0,2f.csv
2462,0,0,0,2g.csv
2462,0,0,0,2h.csv
2462,0,0,0,2i.csv
2462,0,0,0,2j.csv
2462,0,0,0,2k.csv
2462,9,8,1,2l.csv
2462,5,3,2,3a.csv
2462,3,3,0,3b.csv
2462,4,3,1,3c.csv
2462,4,3,1,3d.csv
2462,4,4,0,3e.csv
2462,3,2,1,3f.csv
2462,1,1,0,3g.csv
2463,4,4,0,1a.csv
2463,4,4,0,1b.csv
2463,1,1,0,1c.csv
2463,0,0,0,1e.csv
2463,1,1,0,1f.csv
2463,0,0,0,1g.csv
2463,0,0,0,1h.csv
2463,0,0,0,1i.csv
2463,0,0,0,1j.csv
2463,1,1,0,1k.csv
2463,0,0,0,1l.csv
2463,2,2,0,1m.csv
2463,2,2,0,2a.csv
2463,0,0,0,2b.csv
2463,0,0,0,2c.csv
2463,0,0,0,2d.csv
2463,0,0,0,2e.csv
2463,1,1,0,2f.csv
2463,0,0,0,2g.csv
2463,0,0,0,2h.csv
2463,0,0,0,2i.csv
2463,0,0,0,2j.csv
2463,0,0,0,2k.csv
2463,8,7,1,2l.csv
2463,4,2,2,3a.csv
2463,3,3,0,3b.csv
2463,6,5,1,3c.csv
2463,6,5,1,3d.csv
2463,4,4,0,3e.csv
2463,4,3,1,3f.csv
2463,1,1,0,3g.csv
2464,4,4,0,1a.csv
2464,4,4,0,1b.csv
2464,1,1,0,1c.csv
2464,0,0,0,1e.csv
2464,1,1,0,1f.csv
2464,1,1,0,1g.csv
2464,0,0,0,1h.csv
2464,0,0,0,1i.csv
2464,0,0,0,1j.csv
2464,1,1,0,1k.csv
2464,0,0,0,1l.csv
2464,2,2,0,1m.csv
2464,2,2,0,2a.csv
2464,0,0,0,2b.csv
2464,0,0,0,2c.csv
2464,2,0,2,2d.csv
2464,0,0,0,2e.csv
2464,1,1,0,2f.csv
2464,0,0,0,2g.csv
2464,0,0,0,2h.csv
2464,0,0,0,2i.csv
2464,0,0,0,2j.csv
2464,0,0,0,2k.csv
2464,9,8,1,2l.csv
2464,5,2,3,3a.csv
2464,4,4,0,3b.csv
2464,8,7,1,3c.csv
2464,8,7,1,3d.csv
2464,4,4,0,3e.csv
2464,4,3,1,3f.csv
2464,1,1,0,3g.csv
2465,6,5,1,1a.csv
2465,3,3,0,1b.csv
2465,1,1,0,1c.csv
2465,0,0,0,1e.csv
2465,1,1,0,1f.csv
2465,1,1,0,1g.csv
2465,0,0,0,1h.csv
2465,1,1,0,1i.csv
2465,0,0,0,1j.csv
2465,1,1,0,1k.csv
2465,0,0,0,1l.csv
2465,2,2,0,1m.csv
2465,2,2,0,2a.csv
2465,0,0,0,2b.csv
2465,0,0,0,2c.csv
2465,2,0,2,2d.csv
2465,0,0,0,2e.csv
2465,1,1,0,2f.csv
2465,0,0,0,2g.csv
2465,0,0,0,2h.csv
2465,0,0,0,2i.csv
2465,0,0,0,2j.csv
2465,0,0,0,2k.csv
2465,11,9,2,2l.csv
2465,6,3,3,3a.csv
2465,6,6,0,3b.csv
2465,9,8,1,3c.csv
2465,9,8,1,3d.csv
2465,3,3,0,3e.csv
2465,6,5,1,3f.csv
2465,0,0,0,3g.csv
2466,5,4,1,1a.csv
2466,2,2,0,1b.csv
2466,1,1,0,1c.csv
2466,0,0,0,1e.csv
2466,1,1,0,1f.csv
2466,1,1,0,1g.csv
2466,0,0,0,1h.csv
2466,1,1,0,1i.csv
2466,0,0,0,1j.csv
2466,1,1,0,1k.csv
2466,0,0,0,1l.csv
2466,1,1,0,1m.csv
2466,2,2,0,2a.csv
2466,0,0,0,2b.csv
2466,0,0,0,2c.csv
2466,3,1,2,2d.csv
2466,0,0,0,2e.csv
2466,1,1,0,2f.csv
2466,0,0,0,2g.csv
2466,0,0,0,2h.csv
2466,0,0,0,2i.csv
2466,0,0,0,2j.csv
2466,0,0,0,2k.csv
2466,12,10,2,2l.csv
2466,10,6,4,3a.csv
2466,5,5,0,3b.csv
2466,8,7,1,3c.csv
2466,8,7,1,3d.csv
2466,3,3,0,3e.csv
2466,4,4,0,3f.csv
2466,0,0,0,3g.csv
2467,5,4,1,1a.csv
2467,2,2,0,1b.csv
2467,1,1,0,1c.csv
2467,0,0,0,1e.csv
2467,0,0,0,1f.csv
2467,1,1,0,1g.csv
2467,0,0,0,1h.csv
2467,1,1,0,1i.csv
2467,0,0,0,1j.csv
2467,1,1,0,1k.csv
2467,0,0,0,1l.csv
2467,1,1,0,1m.csv
2467,2,2,0,2a.csv
2467,0,0,0,2b.csv
2467,0,0,0,2c.csv
2467,6,3,3,2d.csv
2467,0,0,0,2e.csv
2467,1,1,0,2f.csv
2467,0,0,0,2g.csv
2467,0,0,0,2h.csv
2467,0,0,0,2i.csv
2467,0,0,0,2j.csv
2467,0,0,0,2k.csv
2467,9,7,2,2l.csv
2467,9,5,4,3a.csv
2467,5,5,0,3b.csv
2467,9,8,1,3c.csv
2467,9,8,1,3d.csv
2467,1,1,0,3e.csv
2467,4,4,0,3f.csv
2467,0,0,0,3g.csv
2468,6,5,1,1a.csv
2468,2,2,0,1b.csv
2468,1,1,0,1c.csv
2468,0,0,0,1e.csv
2468,0,0,0,1f.csv
2468,1,1,0,1g.csv
2468,0,0,0,1h.csv
2468,1,1,0,1i.csv
2468,0,0,0,1j.csv
2468,1,1,0,1k.csv
2468,0,0,0,1l.csv
2468,1,1,0,1m.csv
2468,2,2,0,2a.csv
2468,0,0,0,2b.csv
2468,0,0,0,2c.csv
2468,6,3,3,2d.csv
2468,0,0,0,2e.csv
2468,1,1,0,2f.csv
2468,0,0,0,2g.csv
2468,0,0,0,2h.csv
2468,0,0,0,2i.csv
2468,0,0,0,2j.csv
2468,0,0,0,2k.csv
2468,9,7,2,2l.csv
2468,10,8,2,3a.csv
2468,3,3,0,3b.csv
2468,11,10,1,3c.csv
2468,11,10,1,3d.csv
2468,1,1,0,3e.csv
2468,5,4,1,3f.csv
2468,0,0,0,3g.csv
2469,6,5,1,1a.csv
2469,2,2,0,1b.csv
2469,0,0,0,1c.csv
2469,0,0,0,1e.csv
2469,0,0,0,1f.csv
2469,2,2,0,1g.csv
2469,0,0,0,1h.csv
2469,1,1,0,1i.csv
2469,0,0,0,1j.csv
2469,1,1,0,1k.csv
2469,0,0,0,1l.csv
2469,1,1,0,1m.csv
2469,2,2,0,2a.csv
2469,0,0,0,2b.csv
2469,0,0,0,2c.csv
2469,7,4,3,2d.csv
2469,0,0,0,2e.csv
2469,1,1,0,2f.csv
2469,0,0,0,2g.csv
2469,0,0,0,2h.csv
2469,0,0,0,2i.csv
2469,0,0,0,2j.csv
2469,0,0,0,2k.csv
2469,9,6,3,2l.csv
2469,10,8,2,3a.csv
2469,4,4,0,3b.csv
2469,13,12,1,3c.csv
2469,13,12,1,3d.csv
2469,2,1,1,3e.csv
2469,6,5,1,3f.csv
2469,0,0,0,3g.csv
2470,7,6,1,1a.csv
2470,2,2,0,1b.csv
2470,0,0,0,1c.csv
2470,0,0,0,1e.csv
2470,0,0,0,1f.csv
2470,2,2,0,1g.csv
2470,1,1,0,1h.csv
2470,1,1,0,1i.csv
2470,0,0,0,1j.csv
2470,1,1,0,1k.csv
2470,0,0,0,1l.csv
2470,0,0,0,1m.csv
2470,3,3,0,2a.csv
2470,0,0,0,2b.csv
2470,0,0,0,2c.csv
2470,8,4,4,2d.csv
2470,0,0,0,2e.csv
2470,0,0,0,2f.csv
2470,0,0,0,2g.csv
2470,0,0,0,2h.csv
2470,0,0,0,2i.csv
2470,0,0,0,2j.csv
2470,0,0,0,2k.csv
2470,8,6,2,2l.csv
2470,11,8,3,3a.csv
2470,5,5,0,3b.csv
2470,13,12,1,3c.csv
2470,13,12,1,3d.csv
2470,2,1,1,3e.csv
2470,5,4,1,3f.csv
2470,1,1,0,3g.csv
2471,6,5,1,1a.csv
2471,2,1,1,1b.csv
2471,0,0,0,1c.csv
2471,0,0,0,1e.csv
2471,0,0,0,1f.csv
2471,2,2,0,1g.csv
2471,1,1,0,1h.csv
2471,1,1,0,1i.csv
2471,0,0,0,1j.csv
2471,0,0,0,1k.csv
2471,0,0,0,1l.csv
2471,0,0,0,1m.csv
2471,1,1,0,2a.csv
2471,0,0,0,2b.csv
2471,0,0,0,2c.csv
2471,8,4,4,2d.csv
2471,0,0,0,2e.csv
2471,0,0,0,2f.csv
2471,0,0,0,2g.csv
2471,0,0,0,2h.csv
2471,0,0,0,2i.csv
2471,0,0,0,2j.csv
2471,0,0,0,2k.csv
2471,9,7,2,2l.csv
2471,15,11,4,3a.csv
2471,5,5,0,3b.csv
2471,12,11,1,3c.csv
2471,12,11,1,3d.csv
2471,2,1,1,3e.csv
2471,4,3,1,3f.csv
2471,1,1,0,3g.csv
2472,7,6,1,1a.csv
2472,2,1,1,1b.csv
2472,0,0,0,1c.csv
2472,0,0,0,1e.csv
2472,0,0,0,1f.csv
2472,1,1,0,1g.csv
2472,2,2,0,1h.csv
2472,1,1,0,1i.csv
2472,0,0,0,1j.csv
2472,0,0,0,1k.csv
2472,0,0,0,1l.csv
2472,0,0,0,1m.csv
2472,1,1,0,2a.csv
2472,0,0,0,2b.csv
2472,0,0,0,2c.csv
2472,6,4,2,2d.csv
2472,0,0,0,2e.csv
2472,0,0,0,2f.csv
2472,0,0,0,2g.csv
2472,1,0,1,2h.csv
2472,0,0,0,2i.csv
2472,0,0,0,2j.csv
2472,0,0,0,2k.csv
2472,9,7,2,2l.csv
2472,15,12,3,3a.csv
2472,4,4,0,3b.csv
2472,11,9,2,3c.csv
2472,11,9,2,3d.csv
2472,2,1,1,3e.csv
2472,4,3,1,3f.csv
2472,1,1,0,3g.csv
2473,6,5,1,1a.csv
2473,1,0,1,1b.csv
2473,0,0,0,1c.csv
2473,0,0,0,1e.csv
2473,0,0,0,1f.csv
2473,1,1,0,1g.csv
2473,2,2,0,1h.csv
2473,0,0,0,1i.csv
2473,0,0,0,1j.csv
2473,0,0,0,1k.csv
2473,0,0,0,1l.csv
2473,1,1,0,1m.csv
2473,1,1,0,2a.csv
2473,0,0,0,2b.csv
2473,0,0,0,2c.csv
2473,7,5,2,2d.csv
2473,0,0,0,2e.csv
2473,0,0,0,2f.csv
2473,0,0,0,2g.csv
2473,1,0,1,2h.csv
2473,0,0,0,2i.csv
2473,0,0,0,2j.csv
2473,0,0,0,2k.csv
2473,9,8,1,2l.csv
2473,14,11,3,3a.csv
2473,3,2,1,3b.csv
2473,10,8,2,3c.csv
2473,10,8,2,3d.csv
2473,2,1,1,3e.csv
2473,4,2,2,3f.csv
2473,1,1,0,3g.csv
2474,6,5,1,1a.csv
2474,2,1,1,1b.csv
2474,0,0,0,1c.csv
2474,0,0,0,1e.csv
2474,0,0,0,1f.csv
2474,1,1,0,1g.csv
2474,2,2,0,1h.csv
2474,0,0,0,1i.csv
2474,0,0,0,1j.csv
2474,0,0,0,1k.csv
2474,0,0,0,1l.csv
2474,1,1,0,1m.csv
2474,1,1,0,2a.csv
2474,0,0,0,2b.csv
2474,0,0,0,2c.csv
2474,7,5,2,2d.csv
2474,0,0,0,2e.csv
2474,1,1,0,2f.csv
2474,0,0,0,2g.csv
2474,1,0,1,2h.csv
2474,0,0,0,2i.csv
2474,0,0,0,2j.csv
2474,0,0,0,2k.csv
2474,8,7,1,2l.csv
2474,14,11,3,3a.csv
2474,3,2,1,3b.csv
2474,9,7,2,3c.csv
2474,9,7,2,3d.csv
2474,3,2,1,3e.csv
2474,6,4,2,3f.csv
2474,1,1,0,3g.csv
2475,6,5,1,1a.csv
2475,3,2,1,1b.csv
2475,0,0,0,1c.csv
2475,0,0,0,1e.csv
2475,0,0,0,1f.csv
2475,1,1,0,1g.csv
2475,2,2,0,1h.csv
2475,0,0,0,1i.csv
2475,0,0,0,1j.csv
2475,0,0,0,1k.csv
2475,1,1,0,1l.csv
2475,1,1,0,1m.csv
2475,1,1,0,2a.csv
2475,0,0,0,2b.csv
2475,0,0,0,2c.csv
2475,4,3,1,2d.csv
2475,0,0,0,2e.csv
2475,1,1,0,2f.csv
2475,0,0,0,2g.csv
2475,1,0,1,2h.csv
2475,0,0,0,2i.csv
2475,0,0,0,2j.csv
2475,0,0,0,2k.csv
2475,8,7,1,2l.csv
2475,15,12,3,3a.csv
2475,3,2,1,3b.csv
2475,7,6,1,3c.csv
2475,7,6,1,3d.csv
2475,3,2,1,3e.csv
2475,6,4,2,3f.csv
2475,1,1,0,3g.csv
2476,5,4,1,1a.csv
2476,3,2,1,1b.csv
2476,1,1,0,1c.csv
2476,0,0,0,1e.csv
2476,0,0,0,1f.csv
2476,3,2,1,1g.csv
2476,2,2,0,1h.csv
2476,0,0,0,1i.csv
2476,0,0,0,1j.csv
2476,0,0,0,1k.csv
2476,2,2,0,1l.csv
2476,1,1,0,1m.csv
2476,1,1,0,2a.csv
2476,0,0,0,2b.csv
2476,0,0,0,2c.csv
2476,4,3,1,2d.csv
2476,0,0,0,2e.csv
2476,1,1,0,2f.csv
2476,0,0,0,2g.csv
2476,1,0,1,2h.csv
2476,0,0,0,2i.csv
2476,0,0,0,2j.csv
2476,0,0,0,2k.csv
2476,8,7,1,2l.csv
2476,14,10,4,3a.csv
2476,4,3,1,3b.csv
2476,4,3,1,3c.csv
2476,4,3,1,3d.csv
2476,4,3,1,3e.csv
2476,5,4,1,3f.csv
2476,1,1,0,3g.csv
2477,5,4,1,1a.csv
2477,3,2,1,1b.csv
2477,1,1,0,1c.csv
2477,0,0,0,1e.csv
2477,0,0,0,1f.csv
2477,2,1,1,1g.csv
2477,2,2,0,1h.csv
2477,1,1,0,1i.csv
2477,0,0,0,1j.csv
2477,0,0,0,1k.csv
2477,2,2,0,1l.csv
2477,1,1,0,1m.csv
2477,1,1,0,2a.csv
2477,0,0,0,2b.csv
2477,0,0,0,2c.csv
2477,3,2,1,2d.csv
2477,0,0,0,2e.csv
2477,1,1,0,2f.csv
2477,0,0,0,2g.csv
2477,1,0,1,2h.csv
2477,0,0,0,2i.csv
2477,0,0,0,2j.csv
2477,0,0,0,2k.csv
2477,7,7,0,2l.csv
2477,16,12,4,3a.csv
2477,3,2,1,3b.csv
2477,4,3,1,3c.csv
2477,4,3,1,3d.csv
2477,3,3,0,3e.csv
2477,4,3,1,3f.csv
2477,1,1,0,3g.csv
2478,4,3,1,1a.csv
2478,3,2,1,1b.csv
2478,1,1,0,1c.csv
2478,0,0,0,1e.csv
2478,0,0,0,1f.csv
2478,2,1,1,1g.csv
2478,1,1,0,1h.csv
2478,1,1,0,1i.csv
2478,0,0,0,1j.csv
2478,0,0,0,1k.csv
2478,2,2,0,1l.csv
2478,1,1,0,1m.csv
2478,0,0,0,2a.csv
2478,0,0,0,2b.csv
2478,0,0,0,2c.csv
2478,3,3,0,2d.csv
2478,0,0,0,2e.csv
2478,1,1,0,2f.csv
2478,0,0,0,2g.csv
2478,1,0,1,2h.csv
2478,0,0,0,2i.csv
2478,0,0,0,2j.csv
2478,0,0,0,2k.csv
2478,7,7,0,2l.csv
2478,15,12,3,3a.csv
2478,3,2,1,3b.csv
2478,3,2,1,3c.csv
2478,3,2,1,3d.csv
2478,3,3,0,3e.csv
2478,4,3,1,3f.csv
2478,0,0,0,3g.csv
2479,4,3,1,1a.csv
2479,2,2,0,1b.csv
2479,1,1,0,1c.csv
2479,0,0,0,1e.csv
2479,0,0,0,1f.csv
2479,2,1,1,1g.csv
2479,1,1,0,1h.csv
2479,1,1,0,1i.csv
2479,0,0,0,1j.csv
2479,0,0,0,1k.csv
2479,2,2,0,1l.csv
2479,1,1,0,1m.csv
2479,0,0,0,2a.csv
2479,0,0,0,2b.csv
2479,0,0,0,2c.csv
2479,3,3,0,2d.csv
2479,0,0,0,2e.csv
2479,1,1,0,2f.csv
2479,0,0,0,2g.csv
2479,1,0,1,2h.csv
2479,0,0,0,2i.csv
2479,0,0,0,2j.csv
2479,0,0,0,2k.csv
2479,6,6,0,2l.csv
2479,10,8,2,3a.csv
2479,3,2,1,3b.csv
2479,3,2,1,3c.csv
2479,3,2,1,3d.csv
2479,2,2,0,3e.csv
2479,5,4,1,3f.csv
2479,0,0,0,3g.csv
2480,4,3,1,1a.csv
2480,3,3,0,1b.csv
2480,2,1,1,1c.csv
2480,0,0,0,1e.csv
2480,0,0,0,1f.csv
2480,2,1,1,1g.csv
2480,2,2,0,1h.csv
2480,1,1,0,1i.csv
2480,0,0,0,1j.csv
2480,0,0,0,1k.csv
2480,2,2,0,1l.csv
2480,1,1,0,1m.csv
2480,1,1,0,2a.csv
2480,0,0,0,2b.csv
2480,0,0,0,2c.csv
2480,5,4,1,2d.csv
2480,0,0,0,2e.csv
2480,1,1,0,2f.csv
2480,0,0,0,2g.csv
2480,0,0,0,2h.csv
2480,0,0,0,2i.csv
2480,0,0,0,2j.csv
2480,0,0,0,2k.csv
2480,6,6,0,2l.csv
2480,12,10,2,3a.csv
2480,4,3,1,3b.csv
2480,3,3,0,3c.csv
2480,3,3,0,3d.csv
2480,3,2,1,3e.csv
2480,6,5,1,3f.csv
2480,0,0,0,3g.csv
2481,4,4,0,1a.csv
2481,3,3,0,1b.csv
2481,2,1,1,1c.csv
2481,0,0,0,1e.csv
2481,0,0,0,1f.csv
2481,2,1,1,1g.csv
2481,2,2,0,1h.csv
2481,1,1,0,1i.csv
2481,0,0,0,1j.csv
2481,0,0,0,1k.csv
2481,2,2,0,1l.csv
2481,0,0,0,1m.csv
2481,2,1,1,2a.csv
2481,0,0,0,2b.csv
2481,0,0,0,2c.csv
2481,5,3,2,2d.csv
2481,0,0,0,2e.csv
2481,1,1,0,2f.csv
2481,0,0,0,2g.csv
2481,0,0,0,2h.csv
2481,0,0,0,2i.csv
2481,0,0,0,2j.csv
2481,0,0,0,2k.csv
2481,4,4,0,2l.csv
2481,16,14,2,3a.csv
2481,4,4,0,3b.csv
2481,3,3,0,3c.csv
2481,3,3,0,3d.csv
2481,3,2,1,3e.csv
2481,4,4,0,3f.csv
2481,0,0,0,3g.csv
2482,4,4,0,1a.csv
2482,2,2,0,1b.csv
2482,2,1,1,1c.csv
2482,0,0,0,1e.csv
2482,0,0,0,1f.csv
2482,2,1,1,1g.csv
2482,2,2,0,1h.csv
2482,1,1,0,1i.csv
2482,0,0,0,1j.csv
2482,0,0,0,1k.csv
2482,2,2,0,1l.csv
2482,0,0,0,1m.csv
2482,2,1,1,2a.csv
2482,0,0,0,2b.csv
2482,0,0,0,2c.csv
2482,5,3,2,2d.csv
2482,0,0,0,2e.csv
2482,0,0,0,2f.csv
2482,0,0,0,2g.csv
2482,0,0,0,2h.csv
2482,0,0,0,2i.csv
2482,0,0,0,2j.csv
2482,0,0,0,2k.csv
2482,4,4,0,2l.csv
2482,17,16,1,3a.csv
2482,5,5,0,3b.csv
2482,4,4,0,3c.csv
2482,4,4,0,3d.csv
2482,2,1,1,3e.csv
2482,3,3,0,3f.csv
2482,1,1,0,3g.csv
2483,5,4,1,1a.csv
2483,3,1,2,1b.csv
2483,2,1,1,1c.csv
2483,0,0,0,1e.csv
2483,0,0,0,1f.csv
2483,3,2,1,1g.csv
2483,2,2,0,1h.csv
2483,1,1,0,1i.csv
2483,0,0,0,1j.csv
2483,0,0,0,1k.csv
2483,1,1,0,1l.csv
2483,0,0,0,1m.csv
2483,2,1,1,2a.csv
2483,0,0,0,2b.csv
2483,0,0,0,2c.csv
2483,5,3,2,2d.csv
2483,0,0,0,2e.csv
2483,0,0,0,2f.csv
2483,0,0,0,2g.csv
2483,0,0,0,2h.csv
2483,0,0,0,2i.csv
2483,0,0,0,2j.csv
2483,0,0,0,2k.csv
2483,4,4,0,2l.csv
2483,18,16,2,3a.csv
2483,5,5,0,3b.csv
2483,4,4,0,3c.csv
2483,4,4,0,3d.csv
2483,2,1,1,3e.csv
2483,3,3,0,3f.csv
2483,2,2,0,3g.csv
2484,5,4,1,1a.csv
2484,3,1,2,1b.csv
2484,1,0,1,1c.csv
2484,0,0,0,1e.csv
2484,0,0,0,1f.csv
2484,2,2,0,1g.csv
2484,2,2,0,1h.csv
2484,1,1,0,1i.csv
2484,0,0,0,1j.csv
2484,0,0,0,1k.csv
2484,0,0,0,1l.csv
2484,0,0,0,1m.csv
2484,3,2,1,2a.csv
2484,0,0,0,2b.csv
2484,0,0,0,2c.csv
2484,5,3,2,2d.csv
2484,0,0,0,2e.csv
2484,0,0,0,2f.csv
2484,0,0,0,2g.csv
2484,0,0,0,2h.csv
2484,0,0,0,2i.csv
2484,0,0,0,2j.csv
2484,0,0,0,2k.csv
2484,3,3,0,2l.csv
2484,16,15,1,3a.csv
2484,5,5,0,3b.csv
2484,5,5,0,3c.csv
2484,5,5,0,3d.csv
2484,1,0,1,3e.csv
2484,3,3,0,3f.csv
2484,3,3,0,3g.csv
2485,6,5,1,1a.csv
2485,3,1,2,1b.csv
2485,1,0,1,1c.csv
2485,0,0,0,1e.csv
2485,0,0,0,1f.csv
2485,2,2,0,1g.csv
2485,2,2,0,1h.csv
2485,0,0,0,1i.csv
2485,0,0,0,1j.csv
2485,0,0,0,1k.csv
2485,0,0,0,1l.csv
2485,0,0,0,1m.csv
2485,3,2,1,2a.csv
2485,0,0,0,2b.csv
2485,0,0,0,2c.csv
2485,5,3,2,2d.csv
2485,0,0,0,2e.csv
2485,0,0,0,2f.csv
2485,0,0,0,2g.csv
2485,0,0,0,2h.csv
2485,0,0,0,2i.csv
2485,0,0,0,2j.csv
2485,0,0,0,2k.csv
2485,2,2,0,2l.csv
2485,16,15,1,3a.csv
2485,5,5,0,3b.csv
2485,5,5,0,3c.csv
2485,5,5,0,3d.csv
2485,1,0,1,3e.csv
2485,3,3,0,3f.csv
2485,4,4,0,3g.csv
2486,5,4,1,1a.csv
2486,3,1,2,1b.csv
2486,1,0,1,1c.csv
2486,0,0,0,1e.csv
2486,0,0,0,1f.csv
2486,2,2,0,1g.csv
2486,3,3,0,1h.csv
2486,0,0,0,1i.csv
2486,0,0,0,1j.csv
2486,0,0,0,1k.csv
2486,0,0,0,1l.csv
2486,0,0,0,1m.csv
2486,3,2,1,2a.csv
2486,0,0,0,2b.csv
2486,1,1,0,2c.csv
2486,5,3,2,2d.csv
2486,0,0,0,2e.csv
2486,0,0,0,2f.csv
2486,0,0,0,2g.csv
2486,0,0,0,2h.csv
2486,0,0,0,2i.csv
2486,0,0,0,2j.csv
2486,0,0,0,2k.csv
2486,2,2,0,2l.csv
2486,20,19,1,3a.csv
2486,4,4,0,3b.csv
2486,5,5,0,3c.csv
2486,5,5,0,3d.csv
2486,1,0,1,3e.csv
2486,4,4,0,3f.csv
2486,4,4,0,3g.csv
2487,8,7,1,1a.csv
2487,4,2,2,1b.csv
2487,1,0,1,1c.csv
2487,0,0,0,1e.csv
2487,0,0,0,1f.csv
2487,2,2,0,1g.csv
2487,3,3,0,1h.csv
2487,0,0,0,1i.csv
2487,0,0,0,1j.csv
2487,0,0,0,1k.csv
2487,0,0,0,1l.csv
2487,0,0,0,1m.csv
2487,3,2,1,2a.csv
2487,0,0,0,2b.csv
2487,1,1,0,2c.csv
2487,5,3,2,2d.csv
2487,0,0,0,2e.csv
2487,0,0,0,2f.csv
2487,0,0,0,2g.csv
2487,0,0,0,2h.csv
2487,0,0,0,2i.csv
2487,0,0,0,2j.csv
2487,0,0,0,2k.csv
2487,2,2,0,2l.csv
2487,24,22,2,3a.csv
2487,4,4,0,3b.csv
2487,6,5,1,3c.csv
2487,6,5,1,3d.csv
2487,2,1,1,3e.csv
2487,4,4,0,3f.csv
2487,7,7,0,3g.csv
2488,7,6,1,1a.csv
2488,3,1,2,1b.csv
2488,1,1,0,1c.csv
2488,0,0,0,1e.csv
2488,0,0,0,1f.csv
2488,2,2,0,1g.csv
2488,1,1,0,1h.csv
2488,0,0,0,1i.csv
2488,0,0,0,1j.csv
2488,0,0,0,1k.csv
2488,0,0,0,1l.csv
2488,0,0,0,1m.csv
2488,2,1,1,2a.csv
2488,0,0,0,2b.csv
2488,1,1,0,2c.csv
2488,3,2,1,2d.csv
2488,0,0,0,2e.csv
2488,0,0,0,2f.csv
2488,0,0,0,2g.csv
2488,0,0,0,2h.csv
2488,0,0,0,2i.csv
2488,0,0,0,2j.csv
2488,0,0,0,2k.csv
2488,1,1,0,2l.csv
2488,23,21,2,3a.csv
2488,3,3,0,3b.csv
2488,6,5,1,3c.csv
2488,6,5,1,3d.csv
2488,1,1,0,3e.csv
2488,3,3,0,3f.csv
2488,7,7,0,3g.csv
2489,7,5,2,1a.csv
2489,3,1,2,1b.csv
2489,1,1,0,1c.csv
2489,0,0,0,1e.csv
2489,0,0,0,1f.csv
2489,2,2,0,1g.csv
2489,1,1,0,1h.csv
2489,0,0,0,1i.csv
2489,0,0,0,1j.csv
2489,0,0,0,1k.csv
2489,0,0,0,1l.csv
2489,0,0,0,1m.csv
2489,1,1,0,2a.csv
2489,1,1,0,2b.csv
2489,1,1,0,2c.csv
2489,3,3,0,2d.csv
2489,0,0,0,2e.csv
2489,0,0,0,2f.csv
2489,0,0,0,2g.csv
2489,0,0,0,2h.csv
2489,0,0,0,2i.csv
2489,0,0,0,2j.csv
2489,0,0,0,2k.csv
2489,1,1,0,2l.csv
2489,23,21,2,3a.csv
2489,3,3,0,3b.csv
2489,7,6,1,3c.csv
2489,7,6,1,3d.csv
2489,1,1,0,3e.csv
2489,4,4,0,3f.csv
2489,7,7,0,3g.csv
2490,7,5,2,1a.csv
2490,5,3,2,1b.csv
2490,1,1,0,1c.csv
2490,0,0,0,1e.csv
2490,0,0,0,1f.csv
2490,2,2,0,1g.csv
2490,1,1,0,1h.csv
2490,0,0,0,1i.csv
2490,0,0,0,1j.csv
2490,0,0,0,1k.csv
2490,0,0,0,1l.csv
2490,0,0,0,1m.csv
2490,2,2,0,2a.csv
2490,1,1,0,2b.csv
2490,1,1,0,2c.csv
2490,2,2,0,2d.csv
2490,0,0,0,2e.csv
2490,0,0,0,2f.csv
2490,0,0,0,2g.csv
2490,0,0,0,2h.csv
2490,0,0,0,2i.csv
2490,0,0,0,2j.csv
2490,0,0,0,2k.csv
2490,2,2,0,2l.csv
2490,22,19,3,3a.csv
2490,3,3,0,3b.csv
2490,6,5,1,3c.csv
2490,6,5,1,3d.csv
2490,1,1,0,3e.csv
2490,3,3,0,3f.csv
2490,7,7,0,3g.csv
2491,8,6,2,1a.csv
2491,4,4,0,1b.csv
2491,1,1,0,1c.csv
2491,0,0,0,1e.csv
2491,0,0,0,1f.csv
2491,1,1,0,1g.csv
2491,1,1,0,1h.csv
2491,0,0,0,1i.csv
2491,0,0,0,1j.csv
2491,0,0,0,1k.csv
2491,0,0,0,1l.csv
2491,0,0,0,1m.csv
2491,3,3,0,2a.csv
2491,1,1,0,2b.csv
2491,1,1,0,2c.csv
2491,3,3,0,2d.csv
2491,0,0,0,2e.csv
2491,0,0,0,2f.csv
2491,0,0,0,2g.csv
2491,0,0,0,2h.csv
2491,0,0,0,2i.csv
2491,0,0,0,2j.csv
2491,0,0,0,2k.csv
2491,2,2,0,2l.csv
2491,24,20,4,3a.csv
2491,3,3,0,3b.csv
2491,10,9,1,3c.csv
2491,10,9,1,3d.csv
2491,2,2,0,3e.csv
2491,3,3,0,3f.csv
2491,7,6,1,3g.csv
2492,8,6,2,1a.csv
2492,5,5,0,1b.csv
2492,2,2,0,1c.csv
2492,0,0,0,1e.csv
2492,0,0,0,1f.csv
2492,0,0,0,1g.csv
2492,1,1,0,1h.csv
2492,1,1,0,1i.csv
2492,0,0,0,1j.csv
2492,0,0,0,1k.csv
2492,0,0,0,1l.csv
2492,0,0,0,1m.csv
2492,2,2,0,2a.csv
2492,1,1,0,2b.csv
2492,1,1,0,2c.csv
2492,3,3,0,2d.csv
2492,0,0,0,2e.csv
2492,0,0,0,2f.csv
2492,0,0,0,2g.csv
2492,0,0,0,2h.csv
2492,0,0,0,2i.csv
2492,0,0,0,2j.csv
2492,0,0,0,2k.csv
2492,3,3,0,2l.csv
2492,27,23,4,3a.csv
2492,3,3,0,3b.csv
2492,10,9,1,3c.csv
2492,10,9,1,3d.csv
2492,2,2,0,3e.csv
2492,3,3,0,3f.csv
2492,7,6,1,3g.csv
2493,7,5,2,1a.csv
2493,5,5,0,1b.csv
2493,2,2,0,1c.csv
2493,0,0,0,1e.csv
2493,0,0,0,1f.csv
2493,1,1,0,1g.csv
2493,1,1,0,1h.csv
2493,1,1,0,1i.csv
2493,0,0,0,1j.csv
2493,0,0,0,1k.csv
2493,0,0,0,1l.csv
2493,0,0,0,1m.csv
2493,2,2,0,2a.csv
2493,1,1,0,2b.csv
2493,1,1,0,2c.csv
2493,3,3,0,2d.csv
2493,0,0,0,2e.csv
2493,0,0,0,2f.csv
2493,0,0,0,2g.csv
2493,0,0,0,2h.csv
2493,0,0,0,2i.csv
2493,0,0,0,2j.csv
2493,0,0,0,2k.csv
2493,4,4,0,2l.csv
2493,27,22,5,3a.csv
2493,6,5,1,3b.csv
2493,12,11,1,3c.csv
2493,12,11,1,3d.csv
2493,3,3,0,3e.csv
2493,3,3,0,3f.csv
2493,7,6,1,3g.csv
2494,7,5,2,1a.csv
2494,7,7,0,1b.csv
2494,2,2,0,1c.csv
2494,0,0,0,1e.csv
2494,0,0,0,1f.csv
2494,1,1,0,1g.csv
2494,0,0,0,1h.csv
2494,2,2,0,1i.csv
2494,0,0,0,1j.csv
2494,0,0,0,1k.csv
2494,1,0,1,1l.csv
2494,0,0,0,1m.csv
2494,2,2,0,2a.csv
2494,1,1,0,2b.csv
2494,0,0,0,2c.csv
2494,2,2,0,2d.csv
2494,0,0,0,2e.csv
2494,0,0,0,2f.csv
2494,0,0,0,2g.csv
2494,0,0,0,2h.csv
2494,0,0,0,2i.csv
2494,0,0,0,2j.csv
2494,0,0,0,2k.csv
2494,3,3,0,2l.csv
2494,24,19,5,3a.csv
2494,6,5,1,3b.csv
2494,12,11,1,3c.csv
2494,12,11,1,3d.csv
2494,4,4,0,3e.csv
2494,3,3,0,3f.csv
2494,7,6,1,3g.csv
2495,5,3,2,1a.csv
2495,6,6,0,1b.csv
2495,3,2,1,1c.csv
2495,1,0,1,1e.csv
2495,0,0,0,1f.csv
2495,1,1,0,1g.csv
2495,0,0,0,1h.csv
2495,2,2,0,1i.csv
2495,0,0,0,1j.csv
2495,0,0,0,1k.csv
2495,1,0,1,1l.csv
2495,0,0,0,1m.csv
2495,3,3,0,2a.csv
2495,2,2,0,2b.csv
2495,0,0,0,2c.csv
2495,2,2,0,2d.csv
2495,0,0,0,2e.csv
2495,0,0,0,2f.csv
2495,0,0,0,2g.csv
2495,0,0,0,2h.csv
2495,0,0,0,2i.csv
2495,0,0,0,2j.csv
2495,0,0,0,2k.csv
2495,3,3,0,2l.csv
2495,20,16,4,3a.csv
2495,7,6,1,3b.csv
2495,11,11,0,3c.csv
2495,11,11,0,3d.csv
2495,3,3,0,3e.csv
2495,2,2,0,3f.csv
2495,5,4,1,3g.csv
2496,5,3,2,1a.csv
2496,7,7,0,1b.csv
2496,2,1,1,1c.csv
2496,1,0,1,1e.csv
2496,0,0,0,1f.csv
2496,1,1,0,1g.csv
2496,0,0,0,1h.csv
2496,2,2,0,1i.csv
2496,0,0,0,1j.csv
2496,0,0,0,1k.csv
2496,1,0,1,1l.csv
2496,0,0,0,1m.csv
2496,3,3,0,2a.csv
2496,2,2,0,2b.csv
2496,0,0,0,2c.csv
2496,2,2,0,2d.csv
2496,0,0,0,2e.csv
2496,0,0,0,2f.csv
2496,0,0,0,2g.csv
2496,0,0,0,2h.csv
2496,0,0,0,2i.csv
2496,0,0,0,2j.csv
2496,0,0,0,2k.csv
2496,3,3,0,2l.csv
2496,23,19,4,3a.csv
2496,8,7,1,3b.csv
2496,10,10,0,3c.csv
2496,10,10,0,3d.csv
2496,3,3,0,3e.csv
2496,2,2,0,3f.csv
2496,8,7,1,3g.csv
2497,4,3,1,1a.csv
2497,7,7,0,1b.csv
2497,2,1,1,1c.csv
2497,1,0,1,1e.csv
2497,0,0,0,1f.csv
2497,1,1,0,1g.csv
2497,0,0,0,1h.csv
2497,3,2,1,1i.csv
2497,0,0,0,1j.csv
2497,0,0,0,1k.csv
2497,1,0,1,1l.csv
2497,0,0,0,1m.csv
2497,4,4,0,2a.csv
2497,1,1,0,2b.csv
2497,0,0,0,2c.csv
2497,1,1,0,2d.csv
2497,0,0,0,2e.csv
2497,0,0,0,2f.csv
2497,0,0,0,2g.csv
2497,0,0,0,2h.csv
2497,0,0,0,2i.csv
2497,0,0,0,2j.csv
2497,0,0,0,2k.csv
2497,4,4,0,2l.csv
2497,19,15,4,3a.csv
2497,7,6,1,3b.csv
2497,9,9,0,3c.csv
2497,9,9,0,3d.csv
2497,3,3,0,3e.csv
2497,1,1,0,3f.csv
2497,8,7,1,3g.csv
2498,4,3,1,1a.csv
2498,5,5,0,1b.csv
2498,2,1,1,1c.csv
2498,1,0,1,1e.csv
2498,0,0,0,1f.csv
2498,1,1,0,1g.csv
2498,0,0,0,1h.csv
2498,3,2,1,1i.csv
2498,0,0,0,1j.csv
2498,0,0,0,1k.csv
2498,1,0,1,1l.csv
2498,0,0,0,1m.csv
2498,3,3,0,2a.csv
2498,1,1,0,2b.csv
2498,0,0,0,2c.csv
2498,1,1,0,2d.csv
2498,0,0,0,2e.csv
2498,1,1,0,2f.csv
2498,0,0,0,2g.csv
2498,0,0,0,2h.csv
2498,0,0,0,2i.csv
2498,0,0,0,2j.csv
2498,0,0,0,2k.csv
2498,3,3,0,2l.csv
2498,17,14,3,3a.csv
2498,6,5,1,3b.csv
2498,9,9,0,3c.csv
2498,9,9,0,3d.csv
2498,3,3,0,3e.csv
2498,2,2,0,3f.csv
2498,7,6,1,3g.csv
2499,2,2,0,1a.csv
2499,4,4,0,1b.csv
2499,2,1,1,1c.csv
2499,1,0,1,1e.csv
2499,0,0,0,1f.csv
2499,1,1,0,1g.csv
2499,0,0,0,1h.csv
2499,3,2,1,1i.csv
2499,0,0,0,1j.csv
2499,0,0,0,1k.csv
2499,1,0,1,1l.csv
2499,0,0,0,1m.csv
2499,2,2,0,2a.csv
2499,1,1,0,2b.csv
2499,0,0,0,2c.csv
2499,0,0,0,2d.csv
2499,0,0,0,2e.csv
2499,1,1,0,2f.csv
2499,0,0,0,2g.csv
2499,0,0,0,2h.csv
2499,0,0,0,2i.csv
2499,0,0,0,2j.csv
2499,0,0,0,2k.csv
2499,4,4,0,2l.csv
2499,14,13,1,3a.csv
2499,8,7,1,3b.csv
2499,7,7,0,3c.csv
2499,7,7,0,3d.csv
2499,3,3,0,3e.csv
2499,2,2,0,3f.csv
2499,7,7,0,3g.csv
2500,2,2,0,1a.csv
2500,3,3,0,1b.csv
2500,3,1,2,1c.csv
2500,2,0,2,1e.csv
2500,0,0,0,1f.csv
2500,2,2,0,1g.csv
2500,0,0,0,1h.csv
2500,2,1,1,1i.csv
2500,0,0,0,1j.csv
2500,0,0,0,1k.csv
2500,1,0,1,1l.csv
2500,0,0,0,1m.csv
2500,2,2,0,2a.csv
2500,1,1,0,2b.csv
2500,0,0,0,2c.csv
2500,0,0,0,2d.csv
2500,0,0,0,2e.csv
2500,1,1,0,2f.csv
2500,0,0,0,2g.csv
2500,0,0,0,2h.csv
2500,0,0,0,2i.csv
2500,0,0,0,2j.csv
2500,0,0,0,2k.csv
2500,3,3,0,2l.csv
2500,12,11,1,3a.csv
2500,7,6,1,3b.csv
2500,6,6,0,3c.csv
2500,6,6,0,3d.csv
2500,3,3,0,3e.csv
2500,2,2,0,3f.csv
2500,7,7,0,3g.csv
2501,2,2,0,1a.csv
2501,3,3,0,1b.csv
2501,3,1,2,1c.csv
2501,2,0,2,1e.csv
2501,0,0,0,1f.csv
2501,1,1,0,1g.csv
2501,0,0,0,1h.csv
2501,2,1,1,1i.csv
2501,0,0,0,1j.csv
2501,0,0,0,1k.csv
2501,1,0,1,1l.csv
2501,0,0,0,1m.csv
2501,2,2,0,2a.csv
2501,1,1,0,2b.csv
2501,0,0,0,2c.csv
2501,0,0,0,2d.csv
2501,0,0,0,2e.csv
2501,1,1,0,2f.csv
2501,0,0,0,2g.csv
2501,0,0,0,2h.csv
2501,0,0,0,2i.csv
2501,0,0,0,2j.csv
2501,0,0,0,2k.csv
2501,2,2,0,2l.csv
2501,12,12,0,3a.csv
2501,6,5,1,3b.csv
2501,3,3,0,3c.csv
2501,3,3,0,3d.csv
2501,2,2,0,3e.csv
2501,2,2,0,3f.csv
2501,6,6,0,3g.csv
2502,2,2,0,1a.csv
2502,2,2,0,1b.csv
2502,3,1,2,1c.csv
2502,2,0,2,1e.csv
2502,0,0,0,1f.csv
2502,1,1,0,1g.csv
2502,0,0,0,1h.csv
2502,1,0,1,1i.csv
2502,0,0,0,1j.csv
2502,0,0,0,1k.csv
2502,0,0,0,1l.csv
2502,0,0,0,1m.csv
2502,2,2,0,2a.csv
2502,1,1,0,2b.csv
2502,0,0,0,2c.csv
2502,0,0,0,2d.csv
2502,0,0,0,2e.csv
2502,1,1,0,2f.csv
2502,0,0,0,2g.csv
2502,0,0,0,2h.csv
2502,0,0,0,2i.csv
2502,0,0,0,2j.csv
2502,0,0,0,2k.csv
2502,3,2,1,2l.csv
2502,11,11,0,3a.csv
2502,7,6,1,3b.csv
2502,3,3,0,3c.csv
2502,3,3,0,3d.csv
2502,1,1,0,3e.csv
2502,3,3,0,3f.csv
2502,8,7,1,3g.csv
2503,1,1,0,1a.csv
2503,2,2,0,1b.csv
2503,2,1,1,1c.csv
2503,1,0,1,1e.csv
2503,0,0,0,1f.csv
2503,2,2,0,1g.csv
2503,0,0,0,1h.csv
2503,1,0,1,1i.csv
2503,0,0,0,1j.csv
2503,0,0,0,1k.csv
2503,0,0,0,1l.csv
2503,0,0,0,1m.csv
2503,1,1,0,2a.csv
2503,0,0,0,2b.csv
2503,0,0,0,2c.csv
2503,0,0,0,2d.csv
2503,0,0,0,2e.csv
2503,1,1,0,2f.csv
2503,0,0,0,2g.csv
2503,0,0,0,2h.csv
2503,0,0,0,2i.csv
2503,0,0,0,2j.csv
2503,0,0,0,2k.csv
2503,3,2,1,2l.csv
2503,13,13,0,3a.csv
2503,7,6,1,3b.csv
2503,2,2,0,3c.csv
2503,2,2,0,3d.csv
2503,2,2,0,3e.csv
2503,4,4,0,3f.csv
2503,9,8,1,3g.csv
2504,1,1,0,1a.csv
2504,1,1,0,1b.csv
2504,3,2,1,1c.csv
2504,1,0,1,1e.csv
2504,1,0,1,1f.csv
2504,2,2,0,1g.csv
2504,0,0,0,1h.csv
2504,1,0,1,1i.csv
2504,0,0,0,1j.csv
2504,0,0,0,1k.csv
2504,1,1,0,1l.csv
2504,0,0,0,1m.csv
2504,1,1,0,2a.csv
2504,0,0,0,2b.csv
2504,0,0,0,2c.csv
2504,0,0,0,2d.csv
2504,0,0,0,2e.csv
2504,1,1,0,2f.csv
2504,0,0,0,2g.csv
2504,0,0,0,2h.csv
2504,0,0,0,2i.csv
2504,0,0,0,2j.csv
2504,1,1,0,2k.csv
2504,4,2,2,2l.csv
2504,10,8,2,3a.csv
2504,8,7,1,3b.csv
2504,3,3,0,3c.csv
2504,3,3,0,3d.csv
2504,2,2,0,3e.csv
2504,4,4,0,3f.csv
2504,6,5,1,3g.csv
2505,1,1,0,1a.csv
2505,1,1,0,1b.csv
2505,3,2,1,1c.csv
2505,1,0,1,1e.csv
2505,2,0,2,1f.csv
2505,2,2,0,1g.csv
2505,0,0,0,1h.csv
2505,0,0,0,1i.csv
2505,0,0,0,1j.csv
2505,0,0,0,1k.csv
2505,1,1,0,1l.csv
2505,0,0,0,1m.csv
2505,1,1,0,2a.csv
2505,1,0,1,2b.csv
2505,0,0,0,2c.csv
2505,0,0,0,2d.csv
2505,0,0,0,2e.csv
2505,2,2,0,2f.csv
2505,0,0,0,2g.csv
2505,0,0,0,2h.csv
2505,0,0,0,2i.csv
2505,1,1,0,2j.csv
2505,1,1,0,2k.csv
2505,3,1,2,2l.csv
2505,11,9,2,3a.csv
2505,8,7,1,3b.csv
2505,4,4,0,3c.csv
2505,4,4,0,3d.csv
2505,2,2,0,3e.csv
2505,5,5,0,3f.csv
2505,6,5,1,3g.csv
2506,1,1,0,1a.csv
2506,1,1,0,1b.csv
2506,4,3,1,1c.csv
2506,1,0,1,1e.csv
2506,2,0,2,1f.csv
2506,3,3,0,1g.csv
2506,0,0,0,1h.csv
2506,0,0,0,1i.csv
2506,0,0,0,1j.csv
2506,0,0,0,1k.csv
2506,2,2,0,1l.csv
2506,0,0,0,1m.csv
2506,1,1,0,2a.csv
2506,1,0,1,2b.csv
2506,0,0,0,2c.csv
2506,0,0,0,2d.csv
2506,0,0,0,2e.csv
2506,2,2,0,2f.csv
2506,0,0,0,2g.csv
2506,0,0,0,2h.csv
2506,0,0,0,2i.csv
2506,1,1,0,2j.csv
2506,1,1,0,2k.csv
2506,3,1,2,2l.csv
2506,10,8,2,3a.csv
2506,9,8,1,3b.csv
2506,5,5,0,3c.csv
2506,5,5,0,3d.csv
2506,4,4,0,3e.csv
2506,4,4,0,3f.csv
2506,8,7,1,3g.csv
2507,2,2,0,1a.csv
2507,1,1,0,1b.csv
2507,4,3,1,1c.csv
2507,1,0,1,1e.csv
2507,3,1,2,1f.csv
2507,4,4,0,1g.csv
2507,0,0,0,1h.csv
2507,0,0,0,1i.csv
2507,0,0,0,1j.csv
2507,0,0,0,1k.csv
2507,2,2,0,1l.csv
2507,0,0,0,1m.csv
2507,1,1,0,2a.csv
2507,1,0,1,2b.csv
2507,0,0,0,2c.csv
2507,0,0,0,2d.csv
2507,0,0,0,2e.csv
2507,3,2,1,2f.csv
2507,0,0,0,2g.csv
2507,0,0,0,2h.csv
2507,0,0,0,2i.csv
2507,1,1,0,2j.csv
2507,1,1,0,2k.csv
2507,3,1,2,2l.csv
2507,9,7,2,3a.csv
2507,8,7,1,3b.csv
2507,3,3,0,3c.csv
2507,3,3,0,3d.csv
2507,3,3,0,3e.csv
2507,4,4,0,3f.csv
2507,7,6,1,3g.csv
2508,3,3,0,1a.csv
2508,1,1,0,1b.csv
2508,2,2,0,1c.csv
2508,0,0,0,1e.csv
2508,4,2,2,1f.csv
2508,3,3,0,1g.csv
2508,0,0,0,1h.csv
2508,0,0,0,1i.csv
2508,0,0,0,1j.csv
2508,0,0,0,1k.csv
2508,2,2,0,1l.csv
2508,0,0,0,1m.csv
2508,2,2,0,2a.csv
2508,1,0,1,2b.csv
2508,0,0,0,2c.csv
2508,0,0,0,2d.csv
2508,0,0,0,2e.csv
2508,4,3,1,2f.csv
2508,0,0,0,2g.csv
2508,0,0,0,2h.csv
2508,0,0,0,2i.csv
2508,1,1,0,2j.csv
2508,1,1,0,2k.csv
2508,3,1,2,2l.csv
2508,10,7,3,3a.csv
2508,8,7,1,3b.csv
2508,3,3,0,3c.csv
2508,3,3,0,3d.csv
2508,4,4,0,3e.csv
2508,4,4,0,3f.csv
2508,6,5,1,3g.csv
2509,3,3,0,1a.csv
2509,1,1,0,1b.csv
2509,2,2,0,1c.csv
2509,0,0,0,1e.csv
2509,4,2,2,1f.csv
2509,3,3,0,1g.csv
2509,0,0,0,1h.csv
2509,0,0,0,1i.csv
2509,0,0,0,1j.csv
2509,0,0,0,1k.csv
2509,2,2,0,1l.csv
2509,0,0,0,1m.csv
2509,3,3,0,2a.csv
2509,1,0,1,2b.csv
2509,0,0,0,2c.csv
2509,0,0,0,2d.csv
2509,0,0,0,2e.csv
2509,4,3,1,2f.csv
2509,0,0,0,2g.csv
2509,0,0,0,2h.csv
2509,0,0,0,2i.csv
2509,1,1,0,2j.csv
2509,1,1,0,2k.csv
2509,3,1,2,2l.csv
2509,8,5,3,3a.csv
2509,8,8,0,3b.csv
2509,3,3,0,3c.csv
2509,3,3,0,3d.csv
2509,4,4,0,3e.csv
2509,4,4,0,3f.csv
2509,6,5,1,3g.csv
2510,4,4,0,1a.csv
2510,1,1,0,1b.csv
2510,2,2,0,1c.csv
2510,0,0,0,1e.csv
2510,4,2,2,1f.csv
2510,3,3,0,1g.csv
2510,0,0,0,1h.csv
2510,0,0,0,1i.csv
2510,0,0,0,1j.csv
2510,0,0,0,1k.csv
2510,2,2,0,1l.csv
2510,0,0,0,1m.csv
2510,3,3,0,2a.csv
2510,1,0,1,2b.csv
2510,0,0,0,2c.csv
2510,0,0,0,2d.csv
2510,0,0,0,2e.csv
2510,5,4,1,2f.csv
2510,0,0,0,2g.csv
2510,0,0,0,2h.csv
2510,0,0,0,2i.csv
2510,1,1,0,2j.csv
2510,1,1,0,2k.csv
2510,3,2,1,2l.csv
2510,8,5,3,3a.csv
2510,8,8,0,3b.csv
2510,5,5,0,3c.csv
2510,5,5,0,3d.csv
2510,4,4,0,3e.csv
2510,2,2,0,3f.csv
2510,4,4,0,3g.csv
2511,4,4,0,1a.csv
2511,1,1,0,1b.csv
2511,3,3,0,1c.csv
2511,0,0,0,1e.csv
2511,4,2,2,1f.csv
2511,2,2,0,1g.csv
2511,0,0,0,1h.csv
2511,0,0,0,1i.csv
2511,0,0,0,1j.csv
2511,0,0,0,1k.csv
2511,2,2,0,1l.csv
2511,0,0,0,1m.csv
2511,3,3,0,2a.csv
2511,1,0,1,2b.csv
2511,1,1,0,2c.csv
2511,0,0,0,2d.csv
2511,0,0,0,2e.csv
2511,6,5,1,2f.csv
2511,0,0,0,2g.csv
2511,0,0,0,2h.csv
2511,0,0,0,2i.csv
2511,1,1,0,2j.csv
2511,1,1,0,2k.csv
2511,3,2,1,2l.csv
2511,7,4,3,3a.csv
2511,8,8,0,3b.csv
2511,5,5,0,3c.csv
2511,5,5,0,3d.csv
2511,3,3,0,3e.csv
2511,1,1,0,3f.csv
2511,3,3,0,3g.csv
2512,3,3,0,1a.csv
2512,1,1,0,1b.csv
2512,2,2,0,1c.csv
2512,0,0,0,1e.csv
2512,3,2,1,1f.csv
2512,2,2,0,1g.csv
2512,0,0,0,1h.csv
2512,0,0,0,1i.csv
2512,0,0,0,1j.csv
2512,0,0,0,1k.csv
2512,1,1,0,1l.csv
2512,0,0,0,1m.csv
2512,3,3,0,2a.csv
2512,1,0,1,2b.csv
2512,1,1,0,2c.csv
2512,0,0,0,2d.csv
2512,0,0,0,2e.csv
2512,6,5,1,2f.csv
2512,0,0,0,2g.csv
2512,1,1,0,2h.csv
2512,0,0,0,2i.csv
2512,1,1,0,2j.csv
2512,0,0,0,2k.csv
2512,2,2,0,2l.csv
2512,5,4,1,3a.csv
2512,6,6,0,3b.csv
2512,4,4,0,3c.csv
2512,4,4,0,3d.csv
2512,4,4,0,3e.csv
2512,2,1,1,3f.csv
2512,5,5,0,3g.csv
2513,4,4,0,1a.csv
2513,1,1,0,1b.csv
2513,3,3,0,1c.csv
2513,0,0,0,1e.csv
2513,2,2,0,1f.csv
2513,2,2,0,1g.csv
2513,0,0,0,1h.csv
2513,0,0,0,1i.csv
2513,0,0,0,1j.csv
2513,0,0,0,1k.csv
2513,1,1,0,1l.csv
2513,0,0,0,1m.csv
2513,2,2,0,2a.csv
2513,0,0,0,2b.csv
2513,2,1,1,2c.csv
2513,0,0,0,2d.csv
2513,0,0,0,2e.csv
2513,7,6,1,2f.csv
2513,0,0,0,2g.csv
2513,1,1,0,2h.csv
2513,0,0,0,2i.csv
2513,0,0,0,2j.csv
2513,0,0,0,2k.csv
2513,3,2,1,2l.csv
2513,6,5,1,3a.csv
2513,6,6,0,3b.csv
2513,3,3,0,3c.csv
2513,3,3,0,3d.csv
2513,4,4,0,3e.csv
2513,1,0,1,3f.csv
2513,6,6,0,3g.csv
2514,4,4,0,1a.csv
2514,2,1,1,1b.csv
2514,3,3,0,1c.csv
2514,0,0,0,1e.csv
2514,2,2,0,1f.csv
2514,2,2,0,1g.csv
2514,0,0,0,1h.csv
2514,0,0,0,1i.csv
2514,0,0,0,1j.csv
2514,0,0,0,1k.csv
2514,1,1,0,1l.csv
2514,0,0,0,1m.csv
2514,2,2,0,2a.csv
2514,0,0,0,2b.csv
2514,2,1,1,2c.csv
2514,0,0,0,2d.csv
2514,0,0,0,2e.csv
2514,6,5,1,2f.csv
2514,0,0,0,2g.csv
2514,1,1,0,2h.csv
2514,0,0,0,2i.csv
2514,0,0,0,2j.csv
2514,0,0,0,2k.csv
2514,3,2,1,2l.csv
2514,5,4,1,3a.csv
2514,6,6,0,3b.csv
2514,2,2,0,3c.csv
2514,2,2,0,3d.csv
2514,5,5,0,3e.csv
2514,1,0,1,3f.csv
2514,5,5,0,3g.csv
2515,3,3,0,1a.csv
2515,2,1,1,1b.csv
2515,3,3,0,1c.csv
2515,0,0,0,1e.csv
2515,1,1,0,1f.csv
2515,1,1,0,1g.csv
2515,0,0,0,1h.csv
2515,0,0,0,1i.csv
2515,0,0,0,1j.csv
2515,0,0,0,1k.csv
2515,1,1,0,1l.csv
2515,0,0,0,1m.csv
2515,2,2,0,2a.csv
2515,0,0,0,2b.csv
2515,2,1,1,2c.csv
2515,0,0,0,2d.csv
2515,0,0,0,2e.csv
2515,5,5,0,2f.csv
2515,0,0,0,2g.csv
2515,1,1,0,2h.csv
2515,0,0,0,2i.csv
2515,2,2,0,2j.csv
2515,0,0,0,2k.csv
2515,2,1,1,2l.csv
2515,7,5,2,3a.csv
2515,5,5,0,3b.csv
2515,2,2,0,3c.csv
2515,2,2,0,3d.csv
2515,6,6,0,3e.csv
2515,3,1,2,3f.csv
2515,6,6,0,3g.csv
2516,2,2,0,1a.csv
2516,2,1,1,1b.csv
2516,3,3,0,1c.csv
2516,0,0,0,1e.csv
2516,0,0,0,1f.csv
2516,2,1,1,1g.csv
2516,0,0,0,1h.csv
2516,0,0,0,1i.csv
2516,0,0,0,1j.csv
2516,0,0,0,1k.csv
2516,1,1,0,1l.csv
2516,0,0,0,1m.csv
2516,1,1,0,2a.csv
2516,0,0,0,2b.csv
2516,3,2,1,2c.csv
2516,0,0,0,2d.csv
2516,0,0,0,2e.csv
2516,5,5,0,2f.csv
2516,0,0,0,2g.csv
2516,1,1,0,2h.csv
2516,0,0,0,2i.csv
2516,2,2,0,2j.csv
2516,0,0,0,2k.csv
2516,3,2,1,2l.csv
2516,9,7,2,3a.csv
2516,6,5,1,3b.csv
2516,2,2,0,3c.csv
2516,2,2,0,3d.csv
2516,7,6,1,3e.csv
2516,3,1,2,3f.csv
2516,7,7,0,3g.csv
2517,2,2,0,1a.csv
2517,3,2,1,1b.csv
2517,3,3,0,1c.csv
2517,0,0,0,1e.csv
2517,0,0,0,1f.csv
2517,2,1,1,1g.csv
2517,0,0,0,1h.csv
2517,0,0,0,1i.csv
2517,0,0,0,1j.csv
2517,0,0,0,1k.csv
2517,1,1,0,1l.csv
2517,0,0,0,1m.csv
2517,0,0,0,2a.csv
2517,0,0,0,2b.csv
2517,3,2,1,2c.csv
2517,0,0,0,2d.csv
2517,0,0,0,2e.csv
2517,5,5,0,2f.csv
2517,0,0,0,2g.csv
2517,1,1,0,2h.csv
2517,0,0,0,2i.csv
2517,2,2,0,2j.csv
2517,0,0,0,2k.csv
2517,3,2,1,2l.csv
2517,9,7,2,3a.csv
2517,4,3,1,3b.csv
2517,3,3,0,3c.csv
2517,3,3,0,3d.csv
2517,9,8,1,3e.csv
2517,3,1,2,3f.csv
2517,8,8,0,3g.csv
2518,1,1,0,1a.csv
2518,2,1,1,1b.csv
2518,3,3,0,1c.csv
2518,0,0,0,1e.csv
2518,0,0,0,1f.csv
2518,2,1,1,1g.csv
2518,0,0,0,1h.csv
2518,0,0,0,1i.csv
2518,0,0,0,1j.csv
2518,0,0,0,1k.csv
2518,1,1,0,1l.csv
2518,0,0,0,1m.csv
2518,0,0,0,2a.csv
2518,0,0,0,2b.csv
2518,3,2,1,2c.csv
2518,0,0,0,2d.csv
2518,0,0,0,2e.csv
2518,4,4,0,2f.csv
2518,0,0,0,2g.csv
2518,1,1,0,2h.csv
2518,0,0,0,2i.csv
2518,2,2,0,2j.csv
2518,0,0,0,2k.csv
2518,2,1,1,2l.csv
2518,11,9,2,3a.csv
2518,3,2,1,3b.csv
2518,1,1,0,3c.csv
2518,1,1,0,3d.csv
2518,9,8,1,3e.csv
2518,4,2,2,3f.csv
2518,8,8,0,3g.csv
2519,2,2,0,1a.csv
2519,2,1,1,1b.csv
2519,2,2,0,1c.csv
2519,0,0,0,1e.csv
2519,0,0,0,1f.csv
2519,2,1,1,1g.csv
2519,0,0,0,1h.csv
2519,0,0,0,1i.csv
2519,0,0,0,1j.csv
2519,0,0,0,1k.csv
2519,1,1,0,1l.csv
2519,0,0,0,1m.csv
2519,0,0,0,2a.csv
2519,0,0,0,2b.csv
2519,2,1,1,2c.csv
2519,0,0,0,2d.csv
2519,0,0,0,2e.csv
2519,3,3,0,2f.csv
2519,0,0,0,2g.csv
2519,1,1,0,2h.csv
2519,0,0,0,2i.csv
2519,3,2,1,2j.csv
2519,0,0,0,2k.csv
2519,3,2,1,2l.csv
2519,11,9,2,3a.csv
2519,2,1,1,3b.csv
2519,1,1,0,3c.csv
2519,1,1,0,3d.csv
2519,10,8,2,3e.csv
2519,5,2,3,3f.csv
2519,8,8,0,3g.csv
2520,2,2,0,1a.csv
2520,2,1,1,1b.csv
2520,2,2,0,1c.csv
2520,0,0,0,1e.csv
2520,0,0,0,1f.csv
2520,2,1,1,1g.csv
2520,0,0,0,1h.csv
2520,0,0,0,1i.csv
2520,0,0,0,1j.csv
2520,0,0,0,1k.csv
2520,1,1,0,1l.csv
2520,0,0,0,1m.csv
2520,0,0,0,2a.csv
2520,0,0,0,2b.csv
2520,2,1,1,2c.csv
2520,0,0,0,2d.csv
2520,0,0,0,2e.csv
2520,3,3,0,2f.csv
2520,0,0,0,2g.csv
2520,0,0,0,2h.csv
2520,0,0,0,2i.csv
2520,3,2,1,2j.csv
2520,0,0,0,2k.csv
2520,3,2,1,2l.csv
2520,13,11,2,3a.csv
2520,4,3,1,3b.csv
2520,1,1,0,3c.csv
2520,1,1,0,3d.csv
2520,10,8,2,3e.csv
2520,4,2,2,3f.csv
2520,6,6,0,3g.csv
2521,2,2,0,1a.csv
2521,2,1,1,1b.csv
2521,1,1,0,1c.csv
2521,0,0,0,1e.csv
2521,0,0,0,1f.csv
2521,2,1,1,1g.csv
2521,0,0,0,1h.csv
2521,0,0,0,1i.csv
2521,0,0,0,1j.csv
2521,0,0,0,1k.csv
2521,1,1,0,1l.csv
2521,0,0,0,1m.csv
2521,0,0,0,2a.csv
2521,0,0,0,2b.csv
2521,1,1,0,2c.csv
2521,1,1,0,2d.csv
2521,0,0,0,2e.csv
2521,1,1,0,2f.csv
2521,0,0,0,2g.csv
2521,0,0,0,2h.csv
2521,0,0,0,2i.csv
2521,3,2,1,2j.csv
2521,0,0,0,2k.csv
2521,5,5,0,2l.csv
2521,13,11,2,3a.csv
2521,5,3,2,3b.csv
2521,1,1,0,3c.csv
2521,1,1,0,3d.csv
2521,11,9,2,3e.csv
2521,4,2,2,3f.csv
2521,5,5,0,3g.csv
2522,2,2,0,1a.csv
2522,1,1,0,1b.csv
2522,1,1,0,1c.csv
2522,0,0,0,1e.csv
2522,0,0,0,1f.csv
2522,1,0,1,1g.csv
2522,0,0,0,1h.csv
2522,0,0,0,1i.csv
2522,0,0,0,1j.csv
2522,0,0,0,1k.csv
2522,0,0,0,1l.csv
2522,0,0,0,1m.csv
2522,0,0,0,2a.csv
2522,1,1,0,2b.csv
2522,2,2,0,2c.csv
2522,1,1,0,2d.csv
2522,0,0,0,2e.csv
2522,1,1,0,2f.csv
2522,0,0,0,2g.csv
2522,0,0,0,2h.csv
2522,0,0,0,2i.csv
2522,4,3,1,2j.csv
2522,0,0,0,2k.csv
2522,5,5,0,2l.csv
2522,13,11,2,3a.csv
2522,4,2,2,3b.csv
2522,1,1,0,3c.csv
2522,1,1,0,3d.csv
2522,10,8,2,3e.csv
2522,4,2,2,3f.csv
2522,6,6,0,3g.csv
2523,2,2,0,1a.csv
2523,1,1,0,1b.csv
2523,1,1,0,1c.csv
2523,0,0,0,1e.csv
2523,0,0,0,1f.csv
2523,1,0,1,1g.csv
2523,0,0,0,1h.csv
2523,0,0,0,1i.csv
2523,0,0,0,1j.csv
2523,0,0,0,1k.csv
2523,0,0,0,1l.csv
2523,0,0,0,1m.csv
2523,0,0,0,2a.csv
2523,1,1,0,2b.csv
2523,4,4,0,2c.csv
2523,1,1,0,2d.csv
2523,0,0,0,2e.csv
2523,1,1,0,2f.csv
2523,0,0,0,2g.csv
2523,0,0,0,2h.csv
2523,0,0,0,2i.csv
2523,3,2,1,2j.csv
2523,0,0,0,2k.csv
2523,5,5,0,2l.csv
2523,11,10,1,3a.csv
2523,5,3,2,3b.csv
2523,1,1,0,3c.csv
2523,1,1,0,3d.csv
2523,9,7,2,3e.csv
2523,2,1,1,3f.csv
2523,7,7,0,3g.csv
2524,3,2,1,1a.csv
2524,1,1,0,1b.csv
2524,2,2,0,1c.csv
2524,0,0,0,1e.csv
2524,0,0,0,1f.csv
2524,0,0,0,1g.csv
2524,0,0,0,1h.csv
2524,0,0,0,1i.csv
2524,0,0,0,1j.csv
2524,1,0,1,1k.csv
2524,0,0,0,1l.csv
2524,0,0,0,1m.csv
2524,0,0,0,2a.csv
2524,1,1,0,2b.csv
2524,3,3,0,2c.csv
2524,1,1,0,2d.csv
2524,0,0,0,2e.csv
2524,0,0,0,2f.csv
2524,0,0,0,2g.csv
2524,0,0,0,2h.csv
2524,0,0,0,2i.csv
2524,3,2,1,2j.csv
2524,0,0,0,2k.csv
2524,4,4,0,2l.csv
2524,8,8,0,3a.csv
2524,4,3,1,3b.csv
2524,2,2,0,3c.csv
2524,2,2,0,3d.csv
2524,7,6,1,3e.csv
2524,2,1,1,3f.csv
2524,7,7,0,3g.csv
2525,5,3,2,1a.csv
2525,0,0,0,1b.csv
2525,3,2,1,1c.csv
2525,0,0,0,1e.csv
2525,0,0,0,1f.csv
2525,0,0,0,1g.csv
2525,0,0,0,1h.csv
2525,0,0,0,1i.csv
2525,0,0,0,1j.csv
2525,1,0,1,1k.csv
2525,0,0,0,1l.csv
2525,0,0,0,1m.csv
2525,0,0,0,2a.csv
2525,1,1,0,2b.csv
2525,3,3,0,2c.csv
2525,1,1,0,2d.csv
2525,0,0,0,2e.csv
2525,0,0,0,2f.csv
2525,0,0,0,2g.csv
2525,0,0,0,2h.csv
2525,0,0,0,2i.csv
2525,3,2,1,2j.csv
2525,0,0,0,2k.csv
2525,4,4,0,2l.csv
2525,10,10,0,3a.csv
2525,5,4,1,3b.csv
2525,1,1,0,3c.csv
2525,1,1,0,3d.csv
2525,6,5,1,3e.csv
2525,2,1,1,3f.csv
2525,6,6,0,3g.csv
2526,5,3,2,1a.csv
2526,0,0,0,1b.csv
2526,3,2,1,1c.csv
2526,0,0,0,1e.csv
2526,1,1,0,1f.csv
2526,0,0,0,1g.csv
2526,0,0,0,1h.csv
2526,0,0,0,1i.csv
2526,0,0,0,1j.csv
2526,2,1,1,1k.csv
2526,0,0,0,1l.csv
2526,0,0,0,1m.csv
2526,0,0,0,2a.csv
2526,1,1,0,2b.csv
2526,3,3,0,2c.csv
2526,1,1,0,2d.csv
2526,0,0,0,2e.csv
2526,0,0,0,2f.csv
2526,0,0,0,2g.csv
2526,0,0,0,2h.csv
2526,0,0,0,2i.csv
2526,3,2,1,2j.csv
2526,0,0,0,2k.csv
2526,4,4,0,2l.csv
2526,11,11,0,3a.csv
2526,6,4,2,3b.csv
2526,1,1,0,3c.csv
2526,1,1,0,3d.csv
2526,6,5,1,3e.csv
2526,1,0,1,3f.csv
2526,6,6,0,3g.csv
2527,6,4,2,1a.csv
2527,0,0,0,1b.csv
2527,3,2,1,1c.csv
2527,0,0,0,1e.csv
2527,1,1,0,1f.csv
2527,0,0,0,1g.csv
2527,0,0,0,1h.csv
2527,0,0,0,1i.csv
2527,0,0,0,1j.csv
2527,2,1,1,1k.csv
2527,0,0,0,1l.csv
2527,0,0,0,1m.csv
2527,0,0,0,2a.csv
2527,1,1,0,2b.csv
2527,4,4,0,2c.csv
2527,1,1,0,2d.csv
2527,0,0,0,2e.csv
2527,2,2,0,2f.csv
2527,0,0,0,2g.csv
2527,0,0,0,2h.csv
2527,0,0,0,2i.csv
2527,3,3,0,2j.csv
2527,0,0,0,2k.csv
2527,4,4,0,2l.csv
2527,11,11,0,3a.csv
2527,6,4,2,3b.csv
2527,1,1,0,3c.csv
2527,1,1,0,3d.csv
2527,6,5,1,3e.csv
2527,0,0,0,3f.csv
2527,6,6,0,3g.csv
2528,8,6,2,1a.csv
2528,0,0,0,1b.csv
2528,3,2,1,1c.csv
2528,0,0,0,1e.csv
2528,1,1,0,1f.csv
2528,0,0,0,1g.csv
2528,0,0,0,1h.csv
2528,0,0,0,1i.csv
2528,0,0,0,1j.csv
2528,2,1,1,1k.csv
2528,0,0,0,1l.csv
2528,0,0,0,1m.csv
2528,0,0,0,2a.csv
2528,1,1,0,2b.csv
2528,4,4,0,2c.csv
2528,1,1,0,2d.csv
2528,0,0,0,2e.csv
2528,2,2,0,2f.csv
2528,0,0,0,2g.csv
2528,0,0,0,2h.csv
2528,0,0,0,2i.csv
2528,3,3,0,2j.csv
2528,0,0,0,2k.csv
2528,4,4,0,2l.csv
2528,10,10,0,3a.csv
2528,5,3,2,3b.csv
2528,1,1,0,3c.csv
2528,1,1,0,3d.csv
2528,6,5,1,3e.csv
2528,0,0,0,3f.csv
2528,6,6,0,3g.csv
2529,7,5,2,1a.csv
2529,0,0,0,1b.csv
2529,3,2,1,1c.csv
2529,0,0,0,1e.csv
2529,1,1,0,1f.csv
2529,0,0,0,1g.csv
2529,0,0,0,1h.csv
2529,0,0,0,1i.csv
2529,0,0,0,1j.csv
2529,2,1,1,1k.csv
2529,0,0,0,1l.csv
2529,0,0,0,1m.csv
2529,0,0,0,2a.csv
2529,1,1,0,2b.csv
2529,4,4,0,2c.csv
2529,0,0,0,2d.csv
2529,0,0,0,2e.csv
2529,2,2,0,2f.csv
2529,0,0,0,2g.csv
2529,0,0,0,2h.csv
2529,0,0,0,2i.csv
2529,3,3,0,2j.csv
2529,0,0,0,2k.csv
2529,1,1,0,2l.csv
2529,9,9,0,3a.csv
2529,6,4,2,3b.csv
2529,1,1,0,3c.csv
2529,1,1,0,3d.csv
2529,5,4,1,3e.csv
2529,0,0,0,3f.csv
2529,6,6,0,3g.csv
2530,7,5,2,1a.csv
2530,0,0,0,1b.csv
2530,2,1,1,1c.csv
2530,1,1,0,1e.csv
2530,2,2,0,1f.csv
2530,0,0,0,1g.csv
2530,0,0,0,1h.csv
2530,0,0,0,1i.csv
2530,0,0,0,1j.csv
2530,2,1,1,1k.csv
2530,0,0,0,1l.csv
2530,0,0,0,1m.csv
2530,0,0,0,2a.csv
2530,0,0,0,2b.csv
2530,3,3,0,2c.csv
2530,0,0,0,2d.csv
2530,0,0,0,2e.csv
2530,2,2,0,2f.csv
2530,0,0,0,2g.csv
2530,0,0,0,2h.csv
2530,0,0,0,2i.csv
2530,3,3,0,2j.csv
2530,0,0,0,2k.csv
2530,1,1,0,2l.csv
2530,9,9,0,3a.csv
2530,7,5,2,3b.csv
2530,1,1,0,3c.csv
2530,1,1,0,3d.csv
2530,3,2,1,3e.csv
2530,0,0,0,3f.csv
2530,4,4,0,3g.csv
2531,7,5,2,1a.csv
2531,0,0,0,1b.csv
2531,2,1,1,1c.csv
2531,1,1,0,1e.csv
2531,2,2,0,1f.csv
2531,0,0,0,1g.csv
2531,0,0,0,1h.csv
2531,0,0,0,1i.csv
2531,0,0,0,1j.csv
2531,2,1,1,1k.csv
2531,0,0,0,1l.csv
2531,0,0,0,1m.csv
2531,0,0,0,2a.csv
2531,0,0,0,2b.csv
2531,1,1,0,2c.csv
2531,0,0,0,2d.csv
2531,0,0,0,2e.csv
2531,2,2,0,2f.csv
2531,0,0,0,2g.csv
2531,0,0,0,2h.csv
2531,0,0,0,2i.csv
2531,2,2,0,2j.csv
2531,0,0,0,2k.csv
2531,2,2,0,2l.csv
2531,9,9,0,3a.csv
2531,7,5,2,3b.csv
2531,1,1,0,3c.csv
2531,1,1,0,3d.csv
2531,3,2,1,3e.csv
2531,0,0,0,3f.csv
2531,2,2,0,3g.csv
2532,7,5,2,1a.csv
2532,0,0,0,1b.csv
2532,1,0,1,1c.csv
2532,1,1,0,1e.csv
2532,2,2,0,1f.csv
2532,0,0,0,1g.csv
2532,0,0,0,1h.csv
2532,0,0,0,1i.csv
2532,0,0,0,1j.csv
2532,1,1,0,1k.csv
2532,1,1,0,1l.csv
2532,0,0,0,1m.csv
2532,0,0,0,2a.csv
2532,1,0,1,2b.csv
2532,2,2,0,2c.csv
2532,0,0,0,2d.csv
2532,0,0,0,2e.csv
2532,2,2,0,2f.csv
2532,0,0,0,2g.csv
2532,0,0,0,2h.csv
2532,0,0,0,2i.csv
2532,2,2,0,2j.csv
2532,0,0,0,2k.csv
2532,2,2,0,2l.csv
2532,8,8,0,3a.csv
2532,7,5,2,3b.csv
2532,1,0,1,3c.csv
2532,1,0,1,3d.csv
2532,3,2,1,3e.csv
2532,0,0,0,3f.csv
2532,1,1,0,3g.csv
2533,5,4,1,1a.csv
2533,0,0,0,1b.csv
2533,0,0,0,1c.csv
2533,1,1,0,1e.csv
2533,2,2,0,1f.csv
2533,0,0,0,1g.csv
2533,0,0,0,1h.csv
2533,0,0,0,1i.csv
2533,0,0,0,1j.csv
2533,1,1,0,1k.csv
2533,1,1,0,1l.csv
2533,0,0,0,1m.csv
2533,0,0,0,2a.csv
2533,2,1,1,2b.csv
2533,2,2,0,2c.csv
2533,0,0,0,2d.csv
2533,0,0,0,2e.csv
2533,2,2,0,2f.csv
2533,0,0,0,2g.csv
2533,0,0,0,2h.csv
2533,0,0,0,2i.csv
2533,2,2,0,2j.csv
2533,0,0,0,2k.csv
2533,2,2,0,2l.csv
2533,6,6,0,3a.csv
2533,7,5,2,3b.csv
2533,1,0,1,3c.csv
2533,1,0,1,3d.csv
2533,4,2,2,3e.csv
2533,0,0,0,3f.csv
2533,1,1,0,3g.csv
2534,5,4,1,1a.csv
2534,0,0,0,1b.csv
2534,0,0,0,1c.csv
2534,1,1,0,1e.csv
2534,1,1,0,1f.csv
2534,0,0,0,1g.csv
2534,0,0,0,1h.csv
2534,0,0,0,1i.csv
2534,0,0,0,1j.csv
2534,0,0,0,1k.csv
2534,1,1,0,1l.csv
2534,0,0,0,1m.csv
2534,0,0,0,2a.csv
2534,2,1,1,2b.csv
2534,2,2,0,2c.csv
2534,0,0,0,2d.csv
2534,0,0,0,2e.csv
2534,2,2,0,2f.csv
2534,0,0,0,2g.csv
2534,0,0,0,2h.csv
2534,0,0,0,2i.csv
2534,3,3,0,2j.csv
2534,0,0,0,2k.csv
2534,2,2,0,2l.csv
2534,4,4,0,3a.csv
2534,6,5,1,3b.csv
2534,1,0,1,3c.csv
2534,1,0,1,3d.csv
2534,4,2,2,3e.csv
2534,0,0,0,3f.csv
2534,1,1,0,3g.csv
2535,4,3,1,1a.csv
2535,0,0,0,1b.csv
2535,0,0,0,1c.csv
2535,1,1,0,1e.csv
2535,1,1,0,1f.csv
2535,0,0,0,1g.csv
2535,0,0,0,1h.csv
2535,0,0,0,1i.csv
2535,0,0,0,1j.csv
2535,0,0,0,1k.csv
2535,1,1,0,1l.csv
2535,0,0,0,1m.csv
2535,0,0,0,2a.csv
2535,2,1,1,2b.csv
2535,1,1,0,2c.csv
2535,0,0,0,2d.csv
2535,0,0,0,2e.csv
2535,0,0,0,2f.csv
2535,0,0,0,2g.csv
2535,0,0,0,2h.csv
2535,0,0,0,2i.csv
2535,4,4,0,2j.csv
2535,0,0,0,2k.csv
2535,1,1,0,2l.csv
2535,6,5,1,3a.csv
2535,6,5,1,3b.csv
2535,1,0,1,3c.csv
2535,1,0,1,3d.csv
2535,3,2,1,3e.csv
2535,1,1,0,3f.csv
2535,0,0,0,3g.csv
2536,2,1,1,1a.csv
2536,0,0,0,1b.csv
2536,0,0,0,1c.csv
2536,1,1,0,1e.csv
2536,1,1,0,1f.csv
2536,0,0,0,1g.csv
2536,0,0,0,1h.csv
2536,0,0,0,1i.csv
2536,0,0,0,1j.csv
2536,0,0,0,1k.csv
2536,2,2,0,1l.csv
2536,0,0,0,1m.csv
2536,1,0,1,2a.csv
2536,2,1,1,2b.csv
2536,1,1,0,2c.csv
2536,0,0,0,2d.csv
2536,0,0,0,2e.csv
2536,0,0,0,2f.csv
2536,0,0,0,2g.csv
2536,0,0,0,2h.csv
2536,0,0,0,2i.csv
2536,4,4,0,2j.csv
2536,0,0,0,2k.csv
2536,2,2,0,2l.csv
2536,6,5,1,3a.csv
2536,6,5,1,3b.csv
2536,1,0,1,3c.csv
2536,1,0,1,3d.csv
2536,2,1,1,3e.csv
2536,1,1,0,3f.csv
2536,0,0,0,3g.csv
2537,2,1,1,1a.csv
2537,0,0,0,1b.csv
2537,0,0,0,1c.csv
2537,1,1,0,1e.csv
2537,1,1,0,1f.csv
2537,0,0,0,1g.csv
2537,0,0,0,1h.csv
2537,0,0,0,1i.csv
2537,0,0,0,1j.csv
2537,2,2,0,1k.csv
2537,2,2,0,1l.csv
2537,0,0,0,1m.csv
2537,1,0,1,2a.csv
2537,2,1,1,2b.csv
2537,1,1,0,2c.csv
2537,0,0,0,2d.csv
2537,0,0,0,2e.csv
2537,0,0,0,2f.csv
2537,0,0,0,2g.csv
2537,0,0,0,2h.csv
2537,1,0,1,2i.csv
2537,5,5,0,2j.csv
2537,0,0,0,2k.csv
2537,3,2,1,2l.csv
2537,6,5,1,3a.csv
2537,5,5,0,3b.csv
2537,2,1,1,3c.csv
2537,2,1,1,3d.csv
2537,2,1,1,3e.csv
2537,1,1,0,3f.csv
2537,0,0,0,3g.csv
2538,2,1,1,1a.csv
2538,0,0,0,1b.csv
2538,0,0,0,1c.csv
2538,0,0,0,1e.csv
2538,1,1,0,1f.csv
2538,0,0,0,1g.csv
2538,0,0,0,1h.csv
2538,0,0,0,1i.csv
2538,0,0,0,1j.csv
2538,2,2,0,1k.csv
2538,2,2,0,1l.csv
2538,0,0,0,1m.csv
2538,1,0,1,2a.csv
2538,3,2,1,2b.csv
2538,1,1,0,2c.csv
2538,0,0,0,2d.csv
2538,0,0,0,2e.csv
2538,0,0,0,2f.csv
2538,0,0,0,2g.csv
2538,0,0,0,2h.csv
2538,1,0,1,2i.csv
2538,4,4,0,2j.csv
2538,0,0,0,2k.csv
2538,3,2,1,2l.csv
2538,8,7,1,3a.csv
2538,4,4,0,3b.csv
2538,2,1,1,3c.csv
2538,2,1,1,3d.csv
2538,2,1,1,3e.csv
2538,1,1,0,3f.csv
2538,1,1,0,3g.csv
2539,3,2,1,1a.csv
2539,0,0,0,1b.csv
2539,0,0,0,1c.csv
2539,0,0,0,1e.csv
2539,1,1,0,1f.csv
2539,1,1,0,1g.csv
2539,0,0,0,1h.csv
2539,0,0,0,1i.csv
2539,0,0,0,1j.csv
2539,2,2,0,1k.csv
2539,2,2,0,1l.csv
2539,0,0,0,1m.csv
2539,1,0,1,2a.csv
2539,3,2,1,2b.csv
2539,1,1,0,2c.csv
2539,0,0,0,2d.csv
2539,0,0,0,2e.csv
2539,0,0,0,2f.csv
2539,0,0,0,2g.csv
2539,0,0,0,2h.csv
2539,1,0,1,2i.csv
2539,6,5,1,2j.csv
2539,0,0,0,2k.csv
2539,2,1,1,2l.csv
2539,8,7,1,3a.csv
2539,4,4,0,3b.csv
2539,3,1,2,3c.csv
2539,3,1,2,3d.csv
2539,2,1,1,3e.csv
2539,1,1,0,3f.csv
2539,2,2,0,3g.csv
2540,3,3,0,1a.csv
2540,0,0,0,1b.csv
2540,0,0,0,1c.csv
2540,0,0,0,1e.csv
2540,1,1,0,1f.csv
2540,1,1,0,1g.csv
2540,0,0,0,1h.csv
2540,0,0,0,1i.csv
2540,0,0,0,1j.csv
2540,2,2,0,1k.csv
2540,1,1,0,1l.csv
2540,0,0,0,1m.csv
2540,1,0,1,2a.csv
2540,2,2,0,2b.csv
2540,0,0,0,2c.csv
2540,0,0,0,2d.csv
2540,0,0,0,2e.csv
2540,2,2,0,2f.csv
2540,0,0,0,2g.csv
2540,0,0,0,2h.csv
2540,1,0,1,2i.csv
2540,6,5,1,2j.csv
2540,0,0,0,2k.csv
2540,2,1,1,2l.csv
2540,9,8,1,3a.csv
2540,4,4,0,3b.csv
2540,2,1,1,3c.csv
2540,2,1,1,3d.csv
2540,2,1,1,3e.csv
2540,1,1,0,3f.csv
2540,2,2,0,3g.csv
2541,4,4,0,1a.csv
2541,0,0,0,1b.csv
2541,0,0,0,1c.csv
2541,0,0,0,1e.csv
2541,2,1,1,1f.csv
2541,1,1,0,1g.csv
2541,0,0,0,1h.csv
2541,1,0,1,1i.csv
2541,0,0,0,1j.csv
2541,3,2,1,1k.csv
2541,1,1,0,1l.csv
2541,1,1,0,1m.csv
2541,1,0,1,2a.csv
2541,1,1,0,2b.csv
2541,0,0,0,2c.csv
2541,0,0,0,2d.csv
2541,0,0,0,2e.csv
2541,2,2,0,2f.csv
2541,0,0,0,2g.csv
2541,0,0,0,2h.csv
2541,1,0,1,2i.csv
2541,6,5,1,2j.csv
2541,0,0,0,2k.csv
2541,4,2,2,2l.csv
2541,10,9,1,3a.csv
2541,4,4,0,3b.csv
2541,3,2,1,3c.csv
2541,3,2,1,3d.csv
2541,0,0,0,3e.csv
2541,2,2,0,3f.csv
2541,2,2,0,3g.csv
2542,5,5,0,1a.csv
2542,0,0,0,1b.csv
2542,0,0,0,1c.csv
2542,0,0,0,1e.csv
2542,2,1,1,1f.csv
2542,1,1,0,1g.csv
2542,0,0,0,1h.csv
2542,1,0,1,1i.csv
2542,0,0,0,1j.csv
2542,3,2,1,1k.csv
2542,2,2,0,1l.csv
2542,1,1,0,1m.csv
2542,2,1,1,2a.csv
2542,1,1,0,2b.csv
2542,1,1,0,2c.csv
2542,0,0,0,2d.csv
2542,0,0,0,2e.csv
2542,2,2,0,2f.csv
2542,0,0,0,2g.csv
2542,0,0,0,2h.csv
2542,1,0,1,2i.csv
2542,5,4,1,2j.csv
2542,0,0,0,2k.csv
2542,5,3,2,2l.csv
2542,9,8,1,3a.csv
2542,4,4,0,3b.csv
2542,4,3,1,3c.csv
2542,4,3,1,3d.csv
2542,0,0,0,3e.csv
2542,2,2,0,3f.csv
2542,2,2,0,3g.csv
2543,5,5,0,1a.csv
2543,1,1,0,1b.csv
2543,0,0,0,1c.csv
2543,0,0,0,1e.csv
2543,4,3,1,1f.csv
2543,1,1,0,1g.csv
2543,0,0,0,1h.csv
2543,1,0,1,1i.csv
2543,0,0,0,1j.csv
2543,3,2,1,1k.csv
2543,2,2,0,1l.csv
2543,1,1,0,1m.csv
2543,2,1,1,2a.csv
2543,1,1,0,2b.csv
2543,1,1,0,2c.csv
2543,0,0,0,2d.csv
2543,1,1,0,2e.csv
2543,2,2,0,2f.csv
2543,0,0,0,2g.csv
2543,0,0,0,2h.csv
2543,1,0,1,2i.csv
2543,3,2,1,2j.csv
2543,0,0,0,2k.csv
2543,5,3,2,2l.csv
2543,8,7,1,3a.csv
2543,6,5,1,3b.csv
2543,4,3,1,3c.csv
2543,4,3,1,3d.csv
2543,0,0,0,3e.csv
2543,1,1,0,3f.csv
2543,2,2,0,3g.csv
2544,6,6,0,1a.csv
2544,2,2,0,1b.csv
2544,0,0,0,1c.csv
2544,1,1,0,1e.csv
2544,4,3,1,1f.csv
2544,1,1,0,1g.csv
2544,0,0,0,1h.csv
2544,1,0,1,1i.csv
2544,0,0,0,1j.csv
2544,3,2,1,1k.csv
2544,3,3,0,1l.csv
2544,1,1,0,1m.csv
2544,1,1,0,2a.csv
2544,1,1,0,2b.csv
2544,1,1,0,2c.csv
2544,0,0,0,2d.csv
2544,1,1,0,2e.csv
2544,2,2,0,2f.csv
2544,0,0,0,2g.csv
2544,0,0,0,2h.csv
2544,1,0,1,2i.csv
2544,4,3,1,2j.csv
2544,0,0,0,2k.csv
2544,4,2,2,2l.csv
2544,8,7,1,3a.csv
2544,5,4,1,3b.csv
2544,4,3,1,3c.csv
2544,4,3,1,3d.csv
2544,1,1,0,3e.csv
2544,1,1,0,3f.csv
2544,4,4,0,3g.csv
2545,7,7,0,1a.csv
2545,2,2,0,1b.csv
2545,0,0,0,1c.csv
2545,1,1,0,1e.csv
2545,5,4,1,1f.csv
2545,1,1,0,1g.csv
2545,0,0,0,1h.csv
2545,1,0,1,1i.csv
2545,0,0,0,1j.csv
2545,1,0,1,1k.csv
2545,3,3,0,1l.csv
2545,1,1,0,1m.csv
2545,1,1,0,2a.csv
2545,1,1,0,2b.csv
2545,1,1,0,2c.csv
2545,0,0,0,2d.csv
2545,1,1,0,2e.csv
2545,2,2,0,2f.csv
2545,0,0,0,2g.csv
2545,0,0,0,2h.csv
2545,0,0,0,2i.csv
2545,5,4,1,2j.csv
2545,0,0,0,2k.csv
2545,3,2,1,2l.csv
2545,7,6,1,3a.csv
2545,7,4,3,3b.csv
2545,3,2,1,3c.csv
2545,3,2,1,3d.csv
2545,1,1,0,3e.csv
2545,1,1,0,3f.csv
2545,4,4,0,3g.csv
2546,8,8,0,1a.csv
2546,3,3,0,1b.csv
2546,0,0,0,1c.csv
2546,1,1,0,1e.csv
2546,4,3,1,1f.csv
2546,1,1,0,1g.csv
2546,0,0,0,1h.csv
2546,1,0,1,1i.csv
2546,0,0,0,1j.csv
2546,1,0,1,1k.csv
2546,3,3,0,1l.csv
2546,1,1,0,1m.csv
2546,2,2,0,2a.csv
2546,0,0,0,2b.csv
2546,1,1,0,2c.csv
2546,0,0,0,2d.csv
2546,1,1,0,2e.csv
2546,2,2,0,2f.csv
2546,0,0,0,2g.csv
2546,0,0,0,2h.csv
2546,0,0,0,2i.csv
2546,6,5,1,2j.csv
2546,0,0,0,2k.csv
2546,4,2,2,2l.csv
2546,5,4,1,3a.csv
2546,9,6,3,3b.csv
2546,3,2,1,3c.csv
2546,3,2,1,3d.csv
2546,1,1,0,3e.csv
2546,1,1,0,3f.csv
2546,5,5,0,3g.csv
2547,9,9,0,1a.csv
2547,3,3,0,1b.csv
2547,0,0,0,1c.csv
2547,1,1,0,1e.csv
2547,4,3,1,1f.csv
2547,0,0,0,1g.csv
2547,0,0,0,1h.csv
2547,1,0,1,1i.csv
2547,0,0,0,1j.csv
2547,1,0,1,1k.csv
2547,3,3,0,1l.csv
2547,1,1,0,1m.csv
2547,2,2,0,2a.csv
2547,0,0,0,2b.csv
2547,1,1,0,2c.csv
2547,0,0,0,2d.csv
2547,1,1,0,2e.csv
2547,2,2,0,2f.csv
2547,0,0,0,2g.csv
2547,0,0,0,2h.csv
2547,0,0,0,2i.csv
2547,5,5,0,2j.csv
2547,0,0,0,2k.csv
2547,4,2,2,2l.csv
2547,5,4,1,3a.csv
2547,9,5,4,3b.csv
2547,3,3,0,3c.csv
2547,3,3,0,3d.csv
2547,1,1,0,3e.csv
2547,1,1,0,3f.csv
2547,5,5,0,3g.csv
2548,10,10,0,1a.csv
2548,3,3,0,1b.csv
2548,0,0,0,1c.csv
2548,1,1,0,1e.csv
2548,4,3,1,1f.csv
2548,1,1,0,1g.csv
2548,0,0,0,1h.csv
2548,1,0,1,1i.csv
2548,0,0,0,1j.csv
2548,1,0,1,1k.csv
2548,3,3,0,1l.csv
2548,1,1,0,1m.csv
2548,2,2,0,2a.csv
2548,0,0,0,2b.csv
2548,1,1,0,2c.csv
2548,0,0,0,2d.csv
2548,1,1,0,2e.csv
2548,0,0,0,2f.csv
2548,0,0,0,2g.csv
2548,0,0,0,2h.csv
2548,0,0,0,2i.csv
2548,5,5,0,2j.csv
2548,0,0,0,2k.csv
2548,4,2,2,2l.csv
2548,6,4,2,3a.csv
2548,12,7,5,3b.csv
2548,3,3,0,3c.csv
2548,3,3,0,3d.csv
2548,1,1,0,3e.csv
2548,1,1,0,3f.csv
2548,5,5,0,3g.csv
2549,9,9,0,1a.csv
2549,7,7,0,1b.csv
2549,0,0,0,1c.csv
2549,3,3,0,1e.csv
2549,3,3,0,1f.csv
2549,2,2,0,1g.csv
2549,0,0,0,1h.csv
2549,0,0,0,1i.csv
2549,0,0,0,1j.csv
2549,0,0,0,1k.csv
2549,3,3,0,1l.csv
2549,0,0,0,1m.csv
2549,2,2,0,2a.csv
2549,0,0,0,2b.csv
2549,1,1,0,2c.csv
2549,0,0,0,2d.csv
2549,1,1,0,2e.csv
2549,0,0,0,2f.csv
2549,0,0,0,2g.csv
2549,0,0,0,2h.csv
2549,0,0,0,2i.csv
2549,5,5,0,2j.csv
2549,0,0,0,2k.csv
2549,2,1,1,2l.csv
2549,5,3,2,3a.csv
2549,13,8,5,3b.csv
2549,4,4,0,3c.csv
2549,4,4,0,3d.csv
2549,1,1,0,3e.csv
2549,1,0,1,3f.csv
2549,5,5,0,3g.csv
2550,8,8,0,1a.csv
2550,9,9,0,1b.csv
2550,0,0,0,1c.csv
2550,3,3,0,1e.csv
2550,3,3,0,1f.csv
2550,3,3,0,1g.csv
2550,0,0,0,1h.csv
2550,0,0,0,1i.csv
2550,0,0,0,1j.csv
2550,0,0,0,1k.csv
2550,2,2,0,1l.csv
2550,0,0,0,1m.csv
2550,1,1,0,2a.csv
2550,0,0,0,2b.csv
2550,0,0,0,2c.csv
2550,0,0,0,2d.csv
2550,1,1,0,2e.csv
2550,1,1,0,2f.csv
2550,0,0,0,2g.csv
2550,0,0,0,2h.csv
2550,0,0,0,2i.csv
2550,6,6,0,2j.csv
2550,0,0,0,2k.csv
2550,1,0,1,2l.csv
2550,6,4,2,3a.csv
2550,14,9,5,3b.csv
2550,3,3,0,3c.csv
2550,3,3,0,3d.csv
2550,1,1,0,3e.csv
2550,1,0,1,3f.csv
2550,5,5,0,3g.csv
2551,9,9,0,1a.csv
2551,8,8,0,1b.csv
2551,0,0,0,1c.csv
2551,4,4,0,1e.csv
2551,1,1,0,1f.csv
2551,3,3,0,1g.csv
2551,0,0,0,1h.csv
2551,0,0,0,1i.csv
2551,0,0,0,1j.csv
2551,0,0,0,1k.csv
2551,2,2,0,1l.csv
2551,0,0,0,1m.csv
2551,1,1,0,2a.csv
2551,0,0,0,2b.csv
2551,0,0,0,2c.csv
2551,0,0,0,2d.csv
2551,0,0,0,2e.csv
2551,1,1,0,2f.csv
2551,0,0,0,2g.csv
2551,0,0,0,2h.csv
2551,0,0,0,2i.csv
2551,7,7,0,2j.csv
2551,0,0,0,2k.csv
2551,3,1,2,2l.csv
2551,5,4,1,3a.csv
2551,12,8,4,3b.csv
2551,3,3,0,3c.csv
2551,3,3,0,3d.csv
2551,1,1,0,3e.csv
2551,1,0,1,3f.csv
2551,6,5,1,3g.csv
2552,8,8,0,1a.csv
2552,8,8,0,1b.csv
2552,0,0,0,1c.csv
2552,3,3,0,1e.csv
2552,1,1,0,1f.csv
2552,3,3,0,1g.csv
2552,0,0,0,1h.csv
2552,0,0,0,1i.csv
2552,1,1,0,1j.csv
2552,0,0,0,1k.csv
2552,0,0,0,1l.csv
2552,0,0,0,1m.csv
2552,1,1,0,2a.csv
2552,0,0,0,2b.csv
2552,1,1,0,2c.csv
2552,0,0,0,2d.csv
2552,0,0,0,2e.csv
2552,3,3,0,2f.csv
2552,0,0,0,2g.csv
2552,1,1,0,2h.csv
2552,0,0,0,2i.csv
2552,7,7,0,2j.csv
2552,0,0,0,2k.csv
2552,4,2,2,2l.csv
2552,4,3,1,3a.csv
2552,15,10,5,3b.csv
2552,3,3,0,3c.csv
2552,3,3,0,3d.csv
2552,0,0,0,3e.csv
2552,1,0,1,3f.csv
2552,4,3,1,3g.csv
2553,7,7,0,1a.csv
2553,10,10,0,1b.csv
2553,0,0,0,1c.csv
2553,5,5,0,1e.csv
2553,0,0,0,1f.csv
2553,6,5,1,1g.csv
2553,0,0,0,1h.csv
2553,0,0,0,1i.csv
2553,1,1,0,1j.csv
2553,0,0,0,1k.csv
2553,0,0,0,1l.csv
2553,0,0,0,1m.csv
2553,1,1,0,2a.csv
2553,0,0,0,2b.csv
2553,1,1,0,2c.csv
2553,0,0,0,2d.csv
2553,0,0,0,2e.csv
2553,3,3,0,2f.csv
2553,0,0,0,2g.csv
2553,1,1,0,2h.csv
2553,0,0,0,2i.csv
2553,6,6,0,2j.csv
2553,0,0,0,2k.csv
2553,6,3,3,2l.csv
2553,4,3,1,3a.csv
2553,14,10,4,3b.csv
2553,3,3,0,3c.csv
2553,3,3,0,3d.csv
2553,0,0,0,3e.csv
2553,1,0,1,3f.csv
2553,4,3,1,3g.csv
2554,7,7,0,1a.csv
2554,9,9,0,1b.csv
2554,0,0,0,1c.csv
2554,5,5,0,1e.csv
2554,0,0,0,1f.csv
2554,6,5,1,1g.csv
2554,0,0,0,1h.csv
2554,0,0,0,1i.csv
2554,1,1,0,1j.csv
2554,0,0,0,1k.csv
2554,0,0,0,1l.csv
2554,0,0,0,1m.csv
2554,0,0,0,2a.csv
2554,0,0,0,2b.csv
2554,1,1,0,2c.csv
2554,0,0,0,2d.csv
2554,0,0,0,2e.csv
2554,4,3,1,2f.csv
2554,0,0,0,2g.csv
2554,1,1,0,2h.csv
2554,0,0,0,2i.csv
2554,5,5,0,2j.csv
2554,0,0,0,2k.csv
2554,7,3,4,2l.csv
2554,4,3,1,3a.csv
2554,13,9,4,3b.csv
2554,4,4,0,3c.csv
2554,4,4,0,3d.csv
2554,0,0,0,3e.csv
2554,1,0,1,3f.csv
2554,3,2,1,3g.csv
2555,8,8,0,1a.csv
2555,10,10,0,1b.csv
2555,0,0,0,1c.csv
2555,5,5,0,1e.csv
2555,0,0,0,1f.csv
2555,6,5,1,1g.csv
2555,0,0,0,1h.csv
2555,0,0,0,1i.csv
2555,1,1,0,1j.csv
2555,0,0,0,1k.csv
2555,0,0,0,1l.csv
2555,0,0,0,1m.csv
2555,0,0,0,2a.csv
2555,0,0,0,2b.csv
2555,1,1,0,2c.csv
2555,0,0,0,2d.csv
2555,0,0,0,2e.csv
2555,5,4,1,2f.csv
2555,0,0,0,2g.csv
2555,1,1,0,2h.csv
2555,0,0,0,2i.csv
2555,4,4,0,2j.csv
2555,0,0,0,2k.csv
2555,7,3,4,2l.csv
2555,4,3,1,3a.csv
2555,15,12,3,3b.csv
2555,3,3,0,3c.csv
2555,3,3,0,3d.csv
2555,0,0,0,3e.csv
2555,1,0,1,3f.csv
2555,2,1,1,3g.csv
2556,7,7,0,1a.csv
2556,10,10,0,1b.csv
2556,0,0,0,1c.csv
2556,6,6,0,1e.csv
2556,0,0,0,1f.csv
2556,5,4,1,1g.csv
2556,0,0,0,1h.csv
2556,0,0,0,1i.csv
2556,1,1,0,1j.csv
2556,0,0,0,1k.csv
2556,0,0,0,1l.csv
2556,0,0,0,1m.csv
2556,0,0,0,2a.csv
2556,0,0,0,2b.csv
2556,1,1,0,2c.csv
2556,0,0,0,2d.csv
2556,0,0,0,2e.csv
2556,5,4,1,2f.csv
2556,0,0,0,2g.csv
2556,1,1,0,2h.csv
2556,1,0,1,2i.csv
2556,4,4,0,2j.csv
2556,0,0,0,2k.csv
2556,9,5,4,2l.csv
2556,2,2,0,3a.csv
2556,13,10,3,3b.csv
2556,3,3,0,3c.csv
2556,3,3,0,3d.csv
2556,0,0,0,3e.csv
2556,1,0,1,3f.csv
2556,2,1,1,3g.csv
2557,8,8,0,1a.csv
2557,6,6,0,1b.csv
2557,0,0,0,1c.csv
2557,4,4,0,1e.csv
2557,0,0,0,1f.csv
2557,7,5,2,1g.csv
2557,0,0,0,1h.csv
2557,0,0,0,1i.csv
2557,1,1,0,1j.csv
2557,0,0,0,1k.csv
2557,0,0,0,1l.csv
2557,0,0,0,1m.csv
2557,0,0,0,2a.csv
2557,0,0,0,2b.csv
2557,2,2,0,2c.csv
2557,0,0,0,2d.csv
2557,0,0,0,2e.csv
2557,5,4,1,2f.csv
2557,0,0,0,2g.csv
2557,1,1,0,2h.csv
2557,1,0,1,2i.csv
2557,4,4,0,2j.csv
2557,0,0,0,2k.csv
2557,9,5,4,2l.csv
2557,5,5,0,3a.csv
2557,14,11,3,3b.csv
2557,1,1,0,3c.csv
2557,1,1,0,3d.csv
2557,0,0,0,3e.csv
2557,0,0,0,3f.csv
2557,2,1,1,3g.csv
2558,8,8,0,1a.csv
2558,5,5,0,1b.csv
2558,0,0,0,1c.csv
2558,4,4,0,1e.csv
2558,0,0,0,1f.csv
2558,7,5,2,1g.csv
2558,0,0,0,1h.csv
2558,0,0,0,1i.csv
2558,1,1,0,1j.csv
2558,0,0,0,1k.csv
2558,0,0,0,1l.csv
2558,0,0,0,1m.csv
2558,0,0,0,2a.csv
2558,0,0,0,2b.csv
2558,2,2,0,2c.csv
2558,0,0,0,2d.csv
2558,0,0,0,2e.csv
2558,4,3,1,2f.csv
2558,0,0,0,2g.csv
2558,1,1,0,2h.csv
2558,1,0,1,2i.csv
2558,3,3,0,2j.csv
2558,0,0,0,2k.csv
2558,9,5,4,2l.csv
2558,4,4,0,3a.csv
2558,13,10,3,3b.csv
2558,1,1,0,3c.csv
2558,1,1,0,3d.csv
2558,0,0,0,3e.csv
2558,0,0,0,3f.csv
2558,2,1,1,3g.csv
2559,6,6,0,1a.csv
2559,5,5,0,1b.csv
2559,1,1,0,1c.csv
2559,3,3,0,1e.csv
2559,0,0,0,1f.csv
2559,7,5,2,1g.csv
2559,0,0,0,1h.csv
2559,0,0,0,1i.csv
2559,1,1,0,1j.csv
2559,0,0,0,1k.csv
2559,0,0,0,1l.csv
2559,0,0,0,1m.csv
2559,1,0,1,2a.csv
2559,0,0,0,2b.csv
2559,2,2,0,2c.csv
2559,0,0,0,2d.csv
2559,0,0,0,2e.csv
2559,4,3,1,2f.csv
2559,0,0,0,2g.csv
2559,1,1,0,2h.csv
2559,1,0,1,2i.csv
2559,2,2,0,2j.csv
2559,0,0,0,2k.csv
2559,8,5,3,2l.csv
2559,5,4,1,3a.csv
2559,13,10,3,3b.csv
2559,1,1,0,3c.csv
2559,1,1,0,3d.csv
2559,0,0,0,3e.csv
2559,0,0,0,3f.csv
2559,1,1,0,3g.csv
2560,10,9,1,1a.csv
2560,5,4,1,1b.csv
2560,1,1,0,1c.csv
2560,3,3,0,1e.csv
2560,0,0,0,1f.csv
2560,7,5,2,1g.csv
2560,0,0,0,1h.csv
2560,0,0,0,1i.csv
2560,0,0,0,1j.csv
2560,0,0,0,1k.csv
2560,0,0,0,1l.csv
2560,0,0,0,1m.csv
2560,1,0,1,2a.csv
2560,0,0,0,2b.csv
2560,1,1,0,2c.csv
2560,0,0,0,2d.csv
2560,0,0,0,2e.csv
2560,4,2,2,2f.csv
2560,0,0,0,2g.csv
2560,0,0,0,2h.csv
2560,1,0,1,2i.csv
2560,1,1,0,2j.csv
2560,0,0,0,2k.csv
2560,7,4,3,2l.csv
2560,5,4,1,3a.csv
2560,10,8,2,3b.csv
2560,1,1,0,3c.csv
2560,1,1,0,3d.csv
2560,1,1,0,3e.csv
2560,0,0,0,3f.csv
2560,1,1,0,3g.csv
2561,11,10,1,1a.csv
2561,3,2,1,1b.csv
2561,2,2,0,1c.csv
2561,1,1,0,1e.csv
2561,0,0,0,1f.csv
2561,4,3,1,1g.csv
2561,0,0,0,1h.csv
2561,0,0,0,1i.csv
2561,0,0,0,1j.csv
2561,0,0,0,1k.csv
2561,0,0,0,1l.csv
2561,0,0,0,1m.csv
2561,1,0,1,2a.csv
2561,0,0,0,2b.csv
2561,1,1,0,2c.csv
2561,0,0,0,2d.csv
2561,0,0,0,2e.csv
2561,4,2,2,2f.csv
2561,0,0,0,2g.csv
2561,0,0,0,2h.csv
2561,1,0,1,2i.csv
2561,0,0,0,2j.csv
2561,0,0,0,2k.csv
2561,5,3,2,2l.csv
2561,6,5,1,3a.csv
2561,9,7,2,3b.csv
2561,2,2,0,3c.csv
2561,2,2,0,3d.csv
2561,1,1,0,3e.csv
2561,0,0,0,3f.csv
2561,1,1,0,3g.csv
2562,10,9,1,1a.csv
2562,3,2,1,1b.csv
2562,2,2,0,1c.csv
2562,1,1,0,1e.csv
2562,0,0,0,1f.csv
2562,5,4,1,1g.csv
2562,0,0,0,1h.csv
2562,0,0,0,1i.csv
2562,0,0,0,1j.csv
2562,0,0,0,1k.csv
2562,1,1,0,1l.csv
2562,0,0,0,1m.csv
2562,1,0,1,2a.csv
2562,0,0,0,2b.csv
2562,1,1,0,2c.csv
2562,0,0,0,2d.csv
2562,0,0,0,2e.csv
2562,4,2,2,2f.csv
2562,0,0,0,2g.csv
2562,0,0,0,2h.csv
2562,1,0,1,2i.csv
2562,0,0,0,2j.csv
2562,0,0,0,2k.csv
2562,3,3,0,2l.csv
2562,6,5,1,3a.csv
2562,9,6,3,3b.csv
2562,1,1,0,3c.csv
2562,1,1,0,3d.csv
2562,1,1,0,3e.csv
2562,0,0,0,3f.csv
2562,0,0,0,3g.csv
2563,7,6,1,1a.csv
2563,2,1,1,1b.csv
2563,2,2,0,1c.csv
2563,1,1,0,1e.csv
2563,0,0,0,1f.csv
2563,6,5,1,1g.csv
2563,0,0,0,1h.csv
2563,0,0,0,1i.csv
2563,0,0,0,1j.csv
2563,0,0,0,1k.csv
2563,1,1,0,1l.csv
2563,0,0,0,1m.csv
2563,1,0,1,2a.csv
2563,0,0,0,2b.csv
2563,1,1,0,2c.csv
2563,0,0,0,2d.csv
2563,0,0,0,2e.csv
2563,3,1,2,2f.csv
2563,0,0,0,2g.csv
2563,0,0,0,2h.csv
2563,1,0,1,2i.csv
2563,0,0,0,2j.csv
2563,0,0,0,2k.csv
2563,4,3,1,2l.csv
2563,6,5,1,3a.csv
2563,6,3,3,3b.csv
2563,1,1,0,3c.csv
2563,1,1,0,3d.csv
2563,1,1,0,3e.csv
2563,1,1,0,3f.csv
2563,0,0,0,3g.csv
2564,8,7,1,1a.csv
2564,5,3,2,1b.csv
2564,3,3,0,1c.csv
2564,0,0,0,1e.csv
2564,1,1,0,1f.csv
2564,7,6,1,1g.csv
2564,0,0,0,1h.csv
2564,0,0,0,1i.csv
2564,0,0,0,1j.csv
2564,0,0,0,1k.csv
2564,1,1,0,1l.csv
2564,0,0,0,1m.csv
2564,1,0,1,2a.csv
2564,0,0,0,2b.csv
2564,1,1,0,2c.csv
2564,0,0,0,2d.csv
2564,1,1,0,2e.csv
2564,3,1,2,2f.csv
2564,0,0,0,2g.csv
2564,0,0,0,2h.csv
2564,0,0,0,2i.csv
2564,1,1,0,2j.csv
2564,0,0,0,2k.csv
2564,2,1,1,2l.csv
2564,6,5,1,3a.csv
2564,5,3,2,3b.csv
2564,1,1,0,3c.csv
2564,1,1,0,3d.csv
2564,1,1,0,3e.csv
2564,1,1,0,3f.csv
2564,0,0,0,3g.csv
2565,8,6,2,1a.csv
2565,5,3,2,1b.csv
2565,4,4,0,1c.csv
2565,0,0,0,1e.csv
2565,1,1,0,1f.csv
2565,5,5,0,1g.csv
2565,0,0,0,1h.csv
2565,0,0,0,1i.csv
2565,0,0,0,1j.csv
2565,0,0,0,1k.csv
2565,2,2,0,1l.csv
2565,0,0,0,1m.csv
2565,2,0,2,2a.csv
2565,0,0,0,2b.csv
2565,0,0,0,2c.csv
2565,0,0,0,2d.csv
2565,1,1,0,2e.csv
2565,4,2,2,2f.csv
2565,0,0,0,2g.csv
2565,0,0,0,2h.csv
2565,0,0,0,2i.csv
2565,1,1,0,2j.csv
2565,0,0,0,2k.csv
2565,4,3,1,2l.csv
2565,3,2,1,3a.csv
2565,4,1,3,3b.csv
2565,2,2,0,3c.csv
2565,2,2,0,3d.csv
2565,3,3,0,3e.csv
2565,1,1,0,3f.csv
2565,1,1,0,3g.csv
2566,10,8,2,1a.csv
2566,4,2,2,1b.csv
2566,4,4,0,1c.csv
2566,0,0,0,1e.csv
2566,1,1,0,1f.csv
2566,4,4,0,1g.csv
2566,0,0,0,1h.csv
2566,0,0,0,1i.csv
2566,0,0,0,1j.csv
2566,0,0,0,1k.csv
2566,2,2,0,1l.csv
2566,0,0,0,1m.csv
2566,2,0,2,2a.csv
2566,0,0,0,2b.csv
2566,0,0,0,2c.csv
2566,0,0,0,2d.csv
2566,1,1,0,2e.csv
2566,4,2,2,2f.csv
2566,0,0,0,2g.csv
2566,0,0,0,2h.csv
2566,0,0,0,2i.csv
2566,1,1,0,2j.csv
2566,0,0,0,2k.csv
2566,5,4,1,2l.csv
2566,5,4,1,3a.csv
2566,5,1,4,3b.csv
2566,2,2,0,3c.csv
2566,2,2,0,3d.csv
2566,3,3,0,3e.csv
2566,1,1,0,3f.csv
2566,1,1,0,3g.csv
2567,10,8,2,1a.csv
2567,5,3,2,1b.csv
2567,3,3,0,1c.csv
2567,1,1,0,1e.csv
2567,1,1,0,1f.csv
2567,4,4,0,1g.csv
2567,0,0,0,1h.csv
2567,0,0,0,1i.csv
2567,0,0,0,1j.csv
2567,0,0,0,1k.csv
2567,2,2,0,1l.csv
2567,1,1,0,1m.csv
2567,2,1,1,2a.csv
2567,0,0,0,2b.csv
2567,0,0,0,2c.csv
2567,0,0,0,2d.csv
2567,1,1,0,2e.csv
2567,4,2,2,2f.csv
2567,0,0,0,2g.csv
2567,0,0,0,2h.csv
2567,0,0,0,2i.csv
2567,1,1,0,2j.csv
2567,0,0,0,2k.csv
2567,4,3,1,2l.csv
2567,3,3,0,3a.csv
2567,6,1,5,3b.csv
2567,2,2,0,3c.csv
2567,2,2,0,3d.csv
2567,3,3,0,3e.csv
2567,1,1,0,3f.csv
2567,1,1,0,3g.csv
2568,8,7,1,1a.csv
2568,4,3,1,1b.csv
2568,3,3,0,1c.csv
2568,1,1,0,1e.csv
2568,2,2,0,1f.csv
2568,5,5,0,1g.csv
2568,0,0,0,1h.csv
2568,0,0,0,1i.csv
2568,0,0,0,1j.csv
2568,0,0,0,1k.csv
2568,2,2,0,1l.csv
2568,1,1,0,1m.csv
2568,2,1,1,2a.csv
2568,0,0,0,2b.csv
2568,0,0,0,2c.csv
2568,0,0,0,2d.csv
2568,1,1,0,2e.csv
2568,2,1,1,2f.csv
2568,0,0,0,2g.csv
2568,0,0,0,2h.csv
2568,0,0,0,2i.csv
2568,1,1,0,2j.csv
2568,0,0,0,2k.csv
2568,6,4,2,2l.csv
2568,6,6,0,3a.csv
2568,6,1,5,3b.csv
2568,2,2,0,3c.csv
2568,2,2,0,3d.csv
2568,2,2,0,3e.csv
2568,1,1,0,3f.csv
2568,1,1,0,3g.csv
2569,7,6,1,1a.csv
2569,6,4,2,1b.csv
2569,2,2,0,1c.csv
2569,1,1,0,1e.csv
2569,2,2,0,1f.csv
2569,5,5,0,1g.csv
2569,0,0,0,1h.csv
2569,0,0,0,1i.csv
2569,0,0,0,1j.csv
2569,0,0,0,1k.csv
2569,2,2,0,1l.csv
2569,1,1,0,1m.csv
2569,2,1,1,2a.csv
2569,0,0,0,2b.csv
2569,0,0,0,2c.csv
2569,0,0,0,2d.csv
2569,2,2,0,2e.csv
2569,2,1,1,2f.csv
2569,0,0,0,2g.csv
2569,0,0,0,2h.csv
2569,0,0,0,2i.csv
2569,1,1,0,2j.csv
2569,0,0,0,2k.csv
2569,7,5,2,2l.csv
2569,5,5,0,3a.csv
2569,6,2,4,3b.csv
2569,1,1,0,3c.csv
2569,1,1,0,3d.csv
2569,2,2,0,3e.csv
2569,1,1,0,3f.csv
2569,1,1,0,3g.csv
2570,7,6,1,1a.csv
2570,6,4,2,1b.csv
2570,2,2,0,1c.csv
2570,2,2,0,1e.csv
2570,2,2,0,1f.csv
2570,4,4,0,1g.csv
2570,0,0,0,1h.csv
2570,0,0,0,1i.csv
2570,0,0,0,1j.csv
2570,0,0,0,1k.csv
2570,2,2,0,1l.csv
2570,1,1,0,1m.csv
2570,2,1,1,2a.csv
2570,0,0,0,2b.csv
2570,0,0,0,2c.csv
2570,0,0,0,2d.csv
2570,2,2,0,2e.csv
2570,1,1,0,2f.csv
2570,0,0,0,2g.csv
2570,0,0,0,2h.csv
2570,0,0,0,2i.csv
2570,1,1,0,2j.csv
2570,0,0,0,2k.csv
2570,9,6,3,2l.csv
2570,5,5,0,3a.csv
2570,5,2,3,3b.csv
2570,2,2,0,3c.csv
2570,2,2,0,3d.csv
2570,3,2,1,3e.csv
2570,1,1,0,3f.csv
2570,1,1,0,3g.csv
2571,8,7,1,1a.csv
2571,6,4,2,1b.csv
2571,2,2,0,1c.csv
2571,2,2,0,1e.csv
2571,2,2,0,1f.csv
2571,4,4,0,1g.csv
2571,0,0,0,1h.csv
2571,0,0,0,1i.csv
2571,0,0,0,1j.csv
2571,0,0,0,1k.csv
2571,2,2,0,1l.csv
2571,1,1,0,1m.csv
2571,2,1,1,2a.csv
2571,0,0,0,2b.csv
2571,0,0,0,2c.csv
2571,0,0,0,2d.csv
2571,2,2,0,2e.csv
2571,1,1,0,2f.csv
2571,0,0,0,2g.csv
2571,0,0,0,2h.csv
2571,0,0,0,2i.csv
2571,1,1,0,2j.csv
2571,0,0,0,2k.csv
2571,9,7,2,2l.csv
2571,7,7,0,3a.csv
2571,8,2,6,3b.csv
2571,2,2,0,3c.csv
2571,2,2,0,3d.csv
2571,4,3,1,3e.csv
2571,0,0,0,3f.csv
2571,1,1,0,3g.csv
2572,6,5,1,1a.csv
2572,3,2,1,1b.csv
2572,1,1,0,1c.csv
2572,2,2,0,1e.csv
2572,1,1,0,1f.csv
2572,4,4,0,1g.csv
2572,0,0,0,1h.csv
2572,0,0,0,1i.csv
2572,0,0,0,1j.csv
2572,0,0,0,1k.csv
2572,2,2,0,1l.csv
2572,1,1,0,1m.csv
2572,3,2,1,2a.csv
2572,0,0,0,2b.csv
2572,0,0,0,2c.csv
2572,0,0,0,2d.csv
2572,1,1,0,2e.csv
2572,1,1,0,2f.csv
2572,0,0,0,2g.csv
2572,0,0,0,2h.csv
2572,0,0,0,2i.csv
2572,0,0,0,2j.csv
2572,0,0,0,2k.csv
2572,10,8,2,2l.csv
2572,8,7,1,3a.csv
2572,9,3,6,3b.csv
2572,2,2,0,3c.csv
2572,2,2,0,3d.csv
2572,4,3,1,3e.csv
2572,0,0,0,3f.csv
2572,1,1,0,3g.csv
2573,7,7,0,1a.csv
2573,3,2,1,1b.csv
2573,0,0,0,1c.csv
2573,2,2,0,1e.csv
2573,1,1,0,1f.csv
2573,3,3,0,1g.csv
2573,0,0,0,1h.csv
2573,0,0,0,1i.csv
2573,0,0,0,1j.csv
2573,0,0,0,1k.csv
2573,1,1,0,1l.csv
2573,1,1,0,1m.csv
2573,2,2,0,2a.csv
2573,0,0,0,2b.csv
2573,0,0,0,2c.csv
2573,0,0,0,2d.csv
2573,1,1,0,2e.csv
2573,0,0,0,2f.csv
2573,0,0,0,2g.csv
2573,0,0,0,2h.csv
2573,0,0,0,2i.csv
2573,0,0,0,2j.csv
2573,0,0,0,2k.csv
2573,8,6,2,2l.csv
2573,8,7,1,3a.csv
2573,7,2,5,3b.csv
2573,1,1,0,3c.csv
2573,1,1,0,3d.csv
2573,2,1,1,3e.csv
2573,0,0,0,3f.csv
2573,0,0,0,3g.csv
2574,5,5,0,1a.csv
2574,3,2,1,1b.csv
2574,0,0,0,1c.csv
2574,3,3,0,1e.csv
2574,1,1,0,1f.csv
2574,3,3,0,1g.csv
2574,0,0,0,1h.csv
2574,0,0,0,1i.csv
2574,0,0,0,1j.csv
2574,0,0,0,1k.csv
2574,1,1,0,1l.csv
2574,1,1,0,1m.csv
2574,2,2,0,2a.csv
2574,0,0,0,2b.csv
2574,0,0,0,2c.csv
2574,0,0,0,2d.csv
2574,1,1,0,2e.csv
2574,0,0,0,2f.csv
2574,0,0,0,2g.csv
2574,0,0,0,2h.csv
2574,0,0,0,2i.csv
2574,0,0,0,2j.csv
2574,0,0,0,2k.csv
2574,8,6,2,2l.csv
2574,6,5,1,3a.csv
2574,7,2,5,3b.csv
2574,1,1,0,3c.csv
2574,1,1,0,3d.csv
2574,2,1,1,3e.csv
2574,0,0,0,3f.csv
2574,0,0,0,3g.csv
2575,5,5,0,1a.csv
2575,2,1,1,1b.csv
2575,0,0,0,1c.csv
2575,2,2,0,1e.csv
2575,1,1,0,1f.csv
2575,3,3,0,1g.csv
2575,0,0,0,1h.csv
2575,0,0,0,1i.csv
2575,0,0,0,1j.csv
2575,0,0,0,1k.csv
2575,2,2,0,1l.csv
2575,0,0,0,1m.csv
2575,1,1,0,2a.csv
2575,0,0,0,2b.csv
2575,0,0,0,2c.csv
2575,0,0,0,2d.csv
2575,1,1,0,2e.csv
2575,0,0,0,2f.csv
2575,0,0,0,2g.csv
2575,0,0,0,2h.csv
2575,0,0,0,2i.csv
2575,0,0,0,2j.csv
2575,0,0,0,2k.csv
2575,8,6,2,2l.csv
2575,6,5,1,3a.csv
2575,8,3,5,3b.csv
2575,2,2,0,3c.csv
2575,2,2,0,3d.csv
2575,3,2,1,3e.csv
2575,0,0,0,3f.csv
2575,0,0,0,3g.csv
2576,4,4,0,1a.csv
2576,2,1,1,1b.csv
2576,1,1,0,1c.csv
2576,3,3,0,1e.csv
2576,0,0,0,1f.csv
2576,2,2,0,1g.csv
2576,0,0,0,1h.csv
2576,0,0,0,1i.csv
2576,0,0,0,1j.csv
2576,0,0,0,1k.csv
2576,2,2,0,1l.csv
2576,0,0,0,1m.csv
2576,2,1,1,2a.csv
2576,0,0,0,2b.csv
2576,0,0,0,2c.csv
2576,0,0,0,2d.csv
2576,1,1,0,2e.csv
2576,0,0,0,2f.csv
2576,0,0,0,2g.csv
2576,0,0,0,2h.csv
2576,0,0,0,2i.csv
2576,1,1,0,2j.csv
2576,0,0,0,2k.csv
2576,7,6,1,2l.csv
2576,3,2,1,3a.csv
2576,9,3,6,3b.csv
2576,2,2,0,3c.csv
2576,2,2,0,3d.csv
2576,3,2,1,3e.csv
2576,0,0,0,3f.csv
2576,0,0,0,3g.csv
2577,4,4,0,1a.csv
2577,0,0,0,1b.csv
2577,1,1,0,1c.csv
2577,3,3,0,1e.csv
2577,0,0,0,1f.csv
2577,3,3,0,1g.csv
2577,0,0,0,1h.csv
2577,0,0,0,1i.csv
2577,0,0,0,1j.csv
2577,0,0,0,1k.csv
2577,2,2,0,1l.csv
2577,0,0,0,1m.csv
2577,2,1,1,2a.csv
2577,0,0,0,2b.csv
2577,0,0,0,2c.csv
2577,0,0,0,2d.csv
2577,0,0,0,2e.csv
2577,0,0,0,2f.csv
2577,0,0,0,2g.csv
2577,0,0,0,2h.csv
2577,0,0,0,2i.csv
2577,1,1,0,2j.csv
2577,0,0,0,2k.csv
2577,7,6,1,2l.csv
2577,3,2,1,3a.csv
2577,8,2,6,3b.csv
2577,2,2,0,3c.csv
2577,2,2,0,3d.csv
2577,3,2,1,3e.csv
2577,0,0,0,3f.csv
2577,1,0,1,3g.csv
2578,5,5,0,1a.csv
2578,0,0,0,1b.csv
2578,1,1,0,1c.csv
2578,2,2,0,1e.csv
2578,0,0,0,1f.csv
2578,4,4,0,1g.csv
2578,0,0,0,1h.csv
2578,0,0,0,1i.csv
2578,0,0,0,1j.csv
2578,0,0,0,1k.csv
2578,1,1,0,1l.csv
2578,0,0,0,1m.csv
2578,2,1,1,2a.csv
2578,0,0,0,2b.csv
2578,0,0,0,2c.csv
2578,0,0,0,2d.csv
2578,0,0,0,2e.csv
2578,0,0,0,2f.csv
2578,0,0,0,2g.csv
2578,0,0,0,2h.csv
2578,0,0,0,2i.csv
2578,1,1,0,2j.csv
2578,0,0,0,2k.csv
2578,5,5,0,2l.csv
2578,4,3,1,3a.csv
2578,9,3,6,3b.csv
2578,1,1,0,3c.csv
2578,1,1,0,3d.csv
2578,3,3,0,3e.csv
2578,0,0,0,3f.csv
2578,1,0,1,3g.csv
2579,4,4,0,1a.csv
2579,0,0,0,1b.csv
2579,1,1,0,1c.csv
2579,2,2,0,1e.csv
2579,0,0,0,1f.csv
2579,3,3,0,1g.csv
2579,0,0,0,1h.csv
2579,0,0,0,1i.csv
2579,0,0,0,1j.csv
2579,0,0,0,1k.csv
2579,1,1,0,1l.csv
2579,0,0,0,1m.csv
2579,2,1,1,2a.csv
2579,0,0,0,2b.csv
2579,0,0,0,2c.csv
2579,0,0,0,2d.csv
2579,0,0,0,2e.csv
2579,0,0,0,2f.csv
2579,0,0,0,2g.csv
2579,0,0,0,2h.csv
2579,0,0,0,2i.csv
2579,1,1,0,2j.csv
2579,0,0,0,2k.csv
2579,5,5,0,2l.csv
2579,3,1,2,3a.csv
2579,8,4,4,3b.csv
2579,2,2,0,3c.csv
2579,2,2,0,3d.csv
2579,2,2,0,3e.csv
2579,0,0,0,3f.csv
2579,1,0,1,3g.csv
2580,4,4,0,1a.csv
2580,0,0,0,1b.csv
2580,1,1,0,1c.csv
2580,2,2,0,1e.csv
2580,0,0,0,1f.csv
2580,2,2,0,1g.csv
2580,0,0,0,1h.csv
2580,0,0,0,1i.csv
2580,0,0,0,1j.csv
2580,0,0,0,1k.csv
2580,1,1,0,1l.csv
2580,0,0,0,1m.csv
2580,1,0,1,2a.csv
2580,0,0,0,2b.csv
2580,0,0,0,2c.csv
2580,0,0,0,2d.csv
2580,0,0,0,2e.csv
2580,1,0,1,2f.csv
2580,0,0,0,2g.csv
2580,0,0,0,2h.csv
2580,0,0,0,2i.csv
2580,1,1,0,2j.csv
2580,0,0,0,2k.csv
2580,4,4,0,2l.csv
2580,4,2,2,3a.csv
2580,9,5,4,3b.csv
2580,2,2,0,3c.csv
2580,2,2,0,3d.csv
2580,2,2,0,3e.csv
2580,0,0,0,3f.csv
2580,1,0,1,3g.csv
2581,2,2,0,1a.csv
2581,0,0,0,1b.csv
2581,1,1,0,1c.csv
2581,2,2,0,1e.csv
2581,0,0,0,1f.csv
2581,2,2,0,1g.csv
2581,0,0,0,1h.csv
2581,0,0,0,1i.csv
2581,0,0,0,1j.csv
2581,0,0,0,1k.csv
2581,1,1,0,1l.csv
2581,0,0,0,1m.csv
2581,1,0,1,2a.csv
2581,0,0,0,2b.csv
2581,0,0,0,2c.csv
2581,0,0,0,2d.csv
2581,0,0,0,2e.csv
2581,1,0,1,2f.csv
2581,0,0,0,2g.csv
2581,0,0,0,2h.csv
2581,0,0,0,2i.csv
2581,1,1,0,2j.csv
2581,0,0,0,2k.csv
2581,5,5,0,2l.csv
2581,7,5,2,3a.csv
2581,9,5,4,3b.csv
2581,2,2,0,3c.csv
2581,2,2,0,3d.csv
2581,2,2,0,3e.csv
2581,0,0,0,3f.csv
2581,1,0,1,3g.csv
2582,3,3,0,1a.csv
2582,0,0,0,1b.csv
2582,1,1,0,1c.csv
2582,1,1,0,1e.csv
2582,0,0,0,1f.csv
2582,3,3,0,1g.csv
2582,0,0,0,1h.csv
2582,0,0,0,1i.csv
2582,0,0,0,1j.csv
2582,0,0,0,1k.csv
2582,1,1,0,1l.csv
2582,0,0,0,1m.csv
2582,1,0,1,2a.csv
2582,0,0,0,2b.csv
2582,0,0,0,2c.csv
2582,0,0,0,2d.csv
2582,0,0,0,2e.csv
2582,1,0,1,2f.csv
2582,0,0,0,2g.csv
2582,0,0,0,2h.csv
2582,0,0,0,2i.csv
2582,1,1,0,2j.csv
2582,0,0,0,2k.csv
2582,6,6,0,2l.csv
2582,9,6,3,3a.csv
2582,8,5,3,3b.csv
2582,2,2,0,3c.csv
2582,2,2,0,3d.csv
2582,2,2,0,3e.csv
2582,1,1,0,3f.csv
2582,1,0,1,3g.csv
2583,3,3,0,1a.csv
2583,0,0,0,1b.csv
2583,1,1,0,1c.csv
2583,1,1,0,1e.csv
2583,1,0,1,1f.csv
2583,4,4,0,1g.csv
2583,1,1,0,1h.csv
2583,0,0,0,1i.csv
2583,0,0,0,1j.csv
2583,0,0,0,1k.csv
2583,0,0,0,1l.csv
2583,0,0,0,1m.csv
2583,1,0,1,2a.csv
2583,0,0,0,2b.csv
2583,0,0,0,2c.csv
2583,0,0,0,2d.csv
2583,0,0,0,2e.csv
2583,1,0,1,2f.csv
2583,0,0,0,2g.csv
2583,0,0,0,2h.csv
2583,0,0,0,2i.csv
2583,1,1,0,2j.csv
2583,0,0,0,2k.csv
2583,6,6,0,2l.csv
2583,10,6,4,3a.csv
2583,6,4,2,3b.csv
2583,1,1,0,3c.csv
2583,1,1,0,3d.csv
2583,2,2,0,3e.csv
2583,1,1,0,3f.csv
2583,1,0,1,3g.csv
2584,2,2,0,1a.csv
2584,0,0,0,1b.csv
2584,0,0,0,1c.csv
2584,0,0,0,1e.csv
2584,1,0,1,1f.csv
2584,4,4,0,1g.csv
2584,1,1,0,1h.csv
2584,0,0,0,1i.csv
2584,0,0,0,1j.csv
2584,0,0,0,1k.csv
2584,0,0,0,1l.csv
2584,0,0,0,1m.csv
2584,0,0,0,2a.csv
2584,1,1,0,2b.csv
2584,0,0,0,2c.csv
2584,0,0,0,2d.csv
2584,1,1,0,2e.csv
2584,1,0,1,2f.csv
2584,0,0,0,2g.csv
2584,0,0,0,2h.csv
2584,0,0,0,2i.csv
2584,0,0,0,2j.csv
2584,1,1,0,2k.csv
2584,6,6,0,2l.csv
2584,10,6,4,3a.csv
2584,5,4,1,3b.csv
2584,1,1,0,3c.csv
2584,1,1,0,3d.csv
2584,3,3,0,3e.csv
2584,1,1,0,3f.csv
2584,2,0,2,3g.csv
2585,3,3,0,1a.csv
2585,0,0,0,1b.csv
2585,0,0,0,1c.csv
2585,0,0,0,1e.csv
2585,1,0,1,1f.csv
2585,4,4,0,1g.csv
2585,1,1,0,1h.csv
2585,0,0,0,1i.csv
2585,0,0,0,1j.csv
2585,0,0,0,1k.csv
2585,0,0,0,1l.csv
2585,0,0,0,1m.csv
2585,0,0,0,2a.csv
2585,1,1,0,2b.csv
2585,0,0,0,2c.csv
2585,0,0,0,2d.csv
2585,1,1,0,2e.csv
2585,1,0,1,2f.csv
2585,0,0,0,2g.csv
2585,0,0,0,2h.csv
2585,0,0,0,2i.csv
2585,0,0,0,2j.csv
2585,1,1,0,2k.csv
2585,5,5,0,2l.csv
2585,11,7,4,3a.csv
2585,6,4,2,3b.csv
2585,1,1,0,3c.csv
2585,1,1,0,3d.csv
2585,3,3,0,3e.csv
2585,1,1,0,3f.csv
2585,1,0,1,3g.csv
2586,2,2,0,1a.csv
2586,0,0,0,1b.csv
2586,0,0,0,1c.csv
2586,0,0,0,1e.csv
2586,1,0,1,1f.csv
2586,6,6,0,1g.csv
2586,1,1,0,1h.csv
2586,0,0,0,1i.csv
2586,0,0,0,1j.csv
2586,0,0,0,1k.csv
2586,0,0,0,1l.csv
2586,1,1,0,1m.csv
2586,0,0,0,2a.csv
2586,1,1,0,2b.csv
2586,0,0,0,2c.csv
2586,0,0,0,2d.csv
2586,1,1,0,2e.csv
2586,1,0,1,2f.csv
2586,0,0,0,2g.csv
2586,0,0,0,2h.csv
2586,0,0,0,2i.csv
2586,0,0,0,2j.csv
2586,1,1,0,2k.csv
2586,6,5,1,2l.csv
2586,13,8,5,3a.csv
2586,5,3,2,3b.csv
2586,1,1,0,3c.csv
2586,1,1,0,3d.csv
2586,2,2,0,3e.csv
2586,1,1,0,3f.csv
2586,1,0,1,3g.csv
2587,2,2,0,1a.csv
2587,0,0,0,1b.csv
2587,0,0,0,1c.csv
2587,0,0,0,1e.csv
2587,1,0,1,1f.csv
2587,7,7,0,1g.csv
2587,1,1,0,1h.csv
2587,0,0,0,1i.csv
2587,1,1,0,1j.csv
2587,0,0,0,1k.csv
2587,0,0,0,1l.csv
2587,1,1,0,1m.csv
2587,0,0,0,2a.csv
2587,1,1,0,2b.csv
2587,0,0,0,2c.csv
2587,0,0,0,2d.csv
2587,1,1,0,2e.csv
2587,1,0,1,2f.csv
2587,0,0,0,2g.csv
2587,0,0,0,2h.csv
2587,0,0,0,2i.csv
2587,1,0,1,2j.csv
2587,1,1,0,2k.csv
2587,5,4,1,2l.csv
2587,13,9,4,3a.csv
2587,3,2,1,3b.csv
2587,0,0,0,3c.csv
2587,0,0,0,3d.csv
2587,2,2,0,3e.csv
2587,2,2,0,3f.csv
2587,1,0,1,3g.csv
2588,2,2,0,1a.csv
2588,0,0,0,1b.csv
2588,0,0,0,1c.csv
2588,0,0,0,1e.csv
2588,1,0,1,1f.csv
2588,7,7,0,1g.csv
2588,1,1,0,1h.csv
2588,0,0,0,1i.csv
2588,1,1,0,1j.csv
2588,0,0,0,1k.csv
2588,0,0,0,1l.csv
2588,1,1,0,1m.csv
2588,0,0,0,2a.csv
2588,1,1,0,2b.csv
2588,0,0,0,2c.csv
2588,0,0,0,2d.csv
2588,1,1,0,2e.csv
2588,0,0,0,2f.csv
2588,0,0,0,2g.csv
2588,0,0,0,2h.csv
2588,0,0,0,2i.csv
2588,1,0,1,2j.csv
2588,1,1,0,2k.csv
2588,5,4,1,2l.csv
2588,11,8,3,3a.csv
2588,2,1,1,3b.csv
2588,0,0,0,3c.csv
2588,0,0,0,3d.csv
2588,3,3,0,3e.csv
2588,2,2,0,3f.csv
2588,2,0,2,3g.csv
2589,2,2,0,1a.csv
2589,0,0,0,1b.csv
2589,0,0,0,1c.csv
2589,0,0,0,1e.csv
2589,1,0,1,1f.csv
2589,9,9,0,1g.csv
2589,1,1,0,1h.csv
2589,0,0,0,1i.csv
2589,1,1,0,1j.csv
2589,0,0,0,1k.csv
2589,0,0,0,1l.csv
2589,1,1,0,1m.csv
2589,0,0,0,2a.csv
2589,3,3,0,2b.csv
2589,0,0,0,2c.csv
2589,0,0,0,2d.csv
2589,1,1,0,2e.csv
2589,0,0,0,2f.csv
2589,0,0,0,2g.csv
2589,0,0,0,2h.csv
2589,0,0,0,2i.csv
2589,1,0,1,2j.csv
2589,2,2,0,2k.csv
2589,4,3,1,2l.csv
2589,8,5,3,3a.csv
2589,3,2,1,3b.csv
2589,0,0,0,3c.csv
2589,0,0,0,3d.csv
2589,3,3,0,3e.csv
2589,2,2,0,3f.csv
2589,2,0,2,3g.csv
2590,1,1,0,1a.csv
2590,0,0,0,1b.csv
2590,0,0,0,1c.csv
2590,1,1,0,1e.csv
2590,1,0,1,1f.csv
2590,8,8,0,1g.csv
2590,1,1,0,1h.csv
2590,0,0,0,1i.csv
2590,1,1,0,1j.csv
2590,0,0,0,1k.csv
2590,0,0,0,1l.csv
2590,1,1,0,1m.csv
2590,1,1,0,2a.csv
2590,3,3,0,2b.csv
2590,0,0,0,2c.csv
2590,0,0,0,2d.csv
2590,1,1,0,2e.csv
2590,0,0,0,2f.csv
2590,0,0,0,2g.csv
2590,0,0,0,2h.csv
2590,0,0,0,2i.csv
2590,2,1,1,2j.csv
2590,2,2,0,2k.csv
2590,3,1,2,2l.csv
2590,7,5,2,3a.csv
2590,3,2,1,3b.csv
2590,0,0,0,3c.csv
2590,0,0,0,3d.csv
2590,4,4,0,3e.csv
2590,1,1,0,3f.csv
2590,2,0,2,3g.csv
2591,1,1,0,1a.csv
2591,1,0,1,1b.csv
2591,0,0,0,1c.csv
2591,1,1,0,1e.csv
2591,0,0,0,1f.csv
2591,7,7,0,1g.csv
2591,1,1,0,1h.csv
2591,0,0,0,1i.csv
2591,1,1,0,1j.csv
2591,0,0,0,1k.csv
2591,0,0,0,1l.csv
2591,1,1,0,1m.csv
2591,1,1,0,2a.csv
2591,3,3,0,2b.csv
2591,0,0,0,2c.csv
2591,0,0,0,2d.csv
2591,1,1,0,2e.csv
2591,0,0,0,2f.csv
2591,0,0,0,2g.csv
2591,0,0,0,2h.csv
2591,0,0,0,2i.csv
2591,2,1,1,2j.csv
2591,2,2,0,2k.csv
2591,4,2,2,2l.csv
2591,6,5,1,3a.csv
2591,3,2,1,3b.csv
2591,0,0,0,3c.csv
2591,0,0,0,3d.csv
2591,5,5,0,3e.csv
2591,1,1,0,3f.csv
2591,3,1,2,3g.csv
2592,2,2,0,1a.csv
2592,1,0,1,1b.csv
2592,0,0,0,1c.csv
2592,2,2,0,1e.csv
2592,0,0,0,1f.csv
2592,7,7,0,1g.csv
2592,4,4,0,1h.csv
2592,0,0,0,1i.csv
2592,1,1,0,1j.csv
2592,0,0,0,1k.csv
2592,0,0,0,1l.csv
2592,2,2,0,1m.csv
2592,1,1,0,2a.csv
2592,2,2,0,2b.csv
2592,0,0,0,2c.csv
2592,0,0,0,2d.csv
2592,0,0,0,2e.csv
2592,0,0,0,2f.csv
2592,0,0,0,2g.csv
2592,0,0,0,2h.csv
2592,0,0,0,2i.csv
2592,2,1,1,2j.csv
2592,1,1,0,2k.csv
2592,4,1,3,2l.csv
2592,6,5,1,3a.csv
2592,4,2,2,3b.csv
2592,0,0,0,3c.csv
2592,0,0,0,3d.csv
2592,10,8,2,3e.csv
2592,1,1,0,3f.csv
2592,2,1,1,3g.csv
2593,2,2,0,1a.csv
2593,2,1,1,1b.csv
2593,0,0,0,1c.csv
2593,2,2,0,1e.csv
2593,0,0,0,1f.csv
2593,6,6,0,1g.csv
2593,4,4,0,1h.csv
2593,0,0,0,1i.csv
2593,1,1,0,1j.csv
2593,0,0,0,1k.csv
2593,0,0,0,1l.csv
2593,3,3,0,1m.csv
2593,1,1,0,2a.csv
2593,4,4,0,2b.csv
2593,0,0,0,2c.csv
2593,0,0,0,2d.csv
2593,0,0,0,2e.csv
2593,0,0,0,2f.csv
2593,0,0,0,2g.csv
2593,0,0,0,2h.csv
2593,0,0,0,2i.csv
2593,2,1,1,2j.csv
2593,1,1,0,2k.csv
2593,5,2,3,2l.csv
2593,6,5,1,3a.csv
2593,4,3,1,3b.csv
2593,0,0,0,3c.csv
2593,0,0,0,3d.csv
2593,14,11,3,3e.csv
2593,1,1,0,3f.csv
2593,2,1,1,3g.csv
2594,2,2,0,1a.csv
2594,2,1,1,1b.csv
2594,0,0,0,1c.csv
2594,3,3,0,1e.csv
2594,0,0,0,1f.csv
2594,3,3,0,1g.csv
2594,6,6,0,1h.csv
2594,0,0,0,1i.csv
2594,1,1,0,1j.csv
2594,0,0,0,1k.csv
2594,0,0,0,1l.csv
2594,2,2,0,1m.csv
2594,2,2,0,2a.csv
2594,4,4,0,2b.csv
2594,0,0,0,2c.csv
2594,0,0,0,2d.csv
2594,0,0,0,2e.csv
2594,0,0,0,2f.csv
2594,0,0,0,2g.csv
2594,0,0,0,2h.csv
2594,0,0,0,2i.csv
2594,3,1,2,2j.csv
2594,1,1,0,2k.csv
2594,4,2,2,2l.csv
2594,3,3,0,3a.csv
2594,4,3,1,3b.csv
2594,0,0,0,3c.csv
2594,0,0,0,3d.csv
2594,15,12,3,3e.csv
2594,1,1,0,3f.csv
2594,2,1,1,3g.csv
2595,2,2,0,1a.csv
2595,2,1,1,1b.csv
2595,0,0,0,1c.csv
2595,3,3,0,1e.csv
2595,0,0,0,1f.csv
2595,4,4,0,1g.csv
2595,6,6,0,1h.csv
2595,0,0,0,1i.csv
2595,0,0,0,1j.csv
2595,0,0,0,1k.csv
2595,0,0,0,1l.csv
2595,3,3,0,1m.csv
2595,2,2,0,2a.csv
2595,6,5,1,2b.csv
2595,0,0,0,2c.csv
2595,0,0,0,2d.csv
2595,0,0,0,2e.csv
2595,0,0,0,2f.csv
2595,0,0,0,2g.csv
2595,0,0,0,2h.csv
2595,0,0,0,2i.csv
2595,3,2,1,2j.csv
2595,1,1,0,2k.csv
2595,5,2,3,2l.csv
2595,5,5,0,3a.csv
2595,4,3,1,3b.csv
2595,0,0,0,3c.csv
2595,0,0,0,3d.csv
2595,17,14,3,3e.csv
2595,0,0,0,3f.csv
2595,2,1,1,3g.csv
2596,2,2,0,1a.csv
2596,2,1,1,1b.csv
2596,0,0,0,1c.csv
2596,3,3,0,1e.csv
2596,0,0,0,1f.csv
2596,4,4,0,1g.csv
2596,7,6,1,1h.csv
2596,0,0,0,1i.csv
2596,0,0,0,1j.csv
2596,0,0,0,1k.csv
2596,0,0,0,1l.csv
2596,4,4,0,1m.csv
2596,2,2,0,2a.csv
2596,7,6,1,2b.csv
2596,0,0,0,2c.csv
2596,0,0,0,2d.csv
2596,0,0,0,2e.csv
2596,0,0,0,2f.csv
2596,0,0,0,2g.csv
2596,0,0,0,2h.csv
2596,0,0,0,2i.csv
2596,3,2,1,2j.csv
2596,1,1,0,2k.csv
2596,5,2,3,2l.csv
2596,5,5,0,3a.csv
2596,4,3,1,3b.csv
2596,0,0,0,3c.csv
2596,0,0,0,3d.csv
2596,20,15,5,3e.csv
2596,0,0,0,3f.csv
2596,1,1,0,3g.csv
2597,3,3,0,1a.csv
2597,2,1,1,1b.csv
2597,0,0,0,1c.csv
2597,4,4,0,1e.csv
2597,0,0,0,1f.csv
2597,2,2,0,1g.csv
2597,7,6,1,1h.csv
2597,0,0,0,1i.csv
2597,0,0,0,1j.csv
2597,0,0,0,1k.csv
2597,0,0,0,1l.csv
2597,4,4,0,1m.csv
2597,2,2,0,2a.csv
2597,5,4,1,2b.csv
2597,0,0,0,2c.csv
2597,0,0,0,2d.csv
2597,1,1,0,2e.csv
2597,0,0,0,2f.csv
2597,0,0,0,2g.csv
2597,0,0,0,2h.csv
2597,0,0,0,2i.csv
2597,3,2,1,2j.csv
2597,0,0,0,2k.csv
2597,7,3,4,2l.csv
2597,6,6,0,3a.csv
2597,4,3,1,3b.csv
2597,0,0,0,3c.csv
2597,0,0,0,3d.csv
2597,25,20,5,3e.csv
2597,0,0,0,3f.csv
2597,2,2,0,3g.csv
2598,4,3,1,1a.csv
2598,2,1,1,1b.csv
2598,0,0,0,1c.csv
2598,4,4,0,1e.csv
2598,0,0,0,1f.csv
2598,2,2,0,1g.csv
2598,7,6,1,1h.csv
2598,0,0,0,1i.csv
2598,0,0,0,1j.csv
2598,0,0,0,1k.csv
2598,0,0,0,1l.csv
2598,4,4,0,1m.csv
2598,1,1,0,2a.csv
2598,6,4,2,2b.csv
2598,0,0,0,2c.csv
2598,0,0,0,2d.csv
2598,1,1,0,2e.csv
2598,0,0,0,2f.csv
2598,0,0,0,2g.csv
2598,0,0,0,2h.csv
2598,0,0,0,2i.csv
2598,2,1,1,2j.csv
2598,0,0,0,2k.csv
2598,6,3,3,2l.csv
2598,5,5,0,3a.csv
2598,4,3,1,3b.csv
2598,0,0,0,3c.csv
2598,0,0,0,3d.csv
2598,25,20,5,3e.csv
2598,0,0,0,3f.csv
2598,2,2,0,3g.csv
2599,4,3,1,1a.csv
2599,1,1,0,1b.csv
2599,1,1,0,1c.csv
2599,5,5,0,1e.csv
2599,0,0,0,1f.csv
2599,3,3,0,1g.csv
2599,6,5,1,1h.csv
2599,0,0,0,1i.csv
2599,0,0,0,1j.csv
2599,0,0,0,1k.csv
2599,0,0,0,1l.csv
2599,4,4,0,1m.csv
2599,1,1,0,2a.csv
2599,6,4,2,2b.csv
2599,0,0,0,2c.csv
2599,0,0,0,2d.csv
2599,1,1,0,2e.csv
2599,0,0,0,2f.csv
2599,0,0,0,2g.csv
2599,0,0,0,2h.csv
2599,0,0,0,2i.csv
2599,2,1,1,2j.csv
2599,0,0,0,2k.csv
2599,5,2,3,2l.csv
2599,5,5,0,3a.csv
2599,4,3,1,3b.csv
2599,0,0,0,3c.csv
2599,0,0,0,3d.csv
2599,27,22,5,3e.csv
2599,0,0,0,3f.csv
2599,1,1,0,3g.csv
2600,3,2,1,1a.csv
2600,1,1,0,1b.csv
2600,1,1,0,1c.csv
2600,4,4,0,1e.csv
2600,0,0,0,1f.csv
2600,3,3,0,1g.csv
2600,3,2,1,1h.csv
2600,1,1,0,1i.csv
2600,0,0,0,1j.csv
2600,0,0,0,1k.csv
2600,0,0,0,1l.csv
2600,3,3,0,1m.csv
2600,1,1,0,2a.csv
2600,6,4,2,2b.csv
2600,0,0,0,2c.csv
2600,0,0,0,2d.csv
2600,1,1,0,2e.csv
2600,0,0,0,2f.csv
2600,0,0,0,2g.csv
2600,0,0,0,2h.csv
2600,0,0,0,2i.csv
2600,2,1,1,2j.csv
2600,0,0,0,2k.csv
2600,4,2,2,2l.csv
2600,6,6,0,3a.csv
2600,3,3,0,3b.csv
2600,1,1,0,3c.csv
2600,1,1,0,3d.csv
2600,27,24,3,3e.csv
2600,0,0,0,3f.csv
2600,1,1,0,3g.csv
2601,3,2,1,1a.csv
2601,0,0,0,1b.csv
2601,1,1,0,1c.csv
2601,4,4,0,1e.csv
2601,0,0,0,1f.csv
2601,3,3,0,1g.csv
2601,4,3,1,1h.csv
2601,2,2,0,1i.csv
2601,0,0,0,1j.csv
2601,0,0,0,1k.csv
2601,0,0,0,1l.csv
2601,2,2,0,1m.csv
2601,1,1,0,2a.csv
2601,5,3,2,2b.csv
2601,0,0,0,2c.csv
2601,0,0,0,2d.csv
2601,1,1,0,2e.csv
2601,0,0,0,2f.csv
2601,0,0,0,2g.csv
2601,0,0,0,2h.csv
2601,0,0,0,2i.csv
2601,2,1,1,2j.csv
2601,0,0,0,2k.csv
2601,3,1,2,2l.csv
2601,5,5,0,3a.csv
2601,3,2,1,3b.csv
2601,2,2,0,3c.csv
2601,2,2,0,3d.csv
2601,26,23,3,3e.csv
2601,2,2,0,3f.csv
2601,1,1,0,3g.csv
2602,3,2,1,1a.csv
2602,0,0,0,1b.csv
2602,1,1,0,1c.csv
2602,3,3,0,1e.csv
2602,1,1,0,1f.csv
2602,3,3,0,1g.csv
2602,2,1,1,1h.csv
2602,2,2,0,1i.csv
2602,0,0,0,1j.csv
2602,0,0,0,1k.csv
2602,0,0,0,1l.csv
2602,2,2,0,1m.csv
2602,0,0,0,2a.csv
2602,5,3,2,2b.csv
2602,0,0,0,2c.csv
2602,0,0,0,2d.csv
2602,1,1,0,2e.csv
2602,0,0,0,2f.csv
2602,0,0,0,2g.csv
2602,0,0,0,2h.csv
2602,0,0,0,2i.csv
2602,1,1,0,2j.csv
2602,0,0,0,2k.csv
2602,3,1,2,2l.csv
2602,7,7,0,3a.csv
2602,4,2,2,3b.csv
2602,2,2,0,3c.csv
2602,2,2,0,3d.csv
2602,26,23,3,3e.csv
2602,2,2,0,3f.csv
2602,2,2,0,3g.csv
2603,3,2,1,1a.csv
2603,0,0,0,1b.csv
2603,2,2,0,1c.csv
2603,3,3,0,1e.csv
2603,1,1,0,1f.csv
2603,1,1,0,1g.csv
2603,2,1,1,1h.csv
2603,2,2,0,1i.csv
2603,0,0,0,1j.csv
2603,0,0,0,1k.csv
2603,0,0,0,1l.csv
2603,1,1,0,1m.csv
2603,0,0,0,2a.csv
2603,3,2,1,2b.csv
2603,0,0,0,2c.csv
2603,0,0,0,2d.csv
2603,1,1,0,2e.csv
2603,1,1,0,2f.csv
2603,0,0,0,2g.csv
2603,0,0,0,2h.csv
2603,0,0,0,2i.csv
2603,0,0,0,2j.csv
2603,0,0,0,2k.csv
2603,2,1,1,2l.csv
2603,5,5,0,3a.csv
2603,4,2,2,3b.csv
2603,3,3,0,3c.csv
2603,3,3,0,3d.csv
2603,27,24,3,3e.csv
2603,3,3,0,3f.csv
2603,3,3,0,3g.csv
2604,4,3,1,1a.csv
2604,0,0,0,1b.csv
2604,2,2,0,1c.csv
2604,5,5,0,1e.csv
2604,1,1,0,1f.csv
2604,1,1,0,1g.csv
2604,1,1,0,1h.csv
2604,2,2,0,1i.csv
2604,0,0,0,1j.csv
2604,0,0,0,1k.csv
2604,0,0,0,1l.csv
2604,0,0,0,1m.csv
2604,0,0,0,2a.csv
2604,2,1,1,2b.csv
2604,0,0,0,2c.csv
2604,0,0,0,2d.csv
2604,1,1,0,2e.csv
2604,1,1,0,2f.csv
2604,0,0,0,2g.csv
2604,0,0,0,2h.csv
2604,0,0,0,2i.csv
2604,0,0,0,2j.csv
2604,0,0,0,2k.csv
2604,2,1,1,2l.csv
2604,7,6,1,3a.csv
2604,3,1,2,3b.csv
2604,6,5,1,3c.csv
2604,6,5,1,3d.csv
2604,24,23,1,3e.csv
2604,3,3,0,3f.csv
2604,3,3,0,3g.csv
2605,3,2,1,1a.csv
2605,0,0,0,1b.csv
2605,2,2,0,1c.csv
2605,5,5,0,1e.csv
2605,1,1,0,1f.csv
2605,2,1,1,1g.csv
2605,2,2,0,1h.csv
2605,2,2,0,1i.csv
2605,0,0,0,1j.csv
2605,0,0,0,1k.csv
2605,0,0,0,1l.csv
2605,0,0,0,1m.csv
2605,0,0,0,2a.csv
2605,2,1,1,2b.csv
2605,0,0,0,2c.csv
2605,0,0,0,2d.csv
2605,0,0,0,2e.csv
2605,1,1,0,2f.csv
2605,0,0,0,2g.csv
2605,0,0,0,2h.csv
2605,0,0,0,2i.csv
2605,1,1,0,2j.csv
2605,0,0,0,2k.csv
2605,0,0,0,2l.csv
2605,7,6,1,3a.csv
2605,2,0,2,3b.csv
2605,7,6,1,3c.csv
2605,7,6,1,3d.csv
2605,21,20,1,3e.csv
2605,3,3,0,3f.csv
2605,2,2,0,3g.csv
2606,2,2,0,1a.csv
2606,0,0,0,1b.csv
2606,2,2,0,1c.csv
2606,4,4,0,1e.csv
2606,1,1,0,1f.csv
2606,2,1,1,1g.csv
2606,3,3,0,1h.csv
2606,2,2,0,1i.csv
2606,0,0,0,1j.csv
2606,0,0,0,1k.csv
2606,0,0,0,1l.csv
2606,0,0,0,1m.csv
2606,0,0,0,2a.csv
2606,1,1,0,2b.csv
2606,0,0,0,2c.csv
2606,0,0,0,2d.csv
2606,0,0,0,2e.csv
2606,1,1,0,2f.csv
2606,0,0,0,2g.csv
2606,0,0,0,2h.csv
2606,0,0,0,2i.csv
2606,1,1,0,2j.csv
2606,0,0,0,2k.csv
2606,0,0,0,2l.csv
2606,10,7,3,3a.csv
2606,2,0,2,3b.csv
2606,9,8,1,3c.csv
2606,9,8,1,3d.csv
2606,22,21,1,3e.csv
2606,3,3,0,3f.csv
2606,2,2,0,3g.csv
2607,2,2,0,1a.csv
2607,1,1,0,1b.csv
2607,1,1,0,1c.csv
2607,4,4,0,1e.csv
2607,2,2,0,1f.csv
2607,3,2,1,1g.csv
2607,3,3,0,1h.csv
2607,2,2,0,1i.csv
2607,0,0,0,1j.csv
2607,0,0,0,1k.csv
2607,0,0,0,1l.csv
2607,0,0,0,1m.csv
2607,0,0,0,2a.csv
2607,1,1,0,2b.csv
2607,0,0,0,2c.csv
2607,0,0,0,2d.csv
2607,0,0,0,2e.csv
2607,1,1,0,2f.csv
2607,0,0,0,2g.csv
2607,0,0,0,2h.csv
2607,0,0,0,2i.csv
2607,1,1,0,2j.csv
2607,0,0,0,2k.csv
2607,0,0,0,2l.csv
2607,11,8,3,3a.csv
2607,3,0,3,3b.csv
2607,12,11,1,3c.csv
2607,12,11,1,3d.csv
2607,19,18,1,3e.csv
2607,3,3,0,3f.csv
2607,2,2,0,3g.csv
2608,2,2,0,1a.csv
2608,1,1,0,1b.csv
2608,1,1,0,1c.csv
2608,4,4,0,1e.csv
2608,2,2,0,1f.csv
2608,3,2,1,1g.csv
2608,3,3,0,1h.csv
2608,1,1,0,1i.csv
2608,0,0,0,1j.csv
2608,0,0,0,1k.csv
2608,0,0,0,1l.csv
2608,0,0,0,1m.csv
2608,0,0,0,2a.csv
2608,1,1,0,2b.csv
2608,0,0,0,2c.csv
2608,0,0,0,2d.csv
2608,0,0,0,2e.csv
2608,1,1,0,2f.csv
2608,0,0,0,2g.csv
2608,0,0,0,2h.csv
2608,0,0,0,2i.csv
2608,1,1,0,2j.csv
2608,0,0,0,2k.csv
2608,0,0,0,2l.csv
2608,10,7,3,3a.csv
2608,3,0,3,3b.csv
2608,11,10,1,3c.csv
2608,11,10,1,3d.csv
2608,15,14,1,3e.csv
2608,4,4,0,3f.csv
2608,2,2,0,3g.csv
2609,2,2,0,1a.csv
2609,1,1,0,1b.csv
2609,1,1,0,1c.csv
2609,4,4,0,1e.csv
2609,2,2,0,1f.csv
2609,3,2,1,1g.csv
2609,3,3,0,1h.csv
2609,1,1,0,1i.csv
2609,0,0,0,1j.csv
2609,0,0,0,1k.csv
2609,0,0,0,1l.csv
2609,0,0,0,1m.csv
2609,0,0,0,2a.csv
2609,0,0,0,2b.csv
2609,0,0,0,2c.csv
2609,0,0,0,2d.csv
2609,0,0,0,2e.csv
2609,1,1,0,2f.csv
2609,0,0,0,2g.csv
2609,0,0,0,2h.csv
2609,0,0,0,2i.csv
2609,1,1,0,2j.csv
2609,0,0,0,2k.csv
2609,0,0,0,2l.csv
2609,12,9,3,3a.csv
2609,2,0,2,3b.csv
2609,14,12,2,3c.csv
2609,14,12,2,3d.csv
2609,14,14,0,3e.csv
2609,2,2,0,3f.csv
2609,2,2,0,3g.csv
2610,2,2,0,1a.csv
2610,1,1,0,1b.csv
2610,4,4,0,1c.csv
2610,4,4,0,1e.csv
2610,1,1,0,1f.csv
2610,3,2,1,1g.csv
2610,3,3,0,1h.csv
2610,1,1,0,1i.csv
2610,0,0,0,1j.csv
2610,0,0,0,1k.csv
2610,0,0,0,1l.csv
2610,0,0,0,1m.csv
2610,0,0,0,2a.csv
2610,0,0,0,2b.csv
2610,0,0,0,2c.csv
2610,0,0,0,2d.csv
2610,0,0,0,2e.csv
2610,1,1,0,2f.csv
2610,0,0,0,2g.csv
2610,0,0,0,2h.csv
2610,0,0,0,2i.csv
2610,1,1,0,2j.csv
2610,0,0,0,2k.csv
2610,0,0,0,2l.csv
2610,10,7,3,3a.csv
2610,2,1,1,3b.csv
2610,14,12,2,3c.csv
2610,14,12,2,3d.csv
2610,14,14,0,3e.csv
2610,2,2,0,3f.csv
2610,1,1,0,3g.csv
2611,2,2,0,1a.csv
2611,1,1,0,1b.csv
2611,3,3,0,1c.csv
2611,4,4,0,1e.csv
2611,2,2,0,1f.csv
2611,3,2,1,1g.csv
2611,3,3,0,1h.csv
2611,1,1,0,1i.csv
2611,0,0,0,1j.csv
2611,0,0,0,1k.csv
2611,1,1,0,1l.csv
2611,0,0,0,1m.csv
2611,0,0,0,2a.csv
2611,0,0,0,2b.csv
2611,0,0,0,2c.csv
2611,0,0,0,2d.csv
2611,0,0,0,2e.csv
2611,1,0,1,2f.csv
2611,0,0,0,2g.csv
2611,0,0,0,2h.csv
2611,0,0,0,2i.csv
2611,1,1,0,2j.csv
2611,0,0,0,2k.csv
2611,0,0,0,2l.csv
2611,9,6,3,3a.csv
2611,4,3,1,3b.csv
2611,14,12,2,3c.csv
2611,14,12,2,3d.csv
2611,11,11,0,3e.csv
2611,1,1,0,3f.csv
2611,0,0,0,3g.csv
2612,1,1,0,1a.csv
2612,1,1,0,1b.csv
2612,3,3,0,1c.csv
2612,3,3,0,1e.csv
2612,3,3,0,1f.csv
2612,3,2,1,1g.csv
2612,3,3,0,1h.csv
2612,2,2,0,1i.csv
2612,0,0,0,1j.csv
2612,0,0,0,1k.csv
2612,1,1,0,1l.csv
2612,0,0,0,1m.csv
2612,0,0,0,2a.csv
2612,0,0,0,2b.csv
2612,0,0,0,2c.csv
2612,0,0,0,2d.csv
2612,0,0,0,2e.csv
2612,1,0,1,2f.csv
2612,0,0,0,2g.csv
2612,0,0,0,2h.csv
2612,1,1,0,2i.csv
2612,1,1,0,2j.csv
2612,0,0,0,2k.csv
2612,1,1,0,2l.csv
2612,10,7,3,3a.csv
2612,4,3,1,3b.csv
2612,11,10,1,3c.csv
2612,11,10,1,3d.csv
2612,10,10,0,3e.csv
2612,2,2,0,3f.csv
2612,0,0,0,3g.csv
2613,1,1,0,1a.csv
2613,1,1,0,1b.csv
2613,3,3,0,1c.csv
2613,2,2,0,1e.csv
2613,4,4,0,1f.csv
2613,2,2,0,1g.csv
2613,2,2,0,1h.csv
2613,2,2,0,1i.csv
2613,0,0,0,1j.csv
2613,0,0,0,1k.csv
2613,1,1,0,1l.csv
2613,0,0,0,1m.csv
2613,0,0,0,2a.csv
2613,0,0,0,2b.csv
2613,0,0,0,2c.csv
2613,0,0,0,2d.csv
2613,0,0,0,2e.csv
2613,1,0,1,2f.csv
2613,0,0,0,2g.csv
2613,0,0,0,2h.csv
2613,1,1,0,2i.csv
2613,0,0,0,2j.csv
2613,0,0,0,2k.csv
2613,2,2,0,2l.csv
2613,9,6,3,3a.csv
2613,5,4,1,3b.csv
2613,11,10,1,3c.csv
2613,11,10,1,3d.csv
2613,9,9,0,3e.csv
2613,2,2,0,3f.csv
2613,1,1,0,3g.csv
2614,1,1,0,1a.csv
2614,1,1,0,1b.csv
2614,3,3,0,1c.csv
2614,2,2,0,1e.csv
2614,4,4,0,1f.csv
2614,2,2,0,1g.csv
2614,1,1,0,1h.csv
2614,2,2,0,1i.csv
2614,0,0,0,1j.csv
2614,0,0,0,1k.csv
2614,1,1,0,1l.csv
2614,0,0,0,1m.csv
2614,0,0,0,2a.csv
2614,0,0,0,2b.csv
2614,0,0,0,2c.csv
2614,0,0,0,2d.csv
2614,0,0,0,2e.csv
2614,1,0,1,2f.csv
2614,0,0,0,2g.csv
2614,0,0,0,2h.csv
2614,1,1,0,2i.csv
2614,0,0,0,2j.csv
2614,0,0,0,2k.csv
2614,2,2,0,2l.csv
2614,7,6,1,3a.csv
2614,5,4,1,3b.csv
2614,10,9,1,3c.csv
2614,10,9,1,3d.csv
2614,7,7,0,3e.csv
2614,2,2,0,3f.csv
2614,1,1,0,3g.csv
2615,1,1,0,1a.csv
2615,0,0,0,1b.csv
2615,3,3,0,1c.csv
2615,1,1,0,1e.csv
2615,4,4,0,1f.csv
2615,0,0,0,1g.csv
2615,1,1,0,1h.csv
2615,2,2,0,1i.csv
2615,0,0,0,1j.csv
2615,0,0,0,1k.csv
2615,1,1,0,1l.csv
2615,0,0,0,1m.csv
2615,0,0,0,2a.csv
2615,0,0,0,2b.csv
2615,0,0,0,2c.csv
2615,0,0,0,2d.csv
2615,0,0,0,2e.csv
2615,1,0,1,2f.csv
2615,0,0,0,2g.csv
2615,0,0,0,2h.csv
2615,1,1,0,2i.csv
2615,0,0,0,2j.csv
2615,0,0,0,2k.csv
2615,2,2,0,2l.csv
2615,9,8,1,3a.csv
2615,5,5,0,3b.csv
2615,8,7,1,3c.csv
2615,8,7,1,3d.csv
2615,6,6,0,3e.csv
2615,2,2,0,3f.csv
2615,1,1,0,3g.csv
2616,2,2,0,1a.csv
2616,0,0,0,1b.csv
2616,3,3,0,1c.csv
2616,1,1,0,1e.csv
2616,4,4,0,1f.csv
2616,0,0,0,1g.csv
2616,1,1,0,1h.csv
2616,2,2,0,1i.csv
2616,0,0,0,1j.csv
2616,0,0,0,1k.csv
2616,1,1,0,1l.csv
2616,0,0,0,1m.csv
2616,0,0,0,2a.csv
2616,0,0,0,2b.csv
2616,0,0,0,2c.csv
2616,0,0,0,2d.csv
2616,0,0,0,2e.csv
2616,1,0,1,2f.csv
2616,0,0,0,2g.csv
2616,0,0,0,2h.csv
2616,1,1,0,2i.csv
2616,0,0,0,2j.csv
2616,0,0,0,2k.csv
2616,4,4,0,2l.csv
2616,9,8,1,3a.csv
2616,5,5,0,3b.csv
2616,11,10,1,3c.csv
2616,11,10,1,3d.csv
2616,4,4,0,3e.csv
2616,1,1,0,3f.csv
2616,1,1,0,3g.csv
2617,1,1,0,1a.csv
2617,0,0,0,1b.csv
2617,4,4,0,1c.csv
2617,1,1,0,1e.csv
2617,4,4,0,1f.csv
2617,0,0,0,1g.csv
2617,0,0,0,1h.csv
2617,1,1,0,1i.csv
2617,0,0,0,1j.csv
2617,0,0,0,1k.csv
2617,1,1,0,1l.csv
2617,0,0,0,1m.csv
2617,0,0,0,2a.csv
2617,1,1,0,2b.csv
2617,0,0,0,2c.csv
2617,0,0,0,2d.csv
2617,0,0,0,2e.csv
2617,1,0,1,2f.csv
2617,0,0,0,2g.csv
2617,0,0,0,2h.csv
2617,1,1,0,2i.csv
2617,0,0,0,2j.csv
2617,0,0,0,2k.csv
2617,4,4,0,2l.csv
2617,7,6,1,3a.csv
2617,5,5,0,3b.csv
2617,8,7,1,3c.csv
2617,8,7,1,3d.csv
2617,2,2,0,3e.csv
2617,1,1,0,3f.csv
2617,1,1,0,3g.csv
2618,1,1,0,1a.csv
2618,0,0,0,1b.csv
2618,1,1,0,1c.csv
2618,1,1,0,1e.csv
2618,4,4,0,1f.csv
2618,0,0,0,1g.csv
2618,0,0,0,1h.csv
2618,1,1,0,1i.csv
2618,0,0,0,1j.csv
2618,0,0,0,1k.csv
2618,1,1,0,1l.csv
2618,0,0,0,1m.csv
2618,0,0,0,2a.csv
2618,1,1,0,2b.csv
2618,0,0,0,2c.csv
2618,0,0,0,2d.csv
2618,0,0,0,2e.csv
2618,2,1,1,2f.csv
2618,0,0,0,2g.csv
2618,0,0,0,2h.csv
2618,1,1,0,2i.csv
2618,0,0,0,2j.csv
2618,0,0,0,2k.csv
2618,5,5,0,2l.csv
2618,7,6,1,3a.csv
2618,4,4,0,3b.csv
2618,9,7,2,3c.csv
2618,9,7,2,3d.csv
2618,1,1,0,3e.csv
2618,1,1,0,3f.csv
2618,1,1,0,3g.csv
2619,1,1,0,1a.csv
2619,0,0,0,1b.csv
2619,1,1,0,1c.csv
2619,1,1,0,1e.csv
2619,3,3,0,1f.csv
2619,0,0,0,1g.csv
2619,0,0,0,1h.csv
2619,1,1,0,1i.csv
2619,0,0,0,1j.csv
2619,0,0,0,1k.csv
2619,0,0,0,1l.csv
2619,0,0,0,1m.csv
2619,0,0,0,2a.csv
2619,1,1,0,2b.csv
2619,0,0,0,2c.csv
2619,0,0,0,2d.csv
2619,0,0,0,2e.csv
2619,1,1,0,2f.csv
2619,0,0,0,2g.csv
2619,0,0,0,2h.csv
2619,1,1,0,2i.csv
2619,0,0,0,2j.csv
2619,0,0,0,2k.csv
2619,8,7,1,2l.csv
2619,7,6,1,3a.csv
2619,4,3,1,3b.csv
2619,10,7,3,3c.csv
2619,10,7,3,3d.csv
2619,1,1,0,3e.csv
2619,1,1,0,3f.csv
2619,1,1,0,3g.csv
2620,1,1,0,1a.csv
2620,3,2,1,1b.csv
2620,1,1,0,1c.csv
2620,0,0,0,1e.csv
2620,3,3,0,1f.csv
2620,0,0,0,1g.csv
2620,0,0,0,1h.csv
2620,0,0,0,1i.csv
2620,0,0,0,1j.csv
2620,0,0,0,1k.csv
2620,0,0,0,1l.csv
2620,0,0,0,1m.csv
2620,1,1,0,2a.csv
2620,1,1,0,2b.csv
2620,0,0,0,2c.csv
2620,0,0,0,2d.csv
2620,0,0,0,2e.csv
2620,1,1,0,2f.csv
2620,0,0,0,2g.csv
2620,0,0,0,2h.csv
2620,0,0,0,2i.csv
2620,0,0,0,2j.csv
2620,0,0,0,2k.csv
2620,8,7,1,2l.csv
2620,5,5,0,3a.csv
2620,4,3,1,3b.csv
2620,12,9,3,3c.csv
2620,12,9,3,3d.csv
2620,1,1,0,3e.csv
2620,0,0,0,3f.csv
2620,1,1,0,3g.csv
2621,1,1,0,1a.csv
2621,3,2,1,1b.csv
2621,1,1,0,1c.csv
2621,0,0,0,1e.csv
2621,3,3,0,1f.csv
2621,0,0,0,1g.csv
2621,0,0,0,1h.csv
2621,0,0,0,1i.csv
2621,0,0,0,1j.csv
2621,0,0,0,1k.csv
2621,0,0,0,1l.csv
2621,1,1,0,1m.csv
2621,1,1,0,2a.csv
2621,1,1,0,2b.csv
2621,0,0,0,2c.csv
2621,0,0,0,2d.csv
2621,0,0,0,2e.csv
2621,1,1,0,2f.csv
2621,0,0,0,2g.csv
2621,0,0,0,2h.csv
2621,0,0,0,2i.csv
2621,0,0,0,2j.csv
2621,0,0,0,2k.csv
2621,7,6,1,2l.csv
2621,7,6,1,3a.csv
2621,5,3,2,3b.csv
2621,12,9,3,3c.csv
2621,12,9,3,3d.csv
2621,1,0,1,3e.csv
2621,1,1,0,3f.csv
2621,0,0,0,3g.csv
2622,1,1,0,1a.csv
2622,3,2,1,1b.csv
2622,1,1,0,1c.csv
2622,1,0,1,1e.csv
2622,3,3,0,1f.csv
2622,0,0,0,1g.csv
2622,0,0,0,1h.csv
2622,0,0,0,1i.csv
2622,0,0,0,1j.csv
2622,0,0,0,1k.csv
2622,0,0,0,1l.csv
2622,1,1,0,1m.csv
2622,1,1,0,2a.csv
2622,1,1,0,2b.csv
2622,0,0,0,2c.csv
2622,0,0,0,2d.csv
2622,0,0,0,2e.csv
2622,1,1,0,2f.csv
2622,0,0,0,2g.csv
2622,0,0,0,2h.csv
2622,0,0,0,2i.csv
2622,0,0,0,2j.csv
2622,0,0,0,2k.csv
2622,8,7,1,2l.csv
2622,7,6,1,3a.csv
2622,6,4,2,3b.csv
2622,12,9,3,3c.csv
2622,12,9,3,3d.csv
2622,1,0,1,3e.csv
2622,2,2,0,3f.csv
2622,0,0,0,3g.csv
2623,2,2,0,1a.csv
2623,3,2,1,1b.csv
2623,1,1,0,1c.csv
2623,1,0,1,1e.csv
2623,3,3,0,1f.csv
2623,0,0,0,1g.csv
2623,0,0,0,1h.csv
2623,0,0,0,1i.csv
2623,0,0,0,1j.csv
2623,0,0,0,1k.csv
2623,0,0,0,1l.csv
2623,1,1,0,1m.csv
2623,1,1,0,2a.csv
2623,1,1,0,2b.csv
2623,0,0,0,2c.csv
2623,0,0,0,2d.csv
2623,0,0,0,2e.csv
2623,1,1,0,2f.csv
2623,0,0,0,2g.csv
2623,0,0,0,2h.csv
2623,0,0,0,2i.csv
2623,0,0,0,2j.csv
2623,0,0,0,2k.csv
2623,8,7,1,2l.csv
2623,5,4,1,3a.csv
2623,5,3,2,3b.csv
2623,11,8,3,3c.csv
2623,11,8,3,3d.csv
2623,2,1,1,3e.csv
2623,2,2,0,3f.csv
2623,2,2,0,3g.csv
2624,3,3,0,1a.csv
2624,3,2,1,1b.csv
2624,1,1,0,1c.csv
2624,1,0,1,1e.csv
2624,3,3,0,1f.csv
2624,1,1,0,1g.csv
2624,0,0,0,1h.csv
2624,1,1,0,1i.csv
2624,0,0,0,1j.csv
2624,0,0,0,1k.csv
2624,0,0,0,1l.csv
2624,1,1,0,1m.csv
2624,1,1,0,2a.csv
2624,1,1,0,2b.csv
2624,0,0,0,2c.csv
2624,0,0,0,2d.csv
2624,0,0,0,2e.csv
2624,1,1,0,2f.csv
2624,0,0,0,2g.csv
2624,1,1,0,2h.csv
2624,0,0,0,2i.csv
2624,0,0,0,2j.csv
2624,0,0,0,2k.csv
2624,7,6,1,2l.csv
2624,5,4,1,3a.csv
2624,5,3,2,3b.csv
2624,8,5,3,3c.csv
2624,8,5,3,3d.csv
2624,3,2,1,3e.csv
2624,2,2,0,3f.csv
2624,2,2,0,3g.csv
2625,3,3,0,1a.csv
2625,3,2,1,1b.csv
2625,0,0,0,1c.csv
2625,1,0,1,1e.csv
2625,3,3,0,1f.csv
2625,1,1,0,1g.csv
2625,1,1,0,1h.csv
2625,1,1,0,1i.csv
2625,0,0,0,1j.csv
2625,0,0,0,1k.csv
2625,0,0,0,1l.csv
2625,1,1,0,1m.csv
2625,1,1,0,2a.csv
2625,0,0,0,2b.csv
2625,0,0,0,2c.csv
2625,1,1,0,2d.csv
2625,0,0,0,2e.csv
2625,1,1,0,2f.csv
2625,0,0,0,2g.csv
2625,1,1,0,2h.csv
2625,0,0,0,2i.csv
2625,1,0,1,2j.csv
2625,0,0,0,2k.csv
2625,8,7,1,2l.csv
2625,6,5,1,3a.csv
2625,5,3,2,3b.csv
2625,7,5,2,3c.csv
2625,7,5,2,3d.csv
2625,4,3,1,3e.csv
2625,2,2,0,3f.csv
2625,2,2,0,3g.csv
2626,4,4,0,1a.csv
2626,5,4,1,1b.csv
2626,0,0,0,1c.csv
2626,1,0,1,1e.csv
2626,3,3,0,1f.csv
2626,1,1,0,1g.csv
2626,1,1,0,1h.csv
2626,1,1,0,1i.csv
2626,0,0,0,1j.csv
2626,0,0,0,1k.csv
2626,0,0,0,1l.csv
2626,1,1,0,1m.csv
2626,1,1,0,2a.csv
2626,0,0,0,2b.csv
2626,1,1,0,2c.csv
2626,1,1,0,2d.csv
2626,0,0,0,2e.csv
2626,0,0,0,2f.csv
2626,0,0,0,2g.csv
2626,1,1,0,2h.csv
2626,0,0,0,2i.csv
2626,1,0,1,2j.csv
2626,0,0,0,2k.csv
2626,7,6,1,2l.csv
2626,7,6,1,3a.csv
2626,6,3,3,3b.csv
2626,6,5,1,3c.csv
2626,6,5,1,3d.csv
2626,4,3,1,3e.csv
2626,2,2,0,3f.csv
2626,4,4,0,3g.csv
2627,6,5,1,1a.csv
2627,6,5,1,1b.csv
2627,0,0,0,1c.csv
2627,1,0,1,1e.csv
2627,3,3,0,1f.csv
2627,1,1,0,1g.csv
2627,2,1,1,1h.csv
2627,1,1,0,1i.csv
2627,0,0,0,1j.csv
2627,0,0,0,1k.csv
2627,0,0,0,1l.csv
2627,1,1,0,1m.csv
2627,1,1,0,2a.csv
2627,0,0,0,2b.csv
2627,2,1,1,2c.csv
2627,1,1,0,2d.csv
2627,0,0,0,2e.csv
2627,0,0,0,2f.csv
2627,0,0,0,2g.csv
2627,1,1,0,2h.csv
2627,0,0,0,2i.csv
2627,2,1,1,2j.csv
2627,0,0,0,2k.csv
2627,7,6,1,2l.csv
2627,8,7,1,3a.csv
2627,5,3,2,3b.csv
2627,4,4,0,3c.csv
2627,4,4,0,3d.csv
2627,4,3,1,3e.csv
2627,2,2,0,3f.csv
2627,4,4,0,3g.csv
2628,6,5,1,1a.csv
2628,3,3,0,1b.csv
2628,1,1,0,1c.csv
2628,2,1,1,1e.csv
2628,2,2,0,1f.csv
2628,1,1,0,1g.csv
2628,2,1,1,1h.csv
2628,1,1,0,1i.csv
2628,0,0,0,1j.csv
2628,1,1,0,1k.csv
2628,0,0,0,1l.csv
2628,1,1,0,1m.csv
2628,0,0,0,2a.csv
2628,0,0,0,2b.csv
2628,2,1,1,2c.csv
2628,1,1,0,2d.csv
2628,0,0,0,2e.csv
2628,0,0,0,2f.csv
2628,0,0,0,2g.csv
2628,1,1,0,2h.csv
2628,0,0,0,2i.csv
2628,2,1,1,2j.csv
2628,0,0,0,2k.csv
2628,7,6,1,2l.csv
2628,10,8,2,3a.csv
2628,5,3,2,3b.csv
2628,2,2,0,3c.csv
2628,2,2,0,3d.csv
2628,5,4,1,3e.csv
2628,2,2,0,3f.csv
2628,4,4,0,3g.csv
2629,6,5,1,1a.csv
2629,3,3,0,1b.csv
2629,1,1,0,1c.csv
2629,2,1,1,1e.csv
2629,1,1,0,1f.csv
2629,1,1,0,1g.csv
2629,2,1,1,1h.csv
2629,1,1,0,1i.csv
2629,0,0,0,1j.csv
2629,1,1,0,1k.csv
2629,0,0,0,1l.csv
2629,0,0,0,1m.csv
2629,0,0,0,2a.csv
2629,0,0,0,2b.csv
2629,2,1,1,2c.csv
2629,1,1,0,2d.csv
2629,0,0,0,2e.csv
2629,0,0,0,2f.csv
2629,0,0,0,2g.csv
2629,1,1,0,2h.csv
2629,0,0,0,2i.csv
2629,2,1,1,2j.csv
2629,0,0,0,2k.csv
2629,9,8,1,2l.csv
2629,8,7,1,3a.csv
2629,5,4,1,3b.csv
2629,2,2,0,3c.csv
2629,2,2,0,3d.csv
2629,5,5,0,3e.csv
2629,1,1,0,3f.csv
2629,4,4,0,3g.csv
2630,7,6,1,1a.csv
2630,4,4,0,1b.csv
2630,1,1,0,1c.csv
2630,1,1,0,1e.csv
2630,1,1,0,1f.csv
2630,2,2,0,1g.csv
2630,2,1,1,1h.csv
2630,1,1,0,1i.csv
2630,0,0,0,1j.csv
2630,1,1,0,1k.csv
2630,0,0,0,1l.csv
2630,0,0,0,1m.csv
2630,0,0,0,2a.csv
2630,0,0,0,2b.csv
2630,2,1,1,2c.csv
2630,1,1,0,2d.csv
2630,0,0,0,2e.csv
2630,0,0,0,2f.csv
2630,0,0,0,2g.csv
2630,1,1,0,2h.csv
2630,0,0,0,2i.csv
2630,2,1,1,2j.csv
2630,0,0,0,2k.csv
2630,8,7,1,2l.csv
2630,7,6,1,3a.csv
2630,4,3,1,3b.csv
2630,3,3,0,3c.csv
2630,3,3,0,3d.csv
2630,6,6,0,3e.csv
2630,1,1,0,3f.csv
2630,4,4,0,3g.csv
2631,7,6,1,1a.csv
2631,4,4,0,1b.csv
2631,1,1,0,1c.csv
2631,1,1,0,1e.csv
2631,0,0,0,1f.csv
2631,2,2,0,1g.csv
2631,2,1,1,1h.csv
2631,1,1,0,1i.csv
2631,0,0,0,1j.csv
2631,1,1,0,1k.csv
2631,0,0,0,1l.csv
2631,0,0,0,1m.csv
2631,0,0,0,2a.csv
2631,0,0,0,2b.csv
2631,2,1,1,2c.csv
2631,1,1,0,2d.csv
2631,0,0,0,2e.csv
2631,0,0,0,2f.csv
2631,0,0,0,2g.csv
2631,1,1,0,2h.csv
2631,0,0,0,2i.csv
2631,2,1,1,2j.csv
2631,0,0,0,2k.csv
2631,9,8,1,2l.csv
2631,7,6,1,3a.csv
2631,4,3,1,3b.csv
2631,4,4,0,3c.csv
2631,4,4,0,3d.csv
2631,5,5,0,3e.csv
2631,1,1,0,3f.csv
2631,2,2,0,3g.csv
2632,7,5,2,1a.csv
2632,5,5,0,1b.csv
2632,2,2,0,1c.csv
2632,1,1,0,1e.csv
2632,0,0,0,1f.csv
2632,2,2,0,1g.csv
2632,2,1,1,1h.csv
2632,0,0,0,1i.csv
2632,0,0,0,1j.csv
2632,1,1,0,1k.csv
2632,0,0,0,1l.csv
2632,1,1,0,1m.csv
2632,0,0,0,2a.csv
2632,0,0,0,2b.csv
2632,2,1,1,2c.csv
2632,2,2,0,2d.csv
2632,0,0,0,2e.csv
2632,0,0,0,2f.csv
2632,0,0,0,2g.csv
2632,0,0,0,2h.csv
2632,0,0,0,2i.csv
2632,3,2,1,2j.csv
2632,0,0,0,2k.csv
2632,9,8,1,2l.csv
2632,8,6,2,3a.csv
2632,4,3,1,3b.csv
2632,4,4,0,3c.csv
2632,4,4,0,3d.csv
2632,4,4,0,3e.csv
2632,1,1,0,3f.csv
2632,2,2,0,3g.csv
2633,9,7,2,1a.csv
2633,7,7,0,1b.csv
2633,2,2,0,1c.csv
2633,1,1,0,1e.csv
2633,0,0,0,1f.csv
2633,2,2,0,1g.csv
2633,1,0,1,1h.csv
2633,0,0,0,1i.csv
2633,0,0,0,1j.csv
2633,1,1,0,1k.csv
2633,0,0,0,1l.csv
2633,1,1,0,1m.csv
2633,0,0,0,2a.csv
2633,0,0,0,2b.csv
2633,2,1,1,2c.csv
2633,1,1,0,2d.csv
2633,0,0,0,2e.csv
2633,0,0,0,2f.csv
2633,0,0,0,2g.csv
2633,0,0,0,2h.csv
2633,0,0,0,2i.csv
2633,4,4,0,2j.csv
2633,0,0,0,2k.csv
2633,8,7,1,2l.csv
2633,7,5,2,3a.csv
2633,5,4,1,3b.csv
2633,4,4,0,3c.csv
2633,4,4,0,3d.csv
2633,4,4,0,3e.csv
2633,1,1,0,3f.csv
2633,3,3,0,3g.csv
2634,8,6,2,1a.csv
2634,6,6,0,1b.csv
2634,2,2,0,1c.csv
2634,1,1,0,1e.csv
2634,1,1,0,1f.csv
2634,2,2,0,1g.csv
2634,2,1,1,1h.csv
2634,0,0,0,1i.csv
2634,0,0,0,1j.csv
2634,1,1,0,1k.csv
2634,0,0,0,1l.csv
2634,1,1,0,1m.csv
2634,0,0,0,2a.csv
2634,0,0,0,2b.csv
2634,1,0,1,2c.csv
2634,1,1,0,2d.csv
2634,0,0,0,2e.csv
2634,0,0,0,2f.csv
2634,0,0,0,2g.csv
2634,0,0,0,2h.csv
2634,0,0,0,2i.csv
2634,6,6,0,2j.csv
2634,0,0,0,2k.csv
2634,9,8,1,2l.csv
2634,7,5,2,3a.csv
2634,5,5,0,3b.csv
2634,7,6,1,3c.csv
2634,7,6,1,3d.csv
2634,5,5,0,3e.csv
2634,1,1,0,3f.csv
2634,1,1,0,3g.csv
2635,7,6,1,1a.csv
2635,5,5,0,1b.csv
2635,2,2,0,1c.csv
2635,1,1,0,1e.csv
2635,1,1,0,1f.csv
2635,3,3,0,1g.csv
2635,1,1,0,1h.csv
2635,0,0,0,1i.csv
2635,0,0,0,1j.csv
2635,1,1,0,1k.csv
2635,0,0,0,1l.csv
2635,1,1,0,1m.csv
2635,0,0,0,2a.csv
2635,0,0,0,2b.csv
2635,1,1,0,2c.csv
2635,1,1,0,2d.csv
2635,0,0,0,2e.csv
2635,0,0,0,2f.csv
2635,0,0,0,2g.csv
2635,0,0,0,2h.csv
2635,0,0,0,2i.csv
2635,5,5,0,2j.csv
2635,0,0,0,2k.csv
2635,7,7,0,2l.csv
2635,8,6,2,3a.csv
2635,4,4,0,3b.csv
2635,7,6,1,3c.csv
2635,7,6,1,3d.csv
2635,5,5,0,3e.csv
2635,1,1,0,3f.csv
2635,1,1,0,3g.csv
2636,7,6,1,1a.csv
2636,5,5,0,1b.csv
2636,1,1,0,1c.csv
2636,0,0,0,1e.csv
2636,1,1,0,1f.csv
2636,4,4,0,1g.csv
2636,1,1,0,1h.csv
2636,0,0,0,1i.csv
2636,0,0,0,1j.csv
2636,0,0,0,1k.csv
2636,0,0,0,1l.csv
2636,1,1,0,1m.csv
2636,0,0,0,2a.csv
2636,0,0,0,2b.csv
2636,1,1,0,2c.csv
2636,1,1,0,2d.csv
2636,0,0,0,2e.csv
2636,0,0,0,2f.csv
2636,0,0,0,2g.csv
2636,0,0,0,2h.csv
2636,0,0,0,2i.csv
2636,5,5,0,2j.csv
2636,0,0,0,2k.csv
2636,8,7,1,2l.csv
2636,5,4,1,3a.csv
2636,4,4,0,3b.csv
2636,9,8,1,3c.csv
2636,9,8,1,3d.csv
2636,4,4,0,3e.csv
2636,2,2,0,3f.csv
2636,1,1,0,3g.csv
2637,7,6,1,1a.csv
2637,5,5,0,1b.csv
2637,1,1,0,1c.csv
2637,0,0,0,1e.csv
2637,1,1,0,1f.csv
2637,4,4,0,1g.csv
2637,1,1,0,1h.csv
2637,0,0,0,1i.csv
2637,0,0,0,1j.csv
2637,0,0,0,1k.csv
2637,0,0,0,1l.csv
2637,1,1,0,1m.csv
2637,0,0,0,2a.csv
2637,0,0,0,2b.csv
2637,1,1,0,2c.csv
2637,1,1,0,2d.csv
2637,0,0,0,2e.csv
2637,0,0,0,2f.csv
2637,0,0,0,2g.csv
2637,0,0,0,2h.csv
2637,0,0,0,2i.csv
2637,5,5,0,2j.csv
2637,0,0,0,2k.csv
2637,6,5,1,2l.csv
2637,5,4,1,3a.csv
2637,3,3,0,3b.csv
2637,8,7,1,3c.csv
2637,8,7,1,3d.csv
2637,3,3,0,3e.csv
2637,2,2,0,3f.csv
2637,1,1,0,3g.csv
2638,6,5,1,1a.csv
2638,5,5,0,1b.csv
2638,1,1,0,1c.csv
2638,0,0,0,1e.csv
2638,1,1,0,1f.csv
2638,3,3,0,1g.csv
2638,1,1,0,1h.csv
2638,0,0,0,1i.csv
2638,0,0,0,1j.csv
2638,0,0,0,1k.csv
2638,0,0,0,1l.csv
2638,1,1,0,1m.csv
2638,0,0,0,2a.csv
2638,0,0,0,2b.csv
2638,2,1,1,2c.csv
2638,1,1,0,2d.csv
2638,0,0,0,2e.csv
2638,0,0,0,2f.csv
2638,0,0,0,2g.csv
2638,0,0,0,2h.csv
2638,0,0,0,2i.csv
2638,5,5,0,2j.csv
2638,0,0,0,2k.csv
2638,8,7,1,2l.csv
2638,6,5,1,3a.csv
2638,3,3,0,3b.csv
2638,8,7,1,3c.csv
2638,8,7,1,3d.csv
2638,2,2,0,3e.csv
2638,2,1,1,3f.csv
2638,1,1,0,3g.csv
2639,5,4,1,1a.csv
2639,5,5,0,1b.csv
2639,1,1,0,1c.csv
2639,1,1,0,1e.csv
2639,1,1,0,1f.csv
2639,3,3,0,1g.csv
2639,1,1,0,1h.csv
2639,0,0,0,1i.csv
2639,0,0,0,1j.csv
2639,0,0,0,1k.csv
2639,0,0,0,1l.csv
2639,1,1,0,1m.csv
2639,0,0,0,2a.csv
2639,0,0,0,2b.csv
2639,2,1,1,2c.csv
2639,1,1,0,2d.csv
2639,0,0,0,2e.csv
2639,0,0,0,2f.csv
2639,0,0,0,2g.csv
2639,0,0,0,2h.csv
2639,0,0,0,2i.csv
2639,6,6,0,2j.csv
2639,0,0,0,2k.csv
2639,8,7,1,2l.csv
2639,7,6,1,3a.csv
2639,3,3,0,3b.csv
2639,7,6,1,3c.csv
2639,7,6,1,3d.csv
2639,3,3,0,3e.csv
2639,2,1,1,3f.csv
2639,1,1,0,3g.csv
2640,4,4,0,1a.csv
2640,5,5,0,1b.csv
2640,0,0,0,1c.csv
2640,1,1,0,1e.csv
2640,1,1,0,1f.csv
2640,2,2,0,1g.csv
2640,1,1,0,1h.csv
2640,0,0,0,1i.csv
2640,0,0,0,1j.csv
2640,0,0,0,1k.csv
2640,0,0,0,1l.csv
2640,0,0,0,1m.csv
2640,0,0,0,2a.csv
2640,0,0,0,2b.csv
2640,2,1,1,2c.csv
2640,0,0,0,2d.csv
2640,0,0,0,2e.csv
2640,0,0,0,2f.csv
2640,0,0,0,2g.csv
2640,0,0,0,2h.csv
2640,0,0,0,2i.csv
2640,5,5,0,2j.csv
2640,0,0,0,2k.csv
2640,12,10,2,2l.csv
2640,6,6,0,3a.csv
2640,3,3,0,3b.csv
2640,7,6,1,3c.csv
2640,7,6,1,3d.csv
2640,4,4,0,3e.csv
2640,2,1,1,3f.csv
2640,1,1,0,3g.csv
2641,2,2,0,1a.csv
2641,4,4,0,1b.csv
2641,0,0,0,1c.csv
2641,1,1,0,1e.csv
2641,2,2,0,1f.csv
2641,4,4,0,1g.csv
2641,1,1,0,1h.csv
2641,0,0,0,1i.csv
2641,0,0,0,1j.csv
2641,0,0,0,1k.csv
2641,0,0,0,1l.csv
2641,0,0,0,1m.csv
2641,0,0,0,2a.csv
2641,0,0,0,2b.csv
2641,2,1,1,2c.csv
2641,0,0,0,2d.csv
2641,0,0,0,2e.csv
2641,0,0,0,2f.csv
2641,0,0,0,2g.csv
2641,0,0,0,2h.csv
2641,0,0,0,2i.csv
2641,3,3,0,2j.csv
2641,0,0,0,2k.csv
2641,15,12,3,2l.csv
2641,7,7,0,3a.csv
2641,3,2,1,3b.csv
2641,7,6,1,3c.csv
2641,7,6,1,3d.csv
2641,3,3,0,3e.csv
2641,2,1,1,3f.csv
2641,0,0,0,3g.csv
2642,3,3,0,1a.csv
2642,3,3,0,1b.csv
2642,0,0,0,1c.csv
2642,2,1,1,1e.csv
2642,1,1,0,1f.csv
2642,4,4,0,1g.csv
2642,0,0,0,1h.csv
2642,0,0,0,1i.csv
2642,0,0,0,1j.csv
2642,0,0,0,1k.csv
2642,0,0,0,1l.csv
2642,1,0,1,1m.csv
2642,0,0,0,2a.csv
2642,0,0,0,2b.csv
2642,3,2,1,2c.csv
2642,0,0,0,2d.csv
2642,0,0,0,2e.csv
2642,0,0,0,2f.csv
2642,0,0,0,2g.csv
2642,0,0,0,2h.csv
2642,0,0,0,2i.csv
2642,1,1,0,2j.csv
2642,0,0,0,2k.csv
2642,16,12,4,2l.csv
2642,9,8,1,3a.csv
2642,3,2,1,3b.csv
2642,4,4,0,3c.csv
2642,4,4,0,3d.csv
2642,2,2,0,3e.csv
2642,2,1,1,3f.csv
2642,0,0,0,3g.csv
2643,3,3,0,1a.csv
2643,3,3,0,1b.csv
2643,0,0,0,1c.csv
2643,2,1,1,1e.csv
2643,1,1,0,1f.csv
2643,3,3,0,1g.csv
2643,1,1,0,1h.csv
2643,0,0,0,1i.csv
2643,0,0,0,1j.csv
2643,0,0,0,1k.csv
2643,0,0,0,1l.csv
2643,1,0,1,1m.csv
2643,0,0,0,2a.csv
2643,0,0,0,2b.csv
2643,2,1,1,2c.csv
2643,0,0,0,2d.csv
2643,0,0,0,2e.csv
2643,0,0,0,2f.csv
2643,0,0,0,2g.csv
2643,0,0,0,2h.csv
2643,0,0,0,2i.csv
2643,1,1,0,2j.csv
2643,0,0,0,2k.csv
2643,15,11,4,2l.csv
2643,8,7,1,3a.csv
2643,3,2,1,3b.csv
2643,4,4,0,3c.csv
2643,4,4,0,3d.csv
2643,2,2,0,3e.csv
2643,3,2,1,3f.csv
2643,0,0,0,3g.csv
2644,4,4,0,1a.csv
2644,4,4,0,1b.csv
2644,0,0,0,1c.csv
2644,3,2,1,1e.csv
2644,1,1,0,1f.csv
2644,2,2,0,1g.csv
2644,1,1,0,1h.csv
2644,0,0,0,1i.csv
2644,0,0,0,1j.csv
2644,0,0,0,1k.csv
2644,0,0,0,1l.csv
2644,2,1,1,1m.csv
2644,0,0,0,2a.csv
2644,0,0,0,2b.csv
2644,2,1,1,2c.csv
2644,0,0,0,2d.csv
2644,0,0,0,2e.csv
2644,0,0,0,2f.csv
2644,0,0,0,2g.csv
2644,0,0,0,2h.csv
2644,0,0,0,2i.csv
2644,1,1,0,2j.csv
2644,0,0,0,2k.csv
2644,14,11,3,2l.csv
2644,9,8,1,3a.csv
2644,4,3,1,3b.csv
2644,3,3,0,3c.csv
2644,3,3,0,3d.csv
2644,3,3,0,3e.csv
2644,2,1,1,3f.csv
2644,0,0,0,3g.csv
2645,6,6,0,1a.csv
2645,7,7,0,1b.csv
2645,0,0,0,1c.csv
2645,3,2,1,1e.csv
2645,1,1,0,1f.csv
2645,2,2,0,1g.csv
2645,1,1,0,1h.csv
2645,0,0,0,1i.csv
2645,0,0,0,1j.csv
2645,0,0,0,1k.csv
2645,0,0,0,1l.csv
2645,3,2,1,1m.csv
2645,0,0,0,2a.csv
2645,0,0,0,2b.csv
2645,2,1,1,2c.csv
2645,0,0,0,2d.csv
2645,0,0,0,2e.csv
2645,0,0,0,2f.csv
2645,0,0,0,2g.csv
2645,0,0,0,2h.csv
2645,0,0,0,2i.csv
2645,1,1,0,2j.csv
2645,0,0,0,2k.csv
2645,16,13,3,2l.csv
2645,10,9,1,3a.csv
2645,3,2,1,3b.csv
2645,3,3,0,3c.csv
2645,3,3,0,3d.csv
2645,3,3,0,3e.csv
2645,3,2,1,3f.csv
2645,0,0,0,3g.csv
2646,7,7,0,1a.csv
2646,7,7,0,1b.csv
2646,0,0,0,1c.csv
2646,3,2,1,1e.csv
2646,2,2,0,1f.csv
2646,2,2,0,1g.csv
2646,1,1,0,1h.csv
2646,0,0,0,1i.csv
2646,0,0,0,1j.csv
2646,0,0,0,1k.csv
2646,1,0,1,1l.csv
2646,3,2,1,1m.csv
2646,0,0,0,2a.csv
2646,0,0,0,2b.csv
2646,1,1,0,2c.csv
2646,0,0,0,2d.csv
2646,0,0,0,2e.csv
2646,0,0,0,2f.csv
2646,0,0,0,2g.csv
2646,0,0,0,2h.csv
2646,1,1,0,2i.csv
2646,1,1,0,2j.csv
2646,0,0,0,2k.csv
2646,14,11,3,2l.csv
2646,9,8,1,3a.csv
2646,4,3,1,3b.csv
2646,1,1,0,3c.csv
2646,1,1,0,3d.csv
2646,3,3,0,3e.csv
2646,3,3,0,3f.csv
2646,0,0,0,3g.csv
2647,9,9,0,1a.csv
2647,7,7,0,1b.csv
2647,0,0,0,1c.csv
2647,2,1,1,1e.csv
2647,2,2,0,1f.csv
2647,3,3,0,1g.csv
2647,1,1,0,1h.csv
2647,0,0,0,1i.csv
2647,0,0,0,1j.csv
2647,0,0,0,1k.csv
2647,1,0,1,1l.csv
2647,3,2,1,1m.csv
2647,0,0,0,2a.csv
2647,0,0,0,2b.csv
2647,1,1,0,2c.csv
2647,0,0,0,2d.csv
2647,0,0,0,2e.csv
2647,0,0,0,2f.csv
2647,0,0,0,2g.csv
2647,0,0,0,2h.csv
2647,1,1,0,2i.csv
2647,1,1,0,2j.csv
2647,0,0,0,2k.csv
2647,14,11,3,2l.csv
2647,7,6,1,3a.csv
2647,5,4,1,3b.csv
2647,1,1,0,3c.csv
2647,1,1,0,3d.csv
2647,3,3,0,3e.csv
2647,3,3,0,3f.csv
2647,0,0,0,3g.csv
2648,9,8,1,1a.csv
2648,7,7,0,1b.csv
2648,0,0,0,1c.csv
2648,2,1,1,1e.csv
2648,2,2,0,1f.csv
2648,3,3,0,1g.csv
2648,1,1,0,1h.csv
2648,0,0,0,1i.csv
2648,0,0,0,1j.csv
2648,0,0,0,1k.csv
2648,1,0,1,1l.csv
2648,3,2,1,1m.csv
2648,0,0,0,2a.csv
2648,0,0,0,2b.csv
2648,2,2,0,2c.csv
2648,0,0,0,2d.csv
2648,0,0,0,2e.csv
2648,0,0,0,2f.csv
2648,0,0,0,2g.csv
2648,0,0,0,2h.csv
2648,1,1,0,2i.csv
2648,1,1,0,2j.csv
2648,0,0,0,2k.csv
2648,9,7,2,2l.csv
2648,9,7,2,3a.csv
2648,5,4,1,3b.csv
2648,1,1,0,3c.csv
2648,1,1,0,3d.csv
2648,2,2,0,3e.csv
2648,3,3,0,3f.csv
2648,0,0,0,3g.csv
2649,10,9,1,1a.csv
2649,6,6,0,1b.csv
2649,0,0,0,1c.csv
2649,2,1,1,1e.csv
2649,1,1,0,1f.csv
2649,1,1,0,1g.csv
2649,1,1,0,1h.csv
2649,0,0,0,1i.csv
2649,0,0,0,1j.csv
2649,0,0,0,1k.csv
2649,1,0,1,1l.csv
2649,3,2,1,1m.csv
2649,0,0,0,2a.csv
2649,0,0,0,2b.csv
2649,3,3,0,2c.csv
2649,0,0,0,2d.csv
2649,0,0,0,2e.csv
2649,0,0,0,2f.csv
2649,0,0,0,2g.csv
2649,0,0,0,2h.csv
2649,1,1,0,2i.csv
2649,1,1,0,2j.csv
2649,0,0,0,2k.csv
2649,6,5,1,2l.csv
2649,9,7,2,3a.csv
2649,4,4,0,3b.csv
2649,1,1,0,3c.csv
2649,1,1,0,3d.csv
2649,3,3,0,3e.csv
2649,3,3,0,3f.csv
2649,0,0,0,3g.csv
2650,12,11,1,1a.csv
2650,6,6,0,1b.csv
2650,0,0,0,1c.csv
2650,1,1,0,1e.csv
2650,1,1,0,1f.csv
2650,1,1,0,1g.csv
2650,1,1,0,1h.csv
2650,0,0,0,1i.csv
2650,0,0,0,1j.csv
2650,0,0,0,1k.csv
2650,1,0,1,1l.csv
2650,2,2,0,1m.csv
2650,1,1,0,2a.csv
2650,0,0,0,2b.csv
2650,3,2,1,2c.csv
2650,0,0,0,2d.csv
2650,0,0,0,2e.csv
2650,0,0,0,2f.csv
2650,0,0,0,2g.csv
2650,0,0,0,2h.csv
2650,1,1,0,2i.csv
2650,1,1,0,2j.csv
2650,0,0,0,2k.csv
2650,5,5,0,2l.csv
2650,7,6,1,3a.csv
2650,4,4,0,3b.csv
2650,1,1,0,3c.csv
2650,1,1,0,3d.csv
2650,4,4,0,3e.csv
2650,4,4,0,3f.csv
2650,1,1,0,3g.csv
2651,11,10,1,1a.csv
2651,6,6,0,1b.csv
2651,0,0,0,1c.csv
2651,1,1,0,1e.csv
2651,1,1,0,1f.csv
2651,1,1,0,1g.csv
2651,0,0,0,1h.csv
2651,0,0,0,1i.csv
2651,0,0,0,1j.csv
2651,0,0,0,1k.csv
2651,1,0,1,1l.csv
2651,2,2,0,1m.csv
2651,1,1,0,2a.csv
2651,0,0,0,2b.csv
2651,3,2,1,2c.csv
2651,0,0,0,2d.csv
2651,0,0,0,2e.csv
2651,0,0,0,2f.csv
2651,0,0,0,2g.csv
2651,0,0,0,2h.csv
2651,1,1,0,2i.csv
2651,1,1,0,2j.csv
2651,0,0,0,2k.csv
2651,10,10,0,2l.csv
2651,6,5,1,3a.csv
2651,4,4,0,3b.csv
2651,1,1,0,3c.csv
2651,1,1,0,3d.csv
2651,5,5,0,3e.csv
2651,3,3,0,3f.csv
2651,1,1,0,3g.csv
2652,11,9,2,1a.csv
2652,6,6,0,1b.csv
2652,1,1,0,1c.csv
2652,0,0,0,1e.csv
2652,1,1,0,1f.csv
2652,1,1,0,1g.csv
2652,0,0,0,1h.csv
2652,0,0,0,1i.csv
2652,0,0,0,1j.csv
2652,0,0,0,1k.csv
2652,1,0,1,1l.csv
2652,1,1,0,1m.csv
2652,1,1,0,2a.csv
2652,0,0,0,2b.csv
2652,3,2,1,2c.csv
2652,0,0,0,2d.csv
2652,0,0,0,2e.csv
2652,0,0,0,2f.csv
2652,0,0,0,2g.csv
2652,0,0,0,2h.csv
2652,1,1,0,2i.csv
2652,1,1,0,2j.csv
2652,0,0,0,2k.csv
2652,11,11,0,2l.csv
2652,7,6,1,3a.csv
2652,4,4,0,3b.csv
2652,0,0,0,3c.csv
2652,0,0,0,3d.csv
2652,4,4,0,3e.csv
2652,3,3,0,3f.csv
2652,1,1,0,3g.csv
2653,9,7,2,1a.csv
2653,3,3,0,1b.csv
2653,1,1,0,1c.csv
2653,0,0,0,1e.csv
2653,1,1,0,1f.csv
2653,1,1,0,1g.csv
2653,0,0,0,1h.csv
2653,0,0,0,1i.csv
2653,0,0,0,1j.csv
2653,0,0,0,1k.csv
2653,1,0,1,1l.csv
2653,0,0,0,1m.csv
2653,1,1,0,2a.csv
2653,0,0,0,2b.csv
2653,3,2,1,2c.csv
2653,0,0,0,2d.csv
2653,0,0,0,2e.csv
2653,0,0,0,2f.csv
2653,0,0,0,2g.csv
2653,0,0,0,2h.csv
2653,1,1,0,2i.csv
2653,1,1,0,2j.csv
2653,0,0,0,2k.csv
2653,10,10,0,2l.csv
2653,6,5,1,3a.csv
2653,6,6,0,3b.csv
2653,0,0,0,3c.csv
2653,0,0,0,3d.csv
2653,4,4,0,3e.csv
2653,3,3,0,3f.csv
2653,1,1,0,3g.csv
2654,9,7,2,1a.csv
2654,2,2,0,1b.csv
2654,1,1,0,1c.csv
2654,0,0,0,1e.csv
2654,1,1,0,1f.csv
2654,1,1,0,1g.csv
2654,0,0,0,1h.csv
2654,0,0,0,1i.csv
2654,0,0,0,1j.csv
2654,0,0,0,1k.csv
2654,0,0,0,1l.csv
2654,1,0,1,1m.csv
2654,2,2,0,2a.csv
2654,0,0,0,2b.csv
2654,3,2,1,2c.csv
2654,0,0,0,2d.csv
2654,0,0,0,2e.csv
2654,0,0,0,2f.csv
2654,0,0,0,2g.csv
2654,1,1,0,2h.csv
2654,0,0,0,2i.csv
2654,1,1,0,2j.csv
2654,0,0,0,2k.csv
2654,11,11,0,2l.csv
2654,8,6,2,3a.csv
2654,5,5,0,3b.csv
2654,0,0,0,3c.csv
2654,0,0,0,3d.csv
2654,4,4,0,3e.csv
2654,2,2,0,3f.csv
2654,1,1,0,3g.csv
2655,8,6,2,1a.csv
2655,3,3,0,1b.csv
2655,1,1,0,1c.csv
2655,1,0,1,1e.csv
2655,2,2,0,1f.csv
2655,0,0,0,1g.csv
2655,0,0,0,1h.csv
2655,0,0,0,1i.csv
2655,0,0,0,1j.csv
2655,0,0,0,1k.csv
2655,0,0,0,1l.csv
2655,4,2,2,1m.csv
2655,2,2,0,2a.csv
2655,0,0,0,2b.csv
2655,5,4,1,2c.csv
2655,0,0,0,2d.csv
2655,0,0,0,2e.csv
2655,0,0,0,2f.csv
2655,0,0,0,2g.csv
2655,1,1,0,2h.csv
2655,0,0,0,2i.csv
2655,0,0,0,2j.csv
2655,0,0,0,2k.csv
2655,12,11,1,2l.csv
2655,9,6,3,3a.csv
2655,6,6,0,3b.csv
2655,0,0,0,3c.csv
2655,0,0,0,3d.csv
2655,4,4,0,3e.csv
2655,2,2,0,3f.csv
2655,1,1,0,3g.csv
2656,8,7,1,1a.csv
2656,2,2,0,1b.csv
2656,1,1,0,1c.csv
2656,1,0,1,1e.csv
2656,3,2,1,1f.csv
2656,1,1,0,1g.csv
2656,0,0,0,1h.csv
2656,0,0,0,1i.csv
2656,0,0,0,1j.csv
2656,0,0,0,1k.csv
2656,0,0,0,1l.csv
2656,4,2,2,1m.csv
2656,2,2,0,2a.csv
2656,0,0,0,2b.csv
2656,4,3,1,2c.csv
2656,0,0,0,2d.csv
2656,0,0,0,2e.csv
2656,0,0,0,2f.csv
2656,0,0,0,2g.csv
2656,2,2,0,2h.csv
2656,0,0,0,2i.csv
2656,0,0,0,2j.csv
2656,0,0,0,2k.csv
2656,14,13,1,2l.csv
2656,8,6,2,3a.csv
2656,7,7,0,3b.csv
2656,0,0,0,3c.csv
2656,0,0,0,3d.csv
2656,4,4,0,3e.csv
2656,2,2,0,3f.csv
2656,1,1,0,3g.csv
2657,7,6,1,1a.csv
2657,2,2,0,1b.csv
2657,1,1,0,1c.csv
2657,2,1,1,1e.csv
2657,3,2,1,1f.csv
2657,2,2,0,1g.csv
2657,0,0,0,1h.csv
2657,0,0,0,1i.csv
2657,0,0,0,1j.csv
2657,0,0,0,1k.csv
2657,0,0,0,1l.csv
2657,4,2,2,1m.csv
2657,2,2,0,2a.csv
2657,0,0,0,2b.csv
2657,3,2,1,2c.csv
2657,0,0,0,2d.csv
2657,0,0,0,2e.csv
2657,0,0,0,2f.csv
2657,0,0,0,2g.csv
2657,2,2,0,2h.csv
2657,0,0,0,2i.csv
2657,0,0,0,2j.csv
2657,0,0,0,2k.csv
2657,16,15,1,2l.csv
2657,11,8,3,3a.csv
2657,7,7,0,3b.csv
2657,0,0,0,3c.csv
2657,0,0,0,3d.csv
2657,3,3,0,3e.csv
2657,3,3,0,3f.csv
2657,1,1,0,3g.csv
2658,6,5,1,1a.csv
2658,2,2,0,1b.csv
2658,1,1,0,1c.csv
2658,2,1,1,1e.csv
2658,4,2,2,1f.csv
2658,2,2,0,1g.csv
2658,0,0,0,1h.csv
2658,0,0,0,1i.csv
2658,0,0,0,1j.csv
2658,0,0,0,1k.csv
2658,0,0,0,1l.csv
2658,4,2,2,1m.csv
2658,1,1,0,2a.csv
2658,0,0,0,2b.csv
2658,2,2,0,2c.csv
2658,0,0,0,2d.csv
2658,0,0,0,2e.csv
2658,0,0,0,2f.csv
2658,0,0,0,2g.csv
2658,2,2,0,2h.csv
2658,0,0,0,2i.csv
2658,0,0,0,2j.csv
2658,0,0,0,2k.csv
2658,16,15,1,2l.csv
2658,11,7,4,3a.csv
2658,7,6,1,3b.csv
2658,0,0,0,3c.csv
2658,0,0,0,3d.csv
2658,2,2,0,3e.csv
2658,2,2,0,3f.csv
2658,0,0,0,3g.csv
2659,6,5,1,1a.csv
2659,2,2,0,1b.csv
2659,2,2,0,1c.csv
2659,2,1,1,1e.csv
2659,4,2,2,1f.csv
2659,2,2,0,1g.csv
2659,0,0,0,1h.csv
2659,0,0,0,1i.csv
2659,0,0,0,1j.csv
2659,0,0,0,1k.csv
2659,0,0,0,1l.csv
2659,5,3,2,1m.csv
2659,1,1,0,2a.csv
2659,0,0,0,2b.csv
2659,3,3,0,2c.csv
2659,0,0,0,2d.csv
2659,0,0,0,2e.csv
2659,0,0,0,2f.csv
2659,0,0,0,2g.csv
2659,2,2,0,2h.csv
2659,0,0,0,2i.csv
2659,0,0,0,2j.csv
2659,0,0,0,2k.csv
2659,11,10,1,2l.csv
2659,11,7,4,3a.csv
2659,9,8,1,3b.csv
2659,0,0,0,3c.csv
2659,0,0,0,3d.csv
2659,2,1,1,3e.csv
2659,2,2,0,3f.csv
2659,0,0,0,3g.csv
2660,5,5,0,1a.csv
2660,1,1,0,1b.csv
2660,1,1,0,1c.csv
2660,2,1,1,1e.csv
2660,8,6,2,1f.csv
2660,4,4,0,1g.csv
2660,0,0,0,1h.csv
2660,0,0,0,1i.csv
2660,0,0,0,1j.csv
2660,0,0,0,1k.csv
2660,1,1,0,1l.csv
2660,6,4,2,1m.csv
2660,1,1,0,2a.csv
2660,0,0,0,2b.csv
2660,3,3,0,2c.csv
2660,0,0,0,2d.csv
2660,0,0,0,2e.csv
2660,0,0,0,2f.csv
2660,0,0,0,2g.csv
2660,2,2,0,2h.csv
2660,0,0,0,2i.csv
2660,0,0,0,2j.csv
2660,0,0,0,2k.csv
2660,9,8,1,2l.csv
2660,10,6,4,3a.csv
2660,10,9,1,3b.csv
2660,0,0,0,3c.csv
2660,0,0,0,3d.csv
2660,4,3,1,3e.csv
2660,2,2,0,3f.csv
2660,0,0,0,3g.csv
2661,5,5,0,1a.csv
2661,2,2,0,1b.csv
2661,2,2,0,1c.csv
2661,2,1,1,1e.csv
2661,8,6,2,1f.csv
2661,4,4,0,1g.csv
2661,0,0,0,1h.csv
2661,0,0,0,1i.csv
2661,0,0,0,1j.csv
2661,0,0,0,1k.csv
2661,1,1,0,1l.csv
2661,6,4,2,1m.csv
2661,1,1,0,2a.csv
2661,0,0,0,2b.csv
2661,3,3,0,2c.csv
2661,0,0,0,2d.csv
2661,0,0,0,2e.csv
2661,0,0,0,2f.csv
2661,0,0,0,2g.csv
2661,2,2,0,2h.csv
2661,0,0,0,2i.csv
2661,0,0,0,2j.csv
2661,0,0,0,2k.csv
2661,9,8,1,2l.csv
2661,10,6,4,3a.csv
2661,8,7,1,3b.csv
2661,0,0,0,3c.csv
2661,0,0,0,3d.csv
2661,5,4,1,3e.csv
2661,1,1,0,3f.csv
2661,0,0,0,3g.csv
2662,4,4,0,1a.csv
2662,2,2,0,1b.csv
2662,2,2,0,1c.csv
2662,2,1,1,1e.csv
2662,7,5,2,1f.csv
2662,5,5,0,1g.csv
2662,0,0,0,1h.csv
2662,0,0,0,1i.csv
2662,0,0,0,1j.csv
2662,0,0,0,1k.csv
2662,2,1,1,1l.csv
2662,5,4,1,1m.csv
2662,0,0,0,2a.csv
2662,0,0,0,2b.csv
2662,3,3,0,2c.csv
2662,0,0,0,2d.csv
2662,0,0,0,2e.csv
2662,0,0,0,2f.csv
2662,0,0,0,2g.csv
2662,1,1,0,2h.csv
2662,0,0,0,2i.csv
2662,0,0,0,2j.csv
2662,0,0,0,2k.csv
2662,9,7,2,2l.csv
2662,11,5,6,3a.csv
2662,11,10,1,3b.csv
2662,0,0,0,3c.csv
2662,0,0,0,3d.csv
2662,5,4,1,3e.csv
2662,2,2,0,3f.csv
2662,0,0,0,3g.csv
2663,3,3,0,1a.csv
2663,1,1,0,1b.csv
2663,3,3,0,1c.csv
2663,1,1,0,1e.csv
2663,6,4,2,1f.csv
2663,5,5,0,1g.csv
2663,0,0,0,1h.csv
2663,0,0,0,1i.csv
2663,0,0,0,1j.csv
2663,0,0,0,1k.csv
2663,2,1,1,1l.csv
2663,2,2,0,1m.csv
2663,0,0,0,2a.csv
2663,0,0,0,2b.csv
2663,1,1,0,2c.csv
2663,0,0,0,2d.csv
2663,0,0,0,2e.csv
2663,0,0,0,2f.csv
2663,0,0,0,2g.csv
2663,1,1,0,2h.csv
2663,0,0,0,2i.csv
2663,0,0,0,2j.csv
2663,0,0,0,2k.csv
2663,7,6,1,2l.csv
2663,15,9,6,3a.csv
2663,11,9,2,3b.csv
2663,0,0,0,3c.csv
2663,0,0,0,3d.csv
2663,4,3,1,3e.csv
2663,2,2,0,3f.csv
2663,1,1,0,3g.csv
2664,2,2,0,1a.csv
2664,1,1,0,1b.csv
2664,3,3,0,1c.csv
2664,1,1,0,1e.csv
2664,5,4,1,1f.csv
2664,4,4,0,1g.csv
2664,0,0,0,1h.csv
2664,0,0,0,1i.csv
2664,0,0,0,1j.csv
2664,0,0,0,1k.csv
2664,2,1,1,1l.csv
2664,4,4,0,1m.csv
2664,0,0,0,2a.csv
2664,0,0,0,2b.csv
2664,1,1,0,2c.csv
2664,0,0,0,2d.csv
2664,0,0,0,2e.csv
2664,1,0,1,2f.csv
2664,0,0,0,2g.csv
2664,0,0,0,2h.csv
2664,0,0,0,2i.csv
2664,0,0,0,2j.csv
2664,0,0,0,2k.csv
2664,5,4,1,2l.csv
2664,20,13,7,3a.csv
2664,12,10,2,3b.csv
2664,0,0,0,3c.csv
2664,0,0,0,3d.csv
2664,5,3,2,3e.csv
2664,2,2,0,3f.csv
2664,1,1,0,3g.csv
2665,3,3,0,1a.csv
2665,1,1,0,1b.csv
2665,3,3,0,1c.csv
2665,0,0,0,1e.csv
2665,5,4,1,1f.csv
2665,3,3,0,1g.csv
2665,0,0,0,1h.csv
2665,0,0,0,1i.csv
2665,0,0,0,1j.csv
2665,0,0,0,1k.csv
2665,2,1,1,1l.csv
2665,4,4,0,1m.csv
2665,1,1,0,2a.csv
2665,0,0,0,2b.csv
2665,1,1,0,2c.csv
2665,0,0,0,2d.csv
2665,0,0,0,2e.csv
2665,2,1,1,2f.csv
2665,0,0,0,2g.csv
2665,0,0,0,2h.csv
2665,0,0,0,2i.csv
2665,0,0,0,2j.csv
2665,0,0,0,2k.csv
2665,3,2,1,2l.csv
2665,22,14,8,3a.csv
2665,12,10,2,3b.csv
2665,0,0,0,3c.csv
2665,0,0,0,3d.csv
2665,6,4,2,3e.csv
2665,1,1,0,3f.csv
2665,1,1,0,3g.csv
2666,1,1,0,1a.csv
2666,1,1,0,1b.csv
2666,3,3,0,1c.csv
2666,0,0,0,1e.csv
2666,4,4,0,1f.csv
2666,3,3,0,1g.csv
2666,0,0,0,1h.csv
2666,0,0,0,1i.csv
2666,0,0,0,1j.csv
2666,0,0,0,1k.csv
2666,2,1,1,1l.csv
2666,5,4,1,1m.csv
2666,1,1,0,2a.csv
2666,0,0,0,2b.csv
2666,1,1,0,2c.csv
2666,0,0,0,2d.csv
2666,0,0,0,2e.csv
2666,2,1,1,2f.csv
2666,0,0,0,2g.csv
2666,0,0,0,2h.csv
2666,0,0,0,2i.csv
2666,0,0,0,2j.csv
2666,0,0,0,2k.csv
2666,3,1,2,2l.csv
2666,28,20,8,3a.csv
2666,12,11,1,3b.csv
2666,0,0,0,3c.csv
2666,0,0,0,3d.csv
2666,8,6,2,3e.csv
2666,1,1,0,3f.csv
2666,2,2,0,3g.csv
2667,1,1,0,1a.csv
2667,1,1,0,1b.csv
2667,2,2,0,1c.csv
2667,0,0,0,1e.csv
2667,5,5,0,1f.csv
2667,3,3,0,1g.csv
2667,0,0,0,1h.csv
2667,0,0,0,1i.csv
2667,0,0,0,1j.csv
2667,0,0,0,1k.csv
2667,2,1,1,1l.csv
2667,5,4,1,1m.csv
2667,1,1,0,2a.csv
2667,0,0,0,2b.csv
2667,0,0,0,2c.csv
2667,0,0,0,2d.csv
2667,0,0,0,2e.csv
2667,2,1,1,2f.csv
2667,0,0,0,2g.csv
2667,0,0,0,2h.csv
2667,0,0,0,2i.csv
2667,0,0,0,2j.csv
2667,0,0,0,2k.csv
2667,4,2,2,2l.csv
2667,34,25,9,3a.csv
2667,11,10,1,3b.csv
2667,0,0,0,3c.csv
2667,0,0,0,3d.csv
2667,10,9,1,3e.csv
2667,1,1,0,3f.csv
2667,3,3,0,3g.csv
2668,1,1,0,1a.csv
2668,1,1,0,1b.csv
2668,2,2,0,1c.csv
2668,0,0,0,1e.csv
2668,1,1,0,1f.csv
2668,1,1,0,1g.csv
2668,0,0,0,1h.csv
2668,0,0,0,1i.csv
2668,0,0,0,1j.csv
2668,0,0,0,1k.csv
2668,3,2,1,1l.csv
2668,4,3,1,1m.csv
2668,1,1,0,2a.csv
2668,0,0,0,2b.csv
2668,0,0,0,2c.csv
2668,0,0,0,2d.csv
2668,0,0,0,2e.csv
2668,3,2,1,2f.csv
2668,0,0,0,2g.csv
2668,0,0,0,2h.csv
2668,0,0,0,2i.csv
2668,0,0,0,2j.csv
2668,0,0,0,2k.csv
2668,4,2,2,2l.csv
2668,39,30,9,3a.csv
2668,10,9,1,3b.csv
2668,0,0,0,3c.csv
2668,0,0,0,3d.csv
2668,14,11,3,3e.csv
2668,2,2,0,3f.csv
2668,3,3,0,3g.csv
2669,1,1,0,1a.csv
2669,1,1,0,1b.csv
2669,1,1,0,1c.csv
2669,0,0,0,1e.csv
2669,1,1,0,1f.csv
2669,1,1,0,1g.csv
2669,0,0,0,1h.csv
2669,0,0,0,1i.csv
2669,0,0,0,1j.csv
2669,0,0,0,1k.csv
2669,4,3,1,1l.csv
2669,4,3,1,1m.csv
2669,1,1,0,2a.csv
2669,0,0,0,2b.csv
2669,1,1,0,2c.csv
2669,0,0,0,2d.csv
2669,0,0,0,2e.csv
2669,3,2,1,2f.csv
2669,0,0,0,2g.csv
2669,0,0,0,2h.csv
2669,0,0,0,2i.csv
2669,0,0,0,2j.csv
2669,0,0,0,2k.csv
2669,5,3,2,2l.csv
2669,42,33,9,3a.csv
2669,10,9,1,3b.csv
2669,0,0,0,3c.csv
2669,0,0,0,3d.csv
2669,13,10,3,3e.csv
2669,3,3,0,3f.csv
2669,3,3,0,3g.csv
2670,1,1,0,1a.csv
2670,2,2,0,1b.csv
2670,2,2,0,1c.csv
2670,0,0,0,1e.csv
2670,1,1,0,1f.csv
2670,0,0,0,1g.csv
2670,0,0,0,1h.csv
2670,0,0,0,1i.csv
2670,0,0,0,1j.csv
2670,0,0,0,1k.csv
2670,3,3,0,1l.csv
2670,4,3,1,1m.csv
2670,2,1,1,2a.csv
2670,0,0,0,2b.csv
2670,1,1,0,2c.csv
2670,0,0,0,2d.csv
2670,1,0,1,2e.csv
2670,3,2,1,2f.csv
2670,0,0,0,2g.csv
2670,1,1,0,2h.csv
2670,0,0,0,2i.csv
2670,0,0,0,2j.csv
2670,0,0,0,2k.csv
2670,4,3,1,2l.csv
2670,43,37,6,3a.csv
2670,7,6,1,3b.csv
2670,0,0,0,3c.csv
2670,0,0,0,3d.csv
2670,16,12,4,3e.csv
2670,2,2,0,3f.csv
2670,3,3,0,3g.csv
2671,2,1,1,1a.csv
2671,2,2,0,1b.csv
2671,1,1,0,1c.csv
2671,0,0,0,1e.csv
2671,1,1,0,1f.csv
2671,0,0,0,1g.csv
2671,0,0,0,1h.csv
2671,0,0,0,1i.csv
2671,0,0,0,1j.csv
2671,0,0,0,1k.csv
2671,3,3,0,1l.csv
2671,4,3,1,1m.csv
2671,2,1,1,2a.csv
2671,0,0,0,2b.csv
2671,1,1,0,2c.csv
2671,0,0,0,2d.csv
2671,1,0,1,2e.csv
2671,3,2,1,2f.csv
2671,0,0,0,2g.csv
2671,1,1,0,2h.csv
2671,0,0,0,2i.csv
2671,0,0,0,2j.csv
2671,0,0,0,2k.csv
2671,5,3,2,2l.csv
2671,46,41,5,3a.csv
2671,5,5,0,3b.csv
2671,0,0,0,3c.csv
2671,0,0,0,3d.csv
2671,19,15,4,3e.csv
2671,2,2,0,3f.csv
2671,2,2,0,3g.csv
2672,2,1,1,1a.csv
2672,2,2,0,1b.csv
2672,1,1,0,1c.csv
2672,0,0,0,1e.csv
2672,2,2,0,1f.csv
2672,0,0,0,1g.csv
2672,0,0,0,1h.csv
2672,0,0,0,1i.csv
2672,0,0,0,1j.csv
2672,0,0,0,1k.csv
2672,3,3,0,1l.csv
2672,2,1,1,1m.csv
2672,3,2,1,2a.csv
2672,0,0,0,2b.csv
2672,2,2,0,2c.csv
2672,0,0,0,2d.csv
2672,1,0,1,2e.csv
2672,2,2,0,2f.csv
2672,0,0,0,2g.csv
2672,1,1,0,2h.csv
2672,0,0,0,2i.csv
2672,0,0,0,2j.csv
2672,0,0,0,2k.csv
2672,6,4,2,2l.csv
2672,47,42,5,3a.csv
2672,3,3,0,3b.csv
2672,0,0,0,3c.csv
2672,0,0,0,3d.csv
2672,20,16,4,3e.csv
2672,2,2,0,3f.csv
2672,2,2,0,3g.csv
2673,1,0,1,1a.csv
2673,3,3,0,1b.csv
2673,1,1,0,1c.csv
2673,0,0,0,1e.csv
2673,3,2,1,1f.csv
2673,2,2,0,1g.csv
2673,0,0,0,1h.csv
2673,0,0,0,1i.csv
2673,0,0,0,1j.csv
2673,0,0,0,1k.csv
2673,3,3,0,1l.csv
2673,2,1,1,1m.csv
2673,3,2,1,2a.csv
2673,0,0,0,2b.csv
2673,2,2,0,2c.csv
2673,0,0,0,2d.csv
2673,1,0,1,2e.csv
2673,1,1,0,2f.csv
2673,0,0,0,2g.csv
2673,1,1,0,2h.csv
2673,0,0,0,2i.csv
2673,0,0,0,2j.csv
2673,0,0,0,2k.csv
2673,7,5,2,2l.csv
2673,46,43,3,3a.csv
2673,3,3,0,3b.csv
2673,0,0,0,3c.csv
2673,0,0,0,3d.csv
2673,20,16,4,3e.csv
2673,2,2,0,3f.csv
2673,2,2,0,3g.csv
2674,1,0,1,1a.csv
2674,3,3,0,1b.csv
2674,1,1,0,1c.csv
2674,0,0,0,1e.csv
2674,3,2,1,1f.csv
2674,2,2,0,1g.csv
2674,0,0,0,1h.csv
2674,0,0,0,1i.csv
2674,0,0,0,1j.csv
2674,0,0,0,1k.csv
2674,3,3,0,1l.csv
2674,2,2,0,1m.csv
2674,3,2,1,2a.csv
2674,0,0,0,2b.csv
2674,2,2,0,2c.csv
2674,0,0,0,2d.csv
2674,1,0,1,2e.csv
2674,1,1,0,2f.csv
2674,0,0,0,2g.csv
2674,1,1,0,2h.csv
2674,0,0,0,2i.csv
2674,0,0,0,2j.csv
2674,0,0,0,2k.csv
2674,8,7,1,2l.csv
2674,44,40,4,3a.csv
2674,2,2,0,3b.csv
2674,0,0,0,3c.csv
2674,0,0,0,3d.csv
2674,18,14,4,3e.csv
2674,2,2,0,3f.csv
2674,1,1,0,3g.csv
2675,1,0,1,1a.csv
2675,3,3,0,1b.csv
2675,1,1,0,1c.csv
2675,0,0,0,1e.csv
2675,2,1,1,1f.csv
2675,2,2,0,1g.csv
2675,0,0,0,1h.csv
2675,0,0,0,1i.csv
2675,0,0,0,1j.csv
2675,0,0,0,1k.csv
2675,3,3,0,1l.csv
2675,1,1,0,1m.csv
2675,3,2,1,2a.csv
2675,0,0,0,2b.csv
2675,2,2,0,2c.csv
2675,0,0,0,2d.csv
2675,1,0,1,2e.csv
2675,1,1,0,2f.csv
2675,0,0,0,2g.csv
2675,1,1,0,2h.csv
2675,0,0,0,2i.csv
2675,0,0,0,2j.csv
2675,0,0,0,2k.csv
2675,10,8,2,2l.csv
2675,45,40,5,3a.csv
2675,1,1,0,3b.csv
2675,0,0,0,3c.csv
2675,0,0,0,3d.csv
2675,17,13,4,3e.csv
2675,2,2,0,3f.csv
2675,0,0,0,3g.csv
2676,1,0,1,1a.csv
2676,3,3,0,1b.csv
2676,1,1,0,1c.csv
2676,0,0,0,1e.csv
2676,2,1,1,1f.csv
2676,3,3,0,1g.csv
2676,0,0,0,1h.csv
2676,0,0,0,1i.csv
2676,0,0,0,1j.csv
2676,0,0,0,1k.csv
2676,1,1,0,1l.csv
2676,1,1,0,1m.csv
2676,4,3,1,2a.csv
2676,0,0,0,2b.csv
2676,2,2,0,2c.csv
2676,0,0,0,2d.csv
2676,1,0,1,2e.csv
2676,0,0,0,2f.csv
2676,0,0,0,2g.csv
2676,1,1,0,2h.csv
2676,0,0,0,2i.csv
2676,1,1,0,2j.csv
2676,0,0,0,2k.csv
2676,10,8,2,2l.csv
2676,41,36,5,3a.csv
2676,1,1,0,3b.csv
2676,0,0,0,3c.csv
2676,0,0,0,3d.csv
2676,13,11,2,3e.csv
2676,3,3,0,3f.csv
2676,1,1,0,3g.csv
2677,4,1,3,1a.csv
2677,2,2,0,1b.csv
2677,1,1,0,1c.csv
2677,0,0,0,1e.csv
2677,3,2,1,1f.csv
2677,3,3,0,1g.csv
2677,0,0,0,1h.csv
2677,0,0,0,1i.csv
2677,0,0,0,1j.csv
2677,0,0,0,1k.csv
2677,1,1,0,1l.csv
2677,1,1,0,1m.csv
2677,5,4,1,2a.csv
2677,0,0,0,2b.csv
2677,1,1,0,2c.csv
2677,0,0,0,2d.csv
2677,1,0,1,2e.csv
2677,1,1,0,2f.csv
2677,0,0,0,2g.csv
2677,1,1,0,2h.csv
2677,0,0,0,2i.csv
2677,1,1,0,2j.csv
2677,0,0,0,2k.csv
2677,8,6,2,2l.csv
2677,43,38,5,3a.csv
2677,1,1,0,3b.csv
2677,0,0,0,3c.csv
2677,0,0,0,3d.csv
2677,13,11,2,3e.csv
2677,2,2,0,3f.csv
2677,1,1,0,3g.csv
2678,4,1,3,1a.csv
2678,1,1,0,1b.csv
2678,0,0,0,1c.csv
2678,0,0,0,1e.csv
2678,4,3,1,1f.csv
2678,3,3,0,1g.csv
2678,0,0,0,1h.csv
2678,0,0,0,1i.csv
2678,0,0,0,1j.csv
2678,0,0,0,1k.csv
2678,2,2,0,1l.csv
2678,3,3,0,1m.csv
2678,5,5,0,2a.csv
2678,0,0,0,2b.csv
2678,1,1,0,2c.csv
2678,0,0,0,2d.csv
2678,0,0,0,2e.csv
2678,1,1,0,2f.csv
2678,0,0,0,2g.csv
2678,0,0,0,2h.csv
2678,0,0,0,2i.csv
2678,1,1,0,2j.csv
2678,0,0,0,2k.csv
2678,8,6,2,2l.csv
2678,44,38,6,3a.csv
2678,1,1,0,3b.csv
2678,0,0,0,3c.csv
2678,0,0,0,3d.csv
2678,10,9,1,3e.csv
2678,2,2,0,3f.csv
2678,1,1,0,3g.csv
2679,4,2,2,1a.csv
2679,2,2,0,1b.csv
2679,1,1,0,1c.csv
2679,0,0,0,1e.csv
2679,5,4,1,1f.csv
2679,3,3,0,1g.csv
2679,0,0,0,1h.csv
2679,0,0,0,1i.csv
2679,0,0,0,1j.csv
2679,0,0,0,1k.csv
2679,2,2,0,1l.csv
2679,4,4,0,1m.csv
2679,6,6,0,2a.csv
2679,0,0,0,2b.csv
2679,1,1,0,2c.csv
2679,0,0,0,2d.csv
2679,0,0,0,2e.csv
2679,1,1,0,2f.csv
2679,0,0,0,2g.csv
2679,0,0,0,2h.csv
2679,0,0,0,2i.csv
2679,1,1,0,2j.csv
2679,0,0,0,2k.csv
2679,8,7,1,2l.csv
2679,41,36,5,3a.csv
2679,1,1,0,3b.csv
2679,0,0,0,3c.csv
2679,0,0,0,3d.csv
2679,8,6,2,3e.csv
2679,2,2,0,3f.csv
2679,1,1,0,3g.csv
2680,5,3,2,1a.csv
2680,2,2,0,1b.csv
2680,1,1,0,1c.csv
2680,0,0,0,1e.csv
2680,5,3,2,1f.csv
2680,3,3,0,1g.csv
2680,0,0,0,1h.csv
2680,0,0,0,1i.csv
2680,0,0,0,1j.csv
2680,0,0,0,1k.csv
2680,2,2,0,1l.csv
2680,4,4,0,1m.csv
2680,7,7,0,2a.csv
2680,0,0,0,2b.csv
2680,0,0,0,2c.csv
2680,0,0,0,2d.csv
2680,0,0,0,2e.csv
2680,1,1,0,2f.csv
2680,0,0,0,2g.csv
2680,0,0,0,2h.csv
2680,0,0,0,2i.csv
2680,1,1,0,2j.csv
2680,0,0,0,2k.csv
2680,7,6,1,2l.csv
2680,39,34,5,3a.csv
2680,1,1,0,3b.csv
2680,1,1,0,3c.csv
2680,1,1,0,3d.csv
2680,8,7,1,3e.csv
2680,2,2,0,3f.csv
2680,1,1,0,3g.csv
2681,7,5,2,1a.csv
2681,1,1,0,1b.csv
2681,1,1,0,1c.csv
2681,0,0,0,1e.csv
2681,4,3,1,1f.csv
2681,1,1,0,1g.csv
2681,0,0,0,1h.csv
2681,0,0,0,1i.csv
2681,0,0,0,1j.csv
2681,0,0,0,1k.csv
2681,2,2,0,1l.csv
2681,4,4,0,1m.csv
2681,6,6,0,2a.csv
2681,0,0,0,2b.csv
2681,1,0,1,2c.csv
2681,0,0,0,2d.csv
2681,0,0,0,2e.csv
2681,2,2,0,2f.csv
2681,0,0,0,2g.csv
2681,0,0,0,2h.csv
2681,0,0,0,2i.csv
2681,1,1,0,2j.csv
2681,0,0,0,2k.csv
2681,7,5,2,2l.csv
2681,35,30,5,3a.csv
2681,2,2,0,3b.csv
2681,1,1,0,3c.csv
2681,1,1,0,3d.csv
2681,10,9,1,3e.csv
2681,2,2,0,3f.csv
2681,1,1,0,3g.csv
2682,7,5,2,1a.csv
2682,1,1,0,1b.csv
2682,1,1,0,1c.csv
2682,0,0,0,1e.csv
2682,5,3,2,1f.csv
2682,1,1,0,1g.csv
2682,0,0,0,1h.csv
2682,0,0,0,1i.csv
2682,0,0,0,1j.csv
2682,0,0,0,1k.csv
2682,2,2,0,1l.csv
2682,3,3,0,1m.csv
2682,7,6,1,2a.csv
2682,0,0,0,2b.csv
2682,1,0,1,2c.csv
2682,0,0,0,2d.csv
2682,0,0,0,2e.csv
2682,2,2,0,2f.csv
2682,0,0,0,2g.csv
2682,0,0,0,2h.csv
2682,0,0,0,2i.csv
2682,1,1,0,2j.csv
2682,0,0,0,2k.csv
2682,5,3,2,2l.csv
2682,31,28,3,3a.csv
2682,4,4,0,3b.csv
2682,1,1,0,3c.csv
2682,1,1,0,3d.csv
2682,10,9,1,3e.csv
2682,2,2,0,3f.csv
2682,1,1,0,3g.csv
2683,8,6,2,1a.csv
2683,1,1,0,1b.csv
2683,1,1,0,1c.csv
2683,0,0,0,1e.csv
2683,5,3,2,1f.csv
2683,1,1,0,1g.csv
2683,0,0,0,1h.csv
2683,0,0,0,1i.csv
2683,0,0,0,1j.csv
2683,0,0,0,1k.csv
2683,2,2,0,1l.csv
2683,3,3,0,1m.csv
2683,7,6,1,2a.csv
2683,0,0,0,2b.csv
2683,1,0,1,2c.csv
2683,0,0,0,2d.csv
2683,0,0,0,2e.csv
2683,2,2,0,2f.csv
2683,0,0,0,2g.csv
2683,0,0,0,2h.csv
2683,0,0,0,2i.csv
2683,1,1,0,2j.csv
2683,0,0,0,2k.csv
2683,2,1,1,2l.csv
2683,26,25,1,3a.csv
2683,4,4,0,3b.csv
2683,1,1,0,3c.csv
2683,1,1,0,3d.csv
2683,9,8,1,3e.csv
2683,2,2,0,3f.csv
2683,1,1,0,3g.csv
2684,8,6,2,1a.csv
2684,1,1,0,1b.csv
2684,1,1,0,1c.csv
2684,0,0,0,1e.csv
2684,5,3,2,1f.csv
2684,0,0,0,1g.csv
2684,0,0,0,1h.csv
2684,0,0,0,1i.csv
2684,0,0,0,1j.csv
2684,0,0,0,1k.csv
2684,2,2,0,1l.csv
2684,3,3,0,1m.csv
2684,7,5,2,2a.csv
2684,0,0,0,2b.csv
2684,1,0,1,2c.csv
2684,0,0,0,2d.csv
2684,0,0,0,2e.csv
2684,2,2,0,2f.csv
2684,0,0,0,2g.csv
2684,0,0,0,2h.csv
2684,0,0,0,2i.csv
2684,0,0,0,2j.csv
2684,0,0,0,2k.csv
2684,2,1,1,2l.csv
2684,27,26,1,3a.csv
2684,4,4,0,3b.csv
2684,1,1,0,3c.csv
2684,1,1,0,3d.csv
2684,7,6,1,3e.csv
2684,0,0,0,3f.csv
2684,0,0,0,3g.csv
2685,5,5,0,1a.csv
2685,1,1,0,1b.csv
2685,1,1,0,1c.csv
2685,0,0,0,1e.csv
2685,4,2,2,1f.csv
2685,0,0,0,1g.csv
2685,0,0,0,1h.csv
2685,0,0,0,1i.csv
2685,0,0,0,1j.csv
2685,0,0,0,1k.csv
2685,1,1,0,1l.csv
2685,3,3,0,1m.csv
2685,6,4,2,2a.csv
2685,0,0,0,2b.csv
2685,1,0,1,2c.csv
2685,0,0,0,2d.csv
2685,0,0,0,2e.csv
2685,1,1,0,2f.csv
2685,0,0,0,2g.csv
2685,0,0,0,2h.csv
2685,0,0,0,2i.csv
2685,0,0,0,2j.csv
2685,0,0,0,2k.csv
2685,2,1,1,2l.csv
2685,23,22,1,3a.csv
2685,4,4,0,3b.csv
2685,2,1,1,3c.csv
2685,2,1,1,3d.csv
2685,7,6,1,3e.csv
2685,0,0,0,3f.csv
2685,0,0,0,3g.csv
2686,5,5,0,1a.csv
2686,2,2,0,1b.csv
2686,1,1,0,1c.csv
2686,0,0,0,1e.csv
2686,3,1,2,1f.csv
2686,1,1,0,1g.csv
2686,0,0,0,1h.csv
2686,1,0,1,1i.csv
2686,0,0,0,1j.csv
2686,0,0,0,1k.csv
2686,0,0,0,1l.csv
2686,2,2,0,1m.csv
2686,5,3,2,2a.csv
2686,0,0,0,2b.csv
2686,2,0,2,2c.csv
2686,0,0,0,2d.csv
2686,0,0,0,2e.csv
2686,1,1,0,2f.csv
2686,0,0,0,2g.csv
2686,0,0,0,2h.csv
2686,0,0,0,2i.csv
2686,0,0,0,2j.csv
2686,0,0,0,2k.csv
2686,2,1,1,2l.csv
2686,18,18,0,3a.csv
2686,4,4,0,3b.csv
2686,2,1,1,3c.csv
2686,2,1,1,3d.csv
2686,10,9,1,3e.csv
2686,0,0,0,3f.csv
2686,0,0,0,3g.csv
2687,5,5,0,1a.csv
2687,1,1,0,1b.csv
2687,0,0,0,1c.csv
2687,0,0,0,1e.csv
2687,2,0,2,1f.csv
2687,1,1,0,1g.csv
2687,0,0,0,1h.csv
2687,1,0,1,1i.csv
2687,0,0,0,1j.csv
2687,0,0,0,1k.csv
2687,0,0,0,1l.csv
2687,1,1,0,1m.csv
2687,4,2,2,2a.csv
2687,1,1,0,2b.csv
2687,2,0,2,2c.csv
2687,0,0,0,2d.csv
2687,0,0,0,2e.csv
2687,1,1,0,2f.csv
2687,0,0,0,2g.csv
2687,0,0,0,2h.csv
2687,0,0,0,2i.csv
2687,0,0,0,2j.csv
2687,0,0,0,2k.csv
2687,1,0,1,2l.csv
2687,15,14,1,3a.csv
2687,4,4,0,3b.csv
2687,2,1,1,3c.csv
2687,2,1,1,3d.csv
2687,9,9,0,3e.csv
2687,0,0,0,3f.csv
2687,0,0,0,3g.csv
2688,5,5,0,1a.csv
2688,1,1,0,1b.csv
2688,1,1,0,1c.csv
2688,0,0,0,1e.csv
2688,1,0,1,1f.csv
2688,1,1,0,1g.csv
2688,0,0,0,1h.csv
2688,1,0,1,1i.csv
2688,0,0,0,1j.csv
2688,0,0,0,1k.csv
2688,0,0,0,1l.csv
2688,1,1,0,1m.csv
2688,2,0,2,2a.csv
2688,1,1,0,2b.csv
2688,2,0,2,2c.csv
2688,0,0,0,2d.csv
2688,0,0,0,2e.csv
2688,1,1,0,2f.csv
2688,0,0,0,2g.csv
2688,0,0,0,2h.csv
2688,0,0,0,2i.csv
2688,0,0,0,2j.csv
2688,0,0,0,2k.csv
2688,1,0,1,2l.csv
2688,12,11,1,3a.csv
2688,5,5,0,3b.csv
2688,1,0,1,3c.csv
2688,1,0,1,3d.csv
2688,9,9,0,3e.csv
2688,1,1,0,3f.csv
2688,0,0,0,3g.csv
2689,3,3,0,1a.csv
2689,1,1,0,1b.csv
2689,1,1,0,1c.csv
2689,0,0,0,1e.csv
2689,1,0,1,1f.csv
2689,1,1,0,1g.csv
2689,0,0,0,1h.csv
2689,2,1,1,1i.csv
2689,0,0,0,1j.csv
2689,0,0,0,1k.csv
2689,1,1,0,1l.csv
2689,1,1,0,1m.csv
2689,2,0,2,2a.csv
2689,1,1,0,2b.csv
2689,1,0,1,2c.csv
2689,0,0,0,2d.csv
2689,0,0,0,2e.csv
2689,0,0,0,2f.csv
2689,0,0,0,2g.csv
2689,0,0,0,2h.csv
2689,0,0,0,2i.csv
2689,0,0,0,2j.csv
2689,0,0,0,2k.csv
2689,0,0,0,2l.csv
2689,12,11,1,3a.csv
2689,4,4,0,3b.csv
2689,3,1,2,3c.csv
2689,3,1,2,3d.csv
2689,7,7,0,3e.csv
2689,2,1,1,3f.csv
2689,0,0,0,3g.csv
2690,4,4,0,1a.csv
2690,2,1,1,1b.csv
2690,1,1,0,1c.csv
2690,0,0,0,1e.csv
2690,0,0,0,1f.csv
2690,2,2,0,1g.csv
2690,0,0,0,1h.csv
2690,2,1,1,1i.csv
2690,0,0,0,1j.csv
2690,0,0,0,1k.csv
2690,1,1,0,1l.csv
2690,3,3,0,1m.csv
2690,1,0,1,2a.csv
2690,1,1,0,2b.csv
2690,1,0,1,2c.csv
2690,0,0,0,2d.csv
2690,0,0,0,2e.csv
2690,0,0,0,2f.csv
2690,0,0,0,2g.csv
2690,0,0,0,2h.csv
2690,0,0,0,2i.csv
2690,0,0,0,2j.csv
2690,0,0,0,2k.csv
2690,0,0,0,2l.csv
2690,11,10,1,3a.csv
2690,2,2,0,3b.csv
2690,3,1,2,3c.csv
2690,3,1,2,3d.csv
2690,8,8,0,3e.csv
2690,2,1,1,3f.csv
2690,0,0,0,3g.csv
2691,6,5,1,1a.csv
2691,2,1,1,1b.csv
2691,2,2,0,1c.csv
2691,0,0,0,1e.csv
2691,2,1,1,1f.csv
2691,2,2,0,1g.csv
2691,0,0,0,1h.csv
2691,2,1,1,1i.csv
2691,0,0,0,1j.csv
2691,0,0,0,1k.csv
2691,1,1,0,1l.csv
2691,3,3,0,1m.csv
2691,3,2,1,2a.csv
2691,1,1,0,2b.csv
2691,1,0,1,2c.csv
2691,1,1,0,2d.csv
2691,0,0,0,2e.csv
2691,0,0,0,2f.csv
2691,0,0,0,2g.csv
2691,0,0,0,2h.csv
2691,0,0,0,2i.csv
2691,0,0,0,2j.csv
2691,0,0,0,2k.csv
2691,1,1,0,2l.csv
2691,9,8,1,3a.csv
2691,3,3,0,3b.csv
2691,3,1,2,3c.csv
2691,3,1,2,3d.csv
2691,7,7,0,3e.csv
2691,2,1,1,3f.csv
2691,0,0,0,3g.csv
2692,6,5,1,1a.csv
2692,2,1,1,1b.csv
2692,2,2,0,1c.csv
2692,0,0,0,1e.csv
2692,2,1,1,1f.csv
2692,2,2,0,1g.csv
2692,0,0,0,1h.csv
2692,2,1,1,1i.csv
2692,0,0,0,1j.csv
2692,0,0,0,1k.csv
2692,1,1,0,1l.csv
2692,3,3,0,1m.csv
2692,2,2,0,2a.csv
2692,1,1,0,2b.csv
2692,2,1,1,2c.csv
2692,1,1,0,2d.csv
2692,0,0,0,2e.csv
2692,0,0,0,2f.csv
2692,0,0,0,2g.csv
2692,0,0,0,2h.csv
2692,0,0,0,2i.csv
2692,0,0,0,2j.csv
2692,0,0,0,2k.csv
2692,2,2,0,2l.csv
2692,8,7,1,3a.csv
2692,2,2,0,3b.csv
2692,3,1,2,3c.csv
2692,3,1,2,3d.csv
2692,9,9,0,3e.csv
2692,2,1,1,3f.csv
2692,0,0,0,3g.csv
2693,7,6,1,1a.csv
2693,2,1,1,1b.csv
2693,2,2,0,1c.csv
2693,0,0,0,1e.csv
2693,2,1,1,1f.csv
2693,2,2,0,1g.csv
2693,0,0,0,1h.csv
2693,2,1,1,1i.csv
2693,0,0,0,1j.csv
2693,0,0,0,1k.csv
2693,1,1,0,1l.csv
2693,3,3,0,1m.csv
2693,2,2,0,2a.csv
2693,1,1,0,2b.csv
2693,2,1,1,2c.csv
2693,1,1,0,2d.csv
2693,0,0,0,2e.csv
2693,0,0,0,2f.csv
2693,0,0,0,2g.csv
2693,0,0,0,2h.csv
2693,0,0,0,2i.csv
2693,0,0,0,2j.csv
2693,0,0,0,2k.csv
2693,2,2,0,2l.csv
2693,7,6,1,3a.csv
2693,2,2,0,3b.csv
2693,2,1,1,3c.csv
2693,2,1,1,3d.csv
2693,11,11,0,3e.csv
2693,3,2,1,3f.csv
2693,0,0,0,3g.csv
2694,8,7,1,1a.csv
2694,1,0,1,1b.csv
2694,2,2,0,1c.csv
2694,2,1,1,1e.csv
2694,2,1,1,1f.csv
2694,1,1,0,1g.csv
2694,0,0,0,1h.csv
2694,1,1,0,1i.csv
2694,0,0,0,1j.csv
2694,0,0,0,1k.csv
2694,1,1,0,1l.csv
2694,2,2,0,1m.csv
2694,2,2,0,2a.csv
2694,1,1,0,2b.csv
2694,1,1,0,2c.csv
2694,1,1,0,2d.csv
2694,0,0,0,2e.csv
2694,0,0,0,2f.csv
2694,0,0,0,2g.csv
2694,0,0,0,2h.csv
2694,0,0,0,2i.csv
2694,0,0,0,2j.csv
2694,0,0,0,2k.csv
2694,2,2,0,2l.csv
2694,7,6,1,3a.csv
2694,3,2,1,3b.csv
2694,3,1,2,3c.csv
2694,3,1,2,3d.csv
2694,11,10,1,3e.csv
2694,3,2,1,3f.csv
2694,1,1,0,3g.csv
2695,7,6,1,1a.csv
2695,2,1,1,1b.csv
2695,2,2,0,1c.csv
2695,2,1,1,1e.csv
2695,2,1,1,1f.csv
2695,1,1,0,1g.csv
2695,0,0,0,1h.csv
2695,1,1,0,1i.csv
2695,0,0,0,1j.csv
2695,0,0,0,1k.csv
2695,1,1,0,1l.csv
2695,3,3,0,1m.csv
2695,2,2,0,2a.csv
2695,0,0,0,2b.csv
2695,1,1,0,2c.csv
2695,1,1,0,2d.csv
2695,0,0,0,2e.csv
2695,0,0,0,2f.csv
2695,0,0,0,2g.csv
2695,0,0,0,2h.csv
2695,0,0,0,2i.csv
2695,0,0,0,2j.csv
2695,0,0,0,2k.csv
2695,3,2,1,2l.csv
2695,5,5,0,3a.csv
2695,5,4,1,3b.csv
2695,4,1,3,3c.csv
2695,4,1,3,3d.csv
2695,11,10,1,3e.csv
2695,4,3,1,3f.csv
2695,2,2,0,3g.csv
2696,6,5,1,1a.csv
2696,2,1,1,1b.csv
2696,1,1,0,1c.csv
2696,2,1,1,1e.csv
2696,3,2,1,1f.csv
2696,1,1,0,1g.csv
2696,0,0,0,1h.csv
2696,1,1,0,1i.csv
2696,0,0,0,1j.csv
2696,0,0,0,1k.csv
2696,1,1,0,1l.csv
2696,4,4,0,1m.csv
2696,2,2,0,2a.csv
2696,0,0,0,2b.csv
2696,1,1,0,2c.csv
2696,1,1,0,2d.csv
2696,0,0,0,2e.csv
2696,0,0,0,2f.csv
2696,0,0,0,2g.csv
2696,0,0,0,2h.csv
2696,0,0,0,2i.csv
2696,0,0,0,2j.csv
2696,0,0,0,2k.csv
2696,3,2,1,2l.csv
2696,5,5,0,3a.csv
2696,4,3,1,3b.csv
2696,4,1,3,3c.csv
2696,4,1,3,3d.csv
2696,9,8,1,3e.csv
2696,3,2,1,3f.csv
2696,2,2,0,3g.csv
2697,6,5,1,1a.csv
2697,2,1,1,1b.csv
2697,1,1,0,1c.csv
2697,2,1,1,1e.csv
2697,3,2,1,1f.csv
2697,1,1,0,1g.csv
2697,0,0,0,1h.csv
2697,0,0,0,1i.csv
2697,0,0,0,1j.csv
2697,0,0,0,1k.csv
2697,0,0,0,1l.csv
2697,4,4,0,1m.csv
2697,2,2,0,2a.csv
2697,0,0,0,2b.csv
2697,3,3,0,2c.csv
2697,1,1,0,2d.csv
2697,0,0,0,2e.csv
2697,0,0,0,2f.csv
2697,0,0,0,2g.csv
2697,0,0,0,2h.csv
2697,0,0,0,2i.csv
2697,0,0,0,2j.csv
2697,0,0,0,2k.csv
2697,3,2,1,2l.csv
2697,4,4,0,3a.csv
2697,4,3,1,3b.csv
2697,2,0,2,3c.csv
2697,2,0,2,3d.csv
2697,8,7,1,3e.csv
2697,2,2,0,3f.csv
2697,2,2,0,3g.csv
2698,5,4,1,1a.csv
2698,1,1,0,1b.csv
2698,1,1,0,1c.csv
2698,2,1,1,1e.csv
2698,3,2,1,1f.csv
2698,0,0,0,1g.csv
2698,0,0,0,1h.csv
2698,0,0,0,1i.csv
2698,0,0,0,1j.csv
2698,0,0,0,1k.csv
2698,0,0,0,1l.csv
2698,3,3,0,1m.csv
2698,2,2,0,2a.csv
2698,0,0,0,2b.csv
2698,4,4,0,2c.csv
2698,1,1,0,2d.csv
2698,0,0,0,2e.csv
2698,0,0,0,2f.csv
2698,0,0,0,2g.csv
2698,0,0,0,2h.csv
2698,0,0,0,2i.csv
2698,0,0,0,2j.csv
2698,1,1,0,2k.csv
2698,3,2,1,2l.csv
2698,5,5,0,3a.csv
2698,6,5,1,3b.csv
2698,3,1,2,3c.csv
2698,3,1,2,3d.csv
2698,7,6,1,3e.csv
2698,3,3,0,3f.csv
2698,2,2,0,3g.csv
2699,3,3,0,1a.csv
2699,3,3,0,1b.csv
2699,0,0,0,1c.csv
2699,2,1,1,1e.csv
2699,2,2,0,1f.csv
2699,0,0,0,1g.csv
2699,0,0,0,1h.csv
2699,1,0,1,1i.csv
2699,0,0,0,1j.csv
2699,0,0,0,1k.csv
2699,0,0,0,1l.csv
2699,3,3,0,1m.csv
2699,0,0,0,2a.csv
2699,0,0,0,2b.csv
2699,4,4,0,2c.csv
2699,0,0,0,2d.csv
2699,0,0,0,2e.csv
2699,0,0,0,2f.csv
2699,0,0,0,2g.csv
2699,0,0,0,2h.csv
2699,0,0,0,2i.csv
2699,0,0,0,2j.csv
2699,1,1,0,2k.csv
2699,2,1,1,2l.csv
2699,5,5,0,3a.csv
2699,5,4,1,3b.csv
2699,3,1,2,3c.csv
2699,3,1,2,3d.csv
2699,8,7,1,3e.csv
2699,3,3,0,3f.csv
2699,2,2,0,3g.csv
2700,3,3,0,1a.csv
2700,3,3,0,1b.csv
2700,0,0,0,1c.csv
2700,2,1,1,1e.csv
2700,2,2,0,1f.csv
2700,0,0,0,1g.csv
2700,0,0,0,1h.csv
2700,1,0,1,1i.csv
2700,0,0,0,1j.csv
2700,0,0,0,1k.csv
2700,0,0,0,1l.csv
2700,3,3,0,1m.csv
2700,0,0,0,2a.csv
2700,0,0,0,2b.csv
2700,4,4,0,2c.csv
2700,0,0,0,2d.csv
2700,0,0,0,2e.csv
2700,0,0,0,2f.csv
2700,0,0,0,2g.csv
2700,0,0,0,2h.csv
2700,0,0,0,2i.csv
2700,0,0,0,2j.csv
2700,1,1,0,2k.csv
2700,1,0,1,2l.csv
2700,3,3,0,3a.csv
2700,5,4,1,3b.csv
2700,3,1,2,3c.csv
2700,3,1,2,3d.csv
2700,6,5,1,3e.csv
2700,3,3,0,3f.csv
2700,2,2,0,3g.csv
2701,3,3,0,1a.csv
2701,4,4,0,1b.csv
2701,0,0,0,1c.csv
2701,2,1,1,1e.csv
2701,2,2,0,1f.csv
2701,0,0,0,1g.csv
2701,0,0,0,1h.csv
2701,1,0,1,1i.csv
2701,0,0,0,1j.csv
2701,0,0,0,1k.csv
2701,0,0,0,1l.csv
2701,3,3,0,1m.csv
2701,0,0,0,2a.csv
2701,0,0,0,2b.csv
2701,4,4,0,2c.csv
2701,0,0,0,2d.csv
2701,0,0,0,2e.csv
2701,0,0,0,2f.csv
2701,0,0,0,2g.csv
2701,0,0,0,2h.csv
2701,0,0,0,2i.csv
2701,0,0,0,2j.csv
2701,1,1,0,2k.csv
2701,1,0,1,2l.csv
2701,4,4,0,3a.csv
2701,5,4,1,3b.csv
2701,4,2,2,3c.csv
2701,4,2,2,3d.csv
2701,4,3,1,3e.csv
2701,2,2,0,3f.csv
2701,3,3,0,3g.csv
2702,2,2,0,1a.csv
2702,5,5,0,1b.csv
2702,0,0,0,1c.csv
2702,0,0,0,1e.csv
2702,2,2,0,1f.csv
2702,0,0,0,1g.csv
2702,0,0,0,1h.csv
2702,1,0,1,1i.csv
2702,0,0,0,1j.csv
2702,0,0,0,1k.csv
2702,0,0,0,1l.csv
2702,3,3,0,1m.csv
2702,0,0,0,2a.csv
2702,0,0,0,2b.csv
2702,5,5,0,2c.csv
2702,0,0,0,2d.csv
2702,0,0,0,2e.csv
2702,0,0,0,2f.csv
2702,0,0,0,2g.csv
2702,0,0,0,2h.csv
2702,0,0,0,2i.csv
2702,0,0,0,2j.csv
2702,1,1,0,2k.csv
2702,1,0,1,2l.csv
2702,4,4,0,3a.csv
2702,4,4,0,3b.csv
2702,3,2,1,3c.csv
2702,3,2,1,3d.csv
2702,1,1,0,3e.csv
2702,3,3,0,3f.csv
2702,3,3,0,3g.csv
2703,3,3,0,1a.csv
2703,4,4,0,1b.csv
2703,0,0,0,1c.csv
2703,1,1,0,1e.csv
2703,3,3,0,1f.csv
2703,0,0,0,1g.csv
2703,0,0,0,1h.csv
2703,1,0,1,1i.csv
2703,0,0,0,1j.csv
2703,0,0,0,1k.csv
2703,0,0,0,1l.csv
2703,3,3,0,1m.csv
2703,0,0,0,2a.csv
2703,0,0,0,2b.csv
2703,5,5,0,2c.csv
2703,0,0,0,2d.csv
2703,0,0,0,2e.csv
2703,0,0,0,2f.csv
2703,0,0,0,2g.csv
2703,0,0,0,2h.csv
2703,0,0,0,2i.csv
2703,0,0,0,2j.csv
2703,1,1,0,2k.csv
2703,0,0,0,2l.csv
2703,3,3,0,3a.csv
2703,2,2,0,3b.csv
2703,3,3,0,3c.csv
2703,3,3,0,3d.csv
2703,2,2,0,3e.csv
2703,2,2,0,3f.csv
2703,2,2,0,3g.csv
2704,3,3,0,1a.csv
2704,4,4,0,1b.csv
2704,0,0,0,1c.csv
2704,1,1,0,1e.csv
2704,2,2,0,1f.csv
2704,0,0,0,1g.csv
2704,0,0,0,1h.csv
2704,2,1,1,1i.csv
2704,0,0,0,1j.csv
2704,0,0,0,1k.csv
2704,0,0,0,1l.csv
2704,2,2,0,1m.csv
2704,0,0,0,2a.csv
2704,0,0,0,2b.csv
2704,6,5,1,2c.csv
2704,0,0,0,2d.csv
2704,0,0,0,2e.csv
2704,0,0,0,2f.csv
2704,0,0,0,2g.csv
2704,0,0,0,2h.csv
2704,0,0,0,2i.csv
2704,0,0,0,2j.csv
2704,1,1,0,2k.csv
2704,1,0,1,2l.csv
2704,3,3,0,3a.csv
2704,2,2,0,3b.csv
2704,3,3,0,3c.csv
2704,3,3,0,3d.csv
2704,2,2,0,3e.csv
2704,2,2,0,3f.csv
2704,2,2,0,3g.csv
2705,4,3,1,1a.csv
2705,4,4,0,1b.csv
2705,0,0,0,1c.csv
2705,1,1,0,1e.csv
2705,2,2,0,1f.csv
2705,1,1,0,1g.csv
2705,0,0,0,1h.csv
2705,2,1,1,1i.csv
2705,0,0,0,1j.csv
2705,0,0,0,1k.csv
2705,0,0,0,1l.csv
2705,2,2,0,1m.csv
2705,0,0,0,2a.csv
2705,2,2,0,2b.csv
2705,4,3,1,2c.csv
2705,0,0,0,2d.csv
2705,0,0,0,2e.csv
2705,0,0,0,2f.csv
2705,0,0,0,2g.csv
2705,0,0,0,2h.csv
2705,0,0,0,2i.csv
2705,0,0,0,2j.csv
2705,1,1,0,2k.csv
2705,3,1,2,2l.csv
2705,4,4,0,3a.csv
2705,2,2,0,3b.csv
2705,4,3,1,3c.csv
2705,4,3,1,3d.csv
2705,2,2,0,3e.csv
2705,2,2,0,3f.csv
2705,2,2,0,3g.csv
2706,5,4,1,1a.csv
2706,4,4,0,1b.csv
2706,0,0,0,1c.csv
2706,1,1,0,1e.csv
2706,2,2,0,1f.csv
2706,1,1,0,1g.csv
2706,0,0,0,1h.csv
2706,2,1,1,1i.csv
2706,0,0,0,1j.csv
2706,0,0,0,1k.csv
2706,0,0,0,1l.csv
2706,1,1,0,1m.csv
2706,0,0,0,2a.csv
2706,2,2,0,2b.csv
2706,3,2,1,2c.csv
2706,0,0,0,2d.csv
2706,0,0,0,2e.csv
2706,0,0,0,2f.csv
2706,0,0,0,2g.csv
2706,0,0,0,2h.csv
2706,0,0,0,2i.csv
2706,0,0,0,2j.csv
2706,0,0,0,2k.csv
2706,3,1,2,2l.csv
2706,3,3,0,3a.csv
2706,0,0,0,3b.csv
2706,3,2,1,3c.csv
2706,3,2,1,3d.csv
2706,2,2,0,3e.csv
2706,2,2,0,3f.csv
2706,2,2,0,3g.csv
2707,4,3,1,1a.csv
2707,2,2,0,1b.csv
2707,0,0,0,1c.csv
2707,1,1,0,1e.csv
2707,1,1,0,1f.csv
2707,1,1,0,1g.csv
2707,1,1,0,1h.csv
2707,1,1,0,1i.csv
2707,0,0,0,1j.csv
2707,0,0,0,1k.csv
2707,0,0,0,1l.csv
2707,1,1,0,1m.csv
2707,0,0,0,2a.csv
2707,2,2,0,2b.csv
2707,3,2,1,2c.csv
2707,0,0,0,2d.csv
2707,0,0,0,2e.csv
2707,1,1,0,2f.csv
2707,0,0,0,2g.csv
2707,0,0,0,2h.csv
2707,0,0,0,2i.csv
2707,0,0,0,2j.csv
2707,0,0,0,2k.csv
2707,3,1,2,2l.csv
2707,3,3,0,3a.csv
2707,0,0,0,3b.csv
2707,3,2,1,3c.csv
2707,3,2,1,3d.csv
2707,2,1,1,3e.csv
2707,3,3,0,3f.csv
2707,4,3,1,3g.csv
2708,4,3,1,1a.csv
2708,2,2,0,1b.csv
2708,0,0,0,1c.csv
2708,1,1,0,1e.csv
2708,1,1,0,1f.csv
2708,1,1,0,1g.csv
2708,3,3,0,1h.csv
2708,1,1,0,1i.csv
2708,0,0,0,1j.csv
2708,0,0,0,1k.csv
2708,0,0,0,1l.csv
2708,1,1,0,1m.csv
2708,0,0,0,2a.csv
2708,2,2,0,2b.csv
2708,2,1,1,2c.csv
2708,0,0,0,2d.csv
2708,0,0,0,2e.csv
2708,1,1,0,2f.csv
2708,0,0,0,2g.csv
2708,0,0,0,2h.csv
2708,0,0,0,2i.csv
2708,0,0,0,2j.csv
2708,0,0,0,2k.csv
2708,3,1,2,2l.csv
2708,3,3,0,3a.csv
2708,0,0,0,3b.csv
2708,3,2,1,3c.csv
2708,3,2,1,3d.csv
2708,2,1,1,3e.csv
2708,3,3,0,3f.csv
2708,4,3,1,3g.csv
2709,4,3,1,1a.csv
2709,1,1,0,1b.csv
2709,0,0,0,1c.csv
2709,1,1,0,1e.csv
2709,1,1,0,1f.csv
2709,1,1,0,1g.csv
2709,3,3,0,1h.csv
2709,1,1,0,1i.csv
2709,1,1,0,1j.csv
2709,1,0,1,1k.csv
2709,0,0,0,1l.csv
2709,1,1,0,1m.csv
2709,0,0,0,2a.csv
2709,2,2,0,2b.csv
2709,3,2,1,2c.csv
2709,0,0,0,2d.csv
2709,0,0,0,2e.csv
2709,1,1,0,2f.csv
2709,0,0,0,2g.csv
2709,1,1,0,2h.csv
2709,0,0,0,2i.csv
2709,0,0,0,2j.csv
2709,0,0,0,2k.csv
2709,4,2,2,2l.csv
2709,3,2,1,3a.csv
2709,0,0,0,3b.csv
2709,2,1,1,3c.csv
2709,2,1,1,3d.csv
2709,2,1,1,3e.csv
2709,4,4,0,3f.csv
2709,3,2,1,3g.csv
2710,5,4,1,1a.csv
2710,1,1,0,1b.csv
2710,0,0,0,1c.csv
2710,1,1,0,1e.csv
2710,1,1,0,1f.csv
2710,1,1,0,1g.csv
2710,3,3,0,1h.csv
2710,1,1,0,1i.csv
2710,1,1,0,1j.csv
2710,1,0,1,1k.csv
2710,0,0,0,1l.csv
2710,1,1,0,1m.csv
2710,0,0,0,2a.csv
2710,2,2,0,2b.csv
2710,2,1,1,2c.csv
2710,0,0,0,2d.csv
2710,0,0,0,2e.csv
2710,1,1,0,2f.csv
2710,0,0,0,2g.csv
2710,1,1,0,2h.csv
2710,0,0,0,2i.csv
2710,0,0,0,2j.csv
2710,0,0,0,2k.csv
2710,4,2,2,2l.csv
2710,4,3,1,3a.csv
2710,0,0,0,3b.csv
2710,3,2,1,3c.csv
2710,3,2,1,3d.csv
2710,2,1,1,3e.csv
2710,3,3,0,3f.csv
2710,3,2,1,3g.csv
2711,4,3,1,1a.csv
2711,1,1,0,1b.csv
2711,0,0,0,1c.csv
2711,0,0,0,1e.csv
2711,0,0,0,1f.csv
2711,1,1,0,1g.csv
2711,4,4,0,1h.csv
2711,1,1,0,1i.csv
2711,1,1,0,1j.csv
2711,2,1,1,1k.csv
2711,0,0,0,1l.csv
2711,0,0,0,1m.csv
2711,0,0,0,2a.csv
2711,2,2,0,2b.csv
2711,2,1,1,2c.csv
2711,0,0,0,2d.csv
2711,0,0,0,2e.csv
2711,1,1,0,2f.csv
2711,0,0,0,2g.csv
2711,1,1,0,2h.csv
2711,0,0,0,2i.csv
2711,0,0,0,2j.csv
2711,0,0,0,2k.csv
2711,5,3,2,2l.csv
2711,4,3,1,3a.csv
2711,0,0,0,3b.csv
2711,2,1,1,3c.csv
2711,2,1,1,3d.csv
2711,1,0,1,3e.csv
2711,4,4,0,3f.csv
2711,3,2,1,3g.csv
2712,5,4,1,1a.csv
2712,1,1,0,1b.csv
2712,0,0,0,1c.csv
2712,0,0,0,1e.csv
2712,0,0,0,1f.csv
2712,1,1,0,1g.csv
2712,4,4,0,1h.csv
2712,2,2,0,1i.csv
2712,1,1,0,1j.csv
2712,3,2,1,1k.csv
2712,0,0,0,1l.csv
2712,0,0,0,1m.csv
2712,1,0,1,2a.csv
2712,2,2,0,2b.csv
2712,1,1,0,2c.csv
2712,0,0,0,2d.csv
2712,0,0,0,2e.csv
2712,1,1,0,2f.csv
2712,0,0,0,2g.csv
2712,1,1,0,2h.csv
2712,0,0,0,2i.csv
2712,0,0,0,2j.csv
2712,0,0,0,2k.csv
2712,4,3,1,2l.csv
2712,3,2,1,3a.csv
2712,0,0,0,3b.csv
2712,3,2,1,3c.csv
2712,3,2,1,3d.csv
2712,1,0,1,3e.csv
2712,4,4,0,3f.csv
2712,3,2,1,3g.csv
2713,4,4,0,1a.csv
2713,3,1,2,1b.csv
2713,0,0,0,1c.csv
2713,0,0,0,1e.csv
2713,1,1,0,1f.csv
2713,1,0,1,1g.csv
2713,4,4,0,1h.csv
2713,2,2,0,1i.csv
2713,1,1,0,1j.csv
2713,3,2,1,1k.csv
2713,0,0,0,1l.csv
2713,0,0,0,1m.csv
2713,2,1,1,2a.csv
2713,0,0,0,2b.csv
2713,1,1,0,2c.csv
2713,0,0,0,2d.csv
2713,0,0,0,2e.csv
2713,1,1,0,2f.csv
2713,0,0,0,2g.csv
2713,1,1,0,2h.csv
2713,0,0,0,2i.csv
2713,1,1,0,2j.csv
2713,0,0,0,2k.csv
2713,2,2,0,2l.csv
2713,2,1,1,3a.csv
2713,0,0,0,3b.csv
2713,3,3,0,3c.csv
2713,3,3,0,3d.csv
2713,1,0,1,3e.csv
2713,4,4,0,3f.csv
2713,3,2,1,3g.csv
2714,3,3,0,1a.csv
2714,3,1,2,1b.csv
2714,0,0,0,1c.csv
2714,0,0,0,1e.csv
2714,1,1,0,1f.csv
2714,2,1,1,1g.csv
2714,4,4,0,1h.csv
2714,2,2,0,1i.csv
2714,1,1,0,1j.csv
2714,3,2,1,1k.csv
2714,0,0,0,1l.csv
2714,1,1,0,1m.csv
2714,2,1,1,2a.csv
2714,0,0,0,2b.csv
2714,2,2,0,2c.csv
2714,0,0,0,2d.csv
2714,0,0,0,2e.csv
2714,1,1,0,2f.csv
2714,0,0,0,2g.csv
2714,1,1,0,2h.csv
2714,0,0,0,2i.csv
2714,1,1,0,2j.csv
2714,0,0,0,2k.csv
2714,2,2,0,2l.csv
2714,2,1,1,3a.csv
2714,1,1,0,3b.csv
2714,3,3,0,3c.csv
2714,3,3,0,3d.csv
2714,1,0,1,3e.csv
2714,3,3,0,3f.csv
2714,3,2,1,3g.csv
2715,5,5,0,1a.csv
2715,3,1,2,1b.csv
2715,0,0,0,1c.csv
2715,0,0,0,1e.csv
2715,1,1,0,1f.csv
2715,2,1,1,1g.csv
2715,3,3,0,1h.csv
2715,2,2,0,1i.csv
2715,1,1,0,1j.csv
2715,3,2,1,1k.csv
2715,0,0,0,1l.csv
2715,2,2,0,1m.csv
2715,2,1,1,2a.csv
2715,0,0,0,2b.csv
2715,2,2,0,2c.csv
2715,0,0,0,2d.csv
2715,0,0,0,2e.csv
2715,0,0,0,2f.csv
2715,0,0,0,2g.csv
2715,1,1,0,2h.csv
2715,0,0,0,2i.csv
2715,1,1,0,2j.csv
2715,0,0,0,2k.csv
2715,2,2,0,2l.csv
2715,2,1,1,3a.csv
2715,1,1,0,3b.csv
2715,3,3,0,3c.csv
2715,3,3,0,3d.csv
2715,0,0,0,3e.csv
2715,2,2,0,3f.csv
2715,1,1,0,3g.csv
2716,7,7,0,1a.csv
2716,3,1,2,1b.csv
2716,0,0,0,1c.csv
2716,0,0,0,1e.csv
2716,1,1,0,1f.csv
2716,2,1,1,1g.csv
2716,2,1,1,1h.csv
2716,2,2,0,1i.csv
2716,1,1,0,1j.csv
2716,3,2,1,1k.csv
2716,1,1,0,1l.csv
2716,2,2,0,1m.csv
2716,2,1,1,2a.csv
2716,0,0,0,2b.csv
2716,3,3,0,2c.csv
2716,0,0,0,2d.csv
2716,0,0,0,2e.csv
2716,0,0,0,2f.csv
2716,0,0,0,2g.csv
2716,1,1,0,2h.csv
2716,0,0,0,2i.csv
2716,1,1,0,2j.csv
2716,0,0,0,2k.csv
2716,2,2,0,2l.csv
2716,3,1,2,3a.csv
2716,1,1,0,3b.csv
2716,4,4,0,3c.csv
2716,4,4,0,3d.csv
2716,0,0,0,3e.csv
2716,2,2,0,3f.csv
2716,2,2,0,3g.csv
2717,8,7,1,1a.csv
2717,3,1,2,1b.csv
2717,0,0,0,1c.csv
2717,0,0,0,1e.csv
2717,1,1,0,1f.csv
2717,2,1,1,1g.csv
2717,2,1,1,1h.csv
2717,2,2,0,1i.csv
2717,0,0,0,1j.csv
2717,4,3,1,1k.csv
2717,2,2,0,1l.csv
2717,2,2,0,1m.csv
2717,2,1,1,2a.csv
2717,0,0,0,2b.csv
2717,2,2,0,2c.csv
2717,0,0,0,2d.csv
2717,0,0,0,2e.csv
2717,0,0,0,2f.csv
2717,0,0,0,2g.csv
2717,0,0,0,2h.csv
2717,0,0,0,2i.csv
2717,1,1,0,2j.csv
2717,0,0,0,2k.csv
2717,1,1,0,2l.csv
2717,2,1,1,3a.csv
2717,1,1,0,3b.csv
2717,4,4,0,3c.csv
2717,4,4,0,3d.csv
2717,0,0,0,3e.csv
2717,1,1,0,3f.csv
2717,2,2,0,3g.csv
2718,10,8,2,1a.csv
2718,2,0,2,1b.csv
2718,0,0,0,1c.csv
2718,0,0,0,1e.csv
2718,1,1,0,1f.csv
2718,2,1,1,1g.csv
2718,2,1,1,1h.csv
2718,2,2,0,1i.csv
2718,0,0,0,1j.csv
2718,4,3,1,1k.csv
2718,2,2,0,1l.csv
2718,3,3,0,1m.csv
2718,2,1,1,2a.csv
2718,0,0,0,2b.csv
2718,3,3,0,2c.csv
2718,0,0,0,2d.csv
2718,0,0,0,2e.csv
2718,0,0,0,2f.csv
2718,0,0,0,2g.csv
2718,0,0,0,2h.csv
2718,0,0,0,2i.csv
2718,1,1,0,2j.csv
2718,0,0,0,2k.csv
2718,1,1,0,2l.csv
2718,1,0,1,3a.csv
2718,2,2,0,3b.csv
2718,4,3,1,3c.csv
2718,4,3,1,3d.csv
2718,0,0,0,3e.csv
2718,1,1,0,3f.csv
2718,1,1,0,3g.csv
2719,11,9,2,1a.csv
2719,3,0,3,1b.csv
2719,0,0,0,1c.csv
2719,0,0,0,1e.csv
2719,1,1,0,1f.csv
2719,2,1,1,1g.csv
2719,1,0,1,1h.csv
2719,2,2,0,1i.csv
2719,1,1,0,1j.csv
2719,3,2,1,1k.csv
2719,2,2,0,1l.csv
2719,3,3,0,1m.csv
2719,2,1,1,2a.csv
2719,0,0,0,2b.csv
2719,4,4,0,2c.csv
2719,0,0,0,2d.csv
2719,0,0,0,2e.csv
2719,0,0,0,2f.csv
2719,0,0,0,2g.csv
2719,0,0,0,2h.csv
2719,0,0,0,2i.csv
2719,1,1,0,2j.csv
2719,0,0,0,2k.csv
2719,0,0,0,2l.csv
2719,1,0,1,3a.csv
2719,3,3,0,3b.csv
2719,4,3,1,3c.csv
2719,4,3,1,3d.csv
2719,0,0,0,3e.csv
2719,0,0,0,3f.csv
2719,1,1,0,3g.csv
2720,11,9,2,1a.csv
2720,3,0,3,1b.csv
2720,1,1,0,1c.csv
2720,0,0,0,1e.csv
2720,1,1,0,1f.csv
2720,2,1,1,1g.csv
2720,2,0,2,1h.csv
2720,0,0,0,1i.csv
2720,1,1,0,1j.csv
2720,2,1,1,1k.csv
2720,2,2,0,1l.csv
2720,3,3,0,1m.csv
2720,1,1,0,2a.csv
2720,0,0,0,2b.csv
2720,6,6,0,2c.csv
2720,0,0,0,2d.csv
2720,0,0,0,2e.csv
2720,0,0,0,2f.csv
2720,0,0,0,2g.csv
2720,0,0,0,2h.csv
2720,0,0,0,2i.csv
2720,1,1,0,2j.csv
2720,0,0,0,2k.csv
2720,0,0,0,2l.csv
2720,1,0,1,3a.csv
2720,4,4,0,3b.csv
2720,3,2,1,3c.csv
2720,3,2,1,3d.csv
2720,0,0,0,3e.csv
2720,0,0,0,3f.csv
2720,1,1,0,3g.csv
2721,12,9,3,1a.csv
2721,1,0,1,1b.csv
2721,1,1,0,1c.csv
2721,0,0,0,1e.csv
2721,0,0,0,1f.csv
2721,1,1,0,1g.csv
2721,2,0,2,1h.csv
2721,0,0,0,1i.csv
2721,1,1,0,1j.csv
2721,3,2,1,1k.csv
2721,2,2,0,1l.csv
2721,3,3,0,1m.csv
2721,0,0,0,2a.csv
2721,0,0,0,2b.csv
2721,6,6,0,2c.csv
2721,0,0,0,2d.csv
2721,0,0,0,2e.csv
2721,0,0,0,2f.csv
2721,0,0,0,2g.csv
2721,0,0,0,2h.csv
2721,0,0,0,2i.csv
2721,0,0,0,2j.csv
2721,0,0,0,2k.csv
2721,2,2,0,2l.csv
2721,2,1,1,3a.csv
2721,4,4,0,3b.csv
2721,2,1,1,3c.csv
2721,2,1,1,3d.csv
2721,0,0,0,3e.csv
2721,0,0,0,3f.csv
2721,1,1,0,3g.csv
2722,15,10,5,1a.csv
2722,1,0,1,1b.csv
2722,1,1,0,1c.csv
2722,0,0,0,1e.csv
2722,0,0,0,1f.csv
2722,0,0,0,1g.csv
2722,2,0,2,1h.csv
2722,0,0,0,1i.csv
2722,1,1,0,1j.csv
2722,4,3,1,1k.csv
2722,2,2,0,1l.csv
2722,2,2,0,1m.csv
2722,0,0,0,2a.csv
2722,0,0,0,2b.csv
2722,5,5,0,2c.csv
2722,0,0,0,2d.csv
2722,0,0,0,2e.csv
2722,0,0,0,2f.csv
2722,0,0,0,2g.csv
2722,0,0,0,2h.csv
2722,0,0,0,2i.csv
2722,0,0,0,2j.csv
2722,0,0,0,2k.csv
2722,2,2,0,2l.csv
2722,2,1,1,3a.csv
2722,4,4,0,3b.csv
2722,2,1,1,3c.csv
2722,2,1,1,3d.csv
2722,1,1,0,3e.csv
2722,0,0,0,3f.csv
2722,1,1,0,3g.csv
2723,15,9,6,1a.csv
2723,1,0,1,1b.csv
2723,1,1,0,1c.csv
2723,0,0,0,1e.csv
2723,0,0,0,1f.csv
2723,0,0,0,1g.csv
2723,2,0,2,1h.csv
2723,0,0,0,1i.csv
2723,1,1,0,1j.csv
2723,4,3,1,1k.csv
2723,2,2,0,1l.csv
2723,1,1,0,1m.csv
2723,0,0,0,2a.csv
2723,0,0,0,2b.csv
2723,5,5,0,2c.csv
2723,0,0,0,2d.csv
2723,0,0,0,2e.csv
2723,0,0,0,2f.csv
2723,0,0,0,2g.csv
2723,0,0,0,2h.csv
2723,0,0,0,2i.csv
2723,0,0,0,2j.csv
2723,0,0,0,2k.csv
2723,2,2,0,2l.csv
2723,3,2,1,3a.csv
2723,4,4,0,3b.csv
2723,3,2,1,3c.csv
2723,3,2,1,3d.csv
2723,1,1,0,3e.csv
2723,0,0,0,3f.csv
2723,1,1,0,3g.csv
2724,13,7,6,1a.csv
2724,1,0,1,1b.csv
2724,1,1,0,1c.csv
2724,0,0,0,1e.csv
2724,0,0,0,1f.csv
2724,1,1,0,1g.csv
2724,1,0,1,1h.csv
2724,0,0,0,1i.csv
2724,1,1,0,1j.csv
2724,4,3,1,1k.csv
2724,1,1,0,1l.csv
2724,1,1,0,1m.csv
2724,0,0,0,2a.csv
2724,1,1,0,2b.csv
2724,4,4,0,2c.csv
2724,0,0,0,2d.csv
2724,0,0,0,2e.csv
2724,0,0,0,2f.csv
2724,0,0,0,2g.csv
2724,0,0,0,2h.csv
2724,0,0,0,2i.csv
2724,0,0,0,2j.csv
2724,0,0,0,2k.csv
2724,2,2,0,2l.csv
2724,2,2,0,3a.csv
2724,4,4,0,3b.csv
2724,2,1,1,3c.csv
2724,2,1,1,3d.csv
2724,1,1,0,3e.csv
2724,0,0,0,3f.csv
2724,1,0,1,3g.csv
2725,12,6,6,1a.csv
2725,1,0,1,1b.csv
2725,2,2,0,1c.csv
2725,0,0,0,1e.csv
2725,0,0,0,1f.csv
2725,1,1,0,1g.csv
2725,1,0,1,1h.csv
2725,0,0,0,1i.csv
2725,2,2,0,1j.csv
2725,2,2,0,1k.csv
2725,0,0,0,1l.csv
2725,1,1,0,1m.csv
2725,0,0,0,2a.csv
2725,1,1,0,2b.csv
2725,4,4,0,2c.csv
2725,0,0,0,2d.csv
2725,0,0,0,2e.csv
2725,0,0,0,2f.csv
2725,0,0,0,2g.csv
2725,0,0,0,2h.csv
2725,0,0,0,2i.csv
2725,0,0,0,2j.csv
2725,0,0,0,2k.csv
2725,2,2,0,2l.csv
2725,2,2,0,3a.csv
2725,4,4,0,3b.csv
2725,2,1,1,3c.csv
2725,2,1,1,3d.csv
2725,1,1,0,3e.csv
2725,0,0,0,3f.csv
2725,1,0,1,3g.csv
2726,9,4,5,1a.csv
2726,2,0,2,1b.csv
2726,2,2,0,1c.csv
2726,0,0,0,1e.csv
2726,0,0,0,1f.csv
2726,1,1,0,1g.csv
2726,1,0,1,1h.csv
2726,0,0,0,1i.csv
2726,2,2,0,1j.csv
2726,2,2,0,1k.csv
2726,0,0,0,1l.csv
2726,0,0,0,1m.csv
2726,0,0,0,2a.csv
2726,1,1,0,2b.csv
2726,3,3,0,2c.csv
2726,0,0,0,2d.csv
2726,0,0,0,2e.csv
2726,0,0,0,2f.csv
2726,0,0,0,2g.csv
2726,0,0,0,2h.csv
2726,0,0,0,2i.csv
2726,0,0,0,2j.csv
2726,0,0,0,2k.csv
2726,2,2,0,2l.csv
2726,3,2,1,3a.csv
2726,4,4,0,3b.csv
2726,1,1,0,3c.csv
2726,1,1,0,3d.csv
2726,1,1,0,3e.csv
2726,0,0,0,3f.csv
2726,1,0,1,3g.csv
2727,10,4,6,1a.csv
2727,1,0,1,1b.csv
2727,3,3,0,1c.csv
2727,0,0,0,1e.csv
2727,0,0,0,1f.csv
2727,1,1,0,1g.csv
2727,1,0,1,1h.csv
2727,0,0,0,1i.csv
2727,1,1,0,1j.csv
2727,3,3,0,1k.csv
2727,0,0,0,1l.csv
2727,0,0,0,1m.csv
2727,0,0,0,2a.csv
2727,1,1,0,2b.csv
2727,2,2,0,2c.csv
2727,0,0,0,2d.csv
2727,0,0,0,2e.csv
2727,0,0,0,2f.csv
2727,0,0,0,2g.csv
2727,0,0,0,2h.csv
2727,0,0,0,2i.csv
2727,0,0,0,2j.csv
2727,0,0,0,2k.csv
2727,2,2,0,2l.csv
2727,3,2,1,3a.csv
2727,3,3,0,3b.csv
2727,1,1,0,3c.csv
2727,1,1,0,3d.csv
2727,1,1,0,3e.csv
2727,1,1,0,3f.csv
2727,1,0,1,3g.csv
2728,10,4,6,1a.csv
2728,1,0,1,1b.csv
2728,2,2,0,1c.csv
2728,0,0,0,1e.csv
2728,1,1,0,1f.csv
2728,1,1,0,1g.csv
2728,0,0,0,1h.csv
2728,0,0,0,1i.csv
2728,1,1,0,1j.csv
2728,3,3,0,1k.csv
2728,0,0,0,1l.csv
2728,0,0,0,1m.csv
2728,0,0,0,2a.csv
2728,1,1,0,2b.csv
2728,0,0,0,2c.csv
2728,0,0,0,2d.csv
2728,0,0,0,2e.csv
2728,0,0,0,2f.csv
2728,0,0,0,2g.csv
2728,0,0,0,2h.csv
2728,0,0,0,2i.csv
2728,0,0,0,2j.csv
2728,0,0,0,2k.csv
2728,2,2,0,2l.csv
2728,3,2,1,3a.csv
2728,3,3,0,3b.csv
2728,1,1,0,3c.csv
2728,1,1,0,3d.csv
2728,1,1,0,3e.csv
2728,1,1,0,3f.csv
2728,1,0,1,3g.csv
2729,9,4,5,1a.csv
2729,1,0,1,1b.csv
2729,2,2,0,1c.csv
2729,0,0,0,1e.csv
2729,2,1,1,1f.csv
2729,1,1,0,1g.csv
2729,0,0,0,1h.csv
2729,0,0,0,1i.csv
2729,1,1,0,1j.csv
2729,2,2,0,1k.csv
2729,0,0,0,1l.csv
2729,0,0,0,1m.csv
2729,0,0,0,2a.csv
2729,1,1,0,2b.csv
2729,0,0,0,2c.csv
2729,0,0,0,2d.csv
2729,0,0,0,2e.csv
2729,0,0,0,2f.csv
2729,0,0,0,2g.csv
2729,0,0,0,2h.csv
2729,0,0,0,2i.csv
2729,0,0,0,2j.csv
2729,0,0,0,2k.csv
2729,1,1,0,2l.csv
2729,2,1,1,3a.csv
2729,3,3,0,3b.csv
2729,1,1,0,3c.csv
2729,1,1,0,3d.csv
2729,1,1,0,3e.csv
2729,1,1,0,3f.csv
2729,1,0,1,3g.csv
2730,8,5,3,1a.csv
2730,3,1,2,1b.csv
2730,3,3,0,1c.csv
2730,0,0,0,1e.csv
2730,2,1,1,1f.csv
2730,1,1,0,1g.csv
2730,0,0,0,1h.csv
2730,0,0,0,1i.csv
2730,1,1,0,1j.csv
2730,2,2,0,1k.csv
2730,0,0,0,1l.csv
2730,0,0,0,1m.csv
2730,0,0,0,2a.csv
2730,1,1,0,2b.csv
2730,0,0,0,2c.csv
2730,0,0,0,2d.csv
2730,0,0,0,2e.csv
2730,0,0,0,2f.csv
2730,0,0,0,2g.csv
2730,0,0,0,2h.csv
2730,0,0,0,2i.csv
2730,0,0,0,2j.csv
2730,0,0,0,2k.csv
2730,1,1,0,2l.csv
2730,4,2,2,3a.csv
2730,2,2,0,3b.csv
2730,1,1,0,3c.csv
2730,1,1,0,3d.csv
2730,0,0,0,3e.csv
2730,2,2,0,3f.csv
2730,1,0,1,3g.csv
2731,7,5,2,1a.csv
2731,4,2,2,1b.csv
2731,3,3,0,1c.csv
2731,0,0,0,1e.csv
2731,2,1,1,1f.csv
2731,1,1,0,1g.csv
2731,1,1,0,1h.csv
2731,0,0,0,1i.csv
2731,1,1,0,1j.csv
2731,2,2,0,1k.csv
2731,0,0,0,1l.csv
2731,0,0,0,1m.csv
2731,0,0,0,2a.csv
2731,1,1,0,2b.csv
2731,0,0,0,2c.csv
2731,0,0,0,2d.csv
2731,0,0,0,2e.csv
2731,0,0,0,2f.csv
2731,0,0,0,2g.csv
2731,0,0,0,2h.csv
2731,0,0,0,2i.csv
2731,0,0,0,2j.csv
2731,0,0,0,2k.csv
2731,1,1,0,2l.csv
2731,3,1,2,3a.csv
2731,4,4,0,3b.csv
2731,0,0,0,3c.csv
2731,0,0,0,3d.csv
2731,0,0,0,3e.csv
2731,2,2,0,3f.csv
2731,1,0,1,3g.csv
2732,7,5,2,1a.csv
2732,4,2,2,1b.csv
2732,3,3,0,1c.csv
2732,0,0,0,1e.csv
2732,3,2,1,1f.csv
2732,0,0,0,1g.csv
2732,1,1,0,1h.csv
2732,0,0,0,1i.csv
2732,1,1,0,1j.csv
2732,2,2,0,1k.csv
2732,0,0,0,1l.csv
2732,0,0,0,1m.csv
2732,0,0,0,2a.csv
2732,0,0,0,2b.csv
2732,0,0,0,2c.csv
2732,0,0,0,2d.csv
2732,0,0,0,2e.csv
2732,0,0,0,2f.csv
2732,0,0,0,2g.csv
2732,0,0,0,2h.csv
2732,0,0,0,2i.csv
2732,0,0,0,2j.csv
2732,0,0,0,2k.csv
2732,2,2,0,2l.csv
2732,4,2,2,3a.csv
2732,7,7,0,3b.csv
2732,0,0,0,3c.csv
2732,0,0,0,3d.csv
2732,0,0,0,3e.csv
2732,2,2,0,3f.csv
2732,0,0,0,3g.csv
2733,7,6,1,1a.csv
2733,4,2,2,1b.csv
2733,2,2,0,1c.csv
2733,0,0,0,1e.csv
2733,3,2,1,1f.csv
2733,0,0,0,1g.csv
2733,1,1,0,1h.csv
2733,0,0,0,1i.csv
2733,0,0,0,1j.csv
2733,3,3,0,1k.csv
2733,0,0,0,1l.csv
2733,0,0,0,1m.csv
2733,0,0,0,2a.csv
2733,0,0,0,2b.csv
2733,0,0,0,2c.csv
2733,0,0,0,2d.csv
2733,0,0,0,2e.csv
2733,0,0,0,2f.csv
2733,0,0,0,2g.csv
2733,0,0,0,2h.csv
2733,0,0,0,2i.csv
2733,0,0,0,2j.csv
2733,0,0,0,2k.csv
2733,2,2,0,2l.csv
2733,5,2,3,3a.csv
2733,8,8,0,3b.csv
2733,0,0,0,3c.csv
2733,0,0,0,3d.csv
2733,0,0,0,3e.csv
2733,2,2,0,3f.csv
2733,0,0,0,3g.csv
2734,7,6,1,1a.csv
2734,5,4,1,1b.csv
2734,3,3,0,1c.csv
2734,1,1,0,1e.csv
2734,5,4,1,1f.csv
2734,0,0,0,1g.csv
2734,1,1,0,1h.csv
2734,0,0,0,1i.csv
2734,0,0,0,1j.csv
2734,3,3,0,1k.csv
2734,0,0,0,1l.csv
2734,0,0,0,1m.csv
2734,0,0,0,2a.csv
2734,0,0,0,2b.csv
2734,0,0,0,2c.csv
2734,0,0,0,2d.csv
2734,0,0,0,2e.csv
2734,0,0,0,2f.csv
2734,0,0,0,2g.csv
2734,0,0,0,2h.csv
2734,0,0,0,2i.csv
2734,0,0,0,2j.csv
2734,0,0,0,2k.csv
2734,3,3,0,2l.csv
2734,4,2,2,3a.csv
2734,8,8,0,3b.csv
2734,0,0,0,3c.csv
2734,0,0,0,3d.csv
2734,0,0,0,3e.csv
2734,2,2,0,3f.csv
2734,0,0,0,3g.csv
2735,5,5,0,1a.csv
2735,6,5,1,1b.csv
2735,2,2,0,1c.csv
2735,1,1,0,1e.csv
2735,5,4,1,1f.csv
2735,0,0,0,1g.csv
2735,1,1,0,1h.csv
2735,0,0,0,1i.csv
2735,0,0,0,1j.csv
2735,2,2,0,1k.csv
2735,0,0,0,1l.csv
2735,0,0,0,1m.csv
2735,0,0,0,2a.csv
2735,0,0,0,2b.csv
2735,0,0,0,2c.csv
2735,0,0,0,2d.csv
2735,0,0,0,2e.csv
2735,0,0,0,2f.csv
2735,0,0,0,2g.csv
2735,0,0,0,2h.csv
2735,1,1,0,2i.csv
2735,0,0,0,2j.csv
2735,0,0,0,2k.csv
2735,3,3,0,2l.csv
2735,5,3,2,3a.csv
2735,8,8,0,3b.csv
2735,0,0,0,3c.csv
2735,0,0,0,3d.csv
2735,0,0,0,3e.csv
2735,1,1,0,3f.csv
2735,0,0,0,3g.csv
2736,4,4,0,1a.csv
2736,6,5,1,1b.csv
2736,3,3,0,1c.csv
2736,1,1,0,1e.csv
2736,4,3,1,1f.csv
2736,0,0,0,1g.csv
2736,1,1,0,1h.csv
2736,0,0,0,1i.csv
2736,0,0,0,1j.csv
2736,2,2,0,1k.csv
2736,0,0,0,1l.csv
2736,0,0,0,1m.csv
2736,1,1,0,2a.csv
2736,0,0,0,2b.csv
2736,0,0,0,2c.csv
2736,0,0,0,2d.csv
2736,0,0,0,2e.csv
2736,0,0,0,2f.csv
2736,0,0,0,2g.csv
2736,0,0,0,2h.csv
2736,1,1,0,2i.csv
2736,0,0,0,2j.csv
2736,0,0,0,2k.csv
2736,3,3,0,2l.csv
2736,5,3,2,3a.csv
2736,9,9,0,3b.csv
2736,0,0,0,3c.csv
2736,0,0,0,3d.csv
2736,0,0,0,3e.csv
2736,1,1,0,3f.csv
2736,0,0,0,3g.csv
2737,4,4,0,1a.csv
2737,6,5,1,1b.csv
2737,3,3,0,1c.csv
2737,1,1,0,1e.csv
2737,5,4,1,1f.csv
2737,0,0,0,1g.csv
2737,1,1,0,1h.csv
2737,0,0,0,1i.csv
2737,0,0,0,1j.csv
2737,2,2,0,1k.csv
2737,0,0,0,1l.csv
2737,0,0,0,1m.csv
2737,1,1,0,2a.csv
2737,0,0,0,2b.csv
2737,0,0,0,2c.csv
2737,0,0,0,2d.csv
2737,0,0,0,2e.csv
2737,0,0,0,2f.csv
2737,0,0,0,2g.csv
2737,0,0,0,2h.csv
2737,1,1,0,2i.csv
2737,0,0,0,2j.csv
2737,0,0,0,2k.csv
2737,4,4,0,2l.csv
2737,6,4,2,3a.csv
2737,10,10,0,3b.csv
2737,0,0,0,3c.csv
2737,0,0,0,3d.csv
2737,0,0,0,3e.csv
2737,1,1,0,3f.csv
2737,0,0,0,3g.csv
2738,2,2,0,1a.csv
2738,4,4,0,1b.csv
2738,2,2,0,1c.csv
2738,1,1,0,1e.csv
2738,6,5,1,1f.csv
2738,0,0,0,1g.csv
2738,1,1,0,1h.csv
2738,0,0,0,1i.csv
2738,0,0,0,1j.csv
2738,1,1,0,1k.csv
2738,0,0,0,1l.csv
2738,0,0,0,1m.csv
2738,1,1,0,2a.csv
2738,0,0,0,2b.csv
2738,0,0,0,2c.csv
2738,0,0,0,2d.csv
2738,0,0,0,2e.csv
2738,0,0,0,2f.csv
2738,0,0,0,2g.csv
2738,0,0,0,2h.csv
2738,1,1,0,2i.csv
2738,0,0,0,2j.csv
2738,0,0,0,2k.csv
2738,4,4,0,2l.csv
2738,5,3,2,3a.csv
2738,11,11,0,3b.csv
2738,0,0,0,3c.csv
2738,0,0,0,3d.csv
2738,0,0,0,3e.csv
2738,0,0,0,3f.csv
2738,1,1,0,3g.csv
2739,2,2,0,1a.csv
2739,4,4,0,1b.csv
2739,2,2,0,1c.csv
2739,1,1,0,1e.csv
2739,6,5,1,1f.csv
2739,0,0,0,1g.csv
2739,0,0,0,1h.csv
2739,0,0,0,1i.csv
2739,0,0,0,1j.csv
2739,1,1,0,1k.csv
2739,0,0,0,1l.csv
2739,0,0,0,1m.csv
2739,1,1,0,2a.csv
2739,0,0,0,2b.csv
2739,0,0,0,2c.csv
2739,0,0,0,2d.csv
2739,0,0,0,2e.csv
2739,0,0,0,2f.csv
2739,0,0,0,2g.csv
2739,0,0,0,2h.csv
2739,1,1,0,2i.csv
2739,0,0,0,2j.csv
2739,0,0,0,2k.csv
2739,4,4,0,2l.csv
2739,5,3,2,3a.csv
2739,10,10,0,3b.csv
2739,0,0,0,3c.csv
2739,0,0,0,3d.csv
2739,0,0,0,3e.csv
2739,0,0,0,3f.csv
2739,1,1,0,3g.csv
2740,2,2,0,1a.csv
2740,4,4,0,1b.csv
2740,2,2,0,1c.csv
2740,1,1,0,1e.csv
2740,5,4,1,1f.csv
2740,0,0,0,1g.csv
2740,0,0,0,1h.csv
2740,0,0,0,1i.csv
2740,0,0,0,1j.csv
2740,1,1,0,1k.csv
2740,0,0,0,1l.csv
2740,0,0,0,1m.csv
2740,1,1,0,2a.csv
2740,0,0,0,2b.csv
2740,0,0,0,2c.csv
2740,0,0,0,2d.csv
2740,0,0,0,2e.csv
2740,0,0,0,2f.csv
2740,0,0,0,2g.csv
2740,0,0,0,2h.csv
2740,1,1,0,2i.csv
2740,0,0,0,2j.csv
2740,0,0,0,2k.csv
2740,3,3,0,2l.csv
2740,5,3,2,3a.csv
2740,7,7,0,3b.csv
2740,0,0,0,3c.csv
2740,0,0,0,3d.csv
2740,0,0,0,3e.csv
2740,0,0,0,3f.csv
2740,1,1,0,3g.csv
2741,3,2,1,1a.csv
2741,5,5,0,1b.csv
2741,2,2,0,1c.csv
2741,1,1,0,1e.csv
2741,5,4,1,1f.csv
2741,0,0,0,1g.csv
2741,0,0,0,1h.csv
2741,0,0,0,1i.csv
2741,0,0,0,1j.csv
2741,0,0,0,1k.csv
2741,0,0,0,1l.csv
2741,0,0,0,1m.csv
2741,1,1,0,2a.csv
2741,0,0,0,2b.csv
2741,0,0,0,2c.csv
2741,0,0,0,2d.csv
2741,0,0,0,2e.csv
2741,0,0,0,2f.csv
2741,0,0,0,2g.csv
2741,0,0,0,2h.csv
2741,1,1,0,2i.csv
2741,0,0,0,2j.csv
2741,0,0,0,2k.csv
2741,4,4,0,2l.csv
2741,5,4,1,3a.csv
2741,7,7,0,3b.csv
2741,0,0,0,3c.csv
2741,0,0,0,3d.csv
2741,0,0,0,3e.csv
2741,1,1,0,3f.csv
2741,2,1,1,3g.csv
2742,3,2,1,1a.csv
2742,4,4,0,1b.csv
2742,1,1,0,1c.csv
2742,0,0,0,1e.csv
2742,3,2,1,1f.csv
2742,0,0,0,1g.csv
2742,0,0,0,1h.csv
2742,0,0,0,1i.csv
2742,0,0,0,1j.csv
2742,0,0,0,1k.csv
2742,0,0,0,1l.csv
2742,0,0,0,1m.csv
2742,1,1,0,2a.csv
2742,1,1,0,2b.csv
2742,0,0,0,2c.csv
2742,0,0,0,2d.csv
2742,0,0,0,2e.csv
2742,0,0,0,2f.csv
2742,0,0,0,2g.csv
2742,0,0,0,2h.csv
2742,1,1,0,2i.csv
2742,0,0,0,2j.csv
2742,0,0,0,2k.csv
2742,3,3,0,2l.csv
2742,5,4,1,3a.csv
2742,7,7,0,3b.csv
2742,0,0,0,3c.csv
2742,0,0,0,3d.csv
2742,0,0,0,3e.csv
2742,1,1,0,3f.csv
2742,2,1,1,3g.csv
2743,4,3,1,1a.csv
2743,5,5,0,1b.csv
2743,1,1,0,1c.csv
2743,0,0,0,1e.csv
2743,3,2,1,1f.csv
2743,0,0,0,1g.csv
2743,0,0,0,1h.csv
2743,0,0,0,1i.csv
2743,0,0,0,1j.csv
2743,0,0,0,1k.csv
2743,0,0,0,1l.csv
2743,0,0,0,1m.csv
2743,1,1,0,2a.csv
2743,1,1,0,2b.csv
2743,0,0,0,2c.csv
2743,0,0,0,2d.csv
2743,0,0,0,2e.csv
2743,0,0,0,2f.csv
2743,0,0,0,2g.csv
2743,0,0,0,2h.csv
2743,0,0,0,2i.csv
2743,0,0,0,2j.csv
2743,0,0,0,2k.csv
2743,3,3,0,2l.csv
2743,6,3,3,3a.csv
2743,9,9,0,3b.csv
2743,0,0,0,3c.csv
2743,0,0,0,3d.csv
2743,0,0,0,3e.csv
2743,1,1,0,3f.csv
2743,3,2,1,3g.csv
2744,4,3,1,1a.csv
2744,5,5,0,1b.csv
2744,1,1,0,1c.csv
2744,0,0,0,1e.csv
2744,3,2,1,1f.csv
2744,0,0,0,1g.csv
2744,0,0,0,1h.csv
2744,0,0,0,1i.csv
2744,0,0,0,1j.csv
2744,0,0,0,1k.csv
2744,0,0,0,1l.csv
2744,0,0,0,1m.csv
2744,0,0,0,2a.csv
2744,1,1,0,2b.csv
2744,0,0,0,2c.csv
2744,0,0,0,2d.csv
2744,0,0,0,2e.csv
2744,0,0,0,2f.csv
2744,0,0,0,2g.csv
2744,0,0,0,2h.csv
2744,0,0,0,2i.csv
2744,0,0,0,2j.csv
2744,0,0,0,2k.csv
2744,3,3,0,2l.csv
2744,7,4,3,3a.csv
2744,7,7,0,3b.csv
2744,0,0,0,3c.csv
2744,0,0,0,3d.csv
2744,0,0,0,3e.csv
2744,1,1,0,3f.csv
2744,3,2,1,3g.csv
2745,5,4,1,1a.csv
2745,7,6,1,1b.csv
2745,1,1,0,1c.csv
2745,0,0,0,1e.csv
2745,3,3,0,1f.csv
2745,0,0,0,1g.csv
2745,0,0,0,1h.csv
2745,0,0,0,1i.csv
2745,0,0,0,1j.csv
2745,0,0,0,1k.csv
2745,0,0,0,1l.csv
2745,0,0,0,1m.csv
2745,0,0,0,2a.csv
2745,1,1,0,2b.csv
2745,0,0,0,2c.csv
2745,0,0,0,2d.csv
2745,0,0,0,2e.csv
2745,0,0,0,2f.csv
2745,0,0,0,2g.csv
2745,0,0,0,2h.csv
2745,0,0,0,2i.csv
2745,0,0,0,2j.csv
2745,0,0,0,2k.csv
2745,1,1,0,2l.csv
2745,7,4,3,3a.csv
2745,8,7,1,3b.csv
2745,1,1,0,3c.csv
2745,1,1,0,3d.csv
2745,0,0,0,3e.csv
2745,1,1,0,3f.csv
2745,3,2,1,3g.csv
2746,5,4,1,1a.csv
2746,7,6,1,1b.csv
2746,1,1,0,1c.csv
2746,0,0,0,1e.csv
2746,2,2,0,1f.csv
2746,0,0,0,1g.csv
2746,0,0,0,1h.csv
2746,0,0,0,1i.csv
2746,0,0,0,1j.csv
2746,0,0,0,1k.csv
2746,0,0,0,1l.csv
2746,0,0,0,1m.csv
2746,0,0,0,2a.csv
2746,1,1,0,2b.csv
2746,0,0,0,2c.csv
2746,0,0,0,2d.csv
2746,0,0,0,2e.csv
2746,0,0,0,2f.csv
2746,0,0,0,2g.csv
2746,0,0,0,2h.csv
2746,0,0,0,2i.csv
2746,0,0,0,2j.csv
2746,0,0,0,2k.csv
2746,2,2,0,2l.csv
2746,6,4,2,3a.csv
2746,8,7,1,3b.csv
2746,2,2,0,3c.csv
2746,2,2,0,3d.csv
2746,0,0,0,3e.csv
2746,1,1,0,3f.csv
2746,3,2,1,3g.csv
2747,7,6,1,1a.csv
2747,9,8,1,1b.csv
2747,2,2,0,1c.csv
2747,0,0,0,1e.csv
2747,4,4,0,1f.csv
2747,1,1,0,1g.csv
2747,0,0,0,1h.csv
2747,0,0,0,1i.csv
2747,2,1,1,1j.csv
2747,0,0,0,1k.csv
2747,0,0,0,1l.csv
2747,0,0,0,1m.csv
2747,0,0,0,2a.csv
2747,1,1,0,2b.csv
2747,0,0,0,2c.csv
2747,0,0,0,2d.csv
2747,0,0,0,2e.csv
2747,0,0,0,2f.csv
2747,0,0,0,2g.csv
2747,0,0,0,2h.csv
2747,0,0,0,2i.csv
2747,0,0,0,2j.csv
2747,0,0,0,2k.csv
2747,2,2,0,2l.csv
2747,6,4,2,3a.csv
2747,8,7,1,3b.csv
2747,2,2,0,3c.csv
2747,2,2,0,3d.csv
2747,0,0,0,3e.csv
2747,1,1,0,3f.csv
2747,3,2,1,3g.csv
2748,10,9,1,1a.csv
2748,11,10,1,1b.csv
2748,2,2,0,1c.csv
2748,0,0,0,1e.csv
2748,4,4,0,1f.csv
2748,1,1,0,1g.csv
2748,0,0,0,1h.csv
2748,0,0,0,1i.csv
2748,2,1,1,1j.csv
2748,0,0,0,1k.csv
2748,0,0,0,1l.csv
2748,0,0,0,1m.csv
2748,0,0,0,2a.csv
2748,1,1,0,2b.csv
2748,0,0,0,2c.csv
2748,0,0,0,2d.csv
2748,0,0,0,2e.csv
2748,0,0,0,2f.csv
2748,0,0,0,2g.csv
2748,0,0,0,2h.csv
2748,0,0,0,2i.csv
2748,0,0,0,2j.csv
2748,0,0,0,2k.csv
2748,3,3,0,2l.csv
2748,5,3,2,3a.csv
2748,9,8,1,3b.csv
2748,2,2,0,3c.csv
2748,2,2,0,3d.csv
2748,0,0,0,3e.csv
2748,1,1,0,3f.csv
2748,3,2,1,3g.csv
2749,11,11,0,1a.csv
2749,11,10,1,1b.csv
2749,2,2,0,1c.csv
2749,0,0,0,1e.csv
2749,7,7,0,1f.csv
2749,1,1,0,1g.csv
2749,0,0,0,1h.csv
2749,0,0,0,1i.csv
2749,2,1,1,1j.csv
2749,0,0,0,1k.csv
2749,0,0,0,1l.csv
2749,0,0,0,1m.csv
2749,0,0,0,2a.csv
2749,1,1,0,2b.csv
2749,0,0,0,2c.csv
2749,0,0,0,2d.csv
2749,0,0,0,2e.csv
2749,0,0,0,2f.csv
2749,0,0,0,2g.csv
2749,0,0,0,2h.csv
2749,0,0,0,2i.csv
2749,0,0,0,2j.csv
2749,0,0,0,2k.csv
2749,3,3,0,2l.csv
2749,4,2,2,3a.csv
2749,10,9,1,3b.csv
2749,3,3,0,3c.csv
2749,3,3,0,3d.csv
2749,0,0,0,3e.csv
2749,0,0,0,3f.csv
2749,2,2,0,3g.csv
2750,16,15,1,1a.csv
2750,12,11,1,1b.csv
2750,2,2,0,1c.csv
2750,0,0,0,1e.csv
2750,8,8,0,1f.csv
2750,1,1,0,1g.csv
2750,0,0,0,1h.csv
2750,0,0,0,1i.csv
2750,2,1,1,1j.csv
2750,0,0,0,1k.csv
2750,0,0,0,1l.csv
2750,0,0,0,1m.csv
2750,0,0,0,2a.csv
2750,0,0,0,2b.csv
2750,0,0,0,2c.csv
2750,0,0,0,2d.csv
2750,0,0,0,2e.csv
2750,0,0,0,2f.csv
2750,0,0,0,2g.csv
2750,0,0,0,2h.csv
2750,0,0,0,2i.csv
2750,0,0,0,2j.csv
2750,0,0,0,2k.csv
2750,3,3,0,2l.csv
2750,7,3,4,3a.csv
2750,13,12,1,3b.csv
2750,3,3,0,3c.csv
2750,3,3,0,3d.csv
2750,1,0,1,3e.csv
2750,0,0,0,3f.csv
2750,2,2,0,3g.csv
2751,16,15,1,1a.csv
2751,11,10,1,1b.csv
2751,2,2,0,1c.csv
2751,0,0,0,1e.csv
2751,10,10,0,1f.csv
2751,1,1,0,1g.csv
2751,0,0,0,1h.csv
2751,0,0,0,1i.csv
2751,2,1,1,1j.csv
2751,0,0,0,1k.csv
2751,0,0,0,1l.csv
2751,0,0,0,1m.csv
2751,0,0,0,2a.csv
2751,0,0,0,2b.csv
2751,0,0,0,2c.csv
2751,0,0,0,2d.csv
2751,0,0,0,2e.csv
2751,0,0,0,2f.csv
2751,0,0,0,2g.csv
2751,0,0,0,2h.csv
2751,0,0,0,2i.csv
2751,0,0,0,2j.csv
2751,0,0,0,2k.csv
2751,3,3,0,2l.csv
2751,5,3,2,3a.csv
2751,14,13,1,3b.csv
2751,3,3,0,3c.csv
2751,3,3,0,3d.csv
2751,1,0,1,3e.csv
2751,0,0,0,3f.csv
2751,1,1,0,3g.csv
2752,16,15,1,1a.csv
2752,11,10,1,1b.csv
2752,1,1,0,1c.csv
2752,0,0,0,1e.csv
2752,10,10,0,1f.csv
2752,1,1,0,1g.csv
2752,0,0,0,1h.csv
2752,0,0,0,1i.csv
2752,2,1,1,1j.csv
2752,0,0,0,1k.csv
2752,0,0,0,1l.csv
2752,0,0,0,1m.csv
2752,0,0,0,2a.csv
2752,0,0,0,2b.csv
2752,0,0,0,2c.csv
2752,0,0,0,2d.csv
2752,0,0,0,2e.csv
2752,0,0,0,2f.csv
2752,0,0,0,2g.csv
2752,0,0,0,2h.csv
2752,0,0,0,2i.csv
2752,0,0,0,2j.csv
2752,0,0,0,2k.csv
2752,3,3,0,2l.csv
2752,6,3,3,3a.csv
2752,19,18,1,3b.csv
2752,3,3,0,3c.csv
2752,3,3,0,3d.csv
2752,1,0,1,3e.csv
2752,0,0,0,3f.csv
2752,2,2,0,3g.csv
2753,17,16,1,1a.csv
2753,9,9,0,1b.csv
2753,1,1,0,1c.csv
2753,0,0,0,1e.csv
2753,8,8,0,1f.csv
2753,1,1,0,1g.csv
2753,0,0,0,1h.csv
2753,0,0,0,1i.csv
2753,2,1,1,1j.csv
2753,0,0,0,1k.csv
2753,0,0,0,1l.csv
2753,0,0,0,1m.csv
2753,0,0,0,2a.csv
2753,0,0,0,2b.csv
2753,0,0,0,2c.csv
2753,0,0,0,2d.csv
2753,0,0,0,2e.csv
2753,0,0,0,2f.csv
2753,0,0,0,2g.csv
2753,0,0,0,2h.csv
2753,0,0,0,2i.csv
2753,0,0,0,2j.csv
2753,0,0,0,2k.csv
2753,3,3,0,2l.csv
2753,6,2,4,3a.csv
2753,20,20,0,3b.csv
2753,2,2,0,3c.csv
2753,2,2,0,3d.csv
2753,1,0,1,3e.csv
2753,0,0,0,3f.csv
2753,2,2,0,3g.csv
2754,17,16,1,1a.csv
2754,11,11,0,1b.csv
2754,1,1,0,1c.csv
2754,0,0,0,1e.csv
2754,8,8,0,1f.csv
2754,1,1,0,1g.csv
2754,0,0,0,1h.csv
2754,0,0,0,1i.csv
2754,2,1,1,1j.csv
2754,0,0,0,1k.csv
2754,0,0,0,1l.csv
2754,0,0,0,1m.csv
2754,0,0,0,2a.csv
2754,0,0,0,2b.csv
2754,0,0,0,2c.csv
2754,1,1,0,2d.csv
2754,0,0,0,2e.csv
2754,0,0,0,2f.csv
2754,0,0,0,2g.csv
2754,0,0,0,2h.csv
2754,0,0,0,2i.csv
2754,0,0,0,2j.csv
2754,0,0,0,2k.csv
2754,2,2,0,2l.csv
2754,6,2,4,3a.csv
2754,23,23,0,3b.csv
2754,1,1,0,3c.csv
2754,1,1,0,3d.csv
2754,1,0,1,3e.csv
2754,0,0,0,3f.csv
2754,1,1,0,3g.csv
2755,15,14,1,1a.csv
2755,9,9,0,1b.csv
2755,0,0,0,1c.csv
2755,0,0,0,1e.csv
2755,6,6,0,1f.csv
2755,0,0,0,1g.csv
2755,0,0,0,1h.csv
2755,0,0,0,1i.csv
2755,0,0,0,1j.csv
2755,1,1,0,1k.csv
2755,0,0,0,1l.csv
2755,0,0,0,1m.csv
2755,0,0,0,2a.csv
2755,0,0,0,2b.csv
2755,0,0,0,2c.csv
2755,1,1,0,2d.csv
2755,0,0,0,2e.csv
2755,0,0,0,2f.csv
2755,0,0,0,2g.csv
2755,0,0,0,2h.csv
2755,0,0,0,2i.csv
2755,0,0,0,2j.csv
2755,0,0,0,2k.csv
2755,2,2,0,2l.csv
2755,6,2,4,3a.csv
2755,25,25,0,3b.csv
2755,1,1,0,3c.csv
2755,1,1,0,3d.csv
2755,1,0,1,3e.csv
2755,0,0,0,3f.csv
2755,2,2,0,3g.csv
2756,12,11,1,1a.csv
2756,8,8,0,1b.csv
2756,0,0,0,1c.csv
2756,0,0,0,1e.csv
2756,6,6,0,1f.csv
2756,0,0,0,1g.csv
2756,0,0,0,1h.csv
2756,0,0,0,1i.csv
2756,0,0,0,1j.csv
2756,1,1,0,1k.csv
2756,0,0,0,1l.csv
2756,0,0,0,1m.csv
2756,0,0,0,2a.csv
2756,0,0,0,2b.csv
2756,0,0,0,2c.csv
2756,1,1,0,2d.csv
2756,0,0,0,2e.csv
2756,0,0,0,2f.csv
2756,0,0,0,2g.csv
2756,0,0,0,2h.csv
2756,0,0,0,2i.csv
2756,0,0,0,2j.csv
2756,0,0,0,2k.csv
2756,1,1,0,2l.csv
2756,7,3,4,3a.csv
2756,25,25,0,3b.csv
2756,2,2,0,3c.csv
2756,2,2,0,3d.csv
2756,1,0,1,3e.csv
2756,0,0,0,3f.csv
2756,2,2,0,3g.csv
2757,10,9,1,1a.csv
2757,11,11,0,1b.csv
2757,0,0,0,1c.csv
2757,0,0,0,1e.csv
2757,3,3,0,1f.csv
2757,0,0,0,1g.csv
2757,0,0,0,1h.csv
2757,0,0,0,1i.csv
2757,0,0,0,1j.csv
2757,1,1,0,1k.csv
2757,0,0,0,1l.csv
2757,0,0,0,1m.csv
2757,0,0,0,2a.csv
2757,0,0,0,2b.csv
2757,0,0,0,2c.csv
2757,1,1,0,2d.csv
2757,0,0,0,2e.csv
2757,0,0,0,2f.csv
2757,0,0,0,2g.csv
2757,0,0,0,2h.csv
2757,0,0,0,2i.csv
2757,0,0,0,2j.csv
2757,0,0,0,2k.csv
2757,0,0,0,2l.csv
2757,7,3,4,3a.csv
2757,24,24,0,3b.csv
2757,1,1,0,3c.csv
2757,1,1,0,3d.csv
2757,1,0,1,3e.csv
2757,0,0,0,3f.csv
2757,3,2,1,3g.csv
2758,5,5,0,1a.csv
2758,10,10,0,1b.csv
2758,0,0,0,1c.csv
2758,0,0,0,1e.csv
2758,4,4,0,1f.csv
2758,0,0,0,1g.csv
2758,0,0,0,1h.csv
2758,0,0,0,1i.csv
2758,0,0,0,1j.csv
2758,1,1,0,1k.csv
2758,0,0,0,1l.csv
2758,0,0,0,1m.csv
2758,0,0,0,2a.csv
2758,0,0,0,2b.csv
2758,0,0,0,2c.csv
2758,1,1,0,2d.csv
2758,0,0,0,2e.csv
2758,0,0,0,2f.csv
2758,0,0,0,2g.csv
2758,0,0,0,2h.csv
2758,0,0,0,2i.csv
2758,0,0,0,2j.csv
2758,0,0,0,2k.csv
2758,1,1,0,2l.csv
2758,4,2,2,3a.csv
2758,22,21,1,3b.csv
2758,1,1,0,3c.csv
2758,1,1,0,3d.csv
2758,0,0,0,3e.csv
2758,0,0,0,3f.csv
2758,3,2,1,3g.csv
2759,5,5,0,1a.csv
2759,11,10,1,1b.csv
2759,0,0,0,1c.csv
2759,0,0,0,1e.csv
2759,2,2,0,1f.csv
2759,0,0,0,1g.csv
2759,0,0,0,1h.csv
2759,0,0,0,1i.csv
2759,0,0,0,1j.csv
2759,1,1,0,1k.csv
2759,0,0,0,1l.csv
2759,0,0,0,1m.csv
2759,0,0,0,2a.csv
2759,0,0,0,2b.csv
2759,0,0,0,2c.csv
2759,2,2,0,2d.csv
2759,0,0,0,2e.csv
2759,0,0,0,2f.csv
2759,0,0,0,2g.csv
2759,0,0,0,2h.csv
2759,0,0,0,2i.csv
2759,0,0,0,2j.csv
2759,0,0,0,2k.csv
2759,1,1,0,2l.csv
2759,4,2,2,3a.csv
2759,21,20,1,3b.csv
2759,1,1,0,3c.csv
2759,1,1,0,3d.csv
2759,0,0,0,3e.csv
2759,0,0,0,3f.csv
2759,3,2,1,3g.csv
2760,7,7,0,1a.csv
2760,14,12,2,1b.csv
2760,0,0,0,1c.csv
2760,0,0,0,1e.csv
2760,2,2,0,1f.csv
2760,0,0,0,1g.csv
2760,0,0,0,1h.csv
2760,0,0,0,1i.csv
2760,0,0,0,1j.csv
2760,1,1,0,1k.csv
2760,0,0,0,1l.csv
2760,1,0,1,1m.csv
2760,0,0,0,2a.csv
2760,0,0,0,2b.csv
2760,0,0,0,2c.csv
2760,2,2,0,2d.csv
2760,0,0,0,2e.csv
2760,0,0,0,2f.csv
2760,0,0,0,2g.csv
2760,0,0,0,2h.csv
2760,0,0,0,2i.csv
2760,0,0,0,2j.csv
2760,0,0,0,2k.csv
2760,2,2,0,2l.csv
2760,2,1,1,3a.csv
2760,18,16,2,3b.csv
2760,4,4,0,3c.csv
2760,4,4,0,3d.csv
2760,0,0,0,3e.csv
2760,0,0,0,3f.csv
2760,2,1,1,3g.csv
2761,6,6,0,1a.csv
2761,15,13,2,1b.csv
2761,0,0,0,1c.csv
2761,0,0,0,1e.csv
2761,2,2,0,1f.csv
2761,0,0,0,1g.csv
2761,0,0,0,1h.csv
2761,0,0,0,1i.csv
2761,1,1,0,1j.csv
2761,1,1,0,1k.csv
2761,0,0,0,1l.csv
2761,1,0,1,1m.csv
2761,0,0,0,2a.csv
2761,0,0,0,2b.csv
2761,0,0,0,2c.csv
2761,2,2,0,2d.csv
2761,0,0,0,2e.csv
2761,0,0,0,2f.csv
2761,0,0,0,2g.csv
2761,0,0,0,2h.csv
2761,0,0,0,2i.csv
2761,0,0,0,2j.csv
2761,0,0,0,2k.csv
2761,3,3,0,2l.csv
2761,2,1,1,3a.csv
2761,17,13,4,3b.csv
2761,5,5,0,3c.csv
2761,5,5,0,3d.csv
2761,0,0,0,3e.csv
2761,0,0,0,3f.csv
2761,2,1,1,3g.csv
2762,10,8,2,1a.csv
2762,13,11,2,1b.csv
2762,0,0,0,1c.csv
2762,0,0,0,1e.csv
2762,4,4,0,1f.csv
2762,0,0,0,1g.csv
2762,0,0,0,1h.csv
2762,0,0,0,1i.csv
2762,1,1,0,1j.csv
2762,1,1,0,1k.csv
2762,0,0,0,1l.csv
2762,1,0,1,1m.csv
2762,0,0,0,2a.csv
2762,0,0,0,2b.csv
2762,0,0,0,2c.csv
2762,1,1,0,2d.csv
2762,0,0,0,2e.csv
2762,0,0,0,2f.csv
2762,0,0,0,2g.csv
2762,0,0,0,2h.csv
2762,0,0,0,2i.csv
2762,0,0,0,2j.csv
2762,0,0,0,2k.csv
2762,3,3,0,2l.csv
2762,2,1,1,3a.csv
2762,13,9,4,3b.csv
2762,8,6,2,3c.csv
2762,8,6,2,3d.csv
2762,0,0,0,3e.csv
2762,0,0,0,3f.csv
2762,2,1,1,3g.csv
2763,11,9,2,1a.csv
2763,13,11,2,1b.csv
2763,0,0,0,1c.csv
2763,0,0,0,1e.csv
2763,4,4,0,1f.csv
2763,0,0,0,1g.csv
2763,0,0,0,1h.csv
2763,0,0,0,1i.csv
2763,1,1,0,1j.csv
2763,0,0,0,1k.csv
2763,0,0,0,1l.csv
2763,1,0,1,1m.csv
2763,0,0,0,2a.csv
2763,0,0,0,2b.csv
2763,0,0,0,2c.csv
2763,1,1,0,2d.csv
2763,0,0,0,2e.csv
2763,0,0,0,2f.csv
2763,0,0,0,2g.csv
2763,0,0,0,2h.csv
2763,0,0,0,2i.csv
2763,0,0,0,2j.csv
2763,0,0,0,2k.csv
2763,3,3,0,2l.csv
2763,2,1,1,3a.csv
2763,11,7,4,3b.csv
2763,8,6,2,3c.csv
2763,8,6,2,3d.csv
2763,0,0,0,3e.csv
2763,0,0,0,3f.csv
2763,1,0,1,3g.csv
2764,11,9,2,1a.csv
2764,13,11,2,1b.csv
2764,0,0,0,1c.csv
2764,0,0,0,1e.csv
2764,5,5,0,1f.csv
2764,1,0,1,1g.csv
2764,0,0,0,1h.csv
2764,0,0,0,1i.csv
2764,1,1,0,1j.csv
2764,0,0,0,1k.csv
2764,0,0,0,1l.csv
2764,1,0,1,1m.csv
2764,0,0,0,2a.csv
2764,0,0,0,2b.csv
2764,0,0,0,2c.csv
2764,1,1,0,2d.csv
2764,0,0,0,2e.csv
2764,0,0,0,2f.csv
2764,0,0,0,2g.csv
2764,0,0,0,2h.csv
2764,0,0,0,2i.csv
2764,0,0,0,2j.csv
2764,0,0,0,2k.csv
2764,3,3,0,2l.csv
2764,1,0,1,3a.csv
2764,11,6,5,3b.csv
2764,9,6,3,3c.csv
2764,9,6,3,3d.csv
2764,0,0,0,3e.csv
2764,2,1,1,3f.csv
2764,1,0,1,3g.csv
2765,12,10,2,1a.csv
2765,9,7,2,1b.csv
2765,1,1,0,1c.csv
2765,1,1,0,1e.csv
2765,5,5,0,1f.csv
2765,1,0,1,1g.csv
2765,0,0,0,1h.csv
2765,0,0,0,1i.csv
2765,1,1,0,1j.csv
2765,1,1,0,1k.csv
2765,0,0,0,1l.csv
2765,1,0,1,1m.csv
2765,0,0,0,2a.csv
2765,0,0,0,2b.csv
2765,0,0,0,2c.csv
2765,1,1,0,2d.csv
2765,0,0,0,2e.csv
2765,0,0,0,2f.csv
2765,0,0,0,2g.csv
2765,0,0,0,2h.csv
2765,0,0,0,2i.csv
2765,0,0,0,2j.csv
2765,0,0,0,2k.csv
2765,3,3,0,2l.csv
2765,2,1,1,3a.csv
2765,11,6,5,3b.csv
2765,10,6,4,3c.csv
2765,10,6,4,3d.csv
2765,0,0,0,3e.csv
2765,2,1,1,3f.csv
2765,0,0,0,3g.csv
2766,13,11,2,1a.csv
2766,8,6,2,1b.csv
2766,1,1,0,1c.csv
2766,1,1,0,1e.csv
2766,3,3,0,1f.csv
2766,1,0,1,1g.csv
2766,1,1,0,1h.csv
2766,0,0,0,1i.csv
2766,2,2,0,1j.csv
2766,1,1,0,1k.csv
2766,0,0,0,1l.csv
2766,1,0,1,1m.csv
2766,0,0,0,2a.csv
2766,0,0,0,2b.csv
2766,0,0,0,2c.csv
2766,1,1,0,2d.csv
2766,0,0,0,2e.csv
2766,0,0,0,2f.csv
2766,0,0,0,2g.csv
2766,0,0,0,2h.csv
2766,0,0,0,2i.csv
2766,0,0,0,2j.csv
2766,0,0,0,2k.csv
2766,2,2,0,2l.csv
2766,2,1,1,3a.csv
2766,9,5,4,3b.csv
2766,12,7,5,3c.csv
2766,12,7,5,3d.csv
2766,0,0,0,3e.csv
2766,2,1,1,3f.csv
2766,0,0,0,3g.csv
2767,12,10,2,1a.csv
2767,6,5,1,1b.csv
2767,1,1,0,1c.csv
2767,1,1,0,1e.csv
2767,3,3,0,1f.csv
2767,1,0,1,1g.csv
2767,1,1,0,1h.csv
2767,0,0,0,1i.csv
2767,2,2,0,1j.csv
2767,1,1,0,1k.csv
2767,1,1,0,1l.csv
2767,1,0,1,1m.csv
2767,0,0,0,2a.csv
2767,0,0,0,2b.csv
2767,0,0,0,2c.csv
2767,0,0,0,2d.csv
2767,0,0,0,2e.csv
2767,0,0,0,2f.csv
2767,0,0,0,2g.csv
2767,0,0,0,2h.csv
2767,0,0,0,2i.csv
2767,0,0,0,2j.csv
2767,0,0,0,2k.csv
2767,2,2,0,2l.csv
2767,2,1,1,3a.csv
2767,9,5,4,3b.csv
2767,12,7,5,3c.csv
2767,12,7,5,3d.csv
2767,0,0,0,3e.csv
2767,2,1,1,3f.csv
2767,0,0,0,3g.csv
2768,13,11,2,1a.csv
2768,3,3,0,1b.csv
2768,1,1,0,1c.csv
2768,1,1,0,1e.csv
2768,3,3,0,1f.csv
2768,1,0,1,1g.csv
2768,1,1,0,1h.csv
2768,0,0,0,1i.csv
2768,2,2,0,1j.csv
2768,1,1,0,1k.csv
2768,1,1,0,1l.csv
2768,0,0,0,1m.csv
2768,0,0,0,2a.csv
2768,0,0,0,2b.csv
2768,0,0,0,2c.csv
2768,0,0,0,2d.csv
2768,0,0,0,2e.csv
2768,0,0,0,2f.csv
2768,0,0,0,2g.csv
2768,0,0,0,2h.csv
2768,0,0,0,2i.csv
2768,0,0,0,2j.csv
2768,0,0,0,2k.csv
2768,1,1,0,2l.csv
2768,2,1,1,3a.csv
2768,7,4,3,3b.csv
2768,9,4,5,3c.csv
2768,9,4,5,3d.csv
2768,1,0,1,3e.csv
2768,2,1,1,3f.csv
2768,0,0,0,3g.csv
2769,14,12,2,1a.csv
2769,2,2,0,1b.csv
2769,1,1,0,1c.csv
2769,1,1,0,1e.csv
2769,4,4,0,1f.csv
2769,2,1,1,1g.csv
2769,1,1,0,1h.csv
2769,0,0,0,1i.csv
2769,1,1,0,1j.csv
2769,1,1,0,1k.csv
2769,1,1,0,1l.csv
2769,0,0,0,1m.csv
2769,0,0,0,2a.csv
2769,0,0,0,2b.csv
2769,0,0,0,2c.csv
2769,0,0,0,2d.csv
2769,0,0,0,2e.csv
2769,0,0,0,2f.csv
2769,0,0,0,2g.csv
2769,0,0,0,2h.csv
2769,0,0,0,2i.csv
2769,0,0,0,2j.csv
2769,0,0,0,2k.csv
2769,0,0,0,2l.csv
2769,2,2,0,3a.csv
2769,6,5,1,3b.csv
2769,9,4,5,3c.csv
2769,9,4,5,3d.csv
2769,1,0,1,3e.csv
2769,2,1,1,3f.csv
2769,1,1,0,3g.csv
2770,12,11,1,1a.csv
2770,3,3,0,1b.csv
2770,1,1,0,1c.csv
2770,1,1,0,1e.csv
2770,2,2,0,1f.csv
2770,2,1,1,1g.csv
2770,1,1,0,1h.csv
2770,0,0,0,1i.csv
2770,1,1,0,1j.csv
2770,1,1,0,1k.csv
2770,1,1,0,1l.csv
2770,0,0,0,1m.csv
2770,1,0,1,2a.csv
2770,0,0,0,2b.csv
2770,1,1,0,2c.csv
2770,0,0,0,2d.csv
2770,0,0,0,2e.csv
2770,0,0,0,2f.csv
2770,0,0,0,2g.csv
2770,0,0,0,2h.csv
2770,0,0,0,2i.csv
2770,0,0,0,2j.csv
2770,0,0,0,2k.csv
2770,0,0,0,2l.csv
2770,4,4,0,3a.csv
2770,8,7,1,3b.csv
2770,6,3,3,3c.csv
2770,6,3,3,3d.csv
2770,1,0,1,3e.csv
2770,2,1,1,3f.csv
2770,1,1,0,3g.csv
2771,10,9,1,1a.csv
2771,4,4,0,1b.csv
2771,1,1,0,1c.csv
2771,1,1,0,1e.csv
2771,3,3,0,1f.csv
2771,2,1,1,1g.csv
2771,2,2,0,1h.csv
2771,0,0,0,1i.csv
2771,2,2,0,1j.csv
2771,1,1,0,1k.csv
2771,1,1,0,1l.csv
2771,0,0,0,1m.csv
2771,1,0,1,2a.csv
2771,0,0,0,2b.csv
2771,1,1,0,2c.csv
2771,0,0,0,2d.csv
2771,0,0,0,2e.csv
2771,0,0,0,2f.csv
2771,0,0,0,2g.csv
2771,0,0,0,2h.csv
2771,0,0,0,2i.csv
2771,0,0,0,2j.csv
2771,0,0,0,2k.csv
2771,0,0,0,2l.csv
2771,4,4,0,3a.csv
2771,9,8,1,3b.csv
2771,7,4,3,3c.csv
2771,7,4,3,3d.csv
2771,1,0,1,3e.csv
2771,2,1,1,3f.csv
2771,1,1,0,3g.csv
2772,11,10,1,1a.csv
2772,3,3,0,1b.csv
2772,2,2,0,1c.csv
2772,2,2,0,1e.csv
2772,2,2,0,1f.csv
2772,1,1,0,1g.csv
2772,2,2,0,1h.csv
2772,0,0,0,1i.csv
2772,2,2,0,1j.csv
2772,1,1,0,1k.csv
2772,1,1,0,1l.csv
2772,0,0,0,1m.csv
2772,1,0,1,2a.csv
2772,0,0,0,2b.csv
2772,1,1,0,2c.csv
2772,0,0,0,2d.csv
2772,0,0,0,2e.csv
2772,0,0,0,2f.csv
2772,0,0,0,2g.csv
2772,0,0,0,2h.csv
2772,0,0,0,2i.csv
2772,0,0,0,2j.csv
2772,0,0,0,2k.csv
2772,0,0,0,2l.csv
2772,4,4,0,3a.csv
2772,8,8,0,3b.csv
2772,5,3,2,3c.csv
2772,5,3,2,3d.csv
2772,1,0,1,3e.csv
2772,0,0,0,3f.csv
2772,1,1,0,3g.csv
2773,11,10,1,1a.csv
2773,3,3,0,1b.csv
2773,1,1,0,1c.csv
2773,1,1,0,1e.csv
2773,2,2,0,1f.csv
2773,1,1,0,1g.csv
2773,2,2,0,1h.csv
2773,0,0,0,1i.csv
2773,2,2,0,1j.csv
2773,0,0,0,1k.csv
2773,1,1,0,1l.csv
2773,0,0,0,1m.csv
2773,2,0,2,2a.csv
2773,0,0,0,2b.csv
2773,1,1,0,2c.csv
2773,0,0,0,2d.csv
2773,0,0,0,2e.csv
2773,0,0,0,2f.csv
2773,0,0,0,2g.csv
2773,0,0,0,2h.csv
2773,0,0,0,2i.csv
2773,0,0,0,2j.csv
2773,0,0,0,2k.csv
2773,0,0,0,2l.csv
2773,3,3,0,3a.csv
2773,7,7,0,3b.csv
2773,4,3,1,3c.csv
2773,4,3,1,3d.csv
2773,1,0,1,3e.csv
2773,0,0,0,3f.csv
2773,2,2,0,3g.csv
2774,11,10,1,1a.csv
2774,4,3,1,1b.csv
2774,2,2,0,1c.csv
2774,1,1,0,1e.csv
2774,2,2,0,1f.csv
2774,1,1,0,1g.csv
2774,1,1,0,1h.csv
2774,0,0,0,1i.csv
2774,1,1,0,1j.csv
2774,0,0,0,1k.csv
2774,1,1,0,1l.csv
2774,0,0,0,1m.csv
2774,3,0,3,2a.csv
2774,1,0,1,2b.csv
2774,1,1,0,2c.csv
2774,0,0,0,2d.csv
2774,0,0,0,2e.csv
2774,1,0,1,2f.csv
2774,0,0,0,2g.csv
2774,0,0,0,2h.csv
2774,0,0,0,2i.csv
2774,0,0,0,2j.csv
2774,0,0,0,2k.csv
2774,0,0,0,2l.csv
2774,3,3,0,3a.csv
2774,7,7,0,3b.csv
2774,2,2,0,3c.csv
2774,2,2,0,3d.csv
2774,1,0,1,3e.csv
2774,1,1,0,3f.csv
2774,2,2,0,3g.csv
2775,11,10,1,1a.csv
2775,5,4,1,1b.csv
2775,2,2,0,1c.csv
2775,1,1,0,1e.csv
2775,2,2,0,1f.csv
2775,1,1,0,1g.csv
2775,2,2,0,1h.csv
2775,0,0,0,1i.csv
2775,1,1,0,1j.csv
2775,0,0,0,1k.csv
2775,0,0,0,1l.csv
2775,0,0,0,1m.csv
2775,3,0,3,2a.csv
2775,3,0,3,2b.csv
2775,1,1,0,2c.csv
2775,0,0,0,2d.csv
2775,0,0,0,2e.csv
2775,1,0,1,2f.csv
2775,0,0,0,2g.csv
2775,0,0,0,2h.csv
2775,0,0,0,2i.csv
2775,0,0,0,2j.csv
2775,0,0,0,2k.csv
2775,0,0,0,2l.csv
2775,3,3,0,3a.csv
2775,6,6,0,3b.csv
2775,3,3,0,3c.csv
2775,3,3,0,3d.csv
2775,1,0,1,3e.csv
2775,2,2,0,3f.csv
2775,2,2,0,3g.csv
2776,8,7,1,1a.csv
2776,6,4,2,1b.csv
2776,2,2,0,1c.csv
2776,1,1,0,1e.csv
2776,2,2,0,1f.csv
2776,1,1,0,1g.csv
2776,2,2,0,1h.csv
2776,0,0,0,1i.csv
2776,1,1,0,1j.csv
2776,0,0,0,1k.csv
2776,1,1,0,1l.csv
2776,0,0,0,1m.csv
2776,3,0,3,2a.csv
2776,3,0,3,2b.csv
2776,1,1,0,2c.csv
2776,0,0,0,2d.csv
2776,0,0,0,2e.csv
2776,1,0,1,2f.csv
2776,0,0,0,2g.csv
2776,0,0,0,2h.csv
2776,0,0,0,2i.csv
2776,0,0,0,2j.csv
2776,0,0,0,2k.csv
2776,0,0,0,2l.csv
2776,4,4,0,3a.csv
2776,7,7,0,3b.csv
2776,3,3,0,3c.csv
2776,3,3,0,3d.csv
2776,0,0,0,3e.csv
2776,2,2,0,3f.csv
2776,3,3,0,3g.csv
2777,6,5,1,1a.csv
2777,6,4,2,1b.csv
2777,2,2,0,1c.csv
2777,1,1,0,1e.csv
2777,1,1,0,1f.csv
2777,0,0,0,1g.csv
2777,2,2,0,1h.csv
2777,0,0,0,1i.csv
2777,2,2,0,1j.csv
2777,0,0,0,1k.csv
2777,1,1,0,1l.csv
2777,0,0,0,1m.csv
2777,3,0,3,2a.csv
2777,3,0,3,2b.csv
2777,1,1,0,2c.csv
2777,0,0,0,2d.csv
2777,0,0,0,2e.csv
2777,1,0,1,2f.csv
2777,0,0,0,2g.csv
2777,0,0,0,2h.csv
2777,0,0,0,2i.csv
2777,0,0,0,2j.csv
2777,0,0,0,2k.csv
2777,1,1,0,2l.csv
2777,3,3,0,3a.csv
2777,7,7,0,3b.csv
2777,3,3,0,3c.csv
2777,3,3,0,3d.csv
2777,1,1,0,3e.csv
2777,2,2,0,3f.csv
2777,2,2,0,3g.csv
2778,4,4,0,1a.csv
2778,5,3,2,1b.csv
2778,2,2,0,1c.csv
2778,1,1,0,1e.csv
2778,1,1,0,1f.csv
2778,0,0,0,1g.csv
2778,3,3,0,1h.csv
2778,0,0,0,1i.csv
2778,2,2,0,1j.csv
2778,0,0,0,1k.csv
2778,1,1,0,1l.csv
2778,0,0,0,1m.csv
2778,2,0,2,2a.csv
2778,3,0,3,2b.csv
2778,0,0,0,2c.csv
2778,0,0,0,2d.csv
2778,0,0,0,2e.csv
2778,1,0,1,2f.csv
2778,0,0,0,2g.csv
2778,0,0,0,2h.csv
2778,0,0,0,2i.csv
2778,0,0,0,2j.csv
2778,0,0,0,2k.csv
2778,1,1,0,2l.csv
2778,1,1,0,3a.csv
2778,6,6,0,3b.csv
2778,3,3,0,3c.csv
2778,3,3,0,3d.csv
2778,1,1,0,3e.csv
2778,3,3,0,3f.csv
2778,2,2,0,3g.csv
2779,4,4,0,1a.csv
2779,3,1,2,1b.csv
2779,3,3,0,1c.csv
2779,1,1,0,1e.csv
2779,0,0,0,1f.csv
2779,1,1,0,1g.csv
2779,2,2,0,1h.csv
2779,0,0,0,1i.csv
2779,1,1,0,1j.csv
2779,0,0,0,1k.csv
2779,1,1,0,1l.csv
2779,0,0,0,1m.csv
2779,2,0,2,2a.csv
2779,3,0,3,2b.csv
2779,0,0,0,2c.csv
2779,0,0,0,2d.csv
2779,0,0,0,2e.csv
2779,1,0,1,2f.csv
2779,0,0,0,2g.csv
2779,0,0,0,2h.csv
2779,0,0,0,2i.csv
2779,0,0,0,2j.csv
2779,0,0,0,2k.csv
2779,1,1,0,2l.csv
2779,2,2,0,3a.csv
2779,4,4,0,3b.csv
2779,2,2,0,3c.csv
2779,2,2,0,3d.csv
2779,3,3,0,3e.csv
2779,5,4,1,3f.csv
2779,2,2,0,3g.csv
2780,3,3,0,1a.csv
2780,3,1,2,1b.csv
2780,3,3,0,1c.csv
2780,0,0,0,1e.csv
2780,0,0,0,1f.csv
2780,1,1,0,1g.csv
2780,2,2,0,1h.csv
2780,0,0,0,1i.csv
2780,1,1,0,1j.csv
2780,0,0,0,1k.csv
2780,1,1,0,1l.csv
2780,0,0,0,1m.csv
2780,2,0,2,2a.csv
2780,3,0,3,2b.csv
2780,0,0,0,2c.csv
2780,0,0,0,2d.csv
2780,0,0,0,2e.csv
2780,1,0,1,2f.csv
2780,0,0,0,2g.csv
2780,0,0,0,2h.csv
2780,0,0,0,2i.csv
2780,0,0,0,2j.csv
2780,0,0,0,2k.csv
2780,1,1,0,2l.csv
2780,3,3,0,3a.csv
2780,4,4,0,3b.csv
2780,3,3,0,3c.csv
2780,3,3,0,3d.csv
2780,4,4,0,3e.csv
2780,5,4,1,3f.csv
2780,2,2,0,3g.csv
2781,1,1,0,1a.csv
2781,4,2,2,1b.csv
2781,3,3,0,1c.csv
2781,0,0,0,1e.csv
2781,2,2,0,1f.csv
2781,1,1,0,1g.csv
2781,2,2,0,1h.csv
2781,0,0,0,1i.csv
2781,1,1,0,1j.csv
2781,0,0,0,1k.csv
2781,1,1,0,1l.csv
2781,0,0,0,1m.csv
2781,1,0,1,2a.csv
2781,3,0,3,2b.csv
2781,0,0,0,2c.csv
2781,0,0,0,2d.csv
2781,0,0,0,2e.csv
2781,1,0,1,2f.csv
2781,0,0,0,2g.csv
2781,0,0,0,2h.csv
2781,0,0,0,2i.csv
2781,0,0,0,2j.csv
2781,0,0,0,2k.csv
2781,1,1,0,2l.csv
2781,3,3,0,3a.csv
2781,5,4,1,3b.csv
2781,4,4,0,3c.csv
2781,4,4,0,3d.csv
2781,5,5,0,3e.csv
2781,5,4,1,3f.csv
2781,1,1,0,3g.csv
2782,0,0,0,1a.csv
2782,4,3,1,1b.csv
2782,2,2,0,1c.csv
2782,1,1,0,1e.csv
2782,2,2,0,1f.csv
2782,1,1,0,1g.csv
2782,2,2,0,1h.csv
2782,0,0,0,1i.csv
2782,1,1,0,1j.csv
2782,0,0,0,1k.csv
2782,1,1,0,1l.csv
2782,0,0,0,1m.csv
2782,0,0,0,2a.csv
2782,2,0,2,2b.csv
2782,0,0,0,2c.csv
2782,0,0,0,2d.csv
2782,0,0,0,2e.csv
2782,0,0,0,2f.csv
2782,0,0,0,2g.csv
2782,0,0,0,2h.csv
2782,0,0,0,2i.csv
2782,0,0,0,2j.csv
2782,0,0,0,2k.csv
2782,1,1,0,2l.csv
2782,3,3,0,3a.csv
2782,6,5,1,3b.csv
2782,5,5,0,3c.csv
2782,5,5,0,3d.csv
2782,6,6,0,3e.csv
2782,4,3,1,3f.csv
2782,1,1,0,3g.csv
2783,0,0,0,1a.csv
2783,3,2,1,1b.csv
2783,2,2,0,1c.csv
2783,3,3,0,1e.csv
2783,3,3,0,1f.csv
2783,1,1,0,1g.csv
2783,1,1,0,1h.csv
2783,0,0,0,1i.csv
2783,1,1,0,1j.csv
2783,0,0,0,1k.csv
2783,1,1,0,1l.csv
2783,0,0,0,1m.csv
2783,0,0,0,2a.csv
2783,0,0,0,2b.csv
2783,0,0,0,2c.csv
2783,0,0,0,2d.csv
2783,0,0,0,2e.csv
2783,0,0,0,2f.csv
2783,0,0,0,2g.csv
2783,0,0,0,2h.csv
2783,0,0,0,2i.csv
2783,0,0,0,2j.csv
2783,0,0,0,2k.csv
2783,2,2,0,2l.csv
2783,3,3,0,3a.csv
2783,7,5,2,3b.csv
2783,6,6,0,3c.csv
2783,6,6,0,3d.csv
2783,6,6,0,3e.csv
2783,3,2,1,3f.csv
2783,1,1,0,3g.csv
2784,0,0,0,1a.csv
2784,2,2,0,1b.csv
2784,2,2,0,1c.csv
2784,3,3,0,1e.csv
2784,3,3,0,1f.csv
2784,1,1,0,1g.csv
2784,1,1,0,1h.csv
2784,0,0,0,1i.csv
2784,1,1,0,1j.csv
2784,1,1,0,1k.csv
2784,0,0,0,1l.csv
2784,0,0,0,1m.csv
2784,0,0,0,2a.csv
2784,0,0,0,2b.csv
2784,0,0,0,2c.csv
2784,0,0,0,2d.csv
2784,0,0,0,2e.csv
2784,0,0,0,2f.csv
2784,0,0,0,2g.csv
2784,0,0,0,2h.csv
2784,0,0,0,2i.csv
2784,0,0,0,2j.csv
2784,0,0,0,2k.csv
2784,2,2,0,2l.csv
2784,2,2,0,3a.csv
2784,6,4,2,3b.csv
2784,7,6,1,3c.csv
2784,7,6,1,3d.csv
2784,6,6,0,3e.csv
2784,3,2,1,3f.csv
2784,0,0,0,3g.csv
2785,2,1,1,1a.csv
2785,3,3,0,1b.csv
2785,4,4,0,1c.csv
2785,5,5,0,1e.csv
2785,4,4,0,1f.csv
2785,1,1,0,1g.csv
2785,1,1,0,1h.csv
2785,0,0,0,1i.csv
2785,0,0,0,1j.csv
2785,1,1,0,1k.csv
2785,0,0,0,1l.csv
2785,0,0,0,1m.csv
2785,0,0,0,2a.csv
2785,0,0,0,2b.csv
2785,0,0,0,2c.csv
2785,0,0,0,2d.csv
2785,0,0,0,2e.csv
2785,0,0,0,2f.csv
2785,0,0,0,2g.csv
2785,0,0,0,2h.csv
2785,0,0,0,2i.csv
2785,0,0,0,2j.csv
2785,0,0,0,2k.csv
2785,1,1,0,2l.csv
2785,2,2,0,3a.csv
2785,6,4,2,3b.csv
2785,6,5,1,3c.csv
2785,6,5,1,3d.csv
2785,7,7,0,3e.csv
2785,3,2,1,3f.csv
2785,0,0,0,3g.csv
2786,4,2,2,1a.csv
2786,4,4,0,1b.csv
2786,5,5,0,1c.csv
2786,5,5,0,1e.csv
2786,4,4,0,1f.csv
2786,2,2,0,1g.csv
2786,0,0,0,1h.csv
2786,0,0,0,1i.csv
2786,0,0,0,1j.csv
2786,1,1,0,1k.csv
2786,0,0,0,1l.csv
2786,0,0,0,1m.csv
2786,0,0,0,2a.csv
2786,0,0,0,2b.csv
2786,0,0,0,2c.csv
2786,0,0,0,2d.csv
2786,0,0,0,2e.csv
2786,0,0,0,2f.csv
2786,0,0,0,2g.csv
2786,0,0,0,2h.csv
2786,0,0,0,2i.csv
2786,0,0,0,2j.csv
2786,0,0,0,2k.csv
2786,2,2,0,2l.csv
2786,2,2,0,3a.csv
2786,6,4,2,3b.csv
2786,7,6,1,3c.csv
2786,7,6,1,3d.csv
2786,7,7,0,3e.csv
2786,2,1,1,3f.csv
2786,0,0,0,3g.csv
2787,4,2,2,1a.csv
2787,4,4,0,1b.csv
2787,4,4,0,1c.csv
2787,5,5,0,1e.csv
2787,4,4,0,1f.csv
2787,1,1,0,1g.csv
2787,0,0,0,1h.csv
2787,0,0,0,1i.csv
2787,0,0,0,1j.csv
2787,1,1,0,1k.csv
2787,0,0,0,1l.csv
2787,0,0,0,1m.csv
2787,0,0,0,2a.csv
2787,0,0,0,2b.csv
2787,0,0,0,2c.csv
2787,0,0,0,2d.csv
2787,0,0,0,2e.csv
2787,0,0,0,2f.csv
2787,0,0,0,2g.csv
2787,0,0,0,2h.csv
2787,0,0,0,2i.csv
2787,0,0,0,2j.csv
2787,0,0,0,2k.csv
2787,2,2,0,2l.csv
2787,1,1,0,3a.csv
2787,7,5,2,3b.csv
2787,7,6,1,3c.csv
2787,7,6,1,3d.csv
2787,5,5,0,3e.csv
2787,1,1,0,3f.csv
2787,0,0,0,3g.csv
2788,7,5,2,1a.csv
2788,4,4,0,1b.csv
2788,3,3,0,1c.csv
2788,5,5,0,1e.csv
2788,4,4,0,1f.csv
2788,1,1,0,1g.csv
2788,0,0,0,1h.csv
2788,0,0,0,1i.csv
2788,0,0,0,1j.csv
2788,1,1,0,1k.csv
2788,0,0,0,1l.csv
2788,0,0,0,1m.csv
2788,0,0,0,2a.csv
2788,0,0,0,2b.csv
2788,0,0,0,2c.csv
2788,0,0,0,2d.csv
2788,0,0,0,2e.csv
2788,0,0,0,2f.csv
2788,0,0,0,2g.csv
2788,0,0,0,2h.csv
2788,0,0,0,2i.csv
2788,0,0,0,2j.csv
2788,0,0,0,2k.csv
2788,2,2,0,2l.csv
2788,0,0,0,3a.csv
2788,7,5,2,3b.csv
2788,6,5,1,3c.csv
2788,6,5,1,3d.csv
2788,4,4,0,3e.csv
2788,1,1,0,3f.csv
2788,0,0,0,3g.csv
2789,9,7,2,1a.csv
2789,4,4,0,1b.csv
2789,4,4,0,1c.csv
2789,6,6,0,1e.csv
2789,3,3,0,1f.csv
2789,1,1,0,1g.csv
2789,0,0,0,1h.csv
2789,0,0,0,1i.csv
2789,0,0,0,1j.csv
2789,1,1,0,1k.csv
2789,0,0,0,1l.csv
2789,0,0,0,1m.csv
2789,0,0,0,2a.csv
2789,0,0,0,2b.csv
2789,0,0,0,2c.csv
2789,0,0,0,2d.csv
2789,0,0,0,2e.csv
2789,0,0,0,2f.csv
2789,0,0,0,2g.csv
2789,0,0,0,2h.csv
2789,0,0,0,2i.csv
2789,0,0,0,2j.csv
2789,0,0,0,2k.csv
2789,2,2,0,2l.csv
2789,0,0,0,3a.csv
2789,6,5,1,3b.csv
2789,5,4,1,3c.csv
2789,5,4,1,3d.csv
2789,3,3,0,3e.csv
2789,1,1,0,3f.csv
2789,1,1,0,3g.csv
2790,10,8,2,1a.csv
2790,4,4,0,1b.csv
2790,4,4,0,1c.csv
2790,5,5,0,1e.csv
2790,3,3,0,1f.csv
2790,1,1,0,1g.csv
2790,0,0,0,1h.csv
2790,0,0,0,1i.csv
2790,0,0,0,1j.csv
2790,1,1,0,1k.csv
2790,0,0,0,1l.csv
2790,0,0,0,1m.csv
2790,0,0,0,2a.csv
2790,0,0,0,2b.csv
2790,0,0,0,2c.csv
2790,0,0,0,2d.csv
2790,0,0,0,2e.csv
2790,0,0,0,2f.csv
2790,0,0,0,2g.csv
2790,0,0,0,2h.csv
2790,0,0,0,2i.csv
2790,0,0,0,2j.csv
2790,0,0,0,2k.csv
2790,2,2,0,2l.csv
2790,0,0,0,3a.csv
2790,5,4,1,3b.csv
2790,4,3,1,3c.csv
2790,4,3,1,3d.csv
2790,2,2,0,3e.csv
2790,1,1,0,3f.csv
2790,1,1,0,3g.csv
2791,11,9,2,1a.csv
2791,5,5,0,1b.csv
2791,5,5,0,1c.csv
2791,4,4,0,1e.csv
2791,2,2,0,1f.csv
2791,1,1,0,1g.csv
2791,0,0,0,1h.csv
2791,0,0,0,1i.csv
2791,0,0,0,1j.csv
2791,1,1,0,1k.csv
2791,0,0,0,1l.csv
2791,1,0,1,1m.csv
2791,0,0,0,2a.csv
2791,0,0,0,2b.csv
2791,1,1,0,2c.csv
2791,0,0,0,2d.csv
2791,0,0,0,2e.csv
2791,0,0,0,2f.csv
2791,0,0,0,2g.csv
2791,0,0,0,2h.csv
2791,0,0,0,2i.csv
2791,0,0,0,2j.csv
2791,0,0,0,2k.csv
2791,2,2,0,2l.csv
2791,0,0,0,3a.csv
2791,3,3,0,3b.csv
2791,3,2,1,3c.csv
2791,3,2,1,3d.csv
2791,2,2,0,3e.csv
2791,1,1,0,3f.csv
2791,1,1,0,3g.csv
2792,14,12,2,1a.csv
2792,5,5,0,1b.csv
2792,5,5,0,1c.csv
2792,4,4,0,1e.csv
2792,3,3,0,1f.csv
2792,2,1,1,1g.csv
2792,0,0,0,1h.csv
2792,0,0,0,1i.csv
2792,0,0,0,1j.csv
2792,0,0,0,1k.csv
2792,0,0,0,1l.csv
2792,1,0,1,1m.csv
2792,0,0,0,2a.csv
2792,0,0,0,2b.csv
2792,1,1,0,2c.csv
2792,0,0,0,2d.csv
2792,0,0,0,2e.csv
2792,0,0,0,2f.csv
2792,0,0,0,2g.csv
2792,0,0,0,2h.csv
2792,0,0,0,2i.csv
2792,0,0,0,2j.csv
2792,0,0,0,2k.csv
2792,2,2,0,2l.csv
2792,0,0,0,3a.csv
2792,3,3,0,3b.csv
2792,2,2,0,3c.csv
2792,2,2,0,3d.csv
2792,2,2,0,3e.csv
2792,1,1,0,3f.csv
2792,1,1,0,3g.csv
2793,14,12,2,1a.csv
2793,4,4,0,1b.csv
2793,4,4,0,1c.csv
2793,2,2,0,1e.csv
2793,2,2,0,1f.csv
2793,2,1,1,1g.csv
2793,0,0,0,1h.csv
2793,0,0,0,1i.csv
2793,0,0,0,1j.csv
2793,0,0,0,1k.csv
2793,0,0,0,1l.csv
2793,2,1,1,1m.csv
2793,0,0,0,2a.csv
2793,0,0,0,2b.csv
2793,1,1,0,2c.csv
2793,0,0,0,2d.csv
2793,0,0,0,2e.csv
2793,0,0,0,2f.csv
2793,0,0,0,2g.csv
2793,0,0,0,2h.csv
2793,0,0,0,2i.csv
2793,0,0,0,2j.csv
2793,0,0,0,2k.csv
2793,2,2,0,2l.csv
2793,0,0,0,3a.csv
2793,3,3,0,3b.csv
2793,2,2,0,3c.csv
2793,2,2,0,3d.csv
2793,0,0,0,3e.csv
2793,1,1,0,3f.csv
2793,1,1,0,3g.csv
2794,15,14,1,1a.csv
2794,3,3,0,1b.csv
2794,4,4,0,1c.csv
2794,2,2,0,1e.csv
2794,2,2,0,1f.csv
2794,1,0,1,1g.csv
2794,0,0,0,1h.csv
2794,0,0,0,1i.csv
2794,0,0,0,1j.csv
2794,0,0,0,1k.csv
2794,0,0,0,1l.csv
2794,2,1,1,1m.csv
2794,0,0,0,2a.csv
2794,0,0,0,2b.csv
2794,1,1,0,2c.csv
2794,0,0,0,2d.csv
2794,0,0,0,2e.csv
2794,0,0,0,2f.csv
2794,0,0,0,2g.csv
2794,0,0,0,2h.csv
2794,0,0,0,2i.csv
2794,0,0,0,2j.csv
2794,0,0,0,2k.csv
2794,1,1,0,2l.csv
2794,0,0,0,3a.csv
2794,2,2,0,3b.csv
2794,1,1,0,3c.csv
2794,1,1,0,3d.csv
2794,0,0,0,3e.csv
2794,1,1,0,3f.csv
2794,2,2,0,3g.csv
2795,18,16,2,1a.csv
2795,3,3,0,1b.csv
2795,4,4,0,1c.csv
2795,2,2,0,1e.csv
2795,2,2,0,1f.csv
2795,2,1,1,1g.csv
2795,0,0,0,1h.csv
2795,0,0,0,1i.csv
2795,0,0,0,1j.csv
2795,0,0,0,1k.csv
2795,0,0,0,1l.csv
2795,3,2,1,1m.csv
2795,0,0,0,2a.csv
2795,0,0,0,2b.csv
2795,1,1,0,2c.csv
2795,0,0,0,2d.csv
2795,0,0,0,2e.csv
2795,0,0,0,2f.csv
2795,0,0,0,2g.csv
2795,0,0,0,2h.csv
2795,0,0,0,2i.csv
2795,0,0,0,2j.csv
2795,0,0,0,2k.csv
2795,1,1,0,2l.csv
2795,1,1,0,3a.csv
2795,1,1,0,3b.csv
2795,1,1,0,3c.csv
2795,1,1,0,3d.csv
2795,0,0,0,3e.csv
2795,0,0,0,3f.csv
2795,2,2,0,3g.csv
2796,15,13,2,1a.csv
2796,5,4,1,1b.csv
2796,4,4,0,1c.csv
2796,3,3,0,1e.csv
2796,2,2,0,1f.csv
2796,2,1,1,1g.csv
2796,0,0,0,1h.csv
2796,0,0,0,1i.csv
2796,0,0,0,1j.csv
2796,0,0,0,1k.csv
2796,0,0,0,1l.csv
2796,3,2,1,1m.csv
2796,0,0,0,2a.csv
2796,0,0,0,2b.csv
2796,1,1,0,2c.csv
2796,0,0,0,2d.csv
2796,0,0,0,2e.csv
2796,0,0,0,2f.csv
2796,0,0,0,2g.csv
2796,0,0,0,2h.csv
2796,0,0,0,2i.csv
2796,0,0,0,2j.csv
2796,0,0,0,2k.csv
2796,1,1,0,2l.csv
2796,1,1,0,3a.csv
2796,2,2,0,3b.csv
2796,1,1,0,3c.csv
2796,1,1,0,3d.csv
2796,0,0,0,3e.csv
2796,0,0,0,3f.csv
2796,2,2,0,3g.csv
2797,13,11,2,1a.csv
2797,5,3,2,1b.csv
2797,3,3,0,1c.csv
2797,3,3,0,1e.csv
2797,2,2,0,1f.csv
2797,2,1,1,1g.csv
2797,0,0,0,1h.csv
2797,0,0,0,1i.csv
2797,0,0,0,1j.csv
2797,0,0,0,1k.csv
2797,0,0,0,1l.csv
2797,3,2,1,1m.csv
2797,1,1,0,2a.csv
2797,0,0,0,2b.csv
2797,1,1,0,2c.csv
2797,0,0,0,2d.csv
2797,0,0,0,2e.csv
2797,0,0,0,2f.csv
2797,0,0,0,2g.csv
2797,0,0,0,2h.csv
2797,0,0,0,2i.csv
2797,0,0,0,2j.csv
2797,0,0,0,2k.csv
2797,1,1,0,2l.csv
2797,1,1,0,3a.csv
2797,3,3,0,3b.csv
2797,1,1,0,3c.csv
2797,1,1,0,3d.csv
2797,0,0,0,3e.csv
2797,0,0,0,3f.csv
2797,1,1,0,3g.csv
2798,13,11,2,1a.csv
2798,4,2,2,1b.csv
2798,3,3,0,1c.csv
2798,3,3,0,1e.csv
2798,2,2,0,1f.csv
2798,4,3,1,1g.csv
2798,0,0,0,1h.csv
2798,0,0,0,1i.csv
2798,0,0,0,1j.csv
2798,0,0,0,1k.csv
2798,0,0,0,1l.csv
2798,3,2,1,1m.csv
2798,1,1,0,2a.csv
2798,0,0,0,2b.csv
2798,1,1,0,2c.csv
2798,0,0,0,2d.csv
2798,0,0,0,2e.csv
2798,0,0,0,2f.csv
2798,0,0,0,2g.csv
2798,0,0,0,2h.csv
2798,0,0,0,2i.csv
2798,0,0,0,2j.csv
2798,0,0,0,2k.csv
2798,1,1,0,2l.csv
2798,1,1,0,3a.csv
2798,4,4,0,3b.csv
2798,2,2,0,3c.csv
2798,2,2,0,3d.csv
2798,0,0,0,3e.csv
2798,0,0,0,3f.csv
2798,1,1,0,3g.csv
2799,12,10,2,1a.csv
2799,4,2,2,1b.csv
2799,4,3,1,1c.csv
2799,2,2,0,1e.csv
2799,2,2,0,1f.csv
2799,4,3,1,1g.csv
2799,0,0,0,1h.csv
2799,0,0,0,1i.csv
2799,0,0,0,1j.csv
2799,0,0,0,1k.csv
2799,0,0,0,1l.csv
2799,2,2,0,1m.csv
2799,1,1,0,2a.csv
2799,0,0,0,2b.csv
2799,0,0,0,2c.csv
2799,0,0,0,2d.csv
2799,0,0,0,2e.csv
2799,0,0,0,2f.csv
2799,0,0,0,2g.csv
2799,0,0,0,2h.csv
2799,0,0,0,2i.csv
2799,0,0,0,2j.csv
2799,0,0,0,2k.csv
2799,0,0,0,2l.csv
2799,2,2,0,3a.csv
2799,5,5,0,3b.csv
2799,3,2,1,3c.csv
2799,3,2,1,3d.csv
2799,0,0,0,3e.csv
2799,0,0,0,3f.csv
2799,2,2,0,3g.csv
2800,9,7,2,1a.csv
2800,4,2,2,1b.csv
2800,4,3,1,1c.csv
2800,2,2,0,1e.csv
2800,2,2,0,1f.csv
2800,4,4,0,1g.csv
2800,0,0,0,1h.csv
2800,0,0,0,1i.csv
2800,1,1,0,1j.csv
2800,0,0,0,1k.csv
2800,0,0,0,1l.csv
2800,2,2,0,1m.csv
2800,1,1,0,2a.csv
2800,0,0,0,2b.csv
2800,0,0,0,2c.csv
2800,0,0,0,2d.csv
2800,1,1,0,2e.csv
2800,0,0,0,2f.csv
2800,0,0,0,2g.csv
2800,0,0,0,2h.csv
2800,0,0,0,2i.csv
2800,0,0,0,2j.csv
2800,0,0,0,2k.csv
2800,0,0,0,2l.csv
2800,3,3,0,3a.csv
2800,5,5,0,3b.csv
2800,3,2,1,3c.csv
2800,3,2,1,3d.csv
2800,0,0,0,3e.csv
2800,0,0,0,3f.csv
2800,2,2,0,3g.csv
2801,7,6,1,1a.csv
2801,5,2,3,1b.csv
2801,6,5,1,1c.csv
2801,3,3,0,1e.csv
2801,2,2,0,1f.csv
2801,5,5,0,1g.csv
2801,0,0,0,1h.csv
2801,0,0,0,1i.csv
2801,1,1,0,1j.csv
2801,0,0,0,1k.csv
2801,0,0,0,1l.csv
2801,1,1,0,1m.csv
2801,1,1,0,2a.csv
2801,0,0,0,2b.csv
2801,0,0,0,2c.csv
2801,0,0,0,2d.csv
2801,1,1,0,2e.csv
2801,0,0,0,2f.csv
2801,0,0,0,2g.csv
2801,0,0,0,2h.csv
2801,0,0,0,2i.csv
2801,0,0,0,2j.csv
2801,0,0,0,2k.csv
2801,1,1,0,2l.csv
2801,3,3,0,3a.csv
2801,4,4,0,3b.csv
2801,4,3,1,3c.csv
2801,4,3,1,3d.csv
2801,0,0,0,3e.csv
2801,0,0,0,3f.csv
2801,2,2,0,3g.csv
2802,5,3,2,1a.csv
2802,5,2,3,1b.csv
2802,5,4,1,1c.csv
2802,3,3,0,1e.csv
2802,2,2,0,1f.csv
2802,5,5,0,1g.csv
2802,0,0,0,1h.csv
2802,0,0,0,1i.csv
2802,1,1,0,1j.csv
2802,0,0,0,1k.csv
2802,0,0,0,1l.csv
2802,1,1,0,1m.csv
2802,1,1,0,2a.csv
2802,0,0,0,2b.csv
2802,0,0,0,2c.csv
2802,0,0,0,2d.csv
2802,1,1,0,2e.csv
2802,0,0,0,2f.csv
2802,0,0,0,2g.csv
2802,0,0,0,2h.csv
2802,0,0,0,2i.csv
2802,0,0,0,2j.csv
2802,0,0,0,2k.csv
2802,1,1,0,2l.csv
2802,3,3,0,3a.csv
2802,5,5,0,3b.csv
2802,4,3,1,3c.csv
2802,4,3,1,3d.csv
2802,0,0,0,3e.csv
2802,0,0,0,3f.csv
2802,1,1,0,3g.csv
2803,2,1,1,1a.csv
2803,5,2,3,1b.csv
2803,5,4,1,1c.csv
2803,4,3,1,1e.csv
2803,3,2,1,1f.csv
2803,4,4,0,1g.csv
2803,0,0,0,1h.csv
2803,0,0,0,1i.csv
2803,1,1,0,1j.csv
2803,0,0,0,1k.csv
2803,0,0,0,1l.csv
2803,0,0,0,1m.csv
2803,1,1,0,2a.csv
2803,0,0,0,2b.csv
2803,0,0,0,2c.csv
2803,1,1,0,2d.csv
2803,1,1,0,2e.csv
2803,0,0,0,2f.csv
2803,0,0,0,2g.csv
2803,0,0,0,2h.csv
2803,0,0,0,2i.csv
2803,0,0,0,2j.csv
2803,0,0,0,2k.csv
2803,1,1,0,2l.csv
2803,3,3,0,3a.csv
2803,8,7,1,3b.csv
2803,5,4,1,3c.csv
2803,5,4,1,3d.csv
2803,0,0,0,3e.csv
2803,0,0,0,3f.csv
2803,1,1,0,3g.csv
2804,2,1,1,1a.csv
2804,3,1,2,1b.csv
2804,5,4,1,1c.csv
2804,4,3,1,1e.csv
2804,3,2,1,1f.csv
2804,5,4,1,1g.csv
2804,0,0,0,1h.csv
2804,0,0,0,1i.csv
2804,1,1,0,1j.csv
2804,0,0,0,1k.csv
2804,0,0,0,1l.csv
2804,1,1,0,1m.csv
2804,1,1,0,2a.csv
2804,0,0,0,2b.csv
2804,0,0,0,2c.csv
2804,1,1,0,2d.csv
2804,1,1,0,2e.csv
2804,0,0,0,2f.csv
2804,0,0,0,2g.csv
2804,0,0,0,2h.csv
2804,0,0,0,2i.csv
2804,0,0,0,2j.csv
2804,0,0,0,2k.csv
2804,1,1,0,2l.csv
2804,3,3,0,3a.csv
2804,7,6,1,3b.csv
2804,5,4,1,3c.csv
2804,5,4,1,3d.csv
2804,0,0,0,3e.csv
2804,0,0,0,3f.csv
2804,1,1,0,3g.csv
2805,2,1,1,1a.csv
2805,4,3,1,1b.csv
2805,5,4,1,1c.csv
2805,4,3,1,1e.csv
2805,2,1,1,1f.csv
2805,8,6,2,1g.csv
2805,0,0,0,1h.csv
2805,0,0,0,1i.csv
2805,1,1,0,1j.csv
2805,0,0,0,1k.csv
2805,0,0,0,1l.csv
2805,1,1,0,1m.csv
2805,0,0,0,2a.csv
2805,0,0,0,2b.csv
2805,0,0,0,2c.csv
2805,1,1,0,2d.csv
2805,1,1,0,2e.csv
2805,0,0,0,2f.csv
2805,0,0,0,2g.csv
2805,0,0,0,2h.csv
2805,0,0,0,2i.csv
2805,0,0,0,2j.csv
2805,0,0,0,2k.csv
2805,1,1,0,2l.csv
2805,3,3,0,3a.csv
2805,8,7,1,3b.csv
2805,5,4,1,3c.csv
2805,5,4,1,3d.csv
2805,0,0,0,3e.csv
2805,0,0,0,3f.csv
2805,1,1,0,3g.csv
2806,1,0,1,1a.csv
2806,4,3,1,1b.csv
2806,5,4,1,1c.csv
2806,4,3,1,1e.csv
2806,2,1,1,1f.csv
2806,7,5,2,1g.csv
2806,0,0,0,1h.csv
2806,0,0,0,1i.csv
2806,1,1,0,1j.csv
2806,0,0,0,1k.csv
2806,0,0,0,1l.csv
2806,2,2,0,1m.csv
2806,0,0,0,2a.csv
2806,0,0,0,2b.csv
2806,0,0,0,2c.csv
2806,1,1,0,2d.csv
2806,1,1,0,2e.csv
2806,0,0,0,2f.csv
2806,0,0,0,2g.csv
2806,0,0,0,2h.csv
2806,0,0,0,2i.csv
2806,0,0,0,2j.csv
2806,0,0,0,2k.csv
2806,1,1,0,2l.csv
2806,3,3,0,3a.csv
2806,8,7,1,3b.csv
2806,4,3,1,3c.csv
2806,4,3,1,3d.csv
2806,0,0,0,3e.csv
2806,0,0,0,3f.csv
2806,1,1,0,3g.csv
2807,1,0,1,1a.csv
2807,5,3,2,1b.csv
2807,4,4,0,1c.csv
2807,4,3,1,1e.csv
2807,2,1,1,1f.csv
2807,9,7,2,1g.csv
2807,0,0,0,1h.csv
2807,0,0,0,1i.csv
2807,1,1,0,1j.csv
2807,0,0,0,1k.csv
2807,0,0,0,1l.csv
2807,2,2,0,1m.csv
2807,0,0,0,2a.csv
2807,0,0,0,2b.csv
2807,0,0,0,2c.csv
2807,1,1,0,2d.csv
2807,1,1,0,2e.csv
2807,0,0,0,2f.csv
2807,0,0,0,2g.csv
2807,0,0,0,2h.csv
2807,0,0,0,2i.csv
2807,0,0,0,2j.csv
2807,0,0,0,2k.csv
2807,1,1,0,2l.csv
2807,2,2,0,3a.csv
2807,8,7,1,3b.csv
2807,3,3,0,3c.csv
2807,3,3,0,3d.csv
2807,0,0,0,3e.csv
2807,0,0,0,3f.csv
2807,0,0,0,3g.csv
2808,2,1,1,1a.csv
2808,5,3,2,1b.csv
2808,7,7,0,1c.csv
2808,4,3,1,1e.csv
2808,1,0,1,1f.csv
2808,8,6,2,1g.csv
2808,0,0,0,1h.csv
2808,0,0,0,1i.csv
2808,0,0,0,1j.csv
2808,0,0,0,1k.csv
2808,0,0,0,1l.csv
2808,2,2,0,1m.csv
2808,1,1,0,2a.csv
2808,0,0,0,2b.csv
2808,0,0,0,2c.csv
2808,1,1,0,2d.csv
2808,0,0,0,2e.csv
2808,0,0,0,2f.csv
2808,0,0,0,2g.csv
2808,0,0,0,2h.csv
2808,0,0,0,2i.csv
2808,0,0,0,2j.csv
2808,0,0,0,2k.csv
2808,1,1,0,2l.csv
2808,1,1,0,3a.csv
2808,9,8,1,3b.csv
2808,3,3,0,3c.csv
2808,3,3,0,3d.csv
2808,0,0,0,3e.csv
2808,0,0,0,3f.csv
2808,0,0,0,3g.csv
2809,4,3,1,1a.csv
2809,5,3,2,1b.csv
2809,5,4,1,1c.csv
2809,3,2,1,1e.csv
2809,1,0,1,1f.csv
2809,7,5,2,1g.csv
2809,0,0,0,1h.csv
2809,0,0,0,1i.csv
2809,0,0,0,1j.csv
2809,0,0,0,1k.csv
2809,0,0,0,1l.csv
2809,2,2,0,1m.csv
2809,1,1,0,2a.csv
2809,0,0,0,2b.csv
2809,0,0,0,2c.csv
2809,1,1,0,2d.csv
2809,1,1,0,2e.csv
2809,0,0,0,2f.csv
2809,0,0,0,2g.csv
2809,0,0,0,2h.csv
2809,0,0,0,2i.csv
2809,0,0,0,2j.csv
2809,0,0,0,2k.csv
2809,0,0,0,2l.csv
2809,1,1,0,3a.csv
2809,9,8,1,3b.csv
2809,2,2,0,3c.csv
2809,2,2,0,3d.csv
2809,0,0,0,3e.csv
2809,0,0,0,3f.csv
2809,0,0,0,3g.csv
2810,3,3,0,1a.csv
2810,5,3,2,1b.csv
2810,5,4,1,1c.csv
2810,3,2,1,1e.csv
2810,1,0,1,1f.csv
2810,7,5,2,1g.csv
2810,0,0,0,1h.csv
2810,0,0,0,1i.csv
2810,0,0,0,1j.csv
2810,0,0,0,1k.csv
2810,0,0,0,1l.csv
2810,3,3,0,1m.csv
2810,1,1,0,2a.csv
2810,0,0,0,2b.csv
2810,0,0,0,2c.csv
2810,1,1,0,2d.csv
2810,1,1,0,2e.csv
2810,0,0,0,2f.csv
2810,0,0,0,2g.csv
2810,0,0,0,2h.csv
2810,0,0,0,2i.csv
2810,0,0,0,2j.csv
2810,0,0,0,2k.csv
2810,1,1,0,2l.csv
2810,1,1,0,3a.csv
2810,9,8,1,3b.csv
2810,2,2,0,3c.csv
2810,2,2,0,3d.csv
2810,0,0,0,3e.csv
2810,0,0,0,3f.csv
2810,0,0,0,3g.csv
2811,4,4,0,1a.csv
2811,5,3,2,1b.csv
2811,5,4,1,1c.csv
2811,3,3,0,1e.csv
2811,0,0,0,1f.csv
2811,9,7,2,1g.csv
2811,0,0,0,1h.csv
2811,0,0,0,1i.csv
2811,0,0,0,1j.csv
2811,0,0,0,1k.csv
2811,0,0,0,1l.csv
2811,3,3,0,1m.csv
2811,1,1,0,2a.csv
2811,0,0,0,2b.csv
2811,0,0,0,2c.csv
2811,0,0,0,2d.csv
2811,1,1,0,2e.csv
2811,0,0,0,2f.csv
2811,0,0,0,2g.csv
2811,0,0,0,2h.csv
2811,0,0,0,2i.csv
2811,0,0,0,2j.csv
2811,0,0,0,2k.csv
2811,1,1,0,2l.csv
2811,0,0,0,3a.csv
2811,6,6,0,3b.csv
2811,1,1,0,3c.csv
2811,1,1,0,3d.csv
2811,0,0,0,3e.csv
2811,0,0,0,3f.csv
2811,0,0,0,3g.csv
2812,4,4,0,1a.csv
2812,5,3,2,1b.csv
2812,5,4,1,1c.csv
2812,2,2,0,1e.csv
2812,0,0,0,1f.csv
2812,8,7,1,1g.csv
2812,0,0,0,1h.csv
2812,0,0,0,1i.csv
2812,0,0,0,1j.csv
2812,0,0,0,1k.csv
2812,0,0,0,1l.csv
2812,2,2,0,1m.csv
2812,1,1,0,2a.csv
2812,0,0,0,2b.csv
2812,0,0,0,2c.csv
2812,0,0,0,2d.csv
2812,1,1,0,2e.csv
2812,0,0,0,2f.csv
2812,0,0,0,2g.csv
2812,0,0,0,2h.csv
2812,1,1,0,2i.csv
2812,0,0,0,2j.csv
2812,0,0,0,2k.csv
2812,1,1,0,2l.csv
2812,0,0,0,3a.csv
2812,9,8,1,3b.csv
2812,1,1,0,3c.csv
2812,1,1,0,3d.csv
2812,0,0,0,3e.csv
2812,1,1,0,3f.csv
2812,1,1,0,3g.csv
2813,5,5,0,1a.csv
2813,6,4,2,1b.csv
2813,5,4,1,1c.csv
2813,1,1,0,1e.csv
2813,0,0,0,1f.csv
2813,5,5,0,1g.csv
2813,0,0,0,1h.csv
2813,0,0,0,1i.csv
2813,0,0,0,1j.csv
2813,0,0,0,1k.csv
2813,0,0,0,1l.csv
2813,2,2,0,1m.csv
2813,2,1,1,2a.csv
2813,1,1,0,2b.csv
2813,0,0,0,2c.csv
2813,0,0,0,2d.csv
2813,1,1,0,2e.csv
2813,0,0,0,2f.csv
2813,0,0,0,2g.csv
2813,0,0,0,2h.csv
2813,1,1,0,2i.csv
2813,0,0,0,2j.csv
2813,0,0,0,2k.csv
2813,1,1,0,2l.csv
2813,0,0,0,3a.csv
2813,7,6,1,3b.csv
2813,1,1,0,3c.csv
2813,1,1,0,3d.csv
2813,0,0,0,3e.csv
2813,1,1,0,3f.csv
2813,2,2,0,3g.csv
2814,5,5,0,1a.csv
2814,9,7,2,1b.csv
2814,5,4,1,1c.csv
2814,1,1,0,1e.csv
2814,0,0,0,1f.csv
2814,4,4,0,1g.csv
2814,0,0,0,1h.csv
2814,0,0,0,1i.csv
2814,0,0,0,1j.csv
2814,0,0,0,1k.csv
2814,0,0,0,1l.csv
2814,1,1,0,1m.csv
2814,2,1,1,2a.csv
2814,1,1,0,2b.csv
2814,0,0,0,2c.csv
2814,0,0,0,2d.csv
2814,1,1,0,2e.csv
2814,0,0,0,2f.csv
2814,0,0,0,2g.csv
2814,0,0,0,2h.csv
2814,1,1,0,2i.csv
2814,0,0,0,2j.csv
2814,0,0,0,2k.csv
2814,1,1,0,2l.csv
2814,0,0,0,3a.csv
2814,6,5,1,3b.csv
2814,1,1,0,3c.csv
2814,1,1,0,3d.csv
2814,0,0,0,3e.csv
2814,2,2,0,3f.csv
2814,2,2,0,3g.csv
2815,7,7,0,1a.csv
2815,9,8,1,1b.csv
2815,4,3,1,1c.csv
2815,1,1,0,1e.csv
2815,0,0,0,1f.csv
2815,2,2,0,1g.csv
2815,1,0,1,1h.csv
2815,0,0,0,1i.csv
2815,0,0,0,1j.csv
2815,0,0,0,1k.csv
2815,0,0,0,1l.csv
2815,1,1,0,1m.csv
2815,2,1,1,2a.csv
2815,1,1,0,2b.csv
2815,0,0,0,2c.csv
2815,0,0,0,2d.csv
2815,1,1,0,2e.csv
2815,1,1,0,2f.csv
2815,0,0,0,2g.csv
2815,0,0,0,2h.csv
2815,1,1,0,2i.csv
2815,0,0,0,2j.csv
2815,0,0,0,2k.csv
2815,1,1,0,2l.csv
2815,0,0,0,3a.csv
2815,8,7,1,3b.csv
2815,1,1,0,3c.csv
2815,1,1,0,3d.csv
2815,0,0,0,3e.csv
2815,3,3,0,3f.csv
2815,2,2,0,3g.csv
2816,7,7,0,1a.csv
2816,10,8,2,1b.csv
2816,1,0,1,1c.csv
2816,1,1,0,1e.csv
2816,0,0,0,1f.csv
2816,2,2,0,1g.csv
2816,1,0,1,1h.csv
2816,0,0,0,1i.csv
2816,0,0,0,1j.csv
2816,0,0,0,1k.csv
2816,0,0,0,1l.csv
2816,2,2,0,1m.csv
2816,1,0,1,2a.csv
2816,1,1,0,2b.csv
2816,0,0,0,2c.csv
2816,0,0,0,2d.csv
2816,1,1,0,2e.csv
2816,1,1,0,2f.csv
2816,0,0,0,2g.csv
2816,0,0,0,2h.csv
2816,1,1,0,2i.csv
2816,0,0,0,2j.csv
2816,0,0,0,2k.csv
2816,1,1,0,2l.csv
2816,0,0,0,3a.csv
2816,7,6,1,3b.csv
2816,1,1,0,3c.csv
2816,1,1,0,3d.csv
2816,0,0,0,3e.csv
2816,4,4,0,3f.csv
2816,2,2,0,3g.csv
2817,6,5,1,1a.csv
2817,9,8,1,1b.csv
2817,0,0,0,1c.csv
2817,1,1,0,1e.csv
2817,0,0,0,1f.csv
2817,2,2,0,1g.csv
2817,1,0,1,1h.csv
2817,0,0,0,1i.csv
2817,0,0,0,1j.csv
2817,0,0,0,1k.csv
2817,0,0,0,1l.csv
2817,2,2,0,1m.csv
2817,1,0,1,2a.csv
2817,1,1,0,2b.csv
2817,0,0,0,2c.csv
2817,0,0,0,2d.csv
2817,0,0,0,2e.csv
2817,1,1,0,2f.csv
2817,0,0,0,2g.csv
2817,0,0,0,2h.csv
2817,1,1,0,2i.csv
2817,0,0,0,2j.csv
2817,0,0,0,2k.csv
2817,1,1,0,2l.csv
2817,0,0,0,3a.csv
2817,8,7,1,3b.csv
2817,1,1,0,3c.csv
2817,1,1,0,3d.csv
2817,0,0,0,3e.csv
2817,4,4,0,3f.csv
2817,2,2,0,3g.csv
2818,8,7,1,1a.csv
2818,9,8,1,1b.csv
2818,0,0,0,1c.csv
2818,1,1,0,1e.csv
2818,0,0,0,1f.csv
2818,2,2,0,1g.csv
2818,3,0,3,1h.csv
2818,0,0,0,1i.csv
2818,0,0,0,1j.csv
2818,0,0,0,1k.csv
2818,0,0,0,1l.csv
2818,1,1,0,1m.csv
2818,1,0,1,2a.csv
2818,1,1,0,2b.csv
2818,1,1,0,2c.csv
2818,0,0,0,2d.csv
2818,0,0,0,2e.csv
2818,1,1,0,2f.csv
2818,0,0,0,2g.csv
2818,0,0,0,2h.csv
2818,1,1,0,2i.csv
2818,0,0,0,2j.csv
2818,0,0,0,2k.csv
2818,0,0,0,2l.csv
2818,0,0,0,3a.csv
2818,7,6,1,3b.csv
2818,1,1,0,3c.csv
2818,1,1,0,3d.csv
2818,0,0,0,3e.csv
2818,6,5,1,3f.csv
2818,2,2,0,3g.csv
2819,7,6,1,1a.csv
2819,11,10,1,1b.csv
2819,0,0,0,1c.csv
2819,3,2,1,1e.csv
2819,0,0,0,1f.csv
2819,0,0,0,1g.csv
2819,4,1,3,1h.csv
2819,0,0,0,1i.csv
2819,0,0,0,1j.csv
2819,0,0,0,1k.csv
2819,0,0,0,1l.csv
2819,2,1,1,1m.csv
2819,1,0,1,2a.csv
2819,1,1,0,2b.csv
2819,1,1,0,2c.csv
2819,0,0,0,2d.csv
2819,0,0,0,2e.csv
2819,1,1,0,2f.csv
2819,0,0,0,2g.csv
2819,0,0,0,2h.csv
2819,1,1,0,2i.csv
2819,0,0,0,2j.csv
2819,0,0,0,2k.csv
2819,0,0,0,2l.csv
2819,0,0,0,3a.csv
2819,8,7,1,3b.csv
2819,2,2,0,3c.csv
2819,2,2,0,3d.csv
2819,0,0,0,3e.csv
2819,7,5,2,3f.csv
2819,2,2,0,3g.csv
2820,8,7,1,1a.csv
2820,12,11,1,1b.csv
2820,0,0,0,1c.csv
2820,3,2,1,1e.csv
2820,0,0,0,1f.csv
2820,0,0,0,1g.csv
2820,4,1,3,1h.csv
2820,0,0,0,1i.csv
2820,0,0,0,1j.csv
2820,0,0,0,1k.csv
2820,0,0,0,1l.csv
2820,2,1,1,1m.csv
2820,1,0,1,2a.csv
2820,1,1,0,2b.csv
2820,1,1,0,2c.csv
2820,0,0,0,2d.csv
2820,0,0,0,2e.csv
2820,1,1,0,2f.csv
2820,0,0,0,2g.csv
2820,0,0,0,2h.csv
2820,0,0,0,2i.csv
2820,0,0,0,2j.csv
2820,0,0,0,2k.csv
2820,0,0,0,2l.csv
2820,0,0,0,3a.csv
2820,5,5,0,3b.csv
2820,2,2,0,3c.csv
2820,2,2,0,3d.csv
2820,0,0,0,3e.csv
2820,7,5,2,3f.csv
2820,1,1,0,3g.csv
2821,10,9,1,1a.csv
2821,9,8,1,1b.csv
2821,1,1,0,1c.csv
2821,3,2,1,1e.csv
2821,0,0,0,1f.csv
2821,3,3,0,1g.csv
2821,4,1,3,1h.csv
2821,0,0,0,1i.csv
2821,0,0,0,1j.csv
2821,0,0,0,1k.csv
2821,0,0,0,1l.csv
2821,2,1,1,1m.csv
2821,0,0,0,2a.csv
2821,0,0,0,2b.csv
2821,2,2,0,2c.csv
2821,0,0,0,2d.csv
2821,0,0,0,2e.csv
2821,1,1,0,2f.csv
2821,0,0,0,2g.csv
2821,0,0,0,2h.csv
2821,0,0,0,2i.csv
2821,0,0,0,2j.csv
2821,0,0,0,2k.csv
2821,0,0,0,2l.csv
2821,0,0,0,3a.csv
2821,7,7,0,3b.csv
2821,2,2,0,3c.csv
2821,2,2,0,3d.csv
2821,0,0,0,3e.csv
2821,9,7,2,3f.csv
2821,0,0,0,3g.csv
2822,15,13,2,1a.csv
2822,7,5,2,1b.csv
2822,2,2,0,1c.csv
2822,3,2,1,1e.csv
2822,0,0,0,1f.csv
2822,3,3,0,1g.csv
2822,5,1,4,1h.csv
2822,0,0,0,1i.csv
2822,0,0,0,1j.csv
2822,0,0,0,1k.csv
2822,0,0,0,1l.csv
2822,2,1,1,1m.csv
2822,0,0,0,2a.csv
2822,0,0,0,2b.csv
2822,2,2,0,2c.csv
2822,0,0,0,2d.csv
2822,0,0,0,2e.csv
2822,1,1,0,2f.csv
2822,0,0,0,2g.csv
2822,0,0,0,2h.csv
2822,0,0,0,2i.csv
2822,0,0,0,2j.csv
2822,0,0,0,2k.csv
2822,0,0,0,2l.csv
2822,0,0,0,3a.csv
2822,8,8,0,3b.csv
2822,2,2,0,3c.csv
2822,2,2,0,3d.csv
2822,0,0,0,3e.csv
2822,9,7,2,3f.csv
2822,0,0,0,3g.csv
2823,15,13,2,1a.csv
2823,7,5,2,1b.csv
2823,3,2,1,1c.csv
2823,5,3,2,1e.csv
2823,0,0,0,1f.csv
2823,4,4,0,1g.csv
2823,4,1,3,1h.csv
2823,0,0,0,1i.csv
2823,0,0,0,1j.csv
2823,0,0,0,1k.csv
2823,0,0,0,1l.csv
2823,2,1,1,1m.csv
2823,0,0,0,2a.csv
2823,0,0,0,2b.csv
2823,2,2,0,2c.csv
2823,0,0,0,2d.csv
2823,0,0,0,2e.csv
2823,0,0,0,2f.csv
2823,0,0,0,2g.csv
2823,0,0,0,2h.csv
2823,0,0,0,2i.csv
2823,0,0,0,2j.csv
2823,0,0,0,2k.csv
2823,0,0,0,2l.csv
2823,0,0,0,3a.csv
2823,6,6,0,3b.csv
2823,1,1,0,3c.csv
2823,1,1,0,3d.csv
2823,0,0,0,3e.csv
2823,9,7,2,3f.csv
2823,0,0,0,3g.csv
2824,18,16,2,1a.csv
2824,6,5,1,1b.csv
2824,3,2,1,1c.csv
2824,6,3,3,1e.csv
2824,0,0,0,1f.csv
2824,5,5,0,1g.csv
2824,4,1,3,1h.csv
2824,0,0,0,1i.csv
2824,0,0,0,1j.csv
2824,0,0,0,1k.csv
2824,0,0,0,1l.csv
2824,1,0,1,1m.csv
2824,0,0,0,2a.csv
2824,0,0,0,2b.csv
2824,2,2,0,2c.csv
2824,0,0,0,2d.csv
2824,0,0,0,2e.csv
2824,0,0,0,2f.csv
2824,0,0,0,2g.csv
2824,0,0,0,2h.csv
2824,0,0,0,2i.csv
2824,0,0,0,2j.csv
2824,0,0,0,2k.csv
2824,0,0,0,2l.csv
2824,0,0,0,3a.csv
2824,8,8,0,3b.csv
2824,1,1,0,3c.csv
2824,1,1,0,3d.csv
2824,0,0,0,3e.csv
2824,9,7,2,3f.csv
2824,0,0,0,3g.csv
2825,21,20,1,1a.csv
2825,9,8,1,1b.csv
2825,3,2,1,1c.csv
2825,7,4,3,1e.csv
2825,0,0,0,1f.csv
2825,5,5,0,1g.csv
2825,4,1,3,1h.csv
2825,0,0,0,1i.csv
2825,0,0,0,1j.csv
2825,0,0,0,1k.csv
2825,0,0,0,1l.csv
2825,1,0,1,1m.csv
2825,0,0,0,2a.csv
2825,0,0,0,2b.csv
2825,2,2,0,2c.csv
2825,0,0,0,2d.csv
2825,0,0,0,2e.csv
2825,0,0,0,2f.csv
2825,0,0,0,2g.csv
2825,0,0,0,2h.csv
2825,0,0,0,2i.csv
2825,0,0,0,2j.csv
2825,0,0,0,2k.csv
2825,0,0,0,2l.csv
2825,0,0,0,3a.csv
2825,8,8,0,3b.csv
2825,1,1,0,3c.csv
2825,1,1,0,3d.csv
2825,0,0,0,3e.csv
2825,10,8,2,3f.csv
2825,0,0,0,3g.csv
2826,23,21,2,1a.csv
2826,9,8,1,1b.csv
2826,3,2,1,1c.csv
2826,8,5,3,1e.csv
2826,1,1,0,1f.csv
2826,5,5,0,1g.csv
2826,5,3,2,1h.csv
2826,0,0,0,1i.csv
2826,0,0,0,1j.csv
2826,0,0,0,1k.csv
2826,0,0,0,1l.csv
2826,1,0,1,1m.csv
2826,0,0,0,2a.csv
2826,0,0,0,2b.csv
2826,1,1,0,2c.csv
2826,0,0,0,2d.csv
2826,0,0,0,2e.csv
2826,0,0,0,2f.csv
2826,0,0,0,2g.csv
2826,0,0,0,2h.csv
2826,0,0,0,2i.csv
2826,0,0,0,2j.csv
2826,0,0,0,2k.csv
2826,1,1,0,2l.csv
2826,0,0,0,3a.csv
2826,10,10,0,3b.csv
2826,1,1,0,3c.csv
2826,1,1,0,3d.csv
2826,0,0,0,3e.csv
2826,10,9,1,3f.csv
2826,0,0,0,3g.csv
2827,25,23,2,1a.csv
2827,8,7,1,1b.csv
2827,3,2,1,1c.csv
2827,5,3,2,1e.csv
2827,1,1,0,1f.csv
2827,7,6,1,1g.csv
2827,4,2,2,1h.csv
2827,0,0,0,1i.csv
2827,0,0,0,1j.csv
2827,0,0,0,1k.csv
2827,0,0,0,1l.csv
2827,0,0,0,1m.csv
2827,0,0,0,2a.csv
2827,0,0,0,2b.csv
2827,1,1,0,2c.csv
2827,0,0,0,2d.csv
2827,0,0,0,2e.csv
2827,0,0,0,2f.csv
2827,0,0,0,2g.csv
2827,0,0,0,2h.csv
2827,0,0,0,2i.csv
2827,0,0,0,2j.csv
2827,0,0,0,2k.csv
2827,1,1,0,2l.csv
2827,0,0,0,3a.csv
2827,10,10,0,3b.csv
2827,1,1,0,3c.csv
2827,1,1,0,3d.csv
2827,0,0,0,3e.csv
2827,10,10,0,3f.csv
2827,0,0,0,3g.csv
2828,30,28,2,1a.csv
2828,8,7,1,1b.csv
2828,4,3,1,1c.csv
2828,5,3,2,1e.csv
2828,1,1,0,1f.csv
2828,8,7,1,1g.csv
2828,4,2,2,1h.csv
2828,0,0,0,1i.csv
2828,0,0,0,1j.csv
2828,0,0,0,1k.csv
2828,0,0,0,1l.csv
2828,0,0,0,1m.csv
2828,0,0,0,2a.csv
2828,0,0,0,2b.csv
2828,1,1,0,2c.csv
2828,0,0,0,2d.csv
2828,0,0,0,2e.csv
2828,0,0,0,2f.csv
2828,0,0,0,2g.csv
2828,0,0,0,2h.csv
2828,0,0,0,2i.csv
2828,0,0,0,2j.csv
2828,0,0,0,2k.csv
2828,2,2,0,2l.csv
2828,0,0,0,3a.csv
2828,11,11,0,3b.csv
2828,1,1,0,3c.csv
2828,1,1,0,3d.csv
2828,0,0,0,3e.csv
2828,11,10,1,3f.csv
2828,0,0,0,3g.csv
2829,30,28,2,1a.csv
2829,9,7,2,1b.csv
2829,3,2,1,1c.csv
2829,6,4,2,1e.csv
2829,1,1,0,1f.csv
2829,5,4,1,1g.csv
2829,6,2,4,1h.csv
2829,0,0,0,1i.csv
2829,0,0,0,1j.csv
2829,0,0,0,1k.csv
2829,1,0,1,1l.csv
2829,0,0,0,1m.csv
2829,0,0,0,2a.csv
2829,0,0,0,2b.csv
2829,0,0,0,2c.csv
2829,0,0,0,2d.csv
2829,0,0,0,2e.csv
2829,0,0,0,2f.csv
2829,0,0,0,2g.csv
2829,0,0,0,2h.csv
2829,0,0,0,2i.csv
2829,0,0,0,2j.csv
2829,2,1,1,2k.csv
2829,2,2,0,2l.csv
2829,0,0,0,3a.csv
2829,10,10,0,3b.csv
2829,1,1,0,3c.csv
2829,1,1,0,3d.csv
2829,1,1,0,3e.csv
2829,10,9,1,3f.csv
2829,0,0,0,3g.csv
2830,29,28,1,1a.csv
2830,8,7,1,1b.csv
2830,2,1,1,1c.csv
2830,6,4,2,1e.csv
2830,1,1,0,1f.csv
2830,5,4,1,1g.csv
2830,5,2,3,1h.csv
2830,0,0,0,1i.csv
2830,0,0,0,1j.csv
2830,0,0,0,1k.csv
2830,1,0,1,1l.csv
2830,0,0,0,1m.csv
2830,0,0,0,2a.csv
2830,0,0,0,2b.csv
2830,0,0,0,2c.csv
2830,0,0,0,2d.csv
2830,0,0,0,2e.csv
2830,0,0,0,2f.csv
2830,0,0,0,2g.csv
2830,0,0,0,2h.csv
2830,0,0,0,2i.csv
2830,0,0,0,2j.csv
2830,2,1,1,2k.csv
2830,3,3,0,2l.csv
2830,0,0,0,3a.csv
2830,10,10,0,3b.csv
2830,1,1,0,3c.csv
2830,1,1,0,3d.csv
2830,1,1,0,3e.csv
2830,11,10,1,3f.csv
2830,0,0,0,3g.csv
2831,28,27,1,1a.csv
2831,6,5,1,1b.csv
2831,1,1,0,1c.csv
2831,4,3,1,1e.csv
2831,4,4,0,1f.csv
2831,4,3,1,1g.csv
2831,5,2,3,1h.csv
2831,0,0,0,1i.csv
2831,0,0,0,1j.csv
2831,0,0,0,1k.csv
2831,2,1,1,1l.csv
2831,0,0,0,1m.csv
2831,0,0,0,2a.csv
2831,0,0,0,2b.csv
2831,0,0,0,2c.csv
2831,0,0,0,2d.csv
2831,0,0,0,2e.csv
2831,0,0,0,2f.csv
2831,0,0,0,2g.csv
2831,0,0,0,2h.csv
2831,0,0,0,2i.csv
2831,0,0,0,2j.csv
2831,2,1,1,2k.csv
2831,4,4,0,2l.csv
2831,0,0,0,3a.csv
2831,10,10,0,3b.csv
2831,2,1,1,3c.csv
2831,2,1,1,3d.csv
2831,1,1,0,3e.csv
2831,10,9,1,3f.csv
2831,0,0,0,3g.csv
2832,26,25,1,1a.csv
2832,6,5,1,1b.csv
2832,1,1,0,1c.csv
2832,4,3,1,1e.csv
2832,4,4,0,1f.csv
2832,3,2,1,1g.csv
2832,5,2,3,1h.csv
2832,0,0,0,1i.csv
2832,0,0,0,1j.csv
2832,1,1,0,1k.csv
2832,2,1,1,1l.csv
2832,0,0,0,1m.csv
2832,0,0,0,2a.csv
2832,0,0,0,2b.csv
2832,0,0,0,2c.csv
2832,0,0,0,2d.csv
2832,0,0,0,2e.csv
2832,0,0,0,2f.csv
2832,0,0,0,2g.csv
2832,0,0,0,2h.csv
2832,0,0,0,2i.csv
2832,0,0,0,2j.csv
2832,2,1,1,2k.csv
2832,4,4,0,2l.csv
2832,1,0,1,3a.csv
2832,10,10,0,3b.csv
2832,2,1,1,3c.csv
2832,2,1,1,3d.csv
2832,1,1,0,3e.csv
2832,9,8,1,3f.csv
2832,1,1,0,3g.csv
2833,26,25,1,1a.csv
2833,3,2,1,1b.csv
2833,1,1,0,1c.csv
2833,5,4,1,1e.csv
2833,4,4,0,1f.csv
2833,3,2,1,1g.csv
2833,5,2,3,1h.csv
2833,0,0,0,1i.csv
2833,0,0,0,1j.csv
2833,1,1,0,1k.csv
2833,2,1,1,1l.csv
2833,0,0,0,1m.csv
2833,0,0,0,2a.csv
2833,0,0,0,2b.csv
2833,0,0,0,2c.csv
2833,0,0,0,2d.csv
2833,0,0,0,2e.csv
2833,0,0,0,2f.csv
2833,0,0,0,2g.csv
2833,0,0,0,2h.csv
2833,0,0,0,2i.csv
2833,0,0,0,2j.csv
2833,2,1,1,2k.csv
2833,4,4,0,2l.csv
2833,1,0,1,3a.csv
2833,10,9,1,3b.csv
2833,2,1,1,3c.csv
2833,2,1,1,3d.csv
2833,1,1,0,3e.csv
2833,9,8,1,3f.csv
2833,1,1,0,3g.csv
2834,26,26,0,1a.csv
2834,4,3,1,1b.csv
2834,1,1,0,1c.csv
2834,4,3,1,1e.csv
2834,4,3,1,1f.csv
2834,5,2,3,1g.csv
2834,2,0,2,1h.csv
2834,0,0,0,1i.csv
2834,0,0,0,1j.csv
2834,1,1,0,1k.csv
2834,2,1,1,1l.csv
2834,0,0,0,1m.csv
2834,0,0,0,2a.csv
2834,0,0,0,2b.csv
2834,0,0,0,2c.csv
2834,0,0,0,2d.csv
2834,0,0,0,2e.csv
2834,0,0,0,2f.csv
2834,0,0,0,2g.csv
2834,0,0,0,2h.csv
2834,0,0,0,2i.csv
2834,0,0,0,2j.csv
2834,2,1,1,2k.csv
2834,3,3,0,2l.csv
2834,1,0,1,3a.csv
2834,8,7,1,3b.csv
2834,3,2,1,3c.csv
2834,3,2,1,3d.csv
2834,1,1,0,3e.csv
2834,7,6,1,3f.csv
2834,1,1,0,3g.csv
2835,28,28,0,1a.csv
2835,3,2,1,1b.csv
2835,1,1,0,1c.csv
2835,5,4,1,1e.csv
2835,6,5,1,1f.csv
2835,4,2,2,1g.csv
2835,2,0,2,1h.csv
2835,0,0,0,1i.csv
2835,0,0,0,1j.csv
2835,1,1,0,1k.csv
2835,3,2,1,1l.csv
2835,0,0,0,1m.csv
2835,0,0,0,2a.csv
2835,0,0,0,2b.csv
2835,0,0,0,2c.csv
2835,0,0,0,2d.csv
2835,0,0,0,2e.csv
2835,0,0,0,2f.csv
2835,0,0,0,2g.csv
2835,0,0,0,2h.csv
2835,0,0,0,2i.csv
2835,0,0,0,2j.csv
2835,2,1,1,2k.csv
2835,4,4,0,2l.csv
2835,1,0,1,3a.csv
2835,7,6,1,3b.csv
2835,3,2,1,3c.csv
2835,3,2,1,3d.csv
2835,1,1,0,3e.csv
2835,7,6,1,3f.csv
2835,1,1,0,3g.csv
2836,27,27,0,1a.csv
2836,3,2,1,1b.csv
2836,1,1,0,1c.csv
2836,5,4,1,1e.csv
2836,6,5,1,1f.csv
2836,3,1,2,1g.csv
2836,2,0,2,1h.csv
2836,0,0,0,1i.csv
2836,0,0,0,1j.csv
2836,1,1,0,1k.csv
2836,3,2,1,1l.csv
2836,0,0,0,1m.csv
2836,0,0,0,2a.csv
2836,0,0,0,2b.csv
2836,0,0,0,2c.csv
2836,0,0,0,2d.csv
2836,0,0,0,2e.csv
2836,0,0,0,2f.csv
2836,0,0,0,2g.csv
2836,0,0,0,2h.csv
2836,0,0,0,2i.csv
2836,0,0,0,2j.csv
2836,2,1,1,2k.csv
2836,3,3,0,2l.csv
2836,2,1,1,3a.csv
2836,7,5,2,3b.csv
2836,3,2,1,3c.csv
2836,3,2,1,3d.csv
2836,1,1,0,3e.csv
2836,5,5,0,3f.csv
2836,1,1,0,3g.csv
2837,28,27,1,1a.csv
2837,4,4,0,1b.csv
2837,1,1,0,1c.csv
2837,4,3,1,1e.csv
2837,6,5,1,1f.csv
2837,3,1,2,1g.csv
2837,1,1,0,1h.csv
2837,0,0,0,1i.csv
2837,0,0,0,1j.csv
2837,1,1,0,1k.csv
2837,3,3,0,1l.csv
2837,0,0,0,1m.csv
2837,0,0,0,2a.csv
2837,0,0,0,2b.csv
2837,0,0,0,2c.csv
2837,0,0,0,2d.csv
2837,0,0,0,2e.csv
2837,0,0,0,2f.csv
2837,0,0,0,2g.csv
2837,0,0,0,2h.csv
2837,0,0,0,2i.csv
2837,0,0,0,2j.csv
2837,0,0,0,2k.csv
2837,3,3,0,2l.csv
2837,3,2,1,3a.csv
2837,6,4,2,3b.csv
2837,3,2,1,3c.csv
2837,3,2,1,3d.csv
2837,0,0,0,3e.csv
2837,5,4,1,3f.csv
2837,1,1,0,3g.csv
2838,26,25,1,1a.csv
2838,4,4,0,1b.csv
2838,2,2,0,1c.csv
2838,4,3,1,1e.csv
2838,6,5,1,1f.csv
2838,5,3,2,1g.csv
2838,1,1,0,1h.csv
2838,0,0,0,1i.csv
2838,0,0,0,1j.csv
2838,1,1,0,1k.csv
2838,4,4,0,1l.csv
2838,0,0,0,1m.csv
2838,0,0,0,2a.csv
2838,0,0,0,2b.csv
2838,0,0,0,2c.csv
2838,0,0,0,2d.csv
2838,0,0,0,2e.csv
2838,0,0,0,2f.csv
2838,0,0,0,2g.csv
2838,0,0,0,2h.csv
2838,0,0,0,2i.csv
2838,0,0,0,2j.csv
2838,0,0,0,2k.csv
2838,2,2,0,2l.csv
2838,3,2,1,3a.csv
2838,5,3,2,3b.csv
2838,3,2,1,3c.csv
2838,3,2,1,3d.csv
2838,0,0,0,3e.csv
2838,3,2,1,3f.csv
2838,1,1,0,3g.csv
2839,29,28,1,1a.csv
2839,5,5,0,1b.csv
2839,2,2,0,1c.csv
2839,5,4,1,1e.csv
2839,7,6,1,1f.csv
2839,5,3,2,1g.csv
2839,1,1,0,1h.csv
2839,0,0,0,1i.csv
2839,0,0,0,1j.csv
2839,1,1,0,1k.csv
2839,3,3,0,1l.csv
2839,0,0,0,1m.csv
2839,0,0,0,2a.csv
2839,0,0,0,2b.csv
2839,0,0,0,2c.csv
2839,0,0,0,2d.csv
2839,0,0,0,2e.csv
2839,0,0,0,2f.csv
2839,0,0,0,2g.csv
2839,0,0,0,2h.csv
2839,0,0,0,2i.csv
2839,0,0,0,2j.csv
2839,0,0,0,2k.csv
2839,3,3,0,2l.csv
2839,3,2,1,3a.csv
2839,6,4,2,3b.csv
2839,3,3,0,3c.csv
2839,3,3,0,3d.csv
2839,0,0,0,3e.csv
2839,3,2,1,3f.csv
2839,1,1,0,3g.csv
2840,28,27,1,1a.csv
2840,6,6,0,1b.csv
2840,2,2,0,1c.csv
2840,4,4,0,1e.csv
2840,8,7,1,1f.csv
2840,5,3,2,1g.csv
2840,1,1,0,1h.csv
2840,0,0,0,1i.csv
2840,0,0,0,1j.csv
2840,0,0,0,1k.csv
2840,3,3,0,1l.csv
2840,0,0,0,1m.csv
2840,0,0,0,2a.csv
2840,0,0,0,2b.csv
2840,0,0,0,2c.csv
2840,0,0,0,2d.csv
2840,0,0,0,2e.csv
2840,0,0,0,2f.csv
2840,0,0,0,2g.csv
2840,0,0,0,2h.csv
2840,0,0,0,2i.csv
2840,0,0,0,2j.csv
2840,0,0,0,2k.csv
2840,3,3,0,2l.csv
2840,2,2,0,3a.csv
2840,4,2,2,3b.csv
2840,3,3,0,3c.csv
2840,3,3,0,3d.csv
2840,0,0,0,3e.csv
2840,6,4,2,3f.csv
2840,1,1,0,3g.csv
2841,25,24,1,1a.csv
2841,7,7,0,1b.csv
2841,3,3,0,1c.csv
2841,2,2,0,1e.csv
2841,9,8,1,1f.csv
2841,5,3,2,1g.csv
2841,1,1,0,1h.csv
2841,0,0,0,1i.csv
2841,0,0,0,1j.csv
2841,0,0,0,1k.csv
2841,3,3,0,1l.csv
2841,0,0,0,1m.csv
2841,0,0,0,2a.csv
2841,0,0,0,2b.csv
2841,0,0,0,2c.csv
2841,0,0,0,2d.csv
2841,0,0,0,2e.csv
2841,0,0,0,2f.csv
2841,0,0,0,2g.csv
2841,0,0,0,2h.csv
2841,0,0,0,2i.csv
2841,0,0,0,2j.csv
2841,0,0,0,2k.csv
2841,5,5,0,2l.csv
2841,2,2,0,3a.csv
2841,4,3,1,3b.csv
2841,3,3,0,3c.csv
2841,3,3,0,3d.csv
2841,0,0,0,3e.csv
2841,6,4,2,3f.csv
2841,1,1,0,3g.csv
2842,24,23,1,1a.csv
2842,8,8,0,1b.csv
2842,3,3,0,1c.csv
2842,3,2,1,1e.csv
2842,8,8,0,1f.csv
2842,4,4,0,1g.csv
2842,1,1,0,1h.csv
2842,0,0,0,1i.csv
2842,0,0,0,1j.csv
2842,0,0,0,1k.csv
2842,3,3,0,1l.csv
2842,0,0,0,1m.csv
2842,0,0,0,2a.csv
2842,1,0,1,2b.csv
2842,0,0,0,2c.csv
2842,0,0,0,2d.csv
2842,0,0,0,2e.csv
2842,0,0,0,2f.csv
2842,0,0,0,2g.csv
2842,0,0,0,2h.csv
2842,0,0,0,2i.csv
2842,0,0,0,2j.csv
2842,0,0,0,2k.csv
2842,5,5,0,2l.csv
2842,2,2,0,3a.csv
2842,7,5,2,3b.csv
2842,2,2,0,3c.csv
2842,2,2,0,3d.csv
2842,0,0,0,3e.csv
2842,7,5,2,3f.csv
2842,1,1,0,3g.csv
2843,21,20,1,1a.csv
2843,7,7,0,1b.csv
2843,4,4,0,1c.csv
2843,2,1,1,1e.csv
2843,8,8,0,1f.csv
2843,3,3,0,1g.csv
2843,1,1,0,1h.csv
2843,0,0,0,1i.csv
2843,0,0,0,1j.csv
2843,0,0,0,1k.csv
2843,2,2,0,1l.csv
2843,0,0,0,1m.csv
2843,0,0,0,2a.csv
2843,1,0,1,2b.csv
2843,0,0,0,2c.csv
2843,0,0,0,2d.csv
2843,0,0,0,2e.csv
2843,1,1,0,2f.csv
2843,0,0,0,2g.csv
2843,0,0,0,2h.csv
2843,0,0,0,2i.csv
2843,0,0,0,2j.csv
2843,1,1,0,2k.csv
2843,4,4,0,2l.csv
2843,2,2,0,3a.csv
2843,7,5,2,3b.csv
2843,2,2,0,3c.csv
2843,2,2,0,3d.csv
2843,0,0,0,3e.csv
2843,6,4,2,3f.csv
2843,1,1,0,3g.csv
2844,22,20,2,1a.csv
2844,7,7,0,1b.csv
2844,5,5,0,1c.csv
2844,3,1,2,1e.csv
2844,8,8,0,1f.csv
2844,3,3,0,1g.csv
2844,1,1,0,1h.csv
2844,0,0,0,1i.csv
2844,0,0,0,1j.csv
2844,0,0,0,1k.csv
2844,2,2,0,1l.csv
2844,0,0,0,1m.csv
2844,0,0,0,2a.csv
2844,1,0,1,2b.csv
2844,0,0,0,2c.csv
2844,0,0,0,2d.csv
2844,0,0,0,2e.csv
2844,1,1,0,2f.csv
2844,0,0,0,2g.csv
2844,0,0,0,2h.csv
2844,0,0,0,2i.csv
2844,0,0,0,2j.csv
2844,1,1,0,2k.csv
2844,4,4,0,2l.csv
2844,1,1,0,3a.csv
2844,8,5,3,3b.csv
2844,2,2,0,3c.csv
2844,2,2,0,3d.csv
2844,0,0,0,3e.csv
2844,9,7,2,3f.csv
2844,2,2,0,3g.csv
2845,20,19,1,1a.csv
2845,5,5,0,1b.csv
2845,6,6,0,1c.csv
2845,3,1,2,1e.csv
2845,14,11,3,1f.csv
2845,3,3,0,1g.csv
2845,0,0,0,1h.csv
2845,0,0,0,1i.csv
2845,0,0,0,1j.csv
2845,0,0,0,1k.csv
2845,1,1,0,1l.csv
2845,0,0,0,1m.csv
2845,0,0,0,2a.csv
2845,1,0,1,2b.csv
2845,0,0,0,2c.csv
2845,0,0,0,2d.csv
2845,0,0,0,2e.csv
2845,1,1,0,2f.csv
2845,0,0,0,2g.csv
2845,0,0,0,2h.csv
2845,0,0,0,2i.csv
2845,0,0,0,2j.csv
2845,1,1,0,2k.csv
2845,5,5,0,2l.csv
2845,1,1,0,3a.csv
2845,9,6,3,3b.csv
2845,2,2,0,3c.csv
2845,2,2,0,3d.csv
2845,0,0,0,3e.csv
2845,8,7,1,3f.csv
2845,2,2,0,3g.csv
2846,23,22,1,1a.csv
2846,6,6,0,1b.csv
2846,6,6,0,1c.csv
2846,3,1,2,1e.csv
2846,14,11,3,1f.csv
2846,1,1,0,1g.csv
2846,0,0,0,1h.csv
2846,0,0,0,1i.csv
2846,0,0,0,1j.csv
2846,0,0,0,1k.csv
2846,0,0,0,1l.csv
2846,0,0,0,1m.csv
2846,0,0,0,2a.csv
2846,1,0,1,2b.csv
2846,0,0,0,2c.csv
2846,0,0,0,2d.csv
2846,0,0,0,2e.csv
2846,1,1,0,2f.csv
2846,0,0,0,2g.csv
2846,0,0,0,2h.csv
2846,0,0,0,2i.csv
2846,0,0,0,2j.csv
2846,1,1,0,2k.csv
2846,6,6,0,2l.csv
2846,1,1,0,3a.csv
2846,9,6,3,3b.csv
2846,3,3,0,3c.csv
2846,3,3,0,3d.csv
2846,0,0,0,3e.csv
2846,8,7,1,3f.csv
2846,2,2,0,3g.csv
2847,21,20,1,1a.csv
2847,5,5,0,1b.csv
2847,7,7,0,1c.csv
2847,2,0,2,1e.csv
2847,14,11,3,1f.csv
2847,1,1,0,1g.csv
2847,0,0,0,1h.csv
2847,0,0,0,1i.csv
2847,0,0,0,1j.csv
2847,0,0,0,1k.csv
2847,0,0,0,1l.csv
2847,0,0,0,1m.csv
2847,1,1,0,2a.csv
2847,1,0,1,2b.csv
2847,0,0,0,2c.csv
2847,0,0,0,2d.csv
2847,0,0,0,2e.csv
2847,2,2,0,2f.csv
2847,0,0,0,2g.csv
2847,0,0,0,2h.csv
2847,0,0,0,2i.csv
2847,0,0,0,2j.csv
2847,1,1,0,2k.csv
2847,4,4,0,2l.csv
2847,1,1,0,3a.csv
2847,7,4,3,3b.csv
2847,2,2,0,3c.csv
2847,2,2,0,3d.csv
2847,0,0,0,3e.csv
2847,8,7,1,3f.csv
2847,2,2,0,3g.csv
2848,21,20,1,1a.csv
2848,7,7,0,1b.csv
2848,9,9,0,1c.csv
2848,2,0,2,1e.csv
2848,14,11,3,1f.csv
2848,1,1,0,1g.csv
2848,0,0,0,1h.csv
2848,0,0,0,1i.csv
2848,0,0,0,1j.csv
2848,0,0,0,1k.csv
2848,0,0,0,1l.csv
2848,0,0,0,1m.csv
2848,1,1,0,2a.csv
2848,1,0,1,2b.csv
2848,0,0,0,2c.csv
2848,0,0,0,2d.csv
2848,0,0,0,2e.csv
2848,2,2,0,2f.csv
2848,0,0,0,2g.csv
2848,0,0,0,2h.csv
2848,0,0,0,2i.csv
2848,0,0,0,2j.csv
2848,1,1,0,2k.csv
2848,5,5,0,2l.csv
2848,1,1,0,3a.csv
2848,8,5,3,3b.csv
2848,2,2,0,3c.csv
2848,2,2,0,3d.csv
2848,0,0,0,3e.csv
2848,5,5,0,3f.csv
2848,1,1,0,3g.csv
2849,22,21,1,1a.csv
2849,7,7,0,1b.csv
2849,8,8,0,1c.csv
2849,2,0,2,1e.csv
2849,14,10,4,1f.csv
2849,1,1,0,1g.csv
2849,0,0,0,1h.csv
2849,0,0,0,1i.csv
2849,0,0,0,1j.csv
2849,0,0,0,1k.csv
2849,0,0,0,1l.csv
2849,0,0,0,1m.csv
2849,1,1,0,2a.csv
2849,1,0,1,2b.csv
2849,0,0,0,2c.csv
2849,0,0,0,2d.csv
2849,0,0,0,2e.csv
2849,2,2,0,2f.csv
2849,0,0,0,2g.csv
2849,0,0,0,2h.csv
2849,0,0,0,2i.csv
2849,0,0,0,2j.csv
2849,1,1,0,2k.csv
2849,3,3,0,2l.csv
2849,2,2,0,3a.csv
2849,8,5,3,3b.csv
2849,2,2,0,3c.csv
2849,2,2,0,3d.csv
2849,0,0,0,3e.csv
2849,5,5,0,3f.csv
2849,1,1,0,3g.csv
2850,20,19,1,1a.csv
2850,5,5,0,1b.csv
2850,8,8,0,1c.csv
2850,1,0,1,1e.csv
2850,14,10,4,1f.csv
2850,0,0,0,1g.csv
2850,0,0,0,1h.csv
2850,0,0,0,1i.csv
2850,0,0,0,1j.csv
2850,0,0,0,1k.csv
2850,1,1,0,1l.csv
2850,0,0,0,1m.csv
2850,1,1,0,2a.csv
2850,0,0,0,2b.csv
2850,0,0,0,2c.csv
2850,0,0,0,2d.csv
2850,0,0,0,2e.csv
2850,3,3,0,2f.csv
2850,0,0,0,2g.csv
2850,0,0,0,2h.csv
2850,0,0,0,2i.csv
2850,0,0,0,2j.csv
2850,1,1,0,2k.csv
2850,3,3,0,2l.csv
2850,2,2,0,3a.csv
2850,5,3,2,3b.csv
2850,2,2,0,3c.csv
2850,2,2,0,3d.csv
2850,0,0,0,3e.csv
2850,5,5,0,3f.csv
2850,1,1,0,3g.csv
2851,20,19,1,1a.csv
2851,8,8,0,1b.csv
2851,7,7,0,1c.csv
2851,1,0,1,1e.csv
2851,14,10,4,1f.csv
2851,0,0,0,1g.csv
2851,0,0,0,1h.csv
2851,0,0,0,1i.csv
2851,0,0,0,1j.csv
2851,0,0,0,1k.csv
2851,1,1,0,1l.csv
2851,0,0,0,1m.csv
2851,1,1,0,2a.csv
2851,0,0,0,2b.csv
2851,0,0,0,2c.csv
2851,0,0,0,2d.csv
2851,0,0,0,2e.csv
2851,3,3,0,2f.csv
2851,0,0,0,2g.csv
2851,0,0,0,2h.csv
2851,0,0,0,2i.csv
2851,0,0,0,2j.csv
2851,0,0,0,2k.csv
2851,3,3,0,2l.csv
2851,2,2,0,3a.csv
2851,7,5,2,3b.csv
2851,1,1,0,3c.csv
2851,1,1,0,3d.csv
2851,0,0,0,3e.csv
2851,5,5,0,3f.csv
2851,1,1,0,3g.csv
2852,17,17,0,1a.csv
2852,8,8,0,1b.csv
2852,5,5,0,1c.csv
2852,0,0,0,1e.csv
2852,14,10,4,1f.csv
2852,0,0,0,1g.csv
2852,0,0,0,1h.csv
2852,0,0,0,1i.csv
2852,0,0,0,1j.csv
2852,0,0,0,1k.csv
2852,1,1,0,1l.csv
2852,0,0,0,1m.csv
2852,1,1,0,2a.csv
2852,0,0,0,2b.csv
2852,0,0,0,2c.csv
2852,0,0,0,2d.csv
2852,1,0,1,2e.csv
2852,4,4,0,2f.csv
2852,0,0,0,2g.csv
2852,0,0,0,2h.csv
2852,0,0,0,2i.csv
2852,0,0,0,2j.csv
2852,0,0,0,2k.csv
2852,3,3,0,2l.csv
2852,2,2,0,3a.csv
2852,6,6,0,3b.csv
2852,2,1,1,3c.csv
2852,2,1,1,3d.csv
2852,0,0,0,3e.csv
2852,2,2,0,3f.csv
2852,0,0,0,3g.csv
2853,16,16,0,1a.csv
2853,9,9,0,1b.csv
2853,4,4,0,1c.csv
2853,0,0,0,1e.csv
2853,9,8,1,1f.csv
2853,0,0,0,1g.csv
2853,0,0,0,1h.csv
2853,0,0,0,1i.csv
2853,0,0,0,1j.csv
2853,0,0,0,1k.csv
2853,1,1,0,1l.csv
2853,0,0,0,1m.csv
2853,1,1,0,2a.csv
2853,0,0,0,2b.csv
2853,0,0,0,2c.csv
2853,0,0,0,2d.csv
2853,1,0,1,2e.csv
2853,4,4,0,2f.csv
2853,0,0,0,2g.csv
2853,0,0,0,2h.csv
2853,0,0,0,2i.csv
2853,0,0,0,2j.csv
2853,0,0,0,2k.csv
2853,2,2,0,2l.csv
2853,2,2,0,3a.csv
2853,5,5,0,3b.csv
2853,2,1,1,3c.csv
2853,2,1,1,3d.csv
2853,1,1,0,3e.csv
2853,2,2,0,3f.csv
2853,0,0,0,3g.csv
2854,14,14,0,1a.csv
2854,9,9,0,1b.csv
2854,3,3,0,1c.csv
2854,0,0,0,1e.csv
2854,10,9,1,1f.csv
2854,0,0,0,1g.csv
2854,0,0,0,1h.csv
2854,0,0,0,1i.csv
2854,0,0,0,1j.csv
2854,0,0,0,1k.csv
2854,1,1,0,1l.csv
2854,0,0,0,1m.csv
2854,1,1,0,2a.csv
2854,0,0,0,2b.csv
2854,0,0,0,2c.csv
2854,0,0,0,2d.csv
2854,1,0,1,2e.csv
2854,4,4,0,2f.csv
2854,0,0,0,2g.csv
2854,0,0,0,2h.csv
2854,0,0,0,2i.csv
2854,0,0,0,2j.csv
2854,0,0,0,2k.csv
2854,1,1,0,2l.csv
2854,2,2,0,3a.csv
2854,6,6,0,3b.csv
2854,2,1,1,3c.csv
2854,2,1,1,3d.csv
2854,1,1,0,3e.csv
2854,2,2,0,3f.csv
2854,0,0,0,3g.csv
2855,14,14,0,1a.csv
2855,10,10,0,1b.csv
2855,4,4,0,1c.csv
2855,1,1,0,1e.csv
2855,8,7,1,1f.csv
2855,0,0,0,1g.csv
2855,0,0,0,1h.csv
2855,0,0,0,1i.csv
2855,0,0,0,1j.csv
2855,0,0,0,1k.csv
2855,2,2,0,1l.csv
2855,0,0,0,1m.csv
2855,0,0,0,2a.csv
2855,0,0,0,2b.csv
2855,0,0,0,2c.csv
2855,0,0,0,2d.csv
2855,1,0,1,2e.csv
2855,3,3,0,2f.csv
2855,0,0,0,2g.csv
2855,0,0,0,2h.csv
2855,0,0,0,2i.csv
2855,0,0,0,2j.csv
2855,0,0,0,2k.csv
2855,1,1,0,2l.csv
2855,2,2,0,3a.csv
2855,7,7,0,3b.csv
2855,3,1,2,3c.csv
2855,3,1,2,3d.csv
2855,1,1,0,3e.csv
2855,2,2,0,3f.csv
2855,0,0,0,3g.csv
2856,14,14,0,1a.csv
2856,7,7,0,1b.csv
2856,4,3,1,1c.csv
2856,1,1,0,1e.csv
2856,9,7,2,1f.csv
2856,0,0,0,1g.csv
2856,0,0,0,1h.csv
2856,0,0,0,1i.csv
2856,0,0,0,1j.csv
2856,0,0,0,1k.csv
2856,3,3,0,1l.csv
2856,0,0,0,1m.csv
2856,0,0,0,2a.csv
2856,0,0,0,2b.csv
2856,0,0,0,2c.csv
2856,0,0,0,2d.csv
2856,1,0,1,2e.csv
2856,3,3,0,2f.csv
2856,0,0,0,2g.csv
2856,0,0,0,2h.csv
2856,0,0,0,2i.csv
2856,0,0,0,2j.csv
2856,0,0,0,2k.csv
2856,0,0,0,2l.csv
2856,2,2,0,3a.csv
2856,7,6,1,3b.csv
2856,7,3,4,3c.csv
2856,7,3,4,3d.csv
2856,1,1,0,3e.csv
2856,2,2,0,3f.csv
2856,0,0,0,3g.csv
2857,15,14,1,1a.csv
2857,7,6,1,1b.csv
2857,4,3,1,1c.csv
2857,1,1,0,1e.csv
2857,9,8,1,1f.csv
2857,0,0,0,1g.csv
2857,0,0,0,1h.csv
2857,0,0,0,1i.csv
2857,1,1,0,1j.csv
2857,0,0,0,1k.csv
2857,5,3,2,1l.csv
2857,0,0,0,1m.csv
2857,0,0,0,2a.csv
2857,0,0,0,2b.csv
2857,0,0,0,2c.csv
2857,1,1,0,2d.csv
2857,1,0,1,2e.csv
2857,3,3,0,2f.csv
2857,0,0,0,2g.csv
2857,0,0,0,2h.csv
2857,0,0,0,2i.csv
2857,1,0,1,2j.csv
2857,0,0,0,2k.csv
2857,2,2,0,2l.csv
2857,2,2,0,3a.csv
2857,7,6,1,3b.csv
2857,8,4,4,3c.csv
2857,8,4,4,3d.csv
2857,1,1,0,3e.csv
2857,2,1,1,3f.csv
2857,0,0,0,3g.csv
2858,16,15,1,1a.csv
2858,7,6,1,1b.csv
2858,4,3,1,1c.csv
2858,1,1,0,1e.csv
2858,10,8,2,1f.csv
2858,0,0,0,1g.csv
2858,0,0,0,1h.csv
2858,0,0,0,1i.csv
2858,1,1,0,1j.csv
2858,0,0,0,1k.csv
2858,4,2,2,1l.csv
2858,0,0,0,1m.csv
2858,0,0,0,2a.csv
2858,0,0,0,2b.csv
2858,0,0,0,2c.csv
2858,1,1,0,2d.csv
2858,1,0,1,2e.csv
2858,2,2,0,2f.csv
2858,0,0,0,2g.csv
2858,0,0,0,2h.csv
2858,0,0,0,2i.csv
2858,1,0,1,2j.csv
2858,0,0,0,2k.csv
2858,2,2,0,2l.csv
2858,3,3,0,3a.csv
2858,8,7,1,3b.csv
2858,11,7,4,3c.csv
2858,11,7,4,3d.csv
2858,1,1,0,3e.csv
2858,1,0,1,3f.csv
2858,0,0,0,3g.csv
2859,19,17,2,1a.csv
2859,4,3,1,1b.csv
2859,4,3,1,1c.csv
2859,1,1,0,1e.csv
2859,8,6,2,1f.csv
2859,0,0,0,1g.csv
2859,0,0,0,1h.csv
2859,0,0,0,1i.csv
2859,1,1,0,1j.csv
2859,0,0,0,1k.csv
2859,5,3,2,1l.csv
2859,0,0,0,1m.csv
2859,0,0,0,2a.csv
2859,0,0,0,2b.csv
2859,0,0,0,2c.csv
2859,1,1,0,2d.csv
2859,1,0,1,2e.csv
2859,1,1,0,2f.csv
2859,0,0,0,2g.csv
2859,0,0,0,2h.csv
2859,0,0,0,2i.csv
2859,2,1,1,2j.csv
2859,0,0,0,2k.csv
2859,2,2,0,2l.csv
2859,3,3,0,3a.csv
2859,6,5,1,3b.csv
2859,14,8,6,3c.csv
2859,14,8,6,3d.csv
2859,2,2,0,3e.csv
2859,2,1,1,3f.csv
2859,0,0,0,3g.csv
2860,17,14,3,1a.csv
2860,5,4,1,1b.csv
2860,4,3,1,1c.csv
2860,1,1,0,1e.csv
2860,8,6,2,1f.csv
2860,0,0,0,1g.csv
2860,0,0,0,1h.csv
2860,0,0,0,1i.csv
2860,1,1,0,1j.csv
2860,0,0,0,1k.csv
2860,5,3,2,1l.csv
2860,0,0,0,1m.csv
2860,0,0,0,2a.csv
2860,0,0,0,2b.csv
2860,0,0,0,2c.csv
2860,1,1,0,2d.csv
2860,0,0,0,2e.csv
2860,0,0,0,2f.csv
2860,0,0,0,2g.csv
2860,0,0,0,2h.csv
2860,0,0,0,2i.csv
2860,3,2,1,2j.csv
2860,0,0,0,2k.csv
2860,2,2,0,2l.csv
2860,3,3,0,3a.csv
2860,6,5,1,3b.csv
2860,15,10,5,3c.csv
2860,15,10,5,3d.csv
2860,3,3,0,3e.csv
2860,2,1,1,3f.csv
2860,1,1,0,3g.csv
2861,18,15,3,1a.csv
2861,4,3,1,1b.csv
2861,4,3,1,1c.csv
2861,2,2,0,1e.csv
2861,8,6,2,1f.csv
2861,0,0,0,1g.csv
2861,0,0,0,1h.csv
2861,0,0,0,1i.csv
2861,1,1,0,1j.csv
2861,0,0,0,1k.csv
2861,5,3,2,1l.csv
2861,0,0,0,1m.csv
2861,0,0,0,2a.csv
2861,0,0,0,2b.csv
2861,0,0,0,2c.csv
2861,1,1,0,2d.csv
2861,0,0,0,2e.csv
2861,0,0,0,2f.csv
2861,0,0,0,2g.csv
2861,0,0,0,2h.csv
2861,0,0,0,2i.csv
2861,4,3,1,2j.csv
2861,0,0,0,2k.csv
2861,2,2,0,2l.csv
2861,2,2,0,3a.csv
2861,6,5,1,3b.csv
2861,17,10,7,3c.csv
2861,17,10,7,3d.csv
2861,4,4,0,3e.csv
2861,2,1,1,3f.csv
2861,1,1,0,3g.csv
2862,16,13,3,1a.csv
2862,4,3,1,1b.csv
2862,4,3,1,1c.csv
2862,2,2,0,1e.csv
2862,7,5,2,1f.csv
2862,0,0,0,1g.csv
2862,0,0,0,1h.csv
2862,0,0,0,1i.csv
2862,1,1,0,1j.csv
2862,1,1,0,1k.csv
2862,5,3,2,1l.csv
2862,0,0,0,1m.csv
2862,0,0,0,2a.csv
2862,0,0,0,2b.csv
2862,0,0,0,2c.csv
2862,2,2,0,2d.csv
2862,0,0,0,2e.csv
2862,0,0,0,2f.csv
2862,0,0,0,2g.csv
2862,0,0,0,2h.csv
2862,0,0,0,2i.csv
2862,4,3,1,2j.csv
2862,0,0,0,2k.csv
2862,3,3,0,2l.csv
2862,4,4,0,3a.csv
2862,5,4,1,3b.csv
2862,17,9,8,3c.csv
2862,17,9,8,3d.csv
2862,4,4,0,3e.csv
2862,2,1,1,3f.csv
2862,1,1,0,3g.csv
2863,15,12,3,1a.csv
2863,3,2,1,1b.csv
2863,2,1,1,1c.csv
2863,1,1,0,1e.csv
2863,5,3,2,1f.csv
2863,0,0,0,1g.csv
2863,0,0,0,1h.csv
2863,0,0,0,1i.csv
2863,1,1,0,1j.csv
2863,2,2,0,1k.csv
2863,4,2,2,1l.csv
2863,0,0,0,1m.csv
2863,0,0,0,2a.csv
2863,0,0,0,2b.csv
2863,0,0,0,2c.csv
2863,2,2,0,2d.csv
2863,0,0,0,2e.csv
2863,0,0,0,2f.csv
2863,0,0,0,2g.csv
2863,0,0,0,2h.csv
2863,0,0,0,2i.csv
2863,4,3,1,2j.csv
2863,0,0,0,2k.csv
2863,3,3,0,2l.csv
2863,4,4,0,3a.csv
2863,6,5,1,3b.csv
2863,17,9,8,3c.csv
2863,17,9,8,3d.csv
2863,4,4,0,3e.csv
2863,3,2,1,3f.csv
2863,1,1,0,3g.csv
2864,17,14,3,1a.csv
2864,5,4,1,1b.csv
2864,0,0,0,1c.csv
2864,1,1,0,1e.csv
2864,3,2,1,1f.csv
2864,0,0,0,1g.csv
2864,0,0,0,1h.csv
2864,0,0,0,1i.csv
2864,1,1,0,1j.csv
2864,2,2,0,1k.csv
2864,3,1,2,1l.csv
2864,0,0,0,1m.csv
2864,0,0,0,2a.csv
2864,0,0,0,2b.csv
2864,0,0,0,2c.csv
2864,2,2,0,2d.csv
2864,0,0,0,2e.csv
2864,0,0,0,2f.csv
2864,0,0,0,2g.csv
2864,0,0,0,2h.csv
2864,0,0,0,2i.csv
2864,5,4,1,2j.csv
2864,0,0,0,2k.csv
2864,3,3,0,2l.csv
2864,4,4,0,3a.csv
2864,6,6,0,3b.csv
2864,14,8,6,3c.csv
2864,14,8,6,3d.csv
2864,4,4,0,3e.csv
2864,3,2,1,3f.csv
2864,2,2,0,3g.csv
2865,17,15,2,1a.csv
2865,4,4,0,1b.csv
2865,0,0,0,1c.csv
2865,1,1,0,1e.csv
2865,2,1,1,1f.csv
2865,0,0,0,1g.csv
2865,0,0,0,1h.csv
2865,0,0,0,1i.csv
2865,0,0,0,1j.csv
2865,2,2,0,1k.csv
2865,1,1,0,1l.csv
2865,0,0,0,1m.csv
2865,0,0,0,2a.csv
2865,0,0,0,2b.csv
2865,0,0,0,2c.csv
2865,1,1,0,2d.csv
2865,0,0,0,2e.csv
2865,1,1,0,2f.csv
2865,0,0,0,2g.csv
2865,0,0,0,2h.csv
2865,0,0,0,2i.csv
2865,5,5,0,2j.csv
2865,0,0,0,2k.csv
2865,1,1,0,2l.csv
2865,4,4,0,3a.csv
2865,7,7,0,3b.csv
2865,14,8,6,3c.csv
2865,14,8,6,3d.csv
2865,4,4,0,3e.csv
2865,3,3,0,3f.csv
2865,2,2,0,3g.csv
2866,15,13,2,1a.csv
2866,5,5,0,1b.csv
2866,0,0,0,1c.csv
2866,2,2,0,1e.csv
2866,1,1,0,1f.csv
2866,0,0,0,1g.csv
2866,0,0,0,1h.csv
2866,0,0,0,1i.csv
2866,0,0,0,1j.csv
2866,2,2,0,1k.csv
2866,1,1,0,1l.csv
2866,0,0,0,1m.csv
2866,0,0,0,2a.csv
2866,0,0,0,2b.csv
2866,0,0,0,2c.csv
2866,1,1,0,2d.csv
2866,0,0,0,2e.csv
2866,2,2,0,2f.csv
2866,0,0,0,2g.csv
2866,0,0,0,2h.csv
2866,0,0,0,2i.csv
2866,6,6,0,2j.csv
2866,0,0,0,2k.csv
2866,2,2,0,2l.csv
2866,3,3,0,3a.csv
2866,9,9,0,3b.csv
2866,12,5,7,3c.csv
2866,12,5,7,3d.csv
2866,4,4,0,3e.csv
2866,4,4,0,3f.csv
2866,2,2,0,3g.csv
2867,13,12,1,1a.csv
2867,6,6,0,1b.csv
2867,0,0,0,1c.csv
2867,2,2,0,1e.csv
2867,3,2,1,1f.csv
2867,1,1,0,1g.csv
2867,0,0,0,1h.csv
2867,0,0,0,1i.csv
2867,0,0,0,1j.csv
2867,2,2,0,1k.csv
2867,0,0,0,1l.csv
2867,0,0,0,1m.csv
2867,0,0,0,2a.csv
2867,0,0,0,2b.csv
2867,0,0,0,2c.csv
2867,1,1,0,2d.csv
2867,1,1,0,2e.csv
2867,2,2,0,2f.csv
2867,0,0,0,2g.csv
2867,0,0,0,2h.csv
2867,0,0,0,2i.csv
2867,5,5,0,2j.csv
2867,0,0,0,2k.csv
2867,3,3,0,2l.csv
2867,4,4,0,3a.csv
2867,9,9,0,3b.csv
2867,9,4,5,3c.csv
2867,9,4,5,3d.csv
2867,3,3,0,3e.csv
2867,4,4,0,3f.csv
2867,2,2,0,3g.csv
2868,13,13,0,1a.csv
2868,6,6,0,1b.csv
2868,0,0,0,1c.csv
2868,2,2,0,1e.csv
2868,3,2,1,1f.csv
2868,3,3,0,1g.csv
2868,0,0,0,1h.csv
2868,0,0,0,1i.csv
2868,0,0,0,1j.csv
2868,2,2,0,1k.csv
2868,0,0,0,1l.csv
2868,0,0,0,1m.csv
2868,0,0,0,2a.csv
2868,0,0,0,2b.csv
2868,0,0,0,2c.csv
2868,1,1,0,2d.csv
2868,1,1,0,2e.csv
2868,4,4,0,2f.csv
2868,0,0,0,2g.csv
2868,0,0,0,2h.csv
2868,0,0,0,2i.csv
2868,4,4,0,2j.csv
2868,0,0,0,2k.csv
2868,3,3,0,2l.csv
2868,5,5,0,3a.csv
2868,8,8,0,3b.csv
2868,7,2,5,3c.csv
2868,7,2,5,3d.csv
2868,2,2,0,3e.csv
2868,4,4,0,3f.csv
2868,1,1,0,3g.csv
2869,17,16,1,1a.csv
2869,7,7,0,1b.csv
2869,0,0,0,1c.csv
2869,2,2,0,1e.csv
2869,3,2,1,1f.csv
2869,3,3,0,1g.csv
2869,1,1,0,1h.csv
2869,0,0,0,1i.csv
2869,0,0,0,1j.csv
2869,2,2,0,1k.csv
2869,0,0,0,1l.csv
2869,0,0,0,1m.csv
2869,0,0,0,2a.csv
2869,0,0,0,2b.csv
2869,0,0,0,2c.csv
2869,1,1,0,2d.csv
2869,1,1,0,2e.csv
2869,4,4,0,2f.csv
2869,0,0,0,2g.csv
2869,0,0,0,2h.csv
2869,0,0,0,2i.csv
2869,4,4,0,2j.csv
2869,0,0,0,2k.csv
2869,3,3,0,2l.csv
2869,6,6,0,3a.csv
2869,8,8,0,3b.csv
2869,5,2,3,3c.csv
2869,5,2,3,3d.csv
2869,2,1,1,3e.csv
2869,4,4,0,3f.csv
2869,1,1,0,3g.csv
2870,19,18,1,1a.csv
2870,6,6,0,1b.csv
2870,0,0,0,1c.csv
2870,2,2,0,1e.csv
2870,5,3,2,1f.csv
2870,4,4,0,1g.csv
2870,1,1,0,1h.csv
2870,0,0,0,1i.csv
2870,0,0,0,1j.csv
2870,1,1,0,1k.csv
2870,0,0,0,1l.csv
2870,0,0,0,1m.csv
2870,0,0,0,2a.csv
2870,0,0,0,2b.csv
2870,0,0,0,2c.csv
2870,0,0,0,2d.csv
2870,1,1,0,2e.csv
2870,4,4,0,2f.csv
2870,0,0,0,2g.csv
2870,0,0,0,2h.csv
2870,0,0,0,2i.csv
2870,4,4,0,2j.csv
2870,0,0,0,2k.csv
2870,2,2,0,2l.csv
2870,5,5,0,3a.csv
2870,10,10,0,3b.csv
2870,4,2,2,3c.csv
2870,4,2,2,3d.csv
2870,2,1,1,3e.csv
2870,5,5,0,3f.csv
2870,1,1,0,3g.csv
2871,21,19,2,1a.csv
2871,6,6,0,1b.csv
2871,0,0,0,1c.csv
2871,2,2,0,1e.csv
2871,5,3,2,1f.csv
2871,4,4,0,1g.csv
2871,1,1,0,1h.csv
2871,0,0,0,1i.csv
2871,0,0,0,1j.csv
2871,0,0,0,1k.csv
2871,0,0,0,1l.csv
2871,0,0,0,1m.csv
2871,0,0,0,2a.csv
2871,0,0,0,2b.csv
2871,0,0,0,2c.csv
2871,0,0,0,2d.csv
2871,1,1,0,2e.csv
2871,4,4,0,2f.csv
2871,0,0,0,2g.csv
2871,0,0,0,2h.csv
2871,0,0,0,2i.csv
2871,4,4,0,2j.csv
2871,0,0,0,2k.csv
2871,2,2,0,2l.csv
2871,6,6,0,3a.csv
2871,10,10,0,3b.csv
2871,3,2,1,3c.csv
2871,3,2,1,3d.csv
2871,2,1,1,3e.csv
2871,4,4,0,3f.csv
2871,1,1,0,3g.csv
2872,20,17,3,1a.csv
2872,4,4,0,1b.csv
2872,0,0,0,1c.csv
2872,2,2,0,1e.csv
2872,5,3,2,1f.csv
2872,4,4,0,1g.csv
2872,1,1,0,1h.csv
2872,0,0,0,1i.csv
2872,0,0,0,1j.csv
2872,0,0,0,1k.csv
2872,0,0,0,1l.csv
2872,0,0,0,1m.csv
2872,0,0,0,2a.csv
2872,0,0,0,2b.csv
2872,0,0,0,2c.csv
2872,0,0,0,2d.csv
2872,1,1,0,2e.csv
2872,4,4,0,2f.csv
2872,0,0,0,2g.csv
2872,0,0,0,2h.csv
2872,0,0,0,2i.csv
2872,3,3,0,2j.csv
2872,0,0,0,2k.csv
2872,2,2,0,2l.csv
2872,7,7,0,3a.csv
2872,10,10,0,3b.csv
2872,3,2,1,3c.csv
2872,3,2,1,3d.csv
2872,2,1,1,3e.csv
2872,4,4,0,3f.csv
2872,0,0,0,3g.csv
2873,18,14,4,1a.csv
2873,5,4,1,1b.csv
2873,0,0,0,1c.csv
2873,2,2,0,1e.csv
2873,5,3,2,1f.csv
2873,4,4,0,1g.csv
2873,1,1,0,1h.csv
2873,0,0,0,1i.csv
2873,0,0,0,1j.csv
2873,0,0,0,1k.csv
2873,1,1,0,1l.csv
2873,0,0,0,1m.csv
2873,0,0,0,2a.csv
2873,0,0,0,2b.csv
2873,0,0,0,2c.csv
2873,0,0,0,2d.csv
2873,1,1,0,2e.csv
2873,5,5,0,2f.csv
2873,0,0,0,2g.csv
2873,0,0,0,2h.csv
2873,0,0,0,2i.csv
2873,2,2,0,2j.csv
2873,0,0,0,2k.csv
2873,2,2,0,2l.csv
2873,6,6,0,3a.csv
2873,10,10,0,3b.csv
2873,4,2,2,3c.csv
2873,4,2,2,3d.csv
2873,2,1,1,3e.csv
2873,4,4,0,3f.csv
2873,0,0,0,3g.csv
2874,19,15,4,1a.csv
2874,4,3,1,1b.csv
2874,0,0,0,1c.csv
2874,1,1,0,1e.csv
2874,6,4,2,1f.csv
2874,4,4,0,1g.csv
2874,2,2,0,1h.csv
2874,0,0,0,1i.csv
2874,0,0,0,1j.csv
2874,0,0,0,1k.csv
2874,1,1,0,1l.csv
2874,0,0,0,1m.csv
2874,0,0,0,2a.csv
2874,0,0,0,2b.csv
2874,0,0,0,2c.csv
2874,0,0,0,2d.csv
2874,1,1,0,2e.csv
2874,4,4,0,2f.csv
2874,0,0,0,2g.csv
2874,0,0,0,2h.csv
2874,0,0,0,2i.csv
2874,3,3,0,2j.csv
2874,0,0,0,2k.csv
2874,2,2,0,2l.csv
2874,7,7,0,3a.csv
2874,9,9,0,3b.csv
2874,3,2,1,3c.csv
2874,3,2,1,3d.csv
2874,2,1,1,3e.csv
2874,3,3,0,3f.csv
2874,0,0,0,3g.csv
2875,18,14,4,1a.csv
2875,3,2,1,1b.csv
2875,0,0,0,1c.csv
2875,1,1,0,1e.csv
2875,4,3,1,1f.csv
2875,3,3,0,1g.csv
2875,2,2,0,1h.csv
2875,0,0,0,1i.csv
2875,0,0,0,1j.csv
2875,0,0,0,1k.csv
2875,1,1,0,1l.csv
2875,0,0,0,1m.csv
2875,0,0,0,2a.csv
2875,0,0,0,2b.csv
2875,0,0,0,2c.csv
2875,0,0,0,2d.csv
2875,1,1,0,2e.csv
2875,4,4,0,2f.csv
2875,0,0,0,2g.csv
2875,0,0,0,2h.csv
2875,0,0,0,2i.csv
2875,3,3,0,2j.csv
2875,0,0,0,2k.csv
2875,1,1,0,2l.csv
2875,6,6,0,3a.csv
2875,9,9,0,3b.csv
2875,3,2,1,3c.csv
2875,3,2,1,3d.csv
2875,2,1,1,3e.csv
2875,2,2,0,3f.csv
2875,0,0,0,3g.csv
2876,18,13,5,1a.csv
2876,2,1,1,1b.csv
2876,0,0,0,1c.csv
2876,2,2,0,1e.csv
2876,5,4,1,1f.csv
2876,1,1,0,1g.csv
2876,2,2,0,1h.csv
2876,0,0,0,1i.csv
2876,0,0,0,1j.csv
2876,1,1,0,1k.csv
2876,1,1,0,1l.csv
2876,1,1,0,1m.csv
2876,0,0,0,2a.csv
2876,0,0,0,2b.csv
2876,0,0,0,2c.csv
2876,0,0,0,2d.csv
2876,1,1,0,2e.csv
2876,3,3,0,2f.csv
2876,0,0,0,2g.csv
2876,0,0,0,2h.csv
2876,0,0,0,2i.csv
2876,3,3,0,2j.csv
2876,0,0,0,2k.csv
2876,1,1,0,2l.csv
2876,5,5,0,3a.csv
2876,9,9,0,3b.csv
2876,3,2,1,3c.csv
2876,3,2,1,3d.csv
2876,3,2,1,3e.csv
2876,2,2,0,3f.csv
2876,0,0,0,3g.csv
2877,13,9,4,1a.csv
2877,2,1,1,1b.csv
2877,0,0,0,1c.csv
2877,1,1,0,1e.csv
2877,10,7,3,1f.csv
2877,1,1,0,1g.csv
2877,1,1,0,1h.csv
2877,0,0,0,1i.csv
2877,0,0,0,1j.csv
2877,1,1,0,1k.csv
2877,1,1,0,1l.csv
2877,1,1,0,1m.csv
2877,0,0,0,2a.csv
2877,0,0,0,2b.csv
2877,0,0,0,2c.csv
2877,0,0,0,2d.csv
2877,1,1,0,2e.csv
2877,3,3,0,2f.csv
2877,0,0,0,2g.csv
2877,0,0,0,2h.csv
2877,0,0,0,2i.csv
2877,2,2,0,2j.csv
2877,0,0,0,2k.csv
2877,1,1,0,2l.csv
2877,4,4,0,3a.csv
2877,10,10,0,3b.csv
2877,3,2,1,3c.csv
2877,3,2,1,3d.csv
2877,1,1,0,3e.csv
2877,2,2,0,3f.csv
2877,0,0,0,3g.csv
2878,10,6,4,1a.csv
2878,2,1,1,1b.csv
2878,0,0,0,1c.csv
2878,1,1,0,1e.csv
2878,8,6,2,1f.csv
2878,0,0,0,1g.csv
2878,1,1,0,1h.csv
2878,0,0,0,1i.csv
2878,0,0,0,1j.csv
2878,1,1,0,1k.csv
2878,1,1,0,1l.csv
2878,1,1,0,1m.csv
2878,0,0,0,2a.csv
2878,0,0,0,2b.csv
2878,0,0,0,2c.csv
2878,0,0,0,2d.csv
2878,1,1,0,2e.csv
2878,4,4,0,2f.csv
2878,0,0,0,2g.csv
2878,0,0,0,2h.csv
2878,0,0,0,2i.csv
2878,2,2,0,2j.csv
2878,0,0,0,2k.csv
2878,1,1,0,2l.csv
2878,3,3,0,3a.csv
2878,8,8,0,3b.csv
2878,4,3,1,3c.csv
2878,4,3,1,3d.csv
2878,1,1,0,3e.csv
2878,1,1,0,3f.csv
2878,1,1,0,3g.csv
2879,8,5,3,1a.csv
2879,2,1,1,1b.csv
2879,0,0,0,1c.csv
2879,1,1,0,1e.csv
2879,9,7,2,1f.csv
2879,2,2,0,1g.csv
2879,1,1,0,1h.csv
2879,0,0,0,1i.csv
2879,0,0,0,1j.csv
2879,1,1,0,1k.csv
2879,1,1,0,1l.csv
2879,1,1,0,1m.csv
2879,0,0,0,2a.csv
2879,0,0,0,2b.csv
2879,0,0,0,2c.csv
2879,0,0,0,2d.csv
2879,1,1,0,2e.csv
2879,7,6,1,2f.csv
2879,0,0,0,2g.csv
2879,0,0,0,2h.csv
2879,0,0,0,2i.csv
2879,2,2,0,2j.csv
2879,0,0,0,2k.csv
2879,1,1,0,2l.csv
2879,2,2,0,3a.csv
2879,6,6,0,3b.csv
2879,4,3,1,3c.csv
2879,4,3,1,3d.csv
2879,1,1,0,3e.csv
2879,1,1,0,3f.csv
2879,2,2,0,3g.csv
2880,6,4,2,1a.csv
2880,4,2,2,1b.csv
2880,0,0,0,1c.csv
2880,1,1,0,1e.csv
2880,10,8,2,1f.csv
2880,3,3,0,1g.csv
2880,1,1,0,1h.csv
2880,0,0,0,1i.csv
2880,0,0,0,1j.csv
2880,1,1,0,1k.csv
2880,1,1,0,1l.csv
2880,1,1,0,1m.csv
2880,0,0,0,2a.csv
2880,0,0,0,2b.csv
2880,0,0,0,2c.csv
2880,0,0,0,2d.csv
2880,1,1,0,2e.csv
2880,8,7,1,2f.csv
2880,0,0,0,2g.csv
2880,0,0,0,2h.csv
2880,0,0,0,2i.csv
2880,2,2,0,2j.csv
2880,0,0,0,2k.csv
2880,2,2,0,2l.csv
2880,4,4,0,3a.csv
2880,5,5,0,3b.csv
2880,3,2,1,3c.csv
2880,3,2,1,3d.csv
2880,3,3,0,3e.csv
2880,2,2,0,3f.csv
2880,3,3,0,3g.csv
2881,5,4,1,1a.csv
2881,4,2,2,1b.csv
2881,1,1,0,1c.csv
2881,1,1,0,1e.csv
2881,10,8,2,1f.csv
2881,4,4,0,1g.csv
2881,1,1,0,1h.csv
2881,0,0,0,1i.csv
2881,0,0,0,1j.csv
2881,1,1,0,1k.csv
2881,0,0,0,1l.csv
2881,1,1,0,1m.csv
2881,0,0,0,2a.csv
2881,0,0,0,2b.csv
2881,0,0,0,2c.csv
2881,0,0,0,2d.csv
2881,1,1,0,2e.csv
2881,6,5,1,2f.csv
2881,0,0,0,2g.csv
2881,0,0,0,2h.csv
2881,0,0,0,2i.csv
2881,2,2,0,2j.csv
2881,0,0,0,2k.csv
2881,2,2,0,2l.csv
2881,4,4,0,3a.csv
2881,4,4,0,3b.csv
2881,3,2,1,3c.csv
2881,3,2,1,3d.csv
2881,3,3,0,3e.csv
2881,1,1,0,3f.csv
2881,3,3,0,3g.csv
2882,7,6,1,1a.csv
2882,7,4,3,1b.csv
2882,1,1,0,1c.csv
2882,1,1,0,1e.csv
2882,10,8,2,1f.csv
2882,4,4,0,1g.csv
2882,0,0,0,1h.csv
2882,0,0,0,1i.csv
2882,0,0,0,1j.csv
2882,1,1,0,1k.csv
2882,0,0,0,1l.csv
2882,1,1,0,1m.csv
2882,0,0,0,2a.csv
2882,0,0,0,2b.csv
2882,0,0,0,2c.csv
2882,0,0,0,2d.csv
2882,1,1,0,2e.csv
2882,6,5,1,2f.csv
2882,0,0,0,2g.csv
2882,0,0,0,2h.csv
2882,0,0,0,2i.csv
2882,0,0,0,2j.csv
2882,0,0,0,2k.csv
2882,2,2,0,2l.csv
2882,3,3,0,3a.csv
2882,4,4,0,3b.csv
2882,3,2,1,3c.csv
2882,3,2,1,3d.csv
2882,3,3,0,3e.csv
2882,1,1,0,3f.csv
2882,4,4,0,3g.csv
2883,6,5,1,1a.csv
2883,7,4,3,1b.csv
2883,1,1,0,1c.csv
2883,1,1,0,1e.csv
2883,10,8,2,1f.csv
2883,4,4,0,1g.csv
2883,0,0,0,1h.csv
2883,0,0,0,1i.csv
2883,0,0,0,1j.csv
2883,1,1,0,1k.csv
2883,0,0,0,1l.csv
2883,1,1,0,1m.csv
2883,0,0,0,2a.csv
2883,0,0,0,2b.csv
2883,0,0,0,2c.csv
2883,0,0,0,2d.csv
2883,0,0,0,2e.csv
2883,6,5,1,2f.csv
2883,0,0,0,2g.csv
2883,0,0,0,2h.csv
2883,0,0,0,2i.csv
2883,0,0,0,2j.csv
2883,0,0,0,2k.csv
2883,2,2,0,2l.csv
2883,3,3,0,3a.csv
2883,5,5,0,3b.csv
2883,3,2,1,3c.csv
2883,3,2,1,3d.csv
2883,3,3,0,3e.csv
2883,2,2,0,3f.csv
2883,4,4,0,3g.csv
2884,5,5,0,1a.csv
2884,8,4,4,1b.csv
2884,1,1,0,1c.csv
2884,0,0,0,1e.csv
2884,10,7,3,1f.csv
2884,4,4,0,1g.csv
2884,0,0,0,1h.csv
2884,0,0,0,1i.csv
2884,0,0,0,1j.csv
2884,0,0,0,1k.csv
2884,0,0,0,1l.csv
2884,0,0,0,1m.csv
2884,0,0,0,2a.csv
2884,0,0,0,2b.csv
2884,0,0,0,2c.csv
2884,0,0,0,2d.csv
2884,0,0,0,2e.csv
2884,6,5,1,2f.csv
2884,0,0,0,2g.csv
2884,0,0,0,2h.csv
2884,0,0,0,2i.csv
2884,0,0,0,2j.csv
2884,0,0,0,2k.csv
2884,3,3,0,2l.csv
2884,3,3,0,3a.csv
2884,5,5,0,3b.csv
2884,3,2,1,3c.csv
2884,3,2,1,3d.csv
2884,2,2,0,3e.csv
2884,2,2,0,3f.csv
2884,5,5,0,3g.csv
2885,4,4,0,1a.csv
2885,9,4,5,1b.csv
2885,2,2,0,1c.csv
2885,0,0,0,1e.csv
2885,4,3,1,1f.csv
2885,4,4,0,1g.csv
2885,0,0,0,1h.csv
2885,0,0,0,1i.csv
2885,0,0,0,1j.csv
2885,0,0,0,1k.csv
2885,0,0,0,1l.csv
2885,0,0,0,1m.csv
2885,0,0,0,2a.csv
2885,0,0,0,2b.csv
2885,0,0,0,2c.csv
2885,0,0,0,2d.csv
2885,0,0,0,2e.csv
2885,7,6,1,2f.csv
2885,0,0,0,2g.csv
2885,0,0,0,2h.csv
2885,0,0,0,2i.csv
2885,0,0,0,2j.csv
2885,0,0,0,2k.csv
2885,3,3,0,2l.csv
2885,3,3,0,3a.csv
2885,4,4,0,3b.csv
2885,3,2,1,3c.csv
2885,3,2,1,3d.csv
2885,2,2,0,3e.csv
2885,3,3,0,3f.csv
2885,6,6,0,3g.csv
2886,4,4,0,1a.csv
2886,11,5,6,1b.csv
2886,2,2,0,1c.csv
2886,0,0,0,1e.csv
2886,5,3,2,1f.csv
2886,4,4,0,1g.csv
2886,0,0,0,1h.csv
2886,0,0,0,1i.csv
2886,0,0,0,1j.csv
2886,0,0,0,1k.csv
2886,0,0,0,1l.csv
2886,0,0,0,1m.csv
2886,0,0,0,2a.csv
2886,0,0,0,2b.csv
2886,0,0,0,2c.csv
2886,0,0,0,2d.csv
2886,0,0,0,2e.csv
2886,6,5,1,2f.csv
2886,0,0,0,2g.csv
2886,0,0,0,2h.csv
2886,0,0,0,2i.csv
2886,0,0,0,2j.csv
2886,0,0,0,2k.csv
2886,3,3,0,2l.csv
2886,4,3,1,3a.csv
2886,6,6,0,3b.csv
2886,2,1,1,3c.csv
2886,2,1,1,3d.csv
2886,3,3,0,3e.csv
2886,6,6,0,3f.csv
2886,6,6,0,3g.csv
2887,4,4,0,1a.csv
2887,11,5,6,1b.csv
2887,2,2,0,1c.csv
2887,0,0,0,1e.csv
2887,5,3,2,1f.csv
2887,2,2,0,1g.csv
2887,1,0,1,1h.csv
2887,0,0,0,1i.csv
2887,0,0,0,1j.csv
2887,0,0,0,1k.csv
2887,0,0,0,1l.csv
2887,0,0,0,1m.csv
2887,0,0,0,2a.csv
2887,0,0,0,2b.csv
2887,0,0,0,2c.csv
2887,0,0,0,2d.csv
2887,0,0,0,2e.csv
2887,4,4,0,2f.csv
2887,0,0,0,2g.csv
2887,0,0,0,2h.csv
2887,0,0,0,2i.csv
2887,0,0,0,2j.csv
2887,0,0,0,2k.csv
2887,3,3,0,2l.csv
2887,4,3,1,3a.csv
2887,7,7,0,3b.csv
2887,2,1,1,3c.csv
2887,2,1,1,3d.csv
2887,3,3,0,3e.csv
2887,7,7,0,3f.csv
2887,7,6,1,3g.csv
2888,5,5,0,1a.csv
2888,9,4,5,1b.csv
2888,2,2,0,1c.csv
2888,0,0,0,1e.csv
2888,4,2,2,1f.csv
2888,1,1,0,1g.csv
2888,1,0,1,1h.csv
2888,0,0,0,1i.csv
2888,0,0,0,1j.csv
2888,0,0,0,1k.csv
2888,0,0,0,1l.csv
2888,0,0,0,1m.csv
2888,0,0,0,2a.csv
2888,1,1,0,2b.csv
2888,0,0,0,2c.csv
2888,0,0,0,2d.csv
2888,0,0,0,2e.csv
2888,3,3,0,2f.csv
2888,0,0,0,2g.csv
2888,0,0,0,2h.csv
2888,0,0,0,2i.csv
2888,0,0,0,2j.csv
2888,0,0,0,2k.csv
2888,2,2,0,2l.csv
2888,2,1,1,3a.csv
2888,8,7,1,3b.csv
2888,2,1,1,3c.csv
2888,2,1,1,3d.csv
2888,1,1,0,3e.csv
2888,7,7,0,3f.csv
2888,9,7,2,3g.csv
2889,5,5,0,1a.csv
2889,8,4,4,1b.csv
2889,2,1,1,1c.csv
2889,0,0,0,1e.csv
2889,4,2,2,1f.csv
2889,0,0,0,1g.csv
2889,1,0,1,1h.csv
2889,0,0,0,1i.csv
2889,0,0,0,1j.csv
2889,0,0,0,1k.csv
2889,0,0,0,1l.csv
2889,0,0,0,1m.csv
2889,0,0,0,2a.csv
2889,1,1,0,2b.csv
2889,0,0,0,2c.csv
2889,0,0,0,2d.csv
2889,0,0,0,2e.csv
2889,3,3,0,2f.csv
2889,0,0,0,2g.csv
2889,0,0,0,2h.csv
2889,0,0,0,2i.csv
2889,0,0,0,2j.csv
2889,0,0,0,2k.csv
2889,3,3,0,2l.csv
2889,2,1,1,3a.csv
2889,8,7,1,3b.csv
2889,0,0,0,3c.csv
2889,0,0,0,3d.csv
2889,4,4,0,3e.csv
2889,9,9,0,3f.csv
2889,9,7,2,3g.csv
2890,2,2,0,1a.csv
2890,5,2,3,1b.csv
2890,2,1,1,1c.csv
2890,0,0,0,1e.csv
2890,3,1,2,1f.csv
2890,0,0,0,1g.csv
2890,1,0,1,1h.csv
2890,0,0,0,1i.csv
2890,1,1,0,1j.csv
2890,0,0,0,1k.csv
2890,0,0,0,1l.csv
2890,0,0,0,1m.csv
2890,0,0,0,2a.csv
2890,1,1,0,2b.csv
2890,0,0,0,2c.csv
2890,0,0,0,2d.csv
2890,0,0,0,2e.csv
2890,3,3,0,2f.csv
2890,0,0,0,2g.csv
2890,0,0,0,2h.csv
2890,0,0,0,2i.csv
2890,0,0,0,2j.csv
2890,0,0,0,2k.csv
2890,2,2,0,2l.csv
2890,2,1,1,3a.csv
2890,6,5,1,3b.csv
2890,0,0,0,3c.csv
2890,0,0,0,3d.csv
2890,6,5,1,3e.csv
2890,9,9,0,3f.csv
2890,9,6,3,3g.csv
2891,2,2,0,1a.csv
2891,5,2,3,1b.csv
2891,3,1,2,1c.csv
2891,0,0,0,1e.csv
2891,3,1,2,1f.csv
2891,0,0,0,1g.csv
2891,1,0,1,1h.csv
2891,0,0,0,1i.csv
2891,1,1,0,1j.csv
2891,0,0,0,1k.csv
2891,0,0,0,1l.csv
2891,0,0,0,1m.csv
2891,0,0,0,2a.csv
2891,2,2,0,2b.csv
2891,0,0,0,2c.csv
2891,0,0,0,2d.csv
2891,0,0,0,2e.csv
2891,3,3,0,2f.csv
2891,0,0,0,2g.csv
2891,0,0,0,2h.csv
2891,0,0,0,2i.csv
2891,0,0,0,2j.csv
2891,0,0,0,2k.csv
2891,3,3,0,2l.csv
2891,3,2,1,3a.csv
2891,5,4,1,3b.csv
2891,1,1,0,3c.csv
2891,1,1,0,3d.csv
2891,7,5,2,3e.csv
2891,8,8,0,3f.csv
2891,9,6,3,3g.csv
2892,2,2,0,1a.csv
2892,5,3,2,1b.csv
2892,3,1,2,1c.csv
2892,0,0,0,1e.csv
2892,3,1,2,1f.csv
2892,0,0,0,1g.csv
2892,1,0,1,1h.csv
2892,0,0,0,1i.csv
2892,1,1,0,1j.csv
2892,0,0,0,1k.csv
2892,0,0,0,1l.csv
2892,0,0,0,1m.csv
2892,0,0,0,2a.csv
2892,2,2,0,2b.csv
2892,0,0,0,2c.csv
2892,0,0,0,2d.csv
2892,0,0,0,2e.csv
2892,3,3,0,2f.csv
2892,0,0,0,2g.csv
2892,0,0,0,2h.csv
2892,0,0,0,2i.csv
2892,0,0,0,2j.csv
2892,0,0,0,2k.csv
2892,2,2,0,2l.csv
2892,3,2,1,3a.csv
2892,6,5,1,3b.csv
2892,1,1,0,3c.csv
2892,1,1,0,3d.csv
2892,7,5,2,3e.csv
2892,8,8,0,3f.csv
2892,8,5,3,3g.csv
2893,3,3,0,1a.csv
2893,4,2,2,1b.csv
2893,2,0,2,1c.csv
2893,0,0,0,1e.csv
2893,3,1,2,1f.csv
2893,0,0,0,1g.csv
2893,1,0,1,1h.csv
2893,0,0,0,1i.csv
2893,1,1,0,1j.csv
2893,0,0,0,1k.csv
2893,0,0,0,1l.csv
2893,0,0,0,1m.csv
2893,0,0,0,2a.csv
2893,2,2,0,2b.csv
2893,0,0,0,2c.csv
2893,0,0,0,2d.csv
2893,0,0,0,2e.csv
2893,2,2,0,2f.csv
2893,0,0,0,2g.csv
2893,0,0,0,2h.csv
2893,0,0,0,2i.csv
2893,0,0,0,2j.csv
2893,0,0,0,2k.csv
2893,2,2,0,2l.csv
2893,4,3,1,3a.csv
2893,6,5,1,3b.csv
2893,1,1,0,3c.csv
2893,1,1,0,3d.csv
2893,7,5,2,3e.csv
2893,8,8,0,3f.csv
2893,8,5,3,3g.csv
2894,4,4,0,1a.csv
2894,2,1,1,1b.csv
2894,2,0,2,1c.csv
2894,0,0,0,1e.csv
2894,3,2,1,1f.csv
2894,0,0,0,1g.csv
2894,1,0,1,1h.csv
2894,0,0,0,1i.csv
2894,1,1,0,1j.csv
2894,0,0,0,1k.csv
2894,0,0,0,1l.csv
2894,1,1,0,1m.csv
2894,0,0,0,2a.csv
2894,2,2,0,2b.csv
2894,0,0,0,2c.csv
2894,1,1,0,2d.csv
2894,0,0,0,2e.csv
2894,2,2,0,2f.csv
2894,0,0,0,2g.csv
2894,0,0,0,2h.csv
2894,0,0,0,2i.csv
2894,0,0,0,2j.csv
2894,0,0,0,2k.csv
2894,2,2,0,2l.csv
2894,3,3,0,3a.csv
2894,5,4,1,3b.csv
2894,1,1,0,3c.csv
2894,1,1,0,3d.csv
2894,6,4,2,3e.csv
2894,5,5,0,3f.csv
2894,7,4,3,3g.csv
2895,4,3,1,1a.csv
2895,2,1,1,1b.csv
2895,3,1,2,1c.csv
2895,0,0,0,1e.csv
2895,2,1,1,1f.csv
2895,0,0,0,1g.csv
2895,0,0,0,1h.csv
2895,0,0,0,1i.csv
2895,1,1,0,1j.csv
2895,0,0,0,1k.csv
2895,0,0,0,1l.csv
2895,1,1,0,1m.csv
2895,0,0,0,2a.csv
2895,2,2,0,2b.csv
2895,0,0,0,2c.csv
2895,1,1,0,2d.csv
2895,0,0,0,2e.csv
2895,1,1,0,2f.csv
2895,0,0,0,2g.csv
2895,0,0,0,2h.csv
2895,0,0,0,2i.csv
2895,0,0,0,2j.csv
2895,0,0,0,2k.csv
2895,2,2,0,2l.csv
2895,3,3,0,3a.csv
2895,5,4,1,3b.csv
2895,1,1,0,3c.csv
2895,1,1,0,3d.csv
2895,6,4,2,3e.csv
2895,4,4,0,3f.csv
2895,7,5,2,3g.csv
2896,3,2,1,1a.csv
2896,2,1,1,1b.csv
2896,3,1,2,1c.csv
2896,0,0,0,1e.csv
2896,3,2,1,1f.csv
2896,1,0,1,1g.csv
2896,0,0,0,1h.csv
2896,0,0,0,1i.csv
2896,1,1,0,1j.csv
2896,0,0,0,1k.csv
2896,0,0,0,1l.csv
2896,1,1,0,1m.csv
2896,0,0,0,2a.csv
2896,1,1,0,2b.csv
2896,0,0,0,2c.csv
2896,1,1,0,2d.csv
2896,0,0,0,2e.csv
2896,1,1,0,2f.csv
2896,0,0,0,2g.csv
2896,0,0,0,2h.csv
2896,0,0,0,2i.csv
2896,0,0,0,2j.csv
2896,0,0,0,2k.csv
2896,4,4,0,2l.csv
2896,2,2,0,3a.csv
2896,4,4,0,3b.csv
2896,1,1,0,3c.csv
2896,1,1,0,3d.csv
2896,7,5,2,3e.csv
2896,4,4,0,3f.csv
2896,4,3,1,3g.csv
2897,4,3,1,1a.csv
2897,2,1,1,1b.csv
2897,2,1,1,1c.csv
2897,0,0,0,1e.csv
2897,3,2,1,1f.csv
2897,1,0,1,1g.csv
2897,0,0,0,1h.csv
2897,0,0,0,1i.csv
2897,1,1,0,1j.csv
2897,0,0,0,1k.csv
2897,0,0,0,1l.csv
2897,1,1,0,1m.csv
2897,0,0,0,2a.csv
2897,1,1,0,2b.csv
2897,0,0,0,2c.csv
2897,1,1,0,2d.csv
2897,0,0,0,2e.csv
2897,2,2,0,2f.csv
2897,0,0,0,2g.csv
2897,0,0,0,2h.csv
2897,0,0,0,2i.csv
2897,0,0,0,2j.csv
2897,0,0,0,2k.csv
2897,3,3,0,2l.csv
2897,2,2,0,3a.csv
2897,3,3,0,3b.csv
2897,1,1,0,3c.csv
2897,1,1,0,3d.csv
2897,4,2,2,3e.csv
2897,2,2,0,3f.csv
2897,5,4,1,3g.csv
2898,5,4,1,1a.csv
2898,2,1,1,1b.csv
2898,2,1,1,1c.csv
2898,0,0,0,1e.csv
2898,3,2,1,1f.csv
2898,1,0,1,1g.csv
2898,0,0,0,1h.csv
2898,0,0,0,1i.csv
2898,0,0,0,1j.csv
2898,0,0,0,1k.csv
2898,0,0,0,1l.csv
2898,1,1,0,1m.csv
2898,0,0,0,2a.csv
2898,1,1,0,2b.csv
2898,0,0,0,2c.csv
2898,1,1,0,2d.csv
2898,0,0,0,2e.csv
2898,2,2,0,2f.csv
2898,0,0,0,2g.csv
2898,0,0,0,2h.csv
2898,0,0,0,2i.csv
2898,0,0,0,2j.csv
2898,0,0,0,2k.csv
2898,4,4,0,2l.csv
2898,2,2,0,3a.csv
2898,4,3,1,3b.csv
2898,1,1,0,3c.csv
2898,1,1,0,3d.csv
2898,3,2,1,3e.csv
2898,4,3,1,3f.csv
2898,5,5,0,3g.csv
2899,5,4,1,1a.csv
2899,2,1,1,1b.csv
2899,1,1,0,1c.csv
2899,1,1,0,1e.csv
2899,5,3,2,1f.csv
2899,1,0,1,1g.csv
2899,0,0,0,1h.csv
2899,0,0,0,1i.csv
2899,0,0,0,1j.csv
2899,0,0,0,1k.csv
2899,0,0,0,1l.csv
2899,1,1,0,1m.csv
2899,0,0,0,2a.csv
2899,0,0,0,2b.csv
2899,0,0,0,2c.csv
2899,1,1,0,2d.csv
2899,0,0,0,2e.csv
2899,2,2,0,2f.csv
2899,0,0,0,2g.csv
2899,0,0,0,2h.csv
2899,0,0,0,2i.csv
2899,0,0,0,2j.csv
2899,0,0,0,2k.csv
2899,3,3,0,2l.csv
2899,1,1,0,3a.csv
2899,4,3,1,3b.csv
2899,1,1,0,3c.csv
2899,1,1,0,3d.csv
2899,3,2,1,3e.csv
2899,4,3,1,3f.csv
2899,5,5,0,3g.csv
2900,5,4,1,1a.csv
2900,1,0,1,1b.csv
2900,2,2,0,1c.csv
2900,1,1,0,1e.csv
2900,4,3,1,1f.csv
2900,2,1,1,1g.csv
2900,0,0,0,1h.csv
2900,0,0,0,1i.csv
2900,0,0,0,1j.csv
2900,0,0,0,1k.csv
2900,0,0,0,1l.csv
2900,1,1,0,1m.csv
2900,0,0,0,2a.csv
2900,0,0,0,2b.csv
2900,0,0,0,2c.csv
2900,1,1,0,2d.csv
2900,0,0,0,2e.csv
2900,1,1,0,2f.csv
2900,0,0,0,2g.csv
2900,0,0,0,2h.csv
2900,0,0,0,2i.csv
2900,0,0,0,2j.csv
2900,0,0,0,2k.csv
2900,5,4,1,2l.csv
2900,2,2,0,3a.csv
2900,4,3,1,3b.csv
2900,1,1,0,3c.csv
2900,1,1,0,3d.csv
2900,3,2,1,3e.csv
2900,4,3,1,3f.csv
2900,5,5,0,3g.csv
2901,4,3,1,1a.csv
2901,0,0,0,1b.csv
2901,2,2,0,1c.csv
2901,1,1,0,1e.csv
2901,4,3,1,1f.csv
2901,3,2,1,1g.csv
2901,0,0,0,1h.csv
2901,0,0,0,1i.csv
2901,0,0,0,1j.csv
2901,0,0,0,1k.csv
2901,0,0,0,1l.csv
2901,1,1,0,1m.csv
2901,0,0,0,2a.csv
2901,0,0,0,2b.csv
2901,0,0,0,2c.csv
2901,1,1,0,2d.csv
2901,0,0,0,2e.csv
2901,1,1,0,2f.csv
2901,0,0,0,2g.csv
2901,2,2,0,2h.csv
2901,0,0,0,2i.csv
2901,0,0,0,2j.csv
2901,0,0,0,2k.csv
2901,5,4,1,2l.csv
2901,2,2,0,3a.csv
2901,5,4,1,3b.csv
2901,1,1,0,3c.csv
2901,1,1,0,3d.csv
2901,3,2,1,3e.csv
2901,3,2,1,3f.csv
2901,4,4,0,3g.csv
2902,3,2,1,1a.csv
2902,0,0,0,1b.csv
2902,2,2,0,1c.csv
2902,1,1,0,1e.csv
2902,4,3,1,1f.csv
2902,3,2,1,1g.csv
2902,0,0,0,1h.csv
2902,0,0,0,1i.csv
2902,0,0,0,1j.csv
2902,0,0,0,1k.csv
2902,0,0,0,1l.csv
2902,0,0,0,1m.csv
2902,0,0,0,2a.csv
2902,0,0,0,2b.csv
2902,0,0,0,2c.csv
2902,0,0,0,2d.csv
2902,0,0,0,2e.csv
2902,1,1,0,2f.csv
2902,0,0,0,2g.csv
2902,2,2,0,2h.csv
2902,0,0,0,2i.csv
2902,0,0,0,2j.csv
2902,0,0,0,2k.csv
2902,5,4,1,2l.csv
2902,2,2,0,3a.csv
2902,4,3,1,3b.csv
2902,1,1,0,3c.csv
2902,1,1,0,3d.csv
2902,3,2,1,3e.csv
2902,3,2,1,3f.csv
2902,4,4,0,3g.csv
2903,3,3,0,1a.csv
2903,0,0,0,1b.csv
2903,1,1,0,1c.csv
2903,1,1,0,1e.csv
2903,4,3,1,1f.csv
2903,3,2,1,1g.csv
2903,0,0,0,1h.csv
2903,1,1,0,1i.csv
2903,0,0,0,1j.csv
2903,0,0,0,1k.csv
2903,0,0,0,1l.csv
2903,0,0,0,1m.csv
2903,0,0,0,2a.csv
2903,0,0,0,2b.csv
2903,0,0,0,2c.csv
2903,0,0,0,2d.csv
2903,0,0,0,2e.csv
2903,1,1,0,2f.csv
2903,0,0,0,2g.csv
2903,2,2,0,2h.csv
2903,0,0,0,2i.csv
2903,0,0,0,2j.csv
2903,0,0,0,2k.csv
2903,7,5,2,2l.csv
2903,3,3,0,3a.csv
2903,4,3,1,3b.csv
2903,1,1,0,3c.csv
2903,1,1,0,3d.csv
2903,3,2,1,3e.csv
2903,3,2,1,3f.csv
2903,3,3,0,3g.csv
2904,4,4,0,1a.csv
2904,2,2,0,1b.csv
2904,1,1,0,1c.csv
2904,1,1,0,1e.csv
2904,3,2,1,1f.csv
2904,2,2,0,1g.csv
2904,0,0,0,1h.csv
2904,1,1,0,1i.csv
2904,0,0,0,1j.csv
2904,0,0,0,1k.csv
2904,0,0,0,1l.csv
2904,0,0,0,1m.csv
2904,0,0,0,2a.csv
2904,0,0,0,2b.csv
2904,0,0,0,2c.csv
2904,0,0,0,2d.csv
2904,0,0,0,2e.csv
2904,1,1,0,2f.csv
2904,0,0,0,2g.csv
2904,2,2,0,2h.csv
2904,0,0,0,2i.csv
2904,0,0,0,2j.csv
2904,0,0,0,2k.csv
2904,6,4,2,2l.csv
2904,3,3,0,3a.csv
2904,5,4,1,3b.csv
2904,1,1,0,3c.csv
2904,1,1,0,3d.csv
2904,2,1,1,3e.csv
2904,3,2,1,3f.csv
2904,4,3,1,3g.csv
2905,5,5,0,1a.csv
2905,2,2,0,1b.csv
2905,1,1,0,1c.csv
2905,1,1,0,1e.csv
2905,3,2,1,1f.csv
2905,2,2,0,1g.csv
2905,0,0,0,1h.csv
2905,1,1,0,1i.csv
2905,0,0,0,1j.csv
2905,0,0,0,1k.csv
2905,0,0,0,1l.csv
2905,0,0,0,1m.csv
2905,0,0,0,2a.csv
2905,0,0,0,2b.csv
2905,0,0,0,2c.csv
2905,0,0,0,2d.csv
2905,0,0,0,2e.csv
2905,2,2,0,2f.csv
2905,0,0,0,2g.csv
2905,2,2,0,2h.csv
2905,0,0,0,2i.csv
2905,0,0,0,2j.csv
2905,0,0,0,2k.csv
2905,7,5,2,2l.csv
2905,3,3,0,3a.csv
2905,5,4,1,3b.csv
2905,1,1,0,3c.csv
2905,1,1,0,3d.csv
2905,2,1,1,3e.csv
2905,3,2,1,3f.csv
2905,3,2,1,3g.csv
2906,4,4,0,1a.csv
2906,2,2,0,1b.csv
2906,1,1,0,1c.csv
2906,1,1,0,1e.csv
2906,3,2,1,1f.csv
2906,2,2,0,1g.csv
2906,0,0,0,1h.csv
2906,1,1,0,1i.csv
2906,1,1,0,1j.csv
2906,0,0,0,1k.csv
2906,0,0,0,1l.csv
2906,0,0,0,1m.csv
2906,0,0,0,2a.csv
2906,0,0,0,2b.csv
2906,0,0,0,2c.csv
2906,0,0,0,2d.csv
2906,0,0,0,2e.csv
2906,2,2,0,2f.csv
2906,0,0,0,2g.csv
2906,2,2,0,2h.csv
2906,0,0,0,2i.csv
2906,0,0,0,2j.csv
2906,0,0,0,2k.csv
2906,6,4,2,2l.csv
2906,3,3,0,3a.csv
2906,4,4,0,3b.csv
2906,1,1,0,3c.csv
2906,1,1,0,3d.csv
2906,1,0,1,3e.csv
2906,1,1,0,3f.csv
2906,2,1,1,3g.csv
2907,4,4,0,1a.csv
2907,3,3,0,1b.csv
2907,1,1,0,1c.csv
2907,0,0,0,1e.csv
2907,1,1,0,1f.csv
2907,2,2,0,1g.csv
2907,0,0,0,1h.csv
2907,1,1,0,1i.csv
2907,1,1,0,1j.csv
2907,0,0,0,1k.csv
2907,0,0,0,1l.csv
2907,0,0,0,1m.csv
2907,0,0,0,2a.csv
2907,0,0,0,2b.csv
2907,0,0,0,2c.csv
2907,0,0,0,2d.csv
2907,0,0,0,2e.csv
2907,2,2,0,2f.csv
2907,0,0,0,2g.csv
2907,2,2,0,2h.csv
2907,0,0,0,2i.csv
2907,0,0,0,2j.csv
2907,0,0,0,2k.csv
2907,6,4,2,2l.csv
2907,3,3,0,3a.csv
2907,4,4,0,3b.csv
2907,1,1,0,3c.csv
2907,1,1,0,3d.csv
2907,0,0,0,3e.csv
2907,1,1,0,3f.csv
2907,2,1,1,3g.csv
2908,5,4,1,1a.csv
2908,3,3,0,1b.csv
2908,0,0,0,1c.csv
2908,1,1,0,1e.csv
2908,1,1,0,1f.csv
2908,1,1,0,1g.csv
2908,0,0,0,1h.csv
2908,1,1,0,1i.csv
2908,1,1,0,1j.csv
2908,0,0,0,1k.csv
2908,0,0,0,1l.csv
2908,1,1,0,1m.csv
2908,0,0,0,2a.csv
2908,0,0,0,2b.csv
2908,0,0,0,2c.csv
2908,0,0,0,2d.csv
2908,0,0,0,2e.csv
2908,2,2,0,2f.csv
2908,0,0,0,2g.csv
2908,2,2,0,2h.csv
2908,0,0,0,2i.csv
2908,0,0,0,2j.csv
2908,0,0,0,2k.csv
2908,5,4,1,2l.csv
2908,2,2,0,3a.csv
2908,3,3,0,3b.csv
2908,1,1,0,3c.csv
2908,1,1,0,3d.csv
2908,0,0,0,3e.csv
2908,2,2,0,3f.csv
2908,2,1,1,3g.csv
2909,5,4,1,1a.csv
2909,3,3,0,1b.csv
2909,0,0,0,1c.csv
2909,1,1,0,1e.csv
2909,1,1,0,1f.csv
2909,0,0,0,1g.csv
2909,0,0,0,1h.csv
2909,1,1,0,1i.csv
2909,1,1,0,1j.csv
2909,0,0,0,1k.csv
2909,1,1,0,1l.csv
2909,1,1,0,1m.csv
2909,0,0,0,2a.csv
2909,0,0,0,2b.csv
2909,0,0,0,2c.csv
2909,0,0,0,2d.csv
2909,0,0,0,2e.csv
2909,2,2,0,2f.csv
2909,0,0,0,2g.csv
2909,1,0,1,2h.csv
2909,0,0,0,2i.csv
2909,0,0,0,2j.csv
2909,0,0,0,2k.csv
2909,5,4,1,2l.csv
2909,1,1,0,3a.csv
2909,2,2,0,3b.csv
2909,2,1,1,3c.csv
2909,2,1,1,3d.csv
2909,0,0,0,3e.csv
2909,3,3,0,3f.csv
2909,2,1,1,3g.csv
2910,5,4,1,1a.csv
2910,3,3,0,1b.csv
2910,1,1,0,1c.csv
2910,1,1,0,1e.csv
2910,1,1,0,1f.csv
2910,1,1,0,1g.csv
2910,0,0,0,1h.csv
2910,1,1,0,1i.csv
2910,1,1,0,1j.csv
2910,0,0,0,1k.csv
2910,1,1,0,1l.csv
2910,1,1,0,1m.csv
2910,0,0,0,2a.csv
2910,0,0,0,2b.csv
2910,0,0,0,2c.csv
2910,0,0,0,2d.csv
2910,0,0,0,2e.csv
2910,2,2,0,2f.csv
2910,0,0,0,2g.csv
2910,1,0,1,2h.csv
2910,0,0,0,2i.csv
2910,0,0,0,2j.csv
2910,0,0,0,2k.csv
2910,5,4,1,2l.csv
2910,1,1,0,3a.csv
2910,2,2,0,3b.csv
2910,2,1,1,3c.csv
2910,2,1,1,3d.csv
2910,0,0,0,3e.csv
2910,5,4,1,3f.csv
2910,2,1,1,3g.csv
2911,5,4,1,1a.csv
2911,3,3,0,1b.csv
2911,2,1,1,1c.csv
2911,1,1,0,1e.csv
2911,1,1,0,1f.csv
2911,1,1,0,1g.csv
2911,0,0,0,1h.csv
2911,0,0,0,1i.csv
2911,1,1,0,1j.csv
2911,0,0,0,1k.csv
2911,1,1,0,1l.csv
2911,1,1,0,1m.csv
2911,1,0,1,2a.csv
2911,0,0,0,2b.csv
2911,0,0,0,2c.csv
2911,0,0,0,2d.csv
2911,0,0,0,2e.csv
2911,2,2,0,2f.csv
2911,0,0,0,2g.csv
2911,1,0,1,2h.csv
2911,0,0,0,2i.csv
2911,0,0,0,2j.csv
2911,0,0,0,2k.csv
2911,3,3,0,2l.csv
2911,0,0,0,3a.csv
2911,2,2,0,3b.csv
2911,2,1,1,3c.csv
2911,2,1,1,3d.csv
2911,0,0,0,3e.csv
2911,7,5,2,3f.csv
2911,1,0,1,3g.csv
2912,5,3,2,1a.csv
2912,1,1,0,1b.csv
2912,2,1,1,1c.csv
2912,1,1,0,1e.csv
2912,1,1,0,1f.csv
2912,1,1,0,1g.csv
2912,0,0,0,1h.csv
2912,0,0,0,1i.csv
2912,1,1,0,1j.csv
2912,0,0,0,1k.csv
2912,1,1,0,1l.csv
2912,1,1,0,1m.csv
2912,1,0,1,2a.csv
2912,0,0,0,2b.csv
2912,0,0,0,2c.csv
2912,0,0,0,2d.csv
2912,0,0,0,2e.csv
2912,2,2,0,2f.csv
2912,0,0,0,2g.csv
2912,1,0,1,2h.csv
2912,0,0,0,2i.csv
2912,0,0,0,2j.csv
2912,0,0,0,2k.csv
2912,2,2,0,2l.csv
2912,0,0,0,3a.csv
2912,2,1,1,3b.csv
2912,2,1,1,3c.csv
2912,2,1,1,3d.csv
2912,1,1,0,3e.csv
2912,10,8,2,3f.csv
2912,0,0,0,3g.csv
2913,3,1,2,1a.csv
2913,1,1,0,1b.csv
2913,2,1,1,1c.csv
2913,1,1,0,1e.csv
2913,1,1,0,1f.csv
2913,1,1,0,1g.csv
2913,0,0,0,1h.csv
2913,0,0,0,1i.csv
2913,1,1,0,1j.csv
2913,0,0,0,1k.csv
2913,1,1,0,1l.csv
2913,2,2,0,1m.csv
2913,1,0,1,2a.csv
2913,0,0,0,2b.csv
2913,0,0,0,2c.csv
2913,0,0,0,2d.csv
2913,0,0,0,2e.csv
2913,0,0,0,2f.csv
2913,0,0,0,2g.csv
2913,1,0,1,2h.csv
2913,0,0,0,2i.csv
2913,0,0,0,2j.csv
2913,0,0,0,2k.csv
2913,1,1,0,2l.csv
2913,0,0,0,3a.csv
2913,2,1,1,3b.csv
2913,2,1,1,3c.csv
2913,2,1,1,3d.csv
2913,1,1,0,3e.csv
2913,11,8,3,3f.csv
2913,0,0,0,3g.csv
2914,4,2,2,1a.csv
2914,3,3,0,1b.csv
2914,3,2,1,1c.csv
2914,1,1,0,1e.csv
2914,1,1,0,1f.csv
2914,1,1,0,1g.csv
2914,0,0,0,1h.csv
2914,0,0,0,1i.csv
2914,0,0,0,1j.csv
2914,0,0,0,1k.csv
2914,2,2,0,1l.csv
2914,2,2,0,1m.csv
2914,1,0,1,2a.csv
2914,0,0,0,2b.csv
2914,0,0,0,2c.csv
2914,0,0,0,2d.csv
2914,0,0,0,2e.csv
2914,0,0,0,2f.csv
2914,0,0,0,2g.csv
2914,1,0,1,2h.csv
2914,0,0,0,2i.csv
2914,0,0,0,2j.csv
2914,0,0,0,2k.csv
2914,2,2,0,2l.csv
2914,0,0,0,3a.csv
2914,2,1,1,3b.csv
2914,2,1,1,3c.csv
2914,2,1,1,3d.csv
2914,1,1,0,3e.csv
2914,11,8,3,3f.csv
2914,0,0,0,3g.csv
2915,8,5,3,1a.csv
2915,2,2,0,1b.csv
2915,3,2,1,1c.csv
2915,1,1,0,1e.csv
2915,1,1,0,1f.csv
2915,1,1,0,1g.csv
2915,0,0,0,1h.csv
2915,0,0,0,1i.csv
2915,0,0,0,1j.csv
2915,0,0,0,1k.csv
2915,2,2,0,1l.csv
2915,2,2,0,1m.csv
2915,1,0,1,2a.csv
2915,0,0,0,2b.csv
2915,0,0,0,2c.csv
2915,0,0,0,2d.csv
2915,1,0,1,2e.csv
2915,0,0,0,2f.csv
2915,0,0,0,2g.csv
2915,1,0,1,2h.csv
2915,0,0,0,2i.csv
2915,0,0,0,2j.csv
2915,0,0,0,2k.csv
2915,3,3,0,2l.csv
2915,0,0,0,3a.csv
2915,2,1,1,3b.csv
2915,1,0,1,3c.csv
2915,1,0,1,3d.csv
2915,1,1,0,3e.csv
2915,11,8,3,3f.csv
2915,0,0,0,3g.csv
2916,7,5,2,1a.csv
2916,2,2,0,1b.csv
2916,3,2,1,1c.csv
2916,0,0,0,1e.csv
2916,1,1,0,1f.csv
2916,2,2,0,1g.csv
2916,0,0,0,1h.csv
2916,0,0,0,1i.csv
2916,0,0,0,1j.csv
2916,0,0,0,1k.csv
2916,2,2,0,1l.csv
2916,1,1,0,1m.csv
2916,1,0,1,2a.csv
2916,0,0,0,2b.csv
2916,0,0,0,2c.csv
2916,0,0,0,2d.csv
2916,1,0,1,2e.csv
2916,0,0,0,2f.csv
2916,0,0,0,2g.csv
2916,1,0,1,2h.csv
2916,0,0,0,2i.csv
2916,0,0,0,2j.csv
2916,0,0,0,2k.csv
2916,2,2,0,2l.csv
2916,0,0,0,3a.csv
2916,3,2,1,3b.csv
2916,2,0,2,3c.csv
2916,2,0,2,3d.csv
2916,1,1,0,3e.csv
2916,12,9,3,3f.csv
2916,0,0,0,3g.csv
2917,8,6,2,1a.csv
2917,3,2,1,1b.csv
2917,3,2,1,1c.csv
2917,0,0,0,1e.csv
2917,1,1,0,1f.csv
2917,2,2,0,1g.csv
2917,0,0,0,1h.csv
2917,0,0,0,1i.csv
2917,0,0,0,1j.csv
2917,0,0,0,1k.csv
2917,1,1,0,1l.csv
2917,1,1,0,1m.csv
2917,1,0,1,2a.csv
2917,0,0,0,2b.csv
2917,0,0,0,2c.csv
2917,0,0,0,2d.csv
2917,1,0,1,2e.csv
2917,0,0,0,2f.csv
2917,0,0,0,2g.csv
2917,0,0,0,2h.csv
2917,0,0,0,2i.csv
2917,0,0,0,2j.csv
2917,0,0,0,2k.csv
2917,2,2,0,2l.csv
2917,0,0,0,3a.csv
2917,3,2,1,3b.csv
2917,3,1,2,3c.csv
2917,3,1,2,3d.csv
2917,1,1,0,3e.csv
2917,13,10,3,3f.csv
2917,0,0,0,3g.csv
2918,8,6,2,1a.csv
2918,3,2,1,1b.csv
2918,2,1,1,1c.csv
2918,0,0,0,1e.csv
2918,0,0,0,1f.csv
2918,1,1,0,1g.csv
2918,0,0,0,1h.csv
2918,0,0,0,1i.csv
2918,0,0,0,1j.csv
2918,0,0,0,1k.csv
2918,1,1,0,1l.csv
2918,1,1,0,1m.csv
2918,1,0,1,2a.csv
2918,0,0,0,2b.csv
2918,0,0,0,2c.csv
2918,0,0,0,2d.csv
2918,1,0,1,2e.csv
2918,0,0,0,2f.csv
2918,0,0,0,2g.csv
2918,0,0,0,2h.csv
2918,0,0,0,2i.csv
2918,0,0,0,2j.csv
2918,0,0,0,2k.csv
2918,2,2,0,2l.csv
2918,0,0,0,3a.csv
2918,4,3,1,3b.csv
2918,4,1,3,3c.csv
2918,4,1,3,3d.csv
2918,1,1,0,3e.csv
2918,15,13,2,3f.csv
2918,0,0,0,3g.csv
2919,8,6,2,1a.csv
2919,3,2,1,1b.csv
2919,2,2,0,1c.csv
2919,0,0,0,1e.csv
2919,0,0,0,1f.csv
2919,1,1,0,1g.csv
2919,0,0,0,1h.csv
2919,0,0,0,1i.csv
2919,0,0,0,1j.csv
2919,0,0,0,1k.csv
2919,1,1,0,1l.csv
2919,3,2,1,1m.csv
2919,0,0,0,2a.csv
2919,0,0,0,2b.csv
2919,0,0,0,2c.csv
2919,0,0,0,2d.csv
2919,1,0,1,2e.csv
2919,0,0,0,2f.csv
2919,0,0,0,2g.csv
2919,0,0,0,2h.csv
2919,0,0,0,2i.csv
2919,0,0,0,2j.csv
2919,0,0,0,2k.csv
2919,2,2,0,2l.csv
2919,1,0,1,3a.csv
2919,4,3,1,3b.csv
2919,6,2,4,3c.csv
2919,6,2,4,3d.csv
2919,1,1,0,3e.csv
2919,14,13,1,3f.csv
2919,0,0,0,3g.csv
2920,9,8,1,1a.csv
2920,3,2,1,1b.csv
2920,2,2,0,1c.csv
2920,0,0,0,1e.csv
2920,0,0,0,1f.csv
2920,1,1,0,1g.csv
2920,0,0,0,1h.csv
2920,0,0,0,1i.csv
2920,0,0,0,1j.csv
2920,0,0,0,1k.csv
2920,1,1,0,1l.csv
2920,4,2,2,1m.csv
2920,0,0,0,2a.csv
2920,0,0,0,2b.csv
2920,0,0,0,2c.csv
2920,0,0,0,2d.csv
2920,1,0,1,2e.csv
2920,0,0,0,2f.csv
2920,0,0,0,2g.csv
2920,0,0,0,2h.csv
2920,0,0,0,2i.csv
2920,0,0,0,2j.csv
2920,0,0,0,2k.csv
2920,2,2,0,2l.csv
2920,1,0,1,3a.csv
2920,3,3,0,3b.csv
2920,6,2,4,3c.csv
2920,6,2,4,3d.csv
2920,0,0,0,3e.csv
2920,11,9,2,3f.csv
2920,0,0,0,3g.csv
2921,9,8,1,1a.csv
2921,3,2,1,1b.csv
2921,3,2,1,1c.csv
2921,0,0,0,1e.csv
2921,2,1,1,1f.csv
2921,1,1,0,1g.csv
2921,0,0,0,1h.csv
2921,0,0,0,1i.csv
2921,0,0,0,1j.csv
2921,0,0,0,1k.csv
2921,1,1,0,1l.csv
2921,3,1,2,1m.csv
2921,0,0,0,2a.csv
2921,0,0,0,2b.csv
2921,0,0,0,2c.csv
2921,0,0,0,2d.csv
2921,1,0,1,2e.csv
2921,0,0,0,2f.csv
2921,0,0,0,2g.csv
2921,0,0,0,2h.csv
2921,0,0,0,2i.csv
2921,0,0,0,2j.csv
2921,0,0,0,2k.csv
2921,2,2,0,2l.csv
2921,1,0,1,3a.csv
2921,3,3,0,3b.csv
2921,6,2,4,3c.csv
2921,6,2,4,3d.csv
2921,0,0,0,3e.csv
2921,10,9,1,3f.csv
2921,0,0,0,3g.csv
2922,9,7,2,1a.csv
2922,1,0,1,1b.csv
2922,2,1,1,1c.csv
2922,0,0,0,1e.csv
2922,2,1,1,1f.csv
2922,1,1,0,1g.csv
2922,0,0,0,1h.csv
2922,0,0,0,1i.csv
2922,0,0,0,1j.csv
2922,0,0,0,1k.csv
2922,0,0,0,1l.csv
2922,3,1,2,1m.csv
2922,0,0,0,2a.csv
2922,0,0,0,2b.csv
2922,0,0,0,2c.csv
2922,0,0,0,2d.csv
2922,1,0,1,2e.csv
2922,0,0,0,2f.csv
2922,0,0,0,2g.csv
2922,0,0,0,2h.csv
2922,0,0,0,2i.csv
2922,0,0,0,2j.csv
2922,0,0,0,2k.csv
2922,1,1,0,2l.csv
2922,1,0,1,3a.csv
2922,3,3,0,3b.csv
2922,8,4,4,3c.csv
2922,8,4,4,3d.csv
2922,0,0,0,3e.csv
2922,11,10,1,3f.csv
2922,0,0,0,3g.csv
2923,6,5,1,1a.csv
2923,2,1,1,1b.csv
2923,2,1,1,1c.csv
2923,0,0,0,1e.csv
2923,2,1,1,1f.csv
2923,2,2,0,1g.csv
2923,0,0,0,1h.csv
2923,0,0,0,1i.csv
2923,0,0,0,1j.csv
2923,0,0,0,1k.csv
2923,1,1,0,1l.csv
2923,3,1,2,1m.csv
2923,1,1,0,2a.csv
2923,0,0,0,2b.csv
2923,0,0,0,2c.csv
2923,0,0,0,2d.csv
2923,0,0,0,2e.csv
2923,0,0,0,2f.csv
2923,0,0,0,2g.csv
2923,0,0,0,2h.csv
2923,0,0,0,2i.csv
2923,0,0,0,2j.csv
2923,0,0,0,2k.csv
2923,0,0,0,2l.csv
2923,1,0,1,3a.csv
2923,5,5,0,3b.csv
2923,9,4,5,3c.csv
2923,9,4,5,3d.csv
2923,0,0,0,3e.csv
2923,11,10,1,3f.csv
2923,0,0,0,3g.csv
2924,6,5,1,1a.csv
2924,2,1,1,1b.csv
2924,4,3,1,1c.csv
2924,1,1,0,1e.csv
2924,2,1,1,1f.csv
2924,1,1,0,1g.csv
2924,0,0,0,1h.csv
2924,0,0,0,1i.csv
2924,0,0,0,1j.csv
2924,0,0,0,1k.csv
2924,1,1,0,1l.csv
2924,3,1,2,1m.csv
2924,1,1,0,2a.csv
2924,0,0,0,2b.csv
2924,0,0,0,2c.csv
2924,0,0,0,2d.csv
2924,0,0,0,2e.csv
2924,0,0,0,2f.csv
2924,0,0,0,2g.csv
2924,0,0,0,2h.csv
2924,0,0,0,2i.csv
2924,0,0,0,2j.csv
2924,0,0,0,2k.csv
2924,0,0,0,2l.csv
2924,2,1,1,3a.csv
2924,5,5,0,3b.csv
2924,8,4,4,3c.csv
2924,8,4,4,3d.csv
2924,0,0,0,3e.csv
2924,9,8,1,3f.csv
2924,0,0,0,3g.csv
2925,6,5,1,1a.csv
2925,1,1,0,1b.csv
2925,4,3,1,1c.csv
2925,1,1,0,1e.csv
2925,3,2,1,1f.csv
2925,1,1,0,1g.csv
2925,0,0,0,1h.csv
2925,0,0,0,1i.csv
2925,0,0,0,1j.csv
2925,1,1,0,1k.csv
2925,1,1,0,1l.csv
2925,4,2,2,1m.csv
2925,1,1,0,2a.csv
2925,0,0,0,2b.csv
2925,0,0,0,2c.csv
2925,0,0,0,2d.csv
2925,0,0,0,2e.csv
2925,0,0,0,2f.csv
2925,0,0,0,2g.csv
2925,0,0,0,2h.csv
2925,0,0,0,2i.csv
2925,0,0,0,2j.csv
2925,0,0,0,2k.csv
2925,0,0,0,2l.csv
2925,3,2,1,3a.csv
2925,5,5,0,3b.csv
2925,6,3,3,3c.csv
2925,6,3,3,3d.csv
2925,0,0,0,3e.csv
2925,7,6,1,3f.csv
2925,0,0,0,3g.csv
2926,6,5,1,1a.csv
2926,3,3,0,1b.csv
2926,4,3,1,1c.csv
2926,1,1,0,1e.csv
2926,3,2,1,1f.csv
2926,1,1,0,1g.csv
2926,1,1,0,1h.csv
2926,1,1,0,1i.csv
2926,0,0,0,1j.csv
2926,1,1,0,1k.csv
2926,2,2,0,1l.csv
2926,5,2,3,1m.csv
2926,1,1,0,2a.csv
2926,0,0,0,2b.csv
2926,0,0,0,2c.csv
2926,0,0,0,2d.csv
2926,0,0,0,2e.csv
2926,0,0,0,2f.csv
2926,0,0,0,2g.csv
2926,0,0,0,2h.csv
2926,0,0,0,2i.csv
2926,0,0,0,2j.csv
2926,0,0,0,2k.csv
2926,0,0,0,2l.csv
2926,4,2,2,3a.csv
2926,5,5,0,3b.csv
2926,5,3,2,3c.csv
2926,5,3,2,3d.csv
2926,0,0,0,3e.csv
2926,5,4,1,3f.csv
2926,0,0,0,3g.csv
2927,6,5,1,1a.csv
2927,4,4,0,1b.csv
2927,4,3,1,1c.csv
2927,1,1,0,1e.csv
2927,3,2,1,1f.csv
2927,1,1,0,1g.csv
2927,1,1,0,1h.csv
2927,1,1,0,1i.csv
2927,0,0,0,1j.csv
2927,1,1,0,1k.csv
2927,2,2,0,1l.csv
2927,3,1,2,1m.csv
2927,1,1,0,2a.csv
2927,0,0,0,2b.csv
2927,0,0,0,2c.csv
2927,0,0,0,2d.csv
2927,0,0,0,2e.csv
2927,0,0,0,2f.csv
2927,0,0,0,2g.csv
2927,0,0,0,2h.csv
2927,0,0,0,2i.csv
2927,0,0,0,2j.csv
2927,0,0,0,2k.csv
2927,0,0,0,2l.csv
2927,3,2,1,3a.csv
2927,5,5,0,3b.csv
2927,3,2,1,3c.csv
2927,3,2,1,3d.csv
2927,0,0,0,3e.csv
2927,4,3,1,3f.csv
2927,0,0,0,3g.csv
2928,7,5,2,1a.csv
2928,4,4,0,1b.csv
2928,4,3,1,1c.csv
2928,1,1,0,1e.csv
2928,5,4,1,1f.csv
2928,1,1,0,1g.csv
2928,1,1,0,1h.csv
2928,1,1,0,1i.csv
2928,0,0,0,1j.csv
2928,1,1,0,1k.csv
2928,2,2,0,1l.csv
2928,2,1,1,1m.csv
2928,2,1,1,2a.csv
2928,0,0,0,2b.csv
2928,0,0,0,2c.csv
2928,0,0,0,2d.csv
2928,0,0,0,2e.csv
2928,0,0,0,2f.csv
2928,0,0,0,2g.csv
2928,0,0,0,2h.csv
2928,0,0,0,2i.csv
2928,0,0,0,2j.csv
2928,0,0,0,2k.csv
2928,1,1,0,2l.csv
2928,5,3,2,3a.csv
2928,5,5,0,3b.csv
2928,5,3,2,3c.csv
2928,5,3,2,3d.csv
2928,1,1,0,3e.csv
2928,3,3,0,3f.csv
2928,0,0,0,3g.csv
2929,8,5,3,1a.csv
2929,4,4,0,1b.csv
2929,3,3,0,1c.csv
2929,1,1,0,1e.csv
2929,5,5,0,1f.csv
2929,1,1,0,1g.csv
2929,1,1,0,1h.csv
2929,1,1,0,1i.csv
2929,0,0,0,1j.csv
2929,1,1,0,1k.csv
2929,2,2,0,1l.csv
2929,2,1,1,1m.csv
2929,3,2,1,2a.csv
2929,0,0,0,2b.csv
2929,0,0,0,2c.csv
2929,0,0,0,2d.csv
2929,0,0,0,2e.csv
2929,0,0,0,2f.csv
2929,0,0,0,2g.csv
2929,0,0,0,2h.csv
2929,0,0,0,2i.csv
2929,0,0,0,2j.csv
2929,0,0,0,2k.csv
2929,1,1,0,2l.csv
2929,5,3,2,3a.csv
2929,5,5,0,3b.csv
2929,5,3,2,3c.csv
2929,5,3,2,3d.csv
2929,2,2,0,3e.csv
2929,4,4,0,3f.csv
2929,0,0,0,3g.csv
2930,7,5,2,1a.csv
2930,4,4,0,1b.csv
2930,3,3,0,1c.csv
2930,1,1,0,1e.csv
2930,6,6,0,1f.csv
2930,2,2,0,1g.csv
2930,2,2,0,1h.csv
2930,1,1,0,1i.csv
2930,0,0,0,1j.csv
2930,1,1,0,1k.csv
2930,3,2,1,1l.csv
2930,2,1,1,1m.csv
2930,3,2,1,2a.csv
2930,0,0,0,2b.csv
2930,0,0,0,2c.csv
2930,0,0,0,2d.csv
2930,0,0,0,2e.csv
2930,0,0,0,2f.csv
2930,0,0,0,2g.csv
2930,0,0,0,2h.csv
2930,0,0,0,2i.csv
2930,0,0,0,2j.csv
2930,0,0,0,2k.csv
2930,1,1,0,2l.csv
2930,6,4,2,3a.csv
2930,6,6,0,3b.csv
2930,4,1,3,3c.csv
2930,4,1,3,3d.csv
2930,2,2,0,3e.csv
2930,5,5,0,3f.csv
2930,0,0,0,3g.csv
2931,6,4,2,1a.csv
2931,4,4,0,1b.csv
2931,3,3,0,1c.csv
2931,1,1,0,1e.csv
2931,6,6,0,1f.csv
2931,2,2,0,1g.csv
2931,2,2,0,1h.csv
2931,1,1,0,1i.csv
2931,0,0,0,1j.csv
2931,1,1,0,1k.csv
2931,3,1,2,1l.csv
2931,2,1,1,1m.csv
2931,3,2,1,2a.csv
2931,0,0,0,2b.csv
2931,0,0,0,2c.csv
2931,0,0,0,2d.csv
2931,0,0,0,2e.csv
2931,0,0,0,2f.csv
2931,0,0,0,2g.csv
2931,0,0,0,2h.csv
2931,0,0,0,2i.csv
2931,0,0,0,2j.csv
2931,0,0,0,2k.csv
2931,2,1,1,2l.csv
2931,6,4,2,3a.csv
2931,6,5,1,3b.csv
2931,3,1,2,3c.csv
2931,3,1,2,3d.csv
2931,2,2,0,3e.csv
2931,6,5,1,3f.csv
2931,0,0,0,3g.csv
2932,7,5,2,1a.csv
2932,4,4,0,1b.csv
2932,2,2,0,1c.csv
2932,0,0,0,1e.csv
2932,6,6,0,1f.csv
2932,2,2,0,1g.csv
2932,3,3,0,1h.csv
2932,1,1,0,1i.csv
2932,0,0,0,1j.csv
2932,1,1,0,1k.csv
2932,3,1,2,1l.csv
2932,2,1,1,1m.csv
2932,3,2,1,2a.csv
2932,0,0,0,2b.csv
2932,0,0,0,2c.csv
2932,0,0,0,2d.csv
2932,0,0,0,2e.csv
2932,0,0,0,2f.csv
2932,0,0,0,2g.csv
2932,0,0,0,2h.csv
2932,0,0,0,2i.csv
2932,0,0,0,2j.csv
2932,0,0,0,2k.csv
2932,2,1,1,2l.csv
2932,5,3,2,3a.csv
2932,6,5,1,3b.csv
2932,4,2,2,3c.csv
2932,4,2,2,3d.csv
2932,3,2,1,3e.csv
2932,6,5,1,3f.csv
2932,2,2,0,3g.csv
2933,6,4,2,1a.csv
2933,4,4,0,1b.csv
2933,2,2,0,1c.csv
2933,0,0,0,1e.csv
2933,5,5,0,1f.csv
2933,2,2,0,1g.csv
2933,3,3,0,1h.csv
2933,1,1,0,1i.csv
2933,0,0,0,1j.csv
2933,0,0,0,1k.csv
2933,3,1,2,1l.csv
2933,1,0,1,1m.csv
2933,3,2,1,2a.csv
2933,0,0,0,2b.csv
2933,0,0,0,2c.csv
2933,0,0,0,2d.csv
2933,0,0,0,2e.csv
2933,0,0,0,2f.csv
2933,0,0,0,2g.csv
2933,0,0,0,2h.csv
2933,0,0,0,2i.csv
2933,0,0,0,2j.csv
2933,0,0,0,2k.csv
2933,3,2,1,2l.csv
2933,4,2,2,3a.csv
2933,6,5,1,3b.csv
2933,4,2,2,3c.csv
2933,4,2,2,3d.csv
2933,3,2,1,3e.csv
2933,7,6,1,3f.csv
2933,2,2,0,3g.csv
2934,7,5,2,1a.csv
2934,2,2,0,1b.csv
2934,2,2,0,1c.csv
2934,0,0,0,1e.csv
2934,6,6,0,1f.csv
2934,2,2,0,1g.csv
2934,2,2,0,1h.csv
2934,0,0,0,1i.csv
2934,0,0,0,1j.csv
2934,0,0,0,1k.csv
2934,2,0,2,1l.csv
2934,0,0,0,1m.csv
2934,3,2,1,2a.csv
2934,0,0,0,2b.csv
2934,0,0,0,2c.csv
2934,0,0,0,2d.csv
2934,0,0,0,2e.csv
2934,0,0,0,2f.csv
2934,0,0,0,2g.csv
2934,0,0,0,2h.csv
2934,0,0,0,2i.csv
2934,0,0,0,2j.csv
2934,0,0,0,2k.csv
2934,3,2,1,2l.csv
2934,3,2,1,3a.csv
2934,5,4,1,3b.csv
2934,6,3,3,3c.csv
2934,6,3,3,3d.csv
2934,3,2,1,3e.csv
2934,7,5,2,3f.csv
2934,2,2,0,3g.csv
2935,7,5,2,1a.csv
2935,1,1,0,1b.csv
2935,2,2,0,1c.csv
2935,0,0,0,1e.csv
2935,7,7,0,1f.csv
2935,2,2,0,1g.csv
2935,3,3,0,1h.csv
2935,0,0,0,1i.csv
2935,0,0,0,1j.csv
2935,0,0,0,1k.csv
2935,4,0,4,1l.csv
2935,0,0,0,1m.csv
2935,3,2,1,2a.csv
2935,0,0,0,2b.csv
2935,0,0,0,2c.csv
2935,0,0,0,2d.csv
2935,0,0,0,2e.csv
2935,0,0,0,2f.csv
2935,0,0,0,2g.csv
2935,0,0,0,2h.csv
2935,0,0,0,2i.csv
2935,0,0,0,2j.csv
2935,0,0,0,2k.csv
2935,4,3,1,2l.csv
2935,6,4,2,3a.csv
2935,4,3,1,3b.csv
2935,6,3,3,3c.csv
2935,6,3,3,3d.csv
2935,3,2,1,3e.csv
2935,10,7,3,3f.csv
2935,2,2,0,3g.csv
2936,5,4,1,1a.csv
2936,1,1,0,1b.csv
2936,2,2,0,1c.csv
2936,0,0,0,1e.csv
2936,5,5,0,1f.csv
2936,2,2,0,1g.csv
2936,3,3,0,1h.csv
2936,1,1,0,1i.csv
2936,0,0,0,1j.csv
2936,0,0,0,1k.csv
2936,5,1,4,1l.csv
2936,1,1,0,1m.csv
2936,2,2,0,2a.csv
2936,0,0,0,2b.csv
2936,0,0,0,2c.csv
2936,0,0,0,2d.csv
2936,0,0,0,2e.csv
2936,0,0,0,2f.csv
2936,0,0,0,2g.csv
2936,0,0,0,2h.csv
2936,0,0,0,2i.csv
2936,0,0,0,2j.csv
2936,0,0,0,2k.csv
2936,3,2,1,2l.csv
2936,5,4,1,3a.csv
2936,5,4,1,3b.csv
2936,4,2,2,3c.csv
2936,4,2,2,3d.csv
2936,2,1,1,3e.csv
2936,12,8,4,3f.csv
2936,2,2,0,3g.csv
2937,6,5,1,1a.csv
2937,1,1,0,1b.csv
2937,2,2,0,1c.csv
2937,0,0,0,1e.csv
2937,3,3,0,1f.csv
2937,2,2,0,1g.csv
2937,3,3,0,1h.csv
2937,1,1,0,1i.csv
2937,0,0,0,1j.csv
2937,0,0,0,1k.csv
2937,5,1,4,1l.csv
2937,1,1,0,1m.csv
2937,1,1,0,2a.csv
2937,0,0,0,2b.csv
2937,0,0,0,2c.csv
2937,0,0,0,2d.csv
2937,0,0,0,2e.csv
2937,0,0,0,2f.csv
2937,0,0,0,2g.csv
2937,0,0,0,2h.csv
2937,0,0,0,2i.csv
2937,0,0,0,2j.csv
2937,0,0,0,2k.csv
2937,3,2,1,2l.csv
2937,6,5,1,3a.csv
2937,6,5,1,3b.csv
2937,4,2,2,3c.csv
2937,4,2,2,3d.csv
2937,1,0,1,3e.csv
2937,11,7,4,3f.csv
2937,2,2,0,3g.csv
2938,8,7,1,1a.csv
2938,3,2,1,1b.csv
2938,2,2,0,1c.csv
2938,0,0,0,1e.csv
2938,2,2,0,1f.csv
2938,1,1,0,1g.csv
2938,2,2,0,1h.csv
2938,1,1,0,1i.csv
2938,0,0,0,1j.csv
2938,0,0,0,1k.csv
2938,5,2,3,1l.csv
2938,1,1,0,1m.csv
2938,1,1,0,2a.csv
2938,0,0,0,2b.csv
2938,0,0,0,2c.csv
2938,0,0,0,2d.csv
2938,0,0,0,2e.csv
2938,0,0,0,2f.csv
2938,0,0,0,2g.csv
2938,1,1,0,2h.csv
2938,0,0,0,2i.csv
2938,0,0,0,2j.csv
2938,0,0,0,2k.csv
2938,3,2,1,2l.csv
2938,6,5,1,3a.csv
2938,5,4,1,3b.csv
2938,4,3,1,3c.csv
2938,4,3,1,3d.csv
2938,1,0,1,3e.csv
2938,11,7,4,3f.csv
2938,4,4,0,3g.csv
2939,10,9,1,1a.csv
2939,4,3,1,1b.csv
2939,3,2,1,1c.csv
2939,0,0,0,1e.csv
2939,2,2,0,1f.csv
2939,0,0,0,1g.csv
2939,2,2,0,1h.csv
2939,1,1,0,1i.csv
2939,0,0,0,1j.csv
2939,0,0,0,1k.csv
2939,4,2,2,1l.csv
2939,1,1,0,1m.csv
2939,0,0,0,2a.csv
2939,0,0,0,2b.csv
2939,0,0,0,2c.csv
2939,0,0,0,2d.csv
2939,0,0,0,2e.csv
2939,0,0,0,2f.csv
2939,0,0,0,2g.csv
2939,1,1,0,2h.csv
2939,0,0,0,2i.csv
2939,0,0,0,2j.csv
2939,0,0,0,2k.csv
2939,2,2,0,2l.csv
2939,6,5,1,3a.csv
2939,4,3,1,3b.csv
2939,5,4,1,3c.csv
2939,5,4,1,3d.csv
2939,1,0,1,3e.csv
2939,12,9,3,3f.csv
2939,4,4,0,3g.csv
2940,9,8,1,1a.csv
2940,5,4,1,1b.csv
2940,3,2,1,1c.csv
2940,0,0,0,1e.csv
2940,2,2,0,1f.csv
2940,0,0,0,1g.csv
2940,2,2,0,1h.csv
2940,1,1,0,1i.csv
2940,0,0,0,1j.csv
2940,0,0,0,1k.csv
2940,4,2,2,1l.csv
2940,1,1,0,1m.csv
2940,0,0,0,2a.csv
2940,0,0,0,2b.csv
2940,0,0,0,2c.csv
2940,0,0,0,2d.csv
2940,0,0,0,2e.csv
2940,1,1,0,2f.csv
2940,0,0,0,2g.csv
2940,1,1,0,2h.csv
2940,0,0,0,2i.csv
2940,0,0,0,2j.csv
2940,0,0,0,2k.csv
2940,2,2,0,2l.csv
2940,7,6,1,3a.csv
2940,4,3,1,3b.csv
2940,4,3,1,3c.csv
2940,4,3,1,3d.csv
2940,0,0,0,3e.csv
2940,13,10,3,3f.csv
2940,4,4,0,3g.csv
2941,9,8,1,1a.csv
2941,7,6,1,1b.csv
2941,3,2,1,1c.csv
2941,0,0,0,1e.csv
2941,2,2,0,1f.csv
2941,0,0,0,1g.csv
2941,2,2,0,1h.csv
2941,1,1,0,1i.csv
2941,0,0,0,1j.csv
2941,0,0,0,1k.csv
2941,5,3,2,1l.csv
2941,1,1,0,1m.csv
2941,0,0,0,2a.csv
2941,0,0,0,2b.csv
2941,0,0,0,2c.csv
2941,0,0,0,2d.csv
2941,0,0,0,2e.csv
2941,1,1,0,2f.csv
2941,0,0,0,2g.csv
2941,1,1,0,2h.csv
2941,0,0,0,2i.csv
2941,0,0,0,2j.csv
2941,0,0,0,2k.csv
2941,2,2,0,2l.csv
2941,10,9,1,3a.csv
2941,5,4,1,3b.csv
2941,5,4,1,3c.csv
2941,5,4,1,3d.csv
2941,0,0,0,3e.csv
2941,14,11,3,3f.csv
2941,4,4,0,3g.csv
2942,8,7,1,1a.csv
2942,9,8,1,1b.csv
2942,3,2,1,1c.csv
2942,0,0,0,1e.csv
2942,2,2,0,1f.csv
2942,0,0,0,1g.csv
2942,2,2,0,1h.csv
2942,1,1,0,1i.csv
2942,0,0,0,1j.csv
2942,0,0,0,1k.csv
2942,5,3,2,1l.csv
2942,2,1,1,1m.csv
2942,0,0,0,2a.csv
2942,0,0,0,2b.csv
2942,0,0,0,2c.csv
2942,0,0,0,2d.csv
2942,0,0,0,2e.csv
2942,1,1,0,2f.csv
2942,0,0,0,2g.csv
2942,1,1,0,2h.csv
2942,0,0,0,2i.csv
2942,0,0,0,2j.csv
2942,0,0,0,2k.csv
2942,3,3,0,2l.csv
2942,12,11,1,3a.csv
2942,5,4,1,3b.csv
2942,5,4,1,3c.csv
2942,5,4,1,3d.csv
2942,0,0,0,3e.csv
2942,13,11,2,3f.csv
2942,5,5,0,3g.csv
2943,8,7,1,1a.csv
2943,10,9,1,1b.csv
2943,2,1,1,1c.csv
2943,0,0,0,1e.csv
2943,1,1,0,1f.csv
2943,0,0,0,1g.csv
2943,1,1,0,1h.csv
2943,1,1,0,1i.csv
2943,0,0,0,1j.csv
2943,0,0,0,1k.csv
2943,3,3,0,1l.csv
2943,2,1,1,1m.csv
2943,0,0,0,2a.csv
2943,0,0,0,2b.csv
2943,0,0,0,2c.csv
2943,0,0,0,2d.csv
2943,0,0,0,2e.csv
2943,1,1,0,2f.csv
2943,0,0,0,2g.csv
2943,1,1,0,2h.csv
2943,0,0,0,2i.csv
2943,0,0,0,2j.csv
2943,0,0,0,2k.csv
2943,2,2,0,2l.csv
2943,9,9,0,3a.csv
2943,7,6,1,3b.csv
2943,5,4,1,3c.csv
2943,5,4,1,3d.csv
2943,0,0,0,3e.csv
2943,12,11,1,3f.csv
2943,6,6,0,3g.csv
2944,7,6,1,1a.csv
2944,13,12,1,1b.csv
2944,3,2,1,1c.csv
2944,0,0,0,1e.csv
2944,1,1,0,1f.csv
2944,0,0,0,1g.csv
2944,1,1,0,1h.csv
2944,0,0,0,1i.csv
2944,0,0,0,1j.csv
2944,0,0,0,1k.csv
2944,2,2,0,1l.csv
2944,1,0,1,1m.csv
2944,0,0,0,2a.csv
2944,0,0,0,2b.csv
2944,0,0,0,2c.csv
2944,0,0,0,2d.csv
2944,0,0,0,2e.csv
2944,1,1,0,2f.csv
2944,0,0,0,2g.csv
2944,2,2,0,2h.csv
2944,0,0,0,2i.csv
2944,0,0,0,2j.csv
2944,0,0,0,2k.csv
2944,2,2,0,2l.csv
2944,9,9,0,3a.csv
2944,6,5,1,3b.csv
2944,5,4,1,3c.csv
2944,5,4,1,3d.csv
2944,0,0,0,3e.csv
2944,10,10,0,3f.csv
2944,6,6,0,3g.csv
2945,5,5,0,1a.csv
2945,15,14,1,1b.csv
2945,4,2,2,1c.csv
2945,0,0,0,1e.csv
2945,1,1,0,1f.csv
2945,1,1,0,1g.csv
2945,1,1,0,1h.csv
2945,0,0,0,1i.csv
2945,0,0,0,1j.csv
2945,0,0,0,1k.csv
2945,2,2,0,1l.csv
2945,1,0,1,1m.csv
2945,0,0,0,2a.csv
2945,0,0,0,2b.csv
2945,0,0,0,2c.csv
2945,0,0,0,2d.csv
2945,0,0,0,2e.csv
2945,2,2,0,2f.csv
2945,0,0,0,2g.csv
2945,2,2,0,2h.csv
2945,0,0,0,2i.csv
2945,0,0,0,2j.csv
2945,0,0,0,2k.csv
2945,2,2,0,2l.csv
2945,8,8,0,3a.csv
2945,5,4,1,3b.csv
2945,5,4,1,3c.csv
2945,5,4,1,3d.csv
2945,0,0,0,3e.csv
2945,10,10,0,3f.csv
2945,6,6,0,3g.csv
2946,3,3,0,1a.csv
2946,16,16,0,1b.csv
2946,5,2,3,1c.csv
2946,0,0,0,1e.csv
2946,2,2,0,1f.csv
2946,1,1,0,1g.csv
2946,1,1,0,1h.csv
2946,0,0,0,1i.csv
2946,0,0,0,1j.csv
2946,0,0,0,1k.csv
2946,1,1,0,1l.csv
2946,1,0,1,1m.csv
2946,0,0,0,2a.csv
2946,0,0,0,2b.csv
2946,0,0,0,2c.csv
2946,0,0,0,2d.csv
2946,0,0,0,2e.csv
2946,2,2,0,2f.csv
2946,0,0,0,2g.csv
2946,1,1,0,2h.csv
2946,0,0,0,2i.csv
2946,0,0,0,2j.csv
2946,0,0,0,2k.csv
2946,2,2,0,2l.csv
2946,7,7,0,3a.csv
2946,5,4,1,3b.csv
2946,5,4,1,3c.csv
2946,5,4,1,3d.csv
2946,0,0,0,3e.csv
2946,8,8,0,3f.csv
2946,4,4,0,3g.csv
2947,1,1,0,1a.csv
2947,14,14,0,1b.csv
2947,4,2,2,1c.csv
2947,0,0,0,1e.csv
2947,3,3,0,1f.csv
2947,1,1,0,1g.csv
2947,1,1,0,1h.csv
2947,0,0,0,1i.csv
2947,0,0,0,1j.csv
2947,0,0,0,1k.csv
2947,1,1,0,1l.csv
2947,1,0,1,1m.csv
2947,0,0,0,2a.csv
2947,0,0,0,2b.csv
2947,1,1,0,2c.csv
2947,0,0,0,2d.csv
2947,0,0,0,2e.csv
2947,3,3,0,2f.csv
2947,0,0,0,2g.csv
2947,1,1,0,2h.csv
2947,0,0,0,2i.csv
2947,0,0,0,2j.csv
2947,0,0,0,2k.csv
2947,2,2,0,2l.csv
2947,8,8,0,3a.csv
2947,4,4,0,3b.csv
2947,4,3,1,3c.csv
2947,4,3,1,3d.csv
2947,0,0,0,3e.csv
2947,6,6,0,3f.csv
2947,4,4,0,3g.csv
2948,2,2,0,1a.csv
2948,15,15,0,1b.csv
2948,3,1,2,1c.csv
2948,0,0,0,1e.csv
2948,3,3,0,1f.csv
2948,1,1,0,1g.csv
2948,0,0,0,1h.csv
2948,0,0,0,1i.csv
2948,0,0,0,1j.csv
2948,0,0,0,1k.csv
2948,1,1,0,1l.csv
2948,1,0,1,1m.csv
2948,0,0,0,2a.csv
2948,0,0,0,2b.csv
2948,1,1,0,2c.csv
2948,0,0,0,2d.csv
2948,0,0,0,2e.csv
2948,2,2,0,2f.csv
2948,0,0,0,2g.csv
2948,1,1,0,2h.csv
2948,0,0,0,2i.csv
2948,0,0,0,2j.csv
2948,0,0,0,2k.csv
2948,2,2,0,2l.csv
2948,9,9,0,3a.csv
2948,4,4,0,3b.csv
2948,4,3,1,3c.csv
2948,4,3,1,3d.csv
2948,2,2,0,3e.csv
2948,5,5,0,3f.csv
2948,3,2,1,3g.csv
2949,4,4,0,1a.csv
2949,15,15,0,1b.csv
2949,3,1,2,1c.csv
2949,0,0,0,1e.csv
2949,4,4,0,1f.csv
2949,1,1,0,1g.csv
2949,0,0,0,1h.csv
2949,0,0,0,1i.csv
2949,0,0,0,1j.csv
2949,0,0,0,1k.csv
2949,0,0,0,1l.csv
2949,1,0,1,1m.csv
2949,0,0,0,2a.csv
2949,0,0,0,2b.csv
2949,1,1,0,2c.csv
2949,0,0,0,2d.csv
2949,0,0,0,2e.csv
2949,2,2,0,2f.csv
2949,0,0,0,2g.csv
2949,1,1,0,2h.csv
2949,0,0,0,2i.csv
2949,0,0,0,2j.csv
2949,0,0,0,2k.csv
2949,2,2,0,2l.csv
2949,7,7,0,3a.csv
2949,3,3,0,3b.csv
2949,3,2,1,3c.csv
2949,3,2,1,3d.csv
2949,3,3,0,3e.csv
2949,3,3,0,3f.csv
2949,3,2,1,3g.csv
2950,4,4,0,1a.csv
2950,14,14,0,1b.csv
2950,3,1,2,1c.csv
2950,0,0,0,1e.csv
2950,3,3,0,1f.csv
2950,2,2,0,1g.csv
2950,0,0,0,1h.csv
2950,0,0,0,1i.csv
2950,0,0,0,1j.csv
2950,0,0,0,1k.csv
2950,0,0,0,1l.csv
2950,0,0,0,1m.csv
2950,0,0,0,2a.csv
2950,0,0,0,2b.csv
2950,1,1,0,2c.csv
2950,0,0,0,2d.csv
2950,0,0,0,2e.csv
2950,2,2,0,2f.csv
2950,0,0,0,2g.csv
2950,1,1,0,2h.csv
2950,0,0,0,2i.csv
2950,0,0,0,2j.csv
2950,0,0,0,2k.csv
2950,1,1,0,2l.csv
2950,6,5,1,3a.csv
2950,3,3,0,3b.csv
2950,1,1,0,3c.csv
2950,1,1,0,3d.csv
2950,5,5,0,3e.csv
2950,2,2,0,3f.csv
2950,3,2,1,3g.csv
2951,4,4,0,1a.csv
2951,17,17,0,1b.csv
2951,4,2,2,1c.csv
2951,0,0,0,1e.csv
2951,3,3,0,1f.csv
2951,2,2,0,1g.csv
2951,0,0,0,1h.csv
2951,0,0,0,1i.csv
2951,0,0,0,1j.csv
2951,0,0,0,1k.csv
2951,0,0,0,1l.csv
2951,0,0,0,1m.csv
2951,0,0,0,2a.csv
2951,0,0,0,2b.csv
2951,1,1,0,2c.csv
2951,0,0,0,2d.csv
2951,0,0,0,2e.csv
2951,3,3,0,2f.csv
2951,0,0,0,2g.csv
2951,1,1,0,2h.csv
2951,0,0,0,2i.csv
2951,0,0,0,2j.csv
2951,0,0,0,2k.csv
2951,1,1,0,2l.csv
2951,6,5,1,3a.csv
2951,1,1,0,3b.csv
2951,1,1,0,3c.csv
2951,1,1,0,3d.csv
2951,5,5,0,3e.csv
2951,0,0,0,3f.csv
2951,2,1,1,3g.csv
2952,4,4,0,1a.csv
2952,15,15,0,1b.csv
2952,3,1,2,1c.csv
2952,0,0,0,1e.csv
2952,3,3,0,1f.csv
2952,3,3,0,1g.csv
2952,0,0,0,1h.csv
2952,0,0,0,1i.csv
2952,0,0,0,1j.csv
2952,0,0,0,1k.csv
2952,0,0,0,1l.csv
2952,1,1,0,1m.csv
2952,1,1,0,2a.csv
2952,0,0,0,2b.csv
2952,1,1,0,2c.csv
2952,0,0,0,2d.csv
2952,0,0,0,2e.csv
2952,6,6,0,2f.csv
2952,0,0,0,2g.csv
2952,0,0,0,2h.csv
2952,0,0,0,2i.csv
2952,0,0,0,2j.csv
2952,0,0,0,2k.csv
2952,1,1,0,2l.csv
2952,5,4,1,3a.csv
2952,1,1,0,3b.csv
2952,1,1,0,3c.csv
2952,1,1,0,3d.csv
2952,5,5,0,3e.csv
2952,0,0,0,3f.csv
2952,2,1,1,3g.csv
2953,4,4,0,1a.csv
2953,13,13,0,1b.csv
2953,2,1,1,1c.csv
2953,0,0,0,1e.csv
2953,5,5,0,1f.csv
2953,2,2,0,1g.csv
2953,0,0,0,1h.csv
2953,0,0,0,1i.csv
2953,0,0,0,1j.csv
2953,0,0,0,1k.csv
2953,0,0,0,1l.csv
2953,1,1,0,1m.csv
2953,1,1,0,2a.csv
2953,0,0,0,2b.csv
2953,1,1,0,2c.csv
2953,0,0,0,2d.csv
2953,0,0,0,2e.csv
2953,6,5,1,2f.csv
2953,0,0,0,2g.csv
2953,0,0,0,2h.csv
2953,0,0,0,2i.csv
2953,0,0,0,2j.csv
2953,0,0,0,2k.csv
2953,2,2,0,2l.csv
2953,5,4,1,3a.csv
2953,2,2,0,3b.csv
2953,1,1,0,3c.csv
2953,1,1,0,3d.csv
2953,5,5,0,3e.csv
2953,0,0,0,3f.csv
2953,2,1,1,3g.csv
2954,5,4,1,1a.csv
2954,12,12,0,1b.csv
2954,1,1,0,1c.csv
2954,1,1,0,1e.csv
2954,4,4,0,1f.csv
2954,2,2,0,1g.csv
2954,0,0,0,1h.csv
2954,0,0,0,1i.csv
2954,0,0,0,1j.csv
2954,0,0,0,1k.csv
2954,0,0,0,1l.csv
2954,1,1,0,1m.csv
2954,1,1,0,2a.csv
2954,0,0,0,2b.csv
2954,1,1,0,2c.csv
2954,0,0,0,2d.csv
2954,0,0,0,2e.csv
2954,6,5,1,2f.csv
2954,0,0,0,2g.csv
2954,0,0,0,2h.csv
2954,0,0,0,2i.csv
2954,0,0,0,2j.csv
2954,0,0,0,2k.csv
2954,2,2,0,2l.csv
2954,6,5,1,3a.csv
2954,2,2,0,3b.csv
2954,1,1,0,3c.csv
2954,1,1,0,3d.csv
2954,5,5,0,3e.csv
2954,0,0,0,3f.csv
2954,2,1,1,3g.csv
2955,5,4,1,1a.csv
2955,16,15,1,1b.csv
2955,1,1,0,1c.csv
2955,1,1,0,1e.csv
2955,3,3,0,1f.csv
2955,2,2,0,1g.csv
2955,0,0,0,1h.csv
2955,0,0,0,1i.csv
2955,0,0,0,1j.csv
2955,0,0,0,1k.csv
2955,0,0,0,1l.csv
2955,1,1,0,1m.csv
2955,1,1,0,2a.csv
2955,0,0,0,2b.csv
2955,0,0,0,2c.csv
2955,0,0,0,2d.csv
2955,0,0,0,2e.csv
2955,6,5,1,2f.csv
2955,0,0,0,2g.csv
2955,0,0,0,2h.csv
2955,0,0,0,2i.csv
2955,0,0,0,2j.csv
2955,0,0,0,2k.csv
2955,2,2,0,2l.csv
2955,7,6,1,3a.csv
2955,2,2,0,3b.csv
2955,1,1,0,3c.csv
2955,1,1,0,3d.csv
2955,6,6,0,3e.csv
2955,0,0,0,3f.csv
2955,2,1,1,3g.csv
2956,4,3,1,1a.csv
2956,17,16,1,1b.csv
2956,1,1,0,1c.csv
2956,1,1,0,1e.csv
2956,3,3,0,1f.csv
2956,2,2,0,1g.csv
2956,0,0,0,1h.csv
2956,0,0,0,1i.csv
2956,0,0,0,1j.csv
2956,0,0,0,1k.csv
2956,0,0,0,1l.csv
2956,1,1,0,1m.csv
2956,1,1,0,2a.csv
2956,0,0,0,2b.csv
2956,0,0,0,2c.csv
2956,0,0,0,2d.csv
2956,0,0,0,2e.csv
2956,6,5,1,2f.csv
2956,0,0,0,2g.csv
2956,0,0,0,2h.csv
2956,0,0,0,2i.csv
2956,0,0,0,2j.csv
2956,0,0,0,2k.csv
2956,2,2,0,2l.csv
2956,6,5,1,3a.csv
2956,1,1,0,3b.csv
2956,1,1,0,3c.csv
2956,1,1,0,3d.csv
2956,7,7,0,3e.csv
2956,1,1,0,3f.csv
2956,1,1,0,3g.csv
2957,2,1,1,1a.csv
2957,18,17,1,1b.csv
2957,1,1,0,1c.csv
2957,1,1,0,1e.csv
2957,2,2,0,1f.csv
2957,2,2,0,1g.csv
2957,0,0,0,1h.csv
2957,0,0,0,1i.csv
2957,0,0,0,1j.csv
2957,0,0,0,1k.csv
2957,0,0,0,1l.csv
2957,1,1,0,1m.csv
2957,1,1,0,2a.csv
2957,0,0,0,2b.csv
2957,0,0,0,2c.csv
2957,0,0,0,2d.csv
2957,0,0,0,2e.csv
2957,6,5,1,2f.csv
2957,0,0,0,2g.csv
2957,0,0,0,2h.csv
2957,0,0,0,2i.csv
2957,0,0,0,2j.csv
2957,0,0,0,2k.csv
2957,1,1,0,2l.csv
2957,5,4,1,3a.csv
2957,5,4,1,3b.csv
2957,1,1,0,3c.csv
2957,1,1,0,3d.csv
2957,6,6,0,3e.csv
2957,4,3,1,3f.csv
2957,2,2,0,3g.csv
2958,3,2,1,1a.csv
2958,18,17,1,1b.csv
2958,2,2,0,1c.csv
2958,1,1,0,1e.csv
2958,2,2,0,1f.csv
2958,1,1,0,1g.csv
2958,0,0,0,1h.csv
2958,0,0,0,1i.csv
2958,0,0,0,1j.csv
2958,0,0,0,1k.csv
2958,0,0,0,1l.csv
2958,1,1,0,1m.csv
2958,1,1,0,2a.csv
2958,0,0,0,2b.csv
2958,0,0,0,2c.csv
2958,0,0,0,2d.csv
2958,1,1,0,2e.csv
2958,6,5,1,2f.csv
2958,0,0,0,2g.csv
2958,1,0,1,2h.csv
2958,0,0,0,2i.csv
2958,1,0,1,2j.csv
2958,0,0,0,2k.csv
2958,1,1,0,2l.csv
2958,5,5,0,3a.csv
2958,5,4,1,3b.csv
2958,1,1,0,3c.csv
2958,1,1,0,3d.csv
2958,5,5,0,3e.csv
2958,6,5,1,3f.csv
2958,1,1,0,3g.csv
2959,2,1,1,1a.csv
2959,14,13,1,1b.csv
2959,1,1,0,1c.csv
2959,1,1,0,1e.csv
2959,2,2,0,1f.csv
2959,1,1,0,1g.csv
2959,0,0,0,1h.csv
2959,0,0,0,1i.csv
2959,0,0,0,1j.csv
2959,0,0,0,1k.csv
2959,0,0,0,1l.csv
2959,1,1,0,1m.csv
2959,1,1,0,2a.csv
2959,0,0,0,2b.csv
2959,0,0,0,2c.csv
2959,0,0,0,2d.csv
2959,1,1,0,2e.csv
2959,6,5,1,2f.csv
2959,0,0,0,2g.csv
2959,1,0,1,2h.csv
2959,0,0,0,2i.csv
2959,1,0,1,2j.csv
2959,0,0,0,2k.csv
2959,1,1,0,2l.csv
2959,5,5,0,3a.csv
2959,5,4,1,3b.csv
2959,1,1,0,3c.csv
2959,1,1,0,3d.csv
2959,5,5,0,3e.csv
2959,9,8,1,3f.csv
2959,2,2,0,3g.csv
2960,4,2,2,1a.csv
2960,14,13,1,1b.csv
2960,1,1,0,1c.csv
2960,1,1,0,1e.csv
2960,3,3,0,1f.csv
2960,0,0,0,1g.csv
2960,0,0,0,1h.csv
2960,0,0,0,1i.csv
2960,0,0,0,1j.csv
2960,0,0,0,1k.csv
2960,0,0,0,1l.csv
2960,0,0,0,1m.csv
2960,0,0,0,2a.csv
2960,1,1,0,2b.csv
2960,1,0,1,2c.csv
2960,0,0,0,2d.csv
2960,1,1,0,2e.csv
2960,4,3,1,2f.csv
2960,0,0,0,2g.csv
2960,1,0,1,2h.csv
2960,0,0,0,2i.csv
2960,1,0,1,2j.csv
2960,0,0,0,2k.csv
2960,1,1,0,2l.csv
2960,6,6,0,3a.csv
2960,5,4,1,3b.csv
2960,1,1,0,3c.csv
2960,1,1,0,3d.csv
2960,7,7,0,3e.csv
2960,9,8,1,3f.csv
2960,2,2,0,3g.csv
2961,5,3,2,1a.csv
2961,15,14,1,1b.csv
2961,1,1,0,1c.csv
2961,1,1,0,1e.csv
2961,2,2,0,1f.csv
2961,0,0,0,1g.csv
2961,0,0,0,1h.csv
2961,0,0,0,1i.csv
2961,0,0,0,1j.csv
2961,0,0,0,1k.csv
2961,0,0,0,1l.csv
2961,0,0,0,1m.csv
2961,0,0,0,2a.csv
2961,1,1,0,2b.csv
2961,2,1,1,2c.csv
2961,0,0,0,2d.csv
2961,1,1,0,2e.csv
2961,5,5,0,2f.csv
2961,0,0,0,2g.csv
2961,1,0,1,2h.csv
2961,0,0,0,2i.csv
2961,1,0,1,2j.csv
2961,0,0,0,2k.csv
2961,0,0,0,2l.csv
2961,6,6,0,3a.csv
2961,5,4,1,3b.csv
2961,1,1,0,3c.csv
2961,1,1,0,3d.csv
2961,7,7,0,3e.csv
2961,11,10,1,3f.csv
2961,2,2,0,3g.csv
2962,4,3,1,1a.csv
2962,15,14,1,1b.csv
2962,2,1,1,1c.csv
2962,0,0,0,1e.csv
2962,3,3,0,1f.csv
2962,0,0,0,1g.csv
2962,0,0,0,1h.csv
2962,0,0,0,1i.csv
2962,0,0,0,1j.csv
2962,0,0,0,1k.csv
2962,0,0,0,1l.csv
2962,0,0,0,1m.csv
2962,0,0,0,2a.csv
2962,1,1,0,2b.csv
2962,2,1,1,2c.csv
2962,0,0,0,2d.csv
2962,1,1,0,2e.csv
2962,6,6,0,2f.csv
2962,0,0,0,2g.csv
2962,1,0,1,2h.csv
2962,0,0,0,2i.csv
2962,1,0,1,2j.csv
2962,0,0,0,2k.csv
2962,1,1,0,2l.csv
2962,5,5,0,3a.csv
2962,6,5,1,3b.csv
2962,0,0,0,3c.csv
2962,0,0,0,3d.csv
2962,9,9,0,3e.csv
2962,12,11,1,3f.csv
2962,2,2,0,3g.csv
2963,4,3,1,1a.csv
2963,12,12,0,1b.csv
2963,2,1,1,1c.csv
2963,1,1,0,1e.csv
2963,3,3,0,1f.csv
2963,2,1,1,1g.csv
2963,0,0,0,1h.csv
2963,0,0,0,1i.csv
2963,0,0,0,1j.csv
2963,0,0,0,1k.csv
2963,0,0,0,1l.csv
2963,0,0,0,1m.csv
2963,0,0,0,2a.csv
2963,1,1,0,2b.csv
2963,2,1,1,2c.csv
2963,0,0,0,2d.csv
2963,1,1,0,2e.csv
2963,5,5,0,2f.csv
2963,0,0,0,2g.csv
2963,1,0,1,2h.csv
2963,0,0,0,2i.csv
2963,1,0,1,2j.csv
2963,0,0,0,2k.csv
2963,1,1,0,2l.csv
2963,3,3,0,3a.csv
2963,6,5,1,3b.csv
2963,0,0,0,3c.csv
2963,0,0,0,3d.csv
2963,9,9,0,3e.csv
2963,13,12,1,3f.csv
2963,3,3,0,3g.csv
2964,4,3,1,1a.csv
2964,10,10,0,1b.csv
2964,2,1,1,1c.csv
2964,1,1,0,1e.csv
2964,3,3,0,1f.csv
2964,2,1,1,1g.csv
2964,0,0,0,1h.csv
2964,0,0,0,1i.csv
2964,0,0,0,1j.csv
2964,0,0,0,1k.csv
2964,0,0,0,1l.csv
2964,0,0,0,1m.csv
2964,0,0,0,2a.csv
2964,1,1,0,2b.csv
2964,2,1,1,2c.csv
2964,0,0,0,2d.csv
2964,1,1,0,2e.csv
2964,6,6,0,2f.csv
2964,0,0,0,2g.csv
2964,1,0,1,2h.csv
2964,0,0,0,2i.csv
2964,1,0,1,2j.csv
2964,0,0,0,2k.csv
2964,1,1,0,2l.csv
2964,2,2,0,3a.csv
2964,6,5,1,3b.csv
2964,1,1,0,3c.csv
2964,1,1,0,3d.csv
2964,6,6,0,3e.csv
2964,13,12,1,3f.csv
2964,4,4,0,3g.csv
2965,4,3,1,1a.csv
2965,7,7,0,1b.csv
2965,4,2,2,1c.csv
2965,1,1,0,1e.csv
2965,3,3,0,1f.csv
2965,3,2,1,1g.csv
2965,0,0,0,1h.csv
2965,0,0,0,1i.csv
2965,0,0,0,1j.csv
2965,0,0,0,1k.csv
2965,0,0,0,1l.csv
2965,0,0,0,1m.csv
2965,0,0,0,2a.csv
2965,1,1,0,2b.csv
2965,2,1,1,2c.csv
2965,0,0,0,2d.csv
2965,1,1,0,2e.csv
2965,6,6,0,2f.csv
2965,0,0,0,2g.csv
2965,1,0,1,2h.csv
2965,0,0,0,2i.csv
2965,1,0,1,2j.csv
2965,0,0,0,2k.csv
2965,2,2,0,2l.csv
2965,4,3,1,3a.csv
2965,2,2,0,3b.csv
2965,1,1,0,3c.csv
2965,1,1,0,3d.csv
2965,7,7,0,3e.csv
2965,11,11,0,3f.csv
2965,3,3,0,3g.csv
2966,4,3,1,1a.csv
2966,6,6,0,1b.csv
2966,3,1,2,1c.csv
2966,2,2,0,1e.csv
2966,3,3,0,1f.csv
2966,3,2,1,1g.csv
2966,0,0,0,1h.csv
2966,0,0,0,1i.csv
2966,0,0,0,1j.csv
2966,0,0,0,1k.csv
2966,0,0,0,1l.csv
2966,0,0,0,1m.csv
2966,0,0,0,2a.csv
2966,1,1,0,2b.csv
2966,2,1,1,2c.csv
2966,1,1,0,2d.csv
2966,0,0,0,2e.csv
2966,6,6,0,2f.csv
2966,0,0,0,2g.csv
2966,0,0,0,2h.csv
2966,0,0,0,2i.csv
2966,0,0,0,2j.csv
2966,0,0,0,2k.csv
2966,2,2,0,2l.csv
2966,5,4,1,3a.csv
2966,2,2,0,3b.csv
2966,1,1,0,3c.csv
2966,1,1,0,3d.csv
2966,7,7,0,3e.csv
2966,9,9,0,3f.csv
2966,3,3,0,3g.csv
2967,4,3,1,1a.csv
2967,9,9,0,1b.csv
2967,3,1,2,1c.csv
2967,2,2,0,1e.csv
2967,3,3,0,1f.csv
2967,3,2,1,1g.csv
2967,0,0,0,1h.csv
2967,0,0,0,1i.csv
2967,0,0,0,1j.csv
2967,0,0,0,1k.csv
2967,1,0,1,1l.csv
2967,0,0,0,1m.csv
2967,0,0,0,2a.csv
2967,1,1,0,2b.csv
2967,3,2,1,2c.csv
2967,1,1,0,2d.csv
2967,0,0,0,2e.csv
2967,6,6,0,2f.csv
2967,0,0,0,2g.csv
2967,0,0,0,2h.csv
2967,0,0,0,2i.csv
2967,0,0,0,2j.csv
2967,0,0,0,2k.csv
2967,2,2,0,2l.csv
2967,5,4,1,3a.csv
2967,3,3,0,3b.csv
2967,1,1,0,3c.csv
2967,1,1,0,3d.csv
2967,7,7,0,3e.csv
2967,7,7,0,3f.csv
2967,2,2,0,3g.csv
2968,2,2,0,1a.csv
2968,9,9,0,1b.csv
2968,3,1,2,1c.csv
2968,2,2,0,1e.csv
2968,2,2,0,1f.csv
2968,4,2,2,1g.csv
2968,0,0,0,1h.csv
2968,0,0,0,1i.csv
2968,0,0,0,1j.csv
2968,0,0,0,1k.csv
2968,1,0,1,1l.csv
2968,0,0,0,1m.csv
2968,0,0,0,2a.csv
2968,0,0,0,2b.csv
2968,2,2,0,2c.csv
2968,1,1,0,2d.csv
2968,0,0,0,2e.csv
2968,5,5,0,2f.csv
2968,0,0,0,2g.csv
2968,0,0,0,2h.csv
2968,0,0,0,2i.csv
2968,0,0,0,2j.csv
2968,0,0,0,2k.csv
2968,2,2,0,2l.csv
2968,4,3,1,3a.csv
2968,3,3,0,3b.csv
2968,2,2,0,3c.csv
2968,2,2,0,3d.csv
2968,5,5,0,3e.csv
2968,8,8,0,3f.csv
2968,2,2,0,3g.csv
2969,1,1,0,1a.csv
2969,8,8,0,1b.csv
2969,3,1,2,1c.csv
2969,2,2,0,1e.csv
2969,1,1,0,1f.csv
2969,4,2,2,1g.csv
2969,0,0,0,1h.csv
2969,0,0,0,1i.csv
2969,0,0,0,1j.csv
2969,0,0,0,1k.csv
2969,1,0,1,1l.csv
2969,0,0,0,1m.csv
2969,0,0,0,2a.csv
2969,0,0,0,2b.csv
2969,1,1,0,2c.csv
2969,1,1,0,2d.csv
2969,0,0,0,2e.csv
2969,4,4,0,2f.csv
2969,0,0,0,2g.csv
2969,0,0,0,2h.csv
2969,0,0,0,2i.csv
2969,0,0,0,2j.csv
2969,0,0,0,2k.csv
2969,2,2,0,2l.csv
2969,4,3,1,3a.csv
2969,3,3,0,3b.csv
2969,4,3,1,3c.csv
2969,4,3,1,3d.csv
2969,6,6,0,3e.csv
2969,7,7,0,3f.csv
2969,2,2,0,3g.csv
2970,2,2,0,1a.csv
2970,6,6,0,1b.csv
2970,2,1,1,1c.csv
2970,3,3,0,1e.csv
2970,0,0,0,1f.csv
2970,4,2,2,1g.csv
2970,0,0,0,1h.csv
2970,0,0,0,1i.csv
2970,0,0,0,1j.csv
2970,0,0,0,1k.csv
2970,2,1,1,1l.csv
2970,0,0,0,1m.csv
2970,1,1,0,2a.csv
2970,0,0,0,2b.csv
2970,2,2,0,2c.csv
2970,1,1,0,2d.csv
2970,0,0,0,2e.csv
2970,3,3,0,2f.csv
2970,0,0,0,2g.csv
2970,0,0,0,2h.csv
2970,0,0,0,2i.csv
2970,0,0,0,2j.csv
2970,0,0,0,2k.csv
2970,1,1,0,2l.csv
2970,5,4,1,3a.csv
2970,3,3,0,3b.csv
2970,4,3,1,3c.csv
2970,4,3,1,3d.csv
2970,5,5,0,3e.csv
2970,6,6,0,3f.csv
2970,2,2,0,3g.csv
2971,3,2,1,1a.csv
2971,5,5,0,1b.csv
2971,2,1,1,1c.csv
2971,2,2,0,1e.csv
2971,0,0,0,1f.csv
2971,2,1,1,1g.csv
2971,0,0,0,1h.csv
2971,0,0,0,1i.csv
2971,0,0,0,1j.csv
2971,0,0,0,1k.csv
2971,2,1,1,1l.csv
2971,0,0,0,1m.csv
2971,1,1,0,2a.csv
2971,0,0,0,2b.csv
2971,2,2,0,2c.csv
2971,1,1,0,2d.csv
2971,0,0,0,2e.csv
2971,3,3,0,2f.csv
2971,0,0,0,2g.csv
2971,0,0,0,2h.csv
2971,0,0,0,2i.csv
2971,0,0,0,2j.csv
2971,0,0,0,2k.csv
2971,1,1,0,2l.csv
2971,8,7,1,3a.csv
2971,3,3,0,3b.csv
2971,4,3,1,3c.csv
2971,4,3,1,3d.csv
2971,4,4,0,3e.csv
2971,5,5,0,3f.csv
2971,1,1,0,3g.csv
2972,3,2,1,1a.csv
2972,5,4,1,1b.csv
2972,3,2,1,1c.csv
2972,3,3,0,1e.csv
2972,0,0,0,1f.csv
2972,2,1,1,1g.csv
2972,0,0,0,1h.csv
2972,0,0,0,1i.csv
2972,0,0,0,1j.csv
2972,0,0,0,1k.csv
2972,2,1,1,1l.csv
2972,0,0,0,1m.csv
2972,1,1,0,2a.csv
2972,0,0,0,2b.csv
2972,2,2,0,2c.csv
2972,1,1,0,2d.csv
2972,0,0,0,2e.csv
2972,2,2,0,2f.csv
2972,0,0,0,2g.csv
2972,0,0,0,2h.csv
2972,0,0,0,2i.csv
2972,0,0,0,2j.csv
2972,0,0,0,2k.csv
2972,1,1,0,2l.csv
2972,10,9,1,3a.csv
2972,3,3,0,3b.csv
2972,3,2,1,3c.csv
2972,3,2,1,3d.csv
2972,4,4,0,3e.csv
2972,4,4,0,3f.csv
2972,1,1,0,3g.csv
2973,4,2,2,1a.csv
2973,7,6,1,1b.csv
2973,1,1,0,1c.csv
2973,3,3,0,1e.csv
2973,0,0,0,1f.csv
2973,1,0,1,1g.csv
2973,0,0,0,1h.csv
2973,0,0,0,1i.csv
2973,0,0,0,1j.csv
2973,0,0,0,1k.csv
2973,2,1,1,1l.csv
2973,0,0,0,1m.csv
2973,1,1,0,2a.csv
2973,0,0,0,2b.csv
2973,2,2,0,2c.csv
2973,1,1,0,2d.csv
2973,0,0,0,2e.csv
2973,2,2,0,2f.csv
2973,0,0,0,2g.csv
2973,0,0,0,2h.csv
2973,0,0,0,2i.csv
2973,0,0,0,2j.csv
2973,0,0,0,2k.csv
2973,1,1,0,2l.csv
2973,10,9,1,3a.csv
2973,3,3,0,3b.csv
2973,3,2,1,3c.csv
2973,3,2,1,3d.csv
2973,3,3,0,3e.csv
2973,3,3,0,3f.csv
2973,1,1,0,3g.csv
2974,3,1,2,1a.csv
2974,7,6,1,1b.csv
2974,1,1,0,1c.csv
2974,2,2,0,1e.csv
2974,0,0,0,1f.csv
2974,1,0,1,1g.csv
2974,0,0,0,1h.csv
2974,0,0,0,1i.csv
2974,0,0,0,1j.csv
2974,0,0,0,1k.csv
2974,2,1,1,1l.csv
2974,0,0,0,1m.csv
2974,1,1,0,2a.csv
2974,0,0,0,2b.csv
2974,2,2,0,2c.csv
2974,0,0,0,2d.csv
2974,0,0,0,2e.csv
2974,2,2,0,2f.csv
2974,0,0,0,2g.csv
2974,0,0,0,2h.csv
2974,0,0,0,2i.csv
2974,0,0,0,2j.csv
2974,0,0,0,2k.csv
2974,1,1,0,2l.csv
2974,11,10,1,3a.csv
2974,3,3,0,3b.csv
2974,3,2,1,3c.csv
2974,3,2,1,3d.csv
2974,3,3,0,3e.csv
2974,3,3,0,3f.csv
2974,1,1,0,3g.csv
2975,3,1,2,1a.csv
2975,5,4,1,1b.csv
2975,1,1,0,1c.csv
2975,2,2,0,1e.csv
2975,0,0,0,1f.csv
2975,2,1,1,1g.csv
2975,0,0,0,1h.csv
2975,0,0,0,1i.csv
2975,0,0,0,1j.csv
2975,0,0,0,1k.csv
2975,1,1,0,1l.csv
2975,0,0,0,1m.csv
2975,1,1,0,2a.csv
2975,0,0,0,2b.csv
2975,1,1,0,2c.csv
2975,0,0,0,2d.csv
2975,0,0,0,2e.csv
2975,1,1,0,2f.csv
2975,0,0,0,2g.csv
2975,0,0,0,2h.csv
2975,0,0,0,2i.csv
2975,0,0,0,2j.csv
2975,0,0,0,2k.csv
2975,2,2,0,2l.csv
2975,11,10,1,3a.csv
2975,2,2,0,3b.csv
2975,3,2,1,3c.csv
2975,3,2,1,3d.csv
2975,4,4,0,3e.csv
2975,2,2,0,3f.csv
2975,1,1,0,3g.csv
2976,5,3,2,1a.csv
2976,4,3,1,1b.csv
2976,2,2,0,1c.csv
2976,2,2,0,1e.csv
2976,1,1,0,1f.csv
2976,1,1,0,1g.csv
2976,0,0,0,1h.csv
2976,0,0,0,1i.csv
2976,0,0,0,1j.csv
2976,0,0,0,1k.csv
2976,1,1,0,1l.csv
2976,0,0,0,1m.csv
2976,1,1,0,2a.csv
2976,0,0,0,2b.csv
2976,1,1,0,2c.csv
2976,0,0,0,2d.csv
2976,0,0,0,2e.csv
2976,1,1,0,2f.csv
2976,0,0,0,2g.csv
2976,0,0,0,2h.csv
2976,0,0,0,2i.csv
2976,0,0,0,2j.csv
2976,0,0,0,2k.csv
2976,2,2,0,2l.csv
2976,12,11,1,3a.csv
2976,3,2,1,3b.csv
2976,2,1,1,3c.csv
2976,2,1,1,3d.csv
2976,4,4,0,3e.csv
2976,1,1,0,3f.csv
2976,2,2,0,3g.csv
2977,5,3,2,1a.csv
2977,5,4,1,1b.csv
2977,2,2,0,1c.csv
2977,2,2,0,1e.csv
2977,1,1,0,1f.csv
2977,1,1,0,1g.csv
2977,0,0,0,1h.csv
2977,0,0,0,1i.csv
2977,0,0,0,1j.csv
2977,0,0,0,1k.csv
2977,1,1,0,1l.csv
2977,0,0,0,1m.csv
2977,1,1,0,2a.csv
2977,0,0,0,2b.csv
2977,1,1,0,2c.csv
2977,0,0,0,2d.csv
2977,0,0,0,2e.csv
2977,0,0,0,2f.csv
2977,0,0,0,2g.csv
2977,0,0,0,2h.csv
2977,0,0,0,2i.csv
2977,0,0,0,2j.csv
2977,0,0,0,2k.csv
2977,2,2,0,2l.csv
2977,12,11,1,3a.csv
2977,2,1,1,3b.csv
2977,0,0,0,3c.csv
2977,0,0,0,3d.csv
2977,4,4,0,3e.csv
2977,0,0,0,3f.csv
2977,2,2,0,3g.csv
2978,4,2,2,1a.csv
2978,5,4,1,1b.csv
2978,2,2,0,1c.csv
2978,2,1,1,1e.csv
2978,1,1,0,1f.csv
2978,1,1,0,1g.csv
2978,0,0,0,1h.csv
2978,0,0,0,1i.csv
2978,0,0,0,1j.csv
2978,0,0,0,1k.csv
2978,1,1,0,1l.csv
2978,0,0,0,1m.csv
2978,1,1,0,2a.csv
2978,0,0,0,2b.csv
2978,0,0,0,2c.csv
2978,0,0,0,2d.csv
2978,0,0,0,2e.csv
2978,1,1,0,2f.csv
2978,0,0,0,2g.csv
2978,0,0,0,2h.csv
2978,0,0,0,2i.csv
2978,0,0,0,2j.csv
2978,0,0,0,2k.csv
2978,2,2,0,2l.csv
2978,13,12,1,3a.csv
2978,2,0,2,3b.csv
2978,0,0,0,3c.csv
2978,0,0,0,3d.csv
2978,3,3,0,3e.csv
2978,1,1,0,3f.csv
2978,2,2,0,3g.csv
2979,4,3,1,1a.csv
2979,5,4,1,1b.csv
2979,2,2,0,1c.csv
2979,2,1,1,1e.csv
2979,1,1,0,1f.csv
2979,1,1,0,1g.csv
2979,0,0,0,1h.csv
2979,0,0,0,1i.csv
2979,0,0,0,1j.csv
2979,0,0,0,1k.csv
2979,1,1,0,1l.csv
2979,0,0,0,1m.csv
2979,1,1,0,2a.csv
2979,0,0,0,2b.csv
2979,0,0,0,2c.csv
2979,0,0,0,2d.csv
2979,0,0,0,2e.csv
2979,1,1,0,2f.csv
2979,0,0,0,2g.csv
2979,0,0,0,2h.csv
2979,0,0,0,2i.csv
2979,0,0,0,2j.csv
2979,0,0,0,2k.csv
2979,2,2,0,2l.csv
2979,11,10,1,3a.csv
2979,3,1,2,3b.csv
2979,0,0,0,3c.csv
2979,0,0,0,3d.csv
2979,3,3,0,3e.csv
2979,1,1,0,3f.csv
2979,2,2,0,3g.csv
2980,5,4,1,1a.csv
2980,6,6,0,1b.csv
2980,1,1,0,1c.csv
2980,1,0,1,1e.csv
2980,1,1,0,1f.csv
2980,1,1,0,1g.csv
2980,0,0,0,1h.csv
2980,0,0,0,1i.csv
2980,0,0,0,1j.csv
2980,0,0,0,1k.csv
2980,1,1,0,1l.csv
2980,0,0,0,1m.csv
2980,1,1,0,2a.csv
2980,0,0,0,2b.csv
2980,1,0,1,2c.csv
2980,0,0,0,2d.csv
2980,0,0,0,2e.csv
2980,1,1,0,2f.csv
2980,0,0,0,2g.csv
2980,0,0,0,2h.csv
2980,0,0,0,2i.csv
2980,0,0,0,2j.csv
2980,0,0,0,2k.csv
2980,2,2,0,2l.csv
2980,11,10,1,3a.csv
2980,3,1,2,3b.csv
2980,0,0,0,3c.csv
2980,0,0,0,3d.csv
2980,3,3,0,3e.csv
2980,1,1,0,3f.csv
2980,2,2,0,3g.csv
2981,4,4,0,1a.csv
2981,5,5,0,1b.csv
2981,1,1,0,1c.csv
2981,1,0,1,1e.csv
2981,1,1,0,1f.csv
2981,1,1,0,1g.csv
2981,0,0,0,1h.csv
2981,0,0,0,1i.csv
2981,0,0,0,1j.csv
2981,0,0,0,1k.csv
2981,1,1,0,1l.csv
2981,0,0,0,1m.csv
2981,1,1,0,2a.csv
2981,0,0,0,2b.csv
2981,1,0,1,2c.csv
2981,0,0,0,2d.csv
2981,0,0,0,2e.csv
2981,2,2,0,2f.csv
2981,0,0,0,2g.csv
2981,0,0,0,2h.csv
2981,0,0,0,2i.csv
2981,0,0,0,2j.csv
2981,0,0,0,2k.csv
2981,1,1,0,2l.csv
2981,11,10,1,3a.csv
2981,3,1,2,3b.csv
2981,0,0,0,3c.csv
2981,0,0,0,3d.csv
2981,3,3,0,3e.csv
2981,1,1,0,3f.csv
2981,3,3,0,3g.csv
2982,5,5,0,1a.csv
2982,5,5,0,1b.csv
2982,1,1,0,1c.csv
2982,1,0,1,1e.csv
2982,1,1,0,1f.csv
2982,1,1,0,1g.csv
2982,0,0,0,1h.csv
2982,0,0,0,1i.csv
2982,0,0,0,1j.csv
2982,0,0,0,1k.csv
2982,1,1,0,1l.csv
2982,0,0,0,1m.csv
2982,1,1,0,2a.csv
2982,0,0,0,2b.csv
2982,1,0,1,2c.csv
2982,0,0,0,2d.csv
2982,0,0,0,2e.csv
2982,2,2,0,2f.csv
2982,0,0,0,2g.csv
2982,0,0,0,2h.csv
2982,0,0,0,2i.csv
2982,0,0,0,2j.csv
2982,0,0,0,2k.csv
2982,1,1,0,2l.csv
2982,9,8,1,3a.csv
2982,3,1,2,3b.csv
2982,0,0,0,3c.csv
2982,0,0,0,3d.csv
2982,2,2,0,3e.csv
2982,1,1,0,3f.csv
2982,3,3,0,3g.csv
2983,5,5,0,1a.csv
2983,5,5,0,1b.csv
2983,1,1,0,1c.csv
2983,1,0,1,1e.csv
2983,1,1,0,1f.csv
2983,0,0,0,1g.csv
2983,0,0,0,1h.csv
2983,0,0,0,1i.csv
2983,0,0,0,1j.csv
2983,0,0,0,1k.csv
2983,1,1,0,1l.csv
2983,0,0,0,1m.csv
2983,1,1,0,2a.csv
2983,0,0,0,2b.csv
2983,1,0,1,2c.csv
2983,0,0,0,2d.csv
2983,0,0,0,2e.csv
2983,2,2,0,2f.csv
2983,0,0,0,2g.csv
2983,0,0,0,2h.csv
2983,0,0,0,2i.csv
2983,0,0,0,2j.csv
2983,0,0,0,2k.csv
2983,0,0,0,2l.csv
2983,11,10,1,3a.csv
2983,3,1,2,3b.csv
2983,0,0,0,3c.csv
2983,0,0,0,3d.csv
2983,1,1,0,3e.csv
2983,1,1,0,3f.csv
2983,4,4,0,3g.csv
2984,3,3,0,1a.csv
2984,6,6,0,1b.csv
2984,0,0,0,1c.csv
2984,1,0,1,1e.csv
2984,0,0,0,1f.csv
2984,0,0,0,1g.csv
2984,0,0,0,1h.csv
2984,0,0,0,1i.csv
2984,0,0,0,1j.csv
2984,0,0,0,1k.csv
2984,1,1,0,1l.csv
2984,0,0,0,1m.csv
2984,1,1,0,2a.csv
2984,0,0,0,2b.csv
2984,1,0,1,2c.csv
2984,0,0,0,2d.csv
2984,0,0,0,2e.csv
2984,2,2,0,2f.csv
2984,0,0,0,2g.csv
2984,0,0,0,2h.csv
2984,0,0,0,2i.csv
2984,0,0,0,2j.csv
2984,0,0,0,2k.csv
2984,0,0,0,2l.csv
2984,13,12,1,3a.csv
2984,2,1,1,3b.csv
2984,1,1,0,3c.csv
2984,1,1,0,3d.csv
2984,1,1,0,3e.csv
2984,2,2,0,3f.csv
2984,3,3,0,3g.csv
2985,3,3,0,1a.csv
2985,5,5,0,1b.csv
2985,0,0,0,1c.csv
2985,1,0,1,1e.csv
2985,0,0,0,1f.csv
2985,0,0,0,1g.csv
2985,0,0,0,1h.csv
2985,0,0,0,1i.csv
2985,0,0,0,1j.csv
2985,0,0,0,1k.csv
2985,1,1,0,1l.csv
2985,0,0,0,1m.csv
2985,1,1,0,2a.csv
2985,0,0,0,2b.csv
2985,1,0,1,2c.csv
2985,0,0,0,2d.csv
2985,0,0,0,2e.csv
2985,2,2,0,2f.csv
2985,0,0,0,2g.csv
2985,0,0,0,2h.csv
2985,0,0,0,2i.csv
2985,0,0,0,2j.csv
2985,0,0,0,2k.csv
2985,0,0,0,2l.csv
2985,13,12,1,3a.csv
2985,3,2,1,3b.csv
2985,1,1,0,3c.csv
2985,1,1,0,3d.csv
2985,0,0,0,3e.csv
2985,2,2,0,3f.csv
2985,3,3,0,3g.csv
2986,3,3,0,1a.csv
2986,5,5,0,1b.csv
2986,0,0,0,1c.csv
2986,0,0,0,1e.csv
2986,0,0,0,1f.csv
2986,0,0,0,1g.csv
2986,0,0,0,1h.csv
2986,0,0,0,1i.csv
2986,0,0,0,1j.csv
2986,0,0,0,1k.csv
2986,0,0,0,1l.csv
2986,0,0,0,1m.csv
2986,0,0,0,2a.csv
2986,0,0,0,2b.csv
2986,1,0,1,2c.csv
2986,0,0,0,2d.csv
2986,0,0,0,2e.csv
2986,1,1,0,2f.csv
2986,0,0,0,2g.csv
2986,0,0,0,2h.csv
2986,0,0,0,2i.csv
2986,0,0,0,2j.csv
2986,0,0,0,2k.csv
2986,0,0,0,2l.csv
2986,12,11,1,3a.csv
2986,3,3,0,3b.csv
2986,1,1,0,3c.csv
2986,1,1,0,3d.csv
2986,2,2,0,3e.csv
2986,1,1,0,3f.csv
2986,4,3,1,3g.csv
2987,2,2,0,1a.csv
2987,5,5,0,1b.csv
2987,0,0,0,1c.csv
2987,1,1,0,1e.csv
2987,0,0,0,1f.csv
2987,0,0,0,1g.csv
2987,0,0,0,1h.csv
2987,0,0,0,1i.csv
2987,0,0,0,1j.csv
2987,0,0,0,1k.csv
2987,0,0,0,1l.csv
2987,0,0,0,1m.csv
2987,0,0,0,2a.csv
2987,0,0,0,2b.csv
2987,1,0,1,2c.csv
2987,0,0,0,2d.csv
2987,0,0,0,2e.csv
2987,1,1,0,2f.csv
2987,0,0,0,2g.csv
2987,0,0,0,2h.csv
2987,0,0,0,2i.csv
2987,0,0,0,2j.csv
2987,0,0,0,2k.csv
2987,0,0,0,2l.csv
2987,13,12,1,3a.csv
2987,2,2,0,3b.csv
2987,1,1,0,3c.csv
2987,1,1,0,3d.csv
2987,2,2,0,3e.csv
2987,2,2,0,3f.csv
2987,4,3,1,3g.csv
2988,1,1,0,1a.csv
2988,5,5,0,1b.csv
2988,0,0,0,1c.csv
2988,1,1,0,1e.csv
2988,0,0,0,1f.csv
2988,0,0,0,1g.csv
2988,0,0,0,1h.csv
2988,0,0,0,1i.csv
2988,0,0,0,1j.csv
2988,0,0,0,1k.csv
2988,0,0,0,1l.csv
2988,0,0,0,1m.csv
2988,0,0,0,2a.csv
2988,0,0,0,2b.csv
2988,0,0,0,2c.csv
2988,0,0,0,2d.csv
2988,0,0,0,2e.csv
2988,1,1,0,2f.csv
2988,0,0,0,2g.csv
2988,0,0,0,2h.csv
2988,0,0,0,2i.csv
2988,0,0,0,2j.csv
2988,0,0,0,2k.csv
2988,0,0,0,2l.csv
2988,11,10,1,3a.csv
2988,4,4,0,3b.csv
2988,2,2,0,3c.csv
2988,2,2,0,3d.csv
2988,2,2,0,3e.csv
2988,2,2,0,3f.csv
2988,3,2,1,3g.csv
2989,2,2,0,1a.csv
2989,4,4,0,1b.csv
2989,1,1,0,1c.csv
2989,1,1,0,1e.csv
2989,0,0,0,1f.csv
2989,0,0,0,1g.csv
2989,1,1,0,1h.csv
2989,0,0,0,1i.csv
2989,0,0,0,1j.csv
2989,0,0,0,1k.csv
2989,0,0,0,1l.csv
2989,0,0,0,1m.csv
2989,0,0,0,2a.csv
2989,0,0,0,2b.csv
2989,0,0,0,2c.csv
2989,0,0,0,2d.csv
2989,0,0,0,2e.csv
2989,1,0,1,2f.csv
2989,0,0,0,2g.csv
2989,0,0,0,2h.csv
2989,1,1,0,2i.csv
2989,0,0,0,2j.csv
2989,0,0,0,2k.csv
2989,0,0,0,2l.csv
2989,10,10,0,3a.csv
2989,4,4,0,3b.csv
2989,2,2,0,3c.csv
2989,2,2,0,3d.csv
2989,2,2,0,3e.csv
2989,2,2,0,3f.csv
2989,2,1,1,3g.csv
2990,2,2,0,1a.csv
2990,4,4,0,1b.csv
2990,1,1,0,1c.csv
2990,1,1,0,1e.csv
2990,0,0,0,1f.csv
2990,0,0,0,1g.csv
2990,1,1,0,1h.csv
2990,0,0,0,1i.csv
2990,0,0,0,1j.csv
2990,0,0,0,1k.csv
2990,0,0,0,1l.csv
2990,0,0,0,1m.csv
2990,0,0,0,2a.csv
2990,0,0,0,2b.csv
2990,0,0,0,2c.csv
2990,0,0,0,2d.csv
2990,0,0,0,2e.csv
2990,1,0,1,2f.csv
2990,0,0,0,2g.csv
2990,0,0,0,2h.csv
2990,1,1,0,2i.csv
2990,0,0,0,2j.csv
2990,0,0,0,2k.csv
2990,0,0,0,2l.csv
2990,9,9,0,3a.csv
2990,5,5,0,3b.csv
2990,2,2,0,3c.csv
2990,2,2,0,3d.csv
2990,3,3,0,3e.csv
2990,2,2,0,3f.csv
2990,3,2,1,3g.csv
2991,3,3,0,1a.csv
2991,3,3,0,1b.csv
2991,1,1,0,1c.csv
2991,2,2,0,1e.csv
2991,0,0,0,1f.csv
2991,0,0,0,1g.csv
2991,1,1,0,1h.csv
2991,0,0,0,1i.csv
2991,0,0,0,1j.csv
2991,0,0,0,1k.csv
2991,0,0,0,1l.csv
2991,0,0,0,1m.csv
2991,0,0,0,2a.csv
2991,0,0,0,2b.csv
2991,0,0,0,2c.csv
2991,0,0,0,2d.csv
2991,0,0,0,2e.csv
2991,1,0,1,2f.csv
2991,0,0,0,2g.csv
2991,0,0,0,2h.csv
2991,1,1,0,2i.csv
2991,0,0,0,2j.csv
2991,0,0,0,2k.csv
2991,0,0,0,2l.csv
2991,8,8,0,3a.csv
2991,5,5,0,3b.csv
2991,3,3,0,3c.csv
2991,3,3,0,3d.csv
2991,3,3,0,3e.csv
2991,2,2,0,3f.csv
2991,2,1,1,3g.csv
2992,3,3,0,1a.csv
2992,3,3,0,1b.csv
2992,1,1,0,1c.csv
2992,2,2,0,1e.csv
2992,0,0,0,1f.csv
2992,0,0,0,1g.csv
2992,3,3,0,1h.csv
2992,0,0,0,1i.csv
2992,0,0,0,1j.csv
2992,0,0,0,1k.csv
2992,1,0,1,1l.csv
2992,1,0,1,1m.csv
2992,0,0,0,2a.csv
2992,0,0,0,2b.csv
2992,0,0,0,2c.csv
2992,0,0,0,2d.csv
2992,0,0,0,2e.csv
2992,1,0,1,2f.csv
2992,0,0,0,2g.csv
2992,0,0,0,2h.csv
2992,1,1,0,2i.csv
2992,0,0,0,2j.csv
2992,0,0,0,2k.csv
2992,1,1,0,2l.csv
2992,7,7,0,3a.csv
2992,5,5,0,3b.csv
2992,2,2,0,3c.csv
2992,2,2,0,3d.csv
2992,3,3,0,3e.csv
2992,1,1,0,3f.csv
2992,3,2,1,3g.csv
2993,3,3,0,1a.csv
2993,3,3,0,1b.csv
2993,1,1,0,1c.csv
2993,2,2,0,1e.csv
2993,0,0,0,1f.csv
2993,0,0,0,1g.csv
2993,3,3,0,1h.csv
2993,0,0,0,1i.csv
2993,1,1,0,1j.csv
2993,0,0,0,1k.csv
2993,1,0,1,1l.csv
2993,1,0,1,1m.csv
2993,0,0,0,2a.csv
2993,0,0,0,2b.csv
2993,0,0,0,2c.csv
2993,0,0,0,2d.csv
2993,0,0,0,2e.csv
2993,1,0,1,2f.csv
2993,0,0,0,2g.csv
2993,0,0,0,2h.csv
2993,1,1,0,2i.csv
2993,0,0,0,2j.csv
2993,0,0,0,2k.csv
2993,1,1,0,2l.csv
2993,9,9,0,3a.csv
2993,4,4,0,3b.csv
2993,2,2,0,3c.csv
2993,2,2,0,3d.csv
2993,3,3,0,3e.csv
2993,2,2,0,3f.csv
2993,4,3,1,3g.csv
2994,3,3,0,1a.csv
2994,6,6,0,1b.csv
2994,1,1,0,1c.csv
2994,2,2,0,1e.csv
2994,0,0,0,1f.csv
2994,0,0,0,1g.csv
2994,3,3,0,1h.csv
2994,0,0,0,1i.csv
2994,1,1,0,1j.csv
2994,0,0,0,1k.csv
2994,1,0,1,1l.csv
2994,1,0,1,1m.csv
2994,0,0,0,2a.csv
2994,0,0,0,2b.csv
2994,0,0,0,2c.csv
2994,0,0,0,2d.csv
2994,0,0,0,2e.csv
2994,1,0,1,2f.csv
2994,0,0,0,2g.csv
2994,0,0,0,2h.csv
2994,1,1,0,2i.csv
2994,0,0,0,2j.csv
2994,0,0,0,2k.csv
2994,1,1,0,2l.csv
2994,10,10,0,3a.csv
2994,3,3,0,3b.csv
2994,2,2,0,3c.csv
2994,2,2,0,3d.csv
2994,1,1,0,3e.csv
2994,3,3,0,3f.csv
2994,3,3,0,3g.csv
2995,3,3,0,1a.csv
2995,8,8,0,1b.csv
2995,2,2,0,1c.csv
2995,1,1,0,1e.csv
2995,0,0,0,1f.csv
2995,0,0,0,1g.csv
2995,3,3,0,1h.csv
2995,0,0,0,1i.csv
2995,1,1,0,1j.csv
2995,0,0,0,1k.csv
2995,1,0,1,1l.csv
2995,1,0,1,1m.csv
2995,0,0,0,2a.csv
2995,0,0,0,2b.csv
2995,0,0,0,2c.csv
2995,0,0,0,2d.csv
2995,0,0,0,2e.csv
2995,1,0,1,2f.csv
2995,0,0,0,2g.csv
2995,0,0,0,2h.csv
2995,1,1,0,2i.csv
2995,0,0,0,2j.csv
2995,0,0,0,2k.csv
2995,1,1,0,2l.csv
2995,9,9,0,3a.csv
2995,3,3,0,3b.csv
2995,2,2,0,3c.csv
2995,2,2,0,3d.csv
2995,1,1,0,3e.csv
2995,2,2,0,3f.csv
2995,3,3,0,3g.csv
2996,4,4,0,1a.csv
2996,6,6,0,1b.csv
2996,2,2,0,1c.csv
2996,1,1,0,1e.csv
2996,0,0,0,1f.csv
2996,0,0,0,1g.csv
2996,3,3,0,1h.csv
2996,0,0,0,1i.csv
2996,1,1,0,1j.csv
2996,0,0,0,1k.csv
2996,1,0,1,1l.csv
2996,1,0,1,1m.csv
2996,0,0,0,2a.csv
2996,1,1,0,2b.csv
2996,0,0,0,2c.csv
2996,0,0,0,2d.csv
2996,0,0,0,2e.csv
2996,1,0,1,2f.csv
2996,0,0,0,2g.csv
2996,0,0,0,2h.csv
2996,1,1,0,2i.csv
2996,0,0,0,2j.csv
2996,0,0,0,2k.csv
2996,1,1,0,2l.csv
2996,15,15,0,3a.csv
2996,1,1,0,3b.csv
2996,1,1,0,3c.csv
2996,1,1,0,3d.csv
2996,2,1,1,3e.csv
2996,3,3,0,3f.csv
2996,3,3,0,3g.csv
2997,3,3,0,1a.csv
2997,7,7,0,1b.csv
2997,1,1,0,1c.csv
2997,1,1,0,1e.csv
2997,0,0,0,1f.csv
2997,0,0,0,1g.csv
2997,2,2,0,1h.csv
2997,0,0,0,1i.csv
2997,1,1,0,1j.csv
2997,0,0,0,1k.csv
2997,1,0,1,1l.csv
2997,1,0,1,1m.csv
2997,0,0,0,2a.csv
2997,1,1,0,2b.csv
2997,0,0,0,2c.csv
2997,0,0,0,2d.csv
2997,0,0,0,2e.csv
2997,1,1,0,2f.csv
2997,0,0,0,2g.csv
2997,0,0,0,2h.csv
2997,0,0,0,2i.csv
2997,0,0,0,2j.csv
2997,0,0,0,2k.csv
2997,1,1,0,2l.csv
2997,18,17,1,3a.csv
2997,1,1,0,3b.csv
2997,1,1,0,3c.csv
2997,1,1,0,3d.csv
2997,3,1,2,3e.csv
2997,3,3,0,3f.csv
2997,4,4,0,3g.csv
2998,2,2,0,1a.csv
2998,8,8,0,1b.csv
2998,1,1,0,1c.csv
2998,1,1,0,1e.csv
2998,0,0,0,1f.csv
2998,1,1,0,1g.csv
2998,2,2,0,1h.csv
2998,0,0,0,1i.csv
2998,1,1,0,1j.csv
2998,0,0,0,1k.csv
2998,1,0,1,1l.csv
2998,1,0,1,1m.csv
2998,0,0,0,2a.csv
2998,1,1,0,2b.csv
2998,0,0,0,2c.csv
2998,0,0,0,2d.csv
2998,0,0,0,2e.csv
2998,2,2,0,2f.csv
2998,0,0,0,2g.csv
2998,0,0,0,2h.csv
2998,0,0,0,2i.csv
2998,0,0,0,2j.csv
2998,0,0,0,2k.csv
2998,1,1,0,2l.csv
2998,21,20,1,3a.csv
2998,0,0,0,3b.csv
2998,1,1,0,3c.csv
2998,1,1,0,3d.csv
2998,2,0,2,3e.csv
2998,3,3,0,3f.csv
2998,4,4,0,3g.csv
2999,1,1,0,1a.csv
2999,8,8,0,1b.csv
2999,1,1,0,1c.csv
2999,0,0,0,1e.csv
2999,0,0,0,1f.csv
2999,1,1,0,1g.csv
2999,2,2,0,1h.csv
2999,0,0,0,1i.csv
2999,1,1,0,1j.csv
2999,0,0,0,1k.csv
2999,1,0,1,1l.csv
2999,1,0,1,1m.csv
2999,0,0,0,2a.csv
2999,1,1,0,2b.csv
2999,0,0,0,2c.csv
2999,0,0,0,2d.csv
2999,1,1,0,2e.csv
2999,2,2,0,2f.csv
2999,0,0,0,2g.csv
2999,0,0,0,2h.csv
2999,0,0,0,2i.csv
2999,0,0,0,2j.csv
2999,0,0,0,2k.csv
2999,1,1,0,2l.csv
2999,23,22,1,3a.csv
2999,0,0,0,3b.csv
2999,0,0,0,3c.csv
2999,0,0,0,3d.csv
2999,2,0,2,3e.csv
2999,3,3,0,3f.csv
2999,8,8,0,3g.csv
3000,1,1,0,1a.csv
3000,8,8,0,1b.csv
3000,1,1,0,1c.csv
3000,1,1,0,1e.csv
3000,0,0,0,1f.csv
3000,1,1,0,1g.csv
3000,0,0,0,1h.csv
3000,0,0,0,1i.csv
3000,1,1,0,1j.csv
3000,0,0,0,1k.csv
3000,0,0,0,1l.csv
3000,0,0,0,1m.csv
3000,0,0,0,2a.csv
3000,1,1,0,2b.csv
3000,0,0,0,2c.csv
3000,0,0,0,2d.csv
3000,1,1,0,2e.csv
3000,2,2,0,2f.csv
3000,0,0,0,2g.csv
3000,0,0,0,2h.csv
3000,0,0,0,2i.csv
3000,0,0,0,2j.csv
3000,0,0,0,2k.csv
3000,0,0,0,2l.csv
3000,22,21,1,3a.csv
3000,0,0,0,3b.csv
3000,1,1,0,3c.csv
3000,1,1,0,3d.csv
3000,2,0,2,3e.csv
3000,4,4,0,3f.csv
3000,7,7,0,3g.csv
3001,2,1,1,1a.csv
3001,10,10,0,1b.csv
3001,1,1,0,1c.csv
3001,1,1,0,1e.csv
3001,0,0,0,1f.csv
3001,1,1,0,1g.csv
3001,0,0,0,1h.csv
3001,0,0,0,1i.csv
3001,0,0,0,1j.csv
3001,0,0,0,1k.csv
3001,0,0,0,1l.csv
3001,0,0,0,1m.csv
3001,0,0,0,2a.csv
3001,1,1,0,2b.csv
3001,0,0,0,2c.csv
3001,0,0,0,2d.csv
3001,1,1,0,2e.csv
3001,2,2,0,2f.csv
3001,0,0,0,2g.csv
3001,0,0,0,2h.csv
3001,0,0,0,2i.csv
3001,0,0,0,2j.csv
3001,0,0,0,2k.csv
3001,1,1,0,2l.csv
3001,24,23,1,3a.csv
3001,1,0,1,3b.csv
3001,3,3,0,3c.csv
3001,3,3,0,3d.csv
3001,3,1,2,3e.csv
3001,3,3,0,3f.csv
3001,6,6,0,3g.csv
3002,3,2,1,1a.csv
3002,7,7,0,1b.csv
3002,2,2,0,1c.csv
3002,1,1,0,1e.csv
3002,1,1,0,1f.csv
3002,2,2,0,1g.csv
3002,0,0,0,1h.csv
3002,1,0,1,1i.csv
3002,0,0,0,1j.csv
3002,0,0,0,1k.csv
3002,0,0,0,1l.csv
3002,0,0,0,1m.csv
3002,0,0,0,2a.csv
3002,1,1,0,2b.csv
3002,0,0,0,2c.csv
3002,0,0,0,2d.csv
3002,1,1,0,2e.csv
3002,2,2,0,2f.csv
3002,0,0,0,2g.csv
3002,0,0,0,2h.csv
3002,0,0,0,2i.csv
3002,0,0,0,2j.csv
3002,1,1,0,2k.csv
3002,1,1,0,2l.csv
3002,22,21,1,3a.csv
3002,1,0,1,3b.csv
3002,3,3,0,3c.csv
3002,3,3,0,3d.csv
3002,3,1,2,3e.csv
3002,2,2,0,3f.csv
3002,6,6,0,3g.csv
3003,3,2,1,1a.csv
3003,5,5,0,1b.csv
3003,1,1,0,1c.csv
3003,1,1,0,1e.csv
3003,1,1,0,1f.csv
3003,2,2,0,1g.csv
3003,0,0,0,1h.csv
3003,1,0,1,1i.csv
3003,0,0,0,1j.csv
3003,0,0,0,1k.csv
3003,0,0,0,1l.csv
3003,0,0,0,1m.csv
3003,0,0,0,2a.csv
3003,1,1,0,2b.csv
3003,0,0,0,2c.csv
3003,0,0,0,2d.csv
3003,1,1,0,2e.csv
3003,2,2,0,2f.csv
3003,0,0,0,2g.csv
3003,0,0,0,2h.csv
3003,0,0,0,2i.csv
3003,0,0,0,2j.csv
3003,1,1,0,2k.csv
3003,1,1,0,2l.csv
3003,21,20,1,3a.csv
3003,1,0,1,3b.csv
3003,3,3,0,3c.csv
3003,3,3,0,3d.csv
3003,3,1,2,3e.csv
3003,3,2,1,3f.csv
3003,7,7,0,3g.csv
3004,2,1,1,1a.csv
3004,5,5,0,1b.csv
3004,1,1,0,1c.csv
3004,1,1,0,1e.csv
3004,1,1,0,1f.csv
3004,2,2,0,1g.csv
3004,0,0,0,1h.csv
3004,1,0,1,1i.csv
3004,0,0,0,1j.csv
3004,0,0,0,1k.csv
3004,0,0,0,1l.csv
3004,1,0,1,1m.csv
3004,0,0,0,2a.csv
3004,0,0,0,2b.csv
3004,0,0,0,2c.csv
3004,0,0,0,2d.csv
3004,1,1,0,2e.csv
3004,2,2,0,2f.csv
3004,0,0,0,2g.csv
3004,0,0,0,2h.csv
3004,0,0,0,2i.csv
3004,0,0,0,2j.csv
3004,1,1,0,2k.csv
3004,2,2,0,2l.csv
3004,17,16,1,3a.csv
3004,1,0,1,3b.csv
3004,4,4,0,3c.csv
3004,4,4,0,3d.csv
3004,3,2,1,3e.csv
3004,3,2,1,3f.csv
3004,7,7,0,3g.csv
3005,3,2,1,1a.csv
3005,4,4,0,1b.csv
3005,1,1,0,1c.csv
3005,2,2,0,1e.csv
3005,1,1,0,1f.csv
3005,2,2,0,1g.csv
3005,0,0,0,1h.csv
3005,1,0,1,1i.csv
3005,0,0,0,1j.csv
3005,0,0,0,1k.csv
3005,1,1,0,1l.csv
3005,1,0,1,1m.csv
3005,0,0,0,2a.csv
3005,0,0,0,2b.csv
3005,0,0,0,2c.csv
3005,0,0,0,2d.csv
3005,1,1,0,2e.csv
3005,1,1,0,2f.csv
3005,0,0,0,2g.csv
3005,0,0,0,2h.csv
3005,0,0,0,2i.csv
3005,0,0,0,2j.csv
3005,1,1,0,2k.csv
3005,2,2,0,2l.csv
3005,14,14,0,3a.csv
3005,1,0,1,3b.csv
3005,4,4,0,3c.csv
3005,4,4,0,3d.csv
3005,4,4,0,3e.csv
3005,5,4,1,3f.csv
3005,6,6,0,3g.csv
3006,3,2,1,1a.csv
3006,6,6,0,1b.csv
3006,1,1,0,1c.csv
3006,2,2,0,1e.csv
3006,1,1,0,1f.csv
3006,1,1,0,1g.csv
3006,0,0,0,1h.csv
3006,1,0,1,1i.csv
3006,0,0,0,1j.csv
3006,0,0,0,1k.csv
3006,1,1,0,1l.csv
3006,1,0,1,1m.csv
3006,0,0,0,2a.csv
3006,0,0,0,2b.csv
3006,0,0,0,2c.csv
3006,0,0,0,2d.csv
3006,1,1,0,2e.csv
3006,0,0,0,2f.csv
3006,0,0,0,2g.csv
3006,0,0,0,2h.csv
3006,0,0,0,2i.csv
3006,1,1,0,2j.csv
3006,1,1,0,2k.csv
3006,2,2,0,2l.csv
3006,11,11,0,3a.csv
3006,2,1,1,3b.csv
3006,4,4,0,3c.csv
3006,4,4,0,3d.csv
3006,4,4,0,3e.csv
3006,8,7,1,3f.csv
3006,5,5,0,3g.csv
3007,3,2,1,1a.csv
3007,7,7,0,1b.csv
3007,1,1,0,1c.csv
3007,2,2,0,1e.csv
3007,1,1,0,1f.csv
3007,1,1,0,1g.csv
3007,1,1,0,1h.csv
3007,1,0,1,1i.csv
3007,0,0,0,1j.csv
3007,0,0,0,1k.csv
3007,1,1,0,1l.csv
3007,1,0,1,1m.csv
3007,0,0,0,2a.csv
3007,0,0,0,2b.csv
3007,0,0,0,2c.csv
3007,0,0,0,2d.csv
3007,0,0,0,2e.csv
3007,0,0,0,2f.csv
3007,0,0,0,2g.csv
3007,0,0,0,2h.csv
3007,0,0,0,2i.csv
3007,1,1,0,2j.csv
3007,1,1,0,2k.csv
3007,2,2,0,2l.csv
3007,13,13,0,3a.csv
3007,2,1,1,3b.csv
3007,4,4,0,3c.csv
3007,4,4,0,3d.csv
3007,4,4,0,3e.csv
3007,8,7,1,3f.csv
3007,2,2,0,3g.csv
3008,3,2,1,1a.csv
3008,8,8,0,1b.csv
3008,1,1,0,1c.csv
3008,1,1,0,1e.csv
3008,1,1,0,1f.csv
3008,1,1,0,1g.csv
3008,1,1,0,1h.csv
3008,1,0,1,1i.csv
3008,0,0,0,1j.csv
3008,0,0,0,1k.csv
3008,2,2,0,1l.csv
3008,1,0,1,1m.csv
3008,0,0,0,2a.csv
3008,0,0,0,2b.csv
3008,0,0,0,2c.csv
3008,0,0,0,2d.csv
3008,0,0,0,2e.csv
3008,0,0,0,2f.csv
3008,0,0,0,2g.csv
3008,0,0,0,2h.csv
3008,0,0,0,2i.csv
3008,1,1,0,2j.csv
3008,1,1,0,2k.csv
3008,2,2,0,2l.csv
3008,13,13,0,3a.csv
3008,2,1,1,3b.csv
3008,3,3,0,3c.csv
3008,3,3,0,3d.csv
3008,4,4,0,3e.csv
3008,8,6,2,3f.csv
3008,3,3,0,3g.csv
3009,3,2,1,1a.csv
3009,6,6,0,1b.csv
3009,1,1,0,1c.csv
3009,1,1,0,1e.csv
3009,1,1,0,1f.csv
3009,1,1,0,1g.csv
3009,1,1,0,1h.csv
3009,1,0,1,1i.csv
3009,0,0,0,1j.csv
3009,0,0,0,1k.csv
3009,2,2,0,1l.csv
3009,2,0,2,1m.csv
3009,0,0,0,2a.csv
3009,0,0,0,2b.csv
3009,0,0,0,2c.csv
3009,0,0,0,2d.csv
3009,0,0,0,2e.csv
3009,0,0,0,2f.csv
3009,0,0,0,2g.csv
3009,0,0,0,2h.csv
3009,0,0,0,2i.csv
3009,1,1,0,2j.csv
3009,1,1,0,2k.csv
3009,1,1,0,2l.csv
3009,9,9,0,3a.csv
3009,3,2,1,3b.csv
3009,1,1,0,3c.csv
3009,1,1,0,3d.csv
3009,3,3,0,3e.csv
3009,8,6,2,3f.csv
3009,3,3,0,3g.csv
3010,2,1,1,1a.csv
3010,8,7,1,1b.csv
3010,0,0,0,1c.csv
3010,1,1,0,1e.csv
3010,0,0,0,1f.csv
3010,0,0,0,1g.csv
3010,1,1,0,1h.csv
3010,0,0,0,1i.csv
3010,0,0,0,1j.csv
3010,0,0,0,1k.csv
3010,2,2,0,1l.csv
3010,2,0,2,1m.csv
3010,0,0,0,2a.csv
3010,0,0,0,2b.csv
3010,0,0,0,2c.csv
3010,0,0,0,2d.csv
3010,0,0,0,2e.csv
3010,0,0,0,2f.csv
3010,0,0,0,2g.csv
3010,0,0,0,2h.csv
3010,0,0,0,2i.csv
3010,1,1,0,2j.csv
3010,0,0,0,2k.csv
3010,1,1,0,2l.csv
3010,9,9,0,3a.csv
3010,3,2,1,3b.csv
3010,1,1,0,3c.csv
3010,1,1,0,3d.csv
3010,3,3,0,3e.csv
3010,8,6,2,3f.csv
3010,4,4,0,3g.csv
3011,2,1,1,1a.csv
3011,12,11,1,1b.csv
3011,0,0,0,1c.csv
3011,1,1,0,1e.csv
3011,1,1,0,1f.csv
3011,0,0,0,1g.csv
3011,1,1,0,1h.csv
3011,0,0,0,1i.csv
3011,0,0,0,1j.csv
3011,0,0,0,1k.csv
3011,2,2,0,1l.csv
3011,2,0,2,1m.csv
3011,0,0,0,2a.csv
3011,0,0,0,2b.csv
3011,0,0,0,2c.csv
3011,0,0,0,2d.csv
3011,0,0,0,2e.csv
3011,0,0,0,2f.csv
3011,0,0,0,2g.csv
3011,0,0,0,2h.csv
3011,0,0,0,2i.csv
3011,1,1,0,2j.csv
3011,0,0,0,2k.csv
3011,1,1,0,2l.csv
3011,10,10,0,3a.csv
3011,4,3,1,3b.csv
3011,2,2,0,3c.csv
3011,2,2,0,3d.csv
3011,3,3,0,3e.csv
3011,9,8,1,3f.csv
3011,4,4,0,3g.csv
3012,3,2,1,1a.csv
3012,13,12,1,1b.csv
3012,0,0,0,1c.csv
3012,1,1,0,1e.csv
3012,1,1,0,1f.csv
3012,0,0,0,1g.csv
3012,1,1,0,1h.csv
3012,0,0,0,1i.csv
3012,0,0,0,1j.csv
3012,0,0,0,1k.csv
3012,2,2,0,1l.csv
3012,1,0,1,1m.csv
3012,0,0,0,2a.csv
3012,0,0,0,2b.csv
3012,0,0,0,2c.csv
3012,0,0,0,2d.csv
3012,0,0,0,2e.csv
3012,0,0,0,2f.csv
3012,0,0,0,2g.csv
3012,0,0,0,2h.csv
3012,0,0,0,2i.csv
3012,1,1,0,2j.csv
3012,0,0,0,2k.csv
3012,0,0,0,2l.csv
3012,8,8,0,3a.csv
3012,4,3,1,3b.csv
3012,2,2,0,3c.csv
3012,2,2,0,3d.csv
3012,3,3,0,3e.csv
3012,9,8,1,3f.csv
3012,4,4,0,3g.csv
3013,3,2,1,1a.csv
3013,15,14,1,1b.csv
3013,0,0,0,1c.csv
3013,0,0,0,1e.csv
3013,1,1,0,1f.csv
3013,0,0,0,1g.csv
3013,1,1,0,1h.csv
3013,0,0,0,1i.csv
3013,0,0,0,1j.csv
3013,0,0,0,1k.csv
3013,1,1,0,1l.csv
3013,1,0,1,1m.csv
3013,0,0,0,2a.csv
3013,0,0,0,2b.csv
3013,0,0,0,2c.csv
3013,0,0,0,2d.csv
3013,0,0,0,2e.csv
3013,0,0,0,2f.csv
3013,0,0,0,2g.csv
3013,0,0,0,2h.csv
3013,0,0,0,2i.csv
3013,1,1,0,2j.csv
3013,0,0,0,2k.csv
3013,0,0,0,2l.csv
3013,9,8,1,3a.csv
3013,4,3,1,3b.csv
3013,4,4,0,3c.csv
3013,4,4,0,3d.csv
3013,2,2,0,3e.csv
3013,7,6,1,3f.csv
3013,5,5,0,3g.csv
3014,4,3,1,1a.csv
3014,12,11,1,1b.csv
3014,0,0,0,1c.csv
3014,0,0,0,1e.csv
3014,1,1,0,1f.csv
3014,0,0,0,1g.csv
3014,1,1,0,1h.csv
3014,0,0,0,1i.csv
3014,1,1,0,1j.csv
3014,0,0,0,1k.csv
3014,1,1,0,1l.csv
3014,1,0,1,1m.csv
3014,0,0,0,2a.csv
3014,0,0,0,2b.csv
3014,1,1,0,2c.csv
3014,0,0,0,2d.csv
3014,0,0,0,2e.csv
3014,0,0,0,2f.csv
3014,0,0,0,2g.csv
3014,0,0,0,2h.csv
3014,0,0,0,2i.csv
3014,0,0,0,2j.csv
3014,0,0,0,2k.csv
3014,0,0,0,2l.csv
3014,9,8,1,3a.csv
3014,3,2,1,3b.csv
3014,4,4,0,3c.csv
3014,4,4,0,3d.csv
3014,3,3,0,3e.csv
3014,5,4,1,3f.csv
3014,5,5,0,3g.csv
3015,6,5,1,1a.csv
3015,11,10,1,1b.csv
3015,0,0,0,1c.csv
3015,0,0,0,1e.csv
3015,1,1,0,1f.csv
3015,0,0,0,1g.csv
3015,0,0,0,1h.csv
3015,0,0,0,1i.csv
3015,1,1,0,1j.csv
3015,0,0,0,1k.csv
3015,1,1,0,1l.csv
3015,1,0,1,1m.csv
3015,0,0,0,2a.csv
3015,0,0,0,2b.csv
3015,1,1,0,2c.csv
3015,0,0,0,2d.csv
3015,0,0,0,2e.csv
3015,0,0,0,2f.csv
3015,0,0,0,2g.csv
3015,0,0,0,2h.csv
3015,0,0,0,2i.csv
3015,0,0,0,2j.csv
3015,0,0,0,2k.csv
3015,0,0,0,2l.csv
3015,4,3,1,3a.csv
3015,5,3,2,3b.csv
3015,6,6,0,3c.csv
3015,6,6,0,3d.csv
3015,3,3,0,3e.csv
3015,6,5,1,3f.csv
3015,5,5,0,3g.csv
3016,6,5,1,1a.csv
3016,9,8,1,1b.csv
3016,0,0,0,1c.csv
3016,0,0,0,1e.csv
3016,1,1,0,1f.csv
3016,0,0,0,1g.csv
3016,0,0,0,1h.csv
3016,0,0,0,1i.csv
3016,1,1,0,1j.csv
3016,0,0,0,1k.csv
3016,0,0,0,1l.csv
3016,1,0,1,1m.csv
3016,0,0,0,2a.csv
3016,0,0,0,2b.csv
3016,1,1,0,2c.csv
3016,0,0,0,2d.csv
3016,0,0,0,2e.csv
3016,0,0,0,2f.csv
3016,0,0,0,2g.csv
3016,0,0,0,2h.csv
3016,0,0,0,2i.csv
3016,0,0,0,2j.csv
3016,0,0,0,2k.csv
3016,1,1,0,2l.csv
3016,4,3,1,3a.csv
3016,6,4,2,3b.csv
3016,7,6,1,3c.csv
3016,7,6,1,3d.csv
3016,3,3,0,3e.csv
3016,5,5,0,3f.csv
3016,5,4,1,3g.csv
3017,5,5,0,1a.csv
3017,9,8,1,1b.csv
3017,0,0,0,1c.csv
3017,0,0,0,1e.csv
3017,1,1,0,1f.csv
3017,0,0,0,1g.csv
3017,0,0,0,1h.csv
3017,0,0,0,1i.csv
3017,1,1,0,1j.csv
3017,0,0,0,1k.csv
3017,0,0,0,1l.csv
3017,0,0,0,1m.csv
3017,0,0,0,2a.csv
3017,0,0,0,2b.csv
3017,1,1,0,2c.csv
3017,0,0,0,2d.csv
3017,0,0,0,2e.csv
3017,0,0,0,2f.csv
3017,0,0,0,2g.csv
3017,1,1,0,2h.csv
3017,0,0,0,2i.csv
3017,0,0,0,2j.csv
3017,0,0,0,2k.csv
3017,1,1,0,2l.csv
3017,4,3,1,3a.csv
3017,4,3,1,3b.csv
3017,7,6,1,3c.csv
3017,7,6,1,3d.csv
3017,3,3,0,3e.csv
3017,6,5,1,3f.csv
3017,7,6,1,3g.csv
3018,6,6,0,1a.csv
3018,7,7,0,1b.csv
3018,0,0,0,1c.csv
3018,0,0,0,1e.csv
3018,1,1,0,1f.csv
3018,0,0,0,1g.csv
3018,0,0,0,1h.csv
3018,0,0,0,1i.csv
3018,1,1,0,1j.csv
3018,0,0,0,1k.csv
3018,0,0,0,1l.csv
3018,0,0,0,1m.csv
3018,1,1,0,2a.csv
3018,0,0,0,2b.csv
3018,1,1,0,2c.csv
3018,0,0,0,2d.csv
3018,0,0,0,2e.csv
3018,0,0,0,2f.csv
3018,0,0,0,2g.csv
3018,1,1,0,2h.csv
3018,0,0,0,2i.csv
3018,0,0,0,2j.csv
3018,0,0,0,2k.csv
3018,1,1,0,2l.csv
3018,4,3,1,3a.csv
3018,4,3,1,3b.csv
3018,10,9,1,3c.csv
3018,10,9,1,3d.csv
3018,3,3,0,3e.csv
3018,7,6,1,3f.csv
3018,6,5,1,3g.csv
3019,7,7,0,1a.csv
3019,5,5,0,1b.csv
3019,0,0,0,1c.csv
3019,0,0,0,1e.csv
3019,0,0,0,1f.csv
3019,0,0,0,1g.csv
3019,0,0,0,1h.csv
3019,0,0,0,1i.csv
3019,1,1,0,1j.csv
3019,0,0,0,1k.csv
3019,0,0,0,1l.csv
3019,0,0,0,1m.csv
3019,1,1,0,2a.csv
3019,0,0,0,2b.csv
3019,1,1,0,2c.csv
3019,0,0,0,2d.csv
3019,0,0,0,2e.csv
3019,0,0,0,2f.csv
3019,0,0,0,2g.csv
3019,1,1,0,2h.csv
3019,0,0,0,2i.csv
3019,0,0,0,2j.csv
3019,0,0,0,2k.csv
3019,1,1,0,2l.csv
3019,3,2,1,3a.csv
3019,4,3,1,3b.csv
3019,9,8,1,3c.csv
3019,9,8,1,3d.csv
3019,3,3,0,3e.csv
3019,6,5,1,3f.csv
3019,6,4,2,3g.csv
3020,6,6,0,1a.csv
3020,4,4,0,1b.csv
3020,0,0,0,1c.csv
3020,0,0,0,1e.csv
3020,0,0,0,1f.csv
3020,1,1,0,1g.csv
3020,0,0,0,1h.csv
3020,0,0,0,1i.csv
3020,1,1,0,1j.csv
3020,0,0,0,1k.csv
3020,0,0,0,1l.csv
3020,0,0,0,1m.csv
3020,1,1,0,2a.csv
3020,0,0,0,2b.csv
3020,1,1,0,2c.csv
3020,0,0,0,2d.csv
3020,0,0,0,2e.csv
3020,0,0,0,2f.csv
3020,0,0,0,2g.csv
3020,1,1,0,2h.csv
3020,0,0,0,2i.csv
3020,0,0,0,2j.csv
3020,0,0,0,2k.csv
3020,1,1,0,2l.csv
3020,3,2,1,3a.csv
3020,5,4,1,3b.csv
3020,10,9,1,3c.csv
3020,10,9,1,3d.csv
3020,2,2,0,3e.csv
3020,5,4,1,3f.csv
3020,7,5,2,3g.csv
3021,5,5,0,1a.csv
3021,3,3,0,1b.csv
3021,0,0,0,1c.csv
3021,0,0,0,1e.csv
3021,0,0,0,1f.csv
3021,1,1,0,1g.csv
3021,0,0,0,1h.csv
3021,0,0,0,1i.csv
3021,1,1,0,1j.csv
3021,0,0,0,1k.csv
3021,0,0,0,1l.csv
3021,0,0,0,1m.csv
3021,1,1,0,2a.csv
3021,0,0,0,2b.csv
3021,1,1,0,2c.csv
3021,0,0,0,2d.csv
3021,0,0,0,2e.csv
3021,0,0,0,2f.csv
3021,0,0,0,2g.csv
3021,1,1,0,2h.csv
3021,0,0,0,2i.csv
3021,0,0,0,2j.csv
3021,0,0,0,2k.csv
3021,1,1,0,2l.csv
3021,1,1,0,3a.csv
3021,6,4,2,3b.csv
3021,9,8,1,3c.csv
3021,9,8,1,3d.csv
3021,2,2,0,3e.csv
3021,5,4,1,3f.csv
3021,6,4,2,3g.csv
3022,4,4,0,1a.csv
3022,5,5,0,1b.csv
3022,1,1,0,1c.csv
3022,0,0,0,1e.csv
3022,0,0,0,1f.csv
3022,1,1,0,1g.csv
3022,0,0,0,1h.csv
3022,0,0,0,1i.csv
3022,0,0,0,1j.csv
3022,0,0,0,1k.csv
3022,0,0,0,1l.csv
3022,0,0,0,1m.csv
3022,1,1,0,2a.csv
3022,0,0,0,2b.csv
3022,0,0,0,2c.csv
3022,0,0,0,2d.csv
3022,0,0,0,2e.csv
3022,0,0,0,2f.csv
3022,0,0,0,2g.csv
3022,1,1,0,2h.csv
3022,0,0,0,2i.csv
3022,0,0,0,2j.csv
3022,0,0,0,2k.csv
3022,1,1,0,2l.csv
3022,2,2,0,3a.csv
3022,7,4,3,3b.csv
3022,9,8,1,3c.csv
3022,9,8,1,3d.csv
3022,1,1,0,3e.csv
3022,5,4,1,3f.csv
3022,6,4,2,3g.csv
3023,2,2,0,1a.csv
3023,5,5,0,1b.csv
3023,1,1,0,1c.csv
3023,0,0,0,1e.csv
3023,1,1,0,1f.csv
3023,1,1,0,1g.csv
3023,0,0,0,1h.csv
3023,0,0,0,1i.csv
3023,0,0,0,1j.csv
3023,0,0,0,1k.csv
3023,0,0,0,1l.csv
3023,0,0,0,1m.csv
3023,1,1,0,2a.csv
3023,0,0,0,2b.csv
3023,0,0,0,2c.csv
3023,0,0,0,2d.csv
3023,0,0,0,2e.csv
3023,1,1,0,2f.csv
3023,0,0,0,2g.csv
3023,1,1,0,2h.csv
3023,0,0,0,2i.csv
3023,0,0,0,2j.csv
3023,0,0,0,2k.csv
3023,1,1,0,2l.csv
3023,3,3,0,3a.csv
3023,6,4,2,3b.csv
3023,9,8,1,3c.csv
3023,9,8,1,3d.csv
3023,1,1,0,3e.csv
3023,4,3,1,3f.csv
3023,5,3,2,3g.csv
3024,2,2,0,1a.csv
3024,5,5,0,1b.csv
3024,1,1,0,1c.csv
3024,0,0,0,1e.csv
3024,1,1,0,1f.csv
3024,1,1,0,1g.csv
3024,0,0,0,1h.csv
3024,0,0,0,1i.csv
3024,0,0,0,1j.csv
3024,0,0,0,1k.csv
3024,0,0,0,1l.csv
3024,0,0,0,1m.csv
3024,2,2,0,2a.csv
3024,0,0,0,2b.csv
3024,0,0,0,2c.csv
3024,0,0,0,2d.csv
3024,0,0,0,2e.csv
3024,2,2,0,2f.csv
3024,0,0,0,2g.csv
3024,1,1,0,2h.csv
3024,0,0,0,2i.csv
3024,0,0,0,2j.csv
3024,0,0,0,2k.csv
3024,0,0,0,2l.csv
3024,3,3,0,3a.csv
3024,5,3,2,3b.csv
3024,9,9,0,3c.csv
3024,9,9,0,3d.csv
3024,2,2,0,3e.csv
3024,4,3,1,3f.csv
3024,5,3,2,3g.csv
3025,2,2,0,1a.csv
3025,7,7,0,1b.csv
3025,1,1,0,1c.csv
3025,0,0,0,1e.csv
3025,1,1,0,1f.csv
3025,1,1,0,1g.csv
3025,0,0,0,1h.csv
3025,0,0,0,1i.csv
3025,0,0,0,1j.csv
3025,0,0,0,1k.csv
3025,0,0,0,1l.csv
3025,1,0,1,1m.csv
3025,2,2,0,2a.csv
3025,0,0,0,2b.csv
3025,0,0,0,2c.csv
3025,0,0,0,2d.csv
3025,0,0,0,2e.csv
3025,3,3,0,2f.csv
3025,0,0,0,2g.csv
3025,0,0,0,2h.csv
3025,0,0,0,2i.csv
3025,0,0,0,2j.csv
3025,0,0,0,2k.csv
3025,0,0,0,2l.csv
3025,3,3,0,3a.csv
3025,6,3,3,3b.csv
3025,12,11,1,3c.csv
3025,12,11,1,3d.csv
3025,2,2,0,3e.csv
3025,3,3,0,3f.csv
3025,3,1,2,3g.csv
3026,1,1,0,1a.csv
3026,7,7,0,1b.csv
3026,1,1,0,1c.csv
3026,0,0,0,1e.csv
3026,1,1,0,1f.csv
3026,1,1,0,1g.csv
3026,0,0,0,1h.csv
3026,0,0,0,1i.csv
3026,0,0,0,1j.csv
3026,0,0,0,1k.csv
3026,0,0,0,1l.csv
3026,1,0,1,1m.csv
3026,1,1,0,2a.csv
3026,1,1,0,2b.csv
3026,0,0,0,2c.csv
3026,0,0,0,2d.csv
3026,0,0,0,2e.csv
3026,3,3,0,2f.csv
3026,0,0,0,2g.csv
3026,0,0,0,2h.csv
3026,0,0,0,2i.csv
3026,0,0,0,2j.csv
3026,0,0,0,2k.csv
3026,0,0,0,2l.csv
3026,3,3,0,3a.csv
3026,6,3,3,3b.csv
3026,15,14,1,3c.csv
3026,15,14,1,3d.csv
3026,3,3,0,3e.csv
3026,3,2,1,3f.csv
3026,3,1,2,3g.csv
3027,0,0,0,1a.csv
3027,6,6,0,1b.csv
3027,1,1,0,1c.csv
3027,0,0,0,1e.csv
3027,1,1,0,1f.csv
3027,1,1,0,1g.csv
3027,0,0,0,1h.csv
3027,0,0,0,1i.csv
3027,0,0,0,1j.csv
3027,0,0,0,1k.csv
3027,0,0,0,1l.csv
3027,1,0,1,1m.csv
3027,1,1,0,2a.csv
3027,1,1,0,2b.csv
3027,0,0,0,2c.csv
3027,0,0,0,2d.csv
3027,0,0,0,2e.csv
3027,3,3,0,2f.csv
3027,0,0,0,2g.csv
3027,0,0,0,2h.csv
3027,0,0,0,2i.csv
3027,0,0,0,2j.csv
3027,0,0,0,2k.csv
3027,0,0,0,2l.csv
3027,4,4,0,3a.csv
3027,7,4,3,3b.csv
3027,16,15,1,3c.csv
3027,16,15,1,3d.csv
3027,3,3,0,3e.csv
3027,2,1,1,3f.csv
3027,2,1,1,3g.csv
3028,0,0,0,1a.csv
3028,8,7,1,1b.csv
3028,1,1,0,1c.csv
3028,0,0,0,1e.csv
3028,1,1,0,1f.csv
3028,0,0,0,1g.csv
3028,1,1,0,1h.csv
3028,0,0,0,1i.csv
3028,0,0,0,1j.csv
3028,0,0,0,1k.csv
3028,0,0,0,1l.csv
3028,1,0,1,1m.csv
3028,1,1,0,2a.csv
3028,2,2,0,2b.csv
3028,0,0,0,2c.csv
3028,0,0,0,2d.csv
3028,0,0,0,2e.csv
3028,3,3,0,2f.csv
3028,0,0,0,2g.csv
3028,0,0,0,2h.csv
3028,0,0,0,2i.csv
3028,0,0,0,2j.csv
3028,0,0,0,2k.csv
3028,0,0,0,2l.csv
3028,5,5,0,3a.csv
3028,7,3,4,3b.csv
3028,15,14,1,3c.csv
3028,15,14,1,3d.csv
3028,3,3,0,3e.csv
3028,2,1,1,3f.csv
3028,1,0,1,3g.csv
3029,0,0,0,1a.csv
3029,7,6,1,1b.csv
3029,1,1,0,1c.csv
3029,1,1,0,1e.csv
3029,1,1,0,1f.csv
3029,0,0,0,1g.csv
3029,1,1,0,1h.csv
3029,0,0,0,1i.csv
3029,0,0,0,1j.csv
3029,0,0,0,1k.csv
3029,0,0,0,1l.csv
3029,1,0,1,1m.csv
3029,2,2,0,2a.csv
3029,2,2,0,2b.csv
3029,0,0,0,2c.csv
3029,0,0,0,2d.csv
3029,0,0,0,2e.csv
3029,3,3,0,2f.csv
3029,0,0,0,2g.csv
3029,0,0,0,2h.csv
3029,0,0,0,2i.csv
3029,0,0,0,2j.csv
3029,0,0,0,2k.csv
3029,0,0,0,2l.csv
3029,5,5,0,3a.csv
3029,7,4,3,3b.csv
3029,16,15,1,3c.csv
3029,16,15,1,3d.csv
3029,2,2,0,3e.csv
3029,2,1,1,3f.csv
3029,2,1,1,3g.csv
3030,0,0,0,1a.csv
3030,6,5,1,1b.csv
3030,0,0,0,1c.csv
3030,1,1,0,1e.csv
3030,1,1,0,1f.csv
3030,0,0,0,1g.csv
3030,1,1,0,1h.csv
3030,0,0,0,1i.csv
3030,0,0,0,1j.csv
3030,0,0,0,1k.csv
3030,0,0,0,1l.csv
3030,1,0,1,1m.csv
3030,2,2,0,2a.csv
3030,2,2,0,2b.csv
3030,0,0,0,2c.csv
3030,0,0,0,2d.csv
3030,0,0,0,2e.csv
3030,3,3,0,2f.csv
3030,0,0,0,2g.csv
3030,0,0,0,2h.csv
3030,0,0,0,2i.csv
3030,0,0,0,2j.csv
3030,0,0,0,2k.csv
3030,0,0,0,2l.csv
3030,5,4,1,3a.csv
3030,8,6,2,3b.csv
3030,16,15,1,3c.csv
3030,16,15,1,3d.csv
3030,4,4,0,3e.csv
3030,1,0,1,3f.csv
3030,2,1,1,3g.csv
3031,0,0,0,1a.csv
3031,7,6,1,1b.csv
3031,0,0,0,1c.csv
3031,1,1,0,1e.csv
3031,0,0,0,1f.csv
3031,0,0,0,1g.csv
3031,1,1,0,1h.csv
3031,0,0,0,1i.csv
3031,0,0,0,1j.csv
3031,0,0,0,1k.csv
3031,0,0,0,1l.csv
3031,1,0,1,1m.csv
3031,2,2,0,2a.csv
3031,2,2,0,2b.csv
3031,0,0,0,2c.csv
3031,0,0,0,2d.csv
3031,0,0,0,2e.csv
3031,2,2,0,2f.csv
3031,0,0,0,2g.csv
3031,0,0,0,2h.csv
3031,0,0,0,2i.csv
3031,0,0,0,2j.csv
3031,0,0,0,2k.csv
3031,0,0,0,2l.csv
3031,4,3,1,3a.csv
3031,7,5,2,3b.csv
3031,17,14,3,3c.csv
3031,17,14,3,3d.csv
3031,6,6,0,3e.csv
3031,1,0,1,3f.csv
3031,2,1,1,3g.csv
3032,0,0,0,1a.csv
3032,8,7,1,1b.csv
3032,0,0,0,1c.csv
3032,1,1,0,1e.csv
3032,0,0,0,1f.csv
3032,0,0,0,1g.csv
3032,1,1,0,1h.csv
3032,0,0,0,1i.csv
3032,0,0,0,1j.csv
3032,0,0,0,1k.csv
3032,0,0,0,1l.csv
3032,1,0,1,1m.csv
3032,1,1,0,2a.csv
3032,2,2,0,2b.csv
3032,0,0,0,2c.csv
3032,0,0,0,2d.csv
3032,0,0,0,2e.csv
3032,2,2,0,2f.csv
3032,0,0,0,2g.csv
3032,0,0,0,2h.csv
3032,0,0,0,2i.csv
3032,0,0,0,2j.csv
3032,0,0,0,2k.csv
3032,0,0,0,2l.csv
3032,5,4,1,3a.csv
3032,8,6,2,3b.csv
3032,16,13,3,3c.csv
3032,16,13,3,3d.csv
3032,6,6,0,3e.csv
3032,1,0,1,3f.csv
3032,1,1,0,3g.csv
3033,1,1,0,1a.csv
3033,6,5,1,1b.csv
3033,0,0,0,1c.csv
3033,1,1,0,1e.csv
3033,0,0,0,1f.csv
3033,0,0,0,1g.csv
3033,1,1,0,1h.csv
3033,0,0,0,1i.csv
3033,0,0,0,1j.csv
3033,0,0,0,1k.csv
3033,0,0,0,1l.csv
3033,0,0,0,1m.csv
3033,1,1,0,2a.csv
3033,3,3,0,2b.csv
3033,0,0,0,2c.csv
3033,0,0,0,2d.csv
3033,0,0,0,2e.csv
3033,1,1,0,2f.csv
3033,0,0,0,2g.csv
3033,0,0,0,2h.csv
3033,0,0,0,2i.csv
3033,0,0,0,2j.csv
3033,0,0,0,2k.csv
3033,1,1,0,2l.csv
3033,5,4,1,3a.csv
3033,7,6,1,3b.csv
3033,13,11,2,3c.csv
3033,13,11,2,3d.csv
3033,6,6,0,3e.csv
3033,2,1,1,3f.csv
3033,1,1,0,3g.csv
3034,1,1,0,1a.csv
3034,6,5,1,1b.csv
3034,0,0,0,1c.csv
3034,2,2,0,1e.csv
3034,0,0,0,1f.csv
3034,0,0,0,1g.csv
3034,1,1,0,1h.csv
3034,0,0,0,1i.csv
3034,0,0,0,1j.csv
3034,0,0,0,1k.csv
3034,0,0,0,1l.csv
3034,0,0,0,1m.csv
3034,1,1,0,2a.csv
3034,3,3,0,2b.csv
3034,0,0,0,2c.csv
3034,0,0,0,2d.csv
3034,1,1,0,2e.csv
3034,1,1,0,2f.csv
3034,0,0,0,2g.csv
3034,0,0,0,2h.csv
3034,0,0,0,2i.csv
3034,0,0,0,2j.csv
3034,0,0,0,2k.csv
3034,1,1,0,2l.csv
3034,7,6,1,3a.csv
3034,8,7,1,3b.csv
3034,7,5,2,3c.csv
3034,7,5,2,3d.csv
3034,6,6,0,3e.csv
3034,1,1,0,3f.csv
3034,1,1,0,3g.csv
3035,1,1,0,1a.csv
3035,5,4,1,1b.csv
3035,0,0,0,1c.csv
3035,2,2,0,1e.csv
3035,0,0,0,1f.csv
3035,0,0,0,1g.csv
3035,2,2,0,1h.csv
3035,0,0,0,1i.csv
3035,0,0,0,1j.csv
3035,0,0,0,1k.csv
3035,0,0,0,1l.csv
3035,0,0,0,1m.csv
3035,1,1,0,2a.csv
3035,4,4,0,2b.csv
3035,0,0,0,2c.csv
3035,0,0,0,2d.csv
3035,1,1,0,2e.csv
3035,1,1,0,2f.csv
3035,0,0,0,2g.csv
3035,0,0,0,2h.csv
3035,0,0,0,2i.csv
3035,0,0,0,2j.csv
3035,0,0,0,2k.csv
3035,1,1,0,2l.csv
3035,7,6,1,3a.csv
3035,6,5,1,3b.csv
3035,6,4,2,3c.csv
3035,6,4,2,3d.csv
3035,8,8,0,3e.csv
3035,2,1,1,3f.csv
3035,1,1,0,3g.csv
3036,1,1,0,1a.csv
3036,3,3,0,1b.csv
3036,0,0,0,1c.csv
3036,3,3,0,1e.csv
3036,0,0,0,1f.csv
3036,1,1,0,1g.csv
3036,1,1,0,1h.csv
3036,1,1,0,1i.csv
3036,0,0,0,1j.csv
3036,0,0,0,1k.csv
3036,0,0,0,1l.csv
3036,1,0,1,1m.csv
3036,2,2,0,2a.csv
3036,3,3,0,2b.csv
3036,0,0,0,2c.csv
3036,0,0,0,2d.csv
3036,1,1,0,2e.csv
3036,2,2,0,2f.csv
3036,0,0,0,2g.csv
3036,0,0,0,2h.csv
3036,0,0,0,2i.csv
3036,0,0,0,2j.csv
3036,0,0,0,2k.csv
3036,1,1,0,2l.csv
3036,6,5,1,3a.csv
3036,5,5,0,3b.csv
3036,5,3,2,3c.csv
3036,5,3,2,3d.csv
3036,8,8,0,3e.csv
3036,2,1,1,3f.csv
3036,1,1,0,3g.csv
3037,2,2,0,1a.csv
3037,3,3,0,1b.csv
3037,0,0,0,1c.csv
3037,3,2,1,1e.csv
3037,1,1,0,1f.csv
3037,1,1,0,1g.csv
3037,1,1,0,1h.csv
3037,1,1,0,1i.csv
3037,0,0,0,1j.csv
3037,0,0,0,1k.csv
3037,0,0,0,1l.csv
3037,1,0,1,1m.csv
3037,1,1,0,2a.csv
3037,3,3,0,2b.csv
3037,0,0,0,2c.csv
3037,0,0,0,2d.csv
3037,1,1,0,2e.csv
3037,3,3,0,2f.csv
3037,0,0,0,2g.csv
3037,0,0,0,2h.csv
3037,0,0,0,2i.csv
3037,0,0,0,2j.csv
3037,0,0,0,2k.csv
3037,2,2,0,2l.csv
3037,6,5,1,3a.csv
3037,4,4,0,3b.csv
3037,5,3,2,3c.csv
3037,5,3,2,3d.csv
3037,8,8,0,3e.csv
3037,2,1,1,3f.csv
3037,0,0,0,3g.csv
3038,3,3,0,1a.csv
3038,2,2,0,1b.csv
3038,0,0,0,1c.csv
3038,3,2,1,1e.csv
3038,1,1,0,1f.csv
3038,1,1,0,1g.csv
3038,1,1,0,1h.csv
3038,1,1,0,1i.csv
3038,0,0,0,1j.csv
3038,0,0,0,1k.csv
3038,0,0,0,1l.csv
3038,1,0,1,1m.csv
3038,1,1,0,2a.csv
3038,4,3,1,2b.csv
3038,0,0,0,2c.csv
3038,1,1,0,2d.csv
3038,1,1,0,2e.csv
3038,5,5,0,2f.csv
3038,0,0,0,2g.csv
3038,0,0,0,2h.csv
3038,0,0,0,2i.csv
3038,0,0,0,2j.csv
3038,0,0,0,2k.csv
3038,2,2,0,2l.csv
3038,5,5,0,3a.csv
3038,3,3,0,3b.csv
3038,5,3,2,3c.csv
3038,5,3,2,3d.csv
3038,6,6,0,3e.csv
3038,2,1,1,3f.csv
3038,0,0,0,3g.csv
3039,3,3,0,1a.csv
3039,3,3,0,1b.csv
3039,0,0,0,1c.csv
3039,3,2,1,1e.csv
3039,1,1,0,1f.csv
3039,1,1,0,1g.csv
3039,1,1,0,1h.csv
3039,1,1,0,1i.csv
3039,0,0,0,1j.csv
3039,0,0,0,1k.csv
3039,1,1,0,1l.csv
3039,1,0,1,1m.csv
3039,1,1,0,2a.csv
3039,5,3,2,2b.csv
3039,0,0,0,2c.csv
3039,1,1,0,2d.csv
3039,2,2,0,2e.csv
3039,5,5,0,2f.csv
3039,0,0,0,2g.csv
3039,0,0,0,2h.csv
3039,0,0,0,2i.csv
3039,0,0,0,2j.csv
3039,0,0,0,2k.csv
3039,2,2,0,2l.csv
3039,5,5,0,3a.csv
3039,3,3,0,3b.csv
3039,3,2,1,3c.csv
3039,3,2,1,3d.csv
3039,4,4,0,3e.csv
3039,2,1,1,3f.csv
3039,0,0,0,3g.csv
3040,3,3,0,1a.csv
3040,2,2,0,1b.csv
3040,0,0,0,1c.csv
3040,4,3,1,1e.csv
3040,1,1,0,1f.csv
3040,2,2,0,1g.csv
3040,1,1,0,1h.csv
3040,1,1,0,1i.csv
3040,0,0,0,1j.csv
3040,0,0,0,1k.csv
3040,1,1,0,1l.csv
3040,1,0,1,1m.csv
3040,1,1,0,2a.csv
3040,6,4,2,2b.csv
3040,0,0,0,2c.csv
3040,1,1,0,2d.csv
3040,2,2,0,2e.csv
3040,4,4,0,2f.csv
3040,0,0,0,2g.csv
3040,0,0,0,2h.csv
3040,0,0,0,2i.csv
3040,0,0,0,2j.csv
3040,0,0,0,2k.csv
3040,2,2,0,2l.csv
3040,3,3,0,3a.csv
3040,2,2,0,3b.csv
3040,5,4,1,3c.csv
3040,5,4,1,3d.csv
3040,3,3,0,3e.csv
3040,2,1,1,3f.csv
3040,0,0,0,3g.csv
3041,2,2,0,1a.csv
3041,2,2,0,1b.csv
3041,0,0,0,1c.csv
3041,4,3,1,1e.csv
3041,1,1,0,1f.csv
3041,2,2,0,1g.csv
3041,1,1,0,1h.csv
3041,1,1,0,1i.csv
3041,0,0,0,1j.csv
3041,0,0,0,1k.csv
3041,2,2,0,1l.csv
3041,1,0,1,1m.csv
3041,1,1,0,2a.csv
3041,6,4,2,2b.csv
3041,0,0,0,2c.csv
3041,1,1,0,2d.csv
3041,2,2,0,2e.csv
3041,4,4,0,2f.csv
3041,0,0,0,2g.csv
3041,0,0,0,2h.csv
3041,0,0,0,2i.csv
3041,0,0,0,2j.csv
3041,0,0,0,2k.csv
3041,1,1,0,2l.csv
3041,3,3,0,3a.csv
3041,2,2,0,3b.csv
3041,5,4,1,3c.csv
3041,5,4,1,3d.csv
3041,3,3,0,3e.csv
3041,1,0,1,3f.csv
3041,0,0,0,3g.csv
3042,2,2,0,1a.csv
3042,3,3,0,1b.csv
3042,0,0,0,1c.csv
3042,3,2,1,1e.csv
3042,1,1,0,1f.csv
3042,2,2,0,1g.csv
3042,1,1,0,1h.csv
3042,1,1,0,1i.csv
3042,0,0,0,1j.csv
3042,0,0,0,1k.csv
3042,3,2,1,1l.csv
3042,1,0,1,1m.csv
3042,1,1,0,2a.csv
3042,7,5,2,2b.csv
3042,0,0,0,2c.csv
3042,1,1,0,2d.csv
3042,1,1,0,2e.csv
3042,4,4,0,2f.csv
3042,0,0,0,2g.csv
3042,0,0,0,2h.csv
3042,0,0,0,2i.csv
3042,0,0,0,2j.csv
3042,0,0,0,2k.csv
3042,1,1,0,2l.csv
3042,1,1,0,3a.csv
3042,1,1,0,3b.csv
3042,5,4,1,3c.csv
3042,5,4,1,3d.csv
3042,2,2,0,3e.csv
3042,2,1,1,3f.csv
3042,0,0,0,3g.csv
3043,2,2,0,1a.csv
3043,4,4,0,1b.csv
3043,0,0,0,1c.csv
3043,3,2,1,1e.csv
3043,1,1,0,1f.csv
3043,2,2,0,1g.csv
3043,1,1,0,1h.csv
3043,1,1,0,1i.csv
3043,0,0,0,1j.csv
3043,0,0,0,1k.csv
3043,3,2,1,1l.csv
3043,1,0,1,1m.csv
3043,1,1,0,2a.csv
3043,6,4,2,2b.csv
3043,0,0,0,2c.csv
3043,1,1,0,2d.csv
3043,1,1,0,2e.csv
3043,4,4,0,2f.csv
3043,0,0,0,2g.csv
3043,0,0,0,2h.csv
3043,0,0,0,2i.csv
3043,0,0,0,2j.csv
3043,0,0,0,2k.csv
3043,1,1,0,2l.csv
3043,1,1,0,3a.csv
3043,1,1,0,3b.csv
3043,5,4,1,3c.csv
3043,5,4,1,3d.csv
3043,0,0,0,3e.csv
3043,1,1,0,3f.csv
3043,0,0,0,3g.csv
3044,2,2,0,1a.csv
3044,4,4,0,1b.csv
3044,0,0,0,1c.csv
3044,2,1,1,1e.csv
3044,1,1,0,1f.csv
3044,1,1,0,1g.csv
3044,1,1,0,1h.csv
3044,0,0,0,1i.csv
3044,0,0,0,1j.csv
3044,0,0,0,1k.csv
3044,3,2,1,1l.csv
3044,0,0,0,1m.csv
3044,0,0,0,2a.csv
3044,7,5,2,2b.csv
3044,0,0,0,2c.csv
3044,1,1,0,2d.csv
3044,1,1,0,2e.csv
3044,3,3,0,2f.csv
3044,0,0,0,2g.csv
3044,0,0,0,2h.csv
3044,0,0,0,2i.csv
3044,0,0,0,2j.csv
3044,0,0,0,2k.csv
3044,1,1,0,2l.csv
3044,2,2,0,3a.csv
3044,1,1,0,3b.csv
3044,6,4,2,3c.csv
3044,6,4,2,3d.csv
3044,0,0,0,3e.csv
3044,1,1,0,3f.csv
3044,0,0,0,3g.csv
3045,1,1,0,1a.csv
3045,4,4,0,1b.csv
3045,0,0,0,1c.csv
3045,1,1,0,1e.csv
3045,0,0,0,1f.csv
3045,1,1,0,1g.csv
3045,1,1,0,1h.csv
3045,0,0,0,1i.csv
3045,0,0,0,1j.csv
3045,0,0,0,1k.csv
3045,3,2,1,1l.csv
3045,0,0,0,1m.csv
3045,0,0,0,2a.csv
3045,7,5,2,2b.csv
3045,0,0,0,2c.csv
3045,1,1,0,2d.csv
3045,1,1,0,2e.csv
3045,2,2,0,2f.csv
3045,0,0,0,2g.csv
3045,0,0,0,2h.csv
3045,0,0,0,2i.csv
3045,0,0,0,2j.csv
3045,0,0,0,2k.csv
3045,0,0,0,2l.csv
3045,2,2,0,3a.csv
3045,1,1,0,3b.csv
3045,4,2,2,3c.csv
3045,4,2,2,3d.csv
3045,1,0,1,3e.csv
3045,1,1,0,3f.csv
3045,0,0,0,3g.csv
3046,0,0,0,1a.csv
3046,4,4,0,1b.csv
3046,0,0,0,1c.csv
3046,1,1,0,1e.csv
3046,0,0,0,1f.csv
3046,1,1,0,1g.csv
3046,1,1,0,1h.csv
3046,0,0,0,1i.csv
3046,0,0,0,1j.csv
3046,0,0,0,1k.csv
3046,3,2,1,1l.csv
3046,0,0,0,1m.csv
3046,0,0,0,2a.csv
3046,6,5,1,2b.csv
3046,0,0,0,2c.csv
3046,0,0,0,2d.csv
3046,1,1,0,2e.csv
3046,0,0,0,2f.csv
3046,0,0,0,2g.csv
3046,0,0,0,2h.csv
3046,0,0,0,2i.csv
3046,0,0,0,2j.csv
3046,0,0,0,2k.csv
3046,0,0,0,2l.csv
3046,2,2,0,3a.csv
3046,0,0,0,3b.csv
3046,5,3,2,3c.csv
3046,5,3,2,3d.csv
3046,1,0,1,3e.csv
3046,1,1,0,3f.csv
3046,0,0,0,3g.csv
3047,2,2,0,1a.csv
3047,3,3,0,1b.csv
3047,0,0,0,1c.csv
3047,1,1,0,1e.csv
3047,0,0,0,1f.csv
3047,1,1,0,1g.csv
3047,1,1,0,1h.csv
3047,0,0,0,1i.csv
3047,0,0,0,1j.csv
3047,0,0,0,1k.csv
3047,3,2,1,1l.csv
3047,0,0,0,1m.csv
3047,0,0,0,2a.csv
3047,5,5,0,2b.csv
3047,0,0,0,2c.csv
3047,0,0,0,2d.csv
3047,0,0,0,2e.csv
3047,1,0,1,2f.csv
3047,0,0,0,2g.csv
3047,0,0,0,2h.csv
3047,0,0,0,2i.csv
3047,0,0,0,2j.csv
3047,0,0,0,2k.csv
3047,0,0,0,2l.csv
3047,2,2,0,3a.csv
3047,0,0,0,3b.csv
3047,4,3,1,3c.csv
3047,4,3,1,3d.csv
3047,1,0,1,3e.csv
3047,1,1,0,3f.csv
3047,0,0,0,3g.csv
3048,5,5,0,1a.csv
3048,3,3,0,1b.csv
3048,0,0,0,1c.csv
3048,0,0,0,1e.csv
3048,0,0,0,1f.csv
3048,0,0,0,1g.csv
3048,1,1,0,1h.csv
3048,0,0,0,1i.csv
3048,0,0,0,1j.csv
3048,0,0,0,1k.csv
3048,3,2,1,1l.csv
3048,0,0,0,1m.csv
3048,0,0,0,2a.csv
3048,4,4,0,2b.csv
3048,0,0,0,2c.csv
3048,0,0,0,2d.csv
3048,0,0,0,2e.csv
3048,1,0,1,2f.csv
3048,0,0,0,2g.csv
3048,0,0,0,2h.csv
3048,0,0,0,2i.csv
3048,0,0,0,2j.csv
3048,0,0,0,2k.csv
3048,0,0,0,2l.csv
3048,2,2,0,3a.csv
3048,0,0,0,3b.csv
3048,2,1,1,3c.csv
3048,2,1,1,3d.csv
3048,1,0,1,3e.csv
3048,1,1,0,3f.csv
3048,0,0,0,3g.csv
3049,6,5,1,1a.csv
3049,5,5,0,1b.csv
3049,0,0,0,1c.csv
3049,0,0,0,1e.csv
3049,0,0,0,1f.csv
3049,0,0,0,1g.csv
3049,1,1,0,1h.csv
3049,0,0,0,1i.csv
3049,0,0,0,1j.csv
3049,0,0,0,1k.csv
3049,3,2,1,1l.csv
3049,0,0,0,1m.csv
3049,0,0,0,2a.csv
3049,4,3,1,2b.csv
3049,0,0,0,2c.csv
3049,1,1,0,2d.csv
3049,0,0,0,2e.csv
3049,1,0,1,2f.csv
3049,0,0,0,2g.csv
3049,0,0,0,2h.csv
3049,0,0,0,2i.csv
3049,0,0,0,2j.csv
3049,0,0,0,2k.csv
3049,0,0,0,2l.csv
3049,2,2,0,3a.csv
3049,0,0,0,3b.csv
3049,2,1,1,3c.csv
3049,2,1,1,3d.csv
3049,1,0,1,3e.csv
3049,1,1,0,3f.csv
3049,0,0,0,3g.csv
3050,6,5,1,1a.csv
3050,5,5,0,1b.csv
3050,0,0,0,1c.csv
3050,0,0,0,1e.csv
3050,0,0,0,1f.csv
3050,1,1,0,1g.csv
3050,1,1,0,1h.csv
3050,0,0,0,1i.csv
3050,0,0,0,1j.csv
3050,0,0,0,1k.csv
3050,2,2,0,1l.csv
3050,0,0,0,1m.csv
3050,0,0,0,2a.csv
3050,2,1,1,2b.csv
3050,0,0,0,2c.csv
3050,1,1,0,2d.csv
3050,0,0,0,2e.csv
3050,1,0,1,2f.csv
3050,0,0,0,2g.csv
3050,0,0,0,2h.csv
3050,0,0,0,2i.csv
3050,0,0,0,2j.csv
3050,0,0,0,2k.csv
3050,0,0,0,2l.csv
3050,4,4,0,3a.csv
3050,2,2,0,3b.csv
3050,2,1,1,3c.csv
3050,2,1,1,3d.csv
3050,1,0,1,3e.csv
3050,1,1,0,3f.csv
3050,0,0,0,3g.csv
3051,9,6,3,1a.csv
3051,5,5,0,1b.csv
3051,0,0,0,1c.csv
3051,0,0,0,1e.csv
3051,0,0,0,1f.csv
3051,2,2,0,1g.csv
3051,0,0,0,1h.csv
3051,0,0,0,1i.csv
3051,0,0,0,1j.csv
3051,0,0,0,1k.csv
3051,2,2,0,1l.csv
3051,0,0,0,1m.csv
3051,0,0,0,2a.csv
3051,3,2,1,2b.csv
3051,0,0,0,2c.csv
3051,1,1,0,2d.csv
3051,0,0,0,2e.csv
3051,1,0,1,2f.csv
3051,0,0,0,2g.csv
3051,0,0,0,2h.csv
3051,0,0,0,2i.csv
3051,0,0,0,2j.csv
3051,0,0,0,2k.csv
3051,0,0,0,2l.csv
3051,3,3,0,3a.csv
3051,2,2,0,3b.csv
3051,2,1,1,3c.csv
3051,2,1,1,3d.csv
3051,2,1,1,3e.csv
3051,1,1,0,3f.csv
3051,0,0,0,3g.csv
3052,9,6,3,1a.csv
3052,5,5,0,1b.csv
3052,0,0,0,1c.csv
3052,0,0,0,1e.csv
3052,0,0,0,1f.csv
3052,2,2,0,1g.csv
3052,0,0,0,1h.csv
3052,0,0,0,1i.csv
3052,0,0,0,1j.csv
3052,0,0,0,1k.csv
3052,2,2,0,1l.csv
3052,0,0,0,1m.csv
3052,0,0,0,2a.csv
3052,2,1,1,2b.csv
3052,0,0,0,2c.csv
3052,1,1,0,2d.csv
3052,0,0,0,2e.csv
3052,1,0,1,2f.csv
3052,0,0,0,2g.csv
3052,0,0,0,2h.csv
3052,0,0,0,2i.csv
3052,0,0,0,2j.csv
3052,0,0,0,2k.csv
3052,0,0,0,2l.csv
3052,3,3,0,3a.csv
3052,2,2,0,3b.csv
3052,1,1,0,3c.csv
3052,1,1,0,3d.csv
3052,2,1,1,3e.csv
3052,1,1,0,3f.csv
3052,0,0,0,3g.csv
3053,9,6,3,1a.csv
3053,5,5,0,1b.csv
3053,0,0,0,1c.csv
3053,1,0,1,1e.csv
3053,0,0,0,1f.csv
3053,2,2,0,1g.csv
3053,0,0,0,1h.csv
3053,0,0,0,1i.csv
3053,0,0,0,1j.csv
3053,0,0,0,1k.csv
3053,2,2,0,1l.csv
3053,0,0,0,1m.csv
3053,0,0,0,2a.csv
3053,3,2,1,2b.csv
3053,0,0,0,2c.csv
3053,1,1,0,2d.csv
3053,0,0,0,2e.csv
3053,1,0,1,2f.csv
3053,0,0,0,2g.csv
3053,0,0,0,2h.csv
3053,0,0,0,2i.csv
3053,0,0,0,2j.csv
3053,0,0,0,2k.csv
3053,0,0,0,2l.csv
3053,3,3,0,3a.csv
3053,3,2,1,3b.csv
3053,1,1,0,3c.csv
3053,1,1,0,3d.csv
3053,1,1,0,3e.csv
3053,1,1,0,3f.csv
3053,0,0,0,3g.csv
3054,9,6,3,1a.csv
3054,5,5,0,1b.csv
3054,0,0,0,1c.csv
3054,1,0,1,1e.csv
3054,0,0,0,1f.csv
3054,2,2,0,1g.csv
3054,0,0,0,1h.csv
3054,0,0,0,1i.csv
3054,0,0,0,1j.csv
3054,0,0,0,1k.csv
3054,3,3,0,1l.csv
3054,0,0,0,1m.csv
3054,0,0,0,2a.csv
3054,5,4,1,2b.csv
3054,0,0,0,2c.csv
3054,1,1,0,2d.csv
3054,0,0,0,2e.csv
3054,1,0,1,2f.csv
3054,0,0,0,2g.csv
3054,0,0,0,2h.csv
3054,0,0,0,2i.csv
3054,0,0,0,2j.csv
3054,0,0,0,2k.csv
3054,0,0,0,2l.csv
3054,3,3,0,3a.csv
3054,4,3,1,3b.csv
3054,0,0,0,3c.csv
3054,0,0,0,3d.csv
3054,1,1,0,3e.csv
3054,2,2,0,3f.csv
3054,0,0,0,3g.csv
3055,7,4,3,1a.csv
3055,5,5,0,1b.csv
3055,0,0,0,1c.csv
3055,1,0,1,1e.csv
3055,0,0,0,1f.csv
3055,2,2,0,1g.csv
3055,0,0,0,1h.csv
3055,0,0,0,1i.csv
3055,0,0,0,1j.csv
3055,0,0,0,1k.csv
3055,2,2,0,1l.csv
3055,0,0,0,1m.csv
3055,0,0,0,2a.csv
3055,5,4,1,2b.csv
3055,0,0,0,2c.csv
3055,1,1,0,2d.csv
3055,0,0,0,2e.csv
3055,0,0,0,2f.csv
3055,0,0,0,2g.csv
3055,0,0,0,2h.csv
3055,0,0,0,2i.csv
3055,0,0,0,2j.csv
3055,0,0,0,2k.csv
3055,0,0,0,2l.csv
3055,3,3,0,3a.csv
3055,4,3,1,3b.csv
3055,0,0,0,3c.csv
3055,0,0,0,3d.csv
3055,1,1,0,3e.csv
3055,2,2,0,3f.csv
3055,0,0,0,3g.csv
3056,4,1,3,1a.csv
3056,6,6,0,1b.csv
3056,0,0,0,1c.csv
3056,1,0,1,1e.csv
3056,0,0,0,1f.csv
3056,2,2,0,1g.csv
3056,0,0,0,1h.csv
3056,0,0,0,1i.csv
3056,0,0,0,1j.csv
3056,0,0,0,1k.csv
3056,2,2,0,1l.csv
3056,0,0,0,1m.csv
3056,0,0,0,2a.csv
3056,5,4,1,2b.csv
3056,0,0,0,2c.csv
3056,1,1,0,2d.csv
3056,0,0,0,2e.csv
3056,0,0,0,2f.csv
3056,0,0,0,2g.csv
3056,0,0,0,2h.csv
3056,0,0,0,2i.csv
3056,0,0,0,2j.csv
3056,0,0,0,2k.csv
3056,0,0,0,2l.csv
3056,3,3,0,3a.csv
3056,4,3,1,3b.csv
3056,0,0,0,3c.csv
3056,0,0,0,3d.csv
3056,1,1,0,3e.csv
3056,2,2,0,3f.csv
3056,0,0,0,3g.csv
3057,3,1,2,1a.csv
3057,4,4,0,1b.csv
3057,0,0,0,1c.csv
3057,1,0,1,1e.csv
3057,0,0,0,1f.csv
3057,2,2,0,1g.csv
3057,0,0,0,1h.csv
3057,0,0,0,1i.csv
3057,0,0,0,1j.csv
3057,0,0,0,1k.csv
3057,1,1,0,1l.csv
3057,0,0,0,1m.csv
3057,0,0,0,2a.csv
3057,5,4,1,2b.csv
3057,0,0,0,2c.csv
3057,0,0,0,2d.csv
3057,0,0,0,2e.csv
3057,0,0,0,2f.csv
3057,0,0,0,2g.csv
3057,0,0,0,2h.csv
3057,0,0,0,2i.csv
3057,0,0,0,2j.csv
3057,0,0,0,2k.csv
3057,0,0,0,2l.csv
3057,4,4,0,3a.csv
3057,4,3,1,3b.csv
3057,0,0,0,3c.csv
3057,0,0,0,3d.csv
3057,2,2,0,3e.csv
3057,2,2,0,3f.csv
3057,0,0,0,3g.csv
3058,3,1,2,1a.csv
3058,3,3,0,1b.csv
3058,1,1,0,1c.csv
3058,1,0,1,1e.csv
3058,0,0,0,1f.csv
3058,1,1,0,1g.csv
3058,0,0,0,1h.csv
3058,0,0,0,1i.csv
3058,0,0,0,1j.csv
3058,0,0,0,1k.csv
3058,1,1,0,1l.csv
3058,0,0,0,1m.csv
3058,0,0,0,2a.csv
3058,5,4,1,2b.csv
3058,1,1,0,2c.csv
3058,0,0,0,2d.csv
3058,0,0,0,2e.csv
3058,0,0,0,2f.csv
3058,0,0,0,2g.csv
3058,0,0,0,2h.csv
3058,0,0,0,2i.csv
3058,0,0,0,2j.csv
3058,0,0,0,2k.csv
3058,0,0,0,2l.csv
3058,3,2,1,3a.csv
3058,3,2,1,3b.csv
3058,2,2,0,3c.csv
3058,2,2,0,3d.csv
3058,2,2,0,3e.csv
3058,1,1,0,3f.csv
3058,0,0,0,3g.csv
3059,0,0,0,1a.csv
3059,2,2,0,1b.csv
3059,1,1,0,1c.csv
3059,1,0,1,1e.csv
3059,0,0,0,1f.csv
3059,0,0,0,1g.csv
3059,0,0,0,1h.csv
3059,0,0,0,1i.csv
3059,0,0,0,1j.csv
3059,0,0,0,1k.csv
3059,1,1,0,1l.csv
3059,0,0,0,1m.csv
3059,0,0,0,2a.csv
3059,4,3,1,2b.csv
3059,1,1,0,2c.csv
3059,0,0,0,2d.csv
3059,0,0,0,2e.csv
3059,0,0,0,2f.csv
3059,0,0,0,2g.csv
3059,0,0,0,2h.csv
3059,0,0,0,2i.csv
3059,0,0,0,2j.csv
3059,0,0,0,2k.csv
3059,0,0,0,2l.csv
3059,3,2,1,3a.csv
3059,4,2,2,3b.csv
3059,2,2,0,3c.csv
3059,2,2,0,3d.csv
3059,1,1,0,3e.csv
3059,2,2,0,3f.csv
3059,0,0,0,3g.csv
3060,2,2,0,1a.csv
3060,4,4,0,1b.csv
3060,1,1,0,1c.csv
3060,1,0,1,1e.csv
3060,0,0,0,1f.csv
3060,0,0,0,1g.csv
3060,0,0,0,1h.csv
3060,0,0,0,1i.csv
3060,0,0,0,1j.csv
3060,0,0,0,1k.csv
3060,1,1,0,1l.csv
3060,0,0,0,1m.csv
3060,1,1,0,2a.csv
3060,4,3,1,2b.csv
3060,1,1,0,2c.csv
3060,0,0,0,2d.csv
3060,0,0,0,2e.csv
3060,0,0,0,2f.csv
3060,0,0,0,2g.csv
3060,0,0,0,2h.csv
3060,0,0,0,2i.csv
3060,0,0,0,2j.csv
3060,0,0,0,2k.csv
3060,0,0,0,2l.csv
3060,3,2,1,3a.csv
3060,5,2,3,3b.csv
3060,2,2,0,3c.csv
3060,2,2,0,3d.csv
3060,1,1,0,3e.csv
3060,2,2,0,3f.csv
3060,0,0,0,3g.csv
3061,2,2,0,1a.csv
3061,4,4,0,1b.csv
3061,1,1,0,1c.csv
3061,0,0,0,1e.csv
3061,0,0,0,1f.csv
3061,0,0,0,1g.csv
3061,0,0,0,1h.csv
3061,0,0,0,1i.csv
3061,0,0,0,1j.csv
3061,0,0,0,1k.csv
3061,2,2,0,1l.csv
3061,0,0,0,1m.csv
3061,1,1,0,2a.csv
3061,4,3,1,2b.csv
3061,1,1,0,2c.csv
3061,0,0,0,2d.csv
3061,0,0,0,2e.csv
3061,0,0,0,2f.csv
3061,0,0,0,2g.csv
3061,0,0,0,2h.csv
3061,0,0,0,2i.csv
3061,0,0,0,2j.csv
3061,0,0,0,2k.csv
3061,0,0,0,2l.csv
3061,3,2,1,3a.csv
3061,4,2,2,3b.csv
3061,2,2,0,3c.csv
3061,2,2,0,3d.csv
3061,1,1,0,3e.csv
3061,3,3,0,3f.csv
3061,1,1,0,3g.csv
3062,2,2,0,1a.csv
3062,4,4,0,1b.csv
3062,1,1,0,1c.csv
3062,0,0,0,1e.csv
3062,0,0,0,1f.csv
3062,0,0,0,1g.csv
3062,0,0,0,1h.csv
3062,0,0,0,1i.csv
3062,0,0,0,1j.csv
3062,0,0,0,1k.csv
3062,1,1,0,1l.csv
3062,0,0,0,1m.csv
3062,1,1,0,2a.csv
3062,4,3,1,2b.csv
3062,1,1,0,2c.csv
3062,0,0,0,2d.csv
3062,0,0,0,2e.csv
3062,0,0,0,2f.csv
3062,0,0,0,2g.csv
3062,0,0,0,2h.csv
3062,0,0,0,2i.csv
3062,0,0,0,2j.csv
3062,0,0,0,2k.csv
3062,0,0,0,2l.csv
3062,4,3,1,3a.csv
3062,3,1,2,3b.csv
3062,3,3,0,3c.csv
3062,3,3,0,3d.csv
3062,1,1,0,3e.csv
3062,2,2,0,3f.csv
3062,3,3,0,3g.csv
3063,2,2,0,1a.csv
3063,3,3,0,1b.csv
3063,1,1,0,1c.csv
3063,0,0,0,1e.csv
3063,0,0,0,1f.csv
3063,0,0,0,1g.csv
3063,0,0,0,1h.csv
3063,0,0,0,1i.csv
3063,0,0,0,1j.csv
3063,0,0,0,1k.csv
3063,1,1,0,1l.csv
3063,1,1,0,1m.csv
3063,1,1,0,2a.csv
3063,4,3,1,2b.csv
3063,1,1,0,2c.csv
3063,0,0,0,2d.csv
3063,1,1,0,2e.csv
3063,0,0,0,2f.csv
3063,0,0,0,2g.csv
3063,0,0,0,2h.csv
3063,0,0,0,2i.csv
3063,0,0,0,2j.csv
3063,0,0,0,2k.csv
3063,0,0,0,2l.csv
3063,5,3,2,3a.csv
3063,5,3,2,3b.csv
3063,4,4,0,3c.csv
3063,4,4,0,3d.csv
3063,1,1,0,3e.csv
3063,2,2,0,3f.csv
3063,3,3,0,3g.csv
3064,2,2,0,1a.csv
3064,2,2,0,1b.csv
3064,1,1,0,1c.csv
3064,0,0,0,1e.csv
3064,0,0,0,1f.csv
3064,0,0,0,1g.csv
3064,0,0,0,1h.csv
3064,0,0,0,1i.csv
3064,0,0,0,1j.csv
3064,0,0,0,1k.csv
3064,1,1,0,1l.csv
3064,1,1,0,1m.csv
3064,3,3,0,2a.csv
3064,5,3,2,2b.csv
3064,1,1,0,2c.csv
3064,0,0,0,2d.csv
3064,1,1,0,2e.csv
3064,1,1,0,2f.csv
3064,0,0,0,2g.csv
3064,0,0,0,2h.csv
3064,0,0,0,2i.csv
3064,0,0,0,2j.csv
3064,0,0,0,2k.csv
3064,0,0,0,2l.csv
3064,7,4,3,3a.csv
3064,5,3,2,3b.csv
3064,4,4,0,3c.csv
3064,4,4,0,3d.csv
3064,1,1,0,3e.csv
3064,2,2,0,3f.csv
3064,3,3,0,3g.csv
3065,2,2,0,1a.csv
3065,2,2,0,1b.csv
3065,1,1,0,1c.csv
3065,0,0,0,1e.csv
3065,0,0,0,1f.csv
3065,0,0,0,1g.csv
3065,0,0,0,1h.csv
3065,0,0,0,1i.csv
3065,0,0,0,1j.csv
3065,0,0,0,1k.csv
3065,1,1,0,1l.csv
3065,1,1,0,1m.csv
3065,3,3,0,2a.csv
3065,4,3,1,2b.csv
3065,1,1,0,2c.csv
3065,0,0,0,2d.csv
3065,1,1,0,2e.csv
3065,1,1,0,2f.csv
3065,0,0,0,2g.csv
3065,0,0,0,2h.csv
3065,0,0,0,2i.csv
3065,0,0,0,2j.csv
3065,0,0,0,2k.csv
3065,0,0,0,2l.csv
3065,6,3,3,3a.csv
3065,5,3,2,3b.csv
3065,5,4,1,3c.csv
3065,5,4,1,3d.csv
3065,0,0,0,3e.csv
3065,2,2,0,3f.csv
3065,4,4,0,3g.csv
3066,2,2,0,1a.csv
3066,3,3,0,1b.csv
3066,1,1,0,1c.csv
3066,0,0,0,1e.csv
3066,0,0,0,1f.csv
3066,0,0,0,1g.csv
3066,0,0,0,1h.csv
3066,0,0,0,1i.csv
3066,0,0,0,1j.csv
3066,0,0,0,1k.csv
3066,1,1,0,1l.csv
3066,1,1,0,1m.csv
3066,3,3,0,2a.csv
3066,4,3,1,2b.csv
3066,0,0,0,2c.csv
3066,0,0,0,2d.csv
3066,1,1,0,2e.csv
3066,1,1,0,2f.csv
3066,0,0,0,2g.csv
3066,0,0,0,2h.csv
3066,0,0,0,2i.csv
3066,0,0,0,2j.csv
3066,0,0,0,2k.csv
3066,0,0,0,2l.csv
3066,5,3,2,3a.csv
3066,4,2,2,3b.csv
3066,4,3,1,3c.csv
3066,4,3,1,3d.csv
3066,0,0,0,3e.csv
3066,3,3,0,3f.csv
3066,4,4,0,3g.csv
3067,2,2,0,1a.csv
3067,3,3,0,1b.csv
3067,1,1,0,1c.csv
3067,1,1,0,1e.csv
3067,0,0,0,1f.csv
3067,0,0,0,1g.csv
3067,1,0,1,1h.csv
3067,0,0,0,1i.csv
3067,0,0,0,1j.csv
3067,0,0,0,1k.csv
3067,1,1,0,1l.csv
3067,1,1,0,1m.csv
3067,3,3,0,2a.csv
3067,4,3,1,2b.csv
3067,0,0,0,2c.csv
3067,0,0,0,2d.csv
3067,1,1,0,2e.csv
3067,2,2,0,2f.csv
3067,0,0,0,2g.csv
3067,0,0,0,2h.csv
3067,0,0,0,2i.csv
3067,0,0,0,2j.csv
3067,0,0,0,2k.csv
3067,0,0,0,2l.csv
3067,5,3,2,3a.csv
3067,4,3,1,3b.csv
3067,5,4,1,3c.csv
3067,5,4,1,3d.csv
3067,0,0,0,3e.csv
3067,3,3,0,3f.csv
3067,4,4,0,3g.csv
3068,0,0,0,1a.csv
3068,2,2,0,1b.csv
3068,1,1,0,1c.csv
3068,2,1,1,1e.csv
3068,0,0,0,1f.csv
3068,0,0,0,1g.csv
3068,1,0,1,1h.csv
3068,0,0,0,1i.csv
3068,0,0,0,1j.csv
3068,0,0,0,1k.csv
3068,1,1,0,1l.csv
3068,2,2,0,1m.csv
3068,2,2,0,2a.csv
3068,4,3,1,2b.csv
3068,0,0,0,2c.csv
3068,0,0,0,2d.csv
3068,1,1,0,2e.csv
3068,2,2,0,2f.csv
3068,0,0,0,2g.csv
3068,0,0,0,2h.csv
3068,0,0,0,2i.csv
3068,0,0,0,2j.csv
3068,0,0,0,2k.csv
3068,1,1,0,2l.csv
3068,4,2,2,3a.csv
3068,3,3,0,3b.csv
3068,5,4,1,3c.csv
3068,5,4,1,3d.csv
3068,0,0,0,3e.csv
3068,3,3,0,3f.csv
3068,4,4,0,3g.csv
3069,0,0,0,1a.csv
3069,3,3,0,1b.csv
3069,1,1,0,1c.csv
3069,2,1,1,1e.csv
3069,0,0,0,1f.csv
3069,0,0,0,1g.csv
3069,1,0,1,1h.csv
3069,0,0,0,1i.csv
3069,0,0,0,1j.csv
3069,0,0,0,1k.csv
3069,0,0,0,1l.csv
3069,2,2,0,1m.csv
3069,3,2,1,2a.csv
3069,4,3,1,2b.csv
3069,0,0,0,2c.csv
3069,0,0,0,2d.csv
3069,1,1,0,2e.csv
3069,2,2,0,2f.csv
3069,0,0,0,2g.csv
3069,0,0,0,2h.csv
3069,0,0,0,2i.csv
3069,0,0,0,2j.csv
3069,0,0,0,2k.csv
3069,1,1,0,2l.csv
3069,4,2,2,3a.csv
3069,4,4,0,3b.csv
3069,5,4,1,3c.csv
3069,5,4,1,3d.csv
3069,0,0,0,3e.csv
3069,2,2,0,3f.csv
3069,3,3,0,3g.csv
3070,0,0,0,1a.csv
3070,3,3,0,1b.csv
3070,1,1,0,1c.csv
3070,2,1,1,1e.csv
3070,0,0,0,1f.csv
3070,0,0,0,1g.csv
3070,1,0,1,1h.csv
3070,0,0,0,1i.csv
3070,0,0,0,1j.csv
3070,0,0,0,1k.csv
3070,1,1,0,1l.csv
3070,2,2,0,1m.csv
3070,3,2,1,2a.csv
3070,2,1,1,2b.csv
3070,0,0,0,2c.csv
3070,1,1,0,2d.csv
3070,1,1,0,2e.csv
3070,2,2,0,2f.csv
3070,0,0,0,2g.csv
3070,0,0,0,2h.csv
3070,0,0,0,2i.csv
3070,0,0,0,2j.csv
3070,0,0,0,2k.csv
3070,1,1,0,2l.csv
3070,4,2,2,3a.csv
3070,4,4,0,3b.csv
3070,6,5,1,3c.csv
3070,6,5,1,3d.csv
3070,0,0,0,3e.csv
3070,2,2,0,3f.csv
3070,2,2,0,3g.csv
3071,1,1,0,1a.csv
3071,3,3,0,1b.csv
3071,1,1,0,1c.csv
3071,3,1,2,1e.csv
3071,0,0,0,1f.csv
3071,0,0,0,1g.csv
3071,1,0,1,1h.csv
3071,0,0,0,1i.csv
3071,0,0,0,1j.csv
3071,0,0,0,1k.csv
3071,1,1,0,1l.csv
3071,1,1,0,1m.csv
3071,3,2,1,2a.csv
3071,2,1,1,2b.csv
3071,0,0,0,2c.csv
3071,1,1,0,2d.csv
3071,0,0,0,2e.csv
3071,3,3,0,2f.csv
3071,0,0,0,2g.csv
3071,0,0,0,2h.csv
3071,0,0,0,2i.csv
3071,0,0,0,2j.csv
3071,0,0,0,2k.csv
3071,2,2,0,2l.csv
3071,3,2,1,3a.csv
3071,2,2,0,3b.csv
3071,6,5,1,3c.csv
3071,6,5,1,3d.csv
3071,0,0,0,3e.csv
3071,2,2,0,3f.csv
3071,2,2,0,3g.csv
3072,2,2,0,1a.csv
3072,3,3,0,1b.csv
3072,1,1,0,1c.csv
3072,5,2,3,1e.csv
3072,0,0,0,1f.csv
3072,0,0,0,1g.csv
3072,1,0,1,1h.csv
3072,0,0,0,1i.csv
3072,0,0,0,1j.csv
3072,0,0,0,1k.csv
3072,1,1,0,1l.csv
3072,1,1,0,1m.csv
3072,1,0,1,2a.csv
3072,1,1,0,2b.csv
3072,0,0,0,2c.csv
3072,1,1,0,2d.csv
3072,0,0,0,2e.csv
3072,2,2,0,2f.csv
3072,0,0,0,2g.csv
3072,0,0,0,2h.csv
3072,0,0,0,2i.csv
3072,0,0,0,2j.csv
3072,0,0,0,2k.csv
3072,2,2,0,2l.csv
3072,1,1,0,3a.csv
3072,2,2,0,3b.csv
3072,6,5,1,3c.csv
3072,6,5,1,3d.csv
3072,0,0,0,3e.csv
3072,2,2,0,3f.csv
3072,3,3,0,3g.csv
3073,2,2,0,1a.csv
3073,3,3,0,1b.csv
3073,1,1,0,1c.csv
3073,5,2,3,1e.csv
3073,0,0,0,1f.csv
3073,0,0,0,1g.csv
3073,1,0,1,1h.csv
3073,0,0,0,1i.csv
3073,0,0,0,1j.csv
3073,0,0,0,1k.csv
3073,1,1,0,1l.csv
3073,1,1,0,1m.csv
3073,2,1,1,2a.csv
3073,2,2,0,2b.csv
3073,0,0,0,2c.csv
3073,1,1,0,2d.csv
3073,0,0,0,2e.csv
3073,2,2,0,2f.csv
3073,0,0,0,2g.csv
3073,0,0,0,2h.csv
3073,0,0,0,2i.csv
3073,0,0,0,2j.csv
3073,0,0,0,2k.csv
3073,2,2,0,2l.csv
3073,2,2,0,3a.csv
3073,2,2,0,3b.csv
3073,5,5,0,3c.csv
3073,5,5,0,3d.csv
3073,0,0,0,3e.csv
3073,2,2,0,3f.csv
3073,2,2,0,3g.csv
3074,2,2,0,1a.csv
3074,2,2,0,1b.csv
3074,0,0,0,1c.csv
3074,5,2,3,1e.csv
3074,0,0,0,1f.csv
3074,0,0,0,1g.csv
3074,1,0,1,1h.csv
3074,0,0,0,1i.csv
3074,0,0,0,1j.csv
3074,0,0,0,1k.csv
3074,1,1,0,1l.csv
3074,1,1,0,1m.csv
3074,2,1,1,2a.csv
3074,2,2,0,2b.csv
3074,0,0,0,2c.csv
3074,1,1,0,2d.csv
3074,0,0,0,2e.csv
3074,2,2,0,2f.csv
3074,0,0,0,2g.csv
3074,0,0,0,2h.csv
3074,0,0,0,2i.csv
3074,0,0,0,2j.csv
3074,0,0,0,2k.csv
3074,2,2,0,2l.csv
3074,2,2,0,3a.csv
3074,3,3,0,3b.csv
3074,4,4,0,3c.csv
3074,4,4,0,3d.csv
3074,1,1,0,3e.csv
3074,2,2,0,3f.csv
3074,2,2,0,3g.csv
3075,2,2,0,1a.csv
3075,2,2,0,1b.csv
3075,0,0,0,1c.csv
3075,5,2,3,1e.csv
3075,0,0,0,1f.csv
3075,0,0,0,1g.csv
3075,0,0,0,1h.csv
3075,0,0,0,1i.csv
3075,0,0,0,1j.csv
3075,0,0,0,1k.csv
3075,1,1,0,1l.csv
3075,1,1,0,1m.csv
3075,2,1,1,2a.csv
3075,3,2,1,2b.csv
3075,0,0,0,2c.csv
3075,1,1,0,2d.csv
3075,0,0,0,2e.csv
3075,1,1,0,2f.csv
3075,0,0,0,2g.csv
3075,0,0,0,2h.csv
3075,0,0,0,2i.csv
3075,0,0,0,2j.csv
3075,0,0,0,2k.csv
3075,2,2,0,2l.csv
3075,2,2,0,3a.csv
3075,3,3,0,3b.csv
3075,3,3,0,3c.csv
3075,3,3,0,3d.csv
3075,1,1,0,3e.csv
3075,1,1,0,3f.csv
3075,3,2,1,3g.csv
3076,3,3,0,1a.csv
3076,1,1,0,1b.csv
3076,0,0,0,1c.csv
3076,5,3,2,1e.csv
3076,0,0,0,1f.csv
3076,0,0,0,1g.csv
3076,0,0,0,1h.csv
3076,0,0,0,1i.csv
3076,0,0,0,1j.csv
3076,0,0,0,1k.csv
3076,1,1,0,1l.csv
3076,0,0,0,1m.csv
3076,2,1,1,2a.csv
3076,4,3,1,2b.csv
3076,0,0,0,2c.csv
3076,1,1,0,2d.csv
3076,0,0,0,2e.csv
3076,2,2,0,2f.csv
3076,0,0,0,2g.csv
3076,0,0,0,2h.csv
3076,0,0,0,2i.csv
3076,0,0,0,2j.csv
3076,0,0,0,2k.csv
3076,1,1,0,2l.csv
3076,2,2,0,3a.csv
3076,4,4,0,3b.csv
3076,4,4,0,3c.csv
3076,4,4,0,3d.csv
3076,1,1,0,3e.csv
3076,1,1,0,3f.csv
3076,3,2,1,3g.csv
3077,3,3,0,1a.csv
3077,2,2,0,1b.csv
3077,0,0,0,1c.csv
3077,5,3,2,1e.csv
3077,0,0,0,1f.csv
3077,0,0,0,1g.csv
3077,0,0,0,1h.csv
3077,0,0,0,1i.csv
3077,0,0,0,1j.csv
3077,0,0,0,1k.csv
3077,1,1,0,1l.csv
3077,0,0,0,1m.csv
3077,1,1,0,2a.csv
3077,3,2,1,2b.csv
3077,0,0,0,2c.csv
3077,1,1,0,2d.csv
3077,0,0,0,2e.csv
3077,2,2,0,2f.csv
3077,0,0,0,2g.csv
3077,0,0,0,2h.csv
3077,0,0,0,2i.csv
3077,0,0,0,2j.csv
3077,0,0,0,2k.csv
3077,1,1,0,2l.csv
3077,2,2,0,3a.csv
3077,3,3,0,3b.csv
3077,4,4,0,3c.csv
3077,4,4,0,3d.csv
3077,2,1,1,3e.csv
3077,1,1,0,3f.csv
3077,3,2,1,3g.csv
3078,3,3,0,1a.csv
3078,3,3,0,1b.csv
3078,0,0,0,1c.csv
3078,5,3,2,1e.csv
3078,0,0,0,1f.csv
3078,0,0,0,1g.csv
3078,0,0,0,1h.csv
3078,0,0,0,1i.csv
3078,0,0,0,1j.csv
3078,0,0,0,1k.csv
3078,0,0,0,1l.csv
3078,0,0,0,1m.csv
3078,1,1,0,2a.csv
3078,4,2,2,2b.csv
3078,0,0,0,2c.csv
3078,0,0,0,2d.csv
3078,0,0,0,2e.csv
3078,2,2,0,2f.csv
3078,0,0,0,2g.csv
3078,0,0,0,2h.csv
3078,0,0,0,2i.csv
3078,0,0,0,2j.csv
3078,0,0,0,2k.csv
3078,1,1,0,2l.csv
3078,1,1,0,3a.csv
3078,4,4,0,3b.csv
3078,3,2,1,3c.csv
3078,3,2,1,3d.csv
3078,3,2,1,3e.csv
3078,1,1,0,3f.csv
3078,3,2,1,3g.csv
3079,2,2,0,1a.csv
3079,4,4,0,1b.csv
3079,0,0,0,1c.csv
3079,5,3,2,1e.csv
3079,0,0,0,1f.csv
3079,0,0,0,1g.csv
3079,0,0,0,1h.csv
3079,0,0,0,1i.csv
3079,0,0,0,1j.csv
3079,0,0,0,1k.csv
3079,1,1,0,1l.csv
3079,0,0,0,1m.csv
3079,1,1,0,2a.csv
3079,4,2,2,2b.csv
3079,0,0,0,2c.csv
3079,0,0,0,2d.csv
3079,0,0,0,2e.csv
3079,1,1,0,2f.csv
3079,0,0,0,2g.csv
3079,0,0,0,2h.csv
3079,0,0,0,2i.csv
3079,0,0,0,2j.csv
3079,0,0,0,2k.csv
3079,0,0,0,2l.csv
3079,1,1,0,3a.csv
3079,6,6,0,3b.csv
3079,3,2,1,3c.csv
3079,3,2,1,3d.csv
3079,4,2,2,3e.csv
3079,2,2,0,3f.csv
3079,3,2,1,3g.csv
3080,1,1,0,1a.csv
3080,5,5,0,1b.csv
3080,0,0,0,1c.csv
3080,3,2,1,1e.csv
3080,0,0,0,1f.csv
3080,0,0,0,1g.csv
3080,0,0,0,1h.csv
3080,0,0,0,1i.csv
3080,0,0,0,1j.csv
3080,0,0,0,1k.csv
3080,1,1,0,1l.csv
3080,1,1,0,1m.csv
3080,1,1,0,2a.csv
3080,5,2,3,2b.csv
3080,0,0,0,2c.csv
3080,0,0,0,2d.csv
3080,0,0,0,2e.csv
3080,1,1,0,2f.csv
3080,0,0,0,2g.csv
3080,0,0,0,2h.csv
3080,0,0,0,2i.csv
3080,1,1,0,2j.csv
3080,0,0,0,2k.csv
3080,0,0,0,2l.csv
3080,1,1,0,3a.csv
3080,6,6,0,3b.csv
3080,3,2,1,3c.csv
3080,3,2,1,3d.csv
3080,4,2,2,3e.csv
3080,2,2,0,3f.csv
3080,2,1,1,3g.csv
3081,2,2,0,1a.csv
3081,5,5,0,1b.csv
3081,0,0,0,1c.csv
3081,4,3,1,1e.csv
3081,0,0,0,1f.csv
3081,0,0,0,1g.csv
3081,0,0,0,1h.csv
3081,0,0,0,1i.csv
3081,0,0,0,1j.csv
3081,0,0,0,1k.csv
3081,1,1,0,1l.csv
3081,1,1,0,1m.csv
3081,0,0,0,2a.csv
3081,4,1,3,2b.csv
3081,0,0,0,2c.csv
3081,0,0,0,2d.csv
3081,0,0,0,2e.csv
3081,1,1,0,2f.csv
3081,0,0,0,2g.csv
3081,0,0,0,2h.csv
3081,0,0,0,2i.csv
3081,1,1,0,2j.csv
3081,0,0,0,2k.csv
3081,0,0,0,2l.csv
3081,1,1,0,3a.csv
3081,6,6,0,3b.csv
3081,3,2,1,3c.csv
3081,3,2,1,3d.csv
3081,5,3,2,3e.csv
3081,2,2,0,3f.csv
3081,2,1,1,3g.csv
3082,2,2,0,1a.csv
3082,5,5,0,1b.csv
3082,0,0,0,1c.csv
3082,4,3,1,1e.csv
3082,0,0,0,1f.csv
3082,0,0,0,1g.csv
3082,0,0,0,1h.csv
3082,0,0,0,1i.csv
3082,0,0,0,1j.csv
3082,0,0,0,1k.csv
3082,1,1,0,1l.csv
3082,1,1,0,1m.csv
3082,0,0,0,2a.csv
3082,6,3,3,2b.csv
3082,0,0,0,2c.csv
3082,0,0,0,2d.csv
3082,0,0,0,2e.csv
3082,1,1,0,2f.csv
3082,0,0,0,2g.csv
3082,0,0,0,2h.csv
3082,0,0,0,2i.csv
3082,1,1,0,2j.csv
3082,0,0,0,2k.csv
3082,0,0,0,2l.csv
3082,1,1,0,3a.csv
3082,6,5,1,3b.csv
3082,4,2,2,3c.csv
3082,4,2,2,3d.csv
3082,4,2,2,3e.csv
3082,2,2,0,3f.csv
3082,2,1,1,3g.csv
3083,2,2,0,1a.csv
3083,5,5,0,1b.csv
3083,0,0,0,1c.csv
3083,3,2,1,1e.csv
3083,0,0,0,1f.csv
3083,0,0,0,1g.csv
3083,0,0,0,1h.csv
3083,0,0,0,1i.csv
3083,0,0,0,1j.csv
3083,0,0,0,1k.csv
3083,1,1,0,1l.csv
3083,1,1,0,1m.csv
3083,0,0,0,2a.csv
3083,5,3,2,2b.csv
3083,0,0,0,2c.csv
3083,0,0,0,2d.csv
3083,0,0,0,2e.csv
3083,1,1,0,2f.csv
3083,0,0,0,2g.csv
3083,0,0,0,2h.csv
3083,0,0,0,2i.csv
3083,1,1,0,2j.csv
3083,0,0,0,2k.csv
3083,0,0,0,2l.csv
3083,1,1,0,3a.csv
3083,5,4,1,3b.csv
3083,4,2,2,3c.csv
3083,4,2,2,3d.csv
3083,5,3,2,3e.csv
3083,2,2,0,3f.csv
3083,1,1,0,3g.csv
3084,2,2,0,1a.csv
3084,5,5,0,1b.csv
3084,0,0,0,1c.csv
3084,3,1,2,1e.csv
3084,0,0,0,1f.csv
3084,0,0,0,1g.csv
3084,0,0,0,1h.csv
3084,1,0,1,1i.csv
3084,0,0,0,1j.csv
3084,0,0,0,1k.csv
3084,2,2,0,1l.csv
3084,1,1,0,1m.csv
3084,0,0,0,2a.csv
3084,4,2,2,2b.csv
3084,0,0,0,2c.csv
3084,0,0,0,2d.csv
3084,0,0,0,2e.csv
3084,0,0,0,2f.csv
3084,0,0,0,2g.csv
3084,0,0,0,2h.csv
3084,0,0,0,2i.csv
3084,1,1,0,2j.csv
3084,0,0,0,2k.csv
3084,0,0,0,2l.csv
3084,1,1,0,3a.csv
3084,5,4,1,3b.csv
3084,3,1,2,3c.csv
3084,3,1,2,3d.csv
3084,5,3,2,3e.csv
3084,2,2,0,3f.csv
3084,1,1,0,3g.csv
3085,2,2,0,1a.csv
3085,3,3,0,1b.csv
3085,0,0,0,1c.csv
3085,3,1,2,1e.csv
3085,0,0,0,1f.csv
3085,0,0,0,1g.csv
3085,0,0,0,1h.csv
3085,1,0,1,1i.csv
3085,0,0,0,1j.csv
3085,0,0,0,1k.csv
3085,2,2,0,1l.csv
3085,1,1,0,1m.csv
3085,0,0,0,2a.csv
3085,5,2,3,2b.csv
3085,0,0,0,2c.csv
3085,0,0,0,2d.csv
3085,0,0,0,2e.csv
3085,0,0,0,2f.csv
3085,0,0,0,2g.csv
3085,0,0,0,2h.csv
3085,0,0,0,2i.csv
3085,1,1,0,2j.csv
3085,0,0,0,2k.csv
3085,0,0,0,2l.csv
3085,2,2,0,3a.csv
3085,7,6,1,3b.csv
3085,5,3,2,3c.csv
3085,5,3,2,3d.csv
3085,4,3,1,3e.csv
3085,2,2,0,3f.csv
3085,2,2,0,3g.csv
3086,2,2,0,1a.csv
3086,3,3,0,1b.csv
3086,0,0,0,1c.csv
3086,3,1,2,1e.csv
3086,0,0,0,1f.csv
3086,0,0,0,1g.csv
3086,0,0,0,1h.csv
3086,1,0,1,1i.csv
3086,0,0,0,1j.csv
3086,0,0,0,1k.csv
3086,2,2,0,1l.csv
3086,1,1,0,1m.csv
3086,0,0,0,2a.csv
3086,4,2,2,2b.csv
3086,0,0,0,2c.csv
3086,0,0,0,2d.csv
3086,0,0,0,2e.csv
3086,0,0,0,2f.csv
3086,0,0,0,2g.csv
3086,0,0,0,2h.csv
3086,0,0,0,2i.csv
3086,1,1,0,2j.csv
3086,0,0,0,2k.csv
3086,0,0,0,2l.csv
3086,2,2,0,3a.csv
3086,8,7,1,3b.csv
3086,6,5,1,3c.csv
3086,6,5,1,3d.csv
3086,3,2,1,3e.csv
3086,2,2,0,3f.csv
3086,1,1,0,3g.csv
3087,2,2,0,1a.csv
3087,2,2,0,1b.csv
3087,0,0,0,1c.csv
3087,2,1,1,1e.csv
3087,0,0,0,1f.csv
3087,0,0,0,1g.csv
3087,0,0,0,1h.csv
3087,1,0,1,1i.csv
3087,0,0,0,1j.csv
3087,0,0,0,1k.csv
3087,1,1,0,1l.csv
3087,1,1,0,1m.csv
3087,0,0,0,2a.csv
3087,4,2,2,2b.csv
3087,0,0,0,2c.csv
3087,0,0,0,2d.csv
3087,0,0,0,2e.csv
3087,0,0,0,2f.csv
3087,0,0,0,2g.csv
3087,0,0,0,2h.csv
3087,0,0,0,2i.csv
3087,1,1,0,2j.csv
3087,0,0,0,2k.csv
3087,1,1,0,2l.csv
3087,2,2,0,3a.csv
3087,7,6,1,3b.csv
3087,9,8,1,3c.csv
3087,9,8,1,3d.csv
3087,2,2,0,3e.csv
3087,1,1,0,3f.csv
3087,1,1,0,3g.csv
3088,2,2,0,1a.csv
3088,1,1,0,1b.csv
3088,0,0,0,1c.csv
3088,2,1,1,1e.csv
3088,0,0,0,1f.csv
3088,0,0,0,1g.csv
3088,0,0,0,1h.csv
3088,1,0,1,1i.csv
3088,0,0,0,1j.csv
3088,0,0,0,1k.csv
3088,1,1,0,1l.csv
3088,0,0,0,1m.csv
3088,1,1,0,2a.csv
3088,3,2,1,2b.csv
3088,0,0,0,2c.csv
3088,0,0,0,2d.csv
3088,0,0,0,2e.csv
3088,0,0,0,2f.csv
3088,0,0,0,2g.csv
3088,0,0,0,2h.csv
3088,0,0,0,2i.csv
3088,0,0,0,2j.csv
3088,0,0,0,2k.csv
3088,1,1,0,2l.csv
3088,2,2,0,3a.csv
3088,8,7,1,3b.csv
3088,11,10,1,3c.csv
3088,11,10,1,3d.csv
3088,2,2,0,3e.csv
3088,1,1,0,3f.csv
3088,1,1,0,3g.csv
3089,2,1,1,1a.csv
3089,1,1,0,1b.csv
3089,0,0,0,1c.csv
3089,1,0,1,1e.csv
3089,0,0,0,1f.csv
3089,0,0,0,1g.csv
3089,0,0,0,1h.csv
3089,1,0,1,1i.csv
3089,0,0,0,1j.csv
3089,0,0,0,1k.csv
3089,1,1,0,1l.csv
3089,0,0,0,1m.csv
3089,1,1,0,2a.csv
3089,3,2,1,2b.csv
3089,0,0,0,2c.csv
3089,0,0,0,2d.csv
3089,0,0,0,2e.csv
3089,0,0,0,2f.csv
3089,0,0,0,2g.csv
3089,0,0,0,2h.csv
3089,0,0,0,2i.csv
3089,0,0,0,2j.csv
3089,0,0,0,2k.csv
3089,1,1,0,2l.csv
3089,1,1,0,3a.csv
3089,9,8,1,3b.csv
3089,15,14,1,3c.csv
3089,15,14,1,3d.csv
3089,2,2,0,3e.csv
3089,1,1,0,3f.csv
3089,1,1,0,3g.csv
3090,2,1,1,1a.csv
3090,1,1,0,1b.csv
3090,0,0,0,1c.csv
3090,1,0,1,1e.csv
3090,0,0,0,1f.csv
3090,0,0,0,1g.csv
3090,0,0,0,1h.csv
3090,1,0,1,1i.csv
3090,0,0,0,1j.csv
3090,0,0,0,1k.csv
3090,1,1,0,1l.csv
3090,0,0,0,1m.csv
3090,1,1,0,2a.csv
3090,1,0,1,2b.csv
3090,0,0,0,2c.csv
3090,0,0,0,2d.csv
3090,0,0,0,2e.csv
3090,0,0,0,2f.csv
3090,0,0,0,2g.csv
3090,0,0,0,2h.csv
3090,0,0,0,2i.csv
3090,0,0,0,2j.csv
3090,0,0,0,2k.csv
3090,1,1,0,2l.csv
3090,2,1,1,3a.csv
3090,9,9,0,3b.csv
3090,21,20,1,3c.csv
3090,21,20,1,3d.csv
3090,3,3,0,3e.csv
3090,0,0,0,3f.csv
3090,1,1,0,3g.csv
3091,2,1,1,1a.csv
3091,1,1,0,1b.csv
3091,0,0,0,1c.csv
3091,1,0,1,1e.csv
3091,0,0,0,1f.csv
3091,0,0,0,1g.csv
3091,1,1,0,1h.csv
3091,1,0,1,1i.csv
3091,0,0,0,1j.csv
3091,0,0,0,1k.csv
3091,2,2,0,1l.csv
3091,0,0,0,1m.csv
3091,1,1,0,2a.csv
3091,1,0,1,2b.csv
3091,0,0,0,2c.csv
3091,0,0,0,2d.csv
3091,0,0,0,2e.csv
3091,0,0,0,2f.csv
3091,0,0,0,2g.csv
3091,1,1,0,2h.csv
3091,0,0,0,2i.csv
3091,0,0,0,2j.csv
3091,0,0,0,2k.csv
3091,1,1,0,2l.csv
3091,2,1,1,3a.csv
3091,10,10,0,3b.csv
3091,29,26,3,3c.csv
3091,29,26,3,3d.csv
3091,2,2,0,3e.csv
3091,1,1,0,3f.csv
3091,1,1,0,3g.csv
3092,1,0,1,1a.csv
3092,1,1,0,1b.csv
3092,0,0,0,1c.csv
3092,1,1,0,1e.csv
3092,0,0,0,1f.csv
3092,0,0,0,1g.csv
3092,1,1,0,1h.csv
3092,0,0,0,1i.csv
3092,0,0,0,1j.csv
3092,0,0,0,1k.csv
3092,1,1,0,1l.csv
3092,0,0,0,1m.csv
3092,1,1,0,2a.csv
3092,1,0,1,2b.csv
3092,0,0,0,2c.csv
3092,0,0,0,2d.csv
3092,0,0,0,2e.csv
3092,0,0,0,2f.csv
3092,0,0,0,2g.csv
3092,1,1,0,2h.csv
3092,0,0,0,2i.csv
3092,0,0,0,2j.csv
3092,0,0,0,2k.csv
3092,2,2,0,2l.csv
3092,2,1,1,3a.csv
3092,10,10,0,3b.csv
3092,37,33,4,3c.csv
3092,37,33,4,3d.csv
3092,2,2,0,3e.csv
3092,1,1,0,3f.csv
3092,1,1,0,3g.csv
3093,3,1,2,1a.csv
3093,1,1,0,1b.csv
3093,0,0,0,1c.csv
3093,1,1,0,1e.csv
3093,0,0,0,1f.csv
3093,0,0,0,1g.csv
3093,1,1,0,1h.csv
3093,0,0,0,1i.csv
3093,0,0,0,1j.csv
3093,0,0,0,1k.csv
3093,1,1,0,1l.csv
3093,0,0,0,1m.csv
3093,1,1,0,2a.csv
3093,0,0,0,2b.csv
3093,0,0,0,2c.csv
3093,0,0,0,2d.csv
3093,0,0,0,2e.csv
3093,0,0,0,2f.csv
3093,0,0,0,2g.csv
3093,1,1,0,2h.csv
3093,0,0,0,2i.csv
3093,0,0,0,2j.csv
3093,0,0,0,2k.csv
3093,2,2,0,2l.csv
3093,1,0,1,3a.csv
3093,10,10,0,3b.csv
3093,39,35,4,3c.csv
3093,39,35,4,3d.csv
3093,5,5,0,3e.csv
3093,1,1,0,3f.csv
3093,0,0,0,3g.csv
3094,3,1,2,1a.csv
3094,0,0,0,1b.csv
3094,1,1,0,1c.csv
3094,2,2,0,1e.csv
3094,0,0,0,1f.csv
3094,0,0,0,1g.csv
3094,1,1,0,1h.csv
3094,0,0,0,1i.csv
3094,0,0,0,1j.csv
3094,0,0,0,1k.csv
3094,1,1,0,1l.csv
3094,0,0,0,1m.csv
3094,2,2,0,2a.csv
3094,0,0,0,2b.csv
3094,0,0,0,2c.csv
3094,0,0,0,2d.csv
3094,0,0,0,2e.csv
3094,0,0,0,2f.csv
3094,0,0,0,2g.csv
3094,1,1,0,2h.csv
3094,0,0,0,2i.csv
3094,0,0,0,2j.csv
3094,0,0,0,2k.csv
3094,2,2,0,2l.csv
3094,1,0,1,3a.csv
3094,8,8,0,3b.csv
3094,45,40,5,3c.csv
3094,45,40,5,3d.csv
3094,5,5,0,3e.csv
3094,1,1,0,3f.csv
3094,0,0,0,3g.csv
3095,5,3,2,1a.csv
3095,0,0,0,1b.csv
3095,3,2,1,1c.csv
3095,2,2,0,1e.csv
3095,0,0,0,1f.csv
3095,0,0,0,1g.csv
3095,1,1,0,1h.csv
3095,0,0,0,1i.csv
3095,0,0,0,1j.csv
3095,1,1,0,1k.csv
3095,1,1,0,1l.csv
3095,0,0,0,1m.csv
3095,2,2,0,2a.csv
3095,0,0,0,2b.csv
3095,0,0,0,2c.csv
3095,0,0,0,2d.csv
3095,0,0,0,2e.csv
3095,0,0,0,2f.csv
3095,0,0,0,2g.csv
3095,1,1,0,2h.csv
3095,0,0,0,2i.csv
3095,0,0,0,2j.csv
3095,0,0,0,2k.csv
3095,2,2,0,2l.csv
3095,2,1,1,3a.csv
3095,7,7,0,3b.csv
3095,46,41,5,3c.csv
3095,46,41,5,3d.csv
3095,7,7,0,3e.csv
3095,1,1,0,3f.csv
3095,0,0,0,3g.csv
3096,7,5,2,1a.csv
3096,0,0,0,1b.csv
3096,3,2,1,1c.csv
3096,2,2,0,1e.csv
3096,0,0,0,1f.csv
3096,0,0,0,1g.csv
3096,1,1,0,1h.csv
3096,0,0,0,1i.csv
3096,0,0,0,1j.csv
3096,1,1,0,1k.csv
3096,1,1,0,1l.csv
3096,0,0,0,1m.csv
3096,1,1,0,2a.csv
3096,0,0,0,2b.csv
3096,0,0,0,2c.csv
3096,0,0,0,2d.csv
3096,0,0,0,2e.csv
3096,0,0,0,2f.csv
3096,0,0,0,2g.csv
3096,1,1,0,2h.csv
3096,0,0,0,2i.csv
3096,0,0,0,2j.csv
3096,0,0,0,2k.csv
3096,2,2,0,2l.csv
3096,3,2,1,3a.csv
3096,6,6,0,3b.csv
3096,46,41,5,3c.csv
3096,46,41,5,3d.csv
3096,8,8,0,3e.csv
3096,1,1,0,3f.csv
3096,1,1,0,3g.csv
3097,6,5,1,1a.csv
3097,0,0,0,1b.csv
3097,4,2,2,1c.csv
3097,2,2,0,1e.csv
3097,0,0,0,1f.csv
3097,0,0,0,1g.csv
3097,1,1,0,1h.csv
3097,0,0,0,1i.csv
3097,0,0,0,1j.csv
3097,1,1,0,1k.csv
3097,1,1,0,1l.csv
3097,0,0,0,1m.csv
3097,1,1,0,2a.csv
3097,0,0,0,2b.csv
3097,0,0,0,2c.csv
3097,0,0,0,2d.csv
3097,0,0,0,2e.csv
3097,0,0,0,2f.csv
3097,0,0,0,2g.csv
3097,2,1,1,2h.csv
3097,0,0,0,2i.csv
3097,0,0,0,2j.csv
3097,0,0,0,2k.csv
3097,2,2,0,2l.csv
3097,3,2,1,3a.csv
3097,5,5,0,3b.csv
3097,46,40,6,3c.csv
3097,46,40,6,3d.csv
3097,9,9,0,3e.csv
3097,1,1,0,3f.csv
3097,1,1,0,3g.csv
3098,8,7,1,1a.csv
3098,0,0,0,1b.csv
3098,4,2,2,1c.csv
3098,2,2,0,1e.csv
3098,0,0,0,1f.csv
3098,1,1,0,1g.csv
3098,1,1,0,1h.csv
3098,0,0,0,1i.csv
3098,0,0,0,1j.csv
3098,1,1,0,1k.csv
3098,1,1,0,1l.csv
3098,0,0,0,1m.csv
3098,1,1,0,2a.csv
3098,0,0,0,2b.csv
3098,0,0,0,2c.csv
3098,0,0,0,2d.csv
3098,0,0,0,2e.csv
3098,0,0,0,2f.csv
3098,0,0,0,2g.csv
3098,2,1,1,2h.csv
3098,0,0,0,2i.csv
3098,0,0,0,2j.csv
3098,0,0,0,2k.csv
3098,2,2,0,2l.csv
3098,2,2,0,3a.csv
3098,4,4,0,3b.csv
3098,42,37,5,3c.csv
3098,42,37,5,3d.csv
3098,8,8,0,3e.csv
3098,2,2,0,3f.csv
3098,1,1,0,3g.csv
3099,8,7,1,1a.csv
3099,0,0,0,1b.csv
3099,4,2,2,1c.csv
3099,2,2,0,1e.csv
3099,0,0,0,1f.csv
3099,1,1,0,1g.csv
3099,0,0,0,1h.csv
3099,0,0,0,1i.csv
3099,0,0,0,1j.csv
3099,1,1,0,1k.csv
3099,0,0,0,1l.csv
3099,0,0,0,1m.csv
3099,1,1,0,2a.csv
3099,1,1,0,2b.csv
3099,0,0,0,2c.csv
3099,0,0,0,2d.csv
3099,0,0,0,2e.csv
3099,0,0,0,2f.csv
3099,0,0,0,2g.csv
3099,1,0,1,2h.csv
3099,0,0,0,2i.csv
3099,0,0,0,2j.csv
3099,0,0,0,2k.csv
3099,3,3,0,2l.csv
3099,3,3,0,3a.csv
3099,3,3,0,3b.csv
3099,35,32,3,3c.csv
3099,35,32,3,3d.csv
3099,8,8,0,3e.csv
3099,1,1,0,3f.csv
3099,1,1,0,3g.csv
3100,9,8,1,1a.csv
3100,1,1,0,1b.csv
3100,4,2,2,1c.csv
3100,1,1,0,1e.csv
3100,0,0,0,1f.csv
3100,1,1,0,1g.csv
3100,0,0,0,1h.csv
3100,0,0,0,1i.csv
3100,0,0,0,1j.csv
3100,1,1,0,1k.csv
3100,0,0,0,1l.csv
3100,0,0,0,1m.csv
3100,2,2,0,2a.csv
3100,1,1,0,2b.csv
3100,0,0,0,2c.csv
3100,0,0,0,2d.csv
3100,0,0,0,2e.csv
3100,0,0,0,2f.csv
3100,0,0,0,2g.csv
3100,1,0,1,2h.csv
3100,0,0,0,2i.csv
3100,0,0,0,2j.csv
3100,0,0,0,2k.csv
3100,2,2,0,2l.csv
3100,3,3,0,3a.csv
3100,3,2,1,3b.csv
3100,29,27,2,3c.csv
3100,29,27,2,3d.csv
3100,9,9,0,3e.csv
3100,1,1,0,3f.csv
3100,1,1,0,3g.csv
3101,7,7,0,1a.csv
3101,1,1,0,1b.csv
3101,4,2,2,1c.csv
3101,2,2,0,1e.csv
3101,0,0,0,1f.csv
3101,1,1,0,1g.csv
3101,0,0,0,1h.csv
3101,0,0,0,1i.csv
3101,0,0,0,1j.csv
3101,1,1,0,1k.csv
3101,0,0,0,1l.csv
3101,0,0,0,1m.csv
3101,2,2,0,2a.csv
3101,1,1,0,2b.csv
3101,0,0,0,2c.csv
3101,0,0,0,2d.csv
3101,0,0,0,2e.csv
3101,0,0,0,2f.csv
3101,0,0,0,2g.csv
3101,1,0,1,2h.csv
3101,0,0,0,2i.csv
3101,0,0,0,2j.csv
3101,0,0,0,2k.csv
3101,2,2,0,2l.csv
3101,3,3,0,3a.csv
3101,1,0,1,3b.csv
3101,26,24,2,3c.csv
3101,26,24,2,3d.csv
3101,7,7,0,3e.csv
3101,2,2,0,3f.csv
3101,1,1,0,3g.csv
3102,8,8,0,1a.csv
3102,1,1,0,1b.csv
3102,4,2,2,1c.csv
3102,1,1,0,1e.csv
3102,0,0,0,1f.csv
3102,1,1,0,1g.csv
3102,0,0,0,1h.csv
3102,0,0,0,1i.csv
3102,0,0,0,1j.csv
3102,1,1,0,1k.csv
3102,0,0,0,1l.csv
3102,0,0,0,1m.csv
3102,1,1,0,2a.csv
3102,1,1,0,2b.csv
3102,0,0,0,2c.csv
3102,0,0,0,2d.csv
3102,0,0,0,2e.csv
3102,0,0,0,2f.csv
3102,0,0,0,2g.csv
3102,1,0,1,2h.csv
3102,0,0,0,2i.csv
3102,0,0,0,2j.csv
3102,0,0,0,2k.csv
3102,3,3,0,2l.csv
3102,4,4,0,3a.csv
3102,1,0,1,3b.csv
3102,20,19,1,3c.csv
3102,20,19,1,3d.csv
3102,7,7,0,3e.csv
3102,2,2,0,3f.csv
3102,1,1,0,3g.csv
3103,6,6,0,1a.csv
3103,1,1,0,1b.csv
3103,2,1,1,1c.csv
3103,1,1,0,1e.csv
3103,1,1,0,1f.csv
3103,1,1,0,1g.csv
3103,0,0,0,1h.csv
3103,0,0,0,1i.csv
3103,0,0,0,1j.csv
3103,0,0,0,1k.csv
3103,0,0,0,1l.csv
3103,0,0,0,1m.csv
3103,1,1,0,2a.csv
3103,1,1,0,2b.csv
3103,0,0,0,2c.csv
3103,0,0,0,2d.csv
3103,0,0,0,2e.csv
3103,0,0,0,2f.csv
3103,0,0,0,2g.csv
3103,1,0,1,2h.csv
3103,0,0,0,2i.csv
3103,0,0,0,2j.csv
3103,0,0,0,2k.csv
3103,3,3,0,2l.csv
3103,3,3,0,3a.csv
3103,2,1,1,3b.csv
3103,19,18,1,3c.csv
3103,19,18,1,3d.csv
3103,5,5,0,3e.csv
3103,2,2,0,3f.csv
3103,1,1,0,3g.csv
3104,4,4,0,1a.csv
3104,1,1,0,1b.csv
3104,2,1,1,1c.csv
3104,1,1,0,1e.csv
3104,1,1,0,1f.csv
3104,2,2,0,1g.csv
3104,0,0,0,1h.csv
3104,0,0,0,1i.csv
3104,0,0,0,1j.csv
3104,0,0,0,1k.csv
3104,0,0,0,1l.csv
3104,0,0,0,1m.csv
3104,1,1,0,2a.csv
3104,1,1,0,2b.csv
3104,0,0,0,2c.csv
3104,0,0,0,2d.csv
3104,0,0,0,2e.csv
3104,0,0,0,2f.csv
3104,0,0,0,2g.csv
3104,1,0,1,2h.csv
3104,0,0,0,2i.csv
3104,0,0,0,2j.csv
3104,0,0,0,2k.csv
3104,4,4,0,2l.csv
3104,3,3,0,3a.csv
3104,3,2,1,3b.csv
3104,18,17,1,3c.csv
3104,18,17,1,3d.csv
3104,4,4,0,3e.csv
3104,2,2,0,3f.csv
3104,0,0,0,3g.csv
3105,4,4,0,1a.csv
3105,2,2,0,1b.csv
3105,2,1,1,1c.csv
3105,1,1,0,1e.csv
3105,1,1,0,1f.csv
3105,2,2,0,1g.csv
3105,0,0,0,1h.csv
3105,0,0,0,1i.csv
3105,0,0,0,1j.csv
3105,0,0,0,1k.csv
3105,0,0,0,1l.csv
3105,0,0,0,1m.csv
3105,1,1,0,2a.csv
3105,1,1,0,2b.csv
3105,0,0,0,2c.csv
3105,0,0,0,2d.csv
3105,0,0,0,2e.csv
3105,0,0,0,2f.csv
3105,0,0,0,2g.csv
3105,0,0,0,2h.csv
3105,0,0,0,2i.csv
3105,0,0,0,2j.csv
3105,0,0,0,2k.csv
3105,4,4,0,2l.csv
3105,5,5,0,3a.csv
3105,4,3,1,3b.csv
3105,15,15,0,3c.csv
3105,15,15,0,3d.csv
3105,2,2,0,3e.csv
3105,2,2,0,3f.csv
3105,0,0,0,3g.csv
3106,2,2,0,1a.csv
3106,2,2,0,1b.csv
3106,2,1,1,1c.csv
3106,1,1,0,1e.csv
3106,1,1,0,1f.csv
3106,1,1,0,1g.csv
3106,0,0,0,1h.csv
3106,0,0,0,1i.csv
3106,0,0,0,1j.csv
3106,0,0,0,1k.csv
3106,0,0,0,1l.csv
3106,0,0,0,1m.csv
3106,1,1,0,2a.csv
3106,1,1,0,2b.csv
3106,0,0,0,2c.csv
3106,0,0,0,2d.csv
3106,0,0,0,2e.csv
3106,0,0,0,2f.csv
3106,0,0,0,2g.csv
3106,0,0,0,2h.csv
3106,0,0,0,2i.csv
3106,0,0,0,2j.csv
3106,0,0,0,2k.csv
3106,4,4,0,2l.csv
3106,7,7,0,3a.csv
3106,4,3,1,3b.csv
3106,13,13,0,3c.csv
3106,13,13,0,3d.csv
3106,2,2,0,3e.csv
3106,1,1,0,3f.csv
3106,0,0,0,3g.csv
3107,2,2,0,1a.csv
3107,2,2,0,1b.csv
3107,2,1,1,1c.csv
3107,1,1,0,1e.csv
3107,1,1,0,1f.csv
3107,1,1,0,1g.csv
3107,0,0,0,1h.csv
3107,0,0,0,1i.csv
3107,0,0,0,1j.csv
3107,0,0,0,1k.csv
3107,0,0,0,1l.csv
3107,0,0,0,1m.csv
3107,1,1,0,2a.csv
3107,0,0,0,2b.csv
3107,0,0,0,2c.csv
3107,0,0,0,2d.csv
3107,0,0,0,2e.csv
3107,0,0,0,2f.csv
3107,0,0,0,2g.csv
3107,0,0,0,2h.csv
3107,0,0,0,2i.csv
3107,0,0,0,2j.csv
3107,0,0,0,2k.csv
3107,3,3,0,2l.csv
3107,6,6,0,3a.csv
3107,6,5,1,3b.csv
3107,12,12,0,3c.csv
3107,12,12,0,3d.csv
3107,2,2,0,3e.csv
3107,1,1,0,3f.csv
3107,0,0,0,3g.csv
3108,1,1,0,1a.csv
3108,2,1,1,1b.csv
3108,2,1,1,1c.csv
3108,1,1,0,1e.csv
3108,1,1,0,1f.csv
3108,1,1,0,1g.csv
3108,0,0,0,1h.csv
3108,0,0,0,1i.csv
3108,0,0,0,1j.csv
3108,0,0,0,1k.csv
3108,0,0,0,1l.csv
3108,0,0,0,1m.csv
3108,0,0,0,2a.csv
3108,0,0,0,2b.csv
3108,0,0,0,2c.csv
3108,0,0,0,2d.csv
3108,0,0,0,2e.csv
3108,0,0,0,2f.csv
3108,0,0,0,2g.csv
3108,0,0,0,2h.csv
3108,0,0,0,2i.csv
3108,0,0,0,2j.csv
3108,0,0,0,2k.csv
3108,3,3,0,2l.csv
3108,6,6,0,3a.csv
3108,7,7,0,3b.csv
3108,10,10,0,3c.csv
3108,10,10,0,3d.csv
3108,2,2,0,3e.csv
3108,1,1,0,3f.csv
3108,1,0,1,3g.csv
3109,1,1,0,1a.csv
3109,2,1,1,1b.csv
3109,2,1,1,1c.csv
3109,0,0,0,1e.csv
3109,1,1,0,1f.csv
3109,1,1,0,1g.csv
3109,0,0,0,1h.csv
3109,0,0,0,1i.csv
3109,0,0,0,1j.csv
3109,1,1,0,1k.csv
3109,0,0,0,1l.csv
3109,0,0,0,1m.csv
3109,0,0,0,2a.csv
3109,0,0,0,2b.csv
3109,0,0,0,2c.csv
3109,0,0,0,2d.csv
3109,0,0,0,2e.csv
3109,0,0,0,2f.csv
3109,0,0,0,2g.csv
3109,0,0,0,2h.csv
3109,0,0,0,2i.csv
3109,0,0,0,2j.csv
3109,0,0,0,2k.csv
3109,3,3,0,2l.csv
3109,8,6,2,3a.csv
3109,7,7,0,3b.csv
3109,10,10,0,3c.csv
3109,10,10,0,3d.csv
3109,1,1,0,3e.csv
3109,0,0,0,3f.csv
3109,1,0,1,3g.csv
3110,0,0,0,1a.csv
3110,4,2,2,1b.csv
3110,2,1,1,1c.csv
3110,0,0,0,1e.csv
3110,1,1,0,1f.csv
3110,1,1,0,1g.csv
3110,0,0,0,1h.csv
3110,0,0,0,1i.csv
3110,0,0,0,1j.csv
3110,1,1,0,1k.csv
3110,0,0,0,1l.csv
3110,0,0,0,1m.csv
3110,0,0,0,2a.csv
3110,0,0,0,2b.csv
3110,0,0,0,2c.csv
3110,0,0,0,2d.csv
3110,0,0,0,2e.csv
3110,0,0,0,2f.csv
3110,0,0,0,2g.csv
3110,0,0,0,2h.csv
3110,0,0,0,2i.csv
3110,0,0,0,2j.csv
3110,0,0,0,2k.csv
3110,4,4,0,2l.csv
3110,7,5,2,3a.csv
3110,8,8,0,3b.csv
3110,9,9,0,3c.csv
3110,9,9,0,3d.csv
3110,2,2,0,3e.csv
3110,0,0,0,3f.csv
3110,2,1,1,3g.csv
3111,0,0,0,1a.csv
3111,4,2,2,1b.csv
3111,2,1,1,1c.csv
3111,0,0,0,1e.csv
3111,1,1,0,1f.csv
3111,1,1,0,1g.csv
3111,0,0,0,1h.csv
3111,0,0,0,1i.csv
3111,0,0,0,1j.csv
3111,1,1,0,1k.csv
3111,0,0,0,1l.csv
3111,0,0,0,1m.csv
3111,0,0,0,2a.csv
3111,0,0,0,2b.csv
3111,0,0,0,2c.csv
3111,0,0,0,2d.csv
3111,0,0,0,2e.csv
3111,1,0,1,2f.csv
3111,0,0,0,2g.csv
3111,0,0,0,2h.csv
3111,0,0,0,2i.csv
3111,0,0,0,2j.csv
3111,0,0,0,2k.csv
3111,3,3,0,2l.csv
3111,7,5,2,3a.csv
3111,10,10,0,3b.csv
3111,5,5,0,3c.csv
3111,5,5,0,3d.csv
3111,2,2,0,3e.csv
3111,0,0,0,3f.csv
3111,2,1,1,3g.csv
3112,0,0,0,1a.csv
3112,4,2,2,1b.csv
3112,3,2,1,1c.csv
3112,0,0,0,1e.csv
3112,1,1,0,1f.csv
3112,0,0,0,1g.csv
3112,0,0,0,1h.csv
3112,0,0,0,1i.csv
3112,0,0,0,1j.csv
3112,1,1,0,1k.csv
3112,0,0,0,1l.csv
3112,0,0,0,1m.csv
3112,0,0,0,2a.csv
3112,0,0,0,2b.csv
3112,0,0,0,2c.csv
3112,0,0,0,2d.csv
3112,0,0,0,2e.csv
3112,1,0,1,2f.csv
3112,0,0,0,2g.csv
3112,0,0,0,2h.csv
3112,0,0,0,2i.csv
3112,0,0,0,2j.csv
3112,0,0,0,2k.csv
3112,2,2,0,2l.csv
3112,7,5,2,3a.csv
3112,10,10,0,3b.csv
3112,5,5,0,3c.csv
3112,5,5,0,3d.csv
3112,2,2,0,3e.csv
3112,0,0,0,3f.csv
3112,2,1,1,3g.csv
3113,0,0,0,1a.csv
3113,3,1,2,1b.csv
3113,2,2,0,1c.csv
3113,0,0,0,1e.csv
3113,1,1,0,1f.csv
3113,0,0,0,1g.csv
3113,0,0,0,1h.csv
3113,0,0,0,1i.csv
3113,0,0,0,1j.csv
3113,1,1,0,1k.csv
3113,0,0,0,1l.csv
3113,0,0,0,1m.csv
3113,0,0,0,2a.csv
3113,0,0,0,2b.csv
3113,0,0,0,2c.csv
3113,0,0,0,2d.csv
3113,0,0,0,2e.csv
3113,1,0,1,2f.csv
3113,0,0,0,2g.csv
3113,0,0,0,2h.csv
3113,0,0,0,2i.csv
3113,0,0,0,2j.csv
3113,0,0,0,2k.csv
3113,2,2,0,2l.csv
3113,5,3,2,3a.csv
3113,11,11,0,3b.csv
3113,6,5,1,3c.csv
3113,6,5,1,3d.csv
3113,2,2,0,3e.csv
3113,0,0,0,3f.csv
3113,2,1,1,3g.csv
3114,1,1,0,1a.csv
3114,3,1,2,1b.csv
3114,3,2,1,1c.csv
3114,0,0,0,1e.csv
3114,1,1,0,1f.csv
3114,0,0,0,1g.csv
3114,0,0,0,1h.csv
3114,0,0,0,1i.csv
3114,0,0,0,1j.csv
3114,1,1,0,1k.csv
3114,1,1,0,1l.csv
3114,0,0,0,1m.csv
3114,0,0,0,2a.csv
3114,0,0,0,2b.csv
3114,0,0,0,2c.csv
3114,0,0,0,2d.csv
3114,0,0,0,2e.csv
3114,1,0,1,2f.csv
3114,0,0,0,2g.csv
3114,0,0,0,2h.csv
3114,0,0,0,2i.csv
3114,0,0,0,2j.csv
3114,0,0,0,2k.csv
3114,2,2,0,2l.csv
3114,4,2,2,3a.csv
3114,12,12,0,3b.csv
3114,5,4,1,3c.csv
3114,5,4,1,3d.csv
3114,2,2,0,3e.csv
3114,0,0,0,3f.csv
3114,2,1,1,3g.csv
3115,2,2,0,1a.csv
3115,4,2,2,1b.csv
3115,3,2,1,1c.csv
3115,0,0,0,1e.csv
3115,1,1,0,1f.csv
3115,1,0,1,1g.csv
3115,0,0,0,1h.csv
3115,0,0,0,1i.csv
3115,0,0,0,1j.csv
3115,1,1,0,1k.csv
3115,1,1,0,1l.csv
3115,0,0,0,1m.csv
3115,0,0,0,2a.csv
3115,0,0,0,2b.csv
3115,0,0,0,2c.csv
3115,0,0,0,2d.csv
3115,0,0,0,2e.csv
3115,1,0,1,2f.csv
3115,0,0,0,2g.csv
3115,0,0,0,2h.csv
3115,0,0,0,2i.csv
3115,0,0,0,2j.csv
3115,0,0,0,2k.csv
3115,2,2,0,2l.csv
3115,5,3,2,3a.csv
3115,10,10,0,3b.csv
3115,6,5,1,3c.csv
3115,6,5,1,3d.csv
3115,2,2,0,3e.csv
3115,0,0,0,3f.csv
3115,2,1,1,3g.csv
3116,2,2,0,1a.csv
3116,3,2,1,1b.csv
3116,3,2,1,1c.csv
3116,0,0,0,1e.csv
3116,1,1,0,1f.csv
3116,1,0,1,1g.csv
3116,0,0,0,1h.csv
3116,0,0,0,1i.csv
3116,0,0,0,1j.csv
3116,1,1,0,1k.csv
3116,1,1,0,1l.csv
3116,1,0,1,1m.csv
3116,0,0,0,2a.csv
3116,0,0,0,2b.csv
3116,0,0,0,2c.csv
3116,0,0,0,2d.csv
3116,0,0,0,2e.csv
3116,1,0,1,2f.csv
3116,0,0,0,2g.csv
3116,0,0,0,2h.csv
3116,0,0,0,2i.csv
3116,0,0,0,2j.csv
3116,0,0,0,2k.csv
3116,2,2,0,2l.csv
3116,5,3,2,3a.csv
3116,9,9,0,3b.csv
3116,8,7,1,3c.csv
3116,8,7,1,3d.csv
3116,1,1,0,3e.csv
3116,0,0,0,3f.csv
3116,1,1,0,3g.csv
3117,2,2,0,1a.csv
3117,4,3,1,1b.csv
3117,3,2,1,1c.csv
3117,0,0,0,1e.csv
3117,1,1,0,1f.csv
3117,1,0,1,1g.csv
3117,0,0,0,1h.csv
3117,0,0,0,1i.csv
3117,0,0,0,1j.csv
3117,0,0,0,1k.csv
3117,1,1,0,1l.csv
3117,1,0,1,1m.csv
3117,0,0,0,2a.csv
3117,0,0,0,2b.csv
3117,0,0,0,2c.csv
3117,0,0,0,2d.csv
3117,0,0,0,2e.csv
3117,1,0,1,2f.csv
3117,0,0,0,2g.csv
3117,0,0,0,2h.csv
3117,0,0,0,2i.csv
3117,0,0,0,2j.csv
3117,0,0,0,2k.csv
3117,2,2,0,2l.csv
3117,3,3,0,3a.csv
3117,9,9,0,3b.csv
3117,7,6,1,3c.csv
3117,7,6,1,3d.csv
3117,1,1,0,3e.csv
3117,0,0,0,3f.csv
3117,2,2,0,3g.csv
3118,2,2,0,1a.csv
3118,4,4,0,1b.csv
3118,2,1,1,1c.csv
3118,1,1,0,1e.csv
3118,1,1,0,1f.csv
3118,1,0,1,1g.csv
3118,0,0,0,1h.csv
3118,0,0,0,1i.csv
3118,0,0,0,1j.csv
3118,0,0,0,1k.csv
3118,1,1,0,1l.csv
3118,1,0,1,1m.csv
3118,0,0,0,2a.csv
3118,0,0,0,2b.csv
3118,0,0,0,2c.csv
3118,0,0,0,2d.csv
3118,0,0,0,2e.csv
3118,1,0,1,2f.csv
3118,0,0,0,2g.csv
3118,0,0,0,2h.csv
3118,0,0,0,2i.csv
3118,0,0,0,2j.csv
3118,0,0,0,2k.csv
3118,0,0,0,2l.csv
3118,5,4,1,3a.csv
3118,9,9,0,3b.csv
3118,6,5,1,3c.csv
3118,6,5,1,3d.csv
3118,0,0,0,3e.csv
3118,0,0,0,3f.csv
3118,2,2,0,3g.csv
3119,2,2,0,1a.csv
3119,5,5,0,1b.csv
3119,2,1,1,1c.csv
3119,1,1,0,1e.csv
3119,0,0,0,1f.csv
3119,1,0,1,1g.csv
3119,0,0,0,1h.csv
3119,0,0,0,1i.csv
3119,0,0,0,1j.csv
3119,0,0,0,1k.csv
3119,1,1,0,1l.csv
3119,1,0,1,1m.csv
3119,0,0,0,2a.csv
3119,0,0,0,2b.csv
3119,0,0,0,2c.csv
3119,0,0,0,2d.csv
3119,0,0,0,2e.csv
3119,0,0,0,2f.csv
3119,0,0,0,2g.csv
3119,0,0,0,2h.csv
3119,0,0,0,2i.csv
3119,0,0,0,2j.csv
3119,0,0,0,2k.csv
3119,1,1,0,2l.csv
3119,5,4,1,3a.csv
3119,7,7,0,3b.csv
3119,6,5,1,3c.csv
3119,6,5,1,3d.csv
3119,0,0,0,3e.csv
3119,0,0,0,3f.csv
3119,3,2,1,3g.csv
3120,2,2,0,1a.csv
3120,5,5,0,1b.csv
3120,1,0,1,1c.csv
3120,1,1,0,1e.csv
3120,1,1,0,1f.csv
3120,1,0,1,1g.csv
3120,0,0,0,1h.csv
3120,0,0,0,1i.csv
3120,0,0,0,1j.csv
3120,0,0,0,1k.csv
3120,1,1,0,1l.csv
3120,1,0,1,1m.csv
3120,0,0,0,2a.csv
3120,1,1,0,2b.csv
3120,0,0,0,2c.csv
3120,0,0,0,2d.csv
3120,0,0,0,2e.csv
3120,0,0,0,2f.csv
3120,0,0,0,2g.csv
3120,0,0,0,2h.csv
3120,0,0,0,2i.csv
3120,0,0,0,2j.csv
3120,0,0,0,2k.csv
3120,1,1,0,2l.csv
3120,4,3,1,3a.csv
3120,7,7,0,3b.csv
3120,5,4,1,3c.csv
3120,5,4,1,3d.csv
3120,0,0,0,3e.csv
3120,0,0,0,3f.csv
3120,3,2,1,3g.csv
3121,3,3,0,1a.csv
3121,7,6,1,1b.csv
3121,1,0,1,1c.csv
3121,1,1,0,1e.csv
3121,1,1,0,1f.csv
3121,1,0,1,1g.csv
3121,0,0,0,1h.csv
3121,0,0,0,1i.csv
3121,0,0,0,1j.csv
3121,0,0,0,1k.csv
3121,1,1,0,1l.csv
3121,1,0,1,1m.csv
3121,0,0,0,2a.csv
3121,1,1,0,2b.csv
3121,0,0,0,2c.csv
3121,0,0,0,2d.csv
3121,0,0,0,2e.csv
3121,0,0,0,2f.csv
3121,0,0,0,2g.csv
3121,0,0,0,2h.csv
3121,0,0,0,2i.csv
3121,0,0,0,2j.csv
3121,0,0,0,2k.csv
3121,2,2,0,2l.csv
3121,6,5,1,3a.csv
3121,8,8,0,3b.csv
3121,4,4,0,3c.csv
3121,4,4,0,3d.csv
3121,0,0,0,3e.csv
3121,0,0,0,3f.csv
3121,3,2,1,3g.csv
3122,2,2,0,1a.csv
3122,8,6,2,1b.csv
3122,0,0,0,1c.csv
3122,1,1,0,1e.csv
3122,1,1,0,1f.csv
3122,1,0,1,1g.csv
3122,0,0,0,1h.csv
3122,0,0,0,1i.csv
3122,0,0,0,1j.csv
3122,0,0,0,1k.csv
3122,0,0,0,1l.csv
3122,1,0,1,1m.csv
3122,0,0,0,2a.csv
3122,1,1,0,2b.csv
3122,0,0,0,2c.csv
3122,0,0,0,2d.csv
3122,0,0,0,2e.csv
3122,0,0,0,2f.csv
3122,0,0,0,2g.csv
3122,0,0,0,2h.csv
3122,0,0,0,2i.csv
3122,0,0,0,2j.csv
3122,0,0,0,2k.csv
3122,2,2,0,2l.csv
3122,5,4,1,3a.csv
3122,11,11,0,3b.csv
3122,4,4,0,3c.csv
3122,4,4,0,3d.csv
3122,0,0,0,3e.csv
3122,0,0,0,3f.csv
3122,3,2,1,3g.csv
3123,1,1,0,1a.csv
3123,8,6,2,1b.csv
3123,0,0,0,1c.csv
3123,1,1,0,1e.csv
3123,1,1,0,1f.csv
3123,0,0,0,1g.csv
3123,0,0,0,1h.csv
3123,0,0,0,1i.csv
3123,0,0,0,1j.csv
3123,0,0,0,1k.csv
3123,0,0,0,1l.csv
3123,2,1,1,1m.csv
3123,2,1,1,2a.csv
3123,1,1,0,2b.csv
3123,0,0,0,2c.csv
3123,0,0,0,2d.csv
3123,0,0,0,2e.csv
3123,0,0,0,2f.csv
3123,0,0,0,2g.csv
3123,0,0,0,2h.csv
3123,0,0,0,2i.csv
3123,0,0,0,2j.csv
3123,0,0,0,2k.csv
3123,2,2,0,2l.csv
3123,4,3,1,3a.csv
3123,11,11,0,3b.csv
3123,3,3,0,3c.csv
3123,3,3,0,3d.csv
3123,0,0,0,3e.csv
3123,0,0,0,3f.csv
3123,3,2,1,3g.csv
3124,2,1,1,1a.csv
3124,8,6,2,1b.csv
3124,1,1,0,1c.csv
3124,1,1,0,1e.csv
3124,1,1,0,1f.csv
3124,0,0,0,1g.csv
3124,0,0,0,1h.csv
3124,0,0,0,1i.csv
3124,0,0,0,1j.csv
3124,0,0,0,1k.csv
3124,0,0,0,1l.csv
3124,1,1,0,1m.csv
3124,2,1,1,2a.csv
3124,1,1,0,2b.csv
3124,0,0,0,2c.csv
3124,0,0,0,2d.csv
3124,0,0,0,2e.csv
3124,0,0,0,2f.csv
3124,0,0,0,2g.csv
3124,0,0,0,2h.csv
3124,0,0,0,2i.csv
3124,0,0,0,2j.csv
3124,0,0,0,2k.csv
3124,2,2,0,2l.csv
3124,4,3,1,3a.csv
3124,11,11,0,3b.csv
3124,2,2,0,3c.csv
3124,2,2,0,3d.csv
3124,0,0,0,3e.csv
3124,0,0,0,3f.csv
3124,3,2,1,3g.csv
3125,2,1,1,1a.csv
3125,7,5,2,1b.csv
3125,1,1,0,1c.csv
3125,1,1,0,1e.csv
3125,1,1,0,1f.csv
3125,0,0,0,1g.csv
3125,0,0,0,1h.csv
3125,0,0,0,1i.csv
3125,0,0,0,1j.csv
3125,0,0,0,1k.csv
3125,0,0,0,1l.csv
3125,2,2,0,1m.csv
3125,2,1,1,2a.csv
3125,1,1,0,2b.csv
3125,0,0,0,2c.csv
3125,0,0,0,2d.csv
3125,0,0,0,2e.csv
3125,0,0,0,2f.csv
3125,0,0,0,2g.csv
3125,0,0,0,2h.csv
3125,0,0,0,2i.csv
3125,0,0,0,2j.csv
3125,0,0,0,2k.csv
3125,3,3,0,2l.csv
3125,5,3,2,3a.csv
3125,11,11,0,3b.csv
3125,2,2,0,3c.csv
3125,2,2,0,3d.csv
3125,0,0,0,3e.csv
3125,0,0,0,3f.csv
3125,3,1,2,3g.csv
3126,2,1,1,1a.csv
3126,5,3,2,1b.csv
3126,1,1,0,1c.csv
3126,1,1,0,1e.csv
3126,1,1,0,1f.csv
3126,0,0,0,1g.csv
3126,0,0,0,1h.csv
3126,0,0,0,1i.csv
3126,0,0,0,1j.csv
3126,0,0,0,1k.csv
3126,1,1,0,1l.csv
3126,2,2,0,1m.csv
3126,2,1,1,2a.csv
3126,1,1,0,2b.csv
3126,0,0,0,2c.csv
3126,0,0,0,2d.csv
3126,0,0,0,2e.csv
3126,0,0,0,2f.csv
3126,0,0,0,2g.csv
3126,0,0,0,2h.csv
3126,0,0,0,2i.csv
3126,0,0,0,2j.csv
3126,0,0,0,2k.csv
3126,3,3,0,2l.csv
3126,4,3,1,3a.csv
3126,10,10,0,3b.csv
3126,2,2,0,3c.csv
3126,2,2,0,3d.csv
3126,0,0,0,3e.csv
3126,0,0,0,3f.csv
3126,2,0,2,3g.csv
3127,3,2,1,1a.csv
3127,4,2,2,1b.csv
3127,1,1,0,1c.csv
3127,1,1,0,1e.csv
3127,2,2,0,1f.csv
3127,0,0,0,1g.csv
3127,0,0,0,1h.csv
3127,0,0,0,1i.csv
3127,0,0,0,1j.csv
3127,0,0,0,1k.csv
3127,1,1,0,1l.csv
3127,2,2,0,1m.csv
3127,2,1,1,2a.csv
3127,1,1,0,2b.csv
3127,0,0,0,2c.csv
3127,0,0,0,2d.csv
3127,0,0,0,2e.csv
3127,0,0,0,2f.csv
3127,0,0,0,2g.csv
3127,0,0,0,2h.csv
3127,0,0,0,2i.csv
3127,0,0,0,2j.csv
3127,0,0,0,2k.csv
3127,2,2,0,2l.csv
3127,5,4,1,3a.csv
3127,9,9,0,3b.csv
3127,2,2,0,3c.csv
3127,2,2,0,3d.csv
3127,1,1,0,3e.csv
3127,0,0,0,3f.csv
3127,1,0,1,3g.csv
3128,4,3,1,1a.csv
3128,4,2,2,1b.csv
3128,1,1,0,1c.csv
3128,1,1,0,1e.csv
3128,1,1,0,1f.csv
3128,0,0,0,1g.csv
3128,0,0,0,1h.csv
3128,0,0,0,1i.csv
3128,0,0,0,1j.csv
3128,0,0,0,1k.csv
3128,2,2,0,1l.csv
3128,2,2,0,1m.csv
3128,2,1,1,2a.csv
3128,0,0,0,2b.csv
3128,0,0,0,2c.csv
3128,0,0,0,2d.csv
3128,0,0,0,2e.csv
3128,0,0,0,2f.csv
3128,0,0,0,2g.csv
3128,0,0,0,2h.csv
3128,0,0,0,2i.csv
3128,0,0,0,2j.csv
3128,0,0,0,2k.csv
3128,2,2,0,2l.csv
3128,6,5,1,3a.csv
3128,9,9,0,3b.csv
3128,2,2,0,3c.csv
3128,2,2,0,3d.csv
3128,1,1,0,3e.csv
3128,0,0,0,3f.csv
3128,1,0,1,3g.csv
3129,3,2,1,1a.csv
3129,2,1,1,1b.csv
3129,1,1,0,1c.csv
3129,1,1,0,1e.csv
3129,2,2,0,1f.csv
3129,0,0,0,1g.csv
3129,0,0,0,1h.csv
3129,0,0,0,1i.csv
3129,0,0,0,1j.csv
3129,0,0,0,1k.csv
3129,2,2,0,1l.csv
3129,2,2,0,1m.csv
3129,2,1,1,2a.csv
3129,0,0,0,2b.csv
3129,0,0,0,2c.csv
3129,0,0,0,2d.csv
3129,0,0,0,2e.csv
3129,0,0,0,2f.csv
3129,0,0,0,2g.csv
3129,0,0,0,2h.csv
3129,0,0,0,2i.csv
3129,0,0,0,2j.csv
3129,0,0,0,2k.csv
3129,2,1,1,2l.csv
3129,4,3,1,3a.csv
3129,6,6,0,3b.csv
3129,1,1,0,3c.csv
3129,1,1,0,3d.csv
3129,1,1,0,3e.csv
3129,0,0,0,3f.csv
3129,2,0,2,3g.csv
3130,4,2,2,1a.csv
3130,2,2,0,1b.csv
3130,1,1,0,1c.csv
3130,1,1,0,1e.csv
3130,3,2,1,1f.csv
3130,0,0,0,1g.csv
3130,0,0,0,1h.csv
3130,0,0,0,1i.csv
3130,0,0,0,1j.csv
3130,0,0,0,1k.csv
3130,2,2,0,1l.csv
3130,2,2,0,1m.csv
3130,2,1,1,2a.csv
3130,0,0,0,2b.csv
3130,0,0,0,2c.csv
3130,0,0,0,2d.csv
3130,0,0,0,2e.csv
3130,0,0,0,2f.csv
3130,0,0,0,2g.csv
3130,0,0,0,2h.csv
3130,0,0,0,2i.csv
3130,0,0,0,2j.csv
3130,0,0,0,2k.csv
3130,2,1,1,2l.csv
3130,4,3,1,3a.csv
3130,2,2,0,3b.csv
3130,1,1,0,3c.csv
3130,1,1,0,3d.csv
3130,1,1,0,3e.csv
3130,0,0,0,3f.csv
3130,3,1,2,3g.csv
3131,5,3,2,1a.csv
3131,4,3,1,1b.csv
3131,1,1,0,1c.csv
3131,1,1,0,1e.csv
3131,3,2,1,1f.csv
3131,0,0,0,1g.csv
3131,0,0,0,1h.csv
3131,0,0,0,1i.csv
3131,0,0,0,1j.csv
3131,0,0,0,1k.csv
3131,2,2,0,1l.csv
3131,1,1,0,1m.csv
3131,0,0,0,2a.csv
3131,0,0,0,2b.csv
3131,0,0,0,2c.csv
3131,1,1,0,2d.csv
3131,0,0,0,2e.csv
3131,0,0,0,2f.csv
3131,0,0,0,2g.csv
3131,0,0,0,2h.csv
3131,0,0,0,2i.csv
3131,0,0,0,2j.csv
3131,0,0,0,2k.csv
3131,2,1,1,2l.csv
3131,4,3,1,3a.csv
3131,3,3,0,3b.csv
3131,1,1,0,3c.csv
3131,1,1,0,3d.csv
3131,1,1,0,3e.csv
3131,0,0,0,3f.csv
3131,3,1,2,3g.csv
3132,4,3,1,1a.csv
3132,4,3,1,1b.csv
3132,1,1,0,1c.csv
3132,1,1,0,1e.csv
3132,3,2,1,1f.csv
3132,0,0,0,1g.csv
3132,0,0,0,1h.csv
3132,0,0,0,1i.csv
3132,0,0,0,1j.csv
3132,0,0,0,1k.csv
3132,3,3,0,1l.csv
3132,1,1,0,1m.csv
3132,0,0,0,2a.csv
3132,0,0,0,2b.csv
3132,0,0,0,2c.csv
3132,1,1,0,2d.csv
3132,0,0,0,2e.csv
3132,0,0,0,2f.csv
3132,0,0,0,2g.csv
3132,0,0,0,2h.csv
3132,0,0,0,2i.csv
3132,0,0,0,2j.csv
3132,0,0,0,2k.csv
3132,2,1,1,2l.csv
3132,6,5,1,3a.csv
3132,3,3,0,3b.csv
3132,0,0,0,3c.csv
3132,0,0,0,3d.csv
3132,1,1,0,3e.csv
3132,0,0,0,3f.csv
3132,3,1,2,3g.csv
3133,5,4,1,1a.csv
3133,5,3,2,1b.csv
3133,2,1,1,1c.csv
3133,1,1,0,1e.csv
3133,3,2,1,1f.csv
3133,0,0,0,1g.csv
3133,0,0,0,1h.csv
3133,0,0,0,1i.csv
3133,0,0,0,1j.csv
3133,0,0,0,1k.csv
3133,3,3,0,1l.csv
3133,0,0,0,1m.csv
3133,0,0,0,2a.csv
3133,1,1,0,2b.csv
3133,0,0,0,2c.csv
3133,1,1,0,2d.csv
3133,0,0,0,2e.csv
3133,0,0,0,2f.csv
3133,0,0,0,2g.csv
3133,1,0,1,2h.csv
3133,0,0,0,2i.csv
3133,0,0,0,2j.csv
3133,0,0,0,2k.csv
3133,2,0,2,2l.csv
3133,6,6,0,3a.csv
3133,3,3,0,3b.csv
3133,0,0,0,3c.csv
3133,0,0,0,3d.csv
3133,1,1,0,3e.csv
3133,0,0,0,3f.csv
3133,2,1,1,3g.csv
3134,5,4,1,1a.csv
3134,5,3,2,1b.csv
3134,2,1,1,1c.csv
3134,0,0,0,1e.csv
3134,3,2,1,1f.csv
3134,0,0,0,1g.csv
3134,0,0,0,1h.csv
3134,0,0,0,1i.csv
3134,0,0,0,1j.csv
3134,0,0,0,1k.csv
3134,2,2,0,1l.csv
3134,0,0,0,1m.csv
3134,0,0,0,2a.csv
3134,1,1,0,2b.csv
3134,0,0,0,2c.csv
3134,1,1,0,2d.csv
3134,0,0,0,2e.csv
3134,0,0,0,2f.csv
3134,0,0,0,2g.csv
3134,1,0,1,2h.csv
3134,0,0,0,2i.csv
3134,0,0,0,2j.csv
3134,0,0,0,2k.csv
3134,2,0,2,2l.csv
3134,7,7,0,3a.csv
3134,3,3,0,3b.csv
3134,0,0,0,3c.csv
3134,0,0,0,3d.csv
3134,1,1,0,3e.csv
3134,0,0,0,3f.csv
3134,2,1,1,3g.csv
3135,4,3,1,1a.csv
3135,5,3,2,1b.csv
3135,2,1,1,1c.csv
3135,0,0,0,1e.csv
3135,2,1,1,1f.csv
3135,0,0,0,1g.csv
3135,0,0,0,1h.csv
3135,0,0,0,1i.csv
3135,0,0,0,1j.csv
3135,0,0,0,1k.csv
3135,3,2,1,1l.csv
3135,0,0,0,1m.csv
3135,0,0,0,2a.csv
3135,2,2,0,2b.csv
3135,0,0,0,2c.csv
3135,1,1,0,2d.csv
3135,0,0,0,2e.csv
3135,0,0,0,2f.csv
3135,0,0,0,2g.csv
3135,1,0,1,2h.csv
3135,0,0,0,2i.csv
3135,1,1,0,2j.csv
3135,0,0,0,2k.csv
3135,2,0,2,2l.csv
3135,7,7,0,3a.csv
3135,3,3,0,3b.csv
3135,0,0,0,3c.csv
3135,0,0,0,3d.csv
3135,0,0,0,3e.csv
3135,1,1,0,3f.csv
3135,2,1,1,3g.csv
3136,5,3,2,1a.csv
3136,5,3,2,1b.csv
3136,2,1,1,1c.csv
3136,0,0,0,1e.csv
3136,2,1,1,1f.csv
3136,0,0,0,1g.csv
3136,0,0,0,1h.csv
3136,0,0,0,1i.csv
3136,0,0,0,1j.csv
3136,0,0,0,1k.csv
3136,2,1,1,1l.csv
3136,0,0,0,1m.csv
3136,0,0,0,2a.csv
3136,2,2,0,2b.csv
3136,0,0,0,2c.csv
3136,1,1,0,2d.csv
3136,0,0,0,2e.csv
3136,0,0,0,2f.csv
3136,0,0,0,2g.csv
3136,1,0,1,2h.csv
3136,0,0,0,2i.csv
3136,1,1,0,2j.csv
3136,0,0,0,2k.csv
3136,2,0,2,2l.csv
3136,7,7,0,3a.csv
3136,2,2,0,3b.csv
3136,0,0,0,3c.csv
3136,0,0,0,3d.csv
3136,0,0,0,3e.csv
3136,1,1,0,3f.csv
3136,2,1,1,3g.csv
3137,6,3,3,1a.csv
3137,5,3,2,1b.csv
3137,2,1,1,1c.csv
3137,0,0,0,1e.csv
3137,1,0,1,1f.csv
3137,1,1,0,1g.csv
3137,0,0,0,1h.csv
3137,0,0,0,1i.csv
3137,0,0,0,1j.csv
3137,0,0,0,1k.csv
3137,2,1,1,1l.csv
3137,0,0,0,1m.csv
3137,0,0,0,2a.csv
3137,2,2,0,2b.csv
3137,0,0,0,2c.csv
3137,1,1,0,2d.csv
3137,0,0,0,2e.csv
3137,0,0,0,2f.csv
3137,0,0,0,2g.csv
3137,1,0,1,2h.csv
3137,0,0,0,2i.csv
3137,1,1,0,2j.csv
3137,0,0,0,2k.csv
3137,1,0,1,2l.csv
3137,8,8,0,3a.csv
3137,2,2,0,3b.csv
3137,0,0,0,3c.csv
3137,0,0,0,3d.csv
3137,0,0,0,3e.csv
3137,1,1,0,3f.csv
3137,1,1,0,3g.csv
3138,5,3,2,1a.csv
3138,4,2,2,1b.csv
3138,2,1,1,1c.csv
3138,0,0,0,1e.csv
3138,0,0,0,1f.csv
3138,1,1,0,1g.csv
3138,0,0,0,1h.csv
3138,0,0,0,1i.csv
3138,0,0,0,1j.csv
3138,0,0,0,1k.csv
3138,2,1,1,1l.csv
3138,0,0,0,1m.csv
3138,0,0,0,2a.csv
3138,2,2,0,2b.csv
3138,0,0,0,2c.csv
3138,1,1,0,2d.csv
3138,0,0,0,2e.csv
3138,0,0,0,2f.csv
3138,0,0,0,2g.csv
3138,1,0,1,2h.csv
3138,0,0,0,2i.csv
3138,1,1,0,2j.csv
3138,0,0,0,2k.csv
3138,2,0,2,2l.csv
3138,9,9,0,3a.csv
3138,2,2,0,3b.csv
3138,0,0,0,3c.csv
3138,0,0,0,3d.csv
3138,0,0,0,3e.csv
3138,3,3,0,3f.csv
3138,1,1,0,3g.csv
3139,4,2,2,1a.csv
3139,2,0,2,1b.csv
3139,3,2,1,1c.csv
3139,1,0,1,1e.csv
3139,0,0,0,1f.csv
3139,1,1,0,1g.csv
3139,0,0,0,1h.csv
3139,0,0,0,1i.csv
3139,0,0,0,1j.csv
3139,0,0,0,1k.csv
3139,2,1,1,1l.csv
3139,0,0,0,1m.csv
3139,0,0,0,2a.csv
3139,2,2,0,2b.csv
3139,0,0,0,2c.csv
3139,0,0,0,2d.csv
3139,0,0,0,2e.csv
3139,1,1,0,2f.csv
3139,0,0,0,2g.csv
3139,1,0,1,2h.csv
3139,0,0,0,2i.csv
3139,1,1,0,2j.csv
3139,0,0,0,2k.csv
3139,2,0,2,2l.csv
3139,10,9,1,3a.csv
3139,1,1,0,3b.csv
3139,0,0,0,3c.csv
3139,0,0,0,3d.csv
3139,0,0,0,3e.csv
3139,3,3,0,3f.csv
3139,1,1,0,3g.csv
3140,4,2,2,1a.csv
3140,2,0,2,1b.csv
3140,2,1,1,1c.csv
3140,1,0,1,1e.csv
3140,0,0,0,1f.csv
3140,1,1,0,1g.csv
3140,0,0,0,1h.csv
3140,0,0,0,1i.csv
3140,0,0,0,1j.csv
3140,0,0,0,1k.csv
3140,1,0,1,1l.csv
3140,0,0,0,1m.csv
3140,0,0,0,2a.csv
3140,2,2,0,2b.csv
3140,1,1,0,2c.csv
3140,0,0,0,2d.csv
3140,0,0,0,2e.csv
3140,1,1,0,2f.csv
3140,0,0,0,2g.csv
3140,1,0,1,2h.csv
3140,0,0,0,2i.csv
3140,1,1,0,2j.csv
3140,0,0,0,2k.csv
3140,3,1,2,2l.csv
3140,9,8,1,3a.csv
3140,0,0,0,3b.csv
3140,0,0,0,3c.csv
3140,0,0,0,3d.csv
3140,0,0,0,3e.csv
3140,3,3,0,3f.csv
3140,2,2,0,3g.csv
3141,4,1,3,1a.csv
3141,1,0,1,1b.csv
3141,1,1,0,1c.csv
3141,1,0,1,1e.csv
3141,0,0,0,1f.csv
3141,1,1,0,1g.csv
3141,0,0,0,1h.csv
3141,0,0,0,1i.csv
3141,0,0,0,1j.csv
3141,0,0,0,1k.csv
3141,1,0,1,1l.csv
3141,0,0,0,1m.csv
3141,1,0,1,2a.csv
3141,1,1,0,2b.csv
3141,1,1,0,2c.csv
3141,0,0,0,2d.csv
3141,0,0,0,2e.csv
3141,1,1,0,2f.csv
3141,0,0,0,2g.csv
3141,0,0,0,2h.csv
3141,0,0,0,2i.csv
3141,1,1,0,2j.csv
3141,0,0,0,2k.csv
3141,4,3,1,2l.csv
3141,9,8,1,3a.csv
3141,0,0,0,3b.csv
3141,0,0,0,3c.csv
3141,0,0,0,3d.csv
3141,0,0,0,3e.csv
3141,3,3,0,3f.csv
3141,4,4,0,3g.csv
3142,5,2,3,1a.csv
3142,1,0,1,1b.csv
3142,1,1,0,1c.csv
3142,1,0,1,1e.csv
3142,0,0,0,1f.csv
3142,1,1,0,1g.csv
3142,0,0,0,1h.csv
3142,0,0,0,1i.csv
3142,0,0,0,1j.csv
3142,0,0,0,1k.csv
3142,1,0,1,1l.csv
3142,0,0,0,1m.csv
3142,1,0,1,2a.csv
3142,1,1,0,2b.csv
3142,1,1,0,2c.csv
3142,0,0,0,2d.csv
3142,0,0,0,2e.csv
3142,1,1,0,2f.csv
3142,0,0,0,2g.csv
3142,0,0,0,2h.csv
3142,0,0,0,2i.csv
3142,1,1,0,2j.csv
3142,0,0,0,2k.csv
3142,4,3,1,2l.csv
3142,9,8,1,3a.csv
3142,0,0,0,3b.csv
3142,1,1,0,3c.csv
3142,1,1,0,3d.csv
3142,0,0,0,3e.csv
3142,3,3,0,3f.csv
3142,6,6,0,3g.csv
3143,5,2,3,1a.csv
3143,1,0,1,1b.csv
3143,2,2,0,1c.csv
3143,1,0,1,1e.csv
3143,0,0,0,1f.csv
3143,1,1,0,1g.csv
3143,0,0,0,1h.csv
3143,0,0,0,1i.csv
3143,0,0,0,1j.csv
3143,0,0,0,1k.csv
3143,0,0,0,1l.csv
3143,0,0,0,1m.csv
3143,1,0,1,2a.csv
3143,0,0,0,2b.csv
3143,1,1,0,2c.csv
3143,0,0,0,2d.csv
3143,0,0,0,2e.csv
3143,1,1,0,2f.csv
3143,0,0,0,2g.csv
3143,0,0,0,2h.csv
3143,0,0,0,2i.csv
3143,0,0,0,2j.csv
3143,0,0,0,2k.csv
3143,4,3,1,2l.csv
3143,10,9,1,3a.csv
3143,1,1,0,3b.csv
3143,1,1,0,3c.csv
3143,1,1,0,3d.csv
3143,0,0,0,3e.csv
3143,2,2,0,3f.csv
3143,9,9,0,3g.csv
3144,3,1,2,1a.csv
3144,1,0,1,1b.csv
3144,2,2,0,1c.csv
3144,1,0,1,1e.csv
3144,0,0,0,1f.csv
3144,1,1,0,1g.csv
3144,0,0,0,1h.csv
3144,0,0,0,1i.csv
3144,0,0,0,1j.csv
3144,0,0,0,1k.csv
3144,0,0,0,1l.csv
3144,0,0,0,1m.csv
3144,1,0,1,2a.csv
3144,2,2,0,2b.csv
3144,1,1,0,2c.csv
3144,0,0,0,2d.csv
3144,0,0,0,2e.csv
3144,1,1,0,2f.csv
3144,0,0,0,2g.csv
3144,0,0,0,2h.csv
3144,0,0,0,2i.csv
3144,0,0,0,2j.csv
3144,0,0,0,2k.csv
3144,4,3,1,2l.csv
3144,9,8,1,3a.csv
3144,2,2,0,3b.csv
3144,1,1,0,3c.csv
3144,1,1,0,3d.csv
3144,0,0,0,3e.csv
3144,2,2,0,3f.csv
3144,9,9,0,3g.csv
3145,3,2,1,1a.csv
3145,2,1,1,1b.csv
3145,2,2,0,1c.csv
3145,2,1,1,1e.csv
3145,0,0,0,1f.csv
3145,0,0,0,1g.csv
3145,0,0,0,1h.csv
3145,0,0,0,1i.csv
3145,0,0,0,1j.csv
3145,0,0,0,1k.csv
3145,2,2,0,1l.csv
3145,0,0,0,1m.csv
3145,1,0,1,2a.csv
3145,2,2,0,2b.csv
3145,1,1,0,2c.csv
3145,0,0,0,2d.csv
3145,0,0,0,2e.csv
3145,1,1,0,2f.csv
3145,0,0,0,2g.csv
3145,0,0,0,2h.csv
3145,0,0,0,2i.csv
3145,0,0,0,2j.csv
3145,0,0,0,2k.csv
3145,4,3,1,2l.csv
3145,8,7,1,3a.csv
3145,3,3,0,3b.csv
3145,1,1,0,3c.csv
3145,1,1,0,3d.csv
3145,0,0,0,3e.csv
3145,2,2,0,3f.csv
3145,9,9,0,3g.csv
3146,3,2,1,1a.csv
3146,2,1,1,1b.csv
3146,2,2,0,1c.csv
3146,2,1,1,1e.csv
3146,0,0,0,1f.csv
3146,0,0,0,1g.csv
3146,0,0,0,1h.csv
3146,0,0,0,1i.csv
3146,0,0,0,1j.csv
3146,0,0,0,1k.csv
3146,2,2,0,1l.csv
3146,0,0,0,1m.csv
3146,1,0,1,2a.csv
3146,2,2,0,2b.csv
3146,1,1,0,2c.csv
3146,0,0,0,2d.csv
3146,0,0,0,2e.csv
3146,1,1,0,2f.csv
3146,0,0,0,2g.csv
3146,0,0,0,2h.csv
3146,0,0,0,2i.csv
3146,0,0,0,2j.csv
3146,0,0,0,2k.csv
3146,3,3,0,2l.csv
3146,9,7,2,3a.csv
3146,3,3,0,3b.csv
3146,1,1,0,3c.csv
3146,1,1,0,3d.csv
3146,0,0,0,3e.csv
3146,0,0,0,3f.csv
3146,8,8,0,3g.csv
3147,3,2,1,1a.csv
3147,1,1,0,1b.csv
3147,1,1,0,1c.csv
3147,1,1,0,1e.csv
3147,0,0,0,1f.csv
3147,0,0,0,1g.csv
3147,0,0,0,1h.csv
3147,0,0,0,1i.csv
3147,0,0,0,1j.csv
3147,0,0,0,1k.csv
3147,2,2,0,1l.csv
3147,0,0,0,1m.csv
3147,3,1,2,2a.csv
3147,3,3,0,2b.csv
3147,1,1,0,2c.csv
3147,0,0,0,2d.csv
3147,0,0,0,2e.csv
3147,0,0,0,2f.csv
3147,0,0,0,2g.csv
3147,0,0,0,2h.csv
3147,0,0,0,2i.csv
3147,0,0,0,2j.csv
3147,0,0,0,2k.csv
3147,3,3,0,2l.csv
3147,11,10,1,3a.csv
3147,3,3,0,3b.csv
3147,1,1,0,3c.csv
3147,1,1,0,3d.csv
3147,0,0,0,3e.csv
3147,1,1,0,3f.csv
3147,9,9,0,3g.csv
3148,5,4,1,1a.csv
3148,2,2,0,1b.csv
3148,1,1,0,1c.csv
3148,1,1,0,1e.csv
3148,1,1,0,1f.csv
3148,0,0,0,1g.csv
3148,0,0,0,1h.csv
3148,0,0,0,1i.csv
3148,0,0,0,1j.csv
3148,0,0,0,1k.csv
3148,2,2,0,1l.csv
3148,0,0,0,1m.csv
3148,3,1,2,2a.csv
3148,3,3,0,2b.csv
3148,0,0,0,2c.csv
3148,0,0,0,2d.csv
3148,0,0,0,2e.csv
3148,0,0,0,2f.csv
3148,0,0,0,2g.csv
3148,0,0,0,2h.csv
3148,0,0,0,2i.csv
3148,0,0,0,2j.csv
3148,0,0,0,2k.csv
3148,2,2,0,2l.csv
3148,10,9,1,3a.csv
3148,3,3,0,3b.csv
3148,1,1,0,3c.csv
3148,1,1,0,3d.csv
3148,0,0,0,3e.csv
3148,1,1,0,3f.csv
3148,9,9,0,3g.csv
3149,4,4,0,1a.csv
3149,2,2,0,1b.csv
3149,1,1,0,1c.csv
3149,1,1,0,1e.csv
3149,2,2,0,1f.csv
3149,0,0,0,1g.csv
3149,0,0,0,1h.csv
3149,0,0,0,1i.csv
3149,0,0,0,1j.csv
3149,0,0,0,1k.csv
3149,2,2,0,1l.csv
3149,0,0,0,1m.csv
3149,2,1,1,2a.csv
3149,3,3,0,2b.csv
3149,0,0,0,2c.csv
3149,0,0,0,2d.csv
3149,0,0,0,2e.csv
3149,0,0,0,2f.csv
3149,0,0,0,2g.csv
3149,0,0,0,2h.csv
3149,0,0,0,2i.csv
3149,0,0,0,2j.csv
3149,0,0,0,2k.csv
3149,1,1,0,2l.csv
3149,11,10,1,3a.csv
3149,3,3,0,3b.csv
3149,2,2,0,3c.csv
3149,2,2,0,3d.csv
3149,0,0,0,3e.csv
3149,1,1,0,3f.csv
3149,7,7,0,3g.csv
3150,4,4,0,1a.csv
3150,2,2,0,1b.csv
3150,1,1,0,1c.csv
3150,1,1,0,1e.csv
3150,2,2,0,1f.csv
3150,0,0,0,1g.csv
3150,0,0,0,1h.csv
3150,0,0,0,1i.csv
3150,0,0,0,1j.csv
3150,0,0,0,1k.csv
3150,2,2,0,1l.csv
3150,0,0,0,1m.csv
3150,3,2,1,2a.csv
3150,3,3,0,2b.csv
3150,0,0,0,2c.csv
3150,0,0,0,2d.csv
3150,0,0,0,2e.csv
3150,0,0,0,2f.csv
3150,0,0,0,2g.csv
3150,0,0,0,2h.csv
3150,0,0,0,2i.csv
3150,0,0,0,2j.csv
3150,0,0,0,2k.csv
3150,1,1,0,2l.csv
3150,11,10,1,3a.csv
3150,3,3,0,3b.csv
3150,1,1,0,3c.csv
3150,1,1,0,3d.csv
3150,0,0,0,3e.csv
3150,1,1,0,3f.csv
3150,5,5,0,3g.csv
3151,5,5,0,1a.csv
3151,2,2,0,1b.csv
3151,0,0,0,1c.csv
3151,1,1,0,1e.csv
3151,2,2,0,1f.csv
3151,0,0,0,1g.csv
3151,0,0,0,1h.csv
3151,0,0,0,1i.csv
3151,0,0,0,1j.csv
3151,1,0,1,1k.csv
3151,2,2,0,1l.csv
3151,0,0,0,1m.csv
3151,3,2,1,2a.csv
3151,3,3,0,2b.csv
3151,0,0,0,2c.csv
3151,0,0,0,2d.csv
3151,0,0,0,2e.csv
3151,0,0,0,2f.csv
3151,0,0,0,2g.csv
3151,1,1,0,2h.csv
3151,0,0,0,2i.csv
3151,0,0,0,2j.csv
3151,0,0,0,2k.csv
3151,1,1,0,2l.csv
3151,11,10,1,3a.csv
3151,2,2,0,3b.csv
3151,1,1,0,3c.csv
3151,1,1,0,3d.csv
3151,0,0,0,3e.csv
3151,1,1,0,3f.csv
3151,3,2,1,3g.csv
3152,6,6,0,1a.csv
3152,2,2,0,1b.csv
3152,0,0,0,1c.csv
3152,1,1,0,1e.csv
3152,2,2,0,1f.csv
3152,0,0,0,1g.csv
3152,0,0,0,1h.csv
3152,0,0,0,1i.csv
3152,0,0,0,1j.csv
3152,1,0,1,1k.csv
3152,2,2,0,1l.csv
3152,0,0,0,1m.csv
3152,3,2,1,2a.csv
3152,1,1,0,2b.csv
3152,0,0,0,2c.csv
3152,0,0,0,2d.csv
3152,0,0,0,2e.csv
3152,0,0,0,2f.csv
3152,0,0,0,2g.csv
3152,1,1,0,2h.csv
3152,0,0,0,2i.csv
3152,0,0,0,2j.csv
3152,0,0,0,2k.csv
3152,1,1,0,2l.csv
3152,12,11,1,3a.csv
3152,1,1,0,3b.csv
3152,2,2,0,3c.csv
3152,2,2,0,3d.csv
3152,0,0,0,3e.csv
3152,1,1,0,3f.csv
3152,4,3,1,3g.csv
3153,5,5,0,1a.csv
3153,2,2,0,1b.csv
3153,0,0,0,1c.csv
3153,0,0,0,1e.csv
3153,2,2,0,1f.csv
3153,0,0,0,1g.csv
3153,0,0,0,1h.csv
3153,0,0,0,1i.csv
3153,0,0,0,1j.csv
3153,1,0,1,1k.csv
3153,0,0,0,1l.csv
3153,0,0,0,1m.csv
3153,3,2,1,2a.csv
3153,1,1,0,2b.csv
3153,0,0,0,2c.csv
3153,0,0,0,2d.csv
3153,0,0,0,2e.csv
3153,0,0,0,2f.csv
3153,0,0,0,2g.csv
3153,2,2,0,2h.csv
3153,0,0,0,2i.csv
3153,0,0,0,2j.csv
3153,0,0,0,2k.csv
3153,1,1,0,2l.csv
3153,13,11,2,3a.csv
3153,0,0,0,3b.csv
3153,2,2,0,3c.csv
3153,2,2,0,3d.csv
3153,0,0,0,3e.csv
3153,1,1,0,3f.csv
3153,4,3,1,3g.csv
3154,6,6,0,1a.csv
3154,3,3,0,1b.csv
3154,0,0,0,1c.csv
3154,0,0,0,1e.csv
3154,2,2,0,1f.csv
3154,0,0,0,1g.csv
3154,0,0,0,1h.csv
3154,0,0,0,1i.csv
3154,0,0,0,1j.csv
3154,1,0,1,1k.csv
3154,0,0,0,1l.csv
3154,0,0,0,1m.csv
3154,3,2,1,2a.csv
3154,1,1,0,2b.csv
3154,0,0,0,2c.csv
3154,0,0,0,2d.csv
3154,0,0,0,2e.csv
3154,0,0,0,2f.csv
3154,0,0,0,2g.csv
3154,2,2,0,2h.csv
3154,0,0,0,2i.csv
3154,0,0,0,2j.csv
3154,0,0,0,2k.csv
3154,1,1,0,2l.csv
3154,11,10,1,3a.csv
3154,0,0,0,3b.csv
3154,2,2,0,3c.csv
3154,2,2,0,3d.csv
3154,0,0,0,3e.csv
3154,1,1,0,3f.csv
3154,6,5,1,3g.csv
3155,7,7,0,1a.csv
3155,6,5,1,1b.csv
3155,0,0,0,1c.csv
3155,1,1,0,1e.csv
3155,2,2,0,1f.csv
3155,0,0,0,1g.csv
3155,0,0,0,1h.csv
3155,0,0,0,1i.csv
3155,0,0,0,1j.csv
3155,1,0,1,1k.csv
3155,0,0,0,1l.csv
3155,1,1,0,1m.csv
3155,1,1,0,2a.csv
3155,0,0,0,2b.csv
3155,0,0,0,2c.csv
3155,0,0,0,2d.csv
3155,0,0,0,2e.csv
3155,0,0,0,2f.csv
3155,0,0,0,2g.csv
3155,3,3,0,2h.csv
3155,0,0,0,2i.csv
3155,0,0,0,2j.csv
3155,0,0,0,2k.csv
3155,1,1,0,2l.csv
3155,8,7,1,3a.csv
3155,1,0,1,3b.csv
3155,2,2,0,3c.csv
3155,2,2,0,3d.csv
3155,0,0,0,3e.csv
3155,0,0,0,3f.csv
3155,5,4,1,3g.csv
3156,6,6,0,1a.csv
3156,6,5,1,1b.csv
3156,0,0,0,1c.csv
3156,1,1,0,1e.csv
3156,1,1,0,1f.csv
3156,0,0,0,1g.csv
3156,0,0,0,1h.csv
3156,1,0,1,1i.csv
3156,0,0,0,1j.csv
3156,1,0,1,1k.csv
3156,0,0,0,1l.csv
3156,1,1,0,1m.csv
3156,1,1,0,2a.csv
3156,0,0,0,2b.csv
3156,0,0,0,2c.csv
3156,0,0,0,2d.csv
3156,0,0,0,2e.csv
3156,0,0,0,2f.csv
3156,0,0,0,2g.csv
3156,3,3,0,2h.csv
3156,0,0,0,2i.csv
3156,0,0,0,2j.csv
3156,0,0,0,2k.csv
3156,1,1,0,2l.csv
3156,8,7,1,3a.csv
3156,1,0,1,3b.csv
3156,2,2,0,3c.csv
3156,2,2,0,3d.csv
3156,0,0,0,3e.csv
3156,0,0,0,3f.csv
3156,4,3,1,3g.csv
3157,6,6,0,1a.csv
3157,7,5,2,1b.csv
3157,0,0,0,1c.csv
3157,1,1,0,1e.csv
3157,0,0,0,1f.csv
3157,0,0,0,1g.csv
3157,1,1,0,1h.csv
3157,1,0,1,1i.csv
3157,0,0,0,1j.csv
3157,2,0,2,1k.csv
3157,1,1,0,1l.csv
3157,1,1,0,1m.csv
3157,1,1,0,2a.csv
3157,0,0,0,2b.csv
3157,0,0,0,2c.csv
3157,0,0,0,2d.csv
3157,0,0,0,2e.csv
3157,0,0,0,2f.csv
3157,0,0,0,2g.csv
3157,3,3,0,2h.csv
3157,0,0,0,2i.csv
3157,0,0,0,2j.csv
3157,0,0,0,2k.csv
3157,0,0,0,2l.csv
3157,6,5,1,3a.csv
3157,1,0,1,3b.csv
3157,1,1,0,3c.csv
3157,1,1,0,3d.csv
3157,0,0,0,3e.csv
3157,0,0,0,3f.csv
3157,4,3,1,3g.csv
3158,6,6,0,1a.csv
3158,8,6,2,1b.csv
3158,0,0,0,1c.csv
3158,1,1,0,1e.csv
3158,0,0,0,1f.csv
3158,0,0,0,1g.csv
3158,1,1,0,1h.csv
3158,1,0,1,1i.csv
3158,0,0,0,1j.csv
3158,3,1,2,1k.csv
3158,1,1,0,1l.csv
3158,1,1,0,1m.csv
3158,0,0,0,2a.csv
3158,0,0,0,2b.csv
3158,0,0,0,2c.csv
3158,0,0,0,2d.csv
3158,0,0,0,2e.csv
3158,0,0,0,2f.csv
3158,0,0,0,2g.csv
3158,3,3,0,2h.csv
3158,0,0,0,2i.csv
3158,0,0,0,2j.csv
3158,0,0,0,2k.csv
3158,0,0,0,2l.csv
3158,5,4,1,3a.csv
3158,1,0,1,3b.csv
3158,1,1,0,3c.csv
3158,1,1,0,3d.csv
3158,0,0,0,3e.csv
3158,0,0,0,3f.csv
3158,5,4,1,3g.csv
3159,6,5,1,1a.csv
3159,12,8,4,1b.csv
3159,0,0,0,1c.csv
3159,1,1,0,1e.csv
3159,0,0,0,1f.csv
3159,0,0,0,1g.csv
3159,2,2,0,1h.csv
3159,1,0,1,1i.csv
3159,0,0,0,1j.csv
3159,3,2,1,1k.csv
3159,1,1,0,1l.csv
3159,1,1,0,1m.csv
3159,0,0,0,2a.csv
3159,2,2,0,2b.csv
3159,0,0,0,2c.csv
3159,0,0,0,2d.csv
3159,0,0,0,2e.csv
3159,0,0,0,2f.csv
3159,0,0,0,2g.csv
3159,3,3,0,2h.csv
3159,0,0,0,2i.csv
3159,0,0,0,2j.csv
3159,0,0,0,2k.csv
3159,0,0,0,2l.csv
3159,3,2,1,3a.csv
3159,2,1,1,3b.csv
3159,1,1,0,3c.csv
3159,1,1,0,3d.csv
3159,0,0,0,3e.csv
3159,1,1,0,3f.csv
3159,4,4,0,3g.csv
3160,6,5,1,1a.csv
3160,13,9,4,1b.csv
3160,0,0,0,1c.csv
3160,1,1,0,1e.csv
3160,0,0,0,1f.csv
3160,0,0,0,1g.csv
3160,2,2,0,1h.csv
3160,1,0,1,1i.csv
3160,0,0,0,1j.csv
3160,3,2,1,1k.csv
3160,1,1,0,1l.csv
3160,1,1,0,1m.csv
3160,0,0,0,2a.csv
3160,2,2,0,2b.csv
3160,0,0,0,2c.csv
3160,0,0,0,2d.csv
3160,0,0,0,2e.csv
3160,0,0,0,2f.csv
3160,0,0,0,2g.csv
3160,5,4,1,2h.csv
3160,0,0,0,2i.csv
3160,0,0,0,2j.csv
3160,0,0,0,2k.csv
3160,0,0,0,2l.csv
3160,2,1,1,3a.csv
3160,2,1,1,3b.csv
3160,0,0,0,3c.csv
3160,0,0,0,3d.csv
3160,1,1,0,3e.csv
3160,1,1,0,3f.csv
3160,3,3,0,3g.csv
3161,8,7,1,1a.csv
3161,12,8,4,1b.csv
3161,0,0,0,1c.csv
3161,1,1,0,1e.csv
3161,0,0,0,1f.csv
3161,0,0,0,1g.csv
3161,2,2,0,1h.csv
3161,1,0,1,1i.csv
3161,0,0,0,1j.csv
3161,3,2,1,1k.csv
3161,1,1,0,1l.csv
3161,1,1,0,1m.csv
3161,0,0,0,2a.csv
3161,2,2,0,2b.csv
3161,0,0,0,2c.csv
3161,0,0,0,2d.csv
3161,0,0,0,2e.csv
3161,0,0,0,2f.csv
3161,0,0,0,2g.csv
3161,4,3,1,2h.csv
3161,0,0,0,2i.csv
3161,0,0,0,2j.csv
3161,0,0,0,2k.csv
3161,0,0,0,2l.csv
3161,2,2,0,3a.csv
3161,4,3,1,3b.csv
3161,0,0,0,3c.csv
3161,0,0,0,3d.csv
3161,1,1,0,3e.csv
3161,1,1,0,3f.csv
3161,4,4,0,3g.csv
3162,7,6,1,1a.csv
3162,14,9,5,1b.csv
3162,1,1,0,1c.csv
3162,1,1,0,1e.csv
3162,0,0,0,1f.csv
3162,0,0,0,1g.csv
3162,2,2,0,1h.csv
3162,1,0,1,1i.csv
3162,0,0,0,1j.csv
3162,3,2,1,1k.csv
3162,1,1,0,1l.csv
3162,2,2,0,1m.csv
3162,0,0,0,2a.csv
3162,2,2,0,2b.csv
3162,0,0,0,2c.csv
3162,0,0,0,2d.csv
3162,0,0,0,2e.csv
3162,0,0,0,2f.csv
3162,0,0,0,2g.csv
3162,4,3,1,2h.csv
3162,0,0,0,2i.csv
3162,0,0,0,2j.csv
3162,0,0,0,2k.csv
3162,0,0,0,2l.csv
3162,3,2,1,3a.csv
3162,4,3,1,3b.csv
3162,0,0,0,3c.csv
3162,0,0,0,3d.csv
3162,1,1,0,3e.csv
3162,1,1,0,3f.csv
3162,2,2,0,3g.csv
3163,7,6,1,1a.csv
3163,13,9,4,1b.csv
3163,1,1,0,1c.csv
3163,0,0,0,1e.csv
3163,0,0,0,1f.csv
3163,0,0,0,1g.csv
3163,2,2,0,1h.csv
3163,1,0,1,1i.csv
3163,0,0,0,1j.csv
3163,3,2,1,1k.csv
3163,2,2,0,1l.csv
3163,1,1,0,1m.csv
3163,0,0,0,2a.csv
3163,2,2,0,2b.csv
3163,0,0,0,2c.csv
3163,1,0,1,2d.csv
3163,0,0,0,2e.csv
3163,0,0,0,2f.csv
3163,0,0,0,2g.csv
3163,3,2,1,2h.csv
3163,0,0,0,2i.csv
3163,0,0,0,2j.csv
3163,0,0,0,2k.csv
3163,0,0,0,2l.csv
3163,3,2,1,3a.csv
3163,3,3,0,3b.csv
3163,0,0,0,3c.csv
3163,0,0,0,3d.csv
3163,2,1,1,3e.csv
3163,1,1,0,3f.csv
3163,2,2,0,3g.csv
3164,10,9,1,1a.csv
3164,12,8,4,1b.csv
3164,1,1,0,1c.csv
3164,0,0,0,1e.csv
3164,0,0,0,1f.csv
3164,0,0,0,1g.csv
3164,2,2,0,1h.csv
3164,0,0,0,1i.csv
3164,0,0,0,1j.csv
3164,3,2,1,1k.csv
3164,2,2,0,1l.csv
3164,1,1,0,1m.csv
3164,0,0,0,2a.csv
3164,2,2,0,2b.csv
3164,0,0,0,2c.csv
3164,1,0,1,2d.csv
3164,0,0,0,2e.csv
3164,0,0,0,2f.csv
3164,0,0,0,2g.csv
3164,3,2,1,2h.csv
3164,0,0,0,2i.csv
3164,0,0,0,2j.csv
3164,0,0,0,2k.csv
3164,0,0,0,2l.csv
3164,3,2,1,3a.csv
3164,3,3,0,3b.csv
3164,0,0,0,3c.csv
3164,0,0,0,3d.csv
3164,2,1,1,3e.csv
3164,1,1,0,3f.csv
3164,2,2,0,3g.csv
3165,12,10,2,1a.csv
3165,11,8,3,1b.csv
3165,2,2,0,1c.csv
3165,0,0,0,1e.csv
3165,1,1,0,1f.csv
3165,0,0,0,1g.csv
3165,1,1,0,1h.csv
3165,0,0,0,1i.csv
3165,0,0,0,1j.csv
3165,2,2,0,1k.csv
3165,1,1,0,1l.csv
3165,1,1,0,1m.csv
3165,0,0,0,2a.csv
3165,2,2,0,2b.csv
3165,0,0,0,2c.csv
3165,1,0,1,2d.csv
3165,0,0,0,2e.csv
3165,0,0,0,2f.csv
3165,0,0,0,2g.csv
3165,3,2,1,2h.csv
3165,0,0,0,2i.csv
3165,0,0,0,2j.csv
3165,0,0,0,2k.csv
3165,0,0,0,2l.csv
3165,4,3,1,3a.csv
3165,3,3,0,3b.csv
3165,0,0,0,3c.csv
3165,0,0,0,3d.csv
3165,2,1,1,3e.csv
3165,2,2,0,3f.csv
3165,2,2,0,3g.csv
3166,12,10,2,1a.csv
3166,10,7,3,1b.csv
3166,2,2,0,1c.csv
3166,0,0,0,1e.csv
3166,1,1,0,1f.csv
3166,0,0,0,1g.csv
3166,1,1,0,1h.csv
3166,0,0,0,1i.csv
3166,0,0,0,1j.csv
3166,1,1,0,1k.csv
3166,1,1,0,1l.csv
3166,1,1,0,1m.csv
3166,1,1,0,2a.csv
3166,2,2,0,2b.csv
3166,0,0,0,2c.csv
3166,1,0,1,2d.csv
3166,0,0,0,2e.csv
3166,0,0,0,2f.csv
3166,0,0,0,2g.csv
3166,3,2,1,2h.csv
3166,0,0,0,2i.csv
3166,0,0,0,2j.csv
3166,0,0,0,2k.csv
3166,1,0,1,2l.csv
3166,4,3,1,3a.csv
3166,4,4,0,3b.csv
3166,0,0,0,3c.csv
3166,0,0,0,3d.csv
3166,2,1,1,3e.csv
3166,2,2,0,3f.csv
3166,1,1,0,3g.csv
3167,11,10,1,1a.csv
3167,6,5,1,1b.csv
3167,2,2,0,1c.csv
3167,0,0,0,1e.csv
3167,1,1,0,1f.csv
3167,0,0,0,1g.csv
3167,0,0,0,1h.csv
3167,0,0,0,1i.csv
3167,0,0,0,1j.csv
3167,0,0,0,1k.csv
3167,1,1,0,1l.csv
3167,1,1,0,1m.csv
3167,1,1,0,2a.csv
3167,0,0,0,2b.csv
3167,0,0,0,2c.csv
3167,1,0,1,2d.csv
3167,0,0,0,2e.csv
3167,0,0,0,2f.csv
3167,0,0,0,2g.csv
3167,2,1,1,2h.csv
3167,0,0,0,2i.csv
3167,0,0,0,2j.csv
3167,0,0,0,2k.csv
3167,2,0,2,2l.csv
3167,4,3,1,3a.csv
3167,4,4,0,3b.csv
3167,0,0,0,3c.csv
3167,0,0,0,3d.csv
3167,2,1,1,3e.csv
3167,1,1,0,3f.csv
3167,1,1,0,3g.csv
3168,12,11,1,1a.csv
3168,5,4,1,1b.csv
3168,2,2,0,1c.csv
3168,0,0,0,1e.csv
3168,2,2,0,1f.csv
3168,0,0,0,1g.csv
3168,0,0,0,1h.csv
3168,0,0,0,1i.csv
3168,0,0,0,1j.csv
3168,0,0,0,1k.csv
3168,1,1,0,1l.csv
3168,1,1,0,1m.csv
3168,1,1,0,2a.csv
3168,0,0,0,2b.csv
3168,0,0,0,2c.csv
3168,1,0,1,2d.csv
3168,0,0,0,2e.csv
3168,0,0,0,2f.csv
3168,0,0,0,2g.csv
3168,0,0,0,2h.csv
3168,0,0,0,2i.csv
3168,0,0,0,2j.csv
3168,0,0,0,2k.csv
3168,2,0,2,2l.csv
3168,4,3,1,3a.csv
3168,5,5,0,3b.csv
3168,0,0,0,3c.csv
3168,0,0,0,3d.csv
3168,1,0,1,3e.csv
3168,1,1,0,3f.csv
3168,4,4,0,3g.csv
3169,10,9,1,1a.csv
3169,6,4,2,1b.csv
3169,2,2,0,1c.csv
3169,1,1,0,1e.csv
3169,2,2,0,1f.csv
3169,0,0,0,1g.csv
3169,0,0,0,1h.csv
3169,0,0,0,1i.csv
3169,0,0,0,1j.csv
3169,0,0,0,1k.csv
3169,1,1,0,1l.csv
3169,1,1,0,1m.csv
3169,1,1,0,2a.csv
3169,0,0,0,2b.csv
3169,0,0,0,2c.csv
3169,1,0,1,2d.csv
3169,0,0,0,2e.csv
3169,0,0,0,2f.csv
3169,0,0,0,2g.csv
3169,0,0,0,2h.csv
3169,0,0,0,2i.csv
3169,0,0,0,2j.csv
3169,0,0,0,2k.csv
3169,2,0,2,2l.csv
3169,3,2,1,3a.csv
3169,4,4,0,3b.csv
3169,0,0,0,3c.csv
3169,0,0,0,3d.csv
3169,1,0,1,3e.csv
3169,1,1,0,3f.csv
3169,5,5,0,3g.csv
3170,10,9,1,1a.csv
3170,3,2,1,1b.csv
3170,1,1,0,1c.csv
3170,2,2,0,1e.csv
3170,2,2,0,1f.csv
3170,1,1,0,1g.csv
3170,0,0,0,1h.csv
3170,0,0,0,1i.csv
3170,0,0,0,1j.csv
3170,0,0,0,1k.csv
3170,1,1,0,1l.csv
3170,0,0,0,1m.csv
3170,1,1,0,2a.csv
3170,0,0,0,2b.csv
3170,0,0,0,2c.csv
3170,1,0,1,2d.csv
3170,0,0,0,2e.csv
3170,0,0,0,2f.csv
3170,0,0,0,2g.csv
3170,0,0,0,2h.csv
3170,0,0,0,2i.csv
3170,0,0,0,2j.csv
3170,0,0,0,2k.csv
3170,3,1,2,2l.csv
3170,2,2,0,3a.csv
3170,7,6,1,3b.csv
3170,0,0,0,3c.csv
3170,0,0,0,3d.csv
3170,2,1,1,3e.csv
3170,1,1,0,3f.csv
3170,9,9,0,3g.csv
3171,11,10,1,1a.csv
3171,1,0,1,1b.csv
3171,1,1,0,1c.csv
3171,2,2,0,1e.csv
3171,2,2,0,1f.csv
3171,1,1,0,1g.csv
3171,1,1,0,1h.csv
3171,0,0,0,1i.csv
3171,0,0,0,1j.csv
3171,0,0,0,1k.csv
3171,0,0,0,1l.csv
3171,0,0,0,1m.csv
3171,1,1,0,2a.csv
3171,0,0,0,2b.csv
3171,1,1,0,2c.csv
3171,0,0,0,2d.csv
3171,0,0,0,2e.csv
3171,0,0,0,2f.csv
3171,0,0,0,2g.csv
3171,0,0,0,2h.csv
3171,0,0,0,2i.csv
3171,0,0,0,2j.csv
3171,0,0,0,2k.csv
3171,3,1,2,2l.csv
3171,3,2,1,3a.csv
3171,8,7,1,3b.csv
3171,1,1,0,3c.csv
3171,1,1,0,3d.csv
3171,1,1,0,3e.csv
3171,1,1,0,3f.csv
3171,10,10,0,3g.csv
3172,7,6,1,1a.csv
3172,1,0,1,1b.csv
3172,1,1,0,1c.csv
3172,2,2,0,1e.csv
3172,3,3,0,1f.csv
3172,1,1,0,1g.csv
3172,1,1,0,1h.csv
3172,0,0,0,1i.csv
3172,0,0,0,1j.csv
3172,0,0,0,1k.csv
3172,0,0,0,1l.csv
3172,0,0,0,1m.csv
3172,1,1,0,2a.csv
3172,0,0,0,2b.csv
3172,1,1,0,2c.csv
3172,0,0,0,2d.csv
3172,0,0,0,2e.csv
3172,0,0,0,2f.csv
3172,0,0,0,2g.csv
3172,0,0,0,2h.csv
3172,0,0,0,2i.csv
3172,0,0,0,2j.csv
3172,0,0,0,2k.csv
3172,3,1,2,2l.csv
3172,3,2,1,3a.csv
3172,9,8,1,3b.csv
3172,1,1,0,3c.csv
3172,1,1,0,3d.csv
3172,1,1,0,3e.csv
3172,1,1,0,3f.csv
3172,12,12,0,3g.csv
3173,5,5,0,1a.csv
3173,2,1,1,1b.csv
3173,0,0,0,1c.csv
3173,2,2,0,1e.csv
3173,2,2,0,1f.csv
3173,1,1,0,1g.csv
3173,1,1,0,1h.csv
3173,0,0,0,1i.csv
3173,0,0,0,1j.csv
3173,0,0,0,1k.csv
3173,0,0,0,1l.csv
3173,0,0,0,1m.csv
3173,1,1,0,2a.csv
3173,0,0,0,2b.csv
3173,1,1,0,2c.csv
3173,0,0,0,2d.csv
3173,0,0,0,2e.csv
3173,0,0,0,2f.csv
3173,0,0,0,2g.csv
3173,0,0,0,2h.csv
3173,0,0,0,2i.csv
3173,1,1,0,2j.csv
3173,0,0,0,2k.csv
3173,3,1,2,2l.csv
3173,4,2,2,3a.csv
3173,10,9,1,3b.csv
3173,1,1,0,3c.csv
3173,1,1,0,3d.csv
3173,1,1,0,3e.csv
3173,0,0,0,3f.csv
3173,20,20,0,3g.csv
3174,7,7,0,1a.csv
3174,2,1,1,1b.csv
3174,0,0,0,1c.csv
3174,3,3,0,1e.csv
3174,2,2,0,1f.csv
3174,1,1,0,1g.csv
3174,1,1,0,1h.csv
3174,0,0,0,1i.csv
3174,0,0,0,1j.csv
3174,0,0,0,1k.csv
3174,0,0,0,1l.csv
3174,0,0,0,1m.csv
3174,0,0,0,2a.csv
3174,0,0,0,2b.csv
3174,1,1,0,2c.csv
3174,0,0,0,2d.csv
3174,0,0,0,2e.csv
3174,0,0,0,2f.csv
3174,0,0,0,2g.csv
3174,0,0,0,2h.csv
3174,0,0,0,2i.csv
3174,1,1,0,2j.csv
3174,0,0,0,2k.csv
3174,2,1,1,2l.csv
3174,4,2,2,3a.csv
3174,11,10,1,3b.csv
3174,1,1,0,3c.csv
3174,1,1,0,3d.csv
3174,1,1,0,3e.csv
3174,0,0,0,3f.csv
3174,21,21,0,3g.csv
3175,10,9,1,1a.csv
3175,3,2,1,1b.csv
3175,0,0,0,1c.csv
3175,4,4,0,1e.csv
3175,2,2,0,1f.csv
3175,1,1,0,1g.csv
3175,1,1,0,1h.csv
3175,0,0,0,1i.csv
3175,1,1,0,1j.csv
3175,1,1,0,1k.csv
3175,0,0,0,1l.csv
3175,0,0,0,1m.csv
3175,0,0,0,2a.csv
3175,0,0,0,2b.csv
3175,1,1,0,2c.csv
3175,0,0,0,2d.csv
3175,0,0,0,2e.csv
3175,0,0,0,2f.csv
3175,0,0,0,2g.csv
3175,0,0,0,2h.csv
3175,0,0,0,2i.csv
3175,1,1,0,2j.csv
3175,0,0,0,2k.csv
3175,1,1,0,2l.csv
3175,5,2,3,3a.csv
3175,10,9,1,3b.csv
3175,1,1,0,3c.csv
3175,1,1,0,3d.csv
3175,1,1,0,3e.csv
3175,0,0,0,3f.csv
3175,22,22,0,3g.csv
3176,9,8,1,1a.csv
3176,4,3,1,1b.csv
3176,0,0,0,1c.csv
3176,5,5,0,1e.csv
3176,1,1,0,1f.csv
3176,1,1,0,1g.csv
3176,1,1,0,1h.csv
3176,0,0,0,1i.csv
3176,1,1,0,1j.csv
3176,1,1,0,1k.csv
3176,0,0,0,1l.csv
3176,0,0,0,1m.csv
3176,0,0,0,2a.csv
3176,0,0,0,2b.csv
3176,1,1,0,2c.csv
3176,0,0,0,2d.csv
3176,0,0,0,2e.csv
3176,0,0,0,2f.csv
3176,0,0,0,2g.csv
3176,0,0,0,2h.csv
3176,0,0,0,2i.csv
3176,1,1,0,2j.csv
3176,0,0,0,2k.csv
3176,1,1,0,2l.csv
3176,5,2,3,3a.csv
3176,9,8,1,3b.csv
3176,3,2,1,3c.csv
3176,3,2,1,3d.csv
3176,1,1,0,3e.csv
3176,0,0,0,3f.csv
3176,20,20,0,3g.csv
3177,11,9,2,1a.csv
3177,3,3,0,1b.csv
3177,0,0,0,1c.csv
3177,4,4,0,1e.csv
3177,2,2,0,1f.csv
3177,1,1,0,1g.csv
3177,1,1,0,1h.csv
3177,0,0,0,1i.csv
3177,1,1,0,1j.csv
3177,1,1,0,1k.csv
3177,0,0,0,1l.csv
3177,0,0,0,1m.csv
3177,0,0,0,2a.csv
3177,0,0,0,2b.csv
3177,2,2,0,2c.csv
3177,0,0,0,2d.csv
3177,0,0,0,2e.csv
3177,0,0,0,2f.csv
3177,0,0,0,2g.csv
3177,0,0,0,2h.csv
3177,0,0,0,2i.csv
3177,1,1,0,2j.csv
3177,0,0,0,2k.csv
3177,1,1,0,2l.csv
3177,5,2,3,3a.csv
3177,10,9,1,3b.csv
3177,5,4,1,3c.csv
3177,5,4,1,3d.csv
3177,1,1,0,3e.csv
3177,0,0,0,3f.csv
3177,20,20,0,3g.csv
3178,11,9,2,1a.csv
3178,4,4,0,1b.csv
3178,0,0,0,1c.csv
3178,3,3,0,1e.csv
3178,2,2,0,1f.csv
3178,0,0,0,1g.csv
3178,1,1,0,1h.csv
3178,0,0,0,1i.csv
3178,1,1,0,1j.csv
3178,1,1,0,1k.csv
3178,1,1,0,1l.csv
3178,0,0,0,1m.csv
3178,1,1,0,2a.csv
3178,0,0,0,2b.csv
3178,2,2,0,2c.csv
3178,0,0,0,2d.csv
3178,0,0,0,2e.csv
3178,0,0,0,2f.csv
3178,0,0,0,2g.csv
3178,0,0,0,2h.csv
3178,0,0,0,2i.csv
3178,1,1,0,2j.csv
3178,0,0,0,2k.csv
3178,0,0,0,2l.csv
3178,7,4,3,3a.csv
3178,7,7,0,3b.csv
3178,5,4,1,3c.csv
3178,5,4,1,3d.csv
3178,1,0,1,3e.csv
3178,0,0,0,3f.csv
3178,16,16,0,3g.csv
3179,9,7,2,1a.csv
3179,4,4,0,1b.csv
3179,0,0,0,1c.csv
3179,3,3,0,1e.csv
3179,3,2,1,1f.csv
3179,0,0,0,1g.csv
3179,0,0,0,1h.csv
3179,0,0,0,1i.csv
3179,1,1,0,1j.csv
3179,1,1,0,1k.csv
3179,1,1,0,1l.csv
3179,1,1,0,1m.csv
3179,1,1,0,2a.csv
3179,0,0,0,2b.csv
3179,1,1,0,2c.csv
3179,0,0,0,2d.csv
3179,0,0,0,2e.csv
3179,0,0,0,2f.csv
3179,0,0,0,2g.csv
3179,0,0,0,2h.csv
3179,0,0,0,2i.csv
3179,1,1,0,2j.csv
3179,0,0,0,2k.csv
3179,0,0,0,2l.csv
3179,7,4,3,3a.csv
3179,7,7,0,3b.csv
3179,4,3,1,3c.csv
3179,4,3,1,3d.csv
3179,1,0,1,3e.csv
3179,0,0,0,3f.csv
3179,16,15,1,3g.csv
3180,10,8,2,1a.csv
3180,4,4,0,1b.csv
3180,0,0,0,1c.csv
3180,3,3,0,1e.csv
3180,2,1,1,1f.csv
3180,0,0,0,1g.csv
3180,0,0,0,1h.csv
3180,0,0,0,1i.csv
3180,1,1,0,1j.csv
3180,1,1,0,1k.csv
3180,1,1,0,1l.csv
3180,1,1,0,1m.csv
3180,1,1,0,2a.csv
3180,0,0,0,2b.csv
3180,1,1,0,2c.csv
3180,0,0,0,2d.csv
3180,0,0,0,2e.csv
3180,0,0,0,2f.csv
3180,0,0,0,2g.csv
3180,1,1,0,2h.csv
3180,0,0,0,2i.csv
3180,1,1,0,2j.csv
3180,0,0,0,2k.csv
3180,0,0,0,2l.csv
3180,8,4,4,3a.csv
3180,6,6,0,3b.csv
3180,5,3,2,3c.csv
3180,5,3,2,3d.csv
3180,3,2,1,3e.csv
3180,0,0,0,3f.csv
3180,14,13,1,3g.csv
3181,12,9,3,1a.csv
3181,3,3,0,1b.csv
3181,0,0,0,1c.csv
3181,3,3,0,1e.csv
3181,2,1,1,1f.csv
3181,1,1,0,1g.csv
3181,0,0,0,1h.csv
3181,0,0,0,1i.csv
3181,1,1,0,1j.csv
3181,1,1,0,1k.csv
3181,1,1,0,1l.csv
3181,1,1,0,1m.csv
3181,1,1,0,2a.csv
3181,0,0,0,2b.csv
3181,1,1,0,2c.csv
3181,0,0,0,2d.csv
3181,0,0,0,2e.csv
3181,1,0,1,2f.csv
3181,0,0,0,2g.csv
3181,1,1,0,2h.csv
3181,0,0,0,2i.csv
3181,0,0,0,2j.csv
3181,0,0,0,2k.csv
3181,0,0,0,2l.csv
3181,7,3,4,3a.csv
3181,5,5,0,3b.csv
3181,5,3,2,3c.csv
3181,5,3,2,3d.csv
3181,3,2,1,3e.csv
3181,0,0,0,3f.csv
3181,6,5,1,3g.csv
3182,10,7,3,1a.csv
3182,3,3,0,1b.csv
3182,0,0,0,1c.csv
3182,2,2,0,1e.csv
3182,2,1,1,1f.csv
3182,1,1,0,1g.csv
3182,0,0,0,1h.csv
3182,0,0,0,1i.csv
3182,1,1,0,1j.csv
3182,1,1,0,1k.csv
3182,1,1,0,1l.csv
3182,1,1,0,1m.csv
3182,1,1,0,2a.csv
3182,0,0,0,2b.csv
3182,1,1,0,2c.csv
3182,0,0,0,2d.csv
3182,0,0,0,2e.csv
3182,1,0,1,2f.csv
3182,1,1,0,2g.csv
3182,1,1,0,2h.csv
3182,0,0,0,2i.csv
3182,0,0,0,2j.csv
3182,0,0,0,2k.csv
3182,0,0,0,2l.csv
3182,7,3,4,3a.csv
3182,3,3,0,3b.csv
3182,5,3,2,3c.csv
3182,5,3,2,3d.csv
3182,3,2,1,3e.csv
3182,0,0,0,3f.csv
3182,5,4,1,3g.csv
3183,9,6,3,1a.csv
3183,2,2,0,1b.csv
3183,0,0,0,1c.csv
3183,1,1,0,1e.csv
3183,2,1,1,1f.csv
3183,1,1,0,1g.csv
3183,1,1,0,1h.csv
3183,0,0,0,1i.csv
3183,0,0,0,1j.csv
3183,0,0,0,1k.csv
3183,1,1,0,1l.csv
3183,1,1,0,1m.csv
3183,1,1,0,2a.csv
3183,0,0,0,2b.csv
3183,1,1,0,2c.csv
3183,0,0,0,2d.csv
3183,0,0,0,2e.csv
3183,1,0,1,2f.csv
3183,1,1,0,2g.csv
3183,1,1,0,2h.csv
3183,0,0,0,2i.csv
3183,0,0,0,2j.csv
3183,0,0,0,2k.csv
3183,0,0,0,2l.csv
3183,6,3,3,3a.csv
3183,3,3,0,3b.csv
3183,5,3,2,3c.csv
3183,5,3,2,3d.csv
3183,3,2,1,3e.csv
3183,1,1,0,3f.csv
3183,4,3,1,3g.csv
3184,9,6,3,1a.csv
3184,1,1,0,1b.csv
3184,0,0,0,1c.csv
3184,0,0,0,1e.csv
3184,2,1,1,1f.csv
3184,1,1,0,1g.csv
3184,1,1,0,1h.csv
3184,0,0,0,1i.csv
3184,0,0,0,1j.csv
3184,0,0,0,1k.csv
3184,1,1,0,1l.csv
3184,1,1,0,1m.csv
3184,1,1,0,2a.csv
3184,0,0,0,2b.csv
3184,1,1,0,2c.csv
3184,0,0,0,2d.csv
3184,0,0,0,2e.csv
3184,1,0,1,2f.csv
3184,2,2,0,2g.csv
3184,1,1,0,2h.csv
3184,0,0,0,2i.csv
3184,0,0,0,2j.csv
3184,0,0,0,2k.csv
3184,0,0,0,2l.csv
3184,6,3,3,3a.csv
3184,4,4,0,3b.csv
3184,3,2,1,3c.csv
3184,3,2,1,3d.csv
3184,3,2,1,3e.csv
3184,2,2,0,3f.csv
3184,4,3,1,3g.csv
3185,7,5,2,1a.csv
3185,1,1,0,1b.csv
3185,0,0,0,1c.csv
3185,0,0,0,1e.csv
3185,1,0,1,1f.csv
3185,1,1,0,1g.csv
3185,1,1,0,1h.csv
3185,0,0,0,1i.csv
3185,0,0,0,1j.csv
3185,0,0,0,1k.csv
3185,1,1,0,1l.csv
3185,2,1,1,1m.csv
3185,1,1,0,2a.csv
3185,1,1,0,2b.csv
3185,0,0,0,2c.csv
3185,0,0,0,2d.csv
3185,0,0,0,2e.csv
3185,1,0,1,2f.csv
3185,2,2,0,2g.csv
3185,1,1,0,2h.csv
3185,0,0,0,2i.csv
3185,0,0,0,2j.csv
3185,0,0,0,2k.csv
3185,0,0,0,2l.csv
3185,6,3,3,3a.csv
3185,2,2,0,3b.csv
3185,1,0,1,3c.csv
3185,1,0,1,3d.csv
3185,3,2,1,3e.csv
3185,2,2,0,3f.csv
3185,3,2,1,3g.csv
3186,9,7,2,1a.csv
3186,0,0,0,1b.csv
3186,0,0,0,1c.csv
3186,1,0,1,1e.csv
3186,1,0,1,1f.csv
3186,1,1,0,1g.csv
3186,1,1,0,1h.csv
3186,0,0,0,1i.csv
3186,0,0,0,1j.csv
3186,0,0,0,1k.csv
3186,0,0,0,1l.csv
3186,2,1,1,1m.csv
3186,0,0,0,2a.csv
3186,1,1,0,2b.csv
3186,0,0,0,2c.csv
3186,0,0,0,2d.csv
3186,0,0,0,2e.csv
3186,1,0,1,2f.csv
3186,2,2,0,2g.csv
3186,1,1,0,2h.csv
3186,0,0,0,2i.csv
3186,0,0,0,2j.csv
3186,0,0,0,2k.csv
3186,0,0,0,2l.csv
3186,5,2,3,3a.csv
3186,3,3,0,3b.csv
3186,1,0,1,3c.csv
3186,1,0,1,3d.csv
3186,2,2,0,3e.csv
3186,2,2,0,3f.csv
3186,3,2,1,3g.csv
3187,10,8,2,1a.csv
3187,0,0,0,1b.csv
3187,0,0,0,1c.csv
3187,1,0,1,1e.csv
3187,0,0,0,1f.csv
3187,1,1,0,1g.csv
3187,2,2,0,1h.csv
3187,0,0,0,1i.csv
3187,0,0,0,1j.csv
3187,0,0,0,1k.csv
3187,0,0,0,1l.csv
3187,1,0,1,1m.csv
3187,0,0,0,2a.csv
3187,1,1,0,2b.csv
3187,0,0,0,2c.csv
3187,0,0,0,2d.csv
3187,0,0,0,2e.csv
3187,1,0,1,2f.csv
3187,2,2,0,2g.csv
3187,1,1,0,2h.csv
3187,0,0,0,2i.csv
3187,0,0,0,2j.csv
3187,0,0,0,2k.csv
3187,0,0,0,2l.csv
3187,5,3,2,3a.csv
3187,2,2,0,3b.csv
3187,1,0,1,3c.csv
3187,1,0,1,3d.csv
3187,2,2,0,3e.csv
3187,2,2,0,3f.csv
3187,2,2,0,3g.csv
3188,9,7,2,1a.csv
3188,0,0,0,1b.csv
3188,0,0,0,1c.csv
3188,1,0,1,1e.csv
3188,0,0,0,1f.csv
3188,1,1,0,1g.csv
3188,2,2,0,1h.csv
3188,0,0,0,1i.csv
3188,0,0,0,1j.csv
3188,0,0,0,1k.csv
3188,0,0,0,1l.csv
3188,1,0,1,1m.csv
3188,0,0,0,2a.csv
3188,2,2,0,2b.csv
3188,0,0,0,2c.csv
3188,0,0,0,2d.csv
3188,0,0,0,2e.csv
3188,1,0,1,2f.csv
3188,2,2,0,2g.csv
3188,0,0,0,2h.csv
3188,0,0,0,2i.csv
3188,0,0,0,2j.csv
3188,0,0,0,2k.csv
3188,0,0,0,2l.csv
3188,6,5,1,3a.csv
3188,2,2,0,3b.csv
3188,0,0,0,3c.csv
3188,0,0,0,3d.csv
3188,0,0,0,3e.csv
3188,2,2,0,3f.csv
3188,4,4,0,3g.csv
3189,9,8,1,1a.csv
3189,0,0,0,1b.csv
3189,0,0,0,1c.csv
3189,2,0,2,1e.csv
3189,0,0,0,1f.csv
3189,0,0,0,1g.csv
3189,2,2,0,1h.csv
3189,0,0,0,1i.csv
3189,0,0,0,1j.csv
3189,0,0,0,1k.csv
3189,0,0,0,1l.csv
3189,1,0,1,1m.csv
3189,0,0,0,2a.csv
3189,2,2,0,2b.csv
3189,0,0,0,2c.csv
3189,0,0,0,2d.csv
3189,0,0,0,2e.csv
3189,0,0,0,2f.csv
3189,2,2,0,2g.csv
3189,0,0,0,2h.csv
3189,0,0,0,2i.csv
3189,0,0,0,2j.csv
3189,0,0,0,2k.csv
3189,0,0,0,2l.csv
3189,5,5,0,3a.csv
3189,2,2,0,3b.csv
3189,0,0,0,3c.csv
3189,0,0,0,3d.csv
3189,0,0,0,3e.csv
3189,2,2,0,3f.csv
3189,4,4,0,3g.csv
3190,8,7,1,1a.csv
3190,0,0,0,1b.csv
3190,0,0,0,1c.csv
3190,2,0,2,1e.csv
3190,0,0,0,1f.csv
3190,1,1,0,1g.csv
3190,2,2,0,1h.csv
3190,0,0,0,1i.csv
3190,0,0,0,1j.csv
3190,0,0,0,1k.csv
3190,0,0,0,1l.csv
3190,1,0,1,1m.csv
3190,0,0,0,2a.csv
3190,3,3,0,2b.csv
3190,0,0,0,2c.csv
3190,0,0,0,2d.csv
3190,0,0,0,2e.csv
3190,0,0,0,2f.csv
3190,1,1,0,2g.csv
3190,0,0,0,2h.csv
3190,0,0,0,2i.csv
3190,0,0,0,2j.csv
3190,0,0,0,2k.csv
3190,0,0,0,2l.csv
3190,8,6,2,3a.csv
3190,2,2,0,3b.csv
3190,0,0,0,3c.csv
3190,0,0,0,3d.csv
3190,0,0,0,3e.csv
3190,2,2,0,3f.csv
3190,4,4,0,3g.csv
3191,7,7,0,1a.csv
3191,0,0,0,1b.csv
3191,0,0,0,1c.csv
3191,3,0,3,1e.csv
3191,0,0,0,1f.csv
3191,1,1,0,1g.csv
3191,1,1,0,1h.csv
3191,0,0,0,1i.csv
3191,1,1,0,1j.csv
3191,0,0,0,1k.csv
3191,0,0,0,1l.csv
3191,1,0,1,1m.csv
3191,0,0,0,2a.csv
3191,3,3,0,2b.csv
3191,0,0,0,2c.csv
3191,0,0,0,2d.csv
3191,0,0,0,2e.csv
3191,0,0,0,2f.csv
3191,1,1,0,2g.csv
3191,1,1,0,2h.csv
3191,0,0,0,2i.csv
3191,0,0,0,2j.csv
3191,0,0,0,2k.csv
3191,0,0,0,2l.csv
3191,10,8,2,3a.csv
3191,2,2,0,3b.csv
3191,0,0,0,3c.csv
3191,0,0,0,3d.csv
3191,3,3,0,3e.csv
3191,1,1,0,3f.csv
3191,4,4,0,3g.csv
3192,6,6,0,1a.csv
3192,0,0,0,1b.csv
3192,0,0,0,1c.csv
3192,5,2,3,1e.csv
3192,0,0,0,1f.csv
3192,1,1,0,1g.csv
3192,1,1,0,1h.csv
3192,0,0,0,1i.csv
3192,1,1,0,1j.csv
3192,0,0,0,1k.csv
3192,0,0,0,1l.csv
3192,1,0,1,1m.csv
3192,0,0,0,2a.csv
3192,3,3,0,2b.csv
3192,0,0,0,2c.csv
3192,0,0,0,2d.csv
3192,0,0,0,2e.csv
3192,0,0,0,2f.csv
3192,0,0,0,2g.csv
3192,1,1,0,2h.csv
3192,0,0,0,2i.csv
3192,0,0,0,2j.csv
3192,0,0,0,2k.csv
3192,0,0,0,2l.csv
3192,10,8,2,3a.csv
3192,1,1,0,3b.csv
3192,0,0,0,3c.csv
3192,0,0,0,3d.csv
3192,3,3,0,3e.csv
3192,0,0,0,3f.csv
3192,3,3,0,3g.csv
3193,6,6,0,1a.csv
3193,0,0,0,1b.csv
3193,0,0,0,1c.csv
3193,5,2,3,1e.csv
3193,0,0,0,1f.csv
3193,1,1,0,1g.csv
3193,1,1,0,1h.csv
3193,0,0,0,1i.csv
3193,1,1,0,1j.csv
3193,1,1,0,1k.csv
3193,0,0,0,1l.csv
3193,1,0,1,1m.csv
3193,0,0,0,2a.csv
3193,2,2,0,2b.csv
3193,0,0,0,2c.csv
3193,0,0,0,2d.csv
3193,0,0,0,2e.csv
3193,0,0,0,2f.csv
3193,0,0,0,2g.csv
3193,2,2,0,2h.csv
3193,0,0,0,2i.csv
3193,0,0,0,2j.csv
3193,0,0,0,2k.csv
3193,0,0,0,2l.csv
3193,13,11,2,3a.csv
3193,1,1,0,3b.csv
3193,0,0,0,3c.csv
3193,0,0,0,3d.csv
3193,4,4,0,3e.csv
3193,0,0,0,3f.csv
3193,3,3,0,3g.csv
3194,4,4,0,1a.csv
3194,0,0,0,1b.csv
3194,0,0,0,1c.csv
3194,5,3,2,1e.csv
3194,1,1,0,1f.csv
3194,1,1,0,1g.csv
3194,2,2,0,1h.csv
3194,0,0,0,1i.csv
3194,1,1,0,1j.csv
3194,1,1,0,1k.csv
3194,0,0,0,1l.csv
3194,1,0,1,1m.csv
3194,0,0,0,2a.csv
3194,2,2,0,2b.csv
3194,0,0,0,2c.csv
3194,0,0,0,2d.csv
3194,0,0,0,2e.csv
3194,0,0,0,2f.csv
3194,0,0,0,2g.csv
3194,2,2,0,2h.csv
3194,0,0,0,2i.csv
3194,0,0,0,2j.csv
3194,0,0,0,2k.csv
3194,0,0,0,2l.csv
3194,16,14,2,3a.csv
3194,0,0,0,3b.csv
3194,0,0,0,3c.csv
3194,0,0,0,3d.csv
3194,4,4,0,3e.csv
3194,0,0,0,3f.csv
3194,3,3,0,3g.csv
3195,6,6,0,1a.csv
3195,0,0,0,1b.csv
3195,0,0,0,1c.csv
3195,6,4,2,1e.csv
3195,1,1,0,1f.csv
3195,1,1,0,1g.csv
3195,1,1,0,1h.csv
3195,0,0,0,1i.csv
3195,1,1,0,1j.csv
3195,1,1,0,1k.csv
3195,0,0,0,1l.csv
3195,1,0,1,1m.csv
3195,0,0,0,2a.csv
3195,2,2,0,2b.csv
3195,0,0,0,2c.csv
3195,0,0,0,2d.csv
3195,0,0,0,2e.csv
3195,0,0,0,2f.csv
3195,0,0,0,2g.csv
3195,2,2,0,2h.csv
3195,0,0,0,2i.csv
3195,0,0,0,2j.csv
3195,0,0,0,2k.csv
3195,0,0,0,2l.csv
3195,18,16,2,3a.csv
3195,0,0,0,3b.csv
3195,0,0,0,3c.csv
3195,0,0,0,3d.csv
3195,5,5,0,3e.csv
3195,0,0,0,3f.csv
3195,3,3,0,3g.csv
3196,7,7,0,1a.csv
3196,0,0,0,1b.csv
3196,0,0,0,1c.csv
3196,8,4,4,1e.csv
3196,1,1,0,1f.csv
3196,1,1,0,1g.csv
3196,1,1,0,1h.csv
3196,0,0,0,1i.csv
3196,1,1,0,1j.csv
3196,1,1,0,1k.csv
3196,0,0,0,1l.csv
3196,1,0,1,1m.csv
3196,0,0,0,2a.csv
3196,1,1,0,2b.csv
3196,0,0,0,2c.csv
3196,0,0,0,2d.csv
3196,0,0,0,2e.csv
3196,0,0,0,2f.csv
3196,0,0,0,2g.csv
3196,2,2,0,2h.csv
3196,0,0,0,2i.csv
3196,0,0,0,2j.csv
3196,0,0,0,2k.csv
3196,0,0,0,2l.csv
3196,21,18,3,3a.csv
3196,1,1,0,3b.csv
3196,0,0,0,3c.csv
3196,0,0,0,3d.csv
3196,5,5,0,3e.csv
3196,0,0,0,3f.csv
3196,1,1,0,3g.csv
3197,5,5,0,1a.csv
3197,0,0,0,1b.csv
3197,0,0,0,1c.csv
3197,8,5,3,1e.csv
3197,2,2,0,1f.csv
3197,1,1,0,1g.csv
3197,1,1,0,1h.csv
3197,0,0,0,1i.csv
3197,1,1,0,1j.csv
3197,1,1,0,1k.csv
3197,0,0,0,1l.csv
3197,2,1,1,1m.csv
3197,0,0,0,2a.csv
3197,1,1,0,2b.csv
3197,0,0,0,2c.csv
3197,0,0,0,2d.csv
3197,0,0,0,2e.csv
3197,0,0,0,2f.csv
3197,0,0,0,2g.csv
3197,2,2,0,2h.csv
3197,0,0,0,2i.csv
3197,0,0,0,2j.csv
3197,0,0,0,2k.csv
3197,0,0,0,2l.csv
3197,24,20,4,3a.csv
3197,1,1,0,3b.csv
3197,1,0,1,3c.csv
3197,1,0,1,3d.csv
3197,6,5,1,3e.csv
3197,0,0,0,3f.csv
3197,1,1,0,3g.csv
3198,5,5,0,1a.csv
3198,0,0,0,1b.csv
3198,0,0,0,1c.csv
3198,8,5,3,1e.csv
3198,2,2,0,1f.csv
3198,0,0,0,1g.csv
3198,1,1,0,1h.csv
3198,0,0,0,1i.csv
3198,1,1,0,1j.csv
3198,1,1,0,1k.csv
3198,0,0,0,1l.csv
3198,2,1,1,1m.csv
3198,0,0,0,2a.csv
3198,0,0,0,2b.csv
3198,0,0,0,2c.csv
3198,0,0,0,2d.csv
3198,0,0,0,2e.csv
3198,0,0,0,2f.csv
3198,0,0,0,2g.csv
3198,3,3,0,2h.csv
3198,0,0,0,2i.csv
3198,0,0,0,2j.csv
3198,0,0,0,2k.csv
3198,0,0,0,2l.csv
3198,20,18,2,3a.csv
3198,1,1,0,3b.csv
3198,1,0,1,3c.csv
3198,1,0,1,3d.csv
3198,7,6,1,3e.csv
3198,0,0,0,3f.csv
3198,1,1,0,3g.csv
3199,5,4,1,1a.csv
3199,0,0,0,1b.csv
3199,0,0,0,1c.csv
3199,7,5,2,1e.csv
3199,2,2,0,1f.csv
3199,0,0,0,1g.csv
3199,1,1,0,1h.csv
3199,0,0,0,1i.csv
3199,0,0,0,1j.csv
3199,1,1,0,1k.csv
3199,0,0,0,1l.csv
3199,2,1,1,1m.csv
3199,0,0,0,2a.csv
3199,1,1,0,2b.csv
3199,0,0,0,2c.csv
3199,0,0,0,2d.csv
3199,0,0,0,2e.csv
3199,0,0,0,2f.csv
3199,0,0,0,2g.csv
3199,2,2,0,2h.csv
3199,0,0,0,2i.csv
3199,0,0,0,2j.csv
3199,0,0,0,2k.csv
3199,0,0,0,2l.csv
3199,19,17,2,3a.csv
3199,2,2,0,3b.csv
3199,1,0,1,3c.csv
3199,1,0,1,3d.csv
3199,4,3,1,3e.csv
3199,0,0,0,3f.csv
3199,2,2,0,3g.csv
3200,6,5,1,1a.csv
3200,0,0,0,1b.csv
3200,0,0,0,1c.csv
3200,6,3,3,1e.csv
3200,2,2,0,1f.csv
3200,0,0,0,1g.csv
3200,1,1,0,1h.csv
3200,0,0,0,1i.csv
3200,1,1,0,1j.csv
3200,1,1,0,1k.csv
3200,0,0,0,1l.csv
3200,2,1,1,1m.csv
3200,1,1,0,2a.csv
3200,2,2,0,2b.csv
3200,0,0,0,2c.csv
3200,0,0,0,2d.csv
3200,0,0,0,2e.csv
3200,0,0,0,2f.csv
3200,0,0,0,2g.csv
3200,2,2,0,2h.csv
3200,0,0,0,2i.csv
3200,0,0,0,2j.csv
3200,0,0,0,2k.csv
3200,0,0,0,2l.csv
3200,22,18,4,3a.csv
3200,4,4,0,3b.csv
3200,1,0,1,3c.csv
3200,1,0,1,3d.csv
3200,4,3,1,3e.csv
3200,2,1,1,3f.csv
3200,2,2,0,3g.csv
3201,6,5,1,1a.csv
3201,0,0,0,1b.csv
3201,0,0,0,1c.csv
3201,7,4,3,1e.csv
3201,3,2,1,1f.csv
3201,0,0,0,1g.csv
3201,1,1,0,1h.csv
3201,0,0,0,1i.csv
3201,1,1,0,1j.csv
3201,0,0,0,1k.csv
3201,0,0,0,1l.csv
3201,1,1,0,1m.csv
3201,1,1,0,2a.csv
3201,2,2,0,2b.csv
3201,0,0,0,2c.csv
3201,0,0,0,2d.csv
3201,0,0,0,2e.csv
3201,0,0,0,2f.csv
3201,0,0,0,2g.csv
3201,1,1,0,2h.csv
3201,0,0,0,2i.csv
3201,0,0,0,2j.csv
3201,0,0,0,2k.csv
3201,1,1,0,2l.csv
3201,24,20,4,3a.csv
3201,5,4,1,3b.csv
3201,1,0,1,3c.csv
3201,1,0,1,3d.csv
3201,4,3,1,3e.csv
3201,2,1,1,3f.csv
3201,2,2,0,3g.csv
3202,6,5,1,1a.csv
3202,0,0,0,1b.csv
3202,0,0,0,1c.csv
3202,6,3,3,1e.csv
3202,2,1,1,1f.csv
3202,0,0,0,1g.csv
3202,0,0,0,1h.csv
3202,0,0,0,1i.csv
3202,1,1,0,1j.csv
3202,0,0,0,1k.csv
3202,0,0,0,1l.csv
3202,1,1,0,1m.csv
3202,1,1,0,2a.csv
3202,2,2,0,2b.csv
3202,0,0,0,2c.csv
3202,0,0,0,2d.csv
3202,0,0,0,2e.csv
3202,0,0,0,2f.csv
3202,0,0,0,2g.csv
3202,1,1,0,2h.csv
3202,0,0,0,2i.csv
3202,0,0,0,2j.csv
3202,0,0,0,2k.csv
3202,1,1,0,2l.csv
3202,23,18,5,3a.csv
3202,5,4,1,3b.csv
3202,1,0,1,3c.csv
3202,1,0,1,3d.csv
3202,5,4,1,3e.csv
3202,2,1,1,3f.csv
3202,2,2,0,3g.csv
3203,3,2,1,1a.csv
3203,0,0,0,1b.csv
3203,0,0,0,1c.csv
3203,5,2,3,1e.csv
3203,2,1,1,1f.csv
3203,0,0,0,1g.csv
3203,0,0,0,1h.csv
3203,0,0,0,1i.csv
3203,1,1,0,1j.csv
3203,0,0,0,1k.csv
3203,0,0,0,1l.csv
3203,2,2,0,1m.csv
3203,1,1,0,2a.csv
3203,2,2,0,2b.csv
3203,0,0,0,2c.csv
3203,0,0,0,2d.csv
3203,0,0,0,2e.csv
3203,0,0,0,2f.csv
3203,1,1,0,2g.csv
3203,1,1,0,2h.csv
3203,0,0,0,2i.csv
3203,0,0,0,2j.csv
3203,0,0,0,2k.csv
3203,1,1,0,2l.csv
3203,24,17,7,3a.csv
3203,5,4,1,3b.csv
3203,2,1,1,3c.csv
3203,2,1,1,3d.csv
3203,4,3,1,3e.csv
3203,2,1,1,3f.csv
3203,3,3,0,3g.csv
3204,2,1,1,1a.csv
3204,0,0,0,1b.csv
3204,0,0,0,1c.csv
3204,3,2,1,1e.csv
3204,2,1,1,1f.csv
3204,0,0,0,1g.csv
3204,1,1,0,1h.csv
3204,0,0,0,1i.csv
3204,1,1,0,1j.csv
3204,0,0,0,1k.csv
3204,0,0,0,1l.csv
3204,2,2,0,1m.csv
3204,2,2,0,2a.csv
3204,2,2,0,2b.csv
3204,0,0,0,2c.csv
3204,0,0,0,2d.csv
3204,0,0,0,2e.csv
3204,0,0,0,2f.csv
3204,1,1,0,2g.csv
3204,1,1,0,2h.csv
3204,0,0,0,2i.csv
3204,0,0,0,2j.csv
3204,0,0,0,2k.csv
3204,1,1,0,2l.csv
3204,25,17,8,3a.csv
3204,5,4,1,3b.csv
3204,2,1,1,3c.csv
3204,2,1,1,3d.csv
3204,4,3,1,3e.csv
3204,2,1,1,3f.csv
3204,3,3,0,3g.csv
3205,2,1,1,1a.csv
3205,0,0,0,1b.csv
3205,0,0,0,1c.csv
3205,2,1,1,1e.csv
3205,1,0,1,1f.csv
3205,1,1,0,1g.csv
3205,1,1,0,1h.csv
3205,0,0,0,1i.csv
3205,1,1,0,1j.csv
3205,1,1,0,1k.csv
3205,0,0,0,1l.csv
3205,1,1,0,1m.csv
3205,2,2,0,2a.csv
3205,2,2,0,2b.csv
3205,0,0,0,2c.csv
3205,0,0,0,2d.csv
3205,0,0,0,2e.csv
3205,0,0,0,2f.csv
3205,1,1,0,2g.csv
3205,1,1,0,2h.csv
3205,0,0,0,2i.csv
3205,0,0,0,2j.csv
3205,0,0,0,2k.csv
3205,1,1,0,2l.csv
3205,28,20,8,3a.csv
3205,5,4,1,3b.csv
3205,1,1,0,3c.csv
3205,1,1,0,3d.csv
3205,4,4,0,3e.csv
3205,2,1,1,3f.csv
3205,3,3,0,3g.csv
3206,2,1,1,1a.csv
3206,0,0,0,1b.csv
3206,0,0,0,1c.csv
3206,2,1,1,1e.csv
3206,1,0,1,1f.csv
3206,1,1,0,1g.csv
3206,1,1,0,1h.csv
3206,0,0,0,1i.csv
3206,1,1,0,1j.csv
3206,1,1,0,1k.csv
3206,0,0,0,1l.csv
3206,1,1,0,1m.csv
3206,2,2,0,2a.csv
3206,2,2,0,2b.csv
3206,1,1,0,2c.csv
3206,0,0,0,2d.csv
3206,0,0,0,2e.csv
3206,0,0,0,2f.csv
3206,1,1,0,2g.csv
3206,0,0,0,2h.csv
3206,0,0,0,2i.csv
3206,0,0,0,2j.csv
3206,0,0,0,2k.csv
3206,2,1,1,2l.csv
3206,37,26,11,3a.csv
3206,5,4,1,3b.csv
3206,1,1,0,3c.csv
3206,1,1,0,3d.csv
3206,3,3,0,3e.csv
3206,3,1,2,3f.csv
3206,3,3,0,3g.csv
3207,2,2,0,1a.csv
3207,0,0,0,1b.csv
3207,0,0,0,1c.csv
3207,2,1,1,1e.csv
3207,1,0,1,1f.csv
3207,1,1,0,1g.csv
3207,1,1,0,1h.csv
3207,0,0,0,1i.csv
3207,1,1,0,1j.csv
3207,1,1,0,1k.csv
3207,0,0,0,1l.csv
3207,1,1,0,1m.csv
3207,2,2,0,2a.csv
3207,1,1,0,2b.csv
3207,1,1,0,2c.csv
3207,0,0,0,2d.csv
3207,0,0,0,2e.csv
3207,0,0,0,2f.csv
3207,1,1,0,2g.csv
3207,0,0,0,2h.csv
3207,0,0,0,2i.csv
3207,0,0,0,2j.csv
3207,0,0,0,2k.csv
3207,3,2,1,2l.csv
3207,46,32,14,3a.csv
3207,6,5,1,3b.csv
3207,2,2,0,3c.csv
3207,2,2,0,3d.csv
3207,3,3,0,3e.csv
3207,3,1,2,3f.csv
3207,2,2,0,3g.csv
3208,1,1,0,1a.csv
3208,0,0,0,1b.csv
3208,0,0,0,1c.csv
3208,3,3,0,1e.csv
3208,1,0,1,1f.csv
3208,1,1,0,1g.csv
3208,1,1,0,1h.csv
3208,0,0,0,1i.csv
3208,0,0,0,1j.csv
3208,1,1,0,1k.csv
3208,0,0,0,1l.csv
3208,1,1,0,1m.csv
3208,2,2,0,2a.csv
3208,0,0,0,2b.csv
3208,1,1,0,2c.csv
3208,0,0,0,2d.csv
3208,0,0,0,2e.csv
3208,0,0,0,2f.csv
3208,1,1,0,2g.csv
3208,0,0,0,2h.csv
3208,0,0,0,2i.csv
3208,0,0,0,2j.csv
3208,0,0,0,2k.csv
3208,3,2,1,2l.csv
3208,47,35,12,3a.csv
3208,4,3,1,3b.csv
3208,2,2,0,3c.csv
3208,2,2,0,3d.csv
3208,3,3,0,3e.csv
3208,1,0,1,3f.csv
3208,2,2,0,3g.csv
3209,1,1,0,1a.csv
3209,1,1,0,1b.csv
3209,0,0,0,1c.csv
3209,3,3,0,1e.csv
3209,0,0,0,1f.csv
3209,1,1,0,1g.csv
3209,1,1,0,1h.csv
3209,0,0,0,1i.csv
3209,0,0,0,1j.csv
3209,1,1,0,1k.csv
3209,0,0,0,1l.csv
3209,1,1,0,1m.csv
3209,2,2,0,2a.csv
3209,0,0,0,2b.csv
3209,1,1,0,2c.csv
3209,0,0,0,2d.csv
3209,0,0,0,2e.csv
3209,0,0,0,2f.csv
3209,1,1,0,2g.csv
3209,1,1,0,2h.csv
3209,0,0,0,2i.csv
3209,0,0,0,2j.csv
3209,0,0,0,2k.csv
3209,3,2,1,2l.csv
3209,50,36,14,3a.csv
3209,4,4,0,3b.csv
3209,2,2,0,3c.csv
3209,2,2,0,3d.csv
3209,2,2,0,3e.csv
3209,1,0,1,3f.csv
3209,1,1,0,3g.csv
3210,2,2,0,1a.csv
3210,1,1,0,1b.csv
3210,0,0,0,1c.csv
3210,4,4,0,1e.csv
3210,1,1,0,1f.csv
3210,2,2,0,1g.csv
3210,1,1,0,1h.csv
3210,0,0,0,1i.csv
3210,0,0,0,1j.csv
3210,1,1,0,1k.csv
3210,0,0,0,1l.csv
3210,1,1,0,1m.csv
3210,2,2,0,2a.csv
3210,0,0,0,2b.csv
3210,1,1,0,2c.csv
3210,0,0,0,2d.csv
3210,0,0,0,2e.csv
3210,0,0,0,2f.csv
3210,1,1,0,2g.csv
3210,1,1,0,2h.csv
3210,0,0,0,2i.csv
3210,0,0,0,2j.csv
3210,0,0,0,2k.csv
3210,3,2,1,2l.csv
3210,50,36,14,3a.csv
3210,7,6,1,3b.csv
3210,3,3,0,3c.csv
3210,3,3,0,3d.csv
3210,2,2,0,3e.csv
3210,1,0,1,3f.csv
3210,2,2,0,3g.csv
3211,2,2,0,1a.csv
3211,1,1,0,1b.csv
3211,0,0,0,1c.csv
3211,4,4,0,1e.csv
3211,1,1,0,1f.csv
3211,2,2,0,1g.csv
3211,1,1,0,1h.csv
3211,0,0,0,1i.csv
3211,0,0,0,1j.csv
3211,1,1,0,1k.csv
3211,0,0,0,1l.csv
3211,0,0,0,1m.csv
3211,2,2,0,2a.csv
3211,0,0,0,2b.csv
3211,1,1,0,2c.csv
3211,0,0,0,2d.csv
3211,0,0,0,2e.csv
3211,0,0,0,2f.csv
3211,0,0,0,2g.csv
3211,1,1,0,2h.csv
3211,0,0,0,2i.csv
3211,0,0,0,2j.csv
3211,0,0,0,2k.csv
3211,3,2,1,2l.csv
3211,50,37,13,3a.csv
3211,8,7,1,3b.csv
3211,2,2,0,3c.csv
3211,2,2,0,3d.csv
3211,2,2,0,3e.csv
3211,1,0,1,3f.csv
3211,1,1,0,3g.csv
3212,2,2,0,1a.csv
3212,1,1,0,1b.csv
3212,0,0,0,1c.csv
3212,5,4,1,1e.csv
3212,1,1,0,1f.csv
3212,2,2,0,1g.csv
3212,0,0,0,1h.csv
3212,0,0,0,1i.csv
3212,0,0,0,1j.csv
3212,1,1,0,1k.csv
3212,1,1,0,1l.csv
3212,0,0,0,1m.csv
3212,1,1,0,2a.csv
3212,0,0,0,2b.csv
3212,1,1,0,2c.csv
3212,0,0,0,2d.csv
3212,0,0,0,2e.csv
3212,0,0,0,2f.csv
3212,0,0,0,2g.csv
3212,1,1,0,2h.csv
3212,0,0,0,2i.csv
3212,0,0,0,2j.csv
3212,1,1,0,2k.csv
3212,3,2,1,2l.csv
3212,53,41,12,3a.csv
3212,7,6,1,3b.csv
3212,2,2,0,3c.csv
3212,2,2,0,3d.csv
3212,2,2,0,3e.csv
3212,1,0,1,3f.csv
3212,1,1,0,3g.csv
3213,2,2,0,1a.csv
3213,1,1,0,1b.csv
3213,1,1,0,1c.csv
3213,6,5,1,1e.csv
3213,1,1,0,1f.csv
3213,1,1,0,1g.csv
3213,0,0,0,1h.csv
3213,0,0,0,1i.csv
3213,0,0,0,1j.csv
3213,0,0,0,1k.csv
3213,1,1,0,1l.csv
3213,0,0,0,1m.csv
3213,1,1,0,2a.csv
3213,0,0,0,2b.csv
3213,1,1,0,2c.csv
3213,0,0,0,2d.csv
3213,0,0,0,2e.csv
3213,1,1,0,2f.csv
3213,0,0,0,2g.csv
3213,1,1,0,2h.csv
3213,0,0,0,2i.csv
3213,0,0,0,2j.csv
3213,1,1,0,2k.csv
3213,3,2,1,2l.csv
3213,49,38,11,3a.csv
3213,10,9,1,3b.csv
3213,2,2,0,3c.csv
3213,2,2,0,3d.csv
3213,1,1,0,3e.csv
3213,1,0,1,3f.csv
3213,2,2,0,3g.csv
3214,2,2,0,1a.csv
3214,1,1,0,1b.csv
3214,2,2,0,1c.csv
3214,6,5,1,1e.csv
3214,1,1,0,1f.csv
3214,1,1,0,1g.csv
3214,0,0,0,1h.csv
3214,0,0,0,1i.csv
3214,0,0,0,1j.csv
3214,0,0,0,1k.csv
3214,1,1,0,1l.csv
3214,0,0,0,1m.csv
3214,1,1,0,2a.csv
3214,0,0,0,2b.csv
3214,0,0,0,2c.csv
3214,0,0,0,2d.csv
3214,0,0,0,2e.csv
3214,1,1,0,2f.csv
3214,0,0,0,2g.csv
3214,1,1,0,2h.csv
3214,0,0,0,2i.csv
3214,0,0,0,2j.csv
3214,1,1,0,2k.csv
3214,2,2,0,2l.csv
3214,48,37,11,3a.csv
3214,11,10,1,3b.csv
3214,2,2,0,3c.csv
3214,2,2,0,3d.csv
3214,1,1,0,3e.csv
3214,1,1,0,3f.csv
3214,2,2,0,3g.csv
3215,1,1,0,1a.csv
3215,1,1,0,1b.csv
3215,3,3,0,1c.csv
3215,6,5,1,1e.csv
3215,1,1,0,1f.csv
3215,1,1,0,1g.csv
3215,0,0,0,1h.csv
3215,0,0,0,1i.csv
3215,0,0,0,1j.csv
3215,0,0,0,1k.csv
3215,1,1,0,1l.csv
3215,0,0,0,1m.csv
3215,1,1,0,2a.csv
3215,0,0,0,2b.csv
3215,0,0,0,2c.csv
3215,1,1,0,2d.csv
3215,0,0,0,2e.csv
3215,1,1,0,2f.csv
3215,0,0,0,2g.csv
3215,1,1,0,2h.csv
3215,0,0,0,2i.csv
3215,0,0,0,2j.csv
3215,1,1,0,2k.csv
3215,2,2,0,2l.csv
3215,41,32,9,3a.csv
3215,10,9,1,3b.csv
3215,1,1,0,3c.csv
3215,1,1,0,3d.csv
3215,2,2,0,3e.csv
3215,1,1,0,3f.csv
3215,2,2,0,3g.csv
3216,1,1,0,1a.csv
3216,1,1,0,1b.csv
3216,3,3,0,1c.csv
3216,4,3,1,1e.csv
3216,1,1,0,1f.csv
3216,1,1,0,1g.csv
3216,0,0,0,1h.csv
3216,0,0,0,1i.csv
3216,0,0,0,1j.csv
3216,0,0,0,1k.csv
3216,1,1,0,1l.csv
3216,0,0,0,1m.csv
3216,1,0,1,2a.csv
3216,0,0,0,2b.csv
3216,0,0,0,2c.csv
3216,1,1,0,2d.csv
3216,0,0,0,2e.csv
3216,1,1,0,2f.csv
3216,0,0,0,2g.csv
3216,1,1,0,2h.csv
3216,0,0,0,2i.csv
3216,0,0,0,2j.csv
3216,1,1,0,2k.csv
3216,2,2,0,2l.csv
3216,41,31,10,3a.csv
3216,10,9,1,3b.csv
3216,1,1,0,3c.csv
3216,1,1,0,3d.csv
3216,2,2,0,3e.csv
3216,1,1,0,3f.csv
3216,2,2,0,3g.csv
3217,2,2,0,1a.csv
3217,0,0,0,1b.csv
3217,3,3,0,1c.csv
3217,3,2,1,1e.csv
3217,1,1,0,1f.csv
3217,1,1,0,1g.csv
3217,0,0,0,1h.csv
3217,0,0,0,1i.csv
3217,0,0,0,1j.csv
3217,0,0,0,1k.csv
3217,1,1,0,1l.csv
3217,0,0,0,1m.csv
3217,1,0,1,2a.csv
3217,0,0,0,2b.csv
3217,0,0,0,2c.csv
3217,1,1,0,2d.csv
3217,1,1,0,2e.csv
3217,1,1,0,2f.csv
3217,0,0,0,2g.csv
3217,0,0,0,2h.csv
3217,0,0,0,2i.csv
3217,0,0,0,2j.csv
3217,1,1,0,2k.csv
3217,2,2,0,2l.csv
3217,37,27,10,3a.csv
3217,11,10,1,3b.csv
3217,1,1,0,3c.csv
3217,1,1,0,3d.csv
3217,2,2,0,3e.csv
3217,1,1,0,3f.csv
3217,2,2,0,3g.csv
3218,1,1,0,1a.csv
3218,0,0,0,1b.csv
3218,3,3,0,1c.csv
3218,3,1,2,1e.csv
3218,1,1,0,1f.csv
3218,0,0,0,1g.csv
3218,0,0,0,1h.csv
3218,0,0,0,1i.csv
3218,0,0,0,1j.csv
3218,0,0,0,1k.csv
3218,1,1,0,1l.csv
3218,0,0,0,1m.csv
3218,2,1,1,2a.csv
3218,0,0,0,2b.csv
3218,0,0,0,2c.csv
3218,1,1,0,2d.csv
3218,1,1,0,2e.csv
3218,1,1,0,2f.csv
3218,0,0,0,2g.csv
3218,1,0,1,2h.csv
3218,0,0,0,2i.csv
3218,0,0,0,2j.csv
3218,1,1,0,2k.csv
3218,2,2,0,2l.csv
3218,39,27,12,3a.csv
3218,8,8,0,3b.csv
3218,0,0,0,3c.csv
3218,0,0,0,3d.csv
3218,1,1,0,3e.csv
3218,1,1,0,3f.csv
3218,1,1,0,3g.csv
3219,1,1,0,1a.csv
3219,0,0,0,1b.csv
3219,3,3,0,1c.csv
3219,5,3,2,1e.csv
3219,1,1,0,1f.csv
3219,0,0,0,1g.csv
3219,0,0,0,1h.csv
3219,0,0,0,1i.csv
3219,0,0,0,1j.csv
3219,0,0,0,1k.csv
3219,1,1,0,1l.csv
3219,0,0,0,1m.csv
3219,2,1,1,2a.csv
3219,0,0,0,2b.csv
3219,0,0,0,2c.csv
3219,1,1,0,2d.csv
3219,1,1,0,2e.csv
3219,1,1,0,2f.csv
3219,0,0,0,2g.csv
3219,1,0,1,2h.csv
3219,0,0,0,2i.csv
3219,1,1,0,2j.csv
3219,0,0,0,2k.csv
3219,2,2,0,2l.csv
3219,36,25,11,3a.csv
3219,8,8,0,3b.csv
3219,0,0,0,3c.csv
3219,0,0,0,3d.csv
3219,3,2,1,3e.csv
3219,1,1,0,3f.csv
3219,1,1,0,3g.csv
3220,1,1,0,1a.csv
3220,1,1,0,1b.csv
3220,3,3,0,1c.csv
3220,5,4,1,1e.csv
3220,1,1,0,1f.csv
3220,0,0,0,1g.csv
3220,0,0,0,1h.csv
3220,0,0,0,1i.csv
3220,0,0,0,1j.csv
3220,0,0,0,1k.csv
3220,0,0,0,1l.csv
3220,0,0,0,1m.csv
3220,2,1,1,2a.csv
3220,0,0,0,2b.csv
3220,0,0,0,2c.csv
3220,1,1,0,2d.csv
3220,1,1,0,2e.csv
3220,1,1,0,2f.csv
3220,0,0,0,2g.csv
3220,2,1,1,2h.csv
3220,0,0,0,2i.csv
3220,1,1,0,2j.csv
3220,0,0,0,2k.csv
3220,2,2,0,2l.csv
3220,30,20,10,3a.csv
3220,10,10,0,3b.csv
3220,0,0,0,3c.csv
3220,0,0,0,3d.csv
3220,4,3,1,3e.csv
3220,1,1,0,3f.csv
3220,1,1,0,3g.csv
3221,1,1,0,1a.csv
3221,1,1,0,1b.csv
3221,2,2,0,1c.csv
3221,4,3,1,1e.csv
3221,1,1,0,1f.csv
3221,0,0,0,1g.csv
3221,0,0,0,1h.csv
3221,0,0,0,1i.csv
3221,0,0,0,1j.csv
3221,0,0,0,1k.csv
3221,0,0,0,1l.csv
3221,0,0,0,1m.csv
3221,3,2,1,2a.csv
3221,0,0,0,2b.csv
3221,0,0,0,2c.csv
3221,1,1,0,2d.csv
3221,1,1,0,2e.csv
3221,0,0,0,2f.csv
3221,0,0,0,2g.csv
3221,2,1,1,2h.csv
3221,0,0,0,2i.csv
3221,1,1,0,2j.csv
3221,0,0,0,2k.csv
3221,2,2,0,2l.csv
3221,31,21,10,3a.csv
3221,9,9,0,3b.csv
3221,1,1,0,3c.csv
3221,1,1,0,3d.csv
3221,5,4,1,3e.csv
3221,1,1,0,3f.csv
3221,0,0,0,3g.csv
3222,2,2,0,1a.csv
3222,1,1,0,1b.csv
3222,1,1,0,1c.csv
3222,4,3,1,1e.csv
3222,1,1,0,1f.csv
3222,0,0,0,1g.csv
3222,0,0,0,1h.csv
3222,0,0,0,1i.csv
3222,0,0,0,1j.csv
3222,0,0,0,1k.csv
3222,0,0,0,1l.csv
3222,0,0,0,1m.csv
3222,3,2,1,2a.csv
3222,0,0,0,2b.csv
3222,0,0,0,2c.csv
3222,1,1,0,2d.csv
3222,1,1,0,2e.csv
3222,0,0,0,2f.csv
3222,0,0,0,2g.csv
3222,2,1,1,2h.csv
3222,0,0,0,2i.csv
3222,1,1,0,2j.csv
3222,0,0,0,2k.csv
3222,2,2,0,2l.csv
3222,26,18,8,3a.csv
3222,9,9,0,3b.csv
3222,1,1,0,3c.csv
3222,1,1,0,3d.csv
3222,5,4,1,3e.csv
3222,0,0,0,3f.csv
3222,0,0,0,3g.csv
3223,3,3,0,1a.csv
3223,1,1,0,1b.csv
3223,1,1,0,1c.csv
3223,4,3,1,1e.csv
3223,1,1,0,1f.csv
3223,0,0,0,1g.csv
3223,0,0,0,1h.csv
3223,0,0,0,1i.csv
3223,0,0,0,1j.csv
3223,0,0,0,1k.csv
3223,0,0,0,1l.csv
3223,0,0,0,1m.csv
3223,3,2,1,2a.csv
3223,0,0,0,2b.csv
3223,0,0,0,2c.csv
3223,0,0,0,2d.csv
3223,1,1,0,2e.csv
3223,0,0,0,2f.csv
3223,0,0,0,2g.csv
3223,3,2,1,2h.csv
3223,0,0,0,2i.csv
3223,1,1,0,2j.csv
3223,0,0,0,2k.csv
3223,1,1,0,2l.csv
3223,26,18,8,3a.csv
3223,10,9,1,3b.csv
3223,3,2,1,3c.csv
3223,3,2,1,3d.csv
3223,6,4,2,3e.csv
3223,0,0,0,3f.csv
3223,0,0,0,3g.csv
3224,4,4,0,1a.csv
3224,2,2,0,1b.csv
3224,1,1,0,1c.csv
3224,4,3,1,1e.csv
3224,1,1,0,1f.csv
3224,0,0,0,1g.csv
3224,0,0,0,1h.csv
3224,0,0,0,1i.csv
3224,0,0,0,1j.csv
3224,0,0,0,1k.csv
3224,0,0,0,1l.csv
3224,0,0,0,1m.csv
3224,2,2,0,2a.csv
3224,0,0,0,2b.csv
3224,0,0,0,2c.csv
3224,0,0,0,2d.csv
3224,1,1,0,2e.csv
3224,0,0,0,2f.csv
3224,0,0,0,2g.csv
3224,3,2,1,2h.csv
3224,0,0,0,2i.csv
3224,1,1,0,2j.csv
3224,0,0,0,2k.csv
3224,2,2,0,2l.csv
3224,25,18,7,3a.csv
3224,13,12,1,3b.csv
3224,3,2,1,3c.csv
3224,3,2,1,3d.csv
3224,7,4,3,3e.csv
3224,0,0,0,3f.csv
3224,0,0,0,3g.csv
3225,3,3,0,1a.csv
3225,2,2,0,1b.csv
3225,1,1,0,1c.csv
3225,4,3,1,1e.csv
3225,1,1,0,1f.csv
3225,0,0,0,1g.csv
3225,0,0,0,1h.csv
3225,0,0,0,1i.csv
3225,0,0,0,1j.csv
3225,0,0,0,1k.csv
3225,0,0,0,1l.csv
3225,0,0,0,1m.csv
3225,2,2,0,2a.csv
3225,0,0,0,2b.csv
3225,0,0,0,2c.csv
3225,0,0,0,2d.csv
3225,0,0,0,2e.csv
3225,0,0,0,2f.csv
3225,0,0,0,2g.csv
3225,3,2,1,2h.csv
3225,0,0,0,2i.csv
3225,1,1,0,2j.csv
3225,0,0,0,2k.csv
3225,1,1,0,2l.csv
3225,24,18,6,3a.csv
3225,12,11,1,3b.csv
3225,3,2,1,3c.csv
3225,3,2,1,3d.csv
3225,9,6,3,3e.csv
3225,0,0,0,3f.csv
3225,0,0,0,3g.csv
3226,3,3,0,1a.csv
3226,2,2,0,1b.csv
3226,1,1,0,1c.csv
3226,5,4,1,1e.csv
3226,0,0,0,1f.csv
3226,0,0,0,1g.csv
3226,0,0,0,1h.csv
3226,0,0,0,1i.csv
3226,0,0,0,1j.csv
3226,0,0,0,1k.csv
3226,0,0,0,1l.csv
3226,0,0,0,1m.csv
3226,2,2,0,2a.csv
3226,0,0,0,2b.csv
3226,1,0,1,2c.csv
3226,0,0,0,2d.csv
3226,0,0,0,2e.csv
3226,0,0,0,2f.csv
3226,0,0,0,2g.csv
3226,2,2,0,2h.csv
3226,0,0,0,2i.csv
3226,1,1,0,2j.csv
3226,0,0,0,2k.csv
3226,1,1,0,2l.csv
3226,22,19,3,3a.csv
3226,12,11,1,3b.csv
3226,3,2,1,3c.csv
3226,3,2,1,3d.csv
3226,10,7,3,3e.csv
3226,0,0,0,3f.csv
3226,0,0,0,3g.csv
3227,3,3,0,1a.csv
3227,2,2,0,1b.csv
3227,1,1,0,1c.csv
3227,3,2,1,1e.csv
3227,0,0,0,1f.csv
3227,1,1,0,1g.csv
3227,0,0,0,1h.csv
3227,0,0,0,1i.csv
3227,0,0,0,1j.csv
3227,0,0,0,1k.csv
3227,1,0,1,1l.csv
3227,0,0,0,1m.csv
3227,3,3,0,2a.csv
3227,0,0,0,2b.csv
3227,1,0,1,2c.csv
3227,0,0,0,2d.csv
3227,0,0,0,2e.csv
3227,0,0,0,2f.csv
3227,0,0,0,2g.csv
3227,2,2,0,2h.csv
3227,0,0,0,2i.csv
3227,0,0,0,2j.csv
3227,0,0,0,2k.csv
3227,1,1,0,2l.csv
3227,22,19,3,3a.csv
3227,13,12,1,3b.csv
3227,3,2,1,3c.csv
3227,3,2,1,3d.csv
3227,9,7,2,3e.csv
3227,0,0,0,3f.csv
3227,0,0,0,3g.csv
3228,3,3,0,1a.csv
3228,1,1,0,1b.csv
3228,1,1,0,1c.csv
3228,4,2,2,1e.csv
3228,0,0,0,1f.csv
3228,1,1,0,1g.csv
3228,0,0,0,1h.csv
3228,0,0,0,1i.csv
3228,0,0,0,1j.csv
3228,0,0,0,1k.csv
3228,3,2,1,1l.csv
3228,0,0,0,1m.csv
3228,3,3,0,2a.csv
3228,0,0,0,2b.csv
3228,1,0,1,2c.csv
3228,0,0,0,2d.csv
3228,0,0,0,2e.csv
3228,1,0,1,2f.csv
3228,0,0,0,2g.csv
3228,1,1,0,2h.csv
3228,0,0,0,2i.csv
3228,1,0,1,2j.csv
3228,0,0,0,2k.csv
3228,2,2,0,2l.csv
3228,20,17,3,3a.csv
3228,12,11,1,3b.csv
3228,3,2,1,3c.csv
3228,3,2,1,3d.csv
3228,9,7,2,3e.csv
3228,0,0,0,3f.csv
3228,0,0,0,3g.csv
3229,4,4,0,1a.csv
3229,2,2,0,1b.csv
3229,1,1,0,1c.csv
3229,4,2,2,1e.csv
3229,0,0,0,1f.csv
3229,1,1,0,1g.csv
3229,0,0,0,1h.csv
3229,0,0,0,1i.csv
3229,0,0,0,1j.csv
3229,0,0,0,1k.csv
3229,3,2,1,1l.csv
3229,0,0,0,1m.csv
3229,2,2,0,2a.csv
3229,0,0,0,2b.csv
3229,1,0,1,2c.csv
3229,0,0,0,2d.csv
3229,0,0,0,2e.csv
3229,1,0,1,2f.csv
3229,0,0,0,2g.csv
3229,2,2,0,2h.csv
3229,0,0,0,2i.csv
3229,1,0,1,2j.csv
3229,0,0,0,2k.csv
3229,2,2,0,2l.csv
3229,18,15,3,3a.csv
3229,11,10,1,3b.csv
3229,3,2,1,3c.csv
3229,3,2,1,3d.csv
3229,9,7,2,3e.csv
3229,0,0,0,3f.csv
3229,0,0,0,3g.csv
3230,3,3,0,1a.csv
3230,2,2,0,1b.csv
3230,1,1,0,1c.csv
3230,4,2,2,1e.csv
3230,0,0,0,1f.csv
3230,2,2,0,1g.csv
3230,0,0,0,1h.csv
3230,0,0,0,1i.csv
3230,0,0,0,1j.csv
3230,0,0,0,1k.csv
3230,3,2,1,1l.csv
3230,0,0,0,1m.csv
3230,2,2,0,2a.csv
3230,0,0,0,2b.csv
3230,1,0,1,2c.csv
3230,0,0,0,2d.csv
3230,0,0,0,2e.csv
3230,1,0,1,2f.csv
3230,0,0,0,2g.csv
3230,2,2,0,2h.csv
3230,0,0,0,2i.csv
3230,1,0,1,2j.csv
3230,0,0,0,2k.csv
3230,2,2,0,2l.csv
3230,15,13,2,3a.csv
3230,10,9,1,3b.csv
3230,3,2,1,3c.csv
3230,3,2,1,3d.csv
3230,10,8,2,3e.csv
3230,0,0,0,3f.csv
3230,1,1,0,3g.csv
3231,2,2,0,1a.csv
3231,2,2,0,1b.csv
3231,0,0,0,1c.csv
3231,4,2,2,1e.csv
3231,0,0,0,1f.csv
3231,2,2,0,1g.csv
3231,0,0,0,1h.csv
3231,0,0,0,1i.csv
3231,0,0,0,1j.csv
3231,0,0,0,1k.csv
3231,3,2,1,1l.csv
3231,0,0,0,1m.csv
3231,2,2,0,2a.csv
3231,0,0,0,2b.csv
3231,1,0,1,2c.csv
3231,0,0,0,2d.csv
3231,0,0,0,2e.csv
3231,1,0,1,2f.csv
3231,0,0,0,2g.csv
3231,1,1,0,2h.csv
3231,0,0,0,2i.csv
3231,1,0,1,2j.csv
3231,0,0,0,2k.csv
3231,2,2,0,2l.csv
3231,12,11,1,3a.csv
3231,8,8,0,3b.csv
3231,2,2,0,3c.csv
3231,2,2,0,3d.csv
3231,9,8,1,3e.csv
3231,0,0,0,3f.csv
3231,1,1,0,3g.csv
3232,1,1,0,1a.csv
3232,1,1,0,1b.csv
3232,1,1,0,1c.csv
3232,4,2,2,1e.csv
3232,0,0,0,1f.csv
3232,2,2,0,1g.csv
3232,0,0,0,1h.csv
3232,0,0,0,1i.csv
3232,0,0,0,1j.csv
3232,0,0,0,1k.csv
3232,3,2,1,1l.csv
3232,0,0,0,1m.csv
3232,3,3,0,2a.csv
3232,0,0,0,2b.csv
3232,1,0,1,2c.csv
3232,0,0,0,2d.csv
3232,0,0,0,2e.csv
3232,1,0,1,2f.csv
3232,0,0,0,2g.csv
3232,1,1,0,2h.csv
3232,0,0,0,2i.csv
3232,1,0,1,2j.csv
3232,0,0,0,2k.csv
3232,2,1,1,2l.csv
3232,9,8,1,3a.csv
3232,6,6,0,3b.csv
3232,2,2,0,3c.csv
3232,2,2,0,3d.csv
3232,9,9,0,3e.csv
3232,1,1,0,3f.csv
3232,1,1,0,3g.csv
3233,2,2,0,1a.csv
3233,2,1,1,1b.csv
3233,1,1,0,1c.csv
3233,4,2,2,1e.csv
3233,1,1,0,1f.csv
3233,3,3,0,1g.csv
3233,0,0,0,1h.csv
3233,0,0,0,1i.csv
3233,0,0,0,1j.csv
3233,0,0,0,1k.csv
3233,4,2,2,1l.csv
3233,0,0,0,1m.csv
3233,3,3,0,2a.csv
3233,0,0,0,2b.csv
3233,1,0,1,2c.csv
3233,0,0,0,2d.csv
3233,0,0,0,2e.csv
3233,1,0,1,2f.csv
3233,0,0,0,2g.csv
3233,2,1,1,2h.csv
3233,0,0,0,2i.csv
3233,1,0,1,2j.csv
3233,0,0,0,2k.csv
3233,3,2,1,2l.csv
3233,7,7,0,3a.csv
3233,5,5,0,3b.csv
3233,3,3,0,3c.csv
3233,3,3,0,3d.csv
3233,8,8,0,3e.csv
3233,1,1,0,3f.csv
3233,1,1,0,3g.csv
3234,2,2,0,1a.csv
3234,2,1,1,1b.csv
3234,1,1,0,1c.csv
3234,2,1,1,1e.csv
3234,1,1,0,1f.csv
3234,3,3,0,1g.csv
3234,0,0,0,1h.csv
3234,0,0,0,1i.csv
3234,0,0,0,1j.csv
3234,0,0,0,1k.csv
3234,8,5,3,1l.csv
3234,0,0,0,1m.csv
3234,2,2,0,2a.csv
3234,0,0,0,2b.csv
3234,0,0,0,2c.csv
3234,0,0,0,2d.csv
3234,0,0,0,2e.csv
3234,1,0,1,2f.csv
3234,0,0,0,2g.csv
3234,2,1,1,2h.csv
3234,0,0,0,2i.csv
3234,1,0,1,2j.csv
3234,0,0,0,2k.csv
3234,3,2,1,2l.csv
3234,5,5,0,3a.csv
3234,5,5,0,3b.csv
3234,3,3,0,3c.csv
3234,3,3,0,3d.csv
3234,9,9,0,3e.csv
3234,1,1,0,3f.csv
3234,2,2,0,3g.csv
3235,3,3,0,1a.csv
3235,3,2,1,1b.csv
3235,1,1,0,1c.csv
3235,2,1,1,1e.csv
3235,1,1,0,1f.csv
3235,2,2,0,1g.csv
3235,0,0,0,1h.csv
3235,0,0,0,1i.csv
3235,0,0,0,1j.csv
3235,0,0,0,1k.csv
3235,7,5,2,1l.csv
3235,0,0,0,1m.csv
3235,4,4,0,2a.csv
3235,0,0,0,2b.csv
3235,0,0,0,2c.csv
3235,0,0,0,2d.csv
3235,0,0,0,2e.csv
3235,1,0,1,2f.csv
3235,0,0,0,2g.csv
3235,2,1,1,2h.csv
3235,0,0,0,2i.csv
3235,1,0,1,2j.csv
3235,0,0,0,2k.csv
3235,3,2,1,2l.csv
3235,5,5,0,3a.csv
3235,5,4,1,3b.csv
3235,3,3,0,3c.csv
3235,3,3,0,3d.csv
3235,9,9,0,3e.csv
3235,1,1,0,3f.csv
3235,2,2,0,3g.csv
3236,3,3,0,1a.csv
3236,4,2,2,1b.csv
3236,1,1,0,1c.csv
3236,1,1,0,1e.csv
3236,1,1,0,1f.csv
3236,2,2,0,1g.csv
3236,0,0,0,1h.csv
3236,0,0,0,1i.csv
3236,0,0,0,1j.csv
3236,0,0,0,1k.csv
3236,5,3,2,1l.csv
3236,0,0,0,1m.csv
3236,4,4,0,2a.csv
3236,0,0,0,2b.csv
3236,0,0,0,2c.csv
3236,0,0,0,2d.csv
3236,0,0,0,2e.csv
3236,0,0,0,2f.csv
3236,1,1,0,2g.csv
3236,2,1,1,2h.csv
3236,0,0,0,2i.csv
3236,0,0,0,2j.csv
3236,0,0,0,2k.csv
3236,2,1,1,2l.csv
3236,5,5,0,3a.csv
3236,4,3,1,3b.csv
3236,3,3,0,3c.csv
3236,3,3,0,3d.csv
3236,8,8,0,3e.csv
3236,1,1,0,3f.csv
3236,2,2,0,3g.csv
3237,2,2,0,1a.csv
3237,4,1,3,1b.csv
3237,1,1,0,1c.csv
3237,1,1,0,1e.csv
3237,1,1,0,1f.csv
3237,2,2,0,1g.csv
3237,0,0,0,1h.csv
3237,0,0,0,1i.csv
3237,0,0,0,1j.csv
3237,0,0,0,1k.csv
3237,7,5,2,1l.csv
3237,0,0,0,1m.csv
3237,4,4,0,2a.csv
3237,0,0,0,2b.csv
3237,0,0,0,2c.csv
3237,0,0,0,2d.csv
3237,0,0,0,2e.csv
3237,0,0,0,2f.csv
3237,1,1,0,2g.csv
3237,1,0,1,2h.csv
3237,0,0,0,2i.csv
3237,0,0,0,2j.csv
3237,0,0,0,2k.csv
3237,2,1,1,2l.csv
3237,8,6,2,3a.csv
3237,5,4,1,3b.csv
3237,2,2,0,3c.csv
3237,2,2,0,3d.csv
3237,8,8,0,3e.csv
3237,1,1,0,3f.csv
3237,3,3,0,3g.csv
3238,2,2,0,1a.csv
3238,4,1,3,1b.csv
3238,1,1,0,1c.csv
3238,1,1,0,1e.csv
3238,1,1,0,1f.csv
3238,1,1,0,1g.csv
3238,0,0,0,1h.csv
3238,0,0,0,1i.csv
3238,0,0,0,1j.csv
3238,0,0,0,1k.csv
3238,8,6,2,1l.csv
3238,0,0,0,1m.csv
3238,7,5,2,2a.csv
3238,0,0,0,2b.csv
3238,0,0,0,2c.csv
3238,0,0,0,2d.csv
3238,0,0,0,2e.csv
3238,0,0,0,2f.csv
3238,1,1,0,2g.csv
3238,1,0,1,2h.csv
3238,0,0,0,2i.csv
3238,0,0,0,2j.csv
3238,0,0,0,2k.csv
3238,2,1,1,2l.csv
3238,8,6,2,3a.csv
3238,5,4,1,3b.csv
3238,3,3,0,3c.csv
3238,3,3,0,3d.csv
3238,7,7,0,3e.csv
3238,1,1,0,3f.csv
3238,3,3,0,3g.csv
3239,2,2,0,1a.csv
3239,4,1,3,1b.csv
3239,2,1,1,1c.csv
3239,1,1,0,1e.csv
3239,2,1,1,1f.csv
3239,1,1,0,1g.csv
3239,0,0,0,1h.csv
3239,0,0,0,1i.csv
3239,0,0,0,1j.csv
3239,0,0,0,1k.csv
3239,9,7,2,1l.csv
3239,0,0,0,1m.csv
3239,8,5,3,2a.csv
3239,0,0,0,2b.csv
3239,0,0,0,2c.csv
3239,1,1,0,2d.csv
3239,0,0,0,2e.csv
3239,0,0,0,2f.csv
3239,1,1,0,2g.csv
3239,2,1,1,2h.csv
3239,0,0,0,2i.csv
3239,0,0,0,2j.csv
3239,0,0,0,2k.csv
3239,2,1,1,2l.csv
3239,10,7,3,3a.csv
3239,7,6,1,3b.csv
3239,2,2,0,3c.csv
3239,2,2,0,3d.csv
3239,6,6,0,3e.csv
3239,1,1,0,3f.csv
3239,3,3,0,3g.csv
3240,2,2,0,1a.csv
3240,4,1,3,1b.csv
3240,1,0,1,1c.csv
3240,1,1,0,1e.csv
3240,2,1,1,1f.csv
3240,2,2,0,1g.csv
3240,1,0,1,1h.csv
3240,0,0,0,1i.csv
3240,0,0,0,1j.csv
3240,0,0,0,1k.csv
3240,10,8,2,1l.csv
3240,0,0,0,1m.csv
3240,7,4,3,2a.csv
3240,0,0,0,2b.csv
3240,0,0,0,2c.csv
3240,1,1,0,2d.csv
3240,1,1,0,2e.csv
3240,0,0,0,2f.csv
3240,1,1,0,2g.csv
3240,2,1,1,2h.csv
3240,0,0,0,2i.csv
3240,0,0,0,2j.csv
3240,0,0,0,2k.csv
3240,1,1,0,2l.csv
3240,12,9,3,3a.csv
3240,9,8,1,3b.csv
3240,2,2,0,3c.csv
3240,2,2,0,3d.csv
3240,6,6,0,3e.csv
3240,0,0,0,3f.csv
3240,4,4,0,3g.csv
3241,1,1,0,1a.csv
3241,5,3,2,1b.csv
3241,1,0,1,1c.csv
3241,1,1,0,1e.csv
3241,1,0,1,1f.csv
3241,1,1,0,1g.csv
3241,1,0,1,1h.csv
3241,0,0,0,1i.csv
3241,0,0,0,1j.csv
3241,0,0,0,1k.csv
3241,9,8,1,1l.csv
3241,0,0,0,1m.csv
3241,8,5,3,2a.csv
3241,0,0,0,2b.csv
3241,0,0,0,2c.csv
3241,1,1,0,2d.csv
3241,1,1,0,2e.csv
3241,1,1,0,2f.csv
3241,1,1,0,2g.csv
3241,1,1,0,2h.csv
3241,0,0,0,2i.csv
3241,0,0,0,2j.csv
3241,0,0,0,2k.csv
3241,0,0,0,2l.csv
3241,13,10,3,3a.csv
3241,14,13,1,3b.csv
3241,1,1,0,3c.csv
3241,1,1,0,3d.csv
3241,5,5,0,3e.csv
3241,0,0,0,3f.csv
3241,4,4,0,3g.csv
3242,2,2,0,1a.csv
3242,5,3,2,1b.csv
3242,1,0,1,1c.csv
3242,1,1,0,1e.csv
3242,1,0,1,1f.csv
3242,1,1,0,1g.csv
3242,1,0,1,1h.csv
3242,0,0,0,1i.csv
3242,0,0,0,1j.csv
3242,0,0,0,1k.csv
3242,5,5,0,1l.csv
3242,0,0,0,1m.csv
3242,9,6,3,2a.csv
3242,0,0,0,2b.csv
3242,1,1,0,2c.csv
3242,1,1,0,2d.csv
3242,2,2,0,2e.csv
3242,1,1,0,2f.csv
3242,1,1,0,2g.csv
3242,1,1,0,2h.csv
3242,0,0,0,2i.csv
3242,0,0,0,2j.csv
3242,0,0,0,2k.csv
3242,0,0,0,2l.csv
3242,14,10,4,3a.csv
3242,16,15,1,3b.csv
3242,1,1,0,3c.csv
3242,1,1,0,3d.csv
3242,4,4,0,3e.csv
3242,0,0,0,3f.csv
3242,3,3,0,3g.csv
3243,1,1,0,1a.csv
3243,5,3,2,1b.csv
3243,1,0,1,1c.csv
3243,1,1,0,1e.csv
3243,1,0,1,1f.csv
3243,1,1,0,1g.csv
3243,1,0,1,1h.csv
3243,0,0,0,1i.csv
3243,0,0,0,1j.csv
3243,0,0,0,1k.csv
3243,6,6,0,1l.csv
3243,0,0,0,1m.csv
3243,6,3,3,2a.csv
3243,0,0,0,2b.csv
3243,1,1,0,2c.csv
3243,1,1,0,2d.csv
3243,2,2,0,2e.csv
3243,1,1,0,2f.csv
3243,1,1,0,2g.csv
3243,1,1,0,2h.csv
3243,0,0,0,2i.csv
3243,0,0,0,2j.csv
3243,0,0,0,2k.csv
3243,0,0,0,2l.csv
3243,14,10,4,3a.csv
3243,15,15,0,3b.csv
3243,2,2,0,3c.csv
3243,2,2,0,3d.csv
3243,3,3,0,3e.csv
3243,0,0,0,3f.csv
3243,4,4,0,3g.csv
3244,2,2,0,1a.csv
3244,4,3,1,1b.csv
3244,1,0,1,1c.csv
3244,0,0,0,1e.csv
3244,1,0,1,1f.csv
3244,1,1,0,1g.csv
3244,1,0,1,1h.csv
3244,0,0,0,1i.csv
3244,0,0,0,1j.csv
3244,0,0,0,1k.csv
3244,8,7,1,1l.csv
3244,0,0,0,1m.csv
3244,6,3,3,2a.csv
3244,0,0,0,2b.csv
3244,1,1,0,2c.csv
3244,1,1,0,2d.csv
3244,2,2,0,2e.csv
3244,1,1,0,2f.csv
3244,0,0,0,2g.csv
3244,1,1,0,2h.csv
3244,0,0,0,2i.csv
3244,0,0,0,2j.csv
3244,0,0,0,2k.csv
3244,0,0,0,2l.csv
3244,16,12,4,3a.csv
3244,15,15,0,3b.csv
3244,2,2,0,3c.csv
3244,2,2,0,3d.csv
3244,4,4,0,3e.csv
3244,0,0,0,3f.csv
3244,4,4,0,3g.csv
3245,2,2,0,1a.csv
3245,3,3,0,1b.csv
3245,1,0,1,1c.csv
3245,0,0,0,1e.csv
3245,1,0,1,1f.csv
3245,1,1,0,1g.csv
3245,1,0,1,1h.csv
3245,0,0,0,1i.csv
3245,1,1,0,1j.csv
3245,0,0,0,1k.csv
3245,7,6,1,1l.csv
3245,0,0,0,1m.csv
3245,6,3,3,2a.csv
3245,0,0,0,2b.csv
3245,1,1,0,2c.csv
3245,1,1,0,2d.csv
3245,2,2,0,2e.csv
3245,1,1,0,2f.csv
3245,0,0,0,2g.csv
3245,1,1,0,2h.csv
3245,0,0,0,2i.csv
3245,0,0,0,2j.csv
3245,0,0,0,2k.csv
3245,0,0,0,2l.csv
3245,14,12,2,3a.csv
3245,15,15,0,3b.csv
3245,2,2,0,3c.csv
3245,2,2,0,3d.csv
3245,5,5,0,3e.csv
3245,0,0,0,3f.csv
3245,4,4,0,3g.csv
3246,2,2,0,1a.csv
3246,3,3,0,1b.csv
3246,1,0,1,1c.csv
3246,0,0,0,1e.csv
3246,1,0,1,1f.csv
3246,2,2,0,1g.csv
3246,1,0,1,1h.csv
3246,0,0,0,1i.csv
3246,1,1,0,1j.csv
3246,0,0,0,1k.csv
3246,7,6,1,1l.csv
3246,0,0,0,1m.csv
3246,4,3,1,2a.csv
3246,0,0,0,2b.csv
3246,1,1,0,2c.csv
3246,1,1,0,2d.csv
3246,2,2,0,2e.csv
3246,1,1,0,2f.csv
3246,0,0,0,2g.csv
3246,1,1,0,2h.csv
3246,0,0,0,2i.csv
3246,0,0,0,2j.csv
3246,0,0,0,2k.csv
3246,0,0,0,2l.csv
3246,16,13,3,3a.csv
3246,18,18,0,3b.csv
3246,1,1,0,3c.csv
3246,1,1,0,3d.csv
3246,5,5,0,3e.csv
3246,0,0,0,3f.csv
3246,4,4,0,3g.csv
3247,2,2,0,1a.csv
3247,3,3,0,1b.csv
3247,0,0,0,1c.csv
3247,0,0,0,1e.csv
3247,0,0,0,1f.csv
3247,2,2,0,1g.csv
3247,1,0,1,1h.csv
3247,0,0,0,1i.csv
3247,2,2,0,1j.csv
3247,0,0,0,1k.csv
3247,7,5,2,1l.csv
3247,0,0,0,1m.csv
3247,5,4,1,2a.csv
3247,0,0,0,2b.csv
3247,2,2,0,2c.csv
3247,0,0,0,2d.csv
3247,2,2,0,2e.csv
3247,1,1,0,2f.csv
3247,0,0,0,2g.csv
3247,0,0,0,2h.csv
3247,0,0,0,2i.csv
3247,0,0,0,2j.csv
3247,0,0,0,2k.csv
3247,0,0,0,2l.csv
3247,15,12,3,3a.csv
3247,16,16,0,3b.csv
3247,1,1,0,3c.csv
3247,1,1,0,3d.csv
3247,6,6,0,3e.csv
3247,0,0,0,3f.csv
3247,5,5,0,3g.csv
3248,2,2,0,1a.csv
3248,3,3,0,1b.csv
3248,0,0,0,1c.csv
3248,0,0,0,1e.csv
3248,0,0,0,1f.csv
3248,1,1,0,1g.csv
3248,0,0,0,1h.csv
3248,0,0,0,1i.csv
3248,3,2,1,1j.csv
3248,0,0,0,1k.csv
3248,7,5,2,1l.csv
3248,0,0,0,1m.csv
3248,5,4,1,2a.csv
3248,0,0,0,2b.csv
3248,2,2,0,2c.csv
3248,0,0,0,2d.csv
3248,1,1,0,2e.csv
3248,2,2,0,2f.csv
3248,0,0,0,2g.csv
3248,1,1,0,2h.csv
3248,0,0,0,2i.csv
3248,0,0,0,2j.csv
3248,0,0,0,2k.csv
3248,0,0,0,2l.csv
3248,15,12,3,3a.csv
3248,13,13,0,3b.csv
3248,2,2,0,3c.csv
3248,2,2,0,3d.csv
3248,6,6,0,3e.csv
3248,0,0,0,3f.csv
3248,4,4,0,3g.csv
3249,2,2,0,1a.csv
3249,1,1,0,1b.csv
3249,1,1,0,1c.csv
3249,0,0,0,1e.csv
3249,0,0,0,1f.csv
3249,1,1,0,1g.csv
3249,0,0,0,1h.csv
3249,0,0,0,1i.csv
3249,3,2,1,1j.csv
3249,0,0,0,1k.csv
3249,7,5,2,1l.csv
3249,0,0,0,1m.csv
3249,5,4,1,2a.csv
3249,0,0,0,2b.csv
3249,2,2,0,2c.csv
3249,0,0,0,2d.csv
3249,1,1,0,2e.csv
3249,1,1,0,2f.csv
3249,0,0,0,2g.csv
3249,1,1,0,2h.csv
3249,0,0,0,2i.csv
3249,0,0,0,2j.csv
3249,0,0,0,2k.csv
3249,0,0,0,2l.csv
3249,13,10,3,3a.csv
3249,10,10,0,3b.csv
3249,2,2,0,3c.csv
3249,2,2,0,3d.csv
3249,6,6,0,3e.csv
3249,0,0,0,3f.csv
3249,4,4,0,3g.csv
3250,3,3,0,1a.csv
3250,1,1,0,1b.csv
3250,1,1,0,1c.csv
3250,2,2,0,1e.csv
3250,0,0,0,1f.csv
3250,1,1,0,1g.csv
3250,0,0,0,1h.csv
3250,0,0,0,1i.csv
3250,3,2,1,1j.csv
3250,0,0,0,1k.csv
3250,7,5,2,1l.csv
3250,0,0,0,1m.csv
3250,6,3,3,2a.csv
3250,0,0,0,2b.csv
3250,1,1,0,2c.csv
3250,0,0,0,2d.csv
3250,0,0,0,2e.csv
3250,1,1,0,2f.csv
3250,0,0,0,2g.csv
3250,1,1,0,2h.csv
3250,0,0,0,2i.csv
3250,0,0,0,2j.csv
3250,0,0,0,2k.csv
3250,0,0,0,2l.csv
3250,13,11,2,3a.csv
3250,11,10,1,3b.csv
3250,2,2,0,3c.csv
3250,2,2,0,3d.csv
3250,7,7,0,3e.csv
3250,0,0,0,3f.csv
3250,4,4,0,3g.csv
3251,3,3,0,1a.csv
3251,0,0,0,1b.csv
3251,1,1,0,1c.csv
3251,2,2,0,1e.csv
3251,0,0,0,1f.csv
3251,2,2,0,1g.csv
3251,0,0,0,1h.csv
3251,0,0,0,1i.csv
3251,3,2,1,1j.csv
3251,0,0,0,1k.csv
3251,7,5,2,1l.csv
3251,0,0,0,1m.csv
3251,6,3,3,2a.csv
3251,0,0,0,2b.csv
3251,1,1,0,2c.csv
3251,0,0,0,2d.csv
3251,0,0,0,2e.csv
3251,1,1,0,2f.csv
3251,0,0,0,2g.csv
3251,1,1,0,2h.csv
3251,0,0,0,2i.csv
3251,0,0,0,2j.csv
3251,1,0,1,2k.csv
3251,0,0,0,2l.csv
3251,13,10,3,3a.csv
3251,13,12,1,3b.csv
3251,2,2,0,3c.csv
3251,2,2,0,3d.csv
3251,7,7,0,3e.csv
3251,0,0,0,3f.csv
3251,3,3,0,3g.csv
3252,2,2,0,1a.csv
3252,0,0,0,1b.csv
3252,1,1,0,1c.csv
3252,2,2,0,1e.csv
3252,0,0,0,1f.csv
3252,3,3,0,1g.csv
3252,0,0,0,1h.csv
3252,0,0,0,1i.csv
3252,4,3,1,1j.csv
3252,0,0,0,1k.csv
3252,5,4,1,1l.csv
3252,0,0,0,1m.csv
3252,8,4,4,2a.csv
3252,0,0,0,2b.csv
3252,1,1,0,2c.csv
3252,0,0,0,2d.csv
3252,0,0,0,2e.csv
3252,1,1,0,2f.csv
3252,0,0,0,2g.csv
3252,1,1,0,2h.csv
3252,0,0,0,2i.csv
3252,0,0,0,2j.csv
3252,1,0,1,2k.csv
3252,0,0,0,2l.csv
3252,13,9,4,3a.csv
3252,18,16,2,3b.csv
3252,2,2,0,3c.csv
3252,2,2,0,3d.csv
3252,6,6,0,3e.csv
3252,0,0,0,3f.csv
3252,3,3,0,3g.csv
3253,5,5,0,1a.csv
3253,0,0,0,1b.csv
3253,1,1,0,1c.csv
3253,3,3,0,1e.csv
3253,0,0,0,1f.csv
3253,3,3,0,1g.csv
3253,0,0,0,1h.csv
3253,0,0,0,1i.csv
3253,3,2,1,1j.csv
3253,1,1,0,1k.csv
3253,4,3,1,1l.csv
3253,0,0,0,1m.csv
3253,9,4,5,2a.csv
3253,0,0,0,2b.csv
3253,1,1,0,2c.csv
3253,0,0,0,2d.csv
3253,0,0,0,2e.csv
3253,1,1,0,2f.csv
3253,0,0,0,2g.csv
3253,1,1,0,2h.csv
3253,0,0,0,2i.csv
3253,0,0,0,2j.csv
3253,1,0,1,2k.csv
3253,0,0,0,2l.csv
3253,12,7,5,3a.csv
3253,21,19,2,3b.csv
3253,3,2,1,3c.csv
3253,3,2,1,3d.csv
3253,4,4,0,3e.csv
3253,0,0,0,3f.csv
3253,2,2,0,3g.csv
3254,5,5,0,1a.csv
3254,0,0,0,1b.csv
3254,1,1,0,1c.csv
3254,3,3,0,1e.csv
3254,0,0,0,1f.csv
3254,2,2,0,1g.csv
3254,0,0,0,1h.csv
3254,0,0,0,1i.csv
3254,3,2,1,1j.csv
3254,1,1,0,1k.csv
3254,3,2,1,1l.csv
3254,0,0,0,1m.csv
3254,8,3,5,2a.csv
3254,0,0,0,2b.csv
3254,1,1,0,2c.csv
3254,0,0,0,2d.csv
3254,0,0,0,2e.csv
3254,1,1,0,2f.csv
3254,0,0,0,2g.csv
3254,1,1,0,2h.csv
3254,0,0,0,2i.csv
3254,0,0,0,2j.csv
3254,1,0,1,2k.csv
3254,0,0,0,2l.csv
3254,11,7,4,3a.csv
3254,20,18,2,3b.csv
3254,5,4,1,3c.csv
3254,5,4,1,3d.csv
3254,4,4,0,3e.csv
3254,0,0,0,3f.csv
3254,1,1,0,3g.csv
3255,5,5,0,1a.csv
3255,1,1,0,1b.csv
3255,1,1,0,1c.csv
3255,3,3,0,1e.csv
3255,0,0,0,1f.csv
3255,2,2,0,1g.csv
3255,0,0,0,1h.csv
3255,0,0,0,1i.csv
3255,2,1,1,1j.csv
3255,1,1,0,1k.csv
3255,2,2,0,1l.csv
3255,0,0,0,1m.csv
3255,6,2,4,2a.csv
3255,0,0,0,2b.csv
3255,0,0,0,2c.csv
3255,0,0,0,2d.csv
3255,0,0,0,2e.csv
3255,1,1,0,2f.csv
3255,0,0,0,2g.csv
3255,1,1,0,2h.csv
3255,0,0,0,2i.csv
3255,0,0,0,2j.csv
3255,1,0,1,2k.csv
3255,0,0,0,2l.csv
3255,14,9,5,3a.csv
3255,26,24,2,3b.csv
3255,6,5,1,3c.csv
3255,6,5,1,3d.csv
3255,3,3,0,3e.csv
3255,0,0,0,3f.csv
3255,0,0,0,3g.csv
3256,5,5,0,1a.csv
3256,3,3,0,1b.csv
3256,1,1,0,1c.csv
3256,3,3,0,1e.csv
3256,0,0,0,1f.csv
3256,3,3,0,1g.csv
3256,0,0,0,1h.csv
3256,0,0,0,1i.csv
3256,1,1,0,1j.csv
3256,1,1,0,1k.csv
3256,1,1,0,1l.csv
3256,0,0,0,1m.csv
3256,7,3,4,2a.csv
3256,0,0,0,2b.csv
3256,0,0,0,2c.csv
3256,0,0,0,2d.csv
3256,0,0,0,2e.csv
3256,0,0,0,2f.csv
3256,0,0,0,2g.csv
3256,1,0,1,2h.csv
3256,0,0,0,2i.csv
3256,0,0,0,2j.csv
3256,1,0,1,2k.csv
3256,0,0,0,2l.csv
3256,14,9,5,3a.csv
3256,29,27,2,3b.csv
3256,7,5,2,3c.csv
3256,7,5,2,3d.csv
3256,2,2,0,3e.csv
3256,0,0,0,3f.csv
3256,0,0,0,3g.csv
3257,6,5,1,1a.csv
3257,3,3,0,1b.csv
3257,0,0,0,1c.csv
3257,3,3,0,1e.csv
3257,0,0,0,1f.csv
3257,3,3,0,1g.csv
3257,0,0,0,1h.csv
3257,0,0,0,1i.csv
3257,2,2,0,1j.csv
3257,1,1,0,1k.csv
3257,1,1,0,1l.csv
3257,0,0,0,1m.csv
3257,6,2,4,2a.csv
3257,0,0,0,2b.csv
3257,0,0,0,2c.csv
3257,0,0,0,2d.csv
3257,0,0,0,2e.csv
3257,0,0,0,2f.csv
3257,0,0,0,2g.csv
3257,1,0,1,2h.csv
3257,0,0,0,2i.csv
3257,0,0,0,2j.csv
3257,1,0,1,2k.csv
3257,0,0,0,2l.csv
3257,14,9,5,3a.csv
3257,28,26,2,3b.csv
3257,12,9,3,3c.csv
3257,12,9,3,3d.csv
3257,2,2,0,3e.csv
3257,1,1,0,3f.csv
3257,0,0,0,3g.csv
3258,4,3,1,1a.csv
3258,3,3,0,1b.csv
3258,0,0,0,1c.csv
3258,1,1,0,1e.csv
3258,0,0,0,1f.csv
3258,3,3,0,1g.csv
3258,0,0,0,1h.csv
3258,0,0,0,1i.csv
3258,2,2,0,1j.csv
3258,1,1,0,1k.csv
3258,3,3,0,1l.csv
3258,0,0,0,1m.csv
3258,4,2,2,2a.csv
3258,0,0,0,2b.csv
3258,0,0,0,2c.csv
3258,0,0,0,2d.csv
3258,0,0,0,2e.csv
3258,0,0,0,2f.csv
3258,0,0,0,2g.csv
3258,1,0,1,2h.csv
3258,0,0,0,2i.csv
3258,0,0,0,2j.csv
3258,1,0,1,2k.csv
3258,0,0,0,2l.csv
3258,12,7,5,3a.csv
3258,27,24,3,3b.csv
3258,14,10,4,3c.csv
3258,14,10,4,3d.csv
3258,0,0,0,3e.csv
3258,1,1,0,3f.csv
3258,0,0,0,3g.csv
3259,4,3,1,1a.csv
3259,4,3,1,1b.csv
3259,0,0,0,1c.csv
3259,1,1,0,1e.csv
3259,0,0,0,1f.csv
3259,2,2,0,1g.csv
3259,0,0,0,1h.csv
3259,0,0,0,1i.csv
3259,2,2,0,1j.csv
3259,1,1,0,1k.csv
3259,3,3,0,1l.csv
3259,0,0,0,1m.csv
3259,4,2,2,2a.csv
3259,0,0,0,2b.csv
3259,0,0,0,2c.csv
3259,0,0,0,2d.csv
3259,0,0,0,2e.csv
3259,0,0,0,2f.csv
3259,0,0,0,2g.csv
3259,1,0,1,2h.csv
3259,0,0,0,2i.csv
3259,0,0,0,2j.csv
3259,0,0,0,2k.csv
3259,0,0,0,2l.csv
3259,12,8,4,3a.csv
3259,31,28,3,3b.csv
3259,15,10,5,3c.csv
3259,15,10,5,3d.csv
3259,1,1,0,3e.csv
3259,1,1,0,3f.csv
3259,1,1,0,3g.csv
3260,5,4,1,1a.csv
3260,5,4,1,1b.csv
3260,0,0,0,1c.csv
3260,1,1,0,1e.csv
3260,0,0,0,1f.csv
3260,1,1,0,1g.csv
3260,0,0,0,1h.csv
3260,0,0,0,1i.csv
3260,2,1,1,1j.csv
3260,1,1,0,1k.csv
3260,3,3,0,1l.csv
3260,0,0,0,1m.csv
3260,2,1,1,2a.csv
3260,0,0,0,2b.csv
3260,0,0,0,2c.csv
3260,0,0,0,2d.csv
3260,0,0,0,2e.csv
3260,0,0,0,2f.csv
3260,0,0,0,2g.csv
3260,1,0,1,2h.csv
3260,0,0,0,2i.csv
3260,0,0,0,2j.csv
3260,0,0,0,2k.csv
3260,0,0,0,2l.csv
3260,12,8,4,3a.csv
3260,31,27,4,3b.csv
3260,16,10,6,3c.csv
3260,16,10,6,3d.csv
3260,1,1,0,3e.csv
3260,1,1,0,3f.csv
3260,1,1,0,3g.csv
3261,2,1,1,1a.csv
3261,5,4,1,1b.csv
3261,0,0,0,1c.csv
3261,0,0,0,1e.csv
3261,0,0,0,1f.csv
3261,1,1,0,1g.csv
3261,0,0,0,1h.csv
3261,0,0,0,1i.csv
3261,2,1,1,1j.csv
3261,0,0,0,1k.csv
3261,4,4,0,1l.csv
3261,0,0,0,1m.csv
3261,1,1,0,2a.csv
3261,0,0,0,2b.csv
3261,0,0,0,2c.csv
3261,0,0,0,2d.csv
3261,0,0,0,2e.csv
3261,0,0,0,2f.csv
3261,0,0,0,2g.csv
3261,1,0,1,2h.csv
3261,0,0,0,2i.csv
3261,0,0,0,2j.csv
3261,0,0,0,2k.csv
3261,0,0,0,2l.csv
3261,12,9,3,3a.csv
3261,32,27,5,3b.csv
3261,17,12,5,3c.csv
3261,17,12,5,3d.csv
3261,2,2,0,3e.csv
3261,1,1,0,3f.csv
3261,2,2,0,3g.csv
3262,4,3,1,1a.csv
3262,5,4,1,1b.csv
3262,0,0,0,1c.csv
3262,1,1,0,1e.csv
3262,0,0,0,1f.csv
3262,1,1,0,1g.csv
3262,0,0,0,1h.csv
3262,0,0,0,1i.csv
3262,2,1,1,1j.csv
3262,0,0,0,1k.csv
3262,4,4,0,1l.csv
3262,0,0,0,1m.csv
3262,1,1,0,2a.csv
3262,0,0,0,2b.csv
3262,0,0,0,2c.csv
3262,0,0,0,2d.csv
3262,0,0,0,2e.csv
3262,0,0,0,2f.csv
3262,0,0,0,2g.csv
3262,1,0,1,2h.csv
3262,0,0,0,2i.csv
3262,0,0,0,2j.csv
3262,0,0,0,2k.csv
3262,0,0,0,2l.csv
3262,13,10,3,3a.csv
3262,34,29,5,3b.csv
3262,17,12,5,3c.csv
3262,17,12,5,3d.csv
3262,2,2,0,3e.csv
3262,2,2,0,3f.csv
3262,2,2,0,3g.csv
3263,5,4,1,1a.csv
3263,4,3,1,1b.csv
3263,0,0,0,1c.csv
3263,1,1,0,1e.csv
3263,0,0,0,1f.csv
3263,4,3,1,1g.csv
3263,0,0,0,1h.csv
3263,0,0,0,1i.csv
3263,2,1,1,1j.csv
3263,0,0,0,1k.csv
3263,5,5,0,1l.csv
3263,0,0,0,1m.csv
3263,1,1,0,2a.csv
3263,0,0,0,2b.csv
3263,0,0,0,2c.csv
3263,0,0,0,2d.csv
3263,0,0,0,2e.csv
3263,0,0,0,2f.csv
3263,0,0,0,2g.csv
3263,1,0,1,2h.csv
3263,0,0,0,2i.csv
3263,0,0,0,2j.csv
3263,0,0,0,2k.csv
3263,0,0,0,2l.csv
3263,11,10,1,3a.csv
3263,31,25,6,3b.csv
3263,18,12,6,3c.csv
3263,18,12,6,3d.csv
3263,2,2,0,3e.csv
3263,2,2,0,3f.csv
3263,2,2,0,3g.csv
3264,7,6,1,1a.csv
3264,3,1,2,1b.csv
3264,0,0,0,1c.csv
3264,1,1,0,1e.csv
3264,0,0,0,1f.csv
3264,3,2,1,1g.csv
3264,0,0,0,1h.csv
3264,0,0,0,1i.csv
3264,3,1,2,1j.csv
3264,0,0,0,1k.csv
3264,5,5,0,1l.csv
3264,0,0,0,1m.csv
3264,0,0,0,2a.csv
3264,0,0,0,2b.csv
3264,0,0,0,2c.csv
3264,0,0,0,2d.csv
3264,0,0,0,2e.csv
3264,0,0,0,2f.csv
3264,0,0,0,2g.csv
3264,0,0,0,2h.csv
3264,0,0,0,2i.csv
3264,0,0,0,2j.csv
3264,0,0,0,2k.csv
3264,0,0,0,2l.csv
3264,10,9,1,3a.csv
3264,33,27,6,3b.csv
3264,22,16,6,3c.csv
3264,22,16,6,3d.csv
3264,2,2,0,3e.csv
3264,2,2,0,3f.csv
3264,3,3,0,3g.csv
3265,10,8,2,1a.csv
3265,3,1,2,1b.csv
3265,0,0,0,1c.csv
3265,2,2,0,1e.csv
3265,0,0,0,1f.csv
3265,3,2,1,1g.csv
3265,0,0,0,1h.csv
3265,0,0,0,1i.csv
3265,2,0,2,1j.csv
3265,0,0,0,1k.csv
3265,5,5,0,1l.csv
3265,0,0,0,1m.csv
3265,1,0,1,2a.csv
3265,0,0,0,2b.csv
3265,0,0,0,2c.csv
3265,0,0,0,2d.csv
3265,0,0,0,2e.csv
3265,0,0,0,2f.csv
3265,0,0,0,2g.csv
3265,0,0,0,2h.csv
3265,0,0,0,2i.csv
3265,0,0,0,2j.csv
3265,0,0,0,2k.csv
3265,0,0,0,2l.csv
3265,12,11,1,3a.csv
3265,32,26,6,3b.csv
3265,18,13,5,3c.csv
3265,18,13,5,3d.csv
3265,4,4,0,3e.csv
3265,1,1,0,3f.csv
3265,3,3,0,3g.csv
3266,13,10,3,1a.csv
3266,4,2,2,1b.csv
3266,0,0,0,1c.csv
3266,2,2,0,1e.csv
3266,0,0,0,1f.csv
3266,3,2,1,1g.csv
3266,0,0,0,1h.csv
3266,0,0,0,1i.csv
3266,2,0,2,1j.csv
3266,0,0,0,1k.csv
3266,3,3,0,1l.csv
3266,0,0,0,1m.csv
3266,1,0,1,2a.csv
3266,0,0,0,2b.csv
3266,0,0,0,2c.csv
3266,0,0,0,2d.csv
3266,0,0,0,2e.csv
3266,0,0,0,2f.csv
3266,0,0,0,2g.csv
3266,0,0,0,2h.csv
3266,0,0,0,2i.csv
3266,0,0,0,2j.csv
3266,0,0,0,2k.csv
3266,0,0,0,2l.csv
3266,15,13,2,3a.csv
3266,33,29,4,3b.csv
3266,17,13,4,3c.csv
3266,17,13,4,3d.csv
3266,4,4,0,3e.csv
3266,1,1,0,3f.csv
3266,4,4,0,3g.csv
3267,16,12,4,1a.csv
3267,3,2,1,1b.csv
3267,0,0,0,1c.csv
3267,3,3,0,1e.csv
3267,0,0,0,1f.csv
3267,4,3,1,1g.csv
3267,0,0,0,1h.csv
3267,0,0,0,1i.csv
3267,2,0,2,1j.csv
3267,0,0,0,1k.csv
3267,2,2,0,1l.csv
3267,0,0,0,1m.csv
3267,2,1,1,2a.csv
3267,0,0,0,2b.csv
3267,0,0,0,2c.csv
3267,0,0,0,2d.csv
3267,0,0,0,2e.csv
3267,0,0,0,2f.csv
3267,0,0,0,2g.csv
3267,2,1,1,2h.csv
3267,0,0,0,2i.csv
3267,0,0,0,2j.csv
3267,0,0,0,2k.csv
3267,0,0,0,2l.csv
3267,16,14,2,3a.csv
3267,36,32,4,3b.csv
3267,16,13,3,3c.csv
3267,16,13,3,3d.csv
3267,3,3,0,3e.csv
3267,1,1,0,3f.csv
3267,3,3,0,3g.csv
3268,18,14,4,1a.csv
3268,3,2,1,1b.csv
3268,0,0,0,1c.csv
3268,3,3,0,1e.csv
3268,0,0,0,1f.csv
3268,4,3,1,1g.csv
3268,0,0,0,1h.csv
3268,0,0,0,1i.csv
3268,1,0,1,1j.csv
3268,0,0,0,1k.csv
3268,2,2,0,1l.csv
3268,0,0,0,1m.csv
3268,2,1,1,2a.csv
3268,1,1,0,2b.csv
3268,1,1,0,2c.csv
3268,0,0,0,2d.csv
3268,0,0,0,2e.csv
3268,0,0,0,2f.csv
3268,0,0,0,2g.csv
3268,3,2,1,2h.csv
3268,0,0,0,2i.csv
3268,0,0,0,2j.csv
3268,0,0,0,2k.csv
3268,0,0,0,2l.csv
3268,13,12,1,3a.csv
3268,36,33,3,3b.csv
3268,15,13,2,3c.csv
3268,15,13,2,3d.csv
3268,3,3,0,3e.csv
3268,1,1,0,3f.csv
3268,3,3,0,3g.csv
3269,19,15,4,1a.csv
3269,3,2,1,1b.csv
3269,0,0,0,1c.csv
3269,3,3,0,1e.csv
3269,1,1,0,1f.csv
3269,4,3,1,1g.csv
3269,0,0,0,1h.csv
3269,0,0,0,1i.csv
3269,1,0,1,1j.csv
3269,0,0,0,1k.csv
3269,1,1,0,1l.csv
3269,0,0,0,1m.csv
3269,2,1,1,2a.csv
3269,1,1,0,2b.csv
3269,1,1,0,2c.csv
3269,0,0,0,2d.csv
3269,0,0,0,2e.csv
3269,0,0,0,2f.csv
3269,0,0,0,2g.csv
3269,3,2,1,2h.csv
3269,0,0,0,2i.csv
3269,0,0,0,2j.csv
3269,0,0,0,2k.csv
3269,0,0,0,2l.csv
3269,14,12,2,3a.csv
3269,30,28,2,3b.csv
3269,13,11,2,3c.csv
3269,13,11,2,3d.csv
3269,2,2,0,3e.csv
3269,1,1,0,3f.csv
3269,3,3,0,3g.csv
3270,20,15,5,1a.csv
3270,3,2,1,1b.csv
3270,0,0,0,1c.csv
3270,2,2,0,1e.csv
3270,1,1,0,1f.csv
3270,4,3,1,1g.csv
3270,0,0,0,1h.csv
3270,0,0,0,1i.csv
3270,1,0,1,1j.csv
3270,0,0,0,1k.csv
3270,1,1,0,1l.csv
3270,0,0,0,1m.csv
3270,2,1,1,2a.csv
3270,1,1,0,2b.csv
3270,1,1,0,2c.csv
3270,0,0,0,2d.csv
3270,0,0,0,2e.csv
3270,0,0,0,2f.csv
3270,1,1,0,2g.csv
3270,3,2,1,2h.csv
3270,0,0,0,2i.csv
3270,0,0,0,2j.csv
3270,0,0,0,2k.csv
3270,0,0,0,2l.csv
3270,14,12,2,3a.csv
3270,29,27,2,3b.csv
3270,11,9,2,3c.csv
3270,11,9,2,3d.csv
3270,2,2,0,3e.csv
3270,0,0,0,3f.csv
3270,3,3,0,3g.csv
3271,21,15,6,1a.csv
3271,5,3,2,1b.csv
3271,0,0,0,1c.csv
3271,2,2,0,1e.csv
3271,1,1,0,1f.csv
3271,1,1,0,1g.csv
3271,0,0,0,1h.csv
3271,0,0,0,1i.csv
3271,1,0,1,1j.csv
3271,0,0,0,1k.csv
3271,0,0,0,1l.csv
3271,0,0,0,1m.csv
3271,2,1,1,2a.csv
3271,1,1,0,2b.csv
3271,1,1,0,2c.csv
3271,0,0,0,2d.csv
3271,0,0,0,2e.csv
3271,0,0,0,2f.csv
3271,1,1,0,2g.csv
3271,3,2,1,2h.csv
3271,0,0,0,2i.csv
3271,0,0,0,2j.csv
3271,0,0,0,2k.csv
3271,0,0,0,2l.csv
3271,13,11,2,3a.csv
3271,30,29,1,3b.csv
3271,12,11,1,3c.csv
3271,12,11,1,3d.csv
3271,2,2,0,3e.csv
3271,0,0,0,3f.csv
3271,3,3,0,3g.csv
3272,21,15,6,1a.csv
3272,4,3,1,1b.csv
3272,0,0,0,1c.csv
3272,2,2,0,1e.csv
3272,1,1,0,1f.csv
3272,1,1,0,1g.csv
3272,0,0,0,1h.csv
3272,0,0,0,1i.csv
3272,0,0,0,1j.csv
3272,0,0,0,1k.csv
3272,0,0,0,1l.csv
3272,0,0,0,1m.csv
3272,2,1,1,2a.csv
3272,1,1,0,2b.csv
3272,1,1,0,2c.csv
3272,0,0,0,2d.csv
3272,0,0,0,2e.csv
3272,0,0,0,2f.csv
3272,1,1,0,2g.csv
3272,4,3,1,2h.csv
3272,0,0,0,2i.csv
3272,0,0,0,2j.csv
3272,0,0,0,2k.csv
3272,0,0,0,2l.csv
3272,14,12,2,3a.csv
3272,34,31,3,3b.csv
3272,7,7,0,3c.csv
3272,7,7,0,3d.csv
3272,2,2,0,3e.csv
3272,0,0,0,3f.csv
3272,2,2,0,3g.csv
3273,18,13,5,1a.csv
3273,5,4,1,1b.csv
3273,0,0,0,1c.csv
3273,1,1,0,1e.csv
3273,1,1,0,1f.csv
3273,1,1,0,1g.csv
3273,0,0,0,1h.csv
3273,0,0,0,1i.csv
3273,0,0,0,1j.csv
3273,0,0,0,1k.csv
3273,1,1,0,1l.csv
3273,0,0,0,1m.csv
3273,1,1,0,2a.csv
3273,1,1,0,2b.csv
3273,1,1,0,2c.csv
3273,1,0,1,2d.csv
3273,0,0,0,2e.csv
3273,0,0,0,2f.csv
3273,1,1,0,2g.csv
3273,4,3,1,2h.csv
3273,0,0,0,2i.csv
3273,0,0,0,2j.csv
3273,0,0,0,2k.csv
3273,0,0,0,2l.csv
3273,12,10,2,3a.csv
3273,40,37,3,3b.csv
3273,7,7,0,3c.csv
3273,7,7,0,3d.csv
3273,0,0,0,3e.csv
3273,1,1,0,3f.csv
3273,2,2,0,3g.csv
3274,16,11,5,1a.csv
3274,4,3,1,1b.csv
3274,0,0,0,1c.csv
3274,1,1,0,1e.csv
3274,1,1,0,1f.csv
3274,1,1,0,1g.csv
3274,0,0,0,1h.csv
3274,0,0,0,1i.csv
3274,0,0,0,1j.csv
3274,0,0,0,1k.csv
3274,1,1,0,1l.csv
3274,0,0,0,1m.csv
3274,1,1,0,2a.csv
3274,1,1,0,2b.csv
3274,1,1,0,2c.csv
3274,1,0,1,2d.csv
3274,0,0,0,2e.csv
3274,0,0,0,2f.csv
3274,1,1,0,2g.csv
3274,4,3,1,2h.csv
3274,0,0,0,2i.csv
3274,0,0,0,2j.csv
3274,0,0,0,2k.csv
3274,0,0,0,2l.csv
3274,12,11,1,3a.csv
3274,42,39,3,3b.csv
3274,7,7,0,3c.csv
3274,7,7,0,3d.csv
3274,0,0,0,3e.csv
3274,1,1,0,3f.csv
3274,1,1,0,3g.csv
3275,17,12,5,1a.csv
3275,4,3,1,1b.csv
3275,1,1,0,1c.csv
3275,0,0,0,1e.csv
3275,1,1,0,1f.csv
3275,0,0,0,1g.csv
3275,0,0,0,1h.csv
3275,0,0,0,1i.csv
3275,0,0,0,1j.csv
3275,0,0,0,1k.csv
3275,1,1,0,1l.csv
3275,0,0,0,1m.csv
3275,0,0,0,2a.csv
3275,1,1,0,2b.csv
3275,1,1,0,2c.csv
3275,1,0,1,2d.csv
3275,0,0,0,2e.csv
3275,0,0,0,2f.csv
3275,1,1,0,2g.csv
3275,2,2,0,2h.csv
3275,0,0,0,2i.csv
3275,0,0,0,2j.csv
3275,0,0,0,2k.csv
3275,0,0,0,2l.csv
3275,10,9,1,3a.csv
3275,39,33,6,3b.csv
3275,8,8,0,3c.csv
3275,8,8,0,3d.csv
3275,0,0,0,3e.csv
3275,1,1,0,3f.csv
3275,2,2,0,3g.csv
3276,16,9,7,1a.csv
3276,5,2,3,1b.csv
3276,2,2,0,1c.csv
3276,0,0,0,1e.csv
3276,1,1,0,1f.csv
3276,0,0,0,1g.csv
3276,0,0,0,1h.csv
3276,0,0,0,1i.csv
3276,0,0,0,1j.csv
3276,0,0,0,1k.csv
3276,1,1,0,1l.csv
3276,0,0,0,1m.csv
3276,0,0,0,2a.csv
3276,0,0,0,2b.csv
3276,0,0,0,2c.csv
3276,1,0,1,2d.csv
3276,0,0,0,2e.csv
3276,0,0,0,2f.csv
3276,1,1,0,2g.csv
3276,1,1,0,2h.csv
3276,0,0,0,2i.csv
3276,0,0,0,2j.csv
3276,0,0,0,2k.csv
3276,0,0,0,2l.csv
3276,12,11,1,3a.csv
3276,39,34,5,3b.csv
3276,8,8,0,3c.csv
3276,8,8,0,3d.csv
3276,0,0,0,3e.csv
3276,2,2,0,3f.csv
3276,2,2,0,3g.csv
3277,16,9,7,1a.csv
3277,5,2,3,1b.csv
3277,2,2,0,1c.csv
3277,0,0,0,1e.csv
3277,0,0,0,1f.csv
3277,0,0,0,1g.csv
3277,1,0,1,1h.csv
3277,0,0,0,1i.csv
3277,0,0,0,1j.csv
3277,0,0,0,1k.csv
3277,2,2,0,1l.csv
3277,0,0,0,1m.csv
3277,0,0,0,2a.csv
3277,0,0,0,2b.csv
3277,0,0,0,2c.csv
3277,1,0,1,2d.csv
3277,0,0,0,2e.csv
3277,0,0,0,2f.csv
3277,1,1,0,2g.csv
3277,1,1,0,2h.csv
3277,0,0,0,2i.csv
3277,0,0,0,2j.csv
3277,0,0,0,2k.csv
3277,0,0,0,2l.csv
3277,12,12,0,3a.csv
3277,45,38,7,3b.csv
3277,9,9,0,3c.csv
3277,9,9,0,3d.csv
3277,0,0,0,3e.csv
3277,2,2,0,3f.csv
3277,1,1,0,3g.csv
3278,16,10,6,1a.csv
3278,6,3,3,1b.csv
3278,2,2,0,1c.csv
3278,1,1,0,1e.csv
3278,0,0,0,1f.csv
3278,0,0,0,1g.csv
3278,1,0,1,1h.csv
3278,0,0,0,1i.csv
3278,0,0,0,1j.csv
3278,0,0,0,1k.csv
3278,2,2,0,1l.csv
3278,0,0,0,1m.csv
3278,0,0,0,2a.csv
3278,0,0,0,2b.csv
3278,0,0,0,2c.csv
3278,1,0,1,2d.csv
3278,0,0,0,2e.csv
3278,0,0,0,2f.csv
3278,0,0,0,2g.csv
3278,1,1,0,2h.csv
3278,0,0,0,2i.csv
3278,0,0,0,2j.csv
3278,0,0,0,2k.csv
3278,0,0,0,2l.csv
3278,11,11,0,3a.csv
3278,46,39,7,3b.csv
3278,9,9,0,3c.csv
3278,9,9,0,3d.csv
3278,0,0,0,3e.csv
3278,4,3,1,3f.csv
3278,4,4,0,3g.csv
3279,14,9,5,1a.csv
3279,4,2,2,1b.csv
3279,2,2,0,1c.csv
3279,2,2,0,1e.csv
3279,0,0,0,1f.csv
3279,0,0,0,1g.csv
3279,1,0,1,1h.csv
3279,0,0,0,1i.csv
3279,0,0,0,1j.csv
3279,0,0,0,1k.csv
3279,2,2,0,1l.csv
3279,0,0,0,1m.csv
3279,0,0,0,2a.csv
3279,0,0,0,2b.csv
3279,0,0,0,2c.csv
3279,1,0,1,2d.csv
3279,0,0,0,2e.csv
3279,0,0,0,2f.csv
3279,0,0,0,2g.csv
3279,1,1,0,2h.csv
3279,0,0,0,2i.csv
3279,0,0,0,2j.csv
3279,0,0,0,2k.csv
3279,0,0,0,2l.csv
3279,14,14,0,3a.csv
3279,43,36,7,3b.csv
3279,6,6,0,3c.csv
3279,6,6,0,3d.csv
3279,0,0,0,3e.csv
3279,5,4,1,3f.csv
3279,5,5,0,3g.csv
3280,12,7,5,1a.csv
3280,4,2,2,1b.csv
3280,2,2,0,1c.csv
3280,2,2,0,1e.csv
3280,0,0,0,1f.csv
3280,0,0,0,1g.csv
3280,1,0,1,1h.csv
3280,0,0,0,1i.csv
3280,0,0,0,1j.csv
3280,0,0,0,1k.csv
3280,2,2,0,1l.csv
3280,0,0,0,1m.csv
3280,1,0,1,2a.csv
3280,0,0,0,2b.csv
3280,0,0,0,2c.csv
3280,1,0,1,2d.csv
3280,0,0,0,2e.csv
3280,0,0,0,2f.csv
3280,0,0,0,2g.csv
3280,0,0,0,2h.csv
3280,0,0,0,2i.csv
3280,0,0,0,2j.csv
3280,0,0,0,2k.csv
3280,0,0,0,2l.csv
3280,12,12,0,3a.csv
3280,37,32,5,3b.csv
3280,7,7,0,3c.csv
3280,7,7,0,3d.csv
3280,0,0,0,3e.csv
3280,6,5,1,3f.csv
3280,7,6,1,3g.csv
3281,14,10,4,1a.csv
3281,3,1,2,1b.csv
3281,2,2,0,1c.csv
3281,2,2,0,1e.csv
3281,0,0,0,1f.csv
3281,0,0,0,1g.csv
3281,1,0,1,1h.csv
3281,0,0,0,1i.csv
3281,0,0,0,1j.csv
3281,0,0,0,1k.csv
3281,1,1,0,1l.csv
3281,0,0,0,1m.csv
3281,1,0,1,2a.csv
3281,0,0,0,2b.csv
3281,0,0,0,2c.csv
3281,0,0,0,2d.csv
3281,0,0,0,2e.csv
3281,0,0,0,2f.csv
3281,0,0,0,2g.csv
3281,0,0,0,2h.csv
3281,0,0,0,2i.csv
3281,0,0,0,2j.csv
3281,0,0,0,2k.csv
3281,0,0,0,2l.csv
3281,13,13,0,3a.csv
3281,34,28,6,3b.csv
3281,7,7,0,3c.csv
3281,7,7,0,3d.csv
3281,0,0,0,3e.csv
3281,5,4,1,3f.csv
3281,7,6,1,3g.csv
3282,15,10,5,1a.csv
3282,3,1,2,1b.csv
3282,3,3,0,1c.csv
3282,2,2,0,1e.csv
3282,0,0,0,1f.csv
3282,0,0,0,1g.csv
3282,1,0,1,1h.csv
3282,0,0,0,1i.csv
3282,0,0,0,1j.csv
3282,0,0,0,1k.csv
3282,1,1,0,1l.csv
3282,0,0,0,1m.csv
3282,2,1,1,2a.csv
3282,0,0,0,2b.csv
3282,0,0,0,2c.csv
3282,0,0,0,2d.csv
3282,0,0,0,2e.csv
3282,0,0,0,2f.csv
3282,0,0,0,2g.csv
3282,0,0,0,2h.csv
3282,0,0,0,2i.csv
3282,0,0,0,2j.csv
3282,0,0,0,2k.csv
3282,0,0,0,2l.csv
3282,14,14,0,3a.csv
3282,29,23,6,3b.csv
3282,6,6,0,3c.csv
3282,6,6,0,3d.csv
3282,0,0,0,3e.csv
3282,5,4,1,3f.csv
3282,8,7,1,3g.csv
3283,12,7,5,1a.csv
3283,3,1,2,1b.csv
3283,2,2,0,1c.csv
3283,2,2,0,1e.csv
3283,0,0,0,1f.csv
3283,0,0,0,1g.csv
3283,1,0,1,1h.csv
3283,0,0,0,1i.csv
3283,1,1,0,1j.csv
3283,0,0,0,1k.csv
3283,1,1,0,1l.csv
3283,0,0,0,1m.csv
3283,2,1,1,2a.csv
3283,0,0,0,2b.csv
3283,0,0,0,2c.csv
3283,0,0,0,2d.csv
3283,0,0,0,2e.csv
3283,0,0,0,2f.csv
3283,0,0,0,2g.csv
3283,0,0,0,2h.csv
3283,0,0,0,2i.csv
3283,0,0,0,2j.csv
3283,0,0,0,2k.csv
3283,0,0,0,2l.csv
3283,14,14,0,3a.csv
3283,24,21,3,3b.csv
3283,4,4,0,3c.csv
3283,4,4,0,3d.csv
3283,0,0,0,3e.csv
3283,5,4,1,3f.csv
3283,7,6,1,3g.csv
3284,11,7,4,1a.csv
3284,1,1,0,1b.csv
3284,1,1,0,1c.csv
3284,2,2,0,1e.csv
3284,1,1,0,1f.csv
3284,0,0,0,1g.csv
3284,1,0,1,1h.csv
3284,0,0,0,1i.csv
3284,1,1,0,1j.csv
3284,0,0,0,1k.csv
3284,1,1,0,1l.csv
3284,0,0,0,1m.csv
3284,2,1,1,2a.csv
3284,0,0,0,2b.csv
3284,0,0,0,2c.csv
3284,0,0,0,2d.csv
3284,0,0,0,2e.csv
3284,0,0,0,2f.csv
3284,0,0,0,2g.csv
3284,0,0,0,2h.csv
3284,0,0,0,2i.csv
3284,0,0,0,2j.csv
3284,0,0,0,2k.csv
3284,0,0,0,2l.csv
3284,12,12,0,3a.csv
3284,20,17,3,3b.csv
3284,4,4,0,3c.csv
3284,4,4,0,3d.csv
3284,0,0,0,3e.csv
3284,4,3,1,3f.csv
3284,8,7,1,3g.csv
3285,10,6,4,1a.csv
3285,1,1,0,1b.csv
3285,2,2,0,1c.csv
3285,2,2,0,1e.csv
3285,1,1,0,1f.csv
3285,0,0,0,1g.csv
3285,0,0,0,1h.csv
3285,0,0,0,1i.csv
3285,1,1,0,1j.csv
3285,0,0,0,1k.csv
3285,0,0,0,1l.csv
3285,0,0,0,1m.csv
3285,2,1,1,2a.csv
3285,0,0,0,2b.csv
3285,0,0,0,2c.csv
3285,0,0,0,2d.csv
3285,0,0,0,2e.csv
3285,0,0,0,2f.csv
3285,0,0,0,2g.csv
3285,0,0,0,2h.csv
3285,0,0,0,2i.csv
3285,0,0,0,2j.csv
3285,0,0,0,2k.csv
3285,0,0,0,2l.csv
3285,11,11,0,3a.csv
3285,15,13,2,3b.csv
3285,3,3,0,3c.csv
3285,3,3,0,3d.csv
3285,0,0,0,3e.csv
3285,5,4,1,3f.csv
3285,9,8,1,3g.csv
3286,8,4,4,1a.csv
3286,0,0,0,1b.csv
3286,2,2,0,1c.csv
3286,1,1,0,1e.csv
3286,1,1,0,1f.csv
3286,0,0,0,1g.csv
3286,0,0,0,1h.csv
3286,0,0,0,1i.csv
3286,1,1,0,1j.csv
3286,0,0,0,1k.csv
3286,0,0,0,1l.csv
3286,0,0,0,1m.csv
3286,2,1,1,2a.csv
3286,0,0,0,2b.csv
3286,0,0,0,2c.csv
3286,0,0,0,2d.csv
3286,0,0,0,2e.csv
3286,0,0,0,2f.csv
3286,0,0,0,2g.csv
3286,0,0,0,2h.csv
3286,0,0,0,2i.csv
3286,0,0,0,2j.csv
3286,0,0,0,2k.csv
3286,0,0,0,2l.csv
3286,13,13,0,3a.csv
3286,12,9,3,3b.csv
3286,3,3,0,3c.csv
3286,3,3,0,3d.csv
3286,0,0,0,3e.csv
3286,4,3,1,3f.csv
3286,6,5,1,3g.csv
3287,8,4,4,1a.csv
3287,0,0,0,1b.csv
3287,2,2,0,1c.csv
3287,0,0,0,1e.csv
3287,1,1,0,1f.csv
3287,1,1,0,1g.csv
3287,0,0,0,1h.csv
3287,0,0,0,1i.csv
3287,1,1,0,1j.csv
3287,0,0,0,1k.csv
3287,1,1,0,1l.csv
3287,0,0,0,1m.csv
3287,2,1,1,2a.csv
3287,0,0,0,2b.csv
3287,0,0,0,2c.csv
3287,0,0,0,2d.csv
3287,0,0,0,2e.csv
3287,0,0,0,2f.csv
3287,0,0,0,2g.csv
3287,0,0,0,2h.csv
3287,0,0,0,2i.csv
3287,0,0,0,2j.csv
3287,0,0,0,2k.csv
3287,0,0,0,2l.csv
3287,10,10,0,3a.csv
3287,13,10,3,3b.csv
3287,4,4,0,3c.csv
3287,4,4,0,3d.csv
3287,0,0,0,3e.csv
3287,4,3,1,3f.csv
3287,5,4,1,3g.csv
3288,8,4,4,1a.csv
3288,1,1,0,1b.csv
3288,3,3,0,1c.csv
3288,0,0,0,1e.csv
3288,1,1,0,1f.csv
3288,1,1,0,1g.csv
3288,0,0,0,1h.csv
3288,0,0,0,1i.csv
3288,1,1,0,1j.csv
3288,0,0,0,1k.csv
3288,1,1,0,1l.csv
3288,0,0,0,1m.csv
3288,1,1,0,2a.csv
3288,0,0,0,2b.csv
3288,0,0,0,2c.csv
3288,0,0,0,2d.csv
3288,0,0,0,2e.csv
3288,0,0,0,2f.csv
3288,0,0,0,2g.csv
3288,0,0,0,2h.csv
3288,0,0,0,2i.csv
3288,0,0,0,2j.csv
3288,0,0,0,2k.csv
3288,0,0,0,2l.csv
3288,17,17,0,3a.csv
3288,13,9,4,3b.csv
3288,2,2,0,3c.csv
3288,2,2,0,3d.csv
3288,0,0,0,3e.csv
3288,3,2,1,3f.csv
3288,5,3,2,3g.csv
3289,5,1,4,1a.csv
3289,1,1,0,1b.csv
3289,3,3,0,1c.csv
3289,1,0,1,1e.csv
3289,2,2,0,1f.csv
3289,1,1,0,1g.csv
3289,0,0,0,1h.csv
3289,0,0,0,1i.csv
3289,1,1,0,1j.csv
3289,0,0,0,1k.csv
3289,1,1,0,1l.csv
3289,0,0,0,1m.csv
3289,1,1,0,2a.csv
3289,0,0,0,2b.csv
3289,0,0,0,2c.csv
3289,0,0,0,2d.csv
3289,0,0,0,2e.csv
3289,0,0,0,2f.csv
3289,0,0,0,2g.csv
3289,0,0,0,2h.csv
3289,0,0,0,2i.csv
3289,0,0,0,2j.csv
3289,0,0,0,2k.csv
3289,0,0,0,2l.csv
3289,18,18,0,3a.csv
3289,12,8,4,3b.csv
3289,1,1,0,3c.csv
3289,1,1,0,3d.csv
3289,1,1,0,3e.csv
3289,4,2,2,3f.csv
3289,5,3,2,3g.csv
3290,3,1,2,1a.csv
3290,2,2,0,1b.csv
3290,2,2,0,1c.csv
3290,1,0,1,1e.csv
3290,2,2,0,1f.csv
3290,1,1,0,1g.csv
3290,0,0,0,1h.csv
3290,0,0,0,1i.csv
3290,1,1,0,1j.csv
3290,0,0,0,1k.csv
3290,1,1,0,1l.csv
3290,0,0,0,1m.csv
3290,0,0,0,2a.csv
3290,0,0,0,2b.csv
3290,0,0,0,2c.csv
3290,0,0,0,2d.csv
3290,0,0,0,2e.csv
3290,0,0,0,2f.csv
3290,0,0,0,2g.csv
3290,0,0,0,2h.csv
3290,0,0,0,2i.csv
3290,0,0,0,2j.csv
3290,0,0,0,2k.csv
3290,0,0,0,2l.csv
3290,16,16,0,3a.csv
3290,14,9,5,3b.csv
3290,1,1,0,3c.csv
3290,1,1,0,3d.csv
3290,1,1,0,3e.csv
3290,5,3,2,3f.csv
3290,4,2,2,3g.csv
3291,3,2,1,1a.csv
3291,2,2,0,1b.csv
3291,4,4,0,1c.csv
3291,1,0,1,1e.csv
3291,2,2,0,1f.csv
3291,1,1,0,1g.csv
3291,0,0,0,1h.csv
3291,0,0,0,1i.csv
3291,0,0,0,1j.csv
3291,1,1,0,1k.csv
3291,1,1,0,1l.csv
3291,0,0,0,1m.csv
3291,1,1,0,2a.csv
3291,0,0,0,2b.csv
3291,0,0,0,2c.csv
3291,0,0,0,2d.csv
3291,0,0,0,2e.csv
3291,0,0,0,2f.csv
3291,0,0,0,2g.csv
3291,0,0,0,2h.csv
3291,0,0,0,2i.csv
3291,0,0,0,2j.csv
3291,0,0,0,2k.csv
3291,0,0,0,2l.csv
3291,24,24,0,3a.csv
3291,18,12,6,3b.csv
3291,2,2,0,3c.csv
3291,2,2,0,3d.csv
3291,1,1,0,3e.csv
3291,5,3,2,3f.csv
3291,5,3,2,3g.csv
3292,3,3,0,1a.csv
3292,3,3,0,1b.csv
3292,4,4,0,1c.csv
3292,1,0,1,1e.csv
3292,1,1,0,1f.csv
3292,1,1,0,1g.csv
3292,0,0,0,1h.csv
3292,0,0,0,1i.csv
3292,0,0,0,1j.csv
3292,1,1,0,1k.csv
3292,1,1,0,1l.csv
3292,0,0,0,1m.csv
3292,1,1,0,2a.csv
3292,0,0,0,2b.csv
3292,0,0,0,2c.csv
3292,0,0,0,2d.csv
3292,0,0,0,2e.csv
3292,0,0,0,2f.csv
3292,0,0,0,2g.csv
3292,0,0,0,2h.csv
3292,0,0,0,2i.csv
3292,0,0,0,2j.csv
3292,0,0,0,2k.csv
3292,0,0,0,2l.csv
3292,26,26,0,3a.csv
3292,17,11,6,3b.csv
3292,2,2,0,3c.csv
3292,2,2,0,3d.csv
3292,1,1,0,3e.csv
3292,6,3,3,3f.csv
3292,4,2,2,3g.csv
3293,4,4,0,1a.csv
3293,3,3,0,1b.csv
3293,3,3,0,1c.csv
3293,1,0,1,1e.csv
3293,1,1,0,1f.csv
3293,1,1,0,1g.csv
3293,0,0,0,1h.csv
3293,0,0,0,1i.csv
3293,0,0,0,1j.csv
3293,1,1,0,1k.csv
3293,1,1,0,1l.csv
3293,1,1,0,1m.csv
3293,1,1,0,2a.csv
3293,0,0,0,2b.csv
3293,0,0,0,2c.csv
3293,0,0,0,2d.csv
3293,0,0,0,2e.csv
3293,0,0,0,2f.csv
3293,0,0,0,2g.csv
3293,0,0,0,2h.csv
3293,0,0,0,2i.csv
3293,0,0,0,2j.csv
3293,0,0,0,2k.csv
3293,0,0,0,2l.csv
3293,30,30,0,3a.csv
3293,19,14,5,3b.csv
3293,3,3,0,3c.csv
3293,3,3,0,3d.csv
3293,4,4,0,3e.csv
3293,6,3,3,3f.csv
3293,3,1,2,3g.csv
3294,3,3,0,1a.csv
3294,5,5,0,1b.csv
3294,3,3,0,1c.csv
3294,1,0,1,1e.csv
3294,1,1,0,1f.csv
3294,1,1,0,1g.csv
3294,0,0,0,1h.csv
3294,0,0,0,1i.csv
3294,0,0,0,1j.csv
3294,1,1,0,1k.csv
3294,1,1,0,1l.csv
3294,1,1,0,1m.csv
3294,1,1,0,2a.csv
3294,0,0,0,2b.csv
3294,0,0,0,2c.csv
3294,0,0,0,2d.csv
3294,0,0,0,2e.csv
3294,0,0,0,2f.csv
3294,0,0,0,2g.csv
3294,0,0,0,2h.csv
3294,0,0,0,2i.csv
3294,0,0,0,2j.csv
3294,0,0,0,2k.csv
3294,0,0,0,2l.csv
3294,29,28,1,3a.csv
3294,20,16,4,3b.csv
3294,3,3,0,3c.csv
3294,3,3,0,3d.csv
3294,4,4,0,3e.csv
3294,5,3,2,3f.csv
3294,3,1,2,3g.csv
3295,3,3,0,1a.csv
3295,5,5,0,1b.csv
3295,3,3,0,1c.csv
3295,1,0,1,1e.csv
3295,1,1,0,1f.csv
3295,0,0,0,1g.csv
3295,0,0,0,1h.csv
3295,0,0,0,1i.csv
3295,1,0,1,1j.csv
3295,1,1,0,1k.csv
3295,0,0,0,1l.csv
3295,1,1,0,1m.csv
3295,1,1,0,2a.csv
3295,0,0,0,2b.csv
3295,0,0,0,2c.csv
3295,0,0,0,2d.csv
3295,0,0,0,2e.csv
3295,0,0,0,2f.csv
3295,0,0,0,2g.csv
3295,0,0,0,2h.csv
3295,0,0,0,2i.csv
3295,0,0,0,2j.csv
3295,0,0,0,2k.csv
3295,0,0,0,2l.csv
3295,33,32,1,3a.csv
3295,21,16,5,3b.csv
3295,2,2,0,3c.csv
3295,2,2,0,3d.csv
3295,4,4,0,3e.csv
3295,6,4,2,3f.csv
3295,3,1,2,3g.csv
3296,3,3,0,1a.csv
3296,4,4,0,1b.csv
3296,2,2,0,1c.csv
3296,1,0,1,1e.csv
3296,1,1,0,1f.csv
3296,1,1,0,1g.csv
3296,0,0,0,1h.csv
3296,0,0,0,1i.csv
3296,1,0,1,1j.csv
3296,1,1,0,1k.csv
3296,0,0,0,1l.csv
3296,1,1,0,1m.csv
3296,1,1,0,2a.csv
3296,0,0,0,2b.csv
3296,0,0,0,2c.csv
3296,0,0,0,2d.csv
3296,0,0,0,2e.csv
3296,0,0,0,2f.csv
3296,0,0,0,2g.csv
3296,1,1,0,2h.csv
3296,0,0,0,2i.csv
3296,0,0,0,2j.csv
3296,0,0,0,2k.csv
3296,0,0,0,2l.csv
3296,30,29,1,3a.csv
3296,20,15,5,3b.csv
3296,2,2,0,3c.csv
3296,2,2,0,3d.csv
3296,4,4,0,3e.csv
3296,7,4,3,3f.csv
3296,1,1,0,3g.csv
3297,4,4,0,1a.csv
3297,4,4,0,1b.csv
3297,2,2,0,1c.csv
3297,0,0,0,1e.csv
3297,0,0,0,1f.csv
3297,1,1,0,1g.csv
3297,0,0,0,1h.csv
3297,0,0,0,1i.csv
3297,1,0,1,1j.csv
3297,1,1,0,1k.csv
3297,0,0,0,1l.csv
3297,1,1,0,1m.csv
3297,1,1,0,2a.csv
3297,0,0,0,2b.csv
3297,0,0,0,2c.csv
3297,0,0,0,2d.csv
3297,0,0,0,2e.csv
3297,0,0,0,2f.csv
3297,0,0,0,2g.csv
3297,1,1,0,2h.csv
3297,0,0,0,2i.csv
3297,1,0,1,2j.csv
3297,0,0,0,2k.csv
3297,0,0,0,2l.csv
3297,31,30,1,3a.csv
3297,18,14,4,3b.csv
3297,2,2,0,3c.csv
3297,2,2,0,3d.csv
3297,3,3,0,3e.csv
3297,6,4,2,3f.csv
3297,3,3,0,3g.csv
3298,5,5,0,1a.csv
3298,4,4,0,1b.csv
3298,2,2,0,1c.csv
3298,0,0,0,1e.csv
3298,0,0,0,1f.csv
3298,3,2,1,1g.csv
3298,0,0,0,1h.csv
3298,0,0,0,1i.csv
3298,1,0,1,1j.csv
3298,1,1,0,1k.csv
3298,1,1,0,1l.csv
3298,1,1,0,1m.csv
3298,1,1,0,2a.csv
3298,0,0,0,2b.csv
3298,0,0,0,2c.csv
3298,0,0,0,2d.csv
3298,0,0,0,2e.csv
3298,0,0,0,2f.csv
3298,0,0,0,2g.csv
3298,1,1,0,2h.csv
3298,0,0,0,2i.csv
3298,1,0,1,2j.csv
3298,0,0,0,2k.csv
3298,0,0,0,2l.csv
3298,34,33,1,3a.csv
3298,18,15,3,3b.csv
3298,2,2,0,3c.csv
3298,2,2,0,3d.csv
3298,4,4,0,3e.csv
3298,5,3,2,3f.csv
3298,3,3,0,3g.csv
3299,5,5,0,1a.csv
3299,5,5,0,1b.csv
3299,0,0,0,1c.csv
3299,0,0,0,1e.csv
3299,0,0,0,1f.csv
3299,3,2,1,1g.csv
3299,0,0,0,1h.csv
3299,0,0,0,1i.csv
3299,1,0,1,1j.csv
3299,0,0,0,1k.csv
3299,1,1,0,1l.csv
3299,1,1,0,1m.csv
3299,0,0,0,2a.csv
3299,0,0,0,2b.csv
3299,0,0,0,2c.csv
3299,0,0,0,2d.csv
3299,0,0,0,2e.csv
3299,0,0,0,2f.csv
3299,0,0,0,2g.csv
3299,1,1,0,2h.csv
3299,0,0,0,2i.csv
3299,1,0,1,2j.csv
3299,0,0,0,2k.csv
3299,0,0,0,2l.csv
3299,27,26,1,3a.csv
3299,14,12,2,3b.csv
3299,1,1,0,3c.csv
3299,1,1,0,3d.csv
3299,4,4,0,3e.csv
3299,5,3,2,3f.csv
3299,3,3,0,3g.csv
3300,5,5,0,1a.csv
3300,5,4,1,1b.csv
3300,0,0,0,1c.csv
3300,0,0,0,1e.csv
3300,0,0,0,1f.csv
3300,3,2,1,1g.csv
3300,0,0,0,1h.csv
3300,0,0,0,1i.csv
3300,1,0,1,1j.csv
3300,0,0,0,1k.csv
3300,1,1,0,1l.csv
3300,1,1,0,1m.csv
3300,1,1,0,2a.csv
3300,0,0,0,2b.csv
3300,0,0,0,2c.csv
3300,0,0,0,2d.csv
3300,0,0,0,2e.csv
3300,0,0,0,2f.csv
3300,1,0,1,2g.csv
3300,1,1,0,2h.csv
3300,0,0,0,2i.csv
3300,1,0,1,2j.csv
3300,0,0,0,2k.csv
3300,0,0,0,2l.csv
3300,27,26,1,3a.csv
3300,17,15,2,3b.csv
3300,1,1,0,3c.csv
3300,1,1,0,3d.csv
3300,7,6,1,3e.csv
3300,5,3,2,3f.csv
3300,3,3,0,3g.csv
3301,4,4,0,1a.csv
3301,5,4,1,1b.csv
3301,0,0,0,1c.csv
3301,0,0,0,1e.csv
3301,0,0,0,1f.csv
3301,3,2,1,1g.csv
3301,0,0,0,1h.csv
3301,0,0,0,1i.csv
3301,1,0,1,1j.csv
3301,0,0,0,1k.csv
3301,1,1,0,1l.csv
3301,0,0,0,1m.csv
3301,1,1,0,2a.csv
3301,0,0,0,2b.csv
3301,0,0,0,2c.csv
3301,0,0,0,2d.csv
3301,0,0,0,2e.csv
3301,0,0,0,2f.csv
3301,1,0,1,2g.csv
3301,2,2,0,2h.csv
3301,0,0,0,2i.csv
3301,1,0,1,2j.csv
3301,0,0,0,2k.csv
3301,0,0,0,2l.csv
3301,25,24,1,3a.csv
3301,15,13,2,3b.csv
3301,0,0,0,3c.csv
3301,0,0,0,3d.csv
3301,9,5,4,3e.csv
3301,4,2,2,3f.csv
3301,3,3,0,3g.csv
3302,6,5,1,1a.csv
3302,4,3,1,1b.csv
3302,0,0,0,1c.csv
3302,0,0,0,1e.csv
3302,0,0,0,1f.csv
3302,3,2,1,1g.csv
3302,0,0,0,1h.csv
3302,0,0,0,1i.csv
3302,1,0,1,1j.csv
3302,0,0,0,1k.csv
3302,1,1,0,1l.csv
3302,0,0,0,1m.csv
3302,1,1,0,2a.csv
3302,0,0,0,2b.csv
3302,0,0,0,2c.csv
3302,0,0,0,2d.csv
3302,0,0,0,2e.csv
3302,0,0,0,2f.csv
3302,1,0,1,2g.csv
3302,2,2,0,2h.csv
3302,0,0,0,2i.csv
3302,1,0,1,2j.csv
3302,0,0,0,2k.csv
3302,0,0,0,2l.csv
3302,25,25,0,3a.csv
3302,14,12,2,3b.csv
3302,0,0,0,3c.csv
3302,0,0,0,3d.csv
3302,11,7,4,3e.csv
3302,5,3,2,3f.csv
3302,3,3,0,3g.csv
3303,7,6,1,1a.csv
3303,5,4,1,1b.csv
3303,0,0,0,1c.csv
3303,0,0,0,1e.csv
3303,0,0,0,1f.csv
3303,3,2,1,1g.csv
3303,0,0,0,1h.csv
3303,0,0,0,1i.csv
3303,1,1,0,1j.csv
3303,0,0,0,1k.csv
3303,1,1,0,1l.csv
3303,0,0,0,1m.csv
3303,1,1,0,2a.csv
3303,0,0,0,2b.csv
3303,0,0,0,2c.csv
3303,0,0,0,2d.csv
3303,0,0,0,2e.csv
3303,0,0,0,2f.csv
3303,1,0,1,2g.csv
3303,2,2,0,2h.csv
3303,0,0,0,2i.csv
3303,1,0,1,2j.csv
3303,0,0,0,2k.csv
3303,0,0,0,2l.csv
3303,21,21,0,3a.csv
3303,14,11,3,3b.csv
3303,0,0,0,3c.csv
3303,0,0,0,3d.csv
3303,11,7,4,3e.csv
3303,3,1,2,3f.csv
3303,5,5,0,3g.csv
3304,7,6,1,1a.csv
3304,5,4,1,1b.csv
3304,0,0,0,1c.csv
3304,0,0,0,1e.csv
3304,0,0,0,1f.csv
3304,3,2,1,1g.csv
3304,0,0,0,1h.csv
3304,0,0,0,1i.csv
3304,1,1,0,1j.csv
3304,0,0,0,1k.csv
3304,2,1,1,1l.csv
3304,0,0,0,1m.csv
3304,1,1,0,2a.csv
3304,0,0,0,2b.csv
3304,1,1,0,2c.csv
3304,0,0,0,2d.csv
3304,0,0,0,2e.csv
3304,0,0,0,2f.csv
3304,1,0,1,2g.csv
3304,1,1,0,2h.csv
3304,0,0,0,2i.csv
3304,1,0,1,2j.csv
3304,0,0,0,2k.csv
3304,0,0,0,2l.csv
3304,19,19,0,3a.csv
3304,13,11,2,3b.csv
3304,0,0,0,3c.csv
3304,0,0,0,3d.csv
3304,14,9,5,3e.csv
3304,3,2,1,3f.csv
3304,7,7,0,3g.csv
3305,6,5,1,1a.csv
3305,6,4,2,1b.csv
3305,0,0,0,1c.csv
3305,0,0,0,1e.csv
3305,0,0,0,1f.csv
3305,3,2,1,1g.csv
3305,0,0,0,1h.csv
3305,0,0,0,1i.csv
3305,1,1,0,1j.csv
3305,0,0,0,1k.csv
3305,2,1,1,1l.csv
3305,0,0,0,1m.csv
3305,2,2,0,2a.csv
3305,0,0,0,2b.csv
3305,1,1,0,2c.csv
3305,0,0,0,2d.csv
3305,0,0,0,2e.csv
3305,0,0,0,2f.csv
3305,1,0,1,2g.csv
3305,2,2,0,2h.csv
3305,0,0,0,2i.csv
3305,0,0,0,2j.csv
3305,0,0,0,2k.csv
3305,0,0,0,2l.csv
3305,20,20,0,3a.csv
3305,13,11,2,3b.csv
3305,0,0,0,3c.csv
3305,0,0,0,3d.csv
3305,14,9,5,3e.csv
3305,3,2,1,3f.csv
3305,5,5,0,3g.csv
3306,6,5,1,1a.csv
3306,5,3,2,1b.csv
3306,0,0,0,1c.csv
3306,0,0,0,1e.csv
3306,0,0,0,1f.csv
3306,1,1,0,1g.csv
3306,0,0,0,1h.csv
3306,0,0,0,1i.csv
3306,1,1,0,1j.csv
3306,0,0,0,1k.csv
3306,2,1,1,1l.csv
3306,0,0,0,1m.csv
3306,2,2,0,2a.csv
3306,1,1,0,2b.csv
3306,1,1,0,2c.csv
3306,0,0,0,2d.csv
3306,0,0,0,2e.csv
3306,0,0,0,2f.csv
3306,1,0,1,2g.csv
3306,2,2,0,2h.csv
3306,0,0,0,2i.csv
3306,0,0,0,2j.csv
3306,0,0,0,2k.csv
3306,0,0,0,2l.csv
3306,17,16,1,3a.csv
3306,11,9,2,3b.csv
3306,0,0,0,3c.csv
3306,0,0,0,3d.csv
3306,13,8,5,3e.csv
3306,3,2,1,3f.csv
3306,6,5,1,3g.csv
3307,6,5,1,1a.csv
3307,7,5,2,1b.csv
3307,0,0,0,1c.csv
3307,0,0,0,1e.csv
3307,0,0,0,1f.csv
3307,1,1,0,1g.csv
3307,0,0,0,1h.csv
3307,0,0,0,1i.csv
3307,1,1,0,1j.csv
3307,0,0,0,1k.csv
3307,3,2,1,1l.csv
3307,0,0,0,1m.csv
3307,2,2,0,2a.csv
3307,1,1,0,2b.csv
3307,1,1,0,2c.csv
3307,0,0,0,2d.csv
3307,0,0,0,2e.csv
3307,0,0,0,2f.csv
3307,1,0,1,2g.csv
3307,2,2,0,2h.csv
3307,0,0,0,2i.csv
3307,0,0,0,2j.csv
3307,0,0,0,2k.csv
3307,0,0,0,2l.csv
3307,18,17,1,3a.csv
3307,9,7,2,3b.csv
3307,1,1,0,3c.csv
3307,1,1,0,3d.csv
3307,13,8,5,3e.csv
3307,3,2,1,3f.csv
3307,9,8,1,3g.csv
3308,6,5,1,1a.csv
3308,6,5,1,1b.csv
3308,0,0,0,1c.csv
3308,0,0,0,1e.csv
3308,0,0,0,1f.csv
3308,1,1,0,1g.csv
3308,0,0,0,1h.csv
3308,0,0,0,1i.csv
3308,1,1,0,1j.csv
3308,0,0,0,1k.csv
3308,3,2,1,1l.csv
3308,0,0,0,1m.csv
3308,2,2,0,2a.csv
3308,1,1,0,2b.csv
3308,1,1,0,2c.csv
3308,0,0,0,2d.csv
3308,0,0,0,2e.csv
3308,0,0,0,2f.csv
3308,0,0,0,2g.csv
3308,2,2,0,2h.csv
3308,0,0,0,2i.csv
3308,0,0,0,2j.csv
3308,0,0,0,2k.csv
3308,0,0,0,2l.csv
3308,17,16,1,3a.csv
3308,7,5,2,3b.csv
3308,1,1,0,3c.csv
3308,1,1,0,3d.csv
3308,11,7,4,3e.csv
3308,5,4,1,3f.csv
3308,14,13,1,3g.csv
3309,7,5,2,1a.csv
3309,6,5,1,1b.csv
3309,0,0,0,1c.csv
3309,0,0,0,1e.csv
3309,0,0,0,1f.csv
3309,1,1,0,1g.csv
3309,0,0,0,1h.csv
3309,0,0,0,1i.csv
3309,1,1,0,1j.csv
3309,0,0,0,1k.csv
3309,3,2,1,1l.csv
3309,0,0,0,1m.csv
3309,2,2,0,2a.csv
3309,1,1,0,2b.csv
3309,2,2,0,2c.csv
3309,0,0,0,2d.csv
3309,0,0,0,2e.csv
3309,0,0,0,2f.csv
3309,0,0,0,2g.csv
3309,1,1,0,2h.csv
3309,0,0,0,2i.csv
3309,0,0,0,2j.csv
3309,0,0,0,2k.csv
3309,0,0,0,2l.csv
3309,15,14,1,3a.csv
3309,6,4,2,3b.csv
3309,1,1,0,3c.csv
3309,1,1,0,3d.csv
3309,7,6,1,3e.csv
3309,6,5,1,3f.csv
3309,17,16,1,3g.csv
3310,6,4,2,1a.csv
3310,5,4,1,1b.csv
3310,0,0,0,1c.csv
3310,0,0,0,1e.csv
3310,0,0,0,1f.csv
3310,2,2,0,1g.csv
3310,0,0,0,1h.csv
3310,0,0,0,1i.csv
3310,1,1,0,1j.csv
3310,0,0,0,1k.csv
3310,3,2,1,1l.csv
3310,0,0,0,1m.csv
3310,2,2,0,2a.csv
3310,1,1,0,2b.csv
3310,2,2,0,2c.csv
3310,0,0,0,2d.csv
3310,0,0,0,2e.csv
3310,0,0,0,2f.csv
3310,0,0,0,2g.csv
3310,2,2,0,2h.csv
3310,0,0,0,2i.csv
3310,0,0,0,2j.csv
3310,0,0,0,2k.csv
3310,0,0,0,2l.csv
3310,14,13,1,3a.csv
3310,6,4,2,3b.csv
3310,1,1,0,3c.csv
3310,1,1,0,3d.csv
3310,5,4,1,3e.csv
3310,5,4,1,3f.csv
3310,18,17,1,3g.csv
3311,5,3,2,1a.csv
3311,5,3,2,1b.csv
3311,0,0,0,1c.csv
3311,0,0,0,1e.csv
3311,0,0,0,1f.csv
3311,4,4,0,1g.csv
3311,0,0,0,1h.csv
3311,0,0,0,1i.csv
3311,0,0,0,1j.csv
3311,0,0,0,1k.csv
3311,3,2,1,1l.csv
3311,0,0,0,1m.csv
3311,3,3,0,2a.csv
3311,1,1,0,2b.csv
3311,2,2,0,2c.csv
3311,0,0,0,2d.csv
3311,0,0,0,2e.csv
3311,0,0,0,2f.csv
3311,0,0,0,2g.csv
3311,3,2,1,2h.csv
3311,0,0,0,2i.csv
3311,0,0,0,2j.csv
3311,0,0,0,2k.csv
3311,0,0,0,2l.csv
3311,14,13,1,3a.csv
3311,3,3,0,3b.csv
3311,1,1,0,3c.csv
3311,1,1,0,3d.csv
3311,5,4,1,3e.csv
3311,6,5,1,3f.csv
3311,18,17,1,3g.csv
3312,6,3,3,1a.csv
3312,5,3,2,1b.csv
3312,0,0,0,1c.csv
3312,0,0,0,1e.csv
3312,0,0,0,1f.csv
3312,3,3,0,1g.csv
3312,0,0,0,1h.csv
3312,0,0,0,1i.csv
3312,0,0,0,1j.csv
3312,0,0,0,1k.csv
3312,3,3,0,1l.csv
3312,0,0,0,1m.csv
3312,3,3,0,2a.csv
3312,1,1,0,2b.csv
3312,1,1,0,2c.csv
3312,0,0,0,2d.csv
3312,0,0,0,2e.csv
3312,0,0,0,2f.csv
3312,0,0,0,2g.csv
3312,3,2,1,2h.csv
3312,0,0,0,2i.csv
3312,0,0,0,2j.csv
3312,1,0,1,2k.csv
3312,0,0,0,2l.csv
3312,15,14,1,3a.csv
3312,3,3,0,3b.csv
3312,1,1,0,3c.csv
3312,1,1,0,3d.csv
3312,3,3,0,3e.csv
3312,6,5,1,3f.csv
3312,19,17,2,3g.csv
3313,7,3,4,1a.csv
3313,4,3,1,1b.csv
3313,0,0,0,1c.csv
3313,0,0,0,1e.csv
3313,0,0,0,1f.csv
3313,3,3,0,1g.csv
3313,0,0,0,1h.csv
3313,0,0,0,1i.csv
3313,1,1,0,1j.csv
3313,0,0,0,1k.csv
3313,3,3,0,1l.csv
3313,0,0,0,1m.csv
3313,2,2,0,2a.csv
3313,1,1,0,2b.csv
3313,1,1,0,2c.csv
3313,0,0,0,2d.csv
3313,0,0,0,2e.csv
3313,0,0,0,2f.csv
3313,0,0,0,2g.csv
3313,2,1,1,2h.csv
3313,0,0,0,2i.csv
3313,0,0,0,2j.csv
3313,1,0,1,2k.csv
3313,0,0,0,2l.csv
3313,13,12,1,3a.csv
3313,5,3,2,3b.csv
3313,1,1,0,3c.csv
3313,1,1,0,3d.csv
3313,4,4,0,3e.csv
3313,8,6,2,3f.csv
3313,20,18,2,3g.csv
3314,6,2,4,1a.csv
3314,5,3,2,1b.csv
3314,0,0,0,1c.csv
3314,0,0,0,1e.csv
3314,1,0,1,1f.csv
3314,3,3,0,1g.csv
3314,0,0,0,1h.csv
3314,0,0,0,1i.csv
3314,1,1,0,1j.csv
3314,0,0,0,1k.csv
3314,2,2,0,1l.csv
3314,0,0,0,1m.csv
3314,2,2,0,2a.csv
3314,0,0,0,2b.csv
3314,2,1,1,2c.csv
3314,0,0,0,2d.csv
3314,0,0,0,2e.csv
3314,0,0,0,2f.csv
3314,0,0,0,2g.csv
3314,2,1,1,2h.csv
3314,0,0,0,2i.csv
3314,0,0,0,2j.csv
3314,1,0,1,2k.csv
3314,0,0,0,2l.csv
3314,11,11,0,3a.csv
3314,8,5,3,3b.csv
3314,2,2,0,3c.csv
3314,2,2,0,3d.csv
3314,5,4,1,3e.csv
3314,10,8,2,3f.csv
3314,21,20,1,3g.csv
3315,5,1,4,1a.csv
3315,2,0,2,1b.csv
3315,0,0,0,1c.csv
3315,1,1,0,1e.csv
3315,1,0,1,1f.csv
3315,3,3,0,1g.csv
3315,0,0,0,1h.csv
3315,0,0,0,1i.csv
3315,1,1,0,1j.csv
3315,0,0,0,1k.csv
3315,2,2,0,1l.csv
3315,0,0,0,1m.csv
3315,2,2,0,2a.csv
3315,0,0,0,2b.csv
3315,2,1,1,2c.csv
3315,0,0,0,2d.csv
3315,0,0,0,2e.csv
3315,0,0,0,2f.csv
3315,0,0,0,2g.csv
3315,3,1,2,2h.csv
3315,0,0,0,2i.csv
3315,0,0,0,2j.csv
3315,1,0,1,2k.csv
3315,0,0,0,2l.csv
3315,9,9,0,3a.csv
3315,8,5,3,3b.csv
3315,1,1,0,3c.csv
3315,1,1,0,3d.csv
3315,5,4,1,3e.csv
3315,11,9,2,3f.csv
3315,17,16,1,3g.csv
3316,4,0,4,1a.csv
3316,2,0,2,1b.csv
3316,1,1,0,1c.csv
3316,1,1,0,1e.csv
3316,1,0,1,1f.csv
3316,3,3,0,1g.csv
3316,0,0,0,1h.csv
3316,0,0,0,1i.csv
3316,1,1,0,1j.csv
3316,0,0,0,1k.csv
3316,2,2,0,1l.csv
3316,0,0,0,1m.csv
3316,2,2,0,2a.csv
3316,0,0,0,2b.csv
3316,2,1,1,2c.csv
3316,0,0,0,2d.csv
3316,0,0,0,2e.csv
3316,0,0,0,2f.csv
3316,0,0,0,2g.csv
3316,4,2,2,2h.csv
3316,0,0,0,2i.csv
3316,0,0,0,2j.csv
3316,1,0,1,2k.csv
3316,0,0,0,2l.csv
3316,8,8,0,3a.csv
3316,8,4,4,3b.csv
3316,1,1,0,3c.csv
3316,1,1,0,3d.csv
3316,5,4,1,3e.csv
3316,9,8,1,3f.csv
3316,12,11,1,3g.csv
3317,4,0,4,1a.csv
3317,3,0,3,1b.csv
3317,1,1,0,1c.csv
3317,1,1,0,1e.csv
3317,1,0,1,1f.csv
3317,3,3,0,1g.csv
3317,0,0,0,1h.csv
3317,0,0,0,1i.csv
3317,1,1,0,1j.csv
3317,0,0,0,1k.csv
3317,2,2,0,1l.csv
3317,0,0,0,1m.csv
3317,2,2,0,2a.csv
3317,0,0,0,2b.csv
3317,1,0,1,2c.csv
3317,0,0,0,2d.csv
3317,0,0,0,2e.csv
3317,0,0,0,2f.csv
3317,0,0,0,2g.csv
3317,4,2,2,2h.csv
3317,0,0,0,2i.csv
3317,0,0,0,2j.csv
3317,1,0,1,2k.csv
3317,0,0,0,2l.csv
3317,7,7,0,3a.csv
3317,9,5,4,3b.csv
3317,1,1,0,3c.csv
3317,1,1,0,3d.csv
3317,5,4,1,3e.csv
3317,8,7,1,3f.csv
3317,10,9,1,3g.csv
3318,3,0,3,1a.csv
3318,4,1,3,1b.csv
3318,1,1,0,1c.csv
3318,1,1,0,1e.csv
3318,1,0,1,1f.csv
3318,2,2,0,1g.csv
3318,0,0,0,1h.csv
3318,0,0,0,1i.csv
3318,1,1,0,1j.csv
3318,0,0,0,1k.csv
3318,2,2,0,1l.csv
3318,0,0,0,1m.csv
3318,2,2,0,2a.csv
3318,1,1,0,2b.csv
3318,2,1,1,2c.csv
3318,0,0,0,2d.csv
3318,0,0,0,2e.csv
3318,0,0,0,2f.csv
3318,0,0,0,2g.csv
3318,3,1,2,2h.csv
3318,0,0,0,2i.csv
3318,0,0,0,2j.csv
3318,1,0,1,2k.csv
3318,0,0,0,2l.csv
3318,8,7,1,3a.csv
3318,10,5,5,3b.csv
3318,1,1,0,3c.csv
3318,1,1,0,3d.csv
3318,5,4,1,3e.csv
3318,10,9,1,3f.csv
3318,10,9,1,3g.csv
3319,4,0,4,1a.csv
3319,3,1,2,1b.csv
3319,1,1,0,1c.csv
3319,1,1,0,1e.csv
3319,2,1,1,1f.csv
3319,0,0,0,1g.csv
3319,0,0,0,1h.csv
3319,0,0,0,1i.csv
3319,1,1,0,1j.csv
3319,0,0,0,1k.csv
3319,2,2,0,1l.csv
3319,0,0,0,1m.csv
3319,2,2,0,2a.csv
3319,1,1,0,2b.csv
3319,2,1,1,2c.csv
3319,0,0,0,2d.csv
3319,0,0,0,2e.csv
3319,0,0,0,2f.csv
3319,0,0,0,2g.csv
3319,3,2,1,2h.csv
3319,0,0,0,2i.csv
3319,0,0,0,2j.csv
3319,1,0,1,2k.csv
3319,0,0,0,2l.csv
3319,7,6,1,3a.csv
3319,11,6,5,3b.csv
3319,2,1,1,3c.csv
3319,2,1,1,3d.csv
3319,7,6,1,3e.csv
3319,10,9,1,3f.csv
3319,8,7,1,3g.csv
3320,4,0,4,1a.csv
3320,3,1,2,1b.csv
3320,2,2,0,1c.csv
3320,1,1,0,1e.csv
3320,2,1,1,1f.csv
3320,0,0,0,1g.csv
3320,0,0,0,1h.csv
3320,0,0,0,1i.csv
3320,1,1,0,1j.csv
3320,0,0,0,1k.csv
3320,1,1,0,1l.csv
3320,0,0,0,1m.csv
3320,3,3,0,2a.csv
3320,2,2,0,2b.csv
3320,2,1,1,2c.csv
3320,0,0,0,2d.csv
3320,0,0,0,2e.csv
3320,0,0,0,2f.csv
3320,0,0,0,2g.csv
3320,4,3,1,2h.csv
3320,0,0,0,2i.csv
3320,0,0,0,2j.csv
3320,0,0,0,2k.csv
3320,0,0,0,2l.csv
3320,4,3,1,3a.csv
3320,11,6,5,3b.csv
3320,2,1,1,3c.csv
3320,2,1,1,3d.csv
3320,6,5,1,3e.csv
3320,13,12,1,3f.csv
3320,5,5,0,3g.csv
3321,3,0,3,1a.csv
3321,3,1,2,1b.csv
3321,3,3,0,1c.csv
3321,1,1,0,1e.csv
3321,2,1,1,1f.csv
3321,0,0,0,1g.csv
3321,0,0,0,1h.csv
3321,0,0,0,1i.csv
3321,0,0,0,1j.csv
3321,0,0,0,1k.csv
3321,1,1,0,1l.csv
3321,0,0,0,1m.csv
3321,3,3,0,2a.csv
3321,2,2,0,2b.csv
3321,2,1,1,2c.csv
3321,0,0,0,2d.csv
3321,0,0,0,2e.csv
3321,0,0,0,2f.csv
3321,0,0,0,2g.csv
3321,4,3,1,2h.csv
3321,0,0,0,2i.csv
3321,0,0,0,2j.csv
3321,0,0,0,2k.csv
3321,0,0,0,2l.csv
3321,3,2,1,3a.csv
3321,9,6,3,3b.csv
3321,2,1,1,3c.csv
3321,2,1,1,3d.csv
3321,7,6,1,3e.csv
3321,15,15,0,3f.csv
3321,4,4,0,3g.csv
3322,3,0,3,1a.csv
3322,2,1,1,1b.csv
3322,3,3,0,1c.csv
3322,1,1,0,1e.csv
3322,1,1,0,1f.csv
3322,0,0,0,1g.csv
3322,0,0,0,1h.csv
3322,1,0,1,1i.csv
3322,0,0,0,1j.csv
3322,0,0,0,1k.csv
3322,1,1,0,1l.csv
3322,1,1,0,1m.csv
3322,3,3,0,2a.csv
3322,2,2,0,2b.csv
3322,1,1,0,2c.csv
3322,0,0,0,2d.csv
3322,0,0,0,2e.csv
3322,0,0,0,2f.csv
3322,0,0,0,2g.csv
3322,4,3,1,2h.csv
3322,0,0,0,2i.csv
3322,0,0,0,2j.csv
3322,0,0,0,2k.csv
3322,0,0,0,2l.csv
3322,4,3,1,3a.csv
3322,7,4,3,3b.csv
3322,1,0,1,3c.csv
3322,1,0,1,3d.csv
3322,7,7,0,3e.csv
3322,14,14,0,3f.csv
3322,2,2,0,3g.csv
3323,3,0,3,1a.csv
3323,2,1,1,1b.csv
3323,4,3,1,1c.csv
3323,1,1,0,1e.csv
3323,1,1,0,1f.csv
3323,1,1,0,1g.csv
3323,0,0,0,1h.csv
3323,1,0,1,1i.csv
3323,1,1,0,1j.csv
3323,0,0,0,1k.csv
3323,0,0,0,1l.csv
3323,1,1,0,1m.csv
3323,3,3,0,2a.csv
3323,2,2,0,2b.csv
3323,1,1,0,2c.csv
3323,0,0,0,2d.csv
3323,0,0,0,2e.csv
3323,0,0,0,2f.csv
3323,0,0,0,2g.csv
3323,4,4,0,2h.csv
3323,0,0,0,2i.csv
3323,0,0,0,2j.csv
3323,0,0,0,2k.csv
3323,0,0,0,2l.csv
3323,4,3,1,3a.csv
3323,8,4,4,3b.csv
3323,2,1,1,3c.csv
3323,2,1,1,3d.csv
3323,7,7,0,3e.csv
3323,17,17,0,3f.csv
3323,2,2,0,3g.csv
3324,3,0,3,1a.csv
3324,2,1,1,1b.csv
3324,3,2,1,1c.csv
3324,1,1,0,1e.csv
3324,1,1,0,1f.csv
3324,1,1,0,1g.csv
3324,0,0,0,1h.csv
3324,1,0,1,1i.csv
3324,1,1,0,1j.csv
3324,0,0,0,1k.csv
3324,0,0,0,1l.csv
3324,1,1,0,1m.csv
3324,3,3,0,2a.csv
3324,2,2,0,2b.csv
3324,1,1,0,2c.csv
3324,0,0,0,2d.csv
3324,0,0,0,2e.csv
3324,0,0,0,2f.csv
3324,0,0,0,2g.csv
3324,3,3,0,2h.csv
3324,0,0,0,2i.csv
3324,0,0,0,2j.csv
3324,0,0,0,2k.csv
3324,0,0,0,2l.csv
3324,4,3,1,3a.csv
3324,8,5,3,3b.csv
3324,2,1,1,3c.csv
3324,2,1,1,3d.csv
3324,6,6,0,3e.csv
3324,18,18,0,3f.csv
3324,3,3,0,3g.csv
3325,3,1,2,1a.csv
3325,2,2,0,1b.csv
3325,3,2,1,1c.csv
3325,2,1,1,1e.csv
3325,1,1,0,1f.csv
3325,1,1,0,1g.csv
3325,0,0,0,1h.csv
3325,1,0,1,1i.csv
3325,1,1,0,1j.csv
3325,0,0,0,1k.csv
3325,0,0,0,1l.csv
3325,1,1,0,1m.csv
3325,3,3,0,2a.csv
3325,2,2,0,2b.csv
3325,1,1,0,2c.csv
3325,0,0,0,2d.csv
3325,0,0,0,2e.csv
3325,0,0,0,2f.csv
3325,0,0,0,2g.csv
3325,3,3,0,2h.csv
3325,0,0,0,2i.csv
3325,0,0,0,2j.csv
3325,0,0,0,2k.csv
3325,0,0,0,2l.csv
3325,5,4,1,3a.csv
3325,8,5,3,3b.csv
3325,3,2,1,3c.csv
3325,3,2,1,3d.csv
3325,5,5,0,3e.csv
3325,19,19,0,3f.csv
3325,2,2,0,3g.csv
3326,4,2,2,1a.csv
3326,1,1,0,1b.csv
3326,3,2,1,1c.csv
3326,2,1,1,1e.csv
3326,1,1,0,1f.csv
3326,1,1,0,1g.csv
3326,0,0,0,1h.csv
3326,1,0,1,1i.csv
3326,1,1,0,1j.csv
3326,0,0,0,1k.csv
3326,0,0,0,1l.csv
3326,1,1,0,1m.csv
3326,3,3,0,2a.csv
3326,1,1,0,2b.csv
3326,0,0,0,2c.csv
3326,0,0,0,2d.csv
3326,0,0,0,2e.csv
3326,0,0,0,2f.csv
3326,0,0,0,2g.csv
3326,4,3,1,2h.csv
3326,0,0,0,2i.csv
3326,0,0,0,2j.csv
3326,0,0,0,2k.csv
3326,0,0,0,2l.csv
3326,3,3,0,3a.csv
3326,6,4,2,3b.csv
3326,4,3,1,3c.csv
3326,4,3,1,3d.csv
3326,6,5,1,3e.csv
3326,21,21,0,3f.csv
3326,1,1,0,3g.csv
3327,3,2,1,1a.csv
3327,1,1,0,1b.csv
3327,3,2,1,1c.csv
3327,2,1,1,1e.csv
3327,0,0,0,1f.csv
3327,1,1,0,1g.csv
3327,1,0,1,1h.csv
3327,1,0,1,1i.csv
3327,1,1,0,1j.csv
3327,0,0,0,1k.csv
3327,0,0,0,1l.csv
3327,1,1,0,1m.csv
3327,2,2,0,2a.csv
3327,1,1,0,2b.csv
3327,0,0,0,2c.csv
3327,0,0,0,2d.csv
3327,0,0,0,2e.csv
3327,0,0,0,2f.csv
3327,0,0,0,2g.csv
3327,3,2,1,2h.csv
3327,0,0,0,2i.csv
3327,0,0,0,2j.csv
3327,0,0,0,2k.csv
3327,1,1,0,2l.csv
3327,4,4,0,3a.csv
3327,5,3,2,3b.csv
3327,4,4,0,3c.csv
3327,4,4,0,3d.csv
3327,4,3,1,3e.csv
3327,25,25,0,3f.csv
3327,1,1,0,3g.csv
3328,3,3,0,1a.csv
3328,1,1,0,1b.csv
3328,2,1,1,1c.csv
3328,2,1,1,1e.csv
3328,0,0,0,1f.csv
3328,1,1,0,1g.csv
3328,2,1,1,1h.csv
3328,1,0,1,1i.csv
3328,1,1,0,1j.csv
3328,0,0,0,1k.csv
3328,1,0,1,1l.csv
3328,1,1,0,1m.csv
3328,1,1,0,2a.csv
3328,0,0,0,2b.csv
3328,0,0,0,2c.csv
3328,0,0,0,2d.csv
3328,0,0,0,2e.csv
3328,0,0,0,2f.csv
3328,0,0,0,2g.csv
3328,2,1,1,2h.csv
3328,0,0,0,2i.csv
3328,0,0,0,2j.csv
3328,0,0,0,2k.csv
3328,1,1,0,2l.csv
3328,4,4,0,3a.csv
3328,4,2,2,3b.csv
3328,4,4,0,3c.csv
3328,4,4,0,3d.csv
3328,4,3,1,3e.csv
3328,22,22,0,3f.csv
3328,1,1,0,3g.csv
3329,3,3,0,1a.csv
3329,1,1,0,1b.csv
3329,1,0,1,1c.csv
3329,2,1,1,1e.csv
3329,0,0,0,1f.csv
3329,1,1,0,1g.csv
3329,2,1,1,1h.csv
3329,1,0,1,1i.csv
3329,1,1,0,1j.csv
3329,0,0,0,1k.csv
3329,1,0,1,1l.csv
3329,1,1,0,1m.csv
3329,2,2,0,2a.csv
3329,1,0,1,2b.csv
3329,0,0,0,2c.csv
3329,0,0,0,2d.csv
3329,0,0,0,2e.csv
3329,0,0,0,2f.csv
3329,0,0,0,2g.csv
3329,2,1,1,2h.csv
3329,1,1,0,2i.csv
3329,0,0,0,2j.csv
3329,0,0,0,2k.csv
3329,1,1,0,2l.csv
3329,4,3,1,3a.csv
3329,4,2,2,3b.csv
3329,4,4,0,3c.csv
3329,4,4,0,3d.csv
3329,3,2,1,3e.csv
3329,19,19,0,3f.csv
3329,2,2,0,3g.csv
3330,3,3,0,1a.csv
3330,1,1,0,1b.csv
3330,1,0,1,1c.csv
3330,3,2,1,1e.csv
3330,0,0,0,1f.csv
3330,1,1,0,1g.csv
3330,2,1,1,1h.csv
3330,0,0,0,1i.csv
3330,1,1,0,1j.csv
3330,0,0,0,1k.csv
3330,1,0,1,1l.csv
3330,0,0,0,1m.csv
3330,2,2,0,2a.csv
3330,2,1,1,2b.csv
3330,0,0,0,2c.csv
3330,0,0,0,2d.csv
3330,0,0,0,2e.csv
3330,0,0,0,2f.csv
3330,0,0,0,2g.csv
3330,2,1,1,2h.csv
3330,1,1,0,2i.csv
3330,0,0,0,2j.csv
3330,0,0,0,2k.csv
3330,1,1,0,2l.csv
3330,3,2,1,3a.csv
3330,3,2,1,3b.csv
3330,4,4,0,3c.csv
3330,4,4,0,3d.csv
3330,3,1,2,3e.csv
3330,22,22,0,3f.csv
3330,2,2,0,3g.csv
3331,3,3,0,1a.csv
3331,1,1,0,1b.csv
3331,0,0,0,1c.csv
3331,3,1,2,1e.csv
3331,0,0,0,1f.csv
3331,1,1,0,1g.csv
3331,3,2,1,1h.csv
3331,0,0,0,1i.csv
3331,0,0,0,1j.csv
3331,0,0,0,1k.csv
3331,1,0,1,1l.csv
3331,0,0,0,1m.csv
3331,2,2,0,2a.csv
3331,2,1,1,2b.csv
3331,0,0,0,2c.csv
3331,0,0,0,2d.csv
3331,0,0,0,2e.csv
3331,0,0,0,2f.csv
3331,0,0,0,2g.csv
3331,1,0,1,2h.csv
3331,1,1,0,2i.csv
3331,0,0,0,2j.csv
3331,0,0,0,2k.csv
3331,1,1,0,2l.csv
3331,3,2,1,3a.csv
3331,3,3,0,3b.csv
3331,3,3,0,3c.csv
3331,3,3,0,3d.csv
3331,3,1,2,3e.csv
3331,19,19,0,3f.csv
3331,2,2,0,3g.csv
3332,3,3,0,1a.csv
3332,1,1,0,1b.csv
3332,0,0,0,1c.csv
3332,3,1,2,1e.csv
3332,0,0,0,1f.csv
3332,1,1,0,1g.csv
3332,3,2,1,1h.csv
3332,0,0,0,1i.csv
3332,0,0,0,1j.csv
3332,0,0,0,1k.csv
3332,2,0,2,1l.csv
3332,0,0,0,1m.csv
3332,1,1,0,2a.csv
3332,2,1,1,2b.csv
3332,0,0,0,2c.csv
3332,0,0,0,2d.csv
3332,0,0,0,2e.csv
3332,0,0,0,2f.csv
3332,0,0,0,2g.csv
3332,1,0,1,2h.csv
3332,1,1,0,2i.csv
3332,0,0,0,2j.csv
3332,0,0,0,2k.csv
3332,1,1,0,2l.csv
3332,3,2,1,3a.csv
3332,3,3,0,3b.csv
3332,3,3,0,3c.csv
3332,3,3,0,3d.csv
3332,3,1,2,3e.csv
3332,18,18,0,3f.csv
3332,2,2,0,3g.csv
3333,2,2,0,1a.csv
3333,0,0,0,1b.csv
3333,0,0,0,1c.csv
3333,2,1,1,1e.csv
3333,0,0,0,1f.csv
3333,1,1,0,1g.csv
3333,4,3,1,1h.csv
3333,0,0,0,1i.csv
3333,0,0,0,1j.csv
3333,0,0,0,1k.csv
3333,2,0,2,1l.csv
3333,0,0,0,1m.csv
3333,1,1,0,2a.csv
3333,3,2,1,2b.csv
3333,1,1,0,2c.csv
3333,0,0,0,2d.csv
3333,0,0,0,2e.csv
3333,0,0,0,2f.csv
3333,0,0,0,2g.csv
3333,1,0,1,2h.csv
3333,1,1,0,2i.csv
3333,0,0,0,2j.csv
3333,0,0,0,2k.csv
3333,1,1,0,2l.csv
3333,2,1,1,3a.csv
3333,2,2,0,3b.csv
3333,3,3,0,3c.csv
3333,3,3,0,3d.csv
3333,3,1,2,3e.csv
3333,19,18,1,3f.csv
3333,2,2,0,3g.csv
3334,1,1,0,1a.csv
3334,0,0,0,1b.csv
3334,0,0,0,1c.csv
3334,2,1,1,1e.csv
3334,0,0,0,1f.csv
3334,3,3,0,1g.csv
3334,5,4,1,1h.csv
3334,0,0,0,1i.csv
3334,0,0,0,1j.csv
3334,0,0,0,1k.csv
3334,3,0,3,1l.csv
3334,0,0,0,1m.csv
3334,1,1,0,2a.csv
3334,4,3,1,2b.csv
3334,1,1,0,2c.csv
3334,0,0,0,2d.csv
3334,0,0,0,2e.csv
3334,0,0,0,2f.csv
3334,0,0,0,2g.csv
3334,0,0,0,2h.csv
3334,1,1,0,2i.csv
3334,0,0,0,2j.csv
3334,0,0,0,2k.csv
3334,1,1,0,2l.csv
3334,2,1,1,3a.csv
3334,2,2,0,3b.csv
3334,2,2,0,3c.csv
3334,2,2,0,3d.csv
3334,2,1,1,3e.csv
3334,19,18,1,3f.csv
3334,2,2,0,3g.csv
3335,1,1,0,1a.csv
3335,0,0,0,1b.csv
3335,0,0,0,1c.csv
3335,2,1,1,1e.csv
3335,0,0,0,1f.csv
3335,4,4,0,1g.csv
3335,4,4,0,1h.csv
3335,0,0,0,1i.csv
3335,0,0,0,1j.csv
3335,0,0,0,1k.csv
3335,4,1,3,1l.csv
3335,0,0,0,1m.csv
3335,1,1,0,2a.csv
3335,4,3,1,2b.csv
3335,1,1,0,2c.csv
3335,0,0,0,2d.csv
3335,0,0,0,2e.csv
3335,0,0,0,2f.csv
3335,0,0,0,2g.csv
3335,0,0,0,2h.csv
3335,1,1,0,2i.csv
3335,0,0,0,2j.csv
3335,0,0,0,2k.csv
3335,0,0,0,2l.csv
3335,1,0,1,3a.csv
3335,2,2,0,3b.csv
3335,2,2,0,3c.csv
3335,2,2,0,3d.csv
3335,2,1,1,3e.csv
3335,15,13,2,3f.csv
3335,4,3,1,3g.csv
3336,0,0,0,1a.csv
3336,0,0,0,1b.csv
3336,1,1,0,1c.csv
3336,2,1,1,1e.csv
3336,0,0,0,1f.csv
3336,5,5,0,1g.csv
3336,3,3,0,1h.csv
3336,0,0,0,1i.csv
3336,0,0,0,1j.csv
3336,1,1,0,1k.csv
3336,3,1,2,1l.csv
3336,0,0,0,1m.csv
3336,1,1,0,2a.csv
3336,5,4,1,2b.csv
3336,1,1,0,2c.csv
3336,0,0,0,2d.csv
3336,0,0,0,2e.csv
3336,0,0,0,2f.csv
3336,0,0,0,2g.csv
3336,0,0,0,2h.csv
3336,1,1,0,2i.csv
3336,0,0,0,2j.csv
3336,0,0,0,2k.csv
3336,0,0,0,2l.csv
3336,2,1,1,3a.csv
3336,2,2,0,3b.csv
3336,2,2,0,3c.csv
3336,2,2,0,3d.csv
3336,2,1,1,3e.csv
3336,15,12,3,3f.csv
3336,4,3,1,3g.csv
3337,1,0,1,1a.csv
3337,0,0,0,1b.csv
3337,1,1,0,1c.csv
3337,2,1,1,1e.csv
3337,0,0,0,1f.csv
3337,5,5,0,1g.csv
3337,4,4,0,1h.csv
3337,0,0,0,1i.csv
3337,0,0,0,1j.csv
3337,1,1,0,1k.csv
3337,3,1,2,1l.csv
3337,0,0,0,1m.csv
3337,1,1,0,2a.csv
3337,4,4,0,2b.csv
3337,1,1,0,2c.csv
3337,0,0,0,2d.csv
3337,0,0,0,2e.csv
3337,0,0,0,2f.csv
3337,0,0,0,2g.csv
3337,0,0,0,2h.csv
3337,0,0,0,2i.csv
3337,0,0,0,2j.csv
3337,0,0,0,2k.csv
3337,0,0,0,2l.csv
3337,1,1,0,3a.csv
3337,2,2,0,3b.csv
3337,2,2,0,3c.csv
3337,2,2,0,3d.csv
3337,1,0,1,3e.csv
3337,18,15,3,3f.csv
3337,3,2,1,3g.csv
3338,1,0,1,1a.csv
3338,0,0,0,1b.csv
3338,1,1,0,1c.csv
3338,1,0,1,1e.csv
3338,1,1,0,1f.csv
3338,6,6,0,1g.csv
3338,4,4,0,1h.csv
3338,0,0,0,1i.csv
3338,0,0,0,1j.csv
3338,1,1,0,1k.csv
3338,3,1,2,1l.csv
3338,0,0,0,1m.csv
3338,1,1,0,2a.csv
3338,3,3,0,2b.csv
3338,1,1,0,2c.csv
3338,0,0,0,2d.csv
3338,0,0,0,2e.csv
3338,0,0,0,2f.csv
3338,0,0,0,2g.csv
3338,0,0,0,2h.csv
3338,0,0,0,2i.csv
3338,0,0,0,2j.csv
3338,0,0,0,2k.csv
3338,0,0,0,2l.csv
3338,1,1,0,3a.csv
3338,2,2,0,3b.csv
3338,2,2,0,3c.csv
3338,2,2,0,3d.csv
3338,1,1,0,3e.csv
3338,16,13,3,3f.csv
3338,3,2,1,3g.csv
3339,2,0,2,1a.csv
3339,0,0,0,1b.csv
3339,1,1,0,1c.csv
3339,0,0,0,1e.csv
3339,1,1,0,1f.csv
3339,5,5,0,1g.csv
3339,3,3,0,1h.csv
3339,0,0,0,1i.csv
3339,0,0,0,1j.csv
3339,1,1,0,1k.csv
3339,3,1,2,1l.csv
3339,0,0,0,1m.csv
3339,1,1,0,2a.csv
3339,4,4,0,2b.csv
3339,1,1,0,2c.csv
3339,0,0,0,2d.csv
3339,0,0,0,2e.csv
3339,0,0,0,2f.csv
3339,0,0,0,2g.csv
3339,0,0,0,2h.csv
3339,0,0,0,2i.csv
3339,0,0,0,2j.csv
3339,0,0,0,2k.csv
3339,0,0,0,2l.csv
3339,1,1,0,3a.csv
3339,2,2,0,3b.csv
3339,2,2,0,3c.csv
3339,2,2,0,3d.csv
3339,2,2,0,3e.csv
3339,15,12,3,3f.csv
3339,3,2,1,3g.csv
3340,2,0,2,1a.csv
3340,0,0,0,1b.csv
3340,2,1,1,1c.csv
3340,0,0,0,1e.csv
3340,2,2,0,1f.csv
3340,5,5,0,1g.csv
3340,3,3,0,1h.csv
3340,0,0,0,1i.csv
3340,1,1,0,1j.csv
3340,1,1,0,1k.csv
3340,3,1,2,1l.csv
3340,0,0,0,1m.csv
3340,1,1,0,2a.csv
3340,4,4,0,2b.csv
3340,1,1,0,2c.csv
3340,0,0,0,2d.csv
3340,0,0,0,2e.csv
3340,0,0,0,2f.csv
3340,0,0,0,2g.csv
3340,0,0,0,2h.csv
3340,0,0,0,2i.csv
3340,0,0,0,2j.csv
3340,0,0,0,2k.csv
3340,0,0,0,2l.csv
3340,3,3,0,3a.csv
3340,1,1,0,3b.csv
3340,3,3,0,3c.csv
3340,3,3,0,3d.csv
3340,2,2,0,3e.csv
3340,16,13,3,3f.csv
3340,3,2,1,3g.csv
3341,3,1,2,1a.csv
3341,2,2,0,1b.csv
3341,2,1,1,1c.csv
3341,0,0,0,1e.csv
3341,2,2,0,1f.csv
3341,7,7,0,1g.csv
3341,2,2,0,1h.csv
3341,0,0,0,1i.csv
3341,1,1,0,1j.csv
3341,1,1,0,1k.csv
3341,3,1,2,1l.csv
3341,0,0,0,1m.csv
3341,1,1,0,2a.csv
3341,3,3,0,2b.csv
3341,0,0,0,2c.csv
3341,0,0,0,2d.csv
3341,0,0,0,2e.csv
3341,0,0,0,2f.csv
3341,0,0,0,2g.csv
3341,0,0,0,2h.csv
3341,0,0,0,2i.csv
3341,0,0,0,2j.csv
3341,0,0,0,2k.csv
3341,0,0,0,2l.csv
3341,4,4,0,3a.csv
3341,1,1,0,3b.csv
3341,2,2,0,3c.csv
3341,2,2,0,3d.csv
3341,2,2,0,3e.csv
3341,16,14,2,3f.csv
3341,3,2,1,3g.csv
3342,3,1,2,1a.csv
3342,2,2,0,1b.csv
3342,2,1,1,1c.csv
3342,0,0,0,1e.csv
3342,2,2,0,1f.csv
3342,5,5,0,1g.csv
3342,1,1,0,1h.csv
3342,0,0,0,1i.csv
3342,1,1,0,1j.csv
3342,1,1,0,1k.csv
3342,2,1,1,1l.csv
3342,0,0,0,1m.csv
3342,1,1,0,2a.csv
3342,2,2,0,2b.csv
3342,0,0,0,2c.csv
3342,1,1,0,2d.csv
3342,0,0,0,2e.csv
3342,0,0,0,2f.csv
3342,0,0,0,2g.csv
3342,0,0,0,2h.csv
3342,0,0,0,2i.csv
3342,0,0,0,2j.csv
3342,0,0,0,2k.csv
3342,0,0,0,2l.csv
3342,4,4,0,3a.csv
3342,1,1,0,3b.csv
3342,2,2,0,3c.csv
3342,2,2,0,3d.csv
3342,2,2,0,3e.csv
3342,13,11,2,3f.csv
3342,3,2,1,3g.csv
3343,3,1,2,1a.csv
3343,2,2,0,1b.csv
3343,2,1,1,1c.csv
3343,0,0,0,1e.csv
3343,2,2,0,1f.csv
3343,6,6,0,1g.csv
3343,1,1,0,1h.csv
3343,0,0,0,1i.csv
3343,1,1,0,1j.csv
3343,2,1,1,1k.csv
3343,1,0,1,1l.csv
3343,0,0,0,1m.csv
3343,1,1,0,2a.csv
3343,2,2,0,2b.csv
3343,0,0,0,2c.csv
3343,1,1,0,2d.csv
3343,0,0,0,2e.csv
3343,0,0,0,2f.csv
3343,0,0,0,2g.csv
3343,0,0,0,2h.csv
3343,0,0,0,2i.csv
3343,0,0,0,2j.csv
3343,0,0,0,2k.csv
3343,0,0,0,2l.csv
3343,5,5,0,3a.csv
3343,1,1,0,3b.csv
3343,1,1,0,3c.csv
3343,1,1,0,3d.csv
3343,2,2,0,3e.csv
3343,13,12,1,3f.csv
3343,1,1,0,3g.csv
3344,4,2,2,1a.csv
3344,2,2,0,1b.csv
3344,1,0,1,1c.csv
3344,0,0,0,1e.csv
3344,2,2,0,1f.csv
3344,6,6,0,1g.csv
3344,1,1,0,1h.csv
3344,0,0,0,1i.csv
3344,1,1,0,1j.csv
3344,1,0,1,1k.csv
3344,1,0,1,1l.csv
3344,0,0,0,1m.csv
3344,1,1,0,2a.csv
3344,2,2,0,2b.csv
3344,0,0,0,2c.csv
3344,1,1,0,2d.csv
3344,0,0,0,2e.csv
3344,0,0,0,2f.csv
3344,1,0,1,2g.csv
3344,0,0,0,2h.csv
3344,0,0,0,2i.csv
3344,0,0,0,2j.csv
3344,0,0,0,2k.csv
3344,0,0,0,2l.csv
3344,4,4,0,3a.csv
3344,1,1,0,3b.csv
3344,1,1,0,3c.csv
3344,1,1,0,3d.csv
3344,2,2,0,3e.csv
3344,16,16,0,3f.csv
3344,2,2,0,3g.csv
3345,3,2,1,1a.csv
3345,3,3,0,1b.csv
3345,1,0,1,1c.csv
3345,0,0,0,1e.csv
3345,3,3,0,1f.csv
3345,6,6,0,1g.csv
3345,0,0,0,1h.csv
3345,0,0,0,1i.csv
3345,1,1,0,1j.csv
3345,1,0,1,1k.csv
3345,1,0,1,1l.csv
3345,0,0,0,1m.csv
3345,0,0,0,2a.csv
3345,2,2,0,2b.csv
3345,0,0,0,2c.csv
3345,1,1,0,2d.csv
3345,0,0,0,2e.csv
3345,0,0,0,2f.csv
3345,1,0,1,2g.csv
3345,0,0,0,2h.csv
3345,0,0,0,2i.csv
3345,0,0,0,2j.csv
3345,0,0,0,2k.csv
3345,0,0,0,2l.csv
3345,5,5,0,3a.csv
3345,1,1,0,3b.csv
3345,1,1,0,3c.csv
3345,1,1,0,3d.csv
3345,2,2,0,3e.csv
3345,13,13,0,3f.csv
3345,2,2,0,3g.csv
3346,4,3,1,1a.csv
3346,3,3,0,1b.csv
3346,1,0,1,1c.csv
3346,0,0,0,1e.csv
3346,2,2,0,1f.csv
3346,5,5,0,1g.csv
3346,0,0,0,1h.csv
3346,0,0,0,1i.csv
3346,1,1,0,1j.csv
3346,1,0,1,1k.csv
3346,1,0,1,1l.csv
3346,0,0,0,1m.csv
3346,0,0,0,2a.csv
3346,2,2,0,2b.csv
3346,0,0,0,2c.csv
3346,1,1,0,2d.csv
3346,0,0,0,2e.csv
3346,0,0,0,2f.csv
3346,1,0,1,2g.csv
3346,0,0,0,2h.csv
3346,0,0,0,2i.csv
3346,0,0,0,2j.csv
3346,0,0,0,2k.csv
3346,0,0,0,2l.csv
3346,6,6,0,3a.csv
3346,1,1,0,3b.csv
3346,1,1,0,3c.csv
3346,1,1,0,3d.csv
3346,1,1,0,3e.csv
3346,11,11,0,3f.csv
3346,2,2,0,3g.csv
3347,3,3,0,1a.csv
3347,3,3,0,1b.csv
3347,2,0,2,1c.csv
3347,0,0,0,1e.csv
3347,2,2,0,1f.csv
3347,5,5,0,1g.csv
3347,0,0,0,1h.csv
3347,0,0,0,1i.csv
3347,2,2,0,1j.csv
3347,1,0,1,1k.csv
3347,1,0,1,1l.csv
3347,0,0,0,1m.csv
3347,0,0,0,2a.csv
3347,1,1,0,2b.csv
3347,0,0,0,2c.csv
3347,1,1,0,2d.csv
3347,0,0,0,2e.csv
3347,1,1,0,2f.csv
3347,1,0,1,2g.csv
3347,0,0,0,2h.csv
3347,0,0,0,2i.csv
3347,0,0,0,2j.csv
3347,0,0,0,2k.csv
3347,0,0,0,2l.csv
3347,6,6,0,3a.csv
3347,0,0,0,3b.csv
3347,1,1,0,3c.csv
3347,1,1,0,3d.csv
3347,0,0,0,3e.csv
3347,13,13,0,3f.csv
3347,2,2,0,3g.csv
3348,3,3,0,1a.csv
3348,3,3,0,1b.csv
3348,1,0,1,1c.csv
3348,0,0,0,1e.csv
3348,1,1,0,1f.csv
3348,5,5,0,1g.csv
3348,0,0,0,1h.csv
3348,0,0,0,1i.csv
3348,1,1,0,1j.csv
3348,1,0,1,1k.csv
3348,0,0,0,1l.csv
3348,0,0,0,1m.csv
3348,0,0,0,2a.csv
3348,1,1,0,2b.csv
3348,0,0,0,2c.csv
3348,1,1,0,2d.csv
3348,0,0,0,2e.csv
3348,1,1,0,2f.csv
3348,1,0,1,2g.csv
3348,0,0,0,2h.csv
3348,0,0,0,2i.csv
3348,0,0,0,2j.csv
3348,0,0,0,2k.csv
3348,0,0,0,2l.csv
3348,5,5,0,3a.csv
3348,0,0,0,3b.csv
3348,0,0,0,3c.csv
3348,0,0,0,3d.csv
3348,0,0,0,3e.csv
3348,15,14,1,3f.csv
3348,2,2,0,3g.csv
3349,2,2,0,1a.csv
3349,1,1,0,1b.csv
3349,1,0,1,1c.csv
3349,0,0,0,1e.csv
3349,2,2,0,1f.csv
3349,3,3,0,1g.csv
3349,0,0,0,1h.csv
3349,0,0,0,1i.csv
3349,1,1,0,1j.csv
3349,1,0,1,1k.csv
3349,0,0,0,1l.csv
3349,0,0,0,1m.csv
3349,0,0,0,2a.csv
3349,2,1,1,2b.csv
3349,0,0,0,2c.csv
3349,1,1,0,2d.csv
3349,0,0,0,2e.csv
3349,1,1,0,2f.csv
3349,1,0,1,2g.csv
3349,0,0,0,2h.csv
3349,0,0,0,2i.csv
3349,0,0,0,2j.csv
3349,0,0,0,2k.csv
3349,0,0,0,2l.csv
3349,4,4,0,3a.csv
3349,0,0,0,3b.csv
3349,0,0,0,3c.csv
3349,0,0,0,3d.csv
3349,0,0,0,3e.csv
3349,13,12,1,3f.csv
3349,3,3,0,3g.csv
3350,2,2,0,1a.csv
3350,1,1,0,1b.csv
3350,2,0,2,1c.csv
3350,0,0,0,1e.csv
3350,2,2,0,1f.csv
3350,3,3,0,1g.csv
3350,0,0,0,1h.csv
3350,0,0,0,1i.csv
3350,1,1,0,1j.csv
3350,1,0,1,1k.csv
3350,0,0,0,1l.csv
3350,0,0,0,1m.csv
3350,0,0,0,2a.csv
3350,2,1,1,2b.csv
3350,0,0,0,2c.csv
3350,0,0,0,2d.csv
3350,0,0,0,2e.csv
3350,1,1,0,2f.csv
3350,1,0,1,2g.csv
3350,0,0,0,2h.csv
3350,0,0,0,2i.csv
3350,0,0,0,2j.csv
3350,0,0,0,2k.csv
3350,0,0,0,2l.csv
3350,5,5,0,3a.csv
3350,2,1,1,3b.csv
3350,0,0,0,3c.csv
3350,0,0,0,3d.csv
3350,1,1,0,3e.csv
3350,12,11,1,3f.csv
3350,3,3,0,3g.csv
3351,3,2,1,1a.csv
3351,1,1,0,1b.csv
3351,2,0,2,1c.csv
3351,0,0,0,1e.csv
3351,2,2,0,1f.csv
3351,2,2,0,1g.csv
3351,1,1,0,1h.csv
3351,0,0,0,1i.csv
3351,1,1,0,1j.csv
3351,0,0,0,1k.csv
3351,0,0,0,1l.csv
3351,0,0,0,1m.csv
3351,0,0,0,2a.csv
3351,2,1,1,2b.csv
3351,0,0,0,2c.csv
3351,0,0,0,2d.csv
3351,0,0,0,2e.csv
3351,1,1,0,2f.csv
3351,1,0,1,2g.csv
3351,0,0,0,2h.csv
3351,0,0,0,2i.csv
3351,0,0,0,2j.csv
3351,0,0,0,2k.csv
3351,0,0,0,2l.csv
3351,4,4,0,3a.csv
3351,4,3,1,3b.csv
3351,0,0,0,3c.csv
3351,0,0,0,3d.csv
3351,1,1,0,3e.csv
3351,11,10,1,3f.csv
3351,3,3,0,3g.csv
3352,2,1,1,1a.csv
3352,1,1,0,1b.csv
3352,2,0,2,1c.csv
3352,0,0,0,1e.csv
3352,2,2,0,1f.csv
3352,1,1,0,1g.csv
3352,1,1,0,1h.csv
3352,0,0,0,1i.csv
3352,1,1,0,1j.csv
3352,0,0,0,1k.csv
3352,1,1,0,1l.csv
3352,0,0,0,1m.csv
3352,0,0,0,2a.csv
3352,1,0,1,2b.csv
3352,0,0,0,2c.csv
3352,0,0,0,2d.csv
3352,0,0,0,2e.csv
3352,1,1,0,2f.csv
3352,0,0,0,2g.csv
3352,0,0,0,2h.csv
3352,0,0,0,2i.csv
3352,0,0,0,2j.csv
3352,0,0,0,2k.csv
3352,0,0,0,2l.csv
3352,5,5,0,3a.csv
3352,4,3,1,3b.csv
3352,0,0,0,3c.csv
3352,0,0,0,3d.csv
3352,1,1,0,3e.csv
3352,8,7,1,3f.csv
3352,2,2,0,3g.csv
3353,2,1,1,1a.csv
3353,1,0,1,1b.csv
3353,2,0,2,1c.csv
3353,0,0,0,1e.csv
3353,1,1,0,1f.csv
3353,1,1,0,1g.csv
3353,1,1,0,1h.csv
3353,0,0,0,1i.csv
3353,1,1,0,1j.csv
3353,0,0,0,1k.csv
3353,2,1,1,1l.csv
3353,0,0,0,1m.csv
3353,0,0,0,2a.csv
3353,1,0,1,2b.csv
3353,0,0,0,2c.csv
3353,0,0,0,2d.csv
3353,0,0,0,2e.csv
3353,2,2,0,2f.csv
3353,0,0,0,2g.csv
3353,0,0,0,2h.csv
3353,0,0,0,2i.csv
3353,0,0,0,2j.csv
3353,0,0,0,2k.csv
3353,0,0,0,2l.csv
3353,4,4,0,3a.csv
3353,4,3,1,3b.csv
3353,0,0,0,3c.csv
3353,0,0,0,3d.csv
3353,3,3,0,3e.csv
3353,8,7,1,3f.csv
3353,2,2,0,3g.csv
3354,1,0,1,1a.csv
3354,1,0,1,1b.csv
3354,2,0,2,1c.csv
3354,0,0,0,1e.csv
3354,2,1,1,1f.csv
3354,1,1,0,1g.csv
3354,1,1,0,1h.csv
3354,0,0,0,1i.csv
3354,1,1,0,1j.csv
3354,0,0,0,1k.csv
3354,2,1,1,1l.csv
3354,0,0,0,1m.csv
3354,0,0,0,2a.csv
3354,2,0,2,2b.csv
3354,0,0,0,2c.csv
3354,0,0,0,2d.csv
3354,0,0,0,2e.csv
3354,5,4,1,2f.csv
3354,0,0,0,2g.csv
3354,0,0,0,2h.csv
3354,0,0,0,2i.csv
3354,0,0,0,2j.csv
3354,0,0,0,2k.csv
3354,0,0,0,2l.csv
3354,3,3,0,3a.csv
3354,4,3,1,3b.csv
3354,0,0,0,3c.csv
3354,0,0,0,3d.csv
3354,4,4,0,3e.csv
3354,9,8,1,3f.csv
3354,2,2,0,3g.csv
3355,1,0,1,1a.csv
3355,1,0,1,1b.csv
3355,1,0,1,1c.csv
3355,0,0,0,1e.csv
3355,2,1,1,1f.csv
3355,2,2,0,1g.csv
3355,1,1,0,1h.csv
3355,0,0,0,1i.csv
3355,0,0,0,1j.csv
3355,0,0,0,1k.csv
3355,2,1,1,1l.csv
3355,0,0,0,1m.csv
3355,0,0,0,2a.csv
3355,2,0,2,2b.csv
3355,0,0,0,2c.csv
3355,0,0,0,2d.csv
3355,0,0,0,2e.csv
3355,4,3,1,2f.csv
3355,0,0,0,2g.csv
3355,0,0,0,2h.csv
3355,0,0,0,2i.csv
3355,0,0,0,2j.csv
3355,0,0,0,2k.csv
3355,0,0,0,2l.csv
3355,3,3,0,3a.csv
3355,4,3,1,3b.csv
3355,0,0,0,3c.csv
3355,0,0,0,3d.csv
3355,4,4,0,3e.csv
3355,8,6,2,3f.csv
3355,3,2,1,3g.csv
3356,1,0,1,1a.csv
3356,1,0,1,1b.csv
3356,1,0,1,1c.csv
3356,0,0,0,1e.csv
3356,2,1,1,1f.csv
3356,2,2,0,1g.csv
3356,1,1,0,1h.csv
3356,0,0,0,1i.csv
3356,0,0,0,1j.csv
3356,0,0,0,1k.csv
3356,5,4,1,1l.csv
3356,0,0,0,1m.csv
3356,0,0,0,2a.csv
3356,2,0,2,2b.csv
3356,0,0,0,2c.csv
3356,0,0,0,2d.csv
3356,0,0,0,2e.csv
3356,4,3,1,2f.csv
3356,0,0,0,2g.csv
3356,0,0,0,2h.csv
3356,0,0,0,2i.csv
3356,0,0,0,2j.csv
3356,0,0,0,2k.csv
3356,0,0,0,2l.csv
3356,2,2,0,3a.csv
3356,4,3,1,3b.csv
3356,0,0,0,3c.csv
3356,0,0,0,3d.csv
3356,4,4,0,3e.csv
3356,5,4,1,3f.csv
3356,2,1,1,3g.csv
3357,1,0,1,1a.csv
3357,1,0,1,1b.csv
3357,1,0,1,1c.csv
3357,0,0,0,1e.csv
3357,1,0,1,1f.csv
3357,2,2,0,1g.csv
3357,2,2,0,1h.csv
3357,0,0,0,1i.csv
3357,0,0,0,1j.csv
3357,0,0,0,1k.csv
3357,6,4,2,1l.csv
3357,0,0,0,1m.csv
3357,0,0,0,2a.csv
3357,1,0,1,2b.csv
3357,0,0,0,2c.csv
3357,0,0,0,2d.csv
3357,0,0,0,2e.csv
3357,4,3,1,2f.csv
3357,0,0,0,2g.csv
3357,0,0,0,2h.csv
3357,0,0,0,2i.csv
3357,0,0,0,2j.csv
3357,0,0,0,2k.csv
3357,0,0,0,2l.csv
3357,2,2,0,3a.csv
3357,5,4,1,3b.csv
3357,0,0,0,3c.csv
3357,0,0,0,3d.csv
3357,5,4,1,3e.csv
3357,5,4,1,3f.csv
3357,2,0,2,3g.csv
3358,1,0,1,1a.csv
3358,1,0,1,1b.csv
3358,1,1,0,1c.csv
3358,0,0,0,1e.csv
3358,1,0,1,1f.csv
3358,3,3,0,1g.csv
3358,2,2,0,1h.csv
3358,0,0,0,1i.csv
3358,0,0,0,1j.csv
3358,0,0,0,1k.csv
3358,7,5,2,1l.csv
3358,0,0,0,1m.csv
3358,0,0,0,2a.csv
3358,2,1,1,2b.csv
3358,0,0,0,2c.csv
3358,0,0,0,2d.csv
3358,0,0,0,2e.csv
3358,4,3,1,2f.csv
3358,0,0,0,2g.csv
3358,0,0,0,2h.csv
3358,0,0,0,2i.csv
3358,0,0,0,2j.csv
3358,0,0,0,2k.csv
3358,0,0,0,2l.csv
3358,1,1,0,3a.csv
3358,3,3,0,3b.csv
3358,0,0,0,3c.csv
3358,0,0,0,3d.csv
3358,4,3,1,3e.csv
3358,6,5,1,3f.csv
3358,2,0,2,3g.csv
3359,0,0,0,1a.csv
3359,1,0,1,1b.csv
3359,1,1,0,1c.csv
3359,0,0,0,1e.csv
3359,1,0,1,1f.csv
3359,2,2,0,1g.csv
3359,1,1,0,1h.csv
3359,0,0,0,1i.csv
3359,0,0,0,1j.csv
3359,0,0,0,1k.csv
3359,8,6,2,1l.csv
3359,0,0,0,1m.csv
3359,0,0,0,2a.csv
3359,2,1,1,2b.csv
3359,0,0,0,2c.csv
3359,0,0,0,2d.csv
3359,0,0,0,2e.csv
3359,4,3,1,2f.csv
3359,0,0,0,2g.csv
3359,0,0,0,2h.csv
3359,0,0,0,2i.csv
3359,0,0,0,2j.csv
3359,0,0,0,2k.csv
3359,0,0,0,2l.csv
3359,1,1,0,3a.csv
3359,1,1,0,3b.csv
3359,0,0,0,3c.csv
3359,0,0,0,3d.csv
3359,4,3,1,3e.csv
3359,6,5,1,3f.csv
3359,3,0,3,3g.csv
3360,0,0,0,1a.csv
3360,1,0,1,1b.csv
3360,1,1,0,1c.csv
3360,0,0,0,1e.csv
3360,1,0,1,1f.csv
3360,2,2,0,1g.csv
3360,1,1,0,1h.csv
3360,0,0,0,1i.csv
3360,0,0,0,1j.csv
3360,1,0,1,1k.csv
3360,8,6,2,1l.csv
3360,0,0,0,1m.csv
3360,0,0,0,2a.csv
3360,3,2,1,2b.csv
3360,0,0,0,2c.csv
3360,0,0,0,2d.csv
3360,0,0,0,2e.csv
3360,4,3,1,2f.csv
3360,0,0,0,2g.csv
3360,0,0,0,2h.csv
3360,0,0,0,2i.csv
3360,0,0,0,2j.csv
3360,0,0,0,2k.csv
3360,0,0,0,2l.csv
3360,3,3,0,3a.csv
3360,2,2,0,3b.csv
3360,0,0,0,3c.csv
3360,0,0,0,3d.csv
3360,4,3,1,3e.csv
3360,5,4,1,3f.csv
3360,4,0,4,3g.csv
3361,0,0,0,1a.csv
3361,0,0,0,1b.csv
3361,1,1,0,1c.csv
3361,0,0,0,1e.csv
3361,2,1,1,1f.csv
3361,3,3,0,1g.csv
3361,1,1,0,1h.csv
3361,0,0,0,1i.csv
3361,0,0,0,1j.csv
3361,2,1,1,1k.csv
3361,7,6,1,1l.csv
3361,0,0,0,1m.csv
3361,0,0,0,2a.csv
3361,3,2,1,2b.csv
3361,0,0,0,2c.csv
3361,0,0,0,2d.csv
3361,0,0,0,2e.csv
3361,3,2,1,2f.csv
3361,0,0,0,2g.csv
3361,0,0,0,2h.csv
3361,0,0,0,2i.csv
3361,0,0,0,2j.csv
3361,0,0,0,2k.csv
3361,0,0,0,2l.csv
3361,3,3,0,3a.csv
3361,2,2,0,3b.csv
3361,0,0,0,3c.csv
3361,0,0,0,3d.csv
3361,2,1,1,3e.csv
3361,7,6,1,3f.csv
3361,4,0,4,3g.csv
3362,1,1,0,1a.csv
3362,0,0,0,1b.csv
3362,2,1,1,1c.csv
3362,0,0,0,1e.csv
3362,2,2,0,1f.csv
3362,3,3,0,1g.csv
3362,1,1,0,1h.csv
3362,0,0,0,1i.csv
3362,0,0,0,1j.csv
3362,2,1,1,1k.csv
3362,8,7,1,1l.csv
3362,0,0,0,1m.csv
3362,0,0,0,2a.csv
3362,2,2,0,2b.csv
3362,0,0,0,2c.csv
3362,0,0,0,2d.csv
3362,0,0,0,2e.csv
3362,0,0,0,2f.csv
3362,0,0,0,2g.csv
3362,0,0,0,2h.csv
3362,0,0,0,2i.csv
3362,0,0,0,2j.csv
3362,0,0,0,2k.csv
3362,0,0,0,2l.csv
3362,3,3,0,3a.csv
3362,3,2,1,3b.csv
3362,0,0,0,3c.csv
3362,0,0,0,3d.csv
3362,1,0,1,3e.csv
3362,6,5,1,3f.csv
3362,4,0,4,3g.csv
3363,1,1,0,1a.csv
3363,0,0,0,1b.csv
3363,2,1,1,1c.csv
3363,1,0,1,1e.csv
3363,2,2,0,1f.csv
3363,3,2,1,1g.csv
3363,1,1,0,1h.csv
3363,0,0,0,1i.csv
3363,0,0,0,1j.csv
3363,2,1,1,1k.csv
3363,8,7,1,1l.csv
3363,0,0,0,1m.csv
3363,0,0,0,2a.csv
3363,2,2,0,2b.csv
3363,0,0,0,2c.csv
3363,0,0,0,2d.csv
3363,0,0,0,2e.csv
3363,0,0,0,2f.csv
3363,0,0,0,2g.csv
3363,0,0,0,2h.csv
3363,0,0,0,2i.csv
3363,0,0,0,2j.csv
3363,0,0,0,2k.csv
3363,0,0,0,2l.csv
3363,3,3,0,3a.csv
3363,4,3,1,3b.csv
3363,2,2,0,3c.csv
3363,2,2,0,3d.csv
3363,2,0,2,3e.csv
3363,6,5,1,3f.csv
3363,3,0,3,3g.csv
3364,2,2,0,1a.csv
3364,0,0,0,1b.csv
3364,2,1,1,1c.csv
3364,1,0,1,1e.csv
3364,2,2,0,1f.csv
3364,3,2,1,1g.csv
3364,1,1,0,1h.csv
3364,0,0,0,1i.csv
3364,0,0,0,1j.csv
3364,2,1,1,1k.csv
3364,8,7,1,1l.csv
3364,0,0,0,1m.csv
3364,1,1,0,2a.csv
3364,2,2,0,2b.csv
3364,0,0,0,2c.csv
3364,0,0,0,2d.csv
3364,0,0,0,2e.csv
3364,0,0,0,2f.csv
3364,0,0,0,2g.csv
3364,0,0,0,2h.csv
3364,0,0,0,2i.csv
3364,0,0,0,2j.csv
3364,0,0,0,2k.csv
3364,0,0,0,2l.csv
3364,4,4,0,3a.csv
3364,4,3,1,3b.csv
3364,2,2,0,3c.csv
3364,2,2,0,3d.csv
3364,2,0,2,3e.csv
3364,5,4,1,3f.csv
3364,3,0,3,3g.csv
3365,2,2,0,1a.csv
3365,0,0,0,1b.csv
3365,3,2,1,1c.csv
3365,1,0,1,1e.csv
3365,2,2,0,1f.csv
3365,3,2,1,1g.csv
3365,0,0,0,1h.csv
3365,0,0,0,1i.csv
3365,0,0,0,1j.csv
3365,2,1,1,1k.csv
3365,7,7,0,1l.csv
3365,0,0,0,1m.csv
3365,2,2,0,2a.csv
3365,2,2,0,2b.csv
3365,0,0,0,2c.csv
3365,0,0,0,2d.csv
3365,0,0,0,2e.csv
3365,0,0,0,2f.csv
3365,0,0,0,2g.csv
3365,0,0,0,2h.csv
3365,0,0,0,2i.csv
3365,0,0,0,2j.csv
3365,0,0,0,2k.csv
3365,0,0,0,2l.csv
3365,5,5,0,3a.csv
3365,3,2,1,3b.csv
3365,2,2,0,3c.csv
3365,2,2,0,3d.csv
3365,1,0,1,3e.csv
3365,5,4,1,3f.csv
3365,2,0,2,3g.csv
3366,2,2,0,1a.csv
3366,0,0,0,1b.csv
3366,3,1,2,1c.csv
3366,1,0,1,1e.csv
3366,2,2,0,1f.csv
3366,2,1,1,1g.csv
3366,0,0,0,1h.csv
3366,0,0,0,1i.csv
3366,0,0,0,1j.csv
3366,2,1,1,1k.csv
3366,7,7,0,1l.csv
3366,0,0,0,1m.csv
3366,2,2,0,2a.csv
3366,2,2,0,2b.csv
3366,0,0,0,2c.csv
3366,0,0,0,2d.csv
3366,0,0,0,2e.csv
3366,0,0,0,2f.csv
3366,0,0,0,2g.csv
3366,1,1,0,2h.csv
3366,0,0,0,2i.csv
3366,0,0,0,2j.csv
3366,0,0,0,2k.csv
3366,0,0,0,2l.csv
3366,6,6,0,3a.csv
3366,4,3,1,3b.csv
3366,3,3,0,3c.csv
3366,3,3,0,3d.csv
3366,1,0,1,3e.csv
3366,4,3,1,3f.csv
3366,2,0,2,3g.csv
3367,3,3,0,1a.csv
3367,0,0,0,1b.csv
3367,4,2,2,1c.csv
3367,2,0,2,1e.csv
3367,2,2,0,1f.csv
3367,3,2,1,1g.csv
3367,0,0,0,1h.csv
3367,0,0,0,1i.csv
3367,0,0,0,1j.csv
3367,2,1,1,1k.csv
3367,6,6,0,1l.csv
3367,0,0,0,1m.csv
3367,2,2,0,2a.csv
3367,2,2,0,2b.csv
3367,0,0,0,2c.csv
3367,0,0,0,2d.csv
3367,0,0,0,2e.csv
3367,0,0,0,2f.csv
3367,0,0,0,2g.csv
3367,1,1,0,2h.csv
3367,0,0,0,2i.csv
3367,0,0,0,2j.csv
3367,0,0,0,2k.csv
3367,0,0,0,2l.csv
3367,6,6,0,3a.csv
3367,4,3,1,3b.csv
3367,5,5,0,3c.csv
3367,5,5,0,3d.csv
3367,1,0,1,3e.csv
3367,5,3,2,3f.csv
3367,1,0,1,3g.csv
3368,3,3,0,1a.csv
3368,0,0,0,1b.csv
3368,4,2,2,1c.csv
3368,2,0,2,1e.csv
3368,2,2,0,1f.csv
3368,3,2,1,1g.csv
3368,0,0,0,1h.csv
3368,0,0,0,1i.csv
3368,0,0,0,1j.csv
3368,1,1,0,1k.csv
3368,5,5,0,1l.csv
3368,0,0,0,1m.csv
3368,2,2,0,2a.csv
3368,2,2,0,2b.csv
3368,0,0,0,2c.csv
3368,0,0,0,2d.csv
3368,0,0,0,2e.csv
3368,0,0,0,2f.csv
3368,0,0,0,2g.csv
3368,1,1,0,2h.csv
3368,0,0,0,2i.csv
3368,0,0,0,2j.csv
3368,0,0,0,2k.csv
3368,0,0,0,2l.csv
3368,3,3,0,3a.csv
3368,3,2,1,3b.csv
3368,6,6,0,3c.csv
3368,6,6,0,3d.csv
3368,1,0,1,3e.csv
3368,5,3,2,3f.csv
3368,1,1,0,3g.csv
3369,3,3,0,1a.csv
3369,0,0,0,1b.csv
3369,4,2,2,1c.csv
3369,2,0,2,1e.csv
3369,1,1,0,1f.csv
3369,2,1,1,1g.csv
3369,0,0,0,1h.csv
3369,0,0,0,1i.csv
3369,0,0,0,1j.csv
3369,0,0,0,1k.csv
3369,5,5,0,1l.csv
3369,0,0,0,1m.csv
3369,2,2,0,2a.csv
3369,3,3,0,2b.csv
3369,0,0,0,2c.csv
3369,0,0,0,2d.csv
3369,0,0,0,2e.csv
3369,1,1,0,2f.csv
3369,0,0,0,2g.csv
3369,1,1,0,2h.csv
3369,0,0,0,2i.csv
3369,0,0,0,2j.csv
3369,0,0,0,2k.csv
3369,0,0,0,2l.csv
3369,5,5,0,3a.csv
3369,3,2,1,3b.csv
3369,7,7,0,3c.csv
3369,7,7,0,3d.csv
3369,3,2,1,3e.csv
3369,3,1,2,3f.csv
3369,2,2,0,3g.csv
3370,2,2,0,1a.csv
3370,0,0,0,1b.csv
3370,3,2,1,1c.csv
3370,4,0,4,1e.csv
3370,0,0,0,1f.csv
3370,2,1,1,1g.csv
3370,0,0,0,1h.csv
3370,0,0,0,1i.csv
3370,0,0,0,1j.csv
3370,0,0,0,1k.csv
3370,5,5,0,1l.csv
3370,1,0,1,1m.csv
3370,3,3,0,2a.csv
3370,4,4,0,2b.csv
3370,0,0,0,2c.csv
3370,0,0,0,2d.csv
3370,0,0,0,2e.csv
3370,1,1,0,2f.csv
3370,0,0,0,2g.csv
3370,2,1,1,2h.csv
3370,0,0,0,2i.csv
3370,0,0,0,2j.csv
3370,0,0,0,2k.csv
3370,0,0,0,2l.csv
3370,5,5,0,3a.csv
3370,2,2,0,3b.csv
3370,7,7,0,3c.csv
3370,7,7,0,3d.csv
3370,5,4,1,3e.csv
3370,4,2,2,3f.csv
3370,2,2,0,3g.csv
3371,2,2,0,1a.csv
3371,0,0,0,1b.csv
3371,3,2,1,1c.csv
3371,4,0,4,1e.csv
3371,0,0,0,1f.csv
3371,1,1,0,1g.csv
3371,0,0,0,1h.csv
3371,0,0,0,1i.csv
3371,0,0,0,1j.csv
3371,1,1,0,1k.csv
3371,7,7,0,1l.csv
3371,1,0,1,1m.csv
3371,3,3,0,2a.csv
3371,4,4,0,2b.csv
3371,0,0,0,2c.csv
3371,0,0,0,2d.csv
3371,0,0,0,2e.csv
3371,3,3,0,2f.csv
3371,0,0,0,2g.csv
3371,2,1,1,2h.csv
3371,0,0,0,2i.csv
3371,0,0,0,2j.csv
3371,0,0,0,2k.csv
3371,0,0,0,2l.csv
3371,6,6,0,3a.csv
3371,1,1,0,3b.csv
3371,6,6,0,3c.csv
3371,6,6,0,3d.csv
3371,4,4,0,3e.csv
3371,4,3,1,3f.csv
3371,2,2,0,3g.csv
3372,1,1,0,1a.csv
3372,0,0,0,1b.csv
3372,4,3,1,1c.csv
3372,4,0,4,1e.csv
3372,0,0,0,1f.csv
3372,1,1,0,1g.csv
3372,0,0,0,1h.csv
3372,0,0,0,1i.csv
3372,0,0,0,1j.csv
3372,1,1,0,1k.csv
3372,4,4,0,1l.csv
3372,1,0,1,1m.csv
3372,2,2,0,2a.csv
3372,5,5,0,2b.csv
3372,0,0,0,2c.csv
3372,0,0,0,2d.csv
3372,0,0,0,2e.csv
3372,3,3,0,2f.csv
3372,0,0,0,2g.csv
3372,2,1,1,2h.csv
3372,0,0,0,2i.csv
3372,0,0,0,2j.csv
3372,0,0,0,2k.csv
3372,0,0,0,2l.csv
3372,6,6,0,3a.csv
3372,3,3,0,3b.csv
3372,8,8,0,3c.csv
3372,8,8,0,3d.csv
3372,4,4,0,3e.csv
3372,5,3,2,3f.csv
3372,3,3,0,3g.csv
3373,1,1,0,1a.csv
3373,0,0,0,1b.csv
3373,3,2,1,1c.csv
3373,5,0,5,1e.csv
3373,0,0,0,1f.csv
3373,1,1,0,1g.csv
3373,0,0,0,1h.csv
3373,0,0,0,1i.csv
3373,0,0,0,1j.csv
3373,1,1,0,1k.csv
3373,5,4,1,1l.csv
3373,1,0,1,1m.csv
3373,1,1,0,2a.csv
3373,6,6,0,2b.csv
3373,0,0,0,2c.csv
3373,0,0,0,2d.csv
3373,0,0,0,2e.csv
3373,5,5,0,2f.csv
3373,0,0,0,2g.csv
3373,2,1,1,2h.csv
3373,0,0,0,2i.csv
3373,0,0,0,2j.csv
3373,0,0,0,2k.csv
3373,0,0,0,2l.csv
3373,5,5,0,3a.csv
3373,3,3,0,3b.csv
3373,8,8,0,3c.csv
3373,8,8,0,3d.csv
3373,4,4,0,3e.csv
3373,7,5,2,3f.csv
3373,3,3,0,3g.csv
3374,1,1,0,1a.csv
3374,0,0,0,1b.csv
3374,3,3,0,1c.csv
3374,5,0,5,1e.csv
3374,0,0,0,1f.csv
3374,1,1,0,1g.csv
3374,0,0,0,1h.csv
3374,0,0,0,1i.csv
3374,0,0,0,1j.csv
3374,1,1,0,1k.csv
3374,4,3,1,1l.csv
3374,1,0,1,1m.csv
3374,1,1,0,2a.csv
3374,5,5,0,2b.csv
3374,0,0,0,2c.csv
3374,0,0,0,2d.csv
3374,0,0,0,2e.csv
3374,5,5,0,2f.csv
3374,0,0,0,2g.csv
3374,2,1,1,2h.csv
3374,0,0,0,2i.csv
3374,0,0,0,2j.csv
3374,0,0,0,2k.csv
3374,0,0,0,2l.csv
3374,6,6,0,3a.csv
3374,3,3,0,3b.csv
3374,8,8,0,3c.csv
3374,8,8,0,3d.csv
3374,5,4,1,3e.csv
3374,8,6,2,3f.csv
3374,3,3,0,3g.csv
3375,0,0,0,1a.csv
3375,0,0,0,1b.csv
3375,3,3,0,1c.csv
3375,5,1,4,1e.csv
3375,0,0,0,1f.csv
3375,0,0,0,1g.csv
3375,0,0,0,1h.csv
3375,0,0,0,1i.csv
3375,0,0,0,1j.csv
3375,1,1,0,1k.csv
3375,4,3,1,1l.csv
3375,1,0,1,1m.csv
3375,2,2,0,2a.csv
3375,5,5,0,2b.csv
3375,0,0,0,2c.csv
3375,0,0,0,2d.csv
3375,0,0,0,2e.csv
3375,6,6,0,2f.csv
3375,0,0,0,2g.csv
3375,2,1,1,2h.csv
3375,0,0,0,2i.csv
3375,0,0,0,2j.csv
3375,0,0,0,2k.csv
3375,0,0,0,2l.csv
3375,7,7,0,3a.csv
3375,4,4,0,3b.csv
3375,7,7,0,3c.csv
3375,7,7,0,3d.csv
3375,7,6,1,3e.csv
3375,8,7,1,3f.csv
3375,4,3,1,3g.csv
3376,1,1,0,1a.csv
3376,0,0,0,1b.csv
3376,5,5,0,1c.csv
3376,5,1,4,1e.csv
3376,0,0,0,1f.csv
3376,0,0,0,1g.csv
3376,0,0,0,1h.csv
3376,0,0,0,1i.csv
3376,0,0,0,1j.csv
3376,1,1,0,1k.csv
3376,4,3,1,1l.csv
3376,1,0,1,1m.csv
3376,3,3,0,2a.csv
3376,4,4,0,2b.csv
3376,0,0,0,2c.csv
3376,0,0,0,2d.csv
3376,0,0,0,2e.csv
3376,6,6,0,2f.csv
3376,0,0,0,2g.csv
3376,2,1,1,2h.csv
3376,0,0,0,2i.csv
3376,0,0,0,2j.csv
3376,0,0,0,2k.csv
3376,0,0,0,2l.csv
3376,7,7,0,3a.csv
3376,4,4,0,3b.csv
3376,7,7,0,3c.csv
3376,7,7,0,3d.csv
3376,8,7,1,3e.csv
3376,8,7,1,3f.csv
3376,3,2,1,3g.csv
3377,1,1,0,1a.csv
3377,0,0,0,1b.csv
3377,5,5,0,1c.csv
3377,5,1,4,1e.csv
3377,0,0,0,1f.csv
3377,0,0,0,1g.csv
3377,0,0,0,1h.csv
3377,0,0,0,1i.csv
3377,0,0,0,1j.csv
3377,1,1,0,1k.csv
3377,5,4,1,1l.csv
3377,1,0,1,1m.csv
3377,4,4,0,2a.csv
3377,3,3,0,2b.csv
3377,0,0,0,2c.csv
3377,0,0,0,2d.csv
3377,0,0,0,2e.csv
3377,5,5,0,2f.csv
3377,0,0,0,2g.csv
3377,2,1,1,2h.csv
3377,0,0,0,2i.csv
3377,0,0,0,2j.csv
3377,0,0,0,2k.csv
3377,0,0,0,2l.csv
3377,6,6,0,3a.csv
3377,4,4,0,3b.csv
3377,7,7,0,3c.csv
3377,7,7,0,3d.csv
3377,6,5,1,3e.csv
3377,7,6,1,3f.csv
3377,2,1,1,3g.csv
3378,1,1,0,1a.csv
3378,0,0,0,1b.csv
3378,6,6,0,1c.csv
3378,3,1,2,1e.csv
3378,0,0,0,1f.csv
3378,0,0,0,1g.csv
3378,0,0,0,1h.csv
3378,0,0,0,1i.csv
3378,0,0,0,1j.csv
3378,1,1,0,1k.csv
3378,4,3,1,1l.csv
3378,0,0,0,1m.csv
3378,3,3,0,2a.csv
3378,2,2,0,2b.csv
3378,0,0,0,2c.csv
3378,0,0,0,2d.csv
3378,0,0,0,2e.csv
3378,5,5,0,2f.csv
3378,0,0,0,2g.csv
3378,1,1,0,2h.csv
3378,0,0,0,2i.csv
3378,0,0,0,2j.csv
3378,0,0,0,2k.csv
3378,0,0,0,2l.csv
3378,9,8,1,3a.csv
3378,4,4,0,3b.csv
3378,7,7,0,3c.csv
3378,7,7,0,3d.csv
3378,4,3,1,3e.csv
3378,7,6,1,3f.csv
3378,2,1,1,3g.csv
3379,1,1,0,1a.csv
3379,1,1,0,1b.csv
3379,7,7,0,1c.csv
3379,3,1,2,1e.csv
3379,0,0,0,1f.csv
3379,0,0,0,1g.csv
3379,0,0,0,1h.csv
3379,0,0,0,1i.csv
3379,0,0,0,1j.csv
3379,0,0,0,1k.csv
3379,2,1,1,1l.csv
3379,0,0,0,1m.csv
3379,4,4,0,2a.csv
3379,2,2,0,2b.csv
3379,0,0,0,2c.csv
3379,0,0,0,2d.csv
3379,0,0,0,2e.csv
3379,3,3,0,2f.csv
3379,0,0,0,2g.csv
3379,1,1,0,2h.csv
3379,0,0,0,2i.csv
3379,0,0,0,2j.csv
3379,0,0,0,2k.csv
3379,0,0,0,2l.csv
3379,9,8,1,3a.csv
3379,4,4,0,3b.csv
3379,8,8,0,3c.csv
3379,8,8,0,3d.csv
3379,4,3,1,3e.csv
3379,7,6,1,3f.csv
3379,2,1,1,3g.csv
3380,1,1,0,1a.csv
3380,1,1,0,1b.csv
3380,6,6,0,1c.csv
3380,3,1,2,1e.csv
3380,0,0,0,1f.csv
3380,0,0,0,1g.csv
3380,0,0,0,1h.csv
3380,0,0,0,1i.csv
3380,0,0,0,1j.csv
3380,0,0,0,1k.csv
3380,2,1,1,1l.csv
3380,0,0,0,1m.csv
3380,8,7,1,2a.csv
3380,1,1,0,2b.csv
3380,0,0,0,2c.csv
3380,0,0,0,2d.csv
3380,0,0,0,2e.csv
3380,5,5,0,2f.csv
3380,0,0,0,2g.csv
3380,2,2,0,2h.csv
3380,0,0,0,2i.csv
3380,0,0,0,2j.csv
3380,0,0,0,2k.csv
3380,0,0,0,2l.csv
3380,10,9,1,3a.csv
3380,4,3,1,3b.csv
3380,9,9,0,3c.csv
3380,9,9,0,3d.csv
3380,5,4,1,3e.csv
3380,6,6,0,3f.csv
3380,1,0,1,3g.csv
3381,1,1,0,1a.csv
3381,1,1,0,1b.csv
3381,9,9,0,1c.csv
3381,2,1,1,1e.csv
3381,0,0,0,1f.csv
3381,0,0,0,1g.csv
3381,0,0,0,1h.csv
3381,0,0,0,1i.csv
3381,0,0,0,1j.csv
3381,0,0,0,1k.csv
3381,2,1,1,1l.csv
3381,0,0,0,1m.csv
3381,10,9,1,2a.csv
3381,0,0,0,2b.csv
3381,0,0,0,2c.csv
3381,0,0,0,2d.csv
3381,0,0,0,2e.csv
3381,3,3,0,2f.csv
3381,0,0,0,2g.csv
3381,2,2,0,2h.csv
3381,0,0,0,2i.csv
3381,0,0,0,2j.csv
3381,0,0,0,2k.csv
3381,0,0,0,2l.csv
3381,11,10,1,3a.csv
3381,4,3,1,3b.csv
3381,10,10,0,3c.csv
3381,10,10,0,3d.csv
3381,5,4,1,3e.csv
3381,4,4,0,3f.csv
3381,1,0,1,3g.csv
3382,1,1,0,1a.csv
3382,2,1,1,1b.csv
3382,8,8,0,1c.csv
3382,2,1,1,1e.csv
3382,0,0,0,1f.csv
3382,0,0,0,1g.csv
3382,0,0,0,1h.csv
3382,0,0,0,1i.csv
3382,1,1,0,1j.csv
3382,0,0,0,1k.csv
3382,3,1,2,1l.csv
3382,0,0,0,1m.csv
3382,10,9,1,2a.csv
3382,0,0,0,2b.csv
3382,0,0,0,2c.csv
3382,0,0,0,2d.csv
3382,0,0,0,2e.csv
3382,4,4,0,2f.csv
3382,0,0,0,2g.csv
3382,1,1,0,2h.csv
3382,0,0,0,2i.csv
3382,0,0,0,2j.csv
3382,0,0,0,2k.csv
3382,0,0,0,2l.csv
3382,10,9,1,3a.csv
3382,4,2,2,3b.csv
3382,10,10,0,3c.csv
3382,10,10,0,3d.csv
3382,6,6,0,3e.csv
3382,3,3,0,3f.csv
3382,1,0,1,3g.csv
3383,1,1,0,1a.csv
3383,3,1,2,1b.csv
3383,9,9,0,1c.csv
3383,1,0,1,1e.csv
3383,0,0,0,1f.csv
3383,0,0,0,1g.csv
3383,0,0,0,1h.csv
3383,0,0,0,1i.csv
3383,1,1,0,1j.csv
3383,0,0,0,1k.csv
3383,3,1,2,1l.csv
3383,0,0,0,1m.csv
3383,10,9,1,2a.csv
3383,0,0,0,2b.csv
3383,0,0,0,2c.csv
3383,0,0,0,2d.csv
3383,0,0,0,2e.csv
3383,4,4,0,2f.csv
3383,0,0,0,2g.csv
3383,1,1,0,2h.csv
3383,0,0,0,2i.csv
3383,0,0,0,2j.csv
3383,0,0,0,2k.csv
3383,0,0,0,2l.csv
3383,12,10,2,3a.csv
3383,4,2,2,3b.csv
3383,9,9,0,3c.csv
3383,9,9,0,3d.csv
3383,4,4,0,3e.csv
3383,4,4,0,3f.csv
3383,0,0,0,3g.csv
3384,0,0,0,1a.csv
3384,5,3,2,1b.csv
3384,8,8,0,1c.csv
3384,1,0,1,1e.csv
3384,0,0,0,1f.csv
3384,0,0,0,1g.csv
3384,0,0,0,1h.csv
3384,0,0,0,1i.csv
3384,1,1,0,1j.csv
3384,0,0,0,1k.csv
3384,3,1,2,1l.csv
3384,0,0,0,1m.csv
3384,10,9,1,2a.csv
3384,0,0,0,2b.csv
3384,0,0,0,2c.csv
3384,0,0,0,2d.csv
3384,0,0,0,2e.csv
3384,4,4,0,2f.csv
3384,0,0,0,2g.csv
3384,1,1,0,2h.csv
3384,0,0,0,2i.csv
3384,0,0,0,2j.csv
3384,0,0,0,2k.csv
3384,0,0,0,2l.csv
3384,14,12,2,3a.csv
3384,5,2,3,3b.csv
3384,9,9,0,3c.csv
3384,9,9,0,3d.csv
3384,4,4,0,3e.csv
3384,6,6,0,3f.csv
3384,0,0,0,3g.csv
3385,0,0,0,1a.csv
3385,5,3,2,1b.csv
3385,10,10,0,1c.csv
3385,1,0,1,1e.csv
3385,0,0,0,1f.csv
3385,0,0,0,1g.csv
3385,0,0,0,1h.csv
3385,0,0,0,1i.csv
3385,1,1,0,1j.csv
3385,0,0,0,1k.csv
3385,4,0,4,1l.csv
3385,0,0,0,1m.csv
3385,11,8,3,2a.csv
3385,0,0,0,2b.csv
3385,0,0,0,2c.csv
3385,0,0,0,2d.csv
3385,0,0,0,2e.csv
3385,4,4,0,2f.csv
3385,0,0,0,2g.csv
3385,1,1,0,2h.csv
3385,0,0,0,2i.csv
3385,0,0,0,2j.csv
3385,0,0,0,2k.csv
3385,0,0,0,2l.csv
3385,14,11,3,3a.csv
3385,6,3,3,3b.csv
3385,9,9,0,3c.csv
3385,9,9,0,3d.csv
3385,4,4,0,3e.csv
3385,7,7,0,3f.csv
3385,0,0,0,3g.csv
3386,0,0,0,1a.csv
3386,5,3,2,1b.csv
3386,11,9,2,1c.csv
3386,1,0,1,1e.csv
3386,0,0,0,1f.csv
3386,0,0,0,1g.csv
3386,0,0,0,1h.csv
3386,0,0,0,1i.csv
3386,2,1,1,1j.csv
3386,0,0,0,1k.csv
3386,4,0,4,1l.csv
3386,0,0,0,1m.csv
3386,13,9,4,2a.csv
3386,0,0,0,2b.csv
3386,0,0,0,2c.csv
3386,0,0,0,2d.csv
3386,0,0,0,2e.csv
3386,4,4,0,2f.csv
3386,0,0,0,2g.csv
3386,1,1,0,2h.csv
3386,0,0,0,2i.csv
3386,0,0,0,2j.csv
3386,0,0,0,2k.csv
3386,0,0,0,2l.csv
3386,11,9,2,3a.csv
3386,6,3,3,3b.csv
3386,9,9,0,3c.csv
3386,9,9,0,3d.csv
3386,5,5,0,3e.csv
3386,6,6,0,3f.csv
3386,0,0,0,3g.csv
3387,0,0,0,1a.csv
3387,5,2,3,1b.csv
3387,12,10,2,1c.csv
3387,1,1,0,1e.csv
3387,0,0,0,1f.csv
3387,0,0,0,1g.csv
3387,1,0,1,1h.csv
3387,0,0,0,1i.csv
3387,2,1,1,1j.csv
3387,0,0,0,1k.csv
3387,4,0,4,1l.csv
3387,0,0,0,1m.csv
3387,13,9,4,2a.csv
3387,0,0,0,2b.csv
3387,0,0,0,2c.csv
3387,0,0,0,2d.csv
3387,0,0,0,2e.csv
3387,5,5,0,2f.csv
3387,0,0,0,2g.csv
3387,1,1,0,2h.csv
3387,0,0,0,2i.csv
3387,0,0,0,2j.csv
3387,0,0,0,2k.csv
3387,0,0,0,2l.csv
3387,12,10,2,3a.csv
3387,7,4,3,3b.csv
3387,7,7,0,3c.csv
3387,7,7,0,3d.csv
3387,6,5,1,3e.csv
3387,6,6,0,3f.csv
3387,0,0,0,3g.csv
3388,0,0,0,1a.csv
3388,6,2,4,1b.csv
3388,16,14,2,1c.csv
3388,1,1,0,1e.csv
3388,0,0,0,1f.csv
3388,0,0,0,1g.csv
3388,1,0,1,1h.csv
3388,0,0,0,1i.csv
3388,2,1,1,1j.csv
3388,0,0,0,1k.csv
3388,5,0,5,1l.csv
3388,0,0,0,1m.csv
3388,10,7,3,2a.csv
3388,0,0,0,2b.csv
3388,0,0,0,2c.csv
3388,0,0,0,2d.csv
3388,0,0,0,2e.csv
3388,3,3,0,2f.csv
3388,0,0,0,2g.csv
3388,0,0,0,2h.csv
3388,0,0,0,2i.csv
3388,0,0,0,2j.csv
3388,0,0,0,2k.csv
3388,0,0,0,2l.csv
3388,11,8,3,3a.csv
3388,6,4,2,3b.csv
3388,4,4,0,3c.csv
3388,4,4,0,3d.csv
3388,6,5,1,3e.csv
3388,8,8,0,3f.csv
3388,0,0,0,3g.csv
3389,0,0,0,1a.csv
3389,6,2,4,1b.csv
3389,15,13,2,1c.csv
3389,1,1,0,1e.csv
3389,0,0,0,1f.csv
3389,0,0,0,1g.csv
3389,1,0,1,1h.csv
3389,0,0,0,1i.csv
3389,2,1,1,1j.csv
3389,0,0,0,1k.csv
3389,4,0,4,1l.csv
3389,0,0,0,1m.csv
3389,8,5,3,2a.csv
3389,0,0,0,2b.csv
3389,0,0,0,2c.csv
3389,0,0,0,2d.csv
3389,0,0,0,2e.csv
3389,5,4,1,2f.csv
3389,0,0,0,2g.csv
3389,0,0,0,2h.csv
3389,0,0,0,2i.csv
3389,0,0,0,2j.csv
3389,0,0,0,2k.csv
3389,0,0,0,2l.csv
3389,11,8,3,3a.csv
3389,7,5,2,3b.csv
3389,3,3,0,3c.csv
3389,3,3,0,3d.csv
3389,6,5,1,3e.csv
3389,10,10,0,3f.csv
3389,0,0,0,3g.csv
3390,0,0,0,1a.csv
3390,5,2,3,1b.csv
3390,18,16,2,1c.csv
3390,1,1,0,1e.csv
3390,0,0,0,1f.csv
3390,0,0,0,1g.csv
3390,1,0,1,1h.csv
3390,1,0,1,1i.csv
3390,1,0,1,1j.csv
3390,0,0,0,1k.csv
3390,3,0,3,1l.csv
3390,0,0,0,1m.csv
3390,8,5,3,2a.csv
3390,0,0,0,2b.csv
3390,0,0,0,2c.csv
3390,0,0,0,2d.csv
3390,0,0,0,2e.csv
3390,4,3,1,2f.csv
3390,0,0,0,2g.csv
3390,0,0,0,2h.csv
3390,0,0,0,2i.csv
3390,0,0,0,2j.csv
3390,0,0,0,2k.csv
3390,0,0,0,2l.csv
3390,12,9,3,3a.csv
3390,7,6,1,3b.csv
3390,2,2,0,3c.csv
3390,2,2,0,3d.csv
3390,4,3,1,3e.csv
3390,10,10,0,3f.csv
3390,0,0,0,3g.csv
3391,0,0,0,1a.csv
3391,4,2,2,1b.csv
3391,16,14,2,1c.csv
3391,1,1,0,1e.csv
3391,0,0,0,1f.csv
3391,0,0,0,1g.csv
3391,1,0,1,1h.csv
3391,1,0,1,1i.csv
3391,1,0,1,1j.csv
3391,0,0,0,1k.csv
3391,3,0,3,1l.csv
3391,0,0,0,1m.csv
3391,7,4,3,2a.csv
3391,0,0,0,2b.csv
3391,0,0,0,2c.csv
3391,0,0,0,2d.csv
3391,0,0,0,2e.csv
3391,3,2,1,2f.csv
3391,0,0,0,2g.csv
3391,0,0,0,2h.csv
3391,0,0,0,2i.csv
3391,0,0,0,2j.csv
3391,0,0,0,2k.csv
3391,0,0,0,2l.csv
3391,9,7,2,3a.csv
3391,8,7,1,3b.csv
3391,2,2,0,3c.csv
3391,2,2,0,3d.csv
3391,5,4,1,3e.csv
3391,9,9,0,3f.csv
3391,0,0,0,3g.csv
3392,0,0,0,1a.csv
3392,2,0,2,1b.csv
3392,16,14,2,1c.csv
3392,1,1,0,1e.csv
3392,0,0,0,1f.csv
3392,0,0,0,1g.csv
3392,1,0,1,1h.csv
3392,1,0,1,1i.csv
3392,1,0,1,1j.csv
3392,0,0,0,1k.csv
3392,4,1,3,1l.csv
3392,0,0,0,1m.csv
3392,8,5,3,2a.csv
3392,0,0,0,2b.csv
3392,1,0,1,2c.csv
3392,0,0,0,2d.csv
3392,0,0,0,2e.csv
3392,3,2,1,2f.csv
3392,0,0,0,2g.csv
3392,0,0,0,2h.csv
3392,0,0,0,2i.csv
3392,0,0,0,2j.csv
3392,0,0,0,2k.csv
3392,0,0,0,2l.csv
3392,7,5,2,3a.csv
3392,8,8,0,3b.csv
3392,1,1,0,3c.csv
3392,1,1,0,3d.csv
3392,4,3,1,3e.csv
3392,14,14,0,3f.csv
3392,0,0,0,3g.csv
3393,1,1,0,1a.csv
3393,2,0,2,1b.csv
3393,16,13,3,1c.csv
3393,1,1,0,1e.csv
3393,0,0,0,1f.csv
3393,0,0,0,1g.csv
3393,1,0,1,1h.csv
3393,1,0,1,1i.csv
3393,1,0,1,1j.csv
3393,0,0,0,1k.csv
3393,3,2,1,1l.csv
3393,0,0,0,1m.csv
3393,7,6,1,2a.csv
3393,0,0,0,2b.csv
3393,1,0,1,2c.csv
3393,0,0,0,2d.csv
3393,0,0,0,2e.csv
3393,3,2,1,2f.csv
3393,0,0,0,2g.csv
3393,0,0,0,2h.csv
3393,0,0,0,2i.csv
3393,0,0,0,2j.csv
3393,0,0,0,2k.csv
3393,0,0,0,2l.csv
3393,7,6,1,3a.csv
3393,7,7,0,3b.csv
3393,0,0,0,3c.csv
3393,0,0,0,3d.csv
3393,5,3,2,3e.csv
3393,15,15,0,3f.csv
3393,0,0,0,3g.csv
3394,2,2,0,1a.csv
3394,3,1,2,1b.csv
3394,14,13,1,1c.csv
3394,1,1,0,1e.csv
3394,0,0,0,1f.csv
3394,0,0,0,1g.csv
3394,1,0,1,1h.csv
3394,1,0,1,1i.csv
3394,0,0,0,1j.csv
3394,0,0,0,1k.csv
3394,3,2,1,1l.csv
3394,0,0,0,1m.csv
3394,5,5,0,2a.csv
3394,1,1,0,2b.csv
3394,1,0,1,2c.csv
3394,0,0,0,2d.csv
3394,0,0,0,2e.csv
3394,3,2,1,2f.csv
3394,0,0,0,2g.csv
3394,0,0,0,2h.csv
3394,0,0,0,2i.csv
3394,0,0,0,2j.csv
3394,0,0,0,2k.csv
3394,0,0,0,2l.csv
3394,7,6,1,3a.csv
3394,7,7,0,3b.csv
3394,0,0,0,3c.csv
3394,0,0,0,3d.csv
3394,5,3,2,3e.csv
3394,17,17,0,3f.csv
3394,0,0,0,3g.csv
3395,2,2,0,1a.csv
3395,2,1,1,1b.csv
3395,15,13,2,1c.csv
3395,1,1,0,1e.csv
3395,0,0,0,1f.csv
3395,0,0,0,1g.csv
3395,0,0,0,1h.csv
3395,1,0,1,1i.csv
3395,0,0,0,1j.csv
3395,0,0,0,1k.csv
3395,3,2,1,1l.csv
3395,0,0,0,1m.csv
3395,5,5,0,2a.csv
3395,1,1,0,2b.csv
3395,1,0,1,2c.csv
3395,0,0,0,2d.csv
3395,0,0,0,2e.csv
3395,2,1,1,2f.csv
3395,0,0,0,2g.csv
3395,0,0,0,2h.csv
3395,0,0,0,2i.csv
3395,0,0,0,2j.csv
3395,0,0,0,2k.csv
3395,0,0,0,2l.csv
3395,5,4,1,3a.csv
3395,6,6,0,3b.csv
3395,0,0,0,3c.csv
3395,0,0,0,3d.csv
3395,5,4,1,3e.csv
3395,20,20,0,3f.csv
3395,0,0,0,3g.csv
3396,2,2,0,1a.csv
3396,1,1,0,1b.csv
3396,11,9,2,1c.csv
3396,2,2,0,1e.csv
3396,0,0,0,1f.csv
3396,1,1,0,1g.csv
3396,0,0,0,1h.csv
3396,1,0,1,1i.csv
3396,0,0,0,1j.csv
3396,0,0,0,1k.csv
3396,2,2,0,1l.csv
3396,0,0,0,1m.csv
3396,4,4,0,2a.csv
3396,1,1,0,2b.csv
3396,1,0,1,2c.csv
3396,0,0,0,2d.csv
3396,0,0,0,2e.csv
3396,2,1,1,2f.csv
3396,0,0,0,2g.csv
3396,1,1,0,2h.csv
3396,0,0,0,2i.csv
3396,0,0,0,2j.csv
3396,0,0,0,2k.csv
3396,0,0,0,2l.csv
3396,4,4,0,3a.csv
3396,5,5,0,3b.csv
3396,0,0,0,3c.csv
3396,0,0,0,3d.csv
3396,4,3,1,3e.csv
3396,22,22,0,3f.csv
3396,1,1,0,3g.csv
3397,3,3,0,1a.csv
3397,1,1,0,1b.csv
3397,10,8,2,1c.csv
3397,2,2,0,1e.csv
3397,0,0,0,1f.csv
3397,1,1,0,1g.csv
3397,0,0,0,1h.csv
3397,1,0,1,1i.csv
3397,0,0,0,1j.csv
3397,0,0,0,1k.csv
3397,2,2,0,1l.csv
3397,0,0,0,1m.csv
3397,4,4,0,2a.csv
3397,1,1,0,2b.csv
3397,1,0,1,2c.csv
3397,0,0,0,2d.csv
3397,0,0,0,2e.csv
3397,0,0,0,2f.csv
3397,0,0,0,2g.csv
3397,1,1,0,2h.csv
3397,0,0,0,2i.csv
3397,0,0,0,2j.csv
3397,0,0,0,2k.csv
3397,0,0,0,2l.csv
3397,3,3,0,3a.csv
3397,5,5,0,3b.csv
3397,1,0,1,3c.csv
3397,1,0,1,3d.csv
3397,5,4,1,3e.csv
3397,23,23,0,3f.csv
3397,1,1,0,3g.csv
3398,3,3,0,1a.csv
3398,2,2,0,1b.csv
3398,8,5,3,1c.csv
3398,2,2,0,1e.csv
3398,0,0,0,1f.csv
3398,1,1,0,1g.csv
3398,0,0,0,1h.csv
3398,0,0,0,1i.csv
3398,0,0,0,1j.csv
3398,0,0,0,1k.csv
3398,2,2,0,1l.csv
3398,0,0,0,1m.csv
3398,5,5,0,2a.csv
3398,1,1,0,2b.csv
3398,1,0,1,2c.csv
3398,0,0,0,2d.csv
3398,0,0,0,2e.csv
3398,0,0,0,2f.csv
3398,0,0,0,2g.csv
3398,1,1,0,2h.csv
3398,0,0,0,2i.csv
3398,0,0,0,2j.csv
3398,0,0,0,2k.csv
3398,0,0,0,2l.csv
3398,1,1,0,3a.csv
3398,5,5,0,3b.csv
3398,2,1,1,3c.csv
3398,2,1,1,3d.csv
3398,7,6,1,3e.csv
3398,24,24,0,3f.csv
3398,1,1,0,3g.csv
3399,3,3,0,1a.csv
3399,2,2,0,1b.csv
3399,8,5,3,1c.csv
3399,2,2,0,1e.csv
3399,0,0,0,1f.csv
3399,1,1,0,1g.csv
3399,0,0,0,1h.csv
3399,1,1,0,1i.csv
3399,1,1,0,1j.csv
3399,0,0,0,1k.csv
3399,2,2,0,1l.csv
3399,0,0,0,1m.csv
3399,5,5,0,2a.csv
3399,1,1,0,2b.csv
3399,1,0,1,2c.csv
3399,0,0,0,2d.csv
3399,0,0,0,2e.csv
3399,0,0,0,2f.csv
3399,0,0,0,2g.csv
3399,1,1,0,2h.csv
3399,0,0,0,2i.csv
3399,0,0,0,2j.csv
3399,0,0,0,2k.csv
3399,0,0,0,2l.csv
3399,1,1,0,3a.csv
3399,4,4,0,3b.csv
3399,2,1,1,3c.csv
3399,2,1,1,3d.csv
3399,9,8,1,3e.csv
3399,23,23,0,3f.csv
3399,1,1,0,3g.csv
3400,4,3,1,1a.csv
3400,2,2,0,1b.csv
3400,7,4,3,1c.csv
3400,2,2,0,1e.csv
3400,0,0,0,1f.csv
3400,1,1,0,1g.csv
3400,0,0,0,1h.csv
3400,1,1,0,1i.csv
3400,1,1,0,1j.csv
3400,0,0,0,1k.csv
3400,1,1,0,1l.csv
3400,0,0,0,1m.csv
3400,3,3,0,2a.csv
3400,2,1,1,2b.csv
3400,0,0,0,2c.csv
3400,0,0,0,2d.csv
3400,0,0,0,2e.csv
3400,0,0,0,2f.csv
3400,0,0,0,2g.csv
3400,1,1,0,2h.csv
3400,0,0,0,2i.csv
3400,0,0,0,2j.csv
3400,0,0,0,2k.csv
3400,0,0,0,2l.csv
3400,1,1,0,3a.csv
3400,4,4,0,3b.csv
3400,2,1,1,3c.csv
3400,2,1,1,3d.csv
3400,9,8,1,3e.csv
3400,17,17,0,3f.csv
3400,1,1,0,3g.csv
3401,8,6,2,1a.csv
3401,2,2,0,1b.csv
3401,6,4,2,1c.csv
3401,2,2,0,1e.csv
3401,0,0,0,1f.csv
3401,1,1,0,1g.csv
3401,0,0,0,1h.csv
3401,1,1,0,1i.csv
3401,1,1,0,1j.csv
3401,0,0,0,1k.csv
3401,1,1,0,1l.csv
3401,0,0,0,1m.csv
3401,3,3,0,2a.csv
3401,2,1,1,2b.csv
3401,0,0,0,2c.csv
3401,1,1,0,2d.csv
3401,1,1,0,2e.csv
3401,1,1,0,2f.csv
3401,0,0,0,2g.csv
3401,1,1,0,2h.csv
3401,0,0,0,2i.csv
3401,0,0,0,2j.csv
3401,0,0,0,2k.csv
3401,0,0,0,2l.csv
3401,1,1,0,3a.csv
3401,4,4,0,3b.csv
3401,2,1,1,3c.csv
3401,2,1,1,3d.csv
3401,10,9,1,3e.csv
3401,16,16,0,3f.csv
3401,1,1,0,3g.csv
3402,10,7,3,1a.csv
3402,2,2,0,1b.csv
3402,6,4,2,1c.csv
3402,2,2,0,1e.csv
3402,0,0,0,1f.csv
3402,1,1,0,1g.csv
3402,0,0,0,1h.csv
3402,1,1,0,1i.csv
3402,1,1,0,1j.csv
3402,0,0,0,1k.csv
3402,1,1,0,1l.csv
3402,0,0,0,1m.csv
3402,3,3,0,2a.csv
3402,1,0,1,2b.csv
3402,0,0,0,2c.csv
3402,1,1,0,2d.csv
3402,1,1,0,2e.csv
3402,1,1,0,2f.csv
3402,0,0,0,2g.csv
3402,2,2,0,2h.csv
3402,0,0,0,2i.csv
3402,0,0,0,2j.csv
3402,0,0,0,2k.csv
3402,1,1,0,2l.csv
3402,2,2,0,3a.csv
3402,5,4,1,3b.csv
3402,3,2,1,3c.csv
3402,3,2,1,3d.csv
3402,11,10,1,3e.csv
3402,14,14,0,3f.csv
3402,2,2,0,3g.csv
3403,11,7,4,1a.csv
3403,2,2,0,1b.csv
3403,5,4,1,1c.csv
3403,2,2,0,1e.csv
3403,0,0,0,1f.csv
3403,1,1,0,1g.csv
3403,0,0,0,1h.csv
3403,1,1,0,1i.csv
3403,1,1,0,1j.csv
3403,0,0,0,1k.csv
3403,1,1,0,1l.csv
3403,0,0,0,1m.csv
3403,2,2,0,2a.csv
3403,1,0,1,2b.csv
3403,0,0,0,2c.csv
3403,1,1,0,2d.csv
3403,1,1,0,2e.csv
3403,1,1,0,2f.csv
3403,0,0,0,2g.csv
3403,3,2,1,2h.csv
3403,0,0,0,2i.csv
3403,0,0,0,2j.csv
3403,0,0,0,2k.csv
3403,1,1,0,2l.csv
3403,2,2,0,3a.csv
3403,5,4,1,3b.csv
3403,4,3,1,3c.csv
3403,4,3,1,3d.csv
3403,11,10,1,3e.csv
3403,10,10,0,3f.csv
3403,3,2,1,3g.csv
3404,12,8,4,1a.csv
3404,2,2,0,1b.csv
3404,6,4,2,1c.csv
3404,1,1,0,1e.csv
3404,0,0,0,1f.csv
3404,0,0,0,1g.csv
3404,0,0,0,1h.csv
3404,1,1,0,1i.csv
3404,1,1,0,1j.csv
3404,0,0,0,1k.csv
3404,1,1,0,1l.csv
3404,0,0,0,1m.csv
3404,4,4,0,2a.csv
3404,2,1,1,2b.csv
3404,0,0,0,2c.csv
3404,1,1,0,2d.csv
3404,3,3,0,2e.csv
3404,1,1,0,2f.csv
3404,0,0,0,2g.csv
3404,2,1,1,2h.csv
3404,0,0,0,2i.csv
3404,0,0,0,2j.csv
3404,0,0,0,2k.csv
3404,1,1,0,2l.csv
3404,2,2,0,3a.csv
3404,5,4,1,3b.csv
3404,4,3,1,3c.csv
3404,4,3,1,3d.csv
3404,11,10,1,3e.csv
3404,10,10,0,3f.csv
3404,2,1,1,3g.csv
3405,15,11,4,1a.csv
3405,2,2,0,1b.csv
3405,7,3,4,1c.csv
3405,1,1,0,1e.csv
3405,0,0,0,1f.csv
3405,0,0,0,1g.csv
3405,0,0,0,1h.csv
3405,1,1,0,1i.csv
3405,1,1,0,1j.csv
3405,0,0,0,1k.csv
3405,1,1,0,1l.csv
3405,0,0,0,1m.csv
3405,4,4,0,2a.csv
3405,2,1,1,2b.csv
3405,0,0,0,2c.csv
3405,1,1,0,2d.csv
3405,3,3,0,2e.csv
3405,1,1,0,2f.csv
3405,0,0,0,2g.csv
3405,2,1,1,2h.csv
3405,0,0,0,2i.csv
3405,0,0,0,2j.csv
3405,0,0,0,2k.csv
3405,1,1,0,2l.csv
3405,3,2,1,3a.csv
3405,5,4,1,3b.csv
3405,4,4,0,3c.csv
3405,4,4,0,3d.csv
3405,10,9,1,3e.csv
3405,7,7,0,3f.csv
3405,2,1,1,3g.csv
3406,16,12,4,1a.csv
3406,1,1,0,1b.csv
3406,6,3,3,1c.csv
3406,1,1,0,1e.csv
3406,0,0,0,1f.csv
3406,0,0,0,1g.csv
3406,0,0,0,1h.csv
3406,1,1,0,1i.csv
3406,1,1,0,1j.csv
3406,0,0,0,1k.csv
3406,1,1,0,1l.csv
3406,0,0,0,1m.csv
3406,3,3,0,2a.csv
3406,2,1,1,2b.csv
3406,0,0,0,2c.csv
3406,1,1,0,2d.csv
3406,3,3,0,2e.csv
3406,2,2,0,2f.csv
3406,0,0,0,2g.csv
3406,2,1,1,2h.csv
3406,0,0,0,2i.csv
3406,0,0,0,2j.csv
3406,0,0,0,2k.csv
3406,1,1,0,2l.csv
3406,3,2,1,3a.csv
3406,4,3,1,3b.csv
3406,3,3,0,3c.csv
3406,3,3,0,3d.csv
3406,8,7,1,3e.csv
3406,7,7,0,3f.csv
3406,2,1,1,3g.csv
3407,16,12,4,1a.csv
3407,1,1,0,1b.csv
3407,8,5,3,1c.csv
3407,1,1,0,1e.csv
3407,0,0,0,1f.csv
3407,0,0,0,1g.csv
3407,0,0,0,1h.csv
3407,0,0,0,1i.csv
3407,0,0,0,1j.csv
3407,0,0,0,1k.csv
3407,1,1,0,1l.csv
3407,0,0,0,1m.csv
3407,3,3,0,2a.csv
3407,2,1,1,2b.csv
3407,0,0,0,2c.csv
3407,1,1,0,2d.csv
3407,5,5,0,2e.csv
3407,2,2,0,2f.csv
3407,0,0,0,2g.csv
3407,3,2,1,2h.csv
3407,0,0,0,2i.csv
3407,0,0,0,2j.csv
3407,0,0,0,2k.csv
3407,1,1,0,2l.csv
3407,3,2,1,3a.csv
3407,4,3,1,3b.csv
3407,3,3,0,3c.csv
3407,3,3,0,3d.csv
3407,5,4,1,3e.csv
3407,7,7,0,3f.csv
3407,2,1,1,3g.csv
3408,17,13,4,1a.csv
3408,1,1,0,1b.csv
3408,8,5,3,1c.csv
3408,3,3,0,1e.csv
3408,0,0,0,1f.csv
3408,0,0,0,1g.csv
3408,0,0,0,1h.csv
3408,0,0,0,1i.csv
3408,0,0,0,1j.csv
3408,0,0,0,1k.csv
3408,1,1,0,1l.csv
3408,0,0,0,1m.csv
3408,4,4,0,2a.csv
3408,1,1,0,2b.csv
3408,0,0,0,2c.csv
3408,1,1,0,2d.csv
3408,5,5,0,2e.csv
3408,4,4,0,2f.csv
3408,0,0,0,2g.csv
3408,3,2,1,2h.csv
3408,0,0,0,2i.csv
3408,0,0,0,2j.csv
3408,0,0,0,2k.csv
3408,1,1,0,2l.csv
3408,5,4,1,3a.csv
3408,3,2,1,3b.csv
3408,3,3,0,3c.csv
3408,3,3,0,3d.csv
3408,5,4,1,3e.csv
3408,7,7,0,3f.csv
3408,3,2,1,3g.csv
3409,13,10,3,1a.csv
3409,1,1,0,1b.csv
3409,7,4,3,1c.csv
3409,3,3,0,1e.csv
3409,0,0,0,1f.csv
3409,0,0,0,1g.csv
3409,0,0,0,1h.csv
3409,0,0,0,1i.csv
3409,0,0,0,1j.csv
3409,0,0,0,1k.csv
3409,1,0,1,1l.csv
3409,0,0,0,1m.csv
3409,3,3,0,2a.csv
3409,1,1,0,2b.csv
3409,0,0,0,2c.csv
3409,0,0,0,2d.csv
3409,4,4,0,2e.csv
3409,3,3,0,2f.csv
3409,0,0,0,2g.csv
3409,3,2,1,2h.csv
3409,0,0,0,2i.csv
3409,0,0,0,2j.csv
3409,0,0,0,2k.csv
3409,1,1,0,2l.csv
3409,4,3,1,3a.csv
3409,3,2,1,3b.csv
3409,3,3,0,3c.csv
3409,3,3,0,3d.csv
3409,3,3,0,3e.csv
3409,6,6,0,3f.csv
3409,3,2,1,3g.csv
3410,11,9,2,1a.csv
3410,0,0,0,1b.csv
3410,7,4,3,1c.csv
3410,3,3,0,1e.csv
3410,0,0,0,1f.csv
3410,0,0,0,1g.csv
3410,0,0,0,1h.csv
3410,0,0,0,1i.csv
3410,0,0,0,1j.csv
3410,1,0,1,1k.csv
3410,1,0,1,1l.csv
3410,0,0,0,1m.csv
3410,3,3,0,2a.csv
3410,1,1,0,2b.csv
3410,0,0,0,2c.csv
3410,0,0,0,2d.csv
3410,5,5,0,2e.csv
3410,3,3,0,2f.csv
3410,0,0,0,2g.csv
3410,2,1,1,2h.csv
3410,0,0,0,2i.csv
3410,0,0,0,2j.csv
3410,0,0,0,2k.csv
3410,0,0,0,2l.csv
3410,3,2,1,3a.csv
3410,3,3,0,3b.csv
3410,2,2,0,3c.csv
3410,2,2,0,3d.csv
3410,4,4,0,3e.csv
3410,6,6,0,3f.csv
3410,2,1,1,3g.csv
3411,12,10,2,1a.csv
3411,0,0,0,1b.csv
3411,6,3,3,1c.csv
3411,2,2,0,1e.csv
3411,0,0,0,1f.csv
3411,0,0,0,1g.csv
3411,0,0,0,1h.csv
3411,0,0,0,1i.csv
3411,0,0,0,1j.csv
3411,1,0,1,1k.csv
3411,1,0,1,1l.csv
3411,0,0,0,1m.csv
3411,4,4,0,2a.csv
3411,2,2,0,2b.csv
3411,0,0,0,2c.csv
3411,0,0,0,2d.csv
3411,6,6,0,2e.csv
3411,3,3,0,2f.csv
3411,0,0,0,2g.csv
3411,1,1,0,2h.csv
3411,0,0,0,2i.csv
3411,0,0,0,2j.csv
3411,0,0,0,2k.csv
3411,1,1,0,2l.csv
3411,3,2,1,3a.csv
3411,3,3,0,3b.csv
3411,2,2,0,3c.csv
3411,2,2,0,3d.csv
3411,3,3,0,3e.csv
3411,7,7,0,3f.csv
3411,1,1,0,3g.csv
3412,11,9,2,1a.csv
3412,1,1,0,1b.csv
3412,8,6,2,1c.csv
3412,4,3,1,1e.csv
3412,0,0,0,1f.csv
3412,0,0,0,1g.csv
3412,0,0,0,1h.csv
3412,0,0,0,1i.csv
3412,0,0,0,1j.csv
3412,1,0,1,1k.csv
3412,1,0,1,1l.csv
3412,0,0,0,1m.csv
3412,2,2,0,2a.csv
3412,1,1,0,2b.csv
3412,1,1,0,2c.csv
3412,0,0,0,2d.csv
3412,4,4,0,2e.csv
3412,3,3,0,2f.csv
3412,0,0,0,2g.csv
3412,1,1,0,2h.csv
3412,0,0,0,2i.csv
3412,0,0,0,2j.csv
3412,0,0,0,2k.csv
3412,1,1,0,2l.csv
3412,4,3,1,3a.csv
3412,3,3,0,3b.csv
3412,4,3,1,3c.csv
3412,4,3,1,3d.csv
3412,4,3,1,3e.csv
3412,3,3,0,3f.csv
3412,1,1,0,3g.csv
3413,8,6,2,1a.csv
3413,1,1,0,1b.csv
3413,6,6,0,1c.csv
3413,4,3,1,1e.csv
3413,0,0,0,1f.csv
3413,0,0,0,1g.csv
3413,0,0,0,1h.csv
3413,0,0,0,1i.csv
3413,0,0,0,1j.csv
3413,1,0,1,1k.csv
3413,1,0,1,1l.csv
3413,0,0,0,1m.csv
3413,2,2,0,2a.csv
3413,1,1,0,2b.csv
3413,1,1,0,2c.csv
3413,0,0,0,2d.csv
3413,4,4,0,2e.csv
3413,3,3,0,2f.csv
3413,0,0,0,2g.csv
3413,1,1,0,2h.csv
3413,0,0,0,2i.csv
3413,0,0,0,2j.csv
3413,0,0,0,2k.csv
3413,1,1,0,2l.csv
3413,4,4,0,3a.csv
3413,2,2,0,3b.csv
3413,3,2,1,3c.csv
3413,3,2,1,3d.csv
3413,4,3,1,3e.csv
3413,4,4,0,3f.csv
3413,1,1,0,3g.csv
3414,7,5,2,1a.csv
3414,1,1,0,1b.csv
3414,9,9,0,1c.csv
3414,5,4,1,1e.csv
3414,0,0,0,1f.csv
3414,0,0,0,1g.csv
3414,0,0,0,1h.csv
3414,0,0,0,1i.csv
3414,1,1,0,1j.csv
3414,1,0,1,1k.csv
3414,2,0,2,1l.csv
3414,0,0,0,1m.csv
3414,2,2,0,2a.csv
3414,1,1,0,2b.csv
3414,1,1,0,2c.csv
3414,0,0,0,2d.csv
3414,4,4,0,2e.csv
3414,2,2,0,2f.csv
3414,0,0,0,2g.csv
3414,1,1,0,2h.csv
3414,0,0,0,2i.csv
3414,0,0,0,2j.csv
3414,0,0,0,2k.csv
3414,1,1,0,2l.csv
3414,4,4,0,3a.csv
3414,2,2,0,3b.csv
3414,4,2,2,3c.csv
3414,4,2,2,3d.csv
3414,4,3,1,3e.csv
3414,4,4,0,3f.csv
3414,1,1,0,3g.csv
3415,7,5,2,1a.csv
3415,1,1,0,1b.csv
3415,10,9,1,1c.csv
3415,6,4,2,1e.csv
3415,0,0,0,1f.csv
3415,0,0,0,1g.csv
3415,0,0,0,1h.csv
3415,0,0,0,1i.csv
3415,1,1,0,1j.csv
3415,1,0,1,1k.csv
3415,2,0,2,1l.csv
3415,0,0,0,1m.csv
3415,3,3,0,2a.csv
3415,1,1,0,2b.csv
3415,1,1,0,2c.csv
3415,0,0,0,2d.csv
3415,2,2,0,2e.csv
3415,2,2,0,2f.csv
3415,0,0,0,2g.csv
3415,0,0,0,2h.csv
3415,0,0,0,2i.csv
3415,0,0,0,2j.csv
3415,0,0,0,2k.csv
3415,1,1,0,2l.csv
3415,4,4,0,3a.csv
3415,2,2,0,3b.csv
3415,4,2,2,3c.csv
3415,4,2,2,3d.csv
3415,4,3,1,3e.csv
3415,4,4,0,3f.csv
3415,1,1,0,3g.csv
3416,6,5,1,1a.csv
3416,1,1,0,1b.csv
3416,11,10,1,1c.csv
3416,4,2,2,1e.csv
3416,0,0,0,1f.csv
3416,0,0,0,1g.csv
3416,0,0,0,1h.csv
3416,0,0,0,1i.csv
3416,1,1,0,1j.csv
3416,1,0,1,1k.csv
3416,2,0,2,1l.csv
3416,0,0,0,1m.csv
3416,4,4,0,2a.csv
3416,1,1,0,2b.csv
3416,1,1,0,2c.csv
3416,0,0,0,2d.csv
3416,2,2,0,2e.csv
3416,0,0,0,2f.csv
3416,0,0,0,2g.csv
3416,0,0,0,2h.csv
3416,0,0,0,2i.csv
3416,0,0,0,2j.csv
3416,0,0,0,2k.csv
3416,1,1,0,2l.csv
3416,2,2,0,3a.csv
3416,2,2,0,3b.csv
3416,4,2,2,3c.csv
3416,4,2,2,3d.csv
3416,4,3,1,3e.csv
3416,3,3,0,3f.csv
3416,0,0,0,3g.csv
3417,5,4,1,1a.csv
3417,1,1,0,1b.csv
3417,12,11,1,1c.csv
3417,4,2,2,1e.csv
3417,0,0,0,1f.csv
3417,0,0,0,1g.csv
3417,0,0,0,1h.csv
3417,0,0,0,1i.csv
3417,1,1,0,1j.csv
3417,1,0,1,1k.csv
3417,2,1,1,1l.csv
3417,0,0,0,1m.csv
3417,4,4,0,2a.csv
3417,1,1,0,2b.csv
3417,1,1,0,2c.csv
3417,0,0,0,2d.csv
3417,2,2,0,2e.csv
3417,0,0,0,2f.csv
3417,0,0,0,2g.csv
3417,1,1,0,2h.csv
3417,0,0,0,2i.csv
3417,0,0,0,2j.csv
3417,0,0,0,2k.csv
3417,1,1,0,2l.csv
3417,3,3,0,3a.csv
3417,2,2,0,3b.csv
3417,5,3,2,3c.csv
3417,5,3,2,3d.csv
3417,4,3,1,3e.csv
3417,3,3,0,3f.csv
3417,0,0,0,3g.csv
3418,5,4,1,1a.csv
3418,2,2,0,1b.csv
3418,15,13,2,1c.csv
3418,4,2,2,1e.csv
3418,0,0,0,1f.csv
3418,1,1,0,1g.csv
3418,0,0,0,1h.csv
3418,0,0,0,1i.csv
3418,1,1,0,1j.csv
3418,0,0,0,1k.csv
3418,2,1,1,1l.csv
3418,0,0,0,1m.csv
3418,6,6,0,2a.csv
3418,1,1,0,2b.csv
3418,1,1,0,2c.csv
3418,0,0,0,2d.csv
3418,1,1,0,2e.csv
3418,1,1,0,2f.csv
3418,0,0,0,2g.csv
3418,1,1,0,2h.csv
3418,0,0,0,2i.csv
3418,0,0,0,2j.csv
3418,0,0,0,2k.csv
3418,2,2,0,2l.csv
3418,3,3,0,3a.csv
3418,2,2,0,3b.csv
3418,5,3,2,3c.csv
3418,5,3,2,3d.csv
3418,1,0,1,3e.csv
3418,4,3,1,3f.csv
3418,0,0,0,3g.csv
3419,4,4,0,1a.csv
3419,2,2,0,1b.csv
3419,14,12,2,1c.csv
3419,4,2,2,1e.csv
3419,0,0,0,1f.csv
3419,1,1,0,1g.csv
3419,0,0,0,1h.csv
3419,0,0,0,1i.csv
3419,1,1,0,1j.csv
3419,0,0,0,1k.csv
3419,2,1,1,1l.csv
3419,0,0,0,1m.csv
3419,5,5,0,2a.csv
3419,1,1,0,2b.csv
3419,1,1,0,2c.csv
3419,0,0,0,2d.csv
3419,0,0,0,2e.csv
3419,1,1,0,2f.csv
3419,0,0,0,2g.csv
3419,1,1,0,2h.csv
3419,0,0,0,2i.csv
3419,0,0,0,2j.csv
3419,0,0,0,2k.csv
3419,2,2,0,2l.csv
3419,4,4,0,3a.csv
3419,2,2,0,3b.csv
3419,4,2,2,3c.csv
3419,4,2,2,3d.csv
3419,1,0,1,3e.csv
3419,4,2,2,3f.csv
3419,0,0,0,3g.csv
3420,5,5,0,1a.csv
3420,1,1,0,1b.csv
3420,14,12,2,1c.csv
3420,2,1,1,1e.csv
3420,0,0,0,1f.csv
3420,1,1,0,1g.csv
3420,0,0,0,1h.csv
3420,0,0,0,1i.csv
3420,1,1,0,1j.csv
3420,0,0,0,1k.csv
3420,2,1,1,1l.csv
3420,0,0,0,1m.csv
3420,5,5,0,2a.csv
3420,1,1,0,2b.csv
3420,0,0,0,2c.csv
3420,0,0,0,2d.csv
3420,0,0,0,2e.csv
3420,1,1,0,2f.csv
3420,0,0,0,2g.csv
3420,1,1,0,2h.csv
3420,0,0,0,2i.csv
3420,0,0,0,2j.csv
3420,0,0,0,2k.csv
3420,2,2,0,2l.csv
3420,3,3,0,3a.csv
3420,4,4,0,3b.csv
3420,3,2,1,3c.csv
3420,3,2,1,3d.csv
3420,0,0,0,3e.csv
3420,5,2,3,3f.csv
3420,0,0,0,3g.csv
3421,4,4,0,1a.csv
3421,1,1,0,1b.csv
3421,14,12,2,1c.csv
3421,2,1,1,1e.csv
3421,0,0,0,1f.csv
3421,1,1,0,1g.csv
3421,0,0,0,1h.csv
3421,0,0,0,1i.csv
3421,1,1,0,1j.csv
3421,0,0,0,1k.csv
3421,3,2,1,1l.csv
3421,0,0,0,1m.csv
3421,5,5,0,2a.csv
3421,1,1,0,2b.csv
3421,0,0,0,2c.csv
3421,0,0,0,2d.csv
3421,0,0,0,2e.csv
3421,1,1,0,2f.csv
3421,0,0,0,2g.csv
3421,1,1,0,2h.csv
3421,0,0,0,2i.csv
3421,0,0,0,2j.csv
3421,0,0,0,2k.csv
3421,2,2,0,2l.csv
3421,3,3,0,3a.csv
3421,4,4,0,3b.csv
3421,3,2,1,3c.csv
3421,3,2,1,3d.csv
3421,0,0,0,3e.csv
3421,4,1,3,3f.csv
3421,0,0,0,3g.csv
3422,5,4,1,1a.csv
3422,1,1,0,1b.csv
3422,13,11,2,1c.csv
3422,1,0,1,1e.csv
3422,0,0,0,1f.csv
3422,1,1,0,1g.csv
3422,0,0,0,1h.csv
3422,0,0,0,1i.csv
3422,0,0,0,1j.csv
3422,0,0,0,1k.csv
3422,2,2,0,1l.csv
3422,0,0,0,1m.csv
3422,6,6,0,2a.csv
3422,1,1,0,2b.csv
3422,0,0,0,2c.csv
3422,0,0,0,2d.csv
3422,0,0,0,2e.csv
3422,1,1,0,2f.csv
3422,0,0,0,2g.csv
3422,1,1,0,2h.csv
3422,0,0,0,2i.csv
3422,0,0,0,2j.csv
3422,0,0,0,2k.csv
3422,2,2,0,2l.csv
3422,3,3,0,3a.csv
3422,6,6,0,3b.csv
3422,2,2,0,3c.csv
3422,2,2,0,3d.csv
3422,0,0,0,3e.csv
3422,5,2,3,3f.csv
3422,0,0,0,3g.csv
3423,5,4,1,1a.csv
3423,1,1,0,1b.csv
3423,10,9,1,1c.csv
3423,0,0,0,1e.csv
3423,0,0,0,1f.csv
3423,1,1,0,1g.csv
3423,0,0,0,1h.csv
3423,0,0,0,1i.csv
3423,0,0,0,1j.csv
3423,0,0,0,1k.csv
3423,2,2,0,1l.csv
3423,0,0,0,1m.csv
3423,7,6,1,2a.csv
3423,1,1,0,2b.csv
3423,0,0,0,2c.csv
3423,0,0,0,2d.csv
3423,0,0,0,2e.csv
3423,2,1,1,2f.csv
3423,0,0,0,2g.csv
3423,1,1,0,2h.csv
3423,0,0,0,2i.csv
3423,0,0,0,2j.csv
3423,0,0,0,2k.csv
3423,2,2,0,2l.csv
3423,3,3,0,3a.csv
3423,6,6,0,3b.csv
3423,2,2,0,3c.csv
3423,2,2,0,3d.csv
3423,0,0,0,3e.csv
3423,5,2,3,3f.csv
3423,0,0,0,3g.csv
3424,4,3,1,1a.csv
3424,1,1,0,1b.csv
3424,9,8,1,1c.csv
3424,0,0,0,1e.csv
3424,0,0,0,1f.csv
3424,1,1,0,1g.csv
3424,0,0,0,1h.csv
3424,0,0,0,1i.csv
3424,0,0,0,1j.csv
3424,0,0,0,1k.csv
3424,2,2,0,1l.csv
3424,0,0,0,1m.csv
3424,6,5,1,2a.csv
3424,1,1,0,2b.csv
3424,0,0,0,2c.csv
3424,0,0,0,2d.csv
3424,0,0,0,2e.csv
3424,2,1,1,2f.csv
3424,0,0,0,2g.csv
3424,1,1,0,2h.csv
3424,0,0,0,2i.csv
3424,0,0,0,2j.csv
3424,0,0,0,2k.csv
3424,3,3,0,2l.csv
3424,3,3,0,3a.csv
3424,6,6,0,3b.csv
3424,2,2,0,3c.csv
3424,2,2,0,3d.csv
3424,0,0,0,3e.csv
3424,6,3,3,3f.csv
3424,0,0,0,3g.csv
3425,6,4,2,1a.csv
3425,1,1,0,1b.csv
3425,9,8,1,1c.csv
3425,0,0,0,1e.csv
3425,0,0,0,1f.csv
3425,1,1,0,1g.csv
3425,0,0,0,1h.csv
3425,0,0,0,1i.csv
3425,0,0,0,1j.csv
3425,0,0,0,1k.csv
3425,1,1,0,1l.csv
3425,0,0,0,1m.csv
3425,7,5,2,2a.csv
3425,1,1,0,2b.csv
3425,0,0,0,2c.csv
3425,0,0,0,2d.csv
3425,0,0,0,2e.csv
3425,2,1,1,2f.csv
3425,0,0,0,2g.csv
3425,0,0,0,2h.csv
3425,0,0,0,2i.csv
3425,0,0,0,2j.csv
3425,0,0,0,2k.csv
3425,3,3,0,2l.csv
3425,4,4,0,3a.csv
3425,6,6,0,3b.csv
3425,1,1,0,3c.csv
3425,1,1,0,3d.csv
3425,1,0,1,3e.csv
3425,6,3,3,3f.csv
3425,0,0,0,3g.csv
3426,6,4,2,1a.csv
3426,0,0,0,1b.csv
3426,9,8,1,1c.csv
3426,1,1,0,1e.csv
3426,0,0,0,1f.csv
3426,0,0,0,1g.csv
3426,0,0,0,1h.csv
3426,0,0,0,1i.csv
3426,0,0,0,1j.csv
3426,0,0,0,1k.csv
3426,2,1,1,1l.csv
3426,0,0,0,1m.csv
3426,6,4,2,2a.csv
3426,2,2,0,2b.csv
3426,1,1,0,2c.csv
3426,0,0,0,2d.csv
3426,0,0,0,2e.csv
3426,1,0,1,2f.csv
3426,0,0,0,2g.csv
3426,0,0,0,2h.csv
3426,0,0,0,2i.csv
3426,0,0,0,2j.csv
3426,0,0,0,2k.csv
3426,3,2,1,2l.csv
3426,5,5,0,3a.csv
3426,5,5,0,3b.csv
3426,1,1,0,3c.csv
3426,1,1,0,3d.csv
3426,1,0,1,3e.csv
3426,6,4,2,3f.csv
3426,0,0,0,3g.csv
3427,5,3,2,1a.csv
3427,1,1,0,1b.csv
3427,10,8,2,1c.csv
3427,1,1,0,1e.csv
3427,0,0,0,1f.csv
3427,0,0,0,1g.csv
3427,0,0,0,1h.csv
3427,0,0,0,1i.csv
3427,0,0,0,1j.csv
3427,0,0,0,1k.csv
3427,2,1,1,1l.csv
3427,0,0,0,1m.csv
3427,6,4,2,2a.csv
3427,1,1,0,2b.csv
3427,1,1,0,2c.csv
3427,0,0,0,2d.csv
3427,0,0,0,2e.csv
3427,1,0,1,2f.csv
3427,0,0,0,2g.csv
3427,0,0,0,2h.csv
3427,0,0,0,2i.csv
3427,0,0,0,2j.csv
3427,0,0,0,2k.csv
3427,2,1,1,2l.csv
3427,4,4,0,3a.csv
3427,5,5,0,3b.csv
3427,2,2,0,3c.csv
3427,2,2,0,3d.csv
3427,1,0,1,3e.csv
3427,5,4,1,3f.csv
3427,0,0,0,3g.csv
3428,4,2,2,1a.csv
3428,1,1,0,1b.csv
3428,8,6,2,1c.csv
3428,1,1,0,1e.csv
3428,0,0,0,1f.csv
3428,0,0,0,1g.csv
3428,0,0,0,1h.csv
3428,0,0,0,1i.csv
3428,0,0,0,1j.csv
3428,0,0,0,1k.csv
3428,2,1,1,1l.csv
3428,0,0,0,1m.csv
3428,8,6,2,2a.csv
3428,1,1,0,2b.csv
3428,1,1,0,2c.csv
3428,0,0,0,2d.csv
3428,0,0,0,2e.csv
3428,1,0,1,2f.csv
3428,0,0,0,2g.csv
3428,0,0,0,2h.csv
3428,0,0,0,2i.csv
3428,0,0,0,2j.csv
3428,0,0,0,2k.csv
3428,2,1,1,2l.csv
3428,6,6,0,3a.csv
3428,4,4,0,3b.csv
3428,2,2,0,3c.csv
3428,2,2,0,3d.csv
3428,2,1,1,3e.csv
3428,4,4,0,3f.csv
3428,0,0,0,3g.csv
3429,4,2,2,1a.csv
3429,1,1,0,1b.csv
3429,10,8,2,1c.csv
3429,1,1,0,1e.csv
3429,0,0,0,1f.csv
3429,0,0,0,1g.csv
3429,0,0,0,1h.csv
3429,0,0,0,1i.csv
3429,0,0,0,1j.csv
3429,0,0,0,1k.csv
3429,3,2,1,1l.csv
3429,0,0,0,1m.csv
3429,8,6,2,2a.csv
3429,1,1,0,2b.csv
3429,1,1,0,2c.csv
3429,0,0,0,2d.csv
3429,0,0,0,2e.csv
3429,1,0,1,2f.csv
3429,0,0,0,2g.csv
3429,0,0,0,2h.csv
3429,0,0,0,2i.csv
3429,0,0,0,2j.csv
3429,0,0,0,2k.csv
3429,2,1,1,2l.csv
3429,6,6,0,3a.csv
3429,4,4,0,3b.csv
3429,2,2,0,3c.csv
3429,2,2,0,3d.csv
3429,2,1,1,3e.csv
3429,4,4,0,3f.csv
3429,0,0,0,3g.csv
3430,3,2,1,1a.csv
3430,1,1,0,1b.csv
3430,9,7,2,1c.csv
3430,1,1,0,1e.csv
3430,0,0,0,1f.csv
3430,0,0,0,1g.csv
3430,0,0,0,1h.csv
3430,0,0,0,1i.csv
3430,0,0,0,1j.csv
3430,0,0,0,1k.csv
3430,3,2,1,1l.csv
3430,0,0,0,1m.csv
3430,7,5,2,2a.csv
3430,2,2,0,2b.csv
3430,1,1,0,2c.csv
3430,0,0,0,2d.csv
3430,0,0,0,2e.csv
3430,2,1,1,2f.csv
3430,0,0,0,2g.csv
3430,0,0,0,2h.csv
3430,0,0,0,2i.csv
3430,0,0,0,2j.csv
3430,0,0,0,2k.csv
3430,2,1,1,2l.csv
3430,7,6,1,3a.csv
3430,2,2,0,3b.csv
3430,3,3,0,3c.csv
3430,3,3,0,3d.csv
3430,2,1,1,3e.csv
3430,4,4,0,3f.csv
3430,0,0,0,3g.csv
3431,3,2,1,1a.csv
3431,1,1,0,1b.csv
3431,12,10,2,1c.csv
3431,2,2,0,1e.csv
3431,0,0,0,1f.csv
3431,0,0,0,1g.csv
3431,0,0,0,1h.csv
3431,0,0,0,1i.csv
3431,0,0,0,1j.csv
3431,0,0,0,1k.csv
3431,4,3,1,1l.csv
3431,0,0,0,1m.csv
3431,5,4,1,2a.csv
3431,2,2,0,2b.csv
3431,1,1,0,2c.csv
3431,0,0,0,2d.csv
3431,0,0,0,2e.csv
3431,1,1,0,2f.csv
3431,0,0,0,2g.csv
3431,0,0,0,2h.csv
3431,0,0,0,2i.csv
3431,0,0,0,2j.csv
3431,0,0,0,2k.csv
3431,2,1,1,2l.csv
3431,9,8,1,3a.csv
3431,2,2,0,3b.csv
3431,3,3,0,3c.csv
3431,3,3,0,3d.csv
3431,2,1,1,3e.csv
3431,5,4,1,3f.csv
3431,0,0,0,3g.csv
3432,4,2,2,1a.csv
3432,1,1,0,1b.csv
3432,13,10,3,1c.csv
3432,2,2,0,1e.csv
3432,0,0,0,1f.csv
3432,0,0,0,1g.csv
3432,0,0,0,1h.csv
3432,0,0,0,1i.csv
3432,0,0,0,1j.csv
3432,0,0,0,1k.csv
3432,4,3,1,1l.csv
3432,0,0,0,1m.csv
3432,4,3,1,2a.csv
3432,2,2,0,2b.csv
3432,1,1,0,2c.csv
3432,0,0,0,2d.csv
3432,0,0,0,2e.csv
3432,1,1,0,2f.csv
3432,0,0,0,2g.csv
3432,0,0,0,2h.csv
3432,0,0,0,2i.csv
3432,0,0,0,2j.csv
3432,0,0,0,2k.csv
3432,1,0,1,2l.csv
3432,11,8,3,3a.csv
3432,2,2,0,3b.csv
3432,3,3,0,3c.csv
3432,3,3,0,3d.csv
3432,2,1,1,3e.csv
3432,4,3,1,3f.csv
3432,0,0,0,3g.csv
3433,2,1,1,1a.csv
3433,1,1,0,1b.csv
3433,12,9,3,1c.csv
3433,2,2,0,1e.csv
3433,0,0,0,1f.csv
3433,0,0,0,1g.csv
3433,0,0,0,1h.csv
3433,0,0,0,1i.csv
3433,0,0,0,1j.csv
3433,0,0,0,1k.csv
3433,4,3,1,1l.csv
3433,0,0,0,1m.csv
3433,3,3,0,2a.csv
3433,2,2,0,2b.csv
3433,2,2,0,2c.csv
3433,0,0,0,2d.csv
3433,0,0,0,2e.csv
3433,1,1,0,2f.csv
3433,0,0,0,2g.csv
3433,0,0,0,2h.csv
3433,0,0,0,2i.csv
3433,0,0,0,2j.csv
3433,0,0,0,2k.csv
3433,1,0,1,2l.csv
3433,11,8,3,3a.csv
3433,2,2,0,3b.csv
3433,3,3,0,3c.csv
3433,3,3,0,3d.csv
3433,1,1,0,3e.csv
3433,4,3,1,3f.csv
3433,0,0,0,3g.csv
3434,3,2,1,1a.csv
3434,2,2,0,1b.csv
3434,12,10,2,1c.csv
3434,1,1,0,1e.csv
3434,0,0,0,1f.csv
3434,0,0,0,1g.csv
3434,0,0,0,1h.csv
3434,0,0,0,1i.csv
3434,0,0,0,1j.csv
3434,0,0,0,1k.csv
3434,4,4,0,1l.csv
3434,0,0,0,1m.csv
3434,2,2,0,2a.csv
3434,1,1,0,2b.csv
3434,1,1,0,2c.csv
3434,0,0,0,2d.csv
3434,0,0,0,2e.csv
3434,1,1,0,2f.csv
3434,0,0,0,2g.csv
3434,0,0,0,2h.csv
3434,0,0,0,2i.csv
3434,0,0,0,2j.csv
3434,0,0,0,2k.csv
3434,0,0,0,2l.csv
3434,13,9,4,3a.csv
3434,2,2,0,3b.csv
3434,3,3,0,3c.csv
3434,3,3,0,3d.csv
3434,1,1,0,3e.csv
3434,3,2,1,3f.csv
3434,1,0,1,3g.csv
3435,3,2,1,1a.csv
3435,1,1,0,1b.csv
3435,12,10,2,1c.csv
3435,1,1,0,1e.csv
3435,0,0,0,1f.csv
3435,0,0,0,1g.csv
3435,0,0,0,1h.csv
3435,0,0,0,1i.csv
3435,0,0,0,1j.csv
3435,0,0,0,1k.csv
3435,4,4,0,1l.csv
3435,0,0,0,1m.csv
3435,2,2,0,2a.csv
3435,1,1,0,2b.csv
3435,1,1,0,2c.csv
3435,0,0,0,2d.csv
3435,0,0,0,2e.csv
3435,1,1,0,2f.csv
3435,0,0,0,2g.csv
3435,0,0,0,2h.csv
3435,0,0,0,2i.csv
3435,0,0,0,2j.csv
3435,0,0,0,2k.csv
3435,0,0,0,2l.csv
3435,17,11,6,3a.csv
3435,2,2,0,3b.csv
3435,2,2,0,3c.csv
3435,2,2,0,3d.csv
3435,1,1,0,3e.csv
3435,3,2,1,3f.csv
3435,2,1,1,3g.csv
3436,3,2,1,1a.csv
3436,1,1,0,1b.csv
3436,13,11,2,1c.csv
3436,1,1,0,1e.csv
3436,0,0,0,1f.csv
3436,0,0,0,1g.csv
3436,0,0,0,1h.csv
3436,0,0,0,1i.csv
3436,1,1,0,1j.csv
3436,0,0,0,1k.csv
3436,4,4,0,1l.csv
3436,0,0,0,1m.csv
3436,1,1,0,2a.csv
3436,1,1,0,2b.csv
3436,1,1,0,2c.csv
3436,0,0,0,2d.csv
3436,1,1,0,2e.csv
3436,1,1,0,2f.csv
3436,0,0,0,2g.csv
3436,0,0,0,2h.csv
3436,0,0,0,2i.csv
3436,0,0,0,2j.csv
3436,0,0,0,2k.csv
3436,0,0,0,2l.csv
3436,19,11,8,3a.csv
3436,1,1,0,3b.csv
3436,1,1,0,3c.csv
3436,1,1,0,3d.csv
3436,0,0,0,3e.csv
3436,4,3,1,3f.csv
3436,3,2,1,3g.csv
3437,5,4,1,1a.csv
3437,2,2,0,1b.csv
3437,12,10,2,1c.csv
3437,1,1,0,1e.csv
3437,0,0,0,1f.csv
3437,1,0,1,1g.csv
3437,0,0,0,1h.csv
3437,0,0,0,1i.csv
3437,1,1,0,1j.csv
3437,0,0,0,1k.csv
3437,2,2,0,1l.csv
3437,0,0,0,1m.csv
3437,2,2,0,2a.csv
3437,1,1,0,2b.csv
3437,1,1,0,2c.csv
3437,0,0,0,2d.csv
3437,1,1,0,2e.csv
3437,1,1,0,2f.csv
3437,0,0,0,2g.csv
3437,0,0,0,2h.csv
3437,0,0,0,2i.csv
3437,0,0,0,2j.csv
3437,0,0,0,2k.csv
3437,0,0,0,2l.csv
3437,24,15,9,3a.csv
3437,1,1,0,3b.csv
3437,1,1,0,3c.csv
3437,1,1,0,3d.csv
3437,0,0,0,3e.csv
3437,4,3,1,3f.csv
3437,5,4,1,3g.csv
3438,6,5,1,1a.csv
3438,2,2,0,1b.csv
3438,13,11,2,1c.csv
3438,1,1,0,1e.csv
3438,0,0,0,1f.csv
3438,1,0,1,1g.csv
3438,0,0,0,1h.csv
3438,0,0,0,1i.csv
3438,1,1,0,1j.csv
3438,1,1,0,1k.csv
3438,2,2,0,1l.csv
3438,0,0,0,1m.csv
3438,2,2,0,2a.csv
3438,0,0,0,2b.csv
3438,1,1,0,2c.csv
3438,0,0,0,2d.csv
3438,1,1,0,2e.csv
3438,0,0,0,2f.csv
3438,0,0,0,2g.csv
3438,0,0,0,2h.csv
3438,0,0,0,2i.csv
3438,0,0,0,2j.csv
3438,0,0,0,2k.csv
3438,0,0,0,2l.csv
3438,27,18,9,3a.csv
3438,1,1,0,3b.csv
3438,1,1,0,3c.csv
3438,1,1,0,3d.csv
3438,0,0,0,3e.csv
3438,2,1,1,3f.csv
3438,6,5,1,3g.csv
3439,6,5,1,1a.csv
3439,2,2,0,1b.csv
3439,13,11,2,1c.csv
3439,1,1,0,1e.csv
3439,0,0,0,1f.csv
3439,1,0,1,1g.csv
3439,0,0,0,1h.csv
3439,0,0,0,1i.csv
3439,1,1,0,1j.csv
3439,1,1,0,1k.csv
3439,1,1,0,1l.csv
3439,0,0,0,1m.csv
3439,2,2,0,2a.csv
3439,0,0,0,2b.csv
3439,1,1,0,2c.csv
3439,0,0,0,2d.csv
3439,1,1,0,2e.csv
3439,0,0,0,2f.csv
3439,0,0,0,2g.csv
3439,0,0,0,2h.csv
3439,0,0,0,2i.csv
3439,0,0,0,2j.csv
3439,0,0,0,2k.csv
3439,0,0,0,2l.csv
3439,28,19,9,3a.csv
3439,0,0,0,3b.csv
3439,1,1,0,3c.csv
3439,1,1,0,3d.csv
3439,0,0,0,3e.csv
3439,1,1,0,3f.csv
3439,6,5,1,3g.csv
3440,6,6,0,1a.csv
3440,2,2,0,1b.csv
3440,14,13,1,1c.csv
3440,2,2,0,1e.csv
3440,0,0,0,1f.csv
3440,1,0,1,1g.csv
3440,0,0,0,1h.csv
3440,0,0,0,1i.csv
3440,1,1,0,1j.csv
3440,1,1,0,1k.csv
3440,1,1,0,1l.csv
3440,0,0,0,1m.csv
3440,2,2,0,2a.csv
3440,0,0,0,2b.csv
3440,1,1,0,2c.csv
3440,0,0,0,2d.csv
3440,1,1,0,2e.csv
3440,0,0,0,2f.csv
3440,0,0,0,2g.csv
3440,0,0,0,2h.csv
3440,0,0,0,2i.csv
3440,0,0,0,2j.csv
3440,0,0,0,2k.csv
3440,0,0,0,2l.csv
3440,29,21,8,3a.csv
3440,1,1,0,3b.csv
3440,2,2,0,3c.csv
3440,2,2,0,3d.csv
3440,0,0,0,3e.csv
3440,2,2,0,3f.csv
3440,6,5,1,3g.csv
3441,7,7,0,1a.csv
3441,2,2,0,1b.csv
3441,16,15,1,1c.csv
3441,2,2,0,1e.csv
3441,1,1,0,1f.csv
3441,1,0,1,1g.csv
3441,0,0,0,1h.csv
3441,0,0,0,1i.csv
3441,3,3,0,1j.csv
3441,1,1,0,1k.csv
3441,2,1,1,1l.csv
3441,0,0,0,1m.csv
3441,3,3,0,2a.csv
3441,0,0,0,2b.csv
3441,0,0,0,2c.csv
3441,0,0,0,2d.csv
3441,1,1,0,2e.csv
3441,0,0,0,2f.csv
3441,0,0,0,2g.csv
3441,0,0,0,2h.csv
3441,0,0,0,2i.csv
3441,0,0,0,2j.csv
3441,0,0,0,2k.csv
3441,0,0,0,2l.csv
3441,30,22,8,3a.csv
3441,1,1,0,3b.csv
3441,2,2,0,3c.csv
3441,2,2,0,3d.csv
3441,0,0,0,3e.csv
3441,2,2,0,3f.csv
3441,7,6,1,3g.csv
3442,5,5,0,1a.csv
3442,1,1,0,1b.csv
3442,18,15,3,1c.csv
3442,2,2,0,1e.csv
3442,1,1,0,1f.csv
3442,1,0,1,1g.csv
3442,0,0,0,1h.csv
3442,0,0,0,1i.csv
3442,3,3,0,1j.csv
3442,1,1,0,1k.csv
3442,2,1,1,1l.csv
3442,0,0,0,1m.csv
3442,3,3,0,2a.csv
3442,0,0,0,2b.csv
3442,0,0,0,2c.csv
3442,0,0,0,2d.csv
3442,1,1,0,2e.csv
3442,0,0,0,2f.csv
3442,0,0,0,2g.csv
3442,0,0,0,2h.csv
3442,0,0,0,2i.csv
3442,0,0,0,2j.csv
3442,0,0,0,2k.csv
3442,0,0,0,2l.csv
3442,28,21,7,3a.csv
3442,1,1,0,3b.csv
3442,2,2,0,3c.csv
3442,2,2,0,3d.csv
3442,0,0,0,3e.csv
3442,3,3,0,3f.csv
3442,6,6,0,3g.csv
3443,7,7,0,1a.csv
3443,1,1,0,1b.csv
3443,19,17,2,1c.csv
3443,2,2,0,1e.csv
3443,1,1,0,1f.csv
3443,1,0,1,1g.csv
3443,0,0,0,1h.csv
3443,0,0,0,1i.csv
3443,3,3,0,1j.csv
3443,1,1,0,1k.csv
3443,3,2,1,1l.csv
3443,0,0,0,1m.csv
3443,3,3,0,2a.csv
3443,0,0,0,2b.csv
3443,0,0,0,2c.csv
3443,0,0,0,2d.csv
3443,1,1,0,2e.csv
3443,0,0,0,2f.csv
3443,0,0,0,2g.csv
3443,0,0,0,2h.csv
3443,0,0,0,2i.csv
3443,0,0,0,2j.csv
3443,0,0,0,2k.csv
3443,0,0,0,2l.csv
3443,26,21,5,3a.csv
3443,1,1,0,3b.csv
3443,3,3,0,3c.csv
3443,3,3,0,3d.csv
3443,0,0,0,3e.csv
3443,3,3,0,3f.csv
3443,5,5,0,3g.csv
3444,9,9,0,1a.csv
3444,1,1,0,1b.csv
3444,18,16,2,1c.csv
3444,2,2,0,1e.csv
3444,1,1,0,1f.csv
3444,1,0,1,1g.csv
3444,0,0,0,1h.csv
3444,0,0,0,1i.csv
3444,2,2,0,1j.csv
3444,1,1,0,1k.csv
3444,4,3,1,1l.csv
3444,0,0,0,1m.csv
3444,2,2,0,2a.csv
3444,0,0,0,2b.csv
3444,0,0,0,2c.csv
3444,1,1,0,2d.csv
3444,0,0,0,2e.csv
3444,0,0,0,2f.csv
3444,0,0,0,2g.csv
3444,0,0,0,2h.csv
3444,0,0,0,2i.csv
3444,0,0,0,2j.csv
3444,0,0,0,2k.csv
3444,0,0,0,2l.csv
3444,25,22,3,3a.csv
3444,1,1,0,3b.csv
3444,3,3,0,3c.csv
3444,3,3,0,3d.csv
3444,2,1,1,3e.csv
3444,2,2,0,3f.csv
3444,5,5,0,3g.csv
3445,10,10,0,1a.csv
3445,1,0,1,1b.csv
3445,17,15,2,1c.csv
3445,2,2,0,1e.csv
3445,1,1,0,1f.csv
3445,1,1,0,1g.csv
3445,0,0,0,1h.csv
3445,0,0,0,1i.csv
3445,2,2,0,1j.csv
3445,1,1,0,1k.csv
3445,4,3,1,1l.csv
3445,0,0,0,1m.csv
3445,1,1,0,2a.csv
3445,0,0,0,2b.csv
3445,0,0,0,2c.csv
3445,1,1,0,2d.csv
3445,0,0,0,2e.csv
3445,0,0,0,2f.csv
3445,0,0,0,2g.csv
3445,0,0,0,2h.csv
3445,0,0,0,2i.csv
3445,0,0,0,2j.csv
3445,0,0,0,2k.csv
3445,0,0,0,2l.csv
3445,22,19,3,3a.csv
3445,2,2,0,3b.csv
3445,3,3,0,3c.csv
3445,3,3,0,3d.csv
3445,2,1,1,3e.csv
3445,3,3,0,3f.csv
3445,3,3,0,3g.csv
3446,11,10,1,1a.csv
3446,1,0,1,1b.csv
3446,17,14,3,1c.csv
3446,2,2,0,1e.csv
3446,1,1,0,1f.csv
3446,1,1,0,1g.csv
3446,0,0,0,1h.csv
3446,0,0,0,1i.csv
3446,2,2,0,1j.csv
3446,0,0,0,1k.csv
3446,4,3,1,1l.csv
3446,0,0,0,1m.csv
3446,1,1,0,2a.csv
3446,0,0,0,2b.csv
3446,0,0,0,2c.csv
3446,1,1,0,2d.csv
3446,0,0,0,2e.csv
3446,0,0,0,2f.csv
3446,0,0,0,2g.csv
3446,0,0,0,2h.csv
3446,0,0,0,2i.csv
3446,0,0,0,2j.csv
3446,0,0,0,2k.csv
3446,0,0,0,2l.csv
3446,19,17,2,3a.csv
3446,4,4,0,3b.csv
3446,2,2,0,3c.csv
3446,2,2,0,3d.csv
3446,2,1,1,3e.csv
3446,3,3,0,3f.csv
3446,2,2,0,3g.csv
3447,12,10,2,1a.csv
3447,1,0,1,1b.csv
3447,14,11,3,1c.csv
3447,1,1,0,1e.csv
3447,1,1,0,1f.csv
3447,1,1,0,1g.csv
3447,0,0,0,1h.csv
3447,0,0,0,1i.csv
3447,2,2,0,1j.csv
3447,0,0,0,1k.csv
3447,5,4,1,1l.csv
3447,0,0,0,1m.csv
3447,1,1,0,2a.csv
3447,0,0,0,2b.csv
3447,0,0,0,2c.csv
3447,1,1,0,2d.csv
3447,0,0,0,2e.csv
3447,1,1,0,2f.csv
3447,0,0,0,2g.csv
3447,0,0,0,2h.csv
3447,0,0,0,2i.csv
3447,0,0,0,2j.csv
3447,0,0,0,2k.csv
3447,0,0,0,2l.csv
3447,17,15,2,3a.csv
3447,4,4,0,3b.csv
3447,2,2,0,3c.csv
3447,2,2,0,3d.csv
3447,2,1,1,3e.csv
3447,3,3,0,3f.csv
3447,3,3,0,3g.csv
3448,13,10,3,1a.csv
3448,1,0,1,1b.csv
3448,14,10,4,1c.csv
3448,0,0,0,1e.csv
3448,1,1,0,1f.csv
3448,1,1,0,1g.csv
3448,0,0,0,1h.csv
3448,0,0,0,1i.csv
3448,2,2,0,1j.csv
3448,0,0,0,1k.csv
3448,5,4,1,1l.csv
3448,0,0,0,1m.csv
3448,1,1,0,2a.csv
3448,0,0,0,2b.csv
3448,0,0,0,2c.csv
3448,1,1,0,2d.csv
3448,0,0,0,2e.csv
3448,1,1,0,2f.csv
3448,0,0,0,2g.csv
3448,1,1,0,2h.csv
3448,0,0,0,2i.csv
3448,0,0,0,2j.csv
3448,0,0,0,2k.csv
3448,0,0,0,2l.csv
3448,17,15,2,3a.csv
3448,3,3,0,3b.csv
3448,1,1,0,3c.csv
3448,1,1,0,3d.csv
3448,2,1,1,3e.csv
3448,3,3,0,3f.csv
3448,3,3,0,3g.csv
3449,13,10,3,1a.csv
3449,2,1,1,1b.csv
3449,14,9,5,1c.csv
3449,0,0,0,1e.csv
3449,0,0,0,1f.csv
3449,1,1,0,1g.csv
3449,0,0,0,1h.csv
3449,0,0,0,1i.csv
3449,0,0,0,1j.csv
3449,0,0,0,1k.csv
3449,4,4,0,1l.csv
3449,0,0,0,1m.csv
3449,1,1,0,2a.csv
3449,0,0,0,2b.csv
3449,0,0,0,2c.csv
3449,1,1,0,2d.csv
3449,0,0,0,2e.csv
3449,1,1,0,2f.csv
3449,0,0,0,2g.csv
3449,1,1,0,2h.csv
3449,0,0,0,2i.csv
3449,0,0,0,2j.csv
3449,0,0,0,2k.csv
3449,0,0,0,2l.csv
3449,15,13,2,3a.csv
3449,3,3,0,3b.csv
3449,2,2,0,3c.csv
3449,2,2,0,3d.csv
3449,2,1,1,3e.csv
3449,3,3,0,3f.csv
3449,3,3,0,3g.csv
3450,17,13,4,1a.csv
3450,2,1,1,1b.csv
3450,11,8,3,1c.csv
3450,0,0,0,1e.csv
3450,0,0,0,1f.csv
3450,1,1,0,1g.csv
3450,0,0,0,1h.csv
3450,0,0,0,1i.csv
3450,0,0,0,1j.csv
3450,0,0,0,1k.csv
3450,4,3,1,1l.csv
3450,0,0,0,1m.csv
3450,1,1,0,2a.csv
3450,0,0,0,2b.csv
3450,0,0,0,2c.csv
3450,1,1,0,2d.csv
3450,0,0,0,2e.csv
3450,1,1,0,2f.csv
3450,0,0,0,2g.csv
3450,1,1,0,2h.csv
3450,0,0,0,2i.csv
3450,0,0,0,2j.csv
3450,0,0,0,2k.csv
3450,0,0,0,2l.csv
3450,16,13,3,3a.csv
3450,3,3,0,3b.csv
3450,3,3,0,3c.csv
3450,3,3,0,3d.csv
3450,2,1,1,3e.csv
3450,2,2,0,3f.csv
3450,3,3,0,3g.csv
3451,19,14,5,1a.csv
3451,4,3,1,1b.csv
3451,9,6,3,1c.csv
3451,0,0,0,1e.csv
3451,0,0,0,1f.csv
3451,1,1,0,1g.csv
3451,1,1,0,1h.csv
3451,0,0,0,1i.csv
3451,0,0,0,1j.csv
3451,0,0,0,1k.csv
3451,3,2,1,1l.csv
3451,0,0,0,1m.csv
3451,1,1,0,2a.csv
3451,0,0,0,2b.csv
3451,0,0,0,2c.csv
3451,1,1,0,2d.csv
3451,0,0,0,2e.csv
3451,1,1,0,2f.csv
3451,0,0,0,2g.csv
3451,1,1,0,2h.csv
3451,0,0,0,2i.csv
3451,0,0,0,2j.csv
3451,0,0,0,2k.csv
3451,0,0,0,2l.csv
3451,16,13,3,3a.csv
3451,3,3,0,3b.csv
3451,3,3,0,3c.csv
3451,3,3,0,3d.csv
3451,2,1,1,3e.csv
3451,2,2,0,3f.csv
3451,3,3,0,3g.csv
3452,17,12,5,1a.csv
3452,4,3,1,1b.csv
3452,11,7,4,1c.csv
3452,0,0,0,1e.csv
3452,0,0,0,1f.csv
3452,2,2,0,1g.csv
3452,1,1,0,1h.csv
3452,0,0,0,1i.csv
3452,0,0,0,1j.csv
3452,0,0,0,1k.csv
3452,3,2,1,1l.csv
3452,0,0,0,1m.csv
3452,3,3,0,2a.csv
3452,0,0,0,2b.csv
3452,0,0,0,2c.csv
3452,0,0,0,2d.csv
3452,1,1,0,2e.csv
3452,1,1,0,2f.csv
3452,0,0,0,2g.csv
3452,1,1,0,2h.csv
3452,0,0,0,2i.csv
3452,0,0,0,2j.csv
3452,0,0,0,2k.csv
3452,0,0,0,2l.csv
3452,14,11,3,3a.csv
3452,3,3,0,3b.csv
3452,3,3,0,3c.csv
3452,3,3,0,3d.csv
3452,0,0,0,3e.csv
3452,3,3,0,3f.csv
3452,2,2,0,3g.csv
3453,16,10,6,1a.csv
3453,3,3,0,1b.csv
3453,11,7,4,1c.csv
3453,0,0,0,1e.csv
3453,0,0,0,1f.csv
3453,1,1,0,1g.csv
3453,1,1,0,1h.csv
3453,0,0,0,1i.csv
3453,0,0,0,1j.csv
3453,0,0,0,1k.csv
3453,4,3,1,1l.csv
3453,0,0,0,1m.csv
3453,3,3,0,2a.csv
3453,0,0,0,2b.csv
3453,0,0,0,2c.csv
3453,0,0,0,2d.csv
3453,1,1,0,2e.csv
3453,1,1,0,2f.csv
3453,1,1,0,2g.csv
3453,1,1,0,2h.csv
3453,0,0,0,2i.csv
3453,0,0,0,2j.csv
3453,0,0,0,2k.csv
3453,0,0,0,2l.csv
3453,12,10,2,3a.csv
3453,2,2,0,3b.csv
3453,6,6,0,3c.csv
3453,6,6,0,3d.csv
3453,0,0,0,3e.csv
3453,2,2,0,3f.csv
3453,2,2,0,3g.csv
3454,15,10,5,1a.csv
3454,4,4,0,1b.csv
3454,10,6,4,1c.csv
3454,0,0,0,1e.csv
3454,0,0,0,1f.csv
3454,1,1,0,1g.csv
3454,1,1,0,1h.csv
3454,0,0,0,1i.csv
3454,0,0,0,1j.csv
3454,0,0,0,1k.csv
3454,4,3,1,1l.csv
3454,0,0,0,1m.csv
3454,3,3,0,2a.csv
3454,0,0,0,2b.csv
3454,0,0,0,2c.csv
3454,0,0,0,2d.csv
3454,1,1,0,2e.csv
3454,1,1,0,2f.csv
3454,1,1,0,2g.csv
3454,1,1,0,2h.csv
3454,0,0,0,2i.csv
3454,0,0,0,2j.csv
3454,0,0,0,2k.csv
3454,0,0,0,2l.csv
3454,12,10,2,3a.csv
3454,1,0,1,3b.csv
3454,6,6,0,3c.csv
3454,6,6,0,3d.csv
3454,1,1,0,3e.csv
3454,2,2,0,3f.csv
3454,2,2,0,3g.csv
3455,16,11,5,1a.csv
3455,4,4,0,1b.csv
3455,10,6,4,1c.csv
3455,0,0,0,1e.csv
3455,0,0,0,1f.csv
3455,1,1,0,1g.csv
3455,2,2,0,1h.csv
3455,0,0,0,1i.csv
3455,0,0,0,1j.csv
3455,0,0,0,1k.csv
3455,3,2,1,1l.csv
3455,1,0,1,1m.csv
3455,3,3,0,2a.csv
3455,0,0,0,2b.csv
3455,0,0,0,2c.csv
3455,0,0,0,2d.csv
3455,1,1,0,2e.csv
3455,0,0,0,2f.csv
3455,2,2,0,2g.csv
3455,1,1,0,2h.csv
3455,0,0,0,2i.csv
3455,0,0,0,2j.csv
3455,0,0,0,2k.csv
3455,0,0,0,2l.csv
3455,11,9,2,3a.csv
3455,2,0,2,3b.csv
3455,6,6,0,3c.csv
3455,6,6,0,3d.csv
3455,4,4,0,3e.csv
3455,4,4,0,3f.csv
3455,2,2,0,3g.csv
3456,14,10,4,1a.csv
3456,5,5,0,1b.csv
3456,8,5,3,1c.csv
3456,0,0,0,1e.csv
3456,1,0,1,1f.csv
3456,1,1,0,1g.csv
3456,2,2,0,1h.csv
3456,0,0,0,1i.csv
3456,0,0,0,1j.csv
3456,0,0,0,1k.csv
3456,3,2,1,1l.csv
3456,1,0,1,1m.csv
3456,3,3,0,2a.csv
3456,0,0,0,2b.csv
3456,0,0,0,2c.csv
3456,0,0,0,2d.csv
3456,1,1,0,2e.csv
3456,0,0,0,2f.csv
3456,2,2,0,2g.csv
3456,0,0,0,2h.csv
3456,0,0,0,2i.csv
3456,0,0,0,2j.csv
3456,0,0,0,2k.csv
3456,0,0,0,2l.csv
3456,8,7,1,3a.csv
3456,2,0,2,3b.csv
3456,6,6,0,3c.csv
3456,6,6,0,3d.csv
3456,5,5,0,3e.csv
3456,3,3,0,3f.csv
3456,2,2,0,3g.csv
3457,16,9,7,1a.csv
3457,4,4,0,1b.csv
3457,7,4,3,1c.csv
3457,0,0,0,1e.csv
3457,1,0,1,1f.csv
3457,1,1,0,1g.csv
3457,2,2,0,1h.csv
3457,0,0,0,1i.csv
3457,0,0,0,1j.csv
3457,0,0,0,1k.csv
3457,3,2,1,1l.csv
3457,1,0,1,1m.csv
3457,2,2,0,2a.csv
3457,0,0,0,2b.csv
3457,0,0,0,2c.csv
3457,0,0,0,2d.csv
3457,1,1,0,2e.csv
3457,0,0,0,2f.csv
3457,2,2,0,2g.csv
3457,0,0,0,2h.csv
3457,0,0,0,2i.csv
3457,0,0,0,2j.csv
3457,0,0,0,2k.csv
3457,0,0,0,2l.csv
3457,11,10,1,3a.csv
3457,2,0,2,3b.csv
3457,5,5,0,3c.csv
3457,5,5,0,3d.csv
3457,6,6,0,3e.csv
3457,3,3,0,3f.csv
3457,1,1,0,3g.csv
3458,15,8,7,1a.csv
3458,4,4,0,1b.csv
3458,6,2,4,1c.csv
3458,0,0,0,1e.csv
3458,1,0,1,1f.csv
3458,1,1,0,1g.csv
3458,2,2,0,1h.csv
3458,0,0,0,1i.csv
3458,0,0,0,1j.csv
3458,0,0,0,1k.csv
3458,3,3,0,1l.csv
3458,1,0,1,1m.csv
3458,2,2,0,2a.csv
3458,0,0,0,2b.csv
3458,0,0,0,2c.csv
3458,0,0,0,2d.csv
3458,1,1,0,2e.csv
3458,0,0,0,2f.csv
3458,2,2,0,2g.csv
3458,0,0,0,2h.csv
3458,0,0,0,2i.csv
3458,0,0,0,2j.csv
3458,0,0,0,2k.csv
3458,0,0,0,2l.csv
3458,10,9,1,3a.csv
3458,2,0,2,3b.csv
3458,4,4,0,3c.csv
3458,4,4,0,3d.csv
3458,6,6,0,3e.csv
3458,3,3,0,3f.csv
3458,1,1,0,3g.csv
3459,11,5,6,1a.csv
3459,2,2,0,1b.csv
3459,6,2,4,1c.csv
3459,0,0,0,1e.csv
3459,1,0,1,1f.csv
3459,1,1,0,1g.csv
3459,1,1,0,1h.csv
3459,0,0,0,1i.csv
3459,0,0,0,1j.csv
3459,0,0,0,1k.csv
3459,3,3,0,1l.csv
3459,1,0,1,1m.csv
3459,2,2,0,2a.csv
3459,0,0,0,2b.csv
3459,0,0,0,2c.csv
3459,0,0,0,2d.csv
3459,1,1,0,2e.csv
3459,0,0,0,2f.csv
3459,2,2,0,2g.csv
3459,0,0,0,2h.csv
3459,0,0,0,2i.csv
3459,0,0,0,2j.csv
3459,0,0,0,2k.csv
3459,0,0,0,2l.csv
3459,13,9,4,3a.csv
3459,2,0,2,3b.csv
3459,3,3,0,3c.csv
3459,3,3,0,3d.csv
3459,10,10,0,3e.csv
3459,5,4,1,3f.csv
3459,1,1,0,3g.csv
3460,11,5,6,1a.csv
3460,2,2,0,1b.csv
3460,5,2,3,1c.csv
3460,0,0,0,1e.csv
3460,1,0,1,1f.csv
3460,0,0,0,1g.csv
3460,1,1,0,1h.csv
3460,0,0,0,1i.csv
3460,0,0,0,1j.csv
3460,0,0,0,1k.csv
3460,2,2,0,1l.csv
3460,1,0,1,1m.csv
3460,0,0,0,2a.csv
3460,0,0,0,2b.csv
3460,0,0,0,2c.csv
3460,0,0,0,2d.csv
3460,0,0,0,2e.csv
3460,0,0,0,2f.csv
3460,2,2,0,2g.csv
3460,0,0,0,2h.csv
3460,0,0,0,2i.csv
3460,0,0,0,2j.csv
3460,0,0,0,2k.csv
3460,0,0,0,2l.csv
3460,13,9,4,3a.csv
3460,3,1,2,3b.csv
3460,3,3,0,3c.csv
3460,3,3,0,3d.csv
3460,11,10,1,3e.csv
3460,5,4,1,3f.csv
3460,2,2,0,3g.csv
3461,11,4,7,1a.csv
3461,2,2,0,1b.csv
3461,6,3,3,1c.csv
3461,0,0,0,1e.csv
3461,1,0,1,1f.csv
3461,0,0,0,1g.csv
3461,1,1,0,1h.csv
3461,0,0,0,1i.csv
3461,1,1,0,1j.csv
3461,0,0,0,1k.csv
3461,1,1,0,1l.csv
3461,1,0,1,1m.csv
3461,0,0,0,2a.csv
3461,0,0,0,2b.csv
3461,0,0,0,2c.csv
3461,0,0,0,2d.csv
3461,0,0,0,2e.csv
3461,0,0,0,2f.csv
3461,1,1,0,2g.csv
3461,0,0,0,2h.csv
3461,0,0,0,2i.csv
3461,0,0,0,2j.csv
3461,0,0,0,2k.csv
3461,0,0,0,2l.csv
3461,15,11,4,3a.csv
3461,3,1,2,3b.csv
3461,0,0,0,3c.csv
3461,0,0,0,3d.csv
3461,12,11,1,3e.csv
3461,6,5,1,3f.csv
3461,2,2,0,3g.csv
3462,11,4,7,1a.csv
3462,1,1,0,1b.csv
3462,5,3,2,1c.csv
3462,0,0,0,1e.csv
3462,1,0,1,1f.csv
3462,0,0,0,1g.csv
3462,2,2,0,1h.csv
3462,0,0,0,1i.csv
3462,2,2,0,1j.csv
3462,0,0,0,1k.csv
3462,1,1,0,1l.csv
3462,1,0,1,1m.csv
3462,0,0,0,2a.csv
3462,0,0,0,2b.csv
3462,0,0,0,2c.csv
3462,0,0,0,2d.csv
3462,1,1,0,2e.csv
3462,0,0,0,2f.csv
3462,1,1,0,2g.csv
3462,0,0,0,2h.csv
3462,0,0,0,2i.csv
3462,0,0,0,2j.csv
3462,0,0,0,2k.csv
3462,0,0,0,2l.csv
3462,14,10,4,3a.csv
3462,2,1,1,3b.csv
3462,0,0,0,3c.csv
3462,0,0,0,3d.csv
3462,11,10,1,3e.csv
3462,8,7,1,3f.csv
3462,2,2,0,3g.csv
3463,10,3,7,1a.csv
3463,1,1,0,1b.csv
3463,5,3,2,1c.csv
3463,0,0,0,1e.csv
3463,1,0,1,1f.csv
3463,0,0,0,1g.csv
3463,1,1,0,1h.csv
3463,0,0,0,1i.csv
3463,2,2,0,1j.csv
3463,0,0,0,1k.csv
3463,1,1,0,1l.csv
3463,0,0,0,1m.csv
3463,0,0,0,2a.csv
3463,1,1,0,2b.csv
3463,0,0,0,2c.csv
3463,0,0,0,2d.csv
3463,1,1,0,2e.csv
3463,1,0,1,2f.csv
3463,0,0,0,2g.csv
3463,0,0,0,2h.csv
3463,0,0,0,2i.csv
3463,0,0,0,2j.csv
3463,0,0,0,2k.csv
3463,1,0,1,2l.csv
3463,16,12,4,3a.csv
3463,3,3,0,3b.csv
3463,0,0,0,3c.csv
3463,0,0,0,3d.csv
3463,8,7,1,3e.csv
3463,7,6,1,3f.csv
3463,2,2,0,3g.csv
3464,10,3,7,1a.csv
3464,0,0,0,1b.csv
3464,5,3,2,1c.csv
3464,0,0,0,1e.csv
3464,0,0,0,1f.csv
3464,0,0,0,1g.csv
3464,1,1,0,1h.csv
3464,0,0,0,1i.csv
3464,2,2,0,1j.csv
3464,0,0,0,1k.csv
3464,1,1,0,1l.csv
3464,0,0,0,1m.csv
3464,0,0,0,2a.csv
3464,1,1,0,2b.csv
3464,1,0,1,2c.csv
3464,0,0,0,2d.csv
3464,1,1,0,2e.csv
3464,1,0,1,2f.csv
3464,0,0,0,2g.csv
3464,0,0,0,2h.csv
3464,0,0,0,2i.csv
3464,0,0,0,2j.csv
3464,0,0,0,2k.csv
3464,1,0,1,2l.csv
3464,16,12,4,3a.csv
3464,4,4,0,3b.csv
3464,0,0,0,3c.csv
3464,0,0,0,3d.csv
3464,8,6,2,3e.csv
3464,10,9,1,3f.csv
3464,2,2,0,3g.csv
3465,8,4,4,1a.csv
3465,0,0,0,1b.csv
3465,5,4,1,1c.csv
3465,2,2,0,1e.csv
3465,0,0,0,1f.csv
3465,0,0,0,1g.csv
3465,1,1,0,1h.csv
3465,0,0,0,1i.csv
3465,2,2,0,1j.csv
3465,0,0,0,1k.csv
3465,1,1,0,1l.csv
3465,0,0,0,1m.csv
3465,0,0,0,2a.csv
3465,1,1,0,2b.csv
3465,1,0,1,2c.csv
3465,0,0,0,2d.csv
3465,1,1,0,2e.csv
3465,1,0,1,2f.csv
3465,0,0,0,2g.csv
3465,0,0,0,2h.csv
3465,0,0,0,2i.csv
3465,0,0,0,2j.csv
3465,0,0,0,2k.csv
3465,1,0,1,2l.csv
3465,13,9,4,3a.csv
3465,4,4,0,3b.csv
3465,0,0,0,3c.csv
3465,0,0,0,3d.csv
3465,7,5,2,3e.csv
3465,11,10,1,3f.csv
3465,2,2,0,3g.csv
3466,6,2,4,1a.csv
3466,0,0,0,1b.csv
3466,4,4,0,1c.csv
3466,2,2,0,1e.csv
3466,0,0,0,1f.csv
3466,0,0,0,1g.csv
3466,1,1,0,1h.csv
3466,0,0,0,1i.csv
3466,2,2,0,1j.csv
3466,0,0,0,1k.csv
3466,0,0,0,1l.csv
3466,0,0,0,1m.csv
3466,0,0,0,2a.csv
3466,1,1,0,2b.csv
3466,1,0,1,2c.csv
3466,0,0,0,2d.csv
3466,1,1,0,2e.csv
3466,1,0,1,2f.csv
3466,0,0,0,2g.csv
3466,0,0,0,2h.csv
3466,0,0,0,2i.csv
3466,0,0,0,2j.csv
3466,0,0,0,2k.csv
3466,1,0,1,2l.csv
3466,13,10,3,3a.csv
3466,4,4,0,3b.csv
3466,0,0,0,3c.csv
3466,0,0,0,3d.csv
3466,9,7,2,3e.csv
3466,11,10,1,3f.csv
3466,2,2,0,3g.csv
3467,6,2,4,1a.csv
3467,0,0,0,1b.csv
3467,7,6,1,1c.csv
3467,2,2,0,1e.csv
3467,0,0,0,1f.csv
3467,0,0,0,1g.csv
3467,1,1,0,1h.csv
3467,0,0,0,1i.csv
3467,3,3,0,1j.csv
3467,0,0,0,1k.csv
3467,0,0,0,1l.csv
3467,0,0,0,1m.csv
3467,0,0,0,2a.csv
3467,1,1,0,2b.csv
3467,1,0,1,2c.csv
3467,0,0,0,2d.csv
3467,1,1,0,2e.csv
3467,1,0,1,2f.csv
3467,0,0,0,2g.csv
3467,0,0,0,2h.csv
3467,0,0,0,2i.csv
3467,0,0,0,2j.csv
3467,0,0,0,2k.csv
3467,1,0,1,2l.csv
3467,10,10,0,3a.csv
3467,5,5,0,3b.csv
3467,2,2,0,3c.csv
3467,2,2,0,3d.csv
3467,7,5,2,3e.csv
3467,9,9,0,3f.csv
3467,2,2,0,3g.csv
3468,6,2,4,1a.csv
3468,0,0,0,1b.csv
3468,5,4,1,1c.csv
3468,2,2,0,1e.csv
3468,0,0,0,1f.csv
3468,0,0,0,1g.csv
3468,1,1,0,1h.csv
3468,0,0,0,1i.csv
3468,3,3,0,1j.csv
3468,0,0,0,1k.csv
3468,0,0,0,1l.csv
3468,0,0,0,1m.csv
3468,1,1,0,2a.csv
3468,1,1,0,2b.csv
3468,1,0,1,2c.csv
3468,0,0,0,2d.csv
3468,2,2,0,2e.csv
3468,1,0,1,2f.csv
3468,0,0,0,2g.csv
3468,0,0,0,2h.csv
3468,0,0,0,2i.csv
3468,0,0,0,2j.csv
3468,0,0,0,2k.csv
3468,1,0,1,2l.csv
3468,9,9,0,3a.csv
3468,5,4,1,3b.csv
3468,2,2,0,3c.csv
3468,2,2,0,3d.csv
3468,6,5,1,3e.csv
3468,10,10,0,3f.csv
3468,2,2,0,3g.csv
3469,4,2,2,1a.csv
3469,0,0,0,1b.csv
3469,4,3,1,1c.csv
3469,3,3,0,1e.csv
3469,0,0,0,1f.csv
3469,0,0,0,1g.csv
3469,1,1,0,1h.csv
3469,0,0,0,1i.csv
3469,2,2,0,1j.csv
3469,0,0,0,1k.csv
3469,0,0,0,1l.csv
3469,0,0,0,1m.csv
3469,2,2,0,2a.csv
3469,1,1,0,2b.csv
3469,1,0,1,2c.csv
3469,0,0,0,2d.csv
3469,2,2,0,2e.csv
3469,1,0,1,2f.csv
3469,0,0,0,2g.csv
3469,0,0,0,2h.csv
3469,0,0,0,2i.csv
3469,0,0,0,2j.csv
3469,0,0,0,2k.csv
3469,1,0,1,2l.csv
3469,8,7,1,3a.csv
3469,7,5,2,3b.csv
3469,2,2,0,3c.csv
3469,2,2,0,3d.csv
3469,5,4,1,3e.csv
3469,9,9,0,3f.csv
3469,2,2,0,3g.csv
3470,5,3,2,1a.csv
3470,0,0,0,1b.csv
3470,4,3,1,1c.csv
3470,4,4,0,1e.csv
3470,0,0,0,1f.csv
3470,0,0,0,1g.csv
3470,1,1,0,1h.csv
3470,0,0,0,1i.csv
3470,1,1,0,1j.csv
3470,0,0,0,1k.csv
3470,0,0,0,1l.csv
3470,1,1,0,1m.csv
3470,2,2,0,2a.csv
3470,1,1,0,2b.csv
3470,1,0,1,2c.csv
3470,0,0,0,2d.csv
3470,1,1,0,2e.csv
3470,1,0,1,2f.csv
3470,0,0,0,2g.csv
3470,0,0,0,2h.csv
3470,0,0,0,2i.csv
3470,0,0,0,2j.csv
3470,0,0,0,2k.csv
3470,1,0,1,2l.csv
3470,8,7,1,3a.csv
3470,7,5,2,3b.csv
3470,2,2,0,3c.csv
3470,2,2,0,3d.csv
3470,5,4,1,3e.csv
3470,8,8,0,3f.csv
3470,3,3,0,3g.csv
3471,4,3,1,1a.csv
3471,0,0,0,1b.csv
3471,5,4,1,1c.csv
3471,5,5,0,1e.csv
3471,0,0,0,1f.csv
3471,0,0,0,1g.csv
3471,1,1,0,1h.csv
3471,0,0,0,1i.csv
3471,2,2,0,1j.csv
3471,0,0,0,1k.csv
3471,0,0,0,1l.csv
3471,1,1,0,1m.csv
3471,3,3,0,2a.csv
3471,0,0,0,2b.csv
3471,1,0,1,2c.csv
3471,0,0,0,2d.csv
3471,1,1,0,2e.csv
3471,0,0,0,2f.csv
3471,0,0,0,2g.csv
3471,0,0,0,2h.csv
3471,0,0,0,2i.csv
3471,0,0,0,2j.csv
3471,0,0,0,2k.csv
3471,0,0,0,2l.csv
3471,6,5,1,3a.csv
3471,5,2,3,3b.csv
3471,3,3,0,3c.csv
3471,3,3,0,3d.csv
3471,5,4,1,3e.csv
3471,7,7,0,3f.csv
3471,3,3,0,3g.csv
3472,4,3,1,1a.csv
3472,0,0,0,1b.csv
3472,5,4,1,1c.csv
3472,6,6,0,1e.csv
3472,0,0,0,1f.csv
3472,0,0,0,1g.csv
3472,1,1,0,1h.csv
3472,0,0,0,1i.csv
3472,2,2,0,1j.csv
3472,0,0,0,1k.csv
3472,0,0,0,1l.csv
3472,1,1,0,1m.csv
3472,3,3,0,2a.csv
3472,1,1,0,2b.csv
3472,0,0,0,2c.csv
3472,0,0,0,2d.csv
3472,1,1,0,2e.csv
3472,0,0,0,2f.csv
3472,0,0,0,2g.csv
3472,2,0,2,2h.csv
3472,0,0,0,2i.csv
3472,0,0,0,2j.csv
3472,0,0,0,2k.csv
3472,0,0,0,2l.csv
3472,6,5,1,3a.csv
3472,7,3,4,3b.csv
3472,3,3,0,3c.csv
3472,3,3,0,3d.csv
3472,4,4,0,3e.csv
3472,4,4,0,3f.csv
3472,3,3,0,3g.csv
3473,5,4,1,1a.csv
3473,0,0,0,1b.csv
3473,5,4,1,1c.csv
3473,4,4,0,1e.csv
3473,0,0,0,1f.csv
3473,0,0,0,1g.csv
3473,1,1,0,1h.csv
3473,0,0,0,1i.csv
3473,2,2,0,1j.csv
3473,0,0,0,1k.csv
3473,0,0,0,1l.csv
3473,1,1,0,1m.csv
3473,3,3,0,2a.csv
3473,1,1,0,2b.csv
3473,0,0,0,2c.csv
3473,0,0,0,2d.csv
3473,1,1,0,2e.csv
3473,0,0,0,2f.csv
3473,0,0,0,2g.csv
3473,3,0,3,2h.csv
3473,0,0,0,2i.csv
3473,0,0,0,2j.csv
3473,0,0,0,2k.csv
3473,0,0,0,2l.csv
3473,8,7,1,3a.csv
3473,7,3,4,3b.csv
3473,3,3,0,3c.csv
3473,3,3,0,3d.csv
3473,4,4,0,3e.csv
3473,3,3,0,3f.csv
3473,4,4,0,3g.csv
3474,4,4,0,1a.csv
3474,0,0,0,1b.csv
3474,5,4,1,1c.csv
3474,5,5,0,1e.csv
3474,0,0,0,1f.csv
3474,0,0,0,1g.csv
3474,1,1,0,1h.csv
3474,0,0,0,1i.csv
3474,2,2,0,1j.csv
3474,0,0,0,1k.csv
3474,0,0,0,1l.csv
3474,1,1,0,1m.csv
3474,3,3,0,2a.csv
3474,1,1,0,2b.csv
3474,0,0,0,2c.csv
3474,0,0,0,2d.csv
3474,1,1,0,2e.csv
3474,1,1,0,2f.csv
3474,0,0,0,2g.csv
3474,3,0,3,2h.csv
3474,0,0,0,2i.csv
3474,0,0,0,2j.csv
3474,0,0,0,2k.csv
3474,1,1,0,2l.csv
3474,8,7,1,3a.csv
3474,8,4,4,3b.csv
3474,7,7,0,3c.csv
3474,7,7,0,3d.csv
3474,2,2,0,3e.csv
3474,3,3,0,3f.csv
3474,4,4,0,3g.csv
3475,5,5,0,1a.csv
3475,0,0,0,1b.csv
3475,2,2,0,1c.csv
3475,5,5,0,1e.csv
3475,0,0,0,1f.csv
3475,0,0,0,1g.csv
3475,2,2,0,1h.csv
3475,0,0,0,1i.csv
3475,1,1,0,1j.csv
3475,0,0,0,1k.csv
3475,0,0,0,1l.csv
3475,1,1,0,1m.csv
3475,3,3,0,2a.csv
3475,1,1,0,2b.csv
3475,0,0,0,2c.csv
3475,0,0,0,2d.csv
3475,1,1,0,2e.csv
3475,1,1,0,2f.csv
3475,0,0,0,2g.csv
3475,3,0,3,2h.csv
3475,0,0,0,2i.csv
3475,0,0,0,2j.csv
3475,0,0,0,2k.csv
3475,1,1,0,2l.csv
3475,7,6,1,3a.csv
3475,8,4,4,3b.csv
3475,6,6,0,3c.csv
3475,6,6,0,3d.csv
3475,2,2,0,3e.csv
3475,4,4,0,3f.csv
3475,4,4,0,3g.csv
3476,6,6,0,1a.csv
3476,0,0,0,1b.csv
3476,3,3,0,1c.csv
3476,5,5,0,1e.csv
3476,0,0,0,1f.csv
3476,0,0,0,1g.csv
3476,2,2,0,1h.csv
3476,0,0,0,1i.csv
3476,1,1,0,1j.csv
3476,0,0,0,1k.csv
3476,0,0,0,1l.csv
3476,1,1,0,1m.csv
3476,2,2,0,2a.csv
3476,2,1,1,2b.csv
3476,1,1,0,2c.csv
3476,0,0,0,2d.csv
3476,1,0,1,2e.csv
3476,1,1,0,2f.csv
3476,0,0,0,2g.csv
3476,3,0,3,2h.csv
3476,0,0,0,2i.csv
3476,0,0,0,2j.csv
3476,0,0,0,2k.csv
3476,1,1,0,2l.csv
3476,8,7,1,3a.csv
3476,8,4,4,3b.csv
3476,6,6,0,3c.csv
3476,6,6,0,3d.csv
3476,2,2,0,3e.csv
3476,2,2,0,3f.csv
3476,3,3,0,3g.csv
3477,7,7,0,1a.csv
3477,0,0,0,1b.csv
3477,3,3,0,1c.csv
3477,4,4,0,1e.csv
3477,0,0,0,1f.csv
3477,0,0,0,1g.csv
3477,2,2,0,1h.csv
3477,0,0,0,1i.csv
3477,2,1,1,1j.csv
3477,0,0,0,1k.csv
3477,0,0,0,1l.csv
3477,1,1,0,1m.csv
3477,1,1,0,2a.csv
3477,2,1,1,2b.csv
3477,1,1,0,2c.csv
3477,0,0,0,2d.csv
3477,1,0,1,2e.csv
3477,1,1,0,2f.csv
3477,0,0,0,2g.csv
3477,3,0,3,2h.csv
3477,0,0,0,2i.csv
3477,0,0,0,2j.csv
3477,0,0,0,2k.csv
3477,1,1,0,2l.csv
3477,8,8,0,3a.csv
3477,8,4,4,3b.csv
3477,6,6,0,3c.csv
3477,6,6,0,3d.csv
3477,3,3,0,3e.csv
3477,3,3,0,3f.csv
3477,3,3,0,3g.csv
3478,5,5,0,1a.csv
3478,0,0,0,1b.csv
3478,3,3,0,1c.csv
3478,3,3,0,1e.csv
3478,0,0,0,1f.csv
3478,0,0,0,1g.csv
3478,1,1,0,1h.csv
3478,0,0,0,1i.csv
3478,2,1,1,1j.csv
3478,0,0,0,1k.csv
3478,0,0,0,1l.csv
3478,0,0,0,1m.csv
3478,1,1,0,2a.csv
3478,2,1,1,2b.csv
3478,1,1,0,2c.csv
3478,0,0,0,2d.csv
3478,1,0,1,2e.csv
3478,2,1,1,2f.csv
3478,0,0,0,2g.csv
3478,4,1,3,2h.csv
3478,0,0,0,2i.csv
3478,0,0,0,2j.csv
3478,0,0,0,2k.csv
3478,1,1,0,2l.csv
3478,10,10,0,3a.csv
3478,9,5,4,3b.csv
3478,6,6,0,3c.csv
3478,6,6,0,3d.csv
3478,5,5,0,3e.csv
3478,3,3,0,3f.csv
3478,2,2,0,3g.csv
3479,6,6,0,1a.csv
3479,0,0,0,1b.csv
3479,2,2,0,1c.csv
3479,2,2,0,1e.csv
3479,0,0,0,1f.csv
3479,0,0,0,1g.csv
3479,1,1,0,1h.csv
3479,0,0,0,1i.csv
3479,1,0,1,1j.csv
3479,0,0,0,1k.csv
3479,0,0,0,1l.csv
3479,0,0,0,1m.csv
3479,0,0,0,2a.csv
3479,2,1,1,2b.csv
3479,1,1,0,2c.csv
3479,0,0,0,2d.csv
3479,1,0,1,2e.csv
3479,2,1,1,2f.csv
3479,0,0,0,2g.csv
3479,4,1,3,2h.csv
3479,0,0,0,2i.csv
3479,0,0,0,2j.csv
3479,0,0,0,2k.csv
3479,1,1,0,2l.csv
3479,10,10,0,3a.csv
3479,9,6,3,3b.csv
3479,5,5,0,3c.csv
3479,5,5,0,3d.csv
3479,5,5,0,3e.csv
3479,3,3,0,3f.csv
3479,1,1,0,3g.csv
3480,7,6,1,1a.csv
3480,0,0,0,1b.csv
3480,2,2,0,1c.csv
3480,1,1,0,1e.csv
3480,0,0,0,1f.csv
3480,0,0,0,1g.csv
3480,1,1,0,1h.csv
3480,0,0,0,1i.csv
3480,1,0,1,1j.csv
3480,0,0,0,1k.csv
3480,1,1,0,1l.csv
3480,0,0,0,1m.csv
3480,0,0,0,2a.csv
3480,1,0,1,2b.csv
3480,1,1,0,2c.csv
3480,0,0,0,2d.csv
3480,1,0,1,2e.csv
3480,3,2,1,2f.csv
3480,0,0,0,2g.csv
3480,2,1,1,2h.csv
3480,0,0,0,2i.csv
3480,0,0,0,2j.csv
3480,0,0,0,2k.csv
3480,1,1,0,2l.csv
3480,10,10,0,3a.csv
3480,7,5,2,3b.csv
3480,6,6,0,3c.csv
3480,6,6,0,3d.csv
3480,5,5,0,3e.csv
3480,3,3,0,3f.csv
3480,1,1,0,3g.csv
3481,6,4,2,1a.csv
3481,0,0,0,1b.csv
3481,1,1,0,1c.csv
3481,1,1,0,1e.csv
3481,0,0,0,1f.csv
3481,0,0,0,1g.csv
3481,1,1,0,1h.csv
3481,0,0,0,1i.csv
3481,1,0,1,1j.csv
3481,0,0,0,1k.csv
3481,1,1,0,1l.csv
3481,0,0,0,1m.csv
3481,0,0,0,2a.csv
3481,1,0,1,2b.csv
3481,1,1,0,2c.csv
3481,0,0,0,2d.csv
3481,1,0,1,2e.csv
3481,3,2,1,2f.csv
3481,0,0,0,2g.csv
3481,1,1,0,2h.csv
3481,0,0,0,2i.csv
3481,0,0,0,2j.csv
3481,0,0,0,2k.csv
3481,1,1,0,2l.csv
3481,11,10,1,3a.csv
3481,7,5,2,3b.csv
3481,6,6,0,3c.csv
3481,6,6,0,3d.csv
3481,5,5,0,3e.csv
3481,4,4,0,3f.csv
3481,0,0,0,3g.csv
3482,6,4,2,1a.csv
3482,0,0,0,1b.csv
3482,1,1,0,1c.csv
3482,0,0,0,1e.csv
3482,0,0,0,1f.csv
3482,0,0,0,1g.csv
3482,1,1,0,1h.csv
3482,0,0,0,1i.csv
3482,1,0,1,1j.csv
3482,0,0,0,1k.csv
3482,1,1,0,1l.csv
3482,0,0,0,1m.csv
3482,0,0,0,2a.csv
3482,1,0,1,2b.csv
3482,1,1,0,2c.csv
3482,0,0,0,2d.csv
3482,1,0,1,2e.csv
3482,3,2,1,2f.csv
3482,0,0,0,2g.csv
3482,1,1,0,2h.csv
3482,0,0,0,2i.csv
3482,0,0,0,2j.csv
3482,0,0,0,2k.csv
3482,0,0,0,2l.csv
3482,11,10,1,3a.csv
3482,8,6,2,3b.csv
3482,2,2,0,3c.csv
3482,2,2,0,3d.csv
3482,5,5,0,3e.csv
3482,4,4,0,3f.csv
3482,1,0,1,3g.csv
3483,5,3,2,1a.csv
3483,0,0,0,1b.csv
3483,1,1,0,1c.csv
3483,0,0,0,1e.csv
3483,0,0,0,1f.csv
3483,0,0,0,1g.csv
3483,0,0,0,1h.csv
3483,0,0,0,1i.csv
3483,1,0,1,1j.csv
3483,0,0,0,1k.csv
3483,2,2,0,1l.csv
3483,0,0,0,1m.csv
3483,0,0,0,2a.csv
3483,1,0,1,2b.csv
3483,1,1,0,2c.csv
3483,0,0,0,2d.csv
3483,1,0,1,2e.csv
3483,3,2,1,2f.csv
3483,0,0,0,2g.csv
3483,1,1,0,2h.csv
3483,0,0,0,2i.csv
3483,0,0,0,2j.csv
3483,0,0,0,2k.csv
3483,0,0,0,2l.csv
3483,13,11,2,3a.csv
3483,7,5,2,3b.csv
3483,1,1,0,3c.csv
3483,1,1,0,3d.csv
3483,3,3,0,3e.csv
3483,3,3,0,3f.csv
3483,2,1,1,3g.csv
3484,5,3,2,1a.csv
3484,0,0,0,1b.csv
3484,0,0,0,1c.csv
3484,0,0,0,1e.csv
3484,0,0,0,1f.csv
3484,0,0,0,1g.csv
3484,0,0,0,1h.csv
3484,0,0,0,1i.csv
3484,2,1,1,1j.csv
3484,0,0,0,1k.csv
3484,2,2,0,1l.csv
3484,0,0,0,1m.csv
3484,0,0,0,2a.csv
3484,0,0,0,2b.csv
3484,0,0,0,2c.csv
3484,0,0,0,2d.csv
3484,0,0,0,2e.csv
3484,3,2,1,2f.csv
3484,0,0,0,2g.csv
3484,1,1,0,2h.csv
3484,0,0,0,2i.csv
3484,0,0,0,2j.csv
3484,0,0,0,2k.csv
3484,0,0,0,2l.csv
3484,15,13,2,3a.csv
3484,7,6,1,3b.csv
3484,2,2,0,3c.csv
3484,2,2,0,3d.csv
3484,4,4,0,3e.csv
3484,4,4,0,3f.csv
3484,2,1,1,3g.csv
3485,4,2,2,1a.csv
3485,0,0,0,1b.csv
3485,2,2,0,1c.csv
3485,0,0,0,1e.csv
3485,0,0,0,1f.csv
3485,0,0,0,1g.csv
3485,0,0,0,1h.csv
3485,0,0,0,1i.csv
3485,1,1,0,1j.csv
3485,0,0,0,1k.csv
3485,2,2,0,1l.csv
3485,0,0,0,1m.csv
3485,0,0,0,2a.csv
3485,0,0,0,2b.csv
3485,0,0,0,2c.csv
3485,0,0,0,2d.csv
3485,0,0,0,2e.csv
3485,3,2,1,2f.csv
3485,0,0,0,2g.csv
3485,1,1,0,2h.csv
3485,0,0,0,2i.csv
3485,0,0,0,2j.csv
3485,0,0,0,2k.csv
3485,0,0,0,2l.csv
3485,15,13,2,3a.csv
3485,6,6,0,3b.csv
3485,2,2,0,3c.csv
3485,2,2,0,3d.csv
3485,3,3,0,3e.csv
3485,3,3,0,3f.csv
3485,2,1,1,3g.csv
3486,5,3,2,1a.csv
3486,0,0,0,1b.csv
3486,4,4,0,1c.csv
3486,0,0,0,1e.csv
3486,0,0,0,1f.csv
3486,0,0,0,1g.csv
3486,0,0,0,1h.csv
3486,0,0,0,1i.csv
3486,1,1,0,1j.csv
3486,0,0,0,1k.csv
3486,3,3,0,1l.csv
3486,0,0,0,1m.csv
3486,2,1,1,2a.csv
3486,0,0,0,2b.csv
3486,1,0,1,2c.csv
3486,0,0,0,2d.csv
3486,0,0,0,2e.csv
3486,2,2,0,2f.csv
3486,0,0,0,2g.csv
3486,0,0,0,2h.csv
3486,0,0,0,2i.csv
3486,0,0,0,2j.csv
3486,0,0,0,2k.csv
3486,0,0,0,2l.csv
3486,13,11,2,3a.csv
3486,6,6,0,3b.csv
3486,2,2,0,3c.csv
3486,2,2,0,3d.csv
3486,1,1,0,3e.csv
3486,2,2,0,3f.csv
3486,2,1,1,3g.csv
3487,4,2,2,1a.csv
3487,0,0,0,1b.csv
3487,4,4,0,1c.csv
3487,0,0,0,1e.csv
3487,0,0,0,1f.csv
3487,0,0,0,1g.csv
3487,0,0,0,1h.csv
3487,0,0,0,1i.csv
3487,1,1,0,1j.csv
3487,0,0,0,1k.csv
3487,3,3,0,1l.csv
3487,0,0,0,1m.csv
3487,2,1,1,2a.csv
3487,0,0,0,2b.csv
3487,1,0,1,2c.csv
3487,0,0,0,2d.csv
3487,0,0,0,2e.csv
3487,2,2,0,2f.csv
3487,0,0,0,2g.csv
3487,0,0,0,2h.csv
3487,0,0,0,2i.csv
3487,0,0,0,2j.csv
3487,0,0,0,2k.csv
3487,0,0,0,2l.csv
3487,14,12,2,3a.csv
3487,6,6,0,3b.csv
3487,2,2,0,3c.csv
3487,2,2,0,3d.csv
3487,1,1,0,3e.csv
3487,2,2,0,3f.csv
3487,2,1,1,3g.csv
3488,3,2,1,1a.csv
3488,0,0,0,1b.csv
3488,4,4,0,1c.csv
3488,0,0,0,1e.csv
3488,0,0,0,1f.csv
3488,0,0,0,1g.csv
3488,0,0,0,1h.csv
3488,0,0,0,1i.csv
3488,1,1,0,1j.csv
3488,0,0,0,1k.csv
3488,2,2,0,1l.csv
3488,0,0,0,1m.csv
3488,2,1,1,2a.csv
3488,0,0,0,2b.csv
3488,1,0,1,2c.csv
3488,0,0,0,2d.csv
3488,0,0,0,2e.csv
3488,1,1,0,2f.csv
3488,0,0,0,2g.csv
3488,0,0,0,2h.csv
3488,0,0,0,2i.csv
3488,0,0,0,2j.csv
3488,0,0,0,2k.csv
3488,0,0,0,2l.csv
3488,13,11,2,3a.csv
3488,8,8,0,3b.csv
3488,1,1,0,3c.csv
3488,1,1,0,3d.csv
3488,1,1,0,3e.csv
3488,2,2,0,3f.csv
3488,2,1,1,3g.csv
3489,2,2,0,1a.csv
3489,0,0,0,1b.csv
3489,4,4,0,1c.csv
3489,0,0,0,1e.csv
3489,0,0,0,1f.csv
3489,0,0,0,1g.csv
3489,0,0,0,1h.csv
3489,0,0,0,1i.csv
3489,1,1,0,1j.csv
3489,0,0,0,1k.csv
3489,3,3,0,1l.csv
3489,0,0,0,1m.csv
3489,2,1,1,2a.csv
3489,0,0,0,2b.csv
3489,1,0,1,2c.csv
3489,0,0,0,2d.csv
3489,0,0,0,2e.csv
3489,1,1,0,2f.csv
3489,0,0,0,2g.csv
3489,0,0,0,2h.csv
3489,0,0,0,2i.csv
3489,0,0,0,2j.csv
3489,0,0,0,2k.csv
3489,0,0,0,2l.csv
3489,11,10,1,3a.csv
3489,10,9,1,3b.csv
3489,3,2,1,3c.csv
3489,3,2,1,3d.csv
3489,1,1,0,3e.csv
3489,1,1,0,3f.csv
3489,2,1,1,3g.csv
3490,3,3,0,1a.csv
3490,0,0,0,1b.csv
3490,4,4,0,1c.csv
3490,0,0,0,1e.csv
3490,0,0,0,1f.csv
3490,0,0,0,1g.csv
3490,0,0,0,1h.csv
3490,0,0,0,1i.csv
3490,1,1,0,1j.csv
3490,0,0,0,1k.csv
3490,3,3,0,1l.csv
3490,0,0,0,1m.csv
3490,2,1,1,2a.csv
3490,0,0,0,2b.csv
3490,1,0,1,2c.csv
3490,0,0,0,2d.csv
3490,0,0,0,2e.csv
3490,0,0,0,2f.csv
3490,0,0,0,2g.csv
3490,0,0,0,2h.csv
3490,0,0,0,2i.csv
3490,0,0,0,2j.csv
3490,0,0,0,2k.csv
3490,0,0,0,2l.csv
3490,11,10,1,3a.csv
3490,8,7,1,3b.csv
3490,5,4,1,3c.csv
3490,5,4,1,3d.csv
3490,1,1,0,3e.csv
3490,1,1,0,3f.csv
3490,1,1,0,3g.csv
3491,3,3,0,1a.csv
3491,0,0,0,1b.csv
3491,5,4,1,1c.csv
3491,0,0,0,1e.csv
3491,0,0,0,1f.csv
3491,0,0,0,1g.csv
3491,0,0,0,1h.csv
3491,0,0,0,1i.csv
3491,1,1,0,1j.csv
3491,0,0,0,1k.csv
3491,2,2,0,1l.csv
3491,0,0,0,1m.csv
3491,2,1,1,2a.csv
3491,0,0,0,2b.csv
3491,1,0,1,2c.csv
3491,0,0,0,2d.csv
3491,0,0,0,2e.csv
3491,0,0,0,2f.csv
3491,0,0,0,2g.csv
3491,0,0,0,2h.csv
3491,0,0,0,2i.csv
3491,0,0,0,2j.csv
3491,0,0,0,2k.csv
3491,1,1,0,2l.csv
3491,8,8,0,3a.csv
3491,8,7,1,3b.csv
3491,5,4,1,3c.csv
3491,5,4,1,3d.csv
3491,1,1,0,3e.csv
3491,1,1,0,3f.csv
3491,0,0,0,3g.csv
3492,3,3,0,1a.csv
3492,0,0,0,1b.csv
3492,5,4,1,1c.csv
3492,0,0,0,1e.csv
3492,0,0,0,1f.csv
3492,0,0,0,1g.csv
3492,0,0,0,1h.csv
3492,0,0,0,1i.csv
3492,0,0,0,1j.csv
3492,0,0,0,1k.csv
3492,3,3,0,1l.csv
3492,0,0,0,1m.csv
3492,2,1,1,2a.csv
3492,0,0,0,2b.csv
3492,1,0,1,2c.csv
3492,0,0,0,2d.csv
3492,0,0,0,2e.csv
3492,0,0,0,2f.csv
3492,0,0,0,2g.csv
3492,1,1,0,2h.csv
3492,0,0,0,2i.csv
3492,0,0,0,2j.csv
3492,0,0,0,2k.csv
3492,1,1,0,2l.csv
3492,5,5,0,3a.csv
3492,8,7,1,3b.csv
3492,5,4,1,3c.csv
3492,5,4,1,3d.csv
3492,1,0,1,3e.csv
3492,0,0,0,3f.csv
3492,0,0,0,3g.csv
3493,4,4,0,1a.csv
3493,0,0,0,1b.csv
3493,3,2,1,1c.csv
3493,0,0,0,1e.csv
3493,0,0,0,1f.csv
3493,0,0,0,1g.csv
3493,0,0,0,1h.csv
3493,0,0,0,1i.csv
3493,0,0,0,1j.csv
3493,0,0,0,1k.csv
3493,3,3,0,1l.csv
3493,0,0,0,1m.csv
3493,3,1,2,2a.csv
3493,0,0,0,2b.csv
3493,1,0,1,2c.csv
3493,0,0,0,2d.csv
3493,0,0,0,2e.csv
3493,0,0,0,2f.csv
3493,0,0,0,2g.csv
3493,1,1,0,2h.csv
3493,0,0,0,2i.csv
3493,0,0,0,2j.csv
3493,0,0,0,2k.csv
3493,1,1,0,2l.csv
3493,4,4,0,3a.csv
3493,7,6,1,3b.csv
3493,6,5,1,3c.csv
3493,6,5,1,3d.csv
3493,1,0,1,3e.csv
3493,0,0,0,3f.csv
3493,0,0,0,3g.csv
3494,3,3,0,1a.csv
3494,0,0,0,1b.csv
3494,1,0,1,1c.csv
3494,0,0,0,1e.csv
3494,0,0,0,1f.csv
3494,0,0,0,1g.csv
3494,0,0,0,1h.csv
3494,0,0,0,1i.csv
3494,0,0,0,1j.csv
3494,0,0,0,1k.csv
3494,2,2,0,1l.csv
3494,0,0,0,1m.csv
3494,1,0,1,2a.csv
3494,0,0,0,2b.csv
3494,0,0,0,2c.csv
3494,0,0,0,2d.csv
3494,0,0,0,2e.csv
3494,0,0,0,2f.csv
3494,0,0,0,2g.csv
3494,1,1,0,2h.csv
3494,0,0,0,2i.csv
3494,0,0,0,2j.csv
3494,0,0,0,2k.csv
3494,1,1,0,2l.csv
3494,4,4,0,3a.csv
3494,6,5,1,3b.csv
3494,8,7,1,3c.csv
3494,8,7,1,3d.csv
3494,2,1,1,3e.csv
3494,0,0,0,3f.csv
3494,0,0,0,3g.csv
3495,4,4,0,1a.csv
3495,0,0,0,1b.csv
3495,1,0,1,1c.csv
3495,0,0,0,1e.csv
3495,0,0,0,1f.csv
3495,0,0,0,1g.csv
3495,0,0,0,1h.csv
3495,0,0,0,1i.csv
3495,0,0,0,1j.csv
3495,0,0,0,1k.csv
3495,3,2,1,1l.csv
3495,0,0,0,1m.csv
3495,1,0,1,2a.csv
3495,0,0,0,2b.csv
3495,0,0,0,2c.csv
3495,0,0,0,2d.csv
3495,0,0,0,2e.csv
3495,0,0,0,2f.csv
3495,0,0,0,2g.csv
3495,1,1,0,2h.csv
3495,0,0,0,2i.csv
3495,0,0,0,2j.csv
3495,0,0,0,2k.csv
3495,1,1,0,2l.csv
3495,4,4,0,3a.csv
3495,6,5,1,3b.csv
3495,8,7,1,3c.csv
3495,8,7,1,3d.csv
3495,2,1,1,3e.csv
3495,1,1,0,3f.csv
3495,0,0,0,3g.csv
3496,4,4,0,1a.csv
3496,0,0,0,1b.csv
3496,3,1,2,1c.csv
3496,0,0,0,1e.csv
3496,0,0,0,1f.csv
3496,0,0,0,1g.csv
3496,0,0,0,1h.csv
3496,0,0,0,1i.csv
3496,0,0,0,1j.csv
3496,0,0,0,1k.csv
3496,4,2,2,1l.csv
3496,0,0,0,1m.csv
3496,1,0,1,2a.csv
3496,1,0,1,2b.csv
3496,0,0,0,2c.csv
3496,0,0,0,2d.csv
3496,0,0,0,2e.csv
3496,0,0,0,2f.csv
3496,0,0,0,2g.csv
3496,1,1,0,2h.csv
3496,0,0,0,2i.csv
3496,0,0,0,2j.csv
3496,0,0,0,2k.csv
3496,2,2,0,2l.csv
3496,4,4,0,3a.csv
3496,5,4,1,3b.csv
3496,10,8,2,3c.csv
3496,10,8,2,3d.csv
3496,3,2,1,3e.csv
3496,2,2,0,3f.csv
3496,0,0,0,3g.csv
3497,4,4,0,1a.csv
3497,0,0,0,1b.csv
3497,3,1,2,1c.csv
3497,0,0,0,1e.csv
3497,0,0,0,1f.csv
3497,0,0,0,1g.csv
3497,0,0,0,1h.csv
3497,0,0,0,1i.csv
3497,0,0,0,1j.csv
3497,0,0,0,1k.csv
3497,4,2,2,1l.csv
3497,0,0,0,1m.csv
3497,1,0,1,2a.csv
3497,1,0,1,2b.csv
3497,0,0,0,2c.csv
3497,0,0,0,2d.csv
3497,0,0,0,2e.csv
3497,0,0,0,2f.csv
3497,0,0,0,2g.csv
3497,1,1,0,2h.csv
3497,0,0,0,2i.csv
3497,0,0,0,2j.csv
3497,0,0,0,2k.csv
3497,2,2,0,2l.csv
3497,3,3,0,3a.csv
3497,4,4,0,3b.csv
3497,8,7,1,3c.csv
3497,8,7,1,3d.csv
3497,3,2,1,3e.csv
3497,2,2,0,3f.csv
3497,0,0,0,3g.csv
3498,3,3,0,1a.csv
3498,0,0,0,1b.csv
3498,3,1,2,1c.csv
3498,0,0,0,1e.csv
3498,0,0,0,1f.csv
3498,0,0,0,1g.csv
3498,0,0,0,1h.csv
3498,0,0,0,1i.csv
3498,2,2,0,1j.csv
3498,0,0,0,1k.csv
3498,6,2,4,1l.csv
3498,0,0,0,1m.csv
3498,1,0,1,2a.csv
3498,1,0,1,2b.csv
3498,0,0,0,2c.csv
3498,0,0,0,2d.csv
3498,0,0,0,2e.csv
3498,0,0,0,2f.csv
3498,0,0,0,2g.csv
3498,1,1,0,2h.csv
3498,0,0,0,2i.csv
3498,0,0,0,2j.csv
3498,0,0,0,2k.csv
3498,2,2,0,2l.csv
3498,3,2,1,3a.csv
3498,4,4,0,3b.csv
3498,7,6,1,3c.csv
3498,7,6,1,3d.csv
3498,3,2,1,3e.csv
3498,2,2,0,3f.csv
3498,1,1,0,3g.csv
3499,6,4,2,1a.csv
3499,0,0,0,1b.csv
3499,3,2,1,1c.csv
3499,0,0,0,1e.csv
3499,0,0,0,1f.csv
3499,1,0,1,1g.csv
3499,0,0,0,1h.csv
3499,0,0,0,1i.csv
3499,3,2,1,1j.csv
3499,0,0,0,1k.csv
3499,6,2,4,1l.csv
3499,0,0,0,1m.csv
3499,1,0,1,2a.csv
3499,1,0,1,2b.csv
3499,0,0,0,2c.csv
3499,0,0,0,2d.csv
3499,0,0,0,2e.csv
3499,0,0,0,2f.csv
3499,0,0,0,2g.csv
3499,1,1,0,2h.csv
3499,0,0,0,2i.csv
3499,0,0,0,2j.csv
3499,0,0,0,2k.csv
3499,1,1,0,2l.csv
3499,7,6,1,3a.csv
3499,4,4,0,3b.csv
3499,7,6,1,3c.csv
3499,7,6,1,3d.csv
3499,3,2,1,3e.csv
3499,2,2,0,3f.csv
3499,1,1,0,3g.csv
3500,5,3,2,1a.csv
3500,0,0,0,1b.csv
3500,3,2,1,1c.csv
3500,0,0,0,1e.csv
3500,0,0,0,1f.csv
3500,1,0,1,1g.csv
3500,0,0,0,1h.csv
3500,0,0,0,1i.csv
3500,3,2,1,1j.csv
3500,0,0,0,1k.csv
3500,5,1,4,1l.csv
3500,0,0,0,1m.csv
3500,2,1,1,2a.csv
3500,1,0,1,2b.csv
3500,0,0,0,2c.csv
3500,0,0,0,2d.csv
3500,0,0,0,2e.csv
3500,0,0,0,2f.csv
3500,0,0,0,2g.csv
3500,0,0,0,2h.csv
3500,0,0,0,2i.csv
3500,0,0,0,2j.csv
3500,0,0,0,2k.csv
3500,1,1,0,2l.csv
3500,8,7,1,3a.csv
3500,3,3,0,3b.csv
3500,7,6,1,3c.csv
3500,7,6,1,3d.csv
3500,4,4,0,3e.csv
3500,3,3,0,3f.csv
3500,1,1,0,3g.csv
3501,4,2,2,1a.csv
3501,0,0,0,1b.csv
3501,4,2,2,1c.csv
3501,0,0,0,1e.csv
3501,0,0,0,1f.csv
3501,2,1,1,1g.csv
3501,0,0,0,1h.csv
3501,0,0,0,1i.csv
3501,3,2,1,1j.csv
3501,0,0,0,1k.csv
3501,6,2,4,1l.csv
3501,0,0,0,1m.csv
3501,1,1,0,2a.csv
3501,1,0,1,2b.csv
3501,0,0,0,2c.csv
3501,0,0,0,2d.csv
3501,0,0,0,2e.csv
3501,0,0,0,2f.csv
3501,0,0,0,2g.csv
3501,0,0,0,2h.csv
3501,0,0,0,2i.csv
3501,0,0,0,2j.csv
3501,0,0,0,2k.csv
3501,1,1,0,2l.csv
3501,7,6,1,3a.csv
3501,4,4,0,3b.csv
3501,7,6,1,3c.csv
3501,7,6,1,3d.csv
3501,4,4,0,3e.csv
3501,3,3,0,3f.csv
3501,1,1,0,3g.csv
3502,7,5,2,1a.csv
3502,0,0,0,1b.csv
3502,5,3,2,1c.csv
3502,0,0,0,1e.csv
3502,0,0,0,1f.csv
3502,2,1,1,1g.csv
3502,0,0,0,1h.csv
3502,0,0,0,1i.csv
3502,4,3,1,1j.csv
3502,0,0,0,1k.csv
3502,6,2,4,1l.csv
3502,0,0,0,1m.csv
3502,1,1,0,2a.csv
3502,1,0,1,2b.csv
3502,0,0,0,2c.csv
3502,0,0,0,2d.csv
3502,0,0,0,2e.csv
3502,0,0,0,2f.csv
3502,0,0,0,2g.csv
3502,0,0,0,2h.csv
3502,0,0,0,2i.csv
3502,0,0,0,2j.csv
3502,0,0,0,2k.csv
3502,1,1,0,2l.csv
3502,7,6,1,3a.csv
3502,5,5,0,3b.csv
3502,6,5,1,3c.csv
3502,6,5,1,3d.csv
3502,3,3,0,3e.csv
3502,3,3,0,3f.csv
3502,2,2,0,3g.csv
3503,7,5,2,1a.csv
3503,0,0,0,1b.csv
3503,5,3,2,1c.csv
3503,0,0,0,1e.csv
3503,0,0,0,1f.csv
3503,2,1,1,1g.csv
3503,1,0,1,1h.csv
3503,0,0,0,1i.csv
3503,4,3,1,1j.csv
3503,0,0,0,1k.csv
3503,5,2,3,1l.csv
3503,0,0,0,1m.csv
3503,1,1,0,2a.csv
3503,1,0,1,2b.csv
3503,0,0,0,2c.csv
3503,0,0,0,2d.csv
3503,0,0,0,2e.csv
3503,0,0,0,2f.csv
3503,0,0,0,2g.csv
3503,0,0,0,2h.csv
3503,0,0,0,2i.csv
3503,0,0,0,2j.csv
3503,0,0,0,2k.csv
3503,1,1,0,2l.csv
3503,6,5,1,3a.csv
3503,4,4,0,3b.csv
3503,6,5,1,3c.csv
3503,6,5,1,3d.csv
3503,3,3,0,3e.csv
3503,2,2,0,3f.csv
3503,2,2,0,3g.csv
3504,7,5,2,1a.csv
3504,0,0,0,1b.csv
3504,3,2,1,1c.csv
3504,0,0,0,1e.csv
3504,0,0,0,1f.csv
3504,2,1,1,1g.csv
3504,1,0,1,1h.csv
3504,0,0,0,1i.csv
3504,4,3,1,1j.csv
3504,0,0,0,1k.csv
3504,5,2,3,1l.csv
3504,0,0,0,1m.csv
3504,1,1,0,2a.csv
3504,0,0,0,2b.csv
3504,0,0,0,2c.csv
3504,0,0,0,2d.csv
3504,0,0,0,2e.csv
3504,0,0,0,2f.csv
3504,0,0,0,2g.csv
3504,0,0,0,2h.csv
3504,0,0,0,2i.csv
3504,0,0,0,2j.csv
3504,0,0,0,2k.csv
3504,0,0,0,2l.csv
3504,10,9,1,3a.csv
3504,3,3,0,3b.csv
3504,4,4,0,3c.csv
3504,4,4,0,3d.csv
3504,2,2,0,3e.csv
3504,2,2,0,3f.csv
3504,3,3,0,3g.csv
3505,8,6,2,1a.csv
3505,0,0,0,1b.csv
3505,3,2,1,1c.csv
3505,0,0,0,1e.csv
3505,0,0,0,1f.csv
3505,2,1,1,1g.csv
3505,1,0,1,1h.csv
3505,0,0,0,1i.csv
3505,4,3,1,1j.csv
3505,0,0,0,1k.csv
3505,4,1,3,1l.csv
3505,0,0,0,1m.csv
3505,1,1,0,2a.csv
3505,0,0,0,2b.csv
3505,0,0,0,2c.csv
3505,0,0,0,2d.csv
3505,0,0,0,2e.csv
3505,0,0,0,2f.csv
3505,0,0,0,2g.csv
3505,0,0,0,2h.csv
3505,0,0,0,2i.csv
3505,0,0,0,2j.csv
3505,0,0,0,2k.csv
3505,0,0,0,2l.csv
3505,10,9,1,3a.csv
3505,2,2,0,3b.csv
3505,6,5,1,3c.csv
3505,6,5,1,3d.csv
3505,2,2,0,3e.csv
3505,2,2,0,3f.csv
3505,3,3,0,3g.csv
3506,10,7,3,1a.csv
3506,0,0,0,1b.csv
3506,5,4,1,1c.csv
3506,0,0,0,1e.csv
3506,0,0,0,1f.csv
3506,2,1,1,1g.csv
3506,2,1,1,1h.csv
3506,0,0,0,1i.csv
3506,2,1,1,1j.csv
3506,0,0,0,1k.csv
3506,3,2,1,1l.csv
3506,0,0,0,1m.csv
3506,1,1,0,2a.csv
3506,0,0,0,2b.csv
3506,0,0,0,2c.csv
3506,0,0,0,2d.csv
3506,0,0,0,2e.csv
3506,0,0,0,2f.csv
3506,0,0,0,2g.csv
3506,0,0,0,2h.csv
3506,0,0,0,2i.csv
3506,0,0,0,2j.csv
3506,0,0,0,2k.csv
3506,0,0,0,2l.csv
3506,10,10,0,3a.csv
3506,3,2,1,3b.csv
3506,5,4,1,3c.csv
3506,5,4,1,3d.csv
3506,2,2,0,3e.csv
3506,4,4,0,3f.csv
3506,2,2,0,3g.csv
3507,9,8,1,1a.csv
3507,0,0,0,1b.csv
3507,4,3,1,1c.csv
3507,0,0,0,1e.csv
3507,0,0,0,1f.csv
3507,1,1,0,1g.csv
3507,2,1,1,1h.csv
3507,0,0,0,1i.csv
3507,1,1,0,1j.csv
3507,0,0,0,1k.csv
3507,5,2,3,1l.csv
3507,0,0,0,1m.csv
3507,1,1,0,2a.csv
3507,0,0,0,2b.csv
3507,0,0,0,2c.csv
3507,0,0,0,2d.csv
3507,0,0,0,2e.csv
3507,0,0,0,2f.csv
3507,0,0,0,2g.csv
3507,0,0,0,2h.csv
3507,0,0,0,2i.csv
3507,0,0,0,2j.csv
3507,0,0,0,2k.csv
3507,0,0,0,2l.csv
3507,8,8,0,3a.csv
3507,5,4,1,3b.csv
3507,5,4,1,3c.csv
3507,5,4,1,3d.csv
3507,3,3,0,3e.csv
3507,4,4,0,3f.csv
3507,2,2,0,3g.csv
3508,12,10,2,1a.csv
3508,0,0,0,1b.csv
3508,4,3,1,1c.csv
3508,0,0,0,1e.csv
3508,0,0,0,1f.csv
3508,1,1,0,1g.csv
3508,2,1,1,1h.csv
3508,0,0,0,1i.csv
3508,1,1,0,1j.csv
3508,0,0,0,1k.csv
3508,5,2,3,1l.csv
3508,0,0,0,1m.csv
3508,0,0,0,2a.csv
3508,0,0,0,2b.csv
3508,0,0,0,2c.csv
3508,0,0,0,2d.csv
3508,0,0,0,2e.csv
3508,1,1,0,2f.csv
3508,0,0,0,2g.csv
3508,0,0,0,2h.csv
3508,0,0,0,2i.csv
3508,0,0,0,2j.csv
3508,0,0,0,2k.csv
3508,0,0,0,2l.csv
3508,9,9,0,3a.csv
3508,7,6,1,3b.csv
3508,5,4,1,3c.csv
3508,5,4,1,3d.csv
3508,1,1,0,3e.csv
3508,3,3,0,3f.csv
3508,2,2,0,3g.csv
3509,14,12,2,1a.csv
3509,0,0,0,1b.csv
3509,4,4,0,1c.csv
3509,0,0,0,1e.csv
3509,0,0,0,1f.csv
3509,0,0,0,1g.csv
3509,2,1,1,1h.csv
3509,0,0,0,1i.csv
3509,1,1,0,1j.csv
3509,0,0,0,1k.csv
3509,4,1,3,1l.csv
3509,0,0,0,1m.csv
3509,0,0,0,2a.csv
3509,0,0,0,2b.csv
3509,0,0,0,2c.csv
3509,0,0,0,2d.csv
3509,0,0,0,2e.csv
3509,1,1,0,2f.csv
3509,0,0,0,2g.csv
3509,0,0,0,2h.csv
3509,0,0,0,2i.csv
3509,0,0,0,2j.csv
3509,0,0,0,2k.csv
3509,1,1,0,2l.csv
3509,10,10,0,3a.csv
3509,8,7,1,3b.csv
3509,5,4,1,3c.csv
3509,5,4,1,3d.csv
3509,2,2,0,3e.csv
3509,3,3,0,3f.csv
3509,3,2,1,3g.csv
3510,13,11,2,1a.csv
3510,0,0,0,1b.csv
3510,4,4,0,1c.csv
3510,0,0,0,1e.csv
3510,0,0,0,1f.csv
3510,0,0,0,1g.csv
3510,2,1,1,1h.csv
3510,0,0,0,1i.csv
3510,0,0,0,1j.csv
3510,0,0,0,1k.csv
3510,4,1,3,1l.csv
3510,0,0,0,1m.csv
3510,0,0,0,2a.csv
3510,0,0,0,2b.csv
3510,0,0,0,2c.csv
3510,0,0,0,2d.csv
3510,0,0,0,2e.csv
3510,1,1,0,2f.csv
3510,0,0,0,2g.csv
3510,0,0,0,2h.csv
3510,0,0,0,2i.csv
3510,0,0,0,2j.csv
3510,0,0,0,2k.csv
3510,1,1,0,2l.csv
3510,11,11,0,3a.csv
3510,8,7,1,3b.csv
3510,5,4,1,3c.csv
3510,5,4,1,3d.csv
3510,3,2,1,3e.csv
3510,3,3,0,3f.csv
3510,3,2,1,3g.csv
3511,15,12,3,1a.csv
3511,0,0,0,1b.csv
3511,4,4,0,1c.csv
3511,0,0,0,1e.csv
3511,0,0,0,1f.csv
3511,0,0,0,1g.csv
3511,1,1,0,1h.csv
3511,0,0,0,1i.csv
3511,0,0,0,1j.csv
3511,0,0,0,1k.csv
3511,4,1,3,1l.csv
3511,0,0,0,1m.csv
3511,0,0,0,2a.csv
3511,0,0,0,2b.csv
3511,0,0,0,2c.csv
3511,0,0,0,2d.csv
3511,0,0,0,2e.csv
3511,1,1,0,2f.csv
3511,0,0,0,2g.csv
3511,0,0,0,2h.csv
3511,0,0,0,2i.csv
3511,0,0,0,2j.csv
3511,0,0,0,2k.csv
3511,1,1,0,2l.csv
3511,12,12,0,3a.csv
3511,8,7,1,3b.csv
3511,5,4,1,3c.csv
3511,5,4,1,3d.csv
3511,3,2,1,3e.csv
3511,3,3,0,3f.csv
3511,3,2,1,3g.csv
3512,16,13,3,1a.csv
3512,0,0,0,1b.csv
3512,5,5,0,1c.csv
3512,0,0,0,1e.csv
3512,0,0,0,1f.csv
3512,0,0,0,1g.csv
3512,1,1,0,1h.csv
3512,0,0,0,1i.csv
3512,0,0,0,1j.csv
3512,0,0,0,1k.csv
3512,3,1,2,1l.csv
3512,0,0,0,1m.csv
3512,0,0,0,2a.csv
3512,0,0,0,2b.csv
3512,0,0,0,2c.csv
3512,0,0,0,2d.csv
3512,0,0,0,2e.csv
3512,1,1,0,2f.csv
3512,0,0,0,2g.csv
3512,0,0,0,2h.csv
3512,0,0,0,2i.csv
3512,0,0,0,2j.csv
3512,0,0,0,2k.csv
3512,1,1,0,2l.csv
3512,9,9,0,3a.csv
3512,8,7,1,3b.csv
3512,6,5,1,3c.csv
3512,6,5,1,3d.csv
3512,3,2,1,3e.csv
3512,2,2,0,3f.csv
3512,2,1,1,3g.csv
3513,15,12,3,1a.csv
3513,0,0,0,1b.csv
3513,5,5,0,1c.csv
3513,0,0,0,1e.csv
3513,0,0,0,1f.csv
3513,0,0,0,1g.csv
3513,1,1,0,1h.csv
3513,0,0,0,1i.csv
3513,0,0,0,1j.csv
3513,0,0,0,1k.csv
3513,3,1,2,1l.csv
3513,0,0,0,1m.csv
3513,0,0,0,2a.csv
3513,0,0,0,2b.csv
3513,0,0,0,2c.csv
3513,0,0,0,2d.csv
3513,0,0,0,2e.csv
3513,1,1,0,2f.csv
3513,0,0,0,2g.csv
3513,0,0,0,2h.csv
3513,0,0,0,2i.csv
3513,0,0,0,2j.csv
3513,0,0,0,2k.csv
3513,1,1,0,2l.csv
3513,9,9,0,3a.csv
3513,9,8,1,3b.csv
3513,4,4,0,3c.csv
3513,4,4,0,3d.csv
3513,3,2,1,3e.csv
3513,2,2,0,3f.csv
3513,2,1,1,3g.csv
3514,13,11,2,1a.csv
3514,0,0,0,1b.csv
3514,4,4,0,1c.csv
3514,0,0,0,1e.csv
3514,0,0,0,1f.csv
3514,0,0,0,1g.csv
3514,0,0,0,1h.csv
3514,0,0,0,1i.csv
3514,0,0,0,1j.csv
3514,1,1,0,1k.csv
3514,5,2,3,1l.csv
3514,0,0,0,1m.csv
3514,0,0,0,2a.csv
3514,0,0,0,2b.csv
3514,0,0,0,2c.csv
3514,0,0,0,2d.csv
3514,0,0,0,2e.csv
3514,1,1,0,2f.csv
3514,0,0,0,2g.csv
3514,0,0,0,2h.csv
3514,0,0,0,2i.csv
3514,0,0,0,2j.csv
3514,0,0,0,2k.csv
3514,1,1,0,2l.csv
3514,10,10,0,3a.csv
3514,8,8,0,3b.csv
3514,5,5,0,3c.csv
3514,5,5,0,3d.csv
3514,4,3,1,3e.csv
3514,0,0,0,3f.csv
3514,2,1,1,3g.csv
3515,14,12,2,1a.csv
3515,0,0,0,1b.csv
3515,4,4,0,1c.csv
3515,0,0,0,1e.csv
3515,0,0,0,1f.csv
3515,0,0,0,1g.csv
3515,0,0,0,1h.csv
3515,0,0,0,1i.csv
3515,0,0,0,1j.csv
3515,1,1,0,1k.csv
3515,3,2,1,1l.csv
3515,0,0,0,1m.csv
3515,0,0,0,2a.csv
3515,0,0,0,2b.csv
3515,0,0,0,2c.csv
3515,0,0,0,2d.csv
3515,0,0,0,2e.csv
3515,1,1,0,2f.csv
3515,0,0,0,2g.csv
3515,0,0,0,2h.csv
3515,0,0,0,2i.csv
3515,0,0,0,2j.csv
3515,0,0,0,2k.csv
3515,1,1,0,2l.csv
3515,9,9,0,3a.csv
3515,7,6,1,3b.csv
3515,5,5,0,3c.csv
3515,5,5,0,3d.csv
3515,6,4,2,3e.csv
3515,0,0,0,3f.csv
3515,2,1,1,3g.csv
3516,14,10,4,1a.csv
3516,1,0,1,1b.csv
3516,4,4,0,1c.csv
3516,0,0,0,1e.csv
3516,0,0,0,1f.csv
3516,0,0,0,1g.csv
3516,0,0,0,1h.csv
3516,0,0,0,1i.csv
3516,0,0,0,1j.csv
3516,1,1,0,1k.csv
3516,3,2,1,1l.csv
3516,0,0,0,1m.csv
3516,0,0,0,2a.csv
3516,0,0,0,2b.csv
3516,2,1,1,2c.csv
3516,0,0,0,2d.csv
3516,0,0,0,2e.csv
3516,0,0,0,2f.csv
3516,0,0,0,2g.csv
3516,0,0,0,2h.csv
3516,0,0,0,2i.csv
3516,0,0,0,2j.csv
3516,0,0,0,2k.csv
3516,1,1,0,2l.csv
3516,8,8,0,3a.csv
3516,6,5,1,3b.csv
3516,4,4,0,3c.csv
3516,4,4,0,3d.csv
3516,7,5,2,3e.csv
3516,0,0,0,3f.csv
3516,2,1,1,3g.csv
3517,13,9,4,1a.csv
3517,2,0,2,1b.csv
3517,3,3,0,1c.csv
3517,0,0,0,1e.csv
3517,0,0,0,1f.csv
3517,0,0,0,1g.csv
3517,0,0,0,1h.csv
3517,1,0,1,1i.csv
3517,0,0,0,1j.csv
3517,1,1,0,1k.csv
3517,3,2,1,1l.csv
3517,0,0,0,1m.csv
3517,0,0,0,2a.csv
3517,0,0,0,2b.csv
3517,2,1,1,2c.csv
3517,0,0,0,2d.csv
3517,0,0,0,2e.csv
3517,0,0,0,2f.csv
3517,0,0,0,2g.csv
3517,0,0,0,2h.csv
3517,0,0,0,2i.csv
3517,0,0,0,2j.csv
3517,0,0,0,2k.csv
3517,0,0,0,2l.csv
3517,9,8,1,3a.csv
3517,4,3,1,3b.csv
3517,4,4,0,3c.csv
3517,4,4,0,3d.csv
3517,9,6,3,3e.csv
3517,0,0,0,3f.csv
3517,1,1,0,3g.csv
3518,11,7,4,1a.csv
3518,2,0,2,1b.csv
3518,2,2,0,1c.csv
3518,0,0,0,1e.csv
3518,0,0,0,1f.csv
3518,0,0,0,1g.csv
3518,0,0,0,1h.csv
3518,1,0,1,1i.csv
3518,0,0,0,1j.csv
3518,1,1,0,1k.csv
3518,3,2,1,1l.csv
3518,0,0,0,1m.csv
3518,1,0,1,2a.csv
3518,0,0,0,2b.csv
3518,2,1,1,2c.csv
3518,0,0,0,2d.csv
3518,0,0,0,2e.csv
3518,0,0,0,2f.csv
3518,0,0,0,2g.csv
3518,0,0,0,2h.csv
3518,0,0,0,2i.csv
3518,0,0,0,2j.csv
3518,0,0,0,2k.csv
3518,0,0,0,2l.csv
3518,8,7,1,3a.csv
3518,5,3,2,3b.csv
3518,3,3,0,3c.csv
3518,3,3,0,3d.csv
3518,8,6,2,3e.csv
3518,0,0,0,3f.csv
3518,0,0,0,3g.csv
3519,8,5,3,1a.csv
3519,2,0,2,1b.csv
3519,2,2,0,1c.csv
3519,0,0,0,1e.csv
3519,0,0,0,1f.csv
3519,0,0,0,1g.csv
3519,0,0,0,1h.csv
3519,1,0,1,1i.csv
3519,0,0,0,1j.csv
3519,1,1,0,1k.csv
3519,3,2,1,1l.csv
3519,0,0,0,1m.csv
3519,1,0,1,2a.csv
3519,1,1,0,2b.csv
3519,2,1,1,2c.csv
3519,0,0,0,2d.csv
3519,0,0,0,2e.csv
3519,0,0,0,2f.csv
3519,0,0,0,2g.csv
3519,0,0,0,2h.csv
3519,0,0,0,2i.csv
3519,0,0,0,2j.csv
3519,0,0,0,2k.csv
3519,0,0,0,2l.csv
3519,8,7,1,3a.csv
3519,6,4,2,3b.csv
3519,4,4,0,3c.csv
3519,4,4,0,3d.csv
3519,8,6,2,3e.csv
3519,0,0,0,3f.csv
3519,0,0,0,3g.csv
3520,7,4,3,1a.csv
3520,3,0,3,1b.csv
3520,1,1,0,1c.csv
3520,0,0,0,1e.csv
3520,0,0,0,1f.csv
3520,0,0,0,1g.csv
3520,0,0,0,1h.csv
3520,1,0,1,1i.csv
3520,0,0,0,1j.csv
3520,1,1,0,1k.csv
3520,4,3,1,1l.csv
3520,0,0,0,1m.csv
3520,1,0,1,2a.csv
3520,1,1,0,2b.csv
3520,3,2,1,2c.csv
3520,0,0,0,2d.csv
3520,1,1,0,2e.csv
3520,0,0,0,2f.csv
3520,0,0,0,2g.csv
3520,0,0,0,2h.csv
3520,0,0,0,2i.csv
3520,0,0,0,2j.csv
3520,0,0,0,2k.csv
3520,0,0,0,2l.csv
3520,8,7,1,3a.csv
3520,7,5,2,3b.csv
3520,4,4,0,3c.csv
3520,4,4,0,3d.csv
3520,8,6,2,3e.csv
3520,0,0,0,3f.csv
3520,1,1,0,3g.csv
3521,10,6,4,1a.csv
3521,3,0,3,1b.csv
3521,1,1,0,1c.csv
3521,0,0,0,1e.csv
3521,0,0,0,1f.csv
3521,0,0,0,1g.csv
3521,0,0,0,1h.csv
3521,1,0,1,1i.csv
3521,0,0,0,1j.csv
3521,1,1,0,1k.csv
3521,4,3,1,1l.csv
3521,0,0,0,1m.csv
3521,2,0,2,2a.csv
3521,1,1,0,2b.csv
3521,3,2,1,2c.csv
3521,0,0,0,2d.csv
3521,1,1,0,2e.csv
3521,0,0,0,2f.csv
3521,0,0,0,2g.csv
3521,0,0,0,2h.csv
3521,0,0,0,2i.csv
3521,0,0,0,2j.csv
3521,0,0,0,2k.csv
3521,0,0,0,2l.csv
3521,8,7,1,3a.csv
3521,6,4,2,3b.csv
3521,4,4,0,3c.csv
3521,4,4,0,3d.csv
3521,10,8,2,3e.csv
3521,0,0,0,3f.csv
3521,2,2,0,3g.csv
3522,11,7,4,1a.csv
3522,3,0,3,1b.csv
3522,0,0,0,1c.csv
3522,0,0,0,1e.csv
3522,0,0,0,1f.csv
3522,0,0,0,1g.csv
3522,0,0,0,1h.csv
3522,2,1,1,1i.csv
3522,0,0,0,1j.csv
3522,0,0,0,1k.csv
3522,1,1,0,1l.csv
3522,0,0,0,1m.csv
3522,2,0,2,2a.csv
3522,1,1,0,2b.csv
3522,4,3,1,2c.csv
3522,0,0,0,2d.csv
3522,1,1,0,2e.csv
3522,0,0,0,2f.csv
3522,0,0,0,2g.csv
3522,0,0,0,2h.csv
3522,0,0,0,2i.csv
3522,0,0,0,2j.csv
3522,0,0,0,2k.csv
3522,0,0,0,2l.csv
3522,6,5,1,3a.csv
3522,7,4,3,3b.csv
3522,3,3,0,3c.csv
3522,3,3,0,3d.csv
3522,10,8,2,3e.csv
3522,0,0,0,3f.csv
3522,2,2,0,3g.csv
3523,10,6,4,1a.csv
3523,3,0,3,1b.csv
3523,0,0,0,1c.csv
3523,0,0,0,1e.csv
3523,0,0,0,1f.csv
3523,1,1,0,1g.csv
3523,0,0,0,1h.csv
3523,2,1,1,1i.csv
3523,0,0,0,1j.csv
3523,0,0,0,1k.csv
3523,2,2,0,1l.csv
3523,0,0,0,1m.csv
3523,2,0,2,2a.csv
3523,1,1,0,2b.csv
3523,4,3,1,2c.csv
3523,0,0,0,2d.csv
3523,1,1,0,2e.csv
3523,0,0,0,2f.csv
3523,0,0,0,2g.csv
3523,0,0,0,2h.csv
3523,0,0,0,2i.csv
3523,0,0,0,2j.csv
3523,0,0,0,2k.csv
3523,0,0,0,2l.csv
3523,5,4,1,3a.csv
3523,6,4,2,3b.csv
3523,3,3,0,3c.csv
3523,3,3,0,3d.csv
3523,7,6,1,3e.csv
3523,0,0,0,3f.csv
3523,2,2,0,3g.csv
3524,8,7,1,1a.csv
3524,2,0,2,1b.csv
3524,1,1,0,1c.csv
3524,1,1,0,1e.csv
3524,0,0,0,1f.csv
3524,1,1,0,1g.csv
3524,0,0,0,1h.csv
3524,2,1,1,1i.csv
3524,0,0,0,1j.csv
3524,0,0,0,1k.csv
3524,2,2,0,1l.csv
3524,0,0,0,1m.csv
3524,2,0,2,2a.csv
3524,1,1,0,2b.csv
3524,2,2,0,2c.csv
3524,0,0,0,2d.csv
3524,1,1,0,2e.csv
3524,0,0,0,2f.csv
3524,0,0,0,2g.csv
3524,0,0,0,2h.csv
3524,0,0,0,2i.csv
3524,0,0,0,2j.csv
3524,0,0,0,2k.csv
3524,0,0,0,2l.csv
3524,4,3,1,3a.csv
3524,5,3,2,3b.csv
3524,5,5,0,3c.csv
3524,5,5,0,3d.csv
3524,6,5,1,3e.csv
3524,0,0,0,3f.csv
3524,4,3,1,3g.csv
3525,8,7,1,1a.csv
3525,1,0,1,1b.csv
3525,1,1,0,1c.csv
3525,1,1,0,1e.csv
3525,0,0,0,1f.csv
3525,1,1,0,1g.csv
3525,0,0,0,1h.csv
3525,1,1,0,1i.csv
3525,0,0,0,1j.csv
3525,2,2,0,1k.csv
3525,2,2,0,1l.csv
3525,0,0,0,1m.csv
3525,2,0,2,2a.csv
3525,1,1,0,2b.csv
3525,3,2,1,2c.csv
3525,0,0,0,2d.csv
3525,1,1,0,2e.csv
3525,1,1,0,2f.csv
3525,0,0,0,2g.csv
3525,0,0,0,2h.csv
3525,0,0,0,2i.csv
3525,0,0,0,2j.csv
3525,0,0,0,2k.csv
3525,0,0,0,2l.csv
3525,3,3,0,3a.csv
3525,5,3,2,3b.csv
3525,4,4,0,3c.csv
3525,4,4,0,3d.csv
3525,4,4,0,3e.csv
3525,0,0,0,3f.csv
3525,4,3,1,3g.csv
3526,11,10,1,1a.csv
3526,3,0,3,1b.csv
3526,2,1,1,1c.csv
3526,1,1,0,1e.csv
3526,0,0,0,1f.csv
3526,1,1,0,1g.csv
3526,0,0,0,1h.csv
3526,1,1,0,1i.csv
3526,0,0,0,1j.csv
3526,2,2,0,1k.csv
3526,2,2,0,1l.csv
3526,0,0,0,1m.csv
3526,1,0,1,2a.csv
3526,1,1,0,2b.csv
3526,3,2,1,2c.csv
3526,0,0,0,2d.csv
3526,1,1,0,2e.csv
3526,1,1,0,2f.csv
3526,0,0,0,2g.csv
3526,0,0,0,2h.csv
3526,0,0,0,2i.csv
3526,0,0,0,2j.csv
3526,0,0,0,2k.csv
3526,1,1,0,2l.csv
3526,3,3,0,3a.csv
3526,4,2,2,3b.csv
3526,4,4,0,3c.csv
3526,4,4,0,3d.csv
3526,5,5,0,3e.csv
3526,0,0,0,3f.csv
3526,4,3,1,3g.csv
3527,16,14,2,1a.csv
3527,4,1,3,1b.csv
3527,3,2,1,1c.csv
3527,1,1,0,1e.csv
3527,0,0,0,1f.csv
3527,1,1,0,1g.csv
3527,0,0,0,1h.csv
3527,1,1,0,1i.csv
3527,0,0,0,1j.csv
3527,2,2,0,1k.csv
3527,2,2,0,1l.csv
3527,0,0,0,1m.csv
3527,1,0,1,2a.csv
3527,0,0,0,2b.csv
3527,3,2,1,2c.csv
3527,0,0,0,2d.csv
3527,1,1,0,2e.csv
3527,1,1,0,2f.csv
3527,0,0,0,2g.csv
3527,0,0,0,2h.csv
3527,0,0,0,2i.csv
3527,0,0,0,2j.csv
3527,0,0,0,2k.csv
3527,1,1,0,2l.csv
3527,3,2,1,3a.csv
3527,3,1,2,3b.csv
3527,5,5,0,3c.csv
3527,5,5,0,3d.csv
3527,5,5,0,3e.csv
3527,0,0,0,3f.csv
3527,4,3,1,3g.csv
3528,17,15,2,1a.csv
3528,3,1,2,1b.csv
3528,4,2,2,1c.csv
3528,1,1,0,1e.csv
3528,0,0,0,1f.csv
3528,1,1,0,1g.csv
3528,0,0,0,1h.csv
3528,1,1,0,1i.csv
3528,1,1,0,1j.csv
3528,2,2,0,1k.csv
3528,1,1,0,1l.csv
3528,1,1,0,1m.csv
3528,2,1,1,2a.csv
3528,0,0,0,2b.csv
3528,2,1,1,2c.csv
3528,0,0,0,2d.csv
3528,0,0,0,2e.csv
3528,1,1,0,2f.csv
3528,1,0,1,2g.csv
3528,0,0,0,2h.csv
3528,0,0,0,2i.csv
3528,0,0,0,2j.csv
3528,0,0,0,2k.csv
3528,1,1,0,2l.csv
3528,3,2,1,3a.csv
3528,2,0,2,3b.csv
3528,4,4,0,3c.csv
3528,4,4,0,3d.csv
3528,7,7,0,3e.csv
3528,0,0,0,3f.csv
3528,3,2,1,3g.csv
3529,15,14,1,1a.csv
3529,3,1,2,1b.csv
3529,4,2,2,1c.csv
3529,1,1,0,1e.csv
3529,0,0,0,1f.csv
3529,1,1,0,1g.csv
3529,1,1,0,1h.csv
3529,1,1,0,1i.csv
3529,1,1,0,1j.csv
3529,2,2,0,1k.csv
3529,3,2,1,1l.csv
3529,1,1,0,1m.csv
3529,1,1,0,2a.csv
3529,0,0,0,2b.csv
3529,2,1,1,2c.csv
3529,0,0,0,2d.csv
3529,1,1,0,2e.csv
3529,1,1,0,2f.csv
3529,1,0,1,2g.csv
3529,0,0,0,2h.csv
3529,0,0,0,2i.csv
3529,0,0,0,2j.csv
3529,0,0,0,2k.csv
3529,1,1,0,2l.csv
3529,4,2,2,3a.csv
3529,2,0,2,3b.csv
3529,8,8,0,3c.csv
3529,8,8,0,3d.csv
3529,5,5,0,3e.csv
3529,0,0,0,3f.csv
3529,2,1,1,3g.csv
3530,15,14,1,1a.csv
3530,3,1,2,1b.csv
3530,4,2,2,1c.csv
3530,1,1,0,1e.csv
3530,0,0,0,1f.csv
3530,2,2,0,1g.csv
3530,1,1,0,1h.csv
3530,0,0,0,1i.csv
3530,2,2,0,1j.csv
3530,2,2,0,1k.csv
3530,4,3,1,1l.csv
3530,1,1,0,1m.csv
3530,1,1,0,2a.csv
3530,0,0,0,2b.csv
3530,1,0,1,2c.csv
3530,0,0,0,2d.csv
3530,1,1,0,2e.csv
3530,1,1,0,2f.csv
3530,1,0,1,2g.csv
3530,0,0,0,2h.csv
3530,0,0,0,2i.csv
3530,0,0,0,2j.csv
3530,0,0,0,2k.csv
3530,1,1,0,2l.csv
3530,5,2,3,3a.csv
3530,1,0,1,3b.csv
3530,9,9,0,3c.csv
3530,9,9,0,3d.csv
3530,4,4,0,3e.csv
3530,0,0,0,3f.csv
3530,2,1,1,3g.csv
3531,16,14,2,1a.csv
3531,3,1,2,1b.csv
3531,4,2,2,1c.csv
3531,1,1,0,1e.csv
3531,0,0,0,1f.csv
3531,1,1,0,1g.csv
3531,1,1,0,1h.csv
3531,0,0,0,1i.csv
3531,2,2,0,1j.csv
3531,2,2,0,1k.csv
3531,3,2,1,1l.csv
3531,1,1,0,1m.csv
3531,2,2,0,2a.csv
3531,0,0,0,2b.csv
3531,1,0,1,2c.csv
3531,0,0,0,2d.csv
3531,1,1,0,2e.csv
3531,1,1,0,2f.csv
3531,1,0,1,2g.csv
3531,1,1,0,2h.csv
3531,0,0,0,2i.csv
3531,0,0,0,2j.csv
3531,0,0,0,2k.csv
3531,1,1,0,2l.csv
3531,5,2,3,3a.csv
3531,1,0,1,3b.csv
3531,10,10,0,3c.csv
3531,10,10,0,3d.csv
3531,5,5,0,3e.csv
3531,0,0,0,3f.csv
3531,2,1,1,3g.csv
3532,21,17,4,1a.csv
3532,3,1,2,1b.csv
3532,4,2,2,1c.csv
3532,0,0,0,1e.csv
3532,0,0,0,1f.csv
3532,2,2,0,1g.csv
3532,1,1,0,1h.csv
3532,0,0,0,1i.csv
3532,2,2,0,1j.csv
3532,2,2,0,1k.csv
3532,3,2,1,1l.csv
3532,1,1,0,1m.csv
3532,2,2,0,2a.csv
3532,0,0,0,2b.csv
3532,1,0,1,2c.csv
3532,0,0,0,2d.csv
3532,1,1,0,2e.csv
3532,1,1,0,2f.csv
3532,1,0,1,2g.csv
3532,1,1,0,2h.csv
3532,0,0,0,2i.csv
3532,0,0,0,2j.csv
3532,0,0,0,2k.csv
3532,1,1,0,2l.csv
3532,6,3,3,3a.csv
3532,1,0,1,3b.csv
3532,8,8,0,3c.csv
3532,8,8,0,3d.csv
3532,5,5,0,3e.csv
3532,0,0,0,3f.csv
3532,0,0,0,3g.csv
3533,25,20,5,1a.csv
3533,3,1,2,1b.csv
3533,4,2,2,1c.csv
3533,0,0,0,1e.csv
3533,0,0,0,1f.csv
3533,2,2,0,1g.csv
3533,1,1,0,1h.csv
3533,0,0,0,1i.csv
3533,2,2,0,1j.csv
3533,0,0,0,1k.csv
3533,3,2,1,1l.csv
3533,1,1,0,1m.csv
3533,2,2,0,2a.csv
3533,0,0,0,2b.csv
3533,0,0,0,2c.csv
3533,0,0,0,2d.csv
3533,1,1,0,2e.csv
3533,0,0,0,2f.csv
3533,1,0,1,2g.csv
3533,1,1,0,2h.csv
3533,0,0,0,2i.csv
3533,0,0,0,2j.csv
3533,0,0,0,2k.csv
3533,1,1,0,2l.csv
3533,6,3,3,3a.csv
3533,3,2,1,3b.csv
3533,8,8,0,3c.csv
3533,8,8,0,3d.csv
3533,5,5,0,3e.csv
3533,1,1,0,3f.csv
3533,0,0,0,3g.csv
3534,26,21,5,1a.csv
3534,1,1,0,1b.csv
3534,3,2,1,1c.csv
3534,0,0,0,1e.csv
3534,0,0,0,1f.csv
3534,2,2,0,1g.csv
3534,1,1,0,1h.csv
3534,0,0,0,1i.csv
3534,2,2,0,1j.csv
3534,0,0,0,1k.csv
3534,3,2,1,1l.csv
3534,1,1,0,1m.csv
3534,2,2,0,2a.csv
3534,0,0,0,2b.csv
3534,0,0,0,2c.csv
3534,0,0,0,2d.csv
3534,1,1,0,2e.csv
3534,0,0,0,2f.csv
3534,1,0,1,2g.csv
3534,1,1,0,2h.csv
3534,0,0,0,2i.csv
3534,0,0,0,2j.csv
3534,0,0,0,2k.csv
3534,0,0,0,2l.csv
3534,8,5,3,3a.csv
3534,2,2,0,3b.csv
3534,8,8,0,3c.csv
3534,8,8,0,3d.csv
3534,4,4,0,3e.csv
3534,1,1,0,3f.csv
3534,0,0,0,3g.csv
3535,22,18,4,1a.csv
3535,0,0,0,1b.csv
3535,3,2,1,1c.csv
3535,0,0,0,1e.csv
3535,0,0,0,1f.csv
3535,2,2,0,1g.csv
3535,1,1,0,1h.csv
3535,0,0,0,1i.csv
3535,2,2,0,1j.csv
3535,0,0,0,1k.csv
3535,3,2,1,1l.csv
3535,1,1,0,1m.csv
3535,2,2,0,2a.csv
3535,0,0,0,2b.csv
3535,1,1,0,2c.csv
3535,0,0,0,2d.csv
3535,1,1,0,2e.csv
3535,0,0,0,2f.csv
3535,1,0,1,2g.csv
3535,1,1,0,2h.csv
3535,0,0,0,2i.csv
3535,0,0,0,2j.csv
3535,0,0,0,2k.csv
3535,0,0,0,2l.csv
3535,9,7,2,3a.csv
3535,2,2,0,3b.csv
3535,6,6,0,3c.csv
3535,6,6,0,3d.csv
3535,5,5,0,3e.csv
3535,1,1,0,3f.csv
3535,0,0,0,3g.csv
3536,25,21,4,1a.csv
3536,0,0,0,1b.csv
3536,2,2,0,1c.csv
3536,0,0,0,1e.csv
3536,0,0,0,1f.csv
3536,2,2,0,1g.csv
3536,1,1,0,1h.csv
3536,0,0,0,1i.csv
3536,1,1,0,1j.csv
3536,0,0,0,1k.csv
3536,3,2,1,1l.csv
3536,0,0,0,1m.csv
3536,1,1,0,2a.csv
3536,0,0,0,2b.csv
3536,1,1,0,2c.csv
3536,0,0,0,2d.csv
3536,1,1,0,2e.csv
3536,0,0,0,2f.csv
3536,0,0,0,2g.csv
3536,1,1,0,2h.csv
3536,0,0,0,2i.csv
3536,0,0,0,2j.csv
3536,0,0,0,2k.csv
3536,0,0,0,2l.csv
3536,9,7,2,3a.csv
3536,2,2,0,3b.csv
3536,6,6,0,3c.csv
3536,6,6,0,3d.csv
3536,3,3,0,3e.csv
3536,1,1,0,3f.csv
3536,0,0,0,3g.csv
3537,26,21,5,1a.csv
3537,0,0,0,1b.csv
3537,3,3,0,1c.csv
3537,0,0,0,1e.csv
3537,0,0,0,1f.csv
3537,2,2,0,1g.csv
3537,0,0,0,1h.csv
3537,0,0,0,1i.csv
3537,2,1,1,1j.csv
3537,0,0,0,1k.csv
3537,1,1,0,1l.csv
3537,0,0,0,1m.csv
3537,1,1,0,2a.csv
3537,0,0,0,2b.csv
3537,1,1,0,2c.csv
3537,0,0,0,2d.csv
3537,0,0,0,2e.csv
3537,0,0,0,2f.csv
3537,0,0,0,2g.csv
3537,1,1,0,2h.csv
3537,0,0,0,2i.csv
3537,0,0,0,2j.csv
3537,0,0,0,2k.csv
3537,0,0,0,2l.csv
3537,10,9,1,3a.csv
3537,4,3,1,3b.csv
3537,2,2,0,3c.csv
3537,2,2,0,3d.csv
3537,3,3,0,3e.csv
3537,2,2,0,3f.csv
3537,0,0,0,3g.csv
3538,31,25,6,1a.csv
3538,0,0,0,1b.csv
3538,5,4,1,1c.csv
3538,0,0,0,1e.csv
3538,0,0,0,1f.csv
3538,1,1,0,1g.csv
3538,0,0,0,1h.csv
3538,0,0,0,1i.csv
3538,1,0,1,1j.csv
3538,0,0,0,1k.csv
3538,2,2,0,1l.csv
3538,0,0,0,1m.csv
3538,1,1,0,2a.csv
3538,0,0,0,2b.csv
3538,1,1,0,2c.csv
3538,0,0,0,2d.csv
3538,0,0,0,2e.csv
3538,0,0,0,2f.csv
3538,0,0,0,2g.csv
3538,1,1,0,2h.csv
3538,0,0,0,2i.csv
3538,0,0,0,2j.csv
3538,0,0,0,2k.csv
3538,0,0,0,2l.csv
3538,11,11,0,3a.csv
3538,5,3,2,3b.csv
3538,2,2,0,3c.csv
3538,2,2,0,3d.csv
3538,3,3,0,3e.csv
3538,2,2,0,3f.csv
3538,3,2,1,3g.csv
3539,32,26,6,1a.csv
3539,0,0,0,1b.csv
3539,5,4,1,1c.csv
3539,0,0,0,1e.csv
3539,1,1,0,1f.csv
3539,2,1,1,1g.csv
3539,1,0,1,1h.csv
3539,0,0,0,1i.csv
3539,1,0,1,1j.csv
3539,0,0,0,1k.csv
3539,2,2,0,1l.csv
3539,0,0,0,1m.csv
3539,0,0,0,2a.csv
3539,0,0,0,2b.csv
3539,1,1,0,2c.csv
3539,0,0,0,2d.csv
3539,0,0,0,2e.csv
3539,0,0,0,2f.csv
3539,0,0,0,2g.csv
3539,0,0,0,2h.csv
3539,0,0,0,2i.csv
3539,0,0,0,2j.csv
3539,0,0,0,2k.csv
3539,0,0,0,2l.csv
3539,12,12,0,3a.csv
3539,5,3,2,3b.csv
3539,1,1,0,3c.csv
3539,1,1,0,3d.csv
3539,3,2,1,3e.csv
3539,2,2,0,3f.csv
3539,4,2,2,3g.csv
3540,29,25,4,1a.csv
3540,0,0,0,1b.csv
3540,4,3,1,1c.csv
3540,0,0,0,1e.csv
3540,1,1,0,1f.csv
3540,1,0,1,1g.csv
3540,1,0,1,1h.csv
3540,0,0,0,1i.csv
3540,1,0,1,1j.csv
3540,0,0,0,1k.csv
3540,2,2,0,1l.csv
3540,0,0,0,1m.csv
3540,0,0,0,2a.csv
3540,1,1,0,2b.csv
3540,2,1,1,2c.csv
3540,0,0,0,2d.csv
3540,0,0,0,2e.csv
3540,0,0,0,2f.csv
3540,0,0,0,2g.csv
3540,0,0,0,2h.csv
3540,0,0,0,2i.csv
3540,0,0,0,2j.csv
3540,0,0,0,2k.csv
3540,0,0,0,2l.csv
3540,12,11,1,3a.csv
3540,6,4,2,3b.csv
3540,1,1,0,3c.csv
3540,1,1,0,3d.csv
3540,3,2,1,3e.csv
3540,2,2,0,3f.csv
3540,5,3,2,3g.csv
3541,28,22,6,1a.csv
3541,0,0,0,1b.csv
3541,4,3,1,1c.csv
3541,0,0,0,1e.csv
3541,1,1,0,1f.csv
3541,1,0,1,1g.csv
3541,1,0,1,1h.csv
3541,0,0,0,1i.csv
3541,2,1,1,1j.csv
3541,0,0,0,1k.csv
3541,3,3,0,1l.csv
3541,0,0,0,1m.csv
3541,0,0,0,2a.csv
3541,1,1,0,2b.csv
3541,2,1,1,2c.csv
3541,0,0,0,2d.csv
3541,0,0,0,2e.csv
3541,0,0,0,2f.csv
3541,0,0,0,2g.csv
3541,0,0,0,2h.csv
3541,0,0,0,2i.csv
3541,0,0,0,2j.csv
3541,0,0,0,2k.csv
3541,0,0,0,2l.csv
3541,12,11,1,3a.csv
3541,6,3,3,3b.csv
3541,1,1,0,3c.csv
3541,1,1,0,3d.csv
3541,3,1,2,3e.csv
3541,1,1,0,3f.csv
3541,8,5,3,3g.csv
3542,36,28,8,1a.csv
3542,0,0,0,1b.csv
3542,5,4,1,1c.csv
3542,0,0,0,1e.csv
3542,1,1,0,1f.csv
3542,1,0,1,1g.csv
3542,1,0,1,1h.csv
3542,0,0,0,1i.csv
3542,3,2,1,1j.csv
3542,0,0,0,1k.csv
3542,4,4,0,1l.csv
3542,0,0,0,1m.csv
3542,0,0,0,2a.csv
3542,1,1,0,2b.csv
3542,2,1,1,2c.csv
3542,0,0,0,2d.csv
3542,0,0,0,2e.csv
3542,0,0,0,2f.csv
3542,0,0,0,2g.csv
3542,0,0,0,2h.csv
3542,0,0,0,2i.csv
3542,0,0,0,2j.csv
3542,0,0,0,2k.csv
3542,0,0,0,2l.csv
3542,11,10,1,3a.csv
3542,7,4,3,3b.csv
3542,1,1,0,3c.csv
3542,1,1,0,3d.csv
3542,3,1,2,3e.csv
3542,2,2,0,3f.csv
3542,9,6,3,3g.csv
3543,43,34,9,1a.csv
3543,0,0,0,1b.csv
3543,4,3,1,1c.csv
3543,0,0,0,1e.csv
3543,1,1,0,1f.csv
3543,1,0,1,1g.csv
3543,1,0,1,1h.csv
3543,0,0,0,1i.csv
3543,3,2,1,1j.csv
3543,0,0,0,1k.csv
3543,4,4,0,1l.csv
3543,0,0,0,1m.csv
3543,0,0,0,2a.csv
3543,1,1,0,2b.csv
3543,2,1,1,2c.csv
3543,0,0,0,2d.csv
3543,0,0,0,2e.csv
3543,0,0,0,2f.csv
3543,0,0,0,2g.csv
3543,0,0,0,2h.csv
3543,0,0,0,2i.csv
3543,0,0,0,2j.csv
3543,0,0,0,2k.csv
3543,0,0,0,2l.csv
3543,11,9,2,3a.csv
3543,7,4,3,3b.csv
3543,1,1,0,3c.csv
3543,1,1,0,3d.csv
3543,2,0,2,3e.csv
3543,2,2,0,3f.csv
3543,10,7,3,3g.csv
3544,47,36,11,1a.csv
3544,1,0,1,1b.csv
3544,5,4,1,1c.csv
3544,0,0,0,1e.csv
3544,1,1,0,1f.csv
3544,1,0,1,1g.csv
3544,2,0,2,1h.csv
3544,0,0,0,1i.csv
3544,3,2,1,1j.csv
3544,0,0,0,1k.csv
3544,4,4,0,1l.csv
3544,0,0,0,1m.csv
3544,0,0,0,2a.csv
3544,1,1,0,2b.csv
3544,2,1,1,2c.csv
3544,0,0,0,2d.csv
3544,0,0,0,2e.csv
3544,0,0,0,2f.csv
3544,0,0,0,2g.csv
3544,0,0,0,2h.csv
3544,0,0,0,2i.csv
3544,0,0,0,2j.csv
3544,0,0,0,2k.csv
3544,0,0,0,2l.csv
3544,12,9,3,3a.csv
3544,8,5,3,3b.csv
3544,1,1,0,3c.csv
3544,1,1,0,3d.csv
3544,2,0,2,3e.csv
3544,3,3,0,3f.csv
3544,12,9,3,3g.csv
3545,52,41,11,1a.csv
3545,1,0,1,1b.csv
3545,4,3,1,1c.csv
3545,0,0,0,1e.csv
3545,1,1,0,1f.csv
3545,1,0,1,1g.csv
3545,2,0,2,1h.csv
3545,0,0,0,1i.csv
3545,2,2,0,1j.csv
3545,0,0,0,1k.csv
3545,4,4,0,1l.csv
3545,0,0,0,1m.csv
3545,0,0,0,2a.csv
3545,1,1,0,2b.csv
3545,2,1,1,2c.csv
3545,0,0,0,2d.csv
3545,0,0,0,2e.csv
3545,0,0,0,2f.csv
3545,0,0,0,2g.csv
3545,0,0,0,2h.csv
3545,0,0,0,2i.csv
3545,0,0,0,2j.csv
3545,0,0,0,2k.csv
3545,0,0,0,2l.csv
3545,13,10,3,3a.csv
3545,6,4,2,3b.csv
3545,1,1,0,3c.csv
3545,1,1,0,3d.csv
3545,3,1,2,3e.csv
3545,2,2,0,3f.csv
3545,15,12,3,3g.csv
3546,55,45,10,1a.csv
3546,1,0,1,1b.csv
3546,3,3,0,1c.csv
3546,0,0,0,1e.csv
3546,1,1,0,1f.csv
3546,1,0,1,1g.csv
3546,2,0,2,1h.csv
3546,0,0,0,1i.csv
3546,2,2,0,1j.csv
3546,0,0,0,1k.csv
3546,2,2,0,1l.csv
3546,0,0,0,1m.csv
3546,0,0,0,2a.csv
3546,1,1,0,2b.csv
3546,2,1,1,2c.csv
3546,0,0,0,2d.csv
3546,0,0,0,2e.csv
3546,0,0,0,2f.csv
3546,0,0,0,2g.csv
3546,0,0,0,2h.csv
3546,0,0,0,2i.csv
3546,0,0,0,2j.csv
3546,0,0,0,2k.csv
3546,0,0,0,2l.csv
3546,13,10,3,3a.csv
3546,6,5,1,3b.csv
3546,0,0,0,3c.csv
3546,0,0,0,3d.csv
3546,5,2,3,3e.csv
3546,2,2,0,3f.csv
3546,14,12,2,3g.csv
3547,64,52,12,1a.csv
3547,1,0,1,1b.csv
3547,3,3,0,1c.csv
3547,0,0,0,1e.csv
3547,0,0,0,1f.csv
3547,0,0,0,1g.csv
3547,1,0,1,1h.csv
3547,0,0,0,1i.csv
3547,2,2,0,1j.csv
3547,0,0,0,1k.csv
3547,2,2,0,1l.csv
3547,0,0,0,1m.csv
3547,0,0,0,2a.csv
3547,1,1,0,2b.csv
3547,2,1,1,2c.csv
3547,0,0,0,2d.csv
3547,0,0,0,2e.csv
3547,0,0,0,2f.csv
3547,0,0,0,2g.csv
3547,0,0,0,2h.csv
3547,0,0,0,2i.csv
3547,0,0,0,2j.csv
3547,0,0,0,2k.csv
3547,0,0,0,2l.csv
3547,16,12,4,3a.csv
3547,8,7,1,3b.csv
3547,1,1,0,3c.csv
3547,1,1,0,3d.csv
3547,4,2,2,3e.csv
3547,3,2,1,3f.csv
3547,17,16,1,3g.csv
3548,69,57,12,1a.csv
3548,1,0,1,1b.csv
3548,4,4,0,1c.csv
3548,0,0,0,1e.csv
3548,0,0,0,1f.csv
3548,0,0,0,1g.csv
3548,1,0,1,1h.csv
3548,0,0,0,1i.csv
3548,2,2,0,1j.csv
3548,0,0,0,1k.csv
3548,3,2,1,1l.csv
3548,0,0,0,1m.csv
3548,0,0,0,2a.csv
3548,0,0,0,2b.csv
3548,2,2,0,2c.csv
3548,0,0,0,2d.csv
3548,0,0,0,2e.csv
3548,0,0,0,2f.csv
3548,0,0,0,2g.csv
3548,0,0,0,2h.csv
3548,0,0,0,2i.csv
3548,0,0,0,2j.csv
3548,0,0,0,2k.csv
3548,0,0,0,2l.csv
3548,16,13,3,3a.csv
3548,8,6,2,3b.csv
3548,3,3,0,3c.csv
3548,3,3,0,3d.csv
3548,6,4,2,3e.csv
3548,3,2,1,3f.csv
3548,16,15,1,3g.csv
3549,75,65,10,1a.csv
3549,1,0,1,1b.csv
3549,4,4,0,1c.csv
3549,0,0,0,1e.csv
3549,0,0,0,1f.csv
3549,0,0,0,1g.csv
3549,1,0,1,1h.csv
3549,0,0,0,1i.csv
3549,1,1,0,1j.csv
3549,0,0,0,1k.csv
3549,2,1,1,1l.csv
3549,0,0,0,1m.csv
3549,0,0,0,2a.csv
3549,0,0,0,2b.csv
3549,2,2,0,2c.csv
3549,0,0,0,2d.csv
3549,0,0,0,2e.csv
3549,0,0,0,2f.csv
3549,0,0,0,2g.csv
3549,0,0,0,2h.csv
3549,0,0,0,2i.csv
3549,0,0,0,2j.csv
3549,0,0,0,2k.csv
3549,0,0,0,2l.csv
3549,15,12,3,3a.csv
3549,6,5,1,3b.csv
3549,3,3,0,3c.csv
3549,3,3,0,3d.csv
3549,5,4,1,3e.csv
3549,3,2,1,3f.csv
3549,13,13,0,3g.csv
3550,80,66,14,1a.csv
3550,1,0,1,1b.csv
3550,3,3,0,1c.csv
3550,0,0,0,1e.csv
3550,0,0,0,1f.csv
3550,0,0,0,1g.csv
3550,2,1,1,1h.csv
3550,0,0,0,1i.csv
3550,0,0,0,1j.csv
3550,0,0,0,1k.csv
3550,1,0,1,1l.csv
3550,0,0,0,1m.csv
3550,0,0,0,2a.csv
3550,1,0,1,2b.csv
3550,2,2,0,2c.csv
3550,0,0,0,2d.csv
3550,0,0,0,2e.csv
3550,0,0,0,2f.csv
3550,0,0,0,2g.csv
3550,0,0,0,2h.csv
3550,0,0,0,2i.csv
3550,0,0,0,2j.csv
3550,0,0,0,2k.csv
3550,0,0,0,2l.csv
3550,14,11,3,3a.csv
3550,5,4,1,3b.csv
3550,3,3,0,3c.csv
3550,3,3,0,3d.csv
3550,5,4,1,3e.csv
3550,3,2,1,3f.csv
3550,16,14,2,3g.csv
3551,80,66,14,1a.csv
3551,2,0,2,1b.csv
3551,3,3,0,1c.csv
3551,0,0,0,1e.csv
3551,0,0,0,1f.csv
3551,0,0,0,1g.csv
3551,2,1,1,1h.csv
3551,0,0,0,1i.csv
3551,0,0,0,1j.csv
3551,0,0,0,1k.csv
3551,2,1,1,1l.csv
3551,0,0,0,1m.csv
3551,0,0,0,2a.csv
3551,1,0,1,2b.csv
3551,2,1,1,2c.csv
3551,0,0,0,2d.csv
3551,0,0,0,2e.csv
3551,0,0,0,2f.csv
3551,0,0,0,2g.csv
3551,0,0,0,2h.csv
3551,0,0,0,2i.csv
3551,0,0,0,2j.csv
3551,0,0,0,2k.csv
3551,0,0,0,2l.csv
3551,14,12,2,3a.csv
3551,6,5,1,3b.csv
3551,3,3,0,3c.csv
3551,3,3,0,3d.csv
3551,5,4,1,3e.csv
3551,4,3,1,3f.csv
3551,16,14,2,3g.csv
3552,84,69,15,1a.csv
3552,2,1,1,1b.csv
3552,3,3,0,1c.csv
3552,1,0,1,1e.csv
3552,0,0,0,1f.csv
3552,0,0,0,1g.csv
3552,2,2,0,1h.csv
3552,0,0,0,1i.csv
3552,0,0,0,1j.csv
3552,0,0,0,1k.csv
3552,2,1,1,1l.csv
3552,0,0,0,1m.csv
3552,1,0,1,2a.csv
3552,1,0,1,2b.csv
3552,2,1,1,2c.csv
3552,0,0,0,2d.csv
3552,0,0,0,2e.csv
3552,0,0,0,2f.csv
3552,0,0,0,2g.csv
3552,0,0,0,2h.csv
3552,0,0,0,2i.csv
3552,0,0,0,2j.csv
3552,0,0,0,2k.csv
3552,0,0,0,2l.csv
3552,12,11,1,3a.csv
3552,6,5,1,3b.csv
3552,3,3,0,3c.csv
3552,3,3,0,3d.csv
3552,6,4,2,3e.csv
3552,4,3,1,3f.csv
3552,15,13,2,3g.csv
3553,85,71,14,1a.csv
3553,2,1,1,1b.csv
3553,3,3,0,1c.csv
3553,1,0,1,1e.csv
3553,0,0,0,1f.csv
3553,0,0,0,1g.csv
3553,2,2,0,1h.csv
3553,0,0,0,1i.csv
3553,0,0,0,1j.csv
3553,0,0,0,1k.csv
3553,4,2,2,1l.csv
3553,0,0,0,1m.csv
3553,1,0,1,2a.csv
3553,2,1,1,2b.csv
3553,3,2,1,2c.csv
3553,0,0,0,2d.csv
3553,0,0,0,2e.csv
3553,0,0,0,2f.csv
3553,0,0,0,2g.csv
3553,0,0,0,2h.csv
3553,0,0,0,2i.csv
3553,0,0,0,2j.csv
3553,0,0,0,2k.csv
3553,0,0,0,2l.csv
3553,9,8,1,3a.csv
3553,6,5,1,3b.csv
3553,3,3,0,3c.csv
3553,3,3,0,3d.csv
3553,5,3,2,3e.csv
3553,4,3,1,3f.csv
3553,12,10,2,3g.csv
3554,79,64,15,1a.csv
3554,3,2,1,1b.csv
3554,2,2,0,1c.csv
3554,1,0,1,1e.csv
3554,0,0,0,1f.csv
3554,0,0,0,1g.csv
3554,2,2,0,1h.csv
3554,0,0,0,1i.csv
3554,1,1,0,1j.csv
3554,0,0,0,1k.csv
3554,4,2,2,1l.csv
3554,0,0,0,1m.csv
3554,1,0,1,2a.csv
3554,2,1,1,2b.csv
3554,3,2,1,2c.csv
3554,0,0,0,2d.csv
3554,0,0,0,2e.csv
3554,0,0,0,2f.csv
3554,0,0,0,2g.csv
3554,0,0,0,2h.csv
3554,0,0,0,2i.csv
3554,1,1,0,2j.csv
3554,0,0,0,2k.csv
3554,0,0,0,2l.csv
3554,10,7,3,3a.csv
3554,5,4,1,3b.csv
3554,3,3,0,3c.csv
3554,3,3,0,3d.csv
3554,4,3,1,3e.csv
3554,4,3,1,3f.csv
3554,10,8,2,3g.csv
3555,80,66,14,1a.csv
3555,3,2,1,1b.csv
3555,2,2,0,1c.csv
3555,1,0,1,1e.csv
3555,0,0,0,1f.csv
3555,0,0,0,1g.csv
3555,2,2,0,1h.csv
3555,0,0,0,1i.csv
3555,1,1,0,1j.csv
3555,0,0,0,1k.csv
3555,4,2,2,1l.csv
3555,0,0,0,1m.csv
3555,1,0,1,2a.csv
3555,2,1,1,2b.csv
3555,3,2,1,2c.csv
3555,0,0,0,2d.csv
3555,0,0,0,2e.csv
3555,0,0,0,2f.csv
3555,0,0,0,2g.csv
3555,0,0,0,2h.csv
3555,0,0,0,2i.csv
3555,1,1,0,2j.csv
3555,0,0,0,2k.csv
3555,0,0,0,2l.csv
3555,6,4,2,3a.csv
3555,4,2,2,3b.csv
3555,2,2,0,3c.csv
3555,2,2,0,3d.csv
3555,4,3,1,3e.csv
3555,3,3,0,3f.csv
3555,6,4,2,3g.csv
3556,77,63,14,1a.csv
3556,3,2,1,1b.csv
3556,1,1,0,1c.csv
3556,1,0,1,1e.csv
3556,0,0,0,1f.csv
3556,0,0,0,1g.csv
3556,2,2,0,1h.csv
3556,0,0,0,1i.csv
3556,1,1,0,1j.csv
3556,0,0,0,1k.csv
3556,3,2,1,1l.csv
3556,0,0,0,1m.csv
3556,1,0,1,2a.csv
3556,2,1,1,2b.csv
3556,3,2,1,2c.csv
3556,0,0,0,2d.csv
3556,0,0,0,2e.csv
3556,0,0,0,2f.csv
3556,0,0,0,2g.csv
3556,0,0,0,2h.csv
3556,0,0,0,2i.csv
3556,1,1,0,2j.csv
3556,0,0,0,2k.csv
3556,0,0,0,2l.csv
3556,5,3,2,3a.csv
3556,4,3,1,3b.csv
3556,0,0,0,3c.csv
3556,0,0,0,3d.csv
3556,3,2,1,3e.csv
3556,3,3,0,3f.csv
3556,6,4,2,3g.csv
3557,72,58,14,1a.csv
3557,3,2,1,1b.csv
3557,1,1,0,1c.csv
3557,1,0,1,1e.csv
3557,0,0,0,1f.csv
3557,0,0,0,1g.csv
3557,2,2,0,1h.csv
3557,0,0,0,1i.csv
3557,1,1,0,1j.csv
3557,0,0,0,1k.csv
3557,3,2,1,1l.csv
3557,0,0,0,1m.csv
3557,1,0,1,2a.csv
3557,2,1,1,2b.csv
3557,4,3,1,2c.csv
3557,0,0,0,2d.csv
3557,0,0,0,2e.csv
3557,0,0,0,2f.csv
3557,0,0,0,2g.csv
3557,0,0,0,2h.csv
3557,0,0,0,2i.csv
3557,1,1,0,2j.csv
3557,0,0,0,2k.csv
3557,0,0,0,2l.csv
3557,6,4,2,3a.csv
3557,4,3,1,3b.csv
3557,1,1,0,3c.csv
3557,1,1,0,3d.csv
3557,3,2,1,3e.csv
3557,3,3,0,3f.csv
3557,6,4,2,3g.csv
3558,66,54,12,1a.csv
3558,3,2,1,1b.csv
3558,1,1,0,1c.csv
3558,1,0,1,1e.csv
3558,0,0,0,1f.csv
3558,0,0,0,1g.csv
3558,1,1,0,1h.csv
3558,0,0,0,1i.csv
3558,1,1,0,1j.csv
3558,0,0,0,1k.csv
3558,3,2,1,1l.csv
3558,0,0,0,1m.csv
3558,1,0,1,2a.csv
3558,1,1,0,2b.csv
3558,4,3,1,2c.csv
3558,0,0,0,2d.csv
3558,0,0,0,2e.csv
3558,0,0,0,2f.csv
3558,0,0,0,2g.csv
3558,0,0,0,2h.csv
3558,0,0,0,2i.csv
3558,1,1,0,2j.csv
3558,0,0,0,2k.csv
3558,0,0,0,2l.csv
3558,8,5,3,3a.csv
3558,5,3,2,3b.csv
3558,1,1,0,3c.csv
3558,1,1,0,3d.csv
3558,3,2,1,3e.csv
3558,2,2,0,3f.csv
3558,2,2,0,3g.csv
3559,63,51,12,1a.csv
3559,2,2,0,1b.csv
3559,1,1,0,1c.csv
3559,1,0,1,1e.csv
3559,0,0,0,1f.csv
3559,1,1,0,1g.csv
3559,1,1,0,1h.csv
3559,0,0,0,1i.csv
3559,1,1,0,1j.csv
3559,1,1,0,1k.csv
3559,3,2,1,1l.csv
3559,0,0,0,1m.csv
3559,1,0,1,2a.csv
3559,1,1,0,2b.csv
3559,3,3,0,2c.csv
3559,0,0,0,2d.csv
3559,0,0,0,2e.csv
3559,0,0,0,2f.csv
3559,0,0,0,2g.csv
3559,0,0,0,2h.csv
3559,0,0,0,2i.csv
3559,1,1,0,2j.csv
3559,0,0,0,2k.csv
3559,0,0,0,2l.csv
3559,7,3,4,3a.csv
3559,5,3,2,3b.csv
3559,1,1,0,3c.csv
3559,1,1,0,3d.csv
3559,3,2,1,3e.csv
3559,2,2,0,3f.csv
3559,1,1,0,3g.csv
3560,55,45,10,1a.csv
3560,1,1,0,1b.csv
3560,0,0,0,1c.csv
3560,0,0,0,1e.csv
3560,0,0,0,1f.csv
3560,1,1,0,1g.csv
3560,0,0,0,1h.csv
3560,0,0,0,1i.csv
3560,1,1,0,1j.csv
3560,1,1,0,1k.csv
3560,4,3,1,1l.csv
3560,0,0,0,1m.csv
3560,0,0,0,2a.csv
3560,1,1,0,2b.csv
3560,3,3,0,2c.csv
3560,1,1,0,2d.csv
3560,0,0,0,2e.csv
3560,0,0,0,2f.csv
3560,1,1,0,2g.csv
3560,0,0,0,2h.csv
3560,0,0,0,2i.csv
3560,1,1,0,2j.csv
3560,0,0,0,2k.csv
3560,0,0,0,2l.csv
3560,8,4,4,3a.csv
3560,5,2,3,3b.csv
3560,3,3,0,3c.csv
3560,3,3,0,3d.csv
3560,2,2,0,3e.csv
3560,2,2,0,3f.csv
3560,0,0,0,3g.csv
3561,56,45,11,1a.csv
3561,2,2,0,1b.csv
3561,0,0,0,1c.csv
3561,0,0,0,1e.csv
3561,0,0,0,1f.csv
3561,1,1,0,1g.csv
3561,0,0,0,1h.csv
3561,0,0,0,1i.csv
3561,1,1,0,1j.csv
3561,1,1,0,1k.csv
3561,2,2,0,1l.csv
3561,0,0,0,1m.csv
3561,0,0,0,2a.csv
3561,0,0,0,2b.csv
3561,2,2,0,2c.csv
3561,1,1,0,2d.csv
3561,0,0,0,2e.csv
3561,0,0,0,2f.csv
3561,1,1,0,2g.csv
3561,0,0,0,2h.csv
3561,0,0,0,2i.csv
3561,1,1,0,2j.csv
3561,0,0,0,2k.csv
3561,0,0,0,2l.csv
3561,9,5,4,3a.csv
3561,5,2,3,3b.csv
3561,3,3,0,3c.csv
3561,3,3,0,3d.csv
3561,2,2,0,3e.csv
3561,2,2,0,3f.csv
3561,0,0,0,3g.csv
3562,56,45,11,1a.csv
3562,1,1,0,1b.csv
3562,0,0,0,1c.csv
3562,0,0,0,1e.csv
3562,0,0,0,1f.csv
3562,1,1,0,1g.csv
3562,0,0,0,1h.csv
3562,0,0,0,1i.csv
3562,0,0,0,1j.csv
3562,1,1,0,1k.csv
3562,2,2,0,1l.csv
3562,0,0,0,1m.csv
3562,0,0,0,2a.csv
3562,0,0,0,2b.csv
3562,2,2,0,2c.csv
3562,1,1,0,2d.csv
3562,1,1,0,2e.csv
3562,0,0,0,2f.csv
3562,1,1,0,2g.csv
3562,0,0,0,2h.csv
3562,0,0,0,2i.csv
3562,0,0,0,2j.csv
3562,0,0,0,2k.csv
3562,0,0,0,2l.csv
3562,6,4,2,3a.csv
3562,5,2,3,3b.csv
3562,3,3,0,3c.csv
3562,3,3,0,3d.csv
3562,1,1,0,3e.csv
3562,2,2,0,3f.csv
3562,0,0,0,3g.csv
3563,43,34,9,1a.csv
3563,1,1,0,1b.csv
3563,0,0,0,1c.csv
3563,0,0,0,1e.csv
3563,0,0,0,1f.csv
3563,1,1,0,1g.csv
3563,0,0,0,1h.csv
3563,0,0,0,1i.csv
3563,0,0,0,1j.csv
3563,1,1,0,1k.csv
3563,2,2,0,1l.csv
3563,0,0,0,1m.csv
3563,0,0,0,2a.csv
3563,0,0,0,2b.csv
3563,2,2,0,2c.csv
3563,1,1,0,2d.csv
3563,1,1,0,2e.csv
3563,0,0,0,2f.csv
3563,1,1,0,2g.csv
3563,0,0,0,2h.csv
3563,0,0,0,2i.csv
3563,0,0,0,2j.csv
3563,0,0,0,2k.csv
3563,0,0,0,2l.csv
3563,7,5,2,3a.csv
3563,5,3,2,3b.csv
3563,3,3,0,3c.csv
3563,3,3,0,3d.csv
3563,1,1,0,3e.csv
3563,2,2,0,3f.csv
3563,1,0,1,3g.csv
3564,40,30,10,1a.csv
3564,1,1,0,1b.csv
3564,0,0,0,1c.csv
3564,0,0,0,1e.csv
3564,0,0,0,1f.csv
3564,1,1,0,1g.csv
3564,0,0,0,1h.csv
3564,0,0,0,1i.csv
3564,0,0,0,1j.csv
3564,1,1,0,1k.csv
3564,2,2,0,1l.csv
3564,0,0,0,1m.csv
3564,0,0,0,2a.csv
3564,0,0,0,2b.csv
3564,1,1,0,2c.csv
3564,1,1,0,2d.csv
3564,1,1,0,2e.csv
3564,0,0,0,2f.csv
3564,1,1,0,2g.csv
3564,0,0,0,2h.csv
3564,0,0,0,2i.csv
3564,0,0,0,2j.csv
3564,0,0,0,2k.csv
3564,0,0,0,2l.csv
3564,9,7,2,3a.csv
3564,4,2,2,3b.csv
3564,3,3,0,3c.csv
3564,3,3,0,3d.csv
3564,2,1,1,3e.csv
3564,4,4,0,3f.csv
3564,3,0,3,3g.csv
3565,39,31,8,1a.csv
3565,1,1,0,1b.csv
3565,0,0,0,1c.csv
3565,0,0,0,1e.csv
3565,0,0,0,1f.csv
3565,1,1,0,1g.csv
3565,0,0,0,1h.csv
3565,0,0,0,1i.csv
3565,0,0,0,1j.csv
3565,1,1,0,1k.csv
3565,2,2,0,1l.csv
3565,0,0,0,1m.csv
3565,0,0,0,2a.csv
3565,0,0,0,2b.csv
3565,0,0,0,2c.csv
3565,1,1,0,2d.csv
3565,1,1,0,2e.csv
3565,0,0,0,2f.csv
3565,1,1,0,2g.csv
3565,0,0,0,2h.csv
3565,0,0,0,2i.csv
3565,0,0,0,2j.csv
3565,0,0,0,2k.csv
3565,0,0,0,2l.csv
3565,10,8,2,3a.csv
3565,4,2,2,3b.csv
3565,3,3,0,3c.csv
3565,3,3,0,3d.csv
3565,3,2,1,3e.csv
3565,4,4,0,3f.csv
3565,3,0,3,3g.csv
3566,32,26,6,1a.csv
3566,1,1,0,1b.csv
3566,0,0,0,1c.csv
3566,0,0,0,1e.csv
3566,0,0,0,1f.csv
3566,1,1,0,1g.csv
3566,0,0,0,1h.csv
3566,0,0,0,1i.csv
3566,0,0,0,1j.csv
3566,1,1,0,1k.csv
3566,2,2,0,1l.csv
3566,0,0,0,1m.csv
3566,0,0,0,2a.csv
3566,0,0,0,2b.csv
3566,0,0,0,2c.csv
3566,1,1,0,2d.csv
3566,1,1,0,2e.csv
3566,0,0,0,2f.csv
3566,1,1,0,2g.csv
3566,1,1,0,2h.csv
3566,0,0,0,2i.csv
3566,0,0,0,2j.csv
3566,0,0,0,2k.csv
3566,0,0,0,2l.csv
3566,8,7,1,3a.csv
3566,3,2,1,3b.csv
3566,4,3,1,3c.csv
3566,4,3,1,3d.csv
3566,4,2,2,3e.csv
3566,4,4,0,3f.csv
3566,4,1,3,3g.csv
3567,31,26,5,1a.csv
3567,1,1,0,1b.csv
3567,0,0,0,1c.csv
3567,0,0,0,1e.csv
3567,0,0,0,1f.csv
3567,0,0,0,1g.csv
3567,0,0,0,1h.csv
3567,0,0,0,1i.csv
3567,0,0,0,1j.csv
3567,0,0,0,1k.csv
3567,1,1,0,1l.csv
3567,0,0,0,1m.csv
3567,0,0,0,2a.csv
3567,0,0,0,2b.csv
3567,0,0,0,2c.csv
3567,1,1,0,2d.csv
3567,1,1,0,2e.csv
3567,0,0,0,2f.csv
3567,1,1,0,2g.csv
3567,1,1,0,2h.csv
3567,0,0,0,2i.csv
3567,0,0,0,2j.csv
3567,0,0,0,2k.csv
3567,0,0,0,2l.csv
3567,13,11,2,3a.csv
3567,3,1,2,3b.csv
3567,4,3,1,3c.csv
3567,4,3,1,3d.csv
3567,4,2,2,3e.csv
3567,4,4,0,3f.csv
3567,4,1,3,3g.csv
3568,29,25,4,1a.csv
3568,1,1,0,1b.csv
3568,0,0,0,1c.csv
3568,0,0,0,1e.csv
3568,0,0,0,1f.csv
3568,0,0,0,1g.csv
3568,0,0,0,1h.csv
3568,0,0,0,1i.csv
3568,0,0,0,1j.csv
3568,0,0,0,1k.csv
3568,0,0,0,1l.csv
3568,0,0,0,1m.csv
3568,0,0,0,2a.csv
3568,0,0,0,2b.csv
3568,1,0,1,2c.csv
3568,0,0,0,2d.csv
3568,1,1,0,2e.csv
3568,0,0,0,2f.csv
3568,0,0,0,2g.csv
3568,2,2,0,2h.csv
3568,0,0,0,2i.csv
3568,1,1,0,2j.csv
3568,0,0,0,2k.csv
3568,0,0,0,2l.csv
3568,13,11,2,3a.csv
3568,3,2,1,3b.csv
3568,2,1,1,3c.csv
3568,2,1,1,3d.csv
3568,5,3,2,3e.csv
3568,3,3,0,3f.csv
3568,5,2,3,3g.csv
3569,20,17,3,1a.csv
3569,0,0,0,1b.csv
3569,0,0,0,1c.csv
3569,0,0,0,1e.csv
3569,0,0,0,1f.csv
3569,0,0,0,1g.csv
3569,0,0,0,1h.csv
3569,0,0,0,1i.csv
3569,0,0,0,1j.csv
3569,0,0,0,1k.csv
3569,0,0,0,1l.csv
3569,0,0,0,1m.csv
3569,0,0,0,2a.csv
3569,0,0,0,2b.csv
3569,1,0,1,2c.csv
3569,0,0,0,2d.csv
3569,1,1,0,2e.csv
3569,0,0,0,2f.csv
3569,0,0,0,2g.csv
3569,2,2,0,2h.csv
3569,0,0,0,2i.csv
3569,1,1,0,2j.csv
3569,0,0,0,2k.csv
3569,1,1,0,2l.csv
3569,12,10,2,3a.csv
3569,4,3,1,3b.csv
3569,2,1,1,3c.csv
3569,2,1,1,3d.csv
3569,5,3,2,3e.csv
3569,3,3,0,3f.csv
3569,5,2,3,3g.csv
3570,19,17,2,1a.csv
3570,1,1,0,1b.csv
3570,0,0,0,1c.csv
3570,0,0,0,1e.csv
3570,0,0,0,1f.csv
3570,0,0,0,1g.csv
3570,0,0,0,1h.csv
3570,0,0,0,1i.csv
3570,0,0,0,1j.csv
3570,0,0,0,1k.csv
3570,0,0,0,1l.csv
3570,0,0,0,1m.csv
3570,0,0,0,2a.csv
3570,0,0,0,2b.csv
3570,1,0,1,2c.csv
3570,0,0,0,2d.csv
3570,0,0,0,2e.csv
3570,0,0,0,2f.csv
3570,0,0,0,2g.csv
3570,2,2,0,2h.csv
3570,0,0,0,2i.csv
3570,1,1,0,2j.csv
3570,0,0,0,2k.csv
3570,1,1,0,2l.csv
3570,14,11,3,3a.csv
3570,4,3,1,3b.csv
3570,2,1,1,3c.csv
3570,2,1,1,3d.csv
3570,5,3,2,3e.csv
3570,3,3,0,3f.csv
3570,5,2,3,3g.csv
3571,20,18,2,1a.csv
3571,1,1,0,1b.csv
3571,0,0,0,1c.csv
3571,0,0,0,1e.csv
3571,0,0,0,1f.csv
3571,0,0,0,1g.csv
3571,0,0,0,1h.csv
3571,0,0,0,1i.csv
3571,0,0,0,1j.csv
3571,0,0,0,1k.csv
3571,0,0,0,1l.csv
3571,0,0,0,1m.csv
3571,0,0,0,2a.csv
3571,0,0,0,2b.csv
3571,1,0,1,2c.csv
3571,0,0,0,2d.csv
3571,0,0,0,2e.csv
3571,0,0,0,2f.csv
3571,0,0,0,2g.csv
3571,2,2,0,2h.csv
3571,0,0,0,2i.csv
3571,1,1,0,2j.csv
3571,0,0,0,2k.csv
3571,1,1,0,2l.csv
3571,15,12,3,3a.csv
3571,4,2,2,3b.csv
3571,3,2,1,3c.csv
3571,3,2,1,3d.csv
3571,5,3,2,3e.csv
3571,3,3,0,3f.csv
3571,5,3,2,3g.csv
3572,23,22,1,1a.csv
3572,1,1,0,1b.csv
3572,0,0,0,1c.csv
3572,0,0,0,1e.csv
3572,0,0,0,1f.csv
3572,0,0,0,1g.csv
3572,0,0,0,1h.csv
3572,0,0,0,1i.csv
3572,0,0,0,1j.csv
3572,0,0,0,1k.csv
3572,0,0,0,1l.csv
3572,0,0,0,1m.csv
3572,0,0,0,2a.csv
3572,0,0,0,2b.csv
3572,1,0,1,2c.csv
3572,1,1,0,2d.csv
3572,0,0,0,2e.csv
3572,0,0,0,2f.csv
3572,0,0,0,2g.csv
3572,2,2,0,2h.csv
3572,0,0,0,2i.csv
3572,1,1,0,2j.csv
3572,0,0,0,2k.csv
3572,2,2,0,2l.csv
3572,13,10,3,3a.csv
3572,4,2,2,3b.csv
3572,3,2,1,3c.csv
3572,3,2,1,3d.csv
3572,3,2,1,3e.csv
3572,1,1,0,3f.csv
3572,4,4,0,3g.csv
3573,18,17,1,1a.csv
3573,1,1,0,1b.csv
3573,1,1,0,1c.csv
3573,0,0,0,1e.csv
3573,0,0,0,1f.csv
3573,0,0,0,1g.csv
3573,0,0,0,1h.csv
3573,0,0,0,1i.csv
3573,1,0,1,1j.csv
3573,0,0,0,1k.csv
3573,1,1,0,1l.csv
3573,0,0,0,1m.csv
3573,0,0,0,2a.csv
3573,0,0,0,2b.csv
3573,1,0,1,2c.csv
3573,2,1,1,2d.csv
3573,0,0,0,2e.csv
3573,0,0,0,2f.csv
3573,0,0,0,2g.csv
3573,2,2,0,2h.csv
3573,0,0,0,2i.csv
3573,1,1,0,2j.csv
3573,0,0,0,2k.csv
3573,2,2,0,2l.csv
3573,11,8,3,3a.csv
3573,5,2,3,3b.csv
3573,2,1,1,3c.csv
3573,2,1,1,3d.csv
3573,2,1,1,3e.csv
3573,1,1,0,3f.csv
3573,5,4,1,3g.csv
3574,15,15,0,1a.csv
3574,1,1,0,1b.csv
3574,1,1,0,1c.csv
3574,0,0,0,1e.csv
3574,0,0,0,1f.csv
3574,0,0,0,1g.csv
3574,0,0,0,1h.csv
3574,0,0,0,1i.csv
3574,1,0,1,1j.csv
3574,0,0,0,1k.csv
3574,2,2,0,1l.csv
3574,0,0,0,1m.csv
3574,0,0,0,2a.csv
3574,0,0,0,2b.csv
3574,1,0,1,2c.csv
3574,2,1,1,2d.csv
3574,0,0,0,2e.csv
3574,0,0,0,2f.csv
3574,0,0,0,2g.csv
3574,1,1,0,2h.csv
3574,0,0,0,2i.csv
3574,1,1,0,2j.csv
3574,0,0,0,2k.csv
3574,2,2,0,2l.csv
3574,12,9,3,3a.csv
3574,5,2,3,3b.csv
3574,1,1,0,3c.csv
3574,1,1,0,3d.csv
3574,1,1,0,3e.csv
3574,2,2,0,3f.csv
3574,4,3,1,3g.csv
3575,12,12,0,1a.csv
3575,1,1,0,1b.csv
3575,1,1,0,1c.csv
3575,0,0,0,1e.csv
3575,0,0,0,1f.csv
3575,0,0,0,1g.csv
3575,0,0,0,1h.csv
3575,0,0,0,1i.csv
3575,1,0,1,1j.csv
3575,0,0,0,1k.csv
3575,3,3,0,1l.csv
3575,0,0,0,1m.csv
3575,0,0,0,2a.csv
3575,0,0,0,2b.csv
3575,1,0,1,2c.csv
3575,2,1,1,2d.csv
3575,0,0,0,2e.csv
3575,0,0,0,2f.csv
3575,0,0,0,2g.csv
3575,1,1,0,2h.csv
3575,0,0,0,2i.csv
3575,1,1,0,2j.csv
3575,0,0,0,2k.csv
3575,2,2,0,2l.csv
3575,10,9,1,3a.csv
3575,4,2,2,3b.csv
3575,1,1,0,3c.csv
3575,1,1,0,3d.csv
3575,1,1,0,3e.csv
3575,1,1,0,3f.csv
3575,4,3,1,3g.csv
3576,10,10,0,1a.csv
3576,1,1,0,1b.csv
3576,1,1,0,1c.csv
3576,0,0,0,1e.csv
3576,0,0,0,1f.csv
3576,0,0,0,1g.csv
3576,0,0,0,1h.csv
3576,0,0,0,1i.csv
3576,2,1,1,1j.csv
3576,0,0,0,1k.csv
3576,4,4,0,1l.csv
3576,0,0,0,1m.csv
3576,0,0,0,2a.csv
3576,0,0,0,2b.csv
3576,0,0,0,2c.csv
3576,2,1,1,2d.csv
3576,0,0,0,2e.csv
3576,0,0,0,2f.csv
3576,0,0,0,2g.csv
3576,0,0,0,2h.csv
3576,0,0,0,2i.csv
3576,0,0,0,2j.csv
3576,0,0,0,2k.csv
3576,2,2,0,2l.csv
3576,10,8,2,3a.csv
3576,3,1,2,3b.csv
3576,1,1,0,3c.csv
3576,1,1,0,3d.csv
3576,1,1,0,3e.csv
3576,1,1,0,3f.csv
3576,3,2,1,3g.csv
3577,11,11,0,1a.csv
3577,1,1,0,1b.csv
3577,1,1,0,1c.csv
3577,0,0,0,1e.csv
3577,1,1,0,1f.csv
3577,0,0,0,1g.csv
3577,0,0,0,1h.csv
3577,0,0,0,1i.csv
3577,2,1,1,1j.csv
3577,0,0,0,1k.csv
3577,5,5,0,1l.csv
3577,0,0,0,1m.csv
3577,0,0,0,2a.csv
3577,0,0,0,2b.csv
3577,0,0,0,2c.csv
3577,2,1,1,2d.csv
3577,0,0,0,2e.csv
3577,0,0,0,2f.csv
3577,0,0,0,2g.csv
3577,0,0,0,2h.csv
3577,0,0,0,2i.csv
3577,0,0,0,2j.csv
3577,0,0,0,2k.csv
3577,1,1,0,2l.csv
3577,11,9,2,3a.csv
3577,2,0,2,3b.csv
3577,1,1,0,3c.csv
3577,1,1,0,3d.csv
3577,1,1,0,3e.csv
3577,1,1,0,3f.csv
3577,4,3,1,3g.csv
3578,9,9,0,1a.csv
3578,0,0,0,1b.csv
3578,1,1,0,1c.csv
3578,0,0,0,1e.csv
3578,1,1,0,1f.csv
3578,1,1,0,1g.csv
3578,0,0,0,1h.csv
3578,0,0,0,1i.csv
3578,2,1,1,1j.csv
3578,0,0,0,1k.csv
3578,5,5,0,1l.csv
3578,0,0,0,1m.csv
3578,0,0,0,2a.csv
3578,0,0,0,2b.csv
3578,0,0,0,2c.csv
3578,2,1,1,2d.csv
3578,0,0,0,2e.csv
3578,0,0,0,2f.csv
3578,0,0,0,2g.csv
3578,1,1,0,2h.csv
3578,0,0,0,2i.csv
3578,0,0,0,2j.csv
3578,0,0,0,2k.csv
3578,1,1,0,2l.csv
3578,9,8,1,3a.csv
3578,2,0,2,3b.csv
3578,1,1,0,3c.csv
3578,1,1,0,3d.csv
3578,2,2,0,3e.csv
3578,1,1,0,3f.csv
3578,5,4,1,3g.csv
3579,12,12,0,1a.csv
3579,0,0,0,1b.csv
3579,1,1,0,1c.csv
3579,0,0,0,1e.csv
3579,1,1,0,1f.csv
3579,1,1,0,1g.csv
3579,0,0,0,1h.csv
3579,0,0,0,1i.csv
3579,2,1,1,1j.csv
3579,0,0,0,1k.csv
3579,5,5,0,1l.csv
3579,0,0,0,1m.csv
3579,0,0,0,2a.csv
3579,0,0,0,2b.csv
3579,0,0,0,2c.csv
3579,2,1,1,2d.csv
3579,0,0,0,2e.csv
3579,0,0,0,2f.csv
3579,0,0,0,2g.csv
3579,2,2,0,2h.csv
3579,0,0,0,2i.csv
3579,0,0,0,2j.csv
3579,0,0,0,2k.csv
3579,1,1,0,2l.csv
3579,9,8,1,3a.csv
3579,1,0,1,3b.csv
3579,0,0,0,3c.csv
3579,0,0,0,3d.csv
3579,2,2,0,3e.csv
3579,2,2,0,3f.csv
3579,4,3,1,3g.csv
3580,7,7,0,1a.csv
3580,0,0,0,1b.csv
3580,1,1,0,1c.csv
3580,0,0,0,1e.csv
3580,1,1,0,1f.csv
3580,1,1,0,1g.csv
3580,0,0,0,1h.csv
3580,0,0,0,1i.csv
3580,2,1,1,1j.csv
3580,1,1,0,1k.csv
3580,7,7,0,1l.csv
3580,0,0,0,1m.csv
3580,0,0,0,2a.csv
3580,0,0,0,2b.csv
3580,1,1,0,2c.csv
3580,1,0,1,2d.csv
3580,0,0,0,2e.csv
3580,0,0,0,2f.csv
3580,0,0,0,2g.csv
3580,2,2,0,2h.csv
3580,0,0,0,2i.csv
3580,0,0,0,2j.csv
3580,0,0,0,2k.csv
3580,0,0,0,2l.csv
3580,9,8,1,3a.csv
3580,1,0,1,3b.csv
3580,0,0,0,3c.csv
3580,0,0,0,3d.csv
3580,2,2,0,3e.csv
3580,2,2,0,3f.csv
3580,5,4,1,3g.csv
3581,9,9,0,1a.csv
3581,0,0,0,1b.csv
3581,0,0,0,1c.csv
3581,0,0,0,1e.csv
3581,2,1,1,1f.csv
3581,1,1,0,1g.csv
3581,0,0,0,1h.csv
3581,0,0,0,1i.csv
3581,2,2,0,1j.csv
3581,1,1,0,1k.csv
3581,7,7,0,1l.csv
3581,0,0,0,1m.csv
3581,0,0,0,2a.csv
3581,0,0,0,2b.csv
3581,1,1,0,2c.csv
3581,0,0,0,2d.csv
3581,0,0,0,2e.csv
3581,0,0,0,2f.csv
3581,0,0,0,2g.csv
3581,2,2,0,2h.csv
3581,0,0,0,2i.csv
3581,0,0,0,2j.csv
3581,0,0,0,2k.csv
3581,0,0,0,2l.csv
3581,12,10,2,3a.csv
3581,0,0,0,3b.csv
3581,0,0,0,3c.csv
3581,0,0,0,3d.csv
3581,3,3,0,3e.csv
3581,3,3,0,3f.csv
3581,5,5,0,3g.csv
3582,9,9,0,1a.csv
3582,0,0,0,1b.csv
3582,0,0,0,1c.csv
3582,0,0,0,1e.csv
3582,2,1,1,1f.csv
3582,1,1,0,1g.csv
3582,1,1,0,1h.csv
3582,0,0,0,1i.csv
3582,2,2,0,1j.csv
3582,1,1,0,1k.csv
3582,7,7,0,1l.csv
3582,0,0,0,1m.csv
3582,0,0,0,2a.csv
3582,0,0,0,2b.csv
3582,1,1,0,2c.csv
3582,0,0,0,2d.csv
3582,0,0,0,2e.csv
3582,0,0,0,2f.csv
3582,0,0,0,2g.csv
3582,2,2,0,2h.csv
3582,0,0,0,2i.csv
3582,0,0,0,2j.csv
3582,0,0,0,2k.csv
3582,0,0,0,2l.csv
3582,13,11,2,3a.csv
3582,0,0,0,3b.csv
3582,0,0,0,3c.csv
3582,0,0,0,3d.csv
3582,4,4,0,3e.csv
3582,3,3,0,3f.csv
3582,5,5,0,3g.csv
3583,9,8,1,1a.csv
3583,0,0,0,1b.csv
3583,0,0,0,1c.csv
3583,0,0,0,1e.csv
3583,2,1,1,1f.csv
3583,1,1,0,1g.csv
3583,1,1,0,1h.csv
3583,0,0,0,1i.csv
3583,2,2,0,1j.csv
3583,1,1,0,1k.csv
3583,6,6,0,1l.csv
3583,0,0,0,1m.csv
3583,0,0,0,2a.csv
3583,0,0,0,2b.csv
3583,1,1,0,2c.csv
3583,0,0,0,2d.csv
3583,0,0,0,2e.csv
3583,0,0,0,2f.csv
3583,0,0,0,2g.csv
3583,2,2,0,2h.csv
3583,0,0,0,2i.csv
3583,0,0,0,2j.csv
3583,0,0,0,2k.csv
3583,0,0,0,2l.csv
3583,9,7,2,3a.csv
3583,0,0,0,3b.csv
3583,1,1,0,3c.csv
3583,1,1,0,3d.csv
3583,4,4,0,3e.csv
3583,3,3,0,3f.csv
3583,5,5,0,3g.csv
3584,10,9,1,1a.csv
3584,1,1,0,1b.csv
3584,0,0,0,1c.csv
3584,0,0,0,1e.csv
3584,2,1,1,1f.csv
3584,1,1,0,1g.csv
3584,2,2,0,1h.csv
3584,0,0,0,1i.csv
3584,1,1,0,1j.csv
3584,4,3,1,1k.csv
3584,6,6,0,1l.csv
3584,0,0,0,1m.csv
3584,0,0,0,2a.csv
3584,0,0,0,2b.csv
3584,1,1,0,2c.csv
3584,0,0,0,2d.csv
3584,0,0,0,2e.csv
3584,0,0,0,2f.csv
3584,0,0,0,2g.csv
3584,2,2,0,2h.csv
3584,0,0,0,2i.csv
3584,0,0,0,2j.csv
3584,0,0,0,2k.csv
3584,0,0,0,2l.csv
3584,8,7,1,3a.csv
3584,0,0,0,3b.csv
3584,1,1,0,3c.csv
3584,1,1,0,3d.csv
3584,5,5,0,3e.csv
3584,3,3,0,3f.csv
3584,6,6,0,3g.csv
3585,9,8,1,1a.csv
3585,1,1,0,1b.csv
3585,0,0,0,1c.csv
3585,0,0,0,1e.csv
3585,2,1,1,1f.csv
3585,1,1,0,1g.csv
3585,2,2,0,1h.csv
3585,0,0,0,1i.csv
3585,2,2,0,1j.csv
3585,4,3,1,1k.csv
3585,6,6,0,1l.csv
3585,0,0,0,1m.csv
3585,0,0,0,2a.csv
3585,0,0,0,2b.csv
3585,1,1,0,2c.csv
3585,0,0,0,2d.csv
3585,0,0,0,2e.csv
3585,0,0,0,2f.csv
3585,0,0,0,2g.csv
3585,2,2,0,2h.csv
3585,0,0,0,2i.csv
3585,0,0,0,2j.csv
3585,0,0,0,2k.csv
3585,0,0,0,2l.csv
3585,7,6,1,3a.csv
3585,0,0,0,3b.csv
3585,1,1,0,3c.csv
3585,1,1,0,3d.csv
3585,5,5,0,3e.csv
3585,4,4,0,3f.csv
3585,6,6,0,3g.csv
3586,9,8,1,1a.csv
3586,2,2,0,1b.csv
3586,0,0,0,1c.csv
3586,0,0,0,1e.csv
3586,2,1,1,1f.csv
3586,0,0,0,1g.csv
3586,2,2,0,1h.csv
3586,0,0,0,1i.csv
3586,2,2,0,1j.csv
3586,4,3,1,1k.csv
3586,7,7,0,1l.csv
3586,0,0,0,1m.csv
3586,0,0,0,2a.csv
3586,0,0,0,2b.csv
3586,2,2,0,2c.csv
3586,0,0,0,2d.csv
3586,0,0,0,2e.csv
3586,0,0,0,2f.csv
3586,0,0,0,2g.csv
3586,1,1,0,2h.csv
3586,0,0,0,2i.csv
3586,1,1,0,2j.csv
3586,0,0,0,2k.csv
3586,0,0,0,2l.csv
3586,8,7,1,3a.csv
3586,0,0,0,3b.csv
3586,1,1,0,3c.csv
3586,1,1,0,3d.csv
3586,4,4,0,3e.csv
3586,4,4,0,3f.csv
3586,6,6,0,3g.csv
3587,5,3,2,1a.csv
3587,2,2,0,1b.csv
3587,0,0,0,1c.csv
3587,0,0,0,1e.csv
3587,2,1,1,1f.csv
3587,0,0,0,1g.csv
3587,2,2,0,1h.csv
3587,0,0,0,1i.csv
3587,3,3,0,1j.csv
3587,4,3,1,1k.csv
3587,7,7,0,1l.csv
3587,0,0,0,1m.csv
3587,1,0,1,2a.csv
3587,0,0,0,2b.csv
3587,2,2,0,2c.csv
3587,0,0,0,2d.csv
3587,0,0,0,2e.csv
3587,0,0,0,2f.csv
3587,0,0,0,2g.csv
3587,0,0,0,2h.csv
3587,0,0,0,2i.csv
3587,1,1,0,2j.csv
3587,0,0,0,2k.csv
3587,0,0,0,2l.csv
3587,6,5,1,3a.csv
3587,1,1,0,3b.csv
3587,1,1,0,3c.csv
3587,1,1,0,3d.csv
3587,4,4,0,3e.csv
3587,3,3,0,3f.csv
3587,9,9,0,3g.csv
3588,5,3,2,1a.csv
3588,2,2,0,1b.csv
3588,0,0,0,1c.csv
3588,0,0,0,1e.csv
3588,2,1,1,1f.csv
3588,0,0,0,1g.csv
3588,2,2,0,1h.csv
3588,0,0,0,1i.csv
3588,3,3,0,1j.csv
3588,3,2,1,1k.csv
3588,5,5,0,1l.csv
3588,0,0,0,1m.csv
3588,1,0,1,2a.csv
3588,0,0,0,2b.csv
3588,1,1,0,2c.csv
3588,0,0,0,2d.csv
3588,1,1,0,2e.csv
3588,0,0,0,2f.csv
3588,0,0,0,2g.csv
3588,0,0,0,2h.csv
3588,0,0,0,2i.csv
3588,1,1,0,2j.csv
3588,0,0,0,2k.csv
3588,0,0,0,2l.csv
3588,8,7,1,3a.csv
3588,1,1,0,3b.csv
3588,2,1,1,3c.csv
3588,2,1,1,3d.csv
3588,4,4,0,3e.csv
3588,4,4,0,3f.csv
3588,8,8,0,3g.csv
3589,4,2,2,1a.csv
3589,2,2,0,1b.csv
3589,0,0,0,1c.csv
3589,0,0,0,1e.csv
3589,1,1,0,1f.csv
3589,0,0,0,1g.csv
3589,3,3,0,1h.csv
3589,0,0,0,1i.csv
3589,2,2,0,1j.csv
3589,3,2,1,1k.csv
3589,4,4,0,1l.csv
3589,0,0,0,1m.csv
3589,1,0,1,2a.csv
3589,0,0,0,2b.csv
3589,1,1,0,2c.csv
3589,0,0,0,2d.csv
3589,1,1,0,2e.csv
3589,0,0,0,2f.csv
3589,0,0,0,2g.csv
3589,0,0,0,2h.csv
3589,0,0,0,2i.csv
3589,1,1,0,2j.csv
3589,0,0,0,2k.csv
3589,0,0,0,2l.csv
3589,5,5,0,3a.csv
3589,1,1,0,3b.csv
3589,2,1,1,3c.csv
3589,2,1,1,3d.csv
3589,4,4,0,3e.csv
3589,3,3,0,3f.csv
3589,11,10,1,3g.csv
3590,6,3,3,1a.csv
3590,2,2,0,1b.csv
3590,0,0,0,1c.csv
3590,0,0,0,1e.csv
3590,1,1,0,1f.csv
3590,0,0,0,1g.csv
3590,2,2,0,1h.csv
3590,0,0,0,1i.csv
3590,2,2,0,1j.csv
3590,3,2,1,1k.csv
3590,4,3,1,1l.csv
3590,0,0,0,1m.csv
3590,1,0,1,2a.csv
3590,0,0,0,2b.csv
3590,1,1,0,2c.csv
3590,0,0,0,2d.csv
3590,1,1,0,2e.csv
3590,1,1,0,2f.csv
3590,0,0,0,2g.csv
3590,0,0,0,2h.csv
3590,0,0,0,2i.csv
3590,1,1,0,2j.csv
3590,0,0,0,2k.csv
3590,0,0,0,2l.csv
3590,5,4,1,3a.csv
3590,1,1,0,3b.csv
3590,3,1,2,3c.csv
3590,3,1,2,3d.csv
3590,4,4,0,3e.csv
3590,2,2,0,3f.csv
3590,12,11,1,3g.csv
3591,5,3,2,1a.csv
3591,2,2,0,1b.csv
3591,0,0,0,1c.csv
3591,0,0,0,1e.csv
3591,1,1,0,1f.csv
3591,0,0,0,1g.csv
3591,2,2,0,1h.csv
3591,0,0,0,1i.csv
3591,2,2,0,1j.csv
3591,3,2,1,1k.csv
3591,5,4,1,1l.csv
3591,0,0,0,1m.csv
3591,1,0,1,2a.csv
3591,0,0,0,2b.csv
3591,1,1,0,2c.csv
3591,0,0,0,2d.csv
3591,1,1,0,2e.csv
3591,1,1,0,2f.csv
3591,0,0,0,2g.csv
3591,0,0,0,2h.csv
3591,0,0,0,2i.csv
3591,1,1,0,2j.csv
3591,0,0,0,2k.csv
3591,0,0,0,2l.csv
3591,6,5,1,3a.csv
3591,1,1,0,3b.csv
3591,3,0,3,3c.csv
3591,3,0,3,3d.csv
3591,4,4,0,3e.csv
3591,2,2,0,3f.csv
3591,15,14,1,3g.csv
3592,5,3,2,1a.csv
3592,1,1,0,1b.csv
3592,0,0,0,1c.csv
3592,0,0,0,1e.csv
3592,1,1,0,1f.csv
3592,0,0,0,1g.csv
3592,1,1,0,1h.csv
3592,0,0,0,1i.csv
3592,2,2,0,1j.csv
3592,0,0,0,1k.csv
3592,4,3,1,1l.csv
3592,0,0,0,1m.csv
3592,1,0,1,2a.csv
3592,0,0,0,2b.csv
3592,1,1,0,2c.csv
3592,0,0,0,2d.csv
3592,1,1,0,2e.csv
3592,1,1,0,2f.csv
3592,0,0,0,2g.csv
3592,0,0,0,2h.csv
3592,0,0,0,2i.csv
3592,1,1,0,2j.csv
3592,0,0,0,2k.csv
3592,0,0,0,2l.csv
3592,6,5,1,3a.csv
3592,1,1,0,3b.csv
3592,3,0,3,3c.csv
3592,3,0,3,3d.csv
3592,2,2,0,3e.csv
3592,2,2,0,3f.csv
3592,16,15,1,3g.csv
3593,8,6,2,1a.csv
3593,1,1,0,1b.csv
3593,0,0,0,1c.csv
3593,0,0,0,1e.csv
3593,0,0,0,1f.csv
3593,0,0,0,1g.csv
3593,2,2,0,1h.csv
3593,0,0,0,1i.csv
3593,1,1,0,1j.csv
3593,0,0,0,1k.csv
3593,3,2,1,1l.csv
3593,0,0,0,1m.csv
3593,1,0,1,2a.csv
3593,0,0,0,2b.csv
3593,1,1,0,2c.csv
3593,0,0,0,2d.csv
3593,1,1,0,2e.csv
3593,1,1,0,2f.csv
3593,0,0,0,2g.csv
3593,0,0,0,2h.csv
3593,0,0,0,2i.csv
3593,2,2,0,2j.csv
3593,0,0,0,2k.csv
3593,0,0,0,2l.csv
3593,7,6,1,3a.csv
3593,1,1,0,3b.csv
3593,3,0,3,3c.csv
3593,3,0,3,3d.csv
3593,3,3,0,3e.csv
3593,1,1,0,3f.csv
3593,17,16,1,3g.csv
3594,9,7,2,1a.csv
3594,1,1,0,1b.csv
3594,0,0,0,1c.csv
3594,0,0,0,1e.csv
3594,0,0,0,1f.csv
3594,0,0,0,1g.csv
3594,2,2,0,1h.csv
3594,0,0,0,1i.csv
3594,1,1,0,1j.csv
3594,0,0,0,1k.csv
3594,2,1,1,1l.csv
3594,0,0,0,1m.csv
3594,1,0,1,2a.csv
3594,0,0,0,2b.csv
3594,0,0,0,2c.csv
3594,0,0,0,2d.csv
3594,1,1,0,2e.csv
3594,1,1,0,2f.csv
3594,0,0,0,2g.csv
3594,0,0,0,2h.csv
3594,0,0,0,2i.csv
3594,1,1,0,2j.csv
3594,0,0,0,2k.csv
3594,0,0,0,2l.csv
3594,6,5,1,3a.csv
3594,1,1,0,3b.csv
3594,3,0,3,3c.csv
3594,3,0,3,3d.csv
3594,4,4,0,3e.csv
3594,1,1,0,3f.csv
3594,19,18,1,3g.csv
3595,8,7,1,1a.csv
3595,1,1,0,1b.csv
3595,0,0,0,1c.csv
3595,0,0,0,1e.csv
3595,0,0,0,1f.csv
3595,0,0,0,1g.csv
3595,2,2,0,1h.csv
3595,0,0,0,1i.csv
3595,0,0,0,1j.csv
3595,0,0,0,1k.csv
3595,3,1,2,1l.csv
3595,0,0,0,1m.csv
3595,0,0,0,2a.csv
3595,1,1,0,2b.csv
3595,0,0,0,2c.csv
3595,0,0,0,2d.csv
3595,1,1,0,2e.csv
3595,1,1,0,2f.csv
3595,0,0,0,2g.csv
3595,0,0,0,2h.csv
3595,0,0,0,2i.csv
3595,1,1,0,2j.csv
3595,0,0,0,2k.csv
3595,0,0,0,2l.csv
3595,7,5,2,3a.csv
3595,0,0,0,3b.csv
3595,3,0,3,3c.csv
3595,3,0,3,3d.csv
3595,4,4,0,3e.csv
3595,1,1,0,3f.csv
3595,17,16,1,3g.csv
3596,8,7,1,1a.csv
3596,1,1,0,1b.csv
3596,0,0,0,1c.csv
3596,0,0,0,1e.csv
3596,0,0,0,1f.csv
3596,0,0,0,1g.csv
3596,2,2,0,1h.csv
3596,0,0,0,1i.csv
3596,0,0,0,1j.csv
3596,0,0,0,1k.csv
3596,3,1,2,1l.csv
3596,0,0,0,1m.csv
3596,0,0,0,2a.csv
3596,1,1,0,2b.csv
3596,0,0,0,2c.csv
3596,0,0,0,2d.csv
3596,0,0,0,2e.csv
3596,1,1,0,2f.csv
3596,0,0,0,2g.csv
3596,0,0,0,2h.csv
3596,0,0,0,2i.csv
3596,1,1,0,2j.csv
3596,0,0,0,2k.csv
3596,0,0,0,2l.csv
3596,5,3,2,3a.csv
3596,0,0,0,3b.csv
3596,2,0,2,3c.csv
3596,2,0,2,3d.csv
3596,4,4,0,3e.csv
3596,0,0,0,3f.csv
3596,18,17,1,3g.csv
3597,7,6,1,1a.csv
3597,2,2,0,1b.csv
3597,0,0,0,1c.csv
3597,0,0,0,1e.csv
3597,0,0,0,1f.csv
3597,0,0,0,1g.csv
3597,1,1,0,1h.csv
3597,0,0,0,1i.csv
3597,0,0,0,1j.csv
3597,0,0,0,1k.csv
3597,3,1,2,1l.csv
3597,0,0,0,1m.csv
3597,0,0,0,2a.csv
3597,1,1,0,2b.csv
3597,0,0,0,2c.csv
3597,0,0,0,2d.csv
3597,0,0,0,2e.csv
3597,1,1,0,2f.csv
3597,0,0,0,2g.csv
3597,0,0,0,2h.csv
3597,0,0,0,2i.csv
3597,1,1,0,2j.csv
3597,0,0,0,2k.csv
3597,1,1,0,2l.csv
3597,5,3,2,3a.csv
3597,0,0,0,3b.csv
3597,2,0,2,3c.csv
3597,2,0,2,3d.csv
3597,3,3,0,3e.csv
3597,0,0,0,3f.csv
3597,14,14,0,3g.csv
3598,5,5,0,1a.csv
3598,3,3,0,1b.csv
3598,0,0,0,1c.csv
3598,0,0,0,1e.csv
3598,0,0,0,1f.csv
3598,1,1,0,1g.csv
3598,2,2,0,1h.csv
3598,0,0,0,1i.csv
3598,0,0,0,1j.csv
3598,0,0,0,1k.csv
3598,3,2,1,1l.csv
3598,0,0,0,1m.csv
3598,0,0,0,2a.csv
3598,1,1,0,2b.csv
3598,0,0,0,2c.csv
3598,0,0,0,2d.csv
3598,0,0,0,2e.csv
3598,0,0,0,2f.csv
3598,0,0,0,2g.csv
3598,0,0,0,2h.csv
3598,0,0,0,2i.csv
3598,1,1,0,2j.csv
3598,0,0,0,2k.csv
3598,1,1,0,2l.csv
3598,3,2,1,3a.csv
3598,1,1,0,3b.csv
3598,2,1,1,3c.csv
3598,2,1,1,3d.csv
3598,2,2,0,3e.csv
3598,0,0,0,3f.csv
3598,13,13,0,3g.csv
3599,6,6,0,1a.csv
3599,3,3,0,1b.csv
3599,0,0,0,1c.csv
3599,0,0,0,1e.csv
3599,0,0,0,1f.csv
3599,1,1,0,1g.csv
3599,2,2,0,1h.csv
3599,0,0,0,1i.csv
3599,0,0,0,1j.csv
3599,0,0,0,1k.csv
3599,2,1,1,1l.csv
3599,0,0,0,1m.csv
3599,0,0,0,2a.csv
3599,1,1,0,2b.csv
3599,0,0,0,2c.csv
3599,0,0,0,2d.csv
3599,0,0,0,2e.csv
3599,0,0,0,2f.csv
3599,0,0,0,2g.csv
3599,0,0,0,2h.csv
3599,0,0,0,2i.csv
3599,1,1,0,2j.csv
3599,0,0,0,2k.csv
3599,2,2,0,2l.csv
3599,2,1,1,3a.csv
3599,2,2,0,3b.csv
3599,2,2,0,3c.csv
3599,2,2,0,3d.csv
3599,3,3,0,3e.csv
3599,0,0,0,3f.csv
3599,11,11,0,3g.csv
3600,6,6,0,1a.csv
3600,4,4,0,1b.csv
3600,0,0,0,1c.csv
3600,0,0,0,1e.csv
3600,1,0,1,1f.csv
3600,1,1,0,1g.csv
3600,2,2,0,1h.csv
3600,0,0,0,1i.csv
3600,0,0,0,1j.csv
3600,0,0,0,1k.csv
3600,3,2,1,1l.csv
3600,0,0,0,1m.csv
3600,0,0,0,2a.csv
3600,1,1,0,2b.csv
3600,1,0,1,2c.csv
3600,0,0,0,2d.csv
3600,0,0,0,2e.csv
3600,0,0,0,2f.csv
3600,0,0,0,2g.csv
3600,0,0,0,2h.csv
3600,0,0,0,2i.csv
3600,1,1,0,2j.csv
3600,0,0,0,2k.csv
3600,3,3,0,2l.csv
3600,2,1,1,3a.csv
3600,2,2,0,3b.csv
3600,2,2,0,3c.csv
3600,2,2,0,3d.csv
3600,3,3,0,3e.csv
3600,0,0,0,3f.csv
3600,11,10,1,3g.csv
3601,4,4,0,1a.csv
3601,5,4,1,1b.csv
3601,0,0,0,1c.csv
3601,0,0,0,1e.csv
3601,1,0,1,1f.csv
3601,1,1,0,1g.csv
3601,1,1,0,1h.csv
3601,0,0,0,1i.csv
3601,0,0,0,1j.csv
3601,1,1,0,1k.csv
3601,3,2,1,1l.csv
3601,0,0,0,1m.csv
3601,0,0,0,2a.csv
3601,1,1,0,2b.csv
3601,1,0,1,2c.csv
3601,0,0,0,2d.csv
3601,0,0,0,2e.csv
3601,0,0,0,2f.csv
3601,0,0,0,2g.csv
3601,1,1,0,2h.csv
3601,0,0,0,2i.csv
3601,0,0,0,2j.csv
3601,0,0,0,2k.csv
3601,3,3,0,2l.csv
3601,1,0,1,3a.csv
3601,2,2,0,3b.csv
3601,2,2,0,3c.csv
3601,2,2,0,3d.csv
3601,2,2,0,3e.csv
3601,0,0,0,3f.csv
3601,9,8,1,3g.csv
3602,5,5,0,1a.csv
3602,4,3,1,1b.csv
3602,0,0,0,1c.csv
3602,0,0,0,1e.csv
3602,1,0,1,1f.csv
3602,1,1,0,1g.csv
3602,1,1,0,1h.csv
3602,0,0,0,1i.csv
3602,1,1,0,1j.csv
3602,1,1,0,1k.csv
3602,4,2,2,1l.csv
3602,0,0,0,1m.csv
3602,0,0,0,2a.csv
3602,1,1,0,2b.csv
3602,1,0,1,2c.csv
3602,0,0,0,2d.csv
3602,0,0,0,2e.csv
3602,0,0,0,2f.csv
3602,0,0,0,2g.csv
3602,1,1,0,2h.csv
3602,0,0,0,2i.csv
3602,0,0,0,2j.csv
3602,0,0,0,2k.csv
3602,3,3,0,2l.csv
3602,1,0,1,3a.csv
3602,2,2,0,3b.csv
3602,2,2,0,3c.csv
3602,2,2,0,3d.csv
3602,2,2,0,3e.csv
3602,0,0,0,3f.csv
3602,7,5,2,3g.csv
3603,5,5,0,1a.csv
3603,6,5,1,1b.csv
3603,0,0,0,1c.csv
3603,0,0,0,1e.csv
3603,1,0,1,1f.csv
3603,1,1,0,1g.csv
3603,1,1,0,1h.csv
3603,0,0,0,1i.csv
3603,1,1,0,1j.csv
3603,1,1,0,1k.csv
3603,4,2,2,1l.csv
3603,0,0,0,1m.csv
3603,0,0,0,2a.csv
3603,0,0,0,2b.csv
3603,1,0,1,2c.csv
3603,0,0,0,2d.csv
3603,0,0,0,2e.csv
3603,0,0,0,2f.csv
3603,0,0,0,2g.csv
3603,1,1,0,2h.csv
3603,0,0,0,2i.csv
3603,0,0,0,2j.csv
3603,0,0,0,2k.csv
3603,3,3,0,2l.csv
3603,1,0,1,3a.csv
3603,2,2,0,3b.csv
3603,2,2,0,3c.csv
3603,2,2,0,3d.csv
3603,2,2,0,3e.csv
3603,0,0,0,3f.csv
3603,8,6,2,3g.csv
3604,5,5,0,1a.csv
3604,7,6,1,1b.csv
3604,0,0,0,1c.csv
3604,0,0,0,1e.csv
3604,2,0,2,1f.csv
3604,1,1,0,1g.csv
3604,1,1,0,1h.csv
3604,0,0,0,1i.csv
3604,1,1,0,1j.csv
3604,1,1,0,1k.csv
3604,4,2,2,1l.csv
3604,0,0,0,1m.csv
3604,0,0,0,2a.csv
3604,0,0,0,2b.csv
3604,1,0,1,2c.csv
3604,0,0,0,2d.csv
3604,0,0,0,2e.csv
3604,0,0,0,2f.csv
3604,0,0,0,2g.csv
3604,1,1,0,2h.csv
3604,0,0,0,2i.csv
3604,0,0,0,2j.csv
3604,0,0,0,2k.csv
3604,3,3,0,2l.csv
3604,1,0,1,3a.csv
3604,2,2,0,3b.csv
3604,6,6,0,3c.csv
3604,6,6,0,3d.csv
3604,3,3,0,3e.csv
3604,0,0,0,3f.csv
3604,6,4,2,3g.csv
3605,6,6,0,1a.csv
3605,6,5,1,1b.csv
3605,0,0,0,1c.csv
3605,0,0,0,1e.csv
3605,2,0,2,1f.csv
3605,1,1,0,1g.csv
3605,1,1,0,1h.csv
3605,1,1,0,1i.csv
3605,1,1,0,1j.csv
3605,1,1,0,1k.csv
3605,5,3,2,1l.csv
3605,0,0,0,1m.csv
3605,0,0,0,2a.csv
3605,0,0,0,2b.csv
3605,1,0,1,2c.csv
3605,0,0,0,2d.csv
3605,0,0,0,2e.csv
3605,0,0,0,2f.csv
3605,0,0,0,2g.csv
3605,1,1,0,2h.csv
3605,0,0,0,2i.csv
3605,0,0,0,2j.csv
3605,0,0,0,2k.csv
3605,2,2,0,2l.csv
3605,1,0,1,3a.csv
3605,5,3,2,3b.csv
3605,6,6,0,3c.csv
3605,6,6,0,3d.csv
3605,4,4,0,3e.csv
3605,0,0,0,3f.csv
3605,6,4,2,3g.csv
3606,7,7,0,1a.csv
3606,5,4,1,1b.csv
3606,0,0,0,1c.csv
3606,0,0,0,1e.csv
3606,2,0,2,1f.csv
3606,0,0,0,1g.csv
3606,0,0,0,1h.csv
3606,1,1,0,1i.csv
3606,1,1,0,1j.csv
3606,1,1,0,1k.csv
3606,5,3,2,1l.csv
3606,0,0,0,1m.csv
3606,0,0,0,2a.csv
3606,0,0,0,2b.csv
3606,1,0,1,2c.csv
3606,0,0,0,2d.csv
3606,0,0,0,2e.csv
3606,0,0,0,2f.csv
3606,0,0,0,2g.csv
3606,1,1,0,2h.csv
3606,0,0,0,2i.csv
3606,0,0,0,2j.csv
3606,0,0,0,2k.csv
3606,2,2,0,2l.csv
3606,1,0,1,3a.csv
3606,4,2,2,3b.csv
3606,5,5,0,3c.csv
3606,5,5,0,3d.csv
3606,5,5,0,3e.csv
3606,0,0,0,3f.csv
3606,6,4,2,3g.csv
3607,7,7,0,1a.csv
3607,6,4,2,1b.csv
3607,0,0,0,1c.csv
3607,0,0,0,1e.csv
3607,2,0,2,1f.csv
3607,0,0,0,1g.csv
3607,0,0,0,1h.csv
3607,1,1,0,1i.csv
3607,1,1,0,1j.csv
3607,1,1,0,1k.csv
3607,6,3,3,1l.csv
3607,0,0,0,1m.csv
3607,0,0,0,2a.csv
3607,0,0,0,2b.csv
3607,1,0,1,2c.csv
3607,0,0,0,2d.csv
3607,0,0,0,2e.csv
3607,0,0,0,2f.csv
3607,0,0,0,2g.csv
3607,1,1,0,2h.csv
3607,0,0,0,2i.csv
3607,0,0,0,2j.csv
3607,0,0,0,2k.csv
3607,1,1,0,2l.csv
3607,1,0,1,3a.csv
3607,3,1,2,3b.csv
3607,4,4,0,3c.csv
3607,4,4,0,3d.csv
3607,6,6,0,3e.csv
3607,1,1,0,3f.csv
3607,6,3,3,3g.csv
3608,7,7,0,1a.csv
3608,7,5,2,1b.csv
3608,0,0,0,1c.csv
3608,0,0,0,1e.csv
3608,1,0,1,1f.csv
3608,0,0,0,1g.csv
3608,0,0,0,1h.csv
3608,1,1,0,1i.csv
3608,1,1,0,1j.csv
3608,1,1,0,1k.csv
3608,5,2,3,1l.csv
3608,0,0,0,1m.csv
3608,0,0,0,2a.csv
3608,0,0,0,2b.csv
3608,0,0,0,2c.csv
3608,0,0,0,2d.csv
3608,0,0,0,2e.csv
3608,0,0,0,2f.csv
3608,0,0,0,2g.csv
3608,1,1,0,2h.csv
3608,0,0,0,2i.csv
3608,0,0,0,2j.csv
3608,0,0,0,2k.csv
3608,0,0,0,2l.csv
3608,1,0,1,3a.csv
3608,3,1,2,3b.csv
3608,4,4,0,3c.csv
3608,4,4,0,3d.csv
3608,6,6,0,3e.csv
3608,1,1,0,3f.csv
3608,4,2,2,3g.csv
3609,6,6,0,1a.csv
3609,6,5,1,1b.csv
3609,0,0,0,1c.csv
3609,0,0,0,1e.csv
3609,1,0,1,1f.csv
3609,0,0,0,1g.csv
3609,0,0,0,1h.csv
3609,1,1,0,1i.csv
3609,1,1,0,1j.csv
3609,0,0,0,1k.csv
3609,7,3,4,1l.csv
3609,0,0,0,1m.csv
3609,0,0,0,2a.csv
3609,0,0,0,2b.csv
3609,0,0,0,2c.csv
3609,0,0,0,2d.csv
3609,0,0,0,2e.csv
3609,0,0,0,2f.csv
3609,0,0,0,2g.csv
3609,0,0,0,2h.csv
3609,0,0,0,2i.csv
3609,0,0,0,2j.csv
3609,0,0,0,2k.csv
3609,0,0,0,2l.csv
3609,1,0,1,3a.csv
3609,6,3,3,3b.csv
3609,5,5,0,3c.csv
3609,5,5,0,3d.csv
3609,8,7,1,3e.csv
3609,1,1,0,3f.csv
3609,4,2,2,3g.csv
3610,5,4,1,1a.csv
3610,7,6,1,1b.csv
3610,0,0,0,1c.csv
3610,0,0,0,1e.csv
3610,1,0,1,1f.csv
3610,0,0,0,1g.csv
3610,0,0,0,1h.csv
3610,1,1,0,1i.csv
3610,0,0,0,1j.csv
3610,0,0,0,1k.csv
3610,7,4,3,1l.csv
3610,0,0,0,1m.csv
3610,0,0,0,2a.csv
3610,0,0,0,2b.csv
3610,0,0,0,2c.csv
3610,0,0,0,2d.csv
3610,0,0,0,2e.csv
3610,0,0,0,2f.csv
3610,0,0,0,2g.csv
3610,0,0,0,2h.csv
3610,0,0,0,2i.csv
3610,0,0,0,2j.csv
3610,0,0,0,2k.csv
3610,1,1,0,2l.csv
3610,1,0,1,3a.csv
3610,6,3,3,3b.csv
3610,5,5,0,3c.csv
3610,5,5,0,3d.csv
3610,8,7,1,3e.csv
3610,3,3,0,3f.csv
3610,4,3,1,3g.csv
3611,5,4,1,1a.csv
3611,5,4,1,1b.csv
3611,0,0,0,1c.csv
3611,0,0,0,1e.csv
3611,1,0,1,1f.csv
3611,0,0,0,1g.csv
3611,0,0,0,1h.csv
3611,1,1,0,1i.csv
3611,0,0,0,1j.csv
3611,0,0,0,1k.csv
3611,6,4,2,1l.csv
3611,0,0,0,1m.csv
3611,0,0,0,2a.csv
3611,0,0,0,2b.csv
3611,0,0,0,2c.csv
3611,0,0,0,2d.csv
3611,0,0,0,2e.csv
3611,0,0,0,2f.csv
3611,0,0,0,2g.csv
3611,0,0,0,2h.csv
3611,0,0,0,2i.csv
3611,0,0,0,2j.csv
3611,0,0,0,2k.csv
3611,1,1,0,2l.csv
3611,1,1,0,3a.csv
3611,6,3,3,3b.csv
3611,6,6,0,3c.csv
3611,6,6,0,3d.csv
3611,8,7,1,3e.csv
3611,4,4,0,3f.csv
3611,2,1,1,3g.csv
3612,6,5,1,1a.csv
3612,5,4,1,1b.csv
3612,0,0,0,1c.csv
3612,0,0,0,1e.csv
3612,0,0,0,1f.csv
3612,0,0,0,1g.csv
3612,0,0,0,1h.csv
3612,1,1,0,1i.csv
3612,0,0,0,1j.csv
3612,0,0,0,1k.csv
3612,6,4,2,1l.csv
3612,0,0,0,1m.csv
3612,0,0,0,2a.csv
3612,0,0,0,2b.csv
3612,0,0,0,2c.csv
3612,0,0,0,2d.csv
3612,0,0,0,2e.csv
3612,0,0,0,2f.csv
3612,0,0,0,2g.csv
3612,0,0,0,2h.csv
3612,0,0,0,2i.csv
3612,0,0,0,2j.csv
3612,0,0,0,2k.csv
3612,1,1,0,2l.csv
3612,1,1,0,3a.csv
3612,6,3,3,3b.csv
3612,2,2,0,3c.csv
3612,2,2,0,3d.csv
3612,7,6,1,3e.csv
3612,5,5,0,3f.csv
3612,3,2,1,3g.csv
3613,6,5,1,1a.csv
3613,5,4,1,1b.csv
3613,1,1,0,1c.csv
3613,0,0,0,1e.csv
3613,0,0,0,1f.csv
3613,0,0,0,1g.csv
3613,1,1,0,1h.csv
3613,0,0,0,1i.csv
3613,0,0,0,1j.csv
3613,0,0,0,1k.csv
3613,6,3,3,1l.csv
3613,0,0,0,1m.csv
3613,1,1,0,2a.csv
3613,0,0,0,2b.csv
3613,0,0,0,2c.csv
3613,0,0,0,2d.csv
3613,0,0,0,2e.csv
3613,0,0,0,2f.csv
3613,0,0,0,2g.csv
3613,0,0,0,2h.csv
3613,0,0,0,2i.csv
3613,0,0,0,2j.csv
3613,0,0,0,2k.csv
3613,1,1,0,2l.csv
3613,1,1,0,3a.csv
3613,4,3,1,3b.csv
3613,4,4,0,3c.csv
3613,4,4,0,3d.csv
3613,6,5,1,3e.csv
3613,6,6,0,3f.csv
3613,3,2,1,3g.csv
3614,5,4,1,1a.csv
3614,5,4,1,1b.csv
3614,1,1,0,1c.csv
3614,0,0,0,1e.csv
3614,0,0,0,1f.csv
3614,1,1,0,1g.csv
3614,1,1,0,1h.csv
3614,1,1,0,1i.csv
3614,0,0,0,1j.csv
3614,0,0,0,1k.csv
3614,5,2,3,1l.csv
3614,0,0,0,1m.csv
3614,1,1,0,2a.csv
3614,0,0,0,2b.csv
3614,0,0,0,2c.csv
3614,0,0,0,2d.csv
3614,0,0,0,2e.csv
3614,0,0,0,2f.csv
3614,0,0,0,2g.csv
3614,0,0,0,2h.csv
3614,0,0,0,2i.csv
3614,0,0,0,2j.csv
3614,0,0,0,2k.csv
3614,2,2,0,2l.csv
3614,1,1,0,3a.csv
3614,4,3,1,3b.csv
3614,4,4,0,3c.csv
3614,4,4,0,3d.csv
3614,6,5,1,3e.csv
3614,6,6,0,3f.csv
3614,4,3,1,3g.csv
3615,4,3,1,1a.csv
3615,4,4,0,1b.csv
3615,1,1,0,1c.csv
3615,0,0,0,1e.csv
3615,0,0,0,1f.csv
3615,1,1,0,1g.csv
3615,1,1,0,1h.csv
3615,1,1,0,1i.csv
3615,0,0,0,1j.csv
3615,0,0,0,1k.csv
3615,4,2,2,1l.csv
3615,0,0,0,1m.csv
3615,1,1,0,2a.csv
3615,0,0,0,2b.csv
3615,0,0,0,2c.csv
3615,0,0,0,2d.csv
3615,0,0,0,2e.csv
3615,0,0,0,2f.csv
3615,0,0,0,2g.csv
3615,0,0,0,2h.csv
3615,0,0,0,2i.csv
3615,0,0,0,2j.csv
3615,1,1,0,2k.csv
3615,2,2,0,2l.csv
3615,2,1,1,3a.csv
3615,4,3,1,3b.csv
3615,4,4,0,3c.csv
3615,4,4,0,3d.csv
3615,4,3,1,3e.csv
3615,5,5,0,3f.csv
3615,4,4,0,3g.csv
3616,6,5,1,1a.csv
3616,3,2,1,1b.csv
3616,2,2,0,1c.csv
3616,0,0,0,1e.csv
3616,0,0,0,1f.csv
3616,1,1,0,1g.csv
3616,1,1,0,1h.csv
3616,1,1,0,1i.csv
3616,0,0,0,1j.csv
3616,0,0,0,1k.csv
3616,5,3,2,1l.csv
3616,0,0,0,1m.csv
3616,1,1,0,2a.csv
3616,0,0,0,2b.csv
3616,0,0,0,2c.csv
3616,0,0,0,2d.csv
3616,0,0,0,2e.csv
3616,0,0,0,2f.csv
3616,0,0,0,2g.csv
3616,0,0,0,2h.csv
3616,0,0,0,2i.csv
3616,0,0,0,2j.csv
3616,1,1,0,2k.csv
3616,2,2,0,2l.csv
3616,2,1,1,3a.csv
3616,4,3,1,3b.csv
3616,4,4,0,3c.csv
3616,4,4,0,3d.csv
3616,4,3,1,3e.csv
3616,5,5,0,3f.csv
3616,4,4,0,3g.csv
3617,6,5,1,1a.csv
3617,3,2,1,1b.csv
3617,2,2,0,1c.csv
3617,0,0,0,1e.csv
3617,0,0,0,1f.csv
3617,2,2,0,1g.csv
3617,1,1,0,1h.csv
3617,2,2,0,1i.csv
3617,0,0,0,1j.csv
3617,0,0,0,1k.csv
3617,3,2,1,1l.csv
3617,0,0,0,1m.csv
3617,1,1,0,2a.csv
3617,0,0,0,2b.csv
3617,0,0,0,2c.csv
3617,0,0,0,2d.csv
3617,0,0,0,2e.csv
3617,0,0,0,2f.csv
3617,0,0,0,2g.csv
3617,0,0,0,2h.csv
3617,0,0,0,2i.csv
3617,0,0,0,2j.csv
3617,1,1,0,2k.csv
3617,2,2,0,2l.csv
3617,2,1,1,3a.csv
3617,1,1,0,3b.csv
3617,3,3,0,3c.csv
3617,3,3,0,3d.csv
3617,2,2,0,3e.csv
3617,6,6,0,3f.csv
3617,4,4,0,3g.csv
3618,5,5,0,1a.csv
3618,5,4,1,1b.csv
3618,2,2,0,1c.csv
3618,0,0,0,1e.csv
3618,0,0,0,1f.csv
3618,2,2,0,1g.csv
3618,1,1,0,1h.csv
3618,2,2,0,1i.csv
3618,0,0,0,1j.csv
3618,0,0,0,1k.csv
3618,3,2,1,1l.csv
3618,0,0,0,1m.csv
3618,1,1,0,2a.csv
3618,0,0,0,2b.csv
3618,0,0,0,2c.csv
3618,0,0,0,2d.csv
3618,0,0,0,2e.csv
3618,0,0,0,2f.csv
3618,0,0,0,2g.csv
3618,0,0,0,2h.csv
3618,0,0,0,2i.csv
3618,0,0,0,2j.csv
3618,1,1,0,2k.csv
3618,1,1,0,2l.csv
3618,2,1,1,3a.csv
3618,1,1,0,3b.csv
3618,3,3,0,3c.csv
3618,3,3,0,3d.csv
3618,1,1,0,3e.csv
3618,4,4,0,3f.csv
3618,4,4,0,3g.csv
3619,7,7,0,1a.csv
3619,6,5,1,1b.csv
3619,2,2,0,1c.csv
3619,0,0,0,1e.csv
3619,1,1,0,1f.csv
3619,2,2,0,1g.csv
3619,1,1,0,1h.csv
3619,2,2,0,1i.csv
3619,0,0,0,1j.csv
3619,0,0,0,1k.csv
3619,4,3,1,1l.csv
3619,0,0,0,1m.csv
3619,1,1,0,2a.csv
3619,0,0,0,2b.csv
3619,0,0,0,2c.csv
3619,0,0,0,2d.csv
3619,0,0,0,2e.csv
3619,0,0,0,2f.csv
3619,0,0,0,2g.csv
3619,0,0,0,2h.csv
3619,0,0,0,2i.csv
3619,0,0,0,2j.csv
3619,1,1,0,2k.csv
3619,2,2,0,2l.csv
3619,1,0,1,3a.csv
3619,1,1,0,3b.csv
3619,3,3,0,3c.csv
3619,3,3,0,3d.csv
3619,2,2,0,3e.csv
3619,3,3,0,3f.csv
3619,5,5,0,3g.csv
3620,6,6,0,1a.csv
3620,5,4,1,1b.csv
3620,2,2,0,1c.csv
3620,0,0,0,1e.csv
3620,2,2,0,1f.csv
3620,2,2,0,1g.csv
3620,1,1,0,1h.csv
3620,2,2,0,1i.csv
3620,0,0,0,1j.csv
3620,0,0,0,1k.csv
3620,5,4,1,1l.csv
3620,0,0,0,1m.csv
3620,1,1,0,2a.csv
3620,0,0,0,2b.csv
3620,0,0,0,2c.csv
3620,0,0,0,2d.csv
3620,0,0,0,2e.csv
3620,0,0,0,2f.csv
3620,0,0,0,2g.csv
3620,0,0,0,2h.csv
3620,0,0,0,2i.csv
3620,0,0,0,2j.csv
3620,1,1,0,2k.csv
3620,2,2,0,2l.csv
3620,1,0,1,3a.csv
3620,2,2,0,3b.csv
3620,3,3,0,3c.csv
3620,3,3,0,3d.csv
3620,3,3,0,3e.csv
3620,3,2,1,3f.csv
3620,4,4,0,3g.csv
3621,5,5,0,1a.csv
3621,5,4,1,1b.csv
3621,1,1,0,1c.csv
3621,0,0,0,1e.csv
3621,2,2,0,1f.csv
3621,2,2,0,1g.csv
3621,0,0,0,1h.csv
3621,2,2,0,1i.csv
3621,0,0,0,1j.csv
3621,0,0,0,1k.csv
3621,4,4,0,1l.csv
3621,0,0,0,1m.csv
3621,0,0,0,2a.csv
3621,0,0,0,2b.csv
3621,0,0,0,2c.csv
3621,0,0,0,2d.csv
3621,0,0,0,2e.csv
3621,0,0,0,2f.csv
3621,0,0,0,2g.csv
3621,0,0,0,2h.csv
3621,0,0,0,2i.csv
3621,0,0,0,2j.csv
3621,1,1,0,2k.csv
3621,2,2,0,2l.csv
3621,1,0,1,3a.csv
3621,1,1,0,3b.csv
3621,2,2,0,3c.csv
3621,2,2,0,3d.csv
3621,3,3,0,3e.csv
3621,2,1,1,3f.csv
3621,5,5,0,3g.csv
3622,5,5,0,1a.csv
3622,7,6,1,1b.csv
3622,2,2,0,1c.csv
3622,0,0,0,1e.csv
3622,2,2,0,1f.csv
3622,1,1,0,1g.csv
3622,0,0,0,1h.csv
3622,1,1,0,1i.csv
3622,0,0,0,1j.csv
3622,0,0,0,1k.csv
3622,5,4,1,1l.csv
3622,0,0,0,1m.csv
3622,0,0,0,2a.csv
3622,0,0,0,2b.csv
3622,0,0,0,2c.csv
3622,0,0,0,2d.csv
3622,0,0,0,2e.csv
3622,0,0,0,2f.csv
3622,0,0,0,2g.csv
3622,0,0,0,2h.csv
3622,0,0,0,2i.csv
3622,0,0,0,2j.csv
3622,1,1,0,2k.csv
3622,1,1,0,2l.csv
3622,3,2,1,3a.csv
3622,2,2,0,3b.csv
3622,3,3,0,3c.csv
3622,3,3,0,3d.csv
3622,3,3,0,3e.csv
3622,3,1,2,3f.csv
3622,4,4,0,3g.csv
3623,5,5,0,1a.csv
3623,8,7,1,1b.csv
3623,2,2,0,1c.csv
3623,0,0,0,1e.csv
3623,2,2,0,1f.csv
3623,1,1,0,1g.csv
3623,0,0,0,1h.csv
3623,1,1,0,1i.csv
3623,0,0,0,1j.csv
3623,0,0,0,1k.csv
3623,5,4,1,1l.csv
3623,0,0,0,1m.csv
3623,0,0,0,2a.csv
3623,0,0,0,2b.csv
3623,0,0,0,2c.csv
3623,0,0,0,2d.csv
3623,0,0,0,2e.csv
3623,0,0,0,2f.csv
3623,1,1,0,2g.csv
3623,0,0,0,2h.csv
3623,0,0,0,2i.csv
3623,0,0,0,2j.csv
3623,0,0,0,2k.csv
3623,1,1,0,2l.csv
3623,2,2,0,3a.csv
3623,4,2,2,3b.csv
3623,3,3,0,3c.csv
3623,3,3,0,3d.csv
3623,4,4,0,3e.csv
3623,3,1,2,3f.csv
3623,3,3,0,3g.csv
3624,2,2,0,1a.csv
3624,9,9,0,1b.csv
3624,1,1,0,1c.csv
3624,0,0,0,1e.csv
3624,3,3,0,1f.csv
3624,1,1,0,1g.csv
3624,0,0,0,1h.csv
3624,1,1,0,1i.csv
3624,0,0,0,1j.csv
3624,0,0,0,1k.csv
3624,5,3,2,1l.csv
3624,0,0,0,1m.csv
3624,0,0,0,2a.csv
3624,1,1,0,2b.csv
3624,0,0,0,2c.csv
3624,0,0,0,2d.csv
3624,0,0,0,2e.csv
3624,0,0,0,2f.csv
3624,1,1,0,2g.csv
3624,0,0,0,2h.csv
3624,0,0,0,2i.csv
3624,0,0,0,2j.csv
3624,0,0,0,2k.csv
3624,1,1,0,2l.csv
3624,2,2,0,3a.csv
3624,4,2,2,3b.csv
3624,6,6,0,3c.csv
3624,6,6,0,3d.csv
3624,5,5,0,3e.csv
3624,3,1,2,3f.csv
3624,3,3,0,3g.csv
3625,4,4,0,1a.csv
3625,10,10,0,1b.csv
3625,1,1,0,1c.csv
3625,0,0,0,1e.csv
3625,3,3,0,1f.csv
3625,0,0,0,1g.csv
3625,0,0,0,1h.csv
3625,0,0,0,1i.csv
3625,0,0,0,1j.csv
3625,0,0,0,1k.csv
3625,6,4,2,1l.csv
3625,0,0,0,1m.csv
3625,0,0,0,2a.csv
3625,1,1,0,2b.csv
3625,0,0,0,2c.csv
3625,1,0,1,2d.csv
3625,0,0,0,2e.csv
3625,0,0,0,2f.csv
3625,1,1,0,2g.csv
3625,0,0,0,2h.csv
3625,0,0,0,2i.csv
3625,0,0,0,2j.csv
3625,0,0,0,2k.csv
3625,1,1,0,2l.csv
3625,2,2,0,3a.csv
3625,5,3,2,3b.csv
3625,6,6,0,3c.csv
3625,6,6,0,3d.csv
3625,5,5,0,3e.csv
3625,2,0,2,3f.csv
3625,4,4,0,3g.csv
3626,5,5,0,1a.csv
3626,7,7,0,1b.csv
3626,1,1,0,1c.csv
3626,0,0,0,1e.csv
3626,3,3,0,1f.csv
3626,1,1,0,1g.csv
3626,0,0,0,1h.csv
3626,0,0,0,1i.csv
3626,0,0,0,1j.csv
3626,0,0,0,1k.csv
3626,6,3,3,1l.csv
3626,0,0,0,1m.csv
3626,0,0,0,2a.csv
3626,1,1,0,2b.csv
3626,0,0,0,2c.csv
3626,1,0,1,2d.csv
3626,0,0,0,2e.csv
3626,0,0,0,2f.csv
3626,1,1,0,2g.csv
3626,0,0,0,2h.csv
3626,0,0,0,2i.csv
3626,0,0,0,2j.csv
3626,0,0,0,2k.csv
3626,1,1,0,2l.csv
3626,2,2,0,3a.csv
3626,6,4,2,3b.csv
3626,6,6,0,3c.csv
3626,6,6,0,3d.csv
3626,7,6,1,3e.csv
3626,2,0,2,3f.csv
3626,3,3,0,3g.csv
3627,4,4,0,1a.csv
3627,7,7,0,1b.csv
3627,1,1,0,1c.csv
3627,0,0,0,1e.csv
3627,2,2,0,1f.csv
3627,1,1,0,1g.csv
3627,0,0,0,1h.csv
3627,0,0,0,1i.csv
3627,0,0,0,1j.csv
3627,0,0,0,1k.csv
3627,5,2,3,1l.csv
3627,1,1,0,1m.csv
3627,0,0,0,2a.csv
3627,1,1,0,2b.csv
3627,1,1,0,2c.csv
3627,1,0,1,2d.csv
3627,0,0,0,2e.csv
3627,0,0,0,2f.csv
3627,1,1,0,2g.csv
3627,0,0,0,2h.csv
3627,0,0,0,2i.csv
3627,0,0,0,2j.csv
3627,0,0,0,2k.csv
3627,0,0,0,2l.csv
3627,2,2,0,3a.csv
3627,7,5,2,3b.csv
3627,5,5,0,3c.csv
3627,5,5,0,3d.csv
3627,6,5,1,3e.csv
3627,2,0,2,3f.csv
3627,2,2,0,3g.csv
3628,4,4,0,1a.csv
3628,8,8,0,1b.csv
3628,1,1,0,1c.csv
3628,1,1,0,1e.csv
3628,1,1,0,1f.csv
3628,2,2,0,1g.csv
3628,0,0,0,1h.csv
3628,0,0,0,1i.csv
3628,0,0,0,1j.csv
3628,0,0,0,1k.csv
3628,4,1,3,1l.csv
3628,1,1,0,1m.csv
3628,0,0,0,2a.csv
3628,1,1,0,2b.csv
3628,1,1,0,2c.csv
3628,1,0,1,2d.csv
3628,0,0,0,2e.csv
3628,0,0,0,2f.csv
3628,1,1,0,2g.csv
3628,0,0,0,2h.csv
3628,0,0,0,2i.csv
3628,0,0,0,2j.csv
3628,0,0,0,2k.csv
3628,0,0,0,2l.csv
3628,3,3,0,3a.csv
3628,6,4,2,3b.csv
3628,5,5,0,3c.csv
3628,5,5,0,3d.csv
3628,7,6,1,3e.csv
3628,2,1,1,3f.csv
3628,2,2,0,3g.csv
3629,6,6,0,1a.csv
3629,8,8,0,1b.csv
3629,2,2,0,1c.csv
3629,1,1,0,1e.csv
3629,1,1,0,1f.csv
3629,2,2,0,1g.csv
3629,0,0,0,1h.csv
3629,0,0,0,1i.csv
3629,0,0,0,1j.csv
3629,0,0,0,1k.csv
3629,5,2,3,1l.csv
3629,1,1,0,1m.csv
3629,0,0,0,2a.csv
3629,1,1,0,2b.csv
3629,1,1,0,2c.csv
3629,2,1,1,2d.csv
3629,0,0,0,2e.csv
3629,0,0,0,2f.csv
3629,1,1,0,2g.csv
3629,0,0,0,2h.csv
3629,0,0,0,2i.csv
3629,0,0,0,2j.csv
3629,0,0,0,2k.csv
3629,0,0,0,2l.csv
3629,4,4,0,3a.csv
3629,7,4,3,3b.csv
3629,4,4,0,3c.csv
3629,4,4,0,3d.csv
3629,9,8,1,3e.csv
3629,2,1,1,3f.csv
3629,2,2,0,3g.csv
3630,8,8,0,1a.csv
3630,7,6,1,1b.csv
3630,1,1,0,1c.csv
3630,1,1,0,1e.csv
3630,1,1,0,1f.csv
3630,3,3,0,1g.csv
3630,0,0,0,1h.csv
3630,0,0,0,1i.csv
3630,0,0,0,1j.csv
3630,0,0,0,1k.csv
3630,5,2,3,1l.csv
3630,1,1,0,1m.csv
3630,0,0,0,2a.csv
3630,1,1,0,2b.csv
3630,1,1,0,2c.csv
3630,2,1,1,2d.csv
3630,0,0,0,2e.csv
3630,0,0,0,2f.csv
3630,1,1,0,2g.csv
3630,0,0,0,2h.csv
3630,0,0,0,2i.csv
3630,0,0,0,2j.csv
3630,0,0,0,2k.csv
3630,0,0,0,2l.csv
3630,2,2,0,3a.csv
3630,6,3,3,3b.csv
3630,3,3,0,3c.csv
3630,3,3,0,3d.csv
3630,8,7,1,3e.csv
3630,1,1,0,3f.csv
3630,3,3,0,3g.csv
3631,9,8,1,1a.csv
3631,6,5,1,1b.csv
3631,1,1,0,1c.csv
3631,1,1,0,1e.csv
3631,1,1,0,1f.csv
3631,3,3,0,1g.csv
3631,0,0,0,1h.csv
3631,0,0,0,1i.csv
3631,0,0,0,1j.csv
3631,0,0,0,1k.csv
3631,5,2,3,1l.csv
3631,1,1,0,1m.csv
3631,0,0,0,2a.csv
3631,1,1,0,2b.csv
3631,1,1,0,2c.csv
3631,2,1,1,2d.csv
3631,0,0,0,2e.csv
3631,0,0,0,2f.csv
3631,0,0,0,2g.csv
3631,0,0,0,2h.csv
3631,0,0,0,2i.csv
3631,0,0,0,2j.csv
3631,0,0,0,2k.csv
3631,0,0,0,2l.csv
3631,2,2,0,3a.csv
3631,4,3,1,3b.csv
3631,4,3,1,3c.csv
3631,4,3,1,3d.csv
3631,9,8,1,3e.csv
3631,2,2,0,3f.csv
3631,3,3,0,3g.csv
3632,9,8,1,1a.csv
3632,4,3,1,1b.csv
3632,1,1,0,1c.csv
3632,1,1,0,1e.csv
3632,0,0,0,1f.csv
3632,3,3,0,1g.csv
3632,0,0,0,1h.csv
3632,0,0,0,1i.csv
3632,0,0,0,1j.csv
3632,0,0,0,1k.csv
3632,5,3,2,1l.csv
3632,1,1,0,1m.csv
3632,0,0,0,2a.csv
3632,0,0,0,2b.csv
3632,1,1,0,2c.csv
3632,2,1,1,2d.csv
3632,0,0,0,2e.csv
3632,0,0,0,2f.csv
3632,0,0,0,2g.csv
3632,0,0,0,2h.csv
3632,0,0,0,2i.csv
3632,0,0,0,2j.csv
3632,0,0,0,2k.csv
3632,0,0,0,2l.csv
3632,2,2,0,3a.csv
3632,4,3,1,3b.csv
3632,2,1,1,3c.csv
3632,2,1,1,3d.csv
3632,9,8,1,3e.csv
3632,3,3,0,3f.csv
3632,4,3,1,3g.csv
3633,10,9,1,1a.csv
3633,3,2,1,1b.csv
3633,2,2,0,1c.csv
3633,1,1,0,1e.csv
3633,0,0,0,1f.csv
3633,3,3,0,1g.csv
3633,0,0,0,1h.csv
3633,0,0,0,1i.csv
3633,0,0,0,1j.csv
3633,0,0,0,1k.csv
3633,4,2,2,1l.csv
3633,1,1,0,1m.csv
3633,0,0,0,2a.csv
3633,0,0,0,2b.csv
3633,1,1,0,2c.csv
3633,1,1,0,2d.csv
3633,0,0,0,2e.csv
3633,0,0,0,2f.csv
3633,0,0,0,2g.csv
3633,0,0,0,2h.csv
3633,0,0,0,2i.csv
3633,0,0,0,2j.csv
3633,0,0,0,2k.csv
3633,0,0,0,2l.csv
3633,2,2,0,3a.csv
3633,3,2,1,3b.csv
3633,2,1,1,3c.csv
3633,2,1,1,3d.csv
3633,10,9,1,3e.csv
3633,3,3,0,3f.csv
3633,4,3,1,3g.csv
3634,10,9,1,1a.csv
3634,4,3,1,1b.csv
3634,3,3,0,1c.csv
3634,1,1,0,1e.csv
3634,0,0,0,1f.csv
3634,2,2,0,1g.csv
3634,0,0,0,1h.csv
3634,0,0,0,1i.csv
3634,0,0,0,1j.csv
3634,0,0,0,1k.csv
3634,3,2,1,1l.csv
3634,1,1,0,1m.csv
3634,0,0,0,2a.csv
3634,0,0,0,2b.csv
3634,1,1,0,2c.csv
3634,1,1,0,2d.csv
3634,0,0,0,2e.csv
3634,0,0,0,2f.csv
3634,0,0,0,2g.csv
3634,0,0,0,2h.csv
3634,0,0,0,2i.csv
3634,0,0,0,2j.csv
3634,0,0,0,2k.csv
3634,0,0,0,2l.csv
3634,2,2,0,3a.csv
3634,2,1,1,3b.csv
3634,2,1,1,3c.csv
3634,2,1,1,3d.csv
3634,10,10,0,3e.csv
3634,3,3,0,3f.csv
3634,6,5,1,3g.csv
3635,10,9,1,1a.csv
3635,3,2,1,1b.csv
3635,3,3,0,1c.csv
3635,1,1,0,1e.csv
3635,1,1,0,1f.csv
3635,2,2,0,1g.csv
3635,1,1,0,1h.csv
3635,0,0,0,1i.csv
3635,0,0,0,1j.csv
3635,0,0,0,1k.csv
3635,3,2,1,1l.csv
3635,0,0,0,1m.csv
3635,0,0,0,2a.csv
3635,0,0,0,2b.csv
3635,0,0,0,2c.csv
3635,1,1,0,2d.csv
3635,0,0,0,2e.csv
3635,0,0,0,2f.csv
3635,0,0,0,2g.csv
3635,0,0,0,2h.csv
3635,0,0,0,2i.csv
3635,0,0,0,2j.csv
3635,0,0,0,2k.csv
3635,0,0,0,2l.csv
3635,2,2,0,3a.csv
3635,2,1,1,3b.csv
3635,2,1,1,3c.csv
3635,2,1,1,3d.csv
3635,12,12,0,3e.csv
3635,3,3,0,3f.csv
3635,8,7,1,3g.csv
3636,10,9,1,1a.csv
3636,2,1,1,1b.csv
3636,4,4,0,1c.csv
3636,0,0,0,1e.csv
3636,2,2,0,1f.csv
3636,1,1,0,1g.csv
3636,1,1,0,1h.csv
3636,0,0,0,1i.csv
3636,0,0,0,1j.csv
3636,0,0,0,1k.csv
3636,3,2,1,1l.csv
3636,0,0,0,1m.csv
3636,0,0,0,2a.csv
3636,0,0,0,2b.csv
3636,0,0,0,2c.csv
3636,1,1,0,2d.csv
3636,0,0,0,2e.csv
3636,0,0,0,2f.csv
3636,0,0,0,2g.csv
3636,0,0,0,2h.csv
3636,0,0,0,2i.csv
3636,0,0,0,2j.csv
3636,0,0,0,2k.csv
3636,0,0,0,2l.csv
3636,1,1,0,3a.csv
3636,4,1,3,3b.csv
3636,4,2,2,3c.csv
3636,4,2,2,3d.csv
3636,13,13,0,3e.csv
3636,2,2,0,3f.csv
3636,9,8,1,3g.csv
3637,9,8,1,1a.csv
3637,2,1,1,1b.csv
3637,3,3,0,1c.csv
3637,0,0,0,1e.csv
3637,2,2,0,1f.csv
3637,1,1,0,1g.csv
3637,1,1,0,1h.csv
3637,0,0,0,1i.csv
3637,0,0,0,1j.csv
3637,0,0,0,1k.csv
3637,2,1,1,1l.csv
3637,0,0,0,1m.csv
3637,0,0,0,2a.csv
3637,0,0,0,2b.csv
3637,0,0,0,2c.csv
3637,0,0,0,2d.csv
3637,0,0,0,2e.csv
3637,0,0,0,2f.csv
3637,0,0,0,2g.csv
3637,0,0,0,2h.csv
3637,0,0,0,2i.csv
3637,0,0,0,2j.csv
3637,0,0,0,2k.csv
3637,0,0,0,2l.csv
3637,1,1,0,3a.csv
3637,3,1,2,3b.csv
3637,4,2,2,3c.csv
3637,4,2,2,3d.csv
3637,12,12,0,3e.csv
3637,2,2,0,3f.csv
3637,11,10,1,3g.csv
3638,9,8,1,1a.csv
3638,1,1,0,1b.csv
3638,3,3,0,1c.csv
3638,0,0,0,1e.csv
3638,2,2,0,1f.csv
3638,0,0,0,1g.csv
3638,1,1,0,1h.csv
3638,0,0,0,1i.csv
3638,0,0,0,1j.csv
3638,0,0,0,1k.csv
3638,2,1,1,1l.csv
3638,0,0,0,1m.csv
3638,0,0,0,2a.csv
3638,0,0,0,2b.csv
3638,0,0,0,2c.csv
3638,0,0,0,2d.csv
3638,0,0,0,2e.csv
3638,0,0,0,2f.csv
3638,0,0,0,2g.csv
3638,0,0,0,2h.csv
3638,0,0,0,2i.csv
3638,0,0,0,2j.csv
3638,0,0,0,2k.csv
3638,0,0,0,2l.csv
3638,1,1,0,3a.csv
3638,3,1,2,3b.csv
3638,5,3,2,3c.csv
3638,5,3,2,3d.csv
3638,13,13,0,3e.csv
3638,2,2,0,3f.csv
3638,13,11,2,3g.csv
3639,10,10,0,1a.csv
3639,1,1,0,1b.csv
3639,3,3,0,1c.csv
3639,0,0,0,1e.csv
3639,3,3,0,1f.csv
3639,0,0,0,1g.csv
3639,1,1,0,1h.csv
3639,0,0,0,1i.csv
3639,0,0,0,1j.csv
3639,0,0,0,1k.csv
3639,3,2,1,1l.csv
3639,0,0,0,1m.csv
3639,0,0,0,2a.csv
3639,0,0,0,2b.csv
3639,0,0,0,2c.csv
3639,0,0,0,2d.csv
3639,0,0,0,2e.csv
3639,0,0,0,2f.csv
3639,0,0,0,2g.csv
3639,0,0,0,2h.csv
3639,0,0,0,2i.csv
3639,0,0,0,2j.csv
3639,0,0,0,2k.csv
3639,0,0,0,2l.csv
3639,2,2,0,3a.csv
3639,3,1,2,3b.csv
3639,5,4,1,3c.csv
3639,5,4,1,3d.csv
3639,12,12,0,3e.csv
3639,1,1,0,3f.csv
3639,14,11,3,3g.csv
3640,10,10,0,1a.csv
3640,1,1,0,1b.csv
3640,3,3,0,1c.csv
3640,0,0,0,1e.csv
3640,3,3,0,1f.csv
3640,0,0,0,1g.csv
3640,1,1,0,1h.csv
3640,0,0,0,1i.csv
3640,0,0,0,1j.csv
3640,0,0,0,1k.csv
3640,3,1,2,1l.csv
3640,0,0,0,1m.csv
3640,0,0,0,2a.csv
3640,0,0,0,2b.csv
3640,0,0,0,2c.csv
3640,0,0,0,2d.csv
3640,0,0,0,2e.csv
3640,0,0,0,2f.csv
3640,0,0,0,2g.csv
3640,0,0,0,2h.csv
3640,0,0,0,2i.csv
3640,0,0,0,2j.csv
3640,0,0,0,2k.csv
3640,1,0,1,2l.csv
3640,2,2,0,3a.csv
3640,3,1,2,3b.csv
3640,4,3,1,3c.csv
3640,4,3,1,3d.csv
3640,11,11,0,3e.csv
3640,0,0,0,3f.csv
3640,15,13,2,3g.csv
3641,8,8,0,1a.csv
3641,2,2,0,1b.csv
3641,2,2,0,1c.csv
3641,0,0,0,1e.csv
3641,3,3,0,1f.csv
3641,0,0,0,1g.csv
3641,1,1,0,1h.csv
3641,0,0,0,1i.csv
3641,0,0,0,1j.csv
3641,0,0,0,1k.csv
3641,3,1,2,1l.csv
3641,0,0,0,1m.csv
3641,0,0,0,2a.csv
3641,0,0,0,2b.csv
3641,0,0,0,2c.csv
3641,0,0,0,2d.csv
3641,0,0,0,2e.csv
3641,0,0,0,2f.csv
3641,0,0,0,2g.csv
3641,0,0,0,2h.csv
3641,0,0,0,2i.csv
3641,0,0,0,2j.csv
3641,0,0,0,2k.csv
3641,1,0,1,2l.csv
3641,2,2,0,3a.csv
3641,3,1,2,3b.csv
3641,4,3,1,3c.csv
3641,4,3,1,3d.csv
3641,11,11,0,3e.csv
3641,0,0,0,3f.csv
3641,14,12,2,3g.csv
3642,8,7,1,1a.csv
3642,2,1,1,1b.csv
3642,3,3,0,1c.csv
3642,0,0,0,1e.csv
3642,3,3,0,1f.csv
3642,0,0,0,1g.csv
3642,2,2,0,1h.csv
3642,0,0,0,1i.csv
3642,0,0,0,1j.csv
3642,0,0,0,1k.csv
3642,3,1,2,1l.csv
3642,0,0,0,1m.csv
3642,0,0,0,2a.csv
3642,0,0,0,2b.csv
3642,0,0,0,2c.csv
3642,0,0,0,2d.csv
3642,0,0,0,2e.csv
3642,0,0,0,2f.csv
3642,0,0,0,2g.csv
3642,0,0,0,2h.csv
3642,0,0,0,2i.csv
3642,0,0,0,2j.csv
3642,0,0,0,2k.csv
3642,1,0,1,2l.csv
3642,2,2,0,3a.csv
3642,3,1,2,3b.csv
3642,4,3,1,3c.csv
3642,4,3,1,3d.csv
3642,12,12,0,3e.csv
3642,0,0,0,3f.csv
3642,13,11,2,3g.csv
3643,7,6,1,1a.csv
3643,2,1,1,1b.csv
3643,3,3,0,1c.csv
3643,0,0,0,1e.csv
3643,2,2,0,1f.csv
3643,0,0,0,1g.csv
3643,1,1,0,1h.csv
3643,0,0,0,1i.csv
3643,0,0,0,1j.csv
3643,0,0,0,1k.csv
3643,3,1,2,1l.csv
3643,0,0,0,1m.csv
3643,0,0,0,2a.csv
3643,1,1,0,2b.csv
3643,0,0,0,2c.csv
3643,0,0,0,2d.csv
3643,0,0,0,2e.csv
3643,0,0,0,2f.csv
3643,0,0,0,2g.csv
3643,0,0,0,2h.csv
3643,0,0,0,2i.csv
3643,0,0,0,2j.csv
3643,0,0,0,2k.csv
3643,2,1,1,2l.csv
3643,2,2,0,3a.csv
3643,2,0,2,3b.csv
3643,4,3,1,3c.csv
3643,4,3,1,3d.csv
3643,11,11,0,3e.csv
3643,0,0,0,3f.csv
3643,11,9,2,3g.csv
3644,7,6,1,1a.csv
3644,2,1,1,1b.csv
3644,2,2,0,1c.csv
3644,0,0,0,1e.csv
3644,1,1,0,1f.csv
3644,0,0,0,1g.csv
3644,1,1,0,1h.csv
3644,0,0,0,1i.csv
3644,0,0,0,1j.csv
3644,0,0,0,1k.csv
3644,3,1,2,1l.csv
3644,0,0,0,1m.csv
3644,1,1,0,2a.csv
3644,1,1,0,2b.csv
3644,0,0,0,2c.csv
3644,0,0,0,2d.csv
3644,0,0,0,2e.csv
3644,0,0,0,2f.csv
3644,0,0,0,2g.csv
3644,0,0,0,2h.csv
3644,0,0,0,2i.csv
3644,0,0,0,2j.csv
3644,0,0,0,2k.csv
3644,2,1,1,2l.csv
3644,2,2,0,3a.csv
3644,1,1,0,3b.csv
3644,2,2,0,3c.csv
3644,2,2,0,3d.csv
3644,9,9,0,3e.csv
3644,0,0,0,3f.csv
3644,10,8,2,3g.csv
3645,6,5,1,1a.csv
3645,2,1,1,1b.csv
3645,3,3,0,1c.csv
3645,0,0,0,1e.csv
3645,1,1,0,1f.csv
3645,0,0,0,1g.csv
3645,1,1,0,1h.csv
3645,1,0,1,1i.csv
3645,0,0,0,1j.csv
3645,0,0,0,1k.csv
3645,4,2,2,1l.csv
3645,0,0,0,1m.csv
3645,1,1,0,2a.csv
3645,1,1,0,2b.csv
3645,0,0,0,2c.csv
3645,0,0,0,2d.csv
3645,0,0,0,2e.csv
3645,0,0,0,2f.csv
3645,0,0,0,2g.csv
3645,0,0,0,2h.csv
3645,0,0,0,2i.csv
3645,0,0,0,2j.csv
3645,0,0,0,2k.csv
3645,2,1,1,2l.csv
3645,1,1,0,3a.csv
3645,1,1,0,3b.csv
3645,2,2,0,3c.csv
3645,2,2,0,3d.csv
3645,9,9,0,3e.csv
3645,0,0,0,3f.csv
3645,7,5,2,3g.csv
3646,5,4,1,1a.csv
3646,3,2,1,1b.csv
3646,3,3,0,1c.csv
3646,0,0,0,1e.csv
3646,1,1,0,1f.csv
3646,0,0,0,1g.csv
3646,1,1,0,1h.csv
3646,1,0,1,1i.csv
3646,0,0,0,1j.csv
3646,0,0,0,1k.csv
3646,3,2,1,1l.csv
3646,0,0,0,1m.csv
3646,1,1,0,2a.csv
3646,1,1,0,2b.csv
3646,0,0,0,2c.csv
3646,0,0,0,2d.csv
3646,0,0,0,2e.csv
3646,0,0,0,2f.csv
3646,0,0,0,2g.csv
3646,0,0,0,2h.csv
3646,0,0,0,2i.csv
3646,0,0,0,2j.csv
3646,0,0,0,2k.csv
3646,2,1,1,2l.csv
3646,1,1,0,3a.csv
3646,1,1,0,3b.csv
3646,1,1,0,3c.csv
3646,1,1,0,3d.csv
3646,8,8,0,3e.csv
3646,0,0,0,3f.csv
3646,6,4,2,3g.csv
3647,3,2,1,1a.csv
3647,3,2,1,1b.csv
3647,3,3,0,1c.csv
3647,0,0,0,1e.csv
3647,1,1,0,1f.csv
3647,0,0,0,1g.csv
3647,1,1,0,1h.csv
3647,1,0,1,1i.csv
3647,1,1,0,1j.csv
3647,0,0,0,1k.csv
3647,2,1,1,1l.csv
3647,0,0,0,1m.csv
3647,1,1,0,2a.csv
3647,1,1,0,2b.csv
3647,0,0,0,2c.csv
3647,0,0,0,2d.csv
3647,0,0,0,2e.csv
3647,0,0,0,2f.csv
3647,0,0,0,2g.csv
3647,0,0,0,2h.csv
3647,0,0,0,2i.csv
3647,0,0,0,2j.csv
3647,0,0,0,2k.csv
3647,2,1,1,2l.csv
3647,1,1,0,3a.csv
3647,1,1,0,3b.csv
3647,0,0,0,3c.csv
3647,0,0,0,3d.csv
3647,7,7,0,3e.csv
3647,0,0,0,3f.csv
3647,6,5,1,3g.csv
3648,5,3,2,1a.csv
3648,4,3,1,1b.csv
3648,3,3,0,1c.csv
3648,1,1,0,1e.csv
3648,2,1,1,1f.csv
3648,0,0,0,1g.csv
3648,1,1,0,1h.csv
3648,1,0,1,1i.csv
3648,1,1,0,1j.csv
3648,0,0,0,1k.csv
3648,1,1,0,1l.csv
3648,0,0,0,1m.csv
3648,1,1,0,2a.csv
3648,1,1,0,2b.csv
3648,0,0,0,2c.csv
3648,0,0,0,2d.csv
3648,0,0,0,2e.csv
3648,0,0,0,2f.csv
3648,0,0,0,2g.csv
3648,0,0,0,2h.csv
3648,0,0,0,2i.csv
3648,0,0,0,2j.csv
3648,0,0,0,2k.csv
3648,1,1,0,2l.csv
3648,1,1,0,3a.csv
3648,1,1,0,3b.csv
3648,1,1,0,3c.csv
3648,1,1,0,3d.csv
3648,7,7,0,3e.csv
3648,0,0,0,3f.csv
3648,6,5,1,3g.csv
3649,4,2,2,1a.csv
3649,4,3,1,1b.csv
3649,3,3,0,1c.csv
3649,1,1,0,1e.csv
3649,2,1,1,1f.csv
3649,0,0,0,1g.csv
3649,1,1,0,1h.csv
3649,1,0,1,1i.csv
3649,1,1,0,1j.csv
3649,0,0,0,1k.csv
3649,1,1,0,1l.csv
3649,0,0,0,1m.csv
3649,1,1,0,2a.csv
3649,1,1,0,2b.csv
3649,0,0,0,2c.csv
3649,0,0,0,2d.csv
3649,0,0,0,2e.csv
3649,0,0,0,2f.csv
3649,0,0,0,2g.csv
3649,0,0,0,2h.csv
3649,0,0,0,2i.csv
3649,0,0,0,2j.csv
3649,0,0,0,2k.csv
3649,1,1,0,2l.csv
3649,1,1,0,3a.csv
3649,2,2,0,3b.csv
3649,1,1,0,3c.csv
3649,1,1,0,3d.csv
3649,7,7,0,3e.csv
3649,1,1,0,3f.csv
3649,6,5,1,3g.csv
3650,3,2,1,1a.csv
3650,4,4,0,1b.csv
3650,1,1,0,1c.csv
3650,1,1,0,1e.csv
3650,2,1,1,1f.csv
3650,0,0,0,1g.csv
3650,0,0,0,1h.csv
3650,1,0,1,1i.csv
3650,1,1,0,1j.csv
3650,0,0,0,1k.csv
3650,1,1,0,1l.csv
3650,0,0,0,1m.csv
3650,2,2,0,2a.csv
3650,1,1,0,2b.csv
3650,0,0,0,2c.csv
3650,0,0,0,2d.csv
3650,0,0,0,2e.csv
3650,0,0,0,2f.csv
3650,0,0,0,2g.csv
3650,0,0,0,2h.csv
3650,0,0,0,2i.csv
3650,0,0,0,2j.csv
3650,0,0,0,2k.csv
3650,2,1,1,2l.csv
3650,1,1,0,3a.csv
3650,2,2,0,3b.csv
3650,1,1,0,3c.csv
3650,1,1,0,3d.csv
3650,4,4,0,3e.csv
3650,1,1,0,3f.csv
3650,5,4,1,3g.csv
3651,3,2,1,1a.csv
3651,4,4,0,1b.csv
3651,2,2,0,1c.csv
3651,1,1,0,1e.csv
3651,2,1,1,1f.csv
3651,0,0,0,1g.csv
3651,0,0,0,1h.csv
3651,1,0,1,1i.csv
3651,2,2,0,1j.csv
3651,0,0,0,1k.csv
3651,1,1,0,1l.csv
3651,0,0,0,1m.csv
3651,2,2,0,2a.csv
3651,0,0,0,2b.csv
3651,0,0,0,2c.csv
3651,0,0,0,2d.csv
3651,0,0,0,2e.csv
3651,0,0,0,2f.csv
3651,0,0,0,2g.csv
3651,0,0,0,2h.csv
3651,0,0,0,2i.csv
3651,0,0,0,2j.csv
3651,0,0,0,2k.csv
3651,1,0,1,2l.csv
3651,1,1,0,3a.csv
3651,2,2,0,3b.csv
3651,2,2,0,3c.csv
3651,2,2,0,3d.csv
3651,5,5,0,3e.csv
3651,1,1,0,3f.csv
3651,7,6,1,3g.csv
3652,3,2,1,1a.csv
3652,4,4,0,1b.csv
3652,2,2,0,1c.csv
3652,1,1,0,1e.csv
3652,2,1,1,1f.csv
3652,0,0,0,1g.csv
3652,0,0,0,1h.csv
3652,1,0,1,1i.csv
3652,2,2,0,1j.csv
3652,0,0,0,1k.csv
3652,1,1,0,1l.csv
3652,0,0,0,1m.csv
3652,1,1,0,2a.csv
3652,0,0,0,2b.csv
3652,0,0,0,2c.csv
3652,0,0,0,2d.csv
3652,0,0,0,2e.csv
3652,0,0,0,2f.csv
3652,0,0,0,2g.csv
3652,0,0,0,2h.csv
3652,0,0,0,2i.csv
3652,0,0,0,2j.csv
3652,0,0,0,2k.csv
3652,1,0,1,2l.csv
3652,2,2,0,3a.csv
3652,1,1,0,3b.csv
3652,2,2,0,3c.csv
3652,2,2,0,3d.csv
3652,4,4,0,3e.csv
3652,1,1,0,3f.csv
3652,10,9,1,3g.csv
3653,3,2,1,1a.csv
3653,4,4,0,1b.csv
3653,1,1,0,1c.csv
3653,1,1,0,1e.csv
3653,2,1,1,1f.csv
3653,0,0,0,1g.csv
3653,0,0,0,1h.csv
3653,0,0,0,1i.csv
3653,2,2,0,1j.csv
3653,0,0,0,1k.csv
3653,1,0,1,1l.csv
3653,0,0,0,1m.csv
3653,1,1,0,2a.csv
3653,1,1,0,2b.csv
3653,0,0,0,2c.csv
3653,0,0,0,2d.csv
3653,0,0,0,2e.csv
3653,0,0,0,2f.csv
3653,0,0,0,2g.csv
3653,0,0,0,2h.csv
3653,0,0,0,2i.csv
3653,0,0,0,2j.csv
3653,0,0,0,2k.csv
3653,1,0,1,2l.csv
3653,3,3,0,3a.csv
3653,1,1,0,3b.csv
3653,2,2,0,3c.csv
3653,2,2,0,3d.csv
3653,6,6,0,3e.csv
3653,1,1,0,3f.csv
3653,10,9,1,3g.csv
3654,2,1,1,1a.csv
3654,3,3,0,1b.csv
3654,1,1,0,1c.csv
3654,1,1,0,1e.csv
3654,2,1,1,1f.csv
3654,0,0,0,1g.csv
3654,0,0,0,1h.csv
3654,0,0,0,1i.csv
3654,3,3,0,1j.csv
3654,0,0,0,1k.csv
3654,1,0,1,1l.csv
3654,0,0,0,1m.csv
3654,1,1,0,2a.csv
3654,1,1,0,2b.csv
3654,0,0,0,2c.csv
3654,0,0,0,2d.csv
3654,0,0,0,2e.csv
3654,0,0,0,2f.csv
3654,0,0,0,2g.csv
3654,0,0,0,2h.csv
3654,0,0,0,2i.csv
3654,0,0,0,2j.csv
3654,0,0,0,2k.csv
3654,1,0,1,2l.csv
3654,3,3,0,3a.csv
3654,1,1,0,3b.csv
3654,2,2,0,3c.csv
3654,2,2,0,3d.csv
3654,9,8,1,3e.csv
3654,1,1,0,3f.csv
3654,8,8,0,3g.csv
3655,4,2,2,1a.csv
3655,3,3,0,1b.csv
3655,1,1,0,1c.csv
3655,1,1,0,1e.csv
3655,1,0,1,1f.csv
3655,0,0,0,1g.csv
3655,1,0,1,1h.csv
3655,0,0,0,1i.csv
3655,2,2,0,1j.csv
3655,0,0,0,1k.csv
3655,1,0,1,1l.csv
3655,0,0,0,1m.csv
3655,3,3,0,2a.csv
3655,1,1,0,2b.csv
3655,0,0,0,2c.csv
3655,0,0,0,2d.csv
3655,0,0,0,2e.csv
3655,0,0,0,2f.csv
3655,0,0,0,2g.csv
3655,0,0,0,2h.csv
3655,0,0,0,2i.csv
3655,0,0,0,2j.csv
3655,0,0,0,2k.csv
3655,1,0,1,2l.csv
3655,2,2,0,3a.csv
3655,2,2,0,3b.csv
3655,2,2,0,3c.csv
3655,2,2,0,3d.csv
3655,10,9,1,3e.csv
3655,1,1,0,3f.csv
3655,7,7,0,3g.csv
3656,2,1,1,1a.csv
3656,2,2,0,1b.csv
3656,2,2,0,1c.csv
3656,0,0,0,1e.csv
3656,0,0,0,1f.csv
3656,0,0,0,1g.csv
3656,1,0,1,1h.csv
3656,0,0,0,1i.csv
3656,3,3,0,1j.csv
3656,0,0,0,1k.csv
3656,2,1,1,1l.csv
3656,0,0,0,1m.csv
3656,3,3,0,2a.csv
3656,1,1,0,2b.csv
3656,0,0,0,2c.csv
3656,0,0,0,2d.csv
3656,0,0,0,2e.csv
3656,0,0,0,2f.csv
3656,0,0,0,2g.csv
3656,0,0,0,2h.csv
3656,0,0,0,2i.csv
3656,0,0,0,2j.csv
3656,0,0,0,2k.csv
3656,2,1,1,2l.csv
3656,2,2,0,3a.csv
3656,2,2,0,3b.csv
3656,1,1,0,3c.csv
3656,1,1,0,3d.csv
3656,13,12,1,3e.csv
3656,1,1,0,3f.csv
3656,5,5,0,3g.csv
3657,5,4,1,1a.csv
3657,2,2,0,1b.csv
3657,2,2,0,1c.csv
3657,0,0,0,1e.csv
3657,0,0,0,1f.csv
3657,1,1,0,1g.csv
3657,1,0,1,1h.csv
3657,0,0,0,1i.csv
3657,3,3,0,1j.csv
3657,0,0,0,1k.csv
3657,2,1,1,1l.csv
3657,0,0,0,1m.csv
3657,3,3,0,2a.csv
3657,1,1,0,2b.csv
3657,0,0,0,2c.csv
3657,0,0,0,2d.csv
3657,0,0,0,2e.csv
3657,0,0,0,2f.csv
3657,0,0,0,2g.csv
3657,0,0,0,2h.csv
3657,0,0,0,2i.csv
3657,0,0,0,2j.csv
3657,0,0,0,2k.csv
3657,2,1,1,2l.csv
3657,3,3,0,3a.csv
3657,2,1,1,3b.csv
3657,1,1,0,3c.csv
3657,1,1,0,3d.csv
3657,14,13,1,3e.csv
3657,0,0,0,3f.csv
3657,5,5,0,3g.csv
3658,5,4,1,1a.csv
3658,1,1,0,1b.csv
3658,2,2,0,1c.csv
3658,0,0,0,1e.csv
3658,0,0,0,1f.csv
3658,1,1,0,1g.csv
3658,2,1,1,1h.csv
3658,0,0,0,1i.csv
3658,3,3,0,1j.csv
3658,0,0,0,1k.csv
3658,3,2,1,1l.csv
3658,0,0,0,1m.csv
3658,2,2,0,2a.csv
3658,1,1,0,2b.csv
3658,0,0,0,2c.csv
3658,0,0,0,2d.csv
3658,0,0,0,2e.csv
3658,0,0,0,2f.csv
3658,0,0,0,2g.csv
3658,0,0,0,2h.csv
3658,0,0,0,2i.csv
3658,0,0,0,2j.csv
3658,0,0,0,2k.csv
3658,1,1,0,2l.csv
3658,3,3,0,3a.csv
3658,2,1,1,3b.csv
3658,1,1,0,3c.csv
3658,1,1,0,3d.csv
3658,15,14,1,3e.csv
3658,0,0,0,3f.csv
3658,6,6,0,3g.csv
3659,7,5,2,1a.csv
3659,1,1,0,1b.csv
3659,1,1,0,1c.csv
3659,0,0,0,1e.csv
3659,0,0,0,1f.csv
3659,1,1,0,1g.csv
3659,2,1,1,1h.csv
3659,0,0,0,1i.csv
3659,2,2,0,1j.csv
3659,0,0,0,1k.csv
3659,3,2,1,1l.csv
3659,0,0,0,1m.csv
3659,2,2,0,2a.csv
3659,2,2,0,2b.csv
3659,0,0,0,2c.csv
3659,0,0,0,2d.csv
3659,0,0,0,2e.csv
3659,0,0,0,2f.csv
3659,0,0,0,2g.csv
3659,0,0,0,2h.csv
3659,0,0,0,2i.csv
3659,0,0,0,2j.csv
3659,0,0,0,2k.csv
3659,2,2,0,2l.csv
3659,4,3,1,3a.csv
3659,2,1,1,3b.csv
3659,1,1,0,3c.csv
3659,1,1,0,3d.csv
3659,15,14,1,3e.csv
3659,0,0,0,3f.csv
3659,4,4,0,3g.csv
3660,7,5,2,1a.csv
3660,1,1,0,1b.csv
3660,2,2,0,1c.csv
3660,0,0,0,1e.csv
3660,0,0,0,1f.csv
3660,1,1,0,1g.csv
3660,2,1,1,1h.csv
3660,0,0,0,1i.csv
3660,2,2,0,1j.csv
3660,0,0,0,1k.csv
3660,3,2,1,1l.csv
3660,0,0,0,1m.csv
3660,2,2,0,2a.csv
3660,2,2,0,2b.csv
3660,0,0,0,2c.csv
3660,0,0,0,2d.csv
3660,0,0,0,2e.csv
3660,0,0,0,2f.csv
3660,0,0,0,2g.csv
3660,0,0,0,2h.csv
3660,0,0,0,2i.csv
3660,0,0,0,2j.csv
3660,0,0,0,2k.csv
3660,2,2,0,2l.csv
3660,3,2,1,3a.csv
3660,2,1,1,3b.csv
3660,1,1,0,3c.csv
3660,1,1,0,3d.csv
3660,15,14,1,3e.csv
3660,1,1,0,3f.csv
3660,1,1,0,3g.csv
3661,8,6,2,1a.csv
3661,1,1,0,1b.csv
3661,2,2,0,1c.csv
3661,0,0,0,1e.csv
3661,0,0,0,1f.csv
3661,1,1,0,1g.csv
3661,2,1,1,1h.csv
3661,0,0,0,1i.csv
3661,2,2,0,1j.csv
3661,0,0,0,1k.csv
3661,3,3,0,1l.csv
3661,0,0,0,1m.csv
3661,2,2,0,2a.csv
3661,1,1,0,2b.csv
3661,0,0,0,2c.csv
3661,0,0,0,2d.csv
3661,0,0,0,2e.csv
3661,0,0,0,2f.csv
3661,0,0,0,2g.csv
3661,0,0,0,2h.csv
3661,0,0,0,2i.csv
3661,0,0,0,2j.csv
3661,0,0,0,2k.csv
3661,2,2,0,2l.csv
3661,4,3,1,3a.csv
3661,2,1,1,3b.csv
3661,2,2,0,3c.csv
3661,2,2,0,3d.csv
3661,12,11,1,3e.csv
3661,1,1,0,3f.csv
3661,1,1,0,3g.csv
3662,9,7,2,1a.csv
3662,1,1,0,1b.csv
3662,3,3,0,1c.csv
3662,0,0,0,1e.csv
3662,0,0,0,1f.csv
3662,1,1,0,1g.csv
3662,2,1,1,1h.csv
3662,0,0,0,1i.csv
3662,1,1,0,1j.csv
3662,0,0,0,1k.csv
3662,3,3,0,1l.csv
3662,0,0,0,1m.csv
3662,2,2,0,2a.csv
3662,1,1,0,2b.csv
3662,0,0,0,2c.csv
3662,0,0,0,2d.csv
3662,0,0,0,2e.csv
3662,0,0,0,2f.csv
3662,0,0,0,2g.csv
3662,0,0,0,2h.csv
3662,0,0,0,2i.csv
3662,0,0,0,2j.csv
3662,0,0,0,2k.csv
3662,3,2,1,2l.csv
3662,6,3,3,3a.csv
3662,2,1,1,3b.csv
3662,2,2,0,3c.csv
3662,2,2,0,3d.csv
3662,11,11,0,3e.csv
3662,1,1,0,3f.csv
3662,1,1,0,3g.csv
3663,8,7,1,1a.csv
3663,1,1,0,1b.csv
3663,3,3,0,1c.csv
3663,0,0,0,1e.csv
3663,0,0,0,1f.csv
3663,1,1,0,1g.csv
3663,1,1,0,1h.csv
3663,0,0,0,1i.csv
3663,1,1,0,1j.csv
3663,0,0,0,1k.csv
3663,3,3,0,1l.csv
3663,0,0,0,1m.csv
3663,0,0,0,2a.csv
3663,1,1,0,2b.csv
3663,0,0,0,2c.csv
3663,0,0,0,2d.csv
3663,0,0,0,2e.csv
3663,0,0,0,2f.csv
3663,0,0,0,2g.csv
3663,0,0,0,2h.csv
3663,0,0,0,2i.csv
3663,0,0,0,2j.csv
3663,0,0,0,2k.csv
3663,3,2,1,2l.csv
3663,6,3,3,3a.csv
3663,2,1,1,3b.csv
3663,2,2,0,3c.csv
3663,2,2,0,3d.csv
3663,11,11,0,3e.csv
3663,1,1,0,3f.csv
3663,2,1,1,3g.csv
3664,9,7,2,1a.csv
3664,2,1,1,1b.csv
3664,2,2,0,1c.csv
3664,0,0,0,1e.csv
3664,0,0,0,1f.csv
3664,1,1,0,1g.csv
3664,1,1,0,1h.csv
3664,0,0,0,1i.csv
3664,1,1,0,1j.csv
3664,0,0,0,1k.csv
3664,2,2,0,1l.csv
3664,0,0,0,1m.csv
3664,0,0,0,2a.csv
3664,1,1,0,2b.csv
3664,0,0,0,2c.csv
3664,0,0,0,2d.csv
3664,0,0,0,2e.csv
3664,0,0,0,2f.csv
3664,0,0,0,2g.csv
3664,0,0,0,2h.csv
3664,0,0,0,2i.csv
3664,0,0,0,2j.csv
3664,0,0,0,2k.csv
3664,2,1,1,2l.csv
3664,6,3,3,3a.csv
3664,5,3,2,3b.csv
3664,2,2,0,3c.csv
3664,2,2,0,3d.csv
3664,10,10,0,3e.csv
3664,1,1,0,3f.csv
3664,2,1,1,3g.csv
3665,10,8,2,1a.csv
3665,4,3,1,1b.csv
3665,3,3,0,1c.csv
3665,0,0,0,1e.csv
3665,0,0,0,1f.csv
3665,1,1,0,1g.csv
3665,1,1,0,1h.csv
3665,0,0,0,1i.csv
3665,1,1,0,1j.csv
3665,0,0,0,1k.csv
3665,2,2,0,1l.csv
3665,0,0,0,1m.csv
3665,0,0,0,2a.csv
3665,1,1,0,2b.csv
3665,0,0,0,2c.csv
3665,0,0,0,2d.csv
3665,0,0,0,2e.csv
3665,0,0,0,2f.csv
3665,0,0,0,2g.csv
3665,0,0,0,2h.csv
3665,0,0,0,2i.csv
3665,0,0,0,2j.csv
3665,0,0,0,2k.csv
3665,3,2,1,2l.csv
3665,7,4,3,3a.csv
3665,5,3,2,3b.csv
3665,2,2,0,3c.csv
3665,2,2,0,3d.csv
3665,10,9,1,3e.csv
3665,1,1,0,3f.csv
3665,3,2,1,3g.csv
3666,11,8,3,1a.csv
3666,4,3,1,1b.csv
3666,3,3,0,1c.csv
3666,0,0,0,1e.csv
3666,0,0,0,1f.csv
3666,1,1,0,1g.csv
3666,0,0,0,1h.csv
3666,0,0,0,1i.csv
3666,1,1,0,1j.csv
3666,0,0,0,1k.csv
3666,1,1,0,1l.csv
3666,0,0,0,1m.csv
3666,0,0,0,2a.csv
3666,1,1,0,2b.csv
3666,0,0,0,2c.csv
3666,0,0,0,2d.csv
3666,0,0,0,2e.csv
3666,0,0,0,2f.csv
3666,0,0,0,2g.csv
3666,0,0,0,2h.csv
3666,0,0,0,2i.csv
3666,0,0,0,2j.csv
3666,0,0,0,2k.csv
3666,3,2,1,2l.csv
3666,7,4,3,3a.csv
3666,8,4,4,3b.csv
3666,2,2,0,3c.csv
3666,2,2,0,3d.csv
3666,10,9,1,3e.csv
3666,1,1,0,3f.csv
3666,2,1,1,3g.csv
3667,10,7,3,1a.csv
3667,4,3,1,1b.csv
3667,3,3,0,1c.csv
3667,0,0,0,1e.csv
3667,0,0,0,1f.csv
3667,2,2,0,1g.csv
3667,0,0,0,1h.csv
3667,4,1,3,1i.csv
3667,1,1,0,1j.csv
3667,0,0,0,1k.csv
3667,1,1,0,1l.csv
3667,0,0,0,1m.csv
3667,0,0,0,2a.csv
3667,0,0,0,2b.csv
3667,0,0,0,2c.csv
3667,0,0,0,2d.csv
3667,0,0,0,2e.csv
3667,0,0,0,2f.csv
3667,0,0,0,2g.csv
3667,0,0,0,2h.csv
3667,0,0,0,2i.csv
3667,0,0,0,2j.csv
3667,0,0,0,2k.csv
3667,2,1,1,2l.csv
3667,6,4,2,3a.csv
3667,13,9,4,3b.csv
3667,1,1,0,3c.csv
3667,1,1,0,3d.csv
3667,8,7,1,3e.csv
3667,2,2,0,3f.csv
3667,3,2,1,3g.csv
3668,12,9,3,1a.csv
3668,5,4,1,1b.csv
3668,2,2,0,1c.csv
3668,0,0,0,1e.csv
3668,0,0,0,1f.csv
3668,2,2,0,1g.csv
3668,0,0,0,1h.csv
3668,4,1,3,1i.csv
3668,1,1,0,1j.csv
3668,0,0,0,1k.csv
3668,1,1,0,1l.csv
3668,0,0,0,1m.csv
3668,0,0,0,2a.csv
3668,1,0,1,2b.csv
3668,0,0,0,2c.csv
3668,0,0,0,2d.csv
3668,0,0,0,2e.csv
3668,0,0,0,2f.csv
3668,0,0,0,2g.csv
3668,0,0,0,2h.csv
3668,0,0,0,2i.csv
3668,0,0,0,2j.csv
3668,0,0,0,2k.csv
3668,2,1,1,2l.csv
3668,6,4,2,3a.csv
3668,17,12,5,3b.csv
3668,1,1,0,3c.csv
3668,1,1,0,3d.csv
3668,9,8,1,3e.csv
3668,1,1,0,3f.csv
3668,3,2,1,3g.csv
3669,11,8,3,1a.csv
3669,5,4,1,1b.csv
3669,2,2,0,1c.csv
3669,0,0,0,1e.csv
3669,0,0,0,1f.csv
3669,2,2,0,1g.csv
3669,0,0,0,1h.csv
3669,4,1,3,1i.csv
3669,1,1,0,1j.csv
3669,0,0,0,1k.csv
3669,0,0,0,1l.csv
3669,0,0,0,1m.csv
3669,0,0,0,2a.csv
3669,2,1,1,2b.csv
3669,0,0,0,2c.csv
3669,0,0,0,2d.csv
3669,0,0,0,2e.csv
3669,0,0,0,2f.csv
3669,0,0,0,2g.csv
3669,0,0,0,2h.csv
3669,0,0,0,2i.csv
3669,0,0,0,2j.csv
3669,0,0,0,2k.csv
3669,2,1,1,2l.csv
3669,4,2,2,3a.csv
3669,20,14,6,3b.csv
3669,0,0,0,3c.csv
3669,0,0,0,3d.csv
3669,9,8,1,3e.csv
3669,1,1,0,3f.csv
3669,4,3,1,3g.csv
3670,10,7,3,1a.csv
3670,6,5,1,1b.csv
3670,1,1,0,1c.csv
3670,0,0,0,1e.csv
3670,0,0,0,1f.csv
3670,2,2,0,1g.csv
3670,0,0,0,1h.csv
3670,4,1,3,1i.csv
3670,1,1,0,1j.csv
3670,0,0,0,1k.csv
3670,0,0,0,1l.csv
3670,0,0,0,1m.csv
3670,0,0,0,2a.csv
3670,2,1,1,2b.csv
3670,0,0,0,2c.csv
3670,0,0,0,2d.csv
3670,0,0,0,2e.csv
3670,0,0,0,2f.csv
3670,0,0,0,2g.csv
3670,0,0,0,2h.csv
3670,0,0,0,2i.csv
3670,0,0,0,2j.csv
3670,0,0,0,2k.csv
3670,1,1,0,2l.csv
3670,3,3,0,3a.csv
3670,24,16,8,3b.csv
3670,0,0,0,3c.csv
3670,0,0,0,3d.csv
3670,7,6,1,3e.csv
3670,1,1,0,3f.csv
3670,5,4,1,3g.csv
3671,11,8,3,1a.csv
3671,8,7,1,1b.csv
3671,2,1,1,1c.csv
3671,0,0,0,1e.csv
3671,0,0,0,1f.csv
3671,2,2,0,1g.csv
3671,0,0,0,1h.csv
3671,4,1,3,1i.csv
3671,1,1,0,1j.csv
3671,0,0,0,1k.csv
3671,0,0,0,1l.csv
3671,0,0,0,1m.csv
3671,1,1,0,2a.csv
3671,2,1,1,2b.csv
3671,0,0,0,2c.csv
3671,0,0,0,2d.csv
3671,0,0,0,2e.csv
3671,0,0,0,2f.csv
3671,0,0,0,2g.csv
3671,0,0,0,2h.csv
3671,0,0,0,2i.csv
3671,0,0,0,2j.csv
3671,0,0,0,2k.csv
3671,1,1,0,2l.csv
3671,3,3,0,3a.csv
3671,24,16,8,3b.csv
3671,0,0,0,3c.csv
3671,0,0,0,3d.csv
3671,6,5,1,3e.csv
3671,1,1,0,3f.csv
3671,4,4,0,3g.csv
3672,10,8,2,1a.csv
3672,7,7,0,1b.csv
3672,2,1,1,1c.csv
3672,0,0,0,1e.csv
3672,0,0,0,1f.csv
3672,2,2,0,1g.csv
3672,0,0,0,1h.csv
3672,5,2,3,1i.csv
3672,1,1,0,1j.csv
3672,0,0,0,1k.csv
3672,0,0,0,1l.csv
3672,0,0,0,1m.csv
3672,1,1,0,2a.csv
3672,2,1,1,2b.csv
3672,0,0,0,2c.csv
3672,0,0,0,2d.csv
3672,0,0,0,2e.csv
3672,0,0,0,2f.csv
3672,0,0,0,2g.csv
3672,0,0,0,2h.csv
3672,0,0,0,2i.csv
3672,0,0,0,2j.csv
3672,0,0,0,2k.csv
3672,1,1,0,2l.csv
3672,3,3,0,3a.csv
3672,22,15,7,3b.csv
3672,0,0,0,3c.csv
3672,0,0,0,3d.csv
3672,6,5,1,3e.csv
3672,1,1,0,3f.csv
3672,5,5,0,3g.csv
3673,7,5,2,1a.csv
3673,4,4,0,1b.csv
3673,2,1,1,1c.csv
3673,0,0,0,1e.csv
3673,0,0,0,1f.csv
3673,1,1,0,1g.csv
3673,0,0,0,1h.csv
3673,5,2,3,1i.csv
3673,1,1,0,1j.csv
3673,0,0,0,1k.csv
3673,0,0,0,1l.csv
3673,0,0,0,1m.csv
3673,1,1,0,2a.csv
3673,2,1,1,2b.csv
3673,0,0,0,2c.csv
3673,0,0,0,2d.csv
3673,0,0,0,2e.csv
3673,0,0,0,2f.csv
3673,0,0,0,2g.csv
3673,0,0,0,2h.csv
3673,0,0,0,2i.csv
3673,0,0,0,2j.csv
3673,0,0,0,2k.csv
3673,0,0,0,2l.csv
3673,4,3,1,3a.csv
3673,22,16,6,3b.csv
3673,0,0,0,3c.csv
3673,0,0,0,3d.csv
3673,4,4,0,3e.csv
3673,1,1,0,3f.csv
3673,4,4,0,3g.csv
3674,7,5,2,1a.csv
3674,4,4,0,1b.csv
3674,2,1,1,1c.csv
3674,0,0,0,1e.csv
3674,0,0,0,1f.csv
3674,1,1,0,1g.csv
3674,0,0,0,1h.csv
3674,5,2,3,1i.csv
3674,2,2,0,1j.csv
3674,0,0,0,1k.csv
3674,0,0,0,1l.csv
3674,0,0,0,1m.csv
3674,1,1,0,2a.csv
3674,3,2,1,2b.csv
3674,0,0,0,2c.csv
3674,0,0,0,2d.csv
3674,1,1,0,2e.csv
3674,0,0,0,2f.csv
3674,0,0,0,2g.csv
3674,0,0,0,2h.csv
3674,0,0,0,2i.csv
3674,0,0,0,2j.csv
3674,0,0,0,2k.csv
3674,0,0,0,2l.csv
3674,5,4,1,3a.csv
3674,21,16,5,3b.csv
3674,0,0,0,3c.csv
3674,0,0,0,3d.csv
3674,4,4,0,3e.csv
3674,2,2,0,3f.csv
3674,5,5,0,3g.csv
3675,6,5,1,1a.csv
3675,5,5,0,1b.csv
3675,2,1,1,1c.csv
3675,2,1,1,1e.csv
3675,0,0,0,1f.csv
3675,0,0,0,1g.csv
3675,0,0,0,1h.csv
3675,1,1,0,1i.csv
3675,3,3,0,1j.csv
3675,0,0,0,1k.csv
3675,0,0,0,1l.csv
3675,0,0,0,1m.csv
3675,1,1,0,2a.csv
3675,3,2,1,2b.csv
3675,1,1,0,2c.csv
3675,0,0,0,2d.csv
3675,1,1,0,2e.csv
3675,0,0,0,2f.csv
3675,0,0,0,2g.csv
3675,0,0,0,2h.csv
3675,0,0,0,2i.csv
3675,0,0,0,2j.csv
3675,0,0,0,2k.csv
3675,0,0,0,2l.csv
3675,5,4,1,3a.csv
3675,17,12,5,3b.csv
3675,0,0,0,3c.csv
3675,0,0,0,3d.csv
3675,5,5,0,3e.csv
3675,2,2,0,3f.csv
3675,4,4,0,3g.csv
3676,4,3,1,1a.csv
3676,4,4,0,1b.csv
3676,2,1,1,1c.csv
3676,2,1,1,1e.csv
3676,0,0,0,1f.csv
3676,0,0,0,1g.csv
3676,0,0,0,1h.csv
3676,1,1,0,1i.csv
3676,3,3,0,1j.csv
3676,0,0,0,1k.csv
3676,0,0,0,1l.csv
3676,0,0,0,1m.csv
3676,1,1,0,2a.csv
3676,2,2,0,2b.csv
3676,1,1,0,2c.csv
3676,0,0,0,2d.csv
3676,1,1,0,2e.csv
3676,0,0,0,2f.csv
3676,0,0,0,2g.csv
3676,0,0,0,2h.csv
3676,0,0,0,2i.csv
3676,0,0,0,2j.csv
3676,0,0,0,2k.csv
3676,0,0,0,2l.csv
3676,5,4,1,3a.csv
3676,14,9,5,3b.csv
3676,0,0,0,3c.csv
3676,0,0,0,3d.csv
3676,4,4,0,3e.csv
3676,3,3,0,3f.csv
3676,4,4,0,3g.csv
3677,5,4,1,1a.csv
3677,4,4,0,1b.csv
3677,2,1,1,1c.csv
3677,3,2,1,1e.csv
3677,0,0,0,1f.csv
3677,0,0,0,1g.csv
3677,0,0,0,1h.csv
3677,1,1,0,1i.csv
3677,3,3,0,1j.csv
3677,0,0,0,1k.csv
3677,0,0,0,1l.csv
3677,0,0,0,1m.csv
3677,1,1,0,2a.csv
3677,1,1,0,2b.csv
3677,1,1,0,2c.csv
3677,0,0,0,2d.csv
3677,2,2,0,2e.csv
3677,0,0,0,2f.csv
3677,0,0,0,2g.csv
3677,0,0,0,2h.csv
3677,0,0,0,2i.csv
3677,0,0,0,2j.csv
3677,0,0,0,2k.csv
3677,1,1,0,2l.csv
3677,5,4,1,3a.csv
3677,12,8,4,3b.csv
3677,0,0,0,3c.csv
3677,0,0,0,3d.csv
3677,4,4,0,3e.csv
3677,4,4,0,3f.csv
3677,3,3,0,3g.csv
3678,5,4,1,1a.csv
3678,3,3,0,1b.csv
3678,3,2,1,1c.csv
3678,3,2,1,1e.csv
3678,0,0,0,1f.csv
3678,0,0,0,1g.csv
3678,0,0,0,1h.csv
3678,1,1,0,1i.csv
3678,3,3,0,1j.csv
3678,0,0,0,1k.csv
3678,0,0,0,1l.csv
3678,0,0,0,1m.csv
3678,1,1,0,2a.csv
3678,1,1,0,2b.csv
3678,1,1,0,2c.csv
3678,0,0,0,2d.csv
3678,2,2,0,2e.csv
3678,0,0,0,2f.csv
3678,0,0,0,2g.csv
3678,0,0,0,2h.csv
3678,0,0,0,2i.csv
3678,0,0,0,2j.csv
3678,0,0,0,2k.csv
3678,2,2,0,2l.csv
3678,4,3,1,3a.csv
3678,9,7,2,3b.csv
3678,0,0,0,3c.csv
3678,0,0,0,3d.csv
3678,4,4,0,3e.csv
3678,4,4,0,3f.csv
3678,3,3,0,3g.csv
3679,4,3,1,1a.csv
3679,1,1,0,1b.csv
3679,2,2,0,1c.csv
3679,3,2,1,1e.csv
3679,0,0,0,1f.csv
3679,0,0,0,1g.csv
3679,0,0,0,1h.csv
3679,1,1,0,1i.csv
3679,3,3,0,1j.csv
3679,0,0,0,1k.csv
3679,0,0,0,1l.csv
3679,0,0,0,1m.csv
3679,1,1,0,2a.csv
3679,1,1,0,2b.csv
3679,1,1,0,2c.csv
3679,0,0,0,2d.csv
3679,2,2,0,2e.csv
3679,0,0,0,2f.csv
3679,0,0,0,2g.csv
3679,0,0,0,2h.csv
3679,0,0,0,2i.csv
3679,1,1,0,2j.csv
3679,0,0,0,2k.csv
3679,2,2,0,2l.csv
3679,4,3,1,3a.csv
3679,13,11,2,3b.csv
3679,0,0,0,3c.csv
3679,0,0,0,3d.csv
3679,4,4,0,3e.csv
3679,4,4,0,3f.csv
3679,4,4,0,3g.csv
3680,4,3,1,1a.csv
3680,1,1,0,1b.csv
3680,2,2,0,1c.csv
3680,3,2,1,1e.csv
3680,0,0,0,1f.csv
3680,0,0,0,1g.csv
3680,0,0,0,1h.csv
3680,0,0,0,1i.csv
3680,2,2,0,1j.csv
3680,1,1,0,1k.csv
3680,1,1,0,1l.csv
3680,0,0,0,1m.csv
3680,1,1,0,2a.csv
3680,1,1,0,2b.csv
3680,1,1,0,2c.csv
3680,0,0,0,2d.csv
3680,2,2,0,2e.csv
3680,0,0,0,2f.csv
3680,0,0,0,2g.csv
3680,0,0,0,2h.csv
3680,0,0,0,2i.csv
3680,1,1,0,2j.csv
3680,0,0,0,2k.csv
3680,2,2,0,2l.csv
3680,4,3,1,3a.csv
3680,14,11,3,3b.csv
3680,0,0,0,3c.csv
3680,0,0,0,3d.csv
3680,2,2,0,3e.csv
3680,4,4,0,3f.csv
3680,4,4,0,3g.csv
3681,4,3,1,1a.csv
3681,1,1,0,1b.csv
3681,1,1,0,1c.csv
3681,3,2,1,1e.csv
3681,0,0,0,1f.csv
3681,0,0,0,1g.csv
3681,0,0,0,1h.csv
3681,0,0,0,1i.csv
3681,3,2,1,1j.csv
3681,1,1,0,1k.csv
3681,1,1,0,1l.csv
3681,0,0,0,1m.csv
3681,1,1,0,2a.csv
3681,1,1,0,2b.csv
3681,1,1,0,2c.csv
3681,0,0,0,2d.csv
3681,2,2,0,2e.csv
3681,0,0,0,2f.csv
3681,0,0,0,2g.csv
3681,0,0,0,2h.csv
3681,0,0,0,2i.csv
3681,1,1,0,2j.csv
3681,0,0,0,2k.csv
3681,2,2,0,2l.csv
3681,3,2,1,3a.csv
3681,15,11,4,3b.csv
3681,0,0,0,3c.csv
3681,0,0,0,3d.csv
3681,2,2,0,3e.csv
3681,4,4,0,3f.csv
3681,5,5,0,3g.csv
3682,5,5,0,1a.csv
3682,1,1,0,1b.csv
3682,1,1,0,1c.csv
3682,3,2,1,1e.csv
3682,1,1,0,1f.csv
3682,0,0,0,1g.csv
3682,0,0,0,1h.csv
3682,0,0,0,1i.csv
3682,2,1,1,1j.csv
3682,1,1,0,1k.csv
3682,1,1,0,1l.csv
3682,0,0,0,1m.csv
3682,1,1,0,2a.csv
3682,1,1,0,2b.csv
3682,1,1,0,2c.csv
3682,0,0,0,2d.csv
3682,1,1,0,2e.csv
3682,0,0,0,2f.csv
3682,0,0,0,2g.csv
3682,0,0,0,2h.csv
3682,0,0,0,2i.csv
3682,1,1,0,2j.csv
3682,0,0,0,2k.csv
3682,3,3,0,2l.csv
3682,2,1,1,3a.csv
3682,15,12,3,3b.csv
3682,0,0,0,3c.csv
3682,0,0,0,3d.csv
3682,1,1,0,3e.csv
3682,3,3,0,3f.csv
3682,5,5,0,3g.csv
3683,6,5,1,1a.csv
3683,0,0,0,1b.csv
3683,1,1,0,1c.csv
3683,1,1,0,1e.csv
3683,1,1,0,1f.csv
3683,0,0,0,1g.csv
3683,0,0,0,1h.csv
3683,0,0,0,1i.csv
3683,3,2,1,1j.csv
3683,1,1,0,1k.csv
3683,2,1,1,1l.csv
3683,0,0,0,1m.csv
3683,1,1,0,2a.csv
3683,1,1,0,2b.csv
3683,0,0,0,2c.csv
3683,0,0,0,2d.csv
3683,1,1,0,2e.csv
3683,0,0,0,2f.csv
3683,0,0,0,2g.csv
3683,0,0,0,2h.csv
3683,0,0,0,2i.csv
3683,1,1,0,2j.csv
3683,0,0,0,2k.csv
3683,3,3,0,2l.csv
3683,2,1,1,3a.csv
3683,15,12,3,3b.csv
3683,2,2,0,3c.csv
3683,2,2,0,3d.csv
3683,0,0,0,3e.csv
3683,2,2,0,3f.csv
3683,6,6,0,3g.csv
3684,7,6,1,1a.csv
3684,0,0,0,1b.csv
3684,2,2,0,1c.csv
3684,1,1,0,1e.csv
3684,1,1,0,1f.csv
3684,0,0,0,1g.csv
3684,0,0,0,1h.csv
3684,0,0,0,1i.csv
3684,3,2,1,1j.csv
3684,1,1,0,1k.csv
3684,2,1,1,1l.csv
3684,0,0,0,1m.csv
3684,1,1,0,2a.csv
3684,1,1,0,2b.csv
3684,0,0,0,2c.csv
3684,0,0,0,2d.csv
3684,1,1,0,2e.csv
3684,0,0,0,2f.csv
3684,0,0,0,2g.csv
3684,0,0,0,2h.csv
3684,0,0,0,2i.csv
3684,1,1,0,2j.csv
3684,0,0,0,2k.csv
3684,3,3,0,2l.csv
3684,2,1,1,3a.csv
3684,15,12,3,3b.csv
3684,2,2,0,3c.csv
3684,2,2,0,3d.csv
3684,0,0,0,3e.csv
3684,1,1,0,3f.csv
3684,8,8,0,3g.csv
3685,7,6,1,1a.csv
3685,0,0,0,1b.csv
3685,2,2,0,1c.csv
3685,0,0,0,1e.csv
3685,1,1,0,1f.csv
3685,0,0,0,1g.csv
3685,0,0,0,1h.csv
3685,0,0,0,1i.csv
3685,3,2,1,1j.csv
3685,1,1,0,1k.csv
3685,2,1,1,1l.csv
3685,0,0,0,1m.csv
3685,1,1,0,2a.csv
3685,1,1,0,2b.csv
3685,0,0,0,2c.csv
3685,0,0,0,2d.csv
3685,0,0,0,2e.csv
3685,0,0,0,2f.csv
3685,0,0,0,2g.csv
3685,0,0,0,2h.csv
3685,0,0,0,2i.csv
3685,1,1,0,2j.csv
3685,0,0,0,2k.csv
3685,2,2,0,2l.csv
3685,2,1,1,3a.csv
3685,16,12,4,3b.csv
3685,2,2,0,3c.csv
3685,2,2,0,3d.csv
3685,4,4,0,3e.csv
3685,0,0,0,3f.csv
3685,8,8,0,3g.csv
3686,7,6,1,1a.csv
3686,0,0,0,1b.csv
3686,1,1,0,1c.csv
3686,0,0,0,1e.csv
3686,1,1,0,1f.csv
3686,0,0,0,1g.csv
3686,0,0,0,1h.csv
3686,0,0,0,1i.csv
3686,3,2,1,1j.csv
3686,1,1,0,1k.csv
3686,4,2,2,1l.csv
3686,0,0,0,1m.csv
3686,1,1,0,2a.csv
3686,1,1,0,2b.csv
3686,0,0,0,2c.csv
3686,0,0,0,2d.csv
3686,0,0,0,2e.csv
3686,0,0,0,2f.csv
3686,0,0,0,2g.csv
3686,0,0,0,2h.csv
3686,0,0,0,2i.csv
3686,1,1,0,2j.csv
3686,0,0,0,2k.csv
3686,1,1,0,2l.csv
3686,3,2,1,3a.csv
3686,16,11,5,3b.csv
3686,2,2,0,3c.csv
3686,2,2,0,3d.csv
3686,4,4,0,3e.csv
3686,0,0,0,3f.csv
3686,7,7,0,3g.csv
3687,8,7,1,1a.csv
3687,0,0,0,1b.csv
3687,2,2,0,1c.csv
3687,0,0,0,1e.csv
3687,1,1,0,1f.csv
3687,1,1,0,1g.csv
3687,0,0,0,1h.csv
3687,1,0,1,1i.csv
3687,3,2,1,1j.csv
3687,1,1,0,1k.csv
3687,5,3,2,1l.csv
3687,0,0,0,1m.csv
3687,0,0,0,2a.csv
3687,1,1,0,2b.csv
3687,0,0,0,2c.csv
3687,0,0,0,2d.csv
3687,0,0,0,2e.csv
3687,0,0,0,2f.csv
3687,0,0,0,2g.csv
3687,0,0,0,2h.csv
3687,0,0,0,2i.csv
3687,0,0,0,2j.csv
3687,0,0,0,2k.csv
3687,1,1,0,2l.csv
3687,5,4,1,3a.csv
3687,12,7,5,3b.csv
3687,5,3,2,3c.csv
3687,5,3,2,3d.csv
3687,5,5,0,3e.csv
3687,1,1,0,3f.csv
3687,6,6,0,3g.csv
3688,8,7,1,1a.csv
3688,0,0,0,1b.csv
3688,3,3,0,1c.csv
3688,0,0,0,1e.csv
3688,1,1,0,1f.csv
3688,1,1,0,1g.csv
3688,0,0,0,1h.csv
3688,2,1,1,1i.csv
3688,3,2,1,1j.csv
3688,0,0,0,1k.csv
3688,5,3,2,1l.csv
3688,0,0,0,1m.csv
3688,0,0,0,2a.csv
3688,1,1,0,2b.csv
3688,0,0,0,2c.csv
3688,0,0,0,2d.csv
3688,0,0,0,2e.csv
3688,0,0,0,2f.csv
3688,0,0,0,2g.csv
3688,0,0,0,2h.csv
3688,0,0,0,2i.csv
3688,0,0,0,2j.csv
3688,0,0,0,2k.csv
3688,1,1,0,2l.csv
3688,6,5,1,3a.csv
3688,10,6,4,3b.csv
3688,5,3,2,3c.csv
3688,5,3,2,3d.csv
3688,6,6,0,3e.csv
3688,1,1,0,3f.csv
3688,8,8,0,3g.csv
3689,8,7,1,1a.csv
3689,0,0,0,1b.csv
3689,3,3,0,1c.csv
3689,0,0,0,1e.csv
3689,1,1,0,1f.csv
3689,1,1,0,1g.csv
3689,0,0,0,1h.csv
3689,2,1,1,1i.csv
3689,2,2,0,1j.csv
3689,0,0,0,1k.csv
3689,7,5,2,1l.csv
3689,0,0,0,1m.csv
3689,0,0,0,2a.csv
3689,2,2,0,2b.csv
3689,0,0,0,2c.csv
3689,0,0,0,2d.csv
3689,0,0,0,2e.csv
3689,0,0,0,2f.csv
3689,0,0,0,2g.csv
3689,0,0,0,2h.csv
3689,0,0,0,2i.csv
3689,0,0,0,2j.csv
3689,0,0,0,2k.csv
3689,1,1,0,2l.csv
3689,4,4,0,3a.csv
3689,11,7,4,3b.csv
3689,5,3,2,3c.csv
3689,5,3,2,3d.csv
3689,7,7,0,3e.csv
3689,1,1,0,3f.csv
3689,7,7,0,3g.csv
3690,7,6,1,1a.csv
3690,0,0,0,1b.csv
3690,3,3,0,1c.csv
3690,0,0,0,1e.csv
3690,0,0,0,1f.csv
3690,1,1,0,1g.csv
3690,0,0,0,1h.csv
3690,2,1,1,1i.csv
3690,2,2,0,1j.csv
3690,0,0,0,1k.csv
3690,7,5,2,1l.csv
3690,0,0,0,1m.csv
3690,0,0,0,2a.csv
3690,1,1,0,2b.csv
3690,0,0,0,2c.csv
3690,0,0,0,2d.csv
3690,0,0,0,2e.csv
3690,0,0,0,2f.csv
3690,0,0,0,2g.csv
3690,0,0,0,2h.csv
3690,0,0,0,2i.csv
3690,0,0,0,2j.csv
3690,0,0,0,2k.csv
3690,0,0,0,2l.csv
3690,5,4,1,3a.csv
3690,9,5,4,3b.csv
3690,5,3,2,3c.csv
3690,5,3,2,3d.csv
3690,7,7,0,3e.csv
3690,1,1,0,3f.csv
3690,6,6,0,3g.csv
3691,7,7,0,1a.csv
3691,0,0,0,1b.csv
3691,3,3,0,1c.csv
3691,0,0,0,1e.csv
3691,0,0,0,1f.csv
3691,1,1,0,1g.csv
3691,0,0,0,1h.csv
3691,2,1,1,1i.csv
3691,0,0,0,1j.csv
3691,0,0,0,1k.csv
3691,6,5,1,1l.csv
3691,1,0,1,1m.csv
3691,0,0,0,2a.csv
3691,1,1,0,2b.csv
3691,0,0,0,2c.csv
3691,0,0,0,2d.csv
3691,0,0,0,2e.csv
3691,0,0,0,2f.csv
3691,0,0,0,2g.csv
3691,0,0,0,2h.csv
3691,0,0,0,2i.csv
3691,0,0,0,2j.csv
3691,0,0,0,2k.csv
3691,0,0,0,2l.csv
3691,6,5,1,3a.csv
3691,8,4,4,3b.csv
3691,4,2,2,3c.csv
3691,4,2,2,3d.csv
3691,7,7,0,3e.csv
3691,2,2,0,3f.csv
3691,5,5,0,3g.csv
3692,6,6,0,1a.csv
3692,0,0,0,1b.csv
3692,2,2,0,1c.csv
3692,0,0,0,1e.csv
3692,0,0,0,1f.csv
3692,1,1,0,1g.csv
3692,0,0,0,1h.csv
3692,2,1,1,1i.csv
3692,0,0,0,1j.csv
3692,0,0,0,1k.csv
3692,7,6,1,1l.csv
3692,1,0,1,1m.csv
3692,0,0,0,2a.csv
3692,1,1,0,2b.csv
3692,0,0,0,2c.csv
3692,0,0,0,2d.csv
3692,0,0,0,2e.csv
3692,0,0,0,2f.csv
3692,0,0,0,2g.csv
3692,0,0,0,2h.csv
3692,0,0,0,2i.csv
3692,0,0,0,2j.csv
3692,0,0,0,2k.csv
3692,0,0,0,2l.csv
3692,6,5,1,3a.csv
3692,10,6,4,3b.csv
3692,4,2,2,3c.csv
3692,4,2,2,3d.csv
3692,8,8,0,3e.csv
3692,3,3,0,3f.csv
3692,3,3,0,3g.csv
3693,6,6,0,1a.csv
3693,0,0,0,1b.csv
3693,2,2,0,1c.csv
3693,0,0,0,1e.csv
3693,0,0,0,1f.csv
3693,1,1,0,1g.csv
3693,0,0,0,1h.csv
3693,2,1,1,1i.csv
3693,0,0,0,1j.csv
3693,0,0,0,1k.csv
3693,7,6,1,1l.csv
3693,1,0,1,1m.csv
3693,0,0,0,2a.csv
3693,1,1,0,2b.csv
3693,0,0,0,2c.csv
3693,0,0,0,2d.csv
3693,0,0,0,2e.csv
3693,0,0,0,2f.csv
3693,0,0,0,2g.csv
3693,0,0,0,2h.csv
3693,0,0,0,2i.csv
3693,0,0,0,2j.csv
3693,0,0,0,2k.csv
3693,0,0,0,2l.csv
3693,7,6,1,3a.csv
3693,9,5,4,3b.csv
3693,5,3,2,3c.csv
3693,5,3,2,3d.csv
3693,4,4,0,3e.csv
3693,3,3,0,3f.csv
3693,3,3,0,3g.csv
3694,6,6,0,1a.csv
3694,0,0,0,1b.csv
3694,2,2,0,1c.csv
3694,0,0,0,1e.csv
3694,0,0,0,1f.csv
3694,1,1,0,1g.csv
3694,0,0,0,1h.csv
3694,2,1,1,1i.csv
3694,0,0,0,1j.csv
3694,0,0,0,1k.csv
3694,7,7,0,1l.csv
3694,1,0,1,1m.csv
3694,0,0,0,2a.csv
3694,2,2,0,2b.csv
3694,0,0,0,2c.csv
3694,0,0,0,2d.csv
3694,0,0,0,2e.csv
3694,0,0,0,2f.csv
3694,0,0,0,2g.csv
3694,0,0,0,2h.csv
3694,0,0,0,2i.csv
3694,0,0,0,2j.csv
3694,0,0,0,2k.csv
3694,0,0,0,2l.csv
3694,9,6,3,3a.csv
3694,8,5,3,3b.csv
3694,10,8,2,3c.csv
3694,10,8,2,3d.csv
3694,5,5,0,3e.csv
3694,3,3,0,3f.csv
3694,3,3,0,3g.csv
3695,4,4,0,1a.csv
3695,0,0,0,1b.csv
3695,1,1,0,1c.csv
3695,0,0,0,1e.csv
3695,0,0,0,1f.csv
3695,0,0,0,1g.csv
3695,0,0,0,1h.csv
3695,1,1,0,1i.csv
3695,0,0,0,1j.csv
3695,0,0,0,1k.csv
3695,8,7,1,1l.csv
3695,1,0,1,1m.csv
3695,1,1,0,2a.csv
3695,2,2,0,2b.csv
3695,0,0,0,2c.csv
3695,0,0,0,2d.csv
3695,0,0,0,2e.csv
3695,0,0,0,2f.csv
3695,0,0,0,2g.csv
3695,0,0,0,2h.csv
3695,0,0,0,2i.csv
3695,0,0,0,2j.csv
3695,0,0,0,2k.csv
3695,0,0,0,2l.csv
3695,9,6,3,3a.csv
3695,8,5,3,3b.csv
3695,11,10,1,3c.csv
3695,11,10,1,3d.csv
3695,4,4,0,3e.csv
3695,3,3,0,3f.csv
3695,3,3,0,3g.csv
3696,4,4,0,1a.csv
3696,0,0,0,1b.csv
3696,0,0,0,1c.csv
3696,0,0,0,1e.csv
3696,0,0,0,1f.csv
3696,0,0,0,1g.csv
3696,0,0,0,1h.csv
3696,0,0,0,1i.csv
3696,0,0,0,1j.csv
3696,0,0,0,1k.csv
3696,7,6,1,1l.csv
3696,1,0,1,1m.csv
3696,1,1,0,2a.csv
3696,3,3,0,2b.csv
3696,0,0,0,2c.csv
3696,0,0,0,2d.csv
3696,1,1,0,2e.csv
3696,0,0,0,2f.csv
3696,0,0,0,2g.csv
3696,0,0,0,2h.csv
3696,0,0,0,2i.csv
3696,0,0,0,2j.csv
3696,0,0,0,2k.csv
3696,0,0,0,2l.csv
3696,8,5,3,3a.csv
3696,9,6,3,3b.csv
3696,11,10,1,3c.csv
3696,11,10,1,3d.csv
3696,3,3,0,3e.csv
3696,3,3,0,3f.csv
3696,0,0,0,3g.csv
3697,3,3,0,1a.csv
3697,0,0,0,1b.csv
3697,0,0,0,1c.csv
3697,0,0,0,1e.csv
3697,0,0,0,1f.csv
3697,0,0,0,1g.csv
3697,0,0,0,1h.csv
3697,0,0,0,1i.csv
3697,0,0,0,1j.csv
3697,0,0,0,1k.csv
3697,5,4,1,1l.csv
3697,1,0,1,1m.csv
3697,1,1,0,2a.csv
3697,2,2,0,2b.csv
3697,0,0,0,2c.csv
3697,0,0,0,2d.csv
3697,1,1,0,2e.csv
3697,0,0,0,2f.csv
3697,0,0,0,2g.csv
3697,0,0,0,2h.csv
3697,0,0,0,2i.csv
3697,0,0,0,2j.csv
3697,0,0,0,2k.csv
3697,0,0,0,2l.csv
3697,8,5,3,3a.csv
3697,6,4,2,3b.csv
3697,14,12,2,3c.csv
3697,14,12,2,3d.csv
3697,2,2,0,3e.csv
3697,3,3,0,3f.csv
3697,0,0,0,3g.csv
3698,4,4,0,1a.csv
3698,1,1,0,1b.csv
3698,0,0,0,1c.csv
3698,0,0,0,1e.csv
3698,0,0,0,1f.csv
3698,0,0,0,1g.csv
3698,0,0,0,1h.csv
3698,0,0,0,1i.csv
3698,0,0,0,1j.csv
3698,0,0,0,1k.csv
3698,5,4,1,1l.csv
3698,1,0,1,1m.csv
3698,1,1,0,2a.csv
3698,3,3,0,2b.csv
3698,0,0,0,2c.csv
3698,1,1,0,2d.csv
3698,1,1,0,2e.csv
3698,0,0,0,2f.csv
3698,0,0,0,2g.csv
3698,0,0,0,2h.csv
3698,0,0,0,2i.csv
3698,0,0,0,2j.csv
3698,0,0,0,2k.csv
3698,0,0,0,2l.csv
3698,8,6,2,3a.csv
3698,8,6,2,3b.csv
3698,16,14,2,3c.csv
3698,16,14,2,3d.csv
3698,3,3,0,3e.csv
3698,3,3,0,3f.csv
3698,0,0,0,3g.csv
3699,3,3,0,1a.csv
3699,1,1,0,1b.csv
3699,0,0,0,1c.csv
3699,0,0,0,1e.csv
3699,0,0,0,1f.csv
3699,0,0,0,1g.csv
3699,0,0,0,1h.csv
3699,0,0,0,1i.csv
3699,0,0,0,1j.csv
3699,0,0,0,1k.csv
3699,6,5,1,1l.csv
3699,0,0,0,1m.csv
3699,1,1,0,2a.csv
3699,3,3,0,2b.csv
3699,0,0,0,2c.csv
3699,1,1,0,2d.csv
3699,1,1,0,2e.csv
3699,0,0,0,2f.csv
3699,0,0,0,2g.csv
3699,0,0,0,2h.csv
3699,0,0,0,2i.csv
3699,0,0,0,2j.csv
3699,0,0,0,2k.csv
3699,0,0,0,2l.csv
3699,7,5,2,3a.csv
3699,9,7,2,3b.csv
3699,17,14,3,3c.csv
3699,17,14,3,3d.csv
3699,3,3,0,3e.csv
3699,2,2,0,3f.csv
3699,0,0,0,3g.csv
3700,4,4,0,1a.csv
3700,1,1,0,1b.csv
3700,0,0,0,1c.csv
3700,0,0,0,1e.csv
3700,0,0,0,1f.csv
3700,0,0,0,1g.csv
3700,0,0,0,1h.csv
3700,0,0,0,1i.csv
3700,0,0,0,1j.csv
3700,0,0,0,1k.csv
3700,5,4,1,1l.csv
3700,0,0,0,1m.csv
3700,1,1,0,2a.csv
3700,3,3,0,2b.csv
3700,0,0,0,2c.csv
3700,1,1,0,2d.csv
3700,1,1,0,2e.csv
3700,0,0,0,2f.csv
3700,0,0,0,2g.csv
3700,0,0,0,2h.csv
3700,0,0,0,2i.csv
3700,0,0,0,2j.csv
3700,0,0,0,2k.csv
3700,0,0,0,2l.csv
3700,8,5,3,3a.csv
3700,6,5,1,3b.csv
3700,21,18,3,3c.csv
3700,21,18,3,3d.csv
3700,3,3,0,3e.csv
3700,1,1,0,3f.csv
3700,0,0,0,3g.csv
3701,3,3,0,1a.csv
3701,1,1,0,1b.csv
3701,0,0,0,1c.csv
3701,0,0,0,1e.csv
3701,0,0,0,1f.csv
3701,0,0,0,1g.csv
3701,0,0,0,1h.csv
3701,0,0,0,1i.csv
3701,0,0,0,1j.csv
3701,0,0,0,1k.csv
3701,5,4,1,1l.csv
3701,0,0,0,1m.csv
3701,1,1,0,2a.csv
3701,3,3,0,2b.csv
3701,0,0,0,2c.csv
3701,1,1,0,2d.csv
3701,1,1,0,2e.csv
3701,0,0,0,2f.csv
3701,0,0,0,2g.csv
3701,0,0,0,2h.csv
3701,0,0,0,2i.csv
3701,0,0,0,2j.csv
3701,0,0,0,2k.csv
3701,0,0,0,2l.csv
3701,8,4,4,3a.csv
3701,5,5,0,3b.csv
3701,25,22,3,3c.csv
3701,25,22,3,3d.csv
3701,4,4,0,3e.csv
3701,1,1,0,3f.csv
3701,0,0,0,3g.csv
3702,5,5,0,1a.csv
3702,1,1,0,1b.csv
3702,0,0,0,1c.csv
3702,0,0,0,1e.csv
3702,0,0,0,1f.csv
3702,0,0,0,1g.csv
3702,0,0,0,1h.csv
3702,0,0,0,1i.csv
3702,1,1,0,1j.csv
3702,0,0,0,1k.csv
3702,4,2,2,1l.csv
3702,0,0,0,1m.csv
3702,1,1,0,2a.csv
3702,3,2,1,2b.csv
3702,0,0,0,2c.csv
3702,1,1,0,2d.csv
3702,1,1,0,2e.csv
3702,0,0,0,2f.csv
3702,0,0,0,2g.csv
3702,0,0,0,2h.csv
3702,0,0,0,2i.csv
3702,0,0,0,2j.csv
3702,0,0,0,2k.csv
3702,0,0,0,2l.csv
3702,9,4,5,3a.csv
3702,6,6,0,3b.csv
3702,21,17,4,3c.csv
3702,21,17,4,3d.csv
3702,3,3,0,3e.csv
3702,1,1,0,3f.csv
3702,2,2,0,3g.csv
3703,7,7,0,1a.csv
3703,1,1,0,1b.csv
3703,0,0,0,1c.csv
3703,0,0,0,1e.csv
3703,0,0,0,1f.csv
3703,0,0,0,1g.csv
3703,0,0,0,1h.csv
3703,0,0,0,1i.csv
3703,1,1,0,1j.csv
3703,0,0,0,1k.csv
3703,3,2,1,1l.csv
3703,0,0,0,1m.csv
3703,0,0,0,2a.csv
3703,3,2,1,2b.csv
3703,0,0,0,2c.csv
3703,2,2,0,2d.csv
3703,1,1,0,2e.csv
3703,0,0,0,2f.csv
3703,0,0,0,2g.csv
3703,0,0,0,2h.csv
3703,0,0,0,2i.csv
3703,0,0,0,2j.csv
3703,0,0,0,2k.csv
3703,0,0,0,2l.csv
3703,9,2,7,3a.csv
3703,6,6,0,3b.csv
3703,18,15,3,3c.csv
3703,18,15,3,3d.csv
3703,3,3,0,3e.csv
3703,1,1,0,3f.csv
3703,2,2,0,3g.csv
3704,9,9,0,1a.csv
3704,1,1,0,1b.csv
3704,0,0,0,1c.csv
3704,0,0,0,1e.csv
3704,0,0,0,1f.csv
3704,0,0,0,1g.csv
3704,0,0,0,1h.csv
3704,0,0,0,1i.csv
3704,1,1,0,1j.csv
3704,0,0,0,1k.csv
3704,5,3,2,1l.csv
3704,0,0,0,1m.csv
3704,0,0,0,2a.csv
3704,2,1,1,2b.csv
3704,0,0,0,2c.csv
3704,2,2,0,2d.csv
3704,0,0,0,2e.csv
3704,0,0,0,2f.csv
3704,0,0,0,2g.csv
3704,0,0,0,2h.csv
3704,0,0,0,2i.csv
3704,0,0,0,2j.csv
3704,0,0,0,2k.csv
3704,1,1,0,2l.csv
3704,11,3,8,3a.csv
3704,5,5,0,3b.csv
3704,20,15,5,3c.csv
3704,20,15,5,3d.csv
3704,3,3,0,3e.csv
3704,1,1,0,3f.csv
3704,2,2,0,3g.csv
3705,9,9,0,1a.csv
3705,1,1,0,1b.csv
3705,0,0,0,1c.csv
3705,0,0,0,1e.csv
3705,0,0,0,1f.csv
3705,0,0,0,1g.csv
3705,0,0,0,1h.csv
3705,0,0,0,1i.csv
3705,1,1,0,1j.csv
3705,1,0,1,1k.csv
3705,6,3,3,1l.csv
3705,0,0,0,1m.csv
3705,0,0,0,2a.csv
3705,2,1,1,2b.csv
3705,0,0,0,2c.csv
3705,2,2,0,2d.csv
3705,0,0,0,2e.csv
3705,0,0,0,2f.csv
3705,0,0,0,2g.csv
3705,0,0,0,2h.csv
3705,0,0,0,2i.csv
3705,0,0,0,2j.csv
3705,0,0,0,2k.csv
3705,1,1,0,2l.csv
3705,14,4,10,3a.csv
3705,6,6,0,3b.csv
3705,18,14,4,3c.csv
3705,18,14,4,3d.csv
3705,3,3,0,3e.csv
3705,1,1,0,3f.csv
3705,2,2,0,3g.csv
3706,8,8,0,1a.csv
3706,0,0,0,1b.csv
3706,0,0,0,1c.csv
3706,0,0,0,1e.csv
3706,0,0,0,1f.csv
3706,0,0,0,1g.csv
3706,0,0,0,1h.csv
3706,0,0,0,1i.csv
3706,1,1,0,1j.csv
3706,1,0,1,1k.csv
3706,7,4,3,1l.csv
3706,0,0,0,1m.csv
3706,0,0,0,2a.csv
3706,1,0,1,2b.csv
3706,0,0,0,2c.csv
3706,1,1,0,2d.csv
3706,0,0,0,2e.csv
3706,0,0,0,2f.csv
3706,0,0,0,2g.csv
3706,0,0,0,2h.csv
3706,0,0,0,2i.csv
3706,0,0,0,2j.csv
3706,0,0,0,2k.csv
3706,1,1,0,2l.csv
3706,13,3,10,3a.csv
3706,4,4,0,3b.csv
3706,18,14,4,3c.csv
3706,18,14,4,3d.csv
3706,3,3,0,3e.csv
3706,1,1,0,3f.csv
3706,2,2,0,3g.csv
3707,10,10,0,1a.csv
3707,0,0,0,1b.csv
3707,0,0,0,1c.csv
3707,0,0,0,1e.csv
3707,0,0,0,1f.csv
3707,0,0,0,1g.csv
3707,0,0,0,1h.csv
3707,0,0,0,1i.csv
3707,1,1,0,1j.csv
3707,1,0,1,1k.csv
3707,7,4,3,1l.csv
3707,0,0,0,1m.csv
3707,0,0,0,2a.csv
3707,1,0,1,2b.csv
3707,0,0,0,2c.csv
3707,1,1,0,2d.csv
3707,0,0,0,2e.csv
3707,0,0,0,2f.csv
3707,0,0,0,2g.csv
3707,0,0,0,2h.csv
3707,0,0,0,2i.csv
3707,0,0,0,2j.csv
3707,0,0,0,2k.csv
3707,1,1,0,2l.csv
3707,14,3,11,3a.csv
3707,3,3,0,3b.csv
3707,17,14,3,3c.csv
3707,17,14,3,3d.csv
3707,4,4,0,3e.csv
3707,1,1,0,3f.csv
3707,3,3,0,3g.csv
3708,10,10,0,1a.csv
3708,0,0,0,1b.csv
3708,0,0,0,1c.csv
3708,0,0,0,1e.csv
3708,0,0,0,1f.csv
3708,0,0,0,1g.csv
3708,0,0,0,1h.csv
3708,0,0,0,1i.csv
3708,1,1,0,1j.csv
3708,3,2,1,1k.csv
3708,7,4,3,1l.csv
3708,0,0,0,1m.csv
3708,0,0,0,2a.csv
3708,1,0,1,2b.csv
3708,0,0,0,2c.csv
3708,1,1,0,2d.csv
3708,0,0,0,2e.csv
3708,0,0,0,2f.csv
3708,0,0,0,2g.csv
3708,0,0,0,2h.csv
3708,0,0,0,2i.csv
3708,0,0,0,2j.csv
3708,0,0,0,2k.csv
3708,1,1,0,2l.csv
3708,14,4,10,3a.csv
3708,4,3,1,3b.csv
3708,15,12,3,3c.csv
3708,15,12,3,3d.csv
3708,3,3,0,3e.csv
3708,1,1,0,3f.csv
3708,5,5,0,3g.csv
3709,13,13,0,1a.csv
3709,0,0,0,1b.csv
3709,0,0,0,1c.csv
3709,0,0,0,1e.csv
3709,0,0,0,1f.csv
3709,0,0,0,1g.csv
3709,0,0,0,1h.csv
3709,0,0,0,1i.csv
3709,1,1,0,1j.csv
3709,3,2,1,1k.csv
3709,7,4,3,1l.csv
3709,0,0,0,1m.csv
3709,0,0,0,2a.csv
3709,1,0,1,2b.csv
3709,0,0,0,2c.csv
3709,1,1,0,2d.csv
3709,0,0,0,2e.csv
3709,0,0,0,2f.csv
3709,0,0,0,2g.csv
3709,0,0,0,2h.csv
3709,0,0,0,2i.csv
3709,0,0,0,2j.csv
3709,0,0,0,2k.csv
3709,1,1,0,2l.csv
3709,15,4,11,3a.csv
3709,5,4,1,3b.csv
3709,14,11,3,3c.csv
3709,14,11,3,3d.csv
3709,2,2,0,3e.csv
3709,1,1,0,3f.csv
3709,5,5,0,3g.csv
3710,14,14,0,1a.csv
3710,0,0,0,1b.csv
3710,0,0,0,1c.csv
3710,0,0,0,1e.csv
3710,0,0,0,1f.csv
3710,0,0,0,1g.csv
3710,0,0,0,1h.csv
3710,0,0,0,1i.csv
3710,0,0,0,1j.csv
3710,3,2,1,1k.csv
3710,7,5,2,1l.csv
3710,0,0,0,1m.csv
3710,0,0,0,2a.csv
3710,0,0,0,2b.csv
3710,1,1,0,2c.csv
3710,1,1,0,2d.csv
3710,0,0,0,2e.csv
3710,0,0,0,2f.csv
3710,0,0,0,2g.csv
3710,0,0,0,2h.csv
3710,0,0,0,2i.csv
3710,0,0,0,2j.csv
3710,0,0,0,2k.csv
3710,1,1,0,2l.csv
3710,13,3,10,3a.csv
3710,5,3,2,3b.csv
3710,15,13,2,3c.csv
3710,15,13,2,3d.csv
3710,2,2,0,3e.csv
3710,2,2,0,3f.csv
3710,4,4,0,3g.csv
3711,14,14,0,1a.csv
3711,0,0,0,1b.csv
3711,0,0,0,1c.csv
3711,0,0,0,1e.csv
3711,0,0,0,1f.csv
3711,0,0,0,1g.csv
3711,0,0,0,1h.csv
3711,0,0,0,1i.csv
3711,0,0,0,1j.csv
3711,3,2,1,1k.csv
3711,7,4,3,1l.csv
3711,0,0,0,1m.csv
3711,0,0,0,2a.csv
3711,0,0,0,2b.csv
3711,1,1,0,2c.csv
3711,0,0,0,2d.csv
3711,0,0,0,2e.csv
3711,0,0,0,2f.csv
3711,0,0,0,2g.csv
3711,0,0,0,2h.csv
3711,0,0,0,2i.csv
3711,0,0,0,2j.csv
3711,0,0,0,2k.csv
3711,1,1,0,2l.csv
3711,15,5,10,3a.csv
3711,6,2,4,3b.csv
3711,16,14,2,3c.csv
3711,16,14,2,3d.csv
3711,3,3,0,3e.csv
3711,1,1,0,3f.csv
3711,4,4,0,3g.csv
3712,15,15,0,1a.csv
3712,0,0,0,1b.csv
3712,1,1,0,1c.csv
3712,0,0,0,1e.csv
3712,0,0,0,1f.csv
3712,0,0,0,1g.csv
3712,0,0,0,1h.csv
3712,0,0,0,1i.csv
3712,0,0,0,1j.csv
3712,3,2,1,1k.csv
3712,5,3,2,1l.csv
3712,0,0,0,1m.csv
3712,0,0,0,2a.csv
3712,0,0,0,2b.csv
3712,1,1,0,2c.csv
3712,0,0,0,2d.csv
3712,0,0,0,2e.csv
3712,0,0,0,2f.csv
3712,0,0,0,2g.csv
3712,0,0,0,2h.csv
3712,0,0,0,2i.csv
3712,0,0,0,2j.csv
3712,0,0,0,2k.csv
3712,1,1,0,2l.csv
3712,14,5,9,3a.csv
3712,7,2,5,3b.csv
3712,15,15,0,3c.csv
3712,15,15,0,3d.csv
3712,3,3,0,3e.csv
3712,1,1,0,3f.csv
3712,4,4,0,3g.csv
3713,16,16,0,1a.csv
3713,0,0,0,1b.csv
3713,1,1,0,1c.csv
3713,1,0,1,1e.csv
3713,0,0,0,1f.csv
3713,0,0,0,1g.csv
3713,0,0,0,1h.csv
3713,0,0,0,1i.csv
3713,0,0,0,1j.csv
3713,2,2,0,1k.csv
3713,4,3,1,1l.csv
3713,0,0,0,1m.csv
3713,0,0,0,2a.csv
3713,0,0,0,2b.csv
3713,1,1,0,2c.csv
3713,0,0,0,2d.csv
3713,0,0,0,2e.csv
3713,0,0,0,2f.csv
3713,0,0,0,2g.csv
3713,0,0,0,2h.csv
3713,0,0,0,2i.csv
3713,0,0,0,2j.csv
3713,0,0,0,2k.csv
3713,1,1,0,2l.csv
3713,13,4,9,3a.csv
3713,7,2,5,3b.csv
3713,15,15,0,3c.csv
3713,15,15,0,3d.csv
3713,3,3,0,3e.csv
3713,1,1,0,3f.csv
3713,5,5,0,3g.csv
3714,15,15,0,1a.csv
3714,0,0,0,1b.csv
3714,3,3,0,1c.csv
3714,1,0,1,1e.csv
3714,0,0,0,1f.csv
3714,0,0,0,1g.csv
3714,0,0,0,1h.csv
3714,0,0,0,1i.csv
3714,0,0,0,1j.csv
3714,2,2,0,1k.csv
3714,4,3,1,1l.csv
3714,0,0,0,1m.csv
3714,0,0,0,2a.csv
3714,0,0,0,2b.csv
3714,1,1,0,2c.csv
3714,0,0,0,2d.csv
3714,0,0,0,2e.csv
3714,1,1,0,2f.csv
3714,0,0,0,2g.csv
3714,0,0,0,2h.csv
3714,0,0,0,2i.csv
3714,0,0,0,2j.csv
3714,0,0,0,2k.csv
3714,2,2,0,2l.csv
3714,14,5,9,3a.csv
3714,7,2,5,3b.csv
3714,17,17,0,3c.csv
3714,17,17,0,3d.csv
3714,3,3,0,3e.csv
3714,1,1,0,3f.csv
3714,5,5,0,3g.csv
3715,13,13,0,1a.csv
3715,0,0,0,1b.csv
3715,4,4,0,1c.csv
3715,1,0,1,1e.csv
3715,0,0,0,1f.csv
3715,0,0,0,1g.csv
3715,0,0,0,1h.csv
3715,0,0,0,1i.csv
3715,0,0,0,1j.csv
3715,2,2,0,1k.csv
3715,3,2,1,1l.csv
3715,0,0,0,1m.csv
3715,0,0,0,2a.csv
3715,0,0,0,2b.csv
3715,1,1,0,2c.csv
3715,0,0,0,2d.csv
3715,0,0,0,2e.csv
3715,1,1,0,2f.csv
3715,0,0,0,2g.csv
3715,0,0,0,2h.csv
3715,0,0,0,2i.csv
3715,0,0,0,2j.csv
3715,0,0,0,2k.csv
3715,3,3,0,2l.csv
3715,17,6,11,3a.csv
3715,7,2,5,3b.csv
3715,17,17,0,3c.csv
3715,17,17,0,3d.csv
3715,3,3,0,3e.csv
3715,1,1,0,3f.csv
3715,4,4,0,3g.csv
3716,13,13,0,1a.csv
3716,0,0,0,1b.csv
3716,5,5,0,1c.csv
3716,1,0,1,1e.csv
3716,0,0,0,1f.csv
3716,0,0,0,1g.csv
3716,0,0,0,1h.csv
3716,0,0,0,1i.csv
3716,0,0,0,1j.csv
3716,0,0,0,1k.csv
3716,4,2,2,1l.csv
3716,0,0,0,1m.csv
3716,1,1,0,2a.csv
3716,0,0,0,2b.csv
3716,1,1,0,2c.csv
3716,0,0,0,2d.csv
3716,0,0,0,2e.csv
3716,1,1,0,2f.csv
3716,0,0,0,2g.csv
3716,0,0,0,2h.csv
3716,0,0,0,2i.csv
3716,0,0,0,2j.csv
3716,0,0,0,2k.csv
3716,3,3,0,2l.csv
3716,17,6,11,3a.csv
3716,7,3,4,3b.csv
3716,16,16,0,3c.csv
3716,16,16,0,3d.csv
3716,3,3,0,3e.csv
3716,2,1,1,3f.csv
3716,2,2,0,3g.csv
3717,10,10,0,1a.csv
3717,0,0,0,1b.csv
3717,5,5,0,1c.csv
3717,2,1,1,1e.csv
3717,0,0,0,1f.csv
3717,0,0,0,1g.csv
3717,0,0,0,1h.csv
3717,0,0,0,1i.csv
3717,0,0,0,1j.csv
3717,0,0,0,1k.csv
3717,4,2,2,1l.csv
3717,0,0,0,1m.csv
3717,1,1,0,2a.csv
3717,0,0,0,2b.csv
3717,1,1,0,2c.csv
3717,0,0,0,2d.csv
3717,0,0,0,2e.csv
3717,1,1,0,2f.csv
3717,0,0,0,2g.csv
3717,0,0,0,2h.csv
3717,0,0,0,2i.csv
3717,0,0,0,2j.csv
3717,0,0,0,2k.csv
3717,3,3,0,2l.csv
3717,17,7,10,3a.csv
3717,7,2,5,3b.csv
3717,13,13,0,3c.csv
3717,13,13,0,3d.csv
3717,4,4,0,3e.csv
3717,2,1,1,3f.csv
3717,3,3,0,3g.csv
3718,10,10,0,1a.csv
3718,1,0,1,1b.csv
3718,5,5,0,1c.csv
3718,2,1,1,1e.csv
3718,0,0,0,1f.csv
3718,0,0,0,1g.csv
3718,1,1,0,1h.csv
3718,0,0,0,1i.csv
3718,0,0,0,1j.csv
3718,0,0,0,1k.csv
3718,3,1,2,1l.csv
3718,0,0,0,1m.csv
3718,1,1,0,2a.csv
3718,1,1,0,2b.csv
3718,0,0,0,2c.csv
3718,0,0,0,2d.csv
3718,0,0,0,2e.csv
3718,1,1,0,2f.csv
3718,0,0,0,2g.csv
3718,0,0,0,2h.csv
3718,0,0,0,2i.csv
3718,0,0,0,2j.csv
3718,0,0,0,2k.csv
3718,4,3,1,2l.csv
3718,16,8,8,3a.csv
3718,6,2,4,3b.csv
3718,12,12,0,3c.csv
3718,12,12,0,3d.csv
3718,4,4,0,3e.csv
3718,1,0,1,3f.csv
3718,2,2,0,3g.csv
3719,8,8,0,1a.csv
3719,1,0,1,1b.csv
3719,6,6,0,1c.csv
3719,2,1,1,1e.csv
3719,0,0,0,1f.csv
3719,0,0,0,1g.csv
3719,1,1,0,1h.csv
3719,0,0,0,1i.csv
3719,0,0,0,1j.csv
3719,0,0,0,1k.csv
3719,4,2,2,1l.csv
3719,0,0,0,1m.csv
3719,1,1,0,2a.csv
3719,1,1,0,2b.csv
3719,0,0,0,2c.csv
3719,0,0,0,2d.csv
3719,0,0,0,2e.csv
3719,1,1,0,2f.csv
3719,0,0,0,2g.csv
3719,0,0,0,2h.csv
3719,0,0,0,2i.csv
3719,0,0,0,2j.csv
3719,0,0,0,2k.csv
3719,4,3,1,2l.csv
3719,15,8,7,3a.csv
3719,4,2,2,3b.csv
3719,12,12,0,3c.csv
3719,12,12,0,3d.csv
3719,3,3,0,3e.csv
3719,2,1,1,3f.csv
3719,3,3,0,3g.csv
3720,7,7,0,1a.csv
3720,1,0,1,1b.csv
3720,7,7,0,1c.csv
3720,4,2,2,1e.csv
3720,0,0,0,1f.csv
3720,0,0,0,1g.csv
3720,2,2,0,1h.csv
3720,0,0,0,1i.csv
3720,0,0,0,1j.csv
3720,0,0,0,1k.csv
3720,4,2,2,1l.csv
3720,0,0,0,1m.csv
3720,1,1,0,2a.csv
3720,1,1,0,2b.csv
3720,0,0,0,2c.csv
3720,0,0,0,2d.csv
3720,0,0,0,2e.csv
3720,1,1,0,2f.csv
3720,0,0,0,2g.csv
3720,0,0,0,2h.csv
3720,0,0,0,2i.csv
3720,0,0,0,2j.csv
3720,0,0,0,2k.csv
3720,3,2,1,2l.csv
3720,14,7,7,3a.csv
3720,4,2,2,3b.csv
3720,11,11,0,3c.csv
3720,11,11,0,3d.csv
3720,3,3,0,3e.csv
3720,3,2,1,3f.csv
3720,4,4,0,3g.csv
3721,7,7,0,1a.csv
3721,1,0,1,1b.csv
3721,8,8,0,1c.csv
3721,3,2,1,1e.csv
3721,0,0,0,1f.csv
3721,0,0,0,1g.csv
3721,2,2,0,1h.csv
3721,0,0,0,1i.csv
3721,0,0,0,1j.csv
3721,0,0,0,1k.csv
3721,4,2,2,1l.csv
3721,0,0,0,1m.csv
3721,1,1,0,2a.csv
3721,1,1,0,2b.csv
3721,0,0,0,2c.csv
3721,0,0,0,2d.csv
3721,0,0,0,2e.csv
3721,1,1,0,2f.csv
3721,0,0,0,2g.csv
3721,0,0,0,2h.csv
3721,0,0,0,2i.csv
3721,0,0,0,2j.csv
3721,0,0,0,2k.csv
3721,3,2,1,2l.csv
3721,13,7,6,3a.csv
3721,3,1,2,3b.csv
3721,13,13,0,3c.csv
3721,13,13,0,3d.csv
3721,4,3,1,3e.csv
3721,4,3,1,3f.csv
3721,3,3,0,3g.csv
3722,7,7,0,1a.csv
3722,1,0,1,1b.csv
3722,6,6,0,1c.csv
3722,3,2,1,1e.csv
3722,0,0,0,1f.csv
3722,0,0,0,1g.csv
3722,2,2,0,1h.csv
3722,0,0,0,1i.csv
3722,0,0,0,1j.csv
3722,0,0,0,1k.csv
3722,3,1,2,1l.csv
3722,0,0,0,1m.csv
3722,1,1,0,2a.csv
3722,1,1,0,2b.csv
3722,0,0,0,2c.csv
3722,0,0,0,2d.csv
3722,0,0,0,2e.csv
3722,0,0,0,2f.csv
3722,0,0,0,2g.csv
3722,0,0,0,2h.csv
3722,0,0,0,2i.csv
3722,0,0,0,2j.csv
3722,0,0,0,2k.csv
3722,2,1,1,2l.csv
3722,12,6,6,3a.csv
3722,4,2,2,3b.csv
3722,10,10,0,3c.csv
3722,10,10,0,3d.csv
3722,4,3,1,3e.csv
3722,4,3,1,3f.csv
3722,3,3,0,3g.csv
3723,7,7,0,1a.csv
3723,1,0,1,1b.csv
3723,5,5,0,1c.csv
3723,3,2,1,1e.csv
3723,0,0,0,1f.csv
3723,0,0,0,1g.csv
3723,3,3,0,1h.csv
3723,0,0,0,1i.csv
3723,0,0,0,1j.csv
3723,0,0,0,1k.csv
3723,3,1,2,1l.csv
3723,0,0,0,1m.csv
3723,1,1,0,2a.csv
3723,1,1,0,2b.csv
3723,0,0,0,2c.csv
3723,0,0,0,2d.csv
3723,0,0,0,2e.csv
3723,0,0,0,2f.csv
3723,0,0,0,2g.csv
3723,0,0,0,2h.csv
3723,0,0,0,2i.csv
3723,0,0,0,2j.csv
3723,0,0,0,2k.csv
3723,1,0,1,2l.csv
3723,8,5,3,3a.csv
3723,4,2,2,3b.csv
3723,9,9,0,3c.csv
3723,9,9,0,3d.csv
3723,5,3,2,3e.csv
3723,4,3,1,3f.csv
3723,3,3,0,3g.csv
3724,6,6,0,1a.csv
3724,2,0,2,1b.csv
3724,4,4,0,1c.csv
3724,3,2,1,1e.csv
3724,0,0,0,1f.csv
3724,0,0,0,1g.csv
3724,3,3,0,1h.csv
3724,0,0,0,1i.csv
3724,0,0,0,1j.csv
3724,0,0,0,1k.csv
3724,3,2,1,1l.csv
3724,1,1,0,1m.csv
3724,0,0,0,2a.csv
3724,1,1,0,2b.csv
3724,0,0,0,2c.csv
3724,0,0,0,2d.csv
3724,0,0,0,2e.csv
3724,0,0,0,2f.csv
3724,0,0,0,2g.csv
3724,0,0,0,2h.csv
3724,0,0,0,2i.csv
3724,0,0,0,2j.csv
3724,0,0,0,2k.csv
3724,1,0,1,2l.csv
3724,9,6,3,3a.csv
3724,4,2,2,3b.csv
3724,8,8,0,3c.csv
3724,8,8,0,3d.csv
3724,6,4,2,3e.csv
3724,3,3,0,3f.csv
3724,3,3,0,3g.csv
3725,7,7,0,1a.csv
3725,2,0,2,1b.csv
3725,4,4,0,1c.csv
3725,2,1,1,1e.csv
3725,0,0,0,1f.csv
3725,0,0,0,1g.csv
3725,3,3,0,1h.csv
3725,0,0,0,1i.csv
3725,0,0,0,1j.csv
3725,0,0,0,1k.csv
3725,3,2,1,1l.csv
3725,1,1,0,1m.csv
3725,0,0,0,2a.csv
3725,1,1,0,2b.csv
3725,0,0,0,2c.csv
3725,0,0,0,2d.csv
3725,0,0,0,2e.csv
3725,0,0,0,2f.csv
3725,0,0,0,2g.csv
3725,0,0,0,2h.csv
3725,0,0,0,2i.csv
3725,0,0,0,2j.csv
3725,0,0,0,2k.csv
3725,1,0,1,2l.csv
3725,8,6,2,3a.csv
3725,5,4,1,3b.csv
3725,9,9,0,3c.csv
3725,9,9,0,3d.csv
3725,6,4,2,3e.csv
3725,3,3,0,3f.csv
3725,2,2,0,3g.csv
3726,5,5,0,1a.csv
3726,1,0,1,1b.csv
3726,4,4,0,1c.csv
3726,3,2,1,1e.csv
3726,2,1,1,1f.csv
3726,0,0,0,1g.csv
3726,3,3,0,1h.csv
3726,0,0,0,1i.csv
3726,0,0,0,1j.csv
3726,0,0,0,1k.csv
3726,4,3,1,1l.csv
3726,2,2,0,1m.csv
3726,0,0,0,2a.csv
3726,0,0,0,2b.csv
3726,0,0,0,2c.csv
3726,0,0,0,2d.csv
3726,1,1,0,2e.csv
3726,0,0,0,2f.csv
3726,0,0,0,2g.csv
3726,0,0,0,2h.csv
3726,0,0,0,2i.csv
3726,0,0,0,2j.csv
3726,0,0,0,2k.csv
3726,0,0,0,2l.csv
3726,7,5,2,3a.csv
3726,7,5,2,3b.csv
3726,9,9,0,3c.csv
3726,9,9,0,3d.csv
3726,7,5,2,3e.csv
3726,3,3,0,3f.csv
3726,4,4,0,3g.csv
3727,5,5,0,1a.csv
3727,1,0,1,1b.csv
3727,3,3,0,1c.csv
3727,3,2,1,1e.csv
3727,2,1,1,1f.csv
3727,0,0,0,1g.csv
3727,5,5,0,1h.csv
3727,0,0,0,1i.csv
3727,1,1,0,1j.csv
3727,0,0,0,1k.csv
3727,2,2,0,1l.csv
3727,2,2,0,1m.csv
3727,0,0,0,2a.csv
3727,0,0,0,2b.csv
3727,0,0,0,2c.csv
3727,0,0,0,2d.csv
3727,1,1,0,2e.csv
3727,0,0,0,2f.csv
3727,0,0,0,2g.csv
3727,0,0,0,2h.csv
3727,0,0,0,2i.csv
3727,0,0,0,2j.csv
3727,0,0,0,2k.csv
3727,0,0,0,2l.csv
3727,4,3,1,3a.csv
3727,7,5,2,3b.csv
3727,7,7,0,3c.csv
3727,7,7,0,3d.csv
3727,8,5,3,3e.csv
3727,2,2,0,3f.csv
3727,3,3,0,3g.csv
3728,3,3,0,1a.csv
3728,1,0,1,1b.csv
3728,1,1,0,1c.csv
3728,1,1,0,1e.csv
3728,2,1,1,1f.csv
3728,0,0,0,1g.csv
3728,4,4,0,1h.csv
3728,1,1,0,1i.csv
3728,1,1,0,1j.csv
3728,0,0,0,1k.csv
3728,3,3,0,1l.csv
3728,2,2,0,1m.csv
3728,0,0,0,2a.csv
3728,0,0,0,2b.csv
3728,0,0,0,2c.csv
3728,0,0,0,2d.csv
3728,1,1,0,2e.csv
3728,0,0,0,2f.csv
3728,0,0,0,2g.csv
3728,0,0,0,2h.csv
3728,0,0,0,2i.csv
3728,0,0,0,2j.csv
3728,0,0,0,2k.csv
3728,0,0,0,2l.csv
3728,4,3,1,3a.csv
3728,6,5,1,3b.csv
3728,7,7,0,3c.csv
3728,7,7,0,3d.csv
3728,9,6,3,3e.csv
3728,1,1,0,3f.csv
3728,2,2,0,3g.csv
3729,2,2,0,1a.csv
3729,3,1,2,1b.csv
3729,0,0,0,1c.csv
3729,1,1,0,1e.csv
3729,2,1,1,1f.csv
3729,0,0,0,1g.csv
3729,5,5,0,1h.csv
3729,1,1,0,1i.csv
3729,1,1,0,1j.csv
3729,0,0,0,1k.csv
3729,4,4,0,1l.csv
3729,3,2,1,1m.csv
3729,0,0,0,2a.csv
3729,0,0,0,2b.csv
3729,0,0,0,2c.csv
3729,0,0,0,2d.csv
3729,1,1,0,2e.csv
3729,0,0,0,2f.csv
3729,0,0,0,2g.csv
3729,0,0,0,2h.csv
3729,0,0,0,2i.csv
3729,0,0,0,2j.csv
3729,0,0,0,2k.csv
3729,0,0,0,2l.csv
3729,4,4,0,3a.csv
3729,6,5,1,3b.csv
3729,5,5,0,3c.csv
3729,5,5,0,3d.csv
3729,9,7,2,3e.csv
3729,0,0,0,3f.csv
3729,3,3,0,3g.csv
3730,2,2,0,1a.csv
3730,4,1,3,1b.csv
3730,0,0,0,1c.csv
3730,1,1,0,1e.csv
3730,2,1,1,1f.csv
3730,0,0,0,1g.csv
3730,5,5,0,1h.csv
3730,1,1,0,1i.csv
3730,2,2,0,1j.csv
3730,0,0,0,1k.csv
3730,4,4,0,1l.csv
3730,3,2,1,1m.csv
3730,0,0,0,2a.csv
3730,1,1,0,2b.csv
3730,0,0,0,2c.csv
3730,0,0,0,2d.csv
3730,1,1,0,2e.csv
3730,0,0,0,2f.csv
3730,0,0,0,2g.csv
3730,0,0,0,2h.csv
3730,0,0,0,2i.csv
3730,0,0,0,2j.csv
3730,0,0,0,2k.csv
3730,0,0,0,2l.csv
3730,5,5,0,3a.csv
3730,6,5,1,3b.csv
3730,4,4,0,3c.csv
3730,4,4,0,3d.csv
3730,8,6,2,3e.csv
3730,0,0,0,3f.csv
3730,3,3,0,3g.csv
3731,4,3,1,1a.csv
3731,4,1,3,1b.csv
3731,0,0,0,1c.csv
3731,1,1,0,1e.csv
3731,3,1,2,1f.csv
3731,0,0,0,1g.csv
3731,4,4,0,1h.csv
3731,1,1,0,1i.csv
3731,2,2,0,1j.csv
3731,0,0,0,1k.csv
3731,5,5,0,1l.csv
3731,3,2,1,1m.csv
3731,0,0,0,2a.csv
3731,1,1,0,2b.csv
3731,0,0,0,2c.csv
3731,0,0,0,2d.csv
3731,1,1,0,2e.csv
3731,0,0,0,2f.csv
3731,0,0,0,2g.csv
3731,0,0,0,2h.csv
3731,0,0,0,2i.csv
3731,0,0,0,2j.csv
3731,0,0,0,2k.csv
3731,0,0,0,2l.csv
3731,5,5,0,3a.csv
3731,7,6,1,3b.csv
3731,4,4,0,3c.csv
3731,4,4,0,3d.csv
3731,6,5,1,3e.csv
3731,0,0,0,3f.csv
3731,3,3,0,3g.csv
3732,4,3,1,1a.csv
3732,3,1,2,1b.csv
3732,0,0,0,1c.csv
3732,1,1,0,1e.csv
3732,3,1,2,1f.csv
3732,0,0,0,1g.csv
3732,4,4,0,1h.csv
3732,1,1,0,1i.csv
3732,2,2,0,1j.csv
3732,0,0,0,1k.csv
3732,4,4,0,1l.csv
3732,2,1,1,1m.csv
3732,0,0,0,2a.csv
3732,1,1,0,2b.csv
3732,0,0,0,2c.csv
3732,0,0,0,2d.csv
3732,1,1,0,2e.csv
3732,0,0,0,2f.csv
3732,0,0,0,2g.csv
3732,0,0,0,2h.csv
3732,0,0,0,2i.csv
3732,0,0,0,2j.csv
3732,0,0,0,2k.csv
3732,0,0,0,2l.csv
3732,4,3,1,3a.csv
3732,6,5,1,3b.csv
3732,4,4,0,3c.csv
3732,4,4,0,3d.csv
3732,5,4,1,3e.csv
3732,1,1,0,3f.csv
3732,4,4,0,3g.csv
3733,3,2,1,1a.csv
3733,4,1,3,1b.csv
3733,1,1,0,1c.csv
3733,1,1,0,1e.csv
3733,4,1,3,1f.csv
3733,0,0,0,1g.csv
3733,4,4,0,1h.csv
3733,1,1,0,1i.csv
3733,2,2,0,1j.csv
3733,0,0,0,1k.csv
3733,4,4,0,1l.csv
3733,2,1,1,1m.csv
3733,0,0,0,2a.csv
3733,1,1,0,2b.csv
3733,0,0,0,2c.csv
3733,0,0,0,2d.csv
3733,1,1,0,2e.csv
3733,0,0,0,2f.csv
3733,0,0,0,2g.csv
3733,0,0,0,2h.csv
3733,0,0,0,2i.csv
3733,0,0,0,2j.csv
3733,0,0,0,2k.csv
3733,0,0,0,2l.csv
3733,3,2,1,3a.csv
3733,4,3,1,3b.csv
3733,2,2,0,3c.csv
3733,2,2,0,3d.csv
3733,4,3,1,3e.csv
3733,3,3,0,3f.csv
3733,4,4,0,3g.csv
3734,2,1,1,1a.csv
3734,4,1,3,1b.csv
3734,2,2,0,1c.csv
3734,1,1,0,1e.csv
3734,2,0,2,1f.csv
3734,0,0,0,1g.csv
3734,4,4,0,1h.csv
3734,1,1,0,1i.csv
3734,2,2,0,1j.csv
3734,0,0,0,1k.csv
3734,3,3,0,1l.csv
3734,1,0,1,1m.csv
3734,0,0,0,2a.csv
3734,2,2,0,2b.csv
3734,0,0,0,2c.csv
3734,0,0,0,2d.csv
3734,0,0,0,2e.csv
3734,0,0,0,2f.csv
3734,0,0,0,2g.csv
3734,0,0,0,2h.csv
3734,0,0,0,2i.csv
3734,0,0,0,2j.csv
3734,0,0,0,2k.csv
3734,0,0,0,2l.csv
3734,4,3,1,3a.csv
3734,2,2,0,3b.csv
3734,2,2,0,3c.csv
3734,2,2,0,3d.csv
3734,5,4,1,3e.csv
3734,3,3,0,3f.csv
3734,2,2,0,3g.csv
3735,2,1,1,1a.csv
3735,4,1,3,1b.csv
3735,3,2,1,1c.csv
3735,1,1,0,1e.csv
3735,2,0,2,1f.csv
3735,0,0,0,1g.csv
3735,3,2,1,1h.csv
3735,1,1,0,1i.csv
3735,1,1,0,1j.csv
3735,0,0,0,1k.csv
3735,5,4,1,1l.csv
3735,1,0,1,1m.csv
3735,0,0,0,2a.csv
3735,2,2,0,2b.csv
3735,0,0,0,2c.csv
3735,0,0,0,2d.csv
3735,0,0,0,2e.csv
3735,0,0,0,2f.csv
3735,0,0,0,2g.csv
3735,0,0,0,2h.csv
3735,0,0,0,2i.csv
3735,0,0,0,2j.csv
3735,0,0,0,2k.csv
3735,0,0,0,2l.csv
3735,4,3,1,3a.csv
3735,2,2,0,3b.csv
3735,2,2,0,3c.csv
3735,2,2,0,3d.csv
3735,4,4,0,3e.csv
3735,3,3,0,3f.csv
3735,2,2,0,3g.csv
3736,4,3,1,1a.csv
3736,4,1,3,1b.csv
3736,3,2,1,1c.csv
3736,1,1,0,1e.csv
3736,2,0,2,1f.csv
3736,0,0,0,1g.csv
3736,3,2,1,1h.csv
3736,0,0,0,1i.csv
3736,1,1,0,1j.csv
3736,0,0,0,1k.csv
3736,4,3,1,1l.csv
3736,1,0,1,1m.csv
3736,0,0,0,2a.csv
3736,2,2,0,2b.csv
3736,0,0,0,2c.csv
3736,0,0,0,2d.csv
3736,0,0,0,2e.csv
3736,0,0,0,2f.csv
3736,0,0,0,2g.csv
3736,0,0,0,2h.csv
3736,0,0,0,2i.csv
3736,0,0,0,2j.csv
3736,0,0,0,2k.csv
3736,0,0,0,2l.csv
3736,4,3,1,3a.csv
3736,2,2,0,3b.csv
3736,2,2,0,3c.csv
3736,2,2,0,3d.csv
3736,3,3,0,3e.csv
3736,3,3,0,3f.csv
3736,2,2,0,3g.csv
3737,4,3,1,1a.csv
3737,4,1,3,1b.csv
3737,4,3,1,1c.csv
3737,1,1,0,1e.csv
3737,4,1,3,1f.csv
3737,0,0,0,1g.csv
3737,2,1,1,1h.csv
3737,0,0,0,1i.csv
3737,2,1,1,1j.csv
3737,0,0,0,1k.csv
3737,3,2,1,1l.csv
3737,0,0,0,1m.csv
3737,0,0,0,2a.csv
3737,2,2,0,2b.csv
3737,0,0,0,2c.csv
3737,0,0,0,2d.csv
3737,0,0,0,2e.csv
3737,0,0,0,2f.csv
3737,0,0,0,2g.csv
3737,0,0,0,2h.csv
3737,0,0,0,2i.csv
3737,0,0,0,2j.csv
3737,0,0,0,2k.csv
3737,0,0,0,2l.csv
3737,4,3,1,3a.csv
3737,2,2,0,3b.csv
3737,2,2,0,3c.csv
3737,2,2,0,3d.csv
3737,4,3,1,3e.csv
3737,4,4,0,3f.csv
3737,1,1,0,3g.csv
3738,4,3,1,1a.csv
3738,3,1,2,1b.csv
3738,4,3,1,1c.csv
3738,1,1,0,1e.csv
3738,4,1,3,1f.csv
3738,0,0,0,1g.csv
3738,3,2,1,1h.csv
3738,0,0,0,1i.csv
3738,1,0,1,1j.csv
3738,0,0,0,1k.csv
3738,5,2,3,1l.csv
3738,0,0,0,1m.csv
3738,0,0,0,2a.csv
3738,1,1,0,2b.csv
3738,0,0,0,2c.csv
3738,0,0,0,2d.csv
3738,1,1,0,2e.csv
3738,0,0,0,2f.csv
3738,0,0,0,2g.csv
3738,0,0,0,2h.csv
3738,0,0,0,2i.csv
3738,0,0,0,2j.csv
3738,0,0,0,2k.csv
3738,0,0,0,2l.csv
3738,3,2,1,3a.csv
3738,1,1,0,3b.csv
3738,2,2,0,3c.csv
3738,2,2,0,3d.csv
3738,4,3,1,3e.csv
3738,5,5,0,3f.csv
3738,1,1,0,3g.csv
3739,2,2,0,1a.csv
3739,4,1,3,1b.csv
3739,4,3,1,1c.csv
3739,1,1,0,1e.csv
3739,4,2,2,1f.csv
3739,0,0,0,1g.csv
3739,3,2,1,1h.csv
3739,0,0,0,1i.csv
3739,2,1,1,1j.csv
3739,0,0,0,1k.csv
3739,4,1,3,1l.csv
3739,0,0,0,1m.csv
3739,0,0,0,2a.csv
3739,1,1,0,2b.csv
3739,0,0,0,2c.csv
3739,0,0,0,2d.csv
3739,1,1,0,2e.csv
3739,0,0,0,2f.csv
3739,0,0,0,2g.csv
3739,0,0,0,2h.csv
3739,1,0,1,2i.csv
3739,0,0,0,2j.csv
3739,0,0,0,2k.csv
3739,1,1,0,2l.csv
3739,3,2,1,3a.csv
3739,0,0,0,3b.csv
3739,3,3,0,3c.csv
3739,3,3,0,3d.csv
3739,5,4,1,3e.csv
3739,5,5,0,3f.csv
3739,2,2,0,3g.csv
3740,2,2,0,1a.csv
3740,5,2,3,1b.csv
3740,5,4,1,1c.csv
3740,1,1,0,1e.csv
3740,4,2,2,1f.csv
3740,0,0,0,1g.csv
3740,3,2,1,1h.csv
3740,0,0,0,1i.csv
3740,3,1,2,1j.csv
3740,0,0,0,1k.csv
3740,4,1,3,1l.csv
3740,0,0,0,1m.csv
3740,0,0,0,2a.csv
3740,1,1,0,2b.csv
3740,0,0,0,2c.csv
3740,0,0,0,2d.csv
3740,1,1,0,2e.csv
3740,0,0,0,2f.csv
3740,0,0,0,2g.csv
3740,0,0,0,2h.csv
3740,1,0,1,2i.csv
3740,0,0,0,2j.csv
3740,0,0,0,2k.csv
3740,1,1,0,2l.csv
3740,2,2,0,3a.csv
3740,0,0,0,3b.csv
3740,3,3,0,3c.csv
3740,3,3,0,3d.csv
3740,5,4,1,3e.csv
3740,5,5,0,3f.csv
3740,2,2,0,3g.csv
3741,2,2,0,1a.csv
3741,5,3,2,1b.csv
3741,5,4,1,1c.csv
3741,1,1,0,1e.csv
3741,3,2,1,1f.csv
3741,0,0,0,1g.csv
3741,3,2,1,1h.csv
3741,0,0,0,1i.csv
3741,3,1,2,1j.csv
3741,0,0,0,1k.csv
3741,4,1,3,1l.csv
3741,1,1,0,1m.csv
3741,0,0,0,2a.csv
3741,1,1,0,2b.csv
3741,0,0,0,2c.csv
3741,0,0,0,2d.csv
3741,1,1,0,2e.csv
3741,0,0,0,2f.csv
3741,0,0,0,2g.csv
3741,0,0,0,2h.csv
3741,1,0,1,2i.csv
3741,0,0,0,2j.csv
3741,0,0,0,2k.csv
3741,1,1,0,2l.csv
3741,4,3,1,3a.csv
3741,0,0,0,3b.csv
3741,6,5,1,3c.csv
3741,6,5,1,3d.csv
3741,5,4,1,3e.csv
3741,3,3,0,3f.csv
3741,2,2,0,3g.csv
3742,3,2,1,1a.csv
3742,5,3,2,1b.csv
3742,4,3,1,1c.csv
3742,0,0,0,1e.csv
3742,3,2,1,1f.csv
3742,0,0,0,1g.csv
3742,3,2,1,1h.csv
3742,0,0,0,1i.csv
3742,3,1,2,1j.csv
3742,0,0,0,1k.csv
3742,4,1,3,1l.csv
3742,2,2,0,1m.csv
3742,0,0,0,2a.csv
3742,0,0,0,2b.csv
3742,0,0,0,2c.csv
3742,0,0,0,2d.csv
3742,1,1,0,2e.csv
3742,0,0,0,2f.csv
3742,0,0,0,2g.csv
3742,0,0,0,2h.csv
3742,1,0,1,2i.csv
3742,0,0,0,2j.csv
3742,0,0,0,2k.csv
3742,1,1,0,2l.csv
3742,3,2,1,3a.csv
3742,1,0,1,3b.csv
3742,6,4,2,3c.csv
3742,6,4,2,3d.csv
3742,3,2,1,3e.csv
3742,3,3,0,3f.csv
3742,2,2,0,3g.csv
3743,3,2,1,1a.csv
3743,5,3,2,1b.csv
3743,3,3,0,1c.csv
3743,0,0,0,1e.csv
3743,3,2,1,1f.csv
3743,0,0,0,1g.csv
3743,2,2,0,1h.csv
3743,0,0,0,1i.csv
3743,3,1,2,1j.csv
3743,0,0,0,1k.csv
3743,3,1,2,1l.csv
3743,2,2,0,1m.csv
3743,1,1,0,2a.csv
3743,1,0,1,2b.csv
3743,0,0,0,2c.csv
3743,0,0,0,2d.csv
3743,1,1,0,2e.csv
3743,0,0,0,2f.csv
3743,0,0,0,2g.csv
3743,0,0,0,2h.csv
3743,1,0,1,2i.csv
3743,0,0,0,2j.csv
3743,0,0,0,2k.csv
3743,1,1,0,2l.csv
3743,3,2,1,3a.csv
3743,1,0,1,3b.csv
3743,7,4,3,3c.csv
3743,7,4,3,3d.csv
3743,4,3,1,3e.csv
3743,3,3,0,3f.csv
3743,2,2,0,3g.csv
3744,2,1,1,1a.csv
3744,5,3,2,1b.csv
3744,3,3,0,1c.csv
3744,0,0,0,1e.csv
3744,3,2,1,1f.csv
3744,0,0,0,1g.csv
3744,2,2,0,1h.csv
3744,0,0,0,1i.csv
3744,3,1,2,1j.csv
3744,0,0,0,1k.csv
3744,3,1,2,1l.csv
3744,2,2,0,1m.csv
3744,1,1,0,2a.csv
3744,3,2,1,2b.csv
3744,0,0,0,2c.csv
3744,0,0,0,2d.csv
3744,1,1,0,2e.csv
3744,0,0,0,2f.csv
3744,0,0,0,2g.csv
3744,0,0,0,2h.csv
3744,1,0,1,2i.csv
3744,0,0,0,2j.csv
3744,0,0,0,2k.csv
3744,1,1,0,2l.csv
3744,3,2,1,3a.csv
3744,2,1,1,3b.csv
3744,7,4,3,3c.csv
3744,7,4,3,3d.csv
3744,4,3,1,3e.csv
3744,4,4,0,3f.csv
3744,2,2,0,3g.csv
3745,2,1,1,1a.csv
3745,5,3,2,1b.csv
3745,2,2,0,1c.csv
3745,0,0,0,1e.csv
3745,1,1,0,1f.csv
3745,0,0,0,1g.csv
3745,3,2,1,1h.csv
3745,0,0,0,1i.csv
3745,2,1,1,1j.csv
3745,0,0,0,1k.csv
3745,4,2,2,1l.csv
3745,2,2,0,1m.csv
3745,1,1,0,2a.csv
3745,3,2,1,2b.csv
3745,0,0,0,2c.csv
3745,0,0,0,2d.csv
3745,1,1,0,2e.csv
3745,0,0,0,2f.csv
3745,0,0,0,2g.csv
3745,0,0,0,2h.csv
3745,1,0,1,2i.csv
3745,0,0,0,2j.csv
3745,1,0,1,2k.csv
3745,1,1,0,2l.csv
3745,2,1,1,3a.csv
3745,3,1,2,3b.csv
3745,6,3,3,3c.csv
3745,6,3,3,3d.csv
3745,3,3,0,3e.csv
3745,3,3,0,3f.csv
3745,3,3,0,3g.csv
3746,3,2,1,1a.csv
3746,5,3,2,1b.csv
3746,3,3,0,1c.csv
3746,0,0,0,1e.csv
3746,1,1,0,1f.csv
3746,0,0,0,1g.csv
3746,2,1,1,1h.csv
3746,0,0,0,1i.csv
3746,2,1,1,1j.csv
3746,0,0,0,1k.csv
3746,2,2,0,1l.csv
3746,2,2,0,1m.csv
3746,1,1,0,2a.csv
3746,3,2,1,2b.csv
3746,0,0,0,2c.csv
3746,0,0,0,2d.csv
3746,0,0,0,2e.csv
3746,0,0,0,2f.csv
3746,0,0,0,2g.csv
3746,0,0,0,2h.csv
3746,1,0,1,2i.csv
3746,0,0,0,2j.csv
3746,1,0,1,2k.csv
3746,1,1,0,2l.csv
3746,2,1,1,3a.csv
3746,3,1,2,3b.csv
3746,6,3,3,3c.csv
3746,6,3,3,3d.csv
3746,4,4,0,3e.csv
3746,2,2,0,3f.csv
3746,3,3,0,3g.csv
3747,3,2,1,1a.csv
3747,5,4,1,1b.csv
3747,3,3,0,1c.csv
3747,0,0,0,1e.csv
3747,0,0,0,1f.csv
3747,0,0,0,1g.csv
3747,2,1,1,1h.csv
3747,1,1,0,1i.csv
3747,1,0,1,1j.csv
3747,0,0,0,1k.csv
3747,2,2,0,1l.csv
3747,3,3,0,1m.csv
3747,2,1,1,2a.csv
3747,4,3,1,2b.csv
3747,0,0,0,2c.csv
3747,0,0,0,2d.csv
3747,0,0,0,2e.csv
3747,0,0,0,2f.csv
3747,0,0,0,2g.csv
3747,0,0,0,2h.csv
3747,0,0,0,2i.csv
3747,0,0,0,2j.csv
3747,1,0,1,2k.csv
3747,0,0,0,2l.csv
3747,2,1,1,3a.csv
3747,8,4,4,3b.csv
3747,5,2,3,3c.csv
3747,5,2,3,3d.csv
3747,3,3,0,3e.csv
3747,2,2,0,3f.csv
3747,2,2,0,3g.csv
3748,5,3,2,1a.csv
3748,4,3,1,1b.csv
3748,2,2,0,1c.csv
3748,0,0,0,1e.csv
3748,2,2,0,1f.csv
3748,0,0,0,1g.csv
3748,2,1,1,1h.csv
3748,1,1,0,1i.csv
3748,0,0,0,1j.csv
3748,0,0,0,1k.csv
3748,2,2,0,1l.csv
3748,4,4,0,1m.csv
3748,2,1,1,2a.csv
3748,4,3,1,2b.csv
3748,0,0,0,2c.csv
3748,0,0,0,2d.csv
3748,0,0,0,2e.csv
3748,0,0,0,2f.csv
3748,0,0,0,2g.csv
3748,0,0,0,2h.csv
3748,0,0,0,2i.csv
3748,0,0,0,2j.csv
3748,1,0,1,2k.csv
3748,0,0,0,2l.csv
3748,3,2,1,3a.csv
3748,10,6,4,3b.csv
3748,7,4,3,3c.csv
3748,7,4,3,3d.csv
3748,3,3,0,3e.csv
3748,1,1,0,3f.csv
3748,2,2,0,3g.csv
3749,5,3,2,1a.csv
3749,3,2,1,1b.csv
3749,1,1,0,1c.csv
3749,0,0,0,1e.csv
3749,3,3,0,1f.csv
3749,0,0,0,1g.csv
3749,2,1,1,1h.csv
3749,1,1,0,1i.csv
3749,0,0,0,1j.csv
3749,0,0,0,1k.csv
3749,2,2,0,1l.csv
3749,3,3,0,1m.csv
3749,2,1,1,2a.csv
3749,4,3,1,2b.csv
3749,0,0,0,2c.csv
3749,0,0,0,2d.csv
3749,0,0,0,2e.csv
3749,0,0,0,2f.csv
3749,0,0,0,2g.csv
3749,0,0,0,2h.csv
3749,0,0,0,2i.csv
3749,0,0,0,2j.csv
3749,1,0,1,2k.csv
3749,0,0,0,2l.csv
3749,2,1,1,3a.csv
3749,12,6,6,3b.csv
3749,5,3,2,3c.csv
3749,5,3,2,3d.csv
3749,4,4,0,3e.csv
3749,2,2,0,3f.csv
3749,3,3,0,3g.csv
3750,6,5,1,1a.csv
3750,3,2,1,1b.csv
3750,1,1,0,1c.csv
3750,0,0,0,1e.csv
3750,4,4,0,1f.csv
3750,0,0,0,1g.csv
3750,2,1,1,1h.csv
3750,1,1,0,1i.csv
3750,0,0,0,1j.csv
3750,0,0,0,1k.csv
3750,2,2,0,1l.csv
3750,3,3,0,1m.csv
3750,2,1,1,2a.csv
3750,4,3,1,2b.csv
3750,0,0,0,2c.csv
3750,0,0,0,2d.csv
3750,0,0,0,2e.csv
3750,0,0,0,2f.csv
3750,0,0,0,2g.csv
3750,0,0,0,2h.csv
3750,0,0,0,2i.csv
3750,0,0,0,2j.csv
3750,1,0,1,2k.csv
3750,0,0,0,2l.csv
3750,2,1,1,3a.csv
3750,12,6,6,3b.csv
3750,5,3,2,3c.csv
3750,5,3,2,3d.csv
3750,4,4,0,3e.csv
3750,4,4,0,3f.csv
3750,5,5,0,3g.csv
3751,9,7,2,1a.csv
3751,3,2,1,1b.csv
3751,1,1,0,1c.csv
3751,0,0,0,1e.csv
3751,4,4,0,1f.csv
3751,0,0,0,1g.csv
3751,2,1,1,1h.csv
3751,1,1,0,1i.csv
3751,0,0,0,1j.csv
3751,0,0,0,1k.csv
3751,2,1,1,1l.csv
3751,3,3,0,1m.csv
3751,1,0,1,2a.csv
3751,3,3,0,2b.csv
3751,0,0,0,2c.csv
3751,0,0,0,2d.csv
3751,0,0,0,2e.csv
3751,0,0,0,2f.csv
3751,0,0,0,2g.csv
3751,0,0,0,2h.csv
3751,0,0,0,2i.csv
3751,0,0,0,2j.csv
3751,1,0,1,2k.csv
3751,0,0,0,2l.csv
3751,3,2,1,3a.csv
3751,18,10,8,3b.csv
3751,4,3,1,3c.csv
3751,4,3,1,3d.csv
3751,3,3,0,3e.csv
3751,4,4,0,3f.csv
3751,5,5,0,3g.csv
3752,12,10,2,1a.csv
3752,3,2,1,1b.csv
3752,1,1,0,1c.csv
3752,0,0,0,1e.csv
3752,5,5,0,1f.csv
3752,0,0,0,1g.csv
3752,2,1,1,1h.csv
3752,1,1,0,1i.csv
3752,0,0,0,1j.csv
3752,0,0,0,1k.csv
3752,2,1,1,1l.csv
3752,3,3,0,1m.csv
3752,1,0,1,2a.csv
3752,1,1,0,2b.csv
3752,0,0,0,2c.csv
3752,0,0,0,2d.csv
3752,0,0,0,2e.csv
3752,0,0,0,2f.csv
3752,0,0,0,2g.csv
3752,0,0,0,2h.csv
3752,0,0,0,2i.csv
3752,0,0,0,2j.csv
3752,1,0,1,2k.csv
3752,0,0,0,2l.csv
3752,3,2,1,3a.csv
3752,19,10,9,3b.csv
3752,4,3,1,3c.csv
3752,4,3,1,3d.csv
3752,3,3,0,3e.csv
3752,5,4,1,3f.csv
3752,5,5,0,3g.csv
3753,13,10,3,1a.csv
3753,2,1,1,1b.csv
3753,1,1,0,1c.csv
3753,0,0,0,1e.csv
3753,5,5,0,1f.csv
3753,0,0,0,1g.csv
3753,1,1,0,1h.csv
3753,1,1,0,1i.csv
3753,0,0,0,1j.csv
3753,0,0,0,1k.csv
3753,1,0,1,1l.csv
3753,3,3,0,1m.csv
3753,1,0,1,2a.csv
3753,1,1,0,2b.csv
3753,0,0,0,2c.csv
3753,0,0,0,2d.csv
3753,0,0,0,2e.csv
3753,0,0,0,2f.csv
3753,0,0,0,2g.csv
3753,0,0,0,2h.csv
3753,0,0,0,2i.csv
3753,0,0,0,2j.csv
3753,0,0,0,2k.csv
3753,0,0,0,2l.csv
3753,4,3,1,3a.csv
3753,21,13,8,3b.csv
3753,4,3,1,3c.csv
3753,4,3,1,3d.csv
3753,2,2,0,3e.csv
3753,9,8,1,3f.csv
3753,4,4,0,3g.csv
3754,16,13,3,1a.csv
3754,3,2,1,1b.csv
3754,0,0,0,1c.csv
3754,0,0,0,1e.csv
3754,5,5,0,1f.csv
3754,0,0,0,1g.csv
3754,1,1,0,1h.csv
3754,1,1,0,1i.csv
3754,0,0,0,1j.csv
3754,0,0,0,1k.csv
3754,1,0,1,1l.csv
3754,3,3,0,1m.csv
3754,1,0,1,2a.csv
3754,1,1,0,2b.csv
3754,0,0,0,2c.csv
3754,0,0,0,2d.csv
3754,0,0,0,2e.csv
3754,0,0,0,2f.csv
3754,0,0,0,2g.csv
3754,0,0,0,2h.csv
3754,0,0,0,2i.csv
3754,0,0,0,2j.csv
3754,0,0,0,2k.csv
3754,0,0,0,2l.csv
3754,4,3,1,3a.csv
3754,21,13,8,3b.csv
3754,4,3,1,3c.csv
3754,4,3,1,3d.csv
3754,1,1,0,3e.csv
3754,12,11,1,3f.csv
3754,4,4,0,3g.csv
3755,20,17,3,1a.csv
3755,2,1,1,1b.csv
3755,0,0,0,1c.csv
3755,0,0,0,1e.csv
3755,6,5,1,1f.csv
3755,0,0,0,1g.csv
3755,1,1,0,1h.csv
3755,0,0,0,1i.csv
3755,0,0,0,1j.csv
3755,0,0,0,1k.csv
3755,1,0,1,1l.csv
3755,2,2,0,1m.csv
3755,0,0,0,2a.csv
3755,1,1,0,2b.csv
3755,0,0,0,2c.csv
3755,0,0,0,2d.csv
3755,0,0,0,2e.csv
3755,0,0,0,2f.csv
3755,0,0,0,2g.csv
3755,0,0,0,2h.csv
3755,0,0,0,2i.csv
3755,0,0,0,2j.csv
3755,0,0,0,2k.csv
3755,0,0,0,2l.csv
3755,5,4,1,3a.csv
3755,20,12,8,3b.csv
3755,4,3,1,3c.csv
3755,4,3,1,3d.csv
3755,2,2,0,3e.csv
3755,14,13,1,3f.csv
3755,4,4,0,3g.csv
3756,19,16,3,1a.csv
3756,2,1,1,1b.csv
3756,0,0,0,1c.csv
3756,0,0,0,1e.csv
3756,4,3,1,1f.csv
3756,0,0,0,1g.csv
3756,1,1,0,1h.csv
3756,0,0,0,1i.csv
3756,0,0,0,1j.csv
3756,0,0,0,1k.csv
3756,1,0,1,1l.csv
3756,1,1,0,1m.csv
3756,1,0,1,2a.csv
3756,1,1,0,2b.csv
3756,0,0,0,2c.csv
3756,0,0,0,2d.csv
3756,0,0,0,2e.csv
3756,0,0,0,2f.csv
3756,0,0,0,2g.csv
3756,0,0,0,2h.csv
3756,0,0,0,2i.csv
3756,0,0,0,2j.csv
3756,0,0,0,2k.csv
3756,0,0,0,2l.csv
3756,5,4,1,3a.csv
3756,20,11,9,3b.csv
3756,2,1,1,3c.csv
3756,2,1,1,3d.csv
3756,3,3,0,3e.csv
3756,17,16,1,3f.csv
3756,3,3,0,3g.csv
3757,21,17,4,1a.csv
3757,4,3,1,1b.csv
3757,0,0,0,1c.csv
3757,0,0,0,1e.csv
3757,4,2,2,1f.csv
3757,0,0,0,1g.csv
3757,2,2,0,1h.csv
3757,0,0,0,1i.csv
3757,0,0,0,1j.csv
3757,0,0,0,1k.csv
3757,1,0,1,1l.csv
3757,1,1,0,1m.csv
3757,1,0,1,2a.csv
3757,1,1,0,2b.csv
3757,0,0,0,2c.csv
3757,0,0,0,2d.csv
3757,0,0,0,2e.csv
3757,0,0,0,2f.csv
3757,0,0,0,2g.csv
3757,0,0,0,2h.csv
3757,0,0,0,2i.csv
3757,0,0,0,2j.csv
3757,0,0,0,2k.csv
3757,0,0,0,2l.csv
3757,4,4,0,3a.csv
3757,20,12,8,3b.csv
3757,1,0,1,3c.csv
3757,1,0,1,3d.csv
3757,4,4,0,3e.csv
3757,17,16,1,3f.csv
3757,3,3,0,3g.csv
3758,21,17,4,1a.csv
3758,5,4,1,1b.csv
3758,0,0,0,1c.csv
3758,0,0,0,1e.csv
3758,3,1,2,1f.csv
3758,1,1,0,1g.csv
3758,1,1,0,1h.csv
3758,0,0,0,1i.csv
3758,0,0,0,1j.csv
3758,0,0,0,1k.csv
3758,3,2,1,1l.csv
3758,0,0,0,1m.csv
3758,1,0,1,2a.csv
3758,1,1,0,2b.csv
3758,0,0,0,2c.csv
3758,0,0,0,2d.csv
3758,0,0,0,2e.csv
3758,0,0,0,2f.csv
3758,0,0,0,2g.csv
3758,0,0,0,2h.csv
3758,0,0,0,2i.csv
3758,0,0,0,2j.csv
3758,0,0,0,2k.csv
3758,0,0,0,2l.csv
3758,8,8,0,3a.csv
3758,21,14,7,3b.csv
3758,0,0,0,3c.csv
3758,0,0,0,3d.csv
3758,4,4,0,3e.csv
3758,25,22,3,3f.csv
3758,1,1,0,3g.csv
3759,19,16,3,1a.csv
3759,5,4,1,1b.csv
3759,0,0,0,1c.csv
3759,0,0,0,1e.csv
3759,3,1,2,1f.csv
3759,1,1,0,1g.csv
3759,2,2,0,1h.csv
3759,0,0,0,1i.csv
3759,0,0,0,1j.csv
3759,1,1,0,1k.csv
3759,2,2,0,1l.csv
3759,0,0,0,1m.csv
3759,1,0,1,2a.csv
3759,1,1,0,2b.csv
3759,0,0,0,2c.csv
3759,0,0,0,2d.csv
3759,0,0,0,2e.csv
3759,0,0,0,2f.csv
3759,0,0,0,2g.csv
3759,0,0,0,2h.csv
3759,0,0,0,2i.csv
3759,0,0,0,2j.csv
3759,0,0,0,2k.csv
3759,0,0,0,2l.csv
3759,7,7,0,3a.csv
3759,16,11,5,3b.csv
3759,0,0,0,3c.csv
3759,0,0,0,3d.csv
3759,5,5,0,3e.csv
3759,26,23,3,3f.csv
3759,1,1,0,3g.csv
3760,15,12,3,1a.csv
3760,7,6,1,1b.csv
3760,0,0,0,1c.csv
3760,0,0,0,1e.csv
3760,3,1,2,1f.csv
3760,1,1,0,1g.csv
3760,2,2,0,1h.csv
3760,0,0,0,1i.csv
3760,0,0,0,1j.csv
3760,1,1,0,1k.csv
3760,3,2,1,1l.csv
3760,0,0,0,1m.csv
3760,1,0,1,2a.csv
3760,1,1,0,2b.csv
3760,0,0,0,2c.csv
3760,0,0,0,2d.csv
3760,0,0,0,2e.csv
3760,0,0,0,2f.csv
3760,0,0,0,2g.csv
3760,0,0,0,2h.csv
3760,0,0,0,2i.csv
3760,0,0,0,2j.csv
3760,0,0,0,2k.csv
3760,0,0,0,2l.csv
3760,8,8,0,3a.csv
3760,15,11,4,3b.csv
3760,0,0,0,3c.csv
3760,0,0,0,3d.csv
3760,7,6,1,3e.csv
3760,25,23,2,3f.csv
3760,2,2,0,3g.csv
3761,16,14,2,1a.csv
3761,6,6,0,1b.csv
3761,1,1,0,1c.csv
3761,0,0,0,1e.csv
3761,4,2,2,1f.csv
3761,1,1,0,1g.csv
3761,2,2,0,1h.csv
3761,0,0,0,1i.csv
3761,0,0,0,1j.csv
3761,1,1,0,1k.csv
3761,3,2,1,1l.csv
3761,1,1,0,1m.csv
3761,1,0,1,2a.csv
3761,1,1,0,2b.csv
3761,0,0,0,2c.csv
3761,0,0,0,2d.csv
3761,0,0,0,2e.csv
3761,0,0,0,2f.csv
3761,0,0,0,2g.csv
3761,0,0,0,2h.csv
3761,0,0,0,2i.csv
3761,0,0,0,2j.csv
3761,0,0,0,2k.csv
3761,0,0,0,2l.csv
3761,8,8,0,3a.csv
3761,15,10,5,3b.csv
3761,2,2,0,3c.csv
3761,2,2,0,3d.csv
3761,9,8,1,3e.csv
3761,23,20,3,3f.csv
3761,3,3,0,3g.csv
3762,12,10,2,1a.csv
3762,6,6,0,1b.csv
3762,1,1,0,1c.csv
3762,0,0,0,1e.csv
3762,4,2,2,1f.csv
3762,1,1,0,1g.csv
3762,2,2,0,1h.csv
3762,0,0,0,1i.csv
3762,0,0,0,1j.csv
3762,1,1,0,1k.csv
3762,3,2,1,1l.csv
3762,1,1,0,1m.csv
3762,1,0,1,2a.csv
3762,1,1,0,2b.csv
3762,0,0,0,2c.csv
3762,0,0,0,2d.csv
3762,0,0,0,2e.csv
3762,0,0,0,2f.csv
3762,0,0,0,2g.csv
3762,0,0,0,2h.csv
3762,0,0,0,2i.csv
3762,0,0,0,2j.csv
3762,0,0,0,2k.csv
3762,0,0,0,2l.csv
3762,9,9,0,3a.csv
3762,18,12,6,3b.csv
3762,3,3,0,3c.csv
3762,3,3,0,3d.csv
3762,9,8,1,3e.csv
3762,21,18,3,3f.csv
3762,3,3,0,3g.csv
3763,10,8,2,1a.csv
3763,7,6,1,1b.csv
3763,1,1,0,1c.csv
3763,0,0,0,1e.csv
3763,3,2,1,1f.csv
3763,1,1,0,1g.csv
3763,2,2,0,1h.csv
3763,0,0,0,1i.csv
3763,0,0,0,1j.csv
3763,1,1,0,1k.csv
3763,3,2,1,1l.csv
3763,2,2,0,1m.csv
3763,1,0,1,2a.csv
3763,0,0,0,2b.csv
3763,0,0,0,2c.csv
3763,0,0,0,2d.csv
3763,0,0,0,2e.csv
3763,0,0,0,2f.csv
3763,0,0,0,2g.csv
3763,0,0,0,2h.csv
3763,0,0,0,2i.csv
3763,0,0,0,2j.csv
3763,0,0,0,2k.csv
3763,0,0,0,2l.csv
3763,8,8,0,3a.csv
3763,14,10,4,3b.csv
3763,3,3,0,3c.csv
3763,3,3,0,3d.csv
3763,9,8,1,3e.csv
3763,21,18,3,3f.csv
3763,4,3,1,3g.csv
3764,10,9,1,1a.csv
3764,7,6,1,1b.csv
3764,1,1,0,1c.csv
3764,0,0,0,1e.csv
3764,4,3,1,1f.csv
3764,1,1,0,1g.csv
3764,2,2,0,1h.csv
3764,0,0,0,1i.csv
3764,0,0,0,1j.csv
3764,1,1,0,1k.csv
3764,4,2,2,1l.csv
3764,2,2,0,1m.csv
3764,0,0,0,2a.csv
3764,0,0,0,2b.csv
3764,0,0,0,2c.csv
3764,0,0,0,2d.csv
3764,0,0,0,2e.csv
3764,0,0,0,2f.csv
3764,0,0,0,2g.csv
3764,0,0,0,2h.csv
3764,0,0,0,2i.csv
3764,0,0,0,2j.csv
3764,0,0,0,2k.csv
3764,0,0,0,2l.csv
3764,9,9,0,3a.csv
3764,13,9,4,3b.csv
3764,3,3,0,3c.csv
3764,3,3,0,3d.csv
3764,8,7,1,3e.csv
3764,19,16,3,3f.csv
3764,5,3,2,3g.csv
3765,9,9,0,1a.csv
3765,5,4,1,1b.csv
3765,1,1,0,1c.csv
3765,0,0,0,1e.csv
3765,3,3,0,1f.csv
3765,1,1,0,1g.csv
3765,1,1,0,1h.csv
3765,0,0,0,1i.csv
3765,0,0,0,1j.csv
3765,1,1,0,1k.csv
3765,5,3,2,1l.csv
3765,2,2,0,1m.csv
3765,0,0,0,2a.csv
3765,1,1,0,2b.csv
3765,0,0,0,2c.csv
3765,0,0,0,2d.csv
3765,0,0,0,2e.csv
3765,0,0,0,2f.csv
3765,0,0,0,2g.csv
3765,0,0,0,2h.csv
3765,0,0,0,2i.csv
3765,0,0,0,2j.csv
3765,0,0,0,2k.csv
3765,0,0,0,2l.csv
3765,10,10,0,3a.csv
3765,12,9,3,3b.csv
3765,4,4,0,3c.csv
3765,4,4,0,3d.csv
3765,6,5,1,3e.csv
3765,19,16,3,3f.csv
3765,4,2,2,3g.csv
3766,9,9,0,1a.csv
3766,4,3,1,1b.csv
3766,2,2,0,1c.csv
3766,0,0,0,1e.csv
3766,3,3,0,1f.csv
3766,0,0,0,1g.csv
3766,1,1,0,1h.csv
3766,0,0,0,1i.csv
3766,0,0,0,1j.csv
3766,1,1,0,1k.csv
3766,3,1,2,1l.csv
3766,2,2,0,1m.csv
3766,0,0,0,2a.csv
3766,1,1,0,2b.csv
3766,0,0,0,2c.csv
3766,0,0,0,2d.csv
3766,0,0,0,2e.csv
3766,0,0,0,2f.csv
3766,0,0,0,2g.csv
3766,0,0,0,2h.csv
3766,0,0,0,2i.csv
3766,0,0,0,2j.csv
3766,0,0,0,2k.csv
3766,0,0,0,2l.csv
3766,6,6,0,3a.csv
3766,11,8,3,3b.csv
3766,4,4,0,3c.csv
3766,4,4,0,3d.csv
3766,6,5,1,3e.csv
3766,9,8,1,3f.csv
3766,5,3,2,3g.csv
3767,9,9,0,1a.csv
3767,4,3,1,1b.csv
3767,2,2,0,1c.csv
3767,0,0,0,1e.csv
3767,3,3,0,1f.csv
3767,0,0,0,1g.csv
3767,2,2,0,1h.csv
3767,0,0,0,1i.csv
3767,0,0,0,1j.csv
3767,0,0,0,1k.csv
3767,5,1,4,1l.csv
3767,2,2,0,1m.csv
3767,0,0,0,2a.csv
3767,1,1,0,2b.csv
3767,0,0,0,2c.csv
3767,0,0,0,2d.csv
3767,0,0,0,2e.csv
3767,0,0,0,2f.csv
3767,0,0,0,2g.csv
3767,0,0,0,2h.csv
3767,0,0,0,2i.csv
3767,0,0,0,2j.csv
3767,0,0,0,2k.csv
3767,0,0,0,2l.csv
3767,7,7,0,3a.csv
3767,11,7,4,3b.csv
3767,4,4,0,3c.csv
3767,4,4,0,3d.csv
3767,5,4,1,3e.csv
3767,9,8,1,3f.csv
3767,5,3,2,3g.csv
3768,9,9,0,1a.csv
3768,2,1,1,1b.csv
3768,2,2,0,1c.csv
3768,0,0,0,1e.csv
3768,3,3,0,1f.csv
3768,0,0,0,1g.csv
3768,2,2,0,1h.csv
3768,1,1,0,1i.csv
3768,1,0,1,1j.csv
3768,0,0,0,1k.csv
3768,4,1,3,1l.csv
3768,2,2,0,1m.csv
3768,0,0,0,2a.csv
3768,1,1,0,2b.csv
3768,0,0,0,2c.csv
3768,0,0,0,2d.csv
3768,0,0,0,2e.csv
3768,0,0,0,2f.csv
3768,0,0,0,2g.csv
3768,0,0,0,2h.csv
3768,0,0,0,2i.csv
3768,0,0,0,2j.csv
3768,0,0,0,2k.csv
3768,0,0,0,2l.csv
3768,6,6,0,3a.csv
3768,10,6,4,3b.csv
3768,4,4,0,3c.csv
3768,4,4,0,3d.csv
3768,3,3,0,3e.csv
3768,8,7,1,3f.csv
3768,5,3,2,3g.csv
3769,11,11,0,1a.csv
3769,2,1,1,1b.csv
3769,1,1,0,1c.csv
3769,0,0,0,1e.csv
3769,2,2,0,1f.csv
3769,0,0,0,1g.csv
3769,2,2,0,1h.csv
3769,1,1,0,1i.csv
3769,1,0,1,1j.csv
3769,0,0,0,1k.csv
3769,5,1,4,1l.csv
3769,1,1,0,1m.csv
3769,0,0,0,2a.csv
3769,1,1,0,2b.csv
3769,0,0,0,2c.csv
3769,0,0,0,2d.csv
3769,0,0,0,2e.csv
3769,0,0,0,2f.csv
3769,0,0,0,2g.csv
3769,0,0,0,2h.csv
3769,0,0,0,2i.csv
3769,0,0,0,2j.csv
3769,0,0,0,2k.csv
3769,0,0,0,2l.csv
3769,5,5,0,3a.csv
3769,9,6,3,3b.csv
3769,2,2,0,3c.csv
3769,2,2,0,3d.csv
3769,2,2,0,3e.csv
3769,7,7,0,3f.csv
3769,4,2,2,3g.csv
3770,13,12,1,1a.csv
3770,1,0,1,1b.csv
3770,1,1,0,1c.csv
3770,0,0,0,1e.csv
3770,2,2,0,1f.csv
3770,0,0,0,1g.csv
3770,2,2,0,1h.csv
3770,1,1,0,1i.csv
3770,1,0,1,1j.csv
3770,0,0,0,1k.csv
3770,5,1,4,1l.csv
3770,1,1,0,1m.csv
3770,1,1,0,2a.csv
3770,1,1,0,2b.csv
3770,0,0,0,2c.csv
3770,0,0,0,2d.csv
3770,0,0,0,2e.csv
3770,0,0,0,2f.csv
3770,0,0,0,2g.csv
3770,0,0,0,2h.csv
3770,0,0,0,2i.csv
3770,0,0,0,2j.csv
3770,0,0,0,2k.csv
3770,0,0,0,2l.csv
3770,4,4,0,3a.csv
3770,7,4,3,3b.csv
3770,1,1,0,3c.csv
3770,1,1,0,3d.csv
3770,2,2,0,3e.csv
3770,6,6,0,3f.csv
3770,4,2,2,3g.csv
3771,12,11,1,1a.csv
3771,0,0,0,1b.csv
3771,1,1,0,1c.csv
3771,0,0,0,1e.csv
3771,3,3,0,1f.csv
3771,0,0,0,1g.csv
3771,2,2,0,1h.csv
3771,1,1,0,1i.csv
3771,1,0,1,1j.csv
3771,0,0,0,1k.csv
3771,5,1,4,1l.csv
3771,0,0,0,1m.csv
3771,1,1,0,2a.csv
3771,1,1,0,2b.csv
3771,0,0,0,2c.csv
3771,0,0,0,2d.csv
3771,1,0,1,2e.csv
3771,0,0,0,2f.csv
3771,0,0,0,2g.csv
3771,0,0,0,2h.csv
3771,0,0,0,2i.csv
3771,0,0,0,2j.csv
3771,0,0,0,2k.csv
3771,1,0,1,2l.csv
3771,4,4,0,3a.csv
3771,7,4,3,3b.csv
3771,1,1,0,3c.csv
3771,1,1,0,3d.csv
3771,1,1,0,3e.csv
3771,4,4,0,3f.csv
3771,4,2,2,3g.csv
3772,11,10,1,1a.csv
3772,0,0,0,1b.csv
3772,1,1,0,1c.csv
3772,0,0,0,1e.csv
3772,2,2,0,1f.csv
3772,0,0,0,1g.csv
3772,2,2,0,1h.csv
3772,2,2,0,1i.csv
3772,1,0,1,1j.csv
3772,0,0,0,1k.csv
3772,4,1,3,1l.csv
3772,0,0,0,1m.csv
3772,1,1,0,2a.csv
3772,1,1,0,2b.csv
3772,0,0,0,2c.csv
3772,0,0,0,2d.csv
3772,2,1,1,2e.csv
3772,0,0,0,2f.csv
3772,0,0,0,2g.csv
3772,0,0,0,2h.csv
3772,0,0,0,2i.csv
3772,0,0,0,2j.csv
3772,0,0,0,2k.csv
3772,1,0,1,2l.csv
3772,2,2,0,3a.csv
3772,6,4,2,3b.csv
3772,1,1,0,3c.csv
3772,1,1,0,3d.csv
3772,2,2,0,3e.csv
3772,3,3,0,3f.csv
3772,3,2,1,3g.csv
3773,11,10,1,1a.csv
3773,0,0,0,1b.csv
3773,1,1,0,1c.csv
3773,0,0,0,1e.csv
3773,2,2,0,1f.csv
3773,0,0,0,1g.csv
3773,3,3,0,1h.csv
3773,2,2,0,1i.csv
3773,1,0,1,1j.csv
3773,0,0,0,1k.csv
3773,3,0,3,1l.csv
3773,0,0,0,1m.csv
3773,1,1,0,2a.csv
3773,0,0,0,2b.csv
3773,0,0,0,2c.csv
3773,0,0,0,2d.csv
3773,2,1,1,2e.csv
3773,0,0,0,2f.csv
3773,0,0,0,2g.csv
3773,0,0,0,2h.csv
3773,0,0,0,2i.csv
3773,0,0,0,2j.csv
3773,0,0,0,2k.csv
3773,1,0,1,2l.csv
3773,2,2,0,3a.csv
3773,5,3,2,3b.csv
3773,0,0,0,3c.csv
3773,0,0,0,3d.csv
3773,2,2,0,3e.csv
3773,3,3,0,3f.csv
3773,4,3,1,3g.csv
3774,11,10,1,1a.csv
3774,0,0,0,1b.csv
3774,0,0,0,1c.csv
3774,0,0,0,1e.csv
3774,2,2,0,1f.csv
3774,0,0,0,1g.csv
3774,5,4,1,1h.csv
3774,2,2,0,1i.csv
3774,1,0,1,1j.csv
3774,0,0,0,1k.csv
3774,5,2,3,1l.csv
3774,0,0,0,1m.csv
3774,1,1,0,2a.csv
3774,0,0,0,2b.csv
3774,0,0,0,2c.csv
3774,0,0,0,2d.csv
3774,3,2,1,2e.csv
3774,0,0,0,2f.csv
3774,0,0,0,2g.csv
3774,0,0,0,2h.csv
3774,0,0,0,2i.csv
3774,0,0,0,2j.csv
3774,0,0,0,2k.csv
3774,1,0,1,2l.csv
3774,2,2,0,3a.csv
3774,5,2,3,3b.csv
3774,2,2,0,3c.csv
3774,2,2,0,3d.csv
3774,2,2,0,3e.csv
3774,3,3,0,3f.csv
3774,3,2,1,3g.csv
3775,10,9,1,1a.csv
3775,1,1,0,1b.csv
3775,0,0,0,1c.csv
3775,0,0,0,1e.csv
3775,3,2,1,1f.csv
3775,0,0,0,1g.csv
3775,4,3,1,1h.csv
3775,2,2,0,1i.csv
3775,1,0,1,1j.csv
3775,0,0,0,1k.csv
3775,4,3,1,1l.csv
3775,0,0,0,1m.csv
3775,1,1,0,2a.csv
3775,0,0,0,2b.csv
3775,0,0,0,2c.csv
3775,0,0,0,2d.csv
3775,3,2,1,2e.csv
3775,0,0,0,2f.csv
3775,0,0,0,2g.csv
3775,0,0,0,2h.csv
3775,0,0,0,2i.csv
3775,0,0,0,2j.csv
3775,0,0,0,2k.csv
3775,1,0,1,2l.csv
3775,1,1,0,3a.csv
3775,6,4,2,3b.csv
3775,2,2,0,3c.csv
3775,2,2,0,3d.csv
3775,4,4,0,3e.csv
3775,5,5,0,3f.csv
3775,3,2,1,3g.csv
3776,11,10,1,1a.csv
3776,1,1,0,1b.csv
3776,0,0,0,1c.csv
3776,0,0,0,1e.csv
3776,2,1,1,1f.csv
3776,0,0,0,1g.csv
3776,4,3,1,1h.csv
3776,1,1,0,1i.csv
3776,0,0,0,1j.csv
3776,0,0,0,1k.csv
3776,4,3,1,1l.csv
3776,0,0,0,1m.csv
3776,1,1,0,2a.csv
3776,0,0,0,2b.csv
3776,0,0,0,2c.csv
3776,0,0,0,2d.csv
3776,3,2,1,2e.csv
3776,1,0,1,2f.csv
3776,0,0,0,2g.csv
3776,0,0,0,2h.csv
3776,0,0,0,2i.csv
3776,0,0,0,2j.csv
3776,0,0,0,2k.csv
3776,1,0,1,2l.csv
3776,1,1,0,3a.csv
3776,6,4,2,3b.csv
3776,2,2,0,3c.csv
3776,2,2,0,3d.csv
3776,4,4,0,3e.csv
3776,7,7,0,3f.csv
3776,2,1,1,3g.csv
3777,7,6,1,1a.csv
3777,1,1,0,1b.csv
3777,0,0,0,1c.csv
3777,0,0,0,1e.csv
3777,2,1,1,1f.csv
3777,0,0,0,1g.csv
3777,4,3,1,1h.csv
3777,2,1,1,1i.csv
3777,0,0,0,1j.csv
3777,0,0,0,1k.csv
3777,4,4,0,1l.csv
3777,0,0,0,1m.csv
3777,1,1,0,2a.csv
3777,0,0,0,2b.csv
3777,1,1,0,2c.csv
3777,0,0,0,2d.csv
3777,4,3,1,2e.csv
3777,1,0,1,2f.csv
3777,0,0,0,2g.csv
3777,0,0,0,2h.csv
3777,0,0,0,2i.csv
3777,0,0,0,2j.csv
3777,0,0,0,2k.csv
3777,1,0,1,2l.csv
3777,3,3,0,3a.csv
3777,5,2,3,3b.csv
3777,2,2,0,3c.csv
3777,2,2,0,3d.csv
3777,3,3,0,3e.csv
3777,7,7,0,3f.csv
3777,2,1,1,3g.csv
3778,6,6,0,1a.csv
3778,3,3,0,1b.csv
3778,1,1,0,1c.csv
3778,0,0,0,1e.csv
3778,2,1,1,1f.csv
3778,0,0,0,1g.csv
3778,4,3,1,1h.csv
3778,2,1,1,1i.csv
3778,0,0,0,1j.csv
3778,0,0,0,1k.csv
3778,4,4,0,1l.csv
3778,0,0,0,1m.csv
3778,0,0,0,2a.csv
3778,0,0,0,2b.csv
3778,1,1,0,2c.csv
3778,0,0,0,2d.csv
3778,4,3,1,2e.csv
3778,1,0,1,2f.csv
3778,0,0,0,2g.csv
3778,0,0,0,2h.csv
3778,0,0,0,2i.csv
3778,0,0,0,2j.csv
3778,0,0,0,2k.csv
3778,1,0,1,2l.csv
3778,3,3,0,3a.csv
3778,5,3,2,3b.csv
3778,2,2,0,3c.csv
3778,2,2,0,3d.csv
3778,3,3,0,3e.csv
3778,8,8,0,3f.csv
3778,2,1,1,3g.csv
3779,7,6,1,1a.csv
3779,4,4,0,1b.csv
3779,1,1,0,1c.csv
3779,0,0,0,1e.csv
3779,2,0,2,1f.csv
3779,0,0,0,1g.csv
3779,4,3,1,1h.csv
3779,2,1,1,1i.csv
3779,0,0,0,1j.csv
3779,0,0,0,1k.csv
3779,4,4,0,1l.csv
3779,0,0,0,1m.csv
3779,0,0,0,2a.csv
3779,0,0,0,2b.csv
3779,1,1,0,2c.csv
3779,0,0,0,2d.csv
3779,4,4,0,2e.csv
3779,1,0,1,2f.csv
3779,0,0,0,2g.csv
3779,0,0,0,2h.csv
3779,0,0,0,2i.csv
3779,0,0,0,2j.csv
3779,0,0,0,2k.csv
3779,0,0,0,2l.csv
3779,5,5,0,3a.csv
3779,6,4,2,3b.csv
3779,2,2,0,3c.csv
3779,2,2,0,3d.csv
3779,3,3,0,3e.csv
3779,8,8,0,3f.csv
3779,1,1,0,3g.csv
3780,10,8,2,1a.csv
3780,4,4,0,1b.csv
3780,1,1,0,1c.csv
3780,0,0,0,1e.csv
3780,2,0,2,1f.csv
3780,0,0,0,1g.csv
3780,5,4,1,1h.csv
3780,1,0,1,1i.csv
3780,0,0,0,1j.csv
3780,0,0,0,1k.csv
3780,5,5,0,1l.csv
3780,0,0,0,1m.csv
3780,0,0,0,2a.csv
3780,0,0,0,2b.csv
3780,1,1,0,2c.csv
3780,0,0,0,2d.csv
3780,3,3,0,2e.csv
3780,1,0,1,2f.csv
3780,0,0,0,2g.csv
3780,0,0,0,2h.csv
3780,0,0,0,2i.csv
3780,0,0,0,2j.csv
3780,0,0,0,2k.csv
3780,0,0,0,2l.csv
3780,5,5,0,3a.csv
3780,6,4,2,3b.csv
3780,2,2,0,3c.csv
3780,2,2,0,3d.csv
3780,2,2,0,3e.csv
3780,8,8,0,3f.csv
3780,2,2,0,3g.csv
3781,11,9,2,1a.csv
3781,4,4,0,1b.csv
3781,2,2,0,1c.csv
3781,0,0,0,1e.csv
3781,2,0,2,1f.csv
3781,0,0,0,1g.csv
3781,4,3,1,1h.csv
3781,1,0,1,1i.csv
3781,0,0,0,1j.csv
3781,0,0,0,1k.csv
3781,5,5,0,1l.csv
3781,0,0,0,1m.csv
3781,0,0,0,2a.csv
3781,1,1,0,2b.csv
3781,1,1,0,2c.csv
3781,0,0,0,2d.csv
3781,3,3,0,2e.csv
3781,2,0,2,2f.csv
3781,0,0,0,2g.csv
3781,0,0,0,2h.csv
3781,0,0,0,2i.csv
3781,0,0,0,2j.csv
3781,0,0,0,2k.csv
3781,0,0,0,2l.csv
3781,5,4,1,3a.csv
3781,6,4,2,3b.csv
3781,2,2,0,3c.csv
3781,2,2,0,3d.csv
3781,4,4,0,3e.csv
3781,9,9,0,3f.csv
3781,1,1,0,3g.csv
3782,11,8,3,1a.csv
3782,5,5,0,1b.csv
3782,2,2,0,1c.csv
3782,0,0,0,1e.csv
3782,2,0,2,1f.csv
3782,0,0,0,1g.csv
3782,4,4,0,1h.csv
3782,1,0,1,1i.csv
3782,0,0,0,1j.csv
3782,0,0,0,1k.csv
3782,4,4,0,1l.csv
3782,0,0,0,1m.csv
3782,0,0,0,2a.csv
3782,2,1,1,2b.csv
3782,1,1,0,2c.csv
3782,0,0,0,2d.csv
3782,2,2,0,2e.csv
3782,2,0,2,2f.csv
3782,0,0,0,2g.csv
3782,0,0,0,2h.csv
3782,0,0,0,2i.csv
3782,0,0,0,2j.csv
3782,0,0,0,2k.csv
3782,0,0,0,2l.csv
3782,5,4,1,3a.csv
3782,5,4,1,3b.csv
3782,1,1,0,3c.csv
3782,1,1,0,3d.csv
3782,4,4,0,3e.csv
3782,10,10,0,3f.csv
3782,1,1,0,3g.csv
3783,11,8,3,1a.csv
3783,4,4,0,1b.csv
3783,2,2,0,1c.csv
3783,0,0,0,1e.csv
3783,1,0,1,1f.csv
3783,0,0,0,1g.csv
3783,3,3,0,1h.csv
3783,1,0,1,1i.csv
3783,0,0,0,1j.csv
3783,0,0,0,1k.csv
3783,3,3,0,1l.csv
3783,0,0,0,1m.csv
3783,0,0,0,2a.csv
3783,2,1,1,2b.csv
3783,1,1,0,2c.csv
3783,0,0,0,2d.csv
3783,2,2,0,2e.csv
3783,2,0,2,2f.csv
3783,0,0,0,2g.csv
3783,0,0,0,2h.csv
3783,0,0,0,2i.csv
3783,0,0,0,2j.csv
3783,0,0,0,2k.csv
3783,0,0,0,2l.csv
3783,6,5,1,3a.csv
3783,3,2,1,3b.csv
3783,1,1,0,3c.csv
3783,1,1,0,3d.csv
3783,2,2,0,3e.csv
3783,7,7,0,3f.csv
3783,2,1,1,3g.csv
3784,13,9,4,1a.csv
3784,6,6,0,1b.csv
3784,2,2,0,1c.csv
3784,0,0,0,1e.csv
3784,1,0,1,1f.csv
3784,0,0,0,1g.csv
3784,3,3,0,1h.csv
3784,1,0,1,1i.csv
3784,0,0,0,1j.csv
3784,0,0,0,1k.csv
3784,3,3,0,1l.csv
3784,0,0,0,1m.csv
3784,0,0,0,2a.csv
3784,2,1,1,2b.csv
3784,1,1,0,2c.csv
3784,0,0,0,2d.csv
3784,2,2,0,2e.csv
3784,1,0,1,2f.csv
3784,0,0,0,2g.csv
3784,0,0,0,2h.csv
3784,0,0,0,2i.csv
3784,1,1,0,2j.csv
3784,0,0,0,2k.csv
3784,1,0,1,2l.csv
3784,7,6,1,3a.csv
3784,4,3,1,3b.csv
3784,1,1,0,3c.csv
3784,1,1,0,3d.csv
3784,5,5,0,3e.csv
3784,6,6,0,3f.csv
3784,2,1,1,3g.csv
3785,14,9,5,1a.csv
3785,7,7,0,1b.csv
3785,2,2,0,1c.csv
3785,0,0,0,1e.csv
3785,2,0,2,1f.csv
3785,0,0,0,1g.csv
3785,3,3,0,1h.csv
3785,0,0,0,1i.csv
3785,0,0,0,1j.csv
3785,0,0,0,1k.csv
3785,3,2,1,1l.csv
3785,0,0,0,1m.csv
3785,0,0,0,2a.csv
3785,2,1,1,2b.csv
3785,0,0,0,2c.csv
3785,0,0,0,2d.csv
3785,1,1,0,2e.csv
3785,1,0,1,2f.csv
3785,0,0,0,2g.csv
3785,0,0,0,2h.csv
3785,0,0,0,2i.csv
3785,1,1,0,2j.csv
3785,0,0,0,2k.csv
3785,1,0,1,2l.csv
3785,6,5,1,3a.csv
3785,3,3,0,3b.csv
3785,2,1,1,3c.csv
3785,2,1,1,3d.csv
3785,5,5,0,3e.csv
3785,5,5,0,3f.csv
3785,2,1,1,3g.csv
3786,14,9,5,1a.csv
3786,6,6,0,1b.csv
3786,1,1,0,1c.csv
3786,0,0,0,1e.csv
3786,2,0,2,1f.csv
3786,0,0,0,1g.csv
3786,4,4,0,1h.csv
3786,1,1,0,1i.csv
3786,0,0,0,1j.csv
3786,0,0,0,1k.csv
3786,3,2,1,1l.csv
3786,0,0,0,1m.csv
3786,0,0,0,2a.csv
3786,2,1,1,2b.csv
3786,0,0,0,2c.csv
3786,0,0,0,2d.csv
3786,1,1,0,2e.csv
3786,2,0,2,2f.csv
3786,0,0,0,2g.csv
3786,1,0,1,2h.csv
3786,0,0,0,2i.csv
3786,1,1,0,2j.csv
3786,0,0,0,2k.csv
3786,1,0,1,2l.csv
3786,7,6,1,3a.csv
3786,3,3,0,3b.csv
3786,2,1,1,3c.csv
3786,2,1,1,3d.csv
3786,6,5,1,3e.csv
3786,5,5,0,3f.csv
3786,2,1,1,3g.csv
3787,12,8,4,1a.csv
3787,6,6,0,1b.csv
3787,1,1,0,1c.csv
3787,0,0,0,1e.csv
3787,1,0,1,1f.csv
3787,0,0,0,1g.csv
3787,4,4,0,1h.csv
3787,1,1,0,1i.csv
3787,0,0,0,1j.csv
3787,0,0,0,1k.csv
3787,3,2,1,1l.csv
3787,0,0,0,1m.csv
3787,0,0,0,2a.csv
3787,2,1,1,2b.csv
3787,0,0,0,2c.csv
3787,0,0,0,2d.csv
3787,0,0,0,2e.csv
3787,2,0,2,2f.csv
3787,0,0,0,2g.csv
3787,1,0,1,2h.csv
3787,0,0,0,2i.csv
3787,1,1,0,2j.csv
3787,0,0,0,2k.csv
3787,1,0,1,2l.csv
3787,5,4,1,3a.csv
3787,2,2,0,3b.csv
3787,2,1,1,3c.csv
3787,2,1,1,3d.csv
3787,6,5,1,3e.csv
3787,6,6,0,3f.csv
3787,2,1,1,3g.csv
3788,10,6,4,1a.csv
3788,8,8,0,1b.csv
3788,1,1,0,1c.csv
3788,0,0,0,1e.csv
3788,1,0,1,1f.csv
3788,0,0,0,1g.csv
3788,3,3,0,1h.csv
3788,1,1,0,1i.csv
3788,0,0,0,1j.csv
3788,0,0,0,1k.csv
3788,2,1,1,1l.csv
3788,0,0,0,1m.csv
3788,0,0,0,2a.csv
3788,2,1,1,2b.csv
3788,0,0,0,2c.csv
3788,0,0,0,2d.csv
3788,0,0,0,2e.csv
3788,2,0,2,2f.csv
3788,0,0,0,2g.csv
3788,1,0,1,2h.csv
3788,0,0,0,2i.csv
3788,1,1,0,2j.csv
3788,0,0,0,2k.csv
3788,1,0,1,2l.csv
3788,5,4,1,3a.csv
3788,3,3,0,3b.csv
3788,3,2,1,3c.csv
3788,3,2,1,3d.csv
3788,6,5,1,3e.csv
3788,7,7,0,3f.csv
3788,2,1,1,3g.csv
3789,8,4,4,1a.csv
3789,8,8,0,1b.csv
3789,0,0,0,1c.csv
3789,0,0,0,1e.csv
3789,1,0,1,1f.csv
3789,0,0,0,1g.csv
3789,3,3,0,1h.csv
3789,1,1,0,1i.csv
3789,0,0,0,1j.csv
3789,0,0,0,1k.csv
3789,2,1,1,1l.csv
3789,0,0,0,1m.csv
3789,0,0,0,2a.csv
3789,2,1,1,2b.csv
3789,0,0,0,2c.csv
3789,0,0,0,2d.csv
3789,0,0,0,2e.csv
3789,1,0,1,2f.csv
3789,0,0,0,2g.csv
3789,1,0,1,2h.csv
3789,0,0,0,2i.csv
3789,1,1,0,2j.csv
3789,0,0,0,2k.csv
3789,1,0,1,2l.csv
3789,4,4,0,3a.csv
3789,3,3,0,3b.csv
3789,3,2,1,3c.csv
3789,3,2,1,3d.csv
3789,5,4,1,3e.csv
3789,6,6,0,3f.csv
3789,2,1,1,3g.csv
3790,6,3,3,1a.csv
3790,7,7,0,1b.csv
3790,0,0,0,1c.csv
3790,1,0,1,1e.csv
3790,1,0,1,1f.csv
3790,0,0,0,1g.csv
3790,1,1,0,1h.csv
3790,2,2,0,1i.csv
3790,0,0,0,1j.csv
3790,0,0,0,1k.csv
3790,2,1,1,1l.csv
3790,0,0,0,1m.csv
3790,0,0,0,2a.csv
3790,1,1,0,2b.csv
3790,0,0,0,2c.csv
3790,0,0,0,2d.csv
3790,0,0,0,2e.csv
3790,1,0,1,2f.csv
3790,0,0,0,2g.csv
3790,1,0,1,2h.csv
3790,0,0,0,2i.csv
3790,1,1,0,2j.csv
3790,0,0,0,2k.csv
3790,1,0,1,2l.csv
3790,4,4,0,3a.csv
3790,3,3,0,3b.csv
3790,2,1,1,3c.csv
3790,2,1,1,3d.csv
3790,6,5,1,3e.csv
3790,6,6,0,3f.csv
3790,2,1,1,3g.csv
3791,6,3,3,1a.csv
3791,8,8,0,1b.csv
3791,0,0,0,1c.csv
3791,1,0,1,1e.csv
3791,1,0,1,1f.csv
3791,0,0,0,1g.csv
3791,2,2,0,1h.csv
3791,2,2,0,1i.csv
3791,0,0,0,1j.csv
3791,0,0,0,1k.csv
3791,3,2,1,1l.csv
3791,0,0,0,1m.csv
3791,0,0,0,2a.csv
3791,1,1,0,2b.csv
3791,0,0,0,2c.csv
3791,0,0,0,2d.csv
3791,0,0,0,2e.csv
3791,1,0,1,2f.csv
3791,0,0,0,2g.csv
3791,1,0,1,2h.csv
3791,0,0,0,2i.csv
3791,1,1,0,2j.csv
3791,0,0,0,2k.csv
3791,1,0,1,2l.csv
3791,3,3,0,3a.csv
3791,4,4,0,3b.csv
3791,2,1,1,3c.csv
3791,2,1,1,3d.csv
3791,6,5,1,3e.csv
3791,7,7,0,3f.csv
3791,2,2,0,3g.csv
3792,4,2,2,1a.csv
3792,6,6,0,1b.csv
3792,0,0,0,1c.csv
3792,1,0,1,1e.csv
3792,1,0,1,1f.csv
3792,0,0,0,1g.csv
3792,3,3,0,1h.csv
3792,2,2,0,1i.csv
3792,0,0,0,1j.csv
3792,0,0,0,1k.csv
3792,3,2,1,1l.csv
3792,0,0,0,1m.csv
3792,0,0,0,2a.csv
3792,1,1,0,2b.csv
3792,0,0,0,2c.csv
3792,0,0,0,2d.csv
3792,0,0,0,2e.csv
3792,1,0,1,2f.csv
3792,0,0,0,2g.csv
3792,1,0,1,2h.csv
3792,0,0,0,2i.csv
3792,0,0,0,2j.csv
3792,0,0,0,2k.csv
3792,0,0,0,2l.csv
3792,3,3,0,3a.csv
3792,3,3,0,3b.csv
3792,2,1,1,3c.csv
3792,2,1,1,3d.csv
3792,4,3,1,3e.csv
3792,7,7,0,3f.csv
3792,2,2,0,3g.csv
3793,4,3,1,1a.csv
3793,7,7,0,1b.csv
3793,0,0,0,1c.csv
3793,1,0,1,1e.csv
3793,1,1,0,1f.csv
3793,0,0,0,1g.csv
3793,3,3,0,1h.csv
3793,2,2,0,1i.csv
3793,0,0,0,1j.csv
3793,0,0,0,1k.csv
3793,3,3,0,1l.csv
3793,0,0,0,1m.csv
3793,0,0,0,2a.csv
3793,1,1,0,2b.csv
3793,0,0,0,2c.csv
3793,0,0,0,2d.csv
3793,0,0,0,2e.csv
3793,1,0,1,2f.csv
3793,0,0,0,2g.csv
3793,1,0,1,2h.csv
3793,0,0,0,2i.csv
3793,0,0,0,2j.csv
3793,0,0,0,2k.csv
3793,1,1,0,2l.csv
3793,3,3,0,3a.csv
3793,5,4,1,3b.csv
3793,2,2,0,3c.csv
3793,2,2,0,3d.csv
3793,5,4,1,3e.csv
3793,7,7,0,3f.csv
3793,2,2,0,3g.csv
3794,4,2,2,1a.csv
3794,7,7,0,1b.csv
3794,0,0,0,1c.csv
3794,1,0,1,1e.csv
3794,1,1,0,1f.csv
3794,0,0,0,1g.csv
3794,2,2,0,1h.csv
3794,1,1,0,1i.csv
3794,0,0,0,1j.csv
3794,0,0,0,1k.csv
3794,3,3,0,1l.csv
3794,0,0,0,1m.csv
3794,0,0,0,2a.csv
3794,1,1,0,2b.csv
3794,0,0,0,2c.csv
3794,0,0,0,2d.csv
3794,0,0,0,2e.csv
3794,0,0,0,2f.csv
3794,0,0,0,2g.csv
3794,0,0,0,2h.csv
3794,0,0,0,2i.csv
3794,0,0,0,2j.csv
3794,0,0,0,2k.csv
3794,1,1,0,2l.csv
3794,2,2,0,3a.csv
3794,5,3,2,3b.csv
3794,2,2,0,3c.csv
3794,2,2,0,3d.csv
3794,4,4,0,3e.csv
3794,8,8,0,3f.csv
3794,2,2,0,3g.csv
3795,5,3,2,1a.csv
3795,6,6,0,1b.csv
3795,0,0,0,1c.csv
3795,1,0,1,1e.csv
3795,1,1,0,1f.csv
3795,0,0,0,1g.csv
3795,2,2,0,1h.csv
3795,1,1,0,1i.csv
3795,0,0,0,1j.csv
3795,0,0,0,1k.csv
3795,4,3,1,1l.csv
3795,0,0,0,1m.csv
3795,0,0,0,2a.csv
3795,1,1,0,2b.csv
3795,0,0,0,2c.csv
3795,0,0,0,2d.csv
3795,0,0,0,2e.csv
3795,0,0,0,2f.csv
3795,1,1,0,2g.csv
3795,0,0,0,2h.csv
3795,0,0,0,2i.csv
3795,0,0,0,2j.csv
3795,0,0,0,2k.csv
3795,1,1,0,2l.csv
3795,2,2,0,3a.csv
3795,7,5,2,3b.csv
3795,2,2,0,3c.csv
3795,2,2,0,3d.csv
3795,4,4,0,3e.csv
3795,8,7,1,3f.csv
3795,2,2,0,3g.csv
3796,5,4,1,1a.csv
3796,5,4,1,1b.csv
3796,0,0,0,1c.csv
3796,1,0,1,1e.csv
3796,1,1,0,1f.csv
3796,0,0,0,1g.csv
3796,3,3,0,1h.csv
3796,1,1,0,1i.csv
3796,0,0,0,1j.csv
3796,0,0,0,1k.csv
3796,4,3,1,1l.csv
3796,1,1,0,1m.csv
3796,0,0,0,2a.csv
3796,1,1,0,2b.csv
3796,0,0,0,2c.csv
3796,0,0,0,2d.csv
3796,0,0,0,2e.csv
3796,0,0,0,2f.csv
3796,1,1,0,2g.csv
3796,0,0,0,2h.csv
3796,0,0,0,2i.csv
3796,0,0,0,2j.csv
3796,0,0,0,2k.csv
3796,1,1,0,2l.csv
3796,3,3,0,3a.csv
3796,8,6,2,3b.csv
3796,2,2,0,3c.csv
3796,2,2,0,3d.csv
3796,6,5,1,3e.csv
3796,7,6,1,3f.csv
3796,1,1,0,3g.csv
3797,5,4,1,1a.csv
3797,5,4,1,1b.csv
3797,0,0,0,1c.csv
3797,2,0,2,1e.csv
3797,1,1,0,1f.csv
3797,0,0,0,1g.csv
3797,3,3,0,1h.csv
3797,1,1,0,1i.csv
3797,0,0,0,1j.csv
3797,0,0,0,1k.csv
3797,6,4,2,1l.csv
3797,1,1,0,1m.csv
3797,0,0,0,2a.csv
3797,1,1,0,2b.csv
3797,0,0,0,2c.csv
3797,0,0,0,2d.csv
3797,0,0,0,2e.csv
3797,1,1,0,2f.csv
3797,1,1,0,2g.csv
3797,0,0,0,2h.csv
3797,0,0,0,2i.csv
3797,0,0,0,2j.csv
3797,0,0,0,2k.csv
3797,1,1,0,2l.csv
3797,4,4,0,3a.csv
3797,10,8,2,3b.csv
3797,2,2,0,3c.csv
3797,2,2,0,3d.csv
3797,5,4,1,3e.csv
3797,7,6,1,3f.csv
3797,1,1,0,3g.csv
3798,7,5,2,1a.csv
3798,8,6,2,1b.csv
3798,0,0,0,1c.csv
3798,1,0,1,1e.csv
3798,2,1,1,1f.csv
3798,0,0,0,1g.csv
3798,3,3,0,1h.csv
3798,0,0,0,1i.csv
3798,0,0,0,1j.csv
3798,0,0,0,1k.csv
3798,5,3,2,1l.csv
3798,1,1,0,1m.csv
3798,0,0,0,2a.csv
3798,1,1,0,2b.csv
3798,0,0,0,2c.csv
3798,0,0,0,2d.csv
3798,1,0,1,2e.csv
3798,2,2,0,2f.csv
3798,1,1,0,2g.csv
3798,0,0,0,2h.csv
3798,0,0,0,2i.csv
3798,0,0,0,2j.csv
3798,1,1,0,2k.csv
3798,1,1,0,2l.csv
3798,4,4,0,3a.csv
3798,13,11,2,3b.csv
3798,3,3,0,3c.csv
3798,3,3,0,3d.csv
3798,6,5,1,3e.csv
3798,7,6,1,3f.csv
3798,1,1,0,3g.csv
3799,7,5,2,1a.csv
3799,7,5,2,1b.csv
3799,2,1,1,1c.csv
3799,1,0,1,1e.csv
3799,3,2,1,1f.csv
3799,0,0,0,1g.csv
3799,3,3,0,1h.csv
3799,0,0,0,1i.csv
3799,0,0,0,1j.csv
3799,0,0,0,1k.csv
3799,5,2,3,1l.csv
3799,1,1,0,1m.csv
3799,0,0,0,2a.csv
3799,1,1,0,2b.csv
3799,0,0,0,2c.csv
3799,0,0,0,2d.csv
3799,1,0,1,2e.csv
3799,2,2,0,2f.csv
3799,1,1,0,2g.csv
3799,0,0,0,2h.csv
3799,0,0,0,2i.csv
3799,0,0,0,2j.csv
3799,1,1,0,2k.csv
3799,1,1,0,2l.csv
3799,4,4,0,3a.csv
3799,17,13,4,3b.csv
3799,3,3,0,3c.csv
3799,3,3,0,3d.csv
3799,6,5,1,3e.csv
3799,8,6,2,3f.csv
3799,0,0,0,3g.csv
3800,7,5,2,1a.csv
3800,8,6,2,1b.csv
3800,2,1,1,1c.csv
3800,1,0,1,1e.csv
3800,4,3,1,1f.csv
3800,0,0,0,1g.csv
3800,2,2,0,1h.csv
3800,0,0,0,1i.csv
3800,0,0,0,1j.csv
3800,0,0,0,1k.csv
3800,5,2,3,1l.csv
3800,1,1,0,1m.csv
3800,1,1,0,2a.csv
3800,1,1,0,2b.csv
3800,0,0,0,2c.csv
3800,0,0,0,2d.csv
3800,1,0,1,2e.csv
3800,2,2,0,2f.csv
3800,2,2,0,2g.csv
3800,0,0,0,2h.csv
3800,0,0,0,2i.csv
3800,0,0,0,2j.csv
3800,1,1,0,2k.csv
3800,1,1,0,2l.csv
3800,3,3,0,3a.csv
3800,22,18,4,3b.csv
3800,3,3,0,3c.csv
3800,3,3,0,3d.csv
3800,6,4,2,3e.csv
3800,8,6,2,3f.csv
3800,1,1,0,3g.csv
3801,6,4,2,1a.csv
3801,6,4,2,1b.csv
3801,2,1,1,1c.csv
3801,1,0,1,1e.csv
3801,5,4,1,1f.csv
3801,0,0,0,1g.csv
3801,2,2,0,1h.csv
3801,0,0,0,1i.csv
3801,0,0,0,1j.csv
3801,0,0,0,1k.csv
3801,4,1,3,1l.csv
3801,1,1,0,1m.csv
3801,1,1,0,2a.csv
3801,1,1,0,2b.csv
3801,1,1,0,2c.csv
3801,0,0,0,2d.csv
3801,1,0,1,2e.csv
3801,2,2,0,2f.csv
3801,2,2,0,2g.csv
3801,0,0,0,2h.csv
3801,0,0,0,2i.csv
3801,0,0,0,2j.csv
3801,1,1,0,2k.csv
3801,0,0,0,2l.csv
3801,2,2,0,3a.csv
3801,23,19,4,3b.csv
3801,3,3,0,3c.csv
3801,3,3,0,3d.csv
3801,6,4,2,3e.csv
3801,8,6,2,3f.csv
3801,1,1,0,3g.csv
3802,6,5,1,1a.csv
3802,6,4,2,1b.csv
3802,2,1,1,1c.csv
3802,1,0,1,1e.csv
3802,5,4,1,1f.csv
3802,0,0,0,1g.csv
3802,2,2,0,1h.csv
3802,0,0,0,1i.csv
3802,0,0,0,1j.csv
3802,0,0,0,1k.csv
3802,4,1,3,1l.csv
3802,2,2,0,1m.csv
3802,2,2,0,2a.csv
3802,1,1,0,2b.csv
3802,1,1,0,2c.csv
3802,0,0,0,2d.csv
3802,1,0,1,2e.csv
3802,2,2,0,2f.csv
3802,2,2,0,2g.csv
3802,0,0,0,2h.csv
3802,0,0,0,2i.csv
3802,0,0,0,2j.csv
3802,1,1,0,2k.csv
3802,0,0,0,2l.csv
3802,2,2,0,3a.csv
3802,22,19,3,3b.csv
3802,5,5,0,3c.csv
3802,5,5,0,3d.csv
3802,9,6,3,3e.csv
3802,7,5,2,3f.csv
3802,1,1,0,3g.csv
3803,5,4,1,1a.csv
3803,7,5,2,1b.csv
3803,2,1,1,1c.csv
3803,1,0,1,1e.csv
3803,5,4,1,1f.csv
3803,0,0,0,1g.csv
3803,2,2,0,1h.csv
3803,0,0,0,1i.csv
3803,0,0,0,1j.csv
3803,0,0,0,1k.csv
3803,4,1,3,1l.csv
3803,2,2,0,1m.csv
3803,2,2,0,2a.csv
3803,1,1,0,2b.csv
3803,1,1,0,2c.csv
3803,0,0,0,2d.csv
3803,1,0,1,2e.csv
3803,2,2,0,2f.csv
3803,1,1,0,2g.csv
3803,0,0,0,2h.csv
3803,0,0,0,2i.csv
3803,0,0,0,2j.csv
3803,1,1,0,2k.csv
3803,0,0,0,2l.csv
3803,2,2,0,3a.csv
3803,24,21,3,3b.csv
3803,5,5,0,3c.csv
3803,5,5,0,3d.csv
3803,13,9,4,3e.csv
3803,7,5,2,3f.csv
3803,1,1,0,3g.csv
3804,4,3,1,1a.csv
3804,9,7,2,1b.csv
3804,3,2,1,1c.csv
3804,2,1,1,1e.csv
3804,5,4,1,1f.csv
3804,0,0,0,1g.csv
3804,1,1,0,1h.csv
3804,0,0,0,1i.csv
3804,0,0,0,1j.csv
3804,0,0,0,1k.csv
3804,6,1,5,1l.csv
3804,1,1,0,1m.csv
3804,2,2,0,2a.csv
3804,1,1,0,2b.csv
3804,1,1,0,2c.csv
3804,0,0,0,2d.csv
3804,1,0,1,2e.csv
3804,2,2,0,2f.csv
3804,2,2,0,2g.csv
3804,0,0,0,2h.csv
3804,0,0,0,2i.csv
3804,0,0,0,2j.csv
3804,1,1,0,2k.csv
3804,0,0,0,2l.csv
3804,1,1,0,3a.csv
3804,23,19,4,3b.csv
3804,4,4,0,3c.csv
3804,4,4,0,3d.csv
3804,11,8,3,3e.csv
3804,10,7,3,3f.csv
3804,1,1,0,3g.csv
3805,5,3,2,1a.csv
3805,9,7,2,1b.csv
3805,3,2,1,1c.csv
3805,1,1,0,1e.csv
3805,6,4,2,1f.csv
3805,0,0,0,1g.csv
3805,1,1,0,1h.csv
3805,0,0,0,1i.csv
3805,0,0,0,1j.csv
3805,0,0,0,1k.csv
3805,6,0,6,1l.csv
3805,1,1,0,1m.csv
3805,2,2,0,2a.csv
3805,0,0,0,2b.csv
3805,1,1,0,2c.csv
3805,0,0,0,2d.csv
3805,1,0,1,2e.csv
3805,1,1,0,2f.csv
3805,2,2,0,2g.csv
3805,0,0,0,2h.csv
3805,0,0,0,2i.csv
3805,0,0,0,2j.csv
3805,1,1,0,2k.csv
3805,0,0,0,2l.csv
3805,0,0,0,3a.csv
3805,25,20,5,3b.csv
3805,4,4,0,3c.csv
3805,4,4,0,3d.csv
3805,11,8,3,3e.csv
3805,11,8,3,3f.csv
3805,1,1,0,3g.csv
3806,3,2,1,1a.csv
3806,6,5,1,1b.csv
3806,3,2,1,1c.csv
3806,1,1,0,1e.csv
3806,5,4,1,1f.csv
3806,1,1,0,1g.csv
3806,1,1,0,1h.csv
3806,0,0,0,1i.csv
3806,1,1,0,1j.csv
3806,0,0,0,1k.csv
3806,7,0,7,1l.csv
3806,1,1,0,1m.csv
3806,2,2,0,2a.csv
3806,0,0,0,2b.csv
3806,1,1,0,2c.csv
3806,0,0,0,2d.csv
3806,0,0,0,2e.csv
3806,0,0,0,2f.csv
3806,2,2,0,2g.csv
3806,0,0,0,2h.csv
3806,0,0,0,2i.csv
3806,0,0,0,2j.csv
3806,0,0,0,2k.csv
3806,0,0,0,2l.csv
3806,1,1,0,3a.csv
3806,23,18,5,3b.csv
3806,4,4,0,3c.csv
3806,4,4,0,3d.csv
3806,11,7,4,3e.csv
3806,10,7,3,3f.csv
3806,1,1,0,3g.csv
3807,3,2,1,1a.csv
3807,6,5,1,1b.csv
3807,1,1,0,1c.csv
3807,1,1,0,1e.csv
3807,4,3,1,1f.csv
3807,2,2,0,1g.csv
3807,1,0,1,1h.csv
3807,1,1,0,1i.csv
3807,1,1,0,1j.csv
3807,0,0,0,1k.csv
3807,6,0,6,1l.csv
3807,1,1,0,1m.csv
3807,2,2,0,2a.csv
3807,0,0,0,2b.csv
3807,2,1,1,2c.csv
3807,0,0,0,2d.csv
3807,0,0,0,2e.csv
3807,0,0,0,2f.csv
3807,2,2,0,2g.csv
3807,0,0,0,2h.csv
3807,0,0,0,2i.csv
3807,0,0,0,2j.csv
3807,0,0,0,2k.csv
3807,1,1,0,2l.csv
3807,2,1,1,3a.csv
3807,21,18,3,3b.csv
3807,4,4,0,3c.csv
3807,4,4,0,3d.csv
3807,13,9,4,3e.csv
3807,8,6,2,3f.csv
3807,1,1,0,3g.csv
3808,3,2,1,1a.csv
3808,5,4,1,1b.csv
3808,1,1,0,1c.csv
3808,1,1,0,1e.csv
3808,3,2,1,1f.csv
3808,2,2,0,1g.csv
3808,1,0,1,1h.csv
3808,1,1,0,1i.csv
3808,1,1,0,1j.csv
3808,0,0,0,1k.csv
3808,6,0,6,1l.csv
3808,1,1,0,1m.csv
3808,1,1,0,2a.csv
3808,0,0,0,2b.csv
3808,2,1,1,2c.csv
3808,0,0,0,2d.csv
3808,0,0,0,2e.csv
3808,0,0,0,2f.csv
3808,1,1,0,2g.csv
3808,0,0,0,2h.csv
3808,0,0,0,2i.csv
3808,0,0,0,2j.csv
3808,0,0,0,2k.csv
3808,1,1,0,2l.csv
3808,3,2,1,3a.csv
3808,17,13,4,3b.csv
3808,4,4,0,3c.csv
3808,4,4,0,3d.csv
3808,14,10,4,3e.csv
3808,7,5,2,3f.csv
3808,0,0,0,3g.csv
3809,5,4,1,1a.csv
3809,5,4,1,1b.csv
3809,2,2,0,1c.csv
3809,1,1,0,1e.csv
3809,1,0,1,1f.csv
3809,2,2,0,1g.csv
3809,1,0,1,1h.csv
3809,1,1,0,1i.csv
3809,1,1,0,1j.csv
3809,0,0,0,1k.csv
3809,6,0,6,1l.csv
3809,2,2,0,1m.csv
3809,1,1,0,2a.csv
3809,0,0,0,2b.csv
3809,1,0,1,2c.csv
3809,0,0,0,2d.csv
3809,0,0,0,2e.csv
3809,0,0,0,2f.csv
3809,1,1,0,2g.csv
3809,0,0,0,2h.csv
3809,0,0,0,2i.csv
3809,0,0,0,2j.csv
3809,0,0,0,2k.csv
3809,1,1,0,2l.csv
3809,3,2,1,3a.csv
3809,15,12,3,3b.csv
3809,4,4,0,3c.csv
3809,4,4,0,3d.csv
3809,16,12,4,3e.csv
3809,9,6,3,3f.csv
3809,0,0,0,3g.csv
3810,4,3,1,1a.csv
3810,4,3,1,1b.csv
3810,2,2,0,1c.csv
3810,1,1,0,1e.csv
3810,1,0,1,1f.csv
3810,2,2,0,1g.csv
3810,1,0,1,1h.csv
3810,2,2,0,1i.csv
3810,1,1,0,1j.csv
3810,0,0,0,1k.csv
3810,7,0,7,1l.csv
3810,1,1,0,1m.csv
3810,0,0,0,2a.csv
3810,0,0,0,2b.csv
3810,1,0,1,2c.csv
3810,0,0,0,2d.csv
3810,0,0,0,2e.csv
3810,0,0,0,2f.csv
3810,1,1,0,2g.csv
3810,0,0,0,2h.csv
3810,0,0,0,2i.csv
3810,0,0,0,2j.csv
3810,0,0,0,2k.csv
3810,1,1,0,2l.csv
3810,3,2,1,3a.csv
3810,15,12,3,3b.csv
3810,2,2,0,3c.csv
3810,2,2,0,3d.csv
3810,15,12,3,3e.csv
3810,9,6,3,3f.csv
3810,0,0,0,3g.csv
3811,4,3,1,1a.csv
3811,3,2,1,1b.csv
3811,2,2,0,1c.csv
3811,1,1,0,1e.csv
3811,1,0,1,1f.csv
3811,2,2,0,1g.csv
3811,1,0,1,1h.csv
3811,2,2,0,1i.csv
3811,1,1,0,1j.csv
3811,0,0,0,1k.csv
3811,7,1,6,1l.csv
3811,1,1,0,1m.csv
3811,1,1,0,2a.csv
3811,0,0,0,2b.csv
3811,1,0,1,2c.csv
3811,0,0,0,2d.csv
3811,0,0,0,2e.csv
3811,1,0,1,2f.csv
3811,1,1,0,2g.csv
3811,0,0,0,2h.csv
3811,0,0,0,2i.csv
3811,0,0,0,2j.csv
3811,0,0,0,2k.csv
3811,1,1,0,2l.csv
3811,3,2,1,3a.csv
3811,12,9,3,3b.csv
3811,2,2,0,3c.csv
3811,2,2,0,3d.csv
3811,14,12,2,3e.csv
3811,9,7,2,3f.csv
3811,0,0,0,3g.csv
3812,5,3,2,1a.csv
3812,0,0,0,1b.csv
3812,2,2,0,1c.csv
3812,0,0,0,1e.csv
3812,2,1,1,1f.csv
3812,2,2,0,1g.csv
3812,1,0,1,1h.csv
3812,2,2,0,1i.csv
3812,1,1,0,1j.csv
3812,0,0,0,1k.csv
3812,5,1,4,1l.csv
3812,1,1,0,1m.csv
3812,1,1,0,2a.csv
3812,0,0,0,2b.csv
3812,1,0,1,2c.csv
3812,0,0,0,2d.csv
3812,0,0,0,2e.csv
3812,1,0,1,2f.csv
3812,0,0,0,2g.csv
3812,0,0,0,2h.csv
3812,0,0,0,2i.csv
3812,0,0,0,2j.csv
3812,0,0,0,2k.csv
3812,1,1,0,2l.csv
3812,3,2,1,3a.csv
3812,15,12,3,3b.csv
3812,2,2,0,3c.csv
3812,2,2,0,3d.csv
3812,17,15,2,3e.csv
3812,7,5,2,3f.csv
3812,1,1,0,3g.csv
3813,4,3,1,1a.csv
3813,0,0,0,1b.csv
3813,3,3,0,1c.csv
3813,0,0,0,1e.csv
3813,1,1,0,1f.csv
3813,2,2,0,1g.csv
3813,1,0,1,1h.csv
3813,2,2,0,1i.csv
3813,1,1,0,1j.csv
3813,0,0,0,1k.csv
3813,3,1,2,1l.csv
3813,1,1,0,1m.csv
3813,1,1,0,2a.csv
3813,0,0,0,2b.csv
3813,1,0,1,2c.csv
3813,0,0,0,2d.csv
3813,0,0,0,2e.csv
3813,1,0,1,2f.csv
3813,0,0,0,2g.csv
3813,0,0,0,2h.csv
3813,0,0,0,2i.csv
3813,0,0,0,2j.csv
3813,0,0,0,2k.csv
3813,1,1,0,2l.csv
3813,3,2,1,3a.csv
3813,12,10,2,3b.csv
3813,2,2,0,3c.csv
3813,2,2,0,3d.csv
3813,20,18,2,3e.csv
3813,6,3,3,3f.csv
3813,2,1,1,3g.csv
3814,5,4,1,1a.csv
3814,0,0,0,1b.csv
3814,4,4,0,1c.csv
3814,1,1,0,1e.csv
3814,1,1,0,1f.csv
3814,1,1,0,1g.csv
3814,1,0,1,1h.csv
3814,2,2,0,1i.csv
3814,0,0,0,1j.csv
3814,0,0,0,1k.csv
3814,3,1,2,1l.csv
3814,1,1,0,1m.csv
3814,1,1,0,2a.csv
3814,0,0,0,2b.csv
3814,1,0,1,2c.csv
3814,0,0,0,2d.csv
3814,0,0,0,2e.csv
3814,1,0,1,2f.csv
3814,0,0,0,2g.csv
3814,0,0,0,2h.csv
3814,0,0,0,2i.csv
3814,0,0,0,2j.csv
3814,0,0,0,2k.csv
3814,1,1,0,2l.csv
3814,3,2,1,3a.csv
3814,16,13,3,3b.csv
3814,1,1,0,3c.csv
3814,1,1,0,3d.csv
3814,19,18,1,3e.csv
3814,9,4,5,3f.csv
3814,2,1,1,3g.csv
3815,7,6,1,1a.csv
3815,0,0,0,1b.csv
3815,6,6,0,1c.csv
3815,1,1,0,1e.csv
3815,1,1,0,1f.csv
3815,0,0,0,1g.csv
3815,0,0,0,1h.csv
3815,2,2,0,1i.csv
3815,0,0,0,1j.csv
3815,0,0,0,1k.csv
3815,4,2,2,1l.csv
3815,1,1,0,1m.csv
3815,1,1,0,2a.csv
3815,1,1,0,2b.csv
3815,0,0,0,2c.csv
3815,0,0,0,2d.csv
3815,0,0,0,2e.csv
3815,1,0,1,2f.csv
3815,0,0,0,2g.csv
3815,0,0,0,2h.csv
3815,0,0,0,2i.csv
3815,0,0,0,2j.csv
3815,0,0,0,2k.csv
3815,0,0,0,2l.csv
3815,2,2,0,3a.csv
3815,18,14,4,3b.csv
3815,1,1,0,3c.csv
3815,1,1,0,3d.csv
3815,21,19,2,3e.csv
3815,9,4,5,3f.csv
3815,3,2,1,3g.csv
3816,6,5,1,1a.csv
3816,2,2,0,1b.csv
3816,6,6,0,1c.csv
3816,2,2,0,1e.csv
3816,2,2,0,1f.csv
3816,0,0,0,1g.csv
3816,0,0,0,1h.csv
3816,3,2,1,1i.csv
3816,0,0,0,1j.csv
3816,0,0,0,1k.csv
3816,5,3,2,1l.csv
3816,1,1,0,1m.csv
3816,1,1,0,2a.csv
3816,2,2,0,2b.csv
3816,0,0,0,2c.csv
3816,0,0,0,2d.csv
3816,0,0,0,2e.csv
3816,1,0,1,2f.csv
3816,0,0,0,2g.csv
3816,0,0,0,2h.csv
3816,0,0,0,2i.csv
3816,0,0,0,2j.csv
3816,0,0,0,2k.csv
3816,0,0,0,2l.csv
3816,1,1,0,3a.csv
3816,24,20,4,3b.csv
3816,1,1,0,3c.csv
3816,1,1,0,3d.csv
3816,22,20,2,3e.csv
3816,9,4,5,3f.csv
3816,4,2,2,3g.csv
3817,5,4,1,1a.csv
3817,2,2,0,1b.csv
3817,5,5,0,1c.csv
3817,2,2,0,1e.csv
3817,2,2,0,1f.csv
3817,0,0,0,1g.csv
3817,0,0,0,1h.csv
3817,3,2,1,1i.csv
3817,0,0,0,1j.csv
3817,0,0,0,1k.csv
3817,5,3,2,1l.csv
3817,0,0,0,1m.csv
3817,1,1,0,2a.csv
3817,2,2,0,2b.csv
3817,0,0,0,2c.csv
3817,0,0,0,2d.csv
3817,0,0,0,2e.csv
3817,1,0,1,2f.csv
3817,0,0,0,2g.csv
3817,0,0,0,2h.csv
3817,0,0,0,2i.csv
3817,0,0,0,2j.csv
3817,0,0,0,2k.csv
3817,0,0,0,2l.csv
3817,2,2,0,3a.csv
3817,26,22,4,3b.csv
3817,0,0,0,3c.csv
3817,0,0,0,3d.csv
3817,21,19,2,3e.csv
3817,7,3,4,3f.csv
3817,4,2,2,3g.csv
3818,6,5,1,1a.csv
3818,3,2,1,1b.csv
3818,5,5,0,1c.csv
3818,2,2,0,1e.csv
3818,3,3,0,1f.csv
3818,0,0,0,1g.csv
3818,0,0,0,1h.csv
3818,2,1,1,1i.csv
3818,0,0,0,1j.csv
3818,0,0,0,1k.csv
3818,4,3,1,1l.csv
3818,0,0,0,1m.csv
3818,1,1,0,2a.csv
3818,2,2,0,2b.csv
3818,0,0,0,2c.csv
3818,0,0,0,2d.csv
3818,0,0,0,2e.csv
3818,1,0,1,2f.csv
3818,0,0,0,2g.csv
3818,0,0,0,2h.csv
3818,0,0,0,2i.csv
3818,0,0,0,2j.csv
3818,0,0,0,2k.csv
3818,0,0,0,2l.csv
3818,4,4,0,3a.csv
3818,31,25,6,3b.csv
3818,0,0,0,3c.csv
3818,0,0,0,3d.csv
3818,23,20,3,3e.csv
3818,6,2,4,3f.csv
3818,4,2,2,3g.csv
3819,6,5,1,1a.csv
3819,3,2,1,1b.csv
3819,6,6,0,1c.csv
3819,2,2,0,1e.csv
3819,3,3,0,1f.csv
3819,0,0,0,1g.csv
3819,1,1,0,1h.csv
3819,2,1,1,1i.csv
3819,0,0,0,1j.csv
3819,0,0,0,1k.csv
3819,5,4,1,1l.csv
3819,0,0,0,1m.csv
3819,0,0,0,2a.csv
3819,2,2,0,2b.csv
3819,0,0,0,2c.csv
3819,0,0,0,2d.csv
3819,0,0,0,2e.csv
3819,0,0,0,2f.csv
3819,0,0,0,2g.csv
3819,0,0,0,2h.csv
3819,0,0,0,2i.csv
3819,0,0,0,2j.csv
3819,0,0,0,2k.csv
3819,0,0,0,2l.csv
3819,4,4,0,3a.csv
3819,35,27,8,3b.csv
3819,0,0,0,3c.csv
3819,0,0,0,3d.csv
3819,21,18,3,3e.csv
3819,6,2,4,3f.csv
3819,4,2,2,3g.csv
3820,8,8,0,1a.csv
3820,3,2,1,1b.csv
3820,6,6,0,1c.csv
3820,2,2,0,1e.csv
3820,2,2,0,1f.csv
3820,1,1,0,1g.csv
3820,1,1,0,1h.csv
3820,2,1,1,1i.csv
3820,0,0,0,1j.csv
3820,0,0,0,1k.csv
3820,5,4,1,1l.csv
3820,0,0,0,1m.csv
3820,0,0,0,2a.csv
3820,3,3,0,2b.csv
3820,0,0,0,2c.csv
3820,0,0,0,2d.csv
3820,0,0,0,2e.csv
3820,0,0,0,2f.csv
3820,0,0,0,2g.csv
3820,0,0,0,2h.csv
3820,0,0,0,2i.csv
3820,0,0,0,2j.csv
3820,0,0,0,2k.csv
3820,0,0,0,2l.csv
3820,4,4,0,3a.csv
3820,33,26,7,3b.csv
3820,0,0,0,3c.csv
3820,0,0,0,3d.csv
3820,18,15,3,3e.csv
3820,5,2,3,3f.csv
3820,4,1,3,3g.csv
3821,9,9,0,1a.csv
3821,3,2,1,1b.csv
3821,5,5,0,1c.csv
3821,3,3,0,1e.csv
3821,2,2,0,1f.csv
3821,1,1,0,1g.csv
3821,2,2,0,1h.csv
3821,2,1,1,1i.csv
3821,0,0,0,1j.csv
3821,0,0,0,1k.csv
3821,5,4,1,1l.csv
3821,1,1,0,1m.csv
3821,0,0,0,2a.csv
3821,3,3,0,2b.csv
3821,0,0,0,2c.csv
3821,0,0,0,2d.csv
3821,0,0,0,2e.csv
3821,0,0,0,2f.csv
3821,0,0,0,2g.csv
3821,0,0,0,2h.csv
3821,0,0,0,2i.csv
3821,0,0,0,2j.csv
3821,0,0,0,2k.csv
3821,0,0,0,2l.csv
3821,4,4,0,3a.csv
3821,34,27,7,3b.csv
3821,2,0,2,3c.csv
3821,2,0,2,3d.csv
3821,16,13,3,3e.csv
3821,4,2,2,3f.csv
3821,3,1,2,3g.csv
3822,8,8,0,1a.csv
3822,4,3,1,1b.csv
3822,4,4,0,1c.csv
3822,3,3,0,1e.csv
3822,2,2,0,1f.csv
3822,1,1,0,1g.csv
3822,2,2,0,1h.csv
3822,2,1,1,1i.csv
3822,0,0,0,1j.csv
3822,0,0,0,1k.csv
3822,4,4,0,1l.csv
3822,1,1,0,1m.csv
3822,1,1,0,2a.csv
3822,3,3,0,2b.csv
3822,0,0,0,2c.csv
3822,0,0,0,2d.csv
3822,0,0,0,2e.csv
3822,0,0,0,2f.csv
3822,0,0,0,2g.csv
3822,0,0,0,2h.csv
3822,0,0,0,2i.csv
3822,0,0,0,2j.csv
3822,0,0,0,2k.csv
3822,0,0,0,2l.csv
3822,3,3,0,3a.csv
3822,31,24,7,3b.csv
3822,2,0,2,3c.csv
3822,2,0,2,3d.csv
3822,15,12,3,3e.csv
3822,1,1,0,3f.csv
3822,3,1,2,3g.csv
3823,7,7,0,1a.csv
3823,4,3,1,1b.csv
3823,2,2,0,1c.csv
3823,3,3,0,1e.csv
3823,3,3,0,1f.csv
3823,1,1,0,1g.csv
3823,2,2,0,1h.csv
3823,1,0,1,1i.csv
3823,0,0,0,1j.csv
3823,0,0,0,1k.csv
3823,3,3,0,1l.csv
3823,2,2,0,1m.csv
3823,1,1,0,2a.csv
3823,2,2,0,2b.csv
3823,0,0,0,2c.csv
3823,0,0,0,2d.csv
3823,0,0,0,2e.csv
3823,0,0,0,2f.csv
3823,0,0,0,2g.csv
3823,0,0,0,2h.csv
3823,0,0,0,2i.csv
3823,0,0,0,2j.csv
3823,0,0,0,2k.csv
3823,0,0,0,2l.csv
3823,5,5,0,3a.csv
3823,27,21,6,3b.csv
3823,2,0,2,3c.csv
3823,2,0,2,3d.csv
3823,11,9,2,3e.csv
3823,1,1,0,3f.csv
3823,2,0,2,3g.csv
3824,8,8,0,1a.csv
3824,3,2,1,1b.csv
3824,2,2,0,1c.csv
3824,2,2,0,1e.csv
3824,2,2,0,1f.csv
3824,1,1,0,1g.csv
3824,3,3,0,1h.csv
3824,0,0,0,1i.csv
3824,0,0,0,1j.csv
3824,0,0,0,1k.csv
3824,2,2,0,1l.csv
3824,2,2,0,1m.csv
3824,1,1,0,2a.csv
3824,1,1,0,2b.csv
3824,0,0,0,2c.csv
3824,0,0,0,2d.csv
3824,0,0,0,2e.csv
3824,0,0,0,2f.csv
3824,0,0,0,2g.csv
3824,0,0,0,2h.csv
3824,0,0,0,2i.csv
3824,0,0,0,2j.csv
3824,0,0,0,2k.csv
3824,0,0,0,2l.csv
3824,5,5,0,3a.csv
3824,21,15,6,3b.csv
3824,2,0,2,3c.csv
3824,2,0,2,3d.csv
3824,8,7,1,3e.csv
3824,1,1,0,3f.csv
3824,1,0,1,3g.csv
3825,9,9,0,1a.csv
3825,4,3,1,1b.csv
3825,2,2,0,1c.csv
3825,2,2,0,1e.csv
3825,2,2,0,1f.csv
3825,1,1,0,1g.csv
3825,3,3,0,1h.csv
3825,0,0,0,1i.csv
3825,0,0,0,1j.csv
3825,1,1,0,1k.csv
3825,2,2,0,1l.csv
3825,2,2,0,1m.csv
3825,1,1,0,2a.csv
3825,1,1,0,2b.csv
3825,1,1,0,2c.csv
3825,0,0,0,2d.csv
3825,0,0,0,2e.csv
3825,0,0,0,2f.csv
3825,0,0,0,2g.csv
3825,0,0,0,2h.csv
3825,0,0,0,2i.csv
3825,0,0,0,2j.csv
3825,0,0,0,2k.csv
3825,0,0,0,2l.csv
3825,4,4,0,3a.csv
3825,20,14,6,3b.csv
3825,2,0,2,3c.csv
3825,2,0,2,3d.csv
3825,6,5,1,3e.csv
3825,1,1,0,3f.csv
3825,1,0,1,3g.csv
3826,9,9,0,1a.csv
3826,4,4,0,1b.csv
3826,2,2,0,1c.csv
3826,2,2,0,1e.csv
3826,1,1,0,1f.csv
3826,1,1,0,1g.csv
3826,3,3,0,1h.csv
3826,0,0,0,1i.csv
3826,0,0,0,1j.csv
3826,1,1,0,1k.csv
3826,3,3,0,1l.csv
3826,2,2,0,1m.csv
3826,1,1,0,2a.csv
3826,1,1,0,2b.csv
3826,1,1,0,2c.csv
3826,0,0,0,2d.csv
3826,0,0,0,2e.csv
3826,0,0,0,2f.csv
3826,0,0,0,2g.csv
3826,0,0,0,2h.csv
3826,0,0,0,2i.csv
3826,0,0,0,2j.csv
3826,0,0,0,2k.csv
3826,0,0,0,2l.csv
3826,2,2,0,3a.csv
3826,22,15,7,3b.csv
3826,2,0,2,3c.csv
3826,2,0,2,3d.csv
3826,3,2,1,3e.csv
3826,1,1,0,3f.csv
3826,1,0,1,3g.csv
3827,12,12,0,1a.csv
3827,6,6,0,1b.csv
3827,2,2,0,1c.csv
3827,2,2,0,1e.csv
3827,1,1,0,1f.csv
3827,1,1,0,1g.csv
3827,3,3,0,1h.csv
3827,0,0,0,1i.csv
3827,0,0,0,1j.csv
3827,1,1,0,1k.csv
3827,1,1,0,1l.csv
3827,2,2,0,1m.csv
3827,1,1,0,2a.csv
3827,1,1,0,2b.csv
3827,1,1,0,2c.csv
3827,0,0,0,2d.csv
3827,0,0,0,2e.csv
3827,0,0,0,2f.csv
3827,0,0,0,2g.csv
3827,0,0,0,2h.csv
3827,0,0,0,2i.csv
3827,0,0,0,2j.csv
3827,0,0,0,2k.csv
3827,0,0,0,2l.csv
3827,2,2,0,3a.csv
3827,18,13,5,3b.csv
3827,2,0,2,3c.csv
3827,2,0,2,3d.csv
3827,2,1,1,3e.csv
3827,0,0,0,3f.csv
3827,2,0,2,3g.csv
3828,11,11,0,1a.csv
3828,6,6,0,1b.csv
3828,1,1,0,1c.csv
3828,2,2,0,1e.csv
3828,1,1,0,1f.csv
3828,1,0,1,1g.csv
3828,3,3,0,1h.csv
3828,0,0,0,1i.csv
3828,0,0,0,1j.csv
3828,1,1,0,1k.csv
3828,1,1,0,1l.csv
3828,2,2,0,1m.csv
3828,1,1,0,2a.csv
3828,0,0,0,2b.csv
3828,1,1,0,2c.csv
3828,0,0,0,2d.csv
3828,0,0,0,2e.csv
3828,0,0,0,2f.csv
3828,0,0,0,2g.csv
3828,0,0,0,2h.csv
3828,0,0,0,2i.csv
3828,0,0,0,2j.csv
3828,0,0,0,2k.csv
3828,0,0,0,2l.csv
3828,2,2,0,3a.csv
3828,16,11,5,3b.csv
3828,2,0,2,3c.csv
3828,2,0,2,3d.csv
3828,2,1,1,3e.csv
3828,0,0,0,3f.csv
3828,1,0,1,3g.csv
3829,10,10,0,1a.csv
3829,7,7,0,1b.csv
3829,1,1,0,1c.csv
3829,1,1,0,1e.csv
3829,1,1,0,1f.csv
3829,2,1,1,1g.csv
3829,2,2,0,1h.csv
3829,0,0,0,1i.csv
3829,0,0,0,1j.csv
3829,1,1,0,1k.csv
3829,3,2,1,1l.csv
3829,1,1,0,1m.csv
3829,1,1,0,2a.csv
3829,0,0,0,2b.csv
3829,1,1,0,2c.csv
3829,0,0,0,2d.csv
3829,0,0,0,2e.csv
3829,0,0,0,2f.csv
3829,0,0,0,2g.csv
3829,0,0,0,2h.csv
3829,0,0,0,2i.csv
3829,0,0,0,2j.csv
3829,0,0,0,2k.csv
3829,0,0,0,2l.csv
3829,2,2,0,3a.csv
3829,14,9,5,3b.csv
3829,1,1,0,3c.csv
3829,1,1,0,3d.csv
3829,2,0,2,3e.csv
3829,0,0,0,3f.csv
3829,1,0,1,3g.csv
3830,10,10,0,1a.csv
3830,7,7,0,1b.csv
3830,1,1,0,1c.csv
3830,0,0,0,1e.csv
3830,1,1,0,1f.csv
3830,3,2,1,1g.csv
3830,2,2,0,1h.csv
3830,0,0,0,1i.csv
3830,0,0,0,1j.csv
3830,1,1,0,1k.csv
3830,3,2,1,1l.csv
3830,1,1,0,1m.csv
3830,0,0,0,2a.csv
3830,0,0,0,2b.csv
3830,2,1,1,2c.csv
3830,0,0,0,2d.csv
3830,0,0,0,2e.csv
3830,1,1,0,2f.csv
3830,0,0,0,2g.csv
3830,0,0,0,2h.csv
3830,0,0,0,2i.csv
3830,0,0,0,2j.csv
3830,0,0,0,2k.csv
3830,0,0,0,2l.csv
3830,2,2,0,3a.csv
3830,13,8,5,3b.csv
3830,2,2,0,3c.csv
3830,2,2,0,3d.csv
3830,3,0,3,3e.csv
3830,0,0,0,3f.csv
3830,1,0,1,3g.csv
3831,10,10,0,1a.csv
3831,9,9,0,1b.csv
3831,1,1,0,1c.csv
3831,0,0,0,1e.csv
3831,1,1,0,1f.csv
3831,3,2,1,1g.csv
3831,3,3,0,1h.csv
3831,0,0,0,1i.csv
3831,0,0,0,1j.csv
3831,1,1,0,1k.csv
3831,3,2,1,1l.csv
3831,0,0,0,1m.csv
3831,1,1,0,2a.csv
3831,0,0,0,2b.csv
3831,2,1,1,2c.csv
3831,0,0,0,2d.csv
3831,0,0,0,2e.csv
3831,1,1,0,2f.csv
3831,0,0,0,2g.csv
3831,0,0,0,2h.csv
3831,0,0,0,2i.csv
3831,0,0,0,2j.csv
3831,0,0,0,2k.csv
3831,0,0,0,2l.csv
3831,0,0,0,3a.csv
3831,16,11,5,3b.csv
3831,2,2,0,3c.csv
3831,2,2,0,3d.csv
3831,3,0,3,3e.csv
3831,0,0,0,3f.csv
3831,3,2,1,3g.csv
3832,11,10,1,1a.csv
3832,9,9,0,1b.csv
3832,1,1,0,1c.csv
3832,0,0,0,1e.csv
3832,1,1,0,1f.csv
3832,3,2,1,1g.csv
3832,2,2,0,1h.csv
3832,1,0,1,1i.csv
3832,0,0,0,1j.csv
3832,2,2,0,1k.csv
3832,4,3,1,1l.csv
3832,0,0,0,1m.csv
3832,1,1,0,2a.csv
3832,0,0,0,2b.csv
3832,2,1,1,2c.csv
3832,0,0,0,2d.csv
3832,0,0,0,2e.csv
3832,1,1,0,2f.csv
3832,0,0,0,2g.csv
3832,0,0,0,2h.csv
3832,0,0,0,2i.csv
3832,0,0,0,2j.csv
3832,0,0,0,2k.csv
3832,0,0,0,2l.csv
3832,0,0,0,3a.csv
3832,15,11,4,3b.csv
3832,2,2,0,3c.csv
3832,2,2,0,3d.csv
3832,3,0,3,3e.csv
3832,0,0,0,3f.csv
3832,4,3,1,3g.csv
3833,10,9,1,1a.csv
3833,13,13,0,1b.csv
3833,2,2,0,1c.csv
3833,0,0,0,1e.csv
3833,1,1,0,1f.csv
3833,3,2,1,1g.csv
3833,2,2,0,1h.csv
3833,1,0,1,1i.csv
3833,0,0,0,1j.csv
3833,1,1,0,1k.csv
3833,5,4,1,1l.csv
3833,0,0,0,1m.csv
3833,2,2,0,2a.csv
3833,0,0,0,2b.csv
3833,1,0,1,2c.csv
3833,0,0,0,2d.csv
3833,0,0,0,2e.csv
3833,1,1,0,2f.csv
3833,0,0,0,2g.csv
3833,0,0,0,2h.csv
3833,0,0,0,2i.csv
3833,0,0,0,2j.csv
3833,0,0,0,2k.csv
3833,0,0,0,2l.csv
3833,1,1,0,3a.csv
3833,14,9,5,3b.csv
3833,2,2,0,3c.csv
3833,2,2,0,3d.csv
3833,3,0,3,3e.csv
3833,0,0,0,3f.csv
3833,4,3,1,3g.csv
3834,9,8,1,1a.csv
3834,12,12,0,1b.csv
3834,2,2,0,1c.csv
3834,0,0,0,1e.csv
3834,1,1,0,1f.csv
3834,3,2,1,1g.csv
3834,2,2,0,1h.csv
3834,1,0,1,1i.csv
3834,0,0,0,1j.csv
3834,1,1,0,1k.csv
3834,4,3,1,1l.csv
3834,0,0,0,1m.csv
3834,2,2,0,2a.csv
3834,0,0,0,2b.csv
3834,2,0,2,2c.csv
3834,0,0,0,2d.csv
3834,0,0,0,2e.csv
3834,1,1,0,2f.csv
3834,0,0,0,2g.csv
3834,0,0,0,2h.csv
3834,0,0,0,2i.csv
3834,0,0,0,2j.csv
3834,0,0,0,2k.csv
3834,0,0,0,2l.csv
3834,1,1,0,3a.csv
3834,7,5,2,3b.csv
3834,3,3,0,3c.csv
3834,3,3,0,3d.csv
3834,2,0,2,3e.csv
3834,0,0,0,3f.csv
3834,4,3,1,3g.csv
3835,8,7,1,1a.csv
3835,10,10,0,1b.csv
3835,2,2,0,1c.csv
3835,0,0,0,1e.csv
3835,1,1,0,1f.csv
3835,3,2,1,1g.csv
3835,1,1,0,1h.csv
3835,1,0,1,1i.csv
3835,0,0,0,1j.csv
3835,1,1,0,1k.csv
3835,5,4,1,1l.csv
3835,0,0,0,1m.csv
3835,2,2,0,2a.csv
3835,0,0,0,2b.csv
3835,2,0,2,2c.csv
3835,0,0,0,2d.csv
3835,0,0,0,2e.csv
3835,1,1,0,2f.csv
3835,0,0,0,2g.csv
3835,0,0,0,2h.csv
3835,0,0,0,2i.csv
3835,0,0,0,2j.csv
3835,0,0,0,2k.csv
3835,0,0,0,2l.csv
3835,2,1,1,3a.csv
3835,8,5,3,3b.csv
3835,4,4,0,3c.csv
3835,4,4,0,3d.csv
3835,2,0,2,3e.csv
3835,0,0,0,3f.csv
3835,3,3,0,3g.csv
3836,6,5,1,1a.csv
3836,11,11,0,1b.csv
3836,2,2,0,1c.csv
3836,0,0,0,1e.csv
3836,2,2,0,1f.csv
3836,2,2,0,1g.csv
3836,1,1,0,1h.csv
3836,2,0,2,1i.csv
3836,0,0,0,1j.csv
3836,1,1,0,1k.csv
3836,5,4,1,1l.csv
3836,0,0,0,1m.csv
3836,2,2,0,2a.csv
3836,0,0,0,2b.csv
3836,2,0,2,2c.csv
3836,0,0,0,2d.csv
3836,0,0,0,2e.csv
3836,2,2,0,2f.csv
3836,0,0,0,2g.csv
3836,0,0,0,2h.csv
3836,0,0,0,2i.csv
3836,0,0,0,2j.csv
3836,0,0,0,2k.csv
3836,0,0,0,2l.csv
3836,2,1,1,3a.csv
3836,10,7,3,3b.csv
3836,5,5,0,3c.csv
3836,5,5,0,3d.csv
3836,2,0,2,3e.csv
3836,0,0,0,3f.csv
3836,3,3,0,3g.csv
3837,6,5,1,1a.csv
3837,12,12,0,1b.csv
3837,2,2,0,1c.csv
3837,0,0,0,1e.csv
3837,2,2,0,1f.csv
3837,1,1,0,1g.csv
3837,1,1,0,1h.csv
3837,2,0,2,1i.csv
3837,0,0,0,1j.csv
3837,2,2,0,1k.csv
3837,4,4,0,1l.csv
3837,0,0,0,1m.csv
3837,2,2,0,2a.csv
3837,0,0,0,2b.csv
3837,2,0,2,2c.csv
3837,0,0,0,2d.csv
3837,0,0,0,2e.csv
3837,2,2,0,2f.csv
3837,0,0,0,2g.csv
3837,0,0,0,2h.csv
3837,0,0,0,2i.csv
3837,0,0,0,2j.csv
3837,0,0,0,2k.csv
3837,0,0,0,2l.csv
3837,2,1,1,3a.csv
3837,12,8,4,3b.csv
3837,4,4,0,3c.csv
3837,4,4,0,3d.csv
3837,1,0,1,3e.csv
3837,1,1,0,3f.csv
3837,4,4,0,3g.csv
3838,7,6,1,1a.csv
3838,14,14,0,1b.csv
3838,2,2,0,1c.csv
3838,0,0,0,1e.csv
3838,2,2,0,1f.csv
3838,0,0,0,1g.csv
3838,2,2,0,1h.csv
3838,2,0,2,1i.csv
3838,0,0,0,1j.csv
3838,2,2,0,1k.csv
3838,4,4,0,1l.csv
3838,0,0,0,1m.csv
3838,2,2,0,2a.csv
3838,0,0,0,2b.csv
3838,1,0,1,2c.csv
3838,0,0,0,2d.csv
3838,0,0,0,2e.csv
3838,1,1,0,2f.csv
3838,0,0,0,2g.csv
3838,0,0,0,2h.csv
3838,0,0,0,2i.csv
3838,0,0,0,2j.csv
3838,0,0,0,2k.csv
3838,0,0,0,2l.csv
3838,2,1,1,3a.csv
3838,13,10,3,3b.csv
3838,3,3,0,3c.csv
3838,3,3,0,3d.csv
3838,0,0,0,3e.csv
3838,1,1,0,3f.csv
3838,5,4,1,3g.csv
3839,6,5,1,1a.csv
3839,15,14,1,1b.csv
3839,2,2,0,1c.csv
3839,0,0,0,1e.csv
3839,4,4,0,1f.csv
3839,0,0,0,1g.csv
3839,1,1,0,1h.csv
3839,2,0,2,1i.csv
3839,0,0,0,1j.csv
3839,2,2,0,1k.csv
3839,4,4,0,1l.csv
3839,0,0,0,1m.csv
3839,1,1,0,2a.csv
3839,0,0,0,2b.csv
3839,1,0,1,2c.csv
3839,0,0,0,2d.csv
3839,0,0,0,2e.csv
3839,1,1,0,2f.csv
3839,0,0,0,2g.csv
3839,0,0,0,2h.csv
3839,0,0,0,2i.csv
3839,0,0,0,2j.csv
3839,0,0,0,2k.csv
3839,0,0,0,2l.csv
3839,2,1,1,3a.csv
3839,11,8,3,3b.csv
3839,3,3,0,3c.csv
3839,3,3,0,3d.csv
3839,0,0,0,3e.csv
3839,1,1,0,3f.csv
3839,3,2,1,3g.csv
3840,5,5,0,1a.csv
3840,14,13,1,1b.csv
3840,2,2,0,1c.csv
3840,0,0,0,1e.csv
3840,4,4,0,1f.csv
3840,0,0,0,1g.csv
3840,1,1,0,1h.csv
3840,1,0,1,1i.csv
3840,0,0,0,1j.csv
3840,1,1,0,1k.csv
3840,4,3,1,1l.csv
3840,0,0,0,1m.csv
3840,1,1,0,2a.csv
3840,0,0,0,2b.csv
3840,1,0,1,2c.csv
3840,0,0,0,2d.csv
3840,0,0,0,2e.csv
3840,2,2,0,2f.csv
3840,0,0,0,2g.csv
3840,0,0,0,2h.csv
3840,0,0,0,2i.csv
3840,0,0,0,2j.csv
3840,0,0,0,2k.csv
3840,0,0,0,2l.csv
3840,3,1,2,3a.csv
3840,12,9,3,3b.csv
3840,3,3,0,3c.csv
3840,3,3,0,3d.csv
3840,1,1,0,3e.csv
3840,1,1,0,3f.csv
3840,2,1,1,3g.csv
3841,4,4,0,1a.csv
3841,10,9,1,1b.csv
3841,1,1,0,1c.csv
3841,0,0,0,1e.csv
3841,5,5,0,1f.csv
3841,1,0,1,1g.csv
3841,1,1,0,1h.csv
3841,1,0,1,1i.csv
3841,0,0,0,1j.csv
3841,1,1,0,1k.csv
3841,3,2,1,1l.csv
3841,0,0,0,1m.csv
3841,0,0,0,2a.csv
3841,0,0,0,2b.csv
3841,1,0,1,2c.csv
3841,0,0,0,2d.csv
3841,0,0,0,2e.csv
3841,2,2,0,2f.csv
3841,0,0,0,2g.csv
3841,0,0,0,2h.csv
3841,0,0,0,2i.csv
3841,0,0,0,2j.csv
3841,0,0,0,2k.csv
3841,0,0,0,2l.csv
3841,2,0,2,3a.csv
3841,13,10,3,3b.csv
3841,4,4,0,3c.csv
3841,4,4,0,3d.csv
3841,3,3,0,3e.csv
3841,1,1,0,3f.csv
3841,2,1,1,3g.csv
3842,5,5,0,1a.csv
3842,11,10,1,1b.csv
3842,1,1,0,1c.csv
3842,0,0,0,1e.csv
3842,5,5,0,1f.csv
3842,1,0,1,1g.csv
3842,1,1,0,1h.csv
3842,1,0,1,1i.csv
3842,0,0,0,1j.csv
3842,1,1,0,1k.csv
3842,3,2,1,1l.csv
3842,0,0,0,1m.csv
3842,0,0,0,2a.csv
3842,0,0,0,2b.csv
3842,0,0,0,2c.csv
3842,0,0,0,2d.csv
3842,0,0,0,2e.csv
3842,3,3,0,2f.csv
3842,0,0,0,2g.csv
3842,0,0,0,2h.csv
3842,0,0,0,2i.csv
3842,0,0,0,2j.csv
3842,0,0,0,2k.csv
3842,0,0,0,2l.csv
3842,2,0,2,3a.csv
3842,14,11,3,3b.csv
3842,3,3,0,3c.csv
3842,3,3,0,3d.csv
3842,3,3,0,3e.csv
3842,2,2,0,3f.csv
3842,2,1,1,3g.csv
3843,3,3,0,1a.csv
3843,11,10,1,1b.csv
3843,0,0,0,1c.csv
3843,0,0,0,1e.csv
3843,5,5,0,1f.csv
3843,1,0,1,1g.csv
3843,1,1,0,1h.csv
3843,1,0,1,1i.csv
3843,0,0,0,1j.csv
3843,1,1,0,1k.csv
3843,4,3,1,1l.csv
3843,0,0,0,1m.csv
3843,0,0,0,2a.csv
3843,0,0,0,2b.csv
3843,0,0,0,2c.csv
3843,0,0,0,2d.csv
3843,0,0,0,2e.csv
3843,3,3,0,2f.csv
3843,0,0,0,2g.csv
3843,0,0,0,2h.csv
3843,0,0,0,2i.csv
3843,0,0,0,2j.csv
3843,0,0,0,2k.csv
3843,0,0,0,2l.csv
3843,2,1,1,3a.csv
3843,13,11,2,3b.csv
3843,2,2,0,3c.csv
3843,2,2,0,3d.csv
3843,4,4,0,3e.csv
3843,2,2,0,3f.csv
3843,2,1,1,3g.csv
3844,5,5,0,1a.csv
3844,12,11,1,1b.csv
3844,0,0,0,1c.csv
3844,0,0,0,1e.csv
3844,4,4,0,1f.csv
3844,1,0,1,1g.csv
3844,1,1,0,1h.csv
3844,0,0,0,1i.csv
3844,0,0,0,1j.csv
3844,1,1,0,1k.csv
3844,4,3,1,1l.csv
3844,0,0,0,1m.csv
3844,1,1,0,2a.csv
3844,0,0,0,2b.csv
3844,0,0,0,2c.csv
3844,0,0,0,2d.csv
3844,0,0,0,2e.csv
3844,2,2,0,2f.csv
3844,0,0,0,2g.csv
3844,0,0,0,2h.csv
3844,0,0,0,2i.csv
3844,0,0,0,2j.csv
3844,0,0,0,2k.csv
3844,0,0,0,2l.csv
3844,2,1,1,3a.csv
3844,12,9,3,3b.csv
3844,1,1,0,3c.csv
3844,1,1,0,3d.csv
3844,5,5,0,3e.csv
3844,2,2,0,3f.csv
3844,2,1,1,3g.csv
3845,5,5,0,1a.csv
3845,11,10,1,1b.csv
3845,0,0,0,1c.csv
3845,0,0,0,1e.csv
3845,4,4,0,1f.csv
3845,1,0,1,1g.csv
3845,1,1,0,1h.csv
3845,0,0,0,1i.csv
3845,0,0,0,1j.csv
3845,0,0,0,1k.csv
3845,3,2,1,1l.csv
3845,0,0,0,1m.csv
3845,1,1,0,2a.csv
3845,0,0,0,2b.csv
3845,0,0,0,2c.csv
3845,0,0,0,2d.csv
3845,0,0,0,2e.csv
3845,2,2,0,2f.csv
3845,1,1,0,2g.csv
3845,0,0,0,2h.csv
3845,0,0,0,2i.csv
3845,0,0,0,2j.csv
3845,0,0,0,2k.csv
3845,0,0,0,2l.csv
3845,2,1,1,3a.csv
3845,13,10,3,3b.csv
3845,2,2,0,3c.csv
3845,2,2,0,3d.csv
3845,5,5,0,3e.csv
3845,1,1,0,3f.csv
3845,1,0,1,3g.csv
3846,5,5,0,1a.csv
3846,8,7,1,1b.csv
3846,0,0,0,1c.csv
3846,0,0,0,1e.csv
3846,5,5,0,1f.csv
3846,2,1,1,1g.csv
3846,0,0,0,1h.csv
3846,0,0,0,1i.csv
3846,0,0,0,1j.csv
3846,0,0,0,1k.csv
3846,4,3,1,1l.csv
3846,0,0,0,1m.csv
3846,1,1,0,2a.csv
3846,0,0,0,2b.csv
3846,0,0,0,2c.csv
3846,0,0,0,2d.csv
3846,0,0,0,2e.csv
3846,2,2,0,2f.csv
3846,1,1,0,2g.csv
3846,0,0,0,2h.csv
3846,0,0,0,2i.csv
3846,0,0,0,2j.csv
3846,0,0,0,2k.csv
3846,0,0,0,2l.csv
3846,2,1,1,3a.csv
3846,11,8,3,3b.csv
3846,2,2,0,3c.csv
3846,2,2,0,3d.csv
3846,6,5,1,3e.csv
3846,2,2,0,3f.csv
3846,0,0,0,3g.csv
3847,5,5,0,1a.csv
3847,5,5,0,1b.csv
3847,0,0,0,1c.csv
3847,0,0,0,1e.csv
3847,2,2,0,1f.csv
3847,2,1,1,1g.csv
3847,0,0,0,1h.csv
3847,0,0,0,1i.csv
3847,0,0,0,1j.csv
3847,1,0,1,1k.csv
3847,4,3,1,1l.csv
3847,0,0,0,1m.csv
3847,1,1,0,2a.csv
3847,0,0,0,2b.csv
3847,0,0,0,2c.csv
3847,0,0,0,2d.csv
3847,0,0,0,2e.csv
3847,2,2,0,2f.csv
3847,1,1,0,2g.csv
3847,0,0,0,2h.csv
3847,0,0,0,2i.csv
3847,0,0,0,2j.csv
3847,0,0,0,2k.csv
3847,0,0,0,2l.csv
3847,2,1,1,3a.csv
3847,9,6,3,3b.csv
3847,2,2,0,3c.csv
3847,2,2,0,3d.csv
3847,6,5,1,3e.csv
3847,2,2,0,3f.csv
3847,1,0,1,3g.csv
3848,5,4,1,1a.csv
3848,6,6,0,1b.csv
3848,0,0,0,1c.csv
3848,0,0,0,1e.csv
3848,3,3,0,1f.csv
3848,2,1,1,1g.csv
3848,0,0,0,1h.csv
3848,0,0,0,1i.csv
3848,0,0,0,1j.csv
3848,1,0,1,1k.csv
3848,4,4,0,1l.csv
3848,0,0,0,1m.csv
3848,1,1,0,2a.csv
3848,0,0,0,2b.csv
3848,0,0,0,2c.csv
3848,0,0,0,2d.csv
3848,0,0,0,2e.csv
3848,1,1,0,2f.csv
3848,1,1,0,2g.csv
3848,0,0,0,2h.csv
3848,0,0,0,2i.csv
3848,0,0,0,2j.csv
3848,0,0,0,2k.csv
3848,0,0,0,2l.csv
3848,1,1,0,3a.csv
3848,9,6,3,3b.csv
3848,4,4,0,3c.csv
3848,4,4,0,3d.csv
3848,6,5,1,3e.csv
3848,2,2,0,3f.csv
3848,1,0,1,3g.csv
3849,6,5,1,1a.csv
3849,5,5,0,1b.csv
3849,0,0,0,1c.csv
3849,0,0,0,1e.csv
3849,2,2,0,1f.csv
3849,1,1,0,1g.csv
3849,0,0,0,1h.csv
3849,0,0,0,1i.csv
3849,0,0,0,1j.csv
3849,2,1,1,1k.csv
3849,4,4,0,1l.csv
3849,1,1,0,1m.csv
3849,1,1,0,2a.csv
3849,0,0,0,2b.csv
3849,0,0,0,2c.csv
3849,0,0,0,2d.csv
3849,0,0,0,2e.csv
3849,1,1,0,2f.csv
3849,1,1,0,2g.csv
3849,0,0,0,2h.csv
3849,0,0,0,2i.csv
3849,0,0,0,2j.csv
3849,0,0,0,2k.csv
3849,0,0,0,2l.csv
3849,3,3,0,3a.csv
3849,8,6,2,3b.csv
3849,3,3,0,3c.csv
3849,3,3,0,3d.csv
3849,4,3,1,3e.csv
3849,2,2,0,3f.csv
3849,1,0,1,3g.csv
3850,5,4,1,1a.csv
3850,5,5,0,1b.csv
3850,0,0,0,1c.csv
3850,0,0,0,1e.csv
3850,2,2,0,1f.csv
3850,1,1,0,1g.csv
3850,0,0,0,1h.csv
3850,0,0,0,1i.csv
3850,0,0,0,1j.csv
3850,2,1,1,1k.csv
3850,4,4,0,1l.csv
3850,1,1,0,1m.csv
3850,1,1,0,2a.csv
3850,0,0,0,2b.csv
3850,0,0,0,2c.csv
3850,0,0,0,2d.csv
3850,0,0,0,2e.csv
3850,0,0,0,2f.csv
3850,1,1,0,2g.csv
3850,0,0,0,2h.csv
3850,0,0,0,2i.csv
3850,0,0,0,2j.csv
3850,0,0,0,2k.csv
3850,0,0,0,2l.csv
3850,3,3,0,3a.csv
3850,7,5,2,3b.csv
3850,3,3,0,3c.csv
3850,3,3,0,3d.csv
3850,4,3,1,3e.csv
3850,1,1,0,3f.csv
3850,1,0,1,3g.csv
3851,6,5,1,1a.csv
3851,5,5,0,1b.csv
3851,0,0,0,1c.csv
3851,0,0,0,1e.csv
3851,2,2,0,1f.csv
3851,1,1,0,1g.csv
3851,0,0,0,1h.csv
3851,0,0,0,1i.csv
3851,0,0,0,1j.csv
3851,2,1,1,1k.csv
3851,2,2,0,1l.csv
3851,1,1,0,1m.csv
3851,1,1,0,2a.csv
3851,0,0,0,2b.csv
3851,0,0,0,2c.csv
3851,0,0,0,2d.csv
3851,0,0,0,2e.csv
3851,0,0,0,2f.csv
3851,1,1,0,2g.csv
3851,0,0,0,2h.csv
3851,0,0,0,2i.csv
3851,0,0,0,2j.csv
3851,0,0,0,2k.csv
3851,1,1,0,2l.csv
3851,2,2,0,3a.csv
3851,7,5,2,3b.csv
3851,4,4,0,3c.csv
3851,4,4,0,3d.csv
3851,3,2,1,3e.csv
3851,1,1,0,3f.csv
3851,1,0,1,3g.csv
3852,5,4,1,1a.csv
3852,3,3,0,1b.csv
3852,1,0,1,1c.csv
3852,0,0,0,1e.csv
3852,4,2,2,1f.csv
3852,1,1,0,1g.csv
3852,0,0,0,1h.csv
3852,0,0,0,1i.csv
3852,0,0,0,1j.csv
3852,2,1,1,1k.csv
3852,2,2,0,1l.csv
3852,1,1,0,1m.csv
3852,0,0,0,2a.csv
3852,0,0,0,2b.csv
3852,0,0,0,2c.csv
3852,0,0,0,2d.csv
3852,0,0,0,2e.csv
3852,0,0,0,2f.csv
3852,1,1,0,2g.csv
3852,0,0,0,2h.csv
3852,0,0,0,2i.csv
3852,0,0,0,2j.csv
3852,0,0,0,2k.csv
3852,1,1,0,2l.csv
3852,2,2,0,3a.csv
3852,6,5,1,3b.csv
3852,4,4,0,3c.csv
3852,4,4,0,3d.csv
3852,2,1,1,3e.csv
3852,1,1,0,3f.csv
3852,1,0,1,3g.csv
3853,5,4,1,1a.csv
3853,3,3,0,1b.csv
3853,1,0,1,1c.csv
3853,0,0,0,1e.csv
3853,4,2,2,1f.csv
3853,1,1,0,1g.csv
3853,0,0,0,1h.csv
3853,0,0,0,1i.csv
3853,0,0,0,1j.csv
3853,3,2,1,1k.csv
3853,2,2,0,1l.csv
3853,2,2,0,1m.csv
3853,0,0,0,2a.csv
3853,0,0,0,2b.csv
3853,0,0,0,2c.csv
3853,0,0,0,2d.csv
3853,0,0,0,2e.csv
3853,0,0,0,2f.csv
3853,0,0,0,2g.csv
3853,0,0,0,2h.csv
3853,0,0,0,2i.csv
3853,0,0,0,2j.csv
3853,0,0,0,2k.csv
3853,1,1,0,2l.csv
3853,2,2,0,3a.csv
3853,5,4,1,3b.csv
3853,3,3,0,3c.csv
3853,3,3,0,3d.csv
3853,2,1,1,3e.csv
3853,1,1,0,3f.csv
3853,1,0,1,3g.csv
3854,4,3,1,1a.csv
3854,4,4,0,1b.csv
3854,1,0,1,1c.csv
3854,0,0,0,1e.csv
3854,3,1,2,1f.csv
3854,2,2,0,1g.csv
3854,0,0,0,1h.csv
3854,0,0,0,1i.csv
3854,0,0,0,1j.csv
3854,4,3,1,1k.csv
3854,1,1,0,1l.csv
3854,2,2,0,1m.csv
3854,0,0,0,2a.csv
3854,0,0,0,2b.csv
3854,0,0,0,2c.csv
3854,0,0,0,2d.csv
3854,0,0,0,2e.csv
3854,0,0,0,2f.csv
3854,0,0,0,2g.csv
3854,0,0,0,2h.csv
3854,0,0,0,2i.csv
3854,0,0,0,2j.csv
3854,0,0,0,2k.csv
3854,1,1,0,2l.csv
3854,2,2,0,3a.csv
3854,5,4,1,3b.csv
3854,4,4,0,3c.csv
3854,4,4,0,3d.csv
3854,1,1,0,3e.csv
3854,0,0,0,3f.csv
3854,1,0,1,3g.csv
3855,5,4,1,1a.csv
3855,4,4,0,1b.csv
3855,1,0,1,1c.csv
3855,0,0,0,1e.csv
3855,3,1,2,1f.csv
3855,2,2,0,1g.csv
3855,0,0,0,1h.csv
3855,0,0,0,1i.csv
3855,0,0,0,1j.csv
3855,4,4,0,1k.csv
3855,1,1,0,1l.csv
3855,2,2,0,1m.csv
3855,0,0,0,2a.csv
3855,0,0,0,2b.csv
3855,0,0,0,2c.csv
3855,0,0,0,2d.csv
3855,0,0,0,2e.csv
3855,0,0,0,2f.csv
3855,0,0,0,2g.csv
3855,0,0,0,2h.csv
3855,0,0,0,2i.csv
3855,0,0,0,2j.csv
3855,0,0,0,2k.csv
3855,2,2,0,2l.csv
3855,2,2,0,3a.csv
3855,6,5,1,3b.csv
3855,4,4,0,3c.csv
3855,4,4,0,3d.csv
3855,1,1,0,3e.csv
3855,0,0,0,3f.csv
3855,0,0,0,3g.csv
3856,4,4,0,1a.csv
3856,3,3,0,1b.csv
3856,1,0,1,1c.csv
3856,0,0,0,1e.csv
3856,3,0,3,1f.csv
3856,2,2,0,1g.csv
3856,0,0,0,1h.csv
3856,0,0,0,1i.csv
3856,0,0,0,1j.csv
3856,4,4,0,1k.csv
3856,1,1,0,1l.csv
3856,2,2,0,1m.csv
3856,0,0,0,2a.csv
3856,0,0,0,2b.csv
3856,0,0,0,2c.csv
3856,0,0,0,2d.csv
3856,0,0,0,2e.csv
3856,0,0,0,2f.csv
3856,1,1,0,2g.csv
3856,0,0,0,2h.csv
3856,0,0,0,2i.csv
3856,0,0,0,2j.csv
3856,0,0,0,2k.csv
3856,2,2,0,2l.csv
3856,2,2,0,3a.csv
3856,6,5,1,3b.csv
3856,4,4,0,3c.csv
3856,4,4,0,3d.csv
3856,1,1,0,3e.csv
3856,0,0,0,3f.csv
3856,0,0,0,3g.csv
3857,4,4,0,1a.csv
3857,3,3,0,1b.csv
3857,1,0,1,1c.csv
3857,0,0,0,1e.csv
3857,3,0,3,1f.csv
3857,2,2,0,1g.csv
3857,0,0,0,1h.csv
3857,0,0,0,1i.csv
3857,0,0,0,1j.csv
3857,3,3,0,1k.csv
3857,1,1,0,1l.csv
3857,1,1,0,1m.csv
3857,1,0,1,2a.csv
3857,1,0,1,2b.csv
3857,0,0,0,2c.csv
3857,0,0,0,2d.csv
3857,0,0,0,2e.csv
3857,0,0,0,2f.csv
3857,1,1,0,2g.csv
3857,0,0,0,2h.csv
3857,0,0,0,2i.csv
3857,0,0,0,2j.csv
3857,0,0,0,2k.csv
3857,2,2,0,2l.csv
3857,1,0,1,3a.csv
3857,5,4,1,3b.csv
3857,4,4,0,3c.csv
3857,4,4,0,3d.csv
3857,1,1,0,3e.csv
3857,0,0,0,3f.csv
3857,0,0,0,3g.csv
3858,4,4,0,1a.csv
3858,2,2,0,1b.csv
3858,1,0,1,1c.csv
3858,0,0,0,1e.csv
3858,3,0,3,1f.csv
3858,2,2,0,1g.csv
3858,0,0,0,1h.csv
3858,0,0,0,1i.csv
3858,0,0,0,1j.csv
3858,3,3,0,1k.csv
3858,1,1,0,1l.csv
3858,1,1,0,1m.csv
3858,1,0,1,2a.csv
3858,1,0,1,2b.csv
3858,0,0,0,2c.csv
3858,0,0,0,2d.csv
3858,0,0,0,2e.csv
3858,0,0,0,2f.csv
3858,1,1,0,2g.csv
3858,0,0,0,2h.csv
3858,0,0,0,2i.csv
3858,0,0,0,2j.csv
3858,0,0,0,2k.csv
3858,2,2,0,2l.csv
3858,1,0,1,3a.csv
3858,6,4,2,3b.csv
3858,4,4,0,3c.csv
3858,4,4,0,3d.csv
3858,1,1,0,3e.csv
3858,1,1,0,3f.csv
3858,1,1,0,3g.csv
3859,4,4,0,1a.csv
3859,2,2,0,1b.csv
3859,1,0,1,1c.csv
3859,0,0,0,1e.csv
3859,3,0,3,1f.csv
3859,2,2,0,1g.csv
3859,0,0,0,1h.csv
3859,0,0,0,1i.csv
3859,0,0,0,1j.csv
3859,3,3,0,1k.csv
3859,2,2,0,1l.csv
3859,1,1,0,1m.csv
3859,1,0,1,2a.csv
3859,1,0,1,2b.csv
3859,0,0,0,2c.csv
3859,0,0,0,2d.csv
3859,0,0,0,2e.csv
3859,0,0,0,2f.csv
3859,1,1,0,2g.csv
3859,0,0,0,2h.csv
3859,0,0,0,2i.csv
3859,0,0,0,2j.csv
3859,0,0,0,2k.csv
3859,1,1,0,2l.csv
3859,1,0,1,3a.csv
3859,7,5,2,3b.csv
3859,3,3,0,3c.csv
3859,3,3,0,3d.csv
3859,1,1,0,3e.csv
3859,2,2,0,3f.csv
3859,1,1,0,3g.csv
3860,3,3,0,1a.csv
3860,3,3,0,1b.csv
3860,0,0,0,1c.csv
3860,0,0,0,1e.csv
3860,1,0,1,1f.csv
3860,2,2,0,1g.csv
3860,0,0,0,1h.csv
3860,0,0,0,1i.csv
3860,0,0,0,1j.csv
3860,3,3,0,1k.csv
3860,2,2,0,1l.csv
3860,1,1,0,1m.csv
3860,1,0,1,2a.csv
3860,1,0,1,2b.csv
3860,0,0,0,2c.csv
3860,0,0,0,2d.csv
3860,0,0,0,2e.csv
3860,0,0,0,2f.csv
3860,1,1,0,2g.csv
3860,0,0,0,2h.csv
3860,0,0,0,2i.csv
3860,0,0,0,2j.csv
3860,0,0,0,2k.csv
3860,1,1,0,2l.csv
3860,1,0,1,3a.csv
3860,8,5,3,3b.csv
3860,3,3,0,3c.csv
3860,3,3,0,3d.csv
3860,1,1,0,3e.csv
3860,2,2,0,3f.csv
3860,1,1,0,3g.csv
3861,3,3,0,1a.csv
3861,2,2,0,1b.csv
3861,1,1,0,1c.csv
3861,0,0,0,1e.csv
3861,1,0,1,1f.csv
3861,2,2,0,1g.csv
3861,0,0,0,1h.csv
3861,0,0,0,1i.csv
3861,0,0,0,1j.csv
3861,2,2,0,1k.csv
3861,2,2,0,1l.csv
3861,0,0,0,1m.csv
3861,1,0,1,2a.csv
3861,1,0,1,2b.csv
3861,0,0,0,2c.csv
3861,1,1,0,2d.csv
3861,0,0,0,2e.csv
3861,0,0,0,2f.csv
3861,1,1,0,2g.csv
3861,0,0,0,2h.csv
3861,0,0,0,2i.csv
3861,0,0,0,2j.csv
3861,0,0,0,2k.csv
3861,1,1,0,2l.csv
3861,3,2,1,3a.csv
3861,6,4,2,3b.csv
3861,3,3,0,3c.csv
3861,3,3,0,3d.csv
3861,1,1,0,3e.csv
3861,3,2,1,3f.csv
3861,1,1,0,3g.csv
3862,3,3,0,1a.csv
3862,1,1,0,1b.csv
3862,1,1,0,1c.csv
3862,0,0,0,1e.csv
3862,1,0,1,1f.csv
3862,0,0,0,1g.csv
3862,0,0,0,1h.csv
3862,0,0,0,1i.csv
3862,0,0,0,1j.csv
3862,1,1,0,1k.csv
3862,2,2,0,1l.csv
3862,0,0,0,1m.csv
3862,1,0,1,2a.csv
3862,1,0,1,2b.csv
3862,0,0,0,2c.csv
3862,1,1,0,2d.csv
3862,0,0,0,2e.csv
3862,0,0,0,2f.csv
3862,1,1,0,2g.csv
3862,0,0,0,2h.csv
3862,0,0,0,2i.csv
3862,0,0,0,2j.csv
3862,0,0,0,2k.csv
3862,1,1,0,2l.csv
3862,4,3,1,3a.csv
3862,6,4,2,3b.csv
3862,2,2,0,3c.csv
3862,2,2,0,3d.csv
3862,1,1,0,3e.csv
3862,3,2,1,3f.csv
3862,2,1,1,3g.csv
3863,2,2,0,1a.csv
3863,1,1,0,1b.csv
3863,2,1,1,1c.csv
3863,0,0,0,1e.csv
3863,1,0,1,1f.csv
3863,0,0,0,1g.csv
3863,0,0,0,1h.csv
3863,0,0,0,1i.csv
3863,0,0,0,1j.csv
3863,0,0,0,1k.csv
3863,2,2,0,1l.csv
3863,0,0,0,1m.csv
3863,1,0,1,2a.csv
3863,1,0,1,2b.csv
3863,0,0,0,2c.csv
3863,1,1,0,2d.csv
3863,0,0,0,2e.csv
3863,0,0,0,2f.csv
3863,1,1,0,2g.csv
3863,0,0,0,2h.csv
3863,0,0,0,2i.csv
3863,0,0,0,2j.csv
3863,0,0,0,2k.csv
3863,0,0,0,2l.csv
3863,5,4,1,3a.csv
3863,6,4,2,3b.csv
3863,2,2,0,3c.csv
3863,2,2,0,3d.csv
3863,1,1,0,3e.csv
3863,3,2,1,3f.csv
3863,2,1,1,3g.csv
3864,2,2,0,1a.csv
3864,1,1,0,1b.csv
3864,2,1,1,1c.csv
3864,0,0,0,1e.csv
3864,0,0,0,1f.csv
3864,0,0,0,1g.csv
3864,0,0,0,1h.csv
3864,0,0,0,1i.csv
3864,0,0,0,1j.csv
3864,0,0,0,1k.csv
3864,1,1,0,1l.csv
3864,0,0,0,1m.csv
3864,1,0,1,2a.csv
3864,1,0,1,2b.csv
3864,0,0,0,2c.csv
3864,1,1,0,2d.csv
3864,0,0,0,2e.csv
3864,0,0,0,2f.csv
3864,0,0,0,2g.csv
3864,0,0,0,2h.csv
3864,0,0,0,2i.csv
3864,0,0,0,2j.csv
3864,0,0,0,2k.csv
3864,0,0,0,2l.csv
3864,6,5,1,3a.csv
3864,7,4,3,3b.csv
3864,0,0,0,3c.csv
3864,0,0,0,3d.csv
3864,1,1,0,3e.csv
3864,3,2,1,3f.csv
3864,2,1,1,3g.csv
3865,2,1,1,1a.csv
3865,1,1,0,1b.csv
3865,2,1,1,1c.csv
3865,0,0,0,1e.csv
3865,2,1,1,1f.csv
3865,0,0,0,1g.csv
3865,0,0,0,1h.csv
3865,0,0,0,1i.csv
3865,1,1,0,1j.csv
3865,0,0,0,1k.csv
3865,1,1,0,1l.csv
3865,0,0,0,1m.csv
3865,0,0,0,2a.csv
3865,0,0,0,2b.csv
3865,0,0,0,2c.csv
3865,1,1,0,2d.csv
3865,0,0,0,2e.csv
3865,0,0,0,2f.csv
3865,0,0,0,2g.csv
3865,0,0,0,2h.csv
3865,0,0,0,2i.csv
3865,0,0,0,2j.csv
3865,0,0,0,2k.csv
3865,0,0,0,2l.csv
3865,5,5,0,3a.csv
3865,9,6,3,3b.csv
3865,0,0,0,3c.csv
3865,0,0,0,3d.csv
3865,2,2,0,3e.csv
3865,3,2,1,3f.csv
3865,2,1,1,3g.csv
3866,2,1,1,1a.csv
3866,1,1,0,1b.csv
3866,2,1,1,1c.csv
3866,1,1,0,1e.csv
3866,2,1,1,1f.csv
3866,0,0,0,1g.csv
3866,0,0,0,1h.csv
3866,0,0,0,1i.csv
3866,1,1,0,1j.csv
3866,0,0,0,1k.csv
3866,1,1,0,1l.csv
3866,0,0,0,1m.csv
3866,0,0,0,2a.csv
3866,0,0,0,2b.csv
3866,0,0,0,2c.csv
3866,2,2,0,2d.csv
3866,0,0,0,2e.csv
3866,0,0,0,2f.csv
3866,0,0,0,2g.csv
3866,0,0,0,2h.csv
3866,0,0,0,2i.csv
3866,0,0,0,2j.csv
3866,0,0,0,2k.csv
3866,0,0,0,2l.csv
3866,5,5,0,3a.csv
3866,9,7,2,3b.csv
3866,1,1,0,3c.csv
3866,1,1,0,3d.csv
3866,2,2,0,3e.csv
3866,2,1,1,3f.csv
3866,1,0,1,3g.csv
3867,1,0,1,1a.csv
3867,1,1,0,1b.csv
3867,2,1,1,1c.csv
3867,1,1,0,1e.csv
3867,2,1,1,1f.csv
3867,0,0,0,1g.csv
3867,0,0,0,1h.csv
3867,0,0,0,1i.csv
3867,1,1,0,1j.csv
3867,0,0,0,1k.csv
3867,0,0,0,1l.csv
3867,0,0,0,1m.csv
3867,0,0,0,2a.csv
3867,0,0,0,2b.csv
3867,0,0,0,2c.csv
3867,2,2,0,2d.csv
3867,0,0,0,2e.csv
3867,0,0,0,2f.csv
3867,0,0,0,2g.csv
3867,0,0,0,2h.csv
3867,0,0,0,2i.csv
3867,0,0,0,2j.csv
3867,0,0,0,2k.csv
3867,0,0,0,2l.csv
3867,6,6,0,3a.csv
3867,10,8,2,3b.csv
3867,1,1,0,3c.csv
3867,1,1,0,3d.csv
3867,2,2,0,3e.csv
3867,1,0,1,3f.csv
3867,1,0,1,3g.csv
3868,2,1,1,1a.csv
3868,1,1,0,1b.csv
3868,2,1,1,1c.csv
3868,1,1,0,1e.csv
3868,2,1,1,1f.csv
3868,0,0,0,1g.csv
3868,0,0,0,1h.csv
3868,0,0,0,1i.csv
3868,1,1,0,1j.csv
3868,0,0,0,1k.csv
3868,0,0,0,1l.csv
3868,0,0,0,1m.csv
3868,0,0,0,2a.csv
3868,0,0,0,2b.csv
3868,1,1,0,2c.csv
3868,2,2,0,2d.csv
3868,0,0,0,2e.csv
3868,0,0,0,2f.csv
3868,0,0,0,2g.csv
3868,0,0,0,2h.csv
3868,0,0,0,2i.csv
3868,0,0,0,2j.csv
3868,0,0,0,2k.csv
3868,0,0,0,2l.csv
3868,7,7,0,3a.csv
3868,11,10,1,3b.csv
3868,1,1,0,3c.csv
3868,1,1,0,3d.csv
3868,2,2,0,3e.csv
3868,1,0,1,3f.csv
3868,1,0,1,3g.csv
3869,2,1,1,1a.csv
3869,1,1,0,1b.csv
3869,2,1,1,1c.csv
3869,1,1,0,1e.csv
3869,2,1,1,1f.csv
3869,0,0,0,1g.csv
3869,0,0,0,1h.csv
3869,0,0,0,1i.csv
3869,1,1,0,1j.csv
3869,0,0,0,1k.csv
3869,0,0,0,1l.csv
3869,0,0,0,1m.csv
3869,0,0,0,2a.csv
3869,0,0,0,2b.csv
3869,1,1,0,2c.csv
3869,1,1,0,2d.csv
3869,0,0,0,2e.csv
3869,0,0,0,2f.csv
3869,0,0,0,2g.csv
3869,0,0,0,2h.csv
3869,0,0,0,2i.csv
3869,0,0,0,2j.csv
3869,0,0,0,2k.csv
3869,0,0,0,2l.csv
3869,7,6,1,3a.csv
3869,11,10,1,3b.csv
3869,1,1,0,3c.csv
3869,1,1,0,3d.csv
3869,2,2,0,3e.csv
3869,1,1,0,3f.csv
3869,1,0,1,3g.csv
3870,2,1,1,1a.csv
3870,1,1,0,1b.csv
3870,2,1,1,1c.csv
3870,1,1,0,1e.csv
3870,2,1,1,1f.csv
3870,0,0,0,1g.csv
3870,0,0,0,1h.csv
3870,0,0,0,1i.csv
3870,1,1,0,1j.csv
3870,0,0,0,1k.csv
3870,1,1,0,1l.csv
3870,0,0,0,1m.csv
3870,0,0,0,2a.csv
3870,0,0,0,2b.csv
3870,1,1,0,2c.csv
3870,1,1,0,2d.csv
3870,0,0,0,2e.csv
3870,0,0,0,2f.csv
3870,0,0,0,2g.csv
3870,0,0,0,2h.csv
3870,0,0,0,2i.csv
3870,0,0,0,2j.csv
3870,0,0,0,2k.csv
3870,0,0,0,2l.csv
3870,7,6,1,3a.csv
3870,11,10,1,3b.csv
3870,1,1,0,3c.csv
3870,1,1,0,3d.csv
3870,2,2,0,3e.csv
3870,1,1,0,3f.csv
3870,0,0,0,3g.csv
3871,2,1,1,1a.csv
3871,1,1,0,1b.csv
3871,1,1,0,1c.csv
3871,1,1,0,1e.csv
3871,2,1,1,1f.csv
3871,0,0,0,1g.csv
3871,0,0,0,1h.csv
3871,0,0,0,1i.csv
3871,1,1,0,1j.csv
3871,1,0,1,1k.csv
3871,2,2,0,1l.csv
3871,0,0,0,1m.csv
3871,0,0,0,2a.csv
3871,0,0,0,2b.csv
3871,1,1,0,2c.csv
3871,1,1,0,2d.csv
3871,0,0,0,2e.csv
3871,0,0,0,2f.csv
3871,0,0,0,2g.csv
3871,0,0,0,2h.csv
3871,0,0,0,2i.csv
3871,0,0,0,2j.csv
3871,0,0,0,2k.csv
3871,1,1,0,2l.csv
3871,9,6,3,3a.csv
3871,11,10,1,3b.csv
3871,1,1,0,3c.csv
3871,1,1,0,3d.csv
3871,4,3,1,3e.csv
3871,1,1,0,3f.csv
3871,0,0,0,3g.csv
3872,2,1,1,1a.csv
3872,2,1,1,1b.csv
3872,1,1,0,1c.csv
3872,1,1,0,1e.csv
3872,2,1,1,1f.csv
3872,0,0,0,1g.csv
3872,0,0,0,1h.csv
3872,0,0,0,1i.csv
3872,1,1,0,1j.csv
3872,1,0,1,1k.csv
3872,2,2,0,1l.csv
3872,0,0,0,1m.csv
3872,0,0,0,2a.csv
3872,0,0,0,2b.csv
3872,1,1,0,2c.csv
3872,2,2,0,2d.csv
3872,0,0,0,2e.csv
3872,0,0,0,2f.csv
3872,0,0,0,2g.csv
3872,0,0,0,2h.csv
3872,0,0,0,2i.csv
3872,0,0,0,2j.csv
3872,0,0,0,2k.csv
3872,1,1,0,2l.csv
3872,8,5,3,3a.csv
3872,9,9,0,3b.csv
3872,2,2,0,3c.csv
3872,2,2,0,3d.csv
3872,3,2,1,3e.csv
3872,1,1,0,3f.csv
3872,0,0,0,3g.csv
3873,1,1,0,1a.csv
3873,3,2,1,1b.csv
3873,1,1,0,1c.csv
3873,1,1,0,1e.csv
3873,0,0,0,1f.csv
3873,0,0,0,1g.csv
3873,0,0,0,1h.csv
3873,0,0,0,1i.csv
3873,0,0,0,1j.csv
3873,2,1,1,1k.csv
3873,3,2,1,1l.csv
3873,0,0,0,1m.csv
3873,0,0,0,2a.csv
3873,0,0,0,2b.csv
3873,2,1,1,2c.csv
3873,3,3,0,2d.csv
3873,0,0,0,2e.csv
3873,0,0,0,2f.csv
3873,0,0,0,2g.csv
3873,1,1,0,2h.csv
3873,0,0,0,2i.csv
3873,0,0,0,2j.csv
3873,0,0,0,2k.csv
3873,1,1,0,2l.csv
3873,10,5,5,3a.csv
3873,8,7,1,3b.csv
3873,3,3,0,3c.csv
3873,3,3,0,3d.csv
3873,3,2,1,3e.csv
3873,1,1,0,3f.csv
3873,0,0,0,3g.csv
3874,1,1,0,1a.csv
3874,3,2,1,1b.csv
3874,1,1,0,1c.csv
3874,0,0,0,1e.csv
3874,0,0,0,1f.csv
3874,0,0,0,1g.csv
3874,0,0,0,1h.csv
3874,0,0,0,1i.csv
3874,0,0,0,1j.csv
3874,2,1,1,1k.csv
3874,3,2,1,1l.csv
3874,0,0,0,1m.csv
3874,0,0,0,2a.csv
3874,0,0,0,2b.csv
3874,2,1,1,2c.csv
3874,2,2,0,2d.csv
3874,0,0,0,2e.csv
3874,0,0,0,2f.csv
3874,0,0,0,2g.csv
3874,1,1,0,2h.csv
3874,0,0,0,2i.csv
3874,0,0,0,2j.csv
3874,0,0,0,2k.csv
3874,1,1,0,2l.csv
3874,12,6,6,3a.csv
3874,8,7,1,3b.csv
3874,5,5,0,3c.csv
3874,5,5,0,3d.csv
3874,3,2,1,3e.csv
3874,1,1,0,3f.csv
3874,0,0,0,3g.csv
3875,2,2,0,1a.csv
3875,3,2,1,1b.csv
3875,1,1,0,1c.csv
3875,1,1,0,1e.csv
3875,0,0,0,1f.csv
3875,0,0,0,1g.csv
3875,0,0,0,1h.csv
3875,0,0,0,1i.csv
3875,0,0,0,1j.csv
3875,2,1,1,1k.csv
3875,3,2,1,1l.csv
3875,0,0,0,1m.csv
3875,0,0,0,2a.csv
3875,0,0,0,2b.csv
3875,2,1,1,2c.csv
3875,2,2,0,2d.csv
3875,0,0,0,2e.csv
3875,0,0,0,2f.csv
3875,0,0,0,2g.csv
3875,2,1,1,2h.csv
3875,0,0,0,2i.csv
3875,0,0,0,2j.csv
3875,0,0,0,2k.csv
3875,1,1,0,2l.csv
3875,14,7,7,3a.csv
3875,5,4,1,3b.csv
3875,5,5,0,3c.csv
3875,5,5,0,3d.csv
3875,3,2,1,3e.csv
3875,1,1,0,3f.csv
3875,0,0,0,3g.csv
3876,1,1,0,1a.csv
3876,2,1,1,1b.csv
3876,1,1,0,1c.csv
3876,1,1,0,1e.csv
3876,0,0,0,1f.csv
3876,0,0,0,1g.csv
3876,0,0,0,1h.csv
3876,0,0,0,1i.csv
3876,0,0,0,1j.csv
3876,2,1,1,1k.csv
3876,3,2,1,1l.csv
3876,0,0,0,1m.csv
3876,0,0,0,2a.csv
3876,0,0,0,2b.csv
3876,1,0,1,2c.csv
3876,2,2,0,2d.csv
3876,0,0,0,2e.csv
3876,0,0,0,2f.csv
3876,0,0,0,2g.csv
3876,2,1,1,2h.csv
3876,0,0,0,2i.csv
3876,0,0,0,2j.csv
3876,1,1,0,2k.csv
3876,1,1,0,2l.csv
3876,17,8,9,3a.csv
3876,4,2,2,3b.csv
3876,5,5,0,3c.csv
3876,5,5,0,3d.csv
3876,3,2,1,3e.csv
3876,1,1,0,3f.csv
3876,0,0,0,3g.csv
3877,3,3,0,1a.csv
3877,2,1,1,1b.csv
3877,0,0,0,1c.csv
3877,1,1,0,1e.csv
3877,0,0,0,1f.csv
3877,0,0,0,1g.csv
3877,0,0,0,1h.csv
3877,1,1,0,1i.csv
3877,0,0,0,1j.csv
3877,2,1,1,1k.csv
3877,3,2,1,1l.csv
3877,0,0,0,1m.csv
3877,0,0,0,2a.csv
3877,0,0,0,2b.csv
3877,2,1,1,2c.csv
3877,2,2,0,2d.csv
3877,0,0,0,2e.csv
3877,0,0,0,2f.csv
3877,0,0,0,2g.csv
3877,2,1,1,2h.csv
3877,1,1,0,2i.csv
3877,0,0,0,2j.csv
3877,1,1,0,2k.csv
3877,1,1,0,2l.csv
3877,18,9,9,3a.csv
3877,4,2,2,3b.csv
3877,5,5,0,3c.csv
3877,5,5,0,3d.csv
3877,3,2,1,3e.csv
3877,0,0,0,3f.csv
3877,0,0,0,3g.csv
3878,3,3,0,1a.csv
3878,3,2,1,1b.csv
3878,0,0,0,1c.csv
3878,1,1,0,1e.csv
3878,0,0,0,1f.csv
3878,0,0,0,1g.csv
3878,0,0,0,1h.csv
3878,1,1,0,1i.csv
3878,0,0,0,1j.csv
3878,2,1,1,1k.csv
3878,2,1,1,1l.csv
3878,0,0,0,1m.csv
3878,0,0,0,2a.csv
3878,0,0,0,2b.csv
3878,2,1,1,2c.csv
3878,2,2,0,2d.csv
3878,0,0,0,2e.csv
3878,0,0,0,2f.csv
3878,0,0,0,2g.csv
3878,2,1,1,2h.csv
3878,1,1,0,2i.csv
3878,0,0,0,2j.csv
3878,1,1,0,2k.csv
3878,1,1,0,2l.csv
3878,20,10,10,3a.csv
3878,5,3,2,3b.csv
3878,6,6,0,3c.csv
3878,6,6,0,3d.csv
3878,3,2,1,3e.csv
3878,0,0,0,3f.csv
3878,0,0,0,3g.csv
3879,3,3,0,1a.csv
3879,3,2,1,1b.csv
3879,1,1,0,1c.csv
3879,1,1,0,1e.csv
3879,1,0,1,1f.csv
3879,0,0,0,1g.csv
3879,0,0,0,1h.csv
3879,1,1,0,1i.csv
3879,0,0,0,1j.csv
3879,1,1,0,1k.csv
3879,1,0,1,1l.csv
3879,0,0,0,1m.csv
3879,0,0,0,2a.csv
3879,0,0,0,2b.csv
3879,2,1,1,2c.csv
3879,2,2,0,2d.csv
3879,0,0,0,2e.csv
3879,0,0,0,2f.csv
3879,0,0,0,2g.csv
3879,2,1,1,2h.csv
3879,1,1,0,2i.csv
3879,0,0,0,2j.csv
3879,1,1,0,2k.csv
3879,0,0,0,2l.csv
3879,20,11,9,3a.csv
3879,4,2,2,3b.csv
3879,7,7,0,3c.csv
3879,7,7,0,3d.csv
3879,3,1,2,3e.csv
3879,0,0,0,3f.csv
3879,0,0,0,3g.csv
3880,6,6,0,1a.csv
3880,2,2,0,1b.csv
3880,1,1,0,1c.csv
3880,1,1,0,1e.csv
3880,1,0,1,1f.csv
3880,0,0,0,1g.csv
3880,0,0,0,1h.csv
3880,1,1,0,1i.csv
3880,0,0,0,1j.csv
3880,1,1,0,1k.csv
3880,2,1,1,1l.csv
3880,0,0,0,1m.csv
3880,1,1,0,2a.csv
3880,0,0,0,2b.csv
3880,3,2,1,2c.csv
3880,1,1,0,2d.csv
3880,0,0,0,2e.csv
3880,0,0,0,2f.csv
3880,0,0,0,2g.csv
3880,2,1,1,2h.csv
3880,1,1,0,2i.csv
3880,0,0,0,2j.csv
3880,1,1,0,2k.csv
3880,0,0,0,2l.csv
3880,22,12,10,3a.csv
3880,4,2,2,3b.csv
3880,7,7,0,3c.csv
3880,7,7,0,3d.csv
3880,3,1,2,3e.csv
3880,0,0,0,3f.csv
3880,0,0,0,3g.csv
3881,6,6,0,1a.csv
3881,1,1,0,1b.csv
3881,1,1,0,1c.csv
3881,2,2,0,1e.csv
3881,2,0,2,1f.csv
3881,0,0,0,1g.csv
3881,0,0,0,1h.csv
3881,1,1,0,1i.csv
3881,0,0,0,1j.csv
3881,0,0,0,1k.csv
3881,1,1,0,1l.csv
3881,1,1,0,1m.csv
3881,1,1,0,2a.csv
3881,0,0,0,2b.csv
3881,3,3,0,2c.csv
3881,0,0,0,2d.csv
3881,0,0,0,2e.csv
3881,0,0,0,2f.csv
3881,0,0,0,2g.csv
3881,1,0,1,2h.csv
3881,1,1,0,2i.csv
3881,0,0,0,2j.csv
3881,1,1,0,2k.csv
3881,0,0,0,2l.csv
3881,23,15,8,3a.csv
3881,3,2,1,3b.csv
3881,6,6,0,3c.csv
3881,6,6,0,3d.csv
3881,2,0,2,3e.csv
3881,0,0,0,3f.csv
3881,0,0,0,3g.csv
3882,6,6,0,1a.csv
3882,1,1,0,1b.csv
3882,1,1,0,1c.csv
3882,2,2,0,1e.csv
3882,2,0,2,1f.csv
3882,0,0,0,1g.csv
3882,0,0,0,1h.csv
3882,1,1,0,1i.csv
3882,0,0,0,1j.csv
3882,0,0,0,1k.csv
3882,1,1,0,1l.csv
3882,2,2,0,1m.csv
3882,1,1,0,2a.csv
3882,0,0,0,2b.csv
3882,3,3,0,2c.csv
3882,0,0,0,2d.csv
3882,0,0,0,2e.csv
3882,0,0,0,2f.csv
3882,0,0,0,2g.csv
3882,1,0,1,2h.csv
3882,1,1,0,2i.csv
3882,0,0,0,2j.csv
3882,1,1,0,2k.csv
3882,0,0,0,2l.csv
3882,22,15,7,3a.csv
3882,3,1,2,3b.csv
3882,3,3,0,3c.csv
3882,3,3,0,3d.csv
3882,2,0,2,3e.csv
3882,0,0,0,3f.csv
3882,0,0,0,3g.csv
3883,5,5,0,1a.csv
3883,1,1,0,1b.csv
3883,1,1,0,1c.csv
3883,1,1,0,1e.csv
3883,2,0,2,1f.csv
3883,0,0,0,1g.csv
3883,0,0,0,1h.csv
3883,1,1,0,1i.csv
3883,0,0,0,1j.csv
3883,0,0,0,1k.csv
3883,2,2,0,1l.csv
3883,2,2,0,1m.csv
3883,1,1,0,2a.csv
3883,0,0,0,2b.csv
3883,3,3,0,2c.csv
3883,0,0,0,2d.csv
3883,0,0,0,2e.csv
3883,0,0,0,2f.csv
3883,0,0,0,2g.csv
3883,0,0,0,2h.csv
3883,2,2,0,2i.csv
3883,0,0,0,2j.csv
3883,1,1,0,2k.csv
3883,1,1,0,2l.csv
3883,21,13,8,3a.csv
3883,3,1,2,3b.csv
3883,3,3,0,3c.csv
3883,3,3,0,3d.csv
3883,3,1,2,3e.csv
3883,0,0,0,3f.csv
3883,0,0,0,3g.csv
3884,6,6,0,1a.csv
3884,1,1,0,1b.csv
3884,2,2,0,1c.csv
3884,1,1,0,1e.csv
3884,2,0,2,1f.csv
3884,0,0,0,1g.csv
3884,0,0,0,1h.csv
3884,1,1,0,1i.csv
3884,0,0,0,1j.csv
3884,0,0,0,1k.csv
3884,2,2,0,1l.csv
3884,3,3,0,1m.csv
3884,1,1,0,2a.csv
3884,0,0,0,2b.csv
3884,3,3,0,2c.csv
3884,1,1,0,2d.csv
3884,0,0,0,2e.csv
3884,0,0,0,2f.csv
3884,0,0,0,2g.csv
3884,0,0,0,2h.csv
3884,2,2,0,2i.csv
3884,0,0,0,2j.csv
3884,0,0,0,2k.csv
3884,1,1,0,2l.csv
3884,18,12,6,3a.csv
3884,2,1,1,3b.csv
3884,4,4,0,3c.csv
3884,4,4,0,3d.csv
3884,3,1,2,3e.csv
3884,0,0,0,3f.csv
3884,0,0,0,3g.csv
3885,6,5,1,1a.csv
3885,2,1,1,1b.csv
3885,2,2,0,1c.csv
3885,1,1,0,1e.csv
3885,2,0,2,1f.csv
3885,0,0,0,1g.csv
3885,0,0,0,1h.csv
3885,0,0,0,1i.csv
3885,0,0,0,1j.csv
3885,0,0,0,1k.csv
3885,2,2,0,1l.csv
3885,3,3,0,1m.csv
3885,1,1,0,2a.csv
3885,0,0,0,2b.csv
3885,2,2,0,2c.csv
3885,1,1,0,2d.csv
3885,0,0,0,2e.csv
3885,0,0,0,2f.csv
3885,0,0,0,2g.csv
3885,0,0,0,2h.csv
3885,1,1,0,2i.csv
3885,0,0,0,2j.csv
3885,0,0,0,2k.csv
3885,1,1,0,2l.csv
3885,16,11,5,3a.csv
3885,2,1,1,3b.csv
3885,4,4,0,3c.csv
3885,4,4,0,3d.csv
3885,3,1,2,3e.csv
3885,0,0,0,3f.csv
3885,0,0,0,3g.csv
3886,7,6,1,1a.csv
3886,1,0,1,1b.csv
3886,2,2,0,1c.csv
3886,1,1,0,1e.csv
3886,3,0,3,1f.csv
3886,0,0,0,1g.csv
3886,0,0,0,1h.csv
3886,0,0,0,1i.csv
3886,0,0,0,1j.csv
3886,0,0,0,1k.csv
3886,2,2,0,1l.csv
3886,3,3,0,1m.csv
3886,1,1,0,2a.csv
3886,1,1,0,2b.csv
3886,2,2,0,2c.csv
3886,1,1,0,2d.csv
3886,0,0,0,2e.csv
3886,0,0,0,2f.csv
3886,0,0,0,2g.csv
3886,0,0,0,2h.csv
3886,1,1,0,2i.csv
3886,0,0,0,2j.csv
3886,0,0,0,2k.csv
3886,1,1,0,2l.csv
3886,13,9,4,3a.csv
3886,1,0,1,3b.csv
3886,3,3,0,3c.csv
3886,3,3,0,3d.csv
3886,4,1,3,3e.csv
3886,0,0,0,3f.csv
3886,0,0,0,3g.csv
3887,7,6,1,1a.csv
3887,2,0,2,1b.csv
3887,2,2,0,1c.csv
3887,1,1,0,1e.csv
3887,2,0,2,1f.csv
3887,0,0,0,1g.csv
3887,0,0,0,1h.csv
3887,0,0,0,1i.csv
3887,0,0,0,1j.csv
3887,0,0,0,1k.csv
3887,2,2,0,1l.csv
3887,3,3,0,1m.csv
3887,1,1,0,2a.csv
3887,2,1,1,2b.csv
3887,2,2,0,2c.csv
3887,1,1,0,2d.csv
3887,0,0,0,2e.csv
3887,0,0,0,2f.csv
3887,0,0,0,2g.csv
3887,0,0,0,2h.csv
3887,1,1,0,2i.csv
3887,0,0,0,2j.csv
3887,0,0,0,2k.csv
3887,1,1,0,2l.csv
3887,12,9,3,3a.csv
3887,1,0,1,3b.csv
3887,2,2,0,3c.csv
3887,2,2,0,3d.csv
3887,2,1,1,3e.csv
3887,0,0,0,3f.csv
3887,0,0,0,3g.csv
3888,4,3,1,1a.csv
3888,2,0,2,1b.csv
3888,2,2,0,1c.csv
3888,1,1,0,1e.csv
3888,2,0,2,1f.csv
3888,0,0,0,1g.csv
3888,1,1,0,1h.csv
3888,0,0,0,1i.csv
3888,0,0,0,1j.csv
3888,0,0,0,1k.csv
3888,1,1,0,1l.csv
3888,3,3,0,1m.csv
3888,0,0,0,2a.csv
3888,2,1,1,2b.csv
3888,1,1,0,2c.csv
3888,1,1,0,2d.csv
3888,0,0,0,2e.csv
3888,0,0,0,2f.csv
3888,0,0,0,2g.csv
3888,0,0,0,2h.csv
3888,1,1,0,2i.csv
3888,0,0,0,2j.csv
3888,0,0,0,2k.csv
3888,1,1,0,2l.csv
3888,11,8,3,3a.csv
3888,1,0,1,3b.csv
3888,2,1,1,3c.csv
3888,2,1,1,3d.csv
3888,3,2,1,3e.csv
3888,0,0,0,3f.csv
3888,1,1,0,3g.csv
3889,6,5,1,1a.csv
3889,3,1,2,1b.csv
3889,3,3,0,1c.csv
3889,0,0,0,1e.csv
3889,1,0,1,1f.csv
3889,0,0,0,1g.csv
3889,1,1,0,1h.csv
3889,0,0,0,1i.csv
3889,0,0,0,1j.csv
3889,1,1,0,1k.csv
3889,2,2,0,1l.csv
3889,2,2,0,1m.csv
3889,0,0,0,2a.csv
3889,2,1,1,2b.csv
3889,0,0,0,2c.csv
3889,1,1,0,2d.csv
3889,0,0,0,2e.csv
3889,0,0,0,2f.csv
3889,0,0,0,2g.csv
3889,0,0,0,2h.csv
3889,2,2,0,2i.csv
3889,0,0,0,2j.csv
3889,0,0,0,2k.csv
3889,1,1,0,2l.csv
3889,9,6,3,3a.csv
3889,1,0,1,3b.csv
3889,2,1,1,3c.csv
3889,2,1,1,3d.csv
3889,3,2,1,3e.csv
3889,0,0,0,3f.csv
3889,1,1,0,3g.csv
3890,6,5,1,1a.csv
3890,4,1,3,1b.csv
3890,3,3,0,1c.csv
3890,0,0,0,1e.csv
3890,1,0,1,1f.csv
3890,0,0,0,1g.csv
3890,1,1,0,1h.csv
3890,0,0,0,1i.csv
3890,0,0,0,1j.csv
3890,1,1,0,1k.csv
3890,2,2,0,1l.csv
3890,1,1,0,1m.csv
3890,0,0,0,2a.csv
3890,2,1,1,2b.csv
3890,0,0,0,2c.csv
3890,1,1,0,2d.csv
3890,0,0,0,2e.csv
3890,0,0,0,2f.csv
3890,0,0,0,2g.csv
3890,0,0,0,2h.csv
3890,2,2,0,2i.csv
3890,0,0,0,2j.csv
3890,0,0,0,2k.csv
3890,1,1,0,2l.csv
3890,9,5,4,3a.csv
3890,0,0,0,3b.csv
3890,2,1,1,3c.csv
3890,2,1,1,3d.csv
3890,3,2,1,3e.csv
3890,0,0,0,3f.csv
3890,1,1,0,3g.csv
3891,6,5,1,1a.csv
3891,4,1,3,1b.csv
3891,3,3,0,1c.csv
3891,0,0,0,1e.csv
3891,1,0,1,1f.csv
3891,0,0,0,1g.csv
3891,1,1,0,1h.csv
3891,0,0,0,1i.csv
3891,0,0,0,1j.csv
3891,1,1,0,1k.csv
3891,2,2,0,1l.csv
3891,1,1,0,1m.csv
3891,0,0,0,2a.csv
3891,2,1,1,2b.csv
3891,0,0,0,2c.csv
3891,1,1,0,2d.csv
3891,0,0,0,2e.csv
3891,0,0,0,2f.csv
3891,0,0,0,2g.csv
3891,0,0,0,2h.csv
3891,1,1,0,2i.csv
3891,0,0,0,2j.csv
3891,0,0,0,2k.csv
3891,0,0,0,2l.csv
3891,9,5,4,3a.csv
3891,0,0,0,3b.csv
3891,2,1,1,3c.csv
3891,2,1,1,3d.csv
3891,2,1,1,3e.csv
3891,0,0,0,3f.csv
3891,1,1,0,3g.csv
3892,5,4,1,1a.csv
3892,4,1,3,1b.csv
3892,3,3,0,1c.csv
3892,0,0,0,1e.csv
3892,2,1,1,1f.csv
3892,0,0,0,1g.csv
3892,1,1,0,1h.csv
3892,0,0,0,1i.csv
3892,0,0,0,1j.csv
3892,1,1,0,1k.csv
3892,2,2,0,1l.csv
3892,0,0,0,1m.csv
3892,0,0,0,2a.csv
3892,4,3,1,2b.csv
3892,0,0,0,2c.csv
3892,0,0,0,2d.csv
3892,0,0,0,2e.csv
3892,0,0,0,2f.csv
3892,0,0,0,2g.csv
3892,0,0,0,2h.csv
3892,1,1,0,2i.csv
3892,0,0,0,2j.csv
3892,0,0,0,2k.csv
3892,0,0,0,2l.csv
3892,8,4,4,3a.csv
3892,1,1,0,3b.csv
3892,1,0,1,3c.csv
3892,1,0,1,3d.csv
3892,3,1,2,3e.csv
3892,0,0,0,3f.csv
3892,1,1,0,3g.csv
3893,3,3,0,1a.csv
3893,3,1,2,1b.csv
3893,4,4,0,1c.csv
3893,0,0,0,1e.csv
3893,2,1,1,1f.csv
3893,0,0,0,1g.csv
3893,1,1,0,1h.csv
3893,0,0,0,1i.csv
3893,0,0,0,1j.csv
3893,1,1,0,1k.csv
3893,3,3,0,1l.csv
3893,0,0,0,1m.csv
3893,0,0,0,2a.csv
3893,4,3,1,2b.csv
3893,0,0,0,2c.csv
3893,0,0,0,2d.csv
3893,0,0,0,2e.csv
3893,0,0,0,2f.csv
3893,0,0,0,2g.csv
3893,0,0,0,2h.csv
3893,1,1,0,2i.csv
3893,1,1,0,2j.csv
3893,0,0,0,2k.csv
3893,0,0,0,2l.csv
3893,10,5,5,3a.csv
3893,1,1,0,3b.csv
3893,2,1,1,3c.csv
3893,2,1,1,3d.csv
3893,4,2,2,3e.csv
3893,1,1,0,3f.csv
3893,1,1,0,3g.csv
3894,2,2,0,1a.csv
3894,3,1,2,1b.csv
3894,4,4,0,1c.csv
3894,0,0,0,1e.csv
3894,1,1,0,1f.csv
3894,0,0,0,1g.csv
3894,1,1,0,1h.csv
3894,0,0,0,1i.csv
3894,0,0,0,1j.csv
3894,1,1,0,1k.csv
3894,3,3,0,1l.csv
3894,0,0,0,1m.csv
3894,0,0,0,2a.csv
3894,3,2,1,2b.csv
3894,0,0,0,2c.csv
3894,1,1,0,2d.csv
3894,0,0,0,2e.csv
3894,0,0,0,2f.csv
3894,0,0,0,2g.csv
3894,0,0,0,2h.csv
3894,1,1,0,2i.csv
3894,1,1,0,2j.csv
3894,0,0,0,2k.csv
3894,0,0,0,2l.csv
3894,13,7,6,3a.csv
3894,2,2,0,3b.csv
3894,5,3,2,3c.csv
3894,5,3,2,3d.csv
3894,3,2,1,3e.csv
3894,1,1,0,3f.csv
3894,1,1,0,3g.csv
3895,2,2,0,1a.csv
3895,2,1,1,1b.csv
3895,4,4,0,1c.csv
3895,0,0,0,1e.csv
3895,2,1,1,1f.csv
3895,0,0,0,1g.csv
3895,1,1,0,1h.csv
3895,0,0,0,1i.csv
3895,0,0,0,1j.csv
3895,1,1,0,1k.csv
3895,3,3,0,1l.csv
3895,0,0,0,1m.csv
3895,0,0,0,2a.csv
3895,2,2,0,2b.csv
3895,0,0,0,2c.csv
3895,2,2,0,2d.csv
3895,0,0,0,2e.csv
3895,0,0,0,2f.csv
3895,0,0,0,2g.csv
3895,0,0,0,2h.csv
3895,1,1,0,2i.csv
3895,1,1,0,2j.csv
3895,0,0,0,2k.csv
3895,0,0,0,2l.csv
3895,11,5,6,3a.csv
3895,2,2,0,3b.csv
3895,8,6,2,3c.csv
3895,8,6,2,3d.csv
3895,5,3,2,3e.csv
3895,1,1,0,3f.csv
3895,1,1,0,3g.csv
3896,2,2,0,1a.csv
3896,4,2,2,1b.csv
3896,4,4,0,1c.csv
3896,0,0,0,1e.csv
3896,2,1,1,1f.csv
3896,0,0,0,1g.csv
3896,0,0,0,1h.csv
3896,0,0,0,1i.csv
3896,0,0,0,1j.csv
3896,1,1,0,1k.csv
3896,3,3,0,1l.csv
3896,0,0,0,1m.csv
3896,0,0,0,2a.csv
3896,2,2,0,2b.csv
3896,0,0,0,2c.csv
3896,2,2,0,2d.csv
3896,0,0,0,2e.csv
3896,0,0,0,2f.csv
3896,0,0,0,2g.csv
3896,0,0,0,2h.csv
3896,1,1,0,2i.csv
3896,1,1,0,2j.csv
3896,0,0,0,2k.csv
3896,0,0,0,2l.csv
3896,11,5,6,3a.csv
3896,2,2,0,3b.csv
3896,8,7,1,3c.csv
3896,8,7,1,3d.csv
3896,5,3,2,3e.csv
3896,1,1,0,3f.csv
3896,0,0,0,3g.csv
3897,0,0,0,1a.csv
3897,4,2,2,1b.csv
3897,3,3,0,1c.csv
3897,0,0,0,1e.csv
3897,2,1,1,1f.csv
3897,0,0,0,1g.csv
3897,0,0,0,1h.csv
3897,0,0,0,1i.csv
3897,0,0,0,1j.csv
3897,0,0,0,1k.csv
3897,2,2,0,1l.csv
3897,0,0,0,1m.csv
3897,0,0,0,2a.csv
3897,2,2,0,2b.csv
3897,0,0,0,2c.csv
3897,2,2,0,2d.csv
3897,0,0,0,2e.csv
3897,0,0,0,2f.csv
3897,0,0,0,2g.csv
3897,0,0,0,2h.csv
3897,0,0,0,2i.csv
3897,2,2,0,2j.csv
3897,0,0,0,2k.csv
3897,0,0,0,2l.csv
3897,11,5,6,3a.csv
3897,3,2,1,3b.csv
3897,11,10,1,3c.csv
3897,11,10,1,3d.csv
3897,5,3,2,3e.csv
3897,1,1,0,3f.csv
3897,0,0,0,3g.csv
3898,0,0,0,1a.csv
3898,3,2,1,1b.csv
3898,3,3,0,1c.csv
3898,0,0,0,1e.csv
3898,2,1,1,1f.csv
3898,0,0,0,1g.csv
3898,0,0,0,1h.csv
3898,0,0,0,1i.csv
3898,0,0,0,1j.csv
3898,0,0,0,1k.csv
3898,2,2,0,1l.csv
3898,0,0,0,1m.csv
3898,0,0,0,2a.csv
3898,2,2,0,2b.csv
3898,0,0,0,2c.csv
3898,2,2,0,2d.csv
3898,0,0,0,2e.csv
3898,1,1,0,2f.csv
3898,0,0,0,2g.csv
3898,0,0,0,2h.csv
3898,0,0,0,2i.csv
3898,2,2,0,2j.csv
3898,0,0,0,2k.csv
3898,0,0,0,2l.csv
3898,9,5,4,3a.csv
3898,3,2,1,3b.csv
3898,11,10,1,3c.csv
3898,11,10,1,3d.csv
3898,5,3,2,3e.csv
3898,1,1,0,3f.csv
3898,0,0,0,3g.csv
3899,1,1,0,1a.csv
3899,3,2,1,1b.csv
3899,4,4,0,1c.csv
3899,0,0,0,1e.csv
3899,3,2,1,1f.csv
3899,0,0,0,1g.csv
3899,0,0,0,1h.csv
3899,0,0,0,1i.csv
3899,0,0,0,1j.csv
3899,1,0,1,1k.csv
3899,1,1,0,1l.csv
3899,0,0,0,1m.csv
3899,0,0,0,2a.csv
3899,3,2,1,2b.csv
3899,1,1,0,2c.csv
3899,2,2,0,2d.csv
3899,0,0,0,2e.csv
3899,1,1,0,2f.csv
3899,0,0,0,2g.csv
3899,1,1,0,2h.csv
3899,0,0,0,2i.csv
3899,2,2,0,2j.csv
3899,0,0,0,2k.csv
3899,1,1,0,2l.csv
3899,12,8,4,3a.csv
3899,4,3,1,3b.csv
3899,12,11,1,3c.csv
3899,12,11,1,3d.csv
3899,5,3,2,3e.csv
3899,2,1,1,3f.csv
3899,2,1,1,3g.csv
3900,2,2,0,1a.csv
3900,4,3,1,1b.csv
3900,4,4,0,1c.csv
3900,0,0,0,1e.csv
3900,3,2,1,1f.csv
3900,0,0,0,1g.csv
3900,0,0,0,1h.csv
3900,0,0,0,1i.csv
3900,0,0,0,1j.csv
3900,1,0,1,1k.csv
3900,2,2,0,1l.csv
3900,0,0,0,1m.csv
3900,0,0,0,2a.csv
3900,1,0,1,2b.csv
3900,2,1,1,2c.csv
3900,2,2,0,2d.csv
3900,0,0,0,2e.csv
3900,1,1,0,2f.csv
3900,1,1,0,2g.csv
3900,1,1,0,2h.csv
3900,0,0,0,2i.csv
3900,2,2,0,2j.csv
3900,0,0,0,2k.csv
3900,1,1,0,2l.csv
3900,15,9,6,3a.csv
3900,3,2,1,3b.csv
3900,14,13,1,3c.csv
3900,14,13,1,3d.csv
3900,4,3,1,3e.csv
3900,2,1,1,3f.csv
3900,2,1,1,3g.csv
3901,3,3,0,1a.csv
3901,5,4,1,1b.csv
3901,4,4,0,1c.csv
3901,0,0,0,1e.csv
3901,3,2,1,1f.csv
3901,0,0,0,1g.csv
3901,0,0,0,1h.csv
3901,0,0,0,1i.csv
3901,0,0,0,1j.csv
3901,2,1,1,1k.csv
3901,1,1,0,1l.csv
3901,0,0,0,1m.csv
3901,0,0,0,2a.csv
3901,1,0,1,2b.csv
3901,2,1,1,2c.csv
3901,2,2,0,2d.csv
3901,0,0,0,2e.csv
3901,1,1,0,2f.csv
3901,1,1,0,2g.csv
3901,1,1,0,2h.csv
3901,0,0,0,2i.csv
3901,3,3,0,2j.csv
3901,0,0,0,2k.csv
3901,1,1,0,2l.csv
3901,12,7,5,3a.csv
3901,4,3,1,3b.csv
3901,15,13,2,3c.csv
3901,15,13,2,3d.csv
3901,4,3,1,3e.csv
3901,4,3,1,3f.csv
3901,2,1,1,3g.csv
3902,4,4,0,1a.csv
3902,5,4,1,1b.csv
3902,5,5,0,1c.csv
3902,0,0,0,1e.csv
3902,3,2,1,1f.csv
3902,0,0,0,1g.csv
3902,0,0,0,1h.csv
3902,0,0,0,1i.csv
3902,0,0,0,1j.csv
3902,2,1,1,1k.csv
3902,1,1,0,1l.csv
3902,0,0,0,1m.csv
3902,0,0,0,2a.csv
3902,1,0,1,2b.csv
3902,2,1,1,2c.csv
3902,1,1,0,2d.csv
3902,0,0,0,2e.csv
3902,1,1,0,2f.csv
3902,1,1,0,2g.csv
3902,1,1,0,2h.csv
3902,0,0,0,2i.csv
3902,3,3,0,2j.csv
3902,0,0,0,2k.csv
3902,1,1,0,2l.csv
3902,11,5,6,3a.csv
3902,3,2,1,3b.csv
3902,13,12,1,3c.csv
3902,13,12,1,3d.csv
3902,7,5,2,3e.csv
3902,5,4,1,3f.csv
3902,2,1,1,3g.csv
3903,6,5,1,1a.csv
3903,5,4,1,1b.csv
3903,4,4,0,1c.csv
3903,0,0,0,1e.csv
3903,3,2,1,1f.csv
3903,0,0,0,1g.csv
3903,0,0,0,1h.csv
3903,0,0,0,1i.csv
3903,0,0,0,1j.csv
3903,3,2,1,1k.csv
3903,3,3,0,1l.csv
3903,0,0,0,1m.csv
3903,0,0,0,2a.csv
3903,1,0,1,2b.csv
3903,2,1,1,2c.csv
3903,0,0,0,2d.csv
3903,0,0,0,2e.csv
3903,1,1,0,2f.csv
3903,1,1,0,2g.csv
3903,1,1,0,2h.csv
3903,0,0,0,2i.csv
3903,3,3,0,2j.csv
3903,0,0,0,2k.csv
3903,1,1,0,2l.csv
3903,11,5,6,3a.csv
3903,3,2,1,3b.csv
3903,11,10,1,3c.csv
3903,11,10,1,3d.csv
3903,6,5,1,3e.csv
3903,5,4,1,3f.csv
3903,2,1,1,3g.csv
3904,6,5,1,1a.csv
3904,3,3,0,1b.csv
3904,4,4,0,1c.csv
3904,0,0,0,1e.csv
3904,5,4,1,1f.csv
3904,0,0,0,1g.csv
3904,0,0,0,1h.csv
3904,0,0,0,1i.csv
3904,0,0,0,1j.csv
3904,3,2,1,1k.csv
3904,3,3,0,1l.csv
3904,0,0,0,1m.csv
3904,0,0,0,2a.csv
3904,1,0,1,2b.csv
3904,2,1,1,2c.csv
3904,0,0,0,2d.csv
3904,0,0,0,2e.csv
3904,1,1,0,2f.csv
3904,1,1,0,2g.csv
3904,1,1,0,2h.csv
3904,0,0,0,2i.csv
3904,3,3,0,2j.csv
3904,0,0,0,2k.csv
3904,1,1,0,2l.csv
3904,10,5,5,3a.csv
3904,4,3,1,3b.csv
3904,11,10,1,3c.csv
3904,11,10,1,3d.csv
3904,5,4,1,3e.csv
3904,5,4,1,3f.csv
3904,2,1,1,3g.csv
3905,7,6,1,1a.csv
3905,4,4,0,1b.csv
3905,4,4,0,1c.csv
3905,0,0,0,1e.csv
3905,5,4,1,1f.csv
3905,0,0,0,1g.csv
3905,0,0,0,1h.csv
3905,0,0,0,1i.csv
3905,0,0,0,1j.csv
3905,3,2,1,1k.csv
3905,4,3,1,1l.csv
3905,0,0,0,1m.csv
3905,0,0,0,2a.csv
3905,1,0,1,2b.csv
3905,2,1,1,2c.csv
3905,0,0,0,2d.csv
3905,0,0,0,2e.csv
3905,1,1,0,2f.csv
3905,1,1,0,2g.csv
3905,1,1,0,2h.csv
3905,0,0,0,2i.csv
3905,2,2,0,2j.csv
3905,0,0,0,2k.csv
3905,1,1,0,2l.csv
3905,9,4,5,3a.csv
3905,3,3,0,3b.csv
3905,10,8,2,3c.csv
3905,10,8,2,3d.csv
3905,5,4,1,3e.csv
3905,5,4,1,3f.csv
3905,2,1,1,3g.csv
3906,7,6,1,1a.csv
3906,4,4,0,1b.csv
3906,4,4,0,1c.csv
3906,0,0,0,1e.csv
3906,6,4,2,1f.csv
3906,0,0,0,1g.csv
3906,0,0,0,1h.csv
3906,0,0,0,1i.csv
3906,0,0,0,1j.csv
3906,3,2,1,1k.csv
3906,4,3,1,1l.csv
3906,0,0,0,1m.csv
3906,0,0,0,2a.csv
3906,1,0,1,2b.csv
3906,2,1,1,2c.csv
3906,1,1,0,2d.csv
3906,0,0,0,2e.csv
3906,0,0,0,2f.csv
3906,1,1,0,2g.csv
3906,1,1,0,2h.csv
3906,0,0,0,2i.csv
3906,2,2,0,2j.csv
3906,0,0,0,2k.csv
3906,1,1,0,2l.csv
3906,11,6,5,3a.csv
3906,3,3,0,3b.csv
3906,10,8,2,3c.csv
3906,10,8,2,3d.csv
3906,5,4,1,3e.csv
3906,5,4,1,3f.csv
3906,2,1,1,3g.csv
3907,6,5,1,1a.csv
3907,4,4,0,1b.csv
3907,3,3,0,1c.csv
3907,0,0,0,1e.csv
3907,5,3,2,1f.csv
3907,0,0,0,1g.csv
3907,0,0,0,1h.csv
3907,0,0,0,1i.csv
3907,0,0,0,1j.csv
3907,3,2,1,1k.csv
3907,4,3,1,1l.csv
3907,0,0,0,1m.csv
3907,0,0,0,2a.csv
3907,0,0,0,2b.csv
3907,1,0,1,2c.csv
3907,1,1,0,2d.csv
3907,0,0,0,2e.csv
3907,0,0,0,2f.csv
3907,1,1,0,2g.csv
3907,0,0,0,2h.csv
3907,0,0,0,2i.csv
3907,2,2,0,2j.csv
3907,0,0,0,2k.csv
3907,0,0,0,2l.csv
3907,7,3,4,3a.csv
3907,2,2,0,3b.csv
3907,10,7,3,3c.csv
3907,10,7,3,3d.csv
3907,5,4,1,3e.csv
3907,5,5,0,3f.csv
3907,0,0,0,3g.csv
3908,5,4,1,1a.csv
3908,4,4,0,1b.csv
3908,2,2,0,1c.csv
3908,0,0,0,1e.csv
3908,4,2,2,1f.csv
3908,1,1,0,1g.csv
3908,0,0,0,1h.csv
3908,0,0,0,1i.csv
3908,1,1,0,1j.csv
3908,4,3,1,1k.csv
3908,4,3,1,1l.csv
3908,0,0,0,1m.csv
3908,0,0,0,2a.csv
3908,0,0,0,2b.csv
3908,0,0,0,2c.csv
3908,1,1,0,2d.csv
3908,0,0,0,2e.csv
3908,0,0,0,2f.csv
3908,0,0,0,2g.csv
3908,0,0,0,2h.csv
3908,0,0,0,2i.csv
3908,2,2,0,2j.csv
3908,0,0,0,2k.csv
3908,0,0,0,2l.csv
3908,4,2,2,3a.csv
3908,3,3,0,3b.csv
3908,9,6,3,3c.csv
3908,9,6,3,3d.csv
3908,5,4,1,3e.csv
3908,5,5,0,3f.csv
3908,0,0,0,3g.csv
3909,4,3,1,1a.csv
3909,5,5,0,1b.csv
3909,1,1,0,1c.csv
3909,0,0,0,1e.csv
3909,6,4,2,1f.csv
3909,1,1,0,1g.csv
3909,0,0,0,1h.csv
3909,0,0,0,1i.csv
3909,2,2,0,1j.csv
3909,3,2,1,1k.csv
3909,6,4,2,1l.csv
3909,0,0,0,1m.csv
3909,0,0,0,2a.csv
3909,0,0,0,2b.csv
3909,0,0,0,2c.csv
3909,1,1,0,2d.csv
3909,0,0,0,2e.csv
3909,0,0,0,2f.csv
3909,0,0,0,2g.csv
3909,0,0,0,2h.csv
3909,1,1,0,2i.csv
3909,0,0,0,2j.csv
3909,0,0,0,2k.csv
3909,0,0,0,2l.csv
3909,5,3,2,3a.csv
3909,4,4,0,3b.csv
3909,10,7,3,3c.csv
3909,10,7,3,3d.csv
3909,5,3,2,3e.csv
3909,2,2,0,3f.csv
3909,0,0,0,3g.csv
3910,4,2,2,1a.csv
3910,7,7,0,1b.csv
3910,0,0,0,1c.csv
3910,0,0,0,1e.csv
3910,6,4,2,1f.csv
3910,1,1,0,1g.csv
3910,0,0,0,1h.csv
3910,0,0,0,1i.csv
3910,2,2,0,1j.csv
3910,3,2,1,1k.csv
3910,7,5,2,1l.csv
3910,0,0,0,1m.csv
3910,0,0,0,2a.csv
3910,0,0,0,2b.csv
3910,0,0,0,2c.csv
3910,1,1,0,2d.csv
3910,0,0,0,2e.csv
3910,0,0,0,2f.csv
3910,0,0,0,2g.csv
3910,0,0,0,2h.csv
3910,1,1,0,2i.csv
3910,0,0,0,2j.csv
3910,0,0,0,2k.csv
3910,1,1,0,2l.csv
3910,3,3,0,3a.csv
3910,6,6,0,3b.csv
3910,10,7,3,3c.csv
3910,10,7,3,3d.csv
3910,3,2,1,3e.csv
3910,1,1,0,3f.csv
3910,0,0,0,3g.csv
3911,3,2,1,1a.csv
3911,7,7,0,1b.csv
3911,0,0,0,1c.csv
3911,0,0,0,1e.csv
3911,5,4,1,1f.csv
3911,1,1,0,1g.csv
3911,0,0,0,1h.csv
3911,0,0,0,1i.csv
3911,2,2,0,1j.csv
3911,2,1,1,1k.csv
3911,7,5,2,1l.csv
3911,0,0,0,1m.csv
3911,0,0,0,2a.csv
3911,0,0,0,2b.csv
3911,0,0,0,2c.csv
3911,2,2,0,2d.csv
3911,0,0,0,2e.csv
3911,0,0,0,2f.csv
3911,0,0,0,2g.csv
3911,1,1,0,2h.csv
3911,1,1,0,2i.csv
3911,0,0,0,2j.csv
3911,0,0,0,2k.csv
3911,1,1,0,2l.csv
3911,3,3,0,3a.csv
3911,6,6,0,3b.csv
3911,11,8,3,3c.csv
3911,11,8,3,3d.csv
3911,2,1,1,3e.csv
3911,2,2,0,3f.csv
3911,0,0,0,3g.csv
3912,7,4,3,1a.csv
3912,11,11,0,1b.csv
3912,0,0,0,1c.csv
3912,0,0,0,1e.csv
3912,3,2,1,1f.csv
3912,1,1,0,1g.csv
3912,0,0,0,1h.csv
3912,0,0,0,1i.csv
3912,2,2,0,1j.csv
3912,2,1,1,1k.csv
3912,7,5,2,1l.csv
3912,0,0,0,1m.csv
3912,0,0,0,2a.csv
3912,0,0,0,2b.csv
3912,0,0,0,2c.csv
3912,2,2,0,2d.csv
3912,0,0,0,2e.csv
3912,0,0,0,2f.csv
3912,0,0,0,2g.csv
3912,1,1,0,2h.csv
3912,1,1,0,2i.csv
3912,0,0,0,2j.csv
3912,0,0,0,2k.csv
3912,1,1,0,2l.csv
3912,4,3,1,3a.csv
3912,5,5,0,3b.csv
3912,12,9,3,3c.csv
3912,12,9,3,3d.csv
3912,2,1,1,3e.csv
3912,2,2,0,3f.csv
3912,0,0,0,3g.csv
3913,8,5,3,1a.csv
3913,9,9,0,1b.csv
3913,1,1,0,1c.csv
3913,0,0,0,1e.csv
3913,3,2,1,1f.csv
3913,1,1,0,1g.csv
3913,1,1,0,1h.csv
3913,1,1,0,1i.csv
3913,2,2,0,1j.csv
3913,2,1,1,1k.csv
3913,7,6,1,1l.csv
3913,0,0,0,1m.csv
3913,0,0,0,2a.csv
3913,0,0,0,2b.csv
3913,0,0,0,2c.csv
3913,2,2,0,2d.csv
3913,0,0,0,2e.csv
3913,0,0,0,2f.csv
3913,0,0,0,2g.csv
3913,1,1,0,2h.csv
3913,1,1,0,2i.csv
3913,0,0,0,2j.csv
3913,0,0,0,2k.csv
3913,1,1,0,2l.csv
3913,4,3,1,3a.csv
3913,5,5,0,3b.csv
3913,11,9,2,3c.csv
3913,11,9,2,3d.csv
3913,3,2,1,3e.csv
3913,2,2,0,3f.csv
3913,0,0,0,3g.csv
3914,12,9,3,1a.csv
3914,9,9,0,1b.csv
3914,1,1,0,1c.csv
3914,0,0,0,1e.csv
3914,2,2,0,1f.csv
3914,1,1,0,1g.csv
3914,1,1,0,1h.csv
3914,1,1,0,1i.csv
3914,2,2,0,1j.csv
3914,2,1,1,1k.csv
3914,7,6,1,1l.csv
3914,0,0,0,1m.csv
3914,0,0,0,2a.csv
3914,0,0,0,2b.csv
3914,0,0,0,2c.csv
3914,1,1,0,2d.csv
3914,0,0,0,2e.csv
3914,0,0,0,2f.csv
3914,0,0,0,2g.csv
3914,1,1,0,2h.csv
3914,2,2,0,2i.csv
3914,0,0,0,2j.csv
3914,0,0,0,2k.csv
3914,1,1,0,2l.csv
3914,3,2,1,3a.csv
3914,5,5,0,3b.csv
3914,11,9,2,3c.csv
3914,11,9,2,3d.csv
3914,4,3,1,3e.csv
3914,2,2,0,3f.csv
3914,0,0,0,3g.csv
3915,17,14,3,1a.csv
3915,9,9,0,1b.csv
3915,1,1,0,1c.csv
3915,0,0,0,1e.csv
3915,3,3,0,1f.csv
3915,1,1,0,1g.csv
3915,1,1,0,1h.csv
3915,1,1,0,1i.csv
3915,2,2,0,1j.csv
3915,1,1,0,1k.csv
3915,7,6,1,1l.csv
3915,0,0,0,1m.csv
3915,1,1,0,2a.csv
3915,0,0,0,2b.csv
3915,0,0,0,2c.csv
3915,2,2,0,2d.csv
3915,0,0,0,2e.csv
3915,0,0,0,2f.csv
3915,0,0,0,2g.csv
3915,1,1,0,2h.csv
3915,2,2,0,2i.csv
3915,0,0,0,2j.csv
3915,0,0,0,2k.csv
3915,1,1,0,2l.csv
3915,4,2,2,3a.csv
3915,5,5,0,3b.csv
3915,11,10,1,3c.csv
3915,11,10,1,3d.csv
3915,4,3,1,3e.csv
3915,1,1,0,3f.csv
3915,0,0,0,3g.csv
3916,19,15,4,1a.csv
3916,8,8,0,1b.csv
3916,1,1,0,1c.csv
3916,0,0,0,1e.csv
3916,4,4,0,1f.csv
3916,1,1,0,1g.csv
3916,1,1,0,1h.csv
3916,1,1,0,1i.csv
3916,1,1,0,1j.csv
3916,0,0,0,1k.csv
3916,7,6,1,1l.csv
3916,0,0,0,1m.csv
3916,1,1,0,2a.csv
3916,0,0,0,2b.csv
3916,0,0,0,2c.csv
3916,2,2,0,2d.csv
3916,0,0,0,2e.csv
3916,0,0,0,2f.csv
3916,1,1,0,2g.csv
3916,1,1,0,2h.csv
3916,3,3,0,2i.csv
3916,0,0,0,2j.csv
3916,0,0,0,2k.csv
3916,1,1,0,2l.csv
3916,5,2,3,3a.csv
3916,4,4,0,3b.csv
3916,14,13,1,3c.csv
3916,14,13,1,3d.csv
3916,4,3,1,3e.csv
3916,1,1,0,3f.csv
3916,0,0,0,3g.csv
3917,21,17,4,1a.csv
3917,7,7,0,1b.csv
3917,1,1,0,1c.csv
3917,0,0,0,1e.csv
3917,2,2,0,1f.csv
3917,1,1,0,1g.csv
3917,1,1,0,1h.csv
3917,1,1,0,1i.csv
3917,0,0,0,1j.csv
3917,0,0,0,1k.csv
3917,5,5,0,1l.csv
3917,0,0,0,1m.csv
3917,1,1,0,2a.csv
3917,0,0,0,2b.csv
3917,0,0,0,2c.csv
3917,2,2,0,2d.csv
3917,0,0,0,2e.csv
3917,0,0,0,2f.csv
3917,1,1,0,2g.csv
3917,1,1,0,2h.csv
3917,2,2,0,2i.csv
3917,0,0,0,2j.csv
3917,0,0,0,2k.csv
3917,1,1,0,2l.csv
3917,4,1,3,3a.csv
3917,2,2,0,3b.csv
3917,14,13,1,3c.csv
3917,14,13,1,3d.csv
3917,3,3,0,3e.csv
3917,1,1,0,3f.csv
3917,0,0,0,3g.csv
3918,22,18,4,1a.csv
3918,6,5,1,1b.csv
3918,2,1,1,1c.csv
3918,0,0,0,1e.csv
3918,2,2,0,1f.csv
3918,1,1,0,1g.csv
3918,1,1,0,1h.csv
3918,1,1,0,1i.csv
3918,0,0,0,1j.csv
3918,0,0,0,1k.csv
3918,4,4,0,1l.csv
3918,0,0,0,1m.csv
3918,1,1,0,2a.csv
3918,0,0,0,2b.csv
3918,0,0,0,2c.csv
3918,3,3,0,2d.csv
3918,0,0,0,2e.csv
3918,0,0,0,2f.csv
3918,2,1,1,2g.csv
3918,1,1,0,2h.csv
3918,2,2,0,2i.csv
3918,0,0,0,2j.csv
3918,0,0,0,2k.csv
3918,0,0,0,2l.csv
3918,5,2,3,3a.csv
3918,1,1,0,3b.csv
3918,13,12,1,3c.csv
3918,13,12,1,3d.csv
3918,2,2,0,3e.csv
3918,1,1,0,3f.csv
3918,0,0,0,3g.csv
3919,26,22,4,1a.csv
3919,7,6,1,1b.csv
3919,2,1,1,1c.csv
3919,0,0,0,1e.csv
3919,2,2,0,1f.csv
3919,1,1,0,1g.csv
3919,1,1,0,1h.csv
3919,1,1,0,1i.csv
3919,0,0,0,1j.csv
3919,0,0,0,1k.csv
3919,3,2,1,1l.csv
3919,0,0,0,1m.csv
3919,1,1,0,2a.csv
3919,0,0,0,2b.csv
3919,0,0,0,2c.csv
3919,2,2,0,2d.csv
3919,0,0,0,2e.csv
3919,0,0,0,2f.csv
3919,2,1,1,2g.csv
3919,0,0,0,2h.csv
3919,2,2,0,2i.csv
3919,0,0,0,2j.csv
3919,0,0,0,2k.csv
3919,0,0,0,2l.csv
3919,5,2,3,3a.csv
3919,1,1,0,3b.csv
3919,11,10,1,3c.csv
3919,11,10,1,3d.csv
3919,2,2,0,3e.csv
3919,0,0,0,3f.csv
3919,0,0,0,3g.csv
3920,24,22,2,1a.csv
3920,3,2,1,1b.csv
3920,3,2,1,1c.csv
3920,0,0,0,1e.csv
3920,3,3,0,1f.csv
3920,1,1,0,1g.csv
3920,2,2,0,1h.csv
3920,1,1,0,1i.csv
3920,0,0,0,1j.csv
3920,0,0,0,1k.csv
3920,3,2,1,1l.csv
3920,1,1,0,1m.csv
3920,1,1,0,2a.csv
3920,0,0,0,2b.csv
3920,0,0,0,2c.csv
3920,2,2,0,2d.csv
3920,0,0,0,2e.csv
3920,0,0,0,2f.csv
3920,2,1,1,2g.csv
3920,0,0,0,2h.csv
3920,3,3,0,2i.csv
3920,0,0,0,2j.csv
3920,0,0,0,2k.csv
3920,0,0,0,2l.csv
3920,5,2,3,3a.csv
3920,1,1,0,3b.csv
3920,10,9,1,3c.csv
3920,10,9,1,3d.csv
3920,2,2,0,3e.csv
3920,0,0,0,3f.csv
3920,0,0,0,3g.csv
3921,25,23,2,1a.csv
3921,3,2,1,1b.csv
3921,2,1,1,1c.csv
3921,0,0,0,1e.csv
3921,3,3,0,1f.csv
3921,2,2,0,1g.csv
3921,1,1,0,1h.csv
3921,0,0,0,1i.csv
3921,0,0,0,1j.csv
3921,1,1,0,1k.csv
3921,2,1,1,1l.csv
3921,1,1,0,1m.csv
3921,1,1,0,2a.csv
3921,1,1,0,2b.csv
3921,0,0,0,2c.csv
3921,2,2,0,2d.csv
3921,0,0,0,2e.csv
3921,0,0,0,2f.csv
3921,2,1,1,2g.csv
3921,0,0,0,2h.csv
3921,3,3,0,2i.csv
3921,0,0,0,2j.csv
3921,0,0,0,2k.csv
3921,0,0,0,2l.csv
3921,5,2,3,3a.csv
3921,1,1,0,3b.csv
3921,15,12,3,3c.csv
3921,15,12,3,3d.csv
3921,1,1,0,3e.csv
3921,0,0,0,3f.csv
3921,0,0,0,3g.csv
3922,22,20,2,1a.csv
3922,3,2,1,1b.csv
3922,3,2,1,1c.csv
3922,0,0,0,1e.csv
3922,3,3,0,1f.csv
3922,4,4,0,1g.csv
3922,1,1,0,1h.csv
3922,0,0,0,1i.csv
3922,0,0,0,1j.csv
3922,1,1,0,1k.csv
3922,2,1,1,1l.csv
3922,1,1,0,1m.csv
3922,1,1,0,2a.csv
3922,1,1,0,2b.csv
3922,0,0,0,2c.csv
3922,2,2,0,2d.csv
3922,0,0,0,2e.csv
3922,0,0,0,2f.csv
3922,2,1,1,2g.csv
3922,0,0,0,2h.csv
3922,3,3,0,2i.csv
3922,0,0,0,2j.csv
3922,0,0,0,2k.csv
3922,0,0,0,2l.csv
3922,6,3,3,3a.csv
3922,1,1,0,3b.csv
3922,15,12,3,3c.csv
3922,15,12,3,3d.csv
3922,0,0,0,3e.csv
3922,0,0,0,3f.csv
3922,0,0,0,3g.csv
3923,20,18,2,1a.csv
3923,4,2,2,1b.csv
3923,3,2,1,1c.csv
3923,0,0,0,1e.csv
3923,2,2,0,1f.csv
3923,4,4,0,1g.csv
3923,1,1,0,1h.csv
3923,0,0,0,1i.csv
3923,0,0,0,1j.csv
3923,1,1,0,1k.csv
3923,2,1,1,1l.csv
3923,1,1,0,1m.csv
3923,0,0,0,2a.csv
3923,1,1,0,2b.csv
3923,0,0,0,2c.csv
3923,1,1,0,2d.csv
3923,0,0,0,2e.csv
3923,0,0,0,2f.csv
3923,3,2,1,2g.csv
3923,0,0,0,2h.csv
3923,4,4,0,2i.csv
3923,0,0,0,2j.csv
3923,0,0,0,2k.csv
3923,0,0,0,2l.csv
3923,6,3,3,3a.csv
3923,1,1,0,3b.csv
3923,17,13,4,3c.csv
3923,17,13,4,3d.csv
3923,0,0,0,3e.csv
3923,0,0,0,3f.csv
3923,0,0,0,3g.csv
3924,19,17,2,1a.csv
3924,4,2,2,1b.csv
3924,3,2,1,1c.csv
3924,0,0,0,1e.csv
3924,1,1,0,1f.csv
3924,3,3,0,1g.csv
3924,1,1,0,1h.csv
3924,0,0,0,1i.csv
3924,0,0,0,1j.csv
3924,1,1,0,1k.csv
3924,1,0,1,1l.csv
3924,1,1,0,1m.csv
3924,0,0,0,2a.csv
3924,1,1,0,2b.csv
3924,0,0,0,2c.csv
3924,1,1,0,2d.csv
3924,0,0,0,2e.csv
3924,0,0,0,2f.csv
3924,2,1,1,2g.csv
3924,0,0,0,2h.csv
3924,3,3,0,2i.csv
3924,0,0,0,2j.csv
3924,0,0,0,2k.csv
3924,0,0,0,2l.csv
3924,5,3,2,3a.csv
3924,2,2,0,3b.csv
3924,14,9,5,3c.csv
3924,14,9,5,3d.csv
3924,0,0,0,3e.csv
3924,0,0,0,3f.csv
3924,0,0,0,3g.csv
3925,17,15,2,1a.csv
3925,3,1,2,1b.csv
3925,3,2,1,1c.csv
3925,0,0,0,1e.csv
3925,1,1,0,1f.csv
3925,3,3,0,1g.csv
3925,1,1,0,1h.csv
3925,0,0,0,1i.csv
3925,0,0,0,1j.csv
3925,1,1,0,1k.csv
3925,1,0,1,1l.csv
3925,1,1,0,1m.csv
3925,2,1,1,2a.csv
3925,1,1,0,2b.csv
3925,0,0,0,2c.csv
3925,1,1,0,2d.csv
3925,0,0,0,2e.csv
3925,0,0,0,2f.csv
3925,2,1,1,2g.csv
3925,0,0,0,2h.csv
3925,3,3,0,2i.csv
3925,0,0,0,2j.csv
3925,0,0,0,2k.csv
3925,0,0,0,2l.csv
3925,8,5,3,3a.csv
3925,2,2,0,3b.csv
3925,11,7,4,3c.csv
3925,11,7,4,3d.csv
3925,0,0,0,3e.csv
3925,0,0,0,3f.csv
3925,0,0,0,3g.csv
3926,17,16,1,1a.csv
3926,2,1,1,1b.csv
3926,2,2,0,1c.csv
3926,0,0,0,1e.csv
3926,2,2,0,1f.csv
3926,3,3,0,1g.csv
3926,1,1,0,1h.csv
3926,0,0,0,1i.csv
3926,0,0,0,1j.csv
3926,3,3,0,1k.csv
3926,1,0,1,1l.csv
3926,2,2,0,1m.csv
3926,3,1,2,2a.csv
3926,2,2,0,2b.csv
3926,0,0,0,2c.csv
3926,0,0,0,2d.csv
3926,0,0,0,2e.csv
3926,0,0,0,2f.csv
3926,1,1,0,2g.csv
3926,0,0,0,2h.csv
3926,3,3,0,2i.csv
3926,0,0,0,2j.csv
3926,0,0,0,2k.csv
3926,0,0,0,2l.csv
3926,9,5,4,3a.csv
3926,2,2,0,3b.csv
3926,12,8,4,3c.csv
3926,12,8,4,3d.csv
3926,0,0,0,3e.csv
3926,0,0,0,3f.csv
3926,1,1,0,3g.csv
3927,15,14,1,1a.csv
3927,1,0,1,1b.csv
3927,2,2,0,1c.csv
3927,0,0,0,1e.csv
3927,2,2,0,1f.csv
3927,3,3,0,1g.csv
3927,1,1,0,1h.csv
3927,0,0,0,1i.csv
3927,0,0,0,1j.csv
3927,3,3,0,1k.csv
3927,0,0,0,1l.csv
3927,2,2,0,1m.csv
3927,3,1,2,2a.csv
3927,2,2,0,2b.csv
3927,0,0,0,2c.csv
3927,0,0,0,2d.csv
3927,0,0,0,2e.csv
3927,0,0,0,2f.csv
3927,1,1,0,2g.csv
3927,0,0,0,2h.csv
3927,4,4,0,2i.csv
3927,0,0,0,2j.csv
3927,0,0,0,2k.csv
3927,0,0,0,2l.csv
3927,10,6,4,3a.csv
3927,4,4,0,3b.csv
3927,13,9,4,3c.csv
3927,13,9,4,3d.csv
3927,0,0,0,3e.csv
3927,0,0,0,3f.csv
3927,1,1,0,3g.csv
3928,15,14,1,1a.csv
3928,2,1,1,1b.csv
3928,1,1,0,1c.csv
3928,0,0,0,1e.csv
3928,1,1,0,1f.csv
3928,3,3,0,1g.csv
3928,0,0,0,1h.csv
3928,0,0,0,1i.csv
3928,0,0,0,1j.csv
3928,3,3,0,1k.csv
3928,0,0,0,1l.csv
3928,1,1,0,1m.csv
3928,3,1,2,2a.csv
3928,2,2,0,2b.csv
3928,0,0,0,2c.csv
3928,0,0,0,2d.csv
3928,0,0,0,2e.csv
3928,0,0,0,2f.csv
3928,1,1,0,2g.csv
3928,0,0,0,2h.csv
3928,3,3,0,2i.csv
3928,0,0,0,2j.csv
3928,0,0,0,2k.csv
3928,0,0,0,2l.csv
3928,10,7,3,3a.csv
3928,4,4,0,3b.csv
3928,13,9,4,3c.csv
3928,13,9,4,3d.csv
3928,0,0,0,3e.csv
3928,0,0,0,3f.csv
3928,1,1,0,3g.csv
3929,12,11,1,1a.csv
3929,2,1,1,1b.csv
3929,1,1,0,1c.csv
3929,0,0,0,1e.csv
3929,1,1,0,1f.csv
3929,3,2,1,1g.csv
3929,0,0,0,1h.csv
3929,0,0,0,1i.csv
3929,0,0,0,1j.csv
3929,2,2,0,1k.csv
3929,0,0,0,1l.csv
3929,1,1,0,1m.csv
3929,3,1,2,2a.csv
3929,1,1,0,2b.csv
3929,0,0,0,2c.csv
3929,1,1,0,2d.csv
3929,0,0,0,2e.csv
3929,0,0,0,2f.csv
3929,1,1,0,2g.csv
3929,0,0,0,2h.csv
3929,3,3,0,2i.csv
3929,0,0,0,2j.csv
3929,0,0,0,2k.csv
3929,0,0,0,2l.csv
3929,10,7,3,3a.csv
3929,5,5,0,3b.csv
3929,8,5,3,3c.csv
3929,8,5,3,3d.csv
3929,0,0,0,3e.csv
3929,0,0,0,3f.csv
3929,1,1,0,3g.csv
3930,11,10,1,1a.csv
3930,5,4,1,1b.csv
3930,0,0,0,1c.csv
3930,0,0,0,1e.csv
3930,1,1,0,1f.csv
3930,1,0,1,1g.csv
3930,0,0,0,1h.csv
3930,0,0,0,1i.csv
3930,0,0,0,1j.csv
3930,2,2,0,1k.csv
3930,0,0,0,1l.csv
3930,1,1,0,1m.csv
3930,3,1,2,2a.csv
3930,1,1,0,2b.csv
3930,0,0,0,2c.csv
3930,1,1,0,2d.csv
3930,0,0,0,2e.csv
3930,0,0,0,2f.csv
3930,1,1,0,2g.csv
3930,0,0,0,2h.csv
3930,3,3,0,2i.csv
3930,0,0,0,2j.csv
3930,0,0,0,2k.csv
3930,0,0,0,2l.csv
3930,10,7,3,3a.csv
3930,5,5,0,3b.csv
3930,8,5,3,3c.csv
3930,8,5,3,3d.csv
3930,0,0,0,3e.csv
3930,0,0,0,3f.csv
3930,1,1,0,3g.csv
3931,8,7,1,1a.csv
3931,4,4,0,1b.csv
3931,0,0,0,1c.csv
3931,0,0,0,1e.csv
3931,1,1,0,1f.csv
3931,1,0,1,1g.csv
3931,0,0,0,1h.csv
3931,0,0,0,1i.csv
3931,0,0,0,1j.csv
3931,2,2,0,1k.csv
3931,0,0,0,1l.csv
3931,1,1,0,1m.csv
3931,3,1,2,2a.csv
3931,1,1,0,2b.csv
3931,0,0,0,2c.csv
3931,1,1,0,2d.csv
3931,0,0,0,2e.csv
3931,0,0,0,2f.csv
3931,1,1,0,2g.csv
3931,0,0,0,2h.csv
3931,2,2,0,2i.csv
3931,0,0,0,2j.csv
3931,0,0,0,2k.csv
3931,0,0,0,2l.csv
3931,10,8,2,3a.csv
3931,6,6,0,3b.csv
3931,5,3,2,3c.csv
3931,5,3,2,3d.csv
3931,0,0,0,3e.csv
3931,0,0,0,3f.csv
3931,1,1,0,3g.csv
3932,7,7,0,1a.csv
3932,4,4,0,1b.csv
3932,0,0,0,1c.csv
3932,1,1,0,1e.csv
3932,1,1,0,1f.csv
3932,1,0,1,1g.csv
3932,0,0,0,1h.csv
3932,0,0,0,1i.csv
3932,0,0,0,1j.csv
3932,2,2,0,1k.csv
3932,0,0,0,1l.csv
3932,1,1,0,1m.csv
3932,3,1,2,2a.csv
3932,1,1,0,2b.csv
3932,0,0,0,2c.csv
3932,1,1,0,2d.csv
3932,0,0,0,2e.csv
3932,0,0,0,2f.csv
3932,1,1,0,2g.csv
3932,0,0,0,2h.csv
3932,2,2,0,2i.csv
3932,0,0,0,2j.csv
3932,0,0,0,2k.csv
3932,0,0,0,2l.csv
3932,12,9,3,3a.csv
3932,8,8,0,3b.csv
3932,5,3,2,3c.csv
3932,5,3,2,3d.csv
3932,0,0,0,3e.csv
3932,0,0,0,3f.csv
3932,2,2,0,3g.csv
3933,8,8,0,1a.csv
3933,4,4,0,1b.csv
3933,0,0,0,1c.csv
3933,1,1,0,1e.csv
3933,1,1,0,1f.csv
3933,2,1,1,1g.csv
3933,0,0,0,1h.csv
3933,0,0,0,1i.csv
3933,1,1,0,1j.csv
3933,2,2,0,1k.csv
3933,0,0,0,1l.csv
3933,1,1,0,1m.csv
3933,1,0,1,2a.csv
3933,1,1,0,2b.csv
3933,0,0,0,2c.csv
3933,1,1,0,2d.csv
3933,0,0,0,2e.csv
3933,0,0,0,2f.csv
3933,1,1,0,2g.csv
3933,0,0,0,2h.csv
3933,2,2,0,2i.csv
3933,0,0,0,2j.csv
3933,0,0,0,2k.csv
3933,0,0,0,2l.csv
3933,9,7,2,3a.csv
3933,8,8,0,3b.csv
3933,5,3,2,3c.csv
3933,5,3,2,3d.csv
3933,0,0,0,3e.csv
3933,0,0,0,3f.csv
3933,2,2,0,3g.csv
3934,6,6,0,1a.csv
3934,4,4,0,1b.csv
3934,0,0,0,1c.csv
3934,1,1,0,1e.csv
3934,0,0,0,1f.csv
3934,2,1,1,1g.csv
3934,0,0,0,1h.csv
3934,0,0,0,1i.csv
3934,1,1,0,1j.csv
3934,0,0,0,1k.csv
3934,0,0,0,1l.csv
3934,0,0,0,1m.csv
3934,0,0,0,2a.csv
3934,2,1,1,2b.csv
3934,1,1,0,2c.csv
3934,1,1,0,2d.csv
3934,0,0,0,2e.csv
3934,0,0,0,2f.csv
3934,1,1,0,2g.csv
3934,0,0,0,2h.csv
3934,3,3,0,2i.csv
3934,0,0,0,2j.csv
3934,0,0,0,2k.csv
3934,0,0,0,2l.csv
3934,8,7,1,3a.csv
3934,10,10,0,3b.csv
3934,5,2,3,3c.csv
3934,5,2,3,3d.csv
3934,0,0,0,3e.csv
3934,0,0,0,3f.csv
3934,1,1,0,3g.csv
3935,3,3,0,1a.csv
3935,4,4,0,1b.csv
3935,0,0,0,1c.csv
3935,1,1,0,1e.csv
3935,1,1,0,1f.csv
3935,2,1,1,1g.csv
3935,0,0,0,1h.csv
3935,0,0,0,1i.csv
3935,1,1,0,1j.csv
3935,0,0,0,1k.csv
3935,0,0,0,1l.csv
3935,0,0,0,1m.csv
3935,0,0,0,2a.csv
3935,2,1,1,2b.csv
3935,1,1,0,2c.csv
3935,1,1,0,2d.csv
3935,0,0,0,2e.csv
3935,0,0,0,2f.csv
3935,1,1,0,2g.csv
3935,0,0,0,2h.csv
3935,3,3,0,2i.csv
3935,0,0,0,2j.csv
3935,0,0,0,2k.csv
3935,0,0,0,2l.csv
3935,10,8,2,3a.csv
3935,9,9,0,3b.csv
3935,5,2,3,3c.csv
3935,5,2,3,3d.csv
3935,0,0,0,3e.csv
3935,0,0,0,3f.csv
3935,1,1,0,3g.csv
3936,1,1,0,1a.csv
3936,3,3,0,1b.csv
3936,0,0,0,1c.csv
3936,1,1,0,1e.csv
3936,1,1,0,1f.csv
3936,2,1,1,1g.csv
3936,0,0,0,1h.csv
3936,0,0,0,1i.csv
3936,1,1,0,1j.csv
3936,0,0,0,1k.csv
3936,0,0,0,1l.csv
3936,0,0,0,1m.csv
3936,0,0,0,2a.csv
3936,2,1,1,2b.csv
3936,1,1,0,2c.csv
3936,1,1,0,2d.csv
3936,0,0,0,2e.csv
3936,0,0,0,2f.csv
3936,1,1,0,2g.csv
3936,0,0,0,2h.csv
3936,3,3,0,2i.csv
3936,0,0,0,2j.csv
3936,0,0,0,2k.csv
3936,0,0,0,2l.csv
3936,10,8,2,3a.csv
3936,11,11,0,3b.csv
3936,4,1,3,3c.csv
3936,4,1,3,3d.csv
3936,0,0,0,3e.csv
3936,0,0,0,3f.csv
3936,1,1,0,3g.csv
3937,2,2,0,1a.csv
3937,5,5,0,1b.csv
3937,0,0,0,1c.csv
3937,1,1,0,1e.csv
3937,1,1,0,1f.csv
3937,1,1,0,1g.csv
3937,0,0,0,1h.csv
3937,0,0,0,1i.csv
3937,2,2,0,1j.csv
3937,0,0,0,1k.csv
3937,0,0,0,1l.csv
3937,0,0,0,1m.csv
3937,0,0,0,2a.csv
3937,2,1,1,2b.csv
3937,1,1,0,2c.csv
3937,0,0,0,2d.csv
3937,0,0,0,2e.csv
3937,0,0,0,2f.csv
3937,1,1,0,2g.csv
3937,0,0,0,2h.csv
3937,3,3,0,2i.csv
3937,0,0,0,2j.csv
3937,0,0,0,2k.csv
3937,0,0,0,2l.csv
3937,13,11,2,3a.csv
3937,10,10,0,3b.csv
3937,4,2,2,3c.csv
3937,4,2,2,3d.csv
3937,0,0,0,3e.csv
3937,0,0,0,3f.csv
3937,1,1,0,3g.csv
3938,3,3,0,1a.csv
3938,3,3,0,1b.csv
3938,0,0,0,1c.csv
3938,1,1,0,1e.csv
3938,1,1,0,1f.csv
3938,1,1,0,1g.csv
3938,0,0,0,1h.csv
3938,0,0,0,1i.csv
3938,2,2,0,1j.csv
3938,0,0,0,1k.csv
3938,1,1,0,1l.csv
3938,0,0,0,1m.csv
3938,0,0,0,2a.csv
3938,2,1,1,2b.csv
3938,1,1,0,2c.csv
3938,0,0,0,2d.csv
3938,0,0,0,2e.csv
3938,0,0,0,2f.csv
3938,1,1,0,2g.csv
3938,0,0,0,2h.csv
3938,2,2,0,2i.csv
3938,0,0,0,2j.csv
3938,0,0,0,2k.csv
3938,0,0,0,2l.csv
3938,13,11,2,3a.csv
3938,12,11,1,3b.csv
3938,5,2,3,3c.csv
3938,5,2,3,3d.csv
3938,0,0,0,3e.csv
3938,0,0,0,3f.csv
3938,1,1,0,3g.csv
3939,4,3,1,1a.csv
3939,3,3,0,1b.csv
3939,0,0,0,1c.csv
3939,1,1,0,1e.csv
3939,1,1,0,1f.csv
3939,2,2,0,1g.csv
3939,0,0,0,1h.csv
3939,0,0,0,1i.csv
3939,2,2,0,1j.csv
3939,0,0,0,1k.csv
3939,1,1,0,1l.csv
3939,0,0,0,1m.csv
3939,0,0,0,2a.csv
3939,2,1,1,2b.csv
3939,1,1,0,2c.csv
3939,0,0,0,2d.csv
3939,0,0,0,2e.csv
3939,0,0,0,2f.csv
3939,0,0,0,2g.csv
3939,1,1,0,2h.csv
3939,2,2,0,2i.csv
3939,0,0,0,2j.csv
3939,0,0,0,2k.csv
3939,0,0,0,2l.csv
3939,12,10,2,3a.csv
3939,11,10,1,3b.csv
3939,5,2,3,3c.csv
3939,5,2,3,3d.csv
3939,0,0,0,3e.csv
3939,0,0,0,3f.csv
3939,1,1,0,3g.csv
3940,5,4,1,1a.csv
3940,3,3,0,1b.csv
3940,0,0,0,1c.csv
3940,0,0,0,1e.csv
3940,1,1,0,1f.csv
3940,2,2,0,1g.csv
3940,0,0,0,1h.csv
3940,0,0,0,1i.csv
3940,2,2,0,1j.csv
3940,1,1,0,1k.csv
3940,1,1,0,1l.csv
3940,0,0,0,1m.csv
3940,0,0,0,2a.csv
3940,3,1,2,2b.csv
3940,1,1,0,2c.csv
3940,0,0,0,2d.csv
3940,0,0,0,2e.csv
3940,0,0,0,2f.csv
3940,0,0,0,2g.csv
3940,1,1,0,2h.csv
3940,3,3,0,2i.csv
3940,0,0,0,2j.csv
3940,0,0,0,2k.csv
3940,0,0,0,2l.csv
3940,10,9,1,3a.csv
3940,9,8,1,3b.csv
3940,4,2,2,3c.csv
3940,4,2,2,3d.csv
3940,0,0,0,3e.csv
3940,0,0,0,3f.csv
3940,1,1,0,3g.csv
3941,4,3,1,1a.csv
3941,4,4,0,1b.csv
3941,0,0,0,1c.csv
3941,0,0,0,1e.csv
3941,1,1,0,1f.csv
3941,1,1,0,1g.csv
3941,0,0,0,1h.csv
3941,0,0,0,1i.csv
3941,1,1,0,1j.csv
3941,2,2,0,1k.csv
3941,1,1,0,1l.csv
3941,0,0,0,1m.csv
3941,0,0,0,2a.csv
3941,3,1,2,2b.csv
3941,1,1,0,2c.csv
3941,0,0,0,2d.csv
3941,0,0,0,2e.csv
3941,0,0,0,2f.csv
3941,0,0,0,2g.csv
3941,1,1,0,2h.csv
3941,3,3,0,2i.csv
3941,0,0,0,2j.csv
3941,0,0,0,2k.csv
3941,0,0,0,2l.csv
3941,12,10,2,3a.csv
3941,12,11,1,3b.csv
3941,4,2,2,3c.csv
3941,4,2,2,3d.csv
3941,0,0,0,3e.csv
3941,0,0,0,3f.csv
3941,1,1,0,3g.csv
3942,4,3,1,1a.csv
3942,4,4,0,1b.csv
3942,0,0,0,1c.csv
3942,0,0,0,1e.csv
3942,1,1,0,1f.csv
3942,1,1,0,1g.csv
3942,0,0,0,1h.csv
3942,1,1,0,1i.csv
3942,1,1,0,1j.csv
3942,2,2,0,1k.csv
3942,1,1,0,1l.csv
3942,0,0,0,1m.csv
3942,0,0,0,2a.csv
3942,1,0,1,2b.csv
3942,1,1,0,2c.csv
3942,0,0,0,2d.csv
3942,0,0,0,2e.csv
3942,0,0,0,2f.csv
3942,0,0,0,2g.csv
3942,1,1,0,2h.csv
3942,2,2,0,2i.csv
3942,0,0,0,2j.csv
3942,0,0,0,2k.csv
3942,0,0,0,2l.csv
3942,12,9,3,3a.csv
3942,10,9,1,3b.csv
3942,3,2,1,3c.csv
3942,3,2,1,3d.csv
3942,0,0,0,3e.csv
3942,0,0,0,3f.csv
3942,2,2,0,3g.csv
3943,5,3,2,1a.csv
3943,4,4,0,1b.csv
3943,0,0,0,1c.csv
3943,0,0,0,1e.csv
3943,0,0,0,1f.csv
3943,1,1,0,1g.csv
3943,0,0,0,1h.csv
3943,1,1,0,1i.csv
3943,1,1,0,1j.csv
3943,2,2,0,1k.csv
3943,1,1,0,1l.csv
3943,0,0,0,1m.csv
3943,0,0,0,2a.csv
3943,1,0,1,2b.csv
3943,1,1,0,2c.csv
3943,0,0,0,2d.csv
3943,0,0,0,2e.csv
3943,0,0,0,2f.csv
3943,0,0,0,2g.csv
3943,1,1,0,2h.csv
3943,2,2,0,2i.csv
3943,0,0,0,2j.csv
3943,0,0,0,2k.csv
3943,1,1,0,2l.csv
3943,10,8,2,3a.csv
3943,12,10,2,3b.csv
3943,2,1,1,3c.csv
3943,2,1,1,3d.csv
3943,0,0,0,3e.csv
3943,0,0,0,3f.csv
3943,2,2,0,3g.csv
3944,7,5,2,1a.csv
3944,5,5,0,1b.csv
3944,0,0,0,1c.csv
3944,0,0,0,1e.csv
3944,1,1,0,1f.csv
3944,1,1,0,1g.csv
3944,1,1,0,1h.csv
3944,1,1,0,1i.csv
3944,1,1,0,1j.csv
3944,2,2,0,1k.csv
3944,1,1,0,1l.csv
3944,0,0,0,1m.csv
3944,1,0,1,2a.csv
3944,1,0,1,2b.csv
3944,2,2,0,2c.csv
3944,0,0,0,2d.csv
3944,0,0,0,2e.csv
3944,0,0,0,2f.csv
3944,0,0,0,2g.csv
3944,1,1,0,2h.csv
3944,3,3,0,2i.csv
3944,0,0,0,2j.csv
3944,0,0,0,2k.csv
3944,1,1,0,2l.csv
3944,9,7,2,3a.csv
3944,11,9,2,3b.csv
3944,2,1,1,3c.csv
3944,2,1,1,3d.csv
3944,0,0,0,3e.csv
3944,0,0,0,3f.csv
3944,2,2,0,3g.csv
3945,6,4,2,1a.csv
3945,6,6,0,1b.csv
3945,0,0,0,1c.csv
3945,0,0,0,1e.csv
3945,1,1,0,1f.csv
3945,1,1,0,1g.csv
3945,1,1,0,1h.csv
3945,1,1,0,1i.csv
3945,0,0,0,1j.csv
3945,2,2,0,1k.csv
3945,1,1,0,1l.csv
3945,0,0,0,1m.csv
3945,1,0,1,2a.csv
3945,2,1,1,2b.csv
3945,2,2,0,2c.csv
3945,0,0,0,2d.csv
3945,0,0,0,2e.csv
3945,0,0,0,2f.csv
3945,0,0,0,2g.csv
3945,1,1,0,2h.csv
3945,5,5,0,2i.csv
3945,0,0,0,2j.csv
3945,0,0,0,2k.csv
3945,1,1,0,2l.csv
3945,7,5,2,3a.csv
3945,12,10,2,3b.csv
3945,2,0,2,3c.csv
3945,2,0,2,3d.csv
3945,0,0,0,3e.csv
3945,0,0,0,3f.csv
3945,2,2,0,3g.csv
3946,5,3,2,1a.csv
3946,5,5,0,1b.csv
3946,0,0,0,1c.csv
3946,0,0,0,1e.csv
3946,1,1,0,1f.csv
3946,1,1,0,1g.csv
3946,1,1,0,1h.csv
3946,1,1,0,1i.csv
3946,0,0,0,1j.csv
3946,2,2,0,1k.csv
3946,0,0,0,1l.csv
3946,0,0,0,1m.csv
3946,1,0,1,2a.csv
3946,2,1,1,2b.csv
3946,2,2,0,2c.csv
3946,0,0,0,2d.csv
3946,0,0,0,2e.csv
3946,0,0,0,2f.csv
3946,0,0,0,2g.csv
3946,1,1,0,2h.csv
3946,6,6,0,2i.csv
3946,0,0,0,2j.csv
3946,0,0,0,2k.csv
3946,1,1,0,2l.csv
3946,7,3,4,3a.csv
3946,11,10,1,3b.csv
3946,1,0,1,3c.csv
3946,1,0,1,3d.csv
3946,0,0,0,3e.csv
3946,0,0,0,3f.csv
3946,2,2,0,3g.csv
3947,7,5,2,1a.csv
3947,6,5,1,1b.csv
3947,0,0,0,1c.csv
3947,0,0,0,1e.csv
3947,1,1,0,1f.csv
3947,1,1,0,1g.csv
3947,1,1,0,1h.csv
3947,1,1,0,1i.csv
3947,1,1,0,1j.csv
3947,2,2,0,1k.csv
3947,0,0,0,1l.csv
3947,0,0,0,1m.csv
3947,1,0,1,2a.csv
3947,2,1,1,2b.csv
3947,2,2,0,2c.csv
3947,1,1,0,2d.csv
3947,0,0,0,2e.csv
3947,0,0,0,2f.csv
3947,0,0,0,2g.csv
3947,0,0,0,2h.csv
3947,9,9,0,2i.csv
3947,0,0,0,2j.csv
3947,0,0,0,2k.csv
3947,1,1,0,2l.csv
3947,9,4,5,3a.csv
3947,13,12,1,3b.csv
3947,2,1,1,3c.csv
3947,2,1,1,3d.csv
3947,0,0,0,3e.csv
3947,0,0,0,3f.csv
3947,2,2,0,3g.csv
3948,9,7,2,1a.csv
3948,6,5,1,1b.csv
3948,0,0,0,1c.csv
3948,0,0,0,1e.csv
3948,1,1,0,1f.csv
3948,1,1,0,1g.csv
3948,1,1,0,1h.csv
3948,1,1,0,1i.csv
3948,1,1,0,1j.csv
3948,1,1,0,1k.csv
3948,0,0,0,1l.csv
3948,0,0,0,1m.csv
3948,1,0,1,2a.csv
3948,1,1,0,2b.csv
3948,2,2,0,2c.csv
3948,1,1,0,2d.csv
3948,0,0,0,2e.csv
3948,0,0,0,2f.csv
3948,0,0,0,2g.csv
3948,0,0,0,2h.csv
3948,10,10,0,2i.csv
3948,0,0,0,2j.csv
3948,0,0,0,2k.csv
3948,1,1,0,2l.csv
3948,10,4,6,3a.csv
3948,13,11,2,3b.csv
3948,2,1,1,3c.csv
3948,2,1,1,3d.csv
3948,0,0,0,3e.csv
3948,0,0,0,3f.csv
3948,2,1,1,3g.csv
3949,10,8,2,1a.csv
3949,9,8,1,1b.csv
3949,0,0,0,1c.csv
3949,1,1,0,1e.csv
3949,1,1,0,1f.csv
3949,1,1,0,1g.csv
3949,1,1,0,1h.csv
3949,1,1,0,1i.csv
3949,1,1,0,1j.csv
3949,0,0,0,1k.csv
3949,0,0,0,1l.csv
3949,0,0,0,1m.csv
3949,2,1,1,2a.csv
3949,1,1,0,2b.csv
3949,2,2,0,2c.csv
3949,1,1,0,2d.csv
3949,0,0,0,2e.csv
3949,0,0,0,2f.csv
3949,0,0,0,2g.csv
3949,0,0,0,2h.csv
3949,11,11,0,2i.csv
3949,0,0,0,2j.csv
3949,0,0,0,2k.csv
3949,1,1,0,2l.csv
3949,9,4,5,3a.csv
3949,11,9,2,3b.csv
3949,3,1,2,3c.csv
3949,3,1,2,3d.csv
3949,0,0,0,3e.csv
3949,0,0,0,3f.csv
3949,3,1,2,3g.csv
3950,12,10,2,1a.csv
3950,10,9,1,1b.csv
3950,0,0,0,1c.csv
3950,1,1,0,1e.csv
3950,1,1,0,1f.csv
3950,1,1,0,1g.csv
3950,1,1,0,1h.csv
3950,0,0,0,1i.csv
3950,1,1,0,1j.csv
3950,0,0,0,1k.csv
3950,0,0,0,1l.csv
3950,0,0,0,1m.csv
3950,2,1,1,2a.csv
3950,1,1,0,2b.csv
3950,1,1,0,2c.csv
3950,1,1,0,2d.csv
3950,0,0,0,2e.csv
3950,0,0,0,2f.csv
3950,0,0,0,2g.csv
3950,0,0,0,2h.csv
3950,14,14,0,2i.csv
3950,0,0,0,2j.csv
3950,0,0,0,2k.csv
3950,1,1,0,2l.csv
3950,8,4,4,3a.csv
3950,10,8,2,3b.csv
3950,4,2,2,3c.csv
3950,4,2,2,3d.csv
3950,0,0,0,3e.csv
3950,0,0,0,3f.csv
3950,2,0,2,3g.csv
3951,11,10,1,1a.csv
3951,11,10,1,1b.csv
3951,0,0,0,1c.csv
3951,1,1,0,1e.csv
3951,1,1,0,1f.csv
3951,1,1,0,1g.csv
3951,1,1,0,1h.csv
3951,0,0,0,1i.csv
3951,1,1,0,1j.csv
3951,0,0,0,1k.csv
3951,0,0,0,1l.csv
3951,0,0,0,1m.csv
3951,2,1,1,2a.csv
3951,1,1,0,2b.csv
3951,1,1,0,2c.csv
3951,1,1,0,2d.csv
3951,0,0,0,2e.csv
3951,0,0,0,2f.csv
3951,0,0,0,2g.csv
3951,0,0,0,2h.csv
3951,16,16,0,2i.csv
3951,0,0,0,2j.csv
3951,0,0,0,2k.csv
3951,0,0,0,2l.csv
3951,8,4,4,3a.csv
3951,7,6,1,3b.csv
3951,4,2,2,3c.csv
3951,4,2,2,3d.csv
3951,0,0,0,3e.csv
3951,0,0,0,3f.csv
3951,2,0,2,3g.csv
3952,12,10,2,1a.csv
3952,11,10,1,1b.csv
3952,0,0,0,1c.csv
3952,1,1,0,1e.csv
3952,0,0,0,1f.csv
3952,1,1,0,1g.csv
3952,0,0,0,1h.csv
3952,0,0,0,1i.csv
3952,1,1,0,1j.csv
3952,0,0,0,1k.csv
3952,0,0,0,1l.csv
3952,0,0,0,1m.csv
3952,1,1,0,2a.csv
3952,1,1,0,2b.csv
3952,0,0,0,2c.csv
3952,1,1,0,2d.csv
3952,0,0,0,2e.csv
3952,0,0,0,2f.csv
3952,0,0,0,2g.csv
3952,0,0,0,2h.csv
3952,17,17,0,2i.csv
3952,0,0,0,2j.csv
3952,0,0,0,2k.csv
3952,0,0,0,2l.csv
3952,10,5,5,3a.csv
3952,7,6,1,3b.csv
3952,4,2,2,3c.csv
3952,4,2,2,3d.csv
3952,0,0,0,3e.csv
3952,0,0,0,3f.csv
3952,2,0,2,3g.csv
3953,12,10,2,1a.csv
3953,8,7,1,1b.csv
3953,0,0,0,1c.csv
3953,1,1,0,1e.csv
3953,0,0,0,1f.csv
3953,1,1,0,1g.csv
3953,0,0,0,1h.csv
3953,1,0,1,1i.csv
3953,1,1,0,1j.csv
3953,0,0,0,1k.csv
3953,1,0,1,1l.csv
3953,0,0,0,1m.csv
3953,1,1,0,2a.csv
3953,0,0,0,2b.csv
3953,0,0,0,2c.csv
3953,1,1,0,2d.csv
3953,0,0,0,2e.csv
3953,0,0,0,2f.csv
3953,0,0,0,2g.csv
3953,0,0,0,2h.csv
3953,23,23,0,2i.csv
3953,0,0,0,2j.csv
3953,0,0,0,2k.csv
3953,0,0,0,2l.csv
3953,10,5,5,3a.csv
3953,6,5,1,3b.csv
3953,3,2,1,3c.csv
3953,3,2,1,3d.csv
3953,0,0,0,3e.csv
3953,0,0,0,3f.csv
3953,2,0,2,3g.csv
3954,12,10,2,1a.csv
3954,10,8,2,1b.csv
3954,0,0,0,1c.csv
3954,1,1,0,1e.csv
3954,0,0,0,1f.csv
3954,1,1,0,1g.csv
3954,0,0,0,1h.csv
3954,1,0,1,1i.csv
3954,1,1,0,1j.csv
3954,1,1,0,1k.csv
3954,1,0,1,1l.csv
3954,0,0,0,1m.csv
3954,1,1,0,2a.csv
3954,0,0,0,2b.csv
3954,0,0,0,2c.csv
3954,1,1,0,2d.csv
3954,0,0,0,2e.csv
3954,0,0,0,2f.csv
3954,0,0,0,2g.csv
3954,0,0,0,2h.csv
3954,26,26,0,2i.csv
3954,0,0,0,2j.csv
3954,0,0,0,2k.csv
3954,0,0,0,2l.csv
3954,8,5,3,3a.csv
3954,6,5,1,3b.csv
3954,3,2,1,3c.csv
3954,3,2,1,3d.csv
3954,0,0,0,3e.csv
3954,0,0,0,3f.csv
3954,2,0,2,3g.csv
3955,10,9,1,1a.csv
3955,11,10,1,1b.csv
3955,0,0,0,1c.csv
3955,1,1,0,1e.csv
3955,1,1,0,1f.csv
3955,0,0,0,1g.csv
3955,0,0,0,1h.csv
3955,1,0,1,1i.csv
3955,0,0,0,1j.csv
3955,1,1,0,1k.csv
3955,1,0,1,1l.csv
3955,0,0,0,1m.csv
3955,1,1,0,2a.csv
3955,0,0,0,2b.csv
3955,0,0,0,2c.csv
3955,0,0,0,2d.csv
3955,0,0,0,2e.csv
3955,0,0,0,2f.csv
3955,0,0,0,2g.csv
3955,0,0,0,2h.csv
3955,23,23,0,2i.csv
3955,0,0,0,2j.csv
3955,0,0,0,2k.csv
3955,0,0,0,2l.csv
3955,7,4,3,3a.csv
3955,6,4,2,3b.csv
3955,2,1,1,3c.csv
3955,2,1,1,3d.csv
3955,0,0,0,3e.csv
3955,0,0,0,3f.csv
3955,3,0,3,3g.csv
3956,7,6,1,1a.csv
3956,11,10,1,1b.csv
3956,0,0,0,1c.csv
3956,1,1,0,1e.csv
3956,1,1,0,1f.csv
3956,0,0,0,1g.csv
3956,0,0,0,1h.csv
3956,1,0,1,1i.csv
3956,0,0,0,1j.csv
3956,1,1,0,1k.csv
3956,1,0,1,1l.csv
3956,0,0,0,1m.csv
3956,1,1,0,2a.csv
3956,0,0,0,2b.csv
3956,0,0,0,2c.csv
3956,1,1,0,2d.csv
3956,0,0,0,2e.csv
3956,0,0,0,2f.csv
3956,0,0,0,2g.csv
3956,0,0,0,2h.csv
3956,21,21,0,2i.csv
3956,0,0,0,2j.csv
3956,0,0,0,2k.csv
3956,0,0,0,2l.csv
3956,9,6,3,3a.csv
3956,5,4,1,3b.csv
3956,2,1,1,3c.csv
3956,2,1,1,3d.csv
3956,0,0,0,3e.csv
3956,0,0,0,3f.csv
3956,2,0,2,3g.csv
3957,7,6,1,1a.csv
3957,7,6,1,1b.csv
3957,0,0,0,1c.csv
3957,0,0,0,1e.csv
3957,1,1,0,1f.csv
3957,0,0,0,1g.csv
3957,0,0,0,1h.csv
3957,1,0,1,1i.csv
3957,0,0,0,1j.csv
3957,1,1,0,1k.csv
3957,1,0,1,1l.csv
3957,0,0,0,1m.csv
3957,0,0,0,2a.csv
3957,0,0,0,2b.csv
3957,0,0,0,2c.csv
3957,1,1,0,2d.csv
3957,0,0,0,2e.csv
3957,0,0,0,2f.csv
3957,0,0,0,2g.csv
3957,0,0,0,2h.csv
3957,21,21,0,2i.csv
3957,0,0,0,2j.csv
3957,0,0,0,2k.csv
3957,1,0,1,2l.csv
3957,11,8,3,3a.csv
3957,4,3,1,3b.csv
3957,1,1,0,3c.csv
3957,1,1,0,3d.csv
3957,0,0,0,3e.csv
3957,0,0,0,3f.csv
3957,1,0,1,3g.csv
3958,7,6,1,1a.csv
3958,8,7,1,1b.csv
3958,0,0,0,1c.csv
3958,0,0,0,1e.csv
3958,1,1,0,1f.csv
3958,0,0,0,1g.csv
3958,0,0,0,1h.csv
3958,1,0,1,1i.csv
3958,0,0,0,1j.csv
3958,1,1,0,1k.csv
3958,1,0,1,1l.csv
3958,0,0,0,1m.csv
3958,0,0,0,2a.csv
3958,0,0,0,2b.csv
3958,0,0,0,2c.csv
3958,1,1,0,2d.csv
3958,0,0,0,2e.csv
3958,0,0,0,2f.csv
3958,0,0,0,2g.csv
3958,0,0,0,2h.csv
3958,18,18,0,2i.csv
3958,0,0,0,2j.csv
3958,0,0,0,2k.csv
3958,1,0,1,2l.csv
3958,12,9,3,3a.csv
3958,4,3,1,3b.csv
3958,0,0,0,3c.csv
3958,0,0,0,3d.csv
3958,0,0,0,3e.csv
3958,0,0,0,3f.csv
3958,1,0,1,3g.csv
3959,8,7,1,1a.csv
3959,9,8,1,1b.csv
3959,0,0,0,1c.csv
3959,0,0,0,1e.csv
3959,1,1,0,1f.csv
3959,0,0,0,1g.csv
3959,0,0,0,1h.csv
3959,1,0,1,1i.csv
3959,0,0,0,1j.csv
3959,2,2,0,1k.csv
3959,1,0,1,1l.csv
3959,0,0,0,1m.csv
3959,0,0,0,2a.csv
3959,0,0,0,2b.csv
3959,0,0,0,2c.csv
3959,1,1,0,2d.csv
3959,0,0,0,2e.csv
3959,0,0,0,2f.csv
3959,0,0,0,2g.csv
3959,0,0,0,2h.csv
3959,17,17,0,2i.csv
3959,0,0,0,2j.csv
3959,0,0,0,2k.csv
3959,1,0,1,2l.csv
3959,13,9,4,3a.csv
3959,4,3,1,3b.csv
3959,0,0,0,3c.csv
3959,0,0,0,3d.csv
3959,0,0,0,3e.csv
3959,0,0,0,3f.csv
3959,3,0,3,3g.csv
3960,5,5,0,1a.csv
3960,8,7,1,1b.csv
3960,0,0,0,1c.csv
3960,0,0,0,1e.csv
3960,1,1,0,1f.csv
3960,0,0,0,1g.csv
3960,0,0,0,1h.csv
3960,1,0,1,1i.csv
3960,0,0,0,1j.csv
3960,2,2,0,1k.csv
3960,1,0,1,1l.csv
3960,0,0,0,1m.csv
3960,0,0,0,2a.csv
3960,0,0,0,2b.csv
3960,0,0,0,2c.csv
3960,1,1,0,2d.csv
3960,0,0,0,2e.csv
3960,0,0,0,2f.csv
3960,0,0,0,2g.csv
3960,0,0,0,2h.csv
3960,15,15,0,2i.csv
3960,0,0,0,2j.csv
3960,0,0,0,2k.csv
3960,1,0,1,2l.csv
3960,12,9,3,3a.csv
3960,3,2,1,3b.csv
3960,0,0,0,3c.csv
3960,0,0,0,3d.csv
3960,0,0,0,3e.csv
3960,0,0,0,3f.csv
3960,3,0,3,3g.csv
3961,6,6,0,1a.csv
3961,9,8,1,1b.csv
3961,0,0,0,1c.csv
3961,0,0,0,1e.csv
3961,2,2,0,1f.csv
3961,0,0,0,1g.csv
3961,0,0,0,1h.csv
3961,0,0,0,1i.csv
3961,0,0,0,1j.csv
3961,3,3,0,1k.csv
3961,0,0,0,1l.csv
3961,0,0,0,1m.csv
3961,0,0,0,2a.csv
3961,0,0,0,2b.csv
3961,0,0,0,2c.csv
3961,1,1,0,2d.csv
3961,0,0,0,2e.csv
3961,0,0,0,2f.csv
3961,0,0,0,2g.csv
3961,0,0,0,2h.csv
3961,9,9,0,2i.csv
3961,0,0,0,2j.csv
3961,0,0,0,2k.csv
3961,1,0,1,2l.csv
3961,11,8,3,3a.csv
3961,4,3,1,3b.csv
3961,0,0,0,3c.csv
3961,0,0,0,3d.csv
3961,0,0,0,3e.csv
3961,0,0,0,3f.csv
3961,3,0,3,3g.csv
3962,8,8,0,1a.csv
3962,7,7,0,1b.csv
3962,0,0,0,1c.csv
3962,0,0,0,1e.csv
3962,3,3,0,1f.csv
3962,1,0,1,1g.csv
3962,0,0,0,1h.csv
3962,0,0,0,1i.csv
3962,0,0,0,1j.csv
3962,2,2,0,1k.csv
3962,0,0,0,1l.csv
3962,0,0,0,1m.csv
3962,0,0,0,2a.csv
3962,0,0,0,2b.csv
3962,0,0,0,2c.csv
3962,1,1,0,2d.csv
3962,0,0,0,2e.csv
3962,0,0,0,2f.csv
3962,0,0,0,2g.csv
3962,0,0,0,2h.csv
3962,7,7,0,2i.csv
3962,0,0,0,2j.csv
3962,0,0,0,2k.csv
3962,3,0,3,2l.csv
3962,12,8,4,3a.csv
3962,5,4,1,3b.csv
3962,0,0,0,3c.csv
3962,0,0,0,3d.csv
3962,0,0,0,3e.csv
3962,0,0,0,3f.csv
3962,3,0,3,3g.csv
3963,7,7,0,1a.csv
3963,5,5,0,1b.csv
3963,0,0,0,1c.csv
3963,0,0,0,1e.csv
3963,2,2,0,1f.csv
3963,1,0,1,1g.csv
3963,0,0,0,1h.csv
3963,0,0,0,1i.csv
3963,0,0,0,1j.csv
3963,2,2,0,1k.csv
3963,0,0,0,1l.csv
3963,0,0,0,1m.csv
3963,0,0,0,2a.csv
3963,0,0,0,2b.csv
3963,0,0,0,2c.csv
3963,1,1,0,2d.csv
3963,0,0,0,2e.csv
3963,0,0,0,2f.csv
3963,0,0,0,2g.csv
3963,0,0,0,2h.csv
3963,8,8,0,2i.csv
3963,0,0,0,2j.csv
3963,0,0,0,2k.csv
3963,3,0,3,2l.csv
3963,12,9,3,3a.csv
3963,3,3,0,3b.csv
3963,0,0,0,3c.csv
3963,0,0,0,3d.csv
3963,0,0,0,3e.csv
3963,0,0,0,3f.csv
3963,4,2,2,3g.csv
3964,8,8,0,1a.csv
3964,5,5,0,1b.csv
3964,0,0,0,1c.csv
3964,0,0,0,1e.csv
3964,2,2,0,1f.csv
3964,1,0,1,1g.csv
3964,0,0,0,1h.csv
3964,0,0,0,1i.csv
3964,0,0,0,1j.csv
3964,2,2,0,1k.csv
3964,0,0,0,1l.csv
3964,0,0,0,1m.csv
3964,0,0,0,2a.csv
3964,0,0,0,2b.csv
3964,1,1,0,2c.csv
3964,0,0,0,2d.csv
3964,0,0,0,2e.csv
3964,0,0,0,2f.csv
3964,0,0,0,2g.csv
3964,0,0,0,2h.csv
3964,11,11,0,2i.csv
3964,0,0,0,2j.csv
3964,0,0,0,2k.csv
3964,3,0,3,2l.csv
3964,11,8,3,3a.csv
3964,3,3,0,3b.csv
3964,0,0,0,3c.csv
3964,0,0,0,3d.csv
3964,0,0,0,3e.csv
3964,0,0,0,3f.csv
3964,4,2,2,3g.csv
3965,7,7,0,1a.csv
3965,5,5,0,1b.csv
3965,0,0,0,1c.csv
3965,0,0,0,1e.csv
3965,2,2,0,1f.csv
3965,1,0,1,1g.csv
3965,0,0,0,1h.csv
3965,0,0,0,1i.csv
3965,0,0,0,1j.csv
3965,2,2,0,1k.csv
3965,0,0,0,1l.csv
3965,0,0,0,1m.csv
3965,1,1,0,2a.csv
3965,0,0,0,2b.csv
3965,1,1,0,2c.csv
3965,0,0,0,2d.csv
3965,0,0,0,2e.csv
3965,0,0,0,2f.csv
3965,0,0,0,2g.csv
3965,0,0,0,2h.csv
3965,13,13,0,2i.csv
3965,0,0,0,2j.csv
3965,0,0,0,2k.csv
3965,2,0,2,2l.csv
3965,9,5,4,3a.csv
3965,3,3,0,3b.csv
3965,0,0,0,3c.csv
3965,0,0,0,3d.csv
3965,0,0,0,3e.csv
3965,0,0,0,3f.csv
3965,5,3,2,3g.csv
3966,5,5,0,1a.csv
3966,3,3,0,1b.csv
3966,0,0,0,1c.csv
3966,0,0,0,1e.csv
3966,2,2,0,1f.csv
3966,1,0,1,1g.csv
3966,0,0,0,1h.csv
3966,0,0,0,1i.csv
3966,0,0,0,1j.csv
3966,2,2,0,1k.csv
3966,0,0,0,1l.csv
3966,0,0,0,1m.csv
3966,1,1,0,2a.csv
3966,0,0,0,2b.csv
3966,1,1,0,2c.csv
3966,0,0,0,2d.csv
3966,0,0,0,2e.csv
3966,0,0,0,2f.csv
3966,0,0,0,2g.csv
3966,0,0,0,2h.csv
3966,15,15,0,2i.csv
3966,0,0,0,2j.csv
3966,0,0,0,2k.csv
3966,2,0,2,2l.csv
3966,8,4,4,3a.csv
3966,5,5,0,3b.csv
3966,1,1,0,3c.csv
3966,1,1,0,3d.csv
3966,0,0,0,3e.csv
3966,0,0,0,3f.csv
3966,6,4,2,3g.csv
3967,6,6,0,1a.csv
3967,2,2,0,1b.csv
3967,0,0,0,1c.csv
3967,0,0,0,1e.csv
3967,2,2,0,1f.csv
3967,1,0,1,1g.csv
3967,0,0,0,1h.csv
3967,0,0,0,1i.csv
3967,0,0,0,1j.csv
3967,1,1,0,1k.csv
3967,0,0,0,1l.csv
3967,0,0,0,1m.csv
3967,1,1,0,2a.csv
3967,0,0,0,2b.csv
3967,1,1,0,2c.csv
3967,0,0,0,2d.csv
3967,0,0,0,2e.csv
3967,0,0,0,2f.csv
3967,0,0,0,2g.csv
3967,0,0,0,2h.csv
3967,16,16,0,2i.csv
3967,0,0,0,2j.csv
3967,0,0,0,2k.csv
3967,2,0,2,2l.csv
3967,6,3,3,3a.csv
3967,8,7,1,3b.csv
3967,1,1,0,3c.csv
3967,1,1,0,3d.csv
3967,0,0,0,3e.csv
3967,0,0,0,3f.csv
3967,4,4,0,3g.csv
3968,6,6,0,1a.csv
3968,2,2,0,1b.csv
3968,0,0,0,1c.csv
3968,0,0,0,1e.csv
3968,2,2,0,1f.csv
3968,1,0,1,1g.csv
3968,0,0,0,1h.csv
3968,0,0,0,1i.csv
3968,0,0,0,1j.csv
3968,2,2,0,1k.csv
3968,0,0,0,1l.csv
3968,0,0,0,1m.csv
3968,1,1,0,2a.csv
3968,0,0,0,2b.csv
3968,1,1,0,2c.csv
3968,0,0,0,2d.csv
3968,0,0,0,2e.csv
3968,0,0,0,2f.csv
3968,0,0,0,2g.csv
3968,0,0,0,2h.csv
3968,17,17,0,2i.csv
3968,0,0,0,2j.csv
3968,0,0,0,2k.csv
3968,2,0,2,2l.csv
3968,7,4,3,3a.csv
3968,9,8,1,3b.csv
3968,1,1,0,3c.csv
3968,1,1,0,3d.csv
3968,0,0,0,3e.csv
3968,0,0,0,3f.csv
3968,4,4,0,3g.csv
3969,5,5,0,1a.csv
3969,1,1,0,1b.csv
3969,0,0,0,1c.csv
3969,0,0,0,1e.csv
3969,1,1,0,1f.csv
3969,1,0,1,1g.csv
3969,0,0,0,1h.csv
3969,0,0,0,1i.csv
3969,0,0,0,1j.csv
3969,1,1,0,1k.csv
3969,0,0,0,1l.csv
3969,0,0,0,1m.csv
3969,1,1,0,2a.csv
3969,0,0,0,2b.csv
3969,1,1,0,2c.csv
3969,0,0,0,2d.csv
3969,0,0,0,2e.csv
3969,0,0,0,2f.csv
3969,0,0,0,2g.csv
3969,0,0,0,2h.csv
3969,15,15,0,2i.csv
3969,0,0,0,2j.csv
3969,0,0,0,2k.csv
3969,2,0,2,2l.csv
3969,8,5,3,3a.csv
3969,10,8,2,3b.csv
3969,1,1,0,3c.csv
3969,1,1,0,3d.csv
3969,0,0,0,3e.csv
3969,0,0,0,3f.csv
3969,5,4,1,3g.csv
3970,3,3,0,1a.csv
3970,2,2,0,1b.csv
3970,0,0,0,1c.csv
3970,0,0,0,1e.csv
3970,1,1,0,1f.csv
3970,0,0,0,1g.csv
3970,0,0,0,1h.csv
3970,0,0,0,1i.csv
3970,0,0,0,1j.csv
3970,1,1,0,1k.csv
3970,0,0,0,1l.csv
3970,0,0,0,1m.csv
3970,1,1,0,2a.csv
3970,0,0,0,2b.csv
3970,1,1,0,2c.csv
3970,0,0,0,2d.csv
3970,0,0,0,2e.csv
3970,0,0,0,2f.csv
3970,0,0,0,2g.csv
3970,0,0,0,2h.csv
3970,15,15,0,2i.csv
3970,0,0,0,2j.csv
3970,0,0,0,2k.csv
3970,0,0,0,2l.csv
3970,8,6,2,3a.csv
3970,10,8,2,3b.csv
3970,1,1,0,3c.csv
3970,1,1,0,3d.csv
3970,0,0,0,3e.csv
3970,0,0,0,3f.csv
3970,5,4,1,3g.csv
3971,3,3,0,1a.csv
3971,2,2,0,1b.csv
3971,0,0,0,1c.csv
3971,1,1,0,1e.csv
3971,1,1,0,1f.csv
3971,0,0,0,1g.csv
3971,0,0,0,1h.csv
3971,0,0,0,1i.csv
3971,0,0,0,1j.csv
3971,1,1,0,1k.csv
3971,0,0,0,1l.csv
3971,0,0,0,1m.csv
3971,1,1,0,2a.csv
3971,0,0,0,2b.csv
3971,1,1,0,2c.csv
3971,1,1,0,2d.csv
3971,0,0,0,2e.csv
3971,0,0,0,2f.csv
3971,0,0,0,2g.csv
3971,0,0,0,2h.csv
3971,14,14,0,2i.csv
3971,0,0,0,2j.csv
3971,0,0,0,2k.csv
3971,0,0,0,2l.csv
3971,7,5,2,3a.csv
3971,11,9,2,3b.csv
3971,1,1,0,3c.csv
3971,1,1,0,3d.csv
3971,0,0,0,3e.csv
3971,0,0,0,3f.csv
3971,3,2,1,3g.csv
3972,2,2,0,1a.csv
3972,2,2,0,1b.csv
3972,0,0,0,1c.csv
3972,1,1,0,1e.csv
3972,1,1,0,1f.csv
3972,0,0,0,1g.csv
3972,0,0,0,1h.csv
3972,0,0,0,1i.csv
3972,0,0,0,1j.csv
3972,1,1,0,1k.csv
3972,0,0,0,1l.csv
3972,0,0,0,1m.csv
3972,1,1,0,2a.csv
3972,0,0,0,2b.csv
3972,0,0,0,2c.csv
3972,1,1,0,2d.csv
3972,0,0,0,2e.csv
3972,0,0,0,2f.csv
3972,0,0,0,2g.csv
3972,0,0,0,2h.csv
3972,11,11,0,2i.csv
3972,0,0,0,2j.csv
3972,0,0,0,2k.csv
3972,0,0,0,2l.csv
3972,5,4,1,3a.csv
3972,15,12,3,3b.csv
3972,1,1,0,3c.csv
3972,1,1,0,3d.csv
3972,0,0,0,3e.csv
3972,0,0,0,3f.csv
3972,3,2,1,3g.csv
3973,2,2,0,1a.csv
3973,2,2,0,1b.csv
3973,0,0,0,1c.csv
3973,1,1,0,1e.csv
3973,1,1,0,1f.csv
3973,0,0,0,1g.csv
3973,0,0,0,1h.csv
3973,0,0,0,1i.csv
3973,0,0,0,1j.csv
3973,1,1,0,1k.csv
3973,0,0,0,1l.csv
3973,0,0,0,1m.csv
3973,0,0,0,2a.csv
3973,0,0,0,2b.csv
3973,0,0,0,2c.csv
3973,1,1,0,2d.csv
3973,0,0,0,2e.csv
3973,0,0,0,2f.csv
3973,0,0,0,2g.csv
3973,0,0,0,2h.csv
3973,9,9,0,2i.csv
3973,0,0,0,2j.csv
3973,0,0,0,2k.csv
3973,0,0,0,2l.csv
3973,6,6,0,3a.csv
3973,19,16,3,3b.csv
3973,2,2,0,3c.csv
3973,2,2,0,3d.csv
3973,0,0,0,3e.csv
3973,0,0,0,3f.csv
3973,2,1,1,3g.csv
3974,3,3,0,1a.csv
3974,2,2,0,1b.csv
3974,1,0,1,1c.csv
3974,1,1,0,1e.csv
3974,1,1,0,1f.csv
3974,1,1,0,1g.csv
3974,0,0,0,1h.csv
3974,0,0,0,1i.csv
3974,0,0,0,1j.csv
3974,1,1,0,1k.csv
3974,0,0,0,1l.csv
3974,0,0,0,1m.csv
3974,0,0,0,2a.csv
3974,0,0,0,2b.csv
3974,0,0,0,2c.csv
3974,1,1,0,2d.csv
3974,0,0,0,2e.csv
3974,0,0,0,2f.csv
3974,0,0,0,2g.csv
3974,1,0,1,2h.csv
3974,8,8,0,2i.csv
3974,0,0,0,2j.csv
3974,0,0,0,2k.csv
3974,0,0,0,2l.csv
3974,8,7,1,3a.csv
3974,21,18,3,3b.csv
3974,1,1,0,3c.csv
3974,1,1,0,3d.csv
3974,0,0,0,3e.csv
3974,0,0,0,3f.csv
3974,2,0,2,3g.csv
3975,1,1,0,1a.csv
3975,1,1,0,1b.csv
3975,2,1,1,1c.csv
3975,1,1,0,1e.csv
3975,2,2,0,1f.csv
3975,1,1,0,1g.csv
3975,0,0,0,1h.csv
3975,0,0,0,1i.csv
3975,0,0,0,1j.csv
3975,1,1,0,1k.csv
3975,0,0,0,1l.csv
3975,0,0,0,1m.csv
3975,0,0,0,2a.csv
3975,0,0,0,2b.csv
3975,0,0,0,2c.csv
3975,1,1,0,2d.csv
3975,0,0,0,2e.csv
3975,0,0,0,2f.csv
3975,0,0,0,2g.csv
3975,1,0,1,2h.csv
3975,5,5,0,2i.csv
3975,0,0,0,2j.csv
3975,0,0,0,2k.csv
3975,0,0,0,2l.csv
3975,10,9,1,3a.csv
3975,19,16,3,3b.csv
3975,1,1,0,3c.csv
3975,1,1,0,3d.csv
3975,0,0,0,3e.csv
3975,0,0,0,3f.csv
3975,3,1,2,3g.csv
3976,1,1,0,1a.csv
3976,1,1,0,1b.csv
3976,3,2,1,1c.csv
3976,1,1,0,1e.csv
3976,3,3,0,1f.csv
3976,1,1,0,1g.csv
3976,0,0,0,1h.csv
3976,0,0,0,1i.csv
3976,0,0,0,1j.csv
3976,0,0,0,1k.csv
3976,0,0,0,1l.csv
3976,0,0,0,1m.csv
3976,0,0,0,2a.csv
3976,0,0,0,2b.csv
3976,0,0,0,2c.csv
3976,1,1,0,2d.csv
3976,0,0,0,2e.csv
3976,0,0,0,2f.csv
3976,0,0,0,2g.csv
3976,1,0,1,2h.csv
3976,5,5,0,2i.csv
3976,0,0,0,2j.csv
3976,0,0,0,2k.csv
3976,0,0,0,2l.csv
3976,8,7,1,3a.csv
3976,19,15,4,3b.csv
3976,1,1,0,3c.csv
3976,1,1,0,3d.csv
3976,0,0,0,3e.csv
3976,0,0,0,3f.csv
3976,3,1,2,3g.csv
3977,3,3,0,1a.csv
3977,1,1,0,1b.csv
3977,3,2,1,1c.csv
3977,1,1,0,1e.csv
3977,3,3,0,1f.csv
3977,1,1,0,1g.csv
3977,0,0,0,1h.csv
3977,0,0,0,1i.csv
3977,0,0,0,1j.csv
3977,0,0,0,1k.csv
3977,0,0,0,1l.csv
3977,1,1,0,1m.csv
3977,0,0,0,2a.csv
3977,0,0,0,2b.csv
3977,0,0,0,2c.csv
3977,1,1,0,2d.csv
3977,0,0,0,2e.csv
3977,0,0,0,2f.csv
3977,0,0,0,2g.csv
3977,1,0,1,2h.csv
3977,5,5,0,2i.csv
3977,0,0,0,2j.csv
3977,0,0,0,2k.csv
3977,0,0,0,2l.csv
3977,8,7,1,3a.csv
3977,23,20,3,3b.csv
3977,2,2,0,3c.csv
3977,2,2,0,3d.csv
3977,0,0,0,3e.csv
3977,0,0,0,3f.csv
3977,3,2,1,3g.csv
3978,4,4,0,1a.csv
3978,0,0,0,1b.csv
3978,3,2,1,1c.csv
3978,1,1,0,1e.csv
3978,2,2,0,1f.csv
3978,1,1,0,1g.csv
3978,0,0,0,1h.csv
3978,0,0,0,1i.csv
3978,0,0,0,1j.csv
3978,0,0,0,1k.csv
3978,0,0,0,1l.csv
3978,1,1,0,1m.csv
3978,0,0,0,2a.csv
3978,0,0,0,2b.csv
3978,0,0,0,2c.csv
3978,1,1,0,2d.csv
3978,0,0,0,2e.csv
3978,0,0,0,2f.csv
3978,0,0,0,2g.csv
3978,1,0,1,2h.csv
3978,4,4,0,2i.csv
3978,0,0,0,2j.csv
3978,0,0,0,2k.csv
3978,0,0,0,2l.csv
3978,9,8,1,3a.csv
3978,21,18,3,3b.csv
3978,3,3,0,3c.csv
3978,3,3,0,3d.csv
3978,0,0,0,3e.csv
3978,0,0,0,3f.csv
3978,4,3,1,3g.csv
3979,6,6,0,1a.csv
3979,1,1,0,1b.csv
3979,3,2,1,1c.csv
3979,0,0,0,1e.csv
3979,2,2,0,1f.csv
3979,1,1,0,1g.csv
3979,0,0,0,1h.csv
3979,0,0,0,1i.csv
3979,0,0,0,1j.csv
3979,0,0,0,1k.csv
3979,0,0,0,1l.csv
3979,1,1,0,1m.csv
3979,0,0,0,2a.csv
3979,0,0,0,2b.csv
3979,0,0,0,2c.csv
3979,0,0,0,2d.csv
3979,0,0,0,2e.csv
3979,0,0,0,2f.csv
3979,0,0,0,2g.csv
3979,1,0,1,2h.csv
3979,4,4,0,2i.csv
3979,0,0,0,2j.csv
3979,0,0,0,2k.csv
3979,0,0,0,2l.csv
3979,11,10,1,3a.csv
3979,23,20,3,3b.csv
3979,3,3,0,3c.csv
3979,3,3,0,3d.csv
3979,0,0,0,3e.csv
3979,0,0,0,3f.csv
3979,4,3,1,3g.csv
3980,7,7,0,1a.csv
3980,1,1,0,1b.csv
3980,4,2,2,1c.csv
3980,0,0,0,1e.csv
3980,2,2,0,1f.csv
3980,2,1,1,1g.csv
3980,0,0,0,1h.csv
3980,0,0,0,1i.csv
3980,0,0,0,1j.csv
3980,0,0,0,1k.csv
3980,1,1,0,1l.csv
3980,1,1,0,1m.csv
3980,0,0,0,2a.csv
3980,1,0,1,2b.csv
3980,0,0,0,2c.csv
3980,0,0,0,2d.csv
3980,0,0,0,2e.csv
3980,0,0,0,2f.csv
3980,0,0,0,2g.csv
3980,1,0,1,2h.csv
3980,5,5,0,2i.csv
3980,0,0,0,2j.csv
3980,0,0,0,2k.csv
3980,0,0,0,2l.csv
3980,11,10,1,3a.csv
3980,22,20,2,3b.csv
3980,3,3,0,3c.csv
3980,3,3,0,3d.csv
3980,0,0,0,3e.csv
3980,0,0,0,3f.csv
3980,4,3,1,3g.csv
3981,7,7,0,1a.csv
3981,1,1,0,1b.csv
3981,4,2,2,1c.csv
3981,0,0,0,1e.csv
3981,2,2,0,1f.csv
3981,2,1,1,1g.csv
3981,0,0,0,1h.csv
3981,0,0,0,1i.csv
3981,0,0,0,1j.csv
3981,0,0,0,1k.csv
3981,1,1,0,1l.csv
3981,1,1,0,1m.csv
3981,1,1,0,2a.csv
3981,2,1,1,2b.csv
3981,0,0,0,2c.csv
3981,0,0,0,2d.csv
3981,0,0,0,2e.csv
3981,0,0,0,2f.csv
3981,0,0,0,2g.csv
3981,1,0,1,2h.csv
3981,4,4,0,2i.csv
3981,0,0,0,2j.csv
3981,0,0,0,2k.csv
3981,0,0,0,2l.csv
3981,10,8,2,3a.csv
3981,18,16,2,3b.csv
3981,2,2,0,3c.csv
3981,2,2,0,3d.csv
3981,0,0,0,3e.csv
3981,0,0,0,3f.csv
3981,5,3,2,3g.csv
3982,6,6,0,1a.csv
3982,1,1,0,1b.csv
3982,3,2,1,1c.csv
3982,0,0,0,1e.csv
3982,2,2,0,1f.csv
3982,1,0,1,1g.csv
3982,0,0,0,1h.csv
3982,0,0,0,1i.csv
3982,0,0,0,1j.csv
3982,0,0,0,1k.csv
3982,1,1,0,1l.csv
3982,1,1,0,1m.csv
3982,2,2,0,2a.csv
3982,2,1,1,2b.csv
3982,0,0,0,2c.csv
3982,0,0,0,2d.csv
3982,0,0,0,2e.csv
3982,0,0,0,2f.csv
3982,0,0,0,2g.csv
3982,0,0,0,2h.csv
3982,3,3,0,2i.csv
3982,0,0,0,2j.csv
3982,0,0,0,2k.csv
3982,0,0,0,2l.csv
3982,9,7,2,3a.csv
3982,15,13,2,3b.csv
3982,2,2,0,3c.csv
3982,2,2,0,3d.csv
3982,0,0,0,3e.csv
3982,0,0,0,3f.csv
3982,4,3,1,3g.csv
3983,8,8,0,1a.csv
3983,1,1,0,1b.csv
3983,2,1,1,1c.csv
3983,0,0,0,1e.csv
3983,1,1,0,1f.csv
3983,1,0,1,1g.csv
3983,0,0,0,1h.csv
3983,0,0,0,1i.csv
3983,0,0,0,1j.csv
3983,0,0,0,1k.csv
3983,1,1,0,1l.csv
3983,1,1,0,1m.csv
3983,2,2,0,2a.csv
3983,2,1,1,2b.csv
3983,0,0,0,2c.csv
3983,0,0,0,2d.csv
3983,0,0,0,2e.csv
3983,0,0,0,2f.csv
3983,0,0,0,2g.csv
3983,0,0,0,2h.csv
3983,4,4,0,2i.csv
3983,0,0,0,2j.csv
3983,0,0,0,2k.csv
3983,0,0,0,2l.csv
3983,10,8,2,3a.csv
3983,14,13,1,3b.csv
3983,2,2,0,3c.csv
3983,2,2,0,3d.csv
3983,0,0,0,3e.csv
3983,0,0,0,3f.csv
3983,3,2,1,3g.csv
3984,9,9,0,1a.csv
3984,1,1,0,1b.csv
3984,1,0,1,1c.csv
3984,0,0,0,1e.csv
3984,0,0,0,1f.csv
3984,1,0,1,1g.csv
3984,0,0,0,1h.csv
3984,0,0,0,1i.csv
3984,0,0,0,1j.csv
3984,0,0,0,1k.csv
3984,1,1,0,1l.csv
3984,1,1,0,1m.csv
3984,2,2,0,2a.csv
3984,2,1,1,2b.csv
3984,0,0,0,2c.csv
3984,0,0,0,2d.csv
3984,0,0,0,2e.csv
3984,0,0,0,2f.csv
3984,0,0,0,2g.csv
3984,0,0,0,2h.csv
3984,4,4,0,2i.csv
3984,0,0,0,2j.csv
3984,0,0,0,2k.csv
3984,0,0,0,2l.csv
3984,12,10,2,3a.csv
3984,13,13,0,3b.csv
3984,2,2,0,3c.csv
3984,2,2,0,3d.csv
3984,0,0,0,3e.csv
3984,0,0,0,3f.csv
3984,3,2,1,3g.csv
3985,8,8,0,1a.csv
3985,1,1,0,1b.csv
3985,1,0,1,1c.csv
3985,0,0,0,1e.csv
3985,0,0,0,1f.csv
3985,1,0,1,1g.csv
3985,0,0,0,1h.csv
3985,0,0,0,1i.csv
3985,1,1,0,1j.csv
3985,0,0,0,1k.csv
3985,1,1,0,1l.csv
3985,0,0,0,1m.csv
3985,2,2,0,2a.csv
3985,2,1,1,2b.csv
3985,0,0,0,2c.csv
3985,0,0,0,2d.csv
3985,0,0,0,2e.csv
3985,0,0,0,2f.csv
3985,0,0,0,2g.csv
3985,0,0,0,2h.csv
3985,4,4,0,2i.csv
3985,0,0,0,2j.csv
3985,0,0,0,2k.csv
3985,0,0,0,2l.csv
3985,12,10,2,3a.csv
3985,7,7,0,3b.csv
3985,1,1,0,3c.csv
3985,1,1,0,3d.csv
3985,0,0,0,3e.csv
3985,0,0,0,3f.csv
3985,3,1,2,3g.csv
3986,8,8,0,1a.csv
3986,1,1,0,1b.csv
3986,1,0,1,1c.csv
3986,0,0,0,1e.csv
3986,0,0,0,1f.csv
3986,1,0,1,1g.csv
3986,0,0,0,1h.csv
3986,0,0,0,1i.csv
3986,1,1,0,1j.csv
3986,0,0,0,1k.csv
3986,1,1,0,1l.csv
3986,0,0,0,1m.csv
3986,2,2,0,2a.csv
3986,3,2,1,2b.csv
3986,0,0,0,2c.csv
3986,0,0,0,2d.csv
3986,0,0,0,2e.csv
3986,0,0,0,2f.csv
3986,0,0,0,2g.csv
3986,0,0,0,2h.csv
3986,3,3,0,2i.csv
3986,0,0,0,2j.csv
3986,0,0,0,2k.csv
3986,0,0,0,2l.csv
3986,11,9,2,3a.csv
3986,7,7,0,3b.csv
3986,0,0,0,3c.csv
3986,0,0,0,3d.csv
3986,0,0,0,3e.csv
3986,0,0,0,3f.csv
3986,2,0,2,3g.csv
3987,7,7,0,1a.csv
3987,1,1,0,1b.csv
3987,1,0,1,1c.csv
3987,0,0,0,1e.csv
3987,0,0,0,1f.csv
3987,1,0,1,1g.csv
3987,0,0,0,1h.csv
3987,0,0,0,1i.csv
3987,1,1,0,1j.csv
3987,0,0,0,1k.csv
3987,1,1,0,1l.csv
3987,0,0,0,1m.csv
3987,2,2,0,2a.csv
3987,3,2,1,2b.csv
3987,0,0,0,2c.csv
3987,0,0,0,2d.csv
3987,0,0,0,2e.csv
3987,0,0,0,2f.csv
3987,0,0,0,2g.csv
3987,0,0,0,2h.csv
3987,3,3,0,2i.csv
3987,0,0,0,2j.csv
3987,0,0,0,2k.csv
3987,0,0,0,2l.csv
3987,9,7,2,3a.csv
3987,6,6,0,3b.csv
3987,0,0,0,3c.csv
3987,0,0,0,3d.csv
3987,0,0,0,3e.csv
3987,0,0,0,3f.csv
3987,2,0,2,3g.csv
3988,6,6,0,1a.csv
3988,1,1,0,1b.csv
3988,0,0,0,1c.csv
3988,0,0,0,1e.csv
3988,0,0,0,1f.csv
3988,0,0,0,1g.csv
3988,0,0,0,1h.csv
3988,1,1,0,1i.csv
3988,1,1,0,1j.csv
3988,0,0,0,1k.csv
3988,0,0,0,1l.csv
3988,0,0,0,1m.csv
3988,2,2,0,2a.csv
3988,2,2,0,2b.csv
3988,0,0,0,2c.csv
3988,0,0,0,2d.csv
3988,0,0,0,2e.csv
3988,0,0,0,2f.csv
3988,0,0,0,2g.csv
3988,0,0,0,2h.csv
3988,2,2,0,2i.csv
3988,0,0,0,2j.csv
3988,0,0,0,2k.csv
3988,0,0,0,2l.csv
3988,11,8,3,3a.csv
3988,3,3,0,3b.csv
3988,1,1,0,3c.csv
3988,1,1,0,3d.csv
3988,0,0,0,3e.csv
3988,0,0,0,3f.csv
3988,3,0,3,3g.csv
3989,7,7,0,1a.csv
3989,1,1,0,1b.csv
3989,0,0,0,1c.csv
3989,0,0,0,1e.csv
3989,0,0,0,1f.csv
3989,0,0,0,1g.csv
3989,0,0,0,1h.csv
3989,1,1,0,1i.csv
3989,1,1,0,1j.csv
3989,0,0,0,1k.csv
3989,0,0,0,1l.csv
3989,0,0,0,1m.csv
3989,1,1,0,2a.csv
3989,1,1,0,2b.csv
3989,0,0,0,2c.csv
3989,0,0,0,2d.csv
3989,0,0,0,2e.csv
3989,0,0,0,2f.csv
3989,0,0,0,2g.csv
3989,0,0,0,2h.csv
3989,2,2,0,2i.csv
3989,0,0,0,2j.csv
3989,0,0,0,2k.csv
3989,0,0,0,2l.csv
3989,11,8,3,3a.csv
3989,3,3,0,3b.csv
3989,2,2,0,3c.csv
3989,2,2,0,3d.csv
3989,0,0,0,3e.csv
3989,0,0,0,3f.csv
3989,2,0,2,3g.csv
3990,9,9,0,1a.csv
3990,1,1,0,1b.csv
3990,0,0,0,1c.csv
3990,0,0,0,1e.csv
3990,0,0,0,1f.csv
3990,0,0,0,1g.csv
3990,0,0,0,1h.csv
3990,1,1,0,1i.csv
3990,2,2,0,1j.csv
3990,0,0,0,1k.csv
3990,0,0,0,1l.csv
3990,0,0,0,1m.csv
3990,0,0,0,2a.csv
3990,1,1,0,2b.csv
3990,0,0,0,2c.csv
3990,0,0,0,2d.csv
3990,0,0,0,2e.csv
3990,0,0,0,2f.csv
3990,0,0,0,2g.csv
3990,0,0,0,2h.csv
3990,2,2,0,2i.csv
3990,0,0,0,2j.csv
3990,0,0,0,2k.csv
3990,0,0,0,2l.csv
3990,10,8,2,3a.csv
3990,2,2,0,3b.csv
3990,2,2,0,3c.csv
3990,2,2,0,3d.csv
3990,0,0,0,3e.csv
3990,0,0,0,3f.csv
3990,2,0,2,3g.csv
3991,8,8,0,1a.csv
3991,1,1,0,1b.csv
3991,0,0,0,1c.csv
3991,0,0,0,1e.csv
3991,0,0,0,1f.csv
3991,0,0,0,1g.csv
3991,0,0,0,1h.csv
3991,1,1,0,1i.csv
3991,2,2,0,1j.csv
3991,0,0,0,1k.csv
3991,0,0,0,1l.csv
3991,0,0,0,1m.csv
3991,0,0,0,2a.csv
3991,1,1,0,2b.csv
3991,0,0,0,2c.csv
3991,0,0,0,2d.csv
3991,0,0,0,2e.csv
3991,0,0,0,2f.csv
3991,0,0,0,2g.csv
3991,0,0,0,2h.csv
3991,1,1,0,2i.csv
3991,0,0,0,2j.csv
3991,0,0,0,2k.csv
3991,0,0,0,2l.csv
3991,8,6,2,3a.csv
3991,3,3,0,3b.csv
3991,3,3,0,3c.csv
3991,3,3,0,3d.csv
3991,0,0,0,3e.csv
3991,0,0,0,3f.csv
3991,2,0,2,3g.csv
3992,7,7,0,1a.csv
3992,2,2,0,1b.csv
3992,0,0,0,1c.csv
3992,0,0,0,1e.csv
3992,0,0,0,1f.csv
3992,0,0,0,1g.csv
3992,0,0,0,1h.csv
3992,1,1,0,1i.csv
3992,2,2,0,1j.csv
3992,0,0,0,1k.csv
3992,0,0,0,1l.csv
3992,0,0,0,1m.csv
3992,0,0,0,2a.csv
3992,1,1,0,2b.csv
3992,0,0,0,2c.csv
3992,0,0,0,2d.csv
3992,0,0,0,2e.csv
3992,0,0,0,2f.csv
3992,0,0,0,2g.csv
3992,0,0,0,2h.csv
3992,0,0,0,2i.csv
3992,0,0,0,2j.csv
3992,0,0,0,2k.csv
3992,0,0,0,2l.csv
3992,9,6,3,3a.csv
3992,3,3,0,3b.csv
3992,3,3,0,3c.csv
3992,3,3,0,3d.csv
3992,0,0,0,3e.csv
3992,0,0,0,3f.csv
3992,4,1,3,3g.csv
3993,6,6,0,1a.csv
3993,2,2,0,1b.csv
3993,1,1,0,1c.csv
3993,0,0,0,1e.csv
3993,0,0,0,1f.csv
3993,0,0,0,1g.csv
3993,0,0,0,1h.csv
3993,1,1,0,1i.csv
3993,1,1,0,1j.csv
3993,0,0,0,1k.csv
3993,0,0,0,1l.csv
3993,0,0,0,1m.csv
3993,0,0,0,2a.csv
3993,1,1,0,2b.csv
3993,0,0,0,2c.csv
3993,0,0,0,2d.csv
3993,0,0,0,2e.csv
3993,0,0,0,2f.csv
3993,0,0,0,2g.csv
3993,0,0,0,2h.csv
3993,0,0,0,2i.csv
3993,0,0,0,2j.csv
3993,0,0,0,2k.csv
3993,0,0,0,2l.csv
3993,9,6,3,3a.csv
3993,4,4,0,3b.csv
3993,4,4,0,3c.csv
3993,4,4,0,3d.csv
3993,0,0,0,3e.csv
3993,0,0,0,3f.csv
3993,3,1,2,3g.csv
3994,5,5,0,1a.csv
3994,2,2,0,1b.csv
3994,1,1,0,1c.csv
3994,0,0,0,1e.csv
3994,0,0,0,1f.csv
3994,0,0,0,1g.csv
3994,0,0,0,1h.csv
3994,1,1,0,1i.csv
3994,1,1,0,1j.csv
3994,0,0,0,1k.csv
3994,0,0,0,1l.csv
3994,0,0,0,1m.csv
3994,0,0,0,2a.csv
3994,0,0,0,2b.csv
3994,0,0,0,2c.csv
3994,0,0,0,2d.csv
3994,0,0,0,2e.csv
3994,0,0,0,2f.csv
3994,0,0,0,2g.csv
3994,0,0,0,2h.csv
3994,0,0,0,2i.csv
3994,0,0,0,2j.csv
3994,0,0,0,2k.csv
3994,0,0,0,2l.csv
3994,9,5,4,3a.csv
3994,5,5,0,3b.csv
3994,4,4,0,3c.csv
3994,4,4,0,3d.csv
3994,0,0,0,3e.csv
3994,0,0,0,3f.csv
3994,6,4,2,3g.csv
3995,4,4,0,1a.csv
3995,1,1,0,1b.csv
3995,1,1,0,1c.csv
3995,0,0,0,1e.csv
3995,0,0,0,1f.csv
3995,0,0,0,1g.csv
3995,0,0,0,1h.csv
3995,2,2,0,1i.csv
3995,1,1,0,1j.csv
3995,0,0,0,1k.csv
3995,0,0,0,1l.csv
3995,0,0,0,1m.csv
3995,0,0,0,2a.csv
3995,0,0,0,2b.csv
3995,0,0,0,2c.csv
3995,0,0,0,2d.csv
3995,0,0,0,2e.csv
3995,0,0,0,2f.csv
3995,0,0,0,2g.csv
3995,0,0,0,2h.csv
3995,0,0,0,2i.csv
3995,0,0,0,2j.csv
3995,0,0,0,2k.csv
3995,0,0,0,2l.csv
3995,9,5,4,3a.csv
3995,3,3,0,3b.csv
3995,4,4,0,3c.csv
3995,4,4,0,3d.csv
3995,0,0,0,3e.csv
3995,0,0,0,3f.csv
3995,9,5,4,3g.csv
3996,4,4,0,1a.csv
3996,1,1,0,1b.csv
3996,1,1,0,1c.csv
3996,0,0,0,1e.csv
3996,0,0,0,1f.csv
3996,0,0,0,1g.csv
3996,0,0,0,1h.csv
3996,1,1,0,1i.csv
3996,1,1,0,1j.csv
3996,1,1,0,1k.csv
3996,0,0,0,1l.csv
3996,0,0,0,1m.csv
3996,0,0,0,2a.csv
3996,0,0,0,2b.csv
3996,0,0,0,2c.csv
3996,0,0,0,2d.csv
3996,0,0,0,2e.csv
3996,0,0,0,2f.csv
3996,0,0,0,2g.csv
3996,0,0,0,2h.csv
3996,0,0,0,2i.csv
3996,0,0,0,2j.csv
3996,0,0,0,2k.csv
3996,0,0,0,2l.csv
3996,7,4,3,3a.csv
3996,5,5,0,3b.csv
3996,4,3,1,3c.csv
3996,4,3,1,3d.csv
3996,0,0,0,3e.csv
3996,0,0,0,3f.csv
3996,8,5,3,3g.csv
3997,3,3,0,1a.csv
3997,2,2,0,1b.csv
3997,1,1,0,1c.csv
3997,0,0,0,1e.csv
3997,1,0,1,1f.csv
3997,0,0,0,1g.csv
3997,0,0,0,1h.csv
3997,1,1,0,1i.csv
3997,1,1,0,1j.csv
3997,1,1,0,1k.csv
3997,0,0,0,1l.csv
3997,0,0,0,1m.csv
3997,0,0,0,2a.csv
3997,0,0,0,2b.csv
3997,0,0,0,2c.csv
3997,0,0,0,2d.csv
3997,0,0,0,2e.csv
3997,0,0,0,2f.csv
3997,0,0,0,2g.csv
3997,0,0,0,2h.csv
3997,0,0,0,2i.csv
3997,0,0,0,2j.csv
3997,0,0,0,2k.csv
3997,0,0,0,2l.csv
3997,6,4,2,3a.csv
3997,7,6,1,3b.csv
3997,4,3,1,3c.csv
3997,4,3,1,3d.csv
3997,0,0,0,3e.csv
3997,0,0,0,3f.csv
3997,10,7,3,3g.csv
3998,3,3,0,1a.csv
3998,2,2,0,1b.csv
3998,1,1,0,1c.csv
3998,0,0,0,1e.csv
3998,1,0,1,1f.csv
3998,0,0,0,1g.csv
3998,0,0,0,1h.csv
3998,1,1,0,1i.csv
3998,0,0,0,1j.csv
3998,1,1,0,1k.csv
3998,0,0,0,1l.csv
3998,0,0,0,1m.csv
3998,0,0,0,2a.csv
3998,0,0,0,2b.csv
3998,1,0,1,2c.csv
3998,0,0,0,2d.csv
3998,0,0,0,2e.csv
3998,0,0,0,2f.csv
3998,0,0,0,2g.csv
3998,0,0,0,2h.csv
3998,0,0,0,2i.csv
3998,0,0,0,2j.csv
3998,0,0,0,2k.csv
3998,0,0,0,2l.csv
3998,6,4,2,3a.csv
3998,7,6,1,3b.csv
3998,4,3,1,3c.csv
3998,4,3,1,3d.csv
3998,0,0,0,3e.csv
3998,0,0,0,3f.csv
3998,10,7,3,3g.csv
3999,3,3,0,1a.csv
3999,2,2,0,1b.csv
3999,1,1,0,1c.csv
3999,0,0,0,1e.csv
3999,1,0,1,1f.csv
3999,0,0,0,1g.csv
3999,0,0,0,1h.csv
3999,1,1,0,1i.csv
3999,0,0,0,1j.csv
3999,1,1,0,1k.csv
3999,0,0,0,1l.csv
3999,0,0,0,1m.csv
3999,0,0,0,2a.csv
3999,0,0,0,2b.csv
3999,1,0,1,2c.csv
3999,0,0,0,2d.csv
3999,0,0,0,2e.csv
3999,0,0,0,2f.csv
3999,0,0,0,2g.csv
3999,0,0,0,2h.csv
3999,0,0,0,2i.csv
3999,0,0,0,2j.csv
3999,0,0,0,2k.csv
3999,1,0,1,2l.csv
3999,6,4,2,3a.csv
3999,6,5,1,3b.csv
3999,3,2,1,3c.csv
3999,3,2,1,3d.csv
3999,0,0,0,3e.csv
3999,0,0,0,3f.csv
3999,11,7,4,3g.csv
4000,3,3,0,1a.csv
4000,1,1,0,1b.csv
4000,1,1,0,1c.csv
4000,0,0,0,1e.csv
4000,1,0,1,1f.csv
4000,0,0,0,1g.csv
4000,0,0,0,1h.csv
4000,1,1,0,1i.csv
4000,0,0,0,1j.csv
4000,1,1,0,1k.csv
4000,0,0,0,1l.csv
4000,0,0,0,1m.csv
4000,0,0,0,2a.csv
4000,0,0,0,2b.csv
4000,1,0,1,2c.csv
4000,0,0,0,2d.csv
4000,0,0,0,2e.csv
4000,0,0,0,2f.csv
4000,0,0,0,2g.csv
4000,0,0,0,2h.csv
4000,0,0,0,2i.csv
4000,0,0,0,2j.csv
4000,0,0,0,2k.csv
4000,1,0,1,2l.csv
4000,3,2,1,3a.csv
4000,6,5,1,3b.csv
4000,3,2,1,3c.csv
4000,3,2,1,3d.csv
4000,0,0,0,3e.csv
4000,0,0,0,3f.csv
4000,9,6,3,3g.csv
4001,3,3,0,1a.csv
4001,1,1,0,1b.csv
4001,0,0,0,1c.csv
4001,0,0,0,1e.csv
4001,1,0,1,1f.csv
4001,0,0,0,1g.csv
4001,0,0,0,1h.csv
4001,1,1,0,1i.csv
4001,0,0,0,1j.csv
4001,1,1,0,1k.csv
4001,0,0,0,1l.csv
4001,0,0,0,1m.csv
4001,0,0,0,2a.csv
4001,0,0,0,2b.csv
4001,1,0,1,2c.csv
4001,0,0,0,2d.csv
4001,0,0,0,2e.csv
4001,0,0,0,2f.csv
4001,0,0,0,2g.csv
4001,1,1,0,2h.csv
4001,1,1,0,2i.csv
4001,0,0,0,2j.csv
4001,0,0,0,2k.csv
4001,2,1,1,2l.csv
4001,4,2,2,3a.csv
4001,5,4,1,3b.csv
4001,2,1,1,3c.csv
4001,2,1,1,3d.csv
4001,0,0,0,3e.csv
4001,0,0,0,3f.csv
4001,9,6,3,3g.csv
4002,3,3,0,1a.csv
4002,2,2,0,1b.csv
4002,0,0,0,1c.csv
4002,0,0,0,1e.csv
4002,1,0,1,1f.csv
4002,0,0,0,1g.csv
4002,0,0,0,1h.csv
4002,2,2,0,1i.csv
4002,0,0,0,1j.csv
4002,1,1,0,1k.csv
4002,0,0,0,1l.csv
4002,0,0,0,1m.csv
4002,0,0,0,2a.csv
4002,0,0,0,2b.csv
4002,1,0,1,2c.csv
4002,0,0,0,2d.csv
4002,0,0,0,2e.csv
4002,0,0,0,2f.csv
4002,0,0,0,2g.csv
4002,1,1,0,2h.csv
4002,1,1,0,2i.csv
4002,0,0,0,2j.csv
4002,0,0,0,2k.csv
4002,3,2,1,2l.csv
4002,3,2,1,3a.csv
4002,5,4,1,3b.csv
4002,2,1,1,3c.csv
4002,2,1,1,3d.csv
4002,0,0,0,3e.csv
4002,0,0,0,3f.csv
4002,6,3,3,3g.csv
4003,3,3,0,1a.csv
4003,2,2,0,1b.csv
4003,0,0,0,1c.csv
4003,0,0,0,1e.csv
4003,1,0,1,1f.csv
4003,0,0,0,1g.csv
4003,0,0,0,1h.csv
4003,1,1,0,1i.csv
4003,0,0,0,1j.csv
4003,1,1,0,1k.csv
4003,0,0,0,1l.csv
4003,0,0,0,1m.csv
4003,0,0,0,2a.csv
4003,0,0,0,2b.csv
4003,1,0,1,2c.csv
4003,0,0,0,2d.csv
4003,0,0,0,2e.csv
4003,0,0,0,2f.csv
4003,0,0,0,2g.csv
4003,1,1,0,2h.csv
4003,1,1,0,2i.csv
4003,0,0,0,2j.csv
4003,0,0,0,2k.csv
4003,3,2,1,2l.csv
4003,3,2,1,3a.csv
4003,5,4,1,3b.csv
4003,2,1,1,3c.csv
4003,2,1,1,3d.csv
4003,0,0,0,3e.csv
4003,0,0,0,3f.csv
4003,3,2,1,3g.csv
4004,4,3,1,1a.csv
4004,3,3,0,1b.csv
4004,0,0,0,1c.csv
4004,0,0,0,1e.csv
4004,1,0,1,1f.csv
4004,0,0,0,1g.csv
4004,0,0,0,1h.csv
4004,1,1,0,1i.csv
4004,0,0,0,1j.csv
4004,0,0,0,1k.csv
4004,0,0,0,1l.csv
4004,0,0,0,1m.csv
4004,0,0,0,2a.csv
4004,0,0,0,2b.csv
4004,1,0,1,2c.csv
4004,0,0,0,2d.csv
4004,0,0,0,2e.csv
4004,0,0,0,2f.csv
4004,0,0,0,2g.csv
4004,1,1,0,2h.csv
4004,1,1,0,2i.csv
4004,0,0,0,2j.csv
4004,0,0,0,2k.csv
4004,3,2,1,2l.csv
4004,3,2,1,3a.csv
4004,3,2,1,3b.csv
4004,3,3,0,3c.csv
4004,3,3,0,3d.csv
4004,0,0,0,3e.csv
4004,0,0,0,3f.csv
4004,4,2,2,3g.csv
4005,5,4,1,1a.csv
4005,2,2,0,1b.csv
4005,0,0,0,1c.csv
4005,0,0,0,1e.csv
4005,0,0,0,1f.csv
4005,0,0,0,1g.csv
4005,0,0,0,1h.csv
4005,1,1,0,1i.csv
4005,0,0,0,1j.csv
4005,1,1,0,1k.csv
4005,0,0,0,1l.csv
4005,0,0,0,1m.csv
4005,0,0,0,2a.csv
4005,0,0,0,2b.csv
4005,1,0,1,2c.csv
4005,0,0,0,2d.csv
4005,0,0,0,2e.csv
4005,0,0,0,2f.csv
4005,0,0,0,2g.csv
4005,1,1,0,2h.csv
4005,1,1,0,2i.csv
4005,0,0,0,2j.csv
4005,0,0,0,2k.csv
4005,3,2,1,2l.csv
4005,4,3,1,3a.csv
4005,1,1,0,3b.csv
4005,4,4,0,3c.csv
4005,4,4,0,3d.csv
4005,0,0,0,3e.csv
4005,0,0,0,3f.csv
4005,2,0,2,3g.csv
4006,3,2,1,1a.csv
4006,2,2,0,1b.csv
4006,0,0,0,1c.csv
4006,0,0,0,1e.csv
4006,0,0,0,1f.csv
4006,0,0,0,1g.csv
4006,0,0,0,1h.csv
4006,1,1,0,1i.csv
4006,0,0,0,1j.csv
4006,1,1,0,1k.csv
4006,0,0,0,1l.csv
4006,0,0,0,1m.csv
4006,0,0,0,2a.csv
4006,0,0,0,2b.csv
4006,0,0,0,2c.csv
4006,0,0,0,2d.csv
4006,0,0,0,2e.csv
4006,0,0,0,2f.csv
4006,0,0,0,2g.csv
4006,1,1,0,2h.csv
4006,1,1,0,2i.csv
4006,0,0,0,2j.csv
4006,0,0,0,2k.csv
4006,3,2,1,2l.csv
4006,6,5,1,3a.csv
4006,1,1,0,3b.csv
4006,4,4,0,3c.csv
4006,4,4,0,3d.csv
4006,0,0,0,3e.csv
4006,0,0,0,3f.csv
4006,2,0,2,3g.csv
4007,5,4,1,1a.csv
4007,2,2,0,1b.csv
4007,0,0,0,1c.csv
4007,0,0,0,1e.csv
4007,0,0,0,1f.csv
4007,0,0,0,1g.csv
4007,0,0,0,1h.csv
4007,1,1,0,1i.csv
4007,0,0,0,1j.csv
4007,1,1,0,1k.csv
4007,0,0,0,1l.csv
4007,0,0,0,1m.csv
4007,0,0,0,2a.csv
4007,0,0,0,2b.csv
4007,1,0,1,2c.csv
4007,0,0,0,2d.csv
4007,0,0,0,2e.csv
4007,0,0,0,2f.csv
4007,0,0,0,2g.csv
4007,1,1,0,2h.csv
4007,1,1,0,2i.csv
4007,0,0,0,2j.csv
4007,0,0,0,2k.csv
4007,2,2,0,2l.csv
4007,5,4,1,3a.csv
4007,1,1,0,3b.csv
4007,4,4,0,3c.csv
4007,4,4,0,3d.csv
4007,0,0,0,3e.csv
4007,0,0,0,3f.csv
4007,2,1,1,3g.csv
4008,5,4,1,1a.csv
4008,2,2,0,1b.csv
4008,0,0,0,1c.csv
4008,0,0,0,1e.csv
4008,0,0,0,1f.csv
4008,0,0,0,1g.csv
4008,0,0,0,1h.csv
4008,1,1,0,1i.csv
4008,0,0,0,1j.csv
4008,1,1,0,1k.csv
4008,0,0,0,1l.csv
4008,0,0,0,1m.csv
4008,0,0,0,2a.csv
4008,0,0,0,2b.csv
4008,1,0,1,2c.csv
4008,0,0,0,2d.csv
4008,0,0,0,2e.csv
4008,0,0,0,2f.csv
4008,0,0,0,2g.csv
4008,1,1,0,2h.csv
4008,1,1,0,2i.csv
4008,0,0,0,2j.csv
4008,0,0,0,2k.csv
4008,2,2,0,2l.csv
4008,5,4,1,3a.csv
4008,1,1,0,3b.csv
4008,5,5,0,3c.csv
4008,5,5,0,3d.csv
4008,0,0,0,3e.csv
4008,0,0,0,3f.csv
4008,2,1,1,3g.csv
4009,6,5,1,1a.csv
4009,2,2,0,1b.csv
4009,0,0,0,1c.csv
4009,0,0,0,1e.csv
4009,0,0,0,1f.csv
4009,0,0,0,1g.csv
4009,0,0,0,1h.csv
4009,1,1,0,1i.csv
4009,0,0,0,1j.csv
4009,1,1,0,1k.csv
4009,0,0,0,1l.csv
4009,1,1,0,1m.csv
4009,0,0,0,2a.csv
4009,0,0,0,2b.csv
4009,1,0,1,2c.csv
4009,0,0,0,2d.csv
4009,0,0,0,2e.csv
4009,0,0,0,2f.csv
4009,0,0,0,2g.csv
4009,0,0,0,2h.csv
4009,0,0,0,2i.csv
4009,0,0,0,2j.csv
4009,0,0,0,2k.csv
4009,1,1,0,2l.csv
4009,4,4,0,3a.csv
4009,1,1,0,3b.csv
4009,8,8,0,3c.csv
4009,8,8,0,3d.csv
4009,0,0,0,3e.csv
4009,0,0,0,3f.csv
4009,2,1,1,3g.csv
4010,8,7,1,1a.csv
4010,1,1,0,1b.csv
4010,0,0,0,1c.csv
4010,0,0,0,1e.csv
4010,0,0,0,1f.csv
4010,1,1,0,1g.csv
4010,0,0,0,1h.csv
4010,0,0,0,1i.csv
4010,0,0,0,1j.csv
4010,1,1,0,1k.csv
4010,0,0,0,1l.csv
4010,1,1,0,1m.csv
4010,0,0,0,2a.csv
4010,0,0,0,2b.csv
4010,1,0,1,2c.csv
4010,0,0,0,2d.csv
4010,0,0,0,2e.csv
4010,0,0,0,2f.csv
4010,0,0,0,2g.csv
4010,0,0,0,2h.csv
4010,0,0,0,2i.csv
4010,0,0,0,2j.csv
4010,0,0,0,2k.csv
4010,0,0,0,2l.csv
4010,5,5,0,3a.csv
4010,0,0,0,3b.csv
4010,9,9,0,3c.csv
4010,9,9,0,3d.csv
4010,0,0,0,3e.csv
4010,0,0,0,3f.csv
4010,2,1,1,3g.csv
4011,10,8,2,1a.csv
4011,1,1,0,1b.csv
4011,0,0,0,1c.csv
4011,0,0,0,1e.csv
4011,0,0,0,1f.csv
4011,1,1,0,1g.csv
4011,0,0,0,1h.csv
4011,0,0,0,1i.csv
4011,0,0,0,1j.csv
4011,1,1,0,1k.csv
4011,0,0,0,1l.csv
4011,1,1,0,1m.csv
4011,0,0,0,2a.csv
4011,0,0,0,2b.csv
4011,1,0,1,2c.csv
4011,0,0,0,2d.csv
4011,0,0,0,2e.csv
4011,0,0,0,2f.csv
4011,0,0,0,2g.csv
4011,0,0,0,2h.csv
4011,0,0,0,2i.csv
4011,0,0,0,2j.csv
4011,0,0,0,2k.csv
4011,0,0,0,2l.csv
4011,7,7,0,3a.csv
4011,0,0,0,3b.csv
4011,9,9,0,3c.csv
4011,9,9,0,3d.csv
4011,0,0,0,3e.csv
4011,0,0,0,3f.csv
4011,2,1,1,3g.csv
4012,13,12,1,1a.csv
4012,1,1,0,1b.csv
4012,0,0,0,1c.csv
4012,0,0,0,1e.csv
4012,0,0,0,1f.csv
4012,1,1,0,1g.csv
4012,0,0,0,1h.csv
4012,0,0,0,1i.csv
4012,0,0,0,1j.csv
4012,1,1,0,1k.csv
4012,0,0,0,1l.csv
4012,1,1,0,1m.csv
4012,0,0,0,2a.csv
4012,0,0,0,2b.csv
4012,1,0,1,2c.csv
4012,0,0,0,2d.csv
4012,0,0,0,2e.csv
4012,0,0,0,2f.csv
4012,0,0,0,2g.csv
4012,0,0,0,2h.csv
4012,0,0,0,2i.csv
4012,0,0,0,2j.csv
4012,0,0,0,2k.csv
4012,0,0,0,2l.csv
4012,9,9,0,3a.csv
4012,0,0,0,3b.csv
4012,7,7,0,3c.csv
4012,7,7,0,3d.csv
4012,0,0,0,3e.csv
4012,0,0,0,3f.csv
4012,1,1,0,3g.csv
4013,14,12,2,1a.csv
4013,1,1,0,1b.csv
4013,0,0,0,1c.csv
4013,0,0,0,1e.csv
4013,0,0,0,1f.csv
4013,1,1,0,1g.csv
4013,1,0,1,1h.csv
4013,0,0,0,1i.csv
4013,0,0,0,1j.csv
4013,0,0,0,1k.csv
4013,1,0,1,1l.csv
4013,1,1,0,1m.csv
4013,1,1,0,2a.csv
4013,0,0,0,2b.csv
4013,1,0,1,2c.csv
4013,0,0,0,2d.csv
4013,0,0,0,2e.csv
4013,1,1,0,2f.csv
4013,0,0,0,2g.csv
4013,0,0,0,2h.csv
4013,0,0,0,2i.csv
4013,0,0,0,2j.csv
4013,0,0,0,2k.csv
4013,0,0,0,2l.csv
4013,9,9,0,3a.csv
4013,0,0,0,3b.csv
4013,5,5,0,3c.csv
4013,5,5,0,3d.csv
4013,0,0,0,3e.csv
4013,0,0,0,3f.csv
4013,1,1,0,3g.csv
4014,14,12,2,1a.csv
4014,1,1,0,1b.csv
4014,0,0,0,1c.csv
4014,0,0,0,1e.csv
4014,0,0,0,1f.csv
4014,1,1,0,1g.csv
4014,1,0,1,1h.csv
4014,0,0,0,1i.csv
4014,0,0,0,1j.csv
4014,0,0,0,1k.csv
4014,1,0,1,1l.csv
4014,1,1,0,1m.csv
4014,1,1,0,2a.csv
4014,0,0,0,2b.csv
4014,1,0,1,2c.csv
4014,0,0,0,2d.csv
4014,0,0,0,2e.csv
4014,1,1,0,2f.csv
4014,0,0,0,2g.csv
4014,0,0,0,2h.csv
4014,0,0,0,2i.csv
4014,0,0,0,2j.csv
4014,0,0,0,2k.csv
4014,0,0,0,2l.csv
4014,7,7,0,3a.csv
4014,0,0,0,3b.csv
4014,5,5,0,3c.csv
4014,5,5,0,3d.csv
4014,0,0,0,3e.csv
4014,0,0,0,3f.csv
4014,1,1,0,3g.csv
4015,11,9,2,1a.csv
4015,1,1,0,1b.csv
4015,1,0,1,1c.csv
4015,0,0,0,1e.csv
4015,0,0,0,1f.csv
4015,1,1,0,1g.csv
4015,1,0,1,1h.csv
4015,0,0,0,1i.csv
4015,0,0,0,1j.csv
4015,0,0,0,1k.csv
4015,1,0,1,1l.csv
4015,1,1,0,1m.csv
4015,1,1,0,2a.csv
4015,0,0,0,2b.csv
4015,0,0,0,2c.csv
4015,0,0,0,2d.csv
4015,0,0,0,2e.csv
4015,1,1,0,2f.csv
4015,0,0,0,2g.csv
4015,0,0,0,2h.csv
4015,0,0,0,2i.csv
4015,0,0,0,2j.csv
4015,0,0,0,2k.csv
4015,0,0,0,2l.csv
4015,7,7,0,3a.csv
4015,0,0,0,3b.csv
4015,5,5,0,3c.csv
4015,5,5,0,3d.csv
4015,0,0,0,3e.csv
4015,0,0,0,3f.csv
4015,0,0,0,3g.csv
4016,12,9,3,1a.csv
4016,1,1,0,1b.csv
4016,1,0,1,1c.csv
4016,0,0,0,1e.csv
4016,0,0,0,1f.csv
4016,1,1,0,1g.csv
4016,1,0,1,1h.csv
4016,0,0,0,1i.csv
4016,0,0,0,1j.csv
4016,0,0,0,1k.csv
4016,1,0,1,1l.csv
4016,1,1,0,1m.csv
4016,1,1,0,2a.csv
4016,0,0,0,2b.csv
4016,0,0,0,2c.csv
4016,0,0,0,2d.csv
4016,0,0,0,2e.csv
4016,1,1,0,2f.csv
4016,0,0,0,2g.csv
4016,0,0,0,2h.csv
4016,0,0,0,2i.csv
4016,0,0,0,2j.csv
4016,0,0,0,2k.csv
4016,0,0,0,2l.csv
4016,8,8,0,3a.csv
4016,0,0,0,3b.csv
4016,4,4,0,3c.csv
4016,4,4,0,3d.csv
4016,0,0,0,3e.csv
4016,0,0,0,3f.csv
4016,0,0,0,3g.csv
4017,11,8,3,1a.csv
4017,2,2,0,1b.csv
4017,1,0,1,1c.csv
4017,0,0,0,1e.csv
4017,0,0,0,1f.csv
4017,1,1,0,1g.csv
4017,1,0,1,1h.csv
4017,0,0,0,1i.csv
4017,0,0,0,1j.csv
4017,0,0,0,1k.csv
4017,1,0,1,1l.csv
4017,0,0,0,1m.csv
4017,1,1,0,2a.csv
4017,0,0,0,2b.csv
4017,0,0,0,2c.csv
4017,0,0,0,2d.csv
4017,0,0,0,2e.csv
4017,1,1,0,2f.csv
4017,0,0,0,2g.csv
4017,0,0,0,2h.csv
4017,0,0,0,2i.csv
4017,0,0,0,2j.csv
4017,0,0,0,2k.csv
4017,0,0,0,2l.csv
4017,7,7,0,3a.csv
4017,2,1,1,3b.csv
4017,1,1,0,3c.csv
4017,1,1,0,3d.csv
4017,0,0,0,3e.csv
4017,0,0,0,3f.csv
4017,1,1,0,3g.csv
4018,10,7,3,1a.csv
4018,3,3,0,1b.csv
4018,1,0,1,1c.csv
4018,0,0,0,1e.csv
4018,0,0,0,1f.csv
4018,0,0,0,1g.csv
4018,1,0,1,1h.csv
4018,0,0,0,1i.csv
4018,0,0,0,1j.csv
4018,0,0,0,1k.csv
4018,1,0,1,1l.csv
4018,0,0,0,1m.csv
4018,1,1,0,2a.csv
4018,0,0,0,2b.csv
4018,0,0,0,2c.csv
4018,0,0,0,2d.csv
4018,0,0,0,2e.csv
4018,1,1,0,2f.csv
4018,0,0,0,2g.csv
4018,0,0,0,2h.csv
4018,0,0,0,2i.csv
4018,0,0,0,2j.csv
4018,0,0,0,2k.csv
4018,0,0,0,2l.csv
4018,6,6,0,3a.csv
4018,3,1,2,3b.csv
4018,0,0,0,3c.csv
4018,0,0,0,3d.csv
4018,0,0,0,3e.csv
4018,0,0,0,3f.csv
4018,1,1,0,3g.csv
4019,8,6,2,1a.csv
4019,3,3,0,1b.csv
4019,1,0,1,1c.csv
4019,0,0,0,1e.csv
4019,0,0,0,1f.csv
4019,0,0,0,1g.csv
4019,1,0,1,1h.csv
4019,0,0,0,1i.csv
4019,0,0,0,1j.csv
4019,0,0,0,1k.csv
4019,1,0,1,1l.csv
4019,0,0,0,1m.csv
4019,1,1,0,2a.csv
4019,0,0,0,2b.csv
4019,0,0,0,2c.csv
4019,0,0,0,2d.csv
4019,0,0,0,2e.csv
4019,1,1,0,2f.csv
4019,0,0,0,2g.csv
4019,0,0,0,2h.csv
4019,0,0,0,2i.csv
4019,0,0,0,2j.csv
4019,0,0,0,2k.csv
4019,0,0,0,2l.csv
4019,5,5,0,3a.csv
4019,3,1,2,3b.csv
4019,0,0,0,3c.csv
4019,0,0,0,3d.csv
4019,0,0,0,3e.csv
4019,0,0,0,3f.csv
4019,1,1,0,3g.csv
4020,4,2,2,1a.csv
4020,2,2,0,1b.csv
4020,1,0,1,1c.csv
4020,0,0,0,1e.csv
4020,0,0,0,1f.csv
4020,0,0,0,1g.csv
4020,1,0,1,1h.csv
4020,1,1,0,1i.csv
4020,0,0,0,1j.csv
4020,0,0,0,1k.csv
4020,1,0,1,1l.csv
4020,1,1,0,1m.csv
4020,2,1,1,2a.csv
4020,0,0,0,2b.csv
4020,0,0,0,2c.csv
4020,0,0,0,2d.csv
4020,0,0,0,2e.csv
4020,1,1,0,2f.csv
4020,0,0,0,2g.csv
4020,0,0,0,2h.csv
4020,1,1,0,2i.csv
4020,0,0,0,2j.csv
4020,0,0,0,2k.csv
4020,0,0,0,2l.csv
4020,4,3,1,3a.csv
4020,3,1,2,3b.csv
4020,0,0,0,3c.csv
4020,0,0,0,3d.csv
4020,0,0,0,3e.csv
4020,0,0,0,3f.csv
4020,1,1,0,3g.csv
4021,3,2,1,1a.csv
4021,2,2,0,1b.csv
4021,1,0,1,1c.csv
4021,0,0,0,1e.csv
4021,0,0,0,1f.csv
4021,0,0,0,1g.csv
4021,0,0,0,1h.csv
4021,1,1,0,1i.csv
4021,0,0,0,1j.csv
4021,0,0,0,1k.csv
4021,0,0,0,1l.csv
4021,1,1,0,1m.csv
4021,1,0,1,2a.csv
4021,0,0,0,2b.csv
4021,0,0,0,2c.csv
4021,0,0,0,2d.csv
4021,0,0,0,2e.csv
4021,0,0,0,2f.csv
4021,0,0,0,2g.csv
4021,0,0,0,2h.csv
4021,1,1,0,2i.csv
4021,0,0,0,2j.csv
4021,0,0,0,2k.csv
4021,0,0,0,2l.csv
4021,4,3,1,3a.csv
4021,4,2,2,3b.csv
4021,0,0,0,3c.csv
4021,0,0,0,3d.csv
4021,0,0,0,3e.csv
4021,0,0,0,3f.csv
4021,1,1,0,3g.csv
4022,5,4,1,1a.csv
4022,3,3,0,1b.csv
4022,1,0,1,1c.csv
4022,0,0,0,1e.csv
4022,0,0,0,1f.csv
4022,0,0,0,1g.csv
4022,0,0,0,1h.csv
4022,1,1,0,1i.csv
4022,0,0,0,1j.csv
4022,0,0,0,1k.csv
4022,0,0,0,1l.csv
4022,1,1,0,1m.csv
4022,1,0,1,2a.csv
4022,0,0,0,2b.csv
4022,0,0,0,2c.csv
4022,0,0,0,2d.csv
4022,0,0,0,2e.csv
4022,0,0,0,2f.csv
4022,0,0,0,2g.csv
4022,0,0,0,2h.csv
4022,1,1,0,2i.csv
4022,0,0,0,2j.csv
4022,0,0,0,2k.csv
4022,0,0,0,2l.csv
4022,6,5,1,3a.csv
4022,4,2,2,3b.csv
4022,0,0,0,3c.csv
4022,0,0,0,3d.csv
4022,0,0,0,3e.csv
4022,0,0,0,3f.csv
4022,1,1,0,3g.csv
4023,5,4,1,1a.csv
4023,4,4,0,1b.csv
4023,0,0,0,1c.csv
4023,0,0,0,1e.csv
4023,0,0,0,1f.csv
4023,0,0,0,1g.csv
4023,1,0,1,1h.csv
4023,1,1,0,1i.csv
4023,0,0,0,1j.csv
4023,1,1,0,1k.csv
4023,0,0,0,1l.csv
4023,1,1,0,1m.csv
4023,1,0,1,2a.csv
4023,0,0,0,2b.csv
4023,0,0,0,2c.csv
4023,0,0,0,2d.csv
4023,0,0,0,2e.csv
4023,0,0,0,2f.csv
4023,0,0,0,2g.csv
4023,0,0,0,2h.csv
4023,1,1,0,2i.csv
4023,0,0,0,2j.csv
4023,0,0,0,2k.csv
4023,0,0,0,2l.csv
4023,7,6,1,3a.csv
4023,4,2,2,3b.csv
4023,1,1,0,3c.csv
4023,1,1,0,3d.csv
4023,0,0,0,3e.csv
4023,0,0,0,3f.csv
4023,1,1,0,3g.csv
4024,5,5,0,1a.csv
4024,4,4,0,1b.csv
4024,0,0,0,1c.csv
4024,0,0,0,1e.csv
4024,0,0,0,1f.csv
4024,0,0,0,1g.csv
4024,2,1,1,1h.csv
4024,1,1,0,1i.csv
4024,0,0,0,1j.csv
4024,1,1,0,1k.csv
4024,0,0,0,1l.csv
4024,1,1,0,1m.csv
4024,1,0,1,2a.csv
4024,0,0,0,2b.csv
4024,0,0,0,2c.csv
4024,0,0,0,2d.csv
4024,0,0,0,2e.csv
4024,0,0,0,2f.csv
4024,0,0,0,2g.csv
4024,0,0,0,2h.csv
4024,1,1,0,2i.csv
4024,0,0,0,2j.csv
4024,0,0,0,2k.csv
4024,1,0,1,2l.csv
4024,8,7,1,3a.csv
4024,5,3,2,3b.csv
4024,1,1,0,3c.csv
4024,1,1,0,3d.csv
4024,0,0,0,3e.csv
4024,0,0,0,3f.csv
4024,1,1,0,3g.csv
4025,6,6,0,1a.csv
4025,3,3,0,1b.csv
4025,0,0,0,1c.csv
4025,0,0,0,1e.csv
4025,0,0,0,1f.csv
4025,0,0,0,1g.csv
4025,2,1,1,1h.csv
4025,1,1,0,1i.csv
4025,0,0,0,1j.csv
4025,1,1,0,1k.csv
4025,0,0,0,1l.csv
4025,1,1,0,1m.csv
4025,2,1,1,2a.csv
4025,0,0,0,2b.csv
4025,0,0,0,2c.csv
4025,0,0,0,2d.csv
4025,0,0,0,2e.csv
4025,0,0,0,2f.csv
4025,0,0,0,2g.csv
4025,0,0,0,2h.csv
4025,1,1,0,2i.csv
4025,0,0,0,2j.csv
4025,0,0,0,2k.csv
4025,1,0,1,2l.csv
4025,9,8,1,3a.csv
4025,3,2,1,3b.csv
4025,2,2,0,3c.csv
4025,2,2,0,3d.csv
4025,0,0,0,3e.csv
4025,0,0,0,3f.csv
4025,0,0,0,3g.csv
4026,6,6,0,1a.csv
4026,2,2,0,1b.csv
4026,0,0,0,1c.csv
4026,0,0,0,1e.csv
4026,0,0,0,1f.csv
4026,0,0,0,1g.csv
4026,2,1,1,1h.csv
4026,1,1,0,1i.csv
4026,0,0,0,1j.csv
4026,1,1,0,1k.csv
4026,1,1,0,1l.csv
4026,1,1,0,1m.csv
4026,2,1,1,2a.csv
4026,0,0,0,2b.csv
4026,0,0,0,2c.csv
4026,0,0,0,2d.csv
4026,0,0,0,2e.csv
4026,0,0,0,2f.csv
4026,0,0,0,2g.csv
4026,0,0,0,2h.csv
4026,1,1,0,2i.csv
4026,0,0,0,2j.csv
4026,0,0,0,2k.csv
4026,1,0,1,2l.csv
4026,9,8,1,3a.csv
4026,2,2,0,3b.csv
4026,2,2,0,3c.csv
4026,2,2,0,3d.csv
4026,0,0,0,3e.csv
4026,0,0,0,3f.csv
4026,0,0,0,3g.csv
4027,7,7,0,1a.csv
4027,2,2,0,1b.csv
4027,0,0,0,1c.csv
4027,0,0,0,1e.csv
4027,0,0,0,1f.csv
4027,0,0,0,1g.csv
4027,2,1,1,1h.csv
4027,1,1,0,1i.csv
4027,0,0,0,1j.csv
4027,1,1,0,1k.csv
4027,1,1,0,1l.csv
4027,1,1,0,1m.csv
4027,2,1,1,2a.csv
4027,0,0,0,2b.csv
4027,0,0,0,2c.csv
4027,0,0,0,2d.csv
4027,0,0,0,2e.csv
4027,0,0,0,2f.csv
4027,0,0,0,2g.csv
4027,0,0,0,2h.csv
4027,1,1,0,2i.csv
4027,0,0,0,2j.csv
4027,0,0,0,2k.csv
4027,1,0,1,2l.csv
4027,8,7,1,3a.csv
4027,2,2,0,3b.csv
4027,2,2,0,3c.csv
4027,2,2,0,3d.csv
4027,0,0,0,3e.csv
4027,0,0,0,3f.csv
4027,0,0,0,3g.csv
4028,7,7,0,1a.csv
4028,3,2,1,1b.csv
4028,0,0,0,1c.csv
4028,0,0,0,1e.csv
4028,0,0,0,1f.csv
4028,0,0,0,1g.csv
4028,2,1,1,1h.csv
4028,0,0,0,1i.csv
4028,0,0,0,1j.csv
4028,1,1,0,1k.csv
4028,1,1,0,1l.csv
4028,0,0,0,1m.csv
4028,1,1,0,2a.csv
4028,0,0,0,2b.csv
4028,0,0,0,2c.csv
4028,0,0,0,2d.csv
4028,0,0,0,2e.csv
4028,0,0,0,2f.csv
4028,0,0,0,2g.csv
4028,0,0,0,2h.csv
4028,0,0,0,2i.csv
4028,0,0,0,2j.csv
4028,0,0,0,2k.csv
4028,1,0,1,2l.csv
4028,8,8,0,3a.csv
4028,2,2,0,3b.csv
4028,2,2,0,3c.csv
4028,2,2,0,3d.csv
4028,0,0,0,3e.csv
4028,0,0,0,3f.csv
4028,0,0,0,3g.csv
4029,6,6,0,1a.csv
4029,3,2,1,1b.csv
4029,0,0,0,1c.csv
4029,0,0,0,1e.csv
4029,0,0,0,1f.csv
4029,0,0,0,1g.csv
4029,2,1,1,1h.csv
4029,0,0,0,1i.csv
4029,0,0,0,1j.csv
4029,1,1,0,1k.csv
4029,1,1,0,1l.csv
4029,0,0,0,1m.csv
4029,1,1,0,2a.csv
4029,0,0,0,2b.csv
4029,0,0,0,2c.csv
4029,0,0,0,2d.csv
4029,0,0,0,2e.csv
4029,0,0,0,2f.csv
4029,0,0,0,2g.csv
4029,0,0,0,2h.csv
4029,0,0,0,2i.csv
4029,0,0,0,2j.csv
4029,0,0,0,2k.csv
4029,1,0,1,2l.csv
4029,7,7,0,3a.csv
4029,1,1,0,3b.csv
4029,3,3,0,3c.csv
4029,3,3,0,3d.csv
4029,0,0,0,3e.csv
4029,0,0,0,3f.csv
4029,0,0,0,3g.csv
4030,5,5,0,1a.csv
4030,2,1,1,1b.csv
4030,0,0,0,1c.csv
4030,0,0,0,1e.csv
4030,0,0,0,1f.csv
4030,0,0,0,1g.csv
4030,2,1,1,1h.csv
4030,0,0,0,1i.csv
4030,0,0,0,1j.csv
4030,2,2,0,1k.csv
4030,1,1,0,1l.csv
4030,1,1,0,1m.csv
4030,1,1,0,2a.csv
4030,0,0,0,2b.csv
4030,0,0,0,2c.csv
4030,0,0,0,2d.csv
4030,0,0,0,2e.csv
4030,0,0,0,2f.csv
4030,0,0,0,2g.csv
4030,0,0,0,2h.csv
4030,0,0,0,2i.csv
4030,0,0,0,2j.csv
4030,0,0,0,2k.csv
4030,1,0,1,2l.csv
4030,6,6,0,3a.csv
4030,2,2,0,3b.csv
4030,3,3,0,3c.csv
4030,3,3,0,3d.csv
4030,0,0,0,3e.csv
4030,0,0,0,3f.csv
4030,0,0,0,3g.csv
4031,5,5,0,1a.csv
4031,2,1,1,1b.csv
4031,0,0,0,1c.csv
4031,0,0,0,1e.csv
4031,0,0,0,1f.csv
4031,0,0,0,1g.csv
4031,1,1,0,1h.csv
4031,0,0,0,1i.csv
4031,0,0,0,1j.csv
4031,1,1,0,1k.csv
4031,1,1,0,1l.csv
4031,1,1,0,1m.csv
4031,1,1,0,2a.csv
4031,0,0,0,2b.csv
4031,0,0,0,2c.csv
4031,0,0,0,2d.csv
4031,0,0,0,2e.csv
4031,0,0,0,2f.csv
4031,0,0,0,2g.csv
4031,0,0,0,2h.csv
4031,0,0,0,2i.csv
4031,0,0,0,2j.csv
4031,0,0,0,2k.csv
4031,1,0,1,2l.csv
4031,6,6,0,3a.csv
4031,2,2,0,3b.csv
4031,3,3,0,3c.csv
4031,3,3,0,3d.csv
4031,0,0,0,3e.csv
4031,0,0,0,3f.csv
4031,0,0,0,3g.csv
4032,5,5,0,1a.csv
4032,2,1,1,1b.csv
4032,0,0,0,1c.csv
4032,0,0,0,1e.csv
4032,0,0,0,1f.csv
4032,0,0,0,1g.csv
4032,0,0,0,1h.csv
4032,0,0,0,1i.csv
4032,0,0,0,1j.csv
4032,1,1,0,1k.csv
4032,1,1,0,1l.csv
4032,1,1,0,1m.csv
4032,1,1,0,2a.csv
4032,0,0,0,2b.csv
4032,0,0,0,2c.csv
4032,0,0,0,2d.csv
4032,0,0,0,2e.csv
4032,0,0,0,2f.csv
4032,0,0,0,2g.csv
4032,0,0,0,2h.csv
4032,0,0,0,2i.csv
4032,0,0,0,2j.csv
4032,0,0,0,2k.csv
4032,0,0,0,2l.csv
4032,4,4,0,3a.csv
4032,1,1,0,3b.csv
4032,3,3,0,3c.csv
4032,3,3,0,3d.csv
4032,0,0,0,3e.csv
4032,0,0,0,3f.csv
4032,0,0,0,3g.csv
4033,5,5,0,1a.csv
4033,2,1,1,1b.csv
4033,0,0,0,1c.csv
4033,0,0,0,1e.csv
4033,0,0,0,1f.csv
4033,0,0,0,1g.csv
4033,0,0,0,1h.csv
4033,0,0,0,1i.csv
4033,0,0,0,1j.csv
4033,1,1,0,1k.csv
4033,1,1,0,1l.csv
4033,1,1,0,1m.csv
4033,0,0,0,2a.csv
4033,0,0,0,2b.csv
4033,0,0,0,2c.csv
4033,0,0,0,2d.csv
4033,0,0,0,2e.csv
4033,0,0,0,2f.csv
4033,0,0,0,2g.csv
4033,0,0,0,2h.csv
4033,0,0,0,2i.csv
4033,0,0,0,2j.csv
4033,0,0,0,2k.csv
4033,0,0,0,2l.csv
4033,3,3,0,3a.csv
4033,1,1,0,3b.csv
4033,2,2,0,3c.csv
4033,2,2,0,3d.csv
4033,0,0,0,3e.csv
4033,0,0,0,3f.csv
4033,0,0,0,3g.csv
4034,4,4,0,1a.csv
4034,2,1,1,1b.csv
4034,0,0,0,1c.csv
4034,0,0,0,1e.csv
4034,0,0,0,1f.csv
4034,0,0,0,1g.csv
4034,0,0,0,1h.csv
4034,0,0,0,1i.csv
4034,0,0,0,1j.csv
4034,1,1,0,1k.csv
4034,0,0,0,1l.csv
4034,1,1,0,1m.csv
4034,1,0,1,2a.csv
4034,0,0,0,2b.csv
4034,0,0,0,2c.csv
4034,0,0,0,2d.csv
4034,0,0,0,2e.csv
4034,0,0,0,2f.csv
4034,0,0,0,2g.csv
4034,0,0,0,2h.csv
4034,0,0,0,2i.csv
4034,0,0,0,2j.csv
4034,0,0,0,2k.csv
4034,0,0,0,2l.csv
4034,3,3,0,3a.csv
4034,1,1,0,3b.csv
4034,2,2,0,3c.csv
4034,2,2,0,3d.csv
4034,0,0,0,3e.csv
4034,0,0,0,3f.csv
4034,0,0,0,3g.csv
4035,3,3,0,1a.csv
4035,2,1,1,1b.csv
4035,0,0,0,1c.csv
4035,0,0,0,1e.csv
4035,0,0,0,1f.csv
4035,0,0,0,1g.csv
4035,0,0,0,1h.csv
4035,0,0,0,1i.csv
4035,0,0,0,1j.csv
4035,1,1,0,1k.csv
4035,0,0,0,1l.csv
4035,2,2,0,1m.csv
4035,1,0,1,2a.csv
4035,0,0,0,2b.csv
4035,0,0,0,2c.csv
4035,0,0,0,2d.csv
4035,0,0,0,2e.csv
4035,0,0,0,2f.csv
4035,0,0,0,2g.csv
4035,0,0,0,2h.csv
4035,0,0,0,2i.csv
4035,1,1,0,2j.csv
4035,0,0,0,2k.csv
4035,0,0,0,2l.csv
4035,3,3,0,3a.csv
4035,2,2,0,3b.csv
4035,2,2,0,3c.csv
4035,2,2,0,3d.csv
4035,0,0,0,3e.csv
4035,0,0,0,3f.csv
4035,0,0,0,3g.csv
4036,6,6,0,1a.csv
4036,1,1,0,1b.csv
4036,0,0,0,1c.csv
4036,0,0,0,1e.csv
4036,0,0,0,1f.csv
4036,0,0,0,1g.csv
4036,0,0,0,1h.csv
4036,0,0,0,1i.csv
4036,0,0,0,1j.csv
4036,1,1,0,1k.csv
4036,0,0,0,1l.csv
4036,2,2,0,1m.csv
4036,1,0,1,2a.csv
4036,0,0,0,2b.csv
4036,0,0,0,2c.csv
4036,0,0,0,2d.csv
4036,0,0,0,2e.csv
4036,0,0,0,2f.csv
4036,0,0,0,2g.csv
4036,0,0,0,2h.csv
4036,0,0,0,2i.csv
4036,1,1,0,2j.csv
4036,0,0,0,2k.csv
4036,0,0,0,2l.csv
4036,2,2,0,3a.csv
4036,2,2,0,3b.csv
4036,2,2,0,3c.csv
4036,2,2,0,3d.csv
4036,0,0,0,3e.csv
4036,0,0,0,3f.csv
4036,0,0,0,3g.csv
4037,8,8,0,1a.csv
4037,1,1,0,1b.csv
4037,0,0,0,1c.csv
4037,0,0,0,1e.csv
4037,0,0,0,1f.csv
4037,0,0,0,1g.csv
4037,0,0,0,1h.csv
4037,0,0,0,1i.csv
4037,0,0,0,1j.csv
4037,1,1,0,1k.csv
4037,0,0,0,1l.csv
4037,2,2,0,1m.csv
4037,1,0,1,2a.csv
4037,0,0,0,2b.csv
4037,0,0,0,2c.csv
4037,0,0,0,2d.csv
4037,0,0,0,2e.csv
4037,0,0,0,2f.csv
4037,0,0,0,2g.csv
4037,0,0,0,2h.csv
4037,0,0,0,2i.csv
4037,1,1,0,2j.csv
4037,0,0,0,2k.csv
4037,0,0,0,2l.csv
4037,2,2,0,3a.csv
4037,2,2,0,3b.csv
4037,1,1,0,3c.csv
4037,1,1,0,3d.csv
4037,0,0,0,3e.csv
4037,0,0,0,3f.csv
4037,0,0,0,3g.csv
4038,7,7,0,1a.csv
4038,1,1,0,1b.csv
4038,0,0,0,1c.csv
4038,0,0,0,1e.csv
4038,0,0,0,1f.csv
4038,0,0,0,1g.csv
4038,0,0,0,1h.csv
4038,0,0,0,1i.csv
4038,0,0,0,1j.csv
4038,0,0,0,1k.csv
4038,0,0,0,1l.csv
4038,1,1,0,1m.csv
4038,1,0,1,2a.csv
4038,0,0,0,2b.csv
4038,0,0,0,2c.csv
4038,0,0,0,2d.csv
4038,0,0,0,2e.csv
4038,0,0,0,2f.csv
4038,0,0,0,2g.csv
4038,0,0,0,2h.csv
4038,0,0,0,2i.csv
4038,1,1,0,2j.csv
4038,0,0,0,2k.csv
4038,0,0,0,2l.csv
4038,1,1,0,3a.csv
4038,1,1,0,3b.csv
4038,1,1,0,3c.csv
4038,1,1,0,3d.csv
4038,0,0,0,3e.csv
4038,0,0,0,3f.csv
4038,0,0,0,3g.csv
4039,8,8,0,1a.csv
4039,1,1,0,1b.csv
4039,1,0,1,1c.csv
4039,1,0,1,1e.csv
4039,0,0,0,1f.csv
4039,0,0,0,1g.csv
4039,0,0,0,1h.csv
4039,0,0,0,1i.csv
4039,0,0,0,1j.csv
4039,0,0,0,1k.csv
4039,0,0,0,1l.csv
4039,1,1,0,1m.csv
4039,1,0,1,2a.csv
4039,0,0,0,2b.csv
4039,0,0,0,2c.csv
4039,0,0,0,2d.csv
4039,0,0,0,2e.csv
4039,0,0,0,2f.csv
4039,0,0,0,2g.csv
4039,0,0,0,2h.csv
4039,0,0,0,2i.csv
4039,1,1,0,2j.csv
4039,0,0,0,2k.csv
4039,0,0,0,2l.csv
4039,0,0,0,3a.csv
4039,2,2,0,3b.csv
4039,0,0,0,3c.csv
4039,0,0,0,3d.csv
4039,0,0,0,3e.csv
4039,0,0,0,3f.csv
4039,0,0,0,3g.csv
4040,7,7,0,1a.csv
4040,2,1,1,1b.csv
4040,1,0,1,1c.csv
4040,1,0,1,1e.csv
4040,0,0,0,1f.csv
4040,0,0,0,1g.csv
4040,0,0,0,1h.csv
4040,0,0,0,1i.csv
4040,0,0,0,1j.csv
4040,0,0,0,1k.csv
4040,0,0,0,1l.csv
4040,1,1,0,1m.csv
4040,1,0,1,2a.csv
4040,0,0,0,2b.csv
4040,0,0,0,2c.csv
4040,0,0,0,2d.csv
4040,0,0,0,2e.csv
4040,0,0,0,2f.csv
4040,0,0,0,2g.csv
4040,0,0,0,2h.csv
4040,0,0,0,2i.csv
4040,2,2,0,2j.csv
4040,0,0,0,2k.csv
4040,0,0,0,2l.csv
4040,0,0,0,3a.csv
4040,2,2,0,3b.csv
4040,0,0,0,3c.csv
4040,0,0,0,3d.csv
4040,0,0,0,3e.csv
4040,0,0,0,3f.csv
4040,0,0,0,3g.csv
4041,8,8,0,1a.csv
4041,2,1,1,1b.csv
4041,1,0,1,1c.csv
4041,1,0,1,1e.csv
4041,0,0,0,1f.csv
4041,0,0,0,1g.csv
4041,0,0,0,1h.csv
4041,0,0,0,1i.csv
4041,0,0,0,1j.csv
4041,1,1,0,1k.csv
4041,1,1,0,1l.csv
4041,1,1,0,1m.csv
4041,1,0,1,2a.csv
4041,0,0,0,2b.csv
4041,0,0,0,2c.csv
4041,0,0,0,2d.csv
4041,0,0,0,2e.csv
4041,0,0,0,2f.csv
4041,0,0,0,2g.csv
4041,0,0,0,2h.csv
4041,0,0,0,2i.csv
4041,2,2,0,2j.csv
4041,0,0,0,2k.csv
4041,1,1,0,2l.csv
4041,0,0,0,3a.csv
4041,2,2,0,3b.csv
4041,0,0,0,3c.csv
4041,0,0,0,3d.csv
4041,0,0,0,3e.csv
4041,0,0,0,3f.csv
4041,1,1,0,3g.csv
4042,10,10,0,1a.csv
4042,2,1,1,1b.csv
4042,1,0,1,1c.csv
4042,1,0,1,1e.csv
4042,0,0,0,1f.csv
4042,1,1,0,1g.csv
4042,0,0,0,1h.csv
4042,0,0,0,1i.csv
4042,0,0,0,1j.csv
4042,1,1,0,1k.csv
4042,1,1,0,1l.csv
4042,1,1,0,1m.csv
4042,0,0,0,2a.csv
4042,0,0,0,2b.csv
4042,0,0,0,2c.csv
4042,0,0,0,2d.csv
4042,0,0,0,2e.csv
4042,0,0,0,2f.csv
4042,0,0,0,2g.csv
4042,0,0,0,2h.csv
4042,0,0,0,2i.csv
4042,2,2,0,2j.csv
4042,0,0,0,2k.csv
4042,1,1,0,2l.csv
4042,0,0,0,3a.csv
4042,2,2,0,3b.csv
4042,0,0,0,3c.csv
4042,0,0,0,3d.csv
4042,0,0,0,3e.csv
4042,0,0,0,3f.csv
4042,1,1,0,3g.csv
4043,10,10,0,1a.csv
4043,2,1,1,1b.csv
4043,1,0,1,1c.csv
4043,1,0,1,1e.csv
4043,0,0,0,1f.csv
4043,1,1,0,1g.csv
4043,0,0,0,1h.csv
4043,0,0,0,1i.csv
4043,0,0,0,1j.csv
4043,1,1,0,1k.csv
4043,1,1,0,1l.csv
4043,0,0,0,1m.csv
4043,1,1,0,2a.csv
4043,0,0,0,2b.csv
4043,0,0,0,2c.csv
4043,0,0,0,2d.csv
4043,0,0,0,2e.csv
4043,1,1,0,2f.csv
4043,0,0,0,2g.csv
4043,0,0,0,2h.csv
4043,0,0,0,2i.csv
4043,1,1,0,2j.csv
4043,0,0,0,2k.csv
4043,1,1,0,2l.csv
4043,0,0,0,3a.csv
4043,1,1,0,3b.csv
4043,0,0,0,3c.csv
4043,0,0,0,3d.csv
4043,0,0,0,3e.csv
4043,0,0,0,3f.csv
4043,1,1,0,3g.csv
4044,11,10,1,1a.csv
4044,2,1,1,1b.csv
4044,1,0,1,1c.csv
4044,1,0,1,1e.csv
4044,0,0,0,1f.csv
4044,2,2,0,1g.csv
4044,0,0,0,1h.csv
4044,0,0,0,1i.csv
4044,0,0,0,1j.csv
4044,1,1,0,1k.csv
4044,1,1,0,1l.csv
4044,0,0,0,1m.csv
4044,1,1,0,2a.csv
4044,0,0,0,2b.csv
4044,0,0,0,2c.csv
4044,0,0,0,2d.csv
4044,0,0,0,2e.csv
4044,1,1,0,2f.csv
4044,0,0,0,2g.csv
4044,0,0,0,2h.csv
4044,0,0,0,2i.csv
4044,2,2,0,2j.csv
4044,0,0,0,2k.csv
4044,2,1,1,2l.csv
4044,0,0,0,3a.csv
4044,2,2,0,3b.csv
4044,0,0,0,3c.csv
4044,0,0,0,3d.csv
4044,0,0,0,3e.csv
4044,0,0,0,3f.csv
4044,1,1,0,3g.csv
4045,11,9,2,1a.csv
4045,2,1,1,1b.csv
4045,2,1,1,1c.csv
4045,1,0,1,1e.csv
4045,0,0,0,1f.csv
4045,2,2,0,1g.csv
4045,0,0,0,1h.csv
4045,0,0,0,1i.csv
4045,0,0,0,1j.csv
4045,1,1,0,1k.csv
4045,1,1,0,1l.csv
4045,0,0,0,1m.csv
4045,1,1,0,2a.csv
4045,0,0,0,2b.csv
4045,0,0,0,2c.csv
4045,0,0,0,2d.csv
4045,0,0,0,2e.csv
4045,1,1,0,2f.csv
4045,0,0,0,2g.csv
4045,0,0,0,2h.csv
4045,0,0,0,2i.csv
4045,2,2,0,2j.csv
4045,0,0,0,2k.csv
4045,2,1,1,2l.csv
4045,0,0,0,3a.csv
4045,2,2,0,3b.csv
4045,0,0,0,3c.csv
4045,0,0,0,3d.csv
4045,0,0,0,3e.csv
4045,0,0,0,3f.csv
4045,1,1,0,3g.csv
4046,14,12,2,1a.csv
4046,2,1,1,1b.csv
4046,2,1,1,1c.csv
4046,1,0,1,1e.csv
4046,0,0,0,1f.csv
4046,2,2,0,1g.csv
4046,0,0,0,1h.csv
4046,0,0,0,1i.csv
4046,0,0,0,1j.csv
4046,1,1,0,1k.csv
4046,1,1,0,1l.csv
4046,0,0,0,1m.csv
4046,1,1,0,2a.csv
4046,0,0,0,2b.csv
4046,0,0,0,2c.csv
4046,0,0,0,2d.csv
4046,0,0,0,2e.csv
4046,1,1,0,2f.csv
4046,0,0,0,2g.csv
4046,0,0,0,2h.csv
4046,0,0,0,2i.csv
4046,2,2,0,2j.csv
4046,0,0,0,2k.csv
4046,2,1,1,2l.csv
4046,1,1,0,3a.csv
4046,2,2,0,3b.csv
4046,0,0,0,3c.csv
4046,0,0,0,3d.csv
4046,0,0,0,3e.csv
4046,0,0,0,3f.csv
4046,1,1,0,3g.csv
4047,15,13,2,1a.csv
4047,1,0,1,1b.csv
4047,1,1,0,1c.csv
4047,0,0,0,1e.csv
4047,0,0,0,1f.csv
4047,2,2,0,1g.csv
4047,0,0,0,1h.csv
4047,0,0,0,1i.csv
4047,0,0,0,1j.csv
4047,2,2,0,1k.csv
4047,1,1,0,1l.csv
4047,0,0,0,1m.csv
4047,1,1,0,2a.csv
4047,0,0,0,2b.csv
4047,0,0,0,2c.csv
4047,0,0,0,2d.csv
4047,0,0,0,2e.csv
4047,1,1,0,2f.csv
4047,1,1,0,2g.csv
4047,0,0,0,2h.csv
4047,0,0,0,2i.csv
4047,2,2,0,2j.csv
4047,0,0,0,2k.csv
4047,2,1,1,2l.csv
4047,1,1,0,3a.csv
4047,1,1,0,3b.csv
4047,0,0,0,3c.csv
4047,0,0,0,3d.csv
4047,0,0,0,3e.csv
4047,0,0,0,3f.csv
4047,2,2,0,3g.csv
4048,16,14,2,1a.csv
4048,1,1,0,1b.csv
4048,1,1,0,1c.csv
4048,0,0,0,1e.csv
4048,0,0,0,1f.csv
4048,2,2,0,1g.csv
4048,0,0,0,1h.csv
4048,0,0,0,1i.csv
4048,0,0,0,1j.csv
4048,2,2,0,1k.csv
4048,1,1,0,1l.csv
4048,0,0,0,1m.csv
4048,1,1,0,2a.csv
4048,0,0,0,2b.csv
4048,0,0,0,2c.csv
4048,0,0,0,2d.csv
4048,0,0,0,2e.csv
4048,1,1,0,2f.csv
4048,1,1,0,2g.csv
4048,0,0,0,2h.csv
4048,0,0,0,2i.csv
4048,1,1,0,2j.csv
4048,0,0,0,2k.csv
4048,2,1,1,2l.csv
4048,2,2,0,3a.csv
4048,1,1,0,3b.csv
4048,0,0,0,3c.csv
4048,0,0,0,3d.csv
4048,0,0,0,3e.csv
4048,0,0,0,3f.csv
4048,4,4,0,3g.csv
4049,16,14,2,1a.csv
4049,1,1,0,1b.csv
4049,1,1,0,1c.csv
4049,0,0,0,1e.csv
4049,0,0,0,1f.csv
4049,2,2,0,1g.csv
4049,0,0,0,1h.csv
4049,0,0,0,1i.csv
4049,0,0,0,1j.csv
4049,1,1,0,1k.csv
4049,0,0,0,1l.csv
4049,0,0,0,1m.csv
4049,1,1,0,2a.csv
4049,0,0,0,2b.csv
4049,0,0,0,2c.csv
4049,0,0,0,2d.csv
4049,0,0,0,2e.csv
4049,1,1,0,2f.csv
4049,1,1,0,2g.csv
4049,0,0,0,2h.csv
4049,0,0,0,2i.csv
4049,1,1,0,2j.csv
4049,0,0,0,2k.csv
4049,1,0,1,2l.csv
4049,3,3,0,3a.csv
4049,1,1,0,3b.csv
4049,0,0,0,3c.csv
4049,0,0,0,3d.csv
4049,0,0,0,3e.csv
4049,0,0,0,3f.csv
4049,4,4,0,3g.csv
4050,15,13,2,1a.csv
4050,1,1,0,1b.csv
4050,1,1,0,1c.csv
4050,0,0,0,1e.csv
4050,0,0,0,1f.csv
4050,1,1,0,1g.csv
4050,0,0,0,1h.csv
4050,0,0,0,1i.csv
4050,0,0,0,1j.csv
4050,1,1,0,1k.csv
4050,0,0,0,1l.csv
4050,1,1,0,1m.csv
4050,1,1,0,2a.csv
4050,0,0,0,2b.csv
4050,0,0,0,2c.csv
4050,0,0,0,2d.csv
4050,0,0,0,2e.csv
4050,1,1,0,2f.csv
4050,1,1,0,2g.csv
4050,0,0,0,2h.csv
4050,0,0,0,2i.csv
4050,1,1,0,2j.csv
4050,0,0,0,2k.csv
4050,1,0,1,2l.csv
4050,3,3,0,3a.csv
4050,1,1,0,3b.csv
4050,0,0,0,3c.csv
4050,0,0,0,3d.csv
4050,0,0,0,3e.csv
4050,0,0,0,3f.csv
4050,5,4,1,3g.csv
4051,19,16,3,1a.csv
4051,1,1,0,1b.csv
4051,1,1,0,1c.csv
4051,0,0,0,1e.csv
4051,0,0,0,1f.csv
4051,1,1,0,1g.csv
4051,0,0,0,1h.csv
4051,0,0,0,1i.csv
4051,1,1,0,1j.csv
4051,1,1,0,1k.csv
4051,0,0,0,1l.csv
4051,1,1,0,1m.csv
4051,0,0,0,2a.csv
4051,0,0,0,2b.csv
4051,0,0,0,2c.csv
4051,0,0,0,2d.csv
4051,0,0,0,2e.csv
4051,0,0,0,2f.csv
4051,1,1,0,2g.csv
4051,0,0,0,2h.csv
4051,0,0,0,2i.csv
4051,1,1,0,2j.csv
4051,0,0,0,2k.csv
4051,1,0,1,2l.csv
4051,3,3,0,3a.csv
4051,2,2,0,3b.csv
4051,0,0,0,3c.csv
4051,0,0,0,3d.csv
4051,0,0,0,3e.csv
4051,0,0,0,3f.csv
4051,5,4,1,3g.csv
4052,15,13,2,1a.csv
4052,1,1,0,1b.csv
4052,1,1,0,1c.csv
4052,0,0,0,1e.csv
4052,0,0,0,1f.csv
4052,0,0,0,1g.csv
4052,1,1,0,1h.csv
4052,0,0,0,1i.csv
4052,1,1,0,1j.csv
4052,1,1,0,1k.csv
4052,0,0,0,1l.csv
4052,1,1,0,1m.csv
4052,0,0,0,2a.csv
4052,0,0,0,2b.csv
4052,0,0,0,2c.csv
4052,0,0,0,2d.csv
4052,0,0,0,2e.csv
4052,0,0,0,2f.csv
4052,1,1,0,2g.csv
4052,0,0,0,2h.csv
4052,0,0,0,2i.csv
4052,0,0,0,2j.csv
4052,0,0,0,2k.csv
4052,0,0,0,2l.csv
4052,4,4,0,3a.csv
4052,1,1,0,3b.csv
4052,0,0,0,3c.csv
4052,0,0,0,3d.csv
4052,0,0,0,3e.csv
4052,0,0,0,3f.csv
4052,5,4,1,3g.csv
4053,13,12,1,1a.csv
4053,1,1,0,1b.csv
4053,0,0,0,1c.csv
4053,0,0,0,1e.csv
4053,0,0,0,1f.csv
4053,0,0,0,1g.csv
4053,2,2,0,1h.csv
4053,0,0,0,1i.csv
4053,1,1,0,1j.csv
4053,1,1,0,1k.csv
4053,0,0,0,1l.csv
4053,1,1,0,1m.csv
4053,0,0,0,2a.csv
4053,0,0,0,2b.csv
4053,0,0,0,2c.csv
4053,1,1,0,2d.csv
4053,0,0,0,2e.csv
4053,0,0,0,2f.csv
4053,1,1,0,2g.csv
4053,0,0,0,2h.csv
4053,0,0,0,2i.csv
4053,0,0,0,2j.csv
4053,0,0,0,2k.csv
4053,0,0,0,2l.csv
4053,6,5,1,3a.csv
4053,1,1,0,3b.csv
4053,0,0,0,3c.csv
4053,0,0,0,3d.csv
4053,0,0,0,3e.csv
4053,0,0,0,3f.csv
4053,5,4,1,3g.csv
4054,10,9,1,1a.csv
4054,1,1,0,1b.csv
4054,0,0,0,1c.csv
4054,0,0,0,1e.csv
4054,0,0,0,1f.csv
4054,1,1,0,1g.csv
4054,2,2,0,1h.csv
4054,0,0,0,1i.csv
4054,1,1,0,1j.csv
4054,1,1,0,1k.csv
4054,0,0,0,1l.csv
4054,1,1,0,1m.csv
4054,0,0,0,2a.csv
4054,1,1,0,2b.csv
4054,0,0,0,2c.csv
4054,1,1,0,2d.csv
4054,0,0,0,2e.csv
4054,0,0,0,2f.csv
4054,1,1,0,2g.csv
4054,0,0,0,2h.csv
4054,0,0,0,2i.csv
4054,1,1,0,2j.csv
4054,0,0,0,2k.csv
4054,0,0,0,2l.csv
4054,5,4,1,3a.csv
4054,1,1,0,3b.csv
4054,0,0,0,3c.csv
4054,0,0,0,3d.csv
4054,0,0,0,3e.csv
4054,0,0,0,3f.csv
4054,5,4,1,3g.csv
4055,10,9,1,1a.csv
4055,1,1,0,1b.csv
4055,0,0,0,1c.csv
4055,0,0,0,1e.csv
4055,0,0,0,1f.csv
4055,1,1,0,1g.csv
4055,3,3,0,1h.csv
4055,0,0,0,1i.csv
4055,1,1,0,1j.csv
4055,0,0,0,1k.csv
4055,0,0,0,1l.csv
4055,1,1,0,1m.csv
4055,0,0,0,2a.csv
4055,1,1,0,2b.csv
4055,0,0,0,2c.csv
4055,1,1,0,2d.csv
4055,0,0,0,2e.csv
4055,0,0,0,2f.csv
4055,1,0,1,2g.csv
4055,0,0,0,2h.csv
4055,0,0,0,2i.csv
4055,1,1,0,2j.csv
4055,0,0,0,2k.csv
4055,0,0,0,2l.csv
4055,5,4,1,3a.csv
4055,1,1,0,3b.csv
4055,0,0,0,3c.csv
4055,0,0,0,3d.csv
4055,0,0,0,3e.csv
4055,0,0,0,3f.csv
4055,4,3,1,3g.csv
4056,11,10,1,1a.csv
4056,0,0,0,1b.csv
4056,1,1,0,1c.csv
4056,0,0,0,1e.csv
4056,0,0,0,1f.csv
4056,1,1,0,1g.csv
4056,3,3,0,1h.csv
4056,0,0,0,1i.csv
4056,1,1,0,1j.csv
4056,0,0,0,1k.csv
4056,0,0,0,1l.csv
4056,1,1,0,1m.csv
4056,0,0,0,2a.csv
4056,1,1,0,2b.csv
4056,0,0,0,2c.csv
4056,1,1,0,2d.csv
4056,0,0,0,2e.csv
4056,0,0,0,2f.csv
4056,1,0,1,2g.csv
4056,0,0,0,2h.csv
4056,0,0,0,2i.csv
4056,1,1,0,2j.csv
4056,0,0,0,2k.csv
4056,0,0,0,2l.csv
4056,5,4,1,3a.csv
4056,1,1,0,3b.csv
4056,0,0,0,3c.csv
4056,0,0,0,3d.csv
4056,0,0,0,3e.csv
4056,0,0,0,3f.csv
4056,2,1,1,3g.csv
4057,10,9,1,1a.csv
4057,0,0,0,1b.csv
4057,1,1,0,1c.csv
4057,0,0,0,1e.csv
4057,0,0,0,1f.csv
4057,1,1,0,1g.csv
4057,4,4,0,1h.csv
4057,0,0,0,1i.csv
4057,2,1,1,1j.csv
4057,1,1,0,1k.csv
4057,0,0,0,1l.csv
4057,1,1,0,1m.csv
4057,0,0,0,2a.csv
4057,1,1,0,2b.csv
4057,0,0,0,2c.csv
4057,1,1,0,2d.csv
4057,0,0,0,2e.csv
4057,0,0,0,2f.csv
4057,1,0,1,2g.csv
4057,0,0,0,2h.csv
4057,0,0,0,2i.csv
4057,1,1,0,2j.csv
4057,0,0,0,2k.csv
4057,0,0,0,2l.csv
4057,4,3,1,3a.csv
4057,1,1,0,3b.csv
4057,0,0,0,3c.csv
4057,0,0,0,3d.csv
4057,0,0,0,3e.csv
4057,0,0,0,3f.csv
4057,1,0,1,3g.csv
4058,10,9,1,1a.csv
4058,0,0,0,1b.csv
4058,1,1,0,1c.csv
4058,0,0,0,1e.csv
4058,1,1,0,1f.csv
4058,1,1,0,1g.csv
4058,5,5,0,1h.csv
4058,0,0,0,1i.csv
4058,2,1,1,1j.csv
4058,1,1,0,1k.csv
4058,0,0,0,1l.csv
4058,1,1,0,1m.csv
4058,0,0,0,2a.csv
4058,1,1,0,2b.csv
4058,0,0,0,2c.csv
4058,1,1,0,2d.csv
4058,0,0,0,2e.csv
4058,0,0,0,2f.csv
4058,1,0,1,2g.csv
4058,0,0,0,2h.csv
4058,0,0,0,2i.csv
4058,1,1,0,2j.csv
4058,0,0,0,2k.csv
4058,0,0,0,2l.csv
4058,5,4,1,3a.csv
4058,2,2,0,3b.csv
4058,0,0,0,3c.csv
4058,0,0,0,3d.csv
4058,0,0,0,3e.csv
4058,0,0,0,3f.csv
4058,0,0,0,3g.csv
4059,7,6,1,1a.csv
4059,0,0,0,1b.csv
4059,3,2,1,1c.csv
4059,0,0,0,1e.csv
4059,1,1,0,1f.csv
4059,1,1,0,1g.csv
4059,5,5,0,1h.csv
4059,0,0,0,1i.csv
4059,1,0,1,1j.csv
4059,2,2,0,1k.csv
4059,0,0,0,1l.csv
4059,1,1,0,1m.csv
4059,0,0,0,2a.csv
4059,1,1,0,2b.csv
4059,0,0,0,2c.csv
4059,1,1,0,2d.csv
4059,0,0,0,2e.csv
4059,0,0,0,2f.csv
4059,1,0,1,2g.csv
4059,0,0,0,2h.csv
4059,0,0,0,2i.csv
4059,1,1,0,2j.csv
4059,0,0,0,2k.csv
4059,0,0,0,2l.csv
4059,6,5,1,3a.csv
4059,1,1,0,3b.csv
4059,0,0,0,3c.csv
4059,0,0,0,3d.csv
4059,0,0,0,3e.csv
4059,0,0,0,3f.csv
4059,0,0,0,3g.csv
4060,8,7,1,1a.csv
4060,0,0,0,1b.csv
4060,3,2,1,1c.csv
4060,0,0,0,1e.csv
4060,1,1,0,1f.csv
4060,1,1,0,1g.csv
4060,5,5,0,1h.csv
4060,0,0,0,1i.csv
4060,1,0,1,1j.csv
4060,2,2,0,1k.csv
4060,0,0,0,1l.csv
4060,1,1,0,1m.csv
4060,0,0,0,2a.csv
4060,1,1,0,2b.csv
4060,0,0,0,2c.csv
4060,1,1,0,2d.csv
4060,0,0,0,2e.csv
4060,0,0,0,2f.csv
4060,1,0,1,2g.csv
4060,0,0,0,2h.csv
4060,0,0,0,2i.csv
4060,2,2,0,2j.csv
4060,0,0,0,2k.csv
4060,0,0,0,2l.csv
4060,5,4,1,3a.csv
4060,2,2,0,3b.csv
4060,0,0,0,3c.csv
4060,0,0,0,3d.csv
4060,0,0,0,3e.csv
4060,0,0,0,3f.csv
4060,0,0,0,3g.csv
4061,16,14,2,1a.csv
4061,0,0,0,1b.csv
4061,4,3,1,1c.csv
4061,0,0,0,1e.csv
4061,1,1,0,1f.csv
4061,1,1,0,1g.csv
4061,5,5,0,1h.csv
4061,0,0,0,1i.csv
4061,1,0,1,1j.csv
4061,2,2,0,1k.csv
4061,0,0,0,1l.csv
4061,1,1,0,1m.csv
4061,0,0,0,2a.csv
4061,1,1,0,2b.csv
4061,0,0,0,2c.csv
4061,0,0,0,2d.csv
4061,0,0,0,2e.csv
4061,0,0,0,2f.csv
4061,1,0,1,2g.csv
4061,0,0,0,2h.csv
4061,0,0,0,2i.csv
4061,2,2,0,2j.csv
4061,0,0,0,2k.csv
4061,0,0,0,2l.csv
4061,3,3,0,3a.csv
4061,3,2,1,3b.csv
4061,0,0,0,3c.csv
4061,0,0,0,3d.csv
4061,0,0,0,3e.csv
4061,0,0,0,3f.csv
4061,0,0,0,3g.csv
4062,19,16,3,1a.csv
4062,0,0,0,1b.csv
4062,4,3,1,1c.csv
4062,0,0,0,1e.csv
4062,1,1,0,1f.csv
4062,0,0,0,1g.csv
4062,5,5,0,1h.csv
4062,0,0,0,1i.csv
4062,1,0,1,1j.csv
4062,3,3,0,1k.csv
4062,0,0,0,1l.csv
4062,2,2,0,1m.csv
4062,0,0,0,2a.csv
4062,0,0,0,2b.csv
4062,0,0,0,2c.csv
4062,0,0,0,2d.csv
4062,0,0,0,2e.csv
4062,0,0,0,2f.csv
4062,1,0,1,2g.csv
4062,0,0,0,2h.csv
4062,0,0,0,2i.csv
4062,1,1,0,2j.csv
4062,0,0,0,2k.csv
4062,0,0,0,2l.csv
4062,3,3,0,3a.csv
4062,3,2,1,3b.csv
4062,0,0,0,3c.csv
4062,0,0,0,3d.csv
4062,0,0,0,3e.csv
4062,0,0,0,3f.csv
4062,0,0,0,3g.csv
4063,27,20,7,1a.csv
4063,1,1,0,1b.csv
4063,5,4,1,1c.csv
4063,0,0,0,1e.csv
4063,1,1,0,1f.csv
4063,0,0,0,1g.csv
4063,4,4,0,1h.csv
4063,0,0,0,1i.csv
4063,2,1,1,1j.csv
4063,3,3,0,1k.csv
4063,0,0,0,1l.csv
4063,2,2,0,1m.csv
4063,0,0,0,2a.csv
4063,0,0,0,2b.csv
4063,0,0,0,2c.csv
4063,0,0,0,2d.csv
4063,0,0,0,2e.csv
4063,0,0,0,2f.csv
4063,0,0,0,2g.csv
4063,0,0,0,2h.csv
4063,0,0,0,2i.csv
4063,1,1,0,2j.csv
4063,0,0,0,2k.csv
4063,0,0,0,2l.csv
4063,3,3,0,3a.csv
4063,3,2,1,3b.csv
4063,0,0,0,3c.csv
4063,0,0,0,3d.csv
4063,0,0,0,3e.csv
4063,0,0,0,3f.csv
4063,0,0,0,3g.csv
4064,39,31,8,1a.csv
4064,1,1,0,1b.csv
4064,4,3,1,1c.csv
4064,0,0,0,1e.csv
4064,1,1,0,1f.csv
4064,0,0,0,1g.csv
4064,4,4,0,1h.csv
4064,0,0,0,1i.csv
4064,2,1,1,1j.csv
4064,3,3,0,1k.csv
4064,0,0,0,1l.csv
4064,2,2,0,1m.csv
4064,0,0,0,2a.csv
4064,0,0,0,2b.csv
4064,0,0,0,2c.csv
4064,0,0,0,2d.csv
4064,0,0,0,2e.csv
4064,0,0,0,2f.csv
4064,0,0,0,2g.csv
4064,0,0,0,2h.csv
4064,0,0,0,2i.csv
4064,1,1,0,2j.csv
4064,0,0,0,2k.csv
4064,0,0,0,2l.csv
4064,3,3,0,3a.csv
4064,3,2,1,3b.csv
4064,0,0,0,3c.csv
4064,0,0,0,3d.csv
4064,0,0,0,3e.csv
4064,0,0,0,3f.csv
4064,0,0,0,3g.csv
4065,46,36,10,1a.csv
4065,1,1,0,1b.csv
4065,4,3,1,1c.csv
4065,0,0,0,1e.csv
4065,1,1,0,1f.csv
4065,0,0,0,1g.csv
4065,3,3,0,1h.csv
4065,0,0,0,1i.csv
4065,2,1,1,1j.csv
4065,4,4,0,1k.csv
4065,0,0,0,1l.csv
4065,2,2,0,1m.csv
4065,0,0,0,2a.csv
4065,0,0,0,2b.csv
4065,0,0,0,2c.csv
4065,0,0,0,2d.csv
4065,0,0,0,2e.csv
4065,0,0,0,2f.csv
4065,0,0,0,2g.csv
4065,0,0,0,2h.csv
4065,0,0,0,2i.csv
4065,1,1,0,2j.csv
4065,0,0,0,2k.csv
4065,0,0,0,2l.csv
4065,3,3,0,3a.csv
4065,3,2,1,3b.csv
4065,0,0,0,3c.csv
4065,0,0,0,3d.csv
4065,0,0,0,3e.csv
4065,0,0,0,3f.csv
4065,0,0,0,3g.csv
4066,54,44,10,1a.csv
4066,1,1,0,1b.csv
4066,4,3,1,1c.csv
4066,1,1,0,1e.csv
4066,0,0,0,1f.csv
4066,0,0,0,1g.csv
4066,2,2,0,1h.csv
4066,0,0,0,1i.csv
4066,3,2,1,1j.csv
4066,5,5,0,1k.csv
4066,0,0,0,1l.csv
4066,1,1,0,1m.csv
4066,0,0,0,2a.csv
4066,0,0,0,2b.csv
4066,0,0,0,2c.csv
4066,0,0,0,2d.csv
4066,0,0,0,2e.csv
4066,0,0,0,2f.csv
4066,0,0,0,2g.csv
4066,0,0,0,2h.csv
4066,0,0,0,2i.csv
4066,1,1,0,2j.csv
4066,0,0,0,2k.csv
4066,0,0,0,2l.csv
4066,2,2,0,3a.csv
4066,2,1,1,3b.csv
4066,0,0,0,3c.csv
4066,0,0,0,3d.csv
4066,0,0,0,3e.csv
4066,0,0,0,3f.csv
4066,0,0,0,3g.csv
4067,59,49,10,1a.csv
4067,1,1,0,1b.csv
4067,2,2,0,1c.csv
4067,1,1,0,1e.csv
4067,0,0,0,1f.csv
4067,0,0,0,1g.csv
4067,2,2,0,1h.csv
4067,0,0,0,1i.csv
4067,3,2,1,1j.csv
4067,4,4,0,1k.csv
4067,0,0,0,1l.csv
4067,1,1,0,1m.csv
4067,0,0,0,2a.csv
4067,0,0,0,2b.csv
4067,0,0,0,2c.csv
4067,0,0,0,2d.csv
4067,0,0,0,2e.csv
4067,0,0,0,2f.csv
4067,0,0,0,2g.csv
4067,0,0,0,2h.csv
4067,0,0,0,2i.csv
4067,1,1,0,2j.csv
4067,0,0,0,2k.csv
4067,0,0,0,2l.csv
4067,1,1,0,3a.csv
4067,3,2,1,3b.csv
4067,0,0,0,3c.csv
4067,0,0,0,3d.csv
4067,0,0,0,3e.csv
4067,0,0,0,3f.csv
4067,0,0,0,3g.csv
4068,62,51,11,1a.csv
4068,1,1,0,1b.csv
4068,2,2,0,1c.csv
4068,1,1,0,1e.csv
4068,0,0,0,1f.csv
4068,0,0,0,1g.csv
4068,1,1,0,1h.csv
4068,0,0,0,1i.csv
4068,3,2,1,1j.csv
4068,4,4,0,1k.csv
4068,0,0,0,1l.csv
4068,1,1,0,1m.csv
4068,1,1,0,2a.csv
4068,0,0,0,2b.csv
4068,0,0,0,2c.csv
4068,0,0,0,2d.csv
4068,0,0,0,2e.csv
4068,0,0,0,2f.csv
4068,0,0,0,2g.csv
4068,0,0,0,2h.csv
4068,0,0,0,2i.csv
4068,0,0,0,2j.csv
4068,0,0,0,2k.csv
4068,0,0,0,2l.csv
4068,1,1,0,3a.csv
4068,2,1,1,3b.csv
4068,0,0,0,3c.csv
4068,0,0,0,3d.csv
4068,0,0,0,3e.csv
4068,0,0,0,3f.csv
4068,0,0,0,3g.csv
4069,59,48,11,1a.csv
4069,1,1,0,1b.csv
4069,1,1,0,1c.csv
4069,2,2,0,1e.csv
4069,0,0,0,1f.csv
4069,0,0,0,1g.csv
4069,0,0,0,1h.csv
4069,0,0,0,1i.csv
4069,3,2,1,1j.csv
4069,7,5,2,1k.csv
4069,0,0,0,1l.csv
4069,1,1,0,1m.csv
4069,1,1,0,2a.csv
4069,0,0,0,2b.csv
4069,1,1,0,2c.csv
4069,0,0,0,2d.csv
4069,0,0,0,2e.csv
4069,0,0,0,2f.csv
4069,0,0,0,2g.csv
4069,0,0,0,2h.csv
4069,0,0,0,2i.csv
4069,0,0,0,2j.csv
4069,0,0,0,2k.csv
4069,0,0,0,2l.csv
4069,1,1,0,3a.csv
4069,1,1,0,3b.csv
4069,0,0,0,3c.csv
4069,0,0,0,3d.csv
4069,0,0,0,3e.csv
4069,0,0,0,3f.csv
4069,0,0,0,3g.csv
4070,58,48,10,1a.csv
4070,1,1,0,1b.csv
4070,1,1,0,1c.csv
4070,3,3,0,1e.csv
4070,0,0,0,1f.csv
4070,0,0,0,1g.csv
4070,0,0,0,1h.csv
4070,0,0,0,1i.csv
4070,3,2,1,1j.csv
4070,7,5,2,1k.csv
4070,0,0,0,1l.csv
4070,0,0,0,1m.csv
4070,1,1,0,2a.csv
4070,0,0,0,2b.csv
4070,1,1,0,2c.csv
4070,0,0,0,2d.csv
4070,0,0,0,2e.csv
4070,1,1,0,2f.csv
4070,0,0,0,2g.csv
4070,0,0,0,2h.csv
4070,0,0,0,2i.csv
4070,0,0,0,2j.csv
4070,0,0,0,2k.csv
4070,0,0,0,2l.csv
4070,1,1,0,3a.csv
4070,1,1,0,3b.csv
4070,0,0,0,3c.csv
4070,0,0,0,3d.csv
4070,0,0,0,3e.csv
4070,0,0,0,3f.csv
4070,0,0,0,3g.csv
4071,49,43,6,1a.csv
4071,0,0,0,1b.csv
4071,0,0,0,1c.csv
4071,4,3,1,1e.csv
4071,0,0,0,1f.csv
4071,0,0,0,1g.csv
4071,0,0,0,1h.csv
4071,0,0,0,1i.csv
4071,2,1,1,1j.csv
4071,7,5,2,1k.csv
4071,0,0,0,1l.csv
4071,0,0,0,1m.csv
4071,1,1,0,2a.csv
4071,0,0,0,2b.csv
4071,1,1,0,2c.csv
4071,0,0,0,2d.csv
4071,0,0,0,2e.csv
4071,1,1,0,2f.csv
4071,0,0,0,2g.csv
4071,0,0,0,2h.csv
4071,0,0,0,2i.csv
4071,0,0,0,2j.csv
4071,0,0,0,2k.csv
4071,0,0,0,2l.csv
4071,2,2,0,3a.csv
4071,1,1,0,3b.csv
4071,0,0,0,3c.csv
4071,0,0,0,3d.csv
4071,0,0,0,3e.csv
4071,0,0,0,3f.csv
4071,0,0,0,3g.csv
4072,35,30,5,1a.csv
4072,0,0,0,1b.csv
4072,1,1,0,1c.csv
4072,4,3,1,1e.csv
4072,0,0,0,1f.csv
4072,0,0,0,1g.csv
4072,0,0,0,1h.csv
4072,0,0,0,1i.csv
4072,2,1,1,1j.csv
4072,7,5,2,1k.csv
4072,0,0,0,1l.csv
4072,0,0,0,1m.csv
4072,1,1,0,2a.csv
4072,0,0,0,2b.csv
4072,1,1,0,2c.csv
4072,0,0,0,2d.csv
4072,0,0,0,2e.csv
4072,2,2,0,2f.csv
4072,0,0,0,2g.csv
4072,0,0,0,2h.csv
4072,0,0,0,2i.csv
4072,0,0,0,2j.csv
4072,0,0,0,2k.csv
4072,0,0,0,2l.csv
4072,1,1,0,3a.csv
4072,1,1,0,3b.csv
4072,0,0,0,3c.csv
4072,0,0,0,3d.csv
4072,0,0,0,3e.csv
4072,0,0,0,3f.csv
4072,0,0,0,3g.csv
4073,28,25,3,1a.csv
4073,0,0,0,1b.csv
4073,1,1,0,1c.csv
4073,4,3,1,1e.csv
4073,0,0,0,1f.csv
4073,0,0,0,1g.csv
4073,0,0,0,1h.csv
4073,0,0,0,1i.csv
4073,1,1,0,1j.csv
4073,6,4,2,1k.csv
4073,0,0,0,1l.csv
4073,0,0,0,1m.csv
4073,1,1,0,2a.csv
4073,0,0,0,2b.csv
4073,1,1,0,2c.csv
4073,0,0,0,2d.csv
4073,0,0,0,2e.csv
4073,2,2,0,2f.csv
4073,0,0,0,2g.csv
4073,0,0,0,2h.csv
4073,0,0,0,2i.csv
4073,0,0,0,2j.csv
4073,0,0,0,2k.csv
4073,0,0,0,2l.csv
4073,1,1,0,3a.csv
4073,1,1,0,3b.csv
4073,0,0,0,3c.csv
4073,0,0,0,3d.csv
4073,0,0,0,3e.csv
4073,0,0,0,3f.csv
4073,0,0,0,3g.csv
4074,20,17,3,1a.csv
4074,0,0,0,1b.csv
4074,1,1,0,1c.csv
4074,3,2,1,1e.csv
4074,0,0,0,1f.csv
4074,0,0,0,1g.csv
4074,0,0,0,1h.csv
4074,0,0,0,1i.csv
4074,0,0,0,1j.csv
4074,5,3,2,1k.csv
4074,0,0,0,1l.csv
4074,0,0,0,1m.csv
4074,1,1,0,2a.csv
4074,0,0,0,2b.csv
4074,1,1,0,2c.csv
4074,0,0,0,2d.csv
4074,0,0,0,2e.csv
4074,3,3,0,2f.csv
4074,0,0,0,2g.csv
4074,0,0,0,2h.csv
4074,0,0,0,2i.csv
4074,0,0,0,2j.csv
4074,0,0,0,2k.csv
4074,0,0,0,2l.csv
4074,2,1,1,3a.csv
4074,1,1,0,3b.csv
4074,0,0,0,3c.csv
4074,0,0,0,3d.csv
4074,0,0,0,3e.csv
4074,0,0,0,3f.csv
4074,0,0,0,3g.csv
4075,17,15,2,1a.csv
4075,0,0,0,1b.csv
4075,1,1,0,1c.csv
4075,3,2,1,1e.csv
4075,0,0,0,1f.csv
4075,0,0,0,1g.csv
4075,0,0,0,1h.csv
4075,0,0,0,1i.csv
4075,0,0,0,1j.csv
4075,5,3,2,1k.csv
4075,0,0,0,1l.csv
4075,0,0,0,1m.csv
4075,1,1,0,2a.csv
4075,0,0,0,2b.csv
4075,1,1,0,2c.csv
4075,0,0,0,2d.csv
4075,0,0,0,2e.csv
4075,3,3,0,2f.csv
4075,0,0,0,2g.csv
4075,0,0,0,2h.csv
4075,0,0,0,2i.csv
4075,0,0,0,2j.csv
4075,0,0,0,2k.csv
4075,0,0,0,2l.csv
4075,2,1,1,3a.csv
4075,1,1,0,3b.csv
4075,0,0,0,3c.csv
4075,0,0,0,3d.csv
4075,0,0,0,3e.csv
4075,0,0,0,3f.csv
4075,0,0,0,3g.csv
4076,15,13,2,1a.csv
4076,0,0,0,1b.csv
4076,1,1,0,1c.csv
4076,3,2,1,1e.csv
4076,0,0,0,1f.csv
4076,0,0,0,1g.csv
4076,1,0,1,1h.csv
4076,0,0,0,1i.csv
4076,0,0,0,1j.csv
4076,5,3,2,1k.csv
4076,0,0,0,1l.csv
4076,0,0,0,1m.csv
4076,0,0,0,2a.csv
4076,0,0,0,2b.csv
4076,1,1,0,2c.csv
4076,0,0,0,2d.csv
4076,0,0,0,2e.csv
4076,3,3,0,2f.csv
4076,0,0,0,2g.csv
4076,0,0,0,2h.csv
4076,0,0,0,2i.csv
4076,0,0,0,2j.csv
4076,0,0,0,2k.csv
4076,0,0,0,2l.csv
4076,2,1,1,3a.csv
4076,2,2,0,3b.csv
4076,0,0,0,3c.csv
4076,0,0,0,3d.csv
4076,0,0,0,3e.csv
4076,0,0,0,3f.csv
4076,0,0,0,3g.csv
4077,12,11,1,1a.csv
4077,0,0,0,1b.csv
4077,1,1,0,1c.csv
4077,3,2,1,1e.csv
4077,0,0,0,1f.csv
4077,0,0,0,1g.csv
4077,1,0,1,1h.csv
4077,0,0,0,1i.csv
4077,0,0,0,1j.csv
4077,3,3,0,1k.csv
4077,0,0,0,1l.csv
4077,0,0,0,1m.csv
4077,0,0,0,2a.csv
4077,0,0,0,2b.csv
4077,1,1,0,2c.csv
4077,0,0,0,2d.csv
4077,0,0,0,2e.csv
4077,3,3,0,2f.csv
4077,0,0,0,2g.csv
4077,1,1,0,2h.csv
4077,0,0,0,2i.csv
4077,0,0,0,2j.csv
4077,0,0,0,2k.csv
4077,0,0,0,2l.csv
4077,2,1,1,3a.csv
4077,3,3,0,3b.csv
4077,0,0,0,3c.csv
4077,0,0,0,3d.csv
4077,0,0,0,3e.csv
4077,0,0,0,3f.csv
4077,0,0,0,3g.csv
4078,11,10,1,1a.csv
4078,0,0,0,1b.csv
4078,1,1,0,1c.csv
4078,2,1,1,1e.csv
4078,0,0,0,1f.csv
4078,0,0,0,1g.csv
4078,1,0,1,1h.csv
4078,0,0,0,1i.csv
4078,0,0,0,1j.csv
4078,2,2,0,1k.csv
4078,0,0,0,1l.csv
4078,0,0,0,1m.csv
4078,0,0,0,2a.csv
4078,0,0,0,2b.csv
4078,1,1,0,2c.csv
4078,0,0,0,2d.csv
4078,0,0,0,2e.csv
4078,2,2,0,2f.csv
4078,0,0,0,2g.csv
4078,1,1,0,2h.csv
4078,0,0,0,2i.csv
4078,0,0,0,2j.csv
4078,0,0,0,2k.csv
4078,0,0,0,2l.csv
4078,2,1,1,3a.csv
4078,4,4,0,3b.csv
4078,0,0,0,3c.csv
4078,0,0,0,3d.csv
4078,0,0,0,3e.csv
4078,0,0,0,3f.csv
4078,0,0,0,3g.csv
4079,11,10,1,1a.csv
4079,0,0,0,1b.csv
4079,2,2,0,1c.csv
4079,1,1,0,1e.csv
4079,0,0,0,1f.csv
4079,0,0,0,1g.csv
4079,1,0,1,1h.csv
4079,0,0,0,1i.csv
4079,0,0,0,1j.csv
4079,3,3,0,1k.csv
4079,0,0,0,1l.csv
4079,0,0,0,1m.csv
4079,0,0,0,2a.csv
4079,0,0,0,2b.csv
4079,1,1,0,2c.csv
4079,0,0,0,2d.csv
4079,0,0,0,2e.csv
4079,2,2,0,2f.csv
4079,1,1,0,2g.csv
4079,1,1,0,2h.csv
4079,0,0,0,2i.csv
4079,0,0,0,2j.csv
4079,0,0,0,2k.csv
4079,0,0,0,2l.csv
4079,2,1,1,3a.csv
4079,5,5,0,3b.csv
4079,0,0,0,3c.csv
4079,0,0,0,3d.csv
4079,0,0,0,3e.csv
4079,0,0,0,3f.csv
4079,0,0,0,3g.csv
4080,12,11,1,1a.csv
4080,0,0,0,1b.csv
4080,1,1,0,1c.csv
4080,1,1,0,1e.csv
4080,0,0,0,1f.csv
4080,0,0,0,1g.csv
4080,1,0,1,1h.csv
4080,0,0,0,1i.csv
4080,1,1,0,1j.csv
4080,3,3,0,1k.csv
4080,0,0,0,1l.csv
4080,0,0,0,1m.csv
4080,0,0,0,2a.csv
4080,0,0,0,2b.csv
4080,1,1,0,2c.csv
4080,0,0,0,2d.csv
4080,0,0,0,2e.csv
4080,1,1,0,2f.csv
4080,1,1,0,2g.csv
4080,1,1,0,2h.csv
4080,0,0,0,2i.csv
4080,0,0,0,2j.csv
4080,0,0,0,2k.csv
4080,1,0,1,2l.csv
4080,2,1,1,3a.csv
4080,6,6,0,3b.csv
4080,0,0,0,3c.csv
4080,0,0,0,3d.csv
4080,0,0,0,3e.csv
4080,0,0,0,3f.csv
4080,0,0,0,3g.csv
4081,11,10,1,1a.csv
4081,0,0,0,1b.csv
4081,1,1,0,1c.csv
4081,2,2,0,1e.csv
4081,0,0,0,1f.csv
4081,0,0,0,1g.csv
4081,1,0,1,1h.csv
4081,0,0,0,1i.csv
4081,1,1,0,1j.csv
4081,3,3,0,1k.csv
4081,0,0,0,1l.csv
4081,0,0,0,1m.csv
4081,0,0,0,2a.csv
4081,0,0,0,2b.csv
4081,1,1,0,2c.csv
4081,0,0,0,2d.csv
4081,0,0,0,2e.csv
4081,1,1,0,2f.csv
4081,1,1,0,2g.csv
4081,1,1,0,2h.csv
4081,0,0,0,2i.csv
4081,0,0,0,2j.csv
4081,0,0,0,2k.csv
4081,1,0,1,2l.csv
4081,3,2,1,3a.csv
4081,9,9,0,3b.csv
4081,0,0,0,3c.csv
4081,0,0,0,3d.csv
4081,0,0,0,3e.csv
4081,0,0,0,3f.csv
4081,0,0,0,3g.csv
4082,12,11,1,1a.csv
4082,0,0,0,1b.csv
4082,1,1,0,1c.csv
4082,3,3,0,1e.csv
4082,0,0,0,1f.csv
4082,0,0,0,1g.csv
4082,1,0,1,1h.csv
4082,0,0,0,1i.csv
4082,1,1,0,1j.csv
4082,3,3,0,1k.csv
4082,0,0,0,1l.csv
4082,0,0,0,1m.csv
4082,0,0,0,2a.csv
4082,0,0,0,2b.csv
4082,1,1,0,2c.csv
4082,0,0,0,2d.csv
4082,0,0,0,2e.csv
4082,0,0,0,2f.csv
4082,1,1,0,2g.csv
4082,1,1,0,2h.csv
4082,0,0,0,2i.csv
4082,0,0,0,2j.csv
4082,0,0,0,2k.csv
4082,1,0,1,2l.csv
4082,2,2,0,3a.csv
4082,10,10,0,3b.csv
4082,0,0,0,3c.csv
4082,0,0,0,3d.csv
4082,0,0,0,3e.csv
4082,0,0,0,3f.csv
4082,0,0,0,3g.csv
4083,12,10,2,1a.csv
4083,0,0,0,1b.csv
4083,1,1,0,1c.csv
4083,3,3,0,1e.csv
4083,0,0,0,1f.csv
4083,0,0,0,1g.csv
4083,1,0,1,1h.csv
4083,0,0,0,1i.csv
4083,2,2,0,1j.csv
4083,3,3,0,1k.csv
4083,0,0,0,1l.csv
4083,0,0,0,1m.csv
4083,0,0,0,2a.csv
4083,0,0,0,2b.csv
4083,1,1,0,2c.csv
4083,0,0,0,2d.csv
4083,0,0,0,2e.csv
4083,0,0,0,2f.csv
4083,1,1,0,2g.csv
4083,1,1,0,2h.csv
4083,0,0,0,2i.csv
4083,0,0,0,2j.csv
4083,0,0,0,2k.csv
4083,1,0,1,2l.csv
4083,3,3,0,3a.csv
4083,11,10,1,3b.csv
4083,0,0,0,3c.csv
4083,0,0,0,3d.csv
4083,0,0,0,3e.csv
4083,0,0,0,3f.csv
4083,0,0,0,3g.csv
4084,10,9,1,1a.csv
4084,0,0,0,1b.csv
4084,1,1,0,1c.csv
4084,3,3,0,1e.csv
4084,0,0,0,1f.csv
4084,0,0,0,1g.csv
4084,0,0,0,1h.csv
4084,0,0,0,1i.csv
4084,2,2,0,1j.csv
4084,3,3,0,1k.csv
4084,0,0,0,1l.csv
4084,1,1,0,1m.csv
4084,0,0,0,2a.csv
4084,0,0,0,2b.csv
4084,1,1,0,2c.csv
4084,0,0,0,2d.csv
4084,0,0,0,2e.csv
4084,0,0,0,2f.csv
4084,1,1,0,2g.csv
4084,1,1,0,2h.csv
4084,0,0,0,2i.csv
4084,0,0,0,2j.csv
4084,0,0,0,2k.csv
4084,1,0,1,2l.csv
4084,3,3,0,3a.csv
4084,11,10,1,3b.csv
4084,0,0,0,3c.csv
4084,0,0,0,3d.csv
4084,0,0,0,3e.csv
4084,0,0,0,3f.csv
4084,0,0,0,3g.csv
4085,11,9,2,1a.csv
4085,0,0,0,1b.csv
4085,3,3,0,1c.csv
4085,2,2,0,1e.csv
4085,0,0,0,1f.csv
4085,0,0,0,1g.csv
4085,0,0,0,1h.csv
4085,0,0,0,1i.csv
4085,2,2,0,1j.csv
4085,2,2,0,1k.csv
4085,0,0,0,1l.csv
4085,1,1,0,1m.csv
4085,0,0,0,2a.csv
4085,0,0,0,2b.csv
4085,0,0,0,2c.csv
4085,0,0,0,2d.csv
4085,0,0,0,2e.csv
4085,3,3,0,2f.csv
4085,1,1,0,2g.csv
4085,0,0,0,2h.csv
4085,0,0,0,2i.csv
4085,0,0,0,2j.csv
4085,0,0,0,2k.csv
4085,1,0,1,2l.csv
4085,5,5,0,3a.csv
4085,10,9,1,3b.csv
4085,0,0,0,3c.csv
4085,0,0,0,3d.csv
4085,0,0,0,3e.csv
4085,0,0,0,3f.csv
4085,0,0,0,3g.csv
4086,11,9,2,1a.csv
4086,0,0,0,1b.csv
4086,3,3,0,1c.csv
4086,2,2,0,1e.csv
4086,0,0,0,1f.csv
4086,0,0,0,1g.csv
4086,0,0,0,1h.csv
4086,0,0,0,1i.csv
4086,2,2,0,1j.csv
4086,2,2,0,1k.csv
4086,0,0,0,1l.csv
4086,1,1,0,1m.csv
4086,0,0,0,2a.csv
4086,0,0,0,2b.csv
4086,0,0,0,2c.csv
4086,0,0,0,2d.csv
4086,0,0,0,2e.csv
4086,3,3,0,2f.csv
4086,1,1,0,2g.csv
4086,0,0,0,2h.csv
4086,0,0,0,2i.csv
4086,0,0,0,2j.csv
4086,0,0,0,2k.csv
4086,1,0,1,2l.csv
4086,6,6,0,3a.csv
4086,9,8,1,3b.csv
4086,0,0,0,3c.csv
4086,0,0,0,3d.csv
4086,0,0,0,3e.csv
4086,0,0,0,3f.csv
4086,0,0,0,3g.csv
4087,11,9,2,1a.csv
4087,0,0,0,1b.csv
4087,2,2,0,1c.csv
4087,2,2,0,1e.csv
4087,0,0,0,1f.csv
4087,0,0,0,1g.csv
4087,0,0,0,1h.csv
4087,0,0,0,1i.csv
4087,2,2,0,1j.csv
4087,3,2,1,1k.csv
4087,0,0,0,1l.csv
4087,1,1,0,1m.csv
4087,0,0,0,2a.csv
4087,0,0,0,2b.csv
4087,0,0,0,2c.csv
4087,0,0,0,2d.csv
4087,0,0,0,2e.csv
4087,3,3,0,2f.csv
4087,0,0,0,2g.csv
4087,0,0,0,2h.csv
4087,0,0,0,2i.csv
4087,0,0,0,2j.csv
4087,0,0,0,2k.csv
4087,1,0,1,2l.csv
4087,10,9,1,3a.csv
4087,10,8,2,3b.csv
4087,0,0,0,3c.csv
4087,0,0,0,3d.csv
4087,0,0,0,3e.csv
4087,0,0,0,3f.csv
4087,0,0,0,3g.csv
4088,11,9,2,1a.csv
4088,0,0,0,1b.csv
4088,2,2,0,1c.csv
4088,2,2,0,1e.csv
4088,0,0,0,1f.csv
4088,0,0,0,1g.csv
4088,0,0,0,1h.csv
4088,0,0,0,1i.csv
4088,1,1,0,1j.csv
4088,3,2,1,1k.csv
4088,0,0,0,1l.csv
4088,1,1,0,1m.csv
4088,1,1,0,2a.csv
4088,0,0,0,2b.csv
4088,0,0,0,2c.csv
4088,0,0,0,2d.csv
4088,0,0,0,2e.csv
4088,3,3,0,2f.csv
4088,0,0,0,2g.csv
4088,0,0,0,2h.csv
4088,0,0,0,2i.csv
4088,0,0,0,2j.csv
4088,0,0,0,2k.csv
4088,0,0,0,2l.csv
4088,10,9,1,3a.csv
4088,11,9,2,3b.csv
4088,0,0,0,3c.csv
4088,0,0,0,3d.csv
4088,0,0,0,3e.csv
4088,0,0,0,3f.csv
4088,0,0,0,3g.csv
4089,12,10,2,1a.csv
4089,0,0,0,1b.csv
4089,2,2,0,1c.csv
4089,1,1,0,1e.csv
4089,0,0,0,1f.csv
4089,0,0,0,1g.csv
4089,0,0,0,1h.csv
4089,0,0,0,1i.csv
4089,1,1,0,1j.csv
4089,2,1,1,1k.csv
4089,0,0,0,1l.csv
4089,1,1,0,1m.csv
4089,1,1,0,2a.csv
4089,0,0,0,2b.csv
4089,0,0,0,2c.csv
4089,0,0,0,2d.csv
4089,0,0,0,2e.csv
4089,3,3,0,2f.csv
4089,0,0,0,2g.csv
4089,0,0,0,2h.csv
4089,0,0,0,2i.csv
4089,0,0,0,2j.csv
4089,0,0,0,2k.csv
4089,0,0,0,2l.csv
4089,10,8,2,3a.csv
4089,11,8,3,3b.csv
4089,0,0,0,3c.csv
4089,0,0,0,3d.csv
4089,0,0,0,3e.csv
4089,0,0,0,3f.csv
4089,0,0,0,3g.csv
4090,11,9,2,1a.csv
4090,0,0,0,1b.csv
4090,3,3,0,1c.csv
4090,0,0,0,1e.csv
4090,0,0,0,1f.csv
4090,0,0,0,1g.csv
4090,0,0,0,1h.csv
4090,0,0,0,1i.csv
4090,1,1,0,1j.csv
4090,2,1,1,1k.csv
4090,0,0,0,1l.csv
4090,1,1,0,1m.csv
4090,1,1,0,2a.csv
4090,0,0,0,2b.csv
4090,0,0,0,2c.csv
4090,0,0,0,2d.csv
4090,0,0,0,2e.csv
4090,3,3,0,2f.csv
4090,0,0,0,2g.csv
4090,0,0,0,2h.csv
4090,0,0,0,2i.csv
4090,0,0,0,2j.csv
4090,0,0,0,2k.csv
4090,0,0,0,2l.csv
4090,10,8,2,3a.csv
4090,10,7,3,3b.csv
4090,0,0,0,3c.csv
4090,0,0,0,3d.csv
4090,0,0,0,3e.csv
4090,0,0,0,3f.csv
4090,0,0,0,3g.csv
4091,9,8,1,1a.csv
4091,0,0,0,1b.csv
4091,3,3,0,1c.csv
4091,0,0,0,1e.csv
4091,0,0,0,1f.csv
4091,0,0,0,1g.csv
4091,0,0,0,1h.csv
4091,0,0,0,1i.csv
4091,0,0,0,1j.csv
4091,2,1,1,1k.csv
4091,0,0,0,1l.csv
4091,1,1,0,1m.csv
4091,1,1,0,2a.csv
4091,0,0,0,2b.csv
4091,0,0,0,2c.csv
4091,0,0,0,2d.csv
4091,0,0,0,2e.csv
4091,3,3,0,2f.csv
4091,0,0,0,2g.csv
4091,0,0,0,2h.csv
4091,0,0,0,2i.csv
4091,0,0,0,2j.csv
4091,0,0,0,2k.csv
4091,0,0,0,2l.csv
4091,11,8,3,3a.csv
4091,8,6,2,3b.csv
4091,0,0,0,3c.csv
4091,0,0,0,3d.csv
4091,0,0,0,3e.csv
4091,0,0,0,3f.csv
4091,0,0,0,3g.csv
4092,11,10,1,1a.csv
4092,0,0,0,1b.csv
4092,3,3,0,1c.csv
4092,0,0,0,1e.csv
4092,0,0,0,1f.csv
4092,0,0,0,1g.csv
4092,0,0,0,1h.csv
4092,0,0,0,1i.csv
4092,0,0,0,1j.csv
4092,2,1,1,1k.csv
4092,0,0,0,1l.csv
4092,0,0,0,1m.csv
4092,1,1,0,2a.csv
4092,0,0,0,2b.csv
4092,0,0,0,2c.csv
4092,0,0,0,2d.csv
4092,0,0,0,2e.csv
4092,3,3,0,2f.csv
4092,0,0,0,2g.csv
4092,0,0,0,2h.csv
4092,0,0,0,2i.csv
4092,1,1,0,2j.csv
4092,0,0,0,2k.csv
4092,1,0,1,2l.csv
4092,13,10,3,3a.csv
4092,7,5,2,3b.csv
4092,0,0,0,3c.csv
4092,0,0,0,3d.csv
4092,0,0,0,3e.csv
4092,0,0,0,3f.csv
4092,0,0,0,3g.csv
4093,9,9,0,1a.csv
4093,1,1,0,1b.csv
4093,1,1,0,1c.csv
4093,1,1,0,1e.csv
4093,0,0,0,1f.csv
4093,0,0,0,1g.csv
4093,0,0,0,1h.csv
4093,0,0,0,1i.csv
4093,0,0,0,1j.csv
4093,3,2,1,1k.csv
4093,0,0,0,1l.csv
4093,0,0,0,1m.csv
4093,1,1,0,2a.csv
4093,0,0,0,2b.csv
4093,0,0,0,2c.csv
4093,0,0,0,2d.csv
4093,0,0,0,2e.csv
4093,1,1,0,2f.csv
4093,0,0,0,2g.csv
4093,0,0,0,2h.csv
4093,0,0,0,2i.csv
4093,1,1,0,2j.csv
4093,0,0,0,2k.csv
4093,1,0,1,2l.csv
4093,12,9,3,3a.csv
4093,7,5,2,3b.csv
4093,0,0,0,3c.csv
4093,0,0,0,3d.csv
4093,0,0,0,3e.csv
4093,0,0,0,3f.csv
4093,0,0,0,3g.csv
4094,8,8,0,1a.csv
4094,1,1,0,1b.csv
4094,1,1,0,1c.csv
4094,1,1,0,1e.csv
4094,0,0,0,1f.csv
4094,0,0,0,1g.csv
4094,0,0,0,1h.csv
4094,0,0,0,1i.csv
4094,0,0,0,1j.csv
4094,3,2,1,1k.csv
4094,0,0,0,1l.csv
4094,0,0,0,1m.csv
4094,1,1,0,2a.csv
4094,0,0,0,2b.csv
4094,0,0,0,2c.csv
4094,0,0,0,2d.csv
4094,0,0,0,2e.csv
4094,2,2,0,2f.csv
4094,0,0,0,2g.csv
4094,0,0,0,2h.csv
4094,0,0,0,2i.csv
4094,1,1,0,2j.csv
4094,0,0,0,2k.csv
4094,2,1,1,2l.csv
4094,15,12,3,3a.csv
4094,9,5,4,3b.csv
4094,0,0,0,3c.csv
4094,0,0,0,3d.csv
4094,0,0,0,3e.csv
4094,0,0,0,3f.csv
4094,0,0,0,3g.csv
4095,7,7,0,1a.csv
4095,2,2,0,1b.csv
4095,1,1,0,1c.csv
4095,1,1,0,1e.csv
4095,0,0,0,1f.csv
4095,0,0,0,1g.csv
4095,0,0,0,1h.csv
4095,0,0,0,1i.csv
4095,0,0,0,1j.csv
4095,1,1,0,1k.csv
4095,0,0,0,1l.csv
4095,0,0,0,1m.csv
4095,1,1,0,2a.csv
4095,0,0,0,2b.csv
4095,0,0,0,2c.csv
4095,0,0,0,2d.csv
4095,0,0,0,2e.csv
4095,2,2,0,2f.csv
4095,0,0,0,2g.csv
4095,0,0,0,2h.csv
4095,0,0,0,2i.csv
4095,1,1,0,2j.csv
4095,0,0,0,2k.csv
4095,2,1,1,2l.csv
4095,13,11,2,3a.csv
4095,7,4,3,3b.csv
4095,0,0,0,3c.csv
4095,0,0,0,3d.csv
4095,0,0,0,3e.csv
4095,0,0,0,3f.csv
4095,0,0,0,3g.csv
4096,8,7,1,1a.csv
4096,3,3,0,1b.csv
4096,1,1,0,1c.csv
4096,1,1,0,1e.csv
4096,0,0,0,1f.csv
4096,0,0,0,1g.csv
4096,0,0,0,1h.csv
4096,0,0,0,1i.csv
4096,0,0,0,1j.csv
4096,1,1,0,1k.csv
4096,0,0,0,1l.csv
4096,0,0,0,1m.csv
4096,0,0,0,2a.csv
4096,0,0,0,2b.csv
4096,0,0,0,2c.csv
4096,0,0,0,2d.csv
4096,0,0,0,2e.csv
4096,2,2,0,2f.csv
4096,0,0,0,2g.csv
4096,0,0,0,2h.csv
4096,0,0,0,2i.csv
4096,1,1,0,2j.csv
4096,0,0,0,2k.csv
4096,2,1,1,2l.csv
4096,15,13,2,3a.csv
4096,5,2,3,3b.csv
4096,0,0,0,3c.csv
4096,0,0,0,3d.csv
4096,0,0,0,3e.csv
4096,0,0,0,3f.csv
4096,0,0,0,3g.csv
4097,8,7,1,1a.csv
4097,3,3,0,1b.csv
4097,2,1,1,1c.csv
4097,1,1,0,1e.csv
4097,0,0,0,1f.csv
4097,0,0,0,1g.csv
4097,0,0,0,1h.csv
4097,0,0,0,1i.csv
4097,0,0,0,1j.csv
4097,1,1,0,1k.csv
4097,0,0,0,1l.csv
4097,0,0,0,1m.csv
4097,0,0,0,2a.csv
4097,0,0,0,2b.csv
4097,0,0,0,2c.csv
4097,0,0,0,2d.csv
4097,0,0,0,2e.csv
4097,2,2,0,2f.csv
4097,0,0,0,2g.csv
4097,0,0,0,2h.csv
4097,0,0,0,2i.csv
4097,1,1,0,2j.csv
4097,0,0,0,2k.csv
4097,2,1,1,2l.csv
4097,18,16,2,3a.csv
4097,2,0,2,3b.csv
4097,0,0,0,3c.csv
4097,0,0,0,3d.csv
4097,0,0,0,3e.csv
4097,0,0,0,3f.csv
4097,0,0,0,3g.csv
4098,7,6,1,1a.csv
4098,3,3,0,1b.csv
4098,1,0,1,1c.csv
4098,1,1,0,1e.csv
4098,0,0,0,1f.csv
4098,0,0,0,1g.csv
4098,0,0,0,1h.csv
4098,0,0,0,1i.csv
4098,0,0,0,1j.csv
4098,2,2,0,1k.csv
4098,0,0,0,1l.csv
4098,0,0,0,1m.csv
4098,0,0,0,2a.csv
4098,0,0,0,2b.csv
4098,0,0,0,2c.csv
4098,0,0,0,2d.csv
4098,0,0,0,2e.csv
4098,2,2,0,2f.csv
4098,0,0,0,2g.csv
4098,0,0,0,2h.csv
4098,0,0,0,2i.csv
4098,1,1,0,2j.csv
4098,0,0,0,2k.csv
4098,2,1,1,2l.csv
4098,20,18,2,3a.csv
4098,3,1,2,3b.csv
4098,0,0,0,3c.csv
4098,0,0,0,3d.csv
4098,0,0,0,3e.csv
4098,0,0,0,3f.csv
4098,0,0,0,3g.csv
4099,8,7,1,1a.csv
4099,3,3,0,1b.csv
4099,2,0,2,1c.csv
4099,1,1,0,1e.csv
4099,0,0,0,1f.csv
4099,0,0,0,1g.csv
4099,0,0,0,1h.csv
4099,0,0,0,1i.csv
4099,0,0,0,1j.csv
4099,2,2,0,1k.csv
4099,0,0,0,1l.csv
4099,0,0,0,1m.csv
4099,0,0,0,2a.csv
4099,0,0,0,2b.csv
4099,0,0,0,2c.csv
4099,0,0,0,2d.csv
4099,0,0,0,2e.csv
4099,2,2,0,2f.csv
4099,0,0,0,2g.csv
4099,0,0,0,2h.csv
4099,0,0,0,2i.csv
4099,1,1,0,2j.csv
4099,0,0,0,2k.csv
4099,2,1,1,2l.csv
4099,22,20,2,3a.csv
4099,3,1,2,3b.csv
4099,0,0,0,3c.csv
4099,0,0,0,3d.csv
4099,0,0,0,3e.csv
4099,0,0,0,3f.csv
4099,0,0,0,3g.csv
4100,8,7,1,1a.csv
4100,4,3,1,1b.csv
4100,2,0,2,1c.csv
4100,1,1,0,1e.csv
4100,0,0,0,1f.csv
4100,0,0,0,1g.csv
4100,0,0,0,1h.csv
4100,0,0,0,1i.csv
4100,0,0,0,1j.csv
4100,2,2,0,1k.csv
4100,0,0,0,1l.csv
4100,0,0,0,1m.csv
4100,0,0,0,2a.csv
4100,0,0,0,2b.csv
4100,0,0,0,2c.csv
4100,0,0,0,2d.csv
4100,0,0,0,2e.csv
4100,2,2,0,2f.csv
4100,1,1,0,2g.csv
4100,0,0,0,2h.csv
4100,0,0,0,2i.csv
4100,0,0,0,2j.csv
4100,0,0,0,2k.csv
4100,1,1,0,2l.csv
4100,21,18,3,3a.csv
4100,5,2,3,3b.csv
4100,0,0,0,3c.csv
4100,0,0,0,3d.csv
4100,0,0,0,3e.csv
4100,0,0,0,3f.csv
4100,0,0,0,3g.csv
4101,10,9,1,1a.csv
4101,5,4,1,1b.csv
4101,2,0,2,1c.csv
4101,1,1,0,1e.csv
4101,0,0,0,1f.csv
4101,0,0,0,1g.csv
4101,0,0,0,1h.csv
4101,0,0,0,1i.csv
4101,0,0,0,1j.csv
4101,2,2,0,1k.csv
4101,0,0,0,1l.csv
4101,0,0,0,1m.csv
4101,0,0,0,2a.csv
4101,0,0,0,2b.csv
4101,0,0,0,2c.csv
4101,0,0,0,2d.csv
4101,0,0,0,2e.csv
4101,1,1,0,2f.csv
4101,1,1,0,2g.csv
4101,0,0,0,2h.csv
4101,0,0,0,2i.csv
4101,0,0,0,2j.csv
4101,0,0,0,2k.csv
4101,1,1,0,2l.csv
4101,23,19,4,3a.csv
4101,6,2,4,3b.csv
4101,0,0,0,3c.csv
4101,0,0,0,3d.csv
4101,0,0,0,3e.csv
4101,0,0,0,3f.csv
4101,0,0,0,3g.csv
4102,10,9,1,1a.csv
4102,6,5,1,1b.csv
4102,2,0,2,1c.csv
4102,1,1,0,1e.csv
4102,0,0,0,1f.csv
4102,0,0,0,1g.csv
4102,0,0,0,1h.csv
4102,0,0,0,1i.csv
4102,0,0,0,1j.csv
4102,2,2,0,1k.csv
4102,0,0,0,1l.csv
4102,0,0,0,1m.csv
4102,0,0,0,2a.csv
4102,0,0,0,2b.csv
4102,0,0,0,2c.csv
4102,0,0,0,2d.csv
4102,0,0,0,2e.csv
4102,1,1,0,2f.csv
4102,1,1,0,2g.csv
4102,0,0,0,2h.csv
4102,0,0,0,2i.csv
4102,0,0,0,2j.csv
4102,0,0,0,2k.csv
4102,0,0,0,2l.csv
4102,24,20,4,3a.csv
4102,5,2,3,3b.csv
4102,0,0,0,3c.csv
4102,0,0,0,3d.csv
4102,0,0,0,3e.csv
4102,0,0,0,3f.csv
4102,1,1,0,3g.csv
4103,11,10,1,1a.csv
4103,7,6,1,1b.csv
4103,3,1,2,1c.csv
4103,1,1,0,1e.csv
4103,0,0,0,1f.csv
4103,0,0,0,1g.csv
4103,0,0,0,1h.csv
4103,0,0,0,1i.csv
4103,0,0,0,1j.csv
4103,2,2,0,1k.csv
4103,0,0,0,1l.csv
4103,0,0,0,1m.csv
4103,0,0,0,2a.csv
4103,0,0,0,2b.csv
4103,0,0,0,2c.csv
4103,0,0,0,2d.csv
4103,0,0,0,2e.csv
4103,3,3,0,2f.csv
4103,1,1,0,2g.csv
4103,0,0,0,2h.csv
4103,0,0,0,2i.csv
4103,0,0,0,2j.csv
4103,0,0,0,2k.csv
4103,0,0,0,2l.csv
4103,24,20,4,3a.csv
4103,5,2,3,3b.csv
4103,0,0,0,3c.csv
4103,0,0,0,3d.csv
4103,0,0,0,3e.csv
4103,0,0,0,3f.csv
4103,1,1,0,3g.csv
4104,10,10,0,1a.csv
4104,7,6,1,1b.csv
4104,3,1,2,1c.csv
4104,1,1,0,1e.csv
4104,0,0,0,1f.csv
4104,0,0,0,1g.csv
4104,0,0,0,1h.csv
4104,0,0,0,1i.csv
4104,0,0,0,1j.csv
4104,2,2,0,1k.csv
4104,0,0,0,1l.csv
4104,0,0,0,1m.csv
4104,0,0,0,2a.csv
4104,0,0,0,2b.csv
4104,0,0,0,2c.csv
4104,0,0,0,2d.csv
4104,0,0,0,2e.csv
4104,3,3,0,2f.csv
4104,1,1,0,2g.csv
4104,0,0,0,2h.csv
4104,0,0,0,2i.csv
4104,0,0,0,2j.csv
4104,0,0,0,2k.csv
4104,0,0,0,2l.csv
4104,23,19,4,3a.csv
4104,5,2,3,3b.csv
4104,0,0,0,3c.csv
4104,0,0,0,3d.csv
4104,0,0,0,3e.csv
4104,0,0,0,3f.csv
4104,1,1,0,3g.csv
4105,9,9,0,1a.csv
4105,9,8,1,1b.csv
4105,2,1,1,1c.csv
4105,1,1,0,1e.csv
4105,0,0,0,1f.csv
4105,0,0,0,1g.csv
4105,0,0,0,1h.csv
4105,0,0,0,1i.csv
4105,0,0,0,1j.csv
4105,2,2,0,1k.csv
4105,0,0,0,1l.csv
4105,0,0,0,1m.csv
4105,0,0,0,2a.csv
4105,0,0,0,2b.csv
4105,0,0,0,2c.csv
4105,0,0,0,2d.csv
4105,0,0,0,2e.csv
4105,4,4,0,2f.csv
4105,1,1,0,2g.csv
4105,0,0,0,2h.csv
4105,0,0,0,2i.csv
4105,1,1,0,2j.csv
4105,0,0,0,2k.csv
4105,0,0,0,2l.csv
4105,24,21,3,3a.csv
4105,6,3,3,3b.csv
4105,0,0,0,3c.csv
4105,0,0,0,3d.csv
4105,0,0,0,3e.csv
4105,0,0,0,3f.csv
4105,1,1,0,3g.csv
4106,11,11,0,1a.csv
4106,10,8,2,1b.csv
4106,3,2,1,1c.csv
4106,1,1,0,1e.csv
4106,0,0,0,1f.csv
4106,0,0,0,1g.csv
4106,0,0,0,1h.csv
4106,0,0,0,1i.csv
4106,0,0,0,1j.csv
4106,1,1,0,1k.csv
4106,0,0,0,1l.csv
4106,0,0,0,1m.csv
4106,0,0,0,2a.csv
4106,0,0,0,2b.csv
4106,0,0,0,2c.csv
4106,0,0,0,2d.csv
4106,0,0,0,2e.csv
4106,4,4,0,2f.csv
4106,1,1,0,2g.csv
4106,0,0,0,2h.csv
4106,0,0,0,2i.csv
4106,1,1,0,2j.csv
4106,0,0,0,2k.csv
4106,0,0,0,2l.csv
4106,25,21,4,3a.csv
4106,6,3,3,3b.csv
4106,0,0,0,3c.csv
4106,0,0,0,3d.csv
4106,0,0,0,3e.csv
4106,0,0,0,3f.csv
4106,1,1,0,3g.csv
4107,9,9,0,1a.csv
4107,10,8,2,1b.csv
4107,3,3,0,1c.csv
4107,1,1,0,1e.csv
4107,0,0,0,1f.csv
4107,0,0,0,1g.csv
4107,0,0,0,1h.csv
4107,0,0,0,1i.csv
4107,0,0,0,1j.csv
4107,1,1,0,1k.csv
4107,0,0,0,1l.csv
4107,0,0,0,1m.csv
4107,0,0,0,2a.csv
4107,0,0,0,2b.csv
4107,0,0,0,2c.csv
4107,0,0,0,2d.csv
4107,0,0,0,2e.csv
4107,4,4,0,2f.csv
4107,1,1,0,2g.csv
4107,0,0,0,2h.csv
4107,0,0,0,2i.csv
4107,1,1,0,2j.csv
4107,0,0,0,2k.csv
4107,0,0,0,2l.csv
4107,26,23,3,3a.csv
4107,7,4,3,3b.csv
4107,0,0,0,3c.csv
4107,0,0,0,3d.csv
4107,0,0,0,3e.csv
4107,0,0,0,3f.csv
4107,1,1,0,3g.csv
4108,9,8,1,1a.csv
4108,9,8,1,1b.csv
4108,3,3,0,1c.csv
4108,1,1,0,1e.csv
4108,0,0,0,1f.csv
4108,0,0,0,1g.csv
4108,0,0,0,1h.csv
4108,0,0,0,1i.csv
4108,0,0,0,1j.csv
4108,2,2,0,1k.csv
4108,0,0,0,1l.csv
4108,0,0,0,1m.csv
4108,0,0,0,2a.csv
4108,0,0,0,2b.csv
4108,0,0,0,2c.csv
4108,0,0,0,2d.csv
4108,0,0,0,2e.csv
4108,4,4,0,2f.csv
4108,0,0,0,2g.csv
4108,0,0,0,2h.csv
4108,0,0,0,2i.csv
4108,1,1,0,2j.csv
4108,0,0,0,2k.csv
4108,0,0,0,2l.csv
4108,26,24,2,3a.csv
4108,6,4,2,3b.csv
4108,0,0,0,3c.csv
4108,0,0,0,3d.csv
4108,0,0,0,3e.csv
4108,0,0,0,3f.csv
4108,1,1,0,3g.csv
4109,7,6,1,1a.csv
4109,7,6,1,1b.csv
4109,3,3,0,1c.csv
4109,0,0,0,1e.csv
4109,0,0,0,1f.csv
4109,0,0,0,1g.csv
4109,0,0,0,1h.csv
4109,0,0,0,1i.csv
4109,2,1,1,1j.csv
4109,2,2,0,1k.csv
4109,0,0,0,1l.csv
4109,0,0,0,1m.csv
4109,0,0,0,2a.csv
4109,0,0,0,2b.csv
4109,0,0,0,2c.csv
4109,0,0,0,2d.csv
4109,0,0,0,2e.csv
4109,6,6,0,2f.csv
4109,0,0,0,2g.csv
4109,0,0,0,2h.csv
4109,0,0,0,2i.csv
4109,1,1,0,2j.csv
4109,0,0,0,2k.csv
4109,0,0,0,2l.csv
4109,25,24,1,3a.csv
4109,8,6,2,3b.csv
4109,0,0,0,3c.csv
4109,0,0,0,3d.csv
4109,0,0,0,3e.csv
4109,0,0,0,3f.csv
4109,0,0,0,3g.csv
4110,7,6,1,1a.csv
4110,6,5,1,1b.csv
4110,4,4,0,1c.csv
4110,0,0,0,1e.csv
4110,0,0,0,1f.csv
4110,0,0,0,1g.csv
4110,0,0,0,1h.csv
4110,0,0,0,1i.csv
4110,2,1,1,1j.csv
4110,2,2,0,1k.csv
4110,0,0,0,1l.csv
4110,0,0,0,1m.csv
4110,0,0,0,2a.csv
4110,0,0,0,2b.csv
4110,0,0,0,2c.csv
4110,0,0,0,2d.csv
4110,0,0,0,2e.csv
4110,5,5,0,2f.csv
4110,0,0,0,2g.csv
4110,0,0,0,2h.csv
4110,0,0,0,2i.csv
4110,1,1,0,2j.csv
4110,0,0,0,2k.csv
4110,0,0,0,2l.csv
4110,21,20,1,3a.csv
4110,7,6,1,3b.csv
4110,0,0,0,3c.csv
4110,0,0,0,3d.csv
4110,0,0,0,3e.csv
4110,0,0,0,3f.csv
4110,0,0,0,3g.csv
4111,7,6,1,1a.csv
4111,6,5,1,1b.csv
4111,3,3,0,1c.csv
4111,0,0,0,1e.csv
4111,0,0,0,1f.csv
4111,0,0,0,1g.csv
4111,0,0,0,1h.csv
4111,0,0,0,1i.csv
4111,2,1,1,1j.csv
4111,2,2,0,1k.csv
4111,0,0,0,1l.csv
4111,0,0,0,1m.csv
4111,0,0,0,2a.csv
4111,0,0,0,2b.csv
4111,0,0,0,2c.csv
4111,0,0,0,2d.csv
4111,0,0,0,2e.csv
4111,3,3,0,2f.csv
4111,0,0,0,2g.csv
4111,0,0,0,2h.csv
4111,0,0,0,2i.csv
4111,1,1,0,2j.csv
4111,0,0,0,2k.csv
4111,0,0,0,2l.csv
4111,19,18,1,3a.csv
4111,11,9,2,3b.csv
4111,0,0,0,3c.csv
4111,0,0,0,3d.csv
4111,0,0,0,3e.csv
4111,0,0,0,3f.csv
4111,0,0,0,3g.csv
4112,7,6,1,1a.csv
4112,6,5,1,1b.csv
4112,3,3,0,1c.csv
4112,0,0,0,1e.csv
4112,0,0,0,1f.csv
4112,0,0,0,1g.csv
4112,0,0,0,1h.csv
4112,0,0,0,1i.csv
4112,2,1,1,1j.csv
4112,3,2,1,1k.csv
4112,0,0,0,1l.csv
4112,0,0,0,1m.csv
4112,0,0,0,2a.csv
4112,0,0,0,2b.csv
4112,0,0,0,2c.csv
4112,0,0,0,2d.csv
4112,0,0,0,2e.csv
4112,4,4,0,2f.csv
4112,0,0,0,2g.csv
4112,0,0,0,2h.csv
4112,0,0,0,2i.csv
4112,1,1,0,2j.csv
4112,0,0,0,2k.csv
4112,0,0,0,2l.csv
4112,18,17,1,3a.csv
4112,15,12,3,3b.csv
4112,0,0,0,3c.csv
4112,0,0,0,3d.csv
4112,0,0,0,3e.csv
4112,0,0,0,3f.csv
4112,0,0,0,3g.csv
4113,7,6,1,1a.csv
4113,5,4,1,1b.csv
4113,3,3,0,1c.csv
4113,0,0,0,1e.csv
4113,0,0,0,1f.csv
4113,0,0,0,1g.csv
4113,0,0,0,1h.csv
4113,0,0,0,1i.csv
4113,3,2,1,1j.csv
4113,3,2,1,1k.csv
4113,0,0,0,1l.csv
4113,0,0,0,1m.csv
4113,0,0,0,2a.csv
4113,0,0,0,2b.csv
4113,0,0,0,2c.csv
4113,0,0,0,2d.csv
4113,0,0,0,2e.csv
4113,3,3,0,2f.csv
4113,1,1,0,2g.csv
4113,0,0,0,2h.csv
4113,0,0,0,2i.csv
4113,0,0,0,2j.csv
4113,0,0,0,2k.csv
4113,0,0,0,2l.csv
4113,17,15,2,3a.csv
4113,16,12,4,3b.csv
4113,0,0,0,3c.csv
4113,0,0,0,3d.csv
4113,0,0,0,3e.csv
4113,0,0,0,3f.csv
4113,0,0,0,3g.csv
4114,5,4,1,1a.csv
4114,4,4,0,1b.csv
4114,2,2,0,1c.csv
4114,0,0,0,1e.csv
4114,0,0,0,1f.csv
4114,0,0,0,1g.csv
4114,0,0,0,1h.csv
4114,0,0,0,1i.csv
4114,6,3,3,1j.csv
4114,3,2,1,1k.csv
4114,0,0,0,1l.csv
4114,0,0,0,1m.csv
4114,0,0,0,2a.csv
4114,0,0,0,2b.csv
4114,0,0,0,2c.csv
4114,0,0,0,2d.csv
4114,0,0,0,2e.csv
4114,3,3,0,2f.csv
4114,1,1,0,2g.csv
4114,0,0,0,2h.csv
4114,0,0,0,2i.csv
4114,0,0,0,2j.csv
4114,0,0,0,2k.csv
4114,0,0,0,2l.csv
4114,18,17,1,3a.csv
4114,16,12,4,3b.csv
4114,0,0,0,3c.csv
4114,0,0,0,3d.csv
4114,0,0,0,3e.csv
4114,0,0,0,3f.csv
4114,0,0,0,3g.csv
4115,6,5,1,1a.csv
4115,5,5,0,1b.csv
4115,1,1,0,1c.csv
4115,0,0,0,1e.csv
4115,0,0,0,1f.csv
4115,0,0,0,1g.csv
4115,0,0,0,1h.csv
4115,0,0,0,1i.csv
4115,6,3,3,1j.csv
4115,3,2,1,1k.csv
4115,0,0,0,1l.csv
4115,0,0,0,1m.csv
4115,0,0,0,2a.csv
4115,0,0,0,2b.csv
4115,0,0,0,2c.csv
4115,0,0,0,2d.csv
4115,0,0,0,2e.csv
4115,3,3,0,2f.csv
4115,1,1,0,2g.csv
4115,0,0,0,2h.csv
4115,0,0,0,2i.csv
4115,0,0,0,2j.csv
4115,0,0,0,2k.csv
4115,0,0,0,2l.csv
4115,16,15,1,3a.csv
4115,16,12,4,3b.csv
4115,0,0,0,3c.csv
4115,0,0,0,3d.csv
4115,0,0,0,3e.csv
4115,0,0,0,3f.csv
4115,0,0,0,3g.csv
4116,5,5,0,1a.csv
4116,6,6,0,1b.csv
4116,1,1,0,1c.csv
4116,0,0,0,1e.csv
4116,0,0,0,1f.csv
4116,0,0,0,1g.csv
4116,1,0,1,1h.csv
4116,0,0,0,1i.csv
4116,6,3,3,1j.csv
4116,2,1,1,1k.csv
4116,0,0,0,1l.csv
4116,1,1,0,1m.csv
4116,0,0,0,2a.csv
4116,0,0,0,2b.csv
4116,0,0,0,2c.csv
4116,0,0,0,2d.csv
4116,0,0,0,2e.csv
4116,3,3,0,2f.csv
4116,1,1,0,2g.csv
4116,0,0,0,2h.csv
4116,0,0,0,2i.csv
4116,0,0,0,2j.csv
4116,0,0,0,2k.csv
4116,0,0,0,2l.csv
4116,15,14,1,3a.csv
4116,14,11,3,3b.csv
4116,0,0,0,3c.csv
4116,0,0,0,3d.csv
4116,0,0,0,3e.csv
4116,0,0,0,3f.csv
4116,0,0,0,3g.csv
4117,6,6,0,1a.csv
4117,6,6,0,1b.csv
4117,1,1,0,1c.csv
4117,0,0,0,1e.csv
4117,0,0,0,1f.csv
4117,0,0,0,1g.csv
4117,1,0,1,1h.csv
4117,0,0,0,1i.csv
4117,4,2,2,1j.csv
4117,1,0,1,1k.csv
4117,0,0,0,1l.csv
4117,1,1,0,1m.csv
4117,0,0,0,2a.csv
4117,0,0,0,2b.csv
4117,0,0,0,2c.csv
4117,0,0,0,2d.csv
4117,0,0,0,2e.csv
4117,1,1,0,2f.csv
4117,1,1,0,2g.csv
4117,0,0,0,2h.csv
4117,0,0,0,2i.csv
4117,0,0,0,2j.csv
4117,0,0,0,2k.csv
4117,0,0,0,2l.csv
4117,17,16,1,3a.csv
4117,12,9,3,3b.csv
4117,0,0,0,3c.csv
4117,0,0,0,3d.csv
4117,0,0,0,3e.csv
4117,0,0,0,3f.csv
4117,0,0,0,3g.csv
4118,6,6,0,1a.csv
4118,8,8,0,1b.csv
4118,0,0,0,1c.csv
4118,0,0,0,1e.csv
4118,0,0,0,1f.csv
4118,0,0,0,1g.csv
4118,2,1,1,1h.csv
4118,0,0,0,1i.csv
4118,6,4,2,1j.csv
4118,1,0,1,1k.csv
4118,1,1,0,1l.csv
4118,1,1,0,1m.csv
4118,0,0,0,2a.csv
4118,0,0,0,2b.csv
4118,0,0,0,2c.csv
4118,0,0,0,2d.csv
4118,0,0,0,2e.csv
4118,1,1,0,2f.csv
4118,1,1,0,2g.csv
4118,0,0,0,2h.csv
4118,0,0,0,2i.csv
4118,0,0,0,2j.csv
4118,0,0,0,2k.csv
4118,0,0,0,2l.csv
4118,18,17,1,3a.csv
4118,13,10,3,3b.csv
4118,0,0,0,3c.csv
4118,0,0,0,3d.csv
4118,0,0,0,3e.csv
4118,0,0,0,3f.csv
4118,0,0,0,3g.csv
4119,5,5,0,1a.csv
4119,7,7,0,1b.csv
4119,0,0,0,1c.csv
4119,0,0,0,1e.csv
4119,0,0,0,1f.csv
4119,0,0,0,1g.csv
4119,2,1,1,1h.csv
4119,0,0,0,1i.csv
4119,7,5,2,1j.csv
4119,1,0,1,1k.csv
4119,2,2,0,1l.csv
4119,1,1,0,1m.csv
4119,0,0,0,2a.csv
4119,0,0,0,2b.csv
4119,1,1,0,2c.csv
4119,0,0,0,2d.csv
4119,0,0,0,2e.csv
4119,1,1,0,2f.csv
4119,1,1,0,2g.csv
4119,0,0,0,2h.csv
4119,0,0,0,2i.csv
4119,0,0,0,2j.csv
4119,0,0,0,2k.csv
4119,0,0,0,2l.csv
4119,20,18,2,3a.csv
4119,11,8,3,3b.csv
4119,0,0,0,3c.csv
4119,0,0,0,3d.csv
4119,0,0,0,3e.csv
4119,0,0,0,3f.csv
4119,0,0,0,3g.csv
4120,6,6,0,1a.csv
4120,6,6,0,1b.csv
4120,0,0,0,1c.csv
4120,0,0,0,1e.csv
4120,1,1,0,1f.csv
4120,0,0,0,1g.csv
4120,2,1,1,1h.csv
4120,0,0,0,1i.csv
4120,9,6,3,1j.csv
4120,0,0,0,1k.csv
4120,2,2,0,1l.csv
4120,1,1,0,1m.csv
4120,0,0,0,2a.csv
4120,0,0,0,2b.csv
4120,2,2,0,2c.csv
4120,0,0,0,2d.csv
4120,0,0,0,2e.csv
4120,0,0,0,2f.csv
4120,1,1,0,2g.csv
4120,0,0,0,2h.csv
4120,0,0,0,2i.csv
4120,0,0,0,2j.csv
4120,0,0,0,2k.csv
4120,0,0,0,2l.csv
4120,23,21,2,3a.csv
4120,9,6,3,3b.csv
4120,0,0,0,3c.csv
4120,0,0,0,3d.csv
4120,0,0,0,3e.csv
4120,0,0,0,3f.csv
4120,0,0,0,3g.csv
4121,9,8,1,1a.csv
4121,5,5,0,1b.csv
4121,0,0,0,1c.csv
4121,0,0,0,1e.csv
4121,1,1,0,1f.csv
4121,0,0,0,1g.csv
4121,2,1,1,1h.csv
4121,0,0,0,1i.csv
4121,8,5,3,1j.csv
4121,0,0,0,1k.csv
4121,2,2,0,1l.csv
4121,1,1,0,1m.csv
4121,0,0,0,2a.csv
4121,0,0,0,2b.csv
4121,3,3,0,2c.csv
4121,0,0,0,2d.csv
4121,0,0,0,2e.csv
4121,0,0,0,2f.csv
4121,0,0,0,2g.csv
4121,0,0,0,2h.csv
4121,0,0,0,2i.csv
4121,0,0,0,2j.csv
4121,0,0,0,2k.csv
4121,0,0,0,2l.csv
4121,24,22,2,3a.csv
4121,11,9,2,3b.csv
4121,0,0,0,3c.csv
4121,0,0,0,3d.csv
4121,0,0,0,3e.csv
4121,0,0,0,3f.csv
4121,0,0,0,3g.csv
4122,11,10,1,1a.csv
4122,6,6,0,1b.csv
4122,0,0,0,1c.csv
4122,0,0,0,1e.csv
4122,1,1,0,1f.csv
4122,0,0,0,1g.csv
4122,2,1,1,1h.csv
4122,0,0,0,1i.csv
4122,5,4,1,1j.csv
4122,0,0,0,1k.csv
4122,2,2,0,1l.csv
4122,1,1,0,1m.csv
4122,0,0,0,2a.csv
4122,0,0,0,2b.csv
4122,3,3,0,2c.csv
4122,0,0,0,2d.csv
4122,0,0,0,2e.csv
4122,1,1,0,2f.csv
4122,0,0,0,2g.csv
4122,0,0,0,2h.csv
4122,0,0,0,2i.csv
4122,0,0,0,2j.csv
4122,0,0,0,2k.csv
4122,0,0,0,2l.csv
4122,22,20,2,3a.csv
4122,12,10,2,3b.csv
4122,0,0,0,3c.csv
4122,0,0,0,3d.csv
4122,0,0,0,3e.csv
4122,0,0,0,3f.csv
4122,0,0,0,3g.csv
4123,12,11,1,1a.csv
4123,7,7,0,1b.csv
4123,0,0,0,1c.csv
4123,0,0,0,1e.csv
4123,1,1,0,1f.csv
4123,0,0,0,1g.csv
4123,2,1,1,1h.csv
4123,1,1,0,1i.csv
4123,5,4,1,1j.csv
4123,0,0,0,1k.csv
4123,2,2,0,1l.csv
4123,1,1,0,1m.csv
4123,0,0,0,2a.csv
4123,0,0,0,2b.csv
4123,4,4,0,2c.csv
4123,0,0,0,2d.csv
4123,0,0,0,2e.csv
4123,1,1,0,2f.csv
4123,0,0,0,2g.csv
4123,0,0,0,2h.csv
4123,0,0,0,2i.csv
4123,0,0,0,2j.csv
4123,0,0,0,2k.csv
4123,0,0,0,2l.csv
4123,26,24,2,3a.csv
4123,12,10,2,3b.csv
4123,0,0,0,3c.csv
4123,0,0,0,3d.csv
4123,0,0,0,3e.csv
4123,0,0,0,3f.csv
4123,0,0,0,3g.csv
4124,11,10,1,1a.csv
4124,8,6,2,1b.csv
4124,0,0,0,1c.csv
4124,0,0,0,1e.csv
4124,1,1,0,1f.csv
4124,0,0,0,1g.csv
4124,1,1,0,1h.csv
4124,1,1,0,1i.csv
4124,5,4,1,1j.csv
4124,0,0,0,1k.csv
4124,4,4,0,1l.csv
4124,0,0,0,1m.csv
4124,0,0,0,2a.csv
4124,0,0,0,2b.csv
4124,4,4,0,2c.csv
4124,0,0,0,2d.csv
4124,0,0,0,2e.csv
4124,2,1,1,2f.csv
4124,0,0,0,2g.csv
4124,0,0,0,2h.csv
4124,0,0,0,2i.csv
4124,0,0,0,2j.csv
4124,0,0,0,2k.csv
4124,0,0,0,2l.csv
4124,32,30,2,3a.csv
4124,15,13,2,3b.csv
4124,0,0,0,3c.csv
4124,0,0,0,3d.csv
4124,0,0,0,3e.csv
4124,0,0,0,3f.csv
4124,0,0,0,3g.csv
4125,9,8,1,1a.csv
4125,8,6,2,1b.csv
4125,1,1,0,1c.csv
4125,0,0,0,1e.csv
4125,2,2,0,1f.csv
4125,0,0,0,1g.csv
4125,2,2,0,1h.csv
4125,1,1,0,1i.csv
4125,5,4,1,1j.csv
4125,0,0,0,1k.csv
4125,4,4,0,1l.csv
4125,0,0,0,1m.csv
4125,0,0,0,2a.csv
4125,0,0,0,2b.csv
4125,4,4,0,2c.csv
4125,0,0,0,2d.csv
4125,0,0,0,2e.csv
4125,2,1,1,2f.csv
4125,0,0,0,2g.csv
4125,0,0,0,2h.csv
4125,0,0,0,2i.csv
4125,0,0,0,2j.csv
4125,0,0,0,2k.csv
4125,0,0,0,2l.csv
4125,31,28,3,3a.csv
4125,17,15,2,3b.csv
4125,0,0,0,3c.csv
4125,0,0,0,3d.csv
4125,0,0,0,3e.csv
4125,0,0,0,3f.csv
4125,0,0,0,3g.csv
4126,10,9,1,1a.csv
4126,9,6,3,1b.csv
4126,1,1,0,1c.csv
4126,0,0,0,1e.csv
4126,2,2,0,1f.csv
4126,0,0,0,1g.csv
4126,1,1,0,1h.csv
4126,1,1,0,1i.csv
4126,4,3,1,1j.csv
4126,0,0,0,1k.csv
4126,3,3,0,1l.csv
4126,0,0,0,1m.csv
4126,0,0,0,2a.csv
4126,0,0,0,2b.csv
4126,4,4,0,2c.csv
4126,0,0,0,2d.csv
4126,0,0,0,2e.csv
4126,2,1,1,2f.csv
4126,0,0,0,2g.csv
4126,0,0,0,2h.csv
4126,0,0,0,2i.csv
4126,0,0,0,2j.csv
4126,0,0,0,2k.csv
4126,0,0,0,2l.csv
4126,36,33,3,3a.csv
4126,19,17,2,3b.csv
4126,0,0,0,3c.csv
4126,0,0,0,3d.csv
4126,0,0,0,3e.csv
4126,0,0,0,3f.csv
4126,0,0,0,3g.csv
4127,10,9,1,1a.csv
4127,9,6,3,1b.csv
4127,1,1,0,1c.csv
4127,0,0,0,1e.csv
4127,2,2,0,1f.csv
4127,0,0,0,1g.csv
4127,1,1,0,1h.csv
4127,1,1,0,1i.csv
4127,3,2,1,1j.csv
4127,1,1,0,1k.csv
4127,2,2,0,1l.csv
4127,0,0,0,1m.csv
4127,0,0,0,2a.csv
4127,0,0,0,2b.csv
4127,4,4,0,2c.csv
4127,0,0,0,2d.csv
4127,0,0,0,2e.csv
4127,3,2,1,2f.csv
4127,0,0,0,2g.csv
4127,0,0,0,2h.csv
4127,0,0,0,2i.csv
4127,0,0,0,2j.csv
4127,0,0,0,2k.csv
4127,0,0,0,2l.csv
4127,38,36,2,3a.csv
4127,17,16,1,3b.csv
4127,0,0,0,3c.csv
4127,0,0,0,3d.csv
4127,0,0,0,3e.csv
4127,0,0,0,3f.csv
4127,0,0,0,3g.csv
4128,10,9,1,1a.csv
4128,11,7,4,1b.csv
4128,1,1,0,1c.csv
4128,0,0,0,1e.csv
4128,1,1,0,1f.csv
4128,0,0,0,1g.csv
4128,1,1,0,1h.csv
4128,1,1,0,1i.csv
4128,2,2,0,1j.csv
4128,1,1,0,1k.csv
4128,2,2,0,1l.csv
4128,0,0,0,1m.csv
4128,0,0,0,2a.csv
4128,0,0,0,2b.csv
4128,3,3,0,2c.csv
4128,0,0,0,2d.csv
4128,0,0,0,2e.csv
4128,3,2,1,2f.csv
4128,0,0,0,2g.csv
4128,0,0,0,2h.csv
4128,0,0,0,2i.csv
4128,0,0,0,2j.csv
4128,0,0,0,2k.csv
4128,0,0,0,2l.csv
4128,36,34,2,3a.csv
4128,20,18,2,3b.csv
4128,0,0,0,3c.csv
4128,0,0,0,3d.csv
4128,0,0,0,3e.csv
4128,0,0,0,3f.csv
4128,0,0,0,3g.csv
4129,9,8,1,1a.csv
4129,11,7,4,1b.csv
4129,1,1,0,1c.csv
4129,0,0,0,1e.csv
4129,1,1,0,1f.csv
4129,0,0,0,1g.csv
4129,1,1,0,1h.csv
4129,1,1,0,1i.csv
4129,2,2,0,1j.csv
4129,2,1,1,1k.csv
4129,2,2,0,1l.csv
4129,0,0,0,1m.csv
4129,0,0,0,2a.csv
4129,0,0,0,2b.csv
4129,2,2,0,2c.csv
4129,0,0,0,2d.csv
4129,0,0,0,2e.csv
4129,3,2,1,2f.csv
4129,0,0,0,2g.csv
4129,0,0,0,2h.csv
4129,0,0,0,2i.csv
4129,0,0,0,2j.csv
4129,0,0,0,2k.csv
4129,0,0,0,2l.csv
4129,35,34,1,3a.csv
4129,20,18,2,3b.csv
4129,0,0,0,3c.csv
4129,0,0,0,3d.csv
4129,0,0,0,3e.csv
4129,0,0,0,3f.csv
4129,0,0,0,3g.csv
4130,10,8,2,1a.csv
4130,10,6,4,1b.csv
4130,1,1,0,1c.csv
4130,0,0,0,1e.csv
4130,1,1,0,1f.csv
4130,0,0,0,1g.csv
4130,1,1,0,1h.csv
4130,1,1,0,1i.csv
4130,2,2,0,1j.csv
4130,2,1,1,1k.csv
4130,2,2,0,1l.csv
4130,0,0,0,1m.csv
4130,0,0,0,2a.csv
4130,0,0,0,2b.csv
4130,2,2,0,2c.csv
4130,0,0,0,2d.csv
4130,0,0,0,2e.csv
4130,2,1,1,2f.csv
4130,0,0,0,2g.csv
4130,0,0,0,2h.csv
4130,0,0,0,2i.csv
4130,0,0,0,2j.csv
4130,0,0,0,2k.csv
4130,0,0,0,2l.csv
4130,34,33,1,3a.csv
4130,19,17,2,3b.csv
4130,0,0,0,3c.csv
4130,0,0,0,3d.csv
4130,0,0,0,3e.csv
4130,0,0,0,3f.csv
4130,0,0,0,3g.csv
4131,9,7,2,1a.csv
4131,8,4,4,1b.csv
4131,1,1,0,1c.csv
4131,1,1,0,1e.csv
4131,1,1,0,1f.csv
4131,0,0,0,1g.csv
4131,1,1,0,1h.csv
4131,0,0,0,1i.csv
4131,2,2,0,1j.csv
4131,2,1,1,1k.csv
4131,2,2,0,1l.csv
4131,0,0,0,1m.csv
4131,0,0,0,2a.csv
4131,0,0,0,2b.csv
4131,1,1,0,2c.csv
4131,0,0,0,2d.csv
4131,0,0,0,2e.csv
4131,2,1,1,2f.csv
4131,0,0,0,2g.csv
4131,0,0,0,2h.csv
4131,0,0,0,2i.csv
4131,0,0,0,2j.csv
4131,0,0,0,2k.csv
4131,0,0,0,2l.csv
4131,30,29,1,3a.csv
4131,21,18,3,3b.csv
4131,0,0,0,3c.csv
4131,0,0,0,3d.csv
4131,0,0,0,3e.csv
4131,0,0,0,3f.csv
4131,0,0,0,3g.csv
4132,10,8,2,1a.csv
4132,6,4,2,1b.csv
4132,1,1,0,1c.csv
4132,1,1,0,1e.csv
4132,1,1,0,1f.csv
4132,0,0,0,1g.csv
4132,1,1,0,1h.csv
4132,0,0,0,1i.csv
4132,2,2,0,1j.csv
4132,2,1,1,1k.csv
4132,0,0,0,1l.csv
4132,0,0,0,1m.csv
4132,0,0,0,2a.csv
4132,0,0,0,2b.csv
4132,2,2,0,2c.csv
4132,0,0,0,2d.csv
4132,0,0,0,2e.csv
4132,1,1,0,2f.csv
4132,0,0,0,2g.csv
4132,0,0,0,2h.csv
4132,0,0,0,2i.csv
4132,0,0,0,2j.csv
4132,0,0,0,2k.csv
4132,0,0,0,2l.csv
4132,28,27,1,3a.csv
4132,21,18,3,3b.csv
4132,0,0,0,3c.csv
4132,0,0,0,3d.csv
4132,0,0,0,3e.csv
4132,0,0,0,3f.csv
4132,0,0,0,3g.csv
4133,12,9,3,1a.csv
4133,6,4,2,1b.csv
4133,0,0,0,1c.csv
4133,1,1,0,1e.csv
4133,0,0,0,1f.csv
4133,0,0,0,1g.csv
4133,0,0,0,1h.csv
4133,0,0,0,1i.csv
4133,2,2,0,1j.csv
4133,2,1,1,1k.csv
4133,0,0,0,1l.csv
4133,0,0,0,1m.csv
4133,0,0,0,2a.csv
4133,0,0,0,2b.csv
4133,2,2,0,2c.csv
4133,0,0,0,2d.csv
4133,0,0,0,2e.csv
4133,1,1,0,2f.csv
4133,0,0,0,2g.csv
4133,0,0,0,2h.csv
4133,0,0,0,2i.csv
4133,0,0,0,2j.csv
4133,0,0,0,2k.csv
4133,0,0,0,2l.csv
4133,27,27,0,3a.csv
4133,20,16,4,3b.csv
4133,0,0,0,3c.csv
4133,0,0,0,3d.csv
4133,0,0,0,3e.csv
4133,0,0,0,3f.csv
4133,0,0,0,3g.csv
4134,11,8,3,1a.csv
4134,3,2,1,1b.csv
4134,0,0,0,1c.csv
4134,1,1,0,1e.csv
4134,0,0,0,1f.csv
4134,1,1,0,1g.csv
4134,0,0,0,1h.csv
4134,0,0,0,1i.csv
4134,1,1,0,1j.csv
4134,2,1,1,1k.csv
4134,0,0,0,1l.csv
4134,0,0,0,1m.csv
4134,1,1,0,2a.csv
4134,0,0,0,2b.csv
4134,2,2,0,2c.csv
4134,0,0,0,2d.csv
4134,0,0,0,2e.csv
4134,1,1,0,2f.csv
4134,0,0,0,2g.csv
4134,0,0,0,2h.csv
4134,0,0,0,2i.csv
4134,0,0,0,2j.csv
4134,0,0,0,2k.csv
4134,0,0,0,2l.csv
4134,24,24,0,3a.csv
4134,21,17,4,3b.csv
4134,0,0,0,3c.csv
4134,0,0,0,3d.csv
4134,0,0,0,3e.csv
4134,0,0,0,3f.csv
4134,0,0,0,3g.csv
4135,12,9,3,1a.csv
4135,2,1,1,1b.csv
4135,0,0,0,1c.csv
4135,1,1,0,1e.csv
4135,0,0,0,1f.csv
4135,1,1,0,1g.csv
4135,0,0,0,1h.csv
4135,0,0,0,1i.csv
4135,1,1,0,1j.csv
4135,1,0,1,1k.csv
4135,0,0,0,1l.csv
4135,0,0,0,1m.csv
4135,1,1,0,2a.csv
4135,0,0,0,2b.csv
4135,1,1,0,2c.csv
4135,0,0,0,2d.csv
4135,0,0,0,2e.csv
4135,0,0,0,2f.csv
4135,0,0,0,2g.csv
4135,0,0,0,2h.csv
4135,0,0,0,2i.csv
4135,0,0,0,2j.csv
4135,0,0,0,2k.csv
4135,0,0,0,2l.csv
4135,26,25,1,3a.csv
4135,23,19,4,3b.csv
4135,0,0,0,3c.csv
4135,0,0,0,3d.csv
4135,0,0,0,3e.csv
4135,0,0,0,3f.csv
4135,0,0,0,3g.csv
4136,11,8,3,1a.csv
4136,0,0,0,1b.csv
4136,0,0,0,1c.csv
4136,1,1,0,1e.csv
4136,0,0,0,1f.csv
4136,1,1,0,1g.csv
4136,0,0,0,1h.csv
4136,0,0,0,1i.csv
4136,0,0,0,1j.csv
4136,1,0,1,1k.csv
4136,0,0,0,1l.csv
4136,0,0,0,1m.csv
4136,1,1,0,2a.csv
4136,0,0,0,2b.csv
4136,1,1,0,2c.csv
4136,0,0,0,2d.csv
4136,0,0,0,2e.csv
4136,0,0,0,2f.csv
4136,0,0,0,2g.csv
4136,0,0,0,2h.csv
4136,0,0,0,2i.csv
4136,0,0,0,2j.csv
4136,0,0,0,2k.csv
4136,0,0,0,2l.csv
4136,27,26,1,3a.csv
4136,19,17,2,3b.csv
4136,0,0,0,3c.csv
4136,0,0,0,3d.csv
4136,0,0,0,3e.csv
4136,0,0,0,3f.csv
4136,0,0,0,3g.csv
4137,10,8,2,1a.csv
4137,0,0,0,1b.csv
4137,1,1,0,1c.csv
4137,1,1,0,1e.csv
4137,0,0,0,1f.csv
4137,1,1,0,1g.csv
4137,1,0,1,1h.csv
4137,0,0,0,1i.csv
4137,0,0,0,1j.csv
4137,0,0,0,1k.csv
4137,0,0,0,1l.csv
4137,0,0,0,1m.csv
4137,1,1,0,2a.csv
4137,0,0,0,2b.csv
4137,2,2,0,2c.csv
4137,0,0,0,2d.csv
4137,0,0,0,2e.csv
4137,0,0,0,2f.csv
4137,0,0,0,2g.csv
4137,0,0,0,2h.csv
4137,0,0,0,2i.csv
4137,0,0,0,2j.csv
4137,0,0,0,2k.csv
4137,0,0,0,2l.csv
4137,28,27,1,3a.csv
4137,17,14,3,3b.csv
4137,0,0,0,3c.csv
4137,0,0,0,3d.csv
4137,0,0,0,3e.csv
4137,0,0,0,3f.csv
4137,0,0,0,3g.csv
4138,7,6,1,1a.csv
4138,0,0,0,1b.csv
4138,1,1,0,1c.csv
4138,1,1,0,1e.csv
4138,0,0,0,1f.csv
4138,1,1,0,1g.csv
4138,1,0,1,1h.csv
4138,0,0,0,1i.csv
4138,0,0,0,1j.csv
4138,0,0,0,1k.csv
4138,0,0,0,1l.csv
4138,1,1,0,1m.csv
4138,1,1,0,2a.csv
4138,0,0,0,2b.csv
4138,2,2,0,2c.csv
4138,0,0,0,2d.csv
4138,0,0,0,2e.csv
4138,0,0,0,2f.csv
4138,0,0,0,2g.csv
4138,0,0,0,2h.csv
4138,0,0,0,2i.csv
4138,0,0,0,2j.csv
4138,0,0,0,2k.csv
4138,0,0,0,2l.csv
4138,29,28,1,3a.csv
4138,19,16,3,3b.csv
4138,0,0,0,3c.csv
4138,0,0,0,3d.csv
4138,0,0,0,3e.csv
4138,0,0,0,3f.csv
4138,0,0,0,3g.csv
4139,7,6,1,1a.csv
4139,0,0,0,1b.csv
4139,1,1,0,1c.csv
4139,0,0,0,1e.csv
4139,0,0,0,1f.csv
4139,1,1,0,1g.csv
4139,1,0,1,1h.csv
4139,0,0,0,1i.csv
4139,0,0,0,1j.csv
4139,0,0,0,1k.csv
4139,0,0,0,1l.csv
4139,1,1,0,1m.csv
4139,2,2,0,2a.csv
4139,0,0,0,2b.csv
4139,2,2,0,2c.csv
4139,1,1,0,2d.csv
4139,0,0,0,2e.csv
4139,0,0,0,2f.csv
4139,0,0,0,2g.csv
4139,0,0,0,2h.csv
4139,0,0,0,2i.csv
4139,0,0,0,2j.csv
4139,0,0,0,2k.csv
4139,0,0,0,2l.csv
4139,29,27,2,3a.csv
4139,17,15,2,3b.csv
4139,0,0,0,3c.csv
4139,0,0,0,3d.csv
4139,0,0,0,3e.csv
4139,0,0,0,3f.csv
4139,0,0,0,3g.csv
4140,7,6,1,1a.csv
4140,0,0,0,1b.csv
4140,1,1,0,1c.csv
4140,0,0,0,1e.csv
4140,0,0,0,1f.csv
4140,1,1,0,1g.csv
4140,1,0,1,1h.csv
4140,0,0,0,1i.csv
4140,1,1,0,1j.csv
4140,0,0,0,1k.csv
4140,0,0,0,1l.csv
4140,1,1,0,1m.csv
4140,2,2,0,2a.csv
4140,0,0,0,2b.csv
4140,2,2,0,2c.csv
4140,1,1,0,2d.csv
4140,0,0,0,2e.csv
4140,1,1,0,2f.csv
4140,0,0,0,2g.csv
4140,0,0,0,2h.csv
4140,0,0,0,2i.csv
4140,0,0,0,2j.csv
4140,0,0,0,2k.csv
4140,0,0,0,2l.csv
4140,27,24,3,3a.csv
4140,14,12,2,3b.csv
4140,0,0,0,3c.csv
4140,0,0,0,3d.csv
4140,0,0,0,3e.csv
4140,0,0,0,3f.csv
4140,0,0,0,3g.csv
4141,5,5,0,1a.csv
4141,0,0,0,1b.csv
4141,1,1,0,1c.csv
4141,0,0,0,1e.csv
4141,0,0,0,1f.csv
4141,1,1,0,1g.csv
4141,1,0,1,1h.csv
4141,0,0,0,1i.csv
4141,1,1,0,1j.csv
4141,0,0,0,1k.csv
4141,0,0,0,1l.csv
4141,2,1,1,1m.csv
4141,2,2,0,2a.csv
4141,0,0,0,2b.csv
4141,3,2,1,2c.csv
4141,1,1,0,2d.csv
4141,0,0,0,2e.csv
4141,1,1,0,2f.csv
4141,0,0,0,2g.csv
4141,0,0,0,2h.csv
4141,0,0,0,2i.csv
4141,0,0,0,2j.csv
4141,0,0,0,2k.csv
4141,0,0,0,2l.csv
4141,25,22,3,3a.csv
4141,13,12,1,3b.csv
4141,0,0,0,3c.csv
4141,0,0,0,3d.csv
4141,0,0,0,3e.csv
4141,0,0,0,3f.csv
4141,0,0,0,3g.csv
4142,5,5,0,1a.csv
4142,0,0,0,1b.csv
4142,1,1,0,1c.csv
4142,0,0,0,1e.csv
4142,0,0,0,1f.csv
4142,0,0,0,1g.csv
4142,1,0,1,1h.csv
4142,0,0,0,1i.csv
4142,1,1,0,1j.csv
4142,0,0,0,1k.csv
4142,0,0,0,1l.csv
4142,2,1,1,1m.csv
4142,1,1,0,2a.csv
4142,0,0,0,2b.csv
4142,3,2,1,2c.csv
4142,1,1,0,2d.csv
4142,0,0,0,2e.csv
4142,1,1,0,2f.csv
4142,0,0,0,2g.csv
4142,0,0,0,2h.csv
4142,1,1,0,2i.csv
4142,0,0,0,2j.csv
4142,0,0,0,2k.csv
4142,0,0,0,2l.csv
4142,21,18,3,3a.csv
4142,12,10,2,3b.csv
4142,0,0,0,3c.csv
4142,0,0,0,3d.csv
4142,0,0,0,3e.csv
4142,0,0,0,3f.csv
4142,0,0,0,3g.csv
4143,5,5,0,1a.csv
4143,0,0,0,1b.csv
4143,2,2,0,1c.csv
4143,0,0,0,1e.csv
4143,0,0,0,1f.csv
4143,0,0,0,1g.csv
4143,1,0,1,1h.csv
4143,0,0,0,1i.csv
4143,1,1,0,1j.csv
4143,0,0,0,1k.csv
4143,0,0,0,1l.csv
4143,2,1,1,1m.csv
4143,1,1,0,2a.csv
4143,2,1,1,2b.csv
4143,3,2,1,2c.csv
4143,1,1,0,2d.csv
4143,0,0,0,2e.csv
4143,1,1,0,2f.csv
4143,0,0,0,2g.csv
4143,0,0,0,2h.csv
4143,1,1,0,2i.csv
4143,0,0,0,2j.csv
4143,0,0,0,2k.csv
4143,0,0,0,2l.csv
4143,14,12,2,3a.csv
4143,11,9,2,3b.csv
4143,0,0,0,3c.csv
4143,0,0,0,3d.csv
4143,0,0,0,3e.csv
4143,0,0,0,3f.csv
4143,0,0,0,3g.csv
4144,5,5,0,1a.csv
4144,0,0,0,1b.csv
4144,3,2,1,1c.csv
4144,0,0,0,1e.csv
4144,0,0,0,1f.csv
4144,0,0,0,1g.csv
4144,1,0,1,1h.csv
4144,0,0,0,1i.csv
4144,1,1,0,1j.csv
4144,0,0,0,1k.csv
4144,0,0,0,1l.csv
4144,2,1,1,1m.csv
4144,1,1,0,2a.csv
4144,2,1,1,2b.csv
4144,3,2,1,2c.csv
4144,1,1,0,2d.csv
4144,0,0,0,2e.csv
4144,1,1,0,2f.csv
4144,0,0,0,2g.csv
4144,0,0,0,2h.csv
4144,1,1,0,2i.csv
4144,0,0,0,2j.csv
4144,0,0,0,2k.csv
4144,0,0,0,2l.csv
4144,15,13,2,3a.csv
4144,10,8,2,3b.csv
4144,0,0,0,3c.csv
4144,0,0,0,3d.csv
4144,0,0,0,3e.csv
4144,0,0,0,3f.csv
4144,0,0,0,3g.csv
4145,4,4,0,1a.csv
4145,0,0,0,1b.csv
4145,2,1,1,1c.csv
4145,0,0,0,1e.csv
4145,0,0,0,1f.csv
4145,0,0,0,1g.csv
4145,0,0,0,1h.csv
4145,0,0,0,1i.csv
4145,1,1,0,1j.csv
4145,0,0,0,1k.csv
4145,0,0,0,1l.csv
4145,2,1,1,1m.csv
4145,1,1,0,2a.csv
4145,2,1,1,2b.csv
4145,2,1,1,2c.csv
4145,1,1,0,2d.csv
4145,0,0,0,2e.csv
4145,1,1,0,2f.csv
4145,0,0,0,2g.csv
4145,0,0,0,2h.csv
4145,1,1,0,2i.csv
4145,0,0,0,2j.csv
4145,0,0,0,2k.csv
4145,0,0,0,2l.csv
4145,10,8,2,3a.csv
4145,9,8,1,3b.csv
4145,0,0,0,3c.csv
4145,0,0,0,3d.csv
4145,0,0,0,3e.csv
4145,0,0,0,3f.csv
4145,0,0,0,3g.csv
4146,4,4,0,1a.csv
4146,0,0,0,1b.csv
4146,2,1,1,1c.csv
4146,0,0,0,1e.csv
4146,0,0,0,1f.csv
4146,0,0,0,1g.csv
4146,0,0,0,1h.csv
4146,0,0,0,1i.csv
4146,1,1,0,1j.csv
4146,0,0,0,1k.csv
4146,0,0,0,1l.csv
4146,1,0,1,1m.csv
4146,1,1,0,2a.csv
4146,3,2,1,2b.csv
4146,2,1,1,2c.csv
4146,1,1,0,2d.csv
4146,0,0,0,2e.csv
4146,1,1,0,2f.csv
4146,0,0,0,2g.csv
4146,0,0,0,2h.csv
4146,1,1,0,2i.csv
4146,0,0,0,2j.csv
4146,0,0,0,2k.csv
4146,0,0,0,2l.csv
4146,9,7,2,3a.csv
4146,7,6,1,3b.csv
4146,0,0,0,3c.csv
4146,0,0,0,3d.csv
4146,0,0,0,3e.csv
4146,0,0,0,3f.csv
4146,0,0,0,3g.csv
4147,4,4,0,1a.csv
4147,0,0,0,1b.csv
4147,2,1,1,1c.csv
4147,0,0,0,1e.csv
4147,0,0,0,1f.csv
4147,0,0,0,1g.csv
4147,0,0,0,1h.csv
4147,0,0,0,1i.csv
4147,1,1,0,1j.csv
4147,0,0,0,1k.csv
4147,0,0,0,1l.csv
4147,1,0,1,1m.csv
4147,0,0,0,2a.csv
4147,3,2,1,2b.csv
4147,2,1,1,2c.csv
4147,0,0,0,2d.csv
4147,0,0,0,2e.csv
4147,1,1,0,2f.csv
4147,0,0,0,2g.csv
4147,0,0,0,2h.csv
4147,2,2,0,2i.csv
4147,0,0,0,2j.csv
4147,0,0,0,2k.csv
4147,0,0,0,2l.csv
4147,7,6,1,3a.csv
4147,6,5,1,3b.csv
4147,0,0,0,3c.csv
4147,0,0,0,3d.csv
4147,0,0,0,3e.csv
4147,0,0,0,3f.csv
4147,0,0,0,3g.csv
4148,4,4,0,1a.csv
4148,0,0,0,1b.csv
4148,2,1,1,1c.csv
4148,0,0,0,1e.csv
4148,1,1,0,1f.csv
4148,0,0,0,1g.csv
4148,0,0,0,1h.csv
4148,0,0,0,1i.csv
4148,0,0,0,1j.csv
4148,0,0,0,1k.csv
4148,0,0,0,1l.csv
4148,1,0,1,1m.csv
4148,0,0,0,2a.csv
4148,3,2,1,2b.csv
4148,1,0,1,2c.csv
4148,0,0,0,2d.csv
4148,0,0,0,2e.csv
4148,0,0,0,2f.csv
4148,0,0,0,2g.csv
4148,0,0,0,2h.csv
4148,2,2,0,2i.csv
4148,0,0,0,2j.csv
4148,1,0,1,2k.csv
4148,1,1,0,2l.csv
4148,5,5,0,3a.csv
4148,8,7,1,3b.csv
4148,0,0,0,3c.csv
4148,0,0,0,3d.csv
4148,0,0,0,3e.csv
4148,0,0,0,3f.csv
4148,0,0,0,3g.csv
4149,5,5,0,1a.csv
4149,0,0,0,1b.csv
4149,2,1,1,1c.csv
4149,0,0,0,1e.csv
4149,1,1,0,1f.csv
4149,0,0,0,1g.csv
4149,0,0,0,1h.csv
4149,0,0,0,1i.csv
4149,0,0,0,1j.csv
4149,0,0,0,1k.csv
4149,0,0,0,1l.csv
4149,0,0,0,1m.csv
4149,0,0,0,2a.csv
4149,3,2,1,2b.csv
4149,0,0,0,2c.csv
4149,0,0,0,2d.csv
4149,0,0,0,2e.csv
4149,0,0,0,2f.csv
4149,0,0,0,2g.csv
4149,0,0,0,2h.csv
4149,2,2,0,2i.csv
4149,0,0,0,2j.csv
4149,1,0,1,2k.csv
4149,1,1,0,2l.csv
4149,7,7,0,3a.csv
4149,8,7,1,3b.csv
4149,0,0,0,3c.csv
4149,0,0,0,3d.csv
4149,0,0,0,3e.csv
4149,0,0,0,3f.csv
4149,0,0,0,3g.csv
4150,5,5,0,1a.csv
4150,0,0,0,1b.csv
4150,2,1,1,1c.csv
4150,0,0,0,1e.csv
4150,1,1,0,1f.csv
4150,0,0,0,1g.csv
4150,0,0,0,1h.csv
4150,0,0,0,1i.csv
4150,0,0,0,1j.csv
4150,0,0,0,1k.csv
4150,0,0,0,1l.csv
4150,0,0,0,1m.csv
4150,0,0,0,2a.csv
4150,3,2,1,2b.csv
4150,0,0,0,2c.csv
4150,0,0,0,2d.csv
4150,0,0,0,2e.csv
4150,0,0,0,2f.csv
4150,0,0,0,2g.csv
4150,0,0,0,2h.csv
4150,1,1,0,2i.csv
4150,0,0,0,2j.csv
4150,1,0,1,2k.csv
4150,1,1,0,2l.csv
4150,9,9,0,3a.csv
4150,6,6,0,3b.csv
4150,0,0,0,3c.csv
4150,0,0,0,3d.csv
4150,0,0,0,3e.csv
4150,0,0,0,3f.csv
4150,0,0,0,3g.csv
4151,5,5,0,1a.csv
4151,0,0,0,1b.csv
4151,1,0,1,1c.csv
4151,0,0,0,1e.csv
4151,1,1,0,1f.csv
4151,0,0,0,1g.csv
4151,0,0,0,1h.csv
4151,0,0,0,1i.csv
4151,0,0,0,1j.csv
4151,0,0,0,1k.csv
4151,0,0,0,1l.csv
4151,0,0,0,1m.csv
4151,1,1,0,2a.csv
4151,1,1,0,2b.csv
4151,0,0,0,2c.csv
4151,0,0,0,2d.csv
4151,0,0,0,2e.csv
4151,0,0,0,2f.csv
4151,0,0,0,2g.csv
4151,0,0,0,2h.csv
4151,1,1,0,2i.csv
4151,0,0,0,2j.csv
4151,1,0,1,2k.csv
4151,1,1,0,2l.csv
4151,9,9,0,3a.csv
4151,5,5,0,3b.csv
4151,0,0,0,3c.csv
4151,0,0,0,3d.csv
4151,0,0,0,3e.csv
4151,0,0,0,3f.csv
4151,0,0,0,3g.csv
4152,5,5,0,1a.csv
4152,0,0,0,1b.csv
4152,0,0,0,1c.csv
4152,0,0,0,1e.csv
4152,1,1,0,1f.csv
4152,0,0,0,1g.csv
4152,0,0,0,1h.csv
4152,0,0,0,1i.csv
4152,0,0,0,1j.csv
4152,0,0,0,1k.csv
4152,0,0,0,1l.csv
4152,1,1,0,1m.csv
4152,1,1,0,2a.csv
4152,2,1,1,2b.csv
4152,0,0,0,2c.csv
4152,0,0,0,2d.csv
4152,0,0,0,2e.csv
4152,0,0,0,2f.csv
4152,0,0,0,2g.csv
4152,0,0,0,2h.csv
4152,1,1,0,2i.csv
4152,0,0,0,2j.csv
4152,1,0,1,2k.csv
4152,1,1,0,2l.csv
4152,6,6,0,3a.csv
4152,5,5,0,3b.csv
4152,0,0,0,3c.csv
4152,0,0,0,3d.csv
4152,0,0,0,3e.csv
4152,0,0,0,3f.csv
4152,0,0,0,3g.csv
4153,5,5,0,1a.csv
4153,0,0,0,1b.csv
4153,0,0,0,1c.csv
4153,0,0,0,1e.csv
4153,1,1,0,1f.csv
4153,0,0,0,1g.csv
4153,0,0,0,1h.csv
4153,0,0,0,1i.csv
4153,0,0,0,1j.csv
4153,1,1,0,1k.csv
4153,0,0,0,1l.csv
4153,1,1,0,1m.csv
4153,1,1,0,2a.csv
4153,2,1,1,2b.csv
4153,0,0,0,2c.csv
4153,0,0,0,2d.csv
4153,0,0,0,2e.csv
4153,0,0,0,2f.csv
4153,0,0,0,2g.csv
4153,0,0,0,2h.csv
4153,1,1,0,2i.csv
4153,0,0,0,2j.csv
4153,1,0,1,2k.csv
4153,1,1,0,2l.csv
4153,6,6,0,3a.csv
4153,4,4,0,3b.csv
4153,0,0,0,3c.csv
4153,0,0,0,3d.csv
4153,0,0,0,3e.csv
4153,0,0,0,3f.csv
4153,0,0,0,3g.csv
4154,5,5,0,1a.csv
4154,0,0,0,1b.csv
4154,0,0,0,1c.csv
4154,0,0,0,1e.csv
4154,1,1,0,1f.csv
4154,1,1,0,1g.csv
4154,0,0,0,1h.csv
4154,0,0,0,1i.csv
4154,0,0,0,1j.csv
4154,1,1,0,1k.csv
4154,1,0,1,1l.csv
4154,1,1,0,1m.csv
4154,1,1,0,2a.csv
4154,1,0,1,2b.csv
4154,0,0,0,2c.csv
4154,0,0,0,2d.csv
4154,0,0,0,2e.csv
4154,0,0,0,2f.csv
4154,0,0,0,2g.csv
4154,0,0,0,2h.csv
4154,1,1,0,2i.csv
4154,0,0,0,2j.csv
4154,1,0,1,2k.csv
4154,1,1,0,2l.csv
4154,5,5,0,3a.csv
4154,5,5,0,3b.csv
4154,0,0,0,3c.csv
4154,0,0,0,3d.csv
4154,0,0,0,3e.csv
4154,0,0,0,3f.csv
4154,0,0,0,3g.csv
4155,4,4,0,1a.csv
4155,0,0,0,1b.csv
4155,1,1,0,1c.csv
4155,0,0,0,1e.csv
4155,1,1,0,1f.csv
4155,2,2,0,1g.csv
4155,0,0,0,1h.csv
4155,0,0,0,1i.csv
4155,0,0,0,1j.csv
4155,1,1,0,1k.csv
4155,1,0,1,1l.csv
4155,2,2,0,1m.csv
4155,1,1,0,2a.csv
4155,1,0,1,2b.csv
4155,0,0,0,2c.csv
4155,0,0,0,2d.csv
4155,0,0,0,2e.csv
4155,0,0,0,2f.csv
4155,0,0,0,2g.csv
4155,0,0,0,2h.csv
4155,0,0,0,2i.csv
4155,0,0,0,2j.csv
4155,1,0,1,2k.csv
4155,1,1,0,2l.csv
4155,4,4,0,3a.csv
4155,6,6,0,3b.csv
4155,0,0,0,3c.csv
4155,0,0,0,3d.csv
4155,0,0,0,3e.csv
4155,0,0,0,3f.csv
4155,0,0,0,3g.csv
4156,4,4,0,1a.csv
4156,0,0,0,1b.csv
4156,1,1,0,1c.csv
4156,1,0,1,1e.csv
4156,0,0,0,1f.csv
4156,2,2,0,1g.csv
4156,0,0,0,1h.csv
4156,0,0,0,1i.csv
4156,0,0,0,1j.csv
4156,1,1,0,1k.csv
4156,1,0,1,1l.csv
4156,2,2,0,1m.csv
4156,1,1,0,2a.csv
4156,1,0,1,2b.csv
4156,0,0,0,2c.csv
4156,0,0,0,2d.csv
4156,0,0,0,2e.csv
4156,0,0,0,2f.csv
4156,0,0,0,2g.csv
4156,0,0,0,2h.csv
4156,1,1,0,2i.csv
4156,0,0,0,2j.csv
4156,0,0,0,2k.csv
4156,0,0,0,2l.csv
4156,6,6,0,3a.csv
4156,4,4,0,3b.csv
4156,0,0,0,3c.csv
4156,0,0,0,3d.csv
4156,0,0,0,3e.csv
4156,0,0,0,3f.csv
4156,0,0,0,3g.csv
4157,5,5,0,1a.csv
4157,0,0,0,1b.csv
4157,1,1,0,1c.csv
4157,1,0,1,1e.csv
4157,0,0,0,1f.csv
4157,2,2,0,1g.csv
4157,0,0,0,1h.csv
4157,0,0,0,1i.csv
4157,0,0,0,1j.csv
4157,1,1,0,1k.csv
4157,1,0,1,1l.csv
4157,2,2,0,1m.csv
4157,1,1,0,2a.csv
4157,1,0,1,2b.csv
4157,0,0,0,2c.csv
4157,0,0,0,2d.csv
4157,0,0,0,2e.csv
4157,0,0,0,2f.csv
4157,0,0,0,2g.csv
4157,0,0,0,2h.csv
4157,1,1,0,2i.csv
4157,0,0,0,2j.csv
4157,0,0,0,2k.csv
4157,0,0,0,2l.csv
4157,5,4,1,3a.csv
4157,4,4,0,3b.csv
4157,0,0,0,3c.csv
4157,0,0,0,3d.csv
4157,0,0,0,3e.csv
4157,0,0,0,3f.csv
4157,0,0,0,3g.csv
4158,7,7,0,1a.csv
4158,0,0,0,1b.csv
4158,2,2,0,1c.csv
4158,2,1,1,1e.csv
4158,0,0,0,1f.csv
4158,2,2,0,1g.csv
4158,0,0,0,1h.csv
4158,0,0,0,1i.csv
4158,0,0,0,1j.csv
4158,2,2,0,1k.csv
4158,1,0,1,1l.csv
4158,2,2,0,1m.csv
4158,1,1,0,2a.csv
4158,1,0,1,2b.csv
4158,0,0,0,2c.csv
4158,0,0,0,2d.csv
4158,0,0,0,2e.csv
4158,0,0,0,2f.csv
4158,0,0,0,2g.csv
4158,0,0,0,2h.csv
4158,1,1,0,2i.csv
4158,0,0,0,2j.csv
4158,0,0,0,2k.csv
4158,0,0,0,2l.csv
4158,3,2,1,3a.csv
4158,4,4,0,3b.csv
4158,0,0,0,3c.csv
4158,0,0,0,3d.csv
4158,0,0,0,3e.csv
4158,0,0,0,3f.csv
4158,0,0,0,3g.csv
4159,9,9,0,1a.csv
4159,0,0,0,1b.csv
4159,2,2,0,1c.csv
4159,2,1,1,1e.csv
4159,0,0,0,1f.csv
4159,2,2,0,1g.csv
4159,0,0,0,1h.csv
4159,0,0,0,1i.csv
4159,0,0,0,1j.csv
4159,2,2,0,1k.csv
4159,1,0,1,1l.csv
4159,2,2,0,1m.csv
4159,0,0,0,2a.csv
4159,1,0,1,2b.csv
4159,0,0,0,2c.csv
4159,0,0,0,2d.csv
4159,0,0,0,2e.csv
4159,0,0,0,2f.csv
4159,0,0,0,2g.csv
4159,1,1,0,2h.csv
4159,1,1,0,2i.csv
4159,0,0,0,2j.csv
4159,0,0,0,2k.csv
4159,0,0,0,2l.csv
4159,3,2,1,3a.csv
4159,4,4,0,3b.csv
4159,0,0,0,3c.csv
4159,0,0,0,3d.csv
4159,0,0,0,3e.csv
4159,0,0,0,3f.csv
4159,0,0,0,3g.csv
4160,11,11,0,1a.csv
4160,0,0,0,1b.csv
4160,3,3,0,1c.csv
4160,2,1,1,1e.csv
4160,0,0,0,1f.csv
4160,2,2,0,1g.csv
4160,0,0,0,1h.csv
4160,0,0,0,1i.csv
4160,0,0,0,1j.csv
4160,2,2,0,1k.csv
4160,1,0,1,1l.csv
4160,1,1,0,1m.csv
4160,0,0,0,2a.csv
4160,0,0,0,2b.csv
4160,0,0,0,2c.csv
4160,0,0,0,2d.csv
4160,0,0,0,2e.csv
4160,0,0,0,2f.csv
4160,0,0,0,2g.csv
4160,2,2,0,2h.csv
4160,1,1,0,2i.csv
4160,0,0,0,2j.csv
4160,0,0,0,2k.csv
4160,0,0,0,2l.csv
4160,3,2,1,3a.csv
4160,4,4,0,3b.csv
4160,0,0,0,3c.csv
4160,0,0,0,3d.csv
4160,0,0,0,3e.csv
4160,0,0,0,3f.csv
4160,0,0,0,3g.csv
4161,21,20,1,1a.csv
4161,0,0,0,1b.csv
4161,3,3,0,1c.csv
4161,2,1,1,1e.csv
4161,1,1,0,1f.csv
4161,2,2,0,1g.csv
4161,0,0,0,1h.csv
4161,0,0,0,1i.csv
4161,0,0,0,1j.csv
4161,1,1,0,1k.csv
4161,1,0,1,1l.csv
4161,1,1,0,1m.csv
4161,0,0,0,2a.csv
4161,0,0,0,2b.csv
4161,0,0,0,2c.csv
4161,0,0,0,2d.csv
4161,0,0,0,2e.csv
4161,0,0,0,2f.csv
4161,0,0,0,2g.csv
4161,2,2,0,2h.csv
4161,1,1,0,2i.csv
4161,1,0,1,2j.csv
4161,0,0,0,2k.csv
4161,0,0,0,2l.csv
4161,3,2,1,3a.csv
4161,5,5,0,3b.csv
4161,0,0,0,3c.csv
4161,0,0,0,3d.csv
4161,0,0,0,3e.csv
4161,0,0,0,3f.csv
4161,0,0,0,3g.csv
4162,28,27,1,1a.csv
4162,0,0,0,1b.csv
4162,3,3,0,1c.csv
4162,2,1,1,1e.csv
4162,1,1,0,1f.csv
4162,1,1,0,1g.csv
4162,0,0,0,1h.csv
4162,0,0,0,1i.csv
4162,0,0,0,1j.csv
4162,1,1,0,1k.csv
4162,0,0,0,1l.csv
4162,1,1,0,1m.csv
4162,0,0,0,2a.csv
4162,0,0,0,2b.csv
4162,1,1,0,2c.csv
4162,0,0,0,2d.csv
4162,0,0,0,2e.csv
4162,0,0,0,2f.csv
4162,0,0,0,2g.csv
4162,2,2,0,2h.csv
4162,1,1,0,2i.csv
4162,1,0,1,2j.csv
4162,0,0,0,2k.csv
4162,0,0,0,2l.csv
4162,5,3,2,3a.csv
4162,4,3,1,3b.csv
4162,0,0,0,3c.csv
4162,0,0,0,3d.csv
4162,0,0,0,3e.csv
4162,0,0,0,3f.csv
4162,0,0,0,3g.csv
4163,34,33,1,1a.csv
4163,0,0,0,1b.csv
4163,3,3,0,1c.csv
4163,2,1,1,1e.csv
4163,1,1,0,1f.csv
4163,0,0,0,1g.csv
4163,0,0,0,1h.csv
4163,0,0,0,1i.csv
4163,0,0,0,1j.csv
4163,1,1,0,1k.csv
4163,0,0,0,1l.csv
4163,0,0,0,1m.csv
4163,0,0,0,2a.csv
4163,0,0,0,2b.csv
4163,1,1,0,2c.csv
4163,0,0,0,2d.csv
4163,0,0,0,2e.csv
4163,0,0,0,2f.csv
4163,0,0,0,2g.csv
4163,2,2,0,2h.csv
4163,1,1,0,2i.csv
4163,1,0,1,2j.csv
4163,0,0,0,2k.csv
4163,0,0,0,2l.csv
4163,6,4,2,3a.csv
4163,3,2,1,3b.csv
4163,0,0,0,3c.csv
4163,0,0,0,3d.csv
4163,0,0,0,3e.csv
4163,0,0,0,3f.csv
4163,0,0,0,3g.csv
4164,40,39,1,1a.csv
4164,0,0,0,1b.csv
4164,4,4,0,1c.csv
4164,1,1,0,1e.csv
4164,1,1,0,1f.csv
4164,0,0,0,1g.csv
4164,0,0,0,1h.csv
4164,0,0,0,1i.csv
4164,0,0,0,1j.csv
4164,1,1,0,1k.csv
4164,0,0,0,1l.csv
4164,2,2,0,1m.csv
4164,0,0,0,2a.csv
4164,1,0,1,2b.csv
4164,1,1,0,2c.csv
4164,0,0,0,2d.csv
4164,0,0,0,2e.csv
4164,0,0,0,2f.csv
4164,0,0,0,2g.csv
4164,3,3,0,2h.csv
4164,0,0,0,2i.csv
4164,1,0,1,2j.csv
4164,0,0,0,2k.csv
4164,0,0,0,2l.csv
4164,4,2,2,3a.csv
4164,3,2,1,3b.csv
4164,0,0,0,3c.csv
4164,0,0,0,3d.csv
4164,0,0,0,3e.csv
4164,0,0,0,3f.csv
4164,0,0,0,3g.csv
4165,42,41,1,1a.csv
4165,0,0,0,1b.csv
4165,4,4,0,1c.csv
4165,1,1,0,1e.csv
4165,1,1,0,1f.csv
4165,0,0,0,1g.csv
4165,0,0,0,1h.csv
4165,0,0,0,1i.csv
4165,0,0,0,1j.csv
4165,1,1,0,1k.csv
4165,0,0,0,1l.csv
4165,2,2,0,1m.csv
4165,0,0,0,2a.csv
4165,1,0,1,2b.csv
4165,1,1,0,2c.csv
4165,0,0,0,2d.csv
4165,0,0,0,2e.csv
4165,0,0,0,2f.csv
4165,0,0,0,2g.csv
4165,3,3,0,2h.csv
4165,0,0,0,2i.csv
4165,1,0,1,2j.csv
4165,0,0,0,2k.csv
4165,0,0,0,2l.csv
4165,3,2,1,3a.csv
4165,3,2,1,3b.csv
4165,0,0,0,3c.csv
4165,0,0,0,3d.csv
4165,0,0,0,3e.csv
4165,0,0,0,3f.csv
4165,0,0,0,3g.csv
4166,47,46,1,1a.csv
4166,0,0,0,1b.csv
4166,3,3,0,1c.csv
4166,0,0,0,1e.csv
4166,1,1,0,1f.csv
4166,0,0,0,1g.csv
4166,0,0,0,1h.csv
4166,0,0,0,1i.csv
4166,0,0,0,1j.csv
4166,0,0,0,1k.csv
4166,0,0,0,1l.csv
4166,2,2,0,1m.csv
4166,0,0,0,2a.csv
4166,3,1,2,2b.csv
4166,1,1,0,2c.csv
4166,0,0,0,2d.csv
4166,0,0,0,2e.csv
4166,0,0,0,2f.csv
4166,0,0,0,2g.csv
4166,3,3,0,2h.csv
4166,0,0,0,2i.csv
4166,1,0,1,2j.csv
4166,0,0,0,2k.csv
4166,0,0,0,2l.csv
4166,3,2,1,3a.csv
4166,4,2,2,3b.csv
4166,0,0,0,3c.csv
4166,0,0,0,3d.csv
4166,0,0,0,3e.csv
4166,0,0,0,3f.csv
4166,0,0,0,3g.csv
4167,56,55,1,1a.csv
4167,0,0,0,1b.csv
4167,3,3,0,1c.csv
4167,0,0,0,1e.csv
4167,1,1,0,1f.csv
4167,0,0,0,1g.csv
4167,0,0,0,1h.csv
4167,0,0,0,1i.csv
4167,0,0,0,1j.csv
4167,0,0,0,1k.csv
4167,0,0,0,1l.csv
4167,2,2,0,1m.csv
4167,0,0,0,2a.csv
4167,3,1,2,2b.csv
4167,1,1,0,2c.csv
4167,0,0,0,2d.csv
4167,0,0,0,2e.csv
4167,0,0,0,2f.csv
4167,0,0,0,2g.csv
4167,2,2,0,2h.csv
4167,0,0,0,2i.csv
4167,1,0,1,2j.csv
4167,0,0,0,2k.csv
4167,1,0,1,2l.csv
4167,3,2,1,3a.csv
4167,5,3,2,3b.csv
4167,0,0,0,3c.csv
4167,0,0,0,3d.csv
4167,0,0,0,3e.csv
4167,0,0,0,3f.csv
4167,0,0,0,3g.csv
4168,56,55,1,1a.csv
4168,0,0,0,1b.csv
4168,2,2,0,1c.csv
4168,0,0,0,1e.csv
4168,1,1,0,1f.csv
4168,0,0,0,1g.csv
4168,0,0,0,1h.csv
4168,0,0,0,1i.csv
4168,0,0,0,1j.csv
4168,0,0,0,1k.csv
4168,0,0,0,1l.csv
4168,2,2,0,1m.csv
4168,0,0,0,2a.csv
4168,4,2,2,2b.csv
4168,1,1,0,2c.csv
4168,0,0,0,2d.csv
4168,0,0,0,2e.csv
4168,0,0,0,2f.csv
4168,0,0,0,2g.csv
4168,1,1,0,2h.csv
4168,0,0,0,2i.csv
4168,2,1,1,2j.csv
4168,0,0,0,2k.csv
4168,1,0,1,2l.csv
4168,3,2,1,3a.csv
4168,6,3,3,3b.csv
4168,0,0,0,3c.csv
4168,0,0,0,3d.csv
4168,0,0,0,3e.csv
4168,0,0,0,3f.csv
4168,0,0,0,3g.csv
4169,52,52,0,1a.csv
4169,0,0,0,1b.csv
4169,3,3,0,1c.csv
4169,0,0,0,1e.csv
4169,0,0,0,1f.csv
4169,0,0,0,1g.csv
4169,0,0,0,1h.csv
4169,0,0,0,1i.csv
4169,0,0,0,1j.csv
4169,0,0,0,1k.csv
4169,0,0,0,1l.csv
4169,2,2,0,1m.csv
4169,0,0,0,2a.csv
4169,4,2,2,2b.csv
4169,1,1,0,2c.csv
4169,0,0,0,2d.csv
4169,0,0,0,2e.csv
4169,0,0,0,2f.csv
4169,0,0,0,2g.csv
4169,1,1,0,2h.csv
4169,0,0,0,2i.csv
4169,1,1,0,2j.csv
4169,0,0,0,2k.csv
4169,1,0,1,2l.csv
4169,3,2,1,3a.csv
4169,6,3,3,3b.csv
4169,0,0,0,3c.csv
4169,0,0,0,3d.csv
4169,0,0,0,3e.csv
4169,0,0,0,3f.csv
4169,0,0,0,3g.csv
4170,50,50,0,1a.csv
4170,0,0,0,1b.csv
4170,3,3,0,1c.csv
4170,0,0,0,1e.csv
4170,1,1,0,1f.csv
4170,0,0,0,1g.csv
4170,0,0,0,1h.csv
4170,0,0,0,1i.csv
4170,1,1,0,1j.csv
4170,0,0,0,1k.csv
4170,0,0,0,1l.csv
4170,2,2,0,1m.csv
4170,0,0,0,2a.csv
4170,4,2,2,2b.csv
4170,0,0,0,2c.csv
4170,0,0,0,2d.csv
4170,0,0,0,2e.csv
4170,0,0,0,2f.csv
4170,0,0,0,2g.csv
4170,1,1,0,2h.csv
4170,0,0,0,2i.csv
4170,1,1,0,2j.csv
4170,0,0,0,2k.csv
4170,1,0,1,2l.csv
4170,1,1,0,3a.csv
4170,6,4,2,3b.csv
4170,0,0,0,3c.csv
4170,0,0,0,3d.csv
4170,0,0,0,3e.csv
4170,0,0,0,3f.csv
4170,0,0,0,3g.csv
4171,46,46,0,1a.csv
4171,0,0,0,1b.csv
4171,2,2,0,1c.csv
4171,0,0,0,1e.csv
4171,1,1,0,1f.csv
4171,0,0,0,1g.csv
4171,0,0,0,1h.csv
4171,0,0,0,1i.csv
4171,1,1,0,1j.csv
4171,0,0,0,1k.csv
4171,0,0,0,1l.csv
4171,2,2,0,1m.csv
4171,0,0,0,2a.csv
4171,4,2,2,2b.csv
4171,0,0,0,2c.csv
4171,0,0,0,2d.csv
4171,0,0,0,2e.csv
4171,0,0,0,2f.csv
4171,0,0,0,2g.csv
4171,2,1,1,2h.csv
4171,0,0,0,2i.csv
4171,1,1,0,2j.csv
4171,0,0,0,2k.csv
4171,1,0,1,2l.csv
4171,0,0,0,3a.csv
4171,8,6,2,3b.csv
4171,0,0,0,3c.csv
4171,0,0,0,3d.csv
4171,0,0,0,3e.csv
4171,0,0,0,3f.csv
4171,0,0,0,3g.csv
4172,43,43,0,1a.csv
4172,0,0,0,1b.csv
4172,1,1,0,1c.csv
4172,0,0,0,1e.csv
4172,1,1,0,1f.csv
4172,0,0,0,1g.csv
4172,0,0,0,1h.csv
4172,0,0,0,1i.csv
4172,1,1,0,1j.csv
4172,0,0,0,1k.csv
4172,0,0,0,1l.csv
4172,0,0,0,1m.csv
4172,0,0,0,2a.csv
4172,3,2,1,2b.csv
4172,0,0,0,2c.csv
4172,0,0,0,2d.csv
4172,0,0,0,2e.csv
4172,0,0,0,2f.csv
4172,0,0,0,2g.csv
4172,1,0,1,2h.csv
4172,0,0,0,2i.csv
4172,1,1,0,2j.csv
4172,0,0,0,2k.csv
4172,1,0,1,2l.csv
4172,0,0,0,3a.csv
4172,8,6,2,3b.csv
4172,0,0,0,3c.csv
4172,0,0,0,3d.csv
4172,0,0,0,3e.csv
4172,0,0,0,3f.csv
4172,0,0,0,3g.csv
4173,40,40,0,1a.csv
4173,0,0,0,1b.csv
4173,3,2,1,1c.csv
4173,0,0,0,1e.csv
4173,1,1,0,1f.csv
4173,0,0,0,1g.csv
4173,0,0,0,1h.csv
4173,0,0,0,1i.csv
4173,1,1,0,1j.csv
4173,0,0,0,1k.csv
4173,0,0,0,1l.csv
4173,1,1,0,1m.csv
4173,0,0,0,2a.csv
4173,3,2,1,2b.csv
4173,0,0,0,2c.csv
4173,0,0,0,2d.csv
4173,0,0,0,2e.csv
4173,0,0,0,2f.csv
4173,0,0,0,2g.csv
4173,1,0,1,2h.csv
4173,0,0,0,2i.csv
4173,1,1,0,2j.csv
4173,0,0,0,2k.csv
4173,1,0,1,2l.csv
4173,0,0,0,3a.csv
4173,8,6,2,3b.csv
4173,0,0,0,3c.csv
4173,0,0,0,3d.csv
4173,0,0,0,3e.csv
4173,0,0,0,3f.csv
4173,0,0,0,3g.csv
4174,37,35,2,1a.csv
4174,0,0,0,1b.csv
4174,4,2,2,1c.csv
4174,0,0,0,1e.csv
4174,1,1,0,1f.csv
4174,0,0,0,1g.csv
4174,0,0,0,1h.csv
4174,0,0,0,1i.csv
4174,1,1,0,1j.csv
4174,1,0,1,1k.csv
4174,0,0,0,1l.csv
4174,1,1,0,1m.csv
4174,0,0,0,2a.csv
4174,1,1,0,2b.csv
4174,0,0,0,2c.csv
4174,0,0,0,2d.csv
4174,0,0,0,2e.csv
4174,0,0,0,2f.csv
4174,0,0,0,2g.csv
4174,1,0,1,2h.csv
4174,0,0,0,2i.csv
4174,1,1,0,2j.csv
4174,0,0,0,2k.csv
4174,1,0,1,2l.csv
4174,0,0,0,3a.csv
4174,7,6,1,3b.csv
4174,0,0,0,3c.csv
4174,0,0,0,3d.csv
4174,0,0,0,3e.csv
4174,0,0,0,3f.csv
4174,0,0,0,3g.csv
4175,26,23,3,1a.csv
4175,0,0,0,1b.csv
4175,4,2,2,1c.csv
4175,0,0,0,1e.csv
4175,1,1,0,1f.csv
4175,0,0,0,1g.csv
4175,0,0,0,1h.csv
4175,0,0,0,1i.csv
4175,1,1,0,1j.csv
4175,1,0,1,1k.csv
4175,1,1,0,1l.csv
4175,1,1,0,1m.csv
4175,0,0,0,2a.csv
4175,1,1,0,2b.csv
4175,0,0,0,2c.csv
4175,0,0,0,2d.csv
4175,0,0,0,2e.csv
4175,0,0,0,2f.csv
4175,0,0,0,2g.csv
4175,1,0,1,2h.csv
4175,0,0,0,2i.csv
4175,1,1,0,2j.csv
4175,0,0,0,2k.csv
4175,0,0,0,2l.csv
4175,0,0,0,3a.csv
4175,7,6,1,3b.csv
4175,0,0,0,3c.csv
4175,0,0,0,3d.csv
4175,0,0,0,3e.csv
4175,0,0,0,3f.csv
4175,0,0,0,3g.csv
4176,25,22,3,1a.csv
4176,0,0,0,1b.csv
4176,4,2,2,1c.csv
4176,0,0,0,1e.csv
4176,1,1,0,1f.csv
4176,0,0,0,1g.csv
4176,0,0,0,1h.csv
4176,0,0,0,1i.csv
4176,1,1,0,1j.csv
4176,1,0,1,1k.csv
4176,2,2,0,1l.csv
4176,1,1,0,1m.csv
4176,0,0,0,2a.csv
4176,0,0,0,2b.csv
4176,0,0,0,2c.csv
4176,0,0,0,2d.csv
4176,0,0,0,2e.csv
4176,0,0,0,2f.csv
4176,0,0,0,2g.csv
4176,1,0,1,2h.csv
4176,0,0,0,2i.csv
4176,0,0,0,2j.csv
4176,0,0,0,2k.csv
4176,0,0,0,2l.csv
4176,1,1,0,3a.csv
4176,6,6,0,3b.csv
4176,0,0,0,3c.csv
4176,0,0,0,3d.csv
4176,0,0,0,3e.csv
4176,0,0,0,3f.csv
4176,0,0,0,3g.csv
4177,21,18,3,1a.csv
4177,0,0,0,1b.csv
4177,3,1,2,1c.csv
4177,0,0,0,1e.csv
4177,1,1,0,1f.csv
4177,0,0,0,1g.csv
4177,0,0,0,1h.csv
4177,0,0,0,1i.csv
4177,1,1,0,1j.csv
4177,1,0,1,1k.csv
4177,2,2,0,1l.csv
4177,1,1,0,1m.csv
4177,0,0,0,2a.csv
4177,0,0,0,2b.csv
4177,0,0,0,2c.csv
4177,0,0,0,2d.csv
4177,0,0,0,2e.csv
4177,0,0,0,2f.csv
4177,0,0,0,2g.csv
4177,1,0,1,2h.csv
4177,0,0,0,2i.csv
4177,0,0,0,2j.csv
4177,0,0,0,2k.csv
4177,0,0,0,2l.csv
4177,2,2,0,3a.csv
4177,5,5,0,3b.csv
4177,0,0,0,3c.csv
4177,0,0,0,3d.csv
4177,0,0,0,3e.csv
4177,0,0,0,3f.csv
4177,0,0,0,3g.csv
4178,18,15,3,1a.csv
4178,0,0,0,1b.csv
4178,4,2,2,1c.csv
4178,0,0,0,1e.csv
4178,0,0,0,1f.csv
4178,0,0,0,1g.csv
4178,0,0,0,1h.csv
4178,0,0,0,1i.csv
4178,0,0,0,1j.csv
4178,1,0,1,1k.csv
4178,2,2,0,1l.csv
4178,1,1,0,1m.csv
4178,0,0,0,2a.csv
4178,0,0,0,2b.csv
4178,0,0,0,2c.csv
4178,0,0,0,2d.csv
4178,0,0,0,2e.csv
4178,0,0,0,2f.csv
4178,0,0,0,2g.csv
4178,1,0,1,2h.csv
4178,0,0,0,2i.csv
4178,0,0,0,2j.csv
4178,0,0,0,2k.csv
4178,0,0,0,2l.csv
4178,3,3,0,3a.csv
4178,4,4,0,3b.csv
4178,0,0,0,3c.csv
4178,0,0,0,3d.csv
4178,0,0,0,3e.csv
4178,0,0,0,3f.csv
4178,0,0,0,3g.csv
4179,17,14,3,1a.csv
4179,0,0,0,1b.csv
4179,5,3,2,1c.csv
4179,0,0,0,1e.csv
4179,0,0,0,1f.csv
4179,0,0,0,1g.csv
4179,0,0,0,1h.csv
4179,0,0,0,1i.csv
4179,0,0,0,1j.csv
4179,1,0,1,1k.csv
4179,2,2,0,1l.csv
4179,1,1,0,1m.csv
4179,0,0,0,2a.csv
4179,0,0,0,2b.csv
4179,0,0,0,2c.csv
4179,0,0,0,2d.csv
4179,0,0,0,2e.csv
4179,0,0,0,2f.csv
4179,0,0,0,2g.csv
4179,0,0,0,2h.csv
4179,0,0,0,2i.csv
4179,0,0,0,2j.csv
4179,0,0,0,2k.csv
4179,0,0,0,2l.csv
4179,4,4,0,3a.csv
4179,5,4,1,3b.csv
4179,0,0,0,3c.csv
4179,0,0,0,3d.csv
4179,0,0,0,3e.csv
4179,0,0,0,3f.csv
4179,0,0,0,3g.csv
4180,15,12,3,1a.csv
4180,0,0,0,1b.csv
4180,5,3,2,1c.csv
4180,0,0,0,1e.csv
4180,0,0,0,1f.csv
4180,0,0,0,1g.csv
4180,0,0,0,1h.csv
4180,0,0,0,1i.csv
4180,0,0,0,1j.csv
4180,2,1,1,1k.csv
4180,2,2,0,1l.csv
4180,1,1,0,1m.csv
4180,0,0,0,2a.csv
4180,0,0,0,2b.csv
4180,0,0,0,2c.csv
4180,0,0,0,2d.csv
4180,0,0,0,2e.csv
4180,0,0,0,2f.csv
4180,0,0,0,2g.csv
4180,0,0,0,2h.csv
4180,0,0,0,2i.csv
4180,0,0,0,2j.csv
4180,0,0,0,2k.csv
4180,0,0,0,2l.csv
4180,4,4,0,3a.csv
4180,7,6,1,3b.csv
4180,0,0,0,3c.csv
4180,0,0,0,3d.csv
4180,0,0,0,3e.csv
4180,0,0,0,3f.csv
4180,0,0,0,3g.csv
4181,20,16,4,1a.csv
4181,0,0,0,1b.csv
4181,4,3,1,1c.csv
4181,0,0,0,1e.csv
4181,0,0,0,1f.csv
4181,0,0,0,1g.csv
4181,0,0,0,1h.csv
4181,0,0,0,1i.csv
4181,0,0,0,1j.csv
4181,2,1,1,1k.csv
4181,2,2,0,1l.csv
4181,0,0,0,1m.csv
4181,0,0,0,2a.csv
4181,0,0,0,2b.csv
4181,0,0,0,2c.csv
4181,0,0,0,2d.csv
4181,0,0,0,2e.csv
4181,0,0,0,2f.csv
4181,0,0,0,2g.csv
4181,0,0,0,2h.csv
4181,0,0,0,2i.csv
4181,0,0,0,2j.csv
4181,0,0,0,2k.csv
4181,0,0,0,2l.csv
4181,5,5,0,3a.csv
4181,7,6,1,3b.csv
4181,0,0,0,3c.csv
4181,0,0,0,3d.csv
4181,0,0,0,3e.csv
4181,0,0,0,3f.csv
4181,0,0,0,3g.csv
4182,17,15,2,1a.csv
4182,0,0,0,1b.csv
4182,3,3,0,1c.csv
4182,0,0,0,1e.csv
4182,0,0,0,1f.csv
4182,0,0,0,1g.csv
4182,0,0,0,1h.csv
4182,0,0,0,1i.csv
4182,0,0,0,1j.csv
4182,1,1,0,1k.csv
4182,2,2,0,1l.csv
4182,0,0,0,1m.csv
4182,0,0,0,2a.csv
4182,0,0,0,2b.csv
4182,0,0,0,2c.csv
4182,0,0,0,2d.csv
4182,1,1,0,2e.csv
4182,0,0,0,2f.csv
4182,0,0,0,2g.csv
4182,0,0,0,2h.csv
4182,0,0,0,2i.csv
4182,0,0,0,2j.csv
4182,0,0,0,2k.csv
4182,0,0,0,2l.csv
4182,5,5,0,3a.csv
4182,7,6,1,3b.csv
4182,0,0,0,3c.csv
4182,0,0,0,3d.csv
4182,0,0,0,3e.csv
4182,0,0,0,3f.csv
4182,0,0,0,3g.csv
4183,18,17,1,1a.csv
4183,0,0,0,1b.csv
4183,4,4,0,1c.csv
4183,0,0,0,1e.csv
4183,0,0,0,1f.csv
4183,0,0,0,1g.csv
4183,0,0,0,1h.csv
4183,0,0,0,1i.csv
4183,0,0,0,1j.csv
4183,1,1,0,1k.csv
4183,2,1,1,1l.csv
4183,0,0,0,1m.csv
4183,0,0,0,2a.csv
4183,0,0,0,2b.csv
4183,0,0,0,2c.csv
4183,0,0,0,2d.csv
4183,1,1,0,2e.csv
4183,0,0,0,2f.csv
4183,0,0,0,2g.csv
4183,0,0,0,2h.csv
4183,1,1,0,2i.csv
4183,0,0,0,2j.csv
4183,0,0,0,2k.csv
4183,0,0,0,2l.csv
4183,6,5,1,3a.csv
4183,6,5,1,3b.csv
4183,0,0,0,3c.csv
4183,0,0,0,3d.csv
4183,0,0,0,3e.csv
4183,0,0,0,3f.csv
4183,0,0,0,3g.csv
4184,17,16,1,1a.csv
4184,0,0,0,1b.csv
4184,4,4,0,1c.csv
4184,0,0,0,1e.csv
4184,0,0,0,1f.csv
4184,0,0,0,1g.csv
4184,0,0,0,1h.csv
4184,0,0,0,1i.csv
4184,0,0,0,1j.csv
4184,2,1,1,1k.csv
4184,1,0,1,1l.csv
4184,0,0,0,1m.csv
4184,1,1,0,2a.csv
4184,0,0,0,2b.csv
4184,0,0,0,2c.csv
4184,0,0,0,2d.csv
4184,1,1,0,2e.csv
4184,0,0,0,2f.csv
4184,0,0,0,2g.csv
4184,0,0,0,2h.csv
4184,1,1,0,2i.csv
4184,0,0,0,2j.csv
4184,0,0,0,2k.csv
4184,0,0,0,2l.csv
4184,5,4,1,3a.csv
4184,7,6,1,3b.csv
4184,0,0,0,3c.csv
4184,0,0,0,3d.csv
4184,0,0,0,3e.csv
4184,0,0,0,3f.csv
4184,0,0,0,3g.csv
4185,17,16,1,1a.csv
4185,0,0,0,1b.csv
4185,4,4,0,1c.csv
4185,0,0,0,1e.csv
4185,0,0,0,1f.csv
4185,0,0,0,1g.csv
4185,0,0,0,1h.csv
4185,0,0,0,1i.csv
4185,0,0,0,1j.csv
4185,2,1,1,1k.csv
4185,1,0,1,1l.csv
4185,0,0,0,1m.csv
4185,1,1,0,2a.csv
4185,0,0,0,2b.csv
4185,1,1,0,2c.csv
4185,0,0,0,2d.csv
4185,1,1,0,2e.csv
4185,0,0,0,2f.csv
4185,0,0,0,2g.csv
4185,0,0,0,2h.csv
4185,1,1,0,2i.csv
4185,0,0,0,2j.csv
4185,0,0,0,2k.csv
4185,0,0,0,2l.csv
4185,4,3,1,3a.csv
4185,7,6,1,3b.csv
4185,0,0,0,3c.csv
4185,0,0,0,3d.csv
4185,0,0,0,3e.csv
4185,0,0,0,3f.csv
4185,0,0,0,3g.csv
4186,15,14,1,1a.csv
4186,0,0,0,1b.csv
4186,3,3,0,1c.csv
4186,0,0,0,1e.csv
4186,0,0,0,1f.csv
4186,0,0,0,1g.csv
4186,0,0,0,1h.csv
4186,0,0,0,1i.csv
4186,0,0,0,1j.csv
4186,2,1,1,1k.csv
4186,1,0,1,1l.csv
4186,1,1,0,1m.csv
4186,1,1,0,2a.csv
4186,0,0,0,2b.csv
4186,1,1,0,2c.csv
4186,0,0,0,2d.csv
4186,1,1,0,2e.csv
4186,0,0,0,2f.csv
4186,0,0,0,2g.csv
4186,0,0,0,2h.csv
4186,1,1,0,2i.csv
4186,0,0,0,2j.csv
4186,0,0,0,2k.csv
4186,0,0,0,2l.csv
4186,4,2,2,3a.csv
4186,8,7,1,3b.csv
4186,0,0,0,3c.csv
4186,0,0,0,3d.csv
4186,0,0,0,3e.csv
4186,0,0,0,3f.csv
4186,0,0,0,3g.csv
4187,14,13,1,1a.csv
4187,0,0,0,1b.csv
4187,3,3,0,1c.csv
4187,0,0,0,1e.csv
4187,0,0,0,1f.csv
4187,0,0,0,1g.csv
4187,0,0,0,1h.csv
4187,0,0,0,1i.csv
4187,0,0,0,1j.csv
4187,2,1,1,1k.csv
4187,1,0,1,1l.csv
4187,1,1,0,1m.csv
4187,1,1,0,2a.csv
4187,0,0,0,2b.csv
4187,2,2,0,2c.csv
4187,0,0,0,2d.csv
4187,1,1,0,2e.csv
4187,0,0,0,2f.csv
4187,0,0,0,2g.csv
4187,0,0,0,2h.csv
4187,1,1,0,2i.csv
4187,0,0,0,2j.csv
4187,0,0,0,2k.csv
4187,0,0,0,2l.csv
4187,4,2,2,3a.csv
4187,7,7,0,3b.csv
4187,0,0,0,3c.csv
4187,0,0,0,3d.csv
4187,0,0,0,3e.csv
4187,0,0,0,3f.csv
4187,0,0,0,3g.csv
4188,16,15,1,1a.csv
4188,0,0,0,1b.csv
4188,4,4,0,1c.csv
4188,0,0,0,1e.csv
4188,0,0,0,1f.csv
4188,0,0,0,1g.csv
4188,0,0,0,1h.csv
4188,0,0,0,1i.csv
4188,0,0,0,1j.csv
4188,2,0,2,1k.csv
4188,1,0,1,1l.csv
4188,1,1,0,1m.csv
4188,1,1,0,2a.csv
4188,0,0,0,2b.csv
4188,2,2,0,2c.csv
4188,0,0,0,2d.csv
4188,1,1,0,2e.csv
4188,0,0,0,2f.csv
4188,0,0,0,2g.csv
4188,0,0,0,2h.csv
4188,1,1,0,2i.csv
4188,0,0,0,2j.csv
4188,0,0,0,2k.csv
4188,0,0,0,2l.csv
4188,7,5,2,3a.csv
4188,6,6,0,3b.csv
4188,0,0,0,3c.csv
4188,0,0,0,3d.csv
4188,0,0,0,3e.csv
4188,0,0,0,3f.csv
4188,0,0,0,3g.csv
4189,10,10,0,1a.csv
4189,0,0,0,1b.csv
4189,3,3,0,1c.csv
4189,0,0,0,1e.csv
4189,1,1,0,1f.csv
4189,0,0,0,1g.csv
4189,0,0,0,1h.csv
4189,0,0,0,1i.csv
4189,1,1,0,1j.csv
4189,2,0,2,1k.csv
4189,1,0,1,1l.csv
4189,1,1,0,1m.csv
4189,1,1,0,2a.csv
4189,0,0,0,2b.csv
4189,2,2,0,2c.csv
4189,0,0,0,2d.csv
4189,1,1,0,2e.csv
4189,0,0,0,2f.csv
4189,0,0,0,2g.csv
4189,0,0,0,2h.csv
4189,1,1,0,2i.csv
4189,0,0,0,2j.csv
4189,0,0,0,2k.csv
4189,0,0,0,2l.csv
4189,7,5,2,3a.csv
4189,6,6,0,3b.csv
4189,0,0,0,3c.csv
4189,0,0,0,3d.csv
4189,0,0,0,3e.csv
4189,0,0,0,3f.csv
4189,0,0,0,3g.csv
4190,10,10,0,1a.csv
4190,0,0,0,1b.csv
4190,3,3,0,1c.csv
4190,0,0,0,1e.csv
4190,1,1,0,1f.csv
4190,0,0,0,1g.csv
4190,0,0,0,1h.csv
4190,0,0,0,1i.csv
4190,1,1,0,1j.csv
4190,3,0,3,1k.csv
4190,1,0,1,1l.csv
4190,1,1,0,1m.csv
4190,2,2,0,2a.csv
4190,1,0,1,2b.csv
4190,2,2,0,2c.csv
4190,0,0,0,2d.csv
4190,0,0,0,2e.csv
4190,0,0,0,2f.csv
4190,0,0,0,2g.csv
4190,0,0,0,2h.csv
4190,1,1,0,2i.csv
4190,1,1,0,2j.csv
4190,0,0,0,2k.csv
4190,0,0,0,2l.csv
4190,9,7,2,3a.csv
4190,7,7,0,3b.csv
4190,0,0,0,3c.csv
4190,0,0,0,3d.csv
4190,0,0,0,3e.csv
4190,0,0,0,3f.csv
4190,0,0,0,3g.csv
4191,8,8,0,1a.csv
4191,0,0,0,1b.csv
4191,2,2,0,1c.csv
4191,0,0,0,1e.csv
4191,1,1,0,1f.csv
4191,0,0,0,1g.csv
4191,0,0,0,1h.csv
4191,0,0,0,1i.csv
4191,1,1,0,1j.csv
4191,3,0,3,1k.csv
4191,0,0,0,1l.csv
4191,1,1,0,1m.csv
4191,2,2,0,2a.csv
4191,1,0,1,2b.csv
4191,2,2,0,2c.csv
4191,0,0,0,2d.csv
4191,0,0,0,2e.csv
4191,0,0,0,2f.csv
4191,0,0,0,2g.csv
4191,0,0,0,2h.csv
4191,0,0,0,2i.csv
4191,1,1,0,2j.csv
4191,0,0,0,2k.csv
4191,0,0,0,2l.csv
4191,8,7,1,3a.csv
4191,8,8,0,3b.csv
4191,0,0,0,3c.csv
4191,0,0,0,3d.csv
4191,0,0,0,3e.csv
4191,0,0,0,3f.csv
4191,0,0,0,3g.csv
4192,9,9,0,1a.csv
4192,0,0,0,1b.csv
4192,3,3,0,1c.csv
4192,0,0,0,1e.csv
4192,2,2,0,1f.csv
4192,0,0,0,1g.csv
4192,0,0,0,1h.csv
4192,0,0,0,1i.csv
4192,1,1,0,1j.csv
4192,2,0,2,1k.csv
4192,0,0,0,1l.csv
4192,1,1,0,1m.csv
4192,1,1,0,2a.csv
4192,1,0,1,2b.csv
4192,2,2,0,2c.csv
4192,0,0,0,2d.csv
4192,0,0,0,2e.csv
4192,0,0,0,2f.csv
4192,0,0,0,2g.csv
4192,0,0,0,2h.csv
4192,0,0,0,2i.csv
4192,1,1,0,2j.csv
4192,0,0,0,2k.csv
4192,0,0,0,2l.csv
4192,9,8,1,3a.csv
4192,14,14,0,3b.csv
4192,0,0,0,3c.csv
4192,0,0,0,3d.csv
4192,0,0,0,3e.csv
4192,0,0,0,3f.csv
4192,0,0,0,3g.csv
4193,7,7,0,1a.csv
4193,0,0,0,1b.csv
4193,3,3,0,1c.csv
4193,0,0,0,1e.csv
4193,2,2,0,1f.csv
4193,0,0,0,1g.csv
4193,0,0,0,1h.csv
4193,0,0,0,1i.csv
4193,1,1,0,1j.csv
4193,2,0,2,1k.csv
4193,0,0,0,1l.csv
4193,1,1,0,1m.csv
4193,1,1,0,2a.csv
4193,1,0,1,2b.csv
4193,1,1,0,2c.csv
4193,0,0,0,2d.csv
4193,0,0,0,2e.csv
4193,0,0,0,2f.csv
4193,0,0,0,2g.csv
4193,0,0,0,2h.csv
4193,0,0,0,2i.csv
4193,1,1,0,2j.csv
4193,0,0,0,2k.csv
4193,0,0,0,2l.csv
4193,11,9,2,3a.csv
4193,16,16,0,3b.csv
4193,0,0,0,3c.csv
4193,0,0,0,3d.csv
4193,0,0,0,3e.csv
4193,0,0,0,3f.csv
4193,0,0,0,3g.csv
4194,8,7,1,1a.csv
4194,0,0,0,1b.csv
4194,3,3,0,1c.csv
4194,0,0,0,1e.csv
4194,2,2,0,1f.csv
4194,0,0,0,1g.csv
4194,0,0,0,1h.csv
4194,0,0,0,1i.csv
4194,1,1,0,1j.csv
4194,2,0,2,1k.csv
4194,0,0,0,1l.csv
4194,0,0,0,1m.csv
4194,1,1,0,2a.csv
4194,1,0,1,2b.csv
4194,1,1,0,2c.csv
4194,0,0,0,2d.csv
4194,0,0,0,2e.csv
4194,0,0,0,2f.csv
4194,0,0,0,2g.csv
4194,0,0,0,2h.csv
4194,0,0,0,2i.csv
4194,1,1,0,2j.csv
4194,0,0,0,2k.csv
4194,0,0,0,2l.csv
4194,11,9,2,3a.csv
4194,17,17,0,3b.csv
4194,0,0,0,3c.csv
4194,0,0,0,3d.csv
4194,0,0,0,3e.csv
4194,0,0,0,3f.csv
4194,0,0,0,3g.csv
4195,10,9,1,1a.csv
4195,0,0,0,1b.csv
4195,2,2,0,1c.csv
4195,0,0,0,1e.csv
4195,2,2,0,1f.csv
4195,0,0,0,1g.csv
4195,0,0,0,1h.csv
4195,0,0,0,1i.csv
4195,1,1,0,1j.csv
4195,2,0,2,1k.csv
4195,0,0,0,1l.csv
4195,0,0,0,1m.csv
4195,1,1,0,2a.csv
4195,1,0,1,2b.csv
4195,0,0,0,2c.csv
4195,0,0,0,2d.csv
4195,0,0,0,2e.csv
4195,0,0,0,2f.csv
4195,0,0,0,2g.csv
4195,1,0,1,2h.csv
4195,0,0,0,2i.csv
4195,1,1,0,2j.csv
4195,0,0,0,2k.csv
4195,0,0,0,2l.csv
4195,10,8,2,3a.csv
4195,25,25,0,3b.csv
4195,0,0,0,3c.csv
4195,0,0,0,3d.csv
4195,0,0,0,3e.csv
4195,0,0,0,3f.csv
4195,0,0,0,3g.csv
4196,7,6,1,1a.csv
4196,0,0,0,1b.csv
4196,1,1,0,1c.csv
4196,0,0,0,1e.csv
4196,2,2,0,1f.csv
4196,0,0,0,1g.csv
4196,0,0,0,1h.csv
4196,0,0,0,1i.csv
4196,2,2,0,1j.csv
4196,1,0,1,1k.csv
4196,0,0,0,1l.csv
4196,0,0,0,1m.csv
4196,1,1,0,2a.csv
4196,1,0,1,2b.csv
4196,0,0,0,2c.csv
4196,0,0,0,2d.csv
4196,0,0,0,2e.csv
4196,0,0,0,2f.csv
4196,0,0,0,2g.csv
4196,1,0,1,2h.csv
4196,0,0,0,2i.csv
4196,1,1,0,2j.csv
4196,0,0,0,2k.csv
4196,0,0,0,2l.csv
4196,8,5,3,3a.csv
4196,33,33,0,3b.csv
4196,0,0,0,3c.csv
4196,0,0,0,3d.csv
4196,0,0,0,3e.csv
4196,0,0,0,3f.csv
4196,0,0,0,3g.csv
4197,8,7,1,1a.csv
4197,0,0,0,1b.csv
4197,2,2,0,1c.csv
4197,0,0,0,1e.csv
4197,1,1,0,1f.csv
4197,0,0,0,1g.csv
4197,0,0,0,1h.csv
4197,0,0,0,1i.csv
4197,1,1,0,1j.csv
4197,1,0,1,1k.csv
4197,0,0,0,1l.csv
4197,0,0,0,1m.csv
4197,1,1,0,2a.csv
4197,1,0,1,2b.csv
4197,0,0,0,2c.csv
4197,0,0,0,2d.csv
4197,0,0,0,2e.csv
4197,0,0,0,2f.csv
4197,0,0,0,2g.csv
4197,1,0,1,2h.csv
4197,0,0,0,2i.csv
4197,3,3,0,2j.csv
4197,0,0,0,2k.csv
4197,0,0,0,2l.csv
4197,8,5,3,3a.csv
4197,43,42,1,3b.csv
4197,0,0,0,3c.csv
4197,0,0,0,3d.csv
4197,0,0,0,3e.csv
4197,0,0,0,3f.csv
4197,0,0,0,3g.csv
4198,7,6,1,1a.csv
4198,0,0,0,1b.csv
4198,2,2,0,1c.csv
4198,0,0,0,1e.csv
4198,1,1,0,1f.csv
4198,0,0,0,1g.csv
4198,0,0,0,1h.csv
4198,0,0,0,1i.csv
4198,1,1,0,1j.csv
4198,1,1,0,1k.csv
4198,0,0,0,1l.csv
4198,0,0,0,1m.csv
4198,0,0,0,2a.csv
4198,0,0,0,2b.csv
4198,0,0,0,2c.csv
4198,0,0,0,2d.csv
4198,0,0,0,2e.csv
4198,0,0,0,2f.csv
4198,0,0,0,2g.csv
4198,1,0,1,2h.csv
4198,0,0,0,2i.csv
4198,2,2,0,2j.csv
4198,0,0,0,2k.csv
4198,0,0,0,2l.csv
4198,7,4,3,3a.csv
4198,56,53,3,3b.csv
4198,0,0,0,3c.csv
4198,0,0,0,3d.csv
4198,0,0,0,3e.csv
4198,0,0,0,3f.csv
4198,0,0,0,3g.csv
4199,8,7,1,1a.csv
4199,0,0,0,1b.csv
4199,3,2,1,1c.csv
4199,0,0,0,1e.csv
4199,1,1,0,1f.csv
4199,0,0,0,1g.csv
4199,1,1,0,1h.csv
4199,0,0,0,1i.csv
4199,1,1,0,1j.csv
4199,1,1,0,1k.csv
4199,0,0,0,1l.csv
4199,0,0,0,1m.csv
4199,0,0,0,2a.csv
4199,0,0,0,2b.csv
4199,0,0,0,2c.csv
4199,0,0,0,2d.csv
4199,0,0,0,2e.csv
4199,0,0,0,2f.csv
4199,0,0,0,2g.csv
4199,1,0,1,2h.csv
4199,0,0,0,2i.csv
4199,2,2,0,2j.csv
4199,0,0,0,2k.csv
4199,0,0,0,2l.csv
4199,10,6,4,3a.csv
4199,71,68,3,3b.csv
4199,0,0,0,3c.csv
4199,0,0,0,3d.csv
4199,0,0,0,3e.csv
4199,0,0,0,3f.csv
4199,0,0,0,3g.csv
4200,8,6,2,1a.csv
4200,0,0,0,1b.csv
4200,2,1,1,1c.csv
4200,0,0,0,1e.csv
4200,0,0,0,1f.csv
4200,0,0,0,1g.csv
4200,1,1,0,1h.csv
4200,0,0,0,1i.csv
4200,1,1,0,1j.csv
4200,1,1,0,1k.csv
4200,0,0,0,1l.csv
4200,0,0,0,1m.csv
4200,0,0,0,2a.csv
4200,0,0,0,2b.csv
4200,0,0,0,2c.csv
4200,0,0,0,2d.csv
4200,0,0,0,2e.csv
4200,0,0,0,2f.csv
4200,0,0,0,2g.csv
4200,1,0,1,2h.csv
4200,0,0,0,2i.csv
4200,2,2,0,2j.csv
4200,0,0,0,2k.csv
4200,0,0,0,2l.csv
4200,11,6,5,3a.csv
4200,73,70,3,3b.csv
4200,0,0,0,3c.csv
4200,0,0,0,3d.csv
4200,0,0,0,3e.csv
4200,0,0,0,3f.csv
4200,0,0,0,3g.csv
4201,10,7,3,1a.csv
4201,0,0,0,1b.csv
4201,2,1,1,1c.csv
4201,0,0,0,1e.csv
4201,0,0,0,1f.csv
4201,0,0,0,1g.csv
4201,1,1,0,1h.csv
4201,0,0,0,1i.csv
4201,1,1,0,1j.csv
4201,1,1,0,1k.csv
4201,2,1,1,1l.csv
4201,0,0,0,1m.csv
4201,0,0,0,2a.csv
4201,0,0,0,2b.csv
4201,0,0,0,2c.csv
4201,0,0,0,2d.csv
4201,0,0,0,2e.csv
4201,0,0,0,2f.csv
4201,0,0,0,2g.csv
4201,2,1,1,2h.csv
4201,0,0,0,2i.csv
4201,2,2,0,2j.csv
4201,0,0,0,2k.csv
4201,0,0,0,2l.csv
4201,11,7,4,3a.csv
4201,85,82,3,3b.csv
4201,0,0,0,3c.csv
4201,0,0,0,3d.csv
4201,0,0,0,3e.csv
4201,0,0,0,3f.csv
4201,0,0,0,3g.csv
4202,10,8,2,1a.csv
4202,0,0,0,1b.csv
4202,2,1,1,1c.csv
4202,0,0,0,1e.csv
4202,0,0,0,1f.csv
4202,0,0,0,1g.csv
4202,1,1,0,1h.csv
4202,0,0,0,1i.csv
4202,1,1,0,1j.csv
4202,1,1,0,1k.csv
4202,2,1,1,1l.csv
4202,0,0,0,1m.csv
4202,0,0,0,2a.csv
4202,0,0,0,2b.csv
4202,0,0,0,2c.csv
4202,0,0,0,2d.csv
4202,0,0,0,2e.csv
4202,0,0,0,2f.csv
4202,0,0,0,2g.csv
4202,2,1,1,2h.csv
4202,0,0,0,2i.csv
4202,2,2,0,2j.csv
4202,0,0,0,2k.csv
4202,0,0,0,2l.csv
4202,10,7,3,3a.csv
4202,102,99,3,3b.csv
4202,0,0,0,3c.csv
4202,0,0,0,3d.csv
4202,0,0,0,3e.csv
4202,0,0,0,3f.csv
4202,0,0,0,3g.csv
4203,9,6,3,1a.csv
4203,0,0,0,1b.csv
4203,3,1,2,1c.csv
4203,0,0,0,1e.csv
4203,0,0,0,1f.csv
4203,0,0,0,1g.csv
4203,1,1,0,1h.csv
4203,0,0,0,1i.csv
4203,1,1,0,1j.csv
4203,1,1,0,1k.csv
4203,2,1,1,1l.csv
4203,0,0,0,1m.csv
4203,0,0,0,2a.csv
4203,0,0,0,2b.csv
4203,0,0,0,2c.csv
4203,0,0,0,2d.csv
4203,0,0,0,2e.csv
4203,0,0,0,2f.csv
4203,0,0,0,2g.csv
4203,1,1,0,2h.csv
4203,1,1,0,2i.csv
4203,2,2,0,2j.csv
4203,0,0,0,2k.csv
4203,0,0,0,2l.csv
4203,11,8,3,3a.csv
4203,109,106,3,3b.csv
4203,0,0,0,3c.csv
4203,0,0,0,3d.csv
4203,0,0,0,3e.csv
4203,0,0,0,3f.csv
4203,0,0,0,3g.csv
4204,8,5,3,1a.csv
4204,0,0,0,1b.csv
4204,3,1,2,1c.csv
4204,0,0,0,1e.csv
4204,0,0,0,1f.csv
4204,0,0,0,1g.csv
4204,1,1,0,1h.csv
4204,0,0,0,1i.csv
4204,0,0,0,1j.csv
4204,2,2,0,1k.csv
4204,2,1,1,1l.csv
4204,0,0,0,1m.csv
4204,0,0,0,2a.csv
4204,0,0,0,2b.csv
4204,0,0,0,2c.csv
4204,0,0,0,2d.csv
4204,0,0,0,2e.csv
4204,0,0,0,2f.csv
4204,0,0,0,2g.csv
4204,1,1,0,2h.csv
4204,1,1,0,2i.csv
4204,2,2,0,2j.csv
4204,0,0,0,2k.csv
4204,0,0,0,2l.csv
4204,13,11,2,3a.csv
4204,118,115,3,3b.csv
4204,0,0,0,3c.csv
4204,0,0,0,3d.csv
4204,0,0,0,3e.csv
4204,0,0,0,3f.csv
4204,0,0,0,3g.csv
4205,7,4,3,1a.csv
4205,0,0,0,1b.csv
4205,2,0,2,1c.csv
4205,0,0,0,1e.csv
4205,0,0,0,1f.csv
4205,0,0,0,1g.csv
4205,1,1,0,1h.csv
4205,0,0,0,1i.csv
4205,0,0,0,1j.csv
4205,2,2,0,1k.csv
4205,2,1,1,1l.csv
4205,0,0,0,1m.csv
4205,0,0,0,2a.csv
4205,0,0,0,2b.csv
4205,0,0,0,2c.csv
4205,0,0,0,2d.csv
4205,0,0,0,2e.csv
4205,0,0,0,2f.csv
4205,0,0,0,2g.csv
4205,1,1,0,2h.csv
4205,1,1,0,2i.csv
4205,0,0,0,2j.csv
4205,0,0,0,2k.csv
4205,0,0,0,2l.csv
4205,14,12,2,3a.csv
4205,121,119,2,3b.csv
4205,0,0,0,3c.csv
4205,0,0,0,3d.csv
4205,0,0,0,3e.csv
4205,0,0,0,3f.csv
4205,0,0,0,3g.csv
4206,9,6,3,1a.csv
4206,0,0,0,1b.csv
4206,4,1,3,1c.csv
4206,0,0,0,1e.csv
4206,0,0,0,1f.csv
4206,0,0,0,1g.csv
4206,1,1,0,1h.csv
4206,0,0,0,1i.csv
4206,1,1,0,1j.csv
4206,1,1,0,1k.csv
4206,2,1,1,1l.csv
4206,0,0,0,1m.csv
4206,0,0,0,2a.csv
4206,0,0,0,2b.csv
4206,0,0,0,2c.csv
4206,0,0,0,2d.csv
4206,0,0,0,2e.csv
4206,0,0,0,2f.csv
4206,0,0,0,2g.csv
4206,1,1,0,2h.csv
4206,1,1,0,2i.csv
4206,0,0,0,2j.csv
4206,0,0,0,2k.csv
4206,0,0,0,2l.csv
4206,16,14,2,3a.csv
4206,126,126,0,3b.csv
4206,0,0,0,3c.csv
4206,0,0,0,3d.csv
4206,0,0,0,3e.csv
4206,0,0,0,3f.csv
4206,0,0,0,3g.csv
4207,9,6,3,1a.csv
4207,0,0,0,1b.csv
4207,3,1,2,1c.csv
4207,0,0,0,1e.csv
4207,0,0,0,1f.csv
4207,0,0,0,1g.csv
4207,0,0,0,1h.csv
4207,0,0,0,1i.csv
4207,1,1,0,1j.csv
4207,1,1,0,1k.csv
4207,2,1,1,1l.csv
4207,0,0,0,1m.csv
4207,0,0,0,2a.csv
4207,0,0,0,2b.csv
4207,0,0,0,2c.csv
4207,0,0,0,2d.csv
4207,0,0,0,2e.csv
4207,0,0,0,2f.csv
4207,0,0,0,2g.csv
4207,1,1,0,2h.csv
4207,1,1,0,2i.csv
4207,0,0,0,2j.csv
4207,0,0,0,2k.csv
4207,0,0,0,2l.csv
4207,16,15,1,3a.csv
4207,122,122,0,3b.csv
4207,0,0,0,3c.csv
4207,0,0,0,3d.csv
4207,0,0,0,3e.csv
4207,0,0,0,3f.csv
4207,0,0,0,3g.csv
4208,9,5,4,1a.csv
4208,0,0,0,1b.csv
4208,3,1,2,1c.csv
4208,1,0,1,1e.csv
4208,0,0,0,1f.csv
4208,0,0,0,1g.csv
4208,0,0,0,1h.csv
4208,0,0,0,1i.csv
4208,1,1,0,1j.csv
4208,2,1,1,1k.csv
4208,2,1,1,1l.csv
4208,0,0,0,1m.csv
4208,1,1,0,2a.csv
4208,0,0,0,2b.csv
4208,0,0,0,2c.csv
4208,0,0,0,2d.csv
4208,0,0,0,2e.csv
4208,0,0,0,2f.csv
4208,0,0,0,2g.csv
4208,2,1,1,2h.csv
4208,1,1,0,2i.csv
4208,0,0,0,2j.csv
4208,0,0,0,2k.csv
4208,0,0,0,2l.csv
4208,19,19,0,3a.csv
4208,127,126,1,3b.csv
4208,0,0,0,3c.csv
4208,0,0,0,3d.csv
4208,0,0,0,3e.csv
4208,0,0,0,3f.csv
4208,0,0,0,3g.csv
4209,8,4,4,1a.csv
4209,0,0,0,1b.csv
4209,3,1,2,1c.csv
4209,1,0,1,1e.csv
4209,0,0,0,1f.csv
4209,0,0,0,1g.csv
4209,0,0,0,1h.csv
4209,0,0,0,1i.csv
4209,1,1,0,1j.csv
4209,2,1,1,1k.csv
4209,0,0,0,1l.csv
4209,0,0,0,1m.csv
4209,1,1,0,2a.csv
4209,0,0,0,2b.csv
4209,0,0,0,2c.csv
4209,0,0,0,2d.csv
4209,0,0,0,2e.csv
4209,0,0,0,2f.csv
4209,0,0,0,2g.csv
4209,1,0,1,2h.csv
4209,1,1,0,2i.csv
4209,0,0,0,2j.csv
4209,0,0,0,2k.csv
4209,0,0,0,2l.csv
4209,29,29,0,3a.csv
4209,122,121,1,3b.csv
4209,0,0,0,3c.csv
4209,0,0,0,3d.csv
4209,0,0,0,3e.csv
4209,0,0,0,3f.csv
4209,0,0,0,3g.csv
4210,8,3,5,1a.csv
4210,0,0,0,1b.csv
4210,3,1,2,1c.csv
4210,1,0,1,1e.csv
4210,0,0,0,1f.csv
4210,0,0,0,1g.csv
4210,0,0,0,1h.csv
4210,0,0,0,1i.csv
4210,1,1,0,1j.csv
4210,2,1,1,1k.csv
4210,0,0,0,1l.csv
4210,0,0,0,1m.csv
4210,1,1,0,2a.csv
4210,0,0,0,2b.csv
4210,0,0,0,2c.csv
4210,0,0,0,2d.csv
4210,0,0,0,2e.csv
4210,0,0,0,2f.csv
4210,0,0,0,2g.csv
4210,1,0,1,2h.csv
4210,1,1,0,2i.csv
4210,0,0,0,2j.csv
4210,0,0,0,2k.csv
4210,0,0,0,2l.csv
4210,37,37,0,3a.csv
4210,110,109,1,3b.csv
4210,0,0,0,3c.csv
4210,0,0,0,3d.csv
4210,0,0,0,3e.csv
4210,0,0,0,3f.csv
4210,0,0,0,3g.csv
4211,8,3,5,1a.csv
4211,0,0,0,1b.csv
4211,4,2,2,1c.csv
4211,1,0,1,1e.csv
4211,0,0,0,1f.csv
4211,0,0,0,1g.csv
4211,0,0,0,1h.csv
4211,0,0,0,1i.csv
4211,1,1,0,1j.csv
4211,2,1,1,1k.csv
4211,0,0,0,1l.csv
4211,0,0,0,1m.csv
4211,1,1,0,2a.csv
4211,0,0,0,2b.csv
4211,0,0,0,2c.csv
4211,0,0,0,2d.csv
4211,0,0,0,2e.csv
4211,0,0,0,2f.csv
4211,0,0,0,2g.csv
4211,1,0,1,2h.csv
4211,0,0,0,2i.csv
4211,0,0,0,2j.csv
4211,0,0,0,2k.csv
4211,0,0,0,2l.csv
4211,46,46,0,3a.csv
4211,101,99,2,3b.csv
4211,0,0,0,3c.csv
4211,0,0,0,3d.csv
4211,0,0,0,3e.csv
4211,0,0,0,3f.csv
4211,0,0,0,3g.csv
4212,8,3,5,1a.csv
4212,0,0,0,1b.csv
4212,5,2,3,1c.csv
4212,1,0,1,1e.csv
4212,0,0,0,1f.csv
4212,0,0,0,1g.csv
4212,0,0,0,1h.csv
4212,0,0,0,1i.csv
4212,1,1,0,1j.csv
4212,1,0,1,1k.csv
4212,1,1,0,1l.csv
4212,0,0,0,1m.csv
4212,1,1,0,2a.csv
4212,0,0,0,2b.csv
4212,0,0,0,2c.csv
4212,0,0,0,2d.csv
4212,0,0,0,2e.csv
4212,0,0,0,2f.csv
4212,0,0,0,2g.csv
4212,1,0,1,2h.csv
4212,0,0,0,2i.csv
4212,0,0,0,2j.csv
4212,0,0,0,2k.csv
4212,0,0,0,2l.csv
4212,59,58,1,3a.csv
4212,93,90,3,3b.csv
4212,0,0,0,3c.csv
4212,0,0,0,3d.csv
4212,0,0,0,3e.csv
4212,0,0,0,3f.csv
4212,0,0,0,3g.csv
4213,9,3,6,1a.csv
4213,0,0,0,1b.csv
4213,5,2,3,1c.csv
4213,1,0,1,1e.csv
4213,0,0,0,1f.csv
4213,0,0,0,1g.csv
4213,0,0,0,1h.csv
4213,0,0,0,1i.csv
4213,1,1,0,1j.csv
4213,1,0,1,1k.csv
4213,1,1,0,1l.csv
4213,0,0,0,1m.csv
4213,1,1,0,2a.csv
4213,0,0,0,2b.csv
4213,0,0,0,2c.csv
4213,0,0,0,2d.csv
4213,0,0,0,2e.csv
4213,0,0,0,2f.csv
4213,0,0,0,2g.csv
4213,1,0,1,2h.csv
4213,0,0,0,2i.csv
4213,0,0,0,2j.csv
4213,0,0,0,2k.csv
4213,0,0,0,2l.csv
4213,72,71,1,3a.csv
4213,85,82,3,3b.csv
4213,0,0,0,3c.csv
4213,0,0,0,3d.csv
4213,0,0,0,3e.csv
4213,0,0,0,3f.csv
4213,0,0,0,3g.csv
4214,7,1,6,1a.csv
4214,0,0,0,1b.csv
4214,3,1,2,1c.csv
4214,1,0,1,1e.csv
4214,0,0,0,1f.csv
4214,0,0,0,1g.csv
4214,0,0,0,1h.csv
4214,0,0,0,1i.csv
4214,0,0,0,1j.csv
4214,1,0,1,1k.csv
4214,1,1,0,1l.csv
4214,0,0,0,1m.csv
4214,1,1,0,2a.csv
4214,0,0,0,2b.csv
4214,0,0,0,2c.csv
4214,0,0,0,2d.csv
4214,0,0,0,2e.csv
4214,0,0,0,2f.csv
4214,0,0,0,2g.csv
4214,1,0,1,2h.csv
4214,0,0,0,2i.csv
4214,0,0,0,2j.csv
4214,0,0,0,2k.csv
4214,0,0,0,2l.csv
4214,87,86,1,3a.csv
4214,69,66,3,3b.csv
4214,0,0,0,3c.csv
4214,0,0,0,3d.csv
4214,0,0,0,3e.csv
4214,0,0,0,3f.csv
4214,0,0,0,3g.csv
4215,8,2,6,1a.csv
4215,0,0,0,1b.csv
4215,3,1,2,1c.csv
4215,1,0,1,1e.csv
4215,1,1,0,1f.csv
4215,0,0,0,1g.csv
4215,0,0,0,1h.csv
4215,0,0,0,1i.csv
4215,0,0,0,1j.csv
4215,1,0,1,1k.csv
4215,1,1,0,1l.csv
4215,0,0,0,1m.csv
4215,1,1,0,2a.csv
4215,0,0,0,2b.csv
4215,0,0,0,2c.csv
4215,0,0,0,2d.csv
4215,0,0,0,2e.csv
4215,0,0,0,2f.csv
4215,0,0,0,2g.csv
4215,1,0,1,2h.csv
4215,0,0,0,2i.csv
4215,1,1,0,2j.csv
4215,0,0,0,2k.csv
4215,0,0,0,2l.csv
4215,101,100,1,3a.csv
4215,61,58,3,3b.csv
4215,0,0,0,3c.csv
4215,0,0,0,3d.csv
4215,0,0,0,3e.csv
4215,0,0,0,3f.csv
4215,0,0,0,3g.csv
4216,6,2,4,1a.csv
4216,0,0,0,1b.csv
4216,4,2,2,1c.csv
4216,0,0,0,1e.csv
4216,1,1,0,1f.csv
4216,0,0,0,1g.csv
4216,0,0,0,1h.csv
4216,0,0,0,1i.csv
4216,0,0,0,1j.csv
4216,0,0,0,1k.csv
4216,2,2,0,1l.csv
4216,0,0,0,1m.csv
4216,0,0,0,2a.csv
4216,0,0,0,2b.csv
4216,0,0,0,2c.csv
4216,0,0,0,2d.csv
4216,0,0,0,2e.csv
4216,0,0,0,2f.csv
4216,0,0,0,2g.csv
4216,0,0,0,2h.csv
4216,0,0,0,2i.csv
4216,1,1,0,2j.csv
4216,0,0,0,2k.csv
4216,0,0,0,2l.csv
4216,111,110,1,3a.csv
4216,54,52,2,3b.csv
4216,0,0,0,3c.csv
4216,0,0,0,3d.csv
4216,0,0,0,3e.csv
4216,0,0,0,3f.csv
4216,0,0,0,3g.csv
4217,6,2,4,1a.csv
4217,0,0,0,1b.csv
4217,6,2,4,1c.csv
4217,0,0,0,1e.csv
4217,1,1,0,1f.csv
4217,0,0,0,1g.csv
4217,0,0,0,1h.csv
4217,0,0,0,1i.csv
4217,0,0,0,1j.csv
4217,0,0,0,1k.csv
4217,2,2,0,1l.csv
4217,0,0,0,1m.csv
4217,0,0,0,2a.csv
4217,0,0,0,2b.csv
4217,0,0,0,2c.csv
4217,0,0,0,2d.csv
4217,0,0,0,2e.csv
4217,0,0,0,2f.csv
4217,0,0,0,2g.csv
4217,0,0,0,2h.csv
4217,0,0,0,2i.csv
4217,1,1,0,2j.csv
4217,0,0,0,2k.csv
4217,0,0,0,2l.csv
4217,119,118,1,3a.csv
4217,55,53,2,3b.csv
4217,0,0,0,3c.csv
4217,0,0,0,3d.csv
4217,0,0,0,3e.csv
4217,0,0,0,3f.csv
4217,0,0,0,3g.csv
4218,6,3,3,1a.csv
4218,0,0,0,1b.csv
4218,6,2,4,1c.csv
4218,0,0,0,1e.csv
4218,1,1,0,1f.csv
4218,0,0,0,1g.csv
4218,0,0,0,1h.csv
4218,0,0,0,1i.csv
4218,0,0,0,1j.csv
4218,0,0,0,1k.csv
4218,2,2,0,1l.csv
4218,0,0,0,1m.csv
4218,0,0,0,2a.csv
4218,0,0,0,2b.csv
4218,1,1,0,2c.csv
4218,0,0,0,2d.csv
4218,0,0,0,2e.csv
4218,0,0,0,2f.csv
4218,0,0,0,2g.csv
4218,0,0,0,2h.csv
4218,0,0,0,2i.csv
4218,1,1,0,2j.csv
4218,0,0,0,2k.csv
4218,0,0,0,2l.csv
4218,126,125,1,3a.csv
4218,52,50,2,3b.csv
4218,0,0,0,3c.csv
4218,0,0,0,3d.csv
4218,0,0,0,3e.csv
4218,0,0,0,3f.csv
4218,0,0,0,3g.csv
4219,5,3,2,1a.csv
4219,0,0,0,1b.csv
4219,4,1,3,1c.csv
4219,0,0,0,1e.csv
4219,1,1,0,1f.csv
4219,0,0,0,1g.csv
4219,0,0,0,1h.csv
4219,0,0,0,1i.csv
4219,0,0,0,1j.csv
4219,0,0,0,1k.csv
4219,3,3,0,1l.csv
4219,0,0,0,1m.csv
4219,0,0,0,2a.csv
4219,0,0,0,2b.csv
4219,1,1,0,2c.csv
4219,0,0,0,2d.csv
4219,0,0,0,2e.csv
4219,0,0,0,2f.csv
4219,0,0,0,2g.csv
4219,0,0,0,2h.csv
4219,0,0,0,2i.csv
4219,1,1,0,2j.csv
4219,0,0,0,2k.csv
4219,0,0,0,2l.csv
4219,135,134,1,3a.csv
4219,47,46,1,3b.csv
4219,0,0,0,3c.csv
4219,0,0,0,3d.csv
4219,0,0,0,3e.csv
4219,0,0,0,3f.csv
4219,0,0,0,3g.csv
4220,6,4,2,1a.csv
4220,0,0,0,1b.csv
4220,4,2,2,1c.csv
4220,0,0,0,1e.csv
4220,1,1,0,1f.csv
4220,0,0,0,1g.csv
4220,0,0,0,1h.csv
4220,0,0,0,1i.csv
4220,0,0,0,1j.csv
4220,0,0,0,1k.csv
4220,2,2,0,1l.csv
4220,0,0,0,1m.csv
4220,0,0,0,2a.csv
4220,2,2,0,2b.csv
4220,1,1,0,2c.csv
4220,0,0,0,2d.csv
4220,0,0,0,2e.csv
4220,0,0,0,2f.csv
4220,0,0,0,2g.csv
4220,0,0,0,2h.csv
4220,0,0,0,2i.csv
4220,1,1,0,2j.csv
4220,0,0,0,2k.csv
4220,0,0,0,2l.csv
4220,138,138,0,3a.csv
4220,42,41,1,3b.csv
4220,0,0,0,3c.csv
4220,0,0,0,3d.csv
4220,0,0,0,3e.csv
4220,0,0,0,3f.csv
4220,0,0,0,3g.csv
4221,5,4,1,1a.csv
4221,0,0,0,1b.csv
4221,4,2,2,1c.csv
4221,0,0,0,1e.csv
4221,1,1,0,1f.csv
4221,0,0,0,1g.csv
4221,0,0,0,1h.csv
4221,0,0,0,1i.csv
4221,0,0,0,1j.csv
4221,0,0,0,1k.csv
4221,2,2,0,1l.csv
4221,0,0,0,1m.csv
4221,0,0,0,2a.csv
4221,2,2,0,2b.csv
4221,1,1,0,2c.csv
4221,0,0,0,2d.csv
4221,0,0,0,2e.csv
4221,0,0,0,2f.csv
4221,0,0,0,2g.csv
4221,0,0,0,2h.csv
4221,0,0,0,2i.csv
4221,1,1,0,2j.csv
4221,0,0,0,2k.csv
4221,0,0,0,2l.csv
4221,137,136,1,3a.csv
4221,40,39,1,3b.csv
4221,0,0,0,3c.csv
4221,0,0,0,3d.csv
4221,0,0,0,3e.csv
4221,0,0,0,3f.csv
4221,0,0,0,3g.csv
4222,6,5,1,1a.csv
4222,0,0,0,1b.csv
4222,6,3,3,1c.csv
4222,0,0,0,1e.csv
4222,1,1,0,1f.csv
4222,0,0,0,1g.csv
4222,0,0,0,1h.csv
4222,0,0,0,1i.csv
4222,0,0,0,1j.csv
4222,0,0,0,1k.csv
4222,3,2,1,1l.csv
4222,0,0,0,1m.csv
4222,0,0,0,2a.csv
4222,2,2,0,2b.csv
4222,1,1,0,2c.csv
4222,0,0,0,2d.csv
4222,0,0,0,2e.csv
4222,0,0,0,2f.csv
4222,0,0,0,2g.csv
4222,0,0,0,2h.csv
4222,0,0,0,2i.csv
4222,1,1,0,2j.csv
4222,0,0,0,2k.csv
4222,0,0,0,2l.csv
4222,140,138,2,3a.csv
4222,44,43,1,3b.csv
4222,0,0,0,3c.csv
4222,0,0,0,3d.csv
4222,0,0,0,3e.csv
4222,0,0,0,3f.csv
4222,0,0,0,3g.csv
4223,4,3,1,1a.csv
4223,0,0,0,1b.csv
4223,6,3,3,1c.csv
4223,0,0,0,1e.csv
4223,0,0,0,1f.csv
4223,0,0,0,1g.csv
4223,0,0,0,1h.csv
4223,0,0,0,1i.csv
4223,0,0,0,1j.csv
4223,0,0,0,1k.csv
4223,4,3,1,1l.csv
4223,0,0,0,1m.csv
4223,0,0,0,2a.csv
4223,2,2,0,2b.csv
4223,1,1,0,2c.csv
4223,0,0,0,2d.csv
4223,0,0,0,2e.csv
4223,0,0,0,2f.csv
4223,0,0,0,2g.csv
4223,0,0,0,2h.csv
4223,0,0,0,2i.csv
4223,0,0,0,2j.csv
4223,0,0,0,2k.csv
4223,0,0,0,2l.csv
4223,143,140,3,3a.csv
4223,43,42,1,3b.csv
4223,0,0,0,3c.csv
4223,0,0,0,3d.csv
4223,0,0,0,3e.csv
4223,0,0,0,3f.csv
4223,0,0,0,3g.csv
4224,4,3,1,1a.csv
4224,0,0,0,1b.csv
4224,5,2,3,1c.csv
4224,0,0,0,1e.csv
4224,0,0,0,1f.csv
4224,0,0,0,1g.csv
4224,0,0,0,1h.csv
4224,0,0,0,1i.csv
4224,0,0,0,1j.csv
4224,1,1,0,1k.csv
4224,3,2,1,1l.csv
4224,0,0,0,1m.csv
4224,1,1,0,2a.csv
4224,2,2,0,2b.csv
4224,1,1,0,2c.csv
4224,0,0,0,2d.csv
4224,0,0,0,2e.csv
4224,0,0,0,2f.csv
4224,0,0,0,2g.csv
4224,0,0,0,2h.csv
4224,0,0,0,2i.csv
4224,0,0,0,2j.csv
4224,0,0,0,2k.csv
4224,0,0,0,2l.csv
4224,147,142,5,3a.csv
4224,37,36,1,3b.csv
4224,0,0,0,3c.csv
4224,0,0,0,3d.csv
4224,0,0,0,3e.csv
4224,0,0,0,3f.csv
4224,0,0,0,3g.csv
4225,4,3,1,1a.csv
4225,0,0,0,1b.csv
4225,3,2,1,1c.csv
4225,0,0,0,1e.csv
4225,0,0,0,1f.csv
4225,0,0,0,1g.csv
4225,0,0,0,1h.csv
4225,0,0,0,1i.csv
4225,1,0,1,1j.csv
4225,1,1,0,1k.csv
4225,3,2,1,1l.csv
4225,0,0,0,1m.csv
4225,1,1,0,2a.csv
4225,2,2,0,2b.csv
4225,1,1,0,2c.csv
4225,0,0,0,2d.csv
4225,0,0,0,2e.csv
4225,0,0,0,2f.csv
4225,0,0,0,2g.csv
4225,0,0,0,2h.csv
4225,0,0,0,2i.csv
4225,0,0,0,2j.csv
4225,1,0,1,2k.csv
4225,0,0,0,2l.csv
4225,144,139,5,3a.csv
4225,30,29,1,3b.csv
4225,0,0,0,3c.csv
4225,0,0,0,3d.csv
4225,0,0,0,3e.csv
4225,0,0,0,3f.csv
4225,0,0,0,3g.csv
4226,4,3,1,1a.csv
4226,0,0,0,1b.csv
4226,3,2,1,1c.csv
4226,0,0,0,1e.csv
4226,0,0,0,1f.csv
4226,0,0,0,1g.csv
4226,0,0,0,1h.csv
4226,0,0,0,1i.csv
4226,2,1,1,1j.csv
4226,1,1,0,1k.csv
4226,4,2,2,1l.csv
4226,0,0,0,1m.csv
4226,1,1,0,2a.csv
4226,2,2,0,2b.csv
4226,0,0,0,2c.csv
4226,0,0,0,2d.csv
4226,0,0,0,2e.csv
4226,0,0,0,2f.csv
4226,0,0,0,2g.csv
4226,0,0,0,2h.csv
4226,0,0,0,2i.csv
4226,0,0,0,2j.csv
4226,1,0,1,2k.csv
4226,0,0,0,2l.csv
4226,146,140,6,3a.csv
4226,29,28,1,3b.csv
4226,0,0,0,3c.csv
4226,0,0,0,3d.csv
4226,0,0,0,3e.csv
4226,0,0,0,3f.csv
4226,0,0,0,3g.csv
4227,5,3,2,1a.csv
4227,0,0,0,1b.csv
4227,3,2,1,1c.csv
4227,0,0,0,1e.csv
4227,0,0,0,1f.csv
4227,0,0,0,1g.csv
4227,1,1,0,1h.csv
4227,0,0,0,1i.csv
4227,2,1,1,1j.csv
4227,1,1,0,1k.csv
4227,3,1,2,1l.csv
4227,0,0,0,1m.csv
4227,1,1,0,2a.csv
4227,2,2,0,2b.csv
4227,0,0,0,2c.csv
4227,0,0,0,2d.csv
4227,0,0,0,2e.csv
4227,0,0,0,2f.csv
4227,0,0,0,2g.csv
4227,0,0,0,2h.csv
4227,0,0,0,2i.csv
4227,0,0,0,2j.csv
4227,1,0,1,2k.csv
4227,0,0,0,2l.csv
4227,144,137,7,3a.csv
4227,30,29,1,3b.csv
4227,0,0,0,3c.csv
4227,0,0,0,3d.csv
4227,0,0,0,3e.csv
4227,0,0,0,3f.csv
4227,0,0,0,3g.csv
4228,4,2,2,1a.csv
4228,0,0,0,1b.csv
4228,4,3,1,1c.csv
4228,0,0,0,1e.csv
4228,0,0,0,1f.csv
4228,0,0,0,1g.csv
4228,1,1,0,1h.csv
4228,0,0,0,1i.csv
4228,2,1,1,1j.csv
4228,1,1,0,1k.csv
4228,3,1,2,1l.csv
4228,0,0,0,1m.csv
4228,1,1,0,2a.csv
4228,0,0,0,2b.csv
4228,1,1,0,2c.csv
4228,0,0,0,2d.csv
4228,0,0,0,2e.csv
4228,0,0,0,2f.csv
4228,0,0,0,2g.csv
4228,0,0,0,2h.csv
4228,0,0,0,2i.csv
4228,0,0,0,2j.csv
4228,2,1,1,2k.csv
4228,0,0,0,2l.csv
4228,144,135,9,3a.csv
4228,27,27,0,3b.csv
4228,0,0,0,3c.csv
4228,0,0,0,3d.csv
4228,0,0,0,3e.csv
4228,0,0,0,3f.csv
4228,0,0,0,3g.csv
4229,4,2,2,1a.csv
4229,0,0,0,1b.csv
4229,4,3,1,1c.csv
4229,0,0,0,1e.csv
4229,0,0,0,1f.csv
4229,0,0,0,1g.csv
4229,1,1,0,1h.csv
4229,0,0,0,1i.csv
4229,3,2,1,1j.csv
4229,1,1,0,1k.csv
4229,3,1,2,1l.csv
4229,0,0,0,1m.csv
4229,1,1,0,2a.csv
4229,0,0,0,2b.csv
4229,1,1,0,2c.csv
4229,0,0,0,2d.csv
4229,0,0,0,2e.csv
4229,0,0,0,2f.csv
4229,0,0,0,2g.csv
4229,0,0,0,2h.csv
4229,0,0,0,2i.csv
4229,0,0,0,2j.csv
4229,2,1,1,2k.csv
4229,0,0,0,2l.csv
4229,146,138,8,3a.csv
4229,28,28,0,3b.csv
4229,0,0,0,3c.csv
4229,0,0,0,3d.csv
4229,0,0,0,3e.csv
4229,0,0,0,3f.csv
4229,0,0,0,3g.csv
4230,3,1,2,1a.csv
4230,0,0,0,1b.csv
4230,3,3,0,1c.csv
4230,0,0,0,1e.csv
4230,0,0,0,1f.csv
4230,0,0,0,1g.csv
4230,1,1,0,1h.csv
4230,0,0,0,1i.csv
4230,3,2,1,1j.csv
4230,1,1,0,1k.csv
4230,2,1,1,1l.csv
4230,0,0,0,1m.csv
4230,1,1,0,2a.csv
4230,0,0,0,2b.csv
4230,1,1,0,2c.csv
4230,0,0,0,2d.csv
4230,0,0,0,2e.csv
4230,0,0,0,2f.csv
4230,0,0,0,2g.csv
4230,0,0,0,2h.csv
4230,0,0,0,2i.csv
4230,0,0,0,2j.csv
4230,2,1,1,2k.csv
4230,0,0,0,2l.csv
4230,142,134,8,3a.csv
4230,23,23,0,3b.csv
4230,0,0,0,3c.csv
4230,0,0,0,3d.csv
4230,0,0,0,3e.csv
4230,0,0,0,3f.csv
4230,0,0,0,3g.csv
4231,3,1,2,1a.csv
4231,0,0,0,1b.csv
4231,3,3,0,1c.csv
4231,0,0,0,1e.csv
4231,0,0,0,1f.csv
4231,0,0,0,1g.csv
4231,1,1,0,1h.csv
4231,0,0,0,1i.csv
4231,3,2,1,1j.csv
4231,1,1,0,1k.csv
4231,1,0,1,1l.csv
4231,0,0,0,1m.csv
4231,1,1,0,2a.csv
4231,0,0,0,2b.csv
4231,1,1,0,2c.csv
4231,0,0,0,2d.csv
4231,0,0,0,2e.csv
4231,0,0,0,2f.csv
4231,0,0,0,2g.csv
4231,0,0,0,2h.csv
4231,0,0,0,2i.csv
4231,0,0,0,2j.csv
4231,2,1,1,2k.csv
4231,0,0,0,2l.csv
4231,142,134,8,3a.csv
4231,24,24,0,3b.csv
4231,0,0,0,3c.csv
4231,0,0,0,3d.csv
4231,0,0,0,3e.csv
4231,0,0,0,3f.csv
4231,0,0,0,3g.csv
4232,3,1,2,1a.csv
4232,0,0,0,1b.csv
4232,3,3,0,1c.csv
4232,0,0,0,1e.csv
4232,0,0,0,1f.csv
4232,0,0,0,1g.csv
4232,1,1,0,1h.csv
4232,0,0,0,1i.csv
4232,3,2,1,1j.csv
4232,0,0,0,1k.csv
4232,1,0,1,1l.csv
4232,0,0,0,1m.csv
4232,0,0,0,2a.csv
4232,0,0,0,2b.csv
4232,1,1,0,2c.csv
4232,0,0,0,2d.csv
4232,0,0,0,2e.csv
4232,0,0,0,2f.csv
4232,0,0,0,2g.csv
4232,0,0,0,2h.csv
4232,0,0,0,2i.csv
4232,0,0,0,2j.csv
4232,2,1,1,2k.csv
4232,0,0,0,2l.csv
4232,143,137,6,3a.csv
4232,26,26,0,3b.csv
4232,0,0,0,3c.csv
4232,0,0,0,3d.csv
4232,0,0,0,3e.csv
4232,0,0,0,3f.csv
4232,0,0,0,3g.csv
4233,4,3,1,1a.csv
4233,0,0,0,1b.csv
4233,5,5,0,1c.csv
4233,0,0,0,1e.csv
4233,0,0,0,1f.csv
4233,0,0,0,1g.csv
4233,1,1,0,1h.csv
4233,0,0,0,1i.csv
4233,2,2,0,1j.csv
4233,1,1,0,1k.csv
4233,1,0,1,1l.csv
4233,0,0,0,1m.csv
4233,1,1,0,2a.csv
4233,0,0,0,2b.csv
4233,1,1,0,2c.csv
4233,0,0,0,2d.csv
4233,0,0,0,2e.csv
4233,0,0,0,2f.csv
4233,0,0,0,2g.csv
4233,1,1,0,2h.csv
4233,0,0,0,2i.csv
4233,0,0,0,2j.csv
4233,1,1,0,2k.csv
4233,0,0,0,2l.csv
4233,141,135,6,3a.csv
4233,27,27,0,3b.csv
4233,0,0,0,3c.csv
4233,0,0,0,3d.csv
4233,0,0,0,3e.csv
4233,0,0,0,3f.csv
4233,0,0,0,3g.csv
4234,5,3,2,1a.csv
4234,0,0,0,1b.csv
4234,7,7,0,1c.csv
4234,0,0,0,1e.csv
4234,0,0,0,1f.csv
4234,0,0,0,1g.csv
4234,1,1,0,1h.csv
4234,0,0,0,1i.csv
4234,2,1,1,1j.csv
4234,1,1,0,1k.csv
4234,0,0,0,1l.csv
4234,0,0,0,1m.csv
4234,2,2,0,2a.csv
4234,0,0,0,2b.csv
4234,1,1,0,2c.csv
4234,0,0,0,2d.csv
4234,0,0,0,2e.csv
4234,0,0,0,2f.csv
4234,0,0,0,2g.csv
4234,1,1,0,2h.csv
4234,0,0,0,2i.csv
4234,0,0,0,2j.csv
4234,1,1,0,2k.csv
4234,0,0,0,2l.csv
4234,142,135,7,3a.csv
4234,25,25,0,3b.csv
4234,0,0,0,3c.csv
4234,0,0,0,3d.csv
4234,0,0,0,3e.csv
4234,0,0,0,3f.csv
4234,0,0,0,3g.csv
4235,4,3,1,1a.csv
4235,0,0,0,1b.csv
4235,7,7,0,1c.csv
4235,0,0,0,1e.csv
4235,0,0,0,1f.csv
4235,0,0,0,1g.csv
4235,0,0,0,1h.csv
4235,0,0,0,1i.csv
4235,2,1,1,1j.csv
4235,1,1,0,1k.csv
4235,0,0,0,1l.csv
4235,0,0,0,1m.csv
4235,2,2,0,2a.csv
4235,0,0,0,2b.csv
4235,1,1,0,2c.csv
4235,0,0,0,2d.csv
4235,0,0,0,2e.csv
4235,0,0,0,2f.csv
4235,0,0,0,2g.csv
4235,1,1,0,2h.csv
4235,0,0,0,2i.csv
4235,0,0,0,2j.csv
4235,1,1,0,2k.csv
4235,0,0,0,2l.csv
4235,143,136,7,3a.csv
4235,21,21,0,3b.csv
4235,0,0,0,3c.csv
4235,0,0,0,3d.csv
4235,0,0,0,3e.csv
4235,0,0,0,3f.csv
4235,0,0,0,3g.csv
4236,6,5,1,1a.csv
4236,0,0,0,1b.csv
4236,6,6,0,1c.csv
4236,0,0,0,1e.csv
4236,0,0,0,1f.csv
4236,0,0,0,1g.csv
4236,0,0,0,1h.csv
4236,0,0,0,1i.csv
4236,2,1,1,1j.csv
4236,1,1,0,1k.csv
4236,1,1,0,1l.csv
4236,0,0,0,1m.csv
4236,2,2,0,2a.csv
4236,0,0,0,2b.csv
4236,0,0,0,2c.csv
4236,0,0,0,2d.csv
4236,0,0,0,2e.csv
4236,0,0,0,2f.csv
4236,0,0,0,2g.csv
4236,2,2,0,2h.csv
4236,0,0,0,2i.csv
4236,0,0,0,2j.csv
4236,0,0,0,2k.csv
4236,0,0,0,2l.csv
4236,141,135,6,3a.csv
4236,20,20,0,3b.csv
4236,0,0,0,3c.csv
4236,0,0,0,3d.csv
4236,0,0,0,3e.csv
4236,0,0,0,3f.csv
4236,0,0,0,3g.csv
4237,7,6,1,1a.csv
4237,0,0,0,1b.csv
4237,6,6,0,1c.csv
4237,0,0,0,1e.csv
4237,0,0,0,1f.csv
4237,0,0,0,1g.csv
4237,0,0,0,1h.csv
4237,0,0,0,1i.csv
4237,1,0,1,1j.csv
4237,1,1,0,1k.csv
4237,1,1,0,1l.csv
4237,0,0,0,1m.csv
4237,2,2,0,2a.csv
4237,1,1,0,2b.csv
4237,0,0,0,2c.csv
4237,0,0,0,2d.csv
4237,0,0,0,2e.csv
4237,0,0,0,2f.csv
4237,0,0,0,2g.csv
4237,2,2,0,2h.csv
4237,0,0,0,2i.csv
4237,0,0,0,2j.csv
4237,0,0,0,2k.csv
4237,0,0,0,2l.csv
4237,143,136,7,3a.csv
4237,15,15,0,3b.csv
4237,0,0,0,3c.csv
4237,0,0,0,3d.csv
4237,0,0,0,3e.csv
4237,0,0,0,3f.csv
4237,0,0,0,3g.csv
4238,10,9,1,1a.csv
4238,0,0,0,1b.csv
4238,5,5,0,1c.csv
4238,0,0,0,1e.csv
4238,0,0,0,1f.csv
4238,0,0,0,1g.csv
4238,0,0,0,1h.csv
4238,0,0,0,1i.csv
4238,1,0,1,1j.csv
4238,1,1,0,1k.csv
4238,1,1,0,1l.csv
4238,0,0,0,1m.csv
4238,3,3,0,2a.csv
4238,1,1,0,2b.csv
4238,0,0,0,2c.csv
4238,0,0,0,2d.csv
4238,0,0,0,2e.csv
4238,0,0,0,2f.csv
4238,0,0,0,2g.csv
4238,2,2,0,2h.csv
4238,0,0,0,2i.csv
4238,0,0,0,2j.csv
4238,0,0,0,2k.csv
4238,0,0,0,2l.csv
4238,140,134,6,3a.csv
4238,16,16,0,3b.csv
4238,0,0,0,3c.csv
4238,0,0,0,3d.csv
4238,0,0,0,3e.csv
4238,0,0,0,3f.csv
4238,0,0,0,3g.csv
4239,12,10,2,1a.csv
4239,0,0,0,1b.csv
4239,7,7,0,1c.csv
4239,0,0,0,1e.csv
4239,0,0,0,1f.csv
4239,0,0,0,1g.csv
4239,0,0,0,1h.csv
4239,0,0,0,1i.csv
4239,2,1,1,1j.csv
4239,1,1,0,1k.csv
4239,1,1,0,1l.csv
4239,0,0,0,1m.csv
4239,3,3,0,2a.csv
4239,1,1,0,2b.csv
4239,0,0,0,2c.csv
4239,0,0,0,2d.csv
4239,0,0,0,2e.csv
4239,0,0,0,2f.csv
4239,0,0,0,2g.csv
4239,2,2,0,2h.csv
4239,0,0,0,2i.csv
4239,0,0,0,2j.csv
4239,0,0,0,2k.csv
4239,0,0,0,2l.csv
4239,134,129,5,3a.csv
4239,13,13,0,3b.csv
4239,0,0,0,3c.csv
4239,0,0,0,3d.csv
4239,0,0,0,3e.csv
4239,0,0,0,3f.csv
4239,0,0,0,3g.csv
4240,12,10,2,1a.csv
4240,0,0,0,1b.csv
4240,7,7,0,1c.csv
4240,0,0,0,1e.csv
4240,0,0,0,1f.csv
4240,0,0,0,1g.csv
4240,0,0,0,1h.csv
4240,0,0,0,1i.csv
4240,2,1,1,1j.csv
4240,1,1,0,1k.csv
4240,1,1,0,1l.csv
4240,0,0,0,1m.csv
4240,3,3,0,2a.csv
4240,1,1,0,2b.csv
4240,0,0,0,2c.csv
4240,0,0,0,2d.csv
4240,0,0,0,2e.csv
4240,0,0,0,2f.csv
4240,0,0,0,2g.csv
4240,3,3,0,2h.csv
4240,0,0,0,2i.csv
4240,0,0,0,2j.csv
4240,0,0,0,2k.csv
4240,0,0,0,2l.csv
4240,122,117,5,3a.csv
4240,15,15,0,3b.csv
4240,0,0,0,3c.csv
4240,0,0,0,3d.csv
4240,0,0,0,3e.csv
4240,0,0,0,3f.csv
4240,0,0,0,3g.csv
4241,10,8,2,1a.csv
4241,0,0,0,1b.csv
4241,6,6,0,1c.csv
4241,0,0,0,1e.csv
4241,0,0,0,1f.csv
4241,0,0,0,1g.csv
4241,0,0,0,1h.csv
4241,0,0,0,1i.csv
4241,2,1,1,1j.csv
4241,0,0,0,1k.csv
4241,1,1,0,1l.csv
4241,0,0,0,1m.csv
4241,2,2,0,2a.csv
4241,1,1,0,2b.csv
4241,0,0,0,2c.csv
4241,0,0,0,2d.csv
4241,0,0,0,2e.csv
4241,0,0,0,2f.csv
4241,0,0,0,2g.csv
4241,2,2,0,2h.csv
4241,0,0,0,2i.csv
4241,0,0,0,2j.csv
4241,0,0,0,2k.csv
4241,0,0,0,2l.csv
4241,120,114,6,3a.csv
4241,12,12,0,3b.csv
4241,0,0,0,3c.csv
4241,0,0,0,3d.csv
4241,0,0,0,3e.csv
4241,0,0,0,3f.csv
4241,0,0,0,3g.csv
4242,9,8,1,1a.csv
4242,0,0,0,1b.csv
4242,4,4,0,1c.csv
4242,0,0,0,1e.csv
4242,0,0,0,1f.csv
4242,0,0,0,1g.csv
4242,0,0,0,1h.csv
4242,0,0,0,1i.csv
4242,1,1,0,1j.csv
4242,0,0,0,1k.csv
4242,1,1,0,1l.csv
4242,0,0,0,1m.csv
4242,1,1,0,2a.csv
4242,1,1,0,2b.csv
4242,0,0,0,2c.csv
4242,0,0,0,2d.csv
4242,0,0,0,2e.csv
4242,0,0,0,2f.csv
4242,0,0,0,2g.csv
4242,2,2,0,2h.csv
4242,1,1,0,2i.csv
4242,0,0,0,2j.csv
4242,0,0,0,2k.csv
4242,0,0,0,2l.csv
4242,116,111,5,3a.csv
4242,17,17,0,3b.csv
4242,0,0,0,3c.csv
4242,0,0,0,3d.csv
4242,0,0,0,3e.csv
4242,0,0,0,3f.csv
4242,0,0,0,3g.csv
4243,10,9,1,1a.csv
4243,0,0,0,1b.csv
4243,4,4,0,1c.csv
4243,1,1,0,1e.csv
4243,0,0,0,1f.csv
4243,0,0,0,1g.csv
4243,0,0,0,1h.csv
4243,0,0,0,1i.csv
4243,1,1,0,1j.csv
4243,0,0,0,1k.csv
4243,1,1,0,1l.csv
4243,0,0,0,1m.csv
4243,1,1,0,2a.csv
4243,1,1,0,2b.csv
4243,0,0,0,2c.csv
4243,0,0,0,2d.csv
4243,0,0,0,2e.csv
4243,0,0,0,2f.csv
4243,0,0,0,2g.csv
4243,2,2,0,2h.csv
4243,1,1,0,2i.csv
4243,0,0,0,2j.csv
4243,0,0,0,2k.csv
4243,0,0,0,2l.csv
4243,108,104,4,3a.csv
4243,18,18,0,3b.csv
4243,0,0,0,3c.csv
4243,0,0,0,3d.csv
4243,0,0,0,3e.csv
4243,0,0,0,3f.csv
4243,0,0,0,3g.csv
4244,8,7,1,1a.csv
4244,0,0,0,1b.csv
4244,3,3,0,1c.csv
4244,1,1,0,1e.csv
4244,0,0,0,1f.csv
4244,0,0,0,1g.csv
4244,0,0,0,1h.csv
4244,0,0,0,1i.csv
4244,1,1,0,1j.csv
4244,0,0,0,1k.csv
4244,0,0,0,1l.csv
4244,0,0,0,1m.csv
4244,1,1,0,2a.csv
4244,1,1,0,2b.csv
4244,0,0,0,2c.csv
4244,0,0,0,2d.csv
4244,0,0,0,2e.csv
4244,0,0,0,2f.csv
4244,0,0,0,2g.csv
4244,1,1,0,2h.csv
4244,1,1,0,2i.csv
4244,0,0,0,2j.csv
4244,0,0,0,2k.csv
4244,0,0,0,2l.csv
4244,109,105,4,3a.csv
4244,18,18,0,3b.csv
4244,0,0,0,3c.csv
4244,0,0,0,3d.csv
4244,0,0,0,3e.csv
4244,0,0,0,3f.csv
4244,0,0,0,3g.csv
4245,8,6,2,1a.csv
4245,0,0,0,1b.csv
4245,4,4,0,1c.csv
4245,1,1,0,1e.csv
4245,0,0,0,1f.csv
4245,0,0,0,1g.csv
4245,0,0,0,1h.csv
4245,0,0,0,1i.csv
4245,1,1,0,1j.csv
4245,0,0,0,1k.csv
4245,0,0,0,1l.csv
4245,0,0,0,1m.csv
4245,1,1,0,2a.csv
4245,0,0,0,2b.csv
4245,0,0,0,2c.csv
4245,0,0,0,2d.csv
4245,0,0,0,2e.csv
4245,0,0,0,2f.csv
4245,0,0,0,2g.csv
4245,1,1,0,2h.csv
4245,1,1,0,2i.csv
4245,0,0,0,2j.csv
4245,0,0,0,2k.csv
4245,0,0,0,2l.csv
4245,101,97,4,3a.csv
4245,20,20,0,3b.csv
4245,0,0,0,3c.csv
4245,0,0,0,3d.csv
4245,0,0,0,3e.csv
4245,0,0,0,3f.csv
4245,0,0,0,3g.csv
4246,5,3,2,1a.csv
4246,0,0,0,1b.csv
4246,6,6,0,1c.csv
4246,1,1,0,1e.csv
4246,0,0,0,1f.csv
4246,0,0,0,1g.csv
4246,0,0,0,1h.csv
4246,0,0,0,1i.csv
4246,1,1,0,1j.csv
4246,0,0,0,1k.csv
4246,0,0,0,1l.csv
4246,2,2,0,1m.csv
4246,0,0,0,2a.csv
4246,0,0,0,2b.csv
4246,0,0,0,2c.csv
4246,0,0,0,2d.csv
4246,0,0,0,2e.csv
4246,0,0,0,2f.csv
4246,0,0,0,2g.csv
4246,1,1,0,2h.csv
4246,1,1,0,2i.csv
4246,0,0,0,2j.csv
4246,0,0,0,2k.csv
4246,0,0,0,2l.csv
4246,98,94,4,3a.csv
4246,21,21,0,3b.csv
4246,0,0,0,3c.csv
4246,0,0,0,3d.csv
4246,0,0,0,3e.csv
4246,0,0,0,3f.csv
4246,0,0,0,3g.csv
4247,3,2,1,1a.csv
4247,0,0,0,1b.csv
4247,6,5,1,1c.csv
4247,1,1,0,1e.csv
4247,0,0,0,1f.csv
4247,0,0,0,1g.csv
4247,0,0,0,1h.csv
4247,0,0,0,1i.csv
4247,0,0,0,1j.csv
4247,0,0,0,1k.csv
4247,0,0,0,1l.csv
4247,2,2,0,1m.csv
4247,0,0,0,2a.csv
4247,0,0,0,2b.csv
4247,0,0,0,2c.csv
4247,0,0,0,2d.csv
4247,0,0,0,2e.csv
4247,0,0,0,2f.csv
4247,0,0,0,2g.csv
4247,1,1,0,2h.csv
4247,1,1,0,2i.csv
4247,1,1,0,2j.csv
4247,0,0,0,2k.csv
4247,0,0,0,2l.csv
4247,95,90,5,3a.csv
4247,20,20,0,3b.csv
4247,0,0,0,3c.csv
4247,0,0,0,3d.csv
4247,0,0,0,3e.csv
4247,0,0,0,3f.csv
4247,0,0,0,3g.csv
4248,4,2,2,1a.csv
4248,0,0,0,1b.csv
4248,7,6,1,1c.csv
4248,1,1,0,1e.csv
4248,0,0,0,1f.csv
4248,0,0,0,1g.csv
4248,0,0,0,1h.csv
4248,0,0,0,1i.csv
4248,1,0,1,1j.csv
4248,0,0,0,1k.csv
4248,0,0,0,1l.csv
4248,2,2,0,1m.csv
4248,0,0,0,2a.csv
4248,0,0,0,2b.csv
4248,0,0,0,2c.csv
4248,0,0,0,2d.csv
4248,0,0,0,2e.csv
4248,1,0,1,2f.csv
4248,0,0,0,2g.csv
4248,0,0,0,2h.csv
4248,1,1,0,2i.csv
4248,1,1,0,2j.csv
4248,0,0,0,2k.csv
4248,0,0,0,2l.csv
4248,95,88,7,3a.csv
4248,17,17,0,3b.csv
4248,0,0,0,3c.csv
4248,0,0,0,3d.csv
4248,0,0,0,3e.csv
4248,0,0,0,3f.csv
4248,0,0,0,3g.csv
4249,4,2,2,1a.csv
4249,0,0,0,1b.csv
4249,7,6,1,1c.csv
4249,1,1,0,1e.csv
4249,0,0,0,1f.csv
4249,0,0,0,1g.csv
4249,0,0,0,1h.csv
4249,0,0,0,1i.csv
4249,1,0,1,1j.csv
4249,0,0,0,1k.csv
4249,1,0,1,1l.csv
4249,2,2,0,1m.csv
4249,0,0,0,2a.csv
4249,0,0,0,2b.csv
4249,0,0,0,2c.csv
4249,0,0,0,2d.csv
4249,0,0,0,2e.csv
4249,2,0,2,2f.csv
4249,0,0,0,2g.csv
4249,0,0,0,2h.csv
4249,1,1,0,2i.csv
4249,1,1,0,2j.csv
4249,0,0,0,2k.csv
4249,0,0,0,2l.csv
4249,92,85,7,3a.csv
4249,19,19,0,3b.csv
4249,0,0,0,3c.csv
4249,0,0,0,3d.csv
4249,0,0,0,3e.csv
4249,0,0,0,3f.csv
4249,0,0,0,3g.csv
4250,3,1,2,1a.csv
4250,0,0,0,1b.csv
4250,8,7,1,1c.csv
4250,1,1,0,1e.csv
4250,0,0,0,1f.csv
4250,0,0,0,1g.csv
4250,0,0,0,1h.csv
4250,0,0,0,1i.csv
4250,1,0,1,1j.csv
4250,0,0,0,1k.csv
4250,1,0,1,1l.csv
4250,2,2,0,1m.csv
4250,0,0,0,2a.csv
4250,0,0,0,2b.csv
4250,0,0,0,2c.csv
4250,0,0,0,2d.csv
4250,0,0,0,2e.csv
4250,2,0,2,2f.csv
4250,0,0,0,2g.csv
4250,0,0,0,2h.csv
4250,0,0,0,2i.csv
4250,1,1,0,2j.csv
4250,0,0,0,2k.csv
4250,0,0,0,2l.csv
4250,82,75,7,3a.csv
4250,18,18,0,3b.csv
4250,0,0,0,3c.csv
4250,0,0,0,3d.csv
4250,0,0,0,3e.csv
4250,0,0,0,3f.csv
4250,0,0,0,3g.csv
4251,2,0,2,1a.csv
4251,0,0,0,1b.csv
4251,8,7,1,1c.csv
4251,0,0,0,1e.csv
4251,0,0,0,1f.csv
4251,1,0,1,1g.csv
4251,0,0,0,1h.csv
4251,0,0,0,1i.csv
4251,1,0,1,1j.csv
4251,0,0,0,1k.csv
4251,1,0,1,1l.csv
4251,2,2,0,1m.csv
4251,0,0,0,2a.csv
4251,0,0,0,2b.csv
4251,0,0,0,2c.csv
4251,0,0,0,2d.csv
4251,0,0,0,2e.csv
4251,2,0,2,2f.csv
4251,0,0,0,2g.csv
4251,0,0,0,2h.csv
4251,0,0,0,2i.csv
4251,1,1,0,2j.csv
4251,0,0,0,2k.csv
4251,0,0,0,2l.csv
4251,75,68,7,3a.csv
4251,19,19,0,3b.csv
4251,0,0,0,3c.csv
4251,0,0,0,3d.csv
4251,0,0,0,3e.csv
4251,0,0,0,3f.csv
4251,0,0,0,3g.csv
4252,2,0,2,1a.csv
4252,0,0,0,1b.csv
4252,8,7,1,1c.csv
4252,0,0,0,1e.csv
4252,0,0,0,1f.csv
4252,1,0,1,1g.csv
4252,0,0,0,1h.csv
4252,0,0,0,1i.csv
4252,1,0,1,1j.csv
4252,0,0,0,1k.csv
4252,1,0,1,1l.csv
4252,2,2,0,1m.csv
4252,0,0,0,2a.csv
4252,0,0,0,2b.csv
4252,0,0,0,2c.csv
4252,0,0,0,2d.csv
4252,0,0,0,2e.csv
4252,2,0,2,2f.csv
4252,0,0,0,2g.csv
4252,0,0,0,2h.csv
4252,0,0,0,2i.csv
4252,1,1,0,2j.csv
4252,0,0,0,2k.csv
4252,1,1,0,2l.csv
4252,65,59,6,3a.csv
4252,18,18,0,3b.csv
4252,0,0,0,3c.csv
4252,0,0,0,3d.csv
4252,0,0,0,3e.csv
4252,0,0,0,3f.csv
4252,0,0,0,3g.csv
4253,2,1,1,1a.csv
4253,0,0,0,1b.csv
4253,7,6,1,1c.csv
4253,0,0,0,1e.csv
4253,0,0,0,1f.csv
4253,1,0,1,1g.csv
4253,0,0,0,1h.csv
4253,0,0,0,1i.csv
4253,1,0,1,1j.csv
4253,0,0,0,1k.csv
4253,1,0,1,1l.csv
4253,2,2,0,1m.csv
4253,0,0,0,2a.csv
4253,0,0,0,2b.csv
4253,0,0,0,2c.csv
4253,0,0,0,2d.csv
4253,0,0,0,2e.csv
4253,2,0,2,2f.csv
4253,0,0,0,2g.csv
4253,0,0,0,2h.csv
4253,0,0,0,2i.csv
4253,1,1,0,2j.csv
4253,0,0,0,2k.csv
4253,1,1,0,2l.csv
4253,62,57,5,3a.csv
4253,21,21,0,3b.csv
4253,0,0,0,3c.csv
4253,0,0,0,3d.csv
4253,0,0,0,3e.csv
4253,0,0,0,3f.csv
4253,0,0,0,3g.csv
4254,2,1,1,1a.csv
4254,0,0,0,1b.csv
4254,5,4,1,1c.csv
4254,0,0,0,1e.csv
4254,0,0,0,1f.csv
4254,1,0,1,1g.csv
4254,0,0,0,1h.csv
4254,0,0,0,1i.csv
4254,1,0,1,1j.csv
4254,0,0,0,1k.csv
4254,1,0,1,1l.csv
4254,1,1,0,1m.csv
4254,0,0,0,2a.csv
4254,2,2,0,2b.csv
4254,0,0,0,2c.csv
4254,0,0,0,2d.csv
4254,0,0,0,2e.csv
4254,2,0,2,2f.csv
4254,0,0,0,2g.csv
4254,0,0,0,2h.csv
4254,0,0,0,2i.csv
4254,2,2,0,2j.csv
4254,0,0,0,2k.csv
4254,1,1,0,2l.csv
4254,56,51,5,3a.csv
4254,18,18,0,3b.csv
4254,0,0,0,3c.csv
4254,0,0,0,3d.csv
4254,0,0,0,3e.csv
4254,0,0,0,3f.csv
4254,0,0,0,3g.csv
4255,2,1,1,1a.csv
4255,0,0,0,1b.csv
4255,4,4,0,1c.csv
4255,0,0,0,1e.csv
4255,1,1,0,1f.csv
4255,1,0,1,1g.csv
4255,0,0,0,1h.csv
4255,0,0,0,1i.csv
4255,1,0,1,1j.csv
4255,0,0,0,1k.csv
4255,1,0,1,1l.csv
4255,1,1,0,1m.csv
4255,0,0,0,2a.csv
4255,2,2,0,2b.csv
4255,0,0,0,2c.csv
4255,0,0,0,2d.csv
4255,0,0,0,2e.csv
4255,2,0,2,2f.csv
4255,0,0,0,2g.csv
4255,0,0,0,2h.csv
4255,0,0,0,2i.csv
4255,2,2,0,2j.csv
4255,0,0,0,2k.csv
4255,1,1,0,2l.csv
4255,51,47,4,3a.csv
4255,23,23,0,3b.csv
4255,0,0,0,3c.csv
4255,0,0,0,3d.csv
4255,0,0,0,3e.csv
4255,0,0,0,3f.csv
4255,0,0,0,3g.csv
4256,1,1,0,1a.csv
4256,0,0,0,1b.csv
4256,3,3,0,1c.csv
4256,0,0,0,1e.csv
4256,1,1,0,1f.csv
4256,1,0,1,1g.csv
4256,0,0,0,1h.csv
4256,0,0,0,1i.csv
4256,0,0,0,1j.csv
4256,0,0,0,1k.csv
4256,1,0,1,1l.csv
4256,1,1,0,1m.csv
4256,0,0,0,2a.csv
4256,2,2,0,2b.csv
4256,0,0,0,2c.csv
4256,0,0,0,2d.csv
4256,0,0,0,2e.csv
4256,1,0,1,2f.csv
4256,0,0,0,2g.csv
4256,0,0,0,2h.csv
4256,0,0,0,2i.csv
4256,2,2,0,2j.csv
4256,0,0,0,2k.csv
4256,1,1,0,2l.csv
4256,45,43,2,3a.csv
4256,25,25,0,3b.csv
4256,0,0,0,3c.csv
4256,0,0,0,3d.csv
4256,0,0,0,3e.csv
4256,0,0,0,3f.csv
4256,0,0,0,3g.csv
4257,1,1,0,1a.csv
4257,0,0,0,1b.csv
4257,2,2,0,1c.csv
4257,0,0,0,1e.csv
4257,1,1,0,1f.csv
4257,1,0,1,1g.csv
4257,0,0,0,1h.csv
4257,0,0,0,1i.csv
4257,0,0,0,1j.csv
4257,0,0,0,1k.csv
4257,0,0,0,1l.csv
4257,1,1,0,1m.csv
4257,0,0,0,2a.csv
4257,2,2,0,2b.csv
4257,0,0,0,2c.csv
4257,0,0,0,2d.csv
4257,0,0,0,2e.csv
4257,0,0,0,2f.csv
4257,0,0,0,2g.csv
4257,0,0,0,2h.csv
4257,0,0,0,2i.csv
4257,2,2,0,2j.csv
4257,0,0,0,2k.csv
4257,1,1,0,2l.csv
4257,41,40,1,3a.csv
4257,24,24,0,3b.csv
4257,0,0,0,3c.csv
4257,0,0,0,3d.csv
4257,0,0,0,3e.csv
4257,0,0,0,3f.csv
4257,0,0,0,3g.csv
4258,1,1,0,1a.csv
4258,0,0,0,1b.csv
4258,1,1,0,1c.csv
4258,0,0,0,1e.csv
4258,1,1,0,1f.csv
4258,1,0,1,1g.csv
4258,0,0,0,1h.csv
4258,0,0,0,1i.csv
4258,0,0,0,1j.csv
4258,0,0,0,1k.csv
4258,0,0,0,1l.csv
4258,1,1,0,1m.csv
4258,0,0,0,2a.csv
4258,2,2,0,2b.csv
4258,0,0,0,2c.csv
4258,0,0,0,2d.csv
4258,0,0,0,2e.csv
4258,0,0,0,2f.csv
4258,0,0,0,2g.csv
4258,0,0,0,2h.csv
4258,0,0,0,2i.csv
4258,2,2,0,2j.csv
4258,0,0,0,2k.csv
4258,1,1,0,2l.csv
4258,40,40,0,3a.csv
4258,21,21,0,3b.csv
4258,0,0,0,3c.csv
4258,0,0,0,3d.csv
4258,0,0,0,3e.csv
4258,0,0,0,3f.csv
4258,0,0,0,3g.csv
4259,1,1,0,1a.csv
4259,0,0,0,1b.csv
4259,1,1,0,1c.csv
4259,0,0,0,1e.csv
4259,2,2,0,1f.csv
4259,0,0,0,1g.csv
4259,0,0,0,1h.csv
4259,0,0,0,1i.csv
4259,0,0,0,1j.csv
4259,0,0,0,1k.csv
4259,0,0,0,1l.csv
4259,1,1,0,1m.csv
4259,0,0,0,2a.csv
4259,2,2,0,2b.csv
4259,0,0,0,2c.csv
4259,0,0,0,2d.csv
4259,0,0,0,2e.csv
4259,0,0,0,2f.csv
4259,0,0,0,2g.csv
4259,0,0,0,2h.csv
4259,0,0,0,2i.csv
4259,3,3,0,2j.csv
4259,1,1,0,2k.csv
4259,1,1,0,2l.csv
4259,39,39,0,3a.csv
4259,24,24,0,3b.csv
4259,0,0,0,3c.csv
4259,0,0,0,3d.csv
4259,0,0,0,3e.csv
4259,0,0,0,3f.csv
4259,0,0,0,3g.csv
4260,1,1,0,1a.csv
4260,0,0,0,1b.csv
4260,1,1,0,1c.csv
4260,1,1,0,1e.csv
4260,2,2,0,1f.csv
4260,0,0,0,1g.csv
4260,0,0,0,1h.csv
4260,0,0,0,1i.csv
4260,0,0,0,1j.csv
4260,0,0,0,1k.csv
4260,0,0,0,1l.csv
4260,1,1,0,1m.csv
4260,0,0,0,2a.csv
4260,2,2,0,2b.csv
4260,0,0,0,2c.csv
4260,0,0,0,2d.csv
4260,0,0,0,2e.csv
4260,0,0,0,2f.csv
4260,0,0,0,2g.csv
4260,0,0,0,2h.csv
4260,0,0,0,2i.csv
4260,4,4,0,2j.csv
4260,1,1,0,2k.csv
4260,0,0,0,2l.csv
4260,36,36,0,3a.csv
4260,30,30,0,3b.csv
4260,0,0,0,3c.csv
4260,0,0,0,3d.csv
4260,0,0,0,3e.csv
4260,0,0,0,3f.csv
4260,0,0,0,3g.csv
4261,1,1,0,1a.csv
4261,0,0,0,1b.csv
4261,2,2,0,1c.csv
4261,1,1,0,1e.csv
4261,2,2,0,1f.csv
4261,0,0,0,1g.csv
4261,0,0,0,1h.csv
4261,0,0,0,1i.csv
4261,0,0,0,1j.csv
4261,0,0,0,1k.csv
4261,0,0,0,1l.csv
4261,1,1,0,1m.csv
4261,0,0,0,2a.csv
4261,2,2,0,2b.csv
4261,0,0,0,2c.csv
4261,0,0,0,2d.csv
4261,0,0,0,2e.csv
4261,0,0,0,2f.csv
4261,0,0,0,2g.csv
4261,0,0,0,2h.csv
4261,0,0,0,2i.csv
4261,4,4,0,2j.csv
4261,1,1,0,2k.csv
4261,0,0,0,2l.csv
4261,32,31,1,3a.csv
4261,30,30,0,3b.csv
4261,0,0,0,3c.csv
4261,0,0,0,3d.csv
4261,0,0,0,3e.csv
4261,0,0,0,3f.csv
4261,0,0,0,3g.csv
4262,2,1,1,1a.csv
4262,0,0,0,1b.csv
4262,3,3,0,1c.csv
4262,1,1,0,1e.csv
4262,2,2,0,1f.csv
4262,0,0,0,1g.csv
4262,0,0,0,1h.csv
4262,0,0,0,1i.csv
4262,0,0,0,1j.csv
4262,0,0,0,1k.csv
4262,0,0,0,1l.csv
4262,0,0,0,1m.csv
4262,0,0,0,2a.csv
4262,0,0,0,2b.csv
4262,0,0,0,2c.csv
4262,0,0,0,2d.csv
4262,0,0,0,2e.csv
4262,0,0,0,2f.csv
4262,0,0,0,2g.csv
4262,0,0,0,2h.csv
4262,2,2,0,2i.csv
4262,3,3,0,2j.csv
4262,1,1,0,2k.csv
4262,0,0,0,2l.csv
4262,33,32,1,3a.csv
4262,29,29,0,3b.csv
4262,0,0,0,3c.csv
4262,0,0,0,3d.csv
4262,0,0,0,3e.csv
4262,0,0,0,3f.csv
4262,0,0,0,3g.csv
4263,2,1,1,1a.csv
4263,0,0,0,1b.csv
4263,2,2,0,1c.csv
4263,1,1,0,1e.csv
4263,1,1,0,1f.csv
4263,0,0,0,1g.csv
4263,0,0,0,1h.csv
4263,0,0,0,1i.csv
4263,0,0,0,1j.csv
4263,0,0,0,1k.csv
4263,0,0,0,1l.csv
4263,0,0,0,1m.csv
4263,0,0,0,2a.csv
4263,0,0,0,2b.csv
4263,0,0,0,2c.csv
4263,0,0,0,2d.csv
4263,1,1,0,2e.csv
4263,0,0,0,2f.csv
4263,0,0,0,2g.csv
4263,0,0,0,2h.csv
4263,2,2,0,2i.csv
4263,2,2,0,2j.csv
4263,1,1,0,2k.csv
4263,0,0,0,2l.csv
4263,30,29,1,3a.csv
4263,29,29,0,3b.csv
4263,0,0,0,3c.csv
4263,0,0,0,3d.csv
4263,0,0,0,3e.csv
4263,0,0,0,3f.csv
4263,0,0,0,3g.csv
4264,2,1,1,1a.csv
4264,0,0,0,1b.csv
4264,2,2,0,1c.csv
4264,1,1,0,1e.csv
4264,1,1,0,1f.csv
4264,0,0,0,1g.csv
4264,0,0,0,1h.csv
4264,0,0,0,1i.csv
4264,0,0,0,1j.csv
4264,0,0,0,1k.csv
4264,0,0,0,1l.csv
4264,0,0,0,1m.csv
4264,0,0,0,2a.csv
4264,0,0,0,2b.csv
4264,0,0,0,2c.csv
4264,0,0,0,2d.csv
4264,1,1,0,2e.csv
4264,0,0,0,2f.csv
4264,0,0,0,2g.csv
4264,0,0,0,2h.csv
4264,2,2,0,2i.csv
4264,2,2,0,2j.csv
4264,1,1,0,2k.csv
4264,0,0,0,2l.csv
4264,31,30,1,3a.csv
4264,31,31,0,3b.csv
4264,0,0,0,3c.csv
4264,0,0,0,3d.csv
4264,0,0,0,3e.csv
4264,0,0,0,3f.csv
4264,0,0,0,3g.csv
4265,3,2,1,1a.csv
4265,0,0,0,1b.csv
4265,2,2,0,1c.csv
4265,1,1,0,1e.csv
4265,1,1,0,1f.csv
4265,1,1,0,1g.csv
4265,0,0,0,1h.csv
4265,0,0,0,1i.csv
4265,0,0,0,1j.csv
4265,0,0,0,1k.csv
4265,0,0,0,1l.csv
4265,0,0,0,1m.csv
4265,0,0,0,2a.csv
4265,0,0,0,2b.csv
4265,1,0,1,2c.csv
4265,0,0,0,2d.csv
4265,1,1,0,2e.csv
4265,0,0,0,2f.csv
4265,0,0,0,2g.csv
4265,0,0,0,2h.csv
4265,2,2,0,2i.csv
4265,2,2,0,2j.csv
4265,1,1,0,2k.csv
4265,0,0,0,2l.csv
4265,31,30,1,3a.csv
4265,35,35,0,3b.csv
4265,0,0,0,3c.csv
4265,0,0,0,3d.csv
4265,0,0,0,3e.csv
4265,0,0,0,3f.csv
4265,0,0,0,3g.csv
4266,3,2,1,1a.csv
4266,0,0,0,1b.csv
4266,2,2,0,1c.csv
4266,1,1,0,1e.csv
4266,1,1,0,1f.csv
4266,1,1,0,1g.csv
4266,0,0,0,1h.csv
4266,1,0,1,1i.csv
4266,0,0,0,1j.csv
4266,0,0,0,1k.csv
4266,0,0,0,1l.csv
4266,0,0,0,1m.csv
4266,0,0,0,2a.csv
4266,0,0,0,2b.csv
4266,1,0,1,2c.csv
4266,0,0,0,2d.csv
4266,1,1,0,2e.csv
4266,0,0,0,2f.csv
4266,0,0,0,2g.csv
4266,0,0,0,2h.csv
4266,2,2,0,2i.csv
4266,3,3,0,2j.csv
4266,1,1,0,2k.csv
4266,0,0,0,2l.csv
4266,31,30,1,3a.csv
4266,35,35,0,3b.csv
4266,0,0,0,3c.csv
4266,0,0,0,3d.csv
4266,0,0,0,3e.csv
4266,0,0,0,3f.csv
4266,0,0,0,3g.csv
4267,3,2,1,1a.csv
4267,0,0,0,1b.csv
4267,2,2,0,1c.csv
4267,1,1,0,1e.csv
4267,0,0,0,1f.csv
4267,1,1,0,1g.csv
4267,0,0,0,1h.csv
4267,1,0,1,1i.csv
4267,1,1,0,1j.csv
4267,0,0,0,1k.csv
4267,0,0,0,1l.csv
4267,0,0,0,1m.csv
4267,0,0,0,2a.csv
4267,0,0,0,2b.csv
4267,1,0,1,2c.csv
4267,0,0,0,2d.csv
4267,1,1,0,2e.csv
4267,0,0,0,2f.csv
4267,0,0,0,2g.csv
4267,0,0,0,2h.csv
4267,2,2,0,2i.csv
4267,2,2,0,2j.csv
4267,0,0,0,2k.csv
4267,0,0,0,2l.csv
4267,31,30,1,3a.csv
4267,31,31,0,3b.csv
4267,0,0,0,3c.csv
4267,0,0,0,3d.csv
4267,0,0,0,3e.csv
4267,0,0,0,3f.csv
4267,0,0,0,3g.csv
4268,4,2,2,1a.csv
4268,0,0,0,1b.csv
4268,2,2,0,1c.csv
4268,0,0,0,1e.csv
4268,0,0,0,1f.csv
4268,1,1,0,1g.csv
4268,0,0,0,1h.csv
4268,1,0,1,1i.csv
4268,1,1,0,1j.csv
4268,0,0,0,1k.csv
4268,0,0,0,1l.csv
4268,0,0,0,1m.csv
4268,0,0,0,2a.csv
4268,0,0,0,2b.csv
4268,1,0,1,2c.csv
4268,0,0,0,2d.csv
4268,1,1,0,2e.csv
4268,0,0,0,2f.csv
4268,0,0,0,2g.csv
4268,0,0,0,2h.csv
4268,2,2,0,2i.csv
4268,1,1,0,2j.csv
4268,0,0,0,2k.csv
4268,0,0,0,2l.csv
4268,27,26,1,3a.csv
4268,27,27,0,3b.csv
4268,0,0,0,3c.csv
4268,0,0,0,3d.csv
4268,0,0,0,3e.csv
4268,0,0,0,3f.csv
4268,0,0,0,3g.csv
4269,4,2,2,1a.csv
4269,0,0,0,1b.csv
4269,1,1,0,1c.csv
4269,0,0,0,1e.csv
4269,0,0,0,1f.csv
4269,1,1,0,1g.csv
4269,1,1,0,1h.csv
4269,1,0,1,1i.csv
4269,1,1,0,1j.csv
4269,0,0,0,1k.csv
4269,0,0,0,1l.csv
4269,0,0,0,1m.csv
4269,0,0,0,2a.csv
4269,0,0,0,2b.csv
4269,1,0,1,2c.csv
4269,0,0,0,2d.csv
4269,1,1,0,2e.csv
4269,0,0,0,2f.csv
4269,0,0,0,2g.csv
4269,0,0,0,2h.csv
4269,4,4,0,2i.csv
4269,1,1,0,2j.csv
4269,0,0,0,2k.csv
4269,0,0,0,2l.csv
4269,25,25,0,3a.csv
4269,23,23,0,3b.csv
4269,0,0,0,3c.csv
4269,0,0,0,3d.csv
4269,0,0,0,3e.csv
4269,0,0,0,3f.csv
4269,0,0,0,3g.csv
4270,3,2,1,1a.csv
4270,0,0,0,1b.csv
4270,0,0,0,1c.csv
4270,0,0,0,1e.csv
4270,0,0,0,1f.csv
4270,1,1,0,1g.csv
4270,1,1,0,1h.csv
4270,1,0,1,1i.csv
4270,1,1,0,1j.csv
4270,0,0,0,1k.csv
4270,0,0,0,1l.csv
4270,0,0,0,1m.csv
4270,0,0,0,2a.csv
4270,0,0,0,2b.csv
4270,1,0,1,2c.csv
4270,0,0,0,2d.csv
4270,1,1,0,2e.csv
4270,0,0,0,2f.csv
4270,0,0,0,2g.csv
4270,0,0,0,2h.csv
4270,2,2,0,2i.csv
4270,1,1,0,2j.csv
4270,0,0,0,2k.csv
4270,0,0,0,2l.csv
4270,21,21,0,3a.csv
4270,27,27,0,3b.csv
4270,0,0,0,3c.csv
4270,0,0,0,3d.csv
4270,0,0,0,3e.csv
4270,0,0,0,3f.csv
4270,0,0,0,3g.csv
4271,3,2,1,1a.csv
4271,0,0,0,1b.csv
4271,0,0,0,1c.csv
4271,0,0,0,1e.csv
4271,0,0,0,1f.csv
4271,1,1,0,1g.csv
4271,1,1,0,1h.csv
4271,1,0,1,1i.csv
4271,1,1,0,1j.csv
4271,0,0,0,1k.csv
4271,0,0,0,1l.csv
4271,0,0,0,1m.csv
4271,0,0,0,2a.csv
4271,0,0,0,2b.csv
4271,1,0,1,2c.csv
4271,0,0,0,2d.csv
4271,0,0,0,2e.csv
4271,0,0,0,2f.csv
4271,0,0,0,2g.csv
4271,0,0,0,2h.csv
4271,3,3,0,2i.csv
4271,1,1,0,2j.csv
4271,0,0,0,2k.csv
4271,0,0,0,2l.csv
4271,19,19,0,3a.csv
4271,25,25,0,3b.csv
4271,0,0,0,3c.csv
4271,0,0,0,3d.csv
4271,0,0,0,3e.csv
4271,0,0,0,3f.csv
4271,0,0,0,3g.csv
4272,3,2,1,1a.csv
4272,0,0,0,1b.csv
4272,0,0,0,1c.csv
4272,0,0,0,1e.csv
4272,0,0,0,1f.csv
4272,1,1,0,1g.csv
4272,1,1,0,1h.csv
4272,2,1,1,1i.csv
4272,1,1,0,1j.csv
4272,0,0,0,1k.csv
4272,0,0,0,1l.csv
4272,0,0,0,1m.csv
4272,0,0,0,2a.csv
4272,0,0,0,2b.csv
4272,1,0,1,2c.csv
4272,0,0,0,2d.csv
4272,0,0,0,2e.csv
4272,0,0,0,2f.csv
4272,0,0,0,2g.csv
4272,0,0,0,2h.csv
4272,3,3,0,2i.csv
4272,1,1,0,2j.csv
4272,0,0,0,2k.csv
4272,0,0,0,2l.csv
4272,16,16,0,3a.csv
4272,21,21,0,3b.csv
4272,0,0,0,3c.csv
4272,0,0,0,3d.csv
4272,0,0,0,3e.csv
4272,0,0,0,3f.csv
4272,0,0,0,3g.csv
4273,2,1,1,1a.csv
4273,0,0,0,1b.csv
4273,0,0,0,1c.csv
4273,1,1,0,1e.csv
4273,0,0,0,1f.csv
4273,0,0,0,1g.csv
4273,1,1,0,1h.csv
4273,3,2,1,1i.csv
4273,1,1,0,1j.csv
4273,0,0,0,1k.csv
4273,0,0,0,1l.csv
4273,0,0,0,1m.csv
4273,0,0,0,2a.csv
4273,0,0,0,2b.csv
4273,0,0,0,2c.csv
4273,0,0,0,2d.csv
4273,0,0,0,2e.csv
4273,0,0,0,2f.csv
4273,0,0,0,2g.csv
4273,0,0,0,2h.csv
4273,3,3,0,2i.csv
4273,2,2,0,2j.csv
4273,0,0,0,2k.csv
4273,0,0,0,2l.csv
4273,12,12,0,3a.csv
4273,18,18,0,3b.csv
4273,0,0,0,3c.csv
4273,0,0,0,3d.csv
4273,0,0,0,3e.csv
4273,0,0,0,3f.csv
4273,0,0,0,3g.csv
4274,2,1,1,1a.csv
4274,0,0,0,1b.csv
4274,0,0,0,1c.csv
4274,1,1,0,1e.csv
4274,0,0,0,1f.csv
4274,0,0,0,1g.csv
4274,1,1,0,1h.csv
4274,2,2,0,1i.csv
4274,1,1,0,1j.csv
4274,0,0,0,1k.csv
4274,0,0,0,1l.csv
4274,0,0,0,1m.csv
4274,0,0,0,2a.csv
4274,0,0,0,2b.csv
4274,0,0,0,2c.csv
4274,0,0,0,2d.csv
4274,0,0,0,2e.csv
4274,0,0,0,2f.csv
4274,0,0,0,2g.csv
4274,0,0,0,2h.csv
4274,3,3,0,2i.csv
4274,1,1,0,2j.csv
4274,0,0,0,2k.csv
4274,0,0,0,2l.csv
4274,9,9,0,3a.csv
4274,17,17,0,3b.csv
4274,0,0,0,3c.csv
4274,0,0,0,3d.csv
4274,0,0,0,3e.csv
4274,0,0,0,3f.csv
4274,0,0,0,3g.csv
4275,5,3,2,1a.csv
4275,0,0,0,1b.csv
4275,0,0,0,1c.csv
4275,2,2,0,1e.csv
4275,0,0,0,1f.csv
4275,0,0,0,1g.csv
4275,1,1,0,1h.csv
4275,2,2,0,1i.csv
4275,0,0,0,1j.csv
4275,0,0,0,1k.csv
4275,2,1,1,1l.csv
4275,0,0,0,1m.csv
4275,0,0,0,2a.csv
4275,0,0,0,2b.csv
4275,0,0,0,2c.csv
4275,0,0,0,2d.csv
4275,0,0,0,2e.csv
4275,0,0,0,2f.csv
4275,0,0,0,2g.csv
4275,0,0,0,2h.csv
4275,3,3,0,2i.csv
4275,1,1,0,2j.csv
4275,0,0,0,2k.csv
4275,0,0,0,2l.csv
4275,7,7,0,3a.csv
4275,20,20,0,3b.csv
4275,0,0,0,3c.csv
4275,0,0,0,3d.csv
4275,0,0,0,3e.csv
4275,0,0,0,3f.csv
4275,0,0,0,3g.csv
4276,4,3,1,1a.csv
4276,0,0,0,1b.csv
4276,0,0,0,1c.csv
4276,2,2,0,1e.csv
4276,0,0,0,1f.csv
4276,0,0,0,1g.csv
4276,2,2,0,1h.csv
4276,2,2,0,1i.csv
4276,0,0,0,1j.csv
4276,0,0,0,1k.csv
4276,2,1,1,1l.csv
4276,0,0,0,1m.csv
4276,0,0,0,2a.csv
4276,0,0,0,2b.csv
4276,1,1,0,2c.csv
4276,0,0,0,2d.csv
4276,0,0,0,2e.csv
4276,0,0,0,2f.csv
4276,0,0,0,2g.csv
4276,0,0,0,2h.csv
4276,4,4,0,2i.csv
4276,1,1,0,2j.csv
4276,0,0,0,2k.csv
4276,0,0,0,2l.csv
4276,7,7,0,3a.csv
4276,21,21,0,3b.csv
4276,0,0,0,3c.csv
4276,0,0,0,3d.csv
4276,0,0,0,3e.csv
4276,0,0,0,3f.csv
4276,0,0,0,3g.csv
4277,4,2,2,1a.csv
4277,0,0,0,1b.csv
4277,0,0,0,1c.csv
4277,2,2,0,1e.csv
4277,0,0,0,1f.csv
4277,0,0,0,1g.csv
4277,1,1,0,1h.csv
4277,2,2,0,1i.csv
4277,0,0,0,1j.csv
4277,0,0,0,1k.csv
4277,2,1,1,1l.csv
4277,0,0,0,1m.csv
4277,0,0,0,2a.csv
4277,0,0,0,2b.csv
4277,1,1,0,2c.csv
4277,1,1,0,2d.csv
4277,0,0,0,2e.csv
4277,0,0,0,2f.csv
4277,0,0,0,2g.csv
4277,0,0,0,2h.csv
4277,2,2,0,2i.csv
4277,1,1,0,2j.csv
4277,0,0,0,2k.csv
4277,0,0,0,2l.csv
4277,5,5,0,3a.csv
4277,24,24,0,3b.csv
4277,0,0,0,3c.csv
4277,0,0,0,3d.csv
4277,0,0,0,3e.csv
4277,0,0,0,3f.csv
4277,0,0,0,3g.csv
4278,4,2,2,1a.csv
4278,0,0,0,1b.csv
4278,0,0,0,1c.csv
4278,2,2,0,1e.csv
4278,0,0,0,1f.csv
4278,0,0,0,1g.csv
4278,1,1,0,1h.csv
4278,2,2,0,1i.csv
4278,0,0,0,1j.csv
4278,0,0,0,1k.csv
4278,2,1,1,1l.csv
4278,0,0,0,1m.csv
4278,0,0,0,2a.csv
4278,0,0,0,2b.csv
4278,1,1,0,2c.csv
4278,1,1,0,2d.csv
4278,0,0,0,2e.csv
4278,0,0,0,2f.csv
4278,0,0,0,2g.csv
4278,0,0,0,2h.csv
4278,2,2,0,2i.csv
4278,1,1,0,2j.csv
4278,0,0,0,2k.csv
4278,0,0,0,2l.csv
4278,4,4,0,3a.csv
4278,23,23,0,3b.csv
4278,0,0,0,3c.csv
4278,0,0,0,3d.csv
4278,0,0,0,3e.csv
4278,0,0,0,3f.csv
4278,0,0,0,3g.csv
4279,4,2,2,1a.csv
4279,0,0,0,1b.csv
4279,0,0,0,1c.csv
4279,2,2,0,1e.csv
4279,0,0,0,1f.csv
4279,0,0,0,1g.csv
4279,1,1,0,1h.csv
4279,2,2,0,1i.csv
4279,0,0,0,1j.csv
4279,0,0,0,1k.csv
4279,2,1,1,1l.csv
4279,0,0,0,1m.csv
4279,0,0,0,2a.csv
4279,0,0,0,2b.csv
4279,1,1,0,2c.csv
4279,1,1,0,2d.csv
4279,0,0,0,2e.csv
4279,0,0,0,2f.csv
4279,0,0,0,2g.csv
4279,0,0,0,2h.csv
4279,2,1,1,2i.csv
4279,1,1,0,2j.csv
4279,0,0,0,2k.csv
4279,0,0,0,2l.csv
4279,6,5,1,3a.csv
4279,22,22,0,3b.csv
4279,0,0,0,3c.csv
4279,0,0,0,3d.csv
4279,0,0,0,3e.csv
4279,0,0,0,3f.csv
4279,0,0,0,3g.csv
4280,4,2,2,1a.csv
4280,0,0,0,1b.csv
4280,1,1,0,1c.csv
4280,2,2,0,1e.csv
4280,0,0,0,1f.csv
4280,0,0,0,1g.csv
4280,2,1,1,1h.csv
4280,1,1,0,1i.csv
4280,0,0,0,1j.csv
4280,0,0,0,1k.csv
4280,3,2,1,1l.csv
4280,0,0,0,1m.csv
4280,0,0,0,2a.csv
4280,0,0,0,2b.csv
4280,1,1,0,2c.csv
4280,1,1,0,2d.csv
4280,0,0,0,2e.csv
4280,0,0,0,2f.csv
4280,0,0,0,2g.csv
4280,0,0,0,2h.csv
4280,2,1,1,2i.csv
4280,1,1,0,2j.csv
4280,0,0,0,2k.csv
4280,0,0,0,2l.csv
4280,6,5,1,3a.csv
4280,23,23,0,3b.csv
4280,0,0,0,3c.csv
4280,0,0,0,3d.csv
4280,0,0,0,3e.csv
4280,0,0,0,3f.csv
4280,0,0,0,3g.csv
4281,4,2,2,1a.csv
4281,0,0,0,1b.csv
4281,1,1,0,1c.csv
4281,1,1,0,1e.csv
4281,0,0,0,1f.csv
4281,0,0,0,1g.csv
4281,2,1,1,1h.csv
4281,0,0,0,1i.csv
4281,0,0,0,1j.csv
4281,0,0,0,1k.csv
4281,4,2,2,1l.csv
4281,0,0,0,1m.csv
4281,0,0,0,2a.csv
4281,0,0,0,2b.csv
4281,2,2,0,2c.csv
4281,1,1,0,2d.csv
4281,0,0,0,2e.csv
4281,0,0,0,2f.csv
4281,0,0,0,2g.csv
4281,0,0,0,2h.csv
4281,2,1,1,2i.csv
4281,0,0,0,2j.csv
4281,0,0,0,2k.csv
4281,0,0,0,2l.csv
4281,5,4,1,3a.csv
4281,22,22,0,3b.csv
4281,0,0,0,3c.csv
4281,0,0,0,3d.csv
4281,0,0,0,3e.csv
4281,0,0,0,3f.csv
4281,0,0,0,3g.csv
4282,3,1,2,1a.csv
4282,0,0,0,1b.csv
4282,1,1,0,1c.csv
4282,2,2,0,1e.csv
4282,0,0,0,1f.csv
4282,0,0,0,1g.csv
4282,2,1,1,1h.csv
4282,0,0,0,1i.csv
4282,0,0,0,1j.csv
4282,0,0,0,1k.csv
4282,4,2,2,1l.csv
4282,0,0,0,1m.csv
4282,0,0,0,2a.csv
4282,0,0,0,2b.csv
4282,2,2,0,2c.csv
4282,1,1,0,2d.csv
4282,0,0,0,2e.csv
4282,0,0,0,2f.csv
4282,0,0,0,2g.csv
4282,0,0,0,2h.csv
4282,2,1,1,2i.csv
4282,0,0,0,2j.csv
4282,0,0,0,2k.csv
4282,0,0,0,2l.csv
4282,5,4,1,3a.csv
4282,21,21,0,3b.csv
4282,0,0,0,3c.csv
4282,0,0,0,3d.csv
4282,0,0,0,3e.csv
4282,0,0,0,3f.csv
4282,0,0,0,3g.csv
4283,2,1,1,1a.csv
4283,0,0,0,1b.csv
4283,1,1,0,1c.csv
4283,1,1,0,1e.csv
4283,0,0,0,1f.csv
4283,0,0,0,1g.csv
4283,2,1,1,1h.csv
4283,0,0,0,1i.csv
4283,0,0,0,1j.csv
4283,0,0,0,1k.csv
4283,2,1,1,1l.csv
4283,0,0,0,1m.csv
4283,0,0,0,2a.csv
4283,0,0,0,2b.csv
4283,2,2,0,2c.csv
4283,1,1,0,2d.csv
4283,1,1,0,2e.csv
4283,0,0,0,2f.csv
4283,0,0,0,2g.csv
4283,0,0,0,2h.csv
4283,2,1,1,2i.csv
4283,0,0,0,2j.csv
4283,0,0,0,2k.csv
4283,0,0,0,2l.csv
4283,5,4,1,3a.csv
4283,18,18,0,3b.csv
4283,0,0,0,3c.csv
4283,0,0,0,3d.csv
4283,0,0,0,3e.csv
4283,0,0,0,3f.csv
4283,0,0,0,3g.csv
4284,2,1,1,1a.csv
4284,0,0,0,1b.csv
4284,1,1,0,1c.csv
4284,1,1,0,1e.csv
4284,0,0,0,1f.csv
4284,0,0,0,1g.csv
4284,1,0,1,1h.csv
4284,0,0,0,1i.csv
4284,0,0,0,1j.csv
4284,0,0,0,1k.csv
4284,2,1,1,1l.csv
4284,0,0,0,1m.csv
4284,0,0,0,2a.csv
4284,0,0,0,2b.csv
4284,1,1,0,2c.csv
4284,1,1,0,2d.csv
4284,1,1,0,2e.csv
4284,0,0,0,2f.csv
4284,0,0,0,2g.csv
4284,0,0,0,2h.csv
4284,1,0,1,2i.csv
4284,1,1,0,2j.csv
4284,0,0,0,2k.csv
4284,0,0,0,2l.csv
4284,6,5,1,3a.csv
4284,17,17,0,3b.csv
4284,0,0,0,3c.csv
4284,0,0,0,3d.csv
4284,0,0,0,3e.csv
4284,0,0,0,3f.csv
4284,0,0,0,3g.csv
4285,1,1,0,1a.csv
4285,0,0,0,1b.csv
4285,1,1,0,1c.csv
4285,1,1,0,1e.csv
4285,0,0,0,1f.csv
4285,0,0,0,1g.csv
4285,1,0,1,1h.csv
4285,0,0,0,1i.csv
4285,0,0,0,1j.csv
4285,0,0,0,1k.csv
4285,3,1,2,1l.csv
4285,0,0,0,1m.csv
4285,0,0,0,2a.csv
4285,0,0,0,2b.csv
4285,1,1,0,2c.csv
4285,0,0,0,2d.csv
4285,2,2,0,2e.csv
4285,0,0,0,2f.csv
4285,0,0,0,2g.csv
4285,0,0,0,2h.csv
4285,1,0,1,2i.csv
4285,1,1,0,2j.csv
4285,0,0,0,2k.csv
4285,0,0,0,2l.csv
4285,6,5,1,3a.csv
4285,17,17,0,3b.csv
4285,0,0,0,3c.csv
4285,0,0,0,3d.csv
4285,0,0,0,3e.csv
4285,0,0,0,3f.csv
4285,0,0,0,3g.csv
4286,1,1,0,1a.csv
4286,0,0,0,1b.csv
4286,1,1,0,1c.csv
4286,1,1,0,1e.csv
4286,0,0,0,1f.csv
4286,0,0,0,1g.csv
4286,1,0,1,1h.csv
4286,0,0,0,1i.csv
4286,0,0,0,1j.csv
4286,0,0,0,1k.csv
4286,4,2,2,1l.csv
4286,0,0,0,1m.csv
4286,0,0,0,2a.csv
4286,0,0,0,2b.csv
4286,1,1,0,2c.csv
4286,0,0,0,2d.csv
4286,2,2,0,2e.csv
4286,0,0,0,2f.csv
4286,0,0,0,2g.csv
4286,0,0,0,2h.csv
4286,2,1,1,2i.csv
4286,2,2,0,2j.csv
4286,0,0,0,2k.csv
4286,0,0,0,2l.csv
4286,6,5,1,3a.csv
4286,14,14,0,3b.csv
4286,0,0,0,3c.csv
4286,0,0,0,3d.csv
4286,0,0,0,3e.csv
4286,0,0,0,3f.csv
4286,0,0,0,3g.csv
4287,1,1,0,1a.csv
4287,0,0,0,1b.csv
4287,1,1,0,1c.csv
4287,1,1,0,1e.csv
4287,0,0,0,1f.csv
4287,0,0,0,1g.csv
4287,1,0,1,1h.csv
4287,0,0,0,1i.csv
4287,0,0,0,1j.csv
4287,0,0,0,1k.csv
4287,5,3,2,1l.csv
4287,0,0,0,1m.csv
4287,0,0,0,2a.csv
4287,0,0,0,2b.csv
4287,1,1,0,2c.csv
4287,0,0,0,2d.csv
4287,2,2,0,2e.csv
4287,0,0,0,2f.csv
4287,0,0,0,2g.csv
4287,0,0,0,2h.csv
4287,1,1,0,2i.csv
4287,3,3,0,2j.csv
4287,0,0,0,2k.csv
4287,0,0,0,2l.csv
4287,4,4,0,3a.csv
4287,15,15,0,3b.csv
4287,0,0,0,3c.csv
4287,0,0,0,3d.csv
4287,0,0,0,3e.csv
4287,0,0,0,3f.csv
4287,0,0,0,3g.csv
4288,1,1,0,1a.csv
4288,0,0,0,1b.csv
4288,1,1,0,1c.csv
4288,1,1,0,1e.csv
4288,0,0,0,1f.csv
4288,0,0,0,1g.csv
4288,0,0,0,1h.csv
4288,0,0,0,1i.csv
4288,0,0,0,1j.csv
4288,0,0,0,1k.csv
4288,4,2,2,1l.csv
4288,0,0,0,1m.csv
4288,0,0,0,2a.csv
4288,0,0,0,2b.csv
4288,1,1,0,2c.csv
4288,0,0,0,2d.csv
4288,2,2,0,2e.csv
4288,0,0,0,2f.csv
4288,0,0,0,2g.csv
4288,0,0,0,2h.csv
4288,1,1,0,2i.csv
4288,3,3,0,2j.csv
4288,0,0,0,2k.csv
4288,0,0,0,2l.csv
4288,5,5,0,3a.csv
4288,13,13,0,3b.csv
4288,0,0,0,3c.csv
4288,0,0,0,3d.csv
4288,0,0,0,3e.csv
4288,0,0,0,3f.csv
4288,0,0,0,3g.csv
4289,1,1,0,1a.csv
4289,0,0,0,1b.csv
4289,1,1,0,1c.csv
4289,1,1,0,1e.csv
4289,0,0,0,1f.csv
4289,0,0,0,1g.csv
4289,0,0,0,1h.csv
4289,0,0,0,1i.csv
4289,0,0,0,1j.csv
4289,0,0,0,1k.csv
4289,3,2,1,1l.csv
4289,0,0,0,1m.csv
4289,0,0,0,2a.csv
4289,0,0,0,2b.csv
4289,0,0,0,2c.csv
4289,0,0,0,2d.csv
4289,2,2,0,2e.csv
4289,0,0,0,2f.csv
4289,0,0,0,2g.csv
4289,0,0,0,2h.csv
4289,3,3,0,2i.csv
4289,3,3,0,2j.csv
4289,0,0,0,2k.csv
4289,0,0,0,2l.csv
4289,6,6,0,3a.csv
4289,12,12,0,3b.csv
4289,0,0,0,3c.csv
4289,0,0,0,3d.csv
4289,0,0,0,3e.csv
4289,0,0,0,3f.csv
4289,0,0,0,3g.csv
4290,1,1,0,1a.csv
4290,0,0,0,1b.csv
4290,1,1,0,1c.csv
4290,0,0,0,1e.csv
4290,0,0,0,1f.csv
4290,0,0,0,1g.csv
4290,0,0,0,1h.csv
4290,0,0,0,1i.csv
4290,0,0,0,1j.csv
4290,0,0,0,1k.csv
4290,3,2,1,1l.csv
4290,0,0,0,1m.csv
4290,1,1,0,2a.csv
4290,0,0,0,2b.csv
4290,0,0,0,2c.csv
4290,0,0,0,2d.csv
4290,2,2,0,2e.csv
4290,0,0,0,2f.csv
4290,0,0,0,2g.csv
4290,0,0,0,2h.csv
4290,3,3,0,2i.csv
4290,3,3,0,2j.csv
4290,0,0,0,2k.csv
4290,0,0,0,2l.csv
4290,8,8,0,3a.csv
4290,12,12,0,3b.csv
4290,0,0,0,3c.csv
4290,0,0,0,3d.csv
4290,0,0,0,3e.csv
4290,0,0,0,3f.csv
4290,0,0,0,3g.csv
4291,0,0,0,1a.csv
4291,0,0,0,1b.csv
4291,1,1,0,1c.csv
4291,1,0,1,1e.csv
4291,0,0,0,1f.csv
4291,0,0,0,1g.csv
4291,0,0,0,1h.csv
4291,0,0,0,1i.csv
4291,0,0,0,1j.csv
4291,0,0,0,1k.csv
4291,4,3,1,1l.csv
4291,0,0,0,1m.csv
4291,1,1,0,2a.csv
4291,0,0,0,2b.csv
4291,0,0,0,2c.csv
4291,0,0,0,2d.csv
4291,1,1,0,2e.csv
4291,0,0,0,2f.csv
4291,0,0,0,2g.csv
4291,0,0,0,2h.csv
4291,3,3,0,2i.csv
4291,3,3,0,2j.csv
4291,0,0,0,2k.csv
4291,0,0,0,2l.csv
4291,9,9,0,3a.csv
4291,12,12,0,3b.csv
4291,0,0,0,3c.csv
4291,0,0,0,3d.csv
4291,0,0,0,3e.csv
4291,0,0,0,3f.csv
4291,0,0,0,3g.csv
4292,1,1,0,1a.csv
4292,0,0,0,1b.csv
4292,1,1,0,1c.csv
4292,1,0,1,1e.csv
4292,0,0,0,1f.csv
4292,0,0,0,1g.csv
4292,0,0,0,1h.csv
4292,0,0,0,1i.csv
4292,0,0,0,1j.csv
4292,0,0,0,1k.csv
4292,4,3,1,1l.csv
4292,0,0,0,1m.csv
4292,1,1,0,2a.csv
4292,0,0,0,2b.csv
4292,0,0,0,2c.csv
4292,0,0,0,2d.csv
4292,1,1,0,2e.csv
4292,0,0,0,2f.csv
4292,0,0,0,2g.csv
4292,0,0,0,2h.csv
4292,3,3,0,2i.csv
4292,2,2,0,2j.csv
4292,1,0,1,2k.csv
4292,0,0,0,2l.csv
4292,7,7,0,3a.csv
4292,11,10,1,3b.csv
4292,0,0,0,3c.csv
4292,0,0,0,3d.csv
4292,0,0,0,3e.csv
4292,0,0,0,3f.csv
4292,0,0,0,3g.csv
4293,1,1,0,1a.csv
4293,0,0,0,1b.csv
4293,1,1,0,1c.csv
4293,1,0,1,1e.csv
4293,0,0,0,1f.csv
4293,0,0,0,1g.csv
4293,0,0,0,1h.csv
4293,0,0,0,1i.csv
4293,0,0,0,1j.csv
4293,0,0,0,1k.csv
4293,4,3,1,1l.csv
4293,0,0,0,1m.csv
4293,1,1,0,2a.csv
4293,0,0,0,2b.csv
4293,0,0,0,2c.csv
4293,0,0,0,2d.csv
4293,1,0,1,2e.csv
4293,0,0,0,2f.csv
4293,0,0,0,2g.csv
4293,0,0,0,2h.csv
4293,3,3,0,2i.csv
4293,2,2,0,2j.csv
4293,1,0,1,2k.csv
4293,0,0,0,2l.csv
4293,8,7,1,3a.csv
4293,7,6,1,3b.csv
4293,0,0,0,3c.csv
4293,0,0,0,3d.csv
4293,0,0,0,3e.csv
4293,0,0,0,3f.csv
4293,0,0,0,3g.csv
4294,1,1,0,1a.csv
4294,0,0,0,1b.csv
4294,1,1,0,1c.csv
4294,1,0,1,1e.csv
4294,0,0,0,1f.csv
4294,0,0,0,1g.csv
4294,1,1,0,1h.csv
4294,0,0,0,1i.csv
4294,0,0,0,1j.csv
4294,0,0,0,1k.csv
4294,3,2,1,1l.csv
4294,0,0,0,1m.csv
4294,2,2,0,2a.csv
4294,0,0,0,2b.csv
4294,0,0,0,2c.csv
4294,0,0,0,2d.csv
4294,1,0,1,2e.csv
4294,0,0,0,2f.csv
4294,0,0,0,2g.csv
4294,0,0,0,2h.csv
4294,3,3,0,2i.csv
4294,1,1,0,2j.csv
4294,1,0,1,2k.csv
4294,0,0,0,2l.csv
4294,9,8,1,3a.csv
4294,7,6,1,3b.csv
4294,0,0,0,3c.csv
4294,0,0,0,3d.csv
4294,0,0,0,3e.csv
4294,0,0,0,3f.csv
4294,0,0,0,3g.csv
4295,1,1,0,1a.csv
4295,0,0,0,1b.csv
4295,1,1,0,1c.csv
4295,1,0,1,1e.csv
4295,0,0,0,1f.csv
4295,0,0,0,1g.csv
4295,1,1,0,1h.csv
4295,0,0,0,1i.csv
4295,0,0,0,1j.csv
4295,0,0,0,1k.csv
4295,2,1,1,1l.csv
4295,0,0,0,1m.csv
4295,2,2,0,2a.csv
4295,0,0,0,2b.csv
4295,0,0,0,2c.csv
4295,0,0,0,2d.csv
4295,1,0,1,2e.csv
4295,0,0,0,2f.csv
4295,0,0,0,2g.csv
4295,0,0,0,2h.csv
4295,3,3,0,2i.csv
4295,0,0,0,2j.csv
4295,1,0,1,2k.csv
4295,0,0,0,2l.csv
4295,8,7,1,3a.csv
4295,5,4,1,3b.csv
4295,0,0,0,3c.csv
4295,0,0,0,3d.csv
4295,0,0,0,3e.csv
4295,0,0,0,3f.csv
4295,0,0,0,3g.csv
4296,1,1,0,1a.csv
4296,0,0,0,1b.csv
4296,1,1,0,1c.csv
4296,1,0,1,1e.csv
4296,0,0,0,1f.csv
4296,0,0,0,1g.csv
4296,1,1,0,1h.csv
4296,0,0,0,1i.csv
4296,0,0,0,1j.csv
4296,0,0,0,1k.csv
4296,2,1,1,1l.csv
4296,0,0,0,1m.csv
4296,2,2,0,2a.csv
4296,0,0,0,2b.csv
4296,0,0,0,2c.csv
4296,0,0,0,2d.csv
4296,1,0,1,2e.csv
4296,0,0,0,2f.csv
4296,0,0,0,2g.csv
4296,0,0,0,2h.csv
4296,3,3,0,2i.csv
4296,0,0,0,2j.csv
4296,1,0,1,2k.csv
4296,0,0,0,2l.csv
4296,6,5,1,3a.csv
4296,5,3,2,3b.csv
4296,0,0,0,3c.csv
4296,0,0,0,3d.csv
4296,0,0,0,3e.csv
4296,0,0,0,3f.csv
4296,0,0,0,3g.csv
4297,2,2,0,1a.csv
4297,0,0,0,1b.csv
4297,1,1,0,1c.csv
4297,1,0,1,1e.csv
4297,0,0,0,1f.csv
4297,0,0,0,1g.csv
4297,1,1,0,1h.csv
4297,0,0,0,1i.csv
4297,0,0,0,1j.csv
4297,0,0,0,1k.csv
4297,2,1,1,1l.csv
4297,1,0,1,1m.csv
4297,2,2,0,2a.csv
4297,0,0,0,2b.csv
4297,0,0,0,2c.csv
4297,0,0,0,2d.csv
4297,1,0,1,2e.csv
4297,0,0,0,2f.csv
4297,0,0,0,2g.csv
4297,0,0,0,2h.csv
4297,2,2,0,2i.csv
4297,0,0,0,2j.csv
4297,1,0,1,2k.csv
4297,0,0,0,2l.csv
4297,5,4,1,3a.csv
4297,5,3,2,3b.csv
4297,0,0,0,3c.csv
4297,0,0,0,3d.csv
4297,0,0,0,3e.csv
4297,0,0,0,3f.csv
4297,0,0,0,3g.csv
4298,2,2,0,1a.csv
4298,0,0,0,1b.csv
4298,1,1,0,1c.csv
4298,1,0,1,1e.csv
4298,0,0,0,1f.csv
4298,0,0,0,1g.csv
4298,1,1,0,1h.csv
4298,0,0,0,1i.csv
4298,0,0,0,1j.csv
4298,0,0,0,1k.csv
4298,2,1,1,1l.csv
4298,1,0,1,1m.csv
4298,1,1,0,2a.csv
4298,0,0,0,2b.csv
4298,0,0,0,2c.csv
4298,0,0,0,2d.csv
4298,1,0,1,2e.csv
4298,0,0,0,2f.csv
4298,0,0,0,2g.csv
4298,0,0,0,2h.csv
4298,3,3,0,2i.csv
4298,0,0,0,2j.csv
4298,1,0,1,2k.csv
4298,0,0,0,2l.csv
4298,4,2,2,3a.csv
4298,6,4,2,3b.csv
4298,0,0,0,3c.csv
4298,0,0,0,3d.csv
4298,0,0,0,3e.csv
4298,0,0,0,3f.csv
4298,0,0,0,3g.csv
4299,2,2,0,1a.csv
4299,0,0,0,1b.csv
4299,1,1,0,1c.csv
4299,0,0,0,1e.csv
4299,0,0,0,1f.csv
4299,0,0,0,1g.csv
4299,1,1,0,1h.csv
4299,1,0,1,1i.csv
4299,0,0,0,1j.csv
4299,0,0,0,1k.csv
4299,1,0,1,1l.csv
4299,1,0,1,1m.csv
4299,1,1,0,2a.csv
4299,0,0,0,2b.csv
4299,0,0,0,2c.csv
4299,0,0,0,2d.csv
4299,1,0,1,2e.csv
4299,0,0,0,2f.csv
4299,0,0,0,2g.csv
4299,0,0,0,2h.csv
4299,3,3,0,2i.csv
4299,0,0,0,2j.csv
4299,1,0,1,2k.csv
4299,0,0,0,2l.csv
4299,3,1,2,3a.csv
4299,6,4,2,3b.csv
4299,0,0,0,3c.csv
4299,0,0,0,3d.csv
4299,0,0,0,3e.csv
4299,0,0,0,3f.csv
4299,0,0,0,3g.csv
4300,1,1,0,1a.csv
4300,0,0,0,1b.csv
4300,1,1,0,1c.csv
4300,1,1,0,1e.csv
4300,0,0,0,1f.csv
4300,0,0,0,1g.csv
4300,1,1,0,1h.csv
4300,1,0,1,1i.csv
4300,0,0,0,1j.csv
4300,0,0,0,1k.csv
4300,1,0,1,1l.csv
4300,1,0,1,1m.csv
4300,1,1,0,2a.csv
4300,0,0,0,2b.csv
4300,0,0,0,2c.csv
4300,0,0,0,2d.csv
4300,1,0,1,2e.csv
4300,0,0,0,2f.csv
4300,0,0,0,2g.csv
4300,0,0,0,2h.csv
4300,3,3,0,2i.csv
4300,0,0,0,2j.csv
4300,0,0,0,2k.csv
4300,0,0,0,2l.csv
4300,3,1,2,3a.csv
4300,5,4,1,3b.csv
4300,0,0,0,3c.csv
4300,0,0,0,3d.csv
4300,0,0,0,3e.csv
4300,0,0,0,3f.csv
4300,0,0,0,3g.csv
4301,1,1,0,1a.csv
4301,0,0,0,1b.csv
4301,2,1,1,1c.csv
4301,1,1,0,1e.csv
4301,0,0,0,1f.csv
4301,0,0,0,1g.csv
4301,1,1,0,1h.csv
4301,1,0,1,1i.csv
4301,0,0,0,1j.csv
4301,0,0,0,1k.csv
4301,1,1,0,1l.csv
4301,1,0,1,1m.csv
4301,2,2,0,2a.csv
4301,1,1,0,2b.csv
4301,0,0,0,2c.csv
4301,0,0,0,2d.csv
4301,0,0,0,2e.csv
4301,0,0,0,2f.csv
4301,0,0,0,2g.csv
4301,0,0,0,2h.csv
4301,3,3,0,2i.csv
4301,0,0,0,2j.csv
4301,0,0,0,2k.csv
4301,0,0,0,2l.csv
4301,2,1,1,3a.csv
4301,8,7,1,3b.csv
4301,0,0,0,3c.csv
4301,0,0,0,3d.csv
4301,0,0,0,3e.csv
4301,0,0,0,3f.csv
4301,0,0,0,3g.csv
4302,1,1,0,1a.csv
4302,0,0,0,1b.csv
4302,2,1,1,1c.csv
4302,1,1,0,1e.csv
4302,0,0,0,1f.csv
4302,0,0,0,1g.csv
4302,0,0,0,1h.csv
4302,2,1,1,1i.csv
4302,0,0,0,1j.csv
4302,0,0,0,1k.csv
4302,1,1,0,1l.csv
4302,1,0,1,1m.csv
4302,1,1,0,2a.csv
4302,1,1,0,2b.csv
4302,0,0,0,2c.csv
4302,0,0,0,2d.csv
4302,0,0,0,2e.csv
4302,0,0,0,2f.csv
4302,0,0,0,2g.csv
4302,0,0,0,2h.csv
4302,3,3,0,2i.csv
4302,0,0,0,2j.csv
4302,0,0,0,2k.csv
4302,0,0,0,2l.csv
4302,2,1,1,3a.csv
4302,8,7,1,3b.csv
4302,0,0,0,3c.csv
4302,0,0,0,3d.csv
4302,0,0,0,3e.csv
4302,0,0,0,3f.csv
4302,0,0,0,3g.csv
4303,1,1,0,1a.csv
4303,0,0,0,1b.csv
4303,2,1,1,1c.csv
4303,1,1,0,1e.csv
4303,0,0,0,1f.csv
4303,0,0,0,1g.csv
4303,0,0,0,1h.csv
4303,2,1,1,1i.csv
4303,0,0,0,1j.csv
4303,0,0,0,1k.csv
4303,1,1,0,1l.csv
4303,1,0,1,1m.csv
4303,1,1,0,2a.csv
4303,1,1,0,2b.csv
4303,0,0,0,2c.csv
4303,0,0,0,2d.csv
4303,0,0,0,2e.csv
4303,0,0,0,2f.csv
4303,0,0,0,2g.csv
4303,0,0,0,2h.csv
4303,4,4,0,2i.csv
4303,0,0,0,2j.csv
4303,0,0,0,2k.csv
4303,0,0,0,2l.csv
4303,2,1,1,3a.csv
4303,9,8,1,3b.csv
4303,0,0,0,3c.csv
4303,0,0,0,3d.csv
4303,0,0,0,3e.csv
4303,0,0,0,3f.csv
4303,0,0,0,3g.csv
4304,2,2,0,1a.csv
4304,0,0,0,1b.csv
4304,1,0,1,1c.csv
4304,2,2,0,1e.csv
4304,0,0,0,1f.csv
4304,0,0,0,1g.csv
4304,0,0,0,1h.csv
4304,2,1,1,1i.csv
4304,0,0,0,1j.csv
4304,0,0,0,1k.csv
4304,1,1,0,1l.csv
4304,1,0,1,1m.csv
4304,1,1,0,2a.csv
4304,1,1,0,2b.csv
4304,0,0,0,2c.csv
4304,0,0,0,2d.csv
4304,0,0,0,2e.csv
4304,0,0,0,2f.csv
4304,0,0,0,2g.csv
4304,0,0,0,2h.csv
4304,5,5,0,2i.csv
4304,0,0,0,2j.csv
4304,0,0,0,2k.csv
4304,0,0,0,2l.csv
4304,2,1,1,3a.csv
4304,8,8,0,3b.csv
4304,0,0,0,3c.csv
4304,0,0,0,3d.csv
4304,0,0,0,3e.csv
4304,0,0,0,3f.csv
4304,0,0,0,3g.csv
4305,1,1,0,1a.csv
4305,0,0,0,1b.csv
4305,1,0,1,1c.csv
4305,2,2,0,1e.csv
4305,0,0,0,1f.csv
4305,0,0,0,1g.csv
4305,0,0,0,1h.csv
4305,2,1,1,1i.csv
4305,0,0,0,1j.csv
4305,0,0,0,1k.csv
4305,2,2,0,1l.csv
4305,0,0,0,1m.csv
4305,2,2,0,2a.csv
4305,1,1,0,2b.csv
4305,0,0,0,2c.csv
4305,0,0,0,2d.csv
4305,0,0,0,2e.csv
4305,0,0,0,2f.csv
4305,0,0,0,2g.csv
4305,0,0,0,2h.csv
4305,6,6,0,2i.csv
4305,0,0,0,2j.csv
4305,0,0,0,2k.csv
4305,1,1,0,2l.csv
4305,3,2,1,3a.csv
4305,8,8,0,3b.csv
4305,0,0,0,3c.csv
4305,0,0,0,3d.csv
4305,0,0,0,3e.csv
4305,0,0,0,3f.csv
4305,0,0,0,3g.csv
4306,1,1,0,1a.csv
4306,0,0,0,1b.csv
4306,1,0,1,1c.csv
4306,3,3,0,1e.csv
4306,0,0,0,1f.csv
4306,0,0,0,1g.csv
4306,0,0,0,1h.csv
4306,2,1,1,1i.csv
4306,1,1,0,1j.csv
4306,0,0,0,1k.csv
4306,2,2,0,1l.csv
4306,0,0,0,1m.csv
4306,3,3,0,2a.csv
4306,1,1,0,2b.csv
4306,0,0,0,2c.csv
4306,0,0,0,2d.csv
4306,0,0,0,2e.csv
4306,0,0,0,2f.csv
4306,0,0,0,2g.csv
4306,0,0,0,2h.csv
4306,5,5,0,2i.csv
4306,0,0,0,2j.csv
4306,0,0,0,2k.csv
4306,1,1,0,2l.csv
4306,3,3,0,3a.csv
4306,7,7,0,3b.csv
4306,0,0,0,3c.csv
4306,0,0,0,3d.csv
4306,0,0,0,3e.csv
4306,0,0,0,3f.csv
4306,0,0,0,3g.csv
4307,2,2,0,1a.csv
4307,0,0,0,1b.csv
4307,1,0,1,1c.csv
4307,4,4,0,1e.csv
4307,0,0,0,1f.csv
4307,0,0,0,1g.csv
4307,0,0,0,1h.csv
4307,1,1,0,1i.csv
4307,1,1,0,1j.csv
4307,0,0,0,1k.csv
4307,2,2,0,1l.csv
4307,0,0,0,1m.csv
4307,3,3,0,2a.csv
4307,1,1,0,2b.csv
4307,0,0,0,2c.csv
4307,0,0,0,2d.csv
4307,0,0,0,2e.csv
4307,0,0,0,2f.csv
4307,0,0,0,2g.csv
4307,0,0,0,2h.csv
4307,5,5,0,2i.csv
4307,0,0,0,2j.csv
4307,0,0,0,2k.csv
4307,1,1,0,2l.csv
4307,5,4,1,3a.csv
4307,8,8,0,3b.csv
4307,0,0,0,3c.csv
4307,0,0,0,3d.csv
4307,0,0,0,3e.csv
4307,0,0,0,3f.csv
4307,0,0,0,3g.csv
4308,2,2,0,1a.csv
4308,0,0,0,1b.csv
4308,2,1,1,1c.csv
4308,3,3,0,1e.csv
4308,0,0,0,1f.csv
4308,0,0,0,1g.csv
4308,0,0,0,1h.csv
4308,1,1,0,1i.csv
4308,1,1,0,1j.csv
4308,0,0,0,1k.csv
4308,2,2,0,1l.csv
4308,0,0,0,1m.csv
4308,3,3,0,2a.csv
4308,1,1,0,2b.csv
4308,0,0,0,2c.csv
4308,0,0,0,2d.csv
4308,0,0,0,2e.csv
4308,0,0,0,2f.csv
4308,0,0,0,2g.csv
4308,0,0,0,2h.csv
4308,5,5,0,2i.csv
4308,0,0,0,2j.csv
4308,0,0,0,2k.csv
4308,1,1,0,2l.csv
4308,5,4,1,3a.csv
4308,10,10,0,3b.csv
4308,0,0,0,3c.csv
4308,0,0,0,3d.csv
4308,0,0,0,3e.csv
4308,0,0,0,3f.csv
4308,0,0,0,3g.csv
4309,3,3,0,1a.csv
4309,0,0,0,1b.csv
4309,1,1,0,1c.csv
4309,3,3,0,1e.csv
4309,0,0,0,1f.csv
4309,0,0,0,1g.csv
4309,0,0,0,1h.csv
4309,2,2,0,1i.csv
4309,1,1,0,1j.csv
4309,0,0,0,1k.csv
4309,1,1,0,1l.csv
4309,0,0,0,1m.csv
4309,2,2,0,2a.csv
4309,0,0,0,2b.csv
4309,0,0,0,2c.csv
4309,0,0,0,2d.csv
4309,0,0,0,2e.csv
4309,0,0,0,2f.csv
4309,0,0,0,2g.csv
4309,0,0,0,2h.csv
4309,5,5,0,2i.csv
4309,0,0,0,2j.csv
4309,1,1,0,2k.csv
4309,1,1,0,2l.csv
4309,6,5,1,3a.csv
4309,8,8,0,3b.csv
4309,0,0,0,3c.csv
4309,0,0,0,3d.csv
4309,0,0,0,3e.csv
4309,0,0,0,3f.csv
4309,0,0,0,3g.csv
4310,5,4,1,1a.csv
4310,0,0,0,1b.csv
4310,1,1,0,1c.csv
4310,4,4,0,1e.csv
4310,0,0,0,1f.csv
4310,0,0,0,1g.csv
4310,0,0,0,1h.csv
4310,1,1,0,1i.csv
4310,1,1,0,1j.csv
4310,0,0,0,1k.csv
4310,1,1,0,1l.csv
4310,0,0,0,1m.csv
4310,2,2,0,2a.csv
4310,0,0,0,2b.csv
4310,0,0,0,2c.csv
4310,0,0,0,2d.csv
4310,0,0,0,2e.csv
4310,0,0,0,2f.csv
4310,0,0,0,2g.csv
4310,0,0,0,2h.csv
4310,4,4,0,2i.csv
4310,0,0,0,2j.csv
4310,1,1,0,2k.csv
4310,2,2,0,2l.csv
4310,5,4,1,3a.csv
4310,8,8,0,3b.csv
4310,0,0,0,3c.csv
4310,0,0,0,3d.csv
4310,0,0,0,3e.csv
4310,0,0,0,3f.csv
4310,0,0,0,3g.csv
4311,6,5,1,1a.csv
4311,0,0,0,1b.csv
4311,2,1,1,1c.csv
4311,4,4,0,1e.csv
4311,0,0,0,1f.csv
4311,0,0,0,1g.csv
4311,0,0,0,1h.csv
4311,1,1,0,1i.csv
4311,1,1,0,1j.csv
4311,0,0,0,1k.csv
4311,1,1,0,1l.csv
4311,0,0,0,1m.csv
4311,2,2,0,2a.csv
4311,0,0,0,2b.csv
4311,0,0,0,2c.csv
4311,0,0,0,2d.csv
4311,0,0,0,2e.csv
4311,0,0,0,2f.csv
4311,0,0,0,2g.csv
4311,0,0,0,2h.csv
4311,3,3,0,2i.csv
4311,0,0,0,2j.csv
4311,1,1,0,2k.csv
4311,2,2,0,2l.csv
4311,5,4,1,3a.csv
4311,6,6,0,3b.csv
4311,0,0,0,3c.csv
4311,0,0,0,3d.csv
4311,0,0,0,3e.csv
4311,0,0,0,3f.csv
4311,0,0,0,3g.csv
4312,6,5,1,1a.csv
4312,0,0,0,1b.csv
4312,2,1,1,1c.csv
4312,4,4,0,1e.csv
4312,0,0,0,1f.csv
4312,0,0,0,1g.csv
4312,0,0,0,1h.csv
4312,1,1,0,1i.csv
4312,1,1,0,1j.csv
4312,0,0,0,1k.csv
4312,1,1,0,1l.csv
4312,0,0,0,1m.csv
4312,2,2,0,2a.csv
4312,0,0,0,2b.csv
4312,0,0,0,2c.csv
4312,0,0,0,2d.csv
4312,0,0,0,2e.csv
4312,0,0,0,2f.csv
4312,0,0,0,2g.csv
4312,0,0,0,2h.csv
4312,2,2,0,2i.csv
4312,0,0,0,2j.csv
4312,1,1,0,2k.csv
4312,2,2,0,2l.csv
4312,5,4,1,3a.csv
4312,7,7,0,3b.csv
4312,0,0,0,3c.csv
4312,0,0,0,3d.csv
4312,0,0,0,3e.csv
4312,0,0,0,3f.csv
4312,0,0,0,3g.csv
4313,8,7,1,1a.csv
4313,0,0,0,1b.csv
4313,2,1,1,1c.csv
4313,4,4,0,1e.csv
4313,0,0,0,1f.csv
4313,0,0,0,1g.csv
4313,1,1,0,1h.csv
4313,1,1,0,1i.csv
4313,1,1,0,1j.csv
4313,0,0,0,1k.csv
4313,0,0,0,1l.csv
4313,0,0,0,1m.csv
4313,1,1,0,2a.csv
4313,0,0,0,2b.csv
4313,0,0,0,2c.csv
4313,1,1,0,2d.csv
4313,0,0,0,2e.csv
4313,0,0,0,2f.csv
4313,0,0,0,2g.csv
4313,0,0,0,2h.csv
4313,1,1,0,2i.csv
4313,0,0,0,2j.csv
4313,1,1,0,2k.csv
4313,1,1,0,2l.csv
4313,4,3,1,3a.csv
4313,7,7,0,3b.csv
4313,0,0,0,3c.csv
4313,0,0,0,3d.csv
4313,0,0,0,3e.csv
4313,0,0,0,3f.csv
4313,0,0,0,3g.csv
4314,8,7,1,1a.csv
4314,0,0,0,1b.csv
4314,4,3,1,1c.csv
4314,5,5,0,1e.csv
4314,0,0,0,1f.csv
4314,0,0,0,1g.csv
4314,1,1,0,1h.csv
4314,1,1,0,1i.csv
4314,0,0,0,1j.csv
4314,0,0,0,1k.csv
4314,0,0,0,1l.csv
4314,0,0,0,1m.csv
4314,0,0,0,2a.csv
4314,0,0,0,2b.csv
4314,0,0,0,2c.csv
4314,1,1,0,2d.csv
4314,0,0,0,2e.csv
4314,0,0,0,2f.csv
4314,0,0,0,2g.csv
4314,0,0,0,2h.csv
4314,1,1,0,2i.csv
4314,0,0,0,2j.csv
4314,1,1,0,2k.csv
4314,1,1,0,2l.csv
4314,3,2,1,3a.csv
4314,8,7,1,3b.csv
4314,0,0,0,3c.csv
4314,0,0,0,3d.csv
4314,0,0,0,3e.csv
4314,0,0,0,3f.csv
4314,0,0,0,3g.csv
4315,9,7,2,1a.csv
4315,0,0,0,1b.csv
4315,4,3,1,1c.csv
4315,5,5,0,1e.csv
4315,0,0,0,1f.csv
4315,0,0,0,1g.csv
4315,1,1,0,1h.csv
4315,1,1,0,1i.csv
4315,0,0,0,1j.csv
4315,0,0,0,1k.csv
4315,0,0,0,1l.csv
4315,0,0,0,1m.csv
4315,0,0,0,2a.csv
4315,0,0,0,2b.csv
4315,0,0,0,2c.csv
4315,1,1,0,2d.csv
4315,0,0,0,2e.csv
4315,0,0,0,2f.csv
4315,0,0,0,2g.csv
4315,0,0,0,2h.csv
4315,1,1,0,2i.csv
4315,0,0,0,2j.csv
4315,1,1,0,2k.csv
4315,1,1,0,2l.csv
4315,1,1,0,3a.csv
4315,6,5,1,3b.csv
4315,0,0,0,3c.csv
4315,0,0,0,3d.csv
4315,0,0,0,3e.csv
4315,0,0,0,3f.csv
4315,0,0,0,3g.csv
4316,10,8,2,1a.csv
4316,0,0,0,1b.csv
4316,3,2,1,1c.csv
4316,6,6,0,1e.csv
4316,0,0,0,1f.csv
4316,0,0,0,1g.csv
4316,2,2,0,1h.csv
4316,1,1,0,1i.csv
4316,0,0,0,1j.csv
4316,0,0,0,1k.csv
4316,0,0,0,1l.csv
4316,0,0,0,1m.csv
4316,0,0,0,2a.csv
4316,0,0,0,2b.csv
4316,1,0,1,2c.csv
4316,1,1,0,2d.csv
4316,0,0,0,2e.csv
4316,0,0,0,2f.csv
4316,0,0,0,2g.csv
4316,0,0,0,2h.csv
4316,1,1,0,2i.csv
4316,0,0,0,2j.csv
4316,1,1,0,2k.csv
4316,1,1,0,2l.csv
4316,1,1,0,3a.csv
4316,5,4,1,3b.csv
4316,0,0,0,3c.csv
4316,0,0,0,3d.csv
4316,0,0,0,3e.csv
4316,0,0,0,3f.csv
4316,0,0,0,3g.csv
4317,10,8,2,1a.csv
4317,0,0,0,1b.csv
4317,3,2,1,1c.csv
4317,6,6,0,1e.csv
4317,0,0,0,1f.csv
4317,0,0,0,1g.csv
4317,2,2,0,1h.csv
4317,0,0,0,1i.csv
4317,0,0,0,1j.csv
4317,0,0,0,1k.csv
4317,0,0,0,1l.csv
4317,0,0,0,1m.csv
4317,0,0,0,2a.csv
4317,0,0,0,2b.csv
4317,1,0,1,2c.csv
4317,1,1,0,2d.csv
4317,0,0,0,2e.csv
4317,0,0,0,2f.csv
4317,0,0,0,2g.csv
4317,0,0,0,2h.csv
4317,1,1,0,2i.csv
4317,0,0,0,2j.csv
4317,0,0,0,2k.csv
4317,1,1,0,2l.csv
4317,0,0,0,3a.csv
4317,4,3,1,3b.csv
4317,0,0,0,3c.csv
4317,0,0,0,3d.csv
4317,0,0,0,3e.csv
4317,0,0,0,3f.csv
4317,0,0,0,3g.csv
4318,8,7,1,1a.csv
4318,0,0,0,1b.csv
4318,3,2,1,1c.csv
4318,7,7,0,1e.csv
4318,0,0,0,1f.csv
4318,0,0,0,1g.csv
4318,2,2,0,1h.csv
4318,0,0,0,1i.csv
4318,0,0,0,1j.csv
4318,0,0,0,1k.csv
4318,0,0,0,1l.csv
4318,0,0,0,1m.csv
4318,0,0,0,2a.csv
4318,0,0,0,2b.csv
4318,1,0,1,2c.csv
4318,1,1,0,2d.csv
4318,0,0,0,2e.csv
4318,0,0,0,2f.csv
4318,1,1,0,2g.csv
4318,0,0,0,2h.csv
4318,1,1,0,2i.csv
4318,0,0,0,2j.csv
4318,0,0,0,2k.csv
4318,0,0,0,2l.csv
4318,1,1,0,3a.csv
4318,5,3,2,3b.csv
4318,0,0,0,3c.csv
4318,0,0,0,3d.csv
4318,0,0,0,3e.csv
4318,0,0,0,3f.csv
4318,0,0,0,3g.csv
4319,8,7,1,1a.csv
4319,0,0,0,1b.csv
4319,2,2,0,1c.csv
4319,8,8,0,1e.csv
4319,0,0,0,1f.csv
4319,0,0,0,1g.csv
4319,2,2,0,1h.csv
4319,0,0,0,1i.csv
4319,0,0,0,1j.csv
4319,0,0,0,1k.csv
4319,0,0,0,1l.csv
4319,0,0,0,1m.csv
4319,0,0,0,2a.csv
4319,0,0,0,2b.csv
4319,1,0,1,2c.csv
4319,1,1,0,2d.csv
4319,0,0,0,2e.csv
4319,0,0,0,2f.csv
4319,1,1,0,2g.csv
4319,0,0,0,2h.csv
4319,1,1,0,2i.csv
4319,1,1,0,2j.csv
4319,0,0,0,2k.csv
4319,0,0,0,2l.csv
4319,2,2,0,3a.csv
4319,5,3,2,3b.csv
4319,0,0,0,3c.csv
4319,0,0,0,3d.csv
4319,0,0,0,3e.csv
4319,0,0,0,3f.csv
4319,0,0,0,3g.csv
4320,8,7,1,1a.csv
4320,0,0,0,1b.csv
4320,2,2,0,1c.csv
4320,8,8,0,1e.csv
4320,0,0,0,1f.csv
4320,0,0,0,1g.csv
4320,2,2,0,1h.csv
4320,0,0,0,1i.csv
4320,0,0,0,1j.csv
4320,0,0,0,1k.csv
4320,1,1,0,1l.csv
4320,0,0,0,1m.csv
4320,0,0,0,2a.csv
4320,0,0,0,2b.csv
4320,1,0,1,2c.csv
4320,1,1,0,2d.csv
4320,0,0,0,2e.csv
4320,0,0,0,2f.csv
4320,1,1,0,2g.csv
4320,0,0,0,2h.csv
4320,1,1,0,2i.csv
4320,1,1,0,2j.csv
4320,0,0,0,2k.csv
4320,0,0,0,2l.csv
4320,2,2,0,3a.csv
4320,4,2,2,3b.csv
4320,0,0,0,3c.csv
4320,0,0,0,3d.csv
4320,0,0,0,3e.csv
4320,0,0,0,3f.csv
4320,0,0,0,3g.csv
4321,8,7,1,1a.csv
4321,0,0,0,1b.csv
4321,2,2,0,1c.csv
4321,10,10,0,1e.csv
4321,0,0,0,1f.csv
4321,0,0,0,1g.csv
4321,1,1,0,1h.csv
4321,1,1,0,1i.csv
4321,0,0,0,1j.csv
4321,0,0,0,1k.csv
4321,1,1,0,1l.csv
4321,0,0,0,1m.csv
4321,0,0,0,2a.csv
4321,0,0,0,2b.csv
4321,1,0,1,2c.csv
4321,0,0,0,2d.csv
4321,0,0,0,2e.csv
4321,0,0,0,2f.csv
4321,1,1,0,2g.csv
4321,0,0,0,2h.csv
4321,0,0,0,2i.csv
4321,1,1,0,2j.csv
4321,0,0,0,2k.csv
4321,0,0,0,2l.csv
4321,2,2,0,3a.csv
4321,3,1,2,3b.csv
4321,0,0,0,3c.csv
4321,0,0,0,3d.csv
4321,0,0,0,3e.csv
4321,0,0,0,3f.csv
4321,0,0,0,3g.csv
4322,9,8,1,1a.csv
4322,0,0,0,1b.csv
4322,0,0,0,1c.csv
4322,11,11,0,1e.csv
4322,0,0,0,1f.csv
4322,0,0,0,1g.csv
4322,1,1,0,1h.csv
4322,1,1,0,1i.csv
4322,0,0,0,1j.csv
4322,0,0,0,1k.csv
4322,1,1,0,1l.csv
4322,0,0,0,1m.csv
4322,2,2,0,2a.csv
4322,0,0,0,2b.csv
4322,1,0,1,2c.csv
4322,0,0,0,2d.csv
4322,0,0,0,2e.csv
4322,0,0,0,2f.csv
4322,1,1,0,2g.csv
4322,0,0,0,2h.csv
4322,0,0,0,2i.csv
4322,1,1,0,2j.csv
4322,0,0,0,2k.csv
4322,0,0,0,2l.csv
4322,2,2,0,3a.csv
4322,2,1,1,3b.csv
4322,0,0,0,3c.csv
4322,0,0,0,3d.csv
4322,0,0,0,3e.csv
4322,0,0,0,3f.csv
4322,0,0,0,3g.csv
4323,7,7,0,1a.csv
4323,0,0,0,1b.csv
4323,1,0,1,1c.csv
4323,10,10,0,1e.csv
4323,0,0,0,1f.csv
4323,0,0,0,1g.csv
4323,1,1,0,1h.csv
4323,1,1,0,1i.csv
4323,0,0,0,1j.csv
4323,0,0,0,1k.csv
4323,1,1,0,1l.csv
4323,1,1,0,1m.csv
4323,3,3,0,2a.csv
4323,0,0,0,2b.csv
4323,1,0,1,2c.csv
4323,0,0,0,2d.csv
4323,0,0,0,2e.csv
4323,0,0,0,2f.csv
4323,1,1,0,2g.csv
4323,0,0,0,2h.csv
4323,0,0,0,2i.csv
4323,1,1,0,2j.csv
4323,0,0,0,2k.csv
4323,0,0,0,2l.csv
4323,2,2,0,3a.csv
4323,2,1,1,3b.csv
4323,0,0,0,3c.csv
4323,0,0,0,3d.csv
4323,0,0,0,3e.csv
4323,0,0,0,3f.csv
4323,0,0,0,3g.csv
4324,8,8,0,1a.csv
4324,0,0,0,1b.csv
4324,1,0,1,1c.csv
4324,9,9,0,1e.csv
4324,0,0,0,1f.csv
4324,0,0,0,1g.csv
4324,0,0,0,1h.csv
4324,1,1,0,1i.csv
4324,0,0,0,1j.csv
4324,0,0,0,1k.csv
4324,1,1,0,1l.csv
4324,1,1,0,1m.csv
4324,3,3,0,2a.csv
4324,0,0,0,2b.csv
4324,0,0,0,2c.csv
4324,0,0,0,2d.csv
4324,0,0,0,2e.csv
4324,0,0,0,2f.csv
4324,1,1,0,2g.csv
4324,0,0,0,2h.csv
4324,0,0,0,2i.csv
4324,1,1,0,2j.csv
4324,0,0,0,2k.csv
4324,0,0,0,2l.csv
4324,2,2,0,3a.csv
4324,2,1,1,3b.csv
4324,0,0,0,3c.csv
4324,0,0,0,3d.csv
4324,0,0,0,3e.csv
4324,0,0,0,3f.csv
4324,0,0,0,3g.csv
4325,8,7,1,1a.csv
4325,0,0,0,1b.csv
4325,1,0,1,1c.csv
4325,9,9,0,1e.csv
4325,0,0,0,1f.csv
4325,0,0,0,1g.csv
4325,0,0,0,1h.csv
4325,1,1,0,1i.csv
4325,0,0,0,1j.csv
4325,0,0,0,1k.csv
4325,1,1,0,1l.csv
4325,1,1,0,1m.csv
4325,3,3,0,2a.csv
4325,0,0,0,2b.csv
4325,0,0,0,2c.csv
4325,0,0,0,2d.csv
4325,0,0,0,2e.csv
4325,0,0,0,2f.csv
4325,1,1,0,2g.csv
4325,0,0,0,2h.csv
4325,1,0,1,2i.csv
4325,1,1,0,2j.csv
4325,0,0,0,2k.csv
4325,0,0,0,2l.csv
4325,4,4,0,3a.csv
4325,2,1,1,3b.csv
4325,0,0,0,3c.csv
4325,0,0,0,3d.csv
4325,0,0,0,3e.csv
4325,0,0,0,3f.csv
4325,0,0,0,3g.csv
4326,8,7,1,1a.csv
4326,0,0,0,1b.csv
4326,1,0,1,1c.csv
4326,7,7,0,1e.csv
4326,0,0,0,1f.csv
4326,0,0,0,1g.csv
4326,0,0,0,1h.csv
4326,1,1,0,1i.csv
4326,0,0,0,1j.csv
4326,0,0,0,1k.csv
4326,1,1,0,1l.csv
4326,1,1,0,1m.csv
4326,3,3,0,2a.csv
4326,0,0,0,2b.csv
4326,0,0,0,2c.csv
4326,0,0,0,2d.csv
4326,0,0,0,2e.csv
4326,0,0,0,2f.csv
4326,0,0,0,2g.csv
4326,0,0,0,2h.csv
4326,1,0,1,2i.csv
4326,1,1,0,2j.csv
4326,0,0,0,2k.csv
4326,0,0,0,2l.csv
4326,4,4,0,3a.csv
4326,2,2,0,3b.csv
4326,0,0,0,3c.csv
4326,0,0,0,3d.csv
4326,0,0,0,3e.csv
4326,0,0,0,3f.csv
4326,0,0,0,3g.csv
4327,8,6,2,1a.csv
4327,0,0,0,1b.csv
4327,1,0,1,1c.csv
4327,7,7,0,1e.csv
4327,0,0,0,1f.csv
4327,0,0,0,1g.csv
4327,0,0,0,1h.csv
4327,1,1,0,1i.csv
4327,0,0,0,1j.csv
4327,0,0,0,1k.csv
4327,1,1,0,1l.csv
4327,1,1,0,1m.csv
4327,3,3,0,2a.csv
4327,0,0,0,2b.csv
4327,0,0,0,2c.csv
4327,0,0,0,2d.csv
4327,0,0,0,2e.csv
4327,0,0,0,2f.csv
4327,0,0,0,2g.csv
4327,0,0,0,2h.csv
4327,1,0,1,2i.csv
4327,0,0,0,2j.csv
4327,0,0,0,2k.csv
4327,0,0,0,2l.csv
4327,3,3,0,3a.csv
4327,2,2,0,3b.csv
4327,0,0,0,3c.csv
4327,0,0,0,3d.csv
4327,0,0,0,3e.csv
4327,0,0,0,3f.csv
4327,0,0,0,3g.csv
4328,7,5,2,1a.csv
4328,0,0,0,1b.csv
4328,1,0,1,1c.csv
4328,6,6,0,1e.csv
4328,0,0,0,1f.csv
4328,0,0,0,1g.csv
4328,0,0,0,1h.csv
4328,1,1,0,1i.csv
4328,0,0,0,1j.csv
4328,0,0,0,1k.csv
4328,0,0,0,1l.csv
4328,1,1,0,1m.csv
4328,3,3,0,2a.csv
4328,0,0,0,2b.csv
4328,0,0,0,2c.csv
4328,0,0,0,2d.csv
4328,0,0,0,2e.csv
4328,0,0,0,2f.csv
4328,0,0,0,2g.csv
4328,0,0,0,2h.csv
4328,1,0,1,2i.csv
4328,0,0,0,2j.csv
4328,0,0,0,2k.csv
4328,0,0,0,2l.csv
4328,3,3,0,3a.csv
4328,3,3,0,3b.csv
4328,0,0,0,3c.csv
4328,0,0,0,3d.csv
4328,0,0,0,3e.csv
4328,0,0,0,3f.csv
4328,0,0,0,3g.csv
4329,6,4,2,1a.csv
4329,0,0,0,1b.csv
4329,1,0,1,1c.csv
4329,4,4,0,1e.csv
4329,0,0,0,1f.csv
4329,0,0,0,1g.csv
4329,0,0,0,1h.csv
4329,1,1,0,1i.csv
4329,0,0,0,1j.csv
4329,0,0,0,1k.csv
4329,0,0,0,1l.csv
4329,1,1,0,1m.csv
4329,3,3,0,2a.csv
4329,0,0,0,2b.csv
4329,0,0,0,2c.csv
4329,0,0,0,2d.csv
4329,0,0,0,2e.csv
4329,0,0,0,2f.csv
4329,0,0,0,2g.csv
4329,0,0,0,2h.csv
4329,2,1,1,2i.csv
4329,0,0,0,2j.csv
4329,0,0,0,2k.csv
4329,0,0,0,2l.csv
4329,3,3,0,3a.csv
4329,3,3,0,3b.csv
4329,0,0,0,3c.csv
4329,0,0,0,3d.csv
4329,0,0,0,3e.csv
4329,0,0,0,3f.csv
4329,0,0,0,3g.csv
4330,5,3,2,1a.csv
4330,0,0,0,1b.csv
4330,1,0,1,1c.csv
4330,1,1,0,1e.csv
4330,0,0,0,1f.csv
4330,0,0,0,1g.csv
4330,0,0,0,1h.csv
4330,1,1,0,1i.csv
4330,0,0,0,1j.csv
4330,0,0,0,1k.csv
4330,0,0,0,1l.csv
4330,1,1,0,1m.csv
4330,1,1,0,2a.csv
4330,0,0,0,2b.csv
4330,0,0,0,2c.csv
4330,0,0,0,2d.csv
4330,0,0,0,2e.csv
4330,0,0,0,2f.csv
4330,0,0,0,2g.csv
4330,0,0,0,2h.csv
4330,2,1,1,2i.csv
4330,0,0,0,2j.csv
4330,0,0,0,2k.csv
4330,0,0,0,2l.csv
4330,3,3,0,3a.csv
4330,5,5,0,3b.csv
4330,0,0,0,3c.csv
4330,0,0,0,3d.csv
4330,0,0,0,3e.csv
4330,0,0,0,3f.csv
4330,0,0,0,3g.csv
4331,5,3,2,1a.csv
4331,0,0,0,1b.csv
4331,1,1,0,1c.csv
4331,1,1,0,1e.csv
4331,0,0,0,1f.csv
4331,0,0,0,1g.csv
4331,0,0,0,1h.csv
4331,1,1,0,1i.csv
4331,0,0,0,1j.csv
4331,0,0,0,1k.csv
4331,0,0,0,1l.csv
4331,0,0,0,1m.csv
4331,0,0,0,2a.csv
4331,0,0,0,2b.csv
4331,0,0,0,2c.csv
4331,0,0,0,2d.csv
4331,0,0,0,2e.csv
4331,0,0,0,2f.csv
4331,0,0,0,2g.csv
4331,0,0,0,2h.csv
4331,2,1,1,2i.csv
4331,0,0,0,2j.csv
4331,0,0,0,2k.csv
4331,0,0,0,2l.csv
4331,3,3,0,3a.csv
4331,5,5,0,3b.csv
4331,0,0,0,3c.csv
4331,0,0,0,3d.csv
4331,0,0,0,3e.csv
4331,0,0,0,3f.csv
4331,0,0,0,3g.csv
4332,3,1,2,1a.csv
4332,0,0,0,1b.csv
4332,1,1,0,1c.csv
4332,1,1,0,1e.csv
4332,0,0,0,1f.csv
4332,0,0,0,1g.csv
4332,0,0,0,1h.csv
4332,1,1,0,1i.csv
4332,1,1,0,1j.csv
4332,0,0,0,1k.csv
4332,0,0,0,1l.csv
4332,0,0,0,1m.csv
4332,0,0,0,2a.csv
4332,0,0,0,2b.csv
4332,0,0,0,2c.csv
4332,0,0,0,2d.csv
4332,0,0,0,2e.csv
4332,0,0,0,2f.csv
4332,1,1,0,2g.csv
4332,0,0,0,2h.csv
4332,3,2,1,2i.csv
4332,0,0,0,2j.csv
4332,0,0,0,2k.csv
4332,0,0,0,2l.csv
4332,4,4,0,3a.csv
4332,4,4,0,3b.csv
4332,0,0,0,3c.csv
4332,0,0,0,3d.csv
4332,0,0,0,3e.csv
4332,0,0,0,3f.csv
4332,0,0,0,3g.csv
4333,2,1,1,1a.csv
4333,0,0,0,1b.csv
4333,1,1,0,1c.csv
4333,1,1,0,1e.csv
4333,0,0,0,1f.csv
4333,0,0,0,1g.csv
4333,0,0,0,1h.csv
4333,1,1,0,1i.csv
4333,1,1,0,1j.csv
4333,0,0,0,1k.csv
4333,0,0,0,1l.csv
4333,0,0,0,1m.csv
4333,0,0,0,2a.csv
4333,0,0,0,2b.csv
4333,0,0,0,2c.csv
4333,0,0,0,2d.csv
4333,0,0,0,2e.csv
4333,0,0,0,2f.csv
4333,1,1,0,2g.csv
4333,0,0,0,2h.csv
4333,2,2,0,2i.csv
4333,0,0,0,2j.csv
4333,0,0,0,2k.csv
4333,0,0,0,2l.csv
4333,3,3,0,3a.csv
4333,4,4,0,3b.csv
4333,0,0,0,3c.csv
4333,0,0,0,3d.csv
4333,0,0,0,3e.csv
4333,0,0,0,3f.csv
4333,0,0,0,3g.csv
4334,2,1,1,1a.csv
4334,0,0,0,1b.csv
4334,1,1,0,1c.csv
4334,1,1,0,1e.csv
4334,0,0,0,1f.csv
4334,0,0,0,1g.csv
4334,0,0,0,1h.csv
4334,1,1,0,1i.csv
4334,2,2,0,1j.csv
4334,0,0,0,1k.csv
4334,0,0,0,1l.csv
4334,0,0,0,1m.csv
4334,0,0,0,2a.csv
4334,0,0,0,2b.csv
4334,0,0,0,2c.csv
4334,0,0,0,2d.csv
4334,0,0,0,2e.csv
4334,0,0,0,2f.csv
4334,2,1,1,2g.csv
4334,0,0,0,2h.csv
4334,2,2,0,2i.csv
4334,0,0,0,2j.csv
4334,0,0,0,2k.csv
4334,0,0,0,2l.csv
4334,4,4,0,3a.csv
4334,3,3,0,3b.csv
4334,0,0,0,3c.csv
4334,0,0,0,3d.csv
4334,0,0,0,3e.csv
4334,0,0,0,3f.csv
4334,0,0,0,3g.csv
4335,1,1,0,1a.csv
4335,0,0,0,1b.csv
4335,1,1,0,1c.csv
4335,0,0,0,1e.csv
4335,0,0,0,1f.csv
4335,0,0,0,1g.csv
4335,0,0,0,1h.csv
4335,1,1,0,1i.csv
4335,2,2,0,1j.csv
4335,0,0,0,1k.csv
4335,0,0,0,1l.csv
4335,1,1,0,1m.csv
4335,0,0,0,2a.csv
4335,0,0,0,2b.csv
4335,0,0,0,2c.csv
4335,0,0,0,2d.csv
4335,0,0,0,2e.csv
4335,0,0,0,2f.csv
4335,2,1,1,2g.csv
4335,0,0,0,2h.csv
4335,2,2,0,2i.csv
4335,0,0,0,2j.csv
4335,0,0,0,2k.csv
4335,0,0,0,2l.csv
4335,6,5,1,3a.csv
4335,3,3,0,3b.csv
4335,0,0,0,3c.csv
4335,0,0,0,3d.csv
4335,0,0,0,3e.csv
4335,0,0,0,3f.csv
4335,0,0,0,3g.csv
4336,2,2,0,1a.csv
4336,0,0,0,1b.csv
4336,1,1,0,1c.csv
4336,0,0,0,1e.csv
4336,0,0,0,1f.csv
4336,0,0,0,1g.csv
4336,0,0,0,1h.csv
4336,1,1,0,1i.csv
4336,2,2,0,1j.csv
4336,1,0,1,1k.csv
4336,0,0,0,1l.csv
4336,1,1,0,1m.csv
4336,0,0,0,2a.csv
4336,0,0,0,2b.csv
4336,0,0,0,2c.csv
4336,0,0,0,2d.csv
4336,0,0,0,2e.csv
4336,0,0,0,2f.csv
4336,2,1,1,2g.csv
4336,0,0,0,2h.csv
4336,3,3,0,2i.csv
4336,0,0,0,2j.csv
4336,0,0,0,2k.csv
4336,0,0,0,2l.csv
4336,6,5,1,3a.csv
4336,3,2,1,3b.csv
4336,0,0,0,3c.csv
4336,0,0,0,3d.csv
4336,0,0,0,3e.csv
4336,0,0,0,3f.csv
4336,0,0,0,3g.csv
4337,2,1,1,1a.csv
4337,0,0,0,1b.csv
4337,2,2,0,1c.csv
4337,0,0,0,1e.csv
4337,0,0,0,1f.csv
4337,0,0,0,1g.csv
4337,0,0,0,1h.csv
4337,0,0,0,1i.csv
4337,2,2,0,1j.csv
4337,1,0,1,1k.csv
4337,0,0,0,1l.csv
4337,1,1,0,1m.csv
4337,0,0,0,2a.csv
4337,0,0,0,2b.csv
4337,0,0,0,2c.csv
4337,0,0,0,2d.csv
4337,0,0,0,2e.csv
4337,0,0,0,2f.csv
4337,2,1,1,2g.csv
4337,0,0,0,2h.csv
4337,2,2,0,2i.csv
4337,0,0,0,2j.csv
4337,0,0,0,2k.csv
4337,0,0,0,2l.csv
4337,6,5,1,3a.csv
4337,3,2,1,3b.csv
4337,0,0,0,3c.csv
4337,0,0,0,3d.csv
4337,0,0,0,3e.csv
4337,0,0,0,3f.csv
4337,0,0,0,3g.csv
4338,2,1,1,1a.csv
4338,0,0,0,1b.csv
4338,2,2,0,1c.csv
4338,0,0,0,1e.csv
4338,0,0,0,1f.csv
4338,0,0,0,1g.csv
4338,0,0,0,1h.csv
4338,0,0,0,1i.csv
4338,2,2,0,1j.csv
4338,1,0,1,1k.csv
4338,0,0,0,1l.csv
4338,1,1,0,1m.csv
4338,0,0,0,2a.csv
4338,0,0,0,2b.csv
4338,0,0,0,2c.csv
4338,0,0,0,2d.csv
4338,0,0,0,2e.csv
4338,0,0,0,2f.csv
4338,2,1,1,2g.csv
4338,0,0,0,2h.csv
4338,2,2,0,2i.csv
4338,0,0,0,2j.csv
4338,0,0,0,2k.csv
4338,0,0,0,2l.csv
4338,7,6,1,3a.csv
4338,1,0,1,3b.csv
4338,0,0,0,3c.csv
4338,0,0,0,3d.csv
4338,0,0,0,3e.csv
4338,0,0,0,3f.csv
4338,0,0,0,3g.csv
4339,3,2,1,1a.csv
4339,0,0,0,1b.csv
4339,2,2,0,1c.csv
4339,0,0,0,1e.csv
4339,0,0,0,1f.csv
4339,0,0,0,1g.csv
4339,0,0,0,1h.csv
4339,0,0,0,1i.csv
4339,2,2,0,1j.csv
4339,1,0,1,1k.csv
4339,0,0,0,1l.csv
4339,2,2,0,1m.csv
4339,0,0,0,2a.csv
4339,0,0,0,2b.csv
4339,0,0,0,2c.csv
4339,0,0,0,2d.csv
4339,0,0,0,2e.csv
4339,0,0,0,2f.csv
4339,2,1,1,2g.csv
4339,0,0,0,2h.csv
4339,2,2,0,2i.csv
4339,0,0,0,2j.csv
4339,0,0,0,2k.csv
4339,0,0,0,2l.csv
4339,7,6,1,3a.csv
4339,1,0,1,3b.csv
4339,0,0,0,3c.csv
4339,0,0,0,3d.csv
4339,0,0,0,3e.csv
4339,0,0,0,3f.csv
4339,0,0,0,3g.csv
4340,4,3,1,1a.csv
4340,0,0,0,1b.csv
4340,2,2,0,1c.csv
4340,0,0,0,1e.csv
4340,0,0,0,1f.csv
4340,0,0,0,1g.csv
4340,0,0,0,1h.csv
4340,0,0,0,1i.csv
4340,1,1,0,1j.csv
4340,1,0,1,1k.csv
4340,0,0,0,1l.csv
4340,2,2,0,1m.csv
4340,0,0,0,2a.csv
4340,0,0,0,2b.csv
4340,0,0,0,2c.csv
4340,0,0,0,2d.csv
4340,0,0,0,2e.csv
4340,0,0,0,2f.csv
4340,2,1,1,2g.csv
4340,0,0,0,2h.csv
4340,1,1,0,2i.csv
4340,0,0,0,2j.csv
4340,1,1,0,2k.csv
4340,0,0,0,2l.csv
4340,7,6,1,3a.csv
4340,1,0,1,3b.csv
4340,0,0,0,3c.csv
4340,0,0,0,3d.csv
4340,0,0,0,3e.csv
4340,0,0,0,3f.csv
4340,0,0,0,3g.csv
4341,4,3,1,1a.csv
4341,0,0,0,1b.csv
4341,2,2,0,1c.csv
4341,0,0,0,1e.csv
4341,0,0,0,1f.csv
4341,0,0,0,1g.csv
4341,0,0,0,1h.csv
4341,0,0,0,1i.csv
4341,1,1,0,1j.csv
4341,1,0,1,1k.csv
4341,0,0,0,1l.csv
4341,2,2,0,1m.csv
4341,0,0,0,2a.csv
4341,0,0,0,2b.csv
4341,0,0,0,2c.csv
4341,0,0,0,2d.csv
4341,0,0,0,2e.csv
4341,0,0,0,2f.csv
4341,2,1,1,2g.csv
4341,0,0,0,2h.csv
4341,2,2,0,2i.csv
4341,0,0,0,2j.csv
4341,1,1,0,2k.csv
4341,0,0,0,2l.csv
4341,8,6,2,3a.csv
4341,1,0,1,3b.csv
4341,0,0,0,3c.csv
4341,0,0,0,3d.csv
4341,0,0,0,3e.csv
4341,0,0,0,3f.csv
4341,0,0,0,3g.csv
4342,4,3,1,1a.csv
4342,0,0,0,1b.csv
4342,2,2,0,1c.csv
4342,0,0,0,1e.csv
4342,0,0,0,1f.csv
4342,0,0,0,1g.csv
4342,0,0,0,1h.csv
4342,0,0,0,1i.csv
4342,0,0,0,1j.csv
4342,1,0,1,1k.csv
4342,0,0,0,1l.csv
4342,2,2,0,1m.csv
4342,0,0,0,2a.csv
4342,0,0,0,2b.csv
4342,0,0,0,2c.csv
4342,0,0,0,2d.csv
4342,0,0,0,2e.csv
4342,0,0,0,2f.csv
4342,1,1,0,2g.csv
4342,0,0,0,2h.csv
4342,2,2,0,2i.csv
4342,0,0,0,2j.csv
4342,1,1,0,2k.csv
4342,0,0,0,2l.csv
4342,7,5,2,3a.csv
4342,1,0,1,3b.csv
4342,0,0,0,3c.csv
4342,0,0,0,3d.csv
4342,0,0,0,3e.csv
4342,0,0,0,3f.csv
4342,0,0,0,3g.csv
4343,5,4,1,1a.csv
4343,0,0,0,1b.csv
4343,3,3,0,1c.csv
4343,0,0,0,1e.csv
4343,0,0,0,1f.csv
4343,0,0,0,1g.csv
4343,0,0,0,1h.csv
4343,0,0,0,1i.csv
4343,0,0,0,1j.csv
4343,1,0,1,1k.csv
4343,0,0,0,1l.csv
4343,1,1,0,1m.csv
4343,0,0,0,2a.csv
4343,0,0,0,2b.csv
4343,0,0,0,2c.csv
4343,0,0,0,2d.csv
4343,0,0,0,2e.csv
4343,0,0,0,2f.csv
4343,1,1,0,2g.csv
4343,0,0,0,2h.csv
4343,2,2,0,2i.csv
4343,0,0,0,2j.csv
4343,1,1,0,2k.csv
4343,0,0,0,2l.csv
4343,7,5,2,3a.csv
4343,2,1,1,3b.csv
4343,0,0,0,3c.csv
4343,0,0,0,3d.csv
4343,0,0,0,3e.csv
4343,0,0,0,3f.csv
4343,0,0,0,3g.csv
4344,4,3,1,1a.csv
4344,0,0,0,1b.csv
4344,3,3,0,1c.csv
4344,1,1,0,1e.csv
4344,0,0,0,1f.csv
4344,0,0,0,1g.csv
4344,0,0,0,1h.csv
4344,0,0,0,1i.csv
4344,1,1,0,1j.csv
4344,0,0,0,1k.csv
4344,0,0,0,1l.csv
4344,2,2,0,1m.csv
4344,0,0,0,2a.csv
4344,0,0,0,2b.csv
4344,0,0,0,2c.csv
4344,0,0,0,2d.csv
4344,0,0,0,2e.csv
4344,0,0,0,2f.csv
4344,1,1,0,2g.csv
4344,0,0,0,2h.csv
4344,1,1,0,2i.csv
4344,0,0,0,2j.csv
4344,1,1,0,2k.csv
4344,0,0,0,2l.csv
4344,7,5,2,3a.csv
4344,1,1,0,3b.csv
4344,0,0,0,3c.csv
4344,0,0,0,3d.csv
4344,0,0,0,3e.csv
4344,0,0,0,3f.csv
4344,0,0,0,3g.csv
4345,6,6,0,1a.csv
4345,0,0,0,1b.csv
4345,2,2,0,1c.csv
4345,1,1,0,1e.csv
4345,0,0,0,1f.csv
4345,0,0,0,1g.csv
4345,0,0,0,1h.csv
4345,0,0,0,1i.csv
4345,2,2,0,1j.csv
4345,0,0,0,1k.csv
4345,0,0,0,1l.csv
4345,3,3,0,1m.csv
4345,0,0,0,2a.csv
4345,0,0,0,2b.csv
4345,0,0,0,2c.csv
4345,0,0,0,2d.csv
4345,0,0,0,2e.csv
4345,0,0,0,2f.csv
4345,1,1,0,2g.csv
4345,0,0,0,2h.csv
4345,1,1,0,2i.csv
4345,0,0,0,2j.csv
4345,1,1,0,2k.csv
4345,0,0,0,2l.csv
4345,9,7,2,3a.csv
4345,1,1,0,3b.csv
4345,0,0,0,3c.csv
4345,0,0,0,3d.csv
4345,0,0,0,3e.csv
4345,0,0,0,3f.csv
4345,0,0,0,3g.csv
4346,7,7,0,1a.csv
4346,0,0,0,1b.csv
4346,2,2,0,1c.csv
4346,1,1,0,1e.csv
4346,0,0,0,1f.csv
4346,0,0,0,1g.csv
4346,0,0,0,1h.csv
4346,0,0,0,1i.csv
4346,2,2,0,1j.csv
4346,0,0,0,1k.csv
4346,0,0,0,1l.csv
4346,5,5,0,1m.csv
4346,0,0,0,2a.csv
4346,0,0,0,2b.csv
4346,0,0,0,2c.csv
4346,0,0,0,2d.csv
4346,0,0,0,2e.csv
4346,0,0,0,2f.csv
4346,1,1,0,2g.csv
4346,0,0,0,2h.csv
4346,1,1,0,2i.csv
4346,0,0,0,2j.csv
4346,1,1,0,2k.csv
4346,0,0,0,2l.csv
4346,10,6,4,3a.csv
4346,2,2,0,3b.csv
4346,0,0,0,3c.csv
4346,0,0,0,3d.csv
4346,0,0,0,3e.csv
4346,0,0,0,3f.csv
4346,0,0,0,3g.csv
4347,6,6,0,1a.csv
4347,0,0,0,1b.csv
4347,1,1,0,1c.csv
4347,1,1,0,1e.csv
4347,0,0,0,1f.csv
4347,0,0,0,1g.csv
4347,0,0,0,1h.csv
4347,0,0,0,1i.csv
4347,2,2,0,1j.csv
4347,0,0,0,1k.csv
4347,0,0,0,1l.csv
4347,5,5,0,1m.csv
4347,0,0,0,2a.csv
4347,0,0,0,2b.csv
4347,0,0,0,2c.csv
4347,0,0,0,2d.csv
4347,0,0,0,2e.csv
4347,0,0,0,2f.csv
4347,1,1,0,2g.csv
4347,0,0,0,2h.csv
4347,1,1,0,2i.csv
4347,0,0,0,2j.csv
4347,1,1,0,2k.csv
4347,0,0,0,2l.csv
4347,13,9,4,3a.csv
4347,2,2,0,3b.csv
4347,0,0,0,3c.csv
4347,0,0,0,3d.csv
4347,0,0,0,3e.csv
4347,0,0,0,3f.csv
4347,0,0,0,3g.csv
4348,5,5,0,1a.csv
4348,0,0,0,1b.csv
4348,1,1,0,1c.csv
4348,1,1,0,1e.csv
4348,0,0,0,1f.csv
4348,0,0,0,1g.csv
4348,0,0,0,1h.csv
4348,0,0,0,1i.csv
4348,3,3,0,1j.csv
4348,1,1,0,1k.csv
4348,0,0,0,1l.csv
4348,5,5,0,1m.csv
4348,0,0,0,2a.csv
4348,0,0,0,2b.csv
4348,0,0,0,2c.csv
4348,0,0,0,2d.csv
4348,0,0,0,2e.csv
4348,0,0,0,2f.csv
4348,0,0,0,2g.csv
4348,0,0,0,2h.csv
4348,2,2,0,2i.csv
4348,0,0,0,2j.csv
4348,0,0,0,2k.csv
4348,0,0,0,2l.csv
4348,13,9,4,3a.csv
4348,2,2,0,3b.csv
4348,0,0,0,3c.csv
4348,0,0,0,3d.csv
4348,0,0,0,3e.csv
4348,0,0,0,3f.csv
4348,0,0,0,3g.csv
4349,6,6,0,1a.csv
4349,0,0,0,1b.csv
4349,1,1,0,1c.csv
4349,1,1,0,1e.csv
4349,0,0,0,1f.csv
4349,0,0,0,1g.csv
4349,0,0,0,1h.csv
4349,0,0,0,1i.csv
4349,4,4,0,1j.csv
4349,1,1,0,1k.csv
4349,0,0,0,1l.csv
4349,5,5,0,1m.csv
4349,1,1,0,2a.csv
4349,0,0,0,2b.csv
4349,0,0,0,2c.csv
4349,0,0,0,2d.csv
4349,0,0,0,2e.csv
4349,0,0,0,2f.csv
4349,0,0,0,2g.csv
4349,0,0,0,2h.csv
4349,1,1,0,2i.csv
4349,0,0,0,2j.csv
4349,0,0,0,2k.csv
4349,0,0,0,2l.csv
4349,13,10,3,3a.csv
4349,2,2,0,3b.csv
4349,0,0,0,3c.csv
4349,0,0,0,3d.csv
4349,0,0,0,3e.csv
4349,0,0,0,3f.csv
4349,0,0,0,3g.csv
4350,6,6,0,1a.csv
4350,0,0,0,1b.csv
4350,2,2,0,1c.csv
4350,1,1,0,1e.csv
4350,0,0,0,1f.csv
4350,0,0,0,1g.csv
4350,0,0,0,1h.csv
4350,1,1,0,1i.csv
4350,5,5,0,1j.csv
4350,1,1,0,1k.csv
4350,1,1,0,1l.csv
4350,5,5,0,1m.csv
4350,1,1,0,2a.csv
4350,0,0,0,2b.csv
4350,0,0,0,2c.csv
4350,0,0,0,2d.csv
4350,0,0,0,2e.csv
4350,0,0,0,2f.csv
4350,0,0,0,2g.csv
4350,0,0,0,2h.csv
4350,1,1,0,2i.csv
4350,0,0,0,2j.csv
4350,0,0,0,2k.csv
4350,0,0,0,2l.csv
4350,13,10,3,3a.csv
4350,3,3,0,3b.csv
4350,0,0,0,3c.csv
4350,0,0,0,3d.csv
4350,0,0,0,3e.csv
4350,0,0,0,3f.csv
4350,0,0,0,3g.csv
4351,6,5,1,1a.csv
4351,0,0,0,1b.csv
4351,1,1,0,1c.csv
4351,1,1,0,1e.csv
4351,0,0,0,1f.csv
4351,0,0,0,1g.csv
4351,0,0,0,1h.csv
4351,1,1,0,1i.csv
4351,5,5,0,1j.csv
4351,1,1,0,1k.csv
4351,1,1,0,1l.csv
4351,6,6,0,1m.csv
4351,1,1,0,2a.csv
4351,0,0,0,2b.csv
4351,0,0,0,2c.csv
4351,0,0,0,2d.csv
4351,0,0,0,2e.csv
4351,0,0,0,2f.csv
4351,0,0,0,2g.csv
4351,0,0,0,2h.csv
4351,2,2,0,2i.csv
4351,0,0,0,2j.csv
4351,0,0,0,2k.csv
4351,0,0,0,2l.csv
4351,12,10,2,3a.csv
4351,2,2,0,3b.csv
4351,0,0,0,3c.csv
4351,0,0,0,3d.csv
4351,0,0,0,3e.csv
4351,0,0,0,3f.csv
4351,0,0,0,3g.csv
4352,6,5,1,1a.csv
4352,0,0,0,1b.csv
4352,1,1,0,1c.csv
4352,0,0,0,1e.csv
4352,0,0,0,1f.csv
4352,0,0,0,1g.csv
4352,0,0,0,1h.csv
4352,1,1,0,1i.csv
4352,4,4,0,1j.csv
4352,1,1,0,1k.csv
4352,1,1,0,1l.csv
4352,5,5,0,1m.csv
4352,1,1,0,2a.csv
4352,0,0,0,2b.csv
4352,0,0,0,2c.csv
4352,0,0,0,2d.csv
4352,0,0,0,2e.csv
4352,0,0,0,2f.csv
4352,0,0,0,2g.csv
4352,0,0,0,2h.csv
4352,2,2,0,2i.csv
4352,0,0,0,2j.csv
4352,0,0,0,2k.csv
4352,0,0,0,2l.csv
4352,13,11,2,3a.csv
4352,3,3,0,3b.csv
4352,0,0,0,3c.csv
4352,0,0,0,3d.csv
4352,0,0,0,3e.csv
4352,0,0,0,3f.csv
4352,0,0,0,3g.csv
4353,3,2,1,1a.csv
4353,0,0,0,1b.csv
4353,2,2,0,1c.csv
4353,0,0,0,1e.csv
4353,0,0,0,1f.csv
4353,0,0,0,1g.csv
4353,0,0,0,1h.csv
4353,1,1,0,1i.csv
4353,3,3,0,1j.csv
4353,1,1,0,1k.csv
4353,1,1,0,1l.csv
4353,4,4,0,1m.csv
4353,1,1,0,2a.csv
4353,0,0,0,2b.csv
4353,0,0,0,2c.csv
4353,0,0,0,2d.csv
4353,0,0,0,2e.csv
4353,0,0,0,2f.csv
4353,0,0,0,2g.csv
4353,0,0,0,2h.csv
4353,3,3,0,2i.csv
4353,0,0,0,2j.csv
4353,0,0,0,2k.csv
4353,0,0,0,2l.csv
4353,11,9,2,3a.csv
4353,3,3,0,3b.csv
4353,0,0,0,3c.csv
4353,0,0,0,3d.csv
4353,0,0,0,3e.csv
4353,0,0,0,3f.csv
4353,0,0,0,3g.csv
4354,2,1,1,1a.csv
4354,0,0,0,1b.csv
4354,2,2,0,1c.csv
4354,0,0,0,1e.csv
4354,0,0,0,1f.csv
4354,0,0,0,1g.csv
4354,0,0,0,1h.csv
4354,1,1,0,1i.csv
4354,3,3,0,1j.csv
4354,1,1,0,1k.csv
4354,1,1,0,1l.csv
4354,2,2,0,1m.csv
4354,1,1,0,2a.csv
4354,1,0,1,2b.csv
4354,0,0,0,2c.csv
4354,0,0,0,2d.csv
4354,0,0,0,2e.csv
4354,0,0,0,2f.csv
4354,0,0,0,2g.csv
4354,0,0,0,2h.csv
4354,3,3,0,2i.csv
4354,0,0,0,2j.csv
4354,0,0,0,2k.csv
4354,0,0,0,2l.csv
4354,10,10,0,3a.csv
4354,2,2,0,3b.csv
4354,0,0,0,3c.csv
4354,0,0,0,3d.csv
4354,0,0,0,3e.csv
4354,0,0,0,3f.csv
4354,0,0,0,3g.csv
4355,3,2,1,1a.csv
4355,0,0,0,1b.csv
4355,2,2,0,1c.csv
4355,0,0,0,1e.csv
4355,0,0,0,1f.csv
4355,0,0,0,1g.csv
4355,0,0,0,1h.csv
4355,1,1,0,1i.csv
4355,3,3,0,1j.csv
4355,1,1,0,1k.csv
4355,2,2,0,1l.csv
4355,1,1,0,1m.csv
4355,2,2,0,2a.csv
4355,1,0,1,2b.csv
4355,0,0,0,2c.csv
4355,0,0,0,2d.csv
4355,0,0,0,2e.csv
4355,0,0,0,2f.csv
4355,0,0,0,2g.csv
4355,0,0,0,2h.csv
4355,3,3,0,2i.csv
4355,0,0,0,2j.csv
4355,0,0,0,2k.csv
4355,0,0,0,2l.csv
4355,8,8,0,3a.csv
4355,2,2,0,3b.csv
4355,0,0,0,3c.csv
4355,0,0,0,3d.csv
4355,0,0,0,3e.csv
4355,0,0,0,3f.csv
4355,0,0,0,3g.csv
4356,5,4,1,1a.csv
4356,0,0,0,1b.csv
4356,2,2,0,1c.csv
4356,0,0,0,1e.csv
4356,0,0,0,1f.csv
4356,0,0,0,1g.csv
4356,0,0,0,1h.csv
4356,1,1,0,1i.csv
4356,2,2,0,1j.csv
4356,0,0,0,1k.csv
4356,2,2,0,1l.csv
4356,1,1,0,1m.csv
4356,3,3,0,2a.csv
4356,1,0,1,2b.csv
4356,0,0,0,2c.csv
4356,0,0,0,2d.csv
4356,0,0,0,2e.csv
4356,0,0,0,2f.csv
4356,0,0,0,2g.csv
4356,0,0,0,2h.csv
4356,2,2,0,2i.csv
4356,0,0,0,2j.csv
4356,0,0,0,2k.csv
4356,0,0,0,2l.csv
4356,8,8,0,3a.csv
4356,3,3,0,3b.csv
4356,0,0,0,3c.csv
4356,0,0,0,3d.csv
4356,0,0,0,3e.csv
4356,0,0,0,3f.csv
4356,0,0,0,3g.csv
4357,4,3,1,1a.csv
4357,0,0,0,1b.csv
4357,2,2,0,1c.csv
4357,0,0,0,1e.csv
4357,0,0,0,1f.csv
4357,0,0,0,1g.csv
4357,0,0,0,1h.csv
4357,1,1,0,1i.csv
4357,1,1,0,1j.csv
4357,0,0,0,1k.csv
4357,2,2,0,1l.csv
4357,1,1,0,1m.csv
4357,2,2,0,2a.csv
4357,1,0,1,2b.csv
4357,0,0,0,2c.csv
4357,0,0,0,2d.csv
4357,0,0,0,2e.csv
4357,0,0,0,2f.csv
4357,0,0,0,2g.csv
4357,0,0,0,2h.csv
4357,2,2,0,2i.csv
4357,0,0,0,2j.csv
4357,0,0,0,2k.csv
4357,0,0,0,2l.csv
4357,9,8,1,3a.csv
4357,4,4,0,3b.csv
4357,0,0,0,3c.csv
4357,0,0,0,3d.csv
4357,0,0,0,3e.csv
4357,0,0,0,3f.csv
4357,0,0,0,3g.csv
4358,6,5,1,1a.csv
4358,0,0,0,1b.csv
4358,1,1,0,1c.csv
4358,0,0,0,1e.csv
4358,0,0,0,1f.csv
4358,0,0,0,1g.csv
4358,0,0,0,1h.csv
4358,0,0,0,1i.csv
4358,0,0,0,1j.csv
4358,0,0,0,1k.csv
4358,1,1,0,1l.csv
4358,1,1,0,1m.csv
4358,3,3,0,2a.csv
4358,1,0,1,2b.csv
4358,0,0,0,2c.csv
4358,0,0,0,2d.csv
4358,0,0,0,2e.csv
4358,0,0,0,2f.csv
4358,0,0,0,2g.csv
4358,0,0,0,2h.csv
4358,2,2,0,2i.csv
4358,0,0,0,2j.csv
4358,0,0,0,2k.csv
4358,0,0,0,2l.csv
4358,9,8,1,3a.csv
4358,3,3,0,3b.csv
4358,0,0,0,3c.csv
4358,0,0,0,3d.csv
4358,0,0,0,3e.csv
4358,0,0,0,3f.csv
4358,0,0,0,3g.csv
4359,5,5,0,1a.csv
4359,0,0,0,1b.csv
4359,1,1,0,1c.csv
4359,0,0,0,1e.csv
4359,0,0,0,1f.csv
4359,0,0,0,1g.csv
4359,0,0,0,1h.csv
4359,0,0,0,1i.csv
4359,0,0,0,1j.csv
4359,0,0,0,1k.csv
4359,1,1,0,1l.csv
4359,0,0,0,1m.csv
4359,4,3,1,2a.csv
4359,1,0,1,2b.csv
4359,0,0,0,2c.csv
4359,0,0,0,2d.csv
4359,0,0,0,2e.csv
4359,0,0,0,2f.csv
4359,0,0,0,2g.csv
4359,0,0,0,2h.csv
4359,1,1,0,2i.csv
4359,0,0,0,2j.csv
4359,0,0,0,2k.csv
4359,0,0,0,2l.csv
4359,8,7,1,3a.csv
4359,3,3,0,3b.csv
4359,0,0,0,3c.csv
4359,0,0,0,3d.csv
4359,0,0,0,3e.csv
4359,0,0,0,3f.csv
4359,0,0,0,3g.csv
4360,6,6,0,1a.csv
4360,0,0,0,1b.csv
4360,1,1,0,1c.csv
4360,0,0,0,1e.csv
4360,0,0,0,1f.csv
4360,0,0,0,1g.csv
4360,0,0,0,1h.csv
4360,0,0,0,1i.csv
4360,1,1,0,1j.csv
4360,0,0,0,1k.csv
4360,1,1,0,1l.csv
4360,0,0,0,1m.csv
4360,4,3,1,2a.csv
4360,1,0,1,2b.csv
4360,0,0,0,2c.csv
4360,0,0,0,2d.csv
4360,0,0,0,2e.csv
4360,0,0,0,2f.csv
4360,0,0,0,2g.csv
4360,0,0,0,2h.csv
4360,2,1,1,2i.csv
4360,0,0,0,2j.csv
4360,0,0,0,2k.csv
4360,1,1,0,2l.csv
4360,7,6,1,3a.csv
4360,2,2,0,3b.csv
4360,0,0,0,3c.csv
4360,0,0,0,3d.csv
4360,0,0,0,3e.csv
4360,0,0,0,3f.csv
4360,0,0,0,3g.csv
4361,8,7,1,1a.csv
4361,0,0,0,1b.csv
4361,0,0,0,1c.csv
4361,0,0,0,1e.csv
4361,0,0,0,1f.csv
4361,0,0,0,1g.csv
4361,0,0,0,1h.csv
4361,0,0,0,1i.csv
4361,1,1,0,1j.csv
4361,0,0,0,1k.csv
4361,1,1,0,1l.csv
4361,0,0,0,1m.csv
4361,4,3,1,2a.csv
4361,1,0,1,2b.csv
4361,0,0,0,2c.csv
4361,0,0,0,2d.csv
4361,0,0,0,2e.csv
4361,0,0,0,2f.csv
4361,0,0,0,2g.csv
4361,0,0,0,2h.csv
4361,1,0,1,2i.csv
4361,0,0,0,2j.csv
4361,0,0,0,2k.csv
4361,1,1,0,2l.csv
4361,8,7,1,3a.csv
4361,2,2,0,3b.csv
4361,0,0,0,3c.csv
4361,0,0,0,3d.csv
4361,0,0,0,3e.csv
4361,0,0,0,3f.csv
4361,0,0,0,3g.csv
4362,8,7,1,1a.csv
4362,0,0,0,1b.csv
4362,0,0,0,1c.csv
4362,0,0,0,1e.csv
4362,0,0,0,1f.csv
4362,0,0,0,1g.csv
4362,0,0,0,1h.csv
4362,0,0,0,1i.csv
4362,2,2,0,1j.csv
4362,0,0,0,1k.csv
4362,1,1,0,1l.csv
4362,0,0,0,1m.csv
4362,4,3,1,2a.csv
4362,0,0,0,2b.csv
4362,0,0,0,2c.csv
4362,0,0,0,2d.csv
4362,0,0,0,2e.csv
4362,0,0,0,2f.csv
4362,0,0,0,2g.csv
4362,0,0,0,2h.csv
4362,1,0,1,2i.csv
4362,0,0,0,2j.csv
4362,0,0,0,2k.csv
4362,1,1,0,2l.csv
4362,9,8,1,3a.csv
4362,2,2,0,3b.csv
4362,0,0,0,3c.csv
4362,0,0,0,3d.csv
4362,0,0,0,3e.csv
4362,0,0,0,3f.csv
4362,0,0,0,3g.csv
4363,7,6,1,1a.csv
4363,0,0,0,1b.csv
4363,0,0,0,1c.csv
4363,0,0,0,1e.csv
4363,0,0,0,1f.csv
4363,0,0,0,1g.csv
4363,0,0,0,1h.csv
4363,0,0,0,1i.csv
4363,2,2,0,1j.csv
4363,0,0,0,1k.csv
4363,0,0,0,1l.csv
4363,0,0,0,1m.csv
4363,3,2,1,2a.csv
4363,0,0,0,2b.csv
4363,0,0,0,2c.csv
4363,0,0,0,2d.csv
4363,0,0,0,2e.csv
4363,0,0,0,2f.csv
4363,0,0,0,2g.csv
4363,0,0,0,2h.csv
4363,1,0,1,2i.csv
4363,0,0,0,2j.csv
4363,0,0,0,2k.csv
4363,1,1,0,2l.csv
4363,9,7,2,3a.csv
4363,2,2,0,3b.csv
4363,0,0,0,3c.csv
4363,0,0,0,3d.csv
4363,0,0,0,3e.csv
4363,0,0,0,3f.csv
4363,0,0,0,3g.csv
4364,5,4,1,1a.csv
4364,0,0,0,1b.csv
4364,0,0,0,1c.csv
4364,0,0,0,1e.csv
4364,0,0,0,1f.csv
4364,0,0,0,1g.csv
4364,0,0,0,1h.csv
4364,0,0,0,1i.csv
4364,3,3,0,1j.csv
4364,0,0,0,1k.csv
4364,0,0,0,1l.csv
4364,0,0,0,1m.csv
4364,2,1,1,2a.csv
4364,0,0,0,2b.csv
4364,0,0,0,2c.csv
4364,0,0,0,2d.csv
4364,0,0,0,2e.csv
4364,0,0,0,2f.csv
4364,0,0,0,2g.csv
4364,0,0,0,2h.csv
4364,2,0,2,2i.csv
4364,0,0,0,2j.csv
4364,0,0,0,2k.csv
4364,1,1,0,2l.csv
4364,10,7,3,3a.csv
4364,2,2,0,3b.csv
4364,0,0,0,3c.csv
4364,0,0,0,3d.csv
4364,0,0,0,3e.csv
4364,0,0,0,3f.csv
4364,0,0,0,3g.csv
4365,5,4,1,1a.csv
4365,0,0,0,1b.csv
4365,0,0,0,1c.csv
4365,0,0,0,1e.csv
4365,0,0,0,1f.csv
4365,0,0,0,1g.csv
4365,0,0,0,1h.csv
4365,0,0,0,1i.csv
4365,3,3,0,1j.csv
4365,0,0,0,1k.csv
4365,0,0,0,1l.csv
4365,0,0,0,1m.csv
4365,2,1,1,2a.csv
4365,0,0,0,2b.csv
4365,0,0,0,2c.csv
4365,0,0,0,2d.csv
4365,0,0,0,2e.csv
4365,0,0,0,2f.csv
4365,0,0,0,2g.csv
4365,0,0,0,2h.csv
4365,2,0,2,2i.csv
4365,0,0,0,2j.csv
4365,0,0,0,2k.csv
4365,1,1,0,2l.csv
4365,7,5,2,3a.csv
4365,1,1,0,3b.csv
4365,0,0,0,3c.csv
4365,0,0,0,3d.csv
4365,0,0,0,3e.csv
4365,0,0,0,3f.csv
4365,0,0,0,3g.csv
4366,3,2,1,1a.csv
4366,0,0,0,1b.csv
4366,0,0,0,1c.csv
4366,0,0,0,1e.csv
4366,0,0,0,1f.csv
4366,0,0,0,1g.csv
4366,0,0,0,1h.csv
4366,0,0,0,1i.csv
4366,3,3,0,1j.csv
4366,0,0,0,1k.csv
4366,0,0,0,1l.csv
4366,0,0,0,1m.csv
4366,1,0,1,2a.csv
4366,0,0,0,2b.csv
4366,0,0,0,2c.csv
4366,0,0,0,2d.csv
4366,0,0,0,2e.csv
4366,0,0,0,2f.csv
4366,0,0,0,2g.csv
4366,0,0,0,2h.csv
4366,2,0,2,2i.csv
4366,0,0,0,2j.csv
4366,0,0,0,2k.csv
4366,1,1,0,2l.csv
4366,7,4,3,3a.csv
4366,3,3,0,3b.csv
4366,0,0,0,3c.csv
4366,0,0,0,3d.csv
4366,0,0,0,3e.csv
4366,0,0,0,3f.csv
4366,0,0,0,3g.csv
4367,3,2,1,1a.csv
4367,0,0,0,1b.csv
4367,0,0,0,1c.csv
4367,0,0,0,1e.csv
4367,0,0,0,1f.csv
4367,0,0,0,1g.csv
4367,0,0,0,1h.csv
4367,1,1,0,1i.csv
4367,3,3,0,1j.csv
4367,0,0,0,1k.csv
4367,0,0,0,1l.csv
4367,0,0,0,1m.csv
4367,0,0,0,2a.csv
4367,1,0,1,2b.csv
4367,0,0,0,2c.csv
4367,0,0,0,2d.csv
4367,0,0,0,2e.csv
4367,0,0,0,2f.csv
4367,0,0,0,2g.csv
4367,0,0,0,2h.csv
4367,2,0,2,2i.csv
4367,0,0,0,2j.csv
4367,0,0,0,2k.csv
4367,1,1,0,2l.csv
4367,8,4,4,3a.csv
4367,3,3,0,3b.csv
4367,0,0,0,3c.csv
4367,0,0,0,3d.csv
4367,0,0,0,3e.csv
4367,0,0,0,3f.csv
4367,0,0,0,3g.csv
4368,2,1,1,1a.csv
4368,0,0,0,1b.csv
4368,0,0,0,1c.csv
4368,0,0,0,1e.csv
4368,0,0,0,1f.csv
4368,0,0,0,1g.csv
4368,0,0,0,1h.csv
4368,1,1,0,1i.csv
4368,2,2,0,1j.csv
4368,0,0,0,1k.csv
4368,0,0,0,1l.csv
4368,0,0,0,1m.csv
4368,0,0,0,2a.csv
4368,1,0,1,2b.csv
4368,0,0,0,2c.csv
4368,0,0,0,2d.csv
4368,0,0,0,2e.csv
4368,0,0,0,2f.csv
4368,0,0,0,2g.csv
4368,0,0,0,2h.csv
4368,1,0,1,2i.csv
4368,0,0,0,2j.csv
4368,0,0,0,2k.csv
4368,0,0,0,2l.csv
4368,8,4,4,3a.csv
4368,4,4,0,3b.csv
4368,0,0,0,3c.csv
4368,0,0,0,3d.csv
4368,0,0,0,3e.csv
4368,0,0,0,3f.csv
4368,0,0,0,3g.csv
4369,0,0,0,1a.csv
4369,0,0,0,1b.csv
4369,0,0,0,1c.csv
4369,1,1,0,1e.csv
4369,0,0,0,1f.csv
4369,0,0,0,1g.csv
4369,0,0,0,1h.csv
4369,1,1,0,1i.csv
4369,2,2,0,1j.csv
4369,0,0,0,1k.csv
4369,0,0,0,1l.csv
4369,0,0,0,1m.csv
4369,0,0,0,2a.csv
4369,1,0,1,2b.csv
4369,0,0,0,2c.csv
4369,0,0,0,2d.csv
4369,0,0,0,2e.csv
4369,0,0,0,2f.csv
4369,0,0,0,2g.csv
4369,0,0,0,2h.csv
4369,1,0,1,2i.csv
4369,0,0,0,2j.csv
4369,0,0,0,2k.csv
4369,0,0,0,2l.csv
4369,8,4,4,3a.csv
4369,5,5,0,3b.csv
4369,0,0,0,3c.csv
4369,0,0,0,3d.csv
4369,0,0,0,3e.csv
4369,0,0,0,3f.csv
4369,0,0,0,3g.csv
4370,0,0,0,1a.csv
4370,0,0,0,1b.csv
4370,0,0,0,1c.csv
4370,1,1,0,1e.csv
4370,0,0,0,1f.csv
4370,0,0,0,1g.csv
4370,0,0,0,1h.csv
4370,1,1,0,1i.csv
4370,1,1,0,1j.csv
4370,0,0,0,1k.csv
4370,0,0,0,1l.csv
4370,0,0,0,1m.csv
4370,0,0,0,2a.csv
4370,2,0,2,2b.csv
4370,0,0,0,2c.csv
4370,0,0,0,2d.csv
4370,0,0,0,2e.csv
4370,0,0,0,2f.csv
4370,0,0,0,2g.csv
4370,0,0,0,2h.csv
4370,3,0,3,2i.csv
4370,0,0,0,2j.csv
4370,0,0,0,2k.csv
4370,0,0,0,2l.csv
4370,6,2,4,3a.csv
4370,5,5,0,3b.csv
4370,0,0,0,3c.csv
4370,0,0,0,3d.csv
4370,0,0,0,3e.csv
4370,0,0,0,3f.csv
4370,0,0,0,3g.csv
4371,0,0,0,1a.csv
4371,0,0,0,1b.csv
4371,0,0,0,1c.csv
4371,1,1,0,1e.csv
4371,0,0,0,1f.csv
4371,0,0,0,1g.csv
4371,0,0,0,1h.csv
4371,1,1,0,1i.csv
4371,1,1,0,1j.csv
4371,0,0,0,1k.csv
4371,0,0,0,1l.csv
4371,0,0,0,1m.csv
4371,2,1,1,2a.csv
4371,3,1,2,2b.csv
4371,0,0,0,2c.csv
4371,0,0,0,2d.csv
4371,0,0,0,2e.csv
4371,0,0,0,2f.csv
4371,0,0,0,2g.csv
4371,0,0,0,2h.csv
4371,3,0,3,2i.csv
4371,0,0,0,2j.csv
4371,0,0,0,2k.csv
4371,0,0,0,2l.csv
4371,5,2,3,3a.csv
4371,5,5,0,3b.csv
4371,0,0,0,3c.csv
4371,0,0,0,3d.csv
4371,0,0,0,3e.csv
4371,0,0,0,3f.csv
4371,0,0,0,3g.csv
4372,0,0,0,1a.csv
4372,0,0,0,1b.csv
4372,0,0,0,1c.csv
4372,1,1,0,1e.csv
4372,0,0,0,1f.csv
4372,0,0,0,1g.csv
4372,0,0,0,1h.csv
4372,1,1,0,1i.csv
4372,0,0,0,1j.csv
4372,1,1,0,1k.csv
4372,0,0,0,1l.csv
4372,1,1,0,1m.csv
4372,2,1,1,2a.csv
4372,3,1,2,2b.csv
4372,0,0,0,2c.csv
4372,0,0,0,2d.csv
4372,0,0,0,2e.csv
4372,0,0,0,2f.csv
4372,0,0,0,2g.csv
4372,0,0,0,2h.csv
4372,2,0,2,2i.csv
4372,0,0,0,2j.csv
4372,0,0,0,2k.csv
4372,0,0,0,2l.csv
4372,4,2,2,3a.csv
4372,6,6,0,3b.csv
4372,0,0,0,3c.csv
4372,0,0,0,3d.csv
4372,0,0,0,3e.csv
4372,0,0,0,3f.csv
4372,0,0,0,3g.csv
4373,0,0,0,1a.csv
4373,0,0,0,1b.csv
4373,0,0,0,1c.csv
4373,1,1,0,1e.csv
4373,0,0,0,1f.csv
4373,0,0,0,1g.csv
4373,0,0,0,1h.csv
4373,1,1,0,1i.csv
4373,0,0,0,1j.csv
4373,1,1,0,1k.csv
4373,0,0,0,1l.csv
4373,1,1,0,1m.csv
4373,2,1,1,2a.csv
4373,3,1,2,2b.csv
4373,0,0,0,2c.csv
4373,0,0,0,2d.csv
4373,0,0,0,2e.csv
4373,0,0,0,2f.csv
4373,0,0,0,2g.csv
4373,0,0,0,2h.csv
4373,2,0,2,2i.csv
4373,0,0,0,2j.csv
4373,0,0,0,2k.csv
4373,0,0,0,2l.csv
4373,4,2,2,3a.csv
4373,8,7,1,3b.csv
4373,0,0,0,3c.csv
4373,0,0,0,3d.csv
4373,0,0,0,3e.csv
4373,0,0,0,3f.csv
4373,0,0,0,3g.csv
4374,0,0,0,1a.csv
4374,0,0,0,1b.csv
4374,0,0,0,1c.csv
4374,1,1,0,1e.csv
4374,0,0,0,1f.csv
4374,1,1,0,1g.csv
4374,0,0,0,1h.csv
4374,1,1,0,1i.csv
4374,0,0,0,1j.csv
4374,1,1,0,1k.csv
4374,0,0,0,1l.csv
4374,1,1,0,1m.csv
4374,2,1,1,2a.csv
4374,3,1,2,2b.csv
4374,0,0,0,2c.csv
4374,0,0,0,2d.csv
4374,0,0,0,2e.csv
4374,1,1,0,2f.csv
4374,0,0,0,2g.csv
4374,0,0,0,2h.csv
4374,2,0,2,2i.csv
4374,0,0,0,2j.csv
4374,0,0,0,2k.csv
4374,0,0,0,2l.csv
4374,4,3,1,3a.csv
4374,7,6,1,3b.csv
4374,0,0,0,3c.csv
4374,0,0,0,3d.csv
4374,0,0,0,3e.csv
4374,0,0,0,3f.csv
4374,0,0,0,3g.csv
4375,0,0,0,1a.csv
4375,0,0,0,1b.csv
4375,0,0,0,1c.csv
4375,1,1,0,1e.csv
4375,0,0,0,1f.csv
4375,1,1,0,1g.csv
4375,0,0,0,1h.csv
4375,0,0,0,1i.csv
4375,0,0,0,1j.csv
4375,1,1,0,1k.csv
4375,0,0,0,1l.csv
4375,1,1,0,1m.csv
4375,2,1,1,2a.csv
4375,2,1,1,2b.csv
4375,0,0,0,2c.csv
4375,0,0,0,2d.csv
4375,0,0,0,2e.csv
4375,1,1,0,2f.csv
4375,0,0,0,2g.csv
4375,0,0,0,2h.csv
4375,2,0,2,2i.csv
4375,0,0,0,2j.csv
4375,0,0,0,2k.csv
4375,0,0,0,2l.csv
4375,3,3,0,3a.csv
4375,9,8,1,3b.csv
4375,0,0,0,3c.csv
4375,0,0,0,3d.csv
4375,0,0,0,3e.csv
4375,0,0,0,3f.csv
4375,0,0,0,3g.csv
4376,0,0,0,1a.csv
4376,0,0,0,1b.csv
4376,0,0,0,1c.csv
4376,1,1,0,1e.csv
4376,0,0,0,1f.csv
4376,1,1,0,1g.csv
4376,0,0,0,1h.csv
4376,0,0,0,1i.csv
4376,0,0,0,1j.csv
4376,1,1,0,1k.csv
4376,0,0,0,1l.csv
4376,2,2,0,1m.csv
4376,3,2,1,2a.csv
4376,2,1,1,2b.csv
4376,1,0,1,2c.csv
4376,0,0,0,2d.csv
4376,0,0,0,2e.csv
4376,1,1,0,2f.csv
4376,0,0,0,2g.csv
4376,0,0,0,2h.csv
4376,2,0,2,2i.csv
4376,0,0,0,2j.csv
4376,0,0,0,2k.csv
4376,0,0,0,2l.csv
4376,3,3,0,3a.csv
4376,11,10,1,3b.csv
4376,0,0,0,3c.csv
4376,0,0,0,3d.csv
4376,0,0,0,3e.csv
4376,0,0,0,3f.csv
4376,0,0,0,3g.csv
4377,1,1,0,1a.csv
4377,0,0,0,1b.csv
4377,1,1,0,1c.csv
4377,0,0,0,1e.csv
4377,0,0,0,1f.csv
4377,1,1,0,1g.csv
4377,0,0,0,1h.csv
4377,0,0,0,1i.csv
4377,0,0,0,1j.csv
4377,1,1,0,1k.csv
4377,0,0,0,1l.csv
4377,2,2,0,1m.csv
4377,3,2,1,2a.csv
4377,2,1,1,2b.csv
4377,1,0,1,2c.csv
4377,0,0,0,2d.csv
4377,0,0,0,2e.csv
4377,1,1,0,2f.csv
4377,0,0,0,2g.csv
4377,0,0,0,2h.csv
4377,3,1,2,2i.csv
4377,0,0,0,2j.csv
4377,0,0,0,2k.csv
4377,0,0,0,2l.csv
4377,2,2,0,3a.csv
4377,11,10,1,3b.csv
4377,0,0,0,3c.csv
4377,0,0,0,3d.csv
4377,0,0,0,3e.csv
4377,0,0,0,3f.csv
4377,0,0,0,3g.csv
4378,1,1,0,1a.csv
4378,0,0,0,1b.csv
4378,1,1,0,1c.csv
4378,0,0,0,1e.csv
4378,0,0,0,1f.csv
4378,1,1,0,1g.csv
4378,1,1,0,1h.csv
4378,0,0,0,1i.csv
4378,0,0,0,1j.csv
4378,1,1,0,1k.csv
4378,0,0,0,1l.csv
4378,2,2,0,1m.csv
4378,3,2,1,2a.csv
4378,1,1,0,2b.csv
4378,1,0,1,2c.csv
4378,0,0,0,2d.csv
4378,0,0,0,2e.csv
4378,1,1,0,2f.csv
4378,0,0,0,2g.csv
4378,0,0,0,2h.csv
4378,1,1,0,2i.csv
4378,0,0,0,2j.csv
4378,0,0,0,2k.csv
4378,0,0,0,2l.csv
4378,2,2,0,3a.csv
4378,15,14,1,3b.csv
4378,0,0,0,3c.csv
4378,0,0,0,3d.csv
4378,0,0,0,3e.csv
4378,0,0,0,3f.csv
4378,0,0,0,3g.csv
4379,1,1,0,1a.csv
4379,0,0,0,1b.csv
4379,2,1,1,1c.csv
4379,0,0,0,1e.csv
4379,0,0,0,1f.csv
4379,1,1,0,1g.csv
4379,1,1,0,1h.csv
4379,0,0,0,1i.csv
4379,0,0,0,1j.csv
4379,1,1,0,1k.csv
4379,0,0,0,1l.csv
4379,2,2,0,1m.csv
4379,1,1,0,2a.csv
4379,0,0,0,2b.csv
4379,1,0,1,2c.csv
4379,0,0,0,2d.csv
4379,0,0,0,2e.csv
4379,1,1,0,2f.csv
4379,0,0,0,2g.csv
4379,0,0,0,2h.csv
4379,1,1,0,2i.csv
4379,1,1,0,2j.csv
4379,0,0,0,2k.csv
4379,0,0,0,2l.csv
4379,2,2,0,3a.csv
4379,19,18,1,3b.csv
4379,0,0,0,3c.csv
4379,0,0,0,3d.csv
4379,0,0,0,3e.csv
4379,0,0,0,3f.csv
4379,0,0,0,3g.csv
4380,4,2,2,1a.csv
4380,0,0,0,1b.csv
4380,2,1,1,1c.csv
4380,0,0,0,1e.csv
4380,0,0,0,1f.csv
4380,1,1,0,1g.csv
4380,1,1,0,1h.csv
4380,1,1,0,1i.csv
4380,0,0,0,1j.csv
4380,0,0,0,1k.csv
4380,0,0,0,1l.csv
4380,2,2,0,1m.csv
4380,1,1,0,2a.csv
4380,1,1,0,2b.csv
4380,1,0,1,2c.csv
4380,0,0,0,2d.csv
4380,0,0,0,2e.csv
4380,1,1,0,2f.csv
4380,0,0,0,2g.csv
4380,0,0,0,2h.csv
4380,1,1,0,2i.csv
4380,1,1,0,2j.csv
4380,0,0,0,2k.csv
4380,0,0,0,2l.csv
4380,1,1,0,3a.csv
4380,19,18,1,3b.csv
4380,0,0,0,3c.csv
4380,0,0,0,3d.csv
4380,0,0,0,3e.csv
4380,0,0,0,3f.csv
4380,0,0,0,3g.csv
4381,4,2,2,1a.csv
4381,0,0,0,1b.csv
4381,4,2,2,1c.csv
4381,0,0,0,1e.csv
4381,0,0,0,1f.csv
4381,1,1,0,1g.csv
4381,1,1,0,1h.csv
4381,1,1,0,1i.csv
4381,0,0,0,1j.csv
4381,0,0,0,1k.csv
4381,0,0,0,1l.csv
4381,3,2,1,1m.csv
4381,1,1,0,2a.csv
4381,1,1,0,2b.csv
4381,1,0,1,2c.csv
4381,0,0,0,2d.csv
4381,0,0,0,2e.csv
4381,1,1,0,2f.csv
4381,0,0,0,2g.csv
4381,0,0,0,2h.csv
4381,1,1,0,2i.csv
4381,1,1,0,2j.csv
4381,1,1,0,2k.csv
4381,0,0,0,2l.csv
4381,1,1,0,3a.csv
4381,18,18,0,3b.csv
4381,0,0,0,3c.csv
4381,0,0,0,3d.csv
4381,0,0,0,3e.csv
4381,0,0,0,3f.csv
4381,0,0,0,3g.csv
4382,5,2,3,1a.csv
4382,0,0,0,1b.csv
4382,4,2,2,1c.csv
4382,0,0,0,1e.csv
4382,1,1,0,1f.csv
4382,0,0,0,1g.csv
4382,1,1,0,1h.csv
4382,1,1,0,1i.csv
4382,0,0,0,1j.csv
4382,0,0,0,1k.csv
4382,0,0,0,1l.csv
4382,4,3,1,1m.csv
4382,1,1,0,2a.csv
4382,1,1,0,2b.csv
4382,1,0,1,2c.csv
4382,0,0,0,2d.csv
4382,0,0,0,2e.csv
4382,0,0,0,2f.csv
4382,1,1,0,2g.csv
4382,0,0,0,2h.csv
4382,1,1,0,2i.csv
4382,1,1,0,2j.csv
4382,1,1,0,2k.csv
4382,0,0,0,2l.csv
4382,0,0,0,3a.csv
4382,21,21,0,3b.csv
4382,0,0,0,3c.csv
4382,0,0,0,3d.csv
4382,0,0,0,3e.csv
4382,0,0,0,3f.csv
4382,0,0,0,3g.csv
4383,5,2,3,1a.csv
4383,0,0,0,1b.csv
4383,5,3,2,1c.csv
4383,0,0,0,1e.csv
4383,1,1,0,1f.csv
4383,0,0,0,1g.csv
4383,2,1,1,1h.csv
4383,1,1,0,1i.csv
4383,0,0,0,1j.csv
4383,0,0,0,1k.csv
4383,0,0,0,1l.csv
4383,4,3,1,1m.csv
4383,1,1,0,2a.csv
4383,1,1,0,2b.csv
4383,1,0,1,2c.csv
4383,0,0,0,2d.csv
4383,0,0,0,2e.csv
4383,0,0,0,2f.csv
4383,1,1,0,2g.csv
4383,0,0,0,2h.csv
4383,1,1,0,2i.csv
4383,1,1,0,2j.csv
4383,1,1,0,2k.csv
4383,0,0,0,2l.csv
4383,0,0,0,3a.csv
4383,23,23,0,3b.csv
4383,0,0,0,3c.csv
4383,0,0,0,3d.csv
4383,0,0,0,3e.csv
4383,0,0,0,3f.csv
4383,0,0,0,3g.csv
4384,5,2,3,1a.csv
4384,0,0,0,1b.csv
4384,7,5,2,1c.csv
4384,0,0,0,1e.csv
4384,1,1,0,1f.csv
4384,0,0,0,1g.csv
4384,2,1,1,1h.csv
4384,1,1,0,1i.csv
4384,0,0,0,1j.csv
4384,0,0,0,1k.csv
4384,0,0,0,1l.csv
4384,3,2,1,1m.csv
4384,0,0,0,2a.csv
4384,1,1,0,2b.csv
4384,0,0,0,2c.csv
4384,0,0,0,2d.csv
4384,0,0,0,2e.csv
4384,0,0,0,2f.csv
4384,1,1,0,2g.csv
4384,0,0,0,2h.csv
4384,1,1,0,2i.csv
4384,2,2,0,2j.csv
4384,1,1,0,2k.csv
4384,0,0,0,2l.csv
4384,2,0,2,3a.csv
4384,20,20,0,3b.csv
4384,0,0,0,3c.csv
4384,0,0,0,3d.csv
4384,0,0,0,3e.csv
4384,0,0,0,3f.csv
4384,0,0,0,3g.csv
4385,5,2,3,1a.csv
4385,0,0,0,1b.csv
4385,6,4,2,1c.csv
4385,0,0,0,1e.csv
4385,1,1,0,1f.csv
4385,0,0,0,1g.csv
4385,2,1,1,1h.csv
4385,2,2,0,1i.csv
4385,0,0,0,1j.csv
4385,0,0,0,1k.csv
4385,0,0,0,1l.csv
4385,3,2,1,1m.csv
4385,0,0,0,2a.csv
4385,1,1,0,2b.csv
4385,0,0,0,2c.csv
4385,0,0,0,2d.csv
4385,0,0,0,2e.csv
4385,0,0,0,2f.csv
4385,1,1,0,2g.csv
4385,0,0,0,2h.csv
4385,0,0,0,2i.csv
4385,2,2,0,2j.csv
4385,1,1,0,2k.csv
4385,0,0,0,2l.csv
4385,2,0,2,3a.csv
4385,23,23,0,3b.csv
4385,0,0,0,3c.csv
4385,0,0,0,3d.csv
4385,0,0,0,3e.csv
4385,0,0,0,3f.csv
4385,0,0,0,3g.csv
4386,6,2,4,1a.csv
4386,0,0,0,1b.csv
4386,6,4,2,1c.csv
4386,0,0,0,1e.csv
4386,1,1,0,1f.csv
4386,0,0,0,1g.csv
4386,1,0,1,1h.csv
4386,2,2,0,1i.csv
4386,0,0,0,1j.csv
4386,1,1,0,1k.csv
4386,0,0,0,1l.csv
4386,3,2,1,1m.csv
4386,0,0,0,2a.csv
4386,1,1,0,2b.csv
4386,0,0,0,2c.csv
4386,0,0,0,2d.csv
4386,1,1,0,2e.csv
4386,0,0,0,2f.csv
4386,1,1,0,2g.csv
4386,0,0,0,2h.csv
4386,0,0,0,2i.csv
4386,2,2,0,2j.csv
4386,1,1,0,2k.csv
4386,0,0,0,2l.csv
4386,2,0,2,3a.csv
4386,22,22,0,3b.csv
4386,0,0,0,3c.csv
4386,0,0,0,3d.csv
4386,0,0,0,3e.csv
4386,0,0,0,3f.csv
4386,0,0,0,3g.csv
4387,6,2,4,1a.csv
4387,0,0,0,1b.csv
4387,5,4,1,1c.csv
4387,0,0,0,1e.csv
4387,2,2,0,1f.csv
4387,0,0,0,1g.csv
4387,1,0,1,1h.csv
4387,2,2,0,1i.csv
4387,0,0,0,1j.csv
4387,1,1,0,1k.csv
4387,1,1,0,1l.csv
4387,3,2,1,1m.csv
4387,1,1,0,2a.csv
4387,2,1,1,2b.csv
4387,0,0,0,2c.csv
4387,0,0,0,2d.csv
4387,1,1,0,2e.csv
4387,0,0,0,2f.csv
4387,1,1,0,2g.csv
4387,0,0,0,2h.csv
4387,0,0,0,2i.csv
4387,1,1,0,2j.csv
4387,1,1,0,2k.csv
4387,1,1,0,2l.csv
4387,2,0,2,3a.csv
4387,21,21,0,3b.csv
4387,0,0,0,3c.csv
4387,0,0,0,3d.csv
4387,0,0,0,3e.csv
4387,0,0,0,3f.csv
4387,0,0,0,3g.csv
4388,4,2,2,1a.csv
4388,0,0,0,1b.csv
4388,5,4,1,1c.csv
4388,0,0,0,1e.csv
4388,3,3,0,1f.csv
4388,0,0,0,1g.csv
4388,1,0,1,1h.csv
4388,1,1,0,1i.csv
4388,0,0,0,1j.csv
4388,2,2,0,1k.csv
4388,2,2,0,1l.csv
4388,2,1,1,1m.csv
4388,1,1,0,2a.csv
4388,1,0,1,2b.csv
4388,0,0,0,2c.csv
4388,0,0,0,2d.csv
4388,1,1,0,2e.csv
4388,0,0,0,2f.csv
4388,1,1,0,2g.csv
4388,0,0,0,2h.csv
4388,0,0,0,2i.csv
4388,1,1,0,2j.csv
4388,1,1,0,2k.csv
4388,1,1,0,2l.csv
4388,2,0,2,3a.csv
4388,22,22,0,3b.csv
4388,0,0,0,3c.csv
4388,0,0,0,3d.csv
4388,0,0,0,3e.csv
4388,0,0,0,3f.csv
4388,0,0,0,3g.csv
4389,5,3,2,1a.csv
4389,0,0,0,1b.csv
4389,4,4,0,1c.csv
4389,0,0,0,1e.csv
4389,4,4,0,1f.csv
4389,0,0,0,1g.csv
4389,1,0,1,1h.csv
4389,1,1,0,1i.csv
4389,0,0,0,1j.csv
4389,3,3,0,1k.csv
4389,2,2,0,1l.csv
4389,1,1,0,1m.csv
4389,1,1,0,2a.csv
4389,2,1,1,2b.csv
4389,0,0,0,2c.csv
4389,1,1,0,2d.csv
4389,1,1,0,2e.csv
4389,0,0,0,2f.csv
4389,1,1,0,2g.csv
4389,0,0,0,2h.csv
4389,0,0,0,2i.csv
4389,1,1,0,2j.csv
4389,0,0,0,2k.csv
4389,1,1,0,2l.csv
4389,3,1,2,3a.csv
4389,25,25,0,3b.csv
4389,0,0,0,3c.csv
4389,0,0,0,3d.csv
4389,0,0,0,3e.csv
4389,0,0,0,3f.csv
4389,0,0,0,3g.csv
4390,4,3,1,1a.csv
4390,0,0,0,1b.csv
4390,4,4,0,1c.csv
4390,0,0,0,1e.csv
4390,3,3,0,1f.csv
4390,0,0,0,1g.csv
4390,1,0,1,1h.csv
4390,1,1,0,1i.csv
4390,0,0,0,1j.csv
4390,4,4,0,1k.csv
4390,2,2,0,1l.csv
4390,0,0,0,1m.csv
4390,2,2,0,2a.csv
4390,2,1,1,2b.csv
4390,0,0,0,2c.csv
4390,1,1,0,2d.csv
4390,1,1,0,2e.csv
4390,0,0,0,2f.csv
4390,0,0,0,2g.csv
4390,0,0,0,2h.csv
4390,0,0,0,2i.csv
4390,1,1,0,2j.csv
4390,0,0,0,2k.csv
4390,3,3,0,2l.csv
4390,3,1,2,3a.csv
4390,23,23,0,3b.csv
4390,0,0,0,3c.csv
4390,0,0,0,3d.csv
4390,0,0,0,3e.csv
4390,0,0,0,3f.csv
4390,0,0,0,3g.csv
4391,4,3,1,1a.csv
4391,0,0,0,1b.csv
4391,4,4,0,1c.csv
4391,0,0,0,1e.csv
4391,4,4,0,1f.csv
4391,0,0,0,1g.csv
4391,0,0,0,1h.csv
4391,1,1,0,1i.csv
4391,0,0,0,1j.csv
4391,4,4,0,1k.csv
4391,3,3,0,1l.csv
4391,0,0,0,1m.csv
4391,2,2,0,2a.csv
4391,2,1,1,2b.csv
4391,0,0,0,2c.csv
4391,1,1,0,2d.csv
4391,1,1,0,2e.csv
4391,0,0,0,2f.csv
4391,0,0,0,2g.csv
4391,0,0,0,2h.csv
4391,0,0,0,2i.csv
4391,1,1,0,2j.csv
4391,0,0,0,2k.csv
4391,3,3,0,2l.csv
4391,3,1,2,3a.csv
4391,19,19,0,3b.csv
4391,0,0,0,3c.csv
4391,0,0,0,3d.csv
4391,0,0,0,3e.csv
4391,0,0,0,3f.csv
4391,0,0,0,3g.csv
4392,8,6,2,1a.csv
4392,0,0,0,1b.csv
4392,2,2,0,1c.csv
4392,0,0,0,1e.csv
4392,4,4,0,1f.csv
4392,0,0,0,1g.csv
4392,0,0,0,1h.csv
4392,1,1,0,1i.csv
4392,0,0,0,1j.csv
4392,5,5,0,1k.csv
4392,3,3,0,1l.csv
4392,0,0,0,1m.csv
4392,3,3,0,2a.csv
4392,2,1,1,2b.csv
4392,0,0,0,2c.csv
4392,1,1,0,2d.csv
4392,1,1,0,2e.csv
4392,0,0,0,2f.csv
4392,0,0,0,2g.csv
4392,0,0,0,2h.csv
4392,0,0,0,2i.csv
4392,0,0,0,2j.csv
4392,0,0,0,2k.csv
4392,3,3,0,2l.csv
4392,1,1,0,3a.csv
4392,21,21,0,3b.csv
4392,0,0,0,3c.csv
4392,0,0,0,3d.csv
4392,0,0,0,3e.csv
4392,0,0,0,3f.csv
4392,0,0,0,3g.csv
4393,7,5,2,1a.csv
4393,0,0,0,1b.csv
4393,3,2,1,1c.csv
4393,0,0,0,1e.csv
4393,5,5,0,1f.csv
4393,0,0,0,1g.csv
4393,0,0,0,1h.csv
4393,0,0,0,1i.csv
4393,0,0,0,1j.csv
4393,5,5,0,1k.csv
4393,3,3,0,1l.csv
4393,0,0,0,1m.csv
4393,3,3,0,2a.csv
4393,2,1,1,2b.csv
4393,0,0,0,2c.csv
4393,1,1,0,2d.csv
4393,1,1,0,2e.csv
4393,0,0,0,2f.csv
4393,0,0,0,2g.csv
4393,1,0,1,2h.csv
4393,0,0,0,2i.csv
4393,0,0,0,2j.csv
4393,0,0,0,2k.csv
4393,3,3,0,2l.csv
4393,1,1,0,3a.csv
4393,19,19,0,3b.csv
4393,0,0,0,3c.csv
4393,0,0,0,3d.csv
4393,0,0,0,3e.csv
4393,0,0,0,3f.csv
4393,0,0,0,3g.csv
4394,6,5,1,1a.csv
4394,0,0,0,1b.csv
4394,3,2,1,1c.csv
4394,0,0,0,1e.csv
4394,5,5,0,1f.csv
4394,0,0,0,1g.csv
4394,0,0,0,1h.csv
4394,0,0,0,1i.csv
4394,0,0,0,1j.csv
4394,4,4,0,1k.csv
4394,3,3,0,1l.csv
4394,0,0,0,1m.csv
4394,3,3,0,2a.csv
4394,2,1,1,2b.csv
4394,0,0,0,2c.csv
4394,1,1,0,2d.csv
4394,0,0,0,2e.csv
4394,0,0,0,2f.csv
4394,0,0,0,2g.csv
4394,1,0,1,2h.csv
4394,0,0,0,2i.csv
4394,0,0,0,2j.csv
4394,0,0,0,2k.csv
4394,4,4,0,2l.csv
4394,2,1,1,3a.csv
4394,18,18,0,3b.csv
4394,0,0,0,3c.csv
4394,0,0,0,3d.csv
4394,0,0,0,3e.csv
4394,0,0,0,3f.csv
4394,0,0,0,3g.csv
4395,7,6,1,1a.csv
4395,0,0,0,1b.csv
4395,4,3,1,1c.csv
4395,0,0,0,1e.csv
4395,4,4,0,1f.csv
4395,0,0,0,1g.csv
4395,0,0,0,1h.csv
4395,0,0,0,1i.csv
4395,0,0,0,1j.csv
4395,4,4,0,1k.csv
4395,3,3,0,1l.csv
4395,0,0,0,1m.csv
4395,2,2,0,2a.csv
4395,1,1,0,2b.csv
4395,1,0,1,2c.csv
4395,1,1,0,2d.csv
4395,0,0,0,2e.csv
4395,1,1,0,2f.csv
4395,0,0,0,2g.csv
4395,1,0,1,2h.csv
4395,0,0,0,2i.csv
4395,0,0,0,2j.csv
4395,0,0,0,2k.csv
4395,3,3,0,2l.csv
4395,2,1,1,3a.csv
4395,15,15,0,3b.csv
4395,0,0,0,3c.csv
4395,0,0,0,3d.csv
4395,0,0,0,3e.csv
4395,0,0,0,3f.csv
4395,0,0,0,3g.csv
4396,6,5,1,1a.csv
4396,0,0,0,1b.csv
4396,4,3,1,1c.csv
4396,0,0,0,1e.csv
4396,3,3,0,1f.csv
4396,0,0,0,1g.csv
4396,0,0,0,1h.csv
4396,0,0,0,1i.csv
4396,0,0,0,1j.csv
4396,3,3,0,1k.csv
4396,2,2,0,1l.csv
4396,1,1,0,1m.csv
4396,2,2,0,2a.csv
4396,1,1,0,2b.csv
4396,1,0,1,2c.csv
4396,2,2,0,2d.csv
4396,1,1,0,2e.csv
4396,1,1,0,2f.csv
4396,0,0,0,2g.csv
4396,1,0,1,2h.csv
4396,0,0,0,2i.csv
4396,0,0,0,2j.csv
4396,0,0,0,2k.csv
4396,3,3,0,2l.csv
4396,1,0,1,3a.csv
4396,15,15,0,3b.csv
4396,0,0,0,3c.csv
4396,0,0,0,3d.csv
4396,0,0,0,3e.csv
4396,0,0,0,3f.csv
4396,0,0,0,3g.csv
4397,7,5,2,1a.csv
4397,0,0,0,1b.csv
4397,4,3,1,1c.csv
4397,0,0,0,1e.csv
4397,3,3,0,1f.csv
4397,0,0,0,1g.csv
4397,0,0,0,1h.csv
4397,0,0,0,1i.csv
4397,0,0,0,1j.csv
4397,2,2,0,1k.csv
4397,3,3,0,1l.csv
4397,1,1,0,1m.csv
4397,2,2,0,2a.csv
4397,0,0,0,2b.csv
4397,1,0,1,2c.csv
4397,1,1,0,2d.csv
4397,1,1,0,2e.csv
4397,1,1,0,2f.csv
4397,0,0,0,2g.csv
4397,1,0,1,2h.csv
4397,1,1,0,2i.csv
4397,0,0,0,2j.csv
4397,0,0,0,2k.csv
4397,3,3,0,2l.csv
4397,1,0,1,3a.csv
4397,12,12,0,3b.csv
4397,0,0,0,3c.csv
4397,0,0,0,3d.csv
4397,0,0,0,3e.csv
4397,0,0,0,3f.csv
4397,0,0,0,3g.csv
4398,7,5,2,1a.csv
4398,0,0,0,1b.csv
4398,4,3,1,1c.csv
4398,0,0,0,1e.csv
4398,3,3,0,1f.csv
4398,0,0,0,1g.csv
4398,0,0,0,1h.csv
4398,0,0,0,1i.csv
4398,0,0,0,1j.csv
4398,1,1,0,1k.csv
4398,3,3,0,1l.csv
4398,1,1,0,1m.csv
4398,1,1,0,2a.csv
4398,0,0,0,2b.csv
4398,2,0,2,2c.csv
4398,1,1,0,2d.csv
4398,1,1,0,2e.csv
4398,1,1,0,2f.csv
4398,0,0,0,2g.csv
4398,1,0,1,2h.csv
4398,1,1,0,2i.csv
4398,0,0,0,2j.csv
4398,0,0,0,2k.csv
4398,1,1,0,2l.csv
4398,2,1,1,3a.csv
4398,10,10,0,3b.csv
4398,0,0,0,3c.csv
4398,0,0,0,3d.csv
4398,0,0,0,3e.csv
4398,0,0,0,3f.csv
4398,0,0,0,3g.csv
4399,7,5,2,1a.csv
4399,0,0,0,1b.csv
4399,3,2,1,1c.csv
4399,0,0,0,1e.csv
4399,2,2,0,1f.csv
4399,0,0,0,1g.csv
4399,0,0,0,1h.csv
4399,0,0,0,1i.csv
4399,0,0,0,1j.csv
4399,1,1,0,1k.csv
4399,4,4,0,1l.csv
4399,1,1,0,1m.csv
4399,1,1,0,2a.csv
4399,0,0,0,2b.csv
4399,2,0,2,2c.csv
4399,1,1,0,2d.csv
4399,1,1,0,2e.csv
4399,1,1,0,2f.csv
4399,0,0,0,2g.csv
4399,1,0,1,2h.csv
4399,1,1,0,2i.csv
4399,0,0,0,2j.csv
4399,0,0,0,2k.csv
4399,1,1,0,2l.csv
4399,2,1,1,3a.csv
4399,10,10,0,3b.csv
4399,0,0,0,3c.csv
4399,0,0,0,3d.csv
4399,0,0,0,3e.csv
4399,0,0,0,3f.csv
4399,0,0,0,3g.csv
4400,3,2,1,1a.csv
4400,0,0,0,1b.csv
4400,3,2,1,1c.csv
4400,0,0,0,1e.csv
4400,2,2,0,1f.csv
4400,0,0,0,1g.csv
4400,0,0,0,1h.csv
4400,0,0,0,1i.csv
4400,0,0,0,1j.csv
4400,0,0,0,1k.csv
4400,4,4,0,1l.csv
4400,1,1,0,1m.csv
4400,0,0,0,2a.csv
4400,2,2,0,2b.csv
4400,2,0,2,2c.csv
4400,1,1,0,2d.csv
4400,1,1,0,2e.csv
4400,1,1,0,2f.csv
4400,0,0,0,2g.csv
4400,1,0,1,2h.csv
4400,2,2,0,2i.csv
4400,0,0,0,2j.csv
4400,0,0,0,2k.csv
4400,1,1,0,2l.csv
4400,2,1,1,3a.csv
4400,8,8,0,3b.csv
4400,0,0,0,3c.csv
4400,0,0,0,3d.csv
4400,0,0,0,3e.csv
4400,0,0,0,3f.csv
4400,0,0,0,3g.csv
4401,3,2,1,1a.csv
4401,0,0,0,1b.csv
4401,2,2,0,1c.csv
4401,0,0,0,1e.csv
4401,1,1,0,1f.csv
4401,0,0,0,1g.csv
4401,0,0,0,1h.csv
4401,0,0,0,1i.csv
4401,0,0,0,1j.csv
4401,1,1,0,1k.csv
4401,4,4,0,1l.csv
4401,1,1,0,1m.csv
4401,0,0,0,2a.csv
4401,2,2,0,2b.csv
4401,2,0,2,2c.csv
4401,2,1,1,2d.csv
4401,1,1,0,2e.csv
4401,1,1,0,2f.csv
4401,0,0,0,2g.csv
4401,0,0,0,2h.csv
4401,2,2,0,2i.csv
4401,0,0,0,2j.csv
4401,1,1,0,2k.csv
4401,1,1,0,2l.csv
4401,2,1,1,3a.csv
4401,6,6,0,3b.csv
4401,0,0,0,3c.csv
4401,0,0,0,3d.csv
4401,0,0,0,3e.csv
4401,0,0,0,3f.csv
4401,0,0,0,3g.csv
4402,4,3,1,1a.csv
4402,0,0,0,1b.csv
4402,2,2,0,1c.csv
4402,0,0,0,1e.csv
4402,1,1,0,1f.csv
4402,0,0,0,1g.csv
4402,0,0,0,1h.csv
4402,0,0,0,1i.csv
4402,0,0,0,1j.csv
4402,1,1,0,1k.csv
4402,4,4,0,1l.csv
4402,1,1,0,1m.csv
4402,0,0,0,2a.csv
4402,3,3,0,2b.csv
4402,2,0,2,2c.csv
4402,2,1,1,2d.csv
4402,1,1,0,2e.csv
4402,1,1,0,2f.csv
4402,0,0,0,2g.csv
4402,0,0,0,2h.csv
4402,2,2,0,2i.csv
4402,0,0,0,2j.csv
4402,2,2,0,2k.csv
4402,1,1,0,2l.csv
4402,2,1,1,3a.csv
4402,4,4,0,3b.csv
4402,0,0,0,3c.csv
4402,0,0,0,3d.csv
4402,0,0,0,3e.csv
4402,0,0,0,3f.csv
4402,0,0,0,3g.csv
4403,4,3,1,1a.csv
4403,0,0,0,1b.csv
4403,1,1,0,1c.csv
4403,0,0,0,1e.csv
4403,1,1,0,1f.csv
4403,0,0,0,1g.csv
4403,2,1,1,1h.csv
4403,0,0,0,1i.csv
4403,0,0,0,1j.csv
4403,1,1,0,1k.csv
4403,3,3,0,1l.csv
4403,1,1,0,1m.csv
4403,0,0,0,2a.csv
4403,3,3,0,2b.csv
4403,1,0,1,2c.csv
4403,2,1,1,2d.csv
4403,1,1,0,2e.csv
4403,0,0,0,2f.csv
4403,0,0,0,2g.csv
4403,0,0,0,2h.csv
4403,2,2,0,2i.csv
4403,1,1,0,2j.csv
4403,3,3,0,2k.csv
4403,1,1,0,2l.csv
4403,3,2,1,3a.csv
4403,5,5,0,3b.csv
4403,0,0,0,3c.csv
4403,0,0,0,3d.csv
4403,0,0,0,3e.csv
4403,0,0,0,3f.csv
4403,0,0,0,3g.csv
4404,4,3,1,1a.csv
4404,0,0,0,1b.csv
4404,1,1,0,1c.csv
4404,0,0,0,1e.csv
4404,1,1,0,1f.csv
4404,0,0,0,1g.csv
4404,2,1,1,1h.csv
4404,0,0,0,1i.csv
4404,0,0,0,1j.csv
4404,1,1,0,1k.csv
4404,3,3,0,1l.csv
4404,0,0,0,1m.csv
4404,0,0,0,2a.csv
4404,5,5,0,2b.csv
4404,1,0,1,2c.csv
4404,1,0,1,2d.csv
4404,0,0,0,2e.csv
4404,0,0,0,2f.csv
4404,0,0,0,2g.csv
4404,0,0,0,2h.csv
4404,3,3,0,2i.csv
4404,1,1,0,2j.csv
4404,3,3,0,2k.csv
4404,1,1,0,2l.csv
4404,3,2,1,3a.csv
4404,2,2,0,3b.csv
4404,0,0,0,3c.csv
4404,0,0,0,3d.csv
4404,0,0,0,3e.csv
4404,0,0,0,3f.csv
4404,0,0,0,3g.csv
4405,2,2,0,1a.csv
4405,0,0,0,1b.csv
4405,0,0,0,1c.csv
4405,0,0,0,1e.csv
4405,0,0,0,1f.csv
4405,0,0,0,1g.csv
4405,2,1,1,1h.csv
4405,0,0,0,1i.csv
4405,0,0,0,1j.csv
4405,1,1,0,1k.csv
4405,3,3,0,1l.csv
4405,0,0,0,1m.csv
4405,0,0,0,2a.csv
4405,8,8,0,2b.csv
4405,1,0,1,2c.csv
4405,1,0,1,2d.csv
4405,0,0,0,2e.csv
4405,0,0,0,2f.csv
4405,0,0,0,2g.csv
4405,0,0,0,2h.csv
4405,2,2,0,2i.csv
4405,1,1,0,2j.csv
4405,3,3,0,2k.csv
4405,1,1,0,2l.csv
4405,5,3,2,3a.csv
4405,2,2,0,3b.csv
4405,0,0,0,3c.csv
4405,0,0,0,3d.csv
4405,0,0,0,3e.csv
4405,0,0,0,3f.csv
4405,0,0,0,3g.csv
4406,2,2,0,1a.csv
4406,0,0,0,1b.csv
4406,0,0,0,1c.csv
4406,0,0,0,1e.csv
4406,0,0,0,1f.csv
4406,0,0,0,1g.csv
4406,2,1,1,1h.csv
4406,0,0,0,1i.csv
4406,0,0,0,1j.csv
4406,1,1,0,1k.csv
4406,3,3,0,1l.csv
4406,0,0,0,1m.csv
4406,0,0,0,2a.csv
4406,8,8,0,2b.csv
4406,0,0,0,2c.csv
4406,1,0,1,2d.csv
4406,0,0,0,2e.csv
4406,0,0,0,2f.csv
4406,0,0,0,2g.csv
4406,0,0,0,2h.csv
4406,2,2,0,2i.csv
4406,1,1,0,2j.csv
4406,3,3,0,2k.csv
4406,1,1,0,2l.csv
4406,4,2,2,3a.csv
4406,2,2,0,3b.csv
4406,0,0,0,3c.csv
4406,0,0,0,3d.csv
4406,0,0,0,3e.csv
4406,0,0,0,3f.csv
4406,0,0,0,3g.csv
4407,4,4,0,1a.csv
4407,0,0,0,1b.csv
4407,0,0,0,1c.csv
4407,0,0,0,1e.csv
4407,0,0,0,1f.csv
4407,0,0,0,1g.csv
4407,2,1,1,1h.csv
4407,0,0,0,1i.csv
4407,0,0,0,1j.csv
4407,1,1,0,1k.csv
4407,1,1,0,1l.csv
4407,0,0,0,1m.csv
4407,0,0,0,2a.csv
4407,8,8,0,2b.csv
4407,0,0,0,2c.csv
4407,1,0,1,2d.csv
4407,0,0,0,2e.csv
4407,0,0,0,2f.csv
4407,1,1,0,2g.csv
4407,0,0,0,2h.csv
4407,2,2,0,2i.csv
4407,1,1,0,2j.csv
4407,3,3,0,2k.csv
4407,2,2,0,2l.csv
4407,4,2,2,3a.csv
4407,2,2,0,3b.csv
4407,0,0,0,3c.csv
4407,0,0,0,3d.csv
4407,0,0,0,3e.csv
4407,0,0,0,3f.csv
4407,0,0,0,3g.csv
4408,4,4,0,1a.csv
4408,0,0,0,1b.csv
4408,0,0,0,1c.csv
4408,0,0,0,1e.csv
4408,0,0,0,1f.csv
4408,0,0,0,1g.csv
4408,2,1,1,1h.csv
4408,0,0,0,1i.csv
4408,0,0,0,1j.csv
4408,1,1,0,1k.csv
4408,1,1,0,1l.csv
4408,0,0,0,1m.csv
4408,1,1,0,2a.csv
4408,6,6,0,2b.csv
4408,0,0,0,2c.csv
4408,1,0,1,2d.csv
4408,0,0,0,2e.csv
4408,0,0,0,2f.csv
4408,1,1,0,2g.csv
4408,0,0,0,2h.csv
4408,1,1,0,2i.csv
4408,1,1,0,2j.csv
4408,3,3,0,2k.csv
4408,2,2,0,2l.csv
4408,4,2,2,3a.csv
4408,2,2,0,3b.csv
4408,0,0,0,3c.csv
4408,0,0,0,3d.csv
4408,0,0,0,3e.csv
4408,0,0,0,3f.csv
4408,0,0,0,3g.csv
4409,4,4,0,1a.csv
4409,0,0,0,1b.csv
4409,0,0,0,1c.csv
4409,0,0,0,1e.csv
4409,0,0,0,1f.csv
4409,0,0,0,1g.csv
4409,3,2,1,1h.csv
4409,0,0,0,1i.csv
4409,0,0,0,1j.csv
4409,0,0,0,1k.csv
4409,1,1,0,1l.csv
4409,0,0,0,1m.csv
4409,1,1,0,2a.csv
4409,6,6,0,2b.csv
4409,0,0,0,2c.csv
4409,0,0,0,2d.csv
4409,0,0,0,2e.csv
4409,0,0,0,2f.csv
4409,1,1,0,2g.csv
4409,1,1,0,2h.csv
4409,1,1,0,2i.csv
4409,1,1,0,2j.csv
4409,2,2,0,2k.csv
4409,2,2,0,2l.csv
4409,4,2,2,3a.csv
4409,2,2,0,3b.csv
4409,0,0,0,3c.csv
4409,0,0,0,3d.csv
4409,0,0,0,3e.csv
4409,0,0,0,3f.csv
4409,0,0,0,3g.csv
4410,3,3,0,1a.csv
4410,0,0,0,1b.csv
4410,0,0,0,1c.csv
4410,0,0,0,1e.csv
4410,0,0,0,1f.csv
4410,1,0,1,1g.csv
4410,3,2,1,1h.csv
4410,0,0,0,1i.csv
4410,0,0,0,1j.csv
4410,0,0,0,1k.csv
4410,1,1,0,1l.csv
4410,0,0,0,1m.csv
4410,1,1,0,2a.csv
4410,5,5,0,2b.csv
4410,1,1,0,2c.csv
4410,0,0,0,2d.csv
4410,0,0,0,2e.csv
4410,0,0,0,2f.csv
4410,1,1,0,2g.csv
4410,1,1,0,2h.csv
4410,2,2,0,2i.csv
4410,1,1,0,2j.csv
4410,1,1,0,2k.csv
4410,1,1,0,2l.csv
4410,3,2,1,3a.csv
4410,2,2,0,3b.csv
4410,0,0,0,3c.csv
4410,0,0,0,3d.csv
4410,0,0,0,3e.csv
4410,0,0,0,3f.csv
4410,0,0,0,3g.csv
4411,2,2,0,1a.csv
4411,0,0,0,1b.csv
4411,0,0,0,1c.csv
4411,0,0,0,1e.csv
4411,0,0,0,1f.csv
4411,1,0,1,1g.csv
4411,2,2,0,1h.csv
4411,0,0,0,1i.csv
4411,0,0,0,1j.csv
4411,0,0,0,1k.csv
4411,1,1,0,1l.csv
4411,0,0,0,1m.csv
4411,1,1,0,2a.csv
4411,5,5,0,2b.csv
4411,1,1,0,2c.csv
4411,0,0,0,2d.csv
4411,0,0,0,2e.csv
4411,0,0,0,2f.csv
4411,1,1,0,2g.csv
4411,1,1,0,2h.csv
4411,2,2,0,2i.csv
4411,0,0,0,2j.csv
4411,0,0,0,2k.csv
4411,1,1,0,2l.csv
4411,2,1,1,3a.csv
4411,1,1,0,3b.csv
4411,0,0,0,3c.csv
4411,0,0,0,3d.csv
4411,0,0,0,3e.csv
4411,0,0,0,3f.csv
4411,0,0,0,3g.csv
4412,2,2,0,1a.csv
4412,0,0,0,1b.csv
4412,0,0,0,1c.csv
4412,0,0,0,1e.csv
4412,0,0,0,1f.csv
4412,1,0,1,1g.csv
4412,2,2,0,1h.csv
4412,0,0,0,1i.csv
4412,0,0,0,1j.csv
4412,0,0,0,1k.csv
4412,1,1,0,1l.csv
4412,1,1,0,1m.csv
4412,2,2,0,2a.csv
4412,4,4,0,2b.csv
4412,1,1,0,2c.csv
4412,0,0,0,2d.csv
4412,0,0,0,2e.csv
4412,0,0,0,2f.csv
4412,2,2,0,2g.csv
4412,1,1,0,2h.csv
4412,1,1,0,2i.csv
4412,0,0,0,2j.csv
4412,0,0,0,2k.csv
4412,1,1,0,2l.csv
4412,2,1,1,3a.csv
4412,2,2,0,3b.csv
4412,0,0,0,3c.csv
4412,0,0,0,3d.csv
4412,0,0,0,3e.csv
4412,0,0,0,3f.csv
4412,0,0,0,3g.csv
4413,3,2,1,1a.csv
4413,0,0,0,1b.csv
4413,0,0,0,1c.csv
4413,0,0,0,1e.csv
4413,0,0,0,1f.csv
4413,1,0,1,1g.csv
4413,2,2,0,1h.csv
4413,0,0,0,1i.csv
4413,0,0,0,1j.csv
4413,0,0,0,1k.csv
4413,0,0,0,1l.csv
4413,1,1,0,1m.csv
4413,2,2,0,2a.csv
4413,1,1,0,2b.csv
4413,1,1,0,2c.csv
4413,0,0,0,2d.csv
4413,0,0,0,2e.csv
4413,0,0,0,2f.csv
4413,2,2,0,2g.csv
4413,1,1,0,2h.csv
4413,2,2,0,2i.csv
4413,0,0,0,2j.csv
4413,0,0,0,2k.csv
4413,1,1,0,2l.csv
4413,0,0,0,3a.csv
4413,1,1,0,3b.csv
4413,0,0,0,3c.csv
4413,0,0,0,3d.csv
4413,0,0,0,3e.csv
4413,0,0,0,3f.csv
4413,0,0,0,3g.csv
4414,3,2,1,1a.csv
4414,0,0,0,1b.csv
4414,0,0,0,1c.csv
4414,0,0,0,1e.csv
4414,1,1,0,1f.csv
4414,1,0,1,1g.csv
4414,3,3,0,1h.csv
4414,0,0,0,1i.csv
4414,0,0,0,1j.csv
4414,0,0,0,1k.csv
4414,0,0,0,1l.csv
4414,1,1,0,1m.csv
4414,2,2,0,2a.csv
4414,1,1,0,2b.csv
4414,1,1,0,2c.csv
4414,0,0,0,2d.csv
4414,0,0,0,2e.csv
4414,0,0,0,2f.csv
4414,2,2,0,2g.csv
4414,1,1,0,2h.csv
4414,2,2,0,2i.csv
4414,0,0,0,2j.csv
4414,0,0,0,2k.csv
4414,1,1,0,2l.csv
4414,0,0,0,3a.csv
4414,1,1,0,3b.csv
4414,0,0,0,3c.csv
4414,0,0,0,3d.csv
4414,0,0,0,3e.csv
4414,0,0,0,3f.csv
4414,0,0,0,3g.csv
4415,1,0,1,1a.csv
4415,0,0,0,1b.csv
4415,0,0,0,1c.csv
4415,0,0,0,1e.csv
4415,1,1,0,1f.csv
4415,1,0,1,1g.csv
4415,3,3,0,1h.csv
4415,0,0,0,1i.csv
4415,0,0,0,1j.csv
4415,0,0,0,1k.csv
4415,0,0,0,1l.csv
4415,1,1,0,1m.csv
4415,2,2,0,2a.csv
4415,3,3,0,2b.csv
4415,1,1,0,2c.csv
4415,0,0,0,2d.csv
4415,0,0,0,2e.csv
4415,0,0,0,2f.csv
4415,1,1,0,2g.csv
4415,1,1,0,2h.csv
4415,2,2,0,2i.csv
4415,0,0,0,2j.csv
4415,0,0,0,2k.csv
4415,0,0,0,2l.csv
4415,1,0,1,3a.csv
4415,1,1,0,3b.csv
4415,0,0,0,3c.csv
4415,0,0,0,3d.csv
4415,0,0,0,3e.csv
4415,0,0,0,3f.csv
4415,0,0,0,3g.csv
4416,1,0,1,1a.csv
4416,0,0,0,1b.csv
4416,0,0,0,1c.csv
4416,0,0,0,1e.csv
4416,1,1,0,1f.csv
4416,1,0,1,1g.csv
4416,3,3,0,1h.csv
4416,0,0,0,1i.csv
4416,0,0,0,1j.csv
4416,1,1,0,1k.csv
4416,1,1,0,1l.csv
4416,1,1,0,1m.csv
4416,1,1,0,2a.csv
4416,3,3,0,2b.csv
4416,1,1,0,2c.csv
4416,0,0,0,2d.csv
4416,0,0,0,2e.csv
4416,0,0,0,2f.csv
4416,1,1,0,2g.csv
4416,1,1,0,2h.csv
4416,2,2,0,2i.csv
4416,0,0,0,2j.csv
4416,0,0,0,2k.csv
4416,0,0,0,2l.csv
4416,1,0,1,3a.csv
4416,1,1,0,3b.csv
4416,0,0,0,3c.csv
4416,0,0,0,3d.csv
4416,0,0,0,3e.csv
4416,0,0,0,3f.csv
4416,0,0,0,3g.csv
4417,1,0,1,1a.csv
4417,0,0,0,1b.csv
4417,0,0,0,1c.csv
4417,0,0,0,1e.csv
4417,1,1,0,1f.csv
4417,1,0,1,1g.csv
4417,2,2,0,1h.csv
4417,0,0,0,1i.csv
4417,0,0,0,1j.csv
4417,1,1,0,1k.csv
4417,1,1,0,1l.csv
4417,1,1,0,1m.csv
4417,1,1,0,2a.csv
4417,3,3,0,2b.csv
4417,1,1,0,2c.csv
4417,0,0,0,2d.csv
4417,0,0,0,2e.csv
4417,0,0,0,2f.csv
4417,1,1,0,2g.csv
4417,0,0,0,2h.csv
4417,2,2,0,2i.csv
4417,1,1,0,2j.csv
4417,0,0,0,2k.csv
4417,0,0,0,2l.csv
4417,1,0,1,3a.csv
4417,1,1,0,3b.csv
4417,0,0,0,3c.csv
4417,0,0,0,3d.csv
4417,0,0,0,3e.csv
4417,0,0,0,3f.csv
4417,0,0,0,3g.csv
4418,1,0,1,1a.csv
4418,0,0,0,1b.csv
4418,0,0,0,1c.csv
4418,0,0,0,1e.csv
4418,1,1,0,1f.csv
4418,0,0,0,1g.csv
4418,2,2,0,1h.csv
4418,0,0,0,1i.csv
4418,0,0,0,1j.csv
4418,1,1,0,1k.csv
4418,2,2,0,1l.csv
4418,1,1,0,1m.csv
4418,1,1,0,2a.csv
4418,3,3,0,2b.csv
4418,0,0,0,2c.csv
4418,0,0,0,2d.csv
4418,0,0,0,2e.csv
4418,0,0,0,2f.csv
4418,1,1,0,2g.csv
4418,0,0,0,2h.csv
4418,1,1,0,2i.csv
4418,1,1,0,2j.csv
4418,0,0,0,2k.csv
4418,0,0,0,2l.csv
4418,1,0,1,3a.csv
4418,1,1,0,3b.csv
4418,0,0,0,3c.csv
4418,0,0,0,3d.csv
4418,0,0,0,3e.csv
4418,0,0,0,3f.csv
4418,0,0,0,3g.csv
4419,2,1,1,1a.csv
4419,0,0,0,1b.csv
4419,0,0,0,1c.csv
4419,1,1,0,1e.csv
4419,1,1,0,1f.csv
4419,0,0,0,1g.csv
4419,1,1,0,1h.csv
4419,0,0,0,1i.csv
4419,0,0,0,1j.csv
4419,1,1,0,1k.csv
4419,3,3,0,1l.csv
4419,1,1,0,1m.csv
4419,1,1,0,2a.csv
4419,3,3,0,2b.csv
4419,0,0,0,2c.csv
4419,0,0,0,2d.csv
4419,0,0,0,2e.csv
4419,0,0,0,2f.csv
4419,1,1,0,2g.csv
4419,0,0,0,2h.csv
4419,1,1,0,2i.csv
4419,1,1,0,2j.csv
4419,0,0,0,2k.csv
4419,0,0,0,2l.csv
4419,1,0,1,3a.csv
4419,1,1,0,3b.csv
4419,0,0,0,3c.csv
4419,0,0,0,3d.csv
4419,0,0,0,3e.csv
4419,0,0,0,3f.csv
4419,0,0,0,3g.csv
4420,3,2,1,1a.csv
4420,0,0,0,1b.csv
4420,0,0,0,1c.csv
4420,1,1,0,1e.csv
4420,1,1,0,1f.csv
4420,0,0,0,1g.csv
4420,1,1,0,1h.csv
4420,0,0,0,1i.csv
4420,0,0,0,1j.csv
4420,1,1,0,1k.csv
4420,4,4,0,1l.csv
4420,0,0,0,1m.csv
4420,0,0,0,2a.csv
4420,3,3,0,2b.csv
4420,0,0,0,2c.csv
4420,0,0,0,2d.csv
4420,0,0,0,2e.csv
4420,0,0,0,2f.csv
4420,0,0,0,2g.csv
4420,0,0,0,2h.csv
4420,1,1,0,2i.csv
4420,2,2,0,2j.csv
4420,1,1,0,2k.csv
4420,0,0,0,2l.csv
4420,1,0,1,3a.csv
4420,0,0,0,3b.csv
4420,0,0,0,3c.csv
4420,0,0,0,3d.csv
4420,0,0,0,3e.csv
4420,0,0,0,3f.csv
4420,0,0,0,3g.csv
4421,2,2,0,1a.csv
4421,0,0,0,1b.csv
4421,0,0,0,1c.csv
4421,2,2,0,1e.csv
4421,1,1,0,1f.csv
4421,0,0,0,1g.csv
4421,1,1,0,1h.csv
4421,0,0,0,1i.csv
4421,0,0,0,1j.csv
4421,1,1,0,1k.csv
4421,4,4,0,1l.csv
4421,0,0,0,1m.csv
4421,0,0,0,2a.csv
4421,4,3,1,2b.csv
4421,0,0,0,2c.csv
4421,0,0,0,2d.csv
4421,0,0,0,2e.csv
4421,0,0,0,2f.csv
4421,0,0,0,2g.csv
4421,0,0,0,2h.csv
4421,0,0,0,2i.csv
4421,2,2,0,2j.csv
4421,1,1,0,2k.csv
4421,0,0,0,2l.csv
4421,1,0,1,3a.csv
4421,0,0,0,3b.csv
4421,0,0,0,3c.csv
4421,0,0,0,3d.csv
4421,0,0,0,3e.csv
4421,0,0,0,3f.csv
4421,0,0,0,3g.csv
4422,5,5,0,1a.csv
4422,0,0,0,1b.csv
4422,0,0,0,1c.csv
4422,2,2,0,1e.csv
4422,0,0,0,1f.csv
4422,0,0,0,1g.csv
4422,0,0,0,1h.csv
4422,0,0,0,1i.csv
4422,0,0,0,1j.csv
4422,1,1,0,1k.csv
4422,4,4,0,1l.csv
4422,0,0,0,1m.csv
4422,0,0,0,2a.csv
4422,4,3,1,2b.csv
4422,0,0,0,2c.csv
4422,0,0,0,2d.csv
4422,0,0,0,2e.csv
4422,0,0,0,2f.csv
4422,0,0,0,2g.csv
4422,0,0,0,2h.csv
4422,0,0,0,2i.csv
4422,2,2,0,2j.csv
4422,1,1,0,2k.csv
4422,0,0,0,2l.csv
4422,2,1,1,3a.csv
4422,0,0,0,3b.csv
4422,0,0,0,3c.csv
4422,0,0,0,3d.csv
4422,0,0,0,3e.csv
4422,0,0,0,3f.csv
4422,0,0,0,3g.csv
4423,5,5,0,1a.csv
4423,0,0,0,1b.csv
4423,0,0,0,1c.csv
4423,2,2,0,1e.csv
4423,0,0,0,1f.csv
4423,0,0,0,1g.csv
4423,1,1,0,1h.csv
4423,0,0,0,1i.csv
4423,0,0,0,1j.csv
4423,1,1,0,1k.csv
4423,4,4,0,1l.csv
4423,0,0,0,1m.csv
4423,0,0,0,2a.csv
4423,2,1,1,2b.csv
4423,0,0,0,2c.csv
4423,0,0,0,2d.csv
4423,0,0,0,2e.csv
4423,0,0,0,2f.csv
4423,0,0,0,2g.csv
4423,0,0,0,2h.csv
4423,0,0,0,2i.csv
4423,2,2,0,2j.csv
4423,1,1,0,2k.csv
4423,0,0,0,2l.csv
4423,1,1,0,3a.csv
4423,0,0,0,3b.csv
4423,0,0,0,3c.csv
4423,0,0,0,3d.csv
4423,0,0,0,3e.csv
4423,0,0,0,3f.csv
4423,0,0,0,3g.csv
4424,5,5,0,1a.csv
4424,0,0,0,1b.csv
4424,0,0,0,1c.csv
4424,2,2,0,1e.csv
4424,0,0,0,1f.csv
4424,0,0,0,1g.csv
4424,1,1,0,1h.csv
4424,0,0,0,1i.csv
4424,0,0,0,1j.csv
4424,0,0,0,1k.csv
4424,3,3,0,1l.csv
4424,0,0,0,1m.csv
4424,0,0,0,2a.csv
4424,2,1,1,2b.csv
4424,0,0,0,2c.csv
4424,0,0,0,2d.csv
4424,0,0,0,2e.csv
4424,0,0,0,2f.csv
4424,0,0,0,2g.csv
4424,0,0,0,2h.csv
4424,0,0,0,2i.csv
4424,2,2,0,2j.csv
4424,1,1,0,2k.csv
4424,0,0,0,2l.csv
4424,1,1,0,3a.csv
4424,0,0,0,3b.csv
4424,0,0,0,3c.csv
4424,0,0,0,3d.csv
4424,0,0,0,3e.csv
4424,0,0,0,3f.csv
4424,0,0,0,3g.csv
4425,6,6,0,1a.csv
4425,0,0,0,1b.csv
4425,0,0,0,1c.csv
4425,2,2,0,1e.csv
4425,1,1,0,1f.csv
4425,0,0,0,1g.csv
4425,1,1,0,1h.csv
4425,0,0,0,1i.csv
4425,0,0,0,1j.csv
4425,0,0,0,1k.csv
4425,3,3,0,1l.csv
4425,0,0,0,1m.csv
4425,0,0,0,2a.csv
4425,2,1,1,2b.csv
4425,0,0,0,2c.csv
4425,0,0,0,2d.csv
4425,0,0,0,2e.csv
4425,0,0,0,2f.csv
4425,0,0,0,2g.csv
4425,0,0,0,2h.csv
4425,0,0,0,2i.csv
4425,1,1,0,2j.csv
4425,1,1,0,2k.csv
4425,0,0,0,2l.csv
4425,1,1,0,3a.csv
4425,1,1,0,3b.csv
4425,0,0,0,3c.csv
4425,0,0,0,3d.csv
4425,0,0,0,3e.csv
4425,0,0,0,3f.csv
4425,0,0,0,3g.csv
4426,6,6,0,1a.csv
4426,0,0,0,1b.csv
4426,0,0,0,1c.csv
4426,2,2,0,1e.csv
4426,1,1,0,1f.csv
4426,0,0,0,1g.csv
4426,1,1,0,1h.csv
4426,0,0,0,1i.csv
4426,0,0,0,1j.csv
4426,0,0,0,1k.csv
4426,2,2,0,1l.csv
4426,0,0,0,1m.csv
4426,1,1,0,2a.csv
4426,2,1,1,2b.csv
4426,0,0,0,2c.csv
4426,0,0,0,2d.csv
4426,0,0,0,2e.csv
4426,0,0,0,2f.csv
4426,0,0,0,2g.csv
4426,0,0,0,2h.csv
4426,0,0,0,2i.csv
4426,1,1,0,2j.csv
4426,1,1,0,2k.csv
4426,0,0,0,2l.csv
4426,1,1,0,3a.csv
4426,1,1,0,3b.csv
4426,0,0,0,3c.csv
4426,0,0,0,3d.csv
4426,0,0,0,3e.csv
4426,0,0,0,3f.csv
4426,0,0,0,3g.csv
4427,5,5,0,1a.csv
4427,0,0,0,1b.csv
4427,1,1,0,1c.csv
4427,1,1,0,1e.csv
4427,1,1,0,1f.csv
4427,0,0,0,1g.csv
4427,1,1,0,1h.csv
4427,0,0,0,1i.csv
4427,2,2,0,1j.csv
4427,0,0,0,1k.csv
4427,1,1,0,1l.csv
4427,0,0,0,1m.csv
4427,1,1,0,2a.csv
4427,4,3,1,2b.csv
4427,0,0,0,2c.csv
4427,0,0,0,2d.csv
4427,0,0,0,2e.csv
4427,0,0,0,2f.csv
4427,0,0,0,2g.csv
4427,0,0,0,2h.csv
4427,0,0,0,2i.csv
4427,2,2,0,2j.csv
4427,2,1,1,2k.csv
4427,0,0,0,2l.csv
4427,1,1,0,3a.csv
4427,1,1,0,3b.csv
4427,0,0,0,3c.csv
4427,0,0,0,3d.csv
4427,0,0,0,3e.csv
4427,0,0,0,3f.csv
4427,0,0,0,3g.csv
4428,4,4,0,1a.csv
4428,0,0,0,1b.csv
4428,1,1,0,1c.csv
4428,1,1,0,1e.csv
4428,1,1,0,1f.csv
4428,1,0,1,1g.csv
4428,1,1,0,1h.csv
4428,0,0,0,1i.csv
4428,2,2,0,1j.csv
4428,0,0,0,1k.csv
4428,0,0,0,1l.csv
4428,0,0,0,1m.csv
4428,1,1,0,2a.csv
4428,3,2,1,2b.csv
4428,0,0,0,2c.csv
4428,0,0,0,2d.csv
4428,0,0,0,2e.csv
4428,0,0,0,2f.csv
4428,0,0,0,2g.csv
4428,0,0,0,2h.csv
4428,0,0,0,2i.csv
4428,2,2,0,2j.csv
4428,1,0,1,2k.csv
4428,0,0,0,2l.csv
4428,1,1,0,3a.csv
4428,1,1,0,3b.csv
4428,0,0,0,3c.csv
4428,0,0,0,3d.csv
4428,0,0,0,3e.csv
4428,0,0,0,3f.csv
4428,0,0,0,3g.csv
4429,5,5,0,1a.csv
4429,0,0,0,1b.csv
4429,1,1,0,1c.csv
4429,2,2,0,1e.csv
4429,1,1,0,1f.csv
4429,1,0,1,1g.csv
4429,2,2,0,1h.csv
4429,0,0,0,1i.csv
4429,2,2,0,1j.csv
4429,0,0,0,1k.csv
4429,0,0,0,1l.csv
4429,0,0,0,1m.csv
4429,1,1,0,2a.csv
4429,2,2,0,2b.csv
4429,0,0,0,2c.csv
4429,0,0,0,2d.csv
4429,0,0,0,2e.csv
4429,0,0,0,2f.csv
4429,0,0,0,2g.csv
4429,0,0,0,2h.csv
4429,0,0,0,2i.csv
4429,2,2,0,2j.csv
4429,1,0,1,2k.csv
4429,1,1,0,2l.csv
4429,1,1,0,3a.csv
4429,1,1,0,3b.csv
4429,0,0,0,3c.csv
4429,0,0,0,3d.csv
4429,0,0,0,3e.csv
4429,0,0,0,3f.csv
4429,0,0,0,3g.csv
4430,2,2,0,1a.csv
4430,0,0,0,1b.csv
4430,1,1,0,1c.csv
4430,2,2,0,1e.csv
4430,2,2,0,1f.csv
4430,1,0,1,1g.csv
4430,2,2,0,1h.csv
4430,0,0,0,1i.csv
4430,3,3,0,1j.csv
4430,0,0,0,1k.csv
4430,0,0,0,1l.csv
4430,0,0,0,1m.csv
4430,1,1,0,2a.csv
4430,2,2,0,2b.csv
4430,0,0,0,2c.csv
4430,0,0,0,2d.csv
4430,0,0,0,2e.csv
4430,0,0,0,2f.csv
4430,0,0,0,2g.csv
4430,0,0,0,2h.csv
4430,1,1,0,2i.csv
4430,2,2,0,2j.csv
4430,2,1,1,2k.csv
4430,1,1,0,2l.csv
4430,1,1,0,3a.csv
4430,1,1,0,3b.csv
4430,0,0,0,3c.csv
4430,0,0,0,3d.csv
4430,0,0,0,3e.csv
4430,0,0,0,3f.csv
4430,0,0,0,3g.csv
4431,2,2,0,1a.csv
4431,0,0,0,1b.csv
4431,2,2,0,1c.csv
4431,2,2,0,1e.csv
4431,2,2,0,1f.csv
4431,1,0,1,1g.csv
4431,1,1,0,1h.csv
4431,1,1,0,1i.csv
4431,3,3,0,1j.csv
4431,1,1,0,1k.csv
4431,0,0,0,1l.csv
4431,0,0,0,1m.csv
4431,1,1,0,2a.csv
4431,3,3,0,2b.csv
4431,0,0,0,2c.csv
4431,0,0,0,2d.csv
4431,0,0,0,2e.csv
4431,0,0,0,2f.csv
4431,0,0,0,2g.csv
4431,0,0,0,2h.csv
4431,1,1,0,2i.csv
4431,2,2,0,2j.csv
4431,2,1,1,2k.csv
4431,1,1,0,2l.csv
4431,3,3,0,3a.csv
4431,3,2,1,3b.csv
4431,0,0,0,3c.csv
4431,0,0,0,3d.csv
4431,0,0,0,3e.csv
4431,0,0,0,3f.csv
4431,0,0,0,3g.csv
4432,2,2,0,1a.csv
4432,0,0,0,1b.csv
4432,2,2,0,1c.csv
4432,2,2,0,1e.csv
4432,2,2,0,1f.csv
4432,1,0,1,1g.csv
4432,1,1,0,1h.csv
4432,1,1,0,1i.csv
4432,4,4,0,1j.csv
4432,1,1,0,1k.csv
4432,0,0,0,1l.csv
4432,0,0,0,1m.csv
4432,1,1,0,2a.csv
4432,3,3,0,2b.csv
4432,0,0,0,2c.csv
4432,0,0,0,2d.csv
4432,0,0,0,2e.csv
4432,0,0,0,2f.csv
4432,0,0,0,2g.csv
4432,0,0,0,2h.csv
4432,1,1,0,2i.csv
4432,2,2,0,2j.csv
4432,2,1,1,2k.csv
4432,1,1,0,2l.csv
4432,4,3,1,3a.csv
4432,3,2,1,3b.csv
4432,0,0,0,3c.csv
4432,0,0,0,3d.csv
4432,0,0,0,3e.csv
4432,0,0,0,3f.csv
4432,0,0,0,3g.csv
4433,2,2,0,1a.csv
4433,0,0,0,1b.csv
4433,3,2,1,1c.csv
4433,2,2,0,1e.csv
4433,1,1,0,1f.csv
4433,1,0,1,1g.csv
4433,2,2,0,1h.csv
4433,1,1,0,1i.csv
4433,4,4,0,1j.csv
4433,2,2,0,1k.csv
4433,0,0,0,1l.csv
4433,0,0,0,1m.csv
4433,1,1,0,2a.csv
4433,3,3,0,2b.csv
4433,0,0,0,2c.csv
4433,0,0,0,2d.csv
4433,0,0,0,2e.csv
4433,0,0,0,2f.csv
4433,0,0,0,2g.csv
4433,0,0,0,2h.csv
4433,1,1,0,2i.csv
4433,2,2,0,2j.csv
4433,2,1,1,2k.csv
4433,1,1,0,2l.csv
4433,4,3,1,3a.csv
4433,2,1,1,3b.csv
4433,0,0,0,3c.csv
4433,0,0,0,3d.csv
4433,0,0,0,3e.csv
4433,0,0,0,3f.csv
4433,0,0,0,3g.csv
4434,2,2,0,1a.csv
4434,0,0,0,1b.csv
4434,3,2,1,1c.csv
4434,2,2,0,1e.csv
4434,2,2,0,1f.csv
4434,1,0,1,1g.csv
4434,2,2,0,1h.csv
4434,1,1,0,1i.csv
4434,4,4,0,1j.csv
4434,2,2,0,1k.csv
4434,0,0,0,1l.csv
4434,0,0,0,1m.csv
4434,0,0,0,2a.csv
4434,3,3,0,2b.csv
4434,0,0,0,2c.csv
4434,0,0,0,2d.csv
4434,0,0,0,2e.csv
4434,0,0,0,2f.csv
4434,0,0,0,2g.csv
4434,0,0,0,2h.csv
4434,1,1,0,2i.csv
4434,2,2,0,2j.csv
4434,2,1,1,2k.csv
4434,1,1,0,2l.csv
4434,4,3,1,3a.csv
4434,3,2,1,3b.csv
4434,0,0,0,3c.csv
4434,0,0,0,3d.csv
4434,0,0,0,3e.csv
4434,0,0,0,3f.csv
4434,0,0,0,3g.csv
4435,4,2,2,1a.csv
4435,0,0,0,1b.csv
4435,2,1,1,1c.csv
4435,2,2,0,1e.csv
4435,2,2,0,1f.csv
4435,1,0,1,1g.csv
4435,2,2,0,1h.csv
4435,1,1,0,1i.csv
4435,2,2,0,1j.csv
4435,2,2,0,1k.csv
4435,0,0,0,1l.csv
4435,0,0,0,1m.csv
4435,0,0,0,2a.csv
4435,1,1,0,2b.csv
4435,1,1,0,2c.csv
4435,0,0,0,2d.csv
4435,0,0,0,2e.csv
4435,0,0,0,2f.csv
4435,0,0,0,2g.csv
4435,0,0,0,2h.csv
4435,1,1,0,2i.csv
4435,1,1,0,2j.csv
4435,1,1,0,2k.csv
4435,1,1,0,2l.csv
4435,4,3,1,3a.csv
4435,4,2,2,3b.csv
4435,0,0,0,3c.csv
4435,0,0,0,3d.csv
4435,0,0,0,3e.csv
4435,0,0,0,3f.csv
4435,0,0,0,3g.csv
4436,8,6,2,1a.csv
4436,0,0,0,1b.csv
4436,3,2,1,1c.csv
4436,3,3,0,1e.csv
4436,2,2,0,1f.csv
4436,0,0,0,1g.csv
4436,2,2,0,1h.csv
4436,1,1,0,1i.csv
4436,2,2,0,1j.csv
4436,2,2,0,1k.csv
4436,0,0,0,1l.csv
4436,0,0,0,1m.csv
4436,0,0,0,2a.csv
4436,1,1,0,2b.csv
4436,1,1,0,2c.csv
4436,0,0,0,2d.csv
4436,0,0,0,2e.csv
4436,0,0,0,2f.csv
4436,0,0,0,2g.csv
4436,0,0,0,2h.csv
4436,2,2,0,2i.csv
4436,0,0,0,2j.csv
4436,1,1,0,2k.csv
4436,1,1,0,2l.csv
4436,4,3,1,3a.csv
4436,4,2,2,3b.csv
4436,0,0,0,3c.csv
4436,0,0,0,3d.csv
4436,0,0,0,3e.csv
4436,0,0,0,3f.csv
4436,0,0,0,3g.csv
4437,7,5,2,1a.csv
4437,0,0,0,1b.csv
4437,3,2,1,1c.csv
4437,1,1,0,1e.csv
4437,2,2,0,1f.csv
4437,0,0,0,1g.csv
4437,1,1,0,1h.csv
4437,1,1,0,1i.csv
4437,2,2,0,1j.csv
4437,2,2,0,1k.csv
4437,0,0,0,1l.csv
4437,0,0,0,1m.csv
4437,0,0,0,2a.csv
4437,1,1,0,2b.csv
4437,1,1,0,2c.csv
4437,0,0,0,2d.csv
4437,0,0,0,2e.csv
4437,1,1,0,2f.csv
4437,2,2,0,2g.csv
4437,0,0,0,2h.csv
4437,2,2,0,2i.csv
4437,0,0,0,2j.csv
4437,2,1,1,2k.csv
4437,0,0,0,2l.csv
4437,4,3,1,3a.csv
4437,5,2,3,3b.csv
4437,0,0,0,3c.csv
4437,0,0,0,3d.csv
4437,0,0,0,3e.csv
4437,0,0,0,3f.csv
4437,0,0,0,3g.csv
4438,7,5,2,1a.csv
4438,0,0,0,1b.csv
4438,5,4,1,1c.csv
4438,1,1,0,1e.csv
4438,1,1,0,1f.csv
4438,0,0,0,1g.csv
4438,1,1,0,1h.csv
4438,1,1,0,1i.csv
4438,2,2,0,1j.csv
4438,2,2,0,1k.csv
4438,0,0,0,1l.csv
4438,0,0,0,1m.csv
4438,0,0,0,2a.csv
4438,1,1,0,2b.csv
4438,1,1,0,2c.csv
4438,0,0,0,2d.csv
4438,0,0,0,2e.csv
4438,1,1,0,2f.csv
4438,3,2,1,2g.csv
4438,0,0,0,2h.csv
4438,1,1,0,2i.csv
4438,0,0,0,2j.csv
4438,1,0,1,2k.csv
4438,0,0,0,2l.csv
4438,3,2,1,3a.csv
4438,5,2,3,3b.csv
4438,0,0,0,3c.csv
4438,0,0,0,3d.csv
4438,0,0,0,3e.csv
4438,0,0,0,3f.csv
4438,0,0,0,3g.csv
4439,10,7,3,1a.csv
4439,0,0,0,1b.csv
4439,6,5,1,1c.csv
4439,1,1,0,1e.csv
4439,1,1,0,1f.csv
4439,0,0,0,1g.csv
4439,1,1,0,1h.csv
4439,0,0,0,1i.csv
4439,2,2,0,1j.csv
4439,1,1,0,1k.csv
4439,0,0,0,1l.csv
4439,0,0,0,1m.csv
4439,0,0,0,2a.csv
4439,0,0,0,2b.csv
4439,1,1,0,2c.csv
4439,0,0,0,2d.csv
4439,0,0,0,2e.csv
4439,1,1,0,2f.csv
4439,3,2,1,2g.csv
4439,0,0,0,2h.csv
4439,1,1,0,2i.csv
4439,0,0,0,2j.csv
4439,1,0,1,2k.csv
4439,0,0,0,2l.csv
4439,2,1,1,3a.csv
4439,3,1,2,3b.csv
4439,0,0,0,3c.csv
4439,0,0,0,3d.csv
4439,0,0,0,3e.csv
4439,0,0,0,3f.csv
4439,0,0,0,3g.csv
4440,11,7,4,1a.csv
4440,0,0,0,1b.csv
4440,6,5,1,1c.csv
4440,1,1,0,1e.csv
4440,1,1,0,1f.csv
4440,0,0,0,1g.csv
4440,1,1,0,1h.csv
4440,0,0,0,1i.csv
4440,1,1,0,1j.csv
4440,1,1,0,1k.csv
4440,0,0,0,1l.csv
4440,0,0,0,1m.csv
4440,0,0,0,2a.csv
4440,0,0,0,2b.csv
4440,1,1,0,2c.csv
4440,0,0,0,2d.csv
4440,1,1,0,2e.csv
4440,1,1,0,2f.csv
4440,3,2,1,2g.csv
4440,0,0,0,2h.csv
4440,1,1,0,2i.csv
4440,0,0,0,2j.csv
4440,1,0,1,2k.csv
4440,0,0,0,2l.csv
4440,2,2,0,3a.csv
4440,3,1,2,3b.csv
4440,0,0,0,3c.csv
4440,0,0,0,3d.csv
4440,0,0,0,3e.csv
4440,0,0,0,3f.csv
4440,0,0,0,3g.csv
4441,12,8,4,1a.csv
4441,0,0,0,1b.csv
4441,5,5,0,1c.csv
4441,1,1,0,1e.csv
4441,1,1,0,1f.csv
4441,0,0,0,1g.csv
4441,0,0,0,1h.csv
4441,0,0,0,1i.csv
4441,1,1,0,1j.csv
4441,0,0,0,1k.csv
4441,0,0,0,1l.csv
4441,0,0,0,1m.csv
4441,0,0,0,2a.csv
4441,0,0,0,2b.csv
4441,1,1,0,2c.csv
4441,0,0,0,2d.csv
4441,1,1,0,2e.csv
4441,1,1,0,2f.csv
4441,4,3,1,2g.csv
4441,0,0,0,2h.csv
4441,1,1,0,2i.csv
4441,0,0,0,2j.csv
4441,1,0,1,2k.csv
4441,0,0,0,2l.csv
4441,3,3,0,3a.csv
4441,4,1,3,3b.csv
4441,0,0,0,3c.csv
4441,0,0,0,3d.csv
4441,0,0,0,3e.csv
4441,0,0,0,3f.csv
4441,0,0,0,3g.csv
4442,16,12,4,1a.csv
4442,0,0,0,1b.csv
4442,5,5,0,1c.csv
4442,1,1,0,1e.csv
4442,0,0,0,1f.csv
4442,0,0,0,1g.csv
4442,0,0,0,1h.csv
4442,0,0,0,1i.csv
4442,1,1,0,1j.csv
4442,0,0,0,1k.csv
4442,0,0,0,1l.csv
4442,0,0,0,1m.csv
4442,0,0,0,2a.csv
4442,0,0,0,2b.csv
4442,2,2,0,2c.csv
4442,0,0,0,2d.csv
4442,1,1,0,2e.csv
4442,1,1,0,2f.csv
4442,4,3,1,2g.csv
4442,0,0,0,2h.csv
4442,1,1,0,2i.csv
4442,0,0,0,2j.csv
4442,1,0,1,2k.csv
4442,0,0,0,2l.csv
4442,3,3,0,3a.csv
4442,3,0,3,3b.csv
4442,0,0,0,3c.csv
4442,0,0,0,3d.csv
4442,0,0,0,3e.csv
4442,0,0,0,3f.csv
4442,0,0,0,3g.csv
4443,15,13,2,1a.csv
4443,0,0,0,1b.csv
4443,6,6,0,1c.csv
4443,1,1,0,1e.csv
4443,0,0,0,1f.csv
4443,0,0,0,1g.csv
4443,0,0,0,1h.csv
4443,0,0,0,1i.csv
4443,1,1,0,1j.csv
4443,0,0,0,1k.csv
4443,0,0,0,1l.csv
4443,0,0,0,1m.csv
4443,1,0,1,2a.csv
4443,0,0,0,2b.csv
4443,1,1,0,2c.csv
4443,0,0,0,2d.csv
4443,1,1,0,2e.csv
4443,1,1,0,2f.csv
4443,5,4,1,2g.csv
4443,0,0,0,2h.csv
4443,1,1,0,2i.csv
4443,0,0,0,2j.csv
4443,1,0,1,2k.csv
4443,0,0,0,2l.csv
4443,3,3,0,3a.csv
4443,2,0,2,3b.csv
4443,0,0,0,3c.csv
4443,0,0,0,3d.csv
4443,0,0,0,3e.csv
4443,0,0,0,3f.csv
4443,0,0,0,3g.csv
4444,11,9,2,1a.csv
4444,0,0,0,1b.csv
4444,5,5,0,1c.csv
4444,0,0,0,1e.csv
4444,0,0,0,1f.csv
4444,0,0,0,1g.csv
4444,0,0,0,1h.csv
4444,0,0,0,1i.csv
4444,1,1,0,1j.csv
4444,0,0,0,1k.csv
4444,0,0,0,1l.csv
4444,0,0,0,1m.csv
4444,1,0,1,2a.csv
4444,0,0,0,2b.csv
4444,2,2,0,2c.csv
4444,0,0,0,2d.csv
4444,1,1,0,2e.csv
4444,2,2,0,2f.csv
4444,5,4,1,2g.csv
4444,0,0,0,2h.csv
4444,0,0,0,2i.csv
4444,0,0,0,2j.csv
4444,1,0,1,2k.csv
4444,0,0,0,2l.csv
4444,3,3,0,3a.csv
4444,2,0,2,3b.csv
4444,0,0,0,3c.csv
4444,0,0,0,3d.csv
4444,0,0,0,3e.csv
4444,0,0,0,3f.csv
4444,0,0,0,3g.csv
4445,12,10,2,1a.csv
4445,0,0,0,1b.csv
4445,5,5,0,1c.csv
4445,0,0,0,1e.csv
4445,0,0,0,1f.csv
4445,0,0,0,1g.csv
4445,0,0,0,1h.csv
4445,0,0,0,1i.csv
4445,1,1,0,1j.csv
4445,0,0,0,1k.csv
4445,0,0,0,1l.csv
4445,0,0,0,1m.csv
4445,2,1,1,2a.csv
4445,0,0,0,2b.csv
4445,2,2,0,2c.csv
4445,0,0,0,2d.csv
4445,1,1,0,2e.csv
4445,2,2,0,2f.csv
4445,3,2,1,2g.csv
4445,0,0,0,2h.csv
4445,0,0,0,2i.csv
4445,0,0,0,2j.csv
4445,0,0,0,2k.csv
4445,0,0,0,2l.csv
4445,5,5,0,3a.csv
4445,1,0,1,3b.csv
4445,0,0,0,3c.csv
4445,0,0,0,3d.csv
4445,0,0,0,3e.csv
4445,0,0,0,3f.csv
4445,0,0,0,3g.csv
4446,17,13,4,1a.csv
4446,0,0,0,1b.csv
4446,3,3,0,1c.csv
4446,0,0,0,1e.csv
4446,0,0,0,1f.csv
4446,1,1,0,1g.csv
4446,0,0,0,1h.csv
4446,0,0,0,1i.csv
4446,0,0,0,1j.csv
4446,0,0,0,1k.csv
4446,0,0,0,1l.csv
4446,0,0,0,1m.csv
4446,2,1,1,2a.csv
4446,0,0,0,2b.csv
4446,3,2,1,2c.csv
4446,0,0,0,2d.csv
4446,1,1,0,2e.csv
4446,2,2,0,2f.csv
4446,3,3,0,2g.csv
4446,0,0,0,2h.csv
4446,1,1,0,2i.csv
4446,0,0,0,2j.csv
4446,0,0,0,2k.csv
4446,0,0,0,2l.csv
4446,5,5,0,3a.csv
4446,1,0,1,3b.csv
4446,0,0,0,3c.csv
4446,0,0,0,3d.csv
4446,0,0,0,3e.csv
4446,0,0,0,3f.csv
4446,0,0,0,3g.csv
4447,16,13,3,1a.csv
4447,0,0,0,1b.csv
4447,1,1,0,1c.csv
4447,1,1,0,1e.csv
4447,0,0,0,1f.csv
4447,1,1,0,1g.csv
4447,0,0,0,1h.csv
4447,0,0,0,1i.csv
4447,0,0,0,1j.csv
4447,0,0,0,1k.csv
4447,1,1,0,1l.csv
4447,0,0,0,1m.csv
4447,2,1,1,2a.csv
4447,0,0,0,2b.csv
4447,3,2,1,2c.csv
4447,0,0,0,2d.csv
4447,1,1,0,2e.csv
4447,2,2,0,2f.csv
4447,3,3,0,2g.csv
4447,0,0,0,2h.csv
4447,1,1,0,2i.csv
4447,0,0,0,2j.csv
4447,0,0,0,2k.csv
4447,0,0,0,2l.csv
4447,4,4,0,3a.csv
4447,1,0,1,3b.csv
4447,0,0,0,3c.csv
4447,0,0,0,3d.csv
4447,0,0,0,3e.csv
4447,0,0,0,3f.csv
4447,0,0,0,3g.csv
4448,16,14,2,1a.csv
4448,0,0,0,1b.csv
4448,1,1,0,1c.csv
4448,1,1,0,1e.csv
4448,0,0,0,1f.csv
4448,1,1,0,1g.csv
4448,0,0,0,1h.csv
4448,0,0,0,1i.csv
4448,0,0,0,1j.csv
4448,0,0,0,1k.csv
4448,1,1,0,1l.csv
4448,0,0,0,1m.csv
4448,2,1,1,2a.csv
4448,1,1,0,2b.csv
4448,3,2,1,2c.csv
4448,0,0,0,2d.csv
4448,0,0,0,2e.csv
4448,3,2,1,2f.csv
4448,3,3,0,2g.csv
4448,0,0,0,2h.csv
4448,1,1,0,2i.csv
4448,0,0,0,2j.csv
4448,0,0,0,2k.csv
4448,1,1,0,2l.csv
4448,4,4,0,3a.csv
4448,1,0,1,3b.csv
4448,0,0,0,3c.csv
4448,0,0,0,3d.csv
4448,0,0,0,3e.csv
4448,0,0,0,3f.csv
4448,0,0,0,3g.csv
4449,16,14,2,1a.csv
4449,0,0,0,1b.csv
4449,1,1,0,1c.csv
4449,1,1,0,1e.csv
4449,0,0,0,1f.csv
4449,1,1,0,1g.csv
4449,0,0,0,1h.csv
4449,0,0,0,1i.csv
4449,0,0,0,1j.csv
4449,0,0,0,1k.csv
4449,1,1,0,1l.csv
4449,0,0,0,1m.csv
4449,2,1,1,2a.csv
4449,1,1,0,2b.csv
4449,3,2,1,2c.csv
4449,0,0,0,2d.csv
4449,0,0,0,2e.csv
4449,3,2,1,2f.csv
4449,2,2,0,2g.csv
4449,0,0,0,2h.csv
4449,1,1,0,2i.csv
4449,0,0,0,2j.csv
4449,0,0,0,2k.csv
4449,1,1,0,2l.csv
4449,3,3,0,3a.csv
4449,0,0,0,3b.csv
4449,0,0,0,3c.csv
4449,0,0,0,3d.csv
4449,0,0,0,3e.csv
4449,0,0,0,3f.csv
4449,0,0,0,3g.csv
4450,16,14,2,1a.csv
4450,0,0,0,1b.csv
4450,1,1,0,1c.csv
4450,1,1,0,1e.csv
4450,0,0,0,1f.csv
4450,2,2,0,1g.csv
4450,0,0,0,1h.csv
4450,0,0,0,1i.csv
4450,0,0,0,1j.csv
4450,0,0,0,1k.csv
4450,1,1,0,1l.csv
4450,0,0,0,1m.csv
4450,2,1,1,2a.csv
4450,1,1,0,2b.csv
4450,2,1,1,2c.csv
4450,0,0,0,2d.csv
4450,0,0,0,2e.csv
4450,3,2,1,2f.csv
4450,2,2,0,2g.csv
4450,0,0,0,2h.csv
4450,2,1,1,2i.csv
4450,0,0,0,2j.csv
4450,0,0,0,2k.csv
4450,1,1,0,2l.csv
4450,4,4,0,3a.csv
4450,0,0,0,3b.csv
4450,0,0,0,3c.csv
4450,0,0,0,3d.csv
4450,0,0,0,3e.csv
4450,0,0,0,3f.csv
4450,0,0,0,3g.csv
4451,18,16,2,1a.csv
4451,0,0,0,1b.csv
4451,0,0,0,1c.csv
4451,1,1,0,1e.csv
4451,2,2,0,1f.csv
4451,2,2,0,1g.csv
4451,0,0,0,1h.csv
4451,0,0,0,1i.csv
4451,0,0,0,1j.csv
4451,0,0,0,1k.csv
4451,1,1,0,1l.csv
4451,0,0,0,1m.csv
4451,1,1,0,2a.csv
4451,1,1,0,2b.csv
4451,2,1,1,2c.csv
4451,0,0,0,2d.csv
4451,0,0,0,2e.csv
4451,3,2,1,2f.csv
4451,1,1,0,2g.csv
4451,0,0,0,2h.csv
4451,2,1,1,2i.csv
4451,0,0,0,2j.csv
4451,0,0,0,2k.csv
4451,1,1,0,2l.csv
4451,5,4,1,3a.csv
4451,1,0,1,3b.csv
4451,0,0,0,3c.csv
4451,0,0,0,3d.csv
4451,0,0,0,3e.csv
4451,0,0,0,3f.csv
4451,0,0,0,3g.csv
4452,20,18,2,1a.csv
4452,0,0,0,1b.csv
4452,0,0,0,1c.csv
4452,1,1,0,1e.csv
4452,2,2,0,1f.csv
4452,2,2,0,1g.csv
4452,0,0,0,1h.csv
4452,0,0,0,1i.csv
4452,0,0,0,1j.csv
4452,0,0,0,1k.csv
4452,1,1,0,1l.csv
4452,0,0,0,1m.csv
4452,1,1,0,2a.csv
4452,1,1,0,2b.csv
4452,1,0,1,2c.csv
4452,0,0,0,2d.csv
4452,0,0,0,2e.csv
4452,2,1,1,2f.csv
4452,1,1,0,2g.csv
4452,0,0,0,2h.csv
4452,2,1,1,2i.csv
4452,0,0,0,2j.csv
4452,0,0,0,2k.csv
4452,1,1,0,2l.csv
4452,5,4,1,3a.csv
4452,1,0,1,3b.csv
4452,0,0,0,3c.csv
4452,0,0,0,3d.csv
4452,0,0,0,3e.csv
4452,0,0,0,3f.csv
4452,0,0,0,3g.csv
4453,26,22,4,1a.csv
4453,0,0,0,1b.csv
4453,0,0,0,1c.csv
4453,1,1,0,1e.csv
4453,2,2,0,1f.csv
4453,2,2,0,1g.csv
4453,0,0,0,1h.csv
4453,0,0,0,1i.csv
4453,0,0,0,1j.csv
4453,0,0,0,1k.csv
4453,1,1,0,1l.csv
4453,0,0,0,1m.csv
4453,0,0,0,2a.csv
4453,1,1,0,2b.csv
4453,1,0,1,2c.csv
4453,0,0,0,2d.csv
4453,0,0,0,2e.csv
4453,2,0,2,2f.csv
4453,1,1,0,2g.csv
4453,0,0,0,2h.csv
4453,2,1,1,2i.csv
4453,0,0,0,2j.csv
4453,0,0,0,2k.csv
4453,1,1,0,2l.csv
4453,4,3,1,3a.csv
4453,1,0,1,3b.csv
4453,0,0,0,3c.csv
4453,0,0,0,3d.csv
4453,0,0,0,3e.csv
4453,0,0,0,3f.csv
4453,0,0,0,3g.csv
4454,23,21,2,1a.csv
4454,0,0,0,1b.csv
4454,0,0,0,1c.csv
4454,1,1,0,1e.csv
4454,2,2,0,1f.csv
4454,1,1,0,1g.csv
4454,0,0,0,1h.csv
4454,0,0,0,1i.csv
4454,0,0,0,1j.csv
4454,0,0,0,1k.csv
4454,1,1,0,1l.csv
4454,0,0,0,1m.csv
4454,0,0,0,2a.csv
4454,2,2,0,2b.csv
4454,0,0,0,2c.csv
4454,0,0,0,2d.csv
4454,0,0,0,2e.csv
4454,2,0,2,2f.csv
4454,0,0,0,2g.csv
4454,0,0,0,2h.csv
4454,1,0,1,2i.csv
4454,0,0,0,2j.csv
4454,0,0,0,2k.csv
4454,1,1,0,2l.csv
4454,5,4,1,3a.csv
4454,1,0,1,3b.csv
4454,0,0,0,3c.csv
4454,0,0,0,3d.csv
4454,0,0,0,3e.csv
4454,0,0,0,3f.csv
4454,0,0,0,3g.csv
4455,21,19,2,1a.csv
4455,0,0,0,1b.csv
4455,2,1,1,1c.csv
4455,0,0,0,1e.csv
4455,2,2,0,1f.csv
4455,1,1,0,1g.csv
4455,0,0,0,1h.csv
4455,0,0,0,1i.csv
4455,0,0,0,1j.csv
4455,0,0,0,1k.csv
4455,0,0,0,1l.csv
4455,0,0,0,1m.csv
4455,0,0,0,2a.csv
4455,2,2,0,2b.csv
4455,0,0,0,2c.csv
4455,0,0,0,2d.csv
4455,0,0,0,2e.csv
4455,3,0,3,2f.csv
4455,0,0,0,2g.csv
4455,0,0,0,2h.csv
4455,1,0,1,2i.csv
4455,0,0,0,2j.csv
4455,0,0,0,2k.csv
4455,1,1,0,2l.csv
4455,6,4,2,3a.csv
4455,1,0,1,3b.csv
4455,0,0,0,3c.csv
4455,0,0,0,3d.csv
4455,0,0,0,3e.csv
4455,0,0,0,3f.csv
4455,0,0,0,3g.csv
4456,24,22,2,1a.csv
4456,0,0,0,1b.csv
4456,3,2,1,1c.csv
4456,0,0,0,1e.csv
4456,2,2,0,1f.csv
4456,1,1,0,1g.csv
4456,0,0,0,1h.csv
4456,0,0,0,1i.csv
4456,0,0,0,1j.csv
4456,0,0,0,1k.csv
4456,1,1,0,1l.csv
4456,0,0,0,1m.csv
4456,0,0,0,2a.csv
4456,1,1,0,2b.csv
4456,0,0,0,2c.csv
4456,0,0,0,2d.csv
4456,0,0,0,2e.csv
4456,2,0,2,2f.csv
4456,0,0,0,2g.csv
4456,0,0,0,2h.csv
4456,1,0,1,2i.csv
4456,0,0,0,2j.csv
4456,0,0,0,2k.csv
4456,0,0,0,2l.csv
4456,5,3,2,3a.csv
4456,1,0,1,3b.csv
4456,0,0,0,3c.csv
4456,0,0,0,3d.csv
4456,0,0,0,3e.csv
4456,0,0,0,3f.csv
4456,0,0,0,3g.csv
4457,25,23,2,1a.csv
4457,0,0,0,1b.csv
4457,4,3,1,1c.csv
4457,0,0,0,1e.csv
4457,3,3,0,1f.csv
4457,1,1,0,1g.csv
4457,0,0,0,1h.csv
4457,0,0,0,1i.csv
4457,0,0,0,1j.csv
4457,0,0,0,1k.csv
4457,2,2,0,1l.csv
4457,1,1,0,1m.csv
4457,0,0,0,2a.csv
4457,1,1,0,2b.csv
4457,0,0,0,2c.csv
4457,0,0,0,2d.csv
4457,0,0,0,2e.csv
4457,2,0,2,2f.csv
4457,0,0,0,2g.csv
4457,0,0,0,2h.csv
4457,1,0,1,2i.csv
4457,0,0,0,2j.csv
4457,0,0,0,2k.csv
4457,0,0,0,2l.csv
4457,5,3,2,3a.csv
4457,2,1,1,3b.csv
4457,0,0,0,3c.csv
4457,0,0,0,3d.csv
4457,0,0,0,3e.csv
4457,0,0,0,3f.csv
4457,0,0,0,3g.csv
4458,21,19,2,1a.csv
4458,0,0,0,1b.csv
4458,4,3,1,1c.csv
4458,0,0,0,1e.csv
4458,3,3,0,1f.csv
4458,0,0,0,1g.csv
4458,0,0,0,1h.csv
4458,0,0,0,1i.csv
4458,0,0,0,1j.csv
4458,0,0,0,1k.csv
4458,3,3,0,1l.csv
4458,1,1,0,1m.csv
4458,0,0,0,2a.csv
4458,1,1,0,2b.csv
4458,0,0,0,2c.csv
4458,0,0,0,2d.csv
4458,0,0,0,2e.csv
4458,2,0,2,2f.csv
4458,1,1,0,2g.csv
4458,0,0,0,2h.csv
4458,0,0,0,2i.csv
4458,0,0,0,2j.csv
4458,0,0,0,2k.csv
4458,0,0,0,2l.csv
4458,5,3,2,3a.csv
4458,2,1,1,3b.csv
4458,0,0,0,3c.csv
4458,0,0,0,3d.csv
4458,0,0,0,3e.csv
4458,0,0,0,3f.csv
4458,0,0,0,3g.csv
4459,20,18,2,1a.csv
4459,0,0,0,1b.csv
4459,4,3,1,1c.csv
4459,0,0,0,1e.csv
4459,2,1,1,1f.csv
4459,0,0,0,1g.csv
4459,0,0,0,1h.csv
4459,0,0,0,1i.csv
4459,0,0,0,1j.csv
4459,0,0,0,1k.csv
4459,4,4,0,1l.csv
4459,1,1,0,1m.csv
4459,0,0,0,2a.csv
4459,1,1,0,2b.csv
4459,0,0,0,2c.csv
4459,0,0,0,2d.csv
4459,0,0,0,2e.csv
4459,4,1,3,2f.csv
4459,1,1,0,2g.csv
4459,0,0,0,2h.csv
4459,0,0,0,2i.csv
4459,0,0,0,2j.csv
4459,0,0,0,2k.csv
4459,0,0,0,2l.csv
4459,4,3,1,3a.csv
4459,2,1,1,3b.csv
4459,0,0,0,3c.csv
4459,0,0,0,3d.csv
4459,0,0,0,3e.csv
4459,0,0,0,3f.csv
4459,0,0,0,3g.csv
4460,18,16,2,1a.csv
4460,0,0,0,1b.csv
4460,4,3,1,1c.csv
4460,0,0,0,1e.csv
4460,3,1,2,1f.csv
4460,0,0,0,1g.csv
4460,0,0,0,1h.csv
4460,0,0,0,1i.csv
4460,0,0,0,1j.csv
4460,0,0,0,1k.csv
4460,5,5,0,1l.csv
4460,1,1,0,1m.csv
4460,0,0,0,2a.csv
4460,1,1,0,2b.csv
4460,0,0,0,2c.csv
4460,0,0,0,2d.csv
4460,0,0,0,2e.csv
4460,5,1,4,2f.csv
4460,1,1,0,2g.csv
4460,0,0,0,2h.csv
4460,0,0,0,2i.csv
4460,0,0,0,2j.csv
4460,0,0,0,2k.csv
4460,0,0,0,2l.csv
4460,5,4,1,3a.csv
4460,2,1,1,3b.csv
4460,0,0,0,3c.csv
4460,0,0,0,3d.csv
4460,0,0,0,3e.csv
4460,0,0,0,3f.csv
4460,0,0,0,3g.csv
4461,12,12,0,1a.csv
4461,0,0,0,1b.csv
4461,4,3,1,1c.csv
4461,0,0,0,1e.csv
4461,3,1,2,1f.csv
4461,0,0,0,1g.csv
4461,0,0,0,1h.csv
4461,0,0,0,1i.csv
4461,0,0,0,1j.csv
4461,0,0,0,1k.csv
4461,5,5,0,1l.csv
4461,1,1,0,1m.csv
4461,0,0,0,2a.csv
4461,1,1,0,2b.csv
4461,0,0,0,2c.csv
4461,0,0,0,2d.csv
4461,0,0,0,2e.csv
4461,4,1,3,2f.csv
4461,1,1,0,2g.csv
4461,0,0,0,2h.csv
4461,1,1,0,2i.csv
4461,0,0,0,2j.csv
4461,0,0,0,2k.csv
4461,0,0,0,2l.csv
4461,5,3,2,3a.csv
4461,2,1,1,3b.csv
4461,0,0,0,3c.csv
4461,0,0,0,3d.csv
4461,0,0,0,3e.csv
4461,0,0,0,3f.csv
4461,0,0,0,3g.csv
4462,12,12,0,1a.csv
4462,0,0,0,1b.csv
4462,4,3,1,1c.csv
4462,0,0,0,1e.csv
4462,3,1,2,1f.csv
4462,1,1,0,1g.csv
4462,0,0,0,1h.csv
4462,0,0,0,1i.csv
4462,0,0,0,1j.csv
4462,1,1,0,1k.csv
4462,5,5,0,1l.csv
4462,1,1,0,1m.csv
4462,0,0,0,2a.csv
4462,0,0,0,2b.csv
4462,0,0,0,2c.csv
4462,0,0,0,2d.csv
4462,0,0,0,2e.csv
4462,4,1,3,2f.csv
4462,1,1,0,2g.csv
4462,0,0,0,2h.csv
4462,1,1,0,2i.csv
4462,0,0,0,2j.csv
4462,0,0,0,2k.csv
4462,0,0,0,2l.csv
4462,4,2,2,3a.csv
4462,2,1,1,3b.csv
4462,0,0,0,3c.csv
4462,0,0,0,3d.csv
4462,0,0,0,3e.csv
4462,0,0,0,3f.csv
4462,0,0,0,3g.csv
4463,15,15,0,1a.csv
4463,0,0,0,1b.csv
4463,2,2,0,1c.csv
4463,0,0,0,1e.csv
4463,5,3,2,1f.csv
4463,1,1,0,1g.csv
4463,0,0,0,1h.csv
4463,0,0,0,1i.csv
4463,0,0,0,1j.csv
4463,1,1,0,1k.csv
4463,7,7,0,1l.csv
4463,1,1,0,1m.csv
4463,0,0,0,2a.csv
4463,0,0,0,2b.csv
4463,1,1,0,2c.csv
4463,0,0,0,2d.csv
4463,0,0,0,2e.csv
4463,3,1,2,2f.csv
4463,1,1,0,2g.csv
4463,0,0,0,2h.csv
4463,1,1,0,2i.csv
4463,0,0,0,2j.csv
4463,0,0,0,2k.csv
4463,0,0,0,2l.csv
4463,3,2,1,3a.csv
4463,2,1,1,3b.csv
4463,0,0,0,3c.csv
4463,0,0,0,3d.csv
4463,0,0,0,3e.csv
4463,0,0,0,3f.csv
4463,0,0,0,3g.csv
4464,11,11,0,1a.csv
4464,0,0,0,1b.csv
4464,0,0,0,1c.csv
4464,0,0,0,1e.csv
4464,6,4,2,1f.csv
4464,1,1,0,1g.csv
4464,0,0,0,1h.csv
4464,0,0,0,1i.csv
4464,0,0,0,1j.csv
4464,1,1,0,1k.csv
4464,6,6,0,1l.csv
4464,1,1,0,1m.csv
4464,0,0,0,2a.csv
4464,1,0,1,2b.csv
4464,1,1,0,2c.csv
4464,0,0,0,2d.csv
4464,0,0,0,2e.csv
4464,3,1,2,2f.csv
4464,1,1,0,2g.csv
4464,0,0,0,2h.csv
4464,1,1,0,2i.csv
4464,0,0,0,2j.csv
4464,0,0,0,2k.csv
4464,0,0,0,2l.csv
4464,3,2,1,3a.csv
4464,2,1,1,3b.csv
4464,0,0,0,3c.csv
4464,0,0,0,3d.csv
4464,0,0,0,3e.csv
4464,0,0,0,3f.csv
4464,0,0,0,3g.csv
4465,10,10,0,1a.csv
4465,0,0,0,1b.csv
4465,0,0,0,1c.csv
4465,0,0,0,1e.csv
4465,5,3,2,1f.csv
4465,1,1,0,1g.csv
4465,0,0,0,1h.csv
4465,0,0,0,1i.csv
4465,0,0,0,1j.csv
4465,1,1,0,1k.csv
4465,8,7,1,1l.csv
4465,0,0,0,1m.csv
4465,0,0,0,2a.csv
4465,1,0,1,2b.csv
4465,1,1,0,2c.csv
4465,0,0,0,2d.csv
4465,0,0,0,2e.csv
4465,3,1,2,2f.csv
4465,1,1,0,2g.csv
4465,0,0,0,2h.csv
4465,1,1,0,2i.csv
4465,0,0,0,2j.csv
4465,0,0,0,2k.csv
4465,0,0,0,2l.csv
4465,4,3,1,3a.csv
4465,2,0,2,3b.csv
4465,0,0,0,3c.csv
4465,0,0,0,3d.csv
4465,0,0,0,3e.csv
4465,0,0,0,3f.csv
4465,0,0,0,3g.csv
4466,11,11,0,1a.csv
4466,0,0,0,1b.csv
4466,0,0,0,1c.csv
4466,0,0,0,1e.csv
4466,5,3,2,1f.csv
4466,1,1,0,1g.csv
4466,0,0,0,1h.csv
4466,0,0,0,1i.csv
4466,0,0,0,1j.csv
4466,1,1,0,1k.csv
4466,8,7,1,1l.csv
4466,1,1,0,1m.csv
4466,0,0,0,2a.csv
4466,1,0,1,2b.csv
4466,1,1,0,2c.csv
4466,0,0,0,2d.csv
4466,0,0,0,2e.csv
4466,3,1,2,2f.csv
4466,0,0,0,2g.csv
4466,0,0,0,2h.csv
4466,1,1,0,2i.csv
4466,0,0,0,2j.csv
4466,0,0,0,2k.csv
4466,0,0,0,2l.csv
4466,3,2,1,3a.csv
4466,3,1,2,3b.csv
4466,0,0,0,3c.csv
4466,0,0,0,3d.csv
4466,0,0,0,3e.csv
4466,0,0,0,3f.csv
4466,0,0,0,3g.csv
4467,13,13,0,1a.csv
4467,0,0,0,1b.csv
4467,0,0,0,1c.csv
4467,0,0,0,1e.csv
4467,4,3,1,1f.csv
4467,1,1,0,1g.csv
4467,0,0,0,1h.csv
4467,0,0,0,1i.csv
4467,0,0,0,1j.csv
4467,1,1,0,1k.csv
4467,8,7,1,1l.csv
4467,1,1,0,1m.csv
4467,0,0,0,2a.csv
4467,1,0,1,2b.csv
4467,1,1,0,2c.csv
4467,0,0,0,2d.csv
4467,0,0,0,2e.csv
4467,1,0,1,2f.csv
4467,1,1,0,2g.csv
4467,0,0,0,2h.csv
4467,1,1,0,2i.csv
4467,0,0,0,2j.csv
4467,0,0,0,2k.csv
4467,0,0,0,2l.csv
4467,5,4,1,3a.csv
4467,2,1,1,3b.csv
4467,0,0,0,3c.csv
4467,0,0,0,3d.csv
4467,0,0,0,3e.csv
4467,0,0,0,3f.csv
4467,0,0,0,3g.csv
4468,14,14,0,1a.csv
4468,0,0,0,1b.csv
4468,0,0,0,1c.csv
4468,0,0,0,1e.csv
4468,3,3,0,1f.csv
4468,1,1,0,1g.csv
4468,0,0,0,1h.csv
4468,0,0,0,1i.csv
4468,0,0,0,1j.csv
4468,1,1,0,1k.csv
4468,7,6,1,1l.csv
4468,1,1,0,1m.csv
4468,0,0,0,2a.csv
4468,1,0,1,2b.csv
4468,1,1,0,2c.csv
4468,0,0,0,2d.csv
4468,0,0,0,2e.csv
4468,0,0,0,2f.csv
4468,1,1,0,2g.csv
4468,0,0,0,2h.csv
4468,1,1,0,2i.csv
4468,0,0,0,2j.csv
4468,0,0,0,2k.csv
4468,0,0,0,2l.csv
4468,5,4,1,3a.csv
4468,2,1,1,3b.csv
4468,0,0,0,3c.csv
4468,0,0,0,3d.csv
4468,0,0,0,3e.csv
4468,0,0,0,3f.csv
4468,0,0,0,3g.csv
4469,16,15,1,1a.csv
4469,0,0,0,1b.csv
4469,0,0,0,1c.csv
4469,0,0,0,1e.csv
4469,3,3,0,1f.csv
4469,1,1,0,1g.csv
4469,0,0,0,1h.csv
4469,0,0,0,1i.csv
4469,0,0,0,1j.csv
4469,1,1,0,1k.csv
4469,7,6,1,1l.csv
4469,1,1,0,1m.csv
4469,0,0,0,2a.csv
4469,1,0,1,2b.csv
4469,1,1,0,2c.csv
4469,0,0,0,2d.csv
4469,0,0,0,2e.csv
4469,0,0,0,2f.csv
4469,1,1,0,2g.csv
4469,0,0,0,2h.csv
4469,0,0,0,2i.csv
4469,0,0,0,2j.csv
4469,0,0,0,2k.csv
4469,0,0,0,2l.csv
4469,4,4,0,3a.csv
4469,2,1,1,3b.csv
4469,0,0,0,3c.csv
4469,0,0,0,3d.csv
4469,0,0,0,3e.csv
4469,0,0,0,3f.csv
4469,0,0,0,3g.csv
4470,16,15,1,1a.csv
4470,0,0,0,1b.csv
4470,0,0,0,1c.csv
4470,0,0,0,1e.csv
4470,3,3,0,1f.csv
4470,0,0,0,1g.csv
4470,0,0,0,1h.csv
4470,0,0,0,1i.csv
4470,0,0,0,1j.csv
4470,0,0,0,1k.csv
4470,7,6,1,1l.csv
4470,1,1,0,1m.csv
4470,0,0,0,2a.csv
4470,1,0,1,2b.csv
4470,1,1,0,2c.csv
4470,0,0,0,2d.csv
4470,0,0,0,2e.csv
4470,0,0,0,2f.csv
4470,2,2,0,2g.csv
4470,0,0,0,2h.csv
4470,0,0,0,2i.csv
4470,0,0,0,2j.csv
4470,0,0,0,2k.csv
4470,0,0,0,2l.csv
4470,5,5,0,3a.csv
4470,3,2,1,3b.csv
4470,0,0,0,3c.csv
4470,0,0,0,3d.csv
4470,0,0,0,3e.csv
4470,0,0,0,3f.csv
4470,0,0,0,3g.csv
4471,14,13,1,1a.csv
4471,0,0,0,1b.csv
4471,0,0,0,1c.csv
4471,0,0,0,1e.csv
4471,1,1,0,1f.csv
4471,0,0,0,1g.csv
4471,0,0,0,1h.csv
4471,0,0,0,1i.csv
4471,0,0,0,1j.csv
4471,0,0,0,1k.csv
4471,5,4,1,1l.csv
4471,1,1,0,1m.csv
4471,0,0,0,2a.csv
4471,1,0,1,2b.csv
4471,1,1,0,2c.csv
4471,0,0,0,2d.csv
4471,0,0,0,2e.csv
4471,1,1,0,2f.csv
4471,2,2,0,2g.csv
4471,0,0,0,2h.csv
4471,0,0,0,2i.csv
4471,0,0,0,2j.csv
4471,0,0,0,2k.csv
4471,0,0,0,2l.csv
4471,5,5,0,3a.csv
4471,3,2,1,3b.csv
4471,0,0,0,3c.csv
4471,0,0,0,3d.csv
4471,0,0,0,3e.csv
4471,0,0,0,3f.csv
4471,0,0,0,3g.csv
4472,17,15,2,1a.csv
4472,0,0,0,1b.csv
4472,0,0,0,1c.csv
4472,0,0,0,1e.csv
4472,0,0,0,1f.csv
4472,0,0,0,1g.csv
4472,0,0,0,1h.csv
4472,0,0,0,1i.csv
4472,0,0,0,1j.csv
4472,0,0,0,1k.csv
4472,5,4,1,1l.csv
4472,1,1,0,1m.csv
4472,0,0,0,2a.csv
4472,0,0,0,2b.csv
4472,1,1,0,2c.csv
4472,0,0,0,2d.csv
4472,0,0,0,2e.csv
4472,1,1,0,2f.csv
4472,2,2,0,2g.csv
4472,0,0,0,2h.csv
4472,0,0,0,2i.csv
4472,0,0,0,2j.csv
4472,0,0,0,2k.csv
4472,0,0,0,2l.csv
4472,7,7,0,3a.csv
4472,4,3,1,3b.csv
4472,0,0,0,3c.csv
4472,0,0,0,3d.csv
4472,0,0,0,3e.csv
4472,0,0,0,3f.csv
4472,0,0,0,3g.csv
4473,18,16,2,1a.csv
4473,0,0,0,1b.csv
4473,0,0,0,1c.csv
4473,0,0,0,1e.csv
4473,0,0,0,1f.csv
4473,0,0,0,1g.csv
4473,0,0,0,1h.csv
4473,0,0,0,1i.csv
4473,0,0,0,1j.csv
4473,0,0,0,1k.csv
4473,2,2,0,1l.csv
4473,1,1,0,1m.csv
4473,0,0,0,2a.csv
4473,0,0,0,2b.csv
4473,1,1,0,2c.csv
4473,0,0,0,2d.csv
4473,0,0,0,2e.csv
4473,1,1,0,2f.csv
4473,2,2,0,2g.csv
4473,0,0,0,2h.csv
4473,0,0,0,2i.csv
4473,0,0,0,2j.csv
4473,0,0,0,2k.csv
4473,0,0,0,2l.csv
4473,6,6,0,3a.csv
4473,3,3,0,3b.csv
4473,0,0,0,3c.csv
4473,0,0,0,3d.csv
4473,0,0,0,3e.csv
4473,0,0,0,3f.csv
4473,0,0,0,3g.csv
4474,20,17,3,1a.csv
4474,0,0,0,1b.csv
4474,0,0,0,1c.csv
4474,0,0,0,1e.csv
4474,2,1,1,1f.csv
4474,0,0,0,1g.csv
4474,0,0,0,1h.csv
4474,0,0,0,1i.csv
4474,0,0,0,1j.csv
4474,0,0,0,1k.csv
4474,1,1,0,1l.csv
4474,0,0,0,1m.csv
4474,0,0,0,2a.csv
4474,0,0,0,2b.csv
4474,1,1,0,2c.csv
4474,0,0,0,2d.csv
4474,0,0,0,2e.csv
4474,1,1,0,2f.csv
4474,2,2,0,2g.csv
4474,0,0,0,2h.csv
4474,0,0,0,2i.csv
4474,0,0,0,2j.csv
4474,0,0,0,2k.csv
4474,0,0,0,2l.csv
4474,6,6,0,3a.csv
4474,2,2,0,3b.csv
4474,0,0,0,3c.csv
4474,0,0,0,3d.csv
4474,0,0,0,3e.csv
4474,0,0,0,3f.csv
4474,0,0,0,3g.csv
4475,18,15,3,1a.csv
4475,0,0,0,1b.csv
4475,0,0,0,1c.csv
4475,0,0,0,1e.csv
4475,2,1,1,1f.csv
4475,0,0,0,1g.csv
4475,0,0,0,1h.csv
4475,0,0,0,1i.csv
4475,0,0,0,1j.csv
4475,0,0,0,1k.csv
4475,0,0,0,1l.csv
4475,0,0,0,1m.csv
4475,0,0,0,2a.csv
4475,0,0,0,2b.csv
4475,1,1,0,2c.csv
4475,0,0,0,2d.csv
4475,0,0,0,2e.csv
4475,1,1,0,2f.csv
4475,1,1,0,2g.csv
4475,0,0,0,2h.csv
4475,0,0,0,2i.csv
4475,0,0,0,2j.csv
4475,0,0,0,2k.csv
4475,0,0,0,2l.csv
4475,4,4,0,3a.csv
4475,2,2,0,3b.csv
4475,0,0,0,3c.csv
4475,0,0,0,3d.csv
4475,0,0,0,3e.csv
4475,0,0,0,3f.csv
4475,0,0,0,3g.csv
4476,22,19,3,1a.csv
4476,0,0,0,1b.csv
4476,0,0,0,1c.csv
4476,1,1,0,1e.csv
4476,2,1,1,1f.csv
4476,0,0,0,1g.csv
4476,0,0,0,1h.csv
4476,0,0,0,1i.csv
4476,0,0,0,1j.csv
4476,0,0,0,1k.csv
4476,0,0,0,1l.csv
4476,0,0,0,1m.csv
4476,0,0,0,2a.csv
4476,0,0,0,2b.csv
4476,1,1,0,2c.csv
4476,0,0,0,2d.csv
4476,0,0,0,2e.csv
4476,1,1,0,2f.csv
4476,1,1,0,2g.csv
4476,0,0,0,2h.csv
4476,0,0,0,2i.csv
4476,0,0,0,2j.csv
4476,0,0,0,2k.csv
4476,0,0,0,2l.csv
4476,4,4,0,3a.csv
4476,3,3,0,3b.csv
4476,0,0,0,3c.csv
4476,0,0,0,3d.csv
4476,0,0,0,3e.csv
4476,0,0,0,3f.csv
4476,0,0,0,3g.csv
4477,23,21,2,1a.csv
4477,0,0,0,1b.csv
4477,0,0,0,1c.csv
4477,1,1,0,1e.csv
4477,3,2,1,1f.csv
4477,0,0,0,1g.csv
4477,0,0,0,1h.csv
4477,1,1,0,1i.csv
4477,0,0,0,1j.csv
4477,0,0,0,1k.csv
4477,0,0,0,1l.csv
4477,0,0,0,1m.csv
4477,0,0,0,2a.csv
4477,0,0,0,2b.csv
4477,1,1,0,2c.csv
4477,0,0,0,2d.csv
4477,0,0,0,2e.csv
4477,1,1,0,2f.csv
4477,1,1,0,2g.csv
4477,0,0,0,2h.csv
4477,0,0,0,2i.csv
4477,0,0,0,2j.csv
4477,0,0,0,2k.csv
4477,0,0,0,2l.csv
4477,6,6,0,3a.csv
4477,5,4,1,3b.csv
4477,0,0,0,3c.csv
4477,0,0,0,3d.csv
4477,0,0,0,3e.csv
4477,0,0,0,3f.csv
4477,0,0,0,3g.csv
4478,24,21,3,1a.csv
4478,0,0,0,1b.csv
4478,0,0,0,1c.csv
4478,1,1,0,1e.csv
4478,3,2,1,1f.csv
4478,0,0,0,1g.csv
4478,1,1,0,1h.csv
4478,3,3,0,1i.csv
4478,0,0,0,1j.csv
4478,0,0,0,1k.csv
4478,0,0,0,1l.csv
4478,0,0,0,1m.csv
4478,0,0,0,2a.csv
4478,0,0,0,2b.csv
4478,1,1,0,2c.csv
4478,0,0,0,2d.csv
4478,0,0,0,2e.csv
4478,1,1,0,2f.csv
4478,1,1,0,2g.csv
4478,0,0,0,2h.csv
4478,0,0,0,2i.csv
4478,0,0,0,2j.csv
4478,0,0,0,2k.csv
4478,0,0,0,2l.csv
4478,6,6,0,3a.csv
4478,5,3,2,3b.csv
4478,0,0,0,3c.csv
4478,0,0,0,3d.csv
4478,0,0,0,3e.csv
4478,0,0,0,3f.csv
4478,0,0,0,3g.csv
4479,25,22,3,1a.csv
4479,0,0,0,1b.csv
4479,0,0,0,1c.csv
4479,1,1,0,1e.csv
4479,3,2,1,1f.csv
4479,0,0,0,1g.csv
4479,1,1,0,1h.csv
4479,3,3,0,1i.csv
4479,0,0,0,1j.csv
4479,0,0,0,1k.csv
4479,0,0,0,1l.csv
4479,0,0,0,1m.csv
4479,0,0,0,2a.csv
4479,0,0,0,2b.csv
4479,0,0,0,2c.csv
4479,0,0,0,2d.csv
4479,0,0,0,2e.csv
4479,0,0,0,2f.csv
4479,1,1,0,2g.csv
4479,0,0,0,2h.csv
4479,1,1,0,2i.csv
4479,0,0,0,2j.csv
4479,0,0,0,2k.csv
4479,0,0,0,2l.csv
4479,7,7,0,3a.csv
4479,7,5,2,3b.csv
4479,0,0,0,3c.csv
4479,0,0,0,3d.csv
4479,0,0,0,3e.csv
4479,0,0,0,3f.csv
4479,0,0,0,3g.csv
4480,26,23,3,1a.csv
4480,0,0,0,1b.csv
4480,0,0,0,1c.csv
4480,1,1,0,1e.csv
4480,3,2,1,1f.csv
4480,0,0,0,1g.csv
4480,1,1,0,1h.csv
4480,3,3,0,1i.csv
4480,0,0,0,1j.csv
4480,0,0,0,1k.csv
4480,0,0,0,1l.csv
4480,0,0,0,1m.csv
4480,0,0,0,2a.csv
4480,0,0,0,2b.csv
4480,0,0,0,2c.csv
4480,0,0,0,2d.csv
4480,0,0,0,2e.csv
4480,0,0,0,2f.csv
4480,1,1,0,2g.csv
4480,0,0,0,2h.csv
4480,1,1,0,2i.csv
4480,0,0,0,2j.csv
4480,0,0,0,2k.csv
4480,0,0,0,2l.csv
4480,5,5,0,3a.csv
4480,7,5,2,3b.csv
4480,0,0,0,3c.csv
4480,0,0,0,3d.csv
4480,0,0,0,3e.csv
4480,0,0,0,3f.csv
4480,0,0,0,3g.csv
4481,26,23,3,1a.csv
4481,0,0,0,1b.csv
4481,0,0,0,1c.csv
4481,1,1,0,1e.csv
4481,3,2,1,1f.csv
4481,0,0,0,1g.csv
4481,1,1,0,1h.csv
4481,3,3,0,1i.csv
4481,0,0,0,1j.csv
4481,0,0,0,1k.csv
4481,0,0,0,1l.csv
4481,0,0,0,1m.csv
4481,0,0,0,2a.csv
4481,0,0,0,2b.csv
4481,0,0,0,2c.csv
4481,0,0,0,2d.csv
4481,0,0,0,2e.csv
4481,0,0,0,2f.csv
4481,1,1,0,2g.csv
4481,0,0,0,2h.csv
4481,1,1,0,2i.csv
4481,0,0,0,2j.csv
4481,0,0,0,2k.csv
4481,0,0,0,2l.csv
4481,7,6,1,3a.csv
4481,7,5,2,3b.csv
4481,0,0,0,3c.csv
4481,0,0,0,3d.csv
4481,0,0,0,3e.csv
4481,0,0,0,3f.csv
4481,0,0,0,3g.csv
4482,27,23,4,1a.csv
4482,0,0,0,1b.csv
4482,0,0,0,1c.csv
4482,1,1,0,1e.csv
4482,1,1,0,1f.csv
4482,0,0,0,1g.csv
4482,1,1,0,1h.csv
4482,4,4,0,1i.csv
4482,0,0,0,1j.csv
4482,0,0,0,1k.csv
4482,1,1,0,1l.csv
4482,0,0,0,1m.csv
4482,0,0,0,2a.csv
4482,0,0,0,2b.csv
4482,0,0,0,2c.csv
4482,0,0,0,2d.csv
4482,0,0,0,2e.csv
4482,0,0,0,2f.csv
4482,1,1,0,2g.csv
4482,0,0,0,2h.csv
4482,1,1,0,2i.csv
4482,0,0,0,2j.csv
4482,0,0,0,2k.csv
4482,0,0,0,2l.csv
4482,8,6,2,3a.csv
4482,8,6,2,3b.csv
4482,0,0,0,3c.csv
4482,0,0,0,3d.csv
4482,0,0,0,3e.csv
4482,0,0,0,3f.csv
4482,0,0,0,3g.csv
4483,28,23,5,1a.csv
4483,0,0,0,1b.csv
4483,0,0,0,1c.csv
4483,1,1,0,1e.csv
4483,1,1,0,1f.csv
4483,0,0,0,1g.csv
4483,1,1,0,1h.csv
4483,4,4,0,1i.csv
4483,0,0,0,1j.csv
4483,0,0,0,1k.csv
4483,1,1,0,1l.csv
4483,0,0,0,1m.csv
4483,0,0,0,2a.csv
4483,0,0,0,2b.csv
4483,0,0,0,2c.csv
4483,0,0,0,2d.csv
4483,0,0,0,2e.csv
4483,0,0,0,2f.csv
4483,1,1,0,2g.csv
4483,0,0,0,2h.csv
4483,1,1,0,2i.csv
4483,0,0,0,2j.csv
4483,0,0,0,2k.csv
4483,0,0,0,2l.csv
4483,8,6,2,3a.csv
4483,8,6,2,3b.csv
4483,0,0,0,3c.csv
4483,0,0,0,3d.csv
4483,0,0,0,3e.csv
4483,0,0,0,3f.csv
4483,0,0,0,3g.csv
4484,23,18,5,1a.csv
4484,0,0,0,1b.csv
4484,0,0,0,1c.csv
4484,0,0,0,1e.csv
4484,1,1,0,1f.csv
4484,0,0,0,1g.csv
4484,1,1,0,1h.csv
4484,4,4,0,1i.csv
4484,0,0,0,1j.csv
4484,0,0,0,1k.csv
4484,1,1,0,1l.csv
4484,0,0,0,1m.csv
4484,0,0,0,2a.csv
4484,0,0,0,2b.csv
4484,0,0,0,2c.csv
4484,0,0,0,2d.csv
4484,0,0,0,2e.csv
4484,0,0,0,2f.csv
4484,1,1,0,2g.csv
4484,0,0,0,2h.csv
4484,1,1,0,2i.csv
4484,0,0,0,2j.csv
4484,0,0,0,2k.csv
4484,0,0,0,2l.csv
4484,7,5,2,3a.csv
4484,7,5,2,3b.csv
4484,0,0,0,3c.csv
4484,0,0,0,3d.csv
4484,0,0,0,3e.csv
4484,0,0,0,3f.csv
4484,0,0,0,3g.csv
4485,19,14,5,1a.csv
4485,0,0,0,1b.csv
4485,0,0,0,1c.csv
4485,0,0,0,1e.csv
4485,0,0,0,1f.csv
4485,0,0,0,1g.csv
4485,2,2,0,1h.csv
4485,3,3,0,1i.csv
4485,0,0,0,1j.csv
4485,0,0,0,1k.csv
4485,1,1,0,1l.csv
4485,0,0,0,1m.csv
4485,0,0,0,2a.csv
4485,0,0,0,2b.csv
4485,0,0,0,2c.csv
4485,0,0,0,2d.csv
4485,0,0,0,2e.csv
4485,1,1,0,2f.csv
4485,1,1,0,2g.csv
4485,0,0,0,2h.csv
4485,1,1,0,2i.csv
4485,0,0,0,2j.csv
4485,0,0,0,2k.csv
4485,0,0,0,2l.csv
4485,6,4,2,3a.csv
4485,6,5,1,3b.csv
4485,0,0,0,3c.csv
4485,0,0,0,3d.csv
4485,0,0,0,3e.csv
4485,0,0,0,3f.csv
4485,0,0,0,3g.csv
4486,17,13,4,1a.csv
4486,0,0,0,1b.csv
4486,1,1,0,1c.csv
4486,0,0,0,1e.csv
4486,0,0,0,1f.csv
4486,0,0,0,1g.csv
4486,2,2,0,1h.csv
4486,1,1,0,1i.csv
4486,0,0,0,1j.csv
4486,0,0,0,1k.csv
4486,1,1,0,1l.csv
4486,0,0,0,1m.csv
4486,0,0,0,2a.csv
4486,0,0,0,2b.csv
4486,0,0,0,2c.csv
4486,0,0,0,2d.csv
4486,0,0,0,2e.csv
4486,1,1,0,2f.csv
4486,0,0,0,2g.csv
4486,0,0,0,2h.csv
4486,1,1,0,2i.csv
4486,0,0,0,2j.csv
4486,0,0,0,2k.csv
4486,0,0,0,2l.csv
4486,5,3,2,3a.csv
4486,5,5,0,3b.csv
4486,0,0,0,3c.csv
4486,0,0,0,3d.csv
4486,0,0,0,3e.csv
4486,0,0,0,3f.csv
4486,0,0,0,3g.csv
4487,18,14,4,1a.csv
4487,0,0,0,1b.csv
4487,1,1,0,1c.csv
4487,0,0,0,1e.csv
4487,0,0,0,1f.csv
4487,0,0,0,1g.csv
4487,2,2,0,1h.csv
4487,1,1,0,1i.csv
4487,0,0,0,1j.csv
4487,0,0,0,1k.csv
4487,2,2,0,1l.csv
4487,0,0,0,1m.csv
4487,0,0,0,2a.csv
4487,0,0,0,2b.csv
4487,1,1,0,2c.csv
4487,0,0,0,2d.csv
4487,0,0,0,2e.csv
4487,1,1,0,2f.csv
4487,1,0,1,2g.csv
4487,0,0,0,2h.csv
4487,0,0,0,2i.csv
4487,0,0,0,2j.csv
4487,0,0,0,2k.csv
4487,0,0,0,2l.csv
4487,4,2,2,3a.csv
4487,4,4,0,3b.csv
4487,0,0,0,3c.csv
4487,0,0,0,3d.csv
4487,0,0,0,3e.csv
4487,0,0,0,3f.csv
4487,0,0,0,3g.csv
4488,16,13,3,1a.csv
4488,0,0,0,1b.csv
4488,1,1,0,1c.csv
4488,1,0,1,1e.csv
4488,1,1,0,1f.csv
4488,0,0,0,1g.csv
4488,2,2,0,1h.csv
4488,1,1,0,1i.csv
4488,0,0,0,1j.csv
4488,0,0,0,1k.csv
4488,2,2,0,1l.csv
4488,0,0,0,1m.csv
4488,0,0,0,2a.csv
4488,0,0,0,2b.csv
4488,1,1,0,2c.csv
4488,0,0,0,2d.csv
4488,0,0,0,2e.csv
4488,1,1,0,2f.csv
4488,1,0,1,2g.csv
4488,0,0,0,2h.csv
4488,0,0,0,2i.csv
4488,0,0,0,2j.csv
4488,0,0,0,2k.csv
4488,0,0,0,2l.csv
4488,4,2,2,3a.csv
4488,4,4,0,3b.csv
4488,0,0,0,3c.csv
4488,0,0,0,3d.csv
4488,0,0,0,3e.csv
4488,0,0,0,3f.csv
4488,0,0,0,3g.csv
4489,17,12,5,1a.csv
4489,0,0,0,1b.csv
4489,1,1,0,1c.csv
4489,1,0,1,1e.csv
4489,2,2,0,1f.csv
4489,0,0,0,1g.csv
4489,2,2,0,1h.csv
4489,2,2,0,1i.csv
4489,0,0,0,1j.csv
4489,0,0,0,1k.csv
4489,2,2,0,1l.csv
4489,0,0,0,1m.csv
4489,0,0,0,2a.csv
4489,0,0,0,2b.csv
4489,2,2,0,2c.csv
4489,0,0,0,2d.csv
4489,0,0,0,2e.csv
4489,1,1,0,2f.csv
4489,1,0,1,2g.csv
4489,0,0,0,2h.csv
4489,0,0,0,2i.csv
4489,0,0,0,2j.csv
4489,0,0,0,2k.csv
4489,0,0,0,2l.csv
4489,2,1,1,3a.csv
4489,4,4,0,3b.csv
4489,0,0,0,3c.csv
4489,0,0,0,3d.csv
4489,0,0,0,3e.csv
4489,0,0,0,3f.csv
4489,0,0,0,3g.csv
4490,13,10,3,1a.csv
4490,0,0,0,1b.csv
4490,1,1,0,1c.csv
4490,1,0,1,1e.csv
4490,2,2,0,1f.csv
4490,0,0,0,1g.csv
4490,2,2,0,1h.csv
4490,1,1,0,1i.csv
4490,0,0,0,1j.csv
4490,0,0,0,1k.csv
4490,1,1,0,1l.csv
4490,0,0,0,1m.csv
4490,0,0,0,2a.csv
4490,0,0,0,2b.csv
4490,2,2,0,2c.csv
4490,0,0,0,2d.csv
4490,0,0,0,2e.csv
4490,1,1,0,2f.csv
4490,1,0,1,2g.csv
4490,0,0,0,2h.csv
4490,0,0,0,2i.csv
4490,0,0,0,2j.csv
4490,0,0,0,2k.csv
4490,0,0,0,2l.csv
4490,3,2,1,3a.csv
4490,3,3,0,3b.csv
4490,0,0,0,3c.csv
4490,0,0,0,3d.csv
4490,0,0,0,3e.csv
4490,0,0,0,3f.csv
4490,0,0,0,3g.csv
4491,11,9,2,1a.csv
4491,0,0,0,1b.csv
4491,1,1,0,1c.csv
4491,1,0,1,1e.csv
4491,2,2,0,1f.csv
4491,0,0,0,1g.csv
4491,2,2,0,1h.csv
4491,1,1,0,1i.csv
4491,0,0,0,1j.csv
4491,0,0,0,1k.csv
4491,1,1,0,1l.csv
4491,0,0,0,1m.csv
4491,0,0,0,2a.csv
4491,0,0,0,2b.csv
4491,2,2,0,2c.csv
4491,0,0,0,2d.csv
4491,0,0,0,2e.csv
4491,1,1,0,2f.csv
4491,1,0,1,2g.csv
4491,0,0,0,2h.csv
4491,0,0,0,2i.csv
4491,0,0,0,2j.csv
4491,0,0,0,2k.csv
4491,0,0,0,2l.csv
4491,4,3,1,3a.csv
4491,3,3,0,3b.csv
4491,0,0,0,3c.csv
4491,0,0,0,3d.csv
4491,0,0,0,3e.csv
4491,0,0,0,3f.csv
4491,0,0,0,3g.csv
4492,12,10,2,1a.csv
4492,0,0,0,1b.csv
4492,2,2,0,1c.csv
4492,1,0,1,1e.csv
4492,2,2,0,1f.csv
4492,0,0,0,1g.csv
4492,2,2,0,1h.csv
4492,2,2,0,1i.csv
4492,0,0,0,1j.csv
4492,0,0,0,1k.csv
4492,1,1,0,1l.csv
4492,0,0,0,1m.csv
4492,0,0,0,2a.csv
4492,0,0,0,2b.csv
4492,2,2,0,2c.csv
4492,0,0,0,2d.csv
4492,0,0,0,2e.csv
4492,1,1,0,2f.csv
4492,1,0,1,2g.csv
4492,0,0,0,2h.csv
4492,0,0,0,2i.csv
4492,0,0,0,2j.csv
4492,0,0,0,2k.csv
4492,0,0,0,2l.csv
4492,5,4,1,3a.csv
4492,3,3,0,3b.csv
4492,0,0,0,3c.csv
4492,0,0,0,3d.csv
4492,0,0,0,3e.csv
4492,0,0,0,3f.csv
4492,0,0,0,3g.csv
4493,13,11,2,1a.csv
4493,0,0,0,1b.csv
4493,3,3,0,1c.csv
4493,1,0,1,1e.csv
4493,2,2,0,1f.csv
4493,0,0,0,1g.csv
4493,1,1,0,1h.csv
4493,2,2,0,1i.csv
4493,0,0,0,1j.csv
4493,0,0,0,1k.csv
4493,1,1,0,1l.csv
4493,0,0,0,1m.csv
4493,0,0,0,2a.csv
4493,0,0,0,2b.csv
4493,3,3,0,2c.csv
4493,0,0,0,2d.csv
4493,0,0,0,2e.csv
4493,0,0,0,2f.csv
4493,1,0,1,2g.csv
4493,0,0,0,2h.csv
4493,0,0,0,2i.csv
4493,0,0,0,2j.csv
4493,0,0,0,2k.csv
4493,0,0,0,2l.csv
4493,6,3,3,3a.csv
4493,2,2,0,3b.csv
4493,0,0,0,3c.csv
4493,0,0,0,3d.csv
4493,0,0,0,3e.csv
4493,0,0,0,3f.csv
4493,0,0,0,3g.csv
4494,15,13,2,1a.csv
4494,0,0,0,1b.csv
4494,2,2,0,1c.csv
4494,1,0,1,1e.csv
4494,3,2,1,1f.csv
4494,0,0,0,1g.csv
4494,0,0,0,1h.csv
4494,3,3,0,1i.csv
4494,0,0,0,1j.csv
4494,0,0,0,1k.csv
4494,1,1,0,1l.csv
4494,0,0,0,1m.csv
4494,0,0,0,2a.csv
4494,1,1,0,2b.csv
4494,3,3,0,2c.csv
4494,0,0,0,2d.csv
4494,1,1,0,2e.csv
4494,0,0,0,2f.csv
4494,1,0,1,2g.csv
4494,0,0,0,2h.csv
4494,0,0,0,2i.csv
4494,0,0,0,2j.csv
4494,0,0,0,2k.csv
4494,0,0,0,2l.csv
4494,6,3,3,3a.csv
4494,2,2,0,3b.csv
4494,0,0,0,3c.csv
4494,0,0,0,3d.csv
4494,0,0,0,3e.csv
4494,0,0,0,3f.csv
4494,0,0,0,3g.csv
4495,13,11,2,1a.csv
4495,0,0,0,1b.csv
4495,2,2,0,1c.csv
4495,1,0,1,1e.csv
4495,3,2,1,1f.csv
4495,0,0,0,1g.csv
4495,0,0,0,1h.csv
4495,3,3,0,1i.csv
4495,0,0,0,1j.csv
4495,0,0,0,1k.csv
4495,0,0,0,1l.csv
4495,0,0,0,1m.csv
4495,0,0,0,2a.csv
4495,1,1,0,2b.csv
4495,2,2,0,2c.csv
4495,0,0,0,2d.csv
4495,1,1,0,2e.csv
4495,0,0,0,2f.csv
4495,0,0,0,2g.csv
4495,0,0,0,2h.csv
4495,0,0,0,2i.csv
4495,0,0,0,2j.csv
4495,0,0,0,2k.csv
4495,0,0,0,2l.csv
4495,7,4,3,3a.csv
4495,1,1,0,3b.csv
4495,0,0,0,3c.csv
4495,0,0,0,3d.csv
4495,0,0,0,3e.csv
4495,0,0,0,3f.csv
4495,0,0,0,3g.csv
4496,11,9,2,1a.csv
4496,0,0,0,1b.csv
4496,2,2,0,1c.csv
4496,0,0,0,1e.csv
4496,2,1,1,1f.csv
4496,0,0,0,1g.csv
4496,0,0,0,1h.csv
4496,3,3,0,1i.csv
4496,0,0,0,1j.csv
4496,0,0,0,1k.csv
4496,0,0,0,1l.csv
4496,0,0,0,1m.csv
4496,0,0,0,2a.csv
4496,2,2,0,2b.csv
4496,2,2,0,2c.csv
4496,0,0,0,2d.csv
4496,1,1,0,2e.csv
4496,1,1,0,2f.csv
4496,0,0,0,2g.csv
4496,0,0,0,2h.csv
4496,0,0,0,2i.csv
4496,0,0,0,2j.csv
4496,0,0,0,2k.csv
4496,0,0,0,2l.csv
4496,7,4,3,3a.csv
4496,0,0,0,3b.csv
4496,0,0,0,3c.csv
4496,0,0,0,3d.csv
4496,0,0,0,3e.csv
4496,0,0,0,3f.csv
4496,0,0,0,3g.csv
4497,8,8,0,1a.csv
4497,0,0,0,1b.csv
4497,2,2,0,1c.csv
4497,0,0,0,1e.csv
4497,2,0,2,1f.csv
4497,0,0,0,1g.csv
4497,0,0,0,1h.csv
4497,2,2,0,1i.csv
4497,0,0,0,1j.csv
4497,0,0,0,1k.csv
4497,0,0,0,1l.csv
4497,0,0,0,1m.csv
4497,0,0,0,2a.csv
4497,2,2,0,2b.csv
4497,2,2,0,2c.csv
4497,0,0,0,2d.csv
4497,1,1,0,2e.csv
4497,1,1,0,2f.csv
4497,0,0,0,2g.csv
4497,0,0,0,2h.csv
4497,0,0,0,2i.csv
4497,0,0,0,2j.csv
4497,0,0,0,2k.csv
4497,0,0,0,2l.csv
4497,7,4,3,3a.csv
4497,0,0,0,3b.csv
4497,0,0,0,3c.csv
4497,0,0,0,3d.csv
4497,0,0,0,3e.csv
4497,0,0,0,3f.csv
4497,0,0,0,3g.csv
4498,9,9,0,1a.csv
4498,0,0,0,1b.csv
4498,2,2,0,1c.csv
4498,0,0,0,1e.csv
4498,3,1,2,1f.csv
4498,0,0,0,1g.csv
4498,0,0,0,1h.csv
4498,2,2,0,1i.csv
4498,0,0,0,1j.csv
4498,0,0,0,1k.csv
4498,0,0,0,1l.csv
4498,0,0,0,1m.csv
4498,0,0,0,2a.csv
4498,3,3,0,2b.csv
4498,2,2,0,2c.csv
4498,0,0,0,2d.csv
4498,1,1,0,2e.csv
4498,1,1,0,2f.csv
4498,0,0,0,2g.csv
4498,0,0,0,2h.csv
4498,0,0,0,2i.csv
4498,0,0,0,2j.csv
4498,0,0,0,2k.csv
4498,0,0,0,2l.csv
4498,7,5,2,3a.csv
4498,1,0,1,3b.csv
4498,0,0,0,3c.csv
4498,0,0,0,3d.csv
4498,0,0,0,3e.csv
4498,0,0,0,3f.csv
4498,0,0,0,3g.csv
4499,10,10,0,1a.csv
4499,0,0,0,1b.csv
4499,2,2,0,1c.csv
4499,0,0,0,1e.csv
4499,4,2,2,1f.csv
4499,0,0,0,1g.csv
4499,0,0,0,1h.csv
4499,2,2,0,1i.csv
4499,0,0,0,1j.csv
4499,0,0,0,1k.csv
4499,0,0,0,1l.csv
4499,0,0,0,1m.csv
4499,0,0,0,2a.csv
4499,3,3,0,2b.csv
4499,2,2,0,2c.csv
4499,0,0,0,2d.csv
4499,2,2,0,2e.csv
4499,1,1,0,2f.csv
4499,0,0,0,2g.csv
4499,0,0,0,2h.csv
4499,0,0,0,2i.csv
4499,0,0,0,2j.csv
4499,0,0,0,2k.csv
4499,0,0,0,2l.csv
4499,7,5,2,3a.csv
4499,1,0,1,3b.csv
4499,0,0,0,3c.csv
4499,0,0,0,3d.csv
4499,0,0,0,3e.csv
4499,0,0,0,3f.csv
4499,0,0,0,3g.csv
4500,11,11,0,1a.csv
4500,0,0,0,1b.csv
4500,1,1,0,1c.csv
4500,0,0,0,1e.csv
4500,4,2,2,1f.csv
4500,0,0,0,1g.csv
4500,0,0,0,1h.csv
4500,1,1,0,1i.csv
4500,0,0,0,1j.csv
4500,0,0,0,1k.csv
4500,0,0,0,1l.csv
4500,0,0,0,1m.csv
4500,0,0,0,2a.csv
4500,4,4,0,2b.csv
4500,2,2,0,2c.csv
4500,0,0,0,2d.csv
4500,2,2,0,2e.csv
4500,2,2,0,2f.csv
4500,0,0,0,2g.csv
4500,0,0,0,2h.csv
4500,0,0,0,2i.csv
4500,0,0,0,2j.csv
4500,0,0,0,2k.csv
4500,0,0,0,2l.csv
4500,7,4,3,3a.csv
4500,2,1,1,3b.csv
4500,0,0,0,3c.csv
4500,0,0,0,3d.csv
4500,0,0,0,3e.csv
4500,0,0,0,3f.csv
4500,0,0,0,3g.csv
4501,12,12,0,1a.csv
4501,0,0,0,1b.csv
4501,0,0,0,1c.csv
4501,0,0,0,1e.csv
4501,7,4,3,1f.csv
4501,0,0,0,1g.csv
4501,0,0,0,1h.csv
4501,1,1,0,1i.csv
4501,0,0,0,1j.csv
4501,0,0,0,1k.csv
4501,0,0,0,1l.csv
4501,0,0,0,1m.csv
4501,1,1,0,2a.csv
4501,5,5,0,2b.csv
4501,1,1,0,2c.csv
4501,0,0,0,2d.csv
4501,2,2,0,2e.csv
4501,2,2,0,2f.csv
4501,0,0,0,2g.csv
4501,0,0,0,2h.csv
4501,0,0,0,2i.csv
4501,0,0,0,2j.csv
4501,0,0,0,2k.csv
4501,0,0,0,2l.csv
4501,6,5,1,3a.csv
4501,2,1,1,3b.csv
4501,0,0,0,3c.csv
4501,0,0,0,3d.csv
4501,0,0,0,3e.csv
4501,0,0,0,3f.csv
4501,0,0,0,3g.csv
4502,12,12,0,1a.csv
4502,0,0,0,1b.csv
4502,0,0,0,1c.csv
4502,1,1,0,1e.csv
4502,6,4,2,1f.csv
4502,0,0,0,1g.csv
4502,0,0,0,1h.csv
4502,0,0,0,1i.csv
4502,0,0,0,1j.csv
4502,0,0,0,1k.csv
4502,0,0,0,1l.csv
4502,0,0,0,1m.csv
4502,1,1,0,2a.csv
4502,4,4,0,2b.csv
4502,1,1,0,2c.csv
4502,0,0,0,2d.csv
4502,1,1,0,2e.csv
4502,2,2,0,2f.csv
4502,0,0,0,2g.csv
4502,0,0,0,2h.csv
4502,0,0,0,2i.csv
4502,0,0,0,2j.csv
4502,0,0,0,2k.csv
4502,0,0,0,2l.csv
4502,8,7,1,3a.csv
4502,3,2,1,3b.csv
4502,0,0,0,3c.csv
4502,0,0,0,3d.csv
4502,0,0,0,3e.csv
4502,0,0,0,3f.csv
4502,0,0,0,3g.csv
4503,11,11,0,1a.csv
4503,0,0,0,1b.csv
4503,0,0,0,1c.csv
4503,1,1,0,1e.csv
4503,7,5,2,1f.csv
4503,0,0,0,1g.csv
4503,0,0,0,1h.csv
4503,0,0,0,1i.csv
4503,0,0,0,1j.csv
4503,0,0,0,1k.csv
4503,0,0,0,1l.csv
4503,0,0,0,1m.csv
4503,1,1,0,2a.csv
4503,4,4,0,2b.csv
4503,1,1,0,2c.csv
4503,0,0,0,2d.csv
4503,1,1,0,2e.csv
4503,2,2,0,2f.csv
4503,0,0,0,2g.csv
4503,0,0,0,2h.csv
4503,0,0,0,2i.csv
4503,0,0,0,2j.csv
4503,0,0,0,2k.csv
4503,0,0,0,2l.csv
4503,7,6,1,3a.csv
4503,4,2,2,3b.csv
4503,0,0,0,3c.csv
4503,0,0,0,3d.csv
4503,0,0,0,3e.csv
4503,0,0,0,3f.csv
4503,0,0,0,3g.csv
4504,11,11,0,1a.csv
4504,0,0,0,1b.csv
4504,2,2,0,1c.csv
4504,1,1,0,1e.csv
4504,8,6,2,1f.csv
4504,0,0,0,1g.csv
4504,0,0,0,1h.csv
4504,0,0,0,1i.csv
4504,0,0,0,1j.csv
4504,0,0,0,1k.csv
4504,0,0,0,1l.csv
4504,0,0,0,1m.csv
4504,1,1,0,2a.csv
4504,3,3,0,2b.csv
4504,1,1,0,2c.csv
4504,0,0,0,2d.csv
4504,1,1,0,2e.csv
4504,1,1,0,2f.csv
4504,0,0,0,2g.csv
4504,0,0,0,2h.csv
4504,0,0,0,2i.csv
4504,0,0,0,2j.csv
4504,0,0,0,2k.csv
4504,0,0,0,2l.csv
4504,9,8,1,3a.csv
4504,4,2,2,3b.csv
4504,0,0,0,3c.csv
4504,0,0,0,3d.csv
4504,0,0,0,3e.csv
4504,0,0,0,3f.csv
4504,0,0,0,3g.csv
4505,11,10,1,1a.csv
4505,0,0,0,1b.csv
4505,3,3,0,1c.csv
4505,1,1,0,1e.csv
4505,8,7,1,1f.csv
4505,0,0,0,1g.csv
4505,0,0,0,1h.csv
4505,0,0,0,1i.csv
4505,0,0,0,1j.csv
4505,0,0,0,1k.csv
4505,0,0,0,1l.csv
4505,0,0,0,1m.csv
4505,1,1,0,2a.csv
4505,4,4,0,2b.csv
4505,0,0,0,2c.csv
4505,0,0,0,2d.csv
4505,1,1,0,2e.csv
4505,1,1,0,2f.csv
4505,0,0,0,2g.csv
4505,0,0,0,2h.csv
4505,0,0,0,2i.csv
4505,0,0,0,2j.csv
4505,0,0,0,2k.csv
4505,0,0,0,2l.csv
4505,10,9,1,3a.csv
4505,4,2,2,3b.csv
4505,0,0,0,3c.csv
4505,0,0,0,3d.csv
4505,0,0,0,3e.csv
4505,0,0,0,3f.csv
4505,0,0,0,3g.csv
4506,12,11,1,1a.csv
4506,0,0,0,1b.csv
4506,3,3,0,1c.csv
4506,1,1,0,1e.csv
4506,7,6,1,1f.csv
4506,0,0,0,1g.csv
4506,0,0,0,1h.csv
4506,0,0,0,1i.csv
4506,0,0,0,1j.csv
4506,0,0,0,1k.csv
4506,0,0,0,1l.csv
4506,0,0,0,1m.csv
4506,1,1,0,2a.csv
4506,3,3,0,2b.csv
4506,1,1,0,2c.csv
4506,0,0,0,2d.csv
4506,1,1,0,2e.csv
4506,1,1,0,2f.csv
4506,0,0,0,2g.csv
4506,0,0,0,2h.csv
4506,0,0,0,2i.csv
4506,0,0,0,2j.csv
4506,0,0,0,2k.csv
4506,0,0,0,2l.csv
4506,8,7,1,3a.csv
4506,5,4,1,3b.csv
4506,0,0,0,3c.csv
4506,0,0,0,3d.csv
4506,0,0,0,3e.csv
4506,0,0,0,3f.csv
4506,0,0,0,3g.csv
4507,10,9,1,1a.csv
4507,0,0,0,1b.csv
4507,4,4,0,1c.csv
4507,1,1,0,1e.csv
4507,6,5,1,1f.csv
4507,0,0,0,1g.csv
4507,0,0,0,1h.csv
4507,0,0,0,1i.csv
4507,1,1,0,1j.csv
4507,0,0,0,1k.csv
4507,0,0,0,1l.csv
4507,0,0,0,1m.csv
4507,1,1,0,2a.csv
4507,3,3,0,2b.csv
4507,2,2,0,2c.csv
4507,0,0,0,2d.csv
4507,0,0,0,2e.csv
4507,1,1,0,2f.csv
4507,0,0,0,2g.csv
4507,0,0,0,2h.csv
4507,0,0,0,2i.csv
4507,0,0,0,2j.csv
4507,0,0,0,2k.csv
4507,0,0,0,2l.csv
4507,7,6,1,3a.csv
4507,6,5,1,3b.csv
4507,0,0,0,3c.csv
4507,0,0,0,3d.csv
4507,0,0,0,3e.csv
4507,0,0,0,3f.csv
4507,0,0,0,3g.csv
4508,9,8,1,1a.csv
4508,0,0,0,1b.csv
4508,5,5,0,1c.csv
4508,1,1,0,1e.csv
4508,7,6,1,1f.csv
4508,0,0,0,1g.csv
4508,0,0,0,1h.csv
4508,0,0,0,1i.csv
4508,2,2,0,1j.csv
4508,0,0,0,1k.csv
4508,0,0,0,1l.csv
4508,0,0,0,1m.csv
4508,1,1,0,2a.csv
4508,2,2,0,2b.csv
4508,2,2,0,2c.csv
4508,0,0,0,2d.csv
4508,0,0,0,2e.csv
4508,0,0,0,2f.csv
4508,0,0,0,2g.csv
4508,0,0,0,2h.csv
4508,0,0,0,2i.csv
4508,0,0,0,2j.csv
4508,0,0,0,2k.csv
4508,0,0,0,2l.csv
4508,7,6,1,3a.csv
4508,5,4,1,3b.csv
4508,0,0,0,3c.csv
4508,0,0,0,3d.csv
4508,0,0,0,3e.csv
4508,0,0,0,3f.csv
4508,0,0,0,3g.csv
4509,7,6,1,1a.csv
4509,0,0,0,1b.csv
4509,5,5,0,1c.csv
4509,1,1,0,1e.csv
4509,4,4,0,1f.csv
4509,0,0,0,1g.csv
4509,0,0,0,1h.csv
4509,0,0,0,1i.csv
4509,2,2,0,1j.csv
4509,0,0,0,1k.csv
4509,0,0,0,1l.csv
4509,0,0,0,1m.csv
4509,0,0,0,2a.csv
4509,1,1,0,2b.csv
4509,2,2,0,2c.csv
4509,0,0,0,2d.csv
4509,0,0,0,2e.csv
4509,1,1,0,2f.csv
4509,0,0,0,2g.csv
4509,0,0,0,2h.csv
4509,0,0,0,2i.csv
4509,0,0,0,2j.csv
4509,0,0,0,2k.csv
4509,0,0,0,2l.csv
4509,6,5,1,3a.csv
4509,5,4,1,3b.csv
4509,0,0,0,3c.csv
4509,0,0,0,3d.csv
4509,0,0,0,3e.csv
4509,0,0,0,3f.csv
4509,0,0,0,3g.csv
4510,5,4,1,1a.csv
4510,0,0,0,1b.csv
4510,6,6,0,1c.csv
4510,0,0,0,1e.csv
4510,4,4,0,1f.csv
4510,0,0,0,1g.csv
4510,0,0,0,1h.csv
4510,0,0,0,1i.csv
4510,2,2,0,1j.csv
4510,0,0,0,1k.csv
4510,0,0,0,1l.csv
4510,0,0,0,1m.csv
4510,0,0,0,2a.csv
4510,1,1,0,2b.csv
4510,2,2,0,2c.csv
4510,0,0,0,2d.csv
4510,0,0,0,2e.csv
4510,1,1,0,2f.csv
4510,0,0,0,2g.csv
4510,0,0,0,2h.csv
4510,0,0,0,2i.csv
4510,0,0,0,2j.csv
4510,0,0,0,2k.csv
4510,0,0,0,2l.csv
4510,4,3,1,3a.csv
4510,5,3,2,3b.csv
4510,0,0,0,3c.csv
4510,0,0,0,3d.csv
4510,0,0,0,3e.csv
4510,0,0,0,3f.csv
4510,0,0,0,3g.csv
4511,6,4,2,1a.csv
4511,0,0,0,1b.csv
4511,8,8,0,1c.csv
4511,0,0,0,1e.csv
4511,4,4,0,1f.csv
4511,0,0,0,1g.csv
4511,0,0,0,1h.csv
4511,0,0,0,1i.csv
4511,2,2,0,1j.csv
4511,0,0,0,1k.csv
4511,0,0,0,1l.csv
4511,0,0,0,1m.csv
4511,0,0,0,2a.csv
4511,1,1,0,2b.csv
4511,2,2,0,2c.csv
4511,0,0,0,2d.csv
4511,0,0,0,2e.csv
4511,1,1,0,2f.csv
4511,0,0,0,2g.csv
4511,0,0,0,2h.csv
4511,0,0,0,2i.csv
4511,0,0,0,2j.csv
4511,0,0,0,2k.csv
4511,0,0,0,2l.csv
4511,6,5,1,3a.csv
4511,4,3,1,3b.csv
4511,0,0,0,3c.csv
4511,0,0,0,3d.csv
4511,0,0,0,3e.csv
4511,0,0,0,3f.csv
4511,0,0,0,3g.csv
4512,8,6,2,1a.csv
4512,0,0,0,1b.csv
4512,7,6,1,1c.csv
4512,0,0,0,1e.csv
4512,3,3,0,1f.csv
4512,0,0,0,1g.csv
4512,0,0,0,1h.csv
4512,0,0,0,1i.csv
4512,3,3,0,1j.csv
4512,0,0,0,1k.csv
4512,0,0,0,1l.csv
4512,0,0,0,1m.csv
4512,0,0,0,2a.csv
4512,1,1,0,2b.csv
4512,2,2,0,2c.csv
4512,0,0,0,2d.csv
4512,0,0,0,2e.csv
4512,1,1,0,2f.csv
4512,0,0,0,2g.csv
4512,0,0,0,2h.csv
4512,0,0,0,2i.csv
4512,0,0,0,2j.csv
4512,0,0,0,2k.csv
4512,0,0,0,2l.csv
4512,4,3,1,3a.csv
4512,4,3,1,3b.csv
4512,0,0,0,3c.csv
4512,0,0,0,3d.csv
4512,0,0,0,3e.csv
4512,0,0,0,3f.csv
4512,0,0,0,3g.csv
4513,7,6,1,1a.csv
4513,0,0,0,1b.csv
4513,8,7,1,1c.csv
4513,0,0,0,1e.csv
4513,2,2,0,1f.csv
4513,0,0,0,1g.csv
4513,0,0,0,1h.csv
4513,0,0,0,1i.csv
4513,4,4,0,1j.csv
4513,0,0,0,1k.csv
4513,0,0,0,1l.csv
4513,0,0,0,1m.csv
4513,0,0,0,2a.csv
4513,1,1,0,2b.csv
4513,2,2,0,2c.csv
4513,0,0,0,2d.csv
4513,0,0,0,2e.csv
4513,1,1,0,2f.csv
4513,0,0,0,2g.csv
4513,0,0,0,2h.csv
4513,0,0,0,2i.csv
4513,0,0,0,2j.csv
4513,0,0,0,2k.csv
4513,0,0,0,2l.csv
4513,4,3,1,3a.csv
4513,4,3,1,3b.csv
4513,0,0,0,3c.csv
4513,0,0,0,3d.csv
4513,0,0,0,3e.csv
4513,0,0,0,3f.csv
4513,0,0,0,3g.csv
4514,6,5,1,1a.csv
4514,0,0,0,1b.csv
4514,8,7,1,1c.csv
4514,0,0,0,1e.csv
4514,3,3,0,1f.csv
4514,0,0,0,1g.csv
4514,0,0,0,1h.csv
4514,0,0,0,1i.csv
4514,5,5,0,1j.csv
4514,0,0,0,1k.csv
4514,0,0,0,1l.csv
4514,0,0,0,1m.csv
4514,0,0,0,2a.csv
4514,1,1,0,2b.csv
4514,1,1,0,2c.csv
4514,0,0,0,2d.csv
4514,0,0,0,2e.csv
4514,1,1,0,2f.csv
4514,0,0,0,2g.csv
4514,0,0,0,2h.csv
4514,0,0,0,2i.csv
4514,0,0,0,2j.csv
4514,0,0,0,2k.csv
4514,0,0,0,2l.csv
4514,4,3,1,3a.csv
4514,2,1,1,3b.csv
4514,0,0,0,3c.csv
4514,0,0,0,3d.csv
4514,0,0,0,3e.csv
4514,0,0,0,3f.csv
4514,0,0,0,3g.csv
4515,6,5,1,1a.csv
4515,0,0,0,1b.csv
4515,7,6,1,1c.csv
4515,0,0,0,1e.csv
4515,3,3,0,1f.csv
4515,0,0,0,1g.csv
4515,0,0,0,1h.csv
4515,0,0,0,1i.csv
4515,4,4,0,1j.csv
4515,0,0,0,1k.csv
4515,0,0,0,1l.csv
4515,0,0,0,1m.csv
4515,0,0,0,2a.csv
4515,1,1,0,2b.csv
4515,0,0,0,2c.csv
4515,1,1,0,2d.csv
4515,0,0,0,2e.csv
4515,2,2,0,2f.csv
4515,0,0,0,2g.csv
4515,0,0,0,2h.csv
4515,0,0,0,2i.csv
4515,0,0,0,2j.csv
4515,0,0,0,2k.csv
4515,0,0,0,2l.csv
4515,4,3,1,3a.csv
4515,1,0,1,3b.csv
4515,0,0,0,3c.csv
4515,0,0,0,3d.csv
4515,0,0,0,3e.csv
4515,0,0,0,3f.csv
4515,0,0,0,3g.csv
4516,5,4,1,1a.csv
4516,0,0,0,1b.csv
4516,7,6,1,1c.csv
4516,0,0,0,1e.csv
4516,2,2,0,1f.csv
4516,0,0,0,1g.csv
4516,0,0,0,1h.csv
4516,0,0,0,1i.csv
4516,3,3,0,1j.csv
4516,0,0,0,1k.csv
4516,0,0,0,1l.csv
4516,0,0,0,1m.csv
4516,0,0,0,2a.csv
4516,1,1,0,2b.csv
4516,0,0,0,2c.csv
4516,1,1,0,2d.csv
4516,0,0,0,2e.csv
4516,2,2,0,2f.csv
4516,0,0,0,2g.csv
4516,0,0,0,2h.csv
4516,0,0,0,2i.csv
4516,0,0,0,2j.csv
4516,0,0,0,2k.csv
4516,1,1,0,2l.csv
4516,5,4,1,3a.csv
4516,3,1,2,3b.csv
4516,0,0,0,3c.csv
4516,0,0,0,3d.csv
4516,0,0,0,3e.csv
4516,0,0,0,3f.csv
4516,0,0,0,3g.csv
4517,6,5,1,1a.csv
4517,0,0,0,1b.csv
4517,8,7,1,1c.csv
4517,0,0,0,1e.csv
4517,2,2,0,1f.csv
4517,0,0,0,1g.csv
4517,0,0,0,1h.csv
4517,0,0,0,1i.csv
4517,3,3,0,1j.csv
4517,0,0,0,1k.csv
4517,0,0,0,1l.csv
4517,0,0,0,1m.csv
4517,0,0,0,2a.csv
4517,1,1,0,2b.csv
4517,0,0,0,2c.csv
4517,1,1,0,2d.csv
4517,0,0,0,2e.csv
4517,1,1,0,2f.csv
4517,0,0,0,2g.csv
4517,0,0,0,2h.csv
4517,0,0,0,2i.csv
4517,0,0,0,2j.csv
4517,0,0,0,2k.csv
4517,1,1,0,2l.csv
4517,6,5,1,3a.csv
4517,3,1,2,3b.csv
4517,0,0,0,3c.csv
4517,0,0,0,3d.csv
4517,0,0,0,3e.csv
4517,0,0,0,3f.csv
4517,0,0,0,3g.csv
4518,7,5,2,1a.csv
4518,0,0,0,1b.csv
4518,7,6,1,1c.csv
4518,0,0,0,1e.csv
4518,2,2,0,1f.csv
4518,0,0,0,1g.csv
4518,0,0,0,1h.csv
4518,0,0,0,1i.csv
4518,3,3,0,1j.csv
4518,0,0,0,1k.csv
4518,0,0,0,1l.csv
4518,0,0,0,1m.csv
4518,0,0,0,2a.csv
4518,1,1,0,2b.csv
4518,0,0,0,2c.csv
4518,1,1,0,2d.csv
4518,0,0,0,2e.csv
4518,1,1,0,2f.csv
4518,0,0,0,2g.csv
4518,0,0,0,2h.csv
4518,0,0,0,2i.csv
4518,0,0,0,2j.csv
4518,0,0,0,2k.csv
4518,1,1,0,2l.csv
4518,6,5,1,3a.csv
4518,2,1,1,3b.csv
4518,0,0,0,3c.csv
4518,0,0,0,3d.csv
4518,0,0,0,3e.csv
4518,0,0,0,3f.csv
4518,0,0,0,3g.csv
4519,7,6,1,1a.csv
4519,0,0,0,1b.csv
4519,5,4,1,1c.csv
4519,0,0,0,1e.csv
4519,1,1,0,1f.csv
4519,0,0,0,1g.csv
4519,0,0,0,1h.csv
4519,0,0,0,1i.csv
4519,3,3,0,1j.csv
4519,0,0,0,1k.csv
4519,0,0,0,1l.csv
4519,0,0,0,1m.csv
4519,0,0,0,2a.csv
4519,1,1,0,2b.csv
4519,0,0,0,2c.csv
4519,1,1,0,2d.csv
4519,0,0,0,2e.csv
4519,1,1,0,2f.csv
4519,0,0,0,2g.csv
4519,0,0,0,2h.csv
4519,0,0,0,2i.csv
4519,0,0,0,2j.csv
4519,0,0,0,2k.csv
4519,1,1,0,2l.csv
4519,6,5,1,3a.csv
4519,2,1,1,3b.csv
4519,0,0,0,3c.csv
4519,0,0,0,3d.csv
4519,0,0,0,3e.csv
4519,0,0,0,3f.csv
4519,0,0,0,3g.csv
4520,6,5,1,1a.csv
4520,0,0,0,1b.csv
4520,4,4,0,1c.csv
4520,0,0,0,1e.csv
4520,1,1,0,1f.csv
4520,0,0,0,1g.csv
4520,0,0,0,1h.csv
4520,0,0,0,1i.csv
4520,2,2,0,1j.csv
4520,0,0,0,1k.csv
4520,0,0,0,1l.csv
4520,0,0,0,1m.csv
4520,0,0,0,2a.csv
4520,2,2,0,2b.csv
4520,0,0,0,2c.csv
4520,1,1,0,2d.csv
4520,0,0,0,2e.csv
4520,1,1,0,2f.csv
4520,0,0,0,2g.csv
4520,0,0,0,2h.csv
4520,0,0,0,2i.csv
4520,0,0,0,2j.csv
4520,0,0,0,2k.csv
4520,1,1,0,2l.csv
4520,7,6,1,3a.csv
4520,2,1,1,3b.csv
4520,0,0,0,3c.csv
4520,0,0,0,3d.csv
4520,0,0,0,3e.csv
4520,0,0,0,3f.csv
4520,0,0,0,3g.csv
4521,7,6,1,1a.csv
4521,0,0,0,1b.csv
4521,2,2,0,1c.csv
4521,0,0,0,1e.csv
4521,1,1,0,1f.csv
4521,0,0,0,1g.csv
4521,0,0,0,1h.csv
4521,0,0,0,1i.csv
4521,1,1,0,1j.csv
4521,0,0,0,1k.csv
4521,0,0,0,1l.csv
4521,0,0,0,1m.csv
4521,0,0,0,2a.csv
4521,1,1,0,2b.csv
4521,0,0,0,2c.csv
4521,1,1,0,2d.csv
4521,0,0,0,2e.csv
4521,1,1,0,2f.csv
4521,0,0,0,2g.csv
4521,0,0,0,2h.csv
4521,0,0,0,2i.csv
4521,0,0,0,2j.csv
4521,0,0,0,2k.csv
4521,1,1,0,2l.csv
4521,9,8,1,3a.csv
4521,2,1,1,3b.csv
4521,0,0,0,3c.csv
4521,0,0,0,3d.csv
4521,0,0,0,3e.csv
4521,0,0,0,3f.csv
4521,0,0,0,3g.csv
4522,6,5,1,1a.csv
4522,0,0,0,1b.csv
4522,3,2,1,1c.csv
4522,0,0,0,1e.csv
4522,1,1,0,1f.csv
4522,0,0,0,1g.csv
4522,1,1,0,1h.csv
4522,0,0,0,1i.csv
4522,1,0,1,1j.csv
4522,0,0,0,1k.csv
4522,0,0,0,1l.csv
4522,0,0,0,1m.csv
4522,0,0,0,2a.csv
4522,1,1,0,2b.csv
4522,0,0,0,2c.csv
4522,1,1,0,2d.csv
4522,0,0,0,2e.csv
4522,2,2,0,2f.csv
4522,0,0,0,2g.csv
4522,0,0,0,2h.csv
4522,0,0,0,2i.csv
4522,0,0,0,2j.csv
4522,0,0,0,2k.csv
4522,1,1,0,2l.csv
4522,14,13,1,3a.csv
4522,2,1,1,3b.csv
4522,0,0,0,3c.csv
4522,0,0,0,3d.csv
4522,0,0,0,3e.csv
4522,0,0,0,3f.csv
4522,0,0,0,3g.csv
4523,6,5,1,1a.csv
4523,0,0,0,1b.csv
4523,3,2,1,1c.csv
4523,0,0,0,1e.csv
4523,1,1,0,1f.csv
4523,0,0,0,1g.csv
4523,1,1,0,1h.csv
4523,0,0,0,1i.csv
4523,1,0,1,1j.csv
4523,0,0,0,1k.csv
4523,1,0,1,1l.csv
4523,0,0,0,1m.csv
4523,0,0,0,2a.csv
4523,1,1,0,2b.csv
4523,0,0,0,2c.csv
4523,0,0,0,2d.csv
4523,0,0,0,2e.csv
4523,1,1,0,2f.csv
4523,0,0,0,2g.csv
4523,0,0,0,2h.csv
4523,0,0,0,2i.csv
4523,0,0,0,2j.csv
4523,0,0,0,2k.csv
4523,2,2,0,2l.csv
4523,14,13,1,3a.csv
4523,4,2,2,3b.csv
4523,0,0,0,3c.csv
4523,0,0,0,3d.csv
4523,0,0,0,3e.csv
4523,0,0,0,3f.csv
4523,0,0,0,3g.csv
4524,6,5,1,1a.csv
4524,0,0,0,1b.csv
4524,2,1,1,1c.csv
4524,0,0,0,1e.csv
4524,2,1,1,1f.csv
4524,0,0,0,1g.csv
4524,1,1,0,1h.csv
4524,0,0,0,1i.csv
4524,1,0,1,1j.csv
4524,0,0,0,1k.csv
4524,1,0,1,1l.csv
4524,0,0,0,1m.csv
4524,0,0,0,2a.csv
4524,1,1,0,2b.csv
4524,0,0,0,2c.csv
4524,0,0,0,2d.csv
4524,0,0,0,2e.csv
4524,1,1,0,2f.csv
4524,0,0,0,2g.csv
4524,0,0,0,2h.csv
4524,0,0,0,2i.csv
4524,1,1,0,2j.csv
4524,0,0,0,2k.csv
4524,1,1,0,2l.csv
4524,13,13,0,3a.csv
4524,2,1,1,3b.csv
4524,0,0,0,3c.csv
4524,0,0,0,3d.csv
4524,0,0,0,3e.csv
4524,0,0,0,3f.csv
4524,0,0,0,3g.csv
4525,5,4,1,1a.csv
4525,0,0,0,1b.csv
4525,1,0,1,1c.csv
4525,0,0,0,1e.csv
4525,2,1,1,1f.csv
4525,0,0,0,1g.csv
4525,1,1,0,1h.csv
4525,0,0,0,1i.csv
4525,1,0,1,1j.csv
4525,0,0,0,1k.csv
4525,1,0,1,1l.csv
4525,0,0,0,1m.csv
4525,0,0,0,2a.csv
4525,1,1,0,2b.csv
4525,0,0,0,2c.csv
4525,0,0,0,2d.csv
4525,0,0,0,2e.csv
4525,1,1,0,2f.csv
4525,0,0,0,2g.csv
4525,0,0,0,2h.csv
4525,0,0,0,2i.csv
4525,1,1,0,2j.csv
4525,0,0,0,2k.csv
4525,1,1,0,2l.csv
4525,13,12,1,3a.csv
4525,2,1,1,3b.csv
4525,0,0,0,3c.csv
4525,0,0,0,3d.csv
4525,0,0,0,3e.csv
4525,0,0,0,3f.csv
4525,0,0,0,3g.csv
4526,5,5,0,1a.csv
4526,0,0,0,1b.csv
4526,1,0,1,1c.csv
4526,0,0,0,1e.csv
4526,2,1,1,1f.csv
4526,1,1,0,1g.csv
4526,1,1,0,1h.csv
4526,0,0,0,1i.csv
4526,1,0,1,1j.csv
4526,0,0,0,1k.csv
4526,1,0,1,1l.csv
4526,0,0,0,1m.csv
4526,0,0,0,2a.csv
4526,1,1,0,2b.csv
4526,1,1,0,2c.csv
4526,0,0,0,2d.csv
4526,0,0,0,2e.csv
4526,2,2,0,2f.csv
4526,0,0,0,2g.csv
4526,0,0,0,2h.csv
4526,0,0,0,2i.csv
4526,1,1,0,2j.csv
4526,0,0,0,2k.csv
4526,1,1,0,2l.csv
4526,16,15,1,3a.csv
4526,2,1,1,3b.csv
4526,0,0,0,3c.csv
4526,0,0,0,3d.csv
4526,0,0,0,3e.csv
4526,0,0,0,3f.csv
4526,0,0,0,3g.csv
4527,4,4,0,1a.csv
4527,0,0,0,1b.csv
4527,1,0,1,1c.csv
4527,0,0,0,1e.csv
4527,2,1,1,1f.csv
4527,1,1,0,1g.csv
4527,1,1,0,1h.csv
4527,0,0,0,1i.csv
4527,2,1,1,1j.csv
4527,0,0,0,1k.csv
4527,1,0,1,1l.csv
4527,0,0,0,1m.csv
4527,0,0,0,2a.csv
4527,1,1,0,2b.csv
4527,2,1,1,2c.csv
4527,0,0,0,2d.csv
4527,0,0,0,2e.csv
4527,2,2,0,2f.csv
4527,0,0,0,2g.csv
4527,0,0,0,2h.csv
4527,0,0,0,2i.csv
4527,1,1,0,2j.csv
4527,0,0,0,2k.csv
4527,1,1,0,2l.csv
4527,18,17,1,3a.csv
4527,4,2,2,3b.csv
4527,0,0,0,3c.csv
4527,0,0,0,3d.csv
4527,0,0,0,3e.csv
4527,0,0,0,3f.csv
4527,0,0,0,3g.csv
4528,4,4,0,1a.csv
4528,0,0,0,1b.csv
4528,1,0,1,1c.csv
4528,0,0,0,1e.csv
4528,2,1,1,1f.csv
4528,1,1,0,1g.csv
4528,2,2,0,1h.csv
4528,0,0,0,1i.csv
4528,2,1,1,1j.csv
4528,0,0,0,1k.csv
4528,1,0,1,1l.csv
4528,0,0,0,1m.csv
4528,0,0,0,2a.csv
4528,0,0,0,2b.csv
4528,2,1,1,2c.csv
4528,0,0,0,2d.csv
4528,0,0,0,2e.csv
4528,2,2,0,2f.csv
4528,0,0,0,2g.csv
4528,0,0,0,2h.csv
4528,0,0,0,2i.csv
4528,1,1,0,2j.csv
4528,0,0,0,2k.csv
4528,1,1,0,2l.csv
4528,19,18,1,3a.csv
4528,4,2,2,3b.csv
4528,0,0,0,3c.csv
4528,0,0,0,3d.csv
4528,0,0,0,3e.csv
4528,0,0,0,3f.csv
4528,0,0,0,3g.csv
4529,3,3,0,1a.csv
4529,0,0,0,1b.csv
4529,1,0,1,1c.csv
4529,0,0,0,1e.csv
4529,3,2,1,1f.csv
4529,1,1,0,1g.csv
4529,2,2,0,1h.csv
4529,0,0,0,1i.csv
4529,2,1,1,1j.csv
4529,0,0,0,1k.csv
4529,1,0,1,1l.csv
4529,0,0,0,1m.csv
4529,0,0,0,2a.csv
4529,0,0,0,2b.csv
4529,2,1,1,2c.csv
4529,0,0,0,2d.csv
4529,0,0,0,2e.csv
4529,2,2,0,2f.csv
4529,0,0,0,2g.csv
4529,0,0,0,2h.csv
4529,0,0,0,2i.csv
4529,1,1,0,2j.csv
4529,0,0,0,2k.csv
4529,1,1,0,2l.csv
4529,20,19,1,3a.csv
4529,4,2,2,3b.csv
4529,0,0,0,3c.csv
4529,0,0,0,3d.csv
4529,0,0,0,3e.csv
4529,0,0,0,3f.csv
4529,0,0,0,3g.csv
4530,4,4,0,1a.csv
4530,0,0,0,1b.csv
4530,0,0,0,1c.csv
4530,0,0,0,1e.csv
4530,2,1,1,1f.csv
4530,1,1,0,1g.csv
4530,1,1,0,1h.csv
4530,0,0,0,1i.csv
4530,1,1,0,1j.csv
4530,0,0,0,1k.csv
4530,1,0,1,1l.csv
4530,0,0,0,1m.csv
4530,0,0,0,2a.csv
4530,0,0,0,2b.csv
4530,2,1,1,2c.csv
4530,0,0,0,2d.csv
4530,0,0,0,2e.csv
4530,1,1,0,2f.csv
4530,0,0,0,2g.csv
4530,0,0,0,2h.csv
4530,0,0,0,2i.csv
4530,1,1,0,2j.csv
4530,0,0,0,2k.csv
4530,1,1,0,2l.csv
4530,18,17,1,3a.csv
4530,7,4,3,3b.csv
4530,0,0,0,3c.csv
4530,0,0,0,3d.csv
4530,0,0,0,3e.csv
4530,0,0,0,3f.csv
4530,0,0,0,3g.csv
4531,5,5,0,1a.csv
4531,0,0,0,1b.csv
4531,0,0,0,1c.csv
4531,0,0,0,1e.csv
4531,2,1,1,1f.csv
4531,1,1,0,1g.csv
4531,1,1,0,1h.csv
4531,0,0,0,1i.csv
4531,1,1,0,1j.csv
4531,0,0,0,1k.csv
4531,0,0,0,1l.csv
4531,0,0,0,1m.csv
4531,0,0,0,2a.csv
4531,1,1,0,2b.csv
4531,2,1,1,2c.csv
4531,0,0,0,2d.csv
4531,0,0,0,2e.csv
4531,1,1,0,2f.csv
4531,0,0,0,2g.csv
4531,0,0,0,2h.csv
4531,0,0,0,2i.csv
4531,1,1,0,2j.csv
4531,0,0,0,2k.csv
4531,0,0,0,2l.csv
4531,22,21,1,3a.csv
4531,6,3,3,3b.csv
4531,0,0,0,3c.csv
4531,0,0,0,3d.csv
4531,0,0,0,3e.csv
4531,0,0,0,3f.csv
4531,0,0,0,3g.csv
4532,5,5,0,1a.csv
4532,0,0,0,1b.csv
4532,0,0,0,1c.csv
4532,0,0,0,1e.csv
4532,1,1,0,1f.csv
4532,1,1,0,1g.csv
4532,1,1,0,1h.csv
4532,0,0,0,1i.csv
4532,1,1,0,1j.csv
4532,0,0,0,1k.csv
4532,0,0,0,1l.csv
4532,0,0,0,1m.csv
4532,0,0,0,2a.csv
4532,1,1,0,2b.csv
4532,2,1,1,2c.csv
4532,0,0,0,2d.csv
4532,0,0,0,2e.csv
4532,1,1,0,2f.csv
4532,0,0,0,2g.csv
4532,0,0,0,2h.csv
4532,0,0,0,2i.csv
4532,0,0,0,2j.csv
4532,0,0,0,2k.csv
4532,0,0,0,2l.csv
4532,22,21,1,3a.csv
4532,9,4,5,3b.csv
4532,0,0,0,3c.csv
4532,0,0,0,3d.csv
4532,0,0,0,3e.csv
4532,0,0,0,3f.csv
4532,0,0,0,3g.csv
4533,6,5,1,1a.csv
4533,0,0,0,1b.csv
4533,1,1,0,1c.csv
4533,0,0,0,1e.csv
4533,1,1,0,1f.csv
4533,1,1,0,1g.csv
4533,1,1,0,1h.csv
4533,0,0,0,1i.csv
4533,1,1,0,1j.csv
4533,0,0,0,1k.csv
4533,0,0,0,1l.csv
4533,0,0,0,1m.csv
4533,0,0,0,2a.csv
4533,1,1,0,2b.csv
4533,2,1,1,2c.csv
4533,0,0,0,2d.csv
4533,0,0,0,2e.csv
4533,1,1,0,2f.csv
4533,1,1,0,2g.csv
4533,0,0,0,2h.csv
4533,0,0,0,2i.csv
4533,0,0,0,2j.csv
4533,0,0,0,2k.csv
4533,0,0,0,2l.csv
4533,25,25,0,3a.csv
4533,10,4,6,3b.csv
4533,0,0,0,3c.csv
4533,0,0,0,3d.csv
4533,0,0,0,3e.csv
4533,0,0,0,3f.csv
4533,0,0,0,3g.csv
4534,5,3,2,1a.csv
4534,0,0,0,1b.csv
4534,1,1,0,1c.csv
4534,0,0,0,1e.csv
4534,1,1,0,1f.csv
4534,0,0,0,1g.csv
4534,1,1,0,1h.csv
4534,0,0,0,1i.csv
4534,1,1,0,1j.csv
4534,0,0,0,1k.csv
4534,0,0,0,1l.csv
4534,0,0,0,1m.csv
4534,0,0,0,2a.csv
4534,1,1,0,2b.csv
4534,1,0,1,2c.csv
4534,0,0,0,2d.csv
4534,0,0,0,2e.csv
4534,0,0,0,2f.csv
4534,1,1,0,2g.csv
4534,0,0,0,2h.csv
4534,0,0,0,2i.csv
4534,0,0,0,2j.csv
4534,0,0,0,2k.csv
4534,0,0,0,2l.csv
4534,26,26,0,3a.csv
4534,12,6,6,3b.csv
4534,0,0,0,3c.csv
4534,0,0,0,3d.csv
4534,0,0,0,3e.csv
4534,0,0,0,3f.csv
4534,0,0,0,3g.csv
4535,5,3,2,1a.csv
4535,0,0,0,1b.csv
4535,2,2,0,1c.csv
4535,0,0,0,1e.csv
4535,1,1,0,1f.csv
4535,0,0,0,1g.csv
4535,1,1,0,1h.csv
4535,0,0,0,1i.csv
4535,0,0,0,1j.csv
4535,0,0,0,1k.csv
4535,0,0,0,1l.csv
4535,0,0,0,1m.csv
4535,0,0,0,2a.csv
4535,1,1,0,2b.csv
4535,0,0,0,2c.csv
4535,0,0,0,2d.csv
4535,0,0,0,2e.csv
4535,0,0,0,2f.csv
4535,1,1,0,2g.csv
4535,0,0,0,2h.csv
4535,0,0,0,2i.csv
4535,0,0,0,2j.csv
4535,0,0,0,2k.csv
4535,0,0,0,2l.csv
4535,31,31,0,3a.csv
4535,10,5,5,3b.csv
4535,0,0,0,3c.csv
4535,0,0,0,3d.csv
4535,0,0,0,3e.csv
4535,0,0,0,3f.csv
4535,0,0,0,3g.csv
4536,5,3,2,1a.csv
4536,0,0,0,1b.csv
4536,4,4,0,1c.csv
4536,0,0,0,1e.csv
4536,2,2,0,1f.csv
4536,0,0,0,1g.csv
4536,0,0,0,1h.csv
4536,0,0,0,1i.csv
4536,0,0,0,1j.csv
4536,0,0,0,1k.csv
4536,0,0,0,1l.csv
4536,0,0,0,1m.csv
4536,0,0,0,2a.csv
4536,1,1,0,2b.csv
4536,0,0,0,2c.csv
4536,0,0,0,2d.csv
4536,0,0,0,2e.csv
4536,0,0,0,2f.csv
4536,1,1,0,2g.csv
4536,0,0,0,2h.csv
4536,0,0,0,2i.csv
4536,0,0,0,2j.csv
4536,0,0,0,2k.csv
4536,0,0,0,2l.csv
4536,39,38,1,3a.csv
4536,11,5,6,3b.csv
4536,0,0,0,3c.csv
4536,0,0,0,3d.csv
4536,0,0,0,3e.csv
4536,0,0,0,3f.csv
4536,0,0,0,3g.csv
4537,6,4,2,1a.csv
4537,0,0,0,1b.csv
4537,5,5,0,1c.csv
4537,0,0,0,1e.csv
4537,1,1,0,1f.csv
4537,0,0,0,1g.csv
4537,0,0,0,1h.csv
4537,0,0,0,1i.csv
4537,0,0,0,1j.csv
4537,0,0,0,1k.csv
4537,0,0,0,1l.csv
4537,0,0,0,1m.csv
4537,0,0,0,2a.csv
4537,1,1,0,2b.csv
4537,0,0,0,2c.csv
4537,0,0,0,2d.csv
4537,0,0,0,2e.csv
4537,0,0,0,2f.csv
4537,1,1,0,2g.csv
4537,0,0,0,2h.csv
4537,0,0,0,2i.csv
4537,0,0,0,2j.csv
4537,0,0,0,2k.csv
4537,0,0,0,2l.csv
4537,46,45,1,3a.csv
4537,12,6,6,3b.csv
4537,0,0,0,3c.csv
4537,0,0,0,3d.csv
4537,0,0,0,3e.csv
4537,0,0,0,3f.csv
4537,0,0,0,3g.csv
4538,5,3,2,1a.csv
4538,0,0,0,1b.csv
4538,5,5,0,1c.csv
4538,0,0,0,1e.csv
4538,1,1,0,1f.csv
4538,0,0,0,1g.csv
4538,0,0,0,1h.csv
4538,0,0,0,1i.csv
4538,0,0,0,1j.csv
4538,0,0,0,1k.csv
4538,0,0,0,1l.csv
4538,0,0,0,1m.csv
4538,0,0,0,2a.csv
4538,1,1,0,2b.csv
4538,0,0,0,2c.csv
4538,0,0,0,2d.csv
4538,0,0,0,2e.csv
4538,1,1,0,2f.csv
4538,1,1,0,2g.csv
4538,0,0,0,2h.csv
4538,0,0,0,2i.csv
4538,0,0,0,2j.csv
4538,0,0,0,2k.csv
4538,0,0,0,2l.csv
4538,55,52,3,3a.csv
4538,15,6,9,3b.csv
4538,0,0,0,3c.csv
4538,0,0,0,3d.csv
4538,0,0,0,3e.csv
4538,0,0,0,3f.csv
4538,0,0,0,3g.csv
4539,4,2,2,1a.csv
4539,0,0,0,1b.csv
4539,5,5,0,1c.csv
4539,0,0,0,1e.csv
4539,1,1,0,1f.csv
4539,0,0,0,1g.csv
4539,0,0,0,1h.csv
4539,0,0,0,1i.csv
4539,0,0,0,1j.csv
4539,0,0,0,1k.csv
4539,0,0,0,1l.csv
4539,0,0,0,1m.csv
4539,0,0,0,2a.csv
4539,0,0,0,2b.csv
4539,0,0,0,2c.csv
4539,0,0,0,2d.csv
4539,0,0,0,2e.csv
4539,1,1,0,2f.csv
4539,1,1,0,2g.csv
4539,0,0,0,2h.csv
4539,0,0,0,2i.csv
4539,0,0,0,2j.csv
4539,0,0,0,2k.csv
4539,0,0,0,2l.csv
4539,53,49,4,3a.csv
4539,16,8,8,3b.csv
4539,0,0,0,3c.csv
4539,0,0,0,3d.csv
4539,0,0,0,3e.csv
4539,0,0,0,3f.csv
4539,0,0,0,3g.csv
4540,4,2,2,1a.csv
4540,0,0,0,1b.csv
4540,6,6,0,1c.csv
4540,0,0,0,1e.csv
4540,1,1,0,1f.csv
4540,0,0,0,1g.csv
4540,0,0,0,1h.csv
4540,0,0,0,1i.csv
4540,0,0,0,1j.csv
4540,0,0,0,1k.csv
4540,0,0,0,1l.csv
4540,0,0,0,1m.csv
4540,0,0,0,2a.csv
4540,0,0,0,2b.csv
4540,0,0,0,2c.csv
4540,0,0,0,2d.csv
4540,0,0,0,2e.csv
4540,1,1,0,2f.csv
4540,1,1,0,2g.csv
4540,0,0,0,2h.csv
4540,0,0,0,2i.csv
4540,0,0,0,2j.csv
4540,0,0,0,2k.csv
4540,0,0,0,2l.csv
4540,57,53,4,3a.csv
4540,13,7,6,3b.csv
4540,0,0,0,3c.csv
4540,0,0,0,3d.csv
4540,0,0,0,3e.csv
4540,0,0,0,3f.csv
4540,0,0,0,3g.csv
4541,3,2,1,1a.csv
4541,0,0,0,1b.csv
4541,5,5,0,1c.csv
4541,0,0,0,1e.csv
4541,1,1,0,1f.csv
4541,0,0,0,1g.csv
4541,0,0,0,1h.csv
4541,0,0,0,1i.csv
4541,0,0,0,1j.csv
4541,0,0,0,1k.csv
4541,0,0,0,1l.csv
4541,0,0,0,1m.csv
4541,0,0,0,2a.csv
4541,0,0,0,2b.csv
4541,0,0,0,2c.csv
4541,0,0,0,2d.csv
4541,0,0,0,2e.csv
4541,1,1,0,2f.csv
4541,0,0,0,2g.csv
4541,0,0,0,2h.csv
4541,0,0,0,2i.csv
4541,0,0,0,2j.csv
4541,0,0,0,2k.csv
4541,0,0,0,2l.csv
4541,57,53,4,3a.csv
4541,13,7,6,3b.csv
4541,0,0,0,3c.csv
4541,0,0,0,3d.csv
4541,0,0,0,3e.csv
4541,0,0,0,3f.csv
4541,0,0,0,3g.csv
4542,3,3,0,1a.csv
4542,0,0,0,1b.csv
4542,5,5,0,1c.csv
4542,0,0,0,1e.csv
4542,1,1,0,1f.csv
4542,0,0,0,1g.csv
4542,0,0,0,1h.csv
4542,0,0,0,1i.csv
4542,0,0,0,1j.csv
4542,0,0,0,1k.csv
4542,0,0,0,1l.csv
4542,0,0,0,1m.csv
4542,0,0,0,2a.csv
4542,0,0,0,2b.csv
4542,1,1,0,2c.csv
4542,0,0,0,2d.csv
4542,0,0,0,2e.csv
4542,2,2,0,2f.csv
4542,0,0,0,2g.csv
4542,0,0,0,2h.csv
4542,0,0,0,2i.csv
4542,0,0,0,2j.csv
4542,0,0,0,2k.csv
4542,1,1,0,2l.csv
4542,60,56,4,3a.csv
4542,12,6,6,3b.csv
4542,0,0,0,3c.csv
4542,0,0,0,3d.csv
4542,0,0,0,3e.csv
4542,0,0,0,3f.csv
4542,0,0,0,3g.csv
4543,4,4,0,1a.csv
4543,0,0,0,1b.csv
4543,4,4,0,1c.csv
4543,0,0,0,1e.csv
4543,1,1,0,1f.csv
4543,0,0,0,1g.csv
4543,0,0,0,1h.csv
4543,0,0,0,1i.csv
4543,1,1,0,1j.csv
4543,1,1,0,1k.csv
4543,0,0,0,1l.csv
4543,0,0,0,1m.csv
4543,0,0,0,2a.csv
4543,0,0,0,2b.csv
4543,1,1,0,2c.csv
4543,0,0,0,2d.csv
4543,0,0,0,2e.csv
4543,2,2,0,2f.csv
4543,0,0,0,2g.csv
4543,0,0,0,2h.csv
4543,0,0,0,2i.csv
4543,0,0,0,2j.csv
4543,0,0,0,2k.csv
4543,1,1,0,2l.csv
4543,53,49,4,3a.csv
4543,12,6,6,3b.csv
4543,0,0,0,3c.csv
4543,0,0,0,3d.csv
4543,0,0,0,3e.csv
4543,0,0,0,3f.csv
4543,0,0,0,3g.csv
4544,3,3,0,1a.csv
4544,0,0,0,1b.csv
4544,2,2,0,1c.csv
4544,0,0,0,1e.csv
4544,0,0,0,1f.csv
4544,0,0,0,1g.csv
4544,0,0,0,1h.csv
4544,0,0,0,1i.csv
4544,2,2,0,1j.csv
4544,1,1,0,1k.csv
4544,0,0,0,1l.csv
4544,0,0,0,1m.csv
4544,0,0,0,2a.csv
4544,0,0,0,2b.csv
4544,1,1,0,2c.csv
4544,0,0,0,2d.csv
4544,0,0,0,2e.csv
4544,2,2,0,2f.csv
4544,0,0,0,2g.csv
4544,0,0,0,2h.csv
4544,0,0,0,2i.csv
4544,0,0,0,2j.csv
4544,0,0,0,2k.csv
4544,1,1,0,2l.csv
4544,50,47,3,3a.csv
4544,11,6,5,3b.csv
4544,0,0,0,3c.csv
4544,0,0,0,3d.csv
4544,0,0,0,3e.csv
4544,0,0,0,3f.csv
4544,0,0,0,3g.csv
4545,2,2,0,1a.csv
4545,0,0,0,1b.csv
4545,1,1,0,1c.csv
4545,0,0,0,1e.csv
4545,0,0,0,1f.csv
4545,0,0,0,1g.csv
4545,0,0,0,1h.csv
4545,0,0,0,1i.csv
4545,3,3,0,1j.csv
4545,1,1,0,1k.csv
4545,1,1,0,1l.csv
4545,0,0,0,1m.csv
4545,0,0,0,2a.csv
4545,0,0,0,2b.csv
4545,1,1,0,2c.csv
4545,0,0,0,2d.csv
4545,0,0,0,2e.csv
4545,2,2,0,2f.csv
4545,0,0,0,2g.csv
4545,0,0,0,2h.csv
4545,0,0,0,2i.csv
4545,0,0,0,2j.csv
4545,0,0,0,2k.csv
4545,1,1,0,2l.csv
4545,40,37,3,3a.csv
4545,11,5,6,3b.csv
4545,0,0,0,3c.csv
4545,0,0,0,3d.csv
4545,0,0,0,3e.csv
4545,0,0,0,3f.csv
4545,0,0,0,3g.csv
4546,2,2,0,1a.csv
4546,0,0,0,1b.csv
4546,2,2,0,1c.csv
4546,0,0,0,1e.csv
4546,0,0,0,1f.csv
4546,0,0,0,1g.csv
4546,0,0,0,1h.csv
4546,0,0,0,1i.csv
4546,4,4,0,1j.csv
4546,1,1,0,1k.csv
4546,1,1,0,1l.csv
4546,0,0,0,1m.csv
4546,0,0,0,2a.csv
4546,0,0,0,2b.csv
4546,1,1,0,2c.csv
4546,0,0,0,2d.csv
4546,0,0,0,2e.csv
4546,1,1,0,2f.csv
4546,0,0,0,2g.csv
4546,0,0,0,2h.csv
4546,0,0,0,2i.csv
4546,0,0,0,2j.csv
4546,0,0,0,2k.csv
4546,1,1,0,2l.csv
4546,30,29,1,3a.csv
4546,5,3,2,3b.csv
4546,0,0,0,3c.csv
4546,0,0,0,3d.csv
4546,0,0,0,3e.csv
4546,0,0,0,3f.csv
4546,0,0,0,3g.csv
4547,3,3,0,1a.csv
4547,0,0,0,1b.csv
4547,3,3,0,1c.csv
4547,0,0,0,1e.csv
4547,0,0,0,1f.csv
4547,0,0,0,1g.csv
4547,1,1,0,1h.csv
4547,0,0,0,1i.csv
4547,4,4,0,1j.csv
4547,1,1,0,1k.csv
4547,1,1,0,1l.csv
4547,0,0,0,1m.csv
4547,0,0,0,2a.csv
4547,0,0,0,2b.csv
4547,1,1,0,2c.csv
4547,0,0,0,2d.csv
4547,0,0,0,2e.csv
4547,1,1,0,2f.csv
4547,0,0,0,2g.csv
4547,0,0,0,2h.csv
4547,0,0,0,2i.csv
4547,1,0,1,2j.csv
4547,0,0,0,2k.csv
4547,1,1,0,2l.csv
4547,29,29,0,3a.csv
4547,3,1,2,3b.csv
4547,0,0,0,3c.csv
4547,0,0,0,3d.csv
4547,0,0,0,3e.csv
4547,0,0,0,3f.csv
4547,0,0,0,3g.csv
4548,6,5,1,1a.csv
4548,0,0,0,1b.csv
4548,2,2,0,1c.csv
4548,0,0,0,1e.csv
4548,0,0,0,1f.csv
4548,0,0,0,1g.csv
4548,1,1,0,1h.csv
4548,0,0,0,1i.csv
4548,4,4,0,1j.csv
4548,1,1,0,1k.csv
4548,1,1,0,1l.csv
4548,0,0,0,1m.csv
4548,0,0,0,2a.csv
4548,0,0,0,2b.csv
4548,1,1,0,2c.csv
4548,0,0,0,2d.csv
4548,0,0,0,2e.csv
4548,1,1,0,2f.csv
4548,0,0,0,2g.csv
4548,0,0,0,2h.csv
4548,0,0,0,2i.csv
4548,1,0,1,2j.csv
4548,0,0,0,2k.csv
4548,1,1,0,2l.csv
4548,28,28,0,3a.csv
4548,3,1,2,3b.csv
4548,0,0,0,3c.csv
4548,0,0,0,3d.csv
4548,0,0,0,3e.csv
4548,0,0,0,3f.csv
4548,0,0,0,3g.csv
4549,9,8,1,1a.csv
4549,0,0,0,1b.csv
4549,3,3,0,1c.csv
4549,0,0,0,1e.csv
4549,0,0,0,1f.csv
4549,0,0,0,1g.csv
4549,1,1,0,1h.csv
4549,0,0,0,1i.csv
4549,5,5,0,1j.csv
4549,1,1,0,1k.csv
4549,1,1,0,1l.csv
4549,0,0,0,1m.csv
4549,0,0,0,2a.csv
4549,0,0,0,2b.csv
4549,1,1,0,2c.csv
4549,0,0,0,2d.csv
4549,0,0,0,2e.csv
4549,2,2,0,2f.csv
4549,0,0,0,2g.csv
4549,0,0,0,2h.csv
4549,0,0,0,2i.csv
4549,2,1,1,2j.csv
4549,0,0,0,2k.csv
4549,1,1,0,2l.csv
4549,25,25,0,3a.csv
4549,2,1,1,3b.csv
4549,0,0,0,3c.csv
4549,0,0,0,3d.csv
4549,0,0,0,3e.csv
4549,0,0,0,3f.csv
4549,0,0,0,3g.csv
4550,8,7,1,1a.csv
4550,0,0,0,1b.csv
4550,3,3,0,1c.csv
4550,0,0,0,1e.csv
4550,0,0,0,1f.csv
4550,0,0,0,1g.csv
4550,1,1,0,1h.csv
4550,0,0,0,1i.csv
4550,5,5,0,1j.csv
4550,1,1,0,1k.csv
4550,1,1,0,1l.csv
4550,0,0,0,1m.csv
4550,0,0,0,2a.csv
4550,0,0,0,2b.csv
4550,0,0,0,2c.csv
4550,0,0,0,2d.csv
4550,0,0,0,2e.csv
4550,1,1,0,2f.csv
4550,0,0,0,2g.csv
4550,0,0,0,2h.csv
4550,0,0,0,2i.csv
4550,2,1,1,2j.csv
4550,0,0,0,2k.csv
4550,0,0,0,2l.csv
4550,21,21,0,3a.csv
4550,1,0,1,3b.csv
4550,0,0,0,3c.csv
4550,0,0,0,3d.csv
4550,0,0,0,3e.csv
4550,0,0,0,3f.csv
4550,0,0,0,3g.csv
4551,8,7,1,1a.csv
4551,0,0,0,1b.csv
4551,3,3,0,1c.csv
4551,0,0,0,1e.csv
4551,0,0,0,1f.csv
4551,1,0,1,1g.csv
4551,1,1,0,1h.csv
4551,0,0,0,1i.csv
4551,5,5,0,1j.csv
4551,0,0,0,1k.csv
4551,1,1,0,1l.csv
4551,0,0,0,1m.csv
4551,0,0,0,2a.csv
4551,0,0,0,2b.csv
4551,0,0,0,2c.csv
4551,0,0,0,2d.csv
4551,0,0,0,2e.csv
4551,1,1,0,2f.csv
4551,0,0,0,2g.csv
4551,0,0,0,2h.csv
4551,0,0,0,2i.csv
4551,2,1,1,2j.csv
4551,0,0,0,2k.csv
4551,0,0,0,2l.csv
4551,21,21,0,3a.csv
4551,3,2,1,3b.csv
4551,0,0,0,3c.csv
4551,0,0,0,3d.csv
4551,0,0,0,3e.csv
4551,0,0,0,3f.csv
4551,0,0,0,3g.csv
4552,9,8,1,1a.csv
4552,0,0,0,1b.csv
4552,4,4,0,1c.csv
4552,0,0,0,1e.csv
4552,0,0,0,1f.csv
4552,1,0,1,1g.csv
4552,1,1,0,1h.csv
4552,0,0,0,1i.csv
4552,4,4,0,1j.csv
4552,0,0,0,1k.csv
4552,1,1,0,1l.csv
4552,0,0,0,1m.csv
4552,0,0,0,2a.csv
4552,0,0,0,2b.csv
4552,0,0,0,2c.csv
4552,0,0,0,2d.csv
4552,0,0,0,2e.csv
4552,1,1,0,2f.csv
4552,0,0,0,2g.csv
4552,0,0,0,2h.csv
4552,0,0,0,2i.csv
4552,2,1,1,2j.csv
4552,0,0,0,2k.csv
4552,0,0,0,2l.csv
4552,15,15,0,3a.csv
4552,3,2,1,3b.csv
4552,0,0,0,3c.csv
4552,0,0,0,3d.csv
4552,0,0,0,3e.csv
4552,0,0,0,3f.csv
4552,0,0,0,3g.csv
4553,9,8,1,1a.csv
4553,0,0,0,1b.csv
4553,7,6,1,1c.csv
4553,0,0,0,1e.csv
4553,2,0,2,1f.csv
4553,2,1,1,1g.csv
4553,1,1,0,1h.csv
4553,0,0,0,1i.csv
4553,3,3,0,1j.csv
4553,0,0,0,1k.csv
4553,0,0,0,1l.csv
4553,0,0,0,1m.csv
4553,0,0,0,2a.csv
4553,0,0,0,2b.csv
4553,0,0,0,2c.csv
4553,0,0,0,2d.csv
4553,0,0,0,2e.csv
4553,2,2,0,2f.csv
4553,0,0,0,2g.csv
4553,0,0,0,2h.csv
4553,0,0,0,2i.csv
4553,3,2,1,2j.csv
4553,0,0,0,2k.csv
4553,0,0,0,2l.csv
4553,16,16,0,3a.csv
4553,2,2,0,3b.csv
4553,0,0,0,3c.csv
4553,0,0,0,3d.csv
4553,0,0,0,3e.csv
4553,0,0,0,3f.csv
4553,0,0,0,3g.csv
4554,10,9,1,1a.csv
4554,0,0,0,1b.csv
4554,6,5,1,1c.csv
4554,0,0,0,1e.csv
4554,3,0,3,1f.csv
4554,2,1,1,1g.csv
4554,1,1,0,1h.csv
4554,0,0,0,1i.csv
4554,2,2,0,1j.csv
4554,0,0,0,1k.csv
4554,0,0,0,1l.csv
4554,0,0,0,1m.csv
4554,0,0,0,2a.csv
4554,0,0,0,2b.csv
4554,0,0,0,2c.csv
4554,0,0,0,2d.csv
4554,0,0,0,2e.csv
4554,2,2,0,2f.csv
4554,0,0,0,2g.csv
4554,0,0,0,2h.csv
4554,0,0,0,2i.csv
4554,3,2,1,2j.csv
4554,0,0,0,2k.csv
4554,0,0,0,2l.csv
4554,14,14,0,3a.csv
4554,2,2,0,3b.csv
4554,0,0,0,3c.csv
4554,0,0,0,3d.csv
4554,0,0,0,3e.csv
4554,0,0,0,3f.csv
4554,0,0,0,3g.csv
4555,10,9,1,1a.csv
4555,0,0,0,1b.csv
4555,5,4,1,1c.csv
4555,0,0,0,1e.csv
4555,3,0,3,1f.csv
4555,2,1,1,1g.csv
4555,0,0,0,1h.csv
4555,0,0,0,1i.csv
4555,2,2,0,1j.csv
4555,0,0,0,1k.csv
4555,0,0,0,1l.csv
4555,0,0,0,1m.csv
4555,0,0,0,2a.csv
4555,0,0,0,2b.csv
4555,0,0,0,2c.csv
4555,0,0,0,2d.csv
4555,1,1,0,2e.csv
4555,2,2,0,2f.csv
4555,0,0,0,2g.csv
4555,0,0,0,2h.csv
4555,0,0,0,2i.csv
4555,2,2,0,2j.csv
4555,0,0,0,2k.csv
4555,0,0,0,2l.csv
4555,16,16,0,3a.csv
4555,2,2,0,3b.csv
4555,0,0,0,3c.csv
4555,0,0,0,3d.csv
4555,0,0,0,3e.csv
4555,0,0,0,3f.csv
4555,0,0,0,3g.csv
4556,7,7,0,1a.csv
4556,0,0,0,1b.csv
4556,6,5,1,1c.csv
4556,0,0,0,1e.csv
4556,3,0,3,1f.csv
4556,2,1,1,1g.csv
4556,0,0,0,1h.csv
4556,0,0,0,1i.csv
4556,2,2,0,1j.csv
4556,0,0,0,1k.csv
4556,0,0,0,1l.csv
4556,0,0,0,1m.csv
4556,0,0,0,2a.csv
4556,0,0,0,2b.csv
4556,0,0,0,2c.csv
4556,0,0,0,2d.csv
4556,1,1,0,2e.csv
4556,2,2,0,2f.csv
4556,0,0,0,2g.csv
4556,0,0,0,2h.csv
4556,0,0,0,2i.csv
4556,2,2,0,2j.csv
4556,0,0,0,2k.csv
4556,0,0,0,2l.csv
4556,14,14,0,3a.csv
4556,2,2,0,3b.csv
4556,0,0,0,3c.csv
4556,0,0,0,3d.csv
4556,0,0,0,3e.csv
4556,0,0,0,3f.csv
4556,0,0,0,3g.csv
4557,4,4,0,1a.csv
4557,0,0,0,1b.csv
4557,7,6,1,1c.csv
4557,0,0,0,1e.csv
4557,4,0,4,1f.csv
4557,2,1,1,1g.csv
4557,0,0,0,1h.csv
4557,0,0,0,1i.csv
4557,1,1,0,1j.csv
4557,0,0,0,1k.csv
4557,0,0,0,1l.csv
4557,0,0,0,1m.csv
4557,0,0,0,2a.csv
4557,0,0,0,2b.csv
4557,0,0,0,2c.csv
4557,0,0,0,2d.csv
4557,1,1,0,2e.csv
4557,1,1,0,2f.csv
4557,0,0,0,2g.csv
4557,0,0,0,2h.csv
4557,0,0,0,2i.csv
4557,1,1,0,2j.csv
4557,0,0,0,2k.csv
4557,0,0,0,2l.csv
4557,15,15,0,3a.csv
4557,2,2,0,3b.csv
4557,0,0,0,3c.csv
4557,0,0,0,3d.csv
4557,0,0,0,3e.csv
4557,0,0,0,3f.csv
4557,0,0,0,3g.csv
4558,5,4,1,1a.csv
4558,0,0,0,1b.csv
4558,7,6,1,1c.csv
4558,0,0,0,1e.csv
4558,4,0,4,1f.csv
4558,2,1,1,1g.csv
4558,0,0,0,1h.csv
4558,0,0,0,1i.csv
4558,2,1,1,1j.csv
4558,0,0,0,1k.csv
4558,1,1,0,1l.csv
4558,0,0,0,1m.csv
4558,0,0,0,2a.csv
4558,0,0,0,2b.csv
4558,0,0,0,2c.csv
4558,0,0,0,2d.csv
4558,1,1,0,2e.csv
4558,1,1,0,2f.csv
4558,0,0,0,2g.csv
4558,0,0,0,2h.csv
4558,0,0,0,2i.csv
4558,1,1,0,2j.csv
4558,0,0,0,2k.csv
4558,0,0,0,2l.csv
4558,15,15,0,3a.csv
4558,2,2,0,3b.csv
4558,0,0,0,3c.csv
4558,0,0,0,3d.csv
4558,0,0,0,3e.csv
4558,0,0,0,3f.csv
4558,0,0,0,3g.csv
4559,4,3,1,1a.csv
4559,0,0,0,1b.csv
4559,7,6,1,1c.csv
4559,0,0,0,1e.csv
4559,4,0,4,1f.csv
4559,1,1,0,1g.csv
4559,0,0,0,1h.csv
4559,0,0,0,1i.csv
4559,1,0,1,1j.csv
4559,0,0,0,1k.csv
4559,1,1,0,1l.csv
4559,0,0,0,1m.csv
4559,0,0,0,2a.csv
4559,0,0,0,2b.csv
4559,0,0,0,2c.csv
4559,0,0,0,2d.csv
4559,1,1,0,2e.csv
4559,1,1,0,2f.csv
4559,0,0,0,2g.csv
4559,0,0,0,2h.csv
4559,0,0,0,2i.csv
4559,1,1,0,2j.csv
4559,0,0,0,2k.csv
4559,0,0,0,2l.csv
4559,16,16,0,3a.csv
4559,0,0,0,3b.csv
4559,0,0,0,3c.csv
4559,0,0,0,3d.csv
4559,0,0,0,3e.csv
4559,0,0,0,3f.csv
4559,0,0,0,3g.csv
4560,3,2,1,1a.csv
4560,0,0,0,1b.csv
4560,8,7,1,1c.csv
4560,0,0,0,1e.csv
4560,4,0,4,1f.csv
4560,1,1,0,1g.csv
4560,0,0,0,1h.csv
4560,0,0,0,1i.csv
4560,1,0,1,1j.csv
4560,0,0,0,1k.csv
4560,1,1,0,1l.csv
4560,0,0,0,1m.csv
4560,0,0,0,2a.csv
4560,0,0,0,2b.csv
4560,0,0,0,2c.csv
4560,0,0,0,2d.csv
4560,1,1,0,2e.csv
4560,1,1,0,2f.csv
4560,0,0,0,2g.csv
4560,0,0,0,2h.csv
4560,0,0,0,2i.csv
4560,1,1,0,2j.csv
4560,0,0,0,2k.csv
4560,0,0,0,2l.csv
4560,15,15,0,3a.csv
4560,0,0,0,3b.csv
4560,0,0,0,3c.csv
4560,0,0,0,3d.csv
4560,0,0,0,3e.csv
4560,0,0,0,3f.csv
4560,0,0,0,3g.csv
4561,3,2,1,1a.csv
4561,0,0,0,1b.csv
4561,5,5,0,1c.csv
4561,1,1,0,1e.csv
4561,2,0,2,1f.csv
4561,0,0,0,1g.csv
4561,0,0,0,1h.csv
4561,0,0,0,1i.csv
4561,1,0,1,1j.csv
4561,0,0,0,1k.csv
4561,2,2,0,1l.csv
4561,0,0,0,1m.csv
4561,0,0,0,2a.csv
4561,0,0,0,2b.csv
4561,0,0,0,2c.csv
4561,0,0,0,2d.csv
4561,1,1,0,2e.csv
4561,0,0,0,2f.csv
4561,0,0,0,2g.csv
4561,0,0,0,2h.csv
4561,0,0,0,2i.csv
4561,0,0,0,2j.csv
4561,0,0,0,2k.csv
4561,0,0,0,2l.csv
4561,14,13,1,3a.csv
4561,1,1,0,3b.csv
4561,0,0,0,3c.csv
4561,0,0,0,3d.csv
4561,0,0,0,3e.csv
4561,0,0,0,3f.csv
4561,0,0,0,3g.csv
4562,2,1,1,1a.csv
4562,0,0,0,1b.csv
4562,9,8,1,1c.csv
4562,1,1,0,1e.csv
4562,1,0,1,1f.csv
4562,0,0,0,1g.csv
4562,0,0,0,1h.csv
4562,0,0,0,1i.csv
4562,2,1,1,1j.csv
4562,0,0,0,1k.csv
4562,2,2,0,1l.csv
4562,0,0,0,1m.csv
4562,0,0,0,2a.csv
4562,0,0,0,2b.csv
4562,0,0,0,2c.csv
4562,0,0,0,2d.csv
4562,1,1,0,2e.csv
4562,0,0,0,2f.csv
4562,0,0,0,2g.csv
4562,0,0,0,2h.csv
4562,1,1,0,2i.csv
4562,0,0,0,2j.csv
4562,0,0,0,2k.csv
4562,0,0,0,2l.csv
4562,16,15,1,3a.csv
4562,1,1,0,3b.csv
4562,0,0,0,3c.csv
4562,0,0,0,3d.csv
4562,0,0,0,3e.csv
4562,0,0,0,3f.csv
4562,0,0,0,3g.csv
4563,2,1,1,1a.csv
4563,0,0,0,1b.csv
4563,9,8,1,1c.csv
4563,1,1,0,1e.csv
4563,2,1,1,1f.csv
4563,0,0,0,1g.csv
4563,0,0,0,1h.csv
4563,0,0,0,1i.csv
4563,2,1,1,1j.csv
4563,0,0,0,1k.csv
4563,2,2,0,1l.csv
4563,0,0,0,1m.csv
4563,0,0,0,2a.csv
4563,0,0,0,2b.csv
4563,0,0,0,2c.csv
4563,0,0,0,2d.csv
4563,0,0,0,2e.csv
4563,0,0,0,2f.csv
4563,0,0,0,2g.csv
4563,0,0,0,2h.csv
4563,1,1,0,2i.csv
4563,0,0,0,2j.csv
4563,0,0,0,2k.csv
4563,0,0,0,2l.csv
4563,14,13,1,3a.csv
4563,2,2,0,3b.csv
4563,0,0,0,3c.csv
4563,0,0,0,3d.csv
4563,0,0,0,3e.csv
4563,0,0,0,3f.csv
4563,0,0,0,3g.csv
4564,2,1,1,1a.csv
4564,0,0,0,1b.csv
4564,9,8,1,1c.csv
4564,1,1,0,1e.csv
4564,2,1,1,1f.csv
4564,0,0,0,1g.csv
4564,0,0,0,1h.csv
4564,1,1,0,1i.csv
4564,2,1,1,1j.csv
4564,0,0,0,1k.csv
4564,2,2,0,1l.csv
4564,0,0,0,1m.csv
4564,0,0,0,2a.csv
4564,0,0,0,2b.csv
4564,0,0,0,2c.csv
4564,0,0,0,2d.csv
4564,0,0,0,2e.csv
4564,0,0,0,2f.csv
4564,0,0,0,2g.csv
4564,0,0,0,2h.csv
4564,1,1,0,2i.csv
4564,0,0,0,2j.csv
4564,0,0,0,2k.csv
4564,0,0,0,2l.csv
4564,13,12,1,3a.csv
4564,3,3,0,3b.csv
4564,0,0,0,3c.csv
4564,0,0,0,3d.csv
4564,0,0,0,3e.csv
4564,0,0,0,3f.csv
4564,0,0,0,3g.csv
4565,2,1,1,1a.csv
4565,0,0,0,1b.csv
4565,7,6,1,1c.csv
4565,1,1,0,1e.csv
4565,1,1,0,1f.csv
4565,1,1,0,1g.csv
4565,0,0,0,1h.csv
4565,1,1,0,1i.csv
4565,2,1,1,1j.csv
4565,0,0,0,1k.csv
4565,2,2,0,1l.csv
4565,0,0,0,1m.csv
4565,0,0,0,2a.csv
4565,0,0,0,2b.csv
4565,0,0,0,2c.csv
4565,0,0,0,2d.csv
4565,0,0,0,2e.csv
4565,0,0,0,2f.csv
4565,0,0,0,2g.csv
4565,0,0,0,2h.csv
4565,1,1,0,2i.csv
4565,0,0,0,2j.csv
4565,0,0,0,2k.csv
4565,0,0,0,2l.csv
4565,11,10,1,3a.csv
4565,4,3,1,3b.csv
4565,0,0,0,3c.csv
4565,0,0,0,3d.csv
4565,0,0,0,3e.csv
4565,0,0,0,3f.csv
4565,0,0,0,3g.csv
4566,1,1,0,1a.csv
4566,0,0,0,1b.csv
4566,7,6,1,1c.csv
4566,1,1,0,1e.csv
4566,2,1,1,1f.csv
4566,1,1,0,1g.csv
4566,0,0,0,1h.csv
4566,1,1,0,1i.csv
4566,2,2,0,1j.csv
4566,0,0,0,1k.csv
4566,1,1,0,1l.csv
4566,0,0,0,1m.csv
4566,0,0,0,2a.csv
4566,0,0,0,2b.csv
4566,0,0,0,2c.csv
4566,0,0,0,2d.csv
4566,0,0,0,2e.csv
4566,0,0,0,2f.csv
4566,0,0,0,2g.csv
4566,0,0,0,2h.csv
4566,1,1,0,2i.csv
4566,0,0,0,2j.csv
4566,0,0,0,2k.csv
4566,0,0,0,2l.csv
4566,9,8,1,3a.csv
4566,4,3,1,3b.csv
4566,0,0,0,3c.csv
4566,0,0,0,3d.csv
4566,0,0,0,3e.csv
4566,0,0,0,3f.csv
4566,0,0,0,3g.csv
4567,1,1,0,1a.csv
4567,0,0,0,1b.csv
4567,9,7,2,1c.csv
4567,1,1,0,1e.csv
4567,2,1,1,1f.csv
4567,1,1,0,1g.csv
4567,0,0,0,1h.csv
4567,1,1,0,1i.csv
4567,2,2,0,1j.csv
4567,0,0,0,1k.csv
4567,2,2,0,1l.csv
4567,0,0,0,1m.csv
4567,0,0,0,2a.csv
4567,0,0,0,2b.csv
4567,1,1,0,2c.csv
4567,0,0,0,2d.csv
4567,1,1,0,2e.csv
4567,0,0,0,2f.csv
4567,0,0,0,2g.csv
4567,0,0,0,2h.csv
4567,1,1,0,2i.csv
4567,0,0,0,2j.csv
4567,0,0,0,2k.csv
4567,0,0,0,2l.csv
4567,7,5,2,3a.csv
4567,4,3,1,3b.csv
4567,0,0,0,3c.csv
4567,0,0,0,3d.csv
4567,0,0,0,3e.csv
4567,0,0,0,3f.csv
4567,0,0,0,3g.csv
4568,1,1,0,1a.csv
4568,0,0,0,1b.csv
4568,9,7,2,1c.csv
4568,2,2,0,1e.csv
4568,2,1,1,1f.csv
4568,1,1,0,1g.csv
4568,0,0,0,1h.csv
4568,1,1,0,1i.csv
4568,2,2,0,1j.csv
4568,0,0,0,1k.csv
4568,3,3,0,1l.csv
4568,0,0,0,1m.csv
4568,0,0,0,2a.csv
4568,0,0,0,2b.csv
4568,1,1,0,2c.csv
4568,0,0,0,2d.csv
4568,1,1,0,2e.csv
4568,0,0,0,2f.csv
4568,0,0,0,2g.csv
4568,0,0,0,2h.csv
4568,1,1,0,2i.csv
4568,0,0,0,2j.csv
4568,0,0,0,2k.csv
4568,0,0,0,2l.csv
4568,7,5,2,3a.csv
4568,5,4,1,3b.csv
4568,0,0,0,3c.csv
4568,0,0,0,3d.csv
4568,0,0,0,3e.csv
4568,0,0,0,3f.csv
4568,0,0,0,3g.csv
4569,1,1,0,1a.csv
4569,0,0,0,1b.csv
4569,10,8,2,1c.csv
4569,1,1,0,1e.csv
4569,3,1,2,1f.csv
4569,1,1,0,1g.csv
4569,0,0,0,1h.csv
4569,1,1,0,1i.csv
4569,2,2,0,1j.csv
4569,0,0,0,1k.csv
4569,2,2,0,1l.csv
4569,0,0,0,1m.csv
4569,0,0,0,2a.csv
4569,0,0,0,2b.csv
4569,1,1,0,2c.csv
4569,0,0,0,2d.csv
4569,1,1,0,2e.csv
4569,0,0,0,2f.csv
4569,0,0,0,2g.csv
4569,0,0,0,2h.csv
4569,1,1,0,2i.csv
4569,0,0,0,2j.csv
4569,0,0,0,2k.csv
4569,0,0,0,2l.csv
4569,7,6,1,3a.csv
4569,4,3,1,3b.csv
4569,0,0,0,3c.csv
4569,0,0,0,3d.csv
4569,0,0,0,3e.csv
4569,0,0,0,3f.csv
4569,0,0,0,3g.csv
4570,2,2,0,1a.csv
4570,0,0,0,1b.csv
4570,7,6,1,1c.csv
4570,2,2,0,1e.csv
4570,3,1,2,1f.csv
4570,1,1,0,1g.csv
4570,0,0,0,1h.csv
4570,1,1,0,1i.csv
4570,1,1,0,1j.csv
4570,0,0,0,1k.csv
4570,2,2,0,1l.csv
4570,0,0,0,1m.csv
4570,0,0,0,2a.csv
4570,0,0,0,2b.csv
4570,1,1,0,2c.csv
4570,0,0,0,2d.csv
4570,1,1,0,2e.csv
4570,0,0,0,2f.csv
4570,0,0,0,2g.csv
4570,0,0,0,2h.csv
4570,0,0,0,2i.csv
4570,0,0,0,2j.csv
4570,0,0,0,2k.csv
4570,0,0,0,2l.csv
4570,5,4,1,3a.csv
4570,4,3,1,3b.csv
4570,0,0,0,3c.csv
4570,0,0,0,3d.csv
4570,0,0,0,3e.csv
4570,0,0,0,3f.csv
4570,0,0,0,3g.csv
4571,1,1,0,1a.csv
4571,0,0,0,1b.csv
4571,8,7,1,1c.csv
4571,3,3,0,1e.csv
4571,2,0,2,1f.csv
4571,1,1,0,1g.csv
4571,0,0,0,1h.csv
4571,1,1,0,1i.csv
4571,3,3,0,1j.csv
4571,0,0,0,1k.csv
4571,2,2,0,1l.csv
4571,0,0,0,1m.csv
4571,0,0,0,2a.csv
4571,0,0,0,2b.csv
4571,1,1,0,2c.csv
4571,0,0,0,2d.csv
4571,1,1,0,2e.csv
4571,0,0,0,2f.csv
4571,0,0,0,2g.csv
4571,0,0,0,2h.csv
4571,1,1,0,2i.csv
4571,0,0,0,2j.csv
4571,0,0,0,2k.csv
4571,0,0,0,2l.csv
4571,5,3,2,3a.csv
4571,4,3,1,3b.csv
4571,0,0,0,3c.csv
4571,0,0,0,3d.csv
4571,0,0,0,3e.csv
4571,0,0,0,3f.csv
4571,0,0,0,3g.csv
4572,1,1,0,1a.csv
4572,0,0,0,1b.csv
4572,7,6,1,1c.csv
4572,3,3,0,1e.csv
4572,2,0,2,1f.csv
4572,1,1,0,1g.csv
4572,0,0,0,1h.csv
4572,0,0,0,1i.csv
4572,3,3,0,1j.csv
4572,0,0,0,1k.csv
4572,2,2,0,1l.csv
4572,0,0,0,1m.csv
4572,0,0,0,2a.csv
4572,0,0,0,2b.csv
4572,1,1,0,2c.csv
4572,1,1,0,2d.csv
4572,2,2,0,2e.csv
4572,0,0,0,2f.csv
4572,0,0,0,2g.csv
4572,0,0,0,2h.csv
4572,1,1,0,2i.csv
4572,0,0,0,2j.csv
4572,0,0,0,2k.csv
4572,0,0,0,2l.csv
4572,5,3,2,3a.csv
4572,3,2,1,3b.csv
4572,0,0,0,3c.csv
4572,0,0,0,3d.csv
4572,0,0,0,3e.csv
4572,0,0,0,3f.csv
4572,0,0,0,3g.csv
4573,1,1,0,1a.csv
4573,0,0,0,1b.csv
4573,7,6,1,1c.csv
4573,4,4,0,1e.csv
4573,2,0,2,1f.csv
4573,0,0,0,1g.csv
4573,0,0,0,1h.csv
4573,0,0,0,1i.csv
4573,3,3,0,1j.csv
4573,0,0,0,1k.csv
4573,2,2,0,1l.csv
4573,0,0,0,1m.csv
4573,0,0,0,2a.csv
4573,0,0,0,2b.csv
4573,1,1,0,2c.csv
4573,1,1,0,2d.csv
4573,2,2,0,2e.csv
4573,0,0,0,2f.csv
4573,0,0,0,2g.csv
4573,0,0,0,2h.csv
4573,1,1,0,2i.csv
4573,0,0,0,2j.csv
4573,0,0,0,2k.csv
4573,0,0,0,2l.csv
4573,7,5,2,3a.csv
4573,2,2,0,3b.csv
4573,0,0,0,3c.csv
4573,0,0,0,3d.csv
4573,0,0,0,3e.csv
4573,0,0,0,3f.csv
4573,0,0,0,3g.csv
4574,1,1,0,1a.csv
4574,0,0,0,1b.csv
4574,9,7,2,1c.csv
4574,5,5,0,1e.csv
4574,2,0,2,1f.csv
4574,0,0,0,1g.csv
4574,0,0,0,1h.csv
4574,0,0,0,1i.csv
4574,2,2,0,1j.csv
4574,0,0,0,1k.csv
4574,2,2,0,1l.csv
4574,0,0,0,1m.csv
4574,0,0,0,2a.csv
4574,0,0,0,2b.csv
4574,1,1,0,2c.csv
4574,1,1,0,2d.csv
4574,2,2,0,2e.csv
4574,1,0,1,2f.csv
4574,0,0,0,2g.csv
4574,0,0,0,2h.csv
4574,1,1,0,2i.csv
4574,0,0,0,2j.csv
4574,0,0,0,2k.csv
4574,0,0,0,2l.csv
4574,7,5,2,3a.csv
4574,3,3,0,3b.csv
4574,0,0,0,3c.csv
4574,0,0,0,3d.csv
4574,0,0,0,3e.csv
4574,0,0,0,3f.csv
4574,0,0,0,3g.csv
4575,2,2,0,1a.csv
4575,0,0,0,1b.csv
4575,7,6,1,1c.csv
4575,8,8,0,1e.csv
4575,2,0,2,1f.csv
4575,0,0,0,1g.csv
4575,1,1,0,1h.csv
4575,0,0,0,1i.csv
4575,2,2,0,1j.csv
4575,0,0,0,1k.csv
4575,1,1,0,1l.csv
4575,0,0,0,1m.csv
4575,0,0,0,2a.csv
4575,0,0,0,2b.csv
4575,0,0,0,2c.csv
4575,1,1,0,2d.csv
4575,1,1,0,2e.csv
4575,1,0,1,2f.csv
4575,0,0,0,2g.csv
4575,0,0,0,2h.csv
4575,1,1,0,2i.csv
4575,0,0,0,2j.csv
4575,0,0,0,2k.csv
4575,0,0,0,2l.csv
4575,6,5,1,3a.csv
4575,3,3,0,3b.csv
4575,0,0,0,3c.csv
4575,0,0,0,3d.csv
4575,0,0,0,3e.csv
4575,0,0,0,3f.csv
4575,0,0,0,3g.csv
4576,2,2,0,1a.csv
4576,0,0,0,1b.csv
4576,5,4,1,1c.csv
4576,7,7,0,1e.csv
4576,3,0,3,1f.csv
4576,0,0,0,1g.csv
4576,1,1,0,1h.csv
4576,0,0,0,1i.csv
4576,2,2,0,1j.csv
4576,0,0,0,1k.csv
4576,0,0,0,1l.csv
4576,0,0,0,1m.csv
4576,0,0,0,2a.csv
4576,0,0,0,2b.csv
4576,0,0,0,2c.csv
4576,1,1,0,2d.csv
4576,1,1,0,2e.csv
4576,1,0,1,2f.csv
4576,0,0,0,2g.csv
4576,0,0,0,2h.csv
4576,1,1,0,2i.csv
4576,0,0,0,2j.csv
4576,0,0,0,2k.csv
4576,0,0,0,2l.csv
4576,6,5,1,3a.csv
4576,3,3,0,3b.csv
4576,0,0,0,3c.csv
4576,0,0,0,3d.csv
4576,0,0,0,3e.csv
4576,0,0,0,3f.csv
4576,0,0,0,3g.csv
4577,2,2,0,1a.csv
4577,0,0,0,1b.csv
4577,4,3,1,1c.csv
4577,9,9,0,1e.csv
4577,2,0,2,1f.csv
4577,0,0,0,1g.csv
4577,1,1,0,1h.csv
4577,0,0,0,1i.csv
4577,2,2,0,1j.csv
4577,0,0,0,1k.csv
4577,0,0,0,1l.csv
4577,0,0,0,1m.csv
4577,0,0,0,2a.csv
4577,0,0,0,2b.csv
4577,0,0,0,2c.csv
4577,1,1,0,2d.csv
4577,1,1,0,2e.csv
4577,1,0,1,2f.csv
4577,0,0,0,2g.csv
4577,0,0,0,2h.csv
4577,1,1,0,2i.csv
4577,0,0,0,2j.csv
4577,0,0,0,2k.csv
4577,0,0,0,2l.csv
4577,5,4,1,3a.csv
4577,4,4,0,3b.csv
4577,0,0,0,3c.csv
4577,0,0,0,3d.csv
4577,0,0,0,3e.csv
4577,0,0,0,3f.csv
4577,0,0,0,3g.csv
4578,1,1,0,1a.csv
4578,0,0,0,1b.csv
4578,3,2,1,1c.csv
4578,9,9,0,1e.csv
4578,2,0,2,1f.csv
4578,0,0,0,1g.csv
4578,2,1,1,1h.csv
4578,0,0,0,1i.csv
4578,2,2,0,1j.csv
4578,0,0,0,1k.csv
4578,0,0,0,1l.csv
4578,0,0,0,1m.csv
4578,0,0,0,2a.csv
4578,0,0,0,2b.csv
4578,0,0,0,2c.csv
4578,1,1,0,2d.csv
4578,1,1,0,2e.csv
4578,1,0,1,2f.csv
4578,0,0,0,2g.csv
4578,0,0,0,2h.csv
4578,1,1,0,2i.csv
4578,0,0,0,2j.csv
4578,0,0,0,2k.csv
4578,0,0,0,2l.csv
4578,5,4,1,3a.csv
4578,7,6,1,3b.csv
4578,0,0,0,3c.csv
4578,0,0,0,3d.csv
4578,0,0,0,3e.csv
4578,0,0,0,3f.csv
4578,0,0,0,3g.csv
4579,1,1,0,1a.csv
4579,0,0,0,1b.csv
4579,2,1,1,1c.csv
4579,8,8,0,1e.csv
4579,3,1,2,1f.csv
4579,0,0,0,1g.csv
4579,2,1,1,1h.csv
4579,0,0,0,1i.csv
4579,0,0,0,1j.csv
4579,0,0,0,1k.csv
4579,0,0,0,1l.csv
4579,0,0,0,1m.csv
4579,0,0,0,2a.csv
4579,0,0,0,2b.csv
4579,0,0,0,2c.csv
4579,2,2,0,2d.csv
4579,1,1,0,2e.csv
4579,1,0,1,2f.csv
4579,0,0,0,2g.csv
4579,0,0,0,2h.csv
4579,0,0,0,2i.csv
4579,0,0,0,2j.csv
4579,0,0,0,2k.csv
4579,0,0,0,2l.csv
4579,6,6,0,3a.csv
4579,6,5,1,3b.csv
4579,0,0,0,3c.csv
4579,0,0,0,3d.csv
4579,0,0,0,3e.csv
4579,0,0,0,3f.csv
4579,0,0,0,3g.csv
4580,1,1,0,1a.csv
4580,0,0,0,1b.csv
4580,2,1,1,1c.csv
4580,8,8,0,1e.csv
4580,3,1,2,1f.csv
4580,0,0,0,1g.csv
4580,2,1,1,1h.csv
4580,0,0,0,1i.csv
4580,0,0,0,1j.csv
4580,0,0,0,1k.csv
4580,0,0,0,1l.csv
4580,0,0,0,1m.csv
4580,0,0,0,2a.csv
4580,2,1,1,2b.csv
4580,0,0,0,2c.csv
4580,1,1,0,2d.csv
4580,0,0,0,2e.csv
4580,1,0,1,2f.csv
4580,0,0,0,2g.csv
4580,0,0,0,2h.csv
4580,1,1,0,2i.csv
4580,0,0,0,2j.csv
4580,0,0,0,2k.csv
4580,0,0,0,2l.csv
4580,6,6,0,3a.csv
4580,8,7,1,3b.csv
4580,0,0,0,3c.csv
4580,0,0,0,3d.csv
4580,0,0,0,3e.csv
4580,0,0,0,3f.csv
4580,0,0,0,3g.csv
4581,1,1,0,1a.csv
4581,0,0,0,1b.csv
4581,3,2,1,1c.csv
4581,8,8,0,1e.csv
4581,3,1,2,1f.csv
4581,0,0,0,1g.csv
4581,2,1,1,1h.csv
4581,0,0,0,1i.csv
4581,0,0,0,1j.csv
4581,0,0,0,1k.csv
4581,1,1,0,1l.csv
4581,0,0,0,1m.csv
4581,0,0,0,2a.csv
4581,3,2,1,2b.csv
4581,0,0,0,2c.csv
4581,2,2,0,2d.csv
4581,0,0,0,2e.csv
4581,1,0,1,2f.csv
4581,0,0,0,2g.csv
4581,0,0,0,2h.csv
4581,2,2,0,2i.csv
4581,0,0,0,2j.csv
4581,0,0,0,2k.csv
4581,0,0,0,2l.csv
4581,6,5,1,3a.csv
4581,10,7,3,3b.csv
4581,0,0,0,3c.csv
4581,0,0,0,3d.csv
4581,0,0,0,3e.csv
4581,0,0,0,3f.csv
4581,0,0,0,3g.csv
4582,1,1,0,1a.csv
4582,0,0,0,1b.csv
4582,1,1,0,1c.csv
4582,8,8,0,1e.csv
4582,2,1,1,1f.csv
4582,0,0,0,1g.csv
4582,2,1,1,1h.csv
4582,0,0,0,1i.csv
4582,0,0,0,1j.csv
4582,0,0,0,1k.csv
4582,1,1,0,1l.csv
4582,0,0,0,1m.csv
4582,0,0,0,2a.csv
4582,3,2,1,2b.csv
4582,1,1,0,2c.csv
4582,2,2,0,2d.csv
4582,0,0,0,2e.csv
4582,0,0,0,2f.csv
4582,0,0,0,2g.csv
4582,0,0,0,2h.csv
4582,2,2,0,2i.csv
4582,0,0,0,2j.csv
4582,0,0,0,2k.csv
4582,0,0,0,2l.csv
4582,5,4,1,3a.csv
4582,13,10,3,3b.csv
4582,0,0,0,3c.csv
4582,0,0,0,3d.csv
4582,0,0,0,3e.csv
4582,0,0,0,3f.csv
4582,0,0,0,3g.csv
4583,0,0,0,1a.csv
4583,0,0,0,1b.csv
4583,1,1,0,1c.csv
4583,5,5,0,1e.csv
4583,3,1,2,1f.csv
4583,0,0,0,1g.csv
4583,1,0,1,1h.csv
4583,0,0,0,1i.csv
4583,0,0,0,1j.csv
4583,0,0,0,1k.csv
4583,2,2,0,1l.csv
4583,0,0,0,1m.csv
4583,0,0,0,2a.csv
4583,3,2,1,2b.csv
4583,1,1,0,2c.csv
4583,2,2,0,2d.csv
4583,0,0,0,2e.csv
4583,0,0,0,2f.csv
4583,0,0,0,2g.csv
4583,0,0,0,2h.csv
4583,2,2,0,2i.csv
4583,0,0,0,2j.csv
4583,0,0,0,2k.csv
4583,0,0,0,2l.csv
4583,7,6,1,3a.csv
4583,13,10,3,3b.csv
4583,0,0,0,3c.csv
4583,0,0,0,3d.csv
4583,0,0,0,3e.csv
4583,0,0,0,3f.csv
4583,0,0,0,3g.csv
4584,0,0,0,1a.csv
4584,0,0,0,1b.csv
4584,1,1,0,1c.csv
4584,5,5,0,1e.csv
4584,2,1,1,1f.csv
4584,0,0,0,1g.csv
4584,1,0,1,1h.csv
4584,0,0,0,1i.csv
4584,0,0,0,1j.csv
4584,0,0,0,1k.csv
4584,3,2,1,1l.csv
4584,1,1,0,1m.csv
4584,0,0,0,2a.csv
4584,5,4,1,2b.csv
4584,1,1,0,2c.csv
4584,2,2,0,2d.csv
4584,0,0,0,2e.csv
4584,0,0,0,2f.csv
4584,0,0,0,2g.csv
4584,0,0,0,2h.csv
4584,2,2,0,2i.csv
4584,0,0,0,2j.csv
4584,0,0,0,2k.csv
4584,0,0,0,2l.csv
4584,9,8,1,3a.csv
4584,14,9,5,3b.csv
4584,0,0,0,3c.csv
4584,0,0,0,3d.csv
4584,0,0,0,3e.csv
4584,0,0,0,3f.csv
4584,0,0,0,3g.csv
4585,0,0,0,1a.csv
4585,0,0,0,1b.csv
4585,2,2,0,1c.csv
4585,3,3,0,1e.csv
4585,2,1,1,1f.csv
4585,0,0,0,1g.csv
4585,1,0,1,1h.csv
4585,0,0,0,1i.csv
4585,1,1,0,1j.csv
4585,0,0,0,1k.csv
4585,3,2,1,1l.csv
4585,1,1,0,1m.csv
4585,0,0,0,2a.csv
4585,5,4,1,2b.csv
4585,1,1,0,2c.csv
4585,2,2,0,2d.csv
4585,0,0,0,2e.csv
4585,0,0,0,2f.csv
4585,0,0,0,2g.csv
4585,0,0,0,2h.csv
4585,2,2,0,2i.csv
4585,0,0,0,2j.csv
4585,0,0,0,2k.csv
4585,0,0,0,2l.csv
4585,10,9,1,3a.csv
4585,15,10,5,3b.csv
4585,0,0,0,3c.csv
4585,0,0,0,3d.csv
4585,0,0,0,3e.csv
4585,0,0,0,3f.csv
4585,0,0,0,3g.csv
4586,0,0,0,1a.csv
4586,0,0,0,1b.csv
4586,3,3,0,1c.csv
4586,2,2,0,1e.csv
4586,2,1,1,1f.csv
4586,0,0,0,1g.csv
4586,0,0,0,1h.csv
4586,0,0,0,1i.csv
4586,1,1,0,1j.csv
4586,0,0,0,1k.csv
4586,3,2,1,1l.csv
4586,1,1,0,1m.csv
4586,0,0,0,2a.csv
4586,5,4,1,2b.csv
4586,1,1,0,2c.csv
4586,2,2,0,2d.csv
4586,0,0,0,2e.csv
4586,0,0,0,2f.csv
4586,0,0,0,2g.csv
4586,0,0,0,2h.csv
4586,4,3,1,2i.csv
4586,0,0,0,2j.csv
4586,0,0,0,2k.csv
4586,0,0,0,2l.csv
4586,11,10,1,3a.csv
4586,13,9,4,3b.csv
4586,0,0,0,3c.csv
4586,0,0,0,3d.csv
4586,0,0,0,3e.csv
4586,0,0,0,3f.csv
4586,0,0,0,3g.csv
4587,0,0,0,1a.csv
4587,0,0,0,1b.csv
4587,3,3,0,1c.csv
4587,2,2,0,1e.csv
4587,1,0,1,1f.csv
4587,0,0,0,1g.csv
4587,0,0,0,1h.csv
4587,0,0,0,1i.csv
4587,1,1,0,1j.csv
4587,0,0,0,1k.csv
4587,3,2,1,1l.csv
4587,1,1,0,1m.csv
4587,0,0,0,2a.csv
4587,6,5,1,2b.csv
4587,1,1,0,2c.csv
4587,1,1,0,2d.csv
4587,0,0,0,2e.csv
4587,0,0,0,2f.csv
4587,0,0,0,2g.csv
4587,0,0,0,2h.csv
4587,4,3,1,2i.csv
4587,0,0,0,2j.csv
4587,0,0,0,2k.csv
4587,0,0,0,2l.csv
4587,10,9,1,3a.csv
4587,14,10,4,3b.csv
4587,0,0,0,3c.csv
4587,0,0,0,3d.csv
4587,0,0,0,3e.csv
4587,0,0,0,3f.csv
4587,0,0,0,3g.csv
4588,0,0,0,1a.csv
4588,0,0,0,1b.csv
4588,3,3,0,1c.csv
4588,2,2,0,1e.csv
4588,2,0,2,1f.csv
4588,0,0,0,1g.csv
4588,0,0,0,1h.csv
4588,0,0,0,1i.csv
4588,1,1,0,1j.csv
4588,0,0,0,1k.csv
4588,3,2,1,1l.csv
4588,2,2,0,1m.csv
4588,0,0,0,2a.csv
4588,4,4,0,2b.csv
4588,3,3,0,2c.csv
4588,2,2,0,2d.csv
4588,0,0,0,2e.csv
4588,0,0,0,2f.csv
4588,0,0,0,2g.csv
4588,0,0,0,2h.csv
4588,3,2,1,2i.csv
4588,0,0,0,2j.csv
4588,0,0,0,2k.csv
4588,0,0,0,2l.csv
4588,10,9,1,3a.csv
4588,12,8,4,3b.csv
4588,0,0,0,3c.csv
4588,0,0,0,3d.csv
4588,0,0,0,3e.csv
4588,0,0,0,3f.csv
4588,0,0,0,3g.csv
4589,0,0,0,1a.csv
4589,0,0,0,1b.csv
4589,2,2,0,1c.csv
4589,1,1,0,1e.csv
4589,2,0,2,1f.csv
4589,0,0,0,1g.csv
4589,0,0,0,1h.csv
4589,0,0,0,1i.csv
4589,1,1,0,1j.csv
4589,0,0,0,1k.csv
4589,2,1,1,1l.csv
4589,2,2,0,1m.csv
4589,0,0,0,2a.csv
4589,4,4,0,2b.csv
4589,4,4,0,2c.csv
4589,1,1,0,2d.csv
4589,1,0,1,2e.csv
4589,0,0,0,2f.csv
4589,0,0,0,2g.csv
4589,0,0,0,2h.csv
4589,2,1,1,2i.csv
4589,0,0,0,2j.csv
4589,0,0,0,2k.csv
4589,0,0,0,2l.csv
4589,8,8,0,3a.csv
4589,13,9,4,3b.csv
4589,0,0,0,3c.csv
4589,0,0,0,3d.csv
4589,0,0,0,3e.csv
4589,0,0,0,3f.csv
4589,0,0,0,3g.csv
4590,0,0,0,1a.csv
4590,0,0,0,1b.csv
4590,2,2,0,1c.csv
4590,0,0,0,1e.csv
4590,2,0,2,1f.csv
4590,0,0,0,1g.csv
4590,0,0,0,1h.csv
4590,0,0,0,1i.csv
4590,1,1,0,1j.csv
4590,0,0,0,1k.csv
4590,2,1,1,1l.csv
4590,2,2,0,1m.csv
4590,0,0,0,2a.csv
4590,4,4,0,2b.csv
4590,3,3,0,2c.csv
4590,1,1,0,2d.csv
4590,1,0,1,2e.csv
4590,0,0,0,2f.csv
4590,0,0,0,2g.csv
4590,0,0,0,2h.csv
4590,2,1,1,2i.csv
4590,0,0,0,2j.csv
4590,0,0,0,2k.csv
4590,0,0,0,2l.csv
4590,8,8,0,3a.csv
4590,9,5,4,3b.csv
4590,0,0,0,3c.csv
4590,0,0,0,3d.csv
4590,0,0,0,3e.csv
4590,0,0,0,3f.csv
4590,0,0,0,3g.csv
4591,0,0,0,1a.csv
4591,0,0,0,1b.csv
4591,2,2,0,1c.csv
4591,0,0,0,1e.csv
4591,1,0,1,1f.csv
4591,0,0,0,1g.csv
4591,0,0,0,1h.csv
4591,0,0,0,1i.csv
4591,1,1,0,1j.csv
4591,0,0,0,1k.csv
4591,1,0,1,1l.csv
4591,2,2,0,1m.csv
4591,0,0,0,2a.csv
4591,4,4,0,2b.csv
4591,3,3,0,2c.csv
4591,1,1,0,2d.csv
4591,1,0,1,2e.csv
4591,0,0,0,2f.csv
4591,0,0,0,2g.csv
4591,0,0,0,2h.csv
4591,2,1,1,2i.csv
4591,0,0,0,2j.csv
4591,0,0,0,2k.csv
4591,0,0,0,2l.csv
4591,6,6,0,3a.csv
4591,10,6,4,3b.csv
4591,0,0,0,3c.csv
4591,0,0,0,3d.csv
4591,0,0,0,3e.csv
4591,0,0,0,3f.csv
4591,0,0,0,3g.csv
4592,1,1,0,1a.csv
4592,0,0,0,1b.csv
4592,3,3,0,1c.csv
4592,0,0,0,1e.csv
4592,1,0,1,1f.csv
4592,0,0,0,1g.csv
4592,0,0,0,1h.csv
4592,0,0,0,1i.csv
4592,1,1,0,1j.csv
4592,0,0,0,1k.csv
4592,0,0,0,1l.csv
4592,2,2,0,1m.csv
4592,0,0,0,2a.csv
4592,2,2,0,2b.csv
4592,3,3,0,2c.csv
4592,1,1,0,2d.csv
4592,1,0,1,2e.csv
4592,0,0,0,2f.csv
4592,0,0,0,2g.csv
4592,0,0,0,2h.csv
4592,2,1,1,2i.csv
4592,0,0,0,2j.csv
4592,0,0,0,2k.csv
4592,0,0,0,2l.csv
4592,5,5,0,3a.csv
4592,8,6,2,3b.csv
4592,0,0,0,3c.csv
4592,0,0,0,3d.csv
4592,0,0,0,3e.csv
4592,0,0,0,3f.csv
4592,0,0,0,3g.csv
4593,1,1,0,1a.csv
4593,0,0,0,1b.csv
4593,2,2,0,1c.csv
4593,0,0,0,1e.csv
4593,1,0,1,1f.csv
4593,0,0,0,1g.csv
4593,0,0,0,1h.csv
4593,0,0,0,1i.csv
4593,0,0,0,1j.csv
4593,0,0,0,1k.csv
4593,0,0,0,1l.csv
4593,2,2,0,1m.csv
4593,0,0,0,2a.csv
4593,2,2,0,2b.csv
4593,3,3,0,2c.csv
4593,1,1,0,2d.csv
4593,1,0,1,2e.csv
4593,0,0,0,2f.csv
4593,0,0,0,2g.csv
4593,0,0,0,2h.csv
4593,2,1,1,2i.csv
4593,0,0,0,2j.csv
4593,0,0,0,2k.csv
4593,0,0,0,2l.csv
4593,4,4,0,3a.csv
4593,9,7,2,3b.csv
4593,0,0,0,3c.csv
4593,0,0,0,3d.csv
4593,0,0,0,3e.csv
4593,0,0,0,3f.csv
4593,0,0,0,3g.csv
4594,1,1,0,1a.csv
4594,0,0,0,1b.csv
4594,1,1,0,1c.csv
4594,0,0,0,1e.csv
4594,1,0,1,1f.csv
4594,0,0,0,1g.csv
4594,0,0,0,1h.csv
4594,0,0,0,1i.csv
4594,0,0,0,1j.csv
4594,0,0,0,1k.csv
4594,0,0,0,1l.csv
4594,2,2,0,1m.csv
4594,0,0,0,2a.csv
4594,2,2,0,2b.csv
4594,4,4,0,2c.csv
4594,1,1,0,2d.csv
4594,1,0,1,2e.csv
4594,1,1,0,2f.csv
4594,0,0,0,2g.csv
4594,0,0,0,2h.csv
4594,0,0,0,2i.csv
4594,0,0,0,2j.csv
4594,0,0,0,2k.csv
4594,0,0,0,2l.csv
4594,3,3,0,3a.csv
4594,8,6,2,3b.csv
4594,0,0,0,3c.csv
4594,0,0,0,3d.csv
4594,0,0,0,3e.csv
4594,0,0,0,3f.csv
4594,0,0,0,3g.csv
4595,1,1,0,1a.csv
4595,0,0,0,1b.csv
4595,1,1,0,1c.csv
4595,0,0,0,1e.csv
4595,1,0,1,1f.csv
4595,0,0,0,1g.csv
4595,0,0,0,1h.csv
4595,0,0,0,1i.csv
4595,0,0,0,1j.csv
4595,0,0,0,1k.csv
4595,0,0,0,1l.csv
4595,2,2,0,1m.csv
4595,0,0,0,2a.csv
4595,1,1,0,2b.csv
4595,4,4,0,2c.csv
4595,1,1,0,2d.csv
4595,1,0,1,2e.csv
4595,1,1,0,2f.csv
4595,0,0,0,2g.csv
4595,0,0,0,2h.csv
4595,0,0,0,2i.csv
4595,0,0,0,2j.csv
4595,0,0,0,2k.csv
4595,0,0,0,2l.csv
4595,3,3,0,3a.csv
4595,7,5,2,3b.csv
4595,0,0,0,3c.csv
4595,0,0,0,3d.csv
4595,0,0,0,3e.csv
4595,0,0,0,3f.csv
4595,0,0,0,3g.csv
4596,1,1,0,1a.csv
4596,0,0,0,1b.csv
4596,1,1,0,1c.csv
4596,0,0,0,1e.csv
4596,0,0,0,1f.csv
4596,0,0,0,1g.csv
4596,0,0,0,1h.csv
4596,0,0,0,1i.csv
4596,0,0,0,1j.csv
4596,0,0,0,1k.csv
4596,0,0,0,1l.csv
4596,1,1,0,1m.csv
4596,0,0,0,2a.csv
4596,1,1,0,2b.csv
4596,2,2,0,2c.csv
4596,1,1,0,2d.csv
4596,1,0,1,2e.csv
4596,1,1,0,2f.csv
4596,0,0,0,2g.csv
4596,0,0,0,2h.csv
4596,0,0,0,2i.csv
4596,0,0,0,2j.csv
4596,0,0,0,2k.csv
4596,0,0,0,2l.csv
4596,2,2,0,3a.csv
4596,6,5,1,3b.csv
4596,0,0,0,3c.csv
4596,0,0,0,3d.csv
4596,0,0,0,3e.csv
4596,0,0,0,3f.csv
4596,0,0,0,3g.csv
4597,3,2,1,1a.csv
4597,0,0,0,1b.csv
4597,1,1,0,1c.csv
4597,1,1,0,1e.csv
4597,0,0,0,1f.csv
4597,0,0,0,1g.csv
4597,0,0,0,1h.csv
4597,0,0,0,1i.csv
4597,0,0,0,1j.csv
4597,0,0,0,1k.csv
4597,0,0,0,1l.csv
4597,1,1,0,1m.csv
4597,0,0,0,2a.csv
4597,1,1,0,2b.csv
4597,1,1,0,2c.csv
4597,1,1,0,2d.csv
4597,0,0,0,2e.csv
4597,1,1,0,2f.csv
4597,0,0,0,2g.csv
4597,0,0,0,2h.csv
4597,0,0,0,2i.csv
4597,0,0,0,2j.csv
4597,0,0,0,2k.csv
4597,0,0,0,2l.csv
4597,2,2,0,3a.csv
4597,7,6,1,3b.csv
4597,0,0,0,3c.csv
4597,0,0,0,3d.csv
4597,0,0,0,3e.csv
4597,0,0,0,3f.csv
4597,0,0,0,3g.csv
4598,3,2,1,1a.csv
4598,0,0,0,1b.csv
4598,1,1,0,1c.csv
4598,1,1,0,1e.csv
4598,0,0,0,1f.csv
4598,0,0,0,1g.csv
4598,0,0,0,1h.csv
4598,0,0,0,1i.csv
4598,0,0,0,1j.csv
4598,0,0,0,1k.csv
4598,0,0,0,1l.csv
4598,1,1,0,1m.csv
4598,0,0,0,2a.csv
4598,1,1,0,2b.csv
4598,1,1,0,2c.csv
4598,1,1,0,2d.csv
4598,1,1,0,2e.csv
4598,2,2,0,2f.csv
4598,0,0,0,2g.csv
4598,0,0,0,2h.csv
4598,0,0,0,2i.csv
4598,0,0,0,2j.csv
4598,0,0,0,2k.csv
4598,0,0,0,2l.csv
4598,3,3,0,3a.csv
4598,7,6,1,3b.csv
4598,0,0,0,3c.csv
4598,0,0,0,3d.csv
4598,0,0,0,3e.csv
4598,0,0,0,3f.csv
4598,0,0,0,3g.csv
4599,3,2,1,1a.csv
4599,0,0,0,1b.csv
4599,1,1,0,1c.csv
4599,1,1,0,1e.csv
4599,0,0,0,1f.csv
4599,0,0,0,1g.csv
4599,0,0,0,1h.csv
4599,0,0,0,1i.csv
4599,0,0,0,1j.csv
4599,0,0,0,1k.csv
4599,0,0,0,1l.csv
4599,1,1,0,1m.csv
4599,0,0,0,2a.csv
4599,1,1,0,2b.csv
4599,1,1,0,2c.csv
4599,2,2,0,2d.csv
4599,1,1,0,2e.csv
4599,2,2,0,2f.csv
4599,0,0,0,2g.csv
4599,0,0,0,2h.csv
4599,1,1,0,2i.csv
4599,0,0,0,2j.csv
4599,0,0,0,2k.csv
4599,0,0,0,2l.csv
4599,4,3,1,3a.csv
4599,6,5,1,3b.csv
4599,0,0,0,3c.csv
4599,0,0,0,3d.csv
4599,0,0,0,3e.csv
4599,0,0,0,3f.csv
4599,0,0,0,3g.csv
