TimeStamp,Frequency,feeling_positive,feeling_negative,Class
0,30,21,9,Reader_1_1.csv
0,16,15,1,Reader_1_10.csv
0,16,13,3,Reader_1_11.csv
0,15,11,4,Reader_1_12.csv
0,26,18,8,Reader_1_2.csv
0,14,12,2,Reader_1_3.csv
0,21,16,5,Reader_1_4.csv
0,38,32,6,Reader_1_5.csv
0,17,15,2,Reader_1_6.csv
0,20,14,6,Reader_1_7.csv
0,12,11,1,Reader_1_8.csv
0,14,13,1,Reader_1_9.csv
0,7,3,4,Reader_2_1.csv
0,1,1,0,Reader_2_10.csv
0,5,2,3,Reader_2_11.csv
0,11,2,9,Reader_2_12.csv
0,0,0,0,Reader_2_2.csv
0,4,3,1,Reader_2_3.csv
0,1,0,1,Reader_2_4.csv
0,4,4,0,Reader_2_5.csv
0,0,0,0,Reader_2_6.csv
0,1,1,0,Reader_2_7.csv
0,1,1,0,Reader_2_8.csv
0,3,3,0,Reader_2_9.csv
0,28,19,9,reader_3_1.csv
0,41,33,8,Reader_3_2.csv
0,16,13,3,Reader_3_3.csv
0,16,13,3,Reader_3_4.csv
0,12,9,3,Reader_3_5.csv
0,14,10,4,Reader_3_6.csv
0,6,5,1,Reader_3_7.csv
1,33,23,10,Reader_1_1.csv
1,18,16,2,Reader_1_10.csv
1,17,14,3,Reader_1_11.csv
1,15,11,4,Reader_1_12.csv
1,28,20,8,Reader_1_2.csv
1,15,13,2,Reader_1_3.csv
1,21,16,5,Reader_1_4.csv
1,45,37,8,Reader_1_5.csv
1,18,15,3,Reader_1_6.csv
1,21,14,7,Reader_1_7.csv
1,12,11,1,Reader_1_8.csv
1,17,16,1,Reader_1_9.csv
1,10,5,5,Reader_2_1.csv
1,1,1,0,Reader_2_10.csv
1,7,2,5,Reader_2_11.csv
1,13,2,11,Reader_2_12.csv
1,1,0,1,Reader_2_2.csv
1,5,4,1,Reader_2_3.csv
1,1,0,1,Reader_2_4.csv
1,4,4,0,Reader_2_5.csv
1,0,0,0,Reader_2_6.csv
1,1,1,0,Reader_2_7.csv
1,1,1,0,Reader_2_8.csv
1,3,3,0,Reader_2_9.csv
1,34,25,9,reader_3_1.csv
1,46,38,8,Reader_3_2.csv
1,17,14,3,Reader_3_3.csv
1,17,14,3,Reader_3_4.csv
1,12,9,3,Reader_3_5.csv
1,15,11,4,Reader_3_6.csv
1,10,7,3,Reader_3_7.csv
2,38,28,10,Reader_1_1.csv
2,18,16,2,Reader_1_10.csv
2,19,16,3,Reader_1_11.csv
2,15,11,4,Reader_1_12.csv
2,28,20,8,Reader_1_2.csv
2,15,13,2,Reader_1_3.csv
2,21,16,5,Reader_1_4.csv
2,54,46,8,Reader_1_5.csv
2,18,15,3,Reader_1_6.csv
2,21,14,7,Reader_1_7.csv
2,13,12,1,Reader_1_8.csv
2,17,16,1,Reader_1_9.csv
2,10,5,5,Reader_2_1.csv
2,1,1,0,Reader_2_10.csv
2,10,4,6,Reader_2_11.csv
2,17,5,12,Reader_2_12.csv
2,1,0,1,Reader_2_2.csv
2,6,4,2,Reader_2_3.csv
2,1,0,1,Reader_2_4.csv
2,4,4,0,Reader_2_5.csv
2,0,0,0,Reader_2_6.csv
2,1,1,0,Reader_2_7.csv
2,1,1,0,Reader_2_8.csv
2,3,3,0,Reader_2_9.csv
2,37,27,10,reader_3_1.csv
2,57,47,10,Reader_3_2.csv
2,18,15,3,Reader_3_3.csv
2,18,15,3,Reader_3_4.csv
2,12,9,3,Reader_3_5.csv
2,18,14,4,Reader_3_6.csv
2,12,7,5,Reader_3_7.csv
3,44,33,11,Reader_1_1.csv
3,20,17,3,Reader_1_10.csv
3,21,18,3,Reader_1_11.csv
3,16,12,4,Reader_1_12.csv
3,28,20,8,Reader_1_2.csv
3,16,14,2,Reader_1_3.csv
3,21,16,5,Reader_1_4.csv
3,64,54,10,Reader_1_5.csv
3,18,15,3,Reader_1_6.csv
3,21,14,7,Reader_1_7.csv
3,13,12,1,Reader_1_8.csv
3,17,16,1,Reader_1_9.csv
3,11,5,6,Reader_2_1.csv
3,1,1,0,Reader_2_10.csv
3,11,5,6,Reader_2_11.csv
3,19,5,14,Reader_2_12.csv
3,1,0,1,Reader_2_2.csv
3,6,4,2,Reader_2_3.csv
3,1,0,1,Reader_2_4.csv
3,4,4,0,Reader_2_5.csv
3,0,0,0,Reader_2_6.csv
3,1,1,0,Reader_2_7.csv
3,1,1,0,Reader_2_8.csv
3,3,3,0,Reader_2_9.csv
3,48,34,14,reader_3_1.csv
3,60,49,11,Reader_3_2.csv
3,24,21,3,Reader_3_3.csv
3,24,21,3,Reader_3_4.csv
3,14,10,4,Reader_3_5.csv
3,21,15,6,Reader_3_6.csv
3,13,8,5,Reader_3_7.csv
4,35,25,10,Reader_1_1.csv
4,5,3,2,Reader_1_10.csv
4,16,13,3,Reader_1_11.csv
4,2,2,0,Reader_1_12.csv
4,17,10,7,Reader_1_2.csv
4,5,4,1,Reader_1_3.csv
4,2,1,1,Reader_1_4.csv
4,60,49,11,Reader_1_5.csv
4,5,3,2,Reader_1_6.csv
4,7,5,2,Reader_1_7.csv
4,3,3,0,Reader_1_8.csv
4,9,9,0,Reader_1_9.csv
4,10,7,3,Reader_2_1.csv
4,0,0,0,Reader_2_10.csv
4,14,7,7,Reader_2_11.csv
4,20,5,15,Reader_2_12.csv
4,1,0,1,Reader_2_2.csv
4,6,5,1,Reader_2_3.csv
4,2,0,2,Reader_2_4.csv
4,2,2,0,Reader_2_5.csv
4,1,1,0,Reader_2_6.csv
4,0,0,0,Reader_2_7.csv
4,1,1,0,Reader_2_8.csv
4,1,1,0,Reader_2_9.csv
4,54,37,17,reader_3_1.csv
4,63,51,12,Reader_3_2.csv
4,25,21,4,Reader_3_3.csv
4,25,21,4,Reader_3_4.csv
4,14,10,4,Reader_3_5.csv
4,12,8,4,Reader_3_6.csv
4,13,8,5,Reader_3_7.csv
5,36,26,10,Reader_1_1.csv
5,5,3,2,Reader_1_10.csv
5,15,13,2,Reader_1_11.csv
5,2,2,0,Reader_1_12.csv
5,9,5,4,Reader_1_2.csv
5,6,5,1,Reader_1_3.csv
5,2,1,1,Reader_1_4.csv
5,67,54,13,Reader_1_5.csv
5,5,3,2,Reader_1_6.csv
5,7,5,2,Reader_1_7.csv
5,4,3,1,Reader_1_8.csv
5,9,9,0,Reader_1_9.csv
5,10,7,3,Reader_2_1.csv
5,0,0,0,Reader_2_10.csv
5,15,7,8,Reader_2_11.csv
5,19,5,14,Reader_2_12.csv
5,1,0,1,Reader_2_2.csv
5,5,4,1,Reader_2_3.csv
5,2,0,2,Reader_2_4.csv
5,2,2,0,Reader_2_5.csv
5,1,1,0,Reader_2_6.csv
5,0,0,0,Reader_2_7.csv
5,0,0,0,Reader_2_8.csv
5,0,0,0,Reader_2_9.csv
5,56,37,19,reader_3_1.csv
5,56,47,9,Reader_3_2.csv
5,21,19,2,Reader_3_3.csv
5,21,19,2,Reader_3_4.csv
5,15,10,5,Reader_3_5.csv
5,13,8,5,Reader_3_6.csv
5,11,7,4,Reader_3_7.csv
6,36,26,10,Reader_1_1.csv
6,4,2,2,Reader_1_10.csv
6,13,11,2,Reader_1_11.csv
6,3,3,0,Reader_1_12.csv
6,10,6,4,Reader_1_2.csv
6,6,5,1,Reader_1_3.csv
6,0,0,0,Reader_1_4.csv
6,64,53,11,Reader_1_5.csv
6,5,3,2,Reader_1_6.csv
6,5,3,2,Reader_1_7.csv
6,3,2,1,Reader_1_8.csv
6,9,9,0,Reader_1_9.csv
6,13,8,5,Reader_2_1.csv
6,0,0,0,Reader_2_10.csv
6,15,6,9,Reader_2_11.csv
6,22,6,16,Reader_2_12.csv
6,1,0,1,Reader_2_2.csv
6,5,4,1,Reader_2_3.csv
6,1,0,1,Reader_2_4.csv
6,1,1,0,Reader_2_5.csv
6,1,1,0,Reader_2_6.csv
6,0,0,0,Reader_2_7.csv
6,0,0,0,Reader_2_8.csv
6,0,0,0,Reader_2_9.csv
6,59,37,22,reader_3_1.csv
6,57,48,9,Reader_3_2.csv
6,19,17,2,Reader_3_3.csv
6,19,17,2,Reader_3_4.csv
6,14,10,4,Reader_3_5.csv
6,14,9,5,Reader_3_6.csv
6,9,5,4,Reader_3_7.csv
7,35,26,9,Reader_1_1.csv
7,4,2,2,Reader_1_10.csv
7,8,7,1,Reader_1_11.csv
7,3,3,0,Reader_1_12.csv
7,8,5,3,Reader_1_2.csv
7,7,5,2,Reader_1_3.csv
7,0,0,0,Reader_1_4.csv
7,64,55,9,Reader_1_5.csv
7,4,3,1,Reader_1_6.csv
7,4,3,1,Reader_1_7.csv
7,3,2,1,Reader_1_8.csv
7,5,5,0,Reader_1_9.csv
7,14,9,5,Reader_2_1.csv
7,0,0,0,Reader_2_10.csv
7,18,10,8,Reader_2_11.csv
7,20,6,14,Reader_2_12.csv
7,1,0,1,Reader_2_2.csv
7,4,2,2,Reader_2_3.csv
7,1,0,1,Reader_2_4.csv
7,1,1,0,Reader_2_5.csv
7,2,2,0,Reader_2_6.csv
7,1,1,0,Reader_2_7.csv
7,0,0,0,Reader_2_8.csv
7,0,0,0,Reader_2_9.csv
7,65,43,22,reader_3_1.csv
7,59,50,9,Reader_3_2.csv
7,25,22,3,Reader_3_3.csv
7,25,22,3,Reader_3_4.csv
7,14,11,3,Reader_3_5.csv
7,18,13,5,Reader_3_6.csv
7,8,4,4,Reader_3_7.csv
8,35,29,6,Reader_1_1.csv
8,5,3,2,Reader_1_10.csv
8,6,6,0,Reader_1_11.csv
8,3,3,0,Reader_1_12.csv
8,4,4,0,Reader_1_2.csv
8,5,4,1,Reader_1_3.csv
8,0,0,0,Reader_1_4.csv
8,56,48,8,Reader_1_5.csv
8,2,1,1,Reader_1_6.csv
8,3,2,1,Reader_1_7.csv
8,2,1,1,Reader_1_8.csv
8,3,3,0,Reader_1_9.csv
8,13,9,4,Reader_2_1.csv
8,0,0,0,Reader_2_10.csv
8,17,9,8,Reader_2_11.csv
8,26,11,15,Reader_2_12.csv
8,1,0,1,Reader_2_2.csv
8,6,2,4,Reader_2_3.csv
8,2,0,2,Reader_2_4.csv
8,1,1,0,Reader_2_5.csv
8,2,2,0,Reader_2_6.csv
8,1,1,0,Reader_2_7.csv
8,0,0,0,Reader_2_8.csv
8,0,0,0,Reader_2_9.csv
8,66,47,19,reader_3_1.csv
8,58,51,7,Reader_3_2.csv
8,28,23,5,Reader_3_3.csv
8,28,23,5,Reader_3_4.csv
8,13,10,3,Reader_3_5.csv
8,19,15,4,Reader_3_6.csv
8,7,3,4,Reader_3_7.csv
9,36,29,7,Reader_1_1.csv
9,3,2,1,Reader_1_10.csv
9,6,6,0,Reader_1_11.csv
9,5,5,0,Reader_1_12.csv
9,2,2,0,Reader_1_2.csv
9,5,4,1,Reader_1_3.csv
9,0,0,0,Reader_1_4.csv
9,53,45,8,Reader_1_5.csv
9,2,2,0,Reader_1_6.csv
9,3,3,0,Reader_1_7.csv
9,2,1,1,Reader_1_8.csv
9,0,0,0,Reader_1_9.csv
9,11,8,3,Reader_2_1.csv
9,0,0,0,Reader_2_10.csv
9,16,9,7,Reader_2_11.csv
9,27,14,13,Reader_2_12.csv
9,0,0,0,Reader_2_2.csv
9,6,2,4,Reader_2_3.csv
9,2,0,2,Reader_2_4.csv
9,1,1,0,Reader_2_5.csv
9,2,2,0,Reader_2_6.csv
9,1,1,0,Reader_2_7.csv
9,0,0,0,Reader_2_8.csv
9,0,0,0,Reader_2_9.csv
9,75,50,25,reader_3_1.csv
9,62,54,8,Reader_3_2.csv
9,29,24,5,Reader_3_3.csv
9,29,24,5,Reader_3_4.csv
9,15,12,3,Reader_3_5.csv
9,19,14,5,Reader_3_6.csv
9,5,3,2,Reader_3_7.csv
10,33,24,9,Reader_1_1.csv
10,3,2,1,Reader_1_10.csv
10,4,4,0,Reader_1_11.csv
10,5,5,0,Reader_1_12.csv
10,2,2,0,Reader_1_2.csv
10,6,5,1,Reader_1_3.csv
10,0,0,0,Reader_1_4.csv
10,50,42,8,Reader_1_5.csv
10,2,2,0,Reader_1_6.csv
10,3,3,0,Reader_1_7.csv
10,1,0,1,Reader_1_8.csv
10,0,0,0,Reader_1_9.csv
10,11,8,3,Reader_2_1.csv
10,1,1,0,Reader_2_10.csv
10,15,7,8,Reader_2_11.csv
10,25,12,13,Reader_2_12.csv
10,0,0,0,Reader_2_2.csv
10,5,2,3,Reader_2_3.csv
10,3,0,3,Reader_2_4.csv
10,1,1,0,Reader_2_5.csv
10,2,2,0,Reader_2_6.csv
10,1,1,0,Reader_2_7.csv
10,1,1,0,Reader_2_8.csv
10,0,0,0,Reader_2_9.csv
10,81,55,26,reader_3_1.csv
10,57,49,8,Reader_3_2.csv
10,29,24,5,Reader_3_3.csv
10,29,24,5,Reader_3_4.csv
10,17,14,3,Reader_3_5.csv
10,18,12,6,Reader_3_6.csv
10,5,5,0,Reader_3_7.csv
11,28,19,9,Reader_1_1.csv
11,1,1,0,Reader_1_10.csv
11,6,3,3,Reader_1_11.csv
11,4,4,0,Reader_1_12.csv
11,2,2,0,Reader_1_2.csv
11,5,4,1,Reader_1_3.csv
11,0,0,0,Reader_1_4.csv
11,41,35,6,Reader_1_5.csv
11,2,2,0,Reader_1_6.csv
11,4,4,0,Reader_1_7.csv
11,1,0,1,Reader_1_8.csv
11,0,0,0,Reader_1_9.csv
11,12,10,2,Reader_2_1.csv
11,1,1,0,Reader_2_10.csv
11,15,7,8,Reader_2_11.csv
11,24,13,11,Reader_2_12.csv
11,0,0,0,Reader_2_2.csv
11,5,2,3,Reader_2_3.csv
11,3,0,3,Reader_2_4.csv
11,1,1,0,Reader_2_5.csv
11,2,2,0,Reader_2_6.csv
11,1,1,0,Reader_2_7.csv
11,1,1,0,Reader_2_8.csv
11,0,0,0,Reader_2_9.csv
11,80,54,26,reader_3_1.csv
11,59,52,7,Reader_3_2.csv
11,26,19,7,Reader_3_3.csv
11,26,19,7,Reader_3_4.csv
11,16,14,2,Reader_3_5.csv
11,17,12,5,Reader_3_6.csv
11,4,4,0,Reader_3_7.csv
12,29,20,9,Reader_1_1.csv
12,1,1,0,Reader_1_10.csv
12,7,4,3,Reader_1_11.csv
12,3,3,0,Reader_1_12.csv
12,3,2,1,Reader_1_2.csv
12,5,4,1,Reader_1_3.csv
12,0,0,0,Reader_1_4.csv
12,35,30,5,Reader_1_5.csv
12,3,3,0,Reader_1_6.csv
12,4,4,0,Reader_1_7.csv
12,1,0,1,Reader_1_8.csv
12,0,0,0,Reader_1_9.csv
12,10,8,2,Reader_2_1.csv
12,1,1,0,Reader_2_10.csv
12,12,5,7,Reader_2_11.csv
12,24,14,10,Reader_2_12.csv
12,0,0,0,Reader_2_2.csv
12,9,3,6,Reader_2_3.csv
12,2,0,2,Reader_2_4.csv
12,1,1,0,Reader_2_5.csv
12,1,1,0,Reader_2_6.csv
12,1,1,0,Reader_2_7.csv
12,1,1,0,Reader_2_8.csv
12,0,0,0,Reader_2_9.csv
12,79,55,24,reader_3_1.csv
12,59,52,7,Reader_3_2.csv
12,26,19,7,Reader_3_3.csv
12,26,19,7,Reader_3_4.csv
12,13,12,1,Reader_3_5.csv
12,18,12,6,Reader_3_6.csv
12,4,4,0,Reader_3_7.csv
13,27,18,9,Reader_1_1.csv
13,2,2,0,Reader_1_10.csv
13,7,4,3,Reader_1_11.csv
13,3,3,0,Reader_1_12.csv
13,3,2,1,Reader_1_2.csv
13,4,3,1,Reader_1_3.csv
13,0,0,0,Reader_1_4.csv
13,25,22,3,Reader_1_5.csv
13,3,3,0,Reader_1_6.csv
13,3,3,0,Reader_1_7.csv
13,0,0,0,Reader_1_8.csv
13,0,0,0,Reader_1_9.csv
13,10,8,2,Reader_2_1.csv
13,1,1,0,Reader_2_10.csv
13,11,5,6,Reader_2_11.csv
13,23,13,10,Reader_2_12.csv
13,0,0,0,Reader_2_2.csv
13,9,3,6,Reader_2_3.csv
13,2,0,2,Reader_2_4.csv
13,1,1,0,Reader_2_5.csv
13,1,1,0,Reader_2_6.csv
13,1,1,0,Reader_2_7.csv
13,1,1,0,Reader_2_8.csv
13,0,0,0,Reader_2_9.csv
13,74,52,22,reader_3_1.csv
13,65,56,9,Reader_3_2.csv
13,28,20,8,Reader_3_3.csv
13,28,20,8,Reader_3_4.csv
13,13,13,0,Reader_3_5.csv
13,17,12,5,Reader_3_6.csv
13,4,4,0,Reader_3_7.csv
14,25,16,9,Reader_1_1.csv
14,3,3,0,Reader_1_10.csv
14,7,4,3,Reader_1_11.csv
14,2,2,0,Reader_1_12.csv
14,1,0,1,Reader_1_2.csv
14,4,3,1,Reader_1_3.csv
14,0,0,0,Reader_1_4.csv
14,24,21,3,Reader_1_5.csv
14,4,4,0,Reader_1_6.csv
14,2,2,0,Reader_1_7.csv
14,0,0,0,Reader_1_8.csv
14,0,0,0,Reader_1_9.csv
14,8,8,0,Reader_2_1.csv
14,1,1,0,Reader_2_10.csv
14,9,5,4,Reader_2_11.csv
14,20,13,7,Reader_2_12.csv
14,0,0,0,Reader_2_2.csv
14,10,3,7,Reader_2_3.csv
14,2,0,2,Reader_2_4.csv
14,1,1,0,Reader_2_5.csv
14,1,1,0,Reader_2_6.csv
14,1,1,0,Reader_2_7.csv
14,1,1,0,Reader_2_8.csv
14,0,0,0,Reader_2_9.csv
14,76,57,19,reader_3_1.csv
14,65,55,10,Reader_3_2.csv
14,28,20,8,Reader_3_3.csv
14,28,20,8,Reader_3_4.csv
14,12,11,1,Reader_3_5.csv
14,22,17,5,Reader_3_6.csv
14,6,6,0,Reader_3_7.csv
15,26,16,10,Reader_1_1.csv
15,3,3,0,Reader_1_10.csv
15,8,5,3,Reader_1_11.csv
15,2,2,0,Reader_1_12.csv
15,2,1,1,Reader_1_2.csv
15,3,2,1,Reader_1_3.csv
15,0,0,0,Reader_1_4.csv
15,22,18,4,Reader_1_5.csv
15,3,3,0,Reader_1_6.csv
15,2,2,0,Reader_1_7.csv
15,0,0,0,Reader_1_8.csv
15,0,0,0,Reader_1_9.csv
15,9,9,0,Reader_2_1.csv
15,1,1,0,Reader_2_10.csv
15,5,1,4,Reader_2_11.csv
15,19,13,6,Reader_2_12.csv
15,1,1,0,Reader_2_2.csv
15,9,3,6,Reader_2_3.csv
15,2,0,2,Reader_2_4.csv
15,0,0,0,Reader_2_5.csv
15,0,0,0,Reader_2_6.csv
15,0,0,0,Reader_2_7.csv
15,1,1,0,Reader_2_8.csv
15,0,0,0,Reader_2_9.csv
15,78,57,21,reader_3_1.csv
15,63,52,11,Reader_3_2.csv
15,24,16,8,Reader_3_3.csv
15,24,16,8,Reader_3_4.csv
15,13,12,1,Reader_3_5.csv
15,16,12,4,Reader_3_6.csv
15,8,7,1,Reader_3_7.csv
16,26,14,12,Reader_1_1.csv
16,2,2,0,Reader_1_10.csv
16,8,5,3,Reader_1_11.csv
16,2,2,0,Reader_1_12.csv
16,3,2,1,Reader_1_2.csv
16,3,2,1,Reader_1_3.csv
16,0,0,0,Reader_1_4.csv
16,23,19,4,Reader_1_5.csv
16,3,3,0,Reader_1_6.csv
16,2,2,0,Reader_1_7.csv
16,0,0,0,Reader_1_8.csv
16,0,0,0,Reader_1_9.csv
16,10,9,1,Reader_2_1.csv
16,1,1,0,Reader_2_10.csv
16,5,1,4,Reader_2_11.csv
16,11,8,3,Reader_2_12.csv
16,1,1,0,Reader_2_2.csv
16,9,3,6,Reader_2_3.csv
16,2,1,1,Reader_2_4.csv
16,0,0,0,Reader_2_5.csv
16,1,1,0,Reader_2_6.csv
16,0,0,0,Reader_2_7.csv
16,1,1,0,Reader_2_8.csv
16,0,0,0,Reader_2_9.csv
16,79,59,20,reader_3_1.csv
16,61,50,11,Reader_3_2.csv
16,21,15,6,Reader_3_3.csv
16,21,15,6,Reader_3_4.csv
16,13,11,2,Reader_3_5.csv
16,19,13,6,Reader_3_6.csv
16,8,7,1,Reader_3_7.csv
17,27,15,12,Reader_1_1.csv
17,2,2,0,Reader_1_10.csv
17,9,5,4,Reader_1_11.csv
17,0,0,0,Reader_1_12.csv
17,3,2,1,Reader_1_2.csv
17,2,1,1,Reader_1_3.csv
17,0,0,0,Reader_1_4.csv
17,22,19,3,Reader_1_5.csv
17,2,2,0,Reader_1_6.csv
17,2,2,0,Reader_1_7.csv
17,0,0,0,Reader_1_8.csv
17,0,0,0,Reader_1_9.csv
17,9,8,1,Reader_2_1.csv
17,1,1,0,Reader_2_10.csv
17,4,1,3,Reader_2_11.csv
17,10,5,5,Reader_2_12.csv
17,1,1,0,Reader_2_2.csv
17,8,2,6,Reader_2_3.csv
17,2,1,1,Reader_2_4.csv
17,0,0,0,Reader_2_5.csv
17,1,1,0,Reader_2_6.csv
17,0,0,0,Reader_2_7.csv
17,1,1,0,Reader_2_8.csv
17,0,0,0,Reader_2_9.csv
17,74,59,15,reader_3_1.csv
17,60,50,10,Reader_3_2.csv
17,21,15,6,Reader_3_3.csv
17,21,15,6,Reader_3_4.csv
17,12,10,2,Reader_3_5.csv
17,22,17,5,Reader_3_6.csv
17,6,5,1,Reader_3_7.csv
18,29,17,12,Reader_1_1.csv
18,2,2,0,Reader_1_10.csv
18,9,5,4,Reader_1_11.csv
18,1,0,1,Reader_1_12.csv
18,4,3,1,Reader_1_2.csv
18,2,1,1,Reader_1_3.csv
18,0,0,0,Reader_1_4.csv
18,17,14,3,Reader_1_5.csv
18,2,2,0,Reader_1_6.csv
18,2,2,0,Reader_1_7.csv
18,0,0,0,Reader_1_8.csv
18,0,0,0,Reader_1_9.csv
18,12,11,1,Reader_2_1.csv
18,1,1,0,Reader_2_10.csv
18,2,1,1,Reader_2_11.csv
18,9,4,5,Reader_2_12.csv
18,1,1,0,Reader_2_2.csv
18,9,2,7,Reader_2_3.csv
18,2,2,0,Reader_2_4.csv
18,0,0,0,Reader_2_5.csv
18,1,1,0,Reader_2_6.csv
18,0,0,0,Reader_2_7.csv
18,0,0,0,Reader_2_8.csv
18,0,0,0,Reader_2_9.csv
18,71,58,13,reader_3_1.csv
18,57,49,8,Reader_3_2.csv
18,22,14,8,Reader_3_3.csv
18,22,14,8,Reader_3_4.csv
18,10,8,2,Reader_3_5.csv
18,21,17,4,Reader_3_6.csv
18,6,5,1,Reader_3_7.csv
19,33,21,12,Reader_1_1.csv
19,2,2,0,Reader_1_10.csv
19,8,7,1,Reader_1_11.csv
19,1,0,1,Reader_1_12.csv
19,8,5,3,Reader_1_2.csv
19,3,2,1,Reader_1_3.csv
19,1,0,1,Reader_1_4.csv
19,19,15,4,Reader_1_5.csv
19,2,2,0,Reader_1_6.csv
19,1,1,0,Reader_1_7.csv
19,0,0,0,Reader_1_8.csv
19,0,0,0,Reader_1_9.csv
19,10,9,1,Reader_2_1.csv
19,1,1,0,Reader_2_10.csv
19,1,0,1,Reader_2_11.csv
19,8,3,5,Reader_2_12.csv
19,1,1,0,Reader_2_2.csv
19,9,2,7,Reader_2_3.csv
19,3,3,0,Reader_2_4.csv
19,0,0,0,Reader_2_5.csv
19,1,1,0,Reader_2_6.csv
19,0,0,0,Reader_2_7.csv
19,0,0,0,Reader_2_8.csv
19,0,0,0,Reader_2_9.csv
19,68,57,11,reader_3_1.csv
19,60,49,11,Reader_3_2.csv
19,19,13,6,Reader_3_3.csv
19,19,13,6,Reader_3_4.csv
19,11,8,3,Reader_3_5.csv
19,20,16,4,Reader_3_6.csv
19,6,5,1,Reader_3_7.csv
20,34,22,12,Reader_1_1.csv
20,2,2,0,Reader_1_10.csv
20,9,7,2,Reader_1_11.csv
20,1,0,1,Reader_1_12.csv
20,9,7,2,Reader_1_2.csv
20,5,4,1,Reader_1_3.csv
20,1,0,1,Reader_1_4.csv
20,17,13,4,Reader_1_5.csv
20,1,1,0,Reader_1_6.csv
20,1,1,0,Reader_1_7.csv
20,0,0,0,Reader_1_8.csv
20,1,0,1,Reader_1_9.csv
20,11,9,2,Reader_2_1.csv
20,2,1,1,Reader_2_10.csv
20,1,0,1,Reader_2_11.csv
20,8,2,6,Reader_2_12.csv
20,1,1,0,Reader_2_2.csv
20,5,1,4,Reader_2_3.csv
20,3,3,0,Reader_2_4.csv
20,0,0,0,Reader_2_5.csv
20,2,2,0,Reader_2_6.csv
20,0,0,0,Reader_2_7.csv
20,0,0,0,Reader_2_8.csv
20,0,0,0,Reader_2_9.csv
20,64,55,9,reader_3_1.csv
20,54,44,10,Reader_3_2.csv
20,17,11,6,Reader_3_3.csv
20,17,11,6,Reader_3_4.csv
20,12,9,3,Reader_3_5.csv
20,23,20,3,Reader_3_6.csv
20,6,5,1,Reader_3_7.csv
21,36,24,12,Reader_1_1.csv
21,1,1,0,Reader_1_10.csv
21,11,9,2,Reader_1_11.csv
21,1,0,1,Reader_1_12.csv
21,21,18,3,Reader_1_2.csv
21,5,4,1,Reader_1_3.csv
21,1,0,1,Reader_1_4.csv
21,17,13,4,Reader_1_5.csv
21,2,2,0,Reader_1_6.csv
21,2,2,0,Reader_1_7.csv
21,1,1,0,Reader_1_8.csv
21,1,0,1,Reader_1_9.csv
21,11,9,2,Reader_2_1.csv
21,2,1,1,Reader_2_10.csv
21,1,1,0,Reader_2_11.csv
21,9,3,6,Reader_2_12.csv
21,1,1,0,Reader_2_2.csv
21,5,1,4,Reader_2_3.csv
21,4,4,0,Reader_2_4.csv
21,0,0,0,Reader_2_5.csv
21,2,2,0,Reader_2_6.csv
21,0,0,0,Reader_2_7.csv
21,0,0,0,Reader_2_8.csv
21,0,0,0,Reader_2_9.csv
21,65,54,11,reader_3_1.csv
21,49,40,9,Reader_3_2.csv
21,15,10,5,Reader_3_3.csv
21,15,10,5,Reader_3_4.csv
21,11,7,4,Reader_3_5.csv
21,25,22,3,Reader_3_6.csv
21,7,6,1,Reader_3_7.csv
22,35,24,11,Reader_1_1.csv
22,0,0,0,Reader_1_10.csv
22,12,10,2,Reader_1_11.csv
22,1,0,1,Reader_1_12.csv
22,29,26,3,Reader_1_2.csv
22,5,4,1,Reader_1_3.csv
22,1,0,1,Reader_1_4.csv
22,14,10,4,Reader_1_5.csv
22,1,1,0,Reader_1_6.csv
22,2,2,0,Reader_1_7.csv
22,1,1,0,Reader_1_8.csv
22,1,0,1,Reader_1_9.csv
22,11,9,2,Reader_2_1.csv
22,3,2,1,Reader_2_10.csv
22,1,1,0,Reader_2_11.csv
22,10,4,6,Reader_2_12.csv
22,1,1,0,Reader_2_2.csv
22,6,2,4,Reader_2_3.csv
22,4,4,0,Reader_2_4.csv
22,1,0,1,Reader_2_5.csv
22,2,2,0,Reader_2_6.csv
22,0,0,0,Reader_2_7.csv
22,0,0,0,Reader_2_8.csv
22,0,0,0,Reader_2_9.csv
22,59,49,10,reader_3_1.csv
22,45,38,7,Reader_3_2.csv
22,12,8,4,Reader_3_3.csv
22,12,8,4,Reader_3_4.csv
22,11,8,3,Reader_3_5.csv
22,22,19,3,Reader_3_6.csv
22,7,4,3,Reader_3_7.csv
23,40,28,12,Reader_1_1.csv
23,0,0,0,Reader_1_10.csv
23,11,9,2,Reader_1_11.csv
23,1,0,1,Reader_1_12.csv
23,32,29,3,Reader_1_2.csv
23,5,5,0,Reader_1_3.csv
23,1,0,1,Reader_1_4.csv
23,14,11,3,Reader_1_5.csv
23,1,1,0,Reader_1_6.csv
23,4,4,0,Reader_1_7.csv
23,1,1,0,Reader_1_8.csv
23,2,1,1,Reader_1_9.csv
23,9,7,2,Reader_2_1.csv
23,3,2,1,Reader_2_10.csv
23,1,1,0,Reader_2_11.csv
23,12,6,6,Reader_2_12.csv
23,0,0,0,Reader_2_2.csv
23,6,2,4,Reader_2_3.csv
23,5,5,0,Reader_2_4.csv
23,1,0,1,Reader_2_5.csv
23,2,2,0,Reader_2_6.csv
23,0,0,0,Reader_2_7.csv
23,0,0,0,Reader_2_8.csv
23,0,0,0,Reader_2_9.csv
23,55,47,8,reader_3_1.csv
23,40,34,6,Reader_3_2.csv
23,11,8,3,Reader_3_3.csv
23,11,8,3,Reader_3_4.csv
23,10,7,3,Reader_3_5.csv
23,22,19,3,Reader_3_6.csv
23,5,3,2,Reader_3_7.csv
24,39,29,10,Reader_1_1.csv
24,0,0,0,Reader_1_10.csv
24,11,9,2,Reader_1_11.csv
24,2,1,1,Reader_1_12.csv
24,36,32,4,Reader_1_2.csv
24,6,6,0,Reader_1_3.csv
24,1,0,1,Reader_1_4.csv
24,9,7,2,Reader_1_5.csv
24,1,1,0,Reader_1_6.csv
24,4,4,0,Reader_1_7.csv
24,1,1,0,Reader_1_8.csv
24,2,1,1,Reader_1_9.csv
24,11,10,1,Reader_2_1.csv
24,3,2,1,Reader_2_10.csv
24,1,1,0,Reader_2_11.csv
24,12,6,6,Reader_2_12.csv
24,0,0,0,Reader_2_2.csv
24,4,2,2,Reader_2_3.csv
24,4,4,0,Reader_2_4.csv
24,2,0,2,Reader_2_5.csv
24,1,1,0,Reader_2_6.csv
24,0,0,0,Reader_2_7.csv
24,0,0,0,Reader_2_8.csv
24,0,0,0,Reader_2_9.csv
24,52,43,9,reader_3_1.csv
24,39,34,5,Reader_3_2.csv
24,11,7,4,Reader_3_3.csv
24,11,7,4,Reader_3_4.csv
24,8,6,2,Reader_3_5.csv
24,20,19,1,Reader_3_6.csv
24,5,3,2,Reader_3_7.csv
25,34,26,8,Reader_1_1.csv
25,0,0,0,Reader_1_10.csv
25,12,11,1,Reader_1_11.csv
25,2,1,1,Reader_1_12.csv
25,44,40,4,Reader_1_2.csv
25,6,6,0,Reader_1_3.csv
25,1,0,1,Reader_1_4.csv
25,6,5,1,Reader_1_5.csv
25,1,1,0,Reader_1_6.csv
25,4,4,0,Reader_1_7.csv
25,1,1,0,Reader_1_8.csv
25,2,1,1,Reader_1_9.csv
25,12,11,1,Reader_2_1.csv
25,3,2,1,Reader_2_10.csv
25,1,1,0,Reader_2_11.csv
25,14,9,5,Reader_2_12.csv
25,0,0,0,Reader_2_2.csv
25,5,3,2,Reader_2_3.csv
25,4,4,0,Reader_2_4.csv
25,2,0,2,Reader_2_5.csv
25,1,1,0,Reader_2_6.csv
25,0,0,0,Reader_2_7.csv
25,0,0,0,Reader_2_8.csv
25,0,0,0,Reader_2_9.csv
25,47,37,10,reader_3_1.csv
25,33,27,6,Reader_3_2.csv
25,11,7,4,Reader_3_3.csv
25,11,7,4,Reader_3_4.csv
25,10,8,2,Reader_3_5.csv
25,19,17,2,Reader_3_6.csv
25,5,3,2,Reader_3_7.csv
26,32,26,6,Reader_1_1.csv
26,0,0,0,Reader_1_10.csv
26,13,12,1,Reader_1_11.csv
26,1,1,0,Reader_1_12.csv
26,48,43,5,Reader_1_2.csv
26,5,5,0,Reader_1_3.csv
26,1,0,1,Reader_1_4.csv
26,5,4,1,Reader_1_5.csv
26,1,1,0,Reader_1_6.csv
26,4,4,0,Reader_1_7.csv
26,1,1,0,Reader_1_8.csv
26,2,1,1,Reader_1_9.csv
26,10,9,1,Reader_2_1.csv
26,3,2,1,Reader_2_10.csv
26,1,1,0,Reader_2_11.csv
26,14,9,5,Reader_2_12.csv
26,0,0,0,Reader_2_2.csv
26,4,3,1,Reader_2_3.csv
26,5,4,1,Reader_2_4.csv
26,2,0,2,Reader_2_5.csv
26,1,1,0,Reader_2_6.csv
26,0,0,0,Reader_2_7.csv
26,0,0,0,Reader_2_8.csv
26,0,0,0,Reader_2_9.csv
26,51,41,10,reader_3_1.csv
26,31,25,6,Reader_3_2.csv
26,11,8,3,Reader_3_3.csv
26,11,8,3,Reader_3_4.csv
26,12,8,4,Reader_3_5.csv
26,21,18,3,Reader_3_6.csv
26,4,2,2,Reader_3_7.csv
27,29,24,5,Reader_1_1.csv
27,0,0,0,Reader_1_10.csv
27,12,11,1,Reader_1_11.csv
27,1,1,0,Reader_1_12.csv
27,50,44,6,Reader_1_2.csv
27,4,4,0,Reader_1_3.csv
27,0,0,0,Reader_1_4.csv
27,2,2,0,Reader_1_5.csv
27,1,1,0,Reader_1_6.csv
27,5,5,0,Reader_1_7.csv
27,1,1,0,Reader_1_8.csv
27,2,1,1,Reader_1_9.csv
27,12,10,2,Reader_2_1.csv
27,3,2,1,Reader_2_10.csv
27,2,1,1,Reader_2_11.csv
27,16,9,7,Reader_2_12.csv
27,0,0,0,Reader_2_2.csv
27,4,3,1,Reader_2_3.csv
27,7,6,1,Reader_2_4.csv
27,3,0,3,Reader_2_5.csv
27,1,1,0,Reader_2_6.csv
27,0,0,0,Reader_2_7.csv
27,0,0,0,Reader_2_8.csv
27,0,0,0,Reader_2_9.csv
27,49,40,9,reader_3_1.csv
27,25,21,4,Reader_3_2.csv
27,14,11,3,Reader_3_3.csv
27,14,11,3,Reader_3_4.csv
27,10,7,3,Reader_3_5.csv
27,22,20,2,Reader_3_6.csv
27,6,3,3,Reader_3_7.csv
28,31,27,4,Reader_1_1.csv
28,0,0,0,Reader_1_10.csv
28,9,9,0,Reader_1_11.csv
28,3,3,0,Reader_1_12.csv
28,57,48,9,Reader_1_2.csv
28,4,4,0,Reader_1_3.csv
28,0,0,0,Reader_1_4.csv
28,2,2,0,Reader_1_5.csv
28,1,1,0,Reader_1_6.csv
28,5,5,0,Reader_1_7.csv
28,1,1,0,Reader_1_8.csv
28,1,1,0,Reader_1_9.csv
28,10,9,1,Reader_2_1.csv
28,2,2,0,Reader_2_10.csv
28,2,1,1,Reader_2_11.csv
28,16,10,6,Reader_2_12.csv
28,0,0,0,Reader_2_2.csv
28,3,2,1,Reader_2_3.csv
28,7,6,1,Reader_2_4.csv
28,4,1,3,Reader_2_5.csv
28,0,0,0,Reader_2_6.csv
28,0,0,0,Reader_2_7.csv
28,0,0,0,Reader_2_8.csv
28,0,0,0,Reader_2_9.csv
28,52,40,12,reader_3_1.csv
28,26,22,4,Reader_3_2.csv
28,14,12,2,Reader_3_3.csv
28,14,12,2,Reader_3_4.csv
28,10,6,4,Reader_3_5.csv
28,20,16,4,Reader_3_6.csv
28,6,3,3,Reader_3_7.csv
29,30,26,4,Reader_1_1.csv
29,0,0,0,Reader_1_10.csv
29,8,8,0,Reader_1_11.csv
29,3,3,0,Reader_1_12.csv
29,47,39,8,Reader_1_2.csv
29,4,4,0,Reader_1_3.csv
29,0,0,0,Reader_1_4.csv
29,2,2,0,Reader_1_5.csv
29,0,0,0,Reader_1_6.csv
29,4,4,0,Reader_1_7.csv
29,0,0,0,Reader_1_8.csv
29,1,1,0,Reader_1_9.csv
29,10,9,1,Reader_2_1.csv
29,2,2,0,Reader_2_10.csv
29,1,0,1,Reader_2_11.csv
29,14,9,5,Reader_2_12.csv
29,0,0,0,Reader_2_2.csv
29,3,2,1,Reader_2_3.csv
29,7,6,1,Reader_2_4.csv
29,5,2,3,Reader_2_5.csv
29,0,0,0,Reader_2_6.csv
29,0,0,0,Reader_2_7.csv
29,0,0,0,Reader_2_8.csv
29,0,0,0,Reader_2_9.csv
29,51,39,12,reader_3_1.csv
29,26,22,4,Reader_3_2.csv
29,13,11,2,Reader_3_3.csv
29,13,11,2,Reader_3_4.csv
29,10,6,4,Reader_3_5.csv
29,18,14,4,Reader_3_6.csv
29,6,3,3,Reader_3_7.csv
30,34,28,6,Reader_1_1.csv
30,0,0,0,Reader_1_10.csv
30,8,8,0,Reader_1_11.csv
30,3,3,0,Reader_1_12.csv
30,40,31,9,Reader_1_2.csv
30,4,4,0,Reader_1_3.csv
30,0,0,0,Reader_1_4.csv
30,2,2,0,Reader_1_5.csv
30,1,1,0,Reader_1_6.csv
30,5,4,1,Reader_1_7.csv
30,0,0,0,Reader_1_8.csv
30,1,1,0,Reader_1_9.csv
30,9,8,1,Reader_2_1.csv
30,1,1,0,Reader_2_10.csv
30,1,0,1,Reader_2_11.csv
30,13,8,5,Reader_2_12.csv
30,0,0,0,Reader_2_2.csv
30,1,1,0,Reader_2_3.csv
30,7,6,1,Reader_2_4.csv
30,4,2,2,Reader_2_5.csv
30,0,0,0,Reader_2_6.csv
30,0,0,0,Reader_2_7.csv
30,0,0,0,Reader_2_8.csv
30,0,0,0,Reader_2_9.csv
30,54,41,13,reader_3_1.csv
30,24,20,4,Reader_3_2.csv
30,12,10,2,Reader_3_3.csv
30,12,10,2,Reader_3_4.csv
30,9,5,4,Reader_3_5.csv
30,15,11,4,Reader_3_6.csv
30,5,4,1,Reader_3_7.csv
31,32,26,6,Reader_1_1.csv
31,1,1,0,Reader_1_10.csv
31,12,12,0,Reader_1_11.csv
31,4,4,0,Reader_1_12.csv
31,40,30,10,Reader_1_2.csv
31,3,3,0,Reader_1_3.csv
31,0,0,0,Reader_1_4.csv
31,0,0,0,Reader_1_5.csv
31,1,1,0,Reader_1_6.csv
31,3,2,1,Reader_1_7.csv
31,0,0,0,Reader_1_8.csv
31,0,0,0,Reader_1_9.csv
31,8,7,1,Reader_2_1.csv
31,1,1,0,Reader_2_10.csv
31,1,0,1,Reader_2_11.csv
31,9,5,4,Reader_2_12.csv
31,0,0,0,Reader_2_2.csv
31,2,2,0,Reader_2_3.csv
31,6,5,1,Reader_2_4.csv
31,5,2,3,Reader_2_5.csv
31,0,0,0,Reader_2_6.csv
31,0,0,0,Reader_2_7.csv
31,0,0,0,Reader_2_8.csv
31,0,0,0,Reader_2_9.csv
31,51,39,12,reader_3_1.csv
31,29,22,7,Reader_3_2.csv
31,12,10,2,Reader_3_3.csv
31,12,10,2,Reader_3_4.csv
31,9,5,4,Reader_3_5.csv
31,17,13,4,Reader_3_6.csv
31,6,5,1,Reader_3_7.csv
32,35,28,7,Reader_1_1.csv
32,1,1,0,Reader_1_10.csv
32,13,13,0,Reader_1_11.csv
32,3,3,0,Reader_1_12.csv
32,41,30,11,Reader_1_2.csv
32,2,2,0,Reader_1_3.csv
32,0,0,0,Reader_1_4.csv
32,1,1,0,Reader_1_5.csv
32,1,1,0,Reader_1_6.csv
32,5,3,2,Reader_1_7.csv
32,0,0,0,Reader_1_8.csv
32,0,0,0,Reader_1_9.csv
32,6,5,1,Reader_2_1.csv
32,1,1,0,Reader_2_10.csv
32,1,0,1,Reader_2_11.csv
32,9,5,4,Reader_2_12.csv
32,0,0,0,Reader_2_2.csv
32,4,2,2,Reader_2_3.csv
32,6,5,1,Reader_2_4.csv
32,5,3,2,Reader_2_5.csv
32,0,0,0,Reader_2_6.csv
32,0,0,0,Reader_2_7.csv
32,0,0,0,Reader_2_8.csv
32,0,0,0,Reader_2_9.csv
32,47,35,12,reader_3_1.csv
32,30,23,7,Reader_3_2.csv
32,12,10,2,Reader_3_3.csv
32,12,10,2,Reader_3_4.csv
32,11,6,5,Reader_3_5.csv
32,17,13,4,Reader_3_6.csv
32,6,5,1,Reader_3_7.csv
33,39,31,8,Reader_1_1.csv
33,1,1,0,Reader_1_10.csv
33,13,13,0,Reader_1_11.csv
33,3,3,0,Reader_1_12.csv
33,36,23,13,Reader_1_2.csv
33,2,2,0,Reader_1_3.csv
33,0,0,0,Reader_1_4.csv
33,1,1,0,Reader_1_5.csv
33,1,1,0,Reader_1_6.csv
33,4,2,2,Reader_1_7.csv
33,0,0,0,Reader_1_8.csv
33,0,0,0,Reader_1_9.csv
33,5,4,1,Reader_2_1.csv
33,1,1,0,Reader_2_10.csv
33,1,0,1,Reader_2_11.csv
33,5,2,3,Reader_2_12.csv
33,0,0,0,Reader_2_2.csv
33,3,1,2,Reader_2_3.csv
33,6,5,1,Reader_2_4.csv
33,5,3,2,Reader_2_5.csv
33,0,0,0,Reader_2_6.csv
33,0,0,0,Reader_2_7.csv
33,0,0,0,Reader_2_8.csv
33,0,0,0,Reader_2_9.csv
33,45,33,12,reader_3_1.csv
33,33,27,6,Reader_3_2.csv
33,12,10,2,Reader_3_3.csv
33,12,10,2,Reader_3_4.csv
33,10,4,6,Reader_3_5.csv
33,15,11,4,Reader_3_6.csv
33,8,6,2,Reader_3_7.csv
34,40,31,9,Reader_1_1.csv
34,1,1,0,Reader_1_10.csv
34,14,14,0,Reader_1_11.csv
34,3,3,0,Reader_1_12.csv
34,31,19,12,Reader_1_2.csv
34,2,2,0,Reader_1_3.csv
34,0,0,0,Reader_1_4.csv
34,1,1,0,Reader_1_5.csv
34,1,1,0,Reader_1_6.csv
34,5,2,3,Reader_1_7.csv
34,0,0,0,Reader_1_8.csv
34,0,0,0,Reader_1_9.csv
34,5,4,1,Reader_2_1.csv
34,0,0,0,Reader_2_10.csv
34,1,0,1,Reader_2_11.csv
34,5,3,2,Reader_2_12.csv
34,0,0,0,Reader_2_2.csv
34,3,1,2,Reader_2_3.csv
34,4,4,0,Reader_2_4.csv
34,5,3,2,Reader_2_5.csv
34,0,0,0,Reader_2_6.csv
34,1,1,0,Reader_2_7.csv
34,0,0,0,Reader_2_8.csv
34,0,0,0,Reader_2_9.csv
34,43,29,14,reader_3_1.csv
34,35,28,7,Reader_3_2.csv
34,10,9,1,Reader_3_3.csv
34,10,9,1,Reader_3_4.csv
34,8,4,4,Reader_3_5.csv
34,11,8,3,Reader_3_6.csv
34,9,7,2,Reader_3_7.csv
35,39,30,9,Reader_1_1.csv
35,1,1,0,Reader_1_10.csv
35,13,12,1,Reader_1_11.csv
35,4,4,0,Reader_1_12.csv
35,33,22,11,Reader_1_2.csv
35,2,2,0,Reader_1_3.csv
35,0,0,0,Reader_1_4.csv
35,1,1,0,Reader_1_5.csv
35,1,1,0,Reader_1_6.csv
35,5,1,4,Reader_1_7.csv
35,0,0,0,Reader_1_8.csv
35,1,1,0,Reader_1_9.csv
35,5,4,1,Reader_2_1.csv
35,0,0,0,Reader_2_10.csv
35,0,0,0,Reader_2_11.csv
35,4,4,0,Reader_2_12.csv
35,0,0,0,Reader_2_2.csv
35,3,1,2,Reader_2_3.csv
35,1,1,0,Reader_2_4.csv
35,4,3,1,Reader_2_5.csv
35,0,0,0,Reader_2_6.csv
35,1,1,0,Reader_2_7.csv
35,0,0,0,Reader_2_8.csv
35,0,0,0,Reader_2_9.csv
35,43,29,14,reader_3_1.csv
35,35,29,6,Reader_3_2.csv
35,8,7,1,Reader_3_3.csv
35,8,7,1,Reader_3_4.csv
35,10,6,4,Reader_3_5.csv
35,12,7,5,Reader_3_6.csv
35,7,6,1,Reader_3_7.csv
36,37,27,10,Reader_1_1.csv
36,1,1,0,Reader_1_10.csv
36,14,13,1,Reader_1_11.csv
36,2,2,0,Reader_1_12.csv
36,29,21,8,Reader_1_2.csv
36,0,0,0,Reader_1_3.csv
36,0,0,0,Reader_1_4.csv
36,1,1,0,Reader_1_5.csv
36,2,2,0,Reader_1_6.csv
36,6,1,5,Reader_1_7.csv
36,0,0,0,Reader_1_8.csv
36,2,1,1,Reader_1_9.csv
36,5,4,1,Reader_2_1.csv
36,1,1,0,Reader_2_10.csv
36,0,0,0,Reader_2_11.csv
36,3,3,0,Reader_2_12.csv
36,0,0,0,Reader_2_2.csv
36,3,1,2,Reader_2_3.csv
36,1,1,0,Reader_2_4.csv
36,3,2,1,Reader_2_5.csv
36,0,0,0,Reader_2_6.csv
36,1,1,0,Reader_2_7.csv
36,0,0,0,Reader_2_8.csv
36,0,0,0,Reader_2_9.csv
36,40,27,13,reader_3_1.csv
36,35,28,7,Reader_3_2.csv
36,6,5,1,Reader_3_3.csv
36,6,5,1,Reader_3_4.csv
36,11,8,3,Reader_3_5.csv
36,12,9,3,Reader_3_6.csv
36,7,6,1,Reader_3_7.csv
37,35,26,9,Reader_1_1.csv
37,1,1,0,Reader_1_10.csv
37,15,14,1,Reader_1_11.csv
37,3,3,0,Reader_1_12.csv
37,28,19,9,Reader_1_2.csv
37,0,0,0,Reader_1_3.csv
37,0,0,0,Reader_1_4.csv
37,1,1,0,Reader_1_5.csv
37,2,2,0,Reader_1_6.csv
37,8,2,6,Reader_1_7.csv
37,0,0,0,Reader_1_8.csv
37,2,1,1,Reader_1_9.csv
37,5,4,1,Reader_2_1.csv
37,1,1,0,Reader_2_10.csv
37,0,0,0,Reader_2_11.csv
37,3,3,0,Reader_2_12.csv
37,0,0,0,Reader_2_2.csv
37,4,1,3,Reader_2_3.csv
37,0,0,0,Reader_2_4.csv
37,2,1,1,Reader_2_5.csv
37,0,0,0,Reader_2_6.csv
37,1,1,0,Reader_2_7.csv
37,0,0,0,Reader_2_8.csv
37,0,0,0,Reader_2_9.csv
37,38,27,11,reader_3_1.csv
37,37,30,7,Reader_3_2.csv
37,7,6,1,Reader_3_3.csv
37,7,6,1,Reader_3_4.csv
37,11,9,2,Reader_3_5.csv
37,10,7,3,Reader_3_6.csv
37,7,6,1,Reader_3_7.csv
38,28,21,7,Reader_1_1.csv
38,1,1,0,Reader_1_10.csv
38,14,13,1,Reader_1_11.csv
38,4,4,0,Reader_1_12.csv
38,31,21,10,Reader_1_2.csv
38,1,1,0,Reader_1_3.csv
38,1,0,1,Reader_1_4.csv
38,1,1,0,Reader_1_5.csv
38,2,1,1,Reader_1_6.csv
38,7,2,5,Reader_1_7.csv
38,0,0,0,Reader_1_8.csv
38,2,1,1,Reader_1_9.csv
38,5,4,1,Reader_2_1.csv
38,1,1,0,Reader_2_10.csv
38,1,1,0,Reader_2_11.csv
38,5,4,1,Reader_2_12.csv
38,0,0,0,Reader_2_2.csv
38,5,2,3,Reader_2_3.csv
38,0,0,0,Reader_2_4.csv
38,2,1,1,Reader_2_5.csv
38,0,0,0,Reader_2_6.csv
38,1,1,0,Reader_2_7.csv
38,0,0,0,Reader_2_8.csv
38,0,0,0,Reader_2_9.csv
38,35,26,9,reader_3_1.csv
38,33,26,7,Reader_3_2.csv
38,7,6,1,Reader_3_3.csv
38,7,6,1,Reader_3_4.csv
38,11,9,2,Reader_3_5.csv
38,11,8,3,Reader_3_6.csv
38,7,6,1,Reader_3_7.csv
39,22,17,5,Reader_1_1.csv
39,0,0,0,Reader_1_10.csv
39,11,10,1,Reader_1_11.csv
39,3,3,0,Reader_1_12.csv
39,30,20,10,Reader_1_2.csv
39,1,1,0,Reader_1_3.csv
39,1,0,1,Reader_1_4.csv
39,0,0,0,Reader_1_5.csv
39,2,1,1,Reader_1_6.csv
39,7,2,5,Reader_1_7.csv
39,0,0,0,Reader_1_8.csv
39,2,1,1,Reader_1_9.csv
39,5,4,1,Reader_2_1.csv
39,1,1,0,Reader_2_10.csv
39,1,1,0,Reader_2_11.csv
39,6,5,1,Reader_2_12.csv
39,0,0,0,Reader_2_2.csv
39,4,1,3,Reader_2_3.csv
39,0,0,0,Reader_2_4.csv
39,1,1,0,Reader_2_5.csv
39,0,0,0,Reader_2_6.csv
39,1,1,0,Reader_2_7.csv
39,0,0,0,Reader_2_8.csv
39,0,0,0,Reader_2_9.csv
39,32,23,9,reader_3_1.csv
39,29,26,3,Reader_3_2.csv
39,8,6,2,Reader_3_3.csv
39,8,6,2,Reader_3_4.csv
39,10,7,3,Reader_3_5.csv
39,11,8,3,Reader_3_6.csv
39,6,5,1,Reader_3_7.csv
40,16,13,3,Reader_1_1.csv
40,0,0,0,Reader_1_10.csv
40,10,9,1,Reader_1_11.csv
40,3,3,0,Reader_1_12.csv
40,31,21,10,Reader_1_2.csv
40,1,1,0,Reader_1_3.csv
40,1,0,1,Reader_1_4.csv
40,1,1,0,Reader_1_5.csv
40,2,1,1,Reader_1_6.csv
40,7,2,5,Reader_1_7.csv
40,0,0,0,Reader_1_8.csv
40,2,1,1,Reader_1_9.csv
40,4,3,1,Reader_2_1.csv
40,1,1,0,Reader_2_10.csv
40,1,1,0,Reader_2_11.csv
40,6,5,1,Reader_2_12.csv
40,0,0,0,Reader_2_2.csv
40,2,1,1,Reader_2_3.csv
40,1,0,1,Reader_2_4.csv
40,1,0,1,Reader_2_5.csv
40,0,0,0,Reader_2_6.csv
40,1,1,0,Reader_2_7.csv
40,0,0,0,Reader_2_8.csv
40,0,0,0,Reader_2_9.csv
40,33,25,8,reader_3_1.csv
40,24,20,4,Reader_3_2.csv
40,6,5,1,Reader_3_3.csv
40,6,5,1,Reader_3_4.csv
40,8,6,2,Reader_3_5.csv
40,8,5,3,Reader_3_6.csv
40,9,6,3,Reader_3_7.csv
41,13,11,2,Reader_1_1.csv
41,0,0,0,Reader_1_10.csv
41,8,6,2,Reader_1_11.csv
41,5,4,1,Reader_1_12.csv
41,29,21,8,Reader_1_2.csv
41,2,2,0,Reader_1_3.csv
41,1,0,1,Reader_1_4.csv
41,1,1,0,Reader_1_5.csv
41,2,1,1,Reader_1_6.csv
41,8,3,5,Reader_1_7.csv
41,0,0,0,Reader_1_8.csv
41,2,1,1,Reader_1_9.csv
41,6,5,1,Reader_2_1.csv
41,2,2,0,Reader_2_10.csv
41,1,1,0,Reader_2_11.csv
41,8,7,1,Reader_2_12.csv
41,1,1,0,Reader_2_2.csv
41,2,1,1,Reader_2_3.csv
41,1,0,1,Reader_2_4.csv
41,1,0,1,Reader_2_5.csv
41,0,0,0,Reader_2_6.csv
41,1,1,0,Reader_2_7.csv
41,0,0,0,Reader_2_8.csv
41,0,0,0,Reader_2_9.csv
41,35,28,7,reader_3_1.csv
41,22,17,5,Reader_3_2.csv
41,5,4,1,Reader_3_3.csv
41,5,4,1,Reader_3_4.csv
41,10,8,2,Reader_3_5.csv
41,9,7,2,Reader_3_6.csv
41,8,5,3,Reader_3_7.csv
42,14,13,1,Reader_1_1.csv
42,0,0,0,Reader_1_10.csv
42,7,4,3,Reader_1_11.csv
42,5,4,1,Reader_1_12.csv
42,31,23,8,Reader_1_2.csv
42,2,2,0,Reader_1_3.csv
42,2,0,2,Reader_1_4.csv
42,2,2,0,Reader_1_5.csv
42,2,1,1,Reader_1_6.csv
42,7,3,4,Reader_1_7.csv
42,0,0,0,Reader_1_8.csv
42,2,1,1,Reader_1_9.csv
42,5,4,1,Reader_2_1.csv
42,2,2,0,Reader_2_10.csv
42,1,1,0,Reader_2_11.csv
42,7,6,1,Reader_2_12.csv
42,1,1,0,Reader_2_2.csv
42,4,3,1,Reader_2_3.csv
42,1,0,1,Reader_2_4.csv
42,2,1,1,Reader_2_5.csv
42,0,0,0,Reader_2_6.csv
42,0,0,0,Reader_2_7.csv
42,0,0,0,Reader_2_8.csv
42,0,0,0,Reader_2_9.csv
42,31,25,6,reader_3_1.csv
42,21,16,5,Reader_3_2.csv
42,6,5,1,Reader_3_3.csv
42,6,5,1,Reader_3_4.csv
42,11,8,3,Reader_3_5.csv
42,9,7,2,Reader_3_6.csv
42,8,5,3,Reader_3_7.csv
43,14,13,1,Reader_1_1.csv
43,1,1,0,Reader_1_10.csv
43,7,5,2,Reader_1_11.csv
43,5,4,1,Reader_1_12.csv
43,28,21,7,Reader_1_2.csv
43,2,2,0,Reader_1_3.csv
43,2,0,2,Reader_1_4.csv
43,2,2,0,Reader_1_5.csv
43,2,1,1,Reader_1_6.csv
43,8,3,5,Reader_1_7.csv
43,0,0,0,Reader_1_8.csv
43,1,0,1,Reader_1_9.csv
43,4,4,0,Reader_2_1.csv
43,2,2,0,Reader_2_10.csv
43,1,1,0,Reader_2_11.csv
43,7,6,1,Reader_2_12.csv
43,1,1,0,Reader_2_2.csv
43,4,3,1,Reader_2_3.csv
43,1,0,1,Reader_2_4.csv
43,2,1,1,Reader_2_5.csv
43,0,0,0,Reader_2_6.csv
43,0,0,0,Reader_2_7.csv
43,0,0,0,Reader_2_8.csv
43,0,0,0,Reader_2_9.csv
43,36,26,10,reader_3_1.csv
43,20,15,5,Reader_3_2.csv
43,6,5,1,Reader_3_3.csv
43,6,5,1,Reader_3_4.csv
43,9,6,3,Reader_3_5.csv
43,10,10,0,Reader_3_6.csv
43,8,5,3,Reader_3_7.csv
44,10,10,0,Reader_1_1.csv
44,1,1,0,Reader_1_10.csv
44,10,7,3,Reader_1_11.csv
44,5,4,1,Reader_1_12.csv
44,24,17,7,Reader_1_2.csv
44,2,2,0,Reader_1_3.csv
44,2,0,2,Reader_1_4.csv
44,3,3,0,Reader_1_5.csv
44,2,1,1,Reader_1_6.csv
44,8,3,5,Reader_1_7.csv
44,1,1,0,Reader_1_8.csv
44,0,0,0,Reader_1_9.csv
44,5,5,0,Reader_2_1.csv
44,1,1,0,Reader_2_10.csv
44,1,1,0,Reader_2_11.csv
44,7,6,1,Reader_2_12.csv
44,1,1,0,Reader_2_2.csv
44,4,3,1,Reader_2_3.csv
44,1,0,1,Reader_2_4.csv
44,2,1,1,Reader_2_5.csv
44,1,1,0,Reader_2_6.csv
44,0,0,0,Reader_2_7.csv
44,0,0,0,Reader_2_8.csv
44,0,0,0,Reader_2_9.csv
44,37,27,10,reader_3_1.csv
44,23,19,4,Reader_3_2.csv
44,8,6,2,Reader_3_3.csv
44,8,6,2,Reader_3_4.csv
44,8,5,3,Reader_3_5.csv
44,11,11,0,Reader_3_6.csv
44,8,5,3,Reader_3_7.csv
45,10,10,0,Reader_1_1.csv
45,1,1,0,Reader_1_10.csv
45,8,5,3,Reader_1_11.csv
45,4,3,1,Reader_1_12.csv
45,25,19,6,Reader_1_2.csv
45,2,2,0,Reader_1_3.csv
45,2,0,2,Reader_1_4.csv
45,5,4,1,Reader_1_5.csv
45,2,1,1,Reader_1_6.csv
45,6,2,4,Reader_1_7.csv
45,1,1,0,Reader_1_8.csv
45,0,0,0,Reader_1_9.csv
45,4,4,0,Reader_2_1.csv
45,1,1,0,Reader_2_10.csv
45,1,1,0,Reader_2_11.csv
45,7,6,1,Reader_2_12.csv
45,1,1,0,Reader_2_2.csv
45,3,3,0,Reader_2_3.csv
45,1,0,1,Reader_2_4.csv
45,2,1,1,Reader_2_5.csv
45,1,1,0,Reader_2_6.csv
45,0,0,0,Reader_2_7.csv
45,0,0,0,Reader_2_8.csv
45,0,0,0,Reader_2_9.csv
45,37,28,9,reader_3_1.csv
45,19,16,3,Reader_3_2.csv
45,7,5,2,Reader_3_3.csv
45,7,5,2,Reader_3_4.csv
45,8,4,4,Reader_3_5.csv
45,12,12,0,Reader_3_6.csv
45,7,4,3,Reader_3_7.csv
46,11,11,0,Reader_1_1.csv
46,1,1,0,Reader_1_10.csv
46,8,5,3,Reader_1_11.csv
46,5,4,1,Reader_1_12.csv
46,26,19,7,Reader_1_2.csv
46,2,1,1,Reader_1_3.csv
46,1,0,1,Reader_1_4.csv
46,5,4,1,Reader_1_5.csv
46,1,1,0,Reader_1_6.csv
46,7,3,4,Reader_1_7.csv
46,1,1,0,Reader_1_8.csv
46,0,0,0,Reader_1_9.csv
46,4,4,0,Reader_2_1.csv
46,1,1,0,Reader_2_10.csv
46,0,0,0,Reader_2_11.csv
46,5,4,1,Reader_2_12.csv
46,1,1,0,Reader_2_2.csv
46,2,2,0,Reader_2_3.csv
46,1,0,1,Reader_2_4.csv
46,2,1,1,Reader_2_5.csv
46,2,2,0,Reader_2_6.csv
46,1,1,0,Reader_2_7.csv
46,0,0,0,Reader_2_8.csv
46,0,0,0,Reader_2_9.csv
46,38,29,9,reader_3_1.csv
46,26,23,3,Reader_3_2.csv
46,8,6,2,Reader_3_3.csv
46,8,6,2,Reader_3_4.csv
46,9,5,4,Reader_3_5.csv
46,16,16,0,Reader_3_6.csv
46,6,3,3,Reader_3_7.csv
47,11,11,0,Reader_1_1.csv
47,1,1,0,Reader_1_10.csv
47,7,4,3,Reader_1_11.csv
47,5,4,1,Reader_1_12.csv
47,26,19,7,Reader_1_2.csv
47,2,1,1,Reader_1_3.csv
47,1,0,1,Reader_1_4.csv
47,5,4,1,Reader_1_5.csv
47,1,1,0,Reader_1_6.csv
47,7,3,4,Reader_1_7.csv
47,1,1,0,Reader_1_8.csv
47,0,0,0,Reader_1_9.csv
47,5,5,0,Reader_2_1.csv
47,1,1,0,Reader_2_10.csv
47,0,0,0,Reader_2_11.csv
47,7,5,2,Reader_2_12.csv
47,3,2,1,Reader_2_2.csv
47,2,2,0,Reader_2_3.csv
47,1,0,1,Reader_2_4.csv
47,2,1,1,Reader_2_5.csv
47,2,2,0,Reader_2_6.csv
47,1,1,0,Reader_2_7.csv
47,0,0,0,Reader_2_8.csv
47,0,0,0,Reader_2_9.csv
47,41,31,10,reader_3_1.csv
47,28,25,3,Reader_3_2.csv
47,7,5,2,Reader_3_3.csv
47,7,5,2,Reader_3_4.csv
47,9,6,3,Reader_3_5.csv
47,15,15,0,Reader_3_6.csv
47,7,3,4,Reader_3_7.csv
48,10,10,0,Reader_1_1.csv
48,2,2,0,Reader_1_10.csv
48,7,4,3,Reader_1_11.csv
48,5,4,1,Reader_1_12.csv
48,21,15,6,Reader_1_2.csv
48,2,1,1,Reader_1_3.csv
48,1,0,1,Reader_1_4.csv
48,4,3,1,Reader_1_5.csv
48,1,1,0,Reader_1_6.csv
48,5,2,3,Reader_1_7.csv
48,1,1,0,Reader_1_8.csv
48,0,0,0,Reader_1_9.csv
48,5,5,0,Reader_2_1.csv
48,1,1,0,Reader_2_10.csv
48,0,0,0,Reader_2_11.csv
48,7,5,2,Reader_2_12.csv
48,3,2,1,Reader_2_2.csv
48,3,2,1,Reader_2_3.csv
48,0,0,0,Reader_2_4.csv
48,1,1,0,Reader_2_5.csv
48,2,2,0,Reader_2_6.csv
48,1,1,0,Reader_2_7.csv
48,0,0,0,Reader_2_8.csv
48,0,0,0,Reader_2_9.csv
48,43,33,10,reader_3_1.csv
48,29,27,2,Reader_3_2.csv
48,7,5,2,Reader_3_3.csv
48,7,5,2,Reader_3_4.csv
48,11,8,3,Reader_3_5.csv
48,16,16,0,Reader_3_6.csv
48,6,3,3,Reader_3_7.csv
49,11,11,0,Reader_1_1.csv
49,2,2,0,Reader_1_10.csv
49,7,5,2,Reader_1_11.csv
49,4,3,1,Reader_1_12.csv
49,27,18,9,Reader_1_2.csv
49,1,0,1,Reader_1_3.csv
49,1,0,1,Reader_1_4.csv
49,4,3,1,Reader_1_5.csv
49,1,1,0,Reader_1_6.csv
49,4,1,3,Reader_1_7.csv
49,1,1,0,Reader_1_8.csv
49,0,0,0,Reader_1_9.csv
49,3,3,0,Reader_2_1.csv
49,0,0,0,Reader_2_10.csv
49,0,0,0,Reader_2_11.csv
49,5,3,2,Reader_2_12.csv
49,2,1,1,Reader_2_2.csv
49,3,2,1,Reader_2_3.csv
49,0,0,0,Reader_2_4.csv
49,1,1,0,Reader_2_5.csv
49,2,2,0,Reader_2_6.csv
49,1,1,0,Reader_2_7.csv
49,0,0,0,Reader_2_8.csv
49,0,0,0,Reader_2_9.csv
49,38,29,9,reader_3_1.csv
49,30,29,1,Reader_3_2.csv
49,7,5,2,Reader_3_3.csv
49,7,5,2,Reader_3_4.csv
49,8,5,3,Reader_3_5.csv
49,14,14,0,Reader_3_6.csv
49,6,3,3,Reader_3_7.csv
50,9,9,0,Reader_1_1.csv
50,2,2,0,Reader_1_10.csv
50,7,6,1,Reader_1_11.csv
50,6,5,1,Reader_1_12.csv
50,26,17,9,Reader_1_2.csv
50,1,0,1,Reader_1_3.csv
50,0,0,0,Reader_1_4.csv
50,4,3,1,Reader_1_5.csv
50,1,1,0,Reader_1_6.csv
50,4,1,3,Reader_1_7.csv
50,1,1,0,Reader_1_8.csv
50,0,0,0,Reader_1_9.csv
50,3,3,0,Reader_2_1.csv
50,1,1,0,Reader_2_10.csv
50,0,0,0,Reader_2_11.csv
50,5,3,2,Reader_2_12.csv
50,2,1,1,Reader_2_2.csv
50,3,1,2,Reader_2_3.csv
50,0,0,0,Reader_2_4.csv
50,0,0,0,Reader_2_5.csv
50,2,2,0,Reader_2_6.csv
50,1,1,0,Reader_2_7.csv
50,0,0,0,Reader_2_8.csv
50,0,0,0,Reader_2_9.csv
50,40,31,9,reader_3_1.csv
50,32,31,1,Reader_3_2.csv
50,7,5,2,Reader_3_3.csv
50,7,5,2,Reader_3_4.csv
50,8,6,2,Reader_3_5.csv
50,18,17,1,Reader_3_6.csv
50,4,1,3,Reader_3_7.csv
51,9,9,0,Reader_1_1.csv
51,1,1,0,Reader_1_10.csv
51,7,6,1,Reader_1_11.csv
51,5,4,1,Reader_1_12.csv
51,25,14,11,Reader_1_2.csv
51,2,1,1,Reader_1_3.csv
51,0,0,0,Reader_1_4.csv
51,5,3,2,Reader_1_5.csv
51,2,2,0,Reader_1_6.csv
51,2,1,1,Reader_1_7.csv
51,1,1,0,Reader_1_8.csv
51,0,0,0,Reader_1_9.csv
51,5,5,0,Reader_2_1.csv
51,1,1,0,Reader_2_10.csv
51,0,0,0,Reader_2_11.csv
51,4,2,2,Reader_2_12.csv
51,3,1,2,Reader_2_2.csv
51,3,1,2,Reader_2_3.csv
51,0,0,0,Reader_2_4.csv
51,0,0,0,Reader_2_5.csv
51,3,2,1,Reader_2_6.csv
51,1,1,0,Reader_2_7.csv
51,0,0,0,Reader_2_8.csv
51,0,0,0,Reader_2_9.csv
51,32,27,5,reader_3_1.csv
51,33,32,1,Reader_3_2.csv
51,7,5,2,Reader_3_3.csv
51,7,5,2,Reader_3_4.csv
51,8,6,2,Reader_3_5.csv
51,15,14,1,Reader_3_6.csv
51,5,1,4,Reader_3_7.csv
52,12,12,0,Reader_1_1.csv
52,1,1,0,Reader_1_10.csv
52,5,4,1,Reader_1_11.csv
52,5,4,1,Reader_1_12.csv
52,29,15,14,Reader_1_2.csv
52,3,2,1,Reader_1_3.csv
52,0,0,0,Reader_1_4.csv
52,4,2,2,Reader_1_5.csv
52,1,1,0,Reader_1_6.csv
52,1,1,0,Reader_1_7.csv
52,0,0,0,Reader_1_8.csv
52,0,0,0,Reader_1_9.csv
52,4,4,0,Reader_2_1.csv
52,1,1,0,Reader_2_10.csv
52,1,0,1,Reader_2_11.csv
52,4,2,2,Reader_2_12.csv
52,3,1,2,Reader_2_2.csv
52,3,1,2,Reader_2_3.csv
52,1,1,0,Reader_2_4.csv
52,0,0,0,Reader_2_5.csv
52,2,1,1,Reader_2_6.csv
52,1,1,0,Reader_2_7.csv
52,0,0,0,Reader_2_8.csv
52,0,0,0,Reader_2_9.csv
52,31,26,5,reader_3_1.csv
52,34,32,2,Reader_3_2.csv
52,5,4,1,Reader_3_3.csv
52,5,4,1,Reader_3_4.csv
52,7,5,2,Reader_3_5.csv
52,12,11,1,Reader_3_6.csv
52,6,2,4,Reader_3_7.csv
53,12,11,1,Reader_1_1.csv
53,2,1,1,Reader_1_10.csv
53,8,7,1,Reader_1_11.csv
53,6,5,1,Reader_1_12.csv
53,31,16,15,Reader_1_2.csv
53,3,2,1,Reader_1_3.csv
53,1,1,0,Reader_1_4.csv
53,2,1,1,Reader_1_5.csv
53,1,1,0,Reader_1_6.csv
53,2,2,0,Reader_1_7.csv
53,1,1,0,Reader_1_8.csv
53,0,0,0,Reader_1_9.csv
53,4,4,0,Reader_2_1.csv
53,2,1,1,Reader_2_10.csv
53,1,0,1,Reader_2_11.csv
53,4,2,2,Reader_2_12.csv
53,5,1,4,Reader_2_2.csv
53,4,2,2,Reader_2_3.csv
53,1,1,0,Reader_2_4.csv
53,0,0,0,Reader_2_5.csv
53,2,1,1,Reader_2_6.csv
53,1,1,0,Reader_2_7.csv
53,0,0,0,Reader_2_8.csv
53,0,0,0,Reader_2_9.csv
53,31,24,7,reader_3_1.csv
53,35,33,2,Reader_3_2.csv
53,7,5,2,Reader_3_3.csv
53,7,5,2,Reader_3_4.csv
53,6,5,1,Reader_3_5.csv
53,13,11,2,Reader_3_6.csv
53,6,2,4,Reader_3_7.csv
54,12,10,2,Reader_1_1.csv
54,2,1,1,Reader_1_10.csv
54,10,9,1,Reader_1_11.csv
54,4,3,1,Reader_1_12.csv
54,26,14,12,Reader_1_2.csv
54,2,2,0,Reader_1_3.csv
54,1,1,0,Reader_1_4.csv
54,3,2,1,Reader_1_5.csv
54,1,1,0,Reader_1_6.csv
54,1,1,0,Reader_1_7.csv
54,1,1,0,Reader_1_8.csv
54,0,0,0,Reader_1_9.csv
54,4,4,0,Reader_2_1.csv
54,2,1,1,Reader_2_10.csv
54,1,0,1,Reader_2_11.csv
54,4,3,1,Reader_2_12.csv
54,6,1,5,Reader_2_2.csv
54,5,3,2,Reader_2_3.csv
54,1,1,0,Reader_2_4.csv
54,0,0,0,Reader_2_5.csv
54,1,0,1,Reader_2_6.csv
54,0,0,0,Reader_2_7.csv
54,0,0,0,Reader_2_8.csv
54,0,0,0,Reader_2_9.csv
54,27,20,7,reader_3_1.csv
54,32,30,2,Reader_3_2.csv
54,7,5,2,Reader_3_3.csv
54,7,5,2,Reader_3_4.csv
54,7,6,1,Reader_3_5.csv
54,10,8,2,Reader_3_6.csv
54,8,3,5,Reader_3_7.csv
55,13,11,2,Reader_1_1.csv
55,2,1,1,Reader_1_10.csv
55,10,9,1,Reader_1_11.csv
55,6,5,1,Reader_1_12.csv
55,24,13,11,Reader_1_2.csv
55,2,2,0,Reader_1_3.csv
55,1,1,0,Reader_1_4.csv
55,3,2,1,Reader_1_5.csv
55,1,1,0,Reader_1_6.csv
55,1,1,0,Reader_1_7.csv
55,1,1,0,Reader_1_8.csv
55,0,0,0,Reader_1_9.csv
55,3,3,0,Reader_2_1.csv
55,2,1,1,Reader_2_10.csv
55,2,1,1,Reader_2_11.csv
55,1,1,0,Reader_2_12.csv
55,5,0,5,Reader_2_2.csv
55,5,3,2,Reader_2_3.csv
55,1,1,0,Reader_2_4.csv
55,0,0,0,Reader_2_5.csv
55,2,1,1,Reader_2_6.csv
55,0,0,0,Reader_2_7.csv
55,0,0,0,Reader_2_8.csv
55,0,0,0,Reader_2_9.csv
55,33,24,9,reader_3_1.csv
55,31,28,3,Reader_3_2.csv
55,7,6,1,Reader_3_3.csv
55,7,6,1,Reader_3_4.csv
55,8,7,1,Reader_3_5.csv
55,9,7,2,Reader_3_6.csv
55,7,3,4,Reader_3_7.csv
56,15,13,2,Reader_1_1.csv
56,1,0,1,Reader_1_10.csv
56,13,10,3,Reader_1_11.csv
56,6,5,1,Reader_1_12.csv
56,25,14,11,Reader_1_2.csv
56,2,2,0,Reader_1_3.csv
56,1,1,0,Reader_1_4.csv
56,3,2,1,Reader_1_5.csv
56,1,1,0,Reader_1_6.csv
56,1,1,0,Reader_1_7.csv
56,1,1,0,Reader_1_8.csv
56,0,0,0,Reader_1_9.csv
56,3,3,0,Reader_2_1.csv
56,2,1,1,Reader_2_10.csv
56,2,1,1,Reader_2_11.csv
56,1,1,0,Reader_2_12.csv
56,5,0,5,Reader_2_2.csv
56,4,3,1,Reader_2_3.csv
56,1,1,0,Reader_2_4.csv
56,0,0,0,Reader_2_5.csv
56,3,2,1,Reader_2_6.csv
56,0,0,0,Reader_2_7.csv
56,0,0,0,Reader_2_8.csv
56,0,0,0,Reader_2_9.csv
56,31,21,10,reader_3_1.csv
56,34,31,3,Reader_3_2.csv
56,12,8,4,Reader_3_3.csv
56,12,8,4,Reader_3_4.csv
56,7,6,1,Reader_3_5.csv
56,10,7,3,Reader_3_6.csv
56,5,2,3,Reader_3_7.csv
57,14,12,2,Reader_1_1.csv
57,1,0,1,Reader_1_10.csv
57,14,9,5,Reader_1_11.csv
57,5,5,0,Reader_1_12.csv
57,20,12,8,Reader_1_2.csv
57,3,3,0,Reader_1_3.csv
57,1,1,0,Reader_1_4.csv
57,3,2,1,Reader_1_5.csv
57,2,2,0,Reader_1_6.csv
57,1,1,0,Reader_1_7.csv
57,1,1,0,Reader_1_8.csv
57,0,0,0,Reader_1_9.csv
57,5,5,0,Reader_2_1.csv
57,2,1,1,Reader_2_10.csv
57,2,1,1,Reader_2_11.csv
57,1,1,0,Reader_2_12.csv
57,9,3,6,Reader_2_2.csv
57,4,3,1,Reader_2_3.csv
57,2,2,0,Reader_2_4.csv
57,0,0,0,Reader_2_5.csv
57,3,2,1,Reader_2_6.csv
57,0,0,0,Reader_2_7.csv
57,0,0,0,Reader_2_8.csv
57,0,0,0,Reader_2_9.csv
57,31,21,10,reader_3_1.csv
57,37,34,3,Reader_3_2.csv
57,11,7,4,Reader_3_3.csv
57,11,7,4,Reader_3_4.csv
57,9,9,0,Reader_3_5.csv
57,12,8,4,Reader_3_6.csv
57,4,2,2,Reader_3_7.csv
58,14,12,2,Reader_1_1.csv
58,1,0,1,Reader_1_10.csv
58,13,8,5,Reader_1_11.csv
58,4,4,0,Reader_1_12.csv
58,19,11,8,Reader_1_2.csv
58,4,3,1,Reader_1_3.csv
58,2,2,0,Reader_1_4.csv
58,2,1,1,Reader_1_5.csv
58,2,2,0,Reader_1_6.csv
58,1,1,0,Reader_1_7.csv
58,1,1,0,Reader_1_8.csv
58,0,0,0,Reader_1_9.csv
58,6,6,0,Reader_2_1.csv
58,1,0,1,Reader_2_10.csv
58,2,1,1,Reader_2_11.csv
58,1,1,0,Reader_2_12.csv
58,11,4,7,Reader_2_2.csv
58,2,2,0,Reader_2_3.csv
58,2,2,0,Reader_2_4.csv
58,0,0,0,Reader_2_5.csv
58,4,3,1,Reader_2_6.csv
58,0,0,0,Reader_2_7.csv
58,0,0,0,Reader_2_8.csv
58,0,0,0,Reader_2_9.csv
58,29,19,10,reader_3_1.csv
58,38,36,2,Reader_3_2.csv
58,13,9,4,Reader_3_3.csv
58,13,9,4,Reader_3_4.csv
58,9,8,1,Reader_3_5.csv
58,8,5,3,Reader_3_6.csv
58,4,2,2,Reader_3_7.csv
59,15,11,4,Reader_1_1.csv
59,1,0,1,Reader_1_10.csv
59,14,8,6,Reader_1_11.csv
59,4,4,0,Reader_1_12.csv
59,15,10,5,Reader_1_2.csv
59,3,2,1,Reader_1_3.csv
59,2,2,0,Reader_1_4.csv
59,2,2,0,Reader_1_5.csv
59,1,1,0,Reader_1_6.csv
59,1,1,0,Reader_1_7.csv
59,1,1,0,Reader_1_8.csv
59,0,0,0,Reader_1_9.csv
59,3,3,0,Reader_2_1.csv
59,2,1,1,Reader_2_10.csv
59,2,1,1,Reader_2_11.csv
59,2,2,0,Reader_2_12.csv
59,14,6,8,Reader_2_2.csv
59,2,2,0,Reader_2_3.csv
59,2,2,0,Reader_2_4.csv
59,0,0,0,Reader_2_5.csv
59,4,4,0,Reader_2_6.csv
59,0,0,0,Reader_2_7.csv
59,0,0,0,Reader_2_8.csv
59,0,0,0,Reader_2_9.csv
59,31,20,11,reader_3_1.csv
59,41,39,2,Reader_3_2.csv
59,12,8,4,Reader_3_3.csv
59,12,8,4,Reader_3_4.csv
59,10,9,1,Reader_3_5.csv
59,8,5,3,Reader_3_6.csv
59,3,2,1,Reader_3_7.csv
60,12,8,4,Reader_1_1.csv
60,1,0,1,Reader_1_10.csv
60,12,7,5,Reader_1_11.csv
60,4,4,0,Reader_1_12.csv
60,11,9,2,Reader_1_2.csv
60,2,1,1,Reader_1_3.csv
60,2,2,0,Reader_1_4.csv
60,2,2,0,Reader_1_5.csv
60,1,1,0,Reader_1_6.csv
60,1,1,0,Reader_1_7.csv
60,1,1,0,Reader_1_8.csv
60,0,0,0,Reader_1_9.csv
60,3,3,0,Reader_2_1.csv
60,3,2,1,Reader_2_10.csv
60,1,1,0,Reader_2_11.csv
60,2,2,0,Reader_2_12.csv
60,16,8,8,Reader_2_2.csv
60,2,2,0,Reader_2_3.csv
60,1,1,0,Reader_2_4.csv
60,0,0,0,Reader_2_5.csv
60,4,4,0,Reader_2_6.csv
60,0,0,0,Reader_2_7.csv
60,0,0,0,Reader_2_8.csv
60,0,0,0,Reader_2_9.csv
60,32,23,9,reader_3_1.csv
60,37,36,1,Reader_3_2.csv
60,13,8,5,Reader_3_3.csv
60,13,8,5,Reader_3_4.csv
60,12,11,1,Reader_3_5.csv
60,8,5,3,Reader_3_6.csv
60,2,1,1,Reader_3_7.csv
61,12,8,4,Reader_1_1.csv
61,0,0,0,Reader_1_10.csv
61,10,4,6,Reader_1_11.csv
61,3,3,0,Reader_1_12.csv
61,9,7,2,Reader_1_2.csv
61,2,1,1,Reader_1_3.csv
61,1,1,0,Reader_1_4.csv
61,2,2,0,Reader_1_5.csv
61,1,1,0,Reader_1_6.csv
61,0,0,0,Reader_1_7.csv
61,0,0,0,Reader_1_8.csv
61,0,0,0,Reader_1_9.csv
61,3,3,0,Reader_2_1.csv
61,2,2,0,Reader_2_10.csv
61,2,2,0,Reader_2_11.csv
61,2,2,0,Reader_2_12.csv
61,16,8,8,Reader_2_2.csv
61,1,1,0,Reader_2_3.csv
61,1,1,0,Reader_2_4.csv
61,0,0,0,Reader_2_5.csv
61,4,4,0,Reader_2_6.csv
61,0,0,0,Reader_2_7.csv
61,0,0,0,Reader_2_8.csv
61,0,0,0,Reader_2_9.csv
61,31,23,8,reader_3_1.csv
61,41,40,1,Reader_3_2.csv
61,13,9,4,Reader_3_3.csv
61,13,9,4,Reader_3_4.csv
61,15,14,1,Reader_3_5.csv
61,6,4,2,Reader_3_6.csv
61,3,1,2,Reader_3_7.csv
62,11,8,3,Reader_1_1.csv
62,0,0,0,Reader_1_10.csv
62,9,3,6,Reader_1_11.csv
62,4,4,0,Reader_1_12.csv
62,10,8,2,Reader_1_2.csv
62,3,2,1,Reader_1_3.csv
62,2,2,0,Reader_1_4.csv
62,1,1,0,Reader_1_5.csv
62,1,1,0,Reader_1_6.csv
62,0,0,0,Reader_1_7.csv
62,0,0,0,Reader_1_8.csv
62,0,0,0,Reader_1_9.csv
62,3,3,0,Reader_2_1.csv
62,2,2,0,Reader_2_10.csv
62,2,2,0,Reader_2_11.csv
62,1,1,0,Reader_2_12.csv
62,16,9,7,Reader_2_2.csv
62,0,0,0,Reader_2_3.csv
62,1,1,0,Reader_2_4.csv
62,0,0,0,Reader_2_5.csv
62,5,4,1,Reader_2_6.csv
62,1,1,0,Reader_2_7.csv
62,0,0,0,Reader_2_8.csv
62,0,0,0,Reader_2_9.csv
62,35,27,8,reader_3_1.csv
62,43,42,1,Reader_3_2.csv
62,12,8,4,Reader_3_3.csv
62,12,8,4,Reader_3_4.csv
62,15,14,1,Reader_3_5.csv
62,4,2,2,Reader_3_6.csv
62,1,0,1,Reader_3_7.csv
63,12,7,5,Reader_1_1.csv
63,1,0,1,Reader_1_10.csv
63,9,3,6,Reader_1_11.csv
63,2,2,0,Reader_1_12.csv
63,11,8,3,Reader_1_2.csv
63,3,2,1,Reader_1_3.csv
63,2,2,0,Reader_1_4.csv
63,2,2,0,Reader_1_5.csv
63,1,1,0,Reader_1_6.csv
63,0,0,0,Reader_1_7.csv
63,0,0,0,Reader_1_8.csv
63,0,0,0,Reader_1_9.csv
63,3,3,0,Reader_2_1.csv
63,2,2,0,Reader_2_10.csv
63,1,1,0,Reader_2_11.csv
63,1,1,0,Reader_2_12.csv
63,16,9,7,Reader_2_2.csv
63,0,0,0,Reader_2_3.csv
63,1,1,0,Reader_2_4.csv
63,0,0,0,Reader_2_5.csv
63,4,3,1,Reader_2_6.csv
63,1,1,0,Reader_2_7.csv
63,0,0,0,Reader_2_8.csv
63,0,0,0,Reader_2_9.csv
63,27,22,5,reader_3_1.csv
63,47,47,0,Reader_3_2.csv
63,12,8,4,Reader_3_3.csv
63,12,8,4,Reader_3_4.csv
63,18,17,1,Reader_3_5.csv
63,5,2,3,Reader_3_6.csv
63,3,1,2,Reader_3_7.csv
64,11,6,5,Reader_1_1.csv
64,1,0,1,Reader_1_10.csv
64,6,2,4,Reader_1_11.csv
64,2,2,0,Reader_1_12.csv
64,9,7,2,Reader_1_2.csv
64,3,2,1,Reader_1_3.csv
64,3,3,0,Reader_1_4.csv
64,3,3,0,Reader_1_5.csv
64,1,1,0,Reader_1_6.csv
64,0,0,0,Reader_1_7.csv
64,0,0,0,Reader_1_8.csv
64,0,0,0,Reader_1_9.csv
64,3,3,0,Reader_2_1.csv
64,2,2,0,Reader_2_10.csv
64,1,1,0,Reader_2_11.csv
64,1,1,0,Reader_2_12.csv
64,16,9,7,Reader_2_2.csv
64,0,0,0,Reader_2_3.csv
64,2,2,0,Reader_2_4.csv
64,0,0,0,Reader_2_5.csv
64,3,2,1,Reader_2_6.csv
64,1,1,0,Reader_2_7.csv
64,0,0,0,Reader_2_8.csv
64,0,0,0,Reader_2_9.csv
64,28,24,4,reader_3_1.csv
64,50,50,0,Reader_3_2.csv
64,7,6,1,Reader_3_3.csv
64,7,6,1,Reader_3_4.csv
64,17,16,1,Reader_3_5.csv
64,4,2,2,Reader_3_6.csv
64,3,1,2,Reader_3_7.csv
65,11,6,5,Reader_1_1.csv
65,1,0,1,Reader_1_10.csv
65,5,3,2,Reader_1_11.csv
65,2,2,0,Reader_1_12.csv
65,8,5,3,Reader_1_2.csv
65,2,1,1,Reader_1_3.csv
65,3,3,0,Reader_1_4.csv
65,3,3,0,Reader_1_5.csv
65,0,0,0,Reader_1_6.csv
65,0,0,0,Reader_1_7.csv
65,0,0,0,Reader_1_8.csv
65,0,0,0,Reader_1_9.csv
65,1,1,0,Reader_2_1.csv
65,2,2,0,Reader_2_10.csv
65,1,1,0,Reader_2_11.csv
65,1,1,0,Reader_2_12.csv
65,13,6,7,Reader_2_2.csv
65,1,1,0,Reader_2_3.csv
65,1,1,0,Reader_2_4.csv
65,0,0,0,Reader_2_5.csv
65,4,3,1,Reader_2_6.csv
65,1,1,0,Reader_2_7.csv
65,0,0,0,Reader_2_8.csv
65,0,0,0,Reader_2_9.csv
65,34,29,5,reader_3_1.csv
65,49,49,0,Reader_3_2.csv
65,11,10,1,Reader_3_3.csv
65,11,10,1,Reader_3_4.csv
65,15,13,2,Reader_3_5.csv
65,3,2,1,Reader_3_6.csv
65,3,1,2,Reader_3_7.csv
66,11,5,6,Reader_1_1.csv
66,1,0,1,Reader_1_10.csv
66,5,3,2,Reader_1_11.csv
66,1,1,0,Reader_1_12.csv
66,9,6,3,Reader_1_2.csv
66,1,1,0,Reader_1_3.csv
66,2,2,0,Reader_1_4.csv
66,3,3,0,Reader_1_5.csv
66,0,0,0,Reader_1_6.csv
66,0,0,0,Reader_1_7.csv
66,0,0,0,Reader_1_8.csv
66,0,0,0,Reader_1_9.csv
66,0,0,0,Reader_2_1.csv
66,2,2,0,Reader_2_10.csv
66,1,1,0,Reader_2_11.csv
66,2,1,1,Reader_2_12.csv
66,13,6,7,Reader_2_2.csv
66,1,1,0,Reader_2_3.csv
66,1,1,0,Reader_2_4.csv
66,0,0,0,Reader_2_5.csv
66,3,2,1,Reader_2_6.csv
66,1,1,0,Reader_2_7.csv
66,0,0,0,Reader_2_8.csv
66,0,0,0,Reader_2_9.csv
66,32,28,4,reader_3_1.csv
66,53,53,0,Reader_3_2.csv
66,10,7,3,Reader_3_3.csv
66,10,7,3,Reader_3_4.csv
66,16,15,1,Reader_3_5.csv
66,4,3,1,Reader_3_6.csv
66,4,2,2,Reader_3_7.csv
67,10,6,4,Reader_1_1.csv
67,1,0,1,Reader_1_10.csv
67,3,2,1,Reader_1_11.csv
67,1,1,0,Reader_1_12.csv
67,9,6,3,Reader_1_2.csv
67,2,2,0,Reader_1_3.csv
67,2,2,0,Reader_1_4.csv
67,2,2,0,Reader_1_5.csv
67,0,0,0,Reader_1_6.csv
67,0,0,0,Reader_1_7.csv
67,0,0,0,Reader_1_8.csv
67,0,0,0,Reader_1_9.csv
67,0,0,0,Reader_2_1.csv
67,2,2,0,Reader_2_10.csv
67,1,1,0,Reader_2_11.csv
67,1,0,1,Reader_2_12.csv
67,9,4,5,Reader_2_2.csv
67,1,1,0,Reader_2_3.csv
67,1,1,0,Reader_2_4.csv
67,1,1,0,Reader_2_5.csv
67,2,1,1,Reader_2_6.csv
67,2,1,1,Reader_2_7.csv
67,0,0,0,Reader_2_8.csv
67,0,0,0,Reader_2_9.csv
67,31,28,3,reader_3_1.csv
67,57,56,1,Reader_3_2.csv
67,11,8,3,Reader_3_3.csv
67,11,8,3,Reader_3_4.csv
67,20,19,1,Reader_3_5.csv
67,7,6,1,Reader_3_6.csv
67,4,2,2,Reader_3_7.csv
68,11,7,4,Reader_1_1.csv
68,1,0,1,Reader_1_10.csv
68,4,3,1,Reader_1_11.csv
68,1,1,0,Reader_1_12.csv
68,10,6,4,Reader_1_2.csv
68,2,2,0,Reader_1_3.csv
68,3,3,0,Reader_1_4.csv
68,2,2,0,Reader_1_5.csv
68,0,0,0,Reader_1_6.csv
68,2,2,0,Reader_1_7.csv
68,0,0,0,Reader_1_8.csv
68,0,0,0,Reader_1_9.csv
68,0,0,0,Reader_2_1.csv
68,2,2,0,Reader_2_10.csv
68,1,1,0,Reader_2_11.csv
68,2,1,1,Reader_2_12.csv
68,7,2,5,Reader_2_2.csv
68,1,1,0,Reader_2_3.csv
68,1,1,0,Reader_2_4.csv
68,1,1,0,Reader_2_5.csv
68,2,1,1,Reader_2_6.csv
68,2,1,1,Reader_2_7.csv
68,0,0,0,Reader_2_8.csv
68,0,0,0,Reader_2_9.csv
68,27,24,3,reader_3_1.csv
68,59,58,1,Reader_3_2.csv
68,12,9,3,Reader_3_3.csv
68,12,9,3,Reader_3_4.csv
68,19,18,1,Reader_3_5.csv
68,9,8,1,Reader_3_6.csv
68,4,2,2,Reader_3_7.csv
69,10,7,3,Reader_1_1.csv
69,1,0,1,Reader_1_10.csv
69,3,3,0,Reader_1_11.csv
69,1,1,0,Reader_1_12.csv
69,9,6,3,Reader_1_2.csv
69,2,2,0,Reader_1_3.csv
69,4,3,1,Reader_1_4.csv
69,2,2,0,Reader_1_5.csv
69,0,0,0,Reader_1_6.csv
69,3,3,0,Reader_1_7.csv
69,0,0,0,Reader_1_8.csv
69,0,0,0,Reader_1_9.csv
69,1,1,0,Reader_2_1.csv
69,3,3,0,Reader_2_10.csv
69,0,0,0,Reader_2_11.csv
69,2,1,1,Reader_2_12.csv
69,6,3,3,Reader_2_2.csv
69,1,1,0,Reader_2_3.csv
69,2,2,0,Reader_2_4.csv
69,1,1,0,Reader_2_5.csv
69,2,1,1,Reader_2_6.csv
69,3,2,1,Reader_2_7.csv
69,0,0,0,Reader_2_8.csv
69,0,0,0,Reader_2_9.csv
69,32,30,2,reader_3_1.csv
69,60,59,1,Reader_3_2.csv
69,13,10,3,Reader_3_3.csv
69,13,10,3,Reader_3_4.csv
69,17,15,2,Reader_3_5.csv
69,10,8,2,Reader_3_6.csv
69,3,2,1,Reader_3_7.csv
70,13,10,3,Reader_1_1.csv
70,1,0,1,Reader_1_10.csv
70,5,3,2,Reader_1_11.csv
70,0,0,0,Reader_1_12.csv
70,10,6,4,Reader_1_2.csv
70,1,1,0,Reader_1_3.csv
70,3,2,1,Reader_1_4.csv
70,3,3,0,Reader_1_5.csv
70,1,1,0,Reader_1_6.csv
70,3,3,0,Reader_1_7.csv
70,0,0,0,Reader_1_8.csv
70,0,0,0,Reader_1_9.csv
70,1,1,0,Reader_2_1.csv
70,4,4,0,Reader_2_10.csv
70,2,2,0,Reader_2_11.csv
70,2,1,1,Reader_2_12.csv
70,6,3,3,Reader_2_2.csv
70,1,1,0,Reader_2_3.csv
70,2,2,0,Reader_2_4.csv
70,1,1,0,Reader_2_5.csv
70,1,1,0,Reader_2_6.csv
70,2,1,1,Reader_2_7.csv
70,0,0,0,Reader_2_8.csv
70,0,0,0,Reader_2_9.csv
70,33,30,3,reader_3_1.csv
70,60,59,1,Reader_3_2.csv
70,13,10,3,Reader_3_3.csv
70,13,10,3,Reader_3_4.csv
70,17,15,2,Reader_3_5.csv
70,10,8,2,Reader_3_6.csv
70,3,2,1,Reader_3_7.csv
71,13,12,1,Reader_1_1.csv
71,0,0,0,Reader_1_10.csv
71,5,3,2,Reader_1_11.csv
71,0,0,0,Reader_1_12.csv
71,9,6,3,Reader_1_2.csv
71,1,1,0,Reader_1_3.csv
71,3,2,1,Reader_1_4.csv
71,2,2,0,Reader_1_5.csv
71,1,1,0,Reader_1_6.csv
71,3,3,0,Reader_1_7.csv
71,0,0,0,Reader_1_8.csv
71,0,0,0,Reader_1_9.csv
71,1,1,0,Reader_2_1.csv
71,4,4,0,Reader_2_10.csv
71,3,3,0,Reader_2_11.csv
71,3,2,1,Reader_2_12.csv
71,6,4,2,Reader_2_2.csv
71,1,1,0,Reader_2_3.csv
71,2,2,0,Reader_2_4.csv
71,1,1,0,Reader_2_5.csv
71,1,1,0,Reader_2_6.csv
71,2,1,1,Reader_2_7.csv
71,0,0,0,Reader_2_8.csv
71,0,0,0,Reader_2_9.csv
71,35,32,3,reader_3_1.csv
71,56,55,1,Reader_3_2.csv
71,14,10,4,Reader_3_3.csv
71,14,10,4,Reader_3_4.csv
71,14,11,3,Reader_3_5.csv
71,10,9,1,Reader_3_6.csv
71,1,1,0,Reader_3_7.csv
72,16,14,2,Reader_1_1.csv
72,0,0,0,Reader_1_10.csv
72,5,3,2,Reader_1_11.csv
72,0,0,0,Reader_1_12.csv
72,8,5,3,Reader_1_2.csv
72,1,1,0,Reader_1_3.csv
72,2,1,1,Reader_1_4.csv
72,1,1,0,Reader_1_5.csv
72,1,1,0,Reader_1_6.csv
72,3,3,0,Reader_1_7.csv
72,0,0,0,Reader_1_8.csv
72,0,0,0,Reader_1_9.csv
72,1,1,0,Reader_2_1.csv
72,4,4,0,Reader_2_10.csv
72,3,3,0,Reader_2_11.csv
72,4,3,1,Reader_2_12.csv
72,6,4,2,Reader_2_2.csv
72,1,1,0,Reader_2_3.csv
72,1,1,0,Reader_2_4.csv
72,1,1,0,Reader_2_5.csv
72,1,1,0,Reader_2_6.csv
72,2,1,1,Reader_2_7.csv
72,0,0,0,Reader_2_8.csv
72,0,0,0,Reader_2_9.csv
72,37,33,4,reader_3_1.csv
72,54,52,2,Reader_3_2.csv
72,16,11,5,Reader_3_3.csv
72,16,11,5,Reader_3_4.csv
72,17,13,4,Reader_3_5.csv
72,10,9,1,Reader_3_6.csv
72,2,2,0,Reader_3_7.csv
73,15,13,2,Reader_1_1.csv
73,0,0,0,Reader_1_10.csv
73,4,2,2,Reader_1_11.csv
73,0,0,0,Reader_1_12.csv
73,8,6,2,Reader_1_2.csv
73,2,2,0,Reader_1_3.csv
73,2,1,1,Reader_1_4.csv
73,1,1,0,Reader_1_5.csv
73,1,1,0,Reader_1_6.csv
73,3,3,0,Reader_1_7.csv
73,0,0,0,Reader_1_8.csv
73,0,0,0,Reader_1_9.csv
73,1,1,0,Reader_2_1.csv
73,4,4,0,Reader_2_10.csv
73,3,3,0,Reader_2_11.csv
73,4,3,1,Reader_2_12.csv
73,5,4,1,Reader_2_2.csv
73,0,0,0,Reader_2_3.csv
73,1,1,0,Reader_2_4.csv
73,1,1,0,Reader_2_5.csv
73,0,0,0,Reader_2_6.csv
73,2,1,1,Reader_2_7.csv
73,0,0,0,Reader_2_8.csv
73,0,0,0,Reader_2_9.csv
73,34,31,3,reader_3_1.csv
73,52,49,3,Reader_3_2.csv
73,12,7,5,Reader_3_3.csv
73,12,7,5,Reader_3_4.csv
73,20,17,3,Reader_3_5.csv
73,9,8,1,Reader_3_6.csv
73,2,2,0,Reader_3_7.csv
74,18,15,3,Reader_1_1.csv
74,0,0,0,Reader_1_10.csv
74,6,3,3,Reader_1_11.csv
74,1,1,0,Reader_1_12.csv
74,7,5,2,Reader_1_2.csv
74,3,3,0,Reader_1_3.csv
74,2,1,1,Reader_1_4.csv
74,1,1,0,Reader_1_5.csv
74,1,1,0,Reader_1_6.csv
74,5,5,0,Reader_1_7.csv
74,0,0,0,Reader_1_8.csv
74,0,0,0,Reader_1_9.csv
74,2,2,0,Reader_2_1.csv
74,5,5,0,Reader_2_10.csv
74,3,3,0,Reader_2_11.csv
74,3,3,0,Reader_2_12.csv
74,3,3,0,Reader_2_2.csv
74,0,0,0,Reader_2_3.csv
74,1,1,0,Reader_2_4.csv
74,1,1,0,Reader_2_5.csv
74,0,0,0,Reader_2_6.csv
74,3,2,1,Reader_2_7.csv
74,0,0,0,Reader_2_8.csv
74,0,0,0,Reader_2_9.csv
74,32,29,3,reader_3_1.csv
74,49,46,3,Reader_3_2.csv
74,10,7,3,Reader_3_3.csv
74,10,7,3,Reader_3_4.csv
74,25,20,5,Reader_3_5.csv
74,8,7,1,Reader_3_6.csv
74,1,1,0,Reader_3_7.csv
75,19,16,3,Reader_1_1.csv
75,0,0,0,Reader_1_10.csv
75,6,3,3,Reader_1_11.csv
75,2,2,0,Reader_1_12.csv
75,8,6,2,Reader_1_2.csv
75,3,2,1,Reader_1_3.csv
75,2,1,1,Reader_1_4.csv
75,1,1,0,Reader_1_5.csv
75,1,1,0,Reader_1_6.csv
75,6,6,0,Reader_1_7.csv
75,0,0,0,Reader_1_8.csv
75,1,1,0,Reader_1_9.csv
75,2,2,0,Reader_2_1.csv
75,4,4,0,Reader_2_10.csv
75,3,3,0,Reader_2_11.csv
75,3,3,0,Reader_2_12.csv
75,3,3,0,Reader_2_2.csv
75,0,0,0,Reader_2_3.csv
75,1,1,0,Reader_2_4.csv
75,0,0,0,Reader_2_5.csv
75,0,0,0,Reader_2_6.csv
75,2,2,0,Reader_2_7.csv
75,0,0,0,Reader_2_8.csv
75,0,0,0,Reader_2_9.csv
75,30,28,2,reader_3_1.csv
75,46,44,2,Reader_3_2.csv
75,11,8,3,Reader_3_3.csv
75,11,8,3,Reader_3_4.csv
75,28,23,5,Reader_3_5.csv
75,5,4,1,Reader_3_6.csv
75,1,1,0,Reader_3_7.csv
76,18,15,3,Reader_1_1.csv
76,0,0,0,Reader_1_10.csv
76,6,3,3,Reader_1_11.csv
76,2,2,0,Reader_1_12.csv
76,6,5,1,Reader_1_2.csv
76,3,2,1,Reader_1_3.csv
76,1,0,1,Reader_1_4.csv
76,1,1,0,Reader_1_5.csv
76,1,1,0,Reader_1_6.csv
76,4,4,0,Reader_1_7.csv
76,0,0,0,Reader_1_8.csv
76,1,1,0,Reader_1_9.csv
76,2,2,0,Reader_2_1.csv
76,3,3,0,Reader_2_10.csv
76,4,4,0,Reader_2_11.csv
76,2,2,0,Reader_2_12.csv
76,3,3,0,Reader_2_2.csv
76,0,0,0,Reader_2_3.csv
76,2,2,0,Reader_2_4.csv
76,0,0,0,Reader_2_5.csv
76,0,0,0,Reader_2_6.csv
76,2,2,0,Reader_2_7.csv
76,0,0,0,Reader_2_8.csv
76,0,0,0,Reader_2_9.csv
76,31,27,4,reader_3_1.csv
76,41,39,2,Reader_3_2.csv
76,9,7,2,Reader_3_3.csv
76,9,7,2,Reader_3_4.csv
76,28,23,5,Reader_3_5.csv
76,5,4,1,Reader_3_6.csv
76,1,1,0,Reader_3_7.csv
77,19,16,3,Reader_1_1.csv
77,0,0,0,Reader_1_10.csv
77,8,5,3,Reader_1_11.csv
77,2,2,0,Reader_1_12.csv
77,6,4,2,Reader_1_2.csv
77,4,3,1,Reader_1_3.csv
77,1,1,0,Reader_1_4.csv
77,1,1,0,Reader_1_5.csv
77,1,1,0,Reader_1_6.csv
77,4,4,0,Reader_1_7.csv
77,0,0,0,Reader_1_8.csv
77,1,1,0,Reader_1_9.csv
77,1,1,0,Reader_2_1.csv
77,2,2,0,Reader_2_10.csv
77,4,4,0,Reader_2_11.csv
77,3,3,0,Reader_2_12.csv
77,2,2,0,Reader_2_2.csv
77,0,0,0,Reader_2_3.csv
77,1,1,0,Reader_2_4.csv
77,0,0,0,Reader_2_5.csv
77,0,0,0,Reader_2_6.csv
77,1,1,0,Reader_2_7.csv
77,0,0,0,Reader_2_8.csv
77,0,0,0,Reader_2_9.csv
77,23,19,4,reader_3_1.csv
77,40,38,2,Reader_3_2.csv
77,8,6,2,Reader_3_3.csv
77,8,6,2,Reader_3_4.csv
77,29,25,4,Reader_3_5.csv
77,6,6,0,Reader_3_6.csv
77,2,2,0,Reader_3_7.csv
78,20,17,3,Reader_1_1.csv
78,0,0,0,Reader_1_10.csv
78,7,6,1,Reader_1_11.csv
78,6,5,1,Reader_1_12.csv
78,4,3,1,Reader_1_2.csv
78,4,3,1,Reader_1_3.csv
78,1,1,0,Reader_1_4.csv
78,0,0,0,Reader_1_5.csv
78,0,0,0,Reader_1_6.csv
78,4,4,0,Reader_1_7.csv
78,0,0,0,Reader_1_8.csv
78,1,1,0,Reader_1_9.csv
78,1,1,0,Reader_2_1.csv
78,1,1,0,Reader_2_10.csv
78,2,2,0,Reader_2_11.csv
78,4,4,0,Reader_2_12.csv
78,1,1,0,Reader_2_2.csv
78,0,0,0,Reader_2_3.csv
78,1,1,0,Reader_2_4.csv
78,0,0,0,Reader_2_5.csv
78,0,0,0,Reader_2_6.csv
78,1,1,0,Reader_2_7.csv
78,0,0,0,Reader_2_8.csv
78,0,0,0,Reader_2_9.csv
78,21,18,3,reader_3_1.csv
78,39,37,2,Reader_3_2.csv
78,10,7,3,Reader_3_3.csv
78,10,7,3,Reader_3_4.csv
78,30,26,4,Reader_3_5.csv
78,6,6,0,Reader_3_6.csv
78,2,2,0,Reader_3_7.csv
79,20,16,4,Reader_1_1.csv
79,0,0,0,Reader_1_10.csv
79,9,7,2,Reader_1_11.csv
79,7,6,1,Reader_1_12.csv
79,4,3,1,Reader_1_2.csv
79,4,3,1,Reader_1_3.csv
79,1,1,0,Reader_1_4.csv
79,0,0,0,Reader_1_5.csv
79,0,0,0,Reader_1_6.csv
79,4,4,0,Reader_1_7.csv
79,0,0,0,Reader_1_8.csv
79,1,1,0,Reader_1_9.csv
79,1,1,0,Reader_2_1.csv
79,1,1,0,Reader_2_10.csv
79,1,1,0,Reader_2_11.csv
79,3,3,0,Reader_2_12.csv
79,1,1,0,Reader_2_2.csv
79,0,0,0,Reader_2_3.csv
79,1,1,0,Reader_2_4.csv
79,0,0,0,Reader_2_5.csv
79,0,0,0,Reader_2_6.csv
79,1,1,0,Reader_2_7.csv
79,0,0,0,Reader_2_8.csv
79,0,0,0,Reader_2_9.csv
79,20,16,4,reader_3_1.csv
79,39,37,2,Reader_3_2.csv
79,12,8,4,Reader_3_3.csv
79,12,8,4,Reader_3_4.csv
79,30,27,3,Reader_3_5.csv
79,5,5,0,Reader_3_6.csv
79,4,4,0,Reader_3_7.csv
80,17,13,4,Reader_1_1.csv
80,0,0,0,Reader_1_10.csv
80,9,7,2,Reader_1_11.csv
80,8,6,2,Reader_1_12.csv
80,4,3,1,Reader_1_2.csv
80,4,3,1,Reader_1_3.csv
80,1,1,0,Reader_1_4.csv
80,0,0,0,Reader_1_5.csv
80,0,0,0,Reader_1_6.csv
80,4,4,0,Reader_1_7.csv
80,0,0,0,Reader_1_8.csv
80,1,1,0,Reader_1_9.csv
80,1,1,0,Reader_2_1.csv
80,1,1,0,Reader_2_10.csv
80,1,1,0,Reader_2_11.csv
80,2,2,0,Reader_2_12.csv
80,1,1,0,Reader_2_2.csv
80,0,0,0,Reader_2_3.csv
80,1,1,0,Reader_2_4.csv
80,0,0,0,Reader_2_5.csv
80,0,0,0,Reader_2_6.csv
80,1,1,0,Reader_2_7.csv
80,0,0,0,Reader_2_8.csv
80,0,0,0,Reader_2_9.csv
80,21,17,4,reader_3_1.csv
80,38,37,1,Reader_3_2.csv
80,12,8,4,Reader_3_3.csv
80,12,8,4,Reader_3_4.csv
80,31,29,2,Reader_3_5.csv
80,4,4,0,Reader_3_6.csv
80,3,3,0,Reader_3_7.csv
81,17,13,4,Reader_1_1.csv
81,0,0,0,Reader_1_10.csv
81,9,7,2,Reader_1_11.csv
81,9,7,2,Reader_1_12.csv
81,3,2,1,Reader_1_2.csv
81,3,2,1,Reader_1_3.csv
81,1,1,0,Reader_1_4.csv
81,0,0,0,Reader_1_5.csv
81,0,0,0,Reader_1_6.csv
81,4,4,0,Reader_1_7.csv
81,0,0,0,Reader_1_8.csv
81,1,1,0,Reader_1_9.csv
81,1,1,0,Reader_2_1.csv
81,1,1,0,Reader_2_10.csv
81,1,1,0,Reader_2_11.csv
81,2,2,0,Reader_2_12.csv
81,1,1,0,Reader_2_2.csv
81,0,0,0,Reader_2_3.csv
81,1,1,0,Reader_2_4.csv
81,0,0,0,Reader_2_5.csv
81,0,0,0,Reader_2_6.csv
81,1,1,0,Reader_2_7.csv
81,0,0,0,Reader_2_8.csv
81,0,0,0,Reader_2_9.csv
81,22,18,4,reader_3_1.csv
81,39,39,0,Reader_3_2.csv
81,13,9,4,Reader_3_3.csv
81,13,9,4,Reader_3_4.csv
81,30,26,4,Reader_3_5.csv
81,5,4,1,Reader_3_6.csv
81,4,4,0,Reader_3_7.csv
82,14,12,2,Reader_1_1.csv
82,0,0,0,Reader_1_10.csv
82,9,7,2,Reader_1_11.csv
82,8,6,2,Reader_1_12.csv
82,4,2,2,Reader_1_2.csv
82,2,1,1,Reader_1_3.csv
82,1,1,0,Reader_1_4.csv
82,0,0,0,Reader_1_5.csv
82,0,0,0,Reader_1_6.csv
82,4,3,1,Reader_1_7.csv
82,0,0,0,Reader_1_8.csv
82,1,1,0,Reader_1_9.csv
82,0,0,0,Reader_2_1.csv
82,0,0,0,Reader_2_10.csv
82,1,1,0,Reader_2_11.csv
82,2,2,0,Reader_2_12.csv
82,1,1,0,Reader_2_2.csv
82,0,0,0,Reader_2_3.csv
82,1,1,0,Reader_2_4.csv
82,0,0,0,Reader_2_5.csv
82,0,0,0,Reader_2_6.csv
82,0,0,0,Reader_2_7.csv
82,0,0,0,Reader_2_8.csv
82,1,1,0,Reader_2_9.csv
82,23,19,4,reader_3_1.csv
82,39,38,1,Reader_3_2.csv
82,13,9,4,Reader_3_3.csv
82,13,9,4,Reader_3_4.csv
82,25,23,2,Reader_3_5.csv
82,5,4,1,Reader_3_6.csv
82,4,4,0,Reader_3_7.csv
83,12,10,2,Reader_1_1.csv
83,0,0,0,Reader_1_10.csv
83,9,7,2,Reader_1_11.csv
83,7,5,2,Reader_1_12.csv
83,3,1,2,Reader_1_2.csv
83,1,1,0,Reader_1_3.csv
83,1,1,0,Reader_1_4.csv
83,0,0,0,Reader_1_5.csv
83,0,0,0,Reader_1_6.csv
83,3,2,1,Reader_1_7.csv
83,0,0,0,Reader_1_8.csv
83,0,0,0,Reader_1_9.csv
83,1,1,0,Reader_2_1.csv
83,0,0,0,Reader_2_10.csv
83,2,2,0,Reader_2_11.csv
83,3,3,0,Reader_2_12.csv
83,1,1,0,Reader_2_2.csv
83,1,0,1,Reader_2_3.csv
83,1,1,0,Reader_2_4.csv
83,0,0,0,Reader_2_5.csv
83,0,0,0,Reader_2_6.csv
83,0,0,0,Reader_2_7.csv
83,0,0,0,Reader_2_8.csv
83,1,1,0,Reader_2_9.csv
83,24,20,4,reader_3_1.csv
83,36,35,1,Reader_3_2.csv
83,12,7,5,Reader_3_3.csv
83,12,7,5,Reader_3_4.csv
83,22,19,3,Reader_3_5.csv
83,5,4,1,Reader_3_6.csv
83,6,6,0,Reader_3_7.csv
84,12,10,2,Reader_1_1.csv
84,0,0,0,Reader_1_10.csv
84,8,6,2,Reader_1_11.csv
84,7,5,2,Reader_1_12.csv
84,3,1,2,Reader_1_2.csv
84,1,1,0,Reader_1_3.csv
84,1,1,0,Reader_1_4.csv
84,0,0,0,Reader_1_5.csv
84,0,0,0,Reader_1_6.csv
84,3,2,1,Reader_1_7.csv
84,0,0,0,Reader_1_8.csv
84,0,0,0,Reader_1_9.csv
84,1,1,0,Reader_2_1.csv
84,0,0,0,Reader_2_10.csv
84,1,1,0,Reader_2_11.csv
84,3,3,0,Reader_2_12.csv
84,1,1,0,Reader_2_2.csv
84,1,0,1,Reader_2_3.csv
84,1,0,1,Reader_2_4.csv
84,0,0,0,Reader_2_5.csv
84,0,0,0,Reader_2_6.csv
84,0,0,0,Reader_2_7.csv
84,0,0,0,Reader_2_8.csv
84,1,1,0,Reader_2_9.csv
84,24,20,4,reader_3_1.csv
84,38,37,1,Reader_3_2.csv
84,12,7,5,Reader_3_3.csv
84,12,7,5,Reader_3_4.csv
84,23,19,4,Reader_3_5.csv
84,3,2,1,Reader_3_6.csv
84,6,6,0,Reader_3_7.csv
85,11,8,3,Reader_1_1.csv
85,0,0,0,Reader_1_10.csv
85,6,4,2,Reader_1_11.csv
85,7,5,2,Reader_1_12.csv
85,2,1,1,Reader_1_2.csv
85,0,0,0,Reader_1_3.csv
85,0,0,0,Reader_1_4.csv
85,0,0,0,Reader_1_5.csv
85,0,0,0,Reader_1_6.csv
85,2,1,1,Reader_1_7.csv
85,0,0,0,Reader_1_8.csv
85,0,0,0,Reader_1_9.csv
85,1,1,0,Reader_2_1.csv
85,0,0,0,Reader_2_10.csv
85,1,1,0,Reader_2_11.csv
85,2,2,0,Reader_2_12.csv
85,1,1,0,Reader_2_2.csv
85,2,1,1,Reader_2_3.csv
85,1,0,1,Reader_2_4.csv
85,0,0,0,Reader_2_5.csv
85,0,0,0,Reader_2_6.csv
85,0,0,0,Reader_2_7.csv
85,0,0,0,Reader_2_8.csv
85,1,1,0,Reader_2_9.csv
85,25,21,4,reader_3_1.csv
85,39,37,2,Reader_3_2.csv
85,10,5,5,Reader_3_3.csv
85,10,5,5,Reader_3_4.csv
85,21,17,4,Reader_3_5.csv
85,1,0,1,Reader_3_6.csv
85,5,5,0,Reader_3_7.csv
86,7,3,4,Reader_1_1.csv
86,0,0,0,Reader_1_10.csv
86,4,2,2,Reader_1_11.csv
86,3,2,1,Reader_1_12.csv
86,2,1,1,Reader_1_2.csv
86,0,0,0,Reader_1_3.csv
86,0,0,0,Reader_1_4.csv
86,0,0,0,Reader_1_5.csv
86,0,0,0,Reader_1_6.csv
86,2,1,1,Reader_1_7.csv
86,0,0,0,Reader_1_8.csv
86,0,0,0,Reader_1_9.csv
86,1,1,0,Reader_2_1.csv
86,0,0,0,Reader_2_10.csv
86,1,1,0,Reader_2_11.csv
86,1,1,0,Reader_2_12.csv
86,2,1,1,Reader_2_2.csv
86,2,1,1,Reader_2_3.csv
86,1,0,1,Reader_2_4.csv
86,0,0,0,Reader_2_5.csv
86,0,0,0,Reader_2_6.csv
86,0,0,0,Reader_2_7.csv
86,0,0,0,Reader_2_8.csv
86,1,1,0,Reader_2_9.csv
86,24,20,4,reader_3_1.csv
86,41,38,3,Reader_3_2.csv
86,9,5,4,Reader_3_3.csv
86,9,5,4,Reader_3_4.csv
86,20,16,4,Reader_3_5.csv
86,2,1,1,Reader_3_6.csv
86,5,5,0,Reader_3_7.csv
87,8,5,3,Reader_1_1.csv
87,0,0,0,Reader_1_10.csv
87,3,2,1,Reader_1_11.csv
87,2,1,1,Reader_1_12.csv
87,1,0,1,Reader_1_2.csv
87,0,0,0,Reader_1_3.csv
87,0,0,0,Reader_1_4.csv
87,0,0,0,Reader_1_5.csv
87,0,0,0,Reader_1_6.csv
87,3,2,1,Reader_1_7.csv
87,0,0,0,Reader_1_8.csv
87,0,0,0,Reader_1_9.csv
87,1,1,0,Reader_2_1.csv
87,0,0,0,Reader_2_10.csv
87,3,3,0,Reader_2_11.csv
87,1,1,0,Reader_2_12.csv
87,1,0,1,Reader_2_2.csv
87,2,1,1,Reader_2_3.csv
87,1,0,1,Reader_2_4.csv
87,0,0,0,Reader_2_5.csv
87,0,0,0,Reader_2_6.csv
87,0,0,0,Reader_2_7.csv
87,0,0,0,Reader_2_8.csv
87,1,1,0,Reader_2_9.csv
87,24,21,3,reader_3_1.csv
87,39,36,3,Reader_3_2.csv
87,5,3,2,Reader_3_3.csv
87,5,3,2,Reader_3_4.csv
87,22,17,5,Reader_3_5.csv
87,3,2,1,Reader_3_6.csv
87,3,3,0,Reader_3_7.csv
88,9,7,2,Reader_1_1.csv
88,0,0,0,Reader_1_10.csv
88,3,2,1,Reader_1_11.csv
88,2,2,0,Reader_1_12.csv
88,1,0,1,Reader_1_2.csv
88,0,0,0,Reader_1_3.csv
88,0,0,0,Reader_1_4.csv
88,0,0,0,Reader_1_5.csv
88,0,0,0,Reader_1_6.csv
88,3,2,1,Reader_1_7.csv
88,0,0,0,Reader_1_8.csv
88,0,0,0,Reader_1_9.csv
88,1,1,0,Reader_2_1.csv
88,0,0,0,Reader_2_10.csv
88,3,3,0,Reader_2_11.csv
88,1,1,0,Reader_2_12.csv
88,1,0,1,Reader_2_2.csv
88,2,1,1,Reader_2_3.csv
88,1,0,1,Reader_2_4.csv
88,0,0,0,Reader_2_5.csv
88,0,0,0,Reader_2_6.csv
88,0,0,0,Reader_2_7.csv
88,0,0,0,Reader_2_8.csv
88,1,1,0,Reader_2_9.csv
88,17,15,2,reader_3_1.csv
88,39,35,4,Reader_3_2.csv
88,3,2,1,Reader_3_3.csv
88,3,2,1,Reader_3_4.csv
88,19,14,5,Reader_3_5.csv
88,4,3,1,Reader_3_6.csv
88,3,3,0,Reader_3_7.csv
89,8,6,2,Reader_1_1.csv
89,0,0,0,Reader_1_10.csv
89,3,2,1,Reader_1_11.csv
89,1,1,0,Reader_1_12.csv
89,1,0,1,Reader_1_2.csv
89,0,0,0,Reader_1_3.csv
89,0,0,0,Reader_1_4.csv
89,0,0,0,Reader_1_5.csv
89,0,0,0,Reader_1_6.csv
89,3,2,1,Reader_1_7.csv
89,0,0,0,Reader_1_8.csv
89,0,0,0,Reader_1_9.csv
89,1,1,0,Reader_2_1.csv
89,0,0,0,Reader_2_10.csv
89,3,3,0,Reader_2_11.csv
89,1,1,0,Reader_2_12.csv
89,1,0,1,Reader_2_2.csv
89,2,1,1,Reader_2_3.csv
89,1,0,1,Reader_2_4.csv
89,0,0,0,Reader_2_5.csv
89,0,0,0,Reader_2_6.csv
89,0,0,0,Reader_2_7.csv
89,0,0,0,Reader_2_8.csv
89,1,1,0,Reader_2_9.csv
89,13,11,2,reader_3_1.csv
89,35,31,4,Reader_3_2.csv
89,3,2,1,Reader_3_3.csv
89,3,2,1,Reader_3_4.csv
89,18,15,3,Reader_3_5.csv
89,3,3,0,Reader_3_6.csv
89,3,3,0,Reader_3_7.csv
90,8,5,3,Reader_1_1.csv
90,0,0,0,Reader_1_10.csv
90,1,1,0,Reader_1_11.csv
90,1,1,0,Reader_1_12.csv
90,0,0,0,Reader_1_2.csv
90,0,0,0,Reader_1_3.csv
90,0,0,0,Reader_1_4.csv
90,0,0,0,Reader_1_5.csv
90,0,0,0,Reader_1_6.csv
90,1,1,0,Reader_1_7.csv
90,0,0,0,Reader_1_8.csv
90,0,0,0,Reader_1_9.csv
90,1,1,0,Reader_2_1.csv
90,0,0,0,Reader_2_10.csv
90,4,4,0,Reader_2_11.csv
90,1,1,0,Reader_2_12.csv
90,1,0,1,Reader_2_2.csv
90,2,1,1,Reader_2_3.csv
90,1,0,1,Reader_2_4.csv
90,0,0,0,Reader_2_5.csv
90,0,0,0,Reader_2_6.csv
90,0,0,0,Reader_2_7.csv
90,0,0,0,Reader_2_8.csv
90,0,0,0,Reader_2_9.csv
90,14,12,2,reader_3_1.csv
90,37,33,4,Reader_3_2.csv
90,5,4,1,Reader_3_3.csv
90,5,4,1,Reader_3_4.csv
90,17,13,4,Reader_3_5.csv
90,5,5,0,Reader_3_6.csv
90,3,3,0,Reader_3_7.csv
91,9,6,3,Reader_1_1.csv
91,0,0,0,Reader_1_10.csv
91,3,3,0,Reader_1_11.csv
91,2,2,0,Reader_1_12.csv
91,1,1,0,Reader_1_2.csv
91,0,0,0,Reader_1_3.csv
91,0,0,0,Reader_1_4.csv
91,0,0,0,Reader_1_5.csv
91,0,0,0,Reader_1_6.csv
91,1,1,0,Reader_1_7.csv
91,0,0,0,Reader_1_8.csv
91,0,0,0,Reader_1_9.csv
91,0,0,0,Reader_2_1.csv
91,0,0,0,Reader_2_10.csv
91,3,3,0,Reader_2_11.csv
91,0,0,0,Reader_2_12.csv
91,1,0,1,Reader_2_2.csv
91,1,1,0,Reader_2_3.csv
91,1,0,1,Reader_2_4.csv
91,0,0,0,Reader_2_5.csv
91,0,0,0,Reader_2_6.csv
91,0,0,0,Reader_2_7.csv
91,0,0,0,Reader_2_8.csv
91,0,0,0,Reader_2_9.csv
91,14,11,3,reader_3_1.csv
91,36,32,4,Reader_3_2.csv
91,4,4,0,Reader_3_3.csv
91,4,4,0,Reader_3_4.csv
91,15,10,5,Reader_3_5.csv
91,7,7,0,Reader_3_6.csv
91,3,3,0,Reader_3_7.csv
92,11,8,3,Reader_1_1.csv
92,0,0,0,Reader_1_10.csv
92,3,3,0,Reader_1_11.csv
92,2,2,0,Reader_1_12.csv
92,1,1,0,Reader_1_2.csv
92,0,0,0,Reader_1_3.csv
92,0,0,0,Reader_1_4.csv
92,1,0,1,Reader_1_5.csv
92,0,0,0,Reader_1_6.csv
92,1,1,0,Reader_1_7.csv
92,0,0,0,Reader_1_8.csv
92,0,0,0,Reader_1_9.csv
92,0,0,0,Reader_2_1.csv
92,0,0,0,Reader_2_10.csv
92,3,3,0,Reader_2_11.csv
92,0,0,0,Reader_2_12.csv
92,1,0,1,Reader_2_2.csv
92,1,1,0,Reader_2_3.csv
92,0,0,0,Reader_2_4.csv
92,0,0,0,Reader_2_5.csv
92,0,0,0,Reader_2_6.csv
92,0,0,0,Reader_2_7.csv
92,0,0,0,Reader_2_8.csv
92,0,0,0,Reader_2_9.csv
92,15,14,1,reader_3_1.csv
92,36,32,4,Reader_3_2.csv
92,4,4,0,Reader_3_3.csv
92,4,4,0,Reader_3_4.csv
92,14,10,4,Reader_3_5.csv
92,7,7,0,Reader_3_6.csv
92,3,3,0,Reader_3_7.csv
93,10,8,2,Reader_1_1.csv
93,0,0,0,Reader_1_10.csv
93,3,3,0,Reader_1_11.csv
93,2,2,0,Reader_1_12.csv
93,1,1,0,Reader_1_2.csv
93,0,0,0,Reader_1_3.csv
93,0,0,0,Reader_1_4.csv
93,1,0,1,Reader_1_5.csv
93,0,0,0,Reader_1_6.csv
93,1,1,0,Reader_1_7.csv
93,0,0,0,Reader_1_8.csv
93,0,0,0,Reader_1_9.csv
93,0,0,0,Reader_2_1.csv
93,0,0,0,Reader_2_10.csv
93,3,3,0,Reader_2_11.csv
93,0,0,0,Reader_2_12.csv
93,1,0,1,Reader_2_2.csv
93,0,0,0,Reader_2_3.csv
93,0,0,0,Reader_2_4.csv
93,0,0,0,Reader_2_5.csv
93,0,0,0,Reader_2_6.csv
93,0,0,0,Reader_2_7.csv
93,0,0,0,Reader_2_8.csv
93,0,0,0,Reader_2_9.csv
93,16,15,1,reader_3_1.csv
93,30,27,3,Reader_3_2.csv
93,5,5,0,Reader_3_3.csv
93,5,5,0,Reader_3_4.csv
93,18,13,5,Reader_3_5.csv
93,11,11,0,Reader_3_6.csv
93,3,3,0,Reader_3_7.csv
94,12,10,2,Reader_1_1.csv
94,0,0,0,Reader_1_10.csv
94,3,3,0,Reader_1_11.csv
94,2,2,0,Reader_1_12.csv
94,2,1,1,Reader_1_2.csv
94,0,0,0,Reader_1_3.csv
94,0,0,0,Reader_1_4.csv
94,1,0,1,Reader_1_5.csv
94,1,1,0,Reader_1_6.csv
94,1,1,0,Reader_1_7.csv
94,0,0,0,Reader_1_8.csv
94,0,0,0,Reader_1_9.csv
94,0,0,0,Reader_2_1.csv
94,0,0,0,Reader_2_10.csv
94,3,3,0,Reader_2_11.csv
94,0,0,0,Reader_2_12.csv
94,0,0,0,Reader_2_2.csv
94,0,0,0,Reader_2_3.csv
94,0,0,0,Reader_2_4.csv
94,0,0,0,Reader_2_5.csv
94,0,0,0,Reader_2_6.csv
94,0,0,0,Reader_2_7.csv
94,0,0,0,Reader_2_8.csv
94,0,0,0,Reader_2_9.csv
94,15,14,1,reader_3_1.csv
94,27,25,2,Reader_3_2.csv
94,4,4,0,Reader_3_3.csv
94,4,4,0,Reader_3_4.csv
94,18,13,5,Reader_3_5.csv
94,12,12,0,Reader_3_6.csv
94,3,3,0,Reader_3_7.csv
95,12,10,2,Reader_1_1.csv
95,0,0,0,Reader_1_10.csv
95,2,2,0,Reader_1_11.csv
95,2,2,0,Reader_1_12.csv
95,2,1,1,Reader_1_2.csv
95,1,1,0,Reader_1_3.csv
95,0,0,0,Reader_1_4.csv
95,1,0,1,Reader_1_5.csv
95,1,1,0,Reader_1_6.csv
95,0,0,0,Reader_1_7.csv
95,0,0,0,Reader_1_8.csv
95,0,0,0,Reader_1_9.csv
95,1,0,1,Reader_2_1.csv
95,0,0,0,Reader_2_10.csv
95,1,1,0,Reader_2_11.csv
95,0,0,0,Reader_2_12.csv
95,0,0,0,Reader_2_2.csv
95,1,1,0,Reader_2_3.csv
95,1,0,1,Reader_2_4.csv
95,0,0,0,Reader_2_5.csv
95,0,0,0,Reader_2_6.csv
95,0,0,0,Reader_2_7.csv
95,0,0,0,Reader_2_8.csv
95,1,1,0,Reader_2_9.csv
95,20,19,1,reader_3_1.csv
95,29,24,5,Reader_3_2.csv
95,6,6,0,Reader_3_3.csv
95,6,6,0,Reader_3_4.csv
95,19,14,5,Reader_3_5.csv
95,13,13,0,Reader_3_6.csv
95,3,3,0,Reader_3_7.csv
96,10,8,2,Reader_1_1.csv
96,0,0,0,Reader_1_10.csv
96,2,2,0,Reader_1_11.csv
96,1,1,0,Reader_1_12.csv
96,2,1,1,Reader_1_2.csv
96,1,1,0,Reader_1_3.csv
96,0,0,0,Reader_1_4.csv
96,1,0,1,Reader_1_5.csv
96,1,1,0,Reader_1_6.csv
96,0,0,0,Reader_1_7.csv
96,0,0,0,Reader_1_8.csv
96,0,0,0,Reader_1_9.csv
96,2,1,1,Reader_2_1.csv
96,1,0,1,Reader_2_10.csv
96,1,1,0,Reader_2_11.csv
96,0,0,0,Reader_2_12.csv
96,0,0,0,Reader_2_2.csv
96,1,1,0,Reader_2_3.csv
96,1,0,1,Reader_2_4.csv
96,0,0,0,Reader_2_5.csv
96,0,0,0,Reader_2_6.csv
96,0,0,0,Reader_2_7.csv
96,0,0,0,Reader_2_8.csv
96,1,1,0,Reader_2_9.csv
96,26,24,2,reader_3_1.csv
96,25,21,4,Reader_3_2.csv
96,6,6,0,Reader_3_3.csv
96,6,6,0,Reader_3_4.csv
96,21,16,5,Reader_3_5.csv
96,15,15,0,Reader_3_6.csv
96,3,3,0,Reader_3_7.csv
97,10,8,2,Reader_1_1.csv
97,0,0,0,Reader_1_10.csv
97,2,2,0,Reader_1_11.csv
97,1,1,0,Reader_1_12.csv
97,3,2,1,Reader_1_2.csv
97,1,1,0,Reader_1_3.csv
97,0,0,0,Reader_1_4.csv
97,1,0,1,Reader_1_5.csv
97,1,1,0,Reader_1_6.csv
97,0,0,0,Reader_1_7.csv
97,0,0,0,Reader_1_8.csv
97,0,0,0,Reader_1_9.csv
97,2,1,1,Reader_2_1.csv
97,1,0,1,Reader_2_10.csv
97,1,1,0,Reader_2_11.csv
97,0,0,0,Reader_2_12.csv
97,0,0,0,Reader_2_2.csv
97,1,1,0,Reader_2_3.csv
97,1,0,1,Reader_2_4.csv
97,0,0,0,Reader_2_5.csv
97,0,0,0,Reader_2_6.csv
97,0,0,0,Reader_2_7.csv
97,0,0,0,Reader_2_8.csv
97,1,1,0,Reader_2_9.csv
97,28,26,2,reader_3_1.csv
97,30,25,5,Reader_3_2.csv
97,6,6,0,Reader_3_3.csv
97,6,6,0,Reader_3_4.csv
97,23,17,6,Reader_3_5.csv
97,17,17,0,Reader_3_6.csv
97,2,2,0,Reader_3_7.csv
98,11,10,1,Reader_1_1.csv
98,0,0,0,Reader_1_10.csv
98,2,2,0,Reader_1_11.csv
98,1,1,0,Reader_1_12.csv
98,3,2,1,Reader_1_2.csv
98,1,1,0,Reader_1_3.csv
98,0,0,0,Reader_1_4.csv
98,1,0,1,Reader_1_5.csv
98,1,1,0,Reader_1_6.csv
98,0,0,0,Reader_1_7.csv
98,0,0,0,Reader_1_8.csv
98,0,0,0,Reader_1_9.csv
98,2,1,1,Reader_2_1.csv
98,1,0,1,Reader_2_10.csv
98,0,0,0,Reader_2_11.csv
98,0,0,0,Reader_2_12.csv
98,1,1,0,Reader_2_2.csv
98,1,1,0,Reader_2_3.csv
98,1,0,1,Reader_2_4.csv
98,0,0,0,Reader_2_5.csv
98,0,0,0,Reader_2_6.csv
98,1,1,0,Reader_2_7.csv
98,0,0,0,Reader_2_8.csv
98,1,1,0,Reader_2_9.csv
98,28,25,3,reader_3_1.csv
98,27,23,4,Reader_3_2.csv
98,4,4,0,Reader_3_3.csv
98,4,4,0,Reader_3_4.csv
98,27,22,5,Reader_3_5.csv
98,17,17,0,Reader_3_6.csv
98,2,2,0,Reader_3_7.csv
99,10,9,1,Reader_1_1.csv
99,0,0,0,Reader_1_10.csv
99,0,0,0,Reader_1_11.csv
99,0,0,0,Reader_1_12.csv
99,2,1,1,Reader_1_2.csv
99,1,1,0,Reader_1_3.csv
99,0,0,0,Reader_1_4.csv
99,1,0,1,Reader_1_5.csv
99,1,1,0,Reader_1_6.csv
99,0,0,0,Reader_1_7.csv
99,0,0,0,Reader_1_8.csv
99,0,0,0,Reader_1_9.csv
99,3,2,1,Reader_2_1.csv
99,1,0,1,Reader_2_10.csv
99,0,0,0,Reader_2_11.csv
99,0,0,0,Reader_2_12.csv
99,1,1,0,Reader_2_2.csv
99,1,1,0,Reader_2_3.csv
99,1,0,1,Reader_2_4.csv
99,0,0,0,Reader_2_5.csv
99,0,0,0,Reader_2_6.csv
99,1,1,0,Reader_2_7.csv
99,0,0,0,Reader_2_8.csv
99,1,1,0,Reader_2_9.csv
99,28,25,3,reader_3_1.csv
99,27,23,4,Reader_3_2.csv
99,6,6,0,Reader_3_3.csv
99,6,6,0,Reader_3_4.csv
99,28,25,3,Reader_3_5.csv
99,17,17,0,Reader_3_6.csv
99,0,0,0,Reader_3_7.csv
100,9,8,1,Reader_1_1.csv
100,0,0,0,Reader_1_10.csv
100,0,0,0,Reader_1_11.csv
100,0,0,0,Reader_1_12.csv
100,2,1,1,Reader_1_2.csv
100,1,1,0,Reader_1_3.csv
100,0,0,0,Reader_1_4.csv
100,0,0,0,Reader_1_5.csv
100,1,1,0,Reader_1_6.csv
100,0,0,0,Reader_1_7.csv
100,0,0,0,Reader_1_8.csv
100,0,0,0,Reader_1_9.csv
100,3,2,1,Reader_2_1.csv
100,1,0,1,Reader_2_10.csv
100,0,0,0,Reader_2_11.csv
100,0,0,0,Reader_2_12.csv
100,1,1,0,Reader_2_2.csv
100,1,1,0,Reader_2_3.csv
100,1,0,1,Reader_2_4.csv
100,0,0,0,Reader_2_5.csv
100,0,0,0,Reader_2_6.csv
100,1,1,0,Reader_2_7.csv
100,0,0,0,Reader_2_8.csv
100,1,1,0,Reader_2_9.csv
100,25,22,3,reader_3_1.csv
100,26,22,4,Reader_3_2.csv
100,7,7,0,Reader_3_3.csv
100,7,7,0,Reader_3_4.csv
100,28,25,3,Reader_3_5.csv
100,19,19,0,Reader_3_6.csv
100,0,0,0,Reader_3_7.csv
101,10,8,2,Reader_1_1.csv
101,0,0,0,Reader_1_10.csv
101,0,0,0,Reader_1_11.csv
101,0,0,0,Reader_1_12.csv
101,2,1,1,Reader_1_2.csv
101,1,1,0,Reader_1_3.csv
101,0,0,0,Reader_1_4.csv
101,0,0,0,Reader_1_5.csv
101,1,1,0,Reader_1_6.csv
101,0,0,0,Reader_1_7.csv
101,0,0,0,Reader_1_8.csv
101,1,1,0,Reader_1_9.csv
101,3,2,1,Reader_2_1.csv
101,1,0,1,Reader_2_10.csv
101,0,0,0,Reader_2_11.csv
101,0,0,0,Reader_2_12.csv
101,1,1,0,Reader_2_2.csv
101,1,1,0,Reader_2_3.csv
101,1,0,1,Reader_2_4.csv
101,0,0,0,Reader_2_5.csv
101,0,0,0,Reader_2_6.csv
101,1,1,0,Reader_2_7.csv
101,0,0,0,Reader_2_8.csv
101,1,1,0,Reader_2_9.csv
101,25,22,3,reader_3_1.csv
101,31,27,4,Reader_3_2.csv
101,9,8,1,Reader_3_3.csv
101,9,8,1,Reader_3_4.csv
101,28,24,4,Reader_3_5.csv
101,15,15,0,Reader_3_6.csv
101,0,0,0,Reader_3_7.csv
102,8,7,1,Reader_1_1.csv
102,0,0,0,Reader_1_10.csv
102,0,0,0,Reader_1_11.csv
102,0,0,0,Reader_1_12.csv
102,2,2,0,Reader_1_2.csv
102,1,1,0,Reader_1_3.csv
102,0,0,0,Reader_1_4.csv
102,0,0,0,Reader_1_5.csv
102,0,0,0,Reader_1_6.csv
102,0,0,0,Reader_1_7.csv
102,0,0,0,Reader_1_8.csv
102,1,1,0,Reader_1_9.csv
102,3,2,1,Reader_2_1.csv
102,1,0,1,Reader_2_10.csv
102,0,0,0,Reader_2_11.csv
102,0,0,0,Reader_2_12.csv
102,1,1,0,Reader_2_2.csv
102,1,1,0,Reader_2_3.csv
102,1,0,1,Reader_2_4.csv
102,0,0,0,Reader_2_5.csv
102,0,0,0,Reader_2_6.csv
102,1,1,0,Reader_2_7.csv
102,0,0,0,Reader_2_8.csv
102,1,1,0,Reader_2_9.csv
102,24,21,3,reader_3_1.csv
102,29,25,4,Reader_3_2.csv
102,12,11,1,Reader_3_3.csv
102,12,11,1,Reader_3_4.csv
102,27,23,4,Reader_3_5.csv
102,16,16,0,Reader_3_6.csv
102,0,0,0,Reader_3_7.csv
103,6,5,1,Reader_1_1.csv
103,0,0,0,Reader_1_10.csv
103,0,0,0,Reader_1_11.csv
103,0,0,0,Reader_1_12.csv
103,2,2,0,Reader_1_2.csv
103,0,0,0,Reader_1_3.csv
103,1,1,0,Reader_1_4.csv
103,0,0,0,Reader_1_5.csv
103,0,0,0,Reader_1_6.csv
103,0,0,0,Reader_1_7.csv
103,0,0,0,Reader_1_8.csv
103,1,1,0,Reader_1_9.csv
103,2,2,0,Reader_2_1.csv
103,1,0,1,Reader_2_10.csv
103,0,0,0,Reader_2_11.csv
103,0,0,0,Reader_2_12.csv
103,1,1,0,Reader_2_2.csv
103,0,0,0,Reader_2_3.csv
103,0,0,0,Reader_2_4.csv
103,0,0,0,Reader_2_5.csv
103,0,0,0,Reader_2_6.csv
103,1,1,0,Reader_2_7.csv
103,0,0,0,Reader_2_8.csv
103,0,0,0,Reader_2_9.csv
103,21,17,4,reader_3_1.csv
103,24,23,1,Reader_3_2.csv
103,11,10,1,Reader_3_3.csv
103,11,10,1,Reader_3_4.csv
103,27,22,5,Reader_3_5.csv
103,19,18,1,Reader_3_6.csv
103,1,1,0,Reader_3_7.csv
104,6,5,1,Reader_1_1.csv
104,0,0,0,Reader_1_10.csv
104,0,0,0,Reader_1_11.csv
104,0,0,0,Reader_1_12.csv
104,2,2,0,Reader_1_2.csv
104,0,0,0,Reader_1_3.csv
104,1,1,0,Reader_1_4.csv
104,0,0,0,Reader_1_5.csv
104,0,0,0,Reader_1_6.csv
104,0,0,0,Reader_1_7.csv
104,0,0,0,Reader_1_8.csv
104,1,1,0,Reader_1_9.csv
104,1,1,0,Reader_2_1.csv
104,0,0,0,Reader_2_10.csv
104,0,0,0,Reader_2_11.csv
104,0,0,0,Reader_2_12.csv
104,1,1,0,Reader_2_2.csv
104,1,0,1,Reader_2_3.csv
104,0,0,0,Reader_2_4.csv
104,0,0,0,Reader_2_5.csv
104,0,0,0,Reader_2_6.csv
104,2,2,0,Reader_2_7.csv
104,0,0,0,Reader_2_8.csv
104,0,0,0,Reader_2_9.csv
104,15,12,3,reader_3_1.csv
104,26,25,1,Reader_3_2.csv
104,13,12,1,Reader_3_3.csv
104,13,12,1,Reader_3_4.csv
104,28,22,6,Reader_3_5.csv
104,18,17,1,Reader_3_6.csv
104,1,1,0,Reader_3_7.csv
105,8,6,2,Reader_1_1.csv
105,0,0,0,Reader_1_10.csv
105,0,0,0,Reader_1_11.csv
105,0,0,0,Reader_1_12.csv
105,1,1,0,Reader_1_2.csv
105,0,0,0,Reader_1_3.csv
105,1,1,0,Reader_1_4.csv
105,0,0,0,Reader_1_5.csv
105,0,0,0,Reader_1_6.csv
105,0,0,0,Reader_1_7.csv
105,0,0,0,Reader_1_8.csv
105,1,1,0,Reader_1_9.csv
105,1,1,0,Reader_2_1.csv
105,0,0,0,Reader_2_10.csv
105,0,0,0,Reader_2_11.csv
105,0,0,0,Reader_2_12.csv
105,2,2,0,Reader_2_2.csv
105,1,0,1,Reader_2_3.csv
105,0,0,0,Reader_2_4.csv
105,0,0,0,Reader_2_5.csv
105,0,0,0,Reader_2_6.csv
105,2,2,0,Reader_2_7.csv
105,0,0,0,Reader_2_8.csv
105,0,0,0,Reader_2_9.csv
105,16,13,3,reader_3_1.csv
105,22,22,0,Reader_3_2.csv
105,15,14,1,Reader_3_3.csv
105,15,14,1,Reader_3_4.csv
105,31,26,5,Reader_3_5.csv
105,17,16,1,Reader_3_6.csv
105,1,1,0,Reader_3_7.csv
106,7,5,2,Reader_1_1.csv
106,0,0,0,Reader_1_10.csv
106,0,0,0,Reader_1_11.csv
106,0,0,0,Reader_1_12.csv
106,1,1,0,Reader_1_2.csv
106,0,0,0,Reader_1_3.csv
106,1,1,0,Reader_1_4.csv
106,0,0,0,Reader_1_5.csv
106,0,0,0,Reader_1_6.csv
106,0,0,0,Reader_1_7.csv
106,0,0,0,Reader_1_8.csv
106,1,1,0,Reader_1_9.csv
106,1,1,0,Reader_2_1.csv
106,0,0,0,Reader_2_10.csv
106,0,0,0,Reader_2_11.csv
106,0,0,0,Reader_2_12.csv
106,1,1,0,Reader_2_2.csv
106,1,0,1,Reader_2_3.csv
106,1,0,1,Reader_2_4.csv
106,0,0,0,Reader_2_5.csv
106,0,0,0,Reader_2_6.csv
106,1,1,0,Reader_2_7.csv
106,0,0,0,Reader_2_8.csv
106,0,0,0,Reader_2_9.csv
106,16,14,2,reader_3_1.csv
106,22,22,0,Reader_3_2.csv
106,19,17,2,Reader_3_3.csv
106,19,17,2,Reader_3_4.csv
106,29,23,6,Reader_3_5.csv
106,15,14,1,Reader_3_6.csv
106,1,1,0,Reader_3_7.csv
107,9,6,3,Reader_1_1.csv
107,0,0,0,Reader_1_10.csv
107,0,0,0,Reader_1_11.csv
107,0,0,0,Reader_1_12.csv
107,1,1,0,Reader_1_2.csv
107,0,0,0,Reader_1_3.csv
107,1,1,0,Reader_1_4.csv
107,0,0,0,Reader_1_5.csv
107,0,0,0,Reader_1_6.csv
107,0,0,0,Reader_1_7.csv
107,0,0,0,Reader_1_8.csv
107,1,1,0,Reader_1_9.csv
107,0,0,0,Reader_2_1.csv
107,0,0,0,Reader_2_10.csv
107,0,0,0,Reader_2_11.csv
107,0,0,0,Reader_2_12.csv
107,1,1,0,Reader_2_2.csv
107,1,0,1,Reader_2_3.csv
107,1,0,1,Reader_2_4.csv
107,0,0,0,Reader_2_5.csv
107,0,0,0,Reader_2_6.csv
107,1,1,0,Reader_2_7.csv
107,0,0,0,Reader_2_8.csv
107,0,0,0,Reader_2_9.csv
107,18,17,1,reader_3_1.csv
107,21,21,0,Reader_3_2.csv
107,20,18,2,Reader_3_3.csv
107,20,18,2,Reader_3_4.csv
107,27,21,6,Reader_3_5.csv
107,13,12,1,Reader_3_6.csv
107,1,1,0,Reader_3_7.csv
108,9,6,3,Reader_1_1.csv
108,0,0,0,Reader_1_10.csv
108,0,0,0,Reader_1_11.csv
108,0,0,0,Reader_1_12.csv
108,2,2,0,Reader_1_2.csv
108,0,0,0,Reader_1_3.csv
108,1,1,0,Reader_1_4.csv
108,0,0,0,Reader_1_5.csv
108,0,0,0,Reader_1_6.csv
108,0,0,0,Reader_1_7.csv
108,0,0,0,Reader_1_8.csv
108,1,1,0,Reader_1_9.csv
108,0,0,0,Reader_2_1.csv
108,0,0,0,Reader_2_10.csv
108,0,0,0,Reader_2_11.csv
108,0,0,0,Reader_2_12.csv
108,1,1,0,Reader_2_2.csv
108,1,0,1,Reader_2_3.csv
108,1,0,1,Reader_2_4.csv
108,0,0,0,Reader_2_5.csv
108,0,0,0,Reader_2_6.csv
108,1,1,0,Reader_2_7.csv
108,0,0,0,Reader_2_8.csv
108,0,0,0,Reader_2_9.csv
108,20,19,1,reader_3_1.csv
108,22,22,0,Reader_3_2.csv
108,23,21,2,Reader_3_3.csv
108,23,21,2,Reader_3_4.csv
108,27,21,6,Reader_3_5.csv
108,11,10,1,Reader_3_6.csv
108,1,1,0,Reader_3_7.csv
109,9,7,2,Reader_1_1.csv
109,0,0,0,Reader_1_10.csv
109,0,0,0,Reader_1_11.csv
109,0,0,0,Reader_1_12.csv
109,2,2,0,Reader_1_2.csv
109,0,0,0,Reader_1_3.csv
109,1,1,0,Reader_1_4.csv
109,0,0,0,Reader_1_5.csv
109,0,0,0,Reader_1_6.csv
109,0,0,0,Reader_1_7.csv
109,0,0,0,Reader_1_8.csv
109,0,0,0,Reader_1_9.csv
109,0,0,0,Reader_2_1.csv
109,0,0,0,Reader_2_10.csv
109,0,0,0,Reader_2_11.csv
109,0,0,0,Reader_2_12.csv
109,1,1,0,Reader_2_2.csv
109,1,0,1,Reader_2_3.csv
109,1,0,1,Reader_2_4.csv
109,0,0,0,Reader_2_5.csv
109,0,0,0,Reader_2_6.csv
109,1,1,0,Reader_2_7.csv
109,0,0,0,Reader_2_8.csv
109,0,0,0,Reader_2_9.csv
109,20,19,1,reader_3_1.csv
109,19,19,0,Reader_3_2.csv
109,23,22,1,Reader_3_3.csv
109,23,22,1,Reader_3_4.csv
109,25,21,4,Reader_3_5.csv
109,13,12,1,Reader_3_6.csv
109,2,2,0,Reader_3_7.csv
110,8,6,2,Reader_1_1.csv
110,0,0,0,Reader_1_10.csv
110,0,0,0,Reader_1_11.csv
110,0,0,0,Reader_1_12.csv
110,1,1,0,Reader_1_2.csv
110,0,0,0,Reader_1_3.csv
110,1,1,0,Reader_1_4.csv
110,0,0,0,Reader_1_5.csv
110,1,1,0,Reader_1_6.csv
110,0,0,0,Reader_1_7.csv
110,0,0,0,Reader_1_8.csv
110,0,0,0,Reader_1_9.csv
110,0,0,0,Reader_2_1.csv
110,0,0,0,Reader_2_10.csv
110,0,0,0,Reader_2_11.csv
110,0,0,0,Reader_2_12.csv
110,1,1,0,Reader_2_2.csv
110,2,1,1,Reader_2_3.csv
110,1,0,1,Reader_2_4.csv
110,0,0,0,Reader_2_5.csv
110,0,0,0,Reader_2_6.csv
110,1,1,0,Reader_2_7.csv
110,0,0,0,Reader_2_8.csv
110,0,0,0,Reader_2_9.csv
110,20,19,1,reader_3_1.csv
110,20,20,0,Reader_3_2.csv
110,22,21,1,Reader_3_3.csv
110,22,21,1,Reader_3_4.csv
110,25,20,5,Reader_3_5.csv
110,10,9,1,Reader_3_6.csv
110,2,2,0,Reader_3_7.csv
111,8,6,2,Reader_1_1.csv
111,0,0,0,Reader_1_10.csv
111,0,0,0,Reader_1_11.csv
111,0,0,0,Reader_1_12.csv
111,1,1,0,Reader_1_2.csv
111,0,0,0,Reader_1_3.csv
111,0,0,0,Reader_1_4.csv
111,0,0,0,Reader_1_5.csv
111,1,1,0,Reader_1_6.csv
111,0,0,0,Reader_1_7.csv
111,0,0,0,Reader_1_8.csv
111,0,0,0,Reader_1_9.csv
111,0,0,0,Reader_2_1.csv
111,0,0,0,Reader_2_10.csv
111,0,0,0,Reader_2_11.csv
111,0,0,0,Reader_2_12.csv
111,1,1,0,Reader_2_2.csv
111,3,2,1,Reader_2_3.csv
111,2,0,2,Reader_2_4.csv
111,0,0,0,Reader_2_5.csv
111,0,0,0,Reader_2_6.csv
111,1,1,0,Reader_2_7.csv
111,0,0,0,Reader_2_8.csv
111,0,0,0,Reader_2_9.csv
111,16,16,0,reader_3_1.csv
111,20,20,0,Reader_3_2.csv
111,22,21,1,Reader_3_3.csv
111,22,21,1,Reader_3_4.csv
111,25,20,5,Reader_3_5.csv
111,5,5,0,Reader_3_6.csv
111,1,1,0,Reader_3_7.csv
112,9,7,2,Reader_1_1.csv
112,0,0,0,Reader_1_10.csv
112,0,0,0,Reader_1_11.csv
112,1,0,1,Reader_1_12.csv
112,1,1,0,Reader_1_2.csv
112,0,0,0,Reader_1_3.csv
112,0,0,0,Reader_1_4.csv
112,0,0,0,Reader_1_5.csv
112,1,1,0,Reader_1_6.csv
112,0,0,0,Reader_1_7.csv
112,0,0,0,Reader_1_8.csv
112,0,0,0,Reader_1_9.csv
112,0,0,0,Reader_2_1.csv
112,0,0,0,Reader_2_10.csv
112,0,0,0,Reader_2_11.csv
112,0,0,0,Reader_2_12.csv
112,1,1,0,Reader_2_2.csv
112,3,3,0,Reader_2_3.csv
112,2,0,2,Reader_2_4.csv
112,0,0,0,Reader_2_5.csv
112,0,0,0,Reader_2_6.csv
112,0,0,0,Reader_2_7.csv
112,0,0,0,Reader_2_8.csv
112,0,0,0,Reader_2_9.csv
112,20,19,1,reader_3_1.csv
112,20,19,1,Reader_3_2.csv
112,24,22,2,Reader_3_3.csv
112,24,22,2,Reader_3_4.csv
112,24,19,5,Reader_3_5.csv
112,5,5,0,Reader_3_6.csv
112,2,1,1,Reader_3_7.csv
113,8,6,2,Reader_1_1.csv
113,0,0,0,Reader_1_10.csv
113,0,0,0,Reader_1_11.csv
113,1,0,1,Reader_1_12.csv
113,3,3,0,Reader_1_2.csv
113,0,0,0,Reader_1_3.csv
113,0,0,0,Reader_1_4.csv
113,0,0,0,Reader_1_5.csv
113,1,1,0,Reader_1_6.csv
113,0,0,0,Reader_1_7.csv
113,0,0,0,Reader_1_8.csv
113,0,0,0,Reader_1_9.csv
113,0,0,0,Reader_2_1.csv
113,0,0,0,Reader_2_10.csv
113,0,0,0,Reader_2_11.csv
113,0,0,0,Reader_2_12.csv
113,1,1,0,Reader_2_2.csv
113,3,3,0,Reader_2_3.csv
113,2,0,2,Reader_2_4.csv
113,0,0,0,Reader_2_5.csv
113,0,0,0,Reader_2_6.csv
113,0,0,0,Reader_2_7.csv
113,0,0,0,Reader_2_8.csv
113,0,0,0,Reader_2_9.csv
113,20,18,2,reader_3_1.csv
113,19,17,2,Reader_3_2.csv
113,29,26,3,Reader_3_3.csv
113,29,26,3,Reader_3_4.csv
113,18,12,6,Reader_3_5.csv
113,4,4,0,Reader_3_6.csv
113,2,1,1,Reader_3_7.csv
114,8,6,2,Reader_1_1.csv
114,0,0,0,Reader_1_10.csv
114,0,0,0,Reader_1_11.csv
114,1,0,1,Reader_1_12.csv
114,3,3,0,Reader_1_2.csv
114,0,0,0,Reader_1_3.csv
114,0,0,0,Reader_1_4.csv
114,0,0,0,Reader_1_5.csv
114,1,1,0,Reader_1_6.csv
114,0,0,0,Reader_1_7.csv
114,0,0,0,Reader_1_8.csv
114,0,0,0,Reader_1_9.csv
114,0,0,0,Reader_2_1.csv
114,0,0,0,Reader_2_10.csv
114,0,0,0,Reader_2_11.csv
114,0,0,0,Reader_2_12.csv
114,1,1,0,Reader_2_2.csv
114,3,3,0,Reader_2_3.csv
114,1,0,1,Reader_2_4.csv
114,0,0,0,Reader_2_5.csv
114,0,0,0,Reader_2_6.csv
114,0,0,0,Reader_2_7.csv
114,0,0,0,Reader_2_8.csv
114,0,0,0,Reader_2_9.csv
114,20,18,2,reader_3_1.csv
114,14,12,2,Reader_3_2.csv
114,27,25,2,Reader_3_3.csv
114,27,25,2,Reader_3_4.csv
114,15,10,5,Reader_3_5.csv
114,4,4,0,Reader_3_6.csv
114,3,2,1,Reader_3_7.csv
115,7,6,1,Reader_1_1.csv
115,0,0,0,Reader_1_10.csv
115,0,0,0,Reader_1_11.csv
115,1,0,1,Reader_1_12.csv
115,3,3,0,Reader_1_2.csv
115,0,0,0,Reader_1_3.csv
115,0,0,0,Reader_1_4.csv
115,0,0,0,Reader_1_5.csv
115,1,1,0,Reader_1_6.csv
115,0,0,0,Reader_1_7.csv
115,0,0,0,Reader_1_8.csv
115,0,0,0,Reader_1_9.csv
115,0,0,0,Reader_2_1.csv
115,0,0,0,Reader_2_10.csv
115,0,0,0,Reader_2_11.csv
115,0,0,0,Reader_2_12.csv
115,1,1,0,Reader_2_2.csv
115,4,3,1,Reader_2_3.csv
115,1,0,1,Reader_2_4.csv
115,0,0,0,Reader_2_5.csv
115,0,0,0,Reader_2_6.csv
115,0,0,0,Reader_2_7.csv
115,0,0,0,Reader_2_8.csv
115,0,0,0,Reader_2_9.csv
115,19,15,4,reader_3_1.csv
115,13,11,2,Reader_3_2.csv
115,27,25,2,Reader_3_3.csv
115,27,25,2,Reader_3_4.csv
115,15,10,5,Reader_3_5.csv
115,4,4,0,Reader_3_6.csv
115,3,2,1,Reader_3_7.csv
116,8,6,2,Reader_1_1.csv
116,0,0,0,Reader_1_10.csv
116,0,0,0,Reader_1_11.csv
116,1,0,1,Reader_1_12.csv
116,2,2,0,Reader_1_2.csv
116,0,0,0,Reader_1_3.csv
116,0,0,0,Reader_1_4.csv
116,0,0,0,Reader_1_5.csv
116,1,1,0,Reader_1_6.csv
116,0,0,0,Reader_1_7.csv
116,0,0,0,Reader_1_8.csv
116,0,0,0,Reader_1_9.csv
116,0,0,0,Reader_2_1.csv
116,0,0,0,Reader_2_10.csv
116,0,0,0,Reader_2_11.csv
116,1,1,0,Reader_2_12.csv
116,1,1,0,Reader_2_2.csv
116,4,3,1,Reader_2_3.csv
116,1,0,1,Reader_2_4.csv
116,0,0,0,Reader_2_5.csv
116,0,0,0,Reader_2_6.csv
116,0,0,0,Reader_2_7.csv
116,0,0,0,Reader_2_8.csv
116,0,0,0,Reader_2_9.csv
116,18,14,4,reader_3_1.csv
116,14,12,2,Reader_3_2.csv
116,24,22,2,Reader_3_3.csv
116,24,22,2,Reader_3_4.csv
116,16,10,6,Reader_3_5.csv
116,4,4,0,Reader_3_6.csv
116,4,3,1,Reader_3_7.csv
117,8,6,2,Reader_1_1.csv
117,0,0,0,Reader_1_10.csv
117,0,0,0,Reader_1_11.csv
117,2,0,2,Reader_1_12.csv
117,3,2,1,Reader_1_2.csv
117,0,0,0,Reader_1_3.csv
117,0,0,0,Reader_1_4.csv
117,0,0,0,Reader_1_5.csv
117,1,1,0,Reader_1_6.csv
117,0,0,0,Reader_1_7.csv
117,0,0,0,Reader_1_8.csv
117,0,0,0,Reader_1_9.csv
117,1,1,0,Reader_2_1.csv
117,0,0,0,Reader_2_10.csv
117,0,0,0,Reader_2_11.csv
117,1,1,0,Reader_2_12.csv
117,1,1,0,Reader_2_2.csv
117,4,3,1,Reader_2_3.csv
117,1,0,1,Reader_2_4.csv
117,0,0,0,Reader_2_5.csv
117,0,0,0,Reader_2_6.csv
117,0,0,0,Reader_2_7.csv
117,0,0,0,Reader_2_8.csv
117,0,0,0,Reader_2_9.csv
117,19,14,5,reader_3_1.csv
117,12,10,2,Reader_3_2.csv
117,25,23,2,Reader_3_3.csv
117,25,23,2,Reader_3_4.csv
117,14,8,6,Reader_3_5.csv
117,2,2,0,Reader_3_6.csv
117,3,2,1,Reader_3_7.csv
118,8,6,2,Reader_1_1.csv
118,0,0,0,Reader_1_10.csv
118,0,0,0,Reader_1_11.csv
118,2,0,2,Reader_1_12.csv
118,4,2,2,Reader_1_2.csv
118,0,0,0,Reader_1_3.csv
118,0,0,0,Reader_1_4.csv
118,0,0,0,Reader_1_5.csv
118,1,0,1,Reader_1_6.csv
118,0,0,0,Reader_1_7.csv
118,0,0,0,Reader_1_8.csv
118,0,0,0,Reader_1_9.csv
118,1,1,0,Reader_2_1.csv
118,0,0,0,Reader_2_10.csv
118,0,0,0,Reader_2_11.csv
118,1,1,0,Reader_2_12.csv
118,1,1,0,Reader_2_2.csv
118,4,2,2,Reader_2_3.csv
118,1,0,1,Reader_2_4.csv
118,0,0,0,Reader_2_5.csv
118,0,0,0,Reader_2_6.csv
118,0,0,0,Reader_2_7.csv
118,0,0,0,Reader_2_8.csv
118,0,0,0,Reader_2_9.csv
118,19,14,5,reader_3_1.csv
118,11,9,2,Reader_3_2.csv
118,25,23,2,Reader_3_3.csv
118,25,23,2,Reader_3_4.csv
118,15,9,6,Reader_3_5.csv
118,3,3,0,Reader_3_6.csv
118,3,2,1,Reader_3_7.csv
119,7,5,2,Reader_1_1.csv
119,0,0,0,Reader_1_10.csv
119,1,1,0,Reader_1_11.csv
119,2,1,1,Reader_1_12.csv
119,4,2,2,Reader_1_2.csv
119,0,0,0,Reader_1_3.csv
119,1,1,0,Reader_1_4.csv
119,0,0,0,Reader_1_5.csv
119,1,0,1,Reader_1_6.csv
119,0,0,0,Reader_1_7.csv
119,0,0,0,Reader_1_8.csv
119,0,0,0,Reader_1_9.csv
119,1,1,0,Reader_2_1.csv
119,0,0,0,Reader_2_10.csv
119,0,0,0,Reader_2_11.csv
119,1,1,0,Reader_2_12.csv
119,1,1,0,Reader_2_2.csv
119,4,2,2,Reader_2_3.csv
119,0,0,0,Reader_2_4.csv
119,0,0,0,Reader_2_5.csv
119,0,0,0,Reader_2_6.csv
119,0,0,0,Reader_2_7.csv
119,0,0,0,Reader_2_8.csv
119,0,0,0,Reader_2_9.csv
119,19,14,5,reader_3_1.csv
119,12,10,2,Reader_3_2.csv
119,28,26,2,Reader_3_3.csv
119,28,26,2,Reader_3_4.csv
119,11,7,4,Reader_3_5.csv
119,3,3,0,Reader_3_6.csv
119,3,2,1,Reader_3_7.csv
120,7,4,3,Reader_1_1.csv
120,0,0,0,Reader_1_10.csv
120,1,1,0,Reader_1_11.csv
120,3,2,1,Reader_1_12.csv
120,4,2,2,Reader_1_2.csv
120,0,0,0,Reader_1_3.csv
120,1,1,0,Reader_1_4.csv
120,0,0,0,Reader_1_5.csv
120,1,0,1,Reader_1_6.csv
120,0,0,0,Reader_1_7.csv
120,0,0,0,Reader_1_8.csv
120,0,0,0,Reader_1_9.csv
120,1,1,0,Reader_2_1.csv
120,0,0,0,Reader_2_10.csv
120,0,0,0,Reader_2_11.csv
120,1,1,0,Reader_2_12.csv
120,1,1,0,Reader_2_2.csv
120,3,1,2,Reader_2_3.csv
120,0,0,0,Reader_2_4.csv
120,0,0,0,Reader_2_5.csv
120,0,0,0,Reader_2_6.csv
120,0,0,0,Reader_2_7.csv
120,0,0,0,Reader_2_8.csv
120,0,0,0,Reader_2_9.csv
120,20,14,6,reader_3_1.csv
120,10,9,1,Reader_3_2.csv
120,26,25,1,Reader_3_3.csv
120,26,25,1,Reader_3_4.csv
120,11,7,4,Reader_3_5.csv
120,1,1,0,Reader_3_6.csv
120,2,2,0,Reader_3_7.csv
121,7,5,2,Reader_1_1.csv
121,0,0,0,Reader_1_10.csv
121,1,1,0,Reader_1_11.csv
121,3,2,1,Reader_1_12.csv
121,3,1,2,Reader_1_2.csv
121,0,0,0,Reader_1_3.csv
121,1,1,0,Reader_1_4.csv
121,0,0,0,Reader_1_5.csv
121,1,0,1,Reader_1_6.csv
121,0,0,0,Reader_1_7.csv
121,0,0,0,Reader_1_8.csv
121,0,0,0,Reader_1_9.csv
121,1,1,0,Reader_2_1.csv
121,0,0,0,Reader_2_10.csv
121,0,0,0,Reader_2_11.csv
121,1,1,0,Reader_2_12.csv
121,1,0,1,Reader_2_2.csv
121,3,1,2,Reader_2_3.csv
121,0,0,0,Reader_2_4.csv
121,0,0,0,Reader_2_5.csv
121,0,0,0,Reader_2_6.csv
121,0,0,0,Reader_2_7.csv
121,0,0,0,Reader_2_8.csv
121,0,0,0,Reader_2_9.csv
121,19,14,5,reader_3_1.csv
121,10,10,0,Reader_3_2.csv
121,20,19,1,Reader_3_3.csv
121,20,19,1,Reader_3_4.csv
121,11,8,3,Reader_3_5.csv
121,4,3,1,Reader_3_6.csv
121,2,2,0,Reader_3_7.csv
122,6,4,2,Reader_1_1.csv
122,0,0,0,Reader_1_10.csv
122,1,1,0,Reader_1_11.csv
122,3,2,1,Reader_1_12.csv
122,3,1,2,Reader_1_2.csv
122,2,1,1,Reader_1_3.csv
122,1,1,0,Reader_1_4.csv
122,0,0,0,Reader_1_5.csv
122,2,1,1,Reader_1_6.csv
122,0,0,0,Reader_1_7.csv
122,0,0,0,Reader_1_8.csv
122,0,0,0,Reader_1_9.csv
122,1,1,0,Reader_2_1.csv
122,0,0,0,Reader_2_10.csv
122,0,0,0,Reader_2_11.csv
122,1,1,0,Reader_2_12.csv
122,1,0,1,Reader_2_2.csv
122,3,1,2,Reader_2_3.csv
122,0,0,0,Reader_2_4.csv
122,0,0,0,Reader_2_5.csv
122,0,0,0,Reader_2_6.csv
122,0,0,0,Reader_2_7.csv
122,0,0,0,Reader_2_8.csv
122,0,0,0,Reader_2_9.csv
122,18,12,6,reader_3_1.csv
122,11,11,0,Reader_3_2.csv
122,19,18,1,Reader_3_3.csv
122,19,18,1,Reader_3_4.csv
122,11,8,3,Reader_3_5.csv
122,4,3,1,Reader_3_6.csv
122,1,1,0,Reader_3_7.csv
123,6,4,2,Reader_1_1.csv
123,1,0,1,Reader_1_10.csv
123,1,1,0,Reader_1_11.csv
123,4,3,1,Reader_1_12.csv
123,3,1,2,Reader_1_2.csv
123,2,1,1,Reader_1_3.csv
123,1,1,0,Reader_1_4.csv
123,0,0,0,Reader_1_5.csv
123,2,1,1,Reader_1_6.csv
123,1,1,0,Reader_1_7.csv
123,0,0,0,Reader_1_8.csv
123,0,0,0,Reader_1_9.csv
123,1,1,0,Reader_2_1.csv
123,0,0,0,Reader_2_10.csv
123,0,0,0,Reader_2_11.csv
123,1,1,0,Reader_2_12.csv
123,1,0,1,Reader_2_2.csv
123,2,1,1,Reader_2_3.csv
123,0,0,0,Reader_2_4.csv
123,0,0,0,Reader_2_5.csv
123,0,0,0,Reader_2_6.csv
123,0,0,0,Reader_2_7.csv
123,0,0,0,Reader_2_8.csv
123,0,0,0,Reader_2_9.csv
123,20,15,5,reader_3_1.csv
123,12,11,1,Reader_3_2.csv
123,16,15,1,Reader_3_3.csv
123,16,15,1,Reader_3_4.csv
123,12,9,3,Reader_3_5.csv
123,6,5,1,Reader_3_6.csv
123,1,1,0,Reader_3_7.csv
124,5,4,1,Reader_1_1.csv
124,1,0,1,Reader_1_10.csv
124,1,1,0,Reader_1_11.csv
124,4,3,1,Reader_1_12.csv
124,3,1,2,Reader_1_2.csv
124,2,1,1,Reader_1_3.csv
124,1,1,0,Reader_1_4.csv
124,0,0,0,Reader_1_5.csv
124,2,1,1,Reader_1_6.csv
124,1,1,0,Reader_1_7.csv
124,0,0,0,Reader_1_8.csv
124,0,0,0,Reader_1_9.csv
124,1,1,0,Reader_2_1.csv
124,0,0,0,Reader_2_10.csv
124,0,0,0,Reader_2_11.csv
124,0,0,0,Reader_2_12.csv
124,1,0,1,Reader_2_2.csv
124,2,1,1,Reader_2_3.csv
124,0,0,0,Reader_2_4.csv
124,0,0,0,Reader_2_5.csv
124,0,0,0,Reader_2_6.csv
124,0,0,0,Reader_2_7.csv
124,0,0,0,Reader_2_8.csv
124,0,0,0,Reader_2_9.csv
124,20,15,5,reader_3_1.csv
124,10,9,1,Reader_3_2.csv
124,16,14,2,Reader_3_3.csv
124,16,14,2,Reader_3_4.csv
124,10,8,2,Reader_3_5.csv
124,6,5,1,Reader_3_6.csv
124,1,1,0,Reader_3_7.csv
125,5,4,1,Reader_1_1.csv
125,1,0,1,Reader_1_10.csv
125,2,2,0,Reader_1_11.csv
125,4,4,0,Reader_1_12.csv
125,3,1,2,Reader_1_2.csv
125,2,1,1,Reader_1_3.csv
125,1,1,0,Reader_1_4.csv
125,0,0,0,Reader_1_5.csv
125,2,1,1,Reader_1_6.csv
125,1,1,0,Reader_1_7.csv
125,0,0,0,Reader_1_8.csv
125,0,0,0,Reader_1_9.csv
125,0,0,0,Reader_2_1.csv
125,1,1,0,Reader_2_10.csv
125,0,0,0,Reader_2_11.csv
125,0,0,0,Reader_2_12.csv
125,1,0,1,Reader_2_2.csv
125,2,1,1,Reader_2_3.csv
125,0,0,0,Reader_2_4.csv
125,0,0,0,Reader_2_5.csv
125,0,0,0,Reader_2_6.csv
125,0,0,0,Reader_2_7.csv
125,0,0,0,Reader_2_8.csv
125,0,0,0,Reader_2_9.csv
125,19,14,5,reader_3_1.csv
125,13,12,1,Reader_3_2.csv
125,13,10,3,Reader_3_3.csv
125,13,10,3,Reader_3_4.csv
125,12,9,3,Reader_3_5.csv
125,6,5,1,Reader_3_6.csv
125,1,1,0,Reader_3_7.csv
126,7,6,1,Reader_1_1.csv
126,1,0,1,Reader_1_10.csv
126,2,2,0,Reader_1_11.csv
126,4,4,0,Reader_1_12.csv
126,2,1,1,Reader_1_2.csv
126,2,1,1,Reader_1_3.csv
126,1,1,0,Reader_1_4.csv
126,1,1,0,Reader_1_5.csv
126,1,1,0,Reader_1_6.csv
126,1,1,0,Reader_1_7.csv
126,0,0,0,Reader_1_8.csv
126,0,0,0,Reader_1_9.csv
126,1,1,0,Reader_2_1.csv
126,1,1,0,Reader_2_10.csv
126,0,0,0,Reader_2_11.csv
126,0,0,0,Reader_2_12.csv
126,2,1,1,Reader_2_2.csv
126,1,1,0,Reader_2_3.csv
126,0,0,0,Reader_2_4.csv
126,0,0,0,Reader_2_5.csv
126,0,0,0,Reader_2_6.csv
126,0,0,0,Reader_2_7.csv
126,0,0,0,Reader_2_8.csv
126,0,0,0,Reader_2_9.csv
126,21,14,7,reader_3_1.csv
126,12,11,1,Reader_3_2.csv
126,11,8,3,Reader_3_3.csv
126,11,8,3,Reader_3_4.csv
126,11,9,2,Reader_3_5.csv
126,6,5,1,Reader_3_6.csv
126,1,1,0,Reader_3_7.csv
127,8,7,1,Reader_1_1.csv
127,1,0,1,Reader_1_10.csv
127,1,1,0,Reader_1_11.csv
127,4,3,1,Reader_1_12.csv
127,3,1,2,Reader_1_2.csv
127,2,1,1,Reader_1_3.csv
127,0,0,0,Reader_1_4.csv
127,1,1,0,Reader_1_5.csv
127,1,1,0,Reader_1_6.csv
127,1,1,0,Reader_1_7.csv
127,0,0,0,Reader_1_8.csv
127,0,0,0,Reader_1_9.csv
127,1,1,0,Reader_2_1.csv
127,1,1,0,Reader_2_10.csv
127,0,0,0,Reader_2_11.csv
127,0,0,0,Reader_2_12.csv
127,2,1,1,Reader_2_2.csv
127,0,0,0,Reader_2_3.csv
127,0,0,0,Reader_2_4.csv
127,0,0,0,Reader_2_5.csv
127,0,0,0,Reader_2_6.csv
127,0,0,0,Reader_2_7.csv
127,0,0,0,Reader_2_8.csv
127,0,0,0,Reader_2_9.csv
127,25,17,8,reader_3_1.csv
127,12,11,1,Reader_3_2.csv
127,9,5,4,Reader_3_3.csv
127,9,5,4,Reader_3_4.csv
127,11,9,2,Reader_3_5.csv
127,7,6,1,Reader_3_6.csv
127,1,1,0,Reader_3_7.csv
128,7,7,0,Reader_1_1.csv
128,1,0,1,Reader_1_10.csv
128,1,1,0,Reader_1_11.csv
128,3,2,1,Reader_1_12.csv
128,3,1,2,Reader_1_2.csv
128,2,1,1,Reader_1_3.csv
128,0,0,0,Reader_1_4.csv
128,1,1,0,Reader_1_5.csv
128,1,1,0,Reader_1_6.csv
128,1,1,0,Reader_1_7.csv
128,1,0,1,Reader_1_8.csv
128,0,0,0,Reader_1_9.csv
128,2,2,0,Reader_2_1.csv
128,1,1,0,Reader_2_10.csv
128,0,0,0,Reader_2_11.csv
128,0,0,0,Reader_2_12.csv
128,2,1,1,Reader_2_2.csv
128,0,0,0,Reader_2_3.csv
128,0,0,0,Reader_2_4.csv
128,0,0,0,Reader_2_5.csv
128,0,0,0,Reader_2_6.csv
128,0,0,0,Reader_2_7.csv
128,0,0,0,Reader_2_8.csv
128,0,0,0,Reader_2_9.csv
128,21,15,6,reader_3_1.csv
128,12,11,1,Reader_3_2.csv
128,8,4,4,Reader_3_3.csv
128,8,4,4,Reader_3_4.csv
128,8,7,1,Reader_3_5.csv
128,7,6,1,Reader_3_6.csv
128,2,1,1,Reader_3_7.csv
129,8,8,0,Reader_1_1.csv
129,1,0,1,Reader_1_10.csv
129,1,1,0,Reader_1_11.csv
129,3,2,1,Reader_1_12.csv
129,2,0,2,Reader_1_2.csv
129,3,2,1,Reader_1_3.csv
129,0,0,0,Reader_1_4.csv
129,1,1,0,Reader_1_5.csv
129,1,1,0,Reader_1_6.csv
129,1,1,0,Reader_1_7.csv
129,1,0,1,Reader_1_8.csv
129,0,0,0,Reader_1_9.csv
129,2,2,0,Reader_2_1.csv
129,1,1,0,Reader_2_10.csv
129,0,0,0,Reader_2_11.csv
129,1,0,1,Reader_2_12.csv
129,1,1,0,Reader_2_2.csv
129,0,0,0,Reader_2_3.csv
129,0,0,0,Reader_2_4.csv
129,0,0,0,Reader_2_5.csv
129,0,0,0,Reader_2_6.csv
129,0,0,0,Reader_2_7.csv
129,0,0,0,Reader_2_8.csv
129,0,0,0,Reader_2_9.csv
129,20,13,7,reader_3_1.csv
129,12,11,1,Reader_3_2.csv
129,8,4,4,Reader_3_3.csv
129,8,4,4,Reader_3_4.csv
129,7,6,1,Reader_3_5.csv
129,4,4,0,Reader_3_6.csv
129,2,1,1,Reader_3_7.csv
130,8,8,0,Reader_1_1.csv
130,1,0,1,Reader_1_10.csv
130,1,1,0,Reader_1_11.csv
130,3,2,1,Reader_1_12.csv
130,3,1,2,Reader_1_2.csv
130,1,1,0,Reader_1_3.csv
130,1,1,0,Reader_1_4.csv
130,1,1,0,Reader_1_5.csv
130,0,0,0,Reader_1_6.csv
130,1,1,0,Reader_1_7.csv
130,1,0,1,Reader_1_8.csv
130,0,0,0,Reader_1_9.csv
130,2,2,0,Reader_2_1.csv
130,1,1,0,Reader_2_10.csv
130,0,0,0,Reader_2_11.csv
130,1,0,1,Reader_2_12.csv
130,1,1,0,Reader_2_2.csv
130,0,0,0,Reader_2_3.csv
130,0,0,0,Reader_2_4.csv
130,0,0,0,Reader_2_5.csv
130,1,0,1,Reader_2_6.csv
130,0,0,0,Reader_2_7.csv
130,0,0,0,Reader_2_8.csv
130,1,1,0,Reader_2_9.csv
130,23,17,6,reader_3_1.csv
130,11,10,1,Reader_3_2.csv
130,7,3,4,Reader_3_3.csv
130,7,3,4,Reader_3_4.csv
130,6,5,1,Reader_3_5.csv
130,4,4,0,Reader_3_6.csv
130,2,1,1,Reader_3_7.csv
131,7,7,0,Reader_1_1.csv
131,0,0,0,Reader_1_10.csv
131,1,1,0,Reader_1_11.csv
131,2,1,1,Reader_1_12.csv
131,4,1,3,Reader_1_2.csv
131,1,1,0,Reader_1_3.csv
131,1,1,0,Reader_1_4.csv
131,1,1,0,Reader_1_5.csv
131,0,0,0,Reader_1_6.csv
131,0,0,0,Reader_1_7.csv
131,1,0,1,Reader_1_8.csv
131,0,0,0,Reader_1_9.csv
131,2,2,0,Reader_2_1.csv
131,1,1,0,Reader_2_10.csv
131,0,0,0,Reader_2_11.csv
131,1,0,1,Reader_2_12.csv
131,3,3,0,Reader_2_2.csv
131,0,0,0,Reader_2_3.csv
131,0,0,0,Reader_2_4.csv
131,0,0,0,Reader_2_5.csv
131,1,0,1,Reader_2_6.csv
131,0,0,0,Reader_2_7.csv
131,0,0,0,Reader_2_8.csv
131,1,1,0,Reader_2_9.csv
131,21,15,6,reader_3_1.csv
131,11,10,1,Reader_3_2.csv
131,9,5,4,Reader_3_3.csv
131,9,5,4,Reader_3_4.csv
131,6,4,2,Reader_3_5.csv
131,3,3,0,Reader_3_6.csv
131,2,1,1,Reader_3_7.csv
132,8,8,0,Reader_1_1.csv
132,0,0,0,Reader_1_10.csv
132,1,1,0,Reader_1_11.csv
132,2,1,1,Reader_1_12.csv
132,4,1,3,Reader_1_2.csv
132,1,1,0,Reader_1_3.csv
132,1,1,0,Reader_1_4.csv
132,2,2,0,Reader_1_5.csv
132,0,0,0,Reader_1_6.csv
132,0,0,0,Reader_1_7.csv
132,1,0,1,Reader_1_8.csv
132,0,0,0,Reader_1_9.csv
132,2,2,0,Reader_2_1.csv
132,1,1,0,Reader_2_10.csv
132,0,0,0,Reader_2_11.csv
132,1,0,1,Reader_2_12.csv
132,3,3,0,Reader_2_2.csv
132,0,0,0,Reader_2_3.csv
132,0,0,0,Reader_2_4.csv
132,0,0,0,Reader_2_5.csv
132,1,0,1,Reader_2_6.csv
132,0,0,0,Reader_2_7.csv
132,0,0,0,Reader_2_8.csv
132,1,1,0,Reader_2_9.csv
132,24,18,6,reader_3_1.csv
132,11,10,1,Reader_3_2.csv
132,8,5,3,Reader_3_3.csv
132,8,5,3,Reader_3_4.csv
132,7,5,2,Reader_3_5.csv
132,3,3,0,Reader_3_6.csv
132,1,0,1,Reader_3_7.csv
133,7,7,0,Reader_1_1.csv
133,0,0,0,Reader_1_10.csv
133,0,0,0,Reader_1_11.csv
133,1,0,1,Reader_1_12.csv
133,3,1,2,Reader_1_2.csv
133,1,1,0,Reader_1_3.csv
133,1,1,0,Reader_1_4.csv
133,2,2,0,Reader_1_5.csv
133,0,0,0,Reader_1_6.csv
133,0,0,0,Reader_1_7.csv
133,1,0,1,Reader_1_8.csv
133,0,0,0,Reader_1_9.csv
133,2,2,0,Reader_2_1.csv
133,0,0,0,Reader_2_10.csv
133,0,0,0,Reader_2_11.csv
133,1,0,1,Reader_2_12.csv
133,4,3,1,Reader_2_2.csv
133,0,0,0,Reader_2_3.csv
133,0,0,0,Reader_2_4.csv
133,0,0,0,Reader_2_5.csv
133,1,0,1,Reader_2_6.csv
133,0,0,0,Reader_2_7.csv
133,0,0,0,Reader_2_8.csv
133,1,1,0,Reader_2_9.csv
133,25,19,6,reader_3_1.csv
133,7,6,1,Reader_3_2.csv
133,8,6,2,Reader_3_3.csv
133,8,6,2,Reader_3_4.csv
133,5,4,1,Reader_3_5.csv
133,4,4,0,Reader_3_6.csv
133,1,0,1,Reader_3_7.csv
134,6,6,0,Reader_1_1.csv
134,0,0,0,Reader_1_10.csv
134,0,0,0,Reader_1_11.csv
134,1,0,1,Reader_1_12.csv
134,3,1,2,Reader_1_2.csv
134,1,1,0,Reader_1_3.csv
134,1,1,0,Reader_1_4.csv
134,1,1,0,Reader_1_5.csv
134,0,0,0,Reader_1_6.csv
134,0,0,0,Reader_1_7.csv
134,1,0,1,Reader_1_8.csv
134,0,0,0,Reader_1_9.csv
134,1,1,0,Reader_2_1.csv
134,0,0,0,Reader_2_10.csv
134,0,0,0,Reader_2_11.csv
134,1,0,1,Reader_2_12.csv
134,3,2,1,Reader_2_2.csv
134,1,1,0,Reader_2_3.csv
134,0,0,0,Reader_2_4.csv
134,0,0,0,Reader_2_5.csv
134,1,0,1,Reader_2_6.csv
134,0,0,0,Reader_2_7.csv
134,0,0,0,Reader_2_8.csv
134,1,1,0,Reader_2_9.csv
134,27,23,4,reader_3_1.csv
134,9,8,1,Reader_3_2.csv
134,8,6,2,Reader_3_3.csv
134,8,6,2,Reader_3_4.csv
134,4,3,1,Reader_3_5.csv
134,4,4,0,Reader_3_6.csv
134,1,0,1,Reader_3_7.csv
135,7,7,0,Reader_1_1.csv
135,0,0,0,Reader_1_10.csv
135,0,0,0,Reader_1_11.csv
135,0,0,0,Reader_1_12.csv
135,2,1,1,Reader_1_2.csv
135,1,1,0,Reader_1_3.csv
135,1,1,0,Reader_1_4.csv
135,1,1,0,Reader_1_5.csv
135,0,0,0,Reader_1_6.csv
135,0,0,0,Reader_1_7.csv
135,1,0,1,Reader_1_8.csv
135,0,0,0,Reader_1_9.csv
135,1,1,0,Reader_2_1.csv
135,0,0,0,Reader_2_10.csv
135,0,0,0,Reader_2_11.csv
135,1,0,1,Reader_2_12.csv
135,3,2,1,Reader_2_2.csv
135,1,1,0,Reader_2_3.csv
135,0,0,0,Reader_2_4.csv
135,0,0,0,Reader_2_5.csv
135,1,0,1,Reader_2_6.csv
135,0,0,0,Reader_2_7.csv
135,0,0,0,Reader_2_8.csv
135,1,1,0,Reader_2_9.csv
135,28,25,3,reader_3_1.csv
135,9,8,1,Reader_3_2.csv
135,6,5,1,Reader_3_3.csv
135,6,5,1,Reader_3_4.csv
135,6,4,2,Reader_3_5.csv
135,3,3,0,Reader_3_6.csv
135,2,0,2,Reader_3_7.csv
136,8,8,0,Reader_1_1.csv
136,0,0,0,Reader_1_10.csv
136,0,0,0,Reader_1_11.csv
136,0,0,0,Reader_1_12.csv
136,3,2,1,Reader_1_2.csv
136,1,1,0,Reader_1_3.csv
136,1,1,0,Reader_1_4.csv
136,1,1,0,Reader_1_5.csv
136,0,0,0,Reader_1_6.csv
136,0,0,0,Reader_1_7.csv
136,0,0,0,Reader_1_8.csv
136,0,0,0,Reader_1_9.csv
136,0,0,0,Reader_2_1.csv
136,0,0,0,Reader_2_10.csv
136,0,0,0,Reader_2_11.csv
136,1,0,1,Reader_2_12.csv
136,3,2,1,Reader_2_2.csv
136,1,1,0,Reader_2_3.csv
136,0,0,0,Reader_2_4.csv
136,0,0,0,Reader_2_5.csv
136,1,0,1,Reader_2_6.csv
136,0,0,0,Reader_2_7.csv
136,0,0,0,Reader_2_8.csv
136,1,1,0,Reader_2_9.csv
136,31,28,3,reader_3_1.csv
136,9,8,1,Reader_3_2.csv
136,5,4,1,Reader_3_3.csv
136,5,4,1,Reader_3_4.csv
136,10,6,4,Reader_3_5.csv
136,7,7,0,Reader_3_6.csv
136,1,0,1,Reader_3_7.csv
137,6,6,0,Reader_1_1.csv
137,0,0,0,Reader_1_10.csv
137,1,1,0,Reader_1_11.csv
137,0,0,0,Reader_1_12.csv
137,3,2,1,Reader_1_2.csv
137,0,0,0,Reader_1_3.csv
137,1,1,0,Reader_1_4.csv
137,1,1,0,Reader_1_5.csv
137,1,0,1,Reader_1_6.csv
137,0,0,0,Reader_1_7.csv
137,0,0,0,Reader_1_8.csv
137,0,0,0,Reader_1_9.csv
137,0,0,0,Reader_2_1.csv
137,0,0,0,Reader_2_10.csv
137,0,0,0,Reader_2_11.csv
137,2,2,0,Reader_2_12.csv
137,3,2,1,Reader_2_2.csv
137,1,1,0,Reader_2_3.csv
137,0,0,0,Reader_2_4.csv
137,0,0,0,Reader_2_5.csv
137,1,0,1,Reader_2_6.csv
137,0,0,0,Reader_2_7.csv
137,0,0,0,Reader_2_8.csv
137,1,1,0,Reader_2_9.csv
137,32,30,2,reader_3_1.csv
137,10,9,1,Reader_3_2.csv
137,4,4,0,Reader_3_3.csv
137,4,4,0,Reader_3_4.csv
137,11,7,4,Reader_3_5.csv
137,8,8,0,Reader_3_6.csv
137,3,0,3,Reader_3_7.csv
138,8,8,0,Reader_1_1.csv
138,0,0,0,Reader_1_10.csv
138,2,2,0,Reader_1_11.csv
138,0,0,0,Reader_1_12.csv
138,2,1,1,Reader_1_2.csv
138,0,0,0,Reader_1_3.csv
138,0,0,0,Reader_1_4.csv
138,1,1,0,Reader_1_5.csv
138,1,0,1,Reader_1_6.csv
138,0,0,0,Reader_1_7.csv
138,0,0,0,Reader_1_8.csv
138,0,0,0,Reader_1_9.csv
138,0,0,0,Reader_2_1.csv
138,0,0,0,Reader_2_10.csv
138,0,0,0,Reader_2_11.csv
138,2,2,0,Reader_2_12.csv
138,3,2,1,Reader_2_2.csv
138,1,1,0,Reader_2_3.csv
138,0,0,0,Reader_2_4.csv
138,0,0,0,Reader_2_5.csv
138,0,0,0,Reader_2_6.csv
138,0,0,0,Reader_2_7.csv
138,0,0,0,Reader_2_8.csv
138,0,0,0,Reader_2_9.csv
138,30,28,2,reader_3_1.csv
138,12,11,1,Reader_3_2.csv
138,5,5,0,Reader_3_3.csv
138,5,5,0,Reader_3_4.csv
138,12,8,4,Reader_3_5.csv
138,9,9,0,Reader_3_6.csv
138,4,0,4,Reader_3_7.csv
139,10,10,0,Reader_1_1.csv
139,0,0,0,Reader_1_10.csv
139,2,2,0,Reader_1_11.csv
139,0,0,0,Reader_1_12.csv
139,1,1,0,Reader_1_2.csv
139,1,1,0,Reader_1_3.csv
139,0,0,0,Reader_1_4.csv
139,1,1,0,Reader_1_5.csv
139,1,0,1,Reader_1_6.csv
139,0,0,0,Reader_1_7.csv
139,0,0,0,Reader_1_8.csv
139,0,0,0,Reader_1_9.csv
139,0,0,0,Reader_2_1.csv
139,0,0,0,Reader_2_10.csv
139,0,0,0,Reader_2_11.csv
139,2,2,0,Reader_2_12.csv
139,1,0,1,Reader_2_2.csv
139,1,1,0,Reader_2_3.csv
139,0,0,0,Reader_2_4.csv
139,0,0,0,Reader_2_5.csv
139,0,0,0,Reader_2_6.csv
139,0,0,0,Reader_2_7.csv
139,0,0,0,Reader_2_8.csv
139,0,0,0,Reader_2_9.csv
139,30,28,2,reader_3_1.csv
139,15,15,0,Reader_3_2.csv
139,6,6,0,Reader_3_3.csv
139,6,6,0,Reader_3_4.csv
139,12,9,3,Reader_3_5.csv
139,8,8,0,Reader_3_6.csv
139,4,0,4,Reader_3_7.csv
140,9,9,0,Reader_1_1.csv
140,0,0,0,Reader_1_10.csv
140,2,2,0,Reader_1_11.csv
140,0,0,0,Reader_1_12.csv
140,2,2,0,Reader_1_2.csv
140,1,1,0,Reader_1_3.csv
140,0,0,0,Reader_1_4.csv
140,0,0,0,Reader_1_5.csv
140,1,0,1,Reader_1_6.csv
140,0,0,0,Reader_1_7.csv
140,0,0,0,Reader_1_8.csv
140,0,0,0,Reader_1_9.csv
140,0,0,0,Reader_2_1.csv
140,0,0,0,Reader_2_10.csv
140,0,0,0,Reader_2_11.csv
140,2,2,0,Reader_2_12.csv
140,1,0,1,Reader_2_2.csv
140,1,1,0,Reader_2_3.csv
140,0,0,0,Reader_2_4.csv
140,0,0,0,Reader_2_5.csv
140,0,0,0,Reader_2_6.csv
140,0,0,0,Reader_2_7.csv
140,0,0,0,Reader_2_8.csv
140,0,0,0,Reader_2_9.csv
140,30,26,4,reader_3_1.csv
140,14,14,0,Reader_3_2.csv
140,7,6,1,Reader_3_3.csv
140,7,6,1,Reader_3_4.csv
140,14,8,6,Reader_3_5.csv
140,8,8,0,Reader_3_6.csv
140,4,0,4,Reader_3_7.csv
141,9,9,0,Reader_1_1.csv
141,0,0,0,Reader_1_10.csv
141,2,2,0,Reader_1_11.csv
141,0,0,0,Reader_1_12.csv
141,2,2,0,Reader_1_2.csv
141,1,1,0,Reader_1_3.csv
141,0,0,0,Reader_1_4.csv
141,0,0,0,Reader_1_5.csv
141,1,0,1,Reader_1_6.csv
141,0,0,0,Reader_1_7.csv
141,0,0,0,Reader_1_8.csv
141,0,0,0,Reader_1_9.csv
141,0,0,0,Reader_2_1.csv
141,0,0,0,Reader_2_10.csv
141,0,0,0,Reader_2_11.csv
141,3,3,0,Reader_2_12.csv
141,0,0,0,Reader_2_2.csv
141,2,1,1,Reader_2_3.csv
141,0,0,0,Reader_2_4.csv
141,0,0,0,Reader_2_5.csv
141,0,0,0,Reader_2_6.csv
141,0,0,0,Reader_2_7.csv
141,0,0,0,Reader_2_8.csv
141,0,0,0,Reader_2_9.csv
141,26,23,3,reader_3_1.csv
141,16,16,0,Reader_3_2.csv
141,7,6,1,Reader_3_3.csv
141,7,6,1,Reader_3_4.csv
141,16,9,7,Reader_3_5.csv
141,8,8,0,Reader_3_6.csv
141,4,0,4,Reader_3_7.csv
142,9,9,0,Reader_1_1.csv
142,0,0,0,Reader_1_10.csv
142,2,2,0,Reader_1_11.csv
142,0,0,0,Reader_1_12.csv
142,2,2,0,Reader_1_2.csv
142,1,1,0,Reader_1_3.csv
142,0,0,0,Reader_1_4.csv
142,0,0,0,Reader_1_5.csv
142,1,0,1,Reader_1_6.csv
142,0,0,0,Reader_1_7.csv
142,0,0,0,Reader_1_8.csv
142,0,0,0,Reader_1_9.csv
142,0,0,0,Reader_2_1.csv
142,0,0,0,Reader_2_10.csv
142,0,0,0,Reader_2_11.csv
142,3,3,0,Reader_2_12.csv
142,0,0,0,Reader_2_2.csv
142,1,0,1,Reader_2_3.csv
142,0,0,0,Reader_2_4.csv
142,0,0,0,Reader_2_5.csv
142,0,0,0,Reader_2_6.csv
142,0,0,0,Reader_2_7.csv
142,0,0,0,Reader_2_8.csv
142,0,0,0,Reader_2_9.csv
142,22,19,3,reader_3_1.csv
142,15,15,0,Reader_3_2.csv
142,10,8,2,Reader_3_3.csv
142,10,8,2,Reader_3_4.csv
142,15,8,7,Reader_3_5.csv
142,7,7,0,Reader_3_6.csv
142,4,0,4,Reader_3_7.csv
143,8,8,0,Reader_1_1.csv
143,0,0,0,Reader_1_10.csv
143,2,2,0,Reader_1_11.csv
143,1,1,0,Reader_1_12.csv
143,2,2,0,Reader_1_2.csv
143,2,2,0,Reader_1_3.csv
143,0,0,0,Reader_1_4.csv
143,0,0,0,Reader_1_5.csv
143,1,0,1,Reader_1_6.csv
143,0,0,0,Reader_1_7.csv
143,0,0,0,Reader_1_8.csv
143,0,0,0,Reader_1_9.csv
143,0,0,0,Reader_2_1.csv
143,0,0,0,Reader_2_10.csv
143,0,0,0,Reader_2_11.csv
143,3,3,0,Reader_2_12.csv
143,0,0,0,Reader_2_2.csv
143,1,0,1,Reader_2_3.csv
143,0,0,0,Reader_2_4.csv
143,0,0,0,Reader_2_5.csv
143,0,0,0,Reader_2_6.csv
143,0,0,0,Reader_2_7.csv
143,0,0,0,Reader_2_8.csv
143,0,0,0,Reader_2_9.csv
143,20,17,3,reader_3_1.csv
143,19,18,1,Reader_3_2.csv
143,13,11,2,Reader_3_3.csv
143,13,11,2,Reader_3_4.csv
143,15,8,7,Reader_3_5.csv
143,9,9,0,Reader_3_6.csv
143,3,0,3,Reader_3_7.csv
144,7,7,0,Reader_1_1.csv
144,0,0,0,Reader_1_10.csv
144,3,3,0,Reader_1_11.csv
144,1,1,0,Reader_1_12.csv
144,1,1,0,Reader_1_2.csv
144,2,2,0,Reader_1_3.csv
144,0,0,0,Reader_1_4.csv
144,0,0,0,Reader_1_5.csv
144,1,0,1,Reader_1_6.csv
144,0,0,0,Reader_1_7.csv
144,0,0,0,Reader_1_8.csv
144,0,0,0,Reader_1_9.csv
144,0,0,0,Reader_2_1.csv
144,0,0,0,Reader_2_10.csv
144,0,0,0,Reader_2_11.csv
144,3,3,0,Reader_2_12.csv
144,0,0,0,Reader_2_2.csv
144,1,0,1,Reader_2_3.csv
144,0,0,0,Reader_2_4.csv
144,0,0,0,Reader_2_5.csv
144,0,0,0,Reader_2_6.csv
144,0,0,0,Reader_2_7.csv
144,0,0,0,Reader_2_8.csv
144,0,0,0,Reader_2_9.csv
144,18,15,3,reader_3_1.csv
144,19,18,1,Reader_3_2.csv
144,14,12,2,Reader_3_3.csv
144,14,12,2,Reader_3_4.csv
144,11,6,5,Reader_3_5.csv
144,6,6,0,Reader_3_6.csv
144,3,0,3,Reader_3_7.csv
145,7,7,0,Reader_1_1.csv
145,0,0,0,Reader_1_10.csv
145,2,2,0,Reader_1_11.csv
145,1,1,0,Reader_1_12.csv
145,1,1,0,Reader_1_2.csv
145,2,2,0,Reader_1_3.csv
145,0,0,0,Reader_1_4.csv
145,0,0,0,Reader_1_5.csv
145,0,0,0,Reader_1_6.csv
145,0,0,0,Reader_1_7.csv
145,0,0,0,Reader_1_8.csv
145,0,0,0,Reader_1_9.csv
145,0,0,0,Reader_2_1.csv
145,0,0,0,Reader_2_10.csv
145,0,0,0,Reader_2_11.csv
145,1,1,0,Reader_2_12.csv
145,0,0,0,Reader_2_2.csv
145,1,0,1,Reader_2_3.csv
145,0,0,0,Reader_2_4.csv
145,0,0,0,Reader_2_5.csv
145,0,0,0,Reader_2_6.csv
145,0,0,0,Reader_2_7.csv
145,0,0,0,Reader_2_8.csv
145,0,0,0,Reader_2_9.csv
145,18,15,3,reader_3_1.csv
145,22,21,1,Reader_3_2.csv
145,16,13,3,Reader_3_3.csv
145,16,13,3,Reader_3_4.csv
145,12,6,6,Reader_3_5.csv
145,6,6,0,Reader_3_6.csv
145,1,0,1,Reader_3_7.csv
146,5,5,0,Reader_1_1.csv
146,0,0,0,Reader_1_10.csv
146,1,1,0,Reader_1_11.csv
146,1,1,0,Reader_1_12.csv
146,2,2,0,Reader_1_2.csv
146,2,2,0,Reader_1_3.csv
146,0,0,0,Reader_1_4.csv
146,0,0,0,Reader_1_5.csv
146,0,0,0,Reader_1_6.csv
146,0,0,0,Reader_1_7.csv
146,0,0,0,Reader_1_8.csv
146,0,0,0,Reader_1_9.csv
146,0,0,0,Reader_2_1.csv
146,0,0,0,Reader_2_10.csv
146,0,0,0,Reader_2_11.csv
146,2,2,0,Reader_2_12.csv
146,0,0,0,Reader_2_2.csv
146,2,0,2,Reader_2_3.csv
146,0,0,0,Reader_2_4.csv
146,0,0,0,Reader_2_5.csv
146,0,0,0,Reader_2_6.csv
146,0,0,0,Reader_2_7.csv
146,0,0,0,Reader_2_8.csv
146,0,0,0,Reader_2_9.csv
146,17,14,3,reader_3_1.csv
146,22,21,1,Reader_3_2.csv
146,16,12,4,Reader_3_3.csv
146,16,12,4,Reader_3_4.csv
146,11,5,6,Reader_3_5.csv
146,8,7,1,Reader_3_6.csv
146,0,0,0,Reader_3_7.csv
147,3,3,0,Reader_1_1.csv
147,0,0,0,Reader_1_10.csv
147,1,1,0,Reader_1_11.csv
147,1,1,0,Reader_1_12.csv
147,3,3,0,Reader_1_2.csv
147,2,2,0,Reader_1_3.csv
147,0,0,0,Reader_1_4.csv
147,0,0,0,Reader_1_5.csv
147,0,0,0,Reader_1_6.csv
147,0,0,0,Reader_1_7.csv
147,0,0,0,Reader_1_8.csv
147,0,0,0,Reader_1_9.csv
147,0,0,0,Reader_2_1.csv
147,1,1,0,Reader_2_10.csv
147,0,0,0,Reader_2_11.csv
147,2,2,0,Reader_2_12.csv
147,0,0,0,Reader_2_2.csv
147,2,0,2,Reader_2_3.csv
147,0,0,0,Reader_2_4.csv
147,0,0,0,Reader_2_5.csv
147,0,0,0,Reader_2_6.csv
147,0,0,0,Reader_2_7.csv
147,0,0,0,Reader_2_8.csv
147,0,0,0,Reader_2_9.csv
147,18,16,2,reader_3_1.csv
147,18,17,1,Reader_3_2.csv
147,14,10,4,Reader_3_3.csv
147,14,10,4,Reader_3_4.csv
147,10,4,6,Reader_3_5.csv
147,8,7,1,Reader_3_6.csv
147,0,0,0,Reader_3_7.csv
148,4,3,1,Reader_1_1.csv
148,0,0,0,Reader_1_10.csv
148,2,1,1,Reader_1_11.csv
148,1,1,0,Reader_1_12.csv
148,2,2,0,Reader_1_2.csv
148,2,2,0,Reader_1_3.csv
148,0,0,0,Reader_1_4.csv
148,0,0,0,Reader_1_5.csv
148,0,0,0,Reader_1_6.csv
148,0,0,0,Reader_1_7.csv
148,0,0,0,Reader_1_8.csv
148,0,0,0,Reader_1_9.csv
148,0,0,0,Reader_2_1.csv
148,1,1,0,Reader_2_10.csv
148,0,0,0,Reader_2_11.csv
148,2,2,0,Reader_2_12.csv
148,0,0,0,Reader_2_2.csv
148,2,0,2,Reader_2_3.csv
148,0,0,0,Reader_2_4.csv
148,0,0,0,Reader_2_5.csv
148,0,0,0,Reader_2_6.csv
148,0,0,0,Reader_2_7.csv
148,0,0,0,Reader_2_8.csv
148,0,0,0,Reader_2_9.csv
148,15,15,0,reader_3_1.csv
148,20,19,1,Reader_3_2.csv
148,15,12,3,Reader_3_3.csv
148,15,12,3,Reader_3_4.csv
148,9,5,4,Reader_3_5.csv
148,9,8,1,Reader_3_6.csv
148,0,0,0,Reader_3_7.csv
149,5,4,1,Reader_1_1.csv
149,0,0,0,Reader_1_10.csv
149,2,1,1,Reader_1_11.csv
149,1,1,0,Reader_1_12.csv
149,2,2,0,Reader_1_2.csv
149,2,2,0,Reader_1_3.csv
149,0,0,0,Reader_1_4.csv
149,0,0,0,Reader_1_5.csv
149,0,0,0,Reader_1_6.csv
149,0,0,0,Reader_1_7.csv
149,0,0,0,Reader_1_8.csv
149,0,0,0,Reader_1_9.csv
149,0,0,0,Reader_2_1.csv
149,1,1,0,Reader_2_10.csv
149,0,0,0,Reader_2_11.csv
149,1,1,0,Reader_2_12.csv
149,0,0,0,Reader_2_2.csv
149,1,0,1,Reader_2_3.csv
149,0,0,0,Reader_2_4.csv
149,0,0,0,Reader_2_5.csv
149,0,0,0,Reader_2_6.csv
149,0,0,0,Reader_2_7.csv
149,0,0,0,Reader_2_8.csv
149,0,0,0,Reader_2_9.csv
149,18,18,0,reader_3_1.csv
149,18,17,1,Reader_3_2.csv
149,17,14,3,Reader_3_3.csv
149,17,14,3,Reader_3_4.csv
149,8,4,4,Reader_3_5.csv
149,9,8,1,Reader_3_6.csv
149,0,0,0,Reader_3_7.csv
150,6,5,1,Reader_1_1.csv
150,0,0,0,Reader_1_10.csv
150,2,1,1,Reader_1_11.csv
150,1,1,0,Reader_1_12.csv
150,2,2,0,Reader_1_2.csv
150,2,2,0,Reader_1_3.csv
150,0,0,0,Reader_1_4.csv
150,0,0,0,Reader_1_5.csv
150,0,0,0,Reader_1_6.csv
150,0,0,0,Reader_1_7.csv
150,0,0,0,Reader_1_8.csv
150,0,0,0,Reader_1_9.csv
150,0,0,0,Reader_2_1.csv
150,1,1,0,Reader_2_10.csv
150,0,0,0,Reader_2_11.csv
150,2,2,0,Reader_2_12.csv
150,0,0,0,Reader_2_2.csv
150,1,0,1,Reader_2_3.csv
150,0,0,0,Reader_2_4.csv
150,0,0,0,Reader_2_5.csv
150,0,0,0,Reader_2_6.csv
150,0,0,0,Reader_2_7.csv
150,0,0,0,Reader_2_8.csv
150,1,0,1,Reader_2_9.csv
150,23,22,1,reader_3_1.csv
150,18,17,1,Reader_3_2.csv
150,15,12,3,Reader_3_3.csv
150,15,12,3,Reader_3_4.csv
150,9,4,5,Reader_3_5.csv
150,9,8,1,Reader_3_6.csv
150,0,0,0,Reader_3_7.csv
151,5,4,1,Reader_1_1.csv
151,0,0,0,Reader_1_10.csv
151,2,1,1,Reader_1_11.csv
151,1,1,0,Reader_1_12.csv
151,3,3,0,Reader_1_2.csv
151,1,1,0,Reader_1_3.csv
151,0,0,0,Reader_1_4.csv
151,1,1,0,Reader_1_5.csv
151,0,0,0,Reader_1_6.csv
151,0,0,0,Reader_1_7.csv
151,0,0,0,Reader_1_8.csv
151,0,0,0,Reader_1_9.csv
151,0,0,0,Reader_2_1.csv
151,1,1,0,Reader_2_10.csv
151,0,0,0,Reader_2_11.csv
151,3,3,0,Reader_2_12.csv
151,0,0,0,Reader_2_2.csv
151,1,0,1,Reader_2_3.csv
151,0,0,0,Reader_2_4.csv
151,0,0,0,Reader_2_5.csv
151,0,0,0,Reader_2_6.csv
151,0,0,0,Reader_2_7.csv
151,0,0,0,Reader_2_8.csv
151,1,0,1,Reader_2_9.csv
151,23,21,2,reader_3_1.csv
151,16,16,0,Reader_3_2.csv
151,13,10,3,Reader_3_3.csv
151,13,10,3,Reader_3_4.csv
151,8,4,4,Reader_3_5.csv
151,8,7,1,Reader_3_6.csv
151,0,0,0,Reader_3_7.csv
152,6,5,1,Reader_1_1.csv
152,0,0,0,Reader_1_10.csv
152,3,0,3,Reader_1_11.csv
152,1,1,0,Reader_1_12.csv
152,4,4,0,Reader_1_2.csv
152,1,1,0,Reader_1_3.csv
152,0,0,0,Reader_1_4.csv
152,1,1,0,Reader_1_5.csv
152,0,0,0,Reader_1_6.csv
152,0,0,0,Reader_1_7.csv
152,0,0,0,Reader_1_8.csv
152,0,0,0,Reader_1_9.csv
152,0,0,0,Reader_2_1.csv
152,1,1,0,Reader_2_10.csv
152,0,0,0,Reader_2_11.csv
152,4,4,0,Reader_2_12.csv
152,1,0,1,Reader_2_2.csv
152,1,0,1,Reader_2_3.csv
152,0,0,0,Reader_2_4.csv
152,0,0,0,Reader_2_5.csv
152,0,0,0,Reader_2_6.csv
152,0,0,0,Reader_2_7.csv
152,0,0,0,Reader_2_8.csv
152,1,0,1,Reader_2_9.csv
152,24,22,2,reader_3_1.csv
152,15,15,0,Reader_3_2.csv
152,13,9,4,Reader_3_3.csv
152,13,9,4,Reader_3_4.csv
152,9,5,4,Reader_3_5.csv
152,8,7,1,Reader_3_6.csv
152,1,1,0,Reader_3_7.csv
153,6,5,1,Reader_1_1.csv
153,0,0,0,Reader_1_10.csv
153,3,0,3,Reader_1_11.csv
153,2,2,0,Reader_1_12.csv
153,5,5,0,Reader_1_2.csv
153,1,1,0,Reader_1_3.csv
153,0,0,0,Reader_1_4.csv
153,1,1,0,Reader_1_5.csv
153,0,0,0,Reader_1_6.csv
153,0,0,0,Reader_1_7.csv
153,0,0,0,Reader_1_8.csv
153,0,0,0,Reader_1_9.csv
153,0,0,0,Reader_2_1.csv
153,2,2,0,Reader_2_10.csv
153,0,0,0,Reader_2_11.csv
153,4,4,0,Reader_2_12.csv
153,1,0,1,Reader_2_2.csv
153,1,0,1,Reader_2_3.csv
153,0,0,0,Reader_2_4.csv
153,0,0,0,Reader_2_5.csv
153,0,0,0,Reader_2_6.csv
153,0,0,0,Reader_2_7.csv
153,0,0,0,Reader_2_8.csv
153,1,0,1,Reader_2_9.csv
153,26,24,2,reader_3_1.csv
153,14,13,1,Reader_3_2.csv
153,11,8,3,Reader_3_3.csv
153,11,8,3,Reader_3_4.csv
153,9,5,4,Reader_3_5.csv
153,8,7,1,Reader_3_6.csv
153,1,1,0,Reader_3_7.csv
154,8,6,2,Reader_1_1.csv
154,0,0,0,Reader_1_10.csv
154,4,1,3,Reader_1_11.csv
154,2,2,0,Reader_1_12.csv
154,5,5,0,Reader_1_2.csv
154,2,1,1,Reader_1_3.csv
154,0,0,0,Reader_1_4.csv
154,1,1,0,Reader_1_5.csv
154,0,0,0,Reader_1_6.csv
154,0,0,0,Reader_1_7.csv
154,0,0,0,Reader_1_8.csv
154,0,0,0,Reader_1_9.csv
154,0,0,0,Reader_2_1.csv
154,2,2,0,Reader_2_10.csv
154,0,0,0,Reader_2_11.csv
154,4,3,1,Reader_2_12.csv
154,1,0,1,Reader_2_2.csv
154,0,0,0,Reader_2_3.csv
154,0,0,0,Reader_2_4.csv
154,1,1,0,Reader_2_5.csv
154,0,0,0,Reader_2_6.csv
154,0,0,0,Reader_2_7.csv
154,0,0,0,Reader_2_8.csv
154,1,0,1,Reader_2_9.csv
154,29,27,2,reader_3_1.csv
154,16,15,1,Reader_3_2.csv
154,10,8,2,Reader_3_3.csv
154,10,8,2,Reader_3_4.csv
154,10,6,4,Reader_3_5.csv
154,5,5,0,Reader_3_6.csv
154,1,1,0,Reader_3_7.csv
155,10,7,3,Reader_1_1.csv
155,0,0,0,Reader_1_10.csv
155,4,1,3,Reader_1_11.csv
155,2,2,0,Reader_1_12.csv
155,4,4,0,Reader_1_2.csv
155,2,0,2,Reader_1_3.csv
155,0,0,0,Reader_1_4.csv
155,2,2,0,Reader_1_5.csv
155,0,0,0,Reader_1_6.csv
155,0,0,0,Reader_1_7.csv
155,1,0,1,Reader_1_8.csv
155,0,0,0,Reader_1_9.csv
155,1,1,0,Reader_2_1.csv
155,1,1,0,Reader_2_10.csv
155,0,0,0,Reader_2_11.csv
155,5,4,1,Reader_2_12.csv
155,1,0,1,Reader_2_2.csv
155,0,0,0,Reader_2_3.csv
155,0,0,0,Reader_2_4.csv
155,1,1,0,Reader_2_5.csv
155,0,0,0,Reader_2_6.csv
155,0,0,0,Reader_2_7.csv
155,0,0,0,Reader_2_8.csv
155,1,0,1,Reader_2_9.csv
155,30,27,3,reader_3_1.csv
155,17,16,1,Reader_3_2.csv
155,10,8,2,Reader_3_3.csv
155,10,8,2,Reader_3_4.csv
155,9,5,4,Reader_3_5.csv
155,8,7,1,Reader_3_6.csv
155,1,1,0,Reader_3_7.csv
156,8,6,2,Reader_1_1.csv
156,0,0,0,Reader_1_10.csv
156,3,1,2,Reader_1_11.csv
156,2,2,0,Reader_1_12.csv
156,4,4,0,Reader_1_2.csv
156,2,0,2,Reader_1_3.csv
156,0,0,0,Reader_1_4.csv
156,2,2,0,Reader_1_5.csv
156,0,0,0,Reader_1_6.csv
156,0,0,0,Reader_1_7.csv
156,1,0,1,Reader_1_8.csv
156,0,0,0,Reader_1_9.csv
156,1,1,0,Reader_2_1.csv
156,1,1,0,Reader_2_10.csv
156,0,0,0,Reader_2_11.csv
156,5,4,1,Reader_2_12.csv
156,1,0,1,Reader_2_2.csv
156,0,0,0,Reader_2_3.csv
156,1,0,1,Reader_2_4.csv
156,1,1,0,Reader_2_5.csv
156,0,0,0,Reader_2_6.csv
156,0,0,0,Reader_2_7.csv
156,0,0,0,Reader_2_8.csv
156,1,0,1,Reader_2_9.csv
156,33,30,3,reader_3_1.csv
156,16,14,2,Reader_3_2.csv
156,9,7,2,Reader_3_3.csv
156,9,7,2,Reader_3_4.csv
156,7,4,3,Reader_3_5.csv
156,8,7,1,Reader_3_6.csv
156,1,1,0,Reader_3_7.csv
157,9,7,2,Reader_1_1.csv
157,0,0,0,Reader_1_10.csv
157,3,1,2,Reader_1_11.csv
157,2,2,0,Reader_1_12.csv
157,6,6,0,Reader_1_2.csv
157,2,0,2,Reader_1_3.csv
157,0,0,0,Reader_1_4.csv
157,2,2,0,Reader_1_5.csv
157,0,0,0,Reader_1_6.csv
157,0,0,0,Reader_1_7.csv
157,1,0,1,Reader_1_8.csv
157,0,0,0,Reader_1_9.csv
157,1,1,0,Reader_2_1.csv
157,1,1,0,Reader_2_10.csv
157,0,0,0,Reader_2_11.csv
157,5,4,1,Reader_2_12.csv
157,1,0,1,Reader_2_2.csv
157,0,0,0,Reader_2_3.csv
157,2,1,1,Reader_2_4.csv
157,1,1,0,Reader_2_5.csv
157,0,0,0,Reader_2_6.csv
157,0,0,0,Reader_2_7.csv
157,0,0,0,Reader_2_8.csv
157,1,0,1,Reader_2_9.csv
157,32,29,3,reader_3_1.csv
157,18,16,2,Reader_3_2.csv
157,9,6,3,Reader_3_3.csv
157,9,6,3,Reader_3_4.csv
157,10,6,4,Reader_3_5.csv
157,7,6,1,Reader_3_6.csv
157,2,2,0,Reader_3_7.csv
158,7,5,2,Reader_1_1.csv
158,0,0,0,Reader_1_10.csv
158,6,3,3,Reader_1_11.csv
158,2,2,0,Reader_1_12.csv
158,6,6,0,Reader_1_2.csv
158,3,0,3,Reader_1_3.csv
158,0,0,0,Reader_1_4.csv
158,2,2,0,Reader_1_5.csv
158,0,0,0,Reader_1_6.csv
158,0,0,0,Reader_1_7.csv
158,1,0,1,Reader_1_8.csv
158,0,0,0,Reader_1_9.csv
158,1,1,0,Reader_2_1.csv
158,1,1,0,Reader_2_10.csv
158,0,0,0,Reader_2_11.csv
158,5,4,1,Reader_2_12.csv
158,1,0,1,Reader_2_2.csv
158,0,0,0,Reader_2_3.csv
158,3,2,1,Reader_2_4.csv
158,1,1,0,Reader_2_5.csv
158,0,0,0,Reader_2_6.csv
158,0,0,0,Reader_2_7.csv
158,0,0,0,Reader_2_8.csv
158,0,0,0,Reader_2_9.csv
158,28,26,2,reader_3_1.csv
158,16,14,2,Reader_3_2.csv
158,10,8,2,Reader_3_3.csv
158,10,8,2,Reader_3_4.csv
158,11,8,3,Reader_3_5.csv
158,7,6,1,Reader_3_6.csv
158,2,2,0,Reader_3_7.csv
159,7,5,2,Reader_1_1.csv
159,0,0,0,Reader_1_10.csv
159,8,4,4,Reader_1_11.csv
159,1,1,0,Reader_1_12.csv
159,6,6,0,Reader_1_2.csv
159,3,0,3,Reader_1_3.csv
159,0,0,0,Reader_1_4.csv
159,1,1,0,Reader_1_5.csv
159,0,0,0,Reader_1_6.csv
159,0,0,0,Reader_1_7.csv
159,1,0,1,Reader_1_8.csv
159,0,0,0,Reader_1_9.csv
159,1,1,0,Reader_2_1.csv
159,1,1,0,Reader_2_10.csv
159,0,0,0,Reader_2_11.csv
159,5,4,1,Reader_2_12.csv
159,1,0,1,Reader_2_2.csv
159,0,0,0,Reader_2_3.csv
159,5,4,1,Reader_2_4.csv
159,1,1,0,Reader_2_5.csv
159,0,0,0,Reader_2_6.csv
159,0,0,0,Reader_2_7.csv
159,0,0,0,Reader_2_8.csv
159,0,0,0,Reader_2_9.csv
159,28,25,3,reader_3_1.csv
159,17,14,3,Reader_3_2.csv
159,10,8,2,Reader_3_3.csv
159,10,8,2,Reader_3_4.csv
159,10,7,3,Reader_3_5.csv
159,8,7,1,Reader_3_6.csv
159,4,4,0,Reader_3_7.csv
160,6,4,2,Reader_1_1.csv
160,0,0,0,Reader_1_10.csv
160,6,4,2,Reader_1_11.csv
160,1,1,0,Reader_1_12.csv
160,5,5,0,Reader_1_2.csv
160,3,0,3,Reader_1_3.csv
160,0,0,0,Reader_1_4.csv
160,1,1,0,Reader_1_5.csv
160,0,0,0,Reader_1_6.csv
160,0,0,0,Reader_1_7.csv
160,1,0,1,Reader_1_8.csv
160,0,0,0,Reader_1_9.csv
160,2,2,0,Reader_2_1.csv
160,1,1,0,Reader_2_10.csv
160,0,0,0,Reader_2_11.csv
160,4,3,1,Reader_2_12.csv
160,0,0,0,Reader_2_2.csv
160,0,0,0,Reader_2_3.csv
160,5,4,1,Reader_2_4.csv
160,2,2,0,Reader_2_5.csv
160,0,0,0,Reader_2_6.csv
160,0,0,0,Reader_2_7.csv
160,0,0,0,Reader_2_8.csv
160,0,0,0,Reader_2_9.csv
160,26,23,3,reader_3_1.csv
160,19,16,3,Reader_3_2.csv
160,10,9,1,Reader_3_3.csv
160,10,9,1,Reader_3_4.csv
160,12,8,4,Reader_3_5.csv
160,8,7,1,Reader_3_6.csv
160,6,6,0,Reader_3_7.csv
161,7,4,3,Reader_1_1.csv
161,0,0,0,Reader_1_10.csv
161,6,4,2,Reader_1_11.csv
161,0,0,0,Reader_1_12.csv
161,7,6,1,Reader_1_2.csv
161,3,0,3,Reader_1_3.csv
161,0,0,0,Reader_1_4.csv
161,1,1,0,Reader_1_5.csv
161,0,0,0,Reader_1_6.csv
161,0,0,0,Reader_1_7.csv
161,1,0,1,Reader_1_8.csv
161,0,0,0,Reader_1_9.csv
161,2,2,0,Reader_2_1.csv
161,0,0,0,Reader_2_10.csv
161,0,0,0,Reader_2_11.csv
161,4,3,1,Reader_2_12.csv
161,0,0,0,Reader_2_2.csv
161,0,0,0,Reader_2_3.csv
161,5,4,1,Reader_2_4.csv
161,2,2,0,Reader_2_5.csv
161,1,0,1,Reader_2_6.csv
161,0,0,0,Reader_2_7.csv
161,0,0,0,Reader_2_8.csv
161,0,0,0,Reader_2_9.csv
161,24,21,3,reader_3_1.csv
161,17,15,2,Reader_3_2.csv
161,10,8,2,Reader_3_3.csv
161,10,8,2,Reader_3_4.csv
161,13,10,3,Reader_3_5.csv
161,7,6,1,Reader_3_6.csv
161,8,8,0,Reader_3_7.csv
162,7,3,4,Reader_1_1.csv
162,0,0,0,Reader_1_10.csv
162,5,3,2,Reader_1_11.csv
162,0,0,0,Reader_1_12.csv
162,8,7,1,Reader_1_2.csv
162,2,0,2,Reader_1_3.csv
162,0,0,0,Reader_1_4.csv
162,1,1,0,Reader_1_5.csv
162,0,0,0,Reader_1_6.csv
162,0,0,0,Reader_1_7.csv
162,1,0,1,Reader_1_8.csv
162,0,0,0,Reader_1_9.csv
162,2,2,0,Reader_2_1.csv
162,0,0,0,Reader_2_10.csv
162,0,0,0,Reader_2_11.csv
162,3,3,0,Reader_2_12.csv
162,0,0,0,Reader_2_2.csv
162,0,0,0,Reader_2_3.csv
162,5,4,1,Reader_2_4.csv
162,1,1,0,Reader_2_5.csv
162,1,0,1,Reader_2_6.csv
162,0,0,0,Reader_2_7.csv
162,0,0,0,Reader_2_8.csv
162,0,0,0,Reader_2_9.csv
162,23,20,3,reader_3_1.csv
162,14,12,2,Reader_3_2.csv
162,10,8,2,Reader_3_3.csv
162,10,8,2,Reader_3_4.csv
162,13,10,3,Reader_3_5.csv
162,8,7,1,Reader_3_6.csv
162,8,8,0,Reader_3_7.csv
163,7,2,5,Reader_1_1.csv
163,0,0,0,Reader_1_10.csv
163,5,3,2,Reader_1_11.csv
163,1,0,1,Reader_1_12.csv
163,11,10,1,Reader_1_2.csv
163,2,0,2,Reader_1_3.csv
163,0,0,0,Reader_1_4.csv
163,0,0,0,Reader_1_5.csv
163,0,0,0,Reader_1_6.csv
163,0,0,0,Reader_1_7.csv
163,1,1,0,Reader_1_8.csv
163,0,0,0,Reader_1_9.csv
163,1,1,0,Reader_2_1.csv
163,0,0,0,Reader_2_10.csv
163,0,0,0,Reader_2_11.csv
163,2,2,0,Reader_2_12.csv
163,0,0,0,Reader_2_2.csv
163,0,0,0,Reader_2_3.csv
163,5,4,1,Reader_2_4.csv
163,2,2,0,Reader_2_5.csv
163,1,0,1,Reader_2_6.csv
163,0,0,0,Reader_2_7.csv
163,0,0,0,Reader_2_8.csv
163,0,0,0,Reader_2_9.csv
163,23,21,2,reader_3_1.csv
163,15,13,2,Reader_3_2.csv
163,11,9,2,Reader_3_3.csv
163,11,9,2,Reader_3_4.csv
163,14,10,4,Reader_3_5.csv
163,5,5,0,Reader_3_6.csv
163,8,8,0,Reader_3_7.csv
164,8,3,5,Reader_1_1.csv
164,0,0,0,Reader_1_10.csv
164,5,3,2,Reader_1_11.csv
164,1,0,1,Reader_1_12.csv
164,15,12,3,Reader_1_2.csv
164,2,0,2,Reader_1_3.csv
164,0,0,0,Reader_1_4.csv
164,0,0,0,Reader_1_5.csv
164,0,0,0,Reader_1_6.csv
164,0,0,0,Reader_1_7.csv
164,1,1,0,Reader_1_8.csv
164,0,0,0,Reader_1_9.csv
164,1,1,0,Reader_2_1.csv
164,0,0,0,Reader_2_10.csv
164,0,0,0,Reader_2_11.csv
164,2,2,0,Reader_2_12.csv
164,0,0,0,Reader_2_2.csv
164,0,0,0,Reader_2_3.csv
164,5,5,0,Reader_2_4.csv
164,2,2,0,Reader_2_5.csv
164,1,0,1,Reader_2_6.csv
164,0,0,0,Reader_2_7.csv
164,0,0,0,Reader_2_8.csv
164,0,0,0,Reader_2_9.csv
164,19,17,2,reader_3_1.csv
164,14,13,1,Reader_3_2.csv
164,10,8,2,Reader_3_3.csv
164,10,8,2,Reader_3_4.csv
164,14,10,4,Reader_3_5.csv
164,4,4,0,Reader_3_6.csv
164,10,10,0,Reader_3_7.csv
165,8,3,5,Reader_1_1.csv
165,0,0,0,Reader_1_10.csv
165,5,3,2,Reader_1_11.csv
165,1,0,1,Reader_1_12.csv
165,14,11,3,Reader_1_2.csv
165,3,1,2,Reader_1_3.csv
165,0,0,0,Reader_1_4.csv
165,0,0,0,Reader_1_5.csv
165,0,0,0,Reader_1_6.csv
165,0,0,0,Reader_1_7.csv
165,1,1,0,Reader_1_8.csv
165,0,0,0,Reader_1_9.csv
165,1,1,0,Reader_2_1.csv
165,0,0,0,Reader_2_10.csv
165,0,0,0,Reader_2_11.csv
165,4,4,0,Reader_2_12.csv
165,0,0,0,Reader_2_2.csv
165,0,0,0,Reader_2_3.csv
165,4,4,0,Reader_2_4.csv
165,2,2,0,Reader_2_5.csv
165,2,1,1,Reader_2_6.csv
165,0,0,0,Reader_2_7.csv
165,0,0,0,Reader_2_8.csv
165,0,0,0,Reader_2_9.csv
165,21,18,3,reader_3_1.csv
165,11,10,1,Reader_3_2.csv
165,7,6,1,Reader_3_3.csv
165,7,6,1,Reader_3_4.csv
165,15,13,2,Reader_3_5.csv
165,4,4,0,Reader_3_6.csv
165,15,13,2,Reader_3_7.csv
166,9,3,6,Reader_1_1.csv
166,0,0,0,Reader_1_10.csv
166,2,1,1,Reader_1_11.csv
166,1,0,1,Reader_1_12.csv
166,14,11,3,Reader_1_2.csv
166,2,1,1,Reader_1_3.csv
166,0,0,0,Reader_1_4.csv
166,0,0,0,Reader_1_5.csv
166,0,0,0,Reader_1_6.csv
166,0,0,0,Reader_1_7.csv
166,2,2,0,Reader_1_8.csv
166,0,0,0,Reader_1_9.csv
166,1,1,0,Reader_2_1.csv
166,0,0,0,Reader_2_10.csv
166,0,0,0,Reader_2_11.csv
166,3,3,0,Reader_2_12.csv
166,0,0,0,Reader_2_2.csv
166,0,0,0,Reader_2_3.csv
166,3,3,0,Reader_2_4.csv
166,2,2,0,Reader_2_5.csv
166,3,2,1,Reader_2_6.csv
166,0,0,0,Reader_2_7.csv
166,0,0,0,Reader_2_8.csv
166,0,0,0,Reader_2_9.csv
166,20,17,3,reader_3_1.csv
166,13,12,1,Reader_3_2.csv
166,7,6,1,Reader_3_3.csv
166,7,6,1,Reader_3_4.csv
166,14,12,2,Reader_3_5.csv
166,8,7,1,Reader_3_6.csv
166,15,13,2,Reader_3_7.csv
167,9,3,6,Reader_1_1.csv
167,0,0,0,Reader_1_10.csv
167,0,0,0,Reader_1_11.csv
167,2,1,1,Reader_1_12.csv
167,13,10,3,Reader_1_2.csv
167,2,1,1,Reader_1_3.csv
167,0,0,0,Reader_1_4.csv
167,1,1,0,Reader_1_5.csv
167,1,1,0,Reader_1_6.csv
167,0,0,0,Reader_1_7.csv
167,3,3,0,Reader_1_8.csv
167,0,0,0,Reader_1_9.csv
167,1,1,0,Reader_2_1.csv
167,1,1,0,Reader_2_10.csv
167,0,0,0,Reader_2_11.csv
167,2,2,0,Reader_2_12.csv
167,0,0,0,Reader_2_2.csv
167,0,0,0,Reader_2_3.csv
167,1,1,0,Reader_2_4.csv
167,2,2,0,Reader_2_5.csv
167,3,2,1,Reader_2_6.csv
167,0,0,0,Reader_2_7.csv
167,0,0,0,Reader_2_8.csv
167,0,0,0,Reader_2_9.csv
167,20,19,1,reader_3_1.csv
167,11,11,0,Reader_3_2.csv
167,6,5,1,Reader_3_3.csv
167,6,5,1,Reader_3_4.csv
167,15,13,2,Reader_3_5.csv
167,6,5,1,Reader_3_6.csv
167,14,12,2,Reader_3_7.csv
168,10,4,6,Reader_1_1.csv
168,0,0,0,Reader_1_10.csv
168,0,0,0,Reader_1_11.csv
168,2,1,1,Reader_1_12.csv
168,16,13,3,Reader_1_2.csv
168,2,1,1,Reader_1_3.csv
168,0,0,0,Reader_1_4.csv
168,3,2,1,Reader_1_5.csv
168,1,1,0,Reader_1_6.csv
168,0,0,0,Reader_1_7.csv
168,3,3,0,Reader_1_8.csv
168,0,0,0,Reader_1_9.csv
168,0,0,0,Reader_2_1.csv
168,1,1,0,Reader_2_10.csv
168,0,0,0,Reader_2_11.csv
168,2,2,0,Reader_2_12.csv
168,0,0,0,Reader_2_2.csv
168,0,0,0,Reader_2_3.csv
168,1,1,0,Reader_2_4.csv
168,1,1,0,Reader_2_5.csv
168,3,2,1,Reader_2_6.csv
168,0,0,0,Reader_2_7.csv
168,0,0,0,Reader_2_8.csv
168,0,0,0,Reader_2_9.csv
168,23,21,2,reader_3_1.csv
168,13,13,0,Reader_3_2.csv
168,5,4,1,Reader_3_3.csv
168,5,4,1,Reader_3_4.csv
168,12,11,1,Reader_3_5.csv
168,5,4,1,Reader_3_6.csv
168,13,11,2,Reader_3_7.csv
169,9,4,5,Reader_1_1.csv
169,0,0,0,Reader_1_10.csv
169,1,1,0,Reader_1_11.csv
169,2,1,1,Reader_1_12.csv
169,14,12,2,Reader_1_2.csv
169,2,1,1,Reader_1_3.csv
169,1,1,0,Reader_1_4.csv
169,3,2,1,Reader_1_5.csv
169,1,1,0,Reader_1_6.csv
169,0,0,0,Reader_1_7.csv
169,4,4,0,Reader_1_8.csv
169,0,0,0,Reader_1_9.csv
169,0,0,0,Reader_2_1.csv
169,1,1,0,Reader_2_10.csv
169,0,0,0,Reader_2_11.csv
169,2,2,0,Reader_2_12.csv
169,0,0,0,Reader_2_2.csv
169,0,0,0,Reader_2_3.csv
169,1,1,0,Reader_2_4.csv
169,1,1,0,Reader_2_5.csv
169,2,2,0,Reader_2_6.csv
169,0,0,0,Reader_2_7.csv
169,0,0,0,Reader_2_8.csv
169,0,0,0,Reader_2_9.csv
169,24,21,3,reader_3_1.csv
169,14,14,0,Reader_3_2.csv
169,5,5,0,Reader_3_3.csv
169,5,5,0,Reader_3_4.csv
169,10,9,1,Reader_3_5.csv
169,5,4,1,Reader_3_6.csv
169,11,9,2,Reader_3_7.csv
170,8,5,3,Reader_1_1.csv
170,0,0,0,Reader_1_10.csv
170,1,1,0,Reader_1_11.csv
170,2,1,1,Reader_1_12.csv
170,16,13,3,Reader_1_2.csv
170,2,1,1,Reader_1_3.csv
170,1,1,0,Reader_1_4.csv
170,3,2,1,Reader_1_5.csv
170,1,1,0,Reader_1_6.csv
170,0,0,0,Reader_1_7.csv
170,4,4,0,Reader_1_8.csv
170,0,0,0,Reader_1_9.csv
170,0,0,0,Reader_2_1.csv
170,1,1,0,Reader_2_10.csv
170,0,0,0,Reader_2_11.csv
170,2,2,0,Reader_2_12.csv
170,0,0,0,Reader_2_2.csv
170,0,0,0,Reader_2_3.csv
170,2,2,0,Reader_2_4.csv
170,1,1,0,Reader_2_5.csv
170,2,2,0,Reader_2_6.csv
170,0,0,0,Reader_2_7.csv
170,0,0,0,Reader_2_8.csv
170,0,0,0,Reader_2_9.csv
170,23,20,3,reader_3_1.csv
170,16,15,1,Reader_3_2.csv
170,6,6,0,Reader_3_3.csv
170,6,6,0,Reader_3_4.csv
170,9,8,1,Reader_3_5.csv
170,4,3,1,Reader_3_6.csv
170,13,10,3,Reader_3_7.csv
171,8,6,2,Reader_1_1.csv
171,0,0,0,Reader_1_10.csv
171,2,2,0,Reader_1_11.csv
171,1,1,0,Reader_1_12.csv
171,13,10,3,Reader_1_2.csv
171,1,1,0,Reader_1_3.csv
171,1,1,0,Reader_1_4.csv
171,3,2,1,Reader_1_5.csv
171,1,1,0,Reader_1_6.csv
171,0,0,0,Reader_1_7.csv
171,3,3,0,Reader_1_8.csv
171,1,0,1,Reader_1_9.csv
171,0,0,0,Reader_2_1.csv
171,1,1,0,Reader_2_10.csv
171,0,0,0,Reader_2_11.csv
171,3,3,0,Reader_2_12.csv
171,0,0,0,Reader_2_2.csv
171,0,0,0,Reader_2_3.csv
171,3,3,0,Reader_2_4.csv
171,0,0,0,Reader_2_5.csv
171,3,3,0,Reader_2_6.csv
171,0,0,0,Reader_2_7.csv
171,0,0,0,Reader_2_8.csv
171,0,0,0,Reader_2_9.csv
171,21,17,4,reader_3_1.csv
171,16,15,1,Reader_3_2.csv
171,4,4,0,Reader_3_3.csv
171,4,4,0,Reader_3_4.csv
171,11,9,2,Reader_3_5.csv
171,5,3,2,Reader_3_6.csv
171,15,12,3,Reader_3_7.csv
172,9,7,2,Reader_1_1.csv
172,0,0,0,Reader_1_10.csv
172,4,4,0,Reader_1_11.csv
172,3,3,0,Reader_1_12.csv
172,11,10,1,Reader_1_2.csv
172,2,1,1,Reader_1_3.csv
172,2,2,0,Reader_1_4.csv
172,3,2,1,Reader_1_5.csv
172,1,1,0,Reader_1_6.csv
172,0,0,0,Reader_1_7.csv
172,3,3,0,Reader_1_8.csv
172,1,0,1,Reader_1_9.csv
172,0,0,0,Reader_2_1.csv
172,1,1,0,Reader_2_10.csv
172,0,0,0,Reader_2_11.csv
172,3,3,0,Reader_2_12.csv
172,0,0,0,Reader_2_2.csv
172,0,0,0,Reader_2_3.csv
172,2,2,0,Reader_2_4.csv
172,0,0,0,Reader_2_5.csv
172,3,3,0,Reader_2_6.csv
172,0,0,0,Reader_2_7.csv
172,0,0,0,Reader_2_8.csv
172,0,0,0,Reader_2_9.csv
172,23,19,4,reader_3_1.csv
172,18,17,1,Reader_3_2.csv
172,6,4,2,Reader_3_3.csv
172,6,4,2,Reader_3_4.csv
172,12,10,2,Reader_3_5.csv
172,5,3,2,Reader_3_6.csv
172,13,10,3,Reader_3_7.csv
173,8,5,3,Reader_1_1.csv
173,1,1,0,Reader_1_10.csv
173,4,4,0,Reader_1_11.csv
173,3,3,0,Reader_1_12.csv
173,12,11,1,Reader_1_2.csv
173,2,1,1,Reader_1_3.csv
173,2,2,0,Reader_1_4.csv
173,3,2,1,Reader_1_5.csv
173,1,1,0,Reader_1_6.csv
173,0,0,0,Reader_1_7.csv
173,3,3,0,Reader_1_8.csv
173,1,0,1,Reader_1_9.csv
173,0,0,0,Reader_2_1.csv
173,1,1,0,Reader_2_10.csv
173,0,0,0,Reader_2_11.csv
173,1,1,0,Reader_2_12.csv
173,0,0,0,Reader_2_2.csv
173,0,0,0,Reader_2_3.csv
173,2,2,0,Reader_2_4.csv
173,0,0,0,Reader_2_5.csv
173,2,2,0,Reader_2_6.csv
173,0,0,0,Reader_2_7.csv
173,0,0,0,Reader_2_8.csv
173,0,0,0,Reader_2_9.csv
173,24,21,3,reader_3_1.csv
173,22,20,2,Reader_3_2.csv
173,8,5,3,Reader_3_3.csv
173,8,5,3,Reader_3_4.csv
173,7,5,2,Reader_3_5.csv
173,5,3,2,Reader_3_6.csv
173,7,6,1,Reader_3_7.csv
174,8,5,3,Reader_1_1.csv
174,1,1,0,Reader_1_10.csv
174,4,4,0,Reader_1_11.csv
174,3,3,0,Reader_1_12.csv
174,13,12,1,Reader_1_2.csv
174,2,1,1,Reader_1_3.csv
174,2,2,0,Reader_1_4.csv
174,3,2,1,Reader_1_5.csv
174,1,1,0,Reader_1_6.csv
174,0,0,0,Reader_1_7.csv
174,2,2,0,Reader_1_8.csv
174,1,0,1,Reader_1_9.csv
174,0,0,0,Reader_2_1.csv
174,1,1,0,Reader_2_10.csv
174,0,0,0,Reader_2_11.csv
174,1,1,0,Reader_2_12.csv
174,0,0,0,Reader_2_2.csv
174,0,0,0,Reader_2_3.csv
174,2,2,0,Reader_2_4.csv
174,0,0,0,Reader_2_5.csv
174,1,1,0,Reader_2_6.csv
174,0,0,0,Reader_2_7.csv
174,0,0,0,Reader_2_8.csv
174,0,0,0,Reader_2_9.csv
174,23,20,3,reader_3_1.csv
174,22,20,2,Reader_3_2.csv
174,6,3,3,Reader_3_3.csv
174,6,3,3,Reader_3_4.csv
174,8,5,3,Reader_3_5.csv
174,1,0,1,Reader_3_6.csv
174,8,7,1,Reader_3_7.csv
175,8,5,3,Reader_1_1.csv
175,1,1,0,Reader_1_10.csv
175,4,4,0,Reader_1_11.csv
175,2,2,0,Reader_1_12.csv
175,13,12,1,Reader_1_2.csv
175,2,1,1,Reader_1_3.csv
175,2,2,0,Reader_1_4.csv
175,2,1,1,Reader_1_5.csv
175,0,0,0,Reader_1_6.csv
175,0,0,0,Reader_1_7.csv
175,1,1,0,Reader_1_8.csv
175,1,0,1,Reader_1_9.csv
175,0,0,0,Reader_2_1.csv
175,0,0,0,Reader_2_10.csv
175,0,0,0,Reader_2_11.csv
175,1,1,0,Reader_2_12.csv
175,0,0,0,Reader_2_2.csv
175,0,0,0,Reader_2_3.csv
175,2,2,0,Reader_2_4.csv
175,0,0,0,Reader_2_5.csv
175,2,2,0,Reader_2_6.csv
175,0,0,0,Reader_2_7.csv
175,0,0,0,Reader_2_8.csv
175,0,0,0,Reader_2_9.csv
175,25,20,5,reader_3_1.csv
175,20,18,2,Reader_3_2.csv
175,9,6,3,Reader_3_3.csv
175,9,6,3,Reader_3_4.csv
175,7,4,3,Reader_3_5.csv
175,1,0,1,Reader_3_6.csv
175,7,6,1,Reader_3_7.csv
176,7,4,3,Reader_1_1.csv
176,3,3,0,Reader_1_10.csv
176,4,4,0,Reader_1_11.csv
176,2,2,0,Reader_1_12.csv
176,10,9,1,Reader_1_2.csv
176,3,2,1,Reader_1_3.csv
176,2,2,0,Reader_1_4.csv
176,1,0,1,Reader_1_5.csv
176,0,0,0,Reader_1_6.csv
176,0,0,0,Reader_1_7.csv
176,1,1,0,Reader_1_8.csv
176,1,0,1,Reader_1_9.csv
176,0,0,0,Reader_2_1.csv
176,0,0,0,Reader_2_10.csv
176,1,1,0,Reader_2_11.csv
176,1,1,0,Reader_2_12.csv
176,0,0,0,Reader_2_2.csv
176,0,0,0,Reader_2_3.csv
176,4,4,0,Reader_2_4.csv
176,0,0,0,Reader_2_5.csv
176,2,2,0,Reader_2_6.csv
176,0,0,0,Reader_2_7.csv
176,0,0,0,Reader_2_8.csv
176,0,0,0,Reader_2_9.csv
176,26,22,4,reader_3_1.csv
176,18,16,2,Reader_3_2.csv
176,10,7,3,Reader_3_3.csv
176,10,7,3,Reader_3_4.csv
176,7,4,3,Reader_3_5.csv
176,1,0,1,Reader_3_6.csv
176,5,4,1,Reader_3_7.csv
177,7,4,3,Reader_1_1.csv
177,3,3,0,Reader_1_10.csv
177,3,3,0,Reader_1_11.csv
177,2,2,0,Reader_1_12.csv
177,9,8,1,Reader_1_2.csv
177,3,2,1,Reader_1_3.csv
177,1,1,0,Reader_1_4.csv
177,1,0,1,Reader_1_5.csv
177,0,0,0,Reader_1_6.csv
177,0,0,0,Reader_1_7.csv
177,0,0,0,Reader_1_8.csv
177,1,0,1,Reader_1_9.csv
177,0,0,0,Reader_2_1.csv
177,0,0,0,Reader_2_10.csv
177,1,1,0,Reader_2_11.csv
177,1,1,0,Reader_2_12.csv
177,0,0,0,Reader_2_2.csv
177,0,0,0,Reader_2_3.csv
177,4,4,0,Reader_2_4.csv
177,0,0,0,Reader_2_5.csv
177,2,2,0,Reader_2_6.csv
177,0,0,0,Reader_2_7.csv
177,0,0,0,Reader_2_8.csv
177,0,0,0,Reader_2_9.csv
177,24,21,3,reader_3_1.csv
177,17,15,2,Reader_3_2.csv
177,9,6,3,Reader_3_3.csv
177,9,6,3,Reader_3_4.csv
177,7,4,3,Reader_3_5.csv
177,1,0,1,Reader_3_6.csv
177,7,5,2,Reader_3_7.csv
178,6,3,3,Reader_1_1.csv
178,3,3,0,Reader_1_10.csv
178,3,3,0,Reader_1_11.csv
178,2,2,0,Reader_1_12.csv
178,5,5,0,Reader_1_2.csv
178,3,2,1,Reader_1_3.csv
178,1,1,0,Reader_1_4.csv
178,1,0,1,Reader_1_5.csv
178,0,0,0,Reader_1_6.csv
178,0,0,0,Reader_1_7.csv
178,0,0,0,Reader_1_8.csv
178,1,0,1,Reader_1_9.csv
178,0,0,0,Reader_2_1.csv
178,0,0,0,Reader_2_10.csv
178,1,1,0,Reader_2_11.csv
178,1,1,0,Reader_2_12.csv
178,0,0,0,Reader_2_2.csv
178,0,0,0,Reader_2_3.csv
178,4,4,0,Reader_2_4.csv
178,0,0,0,Reader_2_5.csv
178,2,2,0,Reader_2_6.csv
178,0,0,0,Reader_2_7.csv
178,0,0,0,Reader_2_8.csv
178,0,0,0,Reader_2_9.csv
178,28,24,4,reader_3_1.csv
178,17,16,1,Reader_3_2.csv
178,9,5,4,Reader_3_3.csv
178,9,5,4,Reader_3_4.csv
178,7,4,3,Reader_3_5.csv
178,1,0,1,Reader_3_6.csv
178,6,5,1,Reader_3_7.csv
179,5,2,3,Reader_1_1.csv
179,3,3,0,Reader_1_10.csv
179,2,2,0,Reader_1_11.csv
179,2,2,0,Reader_1_12.csv
179,6,6,0,Reader_1_2.csv
179,4,2,2,Reader_1_3.csv
179,1,1,0,Reader_1_4.csv
179,1,0,1,Reader_1_5.csv
179,1,0,1,Reader_1_6.csv
179,0,0,0,Reader_1_7.csv
179,0,0,0,Reader_1_8.csv
179,0,0,0,Reader_1_9.csv
179,0,0,0,Reader_2_1.csv
179,0,0,0,Reader_2_10.csv
179,1,1,0,Reader_2_11.csv
179,0,0,0,Reader_2_12.csv
179,0,0,0,Reader_2_2.csv
179,0,0,0,Reader_2_3.csv
179,4,3,1,Reader_2_4.csv
179,0,0,0,Reader_2_5.csv
179,1,1,0,Reader_2_6.csv
179,0,0,0,Reader_2_7.csv
179,0,0,0,Reader_2_8.csv
179,0,0,0,Reader_2_9.csv
179,31,27,4,reader_3_1.csv
179,18,16,2,Reader_3_2.csv
179,10,6,4,Reader_3_3.csv
179,10,6,4,Reader_3_4.csv
179,7,5,2,Reader_3_5.csv
179,0,0,0,Reader_3_6.csv
179,5,4,1,Reader_3_7.csv
180,4,1,3,Reader_1_1.csv
180,3,3,0,Reader_1_10.csv
180,0,0,0,Reader_1_11.csv
180,0,0,0,Reader_1_12.csv
180,4,4,0,Reader_1_2.csv
180,3,2,1,Reader_1_3.csv
180,0,0,0,Reader_1_4.csv
180,1,0,1,Reader_1_5.csv
180,1,0,1,Reader_1_6.csv
180,0,0,0,Reader_1_7.csv
180,0,0,0,Reader_1_8.csv
180,0,0,0,Reader_1_9.csv
180,0,0,0,Reader_2_1.csv
180,0,0,0,Reader_2_10.csv
180,1,1,0,Reader_2_11.csv
180,0,0,0,Reader_2_12.csv
180,0,0,0,Reader_2_2.csv
180,0,0,0,Reader_2_3.csv
180,4,3,1,Reader_2_4.csv
180,0,0,0,Reader_2_5.csv
180,1,1,0,Reader_2_6.csv
180,0,0,0,Reader_2_7.csv
180,0,0,0,Reader_2_8.csv
180,1,1,0,Reader_2_9.csv
180,33,27,6,reader_3_1.csv
180,20,17,3,Reader_3_2.csv
180,9,6,3,Reader_3_3.csv
180,9,6,3,Reader_3_4.csv
180,8,6,2,Reader_3_5.csv
180,1,1,0,Reader_3_6.csv
180,6,4,2,Reader_3_7.csv
181,5,3,2,Reader_1_1.csv
181,2,2,0,Reader_1_10.csv
181,0,0,0,Reader_1_11.csv
181,0,0,0,Reader_1_12.csv
181,2,2,0,Reader_1_2.csv
181,3,2,1,Reader_1_3.csv
181,0,0,0,Reader_1_4.csv
181,1,0,1,Reader_1_5.csv
181,1,0,1,Reader_1_6.csv
181,0,0,0,Reader_1_7.csv
181,0,0,0,Reader_1_8.csv
181,0,0,0,Reader_1_9.csv
181,0,0,0,Reader_2_1.csv
181,0,0,0,Reader_2_10.csv
181,1,1,0,Reader_2_11.csv
181,0,0,0,Reader_2_12.csv
181,0,0,0,Reader_2_2.csv
181,0,0,0,Reader_2_3.csv
181,8,3,5,Reader_2_4.csv
181,0,0,0,Reader_2_5.csv
181,1,1,0,Reader_2_6.csv
181,0,0,0,Reader_2_7.csv
181,0,0,0,Reader_2_8.csv
181,1,1,0,Reader_2_9.csv
181,31,24,7,reader_3_1.csv
181,27,24,3,Reader_3_2.csv
181,7,5,2,Reader_3_3.csv
181,7,5,2,Reader_3_4.csv
181,9,6,3,Reader_3_5.csv
181,1,1,0,Reader_3_6.csv
181,7,5,2,Reader_3_7.csv
182,4,3,1,Reader_1_1.csv
182,2,2,0,Reader_1_10.csv
182,1,1,0,Reader_1_11.csv
182,0,0,0,Reader_1_12.csv
182,1,1,0,Reader_1_2.csv
182,4,3,1,Reader_1_3.csv
182,0,0,0,Reader_1_4.csv
182,1,0,1,Reader_1_5.csv
182,1,0,1,Reader_1_6.csv
182,0,0,0,Reader_1_7.csv
182,0,0,0,Reader_1_8.csv
182,0,0,0,Reader_1_9.csv
182,0,0,0,Reader_2_1.csv
182,0,0,0,Reader_2_10.csv
182,1,1,0,Reader_2_11.csv
182,0,0,0,Reader_2_12.csv
182,0,0,0,Reader_2_2.csv
182,0,0,0,Reader_2_3.csv
182,10,3,7,Reader_2_4.csv
182,0,0,0,Reader_2_5.csv
182,1,1,0,Reader_2_6.csv
182,0,0,0,Reader_2_7.csv
182,0,0,0,Reader_2_8.csv
182,1,1,0,Reader_2_9.csv
182,33,26,7,reader_3_1.csv
182,32,29,3,Reader_3_2.csv
182,7,5,2,Reader_3_3.csv
182,7,5,2,Reader_3_4.csv
182,8,5,3,Reader_3_5.csv
182,2,1,1,Reader_3_6.csv
182,6,4,2,Reader_3_7.csv
183,4,3,1,Reader_1_1.csv
183,2,2,0,Reader_1_10.csv
183,2,2,0,Reader_1_11.csv
183,0,0,0,Reader_1_12.csv
183,1,1,0,Reader_1_2.csv
183,4,3,1,Reader_1_3.csv
183,0,0,0,Reader_1_4.csv
183,1,0,1,Reader_1_5.csv
183,1,0,1,Reader_1_6.csv
183,0,0,0,Reader_1_7.csv
183,0,0,0,Reader_1_8.csv
183,0,0,0,Reader_1_9.csv
183,1,1,0,Reader_2_1.csv
183,0,0,0,Reader_2_10.csv
183,1,1,0,Reader_2_11.csv
183,0,0,0,Reader_2_12.csv
183,0,0,0,Reader_2_2.csv
183,0,0,0,Reader_2_3.csv
183,10,3,7,Reader_2_4.csv
183,0,0,0,Reader_2_5.csv
183,0,0,0,Reader_2_6.csv
183,0,0,0,Reader_2_7.csv
183,0,0,0,Reader_2_8.csv
183,1,1,0,Reader_2_9.csv
183,34,29,5,reader_3_1.csv
183,40,37,3,Reader_3_2.csv
183,7,4,3,Reader_3_3.csv
183,7,4,3,Reader_3_4.csv
183,10,7,3,Reader_3_5.csv
183,3,2,1,Reader_3_6.csv
183,7,5,2,Reader_3_7.csv
184,6,5,1,Reader_1_1.csv
184,0,0,0,Reader_1_10.csv
184,2,2,0,Reader_1_11.csv
184,1,0,1,Reader_1_12.csv
184,1,1,0,Reader_1_2.csv
184,3,2,1,Reader_1_3.csv
184,0,0,0,Reader_1_4.csv
184,0,0,0,Reader_1_5.csv
184,1,0,1,Reader_1_6.csv
184,0,0,0,Reader_1_7.csv
184,1,0,1,Reader_1_8.csv
184,0,0,0,Reader_1_9.csv
184,1,1,0,Reader_2_1.csv
184,0,0,0,Reader_2_10.csv
184,0,0,0,Reader_2_11.csv
184,0,0,0,Reader_2_12.csv
184,0,0,0,Reader_2_2.csv
184,0,0,0,Reader_2_3.csv
184,9,1,8,Reader_2_4.csv
184,0,0,0,Reader_2_5.csv
184,0,0,0,Reader_2_6.csv
184,0,0,0,Reader_2_7.csv
184,0,0,0,Reader_2_8.csv
184,1,1,0,Reader_2_9.csv
184,30,25,5,reader_3_1.csv
184,48,44,4,Reader_3_2.csv
184,6,3,3,Reader_3_3.csv
184,6,3,3,Reader_3_4.csv
184,12,8,4,Reader_3_5.csv
184,3,2,1,Reader_3_6.csv
184,7,5,2,Reader_3_7.csv
185,7,6,1,Reader_1_1.csv
185,1,1,0,Reader_1_10.csv
185,3,3,0,Reader_1_11.csv
185,1,0,1,Reader_1_12.csv
185,1,1,0,Reader_1_2.csv
185,3,2,1,Reader_1_3.csv
185,0,0,0,Reader_1_4.csv
185,0,0,0,Reader_1_5.csv
185,1,0,1,Reader_1_6.csv
185,0,0,0,Reader_1_7.csv
185,1,0,1,Reader_1_8.csv
185,0,0,0,Reader_1_9.csv
185,1,1,0,Reader_2_1.csv
185,0,0,0,Reader_2_10.csv
185,0,0,0,Reader_2_11.csv
185,0,0,0,Reader_2_12.csv
185,0,0,0,Reader_2_2.csv
185,0,0,0,Reader_2_3.csv
185,10,1,9,Reader_2_4.csv
185,0,0,0,Reader_2_5.csv
185,0,0,0,Reader_2_6.csv
185,0,0,0,Reader_2_7.csv
185,0,0,0,Reader_2_8.csv
185,1,1,0,Reader_2_9.csv
185,30,25,5,reader_3_1.csv
185,59,55,4,Reader_3_2.csv
185,7,4,3,Reader_3_3.csv
185,7,4,3,Reader_3_4.csv
185,12,8,4,Reader_3_5.csv
185,3,2,1,Reader_3_6.csv
185,8,7,1,Reader_3_7.csv
186,8,7,1,Reader_1_1.csv
186,1,1,0,Reader_1_10.csv
186,4,4,0,Reader_1_11.csv
186,1,0,1,Reader_1_12.csv
186,1,1,0,Reader_1_2.csv
186,3,2,1,Reader_1_3.csv
186,0,0,0,Reader_1_4.csv
186,0,0,0,Reader_1_5.csv
186,1,0,1,Reader_1_6.csv
186,0,0,0,Reader_1_7.csv
186,1,0,1,Reader_1_8.csv
186,0,0,0,Reader_1_9.csv
186,1,1,0,Reader_2_1.csv
186,0,0,0,Reader_2_10.csv
186,0,0,0,Reader_2_11.csv
186,0,0,0,Reader_2_12.csv
186,0,0,0,Reader_2_2.csv
186,0,0,0,Reader_2_3.csv
186,10,1,9,Reader_2_4.csv
186,0,0,0,Reader_2_5.csv
186,0,0,0,Reader_2_6.csv
186,0,0,0,Reader_2_7.csv
186,0,0,0,Reader_2_8.csv
186,1,1,0,Reader_2_9.csv
186,28,22,6,reader_3_1.csv
186,62,58,4,Reader_3_2.csv
186,9,6,3,Reader_3_3.csv
186,9,6,3,Reader_3_4.csv
186,12,8,4,Reader_3_5.csv
186,3,2,1,Reader_3_6.csv
186,10,8,2,Reader_3_7.csv
187,8,7,1,Reader_1_1.csv
187,1,1,0,Reader_1_10.csv
187,4,4,0,Reader_1_11.csv
187,1,0,1,Reader_1_12.csv
187,1,0,1,Reader_1_2.csv
187,2,2,0,Reader_1_3.csv
187,0,0,0,Reader_1_4.csv
187,0,0,0,Reader_1_5.csv
187,0,0,0,Reader_1_6.csv
187,0,0,0,Reader_1_7.csv
187,1,0,1,Reader_1_8.csv
187,0,0,0,Reader_1_9.csv
187,1,1,0,Reader_2_1.csv
187,0,0,0,Reader_2_10.csv
187,0,0,0,Reader_2_11.csv
187,0,0,0,Reader_2_12.csv
187,0,0,0,Reader_2_2.csv
187,0,0,0,Reader_2_3.csv
187,9,1,8,Reader_2_4.csv
187,0,0,0,Reader_2_5.csv
187,0,0,0,Reader_2_6.csv
187,0,0,0,Reader_2_7.csv
187,0,0,0,Reader_2_8.csv
187,1,1,0,Reader_2_9.csv
187,23,18,5,reader_3_1.csv
187,70,67,3,Reader_3_2.csv
187,8,5,3,Reader_3_3.csv
187,8,5,3,Reader_3_4.csv
187,10,6,4,Reader_3_5.csv
187,4,3,1,Reader_3_6.csv
187,9,7,2,Reader_3_7.csv
188,9,8,1,Reader_1_1.csv
188,1,1,0,Reader_1_10.csv
188,4,4,0,Reader_1_11.csv
188,1,0,1,Reader_1_12.csv
188,1,0,1,Reader_1_2.csv
188,2,2,0,Reader_1_3.csv
188,0,0,0,Reader_1_4.csv
188,0,0,0,Reader_1_5.csv
188,0,0,0,Reader_1_6.csv
188,0,0,0,Reader_1_7.csv
188,1,0,1,Reader_1_8.csv
188,0,0,0,Reader_1_9.csv
188,1,1,0,Reader_2_1.csv
188,0,0,0,Reader_2_10.csv
188,0,0,0,Reader_2_11.csv
188,0,0,0,Reader_2_12.csv
188,0,0,0,Reader_2_2.csv
188,0,0,0,Reader_2_3.csv
188,9,1,8,Reader_2_4.csv
188,0,0,0,Reader_2_5.csv
188,0,0,0,Reader_2_6.csv
188,0,0,0,Reader_2_7.csv
188,0,0,0,Reader_2_8.csv
188,0,0,0,Reader_2_9.csv
188,22,18,4,reader_3_1.csv
188,73,68,5,Reader_3_2.csv
188,8,6,2,Reader_3_3.csv
188,8,6,2,Reader_3_4.csv
188,9,5,4,Reader_3_5.csv
188,3,2,1,Reader_3_6.csv
188,10,9,1,Reader_3_7.csv
189,11,9,2,Reader_1_1.csv
189,1,1,0,Reader_1_10.csv
189,4,4,0,Reader_1_11.csv
189,1,0,1,Reader_1_12.csv
189,1,0,1,Reader_1_2.csv
189,1,1,0,Reader_1_3.csv
189,0,0,0,Reader_1_4.csv
189,0,0,0,Reader_1_5.csv
189,0,0,0,Reader_1_6.csv
189,0,0,0,Reader_1_7.csv
189,1,0,1,Reader_1_8.csv
189,1,1,0,Reader_1_9.csv
189,1,1,0,Reader_2_1.csv
189,0,0,0,Reader_2_10.csv
189,0,0,0,Reader_2_11.csv
189,0,0,0,Reader_2_12.csv
189,0,0,0,Reader_2_2.csv
189,0,0,0,Reader_2_3.csv
189,5,1,4,Reader_2_4.csv
189,0,0,0,Reader_2_5.csv
189,0,0,0,Reader_2_6.csv
189,0,0,0,Reader_2_7.csv
189,0,0,0,Reader_2_8.csv
189,0,0,0,Reader_2_9.csv
189,27,20,7,reader_3_1.csv
189,68,64,4,Reader_3_2.csv
189,9,7,2,Reader_3_3.csv
189,9,7,2,Reader_3_4.csv
189,8,5,3,Reader_3_5.csv
189,3,2,1,Reader_3_6.csv
189,11,10,1,Reader_3_7.csv
190,17,15,2,Reader_1_1.csv
190,1,1,0,Reader_1_10.csv
190,3,3,0,Reader_1_11.csv
190,1,0,1,Reader_1_12.csv
190,1,0,1,Reader_1_2.csv
190,0,0,0,Reader_1_3.csv
190,0,0,0,Reader_1_4.csv
190,0,0,0,Reader_1_5.csv
190,0,0,0,Reader_1_6.csv
190,0,0,0,Reader_1_7.csv
190,1,0,1,Reader_1_8.csv
190,1,1,0,Reader_1_9.csv
190,2,2,0,Reader_2_1.csv
190,0,0,0,Reader_2_10.csv
190,0,0,0,Reader_2_11.csv
190,0,0,0,Reader_2_12.csv
190,0,0,0,Reader_2_2.csv
190,0,0,0,Reader_2_3.csv
190,3,1,2,Reader_2_4.csv
190,1,1,0,Reader_2_5.csv
190,0,0,0,Reader_2_6.csv
190,0,0,0,Reader_2_7.csv
190,0,0,0,Reader_2_8.csv
190,0,0,0,Reader_2_9.csv
190,35,24,11,reader_3_1.csv
190,66,61,5,Reader_3_2.csv
190,12,10,2,Reader_3_3.csv
190,12,10,2,Reader_3_4.csv
190,8,6,2,Reader_3_5.csv
190,3,3,0,Reader_3_6.csv
190,12,11,1,Reader_3_7.csv
191,18,16,2,Reader_1_1.csv
191,2,2,0,Reader_1_10.csv
191,2,2,0,Reader_1_11.csv
191,1,0,1,Reader_1_12.csv
191,2,1,1,Reader_1_2.csv
191,0,0,0,Reader_1_3.csv
191,0,0,0,Reader_1_4.csv
191,0,0,0,Reader_1_5.csv
191,0,0,0,Reader_1_6.csv
191,0,0,0,Reader_1_7.csv
191,1,0,1,Reader_1_8.csv
191,1,1,0,Reader_1_9.csv
191,1,1,0,Reader_2_1.csv
191,0,0,0,Reader_2_10.csv
191,0,0,0,Reader_2_11.csv
191,0,0,0,Reader_2_12.csv
191,0,0,0,Reader_2_2.csv
191,0,0,0,Reader_2_3.csv
191,4,2,2,Reader_2_4.csv
191,1,1,0,Reader_2_5.csv
191,0,0,0,Reader_2_6.csv
191,0,0,0,Reader_2_7.csv
191,0,0,0,Reader_2_8.csv
191,0,0,0,Reader_2_9.csv
191,36,22,14,reader_3_1.csv
191,62,56,6,Reader_3_2.csv
191,9,8,1,Reader_3_3.csv
191,9,8,1,Reader_3_4.csv
191,6,4,2,Reader_3_5.csv
191,3,3,0,Reader_3_6.csv
191,13,11,2,Reader_3_7.csv
192,20,18,2,Reader_1_1.csv
192,2,2,0,Reader_1_10.csv
192,3,3,0,Reader_1_11.csv
192,0,0,0,Reader_1_12.csv
192,2,1,1,Reader_1_2.csv
192,0,0,0,Reader_1_3.csv
192,0,0,0,Reader_1_4.csv
192,0,0,0,Reader_1_5.csv
192,0,0,0,Reader_1_6.csv
192,0,0,0,Reader_1_7.csv
192,0,0,0,Reader_1_8.csv
192,1,1,0,Reader_1_9.csv
192,1,1,0,Reader_2_1.csv
192,0,0,0,Reader_2_10.csv
192,0,0,0,Reader_2_11.csv
192,0,0,0,Reader_2_12.csv
192,0,0,0,Reader_2_2.csv
192,0,0,0,Reader_2_3.csv
192,3,2,1,Reader_2_4.csv
192,1,1,0,Reader_2_5.csv
192,0,0,0,Reader_2_6.csv
192,0,0,0,Reader_2_7.csv
192,0,0,0,Reader_2_8.csv
192,0,0,0,Reader_2_9.csv
192,48,27,21,reader_3_1.csv
192,59,54,5,Reader_3_2.csv
192,11,8,3,Reader_3_3.csv
192,11,8,3,Reader_3_4.csv
192,5,3,2,Reader_3_5.csv
192,3,3,0,Reader_3_6.csv
192,13,11,2,Reader_3_7.csv
193,23,20,3,Reader_1_1.csv
193,1,1,0,Reader_1_10.csv
193,3,3,0,Reader_1_11.csv
193,0,0,0,Reader_1_12.csv
193,2,1,1,Reader_1_2.csv
193,0,0,0,Reader_1_3.csv
193,0,0,0,Reader_1_4.csv
193,0,0,0,Reader_1_5.csv
193,0,0,0,Reader_1_6.csv
193,0,0,0,Reader_1_7.csv
193,1,0,1,Reader_1_8.csv
193,1,1,0,Reader_1_9.csv
193,1,1,0,Reader_2_1.csv
193,0,0,0,Reader_2_10.csv
193,0,0,0,Reader_2_11.csv
193,0,0,0,Reader_2_12.csv
193,0,0,0,Reader_2_2.csv
193,0,0,0,Reader_2_3.csv
193,2,2,0,Reader_2_4.csv
193,1,1,0,Reader_2_5.csv
193,0,0,0,Reader_2_6.csv
193,0,0,0,Reader_2_7.csv
193,0,0,0,Reader_2_8.csv
193,0,0,0,Reader_2_9.csv
193,59,33,26,reader_3_1.csv
193,56,51,5,Reader_3_2.csv
193,13,10,3,Reader_3_3.csv
193,13,10,3,Reader_3_4.csv
193,5,3,2,Reader_3_5.csv
193,3,3,0,Reader_3_6.csv
193,13,11,2,Reader_3_7.csv
194,26,23,3,Reader_1_1.csv
194,1,1,0,Reader_1_10.csv
194,2,2,0,Reader_1_11.csv
194,0,0,0,Reader_1_12.csv
194,2,1,1,Reader_1_2.csv
194,0,0,0,Reader_1_3.csv
194,0,0,0,Reader_1_4.csv
194,0,0,0,Reader_1_5.csv
194,0,0,0,Reader_1_6.csv
194,0,0,0,Reader_1_7.csv
194,1,0,1,Reader_1_8.csv
194,1,1,0,Reader_1_9.csv
194,1,1,0,Reader_2_1.csv
194,0,0,0,Reader_2_10.csv
194,0,0,0,Reader_2_11.csv
194,0,0,0,Reader_2_12.csv
194,0,0,0,Reader_2_2.csv
194,0,0,0,Reader_2_3.csv
194,1,1,0,Reader_2_4.csv
194,1,1,0,Reader_2_5.csv
194,0,0,0,Reader_2_6.csv
194,0,0,0,Reader_2_7.csv
194,0,0,0,Reader_2_8.csv
194,0,0,0,Reader_2_9.csv
194,68,37,31,reader_3_1.csv
194,56,51,5,Reader_3_2.csv
194,11,9,2,Reader_3_3.csv
194,11,9,2,Reader_3_4.csv
194,5,3,2,Reader_3_5.csv
194,5,5,0,Reader_3_6.csv
194,11,10,1,Reader_3_7.csv
195,27,25,2,Reader_1_1.csv
195,1,1,0,Reader_1_10.csv
195,3,3,0,Reader_1_11.csv
195,0,0,0,Reader_1_12.csv
195,2,2,0,Reader_1_2.csv
195,0,0,0,Reader_1_3.csv
195,0,0,0,Reader_1_4.csv
195,0,0,0,Reader_1_5.csv
195,0,0,0,Reader_1_6.csv
195,0,0,0,Reader_1_7.csv
195,1,0,1,Reader_1_8.csv
195,1,1,0,Reader_1_9.csv
195,1,1,0,Reader_2_1.csv
195,0,0,0,Reader_2_10.csv
195,0,0,0,Reader_2_11.csv
195,0,0,0,Reader_2_12.csv
195,0,0,0,Reader_2_2.csv
195,1,1,0,Reader_2_3.csv
195,1,1,0,Reader_2_4.csv
195,1,1,0,Reader_2_5.csv
195,0,0,0,Reader_2_6.csv
195,0,0,0,Reader_2_7.csv
195,0,0,0,Reader_2_8.csv
195,0,0,0,Reader_2_9.csv
195,79,43,36,reader_3_1.csv
195,51,44,7,Reader_3_2.csv
195,15,12,3,Reader_3_3.csv
195,15,12,3,Reader_3_4.csv
195,4,3,1,Reader_3_5.csv
195,5,4,1,Reader_3_6.csv
195,13,12,1,Reader_3_7.csv
196,27,24,3,Reader_1_1.csv
196,1,1,0,Reader_1_10.csv
196,4,4,0,Reader_1_11.csv
196,0,0,0,Reader_1_12.csv
196,3,2,1,Reader_1_2.csv
196,0,0,0,Reader_1_3.csv
196,0,0,0,Reader_1_4.csv
196,0,0,0,Reader_1_5.csv
196,0,0,0,Reader_1_6.csv
196,0,0,0,Reader_1_7.csv
196,1,0,1,Reader_1_8.csv
196,1,1,0,Reader_1_9.csv
196,2,2,0,Reader_2_1.csv
196,0,0,0,Reader_2_10.csv
196,0,0,0,Reader_2_11.csv
196,1,0,1,Reader_2_12.csv
196,0,0,0,Reader_2_2.csv
196,2,2,0,Reader_2_3.csv
196,1,1,0,Reader_2_4.csv
196,1,1,0,Reader_2_5.csv
196,0,0,0,Reader_2_6.csv
196,0,0,0,Reader_2_7.csv
196,0,0,0,Reader_2_8.csv
196,0,0,0,Reader_2_9.csv
196,83,45,38,reader_3_1.csv
196,52,46,6,Reader_3_2.csv
196,15,11,4,Reader_3_3.csv
196,15,11,4,Reader_3_4.csv
196,4,2,2,Reader_3_5.csv
196,5,4,1,Reader_3_6.csv
196,15,14,1,Reader_3_7.csv
197,25,23,2,Reader_1_1.csv
197,1,1,0,Reader_1_10.csv
197,6,6,0,Reader_1_11.csv
197,0,0,0,Reader_1_12.csv
197,3,2,1,Reader_1_2.csv
197,0,0,0,Reader_1_3.csv
197,0,0,0,Reader_1_4.csv
197,0,0,0,Reader_1_5.csv
197,0,0,0,Reader_1_6.csv
197,0,0,0,Reader_1_7.csv
197,1,0,1,Reader_1_8.csv
197,0,0,0,Reader_1_9.csv
197,2,2,0,Reader_2_1.csv
197,0,0,0,Reader_2_10.csv
197,0,0,0,Reader_2_11.csv
197,1,0,1,Reader_2_12.csv
197,0,0,0,Reader_2_2.csv
197,2,2,0,Reader_2_3.csv
197,1,1,0,Reader_2_4.csv
197,3,3,0,Reader_2_5.csv
197,0,0,0,Reader_2_6.csv
197,0,0,0,Reader_2_7.csv
197,0,0,0,Reader_2_8.csv
197,0,0,0,Reader_2_9.csv
197,85,48,37,reader_3_1.csv
197,64,57,7,Reader_3_2.csv
197,14,10,4,Reader_3_3.csv
197,14,10,4,Reader_3_4.csv
197,4,2,2,Reader_3_5.csv
197,7,6,1,Reader_3_6.csv
197,14,13,1,Reader_3_7.csv
198,22,20,2,Reader_1_1.csv
198,1,1,0,Reader_1_10.csv
198,6,6,0,Reader_1_11.csv
198,0,0,0,Reader_1_12.csv
198,3,2,1,Reader_1_2.csv
198,0,0,0,Reader_1_3.csv
198,0,0,0,Reader_1_4.csv
198,0,0,0,Reader_1_5.csv
198,0,0,0,Reader_1_6.csv
198,0,0,0,Reader_1_7.csv
198,1,0,1,Reader_1_8.csv
198,0,0,0,Reader_1_9.csv
198,1,1,0,Reader_2_1.csv
198,0,0,0,Reader_2_10.csv
198,0,0,0,Reader_2_11.csv
198,1,0,1,Reader_2_12.csv
198,0,0,0,Reader_2_2.csv
198,3,3,0,Reader_2_3.csv
198,2,1,1,Reader_2_4.csv
198,2,2,0,Reader_2_5.csv
198,0,0,0,Reader_2_6.csv
198,0,0,0,Reader_2_7.csv
198,0,0,0,Reader_2_8.csv
198,0,0,0,Reader_2_9.csv
198,83,49,34,reader_3_1.csv
198,67,61,6,Reader_3_2.csv
198,13,9,4,Reader_3_3.csv
198,13,9,4,Reader_3_4.csv
198,4,1,3,Reader_3_5.csv
198,7,6,1,Reader_3_6.csv
198,13,12,1,Reader_3_7.csv
199,22,20,2,Reader_1_1.csv
199,0,0,0,Reader_1_10.csv
199,6,6,0,Reader_1_11.csv
199,0,0,0,Reader_1_12.csv
199,2,1,1,Reader_1_2.csv
199,0,0,0,Reader_1_3.csv
199,0,0,0,Reader_1_4.csv
199,0,0,0,Reader_1_5.csv
199,0,0,0,Reader_1_6.csv
199,0,0,0,Reader_1_7.csv
199,1,0,1,Reader_1_8.csv
199,0,0,0,Reader_1_9.csv
199,1,1,0,Reader_2_1.csv
199,1,0,1,Reader_2_10.csv
199,0,0,0,Reader_2_11.csv
199,1,0,1,Reader_2_12.csv
199,0,0,0,Reader_2_2.csv
199,3,3,0,Reader_2_3.csv
199,1,0,1,Reader_2_4.csv
199,2,2,0,Reader_2_5.csv
199,0,0,0,Reader_2_6.csv
199,0,0,0,Reader_2_7.csv
199,0,0,0,Reader_2_8.csv
199,0,0,0,Reader_2_9.csv
199,88,53,35,reader_3_1.csv
199,69,63,6,Reader_3_2.csv
199,15,10,5,Reader_3_3.csv
199,15,10,5,Reader_3_4.csv
199,4,1,3,Reader_3_5.csv
199,7,6,1,Reader_3_6.csv
199,13,12,1,Reader_3_7.csv
200,18,16,2,Reader_1_1.csv
200,0,0,0,Reader_1_10.csv
200,6,6,0,Reader_1_11.csv
200,0,0,0,Reader_1_12.csv
200,3,2,1,Reader_1_2.csv
200,0,0,0,Reader_1_3.csv
200,0,0,0,Reader_1_4.csv
200,0,0,0,Reader_1_5.csv
200,0,0,0,Reader_1_6.csv
200,0,0,0,Reader_1_7.csv
200,1,0,1,Reader_1_8.csv
200,0,0,0,Reader_1_9.csv
200,1,1,0,Reader_2_1.csv
200,1,0,1,Reader_2_10.csv
200,0,0,0,Reader_2_11.csv
200,1,0,1,Reader_2_12.csv
200,0,0,0,Reader_2_2.csv
200,3,3,0,Reader_2_3.csv
200,1,0,1,Reader_2_4.csv
200,3,3,0,Reader_2_5.csv
200,0,0,0,Reader_2_6.csv
200,0,0,0,Reader_2_7.csv
200,0,0,0,Reader_2_8.csv
200,0,0,0,Reader_2_9.csv
200,87,55,32,reader_3_1.csv
200,70,64,6,Reader_3_2.csv
200,13,10,3,Reader_3_3.csv
200,13,10,3,Reader_3_4.csv
200,5,3,2,Reader_3_5.csv
200,7,6,1,Reader_3_6.csv
200,14,13,1,Reader_3_7.csv
201,18,17,1,Reader_1_1.csv
201,0,0,0,Reader_1_10.csv
201,5,5,0,Reader_1_11.csv
201,0,0,0,Reader_1_12.csv
201,3,2,1,Reader_1_2.csv
201,0,0,0,Reader_1_3.csv
201,0,0,0,Reader_1_4.csv
201,0,0,0,Reader_1_5.csv
201,0,0,0,Reader_1_6.csv
201,0,0,0,Reader_1_7.csv
201,0,0,0,Reader_1_8.csv
201,0,0,0,Reader_1_9.csv
201,1,1,0,Reader_2_1.csv
201,1,0,1,Reader_2_10.csv
201,0,0,0,Reader_2_11.csv
201,2,1,1,Reader_2_12.csv
201,0,0,0,Reader_2_2.csv
201,5,4,1,Reader_2_3.csv
201,1,0,1,Reader_2_4.csv
201,4,4,0,Reader_2_5.csv
201,0,0,0,Reader_2_6.csv
201,0,0,0,Reader_2_7.csv
201,0,0,0,Reader_2_8.csv
201,0,0,0,Reader_2_9.csv
201,92,56,36,reader_3_1.csv
201,64,57,7,Reader_3_2.csv
201,10,7,3,Reader_3_3.csv
201,10,7,3,Reader_3_4.csv
201,4,2,2,Reader_3_5.csv
201,8,7,1,Reader_3_6.csv
201,13,12,1,Reader_3_7.csv
202,15,14,1,Reader_1_1.csv
202,0,0,0,Reader_1_10.csv
202,5,5,0,Reader_1_11.csv
202,0,0,0,Reader_1_12.csv
202,3,2,1,Reader_1_2.csv
202,0,0,0,Reader_1_3.csv
202,0,0,0,Reader_1_4.csv
202,0,0,0,Reader_1_5.csv
202,0,0,0,Reader_1_6.csv
202,0,0,0,Reader_1_7.csv
202,0,0,0,Reader_1_8.csv
202,0,0,0,Reader_1_9.csv
202,1,1,0,Reader_2_1.csv
202,1,0,1,Reader_2_10.csv
202,0,0,0,Reader_2_11.csv
202,2,1,1,Reader_2_12.csv
202,0,0,0,Reader_2_2.csv
202,5,4,1,Reader_2_3.csv
202,2,1,1,Reader_2_4.csv
202,4,4,0,Reader_2_5.csv
202,0,0,0,Reader_2_6.csv
202,0,0,0,Reader_2_7.csv
202,0,0,0,Reader_2_8.csv
202,0,0,0,Reader_2_9.csv
202,90,53,37,reader_3_1.csv
202,68,61,7,Reader_3_2.csv
202,13,8,5,Reader_3_3.csv
202,13,8,5,Reader_3_4.csv
202,4,2,2,Reader_3_5.csv
202,6,5,1,Reader_3_6.csv
202,14,13,1,Reader_3_7.csv
203,15,13,2,Reader_1_1.csv
203,0,0,0,Reader_1_10.csv
203,4,4,0,Reader_1_11.csv
203,0,0,0,Reader_1_12.csv
203,2,1,1,Reader_1_2.csv
203,0,0,0,Reader_1_3.csv
203,0,0,0,Reader_1_4.csv
203,0,0,0,Reader_1_5.csv
203,0,0,0,Reader_1_6.csv
203,1,1,0,Reader_1_7.csv
203,0,0,0,Reader_1_8.csv
203,0,0,0,Reader_1_9.csv
203,1,1,0,Reader_2_1.csv
203,2,1,1,Reader_2_10.csv
203,0,0,0,Reader_2_11.csv
203,2,1,1,Reader_2_12.csv
203,0,0,0,Reader_2_2.csv
203,4,3,1,Reader_2_3.csv
203,2,1,1,Reader_2_4.csv
203,5,5,0,Reader_2_5.csv
203,0,0,0,Reader_2_6.csv
203,0,0,0,Reader_2_7.csv
203,0,0,0,Reader_2_8.csv
203,0,0,0,Reader_2_9.csv
203,87,49,38,reader_3_1.csv
203,64,59,5,Reader_3_2.csv
203,9,5,4,Reader_3_3.csv
203,9,5,4,Reader_3_4.csv
203,5,3,2,Reader_3_5.csv
203,6,5,1,Reader_3_6.csv
203,12,11,1,Reader_3_7.csv
204,14,13,1,Reader_1_1.csv
204,0,0,0,Reader_1_10.csv
204,5,5,0,Reader_1_11.csv
204,0,0,0,Reader_1_12.csv
204,1,1,0,Reader_1_2.csv
204,1,1,0,Reader_1_3.csv
204,0,0,0,Reader_1_4.csv
204,0,0,0,Reader_1_5.csv
204,0,0,0,Reader_1_6.csv
204,2,2,0,Reader_1_7.csv
204,1,0,1,Reader_1_8.csv
204,0,0,0,Reader_1_9.csv
204,0,0,0,Reader_2_1.csv
204,2,1,1,Reader_2_10.csv
204,0,0,0,Reader_2_11.csv
204,1,1,0,Reader_2_12.csv
204,0,0,0,Reader_2_2.csv
204,3,2,1,Reader_2_3.csv
204,2,1,1,Reader_2_4.csv
204,6,6,0,Reader_2_5.csv
204,0,0,0,Reader_2_6.csv
204,0,0,0,Reader_2_7.csv
204,0,0,0,Reader_2_8.csv
204,0,0,0,Reader_2_9.csv
204,85,50,35,reader_3_1.csv
204,62,59,3,Reader_3_2.csv
204,8,5,3,Reader_3_3.csv
204,8,5,3,Reader_3_4.csv
204,4,3,1,Reader_3_5.csv
204,6,5,1,Reader_3_6.csv
204,12,11,1,Reader_3_7.csv
205,16,15,1,Reader_1_1.csv
205,0,0,0,Reader_1_10.csv
205,3,3,0,Reader_1_11.csv
205,0,0,0,Reader_1_12.csv
205,1,1,0,Reader_1_2.csv
205,2,1,1,Reader_1_3.csv
205,0,0,0,Reader_1_4.csv
205,0,0,0,Reader_1_5.csv
205,0,0,0,Reader_1_6.csv
205,2,2,0,Reader_1_7.csv
205,1,0,1,Reader_1_8.csv
205,0,0,0,Reader_1_9.csv
205,0,0,0,Reader_2_1.csv
205,2,1,1,Reader_2_10.csv
205,0,0,0,Reader_2_11.csv
205,2,2,0,Reader_2_12.csv
205,0,0,0,Reader_2_2.csv
205,3,2,1,Reader_2_3.csv
205,2,1,1,Reader_2_4.csv
205,4,4,0,Reader_2_5.csv
205,0,0,0,Reader_2_6.csv
205,0,0,0,Reader_2_7.csv
205,0,0,0,Reader_2_8.csv
205,0,0,0,Reader_2_9.csv
205,87,51,36,reader_3_1.csv
205,47,45,2,Reader_3_2.csv
205,10,6,4,Reader_3_3.csv
205,10,6,4,Reader_3_4.csv
205,4,3,1,Reader_3_5.csv
205,5,4,1,Reader_3_6.csv
205,14,12,2,Reader_3_7.csv
206,15,14,1,Reader_1_1.csv
206,0,0,0,Reader_1_10.csv
206,3,3,0,Reader_1_11.csv
206,0,0,0,Reader_1_12.csv
206,1,1,0,Reader_1_2.csv
206,2,1,1,Reader_1_3.csv
206,0,0,0,Reader_1_4.csv
206,0,0,0,Reader_1_5.csv
206,0,0,0,Reader_1_6.csv
206,2,2,0,Reader_1_7.csv
206,1,0,1,Reader_1_8.csv
206,0,0,0,Reader_1_9.csv
206,0,0,0,Reader_2_1.csv
206,2,1,1,Reader_2_10.csv
206,0,0,0,Reader_2_11.csv
206,2,2,0,Reader_2_12.csv
206,0,0,0,Reader_2_2.csv
206,3,2,1,Reader_2_3.csv
206,2,2,0,Reader_2_4.csv
206,4,4,0,Reader_2_5.csv
206,0,0,0,Reader_2_6.csv
206,0,0,0,Reader_2_7.csv
206,0,0,0,Reader_2_8.csv
206,0,0,0,Reader_2_9.csv
206,86,49,37,reader_3_1.csv
206,48,44,4,Reader_3_2.csv
206,9,5,4,Reader_3_3.csv
206,9,5,4,Reader_3_4.csv
206,4,3,1,Reader_3_5.csv
206,4,3,1,Reader_3_6.csv
206,15,13,2,Reader_3_7.csv
207,16,14,2,Reader_1_1.csv
207,0,0,0,Reader_1_10.csv
207,5,5,0,Reader_1_11.csv
207,0,0,0,Reader_1_12.csv
207,1,1,0,Reader_1_2.csv
207,2,1,1,Reader_1_3.csv
207,0,0,0,Reader_1_4.csv
207,1,1,0,Reader_1_5.csv
207,0,0,0,Reader_1_6.csv
207,4,3,1,Reader_1_7.csv
207,1,0,1,Reader_1_8.csv
207,0,0,0,Reader_1_9.csv
207,1,0,1,Reader_2_1.csv
207,1,1,0,Reader_2_10.csv
207,0,0,0,Reader_2_11.csv
207,2,2,0,Reader_2_12.csv
207,0,0,0,Reader_2_2.csv
207,4,3,1,Reader_2_3.csv
207,2,2,0,Reader_2_4.csv
207,4,4,0,Reader_2_5.csv
207,0,0,0,Reader_2_6.csv
207,0,0,0,Reader_2_7.csv
207,0,0,0,Reader_2_8.csv
207,0,0,0,Reader_2_9.csv
207,87,47,40,reader_3_1.csv
207,50,46,4,Reader_3_2.csv
207,7,4,3,Reader_3_3.csv
207,7,4,3,Reader_3_4.csv
207,6,5,1,Reader_3_5.csv
207,4,3,1,Reader_3_6.csv
207,13,12,1,Reader_3_7.csv
208,18,16,2,Reader_1_1.csv
208,0,0,0,Reader_1_10.csv
208,5,5,0,Reader_1_11.csv
208,0,0,0,Reader_1_12.csv
208,0,0,0,Reader_1_2.csv
208,2,1,1,Reader_1_3.csv
208,0,0,0,Reader_1_4.csv
208,1,1,0,Reader_1_5.csv
208,1,1,0,Reader_1_6.csv
208,4,3,1,Reader_1_7.csv
208,1,0,1,Reader_1_8.csv
208,1,1,0,Reader_1_9.csv
208,2,1,1,Reader_2_1.csv
208,1,1,0,Reader_2_10.csv
208,0,0,0,Reader_2_11.csv
208,2,2,0,Reader_2_12.csv
208,0,0,0,Reader_2_2.csv
208,4,3,1,Reader_2_3.csv
208,2,2,0,Reader_2_4.csv
208,3,3,0,Reader_2_5.csv
208,0,0,0,Reader_2_6.csv
208,0,0,0,Reader_2_7.csv
208,1,0,1,Reader_2_8.csv
208,0,0,0,Reader_2_9.csv
208,85,43,42,reader_3_1.csv
208,47,43,4,Reader_3_2.csv
208,9,6,3,Reader_3_3.csv
208,9,6,3,Reader_3_4.csv
208,5,4,1,Reader_3_5.csv
208,4,3,1,Reader_3_6.csv
208,13,12,1,Reader_3_7.csv
209,16,14,2,Reader_1_1.csv
209,0,0,0,Reader_1_10.csv
209,5,5,0,Reader_1_11.csv
209,0,0,0,Reader_1_12.csv
209,1,1,0,Reader_1_2.csv
209,4,3,1,Reader_1_3.csv
209,0,0,0,Reader_1_4.csv
209,2,2,0,Reader_1_5.csv
209,1,1,0,Reader_1_6.csv
209,4,3,1,Reader_1_7.csv
209,1,0,1,Reader_1_8.csv
209,1,1,0,Reader_1_9.csv
209,3,2,1,Reader_2_1.csv
209,2,2,0,Reader_2_10.csv
209,0,0,0,Reader_2_11.csv
209,2,2,0,Reader_2_12.csv
209,0,0,0,Reader_2_2.csv
209,2,2,0,Reader_2_3.csv
209,2,2,0,Reader_2_4.csv
209,2,2,0,Reader_2_5.csv
209,0,0,0,Reader_2_6.csv
209,0,0,0,Reader_2_7.csv
209,1,0,1,Reader_2_8.csv
209,0,0,0,Reader_2_9.csv
209,78,41,37,reader_3_1.csv
209,47,44,3,Reader_3_2.csv
209,9,6,3,Reader_3_3.csv
209,9,6,3,Reader_3_4.csv
209,6,5,1,Reader_3_5.csv
209,3,2,1,Reader_3_6.csv
209,11,10,1,Reader_3_7.csv
210,17,15,2,Reader_1_1.csv
210,0,0,0,Reader_1_10.csv
210,5,5,0,Reader_1_11.csv
210,0,0,0,Reader_1_12.csv
210,1,1,0,Reader_1_2.csv
210,5,4,1,Reader_1_3.csv
210,0,0,0,Reader_1_4.csv
210,2,2,0,Reader_1_5.csv
210,1,1,0,Reader_1_6.csv
210,4,3,1,Reader_1_7.csv
210,1,0,1,Reader_1_8.csv
210,1,1,0,Reader_1_9.csv
210,3,2,1,Reader_2_1.csv
210,2,2,0,Reader_2_10.csv
210,0,0,0,Reader_2_11.csv
210,2,2,0,Reader_2_12.csv
210,0,0,0,Reader_2_2.csv
210,3,3,0,Reader_2_3.csv
210,3,2,1,Reader_2_4.csv
210,2,2,0,Reader_2_5.csv
210,0,0,0,Reader_2_6.csv
210,0,0,0,Reader_2_7.csv
210,1,0,1,Reader_2_8.csv
210,0,0,0,Reader_2_9.csv
210,81,43,38,reader_3_1.csv
210,48,43,5,Reader_3_2.csv
210,8,6,2,Reader_3_3.csv
210,8,6,2,Reader_3_4.csv
210,7,6,1,Reader_3_5.csv
210,4,2,2,Reader_3_6.csv
210,10,9,1,Reader_3_7.csv
211,18,16,2,Reader_1_1.csv
211,0,0,0,Reader_1_10.csv
211,5,5,0,Reader_1_11.csv
211,0,0,0,Reader_1_12.csv
211,1,1,0,Reader_1_2.csv
211,5,4,1,Reader_1_3.csv
211,0,0,0,Reader_1_4.csv
211,2,2,0,Reader_1_5.csv
211,1,1,0,Reader_1_6.csv
211,3,2,1,Reader_1_7.csv
211,1,0,1,Reader_1_8.csv
211,1,1,0,Reader_1_9.csv
211,4,3,1,Reader_2_1.csv
211,2,2,0,Reader_2_10.csv
211,0,0,0,Reader_2_11.csv
211,2,2,0,Reader_2_12.csv
211,0,0,0,Reader_2_2.csv
211,3,3,0,Reader_2_3.csv
211,5,4,1,Reader_2_4.csv
211,1,1,0,Reader_2_5.csv
211,0,0,0,Reader_2_6.csv
211,0,0,0,Reader_2_7.csv
211,1,0,1,Reader_2_8.csv
211,0,0,0,Reader_2_9.csv
211,82,45,37,reader_3_1.csv
211,56,49,7,Reader_3_2.csv
211,9,6,3,Reader_3_3.csv
211,9,6,3,Reader_3_4.csv
211,6,5,1,Reader_3_5.csv
211,4,3,1,Reader_3_6.csv
211,11,10,1,Reader_3_7.csv
212,17,15,2,Reader_1_1.csv
212,0,0,0,Reader_1_10.csv
212,3,3,0,Reader_1_11.csv
212,0,0,0,Reader_1_12.csv
212,1,1,0,Reader_1_2.csv
212,5,4,1,Reader_1_3.csv
212,0,0,0,Reader_1_4.csv
212,2,2,0,Reader_1_5.csv
212,1,1,0,Reader_1_6.csv
212,3,1,2,Reader_1_7.csv
212,0,0,0,Reader_1_8.csv
212,1,1,0,Reader_1_9.csv
212,4,3,1,Reader_2_1.csv
212,2,2,0,Reader_2_10.csv
212,0,0,0,Reader_2_11.csv
212,3,2,1,Reader_2_12.csv
212,0,0,0,Reader_2_2.csv
212,3,3,0,Reader_2_3.csv
212,5,4,1,Reader_2_4.csv
212,0,0,0,Reader_2_5.csv
212,0,0,0,Reader_2_6.csv
212,0,0,0,Reader_2_7.csv
212,1,0,1,Reader_2_8.csv
212,0,0,0,Reader_2_9.csv
212,84,44,40,reader_3_1.csv
212,57,49,8,Reader_3_2.csv
212,12,7,5,Reader_3_3.csv
212,12,7,5,Reader_3_4.csv
212,7,6,1,Reader_3_5.csv
212,4,3,1,Reader_3_6.csv
212,8,6,2,Reader_3_7.csv
213,14,12,2,Reader_1_1.csv
213,0,0,0,Reader_1_10.csv
213,3,3,0,Reader_1_11.csv
213,0,0,0,Reader_1_12.csv
213,1,1,0,Reader_1_2.csv
213,5,5,0,Reader_1_3.csv
213,0,0,0,Reader_1_4.csv
213,3,2,1,Reader_1_5.csv
213,1,1,0,Reader_1_6.csv
213,3,1,2,Reader_1_7.csv
213,0,0,0,Reader_1_8.csv
213,1,1,0,Reader_1_9.csv
213,5,4,1,Reader_2_1.csv
213,2,2,0,Reader_2_10.csv
213,0,0,0,Reader_2_11.csv
213,3,2,1,Reader_2_12.csv
213,0,0,0,Reader_2_2.csv
213,4,4,0,Reader_2_3.csv
213,5,4,1,Reader_2_4.csv
213,0,0,0,Reader_2_5.csv
213,0,0,0,Reader_2_6.csv
213,0,0,0,Reader_2_7.csv
213,1,0,1,Reader_2_8.csv
213,0,0,0,Reader_2_9.csv
213,87,44,43,reader_3_1.csv
213,58,50,8,Reader_3_2.csv
213,12,7,5,Reader_3_3.csv
213,12,7,5,Reader_3_4.csv
213,8,7,1,Reader_3_5.csv
213,5,4,1,Reader_3_6.csv
213,5,4,1,Reader_3_7.csv
214,13,11,2,Reader_1_1.csv
214,0,0,0,Reader_1_10.csv
214,3,3,0,Reader_1_11.csv
214,0,0,0,Reader_1_12.csv
214,1,1,0,Reader_1_2.csv
214,7,7,0,Reader_1_3.csv
214,0,0,0,Reader_1_4.csv
214,3,2,1,Reader_1_5.csv
214,1,1,0,Reader_1_6.csv
214,3,1,2,Reader_1_7.csv
214,0,0,0,Reader_1_8.csv
214,1,1,0,Reader_1_9.csv
214,5,4,1,Reader_2_1.csv
214,3,3,0,Reader_2_10.csv
214,0,0,0,Reader_2_11.csv
214,3,2,1,Reader_2_12.csv
214,0,0,0,Reader_2_2.csv
214,4,4,0,Reader_2_3.csv
214,5,4,1,Reader_2_4.csv
214,0,0,0,Reader_2_5.csv
214,0,0,0,Reader_2_6.csv
214,0,0,0,Reader_2_7.csv
214,1,0,1,Reader_2_8.csv
214,0,0,0,Reader_2_9.csv
214,87,41,46,reader_3_1.csv
214,54,46,8,Reader_3_2.csv
214,14,9,5,Reader_3_3.csv
214,14,9,5,Reader_3_4.csv
214,10,9,1,Reader_3_5.csv
214,8,7,1,Reader_3_6.csv
214,4,3,1,Reader_3_7.csv
215,13,12,1,Reader_1_1.csv
215,0,0,0,Reader_1_10.csv
215,1,1,0,Reader_1_11.csv
215,0,0,0,Reader_1_12.csv
215,1,1,0,Reader_1_2.csv
215,7,7,0,Reader_1_3.csv
215,0,0,0,Reader_1_4.csv
215,2,1,1,Reader_1_5.csv
215,1,1,0,Reader_1_6.csv
215,1,0,1,Reader_1_7.csv
215,0,0,0,Reader_1_8.csv
215,1,1,0,Reader_1_9.csv
215,4,4,0,Reader_2_1.csv
215,5,5,0,Reader_2_10.csv
215,0,0,0,Reader_2_11.csv
215,3,2,1,Reader_2_12.csv
215,0,0,0,Reader_2_2.csv
215,4,4,0,Reader_2_3.csv
215,6,4,2,Reader_2_4.csv
215,0,0,0,Reader_2_5.csv
215,0,0,0,Reader_2_6.csv
215,0,0,0,Reader_2_7.csv
215,1,0,1,Reader_2_8.csv
215,0,0,0,Reader_2_9.csv
215,84,44,40,reader_3_1.csv
215,53,44,9,Reader_3_2.csv
215,14,9,5,Reader_3_3.csv
215,14,9,5,Reader_3_4.csv
215,10,8,2,Reader_3_5.csv
215,7,6,1,Reader_3_6.csv
215,6,5,1,Reader_3_7.csv
216,12,11,1,Reader_1_1.csv
216,0,0,0,Reader_1_10.csv
216,0,0,0,Reader_1_11.csv
216,0,0,0,Reader_1_12.csv
216,2,2,0,Reader_1_2.csv
216,7,7,0,Reader_1_3.csv
216,0,0,0,Reader_1_4.csv
216,2,1,1,Reader_1_5.csv
216,0,0,0,Reader_1_6.csv
216,1,0,1,Reader_1_7.csv
216,0,0,0,Reader_1_8.csv
216,0,0,0,Reader_1_9.csv
216,3,3,0,Reader_2_1.csv
216,6,6,0,Reader_2_10.csv
216,0,0,0,Reader_2_11.csv
216,3,2,1,Reader_2_12.csv
216,0,0,0,Reader_2_2.csv
216,4,4,0,Reader_2_3.csv
216,8,6,2,Reader_2_4.csv
216,0,0,0,Reader_2_5.csv
216,0,0,0,Reader_2_6.csv
216,0,0,0,Reader_2_7.csv
216,0,0,0,Reader_2_8.csv
216,1,1,0,Reader_2_9.csv
216,83,46,37,reader_3_1.csv
216,51,42,9,Reader_3_2.csv
216,13,8,5,Reader_3_3.csv
216,13,8,5,Reader_3_4.csv
216,9,7,2,Reader_3_5.csv
216,11,10,1,Reader_3_6.csv
216,6,5,1,Reader_3_7.csv
217,13,11,2,Reader_1_1.csv
217,0,0,0,Reader_1_10.csv
217,0,0,0,Reader_1_11.csv
217,0,0,0,Reader_1_12.csv
217,3,3,0,Reader_1_2.csv
217,6,6,0,Reader_1_3.csv
217,0,0,0,Reader_1_4.csv
217,1,0,1,Reader_1_5.csv
217,0,0,0,Reader_1_6.csv
217,1,0,1,Reader_1_7.csv
217,0,0,0,Reader_1_8.csv
217,0,0,0,Reader_1_9.csv
217,2,2,0,Reader_2_1.csv
217,6,6,0,Reader_2_10.csv
217,0,0,0,Reader_2_11.csv
217,2,1,1,Reader_2_12.csv
217,0,0,0,Reader_2_2.csv
217,4,4,0,Reader_2_3.csv
217,8,6,2,Reader_2_4.csv
217,0,0,0,Reader_2_5.csv
217,0,0,0,Reader_2_6.csv
217,0,0,0,Reader_2_7.csv
217,0,0,0,Reader_2_8.csv
217,1,1,0,Reader_2_9.csv
217,79,45,34,reader_3_1.csv
217,53,44,9,Reader_3_2.csv
217,14,9,5,Reader_3_3.csv
217,14,9,5,Reader_3_4.csv
217,10,8,2,Reader_3_5.csv
217,16,15,1,Reader_3_6.csv
217,6,5,1,Reader_3_7.csv
218,11,9,2,Reader_1_1.csv
218,0,0,0,Reader_1_10.csv
218,0,0,0,Reader_1_11.csv
218,0,0,0,Reader_1_12.csv
218,4,4,0,Reader_1_2.csv
218,6,6,0,Reader_1_3.csv
218,0,0,0,Reader_1_4.csv
218,1,0,1,Reader_1_5.csv
218,0,0,0,Reader_1_6.csv
218,2,1,1,Reader_1_7.csv
218,0,0,0,Reader_1_8.csv
218,0,0,0,Reader_1_9.csv
218,2,2,0,Reader_2_1.csv
218,6,6,0,Reader_2_10.csv
218,0,0,0,Reader_2_11.csv
218,2,1,1,Reader_2_12.csv
218,0,0,0,Reader_2_2.csv
218,3,3,0,Reader_2_3.csv
218,6,5,1,Reader_2_4.csv
218,1,1,0,Reader_2_5.csv
218,0,0,0,Reader_2_6.csv
218,0,0,0,Reader_2_7.csv
218,0,0,0,Reader_2_8.csv
218,1,1,0,Reader_2_9.csv
218,74,43,31,reader_3_1.csv
218,51,44,7,Reader_3_2.csv
218,11,7,4,Reader_3_3.csv
218,11,7,4,Reader_3_4.csv
218,10,8,2,Reader_3_5.csv
218,21,21,0,Reader_3_6.csv
218,7,5,2,Reader_3_7.csv
219,10,8,2,Reader_1_1.csv
219,0,0,0,Reader_1_10.csv
219,1,1,0,Reader_1_11.csv
219,0,0,0,Reader_1_12.csv
219,4,4,0,Reader_1_2.csv
219,6,6,0,Reader_1_3.csv
219,0,0,0,Reader_1_4.csv
219,2,0,2,Reader_1_5.csv
219,0,0,0,Reader_1_6.csv
219,2,1,1,Reader_1_7.csv
219,0,0,0,Reader_1_8.csv
219,0,0,0,Reader_1_9.csv
219,1,1,0,Reader_2_1.csv
219,6,6,0,Reader_2_10.csv
219,0,0,0,Reader_2_11.csv
219,2,1,1,Reader_2_12.csv
219,0,0,0,Reader_2_2.csv
219,3,3,0,Reader_2_3.csv
219,4,3,1,Reader_2_4.csv
219,1,1,0,Reader_2_5.csv
219,0,0,0,Reader_2_6.csv
219,0,0,0,Reader_2_7.csv
219,1,0,1,Reader_2_8.csv
219,1,1,0,Reader_2_9.csv
219,70,42,28,reader_3_1.csv
219,45,40,5,Reader_3_2.csv
219,12,7,5,Reader_3_3.csv
219,12,7,5,Reader_3_4.csv
219,10,8,2,Reader_3_5.csv
219,21,20,1,Reader_3_6.csv
219,7,5,2,Reader_3_7.csv
220,12,9,3,Reader_1_1.csv
220,0,0,0,Reader_1_10.csv
220,1,1,0,Reader_1_11.csv
220,0,0,0,Reader_1_12.csv
220,6,6,0,Reader_1_2.csv
220,6,6,0,Reader_1_3.csv
220,0,0,0,Reader_1_4.csv
220,2,0,2,Reader_1_5.csv
220,0,0,0,Reader_1_6.csv
220,1,1,0,Reader_1_7.csv
220,0,0,0,Reader_1_8.csv
220,0,0,0,Reader_1_9.csv
220,1,1,0,Reader_2_1.csv
220,6,6,0,Reader_2_10.csv
220,0,0,0,Reader_2_11.csv
220,1,1,0,Reader_2_12.csv
220,0,0,0,Reader_2_2.csv
220,3,3,0,Reader_2_3.csv
220,4,3,1,Reader_2_4.csv
220,1,1,0,Reader_2_5.csv
220,0,0,0,Reader_2_6.csv
220,0,0,0,Reader_2_7.csv
220,1,0,1,Reader_2_8.csv
220,1,1,0,Reader_2_9.csv
220,68,42,26,reader_3_1.csv
220,42,38,4,Reader_3_2.csv
220,12,8,4,Reader_3_3.csv
220,12,8,4,Reader_3_4.csv
220,9,7,2,Reader_3_5.csv
220,27,24,3,Reader_3_6.csv
220,6,5,1,Reader_3_7.csv
221,12,9,3,Reader_1_1.csv
221,1,0,1,Reader_1_10.csv
221,1,1,0,Reader_1_11.csv
221,0,0,0,Reader_1_12.csv
221,7,7,0,Reader_1_2.csv
221,6,6,0,Reader_1_3.csv
221,0,0,0,Reader_1_4.csv
221,1,0,1,Reader_1_5.csv
221,0,0,0,Reader_1_6.csv
221,1,1,0,Reader_1_7.csv
221,0,0,0,Reader_1_8.csv
221,0,0,0,Reader_1_9.csv
221,0,0,0,Reader_2_1.csv
221,7,7,0,Reader_2_10.csv
221,0,0,0,Reader_2_11.csv
221,0,0,0,Reader_2_12.csv
221,0,0,0,Reader_2_2.csv
221,2,2,0,Reader_2_3.csv
221,4,3,1,Reader_2_4.csv
221,1,1,0,Reader_2_5.csv
221,0,0,0,Reader_2_6.csv
221,0,0,0,Reader_2_7.csv
221,1,0,1,Reader_2_8.csv
221,1,1,0,Reader_2_9.csv
221,61,39,22,reader_3_1.csv
221,42,37,5,Reader_3_2.csv
221,11,8,3,Reader_3_3.csv
221,11,8,3,Reader_3_4.csv
221,8,6,2,Reader_3_5.csv
221,27,24,3,Reader_3_6.csv
221,8,6,2,Reader_3_7.csv
222,11,8,3,Reader_1_1.csv
222,1,0,1,Reader_1_10.csv
222,1,1,0,Reader_1_11.csv
222,0,0,0,Reader_1_12.csv
222,7,7,0,Reader_1_2.csv
222,5,4,1,Reader_1_3.csv
222,0,0,0,Reader_1_4.csv
222,1,0,1,Reader_1_5.csv
222,0,0,0,Reader_1_6.csv
222,2,2,0,Reader_1_7.csv
222,0,0,0,Reader_1_8.csv
222,0,0,0,Reader_1_9.csv
222,0,0,0,Reader_2_1.csv
222,7,7,0,Reader_2_10.csv
222,0,0,0,Reader_2_11.csv
222,0,0,0,Reader_2_12.csv
222,0,0,0,Reader_2_2.csv
222,1,1,0,Reader_2_3.csv
222,3,2,1,Reader_2_4.csv
222,1,1,0,Reader_2_5.csv
222,1,0,1,Reader_2_6.csv
222,0,0,0,Reader_2_7.csv
222,1,0,1,Reader_2_8.csv
222,1,1,0,Reader_2_9.csv
222,58,41,17,reader_3_1.csv
222,43,40,3,Reader_3_2.csv
222,11,6,5,Reader_3_3.csv
222,11,6,5,Reader_3_4.csv
222,6,4,2,Reader_3_5.csv
222,26,23,3,Reader_3_6.csv
222,8,6,2,Reader_3_7.csv
223,10,7,3,Reader_1_1.csv
223,1,0,1,Reader_1_10.csv
223,1,1,0,Reader_1_11.csv
223,0,0,0,Reader_1_12.csv
223,8,8,0,Reader_1_2.csv
223,5,4,1,Reader_1_3.csv
223,0,0,0,Reader_1_4.csv
223,1,0,1,Reader_1_5.csv
223,0,0,0,Reader_1_6.csv
223,2,2,0,Reader_1_7.csv
223,0,0,0,Reader_1_8.csv
223,0,0,0,Reader_1_9.csv
223,0,0,0,Reader_2_1.csv
223,5,5,0,Reader_2_10.csv
223,0,0,0,Reader_2_11.csv
223,1,1,0,Reader_2_12.csv
223,0,0,0,Reader_2_2.csv
223,1,1,0,Reader_2_3.csv
223,2,2,0,Reader_2_4.csv
223,1,1,0,Reader_2_5.csv
223,1,0,1,Reader_2_6.csv
223,0,0,0,Reader_2_7.csv
223,1,0,1,Reader_2_8.csv
223,2,2,0,Reader_2_9.csv
223,54,37,17,reader_3_1.csv
223,42,41,1,Reader_3_2.csv
223,13,8,5,Reader_3_3.csv
223,13,8,5,Reader_3_4.csv
223,4,3,1,Reader_3_5.csv
223,30,26,4,Reader_3_6.csv
223,7,5,2,Reader_3_7.csv
224,12,9,3,Reader_1_1.csv
224,1,0,1,Reader_1_10.csv
224,1,1,0,Reader_1_11.csv
224,0,0,0,Reader_1_12.csv
224,7,7,0,Reader_1_2.csv
224,6,5,1,Reader_1_3.csv
224,0,0,0,Reader_1_4.csv
224,1,0,1,Reader_1_5.csv
224,0,0,0,Reader_1_6.csv
224,2,2,0,Reader_1_7.csv
224,0,0,0,Reader_1_8.csv
224,0,0,0,Reader_1_9.csv
224,0,0,0,Reader_2_1.csv
224,4,4,0,Reader_2_10.csv
224,0,0,0,Reader_2_11.csv
224,1,1,0,Reader_2_12.csv
224,2,2,0,Reader_2_2.csv
224,1,1,0,Reader_2_3.csv
224,0,0,0,Reader_2_4.csv
224,1,1,0,Reader_2_5.csv
224,1,0,1,Reader_2_6.csv
224,0,0,0,Reader_2_7.csv
224,1,0,1,Reader_2_8.csv
224,1,1,0,Reader_2_9.csv
224,49,34,15,reader_3_1.csv
224,41,40,1,Reader_3_2.csv
224,12,7,5,Reader_3_3.csv
224,12,7,5,Reader_3_4.csv
224,5,4,1,Reader_3_5.csv
224,29,25,4,Reader_3_6.csv
224,6,4,2,Reader_3_7.csv
225,11,9,2,Reader_1_1.csv
225,1,0,1,Reader_1_10.csv
225,1,1,0,Reader_1_11.csv
225,0,0,0,Reader_1_12.csv
225,5,5,0,Reader_1_2.csv
225,6,5,1,Reader_1_3.csv
225,0,0,0,Reader_1_4.csv
225,1,0,1,Reader_1_5.csv
225,0,0,0,Reader_1_6.csv
225,3,3,0,Reader_1_7.csv
225,0,0,0,Reader_1_8.csv
225,0,0,0,Reader_1_9.csv
225,0,0,0,Reader_2_1.csv
225,5,5,0,Reader_2_10.csv
225,0,0,0,Reader_2_11.csv
225,1,1,0,Reader_2_12.csv
225,2,2,0,Reader_2_2.csv
225,2,2,0,Reader_2_3.csv
225,0,0,0,Reader_2_4.csv
225,1,1,0,Reader_2_5.csv
225,1,0,1,Reader_2_6.csv
225,0,0,0,Reader_2_7.csv
225,1,0,1,Reader_2_8.csv
225,1,1,0,Reader_2_9.csv
225,46,31,15,reader_3_1.csv
225,40,39,1,Reader_3_2.csv
225,13,7,6,Reader_3_3.csv
225,13,7,6,Reader_3_4.csv
225,5,4,1,Reader_3_5.csv
225,25,21,4,Reader_3_6.csv
225,6,4,2,Reader_3_7.csv
226,12,9,3,Reader_1_1.csv
226,1,0,1,Reader_1_10.csv
226,1,1,0,Reader_1_11.csv
226,0,0,0,Reader_1_12.csv
226,5,5,0,Reader_1_2.csv
226,5,4,1,Reader_1_3.csv
226,0,0,0,Reader_1_4.csv
226,1,0,1,Reader_1_5.csv
226,0,0,0,Reader_1_6.csv
226,2,2,0,Reader_1_7.csv
226,0,0,0,Reader_1_8.csv
226,0,0,0,Reader_1_9.csv
226,0,0,0,Reader_2_1.csv
226,6,6,0,Reader_2_10.csv
226,0,0,0,Reader_2_11.csv
226,1,1,0,Reader_2_12.csv
226,2,2,0,Reader_2_2.csv
226,3,3,0,Reader_2_3.csv
226,0,0,0,Reader_2_4.csv
226,0,0,0,Reader_2_5.csv
226,1,0,1,Reader_2_6.csv
226,0,0,0,Reader_2_7.csv
226,1,0,1,Reader_2_8.csv
226,1,1,0,Reader_2_9.csv
226,40,30,10,reader_3_1.csv
226,37,35,2,Reader_3_2.csv
226,15,9,6,Reader_3_3.csv
226,15,9,6,Reader_3_4.csv
226,7,6,1,Reader_3_5.csv
226,19,15,4,Reader_3_6.csv
226,4,3,1,Reader_3_7.csv
227,10,8,2,Reader_1_1.csv
227,2,1,1,Reader_1_10.csv
227,0,0,0,Reader_1_11.csv
227,0,0,0,Reader_1_12.csv
227,5,5,0,Reader_1_2.csv
227,5,4,1,Reader_1_3.csv
227,0,0,0,Reader_1_4.csv
227,0,0,0,Reader_1_5.csv
227,0,0,0,Reader_1_6.csv
227,2,2,0,Reader_1_7.csv
227,0,0,0,Reader_1_8.csv
227,0,0,0,Reader_1_9.csv
227,0,0,0,Reader_2_1.csv
227,5,5,0,Reader_2_10.csv
227,0,0,0,Reader_2_11.csv
227,1,1,0,Reader_2_12.csv
227,2,2,0,Reader_2_2.csv
227,4,4,0,Reader_2_3.csv
227,0,0,0,Reader_2_4.csv
227,0,0,0,Reader_2_5.csv
227,2,0,2,Reader_2_6.csv
227,0,0,0,Reader_2_7.csv
227,0,0,0,Reader_2_8.csv
227,1,1,0,Reader_2_9.csv
227,41,31,10,reader_3_1.csv
227,35,33,2,Reader_3_2.csv
227,15,11,4,Reader_3_3.csv
227,15,11,4,Reader_3_4.csv
227,8,7,1,Reader_3_5.csv
227,19,16,3,Reader_3_6.csv
227,4,3,1,Reader_3_7.csv
228,8,7,1,Reader_1_1.csv
228,2,1,1,Reader_1_10.csv
228,0,0,0,Reader_1_11.csv
228,0,0,0,Reader_1_12.csv
228,3,3,0,Reader_1_2.csv
228,4,3,1,Reader_1_3.csv
228,0,0,0,Reader_1_4.csv
228,0,0,0,Reader_1_5.csv
228,0,0,0,Reader_1_6.csv
228,2,2,0,Reader_1_7.csv
228,0,0,0,Reader_1_8.csv
228,0,0,0,Reader_1_9.csv
228,0,0,0,Reader_2_1.csv
228,5,5,0,Reader_2_10.csv
228,0,0,0,Reader_2_11.csv
228,2,2,0,Reader_2_12.csv
228,2,2,0,Reader_2_2.csv
228,4,4,0,Reader_2_3.csv
228,0,0,0,Reader_2_4.csv
228,0,0,0,Reader_2_5.csv
228,2,0,2,Reader_2_6.csv
228,0,0,0,Reader_2_7.csv
228,0,0,0,Reader_2_8.csv
228,1,1,0,Reader_2_9.csv
228,38,27,11,reader_3_1.csv
228,32,30,2,Reader_3_2.csv
228,12,9,3,Reader_3_3.csv
228,12,9,3,Reader_3_4.csv
228,14,13,1,Reader_3_5.csv
228,14,13,1,Reader_3_6.csv
228,4,3,1,Reader_3_7.csv
229,8,7,1,Reader_1_1.csv
229,1,1,0,Reader_1_10.csv
229,1,1,0,Reader_1_11.csv
229,0,0,0,Reader_1_12.csv
229,2,2,0,Reader_1_2.csv
229,3,2,1,Reader_1_3.csv
229,0,0,0,Reader_1_4.csv
229,0,0,0,Reader_1_5.csv
229,0,0,0,Reader_1_6.csv
229,2,2,0,Reader_1_7.csv
229,0,0,0,Reader_1_8.csv
229,0,0,0,Reader_1_9.csv
229,1,0,1,Reader_2_1.csv
229,4,4,0,Reader_2_10.csv
229,0,0,0,Reader_2_11.csv
229,2,2,0,Reader_2_12.csv
229,2,2,0,Reader_2_2.csv
229,5,5,0,Reader_2_3.csv
229,0,0,0,Reader_2_4.csv
229,0,0,0,Reader_2_5.csv
229,2,0,2,Reader_2_6.csv
229,0,0,0,Reader_2_7.csv
229,0,0,0,Reader_2_8.csv
229,1,1,0,Reader_2_9.csv
229,32,24,8,reader_3_1.csv
229,32,30,2,Reader_3_2.csv
229,11,8,3,Reader_3_3.csv
229,11,8,3,Reader_3_4.csv
229,20,19,1,Reader_3_5.csv
229,13,12,1,Reader_3_6.csv
229,2,2,0,Reader_3_7.csv
230,8,7,1,Reader_1_1.csv
230,1,1,0,Reader_1_10.csv
230,1,1,0,Reader_1_11.csv
230,0,0,0,Reader_1_12.csv
230,2,2,0,Reader_1_2.csv
230,3,3,0,Reader_1_3.csv
230,0,0,0,Reader_1_4.csv
230,0,0,0,Reader_1_5.csv
230,0,0,0,Reader_1_6.csv
230,1,1,0,Reader_1_7.csv
230,0,0,0,Reader_1_8.csv
230,0,0,0,Reader_1_9.csv
230,1,0,1,Reader_2_1.csv
230,4,4,0,Reader_2_10.csv
230,0,0,0,Reader_2_11.csv
230,3,3,0,Reader_2_12.csv
230,3,3,0,Reader_2_2.csv
230,6,6,0,Reader_2_3.csv
230,0,0,0,Reader_2_4.csv
230,0,0,0,Reader_2_5.csv
230,1,0,1,Reader_2_6.csv
230,0,0,0,Reader_2_7.csv
230,0,0,0,Reader_2_8.csv
230,1,1,0,Reader_2_9.csv
230,34,24,10,reader_3_1.csv
230,27,25,2,Reader_3_2.csv
230,9,8,1,Reader_3_3.csv
230,9,8,1,Reader_3_4.csv
230,23,22,1,Reader_3_5.csv
230,12,11,1,Reader_3_6.csv
230,2,2,0,Reader_3_7.csv
231,7,6,1,Reader_1_1.csv
231,1,1,0,Reader_1_10.csv
231,1,1,0,Reader_1_11.csv
231,0,0,0,Reader_1_12.csv
231,1,1,0,Reader_1_2.csv
231,3,3,0,Reader_1_3.csv
231,0,0,0,Reader_1_4.csv
231,0,0,0,Reader_1_5.csv
231,0,0,0,Reader_1_6.csv
231,1,1,0,Reader_1_7.csv
231,0,0,0,Reader_1_8.csv
231,0,0,0,Reader_1_9.csv
231,1,0,1,Reader_2_1.csv
231,4,4,0,Reader_2_10.csv
231,0,0,0,Reader_2_11.csv
231,2,2,0,Reader_2_12.csv
231,3,3,0,Reader_2_2.csv
231,6,6,0,Reader_2_3.csv
231,0,0,0,Reader_2_4.csv
231,0,0,0,Reader_2_5.csv
231,1,0,1,Reader_2_6.csv
231,0,0,0,Reader_2_7.csv
231,0,0,0,Reader_2_8.csv
231,0,0,0,Reader_2_9.csv
231,34,25,9,reader_3_1.csv
231,35,33,2,Reader_3_2.csv
231,7,6,1,Reader_3_3.csv
231,7,6,1,Reader_3_4.csv
231,24,23,1,Reader_3_5.csv
231,10,10,0,Reader_3_6.csv
231,1,1,0,Reader_3_7.csv
232,4,3,1,Reader_1_1.csv
232,1,1,0,Reader_1_10.csv
232,2,2,0,Reader_1_11.csv
232,0,0,0,Reader_1_12.csv
232,1,1,0,Reader_1_2.csv
232,2,2,0,Reader_1_3.csv
232,0,0,0,Reader_1_4.csv
232,1,1,0,Reader_1_5.csv
232,3,3,0,Reader_1_6.csv
232,2,2,0,Reader_1_7.csv
232,0,0,0,Reader_1_8.csv
232,0,0,0,Reader_1_9.csv
232,1,0,1,Reader_2_1.csv
232,4,4,0,Reader_2_10.csv
232,0,0,0,Reader_2_11.csv
232,2,2,0,Reader_2_12.csv
232,1,1,0,Reader_2_2.csv
232,7,7,0,Reader_2_3.csv
232,0,0,0,Reader_2_4.csv
232,0,0,0,Reader_2_5.csv
232,1,0,1,Reader_2_6.csv
232,0,0,0,Reader_2_7.csv
232,0,0,0,Reader_2_8.csv
232,1,1,0,Reader_2_9.csv
232,35,26,9,reader_3_1.csv
232,36,32,4,Reader_3_2.csv
232,10,9,1,Reader_3_3.csv
232,10,9,1,Reader_3_4.csv
232,26,25,1,Reader_3_5.csv
232,9,9,0,Reader_3_6.csv
232,1,1,0,Reader_3_7.csv
233,4,2,2,Reader_1_1.csv
233,1,1,0,Reader_1_10.csv
233,2,2,0,Reader_1_11.csv
233,0,0,0,Reader_1_12.csv
233,3,3,0,Reader_1_2.csv
233,1,1,0,Reader_1_3.csv
233,0,0,0,Reader_1_4.csv
233,2,2,0,Reader_1_5.csv
233,3,3,0,Reader_1_6.csv
233,2,2,0,Reader_1_7.csv
233,0,0,0,Reader_1_8.csv
233,1,1,0,Reader_1_9.csv
233,1,0,1,Reader_2_1.csv
233,3,3,0,Reader_2_10.csv
233,0,0,0,Reader_2_11.csv
233,2,2,0,Reader_2_12.csv
233,2,2,0,Reader_2_2.csv
233,6,6,0,Reader_2_3.csv
233,0,0,0,Reader_2_4.csv
233,0,0,0,Reader_2_5.csv
233,1,0,1,Reader_2_6.csv
233,0,0,0,Reader_2_7.csv
233,0,0,0,Reader_2_8.csv
233,1,1,0,Reader_2_9.csv
233,33,25,8,reader_3_1.csv
233,36,31,5,Reader_3_2.csv
233,11,9,2,Reader_3_3.csv
233,11,9,2,Reader_3_4.csv
233,28,27,1,Reader_3_5.csv
233,10,10,0,Reader_3_6.csv
233,2,2,0,Reader_3_7.csv
234,5,4,1,Reader_1_1.csv
234,1,1,0,Reader_1_10.csv
234,3,2,1,Reader_1_11.csv
234,0,0,0,Reader_1_12.csv
234,2,2,0,Reader_1_2.csv
234,1,1,0,Reader_1_3.csv
234,0,0,0,Reader_1_4.csv
234,2,2,0,Reader_1_5.csv
234,3,3,0,Reader_1_6.csv
234,3,3,0,Reader_1_7.csv
234,0,0,0,Reader_1_8.csv
234,1,1,0,Reader_1_9.csv
234,1,0,1,Reader_2_1.csv
234,2,2,0,Reader_2_10.csv
234,0,0,0,Reader_2_11.csv
234,2,2,0,Reader_2_12.csv
234,2,2,0,Reader_2_2.csv
234,6,6,0,Reader_2_3.csv
234,1,0,1,Reader_2_4.csv
234,0,0,0,Reader_2_5.csv
234,1,0,1,Reader_2_6.csv
234,0,0,0,Reader_2_7.csv
234,0,0,0,Reader_2_8.csv
234,1,1,0,Reader_2_9.csv
234,33,26,7,reader_3_1.csv
234,34,30,4,Reader_3_2.csv
234,10,8,2,Reader_3_3.csv
234,10,8,2,Reader_3_4.csv
234,26,25,1,Reader_3_5.csv
234,12,12,0,Reader_3_6.csv
234,2,2,0,Reader_3_7.csv
235,6,5,1,Reader_1_1.csv
235,0,0,0,Reader_1_10.csv
235,3,2,1,Reader_1_11.csv
235,0,0,0,Reader_1_12.csv
235,2,2,0,Reader_1_2.csv
235,2,2,0,Reader_1_3.csv
235,0,0,0,Reader_1_4.csv
235,2,2,0,Reader_1_5.csv
235,4,3,1,Reader_1_6.csv
235,3,3,0,Reader_1_7.csv
235,1,1,0,Reader_1_8.csv
235,1,1,0,Reader_1_9.csv
235,1,0,1,Reader_2_1.csv
235,3,3,0,Reader_2_10.csv
235,0,0,0,Reader_2_11.csv
235,2,2,0,Reader_2_12.csv
235,2,2,0,Reader_2_2.csv
235,5,5,0,Reader_2_3.csv
235,1,0,1,Reader_2_4.csv
235,0,0,0,Reader_2_5.csv
235,0,0,0,Reader_2_6.csv
235,0,0,0,Reader_2_7.csv
235,0,0,0,Reader_2_8.csv
235,1,1,0,Reader_2_9.csv
235,33,27,6,reader_3_1.csv
235,35,31,4,Reader_3_2.csv
235,11,9,2,Reader_3_3.csv
235,11,9,2,Reader_3_4.csv
235,26,25,1,Reader_3_5.csv
235,12,12,0,Reader_3_6.csv
235,1,1,0,Reader_3_7.csv
236,8,6,2,Reader_1_1.csv
236,0,0,0,Reader_1_10.csv
236,3,2,1,Reader_1_11.csv
236,1,1,0,Reader_1_12.csv
236,3,2,1,Reader_1_2.csv
236,2,2,0,Reader_1_3.csv
236,0,0,0,Reader_1_4.csv
236,2,2,0,Reader_1_5.csv
236,4,3,1,Reader_1_6.csv
236,3,3,0,Reader_1_7.csv
236,1,1,0,Reader_1_8.csv
236,1,1,0,Reader_1_9.csv
236,1,0,1,Reader_2_1.csv
236,3,3,0,Reader_2_10.csv
236,0,0,0,Reader_2_11.csv
236,1,1,0,Reader_2_12.csv
236,2,2,0,Reader_2_2.csv
236,6,6,0,Reader_2_3.csv
236,1,0,1,Reader_2_4.csv
236,0,0,0,Reader_2_5.csv
236,0,0,0,Reader_2_6.csv
236,0,0,0,Reader_2_7.csv
236,0,0,0,Reader_2_8.csv
236,1,1,0,Reader_2_9.csv
236,34,29,5,reader_3_1.csv
236,35,30,5,Reader_3_2.csv
236,11,9,2,Reader_3_3.csv
236,11,9,2,Reader_3_4.csv
236,20,19,1,Reader_3_5.csv
236,14,13,1,Reader_3_6.csv
236,1,1,0,Reader_3_7.csv
237,7,5,2,Reader_1_1.csv
237,1,1,0,Reader_1_10.csv
237,3,2,1,Reader_1_11.csv
237,1,1,0,Reader_1_12.csv
237,3,2,1,Reader_1_2.csv
237,5,5,0,Reader_1_3.csv
237,0,0,0,Reader_1_4.csv
237,2,2,0,Reader_1_5.csv
237,4,3,1,Reader_1_6.csv
237,4,4,0,Reader_1_7.csv
237,1,1,0,Reader_1_8.csv
237,1,1,0,Reader_1_9.csv
237,0,0,0,Reader_2_1.csv
237,3,3,0,Reader_2_10.csv
237,0,0,0,Reader_2_11.csv
237,1,1,0,Reader_2_12.csv
237,2,2,0,Reader_2_2.csv
237,6,6,0,Reader_2_3.csv
237,1,0,1,Reader_2_4.csv
237,0,0,0,Reader_2_5.csv
237,0,0,0,Reader_2_6.csv
237,0,0,0,Reader_2_7.csv
237,0,0,0,Reader_2_8.csv
237,1,1,0,Reader_2_9.csv
237,42,35,7,reader_3_1.csv
237,31,27,4,Reader_3_2.csv
237,12,10,2,Reader_3_3.csv
237,12,10,2,Reader_3_4.csv
237,17,16,1,Reader_3_5.csv
237,14,13,1,Reader_3_6.csv
237,1,1,0,Reader_3_7.csv
238,9,7,2,Reader_1_1.csv
238,1,1,0,Reader_1_10.csv
238,4,2,2,Reader_1_11.csv
238,1,1,0,Reader_1_12.csv
238,4,2,2,Reader_1_2.csv
238,4,4,0,Reader_1_3.csv
238,0,0,0,Reader_1_4.csv
238,2,2,0,Reader_1_5.csv
238,4,3,1,Reader_1_6.csv
238,4,4,0,Reader_1_7.csv
238,1,1,0,Reader_1_8.csv
238,1,1,0,Reader_1_9.csv
238,0,0,0,Reader_2_1.csv
238,3,3,0,Reader_2_10.csv
238,0,0,0,Reader_2_11.csv
238,0,0,0,Reader_2_12.csv
238,1,1,0,Reader_2_2.csv
238,5,5,0,Reader_2_3.csv
238,1,0,1,Reader_2_4.csv
238,0,0,0,Reader_2_5.csv
238,1,1,0,Reader_2_6.csv
238,0,0,0,Reader_2_7.csv
238,0,0,0,Reader_2_8.csv
238,1,1,0,Reader_2_9.csv
238,42,36,6,reader_3_1.csv
238,33,28,5,Reader_3_2.csv
238,11,9,2,Reader_3_3.csv
238,11,9,2,Reader_3_4.csv
238,15,14,1,Reader_3_5.csv
238,13,12,1,Reader_3_6.csv
238,1,1,0,Reader_3_7.csv
239,9,7,2,Reader_1_1.csv
239,1,1,0,Reader_1_10.csv
239,4,2,2,Reader_1_11.csv
239,1,1,0,Reader_1_12.csv
239,4,2,2,Reader_1_2.csv
239,5,5,0,Reader_1_3.csv
239,0,0,0,Reader_1_4.csv
239,2,2,0,Reader_1_5.csv
239,4,3,1,Reader_1_6.csv
239,4,4,0,Reader_1_7.csv
239,1,1,0,Reader_1_8.csv
239,1,1,0,Reader_1_9.csv
239,0,0,0,Reader_2_1.csv
239,3,3,0,Reader_2_10.csv
239,0,0,0,Reader_2_11.csv
239,0,0,0,Reader_2_12.csv
239,1,1,0,Reader_2_2.csv
239,4,4,0,Reader_2_3.csv
239,1,0,1,Reader_2_4.csv
239,0,0,0,Reader_2_5.csv
239,1,1,0,Reader_2_6.csv
239,0,0,0,Reader_2_7.csv
239,0,0,0,Reader_2_8.csv
239,1,1,0,Reader_2_9.csv
239,41,35,6,reader_3_1.csv
239,22,17,5,Reader_3_2.csv
239,15,12,3,Reader_3_3.csv
239,15,12,3,Reader_3_4.csv
239,14,13,1,Reader_3_5.csv
239,13,12,1,Reader_3_6.csv
239,1,1,0,Reader_3_7.csv
240,12,9,3,Reader_1_1.csv
240,1,1,0,Reader_1_10.csv
240,4,1,3,Reader_1_11.csv
240,1,1,0,Reader_1_12.csv
240,4,2,2,Reader_1_2.csv
240,5,5,0,Reader_1_3.csv
240,0,0,0,Reader_1_4.csv
240,1,1,0,Reader_1_5.csv
240,2,1,1,Reader_1_6.csv
240,3,3,0,Reader_1_7.csv
240,1,1,0,Reader_1_8.csv
240,1,1,0,Reader_1_9.csv
240,0,0,0,Reader_2_1.csv
240,3,3,0,Reader_2_10.csv
240,0,0,0,Reader_2_11.csv
240,0,0,0,Reader_2_12.csv
240,1,1,0,Reader_2_2.csv
240,4,4,0,Reader_2_3.csv
240,1,0,1,Reader_2_4.csv
240,0,0,0,Reader_2_5.csv
240,1,1,0,Reader_2_6.csv
240,1,1,0,Reader_2_7.csv
240,0,0,0,Reader_2_8.csv
240,0,0,0,Reader_2_9.csv
240,44,36,8,reader_3_1.csv
240,21,17,4,Reader_3_2.csv
240,16,13,3,Reader_3_3.csv
240,16,13,3,Reader_3_4.csv
240,15,14,1,Reader_3_5.csv
240,12,11,1,Reader_3_6.csv
240,1,1,0,Reader_3_7.csv
241,10,8,2,Reader_1_1.csv
241,1,1,0,Reader_1_10.csv
241,5,2,3,Reader_1_11.csv
241,1,1,0,Reader_1_12.csv
241,2,0,2,Reader_1_2.csv
241,5,5,0,Reader_1_3.csv
241,0,0,0,Reader_1_4.csv
241,0,0,0,Reader_1_5.csv
241,4,3,1,Reader_1_6.csv
241,3,3,0,Reader_1_7.csv
241,1,1,0,Reader_1_8.csv
241,0,0,0,Reader_1_9.csv
241,0,0,0,Reader_2_1.csv
241,2,2,0,Reader_2_10.csv
241,0,0,0,Reader_2_11.csv
241,0,0,0,Reader_2_12.csv
241,0,0,0,Reader_2_2.csv
241,4,4,0,Reader_2_3.csv
241,1,0,1,Reader_2_4.csv
241,0,0,0,Reader_2_5.csv
241,2,2,0,Reader_2_6.csv
241,1,1,0,Reader_2_7.csv
241,1,1,0,Reader_2_8.csv
241,0,0,0,Reader_2_9.csv
241,48,38,10,reader_3_1.csv
241,16,13,3,Reader_3_2.csv
241,14,13,1,Reader_3_3.csv
241,14,13,1,Reader_3_4.csv
241,11,10,1,Reader_3_5.csv
241,10,9,1,Reader_3_6.csv
241,0,0,0,Reader_3_7.csv
242,8,6,2,Reader_1_1.csv
242,1,1,0,Reader_1_10.csv
242,4,2,2,Reader_1_11.csv
242,1,1,0,Reader_1_12.csv
242,2,0,2,Reader_1_2.csv
242,5,5,0,Reader_1_3.csv
242,0,0,0,Reader_1_4.csv
242,0,0,0,Reader_1_5.csv
242,5,4,1,Reader_1_6.csv
242,2,2,0,Reader_1_7.csv
242,1,1,0,Reader_1_8.csv
242,0,0,0,Reader_1_9.csv
242,0,0,0,Reader_2_1.csv
242,2,2,0,Reader_2_10.csv
242,0,0,0,Reader_2_11.csv
242,0,0,0,Reader_2_12.csv
242,0,0,0,Reader_2_2.csv
242,3,3,0,Reader_2_3.csv
242,0,0,0,Reader_2_4.csv
242,0,0,0,Reader_2_5.csv
242,2,2,0,Reader_2_6.csv
242,1,1,0,Reader_2_7.csv
242,1,1,0,Reader_2_8.csv
242,0,0,0,Reader_2_9.csv
242,49,37,12,reader_3_1.csv
242,15,12,3,Reader_3_2.csv
242,13,12,1,Reader_3_3.csv
242,13,12,1,Reader_3_4.csv
242,12,11,1,Reader_3_5.csv
242,10,9,1,Reader_3_6.csv
242,0,0,0,Reader_3_7.csv
243,9,6,3,Reader_1_1.csv
243,1,1,0,Reader_1_10.csv
243,4,2,2,Reader_1_11.csv
243,1,1,0,Reader_1_12.csv
243,4,2,2,Reader_1_2.csv
243,5,5,0,Reader_1_3.csv
243,0,0,0,Reader_1_4.csv
243,0,0,0,Reader_1_5.csv
243,5,5,0,Reader_1_6.csv
243,2,2,0,Reader_1_7.csv
243,0,0,0,Reader_1_8.csv
243,0,0,0,Reader_1_9.csv
243,0,0,0,Reader_2_1.csv
243,1,1,0,Reader_2_10.csv
243,0,0,0,Reader_2_11.csv
243,0,0,0,Reader_2_12.csv
243,0,0,0,Reader_2_2.csv
243,5,4,1,Reader_2_3.csv
243,0,0,0,Reader_2_4.csv
243,0,0,0,Reader_2_5.csv
243,3,3,0,Reader_2_6.csv
243,1,1,0,Reader_2_7.csv
243,1,1,0,Reader_2_8.csv
243,0,0,0,Reader_2_9.csv
243,49,36,13,reader_3_1.csv
243,14,11,3,Reader_3_2.csv
243,12,11,1,Reader_3_3.csv
243,12,11,1,Reader_3_4.csv
243,11,10,1,Reader_3_5.csv
243,10,9,1,Reader_3_6.csv
243,1,1,0,Reader_3_7.csv
244,8,6,2,Reader_1_1.csv
244,1,1,0,Reader_1_10.csv
244,4,2,2,Reader_1_11.csv
244,0,0,0,Reader_1_12.csv
244,3,2,1,Reader_1_2.csv
244,5,5,0,Reader_1_3.csv
244,0,0,0,Reader_1_4.csv
244,0,0,0,Reader_1_5.csv
244,5,5,0,Reader_1_6.csv
244,2,2,0,Reader_1_7.csv
244,0,0,0,Reader_1_8.csv
244,0,0,0,Reader_1_9.csv
244,0,0,0,Reader_2_1.csv
244,1,1,0,Reader_2_10.csv
244,0,0,0,Reader_2_11.csv
244,0,0,0,Reader_2_12.csv
244,0,0,0,Reader_2_2.csv
244,4,3,1,Reader_2_3.csv
244,0,0,0,Reader_2_4.csv
244,0,0,0,Reader_2_5.csv
244,3,3,0,Reader_2_6.csv
244,1,1,0,Reader_2_7.csv
244,1,1,0,Reader_2_8.csv
244,0,0,0,Reader_2_9.csv
244,48,34,14,reader_3_1.csv
244,15,13,2,Reader_3_2.csv
244,14,13,1,Reader_3_3.csv
244,14,13,1,Reader_3_4.csv
244,12,11,1,Reader_3_5.csv
244,8,8,0,Reader_3_6.csv
244,2,2,0,Reader_3_7.csv
245,8,6,2,Reader_1_1.csv
245,0,0,0,Reader_1_10.csv
245,4,2,2,Reader_1_11.csv
245,1,1,0,Reader_1_12.csv
245,3,2,1,Reader_1_2.csv
245,2,2,0,Reader_1_3.csv
245,0,0,0,Reader_1_4.csv
245,0,0,0,Reader_1_5.csv
245,5,5,0,Reader_1_6.csv
245,1,1,0,Reader_1_7.csv
245,0,0,0,Reader_1_8.csv
245,1,0,1,Reader_1_9.csv
245,0,0,0,Reader_2_1.csv
245,1,1,0,Reader_2_10.csv
245,0,0,0,Reader_2_11.csv
245,0,0,0,Reader_2_12.csv
245,0,0,0,Reader_2_2.csv
245,3,2,1,Reader_2_3.csv
245,0,0,0,Reader_2_4.csv
245,0,0,0,Reader_2_5.csv
245,3,3,0,Reader_2_6.csv
245,1,1,0,Reader_2_7.csv
245,1,1,0,Reader_2_8.csv
245,0,0,0,Reader_2_9.csv
245,41,29,12,reader_3_1.csv
245,15,13,2,Reader_3_2.csv
245,15,13,2,Reader_3_3.csv
245,15,13,2,Reader_3_4.csv
245,10,9,1,Reader_3_5.csv
245,9,9,0,Reader_3_6.csv
245,3,3,0,Reader_3_7.csv
246,6,4,2,Reader_1_1.csv
246,0,0,0,Reader_1_10.csv
246,3,2,1,Reader_1_11.csv
246,1,1,0,Reader_1_12.csv
246,2,2,0,Reader_1_2.csv
246,2,2,0,Reader_1_3.csv
246,0,0,0,Reader_1_4.csv
246,0,0,0,Reader_1_5.csv
246,6,6,0,Reader_1_6.csv
246,1,1,0,Reader_1_7.csv
246,0,0,0,Reader_1_8.csv
246,1,0,1,Reader_1_9.csv
246,0,0,0,Reader_2_1.csv
246,0,0,0,Reader_2_10.csv
246,0,0,0,Reader_2_11.csv
246,0,0,0,Reader_2_12.csv
246,0,0,0,Reader_2_2.csv
246,3,2,1,Reader_2_3.csv
246,0,0,0,Reader_2_4.csv
246,0,0,0,Reader_2_5.csv
246,2,2,0,Reader_2_6.csv
246,1,1,0,Reader_2_7.csv
246,1,1,0,Reader_2_8.csv
246,0,0,0,Reader_2_9.csv
246,39,25,14,reader_3_1.csv
246,13,12,1,Reader_3_2.csv
246,17,15,2,Reader_3_3.csv
246,17,15,2,Reader_3_4.csv
246,13,13,0,Reader_3_5.csv
246,10,10,0,Reader_3_6.csv
246,3,3,0,Reader_3_7.csv
247,9,6,3,Reader_1_1.csv
247,0,0,0,Reader_1_10.csv
247,3,2,1,Reader_1_11.csv
247,2,2,0,Reader_1_12.csv
247,2,2,0,Reader_1_2.csv
247,1,1,0,Reader_1_3.csv
247,0,0,0,Reader_1_4.csv
247,0,0,0,Reader_1_5.csv
247,8,8,0,Reader_1_6.csv
247,1,1,0,Reader_1_7.csv
247,0,0,0,Reader_1_8.csv
247,1,0,1,Reader_1_9.csv
247,0,0,0,Reader_2_1.csv
247,0,0,0,Reader_2_10.csv
247,0,0,0,Reader_2_11.csv
247,0,0,0,Reader_2_12.csv
247,1,1,0,Reader_2_2.csv
247,4,3,1,Reader_2_3.csv
247,0,0,0,Reader_2_4.csv
247,0,0,0,Reader_2_5.csv
247,3,2,1,Reader_2_6.csv
247,1,1,0,Reader_2_7.csv
247,1,1,0,Reader_2_8.csv
247,0,0,0,Reader_2_9.csv
247,41,26,15,reader_3_1.csv
247,13,11,2,Reader_3_2.csv
247,15,14,1,Reader_3_3.csv
247,15,14,1,Reader_3_4.csv
247,16,16,0,Reader_3_5.csv
247,11,11,0,Reader_3_6.csv
247,4,4,0,Reader_3_7.csv
248,7,4,3,Reader_1_1.csv
248,0,0,0,Reader_1_10.csv
248,2,2,0,Reader_1_11.csv
248,4,3,1,Reader_1_12.csv
248,3,3,0,Reader_1_2.csv
248,1,1,0,Reader_1_3.csv
248,0,0,0,Reader_1_4.csv
248,0,0,0,Reader_1_5.csv
248,8,8,0,Reader_1_6.csv
248,1,1,0,Reader_1_7.csv
248,0,0,0,Reader_1_8.csv
248,1,0,1,Reader_1_9.csv
248,0,0,0,Reader_2_1.csv
248,0,0,0,Reader_2_10.csv
248,0,0,0,Reader_2_11.csv
248,0,0,0,Reader_2_12.csv
248,1,1,0,Reader_2_2.csv
248,4,3,1,Reader_2_3.csv
248,0,0,0,Reader_2_4.csv
248,0,0,0,Reader_2_5.csv
248,3,2,1,Reader_2_6.csv
248,0,0,0,Reader_2_7.csv
248,1,1,0,Reader_2_8.csv
248,0,0,0,Reader_2_9.csv
248,34,22,12,reader_3_1.csv
248,13,12,1,Reader_3_2.csv
248,15,14,1,Reader_3_3.csv
248,15,14,1,Reader_3_4.csv
248,12,12,0,Reader_3_5.csv
248,12,12,0,Reader_3_6.csv
248,4,4,0,Reader_3_7.csv
249,8,5,3,Reader_1_1.csv
249,0,0,0,Reader_1_10.csv
249,2,2,0,Reader_1_11.csv
249,5,4,1,Reader_1_12.csv
249,4,4,0,Reader_1_2.csv
249,1,1,0,Reader_1_3.csv
249,0,0,0,Reader_1_4.csv
249,0,0,0,Reader_1_5.csv
249,6,6,0,Reader_1_6.csv
249,0,0,0,Reader_1_7.csv
249,0,0,0,Reader_1_8.csv
249,1,0,1,Reader_1_9.csv
249,0,0,0,Reader_2_1.csv
249,1,1,0,Reader_2_10.csv
249,0,0,0,Reader_2_11.csv
249,0,0,0,Reader_2_12.csv
249,1,1,0,Reader_2_2.csv
249,4,3,1,Reader_2_3.csv
249,0,0,0,Reader_2_4.csv
249,0,0,0,Reader_2_5.csv
249,2,1,1,Reader_2_6.csv
249,0,0,0,Reader_2_7.csv
249,0,0,0,Reader_2_8.csv
249,1,1,0,Reader_2_9.csv
249,31,20,11,reader_3_1.csv
249,14,13,1,Reader_3_2.csv
249,15,14,1,Reader_3_3.csv
249,15,14,1,Reader_3_4.csv
249,13,13,0,Reader_3_5.csv
249,12,12,0,Reader_3_6.csv
249,4,4,0,Reader_3_7.csv
250,9,6,3,Reader_1_1.csv
250,0,0,0,Reader_1_10.csv
250,2,2,0,Reader_1_11.csv
250,5,4,1,Reader_1_12.csv
250,5,5,0,Reader_1_2.csv
250,2,2,0,Reader_1_3.csv
250,0,0,0,Reader_1_4.csv
250,1,1,0,Reader_1_5.csv
250,5,5,0,Reader_1_6.csv
250,0,0,0,Reader_1_7.csv
250,0,0,0,Reader_1_8.csv
250,1,0,1,Reader_1_9.csv
250,0,0,0,Reader_2_1.csv
250,2,1,1,Reader_2_10.csv
250,0,0,0,Reader_2_11.csv
250,0,0,0,Reader_2_12.csv
250,1,1,0,Reader_2_2.csv
250,4,3,1,Reader_2_3.csv
250,0,0,0,Reader_2_4.csv
250,0,0,0,Reader_2_5.csv
250,2,1,1,Reader_2_6.csv
250,0,0,0,Reader_2_7.csv
250,0,0,0,Reader_2_8.csv
250,1,1,0,Reader_2_9.csv
250,30,19,11,reader_3_1.csv
250,14,12,2,Reader_3_2.csv
250,17,16,1,Reader_3_3.csv
250,17,16,1,Reader_3_4.csv
250,13,13,0,Reader_3_5.csv
250,13,13,0,Reader_3_6.csv
250,5,5,0,Reader_3_7.csv
251,9,6,3,Reader_1_1.csv
251,0,0,0,Reader_1_10.csv
251,4,3,1,Reader_1_11.csv
251,5,4,1,Reader_1_12.csv
251,3,3,0,Reader_1_2.csv
251,2,2,0,Reader_1_3.csv
251,0,0,0,Reader_1_4.csv
251,2,2,0,Reader_1_5.csv
251,4,4,0,Reader_1_6.csv
251,0,0,0,Reader_1_7.csv
251,0,0,0,Reader_1_8.csv
251,3,2,1,Reader_1_9.csv
251,3,3,0,Reader_2_1.csv
251,2,1,1,Reader_2_10.csv
251,0,0,0,Reader_2_11.csv
251,1,0,1,Reader_2_12.csv
251,1,1,0,Reader_2_2.csv
251,3,2,1,Reader_2_3.csv
251,0,0,0,Reader_2_4.csv
251,0,0,0,Reader_2_5.csv
251,1,0,1,Reader_2_6.csv
251,0,0,0,Reader_2_7.csv
251,0,0,0,Reader_2_8.csv
251,1,1,0,Reader_2_9.csv
251,30,20,10,reader_3_1.csv
251,14,11,3,Reader_3_2.csv
251,17,16,1,Reader_3_3.csv
251,17,16,1,Reader_3_4.csv
251,13,13,0,Reader_3_5.csv
251,15,15,0,Reader_3_6.csv
251,4,4,0,Reader_3_7.csv
252,9,5,4,Reader_1_1.csv
252,0,0,0,Reader_1_10.csv
252,4,3,1,Reader_1_11.csv
252,5,4,1,Reader_1_12.csv
252,3,3,0,Reader_1_2.csv
252,2,2,0,Reader_1_3.csv
252,0,0,0,Reader_1_4.csv
252,2,2,0,Reader_1_5.csv
252,4,4,0,Reader_1_6.csv
252,0,0,0,Reader_1_7.csv
252,0,0,0,Reader_1_8.csv
252,3,2,1,Reader_1_9.csv
252,3,3,0,Reader_2_1.csv
252,2,1,1,Reader_2_10.csv
252,0,0,0,Reader_2_11.csv
252,1,0,1,Reader_2_12.csv
252,1,1,0,Reader_2_2.csv
252,3,2,1,Reader_2_3.csv
252,0,0,0,Reader_2_4.csv
252,0,0,0,Reader_2_5.csv
252,1,0,1,Reader_2_6.csv
252,0,0,0,Reader_2_7.csv
252,0,0,0,Reader_2_8.csv
252,1,1,0,Reader_2_9.csv
252,29,20,9,reader_3_1.csv
252,12,9,3,Reader_3_2.csv
252,15,14,1,Reader_3_3.csv
252,15,14,1,Reader_3_4.csv
252,14,14,0,Reader_3_5.csv
252,15,15,0,Reader_3_6.csv
252,3,3,0,Reader_3_7.csv
253,11,6,5,Reader_1_1.csv
253,0,0,0,Reader_1_10.csv
253,4,3,1,Reader_1_11.csv
253,5,3,2,Reader_1_12.csv
253,3,3,0,Reader_1_2.csv
253,2,2,0,Reader_1_3.csv
253,0,0,0,Reader_1_4.csv
253,2,2,0,Reader_1_5.csv
253,4,4,0,Reader_1_6.csv
253,0,0,0,Reader_1_7.csv
253,1,1,0,Reader_1_8.csv
253,2,2,0,Reader_1_9.csv
253,4,4,0,Reader_2_1.csv
253,2,1,1,Reader_2_10.csv
253,0,0,0,Reader_2_11.csv
253,1,0,1,Reader_2_12.csv
253,1,1,0,Reader_2_2.csv
253,3,2,1,Reader_2_3.csv
253,0,0,0,Reader_2_4.csv
253,0,0,0,Reader_2_5.csv
253,1,0,1,Reader_2_6.csv
253,0,0,0,Reader_2_7.csv
253,0,0,0,Reader_2_8.csv
253,1,1,0,Reader_2_9.csv
253,26,17,9,reader_3_1.csv
253,13,10,3,Reader_3_2.csv
253,13,13,0,Reader_3_3.csv
253,13,13,0,Reader_3_4.csv
253,15,15,0,Reader_3_5.csv
253,14,13,1,Reader_3_6.csv
253,2,2,0,Reader_3_7.csv
254,11,6,5,Reader_1_1.csv
254,0,0,0,Reader_1_10.csv
254,5,4,1,Reader_1_11.csv
254,5,3,2,Reader_1_12.csv
254,4,4,0,Reader_1_2.csv
254,2,2,0,Reader_1_3.csv
254,0,0,0,Reader_1_4.csv
254,2,2,0,Reader_1_5.csv
254,3,3,0,Reader_1_6.csv
254,0,0,0,Reader_1_7.csv
254,1,1,0,Reader_1_8.csv
254,2,2,0,Reader_1_9.csv
254,4,4,0,Reader_2_1.csv
254,2,1,1,Reader_2_10.csv
254,0,0,0,Reader_2_11.csv
254,1,0,1,Reader_2_12.csv
254,1,1,0,Reader_2_2.csv
254,4,3,1,Reader_2_3.csv
254,0,0,0,Reader_2_4.csv
254,0,0,0,Reader_2_5.csv
254,1,0,1,Reader_2_6.csv
254,0,0,0,Reader_2_7.csv
254,0,0,0,Reader_2_8.csv
254,2,2,0,Reader_2_9.csv
254,25,19,6,reader_3_1.csv
254,13,10,3,Reader_3_2.csv
254,13,12,1,Reader_3_3.csv
254,13,12,1,Reader_3_4.csv
254,11,11,0,Reader_3_5.csv
254,13,12,1,Reader_3_6.csv
254,2,2,0,Reader_3_7.csv
255,8,4,4,Reader_1_1.csv
255,0,0,0,Reader_1_10.csv
255,6,5,1,Reader_1_11.csv
255,5,3,2,Reader_1_12.csv
255,4,4,0,Reader_1_2.csv
255,2,2,0,Reader_1_3.csv
255,0,0,0,Reader_1_4.csv
255,2,2,0,Reader_1_5.csv
255,2,2,0,Reader_1_6.csv
255,0,0,0,Reader_1_7.csv
255,1,1,0,Reader_1_8.csv
255,2,2,0,Reader_1_9.csv
255,5,5,0,Reader_2_1.csv
255,2,1,1,Reader_2_10.csv
255,0,0,0,Reader_2_11.csv
255,2,1,1,Reader_2_12.csv
255,0,0,0,Reader_2_2.csv
255,4,3,1,Reader_2_3.csv
255,0,0,0,Reader_2_4.csv
255,0,0,0,Reader_2_5.csv
255,0,0,0,Reader_2_6.csv
255,0,0,0,Reader_2_7.csv
255,0,0,0,Reader_2_8.csv
255,2,2,0,Reader_2_9.csv
255,24,18,6,reader_3_1.csv
255,11,9,2,Reader_3_2.csv
255,13,12,1,Reader_3_3.csv
255,13,12,1,Reader_3_4.csv
255,10,10,0,Reader_3_5.csv
255,10,9,1,Reader_3_6.csv
255,1,1,0,Reader_3_7.csv
256,7,4,3,Reader_1_1.csv
256,0,0,0,Reader_1_10.csv
256,6,5,1,Reader_1_11.csv
256,4,2,2,Reader_1_12.csv
256,3,3,0,Reader_1_2.csv
256,2,2,0,Reader_1_3.csv
256,0,0,0,Reader_1_4.csv
256,3,3,0,Reader_1_5.csv
256,1,1,0,Reader_1_6.csv
256,0,0,0,Reader_1_7.csv
256,1,1,0,Reader_1_8.csv
256,2,2,0,Reader_1_9.csv
256,5,5,0,Reader_2_1.csv
256,2,1,1,Reader_2_10.csv
256,0,0,0,Reader_2_11.csv
256,3,2,1,Reader_2_12.csv
256,0,0,0,Reader_2_2.csv
256,4,3,1,Reader_2_3.csv
256,0,0,0,Reader_2_4.csv
256,0,0,0,Reader_2_5.csv
256,0,0,0,Reader_2_6.csv
256,0,0,0,Reader_2_7.csv
256,0,0,0,Reader_2_8.csv
256,2,2,0,Reader_2_9.csv
256,26,20,6,reader_3_1.csv
256,11,9,2,Reader_3_2.csv
256,11,9,2,Reader_3_3.csv
256,11,9,2,Reader_3_4.csv
256,10,10,0,Reader_3_5.csv
256,9,8,1,Reader_3_6.csv
256,1,1,0,Reader_3_7.csv
257,7,3,4,Reader_1_1.csv
257,0,0,0,Reader_1_10.csv
257,5,4,1,Reader_1_11.csv
257,3,1,2,Reader_1_12.csv
257,3,3,0,Reader_1_2.csv
257,4,3,1,Reader_1_3.csv
257,0,0,0,Reader_1_4.csv
257,3,3,0,Reader_1_5.csv
257,1,1,0,Reader_1_6.csv
257,0,0,0,Reader_1_7.csv
257,1,1,0,Reader_1_8.csv
257,2,2,0,Reader_1_9.csv
257,8,8,0,Reader_2_1.csv
257,1,0,1,Reader_2_10.csv
257,0,0,0,Reader_2_11.csv
257,4,3,1,Reader_2_12.csv
257,0,0,0,Reader_2_2.csv
257,4,3,1,Reader_2_3.csv
257,0,0,0,Reader_2_4.csv
257,0,0,0,Reader_2_5.csv
257,0,0,0,Reader_2_6.csv
257,0,0,0,Reader_2_7.csv
257,0,0,0,Reader_2_8.csv
257,1,1,0,Reader_2_9.csv
257,25,20,5,reader_3_1.csv
257,12,10,2,Reader_3_2.csv
257,13,11,2,Reader_3_3.csv
257,13,11,2,Reader_3_4.csv
257,10,10,0,Reader_3_5.csv
257,9,8,1,Reader_3_6.csv
257,1,1,0,Reader_3_7.csv
258,9,5,4,Reader_1_1.csv
258,0,0,0,Reader_1_10.csv
258,5,4,1,Reader_1_11.csv
258,3,1,2,Reader_1_12.csv
258,2,2,0,Reader_1_2.csv
258,3,2,1,Reader_1_3.csv
258,0,0,0,Reader_1_4.csv
258,2,2,0,Reader_1_5.csv
258,1,1,0,Reader_1_6.csv
258,0,0,0,Reader_1_7.csv
258,1,1,0,Reader_1_8.csv
258,2,2,0,Reader_1_9.csv
258,9,8,1,Reader_2_1.csv
258,0,0,0,Reader_2_10.csv
258,0,0,0,Reader_2_11.csv
258,4,3,1,Reader_2_12.csv
258,0,0,0,Reader_2_2.csv
258,9,6,3,Reader_2_3.csv
258,0,0,0,Reader_2_4.csv
258,0,0,0,Reader_2_5.csv
258,0,0,0,Reader_2_6.csv
258,0,0,0,Reader_2_7.csv
258,0,0,0,Reader_2_8.csv
258,1,1,0,Reader_2_9.csv
258,24,20,4,reader_3_1.csv
258,11,10,1,Reader_3_2.csv
258,14,10,4,Reader_3_3.csv
258,14,10,4,Reader_3_4.csv
258,9,9,0,Reader_3_5.csv
258,7,6,1,Reader_3_6.csv
258,1,1,0,Reader_3_7.csv
259,7,4,3,Reader_1_1.csv
259,0,0,0,Reader_1_10.csv
259,5,5,0,Reader_1_11.csv
259,3,1,2,Reader_1_12.csv
259,3,3,0,Reader_1_2.csv
259,2,1,1,Reader_1_3.csv
259,0,0,0,Reader_1_4.csv
259,1,1,0,Reader_1_5.csv
259,1,1,0,Reader_1_6.csv
259,0,0,0,Reader_1_7.csv
259,1,1,0,Reader_1_8.csv
259,0,0,0,Reader_1_9.csv
259,7,6,1,Reader_2_1.csv
259,0,0,0,Reader_2_10.csv
259,0,0,0,Reader_2_11.csv
259,3,3,0,Reader_2_12.csv
259,0,0,0,Reader_2_2.csv
259,9,6,3,Reader_2_3.csv
259,0,0,0,Reader_2_4.csv
259,0,0,0,Reader_2_5.csv
259,2,2,0,Reader_2_6.csv
259,0,0,0,Reader_2_7.csv
259,0,0,0,Reader_2_8.csv
259,1,1,0,Reader_2_9.csv
259,19,16,3,reader_3_1.csv
259,11,11,0,Reader_3_2.csv
259,13,8,5,Reader_3_3.csv
259,13,8,5,Reader_3_4.csv
259,11,11,0,Reader_3_5.csv
259,7,4,3,Reader_3_6.csv
259,2,2,0,Reader_3_7.csv
260,8,4,4,Reader_1_1.csv
260,0,0,0,Reader_1_10.csv
260,6,6,0,Reader_1_11.csv
260,3,1,2,Reader_1_12.csv
260,3,3,0,Reader_1_2.csv
260,2,1,1,Reader_1_3.csv
260,1,1,0,Reader_1_4.csv
260,1,1,0,Reader_1_5.csv
260,2,2,0,Reader_1_6.csv
260,0,0,0,Reader_1_7.csv
260,1,1,0,Reader_1_8.csv
260,1,0,1,Reader_1_9.csv
260,7,6,1,Reader_2_1.csv
260,0,0,0,Reader_2_10.csv
260,0,0,0,Reader_2_11.csv
260,3,3,0,Reader_2_12.csv
260,0,0,0,Reader_2_2.csv
260,9,6,3,Reader_2_3.csv
260,0,0,0,Reader_2_4.csv
260,0,0,0,Reader_2_5.csv
260,2,2,0,Reader_2_6.csv
260,0,0,0,Reader_2_7.csv
260,0,0,0,Reader_2_8.csv
260,1,1,0,Reader_2_9.csv
260,20,17,3,reader_3_1.csv
260,13,13,0,Reader_3_2.csv
260,13,8,5,Reader_3_3.csv
260,13,8,5,Reader_3_4.csv
260,9,9,0,Reader_3_5.csv
260,7,4,3,Reader_3_6.csv
260,2,2,0,Reader_3_7.csv
261,9,5,4,Reader_1_1.csv
261,0,0,0,Reader_1_10.csv
261,6,6,0,Reader_1_11.csv
261,3,2,1,Reader_1_12.csv
261,3,3,0,Reader_1_2.csv
261,3,1,2,Reader_1_3.csv
261,1,1,0,Reader_1_4.csv
261,1,1,0,Reader_1_5.csv
261,2,2,0,Reader_1_6.csv
261,0,0,0,Reader_1_7.csv
261,0,0,0,Reader_1_8.csv
261,1,0,1,Reader_1_9.csv
261,6,5,1,Reader_2_1.csv
261,0,0,0,Reader_2_10.csv
261,0,0,0,Reader_2_11.csv
261,3,3,0,Reader_2_12.csv
261,0,0,0,Reader_2_2.csv
261,10,7,3,Reader_2_3.csv
261,0,0,0,Reader_2_4.csv
261,0,0,0,Reader_2_5.csv
261,2,2,0,Reader_2_6.csv
261,0,0,0,Reader_2_7.csv
261,0,0,0,Reader_2_8.csv
261,1,1,0,Reader_2_9.csv
261,27,24,3,reader_3_1.csv
261,14,13,1,Reader_3_2.csv
261,14,8,6,Reader_3_3.csv
261,14,8,6,Reader_3_4.csv
261,7,7,0,Reader_3_5.csv
261,10,7,3,Reader_3_6.csv
261,2,2,0,Reader_3_7.csv
262,13,7,6,Reader_1_1.csv
262,0,0,0,Reader_1_10.csv
262,5,5,0,Reader_1_11.csv
262,3,2,1,Reader_1_12.csv
262,2,2,0,Reader_1_2.csv
262,3,1,2,Reader_1_3.csv
262,1,1,0,Reader_1_4.csv
262,2,2,0,Reader_1_5.csv
262,3,3,0,Reader_1_6.csv
262,0,0,0,Reader_1_7.csv
262,0,0,0,Reader_1_8.csv
262,1,0,1,Reader_1_9.csv
262,6,5,1,Reader_2_1.csv
262,0,0,0,Reader_2_10.csv
262,0,0,0,Reader_2_11.csv
262,3,3,0,Reader_2_12.csv
262,0,0,0,Reader_2_2.csv
262,11,8,3,Reader_2_3.csv
262,0,0,0,Reader_2_4.csv
262,0,0,0,Reader_2_5.csv
262,2,2,0,Reader_2_6.csv
262,0,0,0,Reader_2_7.csv
262,0,0,0,Reader_2_8.csv
262,0,0,0,Reader_2_9.csv
262,25,22,3,reader_3_1.csv
262,14,13,1,Reader_3_2.csv
262,14,9,5,Reader_3_3.csv
262,14,9,5,Reader_3_4.csv
262,6,6,0,Reader_3_5.csv
262,11,8,3,Reader_3_6.csv
262,3,3,0,Reader_3_7.csv
263,15,7,8,Reader_1_1.csv
263,0,0,0,Reader_1_10.csv
263,5,5,0,Reader_1_11.csv
263,3,1,2,Reader_1_12.csv
263,2,2,0,Reader_1_2.csv
263,3,1,2,Reader_1_3.csv
263,1,1,0,Reader_1_4.csv
263,2,2,0,Reader_1_5.csv
263,2,2,0,Reader_1_6.csv
263,0,0,0,Reader_1_7.csv
263,0,0,0,Reader_1_8.csv
263,1,0,1,Reader_1_9.csv
263,7,6,1,Reader_2_1.csv
263,0,0,0,Reader_2_10.csv
263,0,0,0,Reader_2_11.csv
263,2,2,0,Reader_2_12.csv
263,0,0,0,Reader_2_2.csv
263,11,8,3,Reader_2_3.csv
263,0,0,0,Reader_2_4.csv
263,0,0,0,Reader_2_5.csv
263,3,3,0,Reader_2_6.csv
263,0,0,0,Reader_2_7.csv
263,0,0,0,Reader_2_8.csv
263,0,0,0,Reader_2_9.csv
263,20,18,2,reader_3_1.csv
263,14,13,1,Reader_3_2.csv
263,14,8,6,Reader_3_3.csv
263,14,8,6,Reader_3_4.csv
263,6,6,0,Reader_3_5.csv
263,13,10,3,Reader_3_6.csv
263,3,3,0,Reader_3_7.csv
264,21,9,12,Reader_1_1.csv
264,0,0,0,Reader_1_10.csv
264,5,5,0,Reader_1_11.csv
264,3,2,1,Reader_1_12.csv
264,4,3,1,Reader_1_2.csv
264,3,1,2,Reader_1_3.csv
264,1,1,0,Reader_1_4.csv
264,1,1,0,Reader_1_5.csv
264,2,2,0,Reader_1_6.csv
264,1,1,0,Reader_1_7.csv
264,0,0,0,Reader_1_8.csv
264,1,0,1,Reader_1_9.csv
264,7,6,1,Reader_2_1.csv
264,1,1,0,Reader_2_10.csv
264,0,0,0,Reader_2_11.csv
264,1,1,0,Reader_2_12.csv
264,0,0,0,Reader_2_2.csv
264,10,7,3,Reader_2_3.csv
264,1,1,0,Reader_2_4.csv
264,0,0,0,Reader_2_5.csv
264,3,3,0,Reader_2_6.csv
264,0,0,0,Reader_2_7.csv
264,0,0,0,Reader_2_8.csv
264,0,0,0,Reader_2_9.csv
264,22,19,3,reader_3_1.csv
264,17,16,1,Reader_3_2.csv
264,14,9,5,Reader_3_3.csv
264,14,9,5,Reader_3_4.csv
264,8,8,0,Reader_3_5.csv
264,14,10,4,Reader_3_6.csv
264,3,3,0,Reader_3_7.csv
265,22,9,13,Reader_1_1.csv
265,0,0,0,Reader_1_10.csv
265,5,5,0,Reader_1_11.csv
265,3,2,1,Reader_1_12.csv
265,3,2,1,Reader_1_2.csv
265,1,0,1,Reader_1_3.csv
265,1,1,0,Reader_1_4.csv
265,2,2,0,Reader_1_5.csv
265,2,2,0,Reader_1_6.csv
265,1,1,0,Reader_1_7.csv
265,0,0,0,Reader_1_8.csv
265,3,1,2,Reader_1_9.csv
265,4,3,1,Reader_2_1.csv
265,1,1,0,Reader_2_10.csv
265,0,0,0,Reader_2_11.csv
265,0,0,0,Reader_2_12.csv
265,0,0,0,Reader_2_2.csv
265,10,7,3,Reader_2_3.csv
265,1,1,0,Reader_2_4.csv
265,0,0,0,Reader_2_5.csv
265,3,3,0,Reader_2_6.csv
265,0,0,0,Reader_2_7.csv
265,0,0,0,Reader_2_8.csv
265,0,0,0,Reader_2_9.csv
265,22,19,3,reader_3_1.csv
265,21,20,1,Reader_3_2.csv
265,12,6,6,Reader_3_3.csv
265,12,6,6,Reader_3_4.csv
265,8,8,0,Reader_3_5.csv
265,14,10,4,Reader_3_6.csv
265,3,3,0,Reader_3_7.csv
266,23,8,15,Reader_1_1.csv
266,0,0,0,Reader_1_10.csv
266,5,5,0,Reader_1_11.csv
266,3,2,1,Reader_1_12.csv
266,3,2,1,Reader_1_2.csv
266,1,0,1,Reader_1_3.csv
266,1,1,0,Reader_1_4.csv
266,3,3,0,Reader_1_5.csv
266,3,3,0,Reader_1_6.csv
266,1,1,0,Reader_1_7.csv
266,1,0,1,Reader_1_8.csv
266,3,1,2,Reader_1_9.csv
266,4,4,0,Reader_2_1.csv
266,1,1,0,Reader_2_10.csv
266,0,0,0,Reader_2_11.csv
266,0,0,0,Reader_2_12.csv
266,0,0,0,Reader_2_2.csv
266,5,4,1,Reader_2_3.csv
266,1,1,0,Reader_2_4.csv
266,0,0,0,Reader_2_5.csv
266,3,3,0,Reader_2_6.csv
266,0,0,0,Reader_2_7.csv
266,0,0,0,Reader_2_8.csv
266,0,0,0,Reader_2_9.csv
266,24,21,3,reader_3_1.csv
266,21,20,1,Reader_3_2.csv
266,9,5,4,Reader_3_3.csv
266,9,5,4,Reader_3_4.csv
266,7,7,0,Reader_3_5.csv
266,16,12,4,Reader_3_6.csv
266,2,2,0,Reader_3_7.csv
267,26,8,18,Reader_1_1.csv
267,0,0,0,Reader_1_10.csv
267,3,3,0,Reader_1_11.csv
267,3,2,1,Reader_1_12.csv
267,3,2,1,Reader_1_2.csv
267,2,0,2,Reader_1_3.csv
267,1,1,0,Reader_1_4.csv
267,3,3,0,Reader_1_5.csv
267,3,3,0,Reader_1_6.csv
267,2,1,1,Reader_1_7.csv
267,1,0,1,Reader_1_8.csv
267,3,1,2,Reader_1_9.csv
267,3,3,0,Reader_2_1.csv
267,1,1,0,Reader_2_10.csv
267,0,0,0,Reader_2_11.csv
267,0,0,0,Reader_2_12.csv
267,0,0,0,Reader_2_2.csv
267,4,4,0,Reader_2_3.csv
267,1,1,0,Reader_2_4.csv
267,0,0,0,Reader_2_5.csv
267,1,1,0,Reader_2_6.csv
267,0,0,0,Reader_2_7.csv
267,1,1,0,Reader_2_8.csv
267,0,0,0,Reader_2_9.csv
267,29,25,4,reader_3_1.csv
267,19,18,1,Reader_3_2.csv
267,9,6,3,Reader_3_3.csv
267,9,6,3,Reader_3_4.csv
267,5,5,0,Reader_3_5.csv
267,14,12,2,Reader_3_6.csv
267,1,1,0,Reader_3_7.csv
268,26,9,17,Reader_1_1.csv
268,0,0,0,Reader_1_10.csv
268,2,2,0,Reader_1_11.csv
268,4,3,1,Reader_1_12.csv
268,3,2,1,Reader_1_2.csv
268,3,0,3,Reader_1_3.csv
268,0,0,0,Reader_1_4.csv
268,3,3,0,Reader_1_5.csv
268,2,2,0,Reader_1_6.csv
268,3,2,1,Reader_1_7.csv
268,1,0,1,Reader_1_8.csv
268,2,1,1,Reader_1_9.csv
268,4,4,0,Reader_2_1.csv
268,1,1,0,Reader_2_10.csv
268,0,0,0,Reader_2_11.csv
268,0,0,0,Reader_2_12.csv
268,0,0,0,Reader_2_2.csv
268,7,6,1,Reader_2_3.csv
268,1,1,0,Reader_2_4.csv
268,0,0,0,Reader_2_5.csv
268,1,1,0,Reader_2_6.csv
268,0,0,0,Reader_2_7.csv
268,1,1,0,Reader_2_8.csv
268,0,0,0,Reader_2_9.csv
268,34,27,7,reader_3_1.csv
268,18,17,1,Reader_3_2.csv
268,11,6,5,Reader_3_3.csv
268,11,6,5,Reader_3_4.csv
268,5,5,0,Reader_3_5.csv
268,14,11,3,Reader_3_6.csv
268,2,1,1,Reader_3_7.csv
269,26,9,17,Reader_1_1.csv
269,0,0,0,Reader_1_10.csv
269,1,1,0,Reader_1_11.csv
269,3,2,1,Reader_1_12.csv
269,5,4,1,Reader_1_2.csv
269,2,0,2,Reader_1_3.csv
269,0,0,0,Reader_1_4.csv
269,3,3,0,Reader_1_5.csv
269,2,2,0,Reader_1_6.csv
269,3,2,1,Reader_1_7.csv
269,1,0,1,Reader_1_8.csv
269,2,1,1,Reader_1_9.csv
269,4,4,0,Reader_2_1.csv
269,1,1,0,Reader_2_10.csv
269,0,0,0,Reader_2_11.csv
269,0,0,0,Reader_2_12.csv
269,0,0,0,Reader_2_2.csv
269,6,5,1,Reader_2_3.csv
269,1,1,0,Reader_2_4.csv
269,0,0,0,Reader_2_5.csv
269,1,1,0,Reader_2_6.csv
269,0,0,0,Reader_2_7.csv
269,1,1,0,Reader_2_8.csv
269,0,0,0,Reader_2_9.csv
269,30,22,8,reader_3_1.csv
269,21,19,2,Reader_3_2.csv
269,13,7,6,Reader_3_3.csv
269,13,7,6,Reader_3_4.csv
269,7,7,0,Reader_3_5.csv
269,11,9,2,Reader_3_6.csv
269,3,2,1,Reader_3_7.csv
270,22,7,15,Reader_1_1.csv
270,0,0,0,Reader_1_10.csv
270,2,2,0,Reader_1_11.csv
270,3,2,1,Reader_1_12.csv
270,5,4,1,Reader_1_2.csv
270,2,0,2,Reader_1_3.csv
270,2,0,2,Reader_1_4.csv
270,2,2,0,Reader_1_5.csv
270,1,1,0,Reader_1_6.csv
270,3,2,1,Reader_1_7.csv
270,1,0,1,Reader_1_8.csv
270,2,1,1,Reader_1_9.csv
270,4,4,0,Reader_2_1.csv
270,1,1,0,Reader_2_10.csv
270,0,0,0,Reader_2_11.csv
270,0,0,0,Reader_2_12.csv
270,0,0,0,Reader_2_2.csv
270,4,3,1,Reader_2_3.csv
270,1,1,0,Reader_2_4.csv
270,0,0,0,Reader_2_5.csv
270,1,1,0,Reader_2_6.csv
270,0,0,0,Reader_2_7.csv
270,1,1,0,Reader_2_8.csv
270,0,0,0,Reader_2_9.csv
270,34,26,8,reader_3_1.csv
270,22,20,2,Reader_3_2.csv
270,14,7,7,Reader_3_3.csv
270,14,7,7,Reader_3_4.csv
270,9,9,0,Reader_3_5.csv
270,10,8,2,Reader_3_6.csv
270,2,1,1,Reader_3_7.csv
271,24,7,17,Reader_1_1.csv
271,0,0,0,Reader_1_10.csv
271,1,1,0,Reader_1_11.csv
271,2,2,0,Reader_1_12.csv
271,7,6,1,Reader_1_2.csv
271,2,0,2,Reader_1_3.csv
271,2,0,2,Reader_1_4.csv
271,2,2,0,Reader_1_5.csv
271,1,1,0,Reader_1_6.csv
271,3,2,1,Reader_1_7.csv
271,1,0,1,Reader_1_8.csv
271,2,1,1,Reader_1_9.csv
271,2,2,0,Reader_2_1.csv
271,1,1,0,Reader_2_10.csv
271,0,0,0,Reader_2_11.csv
271,0,0,0,Reader_2_12.csv
271,0,0,0,Reader_2_2.csv
271,3,2,1,Reader_2_3.csv
271,1,1,0,Reader_2_4.csv
271,0,0,0,Reader_2_5.csv
271,0,0,0,Reader_2_6.csv
271,0,0,0,Reader_2_7.csv
271,1,1,0,Reader_2_8.csv
271,0,0,0,Reader_2_9.csv
271,39,30,9,reader_3_1.csv
271,23,21,2,Reader_3_2.csv
271,12,6,6,Reader_3_3.csv
271,12,6,6,Reader_3_4.csv
271,9,8,1,Reader_3_5.csv
271,8,6,2,Reader_3_6.csv
271,2,1,1,Reader_3_7.csv
272,24,9,15,Reader_1_1.csv
272,0,0,0,Reader_1_10.csv
272,1,1,0,Reader_1_11.csv
272,1,1,0,Reader_1_12.csv
272,5,5,0,Reader_1_2.csv
272,2,0,2,Reader_1_3.csv
272,2,0,2,Reader_1_4.csv
272,2,2,0,Reader_1_5.csv
272,1,1,0,Reader_1_6.csv
272,3,1,2,Reader_1_7.csv
272,1,0,1,Reader_1_8.csv
272,2,1,1,Reader_1_9.csv
272,2,2,0,Reader_2_1.csv
272,0,0,0,Reader_2_10.csv
272,0,0,0,Reader_2_11.csv
272,0,0,0,Reader_2_12.csv
272,0,0,0,Reader_2_2.csv
272,3,2,1,Reader_2_3.csv
272,0,0,0,Reader_2_4.csv
272,0,0,0,Reader_2_5.csv
272,0,0,0,Reader_2_6.csv
272,0,0,0,Reader_2_7.csv
272,2,2,0,Reader_2_8.csv
272,0,0,0,Reader_2_9.csv
272,45,34,11,reader_3_1.csv
272,18,16,2,Reader_3_2.csv
272,10,4,6,Reader_3_3.csv
272,10,4,6,Reader_3_4.csv
272,7,6,1,Reader_3_5.csv
272,6,5,1,Reader_3_6.csv
272,2,1,1,Reader_3_7.csv
273,22,9,13,Reader_1_1.csv
273,0,0,0,Reader_1_10.csv
273,1,1,0,Reader_1_11.csv
273,1,1,0,Reader_1_12.csv
273,5,5,0,Reader_1_2.csv
273,2,0,2,Reader_1_3.csv
273,3,1,2,Reader_1_4.csv
273,1,1,0,Reader_1_5.csv
273,1,1,0,Reader_1_6.csv
273,3,1,2,Reader_1_7.csv
273,1,0,1,Reader_1_8.csv
273,1,1,0,Reader_1_9.csv
273,2,2,0,Reader_2_1.csv
273,0,0,0,Reader_2_10.csv
273,0,0,0,Reader_2_11.csv
273,0,0,0,Reader_2_12.csv
273,1,1,0,Reader_2_2.csv
273,5,3,2,Reader_2_3.csv
273,0,0,0,Reader_2_4.csv
273,0,0,0,Reader_2_5.csv
273,0,0,0,Reader_2_6.csv
273,0,0,0,Reader_2_7.csv
273,2,2,0,Reader_2_8.csv
273,0,0,0,Reader_2_9.csv
273,47,36,11,reader_3_1.csv
273,13,11,2,Reader_3_2.csv
273,9,4,5,Reader_3_3.csv
273,9,4,5,Reader_3_4.csv
273,6,5,1,Reader_3_5.csv
273,6,5,1,Reader_3_6.csv
273,2,1,1,Reader_3_7.csv
274,20,8,12,Reader_1_1.csv
274,0,0,0,Reader_1_10.csv
274,2,2,0,Reader_1_11.csv
274,1,1,0,Reader_1_12.csv
274,5,5,0,Reader_1_2.csv
274,2,0,2,Reader_1_3.csv
274,3,1,2,Reader_1_4.csv
274,0,0,0,Reader_1_5.csv
274,0,0,0,Reader_1_6.csv
274,3,1,2,Reader_1_7.csv
274,0,0,0,Reader_1_8.csv
274,1,1,0,Reader_1_9.csv
274,2,2,0,Reader_2_1.csv
274,0,0,0,Reader_2_10.csv
274,0,0,0,Reader_2_11.csv
274,0,0,0,Reader_2_12.csv
274,1,1,0,Reader_2_2.csv
274,5,3,2,Reader_2_3.csv
274,0,0,0,Reader_2_4.csv
274,0,0,0,Reader_2_5.csv
274,0,0,0,Reader_2_6.csv
274,0,0,0,Reader_2_7.csv
274,2,2,0,Reader_2_8.csv
274,0,0,0,Reader_2_9.csv
274,44,34,10,reader_3_1.csv
274,12,9,3,Reader_3_2.csv
274,12,7,5,Reader_3_3.csv
274,12,7,5,Reader_3_4.csv
274,6,5,1,Reader_3_5.csv
274,3,2,1,Reader_3_6.csv
274,2,1,1,Reader_3_7.csv
275,20,10,10,Reader_1_1.csv
275,0,0,0,Reader_1_10.csv
275,2,2,0,Reader_1_11.csv
275,1,1,0,Reader_1_12.csv
275,4,4,0,Reader_1_2.csv
275,1,0,1,Reader_1_3.csv
275,3,1,2,Reader_1_4.csv
275,0,0,0,Reader_1_5.csv
275,0,0,0,Reader_1_6.csv
275,2,1,1,Reader_1_7.csv
275,0,0,0,Reader_1_8.csv
275,1,1,0,Reader_1_9.csv
275,2,2,0,Reader_2_1.csv
275,0,0,0,Reader_2_10.csv
275,0,0,0,Reader_2_11.csv
275,0,0,0,Reader_2_12.csv
275,1,1,0,Reader_2_2.csv
275,5,3,2,Reader_2_3.csv
275,0,0,0,Reader_2_4.csv
275,0,0,0,Reader_2_5.csv
275,0,0,0,Reader_2_6.csv
275,0,0,0,Reader_2_7.csv
275,1,1,0,Reader_2_8.csv
275,0,0,0,Reader_2_9.csv
275,40,31,9,reader_3_1.csv
275,17,12,5,Reader_3_2.csv
275,11,6,5,Reader_3_3.csv
275,11,6,5,Reader_3_4.csv
275,6,5,1,Reader_3_5.csv
275,3,2,1,Reader_3_6.csv
275,3,1,2,Reader_3_7.csv
276,20,10,10,Reader_1_1.csv
276,0,0,0,Reader_1_10.csv
276,2,2,0,Reader_1_11.csv
276,0,0,0,Reader_1_12.csv
276,4,4,0,Reader_1_2.csv
276,1,1,0,Reader_1_3.csv
276,4,2,2,Reader_1_4.csv
276,2,1,1,Reader_1_5.csv
276,0,0,0,Reader_1_6.csv
276,2,0,2,Reader_1_7.csv
276,1,1,0,Reader_1_8.csv
276,1,1,0,Reader_1_9.csv
276,1,1,0,Reader_2_1.csv
276,1,0,1,Reader_2_10.csv
276,0,0,0,Reader_2_11.csv
276,0,0,0,Reader_2_12.csv
276,1,1,0,Reader_2_2.csv
276,2,1,1,Reader_2_3.csv
276,0,0,0,Reader_2_4.csv
276,1,1,0,Reader_2_5.csv
276,0,0,0,Reader_2_6.csv
276,0,0,0,Reader_2_7.csv
276,1,1,0,Reader_2_8.csv
276,0,0,0,Reader_2_9.csv
276,35,30,5,reader_3_1.csv
276,21,16,5,Reader_3_2.csv
276,10,7,3,Reader_3_3.csv
276,10,7,3,Reader_3_4.csv
276,6,5,1,Reader_3_5.csv
276,3,3,0,Reader_3_6.csv
276,3,2,1,Reader_3_7.csv
277,20,10,10,Reader_1_1.csv
277,0,0,0,Reader_1_10.csv
277,2,2,0,Reader_1_11.csv
277,0,0,0,Reader_1_12.csv
277,3,2,1,Reader_1_2.csv
277,1,1,0,Reader_1_3.csv
277,5,3,2,Reader_1_4.csv
277,2,1,1,Reader_1_5.csv
277,0,0,0,Reader_1_6.csv
277,2,0,2,Reader_1_7.csv
277,1,1,0,Reader_1_8.csv
277,1,1,0,Reader_1_9.csv
277,2,1,1,Reader_2_1.csv
277,1,0,1,Reader_2_10.csv
277,0,0,0,Reader_2_11.csv
277,0,0,0,Reader_2_12.csv
277,1,1,0,Reader_2_2.csv
277,3,2,1,Reader_2_3.csv
277,0,0,0,Reader_2_4.csv
277,1,1,0,Reader_2_5.csv
277,0,0,0,Reader_2_6.csv
277,0,0,0,Reader_2_7.csv
277,1,1,0,Reader_2_8.csv
277,0,0,0,Reader_2_9.csv
277,33,29,4,reader_3_1.csv
277,18,14,4,Reader_3_2.csv
277,7,6,1,Reader_3_3.csv
277,7,6,1,Reader_3_4.csv
277,4,3,1,Reader_3_5.csv
277,3,2,1,Reader_3_6.csv
277,2,1,1,Reader_3_7.csv
278,23,12,11,Reader_1_1.csv
278,0,0,0,Reader_1_10.csv
278,2,1,1,Reader_1_11.csv
278,1,1,0,Reader_1_12.csv
278,5,2,3,Reader_1_2.csv
278,1,1,0,Reader_1_3.csv
278,3,3,0,Reader_1_4.csv
278,2,1,1,Reader_1_5.csv
278,1,1,0,Reader_1_6.csv
278,3,1,2,Reader_1_7.csv
278,1,1,0,Reader_1_8.csv
278,2,2,0,Reader_1_9.csv
278,2,1,1,Reader_2_1.csv
278,1,0,1,Reader_2_10.csv
278,0,0,0,Reader_2_11.csv
278,0,0,0,Reader_2_12.csv
278,1,1,0,Reader_2_2.csv
278,5,3,2,Reader_2_3.csv
278,0,0,0,Reader_2_4.csv
278,2,2,0,Reader_2_5.csv
278,0,0,0,Reader_2_6.csv
278,0,0,0,Reader_2_7.csv
278,1,1,0,Reader_2_8.csv
278,0,0,0,Reader_2_9.csv
278,30,26,4,reader_3_1.csv
278,19,14,5,Reader_3_2.csv
278,4,4,0,Reader_3_3.csv
278,4,4,0,Reader_3_4.csv
278,2,1,1,Reader_3_5.csv
278,3,2,1,Reader_3_6.csv
278,2,1,1,Reader_3_7.csv
279,24,16,8,Reader_1_1.csv
279,0,0,0,Reader_1_10.csv
279,2,1,1,Reader_1_11.csv
279,1,1,0,Reader_1_12.csv
279,3,0,3,Reader_1_2.csv
279,1,1,0,Reader_1_3.csv
279,6,5,1,Reader_1_4.csv
279,2,1,1,Reader_1_5.csv
279,1,1,0,Reader_1_6.csv
279,4,2,2,Reader_1_7.csv
279,1,1,0,Reader_1_8.csv
279,2,2,0,Reader_1_9.csv
279,2,1,1,Reader_2_1.csv
279,1,0,1,Reader_2_10.csv
279,0,0,0,Reader_2_11.csv
279,0,0,0,Reader_2_12.csv
279,1,1,0,Reader_2_2.csv
279,5,3,2,Reader_2_3.csv
279,0,0,0,Reader_2_4.csv
279,2,2,0,Reader_2_5.csv
279,0,0,0,Reader_2_6.csv
279,0,0,0,Reader_2_7.csv
279,1,1,0,Reader_2_8.csv
279,0,0,0,Reader_2_9.csv
279,27,23,4,reader_3_1.csv
279,20,14,6,Reader_3_2.csv
279,4,4,0,Reader_3_3.csv
279,4,4,0,Reader_3_4.csv
279,1,1,0,Reader_3_5.csv
279,4,3,1,Reader_3_6.csv
279,2,1,1,Reader_3_7.csv
280,20,14,6,Reader_1_1.csv
280,0,0,0,Reader_1_10.csv
280,3,2,1,Reader_1_11.csv
280,1,1,0,Reader_1_12.csv
280,4,0,4,Reader_1_2.csv
280,2,2,0,Reader_1_3.csv
280,7,6,1,Reader_1_4.csv
280,2,1,1,Reader_1_5.csv
280,1,1,0,Reader_1_6.csv
280,3,2,1,Reader_1_7.csv
280,2,2,0,Reader_1_8.csv
280,2,2,0,Reader_1_9.csv
280,3,1,2,Reader_2_1.csv
280,1,0,1,Reader_2_10.csv
280,0,0,0,Reader_2_11.csv
280,0,0,0,Reader_2_12.csv
280,1,1,0,Reader_2_2.csv
280,6,4,2,Reader_2_3.csv
280,0,0,0,Reader_2_4.csv
280,2,2,0,Reader_2_5.csv
280,0,0,0,Reader_2_6.csv
280,0,0,0,Reader_2_7.csv
280,0,0,0,Reader_2_8.csv
280,0,0,0,Reader_2_9.csv
280,21,20,1,reader_3_1.csv
280,20,14,6,Reader_3_2.csv
280,5,5,0,Reader_3_3.csv
280,5,5,0,Reader_3_4.csv
280,1,1,0,Reader_3_5.csv
280,5,3,2,Reader_3_6.csv
280,2,1,1,Reader_3_7.csv
281,25,17,8,Reader_1_1.csv
281,0,0,0,Reader_1_10.csv
281,3,2,1,Reader_1_11.csv
281,1,1,0,Reader_1_12.csv
281,4,0,4,Reader_1_2.csv
281,3,2,1,Reader_1_3.csv
281,9,7,2,Reader_1_4.csv
281,2,1,1,Reader_1_5.csv
281,1,1,0,Reader_1_6.csv
281,3,2,1,Reader_1_7.csv
281,2,2,0,Reader_1_8.csv
281,1,1,0,Reader_1_9.csv
281,3,1,2,Reader_2_1.csv
281,1,0,1,Reader_2_10.csv
281,0,0,0,Reader_2_11.csv
281,0,0,0,Reader_2_12.csv
281,1,1,0,Reader_2_2.csv
281,4,3,1,Reader_2_3.csv
281,0,0,0,Reader_2_4.csv
281,2,2,0,Reader_2_5.csv
281,0,0,0,Reader_2_6.csv
281,0,0,0,Reader_2_7.csv
281,0,0,0,Reader_2_8.csv
281,0,0,0,Reader_2_9.csv
281,18,17,1,reader_3_1.csv
281,20,14,6,Reader_3_2.csv
281,7,6,1,Reader_3_3.csv
281,7,6,1,Reader_3_4.csv
281,1,1,0,Reader_3_5.csv
281,5,3,2,Reader_3_6.csv
281,2,1,1,Reader_3_7.csv
282,23,16,7,Reader_1_1.csv
282,0,0,0,Reader_1_10.csv
282,2,1,1,Reader_1_11.csv
282,1,1,0,Reader_1_12.csv
282,4,0,4,Reader_1_2.csv
282,3,2,1,Reader_1_3.csv
282,10,7,3,Reader_1_4.csv
282,4,3,1,Reader_1_5.csv
282,1,1,0,Reader_1_6.csv
282,3,2,1,Reader_1_7.csv
282,2,2,0,Reader_1_8.csv
282,1,1,0,Reader_1_9.csv
282,2,0,2,Reader_2_1.csv
282,1,0,1,Reader_2_10.csv
282,0,0,0,Reader_2_11.csv
282,0,0,0,Reader_2_12.csv
282,1,1,0,Reader_2_2.csv
282,4,3,1,Reader_2_3.csv
282,0,0,0,Reader_2_4.csv
282,2,2,0,Reader_2_5.csv
282,0,0,0,Reader_2_6.csv
282,0,0,0,Reader_2_7.csv
282,0,0,0,Reader_2_8.csv
282,0,0,0,Reader_2_9.csv
282,16,15,1,reader_3_1.csv
282,22,16,6,Reader_3_2.csv
282,5,4,1,Reader_3_3.csv
282,5,4,1,Reader_3_4.csv
282,1,1,0,Reader_3_5.csv
282,5,3,2,Reader_3_6.csv
282,4,3,1,Reader_3_7.csv
283,23,15,8,Reader_1_1.csv
283,0,0,0,Reader_1_10.csv
283,2,1,1,Reader_1_11.csv
283,1,1,0,Reader_1_12.csv
283,5,1,4,Reader_1_2.csv
283,3,2,1,Reader_1_3.csv
283,12,8,4,Reader_1_4.csv
283,4,3,1,Reader_1_5.csv
283,1,1,0,Reader_1_6.csv
283,5,4,1,Reader_1_7.csv
283,3,3,0,Reader_1_8.csv
283,1,1,0,Reader_1_9.csv
283,4,2,2,Reader_2_1.csv
283,1,0,1,Reader_2_10.csv
283,0,0,0,Reader_2_11.csv
283,0,0,0,Reader_2_12.csv
283,1,1,0,Reader_2_2.csv
283,4,3,1,Reader_2_3.csv
283,0,0,0,Reader_2_4.csv
283,3,3,0,Reader_2_5.csv
283,0,0,0,Reader_2_6.csv
283,0,0,0,Reader_2_7.csv
283,0,0,0,Reader_2_8.csv
283,0,0,0,Reader_2_9.csv
283,17,15,2,reader_3_1.csv
283,18,14,4,Reader_3_2.csv
283,5,4,1,Reader_3_3.csv
283,5,4,1,Reader_3_4.csv
283,1,1,0,Reader_3_5.csv
283,4,2,2,Reader_3_6.csv
283,4,4,0,Reader_3_7.csv
284,23,16,7,Reader_1_1.csv
284,0,0,0,Reader_1_10.csv
284,2,1,1,Reader_1_11.csv
284,1,1,0,Reader_1_12.csv
284,5,1,4,Reader_1_2.csv
284,2,1,1,Reader_1_3.csv
284,12,8,4,Reader_1_4.csv
284,3,3,0,Reader_1_5.csv
284,1,1,0,Reader_1_6.csv
284,5,5,0,Reader_1_7.csv
284,2,2,0,Reader_1_8.csv
284,1,1,0,Reader_1_9.csv
284,4,2,2,Reader_2_1.csv
284,0,0,0,Reader_2_10.csv
284,0,0,0,Reader_2_11.csv
284,0,0,0,Reader_2_12.csv
284,1,1,0,Reader_2_2.csv
284,4,3,1,Reader_2_3.csv
284,0,0,0,Reader_2_4.csv
284,2,2,0,Reader_2_5.csv
284,0,0,0,Reader_2_6.csv
284,0,0,0,Reader_2_7.csv
284,0,0,0,Reader_2_8.csv
284,0,0,0,Reader_2_9.csv
284,15,13,2,reader_3_1.csv
284,15,10,5,Reader_3_2.csv
284,5,4,1,Reader_3_3.csv
284,5,4,1,Reader_3_4.csv
284,2,2,0,Reader_3_5.csv
284,4,1,3,Reader_3_6.csv
284,3,3,0,Reader_3_7.csv
285,23,17,6,Reader_1_1.csv
285,0,0,0,Reader_1_10.csv
285,2,1,1,Reader_1_11.csv
285,1,1,0,Reader_1_12.csv
285,6,2,4,Reader_1_2.csv
285,2,1,1,Reader_1_3.csv
285,11,7,4,Reader_1_4.csv
285,3,3,0,Reader_1_5.csv
285,2,2,0,Reader_1_6.csv
285,7,7,0,Reader_1_7.csv
285,2,2,0,Reader_1_8.csv
285,2,1,1,Reader_1_9.csv
285,4,3,1,Reader_2_1.csv
285,0,0,0,Reader_2_10.csv
285,0,0,0,Reader_2_11.csv
285,0,0,0,Reader_2_12.csv
285,1,1,0,Reader_2_2.csv
285,4,3,1,Reader_2_3.csv
285,0,0,0,Reader_2_4.csv
285,2,2,0,Reader_2_5.csv
285,0,0,0,Reader_2_6.csv
285,0,0,0,Reader_2_7.csv
285,0,0,0,Reader_2_8.csv
285,0,0,0,Reader_2_9.csv
285,16,14,2,reader_3_1.csv
285,14,9,5,Reader_3_2.csv
285,5,4,1,Reader_3_3.csv
285,5,4,1,Reader_3_4.csv
285,3,3,0,Reader_3_5.csv
285,5,2,3,Reader_3_6.csv
285,5,5,0,Reader_3_7.csv
286,20,15,5,Reader_1_1.csv
286,0,0,0,Reader_1_10.csv
286,2,2,0,Reader_1_11.csv
286,0,0,0,Reader_1_12.csv
286,4,2,2,Reader_1_2.csv
286,2,1,1,Reader_1_3.csv
286,11,7,4,Reader_1_4.csv
286,3,3,0,Reader_1_5.csv
286,1,1,0,Reader_1_6.csv
286,8,8,0,Reader_1_7.csv
286,2,2,0,Reader_1_8.csv
286,1,0,1,Reader_1_9.csv
286,5,4,1,Reader_2_1.csv
286,0,0,0,Reader_2_10.csv
286,0,0,0,Reader_2_11.csv
286,0,0,0,Reader_2_12.csv
286,1,1,0,Reader_2_2.csv
286,2,2,0,Reader_2_3.csv
286,0,0,0,Reader_2_4.csv
286,1,1,0,Reader_2_5.csv
286,0,0,0,Reader_2_6.csv
286,0,0,0,Reader_2_7.csv
286,0,0,0,Reader_2_8.csv
286,0,0,0,Reader_2_9.csv
286,14,12,2,reader_3_1.csv
286,12,7,5,Reader_3_2.csv
286,6,5,1,Reader_3_3.csv
286,6,5,1,Reader_3_4.csv
286,3,3,0,Reader_3_5.csv
286,6,3,3,Reader_3_6.csv
286,6,6,0,Reader_3_7.csv
287,18,13,5,Reader_1_1.csv
287,1,0,1,Reader_1_10.csv
287,2,2,0,Reader_1_11.csv
287,0,0,0,Reader_1_12.csv
287,4,2,2,Reader_1_2.csv
287,2,1,1,Reader_1_3.csv
287,8,5,3,Reader_1_4.csv
287,3,3,0,Reader_1_5.csv
287,1,1,0,Reader_1_6.csv
287,7,7,0,Reader_1_7.csv
287,2,2,0,Reader_1_8.csv
287,1,0,1,Reader_1_9.csv
287,6,5,1,Reader_2_1.csv
287,0,0,0,Reader_2_10.csv
287,0,0,0,Reader_2_11.csv
287,0,0,0,Reader_2_12.csv
287,1,1,0,Reader_2_2.csv
287,2,2,0,Reader_2_3.csv
287,0,0,0,Reader_2_4.csv
287,1,1,0,Reader_2_5.csv
287,0,0,0,Reader_2_6.csv
287,0,0,0,Reader_2_7.csv
287,0,0,0,Reader_2_8.csv
287,0,0,0,Reader_2_9.csv
287,12,11,1,reader_3_1.csv
287,10,6,4,Reader_3_2.csv
287,6,5,1,Reader_3_3.csv
287,6,5,1,Reader_3_4.csv
287,2,2,0,Reader_3_5.csv
287,6,2,4,Reader_3_6.csv
287,8,8,0,Reader_3_7.csv
288,17,12,5,Reader_1_1.csv
288,1,0,1,Reader_1_10.csv
288,1,1,0,Reader_1_11.csv
288,0,0,0,Reader_1_12.csv
288,3,2,1,Reader_1_2.csv
288,1,0,1,Reader_1_3.csv
288,8,5,3,Reader_1_4.csv
288,3,3,0,Reader_1_5.csv
288,1,1,0,Reader_1_6.csv
288,8,8,0,Reader_1_7.csv
288,1,1,0,Reader_1_8.csv
288,1,0,1,Reader_1_9.csv
288,5,5,0,Reader_2_1.csv
288,0,0,0,Reader_2_10.csv
288,0,0,0,Reader_2_11.csv
288,0,0,0,Reader_2_12.csv
288,1,1,0,Reader_2_2.csv
288,3,2,1,Reader_2_3.csv
288,0,0,0,Reader_2_4.csv
288,1,1,0,Reader_2_5.csv
288,0,0,0,Reader_2_6.csv
288,0,0,0,Reader_2_7.csv
288,0,0,0,Reader_2_8.csv
288,0,0,0,Reader_2_9.csv
288,13,11,2,reader_3_1.csv
288,13,9,4,Reader_3_2.csv
288,7,6,1,Reader_3_3.csv
288,7,6,1,Reader_3_4.csv
288,3,3,0,Reader_3_5.csv
288,8,5,3,Reader_3_6.csv
288,9,9,0,Reader_3_7.csv
289,13,9,4,Reader_1_1.csv
289,1,0,1,Reader_1_10.csv
289,2,2,0,Reader_1_11.csv
289,1,1,0,Reader_1_12.csv
289,3,2,1,Reader_1_2.csv
289,1,1,0,Reader_1_3.csv
289,5,3,2,Reader_1_4.csv
289,4,4,0,Reader_1_5.csv
289,1,1,0,Reader_1_6.csv
289,8,8,0,Reader_1_7.csv
289,1,1,0,Reader_1_8.csv
289,1,0,1,Reader_1_9.csv
289,6,6,0,Reader_2_1.csv
289,0,0,0,Reader_2_10.csv
289,0,0,0,Reader_2_11.csv
289,0,0,0,Reader_2_12.csv
289,0,0,0,Reader_2_2.csv
289,3,2,1,Reader_2_3.csv
289,1,1,0,Reader_2_4.csv
289,1,1,0,Reader_2_5.csv
289,0,0,0,Reader_2_6.csv
289,0,0,0,Reader_2_7.csv
289,0,0,0,Reader_2_8.csv
289,0,0,0,Reader_2_9.csv
289,14,12,2,reader_3_1.csv
289,13,8,5,Reader_3_2.csv
289,5,5,0,Reader_3_3.csv
289,5,5,0,Reader_3_4.csv
289,3,3,0,Reader_3_5.csv
289,9,5,4,Reader_3_6.csv
289,10,10,0,Reader_3_7.csv
290,15,11,4,Reader_1_1.csv
290,1,0,1,Reader_1_10.csv
290,3,3,0,Reader_1_11.csv
290,1,1,0,Reader_1_12.csv
290,3,2,1,Reader_1_2.csv
290,1,1,0,Reader_1_3.csv
290,4,3,1,Reader_1_4.csv
290,2,2,0,Reader_1_5.csv
290,1,1,0,Reader_1_6.csv
290,9,9,0,Reader_1_7.csv
290,1,1,0,Reader_1_8.csv
290,1,0,1,Reader_1_9.csv
290,7,7,0,Reader_2_1.csv
290,0,0,0,Reader_2_10.csv
290,0,0,0,Reader_2_11.csv
290,0,0,0,Reader_2_12.csv
290,0,0,0,Reader_2_2.csv
290,3,2,1,Reader_2_3.csv
290,1,1,0,Reader_2_4.csv
290,1,1,0,Reader_2_5.csv
290,0,0,0,Reader_2_6.csv
290,0,0,0,Reader_2_7.csv
290,0,0,0,Reader_2_8.csv
290,0,0,0,Reader_2_9.csv
290,16,14,2,reader_3_1.csv
290,12,8,4,Reader_3_2.csv
290,4,4,0,Reader_3_3.csv
290,4,4,0,Reader_3_4.csv
290,3,3,0,Reader_3_5.csv
290,11,6,5,Reader_3_6.csv
290,8,8,0,Reader_3_7.csv
291,15,13,2,Reader_1_1.csv
291,1,0,1,Reader_1_10.csv
291,3,3,0,Reader_1_11.csv
291,1,1,0,Reader_1_12.csv
291,2,1,1,Reader_1_2.csv
291,1,1,0,Reader_1_3.csv
291,2,2,0,Reader_1_4.csv
291,3,2,1,Reader_1_5.csv
291,1,1,0,Reader_1_6.csv
291,7,7,0,Reader_1_7.csv
291,1,1,0,Reader_1_8.csv
291,1,0,1,Reader_1_9.csv
291,5,5,0,Reader_2_1.csv
291,0,0,0,Reader_2_10.csv
291,0,0,0,Reader_2_11.csv
291,0,0,0,Reader_2_12.csv
291,0,0,0,Reader_2_2.csv
291,3,2,1,Reader_2_3.csv
291,1,1,0,Reader_2_4.csv
291,0,0,0,Reader_2_5.csv
291,0,0,0,Reader_2_6.csv
291,0,0,0,Reader_2_7.csv
291,0,0,0,Reader_2_8.csv
291,0,0,0,Reader_2_9.csv
291,14,13,1,reader_3_1.csv
291,12,8,4,Reader_3_2.csv
291,4,4,0,Reader_3_3.csv
291,4,4,0,Reader_3_4.csv
291,4,3,1,Reader_3_5.csv
291,11,6,5,Reader_3_6.csv
291,7,7,0,Reader_3_7.csv
292,13,11,2,Reader_1_1.csv
292,1,0,1,Reader_1_10.csv
292,4,4,0,Reader_1_11.csv
292,2,2,0,Reader_1_12.csv
292,4,2,2,Reader_1_2.csv
292,1,1,0,Reader_1_3.csv
292,2,2,0,Reader_1_4.csv
292,2,1,1,Reader_1_5.csv
292,1,1,0,Reader_1_6.csv
292,6,6,0,Reader_1_7.csv
292,1,1,0,Reader_1_8.csv
292,1,0,1,Reader_1_9.csv
292,5,5,0,Reader_2_1.csv
292,0,0,0,Reader_2_10.csv
292,0,0,0,Reader_2_11.csv
292,0,0,0,Reader_2_12.csv
292,0,0,0,Reader_2_2.csv
292,4,2,2,Reader_2_3.csv
292,1,1,0,Reader_2_4.csv
292,0,0,0,Reader_2_5.csv
292,0,0,0,Reader_2_6.csv
292,0,0,0,Reader_2_7.csv
292,0,0,0,Reader_2_8.csv
292,0,0,0,Reader_2_9.csv
292,14,13,1,reader_3_1.csv
292,13,9,4,Reader_3_2.csv
292,4,4,0,Reader_3_3.csv
292,4,4,0,Reader_3_4.csv
292,3,2,1,Reader_3_5.csv
292,11,7,4,Reader_3_6.csv
292,8,8,0,Reader_3_7.csv
293,12,9,3,Reader_1_1.csv
293,1,0,1,Reader_1_10.csv
293,4,4,0,Reader_1_11.csv
293,2,2,0,Reader_1_12.csv
293,3,1,2,Reader_1_2.csv
293,2,2,0,Reader_1_3.csv
293,3,3,0,Reader_1_4.csv
293,2,1,1,Reader_1_5.csv
293,0,0,0,Reader_1_6.csv
293,4,4,0,Reader_1_7.csv
293,2,1,1,Reader_1_8.csv
293,0,0,0,Reader_1_9.csv
293,6,4,2,Reader_2_1.csv
293,0,0,0,Reader_2_10.csv
293,0,0,0,Reader_2_11.csv
293,0,0,0,Reader_2_12.csv
293,0,0,0,Reader_2_2.csv
293,6,3,3,Reader_2_3.csv
293,1,1,0,Reader_2_4.csv
293,0,0,0,Reader_2_5.csv
293,0,0,0,Reader_2_6.csv
293,0,0,0,Reader_2_7.csv
293,0,0,0,Reader_2_8.csv
293,0,0,0,Reader_2_9.csv
293,13,12,1,reader_3_1.csv
293,14,11,3,Reader_3_2.csv
293,4,4,0,Reader_3_3.csv
293,4,4,0,Reader_3_4.csv
293,2,1,1,Reader_3_5.csv
293,9,6,3,Reader_3_6.csv
293,7,7,0,Reader_3_7.csv
294,14,10,4,Reader_1_1.csv
294,1,0,1,Reader_1_10.csv
294,4,4,0,Reader_1_11.csv
294,3,3,0,Reader_1_12.csv
294,3,1,2,Reader_1_2.csv
294,3,2,1,Reader_1_3.csv
294,4,4,0,Reader_1_4.csv
294,2,1,1,Reader_1_5.csv
294,0,0,0,Reader_1_6.csv
294,4,4,0,Reader_1_7.csv
294,2,1,1,Reader_1_8.csv
294,0,0,0,Reader_1_9.csv
294,5,3,2,Reader_2_1.csv
294,0,0,0,Reader_2_10.csv
294,0,0,0,Reader_2_11.csv
294,0,0,0,Reader_2_12.csv
294,0,0,0,Reader_2_2.csv
294,6,3,3,Reader_2_3.csv
294,1,1,0,Reader_2_4.csv
294,0,0,0,Reader_2_5.csv
294,0,0,0,Reader_2_6.csv
294,0,0,0,Reader_2_7.csv
294,0,0,0,Reader_2_8.csv
294,0,0,0,Reader_2_9.csv
294,14,12,2,reader_3_1.csv
294,14,12,2,Reader_3_2.csv
294,5,5,0,Reader_3_3.csv
294,5,5,0,Reader_3_4.csv
294,2,1,1,Reader_3_5.csv
294,10,7,3,Reader_3_6.csv
294,6,6,0,Reader_3_7.csv
295,13,9,4,Reader_1_1.csv
295,0,0,0,Reader_1_10.csv
295,4,4,0,Reader_1_11.csv
295,3,3,0,Reader_1_12.csv
295,3,1,2,Reader_1_2.csv
295,3,2,1,Reader_1_3.csv
295,5,5,0,Reader_1_4.csv
295,2,1,1,Reader_1_5.csv
295,0,0,0,Reader_1_6.csv
295,4,4,0,Reader_1_7.csv
295,2,1,1,Reader_1_8.csv
295,0,0,0,Reader_1_9.csv
295,4,2,2,Reader_2_1.csv
295,0,0,0,Reader_2_10.csv
295,0,0,0,Reader_2_11.csv
295,0,0,0,Reader_2_12.csv
295,0,0,0,Reader_2_2.csv
295,7,4,3,Reader_2_3.csv
295,2,1,1,Reader_2_4.csv
295,0,0,0,Reader_2_5.csv
295,0,0,0,Reader_2_6.csv
295,0,0,0,Reader_2_7.csv
295,0,0,0,Reader_2_8.csv
295,0,0,0,Reader_2_9.csv
295,16,13,3,reader_3_1.csv
295,16,14,2,Reader_3_2.csv
295,5,5,0,Reader_3_3.csv
295,5,5,0,Reader_3_4.csv
295,2,1,1,Reader_3_5.csv
295,10,8,2,Reader_3_6.csv
295,6,6,0,Reader_3_7.csv
296,13,9,4,Reader_1_1.csv
296,0,0,0,Reader_1_10.csv
296,5,5,0,Reader_1_11.csv
296,3,3,0,Reader_1_12.csv
296,3,1,2,Reader_1_2.csv
296,3,2,1,Reader_1_3.csv
296,4,4,0,Reader_1_4.csv
296,2,1,1,Reader_1_5.csv
296,0,0,0,Reader_1_6.csv
296,4,4,0,Reader_1_7.csv
296,2,1,1,Reader_1_8.csv
296,0,0,0,Reader_1_9.csv
296,4,2,2,Reader_2_1.csv
296,0,0,0,Reader_2_10.csv
296,0,0,0,Reader_2_11.csv
296,0,0,0,Reader_2_12.csv
296,0,0,0,Reader_2_2.csv
296,5,3,2,Reader_2_3.csv
296,2,1,1,Reader_2_4.csv
296,1,1,0,Reader_2_5.csv
296,0,0,0,Reader_2_6.csv
296,0,0,0,Reader_2_7.csv
296,0,0,0,Reader_2_8.csv
296,0,0,0,Reader_2_9.csv
296,14,12,2,reader_3_1.csv
296,13,11,2,Reader_3_2.csv
296,3,3,0,Reader_3_3.csv
296,3,3,0,Reader_3_4.csv
296,1,0,1,Reader_3_5.csv
296,7,5,2,Reader_3_6.csv
296,7,7,0,Reader_3_7.csv
297,18,14,4,Reader_1_1.csv
297,0,0,0,Reader_1_10.csv
297,4,4,0,Reader_1_11.csv
297,3,3,0,Reader_1_12.csv
297,3,1,2,Reader_1_2.csv
297,3,2,1,Reader_1_3.csv
297,4,4,0,Reader_1_4.csv
297,1,0,1,Reader_1_5.csv
297,1,1,0,Reader_1_6.csv
297,5,5,0,Reader_1_7.csv
297,2,1,1,Reader_1_8.csv
297,0,0,0,Reader_1_9.csv
297,4,2,2,Reader_2_1.csv
297,0,0,0,Reader_2_10.csv
297,0,0,0,Reader_2_11.csv
297,0,0,0,Reader_2_12.csv
297,1,1,0,Reader_2_2.csv
297,6,3,3,Reader_2_3.csv
297,1,0,1,Reader_2_4.csv
297,1,1,0,Reader_2_5.csv
297,0,0,0,Reader_2_6.csv
297,0,0,0,Reader_2_7.csv
297,0,0,0,Reader_2_8.csv
297,0,0,0,Reader_2_9.csv
297,15,13,2,reader_3_1.csv
297,13,12,1,Reader_3_2.csv
297,3,3,0,Reader_3_3.csv
297,3,3,0,Reader_3_4.csv
297,1,0,1,Reader_3_5.csv
297,7,5,2,Reader_3_6.csv
297,6,6,0,Reader_3_7.csv
298,17,12,5,Reader_1_1.csv
298,0,0,0,Reader_1_10.csv
298,3,3,0,Reader_1_11.csv
298,3,3,0,Reader_1_12.csv
298,4,2,2,Reader_1_2.csv
298,3,2,1,Reader_1_3.csv
298,4,4,0,Reader_1_4.csv
298,1,0,1,Reader_1_5.csv
298,1,1,0,Reader_1_6.csv
298,4,4,0,Reader_1_7.csv
298,2,1,1,Reader_1_8.csv
298,0,0,0,Reader_1_9.csv
298,3,1,2,Reader_2_1.csv
298,0,0,0,Reader_2_10.csv
298,0,0,0,Reader_2_11.csv
298,0,0,0,Reader_2_12.csv
298,1,1,0,Reader_2_2.csv
298,7,4,3,Reader_2_3.csv
298,1,0,1,Reader_2_4.csv
298,2,2,0,Reader_2_5.csv
298,0,0,0,Reader_2_6.csv
298,0,0,0,Reader_2_7.csv
298,0,0,0,Reader_2_8.csv
298,0,0,0,Reader_2_9.csv
298,16,14,2,reader_3_1.csv
298,12,10,2,Reader_3_2.csv
298,4,4,0,Reader_3_3.csv
298,4,4,0,Reader_3_4.csv
298,1,0,1,Reader_3_5.csv
298,5,4,1,Reader_3_6.csv
298,6,6,0,Reader_3_7.csv
299,23,12,11,Reader_1_1.csv
299,0,0,0,Reader_1_10.csv
299,3,3,0,Reader_1_11.csv
299,3,3,0,Reader_1_12.csv
299,4,2,2,Reader_1_2.csv
299,4,3,1,Reader_1_3.csv
299,4,4,0,Reader_1_4.csv
299,0,0,0,Reader_1_5.csv
299,1,1,0,Reader_1_6.csv
299,4,4,0,Reader_1_7.csv
299,1,0,1,Reader_1_8.csv
299,0,0,0,Reader_1_9.csv
299,3,1,2,Reader_2_1.csv
299,0,0,0,Reader_2_10.csv
299,0,0,0,Reader_2_11.csv
299,0,0,0,Reader_2_12.csv
299,2,2,0,Reader_2_2.csv
299,7,4,3,Reader_2_3.csv
299,1,0,1,Reader_2_4.csv
299,2,2,0,Reader_2_5.csv
299,0,0,0,Reader_2_6.csv
299,0,0,0,Reader_2_7.csv
299,0,0,0,Reader_2_8.csv
299,0,0,0,Reader_2_9.csv
299,17,15,2,reader_3_1.csv
299,13,10,3,Reader_3_2.csv
299,5,5,0,Reader_3_3.csv
299,5,5,0,Reader_3_4.csv
299,0,0,0,Reader_3_5.csv
299,5,4,1,Reader_3_6.csv
299,6,6,0,Reader_3_7.csv
300,29,14,15,Reader_1_1.csv
300,0,0,0,Reader_1_10.csv
300,4,4,0,Reader_1_11.csv
300,2,2,0,Reader_1_12.csv
300,2,1,1,Reader_1_2.csv
300,5,3,2,Reader_1_3.csv
300,4,4,0,Reader_1_4.csv
300,0,0,0,Reader_1_5.csv
300,1,1,0,Reader_1_6.csv
300,4,4,0,Reader_1_7.csv
300,1,0,1,Reader_1_8.csv
300,0,0,0,Reader_1_9.csv
300,6,3,3,Reader_2_1.csv
300,0,0,0,Reader_2_10.csv
300,0,0,0,Reader_2_11.csv
300,1,1,0,Reader_2_12.csv
300,2,2,0,Reader_2_2.csv
300,6,4,2,Reader_2_3.csv
300,1,0,1,Reader_2_4.csv
300,2,2,0,Reader_2_5.csv
300,0,0,0,Reader_2_6.csv
300,0,0,0,Reader_2_7.csv
300,0,0,0,Reader_2_8.csv
300,0,0,0,Reader_2_9.csv
300,18,16,2,reader_3_1.csv
300,13,10,3,Reader_3_2.csv
300,4,4,0,Reader_3_3.csv
300,4,4,0,Reader_3_4.csv
300,0,0,0,Reader_3_5.csv
300,5,3,2,Reader_3_6.csv
300,6,6,0,Reader_3_7.csv
301,42,20,22,Reader_1_1.csv
301,0,0,0,Reader_1_10.csv
301,4,4,0,Reader_1_11.csv
301,2,2,0,Reader_1_12.csv
301,2,1,1,Reader_1_2.csv
301,5,3,2,Reader_1_3.csv
301,3,3,0,Reader_1_4.csv
301,0,0,0,Reader_1_5.csv
301,1,1,0,Reader_1_6.csv
301,4,4,0,Reader_1_7.csv
301,0,0,0,Reader_1_8.csv
301,0,0,0,Reader_1_9.csv
301,5,4,1,Reader_2_1.csv
301,1,1,0,Reader_2_10.csv
301,0,0,0,Reader_2_11.csv
301,1,1,0,Reader_2_12.csv
301,2,2,0,Reader_2_2.csv
301,4,3,1,Reader_2_3.csv
301,1,0,1,Reader_2_4.csv
301,2,2,0,Reader_2_5.csv
301,0,0,0,Reader_2_6.csv
301,0,0,0,Reader_2_7.csv
301,0,0,0,Reader_2_8.csv
301,0,0,0,Reader_2_9.csv
301,18,16,2,reader_3_1.csv
301,13,9,4,Reader_3_2.csv
301,4,4,0,Reader_3_3.csv
301,4,4,0,Reader_3_4.csv
301,1,1,0,Reader_3_5.csv
301,5,3,2,Reader_3_6.csv
301,5,5,0,Reader_3_7.csv
302,53,28,25,Reader_1_1.csv
302,0,0,0,Reader_1_10.csv
302,4,4,0,Reader_1_11.csv
302,1,1,0,Reader_1_12.csv
302,2,1,1,Reader_1_2.csv
302,4,3,1,Reader_1_3.csv
302,3,3,0,Reader_1_4.csv
302,1,1,0,Reader_1_5.csv
302,1,1,0,Reader_1_6.csv
302,2,2,0,Reader_1_7.csv
302,0,0,0,Reader_1_8.csv
302,0,0,0,Reader_1_9.csv
302,7,5,2,Reader_2_1.csv
302,1,1,0,Reader_2_10.csv
302,0,0,0,Reader_2_11.csv
302,1,1,0,Reader_2_12.csv
302,2,2,0,Reader_2_2.csv
302,4,3,1,Reader_2_3.csv
302,1,0,1,Reader_2_4.csv
302,3,3,0,Reader_2_5.csv
302,0,0,0,Reader_2_6.csv
302,0,0,0,Reader_2_7.csv
302,0,0,0,Reader_2_8.csv
302,0,0,0,Reader_2_9.csv
302,19,18,1,reader_3_1.csv
302,12,8,4,Reader_3_2.csv
302,3,3,0,Reader_3_3.csv
302,3,3,0,Reader_3_4.csv
302,1,1,0,Reader_3_5.csv
302,3,1,2,Reader_3_6.csv
302,6,6,0,Reader_3_7.csv
303,66,37,29,Reader_1_1.csv
303,0,0,0,Reader_1_10.csv
303,5,5,0,Reader_1_11.csv
303,1,1,0,Reader_1_12.csv
303,3,1,2,Reader_1_2.csv
303,4,3,1,Reader_1_3.csv
303,2,2,0,Reader_1_4.csv
303,1,1,0,Reader_1_5.csv
303,2,2,0,Reader_1_6.csv
303,2,2,0,Reader_1_7.csv
303,0,0,0,Reader_1_8.csv
303,0,0,0,Reader_1_9.csv
303,7,5,2,Reader_2_1.csv
303,1,1,0,Reader_2_10.csv
303,0,0,0,Reader_2_11.csv
303,1,1,0,Reader_2_12.csv
303,2,2,0,Reader_2_2.csv
303,3,2,1,Reader_2_3.csv
303,0,0,0,Reader_2_4.csv
303,3,3,0,Reader_2_5.csv
303,0,0,0,Reader_2_6.csv
303,0,0,0,Reader_2_7.csv
303,0,0,0,Reader_2_8.csv
303,0,0,0,Reader_2_9.csv
303,17,17,0,reader_3_1.csv
303,9,5,4,Reader_3_2.csv
303,4,4,0,Reader_3_3.csv
303,4,4,0,Reader_3_4.csv
303,2,1,1,Reader_3_5.csv
303,2,0,2,Reader_3_6.csv
303,4,4,0,Reader_3_7.csv
304,74,41,33,Reader_1_1.csv
304,0,0,0,Reader_1_10.csv
304,4,4,0,Reader_1_11.csv
304,1,1,0,Reader_1_12.csv
304,4,2,2,Reader_1_2.csv
304,5,3,2,Reader_1_3.csv
304,2,2,0,Reader_1_4.csv
304,2,2,0,Reader_1_5.csv
304,3,3,0,Reader_1_6.csv
304,1,1,0,Reader_1_7.csv
304,0,0,0,Reader_1_8.csv
304,0,0,0,Reader_1_9.csv
304,7,5,2,Reader_2_1.csv
304,1,1,0,Reader_2_10.csv
304,0,0,0,Reader_2_11.csv
304,1,1,0,Reader_2_12.csv
304,2,2,0,Reader_2_2.csv
304,5,4,1,Reader_2_3.csv
304,0,0,0,Reader_2_4.csv
304,2,2,0,Reader_2_5.csv
304,0,0,0,Reader_2_6.csv
304,0,0,0,Reader_2_7.csv
304,0,0,0,Reader_2_8.csv
304,0,0,0,Reader_2_9.csv
304,14,14,0,reader_3_1.csv
304,9,5,4,Reader_3_2.csv
304,4,4,0,Reader_3_3.csv
304,4,4,0,Reader_3_4.csv
304,3,2,1,Reader_3_5.csv
304,4,1,3,Reader_3_6.csv
304,2,2,0,Reader_3_7.csv
305,82,43,39,Reader_1_1.csv
305,0,0,0,Reader_1_10.csv
305,5,4,1,Reader_1_11.csv
305,0,0,0,Reader_1_12.csv
305,4,2,2,Reader_1_2.csv
305,4,2,2,Reader_1_3.csv
305,3,3,0,Reader_1_4.csv
305,2,2,0,Reader_1_5.csv
305,3,3,0,Reader_1_6.csv
305,0,0,0,Reader_1_7.csv
305,0,0,0,Reader_1_8.csv
305,0,0,0,Reader_1_9.csv
305,7,5,2,Reader_2_1.csv
305,1,1,0,Reader_2_10.csv
305,0,0,0,Reader_2_11.csv
305,1,1,0,Reader_2_12.csv
305,1,1,0,Reader_2_2.csv
305,4,4,0,Reader_2_3.csv
305,0,0,0,Reader_2_4.csv
305,3,3,0,Reader_2_5.csv
305,0,0,0,Reader_2_6.csv
305,0,0,0,Reader_2_7.csv
305,0,0,0,Reader_2_8.csv
305,0,0,0,Reader_2_9.csv
305,15,15,0,reader_3_1.csv
305,11,6,5,Reader_3_2.csv
305,6,6,0,Reader_3_3.csv
305,6,6,0,Reader_3_4.csv
305,4,3,1,Reader_3_5.csv
305,3,1,2,Reader_3_6.csv
305,2,2,0,Reader_3_7.csv
306,92,49,43,Reader_1_1.csv
306,0,0,0,Reader_1_10.csv
306,7,6,1,Reader_1_11.csv
306,0,0,0,Reader_1_12.csv
306,5,3,2,Reader_1_2.csv
306,4,2,2,Reader_1_3.csv
306,3,3,0,Reader_1_4.csv
306,2,2,0,Reader_1_5.csv
306,4,4,0,Reader_1_6.csv
306,0,0,0,Reader_1_7.csv
306,0,0,0,Reader_1_8.csv
306,0,0,0,Reader_1_9.csv
306,7,5,2,Reader_2_1.csv
306,1,1,0,Reader_2_10.csv
306,0,0,0,Reader_2_11.csv
306,1,1,0,Reader_2_12.csv
306,1,1,0,Reader_2_2.csv
306,4,3,1,Reader_2_3.csv
306,0,0,0,Reader_2_4.csv
306,2,2,0,Reader_2_5.csv
306,0,0,0,Reader_2_6.csv
306,0,0,0,Reader_2_7.csv
306,0,0,0,Reader_2_8.csv
306,0,0,0,Reader_2_9.csv
306,15,15,0,reader_3_1.csv
306,10,6,4,Reader_3_2.csv
306,7,7,0,Reader_3_3.csv
306,7,7,0,Reader_3_4.csv
306,4,3,1,Reader_3_5.csv
306,4,2,2,Reader_3_6.csv
306,2,2,0,Reader_3_7.csv
307,94,52,42,Reader_1_1.csv
307,0,0,0,Reader_1_10.csv
307,8,6,2,Reader_1_11.csv
307,0,0,0,Reader_1_12.csv
307,7,5,2,Reader_1_2.csv
307,3,1,2,Reader_1_3.csv
307,4,4,0,Reader_1_4.csv
307,2,2,0,Reader_1_5.csv
307,4,4,0,Reader_1_6.csv
307,1,1,0,Reader_1_7.csv
307,0,0,0,Reader_1_8.csv
307,0,0,0,Reader_1_9.csv
307,7,5,2,Reader_2_1.csv
307,1,1,0,Reader_2_10.csv
307,0,0,0,Reader_2_11.csv
307,1,1,0,Reader_2_12.csv
307,0,0,0,Reader_2_2.csv
307,4,3,1,Reader_2_3.csv
307,0,0,0,Reader_2_4.csv
307,2,2,0,Reader_2_5.csv
307,0,0,0,Reader_2_6.csv
307,0,0,0,Reader_2_7.csv
307,0,0,0,Reader_2_8.csv
307,0,0,0,Reader_2_9.csv
307,15,15,0,reader_3_1.csv
307,9,5,4,Reader_3_2.csv
307,6,6,0,Reader_3_3.csv
307,6,6,0,Reader_3_4.csv
307,4,3,1,Reader_3_5.csv
307,6,2,4,Reader_3_6.csv
307,2,2,0,Reader_3_7.csv
308,95,54,41,Reader_1_1.csv
308,0,0,0,Reader_1_10.csv
308,6,4,2,Reader_1_11.csv
308,0,0,0,Reader_1_12.csv
308,7,5,2,Reader_1_2.csv
308,2,1,1,Reader_1_3.csv
308,3,3,0,Reader_1_4.csv
308,2,2,0,Reader_1_5.csv
308,4,4,0,Reader_1_6.csv
308,1,1,0,Reader_1_7.csv
308,0,0,0,Reader_1_8.csv
308,0,0,0,Reader_1_9.csv
308,4,3,1,Reader_2_1.csv
308,1,1,0,Reader_2_10.csv
308,1,0,1,Reader_2_11.csv
308,0,0,0,Reader_2_12.csv
308,0,0,0,Reader_2_2.csv
308,4,3,1,Reader_2_3.csv
308,0,0,0,Reader_2_4.csv
308,2,2,0,Reader_2_5.csv
308,0,0,0,Reader_2_6.csv
308,0,0,0,Reader_2_7.csv
308,0,0,0,Reader_2_8.csv
308,0,0,0,Reader_2_9.csv
308,20,17,3,reader_3_1.csv
308,9,6,3,Reader_3_2.csv
308,9,8,1,Reader_3_3.csv
308,9,8,1,Reader_3_4.csv
308,5,4,1,Reader_3_5.csv
308,5,2,3,Reader_3_6.csv
308,1,1,0,Reader_3_7.csv
309,93,53,40,Reader_1_1.csv
309,0,0,0,Reader_1_10.csv
309,6,4,2,Reader_1_11.csv
309,0,0,0,Reader_1_12.csv
309,8,6,2,Reader_1_2.csv
309,1,0,1,Reader_1_3.csv
309,3,3,0,Reader_1_4.csv
309,4,3,1,Reader_1_5.csv
309,5,5,0,Reader_1_6.csv
309,1,1,0,Reader_1_7.csv
309,1,0,1,Reader_1_8.csv
309,0,0,0,Reader_1_9.csv
309,3,2,1,Reader_2_1.csv
309,0,0,0,Reader_2_10.csv
309,1,0,1,Reader_2_11.csv
309,0,0,0,Reader_2_12.csv
309,1,0,1,Reader_2_2.csv
309,3,2,1,Reader_2_3.csv
309,1,0,1,Reader_2_4.csv
309,2,2,0,Reader_2_5.csv
309,0,0,0,Reader_2_6.csv
309,0,0,0,Reader_2_7.csv
309,0,0,0,Reader_2_8.csv
309,0,0,0,Reader_2_9.csv
309,23,20,3,reader_3_1.csv
309,7,5,2,Reader_3_2.csv
309,11,10,1,Reader_3_3.csv
309,11,10,1,Reader_3_4.csv
309,4,3,1,Reader_3_5.csv
309,6,3,3,Reader_3_6.csv
309,3,3,0,Reader_3_7.csv
310,87,49,38,Reader_1_1.csv
310,0,0,0,Reader_1_10.csv
310,6,4,2,Reader_1_11.csv
310,0,0,0,Reader_1_12.csv
310,8,6,2,Reader_1_2.csv
310,1,0,1,Reader_1_3.csv
310,2,2,0,Reader_1_4.csv
310,4,3,1,Reader_1_5.csv
310,5,5,0,Reader_1_6.csv
310,1,1,0,Reader_1_7.csv
310,1,0,1,Reader_1_8.csv
310,0,0,0,Reader_1_9.csv
310,1,1,0,Reader_2_1.csv
310,0,0,0,Reader_2_10.csv
310,1,0,1,Reader_2_11.csv
310,0,0,0,Reader_2_12.csv
310,1,0,1,Reader_2_2.csv
310,3,2,1,Reader_2_3.csv
310,1,0,1,Reader_2_4.csv
310,1,1,0,Reader_2_5.csv
310,0,0,0,Reader_2_6.csv
310,0,0,0,Reader_2_7.csv
310,0,0,0,Reader_2_8.csv
310,0,0,0,Reader_2_9.csv
310,23,19,4,reader_3_1.csv
310,10,8,2,Reader_3_2.csv
310,12,11,1,Reader_3_3.csv
310,12,11,1,Reader_3_4.csv
310,5,4,1,Reader_3_5.csv
310,6,3,3,Reader_3_6.csv
310,2,2,0,Reader_3_7.csv
311,80,42,38,Reader_1_1.csv
311,0,0,0,Reader_1_10.csv
311,5,3,2,Reader_1_11.csv
311,0,0,0,Reader_1_12.csv
311,7,6,1,Reader_1_2.csv
311,1,0,1,Reader_1_3.csv
311,2,2,0,Reader_1_4.csv
311,5,4,1,Reader_1_5.csv
311,4,4,0,Reader_1_6.csv
311,1,1,0,Reader_1_7.csv
311,1,0,1,Reader_1_8.csv
311,0,0,0,Reader_1_9.csv
311,1,1,0,Reader_2_1.csv
311,0,0,0,Reader_2_10.csv
311,1,0,1,Reader_2_11.csv
311,0,0,0,Reader_2_12.csv
311,1,0,1,Reader_2_2.csv
311,3,2,1,Reader_2_3.csv
311,1,0,1,Reader_2_4.csv
311,2,2,0,Reader_2_5.csv
311,0,0,0,Reader_2_6.csv
311,0,0,0,Reader_2_7.csv
311,0,0,0,Reader_2_8.csv
311,0,0,0,Reader_2_9.csv
311,24,19,5,reader_3_1.csv
311,11,9,2,Reader_3_2.csv
311,15,14,1,Reader_3_3.csv
311,15,14,1,Reader_3_4.csv
311,4,4,0,Reader_3_5.csv
311,7,4,3,Reader_3_6.csv
311,2,2,0,Reader_3_7.csv
312,74,39,35,Reader_1_1.csv
312,0,0,0,Reader_1_10.csv
312,6,4,2,Reader_1_11.csv
312,1,1,0,Reader_1_12.csv
312,9,6,3,Reader_1_2.csv
312,0,0,0,Reader_1_3.csv
312,2,2,0,Reader_1_4.csv
312,5,4,1,Reader_1_5.csv
312,3,3,0,Reader_1_6.csv
312,1,1,0,Reader_1_7.csv
312,1,0,1,Reader_1_8.csv
312,0,0,0,Reader_1_9.csv
312,1,1,0,Reader_2_1.csv
312,0,0,0,Reader_2_10.csv
312,1,0,1,Reader_2_11.csv
312,0,0,0,Reader_2_12.csv
312,1,0,1,Reader_2_2.csv
312,1,0,1,Reader_2_3.csv
312,1,0,1,Reader_2_4.csv
312,2,2,0,Reader_2_5.csv
312,0,0,0,Reader_2_6.csv
312,0,0,0,Reader_2_7.csv
312,0,0,0,Reader_2_8.csv
312,0,0,0,Reader_2_9.csv
312,27,20,7,reader_3_1.csv
312,12,9,3,Reader_3_2.csv
312,18,17,1,Reader_3_3.csv
312,18,17,1,Reader_3_4.csv
312,3,3,0,Reader_3_5.csv
312,6,4,2,Reader_3_6.csv
312,2,2,0,Reader_3_7.csv
313,67,35,32,Reader_1_1.csv
313,0,0,0,Reader_1_10.csv
313,5,4,1,Reader_1_11.csv
313,1,1,0,Reader_1_12.csv
313,9,6,3,Reader_1_2.csv
313,0,0,0,Reader_1_3.csv
313,1,1,0,Reader_1_4.csv
313,5,4,1,Reader_1_5.csv
313,2,2,0,Reader_1_6.csv
313,1,1,0,Reader_1_7.csv
313,1,0,1,Reader_1_8.csv
313,0,0,0,Reader_1_9.csv
313,0,0,0,Reader_2_1.csv
313,0,0,0,Reader_2_10.csv
313,1,0,1,Reader_2_11.csv
313,0,0,0,Reader_2_12.csv
313,1,0,1,Reader_2_2.csv
313,1,0,1,Reader_2_3.csv
313,1,0,1,Reader_2_4.csv
313,1,1,0,Reader_2_5.csv
313,0,0,0,Reader_2_6.csv
313,0,0,0,Reader_2_7.csv
313,0,0,0,Reader_2_8.csv
313,0,0,0,Reader_2_9.csv
313,24,17,7,reader_3_1.csv
313,11,9,2,Reader_3_2.csv
313,16,15,1,Reader_3_3.csv
313,16,15,1,Reader_3_4.csv
313,2,2,0,Reader_3_5.csv
313,8,5,3,Reader_3_6.csv
313,2,2,0,Reader_3_7.csv
314,65,37,28,Reader_1_1.csv
314,0,0,0,Reader_1_10.csv
314,6,5,1,Reader_1_11.csv
314,1,1,0,Reader_1_12.csv
314,8,5,3,Reader_1_2.csv
314,0,0,0,Reader_1_3.csv
314,1,1,0,Reader_1_4.csv
314,6,5,1,Reader_1_5.csv
314,1,1,0,Reader_1_6.csv
314,1,1,0,Reader_1_7.csv
314,1,0,1,Reader_1_8.csv
314,0,0,0,Reader_1_9.csv
314,0,0,0,Reader_2_1.csv
314,0,0,0,Reader_2_10.csv
314,1,0,1,Reader_2_11.csv
314,0,0,0,Reader_2_12.csv
314,2,1,1,Reader_2_2.csv
314,0,0,0,Reader_2_3.csv
314,1,0,1,Reader_2_4.csv
314,1,1,0,Reader_2_5.csv
314,0,0,0,Reader_2_6.csv
314,0,0,0,Reader_2_7.csv
314,0,0,0,Reader_2_8.csv
314,0,0,0,Reader_2_9.csv
314,23,15,8,reader_3_1.csv
314,12,10,2,Reader_3_2.csv
314,16,14,2,Reader_3_3.csv
314,16,14,2,Reader_3_4.csv
314,2,2,0,Reader_3_5.csv
314,7,4,3,Reader_3_6.csv
314,2,2,0,Reader_3_7.csv
315,61,32,29,Reader_1_1.csv
315,0,0,0,Reader_1_10.csv
315,5,5,0,Reader_1_11.csv
315,3,2,1,Reader_1_12.csv
315,7,4,3,Reader_1_2.csv
315,0,0,0,Reader_1_3.csv
315,0,0,0,Reader_1_4.csv
315,6,5,1,Reader_1_5.csv
315,1,1,0,Reader_1_6.csv
315,0,0,0,Reader_1_7.csv
315,1,0,1,Reader_1_8.csv
315,0,0,0,Reader_1_9.csv
315,0,0,0,Reader_2_1.csv
315,0,0,0,Reader_2_10.csv
315,1,0,1,Reader_2_11.csv
315,0,0,0,Reader_2_12.csv
315,2,1,1,Reader_2_2.csv
315,1,0,1,Reader_2_3.csv
315,1,0,1,Reader_2_4.csv
315,1,1,0,Reader_2_5.csv
315,0,0,0,Reader_2_6.csv
315,0,0,0,Reader_2_7.csv
315,0,0,0,Reader_2_8.csv
315,0,0,0,Reader_2_9.csv
315,25,16,9,reader_3_1.csv
315,11,10,1,Reader_3_2.csv
315,17,15,2,Reader_3_3.csv
315,17,15,2,Reader_3_4.csv
315,2,2,0,Reader_3_5.csv
315,5,4,1,Reader_3_6.csv
315,2,2,0,Reader_3_7.csv
316,57,30,27,Reader_1_1.csv
316,0,0,0,Reader_1_10.csv
316,8,7,1,Reader_1_11.csv
316,4,3,1,Reader_1_12.csv
316,7,4,3,Reader_1_2.csv
316,0,0,0,Reader_1_3.csv
316,1,1,0,Reader_1_4.csv
316,6,5,1,Reader_1_5.csv
316,1,1,0,Reader_1_6.csv
316,0,0,0,Reader_1_7.csv
316,1,0,1,Reader_1_8.csv
316,0,0,0,Reader_1_9.csv
316,0,0,0,Reader_2_1.csv
316,0,0,0,Reader_2_10.csv
316,0,0,0,Reader_2_11.csv
316,0,0,0,Reader_2_12.csv
316,2,1,1,Reader_2_2.csv
316,2,1,1,Reader_2_3.csv
316,1,0,1,Reader_2_4.csv
316,1,1,0,Reader_2_5.csv
316,0,0,0,Reader_2_6.csv
316,0,0,0,Reader_2_7.csv
316,0,0,0,Reader_2_8.csv
316,0,0,0,Reader_2_9.csv
316,20,14,6,reader_3_1.csv
316,8,7,1,Reader_3_2.csv
316,15,13,2,Reader_3_3.csv
316,15,13,2,Reader_3_4.csv
316,1,1,0,Reader_3_5.csv
316,5,4,1,Reader_3_6.csv
316,2,2,0,Reader_3_7.csv
317,50,28,22,Reader_1_1.csv
317,1,1,0,Reader_1_10.csv
317,10,8,2,Reader_1_11.csv
317,5,4,1,Reader_1_12.csv
317,6,3,3,Reader_1_2.csv
317,1,1,0,Reader_1_3.csv
317,1,1,0,Reader_1_4.csv
317,4,4,0,Reader_1_5.csv
317,0,0,0,Reader_1_6.csv
317,1,1,0,Reader_1_7.csv
317,0,0,0,Reader_1_8.csv
317,0,0,0,Reader_1_9.csv
317,1,1,0,Reader_2_1.csv
317,0,0,0,Reader_2_10.csv
317,0,0,0,Reader_2_11.csv
317,0,0,0,Reader_2_12.csv
317,1,1,0,Reader_2_2.csv
317,3,2,1,Reader_2_3.csv
317,0,0,0,Reader_2_4.csv
317,1,1,0,Reader_2_5.csv
317,0,0,0,Reader_2_6.csv
317,1,1,0,Reader_2_7.csv
317,0,0,0,Reader_2_8.csv
317,0,0,0,Reader_2_9.csv
317,22,16,6,reader_3_1.csv
317,8,7,1,Reader_3_2.csv
317,14,11,3,Reader_3_3.csv
317,14,11,3,Reader_3_4.csv
317,2,2,0,Reader_3_5.csv
317,4,3,1,Reader_3_6.csv
317,1,1,0,Reader_3_7.csv
318,50,25,25,Reader_1_1.csv
318,1,1,0,Reader_1_10.csv
318,9,7,2,Reader_1_11.csv
318,5,4,1,Reader_1_12.csv
318,7,4,3,Reader_1_2.csv
318,2,2,0,Reader_1_3.csv
318,1,1,0,Reader_1_4.csv
318,3,3,0,Reader_1_5.csv
318,0,0,0,Reader_1_6.csv
318,1,1,0,Reader_1_7.csv
318,0,0,0,Reader_1_8.csv
318,0,0,0,Reader_1_9.csv
318,1,1,0,Reader_2_1.csv
318,1,1,0,Reader_2_10.csv
318,0,0,0,Reader_2_11.csv
318,0,0,0,Reader_2_12.csv
318,1,1,0,Reader_2_2.csv
318,4,3,1,Reader_2_3.csv
318,0,0,0,Reader_2_4.csv
318,2,1,1,Reader_2_5.csv
318,0,0,0,Reader_2_6.csv
318,1,1,0,Reader_2_7.csv
318,0,0,0,Reader_2_8.csv
318,1,1,0,Reader_2_9.csv
318,28,22,6,reader_3_1.csv
318,6,5,1,Reader_3_2.csv
318,12,9,3,Reader_3_3.csv
318,12,9,3,Reader_3_4.csv
318,1,1,0,Reader_3_5.csv
318,4,3,1,Reader_3_6.csv
318,2,2,0,Reader_3_7.csv
319,47,23,24,Reader_1_1.csv
319,1,1,0,Reader_1_10.csv
319,11,9,2,Reader_1_11.csv
319,6,5,1,Reader_1_12.csv
319,8,5,3,Reader_1_2.csv
319,2,2,0,Reader_1_3.csv
319,1,1,0,Reader_1_4.csv
319,2,2,0,Reader_1_5.csv
319,0,0,0,Reader_1_6.csv
319,1,1,0,Reader_1_7.csv
319,0,0,0,Reader_1_8.csv
319,0,0,0,Reader_1_9.csv
319,1,1,0,Reader_2_1.csv
319,1,1,0,Reader_2_10.csv
319,0,0,0,Reader_2_11.csv
319,0,0,0,Reader_2_12.csv
319,1,1,0,Reader_2_2.csv
319,4,3,1,Reader_2_3.csv
319,0,0,0,Reader_2_4.csv
319,1,0,1,Reader_2_5.csv
319,0,0,0,Reader_2_6.csv
319,1,1,0,Reader_2_7.csv
319,0,0,0,Reader_2_8.csv
319,1,1,0,Reader_2_9.csv
319,32,22,10,reader_3_1.csv
319,6,5,1,Reader_3_2.csv
319,8,5,3,Reader_3_3.csv
319,8,5,3,Reader_3_4.csv
319,1,1,0,Reader_3_5.csv
319,3,2,1,Reader_3_6.csv
319,2,2,0,Reader_3_7.csv
320,47,22,25,Reader_1_1.csv
320,1,1,0,Reader_1_10.csv
320,12,9,3,Reader_1_11.csv
320,5,4,1,Reader_1_12.csv
320,7,6,1,Reader_1_2.csv
320,2,2,0,Reader_1_3.csv
320,2,2,0,Reader_1_4.csv
320,1,1,0,Reader_1_5.csv
320,0,0,0,Reader_1_6.csv
320,1,1,0,Reader_1_7.csv
320,0,0,0,Reader_1_8.csv
320,0,0,0,Reader_1_9.csv
320,1,1,0,Reader_2_1.csv
320,1,1,0,Reader_2_10.csv
320,0,0,0,Reader_2_11.csv
320,2,2,0,Reader_2_12.csv
320,1,1,0,Reader_2_2.csv
320,4,3,1,Reader_2_3.csv
320,1,1,0,Reader_2_4.csv
320,2,1,1,Reader_2_5.csv
320,0,0,0,Reader_2_6.csv
320,1,1,0,Reader_2_7.csv
320,0,0,0,Reader_2_8.csv
320,1,1,0,Reader_2_9.csv
320,31,23,8,reader_3_1.csv
320,6,6,0,Reader_3_2.csv
320,5,2,3,Reader_3_3.csv
320,5,2,3,Reader_3_4.csv
320,1,1,0,Reader_3_5.csv
320,3,2,1,Reader_3_6.csv
320,2,2,0,Reader_3_7.csv
321,42,20,22,Reader_1_1.csv
321,1,1,0,Reader_1_10.csv
321,14,11,3,Reader_1_11.csv
321,6,5,1,Reader_1_12.csv
321,8,7,1,Reader_1_2.csv
321,2,2,0,Reader_1_3.csv
321,2,2,0,Reader_1_4.csv
321,2,2,0,Reader_1_5.csv
321,0,0,0,Reader_1_6.csv
321,1,1,0,Reader_1_7.csv
321,0,0,0,Reader_1_8.csv
321,0,0,0,Reader_1_9.csv
321,2,2,0,Reader_2_1.csv
321,1,1,0,Reader_2_10.csv
321,0,0,0,Reader_2_11.csv
321,2,2,0,Reader_2_12.csv
321,1,1,0,Reader_2_2.csv
321,4,3,1,Reader_2_3.csv
321,1,1,0,Reader_2_4.csv
321,2,1,1,Reader_2_5.csv
321,0,0,0,Reader_2_6.csv
321,1,1,0,Reader_2_7.csv
321,0,0,0,Reader_2_8.csv
321,1,1,0,Reader_2_9.csv
321,40,30,10,reader_3_1.csv
321,4,4,0,Reader_3_2.csv
321,7,3,4,Reader_3_3.csv
321,7,3,4,Reader_3_4.csv
321,1,1,0,Reader_3_5.csv
321,2,2,0,Reader_3_6.csv
321,2,2,0,Reader_3_7.csv
322,35,14,21,Reader_1_1.csv
322,1,1,0,Reader_1_10.csv
322,13,10,3,Reader_1_11.csv
322,6,5,1,Reader_1_12.csv
322,7,6,1,Reader_1_2.csv
322,2,2,0,Reader_1_3.csv
322,2,2,0,Reader_1_4.csv
322,1,1,0,Reader_1_5.csv
322,0,0,0,Reader_1_6.csv
322,1,1,0,Reader_1_7.csv
322,0,0,0,Reader_1_8.csv
322,0,0,0,Reader_1_9.csv
322,2,2,0,Reader_2_1.csv
322,1,1,0,Reader_2_10.csv
322,0,0,0,Reader_2_11.csv
322,2,2,0,Reader_2_12.csv
322,2,1,1,Reader_2_2.csv
322,4,3,1,Reader_2_3.csv
322,1,1,0,Reader_2_4.csv
322,2,1,1,Reader_2_5.csv
322,0,0,0,Reader_2_6.csv
322,1,1,0,Reader_2_7.csv
322,0,0,0,Reader_2_8.csv
322,1,1,0,Reader_2_9.csv
322,46,34,12,reader_3_1.csv
322,4,4,0,Reader_3_2.csv
322,7,4,3,Reader_3_3.csv
322,7,4,3,Reader_3_4.csv
322,1,1,0,Reader_3_5.csv
322,2,2,0,Reader_3_6.csv
322,2,2,0,Reader_3_7.csv
323,30,15,15,Reader_1_1.csv
323,1,1,0,Reader_1_10.csv
323,13,10,3,Reader_1_11.csv
323,5,5,0,Reader_1_12.csv
323,7,6,1,Reader_1_2.csv
323,2,2,0,Reader_1_3.csv
323,2,2,0,Reader_1_4.csv
323,1,1,0,Reader_1_5.csv
323,0,0,0,Reader_1_6.csv
323,1,1,0,Reader_1_7.csv
323,0,0,0,Reader_1_8.csv
323,0,0,0,Reader_1_9.csv
323,2,2,0,Reader_2_1.csv
323,1,1,0,Reader_2_10.csv
323,0,0,0,Reader_2_11.csv
323,3,3,0,Reader_2_12.csv
323,2,1,1,Reader_2_2.csv
323,3,3,0,Reader_2_3.csv
323,1,1,0,Reader_2_4.csv
323,2,1,1,Reader_2_5.csv
323,0,0,0,Reader_2_6.csv
323,2,2,0,Reader_2_7.csv
323,0,0,0,Reader_2_8.csv
323,1,1,0,Reader_2_9.csv
323,44,33,11,reader_3_1.csv
323,5,5,0,Reader_3_2.csv
323,8,4,4,Reader_3_3.csv
323,8,4,4,Reader_3_4.csv
323,2,1,1,Reader_3_5.csv
323,2,2,0,Reader_3_6.csv
323,4,4,0,Reader_3_7.csv
324,29,14,15,Reader_1_1.csv
324,1,1,0,Reader_1_10.csv
324,11,8,3,Reader_1_11.csv
324,4,4,0,Reader_1_12.csv
324,8,6,2,Reader_1_2.csv
324,2,2,0,Reader_1_3.csv
324,2,2,0,Reader_1_4.csv
324,1,1,0,Reader_1_5.csv
324,0,0,0,Reader_1_6.csv
324,1,1,0,Reader_1_7.csv
324,0,0,0,Reader_1_8.csv
324,0,0,0,Reader_1_9.csv
324,2,2,0,Reader_2_1.csv
324,1,1,0,Reader_2_10.csv
324,0,0,0,Reader_2_11.csv
324,3,3,0,Reader_2_12.csv
324,2,1,1,Reader_2_2.csv
324,2,2,0,Reader_2_3.csv
324,1,1,0,Reader_2_4.csv
324,3,2,1,Reader_2_5.csv
324,0,0,0,Reader_2_6.csv
324,2,2,0,Reader_2_7.csv
324,0,0,0,Reader_2_8.csv
324,1,1,0,Reader_2_9.csv
324,46,33,13,reader_3_1.csv
324,7,7,0,Reader_3_2.csv
324,8,5,3,Reader_3_3.csv
324,8,5,3,Reader_3_4.csv
324,2,1,1,Reader_3_5.csv
324,2,2,0,Reader_3_6.csv
324,4,4,0,Reader_3_7.csv
325,28,12,16,Reader_1_1.csv
325,0,0,0,Reader_1_10.csv
325,10,7,3,Reader_1_11.csv
325,4,4,0,Reader_1_12.csv
325,8,7,1,Reader_1_2.csv
325,1,1,0,Reader_1_3.csv
325,2,2,0,Reader_1_4.csv
325,1,1,0,Reader_1_5.csv
325,0,0,0,Reader_1_6.csv
325,0,0,0,Reader_1_7.csv
325,0,0,0,Reader_1_8.csv
325,0,0,0,Reader_1_9.csv
325,1,1,0,Reader_2_1.csv
325,1,1,0,Reader_2_10.csv
325,0,0,0,Reader_2_11.csv
325,3,3,0,Reader_2_12.csv
325,2,1,1,Reader_2_2.csv
325,1,1,0,Reader_2_3.csv
325,1,1,0,Reader_2_4.csv
325,3,2,1,Reader_2_5.csv
325,0,0,0,Reader_2_6.csv
325,1,1,0,Reader_2_7.csv
325,0,0,0,Reader_2_8.csv
325,1,1,0,Reader_2_9.csv
325,42,27,15,reader_3_1.csv
325,8,8,0,Reader_3_2.csv
325,7,5,2,Reader_3_3.csv
325,7,5,2,Reader_3_4.csv
325,1,0,1,Reader_3_5.csv
325,4,3,1,Reader_3_6.csv
325,3,3,0,Reader_3_7.csv
326,29,15,14,Reader_1_1.csv
326,0,0,0,Reader_1_10.csv
326,10,7,3,Reader_1_11.csv
326,4,4,0,Reader_1_12.csv
326,8,7,1,Reader_1_2.csv
326,0,0,0,Reader_1_3.csv
326,2,2,0,Reader_1_4.csv
326,1,1,0,Reader_1_5.csv
326,0,0,0,Reader_1_6.csv
326,0,0,0,Reader_1_7.csv
326,0,0,0,Reader_1_8.csv
326,0,0,0,Reader_1_9.csv
326,1,1,0,Reader_2_1.csv
326,0,0,0,Reader_2_10.csv
326,0,0,0,Reader_2_11.csv
326,3,3,0,Reader_2_12.csv
326,2,1,1,Reader_2_2.csv
326,1,0,1,Reader_2_3.csv
326,1,1,0,Reader_2_4.csv
326,2,2,0,Reader_2_5.csv
326,0,0,0,Reader_2_6.csv
326,1,1,0,Reader_2_7.csv
326,0,0,0,Reader_2_8.csv
326,0,0,0,Reader_2_9.csv
326,36,22,14,reader_3_1.csv
326,10,9,1,Reader_3_2.csv
326,7,5,2,Reader_3_3.csv
326,7,5,2,Reader_3_4.csv
326,1,0,1,Reader_3_5.csv
326,4,3,1,Reader_3_6.csv
326,2,2,0,Reader_3_7.csv
327,33,21,12,Reader_1_1.csv
327,0,0,0,Reader_1_10.csv
327,10,6,4,Reader_1_11.csv
327,3,3,0,Reader_1_12.csv
327,7,6,1,Reader_1_2.csv
327,2,2,0,Reader_1_3.csv
327,2,2,0,Reader_1_4.csv
327,1,1,0,Reader_1_5.csv
327,0,0,0,Reader_1_6.csv
327,0,0,0,Reader_1_7.csv
327,0,0,0,Reader_1_8.csv
327,0,0,0,Reader_1_9.csv
327,2,1,1,Reader_2_1.csv
327,0,0,0,Reader_2_10.csv
327,0,0,0,Reader_2_11.csv
327,3,3,0,Reader_2_12.csv
327,2,1,1,Reader_2_2.csv
327,1,0,1,Reader_2_3.csv
327,1,1,0,Reader_2_4.csv
327,2,2,0,Reader_2_5.csv
327,0,0,0,Reader_2_6.csv
327,1,1,0,Reader_2_7.csv
327,0,0,0,Reader_2_8.csv
327,0,0,0,Reader_2_9.csv
327,33,23,10,reader_3_1.csv
327,10,9,1,Reader_3_2.csv
327,7,5,2,Reader_3_3.csv
327,7,5,2,Reader_3_4.csv
327,1,0,1,Reader_3_5.csv
327,5,4,1,Reader_3_6.csv
327,2,2,0,Reader_3_7.csv
328,37,25,12,Reader_1_1.csv
328,0,0,0,Reader_1_10.csv
328,8,5,3,Reader_1_11.csv
328,4,4,0,Reader_1_12.csv
328,6,5,1,Reader_1_2.csv
328,3,2,1,Reader_1_3.csv
328,1,1,0,Reader_1_4.csv
328,1,1,0,Reader_1_5.csv
328,0,0,0,Reader_1_6.csv
328,1,0,1,Reader_1_7.csv
328,1,1,0,Reader_1_8.csv
328,0,0,0,Reader_1_9.csv
328,2,1,1,Reader_2_1.csv
328,0,0,0,Reader_2_10.csv
328,0,0,0,Reader_2_11.csv
328,1,1,0,Reader_2_12.csv
328,2,1,1,Reader_2_2.csv
328,1,0,1,Reader_2_3.csv
328,0,0,0,Reader_2_4.csv
328,1,1,0,Reader_2_5.csv
328,0,0,0,Reader_2_6.csv
328,1,1,0,Reader_2_7.csv
328,0,0,0,Reader_2_8.csv
328,0,0,0,Reader_2_9.csv
328,34,23,11,reader_3_1.csv
328,10,9,1,Reader_3_2.csv
328,7,5,2,Reader_3_3.csv
328,7,5,2,Reader_3_4.csv
328,1,0,1,Reader_3_5.csv
328,4,3,1,Reader_3_6.csv
328,2,2,0,Reader_3_7.csv
329,39,26,13,Reader_1_1.csv
329,0,0,0,Reader_1_10.csv
329,6,3,3,Reader_1_11.csv
329,3,3,0,Reader_1_12.csv
329,6,5,1,Reader_1_2.csv
329,3,2,1,Reader_1_3.csv
329,1,1,0,Reader_1_4.csv
329,0,0,0,Reader_1_5.csv
329,0,0,0,Reader_1_6.csv
329,1,0,1,Reader_1_7.csv
329,2,2,0,Reader_1_8.csv
329,0,0,0,Reader_1_9.csv
329,1,0,1,Reader_2_1.csv
329,0,0,0,Reader_2_10.csv
329,0,0,0,Reader_2_11.csv
329,2,2,0,Reader_2_12.csv
329,2,1,1,Reader_2_2.csv
329,2,1,1,Reader_2_3.csv
329,0,0,0,Reader_2_4.csv
329,1,1,0,Reader_2_5.csv
329,0,0,0,Reader_2_6.csv
329,1,1,0,Reader_2_7.csv
329,0,0,0,Reader_2_8.csv
329,0,0,0,Reader_2_9.csv
329,25,16,9,reader_3_1.csv
329,11,10,1,Reader_3_2.csv
329,5,4,1,Reader_3_3.csv
329,5,4,1,Reader_3_4.csv
329,1,0,1,Reader_3_5.csv
329,3,2,1,Reader_3_6.csv
329,3,3,0,Reader_3_7.csv
330,42,28,14,Reader_1_1.csv
330,0,0,0,Reader_1_10.csv
330,4,1,3,Reader_1_11.csv
330,3,3,0,Reader_1_12.csv
330,6,5,1,Reader_1_2.csv
330,3,2,1,Reader_1_3.csv
330,1,1,0,Reader_1_4.csv
330,0,0,0,Reader_1_5.csv
330,0,0,0,Reader_1_6.csv
330,1,0,1,Reader_1_7.csv
330,2,2,0,Reader_1_8.csv
330,0,0,0,Reader_1_9.csv
330,1,0,1,Reader_2_1.csv
330,0,0,0,Reader_2_10.csv
330,0,0,0,Reader_2_11.csv
330,2,2,0,Reader_2_12.csv
330,0,0,0,Reader_2_2.csv
330,3,2,1,Reader_2_3.csv
330,0,0,0,Reader_2_4.csv
330,2,2,0,Reader_2_5.csv
330,0,0,0,Reader_2_6.csv
330,1,1,0,Reader_2_7.csv
330,0,0,0,Reader_2_8.csv
330,0,0,0,Reader_2_9.csv
330,18,12,6,reader_3_1.csv
330,11,10,1,Reader_3_2.csv
330,3,2,1,Reader_3_3.csv
330,3,2,1,Reader_3_4.csv
330,1,0,1,Reader_3_5.csv
330,5,3,2,Reader_3_6.csv
330,3,3,0,Reader_3_7.csv
331,43,27,16,Reader_1_1.csv
331,0,0,0,Reader_1_10.csv
331,4,1,3,Reader_1_11.csv
331,3,3,0,Reader_1_12.csv
331,5,4,1,Reader_1_2.csv
331,4,3,1,Reader_1_3.csv
331,2,2,0,Reader_1_4.csv
331,0,0,0,Reader_1_5.csv
331,0,0,0,Reader_1_6.csv
331,1,0,1,Reader_1_7.csv
331,2,2,0,Reader_1_8.csv
331,0,0,0,Reader_1_9.csv
331,1,0,1,Reader_2_1.csv
331,0,0,0,Reader_2_10.csv
331,0,0,0,Reader_2_11.csv
331,1,1,0,Reader_2_12.csv
331,0,0,0,Reader_2_2.csv
331,4,3,1,Reader_2_3.csv
331,0,0,0,Reader_2_4.csv
331,2,2,0,Reader_2_5.csv
331,0,0,0,Reader_2_6.csv
331,0,0,0,Reader_2_7.csv
331,0,0,0,Reader_2_8.csv
331,0,0,0,Reader_2_9.csv
331,18,12,6,reader_3_1.csv
331,13,12,1,Reader_3_2.csv
331,1,1,0,Reader_3_3.csv
331,1,1,0,Reader_3_4.csv
331,0,0,0,Reader_3_5.csv
331,8,6,2,Reader_3_6.csv
331,3,3,0,Reader_3_7.csv
332,41,26,15,Reader_1_1.csv
332,0,0,0,Reader_1_10.csv
332,3,1,2,Reader_1_11.csv
332,3,3,0,Reader_1_12.csv
332,5,5,0,Reader_1_2.csv
332,5,4,1,Reader_1_3.csv
332,1,1,0,Reader_1_4.csv
332,1,1,0,Reader_1_5.csv
332,0,0,0,Reader_1_6.csv
332,1,0,1,Reader_1_7.csv
332,2,2,0,Reader_1_8.csv
332,0,0,0,Reader_1_9.csv
332,1,0,1,Reader_2_1.csv
332,0,0,0,Reader_2_10.csv
332,0,0,0,Reader_2_11.csv
332,1,1,0,Reader_2_12.csv
332,0,0,0,Reader_2_2.csv
332,4,3,1,Reader_2_3.csv
332,1,1,0,Reader_2_4.csv
332,1,1,0,Reader_2_5.csv
332,0,0,0,Reader_2_6.csv
332,0,0,0,Reader_2_7.csv
332,0,0,0,Reader_2_8.csv
332,0,0,0,Reader_2_9.csv
332,15,11,4,reader_3_1.csv
332,13,12,1,Reader_3_2.csv
332,0,0,0,Reader_3_3.csv
332,0,0,0,Reader_3_4.csv
332,1,1,0,Reader_3_5.csv
332,9,7,2,Reader_3_6.csv
332,4,4,0,Reader_3_7.csv
333,36,24,12,Reader_1_1.csv
333,0,0,0,Reader_1_10.csv
333,3,1,2,Reader_1_11.csv
333,2,2,0,Reader_1_12.csv
333,4,4,0,Reader_1_2.csv
333,6,5,1,Reader_1_3.csv
333,1,1,0,Reader_1_4.csv
333,1,1,0,Reader_1_5.csv
333,0,0,0,Reader_1_6.csv
333,1,0,1,Reader_1_7.csv
333,2,2,0,Reader_1_8.csv
333,0,0,0,Reader_1_9.csv
333,3,1,2,Reader_2_1.csv
333,0,0,0,Reader_2_10.csv
333,0,0,0,Reader_2_11.csv
333,2,2,0,Reader_2_12.csv
333,0,0,0,Reader_2_2.csv
333,4,3,1,Reader_2_3.csv
333,2,2,0,Reader_2_4.csv
333,1,1,0,Reader_2_5.csv
333,1,1,0,Reader_2_6.csv
333,0,0,0,Reader_2_7.csv
333,0,0,0,Reader_2_8.csv
333,0,0,0,Reader_2_9.csv
333,13,11,2,reader_3_1.csv
333,13,11,2,Reader_3_2.csv
333,1,1,0,Reader_3_3.csv
333,1,1,0,Reader_3_4.csv
333,1,1,0,Reader_3_5.csv
333,9,8,1,Reader_3_6.csv
333,5,5,0,Reader_3_7.csv
334,28,20,8,Reader_1_1.csv
334,0,0,0,Reader_1_10.csv
334,5,3,2,Reader_1_11.csv
334,3,3,0,Reader_1_12.csv
334,3,3,0,Reader_1_2.csv
334,6,5,1,Reader_1_3.csv
334,1,1,0,Reader_1_4.csv
334,1,1,0,Reader_1_5.csv
334,0,0,0,Reader_1_6.csv
334,1,0,1,Reader_1_7.csv
334,2,2,0,Reader_1_8.csv
334,0,0,0,Reader_1_9.csv
334,4,2,2,Reader_2_1.csv
334,0,0,0,Reader_2_10.csv
334,0,0,0,Reader_2_11.csv
334,3,3,0,Reader_2_12.csv
334,0,0,0,Reader_2_2.csv
334,3,3,0,Reader_2_3.csv
334,2,2,0,Reader_2_4.csv
334,1,1,0,Reader_2_5.csv
334,1,1,0,Reader_2_6.csv
334,0,0,0,Reader_2_7.csv
334,0,0,0,Reader_2_8.csv
334,0,0,0,Reader_2_9.csv
334,11,9,2,reader_3_1.csv
334,12,11,1,Reader_3_2.csv
334,2,2,0,Reader_3_3.csv
334,2,2,0,Reader_3_4.csv
334,1,1,0,Reader_3_5.csv
334,16,14,2,Reader_3_6.csv
334,5,5,0,Reader_3_7.csv
335,21,13,8,Reader_1_1.csv
335,0,0,0,Reader_1_10.csv
335,3,2,1,Reader_1_11.csv
335,3,3,0,Reader_1_12.csv
335,3,3,0,Reader_1_2.csv
335,5,4,1,Reader_1_3.csv
335,1,1,0,Reader_1_4.csv
335,1,1,0,Reader_1_5.csv
335,0,0,0,Reader_1_6.csv
335,1,0,1,Reader_1_7.csv
335,2,2,0,Reader_1_8.csv
335,0,0,0,Reader_1_9.csv
335,4,3,1,Reader_2_1.csv
335,0,0,0,Reader_2_10.csv
335,0,0,0,Reader_2_11.csv
335,4,4,0,Reader_2_12.csv
335,0,0,0,Reader_2_2.csv
335,3,3,0,Reader_2_3.csv
335,2,2,0,Reader_2_4.csv
335,1,1,0,Reader_2_5.csv
335,1,1,0,Reader_2_6.csv
335,0,0,0,Reader_2_7.csv
335,0,0,0,Reader_2_8.csv
335,1,0,1,Reader_2_9.csv
335,8,7,1,reader_3_1.csv
335,12,11,1,Reader_3_2.csv
335,3,2,1,Reader_3_3.csv
335,3,2,1,Reader_3_4.csv
335,1,1,0,Reader_3_5.csv
335,21,16,5,Reader_3_6.csv
335,5,5,0,Reader_3_7.csv
336,19,10,9,Reader_1_1.csv
336,0,0,0,Reader_1_10.csv
336,3,2,1,Reader_1_11.csv
336,3,3,0,Reader_1_12.csv
336,2,2,0,Reader_1_2.csv
336,5,5,0,Reader_1_3.csv
336,2,2,0,Reader_1_4.csv
336,1,1,0,Reader_1_5.csv
336,0,0,0,Reader_1_6.csv
336,0,0,0,Reader_1_7.csv
336,1,1,0,Reader_1_8.csv
336,0,0,0,Reader_1_9.csv
336,4,3,1,Reader_2_1.csv
336,0,0,0,Reader_2_10.csv
336,0,0,0,Reader_2_11.csv
336,5,4,1,Reader_2_12.csv
336,0,0,0,Reader_2_2.csv
336,3,3,0,Reader_2_3.csv
336,2,2,0,Reader_2_4.csv
336,1,1,0,Reader_2_5.csv
336,1,1,0,Reader_2_6.csv
336,0,0,0,Reader_2_7.csv
336,0,0,0,Reader_2_8.csv
336,1,0,1,Reader_2_9.csv
336,7,7,0,reader_3_1.csv
336,15,13,2,Reader_3_2.csv
336,3,2,1,Reader_3_3.csv
336,3,2,1,Reader_3_4.csv
336,1,1,0,Reader_3_5.csv
336,25,20,5,Reader_3_6.csv
336,5,5,0,Reader_3_7.csv
337,17,8,9,Reader_1_1.csv
337,0,0,0,Reader_1_10.csv
337,3,2,1,Reader_1_11.csv
337,6,5,1,Reader_1_12.csv
337,2,2,0,Reader_1_2.csv
337,6,6,0,Reader_1_3.csv
337,2,2,0,Reader_1_4.csv
337,1,1,0,Reader_1_5.csv
337,1,1,0,Reader_1_6.csv
337,1,1,0,Reader_1_7.csv
337,0,0,0,Reader_1_8.csv
337,0,0,0,Reader_1_9.csv
337,4,3,1,Reader_2_1.csv
337,0,0,0,Reader_2_10.csv
337,0,0,0,Reader_2_11.csv
337,4,3,1,Reader_2_12.csv
337,0,0,0,Reader_2_2.csv
337,3,2,1,Reader_2_3.csv
337,2,2,0,Reader_2_4.csv
337,1,1,0,Reader_2_5.csv
337,1,1,0,Reader_2_6.csv
337,0,0,0,Reader_2_7.csv
337,0,0,0,Reader_2_8.csv
337,1,0,1,Reader_2_9.csv
337,8,8,0,reader_3_1.csv
337,19,15,4,Reader_3_2.csv
337,3,2,1,Reader_3_3.csv
337,3,2,1,Reader_3_4.csv
337,2,2,0,Reader_3_5.csv
337,28,23,5,Reader_3_6.csv
337,4,4,0,Reader_3_7.csv
338,14,6,8,Reader_1_1.csv
338,0,0,0,Reader_1_10.csv
338,3,2,1,Reader_1_11.csv
338,9,8,1,Reader_1_12.csv
338,2,2,0,Reader_1_2.csv
338,7,6,1,Reader_1_3.csv
338,2,2,0,Reader_1_4.csv
338,1,1,0,Reader_1_5.csv
338,1,1,0,Reader_1_6.csv
338,2,2,0,Reader_1_7.csv
338,0,0,0,Reader_1_8.csv
338,0,0,0,Reader_1_9.csv
338,6,4,2,Reader_2_1.csv
338,0,0,0,Reader_2_10.csv
338,0,0,0,Reader_2_11.csv
338,4,3,1,Reader_2_12.csv
338,0,0,0,Reader_2_2.csv
338,3,2,1,Reader_2_3.csv
338,2,2,0,Reader_2_4.csv
338,0,0,0,Reader_2_5.csv
338,1,1,0,Reader_2_6.csv
338,0,0,0,Reader_2_7.csv
338,0,0,0,Reader_2_8.csv
338,1,0,1,Reader_2_9.csv
338,7,6,1,reader_3_1.csv
338,21,17,4,Reader_3_2.csv
338,5,4,1,Reader_3_3.csv
338,5,4,1,Reader_3_4.csv
338,2,2,0,Reader_3_5.csv
338,28,23,5,Reader_3_6.csv
338,4,4,0,Reader_3_7.csv
339,12,5,7,Reader_1_1.csv
339,0,0,0,Reader_1_10.csv
339,3,2,1,Reader_1_11.csv
339,9,8,1,Reader_1_12.csv
339,2,2,0,Reader_1_2.csv
339,7,6,1,Reader_1_3.csv
339,1,1,0,Reader_1_4.csv
339,1,1,0,Reader_1_5.csv
339,1,1,0,Reader_1_6.csv
339,2,2,0,Reader_1_7.csv
339,0,0,0,Reader_1_8.csv
339,0,0,0,Reader_1_9.csv
339,8,5,3,Reader_2_1.csv
339,0,0,0,Reader_2_10.csv
339,0,0,0,Reader_2_11.csv
339,4,3,1,Reader_2_12.csv
339,1,1,0,Reader_2_2.csv
339,2,1,1,Reader_2_3.csv
339,3,2,1,Reader_2_4.csv
339,0,0,0,Reader_2_5.csv
339,1,1,0,Reader_2_6.csv
339,0,0,0,Reader_2_7.csv
339,0,0,0,Reader_2_8.csv
339,1,0,1,Reader_2_9.csv
339,7,5,2,reader_3_1.csv
339,21,16,5,Reader_3_2.csv
339,9,7,2,Reader_3_3.csv
339,9,7,2,Reader_3_4.csv
339,2,2,0,Reader_3_5.csv
339,28,23,5,Reader_3_6.csv
339,2,2,0,Reader_3_7.csv
340,14,7,7,Reader_1_1.csv
340,0,0,0,Reader_1_10.csv
340,3,2,1,Reader_1_11.csv
340,9,8,1,Reader_1_12.csv
340,1,1,0,Reader_1_2.csv
340,7,6,1,Reader_1_3.csv
340,1,1,0,Reader_1_4.csv
340,0,0,0,Reader_1_5.csv
340,1,1,0,Reader_1_6.csv
340,2,2,0,Reader_1_7.csv
340,0,0,0,Reader_1_8.csv
340,0,0,0,Reader_1_9.csv
340,9,6,3,Reader_2_1.csv
340,0,0,0,Reader_2_10.csv
340,0,0,0,Reader_2_11.csv
340,5,3,2,Reader_2_12.csv
340,1,1,0,Reader_2_2.csv
340,3,2,1,Reader_2_3.csv
340,2,1,1,Reader_2_4.csv
340,0,0,0,Reader_2_5.csv
340,1,1,0,Reader_2_6.csv
340,0,0,0,Reader_2_7.csv
340,0,0,0,Reader_2_8.csv
340,1,0,1,Reader_2_9.csv
340,7,5,2,reader_3_1.csv
340,19,14,5,Reader_3_2.csv
340,10,8,2,Reader_3_3.csv
340,10,8,2,Reader_3_4.csv
340,1,1,0,Reader_3_5.csv
340,29,24,5,Reader_3_6.csv
340,3,3,0,Reader_3_7.csv
341,16,7,9,Reader_1_1.csv
341,0,0,0,Reader_1_10.csv
341,2,2,0,Reader_1_11.csv
341,13,12,1,Reader_1_12.csv
341,3,3,0,Reader_1_2.csv
341,6,5,1,Reader_1_3.csv
341,1,1,0,Reader_1_4.csv
341,0,0,0,Reader_1_5.csv
341,1,1,0,Reader_1_6.csv
341,3,3,0,Reader_1_7.csv
341,0,0,0,Reader_1_8.csv
341,0,0,0,Reader_1_9.csv
341,8,5,3,Reader_2_1.csv
341,0,0,0,Reader_2_10.csv
341,0,0,0,Reader_2_11.csv
341,5,3,2,Reader_2_12.csv
341,1,1,0,Reader_2_2.csv
341,3,2,1,Reader_2_3.csv
341,1,0,1,Reader_2_4.csv
341,0,0,0,Reader_2_5.csv
341,0,0,0,Reader_2_6.csv
341,0,0,0,Reader_2_7.csv
341,0,0,0,Reader_2_8.csv
341,1,0,1,Reader_2_9.csv
341,9,7,2,reader_3_1.csv
341,20,16,4,Reader_3_2.csv
341,9,7,2,Reader_3_3.csv
341,9,7,2,Reader_3_4.csv
341,1,1,0,Reader_3_5.csv
341,32,26,6,Reader_3_6.csv
341,3,3,0,Reader_3_7.csv
342,18,7,11,Reader_1_1.csv
342,0,0,0,Reader_1_10.csv
342,0,0,0,Reader_1_11.csv
342,15,14,1,Reader_1_12.csv
342,3,3,0,Reader_1_2.csv
342,7,6,1,Reader_1_3.csv
342,1,1,0,Reader_1_4.csv
342,0,0,0,Reader_1_5.csv
342,1,1,0,Reader_1_6.csv
342,3,3,0,Reader_1_7.csv
342,0,0,0,Reader_1_8.csv
342,0,0,0,Reader_1_9.csv
342,7,4,3,Reader_2_1.csv
342,0,0,0,Reader_2_10.csv
342,0,0,0,Reader_2_11.csv
342,6,4,2,Reader_2_12.csv
342,1,1,0,Reader_2_2.csv
342,4,2,2,Reader_2_3.csv
342,1,0,1,Reader_2_4.csv
342,1,1,0,Reader_2_5.csv
342,0,0,0,Reader_2_6.csv
342,0,0,0,Reader_2_7.csv
342,0,0,0,Reader_2_8.csv
342,2,1,1,Reader_2_9.csv
342,9,7,2,reader_3_1.csv
342,21,17,4,Reader_3_2.csv
342,9,7,2,Reader_3_3.csv
342,9,7,2,Reader_3_4.csv
342,1,1,0,Reader_3_5.csv
342,27,22,5,Reader_3_6.csv
342,3,3,0,Reader_3_7.csv
343,19,8,11,Reader_1_1.csv
343,0,0,0,Reader_1_10.csv
343,0,0,0,Reader_1_11.csv
343,15,14,1,Reader_1_12.csv
343,4,3,1,Reader_1_2.csv
343,7,6,1,Reader_1_3.csv
343,1,1,0,Reader_1_4.csv
343,0,0,0,Reader_1_5.csv
343,1,1,0,Reader_1_6.csv
343,3,3,0,Reader_1_7.csv
343,1,0,1,Reader_1_8.csv
343,0,0,0,Reader_1_9.csv
343,8,5,3,Reader_2_1.csv
343,0,0,0,Reader_2_10.csv
343,0,0,0,Reader_2_11.csv
343,6,4,2,Reader_2_12.csv
343,1,1,0,Reader_2_2.csv
343,4,2,2,Reader_2_3.csv
343,1,0,1,Reader_2_4.csv
343,1,1,0,Reader_2_5.csv
343,1,0,1,Reader_2_6.csv
343,0,0,0,Reader_2_7.csv
343,0,0,0,Reader_2_8.csv
343,2,2,0,Reader_2_9.csv
343,10,8,2,reader_3_1.csv
343,21,17,4,Reader_3_2.csv
343,8,7,1,Reader_3_3.csv
343,8,7,1,Reader_3_4.csv
343,1,1,0,Reader_3_5.csv
343,22,20,2,Reader_3_6.csv
343,4,4,0,Reader_3_7.csv
344,16,7,9,Reader_1_1.csv
344,0,0,0,Reader_1_10.csv
344,0,0,0,Reader_1_11.csv
344,14,13,1,Reader_1_12.csv
344,4,3,1,Reader_1_2.csv
344,6,5,1,Reader_1_3.csv
344,0,0,0,Reader_1_4.csv
344,0,0,0,Reader_1_5.csv
344,1,1,0,Reader_1_6.csv
344,4,3,1,Reader_1_7.csv
344,1,0,1,Reader_1_8.csv
344,0,0,0,Reader_1_9.csv
344,8,5,3,Reader_2_1.csv
344,0,0,0,Reader_2_10.csv
344,1,0,1,Reader_2_11.csv
344,6,5,1,Reader_2_12.csv
344,1,1,0,Reader_2_2.csv
344,4,2,2,Reader_2_3.csv
344,1,0,1,Reader_2_4.csv
344,1,1,0,Reader_2_5.csv
344,2,1,1,Reader_2_6.csv
344,1,1,0,Reader_2_7.csv
344,0,0,0,Reader_2_8.csv
344,2,2,0,Reader_2_9.csv
344,8,6,2,reader_3_1.csv
344,17,14,3,Reader_3_2.csv
344,9,8,1,Reader_3_3.csv
344,9,8,1,Reader_3_4.csv
344,1,1,0,Reader_3_5.csv
344,21,19,2,Reader_3_6.csv
344,6,6,0,Reader_3_7.csv
345,14,7,7,Reader_1_1.csv
345,0,0,0,Reader_1_10.csv
345,1,1,0,Reader_1_11.csv
345,11,11,0,Reader_1_12.csv
345,3,2,1,Reader_1_2.csv
345,6,5,1,Reader_1_3.csv
345,0,0,0,Reader_1_4.csv
345,0,0,0,Reader_1_5.csv
345,0,0,0,Reader_1_6.csv
345,3,2,1,Reader_1_7.csv
345,1,0,1,Reader_1_8.csv
345,0,0,0,Reader_1_9.csv
345,8,5,3,Reader_2_1.csv
345,0,0,0,Reader_2_10.csv
345,1,0,1,Reader_2_11.csv
345,7,5,2,Reader_2_12.csv
345,1,1,0,Reader_2_2.csv
345,4,3,1,Reader_2_3.csv
345,1,0,1,Reader_2_4.csv
345,1,1,0,Reader_2_5.csv
345,2,1,1,Reader_2_6.csv
345,1,1,0,Reader_2_7.csv
345,0,0,0,Reader_2_8.csv
345,2,2,0,Reader_2_9.csv
345,7,5,2,reader_3_1.csv
345,12,11,1,Reader_3_2.csv
345,11,10,1,Reader_3_3.csv
345,11,10,1,Reader_3_4.csv
345,0,0,0,Reader_3_5.csv
345,19,17,2,Reader_3_6.csv
345,7,7,0,Reader_3_7.csv
346,13,6,7,Reader_1_1.csv
346,0,0,0,Reader_1_10.csv
346,2,2,0,Reader_1_11.csv
346,11,11,0,Reader_1_12.csv
346,4,3,1,Reader_1_2.csv
346,5,5,0,Reader_1_3.csv
346,0,0,0,Reader_1_4.csv
346,0,0,0,Reader_1_5.csv
346,0,0,0,Reader_1_6.csv
346,2,1,1,Reader_1_7.csv
346,1,0,1,Reader_1_8.csv
346,0,0,0,Reader_1_9.csv
346,8,6,2,Reader_2_1.csv
346,0,0,0,Reader_2_10.csv
346,1,0,1,Reader_2_11.csv
346,8,6,2,Reader_2_12.csv
346,1,1,0,Reader_2_2.csv
346,6,2,4,Reader_2_3.csv
346,1,0,1,Reader_2_4.csv
346,1,1,0,Reader_2_5.csv
346,2,1,1,Reader_2_6.csv
346,2,2,0,Reader_2_7.csv
346,0,0,0,Reader_2_8.csv
346,3,3,0,Reader_2_9.csv
346,7,5,2,reader_3_1.csv
346,9,8,1,Reader_3_2.csv
346,12,11,1,Reader_3_3.csv
346,12,11,1,Reader_3_4.csv
346,0,0,0,Reader_3_5.csv
346,20,18,2,Reader_3_6.csv
346,7,7,0,Reader_3_7.csv
347,14,8,6,Reader_1_1.csv
347,0,0,0,Reader_1_10.csv
347,4,3,1,Reader_1_11.csv
347,10,10,0,Reader_1_12.csv
347,5,4,1,Reader_1_2.csv
347,5,5,0,Reader_1_3.csv
347,0,0,0,Reader_1_4.csv
347,0,0,0,Reader_1_5.csv
347,0,0,0,Reader_1_6.csv
347,2,1,1,Reader_1_7.csv
347,1,0,1,Reader_1_8.csv
347,0,0,0,Reader_1_9.csv
347,8,7,1,Reader_2_1.csv
347,0,0,0,Reader_2_10.csv
347,1,0,1,Reader_2_11.csv
347,8,6,2,Reader_2_12.csv
347,0,0,0,Reader_2_2.csv
347,6,2,4,Reader_2_3.csv
347,0,0,0,Reader_2_4.csv
347,1,1,0,Reader_2_5.csv
347,2,1,1,Reader_2_6.csv
347,2,2,0,Reader_2_7.csv
347,0,0,0,Reader_2_8.csv
347,3,3,0,Reader_2_9.csv
347,6,5,1,reader_3_1.csv
347,8,8,0,Reader_3_2.csv
347,7,7,0,Reader_3_3.csv
347,7,7,0,Reader_3_4.csv
347,0,0,0,Reader_3_5.csv
347,17,15,2,Reader_3_6.csv
347,7,7,0,Reader_3_7.csv
348,12,6,6,Reader_1_1.csv
348,0,0,0,Reader_1_10.csv
348,6,5,1,Reader_1_11.csv
348,10,10,0,Reader_1_12.csv
348,7,6,1,Reader_1_2.csv
348,5,5,0,Reader_1_3.csv
348,0,0,0,Reader_1_4.csv
348,0,0,0,Reader_1_5.csv
348,1,1,0,Reader_1_6.csv
348,2,1,1,Reader_1_7.csv
348,1,0,1,Reader_1_8.csv
348,1,1,0,Reader_1_9.csv
348,9,7,2,Reader_2_1.csv
348,0,0,0,Reader_2_10.csv
348,1,0,1,Reader_2_11.csv
348,9,7,2,Reader_2_12.csv
348,0,0,0,Reader_2_2.csv
348,5,1,4,Reader_2_3.csv
348,0,0,0,Reader_2_4.csv
348,2,2,0,Reader_2_5.csv
348,2,1,1,Reader_2_6.csv
348,2,2,0,Reader_2_7.csv
348,0,0,0,Reader_2_8.csv
348,4,4,0,Reader_2_9.csv
348,8,7,1,reader_3_1.csv
348,10,10,0,Reader_3_2.csv
348,8,8,0,Reader_3_3.csv
348,8,8,0,Reader_3_4.csv
348,1,0,1,Reader_3_5.csv
348,16,13,3,Reader_3_6.csv
348,5,5,0,Reader_3_7.csv
349,12,7,5,Reader_1_1.csv
349,0,0,0,Reader_1_10.csv
349,6,5,1,Reader_1_11.csv
349,6,6,0,Reader_1_12.csv
349,5,4,1,Reader_1_2.csv
349,7,7,0,Reader_1_3.csv
349,0,0,0,Reader_1_4.csv
349,0,0,0,Reader_1_5.csv
349,1,1,0,Reader_1_6.csv
349,1,0,1,Reader_1_7.csv
349,1,0,1,Reader_1_8.csv
349,1,1,0,Reader_1_9.csv
349,9,7,2,Reader_2_1.csv
349,0,0,0,Reader_2_10.csv
349,1,0,1,Reader_2_11.csv
349,9,6,3,Reader_2_12.csv
349,0,0,0,Reader_2_2.csv
349,5,1,4,Reader_2_3.csv
349,0,0,0,Reader_2_4.csv
349,2,2,0,Reader_2_5.csv
349,2,1,1,Reader_2_6.csv
349,2,2,0,Reader_2_7.csv
349,0,0,0,Reader_2_8.csv
349,4,4,0,Reader_2_9.csv
349,6,5,1,reader_3_1.csv
349,11,10,1,Reader_3_2.csv
349,9,8,1,Reader_3_3.csv
349,9,8,1,Reader_3_4.csv
349,1,0,1,Reader_3_5.csv
349,13,11,2,Reader_3_6.csv
349,4,4,0,Reader_3_7.csv
350,10,7,3,Reader_1_1.csv
350,0,0,0,Reader_1_10.csv
350,7,6,1,Reader_1_11.csv
350,6,5,1,Reader_1_12.csv
350,6,5,1,Reader_1_2.csv
350,6,6,0,Reader_1_3.csv
350,0,0,0,Reader_1_4.csv
350,0,0,0,Reader_1_5.csv
350,1,1,0,Reader_1_6.csv
350,1,0,1,Reader_1_7.csv
350,1,0,1,Reader_1_8.csv
350,1,1,0,Reader_1_9.csv
350,9,7,2,Reader_2_1.csv
350,0,0,0,Reader_2_10.csv
350,1,0,1,Reader_2_11.csv
350,7,4,3,Reader_2_12.csv
350,0,0,0,Reader_2_2.csv
350,5,1,4,Reader_2_3.csv
350,0,0,0,Reader_2_4.csv
350,1,1,0,Reader_2_5.csv
350,2,1,1,Reader_2_6.csv
350,2,2,0,Reader_2_7.csv
350,0,0,0,Reader_2_8.csv
350,3,3,0,Reader_2_9.csv
350,7,5,2,reader_3_1.csv
350,8,7,1,Reader_3_2.csv
350,9,8,1,Reader_3_3.csv
350,9,8,1,Reader_3_4.csv
350,1,0,1,Reader_3_5.csv
350,12,10,2,Reader_3_6.csv
350,4,4,0,Reader_3_7.csv
351,11,8,3,Reader_1_1.csv
351,0,0,0,Reader_1_10.csv
351,9,8,1,Reader_1_11.csv
351,6,5,1,Reader_1_12.csv
351,6,6,0,Reader_1_2.csv
351,5,5,0,Reader_1_3.csv
351,0,0,0,Reader_1_4.csv
351,0,0,0,Reader_1_5.csv
351,1,1,0,Reader_1_6.csv
351,1,0,1,Reader_1_7.csv
351,2,0,2,Reader_1_8.csv
351,1,1,0,Reader_1_9.csv
351,8,6,2,Reader_2_1.csv
351,0,0,0,Reader_2_10.csv
351,1,0,1,Reader_2_11.csv
351,6,3,3,Reader_2_12.csv
351,0,0,0,Reader_2_2.csv
351,6,1,5,Reader_2_3.csv
351,0,0,0,Reader_2_4.csv
351,2,2,0,Reader_2_5.csv
351,1,1,0,Reader_2_6.csv
351,2,2,0,Reader_2_7.csv
351,0,0,0,Reader_2_8.csv
351,3,3,0,Reader_2_9.csv
351,6,3,3,reader_3_1.csv
351,8,7,1,Reader_3_2.csv
351,11,10,1,Reader_3_3.csv
351,11,10,1,Reader_3_4.csv
351,2,1,1,Reader_3_5.csv
351,12,10,2,Reader_3_6.csv
351,3,3,0,Reader_3_7.csv
352,11,9,2,Reader_1_1.csv
352,0,0,0,Reader_1_10.csv
352,9,8,1,Reader_1_11.csv
352,6,5,1,Reader_1_12.csv
352,6,6,0,Reader_1_2.csv
352,5,5,0,Reader_1_3.csv
352,0,0,0,Reader_1_4.csv
352,0,0,0,Reader_1_5.csv
352,2,1,1,Reader_1_6.csv
352,0,0,0,Reader_1_7.csv
352,2,0,2,Reader_1_8.csv
352,1,1,0,Reader_1_9.csv
352,10,6,4,Reader_2_1.csv
352,0,0,0,Reader_2_10.csv
352,0,0,0,Reader_2_11.csv
352,6,2,4,Reader_2_12.csv
352,0,0,0,Reader_2_2.csv
352,7,1,6,Reader_2_3.csv
352,0,0,0,Reader_2_4.csv
352,3,3,0,Reader_2_5.csv
352,0,0,0,Reader_2_6.csv
352,1,1,0,Reader_2_7.csv
352,0,0,0,Reader_2_8.csv
352,3,3,0,Reader_2_9.csv
352,10,7,3,reader_3_1.csv
352,8,7,1,Reader_3_2.csv
352,12,11,1,Reader_3_3.csv
352,12,11,1,Reader_3_4.csv
352,2,1,1,Reader_3_5.csv
352,9,7,2,Reader_3_6.csv
352,2,2,0,Reader_3_7.csv
353,14,9,5,Reader_1_1.csv
353,0,0,0,Reader_1_10.csv
353,11,9,2,Reader_1_11.csv
353,8,7,1,Reader_1_12.csv
353,6,6,0,Reader_1_2.csv
353,4,4,0,Reader_1_3.csv
353,0,0,0,Reader_1_4.csv
353,0,0,0,Reader_1_5.csv
353,2,1,1,Reader_1_6.csv
353,0,0,0,Reader_1_7.csv
353,2,0,2,Reader_1_8.csv
353,1,1,0,Reader_1_9.csv
353,10,6,4,Reader_2_1.csv
353,0,0,0,Reader_2_10.csv
353,0,0,0,Reader_2_11.csv
353,6,2,4,Reader_2_12.csv
353,0,0,0,Reader_2_2.csv
353,9,1,8,Reader_2_3.csv
353,0,0,0,Reader_2_4.csv
353,3,3,0,Reader_2_5.csv
353,0,0,0,Reader_2_6.csv
353,1,1,0,Reader_2_7.csv
353,0,0,0,Reader_2_8.csv
353,3,3,0,Reader_2_9.csv
353,13,9,4,reader_3_1.csv
353,9,8,1,Reader_3_2.csv
353,11,10,1,Reader_3_3.csv
353,11,10,1,Reader_3_4.csv
353,2,1,1,Reader_3_5.csv
353,10,8,2,Reader_3_6.csv
353,1,1,0,Reader_3_7.csv
354,14,8,6,Reader_1_1.csv
354,0,0,0,Reader_1_10.csv
354,13,10,3,Reader_1_11.csv
354,5,4,1,Reader_1_12.csv
354,6,6,0,Reader_1_2.csv
354,4,4,0,Reader_1_3.csv
354,0,0,0,Reader_1_4.csv
354,0,0,0,Reader_1_5.csv
354,2,1,1,Reader_1_6.csv
354,0,0,0,Reader_1_7.csv
354,2,0,2,Reader_1_8.csv
354,1,1,0,Reader_1_9.csv
354,8,4,4,Reader_2_1.csv
354,0,0,0,Reader_2_10.csv
354,1,1,0,Reader_2_11.csv
354,5,1,4,Reader_2_12.csv
354,0,0,0,Reader_2_2.csv
354,7,1,6,Reader_2_3.csv
354,0,0,0,Reader_2_4.csv
354,3,3,0,Reader_2_5.csv
354,0,0,0,Reader_2_6.csv
354,0,0,0,Reader_2_7.csv
354,0,0,0,Reader_2_8.csv
354,3,3,0,Reader_2_9.csv
354,13,10,3,reader_3_1.csv
354,11,10,1,Reader_3_2.csv
354,11,10,1,Reader_3_3.csv
354,11,10,1,Reader_3_4.csv
354,2,1,1,Reader_3_5.csv
354,7,6,1,Reader_3_6.csv
354,1,1,0,Reader_3_7.csv
355,14,8,6,Reader_1_1.csv
355,0,0,0,Reader_1_10.csv
355,14,11,3,Reader_1_11.csv
355,6,5,1,Reader_1_12.csv
355,5,5,0,Reader_1_2.csv
355,3,3,0,Reader_1_3.csv
355,0,0,0,Reader_1_4.csv
355,0,0,0,Reader_1_5.csv
355,2,1,1,Reader_1_6.csv
355,0,0,0,Reader_1_7.csv
355,2,0,2,Reader_1_8.csv
355,1,1,0,Reader_1_9.csv
355,6,2,4,Reader_2_1.csv
355,0,0,0,Reader_2_10.csv
355,1,1,0,Reader_2_11.csv
355,7,2,5,Reader_2_12.csv
355,0,0,0,Reader_2_2.csv
355,7,1,6,Reader_2_3.csv
355,0,0,0,Reader_2_4.csv
355,3,3,0,Reader_2_5.csv
355,0,0,0,Reader_2_6.csv
355,0,0,0,Reader_2_7.csv
355,0,0,0,Reader_2_8.csv
355,4,4,0,Reader_2_9.csv
355,14,11,3,reader_3_1.csv
355,13,12,1,Reader_3_2.csv
355,14,12,2,Reader_3_3.csv
355,14,12,2,Reader_3_4.csv
355,2,1,1,Reader_3_5.csv
355,9,8,1,Reader_3_6.csv
355,3,1,2,Reader_3_7.csv
356,16,10,6,Reader_1_1.csv
356,0,0,0,Reader_1_10.csv
356,17,12,5,Reader_1_11.csv
356,6,5,1,Reader_1_12.csv
356,3,3,0,Reader_1_2.csv
356,2,2,0,Reader_1_3.csv
356,0,0,0,Reader_1_4.csv
356,0,0,0,Reader_1_5.csv
356,1,0,1,Reader_1_6.csv
356,0,0,0,Reader_1_7.csv
356,2,0,2,Reader_1_8.csv
356,0,0,0,Reader_1_9.csv
356,4,1,3,Reader_2_1.csv
356,0,0,0,Reader_2_10.csv
356,1,1,0,Reader_2_11.csv
356,6,2,4,Reader_2_12.csv
356,1,1,0,Reader_2_2.csv
356,7,1,6,Reader_2_3.csv
356,0,0,0,Reader_2_4.csv
356,3,2,1,Reader_2_5.csv
356,0,0,0,Reader_2_6.csv
356,0,0,0,Reader_2_7.csv
356,0,0,0,Reader_2_8.csv
356,3,3,0,Reader_2_9.csv
356,12,9,3,reader_3_1.csv
356,12,11,1,Reader_3_2.csv
356,14,12,2,Reader_3_3.csv
356,14,12,2,Reader_3_4.csv
356,1,1,0,Reader_3_5.csv
356,10,9,1,Reader_3_6.csv
356,3,1,2,Reader_3_7.csv
357,15,9,6,Reader_1_1.csv
357,1,1,0,Reader_1_10.csv
357,21,16,5,Reader_1_11.csv
357,6,5,1,Reader_1_12.csv
357,3,3,0,Reader_1_2.csv
357,1,1,0,Reader_1_3.csv
357,0,0,0,Reader_1_4.csv
357,0,0,0,Reader_1_5.csv
357,1,0,1,Reader_1_6.csv
357,0,0,0,Reader_1_7.csv
357,2,0,2,Reader_1_8.csv
357,0,0,0,Reader_1_9.csv
357,3,1,2,Reader_2_1.csv
357,1,1,0,Reader_2_10.csv
357,1,1,0,Reader_2_11.csv
357,5,2,3,Reader_2_12.csv
357,1,1,0,Reader_2_2.csv
357,8,1,7,Reader_2_3.csv
357,0,0,0,Reader_2_4.csv
357,3,2,1,Reader_2_5.csv
357,0,0,0,Reader_2_6.csv
357,0,0,0,Reader_2_7.csv
357,0,0,0,Reader_2_8.csv
357,3,3,0,Reader_2_9.csv
357,14,11,3,reader_3_1.csv
357,10,10,0,Reader_3_2.csv
357,14,13,1,Reader_3_3.csv
357,14,13,1,Reader_3_4.csv
357,1,1,0,Reader_3_5.csv
357,8,7,1,Reader_3_6.csv
357,3,1,2,Reader_3_7.csv
358,17,11,6,Reader_1_1.csv
358,1,1,0,Reader_1_10.csv
358,26,21,5,Reader_1_11.csv
358,3,3,0,Reader_1_12.csv
358,2,2,0,Reader_1_2.csv
358,1,1,0,Reader_1_3.csv
358,0,0,0,Reader_1_4.csv
358,0,0,0,Reader_1_5.csv
358,1,0,1,Reader_1_6.csv
358,0,0,0,Reader_1_7.csv
358,2,0,2,Reader_1_8.csv
358,0,0,0,Reader_1_9.csv
358,3,1,2,Reader_2_1.csv
358,1,1,0,Reader_2_10.csv
358,1,1,0,Reader_2_11.csv
358,5,2,3,Reader_2_12.csv
358,1,1,0,Reader_2_2.csv
358,7,1,6,Reader_2_3.csv
358,0,0,0,Reader_2_4.csv
358,3,2,1,Reader_2_5.csv
358,0,0,0,Reader_2_6.csv
358,0,0,0,Reader_2_7.csv
358,0,0,0,Reader_2_8.csv
358,3,3,0,Reader_2_9.csv
358,15,13,2,reader_3_1.csv
358,10,10,0,Reader_3_2.csv
358,14,13,1,Reader_3_3.csv
358,14,13,1,Reader_3_4.csv
358,1,1,0,Reader_3_5.csv
358,8,7,1,Reader_3_6.csv
358,3,1,2,Reader_3_7.csv
359,14,9,5,Reader_1_1.csv
359,1,1,0,Reader_1_10.csv
359,29,22,7,Reader_1_11.csv
359,3,3,0,Reader_1_12.csv
359,1,1,0,Reader_1_2.csv
359,1,1,0,Reader_1_3.csv
359,0,0,0,Reader_1_4.csv
359,0,0,0,Reader_1_5.csv
359,1,0,1,Reader_1_6.csv
359,0,0,0,Reader_1_7.csv
359,0,0,0,Reader_1_8.csv
359,0,0,0,Reader_1_9.csv
359,2,0,2,Reader_2_1.csv
359,1,1,0,Reader_2_10.csv
359,1,1,0,Reader_2_11.csv
359,5,2,3,Reader_2_12.csv
359,1,1,0,Reader_2_2.csv
359,10,2,8,Reader_2_3.csv
359,0,0,0,Reader_2_4.csv
359,2,1,1,Reader_2_5.csv
359,0,0,0,Reader_2_6.csv
359,0,0,0,Reader_2_7.csv
359,0,0,0,Reader_2_8.csv
359,2,2,0,Reader_2_9.csv
359,16,14,2,reader_3_1.csv
359,9,9,0,Reader_3_2.csv
359,14,13,1,Reader_3_3.csv
359,14,13,1,Reader_3_4.csv
359,0,0,0,Reader_3_5.csv
359,9,8,1,Reader_3_6.csv
359,3,1,2,Reader_3_7.csv
360,15,9,6,Reader_1_1.csv
360,1,1,0,Reader_1_10.csv
360,29,22,7,Reader_1_11.csv
360,4,4,0,Reader_1_12.csv
360,2,2,0,Reader_1_2.csv
360,1,1,0,Reader_1_3.csv
360,0,0,0,Reader_1_4.csv
360,0,0,0,Reader_1_5.csv
360,0,0,0,Reader_1_6.csv
360,0,0,0,Reader_1_7.csv
360,0,0,0,Reader_1_8.csv
360,0,0,0,Reader_1_9.csv
360,2,2,0,Reader_2_1.csv
360,1,1,0,Reader_2_10.csv
360,1,1,0,Reader_2_11.csv
360,4,2,2,Reader_2_12.csv
360,1,1,0,Reader_2_2.csv
360,10,3,7,Reader_2_3.csv
360,0,0,0,Reader_2_4.csv
360,1,0,1,Reader_2_5.csv
360,0,0,0,Reader_2_6.csv
360,0,0,0,Reader_2_7.csv
360,0,0,0,Reader_2_8.csv
360,2,2,0,Reader_2_9.csv
360,12,10,2,reader_3_1.csv
360,13,13,0,Reader_3_2.csv
360,14,13,1,Reader_3_3.csv
360,14,13,1,Reader_3_4.csv
360,0,0,0,Reader_3_5.csv
360,10,9,1,Reader_3_6.csv
360,3,1,2,Reader_3_7.csv
361,14,10,4,Reader_1_1.csv
361,1,1,0,Reader_1_10.csv
361,29,21,8,Reader_1_11.csv
361,2,2,0,Reader_1_12.csv
361,3,3,0,Reader_1_2.csv
361,1,1,0,Reader_1_3.csv
361,0,0,0,Reader_1_4.csv
361,0,0,0,Reader_1_5.csv
361,0,0,0,Reader_1_6.csv
361,0,0,0,Reader_1_7.csv
361,1,0,1,Reader_1_8.csv
361,0,0,0,Reader_1_9.csv
361,2,2,0,Reader_2_1.csv
361,1,1,0,Reader_2_10.csv
361,1,1,0,Reader_2_11.csv
361,3,2,1,Reader_2_12.csv
361,1,1,0,Reader_2_2.csv
361,7,2,5,Reader_2_3.csv
361,0,0,0,Reader_2_4.csv
361,1,0,1,Reader_2_5.csv
361,0,0,0,Reader_2_6.csv
361,0,0,0,Reader_2_7.csv
361,0,0,0,Reader_2_8.csv
361,2,2,0,Reader_2_9.csv
361,11,10,1,reader_3_1.csv
361,16,15,1,Reader_3_2.csv
361,14,12,2,Reader_3_3.csv
361,14,12,2,Reader_3_4.csv
361,0,0,0,Reader_3_5.csv
361,11,10,1,Reader_3_6.csv
361,3,1,2,Reader_3_7.csv
362,15,11,4,Reader_1_1.csv
362,1,1,0,Reader_1_10.csv
362,27,19,8,Reader_1_11.csv
362,3,3,0,Reader_1_12.csv
362,2,2,0,Reader_1_2.csv
362,1,1,0,Reader_1_3.csv
362,0,0,0,Reader_1_4.csv
362,0,0,0,Reader_1_5.csv
362,0,0,0,Reader_1_6.csv
362,1,1,0,Reader_1_7.csv
362,2,1,1,Reader_1_8.csv
362,0,0,0,Reader_1_9.csv
362,2,2,0,Reader_2_1.csv
362,1,1,0,Reader_2_10.csv
362,0,0,0,Reader_2_11.csv
362,3,2,1,Reader_2_12.csv
362,2,1,1,Reader_2_2.csv
362,8,2,6,Reader_2_3.csv
362,0,0,0,Reader_2_4.csv
362,1,0,1,Reader_2_5.csv
362,0,0,0,Reader_2_6.csv
362,0,0,0,Reader_2_7.csv
362,0,0,0,Reader_2_8.csv
362,1,1,0,Reader_2_9.csv
362,10,9,1,reader_3_1.csv
362,16,15,1,Reader_3_2.csv
362,12,10,2,Reader_3_3.csv
362,12,10,2,Reader_3_4.csv
362,0,0,0,Reader_3_5.csv
362,13,12,1,Reader_3_6.csv
362,3,1,2,Reader_3_7.csv
363,13,9,4,Reader_1_1.csv
363,1,1,0,Reader_1_10.csv
363,26,19,7,Reader_1_11.csv
363,2,2,0,Reader_1_12.csv
363,2,2,0,Reader_1_2.csv
363,1,1,0,Reader_1_3.csv
363,0,0,0,Reader_1_4.csv
363,0,0,0,Reader_1_5.csv
363,0,0,0,Reader_1_6.csv
363,1,1,0,Reader_1_7.csv
363,2,1,1,Reader_1_8.csv
363,0,0,0,Reader_1_9.csv
363,2,2,0,Reader_2_1.csv
363,1,1,0,Reader_2_10.csv
363,0,0,0,Reader_2_11.csv
363,1,1,0,Reader_2_12.csv
363,2,1,1,Reader_2_2.csv
363,10,3,7,Reader_2_3.csv
363,0,0,0,Reader_2_4.csv
363,1,0,1,Reader_2_5.csv
363,0,0,0,Reader_2_6.csv
363,0,0,0,Reader_2_7.csv
363,0,0,0,Reader_2_8.csv
363,1,1,0,Reader_2_9.csv
363,9,8,1,reader_3_1.csv
363,13,12,1,Reader_3_2.csv
363,10,9,1,Reader_3_3.csv
363,10,9,1,Reader_3_4.csv
363,0,0,0,Reader_3_5.csv
363,11,10,1,Reader_3_6.csv
363,2,2,0,Reader_3_7.csv
364,15,11,4,Reader_1_1.csv
364,1,1,0,Reader_1_10.csv
364,24,19,5,Reader_1_11.csv
364,2,2,0,Reader_1_12.csv
364,2,2,0,Reader_1_2.csv
364,1,1,0,Reader_1_3.csv
364,0,0,0,Reader_1_4.csv
364,0,0,0,Reader_1_5.csv
364,0,0,0,Reader_1_6.csv
364,1,1,0,Reader_1_7.csv
364,3,1,2,Reader_1_8.csv
364,0,0,0,Reader_1_9.csv
364,3,3,0,Reader_2_1.csv
364,1,1,0,Reader_2_10.csv
364,0,0,0,Reader_2_11.csv
364,2,1,1,Reader_2_12.csv
364,2,1,1,Reader_2_2.csv
364,11,4,7,Reader_2_3.csv
364,0,0,0,Reader_2_4.csv
364,0,0,0,Reader_2_5.csv
364,1,1,0,Reader_2_6.csv
364,0,0,0,Reader_2_7.csv
364,0,0,0,Reader_2_8.csv
364,1,1,0,Reader_2_9.csv
364,10,8,2,reader_3_1.csv
364,13,12,1,Reader_3_2.csv
364,10,8,2,Reader_3_3.csv
364,10,8,2,Reader_3_4.csv
364,0,0,0,Reader_3_5.csv
364,11,10,1,Reader_3_6.csv
364,4,4,0,Reader_3_7.csv
365,15,12,3,Reader_1_1.csv
365,0,0,0,Reader_1_10.csv
365,22,16,6,Reader_1_11.csv
365,3,3,0,Reader_1_12.csv
365,2,2,0,Reader_1_2.csv
365,0,0,0,Reader_1_3.csv
365,0,0,0,Reader_1_4.csv
365,0,0,0,Reader_1_5.csv
365,0,0,0,Reader_1_6.csv
365,1,1,0,Reader_1_7.csv
365,3,1,2,Reader_1_8.csv
365,0,0,0,Reader_1_9.csv
365,5,5,0,Reader_2_1.csv
365,0,0,0,Reader_2_10.csv
365,1,1,0,Reader_2_11.csv
365,2,1,1,Reader_2_12.csv
365,2,1,1,Reader_2_2.csv
365,13,6,7,Reader_2_3.csv
365,0,0,0,Reader_2_4.csv
365,0,0,0,Reader_2_5.csv
365,1,1,0,Reader_2_6.csv
365,0,0,0,Reader_2_7.csv
365,0,0,0,Reader_2_8.csv
365,1,1,0,Reader_2_9.csv
365,9,7,2,reader_3_1.csv
365,15,14,1,Reader_3_2.csv
365,10,8,2,Reader_3_3.csv
365,10,8,2,Reader_3_4.csv
365,0,0,0,Reader_3_5.csv
365,12,11,1,Reader_3_6.csv
365,5,5,0,Reader_3_7.csv
366,13,10,3,Reader_1_1.csv
366,0,0,0,Reader_1_10.csv
366,18,11,7,Reader_1_11.csv
366,3,3,0,Reader_1_12.csv
366,2,2,0,Reader_1_2.csv
366,0,0,0,Reader_1_3.csv
366,0,0,0,Reader_1_4.csv
366,0,0,0,Reader_1_5.csv
366,0,0,0,Reader_1_6.csv
366,1,1,0,Reader_1_7.csv
366,3,1,2,Reader_1_8.csv
366,0,0,0,Reader_1_9.csv
366,5,5,0,Reader_2_1.csv
366,0,0,0,Reader_2_10.csv
366,1,1,0,Reader_2_11.csv
366,2,1,1,Reader_2_12.csv
366,4,3,1,Reader_2_2.csv
366,15,6,9,Reader_2_3.csv
366,0,0,0,Reader_2_4.csv
366,0,0,0,Reader_2_5.csv
366,1,1,0,Reader_2_6.csv
366,0,0,0,Reader_2_7.csv
366,0,0,0,Reader_2_8.csv
366,1,1,0,Reader_2_9.csv
366,8,5,3,reader_3_1.csv
366,20,18,2,Reader_3_2.csv
366,9,7,2,Reader_3_3.csv
366,9,7,2,Reader_3_4.csv
366,0,0,0,Reader_3_5.csv
366,12,11,1,Reader_3_6.csv
366,6,6,0,Reader_3_7.csv
367,15,12,3,Reader_1_1.csv
367,0,0,0,Reader_1_10.csv
367,13,8,5,Reader_1_11.csv
367,3,3,0,Reader_1_12.csv
367,2,2,0,Reader_1_2.csv
367,0,0,0,Reader_1_3.csv
367,0,0,0,Reader_1_4.csv
367,0,0,0,Reader_1_5.csv
367,0,0,0,Reader_1_6.csv
367,1,1,0,Reader_1_7.csv
367,3,1,2,Reader_1_8.csv
367,0,0,0,Reader_1_9.csv
367,5,5,0,Reader_2_1.csv
367,0,0,0,Reader_2_10.csv
367,1,1,0,Reader_2_11.csv
367,2,1,1,Reader_2_12.csv
367,4,3,1,Reader_2_2.csv
367,11,5,6,Reader_2_3.csv
367,0,0,0,Reader_2_4.csv
367,0,0,0,Reader_2_5.csv
367,2,2,0,Reader_2_6.csv
367,0,0,0,Reader_2_7.csv
367,0,0,0,Reader_2_8.csv
367,1,1,0,Reader_2_9.csv
367,7,5,2,reader_3_1.csv
367,23,21,2,Reader_3_2.csv
367,8,6,2,Reader_3_3.csv
367,8,6,2,Reader_3_4.csv
367,0,0,0,Reader_3_5.csv
367,11,10,1,Reader_3_6.csv
367,8,8,0,Reader_3_7.csv
368,13,11,2,Reader_1_1.csv
368,0,0,0,Reader_1_10.csv
368,14,9,5,Reader_1_11.csv
368,2,2,0,Reader_1_12.csv
368,1,1,0,Reader_1_2.csv
368,0,0,0,Reader_1_3.csv
368,0,0,0,Reader_1_4.csv
368,0,0,0,Reader_1_5.csv
368,0,0,0,Reader_1_6.csv
368,1,1,0,Reader_1_7.csv
368,3,1,2,Reader_1_8.csv
368,0,0,0,Reader_1_9.csv
368,3,3,0,Reader_2_1.csv
368,0,0,0,Reader_2_10.csv
368,1,1,0,Reader_2_11.csv
368,2,1,1,Reader_2_12.csv
368,5,4,1,Reader_2_2.csv
368,10,4,6,Reader_2_3.csv
368,0,0,0,Reader_2_4.csv
368,1,0,1,Reader_2_5.csv
368,3,3,0,Reader_2_6.csv
368,0,0,0,Reader_2_7.csv
368,0,0,0,Reader_2_8.csv
368,1,1,0,Reader_2_9.csv
368,7,5,2,reader_3_1.csv
368,24,21,3,Reader_3_2.csv
368,7,5,2,Reader_3_3.csv
368,7,5,2,Reader_3_4.csv
368,0,0,0,Reader_3_5.csv
368,11,10,1,Reader_3_6.csv
368,8,8,0,Reader_3_7.csv
369,12,10,2,Reader_1_1.csv
369,0,0,0,Reader_1_10.csv
369,15,12,3,Reader_1_11.csv
369,2,2,0,Reader_1_12.csv
369,0,0,0,Reader_1_2.csv
369,0,0,0,Reader_1_3.csv
369,0,0,0,Reader_1_4.csv
369,0,0,0,Reader_1_5.csv
369,0,0,0,Reader_1_6.csv
369,1,1,0,Reader_1_7.csv
369,2,1,1,Reader_1_8.csv
369,0,0,0,Reader_1_9.csv
369,3,3,0,Reader_2_1.csv
369,0,0,0,Reader_2_10.csv
369,1,1,0,Reader_2_11.csv
369,2,1,1,Reader_2_12.csv
369,5,4,1,Reader_2_2.csv
369,11,4,7,Reader_2_3.csv
369,0,0,0,Reader_2_4.csv
369,2,1,1,Reader_2_5.csv
369,3,3,0,Reader_2_6.csv
369,0,0,0,Reader_2_7.csv
369,0,0,0,Reader_2_8.csv
369,1,1,0,Reader_2_9.csv
369,6,3,3,reader_3_1.csv
369,25,22,3,Reader_3_2.csv
369,7,6,1,Reader_3_3.csv
369,7,6,1,Reader_3_4.csv
369,2,2,0,Reader_3_5.csv
369,9,8,1,Reader_3_6.csv
369,8,8,0,Reader_3_7.csv
370,13,9,4,Reader_1_1.csv
370,0,0,0,Reader_1_10.csv
370,14,12,2,Reader_1_11.csv
370,2,2,0,Reader_1_12.csv
370,0,0,0,Reader_1_2.csv
370,0,0,0,Reader_1_3.csv
370,0,0,0,Reader_1_4.csv
370,0,0,0,Reader_1_5.csv
370,0,0,0,Reader_1_6.csv
370,0,0,0,Reader_1_7.csv
370,1,0,1,Reader_1_8.csv
370,0,0,0,Reader_1_9.csv
370,4,4,0,Reader_2_1.csv
370,0,0,0,Reader_2_10.csv
370,1,1,0,Reader_2_11.csv
370,2,1,1,Reader_2_12.csv
370,5,5,0,Reader_2_2.csv
370,10,4,6,Reader_2_3.csv
370,0,0,0,Reader_2_4.csv
370,2,1,1,Reader_2_5.csv
370,3,3,0,Reader_2_6.csv
370,0,0,0,Reader_2_7.csv
370,0,0,0,Reader_2_8.csv
370,1,1,0,Reader_2_9.csv
370,8,3,5,reader_3_1.csv
370,28,25,3,Reader_3_2.csv
370,7,6,1,Reader_3_3.csv
370,7,6,1,Reader_3_4.csv
370,2,2,0,Reader_3_5.csv
370,8,7,1,Reader_3_6.csv
370,8,8,0,Reader_3_7.csv
371,16,12,4,Reader_1_1.csv
371,0,0,0,Reader_1_10.csv
371,13,11,2,Reader_1_11.csv
371,3,3,0,Reader_1_12.csv
371,0,0,0,Reader_1_2.csv
371,0,0,0,Reader_1_3.csv
371,0,0,0,Reader_1_4.csv
371,0,0,0,Reader_1_5.csv
371,0,0,0,Reader_1_6.csv
371,0,0,0,Reader_1_7.csv
371,1,0,1,Reader_1_8.csv
371,0,0,0,Reader_1_9.csv
371,5,5,0,Reader_2_1.csv
371,0,0,0,Reader_2_10.csv
371,1,1,0,Reader_2_11.csv
371,2,1,1,Reader_2_12.csv
371,7,6,1,Reader_2_2.csv
371,11,6,5,Reader_2_3.csv
371,1,0,1,Reader_2_4.csv
371,2,1,1,Reader_2_5.csv
371,3,3,0,Reader_2_6.csv
371,0,0,0,Reader_2_7.csv
371,0,0,0,Reader_2_8.csv
371,0,0,0,Reader_2_9.csv
371,11,4,7,reader_3_1.csv
371,31,28,3,Reader_3_2.csv
371,7,5,2,Reader_3_3.csv
371,7,5,2,Reader_3_4.csv
371,2,2,0,Reader_3_5.csv
371,9,8,1,Reader_3_6.csv
371,10,10,0,Reader_3_7.csv
372,14,10,4,Reader_1_1.csv
372,0,0,0,Reader_1_10.csv
372,12,10,2,Reader_1_11.csv
372,3,3,0,Reader_1_12.csv
372,0,0,0,Reader_1_2.csv
372,0,0,0,Reader_1_3.csv
372,0,0,0,Reader_1_4.csv
372,0,0,0,Reader_1_5.csv
372,0,0,0,Reader_1_6.csv
372,0,0,0,Reader_1_7.csv
372,0,0,0,Reader_1_8.csv
372,0,0,0,Reader_1_9.csv
372,4,4,0,Reader_2_1.csv
372,0,0,0,Reader_2_10.csv
372,1,1,0,Reader_2_11.csv
372,1,0,1,Reader_2_12.csv
372,6,5,1,Reader_2_2.csv
372,10,5,5,Reader_2_3.csv
372,1,0,1,Reader_2_4.csv
372,2,1,1,Reader_2_5.csv
372,2,2,0,Reader_2_6.csv
372,0,0,0,Reader_2_7.csv
372,0,0,0,Reader_2_8.csv
372,0,0,0,Reader_2_9.csv
372,11,5,6,reader_3_1.csv
372,36,32,4,Reader_3_2.csv
372,8,6,2,Reader_3_3.csv
372,8,6,2,Reader_3_4.csv
372,3,3,0,Reader_3_5.csv
372,7,7,0,Reader_3_6.csv
372,9,9,0,Reader_3_7.csv
373,14,9,5,Reader_1_1.csv
373,0,0,0,Reader_1_10.csv
373,10,9,1,Reader_1_11.csv
373,2,2,0,Reader_1_12.csv
373,0,0,0,Reader_1_2.csv
373,0,0,0,Reader_1_3.csv
373,1,0,1,Reader_1_4.csv
373,0,0,0,Reader_1_5.csv
373,0,0,0,Reader_1_6.csv
373,0,0,0,Reader_1_7.csv
373,0,0,0,Reader_1_8.csv
373,0,0,0,Reader_1_9.csv
373,2,2,0,Reader_2_1.csv
373,0,0,0,Reader_2_10.csv
373,0,0,0,Reader_2_11.csv
373,1,0,1,Reader_2_12.csv
373,8,7,1,Reader_2_2.csv
373,8,3,5,Reader_2_3.csv
373,1,0,1,Reader_2_4.csv
373,3,1,2,Reader_2_5.csv
373,2,2,0,Reader_2_6.csv
373,0,0,0,Reader_2_7.csv
373,0,0,0,Reader_2_8.csv
373,0,0,0,Reader_2_9.csv
373,12,5,7,reader_3_1.csv
373,39,34,5,Reader_3_2.csv
373,7,5,2,Reader_3_3.csv
373,7,5,2,Reader_3_4.csv
373,3,3,0,Reader_3_5.csv
373,6,6,0,Reader_3_6.csv
373,9,9,0,Reader_3_7.csv
374,13,8,5,Reader_1_1.csv
374,0,0,0,Reader_1_10.csv
374,10,9,1,Reader_1_11.csv
374,4,4,0,Reader_1_12.csv
374,0,0,0,Reader_1_2.csv
374,0,0,0,Reader_1_3.csv
374,1,0,1,Reader_1_4.csv
374,0,0,0,Reader_1_5.csv
374,0,0,0,Reader_1_6.csv
374,0,0,0,Reader_1_7.csv
374,0,0,0,Reader_1_8.csv
374,0,0,0,Reader_1_9.csv
374,2,2,0,Reader_2_1.csv
374,0,0,0,Reader_2_10.csv
374,0,0,0,Reader_2_11.csv
374,1,0,1,Reader_2_12.csv
374,7,6,1,Reader_2_2.csv
374,6,3,3,Reader_2_3.csv
374,1,0,1,Reader_2_4.csv
374,4,2,2,Reader_2_5.csv
374,2,2,0,Reader_2_6.csv
374,0,0,0,Reader_2_7.csv
374,0,0,0,Reader_2_8.csv
374,0,0,0,Reader_2_9.csv
374,12,6,6,reader_3_1.csv
374,44,40,4,Reader_3_2.csv
374,8,5,3,Reader_3_3.csv
374,8,5,3,Reader_3_4.csv
374,3,3,0,Reader_3_5.csv
374,5,5,0,Reader_3_6.csv
374,10,9,1,Reader_3_7.csv
375,11,6,5,Reader_1_1.csv
375,0,0,0,Reader_1_10.csv
375,12,10,2,Reader_1_11.csv
375,4,4,0,Reader_1_12.csv
375,0,0,0,Reader_1_2.csv
375,0,0,0,Reader_1_3.csv
375,1,0,1,Reader_1_4.csv
375,0,0,0,Reader_1_5.csv
375,0,0,0,Reader_1_6.csv
375,0,0,0,Reader_1_7.csv
375,0,0,0,Reader_1_8.csv
375,0,0,0,Reader_1_9.csv
375,2,2,0,Reader_2_1.csv
375,0,0,0,Reader_2_10.csv
375,0,0,0,Reader_2_11.csv
375,1,0,1,Reader_2_12.csv
375,8,7,1,Reader_2_2.csv
375,6,3,3,Reader_2_3.csv
375,1,0,1,Reader_2_4.csv
375,4,2,2,Reader_2_5.csv
375,2,2,0,Reader_2_6.csv
375,0,0,0,Reader_2_7.csv
375,0,0,0,Reader_2_8.csv
375,0,0,0,Reader_2_9.csv
375,12,6,6,reader_3_1.csv
375,45,40,5,Reader_3_2.csv
375,7,4,3,Reader_3_3.csv
375,7,4,3,Reader_3_4.csv
375,4,4,0,Reader_3_5.csv
375,4,4,0,Reader_3_6.csv
375,9,7,2,Reader_3_7.csv
376,10,5,5,Reader_1_1.csv
376,0,0,0,Reader_1_10.csv
376,12,10,2,Reader_1_11.csv
376,4,4,0,Reader_1_12.csv
376,0,0,0,Reader_1_2.csv
376,0,0,0,Reader_1_3.csv
376,1,0,1,Reader_1_4.csv
376,0,0,0,Reader_1_5.csv
376,0,0,0,Reader_1_6.csv
376,0,0,0,Reader_1_7.csv
376,0,0,0,Reader_1_8.csv
376,0,0,0,Reader_1_9.csv
376,2,2,0,Reader_2_1.csv
376,0,0,0,Reader_2_10.csv
376,0,0,0,Reader_2_11.csv
376,1,0,1,Reader_2_12.csv
376,9,8,1,Reader_2_2.csv
376,7,4,3,Reader_2_3.csv
376,1,0,1,Reader_2_4.csv
376,4,3,1,Reader_2_5.csv
376,1,1,0,Reader_2_6.csv
376,0,0,0,Reader_2_7.csv
376,0,0,0,Reader_2_8.csv
376,0,0,0,Reader_2_9.csv
376,13,7,6,reader_3_1.csv
376,47,43,4,Reader_3_2.csv
376,6,3,3,Reader_3_3.csv
376,6,3,3,Reader_3_4.csv
376,6,5,1,Reader_3_5.csv
376,4,4,0,Reader_3_6.csv
376,8,6,2,Reader_3_7.csv
377,9,5,4,Reader_1_1.csv
377,0,0,0,Reader_1_10.csv
377,8,6,2,Reader_1_11.csv
377,4,4,0,Reader_1_12.csv
377,0,0,0,Reader_1_2.csv
377,1,1,0,Reader_1_3.csv
377,1,0,1,Reader_1_4.csv
377,0,0,0,Reader_1_5.csv
377,0,0,0,Reader_1_6.csv
377,0,0,0,Reader_1_7.csv
377,0,0,0,Reader_1_8.csv
377,0,0,0,Reader_1_9.csv
377,2,2,0,Reader_2_1.csv
377,0,0,0,Reader_2_10.csv
377,0,0,0,Reader_2_11.csv
377,2,1,1,Reader_2_12.csv
377,10,9,1,Reader_2_2.csv
377,7,5,2,Reader_2_3.csv
377,1,0,1,Reader_2_4.csv
377,3,2,1,Reader_2_5.csv
377,1,1,0,Reader_2_6.csv
377,0,0,0,Reader_2_7.csv
377,0,0,0,Reader_2_8.csv
377,0,0,0,Reader_2_9.csv
377,13,8,5,reader_3_1.csv
377,46,43,3,Reader_3_2.csv
377,6,2,4,Reader_3_3.csv
377,6,2,4,Reader_3_4.csv
377,4,3,1,Reader_3_5.csv
377,5,5,0,Reader_3_6.csv
377,8,6,2,Reader_3_7.csv
378,7,6,1,Reader_1_1.csv
378,0,0,0,Reader_1_10.csv
378,8,6,2,Reader_1_11.csv
378,3,3,0,Reader_1_12.csv
378,0,0,0,Reader_1_2.csv
378,1,1,0,Reader_1_3.csv
378,1,0,1,Reader_1_4.csv
378,0,0,0,Reader_1_5.csv
378,0,0,0,Reader_1_6.csv
378,0,0,0,Reader_1_7.csv
378,0,0,0,Reader_1_8.csv
378,0,0,0,Reader_1_9.csv
378,1,1,0,Reader_2_1.csv
378,0,0,0,Reader_2_10.csv
378,0,0,0,Reader_2_11.csv
378,2,1,1,Reader_2_12.csv
378,10,9,1,Reader_2_2.csv
378,6,5,1,Reader_2_3.csv
378,1,0,1,Reader_2_4.csv
378,3,2,1,Reader_2_5.csv
378,1,1,0,Reader_2_6.csv
378,0,0,0,Reader_2_7.csv
378,0,0,0,Reader_2_8.csv
378,0,0,0,Reader_2_9.csv
378,12,9,3,reader_3_1.csv
378,44,41,3,Reader_3_2.csv
378,7,2,5,Reader_3_3.csv
378,7,2,5,Reader_3_4.csv
378,4,3,1,Reader_3_5.csv
378,4,4,0,Reader_3_6.csv
378,9,7,2,Reader_3_7.csv
379,6,5,1,Reader_1_1.csv
379,0,0,0,Reader_1_10.csv
379,8,6,2,Reader_1_11.csv
379,2,2,0,Reader_1_12.csv
379,1,1,0,Reader_1_2.csv
379,1,1,0,Reader_1_3.csv
379,1,0,1,Reader_1_4.csv
379,0,0,0,Reader_1_5.csv
379,0,0,0,Reader_1_6.csv
379,0,0,0,Reader_1_7.csv
379,0,0,0,Reader_1_8.csv
379,0,0,0,Reader_1_9.csv
379,0,0,0,Reader_2_1.csv
379,0,0,0,Reader_2_10.csv
379,0,0,0,Reader_2_11.csv
379,2,1,1,Reader_2_12.csv
379,8,8,0,Reader_2_2.csv
379,3,2,1,Reader_2_3.csv
379,0,0,0,Reader_2_4.csv
379,3,2,1,Reader_2_5.csv
379,1,1,0,Reader_2_6.csv
379,0,0,0,Reader_2_7.csv
379,0,0,0,Reader_2_8.csv
379,0,0,0,Reader_2_9.csv
379,9,8,1,reader_3_1.csv
379,42,39,3,Reader_3_2.csv
379,7,2,5,Reader_3_3.csv
379,7,2,5,Reader_3_4.csv
379,4,3,1,Reader_3_5.csv
379,5,5,0,Reader_3_6.csv
379,7,4,3,Reader_3_7.csv
380,5,4,1,Reader_1_1.csv
380,0,0,0,Reader_1_10.csv
380,6,4,2,Reader_1_11.csv
380,2,2,0,Reader_1_12.csv
380,1,1,0,Reader_1_2.csv
380,1,1,0,Reader_1_3.csv
380,1,0,1,Reader_1_4.csv
380,0,0,0,Reader_1_5.csv
380,0,0,0,Reader_1_6.csv
380,0,0,0,Reader_1_7.csv
380,0,0,0,Reader_1_8.csv
380,0,0,0,Reader_1_9.csv
380,0,0,0,Reader_2_1.csv
380,0,0,0,Reader_2_10.csv
380,0,0,0,Reader_2_11.csv
380,1,1,0,Reader_2_12.csv
380,8,8,0,Reader_2_2.csv
380,3,2,1,Reader_2_3.csv
380,0,0,0,Reader_2_4.csv
380,3,2,1,Reader_2_5.csv
380,2,2,0,Reader_2_6.csv
380,0,0,0,Reader_2_7.csv
380,0,0,0,Reader_2_8.csv
380,0,0,0,Reader_2_9.csv
380,7,6,1,reader_3_1.csv
380,43,41,2,Reader_3_2.csv
380,7,3,4,Reader_3_3.csv
380,7,3,4,Reader_3_4.csv
380,6,4,2,Reader_3_5.csv
380,5,5,0,Reader_3_6.csv
380,6,3,3,Reader_3_7.csv
381,5,5,0,Reader_1_1.csv
381,0,0,0,Reader_1_10.csv
381,6,4,2,Reader_1_11.csv
381,2,2,0,Reader_1_12.csv
381,1,1,0,Reader_1_2.csv
381,2,2,0,Reader_1_3.csv
381,0,0,0,Reader_1_4.csv
381,0,0,0,Reader_1_5.csv
381,0,0,0,Reader_1_6.csv
381,0,0,0,Reader_1_7.csv
381,0,0,0,Reader_1_8.csv
381,0,0,0,Reader_1_9.csv
381,0,0,0,Reader_2_1.csv
381,0,0,0,Reader_2_10.csv
381,0,0,0,Reader_2_11.csv
381,2,1,1,Reader_2_12.csv
381,6,6,0,Reader_2_2.csv
381,2,2,0,Reader_2_3.csv
381,0,0,0,Reader_2_4.csv
381,2,2,0,Reader_2_5.csv
381,3,3,0,Reader_2_6.csv
381,0,0,0,Reader_2_7.csv
381,0,0,0,Reader_2_8.csv
381,1,1,0,Reader_2_9.csv
381,5,5,0,reader_3_1.csv
381,44,42,2,Reader_3_2.csv
381,7,3,4,Reader_3_3.csv
381,7,3,4,Reader_3_4.csv
381,7,5,2,Reader_3_5.csv
381,5,5,0,Reader_3_6.csv
381,5,2,3,Reader_3_7.csv
382,5,5,0,Reader_1_1.csv
382,0,0,0,Reader_1_10.csv
382,6,5,1,Reader_1_11.csv
382,0,0,0,Reader_1_12.csv
382,1,1,0,Reader_1_2.csv
382,2,2,0,Reader_1_3.csv
382,1,0,1,Reader_1_4.csv
382,0,0,0,Reader_1_5.csv
382,0,0,0,Reader_1_6.csv
382,0,0,0,Reader_1_7.csv
382,0,0,0,Reader_1_8.csv
382,0,0,0,Reader_1_9.csv
382,0,0,0,Reader_2_1.csv
382,0,0,0,Reader_2_10.csv
382,0,0,0,Reader_2_11.csv
382,2,1,1,Reader_2_12.csv
382,6,6,0,Reader_2_2.csv
382,3,3,0,Reader_2_3.csv
382,0,0,0,Reader_2_4.csv
382,1,1,0,Reader_2_5.csv
382,3,3,0,Reader_2_6.csv
382,0,0,0,Reader_2_7.csv
382,0,0,0,Reader_2_8.csv
382,1,1,0,Reader_2_9.csv
382,5,5,0,reader_3_1.csv
382,41,39,2,Reader_3_2.csv
382,6,3,3,Reader_3_3.csv
382,6,3,3,Reader_3_4.csv
382,8,6,2,Reader_3_5.csv
382,5,5,0,Reader_3_6.csv
382,3,1,2,Reader_3_7.csv
383,6,6,0,Reader_1_1.csv
383,0,0,0,Reader_1_10.csv
383,4,4,0,Reader_1_11.csv
383,0,0,0,Reader_1_12.csv
383,1,1,0,Reader_1_2.csv
383,2,2,0,Reader_1_3.csv
383,1,0,1,Reader_1_4.csv
383,0,0,0,Reader_1_5.csv
383,0,0,0,Reader_1_6.csv
383,0,0,0,Reader_1_7.csv
383,0,0,0,Reader_1_8.csv
383,0,0,0,Reader_1_9.csv
383,0,0,0,Reader_2_1.csv
383,0,0,0,Reader_2_10.csv
383,0,0,0,Reader_2_11.csv
383,2,1,1,Reader_2_12.csv
383,7,7,0,Reader_2_2.csv
383,4,3,1,Reader_2_3.csv
383,0,0,0,Reader_2_4.csv
383,1,1,0,Reader_2_5.csv
383,3,3,0,Reader_2_6.csv
383,0,0,0,Reader_2_7.csv
383,0,0,0,Reader_2_8.csv
383,1,1,0,Reader_2_9.csv
383,6,6,0,reader_3_1.csv
383,45,42,3,Reader_3_2.csv
383,7,4,3,Reader_3_3.csv
383,7,4,3,Reader_3_4.csv
383,7,5,2,Reader_3_5.csv
383,5,5,0,Reader_3_6.csv
383,2,1,1,Reader_3_7.csv
384,7,7,0,Reader_1_1.csv
384,0,0,0,Reader_1_10.csv
384,3,3,0,Reader_1_11.csv
384,0,0,0,Reader_1_12.csv
384,1,1,0,Reader_1_2.csv
384,2,2,0,Reader_1_3.csv
384,1,0,1,Reader_1_4.csv
384,0,0,0,Reader_1_5.csv
384,0,0,0,Reader_1_6.csv
384,0,0,0,Reader_1_7.csv
384,0,0,0,Reader_1_8.csv
384,0,0,0,Reader_1_9.csv
384,0,0,0,Reader_2_1.csv
384,0,0,0,Reader_2_10.csv
384,0,0,0,Reader_2_11.csv
384,2,1,1,Reader_2_12.csv
384,5,5,0,Reader_2_2.csv
384,3,2,1,Reader_2_3.csv
384,0,0,0,Reader_2_4.csv
384,0,0,0,Reader_2_5.csv
384,5,5,0,Reader_2_6.csv
384,0,0,0,Reader_2_7.csv
384,0,0,0,Reader_2_8.csv
384,1,1,0,Reader_2_9.csv
384,9,9,0,reader_3_1.csv
384,48,45,3,Reader_3_2.csv
384,8,4,4,Reader_3_3.csv
384,8,4,4,Reader_3_4.csv
384,5,4,1,Reader_3_5.csv
384,6,6,0,Reader_3_6.csv
384,6,5,1,Reader_3_7.csv
385,9,9,0,Reader_1_1.csv
385,1,0,1,Reader_1_10.csv
385,3,3,0,Reader_1_11.csv
385,1,1,0,Reader_1_12.csv
385,1,1,0,Reader_1_2.csv
385,1,1,0,Reader_1_3.csv
385,2,1,1,Reader_1_4.csv
385,0,0,0,Reader_1_5.csv
385,0,0,0,Reader_1_6.csv
385,0,0,0,Reader_1_7.csv
385,0,0,0,Reader_1_8.csv
385,0,0,0,Reader_1_9.csv
385,1,1,0,Reader_2_1.csv
385,0,0,0,Reader_2_10.csv
385,0,0,0,Reader_2_11.csv
385,1,0,1,Reader_2_12.csv
385,7,7,0,Reader_2_2.csv
385,2,1,1,Reader_2_3.csv
385,0,0,0,Reader_2_4.csv
385,0,0,0,Reader_2_5.csv
385,7,6,1,Reader_2_6.csv
385,0,0,0,Reader_2_7.csv
385,0,0,0,Reader_2_8.csv
385,1,1,0,Reader_2_9.csv
385,10,9,1,reader_3_1.csv
385,53,47,6,Reader_3_2.csv
385,8,4,4,Reader_3_3.csv
385,8,4,4,Reader_3_4.csv
385,5,4,1,Reader_3_5.csv
385,5,5,0,Reader_3_6.csv
385,6,5,1,Reader_3_7.csv
386,9,9,0,Reader_1_1.csv
386,1,0,1,Reader_1_10.csv
386,3,3,0,Reader_1_11.csv
386,1,1,0,Reader_1_12.csv
386,1,1,0,Reader_1_2.csv
386,1,1,0,Reader_1_3.csv
386,2,1,1,Reader_1_4.csv
386,0,0,0,Reader_1_5.csv
386,0,0,0,Reader_1_6.csv
386,0,0,0,Reader_1_7.csv
386,0,0,0,Reader_1_8.csv
386,0,0,0,Reader_1_9.csv
386,1,1,0,Reader_2_1.csv
386,0,0,0,Reader_2_10.csv
386,0,0,0,Reader_2_11.csv
386,3,2,1,Reader_2_12.csv
386,6,6,0,Reader_2_2.csv
386,2,1,1,Reader_2_3.csv
386,0,0,0,Reader_2_4.csv
386,0,0,0,Reader_2_5.csv
386,7,6,1,Reader_2_6.csv
386,0,0,0,Reader_2_7.csv
386,0,0,0,Reader_2_8.csv
386,1,1,0,Reader_2_9.csv
386,12,11,1,reader_3_1.csv
386,57,51,6,Reader_3_2.csv
386,6,3,3,Reader_3_3.csv
386,6,3,3,Reader_3_4.csv
386,5,4,1,Reader_3_5.csv
386,6,6,0,Reader_3_6.csv
386,6,5,1,Reader_3_7.csv
387,8,8,0,Reader_1_1.csv
387,1,0,1,Reader_1_10.csv
387,2,2,0,Reader_1_11.csv
387,1,1,0,Reader_1_12.csv
387,0,0,0,Reader_1_2.csv
387,1,1,0,Reader_1_3.csv
387,2,1,1,Reader_1_4.csv
387,0,0,0,Reader_1_5.csv
387,0,0,0,Reader_1_6.csv
387,0,0,0,Reader_1_7.csv
387,0,0,0,Reader_1_8.csv
387,0,0,0,Reader_1_9.csv
387,2,2,0,Reader_2_1.csv
387,0,0,0,Reader_2_10.csv
387,0,0,0,Reader_2_11.csv
387,4,3,1,Reader_2_12.csv
387,6,6,0,Reader_2_2.csv
387,2,1,1,Reader_2_3.csv
387,0,0,0,Reader_2_4.csv
387,1,1,0,Reader_2_5.csv
387,9,8,1,Reader_2_6.csv
387,0,0,0,Reader_2_7.csv
387,0,0,0,Reader_2_8.csv
387,1,1,0,Reader_2_9.csv
387,13,12,1,reader_3_1.csv
387,59,52,7,Reader_3_2.csv
387,6,4,2,Reader_3_3.csv
387,6,4,2,Reader_3_4.csv
387,8,6,2,Reader_3_5.csv
387,7,7,0,Reader_3_6.csv
387,6,6,0,Reader_3_7.csv
388,10,10,0,Reader_1_1.csv
388,1,0,1,Reader_1_10.csv
388,3,3,0,Reader_1_11.csv
388,1,1,0,Reader_1_12.csv
388,0,0,0,Reader_1_2.csv
388,1,1,0,Reader_1_3.csv
388,2,1,1,Reader_1_4.csv
388,0,0,0,Reader_1_5.csv
388,0,0,0,Reader_1_6.csv
388,0,0,0,Reader_1_7.csv
388,0,0,0,Reader_1_8.csv
388,0,0,0,Reader_1_9.csv
388,2,2,0,Reader_2_1.csv
388,0,0,0,Reader_2_10.csv
388,0,0,0,Reader_2_11.csv
388,4,3,1,Reader_2_12.csv
388,6,6,0,Reader_2_2.csv
388,2,1,1,Reader_2_3.csv
388,0,0,0,Reader_2_4.csv
388,1,1,0,Reader_2_5.csv
388,8,7,1,Reader_2_6.csv
388,0,0,0,Reader_2_7.csv
388,0,0,0,Reader_2_8.csv
388,1,1,0,Reader_2_9.csv
388,16,14,2,reader_3_1.csv
388,59,51,8,Reader_3_2.csv
388,4,2,2,Reader_3_3.csv
388,4,2,2,Reader_3_4.csv
388,7,6,1,Reader_3_5.csv
388,7,7,0,Reader_3_6.csv
388,7,6,1,Reader_3_7.csv
389,9,9,0,Reader_1_1.csv
389,1,0,1,Reader_1_10.csv
389,4,4,0,Reader_1_11.csv
389,2,2,0,Reader_1_12.csv
389,0,0,0,Reader_1_2.csv
389,0,0,0,Reader_1_3.csv
389,2,1,1,Reader_1_4.csv
389,0,0,0,Reader_1_5.csv
389,0,0,0,Reader_1_6.csv
389,0,0,0,Reader_1_7.csv
389,0,0,0,Reader_1_8.csv
389,0,0,0,Reader_1_9.csv
389,3,3,0,Reader_2_1.csv
389,0,0,0,Reader_2_10.csv
389,0,0,0,Reader_2_11.csv
389,3,3,0,Reader_2_12.csv
389,6,6,0,Reader_2_2.csv
389,2,1,1,Reader_2_3.csv
389,0,0,0,Reader_2_4.csv
389,1,1,0,Reader_2_5.csv
389,7,6,1,Reader_2_6.csv
389,0,0,0,Reader_2_7.csv
389,0,0,0,Reader_2_8.csv
389,0,0,0,Reader_2_9.csv
389,17,14,3,reader_3_1.csv
389,56,49,7,Reader_3_2.csv
389,4,2,2,Reader_3_3.csv
389,4,2,2,Reader_3_4.csv
389,6,5,1,Reader_3_5.csv
389,8,8,0,Reader_3_6.csv
389,7,6,1,Reader_3_7.csv
390,10,10,0,Reader_1_1.csv
390,1,0,1,Reader_1_10.csv
390,3,3,0,Reader_1_11.csv
390,2,2,0,Reader_1_12.csv
390,0,0,0,Reader_1_2.csv
390,0,0,0,Reader_1_3.csv
390,1,1,0,Reader_1_4.csv
390,0,0,0,Reader_1_5.csv
390,0,0,0,Reader_1_6.csv
390,0,0,0,Reader_1_7.csv
390,0,0,0,Reader_1_8.csv
390,0,0,0,Reader_1_9.csv
390,4,4,0,Reader_2_1.csv
390,0,0,0,Reader_2_10.csv
390,0,0,0,Reader_2_11.csv
390,3,3,0,Reader_2_12.csv
390,7,7,0,Reader_2_2.csv
390,1,0,1,Reader_2_3.csv
390,0,0,0,Reader_2_4.csv
390,1,1,0,Reader_2_5.csv
390,7,6,1,Reader_2_6.csv
390,0,0,0,Reader_2_7.csv
390,0,0,0,Reader_2_8.csv
390,0,0,0,Reader_2_9.csv
390,19,16,3,reader_3_1.csv
390,54,46,8,Reader_3_2.csv
390,4,2,2,Reader_3_3.csv
390,4,2,2,Reader_3_4.csv
390,5,4,1,Reader_3_5.csv
390,8,8,0,Reader_3_6.csv
390,7,6,1,Reader_3_7.csv
391,9,9,0,Reader_1_1.csv
391,1,0,1,Reader_1_10.csv
391,3,3,0,Reader_1_11.csv
391,2,2,0,Reader_1_12.csv
391,0,0,0,Reader_1_2.csv
391,0,0,0,Reader_1_3.csv
391,1,1,0,Reader_1_4.csv
391,0,0,0,Reader_1_5.csv
391,0,0,0,Reader_1_6.csv
391,0,0,0,Reader_1_7.csv
391,1,0,1,Reader_1_8.csv
391,0,0,0,Reader_1_9.csv
391,4,4,0,Reader_2_1.csv
391,0,0,0,Reader_2_10.csv
391,0,0,0,Reader_2_11.csv
391,3,3,0,Reader_2_12.csv
391,5,5,0,Reader_2_2.csv
391,0,0,0,Reader_2_3.csv
391,0,0,0,Reader_2_4.csv
391,2,2,0,Reader_2_5.csv
391,6,5,1,Reader_2_6.csv
391,0,0,0,Reader_2_7.csv
391,0,0,0,Reader_2_8.csv
391,0,0,0,Reader_2_9.csv
391,18,15,3,reader_3_1.csv
391,47,41,6,Reader_3_2.csv
391,3,1,2,Reader_3_3.csv
391,3,1,2,Reader_3_4.csv
391,5,4,1,Reader_3_5.csv
391,8,8,0,Reader_3_6.csv
391,7,6,1,Reader_3_7.csv
392,9,9,0,Reader_1_1.csv
392,1,0,1,Reader_1_10.csv
392,3,3,0,Reader_1_11.csv
392,2,2,0,Reader_1_12.csv
392,0,0,0,Reader_1_2.csv
392,1,0,1,Reader_1_3.csv
392,1,1,0,Reader_1_4.csv
392,0,0,0,Reader_1_5.csv
392,0,0,0,Reader_1_6.csv
392,0,0,0,Reader_1_7.csv
392,1,0,1,Reader_1_8.csv
392,0,0,0,Reader_1_9.csv
392,5,5,0,Reader_2_1.csv
392,0,0,0,Reader_2_10.csv
392,1,1,0,Reader_2_11.csv
392,4,4,0,Reader_2_12.csv
392,6,6,0,Reader_2_2.csv
392,0,0,0,Reader_2_3.csv
392,0,0,0,Reader_2_4.csv
392,3,3,0,Reader_2_5.csv
392,6,3,3,Reader_2_6.csv
392,0,0,0,Reader_2_7.csv
392,0,0,0,Reader_2_8.csv
392,1,1,0,Reader_2_9.csv
392,16,12,4,reader_3_1.csv
392,40,33,7,Reader_3_2.csv
392,2,1,1,Reader_3_3.csv
392,2,1,1,Reader_3_4.csv
392,5,4,1,Reader_3_5.csv
392,7,7,0,Reader_3_6.csv
392,3,2,1,Reader_3_7.csv
393,8,7,1,Reader_1_1.csv
393,0,0,0,Reader_1_10.csv
393,3,3,0,Reader_1_11.csv
393,1,1,0,Reader_1_12.csv
393,0,0,0,Reader_1_2.csv
393,2,0,2,Reader_1_3.csv
393,0,0,0,Reader_1_4.csv
393,0,0,0,Reader_1_5.csv
393,0,0,0,Reader_1_6.csv
393,0,0,0,Reader_1_7.csv
393,1,0,1,Reader_1_8.csv
393,0,0,0,Reader_1_9.csv
393,4,4,0,Reader_2_1.csv
393,0,0,0,Reader_2_10.csv
393,1,1,0,Reader_2_11.csv
393,5,5,0,Reader_2_12.csv
393,4,4,0,Reader_2_2.csv
393,0,0,0,Reader_2_3.csv
393,0,0,0,Reader_2_4.csv
393,3,3,0,Reader_2_5.csv
393,4,2,2,Reader_2_6.csv
393,0,0,0,Reader_2_7.csv
393,0,0,0,Reader_2_8.csv
393,1,1,0,Reader_2_9.csv
393,14,11,3,reader_3_1.csv
393,36,32,4,Reader_3_2.csv
393,2,2,0,Reader_3_3.csv
393,2,2,0,Reader_3_4.csv
393,7,6,1,Reader_3_5.csv
393,6,6,0,Reader_3_6.csv
393,4,3,1,Reader_3_7.csv
394,9,8,1,Reader_1_1.csv
394,0,0,0,Reader_1_10.csv
394,3,3,0,Reader_1_11.csv
394,1,1,0,Reader_1_12.csv
394,0,0,0,Reader_1_2.csv
394,2,0,2,Reader_1_3.csv
394,0,0,0,Reader_1_4.csv
394,0,0,0,Reader_1_5.csv
394,1,1,0,Reader_1_6.csv
394,0,0,0,Reader_1_7.csv
394,1,0,1,Reader_1_8.csv
394,0,0,0,Reader_1_9.csv
394,4,4,0,Reader_2_1.csv
394,0,0,0,Reader_2_10.csv
394,1,1,0,Reader_2_11.csv
394,3,3,0,Reader_2_12.csv
394,6,6,0,Reader_2_2.csv
394,1,1,0,Reader_2_3.csv
394,0,0,0,Reader_2_4.csv
394,3,3,0,Reader_2_5.csv
394,4,2,2,Reader_2_6.csv
394,0,0,0,Reader_2_7.csv
394,0,0,0,Reader_2_8.csv
394,1,1,0,Reader_2_9.csv
394,15,11,4,reader_3_1.csv
394,30,26,4,Reader_3_2.csv
394,2,2,0,Reader_3_3.csv
394,2,2,0,Reader_3_4.csv
394,7,6,1,Reader_3_5.csv
394,6,6,0,Reader_3_6.csv
394,5,3,2,Reader_3_7.csv
395,8,7,1,Reader_1_1.csv
395,0,0,0,Reader_1_10.csv
395,3,3,0,Reader_1_11.csv
395,1,1,0,Reader_1_12.csv
395,0,0,0,Reader_1_2.csv
395,2,0,2,Reader_1_3.csv
395,0,0,0,Reader_1_4.csv
395,0,0,0,Reader_1_5.csv
395,1,1,0,Reader_1_6.csv
395,0,0,0,Reader_1_7.csv
395,1,0,1,Reader_1_8.csv
395,0,0,0,Reader_1_9.csv
395,4,4,0,Reader_2_1.csv
395,0,0,0,Reader_2_10.csv
395,1,1,0,Reader_2_11.csv
395,2,2,0,Reader_2_12.csv
395,8,8,0,Reader_2_2.csv
395,1,1,0,Reader_2_3.csv
395,0,0,0,Reader_2_4.csv
395,2,2,0,Reader_2_5.csv
395,2,0,2,Reader_2_6.csv
395,0,0,0,Reader_2_7.csv
395,0,0,0,Reader_2_8.csv
395,1,1,0,Reader_2_9.csv
395,15,11,4,reader_3_1.csv
395,29,26,3,Reader_3_2.csv
395,1,1,0,Reader_3_3.csv
395,1,1,0,Reader_3_4.csv
395,4,4,0,Reader_3_5.csv
395,3,3,0,Reader_3_6.csv
395,6,3,3,Reader_3_7.csv
396,5,4,1,Reader_1_1.csv
396,0,0,0,Reader_1_10.csv
396,2,2,0,Reader_1_11.csv
396,1,1,0,Reader_1_12.csv
396,0,0,0,Reader_1_2.csv
396,2,0,2,Reader_1_3.csv
396,0,0,0,Reader_1_4.csv
396,0,0,0,Reader_1_5.csv
396,1,1,0,Reader_1_6.csv
396,0,0,0,Reader_1_7.csv
396,1,0,1,Reader_1_8.csv
396,0,0,0,Reader_1_9.csv
396,4,4,0,Reader_2_1.csv
396,0,0,0,Reader_2_10.csv
396,1,1,0,Reader_2_11.csv
396,2,2,0,Reader_2_12.csv
396,8,8,0,Reader_2_2.csv
396,1,1,0,Reader_2_3.csv
396,0,0,0,Reader_2_4.csv
396,2,2,0,Reader_2_5.csv
396,2,0,2,Reader_2_6.csv
396,0,0,0,Reader_2_7.csv
396,0,0,0,Reader_2_8.csv
396,1,1,0,Reader_2_9.csv
396,15,10,5,reader_3_1.csv
396,26,24,2,Reader_3_2.csv
396,1,1,0,Reader_3_3.csv
396,1,1,0,Reader_3_4.csv
396,3,3,0,Reader_3_5.csv
396,3,3,0,Reader_3_6.csv
396,7,5,2,Reader_3_7.csv
397,6,5,1,Reader_1_1.csv
397,0,0,0,Reader_1_10.csv
397,1,1,0,Reader_1_11.csv
397,1,1,0,Reader_1_12.csv
397,0,0,0,Reader_1_2.csv
397,2,0,2,Reader_1_3.csv
397,0,0,0,Reader_1_4.csv
397,0,0,0,Reader_1_5.csv
397,1,1,0,Reader_1_6.csv
397,0,0,0,Reader_1_7.csv
397,1,0,1,Reader_1_8.csv
397,0,0,0,Reader_1_9.csv
397,5,3,2,Reader_2_1.csv
397,0,0,0,Reader_2_10.csv
397,1,1,0,Reader_2_11.csv
397,2,2,0,Reader_2_12.csv
397,8,8,0,Reader_2_2.csv
397,2,2,0,Reader_2_3.csv
397,0,0,0,Reader_2_4.csv
397,2,2,0,Reader_2_5.csv
397,2,0,2,Reader_2_6.csv
397,1,0,1,Reader_2_7.csv
397,0,0,0,Reader_2_8.csv
397,1,1,0,Reader_2_9.csv
397,17,12,5,reader_3_1.csv
397,26,23,3,Reader_3_2.csv
397,1,1,0,Reader_3_3.csv
397,1,1,0,Reader_3_4.csv
397,3,3,0,Reader_3_5.csv
397,2,2,0,Reader_3_6.csv
397,7,5,2,Reader_3_7.csv
398,5,4,1,Reader_1_1.csv
398,0,0,0,Reader_1_10.csv
398,0,0,0,Reader_1_11.csv
398,1,1,0,Reader_1_12.csv
398,0,0,0,Reader_1_2.csv
398,2,0,2,Reader_1_3.csv
398,0,0,0,Reader_1_4.csv
398,0,0,0,Reader_1_5.csv
398,1,1,0,Reader_1_6.csv
398,0,0,0,Reader_1_7.csv
398,1,0,1,Reader_1_8.csv
398,0,0,0,Reader_1_9.csv
398,4,2,2,Reader_2_1.csv
398,0,0,0,Reader_2_10.csv
398,1,1,0,Reader_2_11.csv
398,4,4,0,Reader_2_12.csv
398,7,7,0,Reader_2_2.csv
398,2,2,0,Reader_2_3.csv
398,0,0,0,Reader_2_4.csv
398,3,3,0,Reader_2_5.csv
398,2,0,2,Reader_2_6.csv
398,1,0,1,Reader_2_7.csv
398,0,0,0,Reader_2_8.csv
398,1,1,0,Reader_2_9.csv
398,17,11,6,reader_3_1.csv
398,22,20,2,Reader_3_2.csv
398,1,1,0,Reader_3_3.csv
398,1,1,0,Reader_3_4.csv
398,7,7,0,Reader_3_5.csv
398,2,2,0,Reader_3_6.csv
398,7,5,2,Reader_3_7.csv
399,9,7,2,Reader_1_1.csv
399,0,0,0,Reader_1_10.csv
399,0,0,0,Reader_1_11.csv
399,1,1,0,Reader_1_12.csv
399,0,0,0,Reader_1_2.csv
399,2,0,2,Reader_1_3.csv
399,0,0,0,Reader_1_4.csv
399,0,0,0,Reader_1_5.csv
399,1,1,0,Reader_1_6.csv
399,0,0,0,Reader_1_7.csv
399,0,0,0,Reader_1_8.csv
399,0,0,0,Reader_1_9.csv
399,5,3,2,Reader_2_1.csv
399,0,0,0,Reader_2_10.csv
399,1,1,0,Reader_2_11.csv
399,4,4,0,Reader_2_12.csv
399,7,7,0,Reader_2_2.csv
399,2,2,0,Reader_2_3.csv
399,0,0,0,Reader_2_4.csv
399,2,2,0,Reader_2_5.csv
399,2,0,2,Reader_2_6.csv
399,1,0,1,Reader_2_7.csv
399,0,0,0,Reader_2_8.csv
399,1,1,0,Reader_2_9.csv
399,17,11,6,reader_3_1.csv
399,25,23,2,Reader_3_2.csv
399,1,1,0,Reader_3_3.csv
399,1,1,0,Reader_3_4.csv
399,7,7,0,Reader_3_5.csv
399,3,3,0,Reader_3_6.csv
399,8,6,2,Reader_3_7.csv
400,11,8,3,Reader_1_1.csv
400,0,0,0,Reader_1_10.csv
400,0,0,0,Reader_1_11.csv
400,1,1,0,Reader_1_12.csv
400,1,1,0,Reader_1_2.csv
400,1,0,1,Reader_1_3.csv
400,0,0,0,Reader_1_4.csv
400,0,0,0,Reader_1_5.csv
400,1,1,0,Reader_1_6.csv
400,0,0,0,Reader_1_7.csv
400,0,0,0,Reader_1_8.csv
400,0,0,0,Reader_1_9.csv
400,5,2,3,Reader_2_1.csv
400,0,0,0,Reader_2_10.csv
400,1,1,0,Reader_2_11.csv
400,3,3,0,Reader_2_12.csv
400,6,6,0,Reader_2_2.csv
400,2,2,0,Reader_2_3.csv
400,0,0,0,Reader_2_4.csv
400,1,1,0,Reader_2_5.csv
400,0,0,0,Reader_2_6.csv
400,3,2,1,Reader_2_7.csv
400,0,0,0,Reader_2_8.csv
400,0,0,0,Reader_2_9.csv
400,20,14,6,reader_3_1.csv
400,22,21,1,Reader_3_2.csv
400,2,2,0,Reader_3_3.csv
400,2,2,0,Reader_3_4.csv
400,8,8,0,Reader_3_5.csv
400,3,3,0,Reader_3_6.csv
400,8,6,2,Reader_3_7.csv
401,10,8,2,Reader_1_1.csv
401,0,0,0,Reader_1_10.csv
401,0,0,0,Reader_1_11.csv
401,1,1,0,Reader_1_12.csv
401,1,1,0,Reader_1_2.csv
401,0,0,0,Reader_1_3.csv
401,0,0,0,Reader_1_4.csv
401,0,0,0,Reader_1_5.csv
401,1,1,0,Reader_1_6.csv
401,0,0,0,Reader_1_7.csv
401,0,0,0,Reader_1_8.csv
401,0,0,0,Reader_1_9.csv
401,5,2,3,Reader_2_1.csv
401,0,0,0,Reader_2_10.csv
401,1,1,0,Reader_2_11.csv
401,3,3,0,Reader_2_12.csv
401,6,6,0,Reader_2_2.csv
401,2,2,0,Reader_2_3.csv
401,0,0,0,Reader_2_4.csv
401,2,2,0,Reader_2_5.csv
401,0,0,0,Reader_2_6.csv
401,3,2,1,Reader_2_7.csv
401,0,0,0,Reader_2_8.csv
401,0,0,0,Reader_2_9.csv
401,20,14,6,reader_3_1.csv
401,20,19,1,Reader_3_2.csv
401,1,1,0,Reader_3_3.csv
401,1,1,0,Reader_3_4.csv
401,8,8,0,Reader_3_5.csv
401,4,4,0,Reader_3_6.csv
401,7,5,2,Reader_3_7.csv
402,10,8,2,Reader_1_1.csv
402,0,0,0,Reader_1_10.csv
402,1,1,0,Reader_1_11.csv
402,2,1,1,Reader_1_12.csv
402,1,1,0,Reader_1_2.csv
402,0,0,0,Reader_1_3.csv
402,1,1,0,Reader_1_4.csv
402,0,0,0,Reader_1_5.csv
402,0,0,0,Reader_1_6.csv
402,0,0,0,Reader_1_7.csv
402,0,0,0,Reader_1_8.csv
402,0,0,0,Reader_1_9.csv
402,6,2,4,Reader_2_1.csv
402,0,0,0,Reader_2_10.csv
402,1,1,0,Reader_2_11.csv
402,3,3,0,Reader_2_12.csv
402,4,4,0,Reader_2_2.csv
402,1,1,0,Reader_2_3.csv
402,0,0,0,Reader_2_4.csv
402,2,2,0,Reader_2_5.csv
402,0,0,0,Reader_2_6.csv
402,3,2,1,Reader_2_7.csv
402,0,0,0,Reader_2_8.csv
402,0,0,0,Reader_2_9.csv
402,18,12,6,reader_3_1.csv
402,22,20,2,Reader_3_2.csv
402,2,2,0,Reader_3_3.csv
402,2,2,0,Reader_3_4.csv
402,11,9,2,Reader_3_5.csv
402,3,3,0,Reader_3_6.csv
402,5,4,1,Reader_3_7.csv
403,10,8,2,Reader_1_1.csv
403,0,0,0,Reader_1_10.csv
403,1,1,0,Reader_1_11.csv
403,2,1,1,Reader_1_12.csv
403,1,1,0,Reader_1_2.csv
403,1,0,1,Reader_1_3.csv
403,1,1,0,Reader_1_4.csv
403,0,0,0,Reader_1_5.csv
403,0,0,0,Reader_1_6.csv
403,0,0,0,Reader_1_7.csv
403,0,0,0,Reader_1_8.csv
403,0,0,0,Reader_1_9.csv
403,7,2,5,Reader_2_1.csv
403,0,0,0,Reader_2_10.csv
403,1,1,0,Reader_2_11.csv
403,3,3,0,Reader_2_12.csv
403,4,4,0,Reader_2_2.csv
403,4,1,3,Reader_2_3.csv
403,0,0,0,Reader_2_4.csv
403,2,2,0,Reader_2_5.csv
403,0,0,0,Reader_2_6.csv
403,4,2,2,Reader_2_7.csv
403,0,0,0,Reader_2_8.csv
403,0,0,0,Reader_2_9.csv
403,19,11,8,reader_3_1.csv
403,20,18,2,Reader_3_2.csv
403,2,2,0,Reader_3_3.csv
403,2,2,0,Reader_3_4.csv
403,11,9,2,Reader_3_5.csv
403,4,3,1,Reader_3_6.csv
403,3,3,0,Reader_3_7.csv
404,10,8,2,Reader_1_1.csv
404,0,0,0,Reader_1_10.csv
404,1,1,0,Reader_1_11.csv
404,2,1,1,Reader_1_12.csv
404,1,1,0,Reader_1_2.csv
404,2,1,1,Reader_1_3.csv
404,1,1,0,Reader_1_4.csv
404,0,0,0,Reader_1_5.csv
404,0,0,0,Reader_1_6.csv
404,0,0,0,Reader_1_7.csv
404,0,0,0,Reader_1_8.csv
404,0,0,0,Reader_1_9.csv
404,7,2,5,Reader_2_1.csv
404,0,0,0,Reader_2_10.csv
404,1,1,0,Reader_2_11.csv
404,3,3,0,Reader_2_12.csv
404,5,5,0,Reader_2_2.csv
404,5,2,3,Reader_2_3.csv
404,0,0,0,Reader_2_4.csv
404,2,2,0,Reader_2_5.csv
404,0,0,0,Reader_2_6.csv
404,5,3,2,Reader_2_7.csv
404,0,0,0,Reader_2_8.csv
404,0,0,0,Reader_2_9.csv
404,17,10,7,reader_3_1.csv
404,17,15,2,Reader_3_2.csv
404,3,3,0,Reader_3_3.csv
404,3,3,0,Reader_3_4.csv
404,12,10,2,Reader_3_5.csv
404,4,3,1,Reader_3_6.csv
404,3,3,0,Reader_3_7.csv
405,9,7,2,Reader_1_1.csv
405,0,0,0,Reader_1_10.csv
405,1,1,0,Reader_1_11.csv
405,1,0,1,Reader_1_12.csv
405,1,1,0,Reader_1_2.csv
405,2,1,1,Reader_1_3.csv
405,1,1,0,Reader_1_4.csv
405,0,0,0,Reader_1_5.csv
405,0,0,0,Reader_1_6.csv
405,0,0,0,Reader_1_7.csv
405,0,0,0,Reader_1_8.csv
405,0,0,0,Reader_1_9.csv
405,5,2,3,Reader_2_1.csv
405,0,0,0,Reader_2_10.csv
405,1,1,0,Reader_2_11.csv
405,3,3,0,Reader_2_12.csv
405,5,5,0,Reader_2_2.csv
405,4,1,3,Reader_2_3.csv
405,0,0,0,Reader_2_4.csv
405,2,2,0,Reader_2_5.csv
405,0,0,0,Reader_2_6.csv
405,4,3,1,Reader_2_7.csv
405,0,0,0,Reader_2_8.csv
405,0,0,0,Reader_2_9.csv
405,14,8,6,reader_3_1.csv
405,15,12,3,Reader_3_2.csv
405,3,3,0,Reader_3_3.csv
405,3,3,0,Reader_3_4.csv
405,12,10,2,Reader_3_5.csv
405,4,3,1,Reader_3_6.csv
405,4,4,0,Reader_3_7.csv
406,9,7,2,Reader_1_1.csv
406,0,0,0,Reader_1_10.csv
406,1,1,0,Reader_1_11.csv
406,1,0,1,Reader_1_12.csv
406,1,1,0,Reader_1_2.csv
406,2,1,1,Reader_1_3.csv
406,1,1,0,Reader_1_4.csv
406,0,0,0,Reader_1_5.csv
406,0,0,0,Reader_1_6.csv
406,0,0,0,Reader_1_7.csv
406,0,0,0,Reader_1_8.csv
406,0,0,0,Reader_1_9.csv
406,5,2,3,Reader_2_1.csv
406,0,0,0,Reader_2_10.csv
406,1,1,0,Reader_2_11.csv
406,1,1,0,Reader_2_12.csv
406,5,4,1,Reader_2_2.csv
406,4,1,3,Reader_2_3.csv
406,0,0,0,Reader_2_4.csv
406,1,1,0,Reader_2_5.csv
406,0,0,0,Reader_2_6.csv
406,4,3,1,Reader_2_7.csv
406,0,0,0,Reader_2_8.csv
406,0,0,0,Reader_2_9.csv
406,11,6,5,reader_3_1.csv
406,14,11,3,Reader_3_2.csv
406,3,3,0,Reader_3_3.csv
406,3,3,0,Reader_3_4.csv
406,10,8,2,Reader_3_5.csv
406,4,3,1,Reader_3_6.csv
406,4,4,0,Reader_3_7.csv
407,5,4,1,Reader_1_1.csv
407,0,0,0,Reader_1_10.csv
407,2,2,0,Reader_1_11.csv
407,1,0,1,Reader_1_12.csv
407,1,1,0,Reader_1_2.csv
407,2,1,1,Reader_1_3.csv
407,1,1,0,Reader_1_4.csv
407,0,0,0,Reader_1_5.csv
407,0,0,0,Reader_1_6.csv
407,0,0,0,Reader_1_7.csv
407,0,0,0,Reader_1_8.csv
407,0,0,0,Reader_1_9.csv
407,5,1,4,Reader_2_1.csv
407,0,0,0,Reader_2_10.csv
407,1,1,0,Reader_2_11.csv
407,2,2,0,Reader_2_12.csv
407,6,5,1,Reader_2_2.csv
407,5,2,3,Reader_2_3.csv
407,0,0,0,Reader_2_4.csv
407,1,1,0,Reader_2_5.csv
407,0,0,0,Reader_2_6.csv
407,4,3,1,Reader_2_7.csv
407,0,0,0,Reader_2_8.csv
407,0,0,0,Reader_2_9.csv
407,12,6,6,reader_3_1.csv
407,13,9,4,Reader_3_2.csv
407,3,3,0,Reader_3_3.csv
407,3,3,0,Reader_3_4.csv
407,11,9,2,Reader_3_5.csv
407,3,2,1,Reader_3_6.csv
407,4,3,1,Reader_3_7.csv
408,2,2,0,Reader_1_1.csv
408,0,0,0,Reader_1_10.csv
408,2,2,0,Reader_1_11.csv
408,1,0,1,Reader_1_12.csv
408,0,0,0,Reader_1_2.csv
408,3,1,2,Reader_1_3.csv
408,2,2,0,Reader_1_4.csv
408,0,0,0,Reader_1_5.csv
408,0,0,0,Reader_1_6.csv
408,0,0,0,Reader_1_7.csv
408,0,0,0,Reader_1_8.csv
408,0,0,0,Reader_1_9.csv
408,6,2,4,Reader_2_1.csv
408,0,0,0,Reader_2_10.csv
408,0,0,0,Reader_2_11.csv
408,2,2,0,Reader_2_12.csv
408,6,5,1,Reader_2_2.csv
408,7,4,3,Reader_2_3.csv
408,0,0,0,Reader_2_4.csv
408,2,2,0,Reader_2_5.csv
408,0,0,0,Reader_2_6.csv
408,3,2,1,Reader_2_7.csv
408,0,0,0,Reader_2_8.csv
408,0,0,0,Reader_2_9.csv
408,7,2,5,reader_3_1.csv
408,17,13,4,Reader_3_2.csv
408,4,4,0,Reader_3_3.csv
408,4,4,0,Reader_3_4.csv
408,13,10,3,Reader_3_5.csv
408,3,2,1,Reader_3_6.csv
408,4,3,1,Reader_3_7.csv
409,3,2,1,Reader_1_1.csv
409,0,0,0,Reader_1_10.csv
409,2,2,0,Reader_1_11.csv
409,1,0,1,Reader_1_12.csv
409,0,0,0,Reader_1_2.csv
409,3,1,2,Reader_1_3.csv
409,3,3,0,Reader_1_4.csv
409,0,0,0,Reader_1_5.csv
409,0,0,0,Reader_1_6.csv
409,0,0,0,Reader_1_7.csv
409,0,0,0,Reader_1_8.csv
409,0,0,0,Reader_1_9.csv
409,7,3,4,Reader_2_1.csv
409,0,0,0,Reader_2_10.csv
409,0,0,0,Reader_2_11.csv
409,1,1,0,Reader_2_12.csv
409,5,4,1,Reader_2_2.csv
409,7,4,3,Reader_2_3.csv
409,0,0,0,Reader_2_4.csv
409,1,1,0,Reader_2_5.csv
409,0,0,0,Reader_2_6.csv
409,3,2,1,Reader_2_7.csv
409,0,0,0,Reader_2_8.csv
409,0,0,0,Reader_2_9.csv
409,7,2,5,reader_3_1.csv
409,18,11,7,Reader_3_2.csv
409,4,4,0,Reader_3_3.csv
409,4,4,0,Reader_3_4.csv
409,13,9,4,Reader_3_5.csv
409,2,1,1,Reader_3_6.csv
409,6,4,2,Reader_3_7.csv
410,1,0,1,Reader_1_1.csv
410,0,0,0,Reader_1_10.csv
410,1,1,0,Reader_1_11.csv
410,0,0,0,Reader_1_12.csv
410,2,2,0,Reader_1_2.csv
410,3,1,2,Reader_1_3.csv
410,2,2,0,Reader_1_4.csv
410,0,0,0,Reader_1_5.csv
410,0,0,0,Reader_1_6.csv
410,0,0,0,Reader_1_7.csv
410,0,0,0,Reader_1_8.csv
410,0,0,0,Reader_1_9.csv
410,6,3,3,Reader_2_1.csv
410,0,0,0,Reader_2_10.csv
410,0,0,0,Reader_2_11.csv
410,2,2,0,Reader_2_12.csv
410,5,4,1,Reader_2_2.csv
410,7,4,3,Reader_2_3.csv
410,0,0,0,Reader_2_4.csv
410,1,1,0,Reader_2_5.csv
410,0,0,0,Reader_2_6.csv
410,3,2,1,Reader_2_7.csv
410,0,0,0,Reader_2_8.csv
410,0,0,0,Reader_2_9.csv
410,6,2,4,reader_3_1.csv
410,15,9,6,Reader_3_2.csv
410,3,3,0,Reader_3_3.csv
410,3,3,0,Reader_3_4.csv
410,11,8,3,Reader_3_5.csv
410,2,1,1,Reader_3_6.csv
410,7,5,2,Reader_3_7.csv
411,1,0,1,Reader_1_1.csv
411,0,0,0,Reader_1_10.csv
411,1,1,0,Reader_1_11.csv
411,0,0,0,Reader_1_12.csv
411,4,4,0,Reader_1_2.csv
411,2,1,1,Reader_1_3.csv
411,3,3,0,Reader_1_4.csv
411,0,0,0,Reader_1_5.csv
411,0,0,0,Reader_1_6.csv
411,1,1,0,Reader_1_7.csv
411,0,0,0,Reader_1_8.csv
411,0,0,0,Reader_1_9.csv
411,4,2,2,Reader_2_1.csv
411,0,0,0,Reader_2_10.csv
411,0,0,0,Reader_2_11.csv
411,2,2,0,Reader_2_12.csv
411,3,2,1,Reader_2_2.csv
411,4,4,0,Reader_2_3.csv
411,0,0,0,Reader_2_4.csv
411,1,1,0,Reader_2_5.csv
411,0,0,0,Reader_2_6.csv
411,2,2,0,Reader_2_7.csv
411,0,0,0,Reader_2_8.csv
411,0,0,0,Reader_2_9.csv
411,4,2,2,reader_3_1.csv
411,15,9,6,Reader_3_2.csv
411,3,3,0,Reader_3_3.csv
411,3,3,0,Reader_3_4.csv
411,12,9,3,Reader_3_5.csv
411,1,1,0,Reader_3_6.csv
411,9,5,4,Reader_3_7.csv
412,1,0,1,Reader_1_1.csv
412,0,0,0,Reader_1_10.csv
412,1,1,0,Reader_1_11.csv
412,0,0,0,Reader_1_12.csv
412,6,6,0,Reader_1_2.csv
412,1,0,1,Reader_1_3.csv
412,4,3,1,Reader_1_4.csv
412,0,0,0,Reader_1_5.csv
412,0,0,0,Reader_1_6.csv
412,1,1,0,Reader_1_7.csv
412,0,0,0,Reader_1_8.csv
412,0,0,0,Reader_1_9.csv
412,6,3,3,Reader_2_1.csv
412,0,0,0,Reader_2_10.csv
412,1,1,0,Reader_2_11.csv
412,3,3,0,Reader_2_12.csv
412,2,1,1,Reader_2_2.csv
412,4,4,0,Reader_2_3.csv
412,0,0,0,Reader_2_4.csv
412,1,1,0,Reader_2_5.csv
412,1,1,0,Reader_2_6.csv
412,1,1,0,Reader_2_7.csv
412,0,0,0,Reader_2_8.csv
412,0,0,0,Reader_2_9.csv
412,4,3,1,reader_3_1.csv
412,16,10,6,Reader_3_2.csv
412,2,2,0,Reader_3_3.csv
412,2,2,0,Reader_3_4.csv
412,10,7,3,Reader_3_5.csv
412,1,1,0,Reader_3_6.csv
412,7,3,4,Reader_3_7.csv
413,1,0,1,Reader_1_1.csv
413,0,0,0,Reader_1_10.csv
413,1,1,0,Reader_1_11.csv
413,1,1,0,Reader_1_12.csv
413,9,9,0,Reader_1_2.csv
413,4,2,2,Reader_1_3.csv
413,4,3,1,Reader_1_4.csv
413,0,0,0,Reader_1_5.csv
413,0,0,0,Reader_1_6.csv
413,1,1,0,Reader_1_7.csv
413,0,0,0,Reader_1_8.csv
413,0,0,0,Reader_1_9.csv
413,8,3,5,Reader_2_1.csv
413,0,0,0,Reader_2_10.csv
413,1,1,0,Reader_2_11.csv
413,4,3,1,Reader_2_12.csv
413,2,1,1,Reader_2_2.csv
413,5,5,0,Reader_2_3.csv
413,0,0,0,Reader_2_4.csv
413,1,1,0,Reader_2_5.csv
413,1,1,0,Reader_2_6.csv
413,1,1,0,Reader_2_7.csv
413,0,0,0,Reader_2_8.csv
413,0,0,0,Reader_2_9.csv
413,5,4,1,reader_3_1.csv
413,16,12,4,Reader_3_2.csv
413,3,3,0,Reader_3_3.csv
413,3,3,0,Reader_3_4.csv
413,11,8,3,Reader_3_5.csv
413,1,1,0,Reader_3_6.csv
413,6,2,4,Reader_3_7.csv
414,1,0,1,Reader_1_1.csv
414,0,0,0,Reader_1_10.csv
414,1,1,0,Reader_1_11.csv
414,1,1,0,Reader_1_12.csv
414,9,9,0,Reader_1_2.csv
414,5,3,2,Reader_1_3.csv
414,5,3,2,Reader_1_4.csv
414,0,0,0,Reader_1_5.csv
414,0,0,0,Reader_1_6.csv
414,1,1,0,Reader_1_7.csv
414,0,0,0,Reader_1_8.csv
414,1,1,0,Reader_1_9.csv
414,9,4,5,Reader_2_1.csv
414,0,0,0,Reader_2_10.csv
414,1,1,0,Reader_2_11.csv
414,5,4,1,Reader_2_12.csv
414,1,1,0,Reader_2_2.csv
414,5,5,0,Reader_2_3.csv
414,0,0,0,Reader_2_4.csv
414,1,1,0,Reader_2_5.csv
414,1,1,0,Reader_2_6.csv
414,1,1,0,Reader_2_7.csv
414,0,0,0,Reader_2_8.csv
414,0,0,0,Reader_2_9.csv
414,9,6,3,reader_3_1.csv
414,17,13,4,Reader_3_2.csv
414,3,3,0,Reader_3_3.csv
414,3,3,0,Reader_3_4.csv
414,9,6,3,Reader_3_5.csv
414,1,1,0,Reader_3_6.csv
414,6,2,4,Reader_3_7.csv
415,1,0,1,Reader_1_1.csv
415,0,0,0,Reader_1_10.csv
415,0,0,0,Reader_1_11.csv
415,1,1,0,Reader_1_12.csv
415,12,12,0,Reader_1_2.csv
415,5,3,2,Reader_1_3.csv
415,5,3,2,Reader_1_4.csv
415,0,0,0,Reader_1_5.csv
415,0,0,0,Reader_1_6.csv
415,1,1,0,Reader_1_7.csv
415,0,0,0,Reader_1_8.csv
415,1,1,0,Reader_1_9.csv
415,11,6,5,Reader_2_1.csv
415,0,0,0,Reader_2_10.csv
415,1,1,0,Reader_2_11.csv
415,4,3,1,Reader_2_12.csv
415,0,0,0,Reader_2_2.csv
415,4,4,0,Reader_2_3.csv
415,0,0,0,Reader_2_4.csv
415,1,1,0,Reader_2_5.csv
415,1,1,0,Reader_2_6.csv
415,1,1,0,Reader_2_7.csv
415,0,0,0,Reader_2_8.csv
415,0,0,0,Reader_2_9.csv
415,8,5,3,reader_3_1.csv
415,17,14,3,Reader_3_2.csv
415,3,3,0,Reader_3_3.csv
415,3,3,0,Reader_3_4.csv
415,9,6,3,Reader_3_5.csv
415,1,1,0,Reader_3_6.csv
415,6,3,3,Reader_3_7.csv
416,2,0,2,Reader_1_1.csv
416,0,0,0,Reader_1_10.csv
416,0,0,0,Reader_1_11.csv
416,1,1,0,Reader_1_12.csv
416,13,13,0,Reader_1_2.csv
416,4,3,1,Reader_1_3.csv
416,4,2,2,Reader_1_4.csv
416,0,0,0,Reader_1_5.csv
416,0,0,0,Reader_1_6.csv
416,1,1,0,Reader_1_7.csv
416,0,0,0,Reader_1_8.csv
416,1,1,0,Reader_1_9.csv
416,11,5,6,Reader_2_1.csv
416,0,0,0,Reader_2_10.csv
416,1,1,0,Reader_2_11.csv
416,5,4,1,Reader_2_12.csv
416,1,0,1,Reader_2_2.csv
416,3,2,1,Reader_2_3.csv
416,0,0,0,Reader_2_4.csv
416,0,0,0,Reader_2_5.csv
416,1,1,0,Reader_2_6.csv
416,0,0,0,Reader_2_7.csv
416,0,0,0,Reader_2_8.csv
416,0,0,0,Reader_2_9.csv
416,9,6,3,reader_3_1.csv
416,15,12,3,Reader_3_2.csv
416,2,2,0,Reader_3_3.csv
416,2,2,0,Reader_3_4.csv
416,7,4,3,Reader_3_5.csv
416,0,0,0,Reader_3_6.csv
416,7,4,3,Reader_3_7.csv
417,2,1,1,Reader_1_1.csv
417,0,0,0,Reader_1_10.csv
417,0,0,0,Reader_1_11.csv
417,1,1,0,Reader_1_12.csv
417,14,14,0,Reader_1_2.csv
417,4,3,1,Reader_1_3.csv
417,3,1,2,Reader_1_4.csv
417,0,0,0,Reader_1_5.csv
417,0,0,0,Reader_1_6.csv
417,1,1,0,Reader_1_7.csv
417,0,0,0,Reader_1_8.csv
417,1,1,0,Reader_1_9.csv
417,10,4,6,Reader_2_1.csv
417,0,0,0,Reader_2_10.csv
417,1,1,0,Reader_2_11.csv
417,5,4,1,Reader_2_12.csv
417,1,0,1,Reader_2_2.csv
417,3,2,1,Reader_2_3.csv
417,0,0,0,Reader_2_4.csv
417,0,0,0,Reader_2_5.csv
417,1,1,0,Reader_2_6.csv
417,0,0,0,Reader_2_7.csv
417,0,0,0,Reader_2_8.csv
417,0,0,0,Reader_2_9.csv
417,9,6,3,reader_3_1.csv
417,14,14,0,Reader_3_2.csv
417,2,2,0,Reader_3_3.csv
417,2,2,0,Reader_3_4.csv
417,5,3,2,Reader_3_5.csv
417,0,0,0,Reader_3_6.csv
417,5,3,2,Reader_3_7.csv
418,3,1,2,Reader_1_1.csv
418,0,0,0,Reader_1_10.csv
418,0,0,0,Reader_1_11.csv
418,1,1,0,Reader_1_12.csv
418,13,13,0,Reader_1_2.csv
418,5,4,1,Reader_1_3.csv
418,3,1,2,Reader_1_4.csv
418,0,0,0,Reader_1_5.csv
418,0,0,0,Reader_1_6.csv
418,1,1,0,Reader_1_7.csv
418,0,0,0,Reader_1_8.csv
418,1,1,0,Reader_1_9.csv
418,10,4,6,Reader_2_1.csv
418,0,0,0,Reader_2_10.csv
418,1,1,0,Reader_2_11.csv
418,4,3,1,Reader_2_12.csv
418,2,0,2,Reader_2_2.csv
418,3,2,1,Reader_2_3.csv
418,0,0,0,Reader_2_4.csv
418,0,0,0,Reader_2_5.csv
418,1,1,0,Reader_2_6.csv
418,0,0,0,Reader_2_7.csv
418,0,0,0,Reader_2_8.csv
418,0,0,0,Reader_2_9.csv
418,10,6,4,reader_3_1.csv
418,16,15,1,Reader_3_2.csv
418,2,2,0,Reader_3_3.csv
418,2,2,0,Reader_3_4.csv
418,4,3,1,Reader_3_5.csv
418,0,0,0,Reader_3_6.csv
418,5,2,3,Reader_3_7.csv
419,4,2,2,Reader_1_1.csv
419,0,0,0,Reader_1_10.csv
419,0,0,0,Reader_1_11.csv
419,1,1,0,Reader_1_12.csv
419,12,12,0,Reader_1_2.csv
419,5,4,1,Reader_1_3.csv
419,2,0,2,Reader_1_4.csv
419,0,0,0,Reader_1_5.csv
419,0,0,0,Reader_1_6.csv
419,0,0,0,Reader_1_7.csv
419,0,0,0,Reader_1_8.csv
419,1,1,0,Reader_1_9.csv
419,12,4,8,Reader_2_1.csv
419,0,0,0,Reader_2_10.csv
419,1,1,0,Reader_2_11.csv
419,4,3,1,Reader_2_12.csv
419,3,1,2,Reader_2_2.csv
419,3,2,1,Reader_2_3.csv
419,0,0,0,Reader_2_4.csv
419,0,0,0,Reader_2_5.csv
419,1,1,0,Reader_2_6.csv
419,0,0,0,Reader_2_7.csv
419,0,0,0,Reader_2_8.csv
419,0,0,0,Reader_2_9.csv
419,10,6,4,reader_3_1.csv
419,16,15,1,Reader_3_2.csv
419,3,2,1,Reader_3_3.csv
419,3,2,1,Reader_3_4.csv
419,5,3,2,Reader_3_5.csv
419,0,0,0,Reader_3_6.csv
419,3,2,1,Reader_3_7.csv
420,5,3,2,Reader_1_1.csv
420,1,1,0,Reader_1_10.csv
420,0,0,0,Reader_1_11.csv
420,1,1,0,Reader_1_12.csv
420,10,10,0,Reader_1_2.csv
420,5,4,1,Reader_1_3.csv
420,1,0,1,Reader_1_4.csv
420,0,0,0,Reader_1_5.csv
420,0,0,0,Reader_1_6.csv
420,0,0,0,Reader_1_7.csv
420,1,1,0,Reader_1_8.csv
420,1,1,0,Reader_1_9.csv
420,11,3,8,Reader_2_1.csv
420,0,0,0,Reader_2_10.csv
420,0,0,0,Reader_2_11.csv
420,3,2,1,Reader_2_12.csv
420,5,3,2,Reader_2_2.csv
420,2,1,1,Reader_2_3.csv
420,0,0,0,Reader_2_4.csv
420,0,0,0,Reader_2_5.csv
420,0,0,0,Reader_2_6.csv
420,0,0,0,Reader_2_7.csv
420,0,0,0,Reader_2_8.csv
420,0,0,0,Reader_2_9.csv
420,9,5,4,reader_3_1.csv
420,17,16,1,Reader_3_2.csv
420,3,2,1,Reader_3_3.csv
420,3,2,1,Reader_3_4.csv
420,5,3,2,Reader_3_5.csv
420,0,0,0,Reader_3_6.csv
420,3,2,1,Reader_3_7.csv
421,6,4,2,Reader_1_1.csv
421,1,1,0,Reader_1_10.csv
421,0,0,0,Reader_1_11.csv
421,0,0,0,Reader_1_12.csv
421,7,7,0,Reader_1_2.csv
421,2,2,0,Reader_1_3.csv
421,1,0,1,Reader_1_4.csv
421,0,0,0,Reader_1_5.csv
421,1,1,0,Reader_1_6.csv
421,0,0,0,Reader_1_7.csv
421,1,1,0,Reader_1_8.csv
421,2,2,0,Reader_1_9.csv
421,10,4,6,Reader_2_1.csv
421,0,0,0,Reader_2_10.csv
421,0,0,0,Reader_2_11.csv
421,2,2,0,Reader_2_12.csv
421,7,5,2,Reader_2_2.csv
421,2,0,2,Reader_2_3.csv
421,0,0,0,Reader_2_4.csv
421,0,0,0,Reader_2_5.csv
421,0,0,0,Reader_2_6.csv
421,0,0,0,Reader_2_7.csv
421,0,0,0,Reader_2_8.csv
421,0,0,0,Reader_2_9.csv
421,9,4,5,reader_3_1.csv
421,16,15,1,Reader_3_2.csv
421,2,1,1,Reader_3_3.csv
421,2,1,1,Reader_3_4.csv
421,4,2,2,Reader_3_5.csv
421,0,0,0,Reader_3_6.csv
421,3,2,1,Reader_3_7.csv
422,6,4,2,Reader_1_1.csv
422,1,1,0,Reader_1_10.csv
422,0,0,0,Reader_1_11.csv
422,0,0,0,Reader_1_12.csv
422,8,8,0,Reader_1_2.csv
422,1,1,0,Reader_1_3.csv
422,0,0,0,Reader_1_4.csv
422,0,0,0,Reader_1_5.csv
422,1,1,0,Reader_1_6.csv
422,0,0,0,Reader_1_7.csv
422,1,1,0,Reader_1_8.csv
422,1,1,0,Reader_1_9.csv
422,9,3,6,Reader_2_1.csv
422,0,0,0,Reader_2_10.csv
422,0,0,0,Reader_2_11.csv
422,1,1,0,Reader_2_12.csv
422,7,5,2,Reader_2_2.csv
422,3,0,3,Reader_2_3.csv
422,1,1,0,Reader_2_4.csv
422,0,0,0,Reader_2_5.csv
422,0,0,0,Reader_2_6.csv
422,0,0,0,Reader_2_7.csv
422,0,0,0,Reader_2_8.csv
422,0,0,0,Reader_2_9.csv
422,7,4,3,reader_3_1.csv
422,15,14,1,Reader_3_2.csv
422,2,1,1,Reader_3_3.csv
422,2,1,1,Reader_3_4.csv
422,4,2,2,Reader_3_5.csv
422,0,0,0,Reader_3_6.csv
422,3,2,1,Reader_3_7.csv
423,6,4,2,Reader_1_1.csv
423,1,1,0,Reader_1_10.csv
423,0,0,0,Reader_1_11.csv
423,0,0,0,Reader_1_12.csv
423,6,6,0,Reader_1_2.csv
423,1,1,0,Reader_1_3.csv
423,0,0,0,Reader_1_4.csv
423,0,0,0,Reader_1_5.csv
423,1,1,0,Reader_1_6.csv
423,0,0,0,Reader_1_7.csv
423,1,1,0,Reader_1_8.csv
423,1,1,0,Reader_1_9.csv
423,6,1,5,Reader_2_1.csv
423,0,0,0,Reader_2_10.csv
423,0,0,0,Reader_2_11.csv
423,1,1,0,Reader_2_12.csv
423,7,5,2,Reader_2_2.csv
423,3,0,3,Reader_2_3.csv
423,1,1,0,Reader_2_4.csv
423,0,0,0,Reader_2_5.csv
423,0,0,0,Reader_2_6.csv
423,0,0,0,Reader_2_7.csv
423,0,0,0,Reader_2_8.csv
423,0,0,0,Reader_2_9.csv
423,6,4,2,reader_3_1.csv
423,12,11,1,Reader_3_2.csv
423,2,1,1,Reader_3_3.csv
423,2,1,1,Reader_3_4.csv
423,3,1,2,Reader_3_5.csv
423,0,0,0,Reader_3_6.csv
423,2,1,1,Reader_3_7.csv
424,6,5,1,Reader_1_1.csv
424,1,1,0,Reader_1_10.csv
424,0,0,0,Reader_1_11.csv
424,0,0,0,Reader_1_12.csv
424,5,5,0,Reader_1_2.csv
424,1,1,0,Reader_1_3.csv
424,0,0,0,Reader_1_4.csv
424,0,0,0,Reader_1_5.csv
424,1,1,0,Reader_1_6.csv
424,0,0,0,Reader_1_7.csv
424,1,1,0,Reader_1_8.csv
424,1,1,0,Reader_1_9.csv
424,4,1,3,Reader_2_1.csv
424,0,0,0,Reader_2_10.csv
424,0,0,0,Reader_2_11.csv
424,0,0,0,Reader_2_12.csv
424,7,6,1,Reader_2_2.csv
424,3,1,2,Reader_2_3.csv
424,1,1,0,Reader_2_4.csv
424,0,0,0,Reader_2_5.csv
424,1,1,0,Reader_2_6.csv
424,0,0,0,Reader_2_7.csv
424,0,0,0,Reader_2_8.csv
424,0,0,0,Reader_2_9.csv
424,6,4,2,reader_3_1.csv
424,10,9,1,Reader_3_2.csv
424,1,0,1,Reader_3_3.csv
424,1,0,1,Reader_3_4.csv
424,2,1,1,Reader_3_5.csv
424,0,0,0,Reader_3_6.csv
424,2,1,1,Reader_3_7.csv
425,5,4,1,Reader_1_1.csv
425,1,1,0,Reader_1_10.csv
425,0,0,0,Reader_1_11.csv
425,0,0,0,Reader_1_12.csv
425,7,6,1,Reader_1_2.csv
425,2,1,1,Reader_1_3.csv
425,0,0,0,Reader_1_4.csv
425,1,1,0,Reader_1_5.csv
425,1,1,0,Reader_1_6.csv
425,0,0,0,Reader_1_7.csv
425,1,1,0,Reader_1_8.csv
425,1,1,0,Reader_1_9.csv
425,4,1,3,Reader_2_1.csv
425,0,0,0,Reader_2_10.csv
425,0,0,0,Reader_2_11.csv
425,0,0,0,Reader_2_12.csv
425,7,6,1,Reader_2_2.csv
425,3,1,2,Reader_2_3.csv
425,1,1,0,Reader_2_4.csv
425,1,1,0,Reader_2_5.csv
425,1,1,0,Reader_2_6.csv
425,0,0,0,Reader_2_7.csv
425,0,0,0,Reader_2_8.csv
425,1,1,0,Reader_2_9.csv
425,7,5,2,reader_3_1.csv
425,9,8,1,Reader_3_2.csv
425,1,0,1,Reader_3_3.csv
425,1,0,1,Reader_3_4.csv
425,2,1,1,Reader_3_5.csv
425,0,0,0,Reader_3_6.csv
425,4,3,1,Reader_3_7.csv
426,5,5,0,Reader_1_1.csv
426,1,1,0,Reader_1_10.csv
426,0,0,0,Reader_1_11.csv
426,0,0,0,Reader_1_12.csv
426,7,6,1,Reader_1_2.csv
426,1,0,1,Reader_1_3.csv
426,0,0,0,Reader_1_4.csv
426,1,1,0,Reader_1_5.csv
426,1,1,0,Reader_1_6.csv
426,0,0,0,Reader_1_7.csv
426,1,1,0,Reader_1_8.csv
426,1,1,0,Reader_1_9.csv
426,4,1,3,Reader_2_1.csv
426,0,0,0,Reader_2_10.csv
426,1,0,1,Reader_2_11.csv
426,0,0,0,Reader_2_12.csv
426,7,6,1,Reader_2_2.csv
426,3,1,2,Reader_2_3.csv
426,1,1,0,Reader_2_4.csv
426,1,1,0,Reader_2_5.csv
426,1,1,0,Reader_2_6.csv
426,0,0,0,Reader_2_7.csv
426,0,0,0,Reader_2_8.csv
426,1,1,0,Reader_2_9.csv
426,5,4,1,reader_3_1.csv
426,7,7,0,Reader_3_2.csv
426,1,0,1,Reader_3_3.csv
426,1,0,1,Reader_3_4.csv
426,2,1,1,Reader_3_5.csv
426,0,0,0,Reader_3_6.csv
426,4,4,0,Reader_3_7.csv
427,5,5,0,Reader_1_1.csv
427,1,1,0,Reader_1_10.csv
427,0,0,0,Reader_1_11.csv
427,0,0,0,Reader_1_12.csv
427,6,5,1,Reader_1_2.csv
427,1,0,1,Reader_1_3.csv
427,0,0,0,Reader_1_4.csv
427,1,1,0,Reader_1_5.csv
427,1,1,0,Reader_1_6.csv
427,0,0,0,Reader_1_7.csv
427,1,1,0,Reader_1_8.csv
427,1,1,0,Reader_1_9.csv
427,2,1,1,Reader_2_1.csv
427,0,0,0,Reader_2_10.csv
427,1,0,1,Reader_2_11.csv
427,0,0,0,Reader_2_12.csv
427,6,5,1,Reader_2_2.csv
427,3,1,2,Reader_2_3.csv
427,1,1,0,Reader_2_4.csv
427,1,1,0,Reader_2_5.csv
427,1,1,0,Reader_2_6.csv
427,0,0,0,Reader_2_7.csv
427,0,0,0,Reader_2_8.csv
427,1,1,0,Reader_2_9.csv
427,5,4,1,reader_3_1.csv
427,6,6,0,Reader_3_2.csv
427,0,0,0,Reader_3_3.csv
427,0,0,0,Reader_3_4.csv
427,0,0,0,Reader_3_5.csv
427,0,0,0,Reader_3_6.csv
427,4,4,0,Reader_3_7.csv
428,4,4,0,Reader_1_1.csv
428,0,0,0,Reader_1_10.csv
428,0,0,0,Reader_1_11.csv
428,1,0,1,Reader_1_12.csv
428,7,5,2,Reader_1_2.csv
428,1,0,1,Reader_1_3.csv
428,0,0,0,Reader_1_4.csv
428,1,1,0,Reader_1_5.csv
428,1,1,0,Reader_1_6.csv
428,0,0,0,Reader_1_7.csv
428,1,1,0,Reader_1_8.csv
428,1,1,0,Reader_1_9.csv
428,1,1,0,Reader_2_1.csv
428,0,0,0,Reader_2_10.csv
428,1,0,1,Reader_2_11.csv
428,0,0,0,Reader_2_12.csv
428,6,5,1,Reader_2_2.csv
428,4,1,3,Reader_2_3.csv
428,2,1,1,Reader_2_4.csv
428,1,1,0,Reader_2_5.csv
428,1,1,0,Reader_2_6.csv
428,2,2,0,Reader_2_7.csv
428,1,0,1,Reader_2_8.csv
428,1,1,0,Reader_2_9.csv
428,6,5,1,reader_3_1.csv
428,3,3,0,Reader_3_2.csv
428,0,0,0,Reader_3_3.csv
428,0,0,0,Reader_3_4.csv
428,1,1,0,Reader_3_5.csv
428,0,0,0,Reader_3_6.csv
428,4,4,0,Reader_3_7.csv
429,3,3,0,Reader_1_1.csv
429,0,0,0,Reader_1_10.csv
429,0,0,0,Reader_1_11.csv
429,1,0,1,Reader_1_12.csv
429,8,6,2,Reader_1_2.csv
429,1,0,1,Reader_1_3.csv
429,0,0,0,Reader_1_4.csv
429,1,1,0,Reader_1_5.csv
429,0,0,0,Reader_1_6.csv
429,0,0,0,Reader_1_7.csv
429,1,1,0,Reader_1_8.csv
429,0,0,0,Reader_1_9.csv
429,1,1,0,Reader_2_1.csv
429,0,0,0,Reader_2_10.csv
429,1,0,1,Reader_2_11.csv
429,1,1,0,Reader_2_12.csv
429,4,3,1,Reader_2_2.csv
429,5,3,2,Reader_2_3.csv
429,2,1,1,Reader_2_4.csv
429,1,1,0,Reader_2_5.csv
429,2,2,0,Reader_2_6.csv
429,2,2,0,Reader_2_7.csv
429,1,0,1,Reader_2_8.csv
429,1,1,0,Reader_2_9.csv
429,6,6,0,reader_3_1.csv
429,3,2,1,Reader_3_2.csv
429,0,0,0,Reader_3_3.csv
429,0,0,0,Reader_3_4.csv
429,1,1,0,Reader_3_5.csv
429,0,0,0,Reader_3_6.csv
429,4,4,0,Reader_3_7.csv
430,3,3,0,Reader_1_1.csv
430,0,0,0,Reader_1_10.csv
430,0,0,0,Reader_1_11.csv
430,1,0,1,Reader_1_12.csv
430,7,5,2,Reader_1_2.csv
430,1,0,1,Reader_1_3.csv
430,0,0,0,Reader_1_4.csv
430,1,1,0,Reader_1_5.csv
430,0,0,0,Reader_1_6.csv
430,0,0,0,Reader_1_7.csv
430,1,1,0,Reader_1_8.csv
430,0,0,0,Reader_1_9.csv
430,1,1,0,Reader_2_1.csv
430,0,0,0,Reader_2_10.csv
430,1,0,1,Reader_2_11.csv
430,2,2,0,Reader_2_12.csv
430,4,3,1,Reader_2_2.csv
430,4,3,1,Reader_2_3.csv
430,1,0,1,Reader_2_4.csv
430,1,1,0,Reader_2_5.csv
430,2,2,0,Reader_2_6.csv
430,4,3,1,Reader_2_7.csv
430,1,0,1,Reader_2_8.csv
430,1,1,0,Reader_2_9.csv
430,5,4,1,reader_3_1.csv
430,4,3,1,Reader_3_2.csv
430,0,0,0,Reader_3_3.csv
430,0,0,0,Reader_3_4.csv
430,2,2,0,Reader_3_5.csv
430,0,0,0,Reader_3_6.csv
430,5,5,0,Reader_3_7.csv
431,3,3,0,Reader_1_1.csv
431,0,0,0,Reader_1_10.csv
431,0,0,0,Reader_1_11.csv
431,1,0,1,Reader_1_12.csv
431,6,4,2,Reader_1_2.csv
431,1,0,1,Reader_1_3.csv
431,0,0,0,Reader_1_4.csv
431,1,1,0,Reader_1_5.csv
431,0,0,0,Reader_1_6.csv
431,0,0,0,Reader_1_7.csv
431,1,1,0,Reader_1_8.csv
431,0,0,0,Reader_1_9.csv
431,1,1,0,Reader_2_1.csv
431,0,0,0,Reader_2_10.csv
431,1,0,1,Reader_2_11.csv
431,2,2,0,Reader_2_12.csv
431,4,3,1,Reader_2_2.csv
431,5,4,1,Reader_2_3.csv
431,1,0,1,Reader_2_4.csv
431,1,1,0,Reader_2_5.csv
431,2,2,0,Reader_2_6.csv
431,4,3,1,Reader_2_7.csv
431,1,0,1,Reader_2_8.csv
431,1,1,0,Reader_2_9.csv
431,6,4,2,reader_3_1.csv
431,4,3,1,Reader_3_2.csv
431,2,2,0,Reader_3_3.csv
431,2,2,0,Reader_3_4.csv
431,3,2,1,Reader_3_5.csv
431,0,0,0,Reader_3_6.csv
431,5,5,0,Reader_3_7.csv
432,2,2,0,Reader_1_1.csv
432,0,0,0,Reader_1_10.csv
432,0,0,0,Reader_1_11.csv
432,1,0,1,Reader_1_12.csv
432,6,4,2,Reader_1_2.csv
432,1,0,1,Reader_1_3.csv
432,0,0,0,Reader_1_4.csv
432,1,1,0,Reader_1_5.csv
432,0,0,0,Reader_1_6.csv
432,0,0,0,Reader_1_7.csv
432,1,1,0,Reader_1_8.csv
432,0,0,0,Reader_1_9.csv
432,1,1,0,Reader_2_1.csv
432,0,0,0,Reader_2_10.csv
432,1,0,1,Reader_2_11.csv
432,2,2,0,Reader_2_12.csv
432,3,2,1,Reader_2_2.csv
432,4,3,1,Reader_2_3.csv
432,1,0,1,Reader_2_4.csv
432,1,1,0,Reader_2_5.csv
432,1,1,0,Reader_2_6.csv
432,4,3,1,Reader_2_7.csv
432,1,0,1,Reader_2_8.csv
432,1,1,0,Reader_2_9.csv
432,7,4,3,reader_3_1.csv
432,9,6,3,Reader_3_2.csv
432,2,2,0,Reader_3_3.csv
432,2,2,0,Reader_3_4.csv
432,3,2,1,Reader_3_5.csv
432,1,0,1,Reader_3_6.csv
432,4,4,0,Reader_3_7.csv
433,2,2,0,Reader_1_1.csv
433,0,0,0,Reader_1_10.csv
433,0,0,0,Reader_1_11.csv
433,1,0,1,Reader_1_12.csv
433,3,2,1,Reader_1_2.csv
433,0,0,0,Reader_1_3.csv
433,0,0,0,Reader_1_4.csv
433,0,0,0,Reader_1_5.csv
433,0,0,0,Reader_1_6.csv
433,0,0,0,Reader_1_7.csv
433,1,1,0,Reader_1_8.csv
433,0,0,0,Reader_1_9.csv
433,1,1,0,Reader_2_1.csv
433,0,0,0,Reader_2_10.csv
433,1,0,1,Reader_2_11.csv
433,2,2,0,Reader_2_12.csv
433,3,2,1,Reader_2_2.csv
433,5,4,1,Reader_2_3.csv
433,1,0,1,Reader_2_4.csv
433,1,1,0,Reader_2_5.csv
433,1,1,0,Reader_2_6.csv
433,4,3,1,Reader_2_7.csv
433,1,0,1,Reader_2_8.csv
433,0,0,0,Reader_2_9.csv
433,6,3,3,reader_3_1.csv
433,8,5,3,Reader_3_2.csv
433,2,2,0,Reader_3_3.csv
433,2,2,0,Reader_3_4.csv
433,3,2,1,Reader_3_5.csv
433,1,0,1,Reader_3_6.csv
433,2,2,0,Reader_3_7.csv
434,2,1,1,Reader_1_1.csv
434,0,0,0,Reader_1_10.csv
434,0,0,0,Reader_1_11.csv
434,1,0,1,Reader_1_12.csv
434,2,1,1,Reader_1_2.csv
434,1,0,1,Reader_1_3.csv
434,0,0,0,Reader_1_4.csv
434,0,0,0,Reader_1_5.csv
434,0,0,0,Reader_1_6.csv
434,0,0,0,Reader_1_7.csv
434,1,1,0,Reader_1_8.csv
434,1,1,0,Reader_1_9.csv
434,1,1,0,Reader_2_1.csv
434,0,0,0,Reader_2_10.csv
434,0,0,0,Reader_2_11.csv
434,2,2,0,Reader_2_12.csv
434,2,2,0,Reader_2_2.csv
434,5,4,1,Reader_2_3.csv
434,1,0,1,Reader_2_4.csv
434,1,1,0,Reader_2_5.csv
434,1,1,0,Reader_2_6.csv
434,4,3,1,Reader_2_7.csv
434,1,0,1,Reader_2_8.csv
434,0,0,0,Reader_2_9.csv
434,6,3,3,reader_3_1.csv
434,8,5,3,Reader_3_2.csv
434,2,2,0,Reader_3_3.csv
434,2,2,0,Reader_3_4.csv
434,3,2,1,Reader_3_5.csv
434,2,1,1,Reader_3_6.csv
434,1,1,0,Reader_3_7.csv
435,1,0,1,Reader_1_1.csv
435,1,1,0,Reader_1_10.csv
435,0,0,0,Reader_1_11.csv
435,1,0,1,Reader_1_12.csv
435,3,1,2,Reader_1_2.csv
435,1,0,1,Reader_1_3.csv
435,0,0,0,Reader_1_4.csv
435,0,0,0,Reader_1_5.csv
435,0,0,0,Reader_1_6.csv
435,0,0,0,Reader_1_7.csv
435,1,1,0,Reader_1_8.csv
435,1,1,0,Reader_1_9.csv
435,1,1,0,Reader_2_1.csv
435,0,0,0,Reader_2_10.csv
435,0,0,0,Reader_2_11.csv
435,2,2,0,Reader_2_12.csv
435,2,2,0,Reader_2_2.csv
435,7,6,1,Reader_2_3.csv
435,1,0,1,Reader_2_4.csv
435,1,1,0,Reader_2_5.csv
435,1,1,0,Reader_2_6.csv
435,4,3,1,Reader_2_7.csv
435,1,0,1,Reader_2_8.csv
435,1,0,1,Reader_2_9.csv
435,7,4,3,reader_3_1.csv
435,8,5,3,Reader_3_2.csv
435,2,2,0,Reader_3_3.csv
435,2,2,0,Reader_3_4.csv
435,4,3,1,Reader_3_5.csv
435,3,1,2,Reader_3_6.csv
435,1,1,0,Reader_3_7.csv
436,1,0,1,Reader_1_1.csv
436,1,1,0,Reader_1_10.csv
436,1,1,0,Reader_1_11.csv
436,1,0,1,Reader_1_12.csv
436,4,3,1,Reader_1_2.csv
436,1,0,1,Reader_1_3.csv
436,0,0,0,Reader_1_4.csv
436,0,0,0,Reader_1_5.csv
436,0,0,0,Reader_1_6.csv
436,0,0,0,Reader_1_7.csv
436,0,0,0,Reader_1_8.csv
436,1,1,0,Reader_1_9.csv
436,1,1,0,Reader_2_1.csv
436,0,0,0,Reader_2_10.csv
436,0,0,0,Reader_2_11.csv
436,2,2,0,Reader_2_12.csv
436,0,0,0,Reader_2_2.csv
436,6,6,0,Reader_2_3.csv
436,0,0,0,Reader_2_4.csv
436,2,2,0,Reader_2_5.csv
436,1,1,0,Reader_2_6.csv
436,2,1,1,Reader_2_7.csv
436,0,0,0,Reader_2_8.csv
436,1,0,1,Reader_2_9.csv
436,8,3,5,reader_3_1.csv
436,10,7,3,Reader_3_2.csv
436,4,4,0,Reader_3_3.csv
436,4,4,0,Reader_3_4.csv
436,5,4,1,Reader_3_5.csv
436,3,1,2,Reader_3_6.csv
436,2,2,0,Reader_3_7.csv
437,1,0,1,Reader_1_1.csv
437,1,1,0,Reader_1_10.csv
437,2,2,0,Reader_1_11.csv
437,1,0,1,Reader_1_12.csv
437,3,2,1,Reader_1_2.csv
437,1,0,1,Reader_1_3.csv
437,0,0,0,Reader_1_4.csv
437,0,0,0,Reader_1_5.csv
437,0,0,0,Reader_1_6.csv
437,0,0,0,Reader_1_7.csv
437,0,0,0,Reader_1_8.csv
437,1,1,0,Reader_1_9.csv
437,0,0,0,Reader_2_1.csv
437,0,0,0,Reader_2_10.csv
437,0,0,0,Reader_2_11.csv
437,1,1,0,Reader_2_12.csv
437,0,0,0,Reader_2_2.csv
437,5,5,0,Reader_2_3.csv
437,0,0,0,Reader_2_4.csv
437,2,2,0,Reader_2_5.csv
437,0,0,0,Reader_2_6.csv
437,2,1,1,Reader_2_7.csv
437,0,0,0,Reader_2_8.csv
437,1,0,1,Reader_2_9.csv
437,8,2,6,reader_3_1.csv
437,10,7,3,Reader_3_2.csv
437,5,5,0,Reader_3_3.csv
437,5,5,0,Reader_3_4.csv
437,6,5,1,Reader_3_5.csv
437,3,1,2,Reader_3_6.csv
437,2,1,1,Reader_3_7.csv
438,1,0,1,Reader_1_1.csv
438,1,1,0,Reader_1_10.csv
438,2,2,0,Reader_1_11.csv
438,1,0,1,Reader_1_12.csv
438,5,3,2,Reader_1_2.csv
438,1,0,1,Reader_1_3.csv
438,0,0,0,Reader_1_4.csv
438,0,0,0,Reader_1_5.csv
438,0,0,0,Reader_1_6.csv
438,0,0,0,Reader_1_7.csv
438,0,0,0,Reader_1_8.csv
438,1,1,0,Reader_1_9.csv
438,0,0,0,Reader_2_1.csv
438,0,0,0,Reader_2_10.csv
438,0,0,0,Reader_2_11.csv
438,0,0,0,Reader_2_12.csv
438,0,0,0,Reader_2_2.csv
438,5,5,0,Reader_2_3.csv
438,0,0,0,Reader_2_4.csv
438,3,3,0,Reader_2_5.csv
438,0,0,0,Reader_2_6.csv
438,0,0,0,Reader_2_7.csv
438,0,0,0,Reader_2_8.csv
438,1,0,1,Reader_2_9.csv
438,7,2,5,reader_3_1.csv
438,12,9,3,Reader_3_2.csv
438,7,5,2,Reader_3_3.csv
438,7,5,2,Reader_3_4.csv
438,6,5,1,Reader_3_5.csv
438,4,2,2,Reader_3_6.csv
438,2,1,1,Reader_3_7.csv
439,1,0,1,Reader_1_1.csv
439,3,3,0,Reader_1_10.csv
439,2,2,0,Reader_1_11.csv
439,1,0,1,Reader_1_12.csv
439,6,4,2,Reader_1_2.csv
439,1,0,1,Reader_1_3.csv
439,0,0,0,Reader_1_4.csv
439,0,0,0,Reader_1_5.csv
439,1,1,0,Reader_1_6.csv
439,0,0,0,Reader_1_7.csv
439,0,0,0,Reader_1_8.csv
439,1,1,0,Reader_1_9.csv
439,0,0,0,Reader_2_1.csv
439,0,0,0,Reader_2_10.csv
439,0,0,0,Reader_2_11.csv
439,0,0,0,Reader_2_12.csv
439,0,0,0,Reader_2_2.csv
439,5,5,0,Reader_2_3.csv
439,0,0,0,Reader_2_4.csv
439,3,3,0,Reader_2_5.csv
439,0,0,0,Reader_2_6.csv
439,0,0,0,Reader_2_7.csv
439,0,0,0,Reader_2_8.csv
439,1,0,1,Reader_2_9.csv
439,8,4,4,reader_3_1.csv
439,13,10,3,Reader_3_2.csv
439,7,5,2,Reader_3_3.csv
439,7,5,2,Reader_3_4.csv
439,6,6,0,Reader_3_5.csv
439,5,3,2,Reader_3_6.csv
439,2,1,1,Reader_3_7.csv
440,1,0,1,Reader_1_1.csv
440,3,3,0,Reader_1_10.csv
440,2,2,0,Reader_1_11.csv
440,1,0,1,Reader_1_12.csv
440,6,4,2,Reader_1_2.csv
440,1,0,1,Reader_1_3.csv
440,0,0,0,Reader_1_4.csv
440,0,0,0,Reader_1_5.csv
440,1,1,0,Reader_1_6.csv
440,1,1,0,Reader_1_7.csv
440,0,0,0,Reader_1_8.csv
440,1,1,0,Reader_1_9.csv
440,1,1,0,Reader_2_1.csv
440,0,0,0,Reader_2_10.csv
440,0,0,0,Reader_2_11.csv
440,0,0,0,Reader_2_12.csv
440,0,0,0,Reader_2_2.csv
440,6,5,1,Reader_2_3.csv
440,0,0,0,Reader_2_4.csv
440,3,3,0,Reader_2_5.csv
440,0,0,0,Reader_2_6.csv
440,0,0,0,Reader_2_7.csv
440,0,0,0,Reader_2_8.csv
440,1,0,1,Reader_2_9.csv
440,8,3,5,reader_3_1.csv
440,9,8,1,Reader_3_2.csv
440,7,5,2,Reader_3_3.csv
440,7,5,2,Reader_3_4.csv
440,7,7,0,Reader_3_5.csv
440,5,3,2,Reader_3_6.csv
440,2,1,1,Reader_3_7.csv
441,1,0,1,Reader_1_1.csv
441,3,3,0,Reader_1_10.csv
441,2,2,0,Reader_1_11.csv
441,1,0,1,Reader_1_12.csv
441,6,4,2,Reader_1_2.csv
441,1,0,1,Reader_1_3.csv
441,0,0,0,Reader_1_4.csv
441,0,0,0,Reader_1_5.csv
441,1,1,0,Reader_1_6.csv
441,1,1,0,Reader_1_7.csv
441,0,0,0,Reader_1_8.csv
441,1,1,0,Reader_1_9.csv
441,1,1,0,Reader_2_1.csv
441,0,0,0,Reader_2_10.csv
441,0,0,0,Reader_2_11.csv
441,0,0,0,Reader_2_12.csv
441,0,0,0,Reader_2_2.csv
441,6,5,1,Reader_2_3.csv
441,0,0,0,Reader_2_4.csv
441,2,2,0,Reader_2_5.csv
441,0,0,0,Reader_2_6.csv
441,0,0,0,Reader_2_7.csv
441,0,0,0,Reader_2_8.csv
441,1,0,1,Reader_2_9.csv
441,9,4,5,reader_3_1.csv
441,11,9,2,Reader_3_2.csv
441,8,6,2,Reader_3_3.csv
441,8,6,2,Reader_3_4.csv
441,7,7,0,Reader_3_5.csv
441,5,3,2,Reader_3_6.csv
441,3,2,1,Reader_3_7.csv
442,1,1,0,Reader_1_1.csv
442,3,3,0,Reader_1_10.csv
442,3,3,0,Reader_1_11.csv
442,1,0,1,Reader_1_12.csv
442,6,4,2,Reader_1_2.csv
442,1,0,1,Reader_1_3.csv
442,0,0,0,Reader_1_4.csv
442,0,0,0,Reader_1_5.csv
442,1,1,0,Reader_1_6.csv
442,1,1,0,Reader_1_7.csv
442,0,0,0,Reader_1_8.csv
442,0,0,0,Reader_1_9.csv
442,1,1,0,Reader_2_1.csv
442,0,0,0,Reader_2_10.csv
442,0,0,0,Reader_2_11.csv
442,1,1,0,Reader_2_12.csv
442,2,2,0,Reader_2_2.csv
442,7,6,1,Reader_2_3.csv
442,0,0,0,Reader_2_4.csv
442,2,2,0,Reader_2_5.csv
442,0,0,0,Reader_2_6.csv
442,0,0,0,Reader_2_7.csv
442,0,0,0,Reader_2_8.csv
442,1,0,1,Reader_2_9.csv
442,9,4,5,reader_3_1.csv
442,12,10,2,Reader_3_2.csv
442,8,6,2,Reader_3_3.csv
442,8,6,2,Reader_3_4.csv
442,7,7,0,Reader_3_5.csv
442,4,2,2,Reader_3_6.csv
442,3,2,1,Reader_3_7.csv
443,1,1,0,Reader_1_1.csv
443,2,2,0,Reader_1_10.csv
443,2,2,0,Reader_1_11.csv
443,1,0,1,Reader_1_12.csv
443,5,4,1,Reader_1_2.csv
443,1,0,1,Reader_1_3.csv
443,0,0,0,Reader_1_4.csv
443,0,0,0,Reader_1_5.csv
443,1,1,0,Reader_1_6.csv
443,1,1,0,Reader_1_7.csv
443,0,0,0,Reader_1_8.csv
443,1,1,0,Reader_1_9.csv
443,1,1,0,Reader_2_1.csv
443,0,0,0,Reader_2_10.csv
443,0,0,0,Reader_2_11.csv
443,1,1,0,Reader_2_12.csv
443,2,2,0,Reader_2_2.csv
443,6,5,1,Reader_2_3.csv
443,0,0,0,Reader_2_4.csv
443,2,2,0,Reader_2_5.csv
443,0,0,0,Reader_2_6.csv
443,0,0,0,Reader_2_7.csv
443,0,0,0,Reader_2_8.csv
443,0,0,0,Reader_2_9.csv
443,9,4,5,reader_3_1.csv
443,15,13,2,Reader_3_2.csv
443,8,6,2,Reader_3_3.csv
443,8,6,2,Reader_3_4.csv
443,6,6,0,Reader_3_5.csv
443,3,2,1,Reader_3_6.csv
443,4,3,1,Reader_3_7.csv
444,1,1,0,Reader_1_1.csv
444,3,3,0,Reader_1_10.csv
444,4,3,1,Reader_1_11.csv
444,0,0,0,Reader_1_12.csv
444,3,2,1,Reader_1_2.csv
444,1,0,1,Reader_1_3.csv
444,0,0,0,Reader_1_4.csv
444,0,0,0,Reader_1_5.csv
444,1,1,0,Reader_1_6.csv
444,2,2,0,Reader_1_7.csv
444,0,0,0,Reader_1_8.csv
444,1,1,0,Reader_1_9.csv
444,1,1,0,Reader_2_1.csv
444,0,0,0,Reader_2_10.csv
444,0,0,0,Reader_2_11.csv
444,1,1,0,Reader_2_12.csv
444,2,2,0,Reader_2_2.csv
444,6,5,1,Reader_2_3.csv
444,0,0,0,Reader_2_4.csv
444,1,1,0,Reader_2_5.csv
444,0,0,0,Reader_2_6.csv
444,0,0,0,Reader_2_7.csv
444,1,0,1,Reader_2_8.csv
444,0,0,0,Reader_2_9.csv
444,7,4,3,reader_3_1.csv
444,15,13,2,Reader_3_2.csv
444,9,6,3,Reader_3_3.csv
444,9,6,3,Reader_3_4.csv
444,4,4,0,Reader_3_5.csv
444,4,3,1,Reader_3_6.csv
444,3,3,0,Reader_3_7.csv
445,2,1,1,Reader_1_1.csv
445,3,3,0,Reader_1_10.csv
445,3,2,1,Reader_1_11.csv
445,0,0,0,Reader_1_12.csv
445,4,2,2,Reader_1_2.csv
445,1,0,1,Reader_1_3.csv
445,0,0,0,Reader_1_4.csv
445,0,0,0,Reader_1_5.csv
445,1,1,0,Reader_1_6.csv
445,2,2,0,Reader_1_7.csv
445,0,0,0,Reader_1_8.csv
445,1,1,0,Reader_1_9.csv
445,2,2,0,Reader_2_1.csv
445,0,0,0,Reader_2_10.csv
445,0,0,0,Reader_2_11.csv
445,1,1,0,Reader_2_12.csv
445,2,2,0,Reader_2_2.csv
445,6,5,1,Reader_2_3.csv
445,0,0,0,Reader_2_4.csv
445,1,1,0,Reader_2_5.csv
445,0,0,0,Reader_2_6.csv
445,0,0,0,Reader_2_7.csv
445,1,0,1,Reader_2_8.csv
445,0,0,0,Reader_2_9.csv
445,9,6,3,reader_3_1.csv
445,18,16,2,Reader_3_2.csv
445,8,5,3,Reader_3_3.csv
445,8,5,3,Reader_3_4.csv
445,3,3,0,Reader_3_5.csv
445,4,3,1,Reader_3_6.csv
445,4,4,0,Reader_3_7.csv
446,2,1,1,Reader_1_1.csv
446,3,3,0,Reader_1_10.csv
446,3,2,1,Reader_1_11.csv
446,0,0,0,Reader_1_12.csv
446,2,1,1,Reader_1_2.csv
446,1,0,1,Reader_1_3.csv
446,0,0,0,Reader_1_4.csv
446,0,0,0,Reader_1_5.csv
446,1,1,0,Reader_1_6.csv
446,3,3,0,Reader_1_7.csv
446,0,0,0,Reader_1_8.csv
446,1,1,0,Reader_1_9.csv
446,2,2,0,Reader_2_1.csv
446,0,0,0,Reader_2_10.csv
446,0,0,0,Reader_2_11.csv
446,2,1,1,Reader_2_12.csv
446,2,2,0,Reader_2_2.csv
446,6,5,1,Reader_2_3.csv
446,0,0,0,Reader_2_4.csv
446,0,0,0,Reader_2_5.csv
446,0,0,0,Reader_2_6.csv
446,0,0,0,Reader_2_7.csv
446,1,0,1,Reader_2_8.csv
446,0,0,0,Reader_2_9.csv
446,9,6,3,reader_3_1.csv
446,18,16,2,Reader_3_2.csv
446,7,5,2,Reader_3_3.csv
446,7,5,2,Reader_3_4.csv
446,2,2,0,Reader_3_5.csv
446,3,2,1,Reader_3_6.csv
446,5,5,0,Reader_3_7.csv
447,4,2,2,Reader_1_1.csv
447,1,1,0,Reader_1_10.csv
447,3,2,1,Reader_1_11.csv
447,1,1,0,Reader_1_12.csv
447,3,1,2,Reader_1_2.csv
447,1,0,1,Reader_1_3.csv
447,0,0,0,Reader_1_4.csv
447,0,0,0,Reader_1_5.csv
447,0,0,0,Reader_1_6.csv
447,5,5,0,Reader_1_7.csv
447,0,0,0,Reader_1_8.csv
447,1,1,0,Reader_1_9.csv
447,2,2,0,Reader_2_1.csv
447,0,0,0,Reader_2_10.csv
447,0,0,0,Reader_2_11.csv
447,2,1,1,Reader_2_12.csv
447,2,2,0,Reader_2_2.csv
447,5,4,1,Reader_2_3.csv
447,0,0,0,Reader_2_4.csv
447,1,0,1,Reader_2_5.csv
447,0,0,0,Reader_2_6.csv
447,0,0,0,Reader_2_7.csv
447,1,0,1,Reader_2_8.csv
447,0,0,0,Reader_2_9.csv
447,8,4,4,reader_3_1.csv
447,22,18,4,Reader_3_2.csv
447,5,3,2,Reader_3_3.csv
447,5,3,2,Reader_3_4.csv
447,2,2,0,Reader_3_5.csv
447,2,1,1,Reader_3_6.csv
447,6,6,0,Reader_3_7.csv
448,4,2,2,Reader_1_1.csv
448,1,1,0,Reader_1_10.csv
448,3,2,1,Reader_1_11.csv
448,1,1,0,Reader_1_12.csv
448,3,1,2,Reader_1_2.csv
448,1,0,1,Reader_1_3.csv
448,0,0,0,Reader_1_4.csv
448,0,0,0,Reader_1_5.csv
448,0,0,0,Reader_1_6.csv
448,5,5,0,Reader_1_7.csv
448,1,0,1,Reader_1_8.csv
448,1,1,0,Reader_1_9.csv
448,1,1,0,Reader_2_1.csv
448,0,0,0,Reader_2_10.csv
448,0,0,0,Reader_2_11.csv
448,2,1,1,Reader_2_12.csv
448,2,2,0,Reader_2_2.csv
448,4,4,0,Reader_2_3.csv
448,0,0,0,Reader_2_4.csv
448,1,0,1,Reader_2_5.csv
448,2,2,0,Reader_2_6.csv
448,0,0,0,Reader_2_7.csv
448,1,0,1,Reader_2_8.csv
448,0,0,0,Reader_2_9.csv
448,8,5,3,reader_3_1.csv
448,23,19,4,Reader_3_2.csv
448,5,3,2,Reader_3_3.csv
448,5,3,2,Reader_3_4.csv
448,1,1,0,Reader_3_5.csv
448,1,1,0,Reader_3_6.csv
448,10,10,0,Reader_3_7.csv
449,5,2,3,Reader_1_1.csv
449,1,1,0,Reader_1_10.csv
449,3,2,1,Reader_1_11.csv
449,2,2,0,Reader_1_12.csv
449,3,1,2,Reader_1_2.csv
449,2,1,1,Reader_1_3.csv
449,0,0,0,Reader_1_4.csv
449,0,0,0,Reader_1_5.csv
449,0,0,0,Reader_1_6.csv
449,8,8,0,Reader_1_7.csv
449,1,0,1,Reader_1_8.csv
449,1,1,0,Reader_1_9.csv
449,1,1,0,Reader_2_1.csv
449,0,0,0,Reader_2_10.csv
449,0,0,0,Reader_2_11.csv
449,3,2,1,Reader_2_12.csv
449,2,2,0,Reader_2_2.csv
449,4,4,0,Reader_2_3.csv
449,1,1,0,Reader_2_4.csv
449,1,0,1,Reader_2_5.csv
449,2,2,0,Reader_2_6.csv
449,0,0,0,Reader_2_7.csv
449,1,0,1,Reader_2_8.csv
449,0,0,0,Reader_2_9.csv
449,7,4,3,reader_3_1.csv
449,26,22,4,Reader_3_2.csv
449,6,4,2,Reader_3_3.csv
449,6,4,2,Reader_3_4.csv
449,1,1,0,Reader_3_5.csv
449,1,1,0,Reader_3_6.csv
449,13,12,1,Reader_3_7.csv
450,4,1,3,Reader_1_1.csv
450,1,1,0,Reader_1_10.csv
450,2,1,1,Reader_1_11.csv
450,2,2,0,Reader_1_12.csv
450,4,2,2,Reader_1_2.csv
450,1,1,0,Reader_1_3.csv
450,0,0,0,Reader_1_4.csv
450,0,0,0,Reader_1_5.csv
450,0,0,0,Reader_1_6.csv
450,8,8,0,Reader_1_7.csv
450,1,0,1,Reader_1_8.csv
450,1,1,0,Reader_1_9.csv
450,1,1,0,Reader_2_1.csv
450,0,0,0,Reader_2_10.csv
450,0,0,0,Reader_2_11.csv
450,2,1,1,Reader_2_12.csv
450,0,0,0,Reader_2_2.csv
450,9,8,1,Reader_2_3.csv
450,1,1,0,Reader_2_4.csv
450,2,1,1,Reader_2_5.csv
450,2,2,0,Reader_2_6.csv
450,0,0,0,Reader_2_7.csv
450,1,0,1,Reader_2_8.csv
450,0,0,0,Reader_2_9.csv
450,8,5,3,reader_3_1.csv
450,30,26,4,Reader_3_2.csv
450,7,4,3,Reader_3_3.csv
450,7,4,3,Reader_3_4.csv
450,2,1,1,Reader_3_5.csv
450,2,2,0,Reader_3_6.csv
450,15,14,1,Reader_3_7.csv
451,5,1,4,Reader_1_1.csv
451,1,1,0,Reader_1_10.csv
451,2,1,1,Reader_1_11.csv
451,2,2,0,Reader_1_12.csv
451,4,2,2,Reader_1_2.csv
451,1,1,0,Reader_1_3.csv
451,1,1,0,Reader_1_4.csv
451,0,0,0,Reader_1_5.csv
451,1,1,0,Reader_1_6.csv
451,8,8,0,Reader_1_7.csv
451,1,0,1,Reader_1_8.csv
451,0,0,0,Reader_1_9.csv
451,2,2,0,Reader_2_1.csv
451,0,0,0,Reader_2_10.csv
451,0,0,0,Reader_2_11.csv
451,2,1,1,Reader_2_12.csv
451,0,0,0,Reader_2_2.csv
451,9,8,1,Reader_2_3.csv
451,1,1,0,Reader_2_4.csv
451,2,1,1,Reader_2_5.csv
451,2,2,0,Reader_2_6.csv
451,0,0,0,Reader_2_7.csv
451,2,1,1,Reader_2_8.csv
451,0,0,0,Reader_2_9.csv
451,8,5,3,reader_3_1.csv
451,32,28,4,Reader_3_2.csv
451,7,4,3,Reader_3_3.csv
451,7,4,3,Reader_3_4.csv
451,2,1,1,Reader_3_5.csv
451,3,3,0,Reader_3_6.csv
451,16,15,1,Reader_3_7.csv
452,5,1,4,Reader_1_1.csv
452,0,0,0,Reader_1_10.csv
452,0,0,0,Reader_1_11.csv
452,2,2,0,Reader_1_12.csv
452,5,3,2,Reader_1_2.csv
452,2,2,0,Reader_1_3.csv
452,1,1,0,Reader_1_4.csv
452,0,0,0,Reader_1_5.csv
452,1,1,0,Reader_1_6.csv
452,7,7,0,Reader_1_7.csv
452,1,0,1,Reader_1_8.csv
452,0,0,0,Reader_1_9.csv
452,2,2,0,Reader_2_1.csv
452,0,0,0,Reader_2_10.csv
452,0,0,0,Reader_2_11.csv
452,2,1,1,Reader_2_12.csv
452,1,1,0,Reader_2_2.csv
452,10,9,1,Reader_2_3.csv
452,1,1,0,Reader_2_4.csv
452,2,1,1,Reader_2_5.csv
452,2,2,0,Reader_2_6.csv
452,0,0,0,Reader_2_7.csv
452,1,1,0,Reader_2_8.csv
452,0,0,0,Reader_2_9.csv
452,8,5,3,reader_3_1.csv
452,31,27,4,Reader_3_2.csv
452,4,2,2,Reader_3_3.csv
452,4,2,2,Reader_3_4.csv
452,2,1,1,Reader_3_5.csv
452,2,2,0,Reader_3_6.csv
452,16,15,1,Reader_3_7.csv
453,4,1,3,Reader_1_1.csv
453,0,0,0,Reader_1_10.csv
453,3,2,1,Reader_1_11.csv
453,2,2,0,Reader_1_12.csv
453,4,3,1,Reader_1_2.csv
453,2,2,0,Reader_1_3.csv
453,2,2,0,Reader_1_4.csv
453,0,0,0,Reader_1_5.csv
453,1,1,0,Reader_1_6.csv
453,7,7,0,Reader_1_7.csv
453,1,0,1,Reader_1_8.csv
453,0,0,0,Reader_1_9.csv
453,1,1,0,Reader_2_1.csv
453,0,0,0,Reader_2_10.csv
453,0,0,0,Reader_2_11.csv
453,4,2,2,Reader_2_12.csv
453,2,2,0,Reader_2_2.csv
453,11,10,1,Reader_2_3.csv
453,1,1,0,Reader_2_4.csv
453,2,1,1,Reader_2_5.csv
453,2,2,0,Reader_2_6.csv
453,1,1,0,Reader_2_7.csv
453,1,1,0,Reader_2_8.csv
453,0,0,0,Reader_2_9.csv
453,7,5,2,reader_3_1.csv
453,33,30,3,Reader_3_2.csv
453,5,3,2,Reader_3_3.csv
453,5,3,2,Reader_3_4.csv
453,2,1,1,Reader_3_5.csv
453,3,3,0,Reader_3_6.csv
453,17,16,1,Reader_3_7.csv
454,5,2,3,Reader_1_1.csv
454,0,0,0,Reader_1_10.csv
454,5,4,1,Reader_1_11.csv
454,2,2,0,Reader_1_12.csv
454,6,4,2,Reader_1_2.csv
454,2,2,0,Reader_1_3.csv
454,2,2,0,Reader_1_4.csv
454,0,0,0,Reader_1_5.csv
454,1,1,0,Reader_1_6.csv
454,7,7,0,Reader_1_7.csv
454,1,0,1,Reader_1_8.csv
454,0,0,0,Reader_1_9.csv
454,1,1,0,Reader_2_1.csv
454,1,1,0,Reader_2_10.csv
454,0,0,0,Reader_2_11.csv
454,3,2,1,Reader_2_12.csv
454,2,2,0,Reader_2_2.csv
454,12,11,1,Reader_2_3.csv
454,1,1,0,Reader_2_4.csv
454,2,1,1,Reader_2_5.csv
454,2,2,0,Reader_2_6.csv
454,1,1,0,Reader_2_7.csv
454,1,1,0,Reader_2_8.csv
454,0,0,0,Reader_2_9.csv
454,8,6,2,reader_3_1.csv
454,31,28,3,Reader_3_2.csv
454,4,3,1,Reader_3_3.csv
454,4,3,1,Reader_3_4.csv
454,4,3,1,Reader_3_5.csv
454,4,4,0,Reader_3_6.csv
454,17,16,1,Reader_3_7.csv
455,3,1,2,Reader_1_1.csv
455,0,0,0,Reader_1_10.csv
455,5,4,1,Reader_1_11.csv
455,1,1,0,Reader_1_12.csv
455,4,3,1,Reader_1_2.csv
455,2,2,0,Reader_1_3.csv
455,2,2,0,Reader_1_4.csv
455,0,0,0,Reader_1_5.csv
455,1,1,0,Reader_1_6.csv
455,5,5,0,Reader_1_7.csv
455,1,0,1,Reader_1_8.csv
455,0,0,0,Reader_1_9.csv
455,1,1,0,Reader_2_1.csv
455,1,1,0,Reader_2_10.csv
455,0,0,0,Reader_2_11.csv
455,4,2,2,Reader_2_12.csv
455,2,2,0,Reader_2_2.csv
455,13,12,1,Reader_2_3.csv
455,1,1,0,Reader_2_4.csv
455,1,1,0,Reader_2_5.csv
455,2,2,0,Reader_2_6.csv
455,1,1,0,Reader_2_7.csv
455,1,1,0,Reader_2_8.csv
455,0,0,0,Reader_2_9.csv
455,8,7,1,reader_3_1.csv
455,29,28,1,Reader_3_2.csv
455,4,3,1,Reader_3_3.csv
455,4,3,1,Reader_3_4.csv
455,3,2,1,Reader_3_5.csv
455,5,5,0,Reader_3_6.csv
455,18,16,2,Reader_3_7.csv
456,3,1,2,Reader_1_1.csv
456,0,0,0,Reader_1_10.csv
456,5,4,1,Reader_1_11.csv
456,1,1,0,Reader_1_12.csv
456,4,3,1,Reader_1_2.csv
456,2,2,0,Reader_1_3.csv
456,2,2,0,Reader_1_4.csv
456,0,0,0,Reader_1_5.csv
456,2,1,1,Reader_1_6.csv
456,4,4,0,Reader_1_7.csv
456,0,0,0,Reader_1_8.csv
456,0,0,0,Reader_1_9.csv
456,1,1,0,Reader_2_1.csv
456,1,1,0,Reader_2_10.csv
456,0,0,0,Reader_2_11.csv
456,4,2,2,Reader_2_12.csv
456,2,2,0,Reader_2_2.csv
456,15,14,1,Reader_2_3.csv
456,1,1,0,Reader_2_4.csv
456,1,1,0,Reader_2_5.csv
456,0,0,0,Reader_2_6.csv
456,2,2,0,Reader_2_7.csv
456,1,1,0,Reader_2_8.csv
456,0,0,0,Reader_2_9.csv
456,6,6,0,reader_3_1.csv
456,28,27,1,Reader_3_2.csv
456,4,3,1,Reader_3_3.csv
456,4,3,1,Reader_3_4.csv
456,3,2,1,Reader_3_5.csv
456,5,5,0,Reader_3_6.csv
456,16,14,2,Reader_3_7.csv
457,2,1,1,Reader_1_1.csv
457,0,0,0,Reader_1_10.csv
457,5,4,1,Reader_1_11.csv
457,0,0,0,Reader_1_12.csv
457,4,3,1,Reader_1_2.csv
457,1,1,0,Reader_1_3.csv
457,3,2,1,Reader_1_4.csv
457,1,0,1,Reader_1_5.csv
457,2,1,1,Reader_1_6.csv
457,1,1,0,Reader_1_7.csv
457,0,0,0,Reader_1_8.csv
457,0,0,0,Reader_1_9.csv
457,2,2,0,Reader_2_1.csv
457,1,1,0,Reader_2_10.csv
457,0,0,0,Reader_2_11.csv
457,4,2,2,Reader_2_12.csv
457,2,2,0,Reader_2_2.csv
457,15,14,1,Reader_2_3.csv
457,0,0,0,Reader_2_4.csv
457,2,2,0,Reader_2_5.csv
457,0,0,0,Reader_2_6.csv
457,2,2,0,Reader_2_7.csv
457,1,1,0,Reader_2_8.csv
457,0,0,0,Reader_2_9.csv
457,6,6,0,reader_3_1.csv
457,24,24,0,Reader_3_2.csv
457,3,2,1,Reader_3_3.csv
457,3,2,1,Reader_3_4.csv
457,4,2,2,Reader_3_5.csv
457,6,6,0,Reader_3_6.csv
457,13,12,1,Reader_3_7.csv
458,2,1,1,Reader_1_1.csv
458,0,0,0,Reader_1_10.csv
458,5,4,1,Reader_1_11.csv
458,0,0,0,Reader_1_12.csv
458,3,2,1,Reader_1_2.csv
458,1,1,0,Reader_1_3.csv
458,3,2,1,Reader_1_4.csv
458,1,0,1,Reader_1_5.csv
458,2,1,1,Reader_1_6.csv
458,1,1,0,Reader_1_7.csv
458,0,0,0,Reader_1_8.csv
458,0,0,0,Reader_1_9.csv
458,2,2,0,Reader_2_1.csv
458,1,1,0,Reader_2_10.csv
458,0,0,0,Reader_2_11.csv
458,4,2,2,Reader_2_12.csv
458,2,2,0,Reader_2_2.csv
458,10,9,1,Reader_2_3.csv
458,0,0,0,Reader_2_4.csv
458,1,1,0,Reader_2_5.csv
458,0,0,0,Reader_2_6.csv
458,2,2,0,Reader_2_7.csv
458,1,1,0,Reader_2_8.csv
458,0,0,0,Reader_2_9.csv
458,5,5,0,reader_3_1.csv
458,19,19,0,Reader_3_2.csv
458,3,3,0,Reader_3_3.csv
458,3,3,0,Reader_3_4.csv
458,3,2,1,Reader_3_5.csv
458,6,5,1,Reader_3_6.csv
458,11,10,1,Reader_3_7.csv
459,2,2,0,Reader_1_1.csv
459,0,0,0,Reader_1_10.csv
459,6,5,1,Reader_1_11.csv
459,0,0,0,Reader_1_12.csv
459,3,2,1,Reader_1_2.csv
459,2,1,1,Reader_1_3.csv
459,2,1,1,Reader_1_4.csv
459,1,0,1,Reader_1_5.csv
459,1,0,1,Reader_1_6.csv
459,1,1,0,Reader_1_7.csv
459,0,0,0,Reader_1_8.csv
459,0,0,0,Reader_1_9.csv
459,1,1,0,Reader_2_1.csv
459,1,1,0,Reader_2_10.csv
459,0,0,0,Reader_2_11.csv
459,4,2,2,Reader_2_12.csv
459,2,2,0,Reader_2_2.csv
459,10,9,1,Reader_2_3.csv
459,0,0,0,Reader_2_4.csv
459,1,1,0,Reader_2_5.csv
459,0,0,0,Reader_2_6.csv
459,2,2,0,Reader_2_7.csv
459,0,0,0,Reader_2_8.csv
459,0,0,0,Reader_2_9.csv
459,4,4,0,reader_3_1.csv
459,17,17,0,Reader_3_2.csv
459,4,4,0,Reader_3_3.csv
459,4,4,0,Reader_3_4.csv
459,4,3,1,Reader_3_5.csv
459,5,4,1,Reader_3_6.csv
459,9,8,1,Reader_3_7.csv
460,3,3,0,Reader_1_1.csv
460,0,0,0,Reader_1_10.csv
460,6,5,1,Reader_1_11.csv
460,0,0,0,Reader_1_12.csv
460,3,2,1,Reader_1_2.csv
460,1,0,1,Reader_1_3.csv
460,2,1,1,Reader_1_4.csv
460,1,0,1,Reader_1_5.csv
460,1,0,1,Reader_1_6.csv
460,1,1,0,Reader_1_7.csv
460,0,0,0,Reader_1_8.csv
460,0,0,0,Reader_1_9.csv
460,1,1,0,Reader_2_1.csv
460,1,1,0,Reader_2_10.csv
460,0,0,0,Reader_2_11.csv
460,4,2,2,Reader_2_12.csv
460,1,1,0,Reader_2_2.csv
460,10,9,1,Reader_2_3.csv
460,0,0,0,Reader_2_4.csv
460,1,1,0,Reader_2_5.csv
460,0,0,0,Reader_2_6.csv
460,2,2,0,Reader_2_7.csv
460,0,0,0,Reader_2_8.csv
460,0,0,0,Reader_2_9.csv
460,6,5,1,reader_3_1.csv
460,19,17,2,Reader_3_2.csv
460,4,4,0,Reader_3_3.csv
460,4,4,0,Reader_3_4.csv
460,5,4,1,Reader_3_5.csv
460,5,4,1,Reader_3_6.csv
460,8,7,1,Reader_3_7.csv
461,3,3,0,Reader_1_1.csv
461,1,1,0,Reader_1_10.csv
461,3,3,0,Reader_1_11.csv
461,0,0,0,Reader_1_12.csv
461,3,2,1,Reader_1_2.csv
461,1,0,1,Reader_1_3.csv
461,2,1,1,Reader_1_4.csv
461,1,0,1,Reader_1_5.csv
461,1,0,1,Reader_1_6.csv
461,1,1,0,Reader_1_7.csv
461,0,0,0,Reader_1_8.csv
461,0,0,0,Reader_1_9.csv
461,1,1,0,Reader_2_1.csv
461,1,1,0,Reader_2_10.csv
461,0,0,0,Reader_2_11.csv
461,2,1,1,Reader_2_12.csv
461,0,0,0,Reader_2_2.csv
461,9,8,1,Reader_2_3.csv
461,0,0,0,Reader_2_4.csv
461,1,1,0,Reader_2_5.csv
461,0,0,0,Reader_2_6.csv
461,1,1,0,Reader_2_7.csv
461,0,0,0,Reader_2_8.csv
461,0,0,0,Reader_2_9.csv
461,4,3,1,reader_3_1.csv
461,15,13,2,Reader_3_2.csv
461,3,3,0,Reader_3_3.csv
461,3,3,0,Reader_3_4.csv
461,5,4,1,Reader_3_5.csv
461,4,3,1,Reader_3_6.csv
461,7,6,1,Reader_3_7.csv
462,2,2,0,Reader_1_1.csv
462,1,1,0,Reader_1_10.csv
462,2,1,1,Reader_1_11.csv
462,0,0,0,Reader_1_12.csv
462,1,1,0,Reader_1_2.csv
462,1,0,1,Reader_1_3.csv
462,2,1,1,Reader_1_4.csv
462,1,0,1,Reader_1_5.csv
462,1,0,1,Reader_1_6.csv
462,0,0,0,Reader_1_7.csv
462,0,0,0,Reader_1_8.csv
462,0,0,0,Reader_1_9.csv
462,1,1,0,Reader_2_1.csv
462,0,0,0,Reader_2_10.csv
462,0,0,0,Reader_2_11.csv
462,2,1,1,Reader_2_12.csv
462,0,0,0,Reader_2_2.csv
462,9,8,1,Reader_2_3.csv
462,0,0,0,Reader_2_4.csv
462,1,1,0,Reader_2_5.csv
462,0,0,0,Reader_2_6.csv
462,2,2,0,Reader_2_7.csv
462,0,0,0,Reader_2_8.csv
462,0,0,0,Reader_2_9.csv
462,5,3,2,reader_3_1.csv
462,19,17,2,Reader_3_2.csv
462,3,3,0,Reader_3_3.csv
462,3,3,0,Reader_3_4.csv
462,3,2,1,Reader_3_5.csv
462,3,2,1,Reader_3_6.csv
462,7,6,1,Reader_3_7.csv
463,3,3,0,Reader_1_1.csv
463,1,1,0,Reader_1_10.csv
463,2,1,1,Reader_1_11.csv
463,0,0,0,Reader_1_12.csv
463,1,1,0,Reader_1_2.csv
463,1,0,1,Reader_1_3.csv
463,2,1,1,Reader_1_4.csv
463,1,0,1,Reader_1_5.csv
463,1,0,1,Reader_1_6.csv
463,0,0,0,Reader_1_7.csv
463,0,0,0,Reader_1_8.csv
463,0,0,0,Reader_1_9.csv
463,1,1,0,Reader_2_1.csv
463,0,0,0,Reader_2_10.csv
463,0,0,0,Reader_2_11.csv
463,1,1,0,Reader_2_12.csv
463,0,0,0,Reader_2_2.csv
463,9,8,1,Reader_2_3.csv
463,0,0,0,Reader_2_4.csv
463,1,1,0,Reader_2_5.csv
463,0,0,0,Reader_2_6.csv
463,2,2,0,Reader_2_7.csv
463,0,0,0,Reader_2_8.csv
463,0,0,0,Reader_2_9.csv
463,5,3,2,reader_3_1.csv
463,17,15,2,Reader_3_2.csv
463,3,3,0,Reader_3_3.csv
463,3,3,0,Reader_3_4.csv
463,3,2,1,Reader_3_5.csv
463,3,2,1,Reader_3_6.csv
463,8,8,0,Reader_3_7.csv
464,4,3,1,Reader_1_1.csv
464,1,1,0,Reader_1_10.csv
464,2,1,1,Reader_1_11.csv
464,0,0,0,Reader_1_12.csv
464,1,1,0,Reader_1_2.csv
464,1,0,1,Reader_1_3.csv
464,3,2,1,Reader_1_4.csv
464,1,0,1,Reader_1_5.csv
464,0,0,0,Reader_1_6.csv
464,0,0,0,Reader_1_7.csv
464,0,0,0,Reader_1_8.csv
464,0,0,0,Reader_1_9.csv
464,1,1,0,Reader_2_1.csv
464,0,0,0,Reader_2_10.csv
464,0,0,0,Reader_2_11.csv
464,1,1,0,Reader_2_12.csv
464,0,0,0,Reader_2_2.csv
464,7,6,1,Reader_2_3.csv
464,0,0,0,Reader_2_4.csv
464,1,1,0,Reader_2_5.csv
464,0,0,0,Reader_2_6.csv
464,1,1,0,Reader_2_7.csv
464,0,0,0,Reader_2_8.csv
464,0,0,0,Reader_2_9.csv
464,6,4,2,reader_3_1.csv
464,19,17,2,Reader_3_2.csv
464,3,3,0,Reader_3_3.csv
464,3,3,0,Reader_3_4.csv
464,5,3,2,Reader_3_5.csv
464,4,2,2,Reader_3_6.csv
464,6,6,0,Reader_3_7.csv
465,4,3,1,Reader_1_1.csv
465,1,1,0,Reader_1_10.csv
465,2,1,1,Reader_1_11.csv
465,0,0,0,Reader_1_12.csv
465,1,1,0,Reader_1_2.csv
465,1,0,1,Reader_1_3.csv
465,2,2,0,Reader_1_4.csv
465,0,0,0,Reader_1_5.csv
465,0,0,0,Reader_1_6.csv
465,0,0,0,Reader_1_7.csv
465,0,0,0,Reader_1_8.csv
465,0,0,0,Reader_1_9.csv
465,0,0,0,Reader_2_1.csv
465,0,0,0,Reader_2_10.csv
465,0,0,0,Reader_2_11.csv
465,1,0,1,Reader_2_12.csv
465,0,0,0,Reader_2_2.csv
465,6,5,1,Reader_2_3.csv
465,0,0,0,Reader_2_4.csv
465,0,0,0,Reader_2_5.csv
465,0,0,0,Reader_2_6.csv
465,1,1,0,Reader_2_7.csv
465,0,0,0,Reader_2_8.csv
465,0,0,0,Reader_2_9.csv
465,7,5,2,reader_3_1.csv
465,18,16,2,Reader_3_2.csv
465,2,2,0,Reader_3_3.csv
465,2,2,0,Reader_3_4.csv
465,4,3,1,Reader_3_5.csv
465,4,1,3,Reader_3_6.csv
465,7,7,0,Reader_3_7.csv
466,4,3,1,Reader_1_1.csv
466,1,1,0,Reader_1_10.csv
466,2,1,1,Reader_1_11.csv
466,1,0,1,Reader_1_12.csv
466,1,1,0,Reader_1_2.csv
466,1,0,1,Reader_1_3.csv
466,5,3,2,Reader_1_4.csv
466,0,0,0,Reader_1_5.csv
466,0,0,0,Reader_1_6.csv
466,0,0,0,Reader_1_7.csv
466,0,0,0,Reader_1_8.csv
466,0,0,0,Reader_1_9.csv
466,0,0,0,Reader_2_1.csv
466,0,0,0,Reader_2_10.csv
466,0,0,0,Reader_2_11.csv
466,2,1,1,Reader_2_12.csv
466,0,0,0,Reader_2_2.csv
466,6,6,0,Reader_2_3.csv
466,0,0,0,Reader_2_4.csv
466,0,0,0,Reader_2_5.csv
466,0,0,0,Reader_2_6.csv
466,2,2,0,Reader_2_7.csv
466,0,0,0,Reader_2_8.csv
466,0,0,0,Reader_2_9.csv
466,7,5,2,reader_3_1.csv
466,18,16,2,Reader_3_2.csv
466,1,1,0,Reader_3_3.csv
466,1,1,0,Reader_3_4.csv
466,4,3,1,Reader_3_5.csv
466,4,2,2,Reader_3_6.csv
466,7,7,0,Reader_3_7.csv
467,3,2,1,Reader_1_1.csv
467,1,1,0,Reader_1_10.csv
467,1,0,1,Reader_1_11.csv
467,1,0,1,Reader_1_12.csv
467,1,1,0,Reader_1_2.csv
467,0,0,0,Reader_1_3.csv
467,5,3,2,Reader_1_4.csv
467,0,0,0,Reader_1_5.csv
467,0,0,0,Reader_1_6.csv
467,0,0,0,Reader_1_7.csv
467,0,0,0,Reader_1_8.csv
467,0,0,0,Reader_1_9.csv
467,0,0,0,Reader_2_1.csv
467,0,0,0,Reader_2_10.csv
467,0,0,0,Reader_2_11.csv
467,2,1,1,Reader_2_12.csv
467,0,0,0,Reader_2_2.csv
467,5,5,0,Reader_2_3.csv
467,0,0,0,Reader_2_4.csv
467,0,0,0,Reader_2_5.csv
467,0,0,0,Reader_2_6.csv
467,2,2,0,Reader_2_7.csv
467,0,0,0,Reader_2_8.csv
467,0,0,0,Reader_2_9.csv
467,9,7,2,reader_3_1.csv
467,15,13,2,Reader_3_2.csv
467,1,0,1,Reader_3_3.csv
467,1,0,1,Reader_3_4.csv
467,4,3,1,Reader_3_5.csv
467,4,2,2,Reader_3_6.csv
467,7,7,0,Reader_3_7.csv
468,2,1,1,Reader_1_1.csv
468,1,1,0,Reader_1_10.csv
468,1,0,1,Reader_1_11.csv
468,1,0,1,Reader_1_12.csv
468,0,0,0,Reader_1_2.csv
468,0,0,0,Reader_1_3.csv
468,7,5,2,Reader_1_4.csv
468,0,0,0,Reader_1_5.csv
468,0,0,0,Reader_1_6.csv
468,0,0,0,Reader_1_7.csv
468,0,0,0,Reader_1_8.csv
468,1,1,0,Reader_1_9.csv
468,0,0,0,Reader_2_1.csv
468,0,0,0,Reader_2_10.csv
468,0,0,0,Reader_2_11.csv
468,2,1,1,Reader_2_12.csv
468,0,0,0,Reader_2_2.csv
468,4,4,0,Reader_2_3.csv
468,0,0,0,Reader_2_4.csv
468,0,0,0,Reader_2_5.csv
468,0,0,0,Reader_2_6.csv
468,2,2,0,Reader_2_7.csv
468,0,0,0,Reader_2_8.csv
468,0,0,0,Reader_2_9.csv
468,9,8,1,reader_3_1.csv
468,13,13,0,Reader_3_2.csv
468,1,0,1,Reader_3_3.csv
468,1,0,1,Reader_3_4.csv
468,4,3,1,Reader_3_5.csv
468,4,2,2,Reader_3_6.csv
468,8,8,0,Reader_3_7.csv
469,2,1,1,Reader_1_1.csv
469,0,0,0,Reader_1_10.csv
469,2,1,1,Reader_1_11.csv
469,1,0,1,Reader_1_12.csv
469,0,0,0,Reader_1_2.csv
469,0,0,0,Reader_1_3.csv
469,7,5,2,Reader_1_4.csv
469,1,1,0,Reader_1_5.csv
469,0,0,0,Reader_1_6.csv
469,0,0,0,Reader_1_7.csv
469,0,0,0,Reader_1_8.csv
469,1,1,0,Reader_1_9.csv
469,2,2,0,Reader_2_1.csv
469,0,0,0,Reader_2_10.csv
469,0,0,0,Reader_2_11.csv
469,2,1,1,Reader_2_12.csv
469,0,0,0,Reader_2_2.csv
469,3,3,0,Reader_2_3.csv
469,0,0,0,Reader_2_4.csv
469,0,0,0,Reader_2_5.csv
469,0,0,0,Reader_2_6.csv
469,2,2,0,Reader_2_7.csv
469,0,0,0,Reader_2_8.csv
469,0,0,0,Reader_2_9.csv
469,12,11,1,reader_3_1.csv
469,12,12,0,Reader_3_2.csv
469,3,2,1,Reader_3_3.csv
469,3,2,1,Reader_3_4.csv
469,5,4,1,Reader_3_5.csv
469,4,2,2,Reader_3_6.csv
469,7,7,0,Reader_3_7.csv
470,2,1,1,Reader_1_1.csv
470,0,0,0,Reader_1_10.csv
470,1,1,0,Reader_1_11.csv
470,1,0,1,Reader_1_12.csv
470,0,0,0,Reader_1_2.csv
470,0,0,0,Reader_1_3.csv
470,7,5,2,Reader_1_4.csv
470,2,1,1,Reader_1_5.csv
470,0,0,0,Reader_1_6.csv
470,0,0,0,Reader_1_7.csv
470,0,0,0,Reader_1_8.csv
470,1,1,0,Reader_1_9.csv
470,2,2,0,Reader_2_1.csv
470,0,0,0,Reader_2_10.csv
470,0,0,0,Reader_2_11.csv
470,2,1,1,Reader_2_12.csv
470,0,0,0,Reader_2_2.csv
470,4,3,1,Reader_2_3.csv
470,0,0,0,Reader_2_4.csv
470,0,0,0,Reader_2_5.csv
470,0,0,0,Reader_2_6.csv
470,1,1,0,Reader_2_7.csv
470,1,1,0,Reader_2_8.csv
470,0,0,0,Reader_2_9.csv
470,11,11,0,reader_3_1.csv
470,10,10,0,Reader_3_2.csv
470,5,4,1,Reader_3_3.csv
470,5,4,1,Reader_3_4.csv
470,6,5,1,Reader_3_5.csv
470,4,2,2,Reader_3_6.csv
470,7,7,0,Reader_3_7.csv
471,1,0,1,Reader_1_1.csv
471,1,0,1,Reader_1_10.csv
471,1,1,0,Reader_1_11.csv
471,1,0,1,Reader_1_12.csv
471,0,0,0,Reader_1_2.csv
471,0,0,0,Reader_1_3.csv
471,7,5,2,Reader_1_4.csv
471,2,1,1,Reader_1_5.csv
471,0,0,0,Reader_1_6.csv
471,0,0,0,Reader_1_7.csv
471,0,0,0,Reader_1_8.csv
471,2,1,1,Reader_1_9.csv
471,3,3,0,Reader_2_1.csv
471,0,0,0,Reader_2_10.csv
471,0,0,0,Reader_2_11.csv
471,2,1,1,Reader_2_12.csv
471,0,0,0,Reader_2_2.csv
471,3,2,1,Reader_2_3.csv
471,0,0,0,Reader_2_4.csv
471,0,0,0,Reader_2_5.csv
471,0,0,0,Reader_2_6.csv
471,1,1,0,Reader_2_7.csv
471,1,1,0,Reader_2_8.csv
471,0,0,0,Reader_2_9.csv
471,11,11,0,reader_3_1.csv
471,10,10,0,Reader_3_2.csv
471,5,4,1,Reader_3_3.csv
471,5,4,1,Reader_3_4.csv
471,6,5,1,Reader_3_5.csv
471,4,1,3,Reader_3_6.csv
471,4,4,0,Reader_3_7.csv
472,1,1,0,Reader_1_1.csv
472,1,0,1,Reader_1_10.csv
472,2,2,0,Reader_1_11.csv
472,1,0,1,Reader_1_12.csv
472,0,0,0,Reader_1_2.csv
472,0,0,0,Reader_1_3.csv
472,8,6,2,Reader_1_4.csv
472,2,1,1,Reader_1_5.csv
472,0,0,0,Reader_1_6.csv
472,0,0,0,Reader_1_7.csv
472,0,0,0,Reader_1_8.csv
472,2,1,1,Reader_1_9.csv
472,4,4,0,Reader_2_1.csv
472,0,0,0,Reader_2_10.csv
472,0,0,0,Reader_2_11.csv
472,2,1,1,Reader_2_12.csv
472,0,0,0,Reader_2_2.csv
472,4,3,1,Reader_2_3.csv
472,0,0,0,Reader_2_4.csv
472,0,0,0,Reader_2_5.csv
472,0,0,0,Reader_2_6.csv
472,1,1,0,Reader_2_7.csv
472,1,1,0,Reader_2_8.csv
472,0,0,0,Reader_2_9.csv
472,11,11,0,reader_3_1.csv
472,7,7,0,Reader_3_2.csv
472,6,5,1,Reader_3_3.csv
472,6,5,1,Reader_3_4.csv
472,5,5,0,Reader_3_5.csv
472,3,1,2,Reader_3_6.csv
472,5,5,0,Reader_3_7.csv
473,1,1,0,Reader_1_1.csv
473,1,0,1,Reader_1_10.csv
473,2,2,0,Reader_1_11.csv
473,1,0,1,Reader_1_12.csv
473,0,0,0,Reader_1_2.csv
473,0,0,0,Reader_1_3.csv
473,8,6,2,Reader_1_4.csv
473,4,3,1,Reader_1_5.csv
473,0,0,0,Reader_1_6.csv
473,1,1,0,Reader_1_7.csv
473,1,1,0,Reader_1_8.csv
473,2,1,1,Reader_1_9.csv
473,4,4,0,Reader_2_1.csv
473,0,0,0,Reader_2_10.csv
473,0,0,0,Reader_2_11.csv
473,1,1,0,Reader_2_12.csv
473,0,0,0,Reader_2_2.csv
473,5,4,1,Reader_2_3.csv
473,0,0,0,Reader_2_4.csv
473,0,0,0,Reader_2_5.csv
473,0,0,0,Reader_2_6.csv
473,1,1,0,Reader_2_7.csv
473,1,1,0,Reader_2_8.csv
473,0,0,0,Reader_2_9.csv
473,13,13,0,reader_3_1.csv
473,7,7,0,Reader_3_2.csv
473,6,5,1,Reader_3_3.csv
473,6,5,1,Reader_3_4.csv
473,5,5,0,Reader_3_5.csv
473,2,1,1,Reader_3_6.csv
473,4,4,0,Reader_3_7.csv
474,1,1,0,Reader_1_1.csv
474,1,0,1,Reader_1_10.csv
474,2,2,0,Reader_1_11.csv
474,0,0,0,Reader_1_12.csv
474,0,0,0,Reader_1_2.csv
474,0,0,0,Reader_1_3.csv
474,6,6,0,Reader_1_4.csv
474,4,3,1,Reader_1_5.csv
474,0,0,0,Reader_1_6.csv
474,1,1,0,Reader_1_7.csv
474,1,1,0,Reader_1_8.csv
474,2,1,1,Reader_1_9.csv
474,4,4,0,Reader_2_1.csv
474,0,0,0,Reader_2_10.csv
474,0,0,0,Reader_2_11.csv
474,0,0,0,Reader_2_12.csv
474,0,0,0,Reader_2_2.csv
474,6,5,1,Reader_2_3.csv
474,0,0,0,Reader_2_4.csv
474,0,0,0,Reader_2_5.csv
474,0,0,0,Reader_2_6.csv
474,0,0,0,Reader_2_7.csv
474,1,1,0,Reader_2_8.csv
474,0,0,0,Reader_2_9.csv
474,14,14,0,reader_3_1.csv
474,7,7,0,Reader_3_2.csv
474,6,5,1,Reader_3_3.csv
474,6,5,1,Reader_3_4.csv
474,7,7,0,Reader_3_5.csv
474,1,0,1,Reader_3_6.csv
474,4,4,0,Reader_3_7.csv
475,3,2,1,Reader_1_1.csv
475,2,1,1,Reader_1_10.csv
475,3,3,0,Reader_1_11.csv
475,0,0,0,Reader_1_12.csv
475,0,0,0,Reader_1_2.csv
475,0,0,0,Reader_1_3.csv
475,7,7,0,Reader_1_4.csv
475,4,3,1,Reader_1_5.csv
475,1,1,0,Reader_1_6.csv
475,1,1,0,Reader_1_7.csv
475,1,1,0,Reader_1_8.csv
475,3,2,1,Reader_1_9.csv
475,4,4,0,Reader_2_1.csv
475,0,0,0,Reader_2_10.csv
475,0,0,0,Reader_2_11.csv
475,0,0,0,Reader_2_12.csv
475,1,0,1,Reader_2_2.csv
475,6,5,1,Reader_2_3.csv
475,0,0,0,Reader_2_4.csv
475,0,0,0,Reader_2_5.csv
475,0,0,0,Reader_2_6.csv
475,0,0,0,Reader_2_7.csv
475,2,2,0,Reader_2_8.csv
475,0,0,0,Reader_2_9.csv
475,13,13,0,reader_3_1.csv
475,8,8,0,Reader_3_2.csv
475,7,7,0,Reader_3_3.csv
475,7,7,0,Reader_3_4.csv
475,6,6,0,Reader_3_5.csv
475,1,0,1,Reader_3_6.csv
475,4,4,0,Reader_3_7.csv
476,4,3,1,Reader_1_1.csv
476,2,1,1,Reader_1_10.csv
476,3,3,0,Reader_1_11.csv
476,0,0,0,Reader_1_12.csv
476,1,1,0,Reader_1_2.csv
476,0,0,0,Reader_1_3.csv
476,6,6,0,Reader_1_4.csv
476,4,3,1,Reader_1_5.csv
476,1,1,0,Reader_1_6.csv
476,1,1,0,Reader_1_7.csv
476,1,1,0,Reader_1_8.csv
476,2,1,1,Reader_1_9.csv
476,5,5,0,Reader_2_1.csv
476,0,0,0,Reader_2_10.csv
476,0,0,0,Reader_2_11.csv
476,1,1,0,Reader_2_12.csv
476,1,0,1,Reader_2_2.csv
476,7,6,1,Reader_2_3.csv
476,0,0,0,Reader_2_4.csv
476,0,0,0,Reader_2_5.csv
476,0,0,0,Reader_2_6.csv
476,0,0,0,Reader_2_7.csv
476,3,3,0,Reader_2_8.csv
476,0,0,0,Reader_2_9.csv
476,13,13,0,reader_3_1.csv
476,7,7,0,Reader_3_2.csv
476,7,7,0,Reader_3_3.csv
476,7,7,0,Reader_3_4.csv
476,7,7,0,Reader_3_5.csv
476,2,0,2,Reader_3_6.csv
476,3,3,0,Reader_3_7.csv
477,5,3,2,Reader_1_1.csv
477,2,1,1,Reader_1_10.csv
477,2,2,0,Reader_1_11.csv
477,0,0,0,Reader_1_12.csv
477,1,1,0,Reader_1_2.csv
477,0,0,0,Reader_1_3.csv
477,6,6,0,Reader_1_4.csv
477,3,2,1,Reader_1_5.csv
477,1,1,0,Reader_1_6.csv
477,1,1,0,Reader_1_7.csv
477,1,1,0,Reader_1_8.csv
477,2,1,1,Reader_1_9.csv
477,3,3,0,Reader_2_1.csv
477,0,0,0,Reader_2_10.csv
477,0,0,0,Reader_2_11.csv
477,1,1,0,Reader_2_12.csv
477,2,1,1,Reader_2_2.csv
477,7,6,1,Reader_2_3.csv
477,0,0,0,Reader_2_4.csv
477,0,0,0,Reader_2_5.csv
477,0,0,0,Reader_2_6.csv
477,0,0,0,Reader_2_7.csv
477,5,4,1,Reader_2_8.csv
477,0,0,0,Reader_2_9.csv
477,11,11,0,reader_3_1.csv
477,7,6,1,Reader_3_2.csv
477,5,5,0,Reader_3_3.csv
477,5,5,0,Reader_3_4.csv
477,6,6,0,Reader_3_5.csv
477,2,0,2,Reader_3_6.csv
477,4,4,0,Reader_3_7.csv
478,5,3,2,Reader_1_1.csv
478,2,1,1,Reader_1_10.csv
478,2,2,0,Reader_1_11.csv
478,0,0,0,Reader_1_12.csv
478,2,2,0,Reader_1_2.csv
478,0,0,0,Reader_1_3.csv
478,8,7,1,Reader_1_4.csv
478,2,2,0,Reader_1_5.csv
478,1,1,0,Reader_1_6.csv
478,1,1,0,Reader_1_7.csv
478,1,1,0,Reader_1_8.csv
478,2,1,1,Reader_1_9.csv
478,3,3,0,Reader_2_1.csv
478,0,0,0,Reader_2_10.csv
478,0,0,0,Reader_2_11.csv
478,1,1,0,Reader_2_12.csv
478,2,1,1,Reader_2_2.csv
478,5,5,0,Reader_2_3.csv
478,0,0,0,Reader_2_4.csv
478,0,0,0,Reader_2_5.csv
478,1,1,0,Reader_2_6.csv
478,0,0,0,Reader_2_7.csv
478,4,3,1,Reader_2_8.csv
478,0,0,0,Reader_2_9.csv
478,11,11,0,reader_3_1.csv
478,5,4,1,Reader_3_2.csv
478,3,3,0,Reader_3_3.csv
478,3,3,0,Reader_3_4.csv
478,5,5,0,Reader_3_5.csv
478,2,0,2,Reader_3_6.csv
478,3,3,0,Reader_3_7.csv
479,6,3,3,Reader_1_1.csv
479,1,1,0,Reader_1_10.csv
479,2,2,0,Reader_1_11.csv
479,0,0,0,Reader_1_12.csv
479,3,3,0,Reader_1_2.csv
479,0,0,0,Reader_1_3.csv
479,9,8,1,Reader_1_4.csv
479,3,3,0,Reader_1_5.csv
479,1,1,0,Reader_1_6.csv
479,1,1,0,Reader_1_7.csv
479,1,1,0,Reader_1_8.csv
479,1,1,0,Reader_1_9.csv
479,2,2,0,Reader_2_1.csv
479,0,0,0,Reader_2_10.csv
479,0,0,0,Reader_2_11.csv
479,1,1,0,Reader_2_12.csv
479,2,1,1,Reader_2_2.csv
479,5,5,0,Reader_2_3.csv
479,0,0,0,Reader_2_4.csv
479,0,0,0,Reader_2_5.csv
479,1,1,0,Reader_2_6.csv
479,0,0,0,Reader_2_7.csv
479,5,3,2,Reader_2_8.csv
479,0,0,0,Reader_2_9.csv
479,11,11,0,reader_3_1.csv
479,11,9,2,Reader_3_2.csv
479,4,3,1,Reader_3_3.csv
479,4,3,1,Reader_3_4.csv
479,5,5,0,Reader_3_5.csv
479,1,0,1,Reader_3_6.csv
479,3,3,0,Reader_3_7.csv
480,6,3,3,Reader_1_1.csv
480,1,1,0,Reader_1_10.csv
480,1,1,0,Reader_1_11.csv
480,0,0,0,Reader_1_12.csv
480,3,3,0,Reader_1_2.csv
480,0,0,0,Reader_1_3.csv
480,9,7,2,Reader_1_4.csv
480,3,3,0,Reader_1_5.csv
480,1,1,0,Reader_1_6.csv
480,1,1,0,Reader_1_7.csv
480,1,1,0,Reader_1_8.csv
480,1,1,0,Reader_1_9.csv
480,1,1,0,Reader_2_1.csv
480,0,0,0,Reader_2_10.csv
480,0,0,0,Reader_2_11.csv
480,2,2,0,Reader_2_12.csv
480,2,1,1,Reader_2_2.csv
480,5,5,0,Reader_2_3.csv
480,0,0,0,Reader_2_4.csv
480,0,0,0,Reader_2_5.csv
480,1,1,0,Reader_2_6.csv
480,0,0,0,Reader_2_7.csv
480,5,3,2,Reader_2_8.csv
480,0,0,0,Reader_2_9.csv
480,10,10,0,reader_3_1.csv
480,14,12,2,Reader_3_2.csv
480,4,3,1,Reader_3_3.csv
480,4,3,1,Reader_3_4.csv
480,5,5,0,Reader_3_5.csv
480,1,0,1,Reader_3_6.csv
480,2,2,0,Reader_3_7.csv
481,7,3,4,Reader_1_1.csv
481,1,1,0,Reader_1_10.csv
481,2,2,0,Reader_1_11.csv
481,1,0,1,Reader_1_12.csv
481,5,5,0,Reader_1_2.csv
481,0,0,0,Reader_1_3.csv
481,10,8,2,Reader_1_4.csv
481,1,1,0,Reader_1_5.csv
481,1,1,0,Reader_1_6.csv
481,0,0,0,Reader_1_7.csv
481,0,0,0,Reader_1_8.csv
481,1,1,0,Reader_1_9.csv
481,1,1,0,Reader_2_1.csv
481,0,0,0,Reader_2_10.csv
481,0,0,0,Reader_2_11.csv
481,3,3,0,Reader_2_12.csv
481,2,1,1,Reader_2_2.csv
481,4,4,0,Reader_2_3.csv
481,0,0,0,Reader_2_4.csv
481,0,0,0,Reader_2_5.csv
481,1,1,0,Reader_2_6.csv
481,0,0,0,Reader_2_7.csv
481,6,4,2,Reader_2_8.csv
481,0,0,0,Reader_2_9.csv
481,8,8,0,reader_3_1.csv
481,18,16,2,Reader_3_2.csv
481,4,3,1,Reader_3_3.csv
481,4,3,1,Reader_3_4.csv
481,5,5,0,Reader_3_5.csv
481,1,0,1,Reader_3_6.csv
481,1,1,0,Reader_3_7.csv
482,7,3,4,Reader_1_1.csv
482,1,1,0,Reader_1_10.csv
482,2,2,0,Reader_1_11.csv
482,1,0,1,Reader_1_12.csv
482,6,6,0,Reader_1_2.csv
482,1,1,0,Reader_1_3.csv
482,11,8,3,Reader_1_4.csv
482,1,1,0,Reader_1_5.csv
482,2,2,0,Reader_1_6.csv
482,1,0,1,Reader_1_7.csv
482,0,0,0,Reader_1_8.csv
482,1,1,0,Reader_1_9.csv
482,1,1,0,Reader_2_1.csv
482,0,0,0,Reader_2_10.csv
482,0,0,0,Reader_2_11.csv
482,3,3,0,Reader_2_12.csv
482,2,1,1,Reader_2_2.csv
482,3,2,1,Reader_2_3.csv
482,0,0,0,Reader_2_4.csv
482,0,0,0,Reader_2_5.csv
482,1,1,0,Reader_2_6.csv
482,0,0,0,Reader_2_7.csv
482,6,4,2,Reader_2_8.csv
482,0,0,0,Reader_2_9.csv
482,8,8,0,reader_3_1.csv
482,21,19,2,Reader_3_2.csv
482,4,3,1,Reader_3_3.csv
482,4,3,1,Reader_3_4.csv
482,4,4,0,Reader_3_5.csv
482,1,0,1,Reader_3_6.csv
482,1,1,0,Reader_3_7.csv
483,5,2,3,Reader_1_1.csv
483,0,0,0,Reader_1_10.csv
483,1,1,0,Reader_1_11.csv
483,1,0,1,Reader_1_12.csv
483,6,6,0,Reader_1_2.csv
483,1,1,0,Reader_1_3.csv
483,10,7,3,Reader_1_4.csv
483,2,2,0,Reader_1_5.csv
483,1,1,0,Reader_1_6.csv
483,1,0,1,Reader_1_7.csv
483,0,0,0,Reader_1_8.csv
483,0,0,0,Reader_1_9.csv
483,2,2,0,Reader_2_1.csv
483,0,0,0,Reader_2_10.csv
483,0,0,0,Reader_2_11.csv
483,4,4,0,Reader_2_12.csv
483,1,1,0,Reader_2_2.csv
483,3,2,1,Reader_2_3.csv
483,0,0,0,Reader_2_4.csv
483,0,0,0,Reader_2_5.csv
483,1,1,0,Reader_2_6.csv
483,0,0,0,Reader_2_7.csv
483,5,3,2,Reader_2_8.csv
483,0,0,0,Reader_2_9.csv
483,8,8,0,reader_3_1.csv
483,24,22,2,Reader_3_2.csv
483,2,1,1,Reader_3_3.csv
483,2,1,1,Reader_3_4.csv
483,5,4,1,Reader_3_5.csv
483,1,0,1,Reader_3_6.csv
483,1,1,0,Reader_3_7.csv
484,6,2,4,Reader_1_1.csv
484,0,0,0,Reader_1_10.csv
484,1,1,0,Reader_1_11.csv
484,1,0,1,Reader_1_12.csv
484,5,5,0,Reader_1_2.csv
484,1,1,0,Reader_1_3.csv
484,11,8,3,Reader_1_4.csv
484,2,2,0,Reader_1_5.csv
484,1,1,0,Reader_1_6.csv
484,1,0,1,Reader_1_7.csv
484,0,0,0,Reader_1_8.csv
484,0,0,0,Reader_1_9.csv
484,1,1,0,Reader_2_1.csv
484,0,0,0,Reader_2_10.csv
484,0,0,0,Reader_2_11.csv
484,3,3,0,Reader_2_12.csv
484,1,1,0,Reader_2_2.csv
484,2,1,1,Reader_2_3.csv
484,0,0,0,Reader_2_4.csv
484,0,0,0,Reader_2_5.csv
484,1,1,0,Reader_2_6.csv
484,0,0,0,Reader_2_7.csv
484,4,2,2,Reader_2_8.csv
484,0,0,0,Reader_2_9.csv
484,7,7,0,reader_3_1.csv
484,26,22,4,Reader_3_2.csv
484,5,2,3,Reader_3_3.csv
484,5,2,3,Reader_3_4.csv
484,4,2,2,Reader_3_5.csv
484,0,0,0,Reader_3_6.csv
484,1,1,0,Reader_3_7.csv
485,5,2,3,Reader_1_1.csv
485,0,0,0,Reader_1_10.csv
485,1,1,0,Reader_1_11.csv
485,1,0,1,Reader_1_12.csv
485,5,5,0,Reader_1_2.csv
485,1,1,0,Reader_1_3.csv
485,10,7,3,Reader_1_4.csv
485,2,2,0,Reader_1_5.csv
485,1,1,0,Reader_1_6.csv
485,1,0,1,Reader_1_7.csv
485,0,0,0,Reader_1_8.csv
485,0,0,0,Reader_1_9.csv
485,1,1,0,Reader_2_1.csv
485,0,0,0,Reader_2_10.csv
485,0,0,0,Reader_2_11.csv
485,3,3,0,Reader_2_12.csv
485,0,0,0,Reader_2_2.csv
485,2,1,1,Reader_2_3.csv
485,0,0,0,Reader_2_4.csv
485,0,0,0,Reader_2_5.csv
485,1,1,0,Reader_2_6.csv
485,0,0,0,Reader_2_7.csv
485,2,1,1,Reader_2_8.csv
485,1,1,0,Reader_2_9.csv
485,8,8,0,reader_3_1.csv
485,28,25,3,Reader_3_2.csv
485,6,3,3,Reader_3_3.csv
485,6,3,3,Reader_3_4.csv
485,5,2,3,Reader_3_5.csv
485,0,0,0,Reader_3_6.csv
485,0,0,0,Reader_3_7.csv
486,5,2,3,Reader_1_1.csv
486,0,0,0,Reader_1_10.csv
486,2,2,0,Reader_1_11.csv
486,1,0,1,Reader_1_12.csv
486,4,4,0,Reader_1_2.csv
486,2,2,0,Reader_1_3.csv
486,9,6,3,Reader_1_4.csv
486,2,2,0,Reader_1_5.csv
486,1,1,0,Reader_1_6.csv
486,1,0,1,Reader_1_7.csv
486,0,0,0,Reader_1_8.csv
486,0,0,0,Reader_1_9.csv
486,1,1,0,Reader_2_1.csv
486,0,0,0,Reader_2_10.csv
486,0,0,0,Reader_2_11.csv
486,5,3,2,Reader_2_12.csv
486,0,0,0,Reader_2_2.csv
486,2,1,1,Reader_2_3.csv
486,0,0,0,Reader_2_4.csv
486,0,0,0,Reader_2_5.csv
486,0,0,0,Reader_2_6.csv
486,0,0,0,Reader_2_7.csv
486,3,1,2,Reader_2_8.csv
486,1,1,0,Reader_2_9.csv
486,8,8,0,reader_3_1.csv
486,28,25,3,Reader_3_2.csv
486,6,3,3,Reader_3_3.csv
486,6,3,3,Reader_3_4.csv
486,6,2,4,Reader_3_5.csv
486,0,0,0,Reader_3_6.csv
486,0,0,0,Reader_3_7.csv
487,4,2,2,Reader_1_1.csv
487,0,0,0,Reader_1_10.csv
487,2,2,0,Reader_1_11.csv
487,1,0,1,Reader_1_12.csv
487,4,4,0,Reader_1_2.csv
487,3,3,0,Reader_1_3.csv
487,8,5,3,Reader_1_4.csv
487,1,1,0,Reader_1_5.csv
487,1,1,0,Reader_1_6.csv
487,1,0,1,Reader_1_7.csv
487,0,0,0,Reader_1_8.csv
487,0,0,0,Reader_1_9.csv
487,2,2,0,Reader_2_1.csv
487,0,0,0,Reader_2_10.csv
487,0,0,0,Reader_2_11.csv
487,5,3,2,Reader_2_12.csv
487,0,0,0,Reader_2_2.csv
487,2,1,1,Reader_2_3.csv
487,1,0,1,Reader_2_4.csv
487,0,0,0,Reader_2_5.csv
487,0,0,0,Reader_2_6.csv
487,0,0,0,Reader_2_7.csv
487,2,1,1,Reader_2_8.csv
487,1,1,0,Reader_2_9.csv
487,7,7,0,reader_3_1.csv
487,21,19,2,Reader_3_2.csv
487,5,3,2,Reader_3_3.csv
487,5,3,2,Reader_3_4.csv
487,7,2,5,Reader_3_5.csv
487,2,1,1,Reader_3_6.csv
487,0,0,0,Reader_3_7.csv
488,5,3,2,Reader_1_1.csv
488,0,0,0,Reader_1_10.csv
488,3,2,1,Reader_1_11.csv
488,1,0,1,Reader_1_12.csv
488,4,4,0,Reader_1_2.csv
488,3,3,0,Reader_1_3.csv
488,8,6,2,Reader_1_4.csv
488,1,1,0,Reader_1_5.csv
488,1,1,0,Reader_1_6.csv
488,2,1,1,Reader_1_7.csv
488,0,0,0,Reader_1_8.csv
488,0,0,0,Reader_1_9.csv
488,2,2,0,Reader_2_1.csv
488,0,0,0,Reader_2_10.csv
488,0,0,0,Reader_2_11.csv
488,4,2,2,Reader_2_12.csv
488,0,0,0,Reader_2_2.csv
488,1,0,1,Reader_2_3.csv
488,1,0,1,Reader_2_4.csv
488,1,1,0,Reader_2_5.csv
488,0,0,0,Reader_2_6.csv
488,0,0,0,Reader_2_7.csv
488,2,1,1,Reader_2_8.csv
488,1,1,0,Reader_2_9.csv
488,9,9,0,reader_3_1.csv
488,23,20,3,Reader_3_2.csv
488,4,2,2,Reader_3_3.csv
488,4,2,2,Reader_3_4.csv
488,8,3,5,Reader_3_5.csv
488,2,1,1,Reader_3_6.csv
488,0,0,0,Reader_3_7.csv
489,8,6,2,Reader_1_1.csv
489,0,0,0,Reader_1_10.csv
489,3,2,1,Reader_1_11.csv
489,0,0,0,Reader_1_12.csv
489,2,2,0,Reader_1_2.csv
489,3,3,0,Reader_1_3.csv
489,7,5,2,Reader_1_4.csv
489,1,1,0,Reader_1_5.csv
489,1,1,0,Reader_1_6.csv
489,2,1,1,Reader_1_7.csv
489,0,0,0,Reader_1_8.csv
489,0,0,0,Reader_1_9.csv
489,2,2,0,Reader_2_1.csv
489,0,0,0,Reader_2_10.csv
489,0,0,0,Reader_2_11.csv
489,3,1,2,Reader_2_12.csv
489,0,0,0,Reader_2_2.csv
489,3,1,2,Reader_2_3.csv
489,1,0,1,Reader_2_4.csv
489,2,2,0,Reader_2_5.csv
489,0,0,0,Reader_2_6.csv
489,0,0,0,Reader_2_7.csv
489,1,0,1,Reader_2_8.csv
489,1,1,0,Reader_2_9.csv
489,8,8,0,reader_3_1.csv
489,19,16,3,Reader_3_2.csv
489,5,3,2,Reader_3_3.csv
489,5,3,2,Reader_3_4.csv
489,10,4,6,Reader_3_5.csv
489,2,1,1,Reader_3_6.csv
489,0,0,0,Reader_3_7.csv
490,11,7,4,Reader_1_1.csv
490,0,0,0,Reader_1_10.csv
490,3,2,1,Reader_1_11.csv
490,0,0,0,Reader_1_12.csv
490,1,1,0,Reader_1_2.csv
490,2,2,0,Reader_1_3.csv
490,5,4,1,Reader_1_4.csv
490,1,1,0,Reader_1_5.csv
490,0,0,0,Reader_1_6.csv
490,1,1,0,Reader_1_7.csv
490,0,0,0,Reader_1_8.csv
490,0,0,0,Reader_1_9.csv
490,2,2,0,Reader_2_1.csv
490,0,0,0,Reader_2_10.csv
490,0,0,0,Reader_2_11.csv
490,3,1,2,Reader_2_12.csv
490,0,0,0,Reader_2_2.csv
490,2,1,1,Reader_2_3.csv
490,1,0,1,Reader_2_4.csv
490,2,2,0,Reader_2_5.csv
490,0,0,0,Reader_2_6.csv
490,1,1,0,Reader_2_7.csv
490,1,0,1,Reader_2_8.csv
490,1,1,0,Reader_2_9.csv
490,11,11,0,reader_3_1.csv
490,24,20,4,Reader_3_2.csv
490,5,3,2,Reader_3_3.csv
490,5,3,2,Reader_3_4.csv
490,9,3,6,Reader_3_5.csv
490,2,1,1,Reader_3_6.csv
490,0,0,0,Reader_3_7.csv
491,12,8,4,Reader_1_1.csv
491,0,0,0,Reader_1_10.csv
491,3,2,1,Reader_1_11.csv
491,0,0,0,Reader_1_12.csv
491,1,1,0,Reader_1_2.csv
491,2,2,0,Reader_1_3.csv
491,5,4,1,Reader_1_4.csv
491,0,0,0,Reader_1_5.csv
491,0,0,0,Reader_1_6.csv
491,1,1,0,Reader_1_7.csv
491,0,0,0,Reader_1_8.csv
491,0,0,0,Reader_1_9.csv
491,1,1,0,Reader_2_1.csv
491,0,0,0,Reader_2_10.csv
491,0,0,0,Reader_2_11.csv
491,3,1,2,Reader_2_12.csv
491,0,0,0,Reader_2_2.csv
491,2,1,1,Reader_2_3.csv
491,1,0,1,Reader_2_4.csv
491,2,2,0,Reader_2_5.csv
491,0,0,0,Reader_2_6.csv
491,1,1,0,Reader_2_7.csv
491,1,0,1,Reader_2_8.csv
491,1,1,0,Reader_2_9.csv
491,10,10,0,reader_3_1.csv
491,26,21,5,Reader_3_2.csv
491,6,4,2,Reader_3_3.csv
491,6,4,2,Reader_3_4.csv
491,8,3,5,Reader_3_5.csv
491,4,3,1,Reader_3_6.csv
491,0,0,0,Reader_3_7.csv
492,11,7,4,Reader_1_1.csv
492,0,0,0,Reader_1_10.csv
492,3,2,1,Reader_1_11.csv
492,0,0,0,Reader_1_12.csv
492,1,1,0,Reader_1_2.csv
492,3,3,0,Reader_1_3.csv
492,5,3,2,Reader_1_4.csv
492,0,0,0,Reader_1_5.csv
492,0,0,0,Reader_1_6.csv
492,1,1,0,Reader_1_7.csv
492,0,0,0,Reader_1_8.csv
492,0,0,0,Reader_1_9.csv
492,3,3,0,Reader_2_1.csv
492,0,0,0,Reader_2_10.csv
492,0,0,0,Reader_2_11.csv
492,5,2,3,Reader_2_12.csv
492,0,0,0,Reader_2_2.csv
492,2,1,1,Reader_2_3.csv
492,1,0,1,Reader_2_4.csv
492,2,2,0,Reader_2_5.csv
492,0,0,0,Reader_2_6.csv
492,1,1,0,Reader_2_7.csv
492,1,0,1,Reader_2_8.csv
492,1,1,0,Reader_2_9.csv
492,10,10,0,reader_3_1.csv
492,30,26,4,Reader_3_2.csv
492,3,3,0,Reader_3_3.csv
492,3,3,0,Reader_3_4.csv
492,7,3,4,Reader_3_5.csv
492,5,3,2,Reader_3_6.csv
492,1,1,0,Reader_3_7.csv
493,13,8,5,Reader_1_1.csv
493,0,0,0,Reader_1_10.csv
493,3,2,1,Reader_1_11.csv
493,0,0,0,Reader_1_12.csv
493,1,1,0,Reader_1_2.csv
493,3,3,0,Reader_1_3.csv
493,5,3,2,Reader_1_4.csv
493,0,0,0,Reader_1_5.csv
493,0,0,0,Reader_1_6.csv
493,1,1,0,Reader_1_7.csv
493,0,0,0,Reader_1_8.csv
493,0,0,0,Reader_1_9.csv
493,3,3,0,Reader_2_1.csv
493,0,0,0,Reader_2_10.csv
493,0,0,0,Reader_2_11.csv
493,7,3,4,Reader_2_12.csv
493,0,0,0,Reader_2_2.csv
493,2,1,1,Reader_2_3.csv
493,1,0,1,Reader_2_4.csv
493,3,3,0,Reader_2_5.csv
493,0,0,0,Reader_2_6.csv
493,1,1,0,Reader_2_7.csv
493,1,0,1,Reader_2_8.csv
493,0,0,0,Reader_2_9.csv
493,8,8,0,reader_3_1.csv
493,33,29,4,Reader_3_2.csv
493,2,2,0,Reader_3_3.csv
493,2,2,0,Reader_3_4.csv
493,6,3,3,Reader_3_5.csv
493,5,3,2,Reader_3_6.csv
493,1,1,0,Reader_3_7.csv
494,14,9,5,Reader_1_1.csv
494,0,0,0,Reader_1_10.csv
494,2,1,1,Reader_1_11.csv
494,0,0,0,Reader_1_12.csv
494,1,1,0,Reader_1_2.csv
494,2,2,0,Reader_1_3.csv
494,4,3,1,Reader_1_4.csv
494,1,1,0,Reader_1_5.csv
494,0,0,0,Reader_1_6.csv
494,1,1,0,Reader_1_7.csv
494,0,0,0,Reader_1_8.csv
494,0,0,0,Reader_1_9.csv
494,3,3,0,Reader_2_1.csv
494,0,0,0,Reader_2_10.csv
494,0,0,0,Reader_2_11.csv
494,7,4,3,Reader_2_12.csv
494,0,0,0,Reader_2_2.csv
494,2,1,1,Reader_2_3.csv
494,1,0,1,Reader_2_4.csv
494,4,4,0,Reader_2_5.csv
494,0,0,0,Reader_2_6.csv
494,1,1,0,Reader_2_7.csv
494,0,0,0,Reader_2_8.csv
494,0,0,0,Reader_2_9.csv
494,8,7,1,reader_3_1.csv
494,36,32,4,Reader_3_2.csv
494,3,3,0,Reader_3_3.csv
494,3,3,0,Reader_3_4.csv
494,6,3,3,Reader_3_5.csv
494,5,3,2,Reader_3_6.csv
494,1,1,0,Reader_3_7.csv
495,15,10,5,Reader_1_1.csv
495,0,0,0,Reader_1_10.csv
495,2,1,1,Reader_1_11.csv
495,0,0,0,Reader_1_12.csv
495,0,0,0,Reader_1_2.csv
495,1,1,0,Reader_1_3.csv
495,4,3,1,Reader_1_4.csv
495,1,1,0,Reader_1_5.csv
495,0,0,0,Reader_1_6.csv
495,1,1,0,Reader_1_7.csv
495,0,0,0,Reader_1_8.csv
495,0,0,0,Reader_1_9.csv
495,2,2,0,Reader_2_1.csv
495,0,0,0,Reader_2_10.csv
495,0,0,0,Reader_2_11.csv
495,8,4,4,Reader_2_12.csv
495,0,0,0,Reader_2_2.csv
495,2,1,1,Reader_2_3.csv
495,0,0,0,Reader_2_4.csv
495,4,4,0,Reader_2_5.csv
495,2,2,0,Reader_2_6.csv
495,1,1,0,Reader_2_7.csv
495,0,0,0,Reader_2_8.csv
495,0,0,0,Reader_2_9.csv
495,8,7,1,reader_3_1.csv
495,39,34,5,Reader_3_2.csv
495,3,3,0,Reader_3_3.csv
495,3,3,0,Reader_3_4.csv
495,6,4,2,Reader_3_5.csv
495,3,2,1,Reader_3_6.csv
495,1,1,0,Reader_3_7.csv
496,16,10,6,Reader_1_1.csv
496,0,0,0,Reader_1_10.csv
496,1,1,0,Reader_1_11.csv
496,0,0,0,Reader_1_12.csv
496,0,0,0,Reader_1_2.csv
496,2,1,1,Reader_1_3.csv
496,2,1,1,Reader_1_4.csv
496,1,1,0,Reader_1_5.csv
496,0,0,0,Reader_1_6.csv
496,0,0,0,Reader_1_7.csv
496,0,0,0,Reader_1_8.csv
496,0,0,0,Reader_1_9.csv
496,2,2,0,Reader_2_1.csv
496,0,0,0,Reader_2_10.csv
496,0,0,0,Reader_2_11.csv
496,11,4,7,Reader_2_12.csv
496,0,0,0,Reader_2_2.csv
496,2,1,1,Reader_2_3.csv
496,1,1,0,Reader_2_4.csv
496,3,3,0,Reader_2_5.csv
496,2,2,0,Reader_2_6.csv
496,1,1,0,Reader_2_7.csv
496,0,0,0,Reader_2_8.csv
496,0,0,0,Reader_2_9.csv
496,6,5,1,reader_3_1.csv
496,42,37,5,Reader_3_2.csv
496,4,3,1,Reader_3_3.csv
496,4,3,1,Reader_3_4.csv
496,4,2,2,Reader_3_5.csv
496,3,2,1,Reader_3_6.csv
496,1,1,0,Reader_3_7.csv
497,16,10,6,Reader_1_1.csv
497,0,0,0,Reader_1_10.csv
497,0,0,0,Reader_1_11.csv
497,0,0,0,Reader_1_12.csv
497,0,0,0,Reader_1_2.csv
497,2,1,1,Reader_1_3.csv
497,2,1,1,Reader_1_4.csv
497,1,1,0,Reader_1_5.csv
497,0,0,0,Reader_1_6.csv
497,0,0,0,Reader_1_7.csv
497,0,0,0,Reader_1_8.csv
497,0,0,0,Reader_1_9.csv
497,3,3,0,Reader_2_1.csv
497,0,0,0,Reader_2_10.csv
497,0,0,0,Reader_2_11.csv
497,13,5,8,Reader_2_12.csv
497,0,0,0,Reader_2_2.csv
497,0,0,0,Reader_2_3.csv
497,1,1,0,Reader_2_4.csv
497,2,2,0,Reader_2_5.csv
497,2,2,0,Reader_2_6.csv
497,1,1,0,Reader_2_7.csv
497,0,0,0,Reader_2_8.csv
497,0,0,0,Reader_2_9.csv
497,7,5,2,reader_3_1.csv
497,44,39,5,Reader_3_2.csv
497,3,2,1,Reader_3_3.csv
497,3,2,1,Reader_3_4.csv
497,3,2,1,Reader_3_5.csv
497,3,2,1,Reader_3_6.csv
497,1,1,0,Reader_3_7.csv
498,14,10,4,Reader_1_1.csv
498,0,0,0,Reader_1_10.csv
498,1,0,1,Reader_1_11.csv
498,0,0,0,Reader_1_12.csv
498,2,1,1,Reader_1_2.csv
498,3,1,2,Reader_1_3.csv
498,2,1,1,Reader_1_4.csv
498,1,1,0,Reader_1_5.csv
498,0,0,0,Reader_1_6.csv
498,0,0,0,Reader_1_7.csv
498,0,0,0,Reader_1_8.csv
498,0,0,0,Reader_1_9.csv
498,3,3,0,Reader_2_1.csv
498,0,0,0,Reader_2_10.csv
498,0,0,0,Reader_2_11.csv
498,15,7,8,Reader_2_12.csv
498,1,1,0,Reader_2_2.csv
498,0,0,0,Reader_2_3.csv
498,1,1,0,Reader_2_4.csv
498,3,3,0,Reader_2_5.csv
498,2,2,0,Reader_2_6.csv
498,0,0,0,Reader_2_7.csv
498,1,1,0,Reader_2_8.csv
498,0,0,0,Reader_2_9.csv
498,4,1,3,reader_3_1.csv
498,37,33,4,Reader_3_2.csv
498,4,3,1,Reader_3_3.csv
498,4,3,1,Reader_3_4.csv
498,3,2,1,Reader_3_5.csv
498,3,2,1,Reader_3_6.csv
498,1,1,0,Reader_3_7.csv
499,13,9,4,Reader_1_1.csv
499,0,0,0,Reader_1_10.csv
499,2,1,1,Reader_1_11.csv
499,0,0,0,Reader_1_12.csv
499,2,1,1,Reader_1_2.csv
499,4,2,2,Reader_1_3.csv
499,2,1,1,Reader_1_4.csv
499,1,1,0,Reader_1_5.csv
499,0,0,0,Reader_1_6.csv
499,0,0,0,Reader_1_7.csv
499,0,0,0,Reader_1_8.csv
499,0,0,0,Reader_1_9.csv
499,3,3,0,Reader_2_1.csv
499,0,0,0,Reader_2_10.csv
499,0,0,0,Reader_2_11.csv
499,16,7,9,Reader_2_12.csv
499,1,1,0,Reader_2_2.csv
499,0,0,0,Reader_2_3.csv
499,1,1,0,Reader_2_4.csv
499,3,3,0,Reader_2_5.csv
499,2,2,0,Reader_2_6.csv
499,0,0,0,Reader_2_7.csv
499,1,1,0,Reader_2_8.csv
499,0,0,0,Reader_2_9.csv
499,5,1,4,reader_3_1.csv
499,34,31,3,Reader_3_2.csv
499,4,2,2,Reader_3_3.csv
499,4,2,2,Reader_3_4.csv
499,3,2,1,Reader_3_5.csv
499,1,0,1,Reader_3_6.csv
499,1,1,0,Reader_3_7.csv
500,13,10,3,Reader_1_1.csv
500,0,0,0,Reader_1_10.csv
500,3,2,1,Reader_1_11.csv
500,0,0,0,Reader_1_12.csv
500,4,3,1,Reader_1_2.csv
500,3,1,2,Reader_1_3.csv
500,0,0,0,Reader_1_4.csv
500,1,1,0,Reader_1_5.csv
500,0,0,0,Reader_1_6.csv
500,0,0,0,Reader_1_7.csv
500,0,0,0,Reader_1_8.csv
500,0,0,0,Reader_1_9.csv
500,2,2,0,Reader_2_1.csv
500,0,0,0,Reader_2_10.csv
500,0,0,0,Reader_2_11.csv
500,14,6,8,Reader_2_12.csv
500,1,1,0,Reader_2_2.csv
500,0,0,0,Reader_2_3.csv
500,1,1,0,Reader_2_4.csv
500,3,3,0,Reader_2_5.csv
500,2,2,0,Reader_2_6.csv
500,0,0,0,Reader_2_7.csv
500,1,1,0,Reader_2_8.csv
500,0,0,0,Reader_2_9.csv
500,5,0,5,reader_3_1.csv
500,32,30,2,Reader_3_2.csv
500,5,3,2,Reader_3_3.csv
500,5,3,2,Reader_3_4.csv
500,4,3,1,Reader_3_5.csv
500,0,0,0,Reader_3_6.csv
500,0,0,0,Reader_3_7.csv
501,17,13,4,Reader_1_1.csv
501,0,0,0,Reader_1_10.csv
501,3,2,1,Reader_1_11.csv
501,0,0,0,Reader_1_12.csv
501,5,4,1,Reader_1_2.csv
501,3,1,2,Reader_1_3.csv
501,0,0,0,Reader_1_4.csv
501,1,1,0,Reader_1_5.csv
501,0,0,0,Reader_1_6.csv
501,0,0,0,Reader_1_7.csv
501,1,1,0,Reader_1_8.csv
501,0,0,0,Reader_1_9.csv
501,2,2,0,Reader_2_1.csv
501,0,0,0,Reader_2_10.csv
501,0,0,0,Reader_2_11.csv
501,15,6,9,Reader_2_12.csv
501,1,1,0,Reader_2_2.csv
501,1,0,1,Reader_2_3.csv
501,1,1,0,Reader_2_4.csv
501,2,2,0,Reader_2_5.csv
501,2,2,0,Reader_2_6.csv
501,0,0,0,Reader_2_7.csv
501,2,2,0,Reader_2_8.csv
501,0,0,0,Reader_2_9.csv
501,5,0,5,reader_3_1.csv
501,26,24,2,Reader_3_2.csv
501,5,3,2,Reader_3_3.csv
501,5,3,2,Reader_3_4.csv
501,6,5,1,Reader_3_5.csv
501,0,0,0,Reader_3_6.csv
501,1,1,0,Reader_3_7.csv
502,17,13,4,Reader_1_1.csv
502,0,0,0,Reader_1_10.csv
502,3,2,1,Reader_1_11.csv
502,0,0,0,Reader_1_12.csv
502,8,7,1,Reader_1_2.csv
502,3,1,2,Reader_1_3.csv
502,1,1,0,Reader_1_4.csv
502,0,0,0,Reader_1_5.csv
502,0,0,0,Reader_1_6.csv
502,0,0,0,Reader_1_7.csv
502,1,1,0,Reader_1_8.csv
502,0,0,0,Reader_1_9.csv
502,2,2,0,Reader_2_1.csv
502,0,0,0,Reader_2_10.csv
502,0,0,0,Reader_2_11.csv
502,14,5,9,Reader_2_12.csv
502,1,1,0,Reader_2_2.csv
502,1,0,1,Reader_2_3.csv
502,1,1,0,Reader_2_4.csv
502,1,1,0,Reader_2_5.csv
502,2,2,0,Reader_2_6.csv
502,0,0,0,Reader_2_7.csv
502,2,2,0,Reader_2_8.csv
502,0,0,0,Reader_2_9.csv
502,6,0,6,reader_3_1.csv
502,22,20,2,Reader_3_2.csv
502,4,2,2,Reader_3_3.csv
502,4,2,2,Reader_3_4.csv
502,5,5,0,Reader_3_5.csv
502,0,0,0,Reader_3_6.csv
502,1,1,0,Reader_3_7.csv
503,16,12,4,Reader_1_1.csv
503,0,0,0,Reader_1_10.csv
503,4,2,2,Reader_1_11.csv
503,0,0,0,Reader_1_12.csv
503,9,8,1,Reader_1_2.csv
503,3,1,2,Reader_1_3.csv
503,2,2,0,Reader_1_4.csv
503,0,0,0,Reader_1_5.csv
503,0,0,0,Reader_1_6.csv
503,0,0,0,Reader_1_7.csv
503,1,1,0,Reader_1_8.csv
503,0,0,0,Reader_1_9.csv
503,2,2,0,Reader_2_1.csv
503,0,0,0,Reader_2_10.csv
503,0,0,0,Reader_2_11.csv
503,15,6,9,Reader_2_12.csv
503,1,1,0,Reader_2_2.csv
503,1,0,1,Reader_2_3.csv
503,1,1,0,Reader_2_4.csv
503,2,2,0,Reader_2_5.csv
503,0,0,0,Reader_2_6.csv
503,0,0,0,Reader_2_7.csv
503,2,2,0,Reader_2_8.csv
503,0,0,0,Reader_2_9.csv
503,6,0,6,reader_3_1.csv
503,23,21,2,Reader_3_2.csv
503,4,2,2,Reader_3_3.csv
503,4,2,2,Reader_3_4.csv
503,8,7,1,Reader_3_5.csv
503,0,0,0,Reader_3_6.csv
503,3,3,0,Reader_3_7.csv
504,14,10,4,Reader_1_1.csv
504,0,0,0,Reader_1_10.csv
504,4,2,2,Reader_1_11.csv
504,0,0,0,Reader_1_12.csv
504,9,8,1,Reader_1_2.csv
504,2,1,1,Reader_1_3.csv
504,2,2,0,Reader_1_4.csv
504,0,0,0,Reader_1_5.csv
504,0,0,0,Reader_1_6.csv
504,0,0,0,Reader_1_7.csv
504,1,1,0,Reader_1_8.csv
504,0,0,0,Reader_1_9.csv
504,2,2,0,Reader_2_1.csv
504,0,0,0,Reader_2_10.csv
504,0,0,0,Reader_2_11.csv
504,14,7,7,Reader_2_12.csv
504,2,1,1,Reader_2_2.csv
504,2,1,1,Reader_2_3.csv
504,0,0,0,Reader_2_4.csv
504,2,2,0,Reader_2_5.csv
504,0,0,0,Reader_2_6.csv
504,0,0,0,Reader_2_7.csv
504,2,2,0,Reader_2_8.csv
504,0,0,0,Reader_2_9.csv
504,7,1,6,reader_3_1.csv
504,17,16,1,Reader_3_2.csv
504,4,3,1,Reader_3_3.csv
504,4,3,1,Reader_3_4.csv
504,12,10,2,Reader_3_5.csv
504,0,0,0,Reader_3_6.csv
504,4,4,0,Reader_3_7.csv
505,10,7,3,Reader_1_1.csv
505,0,0,0,Reader_1_10.csv
505,4,2,2,Reader_1_11.csv
505,0,0,0,Reader_1_12.csv
505,10,8,2,Reader_1_2.csv
505,3,2,1,Reader_1_3.csv
505,2,2,0,Reader_1_4.csv
505,0,0,0,Reader_1_5.csv
505,0,0,0,Reader_1_6.csv
505,0,0,0,Reader_1_7.csv
505,1,1,0,Reader_1_8.csv
505,0,0,0,Reader_1_9.csv
505,1,1,0,Reader_2_1.csv
505,0,0,0,Reader_2_10.csv
505,0,0,0,Reader_2_11.csv
505,13,7,6,Reader_2_12.csv
505,2,1,1,Reader_2_2.csv
505,2,1,1,Reader_2_3.csv
505,0,0,0,Reader_2_4.csv
505,3,3,0,Reader_2_5.csv
505,0,0,0,Reader_2_6.csv
505,0,0,0,Reader_2_7.csv
505,2,2,0,Reader_2_8.csv
505,0,0,0,Reader_2_9.csv
505,8,2,6,reader_3_1.csv
505,17,16,1,Reader_3_2.csv
505,5,4,1,Reader_3_3.csv
505,5,4,1,Reader_3_4.csv
505,14,11,3,Reader_3_5.csv
505,0,0,0,Reader_3_6.csv
505,4,4,0,Reader_3_7.csv
506,10,7,3,Reader_1_1.csv
506,0,0,0,Reader_1_10.csv
506,3,2,1,Reader_1_11.csv
506,0,0,0,Reader_1_12.csv
506,8,7,1,Reader_1_2.csv
506,2,2,0,Reader_1_3.csv
506,3,3,0,Reader_1_4.csv
506,0,0,0,Reader_1_5.csv
506,0,0,0,Reader_1_6.csv
506,0,0,0,Reader_1_7.csv
506,1,1,0,Reader_1_8.csv
506,0,0,0,Reader_1_9.csv
506,2,2,0,Reader_2_1.csv
506,0,0,0,Reader_2_10.csv
506,0,0,0,Reader_2_11.csv
506,11,5,6,Reader_2_12.csv
506,1,0,1,Reader_2_2.csv
506,3,1,2,Reader_2_3.csv
506,0,0,0,Reader_2_4.csv
506,2,2,0,Reader_2_5.csv
506,0,0,0,Reader_2_6.csv
506,0,0,0,Reader_2_7.csv
506,1,1,0,Reader_2_8.csv
506,0,0,0,Reader_2_9.csv
506,8,2,6,reader_3_1.csv
506,17,15,2,Reader_3_2.csv
506,6,3,3,Reader_3_3.csv
506,6,3,3,Reader_3_4.csv
506,16,13,3,Reader_3_5.csv
506,0,0,0,Reader_3_6.csv
506,4,4,0,Reader_3_7.csv
507,11,8,3,Reader_1_1.csv
507,0,0,0,Reader_1_10.csv
507,2,1,1,Reader_1_11.csv
507,0,0,0,Reader_1_12.csv
507,9,8,1,Reader_1_2.csv
507,1,1,0,Reader_1_3.csv
507,3,3,0,Reader_1_4.csv
507,0,0,0,Reader_1_5.csv
507,0,0,0,Reader_1_6.csv
507,0,0,0,Reader_1_7.csv
507,1,1,0,Reader_1_8.csv
507,0,0,0,Reader_1_9.csv
507,3,2,1,Reader_2_1.csv
507,0,0,0,Reader_2_10.csv
507,0,0,0,Reader_2_11.csv
507,12,5,7,Reader_2_12.csv
507,1,0,1,Reader_2_2.csv
507,3,1,2,Reader_2_3.csv
507,0,0,0,Reader_2_4.csv
507,2,2,0,Reader_2_5.csv
507,0,0,0,Reader_2_6.csv
507,0,0,0,Reader_2_7.csv
507,1,1,0,Reader_2_8.csv
507,0,0,0,Reader_2_9.csv
507,9,3,6,reader_3_1.csv
507,16,14,2,Reader_3_2.csv
507,5,3,2,Reader_3_3.csv
507,5,3,2,Reader_3_4.csv
507,16,13,3,Reader_3_5.csv
507,0,0,0,Reader_3_6.csv
507,4,4,0,Reader_3_7.csv
508,10,7,3,Reader_1_1.csv
508,0,0,0,Reader_1_10.csv
508,1,0,1,Reader_1_11.csv
508,0,0,0,Reader_1_12.csv
508,9,7,2,Reader_1_2.csv
508,1,1,0,Reader_1_3.csv
508,3,3,0,Reader_1_4.csv
508,0,0,0,Reader_1_5.csv
508,0,0,0,Reader_1_6.csv
508,0,0,0,Reader_1_7.csv
508,1,1,0,Reader_1_8.csv
508,0,0,0,Reader_1_9.csv
508,2,1,1,Reader_2_1.csv
508,0,0,0,Reader_2_10.csv
508,0,0,0,Reader_2_11.csv
508,12,5,7,Reader_2_12.csv
508,2,1,1,Reader_2_2.csv
508,3,1,2,Reader_2_3.csv
508,0,0,0,Reader_2_4.csv
508,2,2,0,Reader_2_5.csv
508,0,0,0,Reader_2_6.csv
508,0,0,0,Reader_2_7.csv
508,1,1,0,Reader_2_8.csv
508,1,1,0,Reader_2_9.csv
508,9,3,6,reader_3_1.csv
508,13,11,2,Reader_3_2.csv
508,4,2,2,Reader_3_3.csv
508,4,2,2,Reader_3_4.csv
508,15,12,3,Reader_3_5.csv
508,1,1,0,Reader_3_6.csv
508,4,4,0,Reader_3_7.csv
509,6,4,2,Reader_1_1.csv
509,0,0,0,Reader_1_10.csv
509,2,1,1,Reader_1_11.csv
509,0,0,0,Reader_1_12.csv
509,8,6,2,Reader_1_2.csv
509,1,1,0,Reader_1_3.csv
509,3,3,0,Reader_1_4.csv
509,0,0,0,Reader_1_5.csv
509,0,0,0,Reader_1_6.csv
509,0,0,0,Reader_1_7.csv
509,0,0,0,Reader_1_8.csv
509,0,0,0,Reader_1_9.csv
509,3,1,2,Reader_2_1.csv
509,0,0,0,Reader_2_10.csv
509,0,0,0,Reader_2_11.csv
509,13,6,7,Reader_2_12.csv
509,3,2,1,Reader_2_2.csv
509,4,1,3,Reader_2_3.csv
509,0,0,0,Reader_2_4.csv
509,3,2,1,Reader_2_5.csv
509,0,0,0,Reader_2_6.csv
509,0,0,0,Reader_2_7.csv
509,0,0,0,Reader_2_8.csv
509,1,1,0,Reader_2_9.csv
509,10,4,6,reader_3_1.csv
509,13,11,2,Reader_3_2.csv
509,4,2,2,Reader_3_3.csv
509,4,2,2,Reader_3_4.csv
509,13,10,3,Reader_3_5.csv
509,1,1,0,Reader_3_6.csv
509,3,3,0,Reader_3_7.csv
510,5,3,2,Reader_1_1.csv
510,1,1,0,Reader_1_10.csv
510,2,1,1,Reader_1_11.csv
510,0,0,0,Reader_1_12.csv
510,6,3,3,Reader_1_2.csv
510,1,1,0,Reader_1_3.csv
510,2,2,0,Reader_1_4.csv
510,0,0,0,Reader_1_5.csv
510,0,0,0,Reader_1_6.csv
510,0,0,0,Reader_1_7.csv
510,0,0,0,Reader_1_8.csv
510,0,0,0,Reader_1_9.csv
510,3,1,2,Reader_2_1.csv
510,0,0,0,Reader_2_10.csv
510,0,0,0,Reader_2_11.csv
510,13,7,6,Reader_2_12.csv
510,3,2,1,Reader_2_2.csv
510,4,1,3,Reader_2_3.csv
510,0,0,0,Reader_2_4.csv
510,3,2,1,Reader_2_5.csv
510,0,0,0,Reader_2_6.csv
510,0,0,0,Reader_2_7.csv
510,0,0,0,Reader_2_8.csv
510,1,1,0,Reader_2_9.csv
510,11,7,4,reader_3_1.csv
510,14,12,2,Reader_3_2.csv
510,5,3,2,Reader_3_3.csv
510,5,3,2,Reader_3_4.csv
510,13,10,3,Reader_3_5.csv
510,1,1,0,Reader_3_6.csv
510,3,3,0,Reader_3_7.csv
511,5,3,2,Reader_1_1.csv
511,1,1,0,Reader_1_10.csv
511,2,2,0,Reader_1_11.csv
511,0,0,0,Reader_1_12.csv
511,5,2,3,Reader_1_2.csv
511,1,1,0,Reader_1_3.csv
511,2,2,0,Reader_1_4.csv
511,0,0,0,Reader_1_5.csv
511,0,0,0,Reader_1_6.csv
511,0,0,0,Reader_1_7.csv
511,0,0,0,Reader_1_8.csv
511,0,0,0,Reader_1_9.csv
511,3,1,2,Reader_2_1.csv
511,0,0,0,Reader_2_10.csv
511,0,0,0,Reader_2_11.csv
511,11,6,5,Reader_2_12.csv
511,3,2,1,Reader_2_2.csv
511,5,2,3,Reader_2_3.csv
511,0,0,0,Reader_2_4.csv
511,2,1,1,Reader_2_5.csv
511,0,0,0,Reader_2_6.csv
511,0,0,0,Reader_2_7.csv
511,0,0,0,Reader_2_8.csv
511,2,1,1,Reader_2_9.csv
511,12,8,4,reader_3_1.csv
511,11,10,1,Reader_3_2.csv
511,5,3,2,Reader_3_3.csv
511,5,3,2,Reader_3_4.csv
511,9,7,2,Reader_3_5.csv
511,1,1,0,Reader_3_6.csv
511,2,2,0,Reader_3_7.csv
512,4,3,1,Reader_1_1.csv
512,1,1,0,Reader_1_10.csv
512,2,2,0,Reader_1_11.csv
512,0,0,0,Reader_1_12.csv
512,5,2,3,Reader_1_2.csv
512,1,1,0,Reader_1_3.csv
512,3,3,0,Reader_1_4.csv
512,0,0,0,Reader_1_5.csv
512,0,0,0,Reader_1_6.csv
512,0,0,0,Reader_1_7.csv
512,0,0,0,Reader_1_8.csv
512,0,0,0,Reader_1_9.csv
512,3,1,2,Reader_2_1.csv
512,0,0,0,Reader_2_10.csv
512,0,0,0,Reader_2_11.csv
512,9,5,4,Reader_2_12.csv
512,2,2,0,Reader_2_2.csv
512,7,4,3,Reader_2_3.csv
512,0,0,0,Reader_2_4.csv
512,2,1,1,Reader_2_5.csv
512,0,0,0,Reader_2_6.csv
512,0,0,0,Reader_2_7.csv
512,0,0,0,Reader_2_8.csv
512,2,1,1,Reader_2_9.csv
512,11,7,4,reader_3_1.csv
512,10,9,1,Reader_3_2.csv
512,4,2,2,Reader_3_3.csv
512,4,2,2,Reader_3_4.csv
512,8,6,2,Reader_3_5.csv
512,1,1,0,Reader_3_6.csv
512,1,1,0,Reader_3_7.csv
513,5,4,1,Reader_1_1.csv
513,1,1,0,Reader_1_10.csv
513,2,2,0,Reader_1_11.csv
513,0,0,0,Reader_1_12.csv
513,5,3,2,Reader_1_2.csv
513,0,0,0,Reader_1_3.csv
513,3,3,0,Reader_1_4.csv
513,0,0,0,Reader_1_5.csv
513,0,0,0,Reader_1_6.csv
513,0,0,0,Reader_1_7.csv
513,0,0,0,Reader_1_8.csv
513,0,0,0,Reader_1_9.csv
513,3,1,2,Reader_2_1.csv
513,0,0,0,Reader_2_10.csv
513,0,0,0,Reader_2_11.csv
513,8,4,4,Reader_2_12.csv
513,3,2,1,Reader_2_2.csv
513,9,6,3,Reader_2_3.csv
513,0,0,0,Reader_2_4.csv
513,1,0,1,Reader_2_5.csv
513,0,0,0,Reader_2_6.csv
513,0,0,0,Reader_2_7.csv
513,0,0,0,Reader_2_8.csv
513,2,1,1,Reader_2_9.csv
513,12,9,3,reader_3_1.csv
513,9,8,1,Reader_3_2.csv
513,3,1,2,Reader_3_3.csv
513,3,1,2,Reader_3_4.csv
513,6,5,1,Reader_3_5.csv
513,1,1,0,Reader_3_6.csv
513,2,1,1,Reader_3_7.csv
514,5,4,1,Reader_1_1.csv
514,1,1,0,Reader_1_10.csv
514,3,3,0,Reader_1_11.csv
514,0,0,0,Reader_1_12.csv
514,5,3,2,Reader_1_2.csv
514,0,0,0,Reader_1_3.csv
514,2,2,0,Reader_1_4.csv
514,0,0,0,Reader_1_5.csv
514,0,0,0,Reader_1_6.csv
514,0,0,0,Reader_1_7.csv
514,0,0,0,Reader_1_8.csv
514,0,0,0,Reader_1_9.csv
514,2,0,2,Reader_2_1.csv
514,0,0,0,Reader_2_10.csv
514,0,0,0,Reader_2_11.csv
514,10,5,5,Reader_2_12.csv
514,3,2,1,Reader_2_2.csv
514,8,6,2,Reader_2_3.csv
514,0,0,0,Reader_2_4.csv
514,1,0,1,Reader_2_5.csv
514,0,0,0,Reader_2_6.csv
514,0,0,0,Reader_2_7.csv
514,0,0,0,Reader_2_8.csv
514,2,1,1,Reader_2_9.csv
514,11,9,2,reader_3_1.csv
514,9,9,0,Reader_3_2.csv
514,1,1,0,Reader_3_3.csv
514,1,1,0,Reader_3_4.csv
514,4,3,1,Reader_3_5.csv
514,1,1,0,Reader_3_6.csv
514,2,1,1,Reader_3_7.csv
515,5,4,1,Reader_1_1.csv
515,1,1,0,Reader_1_10.csv
515,4,4,0,Reader_1_11.csv
515,0,0,0,Reader_1_12.csv
515,4,2,2,Reader_1_2.csv
515,0,0,0,Reader_1_3.csv
515,2,2,0,Reader_1_4.csv
515,0,0,0,Reader_1_5.csv
515,0,0,0,Reader_1_6.csv
515,0,0,0,Reader_1_7.csv
515,0,0,0,Reader_1_8.csv
515,0,0,0,Reader_1_9.csv
515,1,0,1,Reader_2_1.csv
515,0,0,0,Reader_2_10.csv
515,0,0,0,Reader_2_11.csv
515,9,6,3,Reader_2_12.csv
515,3,2,1,Reader_2_2.csv
515,9,7,2,Reader_2_3.csv
515,0,0,0,Reader_2_4.csv
515,1,0,1,Reader_2_5.csv
515,0,0,0,Reader_2_6.csv
515,0,0,0,Reader_2_7.csv
515,0,0,0,Reader_2_8.csv
515,2,1,1,Reader_2_9.csv
515,10,9,1,reader_3_1.csv
515,9,9,0,Reader_3_2.csv
515,2,2,0,Reader_3_3.csv
515,2,2,0,Reader_3_4.csv
515,8,6,2,Reader_3_5.csv
515,2,2,0,Reader_3_6.csv
515,4,2,2,Reader_3_7.csv
516,8,6,2,Reader_1_1.csv
516,1,1,0,Reader_1_10.csv
516,4,4,0,Reader_1_11.csv
516,0,0,0,Reader_1_12.csv
516,2,1,1,Reader_1_2.csv
516,0,0,0,Reader_1_3.csv
516,2,2,0,Reader_1_4.csv
516,0,0,0,Reader_1_5.csv
516,0,0,0,Reader_1_6.csv
516,0,0,0,Reader_1_7.csv
516,0,0,0,Reader_1_8.csv
516,0,0,0,Reader_1_9.csv
516,1,0,1,Reader_2_1.csv
516,0,0,0,Reader_2_10.csv
516,0,0,0,Reader_2_11.csv
516,10,6,4,Reader_2_12.csv
516,2,1,1,Reader_2_2.csv
516,9,7,2,Reader_2_3.csv
516,0,0,0,Reader_2_4.csv
516,1,0,1,Reader_2_5.csv
516,0,0,0,Reader_2_6.csv
516,0,0,0,Reader_2_7.csv
516,0,0,0,Reader_2_8.csv
516,1,0,1,Reader_2_9.csv
516,10,10,0,reader_3_1.csv
516,8,8,0,Reader_3_2.csv
516,2,2,0,Reader_3_3.csv
516,2,2,0,Reader_3_4.csv
516,8,6,2,Reader_3_5.csv
516,1,1,0,Reader_3_6.csv
516,4,2,2,Reader_3_7.csv
517,8,6,2,Reader_1_1.csv
517,1,1,0,Reader_1_10.csv
517,3,3,0,Reader_1_11.csv
517,0,0,0,Reader_1_12.csv
517,3,2,1,Reader_1_2.csv
517,0,0,0,Reader_1_3.csv
517,2,2,0,Reader_1_4.csv
517,0,0,0,Reader_1_5.csv
517,0,0,0,Reader_1_6.csv
517,0,0,0,Reader_1_7.csv
517,0,0,0,Reader_1_8.csv
517,0,0,0,Reader_1_9.csv
517,0,0,0,Reader_2_1.csv
517,0,0,0,Reader_2_10.csv
517,0,0,0,Reader_2_11.csv
517,7,4,3,Reader_2_12.csv
517,1,0,1,Reader_2_2.csv
517,7,7,0,Reader_2_3.csv
517,0,0,0,Reader_2_4.csv
517,0,0,0,Reader_2_5.csv
517,0,0,0,Reader_2_6.csv
517,0,0,0,Reader_2_7.csv
517,0,0,0,Reader_2_8.csv
517,1,0,1,Reader_2_9.csv
517,11,11,0,reader_3_1.csv
517,11,11,0,Reader_3_2.csv
517,2,2,0,Reader_3_3.csv
517,2,2,0,Reader_3_4.csv
517,8,6,2,Reader_3_5.csv
517,1,1,0,Reader_3_6.csv
517,4,2,2,Reader_3_7.csv
518,11,8,3,Reader_1_1.csv
518,0,0,0,Reader_1_10.csv
518,3,3,0,Reader_1_11.csv
518,0,0,0,Reader_1_12.csv
518,2,2,0,Reader_1_2.csv
518,0,0,0,Reader_1_3.csv
518,2,2,0,Reader_1_4.csv
518,0,0,0,Reader_1_5.csv
518,0,0,0,Reader_1_6.csv
518,0,0,0,Reader_1_7.csv
518,0,0,0,Reader_1_8.csv
518,0,0,0,Reader_1_9.csv
518,0,0,0,Reader_2_1.csv
518,0,0,0,Reader_2_10.csv
518,0,0,0,Reader_2_11.csv
518,7,3,4,Reader_2_12.csv
518,1,0,1,Reader_2_2.csv
518,7,7,0,Reader_2_3.csv
518,0,0,0,Reader_2_4.csv
518,0,0,0,Reader_2_5.csv
518,0,0,0,Reader_2_6.csv
518,0,0,0,Reader_2_7.csv
518,0,0,0,Reader_2_8.csv
518,1,0,1,Reader_2_9.csv
518,10,10,0,reader_3_1.csv
518,10,10,0,Reader_3_2.csv
518,2,2,0,Reader_3_3.csv
518,2,2,0,Reader_3_4.csv
518,8,6,2,Reader_3_5.csv
518,2,1,1,Reader_3_6.csv
518,4,2,2,Reader_3_7.csv
519,16,13,3,Reader_1_1.csv
519,0,0,0,Reader_1_10.csv
519,2,2,0,Reader_1_11.csv
519,0,0,0,Reader_1_12.csv
519,2,2,0,Reader_1_2.csv
519,0,0,0,Reader_1_3.csv
519,2,2,0,Reader_1_4.csv
519,0,0,0,Reader_1_5.csv
519,0,0,0,Reader_1_6.csv
519,0,0,0,Reader_1_7.csv
519,0,0,0,Reader_1_8.csv
519,0,0,0,Reader_1_9.csv
519,0,0,0,Reader_2_1.csv
519,0,0,0,Reader_2_10.csv
519,0,0,0,Reader_2_11.csv
519,7,3,4,Reader_2_12.csv
519,2,0,2,Reader_2_2.csv
519,6,6,0,Reader_2_3.csv
519,0,0,0,Reader_2_4.csv
519,0,0,0,Reader_2_5.csv
519,0,0,0,Reader_2_6.csv
519,0,0,0,Reader_2_7.csv
519,0,0,0,Reader_2_8.csv
519,0,0,0,Reader_2_9.csv
519,9,9,0,reader_3_1.csv
519,11,11,0,Reader_3_2.csv
519,3,2,1,Reader_3_3.csv
519,3,2,1,Reader_3_4.csv
519,9,7,2,Reader_3_5.csv
519,3,2,1,Reader_3_6.csv
519,4,2,2,Reader_3_7.csv
520,24,21,3,Reader_1_1.csv
520,0,0,0,Reader_1_10.csv
520,2,2,0,Reader_1_11.csv
520,0,0,0,Reader_1_12.csv
520,2,2,0,Reader_1_2.csv
520,0,0,0,Reader_1_3.csv
520,2,1,1,Reader_1_4.csv
520,0,0,0,Reader_1_5.csv
520,0,0,0,Reader_1_6.csv
520,0,0,0,Reader_1_7.csv
520,0,0,0,Reader_1_8.csv
520,1,1,0,Reader_1_9.csv
520,0,0,0,Reader_2_1.csv
520,0,0,0,Reader_2_10.csv
520,0,0,0,Reader_2_11.csv
520,7,3,4,Reader_2_12.csv
520,2,0,2,Reader_2_2.csv
520,3,3,0,Reader_2_3.csv
520,0,0,0,Reader_2_4.csv
520,0,0,0,Reader_2_5.csv
520,0,0,0,Reader_2_6.csv
520,0,0,0,Reader_2_7.csv
520,0,0,0,Reader_2_8.csv
520,0,0,0,Reader_2_9.csv
520,9,9,0,reader_3_1.csv
520,11,11,0,Reader_3_2.csv
520,3,2,1,Reader_3_3.csv
520,3,2,1,Reader_3_4.csv
520,6,5,1,Reader_3_5.csv
520,4,3,1,Reader_3_6.csv
520,7,4,3,Reader_3_7.csv
521,32,28,4,Reader_1_1.csv
521,0,0,0,Reader_1_10.csv
521,2,2,0,Reader_1_11.csv
521,0,0,0,Reader_1_12.csv
521,1,1,0,Reader_1_2.csv
521,0,0,0,Reader_1_3.csv
521,4,3,1,Reader_1_4.csv
521,0,0,0,Reader_1_5.csv
521,0,0,0,Reader_1_6.csv
521,0,0,0,Reader_1_7.csv
521,0,0,0,Reader_1_8.csv
521,1,1,0,Reader_1_9.csv
521,0,0,0,Reader_2_1.csv
521,0,0,0,Reader_2_10.csv
521,0,0,0,Reader_2_11.csv
521,7,3,4,Reader_2_12.csv
521,1,0,1,Reader_2_2.csv
521,1,1,0,Reader_2_3.csv
521,0,0,0,Reader_2_4.csv
521,0,0,0,Reader_2_5.csv
521,0,0,0,Reader_2_6.csv
521,0,0,0,Reader_2_7.csv
521,0,0,0,Reader_2_8.csv
521,0,0,0,Reader_2_9.csv
521,8,6,2,reader_3_1.csv
521,10,10,0,Reader_3_2.csv
521,3,2,1,Reader_3_3.csv
521,3,2,1,Reader_3_4.csv
521,6,5,1,Reader_3_5.csv
521,4,3,1,Reader_3_6.csv
521,7,5,2,Reader_3_7.csv
522,31,27,4,Reader_1_1.csv
522,0,0,0,Reader_1_10.csv
522,1,1,0,Reader_1_11.csv
522,0,0,0,Reader_1_12.csv
522,1,1,0,Reader_1_2.csv
522,0,0,0,Reader_1_3.csv
522,4,3,1,Reader_1_4.csv
522,0,0,0,Reader_1_5.csv
522,0,0,0,Reader_1_6.csv
522,0,0,0,Reader_1_7.csv
522,0,0,0,Reader_1_8.csv
522,1,1,0,Reader_1_9.csv
522,0,0,0,Reader_2_1.csv
522,0,0,0,Reader_2_10.csv
522,0,0,0,Reader_2_11.csv
522,6,2,4,Reader_2_12.csv
522,1,0,1,Reader_2_2.csv
522,1,1,0,Reader_2_3.csv
522,0,0,0,Reader_2_4.csv
522,0,0,0,Reader_2_5.csv
522,0,0,0,Reader_2_6.csv
522,0,0,0,Reader_2_7.csv
522,0,0,0,Reader_2_8.csv
522,0,0,0,Reader_2_9.csv
522,9,6,3,reader_3_1.csv
522,10,10,0,Reader_3_2.csv
522,3,2,1,Reader_3_3.csv
522,3,2,1,Reader_3_4.csv
522,6,5,1,Reader_3_5.csv
522,4,3,1,Reader_3_6.csv
522,7,5,2,Reader_3_7.csv
523,33,29,4,Reader_1_1.csv
523,0,0,0,Reader_1_10.csv
523,1,1,0,Reader_1_11.csv
523,0,0,0,Reader_1_12.csv
523,2,2,0,Reader_1_2.csv
523,0,0,0,Reader_1_3.csv
523,4,3,1,Reader_1_4.csv
523,0,0,0,Reader_1_5.csv
523,0,0,0,Reader_1_6.csv
523,0,0,0,Reader_1_7.csv
523,0,0,0,Reader_1_8.csv
523,1,1,0,Reader_1_9.csv
523,0,0,0,Reader_2_1.csv
523,0,0,0,Reader_2_10.csv
523,0,0,0,Reader_2_11.csv
523,4,0,4,Reader_2_12.csv
523,1,0,1,Reader_2_2.csv
523,0,0,0,Reader_2_3.csv
523,0,0,0,Reader_2_4.csv
523,0,0,0,Reader_2_5.csv
523,0,0,0,Reader_2_6.csv
523,0,0,0,Reader_2_7.csv
523,0,0,0,Reader_2_8.csv
523,0,0,0,Reader_2_9.csv
523,10,6,4,reader_3_1.csv
523,9,9,0,Reader_3_2.csv
523,3,1,2,Reader_3_3.csv
523,3,1,2,Reader_3_4.csv
523,2,2,0,Reader_3_5.csv
523,5,4,1,Reader_3_6.csv
523,5,4,1,Reader_3_7.csv
524,32,28,4,Reader_1_1.csv
524,0,0,0,Reader_1_10.csv
524,1,1,0,Reader_1_11.csv
524,0,0,0,Reader_1_12.csv
524,3,3,0,Reader_1_2.csv
524,0,0,0,Reader_1_3.csv
524,4,3,1,Reader_1_4.csv
524,0,0,0,Reader_1_5.csv
524,0,0,0,Reader_1_6.csv
524,0,0,0,Reader_1_7.csv
524,0,0,0,Reader_1_8.csv
524,1,1,0,Reader_1_9.csv
524,0,0,0,Reader_2_1.csv
524,0,0,0,Reader_2_10.csv
524,0,0,0,Reader_2_11.csv
524,4,0,4,Reader_2_12.csv
524,1,0,1,Reader_2_2.csv
524,0,0,0,Reader_2_3.csv
524,0,0,0,Reader_2_4.csv
524,0,0,0,Reader_2_5.csv
524,0,0,0,Reader_2_6.csv
524,0,0,0,Reader_2_7.csv
524,0,0,0,Reader_2_8.csv
524,0,0,0,Reader_2_9.csv
524,13,8,5,reader_3_1.csv
524,10,10,0,Reader_3_2.csv
524,4,1,3,Reader_3_3.csv
524,4,1,3,Reader_3_4.csv
524,2,2,0,Reader_3_5.csv
524,6,5,1,Reader_3_6.csv
524,6,5,1,Reader_3_7.csv
525,36,33,3,Reader_1_1.csv
525,0,0,0,Reader_1_10.csv
525,1,1,0,Reader_1_11.csv
525,0,0,0,Reader_1_12.csv
525,3,3,0,Reader_1_2.csv
525,0,0,0,Reader_1_3.csv
525,4,3,1,Reader_1_4.csv
525,0,0,0,Reader_1_5.csv
525,0,0,0,Reader_1_6.csv
525,0,0,0,Reader_1_7.csv
525,0,0,0,Reader_1_8.csv
525,1,1,0,Reader_1_9.csv
525,0,0,0,Reader_2_1.csv
525,0,0,0,Reader_2_10.csv
525,0,0,0,Reader_2_11.csv
525,3,0,3,Reader_2_12.csv
525,1,0,1,Reader_2_2.csv
525,0,0,0,Reader_2_3.csv
525,0,0,0,Reader_2_4.csv
525,0,0,0,Reader_2_5.csv
525,0,0,0,Reader_2_6.csv
525,0,0,0,Reader_2_7.csv
525,0,0,0,Reader_2_8.csv
525,0,0,0,Reader_2_9.csv
525,14,8,6,reader_3_1.csv
525,8,8,0,Reader_3_2.csv
525,4,1,3,Reader_3_3.csv
525,4,1,3,Reader_3_4.csv
525,2,2,0,Reader_3_5.csv
525,7,6,1,Reader_3_6.csv
525,6,5,1,Reader_3_7.csv
526,40,37,3,Reader_1_1.csv
526,0,0,0,Reader_1_10.csv
526,1,1,0,Reader_1_11.csv
526,0,0,0,Reader_1_12.csv
526,3,3,0,Reader_1_2.csv
526,0,0,0,Reader_1_3.csv
526,4,3,1,Reader_1_4.csv
526,0,0,0,Reader_1_5.csv
526,0,0,0,Reader_1_6.csv
526,0,0,0,Reader_1_7.csv
526,0,0,0,Reader_1_8.csv
526,1,1,0,Reader_1_9.csv
526,0,0,0,Reader_2_1.csv
526,0,0,0,Reader_2_10.csv
526,0,0,0,Reader_2_11.csv
526,3,1,2,Reader_2_12.csv
526,2,0,2,Reader_2_2.csv
526,0,0,0,Reader_2_3.csv
526,0,0,0,Reader_2_4.csv
526,0,0,0,Reader_2_5.csv
526,0,0,0,Reader_2_6.csv
526,0,0,0,Reader_2_7.csv
526,0,0,0,Reader_2_8.csv
526,0,0,0,Reader_2_9.csv
526,14,8,6,reader_3_1.csv
526,9,9,0,Reader_3_2.csv
526,3,0,3,Reader_3_3.csv
526,3,0,3,Reader_3_4.csv
526,2,2,0,Reader_3_5.csv
526,6,6,0,Reader_3_6.csv
526,6,5,1,Reader_3_7.csv
527,40,37,3,Reader_1_1.csv
527,0,0,0,Reader_1_10.csv
527,1,1,0,Reader_1_11.csv
527,0,0,0,Reader_1_12.csv
527,3,3,0,Reader_1_2.csv
527,0,0,0,Reader_1_3.csv
527,3,2,1,Reader_1_4.csv
527,0,0,0,Reader_1_5.csv
527,0,0,0,Reader_1_6.csv
527,0,0,0,Reader_1_7.csv
527,0,0,0,Reader_1_8.csv
527,1,1,0,Reader_1_9.csv
527,0,0,0,Reader_2_1.csv
527,0,0,0,Reader_2_10.csv
527,0,0,0,Reader_2_11.csv
527,4,2,2,Reader_2_12.csv
527,1,0,1,Reader_2_2.csv
527,0,0,0,Reader_2_3.csv
527,0,0,0,Reader_2_4.csv
527,0,0,0,Reader_2_5.csv
527,0,0,0,Reader_2_6.csv
527,0,0,0,Reader_2_7.csv
527,0,0,0,Reader_2_8.csv
527,0,0,0,Reader_2_9.csv
527,17,11,6,reader_3_1.csv
527,7,7,0,Reader_3_2.csv
527,2,0,2,Reader_3_3.csv
527,2,0,2,Reader_3_4.csv
527,2,2,0,Reader_3_5.csv
527,6,6,0,Reader_3_6.csv
527,6,5,1,Reader_3_7.csv
528,35,31,4,Reader_1_1.csv
528,0,0,0,Reader_1_10.csv
528,1,1,0,Reader_1_11.csv
528,1,1,0,Reader_1_12.csv
528,3,3,0,Reader_1_2.csv
528,0,0,0,Reader_1_3.csv
528,2,2,0,Reader_1_4.csv
528,0,0,0,Reader_1_5.csv
528,0,0,0,Reader_1_6.csv
528,0,0,0,Reader_1_7.csv
528,0,0,0,Reader_1_8.csv
528,0,0,0,Reader_1_9.csv
528,0,0,0,Reader_2_1.csv
528,0,0,0,Reader_2_10.csv
528,0,0,0,Reader_2_11.csv
528,5,2,3,Reader_2_12.csv
528,1,0,1,Reader_2_2.csv
528,0,0,0,Reader_2_3.csv
528,0,0,0,Reader_2_4.csv
528,1,0,1,Reader_2_5.csv
528,0,0,0,Reader_2_6.csv
528,0,0,0,Reader_2_7.csv
528,0,0,0,Reader_2_8.csv
528,0,0,0,Reader_2_9.csv
528,18,11,7,reader_3_1.csv
528,7,7,0,Reader_3_2.csv
528,2,0,2,Reader_3_3.csv
528,2,0,2,Reader_3_4.csv
528,2,2,0,Reader_3_5.csv
528,8,8,0,Reader_3_6.csv
528,3,3,0,Reader_3_7.csv
529,29,24,5,Reader_1_1.csv
529,0,0,0,Reader_1_10.csv
529,1,1,0,Reader_1_11.csv
529,1,1,0,Reader_1_12.csv
529,3,3,0,Reader_1_2.csv
529,0,0,0,Reader_1_3.csv
529,0,0,0,Reader_1_4.csv
529,0,0,0,Reader_1_5.csv
529,0,0,0,Reader_1_6.csv
529,0,0,0,Reader_1_7.csv
529,0,0,0,Reader_1_8.csv
529,0,0,0,Reader_1_9.csv
529,0,0,0,Reader_2_1.csv
529,0,0,0,Reader_2_10.csv
529,0,0,0,Reader_2_11.csv
529,5,2,3,Reader_2_12.csv
529,1,0,1,Reader_2_2.csv
529,0,0,0,Reader_2_3.csv
529,0,0,0,Reader_2_4.csv
529,1,0,1,Reader_2_5.csv
529,0,0,0,Reader_2_6.csv
529,0,0,0,Reader_2_7.csv
529,0,0,0,Reader_2_8.csv
529,0,0,0,Reader_2_9.csv
529,18,12,6,reader_3_1.csv
529,7,7,0,Reader_3_2.csv
529,4,0,4,Reader_3_3.csv
529,4,0,4,Reader_3_4.csv
529,1,1,0,Reader_3_5.csv
529,9,9,0,Reader_3_6.csv
529,2,2,0,Reader_3_7.csv
530,35,28,7,Reader_1_1.csv
530,0,0,0,Reader_1_10.csv
530,1,1,0,Reader_1_11.csv
530,1,1,0,Reader_1_12.csv
530,3,3,0,Reader_1_2.csv
530,0,0,0,Reader_1_3.csv
530,1,1,0,Reader_1_4.csv
530,0,0,0,Reader_1_5.csv
530,0,0,0,Reader_1_6.csv
530,0,0,0,Reader_1_7.csv
530,0,0,0,Reader_1_8.csv
530,0,0,0,Reader_1_9.csv
530,0,0,0,Reader_2_1.csv
530,0,0,0,Reader_2_10.csv
530,0,0,0,Reader_2_11.csv
530,5,2,3,Reader_2_12.csv
530,2,1,1,Reader_2_2.csv
530,0,0,0,Reader_2_3.csv
530,0,0,0,Reader_2_4.csv
530,1,0,1,Reader_2_5.csv
530,0,0,0,Reader_2_6.csv
530,0,0,0,Reader_2_7.csv
530,0,0,0,Reader_2_8.csv
530,0,0,0,Reader_2_9.csv
530,22,15,7,reader_3_1.csv
530,7,7,0,Reader_3_2.csv
530,7,3,4,Reader_3_3.csv
530,7,3,4,Reader_3_4.csv
530,1,1,0,Reader_3_5.csv
530,9,9,0,Reader_3_6.csv
530,2,2,0,Reader_3_7.csv
531,33,26,7,Reader_1_1.csv
531,0,0,0,Reader_1_10.csv
531,0,0,0,Reader_1_11.csv
531,1,1,0,Reader_1_12.csv
531,2,2,0,Reader_1_2.csv
531,1,0,1,Reader_1_3.csv
531,3,1,2,Reader_1_4.csv
531,0,0,0,Reader_1_5.csv
531,0,0,0,Reader_1_6.csv
531,0,0,0,Reader_1_7.csv
531,0,0,0,Reader_1_8.csv
531,0,0,0,Reader_1_9.csv
531,0,0,0,Reader_2_1.csv
531,0,0,0,Reader_2_10.csv
531,0,0,0,Reader_2_11.csv
531,9,4,5,Reader_2_12.csv
531,2,1,1,Reader_2_2.csv
531,0,0,0,Reader_2_3.csv
531,0,0,0,Reader_2_4.csv
531,1,0,1,Reader_2_5.csv
531,0,0,0,Reader_2_6.csv
531,0,0,0,Reader_2_7.csv
531,0,0,0,Reader_2_8.csv
531,0,0,0,Reader_2_9.csv
531,23,16,7,reader_3_1.csv
531,12,12,0,Reader_3_2.csv
531,6,3,3,Reader_3_3.csv
531,6,3,3,Reader_3_4.csv
531,2,2,0,Reader_3_5.csv
531,7,7,0,Reader_3_6.csv
531,2,2,0,Reader_3_7.csv
532,43,34,9,Reader_1_1.csv
532,0,0,0,Reader_1_10.csv
532,0,0,0,Reader_1_11.csv
532,1,1,0,Reader_1_12.csv
532,1,1,0,Reader_1_2.csv
532,1,0,1,Reader_1_3.csv
532,3,1,2,Reader_1_4.csv
532,0,0,0,Reader_1_5.csv
532,0,0,0,Reader_1_6.csv
532,0,0,0,Reader_1_7.csv
532,0,0,0,Reader_1_8.csv
532,0,0,0,Reader_1_9.csv
532,0,0,0,Reader_2_1.csv
532,0,0,0,Reader_2_10.csv
532,0,0,0,Reader_2_11.csv
532,8,4,4,Reader_2_12.csv
532,3,1,2,Reader_2_2.csv
532,0,0,0,Reader_2_3.csv
532,0,0,0,Reader_2_4.csv
532,1,0,1,Reader_2_5.csv
532,0,0,0,Reader_2_6.csv
532,0,0,0,Reader_2_7.csv
532,0,0,0,Reader_2_8.csv
532,0,0,0,Reader_2_9.csv
532,20,14,6,reader_3_1.csv
532,12,12,0,Reader_3_2.csv
532,8,6,2,Reader_3_3.csv
532,8,6,2,Reader_3_4.csv
532,3,3,0,Reader_3_5.csv
532,7,6,1,Reader_3_6.csv
532,2,2,0,Reader_3_7.csv
533,46,35,11,Reader_1_1.csv
533,0,0,0,Reader_1_10.csv
533,1,1,0,Reader_1_11.csv
533,1,1,0,Reader_1_12.csv
533,1,1,0,Reader_1_2.csv
533,3,2,1,Reader_1_3.csv
533,3,1,2,Reader_1_4.csv
533,0,0,0,Reader_1_5.csv
533,0,0,0,Reader_1_6.csv
533,0,0,0,Reader_1_7.csv
533,0,0,0,Reader_1_8.csv
533,0,0,0,Reader_1_9.csv
533,0,0,0,Reader_2_1.csv
533,0,0,0,Reader_2_10.csv
533,0,0,0,Reader_2_11.csv
533,10,5,5,Reader_2_12.csv
533,3,1,2,Reader_2_2.csv
533,0,0,0,Reader_2_3.csv
533,0,0,0,Reader_2_4.csv
533,1,0,1,Reader_2_5.csv
533,0,0,0,Reader_2_6.csv
533,0,0,0,Reader_2_7.csv
533,0,0,0,Reader_2_8.csv
533,0,0,0,Reader_2_9.csv
533,20,12,8,reader_3_1.csv
533,12,12,0,Reader_3_2.csv
533,8,6,2,Reader_3_3.csv
533,8,6,2,Reader_3_4.csv
533,5,5,0,Reader_3_5.csv
533,6,5,1,Reader_3_6.csv
533,5,4,1,Reader_3_7.csv
534,41,30,11,Reader_1_1.csv
534,0,0,0,Reader_1_10.csv
534,2,2,0,Reader_1_11.csv
534,1,1,0,Reader_1_12.csv
534,1,1,0,Reader_1_2.csv
534,5,4,1,Reader_1_3.csv
534,3,1,2,Reader_1_4.csv
534,0,0,0,Reader_1_5.csv
534,0,0,0,Reader_1_6.csv
534,0,0,0,Reader_1_7.csv
534,0,0,0,Reader_1_8.csv
534,0,0,0,Reader_1_9.csv
534,0,0,0,Reader_2_1.csv
534,0,0,0,Reader_2_10.csv
534,0,0,0,Reader_2_11.csv
534,10,5,5,Reader_2_12.csv
534,2,1,1,Reader_2_2.csv
534,0,0,0,Reader_2_3.csv
534,0,0,0,Reader_2_4.csv
534,1,0,1,Reader_2_5.csv
534,0,0,0,Reader_2_6.csv
534,0,0,0,Reader_2_7.csv
534,0,0,0,Reader_2_8.csv
534,0,0,0,Reader_2_9.csv
534,19,11,8,reader_3_1.csv
534,12,12,0,Reader_3_2.csv
534,8,6,2,Reader_3_3.csv
534,8,6,2,Reader_3_4.csv
534,6,6,0,Reader_3_5.csv
534,6,5,1,Reader_3_6.csv
534,7,6,1,Reader_3_7.csv
535,40,28,12,Reader_1_1.csv
535,0,0,0,Reader_1_10.csv
535,3,3,0,Reader_1_11.csv
535,1,1,0,Reader_1_12.csv
535,1,1,0,Reader_1_2.csv
535,5,4,1,Reader_1_3.csv
535,3,1,2,Reader_1_4.csv
535,0,0,0,Reader_1_5.csv
535,0,0,0,Reader_1_6.csv
535,0,0,0,Reader_1_7.csv
535,0,0,0,Reader_1_8.csv
535,0,0,0,Reader_1_9.csv
535,0,0,0,Reader_2_1.csv
535,0,0,0,Reader_2_10.csv
535,0,0,0,Reader_2_11.csv
535,10,5,5,Reader_2_12.csv
535,2,1,1,Reader_2_2.csv
535,0,0,0,Reader_2_3.csv
535,0,0,0,Reader_2_4.csv
535,1,0,1,Reader_2_5.csv
535,1,1,0,Reader_2_6.csv
535,0,0,0,Reader_2_7.csv
535,0,0,0,Reader_2_8.csv
535,0,0,0,Reader_2_9.csv
535,20,11,9,reader_3_1.csv
535,12,12,0,Reader_3_2.csv
535,8,6,2,Reader_3_3.csv
535,8,6,2,Reader_3_4.csv
535,6,6,0,Reader_3_5.csv
535,5,4,1,Reader_3_6.csv
535,6,5,1,Reader_3_7.csv
536,41,30,11,Reader_1_1.csv
536,0,0,0,Reader_1_10.csv
536,4,4,0,Reader_1_11.csv
536,0,0,0,Reader_1_12.csv
536,3,2,1,Reader_1_2.csv
536,5,4,1,Reader_1_3.csv
536,3,1,2,Reader_1_4.csv
536,0,0,0,Reader_1_5.csv
536,0,0,0,Reader_1_6.csv
536,0,0,0,Reader_1_7.csv
536,0,0,0,Reader_1_8.csv
536,0,0,0,Reader_1_9.csv
536,0,0,0,Reader_2_1.csv
536,0,0,0,Reader_2_10.csv
536,0,0,0,Reader_2_11.csv
536,9,5,4,Reader_2_12.csv
536,2,1,1,Reader_2_2.csv
536,0,0,0,Reader_2_3.csv
536,0,0,0,Reader_2_4.csv
536,0,0,0,Reader_2_5.csv
536,1,1,0,Reader_2_6.csv
536,0,0,0,Reader_2_7.csv
536,0,0,0,Reader_2_8.csv
536,0,0,0,Reader_2_9.csv
536,21,13,8,reader_3_1.csv
536,13,13,0,Reader_3_2.csv
536,9,6,3,Reader_3_3.csv
536,9,6,3,Reader_3_4.csv
536,9,7,2,Reader_3_5.csv
536,2,1,1,Reader_3_6.csv
536,6,5,1,Reader_3_7.csv
537,40,31,9,Reader_1_1.csv
537,0,0,0,Reader_1_10.csv
537,4,4,0,Reader_1_11.csv
537,0,0,0,Reader_1_12.csv
537,5,4,1,Reader_1_2.csv
537,6,4,2,Reader_1_3.csv
537,3,1,2,Reader_1_4.csv
537,0,0,0,Reader_1_5.csv
537,0,0,0,Reader_1_6.csv
537,0,0,0,Reader_1_7.csv
537,1,1,0,Reader_1_8.csv
537,0,0,0,Reader_1_9.csv
537,1,0,1,Reader_2_1.csv
537,0,0,0,Reader_2_10.csv
537,0,0,0,Reader_2_11.csv
537,10,6,4,Reader_2_12.csv
537,2,1,1,Reader_2_2.csv
537,1,0,1,Reader_2_3.csv
537,0,0,0,Reader_2_4.csv
537,0,0,0,Reader_2_5.csv
537,1,1,0,Reader_2_6.csv
537,0,0,0,Reader_2_7.csv
537,0,0,0,Reader_2_8.csv
537,0,0,0,Reader_2_9.csv
537,24,16,8,reader_3_1.csv
537,14,14,0,Reader_3_2.csv
537,8,7,1,Reader_3_3.csv
537,8,7,1,Reader_3_4.csv
537,9,7,2,Reader_3_5.csv
537,2,1,1,Reader_3_6.csv
537,8,7,1,Reader_3_7.csv
538,39,29,10,Reader_1_1.csv
538,0,0,0,Reader_1_10.csv
538,4,4,0,Reader_1_11.csv
538,0,0,0,Reader_1_12.csv
538,5,4,1,Reader_1_2.csv
538,6,4,2,Reader_1_3.csv
538,2,0,2,Reader_1_4.csv
538,0,0,0,Reader_1_5.csv
538,0,0,0,Reader_1_6.csv
538,0,0,0,Reader_1_7.csv
538,1,1,0,Reader_1_8.csv
538,0,0,0,Reader_1_9.csv
538,1,0,1,Reader_2_1.csv
538,0,0,0,Reader_2_10.csv
538,0,0,0,Reader_2_11.csv
538,10,6,4,Reader_2_12.csv
538,1,0,1,Reader_2_2.csv
538,1,0,1,Reader_2_3.csv
538,0,0,0,Reader_2_4.csv
538,0,0,0,Reader_2_5.csv
538,1,1,0,Reader_2_6.csv
538,0,0,0,Reader_2_7.csv
538,0,0,0,Reader_2_8.csv
538,0,0,0,Reader_2_9.csv
538,25,18,7,reader_3_1.csv
538,13,13,0,Reader_3_2.csv
538,6,5,1,Reader_3_3.csv
538,6,5,1,Reader_3_4.csv
538,9,7,2,Reader_3_5.csv
538,2,1,1,Reader_3_6.csv
538,9,8,1,Reader_3_7.csv
539,42,30,12,Reader_1_1.csv
539,0,0,0,Reader_1_10.csv
539,4,4,0,Reader_1_11.csv
539,0,0,0,Reader_1_12.csv
539,7,5,2,Reader_1_2.csv
539,5,4,1,Reader_1_3.csv
539,0,0,0,Reader_1_4.csv
539,0,0,0,Reader_1_5.csv
539,0,0,0,Reader_1_6.csv
539,0,0,0,Reader_1_7.csv
539,1,1,0,Reader_1_8.csv
539,0,0,0,Reader_1_9.csv
539,1,0,1,Reader_2_1.csv
539,0,0,0,Reader_2_10.csv
539,0,0,0,Reader_2_11.csv
539,7,4,3,Reader_2_12.csv
539,1,0,1,Reader_2_2.csv
539,1,0,1,Reader_2_3.csv
539,0,0,0,Reader_2_4.csv
539,0,0,0,Reader_2_5.csv
539,1,1,0,Reader_2_6.csv
539,0,0,0,Reader_2_7.csv
539,0,0,0,Reader_2_8.csv
539,0,0,0,Reader_2_9.csv
539,23,17,6,reader_3_1.csv
539,7,7,0,Reader_3_2.csv
539,7,6,1,Reader_3_3.csv
539,7,6,1,Reader_3_4.csv
539,8,6,2,Reader_3_5.csv
539,2,1,1,Reader_3_6.csv
539,9,8,1,Reader_3_7.csv
540,32,22,10,Reader_1_1.csv
540,0,0,0,Reader_1_10.csv
540,5,5,0,Reader_1_11.csv
540,1,1,0,Reader_1_12.csv
540,8,6,2,Reader_1_2.csv
540,5,4,1,Reader_1_3.csv
540,0,0,0,Reader_1_4.csv
540,0,0,0,Reader_1_5.csv
540,1,1,0,Reader_1_6.csv
540,0,0,0,Reader_1_7.csv
540,1,1,0,Reader_1_8.csv
540,0,0,0,Reader_1_9.csv
540,1,0,1,Reader_2_1.csv
540,0,0,0,Reader_2_10.csv
540,0,0,0,Reader_2_11.csv
540,7,4,3,Reader_2_12.csv
540,0,0,0,Reader_2_2.csv
540,1,0,1,Reader_2_3.csv
540,0,0,0,Reader_2_4.csv
540,0,0,0,Reader_2_5.csv
540,1,1,0,Reader_2_6.csv
540,0,0,0,Reader_2_7.csv
540,0,0,0,Reader_2_8.csv
540,0,0,0,Reader_2_9.csv
540,23,17,6,reader_3_1.csv
540,8,8,0,Reader_3_2.csv
540,5,3,2,Reader_3_3.csv
540,5,3,2,Reader_3_4.csv
540,7,5,2,Reader_3_5.csv
540,1,1,0,Reader_3_6.csv
540,9,8,1,Reader_3_7.csv
541,26,16,10,Reader_1_1.csv
541,0,0,0,Reader_1_10.csv
541,4,4,0,Reader_1_11.csv
541,1,1,0,Reader_1_12.csv
541,7,5,2,Reader_1_2.csv
541,5,4,1,Reader_1_3.csv
541,0,0,0,Reader_1_4.csv
541,0,0,0,Reader_1_5.csv
541,1,1,0,Reader_1_6.csv
541,0,0,0,Reader_1_7.csv
541,1,1,0,Reader_1_8.csv
541,0,0,0,Reader_1_9.csv
541,1,0,1,Reader_2_1.csv
541,0,0,0,Reader_2_10.csv
541,0,0,0,Reader_2_11.csv
541,6,4,2,Reader_2_12.csv
541,0,0,0,Reader_2_2.csv
541,1,0,1,Reader_2_3.csv
541,0,0,0,Reader_2_4.csv
541,0,0,0,Reader_2_5.csv
541,2,2,0,Reader_2_6.csv
541,0,0,0,Reader_2_7.csv
541,0,0,0,Reader_2_8.csv
541,0,0,0,Reader_2_9.csv
541,22,18,4,reader_3_1.csv
541,7,7,0,Reader_3_2.csv
541,5,3,2,Reader_3_3.csv
541,5,3,2,Reader_3_4.csv
541,5,3,2,Reader_3_5.csv
541,1,1,0,Reader_3_6.csv
541,7,7,0,Reader_3_7.csv
542,26,17,9,Reader_1_1.csv
542,0,0,0,Reader_1_10.csv
542,3,3,0,Reader_1_11.csv
542,1,1,0,Reader_1_12.csv
542,7,5,2,Reader_1_2.csv
542,4,2,2,Reader_1_3.csv
542,0,0,0,Reader_1_4.csv
542,0,0,0,Reader_1_5.csv
542,2,2,0,Reader_1_6.csv
542,0,0,0,Reader_1_7.csv
542,1,1,0,Reader_1_8.csv
542,0,0,0,Reader_1_9.csv
542,1,0,1,Reader_2_1.csv
542,0,0,0,Reader_2_10.csv
542,0,0,0,Reader_2_11.csv
542,6,3,3,Reader_2_12.csv
542,0,0,0,Reader_2_2.csv
542,1,0,1,Reader_2_3.csv
542,0,0,0,Reader_2_4.csv
542,0,0,0,Reader_2_5.csv
542,2,2,0,Reader_2_6.csv
542,0,0,0,Reader_2_7.csv
542,0,0,0,Reader_2_8.csv
542,0,0,0,Reader_2_9.csv
542,22,18,4,reader_3_1.csv
542,7,7,0,Reader_3_2.csv
542,6,4,2,Reader_3_3.csv
542,6,4,2,Reader_3_4.csv
542,4,2,2,Reader_3_5.csv
542,1,1,0,Reader_3_6.csv
542,5,5,0,Reader_3_7.csv
543,28,17,11,Reader_1_1.csv
543,0,0,0,Reader_1_10.csv
543,2,2,0,Reader_1_11.csv
543,1,1,0,Reader_1_12.csv
543,9,7,2,Reader_1_2.csv
543,4,2,2,Reader_1_3.csv
543,1,1,0,Reader_1_4.csv
543,0,0,0,Reader_1_5.csv
543,2,2,0,Reader_1_6.csv
543,0,0,0,Reader_1_7.csv
543,1,1,0,Reader_1_8.csv
543,0,0,0,Reader_1_9.csv
543,2,0,2,Reader_2_1.csv
543,0,0,0,Reader_2_10.csv
543,0,0,0,Reader_2_11.csv
543,6,3,3,Reader_2_12.csv
543,0,0,0,Reader_2_2.csv
543,1,0,1,Reader_2_3.csv
543,0,0,0,Reader_2_4.csv
543,0,0,0,Reader_2_5.csv
543,1,1,0,Reader_2_6.csv
543,0,0,0,Reader_2_7.csv
543,0,0,0,Reader_2_8.csv
543,0,0,0,Reader_2_9.csv
543,22,19,3,reader_3_1.csv
543,10,9,1,Reader_3_2.csv
543,6,4,2,Reader_3_3.csv
543,6,4,2,Reader_3_4.csv
543,3,1,2,Reader_3_5.csv
543,2,2,0,Reader_3_6.csv
543,5,5,0,Reader_3_7.csv
544,26,14,12,Reader_1_1.csv
544,0,0,0,Reader_1_10.csv
544,1,1,0,Reader_1_11.csv
544,1,1,0,Reader_1_12.csv
544,7,6,1,Reader_1_2.csv
544,4,2,2,Reader_1_3.csv
544,1,1,0,Reader_1_4.csv
544,0,0,0,Reader_1_5.csv
544,2,2,0,Reader_1_6.csv
544,0,0,0,Reader_1_7.csv
544,1,1,0,Reader_1_8.csv
544,0,0,0,Reader_1_9.csv
544,2,0,2,Reader_2_1.csv
544,0,0,0,Reader_2_10.csv
544,0,0,0,Reader_2_11.csv
544,7,3,4,Reader_2_12.csv
544,0,0,0,Reader_2_2.csv
544,2,1,1,Reader_2_3.csv
544,0,0,0,Reader_2_4.csv
544,0,0,0,Reader_2_5.csv
544,1,1,0,Reader_2_6.csv
544,0,0,0,Reader_2_7.csv
544,0,0,0,Reader_2_8.csv
544,0,0,0,Reader_2_9.csv
544,25,21,4,reader_3_1.csv
544,11,8,3,Reader_3_2.csv
544,5,4,1,Reader_3_3.csv
544,5,4,1,Reader_3_4.csv
544,0,0,0,Reader_3_5.csv
544,2,2,0,Reader_3_6.csv
544,5,5,0,Reader_3_7.csv
545,27,14,13,Reader_1_1.csv
545,0,0,0,Reader_1_10.csv
545,1,1,0,Reader_1_11.csv
545,2,1,1,Reader_1_12.csv
545,5,4,1,Reader_1_2.csv
545,3,2,1,Reader_1_3.csv
545,2,1,1,Reader_1_4.csv
545,0,0,0,Reader_1_5.csv
545,3,2,1,Reader_1_6.csv
545,0,0,0,Reader_1_7.csv
545,0,0,0,Reader_1_8.csv
545,0,0,0,Reader_1_9.csv
545,1,0,1,Reader_2_1.csv
545,0,0,0,Reader_2_10.csv
545,0,0,0,Reader_2_11.csv
545,7,2,5,Reader_2_12.csv
545,0,0,0,Reader_2_2.csv
545,1,1,0,Reader_2_3.csv
545,0,0,0,Reader_2_4.csv
545,0,0,0,Reader_2_5.csv
545,1,1,0,Reader_2_6.csv
545,0,0,0,Reader_2_7.csv
545,0,0,0,Reader_2_8.csv
545,0,0,0,Reader_2_9.csv
545,22,19,3,reader_3_1.csv
545,12,9,3,Reader_3_2.csv
545,4,3,1,Reader_3_3.csv
545,4,3,1,Reader_3_4.csv
545,0,0,0,Reader_3_5.csv
545,2,1,1,Reader_3_6.csv
545,3,3,0,Reader_3_7.csv
546,23,13,10,Reader_1_1.csv
546,0,0,0,Reader_1_10.csv
546,1,1,0,Reader_1_11.csv
546,2,1,1,Reader_1_12.csv
546,5,4,1,Reader_1_2.csv
546,4,3,1,Reader_1_3.csv
546,2,1,1,Reader_1_4.csv
546,1,1,0,Reader_1_5.csv
546,3,2,1,Reader_1_6.csv
546,0,0,0,Reader_1_7.csv
546,0,0,0,Reader_1_8.csv
546,0,0,0,Reader_1_9.csv
546,1,0,1,Reader_2_1.csv
546,0,0,0,Reader_2_10.csv
546,0,0,0,Reader_2_11.csv
546,7,3,4,Reader_2_12.csv
546,0,0,0,Reader_2_2.csv
546,1,1,0,Reader_2_3.csv
546,0,0,0,Reader_2_4.csv
546,0,0,0,Reader_2_5.csv
546,1,1,0,Reader_2_6.csv
546,0,0,0,Reader_2_7.csv
546,0,0,0,Reader_2_8.csv
546,0,0,0,Reader_2_9.csv
546,24,21,3,reader_3_1.csv
546,13,10,3,Reader_3_2.csv
546,3,2,1,Reader_3_3.csv
546,3,2,1,Reader_3_4.csv
546,1,1,0,Reader_3_5.csv
546,3,1,2,Reader_3_6.csv
546,2,2,0,Reader_3_7.csv
547,21,13,8,Reader_1_1.csv
547,0,0,0,Reader_1_10.csv
547,1,1,0,Reader_1_11.csv
547,2,1,1,Reader_1_12.csv
547,3,3,0,Reader_1_2.csv
547,5,4,1,Reader_1_3.csv
547,2,1,1,Reader_1_4.csv
547,1,1,0,Reader_1_5.csv
547,3,2,1,Reader_1_6.csv
547,0,0,0,Reader_1_7.csv
547,0,0,0,Reader_1_8.csv
547,0,0,0,Reader_1_9.csv
547,1,0,1,Reader_2_1.csv
547,0,0,0,Reader_2_10.csv
547,0,0,0,Reader_2_11.csv
547,6,3,3,Reader_2_12.csv
547,2,1,1,Reader_2_2.csv
547,2,2,0,Reader_2_3.csv
547,0,0,0,Reader_2_4.csv
547,0,0,0,Reader_2_5.csv
547,1,1,0,Reader_2_6.csv
547,0,0,0,Reader_2_7.csv
547,0,0,0,Reader_2_8.csv
547,0,0,0,Reader_2_9.csv
547,28,25,3,reader_3_1.csv
547,14,11,3,Reader_3_2.csv
547,3,2,1,Reader_3_3.csv
547,3,2,1,Reader_3_4.csv
547,1,1,0,Reader_3_5.csv
547,3,1,2,Reader_3_6.csv
547,2,2,0,Reader_3_7.csv
548,22,14,8,Reader_1_1.csv
548,0,0,0,Reader_1_10.csv
548,0,0,0,Reader_1_11.csv
548,1,0,1,Reader_1_12.csv
548,2,2,0,Reader_1_2.csv
548,5,4,1,Reader_1_3.csv
548,2,1,1,Reader_1_4.csv
548,1,1,0,Reader_1_5.csv
548,2,1,1,Reader_1_6.csv
548,0,0,0,Reader_1_7.csv
548,0,0,0,Reader_1_8.csv
548,0,0,0,Reader_1_9.csv
548,1,0,1,Reader_2_1.csv
548,0,0,0,Reader_2_10.csv
548,0,0,0,Reader_2_11.csv
548,6,3,3,Reader_2_12.csv
548,3,2,1,Reader_2_2.csv
548,2,2,0,Reader_2_3.csv
548,0,0,0,Reader_2_4.csv
548,0,0,0,Reader_2_5.csv
548,1,1,0,Reader_2_6.csv
548,0,0,0,Reader_2_7.csv
548,0,0,0,Reader_2_8.csv
548,0,0,0,Reader_2_9.csv
548,31,28,3,reader_3_1.csv
548,14,10,4,Reader_3_2.csv
548,2,2,0,Reader_3_3.csv
548,2,2,0,Reader_3_4.csv
548,2,1,1,Reader_3_5.csv
548,3,1,2,Reader_3_6.csv
548,2,2,0,Reader_3_7.csv
549,21,14,7,Reader_1_1.csv
549,0,0,0,Reader_1_10.csv
549,0,0,0,Reader_1_11.csv
549,1,0,1,Reader_1_12.csv
549,3,3,0,Reader_1_2.csv
549,3,2,1,Reader_1_3.csv
549,2,1,1,Reader_1_4.csv
549,1,1,0,Reader_1_5.csv
549,2,1,1,Reader_1_6.csv
549,1,0,1,Reader_1_7.csv
549,0,0,0,Reader_1_8.csv
549,0,0,0,Reader_1_9.csv
549,1,0,1,Reader_2_1.csv
549,0,0,0,Reader_2_10.csv
549,0,0,0,Reader_2_11.csv
549,5,2,3,Reader_2_12.csv
549,3,2,1,Reader_2_2.csv
549,2,2,0,Reader_2_3.csv
549,0,0,0,Reader_2_4.csv
549,0,0,0,Reader_2_5.csv
549,0,0,0,Reader_2_6.csv
549,0,0,0,Reader_2_7.csv
549,0,0,0,Reader_2_8.csv
549,0,0,0,Reader_2_9.csv
549,38,36,2,reader_3_1.csv
549,17,13,4,Reader_3_2.csv
549,2,2,0,Reader_3_3.csv
549,2,2,0,Reader_3_4.csv
549,2,1,1,Reader_3_5.csv
549,4,1,3,Reader_3_6.csv
549,1,1,0,Reader_3_7.csv
550,21,14,7,Reader_1_1.csv
550,0,0,0,Reader_1_10.csv
550,0,0,0,Reader_1_11.csv
550,1,0,1,Reader_1_12.csv
550,3,3,0,Reader_1_2.csv
550,3,3,0,Reader_1_3.csv
550,2,1,1,Reader_1_4.csv
550,1,1,0,Reader_1_5.csv
550,1,0,1,Reader_1_6.csv
550,1,0,1,Reader_1_7.csv
550,0,0,0,Reader_1_8.csv
550,0,0,0,Reader_1_9.csv
550,1,0,1,Reader_2_1.csv
550,0,0,0,Reader_2_10.csv
550,0,0,0,Reader_2_11.csv
550,4,2,2,Reader_2_12.csv
550,3,2,1,Reader_2_2.csv
550,3,3,0,Reader_2_3.csv
550,0,0,0,Reader_2_4.csv
550,0,0,0,Reader_2_5.csv
550,0,0,0,Reader_2_6.csv
550,0,0,0,Reader_2_7.csv
550,0,0,0,Reader_2_8.csv
550,0,0,0,Reader_2_9.csv
550,43,40,3,reader_3_1.csv
550,18,13,5,Reader_3_2.csv
550,1,1,0,Reader_3_3.csv
550,1,1,0,Reader_3_4.csv
550,3,2,1,Reader_3_5.csv
550,5,2,3,Reader_3_6.csv
550,2,2,0,Reader_3_7.csv
551,16,11,5,Reader_1_1.csv
551,0,0,0,Reader_1_10.csv
551,0,0,0,Reader_1_11.csv
551,2,1,1,Reader_1_12.csv
551,1,1,0,Reader_1_2.csv
551,5,5,0,Reader_1_3.csv
551,1,0,1,Reader_1_4.csv
551,1,1,0,Reader_1_5.csv
551,1,0,1,Reader_1_6.csv
551,1,0,1,Reader_1_7.csv
551,0,0,0,Reader_1_8.csv
551,0,0,0,Reader_1_9.csv
551,0,0,0,Reader_2_1.csv
551,0,0,0,Reader_2_10.csv
551,0,0,0,Reader_2_11.csv
551,4,2,2,Reader_2_12.csv
551,3,2,1,Reader_2_2.csv
551,3,3,0,Reader_2_3.csv
551,0,0,0,Reader_2_4.csv
551,0,0,0,Reader_2_5.csv
551,0,0,0,Reader_2_6.csv
551,0,0,0,Reader_2_7.csv
551,1,1,0,Reader_2_8.csv
551,1,1,0,Reader_2_9.csv
551,42,39,3,reader_3_1.csv
551,18,14,4,Reader_3_2.csv
551,1,1,0,Reader_3_3.csv
551,1,1,0,Reader_3_4.csv
551,3,2,1,Reader_3_5.csv
551,4,1,3,Reader_3_6.csv
551,3,3,0,Reader_3_7.csv
552,16,12,4,Reader_1_1.csv
552,0,0,0,Reader_1_10.csv
552,0,0,0,Reader_1_11.csv
552,2,1,1,Reader_1_12.csv
552,1,1,0,Reader_1_2.csv
552,5,5,0,Reader_1_3.csv
552,2,1,1,Reader_1_4.csv
552,1,1,0,Reader_1_5.csv
552,1,0,1,Reader_1_6.csv
552,1,0,1,Reader_1_7.csv
552,0,0,0,Reader_1_8.csv
552,0,0,0,Reader_1_9.csv
552,0,0,0,Reader_2_1.csv
552,0,0,0,Reader_2_10.csv
552,0,0,0,Reader_2_11.csv
552,3,2,1,Reader_2_12.csv
552,3,2,1,Reader_2_2.csv
552,2,2,0,Reader_2_3.csv
552,0,0,0,Reader_2_4.csv
552,0,0,0,Reader_2_5.csv
552,0,0,0,Reader_2_6.csv
552,0,0,0,Reader_2_7.csv
552,1,1,0,Reader_2_8.csv
552,1,1,0,Reader_2_9.csv
552,37,35,2,reader_3_1.csv
552,16,14,2,Reader_3_2.csv
552,1,1,0,Reader_3_3.csv
552,1,1,0,Reader_3_4.csv
552,3,2,1,Reader_3_5.csv
552,4,1,3,Reader_3_6.csv
552,3,3,0,Reader_3_7.csv
553,14,11,3,Reader_1_1.csv
553,0,0,0,Reader_1_10.csv
553,0,0,0,Reader_1_11.csv
553,1,1,0,Reader_1_12.csv
553,2,2,0,Reader_1_2.csv
553,5,5,0,Reader_1_3.csv
553,1,1,0,Reader_1_4.csv
553,1,1,0,Reader_1_5.csv
553,0,0,0,Reader_1_6.csv
553,2,1,1,Reader_1_7.csv
553,0,0,0,Reader_1_8.csv
553,0,0,0,Reader_1_9.csv
553,0,0,0,Reader_2_1.csv
553,0,0,0,Reader_2_10.csv
553,0,0,0,Reader_2_11.csv
553,2,2,0,Reader_2_12.csv
553,3,2,1,Reader_2_2.csv
553,3,3,0,Reader_2_3.csv
553,0,0,0,Reader_2_4.csv
553,0,0,0,Reader_2_5.csv
553,0,0,0,Reader_2_6.csv
553,0,0,0,Reader_2_7.csv
553,1,1,0,Reader_2_8.csv
553,1,1,0,Reader_2_9.csv
553,38,35,3,reader_3_1.csv
553,14,11,3,Reader_3_2.csv
553,1,1,0,Reader_3_3.csv
553,1,1,0,Reader_3_4.csv
553,4,3,1,Reader_3_5.csv
553,3,1,2,Reader_3_6.csv
553,3,3,0,Reader_3_7.csv
554,12,9,3,Reader_1_1.csv
554,0,0,0,Reader_1_10.csv
554,0,0,0,Reader_1_11.csv
554,1,1,0,Reader_1_12.csv
554,2,2,0,Reader_1_2.csv
554,4,4,0,Reader_1_3.csv
554,1,1,0,Reader_1_4.csv
554,0,0,0,Reader_1_5.csv
554,0,0,0,Reader_1_6.csv
554,2,1,1,Reader_1_7.csv
554,0,0,0,Reader_1_8.csv
554,1,1,0,Reader_1_9.csv
554,1,1,0,Reader_2_1.csv
554,0,0,0,Reader_2_10.csv
554,0,0,0,Reader_2_11.csv
554,1,1,0,Reader_2_12.csv
554,3,2,1,Reader_2_2.csv
554,3,3,0,Reader_2_3.csv
554,0,0,0,Reader_2_4.csv
554,0,0,0,Reader_2_5.csv
554,0,0,0,Reader_2_6.csv
554,1,1,0,Reader_2_7.csv
554,2,1,1,Reader_2_8.csv
554,1,1,0,Reader_2_9.csv
554,33,31,2,reader_3_1.csv
554,17,14,3,Reader_3_2.csv
554,2,2,0,Reader_3_3.csv
554,2,2,0,Reader_3_4.csv
554,3,2,1,Reader_3_5.csv
554,3,2,1,Reader_3_6.csv
554,3,3,0,Reader_3_7.csv
555,14,11,3,Reader_1_1.csv
555,0,0,0,Reader_1_10.csv
555,0,0,0,Reader_1_11.csv
555,1,1,0,Reader_1_12.csv
555,2,2,0,Reader_1_2.csv
555,3,3,0,Reader_1_3.csv
555,2,2,0,Reader_1_4.csv
555,0,0,0,Reader_1_5.csv
555,0,0,0,Reader_1_6.csv
555,2,1,1,Reader_1_7.csv
555,0,0,0,Reader_1_8.csv
555,1,1,0,Reader_1_9.csv
555,1,1,0,Reader_2_1.csv
555,0,0,0,Reader_2_10.csv
555,0,0,0,Reader_2_11.csv
555,1,1,0,Reader_2_12.csv
555,1,1,0,Reader_2_2.csv
555,2,2,0,Reader_2_3.csv
555,0,0,0,Reader_2_4.csv
555,0,0,0,Reader_2_5.csv
555,0,0,0,Reader_2_6.csv
555,1,1,0,Reader_2_7.csv
555,2,1,1,Reader_2_8.csv
555,1,1,0,Reader_2_9.csv
555,30,28,2,reader_3_1.csv
555,17,14,3,Reader_3_2.csv
555,1,1,0,Reader_3_3.csv
555,1,1,0,Reader_3_4.csv
555,3,2,1,Reader_3_5.csv
555,4,3,1,Reader_3_6.csv
555,3,3,0,Reader_3_7.csv
556,11,9,2,Reader_1_1.csv
556,0,0,0,Reader_1_10.csv
556,0,0,0,Reader_1_11.csv
556,1,1,0,Reader_1_12.csv
556,2,2,0,Reader_1_2.csv
556,3,3,0,Reader_1_3.csv
556,2,2,0,Reader_1_4.csv
556,0,0,0,Reader_1_5.csv
556,0,0,0,Reader_1_6.csv
556,2,1,1,Reader_1_7.csv
556,0,0,0,Reader_1_8.csv
556,1,1,0,Reader_1_9.csv
556,1,1,0,Reader_2_1.csv
556,0,0,0,Reader_2_10.csv
556,0,0,0,Reader_2_11.csv
556,2,2,0,Reader_2_12.csv
556,0,0,0,Reader_2_2.csv
556,2,2,0,Reader_2_3.csv
556,0,0,0,Reader_2_4.csv
556,0,0,0,Reader_2_5.csv
556,0,0,0,Reader_2_6.csv
556,1,1,0,Reader_2_7.csv
556,3,1,2,Reader_2_8.csv
556,1,1,0,Reader_2_9.csv
556,29,27,2,reader_3_1.csv
556,17,15,2,Reader_3_2.csv
556,1,1,0,Reader_3_3.csv
556,1,1,0,Reader_3_4.csv
556,2,2,0,Reader_3_5.csv
556,5,4,1,Reader_3_6.csv
556,2,2,0,Reader_3_7.csv
557,10,9,1,Reader_1_1.csv
557,0,0,0,Reader_1_10.csv
557,0,0,0,Reader_1_11.csv
557,1,1,0,Reader_1_12.csv
557,2,2,0,Reader_1_2.csv
557,3,3,0,Reader_1_3.csv
557,2,2,0,Reader_1_4.csv
557,0,0,0,Reader_1_5.csv
557,0,0,0,Reader_1_6.csv
557,1,1,0,Reader_1_7.csv
557,0,0,0,Reader_1_8.csv
557,1,1,0,Reader_1_9.csv
557,1,1,0,Reader_2_1.csv
557,0,0,0,Reader_2_10.csv
557,0,0,0,Reader_2_11.csv
557,3,2,1,Reader_2_12.csv
557,0,0,0,Reader_2_2.csv
557,2,2,0,Reader_2_3.csv
557,0,0,0,Reader_2_4.csv
557,0,0,0,Reader_2_5.csv
557,0,0,0,Reader_2_6.csv
557,1,1,0,Reader_2_7.csv
557,3,1,2,Reader_2_8.csv
557,1,1,0,Reader_2_9.csv
557,21,19,2,reader_3_1.csv
557,16,14,2,Reader_3_2.csv
557,1,1,0,Reader_3_3.csv
557,1,1,0,Reader_3_4.csv
557,2,2,0,Reader_3_5.csv
557,7,6,1,Reader_3_6.csv
557,2,2,0,Reader_3_7.csv
558,8,7,1,Reader_1_1.csv
558,0,0,0,Reader_1_10.csv
558,0,0,0,Reader_1_11.csv
558,1,1,0,Reader_1_12.csv
558,2,2,0,Reader_1_2.csv
558,2,2,0,Reader_1_3.csv
558,2,2,0,Reader_1_4.csv
558,0,0,0,Reader_1_5.csv
558,0,0,0,Reader_1_6.csv
558,1,1,0,Reader_1_7.csv
558,0,0,0,Reader_1_8.csv
558,1,1,0,Reader_1_9.csv
558,1,1,0,Reader_2_1.csv
558,0,0,0,Reader_2_10.csv
558,0,0,0,Reader_2_11.csv
558,3,2,1,Reader_2_12.csv
558,0,0,0,Reader_2_2.csv
558,1,1,0,Reader_2_3.csv
558,0,0,0,Reader_2_4.csv
558,0,0,0,Reader_2_5.csv
558,0,0,0,Reader_2_6.csv
558,1,1,0,Reader_2_7.csv
558,3,1,2,Reader_2_8.csv
558,1,1,0,Reader_2_9.csv
558,15,14,1,reader_3_1.csv
558,18,16,2,Reader_3_2.csv
558,1,1,0,Reader_3_3.csv
558,1,1,0,Reader_3_4.csv
558,2,2,0,Reader_3_5.csv
558,6,5,1,Reader_3_6.csv
558,1,1,0,Reader_3_7.csv
559,8,7,1,Reader_1_1.csv
559,0,0,0,Reader_1_10.csv
559,0,0,0,Reader_1_11.csv
559,0,0,0,Reader_1_12.csv
559,2,2,0,Reader_1_2.csv
559,0,0,0,Reader_1_3.csv
559,2,2,0,Reader_1_4.csv
559,0,0,0,Reader_1_5.csv
559,0,0,0,Reader_1_6.csv
559,1,1,0,Reader_1_7.csv
559,0,0,0,Reader_1_8.csv
559,1,1,0,Reader_1_9.csv
559,1,1,0,Reader_2_1.csv
559,0,0,0,Reader_2_10.csv
559,0,0,0,Reader_2_11.csv
559,2,1,1,Reader_2_12.csv
559,0,0,0,Reader_2_2.csv
559,1,1,0,Reader_2_3.csv
559,0,0,0,Reader_2_4.csv
559,0,0,0,Reader_2_5.csv
559,0,0,0,Reader_2_6.csv
559,1,1,0,Reader_2_7.csv
559,2,0,2,Reader_2_8.csv
559,0,0,0,Reader_2_9.csv
559,12,11,1,reader_3_1.csv
559,19,15,4,Reader_3_2.csv
559,1,1,0,Reader_3_3.csv
559,1,1,0,Reader_3_4.csv
559,2,2,0,Reader_3_5.csv
559,6,5,1,Reader_3_6.csv
559,0,0,0,Reader_3_7.csv
560,6,5,1,Reader_1_1.csv
560,0,0,0,Reader_1_10.csv
560,0,0,0,Reader_1_11.csv
560,0,0,0,Reader_1_12.csv
560,2,2,0,Reader_1_2.csv
560,0,0,0,Reader_1_3.csv
560,1,1,0,Reader_1_4.csv
560,0,0,0,Reader_1_5.csv
560,0,0,0,Reader_1_6.csv
560,1,1,0,Reader_1_7.csv
560,0,0,0,Reader_1_8.csv
560,1,1,0,Reader_1_9.csv
560,1,1,0,Reader_2_1.csv
560,0,0,0,Reader_2_10.csv
560,0,0,0,Reader_2_11.csv
560,2,1,1,Reader_2_12.csv
560,0,0,0,Reader_2_2.csv
560,1,1,0,Reader_2_3.csv
560,0,0,0,Reader_2_4.csv
560,0,0,0,Reader_2_5.csv
560,0,0,0,Reader_2_6.csv
560,1,1,0,Reader_2_7.csv
560,2,0,2,Reader_2_8.csv
560,0,0,0,Reader_2_9.csv
560,15,13,2,reader_3_1.csv
560,23,18,5,Reader_3_2.csv
560,2,2,0,Reader_3_3.csv
560,2,2,0,Reader_3_4.csv
560,3,2,1,Reader_3_5.csv
560,7,6,1,Reader_3_6.csv
560,1,0,1,Reader_3_7.csv
561,7,6,1,Reader_1_1.csv
561,0,0,0,Reader_1_10.csv
561,0,0,0,Reader_1_11.csv
561,0,0,0,Reader_1_12.csv
561,1,1,0,Reader_1_2.csv
561,1,0,1,Reader_1_3.csv
561,1,1,0,Reader_1_4.csv
561,0,0,0,Reader_1_5.csv
561,0,0,0,Reader_1_6.csv
561,0,0,0,Reader_1_7.csv
561,0,0,0,Reader_1_8.csv
561,1,1,0,Reader_1_9.csv
561,1,1,0,Reader_2_1.csv
561,0,0,0,Reader_2_10.csv
561,0,0,0,Reader_2_11.csv
561,2,1,1,Reader_2_12.csv
561,1,0,1,Reader_2_2.csv
561,0,0,0,Reader_2_3.csv
561,0,0,0,Reader_2_4.csv
561,0,0,0,Reader_2_5.csv
561,0,0,0,Reader_2_6.csv
561,1,1,0,Reader_2_7.csv
561,2,0,2,Reader_2_8.csv
561,0,0,0,Reader_2_9.csv
561,13,12,1,reader_3_1.csv
561,23,19,4,Reader_3_2.csv
561,2,2,0,Reader_3_3.csv
561,2,2,0,Reader_3_4.csv
561,2,1,1,Reader_3_5.csv
561,8,7,1,Reader_3_6.csv
561,1,0,1,Reader_3_7.csv
562,7,6,1,Reader_1_1.csv
562,0,0,0,Reader_1_10.csv
562,0,0,0,Reader_1_11.csv
562,0,0,0,Reader_1_12.csv
562,1,1,0,Reader_1_2.csv
562,1,0,1,Reader_1_3.csv
562,1,1,0,Reader_1_4.csv
562,0,0,0,Reader_1_5.csv
562,0,0,0,Reader_1_6.csv
562,0,0,0,Reader_1_7.csv
562,0,0,0,Reader_1_8.csv
562,0,0,0,Reader_1_9.csv
562,1,1,0,Reader_2_1.csv
562,0,0,0,Reader_2_10.csv
562,0,0,0,Reader_2_11.csv
562,3,1,2,Reader_2_12.csv
562,2,1,1,Reader_2_2.csv
562,0,0,0,Reader_2_3.csv
562,0,0,0,Reader_2_4.csv
562,0,0,0,Reader_2_5.csv
562,0,0,0,Reader_2_6.csv
562,0,0,0,Reader_2_7.csv
562,1,0,1,Reader_2_8.csv
562,0,0,0,Reader_2_9.csv
562,11,10,1,reader_3_1.csv
562,21,17,4,Reader_3_2.csv
562,3,1,2,Reader_3_3.csv
562,3,1,2,Reader_3_4.csv
562,2,1,1,Reader_3_5.csv
562,9,8,1,Reader_3_6.csv
562,1,0,1,Reader_3_7.csv
563,5,4,1,Reader_1_1.csv
563,0,0,0,Reader_1_10.csv
563,0,0,0,Reader_1_11.csv
563,0,0,0,Reader_1_12.csv
563,1,1,0,Reader_1_2.csv
563,2,1,1,Reader_1_3.csv
563,0,0,0,Reader_1_4.csv
563,0,0,0,Reader_1_5.csv
563,0,0,0,Reader_1_6.csv
563,0,0,0,Reader_1_7.csv
563,1,1,0,Reader_1_8.csv
563,0,0,0,Reader_1_9.csv
563,1,1,0,Reader_2_1.csv
563,0,0,0,Reader_2_10.csv
563,0,0,0,Reader_2_11.csv
563,3,1,2,Reader_2_12.csv
563,2,1,1,Reader_2_2.csv
563,0,0,0,Reader_2_3.csv
563,0,0,0,Reader_2_4.csv
563,0,0,0,Reader_2_5.csv
563,0,0,0,Reader_2_6.csv
563,0,0,0,Reader_2_7.csv
563,1,0,1,Reader_2_8.csv
563,0,0,0,Reader_2_9.csv
563,9,8,1,reader_3_1.csv
563,21,17,4,Reader_3_2.csv
563,4,2,2,Reader_3_3.csv
563,4,2,2,Reader_3_4.csv
563,2,1,1,Reader_3_5.csv
563,8,7,1,Reader_3_6.csv
563,3,2,1,Reader_3_7.csv
564,7,6,1,Reader_1_1.csv
564,0,0,0,Reader_1_10.csv
564,0,0,0,Reader_1_11.csv
564,0,0,0,Reader_1_12.csv
564,1,1,0,Reader_1_2.csv
564,2,1,1,Reader_1_3.csv
564,0,0,0,Reader_1_4.csv
564,0,0,0,Reader_1_5.csv
564,0,0,0,Reader_1_6.csv
564,0,0,0,Reader_1_7.csv
564,1,1,0,Reader_1_8.csv
564,0,0,0,Reader_1_9.csv
564,1,1,0,Reader_2_1.csv
564,0,0,0,Reader_2_10.csv
564,0,0,0,Reader_2_11.csv
564,2,0,2,Reader_2_12.csv
564,2,1,1,Reader_2_2.csv
564,0,0,0,Reader_2_3.csv
564,0,0,0,Reader_2_4.csv
564,0,0,0,Reader_2_5.csv
564,0,0,0,Reader_2_6.csv
564,0,0,0,Reader_2_7.csv
564,1,1,0,Reader_2_8.csv
564,0,0,0,Reader_2_9.csv
564,6,5,1,reader_3_1.csv
564,22,18,4,Reader_3_2.csv
564,5,2,3,Reader_3_3.csv
564,5,2,3,Reader_3_4.csv
564,2,1,1,Reader_3_5.csv
564,8,7,1,Reader_3_6.csv
564,3,2,1,Reader_3_7.csv
565,8,7,1,Reader_1_1.csv
565,0,0,0,Reader_1_10.csv
565,1,1,0,Reader_1_11.csv
565,0,0,0,Reader_1_12.csv
565,0,0,0,Reader_1_2.csv
565,2,1,1,Reader_1_3.csv
565,0,0,0,Reader_1_4.csv
565,0,0,0,Reader_1_5.csv
565,1,0,1,Reader_1_6.csv
565,0,0,0,Reader_1_7.csv
565,1,1,0,Reader_1_8.csv
565,0,0,0,Reader_1_9.csv
565,1,1,0,Reader_2_1.csv
565,0,0,0,Reader_2_10.csv
565,0,0,0,Reader_2_11.csv
565,2,0,2,Reader_2_12.csv
565,2,1,1,Reader_2_2.csv
565,0,0,0,Reader_2_3.csv
565,0,0,0,Reader_2_4.csv
565,0,0,0,Reader_2_5.csv
565,0,0,0,Reader_2_6.csv
565,0,0,0,Reader_2_7.csv
565,1,1,0,Reader_2_8.csv
565,0,0,0,Reader_2_9.csv
565,6,5,1,reader_3_1.csv
565,22,18,4,Reader_3_2.csv
565,5,2,3,Reader_3_3.csv
565,5,2,3,Reader_3_4.csv
565,2,1,1,Reader_3_5.csv
565,5,5,0,Reader_3_6.csv
565,3,2,1,Reader_3_7.csv
566,9,8,1,Reader_1_1.csv
566,0,0,0,Reader_1_10.csv
566,1,1,0,Reader_1_11.csv
566,0,0,0,Reader_1_12.csv
566,1,1,0,Reader_1_2.csv
566,2,1,1,Reader_1_3.csv
566,0,0,0,Reader_1_4.csv
566,0,0,0,Reader_1_5.csv
566,1,0,1,Reader_1_6.csv
566,0,0,0,Reader_1_7.csv
566,1,1,0,Reader_1_8.csv
566,0,0,0,Reader_1_9.csv
566,1,1,0,Reader_2_1.csv
566,0,0,0,Reader_2_10.csv
566,0,0,0,Reader_2_11.csv
566,2,0,2,Reader_2_12.csv
566,2,1,1,Reader_2_2.csv
566,0,0,0,Reader_2_3.csv
566,0,0,0,Reader_2_4.csv
566,0,0,0,Reader_2_5.csv
566,0,0,0,Reader_2_6.csv
566,0,0,0,Reader_2_7.csv
566,1,1,0,Reader_2_8.csv
566,0,0,0,Reader_2_9.csv
566,7,6,1,reader_3_1.csv
566,21,18,3,Reader_3_2.csv
566,5,2,3,Reader_3_3.csv
566,5,2,3,Reader_3_4.csv
566,2,1,1,Reader_3_5.csv
566,5,5,0,Reader_3_6.csv
566,4,3,1,Reader_3_7.csv
567,8,8,0,Reader_1_1.csv
567,0,0,0,Reader_1_10.csv
567,2,2,0,Reader_1_11.csv
567,0,0,0,Reader_1_12.csv
567,3,3,0,Reader_1_2.csv
567,2,1,1,Reader_1_3.csv
567,0,0,0,Reader_1_4.csv
567,0,0,0,Reader_1_5.csv
567,1,0,1,Reader_1_6.csv
567,0,0,0,Reader_1_7.csv
567,1,1,0,Reader_1_8.csv
567,0,0,0,Reader_1_9.csv
567,1,1,0,Reader_2_1.csv
567,0,0,0,Reader_2_10.csv
567,0,0,0,Reader_2_11.csv
567,2,0,2,Reader_2_12.csv
567,2,1,1,Reader_2_2.csv
567,0,0,0,Reader_2_3.csv
567,1,1,0,Reader_2_4.csv
567,0,0,0,Reader_2_5.csv
567,0,0,0,Reader_2_6.csv
567,0,0,0,Reader_2_7.csv
567,1,1,0,Reader_2_8.csv
567,0,0,0,Reader_2_9.csv
567,7,6,1,reader_3_1.csv
567,19,17,2,Reader_3_2.csv
567,6,2,4,Reader_3_3.csv
567,6,2,4,Reader_3_4.csv
567,2,1,1,Reader_3_5.csv
567,7,7,0,Reader_3_6.csv
567,5,4,1,Reader_3_7.csv
568,9,9,0,Reader_1_1.csv
568,0,0,0,Reader_1_10.csv
568,2,2,0,Reader_1_11.csv
568,0,0,0,Reader_1_12.csv
568,4,4,0,Reader_1_2.csv
568,2,1,1,Reader_1_3.csv
568,0,0,0,Reader_1_4.csv
568,0,0,0,Reader_1_5.csv
568,1,0,1,Reader_1_6.csv
568,0,0,0,Reader_1_7.csv
568,1,1,0,Reader_1_8.csv
568,0,0,0,Reader_1_9.csv
568,2,1,1,Reader_2_1.csv
568,0,0,0,Reader_2_10.csv
568,0,0,0,Reader_2_11.csv
568,4,2,2,Reader_2_12.csv
568,3,2,1,Reader_2_2.csv
568,0,0,0,Reader_2_3.csv
568,1,1,0,Reader_2_4.csv
568,0,0,0,Reader_2_5.csv
568,0,0,0,Reader_2_6.csv
568,0,0,0,Reader_2_7.csv
568,1,1,0,Reader_2_8.csv
568,0,0,0,Reader_2_9.csv
568,4,4,0,reader_3_1.csv
568,15,14,1,Reader_3_2.csv
568,5,1,4,Reader_3_3.csv
568,5,1,4,Reader_3_4.csv
568,1,1,0,Reader_3_5.csv
568,8,8,0,Reader_3_6.csv
568,5,5,0,Reader_3_7.csv
569,11,10,1,Reader_1_1.csv
569,0,0,0,Reader_1_10.csv
569,2,2,0,Reader_1_11.csv
569,0,0,0,Reader_1_12.csv
569,4,4,0,Reader_1_2.csv
569,1,1,0,Reader_1_3.csv
569,0,0,0,Reader_1_4.csv
569,1,1,0,Reader_1_5.csv
569,1,0,1,Reader_1_6.csv
569,0,0,0,Reader_1_7.csv
569,1,1,0,Reader_1_8.csv
569,0,0,0,Reader_1_9.csv
569,2,1,1,Reader_2_1.csv
569,0,0,0,Reader_2_10.csv
569,0,0,0,Reader_2_11.csv
569,4,2,2,Reader_2_12.csv
569,2,2,0,Reader_2_2.csv
569,0,0,0,Reader_2_3.csv
569,1,1,0,Reader_2_4.csv
569,0,0,0,Reader_2_5.csv
569,0,0,0,Reader_2_6.csv
569,0,0,0,Reader_2_7.csv
569,1,1,0,Reader_2_8.csv
569,0,0,0,Reader_2_9.csv
569,3,3,0,reader_3_1.csv
569,16,15,1,Reader_3_2.csv
569,5,1,4,Reader_3_3.csv
569,5,1,4,Reader_3_4.csv
569,1,1,0,Reader_3_5.csv
569,7,7,0,Reader_3_6.csv
569,5,5,0,Reader_3_7.csv
570,15,14,1,Reader_1_1.csv
570,0,0,0,Reader_1_10.csv
570,2,2,0,Reader_1_11.csv
570,0,0,0,Reader_1_12.csv
570,4,4,0,Reader_1_2.csv
570,1,1,0,Reader_1_3.csv
570,0,0,0,Reader_1_4.csv
570,1,1,0,Reader_1_5.csv
570,1,0,1,Reader_1_6.csv
570,0,0,0,Reader_1_7.csv
570,2,2,0,Reader_1_8.csv
570,0,0,0,Reader_1_9.csv
570,1,0,1,Reader_2_1.csv
570,0,0,0,Reader_2_10.csv
570,0,0,0,Reader_2_11.csv
570,3,2,1,Reader_2_12.csv
570,2,2,0,Reader_2_2.csv
570,1,1,0,Reader_2_3.csv
570,1,1,0,Reader_2_4.csv
570,0,0,0,Reader_2_5.csv
570,0,0,0,Reader_2_6.csv
570,0,0,0,Reader_2_7.csv
570,1,1,0,Reader_2_8.csv
570,0,0,0,Reader_2_9.csv
570,2,2,0,reader_3_1.csv
570,15,13,2,Reader_3_2.csv
570,3,1,2,Reader_3_3.csv
570,3,1,2,Reader_3_4.csv
570,1,1,0,Reader_3_5.csv
570,5,5,0,Reader_3_6.csv
570,5,5,0,Reader_3_7.csv
571,15,14,1,Reader_1_1.csv
571,0,0,0,Reader_1_10.csv
571,2,2,0,Reader_1_11.csv
571,0,0,0,Reader_1_12.csv
571,6,5,1,Reader_1_2.csv
571,0,0,0,Reader_1_3.csv
571,0,0,0,Reader_1_4.csv
571,2,2,0,Reader_1_5.csv
571,1,0,1,Reader_1_6.csv
571,0,0,0,Reader_1_7.csv
571,1,1,0,Reader_1_8.csv
571,0,0,0,Reader_1_9.csv
571,2,0,2,Reader_2_1.csv
571,0,0,0,Reader_2_10.csv
571,0,0,0,Reader_2_11.csv
571,3,2,1,Reader_2_12.csv
571,2,2,0,Reader_2_2.csv
571,1,1,0,Reader_2_3.csv
571,1,1,0,Reader_2_4.csv
571,0,0,0,Reader_2_5.csv
571,0,0,0,Reader_2_6.csv
571,0,0,0,Reader_2_7.csv
571,1,1,0,Reader_2_8.csv
571,0,0,0,Reader_2_9.csv
571,3,3,0,reader_3_1.csv
571,18,15,3,Reader_3_2.csv
571,3,0,3,Reader_3_3.csv
571,3,0,3,Reader_3_4.csv
571,1,1,0,Reader_3_5.csv
571,5,5,0,Reader_3_6.csv
571,3,3,0,Reader_3_7.csv
572,15,13,2,Reader_1_1.csv
572,0,0,0,Reader_1_10.csv
572,2,2,0,Reader_1_11.csv
572,1,1,0,Reader_1_12.csv
572,7,6,1,Reader_1_2.csv
572,0,0,0,Reader_1_3.csv
572,0,0,0,Reader_1_4.csv
572,2,2,0,Reader_1_5.csv
572,1,0,1,Reader_1_6.csv
572,0,0,0,Reader_1_7.csv
572,1,1,0,Reader_1_8.csv
572,0,0,0,Reader_1_9.csv
572,2,0,2,Reader_2_1.csv
572,0,0,0,Reader_2_10.csv
572,0,0,0,Reader_2_11.csv
572,3,2,1,Reader_2_12.csv
572,2,2,0,Reader_2_2.csv
572,1,1,0,Reader_2_3.csv
572,1,1,0,Reader_2_4.csv
572,0,0,0,Reader_2_5.csv
572,0,0,0,Reader_2_6.csv
572,0,0,0,Reader_2_7.csv
572,0,0,0,Reader_2_8.csv
572,0,0,0,Reader_2_9.csv
572,4,3,1,reader_3_1.csv
572,15,12,3,Reader_3_2.csv
572,2,0,2,Reader_3_3.csv
572,2,0,2,Reader_3_4.csv
572,1,1,0,Reader_3_5.csv
572,5,5,0,Reader_3_6.csv
572,5,5,0,Reader_3_7.csv
573,13,11,2,Reader_1_1.csv
573,1,1,0,Reader_1_10.csv
573,1,1,0,Reader_1_11.csv
573,1,1,0,Reader_1_12.csv
573,7,6,1,Reader_1_2.csv
573,0,0,0,Reader_1_3.csv
573,0,0,0,Reader_1_4.csv
573,2,2,0,Reader_1_5.csv
573,0,0,0,Reader_1_6.csv
573,0,0,0,Reader_1_7.csv
573,1,1,0,Reader_1_8.csv
573,0,0,0,Reader_1_9.csv
573,2,0,2,Reader_2_1.csv
573,0,0,0,Reader_2_10.csv
573,0,0,0,Reader_2_11.csv
573,3,2,1,Reader_2_12.csv
573,3,3,0,Reader_2_2.csv
573,2,2,0,Reader_2_3.csv
573,1,1,0,Reader_2_4.csv
573,0,0,0,Reader_2_5.csv
573,0,0,0,Reader_2_6.csv
573,0,0,0,Reader_2_7.csv
573,0,0,0,Reader_2_8.csv
573,0,0,0,Reader_2_9.csv
573,3,2,1,reader_3_1.csv
573,15,12,3,Reader_3_2.csv
573,2,0,2,Reader_3_3.csv
573,2,0,2,Reader_3_4.csv
573,1,1,0,Reader_3_5.csv
573,5,5,0,Reader_3_6.csv
573,9,8,1,Reader_3_7.csv
574,12,10,2,Reader_1_1.csv
574,1,1,0,Reader_1_10.csv
574,1,1,0,Reader_1_11.csv
574,1,1,0,Reader_1_12.csv
574,7,6,1,Reader_1_2.csv
574,0,0,0,Reader_1_3.csv
574,0,0,0,Reader_1_4.csv
574,2,2,0,Reader_1_5.csv
574,0,0,0,Reader_1_6.csv
574,0,0,0,Reader_1_7.csv
574,1,1,0,Reader_1_8.csv
574,1,0,1,Reader_1_9.csv
574,2,0,2,Reader_2_1.csv
574,0,0,0,Reader_2_10.csv
574,0,0,0,Reader_2_11.csv
574,3,2,1,Reader_2_12.csv
574,3,3,0,Reader_2_2.csv
574,3,3,0,Reader_2_3.csv
574,1,1,0,Reader_2_4.csv
574,0,0,0,Reader_2_5.csv
574,0,0,0,Reader_2_6.csv
574,0,0,0,Reader_2_7.csv
574,0,0,0,Reader_2_8.csv
574,0,0,0,Reader_2_9.csv
574,2,1,1,reader_3_1.csv
574,17,14,3,Reader_3_2.csv
574,2,0,2,Reader_3_3.csv
574,2,0,2,Reader_3_4.csv
574,0,0,0,Reader_3_5.csv
574,5,5,0,Reader_3_6.csv
574,9,7,2,Reader_3_7.csv
575,16,13,3,Reader_1_1.csv
575,1,1,0,Reader_1_10.csv
575,0,0,0,Reader_1_11.csv
575,1,1,0,Reader_1_12.csv
575,5,4,1,Reader_1_2.csv
575,0,0,0,Reader_1_3.csv
575,1,0,1,Reader_1_4.csv
575,2,2,0,Reader_1_5.csv
575,0,0,0,Reader_1_6.csv
575,1,1,0,Reader_1_7.csv
575,1,1,0,Reader_1_8.csv
575,1,0,1,Reader_1_9.csv
575,3,1,2,Reader_2_1.csv
575,0,0,0,Reader_2_10.csv
575,0,0,0,Reader_2_11.csv
575,3,2,1,Reader_2_12.csv
575,3,3,0,Reader_2_2.csv
575,3,3,0,Reader_2_3.csv
575,0,0,0,Reader_2_4.csv
575,0,0,0,Reader_2_5.csv
575,0,0,0,Reader_2_6.csv
575,0,0,0,Reader_2_7.csv
575,0,0,0,Reader_2_8.csv
575,0,0,0,Reader_2_9.csv
575,3,1,2,reader_3_1.csv
575,15,13,2,Reader_3_2.csv
575,1,0,1,Reader_3_3.csv
575,1,0,1,Reader_3_4.csv
575,0,0,0,Reader_3_5.csv
575,3,3,0,Reader_3_6.csv
575,9,6,3,Reader_3_7.csv
576,16,13,3,Reader_1_1.csv
576,1,1,0,Reader_1_10.csv
576,1,1,0,Reader_1_11.csv
576,1,1,0,Reader_1_12.csv
576,8,7,1,Reader_1_2.csv
576,0,0,0,Reader_1_3.csv
576,1,0,1,Reader_1_4.csv
576,2,2,0,Reader_1_5.csv
576,0,0,0,Reader_1_6.csv
576,1,1,0,Reader_1_7.csv
576,1,1,0,Reader_1_8.csv
576,1,0,1,Reader_1_9.csv
576,2,1,1,Reader_2_1.csv
576,0,0,0,Reader_2_10.csv
576,0,0,0,Reader_2_11.csv
576,1,0,1,Reader_2_12.csv
576,2,2,0,Reader_2_2.csv
576,3,3,0,Reader_2_3.csv
576,0,0,0,Reader_2_4.csv
576,0,0,0,Reader_2_5.csv
576,0,0,0,Reader_2_6.csv
576,0,0,0,Reader_2_7.csv
576,0,0,0,Reader_2_8.csv
576,0,0,0,Reader_2_9.csv
576,5,3,2,reader_3_1.csv
576,18,15,3,Reader_3_2.csv
576,1,0,1,Reader_3_3.csv
576,1,0,1,Reader_3_4.csv
576,1,1,0,Reader_3_5.csv
576,1,1,0,Reader_3_6.csv
576,10,7,3,Reader_3_7.csv
577,18,16,2,Reader_1_1.csv
577,1,1,0,Reader_1_10.csv
577,1,1,0,Reader_1_11.csv
577,2,1,1,Reader_1_12.csv
577,8,7,1,Reader_1_2.csv
577,0,0,0,Reader_1_3.csv
577,1,0,1,Reader_1_4.csv
577,1,1,0,Reader_1_5.csv
577,0,0,0,Reader_1_6.csv
577,1,1,0,Reader_1_7.csv
577,1,1,0,Reader_1_8.csv
577,1,0,1,Reader_1_9.csv
577,2,1,1,Reader_2_1.csv
577,0,0,0,Reader_2_10.csv
577,0,0,0,Reader_2_11.csv
577,1,0,1,Reader_2_12.csv
577,2,2,0,Reader_2_2.csv
577,3,3,0,Reader_2_3.csv
577,1,1,0,Reader_2_4.csv
577,0,0,0,Reader_2_5.csv
577,0,0,0,Reader_2_6.csv
577,0,0,0,Reader_2_7.csv
577,0,0,0,Reader_2_8.csv
577,0,0,0,Reader_2_9.csv
577,5,3,2,reader_3_1.csv
577,17,14,3,Reader_3_2.csv
577,1,0,1,Reader_3_3.csv
577,1,0,1,Reader_3_4.csv
577,1,1,0,Reader_3_5.csv
577,1,1,0,Reader_3_6.csv
577,12,9,3,Reader_3_7.csv
578,16,13,3,Reader_1_1.csv
578,1,1,0,Reader_1_10.csv
578,1,1,0,Reader_1_11.csv
578,2,1,1,Reader_1_12.csv
578,8,7,1,Reader_1_2.csv
578,0,0,0,Reader_1_3.csv
578,1,0,1,Reader_1_4.csv
578,1,1,0,Reader_1_5.csv
578,0,0,0,Reader_1_6.csv
578,1,1,0,Reader_1_7.csv
578,0,0,0,Reader_1_8.csv
578,1,0,1,Reader_1_9.csv
578,3,2,1,Reader_2_1.csv
578,0,0,0,Reader_2_10.csv
578,0,0,0,Reader_2_11.csv
578,1,0,1,Reader_2_12.csv
578,1,1,0,Reader_2_2.csv
578,3,2,1,Reader_2_3.csv
578,1,1,0,Reader_2_4.csv
578,0,0,0,Reader_2_5.csv
578,0,0,0,Reader_2_6.csv
578,0,0,0,Reader_2_7.csv
578,0,0,0,Reader_2_8.csv
578,0,0,0,Reader_2_9.csv
578,5,3,2,reader_3_1.csv
578,16,14,2,Reader_3_2.csv
578,1,0,1,Reader_3_3.csv
578,1,0,1,Reader_3_4.csv
578,2,2,0,Reader_3_5.csv
578,1,1,0,Reader_3_6.csv
578,15,12,3,Reader_3_7.csv
579,18,14,4,Reader_1_1.csv
579,1,1,0,Reader_1_10.csv
579,1,1,0,Reader_1_11.csv
579,2,1,1,Reader_1_12.csv
579,6,6,0,Reader_1_2.csv
579,1,1,0,Reader_1_3.csv
579,2,1,1,Reader_1_4.csv
579,0,0,0,Reader_1_5.csv
579,0,0,0,Reader_1_6.csv
579,2,2,0,Reader_1_7.csv
579,0,0,0,Reader_1_8.csv
579,1,0,1,Reader_1_9.csv
579,2,2,0,Reader_2_1.csv
579,0,0,0,Reader_2_10.csv
579,0,0,0,Reader_2_11.csv
579,1,0,1,Reader_2_12.csv
579,1,1,0,Reader_2_2.csv
579,4,3,1,Reader_2_3.csv
579,1,1,0,Reader_2_4.csv
579,0,0,0,Reader_2_5.csv
579,0,0,0,Reader_2_6.csv
579,0,0,0,Reader_2_7.csv
579,0,0,0,Reader_2_8.csv
579,0,0,0,Reader_2_9.csv
579,8,5,3,reader_3_1.csv
579,14,13,1,Reader_3_2.csv
579,2,2,0,Reader_3_3.csv
579,2,2,0,Reader_3_4.csv
579,3,3,0,Reader_3_5.csv
579,1,1,0,Reader_3_6.csv
579,16,13,3,Reader_3_7.csv
580,18,15,3,Reader_1_1.csv
580,2,2,0,Reader_1_10.csv
580,1,1,0,Reader_1_11.csv
580,1,0,1,Reader_1_12.csv
580,5,5,0,Reader_1_2.csv
580,1,1,0,Reader_1_3.csv
580,2,1,1,Reader_1_4.csv
580,0,0,0,Reader_1_5.csv
580,0,0,0,Reader_1_6.csv
580,2,2,0,Reader_1_7.csv
580,0,0,0,Reader_1_8.csv
580,1,0,1,Reader_1_9.csv
580,2,2,0,Reader_2_1.csv
580,0,0,0,Reader_2_10.csv
580,0,0,0,Reader_2_11.csv
580,1,0,1,Reader_2_12.csv
580,1,1,0,Reader_2_2.csv
580,4,3,1,Reader_2_3.csv
580,1,1,0,Reader_2_4.csv
580,0,0,0,Reader_2_5.csv
580,0,0,0,Reader_2_6.csv
580,0,0,0,Reader_2_7.csv
580,0,0,0,Reader_2_8.csv
580,0,0,0,Reader_2_9.csv
580,7,5,2,reader_3_1.csv
580,16,15,1,Reader_3_2.csv
580,2,2,0,Reader_3_3.csv
580,2,2,0,Reader_3_4.csv
580,3,3,0,Reader_3_5.csv
580,0,0,0,Reader_3_6.csv
580,16,12,4,Reader_3_7.csv
581,20,17,3,Reader_1_1.csv
581,1,1,0,Reader_1_10.csv
581,1,1,0,Reader_1_11.csv
581,1,0,1,Reader_1_12.csv
581,5,5,0,Reader_1_2.csv
581,1,1,0,Reader_1_3.csv
581,2,1,1,Reader_1_4.csv
581,0,0,0,Reader_1_5.csv
581,0,0,0,Reader_1_6.csv
581,2,2,0,Reader_1_7.csv
581,0,0,0,Reader_1_8.csv
581,1,0,1,Reader_1_9.csv
581,4,3,1,Reader_2_1.csv
581,0,0,0,Reader_2_10.csv
581,0,0,0,Reader_2_11.csv
581,0,0,0,Reader_2_12.csv
581,0,0,0,Reader_2_2.csv
581,3,2,1,Reader_2_3.csv
581,1,1,0,Reader_2_4.csv
581,0,0,0,Reader_2_5.csv
581,0,0,0,Reader_2_6.csv
581,0,0,0,Reader_2_7.csv
581,0,0,0,Reader_2_8.csv
581,0,0,0,Reader_2_9.csv
581,7,5,2,reader_3_1.csv
581,18,17,1,Reader_3_2.csv
581,2,2,0,Reader_3_3.csv
581,2,2,0,Reader_3_4.csv
581,4,4,0,Reader_3_5.csv
581,1,0,1,Reader_3_6.csv
581,13,10,3,Reader_3_7.csv
582,22,19,3,Reader_1_1.csv
582,1,1,0,Reader_1_10.csv
582,1,1,0,Reader_1_11.csv
582,1,0,1,Reader_1_12.csv
582,4,4,0,Reader_1_2.csv
582,1,1,0,Reader_1_3.csv
582,2,1,1,Reader_1_4.csv
582,1,1,0,Reader_1_5.csv
582,0,0,0,Reader_1_6.csv
582,2,2,0,Reader_1_7.csv
582,0,0,0,Reader_1_8.csv
582,0,0,0,Reader_1_9.csv
582,5,3,2,Reader_2_1.csv
582,0,0,0,Reader_2_10.csv
582,0,0,0,Reader_2_11.csv
582,0,0,0,Reader_2_12.csv
582,0,0,0,Reader_2_2.csv
582,2,1,1,Reader_2_3.csv
582,1,1,0,Reader_2_4.csv
582,0,0,0,Reader_2_5.csv
582,1,1,0,Reader_2_6.csv
582,0,0,0,Reader_2_7.csv
582,0,0,0,Reader_2_8.csv
582,0,0,0,Reader_2_9.csv
582,9,7,2,reader_3_1.csv
582,15,14,1,Reader_3_2.csv
582,2,2,0,Reader_3_3.csv
582,2,2,0,Reader_3_4.csv
582,4,4,0,Reader_3_5.csv
582,1,0,1,Reader_3_6.csv
582,13,11,2,Reader_3_7.csv
583,18,16,2,Reader_1_1.csv
583,1,1,0,Reader_1_10.csv
583,1,1,0,Reader_1_11.csv
583,1,0,1,Reader_1_12.csv
583,4,4,0,Reader_1_2.csv
583,1,1,0,Reader_1_3.csv
583,1,1,0,Reader_1_4.csv
583,1,1,0,Reader_1_5.csv
583,0,0,0,Reader_1_6.csv
583,1,1,0,Reader_1_7.csv
583,0,0,0,Reader_1_8.csv
583,0,0,0,Reader_1_9.csv
583,4,2,2,Reader_2_1.csv
583,0,0,0,Reader_2_10.csv
583,0,0,0,Reader_2_11.csv
583,1,1,0,Reader_2_12.csv
583,0,0,0,Reader_2_2.csv
583,3,1,2,Reader_2_3.csv
583,1,1,0,Reader_2_4.csv
583,0,0,0,Reader_2_5.csv
583,1,1,0,Reader_2_6.csv
583,0,0,0,Reader_2_7.csv
583,0,0,0,Reader_2_8.csv
583,0,0,0,Reader_2_9.csv
583,10,8,2,reader_3_1.csv
583,18,17,1,Reader_3_2.csv
583,2,2,0,Reader_3_3.csv
583,2,2,0,Reader_3_4.csv
583,4,4,0,Reader_3_5.csv
583,1,0,1,Reader_3_6.csv
583,13,12,1,Reader_3_7.csv
584,17,15,2,Reader_1_1.csv
584,1,1,0,Reader_1_10.csv
584,0,0,0,Reader_1_11.csv
584,1,0,1,Reader_1_12.csv
584,1,1,0,Reader_1_2.csv
584,1,1,0,Reader_1_3.csv
584,1,1,0,Reader_1_4.csv
584,1,1,0,Reader_1_5.csv
584,0,0,0,Reader_1_6.csv
584,1,1,0,Reader_1_7.csv
584,0,0,0,Reader_1_8.csv
584,0,0,0,Reader_1_9.csv
584,4,2,2,Reader_2_1.csv
584,0,0,0,Reader_2_10.csv
584,0,0,0,Reader_2_11.csv
584,1,1,0,Reader_2_12.csv
584,0,0,0,Reader_2_2.csv
584,3,1,2,Reader_2_3.csv
584,1,1,0,Reader_2_4.csv
584,0,0,0,Reader_2_5.csv
584,1,1,0,Reader_2_6.csv
584,0,0,0,Reader_2_7.csv
584,0,0,0,Reader_2_8.csv
584,0,0,0,Reader_2_9.csv
584,9,7,2,reader_3_1.csv
584,15,15,0,Reader_3_2.csv
584,2,2,0,Reader_3_3.csv
584,2,2,0,Reader_3_4.csv
584,5,5,0,Reader_3_5.csv
584,1,0,1,Reader_3_6.csv
584,13,12,1,Reader_3_7.csv
585,12,9,3,Reader_1_1.csv
585,1,1,0,Reader_1_10.csv
585,0,0,0,Reader_1_11.csv
585,0,0,0,Reader_1_12.csv
585,1,1,0,Reader_1_2.csv
585,1,1,0,Reader_1_3.csv
585,1,1,0,Reader_1_4.csv
585,1,1,0,Reader_1_5.csv
585,0,0,0,Reader_1_6.csv
585,1,1,0,Reader_1_7.csv
585,0,0,0,Reader_1_8.csv
585,0,0,0,Reader_1_9.csv
585,5,3,2,Reader_2_1.csv
585,0,0,0,Reader_2_10.csv
585,0,0,0,Reader_2_11.csv
585,1,1,0,Reader_2_12.csv
585,0,0,0,Reader_2_2.csv
585,3,1,2,Reader_2_3.csv
585,0,0,0,Reader_2_4.csv
585,0,0,0,Reader_2_5.csv
585,1,1,0,Reader_2_6.csv
585,0,0,0,Reader_2_7.csv
585,0,0,0,Reader_2_8.csv
585,1,1,0,Reader_2_9.csv
585,11,8,3,reader_3_1.csv
585,17,17,0,Reader_3_2.csv
585,2,2,0,Reader_3_3.csv
585,2,2,0,Reader_3_4.csv
585,5,5,0,Reader_3_5.csv
585,1,0,1,Reader_3_6.csv
585,16,13,3,Reader_3_7.csv
586,14,12,2,Reader_1_1.csv
586,1,1,0,Reader_1_10.csv
586,0,0,0,Reader_1_11.csv
586,0,0,0,Reader_1_12.csv
586,1,1,0,Reader_1_2.csv
586,1,1,0,Reader_1_3.csv
586,1,1,0,Reader_1_4.csv
586,1,1,0,Reader_1_5.csv
586,0,0,0,Reader_1_6.csv
586,1,1,0,Reader_1_7.csv
586,0,0,0,Reader_1_8.csv
586,0,0,0,Reader_1_9.csv
586,4,2,2,Reader_2_1.csv
586,0,0,0,Reader_2_10.csv
586,0,0,0,Reader_2_11.csv
586,1,1,0,Reader_2_12.csv
586,0,0,0,Reader_2_2.csv
586,2,1,1,Reader_2_3.csv
586,0,0,0,Reader_2_4.csv
586,0,0,0,Reader_2_5.csv
586,1,1,0,Reader_2_6.csv
586,0,0,0,Reader_2_7.csv
586,0,0,0,Reader_2_8.csv
586,1,1,0,Reader_2_9.csv
586,14,10,4,reader_3_1.csv
586,21,21,0,Reader_3_2.csv
586,2,2,0,Reader_3_3.csv
586,2,2,0,Reader_3_4.csv
586,4,4,0,Reader_3_5.csv
586,1,0,1,Reader_3_6.csv
586,14,11,3,Reader_3_7.csv
587,12,11,1,Reader_1_1.csv
587,1,1,0,Reader_1_10.csv
587,1,1,0,Reader_1_11.csv
587,0,0,0,Reader_1_12.csv
587,1,1,0,Reader_1_2.csv
587,0,0,0,Reader_1_3.csv
587,0,0,0,Reader_1_4.csv
587,1,1,0,Reader_1_5.csv
587,1,1,0,Reader_1_6.csv
587,0,0,0,Reader_1_7.csv
587,0,0,0,Reader_1_8.csv
587,1,0,1,Reader_1_9.csv
587,4,2,2,Reader_2_1.csv
587,0,0,0,Reader_2_10.csv
587,0,0,0,Reader_2_11.csv
587,1,1,0,Reader_2_12.csv
587,0,0,0,Reader_2_2.csv
587,2,1,1,Reader_2_3.csv
587,0,0,0,Reader_2_4.csv
587,0,0,0,Reader_2_5.csv
587,1,1,0,Reader_2_6.csv
587,0,0,0,Reader_2_7.csv
587,0,0,0,Reader_2_8.csv
587,1,1,0,Reader_2_9.csv
587,12,8,4,reader_3_1.csv
587,20,20,0,Reader_3_2.csv
587,0,0,0,Reader_3_3.csv
587,0,0,0,Reader_3_4.csv
587,3,3,0,Reader_3_5.csv
587,2,0,2,Reader_3_6.csv
587,13,10,3,Reader_3_7.csv
588,12,11,1,Reader_1_1.csv
588,0,0,0,Reader_1_10.csv
588,1,1,0,Reader_1_11.csv
588,0,0,0,Reader_1_12.csv
588,1,1,0,Reader_1_2.csv
588,0,0,0,Reader_1_3.csv
588,0,0,0,Reader_1_4.csv
588,1,1,0,Reader_1_5.csv
588,1,1,0,Reader_1_6.csv
588,0,0,0,Reader_1_7.csv
588,0,0,0,Reader_1_8.csv
588,1,0,1,Reader_1_9.csv
588,4,2,2,Reader_2_1.csv
588,0,0,0,Reader_2_10.csv
588,0,0,0,Reader_2_11.csv
588,1,1,0,Reader_2_12.csv
588,0,0,0,Reader_2_2.csv
588,3,1,2,Reader_2_3.csv
588,0,0,0,Reader_2_4.csv
588,0,0,0,Reader_2_5.csv
588,1,1,0,Reader_2_6.csv
588,0,0,0,Reader_2_7.csv
588,0,0,0,Reader_2_8.csv
588,1,1,0,Reader_2_9.csv
588,12,8,4,reader_3_1.csv
588,20,20,0,Reader_3_2.csv
588,0,0,0,Reader_3_3.csv
588,0,0,0,Reader_3_4.csv
588,3,3,0,Reader_3_5.csv
588,2,0,2,Reader_3_6.csv
588,11,9,2,Reader_3_7.csv
589,12,11,1,Reader_1_1.csv
589,0,0,0,Reader_1_10.csv
589,2,2,0,Reader_1_11.csv
589,0,0,0,Reader_1_12.csv
589,1,1,0,Reader_1_2.csv
589,1,1,0,Reader_1_3.csv
589,0,0,0,Reader_1_4.csv
589,1,1,0,Reader_1_5.csv
589,1,1,0,Reader_1_6.csv
589,0,0,0,Reader_1_7.csv
589,0,0,0,Reader_1_8.csv
589,1,0,1,Reader_1_9.csv
589,3,2,1,Reader_2_1.csv
589,0,0,0,Reader_2_10.csv
589,0,0,0,Reader_2_11.csv
589,2,2,0,Reader_2_12.csv
589,0,0,0,Reader_2_2.csv
589,4,2,2,Reader_2_3.csv
589,0,0,0,Reader_2_4.csv
589,0,0,0,Reader_2_5.csv
589,1,1,0,Reader_2_6.csv
589,0,0,0,Reader_2_7.csv
589,0,0,0,Reader_2_8.csv
589,1,1,0,Reader_2_9.csv
589,14,9,5,reader_3_1.csv
589,19,19,0,Reader_3_2.csv
589,0,0,0,Reader_3_3.csv
589,0,0,0,Reader_3_4.csv
589,2,2,0,Reader_3_5.csv
589,1,0,1,Reader_3_6.csv
589,10,8,2,Reader_3_7.csv
590,11,10,1,Reader_1_1.csv
590,0,0,0,Reader_1_10.csv
590,2,2,0,Reader_1_11.csv
590,0,0,0,Reader_1_12.csv
590,1,1,0,Reader_1_2.csv
590,1,1,0,Reader_1_3.csv
590,0,0,0,Reader_1_4.csv
590,1,1,0,Reader_1_5.csv
590,1,1,0,Reader_1_6.csv
590,0,0,0,Reader_1_7.csv
590,1,0,1,Reader_1_8.csv
590,1,0,1,Reader_1_9.csv
590,4,4,0,Reader_2_1.csv
590,0,0,0,Reader_2_10.csv
590,0,0,0,Reader_2_11.csv
590,2,2,0,Reader_2_12.csv
590,0,0,0,Reader_2_2.csv
590,4,2,2,Reader_2_3.csv
590,0,0,0,Reader_2_4.csv
590,0,0,0,Reader_2_5.csv
590,1,1,0,Reader_2_6.csv
590,0,0,0,Reader_2_7.csv
590,0,0,0,Reader_2_8.csv
590,1,1,0,Reader_2_9.csv
590,14,9,5,reader_3_1.csv
590,19,18,1,Reader_3_2.csv
590,1,0,1,Reader_3_3.csv
590,1,0,1,Reader_3_4.csv
590,2,2,0,Reader_3_5.csv
590,1,0,1,Reader_3_6.csv
590,9,7,2,Reader_3_7.csv
591,12,11,1,Reader_1_1.csv
591,0,0,0,Reader_1_10.csv
591,2,2,0,Reader_1_11.csv
591,0,0,0,Reader_1_12.csv
591,1,1,0,Reader_1_2.csv
591,1,1,0,Reader_1_3.csv
591,0,0,0,Reader_1_4.csv
591,2,2,0,Reader_1_5.csv
591,1,1,0,Reader_1_6.csv
591,0,0,0,Reader_1_7.csv
591,1,0,1,Reader_1_8.csv
591,1,0,1,Reader_1_9.csv
591,4,4,0,Reader_2_1.csv
591,0,0,0,Reader_2_10.csv
591,0,0,0,Reader_2_11.csv
591,1,1,0,Reader_2_12.csv
591,0,0,0,Reader_2_2.csv
591,3,2,1,Reader_2_3.csv
591,0,0,0,Reader_2_4.csv
591,0,0,0,Reader_2_5.csv
591,1,1,0,Reader_2_6.csv
591,0,0,0,Reader_2_7.csv
591,0,0,0,Reader_2_8.csv
591,1,1,0,Reader_2_9.csv
591,13,9,4,reader_3_1.csv
591,18,17,1,Reader_3_2.csv
591,2,1,1,Reader_3_3.csv
591,2,1,1,Reader_3_4.csv
591,2,2,0,Reader_3_5.csv
591,1,0,1,Reader_3_6.csv
591,9,7,2,Reader_3_7.csv
592,14,13,1,Reader_1_1.csv
592,0,0,0,Reader_1_10.csv
592,2,2,0,Reader_1_11.csv
592,0,0,0,Reader_1_12.csv
592,0,0,0,Reader_1_2.csv
592,1,1,0,Reader_1_3.csv
592,0,0,0,Reader_1_4.csv
592,2,2,0,Reader_1_5.csv
592,1,1,0,Reader_1_6.csv
592,0,0,0,Reader_1_7.csv
592,2,0,2,Reader_1_8.csv
592,1,0,1,Reader_1_9.csv
592,4,4,0,Reader_2_1.csv
592,0,0,0,Reader_2_10.csv
592,0,0,0,Reader_2_11.csv
592,1,1,0,Reader_2_12.csv
592,0,0,0,Reader_2_2.csv
592,3,2,1,Reader_2_3.csv
592,0,0,0,Reader_2_4.csv
592,0,0,0,Reader_2_5.csv
592,1,1,0,Reader_2_6.csv
592,0,0,0,Reader_2_7.csv
592,0,0,0,Reader_2_8.csv
592,1,1,0,Reader_2_9.csv
592,13,9,4,reader_3_1.csv
592,18,17,1,Reader_3_2.csv
592,3,1,2,Reader_3_3.csv
592,3,1,2,Reader_3_4.csv
592,0,0,0,Reader_3_5.csv
592,1,0,1,Reader_3_6.csv
592,8,6,2,Reader_3_7.csv
593,14,14,0,Reader_1_1.csv
593,0,0,0,Reader_1_10.csv
593,2,2,0,Reader_1_11.csv
593,0,0,0,Reader_1_12.csv
593,0,0,0,Reader_1_2.csv
593,1,1,0,Reader_1_3.csv
593,0,0,0,Reader_1_4.csv
593,2,2,0,Reader_1_5.csv
593,1,1,0,Reader_1_6.csv
593,0,0,0,Reader_1_7.csv
593,2,0,2,Reader_1_8.csv
593,1,0,1,Reader_1_9.csv
593,4,4,0,Reader_2_1.csv
593,0,0,0,Reader_2_10.csv
593,0,0,0,Reader_2_11.csv
593,1,1,0,Reader_2_12.csv
593,0,0,0,Reader_2_2.csv
593,3,2,1,Reader_2_3.csv
593,0,0,0,Reader_2_4.csv
593,0,0,0,Reader_2_5.csv
593,1,1,0,Reader_2_6.csv
593,0,0,0,Reader_2_7.csv
593,0,0,0,Reader_2_8.csv
593,0,0,0,Reader_2_9.csv
593,12,9,3,reader_3_1.csv
593,17,15,2,Reader_3_2.csv
593,3,1,2,Reader_3_3.csv
593,3,1,2,Reader_3_4.csv
593,0,0,0,Reader_3_5.csv
593,1,0,1,Reader_3_6.csv
593,3,3,0,Reader_3_7.csv
594,11,11,0,Reader_1_1.csv
594,0,0,0,Reader_1_10.csv
594,2,2,0,Reader_1_11.csv
594,1,1,0,Reader_1_12.csv
594,0,0,0,Reader_1_2.csv
594,1,1,0,Reader_1_3.csv
594,0,0,0,Reader_1_4.csv
594,3,3,0,Reader_1_5.csv
594,1,1,0,Reader_1_6.csv
594,0,0,0,Reader_1_7.csv
594,2,0,2,Reader_1_8.csv
594,1,0,1,Reader_1_9.csv
594,8,7,1,Reader_2_1.csv
594,0,0,0,Reader_2_10.csv
594,0,0,0,Reader_2_11.csv
594,1,1,0,Reader_2_12.csv
594,0,0,0,Reader_2_2.csv
594,3,2,1,Reader_2_3.csv
594,0,0,0,Reader_2_4.csv
594,0,0,0,Reader_2_5.csv
594,1,1,0,Reader_2_6.csv
594,0,0,0,Reader_2_7.csv
594,0,0,0,Reader_2_8.csv
594,0,0,0,Reader_2_9.csv
594,15,13,2,reader_3_1.csv
594,14,12,2,Reader_3_2.csv
594,3,1,2,Reader_3_3.csv
594,3,1,2,Reader_3_4.csv
594,1,1,0,Reader_3_5.csv
594,2,0,2,Reader_3_6.csv
594,3,3,0,Reader_3_7.csv
595,10,10,0,Reader_1_1.csv
595,0,0,0,Reader_1_10.csv
595,1,1,0,Reader_1_11.csv
595,1,1,0,Reader_1_12.csv
595,1,1,0,Reader_1_2.csv
595,1,1,0,Reader_1_3.csv
595,0,0,0,Reader_1_4.csv
595,3,3,0,Reader_1_5.csv
595,1,1,0,Reader_1_6.csv
595,0,0,0,Reader_1_7.csv
595,2,0,2,Reader_1_8.csv
595,0,0,0,Reader_1_9.csv
595,9,8,1,Reader_2_1.csv
595,0,0,0,Reader_2_10.csv
595,0,0,0,Reader_2_11.csv
595,1,1,0,Reader_2_12.csv
595,0,0,0,Reader_2_2.csv
595,2,1,1,Reader_2_3.csv
595,0,0,0,Reader_2_4.csv
595,0,0,0,Reader_2_5.csv
595,1,1,0,Reader_2_6.csv
595,0,0,0,Reader_2_7.csv
595,0,0,0,Reader_2_8.csv
595,0,0,0,Reader_2_9.csv
595,16,15,1,reader_3_1.csv
595,13,11,2,Reader_3_2.csv
595,4,2,2,Reader_3_3.csv
595,4,2,2,Reader_3_4.csv
595,1,1,0,Reader_3_5.csv
595,1,0,1,Reader_3_6.csv
595,3,3,0,Reader_3_7.csv
596,9,9,0,Reader_1_1.csv
596,0,0,0,Reader_1_10.csv
596,1,1,0,Reader_1_11.csv
596,1,1,0,Reader_1_12.csv
596,1,1,0,Reader_1_2.csv
596,1,1,0,Reader_1_3.csv
596,0,0,0,Reader_1_4.csv
596,3,3,0,Reader_1_5.csv
596,1,1,0,Reader_1_6.csv
596,0,0,0,Reader_1_7.csv
596,2,0,2,Reader_1_8.csv
596,0,0,0,Reader_1_9.csv
596,9,8,1,Reader_2_1.csv
596,0,0,0,Reader_2_10.csv
596,0,0,0,Reader_2_11.csv
596,1,1,0,Reader_2_12.csv
596,0,0,0,Reader_2_2.csv
596,3,2,1,Reader_2_3.csv
596,0,0,0,Reader_2_4.csv
596,0,0,0,Reader_2_5.csv
596,1,1,0,Reader_2_6.csv
596,0,0,0,Reader_2_7.csv
596,0,0,0,Reader_2_8.csv
596,0,0,0,Reader_2_9.csv
596,18,17,1,reader_3_1.csv
596,13,11,2,Reader_3_2.csv
596,4,2,2,Reader_3_3.csv
596,4,2,2,Reader_3_4.csv
596,2,2,0,Reader_3_5.csv
596,1,0,1,Reader_3_6.csv
596,3,3,0,Reader_3_7.csv
597,7,7,0,Reader_1_1.csv
597,0,0,0,Reader_1_10.csv
597,0,0,0,Reader_1_11.csv
597,1,1,0,Reader_1_12.csv
597,2,2,0,Reader_1_2.csv
597,0,0,0,Reader_1_3.csv
597,0,0,0,Reader_1_4.csv
597,3,3,0,Reader_1_5.csv
597,1,1,0,Reader_1_6.csv
597,0,0,0,Reader_1_7.csv
597,2,0,2,Reader_1_8.csv
597,0,0,0,Reader_1_9.csv
597,9,8,1,Reader_2_1.csv
597,0,0,0,Reader_2_10.csv
597,0,0,0,Reader_2_11.csv
597,0,0,0,Reader_2_12.csv
597,0,0,0,Reader_2_2.csv
597,2,1,1,Reader_2_3.csv
597,0,0,0,Reader_2_4.csv
597,0,0,0,Reader_2_5.csv
597,1,1,0,Reader_2_6.csv
597,0,0,0,Reader_2_7.csv
597,0,0,0,Reader_2_8.csv
597,0,0,0,Reader_2_9.csv
597,21,21,0,reader_3_1.csv
597,11,9,2,Reader_3_2.csv
597,4,2,2,Reader_3_3.csv
597,4,2,2,Reader_3_4.csv
597,2,2,0,Reader_3_5.csv
597,1,0,1,Reader_3_6.csv
597,4,4,0,Reader_3_7.csv
598,7,7,0,Reader_1_1.csv
598,1,1,0,Reader_1_10.csv
598,0,0,0,Reader_1_11.csv
598,1,1,0,Reader_1_12.csv
598,4,4,0,Reader_1_2.csv
598,0,0,0,Reader_1_3.csv
598,0,0,0,Reader_1_4.csv
598,2,2,0,Reader_1_5.csv
598,2,2,0,Reader_1_6.csv
598,0,0,0,Reader_1_7.csv
598,1,0,1,Reader_1_8.csv
598,0,0,0,Reader_1_9.csv
598,7,6,1,Reader_2_1.csv
598,0,0,0,Reader_2_10.csv
598,0,0,0,Reader_2_11.csv
598,0,0,0,Reader_2_12.csv
598,0,0,0,Reader_2_2.csv
598,2,1,1,Reader_2_3.csv
598,0,0,0,Reader_2_4.csv
598,0,0,0,Reader_2_5.csv
598,0,0,0,Reader_2_6.csv
598,0,0,0,Reader_2_7.csv
598,0,0,0,Reader_2_8.csv
598,0,0,0,Reader_2_9.csv
598,20,20,0,reader_3_1.csv
598,10,9,1,Reader_3_2.csv
598,3,2,1,Reader_3_3.csv
598,3,2,1,Reader_3_4.csv
598,3,2,1,Reader_3_5.csv
598,1,0,1,Reader_3_6.csv
598,4,4,0,Reader_3_7.csv
599,8,8,0,Reader_1_1.csv
599,1,1,0,Reader_1_10.csv
599,0,0,0,Reader_1_11.csv
599,1,1,0,Reader_1_12.csv
599,4,4,0,Reader_1_2.csv
599,0,0,0,Reader_1_3.csv
599,0,0,0,Reader_1_4.csv
599,1,1,0,Reader_1_5.csv
599,2,2,0,Reader_1_6.csv
599,0,0,0,Reader_1_7.csv
599,1,0,1,Reader_1_8.csv
599,0,0,0,Reader_1_9.csv
599,9,8,1,Reader_2_1.csv
599,0,0,0,Reader_2_10.csv
599,0,0,0,Reader_2_11.csv
599,0,0,0,Reader_2_12.csv
599,0,0,0,Reader_2_2.csv
599,3,2,1,Reader_2_3.csv
599,0,0,0,Reader_2_4.csv
599,0,0,0,Reader_2_5.csv
599,0,0,0,Reader_2_6.csv
599,0,0,0,Reader_2_7.csv
599,0,0,0,Reader_2_8.csv
599,0,0,0,Reader_2_9.csv
599,23,21,2,reader_3_1.csv
599,9,8,1,Reader_3_2.csv
599,3,2,1,Reader_3_3.csv
599,3,2,1,Reader_3_4.csv
599,4,3,1,Reader_3_5.csv
599,1,0,1,Reader_3_6.csv
599,4,4,0,Reader_3_7.csv
600,6,6,0,Reader_1_1.csv
600,1,1,0,Reader_1_10.csv
600,0,0,0,Reader_1_11.csv
600,1,1,0,Reader_1_12.csv
600,4,4,0,Reader_1_2.csv
600,1,0,1,Reader_1_3.csv
600,0,0,0,Reader_1_4.csv
600,1,1,0,Reader_1_5.csv
600,2,2,0,Reader_1_6.csv
600,0,0,0,Reader_1_7.csv
600,0,0,0,Reader_1_8.csv
600,0,0,0,Reader_1_9.csv
600,9,8,1,Reader_2_1.csv
600,0,0,0,Reader_2_10.csv
600,0,0,0,Reader_2_11.csv
600,0,0,0,Reader_2_12.csv
600,0,0,0,Reader_2_2.csv
600,3,2,1,Reader_2_3.csv
600,0,0,0,Reader_2_4.csv
600,0,0,0,Reader_2_5.csv
600,0,0,0,Reader_2_6.csv
600,0,0,0,Reader_2_7.csv
600,0,0,0,Reader_2_8.csv
600,0,0,0,Reader_2_9.csv
600,29,26,3,reader_3_1.csv
600,9,8,1,Reader_3_2.csv
600,2,2,0,Reader_3_3.csv
600,2,2,0,Reader_3_4.csv
600,6,4,2,Reader_3_5.csv
600,3,1,2,Reader_3_6.csv
600,3,3,0,Reader_3_7.csv
601,7,7,0,Reader_1_1.csv
601,1,1,0,Reader_1_10.csv
601,0,0,0,Reader_1_11.csv
601,1,1,0,Reader_1_12.csv
601,6,6,0,Reader_1_2.csv
601,1,0,1,Reader_1_3.csv
601,0,0,0,Reader_1_4.csv
601,1,1,0,Reader_1_5.csv
601,2,2,0,Reader_1_6.csv
601,0,0,0,Reader_1_7.csv
601,0,0,0,Reader_1_8.csv
601,0,0,0,Reader_1_9.csv
601,8,7,1,Reader_2_1.csv
601,0,0,0,Reader_2_10.csv
601,0,0,0,Reader_2_11.csv
601,1,0,1,Reader_2_12.csv
601,0,0,0,Reader_2_2.csv
601,3,2,1,Reader_2_3.csv
601,0,0,0,Reader_2_4.csv
601,0,0,0,Reader_2_5.csv
601,0,0,0,Reader_2_6.csv
601,0,0,0,Reader_2_7.csv
601,0,0,0,Reader_2_8.csv
601,0,0,0,Reader_2_9.csv
601,29,26,3,reader_3_1.csv
601,9,9,0,Reader_3_2.csv
601,3,2,1,Reader_3_3.csv
601,3,2,1,Reader_3_4.csv
601,7,5,2,Reader_3_5.csv
601,4,1,3,Reader_3_6.csv
601,3,3,0,Reader_3_7.csv
602,8,8,0,Reader_1_1.csv
602,1,1,0,Reader_1_10.csv
602,0,0,0,Reader_1_11.csv
602,0,0,0,Reader_1_12.csv
602,7,7,0,Reader_1_2.csv
602,1,0,1,Reader_1_3.csv
602,0,0,0,Reader_1_4.csv
602,0,0,0,Reader_1_5.csv
602,2,2,0,Reader_1_6.csv
602,0,0,0,Reader_1_7.csv
602,0,0,0,Reader_1_8.csv
602,0,0,0,Reader_1_9.csv
602,4,4,0,Reader_2_1.csv
602,0,0,0,Reader_2_10.csv
602,0,0,0,Reader_2_11.csv
602,2,0,2,Reader_2_12.csv
602,0,0,0,Reader_2_2.csv
602,4,2,2,Reader_2_3.csv
602,0,0,0,Reader_2_4.csv
602,0,0,0,Reader_2_5.csv
602,0,0,0,Reader_2_6.csv
602,0,0,0,Reader_2_7.csv
602,0,0,0,Reader_2_8.csv
602,0,0,0,Reader_2_9.csv
602,26,23,3,reader_3_1.csv
602,9,9,0,Reader_3_2.csv
602,4,3,1,Reader_3_3.csv
602,4,3,1,Reader_3_4.csv
602,7,5,2,Reader_3_5.csv
602,3,1,2,Reader_3_6.csv
602,2,2,0,Reader_3_7.csv
603,8,8,0,Reader_1_1.csv
603,1,1,0,Reader_1_10.csv
603,0,0,0,Reader_1_11.csv
603,0,0,0,Reader_1_12.csv
603,7,7,0,Reader_1_2.csv
603,1,0,1,Reader_1_3.csv
603,0,0,0,Reader_1_4.csv
603,0,0,0,Reader_1_5.csv
603,1,1,0,Reader_1_6.csv
603,0,0,0,Reader_1_7.csv
603,0,0,0,Reader_1_8.csv
603,0,0,0,Reader_1_9.csv
603,3,3,0,Reader_2_1.csv
603,0,0,0,Reader_2_10.csv
603,0,0,0,Reader_2_11.csv
603,3,1,2,Reader_2_12.csv
603,0,0,0,Reader_2_2.csv
603,4,2,2,Reader_2_3.csv
603,0,0,0,Reader_2_4.csv
603,0,0,0,Reader_2_5.csv
603,0,0,0,Reader_2_6.csv
603,0,0,0,Reader_2_7.csv
603,0,0,0,Reader_2_8.csv
603,0,0,0,Reader_2_9.csv
603,28,25,3,reader_3_1.csv
603,11,11,0,Reader_3_2.csv
603,3,2,1,Reader_3_3.csv
603,3,2,1,Reader_3_4.csv
603,7,5,2,Reader_3_5.csv
603,6,3,3,Reader_3_6.csv
603,2,2,0,Reader_3_7.csv
604,8,8,0,Reader_1_1.csv
604,1,1,0,Reader_1_10.csv
604,0,0,0,Reader_1_11.csv
604,1,1,0,Reader_1_12.csv
604,9,9,0,Reader_1_2.csv
604,1,0,1,Reader_1_3.csv
604,0,0,0,Reader_1_4.csv
604,0,0,0,Reader_1_5.csv
604,2,2,0,Reader_1_6.csv
604,0,0,0,Reader_1_7.csv
604,0,0,0,Reader_1_8.csv
604,0,0,0,Reader_1_9.csv
604,3,3,0,Reader_2_1.csv
604,0,0,0,Reader_2_10.csv
604,0,0,0,Reader_2_11.csv
604,3,1,2,Reader_2_12.csv
604,0,0,0,Reader_2_2.csv
604,2,1,1,Reader_2_3.csv
604,0,0,0,Reader_2_4.csv
604,0,0,0,Reader_2_5.csv
604,0,0,0,Reader_2_6.csv
604,0,0,0,Reader_2_7.csv
604,0,0,0,Reader_2_8.csv
604,0,0,0,Reader_2_9.csv
604,30,27,3,reader_3_1.csv
604,9,9,0,Reader_3_2.csv
604,3,2,1,Reader_3_3.csv
604,3,2,1,Reader_3_4.csv
604,10,7,3,Reader_3_5.csv
604,6,3,3,Reader_3_6.csv
604,2,2,0,Reader_3_7.csv
605,8,8,0,Reader_1_1.csv
605,1,1,0,Reader_1_10.csv
605,0,0,0,Reader_1_11.csv
605,1,1,0,Reader_1_12.csv
605,9,9,0,Reader_1_2.csv
605,1,0,1,Reader_1_3.csv
605,0,0,0,Reader_1_4.csv
605,0,0,0,Reader_1_5.csv
605,2,2,0,Reader_1_6.csv
605,1,0,1,Reader_1_7.csv
605,0,0,0,Reader_1_8.csv
605,0,0,0,Reader_1_9.csv
605,2,2,0,Reader_2_1.csv
605,0,0,0,Reader_2_10.csv
605,0,0,0,Reader_2_11.csv
605,3,1,2,Reader_2_12.csv
605,0,0,0,Reader_2_2.csv
605,2,1,1,Reader_2_3.csv
605,0,0,0,Reader_2_4.csv
605,0,0,0,Reader_2_5.csv
605,0,0,0,Reader_2_6.csv
605,0,0,0,Reader_2_7.csv
605,0,0,0,Reader_2_8.csv
605,0,0,0,Reader_2_9.csv
605,28,25,3,reader_3_1.csv
605,9,9,0,Reader_3_2.csv
605,3,2,1,Reader_3_3.csv
605,3,2,1,Reader_3_4.csv
605,10,7,3,Reader_3_5.csv
605,8,3,5,Reader_3_6.csv
605,1,1,0,Reader_3_7.csv
606,10,9,1,Reader_1_1.csv
606,1,1,0,Reader_1_10.csv
606,0,0,0,Reader_1_11.csv
606,1,1,0,Reader_1_12.csv
606,8,8,0,Reader_1_2.csv
606,1,0,1,Reader_1_3.csv
606,0,0,0,Reader_1_4.csv
606,0,0,0,Reader_1_5.csv
606,1,1,0,Reader_1_6.csv
606,1,0,1,Reader_1_7.csv
606,0,0,0,Reader_1_8.csv
606,0,0,0,Reader_1_9.csv
606,2,2,0,Reader_2_1.csv
606,0,0,0,Reader_2_10.csv
606,0,0,0,Reader_2_11.csv
606,3,1,2,Reader_2_12.csv
606,0,0,0,Reader_2_2.csv
606,2,1,1,Reader_2_3.csv
606,0,0,0,Reader_2_4.csv
606,0,0,0,Reader_2_5.csv
606,0,0,0,Reader_2_6.csv
606,0,0,0,Reader_2_7.csv
606,0,0,0,Reader_2_8.csv
606,0,0,0,Reader_2_9.csv
606,28,24,4,reader_3_1.csv
606,8,8,0,Reader_3_2.csv
606,3,2,1,Reader_3_3.csv
606,3,2,1,Reader_3_4.csv
606,10,8,2,Reader_3_5.csv
606,8,3,5,Reader_3_6.csv
606,1,1,0,Reader_3_7.csv
607,11,9,2,Reader_1_1.csv
607,1,1,0,Reader_1_10.csv
607,1,1,0,Reader_1_11.csv
607,1,1,0,Reader_1_12.csv
607,10,10,0,Reader_1_2.csv
607,1,0,1,Reader_1_3.csv
607,0,0,0,Reader_1_4.csv
607,0,0,0,Reader_1_5.csv
607,1,1,0,Reader_1_6.csv
607,1,0,1,Reader_1_7.csv
607,1,1,0,Reader_1_8.csv
607,0,0,0,Reader_1_9.csv
607,1,1,0,Reader_2_1.csv
607,0,0,0,Reader_2_10.csv
607,0,0,0,Reader_2_11.csv
607,3,1,2,Reader_2_12.csv
607,0,0,0,Reader_2_2.csv
607,1,0,1,Reader_2_3.csv
607,0,0,0,Reader_2_4.csv
607,0,0,0,Reader_2_5.csv
607,0,0,0,Reader_2_6.csv
607,0,0,0,Reader_2_7.csv
607,0,0,0,Reader_2_8.csv
607,0,0,0,Reader_2_9.csv
607,25,23,2,reader_3_1.csv
607,7,7,0,Reader_3_2.csv
607,2,1,1,Reader_3_3.csv
607,2,1,1,Reader_3_4.csv
607,9,7,2,Reader_3_5.csv
607,8,3,5,Reader_3_6.csv
607,0,0,0,Reader_3_7.csv
608,13,11,2,Reader_1_1.csv
608,1,1,0,Reader_1_10.csv
608,2,1,1,Reader_1_11.csv
608,1,1,0,Reader_1_12.csv
608,12,12,0,Reader_1_2.csv
608,0,0,0,Reader_1_3.csv
608,0,0,0,Reader_1_4.csv
608,0,0,0,Reader_1_5.csv
608,1,1,0,Reader_1_6.csv
608,1,0,1,Reader_1_7.csv
608,1,1,0,Reader_1_8.csv
608,0,0,0,Reader_1_9.csv
608,1,1,0,Reader_2_1.csv
608,0,0,0,Reader_2_10.csv
608,0,0,0,Reader_2_11.csv
608,3,1,2,Reader_2_12.csv
608,0,0,0,Reader_2_2.csv
608,1,0,1,Reader_2_3.csv
608,0,0,0,Reader_2_4.csv
608,0,0,0,Reader_2_5.csv
608,0,0,0,Reader_2_6.csv
608,0,0,0,Reader_2_7.csv
608,0,0,0,Reader_2_8.csv
608,0,0,0,Reader_2_9.csv
608,19,18,1,reader_3_1.csv
608,6,6,0,Reader_3_2.csv
608,4,2,2,Reader_3_3.csv
608,4,2,2,Reader_3_4.csv
608,8,7,1,Reader_3_5.csv
608,6,2,4,Reader_3_6.csv
608,0,0,0,Reader_3_7.csv
609,12,10,2,Reader_1_1.csv
609,1,1,0,Reader_1_10.csv
609,2,1,1,Reader_1_11.csv
609,1,1,0,Reader_1_12.csv
609,12,12,0,Reader_1_2.csv
609,0,0,0,Reader_1_3.csv
609,0,0,0,Reader_1_4.csv
609,0,0,0,Reader_1_5.csv
609,1,1,0,Reader_1_6.csv
609,1,0,1,Reader_1_7.csv
609,1,1,0,Reader_1_8.csv
609,0,0,0,Reader_1_9.csv
609,1,1,0,Reader_2_1.csv
609,0,0,0,Reader_2_10.csv
609,0,0,0,Reader_2_11.csv
609,2,1,1,Reader_2_12.csv
609,0,0,0,Reader_2_2.csv
609,2,1,1,Reader_2_3.csv
609,0,0,0,Reader_2_4.csv
609,0,0,0,Reader_2_5.csv
609,0,0,0,Reader_2_6.csv
609,0,0,0,Reader_2_7.csv
609,0,0,0,Reader_2_8.csv
609,0,0,0,Reader_2_9.csv
609,19,18,1,reader_3_1.csv
609,4,4,0,Reader_3_2.csv
609,3,2,1,Reader_3_3.csv
609,3,2,1,Reader_3_4.csv
609,7,6,1,Reader_3_5.csv
609,9,4,5,Reader_3_6.csv
609,1,0,1,Reader_3_7.csv
610,12,9,3,Reader_1_1.csv
610,1,1,0,Reader_1_10.csv
610,2,1,1,Reader_1_11.csv
610,2,2,0,Reader_1_12.csv
610,12,11,1,Reader_1_2.csv
610,1,1,0,Reader_1_3.csv
610,0,0,0,Reader_1_4.csv
610,1,1,0,Reader_1_5.csv
610,1,1,0,Reader_1_6.csv
610,1,0,1,Reader_1_7.csv
610,1,1,0,Reader_1_8.csv
610,0,0,0,Reader_1_9.csv
610,1,1,0,Reader_2_1.csv
610,0,0,0,Reader_2_10.csv
610,0,0,0,Reader_2_11.csv
610,1,1,0,Reader_2_12.csv
610,0,0,0,Reader_2_2.csv
610,1,1,0,Reader_2_3.csv
610,0,0,0,Reader_2_4.csv
610,0,0,0,Reader_2_5.csv
610,0,0,0,Reader_2_6.csv
610,0,0,0,Reader_2_7.csv
610,0,0,0,Reader_2_8.csv
610,0,0,0,Reader_2_9.csv
610,17,16,1,reader_3_1.csv
610,3,3,0,Reader_3_2.csv
610,3,2,1,Reader_3_3.csv
610,3,2,1,Reader_3_4.csv
610,7,6,1,Reader_3_5.csv
610,10,5,5,Reader_3_6.csv
610,1,0,1,Reader_3_7.csv
611,13,10,3,Reader_1_1.csv
611,1,1,0,Reader_1_10.csv
611,2,1,1,Reader_1_11.csv
611,2,2,0,Reader_1_12.csv
611,11,10,1,Reader_1_2.csv
611,1,1,0,Reader_1_3.csv
611,0,0,0,Reader_1_4.csv
611,1,1,0,Reader_1_5.csv
611,1,1,0,Reader_1_6.csv
611,1,0,1,Reader_1_7.csv
611,1,1,0,Reader_1_8.csv
611,0,0,0,Reader_1_9.csv
611,1,1,0,Reader_2_1.csv
611,0,0,0,Reader_2_10.csv
611,0,0,0,Reader_2_11.csv
611,0,0,0,Reader_2_12.csv
611,0,0,0,Reader_2_2.csv
611,2,2,0,Reader_2_3.csv
611,0,0,0,Reader_2_4.csv
611,0,0,0,Reader_2_5.csv
611,0,0,0,Reader_2_6.csv
611,0,0,0,Reader_2_7.csv
611,0,0,0,Reader_2_8.csv
611,0,0,0,Reader_2_9.csv
611,14,13,1,reader_3_1.csv
611,4,3,1,Reader_3_2.csv
611,3,2,1,Reader_3_3.csv
611,3,2,1,Reader_3_4.csv
611,7,6,1,Reader_3_5.csv
611,8,3,5,Reader_3_6.csv
611,1,0,1,Reader_3_7.csv
612,12,9,3,Reader_1_1.csv
612,1,1,0,Reader_1_10.csv
612,2,1,1,Reader_1_11.csv
612,1,1,0,Reader_1_12.csv
612,9,8,1,Reader_1_2.csv
612,1,1,0,Reader_1_3.csv
612,0,0,0,Reader_1_4.csv
612,1,1,0,Reader_1_5.csv
612,0,0,0,Reader_1_6.csv
612,1,0,1,Reader_1_7.csv
612,1,1,0,Reader_1_8.csv
612,0,0,0,Reader_1_9.csv
612,1,1,0,Reader_2_1.csv
612,0,0,0,Reader_2_10.csv
612,0,0,0,Reader_2_11.csv
612,1,1,0,Reader_2_12.csv
612,0,0,0,Reader_2_2.csv
612,2,2,0,Reader_2_3.csv
612,0,0,0,Reader_2_4.csv
612,0,0,0,Reader_2_5.csv
612,0,0,0,Reader_2_6.csv
612,0,0,0,Reader_2_7.csv
612,0,0,0,Reader_2_8.csv
612,0,0,0,Reader_2_9.csv
612,12,10,2,reader_3_1.csv
612,6,5,1,Reader_3_2.csv
612,4,2,2,Reader_3_3.csv
612,4,2,2,Reader_3_4.csv
612,3,3,0,Reader_3_5.csv
612,10,3,7,Reader_3_6.csv
612,1,0,1,Reader_3_7.csv
613,12,9,3,Reader_1_1.csv
613,1,1,0,Reader_1_10.csv
613,3,1,2,Reader_1_11.csv
613,1,1,0,Reader_1_12.csv
613,8,7,1,Reader_1_2.csv
613,1,1,0,Reader_1_3.csv
613,0,0,0,Reader_1_4.csv
613,1,1,0,Reader_1_5.csv
613,0,0,0,Reader_1_6.csv
613,0,0,0,Reader_1_7.csv
613,1,1,0,Reader_1_8.csv
613,0,0,0,Reader_1_9.csv
613,1,1,0,Reader_2_1.csv
613,0,0,0,Reader_2_10.csv
613,0,0,0,Reader_2_11.csv
613,1,1,0,Reader_2_12.csv
613,0,0,0,Reader_2_2.csv
613,3,3,0,Reader_2_3.csv
613,0,0,0,Reader_2_4.csv
613,0,0,0,Reader_2_5.csv
613,0,0,0,Reader_2_6.csv
613,0,0,0,Reader_2_7.csv
613,0,0,0,Reader_2_8.csv
613,0,0,0,Reader_2_9.csv
613,9,7,2,reader_3_1.csv
613,7,6,1,Reader_3_2.csv
613,5,2,3,Reader_3_3.csv
613,5,2,3,Reader_3_4.csv
613,3,3,0,Reader_3_5.csv
613,8,3,5,Reader_3_6.csv
613,2,1,1,Reader_3_7.csv
614,10,8,2,Reader_1_1.csv
614,0,0,0,Reader_1_10.csv
614,3,1,2,Reader_1_11.csv
614,1,1,0,Reader_1_12.csv
614,8,7,1,Reader_1_2.csv
614,2,2,0,Reader_1_3.csv
614,0,0,0,Reader_1_4.csv
614,2,2,0,Reader_1_5.csv
614,0,0,0,Reader_1_6.csv
614,0,0,0,Reader_1_7.csv
614,0,0,0,Reader_1_8.csv
614,0,0,0,Reader_1_9.csv
614,1,1,0,Reader_2_1.csv
614,0,0,0,Reader_2_10.csv
614,0,0,0,Reader_2_11.csv
614,1,1,0,Reader_2_12.csv
614,0,0,0,Reader_2_2.csv
614,3,3,0,Reader_2_3.csv
614,0,0,0,Reader_2_4.csv
614,0,0,0,Reader_2_5.csv
614,1,1,0,Reader_2_6.csv
614,0,0,0,Reader_2_7.csv
614,0,0,0,Reader_2_8.csv
614,0,0,0,Reader_2_9.csv
614,8,7,1,reader_3_1.csv
614,11,8,3,Reader_3_2.csv
614,6,3,3,Reader_3_3.csv
614,6,3,3,Reader_3_4.csv
614,2,2,0,Reader_3_5.csv
614,10,3,7,Reader_3_6.csv
614,2,1,1,Reader_3_7.csv
615,8,6,2,Reader_1_1.csv
615,0,0,0,Reader_1_10.csv
615,2,0,2,Reader_1_11.csv
615,1,1,0,Reader_1_12.csv
615,6,5,1,Reader_1_2.csv
615,2,2,0,Reader_1_3.csv
615,0,0,0,Reader_1_4.csv
615,2,2,0,Reader_1_5.csv
615,0,0,0,Reader_1_6.csv
615,0,0,0,Reader_1_7.csv
615,0,0,0,Reader_1_8.csv
615,0,0,0,Reader_1_9.csv
615,0,0,0,Reader_2_1.csv
615,0,0,0,Reader_2_10.csv
615,0,0,0,Reader_2_11.csv
615,1,1,0,Reader_2_12.csv
615,0,0,0,Reader_2_2.csv
615,3,3,0,Reader_2_3.csv
615,0,0,0,Reader_2_4.csv
615,0,0,0,Reader_2_5.csv
615,2,2,0,Reader_2_6.csv
615,0,0,0,Reader_2_7.csv
615,0,0,0,Reader_2_8.csv
615,0,0,0,Reader_2_9.csv
615,8,7,1,reader_3_1.csv
615,12,9,3,Reader_3_2.csv
615,7,3,4,Reader_3_3.csv
615,7,3,4,Reader_3_4.csv
615,3,3,0,Reader_3_5.csv
615,12,4,8,Reader_3_6.csv
615,2,1,1,Reader_3_7.csv
616,6,4,2,Reader_1_1.csv
616,0,0,0,Reader_1_10.csv
616,1,0,1,Reader_1_11.csv
616,1,1,0,Reader_1_12.csv
616,5,4,1,Reader_1_2.csv
616,2,2,0,Reader_1_3.csv
616,0,0,0,Reader_1_4.csv
616,2,2,0,Reader_1_5.csv
616,0,0,0,Reader_1_6.csv
616,0,0,0,Reader_1_7.csv
616,0,0,0,Reader_1_8.csv
616,0,0,0,Reader_1_9.csv
616,0,0,0,Reader_2_1.csv
616,0,0,0,Reader_2_10.csv
616,0,0,0,Reader_2_11.csv
616,1,1,0,Reader_2_12.csv
616,0,0,0,Reader_2_2.csv
616,3,3,0,Reader_2_3.csv
616,1,1,0,Reader_2_4.csv
616,0,0,0,Reader_2_5.csv
616,2,2,0,Reader_2_6.csv
616,0,0,0,Reader_2_7.csv
616,0,0,0,Reader_2_8.csv
616,0,0,0,Reader_2_9.csv
616,10,8,2,reader_3_1.csv
616,13,10,3,Reader_3_2.csv
616,5,2,3,Reader_3_3.csv
616,5,2,3,Reader_3_4.csv
616,2,2,0,Reader_3_5.csv
616,13,5,8,Reader_3_6.csv
616,2,1,1,Reader_3_7.csv
617,6,3,3,Reader_1_1.csv
617,0,0,0,Reader_1_10.csv
617,1,0,1,Reader_1_11.csv
617,1,1,0,Reader_1_12.csv
617,4,3,1,Reader_1_2.csv
617,3,2,1,Reader_1_3.csv
617,0,0,0,Reader_1_4.csv
617,2,2,0,Reader_1_5.csv
617,0,0,0,Reader_1_6.csv
617,0,0,0,Reader_1_7.csv
617,1,1,0,Reader_1_8.csv
617,0,0,0,Reader_1_9.csv
617,0,0,0,Reader_2_1.csv
617,0,0,0,Reader_2_10.csv
617,0,0,0,Reader_2_11.csv
617,1,1,0,Reader_2_12.csv
617,0,0,0,Reader_2_2.csv
617,3,2,1,Reader_2_3.csv
617,1,1,0,Reader_2_4.csv
617,0,0,0,Reader_2_5.csv
617,2,2,0,Reader_2_6.csv
617,0,0,0,Reader_2_7.csv
617,0,0,0,Reader_2_8.csv
617,0,0,0,Reader_2_9.csv
617,9,7,2,reader_3_1.csv
617,14,11,3,Reader_3_2.csv
617,6,3,3,Reader_3_3.csv
617,6,3,3,Reader_3_4.csv
617,3,2,1,Reader_3_5.csv
617,10,3,7,Reader_3_6.csv
617,1,1,0,Reader_3_7.csv
618,5,3,2,Reader_1_1.csv
618,1,1,0,Reader_1_10.csv
618,1,0,1,Reader_1_11.csv
618,0,0,0,Reader_1_12.csv
618,3,3,0,Reader_1_2.csv
618,2,1,1,Reader_1_3.csv
618,0,0,0,Reader_1_4.csv
618,1,1,0,Reader_1_5.csv
618,0,0,0,Reader_1_6.csv
618,0,0,0,Reader_1_7.csv
618,2,1,1,Reader_1_8.csv
618,1,0,1,Reader_1_9.csv
618,0,0,0,Reader_2_1.csv
618,0,0,0,Reader_2_10.csv
618,0,0,0,Reader_2_11.csv
618,1,1,0,Reader_2_12.csv
618,0,0,0,Reader_2_2.csv
618,3,2,1,Reader_2_3.csv
618,1,1,0,Reader_2_4.csv
618,0,0,0,Reader_2_5.csv
618,2,2,0,Reader_2_6.csv
618,0,0,0,Reader_2_7.csv
618,0,0,0,Reader_2_8.csv
618,0,0,0,Reader_2_9.csv
618,9,7,2,reader_3_1.csv
618,15,12,3,Reader_3_2.csv
618,5,2,3,Reader_3_3.csv
618,5,2,3,Reader_3_4.csv
618,2,1,1,Reader_3_5.csv
618,9,2,7,Reader_3_6.csv
618,1,1,0,Reader_3_7.csv
619,6,2,4,Reader_1_1.csv
619,1,1,0,Reader_1_10.csv
619,1,0,1,Reader_1_11.csv
619,0,0,0,Reader_1_12.csv
619,3,3,0,Reader_1_2.csv
619,2,1,1,Reader_1_3.csv
619,0,0,0,Reader_1_4.csv
619,1,1,0,Reader_1_5.csv
619,0,0,0,Reader_1_6.csv
619,0,0,0,Reader_1_7.csv
619,2,1,1,Reader_1_8.csv
619,1,0,1,Reader_1_9.csv
619,0,0,0,Reader_2_1.csv
619,0,0,0,Reader_2_10.csv
619,0,0,0,Reader_2_11.csv
619,1,1,0,Reader_2_12.csv
619,0,0,0,Reader_2_2.csv
619,2,1,1,Reader_2_3.csv
619,1,1,0,Reader_2_4.csv
619,0,0,0,Reader_2_5.csv
619,2,2,0,Reader_2_6.csv
619,0,0,0,Reader_2_7.csv
619,0,0,0,Reader_2_8.csv
619,0,0,0,Reader_2_9.csv
619,9,7,2,reader_3_1.csv
619,18,16,2,Reader_3_2.csv
619,5,2,3,Reader_3_3.csv
619,5,2,3,Reader_3_4.csv
619,2,1,1,Reader_3_5.csv
619,8,2,6,Reader_3_6.csv
619,1,1,0,Reader_3_7.csv
620,9,5,4,Reader_1_1.csv
620,1,1,0,Reader_1_10.csv
620,1,0,1,Reader_1_11.csv
620,0,0,0,Reader_1_12.csv
620,4,4,0,Reader_1_2.csv
620,2,1,1,Reader_1_3.csv
620,0,0,0,Reader_1_4.csv
620,1,1,0,Reader_1_5.csv
620,0,0,0,Reader_1_6.csv
620,0,0,0,Reader_1_7.csv
620,3,2,1,Reader_1_8.csv
620,1,0,1,Reader_1_9.csv
620,0,0,0,Reader_2_1.csv
620,0,0,0,Reader_2_10.csv
620,0,0,0,Reader_2_11.csv
620,0,0,0,Reader_2_12.csv
620,0,0,0,Reader_2_2.csv
620,3,2,1,Reader_2_3.csv
620,2,2,0,Reader_2_4.csv
620,0,0,0,Reader_2_5.csv
620,2,2,0,Reader_2_6.csv
620,0,0,0,Reader_2_7.csv
620,0,0,0,Reader_2_8.csv
620,0,0,0,Reader_2_9.csv
620,7,6,1,reader_3_1.csv
620,20,18,2,Reader_3_2.csv
620,4,2,2,Reader_3_3.csv
620,4,2,2,Reader_3_4.csv
620,3,2,1,Reader_3_5.csv
620,6,2,4,Reader_3_6.csv
620,3,1,2,Reader_3_7.csv
621,9,5,4,Reader_1_1.csv
621,1,1,0,Reader_1_10.csv
621,0,0,0,Reader_1_11.csv
621,0,0,0,Reader_1_12.csv
621,4,4,0,Reader_1_2.csv
621,2,1,1,Reader_1_3.csv
621,0,0,0,Reader_1_4.csv
621,1,1,0,Reader_1_5.csv
621,1,0,1,Reader_1_6.csv
621,0,0,0,Reader_1_7.csv
621,4,3,1,Reader_1_8.csv
621,1,0,1,Reader_1_9.csv
621,0,0,0,Reader_2_1.csv
621,0,0,0,Reader_2_10.csv
621,0,0,0,Reader_2_11.csv
621,1,0,1,Reader_2_12.csv
621,0,0,0,Reader_2_2.csv
621,2,1,1,Reader_2_3.csv
621,2,2,0,Reader_2_4.csv
621,0,0,0,Reader_2_5.csv
621,2,2,0,Reader_2_6.csv
621,0,0,0,Reader_2_7.csv
621,0,0,0,Reader_2_8.csv
621,0,0,0,Reader_2_9.csv
621,8,7,1,reader_3_1.csv
621,23,21,2,Reader_3_2.csv
621,4,2,2,Reader_3_3.csv
621,4,2,2,Reader_3_4.csv
621,3,2,1,Reader_3_5.csv
621,6,2,4,Reader_3_6.csv
621,2,0,2,Reader_3_7.csv
622,9,5,4,Reader_1_1.csv
622,1,1,0,Reader_1_10.csv
622,2,2,0,Reader_1_11.csv
622,0,0,0,Reader_1_12.csv
622,3,3,0,Reader_1_2.csv
622,1,0,1,Reader_1_3.csv
622,0,0,0,Reader_1_4.csv
622,0,0,0,Reader_1_5.csv
622,1,0,1,Reader_1_6.csv
622,0,0,0,Reader_1_7.csv
622,4,3,1,Reader_1_8.csv
622,1,0,1,Reader_1_9.csv
622,1,1,0,Reader_2_1.csv
622,0,0,0,Reader_2_10.csv
622,0,0,0,Reader_2_11.csv
622,2,1,1,Reader_2_12.csv
622,0,0,0,Reader_2_2.csv
622,2,1,1,Reader_2_3.csv
622,2,2,0,Reader_2_4.csv
622,0,0,0,Reader_2_5.csv
622,1,1,0,Reader_2_6.csv
622,0,0,0,Reader_2_7.csv
622,0,0,0,Reader_2_8.csv
622,0,0,0,Reader_2_9.csv
622,9,8,1,reader_3_1.csv
622,24,24,0,Reader_3_2.csv
622,3,1,2,Reader_3_3.csv
622,3,1,2,Reader_3_4.csv
622,3,2,1,Reader_3_5.csv
622,6,4,2,Reader_3_6.csv
622,3,1,2,Reader_3_7.csv
623,8,5,3,Reader_1_1.csv
623,1,1,0,Reader_1_10.csv
623,2,2,0,Reader_1_11.csv
623,0,0,0,Reader_1_12.csv
623,3,3,0,Reader_1_2.csv
623,2,1,1,Reader_1_3.csv
623,0,0,0,Reader_1_4.csv
623,0,0,0,Reader_1_5.csv
623,1,0,1,Reader_1_6.csv
623,0,0,0,Reader_1_7.csv
623,5,4,1,Reader_1_8.csv
623,1,0,1,Reader_1_9.csv
623,1,1,0,Reader_2_1.csv
623,0,0,0,Reader_2_10.csv
623,0,0,0,Reader_2_11.csv
623,2,1,1,Reader_2_12.csv
623,1,0,1,Reader_2_2.csv
623,2,1,1,Reader_2_3.csv
623,2,2,0,Reader_2_4.csv
623,0,0,0,Reader_2_5.csv
623,0,0,0,Reader_2_6.csv
623,0,0,0,Reader_2_7.csv
623,0,0,0,Reader_2_8.csv
623,0,0,0,Reader_2_9.csv
623,10,8,2,reader_3_1.csv
623,28,27,1,Reader_3_2.csv
623,2,1,1,Reader_3_3.csv
623,2,1,1,Reader_3_4.csv
623,2,1,1,Reader_3_5.csv
623,4,3,1,Reader_3_6.csv
623,3,1,2,Reader_3_7.csv
624,8,5,3,Reader_1_1.csv
624,1,1,0,Reader_1_10.csv
624,3,2,1,Reader_1_11.csv
624,1,1,0,Reader_1_12.csv
624,2,2,0,Reader_1_2.csv
624,2,1,1,Reader_1_3.csv
624,0,0,0,Reader_1_4.csv
624,0,0,0,Reader_1_5.csv
624,1,0,1,Reader_1_6.csv
624,0,0,0,Reader_1_7.csv
624,6,5,1,Reader_1_8.csv
624,1,0,1,Reader_1_9.csv
624,1,1,0,Reader_2_1.csv
624,0,0,0,Reader_2_10.csv
624,0,0,0,Reader_2_11.csv
624,2,1,1,Reader_2_12.csv
624,1,0,1,Reader_2_2.csv
624,3,2,1,Reader_2_3.csv
624,1,1,0,Reader_2_4.csv
624,0,0,0,Reader_2_5.csv
624,0,0,0,Reader_2_6.csv
624,0,0,0,Reader_2_7.csv
624,0,0,0,Reader_2_8.csv
624,0,0,0,Reader_2_9.csv
624,8,7,1,reader_3_1.csv
624,32,30,2,Reader_3_2.csv
624,2,1,1,Reader_3_3.csv
624,2,1,1,Reader_3_4.csv
624,2,1,1,Reader_3_5.csv
624,4,3,1,Reader_3_6.csv
624,3,1,2,Reader_3_7.csv
625,7,5,2,Reader_1_1.csv
625,1,1,0,Reader_1_10.csv
625,3,2,1,Reader_1_11.csv
625,1,1,0,Reader_1_12.csv
625,1,1,0,Reader_1_2.csv
625,2,2,0,Reader_1_3.csv
625,0,0,0,Reader_1_4.csv
625,1,1,0,Reader_1_5.csv
625,1,0,1,Reader_1_6.csv
625,0,0,0,Reader_1_7.csv
625,5,4,1,Reader_1_8.csv
625,1,0,1,Reader_1_9.csv
625,1,1,0,Reader_2_1.csv
625,0,0,0,Reader_2_10.csv
625,0,0,0,Reader_2_11.csv
625,2,1,1,Reader_2_12.csv
625,1,0,1,Reader_2_2.csv
625,3,3,0,Reader_2_3.csv
625,1,1,0,Reader_2_4.csv
625,0,0,0,Reader_2_5.csv
625,0,0,0,Reader_2_6.csv
625,0,0,0,Reader_2_7.csv
625,0,0,0,Reader_2_8.csv
625,0,0,0,Reader_2_9.csv
625,9,7,2,reader_3_1.csv
625,34,32,2,Reader_3_2.csv
625,2,0,2,Reader_3_3.csv
625,2,0,2,Reader_3_4.csv
625,1,1,0,Reader_3_5.csv
625,4,4,0,Reader_3_6.csv
625,3,1,2,Reader_3_7.csv
626,8,6,2,Reader_1_1.csv
626,0,0,0,Reader_1_10.csv
626,3,2,1,Reader_1_11.csv
626,1,1,0,Reader_1_12.csv
626,1,1,0,Reader_1_2.csv
626,3,2,1,Reader_1_3.csv
626,0,0,0,Reader_1_4.csv
626,1,1,0,Reader_1_5.csv
626,1,0,1,Reader_1_6.csv
626,1,1,0,Reader_1_7.csv
626,5,4,1,Reader_1_8.csv
626,0,0,0,Reader_1_9.csv
626,1,1,0,Reader_2_1.csv
626,0,0,0,Reader_2_10.csv
626,0,0,0,Reader_2_11.csv
626,2,1,1,Reader_2_12.csv
626,1,0,1,Reader_2_2.csv
626,3,3,0,Reader_2_3.csv
626,1,1,0,Reader_2_4.csv
626,0,0,0,Reader_2_5.csv
626,0,0,0,Reader_2_6.csv
626,0,0,0,Reader_2_7.csv
626,0,0,0,Reader_2_8.csv
626,0,0,0,Reader_2_9.csv
626,8,6,2,reader_3_1.csv
626,35,33,2,Reader_3_2.csv
626,4,1,3,Reader_3_3.csv
626,4,1,3,Reader_3_4.csv
626,2,2,0,Reader_3_5.csv
626,4,4,0,Reader_3_6.csv
626,4,2,2,Reader_3_7.csv
627,8,7,1,Reader_1_1.csv
627,0,0,0,Reader_1_10.csv
627,3,2,1,Reader_1_11.csv
627,1,1,0,Reader_1_12.csv
627,1,1,0,Reader_1_2.csv
627,3,2,1,Reader_1_3.csv
627,0,0,0,Reader_1_4.csv
627,1,1,0,Reader_1_5.csv
627,1,0,1,Reader_1_6.csv
627,1,1,0,Reader_1_7.csv
627,5,4,1,Reader_1_8.csv
627,0,0,0,Reader_1_9.csv
627,1,1,0,Reader_2_1.csv
627,0,0,0,Reader_2_10.csv
627,0,0,0,Reader_2_11.csv
627,2,1,1,Reader_2_12.csv
627,1,0,1,Reader_2_2.csv
627,3,3,0,Reader_2_3.csv
627,1,1,0,Reader_2_4.csv
627,0,0,0,Reader_2_5.csv
627,0,0,0,Reader_2_6.csv
627,0,0,0,Reader_2_7.csv
627,0,0,0,Reader_2_8.csv
627,0,0,0,Reader_2_9.csv
627,7,5,2,reader_3_1.csv
627,36,34,2,Reader_3_2.csv
627,4,1,3,Reader_3_3.csv
627,4,1,3,Reader_3_4.csv
627,2,2,0,Reader_3_5.csv
627,4,4,0,Reader_3_6.csv
627,4,2,2,Reader_3_7.csv
628,8,7,1,Reader_1_1.csv
628,0,0,0,Reader_1_10.csv
628,5,3,2,Reader_1_11.csv
628,1,1,0,Reader_1_12.csv
628,0,0,0,Reader_1_2.csv
628,3,2,1,Reader_1_3.csv
628,0,0,0,Reader_1_4.csv
628,1,1,0,Reader_1_5.csv
628,1,0,1,Reader_1_6.csv
628,1,1,0,Reader_1_7.csv
628,4,3,1,Reader_1_8.csv
628,0,0,0,Reader_1_9.csv
628,1,1,0,Reader_2_1.csv
628,0,0,0,Reader_2_10.csv
628,0,0,0,Reader_2_11.csv
628,2,1,1,Reader_2_12.csv
628,1,0,1,Reader_2_2.csv
628,2,2,0,Reader_2_3.csv
628,0,0,0,Reader_2_4.csv
628,0,0,0,Reader_2_5.csv
628,0,0,0,Reader_2_6.csv
628,0,0,0,Reader_2_7.csv
628,0,0,0,Reader_2_8.csv
628,0,0,0,Reader_2_9.csv
628,8,5,3,reader_3_1.csv
628,37,35,2,Reader_3_2.csv
628,6,3,3,Reader_3_3.csv
628,6,3,3,Reader_3_4.csv
628,2,1,1,Reader_3_5.csv
628,4,4,0,Reader_3_6.csv
628,2,2,0,Reader_3_7.csv
629,8,7,1,Reader_1_1.csv
629,0,0,0,Reader_1_10.csv
629,5,3,2,Reader_1_11.csv
629,1,1,0,Reader_1_12.csv
629,0,0,0,Reader_1_2.csv
629,3,2,1,Reader_1_3.csv
629,0,0,0,Reader_1_4.csv
629,1,1,0,Reader_1_5.csv
629,0,0,0,Reader_1_6.csv
629,1,1,0,Reader_1_7.csv
629,3,2,1,Reader_1_8.csv
629,0,0,0,Reader_1_9.csv
629,1,1,0,Reader_2_1.csv
629,0,0,0,Reader_2_10.csv
629,0,0,0,Reader_2_11.csv
629,2,2,0,Reader_2_12.csv
629,1,0,1,Reader_2_2.csv
629,2,2,0,Reader_2_3.csv
629,0,0,0,Reader_2_4.csv
629,0,0,0,Reader_2_5.csv
629,0,0,0,Reader_2_6.csv
629,0,0,0,Reader_2_7.csv
629,0,0,0,Reader_2_8.csv
629,0,0,0,Reader_2_9.csv
629,8,4,4,reader_3_1.csv
629,40,38,2,Reader_3_2.csv
629,7,4,3,Reader_3_3.csv
629,7,4,3,Reader_3_4.csv
629,2,1,1,Reader_3_5.csv
629,4,4,0,Reader_3_6.csv
629,2,2,0,Reader_3_7.csv
630,9,7,2,Reader_1_1.csv
630,0,0,0,Reader_1_10.csv
630,3,1,2,Reader_1_11.csv
630,1,1,0,Reader_1_12.csv
630,0,0,0,Reader_1_2.csv
630,3,2,1,Reader_1_3.csv
630,0,0,0,Reader_1_4.csv
630,1,1,0,Reader_1_5.csv
630,0,0,0,Reader_1_6.csv
630,1,1,0,Reader_1_7.csv
630,3,2,1,Reader_1_8.csv
630,0,0,0,Reader_1_9.csv
630,0,0,0,Reader_2_1.csv
630,0,0,0,Reader_2_10.csv
630,0,0,0,Reader_2_11.csv
630,1,1,0,Reader_2_12.csv
630,1,0,1,Reader_2_2.csv
630,2,2,0,Reader_2_3.csv
630,0,0,0,Reader_2_4.csv
630,0,0,0,Reader_2_5.csv
630,0,0,0,Reader_2_6.csv
630,0,0,0,Reader_2_7.csv
630,0,0,0,Reader_2_8.csv
630,1,1,0,Reader_2_9.csv
630,8,4,4,reader_3_1.csv
630,43,40,3,Reader_3_2.csv
630,9,5,4,Reader_3_3.csv
630,9,5,4,Reader_3_4.csv
630,2,1,1,Reader_3_5.csv
630,3,3,0,Reader_3_6.csv
630,1,1,0,Reader_3_7.csv
631,10,8,2,Reader_1_1.csv
631,0,0,0,Reader_1_10.csv
631,3,1,2,Reader_1_11.csv
631,1,1,0,Reader_1_12.csv
631,1,1,0,Reader_1_2.csv
631,2,1,1,Reader_1_3.csv
631,1,0,1,Reader_1_4.csv
631,1,1,0,Reader_1_5.csv
631,0,0,0,Reader_1_6.csv
631,1,1,0,Reader_1_7.csv
631,2,1,1,Reader_1_8.csv
631,0,0,0,Reader_1_9.csv
631,0,0,0,Reader_2_1.csv
631,0,0,0,Reader_2_10.csv
631,0,0,0,Reader_2_11.csv
631,1,1,0,Reader_2_12.csv
631,0,0,0,Reader_2_2.csv
631,2,2,0,Reader_2_3.csv
631,0,0,0,Reader_2_4.csv
631,0,0,0,Reader_2_5.csv
631,0,0,0,Reader_2_6.csv
631,0,0,0,Reader_2_7.csv
631,0,0,0,Reader_2_8.csv
631,1,1,0,Reader_2_9.csv
631,10,6,4,reader_3_1.csv
631,44,42,2,Reader_3_2.csv
631,11,7,4,Reader_3_3.csv
631,11,7,4,Reader_3_4.csv
631,3,2,1,Reader_3_5.csv
631,3,3,0,Reader_3_6.csv
631,1,1,0,Reader_3_7.csv
632,13,10,3,Reader_1_1.csv
632,0,0,0,Reader_1_10.csv
632,2,1,1,Reader_1_11.csv
632,0,0,0,Reader_1_12.csv
632,1,1,0,Reader_1_2.csv
632,2,1,1,Reader_1_3.csv
632,1,0,1,Reader_1_4.csv
632,1,1,0,Reader_1_5.csv
632,0,0,0,Reader_1_6.csv
632,1,1,0,Reader_1_7.csv
632,1,0,1,Reader_1_8.csv
632,0,0,0,Reader_1_9.csv
632,0,0,0,Reader_2_1.csv
632,0,0,0,Reader_2_10.csv
632,0,0,0,Reader_2_11.csv
632,1,1,0,Reader_2_12.csv
632,0,0,0,Reader_2_2.csv
632,2,2,0,Reader_2_3.csv
632,0,0,0,Reader_2_4.csv
632,0,0,0,Reader_2_5.csv
632,0,0,0,Reader_2_6.csv
632,0,0,0,Reader_2_7.csv
632,0,0,0,Reader_2_8.csv
632,1,1,0,Reader_2_9.csv
632,10,6,4,reader_3_1.csv
632,46,44,2,Reader_3_2.csv
632,13,7,6,Reader_3_3.csv
632,13,7,6,Reader_3_4.csv
632,4,3,1,Reader_3_5.csv
632,3,3,0,Reader_3_6.csv
632,1,1,0,Reader_3_7.csv
633,17,13,4,Reader_1_1.csv
633,0,0,0,Reader_1_10.csv
633,2,1,1,Reader_1_11.csv
633,1,1,0,Reader_1_12.csv
633,1,1,0,Reader_1_2.csv
633,1,0,1,Reader_1_3.csv
633,1,0,1,Reader_1_4.csv
633,0,0,0,Reader_1_5.csv
633,0,0,0,Reader_1_6.csv
633,1,1,0,Reader_1_7.csv
633,1,0,1,Reader_1_8.csv
633,1,1,0,Reader_1_9.csv
633,0,0,0,Reader_2_1.csv
633,0,0,0,Reader_2_10.csv
633,0,0,0,Reader_2_11.csv
633,1,1,0,Reader_2_12.csv
633,0,0,0,Reader_2_2.csv
633,1,1,0,Reader_2_3.csv
633,0,0,0,Reader_2_4.csv
633,0,0,0,Reader_2_5.csv
633,0,0,0,Reader_2_6.csv
633,0,0,0,Reader_2_7.csv
633,0,0,0,Reader_2_8.csv
633,1,1,0,Reader_2_9.csv
633,10,6,4,reader_3_1.csv
633,54,50,4,Reader_3_2.csv
633,12,7,5,Reader_3_3.csv
633,12,7,5,Reader_3_4.csv
633,5,4,1,Reader_3_5.csv
633,3,3,0,Reader_3_6.csv
633,2,2,0,Reader_3_7.csv
634,16,12,4,Reader_1_1.csv
634,0,0,0,Reader_1_10.csv
634,2,1,1,Reader_1_11.csv
634,1,1,0,Reader_1_12.csv
634,1,1,0,Reader_1_2.csv
634,0,0,0,Reader_1_3.csv
634,1,0,1,Reader_1_4.csv
634,0,0,0,Reader_1_5.csv
634,0,0,0,Reader_1_6.csv
634,0,0,0,Reader_1_7.csv
634,0,0,0,Reader_1_8.csv
634,1,1,0,Reader_1_9.csv
634,0,0,0,Reader_2_1.csv
634,1,1,0,Reader_2_10.csv
634,0,0,0,Reader_2_11.csv
634,2,2,0,Reader_2_12.csv
634,0,0,0,Reader_2_2.csv
634,1,1,0,Reader_2_3.csv
634,0,0,0,Reader_2_4.csv
634,0,0,0,Reader_2_5.csv
634,0,0,0,Reader_2_6.csv
634,0,0,0,Reader_2_7.csv
634,0,0,0,Reader_2_8.csv
634,1,1,0,Reader_2_9.csv
634,11,7,4,reader_3_1.csv
634,59,55,4,Reader_3_2.csv
634,11,7,4,Reader_3_3.csv
634,11,7,4,Reader_3_4.csv
634,5,4,1,Reader_3_5.csv
634,4,4,0,Reader_3_6.csv
634,1,1,0,Reader_3_7.csv
635,15,12,3,Reader_1_1.csv
635,0,0,0,Reader_1_10.csv
635,2,1,1,Reader_1_11.csv
635,1,1,0,Reader_1_12.csv
635,1,1,0,Reader_1_2.csv
635,0,0,0,Reader_1_3.csv
635,1,0,1,Reader_1_4.csv
635,0,0,0,Reader_1_5.csv
635,0,0,0,Reader_1_6.csv
635,0,0,0,Reader_1_7.csv
635,1,1,0,Reader_1_8.csv
635,1,1,0,Reader_1_9.csv
635,0,0,0,Reader_2_1.csv
635,1,1,0,Reader_2_10.csv
635,0,0,0,Reader_2_11.csv
635,2,2,0,Reader_2_12.csv
635,0,0,0,Reader_2_2.csv
635,1,1,0,Reader_2_3.csv
635,0,0,0,Reader_2_4.csv
635,0,0,0,Reader_2_5.csv
635,0,0,0,Reader_2_6.csv
635,0,0,0,Reader_2_7.csv
635,0,0,0,Reader_2_8.csv
635,1,1,0,Reader_2_9.csv
635,10,6,4,reader_3_1.csv
635,59,55,4,Reader_3_2.csv
635,11,7,4,Reader_3_3.csv
635,11,7,4,Reader_3_4.csv
635,7,6,1,Reader_3_5.csv
635,4,4,0,Reader_3_6.csv
635,1,1,0,Reader_3_7.csv
636,16,12,4,Reader_1_1.csv
636,0,0,0,Reader_1_10.csv
636,0,0,0,Reader_1_11.csv
636,1,1,0,Reader_1_12.csv
636,1,1,0,Reader_1_2.csv
636,0,0,0,Reader_1_3.csv
636,1,0,1,Reader_1_4.csv
636,0,0,0,Reader_1_5.csv
636,0,0,0,Reader_1_6.csv
636,0,0,0,Reader_1_7.csv
636,1,1,0,Reader_1_8.csv
636,1,1,0,Reader_1_9.csv
636,0,0,0,Reader_2_1.csv
636,1,1,0,Reader_2_10.csv
636,0,0,0,Reader_2_11.csv
636,2,2,0,Reader_2_12.csv
636,0,0,0,Reader_2_2.csv
636,1,1,0,Reader_2_3.csv
636,0,0,0,Reader_2_4.csv
636,0,0,0,Reader_2_5.csv
636,0,0,0,Reader_2_6.csv
636,0,0,0,Reader_2_7.csv
636,0,0,0,Reader_2_8.csv
636,1,1,0,Reader_2_9.csv
636,9,6,3,reader_3_1.csv
636,62,57,5,Reader_3_2.csv
636,9,5,4,Reader_3_3.csv
636,9,5,4,Reader_3_4.csv
636,6,6,0,Reader_3_5.csv
636,4,4,0,Reader_3_6.csv
636,2,2,0,Reader_3_7.csv
637,21,15,6,Reader_1_1.csv
637,0,0,0,Reader_1_10.csv
637,0,0,0,Reader_1_11.csv
637,1,1,0,Reader_1_12.csv
637,2,2,0,Reader_1_2.csv
637,0,0,0,Reader_1_3.csv
637,1,0,1,Reader_1_4.csv
637,0,0,0,Reader_1_5.csv
637,0,0,0,Reader_1_6.csv
637,1,1,0,Reader_1_7.csv
637,1,1,0,Reader_1_8.csv
637,1,1,0,Reader_1_9.csv
637,0,0,0,Reader_2_1.csv
637,1,1,0,Reader_2_10.csv
637,0,0,0,Reader_2_11.csv
637,1,1,0,Reader_2_12.csv
637,0,0,0,Reader_2_2.csv
637,1,1,0,Reader_2_3.csv
637,0,0,0,Reader_2_4.csv
637,0,0,0,Reader_2_5.csv
637,0,0,0,Reader_2_6.csv
637,0,0,0,Reader_2_7.csv
637,0,0,0,Reader_2_8.csv
637,1,1,0,Reader_2_9.csv
637,8,6,2,reader_3_1.csv
637,59,54,5,Reader_3_2.csv
637,7,4,3,Reader_3_3.csv
637,7,4,3,Reader_3_4.csv
637,6,6,0,Reader_3_5.csv
637,4,4,0,Reader_3_6.csv
637,2,2,0,Reader_3_7.csv
638,20,15,5,Reader_1_1.csv
638,0,0,0,Reader_1_10.csv
638,0,0,0,Reader_1_11.csv
638,1,1,0,Reader_1_12.csv
638,2,2,0,Reader_1_2.csv
638,1,1,0,Reader_1_3.csv
638,1,0,1,Reader_1_4.csv
638,0,0,0,Reader_1_5.csv
638,1,1,0,Reader_1_6.csv
638,1,1,0,Reader_1_7.csv
638,1,1,0,Reader_1_8.csv
638,1,1,0,Reader_1_9.csv
638,0,0,0,Reader_2_1.csv
638,1,1,0,Reader_2_10.csv
638,0,0,0,Reader_2_11.csv
638,1,1,0,Reader_2_12.csv
638,0,0,0,Reader_2_2.csv
638,2,1,1,Reader_2_3.csv
638,0,0,0,Reader_2_4.csv
638,0,0,0,Reader_2_5.csv
638,0,0,0,Reader_2_6.csv
638,0,0,0,Reader_2_7.csv
638,0,0,0,Reader_2_8.csv
638,0,0,0,Reader_2_9.csv
638,10,8,2,reader_3_1.csv
638,56,51,5,Reader_3_2.csv
638,5,3,2,Reader_3_3.csv
638,5,3,2,Reader_3_4.csv
638,7,7,0,Reader_3_5.csv
638,3,3,0,Reader_3_6.csv
638,2,2,0,Reader_3_7.csv
639,21,15,6,Reader_1_1.csv
639,0,0,0,Reader_1_10.csv
639,0,0,0,Reader_1_11.csv
639,1,1,0,Reader_1_12.csv
639,1,1,0,Reader_1_2.csv
639,1,1,0,Reader_1_3.csv
639,0,0,0,Reader_1_4.csv
639,0,0,0,Reader_1_5.csv
639,2,2,0,Reader_1_6.csv
639,1,1,0,Reader_1_7.csv
639,1,1,0,Reader_1_8.csv
639,1,1,0,Reader_1_9.csv
639,1,1,0,Reader_2_1.csv
639,1,1,0,Reader_2_10.csv
639,0,0,0,Reader_2_11.csv
639,1,1,0,Reader_2_12.csv
639,0,0,0,Reader_2_2.csv
639,2,1,1,Reader_2_3.csv
639,0,0,0,Reader_2_4.csv
639,0,0,0,Reader_2_5.csv
639,0,0,0,Reader_2_6.csv
639,0,0,0,Reader_2_7.csv
639,0,0,0,Reader_2_8.csv
639,0,0,0,Reader_2_9.csv
639,8,6,2,reader_3_1.csv
639,58,53,5,Reader_3_2.csv
639,4,1,3,Reader_3_3.csv
639,4,1,3,Reader_3_4.csv
639,7,6,1,Reader_3_5.csv
639,3,3,0,Reader_3_6.csv
639,2,2,0,Reader_3_7.csv
640,18,13,5,Reader_1_1.csv
640,0,0,0,Reader_1_10.csv
640,0,0,0,Reader_1_11.csv
640,1,1,0,Reader_1_12.csv
640,1,1,0,Reader_1_2.csv
640,1,1,0,Reader_1_3.csv
640,1,1,0,Reader_1_4.csv
640,0,0,0,Reader_1_5.csv
640,2,2,0,Reader_1_6.csv
640,1,1,0,Reader_1_7.csv
640,1,1,0,Reader_1_8.csv
640,1,1,0,Reader_1_9.csv
640,1,1,0,Reader_2_1.csv
640,1,1,0,Reader_2_10.csv
640,0,0,0,Reader_2_11.csv
640,1,1,0,Reader_2_12.csv
640,0,0,0,Reader_2_2.csv
640,1,0,1,Reader_2_3.csv
640,0,0,0,Reader_2_4.csv
640,0,0,0,Reader_2_5.csv
640,0,0,0,Reader_2_6.csv
640,0,0,0,Reader_2_7.csv
640,0,0,0,Reader_2_8.csv
640,0,0,0,Reader_2_9.csv
640,7,5,2,reader_3_1.csv
640,51,47,4,Reader_3_2.csv
640,2,1,1,Reader_3_3.csv
640,2,1,1,Reader_3_4.csv
640,7,5,2,Reader_3_5.csv
640,2,2,0,Reader_3_6.csv
640,2,2,0,Reader_3_7.csv
641,17,13,4,Reader_1_1.csv
641,0,0,0,Reader_1_10.csv
641,0,0,0,Reader_1_11.csv
641,0,0,0,Reader_1_12.csv
641,2,2,0,Reader_1_2.csv
641,1,1,0,Reader_1_3.csv
641,1,1,0,Reader_1_4.csv
641,0,0,0,Reader_1_5.csv
641,2,2,0,Reader_1_6.csv
641,2,2,0,Reader_1_7.csv
641,2,2,0,Reader_1_8.csv
641,0,0,0,Reader_1_9.csv
641,1,1,0,Reader_2_1.csv
641,1,1,0,Reader_2_10.csv
641,0,0,0,Reader_2_11.csv
641,1,1,0,Reader_2_12.csv
641,0,0,0,Reader_2_2.csv
641,1,0,1,Reader_2_3.csv
641,0,0,0,Reader_2_4.csv
641,0,0,0,Reader_2_5.csv
641,0,0,0,Reader_2_6.csv
641,0,0,0,Reader_2_7.csv
641,0,0,0,Reader_2_8.csv
641,0,0,0,Reader_2_9.csv
641,7,6,1,reader_3_1.csv
641,44,42,2,Reader_3_2.csv
641,2,1,1,Reader_3_3.csv
641,2,1,1,Reader_3_4.csv
641,6,4,2,Reader_3_5.csv
641,2,1,1,Reader_3_6.csv
641,1,1,0,Reader_3_7.csv
642,17,13,4,Reader_1_1.csv
642,0,0,0,Reader_1_10.csv
642,0,0,0,Reader_1_11.csv
642,0,0,0,Reader_1_12.csv
642,2,2,0,Reader_1_2.csv
642,1,1,0,Reader_1_3.csv
642,1,1,0,Reader_1_4.csv
642,0,0,0,Reader_1_5.csv
642,2,2,0,Reader_1_6.csv
642,2,2,0,Reader_1_7.csv
642,2,2,0,Reader_1_8.csv
642,0,0,0,Reader_1_9.csv
642,1,1,0,Reader_2_1.csv
642,0,0,0,Reader_2_10.csv
642,0,0,0,Reader_2_11.csv
642,0,0,0,Reader_2_12.csv
642,0,0,0,Reader_2_2.csv
642,1,0,1,Reader_2_3.csv
642,0,0,0,Reader_2_4.csv
642,0,0,0,Reader_2_5.csv
642,0,0,0,Reader_2_6.csv
642,0,0,0,Reader_2_7.csv
642,0,0,0,Reader_2_8.csv
642,0,0,0,Reader_2_9.csv
642,7,6,1,reader_3_1.csv
642,46,42,4,Reader_3_2.csv
642,2,1,1,Reader_3_3.csv
642,2,1,1,Reader_3_4.csv
642,8,5,3,Reader_3_5.csv
642,2,1,1,Reader_3_6.csv
642,2,2,0,Reader_3_7.csv
643,21,17,4,Reader_1_1.csv
643,0,0,0,Reader_1_10.csv
643,0,0,0,Reader_1_11.csv
643,0,0,0,Reader_1_12.csv
643,2,2,0,Reader_1_2.csv
643,1,1,0,Reader_1_3.csv
643,1,1,0,Reader_1_4.csv
643,0,0,0,Reader_1_5.csv
643,2,2,0,Reader_1_6.csv
643,2,2,0,Reader_1_7.csv
643,1,1,0,Reader_1_8.csv
643,0,0,0,Reader_1_9.csv
643,1,1,0,Reader_2_1.csv
643,0,0,0,Reader_2_10.csv
643,0,0,0,Reader_2_11.csv
643,0,0,0,Reader_2_12.csv
643,0,0,0,Reader_2_2.csv
643,1,0,1,Reader_2_3.csv
643,0,0,0,Reader_2_4.csv
643,0,0,0,Reader_2_5.csv
643,0,0,0,Reader_2_6.csv
643,0,0,0,Reader_2_7.csv
643,0,0,0,Reader_2_8.csv
643,0,0,0,Reader_2_9.csv
643,7,6,1,reader_3_1.csv
643,45,40,5,Reader_3_2.csv
643,2,1,1,Reader_3_3.csv
643,2,1,1,Reader_3_4.csv
643,6,3,3,Reader_3_5.csv
643,2,1,1,Reader_3_6.csv
643,2,2,0,Reader_3_7.csv
644,17,14,3,Reader_1_1.csv
644,0,0,0,Reader_1_10.csv
644,0,0,0,Reader_1_11.csv
644,0,0,0,Reader_1_12.csv
644,2,2,0,Reader_1_2.csv
644,1,1,0,Reader_1_3.csv
644,1,1,0,Reader_1_4.csv
644,0,0,0,Reader_1_5.csv
644,2,2,0,Reader_1_6.csv
644,2,2,0,Reader_1_7.csv
644,1,1,0,Reader_1_8.csv
644,0,0,0,Reader_1_9.csv
644,2,1,1,Reader_2_1.csv
644,0,0,0,Reader_2_10.csv
644,0,0,0,Reader_2_11.csv
644,0,0,0,Reader_2_12.csv
644,1,1,0,Reader_2_2.csv
644,1,0,1,Reader_2_3.csv
644,0,0,0,Reader_2_4.csv
644,0,0,0,Reader_2_5.csv
644,0,0,0,Reader_2_6.csv
644,0,0,0,Reader_2_7.csv
644,0,0,0,Reader_2_8.csv
644,0,0,0,Reader_2_9.csv
644,9,7,2,reader_3_1.csv
644,39,34,5,Reader_3_2.csv
644,2,1,1,Reader_3_3.csv
644,2,1,1,Reader_3_4.csv
644,7,3,4,Reader_3_5.csv
644,3,2,1,Reader_3_6.csv
644,2,1,1,Reader_3_7.csv
645,14,12,2,Reader_1_1.csv
645,0,0,0,Reader_1_10.csv
645,0,0,0,Reader_1_11.csv
645,0,0,0,Reader_1_12.csv
645,1,1,0,Reader_1_2.csv
645,1,1,0,Reader_1_3.csv
645,1,1,0,Reader_1_4.csv
645,1,1,0,Reader_1_5.csv
645,2,2,0,Reader_1_6.csv
645,1,1,0,Reader_1_7.csv
645,1,1,0,Reader_1_8.csv
645,0,0,0,Reader_1_9.csv
645,2,1,1,Reader_2_1.csv
645,0,0,0,Reader_2_10.csv
645,0,0,0,Reader_2_11.csv
645,0,0,0,Reader_2_12.csv
645,1,1,0,Reader_2_2.csv
645,2,0,2,Reader_2_3.csv
645,0,0,0,Reader_2_4.csv
645,0,0,0,Reader_2_5.csv
645,0,0,0,Reader_2_6.csv
645,0,0,0,Reader_2_7.csv
645,0,0,0,Reader_2_8.csv
645,0,0,0,Reader_2_9.csv
645,11,8,3,reader_3_1.csv
645,41,34,7,Reader_3_2.csv
645,2,1,1,Reader_3_3.csv
645,2,1,1,Reader_3_4.csv
645,7,3,4,Reader_3_5.csv
645,4,3,1,Reader_3_6.csv
645,2,1,1,Reader_3_7.csv
646,14,12,2,Reader_1_1.csv
646,0,0,0,Reader_1_10.csv
646,0,0,0,Reader_1_11.csv
646,0,0,0,Reader_1_12.csv
646,1,1,0,Reader_1_2.csv
646,1,0,1,Reader_1_3.csv
646,1,1,0,Reader_1_4.csv
646,1,1,0,Reader_1_5.csv
646,1,1,0,Reader_1_6.csv
646,1,1,0,Reader_1_7.csv
646,1,1,0,Reader_1_8.csv
646,0,0,0,Reader_1_9.csv
646,3,1,2,Reader_2_1.csv
646,0,0,0,Reader_2_10.csv
646,0,0,0,Reader_2_11.csv
646,1,1,0,Reader_2_12.csv
646,1,1,0,Reader_2_2.csv
646,1,0,1,Reader_2_3.csv
646,0,0,0,Reader_2_4.csv
646,0,0,0,Reader_2_5.csv
646,0,0,0,Reader_2_6.csv
646,0,0,0,Reader_2_7.csv
646,0,0,0,Reader_2_8.csv
646,0,0,0,Reader_2_9.csv
646,9,6,3,reader_3_1.csv
646,39,33,6,Reader_3_2.csv
646,2,1,1,Reader_3_3.csv
646,2,1,1,Reader_3_4.csv
646,6,2,4,Reader_3_5.csv
646,4,3,1,Reader_3_6.csv
646,2,1,1,Reader_3_7.csv
647,13,12,1,Reader_1_1.csv
647,0,0,0,Reader_1_10.csv
647,0,0,0,Reader_1_11.csv
647,0,0,0,Reader_1_12.csv
647,1,1,0,Reader_1_2.csv
647,1,0,1,Reader_1_3.csv
647,1,1,0,Reader_1_4.csv
647,1,1,0,Reader_1_5.csv
647,0,0,0,Reader_1_6.csv
647,2,2,0,Reader_1_7.csv
647,1,1,0,Reader_1_8.csv
647,0,0,0,Reader_1_9.csv
647,2,0,2,Reader_2_1.csv
647,0,0,0,Reader_2_10.csv
647,0,0,0,Reader_2_11.csv
647,1,1,0,Reader_2_12.csv
647,1,1,0,Reader_2_2.csv
647,1,0,1,Reader_2_3.csv
647,0,0,0,Reader_2_4.csv
647,0,0,0,Reader_2_5.csv
647,0,0,0,Reader_2_6.csv
647,0,0,0,Reader_2_7.csv
647,0,0,0,Reader_2_8.csv
647,0,0,0,Reader_2_9.csv
647,8,6,2,reader_3_1.csv
647,33,26,7,Reader_3_2.csv
647,2,1,1,Reader_3_3.csv
647,2,1,1,Reader_3_4.csv
647,6,2,4,Reader_3_5.csv
647,4,3,1,Reader_3_6.csv
647,2,1,1,Reader_3_7.csv
648,14,13,1,Reader_1_1.csv
648,0,0,0,Reader_1_10.csv
648,0,0,0,Reader_1_11.csv
648,0,0,0,Reader_1_12.csv
648,1,1,0,Reader_1_2.csv
648,1,0,1,Reader_1_3.csv
648,0,0,0,Reader_1_4.csv
648,1,1,0,Reader_1_5.csv
648,0,0,0,Reader_1_6.csv
648,2,2,0,Reader_1_7.csv
648,1,1,0,Reader_1_8.csv
648,0,0,0,Reader_1_9.csv
648,2,0,2,Reader_2_1.csv
648,0,0,0,Reader_2_10.csv
648,0,0,0,Reader_2_11.csv
648,1,1,0,Reader_2_12.csv
648,1,1,0,Reader_2_2.csv
648,1,0,1,Reader_2_3.csv
648,0,0,0,Reader_2_4.csv
648,0,0,0,Reader_2_5.csv
648,0,0,0,Reader_2_6.csv
648,0,0,0,Reader_2_7.csv
648,0,0,0,Reader_2_8.csv
648,0,0,0,Reader_2_9.csv
648,10,6,4,reader_3_1.csv
648,33,26,7,Reader_3_2.csv
648,2,1,1,Reader_3_3.csv
648,2,1,1,Reader_3_4.csv
648,6,2,4,Reader_3_5.csv
648,4,3,1,Reader_3_6.csv
648,2,1,1,Reader_3_7.csv
649,12,10,2,Reader_1_1.csv
649,0,0,0,Reader_1_10.csv
649,0,0,0,Reader_1_11.csv
649,0,0,0,Reader_1_12.csv
649,0,0,0,Reader_1_2.csv
649,1,0,1,Reader_1_3.csv
649,0,0,0,Reader_1_4.csv
649,1,1,0,Reader_1_5.csv
649,0,0,0,Reader_1_6.csv
649,1,1,0,Reader_1_7.csv
649,0,0,0,Reader_1_8.csv
649,0,0,0,Reader_1_9.csv
649,3,1,2,Reader_2_1.csv
649,0,0,0,Reader_2_10.csv
649,1,1,0,Reader_2_11.csv
649,1,1,0,Reader_2_12.csv
649,1,1,0,Reader_2_2.csv
649,1,0,1,Reader_2_3.csv
649,0,0,0,Reader_2_4.csv
649,0,0,0,Reader_2_5.csv
649,0,0,0,Reader_2_6.csv
649,0,0,0,Reader_2_7.csv
649,0,0,0,Reader_2_8.csv
649,0,0,0,Reader_2_9.csv
649,10,6,4,reader_3_1.csv
649,32,25,7,Reader_3_2.csv
649,6,2,4,Reader_3_3.csv
649,6,2,4,Reader_3_4.csv
649,6,2,4,Reader_3_5.csv
649,4,4,0,Reader_3_6.csv
649,3,2,1,Reader_3_7.csv
650,13,10,3,Reader_1_1.csv
650,0,0,0,Reader_1_10.csv
650,0,0,0,Reader_1_11.csv
650,0,0,0,Reader_1_12.csv
650,0,0,0,Reader_1_2.csv
650,1,0,1,Reader_1_3.csv
650,0,0,0,Reader_1_4.csv
650,1,1,0,Reader_1_5.csv
650,0,0,0,Reader_1_6.csv
650,1,1,0,Reader_1_7.csv
650,0,0,0,Reader_1_8.csv
650,0,0,0,Reader_1_9.csv
650,4,2,2,Reader_2_1.csv
650,0,0,0,Reader_2_10.csv
650,1,1,0,Reader_2_11.csv
650,1,1,0,Reader_2_12.csv
650,1,1,0,Reader_2_2.csv
650,1,0,1,Reader_2_3.csv
650,0,0,0,Reader_2_4.csv
650,0,0,0,Reader_2_5.csv
650,1,1,0,Reader_2_6.csv
650,0,0,0,Reader_2_7.csv
650,0,0,0,Reader_2_8.csv
650,0,0,0,Reader_2_9.csv
650,9,5,4,reader_3_1.csv
650,24,19,5,Reader_3_2.csv
650,11,2,9,Reader_3_3.csv
650,11,2,9,Reader_3_4.csv
650,3,0,3,Reader_3_5.csv
650,4,4,0,Reader_3_6.csv
650,2,1,1,Reader_3_7.csv
651,9,6,3,Reader_1_1.csv
651,0,0,0,Reader_1_10.csv
651,0,0,0,Reader_1_11.csv
651,0,0,0,Reader_1_12.csv
651,0,0,0,Reader_1_2.csv
651,1,0,1,Reader_1_3.csv
651,0,0,0,Reader_1_4.csv
651,1,1,0,Reader_1_5.csv
651,0,0,0,Reader_1_6.csv
651,1,1,0,Reader_1_7.csv
651,0,0,0,Reader_1_8.csv
651,0,0,0,Reader_1_9.csv
651,4,2,2,Reader_2_1.csv
651,0,0,0,Reader_2_10.csv
651,1,1,0,Reader_2_11.csv
651,1,1,0,Reader_2_12.csv
651,1,1,0,Reader_2_2.csv
651,1,0,1,Reader_2_3.csv
651,0,0,0,Reader_2_4.csv
651,0,0,0,Reader_2_5.csv
651,1,1,0,Reader_2_6.csv
651,0,0,0,Reader_2_7.csv
651,0,0,0,Reader_2_8.csv
651,0,0,0,Reader_2_9.csv
651,12,6,6,reader_3_1.csv
651,21,17,4,Reader_3_2.csv
651,13,3,10,Reader_3_3.csv
651,13,3,10,Reader_3_4.csv
651,3,0,3,Reader_3_5.csv
651,4,4,0,Reader_3_6.csv
651,3,2,1,Reader_3_7.csv
652,10,7,3,Reader_1_1.csv
652,1,1,0,Reader_1_10.csv
652,0,0,0,Reader_1_11.csv
652,0,0,0,Reader_1_12.csv
652,0,0,0,Reader_1_2.csv
652,1,0,1,Reader_1_3.csv
652,0,0,0,Reader_1_4.csv
652,1,1,0,Reader_1_5.csv
652,1,1,0,Reader_1_6.csv
652,1,1,0,Reader_1_7.csv
652,0,0,0,Reader_1_8.csv
652,0,0,0,Reader_1_9.csv
652,3,2,1,Reader_2_1.csv
652,0,0,0,Reader_2_10.csv
652,1,1,0,Reader_2_11.csv
652,1,1,0,Reader_2_12.csv
652,0,0,0,Reader_2_2.csv
652,1,0,1,Reader_2_3.csv
652,0,0,0,Reader_2_4.csv
652,0,0,0,Reader_2_5.csv
652,1,1,0,Reader_2_6.csv
652,0,0,0,Reader_2_7.csv
652,0,0,0,Reader_2_8.csv
652,0,0,0,Reader_2_9.csv
652,10,5,5,reader_3_1.csv
652,20,17,3,Reader_3_2.csv
652,16,3,13,Reader_3_3.csv
652,16,3,13,Reader_3_4.csv
652,3,0,3,Reader_3_5.csv
652,4,3,1,Reader_3_6.csv
652,2,2,0,Reader_3_7.csv
653,9,6,3,Reader_1_1.csv
653,1,1,0,Reader_1_10.csv
653,0,0,0,Reader_1_11.csv
653,0,0,0,Reader_1_12.csv
653,0,0,0,Reader_1_2.csv
653,1,0,1,Reader_1_3.csv
653,0,0,0,Reader_1_4.csv
653,0,0,0,Reader_1_5.csv
653,1,1,0,Reader_1_6.csv
653,1,1,0,Reader_1_7.csv
653,0,0,0,Reader_1_8.csv
653,0,0,0,Reader_1_9.csv
653,3,2,1,Reader_2_1.csv
653,0,0,0,Reader_2_10.csv
653,1,1,0,Reader_2_11.csv
653,1,1,0,Reader_2_12.csv
653,0,0,0,Reader_2_2.csv
653,0,0,0,Reader_2_3.csv
653,0,0,0,Reader_2_4.csv
653,0,0,0,Reader_2_5.csv
653,1,1,0,Reader_2_6.csv
653,0,0,0,Reader_2_7.csv
653,0,0,0,Reader_2_8.csv
653,0,0,0,Reader_2_9.csv
653,12,7,5,reader_3_1.csv
653,14,13,1,Reader_3_2.csv
653,24,5,19,Reader_3_3.csv
653,24,5,19,Reader_3_4.csv
653,3,0,3,Reader_3_5.csv
653,3,2,1,Reader_3_6.csv
653,2,2,0,Reader_3_7.csv
654,12,7,5,Reader_1_1.csv
654,1,1,0,Reader_1_10.csv
654,1,1,0,Reader_1_11.csv
654,0,0,0,Reader_1_12.csv
654,0,0,0,Reader_1_2.csv
654,1,1,0,Reader_1_3.csv
654,0,0,0,Reader_1_4.csv
654,0,0,0,Reader_1_5.csv
654,1,1,0,Reader_1_6.csv
654,1,1,0,Reader_1_7.csv
654,0,0,0,Reader_1_8.csv
654,0,0,0,Reader_1_9.csv
654,2,2,0,Reader_2_1.csv
654,0,0,0,Reader_2_10.csv
654,1,1,0,Reader_2_11.csv
654,0,0,0,Reader_2_12.csv
654,0,0,0,Reader_2_2.csv
654,0,0,0,Reader_2_3.csv
654,0,0,0,Reader_2_4.csv
654,0,0,0,Reader_2_5.csv
654,1,1,0,Reader_2_6.csv
654,0,0,0,Reader_2_7.csv
654,0,0,0,Reader_2_8.csv
654,0,0,0,Reader_2_9.csv
654,14,9,5,reader_3_1.csv
654,12,11,1,Reader_3_2.csv
654,30,7,23,Reader_3_3.csv
654,30,7,23,Reader_3_4.csv
654,4,1,3,Reader_3_5.csv
654,4,3,1,Reader_3_6.csv
654,4,4,0,Reader_3_7.csv
655,12,7,5,Reader_1_1.csv
655,1,1,0,Reader_1_10.csv
655,2,2,0,Reader_1_11.csv
655,0,0,0,Reader_1_12.csv
655,0,0,0,Reader_1_2.csv
655,2,2,0,Reader_1_3.csv
655,0,0,0,Reader_1_4.csv
655,0,0,0,Reader_1_5.csv
655,1,1,0,Reader_1_6.csv
655,1,1,0,Reader_1_7.csv
655,0,0,0,Reader_1_8.csv
655,0,0,0,Reader_1_9.csv
655,3,3,0,Reader_2_1.csv
655,0,0,0,Reader_2_10.csv
655,1,1,0,Reader_2_11.csv
655,0,0,0,Reader_2_12.csv
655,0,0,0,Reader_2_2.csv
655,0,0,0,Reader_2_3.csv
655,0,0,0,Reader_2_4.csv
655,1,0,1,Reader_2_5.csv
655,1,1,0,Reader_2_6.csv
655,0,0,0,Reader_2_7.csv
655,0,0,0,Reader_2_8.csv
655,0,0,0,Reader_2_9.csv
655,16,11,5,reader_3_1.csv
655,14,14,0,Reader_3_2.csv
655,34,10,24,Reader_3_3.csv
655,34,10,24,Reader_3_4.csv
655,5,3,2,Reader_3_5.csv
655,4,3,1,Reader_3_6.csv
655,4,4,0,Reader_3_7.csv
656,13,8,5,Reader_1_1.csv
656,1,1,0,Reader_1_10.csv
656,2,2,0,Reader_1_11.csv
656,0,0,0,Reader_1_12.csv
656,0,0,0,Reader_1_2.csv
656,2,2,0,Reader_1_3.csv
656,0,0,0,Reader_1_4.csv
656,0,0,0,Reader_1_5.csv
656,1,1,0,Reader_1_6.csv
656,1,1,0,Reader_1_7.csv
656,0,0,0,Reader_1_8.csv
656,0,0,0,Reader_1_9.csv
656,4,4,0,Reader_2_1.csv
656,0,0,0,Reader_2_10.csv
656,1,1,0,Reader_2_11.csv
656,2,1,1,Reader_2_12.csv
656,0,0,0,Reader_2_2.csv
656,0,0,0,Reader_2_3.csv
656,0,0,0,Reader_2_4.csv
656,1,0,1,Reader_2_5.csv
656,1,1,0,Reader_2_6.csv
656,0,0,0,Reader_2_7.csv
656,0,0,0,Reader_2_8.csv
656,0,0,0,Reader_2_9.csv
656,15,12,3,reader_3_1.csv
656,16,16,0,Reader_3_2.csv
656,36,12,24,Reader_3_3.csv
656,36,12,24,Reader_3_4.csv
656,4,3,1,Reader_3_5.csv
656,4,3,1,Reader_3_6.csv
656,5,5,0,Reader_3_7.csv
657,12,8,4,Reader_1_1.csv
657,1,1,0,Reader_1_10.csv
657,2,2,0,Reader_1_11.csv
657,0,0,0,Reader_1_12.csv
657,0,0,0,Reader_1_2.csv
657,3,3,0,Reader_1_3.csv
657,0,0,0,Reader_1_4.csv
657,0,0,0,Reader_1_5.csv
657,3,2,1,Reader_1_6.csv
657,1,1,0,Reader_1_7.csv
657,0,0,0,Reader_1_8.csv
657,0,0,0,Reader_1_9.csv
657,3,3,0,Reader_2_1.csv
657,0,0,0,Reader_2_10.csv
657,0,0,0,Reader_2_11.csv
657,2,1,1,Reader_2_12.csv
657,0,0,0,Reader_2_2.csv
657,1,0,1,Reader_2_3.csv
657,0,0,0,Reader_2_4.csv
657,1,0,1,Reader_2_5.csv
657,1,1,0,Reader_2_6.csv
657,0,0,0,Reader_2_7.csv
657,0,0,0,Reader_2_8.csv
657,0,0,0,Reader_2_9.csv
657,15,12,3,reader_3_1.csv
657,16,16,0,Reader_3_2.csv
657,35,14,21,Reader_3_3.csv
657,35,14,21,Reader_3_4.csv
657,4,3,1,Reader_3_5.csv
657,3,2,1,Reader_3_6.csv
657,4,4,0,Reader_3_7.csv
658,10,7,3,Reader_1_1.csv
658,1,1,0,Reader_1_10.csv
658,2,2,0,Reader_1_11.csv
658,0,0,0,Reader_1_12.csv
658,0,0,0,Reader_1_2.csv
658,3,3,0,Reader_1_3.csv
658,0,0,0,Reader_1_4.csv
658,0,0,0,Reader_1_5.csv
658,3,2,1,Reader_1_6.csv
658,1,1,0,Reader_1_7.csv
658,0,0,0,Reader_1_8.csv
658,0,0,0,Reader_1_9.csv
658,2,2,0,Reader_2_1.csv
658,0,0,0,Reader_2_10.csv
658,0,0,0,Reader_2_11.csv
658,2,1,1,Reader_2_12.csv
658,0,0,0,Reader_2_2.csv
658,1,0,1,Reader_2_3.csv
658,0,0,0,Reader_2_4.csv
658,1,0,1,Reader_2_5.csv
658,1,1,0,Reader_2_6.csv
658,0,0,0,Reader_2_7.csv
658,0,0,0,Reader_2_8.csv
658,0,0,0,Reader_2_9.csv
658,17,13,4,reader_3_1.csv
658,17,16,1,Reader_3_2.csv
658,33,15,18,Reader_3_3.csv
658,33,15,18,Reader_3_4.csv
658,5,4,1,Reader_3_5.csv
658,2,1,1,Reader_3_6.csv
658,5,5,0,Reader_3_7.csv
659,10,6,4,Reader_1_1.csv
659,1,1,0,Reader_1_10.csv
659,2,2,0,Reader_1_11.csv
659,0,0,0,Reader_1_12.csv
659,1,1,0,Reader_1_2.csv
659,3,3,0,Reader_1_3.csv
659,0,0,0,Reader_1_4.csv
659,0,0,0,Reader_1_5.csv
659,3,2,1,Reader_1_6.csv
659,2,2,0,Reader_1_7.csv
659,0,0,0,Reader_1_8.csv
659,0,0,0,Reader_1_9.csv
659,2,2,0,Reader_2_1.csv
659,0,0,0,Reader_2_10.csv
659,0,0,0,Reader_2_11.csv
659,2,1,1,Reader_2_12.csv
659,0,0,0,Reader_2_2.csv
659,2,0,2,Reader_2_3.csv
659,0,0,0,Reader_2_4.csv
659,1,0,1,Reader_2_5.csv
659,1,1,0,Reader_2_6.csv
659,0,0,0,Reader_2_7.csv
659,0,0,0,Reader_2_8.csv
659,0,0,0,Reader_2_9.csv
659,16,12,4,reader_3_1.csv
659,14,13,1,Reader_3_2.csv
659,36,18,18,Reader_3_3.csv
659,36,18,18,Reader_3_4.csv
659,5,4,1,Reader_3_5.csv
659,2,1,1,Reader_3_6.csv
659,5,5,0,Reader_3_7.csv
660,9,5,4,Reader_1_1.csv
660,0,0,0,Reader_1_10.csv
660,2,2,0,Reader_1_11.csv
660,0,0,0,Reader_1_12.csv
660,1,1,0,Reader_1_2.csv
660,3,3,0,Reader_1_3.csv
660,0,0,0,Reader_1_4.csv
660,0,0,0,Reader_1_5.csv
660,2,1,1,Reader_1_6.csv
660,2,2,0,Reader_1_7.csv
660,0,0,0,Reader_1_8.csv
660,0,0,0,Reader_1_9.csv
660,2,2,0,Reader_2_1.csv
660,0,0,0,Reader_2_10.csv
660,1,1,0,Reader_2_11.csv
660,2,1,1,Reader_2_12.csv
660,0,0,0,Reader_2_2.csv
660,3,0,3,Reader_2_3.csv
660,0,0,0,Reader_2_4.csv
660,1,0,1,Reader_2_5.csv
660,1,1,0,Reader_2_6.csv
660,0,0,0,Reader_2_7.csv
660,0,0,0,Reader_2_8.csv
660,0,0,0,Reader_2_9.csv
660,16,12,4,reader_3_1.csv
660,14,13,1,Reader_3_2.csv
660,35,19,16,Reader_3_3.csv
660,35,19,16,Reader_3_4.csv
660,4,4,0,Reader_3_5.csv
660,1,1,0,Reader_3_6.csv
660,8,7,1,Reader_3_7.csv
661,8,5,3,Reader_1_1.csv
661,0,0,0,Reader_1_10.csv
661,2,2,0,Reader_1_11.csv
661,0,0,0,Reader_1_12.csv
661,1,1,0,Reader_1_2.csv
661,3,3,0,Reader_1_3.csv
661,0,0,0,Reader_1_4.csv
661,0,0,0,Reader_1_5.csv
661,2,1,1,Reader_1_6.csv
661,2,2,0,Reader_1_7.csv
661,0,0,0,Reader_1_8.csv
661,0,0,0,Reader_1_9.csv
661,2,2,0,Reader_2_1.csv
661,0,0,0,Reader_2_10.csv
661,1,1,0,Reader_2_11.csv
661,2,1,1,Reader_2_12.csv
661,0,0,0,Reader_2_2.csv
661,3,0,3,Reader_2_3.csv
661,0,0,0,Reader_2_4.csv
661,1,0,1,Reader_2_5.csv
661,1,1,0,Reader_2_6.csv
661,0,0,0,Reader_2_7.csv
661,0,0,0,Reader_2_8.csv
661,0,0,0,Reader_2_9.csv
661,15,11,4,reader_3_1.csv
661,13,12,1,Reader_3_2.csv
661,29,17,12,Reader_3_3.csv
661,29,17,12,Reader_3_4.csv
661,4,4,0,Reader_3_5.csv
661,3,3,0,Reader_3_6.csv
661,8,7,1,Reader_3_7.csv
662,4,3,1,Reader_1_1.csv
662,0,0,0,Reader_1_10.csv
662,1,1,0,Reader_1_11.csv
662,1,1,0,Reader_1_12.csv
662,1,1,0,Reader_1_2.csv
662,2,2,0,Reader_1_3.csv
662,0,0,0,Reader_1_4.csv
662,0,0,0,Reader_1_5.csv
662,2,1,1,Reader_1_6.csv
662,2,2,0,Reader_1_7.csv
662,0,0,0,Reader_1_8.csv
662,0,0,0,Reader_1_9.csv
662,2,2,0,Reader_2_1.csv
662,0,0,0,Reader_2_10.csv
662,1,1,0,Reader_2_11.csv
662,2,1,1,Reader_2_12.csv
662,0,0,0,Reader_2_2.csv
662,3,0,3,Reader_2_3.csv
662,0,0,0,Reader_2_4.csv
662,1,0,1,Reader_2_5.csv
662,1,1,0,Reader_2_6.csv
662,0,0,0,Reader_2_7.csv
662,0,0,0,Reader_2_8.csv
662,0,0,0,Reader_2_9.csv
662,12,8,4,reader_3_1.csv
662,12,11,1,Reader_3_2.csv
662,25,16,9,Reader_3_3.csv
662,25,16,9,Reader_3_4.csv
662,3,3,0,Reader_3_5.csv
662,3,3,0,Reader_3_6.csv
662,8,7,1,Reader_3_7.csv
663,3,2,1,Reader_1_1.csv
663,0,0,0,Reader_1_10.csv
663,0,0,0,Reader_1_11.csv
663,1,1,0,Reader_1_12.csv
663,1,1,0,Reader_1_2.csv
663,1,1,0,Reader_1_3.csv
663,0,0,0,Reader_1_4.csv
663,0,0,0,Reader_1_5.csv
663,3,2,1,Reader_1_6.csv
663,1,1,0,Reader_1_7.csv
663,0,0,0,Reader_1_8.csv
663,0,0,0,Reader_1_9.csv
663,1,1,0,Reader_2_1.csv
663,0,0,0,Reader_2_10.csv
663,1,1,0,Reader_2_11.csv
663,2,1,1,Reader_2_12.csv
663,0,0,0,Reader_2_2.csv
663,3,0,3,Reader_2_3.csv
663,0,0,0,Reader_2_4.csv
663,0,0,0,Reader_2_5.csv
663,1,1,0,Reader_2_6.csv
663,0,0,0,Reader_2_7.csv
663,0,0,0,Reader_2_8.csv
663,0,0,0,Reader_2_9.csv
663,9,5,4,reader_3_1.csv
663,8,7,1,Reader_3_2.csv
663,20,13,7,Reader_3_3.csv
663,20,13,7,Reader_3_4.csv
663,2,2,0,Reader_3_5.csv
663,3,3,0,Reader_3_6.csv
663,9,8,1,Reader_3_7.csv
664,2,1,1,Reader_1_1.csv
664,0,0,0,Reader_1_10.csv
664,0,0,0,Reader_1_11.csv
664,1,1,0,Reader_1_12.csv
664,1,1,0,Reader_1_2.csv
664,1,1,0,Reader_1_3.csv
664,0,0,0,Reader_1_4.csv
664,0,0,0,Reader_1_5.csv
664,3,2,1,Reader_1_6.csv
664,1,1,0,Reader_1_7.csv
664,0,0,0,Reader_1_8.csv
664,0,0,0,Reader_1_9.csv
664,2,2,0,Reader_2_1.csv
664,0,0,0,Reader_2_10.csv
664,1,1,0,Reader_2_11.csv
664,1,1,0,Reader_2_12.csv
664,0,0,0,Reader_2_2.csv
664,3,0,3,Reader_2_3.csv
664,0,0,0,Reader_2_4.csv
664,0,0,0,Reader_2_5.csv
664,1,1,0,Reader_2_6.csv
664,0,0,0,Reader_2_7.csv
664,0,0,0,Reader_2_8.csv
664,0,0,0,Reader_2_9.csv
664,8,4,4,reader_3_1.csv
664,6,5,1,Reader_3_2.csv
664,20,12,8,Reader_3_3.csv
664,20,12,8,Reader_3_4.csv
664,2,2,0,Reader_3_5.csv
664,3,3,0,Reader_3_6.csv
664,10,9,1,Reader_3_7.csv
665,2,1,1,Reader_1_1.csv
665,0,0,0,Reader_1_10.csv
665,0,0,0,Reader_1_11.csv
665,1,1,0,Reader_1_12.csv
665,1,1,0,Reader_1_2.csv
665,0,0,0,Reader_1_3.csv
665,0,0,0,Reader_1_4.csv
665,0,0,0,Reader_1_5.csv
665,1,1,0,Reader_1_6.csv
665,1,1,0,Reader_1_7.csv
665,0,0,0,Reader_1_8.csv
665,0,0,0,Reader_1_9.csv
665,3,3,0,Reader_2_1.csv
665,0,0,0,Reader_2_10.csv
665,1,1,0,Reader_2_11.csv
665,1,1,0,Reader_2_12.csv
665,0,0,0,Reader_2_2.csv
665,2,0,2,Reader_2_3.csv
665,0,0,0,Reader_2_4.csv
665,0,0,0,Reader_2_5.csv
665,1,1,0,Reader_2_6.csv
665,0,0,0,Reader_2_7.csv
665,0,0,0,Reader_2_8.csv
665,0,0,0,Reader_2_9.csv
665,9,3,6,reader_3_1.csv
665,4,3,1,Reader_3_2.csv
665,19,10,9,Reader_3_3.csv
665,19,10,9,Reader_3_4.csv
665,2,2,0,Reader_3_5.csv
665,3,3,0,Reader_3_6.csv
665,11,9,2,Reader_3_7.csv
666,3,2,1,Reader_1_1.csv
666,0,0,0,Reader_1_10.csv
666,1,1,0,Reader_1_11.csv
666,1,1,0,Reader_1_12.csv
666,1,1,0,Reader_1_2.csv
666,0,0,0,Reader_1_3.csv
666,0,0,0,Reader_1_4.csv
666,0,0,0,Reader_1_5.csv
666,1,1,0,Reader_1_6.csv
666,1,1,0,Reader_1_7.csv
666,0,0,0,Reader_1_8.csv
666,0,0,0,Reader_1_9.csv
666,7,7,0,Reader_2_1.csv
666,0,0,0,Reader_2_10.csv
666,1,1,0,Reader_2_11.csv
666,1,1,0,Reader_2_12.csv
666,0,0,0,Reader_2_2.csv
666,2,0,2,Reader_2_3.csv
666,0,0,0,Reader_2_4.csv
666,0,0,0,Reader_2_5.csv
666,0,0,0,Reader_2_6.csv
666,0,0,0,Reader_2_7.csv
666,0,0,0,Reader_2_8.csv
666,0,0,0,Reader_2_9.csv
666,11,6,5,reader_3_1.csv
666,2,2,0,Reader_3_2.csv
666,15,8,7,Reader_3_3.csv
666,15,8,7,Reader_3_4.csv
666,1,1,0,Reader_3_5.csv
666,3,3,0,Reader_3_6.csv
666,10,8,2,Reader_3_7.csv
667,2,2,0,Reader_1_1.csv
667,0,0,0,Reader_1_10.csv
667,2,2,0,Reader_1_11.csv
667,1,1,0,Reader_1_12.csv
667,0,0,0,Reader_1_2.csv
667,0,0,0,Reader_1_3.csv
667,0,0,0,Reader_1_4.csv
667,0,0,0,Reader_1_5.csv
667,1,1,0,Reader_1_6.csv
667,1,1,0,Reader_1_7.csv
667,0,0,0,Reader_1_8.csv
667,0,0,0,Reader_1_9.csv
667,8,8,0,Reader_2_1.csv
667,0,0,0,Reader_2_10.csv
667,1,1,0,Reader_2_11.csv
667,1,1,0,Reader_2_12.csv
667,0,0,0,Reader_2_2.csv
667,1,0,1,Reader_2_3.csv
667,0,0,0,Reader_2_4.csv
667,0,0,0,Reader_2_5.csv
667,0,0,0,Reader_2_6.csv
667,0,0,0,Reader_2_7.csv
667,0,0,0,Reader_2_8.csv
667,0,0,0,Reader_2_9.csv
667,12,8,4,reader_3_1.csv
667,2,2,0,Reader_3_2.csv
667,11,4,7,Reader_3_3.csv
667,11,4,7,Reader_3_4.csv
667,1,1,0,Reader_3_5.csv
667,3,3,0,Reader_3_6.csv
667,9,7,2,Reader_3_7.csv
668,3,3,0,Reader_1_1.csv
668,0,0,0,Reader_1_10.csv
668,2,2,0,Reader_1_11.csv
668,1,1,0,Reader_1_12.csv
668,0,0,0,Reader_1_2.csv
668,2,1,1,Reader_1_3.csv
668,0,0,0,Reader_1_4.csv
668,0,0,0,Reader_1_5.csv
668,1,1,0,Reader_1_6.csv
668,1,1,0,Reader_1_7.csv
668,1,1,0,Reader_1_8.csv
668,0,0,0,Reader_1_9.csv
668,9,9,0,Reader_2_1.csv
668,0,0,0,Reader_2_10.csv
668,0,0,0,Reader_2_11.csv
668,1,1,0,Reader_2_12.csv
668,0,0,0,Reader_2_2.csv
668,0,0,0,Reader_2_3.csv
668,0,0,0,Reader_2_4.csv
668,0,0,0,Reader_2_5.csv
668,2,2,0,Reader_2_6.csv
668,0,0,0,Reader_2_7.csv
668,0,0,0,Reader_2_8.csv
668,0,0,0,Reader_2_9.csv
668,13,9,4,reader_3_1.csv
668,2,1,1,Reader_3_2.csv
668,13,5,8,Reader_3_3.csv
668,13,5,8,Reader_3_4.csv
668,1,1,0,Reader_3_5.csv
668,5,5,0,Reader_3_6.csv
668,6,5,1,Reader_3_7.csv
669,5,5,0,Reader_1_1.csv
669,0,0,0,Reader_1_10.csv
669,2,2,0,Reader_1_11.csv
669,1,1,0,Reader_1_12.csv
669,0,0,0,Reader_1_2.csv
669,2,1,1,Reader_1_3.csv
669,0,0,0,Reader_1_4.csv
669,0,0,0,Reader_1_5.csv
669,1,1,0,Reader_1_6.csv
669,2,2,0,Reader_1_7.csv
669,1,1,0,Reader_1_8.csv
669,0,0,0,Reader_1_9.csv
669,9,9,0,Reader_2_1.csv
669,0,0,0,Reader_2_10.csv
669,0,0,0,Reader_2_11.csv
669,1,1,0,Reader_2_12.csv
669,0,0,0,Reader_2_2.csv
669,0,0,0,Reader_2_3.csv
669,0,0,0,Reader_2_4.csv
669,0,0,0,Reader_2_5.csv
669,2,2,0,Reader_2_6.csv
669,0,0,0,Reader_2_7.csv
669,0,0,0,Reader_2_8.csv
669,0,0,0,Reader_2_9.csv
669,16,11,5,reader_3_1.csv
669,2,1,1,Reader_3_2.csv
669,11,5,6,Reader_3_3.csv
669,11,5,6,Reader_3_4.csv
669,2,2,0,Reader_3_5.csv
669,4,4,0,Reader_3_6.csv
669,6,5,1,Reader_3_7.csv
670,6,5,1,Reader_1_1.csv
670,0,0,0,Reader_1_10.csv
670,2,2,0,Reader_1_11.csv
670,1,1,0,Reader_1_12.csv
670,0,0,0,Reader_1_2.csv
670,2,1,1,Reader_1_3.csv
670,0,0,0,Reader_1_4.csv
670,0,0,0,Reader_1_5.csv
670,2,2,0,Reader_1_6.csv
670,2,2,0,Reader_1_7.csv
670,1,1,0,Reader_1_8.csv
670,0,0,0,Reader_1_9.csv
670,10,9,1,Reader_2_1.csv
670,0,0,0,Reader_2_10.csv
670,0,0,0,Reader_2_11.csv
670,1,1,0,Reader_2_12.csv
670,1,1,0,Reader_2_2.csv
670,0,0,0,Reader_2_3.csv
670,0,0,0,Reader_2_4.csv
670,0,0,0,Reader_2_5.csv
670,2,2,0,Reader_2_6.csv
670,0,0,0,Reader_2_7.csv
670,0,0,0,Reader_2_8.csv
670,0,0,0,Reader_2_9.csv
670,21,15,6,reader_3_1.csv
670,2,1,1,Reader_3_2.csv
670,9,4,5,Reader_3_3.csv
670,9,4,5,Reader_3_4.csv
670,2,2,0,Reader_3_5.csv
670,3,3,0,Reader_3_6.csv
670,4,3,1,Reader_3_7.csv
671,6,5,1,Reader_1_1.csv
671,0,0,0,Reader_1_10.csv
671,2,2,0,Reader_1_11.csv
671,1,1,0,Reader_1_12.csv
671,0,0,0,Reader_1_2.csv
671,2,1,1,Reader_1_3.csv
671,0,0,0,Reader_1_4.csv
671,0,0,0,Reader_1_5.csv
671,1,1,0,Reader_1_6.csv
671,2,2,0,Reader_1_7.csv
671,1,1,0,Reader_1_8.csv
671,0,0,0,Reader_1_9.csv
671,10,9,1,Reader_2_1.csv
671,0,0,0,Reader_2_10.csv
671,0,0,0,Reader_2_11.csv
671,1,1,0,Reader_2_12.csv
671,1,1,0,Reader_2_2.csv
671,0,0,0,Reader_2_3.csv
671,0,0,0,Reader_2_4.csv
671,0,0,0,Reader_2_5.csv
671,2,2,0,Reader_2_6.csv
671,0,0,0,Reader_2_7.csv
671,0,0,0,Reader_2_8.csv
671,0,0,0,Reader_2_9.csv
671,21,15,6,reader_3_1.csv
671,2,1,1,Reader_3_2.csv
671,11,6,5,Reader_3_3.csv
671,11,6,5,Reader_3_4.csv
671,1,1,0,Reader_3_5.csv
671,3,3,0,Reader_3_6.csv
671,3,2,1,Reader_3_7.csv
672,5,4,1,Reader_1_1.csv
672,1,1,0,Reader_1_10.csv
672,2,2,0,Reader_1_11.csv
672,1,1,0,Reader_1_12.csv
672,1,1,0,Reader_1_2.csv
672,2,1,1,Reader_1_3.csv
672,0,0,0,Reader_1_4.csv
672,0,0,0,Reader_1_5.csv
672,2,1,1,Reader_1_6.csv
672,2,2,0,Reader_1_7.csv
672,1,1,0,Reader_1_8.csv
672,0,0,0,Reader_1_9.csv
672,9,8,1,Reader_2_1.csv
672,0,0,0,Reader_2_10.csv
672,0,0,0,Reader_2_11.csv
672,0,0,0,Reader_2_12.csv
672,1,1,0,Reader_2_2.csv
672,0,0,0,Reader_2_3.csv
672,0,0,0,Reader_2_4.csv
672,0,0,0,Reader_2_5.csv
672,2,2,0,Reader_2_6.csv
672,0,0,0,Reader_2_7.csv
672,0,0,0,Reader_2_8.csv
672,0,0,0,Reader_2_9.csv
672,25,19,6,reader_3_1.csv
672,2,1,1,Reader_3_2.csv
672,9,5,4,Reader_3_3.csv
672,9,5,4,Reader_3_4.csv
672,1,1,0,Reader_3_5.csv
672,3,3,0,Reader_3_6.csv
672,1,0,1,Reader_3_7.csv
673,6,5,1,Reader_1_1.csv
673,1,1,0,Reader_1_10.csv
673,2,2,0,Reader_1_11.csv
673,1,1,0,Reader_1_12.csv
673,1,1,0,Reader_1_2.csv
673,2,1,1,Reader_1_3.csv
673,0,0,0,Reader_1_4.csv
673,0,0,0,Reader_1_5.csv
673,2,1,1,Reader_1_6.csv
673,2,2,0,Reader_1_7.csv
673,1,1,0,Reader_1_8.csv
673,0,0,0,Reader_1_9.csv
673,9,7,2,Reader_2_1.csv
673,0,0,0,Reader_2_10.csv
673,0,0,0,Reader_2_11.csv
673,0,0,0,Reader_2_12.csv
673,1,1,0,Reader_2_2.csv
673,0,0,0,Reader_2_3.csv
673,0,0,0,Reader_2_4.csv
673,0,0,0,Reader_2_5.csv
673,2,2,0,Reader_2_6.csv
673,0,0,0,Reader_2_7.csv
673,0,0,0,Reader_2_8.csv
673,0,0,0,Reader_2_9.csv
673,26,20,6,reader_3_1.csv
673,1,0,1,Reader_3_2.csv
673,7,4,3,Reader_3_3.csv
673,7,4,3,Reader_3_4.csv
673,1,1,0,Reader_3_5.csv
673,4,4,0,Reader_3_6.csv
673,1,0,1,Reader_3_7.csv
674,5,4,1,Reader_1_1.csv
674,2,2,0,Reader_1_10.csv
674,2,2,0,Reader_1_11.csv
674,1,1,0,Reader_1_12.csv
674,1,1,0,Reader_1_2.csv
674,2,1,1,Reader_1_3.csv
674,0,0,0,Reader_1_4.csv
674,0,0,0,Reader_1_5.csv
674,2,1,1,Reader_1_6.csv
674,2,2,0,Reader_1_7.csv
674,1,1,0,Reader_1_8.csv
674,0,0,0,Reader_1_9.csv
674,5,3,2,Reader_2_1.csv
674,0,0,0,Reader_2_10.csv
674,0,0,0,Reader_2_11.csv
674,0,0,0,Reader_2_12.csv
674,1,1,0,Reader_2_2.csv
674,0,0,0,Reader_2_3.csv
674,0,0,0,Reader_2_4.csv
674,0,0,0,Reader_2_5.csv
674,2,2,0,Reader_2_6.csv
674,0,0,0,Reader_2_7.csv
674,0,0,0,Reader_2_8.csv
674,0,0,0,Reader_2_9.csv
674,24,18,6,reader_3_1.csv
674,2,1,1,Reader_3_2.csv
674,7,4,3,Reader_3_3.csv
674,7,4,3,Reader_3_4.csv
674,1,1,0,Reader_3_5.csv
674,4,4,0,Reader_3_6.csv
674,1,0,1,Reader_3_7.csv
675,5,4,1,Reader_1_1.csv
675,2,2,0,Reader_1_10.csv
675,1,1,0,Reader_1_11.csv
675,1,1,0,Reader_1_12.csv
675,1,1,0,Reader_1_2.csv
675,2,1,1,Reader_1_3.csv
675,0,0,0,Reader_1_4.csv
675,0,0,0,Reader_1_5.csv
675,2,1,1,Reader_1_6.csv
675,1,1,0,Reader_1_7.csv
675,1,1,0,Reader_1_8.csv
675,0,0,0,Reader_1_9.csv
675,6,4,2,Reader_2_1.csv
675,0,0,0,Reader_2_10.csv
675,0,0,0,Reader_2_11.csv
675,0,0,0,Reader_2_12.csv
675,2,2,0,Reader_2_2.csv
675,0,0,0,Reader_2_3.csv
675,0,0,0,Reader_2_4.csv
675,1,1,0,Reader_2_5.csv
675,2,2,0,Reader_2_6.csv
675,0,0,0,Reader_2_7.csv
675,0,0,0,Reader_2_8.csv
675,0,0,0,Reader_2_9.csv
675,23,17,6,reader_3_1.csv
675,2,1,1,Reader_3_2.csv
675,7,5,2,Reader_3_3.csv
675,7,5,2,Reader_3_4.csv
675,1,1,0,Reader_3_5.csv
675,4,4,0,Reader_3_6.csv
675,1,0,1,Reader_3_7.csv
676,7,5,2,Reader_1_1.csv
676,2,2,0,Reader_1_10.csv
676,1,1,0,Reader_1_11.csv
676,1,1,0,Reader_1_12.csv
676,1,1,0,Reader_1_2.csv
676,0,0,0,Reader_1_3.csv
676,0,0,0,Reader_1_4.csv
676,0,0,0,Reader_1_5.csv
676,3,2,1,Reader_1_6.csv
676,1,1,0,Reader_1_7.csv
676,0,0,0,Reader_1_8.csv
676,0,0,0,Reader_1_9.csv
676,5,3,2,Reader_2_1.csv
676,0,0,0,Reader_2_10.csv
676,0,0,0,Reader_2_11.csv
676,0,0,0,Reader_2_12.csv
676,2,2,0,Reader_2_2.csv
676,0,0,0,Reader_2_3.csv
676,0,0,0,Reader_2_4.csv
676,1,1,0,Reader_2_5.csv
676,0,0,0,Reader_2_6.csv
676,0,0,0,Reader_2_7.csv
676,0,0,0,Reader_2_8.csv
676,1,1,0,Reader_2_9.csv
676,22,16,6,reader_3_1.csv
676,1,1,0,Reader_3_2.csv
676,3,3,0,Reader_3_3.csv
676,3,3,0,Reader_3_4.csv
676,1,1,0,Reader_3_5.csv
676,2,2,0,Reader_3_6.csv
676,1,0,1,Reader_3_7.csv
677,6,3,3,Reader_1_1.csv
677,2,2,0,Reader_1_10.csv
677,1,1,0,Reader_1_11.csv
677,1,1,0,Reader_1_12.csv
677,1,1,0,Reader_1_2.csv
677,0,0,0,Reader_1_3.csv
677,0,0,0,Reader_1_4.csv
677,0,0,0,Reader_1_5.csv
677,3,2,1,Reader_1_6.csv
677,1,0,1,Reader_1_7.csv
677,0,0,0,Reader_1_8.csv
677,0,0,0,Reader_1_9.csv
677,5,3,2,Reader_2_1.csv
677,0,0,0,Reader_2_10.csv
677,0,0,0,Reader_2_11.csv
677,2,1,1,Reader_2_12.csv
677,2,2,0,Reader_2_2.csv
677,0,0,0,Reader_2_3.csv
677,0,0,0,Reader_2_4.csv
677,1,1,0,Reader_2_5.csv
677,0,0,0,Reader_2_6.csv
677,0,0,0,Reader_2_7.csv
677,0,0,0,Reader_2_8.csv
677,1,1,0,Reader_2_9.csv
677,19,14,5,reader_3_1.csv
677,1,1,0,Reader_3_2.csv
677,3,3,0,Reader_3_3.csv
677,3,3,0,Reader_3_4.csv
677,0,0,0,Reader_3_5.csv
677,1,1,0,Reader_3_6.csv
677,1,0,1,Reader_3_7.csv
678,6,4,2,Reader_1_1.csv
678,3,3,0,Reader_1_10.csv
678,1,1,0,Reader_1_11.csv
678,0,0,0,Reader_1_12.csv
678,1,1,0,Reader_1_2.csv
678,0,0,0,Reader_1_3.csv
678,0,0,0,Reader_1_4.csv
678,0,0,0,Reader_1_5.csv
678,2,1,1,Reader_1_6.csv
678,2,1,1,Reader_1_7.csv
678,0,0,0,Reader_1_8.csv
678,0,0,0,Reader_1_9.csv
678,4,3,1,Reader_2_1.csv
678,0,0,0,Reader_2_10.csv
678,0,0,0,Reader_2_11.csv
678,3,2,1,Reader_2_12.csv
678,1,1,0,Reader_2_2.csv
678,0,0,0,Reader_2_3.csv
678,0,0,0,Reader_2_4.csv
678,1,1,0,Reader_2_5.csv
678,0,0,0,Reader_2_6.csv
678,0,0,0,Reader_2_7.csv
678,0,0,0,Reader_2_8.csv
678,1,1,0,Reader_2_9.csv
678,15,10,5,reader_3_1.csv
678,2,2,0,Reader_3_2.csv
678,5,5,0,Reader_3_3.csv
678,5,5,0,Reader_3_4.csv
678,0,0,0,Reader_3_5.csv
678,1,1,0,Reader_3_6.csv
678,2,1,1,Reader_3_7.csv
679,6,4,2,Reader_1_1.csv
679,4,4,0,Reader_1_10.csv
679,1,1,0,Reader_1_11.csv
679,0,0,0,Reader_1_12.csv
679,1,1,0,Reader_1_2.csv
679,0,0,0,Reader_1_3.csv
679,0,0,0,Reader_1_4.csv
679,1,1,0,Reader_1_5.csv
679,2,1,1,Reader_1_6.csv
679,2,1,1,Reader_1_7.csv
679,0,0,0,Reader_1_8.csv
679,0,0,0,Reader_1_9.csv
679,7,6,1,Reader_2_1.csv
679,0,0,0,Reader_2_10.csv
679,0,0,0,Reader_2_11.csv
679,3,2,1,Reader_2_12.csv
679,2,2,0,Reader_2_2.csv
679,0,0,0,Reader_2_3.csv
679,0,0,0,Reader_2_4.csv
679,1,1,0,Reader_2_5.csv
679,0,0,0,Reader_2_6.csv
679,0,0,0,Reader_2_7.csv
679,0,0,0,Reader_2_8.csv
679,1,1,0,Reader_2_9.csv
679,18,12,6,reader_3_1.csv
679,3,3,0,Reader_3_2.csv
679,3,3,0,Reader_3_3.csv
679,3,3,0,Reader_3_4.csv
679,1,0,1,Reader_3_5.csv
679,2,2,0,Reader_3_6.csv
679,2,1,1,Reader_3_7.csv
680,6,4,2,Reader_1_1.csv
680,4,4,0,Reader_1_10.csv
680,1,1,0,Reader_1_11.csv
680,0,0,0,Reader_1_12.csv
680,0,0,0,Reader_1_2.csv
680,0,0,0,Reader_1_3.csv
680,0,0,0,Reader_1_4.csv
680,1,1,0,Reader_1_5.csv
680,1,1,0,Reader_1_6.csv
680,2,1,1,Reader_1_7.csv
680,0,0,0,Reader_1_8.csv
680,0,0,0,Reader_1_9.csv
680,7,6,1,Reader_2_1.csv
680,0,0,0,Reader_2_10.csv
680,0,0,0,Reader_2_11.csv
680,3,2,1,Reader_2_12.csv
680,2,2,0,Reader_2_2.csv
680,0,0,0,Reader_2_3.csv
680,0,0,0,Reader_2_4.csv
680,2,1,1,Reader_2_5.csv
680,0,0,0,Reader_2_6.csv
680,0,0,0,Reader_2_7.csv
680,0,0,0,Reader_2_8.csv
680,1,1,0,Reader_2_9.csv
680,15,9,6,reader_3_1.csv
680,3,3,0,Reader_3_2.csv
680,4,3,1,Reader_3_3.csv
680,4,3,1,Reader_3_4.csv
680,1,0,1,Reader_3_5.csv
680,3,3,0,Reader_3_6.csv
680,2,1,1,Reader_3_7.csv
681,5,3,2,Reader_1_1.csv
681,4,4,0,Reader_1_10.csv
681,1,1,0,Reader_1_11.csv
681,0,0,0,Reader_1_12.csv
681,0,0,0,Reader_1_2.csv
681,1,1,0,Reader_1_3.csv
681,0,0,0,Reader_1_4.csv
681,1,1,0,Reader_1_5.csv
681,1,1,0,Reader_1_6.csv
681,2,1,1,Reader_1_7.csv
681,0,0,0,Reader_1_8.csv
681,0,0,0,Reader_1_9.csv
681,7,7,0,Reader_2_1.csv
681,0,0,0,Reader_2_10.csv
681,0,0,0,Reader_2_11.csv
681,3,2,1,Reader_2_12.csv
681,2,2,0,Reader_2_2.csv
681,0,0,0,Reader_2_3.csv
681,0,0,0,Reader_2_4.csv
681,2,1,1,Reader_2_5.csv
681,0,0,0,Reader_2_6.csv
681,0,0,0,Reader_2_7.csv
681,0,0,0,Reader_2_8.csv
681,1,1,0,Reader_2_9.csv
681,14,10,4,reader_3_1.csv
681,4,4,0,Reader_3_2.csv
681,4,3,1,Reader_3_3.csv
681,4,3,1,Reader_3_4.csv
681,2,1,1,Reader_3_5.csv
681,3,3,0,Reader_3_6.csv
681,1,1,0,Reader_3_7.csv
682,6,3,3,Reader_1_1.csv
682,3,3,0,Reader_1_10.csv
682,0,0,0,Reader_1_11.csv
682,0,0,0,Reader_1_12.csv
682,0,0,0,Reader_1_2.csv
682,1,1,0,Reader_1_3.csv
682,0,0,0,Reader_1_4.csv
682,1,1,0,Reader_1_5.csv
682,2,1,1,Reader_1_6.csv
682,2,1,1,Reader_1_7.csv
682,0,0,0,Reader_1_8.csv
682,0,0,0,Reader_1_9.csv
682,7,7,0,Reader_2_1.csv
682,0,0,0,Reader_2_10.csv
682,0,0,0,Reader_2_11.csv
682,3,2,1,Reader_2_12.csv
682,3,3,0,Reader_2_2.csv
682,0,0,0,Reader_2_3.csv
682,0,0,0,Reader_2_4.csv
682,3,2,1,Reader_2_5.csv
682,0,0,0,Reader_2_6.csv
682,0,0,0,Reader_2_7.csv
682,0,0,0,Reader_2_8.csv
682,1,1,0,Reader_2_9.csv
682,13,9,4,reader_3_1.csv
682,3,3,0,Reader_3_2.csv
682,4,3,1,Reader_3_3.csv
682,4,3,1,Reader_3_4.csv
682,2,1,1,Reader_3_5.csv
682,5,5,0,Reader_3_6.csv
682,1,1,0,Reader_3_7.csv
683,6,3,3,Reader_1_1.csv
683,3,3,0,Reader_1_10.csv
683,1,1,0,Reader_1_11.csv
683,0,0,0,Reader_1_12.csv
683,0,0,0,Reader_1_2.csv
683,1,1,0,Reader_1_3.csv
683,0,0,0,Reader_1_4.csv
683,1,1,0,Reader_1_5.csv
683,3,2,1,Reader_1_6.csv
683,2,1,1,Reader_1_7.csv
683,0,0,0,Reader_1_8.csv
683,0,0,0,Reader_1_9.csv
683,5,5,0,Reader_2_1.csv
683,0,0,0,Reader_2_10.csv
683,0,0,0,Reader_2_11.csv
683,3,2,1,Reader_2_12.csv
683,2,2,0,Reader_2_2.csv
683,0,0,0,Reader_2_3.csv
683,0,0,0,Reader_2_4.csv
683,2,1,1,Reader_2_5.csv
683,0,0,0,Reader_2_6.csv
683,0,0,0,Reader_2_7.csv
683,0,0,0,Reader_2_8.csv
683,1,1,0,Reader_2_9.csv
683,11,8,3,reader_3_1.csv
683,5,5,0,Reader_3_2.csv
683,3,2,1,Reader_3_3.csv
683,3,2,1,Reader_3_4.csv
683,2,1,1,Reader_3_5.csv
683,5,5,0,Reader_3_6.csv
683,1,1,0,Reader_3_7.csv
684,5,3,2,Reader_1_1.csv
684,3,3,0,Reader_1_10.csv
684,1,1,0,Reader_1_11.csv
684,0,0,0,Reader_1_12.csv
684,0,0,0,Reader_1_2.csv
684,1,1,0,Reader_1_3.csv
684,0,0,0,Reader_1_4.csv
684,1,1,0,Reader_1_5.csv
684,2,1,1,Reader_1_6.csv
684,2,1,1,Reader_1_7.csv
684,0,0,0,Reader_1_8.csv
684,0,0,0,Reader_1_9.csv
684,5,5,0,Reader_2_1.csv
684,0,0,0,Reader_2_10.csv
684,0,0,0,Reader_2_11.csv
684,3,2,1,Reader_2_12.csv
684,2,2,0,Reader_2_2.csv
684,0,0,0,Reader_2_3.csv
684,0,0,0,Reader_2_4.csv
684,2,1,1,Reader_2_5.csv
684,0,0,0,Reader_2_6.csv
684,0,0,0,Reader_2_7.csv
684,0,0,0,Reader_2_8.csv
684,0,0,0,Reader_2_9.csv
684,11,8,3,reader_3_1.csv
684,5,5,0,Reader_3_2.csv
684,3,2,1,Reader_3_3.csv
684,3,2,1,Reader_3_4.csv
684,2,1,1,Reader_3_5.csv
684,5,5,0,Reader_3_6.csv
684,1,1,0,Reader_3_7.csv
685,4,3,1,Reader_1_1.csv
685,3,3,0,Reader_1_10.csv
685,1,1,0,Reader_1_11.csv
685,0,0,0,Reader_1_12.csv
685,0,0,0,Reader_1_2.csv
685,1,1,0,Reader_1_3.csv
685,0,0,0,Reader_1_4.csv
685,1,1,0,Reader_1_5.csv
685,2,1,1,Reader_1_6.csv
685,1,1,0,Reader_1_7.csv
685,0,0,0,Reader_1_8.csv
685,0,0,0,Reader_1_9.csv
685,5,5,0,Reader_2_1.csv
685,0,0,0,Reader_2_10.csv
685,0,0,0,Reader_2_11.csv
685,1,1,0,Reader_2_12.csv
685,2,2,0,Reader_2_2.csv
685,0,0,0,Reader_2_3.csv
685,0,0,0,Reader_2_4.csv
685,2,1,1,Reader_2_5.csv
685,0,0,0,Reader_2_6.csv
685,0,0,0,Reader_2_7.csv
685,0,0,0,Reader_2_8.csv
685,0,0,0,Reader_2_9.csv
685,10,8,2,reader_3_1.csv
685,10,10,0,Reader_3_2.csv
685,3,2,1,Reader_3_3.csv
685,3,2,1,Reader_3_4.csv
685,2,1,1,Reader_3_5.csv
685,8,5,3,Reader_3_6.csv
685,1,1,0,Reader_3_7.csv
686,4,3,1,Reader_1_1.csv
686,3,3,0,Reader_1_10.csv
686,1,1,0,Reader_1_11.csv
686,0,0,0,Reader_1_12.csv
686,0,0,0,Reader_1_2.csv
686,1,1,0,Reader_1_3.csv
686,1,1,0,Reader_1_4.csv
686,1,1,0,Reader_1_5.csv
686,2,1,1,Reader_1_6.csv
686,0,0,0,Reader_1_7.csv
686,0,0,0,Reader_1_8.csv
686,0,0,0,Reader_1_9.csv
686,5,5,0,Reader_2_1.csv
686,0,0,0,Reader_2_10.csv
686,0,0,0,Reader_2_11.csv
686,0,0,0,Reader_2_12.csv
686,2,2,0,Reader_2_2.csv
686,0,0,0,Reader_2_3.csv
686,0,0,0,Reader_2_4.csv
686,2,1,1,Reader_2_5.csv
686,0,0,0,Reader_2_6.csv
686,0,0,0,Reader_2_7.csv
686,0,0,0,Reader_2_8.csv
686,0,0,0,Reader_2_9.csv
686,12,8,4,reader_3_1.csv
686,11,10,1,Reader_3_2.csv
686,3,2,1,Reader_3_3.csv
686,3,2,1,Reader_3_4.csv
686,3,2,1,Reader_3_5.csv
686,8,5,3,Reader_3_6.csv
686,0,0,0,Reader_3_7.csv
687,6,4,2,Reader_1_1.csv
687,2,2,0,Reader_1_10.csv
687,2,2,0,Reader_1_11.csv
687,0,0,0,Reader_1_12.csv
687,1,1,0,Reader_1_2.csv
687,1,1,0,Reader_1_3.csv
687,1,1,0,Reader_1_4.csv
687,0,0,0,Reader_1_5.csv
687,2,1,1,Reader_1_6.csv
687,0,0,0,Reader_1_7.csv
687,0,0,0,Reader_1_8.csv
687,0,0,0,Reader_1_9.csv
687,2,2,0,Reader_2_1.csv
687,0,0,0,Reader_2_10.csv
687,0,0,0,Reader_2_11.csv
687,0,0,0,Reader_2_12.csv
687,1,1,0,Reader_2_2.csv
687,0,0,0,Reader_2_3.csv
687,0,0,0,Reader_2_4.csv
687,2,1,1,Reader_2_5.csv
687,0,0,0,Reader_2_6.csv
687,0,0,0,Reader_2_7.csv
687,0,0,0,Reader_2_8.csv
687,0,0,0,Reader_2_9.csv
687,11,8,3,reader_3_1.csv
687,12,11,1,Reader_3_2.csv
687,3,2,1,Reader_3_3.csv
687,3,2,1,Reader_3_4.csv
687,2,2,0,Reader_3_5.csv
687,8,5,3,Reader_3_6.csv
687,0,0,0,Reader_3_7.csv
688,6,4,2,Reader_1_1.csv
688,1,1,0,Reader_1_10.csv
688,2,2,0,Reader_1_11.csv
688,0,0,0,Reader_1_12.csv
688,1,1,0,Reader_1_2.csv
688,1,1,0,Reader_1_3.csv
688,1,1,0,Reader_1_4.csv
688,0,0,0,Reader_1_5.csv
688,3,1,2,Reader_1_6.csv
688,0,0,0,Reader_1_7.csv
688,0,0,0,Reader_1_8.csv
688,0,0,0,Reader_1_9.csv
688,1,1,0,Reader_2_1.csv
688,0,0,0,Reader_2_10.csv
688,0,0,0,Reader_2_11.csv
688,0,0,0,Reader_2_12.csv
688,1,1,0,Reader_2_2.csv
688,0,0,0,Reader_2_3.csv
688,0,0,0,Reader_2_4.csv
688,1,1,0,Reader_2_5.csv
688,0,0,0,Reader_2_6.csv
688,0,0,0,Reader_2_7.csv
688,0,0,0,Reader_2_8.csv
688,0,0,0,Reader_2_9.csv
688,11,7,4,reader_3_1.csv
688,12,11,1,Reader_3_2.csv
688,2,2,0,Reader_3_3.csv
688,2,2,0,Reader_3_4.csv
688,2,2,0,Reader_3_5.csv
688,9,6,3,Reader_3_6.csv
688,1,1,0,Reader_3_7.csv
689,8,5,3,Reader_1_1.csv
689,2,2,0,Reader_1_10.csv
689,2,2,0,Reader_1_11.csv
689,0,0,0,Reader_1_12.csv
689,1,1,0,Reader_1_2.csv
689,0,0,0,Reader_1_3.csv
689,1,1,0,Reader_1_4.csv
689,0,0,0,Reader_1_5.csv
689,3,1,2,Reader_1_6.csv
689,0,0,0,Reader_1_7.csv
689,0,0,0,Reader_1_8.csv
689,0,0,0,Reader_1_9.csv
689,1,1,0,Reader_2_1.csv
689,0,0,0,Reader_2_10.csv
689,0,0,0,Reader_2_11.csv
689,0,0,0,Reader_2_12.csv
689,1,1,0,Reader_2_2.csv
689,0,0,0,Reader_2_3.csv
689,0,0,0,Reader_2_4.csv
689,1,1,0,Reader_2_5.csv
689,0,0,0,Reader_2_6.csv
689,0,0,0,Reader_2_7.csv
689,0,0,0,Reader_2_8.csv
689,0,0,0,Reader_2_9.csv
689,14,9,5,reader_3_1.csv
689,12,11,1,Reader_3_2.csv
689,5,4,1,Reader_3_3.csv
689,5,4,1,Reader_3_4.csv
689,4,3,1,Reader_3_5.csv
689,8,5,3,Reader_3_6.csv
689,1,1,0,Reader_3_7.csv
690,8,6,2,Reader_1_1.csv
690,2,2,0,Reader_1_10.csv
690,2,2,0,Reader_1_11.csv
690,0,0,0,Reader_1_12.csv
690,1,1,0,Reader_1_2.csv
690,0,0,0,Reader_1_3.csv
690,1,1,0,Reader_1_4.csv
690,0,0,0,Reader_1_5.csv
690,2,1,1,Reader_1_6.csv
690,0,0,0,Reader_1_7.csv
690,0,0,0,Reader_1_8.csv
690,0,0,0,Reader_1_9.csv
690,2,2,0,Reader_2_1.csv
690,0,0,0,Reader_2_10.csv
690,0,0,0,Reader_2_11.csv
690,0,0,0,Reader_2_12.csv
690,0,0,0,Reader_2_2.csv
690,0,0,0,Reader_2_3.csv
690,0,0,0,Reader_2_4.csv
690,0,0,0,Reader_2_5.csv
690,1,1,0,Reader_2_6.csv
690,0,0,0,Reader_2_7.csv
690,0,0,0,Reader_2_8.csv
690,0,0,0,Reader_2_9.csv
690,17,10,7,reader_3_1.csv
690,13,12,1,Reader_3_2.csv
690,5,4,1,Reader_3_3.csv
690,5,4,1,Reader_3_4.csv
690,4,3,1,Reader_3_5.csv
690,6,3,3,Reader_3_6.csv
690,2,2,0,Reader_3_7.csv
691,10,8,2,Reader_1_1.csv
691,2,2,0,Reader_1_10.csv
691,1,1,0,Reader_1_11.csv
691,0,0,0,Reader_1_12.csv
691,1,1,0,Reader_1_2.csv
691,0,0,0,Reader_1_3.csv
691,1,1,0,Reader_1_4.csv
691,0,0,0,Reader_1_5.csv
691,1,0,1,Reader_1_6.csv
691,0,0,0,Reader_1_7.csv
691,1,0,1,Reader_1_8.csv
691,0,0,0,Reader_1_9.csv
691,2,2,0,Reader_2_1.csv
691,0,0,0,Reader_2_10.csv
691,1,0,1,Reader_2_11.csv
691,1,1,0,Reader_2_12.csv
691,0,0,0,Reader_2_2.csv
691,0,0,0,Reader_2_3.csv
691,0,0,0,Reader_2_4.csv
691,0,0,0,Reader_2_5.csv
691,1,1,0,Reader_2_6.csv
691,0,0,0,Reader_2_7.csv
691,0,0,0,Reader_2_8.csv
691,0,0,0,Reader_2_9.csv
691,18,10,8,reader_3_1.csv
691,11,10,1,Reader_3_2.csv
691,6,4,2,Reader_3_3.csv
691,6,4,2,Reader_3_4.csv
691,4,3,1,Reader_3_5.csv
691,6,3,3,Reader_3_6.csv
691,2,2,0,Reader_3_7.csv
692,10,7,3,Reader_1_1.csv
692,2,2,0,Reader_1_10.csv
692,1,1,0,Reader_1_11.csv
692,0,0,0,Reader_1_12.csv
692,1,1,0,Reader_1_2.csv
692,0,0,0,Reader_1_3.csv
692,1,1,0,Reader_1_4.csv
692,0,0,0,Reader_1_5.csv
692,2,1,1,Reader_1_6.csv
692,0,0,0,Reader_1_7.csv
692,1,0,1,Reader_1_8.csv
692,0,0,0,Reader_1_9.csv
692,4,3,1,Reader_2_1.csv
692,0,0,0,Reader_2_10.csv
692,1,0,1,Reader_2_11.csv
692,1,1,0,Reader_2_12.csv
692,0,0,0,Reader_2_2.csv
692,0,0,0,Reader_2_3.csv
692,0,0,0,Reader_2_4.csv
692,0,0,0,Reader_2_5.csv
692,1,1,0,Reader_2_6.csv
692,0,0,0,Reader_2_7.csv
692,0,0,0,Reader_2_8.csv
692,0,0,0,Reader_2_9.csv
692,19,10,9,reader_3_1.csv
692,12,11,1,Reader_3_2.csv
692,6,4,2,Reader_3_3.csv
692,6,4,2,Reader_3_4.csv
692,5,4,1,Reader_3_5.csv
692,7,4,3,Reader_3_6.csv
692,3,3,0,Reader_3_7.csv
693,12,9,3,Reader_1_1.csv
693,2,2,0,Reader_1_10.csv
693,1,1,0,Reader_1_11.csv
693,0,0,0,Reader_1_12.csv
693,1,1,0,Reader_1_2.csv
693,1,1,0,Reader_1_3.csv
693,1,1,0,Reader_1_4.csv
693,0,0,0,Reader_1_5.csv
693,2,1,1,Reader_1_6.csv
693,0,0,0,Reader_1_7.csv
693,1,0,1,Reader_1_8.csv
693,0,0,0,Reader_1_9.csv
693,5,4,1,Reader_2_1.csv
693,0,0,0,Reader_2_10.csv
693,1,0,1,Reader_2_11.csv
693,1,1,0,Reader_2_12.csv
693,0,0,0,Reader_2_2.csv
693,0,0,0,Reader_2_3.csv
693,0,0,0,Reader_2_4.csv
693,0,0,0,Reader_2_5.csv
693,1,1,0,Reader_2_6.csv
693,0,0,0,Reader_2_7.csv
693,0,0,0,Reader_2_8.csv
693,0,0,0,Reader_2_9.csv
693,17,8,9,reader_3_1.csv
693,9,8,1,Reader_3_2.csv
693,7,5,2,Reader_3_3.csv
693,7,5,2,Reader_3_4.csv
693,6,5,1,Reader_3_5.csv
693,4,4,0,Reader_3_6.csv
693,3,3,0,Reader_3_7.csv
694,11,8,3,Reader_1_1.csv
694,1,1,0,Reader_1_10.csv
694,1,1,0,Reader_1_11.csv
694,0,0,0,Reader_1_12.csv
694,2,2,0,Reader_1_2.csv
694,2,2,0,Reader_1_3.csv
694,0,0,0,Reader_1_4.csv
694,0,0,0,Reader_1_5.csv
694,2,1,1,Reader_1_6.csv
694,0,0,0,Reader_1_7.csv
694,1,0,1,Reader_1_8.csv
694,0,0,0,Reader_1_9.csv
694,6,5,1,Reader_2_1.csv
694,0,0,0,Reader_2_10.csv
694,1,0,1,Reader_2_11.csv
694,1,1,0,Reader_2_12.csv
694,0,0,0,Reader_2_2.csv
694,0,0,0,Reader_2_3.csv
694,0,0,0,Reader_2_4.csv
694,0,0,0,Reader_2_5.csv
694,2,2,0,Reader_2_6.csv
694,1,1,0,Reader_2_7.csv
694,0,0,0,Reader_2_8.csv
694,0,0,0,Reader_2_9.csv
694,15,9,6,reader_3_1.csv
694,7,7,0,Reader_3_2.csv
694,5,3,2,Reader_3_3.csv
694,5,3,2,Reader_3_4.csv
694,5,4,1,Reader_3_5.csv
694,5,5,0,Reader_3_6.csv
694,3,3,0,Reader_3_7.csv
695,10,8,2,Reader_1_1.csv
695,1,1,0,Reader_1_10.csv
695,0,0,0,Reader_1_11.csv
695,0,0,0,Reader_1_12.csv
695,1,1,0,Reader_1_2.csv
695,2,2,0,Reader_1_3.csv
695,0,0,0,Reader_1_4.csv
695,0,0,0,Reader_1_5.csv
695,2,1,1,Reader_1_6.csv
695,0,0,0,Reader_1_7.csv
695,1,0,1,Reader_1_8.csv
695,0,0,0,Reader_1_9.csv
695,6,5,1,Reader_2_1.csv
695,0,0,0,Reader_2_10.csv
695,1,0,1,Reader_2_11.csv
695,1,1,0,Reader_2_12.csv
695,0,0,0,Reader_2_2.csv
695,0,0,0,Reader_2_3.csv
695,0,0,0,Reader_2_4.csv
695,0,0,0,Reader_2_5.csv
695,2,2,0,Reader_2_6.csv
695,1,1,0,Reader_2_7.csv
695,0,0,0,Reader_2_8.csv
695,0,0,0,Reader_2_9.csv
695,13,7,6,reader_3_1.csv
695,6,6,0,Reader_3_2.csv
695,5,3,2,Reader_3_3.csv
695,5,3,2,Reader_3_4.csv
695,5,4,1,Reader_3_5.csv
695,4,4,0,Reader_3_6.csv
695,3,3,0,Reader_3_7.csv
696,11,9,2,Reader_1_1.csv
696,1,1,0,Reader_1_10.csv
696,0,0,0,Reader_1_11.csv
696,0,0,0,Reader_1_12.csv
696,1,1,0,Reader_1_2.csv
696,3,3,0,Reader_1_3.csv
696,0,0,0,Reader_1_4.csv
696,0,0,0,Reader_1_5.csv
696,1,1,0,Reader_1_6.csv
696,0,0,0,Reader_1_7.csv
696,1,0,1,Reader_1_8.csv
696,0,0,0,Reader_1_9.csv
696,6,5,1,Reader_2_1.csv
696,0,0,0,Reader_2_10.csv
696,1,0,1,Reader_2_11.csv
696,1,1,0,Reader_2_12.csv
696,0,0,0,Reader_2_2.csv
696,1,1,0,Reader_2_3.csv
696,0,0,0,Reader_2_4.csv
696,0,0,0,Reader_2_5.csv
696,2,2,0,Reader_2_6.csv
696,1,1,0,Reader_2_7.csv
696,0,0,0,Reader_2_8.csv
696,0,0,0,Reader_2_9.csv
696,14,8,6,reader_3_1.csv
696,6,6,0,Reader_3_2.csv
696,5,3,2,Reader_3_3.csv
696,5,3,2,Reader_3_4.csv
696,5,4,1,Reader_3_5.csv
696,3,3,0,Reader_3_6.csv
696,2,2,0,Reader_3_7.csv
697,11,8,3,Reader_1_1.csv
697,0,0,0,Reader_1_10.csv
697,0,0,0,Reader_1_11.csv
697,0,0,0,Reader_1_12.csv
697,1,1,0,Reader_1_2.csv
697,3,3,0,Reader_1_3.csv
697,0,0,0,Reader_1_4.csv
697,0,0,0,Reader_1_5.csv
697,1,1,0,Reader_1_6.csv
697,0,0,0,Reader_1_7.csv
697,1,0,1,Reader_1_8.csv
697,0,0,0,Reader_1_9.csv
697,5,4,1,Reader_2_1.csv
697,0,0,0,Reader_2_10.csv
697,1,0,1,Reader_2_11.csv
697,1,1,0,Reader_2_12.csv
697,0,0,0,Reader_2_2.csv
697,1,1,0,Reader_2_3.csv
697,0,0,0,Reader_2_4.csv
697,1,1,0,Reader_2_5.csv
697,2,2,0,Reader_2_6.csv
697,1,1,0,Reader_2_7.csv
697,0,0,0,Reader_2_8.csv
697,0,0,0,Reader_2_9.csv
697,9,4,5,reader_3_1.csv
697,5,5,0,Reader_3_2.csv
697,2,1,1,Reader_3_3.csv
697,2,1,1,Reader_3_4.csv
697,3,3,0,Reader_3_5.csv
697,3,3,0,Reader_3_6.csv
697,2,2,0,Reader_3_7.csv
698,13,10,3,Reader_1_1.csv
698,0,0,0,Reader_1_10.csv
698,0,0,0,Reader_1_11.csv
698,0,0,0,Reader_1_12.csv
698,2,2,0,Reader_1_2.csv
698,3,3,0,Reader_1_3.csv
698,0,0,0,Reader_1_4.csv
698,0,0,0,Reader_1_5.csv
698,1,1,0,Reader_1_6.csv
698,1,0,1,Reader_1_7.csv
698,1,0,1,Reader_1_8.csv
698,0,0,0,Reader_1_9.csv
698,4,3,1,Reader_2_1.csv
698,0,0,0,Reader_2_10.csv
698,1,0,1,Reader_2_11.csv
698,1,1,0,Reader_2_12.csv
698,0,0,0,Reader_2_2.csv
698,1,1,0,Reader_2_3.csv
698,0,0,0,Reader_2_4.csv
698,1,1,0,Reader_2_5.csv
698,1,1,0,Reader_2_6.csv
698,1,1,0,Reader_2_7.csv
698,0,0,0,Reader_2_8.csv
698,0,0,0,Reader_2_9.csv
698,7,3,4,reader_3_1.csv
698,4,4,0,Reader_3_2.csv
698,2,1,1,Reader_3_3.csv
698,2,1,1,Reader_3_4.csv
698,3,3,0,Reader_3_5.csv
698,4,4,0,Reader_3_6.csv
698,1,1,0,Reader_3_7.csv
699,12,9,3,Reader_1_1.csv
699,0,0,0,Reader_1_10.csv
699,1,1,0,Reader_1_11.csv
699,0,0,0,Reader_1_12.csv
699,2,2,0,Reader_1_2.csv
699,3,3,0,Reader_1_3.csv
699,0,0,0,Reader_1_4.csv
699,0,0,0,Reader_1_5.csv
699,1,1,0,Reader_1_6.csv
699,1,0,1,Reader_1_7.csv
699,1,1,0,Reader_1_8.csv
699,0,0,0,Reader_1_9.csv
699,4,3,1,Reader_2_1.csv
699,1,0,1,Reader_2_10.csv
699,1,1,0,Reader_2_11.csv
699,0,0,0,Reader_2_12.csv
699,0,0,0,Reader_2_2.csv
699,1,1,0,Reader_2_3.csv
699,0,0,0,Reader_2_4.csv
699,1,1,0,Reader_2_5.csv
699,1,1,0,Reader_2_6.csv
699,1,1,0,Reader_2_7.csv
699,0,0,0,Reader_2_8.csv
699,0,0,0,Reader_2_9.csv
699,10,5,5,reader_3_1.csv
699,6,6,0,Reader_3_2.csv
699,2,1,1,Reader_3_3.csv
699,2,1,1,Reader_3_4.csv
699,3,3,0,Reader_3_5.csv
699,4,4,0,Reader_3_6.csv
699,1,1,0,Reader_3_7.csv
700,11,9,2,Reader_1_1.csv
700,0,0,0,Reader_1_10.csv
700,1,1,0,Reader_1_11.csv
700,0,0,0,Reader_1_12.csv
700,2,2,0,Reader_1_2.csv
700,4,4,0,Reader_1_3.csv
700,0,0,0,Reader_1_4.csv
700,0,0,0,Reader_1_5.csv
700,0,0,0,Reader_1_6.csv
700,1,0,1,Reader_1_7.csv
700,1,1,0,Reader_1_8.csv
700,0,0,0,Reader_1_9.csv
700,2,2,0,Reader_2_1.csv
700,1,0,1,Reader_2_10.csv
700,1,1,0,Reader_2_11.csv
700,0,0,0,Reader_2_12.csv
700,0,0,0,Reader_2_2.csv
700,1,1,0,Reader_2_3.csv
700,0,0,0,Reader_2_4.csv
700,1,1,0,Reader_2_5.csv
700,2,2,0,Reader_2_6.csv
700,1,1,0,Reader_2_7.csv
700,0,0,0,Reader_2_8.csv
700,0,0,0,Reader_2_9.csv
700,12,7,5,reader_3_1.csv
700,5,5,0,Reader_3_2.csv
700,2,1,1,Reader_3_3.csv
700,2,1,1,Reader_3_4.csv
700,2,2,0,Reader_3_5.csv
700,3,3,0,Reader_3_6.csv
700,0,0,0,Reader_3_7.csv
701,9,7,2,Reader_1_1.csv
701,0,0,0,Reader_1_10.csv
701,1,1,0,Reader_1_11.csv
701,1,1,0,Reader_1_12.csv
701,2,2,0,Reader_1_2.csv
701,3,3,0,Reader_1_3.csv
701,0,0,0,Reader_1_4.csv
701,1,1,0,Reader_1_5.csv
701,1,1,0,Reader_1_6.csv
701,1,0,1,Reader_1_7.csv
701,1,1,0,Reader_1_8.csv
701,0,0,0,Reader_1_9.csv
701,2,2,0,Reader_2_1.csv
701,1,0,1,Reader_2_10.csv
701,1,1,0,Reader_2_11.csv
701,0,0,0,Reader_2_12.csv
701,0,0,0,Reader_2_2.csv
701,1,1,0,Reader_2_3.csv
701,0,0,0,Reader_2_4.csv
701,1,1,0,Reader_2_5.csv
701,3,3,0,Reader_2_6.csv
701,1,1,0,Reader_2_7.csv
701,0,0,0,Reader_2_8.csv
701,0,0,0,Reader_2_9.csv
701,12,7,5,reader_3_1.csv
701,4,4,0,Reader_3_2.csv
701,1,0,1,Reader_3_3.csv
701,1,0,1,Reader_3_4.csv
701,1,1,0,Reader_3_5.csv
701,3,3,0,Reader_3_6.csv
701,0,0,0,Reader_3_7.csv
702,8,6,2,Reader_1_1.csv
702,0,0,0,Reader_1_10.csv
702,1,1,0,Reader_1_11.csv
702,1,1,0,Reader_1_12.csv
702,3,3,0,Reader_1_2.csv
702,2,2,0,Reader_1_3.csv
702,0,0,0,Reader_1_4.csv
702,1,1,0,Reader_1_5.csv
702,1,1,0,Reader_1_6.csv
702,1,0,1,Reader_1_7.csv
702,1,1,0,Reader_1_8.csv
702,0,0,0,Reader_1_9.csv
702,1,1,0,Reader_2_1.csv
702,1,0,1,Reader_2_10.csv
702,1,1,0,Reader_2_11.csv
702,0,0,0,Reader_2_12.csv
702,0,0,0,Reader_2_2.csv
702,2,2,0,Reader_2_3.csv
702,0,0,0,Reader_2_4.csv
702,2,1,1,Reader_2_5.csv
702,2,2,0,Reader_2_6.csv
702,0,0,0,Reader_2_7.csv
702,0,0,0,Reader_2_8.csv
702,0,0,0,Reader_2_9.csv
702,11,6,5,reader_3_1.csv
702,6,6,0,Reader_3_2.csv
702,1,0,1,Reader_3_3.csv
702,1,0,1,Reader_3_4.csv
702,1,1,0,Reader_3_5.csv
702,2,2,0,Reader_3_6.csv
702,1,1,0,Reader_3_7.csv
703,9,7,2,Reader_1_1.csv
703,1,1,0,Reader_1_10.csv
703,2,2,0,Reader_1_11.csv
703,1,1,0,Reader_1_12.csv
703,3,3,0,Reader_1_2.csv
703,2,2,0,Reader_1_3.csv
703,0,0,0,Reader_1_4.csv
703,1,1,0,Reader_1_5.csv
703,1,1,0,Reader_1_6.csv
703,1,0,1,Reader_1_7.csv
703,1,1,0,Reader_1_8.csv
703,0,0,0,Reader_1_9.csv
703,1,1,0,Reader_2_1.csv
703,1,0,1,Reader_2_10.csv
703,1,1,0,Reader_2_11.csv
703,0,0,0,Reader_2_12.csv
703,0,0,0,Reader_2_2.csv
703,2,2,0,Reader_2_3.csv
703,0,0,0,Reader_2_4.csv
703,3,2,1,Reader_2_5.csv
703,2,2,0,Reader_2_6.csv
703,0,0,0,Reader_2_7.csv
703,0,0,0,Reader_2_8.csv
703,0,0,0,Reader_2_9.csv
703,11,6,5,reader_3_1.csv
703,5,5,0,Reader_3_2.csv
703,1,0,1,Reader_3_3.csv
703,1,0,1,Reader_3_4.csv
703,1,1,0,Reader_3_5.csv
703,2,2,0,Reader_3_6.csv
703,1,1,0,Reader_3_7.csv
704,11,8,3,Reader_1_1.csv
704,1,1,0,Reader_1_10.csv
704,3,3,0,Reader_1_11.csv
704,1,1,0,Reader_1_12.csv
704,3,3,0,Reader_1_2.csv
704,1,1,0,Reader_1_3.csv
704,0,0,0,Reader_1_4.csv
704,1,1,0,Reader_1_5.csv
704,1,1,0,Reader_1_6.csv
704,1,0,1,Reader_1_7.csv
704,1,1,0,Reader_1_8.csv
704,0,0,0,Reader_1_9.csv
704,2,1,1,Reader_2_1.csv
704,1,0,1,Reader_2_10.csv
704,1,1,0,Reader_2_11.csv
704,0,0,0,Reader_2_12.csv
704,0,0,0,Reader_2_2.csv
704,1,1,0,Reader_2_3.csv
704,0,0,0,Reader_2_4.csv
704,3,2,1,Reader_2_5.csv
704,2,2,0,Reader_2_6.csv
704,0,0,0,Reader_2_7.csv
704,0,0,0,Reader_2_8.csv
704,0,0,0,Reader_2_9.csv
704,13,8,5,reader_3_1.csv
704,5,5,0,Reader_3_2.csv
704,2,1,1,Reader_3_3.csv
704,2,1,1,Reader_3_4.csv
704,3,3,0,Reader_3_5.csv
704,2,1,1,Reader_3_6.csv
704,2,2,0,Reader_3_7.csv
705,9,8,1,Reader_1_1.csv
705,1,1,0,Reader_1_10.csv
705,3,3,0,Reader_1_11.csv
705,1,1,0,Reader_1_12.csv
705,3,3,0,Reader_1_2.csv
705,1,1,0,Reader_1_3.csv
705,0,0,0,Reader_1_4.csv
705,1,1,0,Reader_1_5.csv
705,1,1,0,Reader_1_6.csv
705,1,0,1,Reader_1_7.csv
705,1,1,0,Reader_1_8.csv
705,0,0,0,Reader_1_9.csv
705,2,1,1,Reader_2_1.csv
705,1,0,1,Reader_2_10.csv
705,1,1,0,Reader_2_11.csv
705,0,0,0,Reader_2_12.csv
705,0,0,0,Reader_2_2.csv
705,1,1,0,Reader_2_3.csv
705,0,0,0,Reader_2_4.csv
705,2,1,1,Reader_2_5.csv
705,2,2,0,Reader_2_6.csv
705,0,0,0,Reader_2_7.csv
705,0,0,0,Reader_2_8.csv
705,0,0,0,Reader_2_9.csv
705,14,9,5,reader_3_1.csv
705,5,5,0,Reader_3_2.csv
705,2,1,1,Reader_3_3.csv
705,2,1,1,Reader_3_4.csv
705,3,3,0,Reader_3_5.csv
705,2,1,1,Reader_3_6.csv
705,2,2,0,Reader_3_7.csv
706,9,7,2,Reader_1_1.csv
706,1,1,0,Reader_1_10.csv
706,3,3,0,Reader_1_11.csv
706,1,1,0,Reader_1_12.csv
706,3,3,0,Reader_1_2.csv
706,1,1,0,Reader_1_3.csv
706,0,0,0,Reader_1_4.csv
706,1,1,0,Reader_1_5.csv
706,1,1,0,Reader_1_6.csv
706,0,0,0,Reader_1_7.csv
706,1,1,0,Reader_1_8.csv
706,0,0,0,Reader_1_9.csv
706,4,2,2,Reader_2_1.csv
706,1,0,1,Reader_2_10.csv
706,1,1,0,Reader_2_11.csv
706,0,0,0,Reader_2_12.csv
706,0,0,0,Reader_2_2.csv
706,1,1,0,Reader_2_3.csv
706,0,0,0,Reader_2_4.csv
706,2,1,1,Reader_2_5.csv
706,2,2,0,Reader_2_6.csv
706,0,0,0,Reader_2_7.csv
706,0,0,0,Reader_2_8.csv
706,0,0,0,Reader_2_9.csv
706,13,9,4,reader_3_1.csv
706,5,5,0,Reader_3_2.csv
706,4,3,1,Reader_3_3.csv
706,4,3,1,Reader_3_4.csv
706,3,3,0,Reader_3_5.csv
706,1,0,1,Reader_3_6.csv
706,2,2,0,Reader_3_7.csv
707,9,7,2,Reader_1_1.csv
707,1,1,0,Reader_1_10.csv
707,3,3,0,Reader_1_11.csv
707,1,1,0,Reader_1_12.csv
707,5,5,0,Reader_1_2.csv
707,1,1,0,Reader_1_3.csv
707,0,0,0,Reader_1_4.csv
707,1,1,0,Reader_1_5.csv
707,1,1,0,Reader_1_6.csv
707,0,0,0,Reader_1_7.csv
707,0,0,0,Reader_1_8.csv
707,0,0,0,Reader_1_9.csv
707,4,2,2,Reader_2_1.csv
707,0,0,0,Reader_2_10.csv
707,0,0,0,Reader_2_11.csv
707,0,0,0,Reader_2_12.csv
707,0,0,0,Reader_2_2.csv
707,2,2,0,Reader_2_3.csv
707,0,0,0,Reader_2_4.csv
707,3,2,1,Reader_2_5.csv
707,2,2,0,Reader_2_6.csv
707,0,0,0,Reader_2_7.csv
707,0,0,0,Reader_2_8.csv
707,0,0,0,Reader_2_9.csv
707,10,7,3,reader_3_1.csv
707,4,4,0,Reader_3_2.csv
707,3,3,0,Reader_3_3.csv
707,3,3,0,Reader_3_4.csv
707,5,5,0,Reader_3_5.csv
707,1,0,1,Reader_3_6.csv
707,2,2,0,Reader_3_7.csv
708,9,7,2,Reader_1_1.csv
708,1,1,0,Reader_1_10.csv
708,3,3,0,Reader_1_11.csv
708,1,1,0,Reader_1_12.csv
708,7,7,0,Reader_1_2.csv
708,0,0,0,Reader_1_3.csv
708,0,0,0,Reader_1_4.csv
708,1,1,0,Reader_1_5.csv
708,1,1,0,Reader_1_6.csv
708,0,0,0,Reader_1_7.csv
708,0,0,0,Reader_1_8.csv
708,0,0,0,Reader_1_9.csv
708,4,2,2,Reader_2_1.csv
708,0,0,0,Reader_2_10.csv
708,0,0,0,Reader_2_11.csv
708,0,0,0,Reader_2_12.csv
708,0,0,0,Reader_2_2.csv
708,2,2,0,Reader_2_3.csv
708,0,0,0,Reader_2_4.csv
708,5,4,1,Reader_2_5.csv
708,1,1,0,Reader_2_6.csv
708,0,0,0,Reader_2_7.csv
708,0,0,0,Reader_2_8.csv
708,0,0,0,Reader_2_9.csv
708,10,7,3,reader_3_1.csv
708,4,4,0,Reader_3_2.csv
708,3,3,0,Reader_3_3.csv
708,3,3,0,Reader_3_4.csv
708,5,5,0,Reader_3_5.csv
708,1,0,1,Reader_3_6.csv
708,5,5,0,Reader_3_7.csv
709,10,8,2,Reader_1_1.csv
709,1,1,0,Reader_1_10.csv
709,3,3,0,Reader_1_11.csv
709,0,0,0,Reader_1_12.csv
709,7,7,0,Reader_1_2.csv
709,0,0,0,Reader_1_3.csv
709,0,0,0,Reader_1_4.csv
709,1,1,0,Reader_1_5.csv
709,0,0,0,Reader_1_6.csv
709,0,0,0,Reader_1_7.csv
709,0,0,0,Reader_1_8.csv
709,0,0,0,Reader_1_9.csv
709,3,1,2,Reader_2_1.csv
709,0,0,0,Reader_2_10.csv
709,0,0,0,Reader_2_11.csv
709,0,0,0,Reader_2_12.csv
709,0,0,0,Reader_2_2.csv
709,2,2,0,Reader_2_3.csv
709,0,0,0,Reader_2_4.csv
709,6,5,1,Reader_2_5.csv
709,0,0,0,Reader_2_6.csv
709,0,0,0,Reader_2_7.csv
709,0,0,0,Reader_2_8.csv
709,0,0,0,Reader_2_9.csv
709,14,10,4,reader_3_1.csv
709,5,4,1,Reader_3_2.csv
709,3,3,0,Reader_3_3.csv
709,3,3,0,Reader_3_4.csv
709,7,6,1,Reader_3_5.csv
709,1,0,1,Reader_3_6.csv
709,6,6,0,Reader_3_7.csv
710,11,9,2,Reader_1_1.csv
710,1,1,0,Reader_1_10.csv
710,3,3,0,Reader_1_11.csv
710,0,0,0,Reader_1_12.csv
710,7,7,0,Reader_1_2.csv
710,0,0,0,Reader_1_3.csv
710,0,0,0,Reader_1_4.csv
710,1,1,0,Reader_1_5.csv
710,0,0,0,Reader_1_6.csv
710,0,0,0,Reader_1_7.csv
710,0,0,0,Reader_1_8.csv
710,0,0,0,Reader_1_9.csv
710,3,1,2,Reader_2_1.csv
710,0,0,0,Reader_2_10.csv
710,0,0,0,Reader_2_11.csv
710,0,0,0,Reader_2_12.csv
710,0,0,0,Reader_2_2.csv
710,1,1,0,Reader_2_3.csv
710,0,0,0,Reader_2_4.csv
710,5,5,0,Reader_2_5.csv
710,0,0,0,Reader_2_6.csv
710,0,0,0,Reader_2_7.csv
710,0,0,0,Reader_2_8.csv
710,0,0,0,Reader_2_9.csv
710,15,10,5,reader_3_1.csv
710,4,3,1,Reader_3_2.csv
710,3,3,0,Reader_3_3.csv
710,3,3,0,Reader_3_4.csv
710,7,6,1,Reader_3_5.csv
710,1,0,1,Reader_3_6.csv
710,5,5,0,Reader_3_7.csv
711,10,8,2,Reader_1_1.csv
711,0,0,0,Reader_1_10.csv
711,2,2,0,Reader_1_11.csv
711,0,0,0,Reader_1_12.csv
711,8,8,0,Reader_1_2.csv
711,1,0,1,Reader_1_3.csv
711,0,0,0,Reader_1_4.csv
711,1,1,0,Reader_1_5.csv
711,0,0,0,Reader_1_6.csv
711,0,0,0,Reader_1_7.csv
711,0,0,0,Reader_1_8.csv
711,0,0,0,Reader_1_9.csv
711,3,1,2,Reader_2_1.csv
711,0,0,0,Reader_2_10.csv
711,0,0,0,Reader_2_11.csv
711,0,0,0,Reader_2_12.csv
711,0,0,0,Reader_2_2.csv
711,1,1,0,Reader_2_3.csv
711,0,0,0,Reader_2_4.csv
711,6,6,0,Reader_2_5.csv
711,0,0,0,Reader_2_6.csv
711,0,0,0,Reader_2_7.csv
711,0,0,0,Reader_2_8.csv
711,0,0,0,Reader_2_9.csv
711,17,11,6,reader_3_1.csv
711,5,4,1,Reader_3_2.csv
711,3,3,0,Reader_3_3.csv
711,3,3,0,Reader_3_4.csv
711,9,8,1,Reader_3_5.csv
711,1,0,1,Reader_3_6.csv
711,6,5,1,Reader_3_7.csv
712,8,7,1,Reader_1_1.csv
712,0,0,0,Reader_1_10.csv
712,1,1,0,Reader_1_11.csv
712,0,0,0,Reader_1_12.csv
712,9,9,0,Reader_1_2.csv
712,1,0,1,Reader_1_3.csv
712,0,0,0,Reader_1_4.csv
712,1,1,0,Reader_1_5.csv
712,0,0,0,Reader_1_6.csv
712,0,0,0,Reader_1_7.csv
712,0,0,0,Reader_1_8.csv
712,0,0,0,Reader_1_9.csv
712,2,1,1,Reader_2_1.csv
712,0,0,0,Reader_2_10.csv
712,0,0,0,Reader_2_11.csv
712,0,0,0,Reader_2_12.csv
712,0,0,0,Reader_2_2.csv
712,2,2,0,Reader_2_3.csv
712,0,0,0,Reader_2_4.csv
712,7,6,1,Reader_2_5.csv
712,0,0,0,Reader_2_6.csv
712,0,0,0,Reader_2_7.csv
712,0,0,0,Reader_2_8.csv
712,0,0,0,Reader_2_9.csv
712,14,9,5,reader_3_1.csv
712,5,4,1,Reader_3_2.csv
712,2,2,0,Reader_3_3.csv
712,2,2,0,Reader_3_4.csv
712,8,7,1,Reader_3_5.csv
712,0,0,0,Reader_3_6.csv
712,5,4,1,Reader_3_7.csv
713,9,8,1,Reader_1_1.csv
713,0,0,0,Reader_1_10.csv
713,1,1,0,Reader_1_11.csv
713,0,0,0,Reader_1_12.csv
713,9,9,0,Reader_1_2.csv
713,1,0,1,Reader_1_3.csv
713,0,0,0,Reader_1_4.csv
713,1,1,0,Reader_1_5.csv
713,0,0,0,Reader_1_6.csv
713,0,0,0,Reader_1_7.csv
713,0,0,0,Reader_1_8.csv
713,0,0,0,Reader_1_9.csv
713,2,1,1,Reader_2_1.csv
713,0,0,0,Reader_2_10.csv
713,0,0,0,Reader_2_11.csv
713,0,0,0,Reader_2_12.csv
713,0,0,0,Reader_2_2.csv
713,2,2,0,Reader_2_3.csv
713,0,0,0,Reader_2_4.csv
713,7,6,1,Reader_2_5.csv
713,0,0,0,Reader_2_6.csv
713,0,0,0,Reader_2_7.csv
713,0,0,0,Reader_2_8.csv
713,0,0,0,Reader_2_9.csv
713,15,9,6,reader_3_1.csv
713,6,4,2,Reader_3_2.csv
713,2,2,0,Reader_3_3.csv
713,2,2,0,Reader_3_4.csv
713,7,6,1,Reader_3_5.csv
713,0,0,0,Reader_3_6.csv
713,7,6,1,Reader_3_7.csv
714,6,6,0,Reader_1_1.csv
714,0,0,0,Reader_1_10.csv
714,1,1,0,Reader_1_11.csv
714,0,0,0,Reader_1_12.csv
714,9,8,1,Reader_1_2.csv
714,1,0,1,Reader_1_3.csv
714,0,0,0,Reader_1_4.csv
714,1,1,0,Reader_1_5.csv
714,0,0,0,Reader_1_6.csv
714,0,0,0,Reader_1_7.csv
714,0,0,0,Reader_1_8.csv
714,0,0,0,Reader_1_9.csv
714,0,0,0,Reader_2_1.csv
714,0,0,0,Reader_2_10.csv
714,0,0,0,Reader_2_11.csv
714,0,0,0,Reader_2_12.csv
714,0,0,0,Reader_2_2.csv
714,2,2,0,Reader_2_3.csv
714,0,0,0,Reader_2_4.csv
714,7,6,1,Reader_2_5.csv
714,0,0,0,Reader_2_6.csv
714,0,0,0,Reader_2_7.csv
714,0,0,0,Reader_2_8.csv
714,0,0,0,Reader_2_9.csv
714,14,8,6,reader_3_1.csv
714,7,5,2,Reader_3_2.csv
714,0,0,0,Reader_3_3.csv
714,0,0,0,Reader_3_4.csv
714,7,6,1,Reader_3_5.csv
714,0,0,0,Reader_3_6.csv
714,8,7,1,Reader_3_7.csv
715,6,5,1,Reader_1_1.csv
715,0,0,0,Reader_1_10.csv
715,0,0,0,Reader_1_11.csv
715,0,0,0,Reader_1_12.csv
715,7,6,1,Reader_1_2.csv
715,1,0,1,Reader_1_3.csv
715,0,0,0,Reader_1_4.csv
715,1,1,0,Reader_1_5.csv
715,0,0,0,Reader_1_6.csv
715,0,0,0,Reader_1_7.csv
715,0,0,0,Reader_1_8.csv
715,0,0,0,Reader_1_9.csv
715,1,1,0,Reader_2_1.csv
715,0,0,0,Reader_2_10.csv
715,0,0,0,Reader_2_11.csv
715,1,0,1,Reader_2_12.csv
715,0,0,0,Reader_2_2.csv
715,1,1,0,Reader_2_3.csv
715,0,0,0,Reader_2_4.csv
715,6,5,1,Reader_2_5.csv
715,0,0,0,Reader_2_6.csv
715,0,0,0,Reader_2_7.csv
715,0,0,0,Reader_2_8.csv
715,0,0,0,Reader_2_9.csv
715,13,8,5,reader_3_1.csv
715,8,6,2,Reader_3_2.csv
715,1,0,1,Reader_3_3.csv
715,1,0,1,Reader_3_4.csv
715,5,4,1,Reader_3_5.csv
715,0,0,0,Reader_3_6.csv
715,9,8,1,Reader_3_7.csv
716,5,4,1,Reader_1_1.csv
716,0,0,0,Reader_1_10.csv
716,0,0,0,Reader_1_11.csv
716,0,0,0,Reader_1_12.csv
716,6,5,1,Reader_1_2.csv
716,1,0,1,Reader_1_3.csv
716,0,0,0,Reader_1_4.csv
716,2,2,0,Reader_1_5.csv
716,0,0,0,Reader_1_6.csv
716,0,0,0,Reader_1_7.csv
716,0,0,0,Reader_1_8.csv
716,0,0,0,Reader_1_9.csv
716,1,1,0,Reader_2_1.csv
716,0,0,0,Reader_2_10.csv
716,0,0,0,Reader_2_11.csv
716,1,0,1,Reader_2_12.csv
716,0,0,0,Reader_2_2.csv
716,2,2,0,Reader_2_3.csv
716,0,0,0,Reader_2_4.csv
716,4,3,1,Reader_2_5.csv
716,0,0,0,Reader_2_6.csv
716,0,0,0,Reader_2_7.csv
716,0,0,0,Reader_2_8.csv
716,0,0,0,Reader_2_9.csv
716,11,7,4,reader_3_1.csv
716,8,6,2,Reader_3_2.csv
716,2,1,1,Reader_3_3.csv
716,2,1,1,Reader_3_4.csv
716,5,4,1,Reader_3_5.csv
716,0,0,0,Reader_3_6.csv
716,6,5,1,Reader_3_7.csv
717,5,3,2,Reader_1_1.csv
717,0,0,0,Reader_1_10.csv
717,0,0,0,Reader_1_11.csv
717,1,1,0,Reader_1_12.csv
717,7,5,2,Reader_1_2.csv
717,2,1,1,Reader_1_3.csv
717,0,0,0,Reader_1_4.csv
717,1,1,0,Reader_1_5.csv
717,0,0,0,Reader_1_6.csv
717,0,0,0,Reader_1_7.csv
717,0,0,0,Reader_1_8.csv
717,0,0,0,Reader_1_9.csv
717,1,1,0,Reader_2_1.csv
717,0,0,0,Reader_2_10.csv
717,0,0,0,Reader_2_11.csv
717,2,1,1,Reader_2_12.csv
717,0,0,0,Reader_2_2.csv
717,2,2,0,Reader_2_3.csv
717,0,0,0,Reader_2_4.csv
717,4,3,1,Reader_2_5.csv
717,0,0,0,Reader_2_6.csv
717,0,0,0,Reader_2_7.csv
717,0,0,0,Reader_2_8.csv
717,0,0,0,Reader_2_9.csv
717,7,4,3,reader_3_1.csv
717,7,6,1,Reader_3_2.csv
717,4,2,2,Reader_3_3.csv
717,4,2,2,Reader_3_4.csv
717,3,3,0,Reader_3_5.csv
717,0,0,0,Reader_3_6.csv
717,5,4,1,Reader_3_7.csv
718,6,4,2,Reader_1_1.csv
718,0,0,0,Reader_1_10.csv
718,0,0,0,Reader_1_11.csv
718,1,1,0,Reader_1_12.csv
718,5,3,2,Reader_1_2.csv
718,2,1,1,Reader_1_3.csv
718,0,0,0,Reader_1_4.csv
718,1,1,0,Reader_1_5.csv
718,0,0,0,Reader_1_6.csv
718,0,0,0,Reader_1_7.csv
718,0,0,0,Reader_1_8.csv
718,0,0,0,Reader_1_9.csv
718,1,1,0,Reader_2_1.csv
718,0,0,0,Reader_2_10.csv
718,0,0,0,Reader_2_11.csv
718,2,1,1,Reader_2_12.csv
718,0,0,0,Reader_2_2.csv
718,2,2,0,Reader_2_3.csv
718,0,0,0,Reader_2_4.csv
718,4,3,1,Reader_2_5.csv
718,0,0,0,Reader_2_6.csv
718,0,0,0,Reader_2_7.csv
718,0,0,0,Reader_2_8.csv
718,0,0,0,Reader_2_9.csv
718,7,5,2,reader_3_1.csv
718,7,6,1,Reader_3_2.csv
718,4,2,2,Reader_3_3.csv
718,4,2,2,Reader_3_4.csv
718,3,3,0,Reader_3_5.csv
718,0,0,0,Reader_3_6.csv
718,4,4,0,Reader_3_7.csv
719,8,6,2,Reader_1_1.csv
719,0,0,0,Reader_1_10.csv
719,1,1,0,Reader_1_11.csv
719,1,1,0,Reader_1_12.csv
719,4,2,2,Reader_1_2.csv
719,2,2,0,Reader_1_3.csv
719,0,0,0,Reader_1_4.csv
719,1,1,0,Reader_1_5.csv
719,0,0,0,Reader_1_6.csv
719,0,0,0,Reader_1_7.csv
719,0,0,0,Reader_1_8.csv
719,0,0,0,Reader_1_9.csv
719,1,1,0,Reader_2_1.csv
719,0,0,0,Reader_2_10.csv
719,0,0,0,Reader_2_11.csv
719,2,1,1,Reader_2_12.csv
719,0,0,0,Reader_2_2.csv
719,3,3,0,Reader_2_3.csv
719,0,0,0,Reader_2_4.csv
719,4,1,3,Reader_2_5.csv
719,0,0,0,Reader_2_6.csv
719,1,1,0,Reader_2_7.csv
719,0,0,0,Reader_2_8.csv
719,0,0,0,Reader_2_9.csv
719,6,4,2,reader_3_1.csv
719,6,5,1,Reader_3_2.csv
719,4,2,2,Reader_3_3.csv
719,4,2,2,Reader_3_4.csv
719,1,1,0,Reader_3_5.csv
719,0,0,0,Reader_3_6.csv
719,4,4,0,Reader_3_7.csv
720,13,8,5,Reader_1_1.csv
720,0,0,0,Reader_1_10.csv
720,1,1,0,Reader_1_11.csv
720,1,1,0,Reader_1_12.csv
720,3,1,2,Reader_1_2.csv
720,2,2,0,Reader_1_3.csv
720,0,0,0,Reader_1_4.csv
720,1,1,0,Reader_1_5.csv
720,0,0,0,Reader_1_6.csv
720,0,0,0,Reader_1_7.csv
720,0,0,0,Reader_1_8.csv
720,0,0,0,Reader_1_9.csv
720,1,1,0,Reader_2_1.csv
720,0,0,0,Reader_2_10.csv
720,0,0,0,Reader_2_11.csv
720,2,1,1,Reader_2_12.csv
720,0,0,0,Reader_2_2.csv
720,2,2,0,Reader_2_3.csv
720,0,0,0,Reader_2_4.csv
720,3,1,2,Reader_2_5.csv
720,0,0,0,Reader_2_6.csv
720,1,1,0,Reader_2_7.csv
720,0,0,0,Reader_2_8.csv
720,0,0,0,Reader_2_9.csv
720,6,4,2,reader_3_1.csv
720,7,5,2,Reader_3_2.csv
720,5,3,2,Reader_3_3.csv
720,5,3,2,Reader_3_4.csv
720,0,0,0,Reader_3_5.csv
720,1,0,1,Reader_3_6.csv
720,4,4,0,Reader_3_7.csv
721,15,9,6,Reader_1_1.csv
721,0,0,0,Reader_1_10.csv
721,1,1,0,Reader_1_11.csv
721,1,1,0,Reader_1_12.csv
721,3,1,2,Reader_1_2.csv
721,2,2,0,Reader_1_3.csv
721,0,0,0,Reader_1_4.csv
721,1,1,0,Reader_1_5.csv
721,0,0,0,Reader_1_6.csv
721,0,0,0,Reader_1_7.csv
721,0,0,0,Reader_1_8.csv
721,0,0,0,Reader_1_9.csv
721,1,1,0,Reader_2_1.csv
721,0,0,0,Reader_2_10.csv
721,0,0,0,Reader_2_11.csv
721,3,1,2,Reader_2_12.csv
721,0,0,0,Reader_2_2.csv
721,2,2,0,Reader_2_3.csv
721,0,0,0,Reader_2_4.csv
721,3,1,2,Reader_2_5.csv
721,0,0,0,Reader_2_6.csv
721,1,1,0,Reader_2_7.csv
721,0,0,0,Reader_2_8.csv
721,0,0,0,Reader_2_9.csv
721,6,5,1,reader_3_1.csv
721,9,8,1,Reader_3_2.csv
721,6,4,2,Reader_3_3.csv
721,6,4,2,Reader_3_4.csv
721,0,0,0,Reader_3_5.csv
721,1,0,1,Reader_3_6.csv
721,3,3,0,Reader_3_7.csv
722,16,10,6,Reader_1_1.csv
722,0,0,0,Reader_1_10.csv
722,1,1,0,Reader_1_11.csv
722,2,2,0,Reader_1_12.csv
722,4,3,1,Reader_1_2.csv
722,3,3,0,Reader_1_3.csv
722,0,0,0,Reader_1_4.csv
722,1,1,0,Reader_1_5.csv
722,0,0,0,Reader_1_6.csv
722,0,0,0,Reader_1_7.csv
722,0,0,0,Reader_1_8.csv
722,0,0,0,Reader_1_9.csv
722,2,2,0,Reader_2_1.csv
722,0,0,0,Reader_2_10.csv
722,0,0,0,Reader_2_11.csv
722,4,1,3,Reader_2_12.csv
722,0,0,0,Reader_2_2.csv
722,3,3,0,Reader_2_3.csv
722,0,0,0,Reader_2_4.csv
722,4,1,3,Reader_2_5.csv
722,1,1,0,Reader_2_6.csv
722,1,1,0,Reader_2_7.csv
722,0,0,0,Reader_2_8.csv
722,0,0,0,Reader_2_9.csv
722,6,5,1,reader_3_1.csv
722,10,8,2,Reader_3_2.csv
722,6,4,2,Reader_3_3.csv
722,6,4,2,Reader_3_4.csv
722,1,1,0,Reader_3_5.csv
722,2,1,1,Reader_3_6.csv
722,4,2,2,Reader_3_7.csv
723,16,10,6,Reader_1_1.csv
723,0,0,0,Reader_1_10.csv
723,1,1,0,Reader_1_11.csv
723,2,2,0,Reader_1_12.csv
723,5,4,1,Reader_1_2.csv
723,4,3,1,Reader_1_3.csv
723,1,1,0,Reader_1_4.csv
723,2,2,0,Reader_1_5.csv
723,0,0,0,Reader_1_6.csv
723,0,0,0,Reader_1_7.csv
723,0,0,0,Reader_1_8.csv
723,0,0,0,Reader_1_9.csv
723,2,2,0,Reader_2_1.csv
723,0,0,0,Reader_2_10.csv
723,0,0,0,Reader_2_11.csv
723,3,1,2,Reader_2_12.csv
723,0,0,0,Reader_2_2.csv
723,4,4,0,Reader_2_3.csv
723,0,0,0,Reader_2_4.csv
723,5,1,4,Reader_2_5.csv
723,1,1,0,Reader_2_6.csv
723,1,1,0,Reader_2_7.csv
723,0,0,0,Reader_2_8.csv
723,0,0,0,Reader_2_9.csv
723,7,5,2,reader_3_1.csv
723,9,6,3,Reader_3_2.csv
723,5,4,1,Reader_3_3.csv
723,5,4,1,Reader_3_4.csv
723,1,1,0,Reader_3_5.csv
723,2,1,1,Reader_3_6.csv
723,4,2,2,Reader_3_7.csv
724,17,11,6,Reader_1_1.csv
724,0,0,0,Reader_1_10.csv
724,1,1,0,Reader_1_11.csv
724,2,2,0,Reader_1_12.csv
724,4,3,1,Reader_1_2.csv
724,4,3,1,Reader_1_3.csv
724,1,1,0,Reader_1_4.csv
724,2,2,0,Reader_1_5.csv
724,0,0,0,Reader_1_6.csv
724,0,0,0,Reader_1_7.csv
724,0,0,0,Reader_1_8.csv
724,0,0,0,Reader_1_9.csv
724,3,3,0,Reader_2_1.csv
724,0,0,0,Reader_2_10.csv
724,0,0,0,Reader_2_11.csv
724,3,1,2,Reader_2_12.csv
724,0,0,0,Reader_2_2.csv
724,3,3,0,Reader_2_3.csv
724,0,0,0,Reader_2_4.csv
724,5,1,4,Reader_2_5.csv
724,1,1,0,Reader_2_6.csv
724,1,1,0,Reader_2_7.csv
724,0,0,0,Reader_2_8.csv
724,0,0,0,Reader_2_9.csv
724,6,4,2,reader_3_1.csv
724,10,7,3,Reader_3_2.csv
724,5,4,1,Reader_3_3.csv
724,5,4,1,Reader_3_4.csv
724,1,1,0,Reader_3_5.csv
724,2,1,1,Reader_3_6.csv
724,5,3,2,Reader_3_7.csv
725,16,11,5,Reader_1_1.csv
725,0,0,0,Reader_1_10.csv
725,1,1,0,Reader_1_11.csv
725,1,1,0,Reader_1_12.csv
725,3,3,0,Reader_1_2.csv
725,4,3,1,Reader_1_3.csv
725,1,1,0,Reader_1_4.csv
725,2,2,0,Reader_1_5.csv
725,0,0,0,Reader_1_6.csv
725,0,0,0,Reader_1_7.csv
725,0,0,0,Reader_1_8.csv
725,0,0,0,Reader_1_9.csv
725,3,3,0,Reader_2_1.csv
725,0,0,0,Reader_2_10.csv
725,0,0,0,Reader_2_11.csv
725,2,0,2,Reader_2_12.csv
725,0,0,0,Reader_2_2.csv
725,3,3,0,Reader_2_3.csv
725,0,0,0,Reader_2_4.csv
725,5,1,4,Reader_2_5.csv
725,1,1,0,Reader_2_6.csv
725,1,1,0,Reader_2_7.csv
725,0,0,0,Reader_2_8.csv
725,0,0,0,Reader_2_9.csv
725,6,4,2,reader_3_1.csv
725,10,7,3,Reader_3_2.csv
725,3,3,0,Reader_3_3.csv
725,3,3,0,Reader_3_4.csv
725,1,1,0,Reader_3_5.csv
725,2,1,1,Reader_3_6.csv
725,5,3,2,Reader_3_7.csv
726,16,10,6,Reader_1_1.csv
726,0,0,0,Reader_1_10.csv
726,1,1,0,Reader_1_11.csv
726,1,1,0,Reader_1_12.csv
726,3,3,0,Reader_1_2.csv
726,4,3,1,Reader_1_3.csv
726,1,1,0,Reader_1_4.csv
726,3,3,0,Reader_1_5.csv
726,0,0,0,Reader_1_6.csv
726,0,0,0,Reader_1_7.csv
726,0,0,0,Reader_1_8.csv
726,1,1,0,Reader_1_9.csv
726,3,3,0,Reader_2_1.csv
726,0,0,0,Reader_2_10.csv
726,0,0,0,Reader_2_11.csv
726,2,0,2,Reader_2_12.csv
726,0,0,0,Reader_2_2.csv
726,4,4,0,Reader_2_3.csv
726,0,0,0,Reader_2_4.csv
726,5,1,4,Reader_2_5.csv
726,1,1,0,Reader_2_6.csv
726,1,1,0,Reader_2_7.csv
726,0,0,0,Reader_2_8.csv
726,0,0,0,Reader_2_9.csv
726,7,4,3,reader_3_1.csv
726,9,6,3,Reader_3_2.csv
726,4,4,0,Reader_3_3.csv
726,4,4,0,Reader_3_4.csv
726,2,2,0,Reader_3_5.csv
726,2,1,1,Reader_3_6.csv
726,7,5,2,Reader_3_7.csv
727,15,8,7,Reader_1_1.csv
727,1,1,0,Reader_1_10.csv
727,0,0,0,Reader_1_11.csv
727,1,1,0,Reader_1_12.csv
727,3,3,0,Reader_1_2.csv
727,3,2,1,Reader_1_3.csv
727,1,1,0,Reader_1_4.csv
727,3,3,0,Reader_1_5.csv
727,0,0,0,Reader_1_6.csv
727,0,0,0,Reader_1_7.csv
727,1,1,0,Reader_1_8.csv
727,1,1,0,Reader_1_9.csv
727,3,3,0,Reader_2_1.csv
727,0,0,0,Reader_2_10.csv
727,0,0,0,Reader_2_11.csv
727,2,0,2,Reader_2_12.csv
727,0,0,0,Reader_2_2.csv
727,3,3,0,Reader_2_3.csv
727,0,0,0,Reader_2_4.csv
727,3,1,2,Reader_2_5.csv
727,1,1,0,Reader_2_6.csv
727,0,0,0,Reader_2_7.csv
727,0,0,0,Reader_2_8.csv
727,0,0,0,Reader_2_9.csv
727,9,4,5,reader_3_1.csv
727,9,6,3,Reader_3_2.csv
727,5,5,0,Reader_3_3.csv
727,5,5,0,Reader_3_4.csv
727,2,2,0,Reader_3_5.csv
727,2,1,1,Reader_3_6.csv
727,8,5,3,Reader_3_7.csv
728,10,6,4,Reader_1_1.csv
728,1,1,0,Reader_1_10.csv
728,0,0,0,Reader_1_11.csv
728,1,1,0,Reader_1_12.csv
728,3,3,0,Reader_1_2.csv
728,3,2,1,Reader_1_3.csv
728,1,1,0,Reader_1_4.csv
728,3,3,0,Reader_1_5.csv
728,1,1,0,Reader_1_6.csv
728,1,1,0,Reader_1_7.csv
728,1,1,0,Reader_1_8.csv
728,1,1,0,Reader_1_9.csv
728,3,3,0,Reader_2_1.csv
728,0,0,0,Reader_2_10.csv
728,0,0,0,Reader_2_11.csv
728,2,0,2,Reader_2_12.csv
728,0,0,0,Reader_2_2.csv
728,3,3,0,Reader_2_3.csv
728,0,0,0,Reader_2_4.csv
728,3,1,2,Reader_2_5.csv
728,1,1,0,Reader_2_6.csv
728,0,0,0,Reader_2_7.csv
728,0,0,0,Reader_2_8.csv
728,0,0,0,Reader_2_9.csv
728,11,5,6,reader_3_1.csv
728,9,7,2,Reader_3_2.csv
728,4,4,0,Reader_3_3.csv
728,4,4,0,Reader_3_4.csv
728,2,2,0,Reader_3_5.csv
728,1,1,0,Reader_3_6.csv
728,8,5,3,Reader_3_7.csv
729,11,8,3,Reader_1_1.csv
729,1,1,0,Reader_1_10.csv
729,0,0,0,Reader_1_11.csv
729,1,1,0,Reader_1_12.csv
729,3,3,0,Reader_1_2.csv
729,4,3,1,Reader_1_3.csv
729,1,1,0,Reader_1_4.csv
729,3,3,0,Reader_1_5.csv
729,1,1,0,Reader_1_6.csv
729,1,1,0,Reader_1_7.csv
729,1,1,0,Reader_1_8.csv
729,1,1,0,Reader_1_9.csv
729,3,3,0,Reader_2_1.csv
729,0,0,0,Reader_2_10.csv
729,0,0,0,Reader_2_11.csv
729,1,0,1,Reader_2_12.csv
729,0,0,0,Reader_2_2.csv
729,3,3,0,Reader_2_3.csv
729,0,0,0,Reader_2_4.csv
729,3,1,2,Reader_2_5.csv
729,1,1,0,Reader_2_6.csv
729,0,0,0,Reader_2_7.csv
729,0,0,0,Reader_2_8.csv
729,0,0,0,Reader_2_9.csv
729,13,6,7,reader_3_1.csv
729,11,8,3,Reader_3_2.csv
729,3,3,0,Reader_3_3.csv
729,3,3,0,Reader_3_4.csv
729,2,2,0,Reader_3_5.csv
729,1,1,0,Reader_3_6.csv
729,7,4,3,Reader_3_7.csv
730,10,7,3,Reader_1_1.csv
730,1,1,0,Reader_1_10.csv
730,0,0,0,Reader_1_11.csv
730,0,0,0,Reader_1_12.csv
730,1,1,0,Reader_1_2.csv
730,3,2,1,Reader_1_3.csv
730,1,1,0,Reader_1_4.csv
730,3,3,0,Reader_1_5.csv
730,2,2,0,Reader_1_6.csv
730,1,1,0,Reader_1_7.csv
730,1,1,0,Reader_1_8.csv
730,1,1,0,Reader_1_9.csv
730,2,2,0,Reader_2_1.csv
730,0,0,0,Reader_2_10.csv
730,0,0,0,Reader_2_11.csv
730,0,0,0,Reader_2_12.csv
730,0,0,0,Reader_2_2.csv
730,3,3,0,Reader_2_3.csv
730,0,0,0,Reader_2_4.csv
730,2,1,1,Reader_2_5.csv
730,0,0,0,Reader_2_6.csv
730,0,0,0,Reader_2_7.csv
730,0,0,0,Reader_2_8.csv
730,0,0,0,Reader_2_9.csv
730,14,6,8,reader_3_1.csv
730,9,7,2,Reader_3_2.csv
730,3,3,0,Reader_3_3.csv
730,3,3,0,Reader_3_4.csv
730,2,2,0,Reader_3_5.csv
730,0,0,0,Reader_3_6.csv
730,5,4,1,Reader_3_7.csv
731,11,9,2,Reader_1_1.csv
731,1,1,0,Reader_1_10.csv
731,0,0,0,Reader_1_11.csv
731,0,0,0,Reader_1_12.csv
731,0,0,0,Reader_1_2.csv
731,3,3,0,Reader_1_3.csv
731,0,0,0,Reader_1_4.csv
731,2,2,0,Reader_1_5.csv
731,2,2,0,Reader_1_6.csv
731,1,1,0,Reader_1_7.csv
731,1,1,0,Reader_1_8.csv
731,1,1,0,Reader_1_9.csv
731,3,2,1,Reader_2_1.csv
731,0,0,0,Reader_2_10.csv
731,0,0,0,Reader_2_11.csv
731,0,0,0,Reader_2_12.csv
731,0,0,0,Reader_2_2.csv
731,2,2,0,Reader_2_3.csv
731,0,0,0,Reader_2_4.csv
731,1,1,0,Reader_2_5.csv
731,0,0,0,Reader_2_6.csv
731,0,0,0,Reader_2_7.csv
731,0,0,0,Reader_2_8.csv
731,0,0,0,Reader_2_9.csv
731,16,9,7,reader_3_1.csv
731,10,9,1,Reader_3_2.csv
731,3,3,0,Reader_3_3.csv
731,3,3,0,Reader_3_4.csv
731,3,3,0,Reader_3_5.csv
731,0,0,0,Reader_3_6.csv
731,3,2,1,Reader_3_7.csv
732,13,11,2,Reader_1_1.csv
732,1,1,0,Reader_1_10.csv
732,0,0,0,Reader_1_11.csv
732,0,0,0,Reader_1_12.csv
732,0,0,0,Reader_1_2.csv
732,4,4,0,Reader_1_3.csv
732,0,0,0,Reader_1_4.csv
732,1,1,0,Reader_1_5.csv
732,2,2,0,Reader_1_6.csv
732,1,1,0,Reader_1_7.csv
732,1,1,0,Reader_1_8.csv
732,1,1,0,Reader_1_9.csv
732,2,1,1,Reader_2_1.csv
732,0,0,0,Reader_2_10.csv
732,0,0,0,Reader_2_11.csv
732,0,0,0,Reader_2_12.csv
732,0,0,0,Reader_2_2.csv
732,2,2,0,Reader_2_3.csv
732,0,0,0,Reader_2_4.csv
732,1,1,0,Reader_2_5.csv
732,0,0,0,Reader_2_6.csv
732,0,0,0,Reader_2_7.csv
732,0,0,0,Reader_2_8.csv
732,0,0,0,Reader_2_9.csv
732,19,10,9,reader_3_1.csv
732,10,9,1,Reader_3_2.csv
732,2,2,0,Reader_3_3.csv
732,2,2,0,Reader_3_4.csv
732,3,3,0,Reader_3_5.csv
732,0,0,0,Reader_3_6.csv
732,4,3,1,Reader_3_7.csv
733,15,11,4,Reader_1_1.csv
733,1,1,0,Reader_1_10.csv
733,0,0,0,Reader_1_11.csv
733,1,0,1,Reader_1_12.csv
733,1,1,0,Reader_1_2.csv
733,3,3,0,Reader_1_3.csv
733,0,0,0,Reader_1_4.csv
733,1,1,0,Reader_1_5.csv
733,3,3,0,Reader_1_6.csv
733,1,1,0,Reader_1_7.csv
733,2,1,1,Reader_1_8.csv
733,1,1,0,Reader_1_9.csv
733,2,1,1,Reader_2_1.csv
733,0,0,0,Reader_2_10.csv
733,0,0,0,Reader_2_11.csv
733,0,0,0,Reader_2_12.csv
733,0,0,0,Reader_2_2.csv
733,3,3,0,Reader_2_3.csv
733,0,0,0,Reader_2_4.csv
733,0,0,0,Reader_2_5.csv
733,0,0,0,Reader_2_6.csv
733,0,0,0,Reader_2_7.csv
733,0,0,0,Reader_2_8.csv
733,0,0,0,Reader_2_9.csv
733,21,12,9,reader_3_1.csv
733,11,9,2,Reader_3_2.csv
733,2,2,0,Reader_3_3.csv
733,2,2,0,Reader_3_4.csv
733,4,4,0,Reader_3_5.csv
733,0,0,0,Reader_3_6.csv
733,4,3,1,Reader_3_7.csv
734,14,11,3,Reader_1_1.csv
734,1,1,0,Reader_1_10.csv
734,0,0,0,Reader_1_11.csv
734,1,0,1,Reader_1_12.csv
734,1,1,0,Reader_1_2.csv
734,4,3,1,Reader_1_3.csv
734,0,0,0,Reader_1_4.csv
734,0,0,0,Reader_1_5.csv
734,3,3,0,Reader_1_6.csv
734,1,1,0,Reader_1_7.csv
734,2,1,1,Reader_1_8.csv
734,0,0,0,Reader_1_9.csv
734,2,1,1,Reader_2_1.csv
734,0,0,0,Reader_2_10.csv
734,0,0,0,Reader_2_11.csv
734,0,0,0,Reader_2_12.csv
734,0,0,0,Reader_2_2.csv
734,3,3,0,Reader_2_3.csv
734,1,1,0,Reader_2_4.csv
734,0,0,0,Reader_2_5.csv
734,0,0,0,Reader_2_6.csv
734,0,0,0,Reader_2_7.csv
734,0,0,0,Reader_2_8.csv
734,0,0,0,Reader_2_9.csv
734,24,16,8,reader_3_1.csv
734,12,10,2,Reader_3_2.csv
734,1,1,0,Reader_3_3.csv
734,1,1,0,Reader_3_4.csv
734,3,3,0,Reader_3_5.csv
734,0,0,0,Reader_3_6.csv
734,2,1,1,Reader_3_7.csv
735,15,13,2,Reader_1_1.csv
735,0,0,0,Reader_1_10.csv
735,0,0,0,Reader_1_11.csv
735,2,1,1,Reader_1_12.csv
735,2,1,1,Reader_1_2.csv
735,4,3,1,Reader_1_3.csv
735,0,0,0,Reader_1_4.csv
735,0,0,0,Reader_1_5.csv
735,3,3,0,Reader_1_6.csv
735,1,1,0,Reader_1_7.csv
735,1,0,1,Reader_1_8.csv
735,0,0,0,Reader_1_9.csv
735,4,3,1,Reader_2_1.csv
735,0,0,0,Reader_2_10.csv
735,1,1,0,Reader_2_11.csv
735,0,0,0,Reader_2_12.csv
735,0,0,0,Reader_2_2.csv
735,3,3,0,Reader_2_3.csv
735,1,1,0,Reader_2_4.csv
735,0,0,0,Reader_2_5.csv
735,0,0,0,Reader_2_6.csv
735,0,0,0,Reader_2_7.csv
735,0,0,0,Reader_2_8.csv
735,0,0,0,Reader_2_9.csv
735,26,18,8,reader_3_1.csv
735,16,12,4,Reader_3_2.csv
735,0,0,0,Reader_3_3.csv
735,0,0,0,Reader_3_4.csv
735,3,3,0,Reader_3_5.csv
735,1,1,0,Reader_3_6.csv
735,1,1,0,Reader_3_7.csv
736,14,12,2,Reader_1_1.csv
736,0,0,0,Reader_1_10.csv
736,0,0,0,Reader_1_11.csv
736,2,1,1,Reader_1_12.csv
736,2,1,1,Reader_1_2.csv
736,5,4,1,Reader_1_3.csv
736,0,0,0,Reader_1_4.csv
736,0,0,0,Reader_1_5.csv
736,2,2,0,Reader_1_6.csv
736,1,1,0,Reader_1_7.csv
736,1,0,1,Reader_1_8.csv
736,0,0,0,Reader_1_9.csv
736,4,3,1,Reader_2_1.csv
736,0,0,0,Reader_2_10.csv
736,1,1,0,Reader_2_11.csv
736,0,0,0,Reader_2_12.csv
736,0,0,0,Reader_2_2.csv
736,3,3,0,Reader_2_3.csv
736,1,1,0,Reader_2_4.csv
736,0,0,0,Reader_2_5.csv
736,0,0,0,Reader_2_6.csv
736,0,0,0,Reader_2_7.csv
736,0,0,0,Reader_2_8.csv
736,0,0,0,Reader_2_9.csv
736,28,21,7,reader_3_1.csv
736,16,12,4,Reader_3_2.csv
736,0,0,0,Reader_3_3.csv
736,0,0,0,Reader_3_4.csv
736,3,3,0,Reader_3_5.csv
736,1,1,0,Reader_3_6.csv
736,2,2,0,Reader_3_7.csv
737,13,10,3,Reader_1_1.csv
737,0,0,0,Reader_1_10.csv
737,0,0,0,Reader_1_11.csv
737,3,1,2,Reader_1_12.csv
737,2,1,1,Reader_1_2.csv
737,4,3,1,Reader_1_3.csv
737,0,0,0,Reader_1_4.csv
737,0,0,0,Reader_1_5.csv
737,2,2,0,Reader_1_6.csv
737,1,1,0,Reader_1_7.csv
737,1,0,1,Reader_1_8.csv
737,0,0,0,Reader_1_9.csv
737,5,4,1,Reader_2_1.csv
737,0,0,0,Reader_2_10.csv
737,1,1,0,Reader_2_11.csv
737,0,0,0,Reader_2_12.csv
737,0,0,0,Reader_2_2.csv
737,3,3,0,Reader_2_3.csv
737,1,1,0,Reader_2_4.csv
737,0,0,0,Reader_2_5.csv
737,0,0,0,Reader_2_6.csv
737,0,0,0,Reader_2_7.csv
737,0,0,0,Reader_2_8.csv
737,0,0,0,Reader_2_9.csv
737,26,18,8,reader_3_1.csv
737,11,8,3,Reader_3_2.csv
737,0,0,0,Reader_3_3.csv
737,0,0,0,Reader_3_4.csv
737,3,3,0,Reader_3_5.csv
737,1,1,0,Reader_3_6.csv
737,2,2,0,Reader_3_7.csv
738,14,10,4,Reader_1_1.csv
738,0,0,0,Reader_1_10.csv
738,0,0,0,Reader_1_11.csv
738,3,1,2,Reader_1_12.csv
738,2,1,1,Reader_1_2.csv
738,6,5,1,Reader_1_3.csv
738,0,0,0,Reader_1_4.csv
738,0,0,0,Reader_1_5.csv
738,1,1,0,Reader_1_6.csv
738,1,1,0,Reader_1_7.csv
738,1,0,1,Reader_1_8.csv
738,0,0,0,Reader_1_9.csv
738,5,4,1,Reader_2_1.csv
738,0,0,0,Reader_2_10.csv
738,1,1,0,Reader_2_11.csv
738,0,0,0,Reader_2_12.csv
738,0,0,0,Reader_2_2.csv
738,2,2,0,Reader_2_3.csv
738,2,2,0,Reader_2_4.csv
738,0,0,0,Reader_2_5.csv
738,0,0,0,Reader_2_6.csv
738,0,0,0,Reader_2_7.csv
738,0,0,0,Reader_2_8.csv
738,0,0,0,Reader_2_9.csv
738,28,20,8,reader_3_1.csv
738,13,10,3,Reader_3_2.csv
738,0,0,0,Reader_3_3.csv
738,0,0,0,Reader_3_4.csv
738,3,2,1,Reader_3_5.csv
738,1,1,0,Reader_3_6.csv
738,3,2,1,Reader_3_7.csv
739,13,8,5,Reader_1_1.csv
739,0,0,0,Reader_1_10.csv
739,0,0,0,Reader_1_11.csv
739,3,1,2,Reader_1_12.csv
739,2,1,1,Reader_1_2.csv
739,7,6,1,Reader_1_3.csv
739,0,0,0,Reader_1_4.csv
739,0,0,0,Reader_1_5.csv
739,1,1,0,Reader_1_6.csv
739,1,1,0,Reader_1_7.csv
739,1,0,1,Reader_1_8.csv
739,0,0,0,Reader_1_9.csv
739,3,3,0,Reader_2_1.csv
739,0,0,0,Reader_2_10.csv
739,1,1,0,Reader_2_11.csv
739,0,0,0,Reader_2_12.csv
739,0,0,0,Reader_2_2.csv
739,2,2,0,Reader_2_3.csv
739,2,2,0,Reader_2_4.csv
739,0,0,0,Reader_2_5.csv
739,0,0,0,Reader_2_6.csv
739,0,0,0,Reader_2_7.csv
739,0,0,0,Reader_2_8.csv
739,0,0,0,Reader_2_9.csv
739,28,20,8,reader_3_1.csv
739,11,8,3,Reader_3_2.csv
739,0,0,0,Reader_3_3.csv
739,0,0,0,Reader_3_4.csv
739,2,1,1,Reader_3_5.csv
739,1,1,0,Reader_3_6.csv
739,3,2,1,Reader_3_7.csv
740,11,6,5,Reader_1_1.csv
740,0,0,0,Reader_1_10.csv
740,0,0,0,Reader_1_11.csv
740,3,1,2,Reader_1_12.csv
740,2,1,1,Reader_1_2.csv
740,6,5,1,Reader_1_3.csv
740,0,0,0,Reader_1_4.csv
740,0,0,0,Reader_1_5.csv
740,1,1,0,Reader_1_6.csv
740,2,2,0,Reader_1_7.csv
740,1,0,1,Reader_1_8.csv
740,0,0,0,Reader_1_9.csv
740,3,3,0,Reader_2_1.csv
740,0,0,0,Reader_2_10.csv
740,1,1,0,Reader_2_11.csv
740,0,0,0,Reader_2_12.csv
740,0,0,0,Reader_2_2.csv
740,2,2,0,Reader_2_3.csv
740,2,2,0,Reader_2_4.csv
740,0,0,0,Reader_2_5.csv
740,0,0,0,Reader_2_6.csv
740,0,0,0,Reader_2_7.csv
740,0,0,0,Reader_2_8.csv
740,0,0,0,Reader_2_9.csv
740,28,21,7,reader_3_1.csv
740,12,9,3,Reader_3_2.csv
740,0,0,0,Reader_3_3.csv
740,0,0,0,Reader_3_4.csv
740,2,1,1,Reader_3_5.csv
740,1,1,0,Reader_3_6.csv
740,2,1,1,Reader_3_7.csv
741,9,6,3,Reader_1_1.csv
741,0,0,0,Reader_1_10.csv
741,1,0,1,Reader_1_11.csv
741,2,1,1,Reader_1_12.csv
741,2,0,2,Reader_1_2.csv
741,6,5,1,Reader_1_3.csv
741,0,0,0,Reader_1_4.csv
741,0,0,0,Reader_1_5.csv
741,0,0,0,Reader_1_6.csv
741,2,2,0,Reader_1_7.csv
741,0,0,0,Reader_1_8.csv
741,0,0,0,Reader_1_9.csv
741,3,3,0,Reader_2_1.csv
741,0,0,0,Reader_2_10.csv
741,1,1,0,Reader_2_11.csv
741,0,0,0,Reader_2_12.csv
741,0,0,0,Reader_2_2.csv
741,1,1,0,Reader_2_3.csv
741,2,2,0,Reader_2_4.csv
741,0,0,0,Reader_2_5.csv
741,0,0,0,Reader_2_6.csv
741,0,0,0,Reader_2_7.csv
741,0,0,0,Reader_2_8.csv
741,0,0,0,Reader_2_9.csv
741,30,22,8,reader_3_1.csv
741,10,8,2,Reader_3_2.csv
741,0,0,0,Reader_3_3.csv
741,0,0,0,Reader_3_4.csv
741,3,1,2,Reader_3_5.csv
741,1,1,0,Reader_3_6.csv
741,2,1,1,Reader_3_7.csv
742,8,5,3,Reader_1_1.csv
742,0,0,0,Reader_1_10.csv
742,1,0,1,Reader_1_11.csv
742,2,1,1,Reader_1_12.csv
742,4,1,3,Reader_1_2.csv
742,5,5,0,Reader_1_3.csv
742,0,0,0,Reader_1_4.csv
742,0,0,0,Reader_1_5.csv
742,0,0,0,Reader_1_6.csv
742,2,2,0,Reader_1_7.csv
742,0,0,0,Reader_1_8.csv
742,0,0,0,Reader_1_9.csv
742,3,3,0,Reader_2_1.csv
742,0,0,0,Reader_2_10.csv
742,1,1,0,Reader_2_11.csv
742,0,0,0,Reader_2_12.csv
742,0,0,0,Reader_2_2.csv
742,2,2,0,Reader_2_3.csv
742,1,1,0,Reader_2_4.csv
742,0,0,0,Reader_2_5.csv
742,0,0,0,Reader_2_6.csv
742,0,0,0,Reader_2_7.csv
742,0,0,0,Reader_2_8.csv
742,0,0,0,Reader_2_9.csv
742,28,18,10,reader_3_1.csv
742,9,7,2,Reader_3_2.csv
742,0,0,0,Reader_3_3.csv
742,0,0,0,Reader_3_4.csv
742,3,1,2,Reader_3_5.csv
742,1,1,0,Reader_3_6.csv
742,2,1,1,Reader_3_7.csv
743,6,3,3,Reader_1_1.csv
743,1,0,1,Reader_1_10.csv
743,1,0,1,Reader_1_11.csv
743,1,0,1,Reader_1_12.csv
743,3,1,2,Reader_1_2.csv
743,5,5,0,Reader_1_3.csv
743,0,0,0,Reader_1_4.csv
743,0,0,0,Reader_1_5.csv
743,0,0,0,Reader_1_6.csv
743,2,2,0,Reader_1_7.csv
743,0,0,0,Reader_1_8.csv
743,1,1,0,Reader_1_9.csv
743,2,1,1,Reader_2_1.csv
743,0,0,0,Reader_2_10.csv
743,0,0,0,Reader_2_11.csv
743,0,0,0,Reader_2_12.csv
743,0,0,0,Reader_2_2.csv
743,2,2,0,Reader_2_3.csv
743,1,1,0,Reader_2_4.csv
743,0,0,0,Reader_2_5.csv
743,0,0,0,Reader_2_6.csv
743,0,0,0,Reader_2_7.csv
743,1,1,0,Reader_2_8.csv
743,0,0,0,Reader_2_9.csv
743,24,17,7,reader_3_1.csv
743,5,5,0,Reader_3_2.csv
743,0,0,0,Reader_3_3.csv
743,0,0,0,Reader_3_4.csv
743,3,1,2,Reader_3_5.csv
743,0,0,0,Reader_3_6.csv
743,2,1,1,Reader_3_7.csv
744,7,4,3,Reader_1_1.csv
744,1,0,1,Reader_1_10.csv
744,1,0,1,Reader_1_11.csv
744,2,1,1,Reader_1_12.csv
744,3,1,2,Reader_1_2.csv
744,4,4,0,Reader_1_3.csv
744,0,0,0,Reader_1_4.csv
744,0,0,0,Reader_1_5.csv
744,0,0,0,Reader_1_6.csv
744,1,1,0,Reader_1_7.csv
744,0,0,0,Reader_1_8.csv
744,1,1,0,Reader_1_9.csv
744,2,1,1,Reader_2_1.csv
744,0,0,0,Reader_2_10.csv
744,0,0,0,Reader_2_11.csv
744,0,0,0,Reader_2_12.csv
744,0,0,0,Reader_2_2.csv
744,2,2,0,Reader_2_3.csv
744,1,1,0,Reader_2_4.csv
744,0,0,0,Reader_2_5.csv
744,0,0,0,Reader_2_6.csv
744,0,0,0,Reader_2_7.csv
744,1,1,0,Reader_2_8.csv
744,0,0,0,Reader_2_9.csv
744,20,13,7,reader_3_1.csv
744,4,4,0,Reader_3_2.csv
744,0,0,0,Reader_3_3.csv
744,0,0,0,Reader_3_4.csv
744,3,1,2,Reader_3_5.csv
744,0,0,0,Reader_3_6.csv
744,1,0,1,Reader_3_7.csv
745,8,5,3,Reader_1_1.csv
745,1,0,1,Reader_1_10.csv
745,1,0,1,Reader_1_11.csv
745,1,1,0,Reader_1_12.csv
745,5,3,2,Reader_1_2.csv
745,4,4,0,Reader_1_3.csv
745,0,0,0,Reader_1_4.csv
745,0,0,0,Reader_1_5.csv
745,0,0,0,Reader_1_6.csv
745,1,1,0,Reader_1_7.csv
745,0,0,0,Reader_1_8.csv
745,1,1,0,Reader_1_9.csv
745,1,0,1,Reader_2_1.csv
745,0,0,0,Reader_2_10.csv
745,0,0,0,Reader_2_11.csv
745,0,0,0,Reader_2_12.csv
745,0,0,0,Reader_2_2.csv
745,2,2,0,Reader_2_3.csv
745,1,1,0,Reader_2_4.csv
745,0,0,0,Reader_2_5.csv
745,0,0,0,Reader_2_6.csv
745,0,0,0,Reader_2_7.csv
745,1,1,0,Reader_2_8.csv
745,0,0,0,Reader_2_9.csv
745,22,17,5,reader_3_1.csv
745,6,6,0,Reader_3_2.csv
745,2,1,1,Reader_3_3.csv
745,2,1,1,Reader_3_4.csv
745,3,1,2,Reader_3_5.csv
745,0,0,0,Reader_3_6.csv
745,1,0,1,Reader_3_7.csv
746,8,6,2,Reader_1_1.csv
746,1,0,1,Reader_1_10.csv
746,1,0,1,Reader_1_11.csv
746,1,1,0,Reader_1_12.csv
746,5,3,2,Reader_1_2.csv
746,2,2,0,Reader_1_3.csv
746,0,0,0,Reader_1_4.csv
746,0,0,0,Reader_1_5.csv
746,0,0,0,Reader_1_6.csv
746,1,1,0,Reader_1_7.csv
746,0,0,0,Reader_1_8.csv
746,1,1,0,Reader_1_9.csv
746,2,0,2,Reader_2_1.csv
746,0,0,0,Reader_2_10.csv
746,0,0,0,Reader_2_11.csv
746,0,0,0,Reader_2_12.csv
746,0,0,0,Reader_2_2.csv
746,2,2,0,Reader_2_3.csv
746,0,0,0,Reader_2_4.csv
746,1,1,0,Reader_2_5.csv
746,0,0,0,Reader_2_6.csv
746,0,0,0,Reader_2_7.csv
746,1,1,0,Reader_2_8.csv
746,0,0,0,Reader_2_9.csv
746,23,18,5,reader_3_1.csv
746,5,4,1,Reader_3_2.csv
746,3,2,1,Reader_3_3.csv
746,3,2,1,Reader_3_4.csv
746,2,1,1,Reader_3_5.csv
746,0,0,0,Reader_3_6.csv
746,0,0,0,Reader_3_7.csv
747,7,6,1,Reader_1_1.csv
747,1,0,1,Reader_1_10.csv
747,2,1,1,Reader_1_11.csv
747,1,1,0,Reader_1_12.csv
747,5,3,2,Reader_1_2.csv
747,0,0,0,Reader_1_3.csv
747,0,0,0,Reader_1_4.csv
747,0,0,0,Reader_1_5.csv
747,0,0,0,Reader_1_6.csv
747,1,1,0,Reader_1_7.csv
747,0,0,0,Reader_1_8.csv
747,1,1,0,Reader_1_9.csv
747,2,0,2,Reader_2_1.csv
747,0,0,0,Reader_2_10.csv
747,0,0,0,Reader_2_11.csv
747,2,2,0,Reader_2_12.csv
747,0,0,0,Reader_2_2.csv
747,3,3,0,Reader_2_3.csv
747,0,0,0,Reader_2_4.csv
747,1,1,0,Reader_2_5.csv
747,0,0,0,Reader_2_6.csv
747,0,0,0,Reader_2_7.csv
747,1,1,0,Reader_2_8.csv
747,0,0,0,Reader_2_9.csv
747,21,16,5,reader_3_1.csv
747,5,4,1,Reader_3_2.csv
747,4,3,1,Reader_3_3.csv
747,4,3,1,Reader_3_4.csv
747,3,2,1,Reader_3_5.csv
747,1,0,1,Reader_3_6.csv
747,0,0,0,Reader_3_7.csv
748,7,6,1,Reader_1_1.csv
748,1,0,1,Reader_1_10.csv
748,2,1,1,Reader_1_11.csv
748,2,2,0,Reader_1_12.csv
748,6,4,2,Reader_1_2.csv
748,0,0,0,Reader_1_3.csv
748,0,0,0,Reader_1_4.csv
748,0,0,0,Reader_1_5.csv
748,0,0,0,Reader_1_6.csv
748,0,0,0,Reader_1_7.csv
748,0,0,0,Reader_1_8.csv
748,2,2,0,Reader_1_9.csv
748,2,0,2,Reader_2_1.csv
748,0,0,0,Reader_2_10.csv
748,0,0,0,Reader_2_11.csv
748,2,2,0,Reader_2_12.csv
748,0,0,0,Reader_2_2.csv
748,3,3,0,Reader_2_3.csv
748,0,0,0,Reader_2_4.csv
748,1,1,0,Reader_2_5.csv
748,0,0,0,Reader_2_6.csv
748,0,0,0,Reader_2_7.csv
748,1,1,0,Reader_2_8.csv
748,0,0,0,Reader_2_9.csv
748,21,17,4,reader_3_1.csv
748,3,2,1,Reader_3_2.csv
748,6,3,3,Reader_3_3.csv
748,6,3,3,Reader_3_4.csv
748,5,4,1,Reader_3_5.csv
748,1,0,1,Reader_3_6.csv
748,0,0,0,Reader_3_7.csv
749,7,6,1,Reader_1_1.csv
749,1,0,1,Reader_1_10.csv
749,2,2,0,Reader_1_11.csv
749,2,2,0,Reader_1_12.csv
749,6,5,1,Reader_1_2.csv
749,0,0,0,Reader_1_3.csv
749,0,0,0,Reader_1_4.csv
749,0,0,0,Reader_1_5.csv
749,0,0,0,Reader_1_6.csv
749,0,0,0,Reader_1_7.csv
749,0,0,0,Reader_1_8.csv
749,2,2,0,Reader_1_9.csv
749,4,2,2,Reader_2_1.csv
749,0,0,0,Reader_2_10.csv
749,0,0,0,Reader_2_11.csv
749,2,2,0,Reader_2_12.csv
749,0,0,0,Reader_2_2.csv
749,3,3,0,Reader_2_3.csv
749,0,0,0,Reader_2_4.csv
749,1,1,0,Reader_2_5.csv
749,0,0,0,Reader_2_6.csv
749,0,0,0,Reader_2_7.csv
749,1,1,0,Reader_2_8.csv
749,0,0,0,Reader_2_9.csv
749,18,14,4,reader_3_1.csv
749,3,2,1,Reader_3_2.csv
749,6,3,3,Reader_3_3.csv
749,6,3,3,Reader_3_4.csv
749,4,4,0,Reader_3_5.csv
749,1,0,1,Reader_3_6.csv
749,0,0,0,Reader_3_7.csv
750,7,6,1,Reader_1_1.csv
750,1,0,1,Reader_1_10.csv
750,2,2,0,Reader_1_11.csv
750,3,2,1,Reader_1_12.csv
750,5,5,0,Reader_1_2.csv
750,0,0,0,Reader_1_3.csv
750,0,0,0,Reader_1_4.csv
750,0,0,0,Reader_1_5.csv
750,0,0,0,Reader_1_6.csv
750,0,0,0,Reader_1_7.csv
750,0,0,0,Reader_1_8.csv
750,2,2,0,Reader_1_9.csv
750,5,3,2,Reader_2_1.csv
750,0,0,0,Reader_2_10.csv
750,0,0,0,Reader_2_11.csv
750,2,2,0,Reader_2_12.csv
750,0,0,0,Reader_2_2.csv
750,1,1,0,Reader_2_3.csv
750,0,0,0,Reader_2_4.csv
750,2,2,0,Reader_2_5.csv
750,0,0,0,Reader_2_6.csv
750,1,1,0,Reader_2_7.csv
750,1,1,0,Reader_2_8.csv
750,0,0,0,Reader_2_9.csv
750,18,16,2,reader_3_1.csv
750,4,3,1,Reader_3_2.csv
750,6,3,3,Reader_3_3.csv
750,6,3,3,Reader_3_4.csv
750,4,4,0,Reader_3_5.csv
750,1,0,1,Reader_3_6.csv
750,0,0,0,Reader_3_7.csv
751,9,8,1,Reader_1_1.csv
751,0,0,0,Reader_1_10.csv
751,3,3,0,Reader_1_11.csv
751,3,2,1,Reader_1_12.csv
751,6,6,0,Reader_1_2.csv
751,0,0,0,Reader_1_3.csv
751,0,0,0,Reader_1_4.csv
751,0,0,0,Reader_1_5.csv
751,0,0,0,Reader_1_6.csv
751,0,0,0,Reader_1_7.csv
751,0,0,0,Reader_1_8.csv
751,1,1,0,Reader_1_9.csv
751,4,3,1,Reader_2_1.csv
751,0,0,0,Reader_2_10.csv
751,0,0,0,Reader_2_11.csv
751,2,2,0,Reader_2_12.csv
751,0,0,0,Reader_2_2.csv
751,1,1,0,Reader_2_3.csv
751,0,0,0,Reader_2_4.csv
751,2,2,0,Reader_2_5.csv
751,1,1,0,Reader_2_6.csv
751,1,1,0,Reader_2_7.csv
751,0,0,0,Reader_2_8.csv
751,0,0,0,Reader_2_9.csv
751,20,16,4,reader_3_1.csv
751,5,4,1,Reader_3_2.csv
751,7,3,4,Reader_3_3.csv
751,7,3,4,Reader_3_4.csv
751,4,4,0,Reader_3_5.csv
751,1,0,1,Reader_3_6.csv
751,0,0,0,Reader_3_7.csv
752,10,8,2,Reader_1_1.csv
752,0,0,0,Reader_1_10.csv
752,3,3,0,Reader_1_11.csv
752,2,1,1,Reader_1_12.csv
752,9,9,0,Reader_1_2.csv
752,0,0,0,Reader_1_3.csv
752,0,0,0,Reader_1_4.csv
752,0,0,0,Reader_1_5.csv
752,0,0,0,Reader_1_6.csv
752,0,0,0,Reader_1_7.csv
752,0,0,0,Reader_1_8.csv
752,1,1,0,Reader_1_9.csv
752,6,5,1,Reader_2_1.csv
752,0,0,0,Reader_2_10.csv
752,0,0,0,Reader_2_11.csv
752,2,2,0,Reader_2_12.csv
752,0,0,0,Reader_2_2.csv
752,2,2,0,Reader_2_3.csv
752,0,0,0,Reader_2_4.csv
752,2,2,0,Reader_2_5.csv
752,1,1,0,Reader_2_6.csv
752,1,1,0,Reader_2_7.csv
752,0,0,0,Reader_2_8.csv
752,0,0,0,Reader_2_9.csv
752,24,19,5,reader_3_1.csv
752,5,4,1,Reader_3_2.csv
752,7,3,4,Reader_3_3.csv
752,7,3,4,Reader_3_4.csv
752,4,4,0,Reader_3_5.csv
752,2,1,1,Reader_3_6.csv
752,0,0,0,Reader_3_7.csv
753,9,7,2,Reader_1_1.csv
753,0,0,0,Reader_1_10.csv
753,3,3,0,Reader_1_11.csv
753,2,1,1,Reader_1_12.csv
753,7,7,0,Reader_1_2.csv
753,0,0,0,Reader_1_3.csv
753,0,0,0,Reader_1_4.csv
753,0,0,0,Reader_1_5.csv
753,0,0,0,Reader_1_6.csv
753,1,0,1,Reader_1_7.csv
753,0,0,0,Reader_1_8.csv
753,1,1,0,Reader_1_9.csv
753,6,5,1,Reader_2_1.csv
753,0,0,0,Reader_2_10.csv
753,0,0,0,Reader_2_11.csv
753,2,2,0,Reader_2_12.csv
753,0,0,0,Reader_2_2.csv
753,2,2,0,Reader_2_3.csv
753,0,0,0,Reader_2_4.csv
753,2,2,0,Reader_2_5.csv
753,1,1,0,Reader_2_6.csv
753,1,1,0,Reader_2_7.csv
753,0,0,0,Reader_2_8.csv
753,0,0,0,Reader_2_9.csv
753,22,16,6,reader_3_1.csv
753,4,3,1,Reader_3_2.csv
753,6,3,3,Reader_3_3.csv
753,6,3,3,Reader_3_4.csv
753,4,4,0,Reader_3_5.csv
753,2,1,1,Reader_3_6.csv
753,0,0,0,Reader_3_7.csv
754,10,7,3,Reader_1_1.csv
754,0,0,0,Reader_1_10.csv
754,3,3,0,Reader_1_11.csv
754,3,2,1,Reader_1_12.csv
754,7,7,0,Reader_1_2.csv
754,1,1,0,Reader_1_3.csv
754,0,0,0,Reader_1_4.csv
754,0,0,0,Reader_1_5.csv
754,0,0,0,Reader_1_6.csv
754,1,0,1,Reader_1_7.csv
754,0,0,0,Reader_1_8.csv
754,1,1,0,Reader_1_9.csv
754,5,5,0,Reader_2_1.csv
754,0,0,0,Reader_2_10.csv
754,0,0,0,Reader_2_11.csv
754,3,3,0,Reader_2_12.csv
754,0,0,0,Reader_2_2.csv
754,2,2,0,Reader_2_3.csv
754,0,0,0,Reader_2_4.csv
754,1,1,0,Reader_2_5.csv
754,1,1,0,Reader_2_6.csv
754,1,1,0,Reader_2_7.csv
754,0,0,0,Reader_2_8.csv
754,0,0,0,Reader_2_9.csv
754,18,13,5,reader_3_1.csv
754,3,3,0,Reader_3_2.csv
754,6,2,4,Reader_3_3.csv
754,6,2,4,Reader_3_4.csv
754,4,4,0,Reader_3_5.csv
754,2,1,1,Reader_3_6.csv
754,0,0,0,Reader_3_7.csv
755,9,6,3,Reader_1_1.csv
755,0,0,0,Reader_1_10.csv
755,2,2,0,Reader_1_11.csv
755,3,2,1,Reader_1_12.csv
755,8,8,0,Reader_1_2.csv
755,1,1,0,Reader_1_3.csv
755,0,0,0,Reader_1_4.csv
755,0,0,0,Reader_1_5.csv
755,0,0,0,Reader_1_6.csv
755,2,1,1,Reader_1_7.csv
755,0,0,0,Reader_1_8.csv
755,1,1,0,Reader_1_9.csv
755,7,7,0,Reader_2_1.csv
755,0,0,0,Reader_2_10.csv
755,0,0,0,Reader_2_11.csv
755,2,2,0,Reader_2_12.csv
755,0,0,0,Reader_2_2.csv
755,1,1,0,Reader_2_3.csv
755,0,0,0,Reader_2_4.csv
755,1,1,0,Reader_2_5.csv
755,1,1,0,Reader_2_6.csv
755,1,1,0,Reader_2_7.csv
755,0,0,0,Reader_2_8.csv
755,0,0,0,Reader_2_9.csv
755,21,15,6,reader_3_1.csv
755,3,3,0,Reader_3_2.csv
755,5,1,4,Reader_3_3.csv
755,5,1,4,Reader_3_4.csv
755,3,3,0,Reader_3_5.csv
755,1,1,0,Reader_3_6.csv
755,0,0,0,Reader_3_7.csv
756,10,7,3,Reader_1_1.csv
756,1,1,0,Reader_1_10.csv
756,2,2,0,Reader_1_11.csv
756,3,2,1,Reader_1_12.csv
756,8,8,0,Reader_1_2.csv
756,1,1,0,Reader_1_3.csv
756,0,0,0,Reader_1_4.csv
756,0,0,0,Reader_1_5.csv
756,0,0,0,Reader_1_6.csv
756,2,1,1,Reader_1_7.csv
756,0,0,0,Reader_1_8.csv
756,0,0,0,Reader_1_9.csv
756,11,11,0,Reader_2_1.csv
756,0,0,0,Reader_2_10.csv
756,0,0,0,Reader_2_11.csv
756,2,2,0,Reader_2_12.csv
756,0,0,0,Reader_2_2.csv
756,1,1,0,Reader_2_3.csv
756,0,0,0,Reader_2_4.csv
756,1,1,0,Reader_2_5.csv
756,1,1,0,Reader_2_6.csv
756,1,1,0,Reader_2_7.csv
756,0,0,0,Reader_2_8.csv
756,0,0,0,Reader_2_9.csv
756,21,15,6,reader_3_1.csv
756,5,4,1,Reader_3_2.csv
756,4,2,2,Reader_3_3.csv
756,4,2,2,Reader_3_4.csv
756,1,1,0,Reader_3_5.csv
756,1,1,0,Reader_3_6.csv
756,1,0,1,Reader_3_7.csv
757,10,7,3,Reader_1_1.csv
757,1,1,0,Reader_1_10.csv
757,1,1,0,Reader_1_11.csv
757,3,2,1,Reader_1_12.csv
757,8,8,0,Reader_1_2.csv
757,1,1,0,Reader_1_3.csv
757,0,0,0,Reader_1_4.csv
757,0,0,0,Reader_1_5.csv
757,0,0,0,Reader_1_6.csv
757,2,1,1,Reader_1_7.csv
757,0,0,0,Reader_1_8.csv
757,0,0,0,Reader_1_9.csv
757,11,11,0,Reader_2_1.csv
757,0,0,0,Reader_2_10.csv
757,0,0,0,Reader_2_11.csv
757,3,2,1,Reader_2_12.csv
757,0,0,0,Reader_2_2.csv
757,2,2,0,Reader_2_3.csv
757,0,0,0,Reader_2_4.csv
757,1,1,0,Reader_2_5.csv
757,1,1,0,Reader_2_6.csv
757,2,2,0,Reader_2_7.csv
757,0,0,0,Reader_2_8.csv
757,0,0,0,Reader_2_9.csv
757,22,17,5,reader_3_1.csv
757,8,7,1,Reader_3_2.csv
757,7,4,3,Reader_3_3.csv
757,7,4,3,Reader_3_4.csv
757,0,0,0,Reader_3_5.csv
757,2,1,1,Reader_3_6.csv
757,1,0,1,Reader_3_7.csv
758,12,9,3,Reader_1_1.csv
758,1,1,0,Reader_1_10.csv
758,1,1,0,Reader_1_11.csv
758,2,2,0,Reader_1_12.csv
758,7,7,0,Reader_1_2.csv
758,1,1,0,Reader_1_3.csv
758,0,0,0,Reader_1_4.csv
758,0,0,0,Reader_1_5.csv
758,0,0,0,Reader_1_6.csv
758,2,1,1,Reader_1_7.csv
758,0,0,0,Reader_1_8.csv
758,0,0,0,Reader_1_9.csv
758,11,11,0,Reader_2_1.csv
758,0,0,0,Reader_2_10.csv
758,0,0,0,Reader_2_11.csv
758,3,2,1,Reader_2_12.csv
758,0,0,0,Reader_2_2.csv
758,2,2,0,Reader_2_3.csv
758,0,0,0,Reader_2_4.csv
758,0,0,0,Reader_2_5.csv
758,1,1,0,Reader_2_6.csv
758,1,1,0,Reader_2_7.csv
758,0,0,0,Reader_2_8.csv
758,0,0,0,Reader_2_9.csv
758,22,17,5,reader_3_1.csv
758,10,9,1,Reader_3_2.csv
758,7,4,3,Reader_3_3.csv
758,7,4,3,Reader_3_4.csv
758,0,0,0,Reader_3_5.csv
758,2,1,1,Reader_3_6.csv
758,1,0,1,Reader_3_7.csv
759,11,8,3,Reader_1_1.csv
759,1,1,0,Reader_1_10.csv
759,0,0,0,Reader_1_11.csv
759,4,3,1,Reader_1_12.csv
759,6,6,0,Reader_1_2.csv
759,1,1,0,Reader_1_3.csv
759,0,0,0,Reader_1_4.csv
759,0,0,0,Reader_1_5.csv
759,0,0,0,Reader_1_6.csv
759,2,1,1,Reader_1_7.csv
759,0,0,0,Reader_1_8.csv
759,0,0,0,Reader_1_9.csv
759,13,13,0,Reader_2_1.csv
759,0,0,0,Reader_2_10.csv
759,0,0,0,Reader_2_11.csv
759,3,2,1,Reader_2_12.csv
759,1,1,0,Reader_2_2.csv
759,2,2,0,Reader_2_3.csv
759,0,0,0,Reader_2_4.csv
759,0,0,0,Reader_2_5.csv
759,0,0,0,Reader_2_6.csv
759,1,1,0,Reader_2_7.csv
759,0,0,0,Reader_2_8.csv
759,0,0,0,Reader_2_9.csv
759,26,22,4,reader_3_1.csv
759,11,10,1,Reader_3_2.csv
759,7,5,2,Reader_3_3.csv
759,7,5,2,Reader_3_4.csv
759,1,1,0,Reader_3_5.csv
759,4,2,2,Reader_3_6.csv
759,1,0,1,Reader_3_7.csv
760,9,7,2,Reader_1_1.csv
760,1,1,0,Reader_1_10.csv
760,0,0,0,Reader_1_11.csv
760,6,5,1,Reader_1_12.csv
760,6,5,1,Reader_1_2.csv
760,1,1,0,Reader_1_3.csv
760,0,0,0,Reader_1_4.csv
760,0,0,0,Reader_1_5.csv
760,0,0,0,Reader_1_6.csv
760,2,1,1,Reader_1_7.csv
760,0,0,0,Reader_1_8.csv
760,0,0,0,Reader_1_9.csv
760,12,12,0,Reader_2_1.csv
760,0,0,0,Reader_2_10.csv
760,0,0,0,Reader_2_11.csv
760,3,2,1,Reader_2_12.csv
760,1,1,0,Reader_2_2.csv
760,1,1,0,Reader_2_3.csv
760,0,0,0,Reader_2_4.csv
760,0,0,0,Reader_2_5.csv
760,0,0,0,Reader_2_6.csv
760,1,1,0,Reader_2_7.csv
760,0,0,0,Reader_2_8.csv
760,0,0,0,Reader_2_9.csv
760,22,19,3,reader_3_1.csv
760,11,10,1,Reader_3_2.csv
760,8,6,2,Reader_3_3.csv
760,8,6,2,Reader_3_4.csv
760,1,1,0,Reader_3_5.csv
760,4,2,2,Reader_3_6.csv
760,1,0,1,Reader_3_7.csv
761,8,7,1,Reader_1_1.csv
761,1,1,0,Reader_1_10.csv
761,0,0,0,Reader_1_11.csv
761,6,5,1,Reader_1_12.csv
761,6,5,1,Reader_1_2.csv
761,2,2,0,Reader_1_3.csv
761,0,0,0,Reader_1_4.csv
761,0,0,0,Reader_1_5.csv
761,0,0,0,Reader_1_6.csv
761,2,1,1,Reader_1_7.csv
761,0,0,0,Reader_1_8.csv
761,0,0,0,Reader_1_9.csv
761,14,14,0,Reader_2_1.csv
761,0,0,0,Reader_2_10.csv
761,0,0,0,Reader_2_11.csv
761,3,2,1,Reader_2_12.csv
761,1,1,0,Reader_2_2.csv
761,1,1,0,Reader_2_3.csv
761,0,0,0,Reader_2_4.csv
761,0,0,0,Reader_2_5.csv
761,1,1,0,Reader_2_6.csv
761,1,1,0,Reader_2_7.csv
761,0,0,0,Reader_2_8.csv
761,0,0,0,Reader_2_9.csv
761,21,19,2,reader_3_1.csv
761,11,10,1,Reader_3_2.csv
761,11,7,4,Reader_3_3.csv
761,11,7,4,Reader_3_4.csv
761,1,1,0,Reader_3_5.csv
761,6,3,3,Reader_3_6.csv
761,1,0,1,Reader_3_7.csv
762,7,7,0,Reader_1_1.csv
762,1,1,0,Reader_1_10.csv
762,0,0,0,Reader_1_11.csv
762,5,4,1,Reader_1_12.csv
762,6,5,1,Reader_1_2.csv
762,1,1,0,Reader_1_3.csv
762,0,0,0,Reader_1_4.csv
762,0,0,0,Reader_1_5.csv
762,0,0,0,Reader_1_6.csv
762,2,1,1,Reader_1_7.csv
762,0,0,0,Reader_1_8.csv
762,0,0,0,Reader_1_9.csv
762,16,16,0,Reader_2_1.csv
762,0,0,0,Reader_2_10.csv
762,0,0,0,Reader_2_11.csv
762,3,2,1,Reader_2_12.csv
762,1,1,0,Reader_2_2.csv
762,1,1,0,Reader_2_3.csv
762,0,0,0,Reader_2_4.csv
762,1,0,1,Reader_2_5.csv
762,2,2,0,Reader_2_6.csv
762,1,1,0,Reader_2_7.csv
762,0,0,0,Reader_2_8.csv
762,0,0,0,Reader_2_9.csv
762,25,23,2,reader_3_1.csv
762,11,10,1,Reader_3_2.csv
762,12,7,5,Reader_3_3.csv
762,12,7,5,Reader_3_4.csv
762,1,1,0,Reader_3_5.csv
762,9,4,5,Reader_3_6.csv
762,1,0,1,Reader_3_7.csv
763,7,7,0,Reader_1_1.csv
763,1,1,0,Reader_1_10.csv
763,0,0,0,Reader_1_11.csv
763,5,4,1,Reader_1_12.csv
763,5,4,1,Reader_1_2.csv
763,1,1,0,Reader_1_3.csv
763,0,0,0,Reader_1_4.csv
763,0,0,0,Reader_1_5.csv
763,0,0,0,Reader_1_6.csv
763,1,0,1,Reader_1_7.csv
763,0,0,0,Reader_1_8.csv
763,0,0,0,Reader_1_9.csv
763,17,17,0,Reader_2_1.csv
763,0,0,0,Reader_2_10.csv
763,0,0,0,Reader_2_11.csv
763,2,1,1,Reader_2_12.csv
763,1,1,0,Reader_2_2.csv
763,1,1,0,Reader_2_3.csv
763,0,0,0,Reader_2_4.csv
763,1,0,1,Reader_2_5.csv
763,2,2,0,Reader_2_6.csv
763,2,2,0,Reader_2_7.csv
763,0,0,0,Reader_2_8.csv
763,0,0,0,Reader_2_9.csv
763,23,21,2,reader_3_1.csv
763,11,10,1,Reader_3_2.csv
763,15,9,6,Reader_3_3.csv
763,15,9,6,Reader_3_4.csv
763,1,1,0,Reader_3_5.csv
763,9,4,5,Reader_3_6.csv
763,1,0,1,Reader_3_7.csv
764,6,6,0,Reader_1_1.csv
764,0,0,0,Reader_1_10.csv
764,1,1,0,Reader_1_11.csv
764,4,3,1,Reader_1_12.csv
764,4,3,1,Reader_1_2.csv
764,1,1,0,Reader_1_3.csv
764,0,0,0,Reader_1_4.csv
764,0,0,0,Reader_1_5.csv
764,0,0,0,Reader_1_6.csv
764,2,1,1,Reader_1_7.csv
764,0,0,0,Reader_1_8.csv
764,0,0,0,Reader_1_9.csv
764,16,16,0,Reader_2_1.csv
764,0,0,0,Reader_2_10.csv
764,0,0,0,Reader_2_11.csv
764,2,1,1,Reader_2_12.csv
764,1,1,0,Reader_2_2.csv
764,1,1,0,Reader_2_3.csv
764,0,0,0,Reader_2_4.csv
764,2,1,1,Reader_2_5.csv
764,2,2,0,Reader_2_6.csv
764,2,2,0,Reader_2_7.csv
764,0,0,0,Reader_2_8.csv
764,0,0,0,Reader_2_9.csv
764,21,19,2,reader_3_1.csv
764,9,9,0,Reader_3_2.csv
764,18,9,9,Reader_3_3.csv
764,18,9,9,Reader_3_4.csv
764,1,1,0,Reader_3_5.csv
764,10,4,6,Reader_3_6.csv
764,0,0,0,Reader_3_7.csv
765,6,6,0,Reader_1_1.csv
765,1,1,0,Reader_1_10.csv
765,1,1,0,Reader_1_11.csv
765,6,5,1,Reader_1_12.csv
765,3,2,1,Reader_1_2.csv
765,1,1,0,Reader_1_3.csv
765,1,1,0,Reader_1_4.csv
765,0,0,0,Reader_1_5.csv
765,0,0,0,Reader_1_6.csv
765,2,1,1,Reader_1_7.csv
765,0,0,0,Reader_1_8.csv
765,0,0,0,Reader_1_9.csv
765,14,14,0,Reader_2_1.csv
765,0,0,0,Reader_2_10.csv
765,0,0,0,Reader_2_11.csv
765,1,1,0,Reader_2_12.csv
765,1,1,0,Reader_2_2.csv
765,0,0,0,Reader_2_3.csv
765,0,0,0,Reader_2_4.csv
765,2,1,1,Reader_2_5.csv
765,2,2,0,Reader_2_6.csv
765,1,1,0,Reader_2_7.csv
765,0,0,0,Reader_2_8.csv
765,0,0,0,Reader_2_9.csv
765,21,18,3,reader_3_1.csv
765,7,7,0,Reader_3_2.csv
765,19,10,9,Reader_3_3.csv
765,19,10,9,Reader_3_4.csv
765,1,1,0,Reader_3_5.csv
765,10,5,5,Reader_3_6.csv
765,0,0,0,Reader_3_7.csv
766,5,5,0,Reader_1_1.csv
766,1,1,0,Reader_1_10.csv
766,1,1,0,Reader_1_11.csv
766,6,5,1,Reader_1_12.csv
766,5,4,1,Reader_1_2.csv
766,1,1,0,Reader_1_3.csv
766,1,1,0,Reader_1_4.csv
766,0,0,0,Reader_1_5.csv
766,0,0,0,Reader_1_6.csv
766,2,1,1,Reader_1_7.csv
766,0,0,0,Reader_1_8.csv
766,0,0,0,Reader_1_9.csv
766,13,13,0,Reader_2_1.csv
766,0,0,0,Reader_2_10.csv
766,0,0,0,Reader_2_11.csv
766,1,1,0,Reader_2_12.csv
766,1,1,0,Reader_2_2.csv
766,0,0,0,Reader_2_3.csv
766,0,0,0,Reader_2_4.csv
766,2,1,1,Reader_2_5.csv
766,2,2,0,Reader_2_6.csv
766,1,1,0,Reader_2_7.csv
766,0,0,0,Reader_2_8.csv
766,0,0,0,Reader_2_9.csv
766,18,15,3,reader_3_1.csv
766,6,6,0,Reader_3_2.csv
766,22,12,10,Reader_3_3.csv
766,22,12,10,Reader_3_4.csv
766,1,1,0,Reader_3_5.csv
766,10,5,5,Reader_3_6.csv
766,0,0,0,Reader_3_7.csv
767,4,4,0,Reader_1_1.csv
767,1,1,0,Reader_1_10.csv
767,1,1,0,Reader_1_11.csv
767,5,5,0,Reader_1_12.csv
767,5,4,1,Reader_1_2.csv
767,1,1,0,Reader_1_3.csv
767,1,1,0,Reader_1_4.csv
767,0,0,0,Reader_1_5.csv
767,0,0,0,Reader_1_6.csv
767,2,1,1,Reader_1_7.csv
767,0,0,0,Reader_1_8.csv
767,0,0,0,Reader_1_9.csv
767,12,12,0,Reader_2_1.csv
767,0,0,0,Reader_2_10.csv
767,0,0,0,Reader_2_11.csv
767,2,2,0,Reader_2_12.csv
767,0,0,0,Reader_2_2.csv
767,0,0,0,Reader_2_3.csv
767,0,0,0,Reader_2_4.csv
767,2,1,1,Reader_2_5.csv
767,2,2,0,Reader_2_6.csv
767,1,1,0,Reader_2_7.csv
767,0,0,0,Reader_2_8.csv
767,0,0,0,Reader_2_9.csv
767,13,11,2,reader_3_1.csv
767,5,5,0,Reader_3_2.csv
767,24,13,11,Reader_3_3.csv
767,24,13,11,Reader_3_4.csv
767,1,1,0,Reader_3_5.csv
767,8,4,4,Reader_3_6.csv
767,0,0,0,Reader_3_7.csv
768,6,5,1,Reader_1_1.csv
768,2,2,0,Reader_1_10.csv
768,1,1,0,Reader_1_11.csv
768,4,4,0,Reader_1_12.csv
768,4,4,0,Reader_1_2.csv
768,1,1,0,Reader_1_3.csv
768,1,1,0,Reader_1_4.csv
768,0,0,0,Reader_1_5.csv
768,0,0,0,Reader_1_6.csv
768,3,1,2,Reader_1_7.csv
768,0,0,0,Reader_1_8.csv
768,0,0,0,Reader_1_9.csv
768,11,11,0,Reader_2_1.csv
768,0,0,0,Reader_2_10.csv
768,0,0,0,Reader_2_11.csv
768,2,2,0,Reader_2_12.csv
768,0,0,0,Reader_2_2.csv
768,0,0,0,Reader_2_3.csv
768,0,0,0,Reader_2_4.csv
768,2,1,1,Reader_2_5.csv
768,2,2,0,Reader_2_6.csv
768,1,1,0,Reader_2_7.csv
768,0,0,0,Reader_2_8.csv
768,0,0,0,Reader_2_9.csv
768,12,10,2,reader_3_1.csv
768,6,6,0,Reader_3_2.csv
768,29,17,12,Reader_3_3.csv
768,29,17,12,Reader_3_4.csv
768,2,2,0,Reader_3_5.csv
768,8,3,5,Reader_3_6.csv
768,0,0,0,Reader_3_7.csv
769,4,3,1,Reader_1_1.csv
769,2,2,0,Reader_1_10.csv
769,1,1,0,Reader_1_11.csv
769,5,5,0,Reader_1_12.csv
769,4,4,0,Reader_1_2.csv
769,0,0,0,Reader_1_3.csv
769,1,1,0,Reader_1_4.csv
769,0,0,0,Reader_1_5.csv
769,0,0,0,Reader_1_6.csv
769,2,1,1,Reader_1_7.csv
769,0,0,0,Reader_1_8.csv
769,0,0,0,Reader_1_9.csv
769,10,9,1,Reader_2_1.csv
769,0,0,0,Reader_2_10.csv
769,0,0,0,Reader_2_11.csv
769,2,2,0,Reader_2_12.csv
769,0,0,0,Reader_2_2.csv
769,0,0,0,Reader_2_3.csv
769,0,0,0,Reader_2_4.csv
769,2,1,1,Reader_2_5.csv
769,1,1,0,Reader_2_6.csv
769,1,1,0,Reader_2_7.csv
769,0,0,0,Reader_2_8.csv
769,0,0,0,Reader_2_9.csv
769,13,10,3,reader_3_1.csv
769,5,5,0,Reader_3_2.csv
769,28,17,11,Reader_3_3.csv
769,28,17,11,Reader_3_4.csv
769,3,3,0,Reader_3_5.csv
769,7,2,5,Reader_3_6.csv
769,0,0,0,Reader_3_7.csv
770,4,3,1,Reader_1_1.csv
770,2,2,0,Reader_1_10.csv
770,2,2,0,Reader_1_11.csv
770,5,5,0,Reader_1_12.csv
770,6,6,0,Reader_1_2.csv
770,0,0,0,Reader_1_3.csv
770,1,1,0,Reader_1_4.csv
770,0,0,0,Reader_1_5.csv
770,0,0,0,Reader_1_6.csv
770,2,1,1,Reader_1_7.csv
770,1,0,1,Reader_1_8.csv
770,0,0,0,Reader_1_9.csv
770,8,7,1,Reader_2_1.csv
770,0,0,0,Reader_2_10.csv
770,0,0,0,Reader_2_11.csv
770,1,1,0,Reader_2_12.csv
770,0,0,0,Reader_2_2.csv
770,0,0,0,Reader_2_3.csv
770,0,0,0,Reader_2_4.csv
770,1,1,0,Reader_2_5.csv
770,0,0,0,Reader_2_6.csv
770,1,1,0,Reader_2_7.csv
770,0,0,0,Reader_2_8.csv
770,0,0,0,Reader_2_9.csv
770,10,7,3,reader_3_1.csv
770,5,5,0,Reader_3_2.csv
770,29,18,11,Reader_3_3.csv
770,29,18,11,Reader_3_4.csv
770,3,3,0,Reader_3_5.csv
770,8,3,5,Reader_3_6.csv
770,0,0,0,Reader_3_7.csv
771,4,3,1,Reader_1_1.csv
771,2,2,0,Reader_1_10.csv
771,2,2,0,Reader_1_11.csv
771,6,6,0,Reader_1_12.csv
771,8,8,0,Reader_1_2.csv
771,0,0,0,Reader_1_3.csv
771,1,1,0,Reader_1_4.csv
771,0,0,0,Reader_1_5.csv
771,0,0,0,Reader_1_6.csv
771,2,1,1,Reader_1_7.csv
771,1,0,1,Reader_1_8.csv
771,0,0,0,Reader_1_9.csv
771,6,5,1,Reader_2_1.csv
771,0,0,0,Reader_2_10.csv
771,0,0,0,Reader_2_11.csv
771,1,1,0,Reader_2_12.csv
771,0,0,0,Reader_2_2.csv
771,0,0,0,Reader_2_3.csv
771,0,0,0,Reader_2_4.csv
771,1,1,0,Reader_2_5.csv
771,0,0,0,Reader_2_6.csv
771,0,0,0,Reader_2_7.csv
771,0,0,0,Reader_2_8.csv
771,0,0,0,Reader_2_9.csv
771,10,8,2,reader_3_1.csv
771,5,5,0,Reader_3_2.csv
771,29,17,12,Reader_3_3.csv
771,29,17,12,Reader_3_4.csv
771,3,3,0,Reader_3_5.csv
771,11,5,6,Reader_3_6.csv
771,0,0,0,Reader_3_7.csv
772,5,4,1,Reader_1_1.csv
772,2,2,0,Reader_1_10.csv
772,1,1,0,Reader_1_11.csv
772,6,6,0,Reader_1_12.csv
772,10,10,0,Reader_1_2.csv
772,0,0,0,Reader_1_3.csv
772,1,1,0,Reader_1_4.csv
772,1,1,0,Reader_1_5.csv
772,0,0,0,Reader_1_6.csv
772,1,0,1,Reader_1_7.csv
772,1,0,1,Reader_1_8.csv
772,0,0,0,Reader_1_9.csv
772,4,3,1,Reader_2_1.csv
772,0,0,0,Reader_2_10.csv
772,0,0,0,Reader_2_11.csv
772,1,1,0,Reader_2_12.csv
772,0,0,0,Reader_2_2.csv
772,0,0,0,Reader_2_3.csv
772,0,0,0,Reader_2_4.csv
772,0,0,0,Reader_2_5.csv
772,1,1,0,Reader_2_6.csv
772,0,0,0,Reader_2_7.csv
772,0,0,0,Reader_2_8.csv
772,0,0,0,Reader_2_9.csv
772,14,11,3,reader_3_1.csv
772,5,5,0,Reader_3_2.csv
772,25,16,9,Reader_3_3.csv
772,25,16,9,Reader_3_4.csv
772,4,4,0,Reader_3_5.csv
772,10,5,5,Reader_3_6.csv
772,0,0,0,Reader_3_7.csv
773,6,4,2,Reader_1_1.csv
773,1,1,0,Reader_1_10.csv
773,1,1,0,Reader_1_11.csv
773,5,5,0,Reader_1_12.csv
773,10,10,0,Reader_1_2.csv
773,0,0,0,Reader_1_3.csv
773,0,0,0,Reader_1_4.csv
773,1,1,0,Reader_1_5.csv
773,0,0,0,Reader_1_6.csv
773,1,0,1,Reader_1_7.csv
773,1,0,1,Reader_1_8.csv
773,0,0,0,Reader_1_9.csv
773,5,4,1,Reader_2_1.csv
773,0,0,0,Reader_2_10.csv
773,0,0,0,Reader_2_11.csv
773,1,1,0,Reader_2_12.csv
773,0,0,0,Reader_2_2.csv
773,0,0,0,Reader_2_3.csv
773,0,0,0,Reader_2_4.csv
773,1,0,1,Reader_2_5.csv
773,1,1,0,Reader_2_6.csv
773,0,0,0,Reader_2_7.csv
773,0,0,0,Reader_2_8.csv
773,0,0,0,Reader_2_9.csv
773,20,15,5,reader_3_1.csv
773,7,7,0,Reader_3_2.csv
773,23,15,8,Reader_3_3.csv
773,23,15,8,Reader_3_4.csv
773,6,6,0,Reader_3_5.csv
773,10,5,5,Reader_3_6.csv
773,0,0,0,Reader_3_7.csv
774,5,3,2,Reader_1_1.csv
774,1,1,0,Reader_1_10.csv
774,1,1,0,Reader_1_11.csv
774,6,6,0,Reader_1_12.csv
774,10,9,1,Reader_1_2.csv
774,0,0,0,Reader_1_3.csv
774,0,0,0,Reader_1_4.csv
774,1,1,0,Reader_1_5.csv
774,0,0,0,Reader_1_6.csv
774,2,1,1,Reader_1_7.csv
774,1,0,1,Reader_1_8.csv
774,0,0,0,Reader_1_9.csv
774,5,4,1,Reader_2_1.csv
774,0,0,0,Reader_2_10.csv
774,0,0,0,Reader_2_11.csv
774,1,1,0,Reader_2_12.csv
774,0,0,0,Reader_2_2.csv
774,0,0,0,Reader_2_3.csv
774,0,0,0,Reader_2_4.csv
774,1,0,1,Reader_2_5.csv
774,1,1,0,Reader_2_6.csv
774,0,0,0,Reader_2_7.csv
774,0,0,0,Reader_2_8.csv
774,0,0,0,Reader_2_9.csv
774,36,23,13,reader_3_1.csv
774,5,5,0,Reader_3_2.csv
774,23,14,9,Reader_3_3.csv
774,23,14,9,Reader_3_4.csv
774,7,7,0,Reader_3_5.csv
774,10,5,5,Reader_3_6.csv
774,0,0,0,Reader_3_7.csv
775,5,3,2,Reader_1_1.csv
775,1,1,0,Reader_1_10.csv
775,1,1,0,Reader_1_11.csv
775,5,5,0,Reader_1_12.csv
775,11,10,1,Reader_1_2.csv
775,0,0,0,Reader_1_3.csv
775,0,0,0,Reader_1_4.csv
775,2,2,0,Reader_1_5.csv
775,0,0,0,Reader_1_6.csv
775,2,1,1,Reader_1_7.csv
775,1,0,1,Reader_1_8.csv
775,0,0,0,Reader_1_9.csv
775,5,4,1,Reader_2_1.csv
775,0,0,0,Reader_2_10.csv
775,0,0,0,Reader_2_11.csv
775,0,0,0,Reader_2_12.csv
775,0,0,0,Reader_2_2.csv
775,0,0,0,Reader_2_3.csv
775,0,0,0,Reader_2_4.csv
775,1,0,1,Reader_2_5.csv
775,1,1,0,Reader_2_6.csv
775,0,0,0,Reader_2_7.csv
775,0,0,0,Reader_2_8.csv
775,0,0,0,Reader_2_9.csv
775,49,32,17,reader_3_1.csv
775,5,5,0,Reader_3_2.csv
775,21,12,9,Reader_3_3.csv
775,21,12,9,Reader_3_4.csv
775,8,8,0,Reader_3_5.csv
775,14,7,7,Reader_3_6.csv
775,1,1,0,Reader_3_7.csv
776,3,2,1,Reader_1_1.csv
776,0,0,0,Reader_1_10.csv
776,1,1,0,Reader_1_11.csv
776,4,4,0,Reader_1_12.csv
776,10,9,1,Reader_1_2.csv
776,0,0,0,Reader_1_3.csv
776,0,0,0,Reader_1_4.csv
776,2,2,0,Reader_1_5.csv
776,0,0,0,Reader_1_6.csv
776,1,1,0,Reader_1_7.csv
776,2,1,1,Reader_1_8.csv
776,0,0,0,Reader_1_9.csv
776,5,4,1,Reader_2_1.csv
776,0,0,0,Reader_2_10.csv
776,0,0,0,Reader_2_11.csv
776,0,0,0,Reader_2_12.csv
776,0,0,0,Reader_2_2.csv
776,0,0,0,Reader_2_3.csv
776,0,0,0,Reader_2_4.csv
776,1,0,1,Reader_2_5.csv
776,2,2,0,Reader_2_6.csv
776,0,0,0,Reader_2_7.csv
776,0,0,0,Reader_2_8.csv
776,0,0,0,Reader_2_9.csv
776,60,39,21,reader_3_1.csv
776,6,6,0,Reader_3_2.csv
776,15,7,8,Reader_3_3.csv
776,15,7,8,Reader_3_4.csv
776,8,8,0,Reader_3_5.csv
776,15,7,8,Reader_3_6.csv
776,1,1,0,Reader_3_7.csv
777,3,2,1,Reader_1_1.csv
777,0,0,0,Reader_1_10.csv
777,2,1,1,Reader_1_11.csv
777,4,4,0,Reader_1_12.csv
777,13,11,2,Reader_1_2.csv
777,0,0,0,Reader_1_3.csv
777,0,0,0,Reader_1_4.csv
777,2,2,0,Reader_1_5.csv
777,0,0,0,Reader_1_6.csv
777,1,1,0,Reader_1_7.csv
777,3,1,2,Reader_1_8.csv
777,0,0,0,Reader_1_9.csv
777,4,4,0,Reader_2_1.csv
777,0,0,0,Reader_2_10.csv
777,0,0,0,Reader_2_11.csv
777,0,0,0,Reader_2_12.csv
777,0,0,0,Reader_2_2.csv
777,0,0,0,Reader_2_3.csv
777,0,0,0,Reader_2_4.csv
777,1,0,1,Reader_2_5.csv
777,2,2,0,Reader_2_6.csv
777,0,0,0,Reader_2_7.csv
777,0,0,0,Reader_2_8.csv
777,0,0,0,Reader_2_9.csv
777,74,48,26,reader_3_1.csv
777,9,9,0,Reader_3_2.csv
777,12,5,7,Reader_3_3.csv
777,12,5,7,Reader_3_4.csv
777,8,8,0,Reader_3_5.csv
777,16,9,7,Reader_3_6.csv
777,1,1,0,Reader_3_7.csv
778,2,1,1,Reader_1_1.csv
778,0,0,0,Reader_1_10.csv
778,1,0,1,Reader_1_11.csv
778,4,4,0,Reader_1_12.csv
778,11,9,2,Reader_1_2.csv
778,0,0,0,Reader_1_3.csv
778,0,0,0,Reader_1_4.csv
778,2,2,0,Reader_1_5.csv
778,0,0,0,Reader_1_6.csv
778,1,1,0,Reader_1_7.csv
778,2,1,1,Reader_1_8.csv
778,0,0,0,Reader_1_9.csv
778,4,4,0,Reader_2_1.csv
778,0,0,0,Reader_2_10.csv
778,0,0,0,Reader_2_11.csv
778,0,0,0,Reader_2_12.csv
778,0,0,0,Reader_2_2.csv
778,0,0,0,Reader_2_3.csv
778,0,0,0,Reader_2_4.csv
778,1,0,1,Reader_2_5.csv
778,2,2,0,Reader_2_6.csv
778,0,0,0,Reader_2_7.csv
778,0,0,0,Reader_2_8.csv
778,0,0,0,Reader_2_9.csv
778,83,55,28,reader_3_1.csv
778,9,9,0,Reader_3_2.csv
778,11,6,5,Reader_3_3.csv
778,11,6,5,Reader_3_4.csv
778,10,10,0,Reader_3_5.csv
778,13,8,5,Reader_3_6.csv
778,1,1,0,Reader_3_7.csv
779,2,1,1,Reader_1_1.csv
779,0,0,0,Reader_1_10.csv
779,1,0,1,Reader_1_11.csv
779,3,3,0,Reader_1_12.csv
779,10,8,2,Reader_1_2.csv
779,0,0,0,Reader_1_3.csv
779,0,0,0,Reader_1_4.csv
779,3,3,0,Reader_1_5.csv
779,0,0,0,Reader_1_6.csv
779,1,1,0,Reader_1_7.csv
779,3,2,1,Reader_1_8.csv
779,0,0,0,Reader_1_9.csv
779,4,4,0,Reader_2_1.csv
779,0,0,0,Reader_2_10.csv
779,0,0,0,Reader_2_11.csv
779,0,0,0,Reader_2_12.csv
779,0,0,0,Reader_2_2.csv
779,0,0,0,Reader_2_3.csv
779,0,0,0,Reader_2_4.csv
779,1,0,1,Reader_2_5.csv
779,2,2,0,Reader_2_6.csv
779,0,0,0,Reader_2_7.csv
779,0,0,0,Reader_2_8.csv
779,0,0,0,Reader_2_9.csv
779,87,58,29,reader_3_1.csv
779,10,10,0,Reader_3_2.csv
779,9,6,3,Reader_3_3.csv
779,9,6,3,Reader_3_4.csv
779,11,11,0,Reader_3_5.csv
779,10,6,4,Reader_3_6.csv
779,1,1,0,Reader_3_7.csv
780,1,0,1,Reader_1_1.csv
780,0,0,0,Reader_1_10.csv
780,1,0,1,Reader_1_11.csv
780,4,4,0,Reader_1_12.csv
780,10,7,3,Reader_1_2.csv
780,0,0,0,Reader_1_3.csv
780,0,0,0,Reader_1_4.csv
780,2,2,0,Reader_1_5.csv
780,0,0,0,Reader_1_6.csv
780,1,1,0,Reader_1_7.csv
780,3,2,1,Reader_1_8.csv
780,0,0,0,Reader_1_9.csv
780,4,4,0,Reader_2_1.csv
780,0,0,0,Reader_2_10.csv
780,0,0,0,Reader_2_11.csv
780,1,1,0,Reader_2_12.csv
780,0,0,0,Reader_2_2.csv
780,0,0,0,Reader_2_3.csv
780,0,0,0,Reader_2_4.csv
780,1,0,1,Reader_2_5.csv
780,2,2,0,Reader_2_6.csv
780,0,0,0,Reader_2_7.csv
780,0,0,0,Reader_2_8.csv
780,0,0,0,Reader_2_9.csv
780,87,59,28,reader_3_1.csv
780,11,11,0,Reader_3_2.csv
780,10,6,4,Reader_3_3.csv
780,10,6,4,Reader_3_4.csv
780,10,10,0,Reader_3_5.csv
780,11,7,4,Reader_3_6.csv
780,1,1,0,Reader_3_7.csv
781,0,0,0,Reader_1_1.csv
781,0,0,0,Reader_1_10.csv
781,1,0,1,Reader_1_11.csv
781,3,3,0,Reader_1_12.csv
781,10,7,3,Reader_1_2.csv
781,0,0,0,Reader_1_3.csv
781,0,0,0,Reader_1_4.csv
781,2,2,0,Reader_1_5.csv
781,0,0,0,Reader_1_6.csv
781,1,1,0,Reader_1_7.csv
781,3,2,1,Reader_1_8.csv
781,0,0,0,Reader_1_9.csv
781,3,3,0,Reader_2_1.csv
781,0,0,0,Reader_2_10.csv
781,0,0,0,Reader_2_11.csv
781,1,1,0,Reader_2_12.csv
781,0,0,0,Reader_2_2.csv
781,0,0,0,Reader_2_3.csv
781,0,0,0,Reader_2_4.csv
781,0,0,0,Reader_2_5.csv
781,2,2,0,Reader_2_6.csv
781,0,0,0,Reader_2_7.csv
781,0,0,0,Reader_2_8.csv
781,0,0,0,Reader_2_9.csv
781,94,64,30,reader_3_1.csv
781,9,8,1,Reader_3_2.csv
781,9,5,4,Reader_3_3.csv
781,9,5,4,Reader_3_4.csv
781,8,8,0,Reader_3_5.csv
781,12,8,4,Reader_3_6.csv
781,2,2,0,Reader_3_7.csv
782,2,1,1,Reader_1_1.csv
782,1,1,0,Reader_1_10.csv
782,1,0,1,Reader_1_11.csv
782,2,2,0,Reader_1_12.csv
782,8,6,2,Reader_1_2.csv
782,0,0,0,Reader_1_3.csv
782,0,0,0,Reader_1_4.csv
782,2,2,0,Reader_1_5.csv
782,0,0,0,Reader_1_6.csv
782,0,0,0,Reader_1_7.csv
782,3,2,1,Reader_1_8.csv
782,0,0,0,Reader_1_9.csv
782,4,4,0,Reader_2_1.csv
782,0,0,0,Reader_2_10.csv
782,0,0,0,Reader_2_11.csv
782,1,1,0,Reader_2_12.csv
782,0,0,0,Reader_2_2.csv
782,0,0,0,Reader_2_3.csv
782,0,0,0,Reader_2_4.csv
782,0,0,0,Reader_2_5.csv
782,2,2,0,Reader_2_6.csv
782,0,0,0,Reader_2_7.csv
782,0,0,0,Reader_2_8.csv
782,0,0,0,Reader_2_9.csv
782,89,65,24,reader_3_1.csv
782,11,9,2,Reader_3_2.csv
782,7,4,3,Reader_3_3.csv
782,7,4,3,Reader_3_4.csv
782,8,8,0,Reader_3_5.csv
782,15,9,6,Reader_3_6.csv
782,3,3,0,Reader_3_7.csv
783,2,1,1,Reader_1_1.csv
783,1,1,0,Reader_1_10.csv
783,1,0,1,Reader_1_11.csv
783,2,2,0,Reader_1_12.csv
783,8,5,3,Reader_1_2.csv
783,1,1,0,Reader_1_3.csv
783,0,0,0,Reader_1_4.csv
783,2,2,0,Reader_1_5.csv
783,0,0,0,Reader_1_6.csv
783,0,0,0,Reader_1_7.csv
783,3,2,1,Reader_1_8.csv
783,0,0,0,Reader_1_9.csv
783,4,4,0,Reader_2_1.csv
783,0,0,0,Reader_2_10.csv
783,0,0,0,Reader_2_11.csv
783,3,3,0,Reader_2_12.csv
783,0,0,0,Reader_2_2.csv
783,0,0,0,Reader_2_3.csv
783,0,0,0,Reader_2_4.csv
783,0,0,0,Reader_2_5.csv
783,2,2,0,Reader_2_6.csv
783,0,0,0,Reader_2_7.csv
783,0,0,0,Reader_2_8.csv
783,0,0,0,Reader_2_9.csv
783,84,64,20,reader_3_1.csv
783,10,8,2,Reader_3_2.csv
783,7,4,3,Reader_3_3.csv
783,7,4,3,Reader_3_4.csv
783,7,7,0,Reader_3_5.csv
783,13,8,5,Reader_3_6.csv
783,2,2,0,Reader_3_7.csv
784,2,1,1,Reader_1_1.csv
784,1,1,0,Reader_1_10.csv
784,2,0,2,Reader_1_11.csv
784,2,2,0,Reader_1_12.csv
784,7,4,3,Reader_1_2.csv
784,1,1,0,Reader_1_3.csv
784,0,0,0,Reader_1_4.csv
784,3,2,1,Reader_1_5.csv
784,0,0,0,Reader_1_6.csv
784,0,0,0,Reader_1_7.csv
784,2,1,1,Reader_1_8.csv
784,0,0,0,Reader_1_9.csv
784,4,4,0,Reader_2_1.csv
784,0,0,0,Reader_2_10.csv
784,0,0,0,Reader_2_11.csv
784,3,3,0,Reader_2_12.csv
784,0,0,0,Reader_2_2.csv
784,0,0,0,Reader_2_3.csv
784,0,0,0,Reader_2_4.csv
784,0,0,0,Reader_2_5.csv
784,2,2,0,Reader_2_6.csv
784,0,0,0,Reader_2_7.csv
784,0,0,0,Reader_2_8.csv
784,0,0,0,Reader_2_9.csv
784,86,69,17,reader_3_1.csv
784,10,7,3,Reader_3_2.csv
784,8,5,3,Reader_3_3.csv
784,8,5,3,Reader_3_4.csv
784,6,6,0,Reader_3_5.csv
784,13,9,4,Reader_3_6.csv
784,3,3,0,Reader_3_7.csv
785,2,1,1,Reader_1_1.csv
785,1,1,0,Reader_1_10.csv
785,1,0,1,Reader_1_11.csv
785,1,1,0,Reader_1_12.csv
785,7,5,2,Reader_1_2.csv
785,1,1,0,Reader_1_3.csv
785,0,0,0,Reader_1_4.csv
785,4,3,1,Reader_1_5.csv
785,0,0,0,Reader_1_6.csv
785,0,0,0,Reader_1_7.csv
785,1,1,0,Reader_1_8.csv
785,0,0,0,Reader_1_9.csv
785,4,4,0,Reader_2_1.csv
785,0,0,0,Reader_2_10.csv
785,0,0,0,Reader_2_11.csv
785,3,3,0,Reader_2_12.csv
785,1,1,0,Reader_2_2.csv
785,0,0,0,Reader_2_3.csv
785,0,0,0,Reader_2_4.csv
785,0,0,0,Reader_2_5.csv
785,2,2,0,Reader_2_6.csv
785,0,0,0,Reader_2_7.csv
785,0,0,0,Reader_2_8.csv
785,0,0,0,Reader_2_9.csv
785,84,69,15,reader_3_1.csv
785,10,7,3,Reader_3_2.csv
785,9,5,4,Reader_3_3.csv
785,9,5,4,Reader_3_4.csv
785,6,6,0,Reader_3_5.csv
785,11,7,4,Reader_3_6.csv
785,3,3,0,Reader_3_7.csv
786,3,2,1,Reader_1_1.csv
786,2,2,0,Reader_1_10.csv
786,1,0,1,Reader_1_11.csv
786,2,2,0,Reader_1_12.csv
786,7,5,2,Reader_1_2.csv
786,1,1,0,Reader_1_3.csv
786,0,0,0,Reader_1_4.csv
786,4,3,1,Reader_1_5.csv
786,0,0,0,Reader_1_6.csv
786,0,0,0,Reader_1_7.csv
786,1,1,0,Reader_1_8.csv
786,0,0,0,Reader_1_9.csv
786,4,4,0,Reader_2_1.csv
786,0,0,0,Reader_2_10.csv
786,0,0,0,Reader_2_11.csv
786,3,3,0,Reader_2_12.csv
786,1,1,0,Reader_2_2.csv
786,0,0,0,Reader_2_3.csv
786,0,0,0,Reader_2_4.csv
786,0,0,0,Reader_2_5.csv
786,2,2,0,Reader_2_6.csv
786,0,0,0,Reader_2_7.csv
786,0,0,0,Reader_2_8.csv
786,0,0,0,Reader_2_9.csv
786,89,70,19,reader_3_1.csv
786,15,12,3,Reader_3_2.csv
786,8,4,4,Reader_3_3.csv
786,8,4,4,Reader_3_4.csv
786,4,4,0,Reader_3_5.csv
786,11,7,4,Reader_3_6.csv
786,3,3,0,Reader_3_7.csv
787,3,2,1,Reader_1_1.csv
787,2,2,0,Reader_1_10.csv
787,1,0,1,Reader_1_11.csv
787,2,2,0,Reader_1_12.csv
787,6,4,2,Reader_1_2.csv
787,1,1,0,Reader_1_3.csv
787,0,0,0,Reader_1_4.csv
787,5,4,1,Reader_1_5.csv
787,0,0,0,Reader_1_6.csv
787,0,0,0,Reader_1_7.csv
787,0,0,0,Reader_1_8.csv
787,0,0,0,Reader_1_9.csv
787,6,6,0,Reader_2_1.csv
787,0,0,0,Reader_2_10.csv
787,0,0,0,Reader_2_11.csv
787,3,3,0,Reader_2_12.csv
787,1,1,0,Reader_2_2.csv
787,0,0,0,Reader_2_3.csv
787,0,0,0,Reader_2_4.csv
787,0,0,0,Reader_2_5.csv
787,2,2,0,Reader_2_6.csv
787,0,0,0,Reader_2_7.csv
787,0,0,0,Reader_2_8.csv
787,0,0,0,Reader_2_9.csv
787,94,76,18,reader_3_1.csv
787,17,13,4,Reader_3_2.csv
787,9,3,6,Reader_3_3.csv
787,9,3,6,Reader_3_4.csv
787,4,3,1,Reader_3_5.csv
787,11,7,4,Reader_3_6.csv
787,3,3,0,Reader_3_7.csv
788,3,2,1,Reader_1_1.csv
788,2,2,0,Reader_1_10.csv
788,1,0,1,Reader_1_11.csv
788,4,3,1,Reader_1_12.csv
788,4,3,1,Reader_1_2.csv
788,1,1,0,Reader_1_3.csv
788,0,0,0,Reader_1_4.csv
788,7,6,1,Reader_1_5.csv
788,0,0,0,Reader_1_6.csv
788,0,0,0,Reader_1_7.csv
788,0,0,0,Reader_1_8.csv
788,0,0,0,Reader_1_9.csv
788,5,5,0,Reader_2_1.csv
788,0,0,0,Reader_2_10.csv
788,0,0,0,Reader_2_11.csv
788,3,3,0,Reader_2_12.csv
788,1,1,0,Reader_2_2.csv
788,0,0,0,Reader_2_3.csv
788,0,0,0,Reader_2_4.csv
788,0,0,0,Reader_2_5.csv
788,1,1,0,Reader_2_6.csv
788,0,0,0,Reader_2_7.csv
788,0,0,0,Reader_2_8.csv
788,0,0,0,Reader_2_9.csv
788,105,81,24,reader_3_1.csv
788,17,13,4,Reader_3_2.csv
788,8,3,5,Reader_3_3.csv
788,8,3,5,Reader_3_4.csv
788,5,4,1,Reader_3_5.csv
788,11,7,4,Reader_3_6.csv
788,3,3,0,Reader_3_7.csv
789,4,3,1,Reader_1_1.csv
789,2,2,0,Reader_1_10.csv
789,1,0,1,Reader_1_11.csv
789,4,3,1,Reader_1_12.csv
789,4,3,1,Reader_1_2.csv
789,1,1,0,Reader_1_3.csv
789,0,0,0,Reader_1_4.csv
789,8,7,1,Reader_1_5.csv
789,0,0,0,Reader_1_6.csv
789,0,0,0,Reader_1_7.csv
789,0,0,0,Reader_1_8.csv
789,0,0,0,Reader_1_9.csv
789,5,5,0,Reader_2_1.csv
789,0,0,0,Reader_2_10.csv
789,0,0,0,Reader_2_11.csv
789,3,3,0,Reader_2_12.csv
789,1,1,0,Reader_2_2.csv
789,0,0,0,Reader_2_3.csv
789,0,0,0,Reader_2_4.csv
789,1,1,0,Reader_2_5.csv
789,1,1,0,Reader_2_6.csv
789,0,0,0,Reader_2_7.csv
789,0,0,0,Reader_2_8.csv
789,0,0,0,Reader_2_9.csv
789,106,84,22,reader_3_1.csv
789,19,16,3,Reader_3_2.csv
789,7,2,5,Reader_3_3.csv
789,7,2,5,Reader_3_4.csv
789,7,6,1,Reader_3_5.csv
789,9,5,4,Reader_3_6.csv
789,2,2,0,Reader_3_7.csv
790,3,3,0,Reader_1_1.csv
790,1,1,0,Reader_1_10.csv
790,1,0,1,Reader_1_11.csv
790,4,3,1,Reader_1_12.csv
790,4,3,1,Reader_1_2.csv
790,1,1,0,Reader_1_3.csv
790,0,0,0,Reader_1_4.csv
790,8,7,1,Reader_1_5.csv
790,0,0,0,Reader_1_6.csv
790,0,0,0,Reader_1_7.csv
790,0,0,0,Reader_1_8.csv
790,0,0,0,Reader_1_9.csv
790,4,4,0,Reader_2_1.csv
790,0,0,0,Reader_2_10.csv
790,1,1,0,Reader_2_11.csv
790,3,3,0,Reader_2_12.csv
790,1,1,0,Reader_2_2.csv
790,0,0,0,Reader_2_3.csv
790,0,0,0,Reader_2_4.csv
790,2,1,1,Reader_2_5.csv
790,1,1,0,Reader_2_6.csv
790,0,0,0,Reader_2_7.csv
790,0,0,0,Reader_2_8.csv
790,0,0,0,Reader_2_9.csv
790,111,88,23,reader_3_1.csv
790,19,15,4,Reader_3_2.csv
790,6,2,4,Reader_3_3.csv
790,6,2,4,Reader_3_4.csv
790,6,5,1,Reader_3_5.csv
790,7,5,2,Reader_3_6.csv
790,1,1,0,Reader_3_7.csv
791,3,3,0,Reader_1_1.csv
791,1,1,0,Reader_1_10.csv
791,1,0,1,Reader_1_11.csv
791,4,3,1,Reader_1_12.csv
791,4,3,1,Reader_1_2.csv
791,1,1,0,Reader_1_3.csv
791,0,0,0,Reader_1_4.csv
791,7,6,1,Reader_1_5.csv
791,0,0,0,Reader_1_6.csv
791,0,0,0,Reader_1_7.csv
791,0,0,0,Reader_1_8.csv
791,0,0,0,Reader_1_9.csv
791,4,4,0,Reader_2_1.csv
791,0,0,0,Reader_2_10.csv
791,1,1,0,Reader_2_11.csv
791,1,1,0,Reader_2_12.csv
791,1,1,0,Reader_2_2.csv
791,0,0,0,Reader_2_3.csv
791,0,0,0,Reader_2_4.csv
791,2,1,1,Reader_2_5.csv
791,1,1,0,Reader_2_6.csv
791,0,0,0,Reader_2_7.csv
791,0,0,0,Reader_2_8.csv
791,0,0,0,Reader_2_9.csv
791,117,93,24,reader_3_1.csv
791,20,16,4,Reader_3_2.csv
791,5,2,3,Reader_3_3.csv
791,5,2,3,Reader_3_4.csv
791,5,4,1,Reader_3_5.csv
791,5,4,1,Reader_3_6.csv
791,1,1,0,Reader_3_7.csv
792,3,3,0,Reader_1_1.csv
792,2,1,1,Reader_1_10.csv
792,0,0,0,Reader_1_11.csv
792,4,3,1,Reader_1_12.csv
792,5,4,1,Reader_1_2.csv
792,1,1,0,Reader_1_3.csv
792,0,0,0,Reader_1_4.csv
792,7,7,0,Reader_1_5.csv
792,0,0,0,Reader_1_6.csv
792,0,0,0,Reader_1_7.csv
792,0,0,0,Reader_1_8.csv
792,1,1,0,Reader_1_9.csv
792,4,4,0,Reader_2_1.csv
792,0,0,0,Reader_2_10.csv
792,1,1,0,Reader_2_11.csv
792,2,2,0,Reader_2_12.csv
792,1,1,0,Reader_2_2.csv
792,0,0,0,Reader_2_3.csv
792,0,0,0,Reader_2_4.csv
792,2,1,1,Reader_2_5.csv
792,0,0,0,Reader_2_6.csv
792,0,0,0,Reader_2_7.csv
792,0,0,0,Reader_2_8.csv
792,0,0,0,Reader_2_9.csv
792,112,87,25,reader_3_1.csv
792,20,17,3,Reader_3_2.csv
792,6,3,3,Reader_3_3.csv
792,6,3,3,Reader_3_4.csv
792,5,4,1,Reader_3_5.csv
792,3,3,0,Reader_3_6.csv
792,0,0,0,Reader_3_7.csv
793,4,4,0,Reader_1_1.csv
793,2,1,1,Reader_1_10.csv
793,0,0,0,Reader_1_11.csv
793,4,3,1,Reader_1_12.csv
793,2,1,1,Reader_1_2.csv
793,2,2,0,Reader_1_3.csv
793,0,0,0,Reader_1_4.csv
793,10,9,1,Reader_1_5.csv
793,0,0,0,Reader_1_6.csv
793,0,0,0,Reader_1_7.csv
793,0,0,0,Reader_1_8.csv
793,1,1,0,Reader_1_9.csv
793,4,4,0,Reader_2_1.csv
793,0,0,0,Reader_2_10.csv
793,1,1,0,Reader_2_11.csv
793,2,2,0,Reader_2_12.csv
793,0,0,0,Reader_2_2.csv
793,0,0,0,Reader_2_3.csv
793,0,0,0,Reader_2_4.csv
793,2,1,1,Reader_2_5.csv
793,0,0,0,Reader_2_6.csv
793,0,0,0,Reader_2_7.csv
793,0,0,0,Reader_2_8.csv
793,0,0,0,Reader_2_9.csv
793,107,86,21,reader_3_1.csv
793,19,16,3,Reader_3_2.csv
793,6,4,2,Reader_3_3.csv
793,6,4,2,Reader_3_4.csv
793,5,4,1,Reader_3_5.csv
793,3,3,0,Reader_3_6.csv
793,0,0,0,Reader_3_7.csv
794,3,3,0,Reader_1_1.csv
794,1,0,1,Reader_1_10.csv
794,0,0,0,Reader_1_11.csv
794,3,2,1,Reader_1_12.csv
794,2,1,1,Reader_1_2.csv
794,2,2,0,Reader_1_3.csv
794,0,0,0,Reader_1_4.csv
794,11,10,1,Reader_1_5.csv
794,0,0,0,Reader_1_6.csv
794,0,0,0,Reader_1_7.csv
794,0,0,0,Reader_1_8.csv
794,1,1,0,Reader_1_9.csv
794,5,5,0,Reader_2_1.csv
794,0,0,0,Reader_2_10.csv
794,3,3,0,Reader_2_11.csv
794,2,2,0,Reader_2_12.csv
794,0,0,0,Reader_2_2.csv
794,0,0,0,Reader_2_3.csv
794,0,0,0,Reader_2_4.csv
794,2,1,1,Reader_2_5.csv
794,0,0,0,Reader_2_6.csv
794,0,0,0,Reader_2_7.csv
794,0,0,0,Reader_2_8.csv
794,0,0,0,Reader_2_9.csv
794,97,81,16,reader_3_1.csv
794,14,11,3,Reader_3_2.csv
794,5,3,2,Reader_3_3.csv
794,5,3,2,Reader_3_4.csv
794,5,4,1,Reader_3_5.csv
794,2,2,0,Reader_3_6.csv
794,0,0,0,Reader_3_7.csv
795,4,4,0,Reader_1_1.csv
795,1,0,1,Reader_1_10.csv
795,0,0,0,Reader_1_11.csv
795,3,2,1,Reader_1_12.csv
795,2,1,1,Reader_1_2.csv
795,2,2,0,Reader_1_3.csv
795,0,0,0,Reader_1_4.csv
795,11,10,1,Reader_1_5.csv
795,0,0,0,Reader_1_6.csv
795,0,0,0,Reader_1_7.csv
795,0,0,0,Reader_1_8.csv
795,1,1,0,Reader_1_9.csv
795,2,2,0,Reader_2_1.csv
795,0,0,0,Reader_2_10.csv
795,3,3,0,Reader_2_11.csv
795,3,2,1,Reader_2_12.csv
795,0,0,0,Reader_2_2.csv
795,1,0,1,Reader_2_3.csv
795,0,0,0,Reader_2_4.csv
795,2,1,1,Reader_2_5.csv
795,0,0,0,Reader_2_6.csv
795,1,0,1,Reader_2_7.csv
795,0,0,0,Reader_2_8.csv
795,0,0,0,Reader_2_9.csv
795,95,78,17,reader_3_1.csv
795,12,9,3,Reader_3_2.csv
795,3,3,0,Reader_3_3.csv
795,3,3,0,Reader_3_4.csv
795,4,4,0,Reader_3_5.csv
795,4,2,2,Reader_3_6.csv
795,0,0,0,Reader_3_7.csv
796,4,4,0,Reader_1_1.csv
796,1,0,1,Reader_1_10.csv
796,1,0,1,Reader_1_11.csv
796,0,0,0,Reader_1_12.csv
796,3,2,1,Reader_1_2.csv
796,2,2,0,Reader_1_3.csv
796,1,1,0,Reader_1_4.csv
796,11,9,2,Reader_1_5.csv
796,0,0,0,Reader_1_6.csv
796,0,0,0,Reader_1_7.csv
796,0,0,0,Reader_1_8.csv
796,1,1,0,Reader_1_9.csv
796,2,2,0,Reader_2_1.csv
796,0,0,0,Reader_2_10.csv
796,4,4,0,Reader_2_11.csv
796,2,1,1,Reader_2_12.csv
796,0,0,0,Reader_2_2.csv
796,1,0,1,Reader_2_3.csv
796,0,0,0,Reader_2_4.csv
796,3,1,2,Reader_2_5.csv
796,0,0,0,Reader_2_6.csv
796,1,0,1,Reader_2_7.csv
796,0,0,0,Reader_2_8.csv
796,0,0,0,Reader_2_9.csv
796,84,73,11,reader_3_1.csv
796,11,8,3,Reader_3_2.csv
796,3,3,0,Reader_3_3.csv
796,3,3,0,Reader_3_4.csv
796,3,3,0,Reader_3_5.csv
796,4,2,2,Reader_3_6.csv
796,0,0,0,Reader_3_7.csv
797,3,3,0,Reader_1_1.csv
797,1,0,1,Reader_1_10.csv
797,1,0,1,Reader_1_11.csv
797,1,1,0,Reader_1_12.csv
797,4,3,1,Reader_1_2.csv
797,2,2,0,Reader_1_3.csv
797,1,1,0,Reader_1_4.csv
797,13,11,2,Reader_1_5.csv
797,0,0,0,Reader_1_6.csv
797,1,1,0,Reader_1_7.csv
797,0,0,0,Reader_1_8.csv
797,1,1,0,Reader_1_9.csv
797,4,4,0,Reader_2_1.csv
797,0,0,0,Reader_2_10.csv
797,4,4,0,Reader_2_11.csv
797,2,1,1,Reader_2_12.csv
797,0,0,0,Reader_2_2.csv
797,1,0,1,Reader_2_3.csv
797,0,0,0,Reader_2_4.csv
797,2,0,2,Reader_2_5.csv
797,0,0,0,Reader_2_6.csv
797,1,0,1,Reader_2_7.csv
797,0,0,0,Reader_2_8.csv
797,0,0,0,Reader_2_9.csv
797,76,68,8,reader_3_1.csv
797,8,5,3,Reader_3_2.csv
797,3,3,0,Reader_3_3.csv
797,3,3,0,Reader_3_4.csv
797,1,1,0,Reader_3_5.csv
797,7,3,4,Reader_3_6.csv
797,0,0,0,Reader_3_7.csv
798,2,2,0,Reader_1_1.csv
798,1,0,1,Reader_1_10.csv
798,1,0,1,Reader_1_11.csv
798,1,1,0,Reader_1_12.csv
798,4,3,1,Reader_1_2.csv
798,2,2,0,Reader_1_3.csv
798,1,1,0,Reader_1_4.csv
798,14,11,3,Reader_1_5.csv
798,0,0,0,Reader_1_6.csv
798,1,1,0,Reader_1_7.csv
798,0,0,0,Reader_1_8.csv
798,1,1,0,Reader_1_9.csv
798,4,4,0,Reader_2_1.csv
798,0,0,0,Reader_2_10.csv
798,3,3,0,Reader_2_11.csv
798,3,2,1,Reader_2_12.csv
798,0,0,0,Reader_2_2.csv
798,2,1,1,Reader_2_3.csv
798,0,0,0,Reader_2_4.csv
798,1,0,1,Reader_2_5.csv
798,0,0,0,Reader_2_6.csv
798,1,0,1,Reader_2_7.csv
798,0,0,0,Reader_2_8.csv
798,0,0,0,Reader_2_9.csv
798,68,63,5,reader_3_1.csv
798,7,5,2,Reader_3_2.csv
798,3,3,0,Reader_3_3.csv
798,3,3,0,Reader_3_4.csv
798,1,1,0,Reader_3_5.csv
798,6,2,4,Reader_3_6.csv
798,0,0,0,Reader_3_7.csv
799,2,2,0,Reader_1_1.csv
799,1,0,1,Reader_1_10.csv
799,1,0,1,Reader_1_11.csv
799,1,1,0,Reader_1_12.csv
799,4,4,0,Reader_1_2.csv
799,3,2,1,Reader_1_3.csv
799,1,1,0,Reader_1_4.csv
799,15,12,3,Reader_1_5.csv
799,0,0,0,Reader_1_6.csv
799,1,1,0,Reader_1_7.csv
799,0,0,0,Reader_1_8.csv
799,1,1,0,Reader_1_9.csv
799,3,3,0,Reader_2_1.csv
799,0,0,0,Reader_2_10.csv
799,3,3,0,Reader_2_11.csv
799,3,2,1,Reader_2_12.csv
799,0,0,0,Reader_2_2.csv
799,3,2,1,Reader_2_3.csv
799,0,0,0,Reader_2_4.csv
799,1,0,1,Reader_2_5.csv
799,0,0,0,Reader_2_6.csv
799,1,0,1,Reader_2_7.csv
799,0,0,0,Reader_2_8.csv
799,0,0,0,Reader_2_9.csv
799,58,54,4,reader_3_1.csv
799,6,4,2,Reader_3_2.csv
799,3,3,0,Reader_3_3.csv
799,3,3,0,Reader_3_4.csv
799,2,2,0,Reader_3_5.csv
799,8,4,4,Reader_3_6.csv
799,0,0,0,Reader_3_7.csv
800,3,3,0,Reader_1_1.csv
800,0,0,0,Reader_1_10.csv
800,1,0,1,Reader_1_11.csv
800,2,2,0,Reader_1_12.csv
800,4,4,0,Reader_1_2.csv
800,3,2,1,Reader_1_3.csv
800,1,1,0,Reader_1_4.csv
800,14,11,3,Reader_1_5.csv
800,0,0,0,Reader_1_6.csv
800,1,1,0,Reader_1_7.csv
800,0,0,0,Reader_1_8.csv
800,0,0,0,Reader_1_9.csv
800,3,3,0,Reader_2_1.csv
800,0,0,0,Reader_2_10.csv
800,3,3,0,Reader_2_11.csv
800,2,1,1,Reader_2_12.csv
800,0,0,0,Reader_2_2.csv
800,3,2,1,Reader_2_3.csv
800,0,0,0,Reader_2_4.csv
800,1,0,1,Reader_2_5.csv
800,0,0,0,Reader_2_6.csv
800,2,1,1,Reader_2_7.csv
800,0,0,0,Reader_2_8.csv
800,0,0,0,Reader_2_9.csv
800,57,54,3,reader_3_1.csv
800,7,5,2,Reader_3_2.csv
800,2,2,0,Reader_3_3.csv
800,2,2,0,Reader_3_4.csv
800,2,2,0,Reader_3_5.csv
800,8,4,4,Reader_3_6.csv
800,0,0,0,Reader_3_7.csv
801,2,2,0,Reader_1_1.csv
801,0,0,0,Reader_1_10.csv
801,1,0,1,Reader_1_11.csv
801,3,3,0,Reader_1_12.csv
801,4,4,0,Reader_1_2.csv
801,3,2,1,Reader_1_3.csv
801,1,1,0,Reader_1_4.csv
801,15,12,3,Reader_1_5.csv
801,0,0,0,Reader_1_6.csv
801,2,2,0,Reader_1_7.csv
801,0,0,0,Reader_1_8.csv
801,0,0,0,Reader_1_9.csv
801,3,3,0,Reader_2_1.csv
801,0,0,0,Reader_2_10.csv
801,3,3,0,Reader_2_11.csv
801,2,1,1,Reader_2_12.csv
801,0,0,0,Reader_2_2.csv
801,3,2,1,Reader_2_3.csv
801,0,0,0,Reader_2_4.csv
801,2,1,1,Reader_2_5.csv
801,0,0,0,Reader_2_6.csv
801,2,1,1,Reader_2_7.csv
801,0,0,0,Reader_2_8.csv
801,0,0,0,Reader_2_9.csv
801,56,53,3,reader_3_1.csv
801,5,3,2,Reader_3_2.csv
801,2,2,0,Reader_3_3.csv
801,2,2,0,Reader_3_4.csv
801,1,1,0,Reader_3_5.csv
801,9,5,4,Reader_3_6.csv
801,0,0,0,Reader_3_7.csv
802,2,2,0,Reader_1_1.csv
802,0,0,0,Reader_1_10.csv
802,1,0,1,Reader_1_11.csv
802,4,4,0,Reader_1_12.csv
802,6,6,0,Reader_1_2.csv
802,5,3,2,Reader_1_3.csv
802,1,1,0,Reader_1_4.csv
802,15,12,3,Reader_1_5.csv
802,0,0,0,Reader_1_6.csv
802,2,2,0,Reader_1_7.csv
802,0,0,0,Reader_1_8.csv
802,0,0,0,Reader_1_9.csv
802,2,2,0,Reader_2_1.csv
802,0,0,0,Reader_2_10.csv
802,1,1,0,Reader_2_11.csv
802,2,1,1,Reader_2_12.csv
802,0,0,0,Reader_2_2.csv
802,3,2,1,Reader_2_3.csv
802,1,1,0,Reader_2_4.csv
802,2,1,1,Reader_2_5.csv
802,0,0,0,Reader_2_6.csv
802,3,2,1,Reader_2_7.csv
802,0,0,0,Reader_2_8.csv
802,0,0,0,Reader_2_9.csv
802,55,53,2,reader_3_1.csv
802,6,4,2,Reader_3_2.csv
802,2,2,0,Reader_3_3.csv
802,2,2,0,Reader_3_4.csv
802,1,1,0,Reader_3_5.csv
802,10,5,5,Reader_3_6.csv
802,0,0,0,Reader_3_7.csv
803,3,3,0,Reader_1_1.csv
803,0,0,0,Reader_1_10.csv
803,1,0,1,Reader_1_11.csv
803,4,4,0,Reader_1_12.csv
803,6,6,0,Reader_1_2.csv
803,6,3,3,Reader_1_3.csv
803,1,1,0,Reader_1_4.csv
803,15,11,4,Reader_1_5.csv
803,0,0,0,Reader_1_6.csv
803,2,2,0,Reader_1_7.csv
803,0,0,0,Reader_1_8.csv
803,0,0,0,Reader_1_9.csv
803,2,2,0,Reader_2_1.csv
803,0,0,0,Reader_2_10.csv
803,1,1,0,Reader_2_11.csv
803,1,1,0,Reader_2_12.csv
803,0,0,0,Reader_2_2.csv
803,2,2,0,Reader_2_3.csv
803,1,1,0,Reader_2_4.csv
803,2,1,1,Reader_2_5.csv
803,0,0,0,Reader_2_6.csv
803,2,2,0,Reader_2_7.csv
803,0,0,0,Reader_2_8.csv
803,0,0,0,Reader_2_9.csv
803,49,48,1,reader_3_1.csv
803,5,4,1,Reader_3_2.csv
803,2,2,0,Reader_3_3.csv
803,2,2,0,Reader_3_4.csv
803,1,1,0,Reader_3_5.csv
803,8,5,3,Reader_3_6.csv
803,0,0,0,Reader_3_7.csv
804,4,4,0,Reader_1_1.csv
804,0,0,0,Reader_1_10.csv
804,0,0,0,Reader_1_11.csv
804,4,4,0,Reader_1_12.csv
804,5,5,0,Reader_1_2.csv
804,6,3,3,Reader_1_3.csv
804,0,0,0,Reader_1_4.csv
804,15,12,3,Reader_1_5.csv
804,0,0,0,Reader_1_6.csv
804,2,2,0,Reader_1_7.csv
804,1,0,1,Reader_1_8.csv
804,0,0,0,Reader_1_9.csv
804,3,3,0,Reader_2_1.csv
804,0,0,0,Reader_2_10.csv
804,0,0,0,Reader_2_11.csv
804,1,1,0,Reader_2_12.csv
804,0,0,0,Reader_2_2.csv
804,2,2,0,Reader_2_3.csv
804,1,1,0,Reader_2_4.csv
804,1,1,0,Reader_2_5.csv
804,0,0,0,Reader_2_6.csv
804,2,2,0,Reader_2_7.csv
804,0,0,0,Reader_2_8.csv
804,0,0,0,Reader_2_9.csv
804,48,47,1,reader_3_1.csv
804,5,4,1,Reader_3_2.csv
804,2,2,0,Reader_3_3.csv
804,2,2,0,Reader_3_4.csv
804,2,2,0,Reader_3_5.csv
804,9,5,4,Reader_3_6.csv
804,0,0,0,Reader_3_7.csv
805,5,4,1,Reader_1_1.csv
805,0,0,0,Reader_1_10.csv
805,0,0,0,Reader_1_11.csv
805,3,3,0,Reader_1_12.csv
805,4,4,0,Reader_1_2.csv
805,6,3,3,Reader_1_3.csv
805,0,0,0,Reader_1_4.csv
805,17,13,4,Reader_1_5.csv
805,0,0,0,Reader_1_6.csv
805,1,1,0,Reader_1_7.csv
805,1,0,1,Reader_1_8.csv
805,0,0,0,Reader_1_9.csv
805,1,1,0,Reader_2_1.csv
805,0,0,0,Reader_2_10.csv
805,0,0,0,Reader_2_11.csv
805,1,1,0,Reader_2_12.csv
805,0,0,0,Reader_2_2.csv
805,3,2,1,Reader_2_3.csv
805,1,1,0,Reader_2_4.csv
805,1,1,0,Reader_2_5.csv
805,0,0,0,Reader_2_6.csv
805,2,2,0,Reader_2_7.csv
805,0,0,0,Reader_2_8.csv
805,0,0,0,Reader_2_9.csv
805,41,40,1,reader_3_1.csv
805,7,5,2,Reader_3_2.csv
805,3,3,0,Reader_3_3.csv
805,3,3,0,Reader_3_4.csv
805,2,2,0,Reader_3_5.csv
805,7,5,2,Reader_3_6.csv
805,0,0,0,Reader_3_7.csv
806,6,4,2,Reader_1_1.csv
806,0,0,0,Reader_1_10.csv
806,0,0,0,Reader_1_11.csv
806,3,3,0,Reader_1_12.csv
806,5,5,0,Reader_1_2.csv
806,7,4,3,Reader_1_3.csv
806,0,0,0,Reader_1_4.csv
806,16,13,3,Reader_1_5.csv
806,0,0,0,Reader_1_6.csv
806,1,1,0,Reader_1_7.csv
806,1,0,1,Reader_1_8.csv
806,0,0,0,Reader_1_9.csv
806,2,2,0,Reader_2_1.csv
806,0,0,0,Reader_2_10.csv
806,0,0,0,Reader_2_11.csv
806,0,0,0,Reader_2_12.csv
806,0,0,0,Reader_2_2.csv
806,2,1,1,Reader_2_3.csv
806,1,1,0,Reader_2_4.csv
806,1,1,0,Reader_2_5.csv
806,0,0,0,Reader_2_6.csv
806,3,3,0,Reader_2_7.csv
806,0,0,0,Reader_2_8.csv
806,0,0,0,Reader_2_9.csv
806,37,36,1,reader_3_1.csv
806,6,5,1,Reader_3_2.csv
806,3,3,0,Reader_3_3.csv
806,3,3,0,Reader_3_4.csv
806,2,2,0,Reader_3_5.csv
806,10,6,4,Reader_3_6.csv
806,1,1,0,Reader_3_7.csv
807,8,6,2,Reader_1_1.csv
807,0,0,0,Reader_1_10.csv
807,0,0,0,Reader_1_11.csv
807,3,3,0,Reader_1_12.csv
807,5,5,0,Reader_1_2.csv
807,6,4,2,Reader_1_3.csv
807,0,0,0,Reader_1_4.csv
807,16,13,3,Reader_1_5.csv
807,0,0,0,Reader_1_6.csv
807,1,1,0,Reader_1_7.csv
807,1,0,1,Reader_1_8.csv
807,0,0,0,Reader_1_9.csv
807,2,2,0,Reader_2_1.csv
807,0,0,0,Reader_2_10.csv
807,0,0,0,Reader_2_11.csv
807,0,0,0,Reader_2_12.csv
807,0,0,0,Reader_2_2.csv
807,2,1,1,Reader_2_3.csv
807,1,1,0,Reader_2_4.csv
807,1,1,0,Reader_2_5.csv
807,0,0,0,Reader_2_6.csv
807,3,3,0,Reader_2_7.csv
807,0,0,0,Reader_2_8.csv
807,0,0,0,Reader_2_9.csv
807,34,33,1,reader_3_1.csv
807,7,6,1,Reader_3_2.csv
807,3,3,0,Reader_3_3.csv
807,3,3,0,Reader_3_4.csv
807,2,2,0,Reader_3_5.csv
807,8,4,4,Reader_3_6.csv
807,1,1,0,Reader_3_7.csv
808,7,5,2,Reader_1_1.csv
808,0,0,0,Reader_1_10.csv
808,0,0,0,Reader_1_11.csv
808,2,2,0,Reader_1_12.csv
808,4,4,0,Reader_1_2.csv
808,6,4,2,Reader_1_3.csv
808,0,0,0,Reader_1_4.csv
808,17,13,4,Reader_1_5.csv
808,0,0,0,Reader_1_6.csv
808,1,1,0,Reader_1_7.csv
808,1,0,1,Reader_1_8.csv
808,0,0,0,Reader_1_9.csv
808,4,4,0,Reader_2_1.csv
808,0,0,0,Reader_2_10.csv
808,0,0,0,Reader_2_11.csv
808,0,0,0,Reader_2_12.csv
808,0,0,0,Reader_2_2.csv
808,2,1,1,Reader_2_3.csv
808,1,1,0,Reader_2_4.csv
808,1,1,0,Reader_2_5.csv
808,0,0,0,Reader_2_6.csv
808,3,2,1,Reader_2_7.csv
808,0,0,0,Reader_2_8.csv
808,0,0,0,Reader_2_9.csv
808,33,31,2,reader_3_1.csv
808,4,3,1,Reader_3_2.csv
808,2,2,0,Reader_3_3.csv
808,2,2,0,Reader_3_4.csv
808,2,2,0,Reader_3_5.csv
808,9,4,5,Reader_3_6.csv
808,1,1,0,Reader_3_7.csv
809,7,5,2,Reader_1_1.csv
809,0,0,0,Reader_1_10.csv
809,0,0,0,Reader_1_11.csv
809,1,1,0,Reader_1_12.csv
809,4,4,0,Reader_1_2.csv
809,6,3,3,Reader_1_3.csv
809,0,0,0,Reader_1_4.csv
809,13,9,4,Reader_1_5.csv
809,0,0,0,Reader_1_6.csv
809,0,0,0,Reader_1_7.csv
809,1,0,1,Reader_1_8.csv
809,0,0,0,Reader_1_9.csv
809,5,5,0,Reader_2_1.csv
809,0,0,0,Reader_2_10.csv
809,0,0,0,Reader_2_11.csv
809,0,0,0,Reader_2_12.csv
809,0,0,0,Reader_2_2.csv
809,2,1,1,Reader_2_3.csv
809,1,1,0,Reader_2_4.csv
809,0,0,0,Reader_2_5.csv
809,0,0,0,Reader_2_6.csv
809,5,4,1,Reader_2_7.csv
809,0,0,0,Reader_2_8.csv
809,0,0,0,Reader_2_9.csv
809,27,24,3,reader_3_1.csv
809,5,4,1,Reader_3_2.csv
809,1,1,0,Reader_3_3.csv
809,1,1,0,Reader_3_4.csv
809,2,2,0,Reader_3_5.csv
809,9,4,5,Reader_3_6.csv
809,1,1,0,Reader_3_7.csv
810,8,6,2,Reader_1_1.csv
810,0,0,0,Reader_1_10.csv
810,0,0,0,Reader_1_11.csv
810,0,0,0,Reader_1_12.csv
810,2,2,0,Reader_1_2.csv
810,5,3,2,Reader_1_3.csv
810,0,0,0,Reader_1_4.csv
810,13,9,4,Reader_1_5.csv
810,0,0,0,Reader_1_6.csv
810,0,0,0,Reader_1_7.csv
810,1,0,1,Reader_1_8.csv
810,0,0,0,Reader_1_9.csv
810,5,5,0,Reader_2_1.csv
810,0,0,0,Reader_2_10.csv
810,0,0,0,Reader_2_11.csv
810,0,0,0,Reader_2_12.csv
810,0,0,0,Reader_2_2.csv
810,2,1,1,Reader_2_3.csv
810,0,0,0,Reader_2_4.csv
810,0,0,0,Reader_2_5.csv
810,0,0,0,Reader_2_6.csv
810,4,3,1,Reader_2_7.csv
810,0,0,0,Reader_2_8.csv
810,0,0,0,Reader_2_9.csv
810,28,24,4,reader_3_1.csv
810,6,5,1,Reader_3_2.csv
810,2,2,0,Reader_3_3.csv
810,2,2,0,Reader_3_4.csv
810,2,2,0,Reader_3_5.csv
810,9,5,4,Reader_3_6.csv
810,1,1,0,Reader_3_7.csv
811,9,7,2,Reader_1_1.csv
811,0,0,0,Reader_1_10.csv
811,0,0,0,Reader_1_11.csv
811,0,0,0,Reader_1_12.csv
811,2,2,0,Reader_1_2.csv
811,6,5,1,Reader_1_3.csv
811,1,0,1,Reader_1_4.csv
811,12,8,4,Reader_1_5.csv
811,0,0,0,Reader_1_6.csv
811,0,0,0,Reader_1_7.csv
811,1,0,1,Reader_1_8.csv
811,0,0,0,Reader_1_9.csv
811,5,5,0,Reader_2_1.csv
811,0,0,0,Reader_2_10.csv
811,0,0,0,Reader_2_11.csv
811,0,0,0,Reader_2_12.csv
811,0,0,0,Reader_2_2.csv
811,2,1,1,Reader_2_3.csv
811,0,0,0,Reader_2_4.csv
811,0,0,0,Reader_2_5.csv
811,0,0,0,Reader_2_6.csv
811,4,3,1,Reader_2_7.csv
811,0,0,0,Reader_2_8.csv
811,0,0,0,Reader_2_9.csv
811,25,21,4,reader_3_1.csv
811,10,9,1,Reader_3_2.csv
811,3,3,0,Reader_3_3.csv
811,3,3,0,Reader_3_4.csv
811,3,3,0,Reader_3_5.csv
811,10,6,4,Reader_3_6.csv
811,1,1,0,Reader_3_7.csv
812,9,7,2,Reader_1_1.csv
812,0,0,0,Reader_1_10.csv
812,0,0,0,Reader_1_11.csv
812,0,0,0,Reader_1_12.csv
812,3,2,1,Reader_1_2.csv
812,8,7,1,Reader_1_3.csv
812,1,0,1,Reader_1_4.csv
812,11,6,5,Reader_1_5.csv
812,0,0,0,Reader_1_6.csv
812,0,0,0,Reader_1_7.csv
812,0,0,0,Reader_1_8.csv
812,0,0,0,Reader_1_9.csv
812,4,4,0,Reader_2_1.csv
812,0,0,0,Reader_2_10.csv
812,0,0,0,Reader_2_11.csv
812,0,0,0,Reader_2_12.csv
812,0,0,0,Reader_2_2.csv
812,2,1,1,Reader_2_3.csv
812,0,0,0,Reader_2_4.csv
812,0,0,0,Reader_2_5.csv
812,0,0,0,Reader_2_6.csv
812,4,3,1,Reader_2_7.csv
812,0,0,0,Reader_2_8.csv
812,0,0,0,Reader_2_9.csv
812,23,18,5,reader_3_1.csv
812,13,12,1,Reader_3_2.csv
812,4,4,0,Reader_3_3.csv
812,4,4,0,Reader_3_4.csv
812,3,3,0,Reader_3_5.csv
812,8,5,3,Reader_3_6.csv
812,1,1,0,Reader_3_7.csv
813,8,7,1,Reader_1_1.csv
813,0,0,0,Reader_1_10.csv
813,0,0,0,Reader_1_11.csv
813,0,0,0,Reader_1_12.csv
813,3,2,1,Reader_1_2.csv
813,9,8,1,Reader_1_3.csv
813,1,0,1,Reader_1_4.csv
813,7,3,4,Reader_1_5.csv
813,0,0,0,Reader_1_6.csv
813,2,2,0,Reader_1_7.csv
813,0,0,0,Reader_1_8.csv
813,0,0,0,Reader_1_9.csv
813,5,5,0,Reader_2_1.csv
813,0,0,0,Reader_2_10.csv
813,0,0,0,Reader_2_11.csv
813,1,0,1,Reader_2_12.csv
813,0,0,0,Reader_2_2.csv
813,1,1,0,Reader_2_3.csv
813,0,0,0,Reader_2_4.csv
813,0,0,0,Reader_2_5.csv
813,0,0,0,Reader_2_6.csv
813,4,3,1,Reader_2_7.csv
813,0,0,0,Reader_2_8.csv
813,0,0,0,Reader_2_9.csv
813,22,17,5,reader_3_1.csv
813,13,13,0,Reader_3_2.csv
813,3,3,0,Reader_3_3.csv
813,3,3,0,Reader_3_4.csv
813,5,5,0,Reader_3_5.csv
813,8,4,4,Reader_3_6.csv
813,1,1,0,Reader_3_7.csv
814,9,9,0,Reader_1_1.csv
814,0,0,0,Reader_1_10.csv
814,0,0,0,Reader_1_11.csv
814,0,0,0,Reader_1_12.csv
814,2,1,1,Reader_1_2.csv
814,11,10,1,Reader_1_3.csv
814,1,0,1,Reader_1_4.csv
814,7,3,4,Reader_1_5.csv
814,0,0,0,Reader_1_6.csv
814,2,2,0,Reader_1_7.csv
814,0,0,0,Reader_1_8.csv
814,0,0,0,Reader_1_9.csv
814,5,5,0,Reader_2_1.csv
814,0,0,0,Reader_2_10.csv
814,0,0,0,Reader_2_11.csv
814,1,0,1,Reader_2_12.csv
814,0,0,0,Reader_2_2.csv
814,2,2,0,Reader_2_3.csv
814,0,0,0,Reader_2_4.csv
814,0,0,0,Reader_2_5.csv
814,0,0,0,Reader_2_6.csv
814,3,2,1,Reader_2_7.csv
814,0,0,0,Reader_2_8.csv
814,0,0,0,Reader_2_9.csv
814,19,14,5,reader_3_1.csv
814,18,18,0,Reader_3_2.csv
814,3,3,0,Reader_3_3.csv
814,3,3,0,Reader_3_4.csv
814,5,5,0,Reader_3_5.csv
814,5,3,2,Reader_3_6.csv
814,0,0,0,Reader_3_7.csv
815,8,8,0,Reader_1_1.csv
815,0,0,0,Reader_1_10.csv
815,0,0,0,Reader_1_11.csv
815,0,0,0,Reader_1_12.csv
815,1,0,1,Reader_1_2.csv
815,11,10,1,Reader_1_3.csv
815,1,0,1,Reader_1_4.csv
815,10,6,4,Reader_1_5.csv
815,0,0,0,Reader_1_6.csv
815,2,2,0,Reader_1_7.csv
815,0,0,0,Reader_1_8.csv
815,0,0,0,Reader_1_9.csv
815,5,5,0,Reader_2_1.csv
815,0,0,0,Reader_2_10.csv
815,0,0,0,Reader_2_11.csv
815,1,0,1,Reader_2_12.csv
815,0,0,0,Reader_2_2.csv
815,1,1,0,Reader_2_3.csv
815,0,0,0,Reader_2_4.csv
815,0,0,0,Reader_2_5.csv
815,0,0,0,Reader_2_6.csv
815,3,2,1,Reader_2_7.csv
815,0,0,0,Reader_2_8.csv
815,0,0,0,Reader_2_9.csv
815,18,12,6,reader_3_1.csv
815,19,19,0,Reader_3_2.csv
815,3,3,0,Reader_3_3.csv
815,3,3,0,Reader_3_4.csv
815,7,5,2,Reader_3_5.csv
815,5,3,2,Reader_3_6.csv
815,0,0,0,Reader_3_7.csv
816,8,8,0,Reader_1_1.csv
816,0,0,0,Reader_1_10.csv
816,0,0,0,Reader_1_11.csv
816,0,0,0,Reader_1_12.csv
816,1,0,1,Reader_1_2.csv
816,12,11,1,Reader_1_3.csv
816,1,0,1,Reader_1_4.csv
816,9,6,3,Reader_1_5.csv
816,0,0,0,Reader_1_6.csv
816,2,2,0,Reader_1_7.csv
816,0,0,0,Reader_1_8.csv
816,0,0,0,Reader_1_9.csv
816,3,3,0,Reader_2_1.csv
816,0,0,0,Reader_2_10.csv
816,0,0,0,Reader_2_11.csv
816,1,0,1,Reader_2_12.csv
816,0,0,0,Reader_2_2.csv
816,1,1,0,Reader_2_3.csv
816,0,0,0,Reader_2_4.csv
816,0,0,0,Reader_2_5.csv
816,1,1,0,Reader_2_6.csv
816,2,2,0,Reader_2_7.csv
816,0,0,0,Reader_2_8.csv
816,0,0,0,Reader_2_9.csv
816,15,11,4,reader_3_1.csv
816,23,23,0,Reader_3_2.csv
816,3,3,0,Reader_3_3.csv
816,3,3,0,Reader_3_4.csv
816,8,6,2,Reader_3_5.csv
816,4,3,1,Reader_3_6.csv
816,0,0,0,Reader_3_7.csv
817,8,8,0,Reader_1_1.csv
817,0,0,0,Reader_1_10.csv
817,0,0,0,Reader_1_11.csv
817,0,0,0,Reader_1_12.csv
817,1,0,1,Reader_1_2.csv
817,11,11,0,Reader_1_3.csv
817,1,0,1,Reader_1_4.csv
817,8,6,2,Reader_1_5.csv
817,0,0,0,Reader_1_6.csv
817,2,2,0,Reader_1_7.csv
817,0,0,0,Reader_1_8.csv
817,0,0,0,Reader_1_9.csv
817,4,4,0,Reader_2_1.csv
817,0,0,0,Reader_2_10.csv
817,0,0,0,Reader_2_11.csv
817,1,0,1,Reader_2_12.csv
817,0,0,0,Reader_2_2.csv
817,1,1,0,Reader_2_3.csv
817,0,0,0,Reader_2_4.csv
817,0,0,0,Reader_2_5.csv
817,1,1,0,Reader_2_6.csv
817,0,0,0,Reader_2_7.csv
817,0,0,0,Reader_2_8.csv
817,0,0,0,Reader_2_9.csv
817,13,10,3,reader_3_1.csv
817,24,24,0,Reader_3_2.csv
817,3,3,0,Reader_3_3.csv
817,3,3,0,Reader_3_4.csv
817,9,7,2,Reader_3_5.csv
817,4,3,1,Reader_3_6.csv
817,0,0,0,Reader_3_7.csv
818,8,8,0,Reader_1_1.csv
818,0,0,0,Reader_1_10.csv
818,0,0,0,Reader_1_11.csv
818,0,0,0,Reader_1_12.csv
818,1,0,1,Reader_1_2.csv
818,10,10,0,Reader_1_3.csv
818,1,0,1,Reader_1_4.csv
818,7,5,2,Reader_1_5.csv
818,0,0,0,Reader_1_6.csv
818,2,2,0,Reader_1_7.csv
818,0,0,0,Reader_1_8.csv
818,0,0,0,Reader_1_9.csv
818,4,4,0,Reader_2_1.csv
818,0,0,0,Reader_2_10.csv
818,0,0,0,Reader_2_11.csv
818,1,0,1,Reader_2_12.csv
818,0,0,0,Reader_2_2.csv
818,1,1,0,Reader_2_3.csv
818,0,0,0,Reader_2_4.csv
818,2,2,0,Reader_2_5.csv
818,1,1,0,Reader_2_6.csv
818,1,1,0,Reader_2_7.csv
818,0,0,0,Reader_2_8.csv
818,0,0,0,Reader_2_9.csv
818,12,10,2,reader_3_1.csv
818,23,22,1,Reader_3_2.csv
818,2,2,0,Reader_3_3.csv
818,2,2,0,Reader_3_4.csv
818,11,9,2,Reader_3_5.csv
818,5,4,1,Reader_3_6.csv
818,0,0,0,Reader_3_7.csv
819,7,7,0,Reader_1_1.csv
819,0,0,0,Reader_1_10.csv
819,0,0,0,Reader_1_11.csv
819,0,0,0,Reader_1_12.csv
819,1,0,1,Reader_1_2.csv
819,9,8,1,Reader_1_3.csv
819,1,1,0,Reader_1_4.csv
819,8,7,1,Reader_1_5.csv
819,0,0,0,Reader_1_6.csv
819,2,2,0,Reader_1_7.csv
819,0,0,0,Reader_1_8.csv
819,0,0,0,Reader_1_9.csv
819,4,4,0,Reader_2_1.csv
819,0,0,0,Reader_2_10.csv
819,0,0,0,Reader_2_11.csv
819,2,1,1,Reader_2_12.csv
819,0,0,0,Reader_2_2.csv
819,1,1,0,Reader_2_3.csv
819,0,0,0,Reader_2_4.csv
819,2,2,0,Reader_2_5.csv
819,1,1,0,Reader_2_6.csv
819,1,1,0,Reader_2_7.csv
819,0,0,0,Reader_2_8.csv
819,0,0,0,Reader_2_9.csv
819,13,11,2,reader_3_1.csv
819,21,20,1,Reader_3_2.csv
819,1,1,0,Reader_3_3.csv
819,1,1,0,Reader_3_4.csv
819,13,11,2,Reader_3_5.csv
819,6,5,1,Reader_3_6.csv
819,0,0,0,Reader_3_7.csv
820,6,6,0,Reader_1_1.csv
820,0,0,0,Reader_1_10.csv
820,1,1,0,Reader_1_11.csv
820,0,0,0,Reader_1_12.csv
820,0,0,0,Reader_1_2.csv
820,7,6,1,Reader_1_3.csv
820,1,1,0,Reader_1_4.csv
820,8,7,1,Reader_1_5.csv
820,1,1,0,Reader_1_6.csv
820,2,2,0,Reader_1_7.csv
820,0,0,0,Reader_1_8.csv
820,0,0,0,Reader_1_9.csv
820,5,5,0,Reader_2_1.csv
820,0,0,0,Reader_2_10.csv
820,0,0,0,Reader_2_11.csv
820,2,1,1,Reader_2_12.csv
820,0,0,0,Reader_2_2.csv
820,1,1,0,Reader_2_3.csv
820,0,0,0,Reader_2_4.csv
820,2,2,0,Reader_2_5.csv
820,1,1,0,Reader_2_6.csv
820,1,1,0,Reader_2_7.csv
820,0,0,0,Reader_2_8.csv
820,0,0,0,Reader_2_9.csv
820,12,10,2,reader_3_1.csv
820,20,19,1,Reader_3_2.csv
820,1,1,0,Reader_3_3.csv
820,1,1,0,Reader_3_4.csv
820,14,12,2,Reader_3_5.csv
820,6,5,1,Reader_3_6.csv
820,0,0,0,Reader_3_7.csv
821,6,6,0,Reader_1_1.csv
821,0,0,0,Reader_1_10.csv
821,1,1,0,Reader_1_11.csv
821,0,0,0,Reader_1_12.csv
821,0,0,0,Reader_1_2.csv
821,6,5,1,Reader_1_3.csv
821,1,1,0,Reader_1_4.csv
821,7,6,1,Reader_1_5.csv
821,1,1,0,Reader_1_6.csv
821,0,0,0,Reader_1_7.csv
821,0,0,0,Reader_1_8.csv
821,0,0,0,Reader_1_9.csv
821,5,5,0,Reader_2_1.csv
821,0,0,0,Reader_2_10.csv
821,0,0,0,Reader_2_11.csv
821,2,2,0,Reader_2_12.csv
821,0,0,0,Reader_2_2.csv
821,1,1,0,Reader_2_3.csv
821,0,0,0,Reader_2_4.csv
821,2,2,0,Reader_2_5.csv
821,1,1,0,Reader_2_6.csv
821,1,1,0,Reader_2_7.csv
821,0,0,0,Reader_2_8.csv
821,0,0,0,Reader_2_9.csv
821,12,10,2,reader_3_1.csv
821,19,18,1,Reader_3_2.csv
821,4,4,0,Reader_3_3.csv
821,4,4,0,Reader_3_4.csv
821,12,10,2,Reader_3_5.csv
821,5,5,0,Reader_3_6.csv
821,0,0,0,Reader_3_7.csv
822,5,5,0,Reader_1_1.csv
822,0,0,0,Reader_1_10.csv
822,2,2,0,Reader_1_11.csv
822,0,0,0,Reader_1_12.csv
822,0,0,0,Reader_1_2.csv
822,3,2,1,Reader_1_3.csv
822,1,1,0,Reader_1_4.csv
822,7,6,1,Reader_1_5.csv
822,1,1,0,Reader_1_6.csv
822,0,0,0,Reader_1_7.csv
822,0,0,0,Reader_1_8.csv
822,0,0,0,Reader_1_9.csv
822,4,4,0,Reader_2_1.csv
822,0,0,0,Reader_2_10.csv
822,0,0,0,Reader_2_11.csv
822,3,3,0,Reader_2_12.csv
822,0,0,0,Reader_2_2.csv
822,0,0,0,Reader_2_3.csv
822,0,0,0,Reader_2_4.csv
822,2,2,0,Reader_2_5.csv
822,1,1,0,Reader_2_6.csv
822,1,1,0,Reader_2_7.csv
822,0,0,0,Reader_2_8.csv
822,0,0,0,Reader_2_9.csv
822,11,9,2,reader_3_1.csv
822,14,13,1,Reader_3_2.csv
822,4,4,0,Reader_3_3.csv
822,4,4,0,Reader_3_4.csv
822,12,10,2,Reader_3_5.csv
822,6,5,1,Reader_3_6.csv
822,1,1,0,Reader_3_7.csv
823,4,4,0,Reader_1_1.csv
823,0,0,0,Reader_1_10.csv
823,2,2,0,Reader_1_11.csv
823,0,0,0,Reader_1_12.csv
823,0,0,0,Reader_1_2.csv
823,2,1,1,Reader_1_3.csv
823,1,1,0,Reader_1_4.csv
823,3,2,1,Reader_1_5.csv
823,1,1,0,Reader_1_6.csv
823,0,0,0,Reader_1_7.csv
823,0,0,0,Reader_1_8.csv
823,0,0,0,Reader_1_9.csv
823,4,4,0,Reader_2_1.csv
823,0,0,0,Reader_2_10.csv
823,0,0,0,Reader_2_11.csv
823,3,3,0,Reader_2_12.csv
823,0,0,0,Reader_2_2.csv
823,0,0,0,Reader_2_3.csv
823,0,0,0,Reader_2_4.csv
823,2,2,0,Reader_2_5.csv
823,1,1,0,Reader_2_6.csv
823,1,1,0,Reader_2_7.csv
823,0,0,0,Reader_2_8.csv
823,0,0,0,Reader_2_9.csv
823,11,10,1,reader_3_1.csv
823,13,12,1,Reader_3_2.csv
823,4,4,0,Reader_3_3.csv
823,4,4,0,Reader_3_4.csv
823,9,9,0,Reader_3_5.csv
823,7,6,1,Reader_3_6.csv
823,2,2,0,Reader_3_7.csv
824,5,5,0,Reader_1_1.csv
824,0,0,0,Reader_1_10.csv
824,2,2,0,Reader_1_11.csv
824,0,0,0,Reader_1_12.csv
824,0,0,0,Reader_1_2.csv
824,1,0,1,Reader_1_3.csv
824,1,1,0,Reader_1_4.csv
824,4,3,1,Reader_1_5.csv
824,1,1,0,Reader_1_6.csv
824,0,0,0,Reader_1_7.csv
824,0,0,0,Reader_1_8.csv
824,0,0,0,Reader_1_9.csv
824,5,5,0,Reader_2_1.csv
824,0,0,0,Reader_2_10.csv
824,0,0,0,Reader_2_11.csv
824,3,3,0,Reader_2_12.csv
824,0,0,0,Reader_2_2.csv
824,0,0,0,Reader_2_3.csv
824,0,0,0,Reader_2_4.csv
824,2,2,0,Reader_2_5.csv
824,0,0,0,Reader_2_6.csv
824,1,1,0,Reader_2_7.csv
824,0,0,0,Reader_2_8.csv
824,0,0,0,Reader_2_9.csv
824,10,9,1,reader_3_1.csv
824,10,9,1,Reader_3_2.csv
824,4,4,0,Reader_3_3.csv
824,4,4,0,Reader_3_4.csv
824,10,10,0,Reader_3_5.csv
824,7,6,1,Reader_3_6.csv
824,2,2,0,Reader_3_7.csv
825,6,6,0,Reader_1_1.csv
825,0,0,0,Reader_1_10.csv
825,2,2,0,Reader_1_11.csv
825,0,0,0,Reader_1_12.csv
825,0,0,0,Reader_1_2.csv
825,1,0,1,Reader_1_3.csv
825,2,2,0,Reader_1_4.csv
825,4,3,1,Reader_1_5.csv
825,1,1,0,Reader_1_6.csv
825,0,0,0,Reader_1_7.csv
825,0,0,0,Reader_1_8.csv
825,0,0,0,Reader_1_9.csv
825,4,4,0,Reader_2_1.csv
825,0,0,0,Reader_2_10.csv
825,0,0,0,Reader_2_11.csv
825,4,3,1,Reader_2_12.csv
825,0,0,0,Reader_2_2.csv
825,0,0,0,Reader_2_3.csv
825,0,0,0,Reader_2_4.csv
825,2,2,0,Reader_2_5.csv
825,0,0,0,Reader_2_6.csv
825,1,1,0,Reader_2_7.csv
825,0,0,0,Reader_2_8.csv
825,0,0,0,Reader_2_9.csv
825,12,11,1,reader_3_1.csv
825,9,8,1,Reader_3_2.csv
825,4,4,0,Reader_3_3.csv
825,4,4,0,Reader_3_4.csv
825,9,9,0,Reader_3_5.csv
825,6,5,1,Reader_3_6.csv
825,3,3,0,Reader_3_7.csv
826,5,5,0,Reader_1_1.csv
826,0,0,0,Reader_1_10.csv
826,2,2,0,Reader_1_11.csv
826,0,0,0,Reader_1_12.csv
826,0,0,0,Reader_1_2.csv
826,2,1,1,Reader_1_3.csv
826,2,2,0,Reader_1_4.csv
826,5,3,2,Reader_1_5.csv
826,1,1,0,Reader_1_6.csv
826,0,0,0,Reader_1_7.csv
826,0,0,0,Reader_1_8.csv
826,0,0,0,Reader_1_9.csv
826,6,6,0,Reader_2_1.csv
826,0,0,0,Reader_2_10.csv
826,0,0,0,Reader_2_11.csv
826,4,3,1,Reader_2_12.csv
826,0,0,0,Reader_2_2.csv
826,0,0,0,Reader_2_3.csv
826,0,0,0,Reader_2_4.csv
826,0,0,0,Reader_2_5.csv
826,0,0,0,Reader_2_6.csv
826,0,0,0,Reader_2_7.csv
826,0,0,0,Reader_2_8.csv
826,0,0,0,Reader_2_9.csv
826,8,7,1,reader_3_1.csv
826,9,9,0,Reader_3_2.csv
826,4,4,0,Reader_3_3.csv
826,4,4,0,Reader_3_4.csv
826,7,7,0,Reader_3_5.csv
826,4,3,1,Reader_3_6.csv
826,3,3,0,Reader_3_7.csv
827,5,4,1,Reader_1_1.csv
827,0,0,0,Reader_1_10.csv
827,3,3,0,Reader_1_11.csv
827,0,0,0,Reader_1_12.csv
827,0,0,0,Reader_1_2.csv
827,2,1,1,Reader_1_3.csv
827,1,1,0,Reader_1_4.csv
827,3,1,2,Reader_1_5.csv
827,1,1,0,Reader_1_6.csv
827,0,0,0,Reader_1_7.csv
827,0,0,0,Reader_1_8.csv
827,0,0,0,Reader_1_9.csv
827,7,7,0,Reader_2_1.csv
827,0,0,0,Reader_2_10.csv
827,0,0,0,Reader_2_11.csv
827,3,2,1,Reader_2_12.csv
827,0,0,0,Reader_2_2.csv
827,0,0,0,Reader_2_3.csv
827,0,0,0,Reader_2_4.csv
827,0,0,0,Reader_2_5.csv
827,0,0,0,Reader_2_6.csv
827,0,0,0,Reader_2_7.csv
827,0,0,0,Reader_2_8.csv
827,0,0,0,Reader_2_9.csv
827,11,9,2,reader_3_1.csv
827,8,8,0,Reader_3_2.csv
827,4,4,0,Reader_3_3.csv
827,4,4,0,Reader_3_4.csv
827,6,6,0,Reader_3_5.csv
827,2,1,1,Reader_3_6.csv
827,4,4,0,Reader_3_7.csv
828,6,5,1,Reader_1_1.csv
828,0,0,0,Reader_1_10.csv
828,2,2,0,Reader_1_11.csv
828,1,1,0,Reader_1_12.csv
828,0,0,0,Reader_1_2.csv
828,5,3,2,Reader_1_3.csv
828,1,1,0,Reader_1_4.csv
828,3,2,1,Reader_1_5.csv
828,0,0,0,Reader_1_6.csv
828,1,1,0,Reader_1_7.csv
828,0,0,0,Reader_1_8.csv
828,0,0,0,Reader_1_9.csv
828,8,8,0,Reader_2_1.csv
828,0,0,0,Reader_2_10.csv
828,0,0,0,Reader_2_11.csv
828,3,2,1,Reader_2_12.csv
828,0,0,0,Reader_2_2.csv
828,1,0,1,Reader_2_3.csv
828,0,0,0,Reader_2_4.csv
828,0,0,0,Reader_2_5.csv
828,0,0,0,Reader_2_6.csv
828,0,0,0,Reader_2_7.csv
828,0,0,0,Reader_2_8.csv
828,0,0,0,Reader_2_9.csv
828,13,11,2,reader_3_1.csv
828,7,7,0,Reader_3_2.csv
828,4,4,0,Reader_3_3.csv
828,4,4,0,Reader_3_4.csv
828,6,6,0,Reader_3_5.csv
828,2,1,1,Reader_3_6.csv
828,4,4,0,Reader_3_7.csv
829,8,7,1,Reader_1_1.csv
829,1,1,0,Reader_1_10.csv
829,2,2,0,Reader_1_11.csv
829,1,1,0,Reader_1_12.csv
829,0,0,0,Reader_1_2.csv
829,5,3,2,Reader_1_3.csv
829,1,1,0,Reader_1_4.csv
829,5,3,2,Reader_1_5.csv
829,0,0,0,Reader_1_6.csv
829,1,1,0,Reader_1_7.csv
829,0,0,0,Reader_1_8.csv
829,0,0,0,Reader_1_9.csv
829,8,8,0,Reader_2_1.csv
829,0,0,0,Reader_2_10.csv
829,0,0,0,Reader_2_11.csv
829,2,1,1,Reader_2_12.csv
829,0,0,0,Reader_2_2.csv
829,2,1,1,Reader_2_3.csv
829,0,0,0,Reader_2_4.csv
829,0,0,0,Reader_2_5.csv
829,0,0,0,Reader_2_6.csv
829,0,0,0,Reader_2_7.csv
829,0,0,0,Reader_2_8.csv
829,0,0,0,Reader_2_9.csv
829,13,11,2,reader_3_1.csv
829,8,7,1,Reader_3_2.csv
829,1,1,0,Reader_3_3.csv
829,1,1,0,Reader_3_4.csv
829,7,7,0,Reader_3_5.csv
829,3,1,2,Reader_3_6.csv
829,4,4,0,Reader_3_7.csv
830,8,7,1,Reader_1_1.csv
830,1,1,0,Reader_1_10.csv
830,1,1,0,Reader_1_11.csv
830,1,1,0,Reader_1_12.csv
830,0,0,0,Reader_1_2.csv
830,6,4,2,Reader_1_3.csv
830,1,1,0,Reader_1_4.csv
830,5,3,2,Reader_1_5.csv
830,0,0,0,Reader_1_6.csv
830,1,1,0,Reader_1_7.csv
830,0,0,0,Reader_1_8.csv
830,0,0,0,Reader_1_9.csv
830,10,10,0,Reader_2_1.csv
830,0,0,0,Reader_2_10.csv
830,0,0,0,Reader_2_11.csv
830,1,0,1,Reader_2_12.csv
830,0,0,0,Reader_2_2.csv
830,2,1,1,Reader_2_3.csv
830,0,0,0,Reader_2_4.csv
830,0,0,0,Reader_2_5.csv
830,0,0,0,Reader_2_6.csv
830,1,1,0,Reader_2_7.csv
830,0,0,0,Reader_2_8.csv
830,0,0,0,Reader_2_9.csv
830,15,13,2,reader_3_1.csv
830,8,7,1,Reader_3_2.csv
830,3,2,1,Reader_3_3.csv
830,3,2,1,Reader_3_4.csv
830,9,8,1,Reader_3_5.csv
830,2,1,1,Reader_3_6.csv
830,3,3,0,Reader_3_7.csv
831,9,8,1,Reader_1_1.csv
831,1,1,0,Reader_1_10.csv
831,2,2,0,Reader_1_11.csv
831,1,1,0,Reader_1_12.csv
831,0,0,0,Reader_1_2.csv
831,6,4,2,Reader_1_3.csv
831,1,1,0,Reader_1_4.csv
831,6,4,2,Reader_1_5.csv
831,0,0,0,Reader_1_6.csv
831,1,1,0,Reader_1_7.csv
831,0,0,0,Reader_1_8.csv
831,0,0,0,Reader_1_9.csv
831,10,10,0,Reader_2_1.csv
831,0,0,0,Reader_2_10.csv
831,0,0,0,Reader_2_11.csv
831,2,0,2,Reader_2_12.csv
831,0,0,0,Reader_2_2.csv
831,4,1,3,Reader_2_3.csv
831,0,0,0,Reader_2_4.csv
831,0,0,0,Reader_2_5.csv
831,0,0,0,Reader_2_6.csv
831,1,1,0,Reader_2_7.csv
831,0,0,0,Reader_2_8.csv
831,0,0,0,Reader_2_9.csv
831,15,13,2,reader_3_1.csv
831,8,6,2,Reader_3_2.csv
831,5,4,1,Reader_3_3.csv
831,5,4,1,Reader_3_4.csv
831,10,9,1,Reader_3_5.csv
831,2,0,2,Reader_3_6.csv
831,2,2,0,Reader_3_7.csv
832,8,7,1,Reader_1_1.csv
832,1,1,0,Reader_1_10.csv
832,2,2,0,Reader_1_11.csv
832,1,1,0,Reader_1_12.csv
832,0,0,0,Reader_1_2.csv
832,6,4,2,Reader_1_3.csv
832,1,1,0,Reader_1_4.csv
832,6,4,2,Reader_1_5.csv
832,0,0,0,Reader_1_6.csv
832,1,1,0,Reader_1_7.csv
832,0,0,0,Reader_1_8.csv
832,0,0,0,Reader_1_9.csv
832,9,9,0,Reader_2_1.csv
832,0,0,0,Reader_2_10.csv
832,0,0,0,Reader_2_11.csv
832,2,0,2,Reader_2_12.csv
832,0,0,0,Reader_2_2.csv
832,4,1,3,Reader_2_3.csv
832,0,0,0,Reader_2_4.csv
832,0,0,0,Reader_2_5.csv
832,0,0,0,Reader_2_6.csv
832,1,1,0,Reader_2_7.csv
832,0,0,0,Reader_2_8.csv
832,0,0,0,Reader_2_9.csv
832,14,12,2,reader_3_1.csv
832,8,6,2,Reader_3_2.csv
832,9,8,1,Reader_3_3.csv
832,9,8,1,Reader_3_4.csv
832,9,8,1,Reader_3_5.csv
832,2,0,2,Reader_3_6.csv
832,2,2,0,Reader_3_7.csv
833,7,6,1,Reader_1_1.csv
833,1,1,0,Reader_1_10.csv
833,2,2,0,Reader_1_11.csv
833,1,1,0,Reader_1_12.csv
833,0,0,0,Reader_1_2.csv
833,8,6,2,Reader_1_3.csv
833,0,0,0,Reader_1_4.csv
833,7,5,2,Reader_1_5.csv
833,0,0,0,Reader_1_6.csv
833,1,1,0,Reader_1_7.csv
833,0,0,0,Reader_1_8.csv
833,0,0,0,Reader_1_9.csv
833,9,9,0,Reader_2_1.csv
833,0,0,0,Reader_2_10.csv
833,0,0,0,Reader_2_11.csv
833,1,0,1,Reader_2_12.csv
833,0,0,0,Reader_2_2.csv
833,4,1,3,Reader_2_3.csv
833,0,0,0,Reader_2_4.csv
833,0,0,0,Reader_2_5.csv
833,0,0,0,Reader_2_6.csv
833,1,1,0,Reader_2_7.csv
833,0,0,0,Reader_2_8.csv
833,0,0,0,Reader_2_9.csv
833,14,12,2,reader_3_1.csv
833,9,5,4,Reader_3_2.csv
833,10,9,1,Reader_3_3.csv
833,10,9,1,Reader_3_4.csv
833,10,9,1,Reader_3_5.csv
833,2,0,2,Reader_3_6.csv
833,1,1,0,Reader_3_7.csv
834,8,7,1,Reader_1_1.csv
834,1,1,0,Reader_1_10.csv
834,3,3,0,Reader_1_11.csv
834,1,1,0,Reader_1_12.csv
834,0,0,0,Reader_1_2.csv
834,7,5,2,Reader_1_3.csv
834,0,0,0,Reader_1_4.csv
834,7,6,1,Reader_1_5.csv
834,0,0,0,Reader_1_6.csv
834,1,1,0,Reader_1_7.csv
834,0,0,0,Reader_1_8.csv
834,0,0,0,Reader_1_9.csv
834,7,7,0,Reader_2_1.csv
834,0,0,0,Reader_2_10.csv
834,0,0,0,Reader_2_11.csv
834,1,0,1,Reader_2_12.csv
834,0,0,0,Reader_2_2.csv
834,4,1,3,Reader_2_3.csv
834,0,0,0,Reader_2_4.csv
834,0,0,0,Reader_2_5.csv
834,0,0,0,Reader_2_6.csv
834,1,1,0,Reader_2_7.csv
834,0,0,0,Reader_2_8.csv
834,0,0,0,Reader_2_9.csv
834,14,12,2,reader_3_1.csv
834,12,8,4,Reader_3_2.csv
834,12,11,1,Reader_3_3.csv
834,12,11,1,Reader_3_4.csv
834,13,11,2,Reader_3_5.csv
834,2,0,2,Reader_3_6.csv
834,1,1,0,Reader_3_7.csv
835,7,7,0,Reader_1_1.csv
835,1,1,0,Reader_1_10.csv
835,2,2,0,Reader_1_11.csv
835,1,1,0,Reader_1_12.csv
835,0,0,0,Reader_1_2.csv
835,6,5,1,Reader_1_3.csv
835,0,0,0,Reader_1_4.csv
835,8,7,1,Reader_1_5.csv
835,0,0,0,Reader_1_6.csv
835,1,1,0,Reader_1_7.csv
835,0,0,0,Reader_1_8.csv
835,0,0,0,Reader_1_9.csv
835,6,6,0,Reader_2_1.csv
835,0,0,0,Reader_2_10.csv
835,0,0,0,Reader_2_11.csv
835,1,0,1,Reader_2_12.csv
835,0,0,0,Reader_2_2.csv
835,4,1,3,Reader_2_3.csv
835,0,0,0,Reader_2_4.csv
835,0,0,0,Reader_2_5.csv
835,0,0,0,Reader_2_6.csv
835,1,1,0,Reader_2_7.csv
835,0,0,0,Reader_2_8.csv
835,0,0,0,Reader_2_9.csv
835,10,9,1,reader_3_1.csv
835,13,9,4,Reader_3_2.csv
835,13,11,2,Reader_3_3.csv
835,13,11,2,Reader_3_4.csv
835,12,10,2,Reader_3_5.csv
835,2,0,2,Reader_3_6.csv
835,0,0,0,Reader_3_7.csv
836,6,6,0,Reader_1_1.csv
836,1,1,0,Reader_1_10.csv
836,2,2,0,Reader_1_11.csv
836,0,0,0,Reader_1_12.csv
836,0,0,0,Reader_1_2.csv
836,4,4,0,Reader_1_3.csv
836,0,0,0,Reader_1_4.csv
836,7,6,1,Reader_1_5.csv
836,0,0,0,Reader_1_6.csv
836,0,0,0,Reader_1_7.csv
836,0,0,0,Reader_1_8.csv
836,0,0,0,Reader_1_9.csv
836,6,6,0,Reader_2_1.csv
836,0,0,0,Reader_2_10.csv
836,0,0,0,Reader_2_11.csv
836,1,0,1,Reader_2_12.csv
836,0,0,0,Reader_2_2.csv
836,3,1,2,Reader_2_3.csv
836,0,0,0,Reader_2_4.csv
836,0,0,0,Reader_2_5.csv
836,0,0,0,Reader_2_6.csv
836,1,1,0,Reader_2_7.csv
836,0,0,0,Reader_2_8.csv
836,0,0,0,Reader_2_9.csv
836,8,8,0,reader_3_1.csv
836,16,12,4,Reader_3_2.csv
836,13,10,3,Reader_3_3.csv
836,13,10,3,Reader_3_4.csv
836,10,8,2,Reader_3_5.csv
836,2,0,2,Reader_3_6.csv
836,0,0,0,Reader_3_7.csv
837,5,5,0,Reader_1_1.csv
837,0,0,0,Reader_1_10.csv
837,2,2,0,Reader_1_11.csv
837,0,0,0,Reader_1_12.csv
837,0,0,0,Reader_1_2.csv
837,6,5,1,Reader_1_3.csv
837,0,0,0,Reader_1_4.csv
837,5,5,0,Reader_1_5.csv
837,0,0,0,Reader_1_6.csv
837,0,0,0,Reader_1_7.csv
837,0,0,0,Reader_1_8.csv
837,0,0,0,Reader_1_9.csv
837,5,5,0,Reader_2_1.csv
837,0,0,0,Reader_2_10.csv
837,0,0,0,Reader_2_11.csv
837,2,1,1,Reader_2_12.csv
837,0,0,0,Reader_2_2.csv
837,2,0,2,Reader_2_3.csv
837,0,0,0,Reader_2_4.csv
837,0,0,0,Reader_2_5.csv
837,0,0,0,Reader_2_6.csv
837,2,2,0,Reader_2_7.csv
837,0,0,0,Reader_2_8.csv
837,0,0,0,Reader_2_9.csv
837,10,10,0,reader_3_1.csv
837,20,16,4,Reader_3_2.csv
837,17,12,5,Reader_3_3.csv
837,17,12,5,Reader_3_4.csv
837,11,8,3,Reader_3_5.csv
837,1,0,1,Reader_3_6.csv
837,0,0,0,Reader_3_7.csv
838,4,4,0,Reader_1_1.csv
838,0,0,0,Reader_1_10.csv
838,2,2,0,Reader_1_11.csv
838,0,0,0,Reader_1_12.csv
838,0,0,0,Reader_1_2.csv
838,5,4,1,Reader_1_3.csv
838,0,0,0,Reader_1_4.csv
838,7,6,1,Reader_1_5.csv
838,0,0,0,Reader_1_6.csv
838,0,0,0,Reader_1_7.csv
838,0,0,0,Reader_1_8.csv
838,0,0,0,Reader_1_9.csv
838,4,4,0,Reader_2_1.csv
838,0,0,0,Reader_2_10.csv
838,0,0,0,Reader_2_11.csv
838,2,1,1,Reader_2_12.csv
838,0,0,0,Reader_2_2.csv
838,2,0,2,Reader_2_3.csv
838,0,0,0,Reader_2_4.csv
838,0,0,0,Reader_2_5.csv
838,0,0,0,Reader_2_6.csv
838,1,1,0,Reader_2_7.csv
838,0,0,0,Reader_2_8.csv
838,0,0,0,Reader_2_9.csv
838,10,10,0,reader_3_1.csv
838,21,17,4,Reader_3_2.csv
838,18,13,5,Reader_3_3.csv
838,18,13,5,Reader_3_4.csv
838,9,7,2,Reader_3_5.csv
838,1,0,1,Reader_3_6.csv
838,0,0,0,Reader_3_7.csv
839,4,4,0,Reader_1_1.csv
839,0,0,0,Reader_1_10.csv
839,1,1,0,Reader_1_11.csv
839,0,0,0,Reader_1_12.csv
839,1,1,0,Reader_1_2.csv
839,5,4,1,Reader_1_3.csv
839,0,0,0,Reader_1_4.csv
839,8,7,1,Reader_1_5.csv
839,0,0,0,Reader_1_6.csv
839,0,0,0,Reader_1_7.csv
839,0,0,0,Reader_1_8.csv
839,0,0,0,Reader_1_9.csv
839,5,5,0,Reader_2_1.csv
839,0,0,0,Reader_2_10.csv
839,0,0,0,Reader_2_11.csv
839,1,1,0,Reader_2_12.csv
839,0,0,0,Reader_2_2.csv
839,0,0,0,Reader_2_3.csv
839,0,0,0,Reader_2_4.csv
839,0,0,0,Reader_2_5.csv
839,0,0,0,Reader_2_6.csv
839,1,1,0,Reader_2_7.csv
839,0,0,0,Reader_2_8.csv
839,0,0,0,Reader_2_9.csv
839,8,8,0,reader_3_1.csv
839,21,18,3,Reader_3_2.csv
839,17,12,5,Reader_3_3.csv
839,17,12,5,Reader_3_4.csv
839,8,6,2,Reader_3_5.csv
839,2,2,0,Reader_3_6.csv
839,1,1,0,Reader_3_7.csv
840,5,5,0,Reader_1_1.csv
840,0,0,0,Reader_1_10.csv
840,1,1,0,Reader_1_11.csv
840,0,0,0,Reader_1_12.csv
840,1,1,0,Reader_1_2.csv
840,5,4,1,Reader_1_3.csv
840,0,0,0,Reader_1_4.csv
840,8,7,1,Reader_1_5.csv
840,0,0,0,Reader_1_6.csv
840,0,0,0,Reader_1_7.csv
840,0,0,0,Reader_1_8.csv
840,0,0,0,Reader_1_9.csv
840,7,7,0,Reader_2_1.csv
840,0,0,0,Reader_2_10.csv
840,0,0,0,Reader_2_11.csv
840,1,1,0,Reader_2_12.csv
840,0,0,0,Reader_2_2.csv
840,0,0,0,Reader_2_3.csv
840,0,0,0,Reader_2_4.csv
840,0,0,0,Reader_2_5.csv
840,0,0,0,Reader_2_6.csv
840,1,1,0,Reader_2_7.csv
840,0,0,0,Reader_2_8.csv
840,0,0,0,Reader_2_9.csv
840,9,9,0,reader_3_1.csv
840,21,17,4,Reader_3_2.csv
840,14,9,5,Reader_3_3.csv
840,14,9,5,Reader_3_4.csv
840,7,5,2,Reader_3_5.csv
840,2,2,0,Reader_3_6.csv
840,1,1,0,Reader_3_7.csv
841,5,5,0,Reader_1_1.csv
841,1,1,0,Reader_1_10.csv
841,1,1,0,Reader_1_11.csv
841,0,0,0,Reader_1_12.csv
841,1,1,0,Reader_1_2.csv
841,3,2,1,Reader_1_3.csv
841,0,0,0,Reader_1_4.csv
841,7,6,1,Reader_1_5.csv
841,0,0,0,Reader_1_6.csv
841,1,1,0,Reader_1_7.csv
841,0,0,0,Reader_1_8.csv
841,0,0,0,Reader_1_9.csv
841,6,6,0,Reader_2_1.csv
841,0,0,0,Reader_2_10.csv
841,0,0,0,Reader_2_11.csv
841,1,1,0,Reader_2_12.csv
841,0,0,0,Reader_2_2.csv
841,0,0,0,Reader_2_3.csv
841,0,0,0,Reader_2_4.csv
841,0,0,0,Reader_2_5.csv
841,0,0,0,Reader_2_6.csv
841,1,1,0,Reader_2_7.csv
841,0,0,0,Reader_2_8.csv
841,0,0,0,Reader_2_9.csv
841,9,9,0,reader_3_1.csv
841,21,18,3,Reader_3_2.csv
841,14,9,5,Reader_3_3.csv
841,14,9,5,Reader_3_4.csv
841,6,4,2,Reader_3_5.csv
841,3,2,1,Reader_3_6.csv
841,1,1,0,Reader_3_7.csv
842,4,4,0,Reader_1_1.csv
842,1,1,0,Reader_1_10.csv
842,0,0,0,Reader_1_11.csv
842,0,0,0,Reader_1_12.csv
842,1,1,0,Reader_1_2.csv
842,4,3,1,Reader_1_3.csv
842,0,0,0,Reader_1_4.csv
842,10,9,1,Reader_1_5.csv
842,0,0,0,Reader_1_6.csv
842,1,1,0,Reader_1_7.csv
842,0,0,0,Reader_1_8.csv
842,0,0,0,Reader_1_9.csv
842,6,6,0,Reader_2_1.csv
842,0,0,0,Reader_2_10.csv
842,0,0,0,Reader_2_11.csv
842,1,1,0,Reader_2_12.csv
842,0,0,0,Reader_2_2.csv
842,1,0,1,Reader_2_3.csv
842,0,0,0,Reader_2_4.csv
842,0,0,0,Reader_2_5.csv
842,0,0,0,Reader_2_6.csv
842,1,1,0,Reader_2_7.csv
842,0,0,0,Reader_2_8.csv
842,0,0,0,Reader_2_9.csv
842,9,9,0,reader_3_1.csv
842,19,16,3,Reader_3_2.csv
842,16,10,6,Reader_3_3.csv
842,16,10,6,Reader_3_4.csv
842,3,2,1,Reader_3_5.csv
842,3,2,1,Reader_3_6.csv
842,1,1,0,Reader_3_7.csv
843,3,3,0,Reader_1_1.csv
843,1,1,0,Reader_1_10.csv
843,0,0,0,Reader_1_11.csv
843,0,0,0,Reader_1_12.csv
843,1,1,0,Reader_1_2.csv
843,5,4,1,Reader_1_3.csv
843,0,0,0,Reader_1_4.csv
843,10,9,1,Reader_1_5.csv
843,0,0,0,Reader_1_6.csv
843,1,1,0,Reader_1_7.csv
843,0,0,0,Reader_1_8.csv
843,0,0,0,Reader_1_9.csv
843,7,7,0,Reader_2_1.csv
843,0,0,0,Reader_2_10.csv
843,0,0,0,Reader_2_11.csv
843,1,1,0,Reader_2_12.csv
843,0,0,0,Reader_2_2.csv
843,2,0,2,Reader_2_3.csv
843,0,0,0,Reader_2_4.csv
843,0,0,0,Reader_2_5.csv
843,0,0,0,Reader_2_6.csv
843,1,1,0,Reader_2_7.csv
843,0,0,0,Reader_2_8.csv
843,0,0,0,Reader_2_9.csv
843,9,9,0,reader_3_1.csv
843,18,14,4,Reader_3_2.csv
843,17,11,6,Reader_3_3.csv
843,17,11,6,Reader_3_4.csv
843,2,1,1,Reader_3_5.csv
843,3,2,1,Reader_3_6.csv
843,1,1,0,Reader_3_7.csv
844,4,4,0,Reader_1_1.csv
844,1,1,0,Reader_1_10.csv
844,0,0,0,Reader_1_11.csv
844,0,0,0,Reader_1_12.csv
844,1,1,0,Reader_1_2.csv
844,5,4,1,Reader_1_3.csv
844,0,0,0,Reader_1_4.csv
844,12,10,2,Reader_1_5.csv
844,0,0,0,Reader_1_6.csv
844,1,1,0,Reader_1_7.csv
844,0,0,0,Reader_1_8.csv
844,0,0,0,Reader_1_9.csv
844,6,6,0,Reader_2_1.csv
844,0,0,0,Reader_2_10.csv
844,0,0,0,Reader_2_11.csv
844,1,1,0,Reader_2_12.csv
844,0,0,0,Reader_2_2.csv
844,2,0,2,Reader_2_3.csv
844,1,1,0,Reader_2_4.csv
844,0,0,0,Reader_2_5.csv
844,1,1,0,Reader_2_6.csv
844,1,1,0,Reader_2_7.csv
844,0,0,0,Reader_2_8.csv
844,0,0,0,Reader_2_9.csv
844,10,10,0,reader_3_1.csv
844,15,11,4,Reader_3_2.csv
844,19,14,5,Reader_3_3.csv
844,19,14,5,Reader_3_4.csv
844,3,1,2,Reader_3_5.csv
844,4,3,1,Reader_3_6.csv
844,1,1,0,Reader_3_7.csv
845,3,3,0,Reader_1_1.csv
845,1,1,0,Reader_1_10.csv
845,0,0,0,Reader_1_11.csv
845,0,0,0,Reader_1_12.csv
845,3,3,0,Reader_1_2.csv
845,4,3,1,Reader_1_3.csv
845,0,0,0,Reader_1_4.csv
845,12,10,2,Reader_1_5.csv
845,0,0,0,Reader_1_6.csv
845,1,1,0,Reader_1_7.csv
845,0,0,0,Reader_1_8.csv
845,0,0,0,Reader_1_9.csv
845,6,6,0,Reader_2_1.csv
845,0,0,0,Reader_2_10.csv
845,0,0,0,Reader_2_11.csv
845,0,0,0,Reader_2_12.csv
845,0,0,0,Reader_2_2.csv
845,2,0,2,Reader_2_3.csv
845,1,1,0,Reader_2_4.csv
845,0,0,0,Reader_2_5.csv
845,3,3,0,Reader_2_6.csv
845,0,0,0,Reader_2_7.csv
845,0,0,0,Reader_2_8.csv
845,0,0,0,Reader_2_9.csv
845,9,8,1,reader_3_1.csv
845,12,8,4,Reader_3_2.csv
845,17,14,3,Reader_3_3.csv
845,17,14,3,Reader_3_4.csv
845,1,0,1,Reader_3_5.csv
845,5,4,1,Reader_3_6.csv
845,1,1,0,Reader_3_7.csv
846,4,3,1,Reader_1_1.csv
846,1,1,0,Reader_1_10.csv
846,1,1,0,Reader_1_11.csv
846,1,1,0,Reader_1_12.csv
846,4,4,0,Reader_1_2.csv
846,4,3,1,Reader_1_3.csv
846,0,0,0,Reader_1_4.csv
846,11,10,1,Reader_1_5.csv
846,0,0,0,Reader_1_6.csv
846,1,1,0,Reader_1_7.csv
846,0,0,0,Reader_1_8.csv
846,0,0,0,Reader_1_9.csv
846,5,5,0,Reader_2_1.csv
846,0,0,0,Reader_2_10.csv
846,0,0,0,Reader_2_11.csv
846,0,0,0,Reader_2_12.csv
846,0,0,0,Reader_2_2.csv
846,2,0,2,Reader_2_3.csv
846,1,1,0,Reader_2_4.csv
846,0,0,0,Reader_2_5.csv
846,3,3,0,Reader_2_6.csv
846,0,0,0,Reader_2_7.csv
846,0,0,0,Reader_2_8.csv
846,0,0,0,Reader_2_9.csv
846,8,7,1,reader_3_1.csv
846,14,10,4,Reader_3_2.csv
846,14,12,2,Reader_3_3.csv
846,14,12,2,Reader_3_4.csv
846,2,1,1,Reader_3_5.csv
846,5,4,1,Reader_3_6.csv
846,1,1,0,Reader_3_7.csv
847,3,2,1,Reader_1_1.csv
847,1,1,0,Reader_1_10.csv
847,1,1,0,Reader_1_11.csv
847,1,1,0,Reader_1_12.csv
847,4,4,0,Reader_1_2.csv
847,4,3,1,Reader_1_3.csv
847,0,0,0,Reader_1_4.csv
847,9,8,1,Reader_1_5.csv
847,0,0,0,Reader_1_6.csv
847,1,1,0,Reader_1_7.csv
847,0,0,0,Reader_1_8.csv
847,0,0,0,Reader_1_9.csv
847,4,4,0,Reader_2_1.csv
847,0,0,0,Reader_2_10.csv
847,0,0,0,Reader_2_11.csv
847,1,1,0,Reader_2_12.csv
847,0,0,0,Reader_2_2.csv
847,2,0,2,Reader_2_3.csv
847,1,1,0,Reader_2_4.csv
847,0,0,0,Reader_2_5.csv
847,3,3,0,Reader_2_6.csv
847,0,0,0,Reader_2_7.csv
847,0,0,0,Reader_2_8.csv
847,0,0,0,Reader_2_9.csv
847,10,9,1,reader_3_1.csv
847,15,10,5,Reader_3_2.csv
847,13,11,2,Reader_3_3.csv
847,13,11,2,Reader_3_4.csv
847,2,1,1,Reader_3_5.csv
847,3,2,1,Reader_3_6.csv
847,0,0,0,Reader_3_7.csv
848,2,1,1,Reader_1_1.csv
848,1,1,0,Reader_1_10.csv
848,1,1,0,Reader_1_11.csv
848,1,1,0,Reader_1_12.csv
848,4,4,0,Reader_1_2.csv
848,4,3,1,Reader_1_3.csv
848,0,0,0,Reader_1_4.csv
848,9,7,2,Reader_1_5.csv
848,0,0,0,Reader_1_6.csv
848,1,1,0,Reader_1_7.csv
848,0,0,0,Reader_1_8.csv
848,0,0,0,Reader_1_9.csv
848,2,2,0,Reader_2_1.csv
848,0,0,0,Reader_2_10.csv
848,0,0,0,Reader_2_11.csv
848,1,1,0,Reader_2_12.csv
848,0,0,0,Reader_2_2.csv
848,2,0,2,Reader_2_3.csv
848,1,1,0,Reader_2_4.csv
848,1,1,0,Reader_2_5.csv
848,3,3,0,Reader_2_6.csv
848,0,0,0,Reader_2_7.csv
848,0,0,0,Reader_2_8.csv
848,0,0,0,Reader_2_9.csv
848,10,9,1,reader_3_1.csv
848,15,11,4,Reader_3_2.csv
848,12,10,2,Reader_3_3.csv
848,12,10,2,Reader_3_4.csv
848,5,3,2,Reader_3_5.csv
848,4,3,1,Reader_3_6.csv
848,0,0,0,Reader_3_7.csv
849,2,1,1,Reader_1_1.csv
849,0,0,0,Reader_1_10.csv
849,1,1,0,Reader_1_11.csv
849,1,1,0,Reader_1_12.csv
849,6,6,0,Reader_1_2.csv
849,4,3,1,Reader_1_3.csv
849,0,0,0,Reader_1_4.csv
849,10,7,3,Reader_1_5.csv
849,0,0,0,Reader_1_6.csv
849,0,0,0,Reader_1_7.csv
849,0,0,0,Reader_1_8.csv
849,0,0,0,Reader_1_9.csv
849,3,3,0,Reader_2_1.csv
849,0,0,0,Reader_2_10.csv
849,0,0,0,Reader_2_11.csv
849,1,1,0,Reader_2_12.csv
849,0,0,0,Reader_2_2.csv
849,2,0,2,Reader_2_3.csv
849,1,1,0,Reader_2_4.csv
849,1,1,0,Reader_2_5.csv
849,3,3,0,Reader_2_6.csv
849,0,0,0,Reader_2_7.csv
849,0,0,0,Reader_2_8.csv
849,0,0,0,Reader_2_9.csv
849,12,10,2,reader_3_1.csv
849,16,13,3,Reader_3_2.csv
849,11,9,2,Reader_3_3.csv
849,11,9,2,Reader_3_4.csv
849,5,3,2,Reader_3_5.csv
849,4,4,0,Reader_3_6.csv
849,0,0,0,Reader_3_7.csv
850,3,2,1,Reader_1_1.csv
850,0,0,0,Reader_1_10.csv
850,1,1,0,Reader_1_11.csv
850,1,1,0,Reader_1_12.csv
850,6,6,0,Reader_1_2.csv
850,3,2,1,Reader_1_3.csv
850,0,0,0,Reader_1_4.csv
850,7,4,3,Reader_1_5.csv
850,0,0,0,Reader_1_6.csv
850,0,0,0,Reader_1_7.csv
850,0,0,0,Reader_1_8.csv
850,0,0,0,Reader_1_9.csv
850,3,3,0,Reader_2_1.csv
850,0,0,0,Reader_2_10.csv
850,0,0,0,Reader_2_11.csv
850,1,1,0,Reader_2_12.csv
850,0,0,0,Reader_2_2.csv
850,1,0,1,Reader_2_3.csv
850,1,1,0,Reader_2_4.csv
850,1,1,0,Reader_2_5.csv
850,3,3,0,Reader_2_6.csv
850,0,0,0,Reader_2_7.csv
850,0,0,0,Reader_2_8.csv
850,0,0,0,Reader_2_9.csv
850,12,10,2,reader_3_1.csv
850,19,14,5,Reader_3_2.csv
850,8,7,1,Reader_3_3.csv
850,8,7,1,Reader_3_4.csv
850,5,3,2,Reader_3_5.csv
850,4,4,0,Reader_3_6.csv
850,0,0,0,Reader_3_7.csv
851,4,3,1,Reader_1_1.csv
851,0,0,0,Reader_1_10.csv
851,1,1,0,Reader_1_11.csv
851,1,1,0,Reader_1_12.csv
851,6,6,0,Reader_1_2.csv
851,2,1,1,Reader_1_3.csv
851,0,0,0,Reader_1_4.csv
851,6,3,3,Reader_1_5.csv
851,0,0,0,Reader_1_6.csv
851,0,0,0,Reader_1_7.csv
851,0,0,0,Reader_1_8.csv
851,0,0,0,Reader_1_9.csv
851,2,2,0,Reader_2_1.csv
851,0,0,0,Reader_2_10.csv
851,0,0,0,Reader_2_11.csv
851,1,1,0,Reader_2_12.csv
851,0,0,0,Reader_2_2.csv
851,0,0,0,Reader_2_3.csv
851,1,1,0,Reader_2_4.csv
851,1,1,0,Reader_2_5.csv
851,3,3,0,Reader_2_6.csv
851,0,0,0,Reader_2_7.csv
851,0,0,0,Reader_2_8.csv
851,0,0,0,Reader_2_9.csv
851,15,11,4,reader_3_1.csv
851,20,16,4,Reader_3_2.csv
851,6,6,0,Reader_3_3.csv
851,6,6,0,Reader_3_4.csv
851,7,5,2,Reader_3_5.csv
851,6,6,0,Reader_3_6.csv
851,0,0,0,Reader_3_7.csv
852,4,2,2,Reader_1_1.csv
852,0,0,0,Reader_1_10.csv
852,1,1,0,Reader_1_11.csv
852,1,1,0,Reader_1_12.csv
852,7,7,0,Reader_1_2.csv
852,3,1,2,Reader_1_3.csv
852,0,0,0,Reader_1_4.csv
852,4,2,2,Reader_1_5.csv
852,0,0,0,Reader_1_6.csv
852,0,0,0,Reader_1_7.csv
852,0,0,0,Reader_1_8.csv
852,0,0,0,Reader_1_9.csv
852,1,1,0,Reader_2_1.csv
852,0,0,0,Reader_2_10.csv
852,0,0,0,Reader_2_11.csv
852,1,1,0,Reader_2_12.csv
852,0,0,0,Reader_2_2.csv
852,0,0,0,Reader_2_3.csv
852,0,0,0,Reader_2_4.csv
852,1,1,0,Reader_2_5.csv
852,2,2,0,Reader_2_6.csv
852,0,0,0,Reader_2_7.csv
852,0,0,0,Reader_2_8.csv
852,0,0,0,Reader_2_9.csv
852,14,9,5,reader_3_1.csv
852,22,18,4,Reader_3_2.csv
852,3,3,0,Reader_3_3.csv
852,3,3,0,Reader_3_4.csv
852,8,7,1,Reader_3_5.csv
852,5,5,0,Reader_3_6.csv
852,0,0,0,Reader_3_7.csv
853,5,3,2,Reader_1_1.csv
853,0,0,0,Reader_1_10.csv
853,1,1,0,Reader_1_11.csv
853,1,1,0,Reader_1_12.csv
853,6,5,1,Reader_1_2.csv
853,2,1,1,Reader_1_3.csv
853,0,0,0,Reader_1_4.csv
853,4,2,2,Reader_1_5.csv
853,0,0,0,Reader_1_6.csv
853,0,0,0,Reader_1_7.csv
853,0,0,0,Reader_1_8.csv
853,0,0,0,Reader_1_9.csv
853,2,2,0,Reader_2_1.csv
853,0,0,0,Reader_2_10.csv
853,0,0,0,Reader_2_11.csv
853,1,1,0,Reader_2_12.csv
853,0,0,0,Reader_2_2.csv
853,0,0,0,Reader_2_3.csv
853,0,0,0,Reader_2_4.csv
853,1,1,0,Reader_2_5.csv
853,0,0,0,Reader_2_6.csv
853,0,0,0,Reader_2_7.csv
853,0,0,0,Reader_2_8.csv
853,0,0,0,Reader_2_9.csv
853,16,11,5,reader_3_1.csv
853,22,19,3,Reader_3_2.csv
853,1,1,0,Reader_3_3.csv
853,1,1,0,Reader_3_4.csv
853,10,8,2,Reader_3_5.csv
853,4,4,0,Reader_3_6.csv
853,0,0,0,Reader_3_7.csv
854,5,4,1,Reader_1_1.csv
854,1,1,0,Reader_1_10.csv
854,0,0,0,Reader_1_11.csv
854,0,0,0,Reader_1_12.csv
854,5,4,1,Reader_1_2.csv
854,3,1,2,Reader_1_3.csv
854,0,0,0,Reader_1_4.csv
854,4,2,2,Reader_1_5.csv
854,0,0,0,Reader_1_6.csv
854,0,0,0,Reader_1_7.csv
854,0,0,0,Reader_1_8.csv
854,0,0,0,Reader_1_9.csv
854,2,2,0,Reader_2_1.csv
854,0,0,0,Reader_2_10.csv
854,0,0,0,Reader_2_11.csv
854,1,1,0,Reader_2_12.csv
854,0,0,0,Reader_2_2.csv
854,0,0,0,Reader_2_3.csv
854,0,0,0,Reader_2_4.csv
854,1,1,0,Reader_2_5.csv
854,0,0,0,Reader_2_6.csv
854,0,0,0,Reader_2_7.csv
854,0,0,0,Reader_2_8.csv
854,0,0,0,Reader_2_9.csv
854,17,11,6,reader_3_1.csv
854,21,17,4,Reader_3_2.csv
854,3,3,0,Reader_3_3.csv
854,3,3,0,Reader_3_4.csv
854,10,8,2,Reader_3_5.csv
854,4,4,0,Reader_3_6.csv
854,0,0,0,Reader_3_7.csv
855,8,7,1,Reader_1_1.csv
855,1,1,0,Reader_1_10.csv
855,0,0,0,Reader_1_11.csv
855,3,2,1,Reader_1_12.csv
855,5,4,1,Reader_1_2.csv
855,3,1,2,Reader_1_3.csv
855,0,0,0,Reader_1_4.csv
855,7,4,3,Reader_1_5.csv
855,0,0,0,Reader_1_6.csv
855,0,0,0,Reader_1_7.csv
855,0,0,0,Reader_1_8.csv
855,0,0,0,Reader_1_9.csv
855,2,2,0,Reader_2_1.csv
855,0,0,0,Reader_2_10.csv
855,0,0,0,Reader_2_11.csv
855,1,1,0,Reader_2_12.csv
855,0,0,0,Reader_2_2.csv
855,1,0,1,Reader_2_3.csv
855,0,0,0,Reader_2_4.csv
855,1,1,0,Reader_2_5.csv
855,0,0,0,Reader_2_6.csv
855,0,0,0,Reader_2_7.csv
855,0,0,0,Reader_2_8.csv
855,0,0,0,Reader_2_9.csv
855,18,11,7,reader_3_1.csv
855,20,16,4,Reader_3_2.csv
855,3,3,0,Reader_3_3.csv
855,3,3,0,Reader_3_4.csv
855,10,8,2,Reader_3_5.csv
855,4,4,0,Reader_3_6.csv
855,1,1,0,Reader_3_7.csv
856,9,8,1,Reader_1_1.csv
856,1,1,0,Reader_1_10.csv
856,0,0,0,Reader_1_11.csv
856,3,2,1,Reader_1_12.csv
856,8,6,2,Reader_1_2.csv
856,5,2,3,Reader_1_3.csv
856,0,0,0,Reader_1_4.csv
856,7,5,2,Reader_1_5.csv
856,0,0,0,Reader_1_6.csv
856,0,0,0,Reader_1_7.csv
856,0,0,0,Reader_1_8.csv
856,0,0,0,Reader_1_9.csv
856,2,2,0,Reader_2_1.csv
856,0,0,0,Reader_2_10.csv
856,0,0,0,Reader_2_11.csv
856,2,2,0,Reader_2_12.csv
856,0,0,0,Reader_2_2.csv
856,1,0,1,Reader_2_3.csv
856,0,0,0,Reader_2_4.csv
856,0,0,0,Reader_2_5.csv
856,1,0,1,Reader_2_6.csv
856,0,0,0,Reader_2_7.csv
856,0,0,0,Reader_2_8.csv
856,0,0,0,Reader_2_9.csv
856,20,12,8,reader_3_1.csv
856,20,16,4,Reader_3_2.csv
856,4,4,0,Reader_3_3.csv
856,4,4,0,Reader_3_4.csv
856,7,6,1,Reader_3_5.csv
856,3,3,0,Reader_3_6.csv
856,1,1,0,Reader_3_7.csv
857,10,9,1,Reader_1_1.csv
857,1,1,0,Reader_1_10.csv
857,0,0,0,Reader_1_11.csv
857,4,3,1,Reader_1_12.csv
857,6,4,2,Reader_1_2.csv
857,7,3,4,Reader_1_3.csv
857,0,0,0,Reader_1_4.csv
857,6,5,1,Reader_1_5.csv
857,0,0,0,Reader_1_6.csv
857,0,0,0,Reader_1_7.csv
857,0,0,0,Reader_1_8.csv
857,0,0,0,Reader_1_9.csv
857,1,1,0,Reader_2_1.csv
857,0,0,0,Reader_2_10.csv
857,1,0,1,Reader_2_11.csv
857,2,2,0,Reader_2_12.csv
857,0,0,0,Reader_2_2.csv
857,1,0,1,Reader_2_3.csv
857,0,0,0,Reader_2_4.csv
857,0,0,0,Reader_2_5.csv
857,1,0,1,Reader_2_6.csv
857,0,0,0,Reader_2_7.csv
857,0,0,0,Reader_2_8.csv
857,0,0,0,Reader_2_9.csv
857,20,9,11,reader_3_1.csv
857,19,15,4,Reader_3_2.csv
857,4,4,0,Reader_3_3.csv
857,4,4,0,Reader_3_4.csv
857,8,7,1,Reader_3_5.csv
857,2,2,0,Reader_3_6.csv
857,1,1,0,Reader_3_7.csv
858,10,9,1,Reader_1_1.csv
858,1,1,0,Reader_1_10.csv
858,2,1,1,Reader_1_11.csv
858,4,3,1,Reader_1_12.csv
858,6,4,2,Reader_1_2.csv
858,7,3,4,Reader_1_3.csv
858,1,0,1,Reader_1_4.csv
858,6,5,1,Reader_1_5.csv
858,0,0,0,Reader_1_6.csv
858,0,0,0,Reader_1_7.csv
858,0,0,0,Reader_1_8.csv
858,0,0,0,Reader_1_9.csv
858,1,1,0,Reader_2_1.csv
858,0,0,0,Reader_2_10.csv
858,1,0,1,Reader_2_11.csv
858,3,3,0,Reader_2_12.csv
858,0,0,0,Reader_2_2.csv
858,1,0,1,Reader_2_3.csv
858,0,0,0,Reader_2_4.csv
858,0,0,0,Reader_2_5.csv
858,1,0,1,Reader_2_6.csv
858,0,0,0,Reader_2_7.csv
858,0,0,0,Reader_2_8.csv
858,0,0,0,Reader_2_9.csv
858,24,13,11,reader_3_1.csv
858,14,12,2,Reader_3_2.csv
858,4,4,0,Reader_3_3.csv
858,4,4,0,Reader_3_4.csv
858,10,9,1,Reader_3_5.csv
858,2,2,0,Reader_3_6.csv
858,1,1,0,Reader_3_7.csv
859,9,8,1,Reader_1_1.csv
859,1,1,0,Reader_1_10.csv
859,4,3,1,Reader_1_11.csv
859,4,3,1,Reader_1_12.csv
859,6,4,2,Reader_1_2.csv
859,9,4,5,Reader_1_3.csv
859,1,0,1,Reader_1_4.csv
859,7,6,1,Reader_1_5.csv
859,0,0,0,Reader_1_6.csv
859,0,0,0,Reader_1_7.csv
859,2,1,1,Reader_1_8.csv
859,0,0,0,Reader_1_9.csv
859,1,1,0,Reader_2_1.csv
859,0,0,0,Reader_2_10.csv
859,1,0,1,Reader_2_11.csv
859,3,3,0,Reader_2_12.csv
859,1,0,1,Reader_2_2.csv
859,2,0,2,Reader_2_3.csv
859,0,0,0,Reader_2_4.csv
859,1,1,0,Reader_2_5.csv
859,1,0,1,Reader_2_6.csv
859,0,0,0,Reader_2_7.csv
859,0,0,0,Reader_2_8.csv
859,0,0,0,Reader_2_9.csv
859,25,16,9,reader_3_1.csv
859,14,11,3,Reader_3_2.csv
859,4,4,0,Reader_3_3.csv
859,4,4,0,Reader_3_4.csv
859,9,8,1,Reader_3_5.csv
859,0,0,0,Reader_3_6.csv
859,1,1,0,Reader_3_7.csv
860,8,8,0,Reader_1_1.csv
860,1,1,0,Reader_1_10.csv
860,4,3,1,Reader_1_11.csv
860,4,3,1,Reader_1_12.csv
860,6,4,2,Reader_1_2.csv
860,8,3,5,Reader_1_3.csv
860,1,0,1,Reader_1_4.csv
860,7,6,1,Reader_1_5.csv
860,0,0,0,Reader_1_6.csv
860,0,0,0,Reader_1_7.csv
860,2,1,1,Reader_1_8.csv
860,0,0,0,Reader_1_9.csv
860,1,1,0,Reader_2_1.csv
860,0,0,0,Reader_2_10.csv
860,1,0,1,Reader_2_11.csv
860,3,3,0,Reader_2_12.csv
860,1,0,1,Reader_2_2.csv
860,2,0,2,Reader_2_3.csv
860,0,0,0,Reader_2_4.csv
860,1,1,0,Reader_2_5.csv
860,1,0,1,Reader_2_6.csv
860,0,0,0,Reader_2_7.csv
860,0,0,0,Reader_2_8.csv
860,0,0,0,Reader_2_9.csv
860,26,17,9,reader_3_1.csv
860,13,10,3,Reader_3_2.csv
860,5,5,0,Reader_3_3.csv
860,5,5,0,Reader_3_4.csv
860,7,6,1,Reader_3_5.csv
860,0,0,0,Reader_3_6.csv
860,1,1,0,Reader_3_7.csv
861,7,7,0,Reader_1_1.csv
861,1,1,0,Reader_1_10.csv
861,7,5,2,Reader_1_11.csv
861,4,3,1,Reader_1_12.csv
861,5,4,1,Reader_1_2.csv
861,8,3,5,Reader_1_3.csv
861,1,0,1,Reader_1_4.csv
861,8,7,1,Reader_1_5.csv
861,0,0,0,Reader_1_6.csv
861,0,0,0,Reader_1_7.csv
861,2,1,1,Reader_1_8.csv
861,0,0,0,Reader_1_9.csv
861,0,0,0,Reader_2_1.csv
861,0,0,0,Reader_2_10.csv
861,1,0,1,Reader_2_11.csv
861,3,3,0,Reader_2_12.csv
861,1,0,1,Reader_2_2.csv
861,2,0,2,Reader_2_3.csv
861,0,0,0,Reader_2_4.csv
861,1,1,0,Reader_2_5.csv
861,1,0,1,Reader_2_6.csv
861,0,0,0,Reader_2_7.csv
861,1,1,0,Reader_2_8.csv
861,0,0,0,Reader_2_9.csv
861,26,16,10,reader_3_1.csv
861,11,8,3,Reader_3_2.csv
861,5,5,0,Reader_3_3.csv
861,5,5,0,Reader_3_4.csv
861,7,7,0,Reader_3_5.csv
861,0,0,0,Reader_3_6.csv
861,1,1,0,Reader_3_7.csv
862,6,6,0,Reader_1_1.csv
862,0,0,0,Reader_1_10.csv
862,11,8,3,Reader_1_11.csv
862,4,3,1,Reader_1_12.csv
862,6,5,1,Reader_1_2.csv
862,7,3,4,Reader_1_3.csv
862,1,0,1,Reader_1_4.csv
862,7,6,1,Reader_1_5.csv
862,1,1,0,Reader_1_6.csv
862,0,0,0,Reader_1_7.csv
862,2,1,1,Reader_1_8.csv
862,0,0,0,Reader_1_9.csv
862,0,0,0,Reader_2_1.csv
862,0,0,0,Reader_2_10.csv
862,1,0,1,Reader_2_11.csv
862,3,3,0,Reader_2_12.csv
862,1,0,1,Reader_2_2.csv
862,3,1,2,Reader_2_3.csv
862,0,0,0,Reader_2_4.csv
862,1,1,0,Reader_2_5.csv
862,1,0,1,Reader_2_6.csv
862,0,0,0,Reader_2_7.csv
862,1,1,0,Reader_2_8.csv
862,0,0,0,Reader_2_9.csv
862,25,16,9,reader_3_1.csv
862,9,7,2,Reader_3_2.csv
862,3,3,0,Reader_3_3.csv
862,3,3,0,Reader_3_4.csv
862,7,7,0,Reader_3_5.csv
862,0,0,0,Reader_3_6.csv
862,1,1,0,Reader_3_7.csv
863,3,3,0,Reader_1_1.csv
863,0,0,0,Reader_1_10.csv
863,12,8,4,Reader_1_11.csv
863,2,1,1,Reader_1_12.csv
863,6,5,1,Reader_1_2.csv
863,8,3,5,Reader_1_3.csv
863,1,0,1,Reader_1_4.csv
863,6,6,0,Reader_1_5.csv
863,1,1,0,Reader_1_6.csv
863,1,1,0,Reader_1_7.csv
863,2,1,1,Reader_1_8.csv
863,0,0,0,Reader_1_9.csv
863,0,0,0,Reader_2_1.csv
863,0,0,0,Reader_2_10.csv
863,1,0,1,Reader_2_11.csv
863,2,2,0,Reader_2_12.csv
863,1,0,1,Reader_2_2.csv
863,2,1,1,Reader_2_3.csv
863,0,0,0,Reader_2_4.csv
863,1,1,0,Reader_2_5.csv
863,1,0,1,Reader_2_6.csv
863,0,0,0,Reader_2_7.csv
863,1,1,0,Reader_2_8.csv
863,0,0,0,Reader_2_9.csv
863,24,16,8,reader_3_1.csv
863,10,9,1,Reader_3_2.csv
863,3,3,0,Reader_3_3.csv
863,3,3,0,Reader_3_4.csv
863,10,10,0,Reader_3_5.csv
863,0,0,0,Reader_3_6.csv
863,0,0,0,Reader_3_7.csv
864,3,3,0,Reader_1_1.csv
864,0,0,0,Reader_1_10.csv
864,13,9,4,Reader_1_11.csv
864,2,1,1,Reader_1_12.csv
864,4,4,0,Reader_1_2.csv
864,6,2,4,Reader_1_3.csv
864,1,0,1,Reader_1_4.csv
864,8,7,1,Reader_1_5.csv
864,1,1,0,Reader_1_6.csv
864,1,1,0,Reader_1_7.csv
864,3,2,1,Reader_1_8.csv
864,0,0,0,Reader_1_9.csv
864,0,0,0,Reader_2_1.csv
864,1,1,0,Reader_2_10.csv
864,2,1,1,Reader_2_11.csv
864,1,1,0,Reader_2_12.csv
864,1,0,1,Reader_2_2.csv
864,2,1,1,Reader_2_3.csv
864,1,0,1,Reader_2_4.csv
864,1,1,0,Reader_2_5.csv
864,0,0,0,Reader_2_6.csv
864,0,0,0,Reader_2_7.csv
864,1,1,0,Reader_2_8.csv
864,0,0,0,Reader_2_9.csv
864,21,14,7,reader_3_1.csv
864,9,8,1,Reader_3_2.csv
864,2,2,0,Reader_3_3.csv
864,2,2,0,Reader_3_4.csv
864,10,10,0,Reader_3_5.csv
864,1,1,0,Reader_3_6.csv
864,0,0,0,Reader_3_7.csv
865,2,2,0,Reader_1_1.csv
865,0,0,0,Reader_1_10.csv
865,13,9,4,Reader_1_11.csv
865,2,1,1,Reader_1_12.csv
865,4,4,0,Reader_1_2.csv
865,4,1,3,Reader_1_3.csv
865,1,0,1,Reader_1_4.csv
865,8,7,1,Reader_1_5.csv
865,1,1,0,Reader_1_6.csv
865,1,1,0,Reader_1_7.csv
865,4,2,2,Reader_1_8.csv
865,1,1,0,Reader_1_9.csv
865,0,0,0,Reader_2_1.csv
865,1,1,0,Reader_2_10.csv
865,1,1,0,Reader_2_11.csv
865,1,1,0,Reader_2_12.csv
865,1,0,1,Reader_2_2.csv
865,2,1,1,Reader_2_3.csv
865,1,0,1,Reader_2_4.csv
865,2,1,1,Reader_2_5.csv
865,0,0,0,Reader_2_6.csv
865,0,0,0,Reader_2_7.csv
865,1,1,0,Reader_2_8.csv
865,0,0,0,Reader_2_9.csv
865,17,14,3,reader_3_1.csv
865,7,6,1,Reader_3_2.csv
865,2,2,0,Reader_3_3.csv
865,2,2,0,Reader_3_4.csv
865,10,10,0,Reader_3_5.csv
865,1,1,0,Reader_3_6.csv
865,0,0,0,Reader_3_7.csv
866,2,2,0,Reader_1_1.csv
866,1,1,0,Reader_1_10.csv
866,12,9,3,Reader_1_11.csv
866,2,1,1,Reader_1_12.csv
866,6,6,0,Reader_1_2.csv
866,5,2,3,Reader_1_3.csv
866,0,0,0,Reader_1_4.csv
866,7,6,1,Reader_1_5.csv
866,1,1,0,Reader_1_6.csv
866,1,1,0,Reader_1_7.csv
866,4,2,2,Reader_1_8.csv
866,1,1,0,Reader_1_9.csv
866,0,0,0,Reader_2_1.csv
866,1,1,0,Reader_2_10.csv
866,2,2,0,Reader_2_11.csv
866,0,0,0,Reader_2_12.csv
866,2,0,2,Reader_2_2.csv
866,3,2,1,Reader_2_3.csv
866,1,0,1,Reader_2_4.csv
866,2,1,1,Reader_2_5.csv
866,0,0,0,Reader_2_6.csv
866,0,0,0,Reader_2_7.csv
866,1,1,0,Reader_2_8.csv
866,0,0,0,Reader_2_9.csv
866,15,12,3,reader_3_1.csv
866,7,6,1,Reader_3_2.csv
866,2,2,0,Reader_3_3.csv
866,2,2,0,Reader_3_4.csv
866,9,9,0,Reader_3_5.csv
866,1,1,0,Reader_3_6.csv
866,0,0,0,Reader_3_7.csv
867,2,2,0,Reader_1_1.csv
867,1,1,0,Reader_1_10.csv
867,10,7,3,Reader_1_11.csv
867,2,1,1,Reader_1_12.csv
867,7,7,0,Reader_1_2.csv
867,3,1,2,Reader_1_3.csv
867,0,0,0,Reader_1_4.csv
867,6,5,1,Reader_1_5.csv
867,1,1,0,Reader_1_6.csv
867,1,1,0,Reader_1_7.csv
867,2,1,1,Reader_1_8.csv
867,1,1,0,Reader_1_9.csv
867,1,1,0,Reader_2_1.csv
867,1,1,0,Reader_2_10.csv
867,2,2,0,Reader_2_11.csv
867,1,1,0,Reader_2_12.csv
867,1,0,1,Reader_2_2.csv
867,3,2,1,Reader_2_3.csv
867,1,0,1,Reader_2_4.csv
867,1,0,1,Reader_2_5.csv
867,0,0,0,Reader_2_6.csv
867,0,0,0,Reader_2_7.csv
867,1,1,0,Reader_2_8.csv
867,0,0,0,Reader_2_9.csv
867,17,14,3,reader_3_1.csv
867,7,6,1,Reader_3_2.csv
867,2,2,0,Reader_3_3.csv
867,2,2,0,Reader_3_4.csv
867,8,8,0,Reader_3_5.csv
867,1,1,0,Reader_3_6.csv
867,1,1,0,Reader_3_7.csv
868,3,2,1,Reader_1_1.csv
868,1,1,0,Reader_1_10.csv
868,10,7,3,Reader_1_11.csv
868,3,2,1,Reader_1_12.csv
868,7,7,0,Reader_1_2.csv
868,2,1,1,Reader_1_3.csv
868,0,0,0,Reader_1_4.csv
868,7,6,1,Reader_1_5.csv
868,1,1,0,Reader_1_6.csv
868,1,1,0,Reader_1_7.csv
868,3,2,1,Reader_1_8.csv
868,1,1,0,Reader_1_9.csv
868,1,1,0,Reader_2_1.csv
868,2,2,0,Reader_2_10.csv
868,2,2,0,Reader_2_11.csv
868,1,1,0,Reader_2_12.csv
868,2,1,1,Reader_2_2.csv
868,3,2,1,Reader_2_3.csv
868,1,0,1,Reader_2_4.csv
868,1,0,1,Reader_2_5.csv
868,0,0,0,Reader_2_6.csv
868,0,0,0,Reader_2_7.csv
868,1,1,0,Reader_2_8.csv
868,0,0,0,Reader_2_9.csv
868,19,17,2,reader_3_1.csv
868,5,4,1,Reader_3_2.csv
868,1,1,0,Reader_3_3.csv
868,1,1,0,Reader_3_4.csv
868,8,8,0,Reader_3_5.csv
868,3,3,0,Reader_3_6.csv
868,1,1,0,Reader_3_7.csv
869,5,4,1,Reader_1_1.csv
869,1,1,0,Reader_1_10.csv
869,8,5,3,Reader_1_11.csv
869,3,2,1,Reader_1_12.csv
869,8,8,0,Reader_1_2.csv
869,3,1,2,Reader_1_3.csv
869,2,2,0,Reader_1_4.csv
869,7,6,1,Reader_1_5.csv
869,1,1,0,Reader_1_6.csv
869,1,1,0,Reader_1_7.csv
869,3,2,1,Reader_1_8.csv
869,1,1,0,Reader_1_9.csv
869,1,1,0,Reader_2_1.csv
869,2,2,0,Reader_2_10.csv
869,4,4,0,Reader_2_11.csv
869,1,1,0,Reader_2_12.csv
869,2,1,1,Reader_2_2.csv
869,4,3,1,Reader_2_3.csv
869,1,0,1,Reader_2_4.csv
869,1,0,1,Reader_2_5.csv
869,0,0,0,Reader_2_6.csv
869,0,0,0,Reader_2_7.csv
869,0,0,0,Reader_2_8.csv
869,0,0,0,Reader_2_9.csv
869,24,24,0,reader_3_1.csv
869,5,4,1,Reader_3_2.csv
869,2,2,0,Reader_3_3.csv
869,2,2,0,Reader_3_4.csv
869,7,7,0,Reader_3_5.csv
869,3,3,0,Reader_3_6.csv
869,2,2,0,Reader_3_7.csv
870,5,4,1,Reader_1_1.csv
870,1,1,0,Reader_1_10.csv
870,4,2,2,Reader_1_11.csv
870,3,2,1,Reader_1_12.csv
870,7,7,0,Reader_1_2.csv
870,4,1,3,Reader_1_3.csv
870,2,2,0,Reader_1_4.csv
870,8,7,1,Reader_1_5.csv
870,0,0,0,Reader_1_6.csv
870,1,1,0,Reader_1_7.csv
870,3,2,1,Reader_1_8.csv
870,1,1,0,Reader_1_9.csv
870,1,1,0,Reader_2_1.csv
870,2,2,0,Reader_2_10.csv
870,4,4,0,Reader_2_11.csv
870,1,1,0,Reader_2_12.csv
870,2,1,1,Reader_2_2.csv
870,3,2,1,Reader_2_3.csv
870,1,0,1,Reader_2_4.csv
870,1,0,1,Reader_2_5.csv
870,0,0,0,Reader_2_6.csv
870,0,0,0,Reader_2_7.csv
870,0,0,0,Reader_2_8.csv
870,0,0,0,Reader_2_9.csv
870,24,24,0,reader_3_1.csv
870,6,5,1,Reader_3_2.csv
870,3,3,0,Reader_3_3.csv
870,3,3,0,Reader_3_4.csv
870,7,7,0,Reader_3_5.csv
870,4,4,0,Reader_3_6.csv
870,2,2,0,Reader_3_7.csv
871,5,4,1,Reader_1_1.csv
871,1,1,0,Reader_1_10.csv
871,3,2,1,Reader_1_11.csv
871,3,3,0,Reader_1_12.csv
871,6,6,0,Reader_1_2.csv
871,4,2,2,Reader_1_3.csv
871,2,2,0,Reader_1_4.csv
871,6,5,1,Reader_1_5.csv
871,0,0,0,Reader_1_6.csv
871,0,0,0,Reader_1_7.csv
871,3,2,1,Reader_1_8.csv
871,1,1,0,Reader_1_9.csv
871,2,2,0,Reader_2_1.csv
871,2,2,0,Reader_2_10.csv
871,4,4,0,Reader_2_11.csv
871,1,1,0,Reader_2_12.csv
871,4,3,1,Reader_2_2.csv
871,3,2,1,Reader_2_3.csv
871,1,0,1,Reader_2_4.csv
871,1,0,1,Reader_2_5.csv
871,0,0,0,Reader_2_6.csv
871,0,0,0,Reader_2_7.csv
871,0,0,0,Reader_2_8.csv
871,0,0,0,Reader_2_9.csv
871,28,28,0,reader_3_1.csv
871,5,4,1,Reader_3_2.csv
871,3,3,0,Reader_3_3.csv
871,3,3,0,Reader_3_4.csv
871,5,5,0,Reader_3_5.csv
871,4,4,0,Reader_3_6.csv
871,3,3,0,Reader_3_7.csv
872,4,3,1,Reader_1_1.csv
872,1,1,0,Reader_1_10.csv
872,3,2,1,Reader_1_11.csv
872,3,3,0,Reader_1_12.csv
872,6,6,0,Reader_1_2.csv
872,4,2,2,Reader_1_3.csv
872,2,2,0,Reader_1_4.csv
872,3,3,0,Reader_1_5.csv
872,0,0,0,Reader_1_6.csv
872,0,0,0,Reader_1_7.csv
872,2,1,1,Reader_1_8.csv
872,2,2,0,Reader_1_9.csv
872,2,2,0,Reader_2_1.csv
872,1,1,0,Reader_2_10.csv
872,3,3,0,Reader_2_11.csv
872,1,1,0,Reader_2_12.csv
872,4,3,1,Reader_2_2.csv
872,3,2,1,Reader_2_3.csv
872,0,0,0,Reader_2_4.csv
872,1,0,1,Reader_2_5.csv
872,1,1,0,Reader_2_6.csv
872,0,0,0,Reader_2_7.csv
872,0,0,0,Reader_2_8.csv
872,0,0,0,Reader_2_9.csv
872,31,31,0,reader_3_1.csv
872,5,4,1,Reader_3_2.csv
872,4,4,0,Reader_3_3.csv
872,4,4,0,Reader_3_4.csv
872,5,5,0,Reader_3_5.csv
872,6,6,0,Reader_3_6.csv
872,3,3,0,Reader_3_7.csv
873,5,4,1,Reader_1_1.csv
873,1,1,0,Reader_1_10.csv
873,3,2,1,Reader_1_11.csv
873,2,2,0,Reader_1_12.csv
873,8,8,0,Reader_1_2.csv
873,5,3,2,Reader_1_3.csv
873,2,2,0,Reader_1_4.csv
873,3,3,0,Reader_1_5.csv
873,0,0,0,Reader_1_6.csv
873,0,0,0,Reader_1_7.csv
873,1,1,0,Reader_1_8.csv
873,1,1,0,Reader_1_9.csv
873,2,2,0,Reader_2_1.csv
873,2,2,0,Reader_2_10.csv
873,3,3,0,Reader_2_11.csv
873,2,1,1,Reader_2_12.csv
873,4,3,1,Reader_2_2.csv
873,4,3,1,Reader_2_3.csv
873,0,0,0,Reader_2_4.csv
873,0,0,0,Reader_2_5.csv
873,1,1,0,Reader_2_6.csv
873,0,0,0,Reader_2_7.csv
873,0,0,0,Reader_2_8.csv
873,0,0,0,Reader_2_9.csv
873,36,36,0,reader_3_1.csv
873,6,4,2,Reader_3_2.csv
873,4,4,0,Reader_3_3.csv
873,4,4,0,Reader_3_4.csv
873,4,4,0,Reader_3_5.csv
873,7,7,0,Reader_3_6.csv
873,4,4,0,Reader_3_7.csv
874,4,3,1,Reader_1_1.csv
874,1,0,1,Reader_1_10.csv
874,3,2,1,Reader_1_11.csv
874,2,2,0,Reader_1_12.csv
874,6,6,0,Reader_1_2.csv
874,5,3,2,Reader_1_3.csv
874,2,2,0,Reader_1_4.csv
874,3,3,0,Reader_1_5.csv
874,0,0,0,Reader_1_6.csv
874,0,0,0,Reader_1_7.csv
874,1,1,0,Reader_1_8.csv
874,1,1,0,Reader_1_9.csv
874,2,2,0,Reader_2_1.csv
874,2,2,0,Reader_2_10.csv
874,3,2,1,Reader_2_11.csv
874,2,1,1,Reader_2_12.csv
874,3,3,0,Reader_2_2.csv
874,4,2,2,Reader_2_3.csv
874,0,0,0,Reader_2_4.csv
874,0,0,0,Reader_2_5.csv
874,1,1,0,Reader_2_6.csv
874,0,0,0,Reader_2_7.csv
874,0,0,0,Reader_2_8.csv
874,0,0,0,Reader_2_9.csv
874,40,39,1,reader_3_1.csv
874,9,7,2,Reader_3_2.csv
874,3,3,0,Reader_3_3.csv
874,3,3,0,Reader_3_4.csv
874,3,3,0,Reader_3_5.csv
874,8,7,1,Reader_3_6.csv
874,5,5,0,Reader_3_7.csv
875,4,3,1,Reader_1_1.csv
875,1,0,1,Reader_1_10.csv
875,3,2,1,Reader_1_11.csv
875,2,2,0,Reader_1_12.csv
875,6,5,1,Reader_1_2.csv
875,6,4,2,Reader_1_3.csv
875,3,3,0,Reader_1_4.csv
875,4,3,1,Reader_1_5.csv
875,0,0,0,Reader_1_6.csv
875,0,0,0,Reader_1_7.csv
875,1,1,0,Reader_1_8.csv
875,1,1,0,Reader_1_9.csv
875,1,1,0,Reader_2_1.csv
875,2,2,0,Reader_2_10.csv
875,3,2,1,Reader_2_11.csv
875,1,0,1,Reader_2_12.csv
875,3,3,0,Reader_2_2.csv
875,4,3,1,Reader_2_3.csv
875,0,0,0,Reader_2_4.csv
875,0,0,0,Reader_2_5.csv
875,1,1,0,Reader_2_6.csv
875,0,0,0,Reader_2_7.csv
875,0,0,0,Reader_2_8.csv
875,0,0,0,Reader_2_9.csv
875,34,33,1,reader_3_1.csv
875,10,8,2,Reader_3_2.csv
875,3,3,0,Reader_3_3.csv
875,3,3,0,Reader_3_4.csv
875,4,4,0,Reader_3_5.csv
875,17,12,5,Reader_3_6.csv
875,7,6,1,Reader_3_7.csv
876,3,3,0,Reader_1_1.csv
876,2,1,1,Reader_1_10.csv
876,3,2,1,Reader_1_11.csv
876,2,2,0,Reader_1_12.csv
876,6,5,1,Reader_1_2.csv
876,6,4,2,Reader_1_3.csv
876,3,3,0,Reader_1_4.csv
876,3,2,1,Reader_1_5.csv
876,1,1,0,Reader_1_6.csv
876,0,0,0,Reader_1_7.csv
876,0,0,0,Reader_1_8.csv
876,1,1,0,Reader_1_9.csv
876,2,2,0,Reader_2_1.csv
876,1,1,0,Reader_2_10.csv
876,3,2,1,Reader_2_11.csv
876,1,0,1,Reader_2_12.csv
876,2,2,0,Reader_2_2.csv
876,4,3,1,Reader_2_3.csv
876,0,0,0,Reader_2_4.csv
876,0,0,0,Reader_2_5.csv
876,1,1,0,Reader_2_6.csv
876,0,0,0,Reader_2_7.csv
876,0,0,0,Reader_2_8.csv
876,0,0,0,Reader_2_9.csv
876,31,30,1,reader_3_1.csv
876,12,10,2,Reader_3_2.csv
876,3,3,0,Reader_3_3.csv
876,3,3,0,Reader_3_4.csv
876,4,4,0,Reader_3_5.csv
876,16,11,5,Reader_3_6.csv
876,7,6,1,Reader_3_7.csv
877,4,4,0,Reader_1_1.csv
877,2,1,1,Reader_1_10.csv
877,3,3,0,Reader_1_11.csv
877,3,2,1,Reader_1_12.csv
877,5,4,1,Reader_1_2.csv
877,6,5,1,Reader_1_3.csv
877,1,1,0,Reader_1_4.csv
877,2,1,1,Reader_1_5.csv
877,1,1,0,Reader_1_6.csv
877,0,0,0,Reader_1_7.csv
877,0,0,0,Reader_1_8.csv
877,1,1,0,Reader_1_9.csv
877,2,2,0,Reader_2_1.csv
877,1,1,0,Reader_2_10.csv
877,2,1,1,Reader_2_11.csv
877,1,0,1,Reader_2_12.csv
877,2,2,0,Reader_2_2.csv
877,4,3,1,Reader_2_3.csv
877,0,0,0,Reader_2_4.csv
877,0,0,0,Reader_2_5.csv
877,1,1,0,Reader_2_6.csv
877,0,0,0,Reader_2_7.csv
877,0,0,0,Reader_2_8.csv
877,0,0,0,Reader_2_9.csv
877,24,22,2,reader_3_1.csv
877,12,10,2,Reader_3_2.csv
877,2,2,0,Reader_3_3.csv
877,2,2,0,Reader_3_4.csv
877,3,3,0,Reader_3_5.csv
877,21,14,7,Reader_3_6.csv
877,7,5,2,Reader_3_7.csv
878,5,5,0,Reader_1_1.csv
878,2,1,1,Reader_1_10.csv
878,3,3,0,Reader_1_11.csv
878,4,2,2,Reader_1_12.csv
878,5,4,1,Reader_1_2.csv
878,5,5,0,Reader_1_3.csv
878,1,1,0,Reader_1_4.csv
878,1,0,1,Reader_1_5.csv
878,1,1,0,Reader_1_6.csv
878,0,0,0,Reader_1_7.csv
878,0,0,0,Reader_1_8.csv
878,1,1,0,Reader_1_9.csv
878,2,2,0,Reader_2_1.csv
878,1,1,0,Reader_2_10.csv
878,3,2,1,Reader_2_11.csv
878,1,0,1,Reader_2_12.csv
878,2,2,0,Reader_2_2.csv
878,4,3,1,Reader_2_3.csv
878,0,0,0,Reader_2_4.csv
878,0,0,0,Reader_2_5.csv
878,1,1,0,Reader_2_6.csv
878,0,0,0,Reader_2_7.csv
878,0,0,0,Reader_2_8.csv
878,0,0,0,Reader_2_9.csv
878,25,21,4,reader_3_1.csv
878,11,9,2,Reader_3_2.csv
878,1,1,0,Reader_3_3.csv
878,1,1,0,Reader_3_4.csv
878,2,2,0,Reader_3_5.csv
878,24,16,8,Reader_3_6.csv
878,7,5,2,Reader_3_7.csv
879,7,7,0,Reader_1_1.csv
879,2,1,1,Reader_1_10.csv
879,3,3,0,Reader_1_11.csv
879,3,1,2,Reader_1_12.csv
879,6,5,1,Reader_1_2.csv
879,4,4,0,Reader_1_3.csv
879,1,1,0,Reader_1_4.csv
879,1,0,1,Reader_1_5.csv
879,1,1,0,Reader_1_6.csv
879,0,0,0,Reader_1_7.csv
879,0,0,0,Reader_1_8.csv
879,1,1,0,Reader_1_9.csv
879,1,1,0,Reader_2_1.csv
879,1,1,0,Reader_2_10.csv
879,3,2,1,Reader_2_11.csv
879,1,0,1,Reader_2_12.csv
879,0,0,0,Reader_2_2.csv
879,4,3,1,Reader_2_3.csv
879,0,0,0,Reader_2_4.csv
879,1,0,1,Reader_2_5.csv
879,1,1,0,Reader_2_6.csv
879,0,0,0,Reader_2_7.csv
879,0,0,0,Reader_2_8.csv
879,0,0,0,Reader_2_9.csv
879,20,16,4,reader_3_1.csv
879,11,9,2,Reader_3_2.csv
879,1,1,0,Reader_3_3.csv
879,1,1,0,Reader_3_4.csv
879,3,2,1,Reader_3_5.csv
879,25,17,8,Reader_3_6.csv
879,6,4,2,Reader_3_7.csv
880,7,7,0,Reader_1_1.csv
880,2,1,1,Reader_1_10.csv
880,3,3,0,Reader_1_11.csv
880,3,1,2,Reader_1_12.csv
880,6,5,1,Reader_1_2.csv
880,4,4,0,Reader_1_3.csv
880,2,2,0,Reader_1_4.csv
880,2,0,2,Reader_1_5.csv
880,1,1,0,Reader_1_6.csv
880,1,0,1,Reader_1_7.csv
880,0,0,0,Reader_1_8.csv
880,1,1,0,Reader_1_9.csv
880,1,1,0,Reader_2_1.csv
880,1,1,0,Reader_2_10.csv
880,3,2,1,Reader_2_11.csv
880,1,0,1,Reader_2_12.csv
880,0,0,0,Reader_2_2.csv
880,6,5,1,Reader_2_3.csv
880,0,0,0,Reader_2_4.csv
880,1,0,1,Reader_2_5.csv
880,0,0,0,Reader_2_6.csv
880,0,0,0,Reader_2_7.csv
880,0,0,0,Reader_2_8.csv
880,0,0,0,Reader_2_9.csv
880,16,12,4,reader_3_1.csv
880,12,10,2,Reader_3_2.csv
880,0,0,0,Reader_3_3.csv
880,0,0,0,Reader_3_4.csv
880,3,2,1,Reader_3_5.csv
880,23,15,8,Reader_3_6.csv
880,6,4,2,Reader_3_7.csv
881,6,6,0,Reader_1_1.csv
881,2,1,1,Reader_1_10.csv
881,3,3,0,Reader_1_11.csv
881,4,1,3,Reader_1_12.csv
881,5,4,1,Reader_1_2.csv
881,3,3,0,Reader_1_3.csv
881,2,2,0,Reader_1_4.csv
881,2,0,2,Reader_1_5.csv
881,1,1,0,Reader_1_6.csv
881,1,0,1,Reader_1_7.csv
881,0,0,0,Reader_1_8.csv
881,1,1,0,Reader_1_9.csv
881,1,1,0,Reader_2_1.csv
881,0,0,0,Reader_2_10.csv
881,3,2,1,Reader_2_11.csv
881,0,0,0,Reader_2_12.csv
881,0,0,0,Reader_2_2.csv
881,5,4,1,Reader_2_3.csv
881,0,0,0,Reader_2_4.csv
881,1,0,1,Reader_2_5.csv
881,0,0,0,Reader_2_6.csv
881,0,0,0,Reader_2_7.csv
881,0,0,0,Reader_2_8.csv
881,0,0,0,Reader_2_9.csv
881,14,8,6,reader_3_1.csv
881,11,10,1,Reader_3_2.csv
881,0,0,0,Reader_3_3.csv
881,0,0,0,Reader_3_4.csv
881,3,2,1,Reader_3_5.csv
881,24,16,8,Reader_3_6.csv
881,5,3,2,Reader_3_7.csv
882,6,6,0,Reader_1_1.csv
882,1,1,0,Reader_1_10.csv
882,2,2,0,Reader_1_11.csv
882,4,1,3,Reader_1_12.csv
882,5,4,1,Reader_1_2.csv
882,2,2,0,Reader_1_3.csv
882,3,3,0,Reader_1_4.csv
882,2,0,2,Reader_1_5.csv
882,1,1,0,Reader_1_6.csv
882,1,0,1,Reader_1_7.csv
882,0,0,0,Reader_1_8.csv
882,1,1,0,Reader_1_9.csv
882,2,1,1,Reader_2_1.csv
882,0,0,0,Reader_2_10.csv
882,2,2,0,Reader_2_11.csv
882,0,0,0,Reader_2_12.csv
882,1,1,0,Reader_2_2.csv
882,4,4,0,Reader_2_3.csv
882,0,0,0,Reader_2_4.csv
882,1,0,1,Reader_2_5.csv
882,0,0,0,Reader_2_6.csv
882,0,0,0,Reader_2_7.csv
882,0,0,0,Reader_2_8.csv
882,0,0,0,Reader_2_9.csv
882,8,3,5,reader_3_1.csv
882,9,7,2,Reader_3_2.csv
882,0,0,0,Reader_3_3.csv
882,0,0,0,Reader_3_4.csv
882,3,2,1,Reader_3_5.csv
882,24,17,7,Reader_3_6.csv
882,5,3,2,Reader_3_7.csv
883,7,7,0,Reader_1_1.csv
883,1,1,0,Reader_1_10.csv
883,2,2,0,Reader_1_11.csv
883,4,1,3,Reader_1_12.csv
883,4,4,0,Reader_1_2.csv
883,2,2,0,Reader_1_3.csv
883,2,2,0,Reader_1_4.csv
883,1,0,1,Reader_1_5.csv
883,1,1,0,Reader_1_6.csv
883,1,0,1,Reader_1_7.csv
883,0,0,0,Reader_1_8.csv
883,1,1,0,Reader_1_9.csv
883,2,1,1,Reader_2_1.csv
883,0,0,0,Reader_2_10.csv
883,2,2,0,Reader_2_11.csv
883,0,0,0,Reader_2_12.csv
883,1,1,0,Reader_2_2.csv
883,3,3,0,Reader_2_3.csv
883,0,0,0,Reader_2_4.csv
883,1,0,1,Reader_2_5.csv
883,0,0,0,Reader_2_6.csv
883,0,0,0,Reader_2_7.csv
883,0,0,0,Reader_2_8.csv
883,0,0,0,Reader_2_9.csv
883,9,4,5,reader_3_1.csv
883,13,11,2,Reader_3_2.csv
883,0,0,0,Reader_3_3.csv
883,0,0,0,Reader_3_4.csv
883,2,1,1,Reader_3_5.csv
883,17,14,3,Reader_3_6.csv
883,2,1,1,Reader_3_7.csv
884,7,7,0,Reader_1_1.csv
884,0,0,0,Reader_1_10.csv
884,2,2,0,Reader_1_11.csv
884,3,0,3,Reader_1_12.csv
884,4,4,0,Reader_1_2.csv
884,4,3,1,Reader_1_3.csv
884,2,2,0,Reader_1_4.csv
884,2,1,1,Reader_1_5.csv
884,0,0,0,Reader_1_6.csv
884,1,0,1,Reader_1_7.csv
884,0,0,0,Reader_1_8.csv
884,2,2,0,Reader_1_9.csv
884,1,0,1,Reader_2_1.csv
884,0,0,0,Reader_2_10.csv
884,2,2,0,Reader_2_11.csv
884,1,0,1,Reader_2_12.csv
884,1,1,0,Reader_2_2.csv
884,3,3,0,Reader_2_3.csv
884,0,0,0,Reader_2_4.csv
884,2,1,1,Reader_2_5.csv
884,1,1,0,Reader_2_6.csv
884,0,0,0,Reader_2_7.csv
884,0,0,0,Reader_2_8.csv
884,0,0,0,Reader_2_9.csv
884,9,4,5,reader_3_1.csv
884,16,14,2,Reader_3_2.csv
884,0,0,0,Reader_3_3.csv
884,0,0,0,Reader_3_4.csv
884,2,1,1,Reader_3_5.csv
884,20,16,4,Reader_3_6.csv
884,3,2,1,Reader_3_7.csv
885,4,4,0,Reader_1_1.csv
885,0,0,0,Reader_1_10.csv
885,1,1,0,Reader_1_11.csv
885,3,0,3,Reader_1_12.csv
885,4,4,0,Reader_1_2.csv
885,4,3,1,Reader_1_3.csv
885,2,2,0,Reader_1_4.csv
885,2,1,1,Reader_1_5.csv
885,0,0,0,Reader_1_6.csv
885,1,0,1,Reader_1_7.csv
885,0,0,0,Reader_1_8.csv
885,2,2,0,Reader_1_9.csv
885,1,0,1,Reader_2_1.csv
885,0,0,0,Reader_2_10.csv
885,1,1,0,Reader_2_11.csv
885,1,0,1,Reader_2_12.csv
885,1,1,0,Reader_2_2.csv
885,2,2,0,Reader_2_3.csv
885,2,1,1,Reader_2_4.csv
885,2,1,1,Reader_2_5.csv
885,1,1,0,Reader_2_6.csv
885,0,0,0,Reader_2_7.csv
885,0,0,0,Reader_2_8.csv
885,0,0,0,Reader_2_9.csv
885,11,7,4,reader_3_1.csv
885,23,21,2,Reader_3_2.csv
885,1,1,0,Reader_3_3.csv
885,1,1,0,Reader_3_4.csv
885,2,1,1,Reader_3_5.csv
885,19,17,2,Reader_3_6.csv
885,2,2,0,Reader_3_7.csv
886,4,4,0,Reader_1_1.csv
886,0,0,0,Reader_1_10.csv
886,1,1,0,Reader_1_11.csv
886,2,0,2,Reader_1_12.csv
886,6,6,0,Reader_1_2.csv
886,4,3,1,Reader_1_3.csv
886,2,2,0,Reader_1_4.csv
886,2,1,1,Reader_1_5.csv
886,0,0,0,Reader_1_6.csv
886,1,0,1,Reader_1_7.csv
886,0,0,0,Reader_1_8.csv
886,2,2,0,Reader_1_9.csv
886,2,1,1,Reader_2_1.csv
886,0,0,0,Reader_2_10.csv
886,0,0,0,Reader_2_11.csv
886,1,0,1,Reader_2_12.csv
886,1,1,0,Reader_2_2.csv
886,2,2,0,Reader_2_3.csv
886,2,1,1,Reader_2_4.csv
886,3,1,2,Reader_2_5.csv
886,1,1,0,Reader_2_6.csv
886,0,0,0,Reader_2_7.csv
886,0,0,0,Reader_2_8.csv
886,0,0,0,Reader_2_9.csv
886,12,10,2,reader_3_1.csv
886,26,24,2,Reader_3_2.csv
886,2,2,0,Reader_3_3.csv
886,2,2,0,Reader_3_4.csv
886,3,2,1,Reader_3_5.csv
886,16,15,1,Reader_3_6.csv
886,2,2,0,Reader_3_7.csv
887,3,3,0,Reader_1_1.csv
887,2,2,0,Reader_1_10.csv
887,1,1,0,Reader_1_11.csv
887,2,0,2,Reader_1_12.csv
887,7,7,0,Reader_1_2.csv
887,4,3,1,Reader_1_3.csv
887,2,2,0,Reader_1_4.csv
887,3,2,1,Reader_1_5.csv
887,0,0,0,Reader_1_6.csv
887,1,0,1,Reader_1_7.csv
887,0,0,0,Reader_1_8.csv
887,2,2,0,Reader_1_9.csv
887,2,1,1,Reader_2_1.csv
887,0,0,0,Reader_2_10.csv
887,0,0,0,Reader_2_11.csv
887,1,0,1,Reader_2_12.csv
887,1,1,0,Reader_2_2.csv
887,2,2,0,Reader_2_3.csv
887,2,1,1,Reader_2_4.csv
887,2,1,1,Reader_2_5.csv
887,1,1,0,Reader_2_6.csv
887,0,0,0,Reader_2_7.csv
887,0,0,0,Reader_2_8.csv
887,0,0,0,Reader_2_9.csv
887,13,9,4,reader_3_1.csv
887,26,24,2,Reader_3_2.csv
887,3,2,1,Reader_3_3.csv
887,3,2,1,Reader_3_4.csv
887,1,1,0,Reader_3_5.csv
887,17,16,1,Reader_3_6.csv
887,3,3,0,Reader_3_7.csv
888,3,3,0,Reader_1_1.csv
888,3,3,0,Reader_1_10.csv
888,0,0,0,Reader_1_11.csv
888,3,1,2,Reader_1_12.csv
888,8,8,0,Reader_1_2.csv
888,5,4,1,Reader_1_3.csv
888,1,1,0,Reader_1_4.csv
888,2,2,0,Reader_1_5.csv
888,0,0,0,Reader_1_6.csv
888,0,0,0,Reader_1_7.csv
888,0,0,0,Reader_1_8.csv
888,1,1,0,Reader_1_9.csv
888,2,1,1,Reader_2_1.csv
888,0,0,0,Reader_2_10.csv
888,0,0,0,Reader_2_11.csv
888,1,0,1,Reader_2_12.csv
888,1,1,0,Reader_2_2.csv
888,0,0,0,Reader_2_3.csv
888,2,1,1,Reader_2_4.csv
888,2,1,1,Reader_2_5.csv
888,1,1,0,Reader_2_6.csv
888,0,0,0,Reader_2_7.csv
888,0,0,0,Reader_2_8.csv
888,0,0,0,Reader_2_9.csv
888,14,10,4,reader_3_1.csv
888,27,25,2,Reader_3_2.csv
888,3,2,1,Reader_3_3.csv
888,3,2,1,Reader_3_4.csv
888,2,2,0,Reader_3_5.csv
888,18,17,1,Reader_3_6.csv
888,4,4,0,Reader_3_7.csv
889,3,3,0,Reader_1_1.csv
889,3,3,0,Reader_1_10.csv
889,0,0,0,Reader_1_11.csv
889,2,1,1,Reader_1_12.csv
889,8,8,0,Reader_1_2.csv
889,5,4,1,Reader_1_3.csv
889,1,1,0,Reader_1_4.csv
889,2,2,0,Reader_1_5.csv
889,0,0,0,Reader_1_6.csv
889,0,0,0,Reader_1_7.csv
889,0,0,0,Reader_1_8.csv
889,2,2,0,Reader_1_9.csv
889,2,1,1,Reader_2_1.csv
889,0,0,0,Reader_2_10.csv
889,0,0,0,Reader_2_11.csv
889,1,0,1,Reader_2_12.csv
889,1,1,0,Reader_2_2.csv
889,0,0,0,Reader_2_3.csv
889,2,1,1,Reader_2_4.csv
889,2,1,1,Reader_2_5.csv
889,2,2,0,Reader_2_6.csv
889,0,0,0,Reader_2_7.csv
889,0,0,0,Reader_2_8.csv
889,0,0,0,Reader_2_9.csv
889,13,11,2,reader_3_1.csv
889,32,30,2,Reader_3_2.csv
889,4,3,1,Reader_3_3.csv
889,4,3,1,Reader_3_4.csv
889,2,2,0,Reader_3_5.csv
889,19,17,2,Reader_3_6.csv
889,4,4,0,Reader_3_7.csv
890,3,3,0,Reader_1_1.csv
890,3,3,0,Reader_1_10.csv
890,0,0,0,Reader_1_11.csv
890,2,1,1,Reader_1_12.csv
890,8,8,0,Reader_1_2.csv
890,6,5,1,Reader_1_3.csv
890,0,0,0,Reader_1_4.csv
890,2,2,0,Reader_1_5.csv
890,0,0,0,Reader_1_6.csv
890,0,0,0,Reader_1_7.csv
890,0,0,0,Reader_1_8.csv
890,2,2,0,Reader_1_9.csv
890,1,1,0,Reader_2_1.csv
890,0,0,0,Reader_2_10.csv
890,0,0,0,Reader_2_11.csv
890,1,0,1,Reader_2_12.csv
890,0,0,0,Reader_2_2.csv
890,0,0,0,Reader_2_3.csv
890,2,1,1,Reader_2_4.csv
890,2,1,1,Reader_2_5.csv
890,2,2,0,Reader_2_6.csv
890,0,0,0,Reader_2_7.csv
890,0,0,0,Reader_2_8.csv
890,0,0,0,Reader_2_9.csv
890,16,14,2,reader_3_1.csv
890,34,33,1,Reader_3_2.csv
890,4,3,1,Reader_3_3.csv
890,4,3,1,Reader_3_4.csv
890,2,2,0,Reader_3_5.csv
890,20,18,2,Reader_3_6.csv
890,3,3,0,Reader_3_7.csv
891,3,3,0,Reader_1_1.csv
891,3,3,0,Reader_1_10.csv
891,0,0,0,Reader_1_11.csv
891,2,1,1,Reader_1_12.csv
891,9,9,0,Reader_1_2.csv
891,5,4,1,Reader_1_3.csv
891,0,0,0,Reader_1_4.csv
891,2,2,0,Reader_1_5.csv
891,0,0,0,Reader_1_6.csv
891,0,0,0,Reader_1_7.csv
891,0,0,0,Reader_1_8.csv
891,2,2,0,Reader_1_9.csv
891,2,2,0,Reader_2_1.csv
891,0,0,0,Reader_2_10.csv
891,1,1,0,Reader_2_11.csv
891,1,0,1,Reader_2_12.csv
891,0,0,0,Reader_2_2.csv
891,0,0,0,Reader_2_3.csv
891,2,1,1,Reader_2_4.csv
891,2,1,1,Reader_2_5.csv
891,2,2,0,Reader_2_6.csv
891,0,0,0,Reader_2_7.csv
891,0,0,0,Reader_2_8.csv
891,0,0,0,Reader_2_9.csv
891,20,15,5,reader_3_1.csv
891,29,29,0,Reader_3_2.csv
891,7,4,3,Reader_3_3.csv
891,7,4,3,Reader_3_4.csv
891,2,2,0,Reader_3_5.csv
891,20,18,2,Reader_3_6.csv
891,5,5,0,Reader_3_7.csv
892,4,4,0,Reader_1_1.csv
892,3,3,0,Reader_1_10.csv
892,0,0,0,Reader_1_11.csv
892,2,1,1,Reader_1_12.csv
892,9,9,0,Reader_1_2.csv
892,3,3,0,Reader_1_3.csv
892,0,0,0,Reader_1_4.csv
892,1,1,0,Reader_1_5.csv
892,0,0,0,Reader_1_6.csv
892,0,0,0,Reader_1_7.csv
892,0,0,0,Reader_1_8.csv
892,2,2,0,Reader_1_9.csv
892,3,3,0,Reader_2_1.csv
892,0,0,0,Reader_2_10.csv
892,1,1,0,Reader_2_11.csv
892,0,0,0,Reader_2_12.csv
892,0,0,0,Reader_2_2.csv
892,0,0,0,Reader_2_3.csv
892,2,1,1,Reader_2_4.csv
892,1,0,1,Reader_2_5.csv
892,1,1,0,Reader_2_6.csv
892,0,0,0,Reader_2_7.csv
892,0,0,0,Reader_2_8.csv
892,0,0,0,Reader_2_9.csv
892,23,18,5,reader_3_1.csv
892,25,25,0,Reader_3_2.csv
892,7,4,3,Reader_3_3.csv
892,7,4,3,Reader_3_4.csv
892,3,3,0,Reader_3_5.csv
892,16,15,1,Reader_3_6.csv
892,6,6,0,Reader_3_7.csv
893,6,6,0,Reader_1_1.csv
893,4,4,0,Reader_1_10.csv
893,0,0,0,Reader_1_11.csv
893,1,1,0,Reader_1_12.csv
893,10,10,0,Reader_1_2.csv
893,2,2,0,Reader_1_3.csv
893,0,0,0,Reader_1_4.csv
893,1,1,0,Reader_1_5.csv
893,0,0,0,Reader_1_6.csv
893,0,0,0,Reader_1_7.csv
893,0,0,0,Reader_1_8.csv
893,2,2,0,Reader_1_9.csv
893,3,3,0,Reader_2_1.csv
893,0,0,0,Reader_2_10.csv
893,1,1,0,Reader_2_11.csv
893,0,0,0,Reader_2_12.csv
893,0,0,0,Reader_2_2.csv
893,0,0,0,Reader_2_3.csv
893,1,1,0,Reader_2_4.csv
893,1,0,1,Reader_2_5.csv
893,1,1,0,Reader_2_6.csv
893,0,0,0,Reader_2_7.csv
893,0,0,0,Reader_2_8.csv
893,0,0,0,Reader_2_9.csv
893,25,20,5,reader_3_1.csv
893,19,19,0,Reader_3_2.csv
893,6,3,3,Reader_3_3.csv
893,6,3,3,Reader_3_4.csv
893,4,4,0,Reader_3_5.csv
893,13,12,1,Reader_3_6.csv
893,7,7,0,Reader_3_7.csv
894,6,6,0,Reader_1_1.csv
894,4,4,0,Reader_1_10.csv
894,0,0,0,Reader_1_11.csv
894,1,1,0,Reader_1_12.csv
894,9,9,0,Reader_1_2.csv
894,2,2,0,Reader_1_3.csv
894,0,0,0,Reader_1_4.csv
894,1,1,0,Reader_1_5.csv
894,1,0,1,Reader_1_6.csv
894,0,0,0,Reader_1_7.csv
894,0,0,0,Reader_1_8.csv
894,3,3,0,Reader_1_9.csv
894,2,2,0,Reader_2_1.csv
894,0,0,0,Reader_2_10.csv
894,1,1,0,Reader_2_11.csv
894,0,0,0,Reader_2_12.csv
894,0,0,0,Reader_2_2.csv
894,0,0,0,Reader_2_3.csv
894,1,1,0,Reader_2_4.csv
894,0,0,0,Reader_2_5.csv
894,1,1,0,Reader_2_6.csv
894,0,0,0,Reader_2_7.csv
894,0,0,0,Reader_2_8.csv
894,0,0,0,Reader_2_9.csv
894,26,21,5,reader_3_1.csv
894,17,17,0,Reader_3_2.csv
894,9,3,6,Reader_3_3.csv
894,9,3,6,Reader_3_4.csv
894,3,3,0,Reader_3_5.csv
894,15,14,1,Reader_3_6.csv
894,7,7,0,Reader_3_7.csv
895,9,8,1,Reader_1_1.csv
895,2,2,0,Reader_1_10.csv
895,1,1,0,Reader_1_11.csv
895,1,1,0,Reader_1_12.csv
895,8,8,0,Reader_1_2.csv
895,2,2,0,Reader_1_3.csv
895,0,0,0,Reader_1_4.csv
895,0,0,0,Reader_1_5.csv
895,1,0,1,Reader_1_6.csv
895,0,0,0,Reader_1_7.csv
895,0,0,0,Reader_1_8.csv
895,4,3,1,Reader_1_9.csv
895,2,2,0,Reader_2_1.csv
895,0,0,0,Reader_2_10.csv
895,1,1,0,Reader_2_11.csv
895,0,0,0,Reader_2_12.csv
895,0,0,0,Reader_2_2.csv
895,1,1,0,Reader_2_3.csv
895,1,1,0,Reader_2_4.csv
895,0,0,0,Reader_2_5.csv
895,1,1,0,Reader_2_6.csv
895,0,0,0,Reader_2_7.csv
895,0,0,0,Reader_2_8.csv
895,0,0,0,Reader_2_9.csv
895,28,25,3,reader_3_1.csv
895,19,19,0,Reader_3_2.csv
895,8,3,5,Reader_3_3.csv
895,8,3,5,Reader_3_4.csv
895,3,3,0,Reader_3_5.csv
895,15,14,1,Reader_3_6.csv
895,6,6,0,Reader_3_7.csv
896,10,9,1,Reader_1_1.csv
896,1,1,0,Reader_1_10.csv
896,1,1,0,Reader_1_11.csv
896,0,0,0,Reader_1_12.csv
896,7,7,0,Reader_1_2.csv
896,1,1,0,Reader_1_3.csv
896,0,0,0,Reader_1_4.csv
896,0,0,0,Reader_1_5.csv
896,1,0,1,Reader_1_6.csv
896,0,0,0,Reader_1_7.csv
896,0,0,0,Reader_1_8.csv
896,5,4,1,Reader_1_9.csv
896,2,2,0,Reader_2_1.csv
896,0,0,0,Reader_2_10.csv
896,1,1,0,Reader_2_11.csv
896,0,0,0,Reader_2_12.csv
896,0,0,0,Reader_2_2.csv
896,1,1,0,Reader_2_3.csv
896,1,1,0,Reader_2_4.csv
896,0,0,0,Reader_2_5.csv
896,1,1,0,Reader_2_6.csv
896,0,0,0,Reader_2_7.csv
896,0,0,0,Reader_2_8.csv
896,0,0,0,Reader_2_9.csv
896,34,30,4,reader_3_1.csv
896,21,20,1,Reader_3_2.csv
896,9,3,6,Reader_3_3.csv
896,9,3,6,Reader_3_4.csv
896,3,3,0,Reader_3_5.csv
896,16,15,1,Reader_3_6.csv
896,5,5,0,Reader_3_7.csv
897,11,10,1,Reader_1_1.csv
897,1,1,0,Reader_1_10.csv
897,1,1,0,Reader_1_11.csv
897,1,1,0,Reader_1_12.csv
897,8,8,0,Reader_1_2.csv
897,1,1,0,Reader_1_3.csv
897,0,0,0,Reader_1_4.csv
897,0,0,0,Reader_1_5.csv
897,1,0,1,Reader_1_6.csv
897,0,0,0,Reader_1_7.csv
897,0,0,0,Reader_1_8.csv
897,4,3,1,Reader_1_9.csv
897,2,2,0,Reader_2_1.csv
897,0,0,0,Reader_2_10.csv
897,1,1,0,Reader_2_11.csv
897,0,0,0,Reader_2_12.csv
897,0,0,0,Reader_2_2.csv
897,1,1,0,Reader_2_3.csv
897,1,1,0,Reader_2_4.csv
897,0,0,0,Reader_2_5.csv
897,0,0,0,Reader_2_6.csv
897,0,0,0,Reader_2_7.csv
897,0,0,0,Reader_2_8.csv
897,0,0,0,Reader_2_9.csv
897,34,30,4,reader_3_1.csv
897,22,19,3,Reader_3_2.csv
897,8,2,6,Reader_3_3.csv
897,8,2,6,Reader_3_4.csv
897,3,3,0,Reader_3_5.csv
897,14,14,0,Reader_3_6.csv
897,5,5,0,Reader_3_7.csv
898,12,11,1,Reader_1_1.csv
898,1,1,0,Reader_1_10.csv
898,1,1,0,Reader_1_11.csv
898,1,1,0,Reader_1_12.csv
898,8,8,0,Reader_1_2.csv
898,1,1,0,Reader_1_3.csv
898,0,0,0,Reader_1_4.csv
898,0,0,0,Reader_1_5.csv
898,1,0,1,Reader_1_6.csv
898,0,0,0,Reader_1_7.csv
898,0,0,0,Reader_1_8.csv
898,4,3,1,Reader_1_9.csv
898,2,2,0,Reader_2_1.csv
898,0,0,0,Reader_2_10.csv
898,1,1,0,Reader_2_11.csv
898,2,2,0,Reader_2_12.csv
898,0,0,0,Reader_2_2.csv
898,1,1,0,Reader_2_3.csv
898,1,1,0,Reader_2_4.csv
898,0,0,0,Reader_2_5.csv
898,0,0,0,Reader_2_6.csv
898,0,0,0,Reader_2_7.csv
898,0,0,0,Reader_2_8.csv
898,0,0,0,Reader_2_9.csv
898,36,32,4,reader_3_1.csv
898,20,17,3,Reader_3_2.csv
898,9,2,7,Reader_3_3.csv
898,9,2,7,Reader_3_4.csv
898,3,3,0,Reader_3_5.csv
898,14,14,0,Reader_3_6.csv
898,6,6,0,Reader_3_7.csv
899,11,10,1,Reader_1_1.csv
899,1,1,0,Reader_1_10.csv
899,1,1,0,Reader_1_11.csv
899,1,1,0,Reader_1_12.csv
899,7,7,0,Reader_1_2.csv
899,2,1,1,Reader_1_3.csv
899,0,0,0,Reader_1_4.csv
899,2,1,1,Reader_1_5.csv
899,1,0,1,Reader_1_6.csv
899,0,0,0,Reader_1_7.csv
899,0,0,0,Reader_1_8.csv
899,4,3,1,Reader_1_9.csv
899,1,1,0,Reader_2_1.csv
899,0,0,0,Reader_2_10.csv
899,0,0,0,Reader_2_11.csv
899,2,2,0,Reader_2_12.csv
899,0,0,0,Reader_2_2.csv
899,2,1,1,Reader_2_3.csv
899,1,1,0,Reader_2_4.csv
899,0,0,0,Reader_2_5.csv
899,0,0,0,Reader_2_6.csv
899,0,0,0,Reader_2_7.csv
899,0,0,0,Reader_2_8.csv
899,0,0,0,Reader_2_9.csv
899,38,36,2,reader_3_1.csv
899,23,20,3,Reader_3_2.csv
899,6,1,5,Reader_3_3.csv
899,6,1,5,Reader_3_4.csv
899,6,6,0,Reader_3_5.csv
899,13,13,0,Reader_3_6.csv
899,4,4,0,Reader_3_7.csv
900,12,11,1,Reader_1_1.csv
900,1,1,0,Reader_1_10.csv
900,1,1,0,Reader_1_11.csv
900,1,1,0,Reader_1_12.csv
900,6,6,0,Reader_1_2.csv
900,2,1,1,Reader_1_3.csv
900,0,0,0,Reader_1_4.csv
900,2,1,1,Reader_1_5.csv
900,1,0,1,Reader_1_6.csv
900,0,0,0,Reader_1_7.csv
900,0,0,0,Reader_1_8.csv
900,3,2,1,Reader_1_9.csv
900,1,1,0,Reader_2_1.csv
900,0,0,0,Reader_2_10.csv
900,0,0,0,Reader_2_11.csv
900,2,2,0,Reader_2_12.csv
900,0,0,0,Reader_2_2.csv
900,3,2,1,Reader_2_3.csv
900,1,1,0,Reader_2_4.csv
900,0,0,0,Reader_2_5.csv
900,0,0,0,Reader_2_6.csv
900,0,0,0,Reader_2_7.csv
900,0,0,0,Reader_2_8.csv
900,0,0,0,Reader_2_9.csv
900,43,40,3,reader_3_1.csv
900,28,24,4,Reader_3_2.csv
900,7,2,5,Reader_3_3.csv
900,7,2,5,Reader_3_4.csv
900,6,6,0,Reader_3_5.csv
900,14,13,1,Reader_3_6.csv
900,2,2,0,Reader_3_7.csv
901,10,9,1,Reader_1_1.csv
901,0,0,0,Reader_1_10.csv
901,1,1,0,Reader_1_11.csv
901,1,1,0,Reader_1_12.csv
901,5,5,0,Reader_1_2.csv
901,3,1,2,Reader_1_3.csv
901,0,0,0,Reader_1_4.csv
901,2,1,1,Reader_1_5.csv
901,1,0,1,Reader_1_6.csv
901,0,0,0,Reader_1_7.csv
901,0,0,0,Reader_1_8.csv
901,4,3,1,Reader_1_9.csv
901,1,1,0,Reader_2_1.csv
901,0,0,0,Reader_2_10.csv
901,0,0,0,Reader_2_11.csv
901,3,3,0,Reader_2_12.csv
901,0,0,0,Reader_2_2.csv
901,3,2,1,Reader_2_3.csv
901,0,0,0,Reader_2_4.csv
901,0,0,0,Reader_2_5.csv
901,0,0,0,Reader_2_6.csv
901,0,0,0,Reader_2_7.csv
901,0,0,0,Reader_2_8.csv
901,0,0,0,Reader_2_9.csv
901,40,37,3,reader_3_1.csv
901,31,27,4,Reader_3_2.csv
901,8,3,5,Reader_3_3.csv
901,8,3,5,Reader_3_4.csv
901,5,5,0,Reader_3_5.csv
901,14,13,1,Reader_3_6.csv
901,2,2,0,Reader_3_7.csv
902,10,9,1,Reader_1_1.csv
902,0,0,0,Reader_1_10.csv
902,1,1,0,Reader_1_11.csv
902,1,1,0,Reader_1_12.csv
902,4,4,0,Reader_1_2.csv
902,5,2,3,Reader_1_3.csv
902,0,0,0,Reader_1_4.csv
902,2,1,1,Reader_1_5.csv
902,0,0,0,Reader_1_6.csv
902,0,0,0,Reader_1_7.csv
902,0,0,0,Reader_1_8.csv
902,3,2,1,Reader_1_9.csv
902,1,1,0,Reader_2_1.csv
902,0,0,0,Reader_2_10.csv
902,0,0,0,Reader_2_11.csv
902,3,3,0,Reader_2_12.csv
902,0,0,0,Reader_2_2.csv
902,3,2,1,Reader_2_3.csv
902,0,0,0,Reader_2_4.csv
902,0,0,0,Reader_2_5.csv
902,0,0,0,Reader_2_6.csv
902,0,0,0,Reader_2_7.csv
902,0,0,0,Reader_2_8.csv
902,0,0,0,Reader_2_9.csv
902,43,40,3,reader_3_1.csv
902,31,27,4,Reader_3_2.csv
902,4,2,2,Reader_3_3.csv
902,4,2,2,Reader_3_4.csv
902,5,5,0,Reader_3_5.csv
902,12,11,1,Reader_3_6.csv
902,2,2,0,Reader_3_7.csv
903,7,7,0,Reader_1_1.csv
903,0,0,0,Reader_1_10.csv
903,0,0,0,Reader_1_11.csv
903,1,1,0,Reader_1_12.csv
903,3,3,0,Reader_1_2.csv
903,6,3,3,Reader_1_3.csv
903,0,0,0,Reader_1_4.csv
903,2,1,1,Reader_1_5.csv
903,0,0,0,Reader_1_6.csv
903,0,0,0,Reader_1_7.csv
903,0,0,0,Reader_1_8.csv
903,2,2,0,Reader_1_9.csv
903,1,1,0,Reader_2_1.csv
903,0,0,0,Reader_2_10.csv
903,0,0,0,Reader_2_11.csv
903,4,4,0,Reader_2_12.csv
903,0,0,0,Reader_2_2.csv
903,2,1,1,Reader_2_3.csv
903,0,0,0,Reader_2_4.csv
903,0,0,0,Reader_2_5.csv
903,0,0,0,Reader_2_6.csv
903,0,0,0,Reader_2_7.csv
903,0,0,0,Reader_2_8.csv
903,0,0,0,Reader_2_9.csv
903,44,41,3,reader_3_1.csv
903,31,26,5,Reader_3_2.csv
903,4,2,2,Reader_3_3.csv
903,4,2,2,Reader_3_4.csv
903,6,5,1,Reader_3_5.csv
903,11,10,1,Reader_3_6.csv
903,2,2,0,Reader_3_7.csv
904,6,6,0,Reader_1_1.csv
904,0,0,0,Reader_1_10.csv
904,0,0,0,Reader_1_11.csv
904,1,1,0,Reader_1_12.csv
904,2,2,0,Reader_1_2.csv
904,6,3,3,Reader_1_3.csv
904,1,0,1,Reader_1_4.csv
904,2,1,1,Reader_1_5.csv
904,0,0,0,Reader_1_6.csv
904,0,0,0,Reader_1_7.csv
904,0,0,0,Reader_1_8.csv
904,1,1,0,Reader_1_9.csv
904,2,2,0,Reader_2_1.csv
904,0,0,0,Reader_2_10.csv
904,0,0,0,Reader_2_11.csv
904,4,4,0,Reader_2_12.csv
904,0,0,0,Reader_2_2.csv
904,2,1,1,Reader_2_3.csv
904,0,0,0,Reader_2_4.csv
904,0,0,0,Reader_2_5.csv
904,0,0,0,Reader_2_6.csv
904,0,0,0,Reader_2_7.csv
904,0,0,0,Reader_2_8.csv
904,0,0,0,Reader_2_9.csv
904,39,37,2,reader_3_1.csv
904,32,28,4,Reader_3_2.csv
904,3,2,1,Reader_3_3.csv
904,3,2,1,Reader_3_4.csv
904,5,4,1,Reader_3_5.csv
904,9,8,1,Reader_3_6.csv
904,2,2,0,Reader_3_7.csv
905,7,7,0,Reader_1_1.csv
905,1,1,0,Reader_1_10.csv
905,0,0,0,Reader_1_11.csv
905,0,0,0,Reader_1_12.csv
905,0,0,0,Reader_1_2.csv
905,7,3,4,Reader_1_3.csv
905,1,0,1,Reader_1_4.csv
905,2,1,1,Reader_1_5.csv
905,0,0,0,Reader_1_6.csv
905,0,0,0,Reader_1_7.csv
905,0,0,0,Reader_1_8.csv
905,1,1,0,Reader_1_9.csv
905,2,2,0,Reader_2_1.csv
905,0,0,0,Reader_2_10.csv
905,0,0,0,Reader_2_11.csv
905,4,4,0,Reader_2_12.csv
905,0,0,0,Reader_2_2.csv
905,2,1,1,Reader_2_3.csv
905,0,0,0,Reader_2_4.csv
905,0,0,0,Reader_2_5.csv
905,0,0,0,Reader_2_6.csv
905,0,0,0,Reader_2_7.csv
905,0,0,0,Reader_2_8.csv
905,0,0,0,Reader_2_9.csv
905,38,36,2,reader_3_1.csv
905,34,32,2,Reader_3_2.csv
905,3,2,1,Reader_3_3.csv
905,3,2,1,Reader_3_4.csv
905,6,5,1,Reader_3_5.csv
905,10,9,1,Reader_3_6.csv
905,2,2,0,Reader_3_7.csv
906,8,8,0,Reader_1_1.csv
906,1,1,0,Reader_1_10.csv
906,0,0,0,Reader_1_11.csv
906,0,0,0,Reader_1_12.csv
906,0,0,0,Reader_1_2.csv
906,6,2,4,Reader_1_3.csv
906,1,0,1,Reader_1_4.csv
906,2,1,1,Reader_1_5.csv
906,0,0,0,Reader_1_6.csv
906,0,0,0,Reader_1_7.csv
906,0,0,0,Reader_1_8.csv
906,1,1,0,Reader_1_9.csv
906,2,2,0,Reader_2_1.csv
906,0,0,0,Reader_2_10.csv
906,0,0,0,Reader_2_11.csv
906,2,2,0,Reader_2_12.csv
906,0,0,0,Reader_2_2.csv
906,2,1,1,Reader_2_3.csv
906,0,0,0,Reader_2_4.csv
906,0,0,0,Reader_2_5.csv
906,0,0,0,Reader_2_6.csv
906,0,0,0,Reader_2_7.csv
906,0,0,0,Reader_2_8.csv
906,0,0,0,Reader_2_9.csv
906,36,32,4,reader_3_1.csv
906,36,33,3,Reader_3_2.csv
906,2,2,0,Reader_3_3.csv
906,2,2,0,Reader_3_4.csv
906,6,5,1,Reader_3_5.csv
906,8,7,1,Reader_3_6.csv
906,1,1,0,Reader_3_7.csv
907,8,8,0,Reader_1_1.csv
907,1,1,0,Reader_1_10.csv
907,0,0,0,Reader_1_11.csv
907,0,0,0,Reader_1_12.csv
907,0,0,0,Reader_1_2.csv
907,6,2,4,Reader_1_3.csv
907,1,0,1,Reader_1_4.csv
907,0,0,0,Reader_1_5.csv
907,0,0,0,Reader_1_6.csv
907,0,0,0,Reader_1_7.csv
907,0,0,0,Reader_1_8.csv
907,1,1,0,Reader_1_9.csv
907,3,2,1,Reader_2_1.csv
907,0,0,0,Reader_2_10.csv
907,0,0,0,Reader_2_11.csv
907,2,2,0,Reader_2_12.csv
907,0,0,0,Reader_2_2.csv
907,1,1,0,Reader_2_3.csv
907,0,0,0,Reader_2_4.csv
907,0,0,0,Reader_2_5.csv
907,0,0,0,Reader_2_6.csv
907,0,0,0,Reader_2_7.csv
907,0,0,0,Reader_2_8.csv
907,0,0,0,Reader_2_9.csv
907,31,27,4,reader_3_1.csv
907,38,35,3,Reader_3_2.csv
907,3,3,0,Reader_3_3.csv
907,3,3,0,Reader_3_4.csv
907,7,6,1,Reader_3_5.csv
907,7,6,1,Reader_3_6.csv
907,1,1,0,Reader_3_7.csv
908,8,8,0,Reader_1_1.csv
908,1,1,0,Reader_1_10.csv
908,1,1,0,Reader_1_11.csv
908,0,0,0,Reader_1_12.csv
908,0,0,0,Reader_1_2.csv
908,8,3,5,Reader_1_3.csv
908,1,0,1,Reader_1_4.csv
908,0,0,0,Reader_1_5.csv
908,0,0,0,Reader_1_6.csv
908,0,0,0,Reader_1_7.csv
908,0,0,0,Reader_1_8.csv
908,2,2,0,Reader_1_9.csv
908,2,1,1,Reader_2_1.csv
908,0,0,0,Reader_2_10.csv
908,0,0,0,Reader_2_11.csv
908,3,3,0,Reader_2_12.csv
908,0,0,0,Reader_2_2.csv
908,0,0,0,Reader_2_3.csv
908,0,0,0,Reader_2_4.csv
908,0,0,0,Reader_2_5.csv
908,0,0,0,Reader_2_6.csv
908,0,0,0,Reader_2_7.csv
908,0,0,0,Reader_2_8.csv
908,0,0,0,Reader_2_9.csv
908,23,20,3,reader_3_1.csv
908,36,33,3,Reader_3_2.csv
908,3,3,0,Reader_3_3.csv
908,3,3,0,Reader_3_4.csv
908,6,5,1,Reader_3_5.csv
908,6,6,0,Reader_3_6.csv
908,1,1,0,Reader_3_7.csv
909,9,9,0,Reader_1_1.csv
909,1,1,0,Reader_1_10.csv
909,1,1,0,Reader_1_11.csv
909,0,0,0,Reader_1_12.csv
909,0,0,0,Reader_1_2.csv
909,7,3,4,Reader_1_3.csv
909,1,0,1,Reader_1_4.csv
909,0,0,0,Reader_1_5.csv
909,0,0,0,Reader_1_6.csv
909,0,0,0,Reader_1_7.csv
909,0,0,0,Reader_1_8.csv
909,1,1,0,Reader_1_9.csv
909,2,1,1,Reader_2_1.csv
909,0,0,0,Reader_2_10.csv
909,0,0,0,Reader_2_11.csv
909,2,2,0,Reader_2_12.csv
909,0,0,0,Reader_2_2.csv
909,1,1,0,Reader_2_3.csv
909,0,0,0,Reader_2_4.csv
909,0,0,0,Reader_2_5.csv
909,0,0,0,Reader_2_6.csv
909,0,0,0,Reader_2_7.csv
909,0,0,0,Reader_2_8.csv
909,0,0,0,Reader_2_9.csv
909,23,19,4,reader_3_1.csv
909,37,34,3,Reader_3_2.csv
909,2,2,0,Reader_3_3.csv
909,2,2,0,Reader_3_4.csv
909,6,5,1,Reader_3_5.csv
909,7,7,0,Reader_3_6.csv
909,0,0,0,Reader_3_7.csv
910,8,8,0,Reader_1_1.csv
910,1,1,0,Reader_1_10.csv
910,1,1,0,Reader_1_11.csv
910,0,0,0,Reader_1_12.csv
910,1,1,0,Reader_1_2.csv
910,5,2,3,Reader_1_3.csv
910,1,0,1,Reader_1_4.csv
910,0,0,0,Reader_1_5.csv
910,0,0,0,Reader_1_6.csv
910,0,0,0,Reader_1_7.csv
910,0,0,0,Reader_1_8.csv
910,1,1,0,Reader_1_9.csv
910,2,1,1,Reader_2_1.csv
910,0,0,0,Reader_2_10.csv
910,0,0,0,Reader_2_11.csv
910,2,2,0,Reader_2_12.csv
910,0,0,0,Reader_2_2.csv
910,1,1,0,Reader_2_3.csv
910,0,0,0,Reader_2_4.csv
910,0,0,0,Reader_2_5.csv
910,0,0,0,Reader_2_6.csv
910,0,0,0,Reader_2_7.csv
910,0,0,0,Reader_2_8.csv
910,0,0,0,Reader_2_9.csv
910,17,12,5,reader_3_1.csv
910,38,35,3,Reader_3_2.csv
910,2,2,0,Reader_3_3.csv
910,2,2,0,Reader_3_4.csv
910,6,5,1,Reader_3_5.csv
910,6,6,0,Reader_3_6.csv
910,0,0,0,Reader_3_7.csv
911,8,8,0,Reader_1_1.csv
911,1,1,0,Reader_1_10.csv
911,1,1,0,Reader_1_11.csv
911,0,0,0,Reader_1_12.csv
911,3,3,0,Reader_1_2.csv
911,4,1,3,Reader_1_3.csv
911,1,0,1,Reader_1_4.csv
911,0,0,0,Reader_1_5.csv
911,0,0,0,Reader_1_6.csv
911,0,0,0,Reader_1_7.csv
911,0,0,0,Reader_1_8.csv
911,1,1,0,Reader_1_9.csv
911,2,1,1,Reader_2_1.csv
911,0,0,0,Reader_2_10.csv
911,0,0,0,Reader_2_11.csv
911,1,1,0,Reader_2_12.csv
911,0,0,0,Reader_2_2.csv
911,1,1,0,Reader_2_3.csv
911,0,0,0,Reader_2_4.csv
911,0,0,0,Reader_2_5.csv
911,0,0,0,Reader_2_6.csv
911,0,0,0,Reader_2_7.csv
911,0,0,0,Reader_2_8.csv
911,0,0,0,Reader_2_9.csv
911,14,9,5,reader_3_1.csv
911,40,37,3,Reader_3_2.csv
911,2,2,0,Reader_3_3.csv
911,2,2,0,Reader_3_4.csv
911,7,7,0,Reader_3_5.csv
911,8,8,0,Reader_3_6.csv
911,0,0,0,Reader_3_7.csv
912,8,8,0,Reader_1_1.csv
912,1,1,0,Reader_1_10.csv
912,1,1,0,Reader_1_11.csv
912,0,0,0,Reader_1_12.csv
912,4,4,0,Reader_1_2.csv
912,5,2,3,Reader_1_3.csv
912,0,0,0,Reader_1_4.csv
912,0,0,0,Reader_1_5.csv
912,0,0,0,Reader_1_6.csv
912,0,0,0,Reader_1_7.csv
912,0,0,0,Reader_1_8.csv
912,1,1,0,Reader_1_9.csv
912,1,0,1,Reader_2_1.csv
912,0,0,0,Reader_2_10.csv
912,0,0,0,Reader_2_11.csv
912,1,1,0,Reader_2_12.csv
912,0,0,0,Reader_2_2.csv
912,3,3,0,Reader_2_3.csv
912,0,0,0,Reader_2_4.csv
912,0,0,0,Reader_2_5.csv
912,0,0,0,Reader_2_6.csv
912,0,0,0,Reader_2_7.csv
912,0,0,0,Reader_2_8.csv
912,0,0,0,Reader_2_9.csv
912,13,8,5,reader_3_1.csv
912,37,34,3,Reader_3_2.csv
912,2,2,0,Reader_3_3.csv
912,2,2,0,Reader_3_4.csv
912,8,8,0,Reader_3_5.csv
912,9,9,0,Reader_3_6.csv
912,0,0,0,Reader_3_7.csv
913,7,7,0,Reader_1_1.csv
913,1,0,1,Reader_1_10.csv
913,1,1,0,Reader_1_11.csv
913,0,0,0,Reader_1_12.csv
913,4,4,0,Reader_1_2.csv
913,4,2,2,Reader_1_3.csv
913,0,0,0,Reader_1_4.csv
913,0,0,0,Reader_1_5.csv
913,0,0,0,Reader_1_6.csv
913,0,0,0,Reader_1_7.csv
913,0,0,0,Reader_1_8.csv
913,1,1,0,Reader_1_9.csv
913,1,0,1,Reader_2_1.csv
913,0,0,0,Reader_2_10.csv
913,0,0,0,Reader_2_11.csv
913,1,1,0,Reader_2_12.csv
913,0,0,0,Reader_2_2.csv
913,3,3,0,Reader_2_3.csv
913,0,0,0,Reader_2_4.csv
913,0,0,0,Reader_2_5.csv
913,0,0,0,Reader_2_6.csv
913,0,0,0,Reader_2_7.csv
913,0,0,0,Reader_2_8.csv
913,0,0,0,Reader_2_9.csv
913,13,7,6,reader_3_1.csv
913,30,27,3,Reader_3_2.csv
913,2,2,0,Reader_3_3.csv
913,2,2,0,Reader_3_4.csv
913,7,7,0,Reader_3_5.csv
913,12,12,0,Reader_3_6.csv
913,0,0,0,Reader_3_7.csv
914,7,6,1,Reader_1_1.csv
914,1,0,1,Reader_1_10.csv
914,1,1,0,Reader_1_11.csv
914,0,0,0,Reader_1_12.csv
914,4,4,0,Reader_1_2.csv
914,5,3,2,Reader_1_3.csv
914,0,0,0,Reader_1_4.csv
914,2,2,0,Reader_1_5.csv
914,0,0,0,Reader_1_6.csv
914,0,0,0,Reader_1_7.csv
914,0,0,0,Reader_1_8.csv
914,2,2,0,Reader_1_9.csv
914,2,0,2,Reader_2_1.csv
914,0,0,0,Reader_2_10.csv
914,0,0,0,Reader_2_11.csv
914,1,1,0,Reader_2_12.csv
914,0,0,0,Reader_2_2.csv
914,3,3,0,Reader_2_3.csv
914,0,0,0,Reader_2_4.csv
914,0,0,0,Reader_2_5.csv
914,0,0,0,Reader_2_6.csv
914,0,0,0,Reader_2_7.csv
914,0,0,0,Reader_2_8.csv
914,0,0,0,Reader_2_9.csv
914,10,6,4,reader_3_1.csv
914,28,26,2,Reader_3_2.csv
914,3,2,1,Reader_3_3.csv
914,3,2,1,Reader_3_4.csv
914,7,7,0,Reader_3_5.csv
914,14,14,0,Reader_3_6.csv
914,0,0,0,Reader_3_7.csv
915,7,6,1,Reader_1_1.csv
915,1,0,1,Reader_1_10.csv
915,1,1,0,Reader_1_11.csv
915,0,0,0,Reader_1_12.csv
915,4,4,0,Reader_1_2.csv
915,4,3,1,Reader_1_3.csv
915,0,0,0,Reader_1_4.csv
915,2,2,0,Reader_1_5.csv
915,0,0,0,Reader_1_6.csv
915,0,0,0,Reader_1_7.csv
915,0,0,0,Reader_1_8.csv
915,4,3,1,Reader_1_9.csv
915,1,0,1,Reader_2_1.csv
915,0,0,0,Reader_2_10.csv
915,0,0,0,Reader_2_11.csv
915,1,1,0,Reader_2_12.csv
915,0,0,0,Reader_2_2.csv
915,3,3,0,Reader_2_3.csv
915,0,0,0,Reader_2_4.csv
915,0,0,0,Reader_2_5.csv
915,0,0,0,Reader_2_6.csv
915,0,0,0,Reader_2_7.csv
915,0,0,0,Reader_2_8.csv
915,0,0,0,Reader_2_9.csv
915,9,6,3,reader_3_1.csv
915,22,20,2,Reader_3_2.csv
915,3,2,1,Reader_3_3.csv
915,3,2,1,Reader_3_4.csv
915,4,4,0,Reader_3_5.csv
915,15,15,0,Reader_3_6.csv
915,0,0,0,Reader_3_7.csv
916,5,4,1,Reader_1_1.csv
916,1,0,1,Reader_1_10.csv
916,0,0,0,Reader_1_11.csv
916,0,0,0,Reader_1_12.csv
916,4,4,0,Reader_1_2.csv
916,2,2,0,Reader_1_3.csv
916,0,0,0,Reader_1_4.csv
916,2,2,0,Reader_1_5.csv
916,0,0,0,Reader_1_6.csv
916,0,0,0,Reader_1_7.csv
916,1,0,1,Reader_1_8.csv
916,3,2,1,Reader_1_9.csv
916,1,0,1,Reader_2_1.csv
916,0,0,0,Reader_2_10.csv
916,0,0,0,Reader_2_11.csv
916,0,0,0,Reader_2_12.csv
916,0,0,0,Reader_2_2.csv
916,3,3,0,Reader_2_3.csv
916,0,0,0,Reader_2_4.csv
916,0,0,0,Reader_2_5.csv
916,0,0,0,Reader_2_6.csv
916,0,0,0,Reader_2_7.csv
916,0,0,0,Reader_2_8.csv
916,0,0,0,Reader_2_9.csv
916,11,7,4,reader_3_1.csv
916,19,18,1,Reader_3_2.csv
916,3,2,1,Reader_3_3.csv
916,3,2,1,Reader_3_4.csv
916,5,5,0,Reader_3_5.csv
916,17,17,0,Reader_3_6.csv
916,0,0,0,Reader_3_7.csv
917,4,3,1,Reader_1_1.csv
917,1,0,1,Reader_1_10.csv
917,0,0,0,Reader_1_11.csv
917,0,0,0,Reader_1_12.csv
917,4,4,0,Reader_1_2.csv
917,3,3,0,Reader_1_3.csv
917,0,0,0,Reader_1_4.csv
917,2,2,0,Reader_1_5.csv
917,0,0,0,Reader_1_6.csv
917,0,0,0,Reader_1_7.csv
917,1,0,1,Reader_1_8.csv
917,4,2,2,Reader_1_9.csv
917,1,0,1,Reader_2_1.csv
917,0,0,0,Reader_2_10.csv
917,0,0,0,Reader_2_11.csv
917,0,0,0,Reader_2_12.csv
917,0,0,0,Reader_2_2.csv
917,2,2,0,Reader_2_3.csv
917,0,0,0,Reader_2_4.csv
917,0,0,0,Reader_2_5.csv
917,0,0,0,Reader_2_6.csv
917,0,0,0,Reader_2_7.csv
917,0,0,0,Reader_2_8.csv
917,0,0,0,Reader_2_9.csv
917,9,6,3,reader_3_1.csv
917,18,15,3,Reader_3_2.csv
917,3,2,1,Reader_3_3.csv
917,3,2,1,Reader_3_4.csv
917,6,6,0,Reader_3_5.csv
917,17,17,0,Reader_3_6.csv
917,1,1,0,Reader_3_7.csv
918,4,3,1,Reader_1_1.csv
918,1,0,1,Reader_1_10.csv
918,0,0,0,Reader_1_11.csv
918,0,0,0,Reader_1_12.csv
918,4,4,0,Reader_1_2.csv
918,4,4,0,Reader_1_3.csv
918,0,0,0,Reader_1_4.csv
918,2,2,0,Reader_1_5.csv
918,0,0,0,Reader_1_6.csv
918,0,0,0,Reader_1_7.csv
918,1,0,1,Reader_1_8.csv
918,5,2,3,Reader_1_9.csv
918,1,0,1,Reader_2_1.csv
918,0,0,0,Reader_2_10.csv
918,1,0,1,Reader_2_11.csv
918,0,0,0,Reader_2_12.csv
918,0,0,0,Reader_2_2.csv
918,2,2,0,Reader_2_3.csv
918,0,0,0,Reader_2_4.csv
918,0,0,0,Reader_2_5.csv
918,0,0,0,Reader_2_6.csv
918,0,0,0,Reader_2_7.csv
918,0,0,0,Reader_2_8.csv
918,0,0,0,Reader_2_9.csv
918,9,7,2,reader_3_1.csv
918,17,14,3,Reader_3_2.csv
918,3,2,1,Reader_3_3.csv
918,3,2,1,Reader_3_4.csv
918,7,7,0,Reader_3_5.csv
918,18,18,0,Reader_3_6.csv
918,1,1,0,Reader_3_7.csv
919,4,2,2,Reader_1_1.csv
919,1,0,1,Reader_1_10.csv
919,1,1,0,Reader_1_11.csv
919,0,0,0,Reader_1_12.csv
919,2,2,0,Reader_1_2.csv
919,4,4,0,Reader_1_3.csv
919,0,0,0,Reader_1_4.csv
919,2,2,0,Reader_1_5.csv
919,1,1,0,Reader_1_6.csv
919,0,0,0,Reader_1_7.csv
919,1,0,1,Reader_1_8.csv
919,5,2,3,Reader_1_9.csv
919,1,0,1,Reader_2_1.csv
919,0,0,0,Reader_2_10.csv
919,1,0,1,Reader_2_11.csv
919,0,0,0,Reader_2_12.csv
919,0,0,0,Reader_2_2.csv
919,2,2,0,Reader_2_3.csv
919,0,0,0,Reader_2_4.csv
919,0,0,0,Reader_2_5.csv
919,0,0,0,Reader_2_6.csv
919,0,0,0,Reader_2_7.csv
919,0,0,0,Reader_2_8.csv
919,0,0,0,Reader_2_9.csv
919,11,9,2,reader_3_1.csv
919,13,11,2,Reader_3_2.csv
919,3,2,1,Reader_3_3.csv
919,3,2,1,Reader_3_4.csv
919,5,5,0,Reader_3_5.csv
919,17,17,0,Reader_3_6.csv
919,1,1,0,Reader_3_7.csv
920,4,2,2,Reader_1_1.csv
920,1,0,1,Reader_1_10.csv
920,1,1,0,Reader_1_11.csv
920,0,0,0,Reader_1_12.csv
920,1,1,0,Reader_1_2.csv
920,3,3,0,Reader_1_3.csv
920,0,0,0,Reader_1_4.csv
920,2,2,0,Reader_1_5.csv
920,2,2,0,Reader_1_6.csv
920,0,0,0,Reader_1_7.csv
920,1,0,1,Reader_1_8.csv
920,5,2,3,Reader_1_9.csv
920,1,0,1,Reader_2_1.csv
920,0,0,0,Reader_2_10.csv
920,1,0,1,Reader_2_11.csv
920,0,0,0,Reader_2_12.csv
920,0,0,0,Reader_2_2.csv
920,0,0,0,Reader_2_3.csv
920,0,0,0,Reader_2_4.csv
920,0,0,0,Reader_2_5.csv
920,0,0,0,Reader_2_6.csv
920,0,0,0,Reader_2_7.csv
920,0,0,0,Reader_2_8.csv
920,0,0,0,Reader_2_9.csv
920,10,8,2,reader_3_1.csv
920,14,11,3,Reader_3_2.csv
920,5,2,3,Reader_3_3.csv
920,5,2,3,Reader_3_4.csv
920,4,4,0,Reader_3_5.csv
920,17,17,0,Reader_3_6.csv
920,1,1,0,Reader_3_7.csv
921,3,1,2,Reader_1_1.csv
921,0,0,0,Reader_1_10.csv
921,1,1,0,Reader_1_11.csv
921,0,0,0,Reader_1_12.csv
921,1,1,0,Reader_1_2.csv
921,3,3,0,Reader_1_3.csv
921,0,0,0,Reader_1_4.csv
921,3,3,0,Reader_1_5.csv
921,2,2,0,Reader_1_6.csv
921,0,0,0,Reader_1_7.csv
921,1,0,1,Reader_1_8.csv
921,6,3,3,Reader_1_9.csv
921,2,1,1,Reader_2_1.csv
921,0,0,0,Reader_2_10.csv
921,1,0,1,Reader_2_11.csv
921,0,0,0,Reader_2_12.csv
921,0,0,0,Reader_2_2.csv
921,0,0,0,Reader_2_3.csv
921,0,0,0,Reader_2_4.csv
921,0,0,0,Reader_2_5.csv
921,0,0,0,Reader_2_6.csv
921,0,0,0,Reader_2_7.csv
921,0,0,0,Reader_2_8.csv
921,0,0,0,Reader_2_9.csv
921,12,11,1,reader_3_1.csv
921,15,12,3,Reader_3_2.csv
921,7,3,4,Reader_3_3.csv
921,7,3,4,Reader_3_4.csv
921,5,5,0,Reader_3_5.csv
921,13,13,0,Reader_3_6.csv
921,1,1,0,Reader_3_7.csv
922,2,1,1,Reader_1_1.csv
922,0,0,0,Reader_1_10.csv
922,2,2,0,Reader_1_11.csv
922,0,0,0,Reader_1_12.csv
922,2,2,0,Reader_1_2.csv
922,2,2,0,Reader_1_3.csv
922,0,0,0,Reader_1_4.csv
922,1,1,0,Reader_1_5.csv
922,2,2,0,Reader_1_6.csv
922,0,0,0,Reader_1_7.csv
922,1,0,1,Reader_1_8.csv
922,6,2,4,Reader_1_9.csv
922,1,1,0,Reader_2_1.csv
922,0,0,0,Reader_2_10.csv
922,1,0,1,Reader_2_11.csv
922,0,0,0,Reader_2_12.csv
922,0,0,0,Reader_2_2.csv
922,0,0,0,Reader_2_3.csv
922,0,0,0,Reader_2_4.csv
922,0,0,0,Reader_2_5.csv
922,0,0,0,Reader_2_6.csv
922,0,0,0,Reader_2_7.csv
922,0,0,0,Reader_2_8.csv
922,0,0,0,Reader_2_9.csv
922,14,12,2,reader_3_1.csv
922,17,14,3,Reader_3_2.csv
922,8,4,4,Reader_3_3.csv
922,8,4,4,Reader_3_4.csv
922,7,7,0,Reader_3_5.csv
922,11,11,0,Reader_3_6.csv
922,1,1,0,Reader_3_7.csv
923,2,1,1,Reader_1_1.csv
923,0,0,0,Reader_1_10.csv
923,2,2,0,Reader_1_11.csv
923,0,0,0,Reader_1_12.csv
923,2,2,0,Reader_1_2.csv
923,2,2,0,Reader_1_3.csv
923,0,0,0,Reader_1_4.csv
923,4,4,0,Reader_1_5.csv
923,2,2,0,Reader_1_6.csv
923,0,0,0,Reader_1_7.csv
923,1,0,1,Reader_1_8.csv
923,5,2,3,Reader_1_9.csv
923,1,1,0,Reader_2_1.csv
923,0,0,0,Reader_2_10.csv
923,1,0,1,Reader_2_11.csv
923,0,0,0,Reader_2_12.csv
923,0,0,0,Reader_2_2.csv
923,0,0,0,Reader_2_3.csv
923,0,0,0,Reader_2_4.csv
923,0,0,0,Reader_2_5.csv
923,0,0,0,Reader_2_6.csv
923,0,0,0,Reader_2_7.csv
923,0,0,0,Reader_2_8.csv
923,0,0,0,Reader_2_9.csv
923,15,13,2,reader_3_1.csv
923,19,16,3,Reader_3_2.csv
923,9,5,4,Reader_3_3.csv
923,9,5,4,Reader_3_4.csv
923,8,8,0,Reader_3_5.csv
923,10,10,0,Reader_3_6.csv
923,1,1,0,Reader_3_7.csv
924,2,1,1,Reader_1_1.csv
924,0,0,0,Reader_1_10.csv
924,2,2,0,Reader_1_11.csv
924,0,0,0,Reader_1_12.csv
924,2,2,0,Reader_1_2.csv
924,2,2,0,Reader_1_3.csv
924,0,0,0,Reader_1_4.csv
924,4,4,0,Reader_1_5.csv
924,3,3,0,Reader_1_6.csv
924,0,0,0,Reader_1_7.csv
924,0,0,0,Reader_1_8.csv
924,5,2,3,Reader_1_9.csv
924,1,1,0,Reader_2_1.csv
924,0,0,0,Reader_2_10.csv
924,1,0,1,Reader_2_11.csv
924,0,0,0,Reader_2_12.csv
924,0,0,0,Reader_2_2.csv
924,0,0,0,Reader_2_3.csv
924,0,0,0,Reader_2_4.csv
924,1,1,0,Reader_2_5.csv
924,0,0,0,Reader_2_6.csv
924,0,0,0,Reader_2_7.csv
924,0,0,0,Reader_2_8.csv
924,0,0,0,Reader_2_9.csv
924,13,12,1,reader_3_1.csv
924,18,15,3,Reader_3_2.csv
924,8,4,4,Reader_3_3.csv
924,8,4,4,Reader_3_4.csv
924,8,8,0,Reader_3_5.csv
924,8,8,0,Reader_3_6.csv
924,1,1,0,Reader_3_7.csv
925,2,1,1,Reader_1_1.csv
925,0,0,0,Reader_1_10.csv
925,2,2,0,Reader_1_11.csv
925,0,0,0,Reader_1_12.csv
925,2,2,0,Reader_1_2.csv
925,1,1,0,Reader_1_3.csv
925,0,0,0,Reader_1_4.csv
925,4,4,0,Reader_1_5.csv
925,4,4,0,Reader_1_6.csv
925,0,0,0,Reader_1_7.csv
925,0,0,0,Reader_1_8.csv
925,4,2,2,Reader_1_9.csv
925,1,1,0,Reader_2_1.csv
925,0,0,0,Reader_2_10.csv
925,1,0,1,Reader_2_11.csv
925,0,0,0,Reader_2_12.csv
925,0,0,0,Reader_2_2.csv
925,0,0,0,Reader_2_3.csv
925,0,0,0,Reader_2_4.csv
925,2,2,0,Reader_2_5.csv
925,0,0,0,Reader_2_6.csv
925,0,0,0,Reader_2_7.csv
925,0,0,0,Reader_2_8.csv
925,0,0,0,Reader_2_9.csv
925,14,13,1,reader_3_1.csv
925,14,13,1,Reader_3_2.csv
925,9,5,4,Reader_3_3.csv
925,9,5,4,Reader_3_4.csv
925,7,7,0,Reader_3_5.csv
925,7,7,0,Reader_3_6.csv
925,0,0,0,Reader_3_7.csv
926,2,1,1,Reader_1_1.csv
926,0,0,0,Reader_1_10.csv
926,2,2,0,Reader_1_11.csv
926,0,0,0,Reader_1_12.csv
926,1,1,0,Reader_1_2.csv
926,0,0,0,Reader_1_3.csv
926,0,0,0,Reader_1_4.csv
926,4,4,0,Reader_1_5.csv
926,4,4,0,Reader_1_6.csv
926,0,0,0,Reader_1_7.csv
926,0,0,0,Reader_1_8.csv
926,4,3,1,Reader_1_9.csv
926,2,2,0,Reader_2_1.csv
926,0,0,0,Reader_2_10.csv
926,0,0,0,Reader_2_11.csv
926,0,0,0,Reader_2_12.csv
926,1,1,0,Reader_2_2.csv
926,0,0,0,Reader_2_3.csv
926,0,0,0,Reader_2_4.csv
926,2,2,0,Reader_2_5.csv
926,0,0,0,Reader_2_6.csv
926,0,0,0,Reader_2_7.csv
926,0,0,0,Reader_2_8.csv
926,0,0,0,Reader_2_9.csv
926,16,14,2,reader_3_1.csv
926,14,12,2,Reader_3_2.csv
926,9,5,4,Reader_3_3.csv
926,9,5,4,Reader_3_4.csv
926,9,8,1,Reader_3_5.csv
926,6,6,0,Reader_3_6.csv
926,0,0,0,Reader_3_7.csv
927,2,2,0,Reader_1_1.csv
927,0,0,0,Reader_1_10.csv
927,1,1,0,Reader_1_11.csv
927,0,0,0,Reader_1_12.csv
927,2,2,0,Reader_1_2.csv
927,0,0,0,Reader_1_3.csv
927,0,0,0,Reader_1_4.csv
927,4,4,0,Reader_1_5.csv
927,3,3,0,Reader_1_6.csv
927,0,0,0,Reader_1_7.csv
927,0,0,0,Reader_1_8.csv
927,5,4,1,Reader_1_9.csv
927,2,2,0,Reader_2_1.csv
927,0,0,0,Reader_2_10.csv
927,0,0,0,Reader_2_11.csv
927,0,0,0,Reader_2_12.csv
927,1,1,0,Reader_2_2.csv
927,0,0,0,Reader_2_3.csv
927,0,0,0,Reader_2_4.csv
927,2,2,0,Reader_2_5.csv
927,0,0,0,Reader_2_6.csv
927,0,0,0,Reader_2_7.csv
927,0,0,0,Reader_2_8.csv
927,0,0,0,Reader_2_9.csv
927,14,12,2,reader_3_1.csv
927,15,12,3,Reader_3_2.csv
927,10,6,4,Reader_3_3.csv
927,10,6,4,Reader_3_4.csv
927,10,9,1,Reader_3_5.csv
927,6,6,0,Reader_3_6.csv
927,0,0,0,Reader_3_7.csv
928,2,2,0,Reader_1_1.csv
928,0,0,0,Reader_1_10.csv
928,2,2,0,Reader_1_11.csv
928,0,0,0,Reader_1_12.csv
928,2,2,0,Reader_1_2.csv
928,0,0,0,Reader_1_3.csv
928,0,0,0,Reader_1_4.csv
928,4,4,0,Reader_1_5.csv
928,3,3,0,Reader_1_6.csv
928,1,0,1,Reader_1_7.csv
928,0,0,0,Reader_1_8.csv
928,6,5,1,Reader_1_9.csv
928,2,2,0,Reader_2_1.csv
928,0,0,0,Reader_2_10.csv
928,0,0,0,Reader_2_11.csv
928,0,0,0,Reader_2_12.csv
928,1,1,0,Reader_2_2.csv
928,0,0,0,Reader_2_3.csv
928,0,0,0,Reader_2_4.csv
928,2,2,0,Reader_2_5.csv
928,0,0,0,Reader_2_6.csv
928,0,0,0,Reader_2_7.csv
928,0,0,0,Reader_2_8.csv
928,0,0,0,Reader_2_9.csv
928,15,13,2,reader_3_1.csv
928,14,11,3,Reader_3_2.csv
928,9,6,3,Reader_3_3.csv
928,9,6,3,Reader_3_4.csv
928,11,10,1,Reader_3_5.csv
928,4,4,0,Reader_3_6.csv
928,0,0,0,Reader_3_7.csv
929,4,4,0,Reader_1_1.csv
929,0,0,0,Reader_1_10.csv
929,2,2,0,Reader_1_11.csv
929,0,0,0,Reader_1_12.csv
929,2,2,0,Reader_1_2.csv
929,0,0,0,Reader_1_3.csv
929,1,1,0,Reader_1_4.csv
929,4,4,0,Reader_1_5.csv
929,3,3,0,Reader_1_6.csv
929,1,0,1,Reader_1_7.csv
929,0,0,0,Reader_1_8.csv
929,5,4,1,Reader_1_9.csv
929,1,1,0,Reader_2_1.csv
929,0,0,0,Reader_2_10.csv
929,0,0,0,Reader_2_11.csv
929,0,0,0,Reader_2_12.csv
929,1,1,0,Reader_2_2.csv
929,0,0,0,Reader_2_3.csv
929,1,1,0,Reader_2_4.csv
929,2,2,0,Reader_2_5.csv
929,0,0,0,Reader_2_6.csv
929,0,0,0,Reader_2_7.csv
929,0,0,0,Reader_2_8.csv
929,0,0,0,Reader_2_9.csv
929,15,13,2,reader_3_1.csv
929,12,9,3,Reader_3_2.csv
929,7,5,2,Reader_3_3.csv
929,7,5,2,Reader_3_4.csv
929,10,9,1,Reader_3_5.csv
929,3,3,0,Reader_3_6.csv
929,0,0,0,Reader_3_7.csv
930,3,3,0,Reader_1_1.csv
930,0,0,0,Reader_1_10.csv
930,1,1,0,Reader_1_11.csv
930,0,0,0,Reader_1_12.csv
930,1,1,0,Reader_1_2.csv
930,0,0,0,Reader_1_3.csv
930,1,1,0,Reader_1_4.csv
930,4,4,0,Reader_1_5.csv
930,3,3,0,Reader_1_6.csv
930,2,1,1,Reader_1_7.csv
930,0,0,0,Reader_1_8.csv
930,5,4,1,Reader_1_9.csv
930,1,1,0,Reader_2_1.csv
930,0,0,0,Reader_2_10.csv
930,0,0,0,Reader_2_11.csv
930,0,0,0,Reader_2_12.csv
930,1,1,0,Reader_2_2.csv
930,0,0,0,Reader_2_3.csv
930,1,1,0,Reader_2_4.csv
930,2,2,0,Reader_2_5.csv
930,0,0,0,Reader_2_6.csv
930,0,0,0,Reader_2_7.csv
930,0,0,0,Reader_2_8.csv
930,0,0,0,Reader_2_9.csv
930,15,14,1,reader_3_1.csv
930,11,8,3,Reader_3_2.csv
930,7,6,1,Reader_3_3.csv
930,7,6,1,Reader_3_4.csv
930,8,7,1,Reader_3_5.csv
930,4,3,1,Reader_3_6.csv
930,0,0,0,Reader_3_7.csv
931,3,3,0,Reader_1_1.csv
931,1,1,0,Reader_1_10.csv
931,1,1,0,Reader_1_11.csv
931,0,0,0,Reader_1_12.csv
931,4,4,0,Reader_1_2.csv
931,0,0,0,Reader_1_3.csv
931,1,1,0,Reader_1_4.csv
931,1,1,0,Reader_1_5.csv
931,4,4,0,Reader_1_6.csv
931,2,1,1,Reader_1_7.csv
931,0,0,0,Reader_1_8.csv
931,4,3,1,Reader_1_9.csv
931,1,1,0,Reader_2_1.csv
931,0,0,0,Reader_2_10.csv
931,0,0,0,Reader_2_11.csv
931,0,0,0,Reader_2_12.csv
931,1,1,0,Reader_2_2.csv
931,0,0,0,Reader_2_3.csv
931,1,1,0,Reader_2_4.csv
931,2,2,0,Reader_2_5.csv
931,0,0,0,Reader_2_6.csv
931,0,0,0,Reader_2_7.csv
931,0,0,0,Reader_2_8.csv
931,0,0,0,Reader_2_9.csv
931,15,13,2,reader_3_1.csv
931,11,8,3,Reader_3_2.csv
931,7,6,1,Reader_3_3.csv
931,7,6,1,Reader_3_4.csv
931,6,5,1,Reader_3_5.csv
931,6,5,1,Reader_3_6.csv
931,0,0,0,Reader_3_7.csv
932,4,3,1,Reader_1_1.csv
932,1,1,0,Reader_1_10.csv
932,1,1,0,Reader_1_11.csv
932,0,0,0,Reader_1_12.csv
932,4,4,0,Reader_1_2.csv
932,0,0,0,Reader_1_3.csv
932,1,1,0,Reader_1_4.csv
932,1,1,0,Reader_1_5.csv
932,4,4,0,Reader_1_6.csv
932,3,2,1,Reader_1_7.csv
932,1,0,1,Reader_1_8.csv
932,4,3,1,Reader_1_9.csv
932,1,1,0,Reader_2_1.csv
932,0,0,0,Reader_2_10.csv
932,0,0,0,Reader_2_11.csv
932,0,0,0,Reader_2_12.csv
932,1,1,0,Reader_2_2.csv
932,0,0,0,Reader_2_3.csv
932,1,1,0,Reader_2_4.csv
932,1,1,0,Reader_2_5.csv
932,0,0,0,Reader_2_6.csv
932,0,0,0,Reader_2_7.csv
932,0,0,0,Reader_2_8.csv
932,0,0,0,Reader_2_9.csv
932,15,13,2,reader_3_1.csv
932,18,14,4,Reader_3_2.csv
932,9,7,2,Reader_3_3.csv
932,9,7,2,Reader_3_4.csv
932,5,4,1,Reader_3_5.csv
932,7,6,1,Reader_3_6.csv
932,0,0,0,Reader_3_7.csv
933,4,3,1,Reader_1_1.csv
933,1,1,0,Reader_1_10.csv
933,1,1,0,Reader_1_11.csv
933,0,0,0,Reader_1_12.csv
933,6,5,1,Reader_1_2.csv
933,0,0,0,Reader_1_3.csv
933,2,2,0,Reader_1_4.csv
933,1,1,0,Reader_1_5.csv
933,3,3,0,Reader_1_6.csv
933,3,2,1,Reader_1_7.csv
933,1,0,1,Reader_1_8.csv
933,4,3,1,Reader_1_9.csv
933,1,1,0,Reader_2_1.csv
933,0,0,0,Reader_2_10.csv
933,0,0,0,Reader_2_11.csv
933,0,0,0,Reader_2_12.csv
933,1,1,0,Reader_2_2.csv
933,0,0,0,Reader_2_3.csv
933,1,1,0,Reader_2_4.csv
933,0,0,0,Reader_2_5.csv
933,0,0,0,Reader_2_6.csv
933,0,0,0,Reader_2_7.csv
933,0,0,0,Reader_2_8.csv
933,0,0,0,Reader_2_9.csv
933,15,13,2,reader_3_1.csv
933,17,13,4,Reader_3_2.csv
933,9,6,3,Reader_3_3.csv
933,9,6,3,Reader_3_4.csv
933,5,4,1,Reader_3_5.csv
933,6,5,1,Reader_3_6.csv
933,0,0,0,Reader_3_7.csv
934,4,3,1,Reader_1_1.csv
934,1,1,0,Reader_1_10.csv
934,1,1,0,Reader_1_11.csv
934,0,0,0,Reader_1_12.csv
934,6,5,1,Reader_1_2.csv
934,0,0,0,Reader_1_3.csv
934,2,2,0,Reader_1_4.csv
934,1,1,0,Reader_1_5.csv
934,3,3,0,Reader_1_6.csv
934,3,2,1,Reader_1_7.csv
934,1,0,1,Reader_1_8.csv
934,4,3,1,Reader_1_9.csv
934,0,0,0,Reader_2_1.csv
934,0,0,0,Reader_2_10.csv
934,0,0,0,Reader_2_11.csv
934,0,0,0,Reader_2_12.csv
934,0,0,0,Reader_2_2.csv
934,0,0,0,Reader_2_3.csv
934,1,1,0,Reader_2_4.csv
934,0,0,0,Reader_2_5.csv
934,0,0,0,Reader_2_6.csv
934,0,0,0,Reader_2_7.csv
934,0,0,0,Reader_2_8.csv
934,0,0,0,Reader_2_9.csv
934,12,11,1,reader_3_1.csv
934,18,15,3,Reader_3_2.csv
934,11,8,3,Reader_3_3.csv
934,11,8,3,Reader_3_4.csv
934,2,2,0,Reader_3_5.csv
934,6,5,1,Reader_3_6.csv
934,0,0,0,Reader_3_7.csv
935,3,2,1,Reader_1_1.csv
935,2,2,0,Reader_1_10.csv
935,1,1,0,Reader_1_11.csv
935,0,0,0,Reader_1_12.csv
935,5,4,1,Reader_1_2.csv
935,0,0,0,Reader_1_3.csv
935,2,2,0,Reader_1_4.csv
935,1,1,0,Reader_1_5.csv
935,3,3,0,Reader_1_6.csv
935,3,2,1,Reader_1_7.csv
935,1,0,1,Reader_1_8.csv
935,3,2,1,Reader_1_9.csv
935,0,0,0,Reader_2_1.csv
935,0,0,0,Reader_2_10.csv
935,0,0,0,Reader_2_11.csv
935,0,0,0,Reader_2_12.csv
935,0,0,0,Reader_2_2.csv
935,0,0,0,Reader_2_3.csv
935,1,1,0,Reader_2_4.csv
935,0,0,0,Reader_2_5.csv
935,0,0,0,Reader_2_6.csv
935,0,0,0,Reader_2_7.csv
935,0,0,0,Reader_2_8.csv
935,0,0,0,Reader_2_9.csv
935,15,12,3,reader_3_1.csv
935,18,16,2,Reader_3_2.csv
935,12,7,5,Reader_3_3.csv
935,12,7,5,Reader_3_4.csv
935,1,1,0,Reader_3_5.csv
935,4,3,1,Reader_3_6.csv
935,0,0,0,Reader_3_7.csv
936,3,2,1,Reader_1_1.csv
936,3,3,0,Reader_1_10.csv
936,0,0,0,Reader_1_11.csv
936,0,0,0,Reader_1_12.csv
936,5,4,1,Reader_1_2.csv
936,1,0,1,Reader_1_3.csv
936,2,2,0,Reader_1_4.csv
936,2,2,0,Reader_1_5.csv
936,2,2,0,Reader_1_6.csv
936,3,2,1,Reader_1_7.csv
936,1,0,1,Reader_1_8.csv
936,2,1,1,Reader_1_9.csv
936,0,0,0,Reader_2_1.csv
936,0,0,0,Reader_2_10.csv
936,0,0,0,Reader_2_11.csv
936,2,2,0,Reader_2_12.csv
936,0,0,0,Reader_2_2.csv
936,0,0,0,Reader_2_3.csv
936,1,1,0,Reader_2_4.csv
936,0,0,0,Reader_2_5.csv
936,0,0,0,Reader_2_6.csv
936,0,0,0,Reader_2_7.csv
936,0,0,0,Reader_2_8.csv
936,0,0,0,Reader_2_9.csv
936,17,14,3,reader_3_1.csv
936,21,20,1,Reader_3_2.csv
936,13,8,5,Reader_3_3.csv
936,13,8,5,Reader_3_4.csv
936,1,0,1,Reader_3_5.csv
936,4,3,1,Reader_3_6.csv
936,1,1,0,Reader_3_7.csv
937,3,1,2,Reader_1_1.csv
937,3,3,0,Reader_1_10.csv
937,0,0,0,Reader_1_11.csv
937,0,0,0,Reader_1_12.csv
937,5,4,1,Reader_1_2.csv
937,1,0,1,Reader_1_3.csv
937,1,1,0,Reader_1_4.csv
937,1,1,0,Reader_1_5.csv
937,2,2,0,Reader_1_6.csv
937,3,2,1,Reader_1_7.csv
937,1,0,1,Reader_1_8.csv
937,2,1,1,Reader_1_9.csv
937,0,0,0,Reader_2_1.csv
937,0,0,0,Reader_2_10.csv
937,0,0,0,Reader_2_11.csv
937,2,2,0,Reader_2_12.csv
937,0,0,0,Reader_2_2.csv
937,0,0,0,Reader_2_3.csv
937,0,0,0,Reader_2_4.csv
937,0,0,0,Reader_2_5.csv
937,0,0,0,Reader_2_6.csv
937,0,0,0,Reader_2_7.csv
937,0,0,0,Reader_2_8.csv
937,0,0,0,Reader_2_9.csv
937,21,15,6,reader_3_1.csv
937,24,23,1,Reader_3_2.csv
937,15,9,6,Reader_3_3.csv
937,15,9,6,Reader_3_4.csv
937,2,1,1,Reader_3_5.csv
937,4,3,1,Reader_3_6.csv
937,1,1,0,Reader_3_7.csv
938,3,1,2,Reader_1_1.csv
938,3,3,0,Reader_1_10.csv
938,0,0,0,Reader_1_11.csv
938,0,0,0,Reader_1_12.csv
938,5,4,1,Reader_1_2.csv
938,1,0,1,Reader_1_3.csv
938,1,1,0,Reader_1_4.csv
938,1,1,0,Reader_1_5.csv
938,2,2,0,Reader_1_6.csv
938,2,1,1,Reader_1_7.csv
938,1,0,1,Reader_1_8.csv
938,1,1,0,Reader_1_9.csv
938,0,0,0,Reader_2_1.csv
938,0,0,0,Reader_2_10.csv
938,0,0,0,Reader_2_11.csv
938,2,2,0,Reader_2_12.csv
938,0,0,0,Reader_2_2.csv
938,0,0,0,Reader_2_3.csv
938,0,0,0,Reader_2_4.csv
938,0,0,0,Reader_2_5.csv
938,0,0,0,Reader_2_6.csv
938,0,0,0,Reader_2_7.csv
938,0,0,0,Reader_2_8.csv
938,0,0,0,Reader_2_9.csv
938,23,15,8,reader_3_1.csv
938,24,23,1,Reader_3_2.csv
938,15,7,8,Reader_3_3.csv
938,15,7,8,Reader_3_4.csv
938,2,1,1,Reader_3_5.csv
938,3,3,0,Reader_3_6.csv
938,1,1,0,Reader_3_7.csv
939,5,2,3,Reader_1_1.csv
939,2,2,0,Reader_1_10.csv
939,0,0,0,Reader_1_11.csv
939,0,0,0,Reader_1_12.csv
939,2,1,1,Reader_1_2.csv
939,1,0,1,Reader_1_3.csv
939,2,2,0,Reader_1_4.csv
939,1,1,0,Reader_1_5.csv
939,1,1,0,Reader_1_6.csv
939,2,1,1,Reader_1_7.csv
939,1,0,1,Reader_1_8.csv
939,1,1,0,Reader_1_9.csv
939,0,0,0,Reader_2_1.csv
939,0,0,0,Reader_2_10.csv
939,0,0,0,Reader_2_11.csv
939,2,2,0,Reader_2_12.csv
939,0,0,0,Reader_2_2.csv
939,1,1,0,Reader_2_3.csv
939,0,0,0,Reader_2_4.csv
939,0,0,0,Reader_2_5.csv
939,0,0,0,Reader_2_6.csv
939,0,0,0,Reader_2_7.csv
939,0,0,0,Reader_2_8.csv
939,0,0,0,Reader_2_9.csv
939,28,19,9,reader_3_1.csv
939,26,24,2,Reader_3_2.csv
939,13,5,8,Reader_3_3.csv
939,13,5,8,Reader_3_4.csv
939,2,1,1,Reader_3_5.csv
939,1,1,0,Reader_3_6.csv
939,1,1,0,Reader_3_7.csv
940,5,3,2,Reader_1_1.csv
940,2,2,0,Reader_1_10.csv
940,0,0,0,Reader_1_11.csv
940,0,0,0,Reader_1_12.csv
940,2,1,1,Reader_1_2.csv
940,1,0,1,Reader_1_3.csv
940,2,2,0,Reader_1_4.csv
940,1,1,0,Reader_1_5.csv
940,0,0,0,Reader_1_6.csv
940,1,0,1,Reader_1_7.csv
940,0,0,0,Reader_1_8.csv
940,1,1,0,Reader_1_9.csv
940,2,2,0,Reader_2_1.csv
940,0,0,0,Reader_2_10.csv
940,0,0,0,Reader_2_11.csv
940,2,2,0,Reader_2_12.csv
940,0,0,0,Reader_2_2.csv
940,1,1,0,Reader_2_3.csv
940,0,0,0,Reader_2_4.csv
940,0,0,0,Reader_2_5.csv
940,0,0,0,Reader_2_6.csv
940,0,0,0,Reader_2_7.csv
940,0,0,0,Reader_2_8.csv
940,0,0,0,Reader_2_9.csv
940,31,21,10,reader_3_1.csv
940,19,18,1,Reader_3_2.csv
940,11,4,7,Reader_3_3.csv
940,11,4,7,Reader_3_4.csv
940,2,1,1,Reader_3_5.csv
940,0,0,0,Reader_3_6.csv
940,1,1,0,Reader_3_7.csv
941,5,3,2,Reader_1_1.csv
941,2,2,0,Reader_1_10.csv
941,1,1,0,Reader_1_11.csv
941,0,0,0,Reader_1_12.csv
941,2,1,1,Reader_1_2.csv
941,2,1,1,Reader_1_3.csv
941,1,1,0,Reader_1_4.csv
941,1,1,0,Reader_1_5.csv
941,0,0,0,Reader_1_6.csv
941,1,0,1,Reader_1_7.csv
941,0,0,0,Reader_1_8.csv
941,1,1,0,Reader_1_9.csv
941,2,2,0,Reader_2_1.csv
941,0,0,0,Reader_2_10.csv
941,0,0,0,Reader_2_11.csv
941,2,2,0,Reader_2_12.csv
941,0,0,0,Reader_2_2.csv
941,1,1,0,Reader_2_3.csv
941,0,0,0,Reader_2_4.csv
941,0,0,0,Reader_2_5.csv
941,0,0,0,Reader_2_6.csv
941,0,0,0,Reader_2_7.csv
941,0,0,0,Reader_2_8.csv
941,0,0,0,Reader_2_9.csv
941,34,24,10,reader_3_1.csv
941,22,21,1,Reader_3_2.csv
941,10,4,6,Reader_3_3.csv
941,10,4,6,Reader_3_4.csv
941,2,1,1,Reader_3_5.csv
941,0,0,0,Reader_3_6.csv
941,1,1,0,Reader_3_7.csv
942,5,3,2,Reader_1_1.csv
942,2,2,0,Reader_1_10.csv
942,1,1,0,Reader_1_11.csv
942,0,0,0,Reader_1_12.csv
942,2,1,1,Reader_1_2.csv
942,2,1,1,Reader_1_3.csv
942,1,1,0,Reader_1_4.csv
942,2,2,0,Reader_1_5.csv
942,0,0,0,Reader_1_6.csv
942,1,0,1,Reader_1_7.csv
942,0,0,0,Reader_1_8.csv
942,0,0,0,Reader_1_9.csv
942,2,2,0,Reader_2_1.csv
942,0,0,0,Reader_2_10.csv
942,0,0,0,Reader_2_11.csv
942,2,2,0,Reader_2_12.csv
942,0,0,0,Reader_2_2.csv
942,1,1,0,Reader_2_3.csv
942,0,0,0,Reader_2_4.csv
942,0,0,0,Reader_2_5.csv
942,0,0,0,Reader_2_6.csv
942,0,0,0,Reader_2_7.csv
942,0,0,0,Reader_2_8.csv
942,0,0,0,Reader_2_9.csv
942,36,25,11,reader_3_1.csv
942,21,20,1,Reader_3_2.csv
942,9,3,6,Reader_3_3.csv
942,9,3,6,Reader_3_4.csv
942,3,2,1,Reader_3_5.csv
942,0,0,0,Reader_3_6.csv
942,1,1,0,Reader_3_7.csv
943,7,4,3,Reader_1_1.csv
943,1,1,0,Reader_1_10.csv
943,1,1,0,Reader_1_11.csv
943,0,0,0,Reader_1_12.csv
943,3,2,1,Reader_1_2.csv
943,3,2,1,Reader_1_3.csv
943,1,1,0,Reader_1_4.csv
943,2,2,0,Reader_1_5.csv
943,0,0,0,Reader_1_6.csv
943,1,0,1,Reader_1_7.csv
943,0,0,0,Reader_1_8.csv
943,0,0,0,Reader_1_9.csv
943,3,3,0,Reader_2_1.csv
943,0,0,0,Reader_2_10.csv
943,0,0,0,Reader_2_11.csv
943,2,2,0,Reader_2_12.csv
943,0,0,0,Reader_2_2.csv
943,1,1,0,Reader_2_3.csv
943,0,0,0,Reader_2_4.csv
943,0,0,0,Reader_2_5.csv
943,0,0,0,Reader_2_6.csv
943,0,0,0,Reader_2_7.csv
943,0,0,0,Reader_2_8.csv
943,0,0,0,Reader_2_9.csv
943,36,25,11,reader_3_1.csv
943,24,21,3,Reader_3_2.csv
943,7,3,4,Reader_3_3.csv
943,7,3,4,Reader_3_4.csv
943,4,3,1,Reader_3_5.csv
943,0,0,0,Reader_3_6.csv
943,1,1,0,Reader_3_7.csv
944,8,4,4,Reader_1_1.csv
944,0,0,0,Reader_1_10.csv
944,1,1,0,Reader_1_11.csv
944,0,0,0,Reader_1_12.csv
944,3,2,1,Reader_1_2.csv
944,2,2,0,Reader_1_3.csv
944,1,1,0,Reader_1_4.csv
944,1,1,0,Reader_1_5.csv
944,0,0,0,Reader_1_6.csv
944,0,0,0,Reader_1_7.csv
944,0,0,0,Reader_1_8.csv
944,0,0,0,Reader_1_9.csv
944,3,3,0,Reader_2_1.csv
944,0,0,0,Reader_2_10.csv
944,0,0,0,Reader_2_11.csv
944,0,0,0,Reader_2_12.csv
944,0,0,0,Reader_2_2.csv
944,1,1,0,Reader_2_3.csv
944,0,0,0,Reader_2_4.csv
944,1,1,0,Reader_2_5.csv
944,0,0,0,Reader_2_6.csv
944,0,0,0,Reader_2_7.csv
944,0,0,0,Reader_2_8.csv
944,0,0,0,Reader_2_9.csv
944,37,23,14,reader_3_1.csv
944,24,21,3,Reader_3_2.csv
944,6,3,3,Reader_3_3.csv
944,6,3,3,Reader_3_4.csv
944,3,3,0,Reader_3_5.csv
944,0,0,0,Reader_3_6.csv
944,0,0,0,Reader_3_7.csv
945,6,3,3,Reader_1_1.csv
945,0,0,0,Reader_1_10.csv
945,1,1,0,Reader_1_11.csv
945,0,0,0,Reader_1_12.csv
945,3,2,1,Reader_1_2.csv
945,2,2,0,Reader_1_3.csv
945,1,1,0,Reader_1_4.csv
945,1,1,0,Reader_1_5.csv
945,0,0,0,Reader_1_6.csv
945,0,0,0,Reader_1_7.csv
945,0,0,0,Reader_1_8.csv
945,0,0,0,Reader_1_9.csv
945,3,3,0,Reader_2_1.csv
945,0,0,0,Reader_2_10.csv
945,0,0,0,Reader_2_11.csv
945,0,0,0,Reader_2_12.csv
945,0,0,0,Reader_2_2.csv
945,1,1,0,Reader_2_3.csv
945,0,0,0,Reader_2_4.csv
945,1,1,0,Reader_2_5.csv
945,0,0,0,Reader_2_6.csv
945,0,0,0,Reader_2_7.csv
945,0,0,0,Reader_2_8.csv
945,0,0,0,Reader_2_9.csv
945,30,19,11,reader_3_1.csv
945,23,20,3,Reader_3_2.csv
945,4,2,2,Reader_3_3.csv
945,4,2,2,Reader_3_4.csv
945,2,2,0,Reader_3_5.csv
945,0,0,0,Reader_3_6.csv
945,0,0,0,Reader_3_7.csv
946,7,4,3,Reader_1_1.csv
946,0,0,0,Reader_1_10.csv
946,1,1,0,Reader_1_11.csv
946,0,0,0,Reader_1_12.csv
946,4,3,1,Reader_1_2.csv
946,2,2,0,Reader_1_3.csv
946,1,1,0,Reader_1_4.csv
946,1,1,0,Reader_1_5.csv
946,0,0,0,Reader_1_6.csv
946,0,0,0,Reader_1_7.csv
946,0,0,0,Reader_1_8.csv
946,1,1,0,Reader_1_9.csv
946,4,4,0,Reader_2_1.csv
946,0,0,0,Reader_2_10.csv
946,0,0,0,Reader_2_11.csv
946,0,0,0,Reader_2_12.csv
946,0,0,0,Reader_2_2.csv
946,1,1,0,Reader_2_3.csv
946,0,0,0,Reader_2_4.csv
946,1,1,0,Reader_2_5.csv
946,0,0,0,Reader_2_6.csv
946,0,0,0,Reader_2_7.csv
946,0,0,0,Reader_2_8.csv
946,0,0,0,Reader_2_9.csv
946,29,20,9,reader_3_1.csv
946,25,21,4,Reader_3_2.csv
946,2,2,0,Reader_3_3.csv
946,2,2,0,Reader_3_4.csv
946,2,2,0,Reader_3_5.csv
946,0,0,0,Reader_3_6.csv
946,0,0,0,Reader_3_7.csv
947,5,3,2,Reader_1_1.csv
947,0,0,0,Reader_1_10.csv
947,2,2,0,Reader_1_11.csv
947,0,0,0,Reader_1_12.csv
947,4,3,1,Reader_1_2.csv
947,4,3,1,Reader_1_3.csv
947,0,0,0,Reader_1_4.csv
947,1,1,0,Reader_1_5.csv
947,1,1,0,Reader_1_6.csv
947,0,0,0,Reader_1_7.csv
947,0,0,0,Reader_1_8.csv
947,1,1,0,Reader_1_9.csv
947,4,4,0,Reader_2_1.csv
947,0,0,0,Reader_2_10.csv
947,0,0,0,Reader_2_11.csv
947,1,1,0,Reader_2_12.csv
947,0,0,0,Reader_2_2.csv
947,0,0,0,Reader_2_3.csv
947,0,0,0,Reader_2_4.csv
947,1,1,0,Reader_2_5.csv
947,0,0,0,Reader_2_6.csv
947,0,0,0,Reader_2_7.csv
947,0,0,0,Reader_2_8.csv
947,0,0,0,Reader_2_9.csv
947,26,16,10,reader_3_1.csv
947,21,18,3,Reader_3_2.csv
947,3,3,0,Reader_3_3.csv
947,3,3,0,Reader_3_4.csv
947,2,2,0,Reader_3_5.csv
947,0,0,0,Reader_3_6.csv
947,0,0,0,Reader_3_7.csv
948,5,3,2,Reader_1_1.csv
948,0,0,0,Reader_1_10.csv
948,2,2,0,Reader_1_11.csv
948,0,0,0,Reader_1_12.csv
948,4,3,1,Reader_1_2.csv
948,5,4,1,Reader_1_3.csv
948,0,0,0,Reader_1_4.csv
948,2,2,0,Reader_1_5.csv
948,1,1,0,Reader_1_6.csv
948,0,0,0,Reader_1_7.csv
948,0,0,0,Reader_1_8.csv
948,1,1,0,Reader_1_9.csv
948,2,2,0,Reader_2_1.csv
948,1,0,1,Reader_2_10.csv
948,0,0,0,Reader_2_11.csv
948,1,1,0,Reader_2_12.csv
948,0,0,0,Reader_2_2.csv
948,0,0,0,Reader_2_3.csv
948,0,0,0,Reader_2_4.csv
948,1,1,0,Reader_2_5.csv
948,0,0,0,Reader_2_6.csv
948,0,0,0,Reader_2_7.csv
948,0,0,0,Reader_2_8.csv
948,0,0,0,Reader_2_9.csv
948,25,16,9,reader_3_1.csv
948,22,19,3,Reader_3_2.csv
948,6,5,1,Reader_3_3.csv
948,6,5,1,Reader_3_4.csv
948,2,2,0,Reader_3_5.csv
948,1,1,0,Reader_3_6.csv
948,0,0,0,Reader_3_7.csv
949,6,4,2,Reader_1_1.csv
949,0,0,0,Reader_1_10.csv
949,1,1,0,Reader_1_11.csv
949,0,0,0,Reader_1_12.csv
949,2,2,0,Reader_1_2.csv
949,5,4,1,Reader_1_3.csv
949,0,0,0,Reader_1_4.csv
949,2,2,0,Reader_1_5.csv
949,1,1,0,Reader_1_6.csv
949,0,0,0,Reader_1_7.csv
949,0,0,0,Reader_1_8.csv
949,1,1,0,Reader_1_9.csv
949,2,2,0,Reader_2_1.csv
949,1,0,1,Reader_2_10.csv
949,0,0,0,Reader_2_11.csv
949,1,1,0,Reader_2_12.csv
949,0,0,0,Reader_2_2.csv
949,0,0,0,Reader_2_3.csv
949,0,0,0,Reader_2_4.csv
949,1,1,0,Reader_2_5.csv
949,0,0,0,Reader_2_6.csv
949,0,0,0,Reader_2_7.csv
949,0,0,0,Reader_2_8.csv
949,0,0,0,Reader_2_9.csv
949,24,14,10,reader_3_1.csv
949,21,18,3,Reader_3_2.csv
949,6,5,1,Reader_3_3.csv
949,6,5,1,Reader_3_4.csv
949,3,2,1,Reader_3_5.csv
949,1,1,0,Reader_3_6.csv
949,0,0,0,Reader_3_7.csv
950,7,5,2,Reader_1_1.csv
950,0,0,0,Reader_1_10.csv
950,1,1,0,Reader_1_11.csv
950,0,0,0,Reader_1_12.csv
950,2,2,0,Reader_1_2.csv
950,7,6,1,Reader_1_3.csv
950,0,0,0,Reader_1_4.csv
950,1,1,0,Reader_1_5.csv
950,1,1,0,Reader_1_6.csv
950,0,0,0,Reader_1_7.csv
950,0,0,0,Reader_1_8.csv
950,1,1,0,Reader_1_9.csv
950,2,2,0,Reader_2_1.csv
950,1,0,1,Reader_2_10.csv
950,0,0,0,Reader_2_11.csv
950,1,1,0,Reader_2_12.csv
950,0,0,0,Reader_2_2.csv
950,0,0,0,Reader_2_3.csv
950,0,0,0,Reader_2_4.csv
950,1,1,0,Reader_2_5.csv
950,0,0,0,Reader_2_6.csv
950,0,0,0,Reader_2_7.csv
950,0,0,0,Reader_2_8.csv
950,0,0,0,Reader_2_9.csv
950,24,14,10,reader_3_1.csv
950,21,18,3,Reader_3_2.csv
950,7,6,1,Reader_3_3.csv
950,7,6,1,Reader_3_4.csv
950,2,1,1,Reader_3_5.csv
950,1,1,0,Reader_3_6.csv
950,0,0,0,Reader_3_7.csv
951,6,4,2,Reader_1_1.csv
951,0,0,0,Reader_1_10.csv
951,1,1,0,Reader_1_11.csv
951,0,0,0,Reader_1_12.csv
951,2,2,0,Reader_1_2.csv
951,9,8,1,Reader_1_3.csv
951,0,0,0,Reader_1_4.csv
951,2,2,0,Reader_1_5.csv
951,1,1,0,Reader_1_6.csv
951,0,0,0,Reader_1_7.csv
951,0,0,0,Reader_1_8.csv
951,1,1,0,Reader_1_9.csv
951,1,1,0,Reader_2_1.csv
951,1,0,1,Reader_2_10.csv
951,0,0,0,Reader_2_11.csv
951,2,2,0,Reader_2_12.csv
951,0,0,0,Reader_2_2.csv
951,0,0,0,Reader_2_3.csv
951,0,0,0,Reader_2_4.csv
951,1,1,0,Reader_2_5.csv
951,0,0,0,Reader_2_6.csv
951,0,0,0,Reader_2_7.csv
951,0,0,0,Reader_2_8.csv
951,0,0,0,Reader_2_9.csv
951,20,12,8,reader_3_1.csv
951,18,17,1,Reader_3_2.csv
951,8,7,1,Reader_3_3.csv
951,8,7,1,Reader_3_4.csv
951,1,0,1,Reader_3_5.csv
951,1,1,0,Reader_3_6.csv
951,0,0,0,Reader_3_7.csv
952,6,4,2,Reader_1_1.csv
952,0,0,0,Reader_1_10.csv
952,1,1,0,Reader_1_11.csv
952,0,0,0,Reader_1_12.csv
952,2,2,0,Reader_1_2.csv
952,10,9,1,Reader_1_3.csv
952,0,0,0,Reader_1_4.csv
952,2,2,0,Reader_1_5.csv
952,1,1,0,Reader_1_6.csv
952,0,0,0,Reader_1_7.csv
952,0,0,0,Reader_1_8.csv
952,1,1,0,Reader_1_9.csv
952,1,1,0,Reader_2_1.csv
952,1,0,1,Reader_2_10.csv
952,0,0,0,Reader_2_11.csv
952,3,3,0,Reader_2_12.csv
952,0,0,0,Reader_2_2.csv
952,0,0,0,Reader_2_3.csv
952,0,0,0,Reader_2_4.csv
952,0,0,0,Reader_2_5.csv
952,0,0,0,Reader_2_6.csv
952,0,0,0,Reader_2_7.csv
952,0,0,0,Reader_2_8.csv
952,0,0,0,Reader_2_9.csv
952,16,11,5,reader_3_1.csv
952,14,13,1,Reader_3_2.csv
952,7,6,1,Reader_3_3.csv
952,7,6,1,Reader_3_4.csv
952,2,1,1,Reader_3_5.csv
952,2,2,0,Reader_3_6.csv
952,0,0,0,Reader_3_7.csv
953,7,5,2,Reader_1_1.csv
953,0,0,0,Reader_1_10.csv
953,1,1,0,Reader_1_11.csv
953,0,0,0,Reader_1_12.csv
953,3,3,0,Reader_1_2.csv
953,11,10,1,Reader_1_3.csv
953,0,0,0,Reader_1_4.csv
953,2,2,0,Reader_1_5.csv
953,1,1,0,Reader_1_6.csv
953,0,0,0,Reader_1_7.csv
953,0,0,0,Reader_1_8.csv
953,2,2,0,Reader_1_9.csv
953,1,1,0,Reader_2_1.csv
953,1,0,1,Reader_2_10.csv
953,0,0,0,Reader_2_11.csv
953,4,4,0,Reader_2_12.csv
953,0,0,0,Reader_2_2.csv
953,0,0,0,Reader_2_3.csv
953,0,0,0,Reader_2_4.csv
953,0,0,0,Reader_2_5.csv
953,0,0,0,Reader_2_6.csv
953,0,0,0,Reader_2_7.csv
953,0,0,0,Reader_2_8.csv
953,0,0,0,Reader_2_9.csv
953,19,14,5,reader_3_1.csv
953,12,11,1,Reader_3_2.csv
953,8,7,1,Reader_3_3.csv
953,8,7,1,Reader_3_4.csv
953,2,1,1,Reader_3_5.csv
953,2,2,0,Reader_3_6.csv
953,0,0,0,Reader_3_7.csv
954,7,5,2,Reader_1_1.csv
954,0,0,0,Reader_1_10.csv
954,1,1,0,Reader_1_11.csv
954,0,0,0,Reader_1_12.csv
954,3,2,1,Reader_1_2.csv
954,14,12,2,Reader_1_3.csv
954,0,0,0,Reader_1_4.csv
954,2,2,0,Reader_1_5.csv
954,1,1,0,Reader_1_6.csv
954,0,0,0,Reader_1_7.csv
954,0,0,0,Reader_1_8.csv
954,1,1,0,Reader_1_9.csv
954,0,0,0,Reader_2_1.csv
954,1,0,1,Reader_2_10.csv
954,0,0,0,Reader_2_11.csv
954,4,4,0,Reader_2_12.csv
954,0,0,0,Reader_2_2.csv
954,0,0,0,Reader_2_3.csv
954,0,0,0,Reader_2_4.csv
954,0,0,0,Reader_2_5.csv
954,0,0,0,Reader_2_6.csv
954,0,0,0,Reader_2_7.csv
954,0,0,0,Reader_2_8.csv
954,0,0,0,Reader_2_9.csv
954,18,12,6,reader_3_1.csv
954,11,11,0,Reader_3_2.csv
954,9,8,1,Reader_3_3.csv
954,9,8,1,Reader_3_4.csv
954,3,1,2,Reader_3_5.csv
954,2,2,0,Reader_3_6.csv
954,0,0,0,Reader_3_7.csv
955,7,5,2,Reader_1_1.csv
955,0,0,0,Reader_1_10.csv
955,0,0,0,Reader_1_11.csv
955,0,0,0,Reader_1_12.csv
955,3,2,1,Reader_1_2.csv
955,13,12,1,Reader_1_3.csv
955,0,0,0,Reader_1_4.csv
955,2,2,0,Reader_1_5.csv
955,0,0,0,Reader_1_6.csv
955,0,0,0,Reader_1_7.csv
955,0,0,0,Reader_1_8.csv
955,1,1,0,Reader_1_9.csv
955,0,0,0,Reader_2_1.csv
955,1,0,1,Reader_2_10.csv
955,0,0,0,Reader_2_11.csv
955,3,3,0,Reader_2_12.csv
955,0,0,0,Reader_2_2.csv
955,0,0,0,Reader_2_3.csv
955,0,0,0,Reader_2_4.csv
955,0,0,0,Reader_2_5.csv
955,0,0,0,Reader_2_6.csv
955,0,0,0,Reader_2_7.csv
955,1,1,0,Reader_2_8.csv
955,1,1,0,Reader_2_9.csv
955,17,13,4,reader_3_1.csv
955,15,15,0,Reader_3_2.csv
955,9,7,2,Reader_3_3.csv
955,9,7,2,Reader_3_4.csv
955,3,1,2,Reader_3_5.csv
955,4,4,0,Reader_3_6.csv
955,1,1,0,Reader_3_7.csv
956,11,7,4,Reader_1_1.csv
956,0,0,0,Reader_1_10.csv
956,0,0,0,Reader_1_11.csv
956,0,0,0,Reader_1_12.csv
956,4,3,1,Reader_1_2.csv
956,13,12,1,Reader_1_3.csv
956,0,0,0,Reader_1_4.csv
956,2,2,0,Reader_1_5.csv
956,0,0,0,Reader_1_6.csv
956,0,0,0,Reader_1_7.csv
956,0,0,0,Reader_1_8.csv
956,1,1,0,Reader_1_9.csv
956,0,0,0,Reader_2_1.csv
956,1,1,0,Reader_2_10.csv
956,0,0,0,Reader_2_11.csv
956,3,3,0,Reader_2_12.csv
956,0,0,0,Reader_2_2.csv
956,0,0,0,Reader_2_3.csv
956,0,0,0,Reader_2_4.csv
956,0,0,0,Reader_2_5.csv
956,0,0,0,Reader_2_6.csv
956,0,0,0,Reader_2_7.csv
956,1,1,0,Reader_2_8.csv
956,1,1,0,Reader_2_9.csv
956,15,11,4,reader_3_1.csv
956,16,16,0,Reader_3_2.csv
956,7,6,1,Reader_3_3.csv
956,7,6,1,Reader_3_4.csv
956,4,2,2,Reader_3_5.csv
956,5,5,0,Reader_3_6.csv
956,1,1,0,Reader_3_7.csv
957,12,7,5,Reader_1_1.csv
957,0,0,0,Reader_1_10.csv
957,0,0,0,Reader_1_11.csv
957,0,0,0,Reader_1_12.csv
957,4,3,1,Reader_1_2.csv
957,15,14,1,Reader_1_3.csv
957,0,0,0,Reader_1_4.csv
957,2,2,0,Reader_1_5.csv
957,0,0,0,Reader_1_6.csv
957,1,1,0,Reader_1_7.csv
957,0,0,0,Reader_1_8.csv
957,1,1,0,Reader_1_9.csv
957,0,0,0,Reader_2_1.csv
957,1,1,0,Reader_2_10.csv
957,0,0,0,Reader_2_11.csv
957,3,3,0,Reader_2_12.csv
957,0,0,0,Reader_2_2.csv
957,1,1,0,Reader_2_3.csv
957,0,0,0,Reader_2_4.csv
957,0,0,0,Reader_2_5.csv
957,0,0,0,Reader_2_6.csv
957,0,0,0,Reader_2_7.csv
957,1,1,0,Reader_2_8.csv
957,1,1,0,Reader_2_9.csv
957,13,9,4,reader_3_1.csv
957,15,15,0,Reader_3_2.csv
957,8,7,1,Reader_3_3.csv
957,8,7,1,Reader_3_4.csv
957,4,3,1,Reader_3_5.csv
957,5,5,0,Reader_3_6.csv
957,1,1,0,Reader_3_7.csv
958,11,6,5,Reader_1_1.csv
958,0,0,0,Reader_1_10.csv
958,0,0,0,Reader_1_11.csv
958,0,0,0,Reader_1_12.csv
958,5,4,1,Reader_1_2.csv
958,15,13,2,Reader_1_3.csv
958,0,0,0,Reader_1_4.csv
958,2,2,0,Reader_1_5.csv
958,0,0,0,Reader_1_6.csv
958,1,1,0,Reader_1_7.csv
958,0,0,0,Reader_1_8.csv
958,1,1,0,Reader_1_9.csv
958,0,0,0,Reader_2_1.csv
958,1,1,0,Reader_2_10.csv
958,0,0,0,Reader_2_11.csv
958,3,3,0,Reader_2_12.csv
958,0,0,0,Reader_2_2.csv
958,2,2,0,Reader_2_3.csv
958,0,0,0,Reader_2_4.csv
958,0,0,0,Reader_2_5.csv
958,0,0,0,Reader_2_6.csv
958,0,0,0,Reader_2_7.csv
958,1,1,0,Reader_2_8.csv
958,1,1,0,Reader_2_9.csv
958,14,10,4,reader_3_1.csv
958,14,14,0,Reader_3_2.csv
958,6,5,1,Reader_3_3.csv
958,6,5,1,Reader_3_4.csv
958,4,3,1,Reader_3_5.csv
958,6,6,0,Reader_3_6.csv
958,1,1,0,Reader_3_7.csv
959,15,10,5,Reader_1_1.csv
959,0,0,0,Reader_1_10.csv
959,1,0,1,Reader_1_11.csv
959,0,0,0,Reader_1_12.csv
959,4,3,1,Reader_1_2.csv
959,13,10,3,Reader_1_3.csv
959,0,0,0,Reader_1_4.csv
959,1,1,0,Reader_1_5.csv
959,0,0,0,Reader_1_6.csv
959,1,1,0,Reader_1_7.csv
959,0,0,0,Reader_1_8.csv
959,1,1,0,Reader_1_9.csv
959,0,0,0,Reader_2_1.csv
959,1,1,0,Reader_2_10.csv
959,0,0,0,Reader_2_11.csv
959,2,2,0,Reader_2_12.csv
959,0,0,0,Reader_2_2.csv
959,2,2,0,Reader_2_3.csv
959,0,0,0,Reader_2_4.csv
959,0,0,0,Reader_2_5.csv
959,0,0,0,Reader_2_6.csv
959,0,0,0,Reader_2_7.csv
959,1,1,0,Reader_2_8.csv
959,1,1,0,Reader_2_9.csv
959,13,9,4,reader_3_1.csv
959,15,15,0,Reader_3_2.csv
959,5,4,1,Reader_3_3.csv
959,5,4,1,Reader_3_4.csv
959,5,4,1,Reader_3_5.csv
959,6,6,0,Reader_3_6.csv
959,1,1,0,Reader_3_7.csv
960,15,10,5,Reader_1_1.csv
960,0,0,0,Reader_1_10.csv
960,1,0,1,Reader_1_11.csv
960,0,0,0,Reader_1_12.csv
960,6,5,1,Reader_1_2.csv
960,12,9,3,Reader_1_3.csv
960,0,0,0,Reader_1_4.csv
960,1,1,0,Reader_1_5.csv
960,0,0,0,Reader_1_6.csv
960,1,1,0,Reader_1_7.csv
960,0,0,0,Reader_1_8.csv
960,1,1,0,Reader_1_9.csv
960,0,0,0,Reader_2_1.csv
960,1,1,0,Reader_2_10.csv
960,0,0,0,Reader_2_11.csv
960,1,1,0,Reader_2_12.csv
960,0,0,0,Reader_2_2.csv
960,2,2,0,Reader_2_3.csv
960,2,2,0,Reader_2_4.csv
960,0,0,0,Reader_2_5.csv
960,0,0,0,Reader_2_6.csv
960,0,0,0,Reader_2_7.csv
960,1,1,0,Reader_2_8.csv
960,1,1,0,Reader_2_9.csv
960,15,10,5,reader_3_1.csv
960,15,15,0,Reader_3_2.csv
960,7,5,2,Reader_3_3.csv
960,7,5,2,Reader_3_4.csv
960,5,4,1,Reader_3_5.csv
960,5,5,0,Reader_3_6.csv
960,2,2,0,Reader_3_7.csv
961,15,10,5,Reader_1_1.csv
961,0,0,0,Reader_1_10.csv
961,1,0,1,Reader_1_11.csv
961,0,0,0,Reader_1_12.csv
961,5,4,1,Reader_1_2.csv
961,12,9,3,Reader_1_3.csv
961,0,0,0,Reader_1_4.csv
961,1,1,0,Reader_1_5.csv
961,0,0,0,Reader_1_6.csv
961,1,1,0,Reader_1_7.csv
961,0,0,0,Reader_1_8.csv
961,0,0,0,Reader_1_9.csv
961,0,0,0,Reader_2_1.csv
961,1,1,0,Reader_2_10.csv
961,0,0,0,Reader_2_11.csv
961,0,0,0,Reader_2_12.csv
961,0,0,0,Reader_2_2.csv
961,2,2,0,Reader_2_3.csv
961,2,2,0,Reader_2_4.csv
961,1,1,0,Reader_2_5.csv
961,0,0,0,Reader_2_6.csv
961,0,0,0,Reader_2_7.csv
961,2,1,1,Reader_2_8.csv
961,1,1,0,Reader_2_9.csv
961,13,8,5,reader_3_1.csv
961,16,16,0,Reader_3_2.csv
961,7,5,2,Reader_3_3.csv
961,7,5,2,Reader_3_4.csv
961,6,5,1,Reader_3_5.csv
961,6,6,0,Reader_3_6.csv
961,2,2,0,Reader_3_7.csv
962,14,9,5,Reader_1_1.csv
962,0,0,0,Reader_1_10.csv
962,1,0,1,Reader_1_11.csv
962,0,0,0,Reader_1_12.csv
962,4,4,0,Reader_1_2.csv
962,12,9,3,Reader_1_3.csv
962,0,0,0,Reader_1_4.csv
962,1,1,0,Reader_1_5.csv
962,0,0,0,Reader_1_6.csv
962,1,1,0,Reader_1_7.csv
962,0,0,0,Reader_1_8.csv
962,0,0,0,Reader_1_9.csv
962,0,0,0,Reader_2_1.csv
962,1,1,0,Reader_2_10.csv
962,0,0,0,Reader_2_11.csv
962,0,0,0,Reader_2_12.csv
962,0,0,0,Reader_2_2.csv
962,2,2,0,Reader_2_3.csv
962,2,2,0,Reader_2_4.csv
962,1,1,0,Reader_2_5.csv
962,0,0,0,Reader_2_6.csv
962,0,0,0,Reader_2_7.csv
962,2,1,1,Reader_2_8.csv
962,1,1,0,Reader_2_9.csv
962,14,9,5,reader_3_1.csv
962,14,14,0,Reader_3_2.csv
962,6,4,2,Reader_3_3.csv
962,6,4,2,Reader_3_4.csv
962,6,6,0,Reader_3_5.csv
962,7,7,0,Reader_3_6.csv
962,2,2,0,Reader_3_7.csv
963,16,11,5,Reader_1_1.csv
963,0,0,0,Reader_1_10.csv
963,1,0,1,Reader_1_11.csv
963,0,0,0,Reader_1_12.csv
963,6,6,0,Reader_1_2.csv
963,11,8,3,Reader_1_3.csv
963,0,0,0,Reader_1_4.csv
963,1,1,0,Reader_1_5.csv
963,0,0,0,Reader_1_6.csv
963,1,1,0,Reader_1_7.csv
963,0,0,0,Reader_1_8.csv
963,0,0,0,Reader_1_9.csv
963,1,1,0,Reader_2_1.csv
963,1,1,0,Reader_2_10.csv
963,0,0,0,Reader_2_11.csv
963,0,0,0,Reader_2_12.csv
963,0,0,0,Reader_2_2.csv
963,2,2,0,Reader_2_3.csv
963,2,2,0,Reader_2_4.csv
963,1,1,0,Reader_2_5.csv
963,0,0,0,Reader_2_6.csv
963,0,0,0,Reader_2_7.csv
963,1,0,1,Reader_2_8.csv
963,0,0,0,Reader_2_9.csv
963,16,9,7,reader_3_1.csv
963,11,11,0,Reader_3_2.csv
963,10,9,1,Reader_3_3.csv
963,10,9,1,Reader_3_4.csv
963,7,7,0,Reader_3_5.csv
963,10,8,2,Reader_3_6.csv
963,1,1,0,Reader_3_7.csv
964,12,9,3,Reader_1_1.csv
964,0,0,0,Reader_1_10.csv
964,1,0,1,Reader_1_11.csv
964,0,0,0,Reader_1_12.csv
964,5,5,0,Reader_1_2.csv
964,11,8,3,Reader_1_3.csv
964,0,0,0,Reader_1_4.csv
964,0,0,0,Reader_1_5.csv
964,0,0,0,Reader_1_6.csv
964,1,1,0,Reader_1_7.csv
964,0,0,0,Reader_1_8.csv
964,0,0,0,Reader_1_9.csv
964,1,1,0,Reader_2_1.csv
964,0,0,0,Reader_2_10.csv
964,0,0,0,Reader_2_11.csv
964,0,0,0,Reader_2_12.csv
964,1,1,0,Reader_2_2.csv
964,2,2,0,Reader_2_3.csv
964,2,2,0,Reader_2_4.csv
964,1,1,0,Reader_2_5.csv
964,0,0,0,Reader_2_6.csv
964,0,0,0,Reader_2_7.csv
964,1,0,1,Reader_2_8.csv
964,0,0,0,Reader_2_9.csv
964,20,12,8,reader_3_1.csv
964,11,10,1,Reader_3_2.csv
964,10,9,1,Reader_3_3.csv
964,10,9,1,Reader_3_4.csv
964,6,6,0,Reader_3_5.csv
964,10,8,2,Reader_3_6.csv
964,2,2,0,Reader_3_7.csv
965,12,8,4,Reader_1_1.csv
965,1,0,1,Reader_1_10.csv
965,1,0,1,Reader_1_11.csv
965,0,0,0,Reader_1_12.csv
965,6,6,0,Reader_1_2.csv
965,11,8,3,Reader_1_3.csv
965,0,0,0,Reader_1_4.csv
965,0,0,0,Reader_1_5.csv
965,1,1,0,Reader_1_6.csv
965,0,0,0,Reader_1_7.csv
965,0,0,0,Reader_1_8.csv
965,0,0,0,Reader_1_9.csv
965,1,1,0,Reader_2_1.csv
965,0,0,0,Reader_2_10.csv
965,1,1,0,Reader_2_11.csv
965,0,0,0,Reader_2_12.csv
965,1,1,0,Reader_2_2.csv
965,2,2,0,Reader_2_3.csv
965,2,2,0,Reader_2_4.csv
965,1,1,0,Reader_2_5.csv
965,0,0,0,Reader_2_6.csv
965,0,0,0,Reader_2_7.csv
965,1,0,1,Reader_2_8.csv
965,0,0,0,Reader_2_9.csv
965,20,12,8,reader_3_1.csv
965,12,11,1,Reader_3_2.csv
965,13,11,2,Reader_3_3.csv
965,13,11,2,Reader_3_4.csv
965,5,5,0,Reader_3_5.csv
965,13,11,2,Reader_3_6.csv
965,2,2,0,Reader_3_7.csv
966,12,8,4,Reader_1_1.csv
966,1,0,1,Reader_1_10.csv
966,1,0,1,Reader_1_11.csv
966,0,0,0,Reader_1_12.csv
966,5,5,0,Reader_1_2.csv
966,10,8,2,Reader_1_3.csv
966,0,0,0,Reader_1_4.csv
966,0,0,0,Reader_1_5.csv
966,1,1,0,Reader_1_6.csv
966,0,0,0,Reader_1_7.csv
966,0,0,0,Reader_1_8.csv
966,0,0,0,Reader_1_9.csv
966,1,1,0,Reader_2_1.csv
966,1,1,0,Reader_2_10.csv
966,1,1,0,Reader_2_11.csv
966,0,0,0,Reader_2_12.csv
966,1,1,0,Reader_2_2.csv
966,1,1,0,Reader_2_3.csv
966,2,2,0,Reader_2_4.csv
966,1,1,0,Reader_2_5.csv
966,0,0,0,Reader_2_6.csv
966,0,0,0,Reader_2_7.csv
966,1,0,1,Reader_2_8.csv
966,0,0,0,Reader_2_9.csv
966,22,13,9,reader_3_1.csv
966,15,14,1,Reader_3_2.csv
966,18,15,3,Reader_3_3.csv
966,18,15,3,Reader_3_4.csv
966,7,6,1,Reader_3_5.csv
966,16,14,2,Reader_3_6.csv
966,3,3,0,Reader_3_7.csv
967,9,5,4,Reader_1_1.csv
967,1,0,1,Reader_1_10.csv
967,0,0,0,Reader_1_11.csv
967,0,0,0,Reader_1_12.csv
967,6,6,0,Reader_1_2.csv
967,10,9,1,Reader_1_3.csv
967,0,0,0,Reader_1_4.csv
967,1,0,1,Reader_1_5.csv
967,1,1,0,Reader_1_6.csv
967,0,0,0,Reader_1_7.csv
967,0,0,0,Reader_1_8.csv
967,0,0,0,Reader_1_9.csv
967,1,1,0,Reader_2_1.csv
967,1,1,0,Reader_2_10.csv
967,1,1,0,Reader_2_11.csv
967,0,0,0,Reader_2_12.csv
967,1,1,0,Reader_2_2.csv
967,1,1,0,Reader_2_3.csv
967,2,2,0,Reader_2_4.csv
967,1,1,0,Reader_2_5.csv
967,0,0,0,Reader_2_6.csv
967,0,0,0,Reader_2_7.csv
967,1,0,1,Reader_2_8.csv
967,0,0,0,Reader_2_9.csv
967,33,20,13,reader_3_1.csv
967,13,12,1,Reader_3_2.csv
967,21,17,4,Reader_3_3.csv
967,21,17,4,Reader_3_4.csv
967,6,5,1,Reader_3_5.csv
967,28,24,4,Reader_3_6.csv
967,3,3,0,Reader_3_7.csv
968,10,7,3,Reader_1_1.csv
968,1,0,1,Reader_1_10.csv
968,0,0,0,Reader_1_11.csv
968,0,0,0,Reader_1_12.csv
968,4,4,0,Reader_1_2.csv
968,10,9,1,Reader_1_3.csv
968,0,0,0,Reader_1_4.csv
968,1,0,1,Reader_1_5.csv
968,1,1,0,Reader_1_6.csv
968,0,0,0,Reader_1_7.csv
968,1,1,0,Reader_1_8.csv
968,0,0,0,Reader_1_9.csv
968,1,1,0,Reader_2_1.csv
968,1,1,0,Reader_2_10.csv
968,1,1,0,Reader_2_11.csv
968,0,0,0,Reader_2_12.csv
968,1,1,0,Reader_2_2.csv
968,1,1,0,Reader_2_3.csv
968,0,0,0,Reader_2_4.csv
968,1,1,0,Reader_2_5.csv
968,0,0,0,Reader_2_6.csv
968,0,0,0,Reader_2_7.csv
968,1,0,1,Reader_2_8.csv
968,0,0,0,Reader_2_9.csv
968,41,23,18,reader_3_1.csv
968,12,11,1,Reader_3_2.csv
968,23,20,3,Reader_3_3.csv
968,23,20,3,Reader_3_4.csv
968,8,7,1,Reader_3_5.csv
968,36,31,5,Reader_3_6.csv
968,2,2,0,Reader_3_7.csv
969,11,8,3,Reader_1_1.csv
969,1,0,1,Reader_1_10.csv
969,0,0,0,Reader_1_11.csv
969,0,0,0,Reader_1_12.csv
969,4,4,0,Reader_1_2.csv
969,9,8,1,Reader_1_3.csv
969,0,0,0,Reader_1_4.csv
969,1,0,1,Reader_1_5.csv
969,1,1,0,Reader_1_6.csv
969,0,0,0,Reader_1_7.csv
969,1,1,0,Reader_1_8.csv
969,0,0,0,Reader_1_9.csv
969,1,1,0,Reader_2_1.csv
969,1,1,0,Reader_2_10.csv
969,1,1,0,Reader_2_11.csv
969,0,0,0,Reader_2_12.csv
969,1,1,0,Reader_2_2.csv
969,1,1,0,Reader_2_3.csv
969,0,0,0,Reader_2_4.csv
969,0,0,0,Reader_2_5.csv
969,0,0,0,Reader_2_6.csv
969,0,0,0,Reader_2_7.csv
969,0,0,0,Reader_2_8.csv
969,0,0,0,Reader_2_9.csv
969,44,26,18,reader_3_1.csv
969,13,12,1,Reader_3_2.csv
969,22,19,3,Reader_3_3.csv
969,22,19,3,Reader_3_4.csv
969,7,6,1,Reader_3_5.csv
969,37,32,5,Reader_3_6.csv
969,2,2,0,Reader_3_7.csv
970,11,8,3,Reader_1_1.csv
970,1,0,1,Reader_1_10.csv
970,0,0,0,Reader_1_11.csv
970,0,0,0,Reader_1_12.csv
970,5,5,0,Reader_1_2.csv
970,7,7,0,Reader_1_3.csv
970,0,0,0,Reader_1_4.csv
970,2,1,1,Reader_1_5.csv
970,1,1,0,Reader_1_6.csv
970,0,0,0,Reader_1_7.csv
970,1,1,0,Reader_1_8.csv
970,0,0,0,Reader_1_9.csv
970,1,1,0,Reader_2_1.csv
970,1,1,0,Reader_2_10.csv
970,1,1,0,Reader_2_11.csv
970,1,1,0,Reader_2_12.csv
970,1,1,0,Reader_2_2.csv
970,1,1,0,Reader_2_3.csv
970,0,0,0,Reader_2_4.csv
970,1,1,0,Reader_2_5.csv
970,0,0,0,Reader_2_6.csv
970,0,0,0,Reader_2_7.csv
970,0,0,0,Reader_2_8.csv
970,0,0,0,Reader_2_9.csv
970,46,29,17,reader_3_1.csv
970,20,19,1,Reader_3_2.csv
970,23,20,3,Reader_3_3.csv
970,23,20,3,Reader_3_4.csv
970,7,6,1,Reader_3_5.csv
970,40,35,5,Reader_3_6.csv
970,2,2,0,Reader_3_7.csv
971,12,6,6,Reader_1_1.csv
971,1,0,1,Reader_1_10.csv
971,0,0,0,Reader_1_11.csv
971,0,0,0,Reader_1_12.csv
971,4,3,1,Reader_1_2.csv
971,7,7,0,Reader_1_3.csv
971,0,0,0,Reader_1_4.csv
971,2,1,1,Reader_1_5.csv
971,1,1,0,Reader_1_6.csv
971,0,0,0,Reader_1_7.csv
971,1,1,0,Reader_1_8.csv
971,0,0,0,Reader_1_9.csv
971,1,1,0,Reader_2_1.csv
971,1,1,0,Reader_2_10.csv
971,1,1,0,Reader_2_11.csv
971,1,1,0,Reader_2_12.csv
971,1,1,0,Reader_2_2.csv
971,1,1,0,Reader_2_3.csv
971,0,0,0,Reader_2_4.csv
971,1,1,0,Reader_2_5.csv
971,0,0,0,Reader_2_6.csv
971,0,0,0,Reader_2_7.csv
971,0,0,0,Reader_2_8.csv
971,0,0,0,Reader_2_9.csv
971,43,28,15,reader_3_1.csv
971,32,29,3,Reader_3_2.csv
971,20,16,4,Reader_3_3.csv
971,20,16,4,Reader_3_4.csv
971,6,5,1,Reader_3_5.csv
971,39,36,3,Reader_3_6.csv
971,3,3,0,Reader_3_7.csv
972,12,6,6,Reader_1_1.csv
972,1,0,1,Reader_1_10.csv
972,0,0,0,Reader_1_11.csv
972,1,1,0,Reader_1_12.csv
972,5,4,1,Reader_1_2.csv
972,6,6,0,Reader_1_3.csv
972,0,0,0,Reader_1_4.csv
972,2,1,1,Reader_1_5.csv
972,1,1,0,Reader_1_6.csv
972,0,0,0,Reader_1_7.csv
972,1,1,0,Reader_1_8.csv
972,0,0,0,Reader_1_9.csv
972,1,1,0,Reader_2_1.csv
972,1,1,0,Reader_2_10.csv
972,1,1,0,Reader_2_11.csv
972,1,1,0,Reader_2_12.csv
972,0,0,0,Reader_2_2.csv
972,1,1,0,Reader_2_3.csv
972,0,0,0,Reader_2_4.csv
972,2,2,0,Reader_2_5.csv
972,0,0,0,Reader_2_6.csv
972,0,0,0,Reader_2_7.csv
972,0,0,0,Reader_2_8.csv
972,0,0,0,Reader_2_9.csv
972,39,24,15,reader_3_1.csv
972,37,35,2,Reader_3_2.csv
972,19,15,4,Reader_3_3.csv
972,19,15,4,Reader_3_4.csv
972,7,6,1,Reader_3_5.csv
972,43,38,5,Reader_3_6.csv
972,2,2,0,Reader_3_7.csv
973,10,6,4,Reader_1_1.csv
973,0,0,0,Reader_1_10.csv
973,0,0,0,Reader_1_11.csv
973,1,1,0,Reader_1_12.csv
973,5,4,1,Reader_1_2.csv
973,3,3,0,Reader_1_3.csv
973,0,0,0,Reader_1_4.csv
973,3,2,1,Reader_1_5.csv
973,0,0,0,Reader_1_6.csv
973,1,0,1,Reader_1_7.csv
973,1,1,0,Reader_1_8.csv
973,0,0,0,Reader_1_9.csv
973,1,1,0,Reader_2_1.csv
973,1,1,0,Reader_2_10.csv
973,1,1,0,Reader_2_11.csv
973,1,1,0,Reader_2_12.csv
973,0,0,0,Reader_2_2.csv
973,0,0,0,Reader_2_3.csv
973,0,0,0,Reader_2_4.csv
973,2,2,0,Reader_2_5.csv
973,0,0,0,Reader_2_6.csv
973,1,1,0,Reader_2_7.csv
973,0,0,0,Reader_2_8.csv
973,0,0,0,Reader_2_9.csv
973,42,26,16,reader_3_1.csv
973,39,37,2,Reader_3_2.csv
973,15,12,3,Reader_3_3.csv
973,15,12,3,Reader_3_4.csv
973,7,6,1,Reader_3_5.csv
973,44,37,7,Reader_3_6.csv
973,2,2,0,Reader_3_7.csv
974,10,6,4,Reader_1_1.csv
974,0,0,0,Reader_1_10.csv
974,0,0,0,Reader_1_11.csv
974,1,1,0,Reader_1_12.csv
974,5,4,1,Reader_1_2.csv
974,2,2,0,Reader_1_3.csv
974,0,0,0,Reader_1_4.csv
974,4,2,2,Reader_1_5.csv
974,1,0,1,Reader_1_6.csv
974,2,0,2,Reader_1_7.csv
974,1,1,0,Reader_1_8.csv
974,0,0,0,Reader_1_9.csv
974,1,1,0,Reader_2_1.csv
974,0,0,0,Reader_2_10.csv
974,1,1,0,Reader_2_11.csv
974,1,1,0,Reader_2_12.csv
974,0,0,0,Reader_2_2.csv
974,0,0,0,Reader_2_3.csv
974,0,0,0,Reader_2_4.csv
974,2,2,0,Reader_2_5.csv
974,0,0,0,Reader_2_6.csv
974,1,1,0,Reader_2_7.csv
974,0,0,0,Reader_2_8.csv
974,0,0,0,Reader_2_9.csv
974,41,26,15,reader_3_1.csv
974,51,46,5,Reader_3_2.csv
974,12,10,2,Reader_3_3.csv
974,12,10,2,Reader_3_4.csv
974,5,5,0,Reader_3_5.csv
974,45,37,8,Reader_3_6.csv
974,1,1,0,Reader_3_7.csv
975,10,7,3,Reader_1_1.csv
975,0,0,0,Reader_1_10.csv
975,0,0,0,Reader_1_11.csv
975,1,1,0,Reader_1_12.csv
975,5,4,1,Reader_1_2.csv
975,1,1,0,Reader_1_3.csv
975,0,0,0,Reader_1_4.csv
975,3,2,1,Reader_1_5.csv
975,1,0,1,Reader_1_6.csv
975,2,0,2,Reader_1_7.csv
975,1,1,0,Reader_1_8.csv
975,0,0,0,Reader_1_9.csv
975,1,1,0,Reader_2_1.csv
975,0,0,0,Reader_2_10.csv
975,1,1,0,Reader_2_11.csv
975,2,2,0,Reader_2_12.csv
975,0,0,0,Reader_2_2.csv
975,0,0,0,Reader_2_3.csv
975,0,0,0,Reader_2_4.csv
975,2,2,0,Reader_2_5.csv
975,0,0,0,Reader_2_6.csv
975,2,2,0,Reader_2_7.csv
975,0,0,0,Reader_2_8.csv
975,0,0,0,Reader_2_9.csv
975,33,21,12,reader_3_1.csv
975,60,54,6,Reader_3_2.csv
975,11,10,1,Reader_3_3.csv
975,11,10,1,Reader_3_4.csv
975,7,6,1,Reader_3_5.csv
975,43,35,8,Reader_3_6.csv
975,2,2,0,Reader_3_7.csv
976,13,8,5,Reader_1_1.csv
976,0,0,0,Reader_1_10.csv
976,0,0,0,Reader_1_11.csv
976,1,1,0,Reader_1_12.csv
976,5,4,1,Reader_1_2.csv
976,3,2,1,Reader_1_3.csv
976,0,0,0,Reader_1_4.csv
976,3,2,1,Reader_1_5.csv
976,2,1,1,Reader_1_6.csv
976,2,0,2,Reader_1_7.csv
976,0,0,0,Reader_1_8.csv
976,0,0,0,Reader_1_9.csv
976,1,1,0,Reader_2_1.csv
976,0,0,0,Reader_2_10.csv
976,1,1,0,Reader_2_11.csv
976,3,3,0,Reader_2_12.csv
976,0,0,0,Reader_2_2.csv
976,1,0,1,Reader_2_3.csv
976,0,0,0,Reader_2_4.csv
976,2,2,0,Reader_2_5.csv
976,0,0,0,Reader_2_6.csv
976,2,2,0,Reader_2_7.csv
976,0,0,0,Reader_2_8.csv
976,0,0,0,Reader_2_9.csv
976,28,19,9,reader_3_1.csv
976,77,70,7,Reader_3_2.csv
976,10,9,1,Reader_3_3.csv
976,10,9,1,Reader_3_4.csv
976,4,3,1,Reader_3_5.csv
976,41,32,9,Reader_3_6.csv
976,2,2,0,Reader_3_7.csv
977,13,8,5,Reader_1_1.csv
977,0,0,0,Reader_1_10.csv
977,0,0,0,Reader_1_11.csv
977,1,1,0,Reader_1_12.csv
977,5,4,1,Reader_1_2.csv
977,4,3,1,Reader_1_3.csv
977,0,0,0,Reader_1_4.csv
977,5,3,2,Reader_1_5.csv
977,4,1,3,Reader_1_6.csv
977,3,1,2,Reader_1_7.csv
977,0,0,0,Reader_1_8.csv
977,0,0,0,Reader_1_9.csv
977,1,1,0,Reader_2_1.csv
977,0,0,0,Reader_2_10.csv
977,1,1,0,Reader_2_11.csv
977,3,3,0,Reader_2_12.csv
977,0,0,0,Reader_2_2.csv
977,1,0,1,Reader_2_3.csv
977,0,0,0,Reader_2_4.csv
977,2,2,0,Reader_2_5.csv
977,0,0,0,Reader_2_6.csv
977,2,2,0,Reader_2_7.csv
977,0,0,0,Reader_2_8.csv
977,0,0,0,Reader_2_9.csv
977,27,18,9,reader_3_1.csv
977,82,75,7,Reader_3_2.csv
977,12,11,1,Reader_3_3.csv
977,12,11,1,Reader_3_4.csv
977,4,3,1,Reader_3_5.csv
977,45,34,11,Reader_3_6.csv
977,3,3,0,Reader_3_7.csv
978,13,8,5,Reader_1_1.csv
978,0,0,0,Reader_1_10.csv
978,0,0,0,Reader_1_11.csv
978,1,1,0,Reader_1_12.csv
978,4,3,1,Reader_1_2.csv
978,4,3,1,Reader_1_3.csv
978,0,0,0,Reader_1_4.csv
978,4,2,2,Reader_1_5.csv
978,4,1,3,Reader_1_6.csv
978,3,1,2,Reader_1_7.csv
978,0,0,0,Reader_1_8.csv
978,0,0,0,Reader_1_9.csv
978,1,1,0,Reader_2_1.csv
978,0,0,0,Reader_2_10.csv
978,1,1,0,Reader_2_11.csv
978,2,2,0,Reader_2_12.csv
978,0,0,0,Reader_2_2.csv
978,2,1,1,Reader_2_3.csv
978,1,1,0,Reader_2_4.csv
978,1,1,0,Reader_2_5.csv
978,0,0,0,Reader_2_6.csv
978,2,2,0,Reader_2_7.csv
978,0,0,0,Reader_2_8.csv
978,0,0,0,Reader_2_9.csv
978,25,15,10,reader_3_1.csv
978,81,71,10,Reader_3_2.csv
978,12,11,1,Reader_3_3.csv
978,12,11,1,Reader_3_4.csv
978,3,2,1,Reader_3_5.csv
978,45,33,12,Reader_3_6.csv
978,3,3,0,Reader_3_7.csv
979,13,9,4,Reader_1_1.csv
979,0,0,0,Reader_1_10.csv
979,0,0,0,Reader_1_11.csv
979,1,1,0,Reader_1_12.csv
979,3,3,0,Reader_1_2.csv
979,4,3,1,Reader_1_3.csv
979,0,0,0,Reader_1_4.csv
979,6,3,3,Reader_1_5.csv
979,4,1,3,Reader_1_6.csv
979,4,1,3,Reader_1_7.csv
979,0,0,0,Reader_1_8.csv
979,0,0,0,Reader_1_9.csv
979,0,0,0,Reader_2_1.csv
979,0,0,0,Reader_2_10.csv
979,1,1,0,Reader_2_11.csv
979,2,2,0,Reader_2_12.csv
979,0,0,0,Reader_2_2.csv
979,2,1,1,Reader_2_3.csv
979,1,1,0,Reader_2_4.csv
979,1,1,0,Reader_2_5.csv
979,0,0,0,Reader_2_6.csv
979,2,2,0,Reader_2_7.csv
979,0,0,0,Reader_2_8.csv
979,0,0,0,Reader_2_9.csv
979,28,18,10,reader_3_1.csv
979,81,72,9,Reader_3_2.csv
979,10,10,0,Reader_3_3.csv
979,10,10,0,Reader_3_4.csv
979,4,3,1,Reader_3_5.csv
979,43,30,13,Reader_3_6.csv
979,3,3,0,Reader_3_7.csv
980,14,10,4,Reader_1_1.csv
980,0,0,0,Reader_1_10.csv
980,0,0,0,Reader_1_11.csv
980,0,0,0,Reader_1_12.csv
980,2,2,0,Reader_1_2.csv
980,4,3,1,Reader_1_3.csv
980,0,0,0,Reader_1_4.csv
980,8,3,5,Reader_1_5.csv
980,5,2,3,Reader_1_6.csv
980,7,4,3,Reader_1_7.csv
980,0,0,0,Reader_1_8.csv
980,0,0,0,Reader_1_9.csv
980,1,1,0,Reader_2_1.csv
980,0,0,0,Reader_2_10.csv
980,1,1,0,Reader_2_11.csv
980,2,2,0,Reader_2_12.csv
980,0,0,0,Reader_2_2.csv
980,2,1,1,Reader_2_3.csv
980,1,1,0,Reader_2_4.csv
980,0,0,0,Reader_2_5.csv
980,1,1,0,Reader_2_6.csv
980,2,2,0,Reader_2_7.csv
980,0,0,0,Reader_2_8.csv
980,0,0,0,Reader_2_9.csv
980,32,22,10,reader_3_1.csv
980,79,70,9,Reader_3_2.csv
980,11,11,0,Reader_3_3.csv
980,11,11,0,Reader_3_4.csv
980,4,3,1,Reader_3_5.csv
980,41,30,11,Reader_3_6.csv
980,3,3,0,Reader_3_7.csv
981,15,11,4,Reader_1_1.csv
981,0,0,0,Reader_1_10.csv
981,0,0,0,Reader_1_11.csv
981,1,1,0,Reader_1_12.csv
981,2,2,0,Reader_1_2.csv
981,4,3,1,Reader_1_3.csv
981,0,0,0,Reader_1_4.csv
981,7,2,5,Reader_1_5.csv
981,7,4,3,Reader_1_6.csv
981,8,5,3,Reader_1_7.csv
981,1,1,0,Reader_1_8.csv
981,0,0,0,Reader_1_9.csv
981,1,1,0,Reader_2_1.csv
981,0,0,0,Reader_2_10.csv
981,0,0,0,Reader_2_11.csv
981,2,2,0,Reader_2_12.csv
981,0,0,0,Reader_2_2.csv
981,2,1,1,Reader_2_3.csv
981,1,1,0,Reader_2_4.csv
981,0,0,0,Reader_2_5.csv
981,1,1,0,Reader_2_6.csv
981,1,1,0,Reader_2_7.csv
981,0,0,0,Reader_2_8.csv
981,0,0,0,Reader_2_9.csv
981,31,23,8,reader_3_1.csv
981,88,78,10,Reader_3_2.csv
981,11,11,0,Reader_3_3.csv
981,11,11,0,Reader_3_4.csv
981,4,3,1,Reader_3_5.csv
981,41,30,11,Reader_3_6.csv
981,3,3,0,Reader_3_7.csv
982,17,13,4,Reader_1_1.csv
982,0,0,0,Reader_1_10.csv
982,0,0,0,Reader_1_11.csv
982,1,1,0,Reader_1_12.csv
982,2,2,0,Reader_1_2.csv
982,4,3,1,Reader_1_3.csv
982,0,0,0,Reader_1_4.csv
982,6,2,4,Reader_1_5.csv
982,7,4,3,Reader_1_6.csv
982,7,5,2,Reader_1_7.csv
982,1,1,0,Reader_1_8.csv
982,0,0,0,Reader_1_9.csv
982,1,1,0,Reader_2_1.csv
982,0,0,0,Reader_2_10.csv
982,0,0,0,Reader_2_11.csv
982,2,2,0,Reader_2_12.csv
982,0,0,0,Reader_2_2.csv
982,2,1,1,Reader_2_3.csv
982,1,1,0,Reader_2_4.csv
982,0,0,0,Reader_2_5.csv
982,1,1,0,Reader_2_6.csv
982,1,1,0,Reader_2_7.csv
982,0,0,0,Reader_2_8.csv
982,0,0,0,Reader_2_9.csv
982,31,23,8,reader_3_1.csv
982,80,73,7,Reader_3_2.csv
982,9,9,0,Reader_3_3.csv
982,9,9,0,Reader_3_4.csv
982,6,5,1,Reader_3_5.csv
982,40,29,11,Reader_3_6.csv
982,3,3,0,Reader_3_7.csv
983,16,12,4,Reader_1_1.csv
983,0,0,0,Reader_1_10.csv
983,0,0,0,Reader_1_11.csv
983,1,1,0,Reader_1_12.csv
983,1,1,0,Reader_1_2.csv
983,4,3,1,Reader_1_3.csv
983,0,0,0,Reader_1_4.csv
983,7,3,4,Reader_1_5.csv
983,7,4,3,Reader_1_6.csv
983,8,5,3,Reader_1_7.csv
983,1,1,0,Reader_1_8.csv
983,0,0,0,Reader_1_9.csv
983,1,1,0,Reader_2_1.csv
983,0,0,0,Reader_2_10.csv
983,0,0,0,Reader_2_11.csv
983,1,1,0,Reader_2_12.csv
983,0,0,0,Reader_2_2.csv
983,2,1,1,Reader_2_3.csv
983,1,1,0,Reader_2_4.csv
983,0,0,0,Reader_2_5.csv
983,1,1,0,Reader_2_6.csv
983,0,0,0,Reader_2_7.csv
983,0,0,0,Reader_2_8.csv
983,0,0,0,Reader_2_9.csv
983,30,22,8,reader_3_1.csv
983,73,67,6,Reader_3_2.csv
983,8,8,0,Reader_3_3.csv
983,8,8,0,Reader_3_4.csv
983,4,4,0,Reader_3_5.csv
983,37,24,13,Reader_3_6.csv
983,2,2,0,Reader_3_7.csv
984,11,9,2,Reader_1_1.csv
984,0,0,0,Reader_1_10.csv
984,0,0,0,Reader_1_11.csv
984,1,1,0,Reader_1_12.csv
984,1,1,0,Reader_1_2.csv
984,2,2,0,Reader_1_3.csv
984,0,0,0,Reader_1_4.csv
984,8,4,4,Reader_1_5.csv
984,6,3,3,Reader_1_6.csv
984,9,6,3,Reader_1_7.csv
984,1,1,0,Reader_1_8.csv
984,0,0,0,Reader_1_9.csv
984,1,1,0,Reader_2_1.csv
984,0,0,0,Reader_2_10.csv
984,0,0,0,Reader_2_11.csv
984,1,0,1,Reader_2_12.csv
984,0,0,0,Reader_2_2.csv
984,1,1,0,Reader_2_3.csv
984,1,1,0,Reader_2_4.csv
984,0,0,0,Reader_2_5.csv
984,1,1,0,Reader_2_6.csv
984,0,0,0,Reader_2_7.csv
984,0,0,0,Reader_2_8.csv
984,0,0,0,Reader_2_9.csv
984,27,22,5,reader_3_1.csv
984,60,55,5,Reader_3_2.csv
984,5,5,0,Reader_3_3.csv
984,5,5,0,Reader_3_4.csv
984,5,5,0,Reader_3_5.csv
984,36,23,13,Reader_3_6.csv
984,2,2,0,Reader_3_7.csv
985,11,8,3,Reader_1_1.csv
985,0,0,0,Reader_1_10.csv
985,0,0,0,Reader_1_11.csv
985,1,1,0,Reader_1_12.csv
985,1,1,0,Reader_1_2.csv
985,1,1,0,Reader_1_3.csv
985,0,0,0,Reader_1_4.csv
985,7,4,3,Reader_1_5.csv
985,4,3,1,Reader_1_6.csv
985,9,6,3,Reader_1_7.csv
985,1,1,0,Reader_1_8.csv
985,0,0,0,Reader_1_9.csv
985,1,1,0,Reader_2_1.csv
985,0,0,0,Reader_2_10.csv
985,0,0,0,Reader_2_11.csv
985,1,0,1,Reader_2_12.csv
985,0,0,0,Reader_2_2.csv
985,1,1,0,Reader_2_3.csv
985,1,1,0,Reader_2_4.csv
985,0,0,0,Reader_2_5.csv
985,1,1,0,Reader_2_6.csv
985,0,0,0,Reader_2_7.csv
985,0,0,0,Reader_2_8.csv
985,0,0,0,Reader_2_9.csv
985,24,19,5,reader_3_1.csv
985,56,51,5,Reader_3_2.csv
985,3,3,0,Reader_3_3.csv
985,3,3,0,Reader_3_4.csv
985,5,5,0,Reader_3_5.csv
985,33,20,13,Reader_3_6.csv
985,1,1,0,Reader_3_7.csv
986,14,10,4,Reader_1_1.csv
986,0,0,0,Reader_1_10.csv
986,0,0,0,Reader_1_11.csv
986,1,1,0,Reader_1_12.csv
986,1,1,0,Reader_1_2.csv
986,0,0,0,Reader_1_3.csv
986,0,0,0,Reader_1_4.csv
986,8,5,3,Reader_1_5.csv
986,4,3,1,Reader_1_6.csv
986,11,7,4,Reader_1_7.csv
986,1,1,0,Reader_1_8.csv
986,0,0,0,Reader_1_9.csv
986,2,1,1,Reader_2_1.csv
986,0,0,0,Reader_2_10.csv
986,0,0,0,Reader_2_11.csv
986,1,0,1,Reader_2_12.csv
986,0,0,0,Reader_2_2.csv
986,0,0,0,Reader_2_3.csv
986,0,0,0,Reader_2_4.csv
986,1,1,0,Reader_2_5.csv
986,1,1,0,Reader_2_6.csv
986,0,0,0,Reader_2_7.csv
986,0,0,0,Reader_2_8.csv
986,0,0,0,Reader_2_9.csv
986,27,21,6,reader_3_1.csv
986,52,50,2,Reader_3_2.csv
986,4,3,1,Reader_3_3.csv
986,4,3,1,Reader_3_4.csv
986,5,5,0,Reader_3_5.csv
986,32,20,12,Reader_3_6.csv
986,1,1,0,Reader_3_7.csv
987,12,10,2,Reader_1_1.csv
987,0,0,0,Reader_1_10.csv
987,0,0,0,Reader_1_11.csv
987,1,1,0,Reader_1_12.csv
987,1,1,0,Reader_1_2.csv
987,0,0,0,Reader_1_3.csv
987,0,0,0,Reader_1_4.csv
987,8,5,3,Reader_1_5.csv
987,4,3,1,Reader_1_6.csv
987,10,7,3,Reader_1_7.csv
987,1,1,0,Reader_1_8.csv
987,0,0,0,Reader_1_9.csv
987,2,1,1,Reader_2_1.csv
987,0,0,0,Reader_2_10.csv
987,0,0,0,Reader_2_11.csv
987,1,0,1,Reader_2_12.csv
987,0,0,0,Reader_2_2.csv
987,0,0,0,Reader_2_3.csv
987,0,0,0,Reader_2_4.csv
987,1,1,0,Reader_2_5.csv
987,1,1,0,Reader_2_6.csv
987,0,0,0,Reader_2_7.csv
987,0,0,0,Reader_2_8.csv
987,0,0,0,Reader_2_9.csv
987,25,19,6,reader_3_1.csv
987,41,40,1,Reader_3_2.csv
987,6,5,1,Reader_3_3.csv
987,6,5,1,Reader_3_4.csv
987,4,4,0,Reader_3_5.csv
987,33,20,13,Reader_3_6.csv
987,0,0,0,Reader_3_7.csv
988,10,8,2,Reader_1_1.csv
988,0,0,0,Reader_1_10.csv
988,1,1,0,Reader_1_11.csv
988,1,1,0,Reader_1_12.csv
988,1,1,0,Reader_1_2.csv
988,0,0,0,Reader_1_3.csv
988,0,0,0,Reader_1_4.csv
988,7,6,1,Reader_1_5.csv
988,3,2,1,Reader_1_6.csv
988,9,5,4,Reader_1_7.csv
988,1,1,0,Reader_1_8.csv
988,0,0,0,Reader_1_9.csv
988,1,0,1,Reader_2_1.csv
988,0,0,0,Reader_2_10.csv
988,0,0,0,Reader_2_11.csv
988,2,1,1,Reader_2_12.csv
988,0,0,0,Reader_2_2.csv
988,0,0,0,Reader_2_3.csv
988,0,0,0,Reader_2_4.csv
988,1,1,0,Reader_2_5.csv
988,0,0,0,Reader_2_6.csv
988,0,0,0,Reader_2_7.csv
988,0,0,0,Reader_2_8.csv
988,0,0,0,Reader_2_9.csv
988,22,17,5,reader_3_1.csv
988,40,39,1,Reader_3_2.csv
988,6,4,2,Reader_3_3.csv
988,6,4,2,Reader_3_4.csv
988,3,3,0,Reader_3_5.csv
988,32,19,13,Reader_3_6.csv
988,0,0,0,Reader_3_7.csv
989,11,8,3,Reader_1_1.csv
989,1,1,0,Reader_1_10.csv
989,1,1,0,Reader_1_11.csv
989,1,1,0,Reader_1_12.csv
989,1,1,0,Reader_1_2.csv
989,0,0,0,Reader_1_3.csv
989,0,0,0,Reader_1_4.csv
989,8,7,1,Reader_1_5.csv
989,1,0,1,Reader_1_6.csv
989,7,4,3,Reader_1_7.csv
989,0,0,0,Reader_1_8.csv
989,0,0,0,Reader_1_9.csv
989,1,0,1,Reader_2_1.csv
989,0,0,0,Reader_2_10.csv
989,0,0,0,Reader_2_11.csv
989,2,1,1,Reader_2_12.csv
989,0,0,0,Reader_2_2.csv
989,0,0,0,Reader_2_3.csv
989,0,0,0,Reader_2_4.csv
989,2,2,0,Reader_2_5.csv
989,0,0,0,Reader_2_6.csv
989,0,0,0,Reader_2_7.csv
989,0,0,0,Reader_2_8.csv
989,0,0,0,Reader_2_9.csv
989,21,16,5,reader_3_1.csv
989,32,30,2,Reader_3_2.csv
989,6,4,2,Reader_3_3.csv
989,6,4,2,Reader_3_4.csv
989,3,3,0,Reader_3_5.csv
989,33,21,12,Reader_3_6.csv
989,0,0,0,Reader_3_7.csv
990,13,10,3,Reader_1_1.csv
990,2,1,1,Reader_1_10.csv
990,1,1,0,Reader_1_11.csv
990,1,1,0,Reader_1_12.csv
990,2,2,0,Reader_1_2.csv
990,0,0,0,Reader_1_3.csv
990,0,0,0,Reader_1_4.csv
990,8,7,1,Reader_1_5.csv
990,0,0,0,Reader_1_6.csv
990,7,4,3,Reader_1_7.csv
990,1,0,1,Reader_1_8.csv
990,0,0,0,Reader_1_9.csv
990,2,1,1,Reader_2_1.csv
990,0,0,0,Reader_2_10.csv
990,1,1,0,Reader_2_11.csv
990,2,1,1,Reader_2_12.csv
990,0,0,0,Reader_2_2.csv
990,0,0,0,Reader_2_3.csv
990,0,0,0,Reader_2_4.csv
990,2,2,0,Reader_2_5.csv
990,0,0,0,Reader_2_6.csv
990,0,0,0,Reader_2_7.csv
990,0,0,0,Reader_2_8.csv
990,0,0,0,Reader_2_9.csv
990,19,15,4,reader_3_1.csv
990,28,25,3,Reader_3_2.csv
990,7,4,3,Reader_3_3.csv
990,7,4,3,Reader_3_4.csv
990,2,2,0,Reader_3_5.csv
990,33,22,11,Reader_3_6.csv
990,0,0,0,Reader_3_7.csv
991,13,10,3,Reader_1_1.csv
991,2,1,1,Reader_1_10.csv
991,2,2,0,Reader_1_11.csv
991,2,2,0,Reader_1_12.csv
991,2,2,0,Reader_1_2.csv
991,0,0,0,Reader_1_3.csv
991,0,0,0,Reader_1_4.csv
991,7,6,1,Reader_1_5.csv
991,0,0,0,Reader_1_6.csv
991,7,4,3,Reader_1_7.csv
991,1,0,1,Reader_1_8.csv
991,0,0,0,Reader_1_9.csv
991,2,1,1,Reader_2_1.csv
991,0,0,0,Reader_2_10.csv
991,1,1,0,Reader_2_11.csv
991,3,2,1,Reader_2_12.csv
991,0,0,0,Reader_2_2.csv
991,0,0,0,Reader_2_3.csv
991,0,0,0,Reader_2_4.csv
991,2,2,0,Reader_2_5.csv
991,0,0,0,Reader_2_6.csv
991,0,0,0,Reader_2_7.csv
991,0,0,0,Reader_2_8.csv
991,0,0,0,Reader_2_9.csv
991,17,14,3,reader_3_1.csv
991,32,28,4,Reader_3_2.csv
991,9,6,3,Reader_3_3.csv
991,9,6,3,Reader_3_4.csv
991,2,2,0,Reader_3_5.csv
991,30,22,8,Reader_3_6.csv
991,0,0,0,Reader_3_7.csv
992,13,10,3,Reader_1_1.csv
992,2,1,1,Reader_1_10.csv
992,2,2,0,Reader_1_11.csv
992,2,2,0,Reader_1_12.csv
992,2,2,0,Reader_1_2.csv
992,1,0,1,Reader_1_3.csv
992,0,0,0,Reader_1_4.csv
992,6,5,1,Reader_1_5.csv
992,0,0,0,Reader_1_6.csv
992,6,3,3,Reader_1_7.csv
992,1,0,1,Reader_1_8.csv
992,0,0,0,Reader_1_9.csv
992,3,2,1,Reader_2_1.csv
992,0,0,0,Reader_2_10.csv
992,1,1,0,Reader_2_11.csv
992,2,2,0,Reader_2_12.csv
992,0,0,0,Reader_2_2.csv
992,0,0,0,Reader_2_3.csv
992,1,1,0,Reader_2_4.csv
992,2,2,0,Reader_2_5.csv
992,0,0,0,Reader_2_6.csv
992,0,0,0,Reader_2_7.csv
992,0,0,0,Reader_2_8.csv
992,0,0,0,Reader_2_9.csv
992,16,13,3,reader_3_1.csv
992,31,27,4,Reader_3_2.csv
992,11,8,3,Reader_3_3.csv
992,11,8,3,Reader_3_4.csv
992,2,2,0,Reader_3_5.csv
992,28,22,6,Reader_3_6.csv
992,0,0,0,Reader_3_7.csv
993,12,9,3,Reader_1_1.csv
993,2,1,1,Reader_1_10.csv
993,2,2,0,Reader_1_11.csv
993,2,2,0,Reader_1_12.csv
993,3,3,0,Reader_1_2.csv
993,1,0,1,Reader_1_3.csv
993,0,0,0,Reader_1_4.csv
993,5,4,1,Reader_1_5.csv
993,0,0,0,Reader_1_6.csv
993,5,2,3,Reader_1_7.csv
993,1,0,1,Reader_1_8.csv
993,0,0,0,Reader_1_9.csv
993,3,2,1,Reader_2_1.csv
993,0,0,0,Reader_2_10.csv
993,1,1,0,Reader_2_11.csv
993,2,2,0,Reader_2_12.csv
993,0,0,0,Reader_2_2.csv
993,1,1,0,Reader_2_3.csv
993,1,1,0,Reader_2_4.csv
993,2,2,0,Reader_2_5.csv
993,0,0,0,Reader_2_6.csv
993,0,0,0,Reader_2_7.csv
993,0,0,0,Reader_2_8.csv
993,0,0,0,Reader_2_9.csv
993,16,13,3,reader_3_1.csv
993,29,25,4,Reader_3_2.csv
993,12,9,3,Reader_3_3.csv
993,12,9,3,Reader_3_4.csv
993,2,2,0,Reader_3_5.csv
993,27,23,4,Reader_3_6.csv
993,0,0,0,Reader_3_7.csv
994,9,7,2,Reader_1_1.csv
994,2,1,1,Reader_1_10.csv
994,2,2,0,Reader_1_11.csv
994,2,2,0,Reader_1_12.csv
994,3,3,0,Reader_1_2.csv
994,1,0,1,Reader_1_3.csv
994,0,0,0,Reader_1_4.csv
994,7,6,1,Reader_1_5.csv
994,0,0,0,Reader_1_6.csv
994,4,2,2,Reader_1_7.csv
994,1,0,1,Reader_1_8.csv
994,0,0,0,Reader_1_9.csv
994,2,2,0,Reader_2_1.csv
994,0,0,0,Reader_2_10.csv
994,1,1,0,Reader_2_11.csv
994,2,2,0,Reader_2_12.csv
994,1,1,0,Reader_2_2.csv
994,1,1,0,Reader_2_3.csv
994,1,1,0,Reader_2_4.csv
994,1,1,0,Reader_2_5.csv
994,0,0,0,Reader_2_6.csv
994,0,0,0,Reader_2_7.csv
994,0,0,0,Reader_2_8.csv
994,0,0,0,Reader_2_9.csv
994,10,9,1,reader_3_1.csv
994,29,25,4,Reader_3_2.csv
994,12,10,2,Reader_3_3.csv
994,12,10,2,Reader_3_4.csv
994,2,2,0,Reader_3_5.csv
994,27,23,4,Reader_3_6.csv
994,0,0,0,Reader_3_7.csv
995,11,9,2,Reader_1_1.csv
995,3,2,1,Reader_1_10.csv
995,2,2,0,Reader_1_11.csv
995,2,2,0,Reader_1_12.csv
995,3,3,0,Reader_1_2.csv
995,1,0,1,Reader_1_3.csv
995,1,1,0,Reader_1_4.csv
995,6,6,0,Reader_1_5.csv
995,0,0,0,Reader_1_6.csv
995,5,3,2,Reader_1_7.csv
995,1,0,1,Reader_1_8.csv
995,0,0,0,Reader_1_9.csv
995,4,4,0,Reader_2_1.csv
995,0,0,0,Reader_2_10.csv
995,1,1,0,Reader_2_11.csv
995,2,2,0,Reader_2_12.csv
995,1,1,0,Reader_2_2.csv
995,1,1,0,Reader_2_3.csv
995,1,1,0,Reader_2_4.csv
995,1,1,0,Reader_2_5.csv
995,0,0,0,Reader_2_6.csv
995,0,0,0,Reader_2_7.csv
995,0,0,0,Reader_2_8.csv
995,0,0,0,Reader_2_9.csv
995,8,8,0,reader_3_1.csv
995,29,25,4,Reader_3_2.csv
995,14,12,2,Reader_3_3.csv
995,14,12,2,Reader_3_4.csv
995,2,2,0,Reader_3_5.csv
995,25,22,3,Reader_3_6.csv
995,1,1,0,Reader_3_7.csv
996,12,10,2,Reader_1_1.csv
996,3,2,1,Reader_1_10.csv
996,1,1,0,Reader_1_11.csv
996,2,2,0,Reader_1_12.csv
996,3,3,0,Reader_1_2.csv
996,1,0,1,Reader_1_3.csv
996,1,1,0,Reader_1_4.csv
996,5,5,0,Reader_1_5.csv
996,1,1,0,Reader_1_6.csv
996,3,2,1,Reader_1_7.csv
996,1,0,1,Reader_1_8.csv
996,0,0,0,Reader_1_9.csv
996,4,4,0,Reader_2_1.csv
996,0,0,0,Reader_2_10.csv
996,1,1,0,Reader_2_11.csv
996,1,1,0,Reader_2_12.csv
996,1,1,0,Reader_2_2.csv
996,3,2,1,Reader_2_3.csv
996,1,1,0,Reader_2_4.csv
996,1,1,0,Reader_2_5.csv
996,0,0,0,Reader_2_6.csv
996,0,0,0,Reader_2_7.csv
996,0,0,0,Reader_2_8.csv
996,0,0,0,Reader_2_9.csv
996,7,7,0,reader_3_1.csv
996,30,26,4,Reader_3_2.csv
996,14,13,1,Reader_3_3.csv
996,14,13,1,Reader_3_4.csv
996,4,4,0,Reader_3_5.csv
996,24,21,3,Reader_3_6.csv
996,2,2,0,Reader_3_7.csv
997,12,10,2,Reader_1_1.csv
997,2,1,1,Reader_1_10.csv
997,1,1,0,Reader_1_11.csv
997,1,1,0,Reader_1_12.csv
997,2,2,0,Reader_1_2.csv
997,1,0,1,Reader_1_3.csv
997,1,1,0,Reader_1_4.csv
997,4,4,0,Reader_1_5.csv
997,3,3,0,Reader_1_6.csv
997,3,2,1,Reader_1_7.csv
997,1,0,1,Reader_1_8.csv
997,0,0,0,Reader_1_9.csv
997,4,4,0,Reader_2_1.csv
997,0,0,0,Reader_2_10.csv
997,1,1,0,Reader_2_11.csv
997,2,1,1,Reader_2_12.csv
997,1,1,0,Reader_2_2.csv
997,3,2,1,Reader_2_3.csv
997,1,1,0,Reader_2_4.csv
997,0,0,0,Reader_2_5.csv
997,0,0,0,Reader_2_6.csv
997,0,0,0,Reader_2_7.csv
997,0,0,0,Reader_2_8.csv
997,0,0,0,Reader_2_9.csv
997,6,6,0,reader_3_1.csv
997,30,28,2,Reader_3_2.csv
997,14,13,1,Reader_3_3.csv
997,14,13,1,Reader_3_4.csv
997,4,4,0,Reader_3_5.csv
997,23,21,2,Reader_3_6.csv
997,3,3,0,Reader_3_7.csv
998,9,7,2,Reader_1_1.csv
998,1,1,0,Reader_1_10.csv
998,1,1,0,Reader_1_11.csv
998,1,1,0,Reader_1_12.csv
998,1,1,0,Reader_1_2.csv
998,1,0,1,Reader_1_3.csv
998,1,1,0,Reader_1_4.csv
998,4,4,0,Reader_1_5.csv
998,3,3,0,Reader_1_6.csv
998,3,2,1,Reader_1_7.csv
998,0,0,0,Reader_1_8.csv
998,0,0,0,Reader_1_9.csv
998,5,5,0,Reader_2_1.csv
998,0,0,0,Reader_2_10.csv
998,0,0,0,Reader_2_11.csv
998,2,1,1,Reader_2_12.csv
998,1,1,0,Reader_2_2.csv
998,3,2,1,Reader_2_3.csv
998,1,1,0,Reader_2_4.csv
998,0,0,0,Reader_2_5.csv
998,0,0,0,Reader_2_6.csv
998,0,0,0,Reader_2_7.csv
998,0,0,0,Reader_2_8.csv
998,0,0,0,Reader_2_9.csv
998,6,6,0,reader_3_1.csv
998,32,30,2,Reader_3_2.csv
998,13,13,0,Reader_3_3.csv
998,13,13,0,Reader_3_4.csv
998,3,3,0,Reader_3_5.csv
998,20,18,2,Reader_3_6.csv
998,4,4,0,Reader_3_7.csv
999,15,13,2,Reader_1_1.csv
999,1,1,0,Reader_1_10.csv
999,0,0,0,Reader_1_11.csv
999,0,0,0,Reader_1_12.csv
999,1,1,0,Reader_1_2.csv
999,1,0,1,Reader_1_3.csv
999,1,1,0,Reader_1_4.csv
999,4,4,0,Reader_1_5.csv
999,3,3,0,Reader_1_6.csv
999,2,2,0,Reader_1_7.csv
999,0,0,0,Reader_1_8.csv
999,0,0,0,Reader_1_9.csv
999,5,5,0,Reader_2_1.csv
999,0,0,0,Reader_2_10.csv
999,0,0,0,Reader_2_11.csv
999,1,0,1,Reader_2_12.csv
999,1,1,0,Reader_2_2.csv
999,3,2,1,Reader_2_3.csv
999,1,1,0,Reader_2_4.csv
999,0,0,0,Reader_2_5.csv
999,0,0,0,Reader_2_6.csv
999,0,0,0,Reader_2_7.csv
999,0,0,0,Reader_2_8.csv
999,0,0,0,Reader_2_9.csv
999,6,6,0,reader_3_1.csv
999,29,28,1,Reader_3_2.csv
999,12,12,0,Reader_3_3.csv
999,12,12,0,Reader_3_4.csv
999,4,4,0,Reader_3_5.csv
999,18,15,3,Reader_3_6.csv
999,4,4,0,Reader_3_7.csv
1000,18,15,3,Reader_1_1.csv
1000,1,1,0,Reader_1_10.csv
1000,0,0,0,Reader_1_11.csv
1000,0,0,0,Reader_1_12.csv
1000,2,1,1,Reader_1_2.csv
1000,0,0,0,Reader_1_3.csv
1000,1,1,0,Reader_1_4.csv
1000,5,5,0,Reader_1_5.csv
1000,3,3,0,Reader_1_6.csv
1000,2,2,0,Reader_1_7.csv
1000,0,0,0,Reader_1_8.csv
1000,0,0,0,Reader_1_9.csv
1000,5,5,0,Reader_2_1.csv
1000,0,0,0,Reader_2_10.csv
1000,0,0,0,Reader_2_11.csv
1000,1,0,1,Reader_2_12.csv
1000,2,2,0,Reader_2_2.csv
1000,3,2,1,Reader_2_3.csv
1000,0,0,0,Reader_2_4.csv
1000,0,0,0,Reader_2_5.csv
1000,0,0,0,Reader_2_6.csv
1000,0,0,0,Reader_2_7.csv
1000,0,0,0,Reader_2_8.csv
1000,0,0,0,Reader_2_9.csv
1000,6,6,0,reader_3_1.csv
1000,29,28,1,Reader_3_2.csv
1000,10,10,0,Reader_3_3.csv
1000,10,10,0,Reader_3_4.csv
1000,3,3,0,Reader_3_5.csv
1000,16,13,3,Reader_3_6.csv
1000,4,4,0,Reader_3_7.csv
1001,26,23,3,Reader_1_1.csv
1001,1,1,0,Reader_1_10.csv
1001,0,0,0,Reader_1_11.csv
1001,0,0,0,Reader_1_12.csv
1001,1,0,1,Reader_1_2.csv
1001,0,0,0,Reader_1_3.csv
1001,1,1,0,Reader_1_4.csv
1001,6,6,0,Reader_1_5.csv
1001,3,3,0,Reader_1_6.csv
1001,2,2,0,Reader_1_7.csv
1001,0,0,0,Reader_1_8.csv
1001,0,0,0,Reader_1_9.csv
1001,6,6,0,Reader_2_1.csv
1001,0,0,0,Reader_2_10.csv
1001,0,0,0,Reader_2_11.csv
1001,1,0,1,Reader_2_12.csv
1001,2,2,0,Reader_2_2.csv
1001,2,1,1,Reader_2_3.csv
1001,0,0,0,Reader_2_4.csv
1001,0,0,0,Reader_2_5.csv
1001,0,0,0,Reader_2_6.csv
1001,0,0,0,Reader_2_7.csv
1001,1,1,0,Reader_2_8.csv
1001,0,0,0,Reader_2_9.csv
1001,7,7,0,reader_3_1.csv
1001,30,29,1,Reader_3_2.csv
1001,10,10,0,Reader_3_3.csv
1001,10,10,0,Reader_3_4.csv
1001,3,3,0,Reader_3_5.csv
1001,16,13,3,Reader_3_6.csv
1001,5,5,0,Reader_3_7.csv
1002,27,23,4,Reader_1_1.csv
1002,2,2,0,Reader_1_10.csv
1002,0,0,0,Reader_1_11.csv
1002,2,2,0,Reader_1_12.csv
1002,1,0,1,Reader_1_2.csv
1002,0,0,0,Reader_1_3.csv
1002,1,1,0,Reader_1_4.csv
1002,3,3,0,Reader_1_5.csv
1002,3,3,0,Reader_1_6.csv
1002,2,1,1,Reader_1_7.csv
1002,0,0,0,Reader_1_8.csv
1002,0,0,0,Reader_1_9.csv
1002,6,6,0,Reader_2_1.csv
1002,0,0,0,Reader_2_10.csv
1002,0,0,0,Reader_2_11.csv
1002,1,0,1,Reader_2_12.csv
1002,1,1,0,Reader_2_2.csv
1002,3,2,1,Reader_2_3.csv
1002,0,0,0,Reader_2_4.csv
1002,0,0,0,Reader_2_5.csv
1002,0,0,0,Reader_2_6.csv
1002,0,0,0,Reader_2_7.csv
1002,1,1,0,Reader_2_8.csv
1002,0,0,0,Reader_2_9.csv
1002,9,9,0,reader_3_1.csv
1002,27,26,1,Reader_3_2.csv
1002,9,9,0,Reader_3_3.csv
1002,9,9,0,Reader_3_4.csv
1002,3,3,0,Reader_3_5.csv
1002,15,10,5,Reader_3_6.csv
1002,6,6,0,Reader_3_7.csv
1003,25,21,4,Reader_1_1.csv
1003,1,1,0,Reader_1_10.csv
1003,0,0,0,Reader_1_11.csv
1003,2,2,0,Reader_1_12.csv
1003,2,1,1,Reader_1_2.csv
1003,0,0,0,Reader_1_3.csv
1003,0,0,0,Reader_1_4.csv
1003,3,3,0,Reader_1_5.csv
1003,3,3,0,Reader_1_6.csv
1003,1,0,1,Reader_1_7.csv
1003,0,0,0,Reader_1_8.csv
1003,0,0,0,Reader_1_9.csv
1003,4,4,0,Reader_2_1.csv
1003,0,0,0,Reader_2_10.csv
1003,0,0,0,Reader_2_11.csv
1003,1,0,1,Reader_2_12.csv
1003,1,1,0,Reader_2_2.csv
1003,3,2,1,Reader_2_3.csv
1003,1,1,0,Reader_2_4.csv
1003,0,0,0,Reader_2_5.csv
1003,0,0,0,Reader_2_6.csv
1003,0,0,0,Reader_2_7.csv
1003,1,1,0,Reader_2_8.csv
1003,0,0,0,Reader_2_9.csv
1003,9,9,0,reader_3_1.csv
1003,25,24,1,Reader_3_2.csv
1003,6,6,0,Reader_3_3.csv
1003,6,6,0,Reader_3_4.csv
1003,3,3,0,Reader_3_5.csv
1003,17,13,4,Reader_3_6.csv
1003,5,5,0,Reader_3_7.csv
1004,26,22,4,Reader_1_1.csv
1004,1,1,0,Reader_1_10.csv
1004,0,0,0,Reader_1_11.csv
1004,2,2,0,Reader_1_12.csv
1004,2,1,1,Reader_1_2.csv
1004,0,0,0,Reader_1_3.csv
1004,0,0,0,Reader_1_4.csv
1004,3,3,0,Reader_1_5.csv
1004,2,2,0,Reader_1_6.csv
1004,2,1,1,Reader_1_7.csv
1004,0,0,0,Reader_1_8.csv
1004,0,0,0,Reader_1_9.csv
1004,5,4,1,Reader_2_1.csv
1004,0,0,0,Reader_2_10.csv
1004,0,0,0,Reader_2_11.csv
1004,1,0,1,Reader_2_12.csv
1004,1,1,0,Reader_2_2.csv
1004,1,1,0,Reader_2_3.csv
1004,1,1,0,Reader_2_4.csv
1004,0,0,0,Reader_2_5.csv
1004,0,0,0,Reader_2_6.csv
1004,0,0,0,Reader_2_7.csv
1004,1,1,0,Reader_2_8.csv
1004,0,0,0,Reader_2_9.csv
1004,8,8,0,reader_3_1.csv
1004,20,19,1,Reader_3_2.csv
1004,8,7,1,Reader_3_3.csv
1004,8,7,1,Reader_3_4.csv
1004,2,1,1,Reader_3_5.csv
1004,17,13,4,Reader_3_6.csv
1004,5,5,0,Reader_3_7.csv
1005,25,22,3,Reader_1_1.csv
1005,1,1,0,Reader_1_10.csv
1005,0,0,0,Reader_1_11.csv
1005,3,3,0,Reader_1_12.csv
1005,2,1,1,Reader_1_2.csv
1005,0,0,0,Reader_1_3.csv
1005,0,0,0,Reader_1_4.csv
1005,5,5,0,Reader_1_5.csv
1005,0,0,0,Reader_1_6.csv
1005,2,1,1,Reader_1_7.csv
1005,0,0,0,Reader_1_8.csv
1005,0,0,0,Reader_1_9.csv
1005,5,4,1,Reader_2_1.csv
1005,0,0,0,Reader_2_10.csv
1005,0,0,0,Reader_2_11.csv
1005,0,0,0,Reader_2_12.csv
1005,2,1,1,Reader_2_2.csv
1005,2,2,0,Reader_2_3.csv
1005,1,1,0,Reader_2_4.csv
1005,0,0,0,Reader_2_5.csv
1005,0,0,0,Reader_2_6.csv
1005,0,0,0,Reader_2_7.csv
1005,1,1,0,Reader_2_8.csv
1005,0,0,0,Reader_2_9.csv
1005,7,7,0,reader_3_1.csv
1005,17,15,2,Reader_3_2.csv
1005,8,7,1,Reader_3_3.csv
1005,8,7,1,Reader_3_4.csv
1005,3,2,1,Reader_3_5.csv
1005,14,10,4,Reader_3_6.csv
1005,4,4,0,Reader_3_7.csv
1006,32,28,4,Reader_1_1.csv
1006,1,1,0,Reader_1_10.csv
1006,0,0,0,Reader_1_11.csv
1006,3,3,0,Reader_1_12.csv
1006,2,1,1,Reader_1_2.csv
1006,0,0,0,Reader_1_3.csv
1006,0,0,0,Reader_1_4.csv
1006,5,5,0,Reader_1_5.csv
1006,0,0,0,Reader_1_6.csv
1006,3,2,1,Reader_1_7.csv
1006,0,0,0,Reader_1_8.csv
1006,0,0,0,Reader_1_9.csv
1006,3,2,1,Reader_2_1.csv
1006,0,0,0,Reader_2_10.csv
1006,0,0,0,Reader_2_11.csv
1006,0,0,0,Reader_2_12.csv
1006,2,1,1,Reader_2_2.csv
1006,2,2,0,Reader_2_3.csv
1006,1,1,0,Reader_2_4.csv
1006,1,1,0,Reader_2_5.csv
1006,0,0,0,Reader_2_6.csv
1006,0,0,0,Reader_2_7.csv
1006,1,1,0,Reader_2_8.csv
1006,0,0,0,Reader_2_9.csv
1006,6,6,0,reader_3_1.csv
1006,12,11,1,Reader_3_2.csv
1006,9,8,1,Reader_3_3.csv
1006,9,8,1,Reader_3_4.csv
1006,3,2,1,Reader_3_5.csv
1006,13,10,3,Reader_3_6.csv
1006,5,5,0,Reader_3_7.csv
1007,26,22,4,Reader_1_1.csv
1007,1,1,0,Reader_1_10.csv
1007,0,0,0,Reader_1_11.csv
1007,3,3,0,Reader_1_12.csv
1007,2,1,1,Reader_1_2.csv
1007,0,0,0,Reader_1_3.csv
1007,0,0,0,Reader_1_4.csv
1007,8,8,0,Reader_1_5.csv
1007,0,0,0,Reader_1_6.csv
1007,3,2,1,Reader_1_7.csv
1007,0,0,0,Reader_1_8.csv
1007,1,1,0,Reader_1_9.csv
1007,3,2,1,Reader_2_1.csv
1007,0,0,0,Reader_2_10.csv
1007,0,0,0,Reader_2_11.csv
1007,0,0,0,Reader_2_12.csv
1007,2,1,1,Reader_2_2.csv
1007,3,2,1,Reader_2_3.csv
1007,1,1,0,Reader_2_4.csv
1007,1,1,0,Reader_2_5.csv
1007,0,0,0,Reader_2_6.csv
1007,0,0,0,Reader_2_7.csv
1007,1,1,0,Reader_2_8.csv
1007,0,0,0,Reader_2_9.csv
1007,8,8,0,reader_3_1.csv
1007,9,7,2,Reader_3_2.csv
1007,9,8,1,Reader_3_3.csv
1007,9,8,1,Reader_3_4.csv
1007,2,1,1,Reader_3_5.csv
1007,15,10,5,Reader_3_6.csv
1007,5,5,0,Reader_3_7.csv
1008,26,22,4,Reader_1_1.csv
1008,1,1,0,Reader_1_10.csv
1008,0,0,0,Reader_1_11.csv
1008,3,3,0,Reader_1_12.csv
1008,1,1,0,Reader_1_2.csv
1008,0,0,0,Reader_1_3.csv
1008,0,0,0,Reader_1_4.csv
1008,7,7,0,Reader_1_5.csv
1008,0,0,0,Reader_1_6.csv
1008,3,2,1,Reader_1_7.csv
1008,0,0,0,Reader_1_8.csv
1008,2,2,0,Reader_1_9.csv
1008,3,1,2,Reader_2_1.csv
1008,0,0,0,Reader_2_10.csv
1008,0,0,0,Reader_2_11.csv
1008,0,0,0,Reader_2_12.csv
1008,1,0,1,Reader_2_2.csv
1008,4,2,2,Reader_2_3.csv
1008,1,1,0,Reader_2_4.csv
1008,1,1,0,Reader_2_5.csv
1008,0,0,0,Reader_2_6.csv
1008,0,0,0,Reader_2_7.csv
1008,1,1,0,Reader_2_8.csv
1008,0,0,0,Reader_2_9.csv
1008,9,9,0,reader_3_1.csv
1008,6,4,2,Reader_3_2.csv
1008,9,8,1,Reader_3_3.csv
1008,9,8,1,Reader_3_4.csv
1008,3,1,2,Reader_3_5.csv
1008,15,10,5,Reader_3_6.csv
1008,6,6,0,Reader_3_7.csv
1009,19,16,3,Reader_1_1.csv
1009,1,1,0,Reader_1_10.csv
1009,0,0,0,Reader_1_11.csv
1009,3,3,0,Reader_1_12.csv
1009,2,2,0,Reader_1_2.csv
1009,1,1,0,Reader_1_3.csv
1009,0,0,0,Reader_1_4.csv
1009,6,6,0,Reader_1_5.csv
1009,1,1,0,Reader_1_6.csv
1009,3,2,1,Reader_1_7.csv
1009,0,0,0,Reader_1_8.csv
1009,2,2,0,Reader_1_9.csv
1009,2,0,2,Reader_2_1.csv
1009,0,0,0,Reader_2_10.csv
1009,0,0,0,Reader_2_11.csv
1009,0,0,0,Reader_2_12.csv
1009,1,0,1,Reader_2_2.csv
1009,4,2,2,Reader_2_3.csv
1009,1,1,0,Reader_2_4.csv
1009,1,1,0,Reader_2_5.csv
1009,0,0,0,Reader_2_6.csv
1009,0,0,0,Reader_2_7.csv
1009,0,0,0,Reader_2_8.csv
1009,0,0,0,Reader_2_9.csv
1009,8,8,0,reader_3_1.csv
1009,7,5,2,Reader_3_2.csv
1009,10,9,1,Reader_3_3.csv
1009,10,9,1,Reader_3_4.csv
1009,3,1,2,Reader_3_5.csv
1009,14,9,5,Reader_3_6.csv
1009,6,6,0,Reader_3_7.csv
1010,25,22,3,Reader_1_1.csv
1010,0,0,0,Reader_1_10.csv
1010,0,0,0,Reader_1_11.csv
1010,1,1,0,Reader_1_12.csv
1010,2,2,0,Reader_1_2.csv
1010,1,1,0,Reader_1_3.csv
1010,1,1,0,Reader_1_4.csv
1010,6,6,0,Reader_1_5.csv
1010,1,1,0,Reader_1_6.csv
1010,2,2,0,Reader_1_7.csv
1010,0,0,0,Reader_1_8.csv
1010,2,2,0,Reader_1_9.csv
1010,4,2,2,Reader_2_1.csv
1010,0,0,0,Reader_2_10.csv
1010,0,0,0,Reader_2_11.csv
1010,0,0,0,Reader_2_12.csv
1010,1,0,1,Reader_2_2.csv
1010,4,1,3,Reader_2_3.csv
1010,1,1,0,Reader_2_4.csv
1010,1,1,0,Reader_2_5.csv
1010,0,0,0,Reader_2_6.csv
1010,0,0,0,Reader_2_7.csv
1010,0,0,0,Reader_2_8.csv
1010,0,0,0,Reader_2_9.csv
1010,8,7,1,reader_3_1.csv
1010,9,7,2,Reader_3_2.csv
1010,10,8,2,Reader_3_3.csv
1010,10,8,2,Reader_3_4.csv
1010,4,2,2,Reader_3_5.csv
1010,13,10,3,Reader_3_6.csv
1010,5,5,0,Reader_3_7.csv
1011,27,24,3,Reader_1_1.csv
1011,0,0,0,Reader_1_10.csv
1011,1,1,0,Reader_1_11.csv
1011,1,1,0,Reader_1_12.csv
1011,3,3,0,Reader_1_2.csv
1011,1,1,0,Reader_1_3.csv
1011,1,1,0,Reader_1_4.csv
1011,6,5,1,Reader_1_5.csv
1011,1,1,0,Reader_1_6.csv
1011,3,3,0,Reader_1_7.csv
1011,0,0,0,Reader_1_8.csv
1011,2,2,0,Reader_1_9.csv
1011,4,2,2,Reader_2_1.csv
1011,0,0,0,Reader_2_10.csv
1011,0,0,0,Reader_2_11.csv
1011,0,0,0,Reader_2_12.csv
1011,1,0,1,Reader_2_2.csv
1011,4,1,3,Reader_2_3.csv
1011,0,0,0,Reader_2_4.csv
1011,1,1,0,Reader_2_5.csv
1011,0,0,0,Reader_2_6.csv
1011,0,0,0,Reader_2_7.csv
1011,0,0,0,Reader_2_8.csv
1011,0,0,0,Reader_2_9.csv
1011,10,8,2,reader_3_1.csv
1011,9,7,2,Reader_3_2.csv
1011,13,11,2,Reader_3_3.csv
1011,13,11,2,Reader_3_4.csv
1011,4,2,2,Reader_3_5.csv
1011,12,9,3,Reader_3_6.csv
1011,6,6,0,Reader_3_7.csv
1012,30,26,4,Reader_1_1.csv
1012,0,0,0,Reader_1_10.csv
1012,1,1,0,Reader_1_11.csv
1012,3,3,0,Reader_1_12.csv
1012,3,3,0,Reader_1_2.csv
1012,1,1,0,Reader_1_3.csv
1012,1,1,0,Reader_1_4.csv
1012,6,5,1,Reader_1_5.csv
1012,1,1,0,Reader_1_6.csv
1012,2,2,0,Reader_1_7.csv
1012,0,0,0,Reader_1_8.csv
1012,2,2,0,Reader_1_9.csv
1012,3,2,1,Reader_2_1.csv
1012,1,1,0,Reader_2_10.csv
1012,0,0,0,Reader_2_11.csv
1012,1,1,0,Reader_2_12.csv
1012,1,0,1,Reader_2_2.csv
1012,4,1,3,Reader_2_3.csv
1012,0,0,0,Reader_2_4.csv
1012,1,1,0,Reader_2_5.csv
1012,0,0,0,Reader_2_6.csv
1012,0,0,0,Reader_2_7.csv
1012,0,0,0,Reader_2_8.csv
1012,0,0,0,Reader_2_9.csv
1012,10,8,2,reader_3_1.csv
1012,11,8,3,Reader_3_2.csv
1012,11,10,1,Reader_3_3.csv
1012,11,10,1,Reader_3_4.csv
1012,4,3,1,Reader_3_5.csv
1012,15,10,5,Reader_3_6.csv
1012,5,5,0,Reader_3_7.csv
1013,34,29,5,Reader_1_1.csv
1013,0,0,0,Reader_1_10.csv
1013,1,1,0,Reader_1_11.csv
1013,2,2,0,Reader_1_12.csv
1013,3,3,0,Reader_1_2.csv
1013,1,1,0,Reader_1_3.csv
1013,1,1,0,Reader_1_4.csv
1013,5,4,1,Reader_1_5.csv
1013,1,1,0,Reader_1_6.csv
1013,2,2,0,Reader_1_7.csv
1013,0,0,0,Reader_1_8.csv
1013,2,2,0,Reader_1_9.csv
1013,3,2,1,Reader_2_1.csv
1013,1,1,0,Reader_2_10.csv
1013,0,0,0,Reader_2_11.csv
1013,2,2,0,Reader_2_12.csv
1013,1,1,0,Reader_2_2.csv
1013,4,1,3,Reader_2_3.csv
1013,0,0,0,Reader_2_4.csv
1013,1,1,0,Reader_2_5.csv
1013,0,0,0,Reader_2_6.csv
1013,0,0,0,Reader_2_7.csv
1013,0,0,0,Reader_2_8.csv
1013,0,0,0,Reader_2_9.csv
1013,11,9,2,reader_3_1.csv
1013,14,12,2,Reader_3_2.csv
1013,11,10,1,Reader_3_3.csv
1013,11,10,1,Reader_3_4.csv
1013,4,3,1,Reader_3_5.csv
1013,14,9,5,Reader_3_6.csv
1013,5,5,0,Reader_3_7.csv
1014,27,23,4,Reader_1_1.csv
1014,0,0,0,Reader_1_10.csv
1014,1,1,0,Reader_1_11.csv
1014,2,2,0,Reader_1_12.csv
1014,3,3,0,Reader_1_2.csv
1014,1,1,0,Reader_1_3.csv
1014,1,1,0,Reader_1_4.csv
1014,7,6,1,Reader_1_5.csv
1014,1,1,0,Reader_1_6.csv
1014,1,1,0,Reader_1_7.csv
1014,0,0,0,Reader_1_8.csv
1014,2,2,0,Reader_1_9.csv
1014,4,2,2,Reader_2_1.csv
1014,1,1,0,Reader_2_10.csv
1014,0,0,0,Reader_2_11.csv
1014,3,2,1,Reader_2_12.csv
1014,1,1,0,Reader_2_2.csv
1014,4,1,3,Reader_2_3.csv
1014,0,0,0,Reader_2_4.csv
1014,0,0,0,Reader_2_5.csv
1014,0,0,0,Reader_2_6.csv
1014,0,0,0,Reader_2_7.csv
1014,0,0,0,Reader_2_8.csv
1014,0,0,0,Reader_2_9.csv
1014,12,10,2,reader_3_1.csv
1014,15,13,2,Reader_3_2.csv
1014,10,9,1,Reader_3_3.csv
1014,10,9,1,Reader_3_4.csv
1014,5,3,2,Reader_3_5.csv
1014,14,9,5,Reader_3_6.csv
1014,5,5,0,Reader_3_7.csv
1015,31,26,5,Reader_1_1.csv
1015,0,0,0,Reader_1_10.csv
1015,1,1,0,Reader_1_11.csv
1015,2,2,0,Reader_1_12.csv
1015,4,4,0,Reader_1_2.csv
1015,1,1,0,Reader_1_3.csv
1015,1,1,0,Reader_1_4.csv
1015,4,3,1,Reader_1_5.csv
1015,1,1,0,Reader_1_6.csv
1015,1,1,0,Reader_1_7.csv
1015,0,0,0,Reader_1_8.csv
1015,1,1,0,Reader_1_9.csv
1015,4,2,2,Reader_2_1.csv
1015,1,1,0,Reader_2_10.csv
1015,0,0,0,Reader_2_11.csv
1015,3,2,1,Reader_2_12.csv
1015,1,1,0,Reader_2_2.csv
1015,3,1,2,Reader_2_3.csv
1015,0,0,0,Reader_2_4.csv
1015,0,0,0,Reader_2_5.csv
1015,0,0,0,Reader_2_6.csv
1015,0,0,0,Reader_2_7.csv
1015,0,0,0,Reader_2_8.csv
1015,0,0,0,Reader_2_9.csv
1015,11,9,2,reader_3_1.csv
1015,17,16,1,Reader_3_2.csv
1015,8,7,1,Reader_3_3.csv
1015,8,7,1,Reader_3_4.csv
1015,5,3,2,Reader_3_5.csv
1015,14,11,3,Reader_3_6.csv
1015,7,7,0,Reader_3_7.csv
1016,28,24,4,Reader_1_1.csv
1016,0,0,0,Reader_1_10.csv
1016,1,1,0,Reader_1_11.csv
1016,2,2,0,Reader_1_12.csv
1016,5,4,1,Reader_1_2.csv
1016,1,1,0,Reader_1_3.csv
1016,1,1,0,Reader_1_4.csv
1016,4,3,1,Reader_1_5.csv
1016,2,2,0,Reader_1_6.csv
1016,2,2,0,Reader_1_7.csv
1016,0,0,0,Reader_1_8.csv
1016,0,0,0,Reader_1_9.csv
1016,3,2,1,Reader_2_1.csv
1016,1,1,0,Reader_2_10.csv
1016,0,0,0,Reader_2_11.csv
1016,3,2,1,Reader_2_12.csv
1016,1,1,0,Reader_2_2.csv
1016,2,1,1,Reader_2_3.csv
1016,0,0,0,Reader_2_4.csv
1016,0,0,0,Reader_2_5.csv
1016,0,0,0,Reader_2_6.csv
1016,0,0,0,Reader_2_7.csv
1016,0,0,0,Reader_2_8.csv
1016,0,0,0,Reader_2_9.csv
1016,10,8,2,reader_3_1.csv
1016,18,17,1,Reader_3_2.csv
1016,9,7,2,Reader_3_3.csv
1016,9,7,2,Reader_3_4.csv
1016,5,4,1,Reader_3_5.csv
1016,16,11,5,Reader_3_6.csv
1016,6,6,0,Reader_3_7.csv
1017,27,23,4,Reader_1_1.csv
1017,0,0,0,Reader_1_10.csv
1017,1,1,0,Reader_1_11.csv
1017,2,2,0,Reader_1_12.csv
1017,4,3,1,Reader_1_2.csv
1017,0,0,0,Reader_1_3.csv
1017,1,1,0,Reader_1_4.csv
1017,6,4,2,Reader_1_5.csv
1017,1,1,0,Reader_1_6.csv
1017,2,2,0,Reader_1_7.csv
1017,0,0,0,Reader_1_8.csv
1017,0,0,0,Reader_1_9.csv
1017,3,2,1,Reader_2_1.csv
1017,1,1,0,Reader_2_10.csv
1017,0,0,0,Reader_2_11.csv
1017,3,2,1,Reader_2_12.csv
1017,1,1,0,Reader_2_2.csv
1017,2,1,1,Reader_2_3.csv
1017,0,0,0,Reader_2_4.csv
1017,0,0,0,Reader_2_5.csv
1017,0,0,0,Reader_2_6.csv
1017,0,0,0,Reader_2_7.csv
1017,0,0,0,Reader_2_8.csv
1017,0,0,0,Reader_2_9.csv
1017,13,11,2,reader_3_1.csv
1017,19,18,1,Reader_3_2.csv
1017,7,5,2,Reader_3_3.csv
1017,7,5,2,Reader_3_4.csv
1017,6,5,1,Reader_3_5.csv
1017,23,13,10,Reader_3_6.csv
1017,5,5,0,Reader_3_7.csv
1018,23,19,4,Reader_1_1.csv
1018,0,0,0,Reader_1_10.csv
1018,1,1,0,Reader_1_11.csv
1018,2,2,0,Reader_1_12.csv
1018,5,4,1,Reader_1_2.csv
1018,0,0,0,Reader_1_3.csv
1018,3,2,1,Reader_1_4.csv
1018,6,4,2,Reader_1_5.csv
1018,1,1,0,Reader_1_6.csv
1018,2,2,0,Reader_1_7.csv
1018,0,0,0,Reader_1_8.csv
1018,0,0,0,Reader_1_9.csv
1018,1,0,1,Reader_2_1.csv
1018,1,1,0,Reader_2_10.csv
1018,0,0,0,Reader_2_11.csv
1018,3,2,1,Reader_2_12.csv
1018,1,1,0,Reader_2_2.csv
1018,1,1,0,Reader_2_3.csv
1018,0,0,0,Reader_2_4.csv
1018,0,0,0,Reader_2_5.csv
1018,0,0,0,Reader_2_6.csv
1018,0,0,0,Reader_2_7.csv
1018,0,0,0,Reader_2_8.csv
1018,0,0,0,Reader_2_9.csv
1018,14,13,1,reader_3_1.csv
1018,18,17,1,Reader_3_2.csv
1018,6,5,1,Reader_3_3.csv
1018,6,5,1,Reader_3_4.csv
1018,5,4,1,Reader_3_5.csv
1018,24,14,10,Reader_3_6.csv
1018,6,6,0,Reader_3_7.csv
1019,22,17,5,Reader_1_1.csv
1019,0,0,0,Reader_1_10.csv
1019,0,0,0,Reader_1_11.csv
1019,2,2,0,Reader_1_12.csv
1019,3,2,1,Reader_1_2.csv
1019,0,0,0,Reader_1_3.csv
1019,3,2,1,Reader_1_4.csv
1019,5,4,1,Reader_1_5.csv
1019,3,3,0,Reader_1_6.csv
1019,1,1,0,Reader_1_7.csv
1019,0,0,0,Reader_1_8.csv
1019,1,0,1,Reader_1_9.csv
1019,1,0,1,Reader_2_1.csv
1019,1,1,0,Reader_2_10.csv
1019,0,0,0,Reader_2_11.csv
1019,4,3,1,Reader_2_12.csv
1019,1,1,0,Reader_2_2.csv
1019,1,1,0,Reader_2_3.csv
1019,0,0,0,Reader_2_4.csv
1019,0,0,0,Reader_2_5.csv
1019,0,0,0,Reader_2_6.csv
1019,0,0,0,Reader_2_7.csv
1019,0,0,0,Reader_2_8.csv
1019,0,0,0,Reader_2_9.csv
1019,13,13,0,reader_3_1.csv
1019,17,16,1,Reader_3_2.csv
1019,2,1,1,Reader_3_3.csv
1019,2,1,1,Reader_3_4.csv
1019,6,5,1,Reader_3_5.csv
1019,25,13,12,Reader_3_6.csv
1019,5,5,0,Reader_3_7.csv
1020,18,13,5,Reader_1_1.csv
1020,0,0,0,Reader_1_10.csv
1020,1,1,0,Reader_1_11.csv
1020,1,1,0,Reader_1_12.csv
1020,3,2,1,Reader_1_2.csv
1020,1,1,0,Reader_1_3.csv
1020,4,3,1,Reader_1_4.csv
1020,5,4,1,Reader_1_5.csv
1020,3,3,0,Reader_1_6.csv
1020,1,1,0,Reader_1_7.csv
1020,0,0,0,Reader_1_8.csv
1020,1,0,1,Reader_1_9.csv
1020,1,0,1,Reader_2_1.csv
1020,0,0,0,Reader_2_10.csv
1020,0,0,0,Reader_2_11.csv
1020,3,2,1,Reader_2_12.csv
1020,1,1,0,Reader_2_2.csv
1020,1,1,0,Reader_2_3.csv
1020,0,0,0,Reader_2_4.csv
1020,1,0,1,Reader_2_5.csv
1020,0,0,0,Reader_2_6.csv
1020,1,1,0,Reader_2_7.csv
1020,0,0,0,Reader_2_8.csv
1020,0,0,0,Reader_2_9.csv
1020,20,20,0,reader_3_1.csv
1020,18,18,0,Reader_3_2.csv
1020,1,0,1,Reader_3_3.csv
1020,1,0,1,Reader_3_4.csv
1020,5,4,1,Reader_3_5.csv
1020,26,14,12,Reader_3_6.csv
1020,5,5,0,Reader_3_7.csv
1021,15,10,5,Reader_1_1.csv
1021,0,0,0,Reader_1_10.csv
1021,1,1,0,Reader_1_11.csv
1021,1,1,0,Reader_1_12.csv
1021,3,2,1,Reader_1_2.csv
1021,1,1,0,Reader_1_3.csv
1021,4,3,1,Reader_1_4.csv
1021,4,3,1,Reader_1_5.csv
1021,4,4,0,Reader_1_6.csv
1021,1,1,0,Reader_1_7.csv
1021,0,0,0,Reader_1_8.csv
1021,1,0,1,Reader_1_9.csv
1021,1,0,1,Reader_2_1.csv
1021,0,0,0,Reader_2_10.csv
1021,1,1,0,Reader_2_11.csv
1021,2,1,1,Reader_2_12.csv
1021,1,0,1,Reader_2_2.csv
1021,0,0,0,Reader_2_3.csv
1021,0,0,0,Reader_2_4.csv
1021,1,0,1,Reader_2_5.csv
1021,0,0,0,Reader_2_6.csv
1021,1,1,0,Reader_2_7.csv
1021,0,0,0,Reader_2_8.csv
1021,1,1,0,Reader_2_9.csv
1021,19,19,0,reader_3_1.csv
1021,13,13,0,Reader_3_2.csv
1021,1,0,1,Reader_3_3.csv
1021,1,0,1,Reader_3_4.csv
1021,4,3,1,Reader_3_5.csv
1021,31,18,13,Reader_3_6.csv
1021,6,6,0,Reader_3_7.csv
1022,16,11,5,Reader_1_1.csv
1022,0,0,0,Reader_1_10.csv
1022,1,1,0,Reader_1_11.csv
1022,1,1,0,Reader_1_12.csv
1022,3,2,1,Reader_1_2.csv
1022,2,2,0,Reader_1_3.csv
1022,4,3,1,Reader_1_4.csv
1022,2,1,1,Reader_1_5.csv
1022,6,6,0,Reader_1_6.csv
1022,1,1,0,Reader_1_7.csv
1022,0,0,0,Reader_1_8.csv
1022,1,0,1,Reader_1_9.csv
1022,0,0,0,Reader_2_1.csv
1022,0,0,0,Reader_2_10.csv
1022,1,1,0,Reader_2_11.csv
1022,2,2,0,Reader_2_12.csv
1022,1,0,1,Reader_2_2.csv
1022,1,0,1,Reader_2_3.csv
1022,1,1,0,Reader_2_4.csv
1022,1,0,1,Reader_2_5.csv
1022,0,0,0,Reader_2_6.csv
1022,1,1,0,Reader_2_7.csv
1022,0,0,0,Reader_2_8.csv
1022,1,1,0,Reader_2_9.csv
1022,24,24,0,reader_3_1.csv
1022,12,12,0,Reader_3_2.csv
1022,3,0,3,Reader_3_3.csv
1022,3,0,3,Reader_3_4.csv
1022,3,3,0,Reader_3_5.csv
1022,34,20,14,Reader_3_6.csv
1022,4,4,0,Reader_3_7.csv
1023,13,8,5,Reader_1_1.csv
1023,0,0,0,Reader_1_10.csv
1023,1,1,0,Reader_1_11.csv
1023,1,1,0,Reader_1_12.csv
1023,2,1,1,Reader_1_2.csv
1023,6,5,1,Reader_1_3.csv
1023,4,3,1,Reader_1_4.csv
1023,2,1,1,Reader_1_5.csv
1023,6,6,0,Reader_1_6.csv
1023,1,1,0,Reader_1_7.csv
1023,0,0,0,Reader_1_8.csv
1023,1,0,1,Reader_1_9.csv
1023,0,0,0,Reader_2_1.csv
1023,0,0,0,Reader_2_10.csv
1023,1,1,0,Reader_2_11.csv
1023,3,3,0,Reader_2_12.csv
1023,1,0,1,Reader_2_2.csv
1023,2,1,1,Reader_2_3.csv
1023,1,1,0,Reader_2_4.csv
1023,3,2,1,Reader_2_5.csv
1023,0,0,0,Reader_2_6.csv
1023,1,1,0,Reader_2_7.csv
1023,0,0,0,Reader_2_8.csv
1023,1,1,0,Reader_2_9.csv
1023,25,24,1,reader_3_1.csv
1023,12,12,0,Reader_3_2.csv
1023,3,0,3,Reader_3_3.csv
1023,3,0,3,Reader_3_4.csv
1023,5,5,0,Reader_3_5.csv
1023,42,25,17,Reader_3_6.csv
1023,4,4,0,Reader_3_7.csv
1024,16,10,6,Reader_1_1.csv
1024,0,0,0,Reader_1_10.csv
1024,1,1,0,Reader_1_11.csv
1024,1,1,0,Reader_1_12.csv
1024,2,2,0,Reader_1_2.csv
1024,8,6,2,Reader_1_3.csv
1024,4,3,1,Reader_1_4.csv
1024,2,1,1,Reader_1_5.csv
1024,5,5,0,Reader_1_6.csv
1024,0,0,0,Reader_1_7.csv
1024,0,0,0,Reader_1_8.csv
1024,1,0,1,Reader_1_9.csv
1024,0,0,0,Reader_2_1.csv
1024,0,0,0,Reader_2_10.csv
1024,1,1,0,Reader_2_11.csv
1024,3,3,0,Reader_2_12.csv
1024,1,0,1,Reader_2_2.csv
1024,2,1,1,Reader_2_3.csv
1024,1,1,0,Reader_2_4.csv
1024,3,2,1,Reader_2_5.csv
1024,0,0,0,Reader_2_6.csv
1024,1,1,0,Reader_2_7.csv
1024,0,0,0,Reader_2_8.csv
1024,1,1,0,Reader_2_9.csv
1024,27,26,1,reader_3_1.csv
1024,14,14,0,Reader_3_2.csv
1024,2,0,2,Reader_3_3.csv
1024,2,0,2,Reader_3_4.csv
1024,3,3,0,Reader_3_5.csv
1024,44,29,15,Reader_3_6.csv
1024,5,5,0,Reader_3_7.csv
1025,18,12,6,Reader_1_1.csv
1025,0,0,0,Reader_1_10.csv
1025,1,1,0,Reader_1_11.csv
1025,2,2,0,Reader_1_12.csv
1025,3,3,0,Reader_1_2.csv
1025,16,10,6,Reader_1_3.csv
1025,4,3,1,Reader_1_4.csv
1025,1,1,0,Reader_1_5.csv
1025,6,6,0,Reader_1_6.csv
1025,0,0,0,Reader_1_7.csv
1025,0,0,0,Reader_1_8.csv
1025,1,0,1,Reader_1_9.csv
1025,1,1,0,Reader_2_1.csv
1025,0,0,0,Reader_2_10.csv
1025,1,1,0,Reader_2_11.csv
1025,3,3,0,Reader_2_12.csv
1025,1,0,1,Reader_2_2.csv
1025,2,1,1,Reader_2_3.csv
1025,1,1,0,Reader_2_4.csv
1025,5,3,2,Reader_2_5.csv
1025,0,0,0,Reader_2_6.csv
1025,1,1,0,Reader_2_7.csv
1025,0,0,0,Reader_2_8.csv
1025,1,1,0,Reader_2_9.csv
1025,28,27,1,reader_3_1.csv
1025,11,11,0,Reader_3_2.csv
1025,4,2,2,Reader_3_3.csv
1025,4,2,2,Reader_3_4.csv
1025,3,3,0,Reader_3_5.csv
1025,38,28,10,Reader_3_6.csv
1025,5,5,0,Reader_3_7.csv
1026,18,12,6,Reader_1_1.csv
1026,0,0,0,Reader_1_10.csv
1026,1,1,0,Reader_1_11.csv
1026,2,2,0,Reader_1_12.csv
1026,3,3,0,Reader_1_2.csv
1026,21,13,8,Reader_1_3.csv
1026,2,2,0,Reader_1_4.csv
1026,1,1,0,Reader_1_5.csv
1026,6,6,0,Reader_1_6.csv
1026,0,0,0,Reader_1_7.csv
1026,0,0,0,Reader_1_8.csv
1026,1,0,1,Reader_1_9.csv
1026,1,1,0,Reader_2_1.csv
1026,0,0,0,Reader_2_10.csv
1026,1,1,0,Reader_2_11.csv
1026,3,3,0,Reader_2_12.csv
1026,1,0,1,Reader_2_2.csv
1026,2,1,1,Reader_2_3.csv
1026,1,1,0,Reader_2_4.csv
1026,5,3,2,Reader_2_5.csv
1026,0,0,0,Reader_2_6.csv
1026,1,1,0,Reader_2_7.csv
1026,0,0,0,Reader_2_8.csv
1026,1,1,0,Reader_2_9.csv
1026,31,30,1,reader_3_1.csv
1026,11,11,0,Reader_3_2.csv
1026,4,2,2,Reader_3_3.csv
1026,4,2,2,Reader_3_4.csv
1026,3,3,0,Reader_3_5.csv
1026,41,30,11,Reader_3_6.csv
1026,5,5,0,Reader_3_7.csv
1027,18,12,6,Reader_1_1.csv
1027,0,0,0,Reader_1_10.csv
1027,1,1,0,Reader_1_11.csv
1027,2,2,0,Reader_1_12.csv
1027,5,5,0,Reader_1_2.csv
1027,27,18,9,Reader_1_3.csv
1027,2,2,0,Reader_1_4.csv
1027,2,2,0,Reader_1_5.csv
1027,4,4,0,Reader_1_6.csv
1027,0,0,0,Reader_1_7.csv
1027,0,0,0,Reader_1_8.csv
1027,0,0,0,Reader_1_9.csv
1027,1,1,0,Reader_2_1.csv
1027,0,0,0,Reader_2_10.csv
1027,1,1,0,Reader_2_11.csv
1027,2,2,0,Reader_2_12.csv
1027,1,0,1,Reader_2_2.csv
1027,2,1,1,Reader_2_3.csv
1027,1,1,0,Reader_2_4.csv
1027,5,3,2,Reader_2_5.csv
1027,0,0,0,Reader_2_6.csv
1027,1,1,0,Reader_2_7.csv
1027,0,0,0,Reader_2_8.csv
1027,2,2,0,Reader_2_9.csv
1027,34,33,1,reader_3_1.csv
1027,11,11,0,Reader_3_2.csv
1027,6,3,3,Reader_3_3.csv
1027,6,3,3,Reader_3_4.csv
1027,2,2,0,Reader_3_5.csv
1027,38,29,9,Reader_3_6.csv
1027,7,7,0,Reader_3_7.csv
1028,20,14,6,Reader_1_1.csv
1028,0,0,0,Reader_1_10.csv
1028,0,0,0,Reader_1_11.csv
1028,1,1,0,Reader_1_12.csv
1028,5,5,0,Reader_1_2.csv
1028,28,19,9,Reader_1_3.csv
1028,1,1,0,Reader_1_4.csv
1028,3,3,0,Reader_1_5.csv
1028,6,4,2,Reader_1_6.csv
1028,0,0,0,Reader_1_7.csv
1028,0,0,0,Reader_1_8.csv
1028,0,0,0,Reader_1_9.csv
1028,1,1,0,Reader_2_1.csv
1028,0,0,0,Reader_2_10.csv
1028,1,1,0,Reader_2_11.csv
1028,2,2,0,Reader_2_12.csv
1028,1,0,1,Reader_2_2.csv
1028,2,1,1,Reader_2_3.csv
1028,1,1,0,Reader_2_4.csv
1028,4,3,1,Reader_2_5.csv
1028,0,0,0,Reader_2_6.csv
1028,0,0,0,Reader_2_7.csv
1028,0,0,0,Reader_2_8.csv
1028,2,2,0,Reader_2_9.csv
1028,29,27,2,reader_3_1.csv
1028,9,9,0,Reader_3_2.csv
1028,8,4,4,Reader_3_3.csv
1028,8,4,4,Reader_3_4.csv
1028,2,2,0,Reader_3_5.csv
1028,35,28,7,Reader_3_6.csv
1028,7,7,0,Reader_3_7.csv
1029,21,14,7,Reader_1_1.csv
1029,0,0,0,Reader_1_10.csv
1029,0,0,0,Reader_1_11.csv
1029,1,1,0,Reader_1_12.csv
1029,5,5,0,Reader_1_2.csv
1029,31,19,12,Reader_1_3.csv
1029,1,1,0,Reader_1_4.csv
1029,4,4,0,Reader_1_5.csv
1029,5,3,2,Reader_1_6.csv
1029,0,0,0,Reader_1_7.csv
1029,0,0,0,Reader_1_8.csv
1029,0,0,0,Reader_1_9.csv
1029,1,1,0,Reader_2_1.csv
1029,0,0,0,Reader_2_10.csv
1029,0,0,0,Reader_2_11.csv
1029,2,2,0,Reader_2_12.csv
1029,0,0,0,Reader_2_2.csv
1029,2,1,1,Reader_2_3.csv
1029,1,1,0,Reader_2_4.csv
1029,4,3,1,Reader_2_5.csv
1029,0,0,0,Reader_2_6.csv
1029,0,0,0,Reader_2_7.csv
1029,0,0,0,Reader_2_8.csv
1029,1,1,0,Reader_2_9.csv
1029,34,31,3,reader_3_1.csv
1029,10,10,0,Reader_3_2.csv
1029,9,5,4,Reader_3_3.csv
1029,9,5,4,Reader_3_4.csv
1029,2,2,0,Reader_3_5.csv
1029,34,27,7,Reader_3_6.csv
1029,8,8,0,Reader_3_7.csv
1030,20,13,7,Reader_1_1.csv
1030,0,0,0,Reader_1_10.csv
1030,0,0,0,Reader_1_11.csv
1030,1,1,0,Reader_1_12.csv
1030,5,5,0,Reader_1_2.csv
1030,33,19,14,Reader_1_3.csv
1030,1,1,0,Reader_1_4.csv
1030,4,4,0,Reader_1_5.csv
1030,3,1,2,Reader_1_6.csv
1030,0,0,0,Reader_1_7.csv
1030,0,0,0,Reader_1_8.csv
1030,0,0,0,Reader_1_9.csv
1030,3,3,0,Reader_2_1.csv
1030,0,0,0,Reader_2_10.csv
1030,0,0,0,Reader_2_11.csv
1030,1,1,0,Reader_2_12.csv
1030,0,0,0,Reader_2_2.csv
1030,1,1,0,Reader_2_3.csv
1030,0,0,0,Reader_2_4.csv
1030,4,3,1,Reader_2_5.csv
1030,0,0,0,Reader_2_6.csv
1030,0,0,0,Reader_2_7.csv
1030,0,0,0,Reader_2_8.csv
1030,1,1,0,Reader_2_9.csv
1030,31,28,3,reader_3_1.csv
1030,10,10,0,Reader_3_2.csv
1030,7,5,2,Reader_3_3.csv
1030,7,5,2,Reader_3_4.csv
1030,2,2,0,Reader_3_5.csv
1030,33,25,8,Reader_3_6.csv
1030,9,9,0,Reader_3_7.csv
1031,19,12,7,Reader_1_1.csv
1031,1,1,0,Reader_1_10.csv
1031,0,0,0,Reader_1_11.csv
1031,2,2,0,Reader_1_12.csv
1031,5,5,0,Reader_1_2.csv
1031,31,18,13,Reader_1_3.csv
1031,1,1,0,Reader_1_4.csv
1031,5,5,0,Reader_1_5.csv
1031,5,3,2,Reader_1_6.csv
1031,0,0,0,Reader_1_7.csv
1031,0,0,0,Reader_1_8.csv
1031,1,1,0,Reader_1_9.csv
1031,6,6,0,Reader_2_1.csv
1031,0,0,0,Reader_2_10.csv
1031,0,0,0,Reader_2_11.csv
1031,0,0,0,Reader_2_12.csv
1031,1,0,1,Reader_2_2.csv
1031,0,0,0,Reader_2_3.csv
1031,0,0,0,Reader_2_4.csv
1031,2,1,1,Reader_2_5.csv
1031,0,0,0,Reader_2_6.csv
1031,0,0,0,Reader_2_7.csv
1031,0,0,0,Reader_2_8.csv
1031,1,1,0,Reader_2_9.csv
1031,32,30,2,reader_3_1.csv
1031,7,7,0,Reader_3_2.csv
1031,8,6,2,Reader_3_3.csv
1031,8,6,2,Reader_3_4.csv
1031,1,1,0,Reader_3_5.csv
1031,25,20,5,Reader_3_6.csv
1031,7,7,0,Reader_3_7.csv
1032,16,10,6,Reader_1_1.csv
1032,1,1,0,Reader_1_10.csv
1032,0,0,0,Reader_1_11.csv
1032,2,2,0,Reader_1_12.csv
1032,4,4,0,Reader_1_2.csv
1032,30,18,12,Reader_1_3.csv
1032,1,1,0,Reader_1_4.csv
1032,6,6,0,Reader_1_5.csv
1032,6,4,2,Reader_1_6.csv
1032,1,1,0,Reader_1_7.csv
1032,0,0,0,Reader_1_8.csv
1032,1,1,0,Reader_1_9.csv
1032,7,7,0,Reader_2_1.csv
1032,0,0,0,Reader_2_10.csv
1032,0,0,0,Reader_2_11.csv
1032,0,0,0,Reader_2_12.csv
1032,1,0,1,Reader_2_2.csv
1032,0,0,0,Reader_2_3.csv
1032,0,0,0,Reader_2_4.csv
1032,2,1,1,Reader_2_5.csv
1032,0,0,0,Reader_2_6.csv
1032,0,0,0,Reader_2_7.csv
1032,0,0,0,Reader_2_8.csv
1032,1,1,0,Reader_2_9.csv
1032,35,33,2,reader_3_1.csv
1032,5,4,1,Reader_3_2.csv
1032,9,6,3,Reader_3_3.csv
1032,9,6,3,Reader_3_4.csv
1032,1,1,0,Reader_3_5.csv
1032,25,20,5,Reader_3_6.csv
1032,6,6,0,Reader_3_7.csv
1033,15,9,6,Reader_1_1.csv
1033,1,1,0,Reader_1_10.csv
1033,0,0,0,Reader_1_11.csv
1033,1,1,0,Reader_1_12.csv
1033,3,3,0,Reader_1_2.csv
1033,24,15,9,Reader_1_3.csv
1033,1,1,0,Reader_1_4.csv
1033,6,6,0,Reader_1_5.csv
1033,5,3,2,Reader_1_6.csv
1033,1,1,0,Reader_1_7.csv
1033,0,0,0,Reader_1_8.csv
1033,1,1,0,Reader_1_9.csv
1033,7,7,0,Reader_2_1.csv
1033,0,0,0,Reader_2_10.csv
1033,0,0,0,Reader_2_11.csv
1033,0,0,0,Reader_2_12.csv
1033,1,0,1,Reader_2_2.csv
1033,0,0,0,Reader_2_3.csv
1033,0,0,0,Reader_2_4.csv
1033,1,1,0,Reader_2_5.csv
1033,0,0,0,Reader_2_6.csv
1033,0,0,0,Reader_2_7.csv
1033,0,0,0,Reader_2_8.csv
1033,1,1,0,Reader_2_9.csv
1033,34,32,2,reader_3_1.csv
1033,5,4,1,Reader_3_2.csv
1033,8,5,3,Reader_3_3.csv
1033,8,5,3,Reader_3_4.csv
1033,2,1,1,Reader_3_5.csv
1033,27,19,8,Reader_3_6.csv
1033,6,6,0,Reader_3_7.csv
1034,13,8,5,Reader_1_1.csv
1034,1,1,0,Reader_1_10.csv
1034,0,0,0,Reader_1_11.csv
1034,1,1,0,Reader_1_12.csv
1034,2,2,0,Reader_1_2.csv
1034,21,13,8,Reader_1_3.csv
1034,0,0,0,Reader_1_4.csv
1034,7,7,0,Reader_1_5.csv
1034,6,3,3,Reader_1_6.csv
1034,1,1,0,Reader_1_7.csv
1034,0,0,0,Reader_1_8.csv
1034,1,1,0,Reader_1_9.csv
1034,8,7,1,Reader_2_1.csv
1034,0,0,0,Reader_2_10.csv
1034,0,0,0,Reader_2_11.csv
1034,0,0,0,Reader_2_12.csv
1034,1,0,1,Reader_2_2.csv
1034,0,0,0,Reader_2_3.csv
1034,0,0,0,Reader_2_4.csv
1034,2,1,1,Reader_2_5.csv
1034,1,0,1,Reader_2_6.csv
1034,0,0,0,Reader_2_7.csv
1034,0,0,0,Reader_2_8.csv
1034,1,1,0,Reader_2_9.csv
1034,33,31,2,reader_3_1.csv
1034,6,4,2,Reader_3_2.csv
1034,8,5,3,Reader_3_3.csv
1034,8,5,3,Reader_3_4.csv
1034,2,1,1,Reader_3_5.csv
1034,25,17,8,Reader_3_6.csv
1034,6,6,0,Reader_3_7.csv
1035,14,9,5,Reader_1_1.csv
1035,1,1,0,Reader_1_10.csv
1035,0,0,0,Reader_1_11.csv
1035,1,1,0,Reader_1_12.csv
1035,1,1,0,Reader_1_2.csv
1035,16,8,8,Reader_1_3.csv
1035,0,0,0,Reader_1_4.csv
1035,9,9,0,Reader_1_5.csv
1035,6,3,3,Reader_1_6.csv
1035,1,1,0,Reader_1_7.csv
1035,0,0,0,Reader_1_8.csv
1035,1,1,0,Reader_1_9.csv
1035,8,7,1,Reader_2_1.csv
1035,0,0,0,Reader_2_10.csv
1035,0,0,0,Reader_2_11.csv
1035,0,0,0,Reader_2_12.csv
1035,1,0,1,Reader_2_2.csv
1035,0,0,0,Reader_2_3.csv
1035,0,0,0,Reader_2_4.csv
1035,2,1,1,Reader_2_5.csv
1035,1,0,1,Reader_2_6.csv
1035,0,0,0,Reader_2_7.csv
1035,0,0,0,Reader_2_8.csv
1035,0,0,0,Reader_2_9.csv
1035,29,27,2,reader_3_1.csv
1035,7,5,2,Reader_3_2.csv
1035,8,5,3,Reader_3_3.csv
1035,8,5,3,Reader_3_4.csv
1035,2,1,1,Reader_3_5.csv
1035,29,19,10,Reader_3_6.csv
1035,5,5,0,Reader_3_7.csv
1036,12,8,4,Reader_1_1.csv
1036,1,1,0,Reader_1_10.csv
1036,0,0,0,Reader_1_11.csv
1036,1,1,0,Reader_1_12.csv
1036,1,1,0,Reader_1_2.csv
1036,15,6,9,Reader_1_3.csv
1036,0,0,0,Reader_1_4.csv
1036,9,9,0,Reader_1_5.csv
1036,6,4,2,Reader_1_6.csv
1036,1,1,0,Reader_1_7.csv
1036,0,0,0,Reader_1_8.csv
1036,1,1,0,Reader_1_9.csv
1036,8,7,1,Reader_2_1.csv
1036,0,0,0,Reader_2_10.csv
1036,0,0,0,Reader_2_11.csv
1036,0,0,0,Reader_2_12.csv
1036,1,0,1,Reader_2_2.csv
1036,1,0,1,Reader_2_3.csv
1036,0,0,0,Reader_2_4.csv
1036,2,1,1,Reader_2_5.csv
1036,1,0,1,Reader_2_6.csv
1036,0,0,0,Reader_2_7.csv
1036,0,0,0,Reader_2_8.csv
1036,0,0,0,Reader_2_9.csv
1036,31,30,1,reader_3_1.csv
1036,9,7,2,Reader_3_2.csv
1036,7,5,2,Reader_3_3.csv
1036,7,5,2,Reader_3_4.csv
1036,3,2,1,Reader_3_5.csv
1036,27,17,10,Reader_3_6.csv
1036,5,5,0,Reader_3_7.csv
1037,11,9,2,Reader_1_1.csv
1037,1,1,0,Reader_1_10.csv
1037,1,0,1,Reader_1_11.csv
1037,1,1,0,Reader_1_12.csv
1037,1,1,0,Reader_1_2.csv
1037,13,7,6,Reader_1_3.csv
1037,0,0,0,Reader_1_4.csv
1037,8,8,0,Reader_1_5.csv
1037,6,4,2,Reader_1_6.csv
1037,1,1,0,Reader_1_7.csv
1037,0,0,0,Reader_1_8.csv
1037,1,1,0,Reader_1_9.csv
1037,8,7,1,Reader_2_1.csv
1037,0,0,0,Reader_2_10.csv
1037,0,0,0,Reader_2_11.csv
1037,0,0,0,Reader_2_12.csv
1037,1,0,1,Reader_2_2.csv
1037,1,0,1,Reader_2_3.csv
1037,0,0,0,Reader_2_4.csv
1037,2,1,1,Reader_2_5.csv
1037,1,0,1,Reader_2_6.csv
1037,0,0,0,Reader_2_7.csv
1037,0,0,0,Reader_2_8.csv
1037,0,0,0,Reader_2_9.csv
1037,30,29,1,reader_3_1.csv
1037,10,8,2,Reader_3_2.csv
1037,6,4,2,Reader_3_3.csv
1037,6,4,2,Reader_3_4.csv
1037,3,2,1,Reader_3_5.csv
1037,25,14,11,Reader_3_6.csv
1037,3,3,0,Reader_3_7.csv
1038,11,9,2,Reader_1_1.csv
1038,1,1,0,Reader_1_10.csv
1038,3,2,1,Reader_1_11.csv
1038,1,1,0,Reader_1_12.csv
1038,2,2,0,Reader_1_2.csv
1038,11,7,4,Reader_1_3.csv
1038,0,0,0,Reader_1_4.csv
1038,9,9,0,Reader_1_5.csv
1038,9,6,3,Reader_1_6.csv
1038,2,2,0,Reader_1_7.csv
1038,0,0,0,Reader_1_8.csv
1038,1,1,0,Reader_1_9.csv
1038,6,5,1,Reader_2_1.csv
1038,0,0,0,Reader_2_10.csv
1038,0,0,0,Reader_2_11.csv
1038,0,0,0,Reader_2_12.csv
1038,1,0,1,Reader_2_2.csv
1038,1,0,1,Reader_2_3.csv
1038,0,0,0,Reader_2_4.csv
1038,2,1,1,Reader_2_5.csv
1038,1,0,1,Reader_2_6.csv
1038,0,0,0,Reader_2_7.csv
1038,0,0,0,Reader_2_8.csv
1038,1,1,0,Reader_2_9.csv
1038,30,28,2,reader_3_1.csv
1038,10,8,2,Reader_3_2.csv
1038,7,5,2,Reader_3_3.csv
1038,7,5,2,Reader_3_4.csv
1038,3,2,1,Reader_3_5.csv
1038,29,20,9,Reader_3_6.csv
1038,2,2,0,Reader_3_7.csv
1039,11,10,1,Reader_1_1.csv
1039,0,0,0,Reader_1_10.csv
1039,3,2,1,Reader_1_11.csv
1039,0,0,0,Reader_1_12.csv
1039,2,2,0,Reader_1_2.csv
1039,11,7,4,Reader_1_3.csv
1039,0,0,0,Reader_1_4.csv
1039,9,9,0,Reader_1_5.csv
1039,7,4,3,Reader_1_6.csv
1039,2,2,0,Reader_1_7.csv
1039,0,0,0,Reader_1_8.csv
1039,0,0,0,Reader_1_9.csv
1039,3,2,1,Reader_2_1.csv
1039,0,0,0,Reader_2_10.csv
1039,0,0,0,Reader_2_11.csv
1039,0,0,0,Reader_2_12.csv
1039,0,0,0,Reader_2_2.csv
1039,1,0,1,Reader_2_3.csv
1039,0,0,0,Reader_2_4.csv
1039,2,1,1,Reader_2_5.csv
1039,1,0,1,Reader_2_6.csv
1039,1,1,0,Reader_2_7.csv
1039,1,0,1,Reader_2_8.csv
1039,1,1,0,Reader_2_9.csv
1039,32,30,2,reader_3_1.csv
1039,18,12,6,Reader_3_2.csv
1039,8,6,2,Reader_3_3.csv
1039,8,6,2,Reader_3_4.csv
1039,2,1,1,Reader_3_5.csv
1039,31,22,9,Reader_3_6.csv
1039,4,3,1,Reader_3_7.csv
1040,12,11,1,Reader_1_1.csv
1040,0,0,0,Reader_1_10.csv
1040,3,2,1,Reader_1_11.csv
1040,0,0,0,Reader_1_12.csv
1040,3,3,0,Reader_1_2.csv
1040,12,7,5,Reader_1_3.csv
1040,0,0,0,Reader_1_4.csv
1040,8,8,0,Reader_1_5.csv
1040,7,3,4,Reader_1_6.csv
1040,1,1,0,Reader_1_7.csv
1040,0,0,0,Reader_1_8.csv
1040,0,0,0,Reader_1_9.csv
1040,2,1,1,Reader_2_1.csv
1040,0,0,0,Reader_2_10.csv
1040,0,0,0,Reader_2_11.csv
1040,0,0,0,Reader_2_12.csv
1040,0,0,0,Reader_2_2.csv
1040,1,0,1,Reader_2_3.csv
1040,0,0,0,Reader_2_4.csv
1040,2,1,1,Reader_2_5.csv
1040,1,0,1,Reader_2_6.csv
1040,1,1,0,Reader_2_7.csv
1040,1,0,1,Reader_2_8.csv
1040,1,1,0,Reader_2_9.csv
1040,32,29,3,reader_3_1.csv
1040,18,13,5,Reader_3_2.csv
1040,7,6,1,Reader_3_3.csv
1040,7,6,1,Reader_3_4.csv
1040,4,3,1,Reader_3_5.csv
1040,28,17,11,Reader_3_6.csv
1040,4,3,1,Reader_3_7.csv
1041,11,10,1,Reader_1_1.csv
1041,0,0,0,Reader_1_10.csv
1041,3,2,1,Reader_1_11.csv
1041,0,0,0,Reader_1_12.csv
1041,3,3,0,Reader_1_2.csv
1041,10,6,4,Reader_1_3.csv
1041,0,0,0,Reader_1_4.csv
1041,7,7,0,Reader_1_5.csv
1041,7,3,4,Reader_1_6.csv
1041,1,1,0,Reader_1_7.csv
1041,0,0,0,Reader_1_8.csv
1041,0,0,0,Reader_1_9.csv
1041,1,0,1,Reader_2_1.csv
1041,0,0,0,Reader_2_10.csv
1041,0,0,0,Reader_2_11.csv
1041,0,0,0,Reader_2_12.csv
1041,1,0,1,Reader_2_2.csv
1041,1,0,1,Reader_2_3.csv
1041,0,0,0,Reader_2_4.csv
1041,1,0,1,Reader_2_5.csv
1041,1,0,1,Reader_2_6.csv
1041,1,1,0,Reader_2_7.csv
1041,1,0,1,Reader_2_8.csv
1041,2,1,1,Reader_2_9.csv
1041,32,28,4,reader_3_1.csv
1041,23,18,5,Reader_3_2.csv
1041,6,5,1,Reader_3_3.csv
1041,6,5,1,Reader_3_4.csv
1041,3,3,0,Reader_3_5.csv
1041,24,16,8,Reader_3_6.csv
1041,5,4,1,Reader_3_7.csv
1042,12,11,1,Reader_1_1.csv
1042,0,0,0,Reader_1_10.csv
1042,3,2,1,Reader_1_11.csv
1042,0,0,0,Reader_1_12.csv
1042,3,3,0,Reader_1_2.csv
1042,8,5,3,Reader_1_3.csv
1042,0,0,0,Reader_1_4.csv
1042,7,6,1,Reader_1_5.csv
1042,7,4,3,Reader_1_6.csv
1042,1,1,0,Reader_1_7.csv
1042,0,0,0,Reader_1_8.csv
1042,0,0,0,Reader_1_9.csv
1042,0,0,0,Reader_2_1.csv
1042,0,0,0,Reader_2_10.csv
1042,0,0,0,Reader_2_11.csv
1042,0,0,0,Reader_2_12.csv
1042,1,0,1,Reader_2_2.csv
1042,1,0,1,Reader_2_3.csv
1042,0,0,0,Reader_2_4.csv
1042,0,0,0,Reader_2_5.csv
1042,0,0,0,Reader_2_6.csv
1042,1,1,0,Reader_2_7.csv
1042,1,0,1,Reader_2_8.csv
1042,2,1,1,Reader_2_9.csv
1042,28,24,4,reader_3_1.csv
1042,24,20,4,Reader_3_2.csv
1042,6,5,1,Reader_3_3.csv
1042,6,5,1,Reader_3_4.csv
1042,4,4,0,Reader_3_5.csv
1042,24,17,7,Reader_3_6.csv
1042,4,3,1,Reader_3_7.csv
1043,11,11,0,Reader_1_1.csv
1043,0,0,0,Reader_1_10.csv
1043,3,2,1,Reader_1_11.csv
1043,0,0,0,Reader_1_12.csv
1043,3,3,0,Reader_1_2.csv
1043,8,6,2,Reader_1_3.csv
1043,0,0,0,Reader_1_4.csv
1043,4,3,1,Reader_1_5.csv
1043,11,8,3,Reader_1_6.csv
1043,1,1,0,Reader_1_7.csv
1043,0,0,0,Reader_1_8.csv
1043,0,0,0,Reader_1_9.csv
1043,1,1,0,Reader_2_1.csv
1043,0,0,0,Reader_2_10.csv
1043,0,0,0,Reader_2_11.csv
1043,1,1,0,Reader_2_12.csv
1043,1,0,1,Reader_2_2.csv
1043,1,0,1,Reader_2_3.csv
1043,0,0,0,Reader_2_4.csv
1043,2,1,1,Reader_2_5.csv
1043,0,0,0,Reader_2_6.csv
1043,1,1,0,Reader_2_7.csv
1043,1,0,1,Reader_2_8.csv
1043,2,1,1,Reader_2_9.csv
1043,28,24,4,reader_3_1.csv
1043,24,20,4,Reader_3_2.csv
1043,4,4,0,Reader_3_3.csv
1043,4,4,0,Reader_3_4.csv
1043,5,4,1,Reader_3_5.csv
1043,24,19,5,Reader_3_6.csv
1043,3,2,1,Reader_3_7.csv
1044,10,10,0,Reader_1_1.csv
1044,0,0,0,Reader_1_10.csv
1044,3,2,1,Reader_1_11.csv
1044,1,1,0,Reader_1_12.csv
1044,4,4,0,Reader_1_2.csv
1044,8,7,1,Reader_1_3.csv
1044,0,0,0,Reader_1_4.csv
1044,3,2,1,Reader_1_5.csv
1044,10,7,3,Reader_1_6.csv
1044,1,1,0,Reader_1_7.csv
1044,0,0,0,Reader_1_8.csv
1044,0,0,0,Reader_1_9.csv
1044,1,1,0,Reader_2_1.csv
1044,0,0,0,Reader_2_10.csv
1044,0,0,0,Reader_2_11.csv
1044,1,1,0,Reader_2_12.csv
1044,1,0,1,Reader_2_2.csv
1044,0,0,0,Reader_2_3.csv
1044,0,0,0,Reader_2_4.csv
1044,3,2,1,Reader_2_5.csv
1044,0,0,0,Reader_2_6.csv
1044,1,1,0,Reader_2_7.csv
1044,1,0,1,Reader_2_8.csv
1044,2,1,1,Reader_2_9.csv
1044,25,21,4,reader_3_1.csv
1044,24,18,6,Reader_3_2.csv
1044,4,3,1,Reader_3_3.csv
1044,4,3,1,Reader_3_4.csv
1044,4,3,1,Reader_3_5.csv
1044,26,19,7,Reader_3_6.csv
1044,3,2,1,Reader_3_7.csv
1045,9,9,0,Reader_1_1.csv
1045,0,0,0,Reader_1_10.csv
1045,2,2,0,Reader_1_11.csv
1045,1,1,0,Reader_1_12.csv
1045,6,6,0,Reader_1_2.csv
1045,8,7,1,Reader_1_3.csv
1045,0,0,0,Reader_1_4.csv
1045,3,2,1,Reader_1_5.csv
1045,10,7,3,Reader_1_6.csv
1045,1,1,0,Reader_1_7.csv
1045,0,0,0,Reader_1_8.csv
1045,0,0,0,Reader_1_9.csv
1045,1,1,0,Reader_2_1.csv
1045,0,0,0,Reader_2_10.csv
1045,0,0,0,Reader_2_11.csv
1045,1,1,0,Reader_2_12.csv
1045,1,0,1,Reader_2_2.csv
1045,0,0,0,Reader_2_3.csv
1045,0,0,0,Reader_2_4.csv
1045,3,2,1,Reader_2_5.csv
1045,0,0,0,Reader_2_6.csv
1045,1,1,0,Reader_2_7.csv
1045,1,0,1,Reader_2_8.csv
1045,2,1,1,Reader_2_9.csv
1045,24,20,4,reader_3_1.csv
1045,25,18,7,Reader_3_2.csv
1045,4,3,1,Reader_3_3.csv
1045,4,3,1,Reader_3_4.csv
1045,4,3,1,Reader_3_5.csv
1045,27,20,7,Reader_3_6.csv
1045,3,2,1,Reader_3_7.csv
1046,8,8,0,Reader_1_1.csv
1046,0,0,0,Reader_1_10.csv
1046,1,1,0,Reader_1_11.csv
1046,1,1,0,Reader_1_12.csv
1046,5,5,0,Reader_1_2.csv
1046,8,7,1,Reader_1_3.csv
1046,0,0,0,Reader_1_4.csv
1046,4,2,2,Reader_1_5.csv
1046,7,5,2,Reader_1_6.csv
1046,0,0,0,Reader_1_7.csv
1046,0,0,0,Reader_1_8.csv
1046,0,0,0,Reader_1_9.csv
1046,2,2,0,Reader_2_1.csv
1046,0,0,0,Reader_2_10.csv
1046,0,0,0,Reader_2_11.csv
1046,1,1,0,Reader_2_12.csv
1046,1,0,1,Reader_2_2.csv
1046,0,0,0,Reader_2_3.csv
1046,0,0,0,Reader_2_4.csv
1046,3,2,1,Reader_2_5.csv
1046,0,0,0,Reader_2_6.csv
1046,1,1,0,Reader_2_7.csv
1046,1,0,1,Reader_2_8.csv
1046,1,0,1,Reader_2_9.csv
1046,23,20,3,reader_3_1.csv
1046,34,25,9,Reader_3_2.csv
1046,3,2,1,Reader_3_3.csv
1046,3,2,1,Reader_3_4.csv
1046,6,5,1,Reader_3_5.csv
1046,22,15,7,Reader_3_6.csv
1046,3,2,1,Reader_3_7.csv
1047,7,7,0,Reader_1_1.csv
1047,0,0,0,Reader_1_10.csv
1047,1,1,0,Reader_1_11.csv
1047,1,1,0,Reader_1_12.csv
1047,6,5,1,Reader_1_2.csv
1047,6,5,1,Reader_1_3.csv
1047,0,0,0,Reader_1_4.csv
1047,3,1,2,Reader_1_5.csv
1047,7,5,2,Reader_1_6.csv
1047,0,0,0,Reader_1_7.csv
1047,0,0,0,Reader_1_8.csv
1047,0,0,0,Reader_1_9.csv
1047,2,2,0,Reader_2_1.csv
1047,0,0,0,Reader_2_10.csv
1047,0,0,0,Reader_2_11.csv
1047,2,2,0,Reader_2_12.csv
1047,1,0,1,Reader_2_2.csv
1047,0,0,0,Reader_2_3.csv
1047,0,0,0,Reader_2_4.csv
1047,3,2,1,Reader_2_5.csv
1047,0,0,0,Reader_2_6.csv
1047,0,0,0,Reader_2_7.csv
1047,0,0,0,Reader_2_8.csv
1047,1,0,1,Reader_2_9.csv
1047,23,20,3,reader_3_1.csv
1047,32,23,9,Reader_3_2.csv
1047,3,1,2,Reader_3_3.csv
1047,3,1,2,Reader_3_4.csv
1047,6,5,1,Reader_3_5.csv
1047,21,11,10,Reader_3_6.csv
1047,1,1,0,Reader_3_7.csv
1048,7,7,0,Reader_1_1.csv
1048,0,0,0,Reader_1_10.csv
1048,1,1,0,Reader_1_11.csv
1048,1,1,0,Reader_1_12.csv
1048,5,4,1,Reader_1_2.csv
1048,4,4,0,Reader_1_3.csv
1048,0,0,0,Reader_1_4.csv
1048,3,1,2,Reader_1_5.csv
1048,6,5,1,Reader_1_6.csv
1048,0,0,0,Reader_1_7.csv
1048,0,0,0,Reader_1_8.csv
1048,0,0,0,Reader_1_9.csv
1048,2,2,0,Reader_2_1.csv
1048,0,0,0,Reader_2_10.csv
1048,0,0,0,Reader_2_11.csv
1048,3,3,0,Reader_2_12.csv
1048,1,0,1,Reader_2_2.csv
1048,0,0,0,Reader_2_3.csv
1048,0,0,0,Reader_2_4.csv
1048,4,3,1,Reader_2_5.csv
1048,0,0,0,Reader_2_6.csv
1048,1,0,1,Reader_2_7.csv
1048,0,0,0,Reader_2_8.csv
1048,1,0,1,Reader_2_9.csv
1048,19,17,2,reader_3_1.csv
1048,40,29,11,Reader_3_2.csv
1048,3,1,2,Reader_3_3.csv
1048,3,1,2,Reader_3_4.csv
1048,5,4,1,Reader_3_5.csv
1048,20,12,8,Reader_3_6.csv
1048,1,1,0,Reader_3_7.csv
1049,6,6,0,Reader_1_1.csv
1049,0,0,0,Reader_1_10.csv
1049,1,1,0,Reader_1_11.csv
1049,1,1,0,Reader_1_12.csv
1049,5,4,1,Reader_1_2.csv
1049,4,4,0,Reader_1_3.csv
1049,1,1,0,Reader_1_4.csv
1049,3,1,2,Reader_1_5.csv
1049,7,5,2,Reader_1_6.csv
1049,0,0,0,Reader_1_7.csv
1049,0,0,0,Reader_1_8.csv
1049,0,0,0,Reader_1_9.csv
1049,2,2,0,Reader_2_1.csv
1049,0,0,0,Reader_2_10.csv
1049,0,0,0,Reader_2_11.csv
1049,3,3,0,Reader_2_12.csv
1049,0,0,0,Reader_2_2.csv
1049,1,1,0,Reader_2_3.csv
1049,0,0,0,Reader_2_4.csv
1049,4,3,1,Reader_2_5.csv
1049,0,0,0,Reader_2_6.csv
1049,1,0,1,Reader_2_7.csv
1049,0,0,0,Reader_2_8.csv
1049,0,0,0,Reader_2_9.csv
1049,20,19,1,reader_3_1.csv
1049,40,28,12,Reader_3_2.csv
1049,3,1,2,Reader_3_3.csv
1049,3,1,2,Reader_3_4.csv
1049,5,4,1,Reader_3_5.csv
1049,23,15,8,Reader_3_6.csv
1049,0,0,0,Reader_3_7.csv
1050,4,4,0,Reader_1_1.csv
1050,0,0,0,Reader_1_10.csv
1050,1,1,0,Reader_1_11.csv
1050,1,1,0,Reader_1_12.csv
1050,6,5,1,Reader_1_2.csv
1050,5,5,0,Reader_1_3.csv
1050,1,1,0,Reader_1_4.csv
1050,3,2,1,Reader_1_5.csv
1050,6,4,2,Reader_1_6.csv
1050,1,0,1,Reader_1_7.csv
1050,0,0,0,Reader_1_8.csv
1050,0,0,0,Reader_1_9.csv
1050,2,2,0,Reader_2_1.csv
1050,0,0,0,Reader_2_10.csv
1050,0,0,0,Reader_2_11.csv
1050,3,3,0,Reader_2_12.csv
1050,0,0,0,Reader_2_2.csv
1050,1,1,0,Reader_2_3.csv
1050,0,0,0,Reader_2_4.csv
1050,4,3,1,Reader_2_5.csv
1050,0,0,0,Reader_2_6.csv
1050,1,0,1,Reader_2_7.csv
1050,0,0,0,Reader_2_8.csv
1050,0,0,0,Reader_2_9.csv
1050,23,22,1,reader_3_1.csv
1050,42,30,12,Reader_3_2.csv
1050,3,1,2,Reader_3_3.csv
1050,3,1,2,Reader_3_4.csv
1050,4,3,1,Reader_3_5.csv
1050,29,19,10,Reader_3_6.csv
1050,1,1,0,Reader_3_7.csv
1051,3,2,1,Reader_1_1.csv
1051,0,0,0,Reader_1_10.csv
1051,1,1,0,Reader_1_11.csv
1051,2,2,0,Reader_1_12.csv
1051,5,4,1,Reader_1_2.csv
1051,6,5,1,Reader_1_3.csv
1051,1,1,0,Reader_1_4.csv
1051,3,2,1,Reader_1_5.csv
1051,2,0,2,Reader_1_6.csv
1051,1,0,1,Reader_1_7.csv
1051,0,0,0,Reader_1_8.csv
1051,0,0,0,Reader_1_9.csv
1051,1,1,0,Reader_2_1.csv
1051,0,0,0,Reader_2_10.csv
1051,0,0,0,Reader_2_11.csv
1051,2,2,0,Reader_2_12.csv
1051,0,0,0,Reader_2_2.csv
1051,6,6,0,Reader_2_3.csv
1051,0,0,0,Reader_2_4.csv
1051,2,2,0,Reader_2_5.csv
1051,0,0,0,Reader_2_6.csv
1051,1,0,1,Reader_2_7.csv
1051,0,0,0,Reader_2_8.csv
1051,0,0,0,Reader_2_9.csv
1051,22,21,1,reader_3_1.csv
1051,48,36,12,Reader_3_2.csv
1051,3,1,2,Reader_3_3.csv
1051,3,1,2,Reader_3_4.csv
1051,3,3,0,Reader_3_5.csv
1051,31,20,11,Reader_3_6.csv
1051,1,1,0,Reader_3_7.csv
1052,6,5,1,Reader_1_1.csv
1052,0,0,0,Reader_1_10.csv
1052,1,1,0,Reader_1_11.csv
1052,1,1,0,Reader_1_12.csv
1052,5,4,1,Reader_1_2.csv
1052,5,4,1,Reader_1_3.csv
1052,1,1,0,Reader_1_4.csv
1052,3,2,1,Reader_1_5.csv
1052,1,0,1,Reader_1_6.csv
1052,2,0,2,Reader_1_7.csv
1052,0,0,0,Reader_1_8.csv
1052,0,0,0,Reader_1_9.csv
1052,1,1,0,Reader_2_1.csv
1052,0,0,0,Reader_2_10.csv
1052,0,0,0,Reader_2_11.csv
1052,2,2,0,Reader_2_12.csv
1052,0,0,0,Reader_2_2.csv
1052,7,7,0,Reader_2_3.csv
1052,0,0,0,Reader_2_4.csv
1052,2,2,0,Reader_2_5.csv
1052,0,0,0,Reader_2_6.csv
1052,1,0,1,Reader_2_7.csv
1052,0,0,0,Reader_2_8.csv
1052,0,0,0,Reader_2_9.csv
1052,22,21,1,reader_3_1.csv
1052,50,38,12,Reader_3_2.csv
1052,2,1,1,Reader_3_3.csv
1052,2,1,1,Reader_3_4.csv
1052,3,3,0,Reader_3_5.csv
1052,33,21,12,Reader_3_6.csv
1052,1,1,0,Reader_3_7.csv
1053,6,5,1,Reader_1_1.csv
1053,0,0,0,Reader_1_10.csv
1053,2,2,0,Reader_1_11.csv
1053,1,1,0,Reader_1_12.csv
1053,3,2,1,Reader_1_2.csv
1053,5,3,2,Reader_1_3.csv
1053,1,1,0,Reader_1_4.csv
1053,4,3,1,Reader_1_5.csv
1053,1,0,1,Reader_1_6.csv
1053,2,0,2,Reader_1_7.csv
1053,0,0,0,Reader_1_8.csv
1053,0,0,0,Reader_1_9.csv
1053,1,1,0,Reader_2_1.csv
1053,0,0,0,Reader_2_10.csv
1053,0,0,0,Reader_2_11.csv
1053,2,2,0,Reader_2_12.csv
1053,0,0,0,Reader_2_2.csv
1053,8,8,0,Reader_2_3.csv
1053,0,0,0,Reader_2_4.csv
1053,2,2,0,Reader_2_5.csv
1053,0,0,0,Reader_2_6.csv
1053,2,1,1,Reader_2_7.csv
1053,0,0,0,Reader_2_8.csv
1053,0,0,0,Reader_2_9.csv
1053,22,22,0,reader_3_1.csv
1053,53,40,13,Reader_3_2.csv
1053,2,1,1,Reader_3_3.csv
1053,2,1,1,Reader_3_4.csv
1053,3,3,0,Reader_3_5.csv
1053,32,21,11,Reader_3_6.csv
1053,1,1,0,Reader_3_7.csv
1054,7,6,1,Reader_1_1.csv
1054,1,0,1,Reader_1_10.csv
1054,1,1,0,Reader_1_11.csv
1054,1,1,0,Reader_1_12.csv
1054,3,2,1,Reader_1_2.csv
1054,5,3,2,Reader_1_3.csv
1054,1,1,0,Reader_1_4.csv
1054,2,2,0,Reader_1_5.csv
1054,1,0,1,Reader_1_6.csv
1054,2,0,2,Reader_1_7.csv
1054,0,0,0,Reader_1_8.csv
1054,0,0,0,Reader_1_9.csv
1054,1,1,0,Reader_2_1.csv
1054,0,0,0,Reader_2_10.csv
1054,0,0,0,Reader_2_11.csv
1054,3,3,0,Reader_2_12.csv
1054,0,0,0,Reader_2_2.csv
1054,8,8,0,Reader_2_3.csv
1054,0,0,0,Reader_2_4.csv
1054,2,2,0,Reader_2_5.csv
1054,0,0,0,Reader_2_6.csv
1054,2,1,1,Reader_2_7.csv
1054,0,0,0,Reader_2_8.csv
1054,0,0,0,Reader_2_9.csv
1054,21,21,0,reader_3_1.csv
1054,51,38,13,Reader_3_2.csv
1054,2,1,1,Reader_3_3.csv
1054,2,1,1,Reader_3_4.csv
1054,1,1,0,Reader_3_5.csv
1054,33,22,11,Reader_3_6.csv
1054,1,1,0,Reader_3_7.csv
1055,9,7,2,Reader_1_1.csv
1055,2,1,1,Reader_1_10.csv
1055,1,1,0,Reader_1_11.csv
1055,1,1,0,Reader_1_12.csv
1055,2,2,0,Reader_1_2.csv
1055,5,3,2,Reader_1_3.csv
1055,1,1,0,Reader_1_4.csv
1055,2,2,0,Reader_1_5.csv
1055,2,1,1,Reader_1_6.csv
1055,2,0,2,Reader_1_7.csv
1055,0,0,0,Reader_1_8.csv
1055,0,0,0,Reader_1_9.csv
1055,1,1,0,Reader_2_1.csv
1055,0,0,0,Reader_2_10.csv
1055,0,0,0,Reader_2_11.csv
1055,2,2,0,Reader_2_12.csv
1055,0,0,0,Reader_2_2.csv
1055,8,8,0,Reader_2_3.csv
1055,0,0,0,Reader_2_4.csv
1055,3,2,1,Reader_2_5.csv
1055,0,0,0,Reader_2_6.csv
1055,2,1,1,Reader_2_7.csv
1055,0,0,0,Reader_2_8.csv
1055,0,0,0,Reader_2_9.csv
1055,18,18,0,reader_3_1.csv
1055,45,36,9,Reader_3_2.csv
1055,0,0,0,Reader_3_3.csv
1055,0,0,0,Reader_3_4.csv
1055,1,1,0,Reader_3_5.csv
1055,33,24,9,Reader_3_6.csv
1055,1,1,0,Reader_3_7.csv
1056,9,7,2,Reader_1_1.csv
1056,2,1,1,Reader_1_10.csv
1056,1,1,0,Reader_1_11.csv
1056,1,1,0,Reader_1_12.csv
1056,2,2,0,Reader_1_2.csv
1056,5,3,2,Reader_1_3.csv
1056,1,1,0,Reader_1_4.csv
1056,2,2,0,Reader_1_5.csv
1056,2,1,1,Reader_1_6.csv
1056,2,0,2,Reader_1_7.csv
1056,0,0,0,Reader_1_8.csv
1056,0,0,0,Reader_1_9.csv
1056,1,1,0,Reader_2_1.csv
1056,0,0,0,Reader_2_10.csv
1056,0,0,0,Reader_2_11.csv
1056,4,3,1,Reader_2_12.csv
1056,0,0,0,Reader_2_2.csv
1056,8,8,0,Reader_2_3.csv
1056,0,0,0,Reader_2_4.csv
1056,2,1,1,Reader_2_5.csv
1056,0,0,0,Reader_2_6.csv
1056,1,1,0,Reader_2_7.csv
1056,1,1,0,Reader_2_8.csv
1056,0,0,0,Reader_2_9.csv
1056,17,17,0,reader_3_1.csv
1056,40,32,8,Reader_3_2.csv
1056,0,0,0,Reader_3_3.csv
1056,0,0,0,Reader_3_4.csv
1056,0,0,0,Reader_3_5.csv
1056,35,25,10,Reader_3_6.csv
1056,2,2,0,Reader_3_7.csv
1057,9,7,2,Reader_1_1.csv
1057,2,1,1,Reader_1_10.csv
1057,1,1,0,Reader_1_11.csv
1057,2,1,1,Reader_1_12.csv
1057,3,3,0,Reader_1_2.csv
1057,6,4,2,Reader_1_3.csv
1057,0,0,0,Reader_1_4.csv
1057,4,4,0,Reader_1_5.csv
1057,2,2,0,Reader_1_6.csv
1057,3,0,3,Reader_1_7.csv
1057,0,0,0,Reader_1_8.csv
1057,0,0,0,Reader_1_9.csv
1057,1,1,0,Reader_2_1.csv
1057,0,0,0,Reader_2_10.csv
1057,0,0,0,Reader_2_11.csv
1057,4,3,1,Reader_2_12.csv
1057,0,0,0,Reader_2_2.csv
1057,7,7,0,Reader_2_3.csv
1057,0,0,0,Reader_2_4.csv
1057,3,2,1,Reader_2_5.csv
1057,0,0,0,Reader_2_6.csv
1057,1,1,0,Reader_2_7.csv
1057,1,1,0,Reader_2_8.csv
1057,0,0,0,Reader_2_9.csv
1057,17,17,0,reader_3_1.csv
1057,36,29,7,Reader_3_2.csv
1057,1,1,0,Reader_3_3.csv
1057,1,1,0,Reader_3_4.csv
1057,0,0,0,Reader_3_5.csv
1057,33,23,10,Reader_3_6.csv
1057,3,3,0,Reader_3_7.csv
1058,11,9,2,Reader_1_1.csv
1058,2,1,1,Reader_1_10.csv
1058,1,1,0,Reader_1_11.csv
1058,2,1,1,Reader_1_12.csv
1058,2,2,0,Reader_1_2.csv
1058,5,3,2,Reader_1_3.csv
1058,0,0,0,Reader_1_4.csv
1058,3,3,0,Reader_1_5.csv
1058,3,2,1,Reader_1_6.csv
1058,2,0,2,Reader_1_7.csv
1058,0,0,0,Reader_1_8.csv
1058,0,0,0,Reader_1_9.csv
1058,1,1,0,Reader_2_1.csv
1058,0,0,0,Reader_2_10.csv
1058,0,0,0,Reader_2_11.csv
1058,5,3,2,Reader_2_12.csv
1058,0,0,0,Reader_2_2.csv
1058,8,8,0,Reader_2_3.csv
1058,0,0,0,Reader_2_4.csv
1058,4,3,1,Reader_2_5.csv
1058,0,0,0,Reader_2_6.csv
1058,1,1,0,Reader_2_7.csv
1058,1,1,0,Reader_2_8.csv
1058,0,0,0,Reader_2_9.csv
1058,16,15,1,reader_3_1.csv
1058,36,28,8,Reader_3_2.csv
1058,3,1,2,Reader_3_3.csv
1058,3,1,2,Reader_3_4.csv
1058,0,0,0,Reader_3_5.csv
1058,24,16,8,Reader_3_6.csv
1058,2,2,0,Reader_3_7.csv
1059,10,9,1,Reader_1_1.csv
1059,2,1,1,Reader_1_10.csv
1059,1,1,0,Reader_1_11.csv
1059,2,0,2,Reader_1_12.csv
1059,2,2,0,Reader_1_2.csv
1059,3,2,1,Reader_1_3.csv
1059,0,0,0,Reader_1_4.csv
1059,3,3,0,Reader_1_5.csv
1059,3,2,1,Reader_1_6.csv
1059,2,0,2,Reader_1_7.csv
1059,0,0,0,Reader_1_8.csv
1059,0,0,0,Reader_1_9.csv
1059,1,1,0,Reader_2_1.csv
1059,0,0,0,Reader_2_10.csv
1059,0,0,0,Reader_2_11.csv
1059,6,3,3,Reader_2_12.csv
1059,0,0,0,Reader_2_2.csv
1059,3,3,0,Reader_2_3.csv
1059,0,0,0,Reader_2_4.csv
1059,4,3,1,Reader_2_5.csv
1059,0,0,0,Reader_2_6.csv
1059,1,1,0,Reader_2_7.csv
1059,1,1,0,Reader_2_8.csv
1059,0,0,0,Reader_2_9.csv
1059,19,18,1,reader_3_1.csv
1059,31,22,9,Reader_3_2.csv
1059,4,2,2,Reader_3_3.csv
1059,4,2,2,Reader_3_4.csv
1059,1,1,0,Reader_3_5.csv
1059,19,12,7,Reader_3_6.csv
1059,2,2,0,Reader_3_7.csv
1060,8,6,2,Reader_1_1.csv
1060,2,1,1,Reader_1_10.csv
1060,1,1,0,Reader_1_11.csv
1060,2,0,2,Reader_1_12.csv
1060,1,1,0,Reader_1_2.csv
1060,3,2,1,Reader_1_3.csv
1060,0,0,0,Reader_1_4.csv
1060,4,3,1,Reader_1_5.csv
1060,3,2,1,Reader_1_6.csv
1060,2,1,1,Reader_1_7.csv
1060,0,0,0,Reader_1_8.csv
1060,0,0,0,Reader_1_9.csv
1060,1,1,0,Reader_2_1.csv
1060,0,0,0,Reader_2_10.csv
1060,0,0,0,Reader_2_11.csv
1060,6,3,3,Reader_2_12.csv
1060,0,0,0,Reader_2_2.csv
1060,3,3,0,Reader_2_3.csv
1060,0,0,0,Reader_2_4.csv
1060,3,2,1,Reader_2_5.csv
1060,0,0,0,Reader_2_6.csv
1060,1,1,0,Reader_2_7.csv
1060,1,1,0,Reader_2_8.csv
1060,0,0,0,Reader_2_9.csv
1060,24,22,2,reader_3_1.csv
1060,29,21,8,Reader_3_2.csv
1060,5,3,2,Reader_3_3.csv
1060,5,3,2,Reader_3_4.csv
1060,1,1,0,Reader_3_5.csv
1060,14,10,4,Reader_3_6.csv
1060,2,2,0,Reader_3_7.csv
1061,8,6,2,Reader_1_1.csv
1061,3,1,2,Reader_1_10.csv
1061,0,0,0,Reader_1_11.csv
1061,2,0,2,Reader_1_12.csv
1061,3,3,0,Reader_1_2.csv
1061,2,2,0,Reader_1_3.csv
1061,0,0,0,Reader_1_4.csv
1061,3,2,1,Reader_1_5.csv
1061,3,2,1,Reader_1_6.csv
1061,2,1,1,Reader_1_7.csv
1061,0,0,0,Reader_1_8.csv
1061,0,0,0,Reader_1_9.csv
1061,1,1,0,Reader_2_1.csv
1061,0,0,0,Reader_2_10.csv
1061,0,0,0,Reader_2_11.csv
1061,7,3,4,Reader_2_12.csv
1061,0,0,0,Reader_2_2.csv
1061,4,4,0,Reader_2_3.csv
1061,0,0,0,Reader_2_4.csv
1061,3,2,1,Reader_2_5.csv
1061,0,0,0,Reader_2_6.csv
1061,0,0,0,Reader_2_7.csv
1061,1,1,0,Reader_2_8.csv
1061,0,0,0,Reader_2_9.csv
1061,23,21,2,reader_3_1.csv
1061,28,22,6,Reader_3_2.csv
1061,5,3,2,Reader_3_3.csv
1061,5,3,2,Reader_3_4.csv
1061,1,1,0,Reader_3_5.csv
1061,16,10,6,Reader_3_6.csv
1061,2,2,0,Reader_3_7.csv
1062,7,5,2,Reader_1_1.csv
1062,3,1,2,Reader_1_10.csv
1062,0,0,0,Reader_1_11.csv
1062,2,0,2,Reader_1_12.csv
1062,3,3,0,Reader_1_2.csv
1062,2,2,0,Reader_1_3.csv
1062,0,0,0,Reader_1_4.csv
1062,5,4,1,Reader_1_5.csv
1062,3,2,1,Reader_1_6.csv
1062,2,1,1,Reader_1_7.csv
1062,0,0,0,Reader_1_8.csv
1062,0,0,0,Reader_1_9.csv
1062,1,1,0,Reader_2_1.csv
1062,0,0,0,Reader_2_10.csv
1062,0,0,0,Reader_2_11.csv
1062,9,2,7,Reader_2_12.csv
1062,0,0,0,Reader_2_2.csv
1062,5,5,0,Reader_2_3.csv
1062,0,0,0,Reader_2_4.csv
1062,3,2,1,Reader_2_5.csv
1062,0,0,0,Reader_2_6.csv
1062,0,0,0,Reader_2_7.csv
1062,2,2,0,Reader_2_8.csv
1062,0,0,0,Reader_2_9.csv
1062,23,20,3,reader_3_1.csv
1062,23,18,5,Reader_3_2.csv
1062,7,4,3,Reader_3_3.csv
1062,7,4,3,Reader_3_4.csv
1062,1,1,0,Reader_3_5.csv
1062,18,12,6,Reader_3_6.csv
1062,2,2,0,Reader_3_7.csv
1063,7,6,1,Reader_1_1.csv
1063,2,0,2,Reader_1_10.csv
1063,0,0,0,Reader_1_11.csv
1063,3,1,2,Reader_1_12.csv
1063,4,4,0,Reader_1_2.csv
1063,2,2,0,Reader_1_3.csv
1063,0,0,0,Reader_1_4.csv
1063,5,4,1,Reader_1_5.csv
1063,3,2,1,Reader_1_6.csv
1063,2,1,1,Reader_1_7.csv
1063,0,0,0,Reader_1_8.csv
1063,0,0,0,Reader_1_9.csv
1063,2,1,1,Reader_2_1.csv
1063,0,0,0,Reader_2_10.csv
1063,0,0,0,Reader_2_11.csv
1063,9,2,7,Reader_2_12.csv
1063,0,0,0,Reader_2_2.csv
1063,5,5,0,Reader_2_3.csv
1063,0,0,0,Reader_2_4.csv
1063,2,2,0,Reader_2_5.csv
1063,0,0,0,Reader_2_6.csv
1063,0,0,0,Reader_2_7.csv
1063,2,2,0,Reader_2_8.csv
1063,0,0,0,Reader_2_9.csv
1063,25,22,3,reader_3_1.csv
1063,23,18,5,Reader_3_2.csv
1063,7,4,3,Reader_3_3.csv
1063,7,4,3,Reader_3_4.csv
1063,1,1,0,Reader_3_5.csv
1063,16,12,4,Reader_3_6.csv
1063,2,2,0,Reader_3_7.csv
1064,7,6,1,Reader_1_1.csv
1064,2,0,2,Reader_1_10.csv
1064,0,0,0,Reader_1_11.csv
1064,3,1,2,Reader_1_12.csv
1064,5,5,0,Reader_1_2.csv
1064,2,2,0,Reader_1_3.csv
1064,0,0,0,Reader_1_4.csv
1064,5,4,1,Reader_1_5.csv
1064,3,2,1,Reader_1_6.csv
1064,2,1,1,Reader_1_7.csv
1064,0,0,0,Reader_1_8.csv
1064,0,0,0,Reader_1_9.csv
1064,2,1,1,Reader_2_1.csv
1064,0,0,0,Reader_2_10.csv
1064,0,0,0,Reader_2_11.csv
1064,8,0,8,Reader_2_12.csv
1064,0,0,0,Reader_2_2.csv
1064,5,5,0,Reader_2_3.csv
1064,0,0,0,Reader_2_4.csv
1064,3,3,0,Reader_2_5.csv
1064,0,0,0,Reader_2_6.csv
1064,0,0,0,Reader_2_7.csv
1064,1,1,0,Reader_2_8.csv
1064,0,0,0,Reader_2_9.csv
1064,29,26,3,reader_3_1.csv
1064,20,15,5,Reader_3_2.csv
1064,10,7,3,Reader_3_3.csv
1064,10,7,3,Reader_3_4.csv
1064,1,1,0,Reader_3_5.csv
1064,14,11,3,Reader_3_6.csv
1064,1,1,0,Reader_3_7.csv
1065,7,6,1,Reader_1_1.csv
1065,2,0,2,Reader_1_10.csv
1065,0,0,0,Reader_1_11.csv
1065,3,2,1,Reader_1_12.csv
1065,6,6,0,Reader_1_2.csv
1065,1,1,0,Reader_1_3.csv
1065,0,0,0,Reader_1_4.csv
1065,3,2,1,Reader_1_5.csv
1065,3,2,1,Reader_1_6.csv
1065,1,1,0,Reader_1_7.csv
1065,0,0,0,Reader_1_8.csv
1065,0,0,0,Reader_1_9.csv
1065,2,1,1,Reader_2_1.csv
1065,0,0,0,Reader_2_10.csv
1065,0,0,0,Reader_2_11.csv
1065,9,0,9,Reader_2_12.csv
1065,0,0,0,Reader_2_2.csv
1065,6,6,0,Reader_2_3.csv
1065,0,0,0,Reader_2_4.csv
1065,3,2,1,Reader_2_5.csv
1065,0,0,0,Reader_2_6.csv
1065,0,0,0,Reader_2_7.csv
1065,1,1,0,Reader_2_8.csv
1065,0,0,0,Reader_2_9.csv
1065,26,23,3,reader_3_1.csv
1065,22,17,5,Reader_3_2.csv
1065,9,6,3,Reader_3_3.csv
1065,9,6,3,Reader_3_4.csv
1065,1,1,0,Reader_3_5.csv
1065,14,11,3,Reader_3_6.csv
1065,0,0,0,Reader_3_7.csv
1066,6,4,2,Reader_1_1.csv
1066,2,0,2,Reader_1_10.csv
1066,0,0,0,Reader_1_11.csv
1066,3,2,1,Reader_1_12.csv
1066,7,7,0,Reader_1_2.csv
1066,1,1,0,Reader_1_3.csv
1066,0,0,0,Reader_1_4.csv
1066,4,3,1,Reader_1_5.csv
1066,2,2,0,Reader_1_6.csv
1066,1,1,0,Reader_1_7.csv
1066,0,0,0,Reader_1_8.csv
1066,1,1,0,Reader_1_9.csv
1066,3,2,1,Reader_2_1.csv
1066,0,0,0,Reader_2_10.csv
1066,0,0,0,Reader_2_11.csv
1066,8,0,8,Reader_2_12.csv
1066,0,0,0,Reader_2_2.csv
1066,5,5,0,Reader_2_3.csv
1066,0,0,0,Reader_2_4.csv
1066,2,1,1,Reader_2_5.csv
1066,0,0,0,Reader_2_6.csv
1066,0,0,0,Reader_2_7.csv
1066,1,1,0,Reader_2_8.csv
1066,0,0,0,Reader_2_9.csv
1066,23,21,2,reader_3_1.csv
1066,19,15,4,Reader_3_2.csv
1066,8,7,1,Reader_3_3.csv
1066,8,7,1,Reader_3_4.csv
1066,1,1,0,Reader_3_5.csv
1066,15,12,3,Reader_3_6.csv
1066,1,1,0,Reader_3_7.csv
1067,8,6,2,Reader_1_1.csv
1067,2,0,2,Reader_1_10.csv
1067,0,0,0,Reader_1_11.csv
1067,2,2,0,Reader_1_12.csv
1067,7,7,0,Reader_1_2.csv
1067,1,1,0,Reader_1_3.csv
1067,0,0,0,Reader_1_4.csv
1067,5,4,1,Reader_1_5.csv
1067,2,2,0,Reader_1_6.csv
1067,1,1,0,Reader_1_7.csv
1067,0,0,0,Reader_1_8.csv
1067,1,1,0,Reader_1_9.csv
1067,3,2,1,Reader_2_1.csv
1067,0,0,0,Reader_2_10.csv
1067,0,0,0,Reader_2_11.csv
1067,8,0,8,Reader_2_12.csv
1067,0,0,0,Reader_2_2.csv
1067,5,5,0,Reader_2_3.csv
1067,0,0,0,Reader_2_4.csv
1067,2,1,1,Reader_2_5.csv
1067,0,0,0,Reader_2_6.csv
1067,0,0,0,Reader_2_7.csv
1067,1,1,0,Reader_2_8.csv
1067,0,0,0,Reader_2_9.csv
1067,21,19,2,reader_3_1.csv
1067,18,15,3,Reader_3_2.csv
1067,8,7,1,Reader_3_3.csv
1067,8,7,1,Reader_3_4.csv
1067,0,0,0,Reader_3_5.csv
1067,22,16,6,Reader_3_6.csv
1067,2,2,0,Reader_3_7.csv
1068,8,6,2,Reader_1_1.csv
1068,2,0,2,Reader_1_10.csv
1068,1,0,1,Reader_1_11.csv
1068,2,2,0,Reader_1_12.csv
1068,9,8,1,Reader_1_2.csv
1068,1,1,0,Reader_1_3.csv
1068,0,0,0,Reader_1_4.csv
1068,4,4,0,Reader_1_5.csv
1068,2,2,0,Reader_1_6.csv
1068,0,0,0,Reader_1_7.csv
1068,0,0,0,Reader_1_8.csv
1068,1,1,0,Reader_1_9.csv
1068,3,2,1,Reader_2_1.csv
1068,0,0,0,Reader_2_10.csv
1068,0,0,0,Reader_2_11.csv
1068,8,0,8,Reader_2_12.csv
1068,0,0,0,Reader_2_2.csv
1068,4,4,0,Reader_2_3.csv
1068,0,0,0,Reader_2_4.csv
1068,3,2,1,Reader_2_5.csv
1068,0,0,0,Reader_2_6.csv
1068,0,0,0,Reader_2_7.csv
1068,1,1,0,Reader_2_8.csv
1068,0,0,0,Reader_2_9.csv
1068,19,18,1,reader_3_1.csv
1068,16,14,2,Reader_3_2.csv
1068,7,6,1,Reader_3_3.csv
1068,7,6,1,Reader_3_4.csv
1068,1,1,0,Reader_3_5.csv
1068,23,17,6,Reader_3_6.csv
1068,2,2,0,Reader_3_7.csv
1069,9,7,2,Reader_1_1.csv
1069,2,0,2,Reader_1_10.csv
1069,1,0,1,Reader_1_11.csv
1069,2,2,0,Reader_1_12.csv
1069,8,7,1,Reader_1_2.csv
1069,1,1,0,Reader_1_3.csv
1069,0,0,0,Reader_1_4.csv
1069,4,4,0,Reader_1_5.csv
1069,3,2,1,Reader_1_6.csv
1069,0,0,0,Reader_1_7.csv
1069,0,0,0,Reader_1_8.csv
1069,1,1,0,Reader_1_9.csv
1069,3,2,1,Reader_2_1.csv
1069,0,0,0,Reader_2_10.csv
1069,0,0,0,Reader_2_11.csv
1069,8,0,8,Reader_2_12.csv
1069,0,0,0,Reader_2_2.csv
1069,2,2,0,Reader_2_3.csv
1069,0,0,0,Reader_2_4.csv
1069,3,2,1,Reader_2_5.csv
1069,0,0,0,Reader_2_6.csv
1069,0,0,0,Reader_2_7.csv
1069,1,1,0,Reader_2_8.csv
1069,0,0,0,Reader_2_9.csv
1069,19,17,2,reader_3_1.csv
1069,19,14,5,Reader_3_2.csv
1069,8,7,1,Reader_3_3.csv
1069,8,7,1,Reader_3_4.csv
1069,1,1,0,Reader_3_5.csv
1069,22,18,4,Reader_3_6.csv
1069,2,2,0,Reader_3_7.csv
1070,9,7,2,Reader_1_1.csv
1070,1,0,1,Reader_1_10.csv
1070,3,0,3,Reader_1_11.csv
1070,2,2,0,Reader_1_12.csv
1070,8,7,1,Reader_1_2.csv
1070,1,1,0,Reader_1_3.csv
1070,0,0,0,Reader_1_4.csv
1070,5,3,2,Reader_1_5.csv
1070,3,2,1,Reader_1_6.csv
1070,0,0,0,Reader_1_7.csv
1070,0,0,0,Reader_1_8.csv
1070,1,1,0,Reader_1_9.csv
1070,3,2,1,Reader_2_1.csv
1070,0,0,0,Reader_2_10.csv
1070,0,0,0,Reader_2_11.csv
1070,6,0,6,Reader_2_12.csv
1070,0,0,0,Reader_2_2.csv
1070,1,1,0,Reader_2_3.csv
1070,0,0,0,Reader_2_4.csv
1070,3,2,1,Reader_2_5.csv
1070,0,0,0,Reader_2_6.csv
1070,0,0,0,Reader_2_7.csv
1070,0,0,0,Reader_2_8.csv
1070,0,0,0,Reader_2_9.csv
1070,18,17,1,reader_3_1.csv
1070,29,22,7,Reader_3_2.csv
1070,6,6,0,Reader_3_3.csv
1070,6,6,0,Reader_3_4.csv
1070,2,2,0,Reader_3_5.csv
1070,18,14,4,Reader_3_6.csv
1070,2,2,0,Reader_3_7.csv
1071,11,9,2,Reader_1_1.csv
1071,1,0,1,Reader_1_10.csv
1071,3,0,3,Reader_1_11.csv
1071,1,1,0,Reader_1_12.csv
1071,7,6,1,Reader_1_2.csv
1071,1,1,0,Reader_1_3.csv
1071,0,0,0,Reader_1_4.csv
1071,6,4,2,Reader_1_5.csv
1071,3,1,2,Reader_1_6.csv
1071,0,0,0,Reader_1_7.csv
1071,0,0,0,Reader_1_8.csv
1071,1,1,0,Reader_1_9.csv
1071,2,2,0,Reader_2_1.csv
1071,0,0,0,Reader_2_10.csv
1071,0,0,0,Reader_2_11.csv
1071,6,0,6,Reader_2_12.csv
1071,0,0,0,Reader_2_2.csv
1071,1,1,0,Reader_2_3.csv
1071,0,0,0,Reader_2_4.csv
1071,3,2,1,Reader_2_5.csv
1071,0,0,0,Reader_2_6.csv
1071,0,0,0,Reader_2_7.csv
1071,0,0,0,Reader_2_8.csv
1071,0,0,0,Reader_2_9.csv
1071,14,13,1,reader_3_1.csv
1071,36,28,8,Reader_3_2.csv
1071,6,6,0,Reader_3_3.csv
1071,6,6,0,Reader_3_4.csv
1071,2,2,0,Reader_3_5.csv
1071,18,13,5,Reader_3_6.csv
1071,2,2,0,Reader_3_7.csv
1072,12,10,2,Reader_1_1.csv
1072,2,0,2,Reader_1_10.csv
1072,3,0,3,Reader_1_11.csv
1072,1,1,0,Reader_1_12.csv
1072,7,6,1,Reader_1_2.csv
1072,1,1,0,Reader_1_3.csv
1072,0,0,0,Reader_1_4.csv
1072,7,5,2,Reader_1_5.csv
1072,3,1,2,Reader_1_6.csv
1072,0,0,0,Reader_1_7.csv
1072,0,0,0,Reader_1_8.csv
1072,1,1,0,Reader_1_9.csv
1072,2,2,0,Reader_2_1.csv
1072,0,0,0,Reader_2_10.csv
1072,0,0,0,Reader_2_11.csv
1072,4,0,4,Reader_2_12.csv
1072,0,0,0,Reader_2_2.csv
1072,2,2,0,Reader_2_3.csv
1072,0,0,0,Reader_2_4.csv
1072,2,1,1,Reader_2_5.csv
1072,0,0,0,Reader_2_6.csv
1072,0,0,0,Reader_2_7.csv
1072,0,0,0,Reader_2_8.csv
1072,0,0,0,Reader_2_9.csv
1072,9,8,1,reader_3_1.csv
1072,39,30,9,Reader_3_2.csv
1072,3,3,0,Reader_3_3.csv
1072,3,3,0,Reader_3_4.csv
1072,2,2,0,Reader_3_5.csv
1072,20,15,5,Reader_3_6.csv
1072,2,2,0,Reader_3_7.csv
1073,13,11,2,Reader_1_1.csv
1073,2,0,2,Reader_1_10.csv
1073,4,0,4,Reader_1_11.csv
1073,0,0,0,Reader_1_12.csv
1073,5,4,1,Reader_1_2.csv
1073,1,1,0,Reader_1_3.csv
1073,0,0,0,Reader_1_4.csv
1073,14,12,2,Reader_1_5.csv
1073,2,0,2,Reader_1_6.csv
1073,0,0,0,Reader_1_7.csv
1073,0,0,0,Reader_1_8.csv
1073,1,1,0,Reader_1_9.csv
1073,2,2,0,Reader_2_1.csv
1073,0,0,0,Reader_2_10.csv
1073,0,0,0,Reader_2_11.csv
1073,3,0,3,Reader_2_12.csv
1073,0,0,0,Reader_2_2.csv
1073,1,1,0,Reader_2_3.csv
1073,0,0,0,Reader_2_4.csv
1073,1,1,0,Reader_2_5.csv
1073,0,0,0,Reader_2_6.csv
1073,0,0,0,Reader_2_7.csv
1073,0,0,0,Reader_2_8.csv
1073,0,0,0,Reader_2_9.csv
1073,9,8,1,reader_3_1.csv
1073,36,27,9,Reader_3_2.csv
1073,3,3,0,Reader_3_3.csv
1073,3,3,0,Reader_3_4.csv
1073,2,2,0,Reader_3_5.csv
1073,22,16,6,Reader_3_6.csv
1073,2,2,0,Reader_3_7.csv
1074,12,11,1,Reader_1_1.csv
1074,2,0,2,Reader_1_10.csv
1074,6,1,5,Reader_1_11.csv
1074,0,0,0,Reader_1_12.csv
1074,5,4,1,Reader_1_2.csv
1074,1,1,0,Reader_1_3.csv
1074,0,0,0,Reader_1_4.csv
1074,18,13,5,Reader_1_5.csv
1074,3,0,3,Reader_1_6.csv
1074,0,0,0,Reader_1_7.csv
1074,0,0,0,Reader_1_8.csv
1074,0,0,0,Reader_1_9.csv
1074,1,1,0,Reader_2_1.csv
1074,0,0,0,Reader_2_10.csv
1074,0,0,0,Reader_2_11.csv
1074,3,0,3,Reader_2_12.csv
1074,0,0,0,Reader_2_2.csv
1074,3,2,1,Reader_2_3.csv
1074,0,0,0,Reader_2_4.csv
1074,2,2,0,Reader_2_5.csv
1074,0,0,0,Reader_2_6.csv
1074,0,0,0,Reader_2_7.csv
1074,0,0,0,Reader_2_8.csv
1074,0,0,0,Reader_2_9.csv
1074,10,9,1,reader_3_1.csv
1074,38,29,9,Reader_3_2.csv
1074,2,2,0,Reader_3_3.csv
1074,2,2,0,Reader_3_4.csv
1074,2,2,0,Reader_3_5.csv
1074,23,17,6,Reader_3_6.csv
1074,1,1,0,Reader_3_7.csv
1075,10,9,1,Reader_1_1.csv
1075,2,0,2,Reader_1_10.csv
1075,10,5,5,Reader_1_11.csv
1075,0,0,0,Reader_1_12.csv
1075,5,4,1,Reader_1_2.csv
1075,1,1,0,Reader_1_3.csv
1075,0,0,0,Reader_1_4.csv
1075,24,17,7,Reader_1_5.csv
1075,3,0,3,Reader_1_6.csv
1075,0,0,0,Reader_1_7.csv
1075,0,0,0,Reader_1_8.csv
1075,0,0,0,Reader_1_9.csv
1075,1,1,0,Reader_2_1.csv
1075,0,0,0,Reader_2_10.csv
1075,0,0,0,Reader_2_11.csv
1075,2,0,2,Reader_2_12.csv
1075,0,0,0,Reader_2_2.csv
1075,3,2,1,Reader_2_3.csv
1075,0,0,0,Reader_2_4.csv
1075,2,2,0,Reader_2_5.csv
1075,0,0,0,Reader_2_6.csv
1075,0,0,0,Reader_2_7.csv
1075,0,0,0,Reader_2_8.csv
1075,0,0,0,Reader_2_9.csv
1075,9,8,1,reader_3_1.csv
1075,42,32,10,Reader_3_2.csv
1075,2,2,0,Reader_3_3.csv
1075,2,2,0,Reader_3_4.csv
1075,2,2,0,Reader_3_5.csv
1075,17,14,3,Reader_3_6.csv
1075,0,0,0,Reader_3_7.csv
1076,9,9,0,Reader_1_1.csv
1076,3,0,3,Reader_1_10.csv
1076,10,6,4,Reader_1_11.csv
1076,1,1,0,Reader_1_12.csv
1076,4,4,0,Reader_1_2.csv
1076,1,1,0,Reader_1_3.csv
1076,0,0,0,Reader_1_4.csv
1076,28,20,8,Reader_1_5.csv
1076,5,2,3,Reader_1_6.csv
1076,0,0,0,Reader_1_7.csv
1076,0,0,0,Reader_1_8.csv
1076,0,0,0,Reader_1_9.csv
1076,1,1,0,Reader_2_1.csv
1076,0,0,0,Reader_2_10.csv
1076,0,0,0,Reader_2_11.csv
1076,2,0,2,Reader_2_12.csv
1076,0,0,0,Reader_2_2.csv
1076,5,4,1,Reader_2_3.csv
1076,0,0,0,Reader_2_4.csv
1076,1,1,0,Reader_2_5.csv
1076,0,0,0,Reader_2_6.csv
1076,0,0,0,Reader_2_7.csv
1076,0,0,0,Reader_2_8.csv
1076,0,0,0,Reader_2_9.csv
1076,5,4,1,reader_3_1.csv
1076,43,33,10,Reader_3_2.csv
1076,2,2,0,Reader_3_3.csv
1076,2,2,0,Reader_3_4.csv
1076,1,1,0,Reader_3_5.csv
1076,18,14,4,Reader_3_6.csv
1076,2,1,1,Reader_3_7.csv
1077,9,8,1,Reader_1_1.csv
1077,2,0,2,Reader_1_10.csv
1077,11,7,4,Reader_1_11.csv
1077,2,2,0,Reader_1_12.csv
1077,4,3,1,Reader_1_2.csv
1077,3,3,0,Reader_1_3.csv
1077,0,0,0,Reader_1_4.csv
1077,32,24,8,Reader_1_5.csv
1077,4,2,2,Reader_1_6.csv
1077,0,0,0,Reader_1_7.csv
1077,0,0,0,Reader_1_8.csv
1077,0,0,0,Reader_1_9.csv
1077,1,1,0,Reader_2_1.csv
1077,0,0,0,Reader_2_10.csv
1077,0,0,0,Reader_2_11.csv
1077,1,0,1,Reader_2_12.csv
1077,0,0,0,Reader_2_2.csv
1077,6,4,2,Reader_2_3.csv
1077,0,0,0,Reader_2_4.csv
1077,1,1,0,Reader_2_5.csv
1077,0,0,0,Reader_2_6.csv
1077,0,0,0,Reader_2_7.csv
1077,0,0,0,Reader_2_8.csv
1077,0,0,0,Reader_2_9.csv
1077,4,4,0,reader_3_1.csv
1077,43,35,8,Reader_3_2.csv
1077,1,1,0,Reader_3_3.csv
1077,1,1,0,Reader_3_4.csv
1077,2,2,0,Reader_3_5.csv
1077,15,12,3,Reader_3_6.csv
1077,2,1,1,Reader_3_7.csv
1078,10,9,1,Reader_1_1.csv
1078,2,0,2,Reader_1_10.csv
1078,18,13,5,Reader_1_11.csv
1078,2,2,0,Reader_1_12.csv
1078,4,3,1,Reader_1_2.csv
1078,2,2,0,Reader_1_3.csv
1078,0,0,0,Reader_1_4.csv
1078,32,24,8,Reader_1_5.csv
1078,4,2,2,Reader_1_6.csv
1078,1,0,1,Reader_1_7.csv
1078,0,0,0,Reader_1_8.csv
1078,0,0,0,Reader_1_9.csv
1078,0,0,0,Reader_2_1.csv
1078,0,0,0,Reader_2_10.csv
1078,0,0,0,Reader_2_11.csv
1078,0,0,0,Reader_2_12.csv
1078,0,0,0,Reader_2_2.csv
1078,7,5,2,Reader_2_3.csv
1078,0,0,0,Reader_2_4.csv
1078,1,1,0,Reader_2_5.csv
1078,0,0,0,Reader_2_6.csv
1078,0,0,0,Reader_2_7.csv
1078,0,0,0,Reader_2_8.csv
1078,0,0,0,Reader_2_9.csv
1078,4,4,0,reader_3_1.csv
1078,35,30,5,Reader_3_2.csv
1078,1,1,0,Reader_3_3.csv
1078,1,1,0,Reader_3_4.csv
1078,1,1,0,Reader_3_5.csv
1078,16,13,3,Reader_3_6.csv
1078,2,1,1,Reader_3_7.csv
1079,7,6,1,Reader_1_1.csv
1079,2,0,2,Reader_1_10.csv
1079,19,14,5,Reader_1_11.csv
1079,2,2,0,Reader_1_12.csv
1079,7,6,1,Reader_1_2.csv
1079,2,2,0,Reader_1_3.csv
1079,0,0,0,Reader_1_4.csv
1079,37,27,10,Reader_1_5.csv
1079,3,2,1,Reader_1_6.csv
1079,1,0,1,Reader_1_7.csv
1079,0,0,0,Reader_1_8.csv
1079,0,0,0,Reader_1_9.csv
1079,0,0,0,Reader_2_1.csv
1079,0,0,0,Reader_2_10.csv
1079,0,0,0,Reader_2_11.csv
1079,0,0,0,Reader_2_12.csv
1079,0,0,0,Reader_2_2.csv
1079,7,5,2,Reader_2_3.csv
1079,0,0,0,Reader_2_4.csv
1079,2,2,0,Reader_2_5.csv
1079,0,0,0,Reader_2_6.csv
1079,0,0,0,Reader_2_7.csv
1079,0,0,0,Reader_2_8.csv
1079,0,0,0,Reader_2_9.csv
1079,6,5,1,reader_3_1.csv
1079,30,26,4,Reader_3_2.csv
1079,1,1,0,Reader_3_3.csv
1079,1,1,0,Reader_3_4.csv
1079,2,1,1,Reader_3_5.csv
1079,14,12,2,Reader_3_6.csv
1079,2,1,1,Reader_3_7.csv
1080,5,4,1,Reader_1_1.csv
1080,1,0,1,Reader_1_10.csv
1080,23,17,6,Reader_1_11.csv
1080,3,3,0,Reader_1_12.csv
1080,6,5,1,Reader_1_2.csv
1080,2,2,0,Reader_1_3.csv
1080,0,0,0,Reader_1_4.csv
1080,37,27,10,Reader_1_5.csv
1080,3,2,1,Reader_1_6.csv
1080,1,0,1,Reader_1_7.csv
1080,0,0,0,Reader_1_8.csv
1080,0,0,0,Reader_1_9.csv
1080,0,0,0,Reader_2_1.csv
1080,0,0,0,Reader_2_10.csv
1080,0,0,0,Reader_2_11.csv
1080,0,0,0,Reader_2_12.csv
1080,0,0,0,Reader_2_2.csv
1080,6,4,2,Reader_2_3.csv
1080,0,0,0,Reader_2_4.csv
1080,2,2,0,Reader_2_5.csv
1080,0,0,0,Reader_2_6.csv
1080,0,0,0,Reader_2_7.csv
1080,0,0,0,Reader_2_8.csv
1080,0,0,0,Reader_2_9.csv
1080,7,6,1,reader_3_1.csv
1080,27,25,2,Reader_3_2.csv
1080,1,1,0,Reader_3_3.csv
1080,1,1,0,Reader_3_4.csv
1080,2,1,1,Reader_3_5.csv
1080,11,9,2,Reader_3_6.csv
1080,2,1,1,Reader_3_7.csv
1081,4,3,1,Reader_1_1.csv
1081,1,0,1,Reader_1_10.csv
1081,25,18,7,Reader_1_11.csv
1081,3,3,0,Reader_1_12.csv
1081,7,6,1,Reader_1_2.csv
1081,2,2,0,Reader_1_3.csv
1081,0,0,0,Reader_1_4.csv
1081,35,23,12,Reader_1_5.csv
1081,3,2,1,Reader_1_6.csv
1081,1,0,1,Reader_1_7.csv
1081,0,0,0,Reader_1_8.csv
1081,0,0,0,Reader_1_9.csv
1081,0,0,0,Reader_2_1.csv
1081,0,0,0,Reader_2_10.csv
1081,0,0,0,Reader_2_11.csv
1081,0,0,0,Reader_2_12.csv
1081,0,0,0,Reader_2_2.csv
1081,6,4,2,Reader_2_3.csv
1081,0,0,0,Reader_2_4.csv
1081,2,2,0,Reader_2_5.csv
1081,0,0,0,Reader_2_6.csv
1081,0,0,0,Reader_2_7.csv
1081,1,1,0,Reader_2_8.csv
1081,0,0,0,Reader_2_9.csv
1081,7,5,2,reader_3_1.csv
1081,28,26,2,Reader_3_2.csv
1081,1,1,0,Reader_3_3.csv
1081,1,1,0,Reader_3_4.csv
1081,2,1,1,Reader_3_5.csv
1081,9,8,1,Reader_3_6.csv
1081,2,1,1,Reader_3_7.csv
1082,4,3,1,Reader_1_1.csv
1082,1,0,1,Reader_1_10.csv
1082,25,19,6,Reader_1_11.csv
1082,3,3,0,Reader_1_12.csv
1082,7,6,1,Reader_1_2.csv
1082,2,2,0,Reader_1_3.csv
1082,0,0,0,Reader_1_4.csv
1082,31,22,9,Reader_1_5.csv
1082,3,3,0,Reader_1_6.csv
1082,2,1,1,Reader_1_7.csv
1082,0,0,0,Reader_1_8.csv
1082,0,0,0,Reader_1_9.csv
1082,0,0,0,Reader_2_1.csv
1082,0,0,0,Reader_2_10.csv
1082,0,0,0,Reader_2_11.csv
1082,0,0,0,Reader_2_12.csv
1082,0,0,0,Reader_2_2.csv
1082,4,3,1,Reader_2_3.csv
1082,0,0,0,Reader_2_4.csv
1082,2,2,0,Reader_2_5.csv
1082,0,0,0,Reader_2_6.csv
1082,0,0,0,Reader_2_7.csv
1082,1,1,0,Reader_2_8.csv
1082,0,0,0,Reader_2_9.csv
1082,9,6,3,reader_3_1.csv
1082,25,23,2,Reader_3_2.csv
1082,1,1,0,Reader_3_3.csv
1082,1,1,0,Reader_3_4.csv
1082,2,1,1,Reader_3_5.csv
1082,7,6,1,Reader_3_6.csv
1082,2,1,1,Reader_3_7.csv
1083,5,4,1,Reader_1_1.csv
1083,1,0,1,Reader_1_10.csv
1083,21,15,6,Reader_1_11.csv
1083,3,3,0,Reader_1_12.csv
1083,7,6,1,Reader_1_2.csv
1083,2,2,0,Reader_1_3.csv
1083,1,1,0,Reader_1_4.csv
1083,26,18,8,Reader_1_5.csv
1083,3,3,0,Reader_1_6.csv
1083,2,1,1,Reader_1_7.csv
1083,0,0,0,Reader_1_8.csv
1083,0,0,0,Reader_1_9.csv
1083,0,0,0,Reader_2_1.csv
1083,0,0,0,Reader_2_10.csv
1083,0,0,0,Reader_2_11.csv
1083,0,0,0,Reader_2_12.csv
1083,0,0,0,Reader_2_2.csv
1083,4,3,1,Reader_2_3.csv
1083,0,0,0,Reader_2_4.csv
1083,2,2,0,Reader_2_5.csv
1083,0,0,0,Reader_2_6.csv
1083,0,0,0,Reader_2_7.csv
1083,1,1,0,Reader_2_8.csv
1083,0,0,0,Reader_2_9.csv
1083,12,7,5,reader_3_1.csv
1083,22,21,1,Reader_3_2.csv
1083,0,0,0,Reader_3_3.csv
1083,0,0,0,Reader_3_4.csv
1083,2,1,1,Reader_3_5.csv
1083,7,6,1,Reader_3_6.csv
1083,2,1,1,Reader_3_7.csv
1084,5,4,1,Reader_1_1.csv
1084,0,0,0,Reader_1_10.csv
1084,21,15,6,Reader_1_11.csv
1084,2,2,0,Reader_1_12.csv
1084,10,9,1,Reader_1_2.csv
1084,2,2,0,Reader_1_3.csv
1084,1,1,0,Reader_1_4.csv
1084,24,17,7,Reader_1_5.csv
1084,1,1,0,Reader_1_6.csv
1084,3,2,1,Reader_1_7.csv
1084,0,0,0,Reader_1_8.csv
1084,0,0,0,Reader_1_9.csv
1084,0,0,0,Reader_2_1.csv
1084,0,0,0,Reader_2_10.csv
1084,0,0,0,Reader_2_11.csv
1084,0,0,0,Reader_2_12.csv
1084,0,0,0,Reader_2_2.csv
1084,2,1,1,Reader_2_3.csv
1084,0,0,0,Reader_2_4.csv
1084,3,2,1,Reader_2_5.csv
1084,0,0,0,Reader_2_6.csv
1084,0,0,0,Reader_2_7.csv
1084,1,1,0,Reader_2_8.csv
1084,0,0,0,Reader_2_9.csv
1084,12,7,5,reader_3_1.csv
1084,21,20,1,Reader_3_2.csv
1084,0,0,0,Reader_3_3.csv
1084,0,0,0,Reader_3_4.csv
1084,2,1,1,Reader_3_5.csv
1084,7,7,0,Reader_3_6.csv
1084,0,0,0,Reader_3_7.csv
1085,3,3,0,Reader_1_1.csv
1085,0,0,0,Reader_1_10.csv
1085,23,16,7,Reader_1_11.csv
1085,1,1,0,Reader_1_12.csv
1085,9,9,0,Reader_1_2.csv
1085,0,0,0,Reader_1_3.csv
1085,1,1,0,Reader_1_4.csv
1085,20,13,7,Reader_1_5.csv
1085,1,1,0,Reader_1_6.csv
1085,3,2,1,Reader_1_7.csv
1085,0,0,0,Reader_1_8.csv
1085,0,0,0,Reader_1_9.csv
1085,2,0,2,Reader_2_1.csv
1085,0,0,0,Reader_2_10.csv
1085,0,0,0,Reader_2_11.csv
1085,0,0,0,Reader_2_12.csv
1085,0,0,0,Reader_2_2.csv
1085,1,1,0,Reader_2_3.csv
1085,0,0,0,Reader_2_4.csv
1085,3,2,1,Reader_2_5.csv
1085,0,0,0,Reader_2_6.csv
1085,0,0,0,Reader_2_7.csv
1085,1,1,0,Reader_2_8.csv
1085,0,0,0,Reader_2_9.csv
1085,13,7,6,reader_3_1.csv
1085,13,13,0,Reader_3_2.csv
1085,0,0,0,Reader_3_3.csv
1085,0,0,0,Reader_3_4.csv
1085,1,0,1,Reader_3_5.csv
1085,10,10,0,Reader_3_6.csv
1085,1,1,0,Reader_3_7.csv
1086,3,3,0,Reader_1_1.csv
1086,0,0,0,Reader_1_10.csv
1086,15,11,4,Reader_1_11.csv
1086,1,1,0,Reader_1_12.csv
1086,10,10,0,Reader_1_2.csv
1086,0,0,0,Reader_1_3.csv
1086,1,1,0,Reader_1_4.csv
1086,18,13,5,Reader_1_5.csv
1086,1,1,0,Reader_1_6.csv
1086,2,2,0,Reader_1_7.csv
1086,0,0,0,Reader_1_8.csv
1086,0,0,0,Reader_1_9.csv
1086,2,0,2,Reader_2_1.csv
1086,0,0,0,Reader_2_10.csv
1086,0,0,0,Reader_2_11.csv
1086,0,0,0,Reader_2_12.csv
1086,0,0,0,Reader_2_2.csv
1086,0,0,0,Reader_2_3.csv
1086,0,0,0,Reader_2_4.csv
1086,3,2,1,Reader_2_5.csv
1086,0,0,0,Reader_2_6.csv
1086,0,0,0,Reader_2_7.csv
1086,1,1,0,Reader_2_8.csv
1086,0,0,0,Reader_2_9.csv
1086,13,7,6,reader_3_1.csv
1086,12,10,2,Reader_3_2.csv
1086,0,0,0,Reader_3_3.csv
1086,0,0,0,Reader_3_4.csv
1086,2,1,1,Reader_3_5.csv
1086,9,8,1,Reader_3_6.csv
1086,1,1,0,Reader_3_7.csv
1087,2,2,0,Reader_1_1.csv
1087,0,0,0,Reader_1_10.csv
1087,16,10,6,Reader_1_11.csv
1087,1,1,0,Reader_1_12.csv
1087,7,7,0,Reader_1_2.csv
1087,0,0,0,Reader_1_3.csv
1087,1,1,0,Reader_1_4.csv
1087,13,10,3,Reader_1_5.csv
1087,1,1,0,Reader_1_6.csv
1087,3,3,0,Reader_1_7.csv
1087,0,0,0,Reader_1_8.csv
1087,0,0,0,Reader_1_9.csv
1087,2,0,2,Reader_2_1.csv
1087,0,0,0,Reader_2_10.csv
1087,0,0,0,Reader_2_11.csv
1087,0,0,0,Reader_2_12.csv
1087,0,0,0,Reader_2_2.csv
1087,0,0,0,Reader_2_3.csv
1087,0,0,0,Reader_2_4.csv
1087,2,1,1,Reader_2_5.csv
1087,0,0,0,Reader_2_6.csv
1087,0,0,0,Reader_2_7.csv
1087,2,2,0,Reader_2_8.csv
1087,0,0,0,Reader_2_9.csv
1087,13,7,6,reader_3_1.csv
1087,13,11,2,Reader_3_2.csv
1087,0,0,0,Reader_3_3.csv
1087,0,0,0,Reader_3_4.csv
1087,2,1,1,Reader_3_5.csv
1087,10,8,2,Reader_3_6.csv
1087,1,1,0,Reader_3_7.csv
1088,3,3,0,Reader_1_1.csv
1088,0,0,0,Reader_1_10.csv
1088,14,8,6,Reader_1_11.csv
1088,0,0,0,Reader_1_12.csv
1088,7,7,0,Reader_1_2.csv
1088,0,0,0,Reader_1_3.csv
1088,1,1,0,Reader_1_4.csv
1088,12,9,3,Reader_1_5.csv
1088,1,1,0,Reader_1_6.csv
1088,4,3,1,Reader_1_7.csv
1088,0,0,0,Reader_1_8.csv
1088,0,0,0,Reader_1_9.csv
1088,2,0,2,Reader_2_1.csv
1088,0,0,0,Reader_2_10.csv
1088,0,0,0,Reader_2_11.csv
1088,0,0,0,Reader_2_12.csv
1088,0,0,0,Reader_2_2.csv
1088,1,0,1,Reader_2_3.csv
1088,0,0,0,Reader_2_4.csv
1088,3,2,1,Reader_2_5.csv
1088,0,0,0,Reader_2_6.csv
1088,0,0,0,Reader_2_7.csv
1088,3,3,0,Reader_2_8.csv
1088,0,0,0,Reader_2_9.csv
1088,13,7,6,reader_3_1.csv
1088,13,11,2,Reader_3_2.csv
1088,1,1,0,Reader_3_3.csv
1088,1,1,0,Reader_3_4.csv
1088,2,1,1,Reader_3_5.csv
1088,14,10,4,Reader_3_6.csv
1088,1,1,0,Reader_3_7.csv
1089,4,4,0,Reader_1_1.csv
1089,0,0,0,Reader_1_10.csv
1089,13,8,5,Reader_1_11.csv
1089,0,0,0,Reader_1_12.csv
1089,6,6,0,Reader_1_2.csv
1089,0,0,0,Reader_1_3.csv
1089,1,1,0,Reader_1_4.csv
1089,8,6,2,Reader_1_5.csv
1089,1,1,0,Reader_1_6.csv
1089,5,4,1,Reader_1_7.csv
1089,0,0,0,Reader_1_8.csv
1089,0,0,0,Reader_1_9.csv
1089,2,0,2,Reader_2_1.csv
1089,0,0,0,Reader_2_10.csv
1089,0,0,0,Reader_2_11.csv
1089,0,0,0,Reader_2_12.csv
1089,0,0,0,Reader_2_2.csv
1089,2,0,2,Reader_2_3.csv
1089,0,0,0,Reader_2_4.csv
1089,3,2,1,Reader_2_5.csv
1089,0,0,0,Reader_2_6.csv
1089,0,0,0,Reader_2_7.csv
1089,3,3,0,Reader_2_8.csv
1089,0,0,0,Reader_2_9.csv
1089,13,8,5,reader_3_1.csv
1089,15,13,2,Reader_3_2.csv
1089,1,1,0,Reader_3_3.csv
1089,1,1,0,Reader_3_4.csv
1089,4,3,1,Reader_3_5.csv
1089,16,12,4,Reader_3_6.csv
1089,1,1,0,Reader_3_7.csv
1090,5,5,0,Reader_1_1.csv
1090,0,0,0,Reader_1_10.csv
1090,13,7,6,Reader_1_11.csv
1090,0,0,0,Reader_1_12.csv
1090,5,5,0,Reader_1_2.csv
1090,0,0,0,Reader_1_3.csv
1090,1,1,0,Reader_1_4.csv
1090,11,8,3,Reader_1_5.csv
1090,0,0,0,Reader_1_6.csv
1090,7,5,2,Reader_1_7.csv
1090,0,0,0,Reader_1_8.csv
1090,0,0,0,Reader_1_9.csv
1090,2,0,2,Reader_2_1.csv
1090,0,0,0,Reader_2_10.csv
1090,0,0,0,Reader_2_11.csv
1090,0,0,0,Reader_2_12.csv
1090,0,0,0,Reader_2_2.csv
1090,3,1,2,Reader_2_3.csv
1090,0,0,0,Reader_2_4.csv
1090,3,2,1,Reader_2_5.csv
1090,0,0,0,Reader_2_6.csv
1090,0,0,0,Reader_2_7.csv
1090,4,4,0,Reader_2_8.csv
1090,0,0,0,Reader_2_9.csv
1090,11,7,4,reader_3_1.csv
1090,15,12,3,Reader_3_2.csv
1090,1,1,0,Reader_3_3.csv
1090,1,1,0,Reader_3_4.csv
1090,5,4,1,Reader_3_5.csv
1090,17,13,4,Reader_3_6.csv
1090,1,1,0,Reader_3_7.csv
1091,5,5,0,Reader_1_1.csv
1091,0,0,0,Reader_1_10.csv
1091,16,9,7,Reader_1_11.csv
1091,0,0,0,Reader_1_12.csv
1091,7,7,0,Reader_1_2.csv
1091,0,0,0,Reader_1_3.csv
1091,0,0,0,Reader_1_4.csv
1091,9,7,2,Reader_1_5.csv
1091,0,0,0,Reader_1_6.csv
1091,8,6,2,Reader_1_7.csv
1091,0,0,0,Reader_1_8.csv
1091,0,0,0,Reader_1_9.csv
1091,2,0,2,Reader_2_1.csv
1091,0,0,0,Reader_2_10.csv
1091,0,0,0,Reader_2_11.csv
1091,2,2,0,Reader_2_12.csv
1091,0,0,0,Reader_2_2.csv
1091,3,1,2,Reader_2_3.csv
1091,0,0,0,Reader_2_4.csv
1091,3,2,1,Reader_2_5.csv
1091,0,0,0,Reader_2_6.csv
1091,0,0,0,Reader_2_7.csv
1091,5,5,0,Reader_2_8.csv
1091,0,0,0,Reader_2_9.csv
1091,8,6,2,reader_3_1.csv
1091,15,11,4,Reader_3_2.csv
1091,1,1,0,Reader_3_3.csv
1091,1,1,0,Reader_3_4.csv
1091,6,5,1,Reader_3_5.csv
1091,21,14,7,Reader_3_6.csv
1091,1,1,0,Reader_3_7.csv
1092,7,7,0,Reader_1_1.csv
1092,0,0,0,Reader_1_10.csv
1092,15,8,7,Reader_1_11.csv
1092,0,0,0,Reader_1_12.csv
1092,3,3,0,Reader_1_2.csv
1092,0,0,0,Reader_1_3.csv
1092,0,0,0,Reader_1_4.csv
1092,7,5,2,Reader_1_5.csv
1092,0,0,0,Reader_1_6.csv
1092,8,6,2,Reader_1_7.csv
1092,0,0,0,Reader_1_8.csv
1092,0,0,0,Reader_1_9.csv
1092,2,0,2,Reader_2_1.csv
1092,0,0,0,Reader_2_10.csv
1092,0,0,0,Reader_2_11.csv
1092,2,2,0,Reader_2_12.csv
1092,0,0,0,Reader_2_2.csv
1092,5,2,3,Reader_2_3.csv
1092,0,0,0,Reader_2_4.csv
1092,3,3,0,Reader_2_5.csv
1092,0,0,0,Reader_2_6.csv
1092,0,0,0,Reader_2_7.csv
1092,5,5,0,Reader_2_8.csv
1092,0,0,0,Reader_2_9.csv
1092,8,6,2,reader_3_1.csv
1092,16,12,4,Reader_3_2.csv
1092,1,1,0,Reader_3_3.csv
1092,1,1,0,Reader_3_4.csv
1092,7,6,1,Reader_3_5.csv
1092,22,15,7,Reader_3_6.csv
1092,1,1,0,Reader_3_7.csv
1093,7,7,0,Reader_1_1.csv
1093,0,0,0,Reader_1_10.csv
1093,13,6,7,Reader_1_11.csv
1093,0,0,0,Reader_1_12.csv
1093,3,3,0,Reader_1_2.csv
1093,2,2,0,Reader_1_3.csv
1093,0,0,0,Reader_1_4.csv
1093,9,7,2,Reader_1_5.csv
1093,0,0,0,Reader_1_6.csv
1093,8,6,2,Reader_1_7.csv
1093,0,0,0,Reader_1_8.csv
1093,0,0,0,Reader_1_9.csv
1093,0,0,0,Reader_2_1.csv
1093,0,0,0,Reader_2_10.csv
1093,0,0,0,Reader_2_11.csv
1093,2,2,0,Reader_2_12.csv
1093,0,0,0,Reader_2_2.csv
1093,5,2,3,Reader_2_3.csv
1093,0,0,0,Reader_2_4.csv
1093,3,3,0,Reader_2_5.csv
1093,0,0,0,Reader_2_6.csv
1093,0,0,0,Reader_2_7.csv
1093,7,7,0,Reader_2_8.csv
1093,0,0,0,Reader_2_9.csv
1093,7,6,1,reader_3_1.csv
1093,17,13,4,Reader_3_2.csv
1093,1,1,0,Reader_3_3.csv
1093,1,1,0,Reader_3_4.csv
1093,7,6,1,Reader_3_5.csv
1093,22,14,8,Reader_3_6.csv
1093,0,0,0,Reader_3_7.csv
1094,7,7,0,Reader_1_1.csv
1094,0,0,0,Reader_1_10.csv
1094,13,5,8,Reader_1_11.csv
1094,0,0,0,Reader_1_12.csv
1094,2,2,0,Reader_1_2.csv
1094,2,2,0,Reader_1_3.csv
1094,0,0,0,Reader_1_4.csv
1094,9,7,2,Reader_1_5.csv
1094,0,0,0,Reader_1_6.csv
1094,8,6,2,Reader_1_7.csv
1094,0,0,0,Reader_1_8.csv
1094,0,0,0,Reader_1_9.csv
1094,0,0,0,Reader_2_1.csv
1094,0,0,0,Reader_2_10.csv
1094,0,0,0,Reader_2_11.csv
1094,2,2,0,Reader_2_12.csv
1094,0,0,0,Reader_2_2.csv
1094,5,2,3,Reader_2_3.csv
1094,0,0,0,Reader_2_4.csv
1094,3,3,0,Reader_2_5.csv
1094,0,0,0,Reader_2_6.csv
1094,0,0,0,Reader_2_7.csv
1094,7,7,0,Reader_2_8.csv
1094,0,0,0,Reader_2_9.csv
1094,7,6,1,reader_3_1.csv
1094,15,13,2,Reader_3_2.csv
1094,1,1,0,Reader_3_3.csv
1094,1,1,0,Reader_3_4.csv
1094,7,5,2,Reader_3_5.csv
1094,23,15,8,Reader_3_6.csv
1094,0,0,0,Reader_3_7.csv
1095,7,7,0,Reader_1_1.csv
1095,0,0,0,Reader_1_10.csv
1095,12,6,6,Reader_1_11.csv
1095,0,0,0,Reader_1_12.csv
1095,3,3,0,Reader_1_2.csv
1095,2,2,0,Reader_1_3.csv
1095,0,0,0,Reader_1_4.csv
1095,9,7,2,Reader_1_5.csv
1095,0,0,0,Reader_1_6.csv
1095,7,5,2,Reader_1_7.csv
1095,0,0,0,Reader_1_8.csv
1095,0,0,0,Reader_1_9.csv
1095,0,0,0,Reader_2_1.csv
1095,0,0,0,Reader_2_10.csv
1095,0,0,0,Reader_2_11.csv
1095,2,2,0,Reader_2_12.csv
1095,0,0,0,Reader_2_2.csv
1095,5,2,3,Reader_2_3.csv
1095,0,0,0,Reader_2_4.csv
1095,4,4,0,Reader_2_5.csv
1095,0,0,0,Reader_2_6.csv
1095,0,0,0,Reader_2_7.csv
1095,7,7,0,Reader_2_8.csv
1095,0,0,0,Reader_2_9.csv
1095,7,5,2,reader_3_1.csv
1095,14,12,2,Reader_3_2.csv
1095,4,3,1,Reader_3_3.csv
1095,4,3,1,Reader_3_4.csv
1095,6,5,1,Reader_3_5.csv
1095,26,16,10,Reader_3_6.csv
1095,0,0,0,Reader_3_7.csv
1096,6,6,0,Reader_1_1.csv
1096,0,0,0,Reader_1_10.csv
1096,10,5,5,Reader_1_11.csv
1096,0,0,0,Reader_1_12.csv
1096,4,4,0,Reader_1_2.csv
1096,3,3,0,Reader_1_3.csv
1096,0,0,0,Reader_1_4.csv
1096,10,8,2,Reader_1_5.csv
1096,0,0,0,Reader_1_6.csv
1096,6,5,1,Reader_1_7.csv
1096,0,0,0,Reader_1_8.csv
1096,0,0,0,Reader_1_9.csv
1096,0,0,0,Reader_2_1.csv
1096,0,0,0,Reader_2_10.csv
1096,0,0,0,Reader_2_11.csv
1096,2,2,0,Reader_2_12.csv
1096,0,0,0,Reader_2_2.csv
1096,4,2,2,Reader_2_3.csv
1096,0,0,0,Reader_2_4.csv
1096,3,3,0,Reader_2_5.csv
1096,0,0,0,Reader_2_6.csv
1096,0,0,0,Reader_2_7.csv
1096,7,7,0,Reader_2_8.csv
1096,0,0,0,Reader_2_9.csv
1096,6,4,2,reader_3_1.csv
1096,15,13,2,Reader_3_2.csv
1096,4,2,2,Reader_3_3.csv
1096,4,2,2,Reader_3_4.csv
1096,6,5,1,Reader_3_5.csv
1096,25,16,9,Reader_3_6.csv
1096,1,1,0,Reader_3_7.csv
1097,6,6,0,Reader_1_1.csv
1097,0,0,0,Reader_1_10.csv
1097,11,7,4,Reader_1_11.csv
1097,0,0,0,Reader_1_12.csv
1097,4,4,0,Reader_1_2.csv
1097,3,3,0,Reader_1_3.csv
1097,0,0,0,Reader_1_4.csv
1097,9,8,1,Reader_1_5.csv
1097,0,0,0,Reader_1_6.csv
1097,6,5,1,Reader_1_7.csv
1097,0,0,0,Reader_1_8.csv
1097,0,0,0,Reader_1_9.csv
1097,0,0,0,Reader_2_1.csv
1097,0,0,0,Reader_2_10.csv
1097,0,0,0,Reader_2_11.csv
1097,2,2,0,Reader_2_12.csv
1097,0,0,0,Reader_2_2.csv
1097,3,2,1,Reader_2_3.csv
1097,0,0,0,Reader_2_4.csv
1097,4,4,0,Reader_2_5.csv
1097,0,0,0,Reader_2_6.csv
1097,0,0,0,Reader_2_7.csv
1097,6,6,0,Reader_2_8.csv
1097,0,0,0,Reader_2_9.csv
1097,6,4,2,reader_3_1.csv
1097,12,10,2,Reader_3_2.csv
1097,4,2,2,Reader_3_3.csv
1097,4,2,2,Reader_3_4.csv
1097,5,4,1,Reader_3_5.csv
1097,23,14,9,Reader_3_6.csv
1097,1,1,0,Reader_3_7.csv
1098,6,6,0,Reader_1_1.csv
1098,0,0,0,Reader_1_10.csv
1098,9,6,3,Reader_1_11.csv
1098,0,0,0,Reader_1_12.csv
1098,4,4,0,Reader_1_2.csv
1098,4,4,0,Reader_1_3.csv
1098,1,1,0,Reader_1_4.csv
1098,8,7,1,Reader_1_5.csv
1098,0,0,0,Reader_1_6.csv
1098,3,3,0,Reader_1_7.csv
1098,0,0,0,Reader_1_8.csv
1098,0,0,0,Reader_1_9.csv
1098,0,0,0,Reader_2_1.csv
1098,0,0,0,Reader_2_10.csv
1098,1,1,0,Reader_2_11.csv
1098,4,3,1,Reader_2_12.csv
1098,0,0,0,Reader_2_2.csv
1098,2,1,1,Reader_2_3.csv
1098,0,0,0,Reader_2_4.csv
1098,3,3,0,Reader_2_5.csv
1098,0,0,0,Reader_2_6.csv
1098,0,0,0,Reader_2_7.csv
1098,7,7,0,Reader_2_8.csv
1098,0,0,0,Reader_2_9.csv
1098,7,5,2,reader_3_1.csv
1098,13,12,1,Reader_3_2.csv
1098,4,2,2,Reader_3_3.csv
1098,4,2,2,Reader_3_4.csv
1098,4,3,1,Reader_3_5.csv
1098,24,15,9,Reader_3_6.csv
1098,1,1,0,Reader_3_7.csv
1099,5,5,0,Reader_1_1.csv
1099,0,0,0,Reader_1_10.csv
1099,7,4,3,Reader_1_11.csv
1099,0,0,0,Reader_1_12.csv
1099,7,7,0,Reader_1_2.csv
1099,4,4,0,Reader_1_3.csv
1099,1,1,0,Reader_1_4.csv
1099,12,11,1,Reader_1_5.csv
1099,0,0,0,Reader_1_6.csv
1099,2,2,0,Reader_1_7.csv
1099,0,0,0,Reader_1_8.csv
1099,0,0,0,Reader_1_9.csv
1099,0,0,0,Reader_2_1.csv
1099,0,0,0,Reader_2_10.csv
1099,1,1,0,Reader_2_11.csv
1099,2,1,1,Reader_2_12.csv
1099,1,1,0,Reader_2_2.csv
1099,2,1,1,Reader_2_3.csv
1099,1,1,0,Reader_2_4.csv
1099,3,3,0,Reader_2_5.csv
1099,0,0,0,Reader_2_6.csv
1099,0,0,0,Reader_2_7.csv
1099,7,7,0,Reader_2_8.csv
1099,0,0,0,Reader_2_9.csv
1099,8,6,2,reader_3_1.csv
1099,11,11,0,Reader_3_2.csv
1099,5,3,2,Reader_3_3.csv
1099,5,3,2,Reader_3_4.csv
1099,5,4,1,Reader_3_5.csv
1099,20,12,8,Reader_3_6.csv
1099,1,1,0,Reader_3_7.csv
1100,5,5,0,Reader_1_1.csv
1100,0,0,0,Reader_1_10.csv
1100,10,7,3,Reader_1_11.csv
1100,0,0,0,Reader_1_12.csv
1100,8,8,0,Reader_1_2.csv
1100,4,4,0,Reader_1_3.csv
1100,1,1,0,Reader_1_4.csv
1100,13,12,1,Reader_1_5.csv
1100,0,0,0,Reader_1_6.csv
1100,1,1,0,Reader_1_7.csv
1100,0,0,0,Reader_1_8.csv
1100,0,0,0,Reader_1_9.csv
1100,0,0,0,Reader_2_1.csv
1100,0,0,0,Reader_2_10.csv
1100,1,1,0,Reader_2_11.csv
1100,2,1,1,Reader_2_12.csv
1100,1,1,0,Reader_2_2.csv
1100,0,0,0,Reader_2_3.csv
1100,1,1,0,Reader_2_4.csv
1100,2,2,0,Reader_2_5.csv
1100,0,0,0,Reader_2_6.csv
1100,0,0,0,Reader_2_7.csv
1100,9,8,1,Reader_2_8.csv
1100,0,0,0,Reader_2_9.csv
1100,8,6,2,reader_3_1.csv
1100,12,12,0,Reader_3_2.csv
1100,7,4,3,Reader_3_3.csv
1100,7,4,3,Reader_3_4.csv
1100,6,5,1,Reader_3_5.csv
1100,19,10,9,Reader_3_6.csv
1100,1,1,0,Reader_3_7.csv
1101,5,5,0,Reader_1_1.csv
1101,0,0,0,Reader_1_10.csv
1101,9,7,2,Reader_1_11.csv
1101,0,0,0,Reader_1_12.csv
1101,13,13,0,Reader_1_2.csv
1101,2,2,0,Reader_1_3.csv
1101,1,1,0,Reader_1_4.csv
1101,12,10,2,Reader_1_5.csv
1101,0,0,0,Reader_1_6.csv
1101,1,1,0,Reader_1_7.csv
1101,0,0,0,Reader_1_8.csv
1101,0,0,0,Reader_1_9.csv
1101,0,0,0,Reader_2_1.csv
1101,0,0,0,Reader_2_10.csv
1101,1,1,0,Reader_2_11.csv
1101,2,1,1,Reader_2_12.csv
1101,2,2,0,Reader_2_2.csv
1101,0,0,0,Reader_2_3.csv
1101,1,1,0,Reader_2_4.csv
1101,3,3,0,Reader_2_5.csv
1101,0,0,0,Reader_2_6.csv
1101,0,0,0,Reader_2_7.csv
1101,7,6,1,Reader_2_8.csv
1101,0,0,0,Reader_2_9.csv
1101,9,6,3,reader_3_1.csv
1101,14,14,0,Reader_3_2.csv
1101,7,4,3,Reader_3_3.csv
1101,7,4,3,Reader_3_4.csv
1101,6,5,1,Reader_3_5.csv
1101,21,10,11,Reader_3_6.csv
1101,1,1,0,Reader_3_7.csv
1102,4,4,0,Reader_1_1.csv
1102,0,0,0,Reader_1_10.csv
1102,9,8,1,Reader_1_11.csv
1102,1,1,0,Reader_1_12.csv
1102,13,13,0,Reader_1_2.csv
1102,2,2,0,Reader_1_3.csv
1102,1,1,0,Reader_1_4.csv
1102,12,9,3,Reader_1_5.csv
1102,0,0,0,Reader_1_6.csv
1102,1,1,0,Reader_1_7.csv
1102,0,0,0,Reader_1_8.csv
1102,0,0,0,Reader_1_9.csv
1102,0,0,0,Reader_2_1.csv
1102,0,0,0,Reader_2_10.csv
1102,2,2,0,Reader_2_11.csv
1102,2,1,1,Reader_2_12.csv
1102,2,2,0,Reader_2_2.csv
1102,1,1,0,Reader_2_3.csv
1102,1,1,0,Reader_2_4.csv
1102,4,4,0,Reader_2_5.csv
1102,0,0,0,Reader_2_6.csv
1102,0,0,0,Reader_2_7.csv
1102,8,7,1,Reader_2_8.csv
1102,0,0,0,Reader_2_9.csv
1102,8,5,3,reader_3_1.csv
1102,14,14,0,Reader_3_2.csv
1102,9,5,4,Reader_3_3.csv
1102,9,5,4,Reader_3_4.csv
1102,5,5,0,Reader_3_5.csv
1102,24,13,11,Reader_3_6.csv
1102,1,1,0,Reader_3_7.csv
1103,4,4,0,Reader_1_1.csv
1103,0,0,0,Reader_1_10.csv
1103,10,9,1,Reader_1_11.csv
1103,1,1,0,Reader_1_12.csv
1103,13,13,0,Reader_1_2.csv
1103,2,2,0,Reader_1_3.csv
1103,1,1,0,Reader_1_4.csv
1103,11,8,3,Reader_1_5.csv
1103,0,0,0,Reader_1_6.csv
1103,1,1,0,Reader_1_7.csv
1103,0,0,0,Reader_1_8.csv
1103,0,0,0,Reader_1_9.csv
1103,0,0,0,Reader_2_1.csv
1103,0,0,0,Reader_2_10.csv
1103,3,2,1,Reader_2_11.csv
1103,2,1,1,Reader_2_12.csv
1103,2,2,0,Reader_2_2.csv
1103,1,1,0,Reader_2_3.csv
1103,1,1,0,Reader_2_4.csv
1103,3,3,0,Reader_2_5.csv
1103,0,0,0,Reader_2_6.csv
1103,0,0,0,Reader_2_7.csv
1103,11,10,1,Reader_2_8.csv
1103,0,0,0,Reader_2_9.csv
1103,6,5,1,reader_3_1.csv
1103,15,14,1,Reader_3_2.csv
1103,8,4,4,Reader_3_3.csv
1103,8,4,4,Reader_3_4.csv
1103,6,6,0,Reader_3_5.csv
1103,23,14,9,Reader_3_6.csv
1103,1,1,0,Reader_3_7.csv
1104,4,4,0,Reader_1_1.csv
1104,1,1,0,Reader_1_10.csv
1104,11,10,1,Reader_1_11.csv
1104,1,1,0,Reader_1_12.csv
1104,18,17,1,Reader_1_2.csv
1104,1,1,0,Reader_1_3.csv
1104,1,1,0,Reader_1_4.csv
1104,11,7,4,Reader_1_5.csv
1104,0,0,0,Reader_1_6.csv
1104,1,1,0,Reader_1_7.csv
1104,0,0,0,Reader_1_8.csv
1104,0,0,0,Reader_1_9.csv
1104,1,1,0,Reader_2_1.csv
1104,0,0,0,Reader_2_10.csv
1104,3,2,1,Reader_2_11.csv
1104,2,1,1,Reader_2_12.csv
1104,2,2,0,Reader_2_2.csv
1104,2,2,0,Reader_2_3.csv
1104,2,2,0,Reader_2_4.csv
1104,3,3,0,Reader_2_5.csv
1104,0,0,0,Reader_2_6.csv
1104,0,0,0,Reader_2_7.csv
1104,10,9,1,Reader_2_8.csv
1104,0,0,0,Reader_2_9.csv
1104,6,5,1,reader_3_1.csv
1104,15,14,1,Reader_3_2.csv
1104,10,6,4,Reader_3_3.csv
1104,10,6,4,Reader_3_4.csv
1104,6,6,0,Reader_3_5.csv
1104,21,13,8,Reader_3_6.csv
1104,0,0,0,Reader_3_7.csv
1105,3,3,0,Reader_1_1.csv
1105,1,1,0,Reader_1_10.csv
1105,9,8,1,Reader_1_11.csv
1105,2,2,0,Reader_1_12.csv
1105,19,18,1,Reader_1_2.csv
1105,1,1,0,Reader_1_3.csv
1105,1,1,0,Reader_1_4.csv
1105,11,7,4,Reader_1_5.csv
1105,0,0,0,Reader_1_6.csv
1105,0,0,0,Reader_1_7.csv
1105,0,0,0,Reader_1_8.csv
1105,0,0,0,Reader_1_9.csv
1105,1,1,0,Reader_2_1.csv
1105,0,0,0,Reader_2_10.csv
1105,3,2,1,Reader_2_11.csv
1105,2,1,1,Reader_2_12.csv
1105,2,2,0,Reader_2_2.csv
1105,2,2,0,Reader_2_3.csv
1105,2,2,0,Reader_2_4.csv
1105,4,3,1,Reader_2_5.csv
1105,0,0,0,Reader_2_6.csv
1105,0,0,0,Reader_2_7.csv
1105,11,10,1,Reader_2_8.csv
1105,0,0,0,Reader_2_9.csv
1105,7,6,1,reader_3_1.csv
1105,16,13,3,Reader_3_2.csv
1105,10,6,4,Reader_3_3.csv
1105,10,6,4,Reader_3_4.csv
1105,7,7,0,Reader_3_5.csv
1105,21,13,8,Reader_3_6.csv
1105,0,0,0,Reader_3_7.csv
1106,3,2,1,Reader_1_1.csv
1106,1,1,0,Reader_1_10.csv
1106,10,9,1,Reader_1_11.csv
1106,2,2,0,Reader_1_12.csv
1106,19,18,1,Reader_1_2.csv
1106,1,1,0,Reader_1_3.csv
1106,0,0,0,Reader_1_4.csv
1106,8,5,3,Reader_1_5.csv
1106,0,0,0,Reader_1_6.csv
1106,0,0,0,Reader_1_7.csv
1106,0,0,0,Reader_1_8.csv
1106,0,0,0,Reader_1_9.csv
1106,1,1,0,Reader_2_1.csv
1106,0,0,0,Reader_2_10.csv
1106,2,1,1,Reader_2_11.csv
1106,0,0,0,Reader_2_12.csv
1106,2,2,0,Reader_2_2.csv
1106,2,2,0,Reader_2_3.csv
1106,3,3,0,Reader_2_4.csv
1106,4,3,1,Reader_2_5.csv
1106,0,0,0,Reader_2_6.csv
1106,0,0,0,Reader_2_7.csv
1106,9,8,1,Reader_2_8.csv
1106,0,0,0,Reader_2_9.csv
1106,6,5,1,reader_3_1.csv
1106,21,17,4,Reader_3_2.csv
1106,10,6,4,Reader_3_3.csv
1106,10,6,4,Reader_3_4.csv
1106,7,7,0,Reader_3_5.csv
1106,22,13,9,Reader_3_6.csv
1106,0,0,0,Reader_3_7.csv
1107,4,3,1,Reader_1_1.csv
1107,1,1,0,Reader_1_10.csv
1107,10,10,0,Reader_1_11.csv
1107,2,2,0,Reader_1_12.csv
1107,15,14,1,Reader_1_2.csv
1107,1,1,0,Reader_1_3.csv
1107,0,0,0,Reader_1_4.csv
1107,6,2,4,Reader_1_5.csv
1107,0,0,0,Reader_1_6.csv
1107,0,0,0,Reader_1_7.csv
1107,0,0,0,Reader_1_8.csv
1107,0,0,0,Reader_1_9.csv
1107,1,1,0,Reader_2_1.csv
1107,0,0,0,Reader_2_10.csv
1107,2,1,1,Reader_2_11.csv
1107,0,0,0,Reader_2_12.csv
1107,1,1,0,Reader_2_2.csv
1107,2,2,0,Reader_2_3.csv
1107,2,2,0,Reader_2_4.csv
1107,4,3,1,Reader_2_5.csv
1107,0,0,0,Reader_2_6.csv
1107,0,0,0,Reader_2_7.csv
1107,9,8,1,Reader_2_8.csv
1107,0,0,0,Reader_2_9.csv
1107,6,5,1,reader_3_1.csv
1107,24,20,4,Reader_3_2.csv
1107,11,7,4,Reader_3_3.csv
1107,11,7,4,Reader_3_4.csv
1107,5,5,0,Reader_3_5.csv
1107,22,13,9,Reader_3_6.csv
1107,0,0,0,Reader_3_7.csv
1108,2,1,1,Reader_1_1.csv
1108,1,1,0,Reader_1_10.csv
1108,8,8,0,Reader_1_11.csv
1108,2,2,0,Reader_1_12.csv
1108,14,13,1,Reader_1_2.csv
1108,1,1,0,Reader_1_3.csv
1108,0,0,0,Reader_1_4.csv
1108,6,2,4,Reader_1_5.csv
1108,0,0,0,Reader_1_6.csv
1108,0,0,0,Reader_1_7.csv
1108,0,0,0,Reader_1_8.csv
1108,0,0,0,Reader_1_9.csv
1108,2,2,0,Reader_2_1.csv
1108,0,0,0,Reader_2_10.csv
1108,2,1,1,Reader_2_11.csv
1108,0,0,0,Reader_2_12.csv
1108,1,1,0,Reader_2_2.csv
1108,2,2,0,Reader_2_3.csv
1108,2,2,0,Reader_2_4.csv
1108,4,3,1,Reader_2_5.csv
1108,0,0,0,Reader_2_6.csv
1108,0,0,0,Reader_2_7.csv
1108,8,8,0,Reader_2_8.csv
1108,0,0,0,Reader_2_9.csv
1108,7,5,2,reader_3_1.csv
1108,24,20,4,Reader_3_2.csv
1108,11,8,3,Reader_3_3.csv
1108,11,8,3,Reader_3_4.csv
1108,4,3,1,Reader_3_5.csv
1108,22,13,9,Reader_3_6.csv
1108,0,0,0,Reader_3_7.csv
1109,5,4,1,Reader_1_1.csv
1109,1,1,0,Reader_1_10.csv
1109,8,8,0,Reader_1_11.csv
1109,2,2,0,Reader_1_12.csv
1109,10,9,1,Reader_1_2.csv
1109,1,1,0,Reader_1_3.csv
1109,0,0,0,Reader_1_4.csv
1109,5,2,3,Reader_1_5.csv
1109,0,0,0,Reader_1_6.csv
1109,1,1,0,Reader_1_7.csv
1109,0,0,0,Reader_1_8.csv
1109,0,0,0,Reader_1_9.csv
1109,2,2,0,Reader_2_1.csv
1109,0,0,0,Reader_2_10.csv
1109,2,1,1,Reader_2_11.csv
1109,0,0,0,Reader_2_12.csv
1109,0,0,0,Reader_2_2.csv
1109,3,3,0,Reader_2_3.csv
1109,2,2,0,Reader_2_4.csv
1109,6,3,3,Reader_2_5.csv
1109,0,0,0,Reader_2_6.csv
1109,0,0,0,Reader_2_7.csv
1109,9,9,0,Reader_2_8.csv
1109,0,0,0,Reader_2_9.csv
1109,7,5,2,reader_3_1.csv
1109,22,18,4,Reader_3_2.csv
1109,12,8,4,Reader_3_3.csv
1109,12,8,4,Reader_3_4.csv
1109,4,3,1,Reader_3_5.csv
1109,19,13,6,Reader_3_6.csv
1109,0,0,0,Reader_3_7.csv
1110,7,6,1,Reader_1_1.csv
1110,1,1,0,Reader_1_10.csv
1110,7,7,0,Reader_1_11.csv
1110,1,1,0,Reader_1_12.csv
1110,10,9,1,Reader_1_2.csv
1110,1,1,0,Reader_1_3.csv
1110,0,0,0,Reader_1_4.csv
1110,4,2,2,Reader_1_5.csv
1110,0,0,0,Reader_1_6.csv
1110,1,1,0,Reader_1_7.csv
1110,0,0,0,Reader_1_8.csv
1110,0,0,0,Reader_1_9.csv
1110,2,2,0,Reader_2_1.csv
1110,0,0,0,Reader_2_10.csv
1110,2,1,1,Reader_2_11.csv
1110,1,1,0,Reader_2_12.csv
1110,0,0,0,Reader_2_2.csv
1110,2,2,0,Reader_2_3.csv
1110,2,2,0,Reader_2_4.csv
1110,5,2,3,Reader_2_5.csv
1110,0,0,0,Reader_2_6.csv
1110,0,0,0,Reader_2_7.csv
1110,8,8,0,Reader_2_8.csv
1110,0,0,0,Reader_2_9.csv
1110,9,7,2,reader_3_1.csv
1110,22,17,5,Reader_3_2.csv
1110,11,8,3,Reader_3_3.csv
1110,11,8,3,Reader_3_4.csv
1110,6,5,1,Reader_3_5.csv
1110,15,10,5,Reader_3_6.csv
1110,0,0,0,Reader_3_7.csv
1111,7,6,1,Reader_1_1.csv
1111,1,1,0,Reader_1_10.csv
1111,5,5,0,Reader_1_11.csv
1111,1,1,0,Reader_1_12.csv
1111,9,8,1,Reader_1_2.csv
1111,2,2,0,Reader_1_3.csv
1111,0,0,0,Reader_1_4.csv
1111,4,2,2,Reader_1_5.csv
1111,0,0,0,Reader_1_6.csv
1111,1,1,0,Reader_1_7.csv
1111,1,1,0,Reader_1_8.csv
1111,0,0,0,Reader_1_9.csv
1111,2,2,0,Reader_2_1.csv
1111,0,0,0,Reader_2_10.csv
1111,1,1,0,Reader_2_11.csv
1111,1,1,0,Reader_2_12.csv
1111,0,0,0,Reader_2_2.csv
1111,2,2,0,Reader_2_3.csv
1111,2,2,0,Reader_2_4.csv
1111,5,2,3,Reader_2_5.csv
1111,0,0,0,Reader_2_6.csv
1111,0,0,0,Reader_2_7.csv
1111,4,4,0,Reader_2_8.csv
1111,0,0,0,Reader_2_9.csv
1111,9,7,2,reader_3_1.csv
1111,21,16,5,Reader_3_2.csv
1111,10,8,2,Reader_3_3.csv
1111,10,8,2,Reader_3_4.csv
1111,5,4,1,Reader_3_5.csv
1111,14,8,6,Reader_3_6.csv
1111,0,0,0,Reader_3_7.csv
1112,8,7,1,Reader_1_1.csv
1112,0,0,0,Reader_1_10.csv
1112,4,4,0,Reader_1_11.csv
1112,1,1,0,Reader_1_12.csv
1112,4,4,0,Reader_1_2.csv
1112,3,3,0,Reader_1_3.csv
1112,0,0,0,Reader_1_4.csv
1112,4,2,2,Reader_1_5.csv
1112,0,0,0,Reader_1_6.csv
1112,1,1,0,Reader_1_7.csv
1112,1,1,0,Reader_1_8.csv
1112,0,0,0,Reader_1_9.csv
1112,1,1,0,Reader_2_1.csv
1112,0,0,0,Reader_2_10.csv
1112,1,1,0,Reader_2_11.csv
1112,1,1,0,Reader_2_12.csv
1112,0,0,0,Reader_2_2.csv
1112,2,2,0,Reader_2_3.csv
1112,1,1,0,Reader_2_4.csv
1112,6,3,3,Reader_2_5.csv
1112,0,0,0,Reader_2_6.csv
1112,1,1,0,Reader_2_7.csv
1112,6,6,0,Reader_2_8.csv
1112,0,0,0,Reader_2_9.csv
1112,9,7,2,reader_3_1.csv
1112,20,15,5,Reader_3_2.csv
1112,8,7,1,Reader_3_3.csv
1112,8,7,1,Reader_3_4.csv
1112,5,4,1,Reader_3_5.csv
1112,13,7,6,Reader_3_6.csv
1112,0,0,0,Reader_3_7.csv
1113,8,7,1,Reader_1_1.csv
1113,0,0,0,Reader_1_10.csv
1113,3,3,0,Reader_1_11.csv
1113,1,1,0,Reader_1_12.csv
1113,4,4,0,Reader_1_2.csv
1113,3,3,0,Reader_1_3.csv
1113,0,0,0,Reader_1_4.csv
1113,6,3,3,Reader_1_5.csv
1113,0,0,0,Reader_1_6.csv
1113,1,1,0,Reader_1_7.csv
1113,1,1,0,Reader_1_8.csv
1113,0,0,0,Reader_1_9.csv
1113,1,1,0,Reader_2_1.csv
1113,0,0,0,Reader_2_10.csv
1113,1,1,0,Reader_2_11.csv
1113,1,1,0,Reader_2_12.csv
1113,0,0,0,Reader_2_2.csv
1113,3,3,0,Reader_2_3.csv
1113,1,1,0,Reader_2_4.csv
1113,4,2,2,Reader_2_5.csv
1113,0,0,0,Reader_2_6.csv
1113,1,1,0,Reader_2_7.csv
1113,5,5,0,Reader_2_8.csv
1113,0,0,0,Reader_2_9.csv
1113,9,6,3,reader_3_1.csv
1113,23,19,4,Reader_3_2.csv
1113,9,8,1,Reader_3_3.csv
1113,9,8,1,Reader_3_4.csv
1113,3,2,1,Reader_3_5.csv
1113,13,7,6,Reader_3_6.csv
1113,0,0,0,Reader_3_7.csv
1114,7,7,0,Reader_1_1.csv
1114,0,0,0,Reader_1_10.csv
1114,2,2,0,Reader_1_11.csv
1114,1,1,0,Reader_1_12.csv
1114,5,5,0,Reader_1_2.csv
1114,2,2,0,Reader_1_3.csv
1114,0,0,0,Reader_1_4.csv
1114,7,3,4,Reader_1_5.csv
1114,0,0,0,Reader_1_6.csv
1114,1,1,0,Reader_1_7.csv
1114,1,1,0,Reader_1_8.csv
1114,0,0,0,Reader_1_9.csv
1114,1,1,0,Reader_2_1.csv
1114,0,0,0,Reader_2_10.csv
1114,1,1,0,Reader_2_11.csv
1114,1,1,0,Reader_2_12.csv
1114,0,0,0,Reader_2_2.csv
1114,3,3,0,Reader_2_3.csv
1114,0,0,0,Reader_2_4.csv
1114,4,2,2,Reader_2_5.csv
1114,0,0,0,Reader_2_6.csv
1114,1,1,0,Reader_2_7.csv
1114,7,7,0,Reader_2_8.csv
1114,0,0,0,Reader_2_9.csv
1114,10,7,3,reader_3_1.csv
1114,19,15,4,Reader_3_2.csv
1114,10,8,2,Reader_3_3.csv
1114,10,8,2,Reader_3_4.csv
1114,4,2,2,Reader_3_5.csv
1114,11,6,5,Reader_3_6.csv
1114,0,0,0,Reader_3_7.csv
1115,8,8,0,Reader_1_1.csv
1115,0,0,0,Reader_1_10.csv
1115,1,1,0,Reader_1_11.csv
1115,1,1,0,Reader_1_12.csv
1115,4,4,0,Reader_1_2.csv
1115,3,3,0,Reader_1_3.csv
1115,0,0,0,Reader_1_4.csv
1115,6,2,4,Reader_1_5.csv
1115,0,0,0,Reader_1_6.csv
1115,1,1,0,Reader_1_7.csv
1115,1,1,0,Reader_1_8.csv
1115,0,0,0,Reader_1_9.csv
1115,1,1,0,Reader_2_1.csv
1115,0,0,0,Reader_2_10.csv
1115,1,1,0,Reader_2_11.csv
1115,2,1,1,Reader_2_12.csv
1115,0,0,0,Reader_2_2.csv
1115,3,3,0,Reader_2_3.csv
1115,0,0,0,Reader_2_4.csv
1115,4,2,2,Reader_2_5.csv
1115,0,0,0,Reader_2_6.csv
1115,1,1,0,Reader_2_7.csv
1115,7,7,0,Reader_2_8.csv
1115,0,0,0,Reader_2_9.csv
1115,9,6,3,reader_3_1.csv
1115,19,14,5,Reader_3_2.csv
1115,10,7,3,Reader_3_3.csv
1115,10,7,3,Reader_3_4.csv
1115,5,3,2,Reader_3_5.csv
1115,10,7,3,Reader_3_6.csv
1115,0,0,0,Reader_3_7.csv
1116,9,9,0,Reader_1_1.csv
1116,0,0,0,Reader_1_10.csv
1116,0,0,0,Reader_1_11.csv
1116,1,1,0,Reader_1_12.csv
1116,4,4,0,Reader_1_2.csv
1116,4,4,0,Reader_1_3.csv
1116,0,0,0,Reader_1_4.csv
1116,7,2,5,Reader_1_5.csv
1116,0,0,0,Reader_1_6.csv
1116,1,1,0,Reader_1_7.csv
1116,2,2,0,Reader_1_8.csv
1116,0,0,0,Reader_1_9.csv
1116,0,0,0,Reader_2_1.csv
1116,0,0,0,Reader_2_10.csv
1116,1,1,0,Reader_2_11.csv
1116,2,1,1,Reader_2_12.csv
1116,0,0,0,Reader_2_2.csv
1116,4,4,0,Reader_2_3.csv
1116,0,0,0,Reader_2_4.csv
1116,5,3,2,Reader_2_5.csv
1116,0,0,0,Reader_2_6.csv
1116,1,1,0,Reader_2_7.csv
1116,6,6,0,Reader_2_8.csv
1116,0,0,0,Reader_2_9.csv
1116,8,6,2,reader_3_1.csv
1116,17,12,5,Reader_3_2.csv
1116,9,6,3,Reader_3_3.csv
1116,9,6,3,Reader_3_4.csv
1116,4,3,1,Reader_3_5.csv
1116,9,7,2,Reader_3_6.csv
1116,0,0,0,Reader_3_7.csv
1117,7,7,0,Reader_1_1.csv
1117,0,0,0,Reader_1_10.csv
1117,0,0,0,Reader_1_11.csv
1117,1,1,0,Reader_1_12.csv
1117,4,4,0,Reader_1_2.csv
1117,4,4,0,Reader_1_3.csv
1117,0,0,0,Reader_1_4.csv
1117,9,4,5,Reader_1_5.csv
1117,1,0,1,Reader_1_6.csv
1117,0,0,0,Reader_1_7.csv
1117,2,2,0,Reader_1_8.csv
1117,0,0,0,Reader_1_9.csv
1117,0,0,0,Reader_2_1.csv
1117,0,0,0,Reader_2_10.csv
1117,1,1,0,Reader_2_11.csv
1117,2,1,1,Reader_2_12.csv
1117,0,0,0,Reader_2_2.csv
1117,3,3,0,Reader_2_3.csv
1117,0,0,0,Reader_2_4.csv
1117,2,2,0,Reader_2_5.csv
1117,0,0,0,Reader_2_6.csv
1117,1,1,0,Reader_2_7.csv
1117,7,7,0,Reader_2_8.csv
1117,0,0,0,Reader_2_9.csv
1117,7,5,2,reader_3_1.csv
1117,16,11,5,Reader_3_2.csv
1117,9,7,2,Reader_3_3.csv
1117,9,7,2,Reader_3_4.csv
1117,4,3,1,Reader_3_5.csv
1117,11,9,2,Reader_3_6.csv
1117,1,1,0,Reader_3_7.csv
1118,5,5,0,Reader_1_1.csv
1118,0,0,0,Reader_1_10.csv
1118,1,1,0,Reader_1_11.csv
1118,1,1,0,Reader_1_12.csv
1118,4,4,0,Reader_1_2.csv
1118,4,4,0,Reader_1_3.csv
1118,0,0,0,Reader_1_4.csv
1118,9,4,5,Reader_1_5.csv
1118,1,0,1,Reader_1_6.csv
1118,0,0,0,Reader_1_7.csv
1118,2,2,0,Reader_1_8.csv
1118,0,0,0,Reader_1_9.csv
1118,0,0,0,Reader_2_1.csv
1118,0,0,0,Reader_2_10.csv
1118,0,0,0,Reader_2_11.csv
1118,1,0,1,Reader_2_12.csv
1118,0,0,0,Reader_2_2.csv
1118,4,4,0,Reader_2_3.csv
1118,0,0,0,Reader_2_4.csv
1118,3,3,0,Reader_2_5.csv
1118,0,0,0,Reader_2_6.csv
1118,1,1,0,Reader_2_7.csv
1118,9,9,0,Reader_2_8.csv
1118,0,0,0,Reader_2_9.csv
1118,7,4,3,reader_3_1.csv
1118,17,13,4,Reader_3_2.csv
1118,9,6,3,Reader_3_3.csv
1118,9,6,3,Reader_3_4.csv
1118,2,1,1,Reader_3_5.csv
1118,11,9,2,Reader_3_6.csv
1118,1,1,0,Reader_3_7.csv
1119,7,7,0,Reader_1_1.csv
1119,0,0,0,Reader_1_10.csv
1119,1,1,0,Reader_1_11.csv
1119,2,2,0,Reader_1_12.csv
1119,4,4,0,Reader_1_2.csv
1119,4,4,0,Reader_1_3.csv
1119,1,1,0,Reader_1_4.csv
1119,10,4,6,Reader_1_5.csv
1119,1,0,1,Reader_1_6.csv
1119,1,0,1,Reader_1_7.csv
1119,1,1,0,Reader_1_8.csv
1119,0,0,0,Reader_1_9.csv
1119,0,0,0,Reader_2_1.csv
1119,0,0,0,Reader_2_10.csv
1119,0,0,0,Reader_2_11.csv
1119,1,0,1,Reader_2_12.csv
1119,0,0,0,Reader_2_2.csv
1119,4,4,0,Reader_2_3.csv
1119,0,0,0,Reader_2_4.csv
1119,3,3,0,Reader_2_5.csv
1119,0,0,0,Reader_2_6.csv
1119,1,1,0,Reader_2_7.csv
1119,9,9,0,Reader_2_8.csv
1119,0,0,0,Reader_2_9.csv
1119,7,4,3,reader_3_1.csv
1119,19,13,6,Reader_3_2.csv
1119,9,6,3,Reader_3_3.csv
1119,9,6,3,Reader_3_4.csv
1119,3,2,1,Reader_3_5.csv
1119,12,12,0,Reader_3_6.csv
1119,1,1,0,Reader_3_7.csv
1120,6,6,0,Reader_1_1.csv
1120,0,0,0,Reader_1_10.csv
1120,1,1,0,Reader_1_11.csv
1120,2,2,0,Reader_1_12.csv
1120,5,5,0,Reader_1_2.csv
1120,5,3,2,Reader_1_3.csv
1120,1,1,0,Reader_1_4.csv
1120,10,4,6,Reader_1_5.csv
1120,1,0,1,Reader_1_6.csv
1120,2,1,1,Reader_1_7.csv
1120,1,1,0,Reader_1_8.csv
1120,0,0,0,Reader_1_9.csv
1120,0,0,0,Reader_2_1.csv
1120,0,0,0,Reader_2_10.csv
1120,0,0,0,Reader_2_11.csv
1120,1,0,1,Reader_2_12.csv
1120,1,1,0,Reader_2_2.csv
1120,3,3,0,Reader_2_3.csv
1120,0,0,0,Reader_2_4.csv
1120,2,2,0,Reader_2_5.csv
1120,0,0,0,Reader_2_6.csv
1120,0,0,0,Reader_2_7.csv
1120,10,10,0,Reader_2_8.csv
1120,0,0,0,Reader_2_9.csv
1120,8,5,3,reader_3_1.csv
1120,20,13,7,Reader_3_2.csv
1120,11,8,3,Reader_3_3.csv
1120,11,8,3,Reader_3_4.csv
1120,3,2,1,Reader_3_5.csv
1120,12,12,0,Reader_3_6.csv
1120,1,1,0,Reader_3_7.csv
1121,7,7,0,Reader_1_1.csv
1121,0,0,0,Reader_1_10.csv
1121,1,1,0,Reader_1_11.csv
1121,1,1,0,Reader_1_12.csv
1121,7,7,0,Reader_1_2.csv
1121,5,3,2,Reader_1_3.csv
1121,1,1,0,Reader_1_4.csv
1121,9,4,5,Reader_1_5.csv
1121,1,0,1,Reader_1_6.csv
1121,2,1,1,Reader_1_7.csv
1121,1,1,0,Reader_1_8.csv
1121,0,0,0,Reader_1_9.csv
1121,1,1,0,Reader_2_1.csv
1121,0,0,0,Reader_2_10.csv
1121,0,0,0,Reader_2_11.csv
1121,1,0,1,Reader_2_12.csv
1121,1,1,0,Reader_2_2.csv
1121,2,2,0,Reader_2_3.csv
1121,0,0,0,Reader_2_4.csv
1121,3,2,1,Reader_2_5.csv
1121,0,0,0,Reader_2_6.csv
1121,0,0,0,Reader_2_7.csv
1121,10,10,0,Reader_2_8.csv
1121,0,0,0,Reader_2_9.csv
1121,6,4,2,reader_3_1.csv
1121,15,9,6,Reader_3_2.csv
1121,10,7,3,Reader_3_3.csv
1121,10,7,3,Reader_3_4.csv
1121,3,2,1,Reader_3_5.csv
1121,11,11,0,Reader_3_6.csv
1121,1,1,0,Reader_3_7.csv
1122,7,7,0,Reader_1_1.csv
1122,0,0,0,Reader_1_10.csv
1122,1,1,0,Reader_1_11.csv
1122,1,1,0,Reader_1_12.csv
1122,7,7,0,Reader_1_2.csv
1122,5,3,2,Reader_1_3.csv
1122,2,2,0,Reader_1_4.csv
1122,8,4,4,Reader_1_5.csv
1122,1,0,1,Reader_1_6.csv
1122,3,2,1,Reader_1_7.csv
1122,1,1,0,Reader_1_8.csv
1122,0,0,0,Reader_1_9.csv
1122,1,1,0,Reader_2_1.csv
1122,0,0,0,Reader_2_10.csv
1122,0,0,0,Reader_2_11.csv
1122,1,0,1,Reader_2_12.csv
1122,1,1,0,Reader_2_2.csv
1122,2,2,0,Reader_2_3.csv
1122,0,0,0,Reader_2_4.csv
1122,3,2,1,Reader_2_5.csv
1122,0,0,0,Reader_2_6.csv
1122,0,0,0,Reader_2_7.csv
1122,10,10,0,Reader_2_8.csv
1122,0,0,0,Reader_2_9.csv
1122,4,2,2,reader_3_1.csv
1122,13,8,5,Reader_3_2.csv
1122,9,7,2,Reader_3_3.csv
1122,9,7,2,Reader_3_4.csv
1122,2,2,0,Reader_3_5.csv
1122,10,10,0,Reader_3_6.csv
1122,1,1,0,Reader_3_7.csv
1123,7,7,0,Reader_1_1.csv
1123,1,1,0,Reader_1_10.csv
1123,1,1,0,Reader_1_11.csv
1123,2,2,0,Reader_1_12.csv
1123,8,8,0,Reader_1_2.csv
1123,5,2,3,Reader_1_3.csv
1123,2,2,0,Reader_1_4.csv
1123,8,4,4,Reader_1_5.csv
1123,1,0,1,Reader_1_6.csv
1123,3,2,1,Reader_1_7.csv
1123,1,1,0,Reader_1_8.csv
1123,0,0,0,Reader_1_9.csv
1123,1,1,0,Reader_2_1.csv
1123,0,0,0,Reader_2_10.csv
1123,0,0,0,Reader_2_11.csv
1123,0,0,0,Reader_2_12.csv
1123,1,1,0,Reader_2_2.csv
1123,2,2,0,Reader_2_3.csv
1123,0,0,0,Reader_2_4.csv
1123,3,2,1,Reader_2_5.csv
1123,0,0,0,Reader_2_6.csv
1123,0,0,0,Reader_2_7.csv
1123,10,10,0,Reader_2_8.csv
1123,0,0,0,Reader_2_9.csv
1123,5,3,2,reader_3_1.csv
1123,10,6,4,Reader_3_2.csv
1123,9,8,1,Reader_3_3.csv
1123,9,8,1,Reader_3_4.csv
1123,1,1,0,Reader_3_5.csv
1123,10,10,0,Reader_3_6.csv
1123,1,1,0,Reader_3_7.csv
1124,7,7,0,Reader_1_1.csv
1124,2,2,0,Reader_1_10.csv
1124,2,2,0,Reader_1_11.csv
1124,2,2,0,Reader_1_12.csv
1124,9,9,0,Reader_1_2.csv
1124,5,2,3,Reader_1_3.csv
1124,2,2,0,Reader_1_4.csv
1124,6,3,3,Reader_1_5.csv
1124,1,0,1,Reader_1_6.csv
1124,3,2,1,Reader_1_7.csv
1124,0,0,0,Reader_1_8.csv
1124,0,0,0,Reader_1_9.csv
1124,1,1,0,Reader_2_1.csv
1124,1,1,0,Reader_2_10.csv
1124,0,0,0,Reader_2_11.csv
1124,0,0,0,Reader_2_12.csv
1124,1,1,0,Reader_2_2.csv
1124,1,1,0,Reader_2_3.csv
1124,0,0,0,Reader_2_4.csv
1124,2,1,1,Reader_2_5.csv
1124,0,0,0,Reader_2_6.csv
1124,0,0,0,Reader_2_7.csv
1124,10,10,0,Reader_2_8.csv
1124,0,0,0,Reader_2_9.csv
1124,5,3,2,reader_3_1.csv
1124,10,6,4,Reader_3_2.csv
1124,8,7,1,Reader_3_3.csv
1124,8,7,1,Reader_3_4.csv
1124,1,1,0,Reader_3_5.csv
1124,10,10,0,Reader_3_6.csv
1124,2,2,0,Reader_3_7.csv
1125,7,7,0,Reader_1_1.csv
1125,2,2,0,Reader_1_10.csv
1125,2,2,0,Reader_1_11.csv
1125,3,3,0,Reader_1_12.csv
1125,13,13,0,Reader_1_2.csv
1125,5,2,3,Reader_1_3.csv
1125,3,3,0,Reader_1_4.csv
1125,6,2,4,Reader_1_5.csv
1125,0,0,0,Reader_1_6.csv
1125,3,2,1,Reader_1_7.csv
1125,0,0,0,Reader_1_8.csv
1125,0,0,0,Reader_1_9.csv
1125,1,1,0,Reader_2_1.csv
1125,1,1,0,Reader_2_10.csv
1125,0,0,0,Reader_2_11.csv
1125,0,0,0,Reader_2_12.csv
1125,1,1,0,Reader_2_2.csv
1125,1,1,0,Reader_2_3.csv
1125,0,0,0,Reader_2_4.csv
1125,2,1,1,Reader_2_5.csv
1125,0,0,0,Reader_2_6.csv
1125,1,1,0,Reader_2_7.csv
1125,8,8,0,Reader_2_8.csv
1125,0,0,0,Reader_2_9.csv
1125,5,4,1,reader_3_1.csv
1125,13,9,4,Reader_3_2.csv
1125,8,7,1,Reader_3_3.csv
1125,8,7,1,Reader_3_4.csv
1125,1,1,0,Reader_3_5.csv
1125,9,8,1,Reader_3_6.csv
1125,1,1,0,Reader_3_7.csv
1126,7,7,0,Reader_1_1.csv
1126,3,2,1,Reader_1_10.csv
1126,1,1,0,Reader_1_11.csv
1126,3,3,0,Reader_1_12.csv
1126,16,16,0,Reader_1_2.csv
1126,5,2,3,Reader_1_3.csv
1126,3,3,0,Reader_1_4.csv
1126,7,3,4,Reader_1_5.csv
1126,0,0,0,Reader_1_6.csv
1126,3,2,1,Reader_1_7.csv
1126,0,0,0,Reader_1_8.csv
1126,0,0,0,Reader_1_9.csv
1126,1,1,0,Reader_2_1.csv
1126,1,1,0,Reader_2_10.csv
1126,0,0,0,Reader_2_11.csv
1126,0,0,0,Reader_2_12.csv
1126,1,1,0,Reader_2_2.csv
1126,0,0,0,Reader_2_3.csv
1126,0,0,0,Reader_2_4.csv
1126,1,0,1,Reader_2_5.csv
1126,0,0,0,Reader_2_6.csv
1126,1,1,0,Reader_2_7.csv
1126,6,6,0,Reader_2_8.csv
1126,0,0,0,Reader_2_9.csv
1126,3,3,0,reader_3_1.csv
1126,12,8,4,Reader_3_2.csv
1126,8,8,0,Reader_3_3.csv
1126,8,8,0,Reader_3_4.csv
1126,1,1,0,Reader_3_5.csv
1126,8,7,1,Reader_3_6.csv
1126,1,1,0,Reader_3_7.csv
1127,7,7,0,Reader_1_1.csv
1127,3,2,1,Reader_1_10.csv
1127,1,1,0,Reader_1_11.csv
1127,2,2,0,Reader_1_12.csv
1127,20,20,0,Reader_1_2.csv
1127,6,2,4,Reader_1_3.csv
1127,2,2,0,Reader_1_4.csv
1127,6,3,3,Reader_1_5.csv
1127,0,0,0,Reader_1_6.csv
1127,2,2,0,Reader_1_7.csv
1127,0,0,0,Reader_1_8.csv
1127,0,0,0,Reader_1_9.csv
1127,1,1,0,Reader_2_1.csv
1127,1,1,0,Reader_2_10.csv
1127,0,0,0,Reader_2_11.csv
1127,0,0,0,Reader_2_12.csv
1127,1,1,0,Reader_2_2.csv
1127,0,0,0,Reader_2_3.csv
1127,0,0,0,Reader_2_4.csv
1127,2,1,1,Reader_2_5.csv
1127,0,0,0,Reader_2_6.csv
1127,1,1,0,Reader_2_7.csv
1127,8,7,1,Reader_2_8.csv
1127,0,0,0,Reader_2_9.csv
1127,7,7,0,reader_3_1.csv
1127,13,12,1,Reader_3_2.csv
1127,8,8,0,Reader_3_3.csv
1127,8,8,0,Reader_3_4.csv
1127,0,0,0,Reader_3_5.csv
1127,9,8,1,Reader_3_6.csv
1127,1,1,0,Reader_3_7.csv
1128,8,8,0,Reader_1_1.csv
1128,3,2,1,Reader_1_10.csv
1128,1,1,0,Reader_1_11.csv
1128,2,2,0,Reader_1_12.csv
1128,19,19,0,Reader_1_2.csv
1128,4,2,2,Reader_1_3.csv
1128,3,2,1,Reader_1_4.csv
1128,5,3,2,Reader_1_5.csv
1128,0,0,0,Reader_1_6.csv
1128,1,1,0,Reader_1_7.csv
1128,0,0,0,Reader_1_8.csv
1128,0,0,0,Reader_1_9.csv
1128,1,1,0,Reader_2_1.csv
1128,1,1,0,Reader_2_10.csv
1128,0,0,0,Reader_2_11.csv
1128,0,0,0,Reader_2_12.csv
1128,0,0,0,Reader_2_2.csv
1128,0,0,0,Reader_2_3.csv
1128,0,0,0,Reader_2_4.csv
1128,2,1,1,Reader_2_5.csv
1128,0,0,0,Reader_2_6.csv
1128,1,1,0,Reader_2_7.csv
1128,5,4,1,Reader_2_8.csv
1128,0,0,0,Reader_2_9.csv
1128,6,6,0,reader_3_1.csv
1128,11,11,0,Reader_3_2.csv
1128,6,6,0,Reader_3_3.csv
1128,6,6,0,Reader_3_4.csv
1128,0,0,0,Reader_3_5.csv
1128,10,9,1,Reader_3_6.csv
1128,1,1,0,Reader_3_7.csv
1129,7,7,0,Reader_1_1.csv
1129,3,2,1,Reader_1_10.csv
1129,1,1,0,Reader_1_11.csv
1129,2,2,0,Reader_1_12.csv
1129,18,18,0,Reader_1_2.csv
1129,6,4,2,Reader_1_3.csv
1129,3,2,1,Reader_1_4.csv
1129,5,2,3,Reader_1_5.csv
1129,0,0,0,Reader_1_6.csv
1129,1,1,0,Reader_1_7.csv
1129,0,0,0,Reader_1_8.csv
1129,0,0,0,Reader_1_9.csv
1129,1,1,0,Reader_2_1.csv
1129,1,1,0,Reader_2_10.csv
1129,0,0,0,Reader_2_11.csv
1129,0,0,0,Reader_2_12.csv
1129,0,0,0,Reader_2_2.csv
1129,0,0,0,Reader_2_3.csv
1129,0,0,0,Reader_2_4.csv
1129,1,1,0,Reader_2_5.csv
1129,0,0,0,Reader_2_6.csv
1129,1,1,0,Reader_2_7.csv
1129,7,6,1,Reader_2_8.csv
1129,0,0,0,Reader_2_9.csv
1129,6,6,0,reader_3_1.csv
1129,11,11,0,Reader_3_2.csv
1129,7,7,0,Reader_3_3.csv
1129,7,7,0,Reader_3_4.csv
1129,0,0,0,Reader_3_5.csv
1129,10,9,1,Reader_3_6.csv
1129,1,1,0,Reader_3_7.csv
1130,7,7,0,Reader_1_1.csv
1130,3,2,1,Reader_1_10.csv
1130,1,1,0,Reader_1_11.csv
1130,2,2,0,Reader_1_12.csv
1130,21,21,0,Reader_1_2.csv
1130,6,4,2,Reader_1_3.csv
1130,2,1,1,Reader_1_4.csv
1130,7,2,5,Reader_1_5.csv
1130,0,0,0,Reader_1_6.csv
1130,0,0,0,Reader_1_7.csv
1130,0,0,0,Reader_1_8.csv
1130,0,0,0,Reader_1_9.csv
1130,2,1,1,Reader_2_1.csv
1130,1,1,0,Reader_2_10.csv
1130,0,0,0,Reader_2_11.csv
1130,0,0,0,Reader_2_12.csv
1130,0,0,0,Reader_2_2.csv
1130,0,0,0,Reader_2_3.csv
1130,0,0,0,Reader_2_4.csv
1130,1,1,0,Reader_2_5.csv
1130,0,0,0,Reader_2_6.csv
1130,1,1,0,Reader_2_7.csv
1130,6,5,1,Reader_2_8.csv
1130,0,0,0,Reader_2_9.csv
1130,9,9,0,reader_3_1.csv
1130,10,10,0,Reader_3_2.csv
1130,10,10,0,Reader_3_3.csv
1130,10,10,0,Reader_3_4.csv
1130,1,1,0,Reader_3_5.csv
1130,11,10,1,Reader_3_6.csv
1130,1,1,0,Reader_3_7.csv
1131,6,6,0,Reader_1_1.csv
1131,2,1,1,Reader_1_10.csv
1131,1,1,0,Reader_1_11.csv
1131,1,1,0,Reader_1_12.csv
1131,24,24,0,Reader_1_2.csv
1131,5,4,1,Reader_1_3.csv
1131,2,1,1,Reader_1_4.csv
1131,8,3,5,Reader_1_5.csv
1131,0,0,0,Reader_1_6.csv
1131,0,0,0,Reader_1_7.csv
1131,0,0,0,Reader_1_8.csv
1131,0,0,0,Reader_1_9.csv
1131,2,1,1,Reader_2_1.csv
1131,1,1,0,Reader_2_10.csv
1131,0,0,0,Reader_2_11.csv
1131,0,0,0,Reader_2_12.csv
1131,0,0,0,Reader_2_2.csv
1131,0,0,0,Reader_2_3.csv
1131,0,0,0,Reader_2_4.csv
1131,1,1,0,Reader_2_5.csv
1131,0,0,0,Reader_2_6.csv
1131,1,1,0,Reader_2_7.csv
1131,5,4,1,Reader_2_8.csv
1131,0,0,0,Reader_2_9.csv
1131,10,10,0,reader_3_1.csv
1131,11,11,0,Reader_3_2.csv
1131,9,9,0,Reader_3_3.csv
1131,9,9,0,Reader_3_4.csv
1131,2,2,0,Reader_3_5.csv
1131,13,12,1,Reader_3_6.csv
1131,1,1,0,Reader_3_7.csv
1132,6,6,0,Reader_1_1.csv
1132,1,0,1,Reader_1_10.csv
1132,0,0,0,Reader_1_11.csv
1132,1,1,0,Reader_1_12.csv
1132,24,24,0,Reader_1_2.csv
1132,4,3,1,Reader_1_3.csv
1132,2,1,1,Reader_1_4.csv
1132,10,5,5,Reader_1_5.csv
1132,0,0,0,Reader_1_6.csv
1132,0,0,0,Reader_1_7.csv
1132,0,0,0,Reader_1_8.csv
1132,0,0,0,Reader_1_9.csv
1132,2,1,1,Reader_2_1.csv
1132,0,0,0,Reader_2_10.csv
1132,0,0,0,Reader_2_11.csv
1132,1,1,0,Reader_2_12.csv
1132,0,0,0,Reader_2_2.csv
1132,1,1,0,Reader_2_3.csv
1132,0,0,0,Reader_2_4.csv
1132,1,1,0,Reader_2_5.csv
1132,1,1,0,Reader_2_6.csv
1132,1,1,0,Reader_2_7.csv
1132,5,4,1,Reader_2_8.csv
1132,0,0,0,Reader_2_9.csv
1132,12,11,1,reader_3_1.csv
1132,11,11,0,Reader_3_2.csv
1132,9,9,0,Reader_3_3.csv
1132,9,9,0,Reader_3_4.csv
1132,2,2,0,Reader_3_5.csv
1132,12,11,1,Reader_3_6.csv
1132,1,1,0,Reader_3_7.csv
1133,5,5,0,Reader_1_1.csv
1133,1,0,1,Reader_1_10.csv
1133,0,0,0,Reader_1_11.csv
1133,0,0,0,Reader_1_12.csv
1133,21,21,0,Reader_1_2.csv
1133,4,3,1,Reader_1_3.csv
1133,1,0,1,Reader_1_4.csv
1133,9,5,4,Reader_1_5.csv
1133,0,0,0,Reader_1_6.csv
1133,0,0,0,Reader_1_7.csv
1133,0,0,0,Reader_1_8.csv
1133,0,0,0,Reader_1_9.csv
1133,2,1,1,Reader_2_1.csv
1133,0,0,0,Reader_2_10.csv
1133,0,0,0,Reader_2_11.csv
1133,1,1,0,Reader_2_12.csv
1133,1,1,0,Reader_2_2.csv
1133,1,1,0,Reader_2_3.csv
1133,0,0,0,Reader_2_4.csv
1133,1,1,0,Reader_2_5.csv
1133,1,1,0,Reader_2_6.csv
1133,0,0,0,Reader_2_7.csv
1133,5,4,1,Reader_2_8.csv
1133,0,0,0,Reader_2_9.csv
1133,15,14,1,reader_3_1.csv
1133,9,9,0,Reader_3_2.csv
1133,8,8,0,Reader_3_3.csv
1133,8,8,0,Reader_3_4.csv
1133,2,2,0,Reader_3_5.csv
1133,9,9,0,Reader_3_6.csv
1133,1,1,0,Reader_3_7.csv
1134,5,5,0,Reader_1_1.csv
1134,0,0,0,Reader_1_10.csv
1134,0,0,0,Reader_1_11.csv
1134,0,0,0,Reader_1_12.csv
1134,21,21,0,Reader_1_2.csv
1134,5,4,1,Reader_1_3.csv
1134,1,0,1,Reader_1_4.csv
1134,9,4,5,Reader_1_5.csv
1134,0,0,0,Reader_1_6.csv
1134,1,1,0,Reader_1_7.csv
1134,0,0,0,Reader_1_8.csv
1134,0,0,0,Reader_1_9.csv
1134,3,1,2,Reader_2_1.csv
1134,0,0,0,Reader_2_10.csv
1134,0,0,0,Reader_2_11.csv
1134,1,1,0,Reader_2_12.csv
1134,1,1,0,Reader_2_2.csv
1134,1,1,0,Reader_2_3.csv
1134,0,0,0,Reader_2_4.csv
1134,1,1,0,Reader_2_5.csv
1134,2,2,0,Reader_2_6.csv
1134,0,0,0,Reader_2_7.csv
1134,5,4,1,Reader_2_8.csv
1134,0,0,0,Reader_2_9.csv
1134,16,15,1,reader_3_1.csv
1134,10,10,0,Reader_3_2.csv
1134,7,7,0,Reader_3_3.csv
1134,7,7,0,Reader_3_4.csv
1134,2,2,0,Reader_3_5.csv
1134,11,10,1,Reader_3_6.csv
1134,1,1,0,Reader_3_7.csv
1135,3,3,0,Reader_1_1.csv
1135,0,0,0,Reader_1_10.csv
1135,0,0,0,Reader_1_11.csv
1135,1,1,0,Reader_1_12.csv
1135,18,18,0,Reader_1_2.csv
1135,3,3,0,Reader_1_3.csv
1135,1,0,1,Reader_1_4.csv
1135,10,4,6,Reader_1_5.csv
1135,0,0,0,Reader_1_6.csv
1135,1,1,0,Reader_1_7.csv
1135,0,0,0,Reader_1_8.csv
1135,0,0,0,Reader_1_9.csv
1135,3,1,2,Reader_2_1.csv
1135,0,0,0,Reader_2_10.csv
1135,0,0,0,Reader_2_11.csv
1135,1,1,0,Reader_2_12.csv
1135,1,1,0,Reader_2_2.csv
1135,2,2,0,Reader_2_3.csv
1135,0,0,0,Reader_2_4.csv
1135,0,0,0,Reader_2_5.csv
1135,2,2,0,Reader_2_6.csv
1135,0,0,0,Reader_2_7.csv
1135,4,4,0,Reader_2_8.csv
1135,0,0,0,Reader_2_9.csv
1135,14,13,1,reader_3_1.csv
1135,9,8,1,Reader_3_2.csv
1135,6,6,0,Reader_3_3.csv
1135,6,6,0,Reader_3_4.csv
1135,3,3,0,Reader_3_5.csv
1135,10,8,2,Reader_3_6.csv
1135,2,2,0,Reader_3_7.csv
1136,3,3,0,Reader_1_1.csv
1136,1,1,0,Reader_1_10.csv
1136,0,0,0,Reader_1_11.csv
1136,1,1,0,Reader_1_12.csv
1136,20,20,0,Reader_1_2.csv
1136,3,3,0,Reader_1_3.csv
1136,0,0,0,Reader_1_4.csv
1136,12,5,7,Reader_1_5.csv
1136,0,0,0,Reader_1_6.csv
1136,1,1,0,Reader_1_7.csv
1136,0,0,0,Reader_1_8.csv
1136,0,0,0,Reader_1_9.csv
1136,3,1,2,Reader_2_1.csv
1136,0,0,0,Reader_2_10.csv
1136,0,0,0,Reader_2_11.csv
1136,1,1,0,Reader_2_12.csv
1136,1,1,0,Reader_2_2.csv
1136,2,2,0,Reader_2_3.csv
1136,0,0,0,Reader_2_4.csv
1136,0,0,0,Reader_2_5.csv
1136,3,3,0,Reader_2_6.csv
1136,0,0,0,Reader_2_7.csv
1136,5,4,1,Reader_2_8.csv
1136,0,0,0,Reader_2_9.csv
1136,17,15,2,reader_3_1.csv
1136,10,8,2,Reader_3_2.csv
1136,5,5,0,Reader_3_3.csv
1136,5,5,0,Reader_3_4.csv
1136,4,4,0,Reader_3_5.csv
1136,11,8,3,Reader_3_6.csv
1136,2,2,0,Reader_3_7.csv
1137,3,3,0,Reader_1_1.csv
1137,1,1,0,Reader_1_10.csv
1137,0,0,0,Reader_1_11.csv
1137,1,1,0,Reader_1_12.csv
1137,19,19,0,Reader_1_2.csv
1137,1,1,0,Reader_1_3.csv
1137,0,0,0,Reader_1_4.csv
1137,13,7,6,Reader_1_5.csv
1137,0,0,0,Reader_1_6.csv
1137,1,1,0,Reader_1_7.csv
1137,0,0,0,Reader_1_8.csv
1137,0,0,0,Reader_1_9.csv
1137,3,0,3,Reader_2_1.csv
1137,0,0,0,Reader_2_10.csv
1137,0,0,0,Reader_2_11.csv
1137,1,1,0,Reader_2_12.csv
1137,1,1,0,Reader_2_2.csv
1137,2,2,0,Reader_2_3.csv
1137,0,0,0,Reader_2_4.csv
1137,0,0,0,Reader_2_5.csv
1137,3,3,0,Reader_2_6.csv
1137,0,0,0,Reader_2_7.csv
1137,4,2,2,Reader_2_8.csv
1137,0,0,0,Reader_2_9.csv
1137,19,17,2,reader_3_1.csv
1137,16,13,3,Reader_3_2.csv
1137,4,4,0,Reader_3_3.csv
1137,4,4,0,Reader_3_4.csv
1137,4,4,0,Reader_3_5.csv
1137,13,9,4,Reader_3_6.csv
1137,2,2,0,Reader_3_7.csv
1138,4,4,0,Reader_1_1.csv
1138,1,1,0,Reader_1_10.csv
1138,0,0,0,Reader_1_11.csv
1138,1,1,0,Reader_1_12.csv
1138,16,16,0,Reader_1_2.csv
1138,1,1,0,Reader_1_3.csv
1138,0,0,0,Reader_1_4.csv
1138,12,8,4,Reader_1_5.csv
1138,0,0,0,Reader_1_6.csv
1138,1,1,0,Reader_1_7.csv
1138,0,0,0,Reader_1_8.csv
1138,0,0,0,Reader_1_9.csv
1138,2,0,2,Reader_2_1.csv
1138,0,0,0,Reader_2_10.csv
1138,0,0,0,Reader_2_11.csv
1138,1,1,0,Reader_2_12.csv
1138,1,1,0,Reader_2_2.csv
1138,2,2,0,Reader_2_3.csv
1138,0,0,0,Reader_2_4.csv
1138,0,0,0,Reader_2_5.csv
1138,3,3,0,Reader_2_6.csv
1138,0,0,0,Reader_2_7.csv
1138,3,1,2,Reader_2_8.csv
1138,0,0,0,Reader_2_9.csv
1138,16,14,2,reader_3_1.csv
1138,21,16,5,Reader_3_2.csv
1138,1,1,0,Reader_3_3.csv
1138,1,1,0,Reader_3_4.csv
1138,3,3,0,Reader_3_5.csv
1138,12,8,4,Reader_3_6.csv
1138,2,2,0,Reader_3_7.csv
1139,5,4,1,Reader_1_1.csv
1139,1,1,0,Reader_1_10.csv
1139,0,0,0,Reader_1_11.csv
1139,1,1,0,Reader_1_12.csv
1139,13,13,0,Reader_1_2.csv
1139,1,1,0,Reader_1_3.csv
1139,0,0,0,Reader_1_4.csv
1139,13,9,4,Reader_1_5.csv
1139,1,1,0,Reader_1_6.csv
1139,1,1,0,Reader_1_7.csv
1139,0,0,0,Reader_1_8.csv
1139,0,0,0,Reader_1_9.csv
1139,2,0,2,Reader_2_1.csv
1139,0,0,0,Reader_2_10.csv
1139,0,0,0,Reader_2_11.csv
1139,1,1,0,Reader_2_12.csv
1139,2,1,1,Reader_2_2.csv
1139,2,2,0,Reader_2_3.csv
1139,0,0,0,Reader_2_4.csv
1139,0,0,0,Reader_2_5.csv
1139,3,3,0,Reader_2_6.csv
1139,0,0,0,Reader_2_7.csv
1139,5,3,2,Reader_2_8.csv
1139,0,0,0,Reader_2_9.csv
1139,15,13,2,reader_3_1.csv
1139,23,18,5,Reader_3_2.csv
1139,0,0,0,Reader_3_3.csv
1139,0,0,0,Reader_3_4.csv
1139,4,4,0,Reader_3_5.csv
1139,9,5,4,Reader_3_6.csv
1139,2,2,0,Reader_3_7.csv
1140,5,4,1,Reader_1_1.csv
1140,1,1,0,Reader_1_10.csv
1140,0,0,0,Reader_1_11.csv
1140,1,1,0,Reader_1_12.csv
1140,12,12,0,Reader_1_2.csv
1140,1,1,0,Reader_1_3.csv
1140,0,0,0,Reader_1_4.csv
1140,13,8,5,Reader_1_5.csv
1140,1,1,0,Reader_1_6.csv
1140,2,2,0,Reader_1_7.csv
1140,0,0,0,Reader_1_8.csv
1140,1,1,0,Reader_1_9.csv
1140,2,0,2,Reader_2_1.csv
1140,0,0,0,Reader_2_10.csv
1140,0,0,0,Reader_2_11.csv
1140,0,0,0,Reader_2_12.csv
1140,2,1,1,Reader_2_2.csv
1140,1,1,0,Reader_2_3.csv
1140,0,0,0,Reader_2_4.csv
1140,0,0,0,Reader_2_5.csv
1140,2,2,0,Reader_2_6.csv
1140,0,0,0,Reader_2_7.csv
1140,6,4,2,Reader_2_8.csv
1140,0,0,0,Reader_2_9.csv
1140,16,14,2,reader_3_1.csv
1140,24,19,5,Reader_3_2.csv
1140,0,0,0,Reader_3_3.csv
1140,0,0,0,Reader_3_4.csv
1140,4,4,0,Reader_3_5.csv
1140,10,5,5,Reader_3_6.csv
1140,1,1,0,Reader_3_7.csv
1141,5,4,1,Reader_1_1.csv
1141,1,1,0,Reader_1_10.csv
1141,0,0,0,Reader_1_11.csv
1141,1,1,0,Reader_1_12.csv
1141,10,10,0,Reader_1_2.csv
1141,2,2,0,Reader_1_3.csv
1141,0,0,0,Reader_1_4.csv
1141,13,7,6,Reader_1_5.csv
1141,1,1,0,Reader_1_6.csv
1141,2,2,0,Reader_1_7.csv
1141,1,1,0,Reader_1_8.csv
1141,1,1,0,Reader_1_9.csv
1141,2,0,2,Reader_2_1.csv
1141,0,0,0,Reader_2_10.csv
1141,0,0,0,Reader_2_11.csv
1141,0,0,0,Reader_2_12.csv
1141,2,1,1,Reader_2_2.csv
1141,1,1,0,Reader_2_3.csv
1141,0,0,0,Reader_2_4.csv
1141,0,0,0,Reader_2_5.csv
1141,2,2,0,Reader_2_6.csv
1141,0,0,0,Reader_2_7.csv
1141,6,4,2,Reader_2_8.csv
1141,0,0,0,Reader_2_9.csv
1141,13,11,2,reader_3_1.csv
1141,31,22,9,Reader_3_2.csv
1141,0,0,0,Reader_3_3.csv
1141,0,0,0,Reader_3_4.csv
1141,4,4,0,Reader_3_5.csv
1141,10,5,5,Reader_3_6.csv
1141,1,1,0,Reader_3_7.csv
1142,6,5,1,Reader_1_1.csv
1142,1,1,0,Reader_1_10.csv
1142,0,0,0,Reader_1_11.csv
1142,1,1,0,Reader_1_12.csv
1142,7,7,0,Reader_1_2.csv
1142,2,2,0,Reader_1_3.csv
1142,0,0,0,Reader_1_4.csv
1142,12,7,5,Reader_1_5.csv
1142,1,1,0,Reader_1_6.csv
1142,1,1,0,Reader_1_7.csv
1142,1,1,0,Reader_1_8.csv
1142,1,1,0,Reader_1_9.csv
1142,1,0,1,Reader_2_1.csv
1142,0,0,0,Reader_2_10.csv
1142,0,0,0,Reader_2_11.csv
1142,0,0,0,Reader_2_12.csv
1142,2,1,1,Reader_2_2.csv
1142,1,1,0,Reader_2_3.csv
1142,0,0,0,Reader_2_4.csv
1142,0,0,0,Reader_2_5.csv
1142,1,1,0,Reader_2_6.csv
1142,0,0,0,Reader_2_7.csv
1142,6,4,2,Reader_2_8.csv
1142,0,0,0,Reader_2_9.csv
1142,14,12,2,reader_3_1.csv
1142,40,30,10,Reader_3_2.csv
1142,0,0,0,Reader_3_3.csv
1142,0,0,0,Reader_3_4.csv
1142,4,4,0,Reader_3_5.csv
1142,10,6,4,Reader_3_6.csv
1142,1,1,0,Reader_3_7.csv
1143,9,8,1,Reader_1_1.csv
1143,1,1,0,Reader_1_10.csv
1143,0,0,0,Reader_1_11.csv
1143,0,0,0,Reader_1_12.csv
1143,7,7,0,Reader_1_2.csv
1143,2,2,0,Reader_1_3.csv
1143,0,0,0,Reader_1_4.csv
1143,12,7,5,Reader_1_5.csv
1143,1,1,0,Reader_1_6.csv
1143,1,1,0,Reader_1_7.csv
1143,1,1,0,Reader_1_8.csv
1143,1,1,0,Reader_1_9.csv
1143,1,0,1,Reader_2_1.csv
1143,0,0,0,Reader_2_10.csv
1143,0,0,0,Reader_2_11.csv
1143,0,0,0,Reader_2_12.csv
1143,3,2,1,Reader_2_2.csv
1143,0,0,0,Reader_2_3.csv
1143,0,0,0,Reader_2_4.csv
1143,0,0,0,Reader_2_5.csv
1143,1,1,0,Reader_2_6.csv
1143,0,0,0,Reader_2_7.csv
1143,5,3,2,Reader_2_8.csv
1143,0,0,0,Reader_2_9.csv
1143,12,10,2,reader_3_1.csv
1143,47,34,13,Reader_3_2.csv
1143,1,1,0,Reader_3_3.csv
1143,1,1,0,Reader_3_4.csv
1143,3,3,0,Reader_3_5.csv
1143,13,9,4,Reader_3_6.csv
1143,0,0,0,Reader_3_7.csv
1144,8,7,1,Reader_1_1.csv
1144,0,0,0,Reader_1_10.csv
1144,0,0,0,Reader_1_11.csv
1144,0,0,0,Reader_1_12.csv
1144,4,4,0,Reader_1_2.csv
1144,2,2,0,Reader_1_3.csv
1144,0,0,0,Reader_1_4.csv
1144,11,6,5,Reader_1_5.csv
1144,1,1,0,Reader_1_6.csv
1144,1,1,0,Reader_1_7.csv
1144,1,1,0,Reader_1_8.csv
1144,1,1,0,Reader_1_9.csv
1144,1,0,1,Reader_2_1.csv
1144,0,0,0,Reader_2_10.csv
1144,0,0,0,Reader_2_11.csv
1144,0,0,0,Reader_2_12.csv
1144,3,2,1,Reader_2_2.csv
1144,0,0,0,Reader_2_3.csv
1144,0,0,0,Reader_2_4.csv
1144,0,0,0,Reader_2_5.csv
1144,0,0,0,Reader_2_6.csv
1144,0,0,0,Reader_2_7.csv
1144,6,4,2,Reader_2_8.csv
1144,0,0,0,Reader_2_9.csv
1144,10,9,1,reader_3_1.csv
1144,60,44,16,Reader_3_2.csv
1144,1,1,0,Reader_3_3.csv
1144,1,1,0,Reader_3_4.csv
1144,2,2,0,Reader_3_5.csv
1144,13,9,4,Reader_3_6.csv
1144,1,0,1,Reader_3_7.csv
1145,8,7,1,Reader_1_1.csv
1145,0,0,0,Reader_1_10.csv
1145,0,0,0,Reader_1_11.csv
1145,0,0,0,Reader_1_12.csv
1145,3,3,0,Reader_1_2.csv
1145,2,2,0,Reader_1_3.csv
1145,0,0,0,Reader_1_4.csv
1145,11,6,5,Reader_1_5.csv
1145,1,1,0,Reader_1_6.csv
1145,1,1,0,Reader_1_7.csv
1145,1,1,0,Reader_1_8.csv
1145,2,2,0,Reader_1_9.csv
1145,1,1,0,Reader_2_1.csv
1145,0,0,0,Reader_2_10.csv
1145,0,0,0,Reader_2_11.csv
1145,0,0,0,Reader_2_12.csv
1145,4,3,1,Reader_2_2.csv
1145,1,1,0,Reader_2_3.csv
1145,0,0,0,Reader_2_4.csv
1145,0,0,0,Reader_2_5.csv
1145,0,0,0,Reader_2_6.csv
1145,0,0,0,Reader_2_7.csv
1145,6,5,1,Reader_2_8.csv
1145,0,0,0,Reader_2_9.csv
1145,9,8,1,reader_3_1.csv
1145,63,46,17,Reader_3_2.csv
1145,1,1,0,Reader_3_3.csv
1145,1,1,0,Reader_3_4.csv
1145,2,2,0,Reader_3_5.csv
1145,12,9,3,Reader_3_6.csv
1145,1,0,1,Reader_3_7.csv
1146,8,7,1,Reader_1_1.csv
1146,0,0,0,Reader_1_10.csv
1146,0,0,0,Reader_1_11.csv
1146,1,1,0,Reader_1_12.csv
1146,3,3,0,Reader_1_2.csv
1146,2,2,0,Reader_1_3.csv
1146,0,0,0,Reader_1_4.csv
1146,11,6,5,Reader_1_5.csv
1146,1,1,0,Reader_1_6.csv
1146,1,1,0,Reader_1_7.csv
1146,2,1,1,Reader_1_8.csv
1146,2,2,0,Reader_1_9.csv
1146,1,1,0,Reader_2_1.csv
1146,0,0,0,Reader_2_10.csv
1146,0,0,0,Reader_2_11.csv
1146,0,0,0,Reader_2_12.csv
1146,4,3,1,Reader_2_2.csv
1146,1,1,0,Reader_2_3.csv
1146,0,0,0,Reader_2_4.csv
1146,0,0,0,Reader_2_5.csv
1146,0,0,0,Reader_2_6.csv
1146,0,0,0,Reader_2_7.csv
1146,7,6,1,Reader_2_8.csv
1146,0,0,0,Reader_2_9.csv
1146,11,10,1,reader_3_1.csv
1146,66,50,16,Reader_3_2.csv
1146,1,1,0,Reader_3_3.csv
1146,1,1,0,Reader_3_4.csv
1146,3,3,0,Reader_3_5.csv
1146,12,9,3,Reader_3_6.csv
1146,1,0,1,Reader_3_7.csv
1147,7,7,0,Reader_1_1.csv
1147,0,0,0,Reader_1_10.csv
1147,0,0,0,Reader_1_11.csv
1147,1,1,0,Reader_1_12.csv
1147,2,2,0,Reader_1_2.csv
1147,2,2,0,Reader_1_3.csv
1147,0,0,0,Reader_1_4.csv
1147,9,5,4,Reader_1_5.csv
1147,0,0,0,Reader_1_6.csv
1147,1,1,0,Reader_1_7.csv
1147,3,2,1,Reader_1_8.csv
1147,2,2,0,Reader_1_9.csv
1147,1,1,0,Reader_2_1.csv
1147,0,0,0,Reader_2_10.csv
1147,0,0,0,Reader_2_11.csv
1147,0,0,0,Reader_2_12.csv
1147,3,3,0,Reader_2_2.csv
1147,1,1,0,Reader_2_3.csv
1147,0,0,0,Reader_2_4.csv
1147,0,0,0,Reader_2_5.csv
1147,0,0,0,Reader_2_6.csv
1147,1,1,0,Reader_2_7.csv
1147,5,4,1,Reader_2_8.csv
1147,0,0,0,Reader_2_9.csv
1147,14,13,1,reader_3_1.csv
1147,69,50,19,Reader_3_2.csv
1147,1,1,0,Reader_3_3.csv
1147,1,1,0,Reader_3_4.csv
1147,1,1,0,Reader_3_5.csv
1147,13,10,3,Reader_3_6.csv
1147,1,0,1,Reader_3_7.csv
1148,7,7,0,Reader_1_1.csv
1148,0,0,0,Reader_1_10.csv
1148,0,0,0,Reader_1_11.csv
1148,1,1,0,Reader_1_12.csv
1148,2,2,0,Reader_1_2.csv
1148,2,2,0,Reader_1_3.csv
1148,0,0,0,Reader_1_4.csv
1148,7,4,3,Reader_1_5.csv
1148,0,0,0,Reader_1_6.csv
1148,0,0,0,Reader_1_7.csv
1148,3,2,1,Reader_1_8.csv
1148,1,1,0,Reader_1_9.csv
1148,2,2,0,Reader_2_1.csv
1148,0,0,0,Reader_2_10.csv
1148,0,0,0,Reader_2_11.csv
1148,0,0,0,Reader_2_12.csv
1148,3,3,0,Reader_2_2.csv
1148,1,1,0,Reader_2_3.csv
1148,0,0,0,Reader_2_4.csv
1148,0,0,0,Reader_2_5.csv
1148,0,0,0,Reader_2_6.csv
1148,1,1,0,Reader_2_7.csv
1148,5,4,1,Reader_2_8.csv
1148,1,1,0,Reader_2_9.csv
1148,12,12,0,reader_3_1.csv
1148,71,49,22,Reader_3_2.csv
1148,2,1,1,Reader_3_3.csv
1148,2,1,1,Reader_3_4.csv
1148,1,1,0,Reader_3_5.csv
1148,17,15,2,Reader_3_6.csv
1148,1,0,1,Reader_3_7.csv
1149,8,8,0,Reader_1_1.csv
1149,0,0,0,Reader_1_10.csv
1149,0,0,0,Reader_1_11.csv
1149,1,1,0,Reader_1_12.csv
1149,2,2,0,Reader_1_2.csv
1149,2,1,1,Reader_1_3.csv
1149,0,0,0,Reader_1_4.csv
1149,7,4,3,Reader_1_5.csv
1149,0,0,0,Reader_1_6.csv
1149,0,0,0,Reader_1_7.csv
1149,2,1,1,Reader_1_8.csv
1149,1,1,0,Reader_1_9.csv
1149,2,2,0,Reader_2_1.csv
1149,0,0,0,Reader_2_10.csv
1149,0,0,0,Reader_2_11.csv
1149,0,0,0,Reader_2_12.csv
1149,2,2,0,Reader_2_2.csv
1149,1,1,0,Reader_2_3.csv
1149,0,0,0,Reader_2_4.csv
1149,0,0,0,Reader_2_5.csv
1149,0,0,0,Reader_2_6.csv
1149,1,1,0,Reader_2_7.csv
1149,6,4,2,Reader_2_8.csv
1149,1,1,0,Reader_2_9.csv
1149,14,14,0,reader_3_1.csv
1149,72,54,18,Reader_3_2.csv
1149,2,1,1,Reader_3_3.csv
1149,2,1,1,Reader_3_4.csv
1149,1,1,0,Reader_3_5.csv
1149,25,22,3,Reader_3_6.csv
1149,2,1,1,Reader_3_7.csv
1150,7,7,0,Reader_1_1.csv
1150,0,0,0,Reader_1_10.csv
1150,0,0,0,Reader_1_11.csv
1150,4,3,1,Reader_1_12.csv
1150,2,2,0,Reader_1_2.csv
1150,1,0,1,Reader_1_3.csv
1150,0,0,0,Reader_1_4.csv
1150,8,5,3,Reader_1_5.csv
1150,0,0,0,Reader_1_6.csv
1150,0,0,0,Reader_1_7.csv
1150,2,1,1,Reader_1_8.csv
1150,1,1,0,Reader_1_9.csv
1150,4,4,0,Reader_2_1.csv
1150,0,0,0,Reader_2_10.csv
1150,0,0,0,Reader_2_11.csv
1150,0,0,0,Reader_2_12.csv
1150,2,2,0,Reader_2_2.csv
1150,1,1,0,Reader_2_3.csv
1150,0,0,0,Reader_2_4.csv
1150,0,0,0,Reader_2_5.csv
1150,0,0,0,Reader_2_6.csv
1150,1,1,0,Reader_2_7.csv
1150,6,4,2,Reader_2_8.csv
1150,1,1,0,Reader_2_9.csv
1150,13,13,0,reader_3_1.csv
1150,70,51,19,Reader_3_2.csv
1150,2,1,1,Reader_3_3.csv
1150,2,1,1,Reader_3_4.csv
1150,2,2,0,Reader_3_5.csv
1150,25,20,5,Reader_3_6.csv
1150,2,1,1,Reader_3_7.csv
1151,4,4,0,Reader_1_1.csv
1151,0,0,0,Reader_1_10.csv
1151,0,0,0,Reader_1_11.csv
1151,4,3,1,Reader_1_12.csv
1151,2,2,0,Reader_1_2.csv
1151,2,1,1,Reader_1_3.csv
1151,0,0,0,Reader_1_4.csv
1151,10,8,2,Reader_1_5.csv
1151,0,0,0,Reader_1_6.csv
1151,0,0,0,Reader_1_7.csv
1151,3,1,2,Reader_1_8.csv
1151,1,1,0,Reader_1_9.csv
1151,4,4,0,Reader_2_1.csv
1151,0,0,0,Reader_2_10.csv
1151,0,0,0,Reader_2_11.csv
1151,0,0,0,Reader_2_12.csv
1151,1,1,0,Reader_2_2.csv
1151,1,1,0,Reader_2_3.csv
1151,0,0,0,Reader_2_4.csv
1151,0,0,0,Reader_2_5.csv
1151,0,0,0,Reader_2_6.csv
1151,1,1,0,Reader_2_7.csv
1151,7,4,3,Reader_2_8.csv
1151,1,1,0,Reader_2_9.csv
1151,17,15,2,reader_3_1.csv
1151,63,48,15,Reader_3_2.csv
1151,1,0,1,Reader_3_3.csv
1151,1,0,1,Reader_3_4.csv
1151,2,2,0,Reader_3_5.csv
1151,19,15,4,Reader_3_6.csv
1151,2,1,1,Reader_3_7.csv
1152,4,4,0,Reader_1_1.csv
1152,0,0,0,Reader_1_10.csv
1152,0,0,0,Reader_1_11.csv
1152,4,3,1,Reader_1_12.csv
1152,2,2,0,Reader_1_2.csv
1152,2,1,1,Reader_1_3.csv
1152,1,0,1,Reader_1_4.csv
1152,10,9,1,Reader_1_5.csv
1152,0,0,0,Reader_1_6.csv
1152,0,0,0,Reader_1_7.csv
1152,3,1,2,Reader_1_8.csv
1152,1,1,0,Reader_1_9.csv
1152,4,4,0,Reader_2_1.csv
1152,0,0,0,Reader_2_10.csv
1152,0,0,0,Reader_2_11.csv
1152,0,0,0,Reader_2_12.csv
1152,1,1,0,Reader_2_2.csv
1152,1,1,0,Reader_2_3.csv
1152,0,0,0,Reader_2_4.csv
1152,0,0,0,Reader_2_5.csv
1152,0,0,0,Reader_2_6.csv
1152,1,1,0,Reader_2_7.csv
1152,5,3,2,Reader_2_8.csv
1152,1,1,0,Reader_2_9.csv
1152,21,19,2,reader_3_1.csv
1152,61,47,14,Reader_3_2.csv
1152,1,0,1,Reader_3_3.csv
1152,1,0,1,Reader_3_4.csv
1152,2,2,0,Reader_3_5.csv
1152,20,16,4,Reader_3_6.csv
1152,1,1,0,Reader_3_7.csv
1153,4,4,0,Reader_1_1.csv
1153,0,0,0,Reader_1_10.csv
1153,1,1,0,Reader_1_11.csv
1153,4,3,1,Reader_1_12.csv
1153,2,2,0,Reader_1_2.csv
1153,2,1,1,Reader_1_3.csv
1153,1,0,1,Reader_1_4.csv
1153,9,8,1,Reader_1_5.csv
1153,0,0,0,Reader_1_6.csv
1153,0,0,0,Reader_1_7.csv
1153,4,2,2,Reader_1_8.csv
1153,0,0,0,Reader_1_9.csv
1153,3,3,0,Reader_2_1.csv
1153,0,0,0,Reader_2_10.csv
1153,0,0,0,Reader_2_11.csv
1153,0,0,0,Reader_2_12.csv
1153,0,0,0,Reader_2_2.csv
1153,0,0,0,Reader_2_3.csv
1153,0,0,0,Reader_2_4.csv
1153,0,0,0,Reader_2_5.csv
1153,0,0,0,Reader_2_6.csv
1153,1,1,0,Reader_2_7.csv
1153,5,3,2,Reader_2_8.csv
1153,1,1,0,Reader_2_9.csv
1153,21,19,2,reader_3_1.csv
1153,56,44,12,Reader_3_2.csv
1153,2,1,1,Reader_3_3.csv
1153,2,1,1,Reader_3_4.csv
1153,2,2,0,Reader_3_5.csv
1153,20,16,4,Reader_3_6.csv
1153,1,1,0,Reader_3_7.csv
1154,4,4,0,Reader_1_1.csv
1154,0,0,0,Reader_1_10.csv
1154,1,1,0,Reader_1_11.csv
1154,3,2,1,Reader_1_12.csv
1154,1,1,0,Reader_1_2.csv
1154,4,2,2,Reader_1_3.csv
1154,2,1,1,Reader_1_4.csv
1154,10,9,1,Reader_1_5.csv
1154,0,0,0,Reader_1_6.csv
1154,0,0,0,Reader_1_7.csv
1154,4,2,2,Reader_1_8.csv
1154,0,0,0,Reader_1_9.csv
1154,4,4,0,Reader_2_1.csv
1154,0,0,0,Reader_2_10.csv
1154,0,0,0,Reader_2_11.csv
1154,0,0,0,Reader_2_12.csv
1154,0,0,0,Reader_2_2.csv
1154,0,0,0,Reader_2_3.csv
1154,0,0,0,Reader_2_4.csv
1154,0,0,0,Reader_2_5.csv
1154,0,0,0,Reader_2_6.csv
1154,1,1,0,Reader_2_7.csv
1154,5,3,2,Reader_2_8.csv
1154,1,1,0,Reader_2_9.csv
1154,21,18,3,reader_3_1.csv
1154,51,39,12,Reader_3_2.csv
1154,2,1,1,Reader_3_3.csv
1154,2,1,1,Reader_3_4.csv
1154,2,2,0,Reader_3_5.csv
1154,23,18,5,Reader_3_6.csv
1154,1,1,0,Reader_3_7.csv
1155,4,4,0,Reader_1_1.csv
1155,0,0,0,Reader_1_10.csv
1155,1,1,0,Reader_1_11.csv
1155,3,2,1,Reader_1_12.csv
1155,1,1,0,Reader_1_2.csv
1155,4,2,2,Reader_1_3.csv
1155,2,1,1,Reader_1_4.csv
1155,10,9,1,Reader_1_5.csv
1155,0,0,0,Reader_1_6.csv
1155,0,0,0,Reader_1_7.csv
1155,3,1,2,Reader_1_8.csv
1155,0,0,0,Reader_1_9.csv
1155,4,4,0,Reader_2_1.csv
1155,0,0,0,Reader_2_10.csv
1155,0,0,0,Reader_2_11.csv
1155,1,0,1,Reader_2_12.csv
1155,1,1,0,Reader_2_2.csv
1155,0,0,0,Reader_2_3.csv
1155,0,0,0,Reader_2_4.csv
1155,0,0,0,Reader_2_5.csv
1155,0,0,0,Reader_2_6.csv
1155,0,0,0,Reader_2_7.csv
1155,6,4,2,Reader_2_8.csv
1155,1,1,0,Reader_2_9.csv
1155,20,17,3,reader_3_1.csv
1155,49,40,9,Reader_3_2.csv
1155,7,5,2,Reader_3_3.csv
1155,7,5,2,Reader_3_4.csv
1155,5,4,1,Reader_3_5.csv
1155,24,19,5,Reader_3_6.csv
1155,1,1,0,Reader_3_7.csv
1156,4,4,0,Reader_1_1.csv
1156,0,0,0,Reader_1_10.csv
1156,2,2,0,Reader_1_11.csv
1156,3,2,1,Reader_1_12.csv
1156,2,2,0,Reader_1_2.csv
1156,4,2,2,Reader_1_3.csv
1156,2,1,1,Reader_1_4.csv
1156,11,10,1,Reader_1_5.csv
1156,0,0,0,Reader_1_6.csv
1156,0,0,0,Reader_1_7.csv
1156,3,1,2,Reader_1_8.csv
1156,0,0,0,Reader_1_9.csv
1156,3,3,0,Reader_2_1.csv
1156,0,0,0,Reader_2_10.csv
1156,1,1,0,Reader_2_11.csv
1156,1,0,1,Reader_2_12.csv
1156,1,1,0,Reader_2_2.csv
1156,0,0,0,Reader_2_3.csv
1156,0,0,0,Reader_2_4.csv
1156,0,0,0,Reader_2_5.csv
1156,0,0,0,Reader_2_6.csv
1156,0,0,0,Reader_2_7.csv
1156,6,4,2,Reader_2_8.csv
1156,0,0,0,Reader_2_9.csv
1156,22,19,3,reader_3_1.csv
1156,46,40,6,Reader_3_2.csv
1156,6,5,1,Reader_3_3.csv
1156,6,5,1,Reader_3_4.csv
1156,5,4,1,Reader_3_5.csv
1156,20,14,6,Reader_3_6.csv
1156,1,1,0,Reader_3_7.csv
1157,4,4,0,Reader_1_1.csv
1157,0,0,0,Reader_1_10.csv
1157,2,2,0,Reader_1_11.csv
1157,3,2,1,Reader_1_12.csv
1157,3,3,0,Reader_1_2.csv
1157,6,5,1,Reader_1_3.csv
1157,2,1,1,Reader_1_4.csv
1157,10,10,0,Reader_1_5.csv
1157,0,0,0,Reader_1_6.csv
1157,0,0,0,Reader_1_7.csv
1157,3,1,2,Reader_1_8.csv
1157,0,0,0,Reader_1_9.csv
1157,3,3,0,Reader_2_1.csv
1157,0,0,0,Reader_2_10.csv
1157,1,1,0,Reader_2_11.csv
1157,1,0,1,Reader_2_12.csv
1157,1,1,0,Reader_2_2.csv
1157,1,1,0,Reader_2_3.csv
1157,0,0,0,Reader_2_4.csv
1157,0,0,0,Reader_2_5.csv
1157,0,0,0,Reader_2_6.csv
1157,0,0,0,Reader_2_7.csv
1157,6,5,1,Reader_2_8.csv
1157,0,0,0,Reader_2_9.csv
1157,20,17,3,reader_3_1.csv
1157,46,40,6,Reader_3_2.csv
1157,8,7,1,Reader_3_3.csv
1157,8,7,1,Reader_3_4.csv
1157,5,4,1,Reader_3_5.csv
1157,13,7,6,Reader_3_6.csv
1157,0,0,0,Reader_3_7.csv
1158,4,4,0,Reader_1_1.csv
1158,0,0,0,Reader_1_10.csv
1158,2,2,0,Reader_1_11.csv
1158,0,0,0,Reader_1_12.csv
1158,3,3,0,Reader_1_2.csv
1158,6,5,1,Reader_1_3.csv
1158,2,1,1,Reader_1_4.csv
1158,9,9,0,Reader_1_5.csv
1158,0,0,0,Reader_1_6.csv
1158,0,0,0,Reader_1_7.csv
1158,3,1,2,Reader_1_8.csv
1158,0,0,0,Reader_1_9.csv
1158,1,1,0,Reader_2_1.csv
1158,0,0,0,Reader_2_10.csv
1158,1,1,0,Reader_2_11.csv
1158,1,0,1,Reader_2_12.csv
1158,1,1,0,Reader_2_2.csv
1158,1,1,0,Reader_2_3.csv
1158,0,0,0,Reader_2_4.csv
1158,0,0,0,Reader_2_5.csv
1158,0,0,0,Reader_2_6.csv
1158,0,0,0,Reader_2_7.csv
1158,6,5,1,Reader_2_8.csv
1158,0,0,0,Reader_2_9.csv
1158,22,19,3,reader_3_1.csv
1158,40,36,4,Reader_3_2.csv
1158,11,10,1,Reader_3_3.csv
1158,11,10,1,Reader_3_4.csv
1158,4,3,1,Reader_3_5.csv
1158,13,9,4,Reader_3_6.csv
1158,0,0,0,Reader_3_7.csv
1159,4,4,0,Reader_1_1.csv
1159,0,0,0,Reader_1_10.csv
1159,2,2,0,Reader_1_11.csv
1159,0,0,0,Reader_1_12.csv
1159,3,2,1,Reader_1_2.csv
1159,5,4,1,Reader_1_3.csv
1159,2,1,1,Reader_1_4.csv
1159,6,6,0,Reader_1_5.csv
1159,0,0,0,Reader_1_6.csv
1159,0,0,0,Reader_1_7.csv
1159,2,1,1,Reader_1_8.csv
1159,0,0,0,Reader_1_9.csv
1159,2,2,0,Reader_2_1.csv
1159,0,0,0,Reader_2_10.csv
1159,1,1,0,Reader_2_11.csv
1159,1,0,1,Reader_2_12.csv
1159,1,1,0,Reader_2_2.csv
1159,1,1,0,Reader_2_3.csv
1159,0,0,0,Reader_2_4.csv
1159,0,0,0,Reader_2_5.csv
1159,0,0,0,Reader_2_6.csv
1159,0,0,0,Reader_2_7.csv
1159,5,5,0,Reader_2_8.csv
1159,0,0,0,Reader_2_9.csv
1159,18,17,1,reader_3_1.csv
1159,36,32,4,Reader_3_2.csv
1159,12,11,1,Reader_3_3.csv
1159,12,11,1,Reader_3_4.csv
1159,4,3,1,Reader_3_5.csv
1159,13,9,4,Reader_3_6.csv
1159,0,0,0,Reader_3_7.csv
1160,5,5,0,Reader_1_1.csv
1160,0,0,0,Reader_1_10.csv
1160,2,2,0,Reader_1_11.csv
1160,0,0,0,Reader_1_12.csv
1160,4,3,1,Reader_1_2.csv
1160,5,4,1,Reader_1_3.csv
1160,1,1,0,Reader_1_4.csv
1160,5,5,0,Reader_1_5.csv
1160,0,0,0,Reader_1_6.csv
1160,0,0,0,Reader_1_7.csv
1160,2,1,1,Reader_1_8.csv
1160,0,0,0,Reader_1_9.csv
1160,2,2,0,Reader_2_1.csv
1160,0,0,0,Reader_2_10.csv
1160,1,1,0,Reader_2_11.csv
1160,1,0,1,Reader_2_12.csv
1160,1,1,0,Reader_2_2.csv
1160,1,1,0,Reader_2_3.csv
1160,0,0,0,Reader_2_4.csv
1160,0,0,0,Reader_2_5.csv
1160,0,0,0,Reader_2_6.csv
1160,0,0,0,Reader_2_7.csv
1160,6,6,0,Reader_2_8.csv
1160,0,0,0,Reader_2_9.csv
1160,15,14,1,reader_3_1.csv
1160,28,27,1,Reader_3_2.csv
1160,12,11,1,Reader_3_3.csv
1160,12,11,1,Reader_3_4.csv
1160,4,3,1,Reader_3_5.csv
1160,11,8,3,Reader_3_6.csv
1160,0,0,0,Reader_3_7.csv
1161,5,5,0,Reader_1_1.csv
1161,1,1,0,Reader_1_10.csv
1161,1,1,0,Reader_1_11.csv
1161,0,0,0,Reader_1_12.csv
1161,4,3,1,Reader_1_2.csv
1161,5,4,1,Reader_1_3.csv
1161,1,1,0,Reader_1_4.csv
1161,6,6,0,Reader_1_5.csv
1161,0,0,0,Reader_1_6.csv
1161,0,0,0,Reader_1_7.csv
1161,1,0,1,Reader_1_8.csv
1161,0,0,0,Reader_1_9.csv
1161,3,3,0,Reader_2_1.csv
1161,0,0,0,Reader_2_10.csv
1161,1,1,0,Reader_2_11.csv
1161,1,0,1,Reader_2_12.csv
1161,1,1,0,Reader_2_2.csv
1161,1,1,0,Reader_2_3.csv
1161,0,0,0,Reader_2_4.csv
1161,0,0,0,Reader_2_5.csv
1161,0,0,0,Reader_2_6.csv
1161,0,0,0,Reader_2_7.csv
1161,6,5,1,Reader_2_8.csv
1161,1,1,0,Reader_2_9.csv
1161,16,15,1,reader_3_1.csv
1161,26,24,2,Reader_3_2.csv
1161,12,11,1,Reader_3_3.csv
1161,12,11,1,Reader_3_4.csv
1161,5,3,2,Reader_3_5.csv
1161,10,7,3,Reader_3_6.csv
1161,0,0,0,Reader_3_7.csv
1162,4,4,0,Reader_1_1.csv
1162,1,1,0,Reader_1_10.csv
1162,1,1,0,Reader_1_11.csv
1162,0,0,0,Reader_1_12.csv
1162,4,3,1,Reader_1_2.csv
1162,3,3,0,Reader_1_3.csv
1162,0,0,0,Reader_1_4.csv
1162,4,4,0,Reader_1_5.csv
1162,0,0,0,Reader_1_6.csv
1162,0,0,0,Reader_1_7.csv
1162,0,0,0,Reader_1_8.csv
1162,0,0,0,Reader_1_9.csv
1162,2,2,0,Reader_2_1.csv
1162,0,0,0,Reader_2_10.csv
1162,1,1,0,Reader_2_11.csv
1162,1,0,1,Reader_2_12.csv
1162,1,1,0,Reader_2_2.csv
1162,1,1,0,Reader_2_3.csv
1162,0,0,0,Reader_2_4.csv
1162,0,0,0,Reader_2_5.csv
1162,0,0,0,Reader_2_6.csv
1162,0,0,0,Reader_2_7.csv
1162,6,4,2,Reader_2_8.csv
1162,1,1,0,Reader_2_9.csv
1162,15,14,1,reader_3_1.csv
1162,25,24,1,Reader_3_2.csv
1162,14,12,2,Reader_3_3.csv
1162,14,12,2,Reader_3_4.csv
1162,5,3,2,Reader_3_5.csv
1162,7,5,2,Reader_3_6.csv
1162,1,1,0,Reader_3_7.csv
1163,4,4,0,Reader_1_1.csv
1163,2,2,0,Reader_1_10.csv
1163,1,1,0,Reader_1_11.csv
1163,0,0,0,Reader_1_12.csv
1163,4,3,1,Reader_1_2.csv
1163,3,3,0,Reader_1_3.csv
1163,0,0,0,Reader_1_4.csv
1163,3,3,0,Reader_1_5.csv
1163,0,0,0,Reader_1_6.csv
1163,0,0,0,Reader_1_7.csv
1163,1,1,0,Reader_1_8.csv
1163,0,0,0,Reader_1_9.csv
1163,2,2,0,Reader_2_1.csv
1163,0,0,0,Reader_2_10.csv
1163,1,1,0,Reader_2_11.csv
1163,0,0,0,Reader_2_12.csv
1163,0,0,0,Reader_2_2.csv
1163,1,1,0,Reader_2_3.csv
1163,0,0,0,Reader_2_4.csv
1163,0,0,0,Reader_2_5.csv
1163,0,0,0,Reader_2_6.csv
1163,0,0,0,Reader_2_7.csv
1163,5,3,2,Reader_2_8.csv
1163,1,1,0,Reader_2_9.csv
1163,12,11,1,reader_3_1.csv
1163,23,22,1,Reader_3_2.csv
1163,9,8,1,Reader_3_3.csv
1163,9,8,1,Reader_3_4.csv
1163,2,1,1,Reader_3_5.csv
1163,5,3,2,Reader_3_6.csv
1163,2,2,0,Reader_3_7.csv
1164,3,3,0,Reader_1_1.csv
1164,2,2,0,Reader_1_10.csv
1164,0,0,0,Reader_1_11.csv
1164,0,0,0,Reader_1_12.csv
1164,4,3,1,Reader_1_2.csv
1164,3,3,0,Reader_1_3.csv
1164,0,0,0,Reader_1_4.csv
1164,3,2,1,Reader_1_5.csv
1164,0,0,0,Reader_1_6.csv
1164,0,0,0,Reader_1_7.csv
1164,2,1,1,Reader_1_8.csv
1164,0,0,0,Reader_1_9.csv
1164,2,2,0,Reader_2_1.csv
1164,0,0,0,Reader_2_10.csv
1164,0,0,0,Reader_2_11.csv
1164,0,0,0,Reader_2_12.csv
1164,0,0,0,Reader_2_2.csv
1164,1,1,0,Reader_2_3.csv
1164,0,0,0,Reader_2_4.csv
1164,0,0,0,Reader_2_5.csv
1164,0,0,0,Reader_2_6.csv
1164,0,0,0,Reader_2_7.csv
1164,5,2,3,Reader_2_8.csv
1164,1,1,0,Reader_2_9.csv
1164,11,10,1,reader_3_1.csv
1164,22,21,1,Reader_3_2.csv
1164,10,9,1,Reader_3_3.csv
1164,10,9,1,Reader_3_4.csv
1164,3,2,1,Reader_3_5.csv
1164,5,4,1,Reader_3_6.csv
1164,2,2,0,Reader_3_7.csv
1165,3,3,0,Reader_1_1.csv
1165,2,2,0,Reader_1_10.csv
1165,0,0,0,Reader_1_11.csv
1165,0,0,0,Reader_1_12.csv
1165,4,3,1,Reader_1_2.csv
1165,0,0,0,Reader_1_3.csv
1165,0,0,0,Reader_1_4.csv
1165,3,2,1,Reader_1_5.csv
1165,0,0,0,Reader_1_6.csv
1165,1,0,1,Reader_1_7.csv
1165,2,1,1,Reader_1_8.csv
1165,0,0,0,Reader_1_9.csv
1165,2,2,0,Reader_2_1.csv
1165,0,0,0,Reader_2_10.csv
1165,0,0,0,Reader_2_11.csv
1165,0,0,0,Reader_2_12.csv
1165,0,0,0,Reader_2_2.csv
1165,2,2,0,Reader_2_3.csv
1165,0,0,0,Reader_2_4.csv
1165,0,0,0,Reader_2_5.csv
1165,0,0,0,Reader_2_6.csv
1165,0,0,0,Reader_2_7.csv
1165,4,1,3,Reader_2_8.csv
1165,1,1,0,Reader_2_9.csv
1165,11,10,1,reader_3_1.csv
1165,14,13,1,Reader_3_2.csv
1165,9,8,1,Reader_3_3.csv
1165,9,8,1,Reader_3_4.csv
1165,3,2,1,Reader_3_5.csv
1165,5,4,1,Reader_3_6.csv
1165,2,2,0,Reader_3_7.csv
1166,4,4,0,Reader_1_1.csv
1166,2,2,0,Reader_1_10.csv
1166,0,0,0,Reader_1_11.csv
1166,0,0,0,Reader_1_12.csv
1166,6,5,1,Reader_1_2.csv
1166,1,1,0,Reader_1_3.csv
1166,0,0,0,Reader_1_4.csv
1166,4,3,1,Reader_1_5.csv
1166,0,0,0,Reader_1_6.csv
1166,1,0,1,Reader_1_7.csv
1166,3,1,2,Reader_1_8.csv
1166,0,0,0,Reader_1_9.csv
1166,2,2,0,Reader_2_1.csv
1166,0,0,0,Reader_2_10.csv
1166,0,0,0,Reader_2_11.csv
1166,0,0,0,Reader_2_12.csv
1166,0,0,0,Reader_2_2.csv
1166,3,3,0,Reader_2_3.csv
1166,0,0,0,Reader_2_4.csv
1166,0,0,0,Reader_2_5.csv
1166,0,0,0,Reader_2_6.csv
1166,0,0,0,Reader_2_7.csv
1166,4,1,3,Reader_2_8.csv
1166,1,1,0,Reader_2_9.csv
1166,10,9,1,reader_3_1.csv
1166,14,13,1,Reader_3_2.csv
1166,7,6,1,Reader_3_3.csv
1166,7,6,1,Reader_3_4.csv
1166,4,3,1,Reader_3_5.csv
1166,3,2,1,Reader_3_6.csv
1166,2,2,0,Reader_3_7.csv
1167,6,6,0,Reader_1_1.csv
1167,3,2,1,Reader_1_10.csv
1167,0,0,0,Reader_1_11.csv
1167,2,2,0,Reader_1_12.csv
1167,5,5,0,Reader_1_2.csv
1167,1,1,0,Reader_1_3.csv
1167,0,0,0,Reader_1_4.csv
1167,4,3,1,Reader_1_5.csv
1167,0,0,0,Reader_1_6.csv
1167,1,0,1,Reader_1_7.csv
1167,3,1,2,Reader_1_8.csv
1167,1,1,0,Reader_1_9.csv
1167,1,1,0,Reader_2_1.csv
1167,0,0,0,Reader_2_10.csv
1167,0,0,0,Reader_2_11.csv
1167,1,1,0,Reader_2_12.csv
1167,1,1,0,Reader_2_2.csv
1167,3,3,0,Reader_2_3.csv
1167,0,0,0,Reader_2_4.csv
1167,0,0,0,Reader_2_5.csv
1167,0,0,0,Reader_2_6.csv
1167,0,0,0,Reader_2_7.csv
1167,4,1,3,Reader_2_8.csv
1167,1,1,0,Reader_2_9.csv
1167,11,10,1,reader_3_1.csv
1167,15,13,2,Reader_3_2.csv
1167,7,6,1,Reader_3_3.csv
1167,7,6,1,Reader_3_4.csv
1167,4,3,1,Reader_3_5.csv
1167,3,2,1,Reader_3_6.csv
1167,2,2,0,Reader_3_7.csv
1168,6,6,0,Reader_1_1.csv
1168,4,3,1,Reader_1_10.csv
1168,0,0,0,Reader_1_11.csv
1168,2,2,0,Reader_1_12.csv
1168,4,4,0,Reader_1_2.csv
1168,2,2,0,Reader_1_3.csv
1168,0,0,0,Reader_1_4.csv
1168,4,3,1,Reader_1_5.csv
1168,0,0,0,Reader_1_6.csv
1168,3,1,2,Reader_1_7.csv
1168,3,1,2,Reader_1_8.csv
1168,1,1,0,Reader_1_9.csv
1168,1,1,0,Reader_2_1.csv
1168,0,0,0,Reader_2_10.csv
1168,0,0,0,Reader_2_11.csv
1168,1,1,0,Reader_2_12.csv
1168,1,1,0,Reader_2_2.csv
1168,3,3,0,Reader_2_3.csv
1168,0,0,0,Reader_2_4.csv
1168,0,0,0,Reader_2_5.csv
1168,0,0,0,Reader_2_6.csv
1168,0,0,0,Reader_2_7.csv
1168,3,0,3,Reader_2_8.csv
1168,1,1,0,Reader_2_9.csv
1168,10,9,1,reader_3_1.csv
1168,12,10,2,Reader_3_2.csv
1168,7,6,1,Reader_3_3.csv
1168,7,6,1,Reader_3_4.csv
1168,4,3,1,Reader_3_5.csv
1168,3,2,1,Reader_3_6.csv
1168,2,2,0,Reader_3_7.csv
1169,6,6,0,Reader_1_1.csv
1169,3,2,1,Reader_1_10.csv
1169,1,1,0,Reader_1_11.csv
1169,2,2,0,Reader_1_12.csv
1169,4,4,0,Reader_1_2.csv
1169,2,2,0,Reader_1_3.csv
1169,0,0,0,Reader_1_4.csv
1169,3,2,1,Reader_1_5.csv
1169,0,0,0,Reader_1_6.csv
1169,3,1,2,Reader_1_7.csv
1169,3,1,2,Reader_1_8.csv
1169,1,1,0,Reader_1_9.csv
1169,1,1,0,Reader_2_1.csv
1169,0,0,0,Reader_2_10.csv
1169,0,0,0,Reader_2_11.csv
1169,1,1,0,Reader_2_12.csv
1169,1,1,0,Reader_2_2.csv
1169,3,3,0,Reader_2_3.csv
1169,0,0,0,Reader_2_4.csv
1169,0,0,0,Reader_2_5.csv
1169,0,0,0,Reader_2_6.csv
1169,0,0,0,Reader_2_7.csv
1169,2,0,2,Reader_2_8.csv
1169,0,0,0,Reader_2_9.csv
1169,9,8,1,reader_3_1.csv
1169,11,10,1,Reader_3_2.csv
1169,7,6,1,Reader_3_3.csv
1169,7,6,1,Reader_3_4.csv
1169,4,3,1,Reader_3_5.csv
1169,4,2,2,Reader_3_6.csv
1169,2,2,0,Reader_3_7.csv
1170,7,7,0,Reader_1_1.csv
1170,3,2,1,Reader_1_10.csv
1170,1,1,0,Reader_1_11.csv
1170,2,2,0,Reader_1_12.csv
1170,4,4,0,Reader_1_2.csv
1170,4,4,0,Reader_1_3.csv
1170,0,0,0,Reader_1_4.csv
1170,3,2,1,Reader_1_5.csv
1170,0,0,0,Reader_1_6.csv
1170,3,1,2,Reader_1_7.csv
1170,3,1,2,Reader_1_8.csv
1170,1,1,0,Reader_1_9.csv
1170,2,2,0,Reader_2_1.csv
1170,0,0,0,Reader_2_10.csv
1170,0,0,0,Reader_2_11.csv
1170,1,1,0,Reader_2_12.csv
1170,1,1,0,Reader_2_2.csv
1170,3,3,0,Reader_2_3.csv
1170,0,0,0,Reader_2_4.csv
1170,0,0,0,Reader_2_5.csv
1170,0,0,0,Reader_2_6.csv
1170,0,0,0,Reader_2_7.csv
1170,1,0,1,Reader_2_8.csv
1170,0,0,0,Reader_2_9.csv
1170,9,9,0,reader_3_1.csv
1170,10,9,1,Reader_3_2.csv
1170,5,5,0,Reader_3_3.csv
1170,5,5,0,Reader_3_4.csv
1170,3,2,1,Reader_3_5.csv
1170,5,2,3,Reader_3_6.csv
1170,2,2,0,Reader_3_7.csv
1171,6,6,0,Reader_1_1.csv
1171,2,1,1,Reader_1_10.csv
1171,1,1,0,Reader_1_11.csv
1171,2,2,0,Reader_1_12.csv
1171,5,5,0,Reader_1_2.csv
1171,4,4,0,Reader_1_3.csv
1171,0,0,0,Reader_1_4.csv
1171,3,2,1,Reader_1_5.csv
1171,0,0,0,Reader_1_6.csv
1171,3,1,2,Reader_1_7.csv
1171,2,0,2,Reader_1_8.csv
1171,1,1,0,Reader_1_9.csv
1171,3,3,0,Reader_2_1.csv
1171,0,0,0,Reader_2_10.csv
1171,0,0,0,Reader_2_11.csv
1171,3,3,0,Reader_2_12.csv
1171,1,1,0,Reader_2_2.csv
1171,3,3,0,Reader_2_3.csv
1171,0,0,0,Reader_2_4.csv
1171,0,0,0,Reader_2_5.csv
1171,0,0,0,Reader_2_6.csv
1171,0,0,0,Reader_2_7.csv
1171,2,1,1,Reader_2_8.csv
1171,0,0,0,Reader_2_9.csv
1171,10,10,0,reader_3_1.csv
1171,10,8,2,Reader_3_2.csv
1171,6,6,0,Reader_3_3.csv
1171,6,6,0,Reader_3_4.csv
1171,3,2,1,Reader_3_5.csv
1171,6,3,3,Reader_3_6.csv
1171,1,1,0,Reader_3_7.csv
1172,6,6,0,Reader_1_1.csv
1172,3,2,1,Reader_1_10.csv
1172,1,1,0,Reader_1_11.csv
1172,2,2,0,Reader_1_12.csv
1172,4,4,0,Reader_1_2.csv
1172,5,5,0,Reader_1_3.csv
1172,0,0,0,Reader_1_4.csv
1172,4,4,0,Reader_1_5.csv
1172,0,0,0,Reader_1_6.csv
1172,3,1,2,Reader_1_7.csv
1172,1,0,1,Reader_1_8.csv
1172,1,1,0,Reader_1_9.csv
1172,3,3,0,Reader_2_1.csv
1172,0,0,0,Reader_2_10.csv
1172,0,0,0,Reader_2_11.csv
1172,3,3,0,Reader_2_12.csv
1172,1,1,0,Reader_2_2.csv
1172,3,3,0,Reader_2_3.csv
1172,0,0,0,Reader_2_4.csv
1172,0,0,0,Reader_2_5.csv
1172,0,0,0,Reader_2_6.csv
1172,0,0,0,Reader_2_7.csv
1172,1,1,0,Reader_2_8.csv
1172,0,0,0,Reader_2_9.csv
1172,9,9,0,reader_3_1.csv
1172,10,8,2,Reader_3_2.csv
1172,7,7,0,Reader_3_3.csv
1172,7,7,0,Reader_3_4.csv
1172,2,1,1,Reader_3_5.csv
1172,7,4,3,Reader_3_6.csv
1172,1,1,0,Reader_3_7.csv
1173,7,7,0,Reader_1_1.csv
1173,3,2,1,Reader_1_10.csv
1173,2,2,0,Reader_1_11.csv
1173,2,2,0,Reader_1_12.csv
1173,3,3,0,Reader_1_2.csv
1173,5,5,0,Reader_1_3.csv
1173,0,0,0,Reader_1_4.csv
1173,4,4,0,Reader_1_5.csv
1173,0,0,0,Reader_1_6.csv
1173,3,2,1,Reader_1_7.csv
1173,1,0,1,Reader_1_8.csv
1173,1,1,0,Reader_1_9.csv
1173,3,3,0,Reader_2_1.csv
1173,0,0,0,Reader_2_10.csv
1173,0,0,0,Reader_2_11.csv
1173,3,3,0,Reader_2_12.csv
1173,1,1,0,Reader_2_2.csv
1173,1,1,0,Reader_2_3.csv
1173,0,0,0,Reader_2_4.csv
1173,0,0,0,Reader_2_5.csv
1173,0,0,0,Reader_2_6.csv
1173,0,0,0,Reader_2_7.csv
1173,1,1,0,Reader_2_8.csv
1173,0,0,0,Reader_2_9.csv
1173,10,9,1,reader_3_1.csv
1173,11,9,2,Reader_3_2.csv
1173,6,6,0,Reader_3_3.csv
1173,6,6,0,Reader_3_4.csv
1173,3,2,1,Reader_3_5.csv
1173,7,5,2,Reader_3_6.csv
1173,2,2,0,Reader_3_7.csv
1174,6,6,0,Reader_1_1.csv
1174,3,2,1,Reader_1_10.csv
1174,3,3,0,Reader_1_11.csv
1174,2,2,0,Reader_1_12.csv
1174,1,1,0,Reader_1_2.csv
1174,4,4,0,Reader_1_3.csv
1174,2,2,0,Reader_1_4.csv
1174,3,3,0,Reader_1_5.csv
1174,0,0,0,Reader_1_6.csv
1174,3,2,1,Reader_1_7.csv
1174,0,0,0,Reader_1_8.csv
1174,1,1,0,Reader_1_9.csv
1174,3,3,0,Reader_2_1.csv
1174,0,0,0,Reader_2_10.csv
1174,0,0,0,Reader_2_11.csv
1174,3,3,0,Reader_2_12.csv
1174,1,1,0,Reader_2_2.csv
1174,0,0,0,Reader_2_3.csv
1174,0,0,0,Reader_2_4.csv
1174,0,0,0,Reader_2_5.csv
1174,0,0,0,Reader_2_6.csv
1174,0,0,0,Reader_2_7.csv
1174,2,1,1,Reader_2_8.csv
1174,0,0,0,Reader_2_9.csv
1174,9,8,1,reader_3_1.csv
1174,8,6,2,Reader_3_2.csv
1174,5,5,0,Reader_3_3.csv
1174,5,5,0,Reader_3_4.csv
1174,2,1,1,Reader_3_5.csv
1174,8,6,2,Reader_3_6.csv
1174,3,3,0,Reader_3_7.csv
1175,5,5,0,Reader_1_1.csv
1175,2,2,0,Reader_1_10.csv
1175,4,3,1,Reader_1_11.csv
1175,0,0,0,Reader_1_12.csv
1175,2,2,0,Reader_1_2.csv
1175,4,4,0,Reader_1_3.csv
1175,2,2,0,Reader_1_4.csv
1175,3,3,0,Reader_1_5.csv
1175,0,0,0,Reader_1_6.csv
1175,3,2,1,Reader_1_7.csv
1175,0,0,0,Reader_1_8.csv
1175,0,0,0,Reader_1_9.csv
1175,3,3,0,Reader_2_1.csv
1175,0,0,0,Reader_2_10.csv
1175,0,0,0,Reader_2_11.csv
1175,2,2,0,Reader_2_12.csv
1175,0,0,0,Reader_2_2.csv
1175,0,0,0,Reader_2_3.csv
1175,1,1,0,Reader_2_4.csv
1175,0,0,0,Reader_2_5.csv
1175,0,0,0,Reader_2_6.csv
1175,0,0,0,Reader_2_7.csv
1175,2,1,1,Reader_2_8.csv
1175,0,0,0,Reader_2_9.csv
1175,10,9,1,reader_3_1.csv
1175,7,6,1,Reader_3_2.csv
1175,4,4,0,Reader_3_3.csv
1175,4,4,0,Reader_3_4.csv
1175,2,1,1,Reader_3_5.csv
1175,9,6,3,Reader_3_6.csv
1175,3,3,0,Reader_3_7.csv
1176,4,4,0,Reader_1_1.csv
1176,1,1,0,Reader_1_10.csv
1176,4,3,1,Reader_1_11.csv
1176,0,0,0,Reader_1_12.csv
1176,3,2,1,Reader_1_2.csv
1176,5,3,2,Reader_1_3.csv
1176,2,2,0,Reader_1_4.csv
1176,3,3,0,Reader_1_5.csv
1176,0,0,0,Reader_1_6.csv
1176,1,1,0,Reader_1_7.csv
1176,0,0,0,Reader_1_8.csv
1176,0,0,0,Reader_1_9.csv
1176,3,3,0,Reader_2_1.csv
1176,0,0,0,Reader_2_10.csv
1176,0,0,0,Reader_2_11.csv
1176,2,2,0,Reader_2_12.csv
1176,0,0,0,Reader_2_2.csv
1176,0,0,0,Reader_2_3.csv
1176,1,1,0,Reader_2_4.csv
1176,0,0,0,Reader_2_5.csv
1176,0,0,0,Reader_2_6.csv
1176,0,0,0,Reader_2_7.csv
1176,2,1,1,Reader_2_8.csv
1176,0,0,0,Reader_2_9.csv
1176,10,9,1,reader_3_1.csv
1176,6,5,1,Reader_3_2.csv
1176,4,4,0,Reader_3_3.csv
1176,4,4,0,Reader_3_4.csv
1176,4,3,1,Reader_3_5.csv
1176,9,6,3,Reader_3_6.csv
1176,3,3,0,Reader_3_7.csv
1177,4,4,0,Reader_1_1.csv
1177,1,1,0,Reader_1_10.csv
1177,3,2,1,Reader_1_11.csv
1177,0,0,0,Reader_1_12.csv
1177,3,2,1,Reader_1_2.csv
1177,5,3,2,Reader_1_3.csv
1177,2,2,0,Reader_1_4.csv
1177,3,3,0,Reader_1_5.csv
1177,0,0,0,Reader_1_6.csv
1177,2,2,0,Reader_1_7.csv
1177,0,0,0,Reader_1_8.csv
1177,0,0,0,Reader_1_9.csv
1177,3,3,0,Reader_2_1.csv
1177,0,0,0,Reader_2_10.csv
1177,0,0,0,Reader_2_11.csv
1177,2,2,0,Reader_2_12.csv
1177,0,0,0,Reader_2_2.csv
1177,1,1,0,Reader_2_3.csv
1177,1,1,0,Reader_2_4.csv
1177,0,0,0,Reader_2_5.csv
1177,0,0,0,Reader_2_6.csv
1177,0,0,0,Reader_2_7.csv
1177,2,1,1,Reader_2_8.csv
1177,0,0,0,Reader_2_9.csv
1177,12,10,2,reader_3_1.csv
1177,6,5,1,Reader_3_2.csv
1177,3,3,0,Reader_3_3.csv
1177,3,3,0,Reader_3_4.csv
1177,3,3,0,Reader_3_5.csv
1177,9,7,2,Reader_3_6.csv
1177,3,3,0,Reader_3_7.csv
1178,5,5,0,Reader_1_1.csv
1178,2,2,0,Reader_1_10.csv
1178,3,2,1,Reader_1_11.csv
1178,0,0,0,Reader_1_12.csv
1178,3,2,1,Reader_1_2.csv
1178,3,1,2,Reader_1_3.csv
1178,2,2,0,Reader_1_4.csv
1178,4,4,0,Reader_1_5.csv
1178,0,0,0,Reader_1_6.csv
1178,2,2,0,Reader_1_7.csv
1178,0,0,0,Reader_1_8.csv
1178,0,0,0,Reader_1_9.csv
1178,2,2,0,Reader_2_1.csv
1178,0,0,0,Reader_2_10.csv
1178,0,0,0,Reader_2_11.csv
1178,2,2,0,Reader_2_12.csv
1178,0,0,0,Reader_2_2.csv
1178,1,1,0,Reader_2_3.csv
1178,1,1,0,Reader_2_4.csv
1178,0,0,0,Reader_2_5.csv
1178,0,0,0,Reader_2_6.csv
1178,0,0,0,Reader_2_7.csv
1178,3,1,2,Reader_2_8.csv
1178,0,0,0,Reader_2_9.csv
1178,14,12,2,reader_3_1.csv
1178,7,5,2,Reader_3_2.csv
1178,4,4,0,Reader_3_3.csv
1178,4,4,0,Reader_3_4.csv
1178,3,3,0,Reader_3_5.csv
1178,9,7,2,Reader_3_6.csv
1178,2,2,0,Reader_3_7.csv
1179,8,8,0,Reader_1_1.csv
1179,2,2,0,Reader_1_10.csv
1179,4,3,1,Reader_1_11.csv
1179,1,1,0,Reader_1_12.csv
1179,2,1,1,Reader_1_2.csv
1179,3,1,2,Reader_1_3.csv
1179,2,2,0,Reader_1_4.csv
1179,4,4,0,Reader_1_5.csv
1179,0,0,0,Reader_1_6.csv
1179,3,3,0,Reader_1_7.csv
1179,0,0,0,Reader_1_8.csv
1179,0,0,0,Reader_1_9.csv
1179,3,3,0,Reader_2_1.csv
1179,0,0,0,Reader_2_10.csv
1179,0,0,0,Reader_2_11.csv
1179,0,0,0,Reader_2_12.csv
1179,0,0,0,Reader_2_2.csv
1179,2,1,1,Reader_2_3.csv
1179,1,1,0,Reader_2_4.csv
1179,0,0,0,Reader_2_5.csv
1179,0,0,0,Reader_2_6.csv
1179,0,0,0,Reader_2_7.csv
1179,2,0,2,Reader_2_8.csv
1179,0,0,0,Reader_2_9.csv
1179,13,11,2,reader_3_1.csv
1179,6,4,2,Reader_3_2.csv
1179,3,3,0,Reader_3_3.csv
1179,3,3,0,Reader_3_4.csv
1179,3,3,0,Reader_3_5.csv
1179,12,7,5,Reader_3_6.csv
1179,2,2,0,Reader_3_7.csv
1180,9,9,0,Reader_1_1.csv
1180,3,3,0,Reader_1_10.csv
1180,4,3,1,Reader_1_11.csv
1180,1,1,0,Reader_1_12.csv
1180,4,3,1,Reader_1_2.csv
1180,2,0,2,Reader_1_3.csv
1180,2,2,0,Reader_1_4.csv
1180,2,2,0,Reader_1_5.csv
1180,0,0,0,Reader_1_6.csv
1180,3,3,0,Reader_1_7.csv
1180,0,0,0,Reader_1_8.csv
1180,0,0,0,Reader_1_9.csv
1180,3,3,0,Reader_2_1.csv
1180,0,0,0,Reader_2_10.csv
1180,0,0,0,Reader_2_11.csv
1180,0,0,0,Reader_2_12.csv
1180,0,0,0,Reader_2_2.csv
1180,2,1,1,Reader_2_3.csv
1180,2,2,0,Reader_2_4.csv
1180,0,0,0,Reader_2_5.csv
1180,0,0,0,Reader_2_6.csv
1180,0,0,0,Reader_2_7.csv
1180,2,0,2,Reader_2_8.csv
1180,0,0,0,Reader_2_9.csv
1180,14,12,2,reader_3_1.csv
1180,6,4,2,Reader_3_2.csv
1180,1,1,0,Reader_3_3.csv
1180,1,1,0,Reader_3_4.csv
1180,3,3,0,Reader_3_5.csv
1180,10,5,5,Reader_3_6.csv
1180,3,3,0,Reader_3_7.csv
1181,7,7,0,Reader_1_1.csv
1181,3,3,0,Reader_1_10.csv
1181,3,2,1,Reader_1_11.csv
1181,1,1,0,Reader_1_12.csv
1181,4,3,1,Reader_1_2.csv
1181,2,0,2,Reader_1_3.csv
1181,2,2,0,Reader_1_4.csv
1181,2,2,0,Reader_1_5.csv
1181,0,0,0,Reader_1_6.csv
1181,2,2,0,Reader_1_7.csv
1181,0,0,0,Reader_1_8.csv
1181,0,0,0,Reader_1_9.csv
1181,3,3,0,Reader_2_1.csv
1181,0,0,0,Reader_2_10.csv
1181,0,0,0,Reader_2_11.csv
1181,0,0,0,Reader_2_12.csv
1181,0,0,0,Reader_2_2.csv
1181,2,1,1,Reader_2_3.csv
1181,2,2,0,Reader_2_4.csv
1181,0,0,0,Reader_2_5.csv
1181,0,0,0,Reader_2_6.csv
1181,0,0,0,Reader_2_7.csv
1181,2,0,2,Reader_2_8.csv
1181,0,0,0,Reader_2_9.csv
1181,13,12,1,reader_3_1.csv
1181,4,2,2,Reader_3_2.csv
1181,1,1,0,Reader_3_3.csv
1181,1,1,0,Reader_3_4.csv
1181,3,3,0,Reader_3_5.csv
1181,12,6,6,Reader_3_6.csv
1181,2,2,0,Reader_3_7.csv
1182,7,7,0,Reader_1_1.csv
1182,3,3,0,Reader_1_10.csv
1182,3,2,1,Reader_1_11.csv
1182,1,1,0,Reader_1_12.csv
1182,4,3,1,Reader_1_2.csv
1182,2,0,2,Reader_1_3.csv
1182,0,0,0,Reader_1_4.csv
1182,3,3,0,Reader_1_5.csv
1182,0,0,0,Reader_1_6.csv
1182,2,2,0,Reader_1_7.csv
1182,0,0,0,Reader_1_8.csv
1182,0,0,0,Reader_1_9.csv
1182,4,4,0,Reader_2_1.csv
1182,1,1,0,Reader_2_10.csv
1182,0,0,0,Reader_2_11.csv
1182,0,0,0,Reader_2_12.csv
1182,0,0,0,Reader_2_2.csv
1182,2,1,1,Reader_2_3.csv
1182,2,2,0,Reader_2_4.csv
1182,0,0,0,Reader_2_5.csv
1182,0,0,0,Reader_2_6.csv
1182,0,0,0,Reader_2_7.csv
1182,1,0,1,Reader_2_8.csv
1182,0,0,0,Reader_2_9.csv
1182,14,13,1,reader_3_1.csv
1182,5,3,2,Reader_3_2.csv
1182,1,1,0,Reader_3_3.csv
1182,1,1,0,Reader_3_4.csv
1182,3,3,0,Reader_3_5.csv
1182,12,5,7,Reader_3_6.csv
1182,1,1,0,Reader_3_7.csv
1183,6,6,0,Reader_1_1.csv
1183,4,4,0,Reader_1_10.csv
1183,2,2,0,Reader_1_11.csv
1183,1,1,0,Reader_1_12.csv
1183,3,2,1,Reader_1_2.csv
1183,2,0,2,Reader_1_3.csv
1183,0,0,0,Reader_1_4.csv
1183,3,3,0,Reader_1_5.csv
1183,1,1,0,Reader_1_6.csv
1183,2,2,0,Reader_1_7.csv
1183,0,0,0,Reader_1_8.csv
1183,0,0,0,Reader_1_9.csv
1183,4,4,0,Reader_2_1.csv
1183,1,1,0,Reader_2_10.csv
1183,0,0,0,Reader_2_11.csv
1183,0,0,0,Reader_2_12.csv
1183,0,0,0,Reader_2_2.csv
1183,3,1,2,Reader_2_3.csv
1183,1,1,0,Reader_2_4.csv
1183,0,0,0,Reader_2_5.csv
1183,0,0,0,Reader_2_6.csv
1183,0,0,0,Reader_2_7.csv
1183,2,1,1,Reader_2_8.csv
1183,0,0,0,Reader_2_9.csv
1183,13,12,1,reader_3_1.csv
1183,7,4,3,Reader_3_2.csv
1183,1,1,0,Reader_3_3.csv
1183,1,1,0,Reader_3_4.csv
1183,3,3,0,Reader_3_5.csv
1183,11,5,6,Reader_3_6.csv
1183,1,1,0,Reader_3_7.csv
1184,8,8,0,Reader_1_1.csv
1184,4,4,0,Reader_1_10.csv
1184,2,2,0,Reader_1_11.csv
1184,1,1,0,Reader_1_12.csv
1184,2,2,0,Reader_1_2.csv
1184,0,0,0,Reader_1_3.csv
1184,0,0,0,Reader_1_4.csv
1184,4,4,0,Reader_1_5.csv
1184,1,1,0,Reader_1_6.csv
1184,2,2,0,Reader_1_7.csv
1184,0,0,0,Reader_1_8.csv
1184,0,0,0,Reader_1_9.csv
1184,4,4,0,Reader_2_1.csv
1184,1,1,0,Reader_2_10.csv
1184,0,0,0,Reader_2_11.csv
1184,0,0,0,Reader_2_12.csv
1184,0,0,0,Reader_2_2.csv
1184,3,1,2,Reader_2_3.csv
1184,1,1,0,Reader_2_4.csv
1184,0,0,0,Reader_2_5.csv
1184,0,0,0,Reader_2_6.csv
1184,0,0,0,Reader_2_7.csv
1184,2,1,1,Reader_2_8.csv
1184,0,0,0,Reader_2_9.csv
1184,13,12,1,reader_3_1.csv
1184,8,4,4,Reader_3_2.csv
1184,1,1,0,Reader_3_3.csv
1184,1,1,0,Reader_3_4.csv
1184,1,1,0,Reader_3_5.csv
1184,13,6,7,Reader_3_6.csv
1184,1,1,0,Reader_3_7.csv
1185,9,8,1,Reader_1_1.csv
1185,5,5,0,Reader_1_10.csv
1185,3,3,0,Reader_1_11.csv
1185,1,1,0,Reader_1_12.csv
1185,2,2,0,Reader_1_2.csv
1185,0,0,0,Reader_1_3.csv
1185,1,1,0,Reader_1_4.csv
1185,3,3,0,Reader_1_5.csv
1185,1,1,0,Reader_1_6.csv
1185,1,1,0,Reader_1_7.csv
1185,0,0,0,Reader_1_8.csv
1185,0,0,0,Reader_1_9.csv
1185,3,3,0,Reader_2_1.csv
1185,2,2,0,Reader_2_10.csv
1185,0,0,0,Reader_2_11.csv
1185,0,0,0,Reader_2_12.csv
1185,0,0,0,Reader_2_2.csv
1185,3,1,2,Reader_2_3.csv
1185,1,1,0,Reader_2_4.csv
1185,0,0,0,Reader_2_5.csv
1185,0,0,0,Reader_2_6.csv
1185,0,0,0,Reader_2_7.csv
1185,3,2,1,Reader_2_8.csv
1185,0,0,0,Reader_2_9.csv
1185,10,10,0,reader_3_1.csv
1185,7,3,4,Reader_3_2.csv
1185,1,1,0,Reader_3_3.csv
1185,1,1,0,Reader_3_4.csv
1185,2,2,0,Reader_3_5.csv
1185,13,6,7,Reader_3_6.csv
1185,1,1,0,Reader_3_7.csv
1186,7,6,1,Reader_1_1.csv
1186,4,4,0,Reader_1_10.csv
1186,3,3,0,Reader_1_11.csv
1186,1,1,0,Reader_1_12.csv
1186,2,2,0,Reader_1_2.csv
1186,0,0,0,Reader_1_3.csv
1186,2,1,1,Reader_1_4.csv
1186,3,2,1,Reader_1_5.csv
1186,1,1,0,Reader_1_6.csv
1186,1,1,0,Reader_1_7.csv
1186,0,0,0,Reader_1_8.csv
1186,0,0,0,Reader_1_9.csv
1186,4,4,0,Reader_2_1.csv
1186,2,2,0,Reader_2_10.csv
1186,0,0,0,Reader_2_11.csv
1186,0,0,0,Reader_2_12.csv
1186,0,0,0,Reader_2_2.csv
1186,3,1,2,Reader_2_3.csv
1186,1,1,0,Reader_2_4.csv
1186,0,0,0,Reader_2_5.csv
1186,0,0,0,Reader_2_6.csv
1186,0,0,0,Reader_2_7.csv
1186,2,2,0,Reader_2_8.csv
1186,0,0,0,Reader_2_9.csv
1186,8,8,0,reader_3_1.csv
1186,6,2,4,Reader_3_2.csv
1186,0,0,0,Reader_3_3.csv
1186,0,0,0,Reader_3_4.csv
1186,2,2,0,Reader_3_5.csv
1186,14,8,6,Reader_3_6.csv
1186,1,1,0,Reader_3_7.csv
1187,4,3,1,Reader_1_1.csv
1187,4,4,0,Reader_1_10.csv
1187,2,2,0,Reader_1_11.csv
1187,0,0,0,Reader_1_12.csv
1187,2,2,0,Reader_1_2.csv
1187,0,0,0,Reader_1_3.csv
1187,2,1,1,Reader_1_4.csv
1187,3,2,1,Reader_1_5.csv
1187,1,1,0,Reader_1_6.csv
1187,0,0,0,Reader_1_7.csv
1187,0,0,0,Reader_1_8.csv
1187,0,0,0,Reader_1_9.csv
1187,3,3,0,Reader_2_1.csv
1187,2,2,0,Reader_2_10.csv
1187,0,0,0,Reader_2_11.csv
1187,0,0,0,Reader_2_12.csv
1187,0,0,0,Reader_2_2.csv
1187,2,1,1,Reader_2_3.csv
1187,1,1,0,Reader_2_4.csv
1187,0,0,0,Reader_2_5.csv
1187,0,0,0,Reader_2_6.csv
1187,0,0,0,Reader_2_7.csv
1187,2,2,0,Reader_2_8.csv
1187,0,0,0,Reader_2_9.csv
1187,8,8,0,reader_3_1.csv
1187,6,3,3,Reader_3_2.csv
1187,0,0,0,Reader_3_3.csv
1187,0,0,0,Reader_3_4.csv
1187,2,2,0,Reader_3_5.csv
1187,12,7,5,Reader_3_6.csv
1187,1,1,0,Reader_3_7.csv
1188,5,4,1,Reader_1_1.csv
1188,2,2,0,Reader_1_10.csv
1188,2,2,0,Reader_1_11.csv
1188,1,1,0,Reader_1_12.csv
1188,0,0,0,Reader_1_2.csv
1188,0,0,0,Reader_1_3.csv
1188,4,3,1,Reader_1_4.csv
1188,3,2,1,Reader_1_5.csv
1188,1,1,0,Reader_1_6.csv
1188,0,0,0,Reader_1_7.csv
1188,0,0,0,Reader_1_8.csv
1188,0,0,0,Reader_1_9.csv
1188,3,3,0,Reader_2_1.csv
1188,2,2,0,Reader_2_10.csv
1188,0,0,0,Reader_2_11.csv
1188,0,0,0,Reader_2_12.csv
1188,0,0,0,Reader_2_2.csv
1188,2,1,1,Reader_2_3.csv
1188,0,0,0,Reader_2_4.csv
1188,0,0,0,Reader_2_5.csv
1188,0,0,0,Reader_2_6.csv
1188,0,0,0,Reader_2_7.csv
1188,2,2,0,Reader_2_8.csv
1188,0,0,0,Reader_2_9.csv
1188,8,7,1,reader_3_1.csv
1188,7,4,3,Reader_3_2.csv
1188,1,1,0,Reader_3_3.csv
1188,1,1,0,Reader_3_4.csv
1188,2,2,0,Reader_3_5.csv
1188,13,7,6,Reader_3_6.csv
1188,0,0,0,Reader_3_7.csv
1189,5,4,1,Reader_1_1.csv
1189,2,2,0,Reader_1_10.csv
1189,2,2,0,Reader_1_11.csv
1189,2,2,0,Reader_1_12.csv
1189,0,0,0,Reader_1_2.csv
1189,1,1,0,Reader_1_3.csv
1189,5,4,1,Reader_1_4.csv
1189,3,2,1,Reader_1_5.csv
1189,1,1,0,Reader_1_6.csv
1189,1,1,0,Reader_1_7.csv
1189,0,0,0,Reader_1_8.csv
1189,0,0,0,Reader_1_9.csv
1189,3,3,0,Reader_2_1.csv
1189,2,2,0,Reader_2_10.csv
1189,0,0,0,Reader_2_11.csv
1189,0,0,0,Reader_2_12.csv
1189,0,0,0,Reader_2_2.csv
1189,2,1,1,Reader_2_3.csv
1189,0,0,0,Reader_2_4.csv
1189,0,0,0,Reader_2_5.csv
1189,0,0,0,Reader_2_6.csv
1189,0,0,0,Reader_2_7.csv
1189,2,2,0,Reader_2_8.csv
1189,0,0,0,Reader_2_9.csv
1189,7,6,1,reader_3_1.csv
1189,10,7,3,Reader_3_2.csv
1189,1,1,0,Reader_3_3.csv
1189,1,1,0,Reader_3_4.csv
1189,1,1,0,Reader_3_5.csv
1189,10,5,5,Reader_3_6.csv
1189,1,1,0,Reader_3_7.csv
1190,8,7,1,Reader_1_1.csv
1190,3,3,0,Reader_1_10.csv
1190,1,1,0,Reader_1_11.csv
1190,3,2,1,Reader_1_12.csv
1190,0,0,0,Reader_1_2.csv
1190,2,2,0,Reader_1_3.csv
1190,5,4,1,Reader_1_4.csv
1190,2,1,1,Reader_1_5.csv
1190,1,1,0,Reader_1_6.csv
1190,1,1,0,Reader_1_7.csv
1190,0,0,0,Reader_1_8.csv
1190,0,0,0,Reader_1_9.csv
1190,2,2,0,Reader_2_1.csv
1190,1,1,0,Reader_2_10.csv
1190,0,0,0,Reader_2_11.csv
1190,0,0,0,Reader_2_12.csv
1190,0,0,0,Reader_2_2.csv
1190,2,1,1,Reader_2_3.csv
1190,0,0,0,Reader_2_4.csv
1190,0,0,0,Reader_2_5.csv
1190,0,0,0,Reader_2_6.csv
1190,0,0,0,Reader_2_7.csv
1190,2,2,0,Reader_2_8.csv
1190,0,0,0,Reader_2_9.csv
1190,7,6,1,reader_3_1.csv
1190,11,8,3,Reader_3_2.csv
1190,2,2,0,Reader_3_3.csv
1190,2,2,0,Reader_3_4.csv
1190,1,1,0,Reader_3_5.csv
1190,11,7,4,Reader_3_6.csv
1190,2,2,0,Reader_3_7.csv
1191,9,8,1,Reader_1_1.csv
1191,2,2,0,Reader_1_10.csv
1191,1,1,0,Reader_1_11.csv
1191,3,2,1,Reader_1_12.csv
1191,0,0,0,Reader_1_2.csv
1191,4,2,2,Reader_1_3.csv
1191,5,4,1,Reader_1_4.csv
1191,3,1,2,Reader_1_5.csv
1191,0,0,0,Reader_1_6.csv
1191,1,1,0,Reader_1_7.csv
1191,0,0,0,Reader_1_8.csv
1191,0,0,0,Reader_1_9.csv
1191,3,3,0,Reader_2_1.csv
1191,1,1,0,Reader_2_10.csv
1191,0,0,0,Reader_2_11.csv
1191,0,0,0,Reader_2_12.csv
1191,0,0,0,Reader_2_2.csv
1191,1,1,0,Reader_2_3.csv
1191,0,0,0,Reader_2_4.csv
1191,0,0,0,Reader_2_5.csv
1191,0,0,0,Reader_2_6.csv
1191,0,0,0,Reader_2_7.csv
1191,1,1,0,Reader_2_8.csv
1191,0,0,0,Reader_2_9.csv
1191,6,5,1,reader_3_1.csv
1191,10,8,2,Reader_3_2.csv
1191,4,3,1,Reader_3_3.csv
1191,4,3,1,Reader_3_4.csv
1191,1,1,0,Reader_3_5.csv
1191,13,7,6,Reader_3_6.csv
1191,2,2,0,Reader_3_7.csv
1192,9,8,1,Reader_1_1.csv
1192,2,2,0,Reader_1_10.csv
1192,1,1,0,Reader_1_11.csv
1192,4,3,1,Reader_1_12.csv
1192,0,0,0,Reader_1_2.csv
1192,5,2,3,Reader_1_3.csv
1192,5,4,1,Reader_1_4.csv
1192,3,0,3,Reader_1_5.csv
1192,0,0,0,Reader_1_6.csv
1192,1,1,0,Reader_1_7.csv
1192,0,0,0,Reader_1_8.csv
1192,0,0,0,Reader_1_9.csv
1192,3,3,0,Reader_2_1.csv
1192,1,1,0,Reader_2_10.csv
1192,0,0,0,Reader_2_11.csv
1192,0,0,0,Reader_2_12.csv
1192,0,0,0,Reader_2_2.csv
1192,1,1,0,Reader_2_3.csv
1192,0,0,0,Reader_2_4.csv
1192,0,0,0,Reader_2_5.csv
1192,0,0,0,Reader_2_6.csv
1192,0,0,0,Reader_2_7.csv
1192,1,1,0,Reader_2_8.csv
1192,0,0,0,Reader_2_9.csv
1192,6,4,2,reader_3_1.csv
1192,9,8,1,Reader_3_2.csv
1192,5,4,1,Reader_3_3.csv
1192,5,4,1,Reader_3_4.csv
1192,1,1,0,Reader_3_5.csv
1192,10,5,5,Reader_3_6.csv
1192,2,2,0,Reader_3_7.csv
1193,8,8,0,Reader_1_1.csv
1193,1,1,0,Reader_1_10.csv
1193,0,0,0,Reader_1_11.csv
1193,4,3,1,Reader_1_12.csv
1193,0,0,0,Reader_1_2.csv
1193,6,2,4,Reader_1_3.csv
1193,4,3,1,Reader_1_4.csv
1193,3,0,3,Reader_1_5.csv
1193,0,0,0,Reader_1_6.csv
1193,1,1,0,Reader_1_7.csv
1193,0,0,0,Reader_1_8.csv
1193,1,1,0,Reader_1_9.csv
1193,3,3,0,Reader_2_1.csv
1193,0,0,0,Reader_2_10.csv
1193,0,0,0,Reader_2_11.csv
1193,0,0,0,Reader_2_12.csv
1193,0,0,0,Reader_2_2.csv
1193,0,0,0,Reader_2_3.csv
1193,0,0,0,Reader_2_4.csv
1193,0,0,0,Reader_2_5.csv
1193,0,0,0,Reader_2_6.csv
1193,0,0,0,Reader_2_7.csv
1193,0,0,0,Reader_2_8.csv
1193,0,0,0,Reader_2_9.csv
1193,6,4,2,reader_3_1.csv
1193,10,9,1,Reader_3_2.csv
1193,5,4,1,Reader_3_3.csv
1193,5,4,1,Reader_3_4.csv
1193,0,0,0,Reader_3_5.csv
1193,10,5,5,Reader_3_6.csv
1193,2,2,0,Reader_3_7.csv
1194,9,9,0,Reader_1_1.csv
1194,1,1,0,Reader_1_10.csv
1194,0,0,0,Reader_1_11.csv
1194,4,3,1,Reader_1_12.csv
1194,1,1,0,Reader_1_2.csv
1194,6,2,4,Reader_1_3.csv
1194,3,3,0,Reader_1_4.csv
1194,2,0,2,Reader_1_5.csv
1194,0,0,0,Reader_1_6.csv
1194,1,1,0,Reader_1_7.csv
1194,0,0,0,Reader_1_8.csv
1194,1,1,0,Reader_1_9.csv
1194,2,2,0,Reader_2_1.csv
1194,0,0,0,Reader_2_10.csv
1194,0,0,0,Reader_2_11.csv
1194,0,0,0,Reader_2_12.csv
1194,0,0,0,Reader_2_2.csv
1194,0,0,0,Reader_2_3.csv
1194,0,0,0,Reader_2_4.csv
1194,0,0,0,Reader_2_5.csv
1194,0,0,0,Reader_2_6.csv
1194,0,0,0,Reader_2_7.csv
1194,0,0,0,Reader_2_8.csv
1194,0,0,0,Reader_2_9.csv
1194,6,3,3,reader_3_1.csv
1194,10,10,0,Reader_3_2.csv
1194,5,4,1,Reader_3_3.csv
1194,5,4,1,Reader_3_4.csv
1194,0,0,0,Reader_3_5.csv
1194,8,3,5,Reader_3_6.csv
1194,2,2,0,Reader_3_7.csv
1195,9,9,0,Reader_1_1.csv
1195,1,1,0,Reader_1_10.csv
1195,0,0,0,Reader_1_11.csv
1195,5,4,1,Reader_1_12.csv
1195,1,1,0,Reader_1_2.csv
1195,9,5,4,Reader_1_3.csv
1195,3,3,0,Reader_1_4.csv
1195,2,0,2,Reader_1_5.csv
1195,0,0,0,Reader_1_6.csv
1195,1,1,0,Reader_1_7.csv
1195,0,0,0,Reader_1_8.csv
1195,2,2,0,Reader_1_9.csv
1195,1,1,0,Reader_2_1.csv
1195,0,0,0,Reader_2_10.csv
1195,0,0,0,Reader_2_11.csv
1195,0,0,0,Reader_2_12.csv
1195,0,0,0,Reader_2_2.csv
1195,0,0,0,Reader_2_3.csv
1195,0,0,0,Reader_2_4.csv
1195,0,0,0,Reader_2_5.csv
1195,0,0,0,Reader_2_6.csv
1195,0,0,0,Reader_2_7.csv
1195,1,0,1,Reader_2_8.csv
1195,0,0,0,Reader_2_9.csv
1195,7,4,3,reader_3_1.csv
1195,12,11,1,Reader_3_2.csv
1195,5,4,1,Reader_3_3.csv
1195,5,4,1,Reader_3_4.csv
1195,1,1,0,Reader_3_5.csv
1195,9,4,5,Reader_3_6.csv
1195,2,2,0,Reader_3_7.csv
1196,9,9,0,Reader_1_1.csv
1196,1,1,0,Reader_1_10.csv
1196,0,0,0,Reader_1_11.csv
1196,4,3,1,Reader_1_12.csv
1196,1,1,0,Reader_1_2.csv
1196,12,7,5,Reader_1_3.csv
1196,3,3,0,Reader_1_4.csv
1196,2,0,2,Reader_1_5.csv
1196,0,0,0,Reader_1_6.csv
1196,2,2,0,Reader_1_7.csv
1196,0,0,0,Reader_1_8.csv
1196,2,2,0,Reader_1_9.csv
1196,2,2,0,Reader_2_1.csv
1196,0,0,0,Reader_2_10.csv
1196,0,0,0,Reader_2_11.csv
1196,0,0,0,Reader_2_12.csv
1196,0,0,0,Reader_2_2.csv
1196,0,0,0,Reader_2_3.csv
1196,0,0,0,Reader_2_4.csv
1196,0,0,0,Reader_2_5.csv
1196,0,0,0,Reader_2_6.csv
1196,0,0,0,Reader_2_7.csv
1196,1,0,1,Reader_2_8.csv
1196,0,0,0,Reader_2_9.csv
1196,5,3,2,reader_3_1.csv
1196,11,10,1,Reader_3_2.csv
1196,4,3,1,Reader_3_3.csv
1196,4,3,1,Reader_3_4.csv
1196,1,1,0,Reader_3_5.csv
1196,9,5,4,Reader_3_6.csv
1196,2,2,0,Reader_3_7.csv
1197,9,9,0,Reader_1_1.csv
1197,1,1,0,Reader_1_10.csv
1197,0,0,0,Reader_1_11.csv
1197,3,2,1,Reader_1_12.csv
1197,1,1,0,Reader_1_2.csv
1197,11,6,5,Reader_1_3.csv
1197,3,2,1,Reader_1_4.csv
1197,2,0,2,Reader_1_5.csv
1197,0,0,0,Reader_1_6.csv
1197,1,1,0,Reader_1_7.csv
1197,0,0,0,Reader_1_8.csv
1197,2,2,0,Reader_1_9.csv
1197,2,2,0,Reader_2_1.csv
1197,0,0,0,Reader_2_10.csv
1197,0,0,0,Reader_2_11.csv
1197,1,1,0,Reader_2_12.csv
1197,0,0,0,Reader_2_2.csv
1197,0,0,0,Reader_2_3.csv
1197,0,0,0,Reader_2_4.csv
1197,0,0,0,Reader_2_5.csv
1197,0,0,0,Reader_2_6.csv
1197,0,0,0,Reader_2_7.csv
1197,1,0,1,Reader_2_8.csv
1197,0,0,0,Reader_2_9.csv
1197,5,3,2,reader_3_1.csv
1197,10,8,2,Reader_3_2.csv
1197,4,3,1,Reader_3_3.csv
1197,4,3,1,Reader_3_4.csv
1197,2,2,0,Reader_3_5.csv
1197,9,5,4,Reader_3_6.csv
1197,1,1,0,Reader_3_7.csv
1198,7,7,0,Reader_1_1.csv
1198,0,0,0,Reader_1_10.csv
1198,0,0,0,Reader_1_11.csv
1198,2,2,0,Reader_1_12.csv
1198,1,1,0,Reader_1_2.csv
1198,12,7,5,Reader_1_3.csv
1198,5,4,1,Reader_1_4.csv
1198,2,0,2,Reader_1_5.csv
1198,0,0,0,Reader_1_6.csv
1198,1,1,0,Reader_1_7.csv
1198,0,0,0,Reader_1_8.csv
1198,2,2,0,Reader_1_9.csv
1198,2,2,0,Reader_2_1.csv
1198,0,0,0,Reader_2_10.csv
1198,0,0,0,Reader_2_11.csv
1198,1,1,0,Reader_2_12.csv
1198,0,0,0,Reader_2_2.csv
1198,0,0,0,Reader_2_3.csv
1198,0,0,0,Reader_2_4.csv
1198,0,0,0,Reader_2_5.csv
1198,0,0,0,Reader_2_6.csv
1198,0,0,0,Reader_2_7.csv
1198,1,0,1,Reader_2_8.csv
1198,0,0,0,Reader_2_9.csv
1198,3,1,2,reader_3_1.csv
1198,12,9,3,Reader_3_2.csv
1198,4,3,1,Reader_3_3.csv
1198,4,3,1,Reader_3_4.csv
1198,3,3,0,Reader_3_5.csv
1198,8,4,4,Reader_3_6.csv
1198,0,0,0,Reader_3_7.csv
1199,6,6,0,Reader_1_1.csv
1199,0,0,0,Reader_1_10.csv
1199,0,0,0,Reader_1_11.csv
1199,2,2,0,Reader_1_12.csv
1199,1,1,0,Reader_1_2.csv
1199,10,7,3,Reader_1_3.csv
1199,5,4,1,Reader_1_4.csv
1199,1,0,1,Reader_1_5.csv
1199,0,0,0,Reader_1_6.csv
1199,1,1,0,Reader_1_7.csv
1199,0,0,0,Reader_1_8.csv
1199,2,2,0,Reader_1_9.csv
1199,1,1,0,Reader_2_1.csv
1199,0,0,0,Reader_2_10.csv
1199,0,0,0,Reader_2_11.csv
1199,1,1,0,Reader_2_12.csv
1199,0,0,0,Reader_2_2.csv
1199,0,0,0,Reader_2_3.csv
1199,0,0,0,Reader_2_4.csv
1199,0,0,0,Reader_2_5.csv
1199,0,0,0,Reader_2_6.csv
1199,0,0,0,Reader_2_7.csv
1199,1,0,1,Reader_2_8.csv
1199,0,0,0,Reader_2_9.csv
1199,3,1,2,reader_3_1.csv
1199,13,9,4,Reader_3_2.csv
1199,2,2,0,Reader_3_3.csv
1199,2,2,0,Reader_3_4.csv
1199,6,6,0,Reader_3_5.csv
1199,8,6,2,Reader_3_6.csv
1199,0,0,0,Reader_3_7.csv
1200,4,4,0,Reader_1_1.csv
1200,0,0,0,Reader_1_10.csv
1200,0,0,0,Reader_1_11.csv
1200,1,1,0,Reader_1_12.csv
1200,1,1,0,Reader_1_2.csv
1200,9,7,2,Reader_1_3.csv
1200,6,4,2,Reader_1_4.csv
1200,0,0,0,Reader_1_5.csv
1200,0,0,0,Reader_1_6.csv
1200,1,1,0,Reader_1_7.csv
1200,0,0,0,Reader_1_8.csv
1200,2,2,0,Reader_1_9.csv
1200,1,1,0,Reader_2_1.csv
1200,0,0,0,Reader_2_10.csv
1200,0,0,0,Reader_2_11.csv
1200,1,1,0,Reader_2_12.csv
1200,0,0,0,Reader_2_2.csv
1200,0,0,0,Reader_2_3.csv
1200,0,0,0,Reader_2_4.csv
1200,0,0,0,Reader_2_5.csv
1200,0,0,0,Reader_2_6.csv
1200,0,0,0,Reader_2_7.csv
1200,1,0,1,Reader_2_8.csv
1200,0,0,0,Reader_2_9.csv
1200,3,2,1,reader_3_1.csv
1200,14,10,4,Reader_3_2.csv
1200,1,1,0,Reader_3_3.csv
1200,1,1,0,Reader_3_4.csv
1200,8,7,1,Reader_3_5.csv
1200,8,6,2,Reader_3_6.csv
1200,0,0,0,Reader_3_7.csv
1201,4,4,0,Reader_1_1.csv
1201,0,0,0,Reader_1_10.csv
1201,1,1,0,Reader_1_11.csv
1201,1,1,0,Reader_1_12.csv
1201,1,1,0,Reader_1_2.csv
1201,8,7,1,Reader_1_3.csv
1201,7,5,2,Reader_1_4.csv
1201,0,0,0,Reader_1_5.csv
1201,0,0,0,Reader_1_6.csv
1201,1,1,0,Reader_1_7.csv
1201,0,0,0,Reader_1_8.csv
1201,1,1,0,Reader_1_9.csv
1201,1,1,0,Reader_2_1.csv
1201,0,0,0,Reader_2_10.csv
1201,0,0,0,Reader_2_11.csv
1201,1,1,0,Reader_2_12.csv
1201,0,0,0,Reader_2_2.csv
1201,0,0,0,Reader_2_3.csv
1201,0,0,0,Reader_2_4.csv
1201,0,0,0,Reader_2_5.csv
1201,0,0,0,Reader_2_6.csv
1201,0,0,0,Reader_2_7.csv
1201,1,0,1,Reader_2_8.csv
1201,0,0,0,Reader_2_9.csv
1201,6,5,1,reader_3_1.csv
1201,15,11,4,Reader_3_2.csv
1201,3,2,1,Reader_3_3.csv
1201,3,2,1,Reader_3_4.csv
1201,8,7,1,Reader_3_5.csv
1201,8,5,3,Reader_3_6.csv
1201,0,0,0,Reader_3_7.csv
1202,4,4,0,Reader_1_1.csv
1202,0,0,0,Reader_1_10.csv
1202,1,1,0,Reader_1_11.csv
1202,1,1,0,Reader_1_12.csv
1202,0,0,0,Reader_1_2.csv
1202,8,7,1,Reader_1_3.csv
1202,8,6,2,Reader_1_4.csv
1202,0,0,0,Reader_1_5.csv
1202,0,0,0,Reader_1_6.csv
1202,1,1,0,Reader_1_7.csv
1202,0,0,0,Reader_1_8.csv
1202,1,1,0,Reader_1_9.csv
1202,1,1,0,Reader_2_1.csv
1202,0,0,0,Reader_2_10.csv
1202,0,0,0,Reader_2_11.csv
1202,2,1,1,Reader_2_12.csv
1202,0,0,0,Reader_2_2.csv
1202,0,0,0,Reader_2_3.csv
1202,0,0,0,Reader_2_4.csv
1202,0,0,0,Reader_2_5.csv
1202,0,0,0,Reader_2_6.csv
1202,0,0,0,Reader_2_7.csv
1202,1,0,1,Reader_2_8.csv
1202,0,0,0,Reader_2_9.csv
1202,5,5,0,reader_3_1.csv
1202,17,13,4,Reader_3_2.csv
1202,3,2,1,Reader_3_3.csv
1202,3,2,1,Reader_3_4.csv
1202,8,7,1,Reader_3_5.csv
1202,8,5,3,Reader_3_6.csv
1202,0,0,0,Reader_3_7.csv
1203,7,7,0,Reader_1_1.csv
1203,0,0,0,Reader_1_10.csv
1203,2,1,1,Reader_1_11.csv
1203,0,0,0,Reader_1_12.csv
1203,0,0,0,Reader_1_2.csv
1203,5,4,1,Reader_1_3.csv
1203,9,7,2,Reader_1_4.csv
1203,0,0,0,Reader_1_5.csv
1203,0,0,0,Reader_1_6.csv
1203,1,1,0,Reader_1_7.csv
1203,0,0,0,Reader_1_8.csv
1203,0,0,0,Reader_1_9.csv
1203,1,1,0,Reader_2_1.csv
1203,0,0,0,Reader_2_10.csv
1203,0,0,0,Reader_2_11.csv
1203,3,2,1,Reader_2_12.csv
1203,0,0,0,Reader_2_2.csv
1203,0,0,0,Reader_2_3.csv
1203,0,0,0,Reader_2_4.csv
1203,0,0,0,Reader_2_5.csv
1203,0,0,0,Reader_2_6.csv
1203,0,0,0,Reader_2_7.csv
1203,0,0,0,Reader_2_8.csv
1203,0,0,0,Reader_2_9.csv
1203,4,4,0,reader_3_1.csv
1203,17,14,3,Reader_3_2.csv
1203,3,2,1,Reader_3_3.csv
1203,3,2,1,Reader_3_4.csv
1203,7,6,1,Reader_3_5.csv
1203,5,4,1,Reader_3_6.csv
1203,0,0,0,Reader_3_7.csv
1204,5,5,0,Reader_1_1.csv
1204,1,0,1,Reader_1_10.csv
1204,2,1,1,Reader_1_11.csv
1204,0,0,0,Reader_1_12.csv
1204,0,0,0,Reader_1_2.csv
1204,2,2,0,Reader_1_3.csv
1204,8,5,3,Reader_1_4.csv
1204,0,0,0,Reader_1_5.csv
1204,0,0,0,Reader_1_6.csv
1204,1,1,0,Reader_1_7.csv
1204,0,0,0,Reader_1_8.csv
1204,0,0,0,Reader_1_9.csv
1204,0,0,0,Reader_2_1.csv
1204,0,0,0,Reader_2_10.csv
1204,0,0,0,Reader_2_11.csv
1204,3,2,1,Reader_2_12.csv
1204,0,0,0,Reader_2_2.csv
1204,0,0,0,Reader_2_3.csv
1204,0,0,0,Reader_2_4.csv
1204,0,0,0,Reader_2_5.csv
1204,0,0,0,Reader_2_6.csv
1204,1,1,0,Reader_2_7.csv
1204,0,0,0,Reader_2_8.csv
1204,0,0,0,Reader_2_9.csv
1204,4,4,0,reader_3_1.csv
1204,19,16,3,Reader_3_2.csv
1204,4,2,2,Reader_3_3.csv
1204,4,2,2,Reader_3_4.csv
1204,7,6,1,Reader_3_5.csv
1204,4,3,1,Reader_3_6.csv
1204,1,1,0,Reader_3_7.csv
1205,7,7,0,Reader_1_1.csv
1205,1,0,1,Reader_1_10.csv
1205,2,1,1,Reader_1_11.csv
1205,0,0,0,Reader_1_12.csv
1205,0,0,0,Reader_1_2.csv
1205,2,2,0,Reader_1_3.csv
1205,8,5,3,Reader_1_4.csv
1205,1,1,0,Reader_1_5.csv
1205,0,0,0,Reader_1_6.csv
1205,1,1,0,Reader_1_7.csv
1205,0,0,0,Reader_1_8.csv
1205,0,0,0,Reader_1_9.csv
1205,0,0,0,Reader_2_1.csv
1205,0,0,0,Reader_2_10.csv
1205,0,0,0,Reader_2_11.csv
1205,2,1,1,Reader_2_12.csv
1205,0,0,0,Reader_2_2.csv
1205,0,0,0,Reader_2_3.csv
1205,0,0,0,Reader_2_4.csv
1205,0,0,0,Reader_2_5.csv
1205,0,0,0,Reader_2_6.csv
1205,1,1,0,Reader_2_7.csv
1205,0,0,0,Reader_2_8.csv
1205,0,0,0,Reader_2_9.csv
1205,4,4,0,reader_3_1.csv
1205,21,19,2,Reader_3_2.csv
1205,4,2,2,Reader_3_3.csv
1205,4,2,2,Reader_3_4.csv
1205,6,5,1,Reader_3_5.csv
1205,4,3,1,Reader_3_6.csv
1205,1,1,0,Reader_3_7.csv
1206,6,6,0,Reader_1_1.csv
1206,2,1,1,Reader_1_10.csv
1206,2,1,1,Reader_1_11.csv
1206,0,0,0,Reader_1_12.csv
1206,0,0,0,Reader_1_2.csv
1206,1,1,0,Reader_1_3.csv
1206,6,3,3,Reader_1_4.csv
1206,1,1,0,Reader_1_5.csv
1206,0,0,0,Reader_1_6.csv
1206,1,1,0,Reader_1_7.csv
1206,0,0,0,Reader_1_8.csv
1206,0,0,0,Reader_1_9.csv
1206,0,0,0,Reader_2_1.csv
1206,0,0,0,Reader_2_10.csv
1206,0,0,0,Reader_2_11.csv
1206,2,1,1,Reader_2_12.csv
1206,0,0,0,Reader_2_2.csv
1206,0,0,0,Reader_2_3.csv
1206,0,0,0,Reader_2_4.csv
1206,0,0,0,Reader_2_5.csv
1206,0,0,0,Reader_2_6.csv
1206,1,1,0,Reader_2_7.csv
1206,0,0,0,Reader_2_8.csv
1206,0,0,0,Reader_2_9.csv
1206,4,4,0,reader_3_1.csv
1206,22,20,2,Reader_3_2.csv
1206,3,1,2,Reader_3_3.csv
1206,3,1,2,Reader_3_4.csv
1206,6,5,1,Reader_3_5.csv
1206,4,3,1,Reader_3_6.csv
1206,1,1,0,Reader_3_7.csv
1207,8,8,0,Reader_1_1.csv
1207,2,1,1,Reader_1_10.csv
1207,2,1,1,Reader_1_11.csv
1207,1,1,0,Reader_1_12.csv
1207,0,0,0,Reader_1_2.csv
1207,1,1,0,Reader_1_3.csv
1207,7,4,3,Reader_1_4.csv
1207,1,1,0,Reader_1_5.csv
1207,0,0,0,Reader_1_6.csv
1207,1,1,0,Reader_1_7.csv
1207,0,0,0,Reader_1_8.csv
1207,0,0,0,Reader_1_9.csv
1207,0,0,0,Reader_2_1.csv
1207,0,0,0,Reader_2_10.csv
1207,0,0,0,Reader_2_11.csv
1207,2,1,1,Reader_2_12.csv
1207,0,0,0,Reader_2_2.csv
1207,0,0,0,Reader_2_3.csv
1207,0,0,0,Reader_2_4.csv
1207,0,0,0,Reader_2_5.csv
1207,0,0,0,Reader_2_6.csv
1207,2,1,1,Reader_2_7.csv
1207,0,0,0,Reader_2_8.csv
1207,0,0,0,Reader_2_9.csv
1207,4,4,0,reader_3_1.csv
1207,22,20,2,Reader_3_2.csv
1207,3,1,2,Reader_3_3.csv
1207,3,1,2,Reader_3_4.csv
1207,4,3,1,Reader_3_5.csv
1207,6,3,3,Reader_3_6.csv
1207,1,1,0,Reader_3_7.csv
1208,8,8,0,Reader_1_1.csv
1208,2,1,1,Reader_1_10.csv
1208,3,2,1,Reader_1_11.csv
1208,2,2,0,Reader_1_12.csv
1208,1,1,0,Reader_1_2.csv
1208,1,1,0,Reader_1_3.csv
1208,6,4,2,Reader_1_4.csv
1208,1,1,0,Reader_1_5.csv
1208,0,0,0,Reader_1_6.csv
1208,1,1,0,Reader_1_7.csv
1208,0,0,0,Reader_1_8.csv
1208,0,0,0,Reader_1_9.csv
1208,0,0,0,Reader_2_1.csv
1208,0,0,0,Reader_2_10.csv
1208,0,0,0,Reader_2_11.csv
1208,2,1,1,Reader_2_12.csv
1208,0,0,0,Reader_2_2.csv
1208,1,1,0,Reader_2_3.csv
1208,0,0,0,Reader_2_4.csv
1208,0,0,0,Reader_2_5.csv
1208,0,0,0,Reader_2_6.csv
1208,2,1,1,Reader_2_7.csv
1208,0,0,0,Reader_2_8.csv
1208,0,0,0,Reader_2_9.csv
1208,5,5,0,reader_3_1.csv
1208,23,21,2,Reader_3_2.csv
1208,3,1,2,Reader_3_3.csv
1208,3,1,2,Reader_3_4.csv
1208,3,3,0,Reader_3_5.csv
1208,7,4,3,Reader_3_6.csv
1208,1,1,0,Reader_3_7.csv
1209,10,10,0,Reader_1_1.csv
1209,2,1,1,Reader_1_10.csv
1209,2,1,1,Reader_1_11.csv
1209,2,2,0,Reader_1_12.csv
1209,1,1,0,Reader_1_2.csv
1209,2,2,0,Reader_1_3.csv
1209,6,4,2,Reader_1_4.csv
1209,1,1,0,Reader_1_5.csv
1209,0,0,0,Reader_1_6.csv
1209,1,1,0,Reader_1_7.csv
1209,0,0,0,Reader_1_8.csv
1209,0,0,0,Reader_1_9.csv
1209,0,0,0,Reader_2_1.csv
1209,0,0,0,Reader_2_10.csv
1209,0,0,0,Reader_2_11.csv
1209,2,1,1,Reader_2_12.csv
1209,0,0,0,Reader_2_2.csv
1209,2,1,1,Reader_2_3.csv
1209,0,0,0,Reader_2_4.csv
1209,0,0,0,Reader_2_5.csv
1209,0,0,0,Reader_2_6.csv
1209,2,1,1,Reader_2_7.csv
1209,0,0,0,Reader_2_8.csv
1209,0,0,0,Reader_2_9.csv
1209,3,3,0,reader_3_1.csv
1209,23,21,2,Reader_3_2.csv
1209,1,0,1,Reader_3_3.csv
1209,1,0,1,Reader_3_4.csv
1209,3,3,0,Reader_3_5.csv
1209,8,6,2,Reader_3_6.csv
1209,1,1,0,Reader_3_7.csv
1210,13,13,0,Reader_1_1.csv
1210,3,2,1,Reader_1_10.csv
1210,2,1,1,Reader_1_11.csv
1210,2,2,0,Reader_1_12.csv
1210,2,2,0,Reader_1_2.csv
1210,2,2,0,Reader_1_3.csv
1210,5,3,2,Reader_1_4.csv
1210,1,1,0,Reader_1_5.csv
1210,0,0,0,Reader_1_6.csv
1210,1,1,0,Reader_1_7.csv
1210,0,0,0,Reader_1_8.csv
1210,0,0,0,Reader_1_9.csv
1210,0,0,0,Reader_2_1.csv
1210,0,0,0,Reader_2_10.csv
1210,0,0,0,Reader_2_11.csv
1210,1,1,0,Reader_2_12.csv
1210,0,0,0,Reader_2_2.csv
1210,2,1,1,Reader_2_3.csv
1210,1,1,0,Reader_2_4.csv
1210,0,0,0,Reader_2_5.csv
1210,0,0,0,Reader_2_6.csv
1210,2,1,1,Reader_2_7.csv
1210,0,0,0,Reader_2_8.csv
1210,0,0,0,Reader_2_9.csv
1210,3,3,0,reader_3_1.csv
1210,22,19,3,Reader_3_2.csv
1210,1,0,1,Reader_3_3.csv
1210,1,0,1,Reader_3_4.csv
1210,4,4,0,Reader_3_5.csv
1210,11,8,3,Reader_3_6.csv
1210,1,1,0,Reader_3_7.csv
1211,12,12,0,Reader_1_1.csv
1211,3,2,1,Reader_1_10.csv
1211,1,1,0,Reader_1_11.csv
1211,2,2,0,Reader_1_12.csv
1211,2,2,0,Reader_1_2.csv
1211,2,2,0,Reader_1_3.csv
1211,4,2,2,Reader_1_4.csv
1211,3,3,0,Reader_1_5.csv
1211,0,0,0,Reader_1_6.csv
1211,1,1,0,Reader_1_7.csv
1211,0,0,0,Reader_1_8.csv
1211,0,0,0,Reader_1_9.csv
1211,2,2,0,Reader_2_1.csv
1211,0,0,0,Reader_2_10.csv
1211,0,0,0,Reader_2_11.csv
1211,0,0,0,Reader_2_12.csv
1211,0,0,0,Reader_2_2.csv
1211,2,1,1,Reader_2_3.csv
1211,1,1,0,Reader_2_4.csv
1211,0,0,0,Reader_2_5.csv
1211,0,0,0,Reader_2_6.csv
1211,2,1,1,Reader_2_7.csv
1211,0,0,0,Reader_2_8.csv
1211,0,0,0,Reader_2_9.csv
1211,4,4,0,reader_3_1.csv
1211,21,18,3,Reader_3_2.csv
1211,1,0,1,Reader_3_3.csv
1211,1,0,1,Reader_3_4.csv
1211,4,4,0,Reader_3_5.csv
1211,12,9,3,Reader_3_6.csv
1211,1,1,0,Reader_3_7.csv
1212,12,12,0,Reader_1_1.csv
1212,2,2,0,Reader_1_10.csv
1212,1,1,0,Reader_1_11.csv
1212,2,2,0,Reader_1_12.csv
1212,2,2,0,Reader_1_2.csv
1212,2,2,0,Reader_1_3.csv
1212,3,2,1,Reader_1_4.csv
1212,3,3,0,Reader_1_5.csv
1212,0,0,0,Reader_1_6.csv
1212,0,0,0,Reader_1_7.csv
1212,1,1,0,Reader_1_8.csv
1212,0,0,0,Reader_1_9.csv
1212,2,2,0,Reader_2_1.csv
1212,0,0,0,Reader_2_10.csv
1212,0,0,0,Reader_2_11.csv
1212,0,0,0,Reader_2_12.csv
1212,0,0,0,Reader_2_2.csv
1212,2,1,1,Reader_2_3.csv
1212,1,1,0,Reader_2_4.csv
1212,0,0,0,Reader_2_5.csv
1212,0,0,0,Reader_2_6.csv
1212,1,0,1,Reader_2_7.csv
1212,0,0,0,Reader_2_8.csv
1212,0,0,0,Reader_2_9.csv
1212,6,6,0,reader_3_1.csv
1212,20,17,3,Reader_3_2.csv
1212,2,2,0,Reader_3_3.csv
1212,2,2,0,Reader_3_4.csv
1212,6,6,0,Reader_3_5.csv
1212,15,11,4,Reader_3_6.csv
1212,0,0,0,Reader_3_7.csv
1213,11,10,1,Reader_1_1.csv
1213,2,2,0,Reader_1_10.csv
1213,1,1,0,Reader_1_11.csv
1213,2,2,0,Reader_1_12.csv
1213,2,2,0,Reader_1_2.csv
1213,2,2,0,Reader_1_3.csv
1213,3,3,0,Reader_1_4.csv
1213,4,4,0,Reader_1_5.csv
1213,0,0,0,Reader_1_6.csv
1213,1,1,0,Reader_1_7.csv
1213,1,1,0,Reader_1_8.csv
1213,0,0,0,Reader_1_9.csv
1213,2,2,0,Reader_2_1.csv
1213,0,0,0,Reader_2_10.csv
1213,0,0,0,Reader_2_11.csv
1213,0,0,0,Reader_2_12.csv
1213,0,0,0,Reader_2_2.csv
1213,2,1,1,Reader_2_3.csv
1213,2,2,0,Reader_2_4.csv
1213,0,0,0,Reader_2_5.csv
1213,0,0,0,Reader_2_6.csv
1213,1,0,1,Reader_2_7.csv
1213,0,0,0,Reader_2_8.csv
1213,0,0,0,Reader_2_9.csv
1213,9,9,0,reader_3_1.csv
1213,17,14,3,Reader_3_2.csv
1213,2,2,0,Reader_3_3.csv
1213,2,2,0,Reader_3_4.csv
1213,6,6,0,Reader_3_5.csv
1213,16,12,4,Reader_3_6.csv
1213,0,0,0,Reader_3_7.csv
1214,11,10,1,Reader_1_1.csv
1214,1,1,0,Reader_1_10.csv
1214,2,2,0,Reader_1_11.csv
1214,2,2,0,Reader_1_12.csv
1214,2,2,0,Reader_1_2.csv
1214,1,1,0,Reader_1_3.csv
1214,3,3,0,Reader_1_4.csv
1214,4,4,0,Reader_1_5.csv
1214,0,0,0,Reader_1_6.csv
1214,1,1,0,Reader_1_7.csv
1214,1,1,0,Reader_1_8.csv
1214,1,1,0,Reader_1_9.csv
1214,2,2,0,Reader_2_1.csv
1214,0,0,0,Reader_2_10.csv
1214,0,0,0,Reader_2_11.csv
1214,0,0,0,Reader_2_12.csv
1214,0,0,0,Reader_2_2.csv
1214,2,1,1,Reader_2_3.csv
1214,2,2,0,Reader_2_4.csv
1214,0,0,0,Reader_2_5.csv
1214,0,0,0,Reader_2_6.csv
1214,1,0,1,Reader_2_7.csv
1214,0,0,0,Reader_2_8.csv
1214,0,0,0,Reader_2_9.csv
1214,10,10,0,reader_3_1.csv
1214,13,11,2,Reader_3_2.csv
1214,2,2,0,Reader_3_3.csv
1214,2,2,0,Reader_3_4.csv
1214,6,5,1,Reader_3_5.csv
1214,20,15,5,Reader_3_6.csv
1214,0,0,0,Reader_3_7.csv
1215,13,11,2,Reader_1_1.csv
1215,1,1,0,Reader_1_10.csv
1215,2,2,0,Reader_1_11.csv
1215,1,1,0,Reader_1_12.csv
1215,3,3,0,Reader_1_2.csv
1215,1,1,0,Reader_1_3.csv
1215,2,2,0,Reader_1_4.csv
1215,4,4,0,Reader_1_5.csv
1215,0,0,0,Reader_1_6.csv
1215,1,1,0,Reader_1_7.csv
1215,1,1,0,Reader_1_8.csv
1215,1,1,0,Reader_1_9.csv
1215,2,2,0,Reader_2_1.csv
1215,0,0,0,Reader_2_10.csv
1215,0,0,0,Reader_2_11.csv
1215,0,0,0,Reader_2_12.csv
1215,0,0,0,Reader_2_2.csv
1215,3,2,1,Reader_2_3.csv
1215,2,2,0,Reader_2_4.csv
1215,0,0,0,Reader_2_5.csv
1215,0,0,0,Reader_2_6.csv
1215,0,0,0,Reader_2_7.csv
1215,0,0,0,Reader_2_8.csv
1215,0,0,0,Reader_2_9.csv
1215,17,17,0,reader_3_1.csv
1215,11,10,1,Reader_3_2.csv
1215,2,2,0,Reader_3_3.csv
1215,2,2,0,Reader_3_4.csv
1215,6,5,1,Reader_3_5.csv
1215,18,15,3,Reader_3_6.csv
1215,0,0,0,Reader_3_7.csv
1216,14,11,3,Reader_1_1.csv
1216,1,1,0,Reader_1_10.csv
1216,1,1,0,Reader_1_11.csv
1216,0,0,0,Reader_1_12.csv
1216,4,3,1,Reader_1_2.csv
1216,1,1,0,Reader_1_3.csv
1216,2,2,0,Reader_1_4.csv
1216,5,4,1,Reader_1_5.csv
1216,0,0,0,Reader_1_6.csv
1216,1,1,0,Reader_1_7.csv
1216,1,1,0,Reader_1_8.csv
1216,1,1,0,Reader_1_9.csv
1216,2,2,0,Reader_2_1.csv
1216,0,0,0,Reader_2_10.csv
1216,0,0,0,Reader_2_11.csv
1216,1,1,0,Reader_2_12.csv
1216,0,0,0,Reader_2_2.csv
1216,2,1,1,Reader_2_3.csv
1216,2,2,0,Reader_2_4.csv
1216,0,0,0,Reader_2_5.csv
1216,0,0,0,Reader_2_6.csv
1216,0,0,0,Reader_2_7.csv
1216,0,0,0,Reader_2_8.csv
1216,0,0,0,Reader_2_9.csv
1216,22,20,2,reader_3_1.csv
1216,11,10,1,Reader_3_2.csv
1216,2,2,0,Reader_3_3.csv
1216,2,2,0,Reader_3_4.csv
1216,5,4,1,Reader_3_5.csv
1216,20,15,5,Reader_3_6.csv
1216,0,0,0,Reader_3_7.csv
1217,13,10,3,Reader_1_1.csv
1217,1,1,0,Reader_1_10.csv
1217,1,1,0,Reader_1_11.csv
1217,0,0,0,Reader_1_12.csv
1217,4,3,1,Reader_1_2.csv
1217,0,0,0,Reader_1_3.csv
1217,2,2,0,Reader_1_4.csv
1217,6,5,1,Reader_1_5.csv
1217,0,0,0,Reader_1_6.csv
1217,2,1,1,Reader_1_7.csv
1217,1,1,0,Reader_1_8.csv
1217,1,1,0,Reader_1_9.csv
1217,2,2,0,Reader_2_1.csv
1217,0,0,0,Reader_2_10.csv
1217,0,0,0,Reader_2_11.csv
1217,1,1,0,Reader_2_12.csv
1217,0,0,0,Reader_2_2.csv
1217,2,1,1,Reader_2_3.csv
1217,2,2,0,Reader_2_4.csv
1217,0,0,0,Reader_2_5.csv
1217,0,0,0,Reader_2_6.csv
1217,0,0,0,Reader_2_7.csv
1217,0,0,0,Reader_2_8.csv
1217,0,0,0,Reader_2_9.csv
1217,26,23,3,reader_3_1.csv
1217,10,9,1,Reader_3_2.csv
1217,4,3,1,Reader_3_3.csv
1217,4,3,1,Reader_3_4.csv
1217,6,4,2,Reader_3_5.csv
1217,18,13,5,Reader_3_6.csv
1217,0,0,0,Reader_3_7.csv
1218,10,7,3,Reader_1_1.csv
1218,0,0,0,Reader_1_10.csv
1218,1,1,0,Reader_1_11.csv
1218,0,0,0,Reader_1_12.csv
1218,4,3,1,Reader_1_2.csv
1218,0,0,0,Reader_1_3.csv
1218,2,2,0,Reader_1_4.csv
1218,7,6,1,Reader_1_5.csv
1218,0,0,0,Reader_1_6.csv
1218,2,1,1,Reader_1_7.csv
1218,1,1,0,Reader_1_8.csv
1218,1,1,0,Reader_1_9.csv
1218,2,2,0,Reader_2_1.csv
1218,0,0,0,Reader_2_10.csv
1218,0,0,0,Reader_2_11.csv
1218,1,1,0,Reader_2_12.csv
1218,0,0,0,Reader_2_2.csv
1218,2,1,1,Reader_2_3.csv
1218,1,1,0,Reader_2_4.csv
1218,0,0,0,Reader_2_5.csv
1218,0,0,0,Reader_2_6.csv
1218,0,0,0,Reader_2_7.csv
1218,1,1,0,Reader_2_8.csv
1218,0,0,0,Reader_2_9.csv
1218,30,27,3,reader_3_1.csv
1218,8,8,0,Reader_3_2.csv
1218,6,5,1,Reader_3_3.csv
1218,6,5,1,Reader_3_4.csv
1218,7,5,2,Reader_3_5.csv
1218,17,13,4,Reader_3_6.csv
1218,1,1,0,Reader_3_7.csv
1219,9,6,3,Reader_1_1.csv
1219,0,0,0,Reader_1_10.csv
1219,1,1,0,Reader_1_11.csv
1219,0,0,0,Reader_1_12.csv
1219,5,4,1,Reader_1_2.csv
1219,0,0,0,Reader_1_3.csv
1219,2,2,0,Reader_1_4.csv
1219,6,5,1,Reader_1_5.csv
1219,0,0,0,Reader_1_6.csv
1219,2,1,1,Reader_1_7.csv
1219,1,1,0,Reader_1_8.csv
1219,1,1,0,Reader_1_9.csv
1219,2,2,0,Reader_2_1.csv
1219,0,0,0,Reader_2_10.csv
1219,0,0,0,Reader_2_11.csv
1219,1,1,0,Reader_2_12.csv
1219,0,0,0,Reader_2_2.csv
1219,2,1,1,Reader_2_3.csv
1219,1,1,0,Reader_2_4.csv
1219,0,0,0,Reader_2_5.csv
1219,0,0,0,Reader_2_6.csv
1219,0,0,0,Reader_2_7.csv
1219,1,1,0,Reader_2_8.csv
1219,0,0,0,Reader_2_9.csv
1219,32,29,3,reader_3_1.csv
1219,10,10,0,Reader_3_2.csv
1219,7,5,2,Reader_3_3.csv
1219,7,5,2,Reader_3_4.csv
1219,8,5,3,Reader_3_5.csv
1219,16,12,4,Reader_3_6.csv
1219,1,1,0,Reader_3_7.csv
1220,9,6,3,Reader_1_1.csv
1220,0,0,0,Reader_1_10.csv
1220,1,1,0,Reader_1_11.csv
1220,2,2,0,Reader_1_12.csv
1220,5,4,1,Reader_1_2.csv
1220,0,0,0,Reader_1_3.csv
1220,4,3,1,Reader_1_4.csv
1220,7,6,1,Reader_1_5.csv
1220,0,0,0,Reader_1_6.csv
1220,2,1,1,Reader_1_7.csv
1220,0,0,0,Reader_1_8.csv
1220,1,1,0,Reader_1_9.csv
1220,2,2,0,Reader_2_1.csv
1220,0,0,0,Reader_2_10.csv
1220,0,0,0,Reader_2_11.csv
1220,1,1,0,Reader_2_12.csv
1220,0,0,0,Reader_2_2.csv
1220,2,1,1,Reader_2_3.csv
1220,1,1,0,Reader_2_4.csv
1220,0,0,0,Reader_2_5.csv
1220,0,0,0,Reader_2_6.csv
1220,0,0,0,Reader_2_7.csv
1220,1,1,0,Reader_2_8.csv
1220,0,0,0,Reader_2_9.csv
1220,34,31,3,reader_3_1.csv
1220,10,10,0,Reader_3_2.csv
1220,5,3,2,Reader_3_3.csv
1220,5,3,2,Reader_3_4.csv
1220,8,5,3,Reader_3_5.csv
1220,17,12,5,Reader_3_6.csv
1220,1,1,0,Reader_3_7.csv
1221,9,7,2,Reader_1_1.csv
1221,0,0,0,Reader_1_10.csv
1221,1,1,0,Reader_1_11.csv
1221,3,3,0,Reader_1_12.csv
1221,6,5,1,Reader_1_2.csv
1221,0,0,0,Reader_1_3.csv
1221,3,2,1,Reader_1_4.csv
1221,5,4,1,Reader_1_5.csv
1221,1,1,0,Reader_1_6.csv
1221,1,0,1,Reader_1_7.csv
1221,0,0,0,Reader_1_8.csv
1221,1,1,0,Reader_1_9.csv
1221,2,2,0,Reader_2_1.csv
1221,0,0,0,Reader_2_10.csv
1221,0,0,0,Reader_2_11.csv
1221,1,1,0,Reader_2_12.csv
1221,0,0,0,Reader_2_2.csv
1221,2,1,1,Reader_2_3.csv
1221,0,0,0,Reader_2_4.csv
1221,0,0,0,Reader_2_5.csv
1221,0,0,0,Reader_2_6.csv
1221,0,0,0,Reader_2_7.csv
1221,1,1,0,Reader_2_8.csv
1221,0,0,0,Reader_2_9.csv
1221,36,32,4,reader_3_1.csv
1221,9,9,0,Reader_3_2.csv
1221,5,3,2,Reader_3_3.csv
1221,5,3,2,Reader_3_4.csv
1221,9,6,3,Reader_3_5.csv
1221,18,12,6,Reader_3_6.csv
1221,1,1,0,Reader_3_7.csv
1222,9,7,2,Reader_1_1.csv
1222,0,0,0,Reader_1_10.csv
1222,0,0,0,Reader_1_11.csv
1222,3,3,0,Reader_1_12.csv
1222,6,5,1,Reader_1_2.csv
1222,0,0,0,Reader_1_3.csv
1222,3,2,1,Reader_1_4.csv
1222,5,4,1,Reader_1_5.csv
1222,1,1,0,Reader_1_6.csv
1222,1,0,1,Reader_1_7.csv
1222,0,0,0,Reader_1_8.csv
1222,0,0,0,Reader_1_9.csv
1222,2,2,0,Reader_2_1.csv
1222,0,0,0,Reader_2_10.csv
1222,0,0,0,Reader_2_11.csv
1222,1,1,0,Reader_2_12.csv
1222,0,0,0,Reader_2_2.csv
1222,2,1,1,Reader_2_3.csv
1222,0,0,0,Reader_2_4.csv
1222,0,0,0,Reader_2_5.csv
1222,0,0,0,Reader_2_6.csv
1222,0,0,0,Reader_2_7.csv
1222,1,1,0,Reader_2_8.csv
1222,0,0,0,Reader_2_9.csv
1222,39,34,5,reader_3_1.csv
1222,9,9,0,Reader_3_2.csv
1222,5,3,2,Reader_3_3.csv
1222,5,3,2,Reader_3_4.csv
1222,12,8,4,Reader_3_5.csv
1222,13,8,5,Reader_3_6.csv
1222,2,2,0,Reader_3_7.csv
1223,5,4,1,Reader_1_1.csv
1223,0,0,0,Reader_1_10.csv
1223,0,0,0,Reader_1_11.csv
1223,6,5,1,Reader_1_12.csv
1223,6,4,2,Reader_1_2.csv
1223,2,2,0,Reader_1_3.csv
1223,3,2,1,Reader_1_4.csv
1223,5,4,1,Reader_1_5.csv
1223,1,1,0,Reader_1_6.csv
1223,1,0,1,Reader_1_7.csv
1223,0,0,0,Reader_1_8.csv
1223,0,0,0,Reader_1_9.csv
1223,3,3,0,Reader_2_1.csv
1223,0,0,0,Reader_2_10.csv
1223,0,0,0,Reader_2_11.csv
1223,1,1,0,Reader_2_12.csv
1223,1,1,0,Reader_2_2.csv
1223,1,0,1,Reader_2_3.csv
1223,0,0,0,Reader_2_4.csv
1223,0,0,0,Reader_2_5.csv
1223,0,0,0,Reader_2_6.csv
1223,0,0,0,Reader_2_7.csv
1223,1,1,0,Reader_2_8.csv
1223,0,0,0,Reader_2_9.csv
1223,35,29,6,reader_3_1.csv
1223,9,9,0,Reader_3_2.csv
1223,5,3,2,Reader_3_3.csv
1223,5,3,2,Reader_3_4.csv
1223,14,9,5,Reader_3_5.csv
1223,15,10,5,Reader_3_6.csv
1223,2,2,0,Reader_3_7.csv
1224,5,4,1,Reader_1_1.csv
1224,0,0,0,Reader_1_10.csv
1224,0,0,0,Reader_1_11.csv
1224,6,5,1,Reader_1_12.csv
1224,4,3,1,Reader_1_2.csv
1224,2,2,0,Reader_1_3.csv
1224,3,2,1,Reader_1_4.csv
1224,4,4,0,Reader_1_5.csv
1224,1,1,0,Reader_1_6.csv
1224,1,0,1,Reader_1_7.csv
1224,0,0,0,Reader_1_8.csv
1224,0,0,0,Reader_1_9.csv
1224,3,3,0,Reader_2_1.csv
1224,0,0,0,Reader_2_10.csv
1224,0,0,0,Reader_2_11.csv
1224,0,0,0,Reader_2_12.csv
1224,2,2,0,Reader_2_2.csv
1224,2,0,2,Reader_2_3.csv
1224,0,0,0,Reader_2_4.csv
1224,0,0,0,Reader_2_5.csv
1224,0,0,0,Reader_2_6.csv
1224,0,0,0,Reader_2_7.csv
1224,1,1,0,Reader_2_8.csv
1224,0,0,0,Reader_2_9.csv
1224,31,26,5,reader_3_1.csv
1224,8,8,0,Reader_3_2.csv
1224,6,4,2,Reader_3_3.csv
1224,6,4,2,Reader_3_4.csv
1224,14,9,5,Reader_3_5.csv
1224,13,10,3,Reader_3_6.csv
1224,3,3,0,Reader_3_7.csv
1225,5,4,1,Reader_1_1.csv
1225,0,0,0,Reader_1_10.csv
1225,0,0,0,Reader_1_11.csv
1225,6,5,1,Reader_1_12.csv
1225,4,3,1,Reader_1_2.csv
1225,2,2,0,Reader_1_3.csv
1225,2,1,1,Reader_1_4.csv
1225,5,5,0,Reader_1_5.csv
1225,1,1,0,Reader_1_6.csv
1225,1,1,0,Reader_1_7.csv
1225,0,0,0,Reader_1_8.csv
1225,0,0,0,Reader_1_9.csv
1225,3,3,0,Reader_2_1.csv
1225,0,0,0,Reader_2_10.csv
1225,0,0,0,Reader_2_11.csv
1225,0,0,0,Reader_2_12.csv
1225,3,3,0,Reader_2_2.csv
1225,3,2,1,Reader_2_3.csv
1225,0,0,0,Reader_2_4.csv
1225,0,0,0,Reader_2_5.csv
1225,0,0,0,Reader_2_6.csv
1225,0,0,0,Reader_2_7.csv
1225,1,1,0,Reader_2_8.csv
1225,0,0,0,Reader_2_9.csv
1225,32,28,4,reader_3_1.csv
1225,8,8,0,Reader_3_2.csv
1225,4,3,1,Reader_3_3.csv
1225,4,3,1,Reader_3_4.csv
1225,16,10,6,Reader_3_5.csv
1225,16,13,3,Reader_3_6.csv
1225,4,4,0,Reader_3_7.csv
1226,5,4,1,Reader_1_1.csv
1226,0,0,0,Reader_1_10.csv
1226,0,0,0,Reader_1_11.csv
1226,6,5,1,Reader_1_12.csv
1226,3,2,1,Reader_1_2.csv
1226,3,3,0,Reader_1_3.csv
1226,3,2,1,Reader_1_4.csv
1226,8,7,1,Reader_1_5.csv
1226,1,1,0,Reader_1_6.csv
1226,1,1,0,Reader_1_7.csv
1226,0,0,0,Reader_1_8.csv
1226,0,0,0,Reader_1_9.csv
1226,3,3,0,Reader_2_1.csv
1226,0,0,0,Reader_2_10.csv
1226,0,0,0,Reader_2_11.csv
1226,0,0,0,Reader_2_12.csv
1226,3,3,0,Reader_2_2.csv
1226,3,2,1,Reader_2_3.csv
1226,0,0,0,Reader_2_4.csv
1226,0,0,0,Reader_2_5.csv
1226,0,0,0,Reader_2_6.csv
1226,0,0,0,Reader_2_7.csv
1226,0,0,0,Reader_2_8.csv
1226,0,0,0,Reader_2_9.csv
1226,34,30,4,reader_3_1.csv
1226,8,8,0,Reader_3_2.csv
1226,2,1,1,Reader_3_3.csv
1226,2,1,1,Reader_3_4.csv
1226,21,12,9,Reader_3_5.csv
1226,17,14,3,Reader_3_6.csv
1226,4,4,0,Reader_3_7.csv
1227,4,3,1,Reader_1_1.csv
1227,0,0,0,Reader_1_10.csv
1227,0,0,0,Reader_1_11.csv
1227,6,5,1,Reader_1_12.csv
1227,2,1,1,Reader_1_2.csv
1227,4,4,0,Reader_1_3.csv
1227,3,2,1,Reader_1_4.csv
1227,11,9,2,Reader_1_5.csv
1227,2,2,0,Reader_1_6.csv
1227,1,1,0,Reader_1_7.csv
1227,0,0,0,Reader_1_8.csv
1227,0,0,0,Reader_1_9.csv
1227,2,2,0,Reader_2_1.csv
1227,0,0,0,Reader_2_10.csv
1227,0,0,0,Reader_2_11.csv
1227,0,0,0,Reader_2_12.csv
1227,3,3,0,Reader_2_2.csv
1227,3,2,1,Reader_2_3.csv
1227,0,0,0,Reader_2_4.csv
1227,0,0,0,Reader_2_5.csv
1227,0,0,0,Reader_2_6.csv
1227,0,0,0,Reader_2_7.csv
1227,0,0,0,Reader_2_8.csv
1227,0,0,0,Reader_2_9.csv
1227,38,34,4,reader_3_1.csv
1227,5,5,0,Reader_3_2.csv
1227,2,2,0,Reader_3_3.csv
1227,2,2,0,Reader_3_4.csv
1227,22,13,9,Reader_3_5.csv
1227,18,15,3,Reader_3_6.csv
1227,5,5,0,Reader_3_7.csv
1228,4,3,1,Reader_1_1.csv
1228,0,0,0,Reader_1_10.csv
1228,0,0,0,Reader_1_11.csv
1228,5,4,1,Reader_1_12.csv
1228,4,3,1,Reader_1_2.csv
1228,4,4,0,Reader_1_3.csv
1228,1,1,0,Reader_1_4.csv
1228,12,9,3,Reader_1_5.csv
1228,2,2,0,Reader_1_6.csv
1228,1,1,0,Reader_1_7.csv
1228,0,0,0,Reader_1_8.csv
1228,0,0,0,Reader_1_9.csv
1228,2,2,0,Reader_2_1.csv
1228,0,0,0,Reader_2_10.csv
1228,0,0,0,Reader_2_11.csv
1228,0,0,0,Reader_2_12.csv
1228,4,4,0,Reader_2_2.csv
1228,3,2,1,Reader_2_3.csv
1228,0,0,0,Reader_2_4.csv
1228,0,0,0,Reader_2_5.csv
1228,0,0,0,Reader_2_6.csv
1228,0,0,0,Reader_2_7.csv
1228,0,0,0,Reader_2_8.csv
1228,0,0,0,Reader_2_9.csv
1228,37,33,4,reader_3_1.csv
1228,4,4,0,Reader_3_2.csv
1228,2,2,0,Reader_3_3.csv
1228,2,2,0,Reader_3_4.csv
1228,25,15,10,Reader_3_5.csv
1228,15,14,1,Reader_3_6.csv
1228,6,6,0,Reader_3_7.csv
1229,3,2,1,Reader_1_1.csv
1229,0,0,0,Reader_1_10.csv
1229,0,0,0,Reader_1_11.csv
1229,4,3,1,Reader_1_12.csv
1229,3,2,1,Reader_1_2.csv
1229,4,4,0,Reader_1_3.csv
1229,1,1,0,Reader_1_4.csv
1229,13,10,3,Reader_1_5.csv
1229,2,2,0,Reader_1_6.csv
1229,1,1,0,Reader_1_7.csv
1229,0,0,0,Reader_1_8.csv
1229,0,0,0,Reader_1_9.csv
1229,3,3,0,Reader_2_1.csv
1229,0,0,0,Reader_2_10.csv
1229,0,0,0,Reader_2_11.csv
1229,0,0,0,Reader_2_12.csv
1229,4,4,0,Reader_2_2.csv
1229,3,2,1,Reader_2_3.csv
1229,0,0,0,Reader_2_4.csv
1229,0,0,0,Reader_2_5.csv
1229,0,0,0,Reader_2_6.csv
1229,0,0,0,Reader_2_7.csv
1229,0,0,0,Reader_2_8.csv
1229,0,0,0,Reader_2_9.csv
1229,38,33,5,reader_3_1.csv
1229,4,4,0,Reader_3_2.csv
1229,3,3,0,Reader_3_3.csv
1229,3,3,0,Reader_3_4.csv
1229,26,14,12,Reader_3_5.csv
1229,14,14,0,Reader_3_6.csv
1229,9,9,0,Reader_3_7.csv
1230,4,3,1,Reader_1_1.csv
1230,1,0,1,Reader_1_10.csv
1230,0,0,0,Reader_1_11.csv
1230,4,3,1,Reader_1_12.csv
1230,4,3,1,Reader_1_2.csv
1230,5,5,0,Reader_1_3.csv
1230,1,1,0,Reader_1_4.csv
1230,15,12,3,Reader_1_5.csv
1230,2,2,0,Reader_1_6.csv
1230,1,1,0,Reader_1_7.csv
1230,0,0,0,Reader_1_8.csv
1230,0,0,0,Reader_1_9.csv
1230,3,3,0,Reader_2_1.csv
1230,0,0,0,Reader_2_10.csv
1230,1,1,0,Reader_2_11.csv
1230,0,0,0,Reader_2_12.csv
1230,4,4,0,Reader_2_2.csv
1230,4,3,1,Reader_2_3.csv
1230,0,0,0,Reader_2_4.csv
1230,0,0,0,Reader_2_5.csv
1230,0,0,0,Reader_2_6.csv
1230,0,0,0,Reader_2_7.csv
1230,0,0,0,Reader_2_8.csv
1230,0,0,0,Reader_2_9.csv
1230,38,33,5,reader_3_1.csv
1230,4,4,0,Reader_3_2.csv
1230,3,3,0,Reader_3_3.csv
1230,3,3,0,Reader_3_4.csv
1230,26,14,12,Reader_3_5.csv
1230,15,15,0,Reader_3_6.csv
1230,8,8,0,Reader_3_7.csv
1231,4,3,1,Reader_1_1.csv
1231,1,0,1,Reader_1_10.csv
1231,0,0,0,Reader_1_11.csv
1231,1,1,0,Reader_1_12.csv
1231,3,3,0,Reader_1_2.csv
1231,3,3,0,Reader_1_3.csv
1231,1,1,0,Reader_1_4.csv
1231,15,12,3,Reader_1_5.csv
1231,2,2,0,Reader_1_6.csv
1231,1,1,0,Reader_1_7.csv
1231,0,0,0,Reader_1_8.csv
1231,0,0,0,Reader_1_9.csv
1231,2,2,0,Reader_2_1.csv
1231,0,0,0,Reader_2_10.csv
1231,1,1,0,Reader_2_11.csv
1231,0,0,0,Reader_2_12.csv
1231,3,3,0,Reader_2_2.csv
1231,4,3,1,Reader_2_3.csv
1231,1,1,0,Reader_2_4.csv
1231,0,0,0,Reader_2_5.csv
1231,0,0,0,Reader_2_6.csv
1231,0,0,0,Reader_2_7.csv
1231,0,0,0,Reader_2_8.csv
1231,0,0,0,Reader_2_9.csv
1231,46,41,5,reader_3_1.csv
1231,4,4,0,Reader_3_2.csv
1231,5,4,1,Reader_3_3.csv
1231,5,4,1,Reader_3_4.csv
1231,30,19,11,Reader_3_5.csv
1231,11,11,0,Reader_3_6.csv
1231,9,9,0,Reader_3_7.csv
1232,3,3,0,Reader_1_1.csv
1232,1,0,1,Reader_1_10.csv
1232,0,0,0,Reader_1_11.csv
1232,2,2,0,Reader_1_12.csv
1232,3,3,0,Reader_1_2.csv
1232,3,3,0,Reader_1_3.csv
1232,2,1,1,Reader_1_4.csv
1232,16,13,3,Reader_1_5.csv
1232,2,2,0,Reader_1_6.csv
1232,1,1,0,Reader_1_7.csv
1232,0,0,0,Reader_1_8.csv
1232,0,0,0,Reader_1_9.csv
1232,3,3,0,Reader_2_1.csv
1232,0,0,0,Reader_2_10.csv
1232,1,1,0,Reader_2_11.csv
1232,0,0,0,Reader_2_12.csv
1232,2,2,0,Reader_2_2.csv
1232,3,3,0,Reader_2_3.csv
1232,1,1,0,Reader_2_4.csv
1232,0,0,0,Reader_2_5.csv
1232,0,0,0,Reader_2_6.csv
1232,0,0,0,Reader_2_7.csv
1232,0,0,0,Reader_2_8.csv
1232,0,0,0,Reader_2_9.csv
1232,48,44,4,reader_3_1.csv
1232,3,3,0,Reader_3_2.csv
1232,5,4,1,Reader_3_3.csv
1232,5,4,1,Reader_3_4.csv
1232,35,23,12,Reader_3_5.csv
1232,12,12,0,Reader_3_6.csv
1232,9,9,0,Reader_3_7.csv
1233,3,2,1,Reader_1_1.csv
1233,1,0,1,Reader_1_10.csv
1233,0,0,0,Reader_1_11.csv
1233,2,2,0,Reader_1_12.csv
1233,4,4,0,Reader_1_2.csv
1233,3,3,0,Reader_1_3.csv
1233,2,1,1,Reader_1_4.csv
1233,15,12,3,Reader_1_5.csv
1233,2,2,0,Reader_1_6.csv
1233,0,0,0,Reader_1_7.csv
1233,0,0,0,Reader_1_8.csv
1233,0,0,0,Reader_1_9.csv
1233,4,4,0,Reader_2_1.csv
1233,0,0,0,Reader_2_10.csv
1233,1,1,0,Reader_2_11.csv
1233,0,0,0,Reader_2_12.csv
1233,1,1,0,Reader_2_2.csv
1233,1,1,0,Reader_2_3.csv
1233,1,1,0,Reader_2_4.csv
1233,0,0,0,Reader_2_5.csv
1233,0,0,0,Reader_2_6.csv
1233,0,0,0,Reader_2_7.csv
1233,0,0,0,Reader_2_8.csv
1233,0,0,0,Reader_2_9.csv
1233,46,41,5,reader_3_1.csv
1233,3,3,0,Reader_3_2.csv
1233,5,4,1,Reader_3_3.csv
1233,5,4,1,Reader_3_4.csv
1233,36,23,13,Reader_3_5.csv
1233,11,10,1,Reader_3_6.csv
1233,8,8,0,Reader_3_7.csv
1234,2,1,1,Reader_1_1.csv
1234,1,0,1,Reader_1_10.csv
1234,0,0,0,Reader_1_11.csv
1234,2,2,0,Reader_1_12.csv
1234,5,4,1,Reader_1_2.csv
1234,4,3,1,Reader_1_3.csv
1234,1,0,1,Reader_1_4.csv
1234,12,10,2,Reader_1_5.csv
1234,2,2,0,Reader_1_6.csv
1234,0,0,0,Reader_1_7.csv
1234,0,0,0,Reader_1_8.csv
1234,0,0,0,Reader_1_9.csv
1234,4,4,0,Reader_2_1.csv
1234,0,0,0,Reader_2_10.csv
1234,1,1,0,Reader_2_11.csv
1234,0,0,0,Reader_2_12.csv
1234,1,1,0,Reader_2_2.csv
1234,1,1,0,Reader_2_3.csv
1234,1,1,0,Reader_2_4.csv
1234,0,0,0,Reader_2_5.csv
1234,0,0,0,Reader_2_6.csv
1234,0,0,0,Reader_2_7.csv
1234,0,0,0,Reader_2_8.csv
1234,0,0,0,Reader_2_9.csv
1234,44,39,5,reader_3_1.csv
1234,5,5,0,Reader_3_2.csv
1234,5,4,1,Reader_3_3.csv
1234,5,4,1,Reader_3_4.csv
1234,33,20,13,Reader_3_5.csv
1234,8,7,1,Reader_3_6.csv
1234,7,7,0,Reader_3_7.csv
1235,3,2,1,Reader_1_1.csv
1235,1,0,1,Reader_1_10.csv
1235,0,0,0,Reader_1_11.csv
1235,3,3,0,Reader_1_12.csv
1235,6,5,1,Reader_1_2.csv
1235,4,2,2,Reader_1_3.csv
1235,1,0,1,Reader_1_4.csv
1235,8,7,1,Reader_1_5.csv
1235,1,1,0,Reader_1_6.csv
1235,0,0,0,Reader_1_7.csv
1235,0,0,0,Reader_1_8.csv
1235,0,0,0,Reader_1_9.csv
1235,3,3,0,Reader_2_1.csv
1235,0,0,0,Reader_2_10.csv
1235,1,1,0,Reader_2_11.csv
1235,0,0,0,Reader_2_12.csv
1235,1,1,0,Reader_2_2.csv
1235,1,1,0,Reader_2_3.csv
1235,2,1,1,Reader_2_4.csv
1235,0,0,0,Reader_2_5.csv
1235,0,0,0,Reader_2_6.csv
1235,0,0,0,Reader_2_7.csv
1235,0,0,0,Reader_2_8.csv
1235,1,1,0,Reader_2_9.csv
1235,42,35,7,reader_3_1.csv
1235,8,8,0,Reader_3_2.csv
1235,5,4,1,Reader_3_3.csv
1235,5,4,1,Reader_3_4.csv
1235,34,22,12,Reader_3_5.csv
1235,8,7,1,Reader_3_6.csv
1235,6,6,0,Reader_3_7.csv
1236,3,2,1,Reader_1_1.csv
1236,1,0,1,Reader_1_10.csv
1236,0,0,0,Reader_1_11.csv
1236,2,2,0,Reader_1_12.csv
1236,4,3,1,Reader_1_2.csv
1236,4,2,2,Reader_1_3.csv
1236,1,0,1,Reader_1_4.csv
1236,6,6,0,Reader_1_5.csv
1236,1,1,0,Reader_1_6.csv
1236,1,1,0,Reader_1_7.csv
1236,0,0,0,Reader_1_8.csv
1236,0,0,0,Reader_1_9.csv
1236,3,3,0,Reader_2_1.csv
1236,0,0,0,Reader_2_10.csv
1236,1,1,0,Reader_2_11.csv
1236,0,0,0,Reader_2_12.csv
1236,0,0,0,Reader_2_2.csv
1236,1,1,0,Reader_2_3.csv
1236,2,1,1,Reader_2_4.csv
1236,0,0,0,Reader_2_5.csv
1236,0,0,0,Reader_2_6.csv
1236,0,0,0,Reader_2_7.csv
1236,0,0,0,Reader_2_8.csv
1236,1,1,0,Reader_2_9.csv
1236,43,35,8,reader_3_1.csv
1236,10,10,0,Reader_3_2.csv
1236,5,4,1,Reader_3_3.csv
1236,5,4,1,Reader_3_4.csv
1236,32,19,13,Reader_3_5.csv
1236,8,7,1,Reader_3_6.csv
1236,5,5,0,Reader_3_7.csv
1237,3,2,1,Reader_1_1.csv
1237,1,0,1,Reader_1_10.csv
1237,0,0,0,Reader_1_11.csv
1237,2,2,0,Reader_1_12.csv
1237,5,4,1,Reader_1_2.csv
1237,6,4,2,Reader_1_3.csv
1237,1,0,1,Reader_1_4.csv
1237,6,5,1,Reader_1_5.csv
1237,0,0,0,Reader_1_6.csv
1237,2,2,0,Reader_1_7.csv
1237,0,0,0,Reader_1_8.csv
1237,0,0,0,Reader_1_9.csv
1237,2,2,0,Reader_2_1.csv
1237,0,0,0,Reader_2_10.csv
1237,1,1,0,Reader_2_11.csv
1237,1,1,0,Reader_2_12.csv
1237,0,0,0,Reader_2_2.csv
1237,2,1,1,Reader_2_3.csv
1237,2,1,1,Reader_2_4.csv
1237,0,0,0,Reader_2_5.csv
1237,0,0,0,Reader_2_6.csv
1237,0,0,0,Reader_2_7.csv
1237,0,0,0,Reader_2_8.csv
1237,1,1,0,Reader_2_9.csv
1237,38,31,7,reader_3_1.csv
1237,10,10,0,Reader_3_2.csv
1237,5,4,1,Reader_3_3.csv
1237,5,4,1,Reader_3_4.csv
1237,39,22,17,Reader_3_5.csv
1237,7,6,1,Reader_3_6.csv
1237,2,2,0,Reader_3_7.csv
1238,2,1,1,Reader_1_1.csv
1238,0,0,0,Reader_1_10.csv
1238,0,0,0,Reader_1_11.csv
1238,2,2,0,Reader_1_12.csv
1238,4,3,1,Reader_1_2.csv
1238,5,3,2,Reader_1_3.csv
1238,1,0,1,Reader_1_4.csv
1238,4,3,1,Reader_1_5.csv
1238,0,0,0,Reader_1_6.csv
1238,3,3,0,Reader_1_7.csv
1238,0,0,0,Reader_1_8.csv
1238,0,0,0,Reader_1_9.csv
1238,2,2,0,Reader_2_1.csv
1238,0,0,0,Reader_2_10.csv
1238,0,0,0,Reader_2_11.csv
1238,1,1,0,Reader_2_12.csv
1238,0,0,0,Reader_2_2.csv
1238,1,0,1,Reader_2_3.csv
1238,2,1,1,Reader_2_4.csv
1238,0,0,0,Reader_2_5.csv
1238,0,0,0,Reader_2_6.csv
1238,0,0,0,Reader_2_7.csv
1238,0,0,0,Reader_2_8.csv
1238,1,1,0,Reader_2_9.csv
1238,36,30,6,reader_3_1.csv
1238,9,9,0,Reader_3_2.csv
1238,6,5,1,Reader_3_3.csv
1238,6,5,1,Reader_3_4.csv
1238,38,21,17,Reader_3_5.csv
1238,6,5,1,Reader_3_6.csv
1238,3,2,1,Reader_3_7.csv
1239,3,2,1,Reader_1_1.csv
1239,0,0,0,Reader_1_10.csv
1239,0,0,0,Reader_1_11.csv
1239,2,2,0,Reader_1_12.csv
1239,4,3,1,Reader_1_2.csv
1239,5,3,2,Reader_1_3.csv
1239,1,0,1,Reader_1_4.csv
1239,4,3,1,Reader_1_5.csv
1239,0,0,0,Reader_1_6.csv
1239,3,3,0,Reader_1_7.csv
1239,0,0,0,Reader_1_8.csv
1239,0,0,0,Reader_1_9.csv
1239,2,2,0,Reader_2_1.csv
1239,0,0,0,Reader_2_10.csv
1239,0,0,0,Reader_2_11.csv
1239,2,2,0,Reader_2_12.csv
1239,0,0,0,Reader_2_2.csv
1239,1,0,1,Reader_2_3.csv
1239,1,0,1,Reader_2_4.csv
1239,0,0,0,Reader_2_5.csv
1239,1,1,0,Reader_2_6.csv
1239,0,0,0,Reader_2_7.csv
1239,0,0,0,Reader_2_8.csv
1239,1,1,0,Reader_2_9.csv
1239,27,22,5,reader_3_1.csv
1239,11,11,0,Reader_3_2.csv
1239,4,4,0,Reader_3_3.csv
1239,4,4,0,Reader_3_4.csv
1239,36,16,20,Reader_3_5.csv
1239,6,5,1,Reader_3_6.csv
1239,2,1,1,Reader_3_7.csv
1240,4,2,2,Reader_1_1.csv
1240,0,0,0,Reader_1_10.csv
1240,0,0,0,Reader_1_11.csv
1240,1,1,0,Reader_1_12.csv
1240,4,3,1,Reader_1_2.csv
1240,5,3,2,Reader_1_3.csv
1240,0,0,0,Reader_1_4.csv
1240,5,2,3,Reader_1_5.csv
1240,0,0,0,Reader_1_6.csv
1240,3,3,0,Reader_1_7.csv
1240,0,0,0,Reader_1_8.csv
1240,0,0,0,Reader_1_9.csv
1240,1,1,0,Reader_2_1.csv
1240,0,0,0,Reader_2_10.csv
1240,0,0,0,Reader_2_11.csv
1240,2,2,0,Reader_2_12.csv
1240,1,1,0,Reader_2_2.csv
1240,1,0,1,Reader_2_3.csv
1240,1,0,1,Reader_2_4.csv
1240,0,0,0,Reader_2_5.csv
1240,1,1,0,Reader_2_6.csv
1240,0,0,0,Reader_2_7.csv
1240,1,1,0,Reader_2_8.csv
1240,1,1,0,Reader_2_9.csv
1240,25,19,6,reader_3_1.csv
1240,14,14,0,Reader_3_2.csv
1240,3,3,0,Reader_3_3.csv
1240,3,3,0,Reader_3_4.csv
1240,36,16,20,Reader_3_5.csv
1240,4,3,1,Reader_3_6.csv
1240,1,0,1,Reader_3_7.csv
1241,4,2,2,Reader_1_1.csv
1241,0,0,0,Reader_1_10.csv
1241,0,0,0,Reader_1_11.csv
1241,1,1,0,Reader_1_12.csv
1241,3,2,1,Reader_1_2.csv
1241,5,3,2,Reader_1_3.csv
1241,0,0,0,Reader_1_4.csv
1241,4,1,3,Reader_1_5.csv
1241,1,0,1,Reader_1_6.csv
1241,5,5,0,Reader_1_7.csv
1241,0,0,0,Reader_1_8.csv
1241,0,0,0,Reader_1_9.csv
1241,0,0,0,Reader_2_1.csv
1241,0,0,0,Reader_2_10.csv
1241,0,0,0,Reader_2_11.csv
1241,2,2,0,Reader_2_12.csv
1241,2,2,0,Reader_2_2.csv
1241,1,0,1,Reader_2_3.csv
1241,1,0,1,Reader_2_4.csv
1241,0,0,0,Reader_2_5.csv
1241,1,1,0,Reader_2_6.csv
1241,0,0,0,Reader_2_7.csv
1241,1,1,0,Reader_2_8.csv
1241,1,1,0,Reader_2_9.csv
1241,27,21,6,reader_3_1.csv
1241,13,13,0,Reader_3_2.csv
1241,5,5,0,Reader_3_3.csv
1241,5,5,0,Reader_3_4.csv
1241,39,19,20,Reader_3_5.csv
1241,3,3,0,Reader_3_6.csv
1241,1,0,1,Reader_3_7.csv
1242,4,2,2,Reader_1_1.csv
1242,0,0,0,Reader_1_10.csv
1242,0,0,0,Reader_1_11.csv
1242,1,1,0,Reader_1_12.csv
1242,4,3,1,Reader_1_2.csv
1242,3,2,1,Reader_1_3.csv
1242,0,0,0,Reader_1_4.csv
1242,3,0,3,Reader_1_5.csv
1242,1,0,1,Reader_1_6.csv
1242,5,5,0,Reader_1_7.csv
1242,0,0,0,Reader_1_8.csv
1242,0,0,0,Reader_1_9.csv
1242,0,0,0,Reader_2_1.csv
1242,0,0,0,Reader_2_10.csv
1242,1,1,0,Reader_2_11.csv
1242,2,2,0,Reader_2_12.csv
1242,2,2,0,Reader_2_2.csv
1242,1,0,1,Reader_2_3.csv
1242,1,0,1,Reader_2_4.csv
1242,0,0,0,Reader_2_5.csv
1242,1,1,0,Reader_2_6.csv
1242,0,0,0,Reader_2_7.csv
1242,1,1,0,Reader_2_8.csv
1242,1,1,0,Reader_2_9.csv
1242,27,19,8,reader_3_1.csv
1242,13,12,1,Reader_3_2.csv
1242,6,6,0,Reader_3_3.csv
1242,6,6,0,Reader_3_4.csv
1242,45,25,20,Reader_3_5.csv
1242,3,3,0,Reader_3_6.csv
1242,1,0,1,Reader_3_7.csv
1243,4,2,2,Reader_1_1.csv
1243,0,0,0,Reader_1_10.csv
1243,0,0,0,Reader_1_11.csv
1243,0,0,0,Reader_1_12.csv
1243,4,3,1,Reader_1_2.csv
1243,2,2,0,Reader_1_3.csv
1243,0,0,0,Reader_1_4.csv
1243,4,1,3,Reader_1_5.csv
1243,1,0,1,Reader_1_6.csv
1243,6,6,0,Reader_1_7.csv
1243,0,0,0,Reader_1_8.csv
1243,0,0,0,Reader_1_9.csv
1243,0,0,0,Reader_2_1.csv
1243,0,0,0,Reader_2_10.csv
1243,1,1,0,Reader_2_11.csv
1243,3,3,0,Reader_2_12.csv
1243,2,2,0,Reader_2_2.csv
1243,1,0,1,Reader_2_3.csv
1243,0,0,0,Reader_2_4.csv
1243,0,0,0,Reader_2_5.csv
1243,1,1,0,Reader_2_6.csv
1243,0,0,0,Reader_2_7.csv
1243,1,1,0,Reader_2_8.csv
1243,0,0,0,Reader_2_9.csv
1243,26,19,7,reader_3_1.csv
1243,10,9,1,Reader_3_2.csv
1243,5,5,0,Reader_3_3.csv
1243,5,5,0,Reader_3_4.csv
1243,47,25,22,Reader_3_5.csv
1243,2,2,0,Reader_3_6.csv
1243,2,1,1,Reader_3_7.csv
1244,4,2,2,Reader_1_1.csv
1244,0,0,0,Reader_1_10.csv
1244,0,0,0,Reader_1_11.csv
1244,0,0,0,Reader_1_12.csv
1244,5,4,1,Reader_1_2.csv
1244,3,3,0,Reader_1_3.csv
1244,0,0,0,Reader_1_4.csv
1244,5,2,3,Reader_1_5.csv
1244,1,0,1,Reader_1_6.csv
1244,5,5,0,Reader_1_7.csv
1244,0,0,0,Reader_1_8.csv
1244,0,0,0,Reader_1_9.csv
1244,0,0,0,Reader_2_1.csv
1244,0,0,0,Reader_2_10.csv
1244,2,1,1,Reader_2_11.csv
1244,4,4,0,Reader_2_12.csv
1244,3,3,0,Reader_2_2.csv
1244,1,0,1,Reader_2_3.csv
1244,0,0,0,Reader_2_4.csv
1244,0,0,0,Reader_2_5.csv
1244,1,1,0,Reader_2_6.csv
1244,0,0,0,Reader_2_7.csv
1244,1,1,0,Reader_2_8.csv
1244,0,0,0,Reader_2_9.csv
1244,30,23,7,reader_3_1.csv
1244,10,9,1,Reader_3_2.csv
1244,5,5,0,Reader_3_3.csv
1244,5,5,0,Reader_3_4.csv
1244,46,24,22,Reader_3_5.csv
1244,1,1,0,Reader_3_6.csv
1244,2,1,1,Reader_3_7.csv
1245,6,4,2,Reader_1_1.csv
1245,0,0,0,Reader_1_10.csv
1245,0,0,0,Reader_1_11.csv
1245,0,0,0,Reader_1_12.csv
1245,5,3,2,Reader_1_2.csv
1245,1,1,0,Reader_1_3.csv
1245,0,0,0,Reader_1_4.csv
1245,5,3,2,Reader_1_5.csv
1245,1,0,1,Reader_1_6.csv
1245,4,4,0,Reader_1_7.csv
1245,0,0,0,Reader_1_8.csv
1245,0,0,0,Reader_1_9.csv
1245,0,0,0,Reader_2_1.csv
1245,0,0,0,Reader_2_10.csv
1245,2,1,1,Reader_2_11.csv
1245,3,3,0,Reader_2_12.csv
1245,3,3,0,Reader_2_2.csv
1245,0,0,0,Reader_2_3.csv
1245,0,0,0,Reader_2_4.csv
1245,0,0,0,Reader_2_5.csv
1245,2,1,1,Reader_2_6.csv
1245,0,0,0,Reader_2_7.csv
1245,1,1,0,Reader_2_8.csv
1245,0,0,0,Reader_2_9.csv
1245,33,26,7,reader_3_1.csv
1245,12,11,1,Reader_3_2.csv
1245,4,4,0,Reader_3_3.csv
1245,4,4,0,Reader_3_4.csv
1245,41,24,17,Reader_3_5.csv
1245,1,1,0,Reader_3_6.csv
1245,3,2,1,Reader_3_7.csv
1246,9,6,3,Reader_1_1.csv
1246,0,0,0,Reader_1_10.csv
1246,0,0,0,Reader_1_11.csv
1246,0,0,0,Reader_1_12.csv
1246,7,5,2,Reader_1_2.csv
1246,1,1,0,Reader_1_3.csv
1246,0,0,0,Reader_1_4.csv
1246,6,4,2,Reader_1_5.csv
1246,1,0,1,Reader_1_6.csv
1246,4,4,0,Reader_1_7.csv
1246,0,0,0,Reader_1_8.csv
1246,0,0,0,Reader_1_9.csv
1246,0,0,0,Reader_2_1.csv
1246,0,0,0,Reader_2_10.csv
1246,2,1,1,Reader_2_11.csv
1246,3,3,0,Reader_2_12.csv
1246,3,3,0,Reader_2_2.csv
1246,0,0,0,Reader_2_3.csv
1246,0,0,0,Reader_2_4.csv
1246,0,0,0,Reader_2_5.csv
1246,2,1,1,Reader_2_6.csv
1246,0,0,0,Reader_2_7.csv
1246,1,1,0,Reader_2_8.csv
1246,0,0,0,Reader_2_9.csv
1246,37,27,10,reader_3_1.csv
1246,12,11,1,Reader_3_2.csv
1246,4,4,0,Reader_3_3.csv
1246,4,4,0,Reader_3_4.csv
1246,43,28,15,Reader_3_5.csv
1246,1,1,0,Reader_3_6.csv
1246,4,4,0,Reader_3_7.csv
1247,8,5,3,Reader_1_1.csv
1247,0,0,0,Reader_1_10.csv
1247,0,0,0,Reader_1_11.csv
1247,1,1,0,Reader_1_12.csv
1247,9,7,2,Reader_1_2.csv
1247,4,2,2,Reader_1_3.csv
1247,0,0,0,Reader_1_4.csv
1247,7,5,2,Reader_1_5.csv
1247,1,0,1,Reader_1_6.csv
1247,6,5,1,Reader_1_7.csv
1247,0,0,0,Reader_1_8.csv
1247,0,0,0,Reader_1_9.csv
1247,0,0,0,Reader_2_1.csv
1247,0,0,0,Reader_2_10.csv
1247,2,1,1,Reader_2_11.csv
1247,2,2,0,Reader_2_12.csv
1247,3,3,0,Reader_2_2.csv
1247,0,0,0,Reader_2_3.csv
1247,0,0,0,Reader_2_4.csv
1247,0,0,0,Reader_2_5.csv
1247,1,0,1,Reader_2_6.csv
1247,0,0,0,Reader_2_7.csv
1247,1,1,0,Reader_2_8.csv
1247,0,0,0,Reader_2_9.csv
1247,43,32,11,reader_3_1.csv
1247,12,10,2,Reader_3_2.csv
1247,5,5,0,Reader_3_3.csv
1247,5,5,0,Reader_3_4.csv
1247,45,30,15,Reader_3_5.csv
1247,1,1,0,Reader_3_6.csv
1247,4,4,0,Reader_3_7.csv
1248,9,7,2,Reader_1_1.csv
1248,0,0,0,Reader_1_10.csv
1248,0,0,0,Reader_1_11.csv
1248,1,1,0,Reader_1_12.csv
1248,10,7,3,Reader_1_2.csv
1248,4,2,2,Reader_1_3.csv
1248,0,0,0,Reader_1_4.csv
1248,6,6,0,Reader_1_5.csv
1248,1,0,1,Reader_1_6.csv
1248,6,5,1,Reader_1_7.csv
1248,0,0,0,Reader_1_8.csv
1248,0,0,0,Reader_1_9.csv
1248,0,0,0,Reader_2_1.csv
1248,0,0,0,Reader_2_10.csv
1248,2,1,1,Reader_2_11.csv
1248,2,2,0,Reader_2_12.csv
1248,3,3,0,Reader_2_2.csv
1248,0,0,0,Reader_2_3.csv
1248,0,0,0,Reader_2_4.csv
1248,0,0,0,Reader_2_5.csv
1248,1,0,1,Reader_2_6.csv
1248,0,0,0,Reader_2_7.csv
1248,0,0,0,Reader_2_8.csv
1248,0,0,0,Reader_2_9.csv
1248,54,40,14,reader_3_1.csv
1248,10,8,2,Reader_3_2.csv
1248,5,5,0,Reader_3_3.csv
1248,5,5,0,Reader_3_4.csv
1248,45,29,16,Reader_3_5.csv
1248,3,3,0,Reader_3_6.csv
1248,4,4,0,Reader_3_7.csv
1249,10,9,1,Reader_1_1.csv
1249,0,0,0,Reader_1_10.csv
1249,0,0,0,Reader_1_11.csv
1249,1,1,0,Reader_1_12.csv
1249,13,10,3,Reader_1_2.csv
1249,4,2,2,Reader_1_3.csv
1249,1,1,0,Reader_1_4.csv
1249,7,7,0,Reader_1_5.csv
1249,0,0,0,Reader_1_6.csv
1249,4,3,1,Reader_1_7.csv
1249,0,0,0,Reader_1_8.csv
1249,0,0,0,Reader_1_9.csv
1249,0,0,0,Reader_2_1.csv
1249,0,0,0,Reader_2_10.csv
1249,2,1,1,Reader_2_11.csv
1249,2,2,0,Reader_2_12.csv
1249,2,2,0,Reader_2_2.csv
1249,0,0,0,Reader_2_3.csv
1249,0,0,0,Reader_2_4.csv
1249,0,0,0,Reader_2_5.csv
1249,1,0,1,Reader_2_6.csv
1249,0,0,0,Reader_2_7.csv
1249,1,0,1,Reader_2_8.csv
1249,0,0,0,Reader_2_9.csv
1249,62,43,19,reader_3_1.csv
1249,13,10,3,Reader_3_2.csv
1249,4,4,0,Reader_3_3.csv
1249,4,4,0,Reader_3_4.csv
1249,42,29,13,Reader_3_5.csv
1249,3,3,0,Reader_3_6.csv
1249,4,4,0,Reader_3_7.csv
1250,11,9,2,Reader_1_1.csv
1250,0,0,0,Reader_1_10.csv
1250,0,0,0,Reader_1_11.csv
1250,1,1,0,Reader_1_12.csv
1250,11,9,2,Reader_1_2.csv
1250,4,2,2,Reader_1_3.csv
1250,1,1,0,Reader_1_4.csv
1250,7,7,0,Reader_1_5.csv
1250,0,0,0,Reader_1_6.csv
1250,4,3,1,Reader_1_7.csv
1250,0,0,0,Reader_1_8.csv
1250,0,0,0,Reader_1_9.csv
1250,0,0,0,Reader_2_1.csv
1250,0,0,0,Reader_2_10.csv
1250,1,0,1,Reader_2_11.csv
1250,2,2,0,Reader_2_12.csv
1250,2,2,0,Reader_2_2.csv
1250,0,0,0,Reader_2_3.csv
1250,1,1,0,Reader_2_4.csv
1250,0,0,0,Reader_2_5.csv
1250,1,0,1,Reader_2_6.csv
1250,0,0,0,Reader_2_7.csv
1250,1,0,1,Reader_2_8.csv
1250,0,0,0,Reader_2_9.csv
1250,74,53,21,reader_3_1.csv
1250,12,9,3,Reader_3_2.csv
1250,3,3,0,Reader_3_3.csv
1250,3,3,0,Reader_3_4.csv
1250,38,27,11,Reader_3_5.csv
1250,3,3,0,Reader_3_6.csv
1250,4,4,0,Reader_3_7.csv
1251,11,9,2,Reader_1_1.csv
1251,0,0,0,Reader_1_10.csv
1251,0,0,0,Reader_1_11.csv
1251,1,1,0,Reader_1_12.csv
1251,10,8,2,Reader_1_2.csv
1251,4,2,2,Reader_1_3.csv
1251,1,1,0,Reader_1_4.csv
1251,6,6,0,Reader_1_5.csv
1251,0,0,0,Reader_1_6.csv
1251,3,2,1,Reader_1_7.csv
1251,0,0,0,Reader_1_8.csv
1251,0,0,0,Reader_1_9.csv
1251,1,0,1,Reader_2_1.csv
1251,0,0,0,Reader_2_10.csv
1251,2,1,1,Reader_2_11.csv
1251,1,1,0,Reader_2_12.csv
1251,2,2,0,Reader_2_2.csv
1251,1,1,0,Reader_2_3.csv
1251,2,1,1,Reader_2_4.csv
1251,0,0,0,Reader_2_5.csv
1251,1,0,1,Reader_2_6.csv
1251,0,0,0,Reader_2_7.csv
1251,1,0,1,Reader_2_8.csv
1251,0,0,0,Reader_2_9.csv
1251,84,61,23,reader_3_1.csv
1251,11,8,3,Reader_3_2.csv
1251,5,5,0,Reader_3_3.csv
1251,5,5,0,Reader_3_4.csv
1251,35,24,11,Reader_3_5.csv
1251,4,3,1,Reader_3_6.csv
1251,4,4,0,Reader_3_7.csv
1252,11,9,2,Reader_1_1.csv
1252,0,0,0,Reader_1_10.csv
1252,0,0,0,Reader_1_11.csv
1252,1,1,0,Reader_1_12.csv
1252,9,7,2,Reader_1_2.csv
1252,4,2,2,Reader_1_3.csv
1252,1,1,0,Reader_1_4.csv
1252,6,6,0,Reader_1_5.csv
1252,0,0,0,Reader_1_6.csv
1252,3,2,1,Reader_1_7.csv
1252,0,0,0,Reader_1_8.csv
1252,0,0,0,Reader_1_9.csv
1252,1,0,1,Reader_2_1.csv
1252,0,0,0,Reader_2_10.csv
1252,1,1,0,Reader_2_11.csv
1252,0,0,0,Reader_2_12.csv
1252,1,1,0,Reader_2_2.csv
1252,1,1,0,Reader_2_3.csv
1252,2,1,1,Reader_2_4.csv
1252,0,0,0,Reader_2_5.csv
1252,1,0,1,Reader_2_6.csv
1252,0,0,0,Reader_2_7.csv
1252,2,1,1,Reader_2_8.csv
1252,0,0,0,Reader_2_9.csv
1252,94,68,26,reader_3_1.csv
1252,9,6,3,Reader_3_2.csv
1252,5,5,0,Reader_3_3.csv
1252,5,5,0,Reader_3_4.csv
1252,42,31,11,Reader_3_5.csv
1252,5,4,1,Reader_3_6.csv
1252,4,4,0,Reader_3_7.csv
1253,10,8,2,Reader_1_1.csv
1253,0,0,0,Reader_1_10.csv
1253,0,0,0,Reader_1_11.csv
1253,1,1,0,Reader_1_12.csv
1253,8,7,1,Reader_1_2.csv
1253,6,2,4,Reader_1_3.csv
1253,1,1,0,Reader_1_4.csv
1253,5,5,0,Reader_1_5.csv
1253,0,0,0,Reader_1_6.csv
1253,3,2,1,Reader_1_7.csv
1253,0,0,0,Reader_1_8.csv
1253,0,0,0,Reader_1_9.csv
1253,1,0,1,Reader_2_1.csv
1253,0,0,0,Reader_2_10.csv
1253,1,1,0,Reader_2_11.csv
1253,0,0,0,Reader_2_12.csv
1253,2,2,0,Reader_2_2.csv
1253,1,1,0,Reader_2_3.csv
1253,2,1,1,Reader_2_4.csv
1253,0,0,0,Reader_2_5.csv
1253,0,0,0,Reader_2_6.csv
1253,0,0,0,Reader_2_7.csv
1253,2,1,1,Reader_2_8.csv
1253,0,0,0,Reader_2_9.csv
1253,108,79,29,reader_3_1.csv
1253,9,6,3,Reader_3_2.csv
1253,6,6,0,Reader_3_3.csv
1253,6,6,0,Reader_3_4.csv
1253,48,34,14,Reader_3_5.csv
1253,5,4,1,Reader_3_6.csv
1253,3,3,0,Reader_3_7.csv
1254,8,7,1,Reader_1_1.csv
1254,0,0,0,Reader_1_10.csv
1254,0,0,0,Reader_1_11.csv
1254,1,1,0,Reader_1_12.csv
1254,7,6,1,Reader_1_2.csv
1254,6,2,4,Reader_1_3.csv
1254,1,1,0,Reader_1_4.csv
1254,5,5,0,Reader_1_5.csv
1254,0,0,0,Reader_1_6.csv
1254,2,1,1,Reader_1_7.csv
1254,0,0,0,Reader_1_8.csv
1254,0,0,0,Reader_1_9.csv
1254,1,0,1,Reader_2_1.csv
1254,0,0,0,Reader_2_10.csv
1254,1,1,0,Reader_2_11.csv
1254,0,0,0,Reader_2_12.csv
1254,2,2,0,Reader_2_2.csv
1254,1,1,0,Reader_2_3.csv
1254,2,1,1,Reader_2_4.csv
1254,0,0,0,Reader_2_5.csv
1254,0,0,0,Reader_2_6.csv
1254,0,0,0,Reader_2_7.csv
1254,2,1,1,Reader_2_8.csv
1254,0,0,0,Reader_2_9.csv
1254,116,89,27,reader_3_1.csv
1254,10,7,3,Reader_3_2.csv
1254,5,5,0,Reader_3_3.csv
1254,5,5,0,Reader_3_4.csv
1254,48,33,15,Reader_3_5.csv
1254,5,4,1,Reader_3_6.csv
1254,1,1,0,Reader_3_7.csv
1255,9,8,1,Reader_1_1.csv
1255,0,0,0,Reader_1_10.csv
1255,0,0,0,Reader_1_11.csv
1255,0,0,0,Reader_1_12.csv
1255,5,4,1,Reader_1_2.csv
1255,4,1,3,Reader_1_3.csv
1255,1,1,0,Reader_1_4.csv
1255,4,4,0,Reader_1_5.csv
1255,0,0,0,Reader_1_6.csv
1255,0,0,0,Reader_1_7.csv
1255,0,0,0,Reader_1_8.csv
1255,0,0,0,Reader_1_9.csv
1255,2,1,1,Reader_2_1.csv
1255,0,0,0,Reader_2_10.csv
1255,1,1,0,Reader_2_11.csv
1255,1,1,0,Reader_2_12.csv
1255,2,2,0,Reader_2_2.csv
1255,1,1,0,Reader_2_3.csv
1255,2,1,1,Reader_2_4.csv
1255,0,0,0,Reader_2_5.csv
1255,0,0,0,Reader_2_6.csv
1255,0,0,0,Reader_2_7.csv
1255,2,1,1,Reader_2_8.csv
1255,0,0,0,Reader_2_9.csv
1255,121,86,35,reader_3_1.csv
1255,11,9,2,Reader_3_2.csv
1255,4,4,0,Reader_3_3.csv
1255,4,4,0,Reader_3_4.csv
1255,45,31,14,Reader_3_5.csv
1255,6,5,1,Reader_3_6.csv
1255,1,1,0,Reader_3_7.csv
1256,9,8,1,Reader_1_1.csv
1256,0,0,0,Reader_1_10.csv
1256,0,0,0,Reader_1_11.csv
1256,0,0,0,Reader_1_12.csv
1256,4,4,0,Reader_1_2.csv
1256,7,2,5,Reader_1_3.csv
1256,2,2,0,Reader_1_4.csv
1256,4,3,1,Reader_1_5.csv
1256,0,0,0,Reader_1_6.csv
1256,0,0,0,Reader_1_7.csv
1256,0,0,0,Reader_1_8.csv
1256,0,0,0,Reader_1_9.csv
1256,2,1,1,Reader_2_1.csv
1256,0,0,0,Reader_2_10.csv
1256,1,1,0,Reader_2_11.csv
1256,1,1,0,Reader_2_12.csv
1256,1,1,0,Reader_2_2.csv
1256,2,2,0,Reader_2_3.csv
1256,2,1,1,Reader_2_4.csv
1256,0,0,0,Reader_2_5.csv
1256,0,0,0,Reader_2_6.csv
1256,0,0,0,Reader_2_7.csv
1256,2,1,1,Reader_2_8.csv
1256,0,0,0,Reader_2_9.csv
1256,118,85,33,reader_3_1.csv
1256,13,11,2,Reader_3_2.csv
1256,4,4,0,Reader_3_3.csv
1256,4,4,0,Reader_3_4.csv
1256,47,33,14,Reader_3_5.csv
1256,4,3,1,Reader_3_6.csv
1256,1,1,0,Reader_3_7.csv
1257,8,7,1,Reader_1_1.csv
1257,0,0,0,Reader_1_10.csv
1257,0,0,0,Reader_1_11.csv
1257,0,0,0,Reader_1_12.csv
1257,1,1,0,Reader_1_2.csv
1257,8,2,6,Reader_1_3.csv
1257,1,1,0,Reader_1_4.csv
1257,3,2,1,Reader_1_5.csv
1257,0,0,0,Reader_1_6.csv
1257,0,0,0,Reader_1_7.csv
1257,0,0,0,Reader_1_8.csv
1257,0,0,0,Reader_1_9.csv
1257,2,1,1,Reader_2_1.csv
1257,0,0,0,Reader_2_10.csv
1257,1,1,0,Reader_2_11.csv
1257,1,1,0,Reader_2_12.csv
1257,1,1,0,Reader_2_2.csv
1257,2,2,0,Reader_2_3.csv
1257,2,1,1,Reader_2_4.csv
1257,0,0,0,Reader_2_5.csv
1257,0,0,0,Reader_2_6.csv
1257,0,0,0,Reader_2_7.csv
1257,1,1,0,Reader_2_8.csv
1257,0,0,0,Reader_2_9.csv
1257,119,89,30,reader_3_1.csv
1257,13,12,1,Reader_3_2.csv
1257,3,3,0,Reader_3_3.csv
1257,3,3,0,Reader_3_4.csv
1257,51,36,15,Reader_3_5.csv
1257,3,2,1,Reader_3_6.csv
1257,1,1,0,Reader_3_7.csv
1258,7,7,0,Reader_1_1.csv
1258,0,0,0,Reader_1_10.csv
1258,0,0,0,Reader_1_11.csv
1258,0,0,0,Reader_1_12.csv
1258,1,1,0,Reader_1_2.csv
1258,9,2,7,Reader_1_3.csv
1258,1,1,0,Reader_1_4.csv
1258,3,2,1,Reader_1_5.csv
1258,0,0,0,Reader_1_6.csv
1258,0,0,0,Reader_1_7.csv
1258,0,0,0,Reader_1_8.csv
1258,0,0,0,Reader_1_9.csv
1258,2,1,1,Reader_2_1.csv
1258,0,0,0,Reader_2_10.csv
1258,1,1,0,Reader_2_11.csv
1258,1,1,0,Reader_2_12.csv
1258,1,1,0,Reader_2_2.csv
1258,2,2,0,Reader_2_3.csv
1258,1,0,1,Reader_2_4.csv
1258,0,0,0,Reader_2_5.csv
1258,0,0,0,Reader_2_6.csv
1258,0,0,0,Reader_2_7.csv
1258,1,1,0,Reader_2_8.csv
1258,0,0,0,Reader_2_9.csv
1258,116,89,27,reader_3_1.csv
1258,13,13,0,Reader_3_2.csv
1258,4,4,0,Reader_3_3.csv
1258,4,4,0,Reader_3_4.csv
1258,51,37,14,Reader_3_5.csv
1258,3,2,1,Reader_3_6.csv
1258,1,1,0,Reader_3_7.csv
1259,6,6,0,Reader_1_1.csv
1259,0,0,0,Reader_1_10.csv
1259,0,0,0,Reader_1_11.csv
1259,0,0,0,Reader_1_12.csv
1259,2,2,0,Reader_1_2.csv
1259,11,3,8,Reader_1_3.csv
1259,1,1,0,Reader_1_4.csv
1259,6,2,4,Reader_1_5.csv
1259,0,0,0,Reader_1_6.csv
1259,1,0,1,Reader_1_7.csv
1259,0,0,0,Reader_1_8.csv
1259,0,0,0,Reader_1_9.csv
1259,1,1,0,Reader_2_1.csv
1259,0,0,0,Reader_2_10.csv
1259,0,0,0,Reader_2_11.csv
1259,2,2,0,Reader_2_12.csv
1259,1,1,0,Reader_2_2.csv
1259,1,1,0,Reader_2_3.csv
1259,0,0,0,Reader_2_4.csv
1259,0,0,0,Reader_2_5.csv
1259,0,0,0,Reader_2_6.csv
1259,0,0,0,Reader_2_7.csv
1259,1,1,0,Reader_2_8.csv
1259,0,0,0,Reader_2_9.csv
1259,119,90,29,reader_3_1.csv
1259,15,15,0,Reader_3_2.csv
1259,2,2,0,Reader_3_3.csv
1259,2,2,0,Reader_3_4.csv
1259,58,44,14,Reader_3_5.csv
1259,2,2,0,Reader_3_6.csv
1259,0,0,0,Reader_3_7.csv
1260,8,8,0,Reader_1_1.csv
1260,0,0,0,Reader_1_10.csv
1260,0,0,0,Reader_1_11.csv
1260,0,0,0,Reader_1_12.csv
1260,2,2,0,Reader_1_2.csv
1260,10,2,8,Reader_1_3.csv
1260,1,1,0,Reader_1_4.csv
1260,6,1,5,Reader_1_5.csv
1260,0,0,0,Reader_1_6.csv
1260,1,0,1,Reader_1_7.csv
1260,0,0,0,Reader_1_8.csv
1260,0,0,0,Reader_1_9.csv
1260,1,1,0,Reader_2_1.csv
1260,0,0,0,Reader_2_10.csv
1260,0,0,0,Reader_2_11.csv
1260,2,2,0,Reader_2_12.csv
1260,1,1,0,Reader_2_2.csv
1260,1,1,0,Reader_2_3.csv
1260,0,0,0,Reader_2_4.csv
1260,0,0,0,Reader_2_5.csv
1260,0,0,0,Reader_2_6.csv
1260,1,1,0,Reader_2_7.csv
1260,0,0,0,Reader_2_8.csv
1260,0,0,0,Reader_2_9.csv
1260,117,90,27,reader_3_1.csv
1260,18,18,0,Reader_3_2.csv
1260,2,2,0,Reader_3_3.csv
1260,2,2,0,Reader_3_4.csv
1260,54,42,12,Reader_3_5.csv
1260,2,2,0,Reader_3_6.csv
1260,0,0,0,Reader_3_7.csv
1261,8,7,1,Reader_1_1.csv
1261,0,0,0,Reader_1_10.csv
1261,0,0,0,Reader_1_11.csv
1261,0,0,0,Reader_1_12.csv
1261,2,2,0,Reader_1_2.csv
1261,9,3,6,Reader_1_3.csv
1261,1,1,0,Reader_1_4.csv
1261,7,2,5,Reader_1_5.csv
1261,0,0,0,Reader_1_6.csv
1261,1,0,1,Reader_1_7.csv
1261,0,0,0,Reader_1_8.csv
1261,1,1,0,Reader_1_9.csv
1261,1,1,0,Reader_2_1.csv
1261,0,0,0,Reader_2_10.csv
1261,0,0,0,Reader_2_11.csv
1261,2,2,0,Reader_2_12.csv
1261,0,0,0,Reader_2_2.csv
1261,1,1,0,Reader_2_3.csv
1261,0,0,0,Reader_2_4.csv
1261,0,0,0,Reader_2_5.csv
1261,0,0,0,Reader_2_6.csv
1261,1,1,0,Reader_2_7.csv
1261,0,0,0,Reader_2_8.csv
1261,0,0,0,Reader_2_9.csv
1261,119,89,30,reader_3_1.csv
1261,19,19,0,Reader_3_2.csv
1261,2,2,0,Reader_3_3.csv
1261,2,2,0,Reader_3_4.csv
1261,49,41,8,Reader_3_5.csv
1261,2,2,0,Reader_3_6.csv
1261,0,0,0,Reader_3_7.csv
1262,7,6,1,Reader_1_1.csv
1262,0,0,0,Reader_1_10.csv
1262,0,0,0,Reader_1_11.csv
1262,0,0,0,Reader_1_12.csv
1262,2,2,0,Reader_1_2.csv
1262,10,4,6,Reader_1_3.csv
1262,1,1,0,Reader_1_4.csv
1262,7,1,6,Reader_1_5.csv
1262,0,0,0,Reader_1_6.csv
1262,1,0,1,Reader_1_7.csv
1262,0,0,0,Reader_1_8.csv
1262,1,1,0,Reader_1_9.csv
1262,1,1,0,Reader_2_1.csv
1262,0,0,0,Reader_2_10.csv
1262,0,0,0,Reader_2_11.csv
1262,3,3,0,Reader_2_12.csv
1262,0,0,0,Reader_2_2.csv
1262,1,1,0,Reader_2_3.csv
1262,0,0,0,Reader_2_4.csv
1262,0,0,0,Reader_2_5.csv
1262,0,0,0,Reader_2_6.csv
1262,1,1,0,Reader_2_7.csv
1262,0,0,0,Reader_2_8.csv
1262,0,0,0,Reader_2_9.csv
1262,123,92,31,reader_3_1.csv
1262,25,24,1,Reader_3_2.csv
1262,2,2,0,Reader_3_3.csv
1262,2,2,0,Reader_3_4.csv
1262,50,39,11,Reader_3_5.csv
1262,2,2,0,Reader_3_6.csv
1262,0,0,0,Reader_3_7.csv
1263,6,5,1,Reader_1_1.csv
1263,0,0,0,Reader_1_10.csv
1263,0,0,0,Reader_1_11.csv
1263,1,0,1,Reader_1_12.csv
1263,2,2,0,Reader_1_2.csv
1263,10,5,5,Reader_1_3.csv
1263,1,1,0,Reader_1_4.csv
1263,7,1,6,Reader_1_5.csv
1263,0,0,0,Reader_1_6.csv
1263,2,0,2,Reader_1_7.csv
1263,0,0,0,Reader_1_8.csv
1263,1,1,0,Reader_1_9.csv
1263,0,0,0,Reader_2_1.csv
1263,0,0,0,Reader_2_10.csv
1263,0,0,0,Reader_2_11.csv
1263,2,2,0,Reader_2_12.csv
1263,0,0,0,Reader_2_2.csv
1263,2,2,0,Reader_2_3.csv
1263,0,0,0,Reader_2_4.csv
1263,0,0,0,Reader_2_5.csv
1263,0,0,0,Reader_2_6.csv
1263,1,1,0,Reader_2_7.csv
1263,0,0,0,Reader_2_8.csv
1263,0,0,0,Reader_2_9.csv
1263,129,102,27,reader_3_1.csv
1263,28,27,1,Reader_3_2.csv
1263,2,2,0,Reader_3_3.csv
1263,2,2,0,Reader_3_4.csv
1263,51,41,10,Reader_3_5.csv
1263,2,2,0,Reader_3_6.csv
1263,0,0,0,Reader_3_7.csv
1264,5,4,1,Reader_1_1.csv
1264,0,0,0,Reader_1_10.csv
1264,0,0,0,Reader_1_11.csv
1264,1,0,1,Reader_1_12.csv
1264,3,3,0,Reader_1_2.csv
1264,8,5,3,Reader_1_3.csv
1264,0,0,0,Reader_1_4.csv
1264,7,1,6,Reader_1_5.csv
1264,0,0,0,Reader_1_6.csv
1264,2,0,2,Reader_1_7.csv
1264,0,0,0,Reader_1_8.csv
1264,1,1,0,Reader_1_9.csv
1264,0,0,0,Reader_2_1.csv
1264,0,0,0,Reader_2_10.csv
1264,0,0,0,Reader_2_11.csv
1264,2,2,0,Reader_2_12.csv
1264,0,0,0,Reader_2_2.csv
1264,1,1,0,Reader_2_3.csv
1264,0,0,0,Reader_2_4.csv
1264,0,0,0,Reader_2_5.csv
1264,0,0,0,Reader_2_6.csv
1264,1,1,0,Reader_2_7.csv
1264,0,0,0,Reader_2_8.csv
1264,0,0,0,Reader_2_9.csv
1264,134,108,26,reader_3_1.csv
1264,30,27,3,Reader_3_2.csv
1264,2,2,0,Reader_3_3.csv
1264,2,2,0,Reader_3_4.csv
1264,44,36,8,Reader_3_5.csv
1264,3,2,1,Reader_3_6.csv
1264,0,0,0,Reader_3_7.csv
1265,5,3,2,Reader_1_1.csv
1265,0,0,0,Reader_1_10.csv
1265,0,0,0,Reader_1_11.csv
1265,1,0,1,Reader_1_12.csv
1265,3,3,0,Reader_1_2.csv
1265,8,5,3,Reader_1_3.csv
1265,2,1,1,Reader_1_4.csv
1265,8,1,7,Reader_1_5.csv
1265,0,0,0,Reader_1_6.csv
1265,2,0,2,Reader_1_7.csv
1265,1,1,0,Reader_1_8.csv
1265,2,2,0,Reader_1_9.csv
1265,0,0,0,Reader_2_1.csv
1265,0,0,0,Reader_2_10.csv
1265,1,1,0,Reader_2_11.csv
1265,2,2,0,Reader_2_12.csv
1265,0,0,0,Reader_2_2.csv
1265,1,1,0,Reader_2_3.csv
1265,0,0,0,Reader_2_4.csv
1265,0,0,0,Reader_2_5.csv
1265,0,0,0,Reader_2_6.csv
1265,1,1,0,Reader_2_7.csv
1265,0,0,0,Reader_2_8.csv
1265,0,0,0,Reader_2_9.csv
1265,135,108,27,reader_3_1.csv
1265,34,31,3,Reader_3_2.csv
1265,3,3,0,Reader_3_3.csv
1265,3,3,0,Reader_3_4.csv
1265,39,31,8,Reader_3_5.csv
1265,3,2,1,Reader_3_6.csv
1265,0,0,0,Reader_3_7.csv
1266,5,3,2,Reader_1_1.csv
1266,0,0,0,Reader_1_10.csv
1266,0,0,0,Reader_1_11.csv
1266,1,0,1,Reader_1_12.csv
1266,3,3,0,Reader_1_2.csv
1266,8,6,2,Reader_1_3.csv
1266,2,1,1,Reader_1_4.csv
1266,8,1,7,Reader_1_5.csv
1266,0,0,0,Reader_1_6.csv
1266,2,0,2,Reader_1_7.csv
1266,2,2,0,Reader_1_8.csv
1266,2,2,0,Reader_1_9.csv
1266,0,0,0,Reader_2_1.csv
1266,0,0,0,Reader_2_10.csv
1266,1,1,0,Reader_2_11.csv
1266,2,2,0,Reader_2_12.csv
1266,0,0,0,Reader_2_2.csv
1266,1,1,0,Reader_2_3.csv
1266,0,0,0,Reader_2_4.csv
1266,0,0,0,Reader_2_5.csv
1266,0,0,0,Reader_2_6.csv
1266,1,1,0,Reader_2_7.csv
1266,0,0,0,Reader_2_8.csv
1266,0,0,0,Reader_2_9.csv
1266,133,105,28,reader_3_1.csv
1266,33,30,3,Reader_3_2.csv
1266,2,2,0,Reader_3_3.csv
1266,2,2,0,Reader_3_4.csv
1266,36,27,9,Reader_3_5.csv
1266,3,2,1,Reader_3_6.csv
1266,0,0,0,Reader_3_7.csv
1267,6,4,2,Reader_1_1.csv
1267,0,0,0,Reader_1_10.csv
1267,0,0,0,Reader_1_11.csv
1267,1,0,1,Reader_1_12.csv
1267,2,2,0,Reader_1_2.csv
1267,6,5,1,Reader_1_3.csv
1267,2,1,1,Reader_1_4.csv
1267,5,1,4,Reader_1_5.csv
1267,0,0,0,Reader_1_6.csv
1267,2,1,1,Reader_1_7.csv
1267,2,2,0,Reader_1_8.csv
1267,3,3,0,Reader_1_9.csv
1267,1,1,0,Reader_2_1.csv
1267,0,0,0,Reader_2_10.csv
1267,1,1,0,Reader_2_11.csv
1267,1,1,0,Reader_2_12.csv
1267,0,0,0,Reader_2_2.csv
1267,3,2,1,Reader_2_3.csv
1267,0,0,0,Reader_2_4.csv
1267,0,0,0,Reader_2_5.csv
1267,0,0,0,Reader_2_6.csv
1267,1,1,0,Reader_2_7.csv
1267,0,0,0,Reader_2_8.csv
1267,0,0,0,Reader_2_9.csv
1267,128,103,25,reader_3_1.csv
1267,34,30,4,Reader_3_2.csv
1267,5,5,0,Reader_3_3.csv
1267,5,5,0,Reader_3_4.csv
1267,32,23,9,Reader_3_5.csv
1267,3,2,1,Reader_3_6.csv
1267,0,0,0,Reader_3_7.csv
1268,5,2,3,Reader_1_1.csv
1268,0,0,0,Reader_1_10.csv
1268,0,0,0,Reader_1_11.csv
1268,1,0,1,Reader_1_12.csv
1268,2,2,0,Reader_1_2.csv
1268,7,5,2,Reader_1_3.csv
1268,2,1,1,Reader_1_4.csv
1268,5,1,4,Reader_1_5.csv
1268,0,0,0,Reader_1_6.csv
1268,2,1,1,Reader_1_7.csv
1268,3,2,1,Reader_1_8.csv
1268,3,3,0,Reader_1_9.csv
1268,1,1,0,Reader_2_1.csv
1268,0,0,0,Reader_2_10.csv
1268,1,1,0,Reader_2_11.csv
1268,1,1,0,Reader_2_12.csv
1268,0,0,0,Reader_2_2.csv
1268,3,2,1,Reader_2_3.csv
1268,0,0,0,Reader_2_4.csv
1268,0,0,0,Reader_2_5.csv
1268,0,0,0,Reader_2_6.csv
1268,1,1,0,Reader_2_7.csv
1268,0,0,0,Reader_2_8.csv
1268,0,0,0,Reader_2_9.csv
1268,127,100,27,reader_3_1.csv
1268,33,28,5,Reader_3_2.csv
1268,6,6,0,Reader_3_3.csv
1268,6,6,0,Reader_3_4.csv
1268,30,19,11,Reader_3_5.csv
1268,2,1,1,Reader_3_6.csv
1268,2,2,0,Reader_3_7.csv
1269,4,2,2,Reader_1_1.csv
1269,0,0,0,Reader_1_10.csv
1269,0,0,0,Reader_1_11.csv
1269,1,0,1,Reader_1_12.csv
1269,2,2,0,Reader_1_2.csv
1269,6,4,2,Reader_1_3.csv
1269,2,1,1,Reader_1_4.csv
1269,5,0,5,Reader_1_5.csv
1269,0,0,0,Reader_1_6.csv
1269,3,2,1,Reader_1_7.csv
1269,3,2,1,Reader_1_8.csv
1269,2,2,0,Reader_1_9.csv
1269,1,1,0,Reader_2_1.csv
1269,0,0,0,Reader_2_10.csv
1269,1,1,0,Reader_2_11.csv
1269,1,1,0,Reader_2_12.csv
1269,0,0,0,Reader_2_2.csv
1269,3,2,1,Reader_2_3.csv
1269,0,0,0,Reader_2_4.csv
1269,0,0,0,Reader_2_5.csv
1269,0,0,0,Reader_2_6.csv
1269,1,1,0,Reader_2_7.csv
1269,0,0,0,Reader_2_8.csv
1269,0,0,0,Reader_2_9.csv
1269,116,95,21,reader_3_1.csv
1269,34,29,5,Reader_3_2.csv
1269,5,5,0,Reader_3_3.csv
1269,5,5,0,Reader_3_4.csv
1269,27,15,12,Reader_3_5.csv
1269,2,1,1,Reader_3_6.csv
1269,4,3,1,Reader_3_7.csv
1270,5,3,2,Reader_1_1.csv
1270,0,0,0,Reader_1_10.csv
1270,0,0,0,Reader_1_11.csv
1270,2,1,1,Reader_1_12.csv
1270,1,1,0,Reader_1_2.csv
1270,6,3,3,Reader_1_3.csv
1270,2,1,1,Reader_1_4.csv
1270,5,0,5,Reader_1_5.csv
1270,0,0,0,Reader_1_6.csv
1270,3,2,1,Reader_1_7.csv
1270,3,2,1,Reader_1_8.csv
1270,2,2,0,Reader_1_9.csv
1270,1,1,0,Reader_2_1.csv
1270,0,0,0,Reader_2_10.csv
1270,1,1,0,Reader_2_11.csv
1270,0,0,0,Reader_2_12.csv
1270,0,0,0,Reader_2_2.csv
1270,3,2,1,Reader_2_3.csv
1270,0,0,0,Reader_2_4.csv
1270,0,0,0,Reader_2_5.csv
1270,0,0,0,Reader_2_6.csv
1270,1,1,0,Reader_2_7.csv
1270,0,0,0,Reader_2_8.csv
1270,0,0,0,Reader_2_9.csv
1270,107,85,22,reader_3_1.csv
1270,27,23,4,Reader_3_2.csv
1270,6,6,0,Reader_3_3.csv
1270,6,6,0,Reader_3_4.csv
1270,27,18,9,Reader_3_5.csv
1270,2,1,1,Reader_3_6.csv
1270,4,3,1,Reader_3_7.csv
1271,5,3,2,Reader_1_1.csv
1271,0,0,0,Reader_1_10.csv
1271,0,0,0,Reader_1_11.csv
1271,1,1,0,Reader_1_12.csv
1271,1,1,0,Reader_1_2.csv
1271,7,2,5,Reader_1_3.csv
1271,2,1,1,Reader_1_4.csv
1271,6,1,5,Reader_1_5.csv
1271,0,0,0,Reader_1_6.csv
1271,2,2,0,Reader_1_7.csv
1271,3,2,1,Reader_1_8.csv
1271,2,2,0,Reader_1_9.csv
1271,1,1,0,Reader_2_1.csv
1271,0,0,0,Reader_2_10.csv
1271,2,2,0,Reader_2_11.csv
1271,0,0,0,Reader_2_12.csv
1271,0,0,0,Reader_2_2.csv
1271,3,2,1,Reader_2_3.csv
1271,0,0,0,Reader_2_4.csv
1271,0,0,0,Reader_2_5.csv
1271,0,0,0,Reader_2_6.csv
1271,1,1,0,Reader_2_7.csv
1271,0,0,0,Reader_2_8.csv
1271,0,0,0,Reader_2_9.csv
1271,95,78,17,reader_3_1.csv
1271,22,18,4,Reader_3_2.csv
1271,8,8,0,Reader_3_3.csv
1271,8,8,0,Reader_3_4.csv
1271,23,15,8,Reader_3_5.csv
1271,1,0,1,Reader_3_6.csv
1271,4,3,1,Reader_3_7.csv
1272,4,2,2,Reader_1_1.csv
1272,0,0,0,Reader_1_10.csv
1272,0,0,0,Reader_1_11.csv
1272,1,1,0,Reader_1_12.csv
1272,0,0,0,Reader_1_2.csv
1272,6,1,5,Reader_1_3.csv
1272,3,2,1,Reader_1_4.csv
1272,5,1,4,Reader_1_5.csv
1272,0,0,0,Reader_1_6.csv
1272,2,2,0,Reader_1_7.csv
1272,3,2,1,Reader_1_8.csv
1272,2,2,0,Reader_1_9.csv
1272,2,1,1,Reader_2_1.csv
1272,0,0,0,Reader_2_10.csv
1272,2,2,0,Reader_2_11.csv
1272,0,0,0,Reader_2_12.csv
1272,0,0,0,Reader_2_2.csv
1272,5,4,1,Reader_2_3.csv
1272,0,0,0,Reader_2_4.csv
1272,0,0,0,Reader_2_5.csv
1272,0,0,0,Reader_2_6.csv
1272,1,1,0,Reader_2_7.csv
1272,0,0,0,Reader_2_8.csv
1272,0,0,0,Reader_2_9.csv
1272,85,67,18,reader_3_1.csv
1272,18,15,3,Reader_3_2.csv
1272,9,8,1,Reader_3_3.csv
1272,9,8,1,Reader_3_4.csv
1272,25,17,8,Reader_3_5.csv
1272,0,0,0,Reader_3_6.csv
1272,6,5,1,Reader_3_7.csv
1273,4,3,1,Reader_1_1.csv
1273,0,0,0,Reader_1_10.csv
1273,0,0,0,Reader_1_11.csv
1273,1,1,0,Reader_1_12.csv
1273,1,1,0,Reader_1_2.csv
1273,6,2,4,Reader_1_3.csv
1273,1,1,0,Reader_1_4.csv
1273,4,1,3,Reader_1_5.csv
1273,0,0,0,Reader_1_6.csv
1273,2,2,0,Reader_1_7.csv
1273,3,1,2,Reader_1_8.csv
1273,2,2,0,Reader_1_9.csv
1273,3,2,1,Reader_2_1.csv
1273,0,0,0,Reader_2_10.csv
1273,1,1,0,Reader_2_11.csv
1273,0,0,0,Reader_2_12.csv
1273,0,0,0,Reader_2_2.csv
1273,5,4,1,Reader_2_3.csv
1273,0,0,0,Reader_2_4.csv
1273,0,0,0,Reader_2_5.csv
1273,0,0,0,Reader_2_6.csv
1273,1,1,0,Reader_2_7.csv
1273,0,0,0,Reader_2_8.csv
1273,0,0,0,Reader_2_9.csv
1273,75,60,15,reader_3_1.csv
1273,11,8,3,Reader_3_2.csv
1273,9,8,1,Reader_3_3.csv
1273,9,8,1,Reader_3_4.csv
1273,24,16,8,Reader_3_5.csv
1273,1,1,0,Reader_3_6.csv
1273,6,5,1,Reader_3_7.csv
1274,6,4,2,Reader_1_1.csv
1274,0,0,0,Reader_1_10.csv
1274,0,0,0,Reader_1_11.csv
1274,1,1,0,Reader_1_12.csv
1274,2,2,0,Reader_1_2.csv
1274,5,1,4,Reader_1_3.csv
1274,1,1,0,Reader_1_4.csv
1274,4,1,3,Reader_1_5.csv
1274,0,0,0,Reader_1_6.csv
1274,2,2,0,Reader_1_7.csv
1274,2,0,2,Reader_1_8.csv
1274,2,2,0,Reader_1_9.csv
1274,3,2,1,Reader_2_1.csv
1274,0,0,0,Reader_2_10.csv
1274,2,2,0,Reader_2_11.csv
1274,1,1,0,Reader_2_12.csv
1274,0,0,0,Reader_2_2.csv
1274,5,4,1,Reader_2_3.csv
1274,0,0,0,Reader_2_4.csv
1274,0,0,0,Reader_2_5.csv
1274,0,0,0,Reader_2_6.csv
1274,1,1,0,Reader_2_7.csv
1274,0,0,0,Reader_2_8.csv
1274,0,0,0,Reader_2_9.csv
1274,68,55,13,reader_3_1.csv
1274,12,9,3,Reader_3_2.csv
1274,10,9,1,Reader_3_3.csv
1274,10,9,1,Reader_3_4.csv
1274,23,15,8,Reader_3_5.csv
1274,2,2,0,Reader_3_6.csv
1274,7,6,1,Reader_3_7.csv
1275,6,3,3,Reader_1_1.csv
1275,0,0,0,Reader_1_10.csv
1275,0,0,0,Reader_1_11.csv
1275,1,1,0,Reader_1_12.csv
1275,2,2,0,Reader_1_2.csv
1275,5,1,4,Reader_1_3.csv
1275,1,1,0,Reader_1_4.csv
1275,4,1,3,Reader_1_5.csv
1275,2,1,1,Reader_1_6.csv
1275,1,1,0,Reader_1_7.csv
1275,2,0,2,Reader_1_8.csv
1275,1,1,0,Reader_1_9.csv
1275,2,1,1,Reader_2_1.csv
1275,0,0,0,Reader_2_10.csv
1275,3,3,0,Reader_2_11.csv
1275,1,1,0,Reader_2_12.csv
1275,0,0,0,Reader_2_2.csv
1275,3,3,0,Reader_2_3.csv
1275,0,0,0,Reader_2_4.csv
1275,0,0,0,Reader_2_5.csv
1275,0,0,0,Reader_2_6.csv
1275,1,1,0,Reader_2_7.csv
1275,0,0,0,Reader_2_8.csv
1275,0,0,0,Reader_2_9.csv
1275,61,48,13,reader_3_1.csv
1275,11,8,3,Reader_3_2.csv
1275,7,6,1,Reader_3_3.csv
1275,7,6,1,Reader_3_4.csv
1275,22,15,7,Reader_3_5.csv
1275,3,3,0,Reader_3_6.csv
1275,7,6,1,Reader_3_7.csv
1276,7,5,2,Reader_1_1.csv
1276,0,0,0,Reader_1_10.csv
1276,0,0,0,Reader_1_11.csv
1276,2,2,0,Reader_1_12.csv
1276,2,2,0,Reader_1_2.csv
1276,4,1,3,Reader_1_3.csv
1276,1,1,0,Reader_1_4.csv
1276,4,1,3,Reader_1_5.csv
1276,2,1,1,Reader_1_6.csv
1276,1,1,0,Reader_1_7.csv
1276,1,0,1,Reader_1_8.csv
1276,1,1,0,Reader_1_9.csv
1276,2,1,1,Reader_2_1.csv
1276,0,0,0,Reader_2_10.csv
1276,5,4,1,Reader_2_11.csv
1276,1,1,0,Reader_2_12.csv
1276,0,0,0,Reader_2_2.csv
1276,5,4,1,Reader_2_3.csv
1276,0,0,0,Reader_2_4.csv
1276,0,0,0,Reader_2_5.csv
1276,0,0,0,Reader_2_6.csv
1276,1,1,0,Reader_2_7.csv
1276,0,0,0,Reader_2_8.csv
1276,0,0,0,Reader_2_9.csv
1276,48,39,9,reader_3_1.csv
1276,9,7,2,Reader_3_2.csv
1276,6,5,1,Reader_3_3.csv
1276,6,5,1,Reader_3_4.csv
1276,27,20,7,Reader_3_5.csv
1276,5,5,0,Reader_3_6.csv
1276,5,4,1,Reader_3_7.csv
1277,7,5,2,Reader_1_1.csv
1277,0,0,0,Reader_1_10.csv
1277,0,0,0,Reader_1_11.csv
1277,2,2,0,Reader_1_12.csv
1277,2,2,0,Reader_1_2.csv
1277,4,1,3,Reader_1_3.csv
1277,1,1,0,Reader_1_4.csv
1277,4,1,3,Reader_1_5.csv
1277,2,1,1,Reader_1_6.csv
1277,0,0,0,Reader_1_7.csv
1277,1,0,1,Reader_1_8.csv
1277,1,1,0,Reader_1_9.csv
1277,2,1,1,Reader_2_1.csv
1277,0,0,0,Reader_2_10.csv
1277,7,5,2,Reader_2_11.csv
1277,1,1,0,Reader_2_12.csv
1277,0,0,0,Reader_2_2.csv
1277,6,5,1,Reader_2_3.csv
1277,1,1,0,Reader_2_4.csv
1277,0,0,0,Reader_2_5.csv
1277,0,0,0,Reader_2_6.csv
1277,1,1,0,Reader_2_7.csv
1277,0,0,0,Reader_2_8.csv
1277,0,0,0,Reader_2_9.csv
1277,45,35,10,reader_3_1.csv
1277,7,5,2,Reader_3_2.csv
1277,6,5,1,Reader_3_3.csv
1277,6,5,1,Reader_3_4.csv
1277,26,19,7,Reader_3_5.csv
1277,6,6,0,Reader_3_6.csv
1277,3,3,0,Reader_3_7.csv
1278,7,4,3,Reader_1_1.csv
1278,0,0,0,Reader_1_10.csv
1278,0,0,0,Reader_1_11.csv
1278,1,1,0,Reader_1_12.csv
1278,2,2,0,Reader_1_2.csv
1278,6,3,3,Reader_1_3.csv
1278,1,1,0,Reader_1_4.csv
1278,3,1,2,Reader_1_5.csv
1278,2,1,1,Reader_1_6.csv
1278,0,0,0,Reader_1_7.csv
1278,1,0,1,Reader_1_8.csv
1278,1,1,0,Reader_1_9.csv
1278,2,1,1,Reader_2_1.csv
1278,0,0,0,Reader_2_10.csv
1278,8,5,3,Reader_2_11.csv
1278,1,1,0,Reader_2_12.csv
1278,0,0,0,Reader_2_2.csv
1278,7,6,1,Reader_2_3.csv
1278,1,1,0,Reader_2_4.csv
1278,0,0,0,Reader_2_5.csv
1278,0,0,0,Reader_2_6.csv
1278,1,1,0,Reader_2_7.csv
1278,0,0,0,Reader_2_8.csv
1278,0,0,0,Reader_2_9.csv
1278,39,31,8,reader_3_1.csv
1278,9,7,2,Reader_3_2.csv
1278,5,4,1,Reader_3_3.csv
1278,5,4,1,Reader_3_4.csv
1278,20,14,6,Reader_3_5.csv
1278,8,8,0,Reader_3_6.csv
1278,4,4,0,Reader_3_7.csv
1279,8,5,3,Reader_1_1.csv
1279,1,1,0,Reader_1_10.csv
1279,0,0,0,Reader_1_11.csv
1279,1,1,0,Reader_1_12.csv
1279,2,2,0,Reader_1_2.csv
1279,4,3,1,Reader_1_3.csv
1279,1,1,0,Reader_1_4.csv
1279,2,0,2,Reader_1_5.csv
1279,2,1,1,Reader_1_6.csv
1279,0,0,0,Reader_1_7.csv
1279,1,0,1,Reader_1_8.csv
1279,1,1,0,Reader_1_9.csv
1279,2,1,1,Reader_2_1.csv
1279,0,0,0,Reader_2_10.csv
1279,7,4,3,Reader_2_11.csv
1279,1,1,0,Reader_2_12.csv
1279,0,0,0,Reader_2_2.csv
1279,6,5,1,Reader_2_3.csv
1279,1,1,0,Reader_2_4.csv
1279,0,0,0,Reader_2_5.csv
1279,0,0,0,Reader_2_6.csv
1279,1,1,0,Reader_2_7.csv
1279,0,0,0,Reader_2_8.csv
1279,1,1,0,Reader_2_9.csv
1279,34,24,10,reader_3_1.csv
1279,9,6,3,Reader_3_2.csv
1279,4,2,2,Reader_3_3.csv
1279,4,2,2,Reader_3_4.csv
1279,21,14,7,Reader_3_5.csv
1279,10,10,0,Reader_3_6.csv
1279,5,5,0,Reader_3_7.csv
1280,9,6,3,Reader_1_1.csv
1280,1,1,0,Reader_1_10.csv
1280,0,0,0,Reader_1_11.csv
1280,1,1,0,Reader_1_12.csv
1280,2,2,0,Reader_1_2.csv
1280,4,3,1,Reader_1_3.csv
1280,0,0,0,Reader_1_4.csv
1280,3,1,2,Reader_1_5.csv
1280,2,1,1,Reader_1_6.csv
1280,0,0,0,Reader_1_7.csv
1280,2,0,2,Reader_1_8.csv
1280,1,1,0,Reader_1_9.csv
1280,1,1,0,Reader_2_1.csv
1280,0,0,0,Reader_2_10.csv
1280,9,5,4,Reader_2_11.csv
1280,1,1,0,Reader_2_12.csv
1280,0,0,0,Reader_2_2.csv
1280,4,3,1,Reader_2_3.csv
1280,1,1,0,Reader_2_4.csv
1280,0,0,0,Reader_2_5.csv
1280,0,0,0,Reader_2_6.csv
1280,1,1,0,Reader_2_7.csv
1280,0,0,0,Reader_2_8.csv
1280,1,1,0,Reader_2_9.csv
1280,29,21,8,reader_3_1.csv
1280,8,6,2,Reader_3_2.csv
1280,3,2,1,Reader_3_3.csv
1280,3,2,1,Reader_3_4.csv
1280,24,16,8,Reader_3_5.csv
1280,10,10,0,Reader_3_6.csv
1280,3,3,0,Reader_3_7.csv
1281,8,5,3,Reader_1_1.csv
1281,2,2,0,Reader_1_10.csv
1281,0,0,0,Reader_1_11.csv
1281,1,1,0,Reader_1_12.csv
1281,1,1,0,Reader_1_2.csv
1281,3,2,1,Reader_1_3.csv
1281,0,0,0,Reader_1_4.csv
1281,3,1,2,Reader_1_5.csv
1281,3,2,1,Reader_1_6.csv
1281,0,0,0,Reader_1_7.csv
1281,1,0,1,Reader_1_8.csv
1281,0,0,0,Reader_1_9.csv
1281,0,0,0,Reader_2_1.csv
1281,0,0,0,Reader_2_10.csv
1281,9,5,4,Reader_2_11.csv
1281,1,1,0,Reader_2_12.csv
1281,0,0,0,Reader_2_2.csv
1281,4,3,1,Reader_2_3.csv
1281,1,1,0,Reader_2_4.csv
1281,0,0,0,Reader_2_5.csv
1281,0,0,0,Reader_2_6.csv
1281,1,1,0,Reader_2_7.csv
1281,0,0,0,Reader_2_8.csv
1281,1,1,0,Reader_2_9.csv
1281,27,20,7,reader_3_1.csv
1281,10,8,2,Reader_3_2.csv
1281,2,1,1,Reader_3_3.csv
1281,2,1,1,Reader_3_4.csv
1281,24,16,8,Reader_3_5.csv
1281,10,9,1,Reader_3_6.csv
1281,3,3,0,Reader_3_7.csv
1282,7,5,2,Reader_1_1.csv
1282,2,2,0,Reader_1_10.csv
1282,0,0,0,Reader_1_11.csv
1282,1,1,0,Reader_1_12.csv
1282,0,0,0,Reader_1_2.csv
1282,3,2,1,Reader_1_3.csv
1282,0,0,0,Reader_1_4.csv
1282,4,2,2,Reader_1_5.csv
1282,3,2,1,Reader_1_6.csv
1282,0,0,0,Reader_1_7.csv
1282,1,0,1,Reader_1_8.csv
1282,0,0,0,Reader_1_9.csv
1282,0,0,0,Reader_2_1.csv
1282,0,0,0,Reader_2_10.csv
1282,8,4,4,Reader_2_11.csv
1282,0,0,0,Reader_2_12.csv
1282,1,1,0,Reader_2_2.csv
1282,4,3,1,Reader_2_3.csv
1282,1,1,0,Reader_2_4.csv
1282,0,0,0,Reader_2_5.csv
1282,0,0,0,Reader_2_6.csv
1282,2,2,0,Reader_2_7.csv
1282,0,0,0,Reader_2_8.csv
1282,1,1,0,Reader_2_9.csv
1282,26,19,7,reader_3_1.csv
1282,12,10,2,Reader_3_2.csv
1282,1,0,1,Reader_3_3.csv
1282,1,0,1,Reader_3_4.csv
1282,23,16,7,Reader_3_5.csv
1282,10,9,1,Reader_3_6.csv
1282,6,6,0,Reader_3_7.csv
1283,7,6,1,Reader_1_1.csv
1283,2,2,0,Reader_1_10.csv
1283,0,0,0,Reader_1_11.csv
1283,1,1,0,Reader_1_12.csv
1283,0,0,0,Reader_1_2.csv
1283,3,2,1,Reader_1_3.csv
1283,0,0,0,Reader_1_4.csv
1283,6,4,2,Reader_1_5.csv
1283,1,1,0,Reader_1_6.csv
1283,0,0,0,Reader_1_7.csv
1283,1,0,1,Reader_1_8.csv
1283,0,0,0,Reader_1_9.csv
1283,0,0,0,Reader_2_1.csv
1283,0,0,0,Reader_2_10.csv
1283,8,3,5,Reader_2_11.csv
1283,0,0,0,Reader_2_12.csv
1283,1,1,0,Reader_2_2.csv
1283,6,5,1,Reader_2_3.csv
1283,1,1,0,Reader_2_4.csv
1283,0,0,0,Reader_2_5.csv
1283,0,0,0,Reader_2_6.csv
1283,2,2,0,Reader_2_7.csv
1283,1,1,0,Reader_2_8.csv
1283,1,1,0,Reader_2_9.csv
1283,25,19,6,reader_3_1.csv
1283,10,9,1,Reader_3_2.csv
1283,1,0,1,Reader_3_3.csv
1283,1,0,1,Reader_3_4.csv
1283,22,15,7,Reader_3_5.csv
1283,9,8,1,Reader_3_6.csv
1283,7,7,0,Reader_3_7.csv
1284,5,4,1,Reader_1_1.csv
1284,2,2,0,Reader_1_10.csv
1284,0,0,0,Reader_1_11.csv
1284,1,1,0,Reader_1_12.csv
1284,0,0,0,Reader_1_2.csv
1284,3,2,1,Reader_1_3.csv
1284,1,1,0,Reader_1_4.csv
1284,5,4,1,Reader_1_5.csv
1284,1,1,0,Reader_1_6.csv
1284,0,0,0,Reader_1_7.csv
1284,1,0,1,Reader_1_8.csv
1284,0,0,0,Reader_1_9.csv
1284,0,0,0,Reader_2_1.csv
1284,0,0,0,Reader_2_10.csv
1284,8,3,5,Reader_2_11.csv
1284,0,0,0,Reader_2_12.csv
1284,1,1,0,Reader_2_2.csv
1284,4,4,0,Reader_2_3.csv
1284,1,1,0,Reader_2_4.csv
1284,0,0,0,Reader_2_5.csv
1284,0,0,0,Reader_2_6.csv
1284,1,1,0,Reader_2_7.csv
1284,1,1,0,Reader_2_8.csv
1284,1,1,0,Reader_2_9.csv
1284,31,25,6,reader_3_1.csv
1284,11,10,1,Reader_3_2.csv
1284,1,0,1,Reader_3_3.csv
1284,1,0,1,Reader_3_4.csv
1284,18,12,6,Reader_3_5.csv
1284,7,6,1,Reader_3_6.csv
1284,7,7,0,Reader_3_7.csv
1285,5,4,1,Reader_1_1.csv
1285,2,2,0,Reader_1_10.csv
1285,0,0,0,Reader_1_11.csv
1285,1,1,0,Reader_1_12.csv
1285,0,0,0,Reader_1_2.csv
1285,3,2,1,Reader_1_3.csv
1285,1,1,0,Reader_1_4.csv
1285,4,4,0,Reader_1_5.csv
1285,1,1,0,Reader_1_6.csv
1285,0,0,0,Reader_1_7.csv
1285,1,0,1,Reader_1_8.csv
1285,0,0,0,Reader_1_9.csv
1285,0,0,0,Reader_2_1.csv
1285,0,0,0,Reader_2_10.csv
1285,6,2,4,Reader_2_11.csv
1285,0,0,0,Reader_2_12.csv
1285,1,1,0,Reader_2_2.csv
1285,3,3,0,Reader_2_3.csv
1285,0,0,0,Reader_2_4.csv
1285,0,0,0,Reader_2_5.csv
1285,0,0,0,Reader_2_6.csv
1285,1,1,0,Reader_2_7.csv
1285,1,1,0,Reader_2_8.csv
1285,1,1,0,Reader_2_9.csv
1285,32,27,5,reader_3_1.csv
1285,10,9,1,Reader_3_2.csv
1285,1,0,1,Reader_3_3.csv
1285,1,0,1,Reader_3_4.csv
1285,21,15,6,Reader_3_5.csv
1285,6,5,1,Reader_3_6.csv
1285,8,8,0,Reader_3_7.csv
1286,7,6,1,Reader_1_1.csv
1286,3,3,0,Reader_1_10.csv
1286,0,0,0,Reader_1_11.csv
1286,1,1,0,Reader_1_12.csv
1286,0,0,0,Reader_1_2.csv
1286,0,0,0,Reader_1_3.csv
1286,1,1,0,Reader_1_4.csv
1286,5,4,1,Reader_1_5.csv
1286,1,1,0,Reader_1_6.csv
1286,0,0,0,Reader_1_7.csv
1286,1,0,1,Reader_1_8.csv
1286,0,0,0,Reader_1_9.csv
1286,0,0,0,Reader_2_1.csv
1286,0,0,0,Reader_2_10.csv
1286,5,2,3,Reader_2_11.csv
1286,1,1,0,Reader_2_12.csv
1286,1,1,0,Reader_2_2.csv
1286,4,3,1,Reader_2_3.csv
1286,0,0,0,Reader_2_4.csv
1286,0,0,0,Reader_2_5.csv
1286,0,0,0,Reader_2_6.csv
1286,1,1,0,Reader_2_7.csv
1286,2,2,0,Reader_2_8.csv
1286,1,1,0,Reader_2_9.csv
1286,37,33,4,reader_3_1.csv
1286,11,8,3,Reader_3_2.csv
1286,1,0,1,Reader_3_3.csv
1286,1,0,1,Reader_3_4.csv
1286,24,17,7,Reader_3_5.csv
1286,4,3,1,Reader_3_6.csv
1286,8,8,0,Reader_3_7.csv
1287,7,5,2,Reader_1_1.csv
1287,4,4,0,Reader_1_10.csv
1287,0,0,0,Reader_1_11.csv
1287,1,1,0,Reader_1_12.csv
1287,0,0,0,Reader_1_2.csv
1287,0,0,0,Reader_1_3.csv
1287,1,1,0,Reader_1_4.csv
1287,6,5,1,Reader_1_5.csv
1287,1,1,0,Reader_1_6.csv
1287,1,0,1,Reader_1_7.csv
1287,1,0,1,Reader_1_8.csv
1287,1,1,0,Reader_1_9.csv
1287,0,0,0,Reader_2_1.csv
1287,0,0,0,Reader_2_10.csv
1287,7,3,4,Reader_2_11.csv
1287,1,1,0,Reader_2_12.csv
1287,1,1,0,Reader_2_2.csv
1287,4,3,1,Reader_2_3.csv
1287,0,0,0,Reader_2_4.csv
1287,0,0,0,Reader_2_5.csv
1287,0,0,0,Reader_2_6.csv
1287,1,1,0,Reader_2_7.csv
1287,2,2,0,Reader_2_8.csv
1287,0,0,0,Reader_2_9.csv
1287,51,48,3,reader_3_1.csv
1287,10,8,2,Reader_3_2.csv
1287,0,0,0,Reader_3_3.csv
1287,0,0,0,Reader_3_4.csv
1287,24,16,8,Reader_3_5.csv
1287,2,1,1,Reader_3_6.csv
1287,7,7,0,Reader_3_7.csv
1288,6,4,2,Reader_1_1.csv
1288,4,4,0,Reader_1_10.csv
1288,0,0,0,Reader_1_11.csv
1288,1,1,0,Reader_1_12.csv
1288,1,1,0,Reader_1_2.csv
1288,1,0,1,Reader_1_3.csv
1288,1,1,0,Reader_1_4.csv
1288,5,4,1,Reader_1_5.csv
1288,1,1,0,Reader_1_6.csv
1288,1,0,1,Reader_1_7.csv
1288,0,0,0,Reader_1_8.csv
1288,1,1,0,Reader_1_9.csv
1288,0,0,0,Reader_2_1.csv
1288,0,0,0,Reader_2_10.csv
1288,9,3,6,Reader_2_11.csv
1288,1,1,0,Reader_2_12.csv
1288,1,1,0,Reader_2_2.csv
1288,4,3,1,Reader_2_3.csv
1288,0,0,0,Reader_2_4.csv
1288,0,0,0,Reader_2_5.csv
1288,0,0,0,Reader_2_6.csv
1288,1,1,0,Reader_2_7.csv
1288,2,2,0,Reader_2_8.csv
1288,0,0,0,Reader_2_9.csv
1288,62,56,6,reader_3_1.csv
1288,10,8,2,Reader_3_2.csv
1288,0,0,0,Reader_3_3.csv
1288,0,0,0,Reader_3_4.csv
1288,20,13,7,Reader_3_5.csv
1288,2,1,1,Reader_3_6.csv
1288,7,7,0,Reader_3_7.csv
1289,6,4,2,Reader_1_1.csv
1289,3,3,0,Reader_1_10.csv
1289,0,0,0,Reader_1_11.csv
1289,1,1,0,Reader_1_12.csv
1289,1,1,0,Reader_1_2.csv
1289,2,1,1,Reader_1_3.csv
1289,1,1,0,Reader_1_4.csv
1289,5,4,1,Reader_1_5.csv
1289,0,0,0,Reader_1_6.csv
1289,1,0,1,Reader_1_7.csv
1289,0,0,0,Reader_1_8.csv
1289,1,1,0,Reader_1_9.csv
1289,0,0,0,Reader_2_1.csv
1289,0,0,0,Reader_2_10.csv
1289,10,4,6,Reader_2_11.csv
1289,1,1,0,Reader_2_12.csv
1289,1,1,0,Reader_2_2.csv
1289,4,3,1,Reader_2_3.csv
1289,0,0,0,Reader_2_4.csv
1289,0,0,0,Reader_2_5.csv
1289,0,0,0,Reader_2_6.csv
1289,1,1,0,Reader_2_7.csv
1289,2,2,0,Reader_2_8.csv
1289,1,1,0,Reader_2_9.csv
1289,73,65,8,reader_3_1.csv
1289,8,6,2,Reader_3_2.csv
1289,0,0,0,Reader_3_3.csv
1289,0,0,0,Reader_3_4.csv
1289,18,12,6,Reader_3_5.csv
1289,1,1,0,Reader_3_6.csv
1289,7,7,0,Reader_3_7.csv
1290,6,4,2,Reader_1_1.csv
1290,3,3,0,Reader_1_10.csv
1290,0,0,0,Reader_1_11.csv
1290,1,1,0,Reader_1_12.csv
1290,2,2,0,Reader_1_2.csv
1290,2,1,1,Reader_1_3.csv
1290,1,1,0,Reader_1_4.csv
1290,4,3,1,Reader_1_5.csv
1290,0,0,0,Reader_1_6.csv
1290,1,0,1,Reader_1_7.csv
1290,1,0,1,Reader_1_8.csv
1290,1,1,0,Reader_1_9.csv
1290,0,0,0,Reader_2_1.csv
1290,0,0,0,Reader_2_10.csv
1290,10,4,6,Reader_2_11.csv
1290,1,1,0,Reader_2_12.csv
1290,0,0,0,Reader_2_2.csv
1290,4,3,1,Reader_2_3.csv
1290,0,0,0,Reader_2_4.csv
1290,0,0,0,Reader_2_5.csv
1290,0,0,0,Reader_2_6.csv
1290,0,0,0,Reader_2_7.csv
1290,2,2,0,Reader_2_8.csv
1290,1,1,0,Reader_2_9.csv
1290,85,77,8,reader_3_1.csv
1290,6,4,2,Reader_3_2.csv
1290,1,1,0,Reader_3_3.csv
1290,1,1,0,Reader_3_4.csv
1290,19,12,7,Reader_3_5.csv
1290,0,0,0,Reader_3_6.csv
1290,3,3,0,Reader_3_7.csv
1291,6,4,2,Reader_1_1.csv
1291,3,3,0,Reader_1_10.csv
1291,0,0,0,Reader_1_11.csv
1291,1,1,0,Reader_1_12.csv
1291,5,5,0,Reader_1_2.csv
1291,2,1,1,Reader_1_3.csv
1291,2,2,0,Reader_1_4.csv
1291,4,3,1,Reader_1_5.csv
1291,0,0,0,Reader_1_6.csv
1291,1,0,1,Reader_1_7.csv
1291,1,0,1,Reader_1_8.csv
1291,1,1,0,Reader_1_9.csv
1291,0,0,0,Reader_2_1.csv
1291,0,0,0,Reader_2_10.csv
1291,10,5,5,Reader_2_11.csv
1291,1,1,0,Reader_2_12.csv
1291,0,0,0,Reader_2_2.csv
1291,3,2,1,Reader_2_3.csv
1291,0,0,0,Reader_2_4.csv
1291,0,0,0,Reader_2_5.csv
1291,0,0,0,Reader_2_6.csv
1291,0,0,0,Reader_2_7.csv
1291,1,1,0,Reader_2_8.csv
1291,1,1,0,Reader_2_9.csv
1291,89,81,8,reader_3_1.csv
1291,6,4,2,Reader_3_2.csv
1291,1,1,0,Reader_3_3.csv
1291,1,1,0,Reader_3_4.csv
1291,16,10,6,Reader_3_5.csv
1291,0,0,0,Reader_3_6.csv
1291,2,2,0,Reader_3_7.csv
1292,6,4,2,Reader_1_1.csv
1292,3,3,0,Reader_1_10.csv
1292,0,0,0,Reader_1_11.csv
1292,0,0,0,Reader_1_12.csv
1292,6,6,0,Reader_1_2.csv
1292,2,1,1,Reader_1_3.csv
1292,1,1,0,Reader_1_4.csv
1292,5,3,2,Reader_1_5.csv
1292,1,1,0,Reader_1_6.csv
1292,1,0,1,Reader_1_7.csv
1292,1,0,1,Reader_1_8.csv
1292,2,1,1,Reader_1_9.csv
1292,0,0,0,Reader_2_1.csv
1292,0,0,0,Reader_2_10.csv
1292,10,5,5,Reader_2_11.csv
1292,1,1,0,Reader_2_12.csv
1292,0,0,0,Reader_2_2.csv
1292,3,2,1,Reader_2_3.csv
1292,0,0,0,Reader_2_4.csv
1292,0,0,0,Reader_2_5.csv
1292,0,0,0,Reader_2_6.csv
1292,0,0,0,Reader_2_7.csv
1292,1,1,0,Reader_2_8.csv
1292,1,1,0,Reader_2_9.csv
1292,94,83,11,reader_3_1.csv
1292,5,3,2,Reader_3_2.csv
1292,1,1,0,Reader_3_3.csv
1292,1,1,0,Reader_3_4.csv
1292,13,8,5,Reader_3_5.csv
1292,0,0,0,Reader_3_6.csv
1292,2,2,0,Reader_3_7.csv
1293,6,4,2,Reader_1_1.csv
1293,3,3,0,Reader_1_10.csv
1293,0,0,0,Reader_1_11.csv
1293,0,0,0,Reader_1_12.csv
1293,6,6,0,Reader_1_2.csv
1293,2,1,1,Reader_1_3.csv
1293,1,1,0,Reader_1_4.csv
1293,6,4,2,Reader_1_5.csv
1293,1,1,0,Reader_1_6.csv
1293,1,0,1,Reader_1_7.csv
1293,2,1,1,Reader_1_8.csv
1293,3,2,1,Reader_1_9.csv
1293,0,0,0,Reader_2_1.csv
1293,0,0,0,Reader_2_10.csv
1293,10,5,5,Reader_2_11.csv
1293,1,1,0,Reader_2_12.csv
1293,0,0,0,Reader_2_2.csv
1293,3,2,1,Reader_2_3.csv
1293,0,0,0,Reader_2_4.csv
1293,0,0,0,Reader_2_5.csv
1293,0,0,0,Reader_2_6.csv
1293,0,0,0,Reader_2_7.csv
1293,1,1,0,Reader_2_8.csv
1293,1,1,0,Reader_2_9.csv
1293,97,84,13,reader_3_1.csv
1293,5,3,2,Reader_3_2.csv
1293,1,1,0,Reader_3_3.csv
1293,1,1,0,Reader_3_4.csv
1293,9,5,4,Reader_3_5.csv
1293,0,0,0,Reader_3_6.csv
1293,1,1,0,Reader_3_7.csv
1294,5,3,2,Reader_1_1.csv
1294,3,3,0,Reader_1_10.csv
1294,0,0,0,Reader_1_11.csv
1294,0,0,0,Reader_1_12.csv
1294,7,7,0,Reader_1_2.csv
1294,3,1,2,Reader_1_3.csv
1294,1,1,0,Reader_1_4.csv
1294,5,4,1,Reader_1_5.csv
1294,1,1,0,Reader_1_6.csv
1294,1,0,1,Reader_1_7.csv
1294,2,1,1,Reader_1_8.csv
1294,3,2,1,Reader_1_9.csv
1294,0,0,0,Reader_2_1.csv
1294,0,0,0,Reader_2_10.csv
1294,13,8,5,Reader_2_11.csv
1294,0,0,0,Reader_2_12.csv
1294,1,1,0,Reader_2_2.csv
1294,1,1,0,Reader_2_3.csv
1294,0,0,0,Reader_2_4.csv
1294,0,0,0,Reader_2_5.csv
1294,0,0,0,Reader_2_6.csv
1294,0,0,0,Reader_2_7.csv
1294,1,1,0,Reader_2_8.csv
1294,1,1,0,Reader_2_9.csv
1294,95,80,15,reader_3_1.csv
1294,6,5,1,Reader_3_2.csv
1294,1,1,0,Reader_3_3.csv
1294,1,1,0,Reader_3_4.csv
1294,6,3,3,Reader_3_5.csv
1294,0,0,0,Reader_3_6.csv
1294,1,1,0,Reader_3_7.csv
1295,5,4,1,Reader_1_1.csv
1295,2,2,0,Reader_1_10.csv
1295,0,0,0,Reader_1_11.csv
1295,0,0,0,Reader_1_12.csv
1295,7,7,0,Reader_1_2.csv
1295,4,2,2,Reader_1_3.csv
1295,1,1,0,Reader_1_4.csv
1295,6,5,1,Reader_1_5.csv
1295,1,1,0,Reader_1_6.csv
1295,0,0,0,Reader_1_7.csv
1295,2,1,1,Reader_1_8.csv
1295,2,1,1,Reader_1_9.csv
1295,0,0,0,Reader_2_1.csv
1295,0,0,0,Reader_2_10.csv
1295,14,10,4,Reader_2_11.csv
1295,0,0,0,Reader_2_12.csv
1295,1,1,0,Reader_2_2.csv
1295,1,1,0,Reader_2_3.csv
1295,0,0,0,Reader_2_4.csv
1295,0,0,0,Reader_2_5.csv
1295,0,0,0,Reader_2_6.csv
1295,0,0,0,Reader_2_7.csv
1295,1,1,0,Reader_2_8.csv
1295,1,1,0,Reader_2_9.csv
1295,86,71,15,reader_3_1.csv
1295,6,5,1,Reader_3_2.csv
1295,1,1,0,Reader_3_3.csv
1295,1,1,0,Reader_3_4.csv
1295,4,3,1,Reader_3_5.csv
1295,0,0,0,Reader_3_6.csv
1295,1,1,0,Reader_3_7.csv
1296,6,5,1,Reader_1_1.csv
1296,2,2,0,Reader_1_10.csv
1296,0,0,0,Reader_1_11.csv
1296,1,1,0,Reader_1_12.csv
1296,6,6,0,Reader_1_2.csv
1296,3,2,1,Reader_1_3.csv
1296,1,1,0,Reader_1_4.csv
1296,6,5,1,Reader_1_5.csv
1296,1,1,0,Reader_1_6.csv
1296,0,0,0,Reader_1_7.csv
1296,2,1,1,Reader_1_8.csv
1296,2,1,1,Reader_1_9.csv
1296,0,0,0,Reader_2_1.csv
1296,0,0,0,Reader_2_10.csv
1296,13,11,2,Reader_2_11.csv
1296,0,0,0,Reader_2_12.csv
1296,1,1,0,Reader_2_2.csv
1296,1,1,0,Reader_2_3.csv
1296,0,0,0,Reader_2_4.csv
1296,0,0,0,Reader_2_5.csv
1296,0,0,0,Reader_2_6.csv
1296,0,0,0,Reader_2_7.csv
1296,1,1,0,Reader_2_8.csv
1296,1,1,0,Reader_2_9.csv
1296,79,67,12,reader_3_1.csv
1296,7,6,1,Reader_3_2.csv
1296,2,2,0,Reader_3_3.csv
1296,2,2,0,Reader_3_4.csv
1296,3,2,1,Reader_3_5.csv
1296,1,1,0,Reader_3_6.csv
1296,1,1,0,Reader_3_7.csv
1297,10,8,2,Reader_1_1.csv
1297,3,3,0,Reader_1_10.csv
1297,0,0,0,Reader_1_11.csv
1297,1,1,0,Reader_1_12.csv
1297,7,7,0,Reader_1_2.csv
1297,2,1,1,Reader_1_3.csv
1297,1,1,0,Reader_1_4.csv
1297,6,5,1,Reader_1_5.csv
1297,1,1,0,Reader_1_6.csv
1297,0,0,0,Reader_1_7.csv
1297,2,1,1,Reader_1_8.csv
1297,2,1,1,Reader_1_9.csv
1297,0,0,0,Reader_2_1.csv
1297,0,0,0,Reader_2_10.csv
1297,14,12,2,Reader_2_11.csv
1297,0,0,0,Reader_2_12.csv
1297,1,1,0,Reader_2_2.csv
1297,1,1,0,Reader_2_3.csv
1297,0,0,0,Reader_2_4.csv
1297,0,0,0,Reader_2_5.csv
1297,0,0,0,Reader_2_6.csv
1297,0,0,0,Reader_2_7.csv
1297,1,1,0,Reader_2_8.csv
1297,0,0,0,Reader_2_9.csv
1297,69,59,10,reader_3_1.csv
1297,9,8,1,Reader_3_2.csv
1297,2,2,0,Reader_3_3.csv
1297,2,2,0,Reader_3_4.csv
1297,4,3,1,Reader_3_5.csv
1297,1,1,0,Reader_3_6.csv
1297,1,1,0,Reader_3_7.csv
1298,12,10,2,Reader_1_1.csv
1298,3,3,0,Reader_1_10.csv
1298,0,0,0,Reader_1_11.csv
1298,1,1,0,Reader_1_12.csv
1298,7,7,0,Reader_1_2.csv
1298,2,1,1,Reader_1_3.csv
1298,1,1,0,Reader_1_4.csv
1298,6,5,1,Reader_1_5.csv
1298,1,1,0,Reader_1_6.csv
1298,0,0,0,Reader_1_7.csv
1298,1,1,0,Reader_1_8.csv
1298,2,1,1,Reader_1_9.csv
1298,0,0,0,Reader_2_1.csv
1298,0,0,0,Reader_2_10.csv
1298,15,13,2,Reader_2_11.csv
1298,0,0,0,Reader_2_12.csv
1298,1,1,0,Reader_2_2.csv
1298,1,1,0,Reader_2_3.csv
1298,0,0,0,Reader_2_4.csv
1298,0,0,0,Reader_2_5.csv
1298,0,0,0,Reader_2_6.csv
1298,0,0,0,Reader_2_7.csv
1298,1,1,0,Reader_2_8.csv
1298,0,0,0,Reader_2_9.csv
1298,56,46,10,reader_3_1.csv
1298,10,9,1,Reader_3_2.csv
1298,1,1,0,Reader_3_3.csv
1298,1,1,0,Reader_3_4.csv
1298,2,2,0,Reader_3_5.csv
1298,1,1,0,Reader_3_6.csv
1298,1,1,0,Reader_3_7.csv
1299,14,12,2,Reader_1_1.csv
1299,3,3,0,Reader_1_10.csv
1299,0,0,0,Reader_1_11.csv
1299,1,1,0,Reader_1_12.csv
1299,5,5,0,Reader_1_2.csv
1299,2,1,1,Reader_1_3.csv
1299,0,0,0,Reader_1_4.csv
1299,5,4,1,Reader_1_5.csv
1299,2,2,0,Reader_1_6.csv
1299,0,0,0,Reader_1_7.csv
1299,1,1,0,Reader_1_8.csv
1299,2,1,1,Reader_1_9.csv
1299,0,0,0,Reader_2_1.csv
1299,0,0,0,Reader_2_10.csv
1299,16,14,2,Reader_2_11.csv
1299,0,0,0,Reader_2_12.csv
1299,1,1,0,Reader_2_2.csv
1299,1,1,0,Reader_2_3.csv
1299,0,0,0,Reader_2_4.csv
1299,0,0,0,Reader_2_5.csv
1299,0,0,0,Reader_2_6.csv
1299,0,0,0,Reader_2_7.csv
1299,1,1,0,Reader_2_8.csv
1299,0,0,0,Reader_2_9.csv
1299,51,42,9,reader_3_1.csv
1299,12,10,2,Reader_3_2.csv
1299,2,2,0,Reader_3_3.csv
1299,2,2,0,Reader_3_4.csv
1299,2,2,0,Reader_3_5.csv
1299,1,1,0,Reader_3_6.csv
1299,2,2,0,Reader_3_7.csv
1300,18,16,2,Reader_1_1.csv
1300,4,4,0,Reader_1_10.csv
1300,0,0,0,Reader_1_11.csv
1300,3,3,0,Reader_1_12.csv
1300,5,5,0,Reader_1_2.csv
1300,2,1,1,Reader_1_3.csv
1300,0,0,0,Reader_1_4.csv
1300,4,4,0,Reader_1_5.csv
1300,1,1,0,Reader_1_6.csv
1300,0,0,0,Reader_1_7.csv
1300,1,1,0,Reader_1_8.csv
1300,1,1,0,Reader_1_9.csv
1300,1,1,0,Reader_2_1.csv
1300,0,0,0,Reader_2_10.csv
1300,16,15,1,Reader_2_11.csv
1300,1,1,0,Reader_2_12.csv
1300,1,1,0,Reader_2_2.csv
1300,1,1,0,Reader_2_3.csv
1300,0,0,0,Reader_2_4.csv
1300,0,0,0,Reader_2_5.csv
1300,0,0,0,Reader_2_6.csv
1300,0,0,0,Reader_2_7.csv
1300,1,1,0,Reader_2_8.csv
1300,0,0,0,Reader_2_9.csv
1300,45,38,7,reader_3_1.csv
1300,17,15,2,Reader_3_2.csv
1300,2,2,0,Reader_3_3.csv
1300,2,2,0,Reader_3_4.csv
1300,2,1,1,Reader_3_5.csv
1300,1,1,0,Reader_3_6.csv
1300,4,4,0,Reader_3_7.csv
1301,18,16,2,Reader_1_1.csv
1301,4,4,0,Reader_1_10.csv
1301,0,0,0,Reader_1_11.csv
1301,3,3,0,Reader_1_12.csv
1301,6,6,0,Reader_1_2.csv
1301,2,1,1,Reader_1_3.csv
1301,0,0,0,Reader_1_4.csv
1301,3,3,0,Reader_1_5.csv
1301,1,1,0,Reader_1_6.csv
1301,0,0,0,Reader_1_7.csv
1301,0,0,0,Reader_1_8.csv
1301,1,1,0,Reader_1_9.csv
1301,2,1,1,Reader_2_1.csv
1301,0,0,0,Reader_2_10.csv
1301,18,16,2,Reader_2_11.csv
1301,1,1,0,Reader_2_12.csv
1301,2,2,0,Reader_2_2.csv
1301,1,1,0,Reader_2_3.csv
1301,0,0,0,Reader_2_4.csv
1301,0,0,0,Reader_2_5.csv
1301,0,0,0,Reader_2_6.csv
1301,0,0,0,Reader_2_7.csv
1301,1,1,0,Reader_2_8.csv
1301,0,0,0,Reader_2_9.csv
1301,39,34,5,reader_3_1.csv
1301,20,18,2,Reader_3_2.csv
1301,2,2,0,Reader_3_3.csv
1301,2,2,0,Reader_3_4.csv
1301,3,2,1,Reader_3_5.csv
1301,1,1,0,Reader_3_6.csv
1301,5,5,0,Reader_3_7.csv
1302,17,15,2,Reader_1_1.csv
1302,3,3,0,Reader_1_10.csv
1302,0,0,0,Reader_1_11.csv
1302,4,4,0,Reader_1_12.csv
1302,6,6,0,Reader_1_2.csv
1302,2,2,0,Reader_1_3.csv
1302,1,0,1,Reader_1_4.csv
1302,3,3,0,Reader_1_5.csv
1302,1,1,0,Reader_1_6.csv
1302,0,0,0,Reader_1_7.csv
1302,0,0,0,Reader_1_8.csv
1302,2,2,0,Reader_1_9.csv
1302,2,1,1,Reader_2_1.csv
1302,0,0,0,Reader_2_10.csv
1302,15,12,3,Reader_2_11.csv
1302,1,1,0,Reader_2_12.csv
1302,1,1,0,Reader_2_2.csv
1302,1,1,0,Reader_2_3.csv
1302,0,0,0,Reader_2_4.csv
1302,0,0,0,Reader_2_5.csv
1302,0,0,0,Reader_2_6.csv
1302,0,0,0,Reader_2_7.csv
1302,0,0,0,Reader_2_8.csv
1302,0,0,0,Reader_2_9.csv
1302,36,33,3,reader_3_1.csv
1302,23,22,1,Reader_3_2.csv
1302,2,2,0,Reader_3_3.csv
1302,2,2,0,Reader_3_4.csv
1302,4,3,1,Reader_3_5.csv
1302,1,1,0,Reader_3_6.csv
1302,4,4,0,Reader_3_7.csv
1303,17,14,3,Reader_1_1.csv
1303,2,2,0,Reader_1_10.csv
1303,0,0,0,Reader_1_11.csv
1303,4,4,0,Reader_1_12.csv
1303,6,6,0,Reader_1_2.csv
1303,1,1,0,Reader_1_3.csv
1303,1,0,1,Reader_1_4.csv
1303,2,2,0,Reader_1_5.csv
1303,2,1,1,Reader_1_6.csv
1303,0,0,0,Reader_1_7.csv
1303,0,0,0,Reader_1_8.csv
1303,2,2,0,Reader_1_9.csv
1303,2,1,1,Reader_2_1.csv
1303,0,0,0,Reader_2_10.csv
1303,12,10,2,Reader_2_11.csv
1303,2,2,0,Reader_2_12.csv
1303,1,1,0,Reader_2_2.csv
1303,1,1,0,Reader_2_3.csv
1303,0,0,0,Reader_2_4.csv
1303,0,0,0,Reader_2_5.csv
1303,0,0,0,Reader_2_6.csv
1303,0,0,0,Reader_2_7.csv
1303,0,0,0,Reader_2_8.csv
1303,0,0,0,Reader_2_9.csv
1303,32,30,2,reader_3_1.csv
1303,28,27,1,Reader_3_2.csv
1303,3,2,1,Reader_3_3.csv
1303,3,2,1,Reader_3_4.csv
1303,4,3,1,Reader_3_5.csv
1303,1,1,0,Reader_3_6.csv
1303,4,4,0,Reader_3_7.csv
1304,18,15,3,Reader_1_1.csv
1304,2,2,0,Reader_1_10.csv
1304,0,0,0,Reader_1_11.csv
1304,3,3,0,Reader_1_12.csv
1304,6,6,0,Reader_1_2.csv
1304,1,1,0,Reader_1_3.csv
1304,1,0,1,Reader_1_4.csv
1304,3,3,0,Reader_1_5.csv
1304,2,1,1,Reader_1_6.csv
1304,0,0,0,Reader_1_7.csv
1304,0,0,0,Reader_1_8.csv
1304,2,2,0,Reader_1_9.csv
1304,2,1,1,Reader_2_1.csv
1304,0,0,0,Reader_2_10.csv
1304,10,8,2,Reader_2_11.csv
1304,2,2,0,Reader_2_12.csv
1304,1,1,0,Reader_2_2.csv
1304,1,1,0,Reader_2_3.csv
1304,0,0,0,Reader_2_4.csv
1304,0,0,0,Reader_2_5.csv
1304,0,0,0,Reader_2_6.csv
1304,0,0,0,Reader_2_7.csv
1304,0,0,0,Reader_2_8.csv
1304,0,0,0,Reader_2_9.csv
1304,32,28,4,reader_3_1.csv
1304,31,30,1,Reader_3_2.csv
1304,3,1,2,Reader_3_3.csv
1304,3,1,2,Reader_3_4.csv
1304,6,5,1,Reader_3_5.csv
1304,0,0,0,Reader_3_6.csv
1304,4,4,0,Reader_3_7.csv
1305,16,14,2,Reader_1_1.csv
1305,1,1,0,Reader_1_10.csv
1305,0,0,0,Reader_1_11.csv
1305,3,3,0,Reader_1_12.csv
1305,5,5,0,Reader_1_2.csv
1305,1,1,0,Reader_1_3.csv
1305,1,0,1,Reader_1_4.csv
1305,6,6,0,Reader_1_5.csv
1305,2,1,1,Reader_1_6.csv
1305,0,0,0,Reader_1_7.csv
1305,0,0,0,Reader_1_8.csv
1305,2,2,0,Reader_1_9.csv
1305,2,1,1,Reader_2_1.csv
1305,0,0,0,Reader_2_10.csv
1305,8,6,2,Reader_2_11.csv
1305,2,2,0,Reader_2_12.csv
1305,1,1,0,Reader_2_2.csv
1305,1,1,0,Reader_2_3.csv
1305,0,0,0,Reader_2_4.csv
1305,0,0,0,Reader_2_5.csv
1305,0,0,0,Reader_2_6.csv
1305,0,0,0,Reader_2_7.csv
1305,1,1,0,Reader_2_8.csv
1305,0,0,0,Reader_2_9.csv
1305,30,26,4,reader_3_1.csv
1305,33,32,1,Reader_3_2.csv
1305,4,2,2,Reader_3_3.csv
1305,4,2,2,Reader_3_4.csv
1305,5,4,1,Reader_3_5.csv
1305,0,0,0,Reader_3_6.csv
1305,5,5,0,Reader_3_7.csv
1306,15,13,2,Reader_1_1.csv
1306,1,1,0,Reader_1_10.csv
1306,0,0,0,Reader_1_11.csv
1306,3,3,0,Reader_1_12.csv
1306,4,4,0,Reader_1_2.csv
1306,1,1,0,Reader_1_3.csv
1306,1,0,1,Reader_1_4.csv
1306,6,6,0,Reader_1_5.csv
1306,2,1,1,Reader_1_6.csv
1306,0,0,0,Reader_1_7.csv
1306,0,0,0,Reader_1_8.csv
1306,2,2,0,Reader_1_9.csv
1306,2,1,1,Reader_2_1.csv
1306,0,0,0,Reader_2_10.csv
1306,7,5,2,Reader_2_11.csv
1306,2,2,0,Reader_2_12.csv
1306,1,1,0,Reader_2_2.csv
1306,1,1,0,Reader_2_3.csv
1306,0,0,0,Reader_2_4.csv
1306,0,0,0,Reader_2_5.csv
1306,0,0,0,Reader_2_6.csv
1306,0,0,0,Reader_2_7.csv
1306,1,1,0,Reader_2_8.csv
1306,0,0,0,Reader_2_9.csv
1306,29,25,4,reader_3_1.csv
1306,40,39,1,Reader_3_2.csv
1306,5,3,2,Reader_3_3.csv
1306,5,3,2,Reader_3_4.csv
1306,5,4,1,Reader_3_5.csv
1306,0,0,0,Reader_3_6.csv
1306,7,7,0,Reader_3_7.csv
1307,13,11,2,Reader_1_1.csv
1307,1,1,0,Reader_1_10.csv
1307,0,0,0,Reader_1_11.csv
1307,3,3,0,Reader_1_12.csv
1307,3,3,0,Reader_1_2.csv
1307,1,1,0,Reader_1_3.csv
1307,1,0,1,Reader_1_4.csv
1307,6,6,0,Reader_1_5.csv
1307,1,0,1,Reader_1_6.csv
1307,0,0,0,Reader_1_7.csv
1307,0,0,0,Reader_1_8.csv
1307,2,2,0,Reader_1_9.csv
1307,2,1,1,Reader_2_1.csv
1307,0,0,0,Reader_2_10.csv
1307,6,4,2,Reader_2_11.csv
1307,2,2,0,Reader_2_12.csv
1307,1,1,0,Reader_2_2.csv
1307,0,0,0,Reader_2_3.csv
1307,0,0,0,Reader_2_4.csv
1307,0,0,0,Reader_2_5.csv
1307,0,0,0,Reader_2_6.csv
1307,0,0,0,Reader_2_7.csv
1307,1,1,0,Reader_2_8.csv
1307,1,1,0,Reader_2_9.csv
1307,33,27,6,reader_3_1.csv
1307,41,41,0,Reader_3_2.csv
1307,5,3,2,Reader_3_3.csv
1307,5,3,2,Reader_3_4.csv
1307,5,4,1,Reader_3_5.csv
1307,0,0,0,Reader_3_6.csv
1307,7,7,0,Reader_3_7.csv
1308,10,8,2,Reader_1_1.csv
1308,1,0,1,Reader_1_10.csv
1308,0,0,0,Reader_1_11.csv
1308,1,1,0,Reader_1_12.csv
1308,2,2,0,Reader_1_2.csv
1308,1,1,0,Reader_1_3.csv
1308,1,0,1,Reader_1_4.csv
1308,6,6,0,Reader_1_5.csv
1308,1,0,1,Reader_1_6.csv
1308,0,0,0,Reader_1_7.csv
1308,0,0,0,Reader_1_8.csv
1308,2,2,0,Reader_1_9.csv
1308,1,0,1,Reader_2_1.csv
1308,0,0,0,Reader_2_10.csv
1308,6,4,2,Reader_2_11.csv
1308,1,1,0,Reader_2_12.csv
1308,1,1,0,Reader_2_2.csv
1308,0,0,0,Reader_2_3.csv
1308,0,0,0,Reader_2_4.csv
1308,0,0,0,Reader_2_5.csv
1308,0,0,0,Reader_2_6.csv
1308,0,0,0,Reader_2_7.csv
1308,1,1,0,Reader_2_8.csv
1308,1,1,0,Reader_2_9.csv
1308,27,21,6,reader_3_1.csv
1308,47,46,1,Reader_3_2.csv
1308,5,3,2,Reader_3_3.csv
1308,5,3,2,Reader_3_4.csv
1308,4,4,0,Reader_3_5.csv
1308,0,0,0,Reader_3_6.csv
1308,6,6,0,Reader_3_7.csv
1309,12,10,2,Reader_1_1.csv
1309,1,0,1,Reader_1_10.csv
1309,1,1,0,Reader_1_11.csv
1309,1,1,0,Reader_1_12.csv
1309,1,1,0,Reader_1_2.csv
1309,1,1,0,Reader_1_3.csv
1309,1,0,1,Reader_1_4.csv
1309,10,10,0,Reader_1_5.csv
1309,1,0,1,Reader_1_6.csv
1309,0,0,0,Reader_1_7.csv
1309,1,1,0,Reader_1_8.csv
1309,1,1,0,Reader_1_9.csv
1309,0,0,0,Reader_2_1.csv
1309,0,0,0,Reader_2_10.csv
1309,4,3,1,Reader_2_11.csv
1309,1,1,0,Reader_2_12.csv
1309,0,0,0,Reader_2_2.csv
1309,0,0,0,Reader_2_3.csv
1309,0,0,0,Reader_2_4.csv
1309,0,0,0,Reader_2_5.csv
1309,0,0,0,Reader_2_6.csv
1309,0,0,0,Reader_2_7.csv
1309,1,1,0,Reader_2_8.csv
1309,2,2,0,Reader_2_9.csv
1309,24,19,5,reader_3_1.csv
1309,46,45,1,Reader_3_2.csv
1309,5,3,2,Reader_3_3.csv
1309,5,3,2,Reader_3_4.csv
1309,3,3,0,Reader_3_5.csv
1309,1,1,0,Reader_3_6.csv
1309,5,5,0,Reader_3_7.csv
1310,11,10,1,Reader_1_1.csv
1310,1,0,1,Reader_1_10.csv
1310,1,1,0,Reader_1_11.csv
1310,0,0,0,Reader_1_12.csv
1310,0,0,0,Reader_1_2.csv
1310,0,0,0,Reader_1_3.csv
1310,0,0,0,Reader_1_4.csv
1310,12,12,0,Reader_1_5.csv
1310,1,0,1,Reader_1_6.csv
1310,0,0,0,Reader_1_7.csv
1310,1,1,0,Reader_1_8.csv
1310,1,1,0,Reader_1_9.csv
1310,0,0,0,Reader_2_1.csv
1310,0,0,0,Reader_2_10.csv
1310,3,3,0,Reader_2_11.csv
1310,1,1,0,Reader_2_12.csv
1310,0,0,0,Reader_2_2.csv
1310,0,0,0,Reader_2_3.csv
1310,1,1,0,Reader_2_4.csv
1310,1,1,0,Reader_2_5.csv
1310,0,0,0,Reader_2_6.csv
1310,0,0,0,Reader_2_7.csv
1310,1,1,0,Reader_2_8.csv
1310,2,2,0,Reader_2_9.csv
1310,23,17,6,reader_3_1.csv
1310,41,40,1,Reader_3_2.csv
1310,5,3,2,Reader_3_3.csv
1310,5,3,2,Reader_3_4.csv
1310,4,3,1,Reader_3_5.csv
1310,1,1,0,Reader_3_6.csv
1310,5,5,0,Reader_3_7.csv
1311,10,10,0,Reader_1_1.csv
1311,1,0,1,Reader_1_10.csv
1311,2,2,0,Reader_1_11.csv
1311,0,0,0,Reader_1_12.csv
1311,1,1,0,Reader_1_2.csv
1311,0,0,0,Reader_1_3.csv
1311,0,0,0,Reader_1_4.csv
1311,11,11,0,Reader_1_5.csv
1311,0,0,0,Reader_1_6.csv
1311,0,0,0,Reader_1_7.csv
1311,1,1,0,Reader_1_8.csv
1311,1,1,0,Reader_1_9.csv
1311,0,0,0,Reader_2_1.csv
1311,0,0,0,Reader_2_10.csv
1311,3,3,0,Reader_2_11.csv
1311,0,0,0,Reader_2_12.csv
1311,0,0,0,Reader_2_2.csv
1311,0,0,0,Reader_2_3.csv
1311,1,1,0,Reader_2_4.csv
1311,1,1,0,Reader_2_5.csv
1311,0,0,0,Reader_2_6.csv
1311,0,0,0,Reader_2_7.csv
1311,1,1,0,Reader_2_8.csv
1311,3,3,0,Reader_2_9.csv
1311,22,15,7,reader_3_1.csv
1311,38,37,1,Reader_3_2.csv
1311,5,4,1,Reader_3_3.csv
1311,5,4,1,Reader_3_4.csv
1311,5,4,1,Reader_3_5.csv
1311,1,1,0,Reader_3_6.csv
1311,6,6,0,Reader_3_7.csv
1312,8,8,0,Reader_1_1.csv
1312,1,0,1,Reader_1_10.csv
1312,2,2,0,Reader_1_11.csv
1312,0,0,0,Reader_1_12.csv
1312,1,1,0,Reader_1_2.csv
1312,0,0,0,Reader_1_3.csv
1312,1,1,0,Reader_1_4.csv
1312,11,10,1,Reader_1_5.csv
1312,0,0,0,Reader_1_6.csv
1312,0,0,0,Reader_1_7.csv
1312,1,1,0,Reader_1_8.csv
1312,1,1,0,Reader_1_9.csv
1312,0,0,0,Reader_2_1.csv
1312,0,0,0,Reader_2_10.csv
1312,4,4,0,Reader_2_11.csv
1312,1,1,0,Reader_2_12.csv
1312,1,1,0,Reader_2_2.csv
1312,0,0,0,Reader_2_3.csv
1312,1,1,0,Reader_2_4.csv
1312,1,1,0,Reader_2_5.csv
1312,0,0,0,Reader_2_6.csv
1312,0,0,0,Reader_2_7.csv
1312,1,1,0,Reader_2_8.csv
1312,4,4,0,Reader_2_9.csv
1312,21,15,6,reader_3_1.csv
1312,37,36,1,Reader_3_2.csv
1312,6,5,1,Reader_3_3.csv
1312,6,5,1,Reader_3_4.csv
1312,3,2,1,Reader_3_5.csv
1312,1,1,0,Reader_3_6.csv
1312,7,6,1,Reader_3_7.csv
1313,6,6,0,Reader_1_1.csv
1313,1,0,1,Reader_1_10.csv
1313,2,2,0,Reader_1_11.csv
1313,0,0,0,Reader_1_12.csv
1313,2,2,0,Reader_1_2.csv
1313,0,0,0,Reader_1_3.csv
1313,1,1,0,Reader_1_4.csv
1313,9,8,1,Reader_1_5.csv
1313,0,0,0,Reader_1_6.csv
1313,0,0,0,Reader_1_7.csv
1313,1,1,0,Reader_1_8.csv
1313,1,1,0,Reader_1_9.csv
1313,0,0,0,Reader_2_1.csv
1313,0,0,0,Reader_2_10.csv
1313,5,5,0,Reader_2_11.csv
1313,1,1,0,Reader_2_12.csv
1313,1,1,0,Reader_2_2.csv
1313,0,0,0,Reader_2_3.csv
1313,1,1,0,Reader_2_4.csv
1313,1,1,0,Reader_2_5.csv
1313,0,0,0,Reader_2_6.csv
1313,0,0,0,Reader_2_7.csv
1313,0,0,0,Reader_2_8.csv
1313,4,4,0,Reader_2_9.csv
1313,19,13,6,reader_3_1.csv
1313,34,33,1,Reader_3_2.csv
1313,5,4,1,Reader_3_3.csv
1313,5,4,1,Reader_3_4.csv
1313,4,3,1,Reader_3_5.csv
1313,1,1,0,Reader_3_6.csv
1313,6,5,1,Reader_3_7.csv
1314,5,5,0,Reader_1_1.csv
1314,1,0,1,Reader_1_10.csv
1314,2,2,0,Reader_1_11.csv
1314,0,0,0,Reader_1_12.csv
1314,2,2,0,Reader_1_2.csv
1314,0,0,0,Reader_1_3.csv
1314,1,1,0,Reader_1_4.csv
1314,10,9,1,Reader_1_5.csv
1314,0,0,0,Reader_1_6.csv
1314,0,0,0,Reader_1_7.csv
1314,1,1,0,Reader_1_8.csv
1314,1,1,0,Reader_1_9.csv
1314,0,0,0,Reader_2_1.csv
1314,0,0,0,Reader_2_10.csv
1314,7,6,1,Reader_2_11.csv
1314,1,1,0,Reader_2_12.csv
1314,1,1,0,Reader_2_2.csv
1314,0,0,0,Reader_2_3.csv
1314,2,2,0,Reader_2_4.csv
1314,2,1,1,Reader_2_5.csv
1314,0,0,0,Reader_2_6.csv
1314,0,0,0,Reader_2_7.csv
1314,0,0,0,Reader_2_8.csv
1314,5,4,1,Reader_2_9.csv
1314,19,13,6,reader_3_1.csv
1314,29,27,2,Reader_3_2.csv
1314,5,4,1,Reader_3_3.csv
1314,5,4,1,Reader_3_4.csv
1314,5,4,1,Reader_3_5.csv
1314,1,1,0,Reader_3_6.csv
1314,5,4,1,Reader_3_7.csv
1315,4,4,0,Reader_1_1.csv
1315,1,0,1,Reader_1_10.csv
1315,2,2,0,Reader_1_11.csv
1315,0,0,0,Reader_1_12.csv
1315,2,2,0,Reader_1_2.csv
1315,0,0,0,Reader_1_3.csv
1315,2,1,1,Reader_1_4.csv
1315,11,10,1,Reader_1_5.csv
1315,0,0,0,Reader_1_6.csv
1315,0,0,0,Reader_1_7.csv
1315,1,1,0,Reader_1_8.csv
1315,1,1,0,Reader_1_9.csv
1315,0,0,0,Reader_2_1.csv
1315,0,0,0,Reader_2_10.csv
1315,6,5,1,Reader_2_11.csv
1315,1,1,0,Reader_2_12.csv
1315,1,1,0,Reader_2_2.csv
1315,0,0,0,Reader_2_3.csv
1315,2,2,0,Reader_2_4.csv
1315,3,2,1,Reader_2_5.csv
1315,0,0,0,Reader_2_6.csv
1315,0,0,0,Reader_2_7.csv
1315,0,0,0,Reader_2_8.csv
1315,4,3,1,Reader_2_9.csv
1315,13,9,4,reader_3_1.csv
1315,28,26,2,Reader_3_2.csv
1315,6,5,1,Reader_3_3.csv
1315,6,5,1,Reader_3_4.csv
1315,6,4,2,Reader_3_5.csv
1315,1,1,0,Reader_3_6.csv
1315,5,4,1,Reader_3_7.csv
1316,5,5,0,Reader_1_1.csv
1316,0,0,0,Reader_1_10.csv
1316,2,2,0,Reader_1_11.csv
1316,0,0,0,Reader_1_12.csv
1316,2,2,0,Reader_1_2.csv
1316,0,0,0,Reader_1_3.csv
1316,2,1,1,Reader_1_4.csv
1316,11,10,1,Reader_1_5.csv
1316,0,0,0,Reader_1_6.csv
1316,1,1,0,Reader_1_7.csv
1316,1,1,0,Reader_1_8.csv
1316,1,1,0,Reader_1_9.csv
1316,0,0,0,Reader_2_1.csv
1316,0,0,0,Reader_2_10.csv
1316,4,3,1,Reader_2_11.csv
1316,3,3,0,Reader_2_12.csv
1316,1,1,0,Reader_2_2.csv
1316,1,0,1,Reader_2_3.csv
1316,2,2,0,Reader_2_4.csv
1316,3,2,1,Reader_2_5.csv
1316,0,0,0,Reader_2_6.csv
1316,0,0,0,Reader_2_7.csv
1316,0,0,0,Reader_2_8.csv
1316,4,3,1,Reader_2_9.csv
1316,14,11,3,reader_3_1.csv
1316,18,17,1,Reader_3_2.csv
1316,6,5,1,Reader_3_3.csv
1316,6,5,1,Reader_3_4.csv
1316,6,4,2,Reader_3_5.csv
1316,1,1,0,Reader_3_6.csv
1316,5,4,1,Reader_3_7.csv
1317,4,4,0,Reader_1_1.csv
1317,0,0,0,Reader_1_10.csv
1317,1,1,0,Reader_1_11.csv
1317,1,1,0,Reader_1_12.csv
1317,2,2,0,Reader_1_2.csv
1317,0,0,0,Reader_1_3.csv
1317,2,1,1,Reader_1_4.csv
1317,7,6,1,Reader_1_5.csv
1317,0,0,0,Reader_1_6.csv
1317,1,1,0,Reader_1_7.csv
1317,0,0,0,Reader_1_8.csv
1317,3,3,0,Reader_1_9.csv
1317,0,0,0,Reader_2_1.csv
1317,0,0,0,Reader_2_10.csv
1317,5,4,1,Reader_2_11.csv
1317,5,4,1,Reader_2_12.csv
1317,2,2,0,Reader_2_2.csv
1317,1,0,1,Reader_2_3.csv
1317,2,2,0,Reader_2_4.csv
1317,3,2,1,Reader_2_5.csv
1317,0,0,0,Reader_2_6.csv
1317,0,0,0,Reader_2_7.csv
1317,0,0,0,Reader_2_8.csv
1317,3,2,1,Reader_2_9.csv
1317,14,10,4,reader_3_1.csv
1317,17,16,1,Reader_3_2.csv
1317,7,6,1,Reader_3_3.csv
1317,7,6,1,Reader_3_4.csv
1317,6,4,2,Reader_3_5.csv
1317,0,0,0,Reader_3_6.csv
1317,7,6,1,Reader_3_7.csv
1318,5,5,0,Reader_1_1.csv
1318,0,0,0,Reader_1_10.csv
1318,1,1,0,Reader_1_11.csv
1318,1,1,0,Reader_1_12.csv
1318,2,2,0,Reader_1_2.csv
1318,0,0,0,Reader_1_3.csv
1318,2,1,1,Reader_1_4.csv
1318,6,4,2,Reader_1_5.csv
1318,0,0,0,Reader_1_6.csv
1318,1,1,0,Reader_1_7.csv
1318,0,0,0,Reader_1_8.csv
1318,2,2,0,Reader_1_9.csv
1318,0,0,0,Reader_2_1.csv
1318,0,0,0,Reader_2_10.csv
1318,5,4,1,Reader_2_11.csv
1318,7,6,1,Reader_2_12.csv
1318,2,2,0,Reader_2_2.csv
1318,1,0,1,Reader_2_3.csv
1318,1,1,0,Reader_2_4.csv
1318,2,1,1,Reader_2_5.csv
1318,0,0,0,Reader_2_6.csv
1318,0,0,0,Reader_2_7.csv
1318,0,0,0,Reader_2_8.csv
1318,3,2,1,Reader_2_9.csv
1318,14,11,3,reader_3_1.csv
1318,18,17,1,Reader_3_2.csv
1318,7,6,1,Reader_3_3.csv
1318,7,6,1,Reader_3_4.csv
1318,5,3,2,Reader_3_5.csv
1318,0,0,0,Reader_3_6.csv
1318,7,6,1,Reader_3_7.csv
1319,5,5,0,Reader_1_1.csv
1319,0,0,0,Reader_1_10.csv
1319,0,0,0,Reader_1_11.csv
1319,1,1,0,Reader_1_12.csv
1319,2,2,0,Reader_1_2.csv
1319,0,0,0,Reader_1_3.csv
1319,2,1,1,Reader_1_4.csv
1319,7,4,3,Reader_1_5.csv
1319,0,0,0,Reader_1_6.csv
1319,1,1,0,Reader_1_7.csv
1319,0,0,0,Reader_1_8.csv
1319,2,2,0,Reader_1_9.csv
1319,0,0,0,Reader_2_1.csv
1319,0,0,0,Reader_2_10.csv
1319,5,4,1,Reader_2_11.csv
1319,8,6,2,Reader_2_12.csv
1319,2,2,0,Reader_2_2.csv
1319,1,0,1,Reader_2_3.csv
1319,2,2,0,Reader_2_4.csv
1319,4,3,1,Reader_2_5.csv
1319,0,0,0,Reader_2_6.csv
1319,0,0,0,Reader_2_7.csv
1319,0,0,0,Reader_2_8.csv
1319,2,1,1,Reader_2_9.csv
1319,12,10,2,reader_3_1.csv
1319,20,18,2,Reader_3_2.csv
1319,6,5,1,Reader_3_3.csv
1319,6,5,1,Reader_3_4.csv
1319,7,3,4,Reader_3_5.csv
1319,1,0,1,Reader_3_6.csv
1319,6,5,1,Reader_3_7.csv
1320,5,5,0,Reader_1_1.csv
1320,0,0,0,Reader_1_10.csv
1320,2,2,0,Reader_1_11.csv
1320,1,1,0,Reader_1_12.csv
1320,2,2,0,Reader_1_2.csv
1320,0,0,0,Reader_1_3.csv
1320,1,0,1,Reader_1_4.csv
1320,6,4,2,Reader_1_5.csv
1320,0,0,0,Reader_1_6.csv
1320,1,1,0,Reader_1_7.csv
1320,0,0,0,Reader_1_8.csv
1320,2,2,0,Reader_1_9.csv
1320,0,0,0,Reader_2_1.csv
1320,0,0,0,Reader_2_10.csv
1320,4,3,1,Reader_2_11.csv
1320,9,6,3,Reader_2_12.csv
1320,1,1,0,Reader_2_2.csv
1320,1,0,1,Reader_2_3.csv
1320,2,2,0,Reader_2_4.csv
1320,4,3,1,Reader_2_5.csv
1320,0,0,0,Reader_2_6.csv
1320,0,0,0,Reader_2_7.csv
1320,0,0,0,Reader_2_8.csv
1320,1,0,1,Reader_2_9.csv
1320,9,8,1,reader_3_1.csv
1320,18,16,2,Reader_3_2.csv
1320,4,4,0,Reader_3_3.csv
1320,4,4,0,Reader_3_4.csv
1320,8,4,4,Reader_3_5.csv
1320,1,0,1,Reader_3_6.csv
1320,5,5,0,Reader_3_7.csv
1321,5,5,0,Reader_1_1.csv
1321,0,0,0,Reader_1_10.csv
1321,2,2,0,Reader_1_11.csv
1321,1,1,0,Reader_1_12.csv
1321,1,1,0,Reader_1_2.csv
1321,0,0,0,Reader_1_3.csv
1321,1,0,1,Reader_1_4.csv
1321,7,5,2,Reader_1_5.csv
1321,0,0,0,Reader_1_6.csv
1321,1,1,0,Reader_1_7.csv
1321,0,0,0,Reader_1_8.csv
1321,2,2,0,Reader_1_9.csv
1321,0,0,0,Reader_2_1.csv
1321,0,0,0,Reader_2_10.csv
1321,3,2,1,Reader_2_11.csv
1321,10,7,3,Reader_2_12.csv
1321,1,1,0,Reader_2_2.csv
1321,2,0,2,Reader_2_3.csv
1321,2,2,0,Reader_2_4.csv
1321,4,3,1,Reader_2_5.csv
1321,0,0,0,Reader_2_6.csv
1321,0,0,0,Reader_2_7.csv
1321,0,0,0,Reader_2_8.csv
1321,1,0,1,Reader_2_9.csv
1321,9,8,1,reader_3_1.csv
1321,20,17,3,Reader_3_2.csv
1321,4,4,0,Reader_3_3.csv
1321,4,4,0,Reader_3_4.csv
1321,7,3,4,Reader_3_5.csv
1321,1,0,1,Reader_3_6.csv
1321,7,7,0,Reader_3_7.csv
1322,4,4,0,Reader_1_1.csv
1322,0,0,0,Reader_1_10.csv
1322,2,2,0,Reader_1_11.csv
1322,1,1,0,Reader_1_12.csv
1322,1,1,0,Reader_1_2.csv
1322,0,0,0,Reader_1_3.csv
1322,1,0,1,Reader_1_4.csv
1322,6,4,2,Reader_1_5.csv
1322,0,0,0,Reader_1_6.csv
1322,1,1,0,Reader_1_7.csv
1322,0,0,0,Reader_1_8.csv
1322,2,2,0,Reader_1_9.csv
1322,0,0,0,Reader_2_1.csv
1322,0,0,0,Reader_2_10.csv
1322,1,1,0,Reader_2_11.csv
1322,10,7,3,Reader_2_12.csv
1322,1,1,0,Reader_2_2.csv
1322,2,0,2,Reader_2_3.csv
1322,2,2,0,Reader_2_4.csv
1322,3,3,0,Reader_2_5.csv
1322,0,0,0,Reader_2_6.csv
1322,0,0,0,Reader_2_7.csv
1322,0,0,0,Reader_2_8.csv
1322,0,0,0,Reader_2_9.csv
1322,10,9,1,reader_3_1.csv
1322,18,16,2,Reader_3_2.csv
1322,6,6,0,Reader_3_3.csv
1322,6,6,0,Reader_3_4.csv
1322,7,3,4,Reader_3_5.csv
1322,1,0,1,Reader_3_6.csv
1322,6,6,0,Reader_3_7.csv
1323,4,4,0,Reader_1_1.csv
1323,0,0,0,Reader_1_10.csv
1323,2,2,0,Reader_1_11.csv
1323,1,1,0,Reader_1_12.csv
1323,1,1,0,Reader_1_2.csv
1323,0,0,0,Reader_1_3.csv
1323,0,0,0,Reader_1_4.csv
1323,5,3,2,Reader_1_5.csv
1323,0,0,0,Reader_1_6.csv
1323,1,1,0,Reader_1_7.csv
1323,0,0,0,Reader_1_8.csv
1323,2,2,0,Reader_1_9.csv
1323,0,0,0,Reader_2_1.csv
1323,0,0,0,Reader_2_10.csv
1323,1,1,0,Reader_2_11.csv
1323,10,7,3,Reader_2_12.csv
1323,1,1,0,Reader_2_2.csv
1323,4,0,4,Reader_2_3.csv
1323,2,2,0,Reader_2_4.csv
1323,2,2,0,Reader_2_5.csv
1323,0,0,0,Reader_2_6.csv
1323,0,0,0,Reader_2_7.csv
1323,0,0,0,Reader_2_8.csv
1323,0,0,0,Reader_2_9.csv
1323,10,8,2,reader_3_1.csv
1323,17,15,2,Reader_3_2.csv
1323,5,4,1,Reader_3_3.csv
1323,5,4,1,Reader_3_4.csv
1323,6,3,3,Reader_3_5.csv
1323,1,0,1,Reader_3_6.csv
1323,5,5,0,Reader_3_7.csv
1324,3,2,1,Reader_1_1.csv
1324,0,0,0,Reader_1_10.csv
1324,4,3,1,Reader_1_11.csv
1324,1,1,0,Reader_1_12.csv
1324,1,1,0,Reader_1_2.csv
1324,0,0,0,Reader_1_3.csv
1324,0,0,0,Reader_1_4.csv
1324,5,3,2,Reader_1_5.csv
1324,0,0,0,Reader_1_6.csv
1324,0,0,0,Reader_1_7.csv
1324,0,0,0,Reader_1_8.csv
1324,2,2,0,Reader_1_9.csv
1324,0,0,0,Reader_2_1.csv
1324,0,0,0,Reader_2_10.csv
1324,1,1,0,Reader_2_11.csv
1324,10,5,5,Reader_2_12.csv
1324,1,1,0,Reader_2_2.csv
1324,3,0,3,Reader_2_3.csv
1324,2,2,0,Reader_2_4.csv
1324,3,3,0,Reader_2_5.csv
1324,0,0,0,Reader_2_6.csv
1324,0,0,0,Reader_2_7.csv
1324,0,0,0,Reader_2_8.csv
1324,0,0,0,Reader_2_9.csv
1324,10,8,2,reader_3_1.csv
1324,19,16,3,Reader_3_2.csv
1324,5,4,1,Reader_3_3.csv
1324,5,4,1,Reader_3_4.csv
1324,6,3,3,Reader_3_5.csv
1324,1,0,1,Reader_3_6.csv
1324,4,4,0,Reader_3_7.csv
1325,3,2,1,Reader_1_1.csv
1325,0,0,0,Reader_1_10.csv
1325,4,3,1,Reader_1_11.csv
1325,0,0,0,Reader_1_12.csv
1325,1,1,0,Reader_1_2.csv
1325,0,0,0,Reader_1_3.csv
1325,0,0,0,Reader_1_4.csv
1325,5,3,2,Reader_1_5.csv
1325,0,0,0,Reader_1_6.csv
1325,0,0,0,Reader_1_7.csv
1325,0,0,0,Reader_1_8.csv
1325,0,0,0,Reader_1_9.csv
1325,0,0,0,Reader_2_1.csv
1325,0,0,0,Reader_2_10.csv
1325,0,0,0,Reader_2_11.csv
1325,9,5,4,Reader_2_12.csv
1325,0,0,0,Reader_2_2.csv
1325,4,1,3,Reader_2_3.csv
1325,4,3,1,Reader_2_4.csv
1325,3,3,0,Reader_2_5.csv
1325,0,0,0,Reader_2_6.csv
1325,0,0,0,Reader_2_7.csv
1325,0,0,0,Reader_2_8.csv
1325,0,0,0,Reader_2_9.csv
1325,10,9,1,reader_3_1.csv
1325,20,16,4,Reader_3_2.csv
1325,4,3,1,Reader_3_3.csv
1325,4,3,1,Reader_3_4.csv
1325,6,3,3,Reader_3_5.csv
1325,1,0,1,Reader_3_6.csv
1325,2,2,0,Reader_3_7.csv
1326,2,1,1,Reader_1_1.csv
1326,0,0,0,Reader_1_10.csv
1326,5,4,1,Reader_1_11.csv
1326,0,0,0,Reader_1_12.csv
1326,1,1,0,Reader_1_2.csv
1326,1,0,1,Reader_1_3.csv
1326,1,1,0,Reader_1_4.csv
1326,4,3,1,Reader_1_5.csv
1326,0,0,0,Reader_1_6.csv
1326,0,0,0,Reader_1_7.csv
1326,2,1,1,Reader_1_8.csv
1326,0,0,0,Reader_1_9.csv
1326,0,0,0,Reader_2_1.csv
1326,0,0,0,Reader_2_10.csv
1326,0,0,0,Reader_2_11.csv
1326,7,3,4,Reader_2_12.csv
1326,0,0,0,Reader_2_2.csv
1326,6,2,4,Reader_2_3.csv
1326,4,3,1,Reader_2_4.csv
1326,3,3,0,Reader_2_5.csv
1326,0,0,0,Reader_2_6.csv
1326,0,0,0,Reader_2_7.csv
1326,0,0,0,Reader_2_8.csv
1326,0,0,0,Reader_2_9.csv
1326,10,9,1,reader_3_1.csv
1326,21,17,4,Reader_3_2.csv
1326,4,3,1,Reader_3_3.csv
1326,4,3,1,Reader_3_4.csv
1326,5,3,2,Reader_3_5.csv
1326,1,0,1,Reader_3_6.csv
1326,2,2,0,Reader_3_7.csv
1327,3,2,1,Reader_1_1.csv
1327,0,0,0,Reader_1_10.csv
1327,5,4,1,Reader_1_11.csv
1327,0,0,0,Reader_1_12.csv
1327,0,0,0,Reader_1_2.csv
1327,2,1,1,Reader_1_3.csv
1327,1,1,0,Reader_1_4.csv
1327,5,5,0,Reader_1_5.csv
1327,1,1,0,Reader_1_6.csv
1327,0,0,0,Reader_1_7.csv
1327,2,1,1,Reader_1_8.csv
1327,0,0,0,Reader_1_9.csv
1327,0,0,0,Reader_2_1.csv
1327,0,0,0,Reader_2_10.csv
1327,0,0,0,Reader_2_11.csv
1327,6,3,3,Reader_2_12.csv
1327,1,0,1,Reader_2_2.csv
1327,6,2,4,Reader_2_3.csv
1327,4,3,1,Reader_2_4.csv
1327,1,1,0,Reader_2_5.csv
1327,0,0,0,Reader_2_6.csv
1327,0,0,0,Reader_2_7.csv
1327,0,0,0,Reader_2_8.csv
1327,0,0,0,Reader_2_9.csv
1327,11,10,1,reader_3_1.csv
1327,24,21,3,Reader_3_2.csv
1327,4,3,1,Reader_3_3.csv
1327,4,3,1,Reader_3_4.csv
1327,2,2,0,Reader_3_5.csv
1327,0,0,0,Reader_3_6.csv
1327,2,2,0,Reader_3_7.csv
1328,3,2,1,Reader_1_1.csv
1328,0,0,0,Reader_1_10.csv
1328,3,2,1,Reader_1_11.csv
1328,0,0,0,Reader_1_12.csv
1328,1,1,0,Reader_1_2.csv
1328,3,2,1,Reader_1_3.csv
1328,1,1,0,Reader_1_4.csv
1328,6,6,0,Reader_1_5.csv
1328,1,1,0,Reader_1_6.csv
1328,1,1,0,Reader_1_7.csv
1328,2,1,1,Reader_1_8.csv
1328,0,0,0,Reader_1_9.csv
1328,0,0,0,Reader_2_1.csv
1328,0,0,0,Reader_2_10.csv
1328,1,0,1,Reader_2_11.csv
1328,4,2,2,Reader_2_12.csv
1328,1,0,1,Reader_2_2.csv
1328,7,3,4,Reader_2_3.csv
1328,5,4,1,Reader_2_4.csv
1328,1,1,0,Reader_2_5.csv
1328,0,0,0,Reader_2_6.csv
1328,0,0,0,Reader_2_7.csv
1328,0,0,0,Reader_2_8.csv
1328,0,0,0,Reader_2_9.csv
1328,12,11,1,reader_3_1.csv
1328,31,27,4,Reader_3_2.csv
1328,6,5,1,Reader_3_3.csv
1328,6,5,1,Reader_3_4.csv
1328,1,1,0,Reader_3_5.csv
1328,0,0,0,Reader_3_6.csv
1328,3,3,0,Reader_3_7.csv
1329,3,2,1,Reader_1_1.csv
1329,0,0,0,Reader_1_10.csv
1329,3,2,1,Reader_1_11.csv
1329,0,0,0,Reader_1_12.csv
1329,1,1,0,Reader_1_2.csv
1329,3,2,1,Reader_1_3.csv
1329,1,1,0,Reader_1_4.csv
1329,4,4,0,Reader_1_5.csv
1329,1,1,0,Reader_1_6.csv
1329,1,1,0,Reader_1_7.csv
1329,2,1,1,Reader_1_8.csv
1329,0,0,0,Reader_1_9.csv
1329,0,0,0,Reader_2_1.csv
1329,0,0,0,Reader_2_10.csv
1329,2,1,1,Reader_2_11.csv
1329,4,2,2,Reader_2_12.csv
1329,2,1,1,Reader_2_2.csv
1329,6,3,3,Reader_2_3.csv
1329,5,4,1,Reader_2_4.csv
1329,1,1,0,Reader_2_5.csv
1329,0,0,0,Reader_2_6.csv
1329,0,0,0,Reader_2_7.csv
1329,0,0,0,Reader_2_8.csv
1329,0,0,0,Reader_2_9.csv
1329,13,12,1,reader_3_1.csv
1329,35,32,3,Reader_3_2.csv
1329,7,6,1,Reader_3_3.csv
1329,7,6,1,Reader_3_4.csv
1329,1,1,0,Reader_3_5.csv
1329,0,0,0,Reader_3_6.csv
1329,1,1,0,Reader_3_7.csv
1330,3,2,1,Reader_1_1.csv
1330,0,0,0,Reader_1_10.csv
1330,3,2,1,Reader_1_11.csv
1330,0,0,0,Reader_1_12.csv
1330,2,2,0,Reader_1_2.csv
1330,3,2,1,Reader_1_3.csv
1330,1,1,0,Reader_1_4.csv
1330,5,5,0,Reader_1_5.csv
1330,1,1,0,Reader_1_6.csv
1330,2,2,0,Reader_1_7.csv
1330,2,1,1,Reader_1_8.csv
1330,0,0,0,Reader_1_9.csv
1330,0,0,0,Reader_2_1.csv
1330,0,0,0,Reader_2_10.csv
1330,2,1,1,Reader_2_11.csv
1330,4,2,2,Reader_2_12.csv
1330,2,1,1,Reader_2_2.csv
1330,6,3,3,Reader_2_3.csv
1330,4,3,1,Reader_2_4.csv
1330,1,1,0,Reader_2_5.csv
1330,0,0,0,Reader_2_6.csv
1330,1,1,0,Reader_2_7.csv
1330,0,0,0,Reader_2_8.csv
1330,0,0,0,Reader_2_9.csv
1330,13,12,1,reader_3_1.csv
1330,38,32,6,Reader_3_2.csv
1330,5,4,1,Reader_3_3.csv
1330,5,4,1,Reader_3_4.csv
1330,0,0,0,Reader_3_5.csv
1330,0,0,0,Reader_3_6.csv
1330,1,1,0,Reader_3_7.csv
1331,4,3,1,Reader_1_1.csv
1331,0,0,0,Reader_1_10.csv
1331,4,3,1,Reader_1_11.csv
1331,0,0,0,Reader_1_12.csv
1331,2,2,0,Reader_1_2.csv
1331,3,2,1,Reader_1_3.csv
1331,1,1,0,Reader_1_4.csv
1331,5,5,0,Reader_1_5.csv
1331,1,1,0,Reader_1_6.csv
1331,2,2,0,Reader_1_7.csv
1331,2,1,1,Reader_1_8.csv
1331,0,0,0,Reader_1_9.csv
1331,1,1,0,Reader_2_1.csv
1331,0,0,0,Reader_2_10.csv
1331,2,1,1,Reader_2_11.csv
1331,4,2,2,Reader_2_12.csv
1331,2,1,1,Reader_2_2.csv
1331,5,4,1,Reader_2_3.csv
1331,4,3,1,Reader_2_4.csv
1331,1,1,0,Reader_2_5.csv
1331,0,0,0,Reader_2_6.csv
1331,1,1,0,Reader_2_7.csv
1331,0,0,0,Reader_2_8.csv
1331,0,0,0,Reader_2_9.csv
1331,13,13,0,reader_3_1.csv
1331,38,32,6,Reader_3_2.csv
1331,4,4,0,Reader_3_3.csv
1331,4,4,0,Reader_3_4.csv
1331,2,2,0,Reader_3_5.csv
1331,0,0,0,Reader_3_6.csv
1331,1,1,0,Reader_3_7.csv
1332,3,3,0,Reader_1_1.csv
1332,0,0,0,Reader_1_10.csv
1332,2,2,0,Reader_1_11.csv
1332,0,0,0,Reader_1_12.csv
1332,2,2,0,Reader_1_2.csv
1332,3,2,1,Reader_1_3.csv
1332,1,1,0,Reader_1_4.csv
1332,5,5,0,Reader_1_5.csv
1332,1,1,0,Reader_1_6.csv
1332,2,2,0,Reader_1_7.csv
1332,2,1,1,Reader_1_8.csv
1332,0,0,0,Reader_1_9.csv
1332,1,1,0,Reader_2_1.csv
1332,0,0,0,Reader_2_10.csv
1332,2,1,1,Reader_2_11.csv
1332,2,2,0,Reader_2_12.csv
1332,2,1,1,Reader_2_2.csv
1332,7,5,2,Reader_2_3.csv
1332,5,3,2,Reader_2_4.csv
1332,0,0,0,Reader_2_5.csv
1332,0,0,0,Reader_2_6.csv
1332,1,1,0,Reader_2_7.csv
1332,0,0,0,Reader_2_8.csv
1332,0,0,0,Reader_2_9.csv
1332,14,13,1,reader_3_1.csv
1332,38,33,5,Reader_3_2.csv
1332,4,4,0,Reader_3_3.csv
1332,4,4,0,Reader_3_4.csv
1332,2,2,0,Reader_3_5.csv
1332,0,0,0,Reader_3_6.csv
1332,1,1,0,Reader_3_7.csv
1333,3,3,0,Reader_1_1.csv
1333,0,0,0,Reader_1_10.csv
1333,2,2,0,Reader_1_11.csv
1333,0,0,0,Reader_1_12.csv
1333,2,2,0,Reader_1_2.csv
1333,3,2,1,Reader_1_3.csv
1333,1,1,0,Reader_1_4.csv
1333,8,8,0,Reader_1_5.csv
1333,1,1,0,Reader_1_6.csv
1333,2,2,0,Reader_1_7.csv
1333,3,2,1,Reader_1_8.csv
1333,0,0,0,Reader_1_9.csv
1333,1,1,0,Reader_2_1.csv
1333,0,0,0,Reader_2_10.csv
1333,2,1,1,Reader_2_11.csv
1333,1,1,0,Reader_2_12.csv
1333,3,1,2,Reader_2_2.csv
1333,6,4,2,Reader_2_3.csv
1333,4,3,1,Reader_2_4.csv
1333,0,0,0,Reader_2_5.csv
1333,1,0,1,Reader_2_6.csv
1333,1,1,0,Reader_2_7.csv
1333,0,0,0,Reader_2_8.csv
1333,0,0,0,Reader_2_9.csv
1333,15,14,1,reader_3_1.csv
1333,38,34,4,Reader_3_2.csv
1333,4,4,0,Reader_3_3.csv
1333,4,4,0,Reader_3_4.csv
1333,2,2,0,Reader_3_5.csv
1333,1,0,1,Reader_3_6.csv
1333,1,1,0,Reader_3_7.csv
1334,5,5,0,Reader_1_1.csv
1334,0,0,0,Reader_1_10.csv
1334,1,1,0,Reader_1_11.csv
1334,0,0,0,Reader_1_12.csv
1334,3,3,0,Reader_1_2.csv
1334,2,2,0,Reader_1_3.csv
1334,0,0,0,Reader_1_4.csv
1334,9,9,0,Reader_1_5.csv
1334,1,1,0,Reader_1_6.csv
1334,3,3,0,Reader_1_7.csv
1334,1,1,0,Reader_1_8.csv
1334,0,0,0,Reader_1_9.csv
1334,1,1,0,Reader_2_1.csv
1334,0,0,0,Reader_2_10.csv
1334,2,1,1,Reader_2_11.csv
1334,1,1,0,Reader_2_12.csv
1334,3,1,2,Reader_2_2.csv
1334,4,3,1,Reader_2_3.csv
1334,4,3,1,Reader_2_4.csv
1334,0,0,0,Reader_2_5.csv
1334,1,0,1,Reader_2_6.csv
1334,1,1,0,Reader_2_7.csv
1334,0,0,0,Reader_2_8.csv
1334,0,0,0,Reader_2_9.csv
1334,15,14,1,reader_3_1.csv
1334,34,30,4,Reader_3_2.csv
1334,5,5,0,Reader_3_3.csv
1334,5,5,0,Reader_3_4.csv
1334,3,3,0,Reader_3_5.csv
1334,1,0,1,Reader_3_6.csv
1334,1,1,0,Reader_3_7.csv
1335,9,8,1,Reader_1_1.csv
1335,0,0,0,Reader_1_10.csv
1335,1,1,0,Reader_1_11.csv
1335,0,0,0,Reader_1_12.csv
1335,5,3,2,Reader_1_2.csv
1335,2,2,0,Reader_1_3.csv
1335,0,0,0,Reader_1_4.csv
1335,9,9,0,Reader_1_5.csv
1335,0,0,0,Reader_1_6.csv
1335,3,3,0,Reader_1_7.csv
1335,1,1,0,Reader_1_8.csv
1335,0,0,0,Reader_1_9.csv
1335,1,1,0,Reader_2_1.csv
1335,0,0,0,Reader_2_10.csv
1335,2,1,1,Reader_2_11.csv
1335,1,1,0,Reader_2_12.csv
1335,2,1,1,Reader_2_2.csv
1335,4,3,1,Reader_2_3.csv
1335,4,3,1,Reader_2_4.csv
1335,0,0,0,Reader_2_5.csv
1335,1,0,1,Reader_2_6.csv
1335,1,1,0,Reader_2_7.csv
1335,0,0,0,Reader_2_8.csv
1335,0,0,0,Reader_2_9.csv
1335,18,16,2,reader_3_1.csv
1335,32,28,4,Reader_3_2.csv
1335,5,5,0,Reader_3_3.csv
1335,5,5,0,Reader_3_4.csv
1335,4,3,1,Reader_3_5.csv
1335,1,0,1,Reader_3_6.csv
1335,1,1,0,Reader_3_7.csv
1336,10,9,1,Reader_1_1.csv
1336,0,0,0,Reader_1_10.csv
1336,1,1,0,Reader_1_11.csv
1336,0,0,0,Reader_1_12.csv
1336,5,3,2,Reader_1_2.csv
1336,3,2,1,Reader_1_3.csv
1336,0,0,0,Reader_1_4.csv
1336,9,9,0,Reader_1_5.csv
1336,1,1,0,Reader_1_6.csv
1336,2,2,0,Reader_1_7.csv
1336,2,2,0,Reader_1_8.csv
1336,0,0,0,Reader_1_9.csv
1336,1,1,0,Reader_2_1.csv
1336,0,0,0,Reader_2_10.csv
1336,1,1,0,Reader_2_11.csv
1336,1,1,0,Reader_2_12.csv
1336,2,1,1,Reader_2_2.csv
1336,5,3,2,Reader_2_3.csv
1336,3,2,1,Reader_2_4.csv
1336,0,0,0,Reader_2_5.csv
1336,1,0,1,Reader_2_6.csv
1336,1,1,0,Reader_2_7.csv
1336,0,0,0,Reader_2_8.csv
1336,0,0,0,Reader_2_9.csv
1336,18,16,2,reader_3_1.csv
1336,29,25,4,Reader_3_2.csv
1336,4,4,0,Reader_3_3.csv
1336,4,4,0,Reader_3_4.csv
1336,4,3,1,Reader_3_5.csv
1336,2,0,2,Reader_3_6.csv
1336,0,0,0,Reader_3_7.csv
1337,13,12,1,Reader_1_1.csv
1337,0,0,0,Reader_1_10.csv
1337,1,1,0,Reader_1_11.csv
1337,0,0,0,Reader_1_12.csv
1337,5,3,2,Reader_1_2.csv
1337,5,3,2,Reader_1_3.csv
1337,0,0,0,Reader_1_4.csv
1337,9,9,0,Reader_1_5.csv
1337,2,2,0,Reader_1_6.csv
1337,2,2,0,Reader_1_7.csv
1337,2,2,0,Reader_1_8.csv
1337,0,0,0,Reader_1_9.csv
1337,2,2,0,Reader_2_1.csv
1337,0,0,0,Reader_2_10.csv
1337,1,0,1,Reader_2_11.csv
1337,0,0,0,Reader_2_12.csv
1337,1,0,1,Reader_2_2.csv
1337,5,3,2,Reader_2_3.csv
1337,3,2,1,Reader_2_4.csv
1337,0,0,0,Reader_2_5.csv
1337,1,0,1,Reader_2_6.csv
1337,1,1,0,Reader_2_7.csv
1337,0,0,0,Reader_2_8.csv
1337,0,0,0,Reader_2_9.csv
1337,17,15,2,reader_3_1.csv
1337,25,20,5,Reader_3_2.csv
1337,4,3,1,Reader_3_3.csv
1337,4,3,1,Reader_3_4.csv
1337,5,3,2,Reader_3_5.csv
1337,2,0,2,Reader_3_6.csv
1337,0,0,0,Reader_3_7.csv
1338,14,13,1,Reader_1_1.csv
1338,0,0,0,Reader_1_10.csv
1338,3,3,0,Reader_1_11.csv
1338,0,0,0,Reader_1_12.csv
1338,4,2,2,Reader_1_2.csv
1338,5,3,2,Reader_1_3.csv
1338,1,1,0,Reader_1_4.csv
1338,10,10,0,Reader_1_5.csv
1338,2,2,0,Reader_1_6.csv
1338,1,1,0,Reader_1_7.csv
1338,2,2,0,Reader_1_8.csv
1338,1,1,0,Reader_1_9.csv
1338,2,2,0,Reader_2_1.csv
1338,0,0,0,Reader_2_10.csv
1338,1,0,1,Reader_2_11.csv
1338,0,0,0,Reader_2_12.csv
1338,2,1,1,Reader_2_2.csv
1338,5,3,2,Reader_2_3.csv
1338,3,2,1,Reader_2_4.csv
1338,0,0,0,Reader_2_5.csv
1338,1,0,1,Reader_2_6.csv
1338,0,0,0,Reader_2_7.csv
1338,0,0,0,Reader_2_8.csv
1338,0,0,0,Reader_2_9.csv
1338,16,14,2,reader_3_1.csv
1338,24,22,2,Reader_3_2.csv
1338,4,3,1,Reader_3_3.csv
1338,4,3,1,Reader_3_4.csv
1338,6,4,2,Reader_3_5.csv
1338,2,0,2,Reader_3_6.csv
1338,0,0,0,Reader_3_7.csv
1339,16,15,1,Reader_1_1.csv
1339,0,0,0,Reader_1_10.csv
1339,2,2,0,Reader_1_11.csv
1339,0,0,0,Reader_1_12.csv
1339,6,4,2,Reader_1_2.csv
1339,5,3,2,Reader_1_3.csv
1339,1,1,0,Reader_1_4.csv
1339,10,9,1,Reader_1_5.csv
1339,3,3,0,Reader_1_6.csv
1339,1,1,0,Reader_1_7.csv
1339,2,2,0,Reader_1_8.csv
1339,1,1,0,Reader_1_9.csv
1339,1,1,0,Reader_2_1.csv
1339,0,0,0,Reader_2_10.csv
1339,1,0,1,Reader_2_11.csv
1339,1,1,0,Reader_2_12.csv
1339,2,1,1,Reader_2_2.csv
1339,5,3,2,Reader_2_3.csv
1339,3,2,1,Reader_2_4.csv
1339,0,0,0,Reader_2_5.csv
1339,1,0,1,Reader_2_6.csv
1339,1,1,0,Reader_2_7.csv
1339,0,0,0,Reader_2_8.csv
1339,0,0,0,Reader_2_9.csv
1339,16,14,2,reader_3_1.csv
1339,27,25,2,Reader_3_2.csv
1339,4,3,1,Reader_3_3.csv
1339,4,3,1,Reader_3_4.csv
1339,4,2,2,Reader_3_5.csv
1339,3,1,2,Reader_3_6.csv
1339,1,1,0,Reader_3_7.csv
1340,17,16,1,Reader_1_1.csv
1340,0,0,0,Reader_1_10.csv
1340,2,2,0,Reader_1_11.csv
1340,0,0,0,Reader_1_12.csv
1340,9,7,2,Reader_1_2.csv
1340,6,3,3,Reader_1_3.csv
1340,1,1,0,Reader_1_4.csv
1340,11,10,1,Reader_1_5.csv
1340,3,3,0,Reader_1_6.csv
1340,1,1,0,Reader_1_7.csv
1340,2,2,0,Reader_1_8.csv
1340,1,1,0,Reader_1_9.csv
1340,1,1,0,Reader_2_1.csv
1340,0,0,0,Reader_2_10.csv
1340,1,0,1,Reader_2_11.csv
1340,1,1,0,Reader_2_12.csv
1340,2,1,1,Reader_2_2.csv
1340,3,2,1,Reader_2_3.csv
1340,2,2,0,Reader_2_4.csv
1340,0,0,0,Reader_2_5.csv
1340,1,0,1,Reader_2_6.csv
1340,1,1,0,Reader_2_7.csv
1340,0,0,0,Reader_2_8.csv
1340,0,0,0,Reader_2_9.csv
1340,18,17,1,reader_3_1.csv
1340,26,24,2,Reader_3_2.csv
1340,4,3,1,Reader_3_3.csv
1340,4,3,1,Reader_3_4.csv
1340,5,3,2,Reader_3_5.csv
1340,3,1,2,Reader_3_6.csv
1340,1,1,0,Reader_3_7.csv
1341,18,17,1,Reader_1_1.csv
1341,0,0,0,Reader_1_10.csv
1341,3,3,0,Reader_1_11.csv
1341,0,0,0,Reader_1_12.csv
1341,9,7,2,Reader_1_2.csv
1341,7,4,3,Reader_1_3.csv
1341,1,1,0,Reader_1_4.csv
1341,12,10,2,Reader_1_5.csv
1341,3,3,0,Reader_1_6.csv
1341,1,1,0,Reader_1_7.csv
1341,1,1,0,Reader_1_8.csv
1341,1,1,0,Reader_1_9.csv
1341,1,1,0,Reader_2_1.csv
1341,0,0,0,Reader_2_10.csv
1341,1,0,1,Reader_2_11.csv
1341,1,1,0,Reader_2_12.csv
1341,1,1,0,Reader_2_2.csv
1341,4,2,2,Reader_2_3.csv
1341,1,1,0,Reader_2_4.csv
1341,0,0,0,Reader_2_5.csv
1341,0,0,0,Reader_2_6.csv
1341,1,1,0,Reader_2_7.csv
1341,0,0,0,Reader_2_8.csv
1341,0,0,0,Reader_2_9.csv
1341,16,15,1,reader_3_1.csv
1341,24,22,2,Reader_3_2.csv
1341,4,3,1,Reader_3_3.csv
1341,4,3,1,Reader_3_4.csv
1341,7,5,2,Reader_3_5.csv
1341,2,1,1,Reader_3_6.csv
1341,1,1,0,Reader_3_7.csv
1342,21,20,1,Reader_1_1.csv
1342,0,0,0,Reader_1_10.csv
1342,3,3,0,Reader_1_11.csv
1342,0,0,0,Reader_1_12.csv
1342,9,7,2,Reader_1_2.csv
1342,7,4,3,Reader_1_3.csv
1342,1,1,0,Reader_1_4.csv
1342,12,10,2,Reader_1_5.csv
1342,3,3,0,Reader_1_6.csv
1342,0,0,0,Reader_1_7.csv
1342,1,1,0,Reader_1_8.csv
1342,2,2,0,Reader_1_9.csv
1342,1,1,0,Reader_2_1.csv
1342,0,0,0,Reader_2_10.csv
1342,1,0,1,Reader_2_11.csv
1342,1,1,0,Reader_2_12.csv
1342,1,1,0,Reader_2_2.csv
1342,5,2,3,Reader_2_3.csv
1342,2,2,0,Reader_2_4.csv
1342,0,0,0,Reader_2_5.csv
1342,0,0,0,Reader_2_6.csv
1342,1,1,0,Reader_2_7.csv
1342,0,0,0,Reader_2_8.csv
1342,0,0,0,Reader_2_9.csv
1342,15,14,1,reader_3_1.csv
1342,24,22,2,Reader_3_2.csv
1342,4,3,1,Reader_3_3.csv
1342,4,3,1,Reader_3_4.csv
1342,6,4,2,Reader_3_5.csv
1342,2,1,1,Reader_3_6.csv
1342,1,1,0,Reader_3_7.csv
1343,16,16,0,Reader_1_1.csv
1343,0,0,0,Reader_1_10.csv
1343,3,3,0,Reader_1_11.csv
1343,0,0,0,Reader_1_12.csv
1343,7,7,0,Reader_1_2.csv
1343,7,4,3,Reader_1_3.csv
1343,1,1,0,Reader_1_4.csv
1343,11,8,3,Reader_1_5.csv
1343,3,3,0,Reader_1_6.csv
1343,0,0,0,Reader_1_7.csv
1343,1,1,0,Reader_1_8.csv
1343,2,2,0,Reader_1_9.csv
1343,1,1,0,Reader_2_1.csv
1343,0,0,0,Reader_2_10.csv
1343,1,0,1,Reader_2_11.csv
1343,1,1,0,Reader_2_12.csv
1343,1,1,0,Reader_2_2.csv
1343,6,3,3,Reader_2_3.csv
1343,1,1,0,Reader_2_4.csv
1343,0,0,0,Reader_2_5.csv
1343,0,0,0,Reader_2_6.csv
1343,1,1,0,Reader_2_7.csv
1343,0,0,0,Reader_2_8.csv
1343,1,1,0,Reader_2_9.csv
1343,16,14,2,reader_3_1.csv
1343,21,19,2,Reader_3_2.csv
1343,5,3,2,Reader_3_3.csv
1343,5,3,2,Reader_3_4.csv
1343,6,5,1,Reader_3_5.csv
1343,2,1,1,Reader_3_6.csv
1343,1,1,0,Reader_3_7.csv
1344,16,16,0,Reader_1_1.csv
1344,0,0,0,Reader_1_10.csv
1344,3,3,0,Reader_1_11.csv
1344,0,0,0,Reader_1_12.csv
1344,8,8,0,Reader_1_2.csv
1344,5,3,2,Reader_1_3.csv
1344,1,1,0,Reader_1_4.csv
1344,10,7,3,Reader_1_5.csv
1344,2,2,0,Reader_1_6.csv
1344,0,0,0,Reader_1_7.csv
1344,0,0,0,Reader_1_8.csv
1344,2,2,0,Reader_1_9.csv
1344,1,1,0,Reader_2_1.csv
1344,0,0,0,Reader_2_10.csv
1344,1,0,1,Reader_2_11.csv
1344,1,1,0,Reader_2_12.csv
1344,1,1,0,Reader_2_2.csv
1344,4,2,2,Reader_2_3.csv
1344,5,5,0,Reader_2_4.csv
1344,0,0,0,Reader_2_5.csv
1344,0,0,0,Reader_2_6.csv
1344,1,1,0,Reader_2_7.csv
1344,0,0,0,Reader_2_8.csv
1344,1,1,0,Reader_2_9.csv
1344,16,14,2,reader_3_1.csv
1344,19,17,2,Reader_3_2.csv
1344,6,4,2,Reader_3_3.csv
1344,6,4,2,Reader_3_4.csv
1344,6,5,1,Reader_3_5.csv
1344,1,1,0,Reader_3_6.csv
1344,1,1,0,Reader_3_7.csv
1345,15,14,1,Reader_1_1.csv
1345,0,0,0,Reader_1_10.csv
1345,3,3,0,Reader_1_11.csv
1345,1,1,0,Reader_1_12.csv
1345,10,10,0,Reader_1_2.csv
1345,4,2,2,Reader_1_3.csv
1345,1,1,0,Reader_1_4.csv
1345,10,7,3,Reader_1_5.csv
1345,1,1,0,Reader_1_6.csv
1345,0,0,0,Reader_1_7.csv
1345,0,0,0,Reader_1_8.csv
1345,2,2,0,Reader_1_9.csv
1345,0,0,0,Reader_2_1.csv
1345,0,0,0,Reader_2_10.csv
1345,0,0,0,Reader_2_11.csv
1345,1,1,0,Reader_2_12.csv
1345,1,1,0,Reader_2_2.csv
1345,4,2,2,Reader_2_3.csv
1345,7,7,0,Reader_2_4.csv
1345,0,0,0,Reader_2_5.csv
1345,0,0,0,Reader_2_6.csv
1345,1,1,0,Reader_2_7.csv
1345,0,0,0,Reader_2_8.csv
1345,1,1,0,Reader_2_9.csv
1345,19,17,2,reader_3_1.csv
1345,17,16,1,Reader_3_2.csv
1345,9,8,1,Reader_3_3.csv
1345,9,8,1,Reader_3_4.csv
1345,5,5,0,Reader_3_5.csv
1345,2,2,0,Reader_3_6.csv
1345,1,1,0,Reader_3_7.csv
1346,16,15,1,Reader_1_1.csv
1346,0,0,0,Reader_1_10.csv
1346,1,1,0,Reader_1_11.csv
1346,1,1,0,Reader_1_12.csv
1346,11,11,0,Reader_1_2.csv
1346,5,2,3,Reader_1_3.csv
1346,0,0,0,Reader_1_4.csv
1346,10,7,3,Reader_1_5.csv
1346,3,3,0,Reader_1_6.csv
1346,0,0,0,Reader_1_7.csv
1346,0,0,0,Reader_1_8.csv
1346,1,1,0,Reader_1_9.csv
1346,0,0,0,Reader_2_1.csv
1346,0,0,0,Reader_2_10.csv
1346,0,0,0,Reader_2_11.csv
1346,1,1,0,Reader_2_12.csv
1346,2,0,2,Reader_2_2.csv
1346,6,4,2,Reader_2_3.csv
1346,8,8,0,Reader_2_4.csv
1346,0,0,0,Reader_2_5.csv
1346,0,0,0,Reader_2_6.csv
1346,1,1,0,Reader_2_7.csv
1346,0,0,0,Reader_2_8.csv
1346,1,1,0,Reader_2_9.csv
1346,20,18,2,reader_3_1.csv
1346,14,13,1,Reader_3_2.csv
1346,11,10,1,Reader_3_3.csv
1346,11,10,1,Reader_3_4.csv
1346,5,5,0,Reader_3_5.csv
1346,3,3,0,Reader_3_6.csv
1346,1,1,0,Reader_3_7.csv
1347,19,18,1,Reader_1_1.csv
1347,0,0,0,Reader_1_10.csv
1347,1,1,0,Reader_1_11.csv
1347,1,1,0,Reader_1_12.csv
1347,10,10,0,Reader_1_2.csv
1347,6,3,3,Reader_1_3.csv
1347,0,0,0,Reader_1_4.csv
1347,9,7,2,Reader_1_5.csv
1347,3,3,0,Reader_1_6.csv
1347,0,0,0,Reader_1_7.csv
1347,0,0,0,Reader_1_8.csv
1347,1,1,0,Reader_1_9.csv
1347,0,0,0,Reader_2_1.csv
1347,0,0,0,Reader_2_10.csv
1347,0,0,0,Reader_2_11.csv
1347,0,0,0,Reader_2_12.csv
1347,2,0,2,Reader_2_2.csv
1347,5,3,2,Reader_2_3.csv
1347,9,9,0,Reader_2_4.csv
1347,1,0,1,Reader_2_5.csv
1347,0,0,0,Reader_2_6.csv
1347,0,0,0,Reader_2_7.csv
1347,0,0,0,Reader_2_8.csv
1347,1,1,0,Reader_2_9.csv
1347,20,17,3,reader_3_1.csv
1347,13,11,2,Reader_3_2.csv
1347,12,11,1,Reader_3_3.csv
1347,12,11,1,Reader_3_4.csv
1347,7,7,0,Reader_3_5.csv
1347,2,2,0,Reader_3_6.csv
1347,0,0,0,Reader_3_7.csv
1348,20,19,1,Reader_1_1.csv
1348,0,0,0,Reader_1_10.csv
1348,1,1,0,Reader_1_11.csv
1348,1,1,0,Reader_1_12.csv
1348,7,7,0,Reader_1_2.csv
1348,5,3,2,Reader_1_3.csv
1348,0,0,0,Reader_1_4.csv
1348,9,7,2,Reader_1_5.csv
1348,3,3,0,Reader_1_6.csv
1348,0,0,0,Reader_1_7.csv
1348,0,0,0,Reader_1_8.csv
1348,1,1,0,Reader_1_9.csv
1348,0,0,0,Reader_2_1.csv
1348,0,0,0,Reader_2_10.csv
1348,2,2,0,Reader_2_11.csv
1348,0,0,0,Reader_2_12.csv
1348,2,0,2,Reader_2_2.csv
1348,6,4,2,Reader_2_3.csv
1348,11,11,0,Reader_2_4.csv
1348,1,0,1,Reader_2_5.csv
1348,0,0,0,Reader_2_6.csv
1348,0,0,0,Reader_2_7.csv
1348,0,0,0,Reader_2_8.csv
1348,1,1,0,Reader_2_9.csv
1348,17,14,3,reader_3_1.csv
1348,13,11,2,Reader_3_2.csv
1348,14,13,1,Reader_3_3.csv
1348,14,13,1,Reader_3_4.csv
1348,6,6,0,Reader_3_5.csv
1348,3,2,1,Reader_3_6.csv
1348,1,1,0,Reader_3_7.csv
1349,22,21,1,Reader_1_1.csv
1349,0,0,0,Reader_1_10.csv
1349,0,0,0,Reader_1_11.csv
1349,1,1,0,Reader_1_12.csv
1349,9,9,0,Reader_1_2.csv
1349,5,2,3,Reader_1_3.csv
1349,0,0,0,Reader_1_4.csv
1349,6,5,1,Reader_1_5.csv
1349,3,3,0,Reader_1_6.csv
1349,0,0,0,Reader_1_7.csv
1349,0,0,0,Reader_1_8.csv
1349,1,1,0,Reader_1_9.csv
1349,0,0,0,Reader_2_1.csv
1349,0,0,0,Reader_2_10.csv
1349,2,2,0,Reader_2_11.csv
1349,0,0,0,Reader_2_12.csv
1349,2,0,2,Reader_2_2.csv
1349,5,4,1,Reader_2_3.csv
1349,12,12,0,Reader_2_4.csv
1349,1,0,1,Reader_2_5.csv
1349,0,0,0,Reader_2_6.csv
1349,0,0,0,Reader_2_7.csv
1349,0,0,0,Reader_2_8.csv
1349,1,1,0,Reader_2_9.csv
1349,20,17,3,reader_3_1.csv
1349,16,14,2,Reader_3_2.csv
1349,17,16,1,Reader_3_3.csv
1349,17,16,1,Reader_3_4.csv
1349,5,5,0,Reader_3_5.csv
1349,3,2,1,Reader_3_6.csv
1349,2,1,1,Reader_3_7.csv
1350,19,18,1,Reader_1_1.csv
1350,0,0,0,Reader_1_10.csv
1350,0,0,0,Reader_1_11.csv
1350,1,1,0,Reader_1_12.csv
1350,9,9,0,Reader_1_2.csv
1350,5,2,3,Reader_1_3.csv
1350,0,0,0,Reader_1_4.csv
1350,6,4,2,Reader_1_5.csv
1350,3,3,0,Reader_1_6.csv
1350,0,0,0,Reader_1_7.csv
1350,0,0,0,Reader_1_8.csv
1350,0,0,0,Reader_1_9.csv
1350,0,0,0,Reader_2_1.csv
1350,0,0,0,Reader_2_10.csv
1350,2,2,0,Reader_2_11.csv
1350,0,0,0,Reader_2_12.csv
1350,2,0,2,Reader_2_2.csv
1350,4,4,0,Reader_2_3.csv
1350,13,13,0,Reader_2_4.csv
1350,1,0,1,Reader_2_5.csv
1350,0,0,0,Reader_2_6.csv
1350,0,0,0,Reader_2_7.csv
1350,0,0,0,Reader_2_8.csv
1350,1,1,0,Reader_2_9.csv
1350,21,17,4,reader_3_1.csv
1350,22,19,3,Reader_3_2.csv
1350,18,17,1,Reader_3_3.csv
1350,18,17,1,Reader_3_4.csv
1350,5,5,0,Reader_3_5.csv
1350,3,2,1,Reader_3_6.csv
1350,3,2,1,Reader_3_7.csv
1351,23,21,2,Reader_1_1.csv
1351,0,0,0,Reader_1_10.csv
1351,0,0,0,Reader_1_11.csv
1351,1,1,0,Reader_1_12.csv
1351,10,10,0,Reader_1_2.csv
1351,4,1,3,Reader_1_3.csv
1351,0,0,0,Reader_1_4.csv
1351,6,5,1,Reader_1_5.csv
1351,3,3,0,Reader_1_6.csv
1351,1,1,0,Reader_1_7.csv
1351,0,0,0,Reader_1_8.csv
1351,0,0,0,Reader_1_9.csv
1351,0,0,0,Reader_2_1.csv
1351,0,0,0,Reader_2_10.csv
1351,3,3,0,Reader_2_11.csv
1351,0,0,0,Reader_2_12.csv
1351,2,0,2,Reader_2_2.csv
1351,4,4,0,Reader_2_3.csv
1351,13,13,0,Reader_2_4.csv
1351,1,0,1,Reader_2_5.csv
1351,0,0,0,Reader_2_6.csv
1351,0,0,0,Reader_2_7.csv
1351,0,0,0,Reader_2_8.csv
1351,0,0,0,Reader_2_9.csv
1351,20,17,3,reader_3_1.csv
1351,22,19,3,Reader_3_2.csv
1351,17,17,0,Reader_3_3.csv
1351,17,17,0,Reader_3_4.csv
1351,4,4,0,Reader_3_5.csv
1351,3,2,1,Reader_3_6.csv
1351,5,4,1,Reader_3_7.csv
1352,24,22,2,Reader_1_1.csv
1352,0,0,0,Reader_1_10.csv
1352,0,0,0,Reader_1_11.csv
1352,1,1,0,Reader_1_12.csv
1352,9,9,0,Reader_1_2.csv
1352,4,1,3,Reader_1_3.csv
1352,0,0,0,Reader_1_4.csv
1352,6,5,1,Reader_1_5.csv
1352,3,3,0,Reader_1_6.csv
1352,1,1,0,Reader_1_7.csv
1352,0,0,0,Reader_1_8.csv
1352,0,0,0,Reader_1_9.csv
1352,1,1,0,Reader_2_1.csv
1352,0,0,0,Reader_2_10.csv
1352,3,3,0,Reader_2_11.csv
1352,0,0,0,Reader_2_12.csv
1352,2,0,2,Reader_2_2.csv
1352,4,4,0,Reader_2_3.csv
1352,9,9,0,Reader_2_4.csv
1352,1,0,1,Reader_2_5.csv
1352,0,0,0,Reader_2_6.csv
1352,0,0,0,Reader_2_7.csv
1352,0,0,0,Reader_2_8.csv
1352,0,0,0,Reader_2_9.csv
1352,19,16,3,reader_3_1.csv
1352,21,18,3,Reader_3_2.csv
1352,16,16,0,Reader_3_3.csv
1352,16,16,0,Reader_3_4.csv
1352,5,5,0,Reader_3_5.csv
1352,5,4,1,Reader_3_6.csv
1352,5,4,1,Reader_3_7.csv
1353,25,24,1,Reader_1_1.csv
1353,0,0,0,Reader_1_10.csv
1353,0,0,0,Reader_1_11.csv
1353,0,0,0,Reader_1_12.csv
1353,8,8,0,Reader_1_2.csv
1353,4,2,2,Reader_1_3.csv
1353,0,0,0,Reader_1_4.csv
1353,6,5,1,Reader_1_5.csv
1353,3,3,0,Reader_1_6.csv
1353,1,1,0,Reader_1_7.csv
1353,0,0,0,Reader_1_8.csv
1353,0,0,0,Reader_1_9.csv
1353,1,1,0,Reader_2_1.csv
1353,0,0,0,Reader_2_10.csv
1353,3,3,0,Reader_2_11.csv
1353,0,0,0,Reader_2_12.csv
1353,2,0,2,Reader_2_2.csv
1353,4,4,0,Reader_2_3.csv
1353,7,7,0,Reader_2_4.csv
1353,1,0,1,Reader_2_5.csv
1353,0,0,0,Reader_2_6.csv
1353,0,0,0,Reader_2_7.csv
1353,0,0,0,Reader_2_8.csv
1353,0,0,0,Reader_2_9.csv
1353,16,13,3,reader_3_1.csv
1353,22,19,3,Reader_3_2.csv
1353,12,12,0,Reader_3_3.csv
1353,12,12,0,Reader_3_4.csv
1353,5,5,0,Reader_3_5.csv
1353,5,3,2,Reader_3_6.csv
1353,5,4,1,Reader_3_7.csv
1354,26,25,1,Reader_1_1.csv
1354,0,0,0,Reader_1_10.csv
1354,0,0,0,Reader_1_11.csv
1354,0,0,0,Reader_1_12.csv
1354,7,7,0,Reader_1_2.csv
1354,4,2,2,Reader_1_3.csv
1354,0,0,0,Reader_1_4.csv
1354,4,3,1,Reader_1_5.csv
1354,1,1,0,Reader_1_6.csv
1354,1,1,0,Reader_1_7.csv
1354,0,0,0,Reader_1_8.csv
1354,0,0,0,Reader_1_9.csv
1354,2,2,0,Reader_2_1.csv
1354,0,0,0,Reader_2_10.csv
1354,3,3,0,Reader_2_11.csv
1354,0,0,0,Reader_2_12.csv
1354,0,0,0,Reader_2_2.csv
1354,3,2,1,Reader_2_3.csv
1354,6,6,0,Reader_2_4.csv
1354,2,0,2,Reader_2_5.csv
1354,0,0,0,Reader_2_6.csv
1354,0,0,0,Reader_2_7.csv
1354,0,0,0,Reader_2_8.csv
1354,0,0,0,Reader_2_9.csv
1354,16,12,4,reader_3_1.csv
1354,21,18,3,Reader_3_2.csv
1354,11,10,1,Reader_3_3.csv
1354,11,10,1,Reader_3_4.csv
1354,4,4,0,Reader_3_5.csv
1354,4,2,2,Reader_3_6.csv
1354,5,4,1,Reader_3_7.csv
1355,31,30,1,Reader_1_1.csv
1355,0,0,0,Reader_1_10.csv
1355,0,0,0,Reader_1_11.csv
1355,0,0,0,Reader_1_12.csv
1355,7,6,1,Reader_1_2.csv
1355,4,2,2,Reader_1_3.csv
1355,1,1,0,Reader_1_4.csv
1355,4,3,1,Reader_1_5.csv
1355,0,0,0,Reader_1_6.csv
1355,1,1,0,Reader_1_7.csv
1355,0,0,0,Reader_1_8.csv
1355,0,0,0,Reader_1_9.csv
1355,2,2,0,Reader_2_1.csv
1355,0,0,0,Reader_2_10.csv
1355,3,3,0,Reader_2_11.csv
1355,0,0,0,Reader_2_12.csv
1355,0,0,0,Reader_2_2.csv
1355,3,2,1,Reader_2_3.csv
1355,5,5,0,Reader_2_4.csv
1355,1,0,1,Reader_2_5.csv
1355,0,0,0,Reader_2_6.csv
1355,0,0,0,Reader_2_7.csv
1355,0,0,0,Reader_2_8.csv
1355,0,0,0,Reader_2_9.csv
1355,16,12,4,reader_3_1.csv
1355,18,16,2,Reader_3_2.csv
1355,10,9,1,Reader_3_3.csv
1355,10,9,1,Reader_3_4.csv
1355,2,2,0,Reader_3_5.csv
1355,4,2,2,Reader_3_6.csv
1355,6,5,1,Reader_3_7.csv
1356,38,37,1,Reader_1_1.csv
1356,0,0,0,Reader_1_10.csv
1356,0,0,0,Reader_1_11.csv
1356,0,0,0,Reader_1_12.csv
1356,7,6,1,Reader_1_2.csv
1356,4,2,2,Reader_1_3.csv
1356,1,1,0,Reader_1_4.csv
1356,3,2,1,Reader_1_5.csv
1356,0,0,0,Reader_1_6.csv
1356,2,1,1,Reader_1_7.csv
1356,0,0,0,Reader_1_8.csv
1356,0,0,0,Reader_1_9.csv
1356,2,2,0,Reader_2_1.csv
1356,0,0,0,Reader_2_10.csv
1356,1,1,0,Reader_2_11.csv
1356,0,0,0,Reader_2_12.csv
1356,0,0,0,Reader_2_2.csv
1356,2,1,1,Reader_2_3.csv
1356,4,4,0,Reader_2_4.csv
1356,1,0,1,Reader_2_5.csv
1356,0,0,0,Reader_2_6.csv
1356,1,1,0,Reader_2_7.csv
1356,0,0,0,Reader_2_8.csv
1356,0,0,0,Reader_2_9.csv
1356,18,14,4,reader_3_1.csv
1356,18,16,2,Reader_3_2.csv
1356,10,9,1,Reader_3_3.csv
1356,10,9,1,Reader_3_4.csv
1356,3,3,0,Reader_3_5.csv
1356,3,2,1,Reader_3_6.csv
1356,5,4,1,Reader_3_7.csv
1357,44,42,2,Reader_1_1.csv
1357,0,0,0,Reader_1_10.csv
1357,0,0,0,Reader_1_11.csv
1357,0,0,0,Reader_1_12.csv
1357,5,4,1,Reader_1_2.csv
1357,3,2,1,Reader_1_3.csv
1357,1,1,0,Reader_1_4.csv
1357,2,1,1,Reader_1_5.csv
1357,0,0,0,Reader_1_6.csv
1357,2,1,1,Reader_1_7.csv
1357,0,0,0,Reader_1_8.csv
1357,0,0,0,Reader_1_9.csv
1357,2,2,0,Reader_2_1.csv
1357,0,0,0,Reader_2_10.csv
1357,1,1,0,Reader_2_11.csv
1357,0,0,0,Reader_2_12.csv
1357,0,0,0,Reader_2_2.csv
1357,4,2,2,Reader_2_3.csv
1357,4,4,0,Reader_2_4.csv
1357,2,1,1,Reader_2_5.csv
1357,1,1,0,Reader_2_6.csv
1357,1,1,0,Reader_2_7.csv
1357,0,0,0,Reader_2_8.csv
1357,0,0,0,Reader_2_9.csv
1357,16,12,4,reader_3_1.csv
1357,15,13,2,Reader_3_2.csv
1357,8,7,1,Reader_3_3.csv
1357,8,7,1,Reader_3_4.csv
1357,3,3,0,Reader_3_5.csv
1357,3,2,1,Reader_3_6.csv
1357,4,4,0,Reader_3_7.csv
1358,50,48,2,Reader_1_1.csv
1358,0,0,0,Reader_1_10.csv
1358,0,0,0,Reader_1_11.csv
1358,0,0,0,Reader_1_12.csv
1358,4,3,1,Reader_1_2.csv
1358,4,3,1,Reader_1_3.csv
1358,1,1,0,Reader_1_4.csv
1358,1,1,0,Reader_1_5.csv
1358,0,0,0,Reader_1_6.csv
1358,2,1,1,Reader_1_7.csv
1358,0,0,0,Reader_1_8.csv
1358,0,0,0,Reader_1_9.csv
1358,2,2,0,Reader_2_1.csv
1358,0,0,0,Reader_2_10.csv
1358,1,1,0,Reader_2_11.csv
1358,0,0,0,Reader_2_12.csv
1358,0,0,0,Reader_2_2.csv
1358,4,2,2,Reader_2_3.csv
1358,2,2,0,Reader_2_4.csv
1358,2,1,1,Reader_2_5.csv
1358,1,1,0,Reader_2_6.csv
1358,1,1,0,Reader_2_7.csv
1358,0,0,0,Reader_2_8.csv
1358,0,0,0,Reader_2_9.csv
1358,17,14,3,reader_3_1.csv
1358,9,8,1,Reader_3_2.csv
1358,6,5,1,Reader_3_3.csv
1358,6,5,1,Reader_3_4.csv
1358,3,3,0,Reader_3_5.csv
1358,4,3,1,Reader_3_6.csv
1358,3,3,0,Reader_3_7.csv
1359,54,52,2,Reader_1_1.csv
1359,1,0,1,Reader_1_10.csv
1359,0,0,0,Reader_1_11.csv
1359,0,0,0,Reader_1_12.csv
1359,3,2,1,Reader_1_2.csv
1359,5,3,2,Reader_1_3.csv
1359,1,1,0,Reader_1_4.csv
1359,0,0,0,Reader_1_5.csv
1359,1,0,1,Reader_1_6.csv
1359,1,0,1,Reader_1_7.csv
1359,0,0,0,Reader_1_8.csv
1359,0,0,0,Reader_1_9.csv
1359,3,3,0,Reader_2_1.csv
1359,0,0,0,Reader_2_10.csv
1359,0,0,0,Reader_2_11.csv
1359,0,0,0,Reader_2_12.csv
1359,0,0,0,Reader_2_2.csv
1359,4,2,2,Reader_2_3.csv
1359,2,2,0,Reader_2_4.csv
1359,3,1,2,Reader_2_5.csv
1359,1,1,0,Reader_2_6.csv
1359,1,1,0,Reader_2_7.csv
1359,0,0,0,Reader_2_8.csv
1359,0,0,0,Reader_2_9.csv
1359,18,16,2,reader_3_1.csv
1359,8,7,1,Reader_3_2.csv
1359,6,5,1,Reader_3_3.csv
1359,6,5,1,Reader_3_4.csv
1359,3,3,0,Reader_3_5.csv
1359,4,3,1,Reader_3_6.csv
1359,4,4,0,Reader_3_7.csv
1360,61,59,2,Reader_1_1.csv
1360,1,0,1,Reader_1_10.csv
1360,0,0,0,Reader_1_11.csv
1360,0,0,0,Reader_1_12.csv
1360,2,1,1,Reader_1_2.csv
1360,5,3,2,Reader_1_3.csv
1360,1,1,0,Reader_1_4.csv
1360,1,1,0,Reader_1_5.csv
1360,1,0,1,Reader_1_6.csv
1360,1,0,1,Reader_1_7.csv
1360,0,0,0,Reader_1_8.csv
1360,0,0,0,Reader_1_9.csv
1360,2,2,0,Reader_2_1.csv
1360,0,0,0,Reader_2_10.csv
1360,0,0,0,Reader_2_11.csv
1360,0,0,0,Reader_2_12.csv
1360,0,0,0,Reader_2_2.csv
1360,4,2,2,Reader_2_3.csv
1360,2,2,0,Reader_2_4.csv
1360,3,1,2,Reader_2_5.csv
1360,1,1,0,Reader_2_6.csv
1360,1,1,0,Reader_2_7.csv
1360,0,0,0,Reader_2_8.csv
1360,0,0,0,Reader_2_9.csv
1360,17,15,2,reader_3_1.csv
1360,10,9,1,Reader_3_2.csv
1360,6,4,2,Reader_3_3.csv
1360,6,4,2,Reader_3_4.csv
1360,2,2,0,Reader_3_5.csv
1360,2,1,1,Reader_3_6.csv
1360,7,7,0,Reader_3_7.csv
1361,71,69,2,Reader_1_1.csv
1361,1,0,1,Reader_1_10.csv
1361,0,0,0,Reader_1_11.csv
1361,0,0,0,Reader_1_12.csv
1361,3,2,1,Reader_1_2.csv
1361,4,2,2,Reader_1_3.csv
1361,1,1,0,Reader_1_4.csv
1361,1,1,0,Reader_1_5.csv
1361,1,0,1,Reader_1_6.csv
1361,2,0,2,Reader_1_7.csv
1361,0,0,0,Reader_1_8.csv
1361,0,0,0,Reader_1_9.csv
1361,2,2,0,Reader_2_1.csv
1361,0,0,0,Reader_2_10.csv
1361,0,0,0,Reader_2_11.csv
1361,0,0,0,Reader_2_12.csv
1361,0,0,0,Reader_2_2.csv
1361,4,2,2,Reader_2_3.csv
1361,2,2,0,Reader_2_4.csv
1361,3,1,2,Reader_2_5.csv
1361,1,1,0,Reader_2_6.csv
1361,1,1,0,Reader_2_7.csv
1361,0,0,0,Reader_2_8.csv
1361,0,0,0,Reader_2_9.csv
1361,16,14,2,reader_3_1.csv
1361,9,8,1,Reader_3_2.csv
1361,8,6,2,Reader_3_3.csv
1361,8,6,2,Reader_3_4.csv
1361,2,2,0,Reader_3_5.csv
1361,2,1,1,Reader_3_6.csv
1361,7,7,0,Reader_3_7.csv
1362,78,75,3,Reader_1_1.csv
1362,1,0,1,Reader_1_10.csv
1362,1,1,0,Reader_1_11.csv
1362,0,0,0,Reader_1_12.csv
1362,3,2,1,Reader_1_2.csv
1362,3,2,1,Reader_1_3.csv
1362,1,1,0,Reader_1_4.csv
1362,2,2,0,Reader_1_5.csv
1362,1,0,1,Reader_1_6.csv
1362,2,0,2,Reader_1_7.csv
1362,0,0,0,Reader_1_8.csv
1362,0,0,0,Reader_1_9.csv
1362,1,1,0,Reader_2_1.csv
1362,0,0,0,Reader_2_10.csv
1362,0,0,0,Reader_2_11.csv
1362,0,0,0,Reader_2_12.csv
1362,0,0,0,Reader_2_2.csv
1362,3,2,1,Reader_2_3.csv
1362,3,3,0,Reader_2_4.csv
1362,2,1,1,Reader_2_5.csv
1362,1,1,0,Reader_2_6.csv
1362,1,1,0,Reader_2_7.csv
1362,0,0,0,Reader_2_8.csv
1362,0,0,0,Reader_2_9.csv
1362,15,14,1,reader_3_1.csv
1362,9,8,1,Reader_3_2.csv
1362,6,5,1,Reader_3_3.csv
1362,6,5,1,Reader_3_4.csv
1362,4,4,0,Reader_3_5.csv
1362,2,1,1,Reader_3_6.csv
1362,7,7,0,Reader_3_7.csv
1363,75,72,3,Reader_1_1.csv
1363,1,0,1,Reader_1_10.csv
1363,1,1,0,Reader_1_11.csv
1363,0,0,0,Reader_1_12.csv
1363,2,2,0,Reader_1_2.csv
1363,3,2,1,Reader_1_3.csv
1363,0,0,0,Reader_1_4.csv
1363,3,3,0,Reader_1_5.csv
1363,1,0,1,Reader_1_6.csv
1363,2,0,2,Reader_1_7.csv
1363,0,0,0,Reader_1_8.csv
1363,0,0,0,Reader_1_9.csv
1363,1,1,0,Reader_2_1.csv
1363,0,0,0,Reader_2_10.csv
1363,0,0,0,Reader_2_11.csv
1363,0,0,0,Reader_2_12.csv
1363,0,0,0,Reader_2_2.csv
1363,7,3,4,Reader_2_3.csv
1363,3,3,0,Reader_2_4.csv
1363,3,2,1,Reader_2_5.csv
1363,1,1,0,Reader_2_6.csv
1363,1,1,0,Reader_2_7.csv
1363,0,0,0,Reader_2_8.csv
1363,0,0,0,Reader_2_9.csv
1363,13,13,0,reader_3_1.csv
1363,11,10,1,Reader_3_2.csv
1363,7,6,1,Reader_3_3.csv
1363,7,6,1,Reader_3_4.csv
1363,5,5,0,Reader_3_5.csv
1363,2,1,1,Reader_3_6.csv
1363,7,6,1,Reader_3_7.csv
1364,76,72,4,Reader_1_1.csv
1364,1,0,1,Reader_1_10.csv
1364,1,1,0,Reader_1_11.csv
1364,1,1,0,Reader_1_12.csv
1364,2,2,0,Reader_1_2.csv
1364,3,2,1,Reader_1_3.csv
1364,0,0,0,Reader_1_4.csv
1364,3,3,0,Reader_1_5.csv
1364,1,0,1,Reader_1_6.csv
1364,1,0,1,Reader_1_7.csv
1364,0,0,0,Reader_1_8.csv
1364,0,0,0,Reader_1_9.csv
1364,1,1,0,Reader_2_1.csv
1364,0,0,0,Reader_2_10.csv
1364,0,0,0,Reader_2_11.csv
1364,0,0,0,Reader_2_12.csv
1364,0,0,0,Reader_2_2.csv
1364,7,3,4,Reader_2_3.csv
1364,2,2,0,Reader_2_4.csv
1364,4,3,1,Reader_2_5.csv
1364,1,1,0,Reader_2_6.csv
1364,0,0,0,Reader_2_7.csv
1364,0,0,0,Reader_2_8.csv
1364,0,0,0,Reader_2_9.csv
1364,12,12,0,reader_3_1.csv
1364,12,11,1,Reader_3_2.csv
1364,6,5,1,Reader_3_3.csv
1364,6,5,1,Reader_3_4.csv
1364,5,4,1,Reader_3_5.csv
1364,2,1,1,Reader_3_6.csv
1364,8,7,1,Reader_3_7.csv
1365,73,70,3,Reader_1_1.csv
1365,2,1,1,Reader_1_10.csv
1365,1,1,0,Reader_1_11.csv
1365,1,1,0,Reader_1_12.csv
1365,4,4,0,Reader_1_2.csv
1365,3,2,1,Reader_1_3.csv
1365,0,0,0,Reader_1_4.csv
1365,3,3,0,Reader_1_5.csv
1365,2,0,2,Reader_1_6.csv
1365,1,0,1,Reader_1_7.csv
1365,0,0,0,Reader_1_8.csv
1365,0,0,0,Reader_1_9.csv
1365,2,2,0,Reader_2_1.csv
1365,0,0,0,Reader_2_10.csv
1365,0,0,0,Reader_2_11.csv
1365,0,0,0,Reader_2_12.csv
1365,0,0,0,Reader_2_2.csv
1365,5,2,3,Reader_2_3.csv
1365,1,1,0,Reader_2_4.csv
1365,3,2,1,Reader_2_5.csv
1365,0,0,0,Reader_2_6.csv
1365,0,0,0,Reader_2_7.csv
1365,0,0,0,Reader_2_8.csv
1365,0,0,0,Reader_2_9.csv
1365,13,13,0,reader_3_1.csv
1365,12,11,1,Reader_3_2.csv
1365,5,4,1,Reader_3_3.csv
1365,5,4,1,Reader_3_4.csv
1365,6,5,1,Reader_3_5.csv
1365,2,1,1,Reader_3_6.csv
1365,8,7,1,Reader_3_7.csv
1366,69,66,3,Reader_1_1.csv
1366,2,1,1,Reader_1_10.csv
1366,1,1,0,Reader_1_11.csv
1366,1,1,0,Reader_1_12.csv
1366,4,4,0,Reader_1_2.csv
1366,3,2,1,Reader_1_3.csv
1366,0,0,0,Reader_1_4.csv
1366,3,3,0,Reader_1_5.csv
1366,2,0,2,Reader_1_6.csv
1366,1,0,1,Reader_1_7.csv
1366,0,0,0,Reader_1_8.csv
1366,0,0,0,Reader_1_9.csv
1366,2,2,0,Reader_2_1.csv
1366,0,0,0,Reader_2_10.csv
1366,1,1,0,Reader_2_11.csv
1366,0,0,0,Reader_2_12.csv
1366,0,0,0,Reader_2_2.csv
1366,5,2,3,Reader_2_3.csv
1366,1,1,0,Reader_2_4.csv
1366,3,2,1,Reader_2_5.csv
1366,0,0,0,Reader_2_6.csv
1366,0,0,0,Reader_2_7.csv
1366,0,0,0,Reader_2_8.csv
1366,0,0,0,Reader_2_9.csv
1366,10,10,0,reader_3_1.csv
1366,14,13,1,Reader_3_2.csv
1366,5,4,1,Reader_3_3.csv
1366,5,4,1,Reader_3_4.csv
1366,6,5,1,Reader_3_5.csv
1366,1,0,1,Reader_3_6.csv
1366,8,7,1,Reader_3_7.csv
1367,71,69,2,Reader_1_1.csv
1367,1,1,0,Reader_1_10.csv
1367,1,1,0,Reader_1_11.csv
1367,1,1,0,Reader_1_12.csv
1367,5,5,0,Reader_1_2.csv
1367,2,2,0,Reader_1_3.csv
1367,0,0,0,Reader_1_4.csv
1367,4,4,0,Reader_1_5.csv
1367,2,1,1,Reader_1_6.csv
1367,1,0,1,Reader_1_7.csv
1367,0,0,0,Reader_1_8.csv
1367,0,0,0,Reader_1_9.csv
1367,1,1,0,Reader_2_1.csv
1367,0,0,0,Reader_2_10.csv
1367,1,1,0,Reader_2_11.csv
1367,0,0,0,Reader_2_12.csv
1367,0,0,0,Reader_2_2.csv
1367,4,1,3,Reader_2_3.csv
1367,1,1,0,Reader_2_4.csv
1367,2,2,0,Reader_2_5.csv
1367,0,0,0,Reader_2_6.csv
1367,0,0,0,Reader_2_7.csv
1367,0,0,0,Reader_2_8.csv
1367,0,0,0,Reader_2_9.csv
1367,6,6,0,reader_3_1.csv
1367,15,13,2,Reader_3_2.csv
1367,5,4,1,Reader_3_3.csv
1367,5,4,1,Reader_3_4.csv
1367,8,7,1,Reader_3_5.csv
1367,2,1,1,Reader_3_6.csv
1367,5,4,1,Reader_3_7.csv
1368,64,62,2,Reader_1_1.csv
1368,1,1,0,Reader_1_10.csv
1368,1,1,0,Reader_1_11.csv
1368,2,2,0,Reader_1_12.csv
1368,5,5,0,Reader_1_2.csv
1368,2,2,0,Reader_1_3.csv
1368,0,0,0,Reader_1_4.csv
1368,3,3,0,Reader_1_5.csv
1368,2,1,1,Reader_1_6.csv
1368,1,0,1,Reader_1_7.csv
1368,0,0,0,Reader_1_8.csv
1368,0,0,0,Reader_1_9.csv
1368,1,1,0,Reader_2_1.csv
1368,0,0,0,Reader_2_10.csv
1368,1,1,0,Reader_2_11.csv
1368,0,0,0,Reader_2_12.csv
1368,0,0,0,Reader_2_2.csv
1368,4,1,3,Reader_2_3.csv
1368,1,1,0,Reader_2_4.csv
1368,2,2,0,Reader_2_5.csv
1368,0,0,0,Reader_2_6.csv
1368,0,0,0,Reader_2_7.csv
1368,0,0,0,Reader_2_8.csv
1368,0,0,0,Reader_2_9.csv
1368,6,6,0,reader_3_1.csv
1368,11,10,1,Reader_3_2.csv
1368,4,4,0,Reader_3_3.csv
1368,4,4,0,Reader_3_4.csv
1368,8,7,1,Reader_3_5.csv
1368,2,1,1,Reader_3_6.csv
1368,4,2,2,Reader_3_7.csv
1369,57,55,2,Reader_1_1.csv
1369,1,1,0,Reader_1_10.csv
1369,1,1,0,Reader_1_11.csv
1369,2,2,0,Reader_1_12.csv
1369,4,4,0,Reader_1_2.csv
1369,2,2,0,Reader_1_3.csv
1369,0,0,0,Reader_1_4.csv
1369,5,4,1,Reader_1_5.csv
1369,2,1,1,Reader_1_6.csv
1369,0,0,0,Reader_1_7.csv
1369,0,0,0,Reader_1_8.csv
1369,0,0,0,Reader_1_9.csv
1369,1,1,0,Reader_2_1.csv
1369,0,0,0,Reader_2_10.csv
1369,1,1,0,Reader_2_11.csv
1369,0,0,0,Reader_2_12.csv
1369,0,0,0,Reader_2_2.csv
1369,4,1,3,Reader_2_3.csv
1369,1,1,0,Reader_2_4.csv
1369,2,2,0,Reader_2_5.csv
1369,0,0,0,Reader_2_6.csv
1369,0,0,0,Reader_2_7.csv
1369,0,0,0,Reader_2_8.csv
1369,0,0,0,Reader_2_9.csv
1369,6,6,0,reader_3_1.csv
1369,12,11,1,Reader_3_2.csv
1369,3,3,0,Reader_3_3.csv
1369,3,3,0,Reader_3_4.csv
1369,8,7,1,Reader_3_5.csv
1369,2,2,0,Reader_3_6.csv
1369,4,2,2,Reader_3_7.csv
1370,49,48,1,Reader_1_1.csv
1370,1,1,0,Reader_1_10.csv
1370,0,0,0,Reader_1_11.csv
1370,2,2,0,Reader_1_12.csv
1370,5,5,0,Reader_1_2.csv
1370,2,2,0,Reader_1_3.csv
1370,0,0,0,Reader_1_4.csv
1370,4,3,1,Reader_1_5.csv
1370,2,1,1,Reader_1_6.csv
1370,0,0,0,Reader_1_7.csv
1370,0,0,0,Reader_1_8.csv
1370,0,0,0,Reader_1_9.csv
1370,1,1,0,Reader_2_1.csv
1370,1,1,0,Reader_2_10.csv
1370,1,1,0,Reader_2_11.csv
1370,0,0,0,Reader_2_12.csv
1370,0,0,0,Reader_2_2.csv
1370,5,2,3,Reader_2_3.csv
1370,0,0,0,Reader_2_4.csv
1370,2,2,0,Reader_2_5.csv
1370,0,0,0,Reader_2_6.csv
1370,0,0,0,Reader_2_7.csv
1370,0,0,0,Reader_2_8.csv
1370,0,0,0,Reader_2_9.csv
1370,5,5,0,reader_3_1.csv
1370,13,12,1,Reader_3_2.csv
1370,3,3,0,Reader_3_3.csv
1370,3,3,0,Reader_3_4.csv
1370,7,6,1,Reader_3_5.csv
1370,2,2,0,Reader_3_6.csv
1370,4,2,2,Reader_3_7.csv
1371,44,43,1,Reader_1_1.csv
1371,1,1,0,Reader_1_10.csv
1371,0,0,0,Reader_1_11.csv
1371,2,2,0,Reader_1_12.csv
1371,6,6,0,Reader_1_2.csv
1371,1,1,0,Reader_1_3.csv
1371,0,0,0,Reader_1_4.csv
1371,5,4,1,Reader_1_5.csv
1371,2,1,1,Reader_1_6.csv
1371,1,1,0,Reader_1_7.csv
1371,0,0,0,Reader_1_8.csv
1371,0,0,0,Reader_1_9.csv
1371,1,1,0,Reader_2_1.csv
1371,1,1,0,Reader_2_10.csv
1371,1,1,0,Reader_2_11.csv
1371,0,0,0,Reader_2_12.csv
1371,0,0,0,Reader_2_2.csv
1371,2,1,1,Reader_2_3.csv
1371,0,0,0,Reader_2_4.csv
1371,1,1,0,Reader_2_5.csv
1371,0,0,0,Reader_2_6.csv
1371,0,0,0,Reader_2_7.csv
1371,0,0,0,Reader_2_8.csv
1371,0,0,0,Reader_2_9.csv
1371,5,5,0,reader_3_1.csv
1371,11,10,1,Reader_3_2.csv
1371,2,2,0,Reader_3_3.csv
1371,2,2,0,Reader_3_4.csv
1371,6,5,1,Reader_3_5.csv
1371,2,2,0,Reader_3_6.csv
1371,4,3,1,Reader_3_7.csv
1372,37,37,0,Reader_1_1.csv
1372,1,1,0,Reader_1_10.csv
1372,1,1,0,Reader_1_11.csv
1372,1,1,0,Reader_1_12.csv
1372,6,6,0,Reader_1_2.csv
1372,1,1,0,Reader_1_3.csv
1372,0,0,0,Reader_1_4.csv
1372,6,5,1,Reader_1_5.csv
1372,2,1,1,Reader_1_6.csv
1372,1,1,0,Reader_1_7.csv
1372,0,0,0,Reader_1_8.csv
1372,0,0,0,Reader_1_9.csv
1372,1,1,0,Reader_2_1.csv
1372,1,1,0,Reader_2_10.csv
1372,1,1,0,Reader_2_11.csv
1372,0,0,0,Reader_2_12.csv
1372,0,0,0,Reader_2_2.csv
1372,2,1,1,Reader_2_3.csv
1372,0,0,0,Reader_2_4.csv
1372,0,0,0,Reader_2_5.csv
1372,0,0,0,Reader_2_6.csv
1372,0,0,0,Reader_2_7.csv
1372,0,0,0,Reader_2_8.csv
1372,0,0,0,Reader_2_9.csv
1372,3,3,0,reader_3_1.csv
1372,9,8,1,Reader_3_2.csv
1372,1,1,0,Reader_3_3.csv
1372,1,1,0,Reader_3_4.csv
1372,5,5,0,Reader_3_5.csv
1372,2,2,0,Reader_3_6.csv
1372,3,2,1,Reader_3_7.csv
1373,31,31,0,Reader_1_1.csv
1373,0,0,0,Reader_1_10.csv
1373,1,1,0,Reader_1_11.csv
1373,1,1,0,Reader_1_12.csv
1373,5,5,0,Reader_1_2.csv
1373,1,1,0,Reader_1_3.csv
1373,0,0,0,Reader_1_4.csv
1373,6,5,1,Reader_1_5.csv
1373,1,1,0,Reader_1_6.csv
1373,2,1,1,Reader_1_7.csv
1373,0,0,0,Reader_1_8.csv
1373,0,0,0,Reader_1_9.csv
1373,0,0,0,Reader_2_1.csv
1373,1,1,0,Reader_2_10.csv
1373,1,1,0,Reader_2_11.csv
1373,0,0,0,Reader_2_12.csv
1373,0,0,0,Reader_2_2.csv
1373,2,1,1,Reader_2_3.csv
1373,0,0,0,Reader_2_4.csv
1373,0,0,0,Reader_2_5.csv
1373,0,0,0,Reader_2_6.csv
1373,0,0,0,Reader_2_7.csv
1373,0,0,0,Reader_2_8.csv
1373,0,0,0,Reader_2_9.csv
1373,2,2,0,reader_3_1.csv
1373,9,8,1,Reader_3_2.csv
1373,2,2,0,Reader_3_3.csv
1373,2,2,0,Reader_3_4.csv
1373,3,3,0,Reader_3_5.csv
1373,3,2,1,Reader_3_6.csv
1373,5,3,2,Reader_3_7.csv
1374,32,32,0,Reader_1_1.csv
1374,0,0,0,Reader_1_10.csv
1374,1,1,0,Reader_1_11.csv
1374,1,1,0,Reader_1_12.csv
1374,5,5,0,Reader_1_2.csv
1374,1,1,0,Reader_1_3.csv
1374,0,0,0,Reader_1_4.csv
1374,6,5,1,Reader_1_5.csv
1374,1,1,0,Reader_1_6.csv
1374,3,2,1,Reader_1_7.csv
1374,0,0,0,Reader_1_8.csv
1374,0,0,0,Reader_1_9.csv
1374,0,0,0,Reader_2_1.csv
1374,1,1,0,Reader_2_10.csv
1374,0,0,0,Reader_2_11.csv
1374,0,0,0,Reader_2_12.csv
1374,0,0,0,Reader_2_2.csv
1374,2,1,1,Reader_2_3.csv
1374,0,0,0,Reader_2_4.csv
1374,0,0,0,Reader_2_5.csv
1374,0,0,0,Reader_2_6.csv
1374,0,0,0,Reader_2_7.csv
1374,0,0,0,Reader_2_8.csv
1374,0,0,0,Reader_2_9.csv
1374,2,2,0,reader_3_1.csv
1374,10,7,3,Reader_3_2.csv
1374,2,2,0,Reader_3_3.csv
1374,2,2,0,Reader_3_4.csv
1374,3,3,0,Reader_3_5.csv
1374,3,2,1,Reader_3_6.csv
1374,6,4,2,Reader_3_7.csv
1375,23,23,0,Reader_1_1.csv
1375,0,0,0,Reader_1_10.csv
1375,1,1,0,Reader_1_11.csv
1375,1,1,0,Reader_1_12.csv
1375,6,5,1,Reader_1_2.csv
1375,1,1,0,Reader_1_3.csv
1375,0,0,0,Reader_1_4.csv
1375,5,4,1,Reader_1_5.csv
1375,0,0,0,Reader_1_6.csv
1375,3,2,1,Reader_1_7.csv
1375,0,0,0,Reader_1_8.csv
1375,0,0,0,Reader_1_9.csv
1375,1,1,0,Reader_2_1.csv
1375,1,1,0,Reader_2_10.csv
1375,0,0,0,Reader_2_11.csv
1375,0,0,0,Reader_2_12.csv
1375,0,0,0,Reader_2_2.csv
1375,2,1,1,Reader_2_3.csv
1375,0,0,0,Reader_2_4.csv
1375,1,0,1,Reader_2_5.csv
1375,0,0,0,Reader_2_6.csv
1375,0,0,0,Reader_2_7.csv
1375,0,0,0,Reader_2_8.csv
1375,0,0,0,Reader_2_9.csv
1375,2,2,0,reader_3_1.csv
1375,9,7,2,Reader_3_2.csv
1375,5,4,1,Reader_3_3.csv
1375,5,4,1,Reader_3_4.csv
1375,2,2,0,Reader_3_5.csv
1375,2,1,1,Reader_3_6.csv
1375,7,5,2,Reader_3_7.csv
1376,23,23,0,Reader_1_1.csv
1376,0,0,0,Reader_1_10.csv
1376,2,2,0,Reader_1_11.csv
1376,0,0,0,Reader_1_12.csv
1376,6,5,1,Reader_1_2.csv
1376,1,1,0,Reader_1_3.csv
1376,1,0,1,Reader_1_4.csv
1376,6,4,2,Reader_1_5.csv
1376,0,0,0,Reader_1_6.csv
1376,3,2,1,Reader_1_7.csv
1376,0,0,0,Reader_1_8.csv
1376,0,0,0,Reader_1_9.csv
1376,3,3,0,Reader_2_1.csv
1376,1,1,0,Reader_2_10.csv
1376,0,0,0,Reader_2_11.csv
1376,0,0,0,Reader_2_12.csv
1376,0,0,0,Reader_2_2.csv
1376,2,1,1,Reader_2_3.csv
1376,0,0,0,Reader_2_4.csv
1376,1,0,1,Reader_2_5.csv
1376,0,0,0,Reader_2_6.csv
1376,0,0,0,Reader_2_7.csv
1376,0,0,0,Reader_2_8.csv
1376,0,0,0,Reader_2_9.csv
1376,2,2,0,reader_3_1.csv
1376,9,7,2,Reader_3_2.csv
1376,5,4,1,Reader_3_3.csv
1376,5,4,1,Reader_3_4.csv
1376,3,3,0,Reader_3_5.csv
1376,2,1,1,Reader_3_6.csv
1376,5,4,1,Reader_3_7.csv
1377,17,17,0,Reader_1_1.csv
1377,0,0,0,Reader_1_10.csv
1377,2,2,0,Reader_1_11.csv
1377,0,0,0,Reader_1_12.csv
1377,5,4,1,Reader_1_2.csv
1377,1,1,0,Reader_1_3.csv
1377,1,0,1,Reader_1_4.csv
1377,4,3,1,Reader_1_5.csv
1377,0,0,0,Reader_1_6.csv
1377,4,3,1,Reader_1_7.csv
1377,0,0,0,Reader_1_8.csv
1377,1,1,0,Reader_1_9.csv
1377,3,3,0,Reader_2_1.csv
1377,1,1,0,Reader_2_10.csv
1377,0,0,0,Reader_2_11.csv
1377,0,0,0,Reader_2_12.csv
1377,0,0,0,Reader_2_2.csv
1377,2,1,1,Reader_2_3.csv
1377,0,0,0,Reader_2_4.csv
1377,1,0,1,Reader_2_5.csv
1377,0,0,0,Reader_2_6.csv
1377,0,0,0,Reader_2_7.csv
1377,0,0,0,Reader_2_8.csv
1377,0,0,0,Reader_2_9.csv
1377,5,4,1,reader_3_1.csv
1377,7,5,2,Reader_3_2.csv
1377,6,5,1,Reader_3_3.csv
1377,6,5,1,Reader_3_4.csv
1377,3,3,0,Reader_3_5.csv
1377,1,0,1,Reader_3_6.csv
1377,6,4,2,Reader_3_7.csv
1378,16,16,0,Reader_1_1.csv
1378,0,0,0,Reader_1_10.csv
1378,2,2,0,Reader_1_11.csv
1378,1,1,0,Reader_1_12.csv
1378,4,3,1,Reader_1_2.csv
1378,1,1,0,Reader_1_3.csv
1378,1,0,1,Reader_1_4.csv
1378,6,4,2,Reader_1_5.csv
1378,0,0,0,Reader_1_6.csv
1378,4,3,1,Reader_1_7.csv
1378,0,0,0,Reader_1_8.csv
1378,2,2,0,Reader_1_9.csv
1378,3,3,0,Reader_2_1.csv
1378,0,0,0,Reader_2_10.csv
1378,0,0,0,Reader_2_11.csv
1378,0,0,0,Reader_2_12.csv
1378,0,0,0,Reader_2_2.csv
1378,1,0,1,Reader_2_3.csv
1378,0,0,0,Reader_2_4.csv
1378,1,0,1,Reader_2_5.csv
1378,0,0,0,Reader_2_6.csv
1378,0,0,0,Reader_2_7.csv
1378,0,0,0,Reader_2_8.csv
1378,0,0,0,Reader_2_9.csv
1378,10,8,2,reader_3_1.csv
1378,6,4,2,Reader_3_2.csv
1378,6,5,1,Reader_3_3.csv
1378,6,5,1,Reader_3_4.csv
1378,2,2,0,Reader_3_5.csv
1378,1,0,1,Reader_3_6.csv
1378,7,4,3,Reader_3_7.csv
1379,14,14,0,Reader_1_1.csv
1379,0,0,0,Reader_1_10.csv
1379,2,2,0,Reader_1_11.csv
1379,1,1,0,Reader_1_12.csv
1379,3,2,1,Reader_1_2.csv
1379,1,1,0,Reader_1_3.csv
1379,2,1,1,Reader_1_4.csv
1379,6,4,2,Reader_1_5.csv
1379,0,0,0,Reader_1_6.csv
1379,3,2,1,Reader_1_7.csv
1379,0,0,0,Reader_1_8.csv
1379,2,2,0,Reader_1_9.csv
1379,3,3,0,Reader_2_1.csv
1379,0,0,0,Reader_2_10.csv
1379,0,0,0,Reader_2_11.csv
1379,0,0,0,Reader_2_12.csv
1379,0,0,0,Reader_2_2.csv
1379,1,1,0,Reader_2_3.csv
1379,0,0,0,Reader_2_4.csv
1379,1,0,1,Reader_2_5.csv
1379,0,0,0,Reader_2_6.csv
1379,0,0,0,Reader_2_7.csv
1379,0,0,0,Reader_2_8.csv
1379,0,0,0,Reader_2_9.csv
1379,10,8,2,reader_3_1.csv
1379,7,5,2,Reader_3_2.csv
1379,8,7,1,Reader_3_3.csv
1379,8,7,1,Reader_3_4.csv
1379,2,2,0,Reader_3_5.csv
1379,2,1,1,Reader_3_6.csv
1379,6,3,3,Reader_3_7.csv
1380,12,12,0,Reader_1_1.csv
1380,0,0,0,Reader_1_10.csv
1380,1,1,0,Reader_1_11.csv
1380,2,2,0,Reader_1_12.csv
1380,3,2,1,Reader_1_2.csv
1380,1,1,0,Reader_1_3.csv
1380,2,1,1,Reader_1_4.csv
1380,6,4,2,Reader_1_5.csv
1380,0,0,0,Reader_1_6.csv
1380,4,3,1,Reader_1_7.csv
1380,0,0,0,Reader_1_8.csv
1380,2,2,0,Reader_1_9.csv
1380,3,3,0,Reader_2_1.csv
1380,0,0,0,Reader_2_10.csv
1380,0,0,0,Reader_2_11.csv
1380,1,1,0,Reader_2_12.csv
1380,0,0,0,Reader_2_2.csv
1380,1,1,0,Reader_2_3.csv
1380,0,0,0,Reader_2_4.csv
1380,1,0,1,Reader_2_5.csv
1380,0,0,0,Reader_2_6.csv
1380,0,0,0,Reader_2_7.csv
1380,0,0,0,Reader_2_8.csv
1380,0,0,0,Reader_2_9.csv
1380,12,9,3,reader_3_1.csv
1380,9,7,2,Reader_3_2.csv
1380,9,8,1,Reader_3_3.csv
1380,9,8,1,Reader_3_4.csv
1380,2,2,0,Reader_3_5.csv
1380,3,2,1,Reader_3_6.csv
1380,6,3,3,Reader_3_7.csv
1381,12,12,0,Reader_1_1.csv
1381,0,0,0,Reader_1_10.csv
1381,1,1,0,Reader_1_11.csv
1381,2,2,0,Reader_1_12.csv
1381,3,2,1,Reader_1_2.csv
1381,1,1,0,Reader_1_3.csv
1381,2,1,1,Reader_1_4.csv
1381,9,6,3,Reader_1_5.csv
1381,1,1,0,Reader_1_6.csv
1381,3,3,0,Reader_1_7.csv
1381,0,0,0,Reader_1_8.csv
1381,2,2,0,Reader_1_9.csv
1381,3,3,0,Reader_2_1.csv
1381,0,0,0,Reader_2_10.csv
1381,0,0,0,Reader_2_11.csv
1381,1,1,0,Reader_2_12.csv
1381,0,0,0,Reader_2_2.csv
1381,1,1,0,Reader_2_3.csv
1381,0,0,0,Reader_2_4.csv
1381,1,0,1,Reader_2_5.csv
1381,0,0,0,Reader_2_6.csv
1381,0,0,0,Reader_2_7.csv
1381,0,0,0,Reader_2_8.csv
1381,0,0,0,Reader_2_9.csv
1381,11,8,3,reader_3_1.csv
1381,9,7,2,Reader_3_2.csv
1381,9,8,1,Reader_3_3.csv
1381,9,8,1,Reader_3_4.csv
1381,2,2,0,Reader_3_5.csv
1381,3,3,0,Reader_3_6.csv
1381,4,2,2,Reader_3_7.csv
1382,11,11,0,Reader_1_1.csv
1382,0,0,0,Reader_1_10.csv
1382,1,1,0,Reader_1_11.csv
1382,2,2,0,Reader_1_12.csv
1382,3,2,1,Reader_1_2.csv
1382,0,0,0,Reader_1_3.csv
1382,2,1,1,Reader_1_4.csv
1382,10,7,3,Reader_1_5.csv
1382,2,2,0,Reader_1_6.csv
1382,2,2,0,Reader_1_7.csv
1382,0,0,0,Reader_1_8.csv
1382,2,2,0,Reader_1_9.csv
1382,3,3,0,Reader_2_1.csv
1382,0,0,0,Reader_2_10.csv
1382,1,1,0,Reader_2_11.csv
1382,1,1,0,Reader_2_12.csv
1382,0,0,0,Reader_2_2.csv
1382,1,1,0,Reader_2_3.csv
1382,2,2,0,Reader_2_4.csv
1382,1,0,1,Reader_2_5.csv
1382,0,0,0,Reader_2_6.csv
1382,0,0,0,Reader_2_7.csv
1382,0,0,0,Reader_2_8.csv
1382,0,0,0,Reader_2_9.csv
1382,13,9,4,reader_3_1.csv
1382,8,8,0,Reader_3_2.csv
1382,12,10,2,Reader_3_3.csv
1382,12,10,2,Reader_3_4.csv
1382,2,2,0,Reader_3_5.csv
1382,3,3,0,Reader_3_6.csv
1382,3,1,2,Reader_3_7.csv
1383,12,12,0,Reader_1_1.csv
1383,0,0,0,Reader_1_10.csv
1383,1,1,0,Reader_1_11.csv
1383,2,2,0,Reader_1_12.csv
1383,1,1,0,Reader_1_2.csv
1383,0,0,0,Reader_1_3.csv
1383,2,1,1,Reader_1_4.csv
1383,11,8,3,Reader_1_5.csv
1383,2,2,0,Reader_1_6.csv
1383,2,2,0,Reader_1_7.csv
1383,0,0,0,Reader_1_8.csv
1383,3,3,0,Reader_1_9.csv
1383,2,2,0,Reader_2_1.csv
1383,0,0,0,Reader_2_10.csv
1383,1,1,0,Reader_2_11.csv
1383,1,1,0,Reader_2_12.csv
1383,0,0,0,Reader_2_2.csv
1383,1,1,0,Reader_2_3.csv
1383,2,2,0,Reader_2_4.csv
1383,0,0,0,Reader_2_5.csv
1383,0,0,0,Reader_2_6.csv
1383,0,0,0,Reader_2_7.csv
1383,0,0,0,Reader_2_8.csv
1383,1,1,0,Reader_2_9.csv
1383,13,9,4,reader_3_1.csv
1383,9,9,0,Reader_3_2.csv
1383,10,9,1,Reader_3_3.csv
1383,10,9,1,Reader_3_4.csv
1383,1,1,0,Reader_3_5.csv
1383,4,3,1,Reader_3_6.csv
1383,2,0,2,Reader_3_7.csv
1384,13,13,0,Reader_1_1.csv
1384,0,0,0,Reader_1_10.csv
1384,0,0,0,Reader_1_11.csv
1384,3,3,0,Reader_1_12.csv
1384,2,2,0,Reader_1_2.csv
1384,0,0,0,Reader_1_3.csv
1384,1,1,0,Reader_1_4.csv
1384,10,8,2,Reader_1_5.csv
1384,2,2,0,Reader_1_6.csv
1384,2,2,0,Reader_1_7.csv
1384,0,0,0,Reader_1_8.csv
1384,3,3,0,Reader_1_9.csv
1384,0,0,0,Reader_2_1.csv
1384,0,0,0,Reader_2_10.csv
1384,2,2,0,Reader_2_11.csv
1384,1,1,0,Reader_2_12.csv
1384,0,0,0,Reader_2_2.csv
1384,1,1,0,Reader_2_3.csv
1384,4,3,1,Reader_2_4.csv
1384,0,0,0,Reader_2_5.csv
1384,0,0,0,Reader_2_6.csv
1384,0,0,0,Reader_2_7.csv
1384,0,0,0,Reader_2_8.csv
1384,1,1,0,Reader_2_9.csv
1384,15,11,4,reader_3_1.csv
1384,10,10,0,Reader_3_2.csv
1384,11,9,2,Reader_3_3.csv
1384,11,9,2,Reader_3_4.csv
1384,0,0,0,Reader_3_5.csv
1384,4,3,1,Reader_3_6.csv
1384,2,0,2,Reader_3_7.csv
1385,13,13,0,Reader_1_1.csv
1385,0,0,0,Reader_1_10.csv
1385,0,0,0,Reader_1_11.csv
1385,5,5,0,Reader_1_12.csv
1385,2,2,0,Reader_1_2.csv
1385,0,0,0,Reader_1_3.csv
1385,1,1,0,Reader_1_4.csv
1385,12,10,2,Reader_1_5.csv
1385,2,2,0,Reader_1_6.csv
1385,1,1,0,Reader_1_7.csv
1385,0,0,0,Reader_1_8.csv
1385,2,2,0,Reader_1_9.csv
1385,0,0,0,Reader_2_1.csv
1385,0,0,0,Reader_2_10.csv
1385,2,2,0,Reader_2_11.csv
1385,1,1,0,Reader_2_12.csv
1385,0,0,0,Reader_2_2.csv
1385,2,1,1,Reader_2_3.csv
1385,5,4,1,Reader_2_4.csv
1385,0,0,0,Reader_2_5.csv
1385,0,0,0,Reader_2_6.csv
1385,0,0,0,Reader_2_7.csv
1385,0,0,0,Reader_2_8.csv
1385,1,1,0,Reader_2_9.csv
1385,13,10,3,reader_3_1.csv
1385,11,11,0,Reader_3_2.csv
1385,11,9,2,Reader_3_3.csv
1385,11,9,2,Reader_3_4.csv
1385,0,0,0,Reader_3_5.csv
1385,4,3,1,Reader_3_6.csv
1385,1,0,1,Reader_3_7.csv
1386,13,13,0,Reader_1_1.csv
1386,0,0,0,Reader_1_10.csv
1386,0,0,0,Reader_1_11.csv
1386,4,4,0,Reader_1_12.csv
1386,2,2,0,Reader_1_2.csv
1386,0,0,0,Reader_1_3.csv
1386,1,1,0,Reader_1_4.csv
1386,10,9,1,Reader_1_5.csv
1386,2,2,0,Reader_1_6.csv
1386,2,2,0,Reader_1_7.csv
1386,0,0,0,Reader_1_8.csv
1386,1,1,0,Reader_1_9.csv
1386,0,0,0,Reader_2_1.csv
1386,0,0,0,Reader_2_10.csv
1386,2,2,0,Reader_2_11.csv
1386,1,1,0,Reader_2_12.csv
1386,0,0,0,Reader_2_2.csv
1386,2,1,1,Reader_2_3.csv
1386,5,4,1,Reader_2_4.csv
1386,0,0,0,Reader_2_5.csv
1386,0,0,0,Reader_2_6.csv
1386,0,0,0,Reader_2_7.csv
1386,0,0,0,Reader_2_8.csv
1386,1,1,0,Reader_2_9.csv
1386,8,6,2,reader_3_1.csv
1386,11,11,0,Reader_3_2.csv
1386,11,9,2,Reader_3_3.csv
1386,11,9,2,Reader_3_4.csv
1386,1,1,0,Reader_3_5.csv
1386,4,3,1,Reader_3_6.csv
1386,0,0,0,Reader_3_7.csv
1387,12,12,0,Reader_1_1.csv
1387,0,0,0,Reader_1_10.csv
1387,0,0,0,Reader_1_11.csv
1387,4,4,0,Reader_1_12.csv
1387,2,2,0,Reader_1_2.csv
1387,0,0,0,Reader_1_3.csv
1387,0,0,0,Reader_1_4.csv
1387,11,10,1,Reader_1_5.csv
1387,2,2,0,Reader_1_6.csv
1387,2,2,0,Reader_1_7.csv
1387,0,0,0,Reader_1_8.csv
1387,1,1,0,Reader_1_9.csv
1387,2,2,0,Reader_2_1.csv
1387,0,0,0,Reader_2_10.csv
1387,2,2,0,Reader_2_11.csv
1387,1,1,0,Reader_2_12.csv
1387,0,0,0,Reader_2_2.csv
1387,1,0,1,Reader_2_3.csv
1387,6,5,1,Reader_2_4.csv
1387,0,0,0,Reader_2_5.csv
1387,0,0,0,Reader_2_6.csv
1387,0,0,0,Reader_2_7.csv
1387,0,0,0,Reader_2_8.csv
1387,1,1,0,Reader_2_9.csv
1387,8,6,2,reader_3_1.csv
1387,12,12,0,Reader_3_2.csv
1387,9,7,2,Reader_3_3.csv
1387,9,7,2,Reader_3_4.csv
1387,2,2,0,Reader_3_5.csv
1387,3,2,1,Reader_3_6.csv
1387,1,0,1,Reader_3_7.csv
1388,12,12,0,Reader_1_1.csv
1388,0,0,0,Reader_1_10.csv
1388,0,0,0,Reader_1_11.csv
1388,3,3,0,Reader_1_12.csv
1388,2,2,0,Reader_1_2.csv
1388,0,0,0,Reader_1_3.csv
1388,0,0,0,Reader_1_4.csv
1388,10,9,1,Reader_1_5.csv
1388,2,2,0,Reader_1_6.csv
1388,1,1,0,Reader_1_7.csv
1388,0,0,0,Reader_1_8.csv
1388,1,1,0,Reader_1_9.csv
1388,2,2,0,Reader_2_1.csv
1388,0,0,0,Reader_2_10.csv
1388,2,2,0,Reader_2_11.csv
1388,0,0,0,Reader_2_12.csv
1388,0,0,0,Reader_2_2.csv
1388,1,0,1,Reader_2_3.csv
1388,6,5,1,Reader_2_4.csv
1388,0,0,0,Reader_2_5.csv
1388,0,0,0,Reader_2_6.csv
1388,0,0,0,Reader_2_7.csv
1388,0,0,0,Reader_2_8.csv
1388,1,1,0,Reader_2_9.csv
1388,7,6,1,reader_3_1.csv
1388,10,10,0,Reader_3_2.csv
1388,8,6,2,Reader_3_3.csv
1388,8,6,2,Reader_3_4.csv
1388,2,2,0,Reader_3_5.csv
1388,3,2,1,Reader_3_6.csv
1388,1,0,1,Reader_3_7.csv
1389,14,14,0,Reader_1_1.csv
1389,0,0,0,Reader_1_10.csv
1389,0,0,0,Reader_1_11.csv
1389,4,4,0,Reader_1_12.csv
1389,1,1,0,Reader_1_2.csv
1389,0,0,0,Reader_1_3.csv
1389,0,0,0,Reader_1_4.csv
1389,8,8,0,Reader_1_5.csv
1389,1,1,0,Reader_1_6.csv
1389,1,1,0,Reader_1_7.csv
1389,0,0,0,Reader_1_8.csv
1389,1,1,0,Reader_1_9.csv
1389,2,2,0,Reader_2_1.csv
1389,0,0,0,Reader_2_10.csv
1389,2,2,0,Reader_2_11.csv
1389,0,0,0,Reader_2_12.csv
1389,0,0,0,Reader_2_2.csv
1389,2,0,2,Reader_2_3.csv
1389,6,5,1,Reader_2_4.csv
1389,0,0,0,Reader_2_5.csv
1389,0,0,0,Reader_2_6.csv
1389,0,0,0,Reader_2_7.csv
1389,0,0,0,Reader_2_8.csv
1389,1,1,0,Reader_2_9.csv
1389,7,6,1,reader_3_1.csv
1389,9,9,0,Reader_3_2.csv
1389,9,7,2,Reader_3_3.csv
1389,9,7,2,Reader_3_4.csv
1389,3,3,0,Reader_3_5.csv
1389,3,2,1,Reader_3_6.csv
1389,2,1,1,Reader_3_7.csv
1390,10,10,0,Reader_1_1.csv
1390,0,0,0,Reader_1_10.csv
1390,0,0,0,Reader_1_11.csv
1390,5,5,0,Reader_1_12.csv
1390,1,1,0,Reader_1_2.csv
1390,0,0,0,Reader_1_3.csv
1390,1,1,0,Reader_1_4.csv
1390,7,7,0,Reader_1_5.csv
1390,0,0,0,Reader_1_6.csv
1390,3,3,0,Reader_1_7.csv
1390,0,0,0,Reader_1_8.csv
1390,1,1,0,Reader_1_9.csv
1390,2,2,0,Reader_2_1.csv
1390,0,0,0,Reader_2_10.csv
1390,1,1,0,Reader_2_11.csv
1390,0,0,0,Reader_2_12.csv
1390,0,0,0,Reader_2_2.csv
1390,2,0,2,Reader_2_3.csv
1390,5,4,1,Reader_2_4.csv
1390,0,0,0,Reader_2_5.csv
1390,0,0,0,Reader_2_6.csv
1390,0,0,0,Reader_2_7.csv
1390,0,0,0,Reader_2_8.csv
1390,1,1,0,Reader_2_9.csv
1390,5,5,0,reader_3_1.csv
1390,7,7,0,Reader_3_2.csv
1390,7,6,1,Reader_3_3.csv
1390,7,6,1,Reader_3_4.csv
1390,3,3,0,Reader_3_5.csv
1390,6,5,1,Reader_3_6.csv
1390,2,1,1,Reader_3_7.csv
1391,9,9,0,Reader_1_1.csv
1391,0,0,0,Reader_1_10.csv
1391,0,0,0,Reader_1_11.csv
1391,5,5,0,Reader_1_12.csv
1391,1,1,0,Reader_1_2.csv
1391,0,0,0,Reader_1_3.csv
1391,1,1,0,Reader_1_4.csv
1391,6,6,0,Reader_1_5.csv
1391,0,0,0,Reader_1_6.csv
1391,3,3,0,Reader_1_7.csv
1391,0,0,0,Reader_1_8.csv
1391,0,0,0,Reader_1_9.csv
1391,2,2,0,Reader_2_1.csv
1391,0,0,0,Reader_2_10.csv
1391,1,1,0,Reader_2_11.csv
1391,1,0,1,Reader_2_12.csv
1391,0,0,0,Reader_2_2.csv
1391,2,0,2,Reader_2_3.csv
1391,5,4,1,Reader_2_4.csv
1391,0,0,0,Reader_2_5.csv
1391,0,0,0,Reader_2_6.csv
1391,0,0,0,Reader_2_7.csv
1391,0,0,0,Reader_2_8.csv
1391,0,0,0,Reader_2_9.csv
1391,4,4,0,reader_3_1.csv
1391,6,6,0,Reader_3_2.csv
1391,7,6,1,Reader_3_3.csv
1391,7,6,1,Reader_3_4.csv
1391,5,5,0,Reader_3_5.csv
1391,5,5,0,Reader_3_6.csv
1391,2,1,1,Reader_3_7.csv
1392,8,8,0,Reader_1_1.csv
1392,0,0,0,Reader_1_10.csv
1392,0,0,0,Reader_1_11.csv
1392,5,5,0,Reader_1_12.csv
1392,0,0,0,Reader_1_2.csv
1392,1,1,0,Reader_1_3.csv
1392,1,1,0,Reader_1_4.csv
1392,6,6,0,Reader_1_5.csv
1392,0,0,0,Reader_1_6.csv
1392,4,3,1,Reader_1_7.csv
1392,0,0,0,Reader_1_8.csv
1392,2,2,0,Reader_1_9.csv
1392,2,2,0,Reader_2_1.csv
1392,0,0,0,Reader_2_10.csv
1392,0,0,0,Reader_2_11.csv
1392,1,0,1,Reader_2_12.csv
1392,0,0,0,Reader_2_2.csv
1392,2,0,2,Reader_2_3.csv
1392,3,3,0,Reader_2_4.csv
1392,0,0,0,Reader_2_5.csv
1392,0,0,0,Reader_2_6.csv
1392,0,0,0,Reader_2_7.csv
1392,0,0,0,Reader_2_8.csv
1392,0,0,0,Reader_2_9.csv
1392,3,3,0,reader_3_1.csv
1392,5,5,0,Reader_3_2.csv
1392,6,6,0,Reader_3_3.csv
1392,6,6,0,Reader_3_4.csv
1392,6,6,0,Reader_3_5.csv
1392,5,5,0,Reader_3_6.csv
1392,2,1,1,Reader_3_7.csv
1393,10,10,0,Reader_1_1.csv
1393,0,0,0,Reader_1_10.csv
1393,0,0,0,Reader_1_11.csv
1393,3,3,0,Reader_1_12.csv
1393,0,0,0,Reader_1_2.csv
1393,1,1,0,Reader_1_3.csv
1393,1,1,0,Reader_1_4.csv
1393,6,5,1,Reader_1_5.csv
1393,0,0,0,Reader_1_6.csv
1393,4,3,1,Reader_1_7.csv
1393,0,0,0,Reader_1_8.csv
1393,2,2,0,Reader_1_9.csv
1393,2,2,0,Reader_2_1.csv
1393,0,0,0,Reader_2_10.csv
1393,0,0,0,Reader_2_11.csv
1393,1,0,1,Reader_2_12.csv
1393,0,0,0,Reader_2_2.csv
1393,2,1,1,Reader_2_3.csv
1393,2,2,0,Reader_2_4.csv
1393,0,0,0,Reader_2_5.csv
1393,0,0,0,Reader_2_6.csv
1393,0,0,0,Reader_2_7.csv
1393,0,0,0,Reader_2_8.csv
1393,1,1,0,Reader_2_9.csv
1393,2,2,0,reader_3_1.csv
1393,7,7,0,Reader_3_2.csv
1393,4,4,0,Reader_3_3.csv
1393,4,4,0,Reader_3_4.csv
1393,6,6,0,Reader_3_5.csv
1393,6,6,0,Reader_3_6.csv
1393,2,1,1,Reader_3_7.csv
1394,10,10,0,Reader_1_1.csv
1394,0,0,0,Reader_1_10.csv
1394,0,0,0,Reader_1_11.csv
1394,3,3,0,Reader_1_12.csv
1394,0,0,0,Reader_1_2.csv
1394,1,1,0,Reader_1_3.csv
1394,1,1,0,Reader_1_4.csv
1394,6,5,1,Reader_1_5.csv
1394,0,0,0,Reader_1_6.csv
1394,3,2,1,Reader_1_7.csv
1394,0,0,0,Reader_1_8.csv
1394,2,2,0,Reader_1_9.csv
1394,2,2,0,Reader_2_1.csv
1394,0,0,0,Reader_2_10.csv
1394,1,1,0,Reader_2_11.csv
1394,1,0,1,Reader_2_12.csv
1394,0,0,0,Reader_2_2.csv
1394,2,1,1,Reader_2_3.csv
1394,2,2,0,Reader_2_4.csv
1394,0,0,0,Reader_2_5.csv
1394,0,0,0,Reader_2_6.csv
1394,0,0,0,Reader_2_7.csv
1394,0,0,0,Reader_2_8.csv
1394,1,1,0,Reader_2_9.csv
1394,2,2,0,reader_3_1.csv
1394,8,8,0,Reader_3_2.csv
1394,5,5,0,Reader_3_3.csv
1394,5,5,0,Reader_3_4.csv
1394,7,6,1,Reader_3_5.csv
1394,6,6,0,Reader_3_6.csv
1394,4,2,2,Reader_3_7.csv
1395,11,11,0,Reader_1_1.csv
1395,0,0,0,Reader_1_10.csv
1395,0,0,0,Reader_1_11.csv
1395,3,3,0,Reader_1_12.csv
1395,0,0,0,Reader_1_2.csv
1395,2,2,0,Reader_1_3.csv
1395,1,1,0,Reader_1_4.csv
1395,3,2,1,Reader_1_5.csv
1395,1,1,0,Reader_1_6.csv
1395,3,2,1,Reader_1_7.csv
1395,0,0,0,Reader_1_8.csv
1395,2,2,0,Reader_1_9.csv
1395,0,0,0,Reader_2_1.csv
1395,0,0,0,Reader_2_10.csv
1395,2,2,0,Reader_2_11.csv
1395,2,1,1,Reader_2_12.csv
1395,0,0,0,Reader_2_2.csv
1395,2,1,1,Reader_2_3.csv
1395,1,1,0,Reader_2_4.csv
1395,0,0,0,Reader_2_5.csv
1395,0,0,0,Reader_2_6.csv
1395,0,0,0,Reader_2_7.csv
1395,0,0,0,Reader_2_8.csv
1395,1,1,0,Reader_2_9.csv
1395,2,2,0,reader_3_1.csv
1395,7,7,0,Reader_3_2.csv
1395,5,5,0,Reader_3_3.csv
1395,5,5,0,Reader_3_4.csv
1395,7,5,2,Reader_3_5.csv
1395,6,6,0,Reader_3_6.csv
1395,4,3,1,Reader_3_7.csv
1396,11,11,0,Reader_1_1.csv
1396,0,0,0,Reader_1_10.csv
1396,0,0,0,Reader_1_11.csv
1396,3,3,0,Reader_1_12.csv
1396,0,0,0,Reader_1_2.csv
1396,2,2,0,Reader_1_3.csv
1396,1,1,0,Reader_1_4.csv
1396,3,2,1,Reader_1_5.csv
1396,1,1,0,Reader_1_6.csv
1396,3,2,1,Reader_1_7.csv
1396,0,0,0,Reader_1_8.csv
1396,2,2,0,Reader_1_9.csv
1396,0,0,0,Reader_2_1.csv
1396,0,0,0,Reader_2_10.csv
1396,3,2,1,Reader_2_11.csv
1396,2,1,1,Reader_2_12.csv
1396,0,0,0,Reader_2_2.csv
1396,2,1,1,Reader_2_3.csv
1396,1,1,0,Reader_2_4.csv
1396,0,0,0,Reader_2_5.csv
1396,0,0,0,Reader_2_6.csv
1396,0,0,0,Reader_2_7.csv
1396,0,0,0,Reader_2_8.csv
1396,1,1,0,Reader_2_9.csv
1396,1,1,0,reader_3_1.csv
1396,7,7,0,Reader_3_2.csv
1396,5,5,0,Reader_3_3.csv
1396,5,5,0,Reader_3_4.csv
1396,9,6,3,Reader_3_5.csv
1396,5,5,0,Reader_3_6.csv
1396,5,4,1,Reader_3_7.csv
1397,9,9,0,Reader_1_1.csv
1397,0,0,0,Reader_1_10.csv
1397,0,0,0,Reader_1_11.csv
1397,2,2,0,Reader_1_12.csv
1397,0,0,0,Reader_1_2.csv
1397,2,2,0,Reader_1_3.csv
1397,1,1,0,Reader_1_4.csv
1397,2,1,1,Reader_1_5.csv
1397,1,1,0,Reader_1_6.csv
1397,3,2,1,Reader_1_7.csv
1397,0,0,0,Reader_1_8.csv
1397,2,2,0,Reader_1_9.csv
1397,0,0,0,Reader_2_1.csv
1397,0,0,0,Reader_2_10.csv
1397,4,3,1,Reader_2_11.csv
1397,2,1,1,Reader_2_12.csv
1397,1,1,0,Reader_2_2.csv
1397,1,1,0,Reader_2_3.csv
1397,2,2,0,Reader_2_4.csv
1397,0,0,0,Reader_2_5.csv
1397,0,0,0,Reader_2_6.csv
1397,0,0,0,Reader_2_7.csv
1397,0,0,0,Reader_2_8.csv
1397,1,1,0,Reader_2_9.csv
1397,4,4,0,reader_3_1.csv
1397,8,8,0,Reader_3_2.csv
1397,3,3,0,Reader_3_3.csv
1397,3,3,0,Reader_3_4.csv
1397,8,5,3,Reader_3_5.csv
1397,4,4,0,Reader_3_6.csv
1397,4,3,1,Reader_3_7.csv
1398,9,9,0,Reader_1_1.csv
1398,0,0,0,Reader_1_10.csv
1398,0,0,0,Reader_1_11.csv
1398,1,1,0,Reader_1_12.csv
1398,0,0,0,Reader_1_2.csv
1398,2,2,0,Reader_1_3.csv
1398,0,0,0,Reader_1_4.csv
1398,2,1,1,Reader_1_5.csv
1398,1,1,0,Reader_1_6.csv
1398,1,0,1,Reader_1_7.csv
1398,0,0,0,Reader_1_8.csv
1398,2,2,0,Reader_1_9.csv
1398,1,1,0,Reader_2_1.csv
1398,2,2,0,Reader_2_10.csv
1398,4,3,1,Reader_2_11.csv
1398,2,1,1,Reader_2_12.csv
1398,1,1,0,Reader_2_2.csv
1398,1,1,0,Reader_2_3.csv
1398,1,1,0,Reader_2_4.csv
1398,0,0,0,Reader_2_5.csv
1398,0,0,0,Reader_2_6.csv
1398,0,0,0,Reader_2_7.csv
1398,0,0,0,Reader_2_8.csv
1398,3,3,0,Reader_2_9.csv
1398,5,4,1,reader_3_1.csv
1398,9,8,1,Reader_3_2.csv
1398,2,2,0,Reader_3_3.csv
1398,2,2,0,Reader_3_4.csv
1398,8,5,3,Reader_3_5.csv
1398,2,2,0,Reader_3_6.csv
1398,4,3,1,Reader_3_7.csv
1399,9,9,0,Reader_1_1.csv
1399,0,0,0,Reader_1_10.csv
1399,0,0,0,Reader_1_11.csv
1399,1,1,0,Reader_1_12.csv
1399,0,0,0,Reader_1_2.csv
1399,2,2,0,Reader_1_3.csv
1399,0,0,0,Reader_1_4.csv
1399,2,1,1,Reader_1_5.csv
1399,1,1,0,Reader_1_6.csv
1399,1,0,1,Reader_1_7.csv
1399,3,3,0,Reader_1_8.csv
1399,3,3,0,Reader_1_9.csv
1399,1,1,0,Reader_2_1.csv
1399,2,2,0,Reader_2_10.csv
1399,4,3,1,Reader_2_11.csv
1399,1,1,0,Reader_2_12.csv
1399,1,1,0,Reader_2_2.csv
1399,1,1,0,Reader_2_3.csv
1399,2,2,0,Reader_2_4.csv
1399,0,0,0,Reader_2_5.csv
1399,0,0,0,Reader_2_6.csv
1399,0,0,0,Reader_2_7.csv
1399,0,0,0,Reader_2_8.csv
1399,4,4,0,Reader_2_9.csv
1399,6,4,2,reader_3_1.csv
1399,9,8,1,Reader_3_2.csv
1399,1,1,0,Reader_3_3.csv
1399,1,1,0,Reader_3_4.csv
1399,8,4,4,Reader_3_5.csv
1399,3,3,0,Reader_3_6.csv
1399,4,3,1,Reader_3_7.csv
1400,8,8,0,Reader_1_1.csv
1400,0,0,0,Reader_1_10.csv
1400,0,0,0,Reader_1_11.csv
1400,1,1,0,Reader_1_12.csv
1400,1,1,0,Reader_1_2.csv
1400,3,2,1,Reader_1_3.csv
1400,1,1,0,Reader_1_4.csv
1400,3,2,1,Reader_1_5.csv
1400,1,1,0,Reader_1_6.csv
1400,0,0,0,Reader_1_7.csv
1400,3,3,0,Reader_1_8.csv
1400,1,1,0,Reader_1_9.csv
1400,1,1,0,Reader_2_1.csv
1400,2,2,0,Reader_2_10.csv
1400,4,3,1,Reader_2_11.csv
1400,1,1,0,Reader_2_12.csv
1400,1,1,0,Reader_2_2.csv
1400,1,1,0,Reader_2_3.csv
1400,2,2,0,Reader_2_4.csv
1400,0,0,0,Reader_2_5.csv
1400,0,0,0,Reader_2_6.csv
1400,0,0,0,Reader_2_7.csv
1400,0,0,0,Reader_2_8.csv
1400,4,4,0,Reader_2_9.csv
1400,5,3,2,reader_3_1.csv
1400,13,11,2,Reader_3_2.csv
1400,1,1,0,Reader_3_3.csv
1400,1,1,0,Reader_3_4.csv
1400,8,4,4,Reader_3_5.csv
1400,3,3,0,Reader_3_6.csv
1400,4,3,1,Reader_3_7.csv
1401,8,8,0,Reader_1_1.csv
1401,1,1,0,Reader_1_10.csv
1401,0,0,0,Reader_1_11.csv
1401,2,2,0,Reader_1_12.csv
1401,1,1,0,Reader_1_2.csv
1401,3,2,1,Reader_1_3.csv
1401,1,1,0,Reader_1_4.csv
1401,2,2,0,Reader_1_5.csv
1401,1,1,0,Reader_1_6.csv
1401,0,0,0,Reader_1_7.csv
1401,3,3,0,Reader_1_8.csv
1401,1,1,0,Reader_1_9.csv
1401,1,1,0,Reader_2_1.csv
1401,2,2,0,Reader_2_10.csv
1401,4,3,1,Reader_2_11.csv
1401,1,1,0,Reader_2_12.csv
1401,1,1,0,Reader_2_2.csv
1401,0,0,0,Reader_2_3.csv
1401,2,2,0,Reader_2_4.csv
1401,0,0,0,Reader_2_5.csv
1401,0,0,0,Reader_2_6.csv
1401,0,0,0,Reader_2_7.csv
1401,0,0,0,Reader_2_8.csv
1401,3,3,0,Reader_2_9.csv
1401,6,4,2,reader_3_1.csv
1401,13,10,3,Reader_3_2.csv
1401,2,2,0,Reader_3_3.csv
1401,2,2,0,Reader_3_4.csv
1401,8,4,4,Reader_3_5.csv
1401,3,2,1,Reader_3_6.csv
1401,4,3,1,Reader_3_7.csv
1402,7,7,0,Reader_1_1.csv
1402,1,1,0,Reader_1_10.csv
1402,0,0,0,Reader_1_11.csv
1402,4,4,0,Reader_1_12.csv
1402,1,1,0,Reader_1_2.csv
1402,3,2,1,Reader_1_3.csv
1402,1,1,0,Reader_1_4.csv
1402,2,2,0,Reader_1_5.csv
1402,1,1,0,Reader_1_6.csv
1402,0,0,0,Reader_1_7.csv
1402,3,3,0,Reader_1_8.csv
1402,1,1,0,Reader_1_9.csv
1402,1,1,0,Reader_2_1.csv
1402,2,2,0,Reader_2_10.csv
1402,3,2,1,Reader_2_11.csv
1402,1,1,0,Reader_2_12.csv
1402,1,1,0,Reader_2_2.csv
1402,1,0,1,Reader_2_3.csv
1402,2,2,0,Reader_2_4.csv
1402,0,0,0,Reader_2_5.csv
1402,0,0,0,Reader_2_6.csv
1402,0,0,0,Reader_2_7.csv
1402,0,0,0,Reader_2_8.csv
1402,3,3,0,Reader_2_9.csv
1402,6,4,2,reader_3_1.csv
1402,13,9,4,Reader_3_2.csv
1402,2,2,0,Reader_3_3.csv
1402,2,2,0,Reader_3_4.csv
1402,7,4,3,Reader_3_5.csv
1402,3,2,1,Reader_3_6.csv
1402,2,2,0,Reader_3_7.csv
1403,7,7,0,Reader_1_1.csv
1403,1,1,0,Reader_1_10.csv
1403,0,0,0,Reader_1_11.csv
1403,4,4,0,Reader_1_12.csv
1403,2,2,0,Reader_1_2.csv
1403,2,1,1,Reader_1_3.csv
1403,1,1,0,Reader_1_4.csv
1403,3,3,0,Reader_1_5.csv
1403,1,1,0,Reader_1_6.csv
1403,0,0,0,Reader_1_7.csv
1403,3,3,0,Reader_1_8.csv
1403,1,1,0,Reader_1_9.csv
1403,1,1,0,Reader_2_1.csv
1403,2,2,0,Reader_2_10.csv
1403,3,1,2,Reader_2_11.csv
1403,0,0,0,Reader_2_12.csv
1403,1,1,0,Reader_2_2.csv
1403,1,0,1,Reader_2_3.csv
1403,2,2,0,Reader_2_4.csv
1403,0,0,0,Reader_2_5.csv
1403,0,0,0,Reader_2_6.csv
1403,0,0,0,Reader_2_7.csv
1403,0,0,0,Reader_2_8.csv
1403,3,3,0,Reader_2_9.csv
1403,7,4,3,reader_3_1.csv
1403,12,8,4,Reader_3_2.csv
1403,3,3,0,Reader_3_3.csv
1403,3,3,0,Reader_3_4.csv
1403,6,4,2,Reader_3_5.csv
1403,4,3,1,Reader_3_6.csv
1403,2,2,0,Reader_3_7.csv
1404,7,7,0,Reader_1_1.csv
1404,1,1,0,Reader_1_10.csv
1404,1,1,0,Reader_1_11.csv
1404,4,4,0,Reader_1_12.csv
1404,4,3,1,Reader_1_2.csv
1404,2,1,1,Reader_1_3.csv
1404,2,2,0,Reader_1_4.csv
1404,3,3,0,Reader_1_5.csv
1404,1,1,0,Reader_1_6.csv
1404,0,0,0,Reader_1_7.csv
1404,3,3,0,Reader_1_8.csv
1404,1,1,0,Reader_1_9.csv
1404,1,1,0,Reader_2_1.csv
1404,2,2,0,Reader_2_10.csv
1404,2,1,1,Reader_2_11.csv
1404,0,0,0,Reader_2_12.csv
1404,1,1,0,Reader_2_2.csv
1404,1,0,1,Reader_2_3.csv
1404,2,2,0,Reader_2_4.csv
1404,0,0,0,Reader_2_5.csv
1404,0,0,0,Reader_2_6.csv
1404,0,0,0,Reader_2_7.csv
1404,0,0,0,Reader_2_8.csv
1404,3,3,0,Reader_2_9.csv
1404,8,4,4,reader_3_1.csv
1404,12,8,4,Reader_3_2.csv
1404,5,4,1,Reader_3_3.csv
1404,5,4,1,Reader_3_4.csv
1404,4,3,1,Reader_3_5.csv
1404,6,3,3,Reader_3_6.csv
1404,1,1,0,Reader_3_7.csv
1405,7,7,0,Reader_1_1.csv
1405,1,1,0,Reader_1_10.csv
1405,2,1,1,Reader_1_11.csv
1405,4,4,0,Reader_1_12.csv
1405,5,4,1,Reader_1_2.csv
1405,2,1,1,Reader_1_3.csv
1405,2,2,0,Reader_1_4.csv
1405,4,4,0,Reader_1_5.csv
1405,1,1,0,Reader_1_6.csv
1405,0,0,0,Reader_1_7.csv
1405,3,3,0,Reader_1_8.csv
1405,2,2,0,Reader_1_9.csv
1405,1,1,0,Reader_2_1.csv
1405,2,2,0,Reader_2_10.csv
1405,1,0,1,Reader_2_11.csv
1405,0,0,0,Reader_2_12.csv
1405,0,0,0,Reader_2_2.csv
1405,1,0,1,Reader_2_3.csv
1405,1,1,0,Reader_2_4.csv
1405,0,0,0,Reader_2_5.csv
1405,0,0,0,Reader_2_6.csv
1405,0,0,0,Reader_2_7.csv
1405,0,0,0,Reader_2_8.csv
1405,3,3,0,Reader_2_9.csv
1405,6,2,4,reader_3_1.csv
1405,12,8,4,Reader_3_2.csv
1405,6,5,1,Reader_3_3.csv
1405,6,5,1,Reader_3_4.csv
1405,5,3,2,Reader_3_5.csv
1405,7,3,4,Reader_3_6.csv
1405,6,5,1,Reader_3_7.csv
1406,8,7,1,Reader_1_1.csv
1406,1,1,0,Reader_1_10.csv
1406,3,2,1,Reader_1_11.csv
1406,5,5,0,Reader_1_12.csv
1406,6,4,2,Reader_1_2.csv
1406,2,1,1,Reader_1_3.csv
1406,3,2,1,Reader_1_4.csv
1406,4,4,0,Reader_1_5.csv
1406,1,1,0,Reader_1_6.csv
1406,0,0,0,Reader_1_7.csv
1406,3,3,0,Reader_1_8.csv
1406,2,2,0,Reader_1_9.csv
1406,0,0,0,Reader_2_1.csv
1406,0,0,0,Reader_2_10.csv
1406,1,0,1,Reader_2_11.csv
1406,1,1,0,Reader_2_12.csv
1406,1,1,0,Reader_2_2.csv
1406,2,1,1,Reader_2_3.csv
1406,1,1,0,Reader_2_4.csv
1406,1,1,0,Reader_2_5.csv
1406,0,0,0,Reader_2_6.csv
1406,0,0,0,Reader_2_7.csv
1406,0,0,0,Reader_2_8.csv
1406,1,1,0,Reader_2_9.csv
1406,5,2,3,reader_3_1.csv
1406,12,9,3,Reader_3_2.csv
1406,6,5,1,Reader_3_3.csv
1406,6,5,1,Reader_3_4.csv
1406,5,3,2,Reader_3_5.csv
1406,7,3,4,Reader_3_6.csv
1406,6,5,1,Reader_3_7.csv
1407,8,7,1,Reader_1_1.csv
1407,1,1,0,Reader_1_10.csv
1407,3,2,1,Reader_1_11.csv
1407,5,5,0,Reader_1_12.csv
1407,6,4,2,Reader_1_2.csv
1407,2,1,1,Reader_1_3.csv
1407,3,2,1,Reader_1_4.csv
1407,4,4,0,Reader_1_5.csv
1407,1,1,0,Reader_1_6.csv
1407,0,0,0,Reader_1_7.csv
1407,0,0,0,Reader_1_8.csv
1407,2,2,0,Reader_1_9.csv
1407,0,0,0,Reader_2_1.csv
1407,0,0,0,Reader_2_10.csv
1407,1,0,1,Reader_2_11.csv
1407,1,1,0,Reader_2_12.csv
1407,1,1,0,Reader_2_2.csv
1407,2,1,1,Reader_2_3.csv
1407,0,0,0,Reader_2_4.csv
1407,1,1,0,Reader_2_5.csv
1407,0,0,0,Reader_2_6.csv
1407,0,0,0,Reader_2_7.csv
1407,0,0,0,Reader_2_8.csv
1407,1,1,0,Reader_2_9.csv
1407,5,2,3,reader_3_1.csv
1407,14,11,3,Reader_3_2.csv
1407,7,5,2,Reader_3_3.csv
1407,7,5,2,Reader_3_4.csv
1407,5,4,1,Reader_3_5.csv
1407,6,2,4,Reader_3_6.csv
1407,6,5,1,Reader_3_7.csv
1408,8,7,1,Reader_1_1.csv
1408,1,1,0,Reader_1_10.csv
1408,5,4,1,Reader_1_11.csv
1408,6,5,1,Reader_1_12.csv
1408,5,3,2,Reader_1_2.csv
1408,0,0,0,Reader_1_3.csv
1408,2,1,1,Reader_1_4.csv
1408,3,3,0,Reader_1_5.csv
1408,1,1,0,Reader_1_6.csv
1408,0,0,0,Reader_1_7.csv
1408,0,0,0,Reader_1_8.csv
1408,3,3,0,Reader_1_9.csv
1408,0,0,0,Reader_2_1.csv
1408,0,0,0,Reader_2_10.csv
1408,1,0,1,Reader_2_11.csv
1408,1,1,0,Reader_2_12.csv
1408,1,1,0,Reader_2_2.csv
1408,2,1,1,Reader_2_3.csv
1408,0,0,0,Reader_2_4.csv
1408,1,1,0,Reader_2_5.csv
1408,0,0,0,Reader_2_6.csv
1408,0,0,0,Reader_2_7.csv
1408,0,0,0,Reader_2_8.csv
1408,1,1,0,Reader_2_9.csv
1408,5,2,3,reader_3_1.csv
1408,13,11,2,Reader_3_2.csv
1408,7,5,2,Reader_3_3.csv
1408,7,5,2,Reader_3_4.csv
1408,5,3,2,Reader_3_5.csv
1408,6,2,4,Reader_3_6.csv
1408,6,5,1,Reader_3_7.csv
1409,7,6,1,Reader_1_1.csv
1409,0,0,0,Reader_1_10.csv
1409,6,5,1,Reader_1_11.csv
1409,6,5,1,Reader_1_12.csv
1409,5,3,2,Reader_1_2.csv
1409,0,0,0,Reader_1_3.csv
1409,2,1,1,Reader_1_4.csv
1409,3,2,1,Reader_1_5.csv
1409,1,1,0,Reader_1_6.csv
1409,0,0,0,Reader_1_7.csv
1409,0,0,0,Reader_1_8.csv
1409,3,3,0,Reader_1_9.csv
1409,0,0,0,Reader_2_1.csv
1409,0,0,0,Reader_2_10.csv
1409,1,0,1,Reader_2_11.csv
1409,1,1,0,Reader_2_12.csv
1409,1,1,0,Reader_2_2.csv
1409,2,1,1,Reader_2_3.csv
1409,0,0,0,Reader_2_4.csv
1409,2,2,0,Reader_2_5.csv
1409,0,0,0,Reader_2_6.csv
1409,0,0,0,Reader_2_7.csv
1409,0,0,0,Reader_2_8.csv
1409,1,1,0,Reader_2_9.csv
1409,5,2,3,reader_3_1.csv
1409,10,9,1,Reader_3_2.csv
1409,6,4,2,Reader_3_3.csv
1409,6,4,2,Reader_3_4.csv
1409,5,3,2,Reader_3_5.csv
1409,6,3,3,Reader_3_6.csv
1409,7,6,1,Reader_3_7.csv
1410,7,6,1,Reader_1_1.csv
1410,0,0,0,Reader_1_10.csv
1410,6,5,1,Reader_1_11.csv
1410,5,4,1,Reader_1_12.csv
1410,5,3,2,Reader_1_2.csv
1410,0,0,0,Reader_1_3.csv
1410,2,1,1,Reader_1_4.csv
1410,3,2,1,Reader_1_5.csv
1410,1,1,0,Reader_1_6.csv
1410,0,0,0,Reader_1_7.csv
1410,0,0,0,Reader_1_8.csv
1410,3,3,0,Reader_1_9.csv
1410,1,1,0,Reader_2_1.csv
1410,0,0,0,Reader_2_10.csv
1410,1,0,1,Reader_2_11.csv
1410,1,1,0,Reader_2_12.csv
1410,1,1,0,Reader_2_2.csv
1410,1,1,0,Reader_2_3.csv
1410,0,0,0,Reader_2_4.csv
1410,2,2,0,Reader_2_5.csv
1410,0,0,0,Reader_2_6.csv
1410,0,0,0,Reader_2_7.csv
1410,0,0,0,Reader_2_8.csv
1410,1,1,0,Reader_2_9.csv
1410,5,2,3,reader_3_1.csv
1410,10,10,0,Reader_3_2.csv
1410,9,6,3,Reader_3_3.csv
1410,9,6,3,Reader_3_4.csv
1410,5,3,2,Reader_3_5.csv
1410,6,3,3,Reader_3_6.csv
1410,8,7,1,Reader_3_7.csv
1411,7,6,1,Reader_1_1.csv
1411,0,0,0,Reader_1_10.csv
1411,6,5,1,Reader_1_11.csv
1411,5,4,1,Reader_1_12.csv
1411,4,2,2,Reader_1_2.csv
1411,1,1,0,Reader_1_3.csv
1411,2,1,1,Reader_1_4.csv
1411,2,1,1,Reader_1_5.csv
1411,0,0,0,Reader_1_6.csv
1411,0,0,0,Reader_1_7.csv
1411,0,0,0,Reader_1_8.csv
1411,3,3,0,Reader_1_9.csv
1411,1,1,0,Reader_2_1.csv
1411,0,0,0,Reader_2_10.csv
1411,0,0,0,Reader_2_11.csv
1411,1,1,0,Reader_2_12.csv
1411,1,1,0,Reader_2_2.csv
1411,1,1,0,Reader_2_3.csv
1411,0,0,0,Reader_2_4.csv
1411,2,2,0,Reader_2_5.csv
1411,0,0,0,Reader_2_6.csv
1411,0,0,0,Reader_2_7.csv
1411,0,0,0,Reader_2_8.csv
1411,1,1,0,Reader_2_9.csv
1411,5,2,3,reader_3_1.csv
1411,10,10,0,Reader_3_2.csv
1411,8,5,3,Reader_3_3.csv
1411,8,5,3,Reader_3_4.csv
1411,7,4,3,Reader_3_5.csv
1411,7,4,3,Reader_3_6.csv
1411,8,7,1,Reader_3_7.csv
1412,8,7,1,Reader_1_1.csv
1412,0,0,0,Reader_1_10.csv
1412,5,4,1,Reader_1_11.csv
1412,6,5,1,Reader_1_12.csv
1412,2,1,1,Reader_1_2.csv
1412,2,1,1,Reader_1_3.csv
1412,2,0,2,Reader_1_4.csv
1412,2,1,1,Reader_1_5.csv
1412,2,2,0,Reader_1_6.csv
1412,1,1,0,Reader_1_7.csv
1412,0,0,0,Reader_1_8.csv
1412,3,3,0,Reader_1_9.csv
1412,1,1,0,Reader_2_1.csv
1412,0,0,0,Reader_2_10.csv
1412,0,0,0,Reader_2_11.csv
1412,1,1,0,Reader_2_12.csv
1412,1,1,0,Reader_2_2.csv
1412,1,1,0,Reader_2_3.csv
1412,1,1,0,Reader_2_4.csv
1412,2,2,0,Reader_2_5.csv
1412,0,0,0,Reader_2_6.csv
1412,0,0,0,Reader_2_7.csv
1412,0,0,0,Reader_2_8.csv
1412,1,1,0,Reader_2_9.csv
1412,4,2,2,reader_3_1.csv
1412,10,10,0,Reader_3_2.csv
1412,7,5,2,Reader_3_3.csv
1412,7,5,2,Reader_3_4.csv
1412,7,4,3,Reader_3_5.csv
1412,6,5,1,Reader_3_6.csv
1412,8,7,1,Reader_3_7.csv
1413,8,6,2,Reader_1_1.csv
1413,0,0,0,Reader_1_10.csv
1413,5,5,0,Reader_1_11.csv
1413,6,5,1,Reader_1_12.csv
1413,3,2,1,Reader_1_2.csv
1413,2,1,1,Reader_1_3.csv
1413,2,0,2,Reader_1_4.csv
1413,1,0,1,Reader_1_5.csv
1413,2,2,0,Reader_1_6.csv
1413,1,1,0,Reader_1_7.csv
1413,0,0,0,Reader_1_8.csv
1413,2,2,0,Reader_1_9.csv
1413,1,1,0,Reader_2_1.csv
1413,0,0,0,Reader_2_10.csv
1413,0,0,0,Reader_2_11.csv
1413,2,2,0,Reader_2_12.csv
1413,2,2,0,Reader_2_2.csv
1413,1,1,0,Reader_2_3.csv
1413,1,1,0,Reader_2_4.csv
1413,2,2,0,Reader_2_5.csv
1413,0,0,0,Reader_2_6.csv
1413,0,0,0,Reader_2_7.csv
1413,0,0,0,Reader_2_8.csv
1413,1,1,0,Reader_2_9.csv
1413,3,1,2,reader_3_1.csv
1413,10,10,0,Reader_3_2.csv
1413,7,5,2,Reader_3_3.csv
1413,7,5,2,Reader_3_4.csv
1413,7,5,2,Reader_3_5.csv
1413,6,6,0,Reader_3_6.csv
1413,4,4,0,Reader_3_7.csv
1414,8,7,1,Reader_1_1.csv
1414,0,0,0,Reader_1_10.csv
1414,4,4,0,Reader_1_11.csv
1414,5,4,1,Reader_1_12.csv
1414,3,3,0,Reader_1_2.csv
1414,2,1,1,Reader_1_3.csv
1414,1,0,1,Reader_1_4.csv
1414,1,0,1,Reader_1_5.csv
1414,2,2,0,Reader_1_6.csv
1414,1,1,0,Reader_1_7.csv
1414,0,0,0,Reader_1_8.csv
1414,2,2,0,Reader_1_9.csv
1414,2,2,0,Reader_2_1.csv
1414,0,0,0,Reader_2_10.csv
1414,1,1,0,Reader_2_11.csv
1414,1,1,0,Reader_2_12.csv
1414,1,1,0,Reader_2_2.csv
1414,0,0,0,Reader_2_3.csv
1414,1,1,0,Reader_2_4.csv
1414,1,1,0,Reader_2_5.csv
1414,0,0,0,Reader_2_6.csv
1414,0,0,0,Reader_2_7.csv
1414,0,0,0,Reader_2_8.csv
1414,1,1,0,Reader_2_9.csv
1414,3,1,2,reader_3_1.csv
1414,10,10,0,Reader_3_2.csv
1414,7,5,2,Reader_3_3.csv
1414,7,5,2,Reader_3_4.csv
1414,8,6,2,Reader_3_5.csv
1414,5,5,0,Reader_3_6.csv
1414,4,4,0,Reader_3_7.csv
1415,7,6,1,Reader_1_1.csv
1415,0,0,0,Reader_1_10.csv
1415,4,4,0,Reader_1_11.csv
1415,5,4,1,Reader_1_12.csv
1415,3,3,0,Reader_1_2.csv
1415,2,1,1,Reader_1_3.csv
1415,1,0,1,Reader_1_4.csv
1415,1,0,1,Reader_1_5.csv
1415,2,2,0,Reader_1_6.csv
1415,1,1,0,Reader_1_7.csv
1415,0,0,0,Reader_1_8.csv
1415,2,2,0,Reader_1_9.csv
1415,2,2,0,Reader_2_1.csv
1415,0,0,0,Reader_2_10.csv
1415,1,1,0,Reader_2_11.csv
1415,1,1,0,Reader_2_12.csv
1415,1,1,0,Reader_2_2.csv
1415,0,0,0,Reader_2_3.csv
1415,1,1,0,Reader_2_4.csv
1415,1,1,0,Reader_2_5.csv
1415,0,0,0,Reader_2_6.csv
1415,0,0,0,Reader_2_7.csv
1415,0,0,0,Reader_2_8.csv
1415,0,0,0,Reader_2_9.csv
1415,2,1,1,reader_3_1.csv
1415,7,7,0,Reader_3_2.csv
1415,7,5,2,Reader_3_3.csv
1415,7,5,2,Reader_3_4.csv
1415,7,5,2,Reader_3_5.csv
1415,7,6,1,Reader_3_6.csv
1415,4,4,0,Reader_3_7.csv
1416,6,5,1,Reader_1_1.csv
1416,0,0,0,Reader_1_10.csv
1416,2,2,0,Reader_1_11.csv
1416,3,3,0,Reader_1_12.csv
1416,4,4,0,Reader_1_2.csv
1416,2,1,1,Reader_1_3.csv
1416,1,0,1,Reader_1_4.csv
1416,1,0,1,Reader_1_5.csv
1416,3,3,0,Reader_1_6.csv
1416,1,1,0,Reader_1_7.csv
1416,0,0,0,Reader_1_8.csv
1416,1,1,0,Reader_1_9.csv
1416,2,2,0,Reader_2_1.csv
1416,0,0,0,Reader_2_10.csv
1416,2,2,0,Reader_2_11.csv
1416,1,1,0,Reader_2_12.csv
1416,1,1,0,Reader_2_2.csv
1416,0,0,0,Reader_2_3.csv
1416,1,1,0,Reader_2_4.csv
1416,1,1,0,Reader_2_5.csv
1416,0,0,0,Reader_2_6.csv
1416,0,0,0,Reader_2_7.csv
1416,0,0,0,Reader_2_8.csv
1416,0,0,0,Reader_2_9.csv
1416,4,2,2,reader_3_1.csv
1416,4,4,0,Reader_3_2.csv
1416,9,6,3,Reader_3_3.csv
1416,9,6,3,Reader_3_4.csv
1416,6,5,1,Reader_3_5.csv
1416,7,6,1,Reader_3_6.csv
1416,4,4,0,Reader_3_7.csv
1417,6,5,1,Reader_1_1.csv
1417,0,0,0,Reader_1_10.csv
1417,1,1,0,Reader_1_11.csv
1417,2,2,0,Reader_1_12.csv
1417,4,4,0,Reader_1_2.csv
1417,2,1,1,Reader_1_3.csv
1417,1,0,1,Reader_1_4.csv
1417,0,0,0,Reader_1_5.csv
1417,3,3,0,Reader_1_6.csv
1417,1,1,0,Reader_1_7.csv
1417,1,1,0,Reader_1_8.csv
1417,1,1,0,Reader_1_9.csv
1417,2,2,0,Reader_2_1.csv
1417,0,0,0,Reader_2_10.csv
1417,2,2,0,Reader_2_11.csv
1417,1,1,0,Reader_2_12.csv
1417,1,1,0,Reader_2_2.csv
1417,0,0,0,Reader_2_3.csv
1417,1,1,0,Reader_2_4.csv
1417,0,0,0,Reader_2_5.csv
1417,0,0,0,Reader_2_6.csv
1417,0,0,0,Reader_2_7.csv
1417,0,0,0,Reader_2_8.csv
1417,0,0,0,Reader_2_9.csv
1417,4,2,2,reader_3_1.csv
1417,4,4,0,Reader_3_2.csv
1417,9,6,3,Reader_3_3.csv
1417,9,6,3,Reader_3_4.csv
1417,7,6,1,Reader_3_5.csv
1417,7,6,1,Reader_3_6.csv
1417,3,3,0,Reader_3_7.csv
1418,8,7,1,Reader_1_1.csv
1418,0,0,0,Reader_1_10.csv
1418,1,1,0,Reader_1_11.csv
1418,1,1,0,Reader_1_12.csv
1418,4,4,0,Reader_1_2.csv
1418,2,1,1,Reader_1_3.csv
1418,1,0,1,Reader_1_4.csv
1418,2,1,1,Reader_1_5.csv
1418,3,3,0,Reader_1_6.csv
1418,1,1,0,Reader_1_7.csv
1418,1,1,0,Reader_1_8.csv
1418,1,1,0,Reader_1_9.csv
1418,1,1,0,Reader_2_1.csv
1418,0,0,0,Reader_2_10.csv
1418,2,2,0,Reader_2_11.csv
1418,1,1,0,Reader_2_12.csv
1418,1,1,0,Reader_2_2.csv
1418,0,0,0,Reader_2_3.csv
1418,1,1,0,Reader_2_4.csv
1418,0,0,0,Reader_2_5.csv
1418,0,0,0,Reader_2_6.csv
1418,0,0,0,Reader_2_7.csv
1418,0,0,0,Reader_2_8.csv
1418,0,0,0,Reader_2_9.csv
1418,4,2,2,reader_3_1.csv
1418,4,4,0,Reader_3_2.csv
1418,6,3,3,Reader_3_3.csv
1418,6,3,3,Reader_3_4.csv
1418,6,5,1,Reader_3_5.csv
1418,7,6,1,Reader_3_6.csv
1418,4,4,0,Reader_3_7.csv
1419,7,6,1,Reader_1_1.csv
1419,0,0,0,Reader_1_10.csv
1419,2,2,0,Reader_1_11.csv
1419,1,1,0,Reader_1_12.csv
1419,5,5,0,Reader_1_2.csv
1419,1,0,1,Reader_1_3.csv
1419,1,0,1,Reader_1_4.csv
1419,2,1,1,Reader_1_5.csv
1419,3,3,0,Reader_1_6.csv
1419,1,1,0,Reader_1_7.csv
1419,1,1,0,Reader_1_8.csv
1419,1,1,0,Reader_1_9.csv
1419,1,1,0,Reader_2_1.csv
1419,0,0,0,Reader_2_10.csv
1419,2,2,0,Reader_2_11.csv
1419,1,1,0,Reader_2_12.csv
1419,1,1,0,Reader_2_2.csv
1419,1,1,0,Reader_2_3.csv
1419,1,1,0,Reader_2_4.csv
1419,0,0,0,Reader_2_5.csv
1419,0,0,0,Reader_2_6.csv
1419,0,0,0,Reader_2_7.csv
1419,0,0,0,Reader_2_8.csv
1419,0,0,0,Reader_2_9.csv
1419,4,3,1,reader_3_1.csv
1419,4,4,0,Reader_3_2.csv
1419,8,4,4,Reader_3_3.csv
1419,8,4,4,Reader_3_4.csv
1419,4,4,0,Reader_3_5.csv
1419,5,4,1,Reader_3_6.csv
1419,4,3,1,Reader_3_7.csv
1420,6,5,1,Reader_1_1.csv
1420,0,0,0,Reader_1_10.csv
1420,2,2,0,Reader_1_11.csv
1420,0,0,0,Reader_1_12.csv
1420,6,5,1,Reader_1_2.csv
1420,0,0,0,Reader_1_3.csv
1420,0,0,0,Reader_1_4.csv
1420,2,1,1,Reader_1_5.csv
1420,1,1,0,Reader_1_6.csv
1420,0,0,0,Reader_1_7.csv
1420,1,1,0,Reader_1_8.csv
1420,1,1,0,Reader_1_9.csv
1420,1,1,0,Reader_2_1.csv
1420,0,0,0,Reader_2_10.csv
1420,3,2,1,Reader_2_11.csv
1420,1,1,0,Reader_2_12.csv
1420,1,1,0,Reader_2_2.csv
1420,1,1,0,Reader_2_3.csv
1420,0,0,0,Reader_2_4.csv
1420,0,0,0,Reader_2_5.csv
1420,1,1,0,Reader_2_6.csv
1420,0,0,0,Reader_2_7.csv
1420,0,0,0,Reader_2_8.csv
1420,0,0,0,Reader_2_9.csv
1420,6,3,3,reader_3_1.csv
1420,7,7,0,Reader_3_2.csv
1420,9,5,4,Reader_3_3.csv
1420,9,5,4,Reader_3_4.csv
1420,4,4,0,Reader_3_5.csv
1420,4,3,1,Reader_3_6.csv
1420,5,3,2,Reader_3_7.csv
1421,5,5,0,Reader_1_1.csv
1421,0,0,0,Reader_1_10.csv
1421,1,1,0,Reader_1_11.csv
1421,0,0,0,Reader_1_12.csv
1421,4,3,1,Reader_1_2.csv
1421,1,1,0,Reader_1_3.csv
1421,0,0,0,Reader_1_4.csv
1421,2,1,1,Reader_1_5.csv
1421,1,1,0,Reader_1_6.csv
1421,0,0,0,Reader_1_7.csv
1421,1,1,0,Reader_1_8.csv
1421,1,1,0,Reader_1_9.csv
1421,2,1,1,Reader_2_1.csv
1421,0,0,0,Reader_2_10.csv
1421,3,2,1,Reader_2_11.csv
1421,0,0,0,Reader_2_12.csv
1421,0,0,0,Reader_2_2.csv
1421,1,1,0,Reader_2_3.csv
1421,0,0,0,Reader_2_4.csv
1421,0,0,0,Reader_2_5.csv
1421,1,1,0,Reader_2_6.csv
1421,0,0,0,Reader_2_7.csv
1421,0,0,0,Reader_2_8.csv
1421,0,0,0,Reader_2_9.csv
1421,6,3,3,reader_3_1.csv
1421,7,7,0,Reader_3_2.csv
1421,8,4,4,Reader_3_3.csv
1421,8,4,4,Reader_3_4.csv
1421,3,3,0,Reader_3_5.csv
1421,3,2,1,Reader_3_6.csv
1421,5,3,2,Reader_3_7.csv
1422,4,4,0,Reader_1_1.csv
1422,0,0,0,Reader_1_10.csv
1422,3,2,1,Reader_1_11.csv
1422,0,0,0,Reader_1_12.csv
1422,4,3,1,Reader_1_2.csv
1422,1,1,0,Reader_1_3.csv
1422,0,0,0,Reader_1_4.csv
1422,3,2,1,Reader_1_5.csv
1422,2,2,0,Reader_1_6.csv
1422,0,0,0,Reader_1_7.csv
1422,1,1,0,Reader_1_8.csv
1422,1,1,0,Reader_1_9.csv
1422,1,0,1,Reader_2_1.csv
1422,0,0,0,Reader_2_10.csv
1422,2,1,1,Reader_2_11.csv
1422,0,0,0,Reader_2_12.csv
1422,0,0,0,Reader_2_2.csv
1422,1,1,0,Reader_2_3.csv
1422,1,1,0,Reader_2_4.csv
1422,0,0,0,Reader_2_5.csv
1422,1,1,0,Reader_2_6.csv
1422,0,0,0,Reader_2_7.csv
1422,0,0,0,Reader_2_8.csv
1422,0,0,0,Reader_2_9.csv
1422,6,3,3,reader_3_1.csv
1422,6,6,0,Reader_3_2.csv
1422,11,5,6,Reader_3_3.csv
1422,11,5,6,Reader_3_4.csv
1422,3,3,0,Reader_3_5.csv
1422,3,2,1,Reader_3_6.csv
1422,7,5,2,Reader_3_7.csv
1423,4,4,0,Reader_1_1.csv
1423,0,0,0,Reader_1_10.csv
1423,3,2,1,Reader_1_11.csv
1423,0,0,0,Reader_1_12.csv
1423,4,3,1,Reader_1_2.csv
1423,1,1,0,Reader_1_3.csv
1423,0,0,0,Reader_1_4.csv
1423,3,2,1,Reader_1_5.csv
1423,2,2,0,Reader_1_6.csv
1423,1,1,0,Reader_1_7.csv
1423,1,1,0,Reader_1_8.csv
1423,0,0,0,Reader_1_9.csv
1423,1,0,1,Reader_2_1.csv
1423,0,0,0,Reader_2_10.csv
1423,2,1,1,Reader_2_11.csv
1423,0,0,0,Reader_2_12.csv
1423,0,0,0,Reader_2_2.csv
1423,2,2,0,Reader_2_3.csv
1423,1,1,0,Reader_2_4.csv
1423,0,0,0,Reader_2_5.csv
1423,1,1,0,Reader_2_6.csv
1423,0,0,0,Reader_2_7.csv
1423,0,0,0,Reader_2_8.csv
1423,0,0,0,Reader_2_9.csv
1423,8,4,4,reader_3_1.csv
1423,6,6,0,Reader_3_2.csv
1423,11,5,6,Reader_3_3.csv
1423,11,5,6,Reader_3_4.csv
1423,2,2,0,Reader_3_5.csv
1423,1,1,0,Reader_3_6.csv
1423,8,6,2,Reader_3_7.csv
1424,5,5,0,Reader_1_1.csv
1424,0,0,0,Reader_1_10.csv
1424,3,2,1,Reader_1_11.csv
1424,0,0,0,Reader_1_12.csv
1424,3,2,1,Reader_1_2.csv
1424,2,2,0,Reader_1_3.csv
1424,0,0,0,Reader_1_4.csv
1424,3,2,1,Reader_1_5.csv
1424,1,1,0,Reader_1_6.csv
1424,1,1,0,Reader_1_7.csv
1424,1,1,0,Reader_1_8.csv
1424,0,0,0,Reader_1_9.csv
1424,1,0,1,Reader_2_1.csv
1424,0,0,0,Reader_2_10.csv
1424,1,0,1,Reader_2_11.csv
1424,0,0,0,Reader_2_12.csv
1424,0,0,0,Reader_2_2.csv
1424,2,2,0,Reader_2_3.csv
1424,1,1,0,Reader_2_4.csv
1424,0,0,0,Reader_2_5.csv
1424,1,1,0,Reader_2_6.csv
1424,0,0,0,Reader_2_7.csv
1424,0,0,0,Reader_2_8.csv
1424,0,0,0,Reader_2_9.csv
1424,7,4,3,reader_3_1.csv
1424,8,8,0,Reader_3_2.csv
1424,10,4,6,Reader_3_3.csv
1424,10,4,6,Reader_3_4.csv
1424,3,2,1,Reader_3_5.csv
1424,1,1,0,Reader_3_6.csv
1424,8,6,2,Reader_3_7.csv
1425,6,6,0,Reader_1_1.csv
1425,0,0,0,Reader_1_10.csv
1425,3,2,1,Reader_1_11.csv
1425,1,1,0,Reader_1_12.csv
1425,4,3,1,Reader_1_2.csv
1425,2,2,0,Reader_1_3.csv
1425,0,0,0,Reader_1_4.csv
1425,4,3,1,Reader_1_5.csv
1425,1,1,0,Reader_1_6.csv
1425,1,1,0,Reader_1_7.csv
1425,0,0,0,Reader_1_8.csv
1425,0,0,0,Reader_1_9.csv
1425,1,0,1,Reader_2_1.csv
1425,0,0,0,Reader_2_10.csv
1425,3,2,1,Reader_2_11.csv
1425,0,0,0,Reader_2_12.csv
1425,0,0,0,Reader_2_2.csv
1425,2,2,0,Reader_2_3.csv
1425,1,1,0,Reader_2_4.csv
1425,0,0,0,Reader_2_5.csv
1425,1,1,0,Reader_2_6.csv
1425,0,0,0,Reader_2_7.csv
1425,0,0,0,Reader_2_8.csv
1425,1,1,0,Reader_2_9.csv
1425,8,5,3,reader_3_1.csv
1425,9,8,1,Reader_3_2.csv
1425,11,5,6,Reader_3_3.csv
1425,11,5,6,Reader_3_4.csv
1425,2,1,1,Reader_3_5.csv
1425,0,0,0,Reader_3_6.csv
1425,9,7,2,Reader_3_7.csv
1426,4,4,0,Reader_1_1.csv
1426,0,0,0,Reader_1_10.csv
1426,3,2,1,Reader_1_11.csv
1426,1,1,0,Reader_1_12.csv
1426,4,3,1,Reader_1_2.csv
1426,2,2,0,Reader_1_3.csv
1426,0,0,0,Reader_1_4.csv
1426,2,2,0,Reader_1_5.csv
1426,2,2,0,Reader_1_6.csv
1426,1,1,0,Reader_1_7.csv
1426,0,0,0,Reader_1_8.csv
1426,0,0,0,Reader_1_9.csv
1426,1,0,1,Reader_2_1.csv
1426,0,0,0,Reader_2_10.csv
1426,3,2,1,Reader_2_11.csv
1426,0,0,0,Reader_2_12.csv
1426,0,0,0,Reader_2_2.csv
1426,2,2,0,Reader_2_3.csv
1426,1,1,0,Reader_2_4.csv
1426,0,0,0,Reader_2_5.csv
1426,1,1,0,Reader_2_6.csv
1426,0,0,0,Reader_2_7.csv
1426,0,0,0,Reader_2_8.csv
1426,1,1,0,Reader_2_9.csv
1426,10,7,3,reader_3_1.csv
1426,8,7,1,Reader_3_2.csv
1426,10,5,5,Reader_3_3.csv
1426,10,5,5,Reader_3_4.csv
1426,2,1,1,Reader_3_5.csv
1426,0,0,0,Reader_3_6.csv
1426,7,5,2,Reader_3_7.csv
1427,4,4,0,Reader_1_1.csv
1427,0,0,0,Reader_1_10.csv
1427,3,1,2,Reader_1_11.csv
1427,1,1,0,Reader_1_12.csv
1427,4,3,1,Reader_1_2.csv
1427,3,3,0,Reader_1_3.csv
1427,0,0,0,Reader_1_4.csv
1427,2,2,0,Reader_1_5.csv
1427,2,2,0,Reader_1_6.csv
1427,1,1,0,Reader_1_7.csv
1427,0,0,0,Reader_1_8.csv
1427,1,1,0,Reader_1_9.csv
1427,1,0,1,Reader_2_1.csv
1427,0,0,0,Reader_2_10.csv
1427,3,2,1,Reader_2_11.csv
1427,0,0,0,Reader_2_12.csv
1427,0,0,0,Reader_2_2.csv
1427,1,1,0,Reader_2_3.csv
1427,2,2,0,Reader_2_4.csv
1427,0,0,0,Reader_2_5.csv
1427,1,1,0,Reader_2_6.csv
1427,0,0,0,Reader_2_7.csv
1427,0,0,0,Reader_2_8.csv
1427,1,1,0,Reader_2_9.csv
1427,9,6,3,reader_3_1.csv
1427,10,8,2,Reader_3_2.csv
1427,10,5,5,Reader_3_3.csv
1427,10,5,5,Reader_3_4.csv
1427,3,2,1,Reader_3_5.csv
1427,0,0,0,Reader_3_6.csv
1427,6,5,1,Reader_3_7.csv
1428,3,3,0,Reader_1_1.csv
1428,0,0,0,Reader_1_10.csv
1428,3,1,2,Reader_1_11.csv
1428,2,2,0,Reader_1_12.csv
1428,3,3,0,Reader_1_2.csv
1428,4,4,0,Reader_1_3.csv
1428,0,0,0,Reader_1_4.csv
1428,2,2,0,Reader_1_5.csv
1428,2,2,0,Reader_1_6.csv
1428,1,1,0,Reader_1_7.csv
1428,1,1,0,Reader_1_8.csv
1428,1,1,0,Reader_1_9.csv
1428,2,0,2,Reader_2_1.csv
1428,0,0,0,Reader_2_10.csv
1428,2,2,0,Reader_2_11.csv
1428,0,0,0,Reader_2_12.csv
1428,0,0,0,Reader_2_2.csv
1428,1,1,0,Reader_2_3.csv
1428,2,2,0,Reader_2_4.csv
1428,0,0,0,Reader_2_5.csv
1428,0,0,0,Reader_2_6.csv
1428,0,0,0,Reader_2_7.csv
1428,0,0,0,Reader_2_8.csv
1428,1,1,0,Reader_2_9.csv
1428,7,6,1,reader_3_1.csv
1428,7,5,2,Reader_3_2.csv
1428,8,3,5,Reader_3_3.csv
1428,8,3,5,Reader_3_4.csv
1428,6,3,3,Reader_3_5.csv
1428,1,1,0,Reader_3_6.csv
1428,7,6,1,Reader_3_7.csv
1429,4,4,0,Reader_1_1.csv
1429,0,0,0,Reader_1_10.csv
1429,3,1,2,Reader_1_11.csv
1429,2,2,0,Reader_1_12.csv
1429,4,4,0,Reader_1_2.csv
1429,3,3,0,Reader_1_3.csv
1429,0,0,0,Reader_1_4.csv
1429,2,2,0,Reader_1_5.csv
1429,2,2,0,Reader_1_6.csv
1429,1,1,0,Reader_1_7.csv
1429,1,1,0,Reader_1_8.csv
1429,1,1,0,Reader_1_9.csv
1429,1,0,1,Reader_2_1.csv
1429,0,0,0,Reader_2_10.csv
1429,2,2,0,Reader_2_11.csv
1429,0,0,0,Reader_2_12.csv
1429,0,0,0,Reader_2_2.csv
1429,1,1,0,Reader_2_3.csv
1429,2,2,0,Reader_2_4.csv
1429,0,0,0,Reader_2_5.csv
1429,0,0,0,Reader_2_6.csv
1429,0,0,0,Reader_2_7.csv
1429,0,0,0,Reader_2_8.csv
1429,1,1,0,Reader_2_9.csv
1429,7,6,1,reader_3_1.csv
1429,7,5,2,Reader_3_2.csv
1429,8,3,5,Reader_3_3.csv
1429,8,3,5,Reader_3_4.csv
1429,6,3,3,Reader_3_5.csv
1429,1,1,0,Reader_3_6.csv
1429,6,5,1,Reader_3_7.csv
1430,4,4,0,Reader_1_1.csv
1430,0,0,0,Reader_1_10.csv
1430,1,0,1,Reader_1_11.csv
1430,2,2,0,Reader_1_12.csv
1430,3,3,0,Reader_1_2.csv
1430,3,3,0,Reader_1_3.csv
1430,0,0,0,Reader_1_4.csv
1430,1,1,0,Reader_1_5.csv
1430,3,3,0,Reader_1_6.csv
1430,1,1,0,Reader_1_7.csv
1430,1,1,0,Reader_1_8.csv
1430,1,1,0,Reader_1_9.csv
1430,1,0,1,Reader_2_1.csv
1430,0,0,0,Reader_2_10.csv
1430,2,2,0,Reader_2_11.csv
1430,0,0,0,Reader_2_12.csv
1430,0,0,0,Reader_2_2.csv
1430,1,1,0,Reader_2_3.csv
1430,1,1,0,Reader_2_4.csv
1430,0,0,0,Reader_2_5.csv
1430,0,0,0,Reader_2_6.csv
1430,0,0,0,Reader_2_7.csv
1430,0,0,0,Reader_2_8.csv
1430,1,1,0,Reader_2_9.csv
1430,9,8,1,reader_3_1.csv
1430,7,5,2,Reader_3_2.csv
1430,5,2,3,Reader_3_3.csv
1430,5,2,3,Reader_3_4.csv
1430,6,3,3,Reader_3_5.csv
1430,1,1,0,Reader_3_6.csv
1430,4,3,1,Reader_3_7.csv
1431,4,4,0,Reader_1_1.csv
1431,0,0,0,Reader_1_10.csv
1431,1,0,1,Reader_1_11.csv
1431,2,2,0,Reader_1_12.csv
1431,3,3,0,Reader_1_2.csv
1431,3,3,0,Reader_1_3.csv
1431,0,0,0,Reader_1_4.csv
1431,1,1,0,Reader_1_5.csv
1431,3,3,0,Reader_1_6.csv
1431,0,0,0,Reader_1_7.csv
1431,1,1,0,Reader_1_8.csv
1431,1,1,0,Reader_1_9.csv
1431,1,0,1,Reader_2_1.csv
1431,1,0,1,Reader_2_10.csv
1431,2,2,0,Reader_2_11.csv
1431,0,0,0,Reader_2_12.csv
1431,0,0,0,Reader_2_2.csv
1431,0,0,0,Reader_2_3.csv
1431,1,1,0,Reader_2_4.csv
1431,0,0,0,Reader_2_5.csv
1431,0,0,0,Reader_2_6.csv
1431,0,0,0,Reader_2_7.csv
1431,0,0,0,Reader_2_8.csv
1431,1,1,0,Reader_2_9.csv
1431,7,7,0,reader_3_1.csv
1431,8,6,2,Reader_3_2.csv
1431,6,3,3,Reader_3_3.csv
1431,6,3,3,Reader_3_4.csv
1431,7,4,3,Reader_3_5.csv
1431,1,1,0,Reader_3_6.csv
1431,4,3,1,Reader_3_7.csv
1432,3,3,0,Reader_1_1.csv
1432,0,0,0,Reader_1_10.csv
1432,1,0,1,Reader_1_11.csv
1432,2,2,0,Reader_1_12.csv
1432,3,3,0,Reader_1_2.csv
1432,2,2,0,Reader_1_3.csv
1432,0,0,0,Reader_1_4.csv
1432,1,1,0,Reader_1_5.csv
1432,3,3,0,Reader_1_6.csv
1432,0,0,0,Reader_1_7.csv
1432,1,1,0,Reader_1_8.csv
1432,1,1,0,Reader_1_9.csv
1432,1,0,1,Reader_2_1.csv
1432,1,0,1,Reader_2_10.csv
1432,2,2,0,Reader_2_11.csv
1432,0,0,0,Reader_2_12.csv
1432,0,0,0,Reader_2_2.csv
1432,0,0,0,Reader_2_3.csv
1432,1,1,0,Reader_2_4.csv
1432,0,0,0,Reader_2_5.csv
1432,1,1,0,Reader_2_6.csv
1432,0,0,0,Reader_2_7.csv
1432,0,0,0,Reader_2_8.csv
1432,1,1,0,Reader_2_9.csv
1432,6,6,0,reader_3_1.csv
1432,6,4,2,Reader_3_2.csv
1432,5,3,2,Reader_3_3.csv
1432,5,3,2,Reader_3_4.csv
1432,6,4,2,Reader_3_5.csv
1432,1,1,0,Reader_3_6.csv
1432,4,3,1,Reader_3_7.csv
1433,1,1,0,Reader_1_1.csv
1433,0,0,0,Reader_1_10.csv
1433,1,0,1,Reader_1_11.csv
1433,1,1,0,Reader_1_12.csv
1433,2,2,0,Reader_1_2.csv
1433,3,3,0,Reader_1_3.csv
1433,0,0,0,Reader_1_4.csv
1433,1,1,0,Reader_1_5.csv
1433,4,3,1,Reader_1_6.csv
1433,0,0,0,Reader_1_7.csv
1433,2,2,0,Reader_1_8.csv
1433,1,1,0,Reader_1_9.csv
1433,1,0,1,Reader_2_1.csv
1433,2,1,1,Reader_2_10.csv
1433,1,0,1,Reader_2_11.csv
1433,0,0,0,Reader_2_12.csv
1433,0,0,0,Reader_2_2.csv
1433,0,0,0,Reader_2_3.csv
1433,1,1,0,Reader_2_4.csv
1433,0,0,0,Reader_2_5.csv
1433,1,1,0,Reader_2_6.csv
1433,0,0,0,Reader_2_7.csv
1433,0,0,0,Reader_2_8.csv
1433,0,0,0,Reader_2_9.csv
1433,4,4,0,reader_3_1.csv
1433,5,4,1,Reader_3_2.csv
1433,5,3,2,Reader_3_3.csv
1433,5,3,2,Reader_3_4.csv
1433,6,4,2,Reader_3_5.csv
1433,2,2,0,Reader_3_6.csv
1433,5,4,1,Reader_3_7.csv
1434,3,2,1,Reader_1_1.csv
1434,0,0,0,Reader_1_10.csv
1434,2,1,1,Reader_1_11.csv
1434,1,1,0,Reader_1_12.csv
1434,2,2,0,Reader_1_2.csv
1434,3,3,0,Reader_1_3.csv
1434,0,0,0,Reader_1_4.csv
1434,1,1,0,Reader_1_5.csv
1434,3,2,1,Reader_1_6.csv
1434,0,0,0,Reader_1_7.csv
1434,2,2,0,Reader_1_8.csv
1434,1,1,0,Reader_1_9.csv
1434,1,0,1,Reader_2_1.csv
1434,2,1,1,Reader_2_10.csv
1434,1,0,1,Reader_2_11.csv
1434,0,0,0,Reader_2_12.csv
1434,0,0,0,Reader_2_2.csv
1434,0,0,0,Reader_2_3.csv
1434,1,1,0,Reader_2_4.csv
1434,0,0,0,Reader_2_5.csv
1434,1,1,0,Reader_2_6.csv
1434,0,0,0,Reader_2_7.csv
1434,0,0,0,Reader_2_8.csv
1434,0,0,0,Reader_2_9.csv
1434,3,3,0,reader_3_1.csv
1434,5,4,1,Reader_3_2.csv
1434,7,3,4,Reader_3_3.csv
1434,7,3,4,Reader_3_4.csv
1434,6,4,2,Reader_3_5.csv
1434,3,3,0,Reader_3_6.csv
1434,6,5,1,Reader_3_7.csv
1435,3,2,1,Reader_1_1.csv
1435,0,0,0,Reader_1_10.csv
1435,1,1,0,Reader_1_11.csv
1435,1,1,0,Reader_1_12.csv
1435,2,2,0,Reader_1_2.csv
1435,3,3,0,Reader_1_3.csv
1435,0,0,0,Reader_1_4.csv
1435,2,2,0,Reader_1_5.csv
1435,4,2,2,Reader_1_6.csv
1435,0,0,0,Reader_1_7.csv
1435,2,2,0,Reader_1_8.csv
1435,1,1,0,Reader_1_9.csv
1435,1,0,1,Reader_2_1.csv
1435,2,1,1,Reader_2_10.csv
1435,1,0,1,Reader_2_11.csv
1435,0,0,0,Reader_2_12.csv
1435,0,0,0,Reader_2_2.csv
1435,1,1,0,Reader_2_3.csv
1435,0,0,0,Reader_2_4.csv
1435,0,0,0,Reader_2_5.csv
1435,1,1,0,Reader_2_6.csv
1435,0,0,0,Reader_2_7.csv
1435,0,0,0,Reader_2_8.csv
1435,0,0,0,Reader_2_9.csv
1435,5,4,1,reader_3_1.csv
1435,4,4,0,Reader_3_2.csv
1435,6,3,3,Reader_3_3.csv
1435,6,3,3,Reader_3_4.csv
1435,6,4,2,Reader_3_5.csv
1435,4,4,0,Reader_3_6.csv
1435,6,5,1,Reader_3_7.csv
1436,3,2,1,Reader_1_1.csv
1436,0,0,0,Reader_1_10.csv
1436,1,1,0,Reader_1_11.csv
1436,1,1,0,Reader_1_12.csv
1436,2,2,0,Reader_1_2.csv
1436,2,2,0,Reader_1_3.csv
1436,0,0,0,Reader_1_4.csv
1436,2,2,0,Reader_1_5.csv
1436,4,2,2,Reader_1_6.csv
1436,0,0,0,Reader_1_7.csv
1436,1,1,0,Reader_1_8.csv
1436,1,1,0,Reader_1_9.csv
1436,0,0,0,Reader_2_1.csv
1436,2,1,1,Reader_2_10.csv
1436,1,0,1,Reader_2_11.csv
1436,0,0,0,Reader_2_12.csv
1436,0,0,0,Reader_2_2.csv
1436,1,1,0,Reader_2_3.csv
1436,0,0,0,Reader_2_4.csv
1436,0,0,0,Reader_2_5.csv
1436,1,1,0,Reader_2_6.csv
1436,0,0,0,Reader_2_7.csv
1436,0,0,0,Reader_2_8.csv
1436,0,0,0,Reader_2_9.csv
1436,6,5,1,reader_3_1.csv
1436,3,3,0,Reader_3_2.csv
1436,6,3,3,Reader_3_3.csv
1436,6,3,3,Reader_3_4.csv
1436,5,4,1,Reader_3_5.csv
1436,3,3,0,Reader_3_6.csv
1436,4,4,0,Reader_3_7.csv
1437,3,2,1,Reader_1_1.csv
1437,0,0,0,Reader_1_10.csv
1437,2,2,0,Reader_1_11.csv
1437,2,2,0,Reader_1_12.csv
1437,1,1,0,Reader_1_2.csv
1437,2,2,0,Reader_1_3.csv
1437,1,1,0,Reader_1_4.csv
1437,2,2,0,Reader_1_5.csv
1437,4,2,2,Reader_1_6.csv
1437,0,0,0,Reader_1_7.csv
1437,2,2,0,Reader_1_8.csv
1437,1,1,0,Reader_1_9.csv
1437,0,0,0,Reader_2_1.csv
1437,4,3,1,Reader_2_10.csv
1437,3,2,1,Reader_2_11.csv
1437,0,0,0,Reader_2_12.csv
1437,0,0,0,Reader_2_2.csv
1437,1,1,0,Reader_2_3.csv
1437,0,0,0,Reader_2_4.csv
1437,0,0,0,Reader_2_5.csv
1437,1,1,0,Reader_2_6.csv
1437,0,0,0,Reader_2_7.csv
1437,0,0,0,Reader_2_8.csv
1437,0,0,0,Reader_2_9.csv
1437,7,6,1,reader_3_1.csv
1437,4,4,0,Reader_3_2.csv
1437,6,3,3,Reader_3_3.csv
1437,6,3,3,Reader_3_4.csv
1437,5,4,1,Reader_3_5.csv
1437,4,4,0,Reader_3_6.csv
1437,5,5,0,Reader_3_7.csv
1438,5,3,2,Reader_1_1.csv
1438,0,0,0,Reader_1_10.csv
1438,3,3,0,Reader_1_11.csv
1438,2,2,0,Reader_1_12.csv
1438,1,1,0,Reader_1_2.csv
1438,3,3,0,Reader_1_3.csv
1438,1,1,0,Reader_1_4.csv
1438,3,3,0,Reader_1_5.csv
1438,2,0,2,Reader_1_6.csv
1438,0,0,0,Reader_1_7.csv
1438,3,3,0,Reader_1_8.csv
1438,1,1,0,Reader_1_9.csv
1438,0,0,0,Reader_2_1.csv
1438,5,4,1,Reader_2_10.csv
1438,3,2,1,Reader_2_11.csv
1438,0,0,0,Reader_2_12.csv
1438,0,0,0,Reader_2_2.csv
1438,2,1,1,Reader_2_3.csv
1438,0,0,0,Reader_2_4.csv
1438,0,0,0,Reader_2_5.csv
1438,1,1,0,Reader_2_6.csv
1438,0,0,0,Reader_2_7.csv
1438,0,0,0,Reader_2_8.csv
1438,0,0,0,Reader_2_9.csv
1438,5,4,1,reader_3_1.csv
1438,6,6,0,Reader_3_2.csv
1438,8,5,3,Reader_3_3.csv
1438,8,5,3,Reader_3_4.csv
1438,4,3,1,Reader_3_5.csv
1438,5,5,0,Reader_3_6.csv
1438,6,6,0,Reader_3_7.csv
1439,7,5,2,Reader_1_1.csv
1439,0,0,0,Reader_1_10.csv
1439,3,3,0,Reader_1_11.csv
1439,2,2,0,Reader_1_12.csv
1439,1,1,0,Reader_1_2.csv
1439,3,3,0,Reader_1_3.csv
1439,1,1,0,Reader_1_4.csv
1439,3,3,0,Reader_1_5.csv
1439,3,0,3,Reader_1_6.csv
1439,0,0,0,Reader_1_7.csv
1439,3,3,0,Reader_1_8.csv
1439,1,1,0,Reader_1_9.csv
1439,0,0,0,Reader_2_1.csv
1439,4,4,0,Reader_2_10.csv
1439,3,2,1,Reader_2_11.csv
1439,0,0,0,Reader_2_12.csv
1439,0,0,0,Reader_2_2.csv
1439,2,1,1,Reader_2_3.csv
1439,0,0,0,Reader_2_4.csv
1439,0,0,0,Reader_2_5.csv
1439,1,1,0,Reader_2_6.csv
1439,0,0,0,Reader_2_7.csv
1439,0,0,0,Reader_2_8.csv
1439,0,0,0,Reader_2_9.csv
1439,7,6,1,reader_3_1.csv
1439,5,5,0,Reader_3_2.csv
1439,6,4,2,Reader_3_3.csv
1439,6,4,2,Reader_3_4.csv
1439,3,2,1,Reader_3_5.csv
1439,5,5,0,Reader_3_6.csv
1439,5,5,0,Reader_3_7.csv
1440,9,7,2,Reader_1_1.csv
1440,0,0,0,Reader_1_10.csv
1440,3,3,0,Reader_1_11.csv
1440,2,2,0,Reader_1_12.csv
1440,2,2,0,Reader_1_2.csv
1440,3,3,0,Reader_1_3.csv
1440,1,1,0,Reader_1_4.csv
1440,3,3,0,Reader_1_5.csv
1440,3,0,3,Reader_1_6.csv
1440,0,0,0,Reader_1_7.csv
1440,4,4,0,Reader_1_8.csv
1440,1,1,0,Reader_1_9.csv
1440,0,0,0,Reader_2_1.csv
1440,5,5,0,Reader_2_10.csv
1440,3,2,1,Reader_2_11.csv
1440,0,0,0,Reader_2_12.csv
1440,0,0,0,Reader_2_2.csv
1440,2,1,1,Reader_2_3.csv
1440,1,1,0,Reader_2_4.csv
1440,0,0,0,Reader_2_5.csv
1440,0,0,0,Reader_2_6.csv
1440,0,0,0,Reader_2_7.csv
1440,0,0,0,Reader_2_8.csv
1440,0,0,0,Reader_2_9.csv
1440,8,7,1,reader_3_1.csv
1440,5,5,0,Reader_3_2.csv
1440,6,4,2,Reader_3_3.csv
1440,6,4,2,Reader_3_4.csv
1440,3,2,1,Reader_3_5.csv
1440,5,5,0,Reader_3_6.csv
1440,6,5,1,Reader_3_7.csv
1441,12,10,2,Reader_1_1.csv
1441,0,0,0,Reader_1_10.csv
1441,3,3,0,Reader_1_11.csv
1441,2,2,0,Reader_1_12.csv
1441,2,2,0,Reader_1_2.csv
1441,2,2,0,Reader_1_3.csv
1441,2,2,0,Reader_1_4.csv
1441,2,2,0,Reader_1_5.csv
1441,2,0,2,Reader_1_6.csv
1441,0,0,0,Reader_1_7.csv
1441,4,4,0,Reader_1_8.csv
1441,1,1,0,Reader_1_9.csv
1441,0,0,0,Reader_2_1.csv
1441,4,4,0,Reader_2_10.csv
1441,2,2,0,Reader_2_11.csv
1441,0,0,0,Reader_2_12.csv
1441,0,0,0,Reader_2_2.csv
1441,3,2,1,Reader_2_3.csv
1441,1,1,0,Reader_2_4.csv
1441,0,0,0,Reader_2_5.csv
1441,0,0,0,Reader_2_6.csv
1441,0,0,0,Reader_2_7.csv
1441,0,0,0,Reader_2_8.csv
1441,0,0,0,Reader_2_9.csv
1441,9,8,1,reader_3_1.csv
1441,5,5,0,Reader_3_2.csv
1441,6,4,2,Reader_3_3.csv
1441,6,4,2,Reader_3_4.csv
1441,3,2,1,Reader_3_5.csv
1441,4,4,0,Reader_3_6.csv
1441,4,3,1,Reader_3_7.csv
1442,10,9,1,Reader_1_1.csv
1442,0,0,0,Reader_1_10.csv
1442,2,2,0,Reader_1_11.csv
1442,3,3,0,Reader_1_12.csv
1442,2,2,0,Reader_1_2.csv
1442,3,2,1,Reader_1_3.csv
1442,2,2,0,Reader_1_4.csv
1442,3,3,0,Reader_1_5.csv
1442,2,0,2,Reader_1_6.csv
1442,0,0,0,Reader_1_7.csv
1442,4,4,0,Reader_1_8.csv
1442,1,1,0,Reader_1_9.csv
1442,0,0,0,Reader_2_1.csv
1442,7,5,2,Reader_2_10.csv
1442,2,2,0,Reader_2_11.csv
1442,0,0,0,Reader_2_12.csv
1442,0,0,0,Reader_2_2.csv
1442,3,2,1,Reader_2_3.csv
1442,1,1,0,Reader_2_4.csv
1442,0,0,0,Reader_2_5.csv
1442,0,0,0,Reader_2_6.csv
1442,0,0,0,Reader_2_7.csv
1442,0,0,0,Reader_2_8.csv
1442,0,0,0,Reader_2_9.csv
1442,8,7,1,reader_3_1.csv
1442,5,5,0,Reader_3_2.csv
1442,6,6,0,Reader_3_3.csv
1442,6,6,0,Reader_3_4.csv
1442,3,2,1,Reader_3_5.csv
1442,3,3,0,Reader_3_6.csv
1442,3,2,1,Reader_3_7.csv
1443,13,11,2,Reader_1_1.csv
1443,0,0,0,Reader_1_10.csv
1443,2,2,0,Reader_1_11.csv
1443,3,3,0,Reader_1_12.csv
1443,3,2,1,Reader_1_2.csv
1443,3,2,1,Reader_1_3.csv
1443,2,2,0,Reader_1_4.csv
1443,2,2,0,Reader_1_5.csv
1443,1,0,1,Reader_1_6.csv
1443,0,0,0,Reader_1_7.csv
1443,4,4,0,Reader_1_8.csv
1443,0,0,0,Reader_1_9.csv
1443,0,0,0,Reader_2_1.csv
1443,7,5,2,Reader_2_10.csv
1443,2,2,0,Reader_2_11.csv
1443,0,0,0,Reader_2_12.csv
1443,0,0,0,Reader_2_2.csv
1443,2,1,1,Reader_2_3.csv
1443,4,4,0,Reader_2_4.csv
1443,0,0,0,Reader_2_5.csv
1443,0,0,0,Reader_2_6.csv
1443,0,0,0,Reader_2_7.csv
1443,0,0,0,Reader_2_8.csv
1443,0,0,0,Reader_2_9.csv
1443,7,7,0,reader_3_1.csv
1443,4,4,0,Reader_3_2.csv
1443,6,5,1,Reader_3_3.csv
1443,6,5,1,Reader_3_4.csv
1443,2,1,1,Reader_3_5.csv
1443,3,3,0,Reader_3_6.csv
1443,3,2,1,Reader_3_7.csv
1444,15,13,2,Reader_1_1.csv
1444,0,0,0,Reader_1_10.csv
1444,2,2,0,Reader_1_11.csv
1444,2,2,0,Reader_1_12.csv
1444,3,2,1,Reader_1_2.csv
1444,3,2,1,Reader_1_3.csv
1444,3,3,0,Reader_1_4.csv
1444,2,2,0,Reader_1_5.csv
1444,1,0,1,Reader_1_6.csv
1444,0,0,0,Reader_1_7.csv
1444,4,4,0,Reader_1_8.csv
1444,0,0,0,Reader_1_9.csv
1444,0,0,0,Reader_2_1.csv
1444,8,6,2,Reader_2_10.csv
1444,2,2,0,Reader_2_11.csv
1444,0,0,0,Reader_2_12.csv
1444,0,0,0,Reader_2_2.csv
1444,3,2,1,Reader_2_3.csv
1444,4,4,0,Reader_2_4.csv
1444,0,0,0,Reader_2_5.csv
1444,0,0,0,Reader_2_6.csv
1444,0,0,0,Reader_2_7.csv
1444,0,0,0,Reader_2_8.csv
1444,0,0,0,Reader_2_9.csv
1444,6,6,0,reader_3_1.csv
1444,5,5,0,Reader_3_2.csv
1444,7,6,1,Reader_3_3.csv
1444,7,6,1,Reader_3_4.csv
1444,0,0,0,Reader_3_5.csv
1444,6,5,1,Reader_3_6.csv
1444,4,3,1,Reader_3_7.csv
1445,17,15,2,Reader_1_1.csv
1445,0,0,0,Reader_1_10.csv
1445,1,1,0,Reader_1_11.csv
1445,1,1,0,Reader_1_12.csv
1445,5,4,1,Reader_1_2.csv
1445,3,2,1,Reader_1_3.csv
1445,3,3,0,Reader_1_4.csv
1445,3,3,0,Reader_1_5.csv
1445,1,0,1,Reader_1_6.csv
1445,0,0,0,Reader_1_7.csv
1445,3,3,0,Reader_1_8.csv
1445,0,0,0,Reader_1_9.csv
1445,0,0,0,Reader_2_1.csv
1445,8,6,2,Reader_2_10.csv
1445,1,1,0,Reader_2_11.csv
1445,0,0,0,Reader_2_12.csv
1445,0,0,0,Reader_2_2.csv
1445,3,2,1,Reader_2_3.csv
1445,5,5,0,Reader_2_4.csv
1445,0,0,0,Reader_2_5.csv
1445,0,0,0,Reader_2_6.csv
1445,0,0,0,Reader_2_7.csv
1445,0,0,0,Reader_2_8.csv
1445,0,0,0,Reader_2_9.csv
1445,9,9,0,reader_3_1.csv
1445,4,4,0,Reader_3_2.csv
1445,7,6,1,Reader_3_3.csv
1445,7,6,1,Reader_3_4.csv
1445,0,0,0,Reader_3_5.csv
1445,6,4,2,Reader_3_6.csv
1445,3,2,1,Reader_3_7.csv
1446,15,14,1,Reader_1_1.csv
1446,0,0,0,Reader_1_10.csv
1446,0,0,0,Reader_1_11.csv
1446,2,2,0,Reader_1_12.csv
1446,8,7,1,Reader_1_2.csv
1446,2,1,1,Reader_1_3.csv
1446,4,4,0,Reader_1_4.csv
1446,2,2,0,Reader_1_5.csv
1446,1,0,1,Reader_1_6.csv
1446,0,0,0,Reader_1_7.csv
1446,2,2,0,Reader_1_8.csv
1446,0,0,0,Reader_1_9.csv
1446,0,0,0,Reader_2_1.csv
1446,7,5,2,Reader_2_10.csv
1446,1,1,0,Reader_2_11.csv
1446,0,0,0,Reader_2_12.csv
1446,0,0,0,Reader_2_2.csv
1446,2,2,0,Reader_2_3.csv
1446,6,6,0,Reader_2_4.csv
1446,0,0,0,Reader_2_5.csv
1446,0,0,0,Reader_2_6.csv
1446,0,0,0,Reader_2_7.csv
1446,0,0,0,Reader_2_8.csv
1446,0,0,0,Reader_2_9.csv
1446,10,10,0,reader_3_1.csv
1446,3,3,0,Reader_3_2.csv
1446,6,5,1,Reader_3_3.csv
1446,6,5,1,Reader_3_4.csv
1446,1,1,0,Reader_3_5.csv
1446,5,3,2,Reader_3_6.csv
1446,2,1,1,Reader_3_7.csv
1447,15,14,1,Reader_1_1.csv
1447,0,0,0,Reader_1_10.csv
1447,0,0,0,Reader_1_11.csv
1447,4,3,1,Reader_1_12.csv
1447,8,7,1,Reader_1_2.csv
1447,2,1,1,Reader_1_3.csv
1447,4,4,0,Reader_1_4.csv
1447,2,2,0,Reader_1_5.csv
1447,1,1,0,Reader_1_6.csv
1447,0,0,0,Reader_1_7.csv
1447,2,2,0,Reader_1_8.csv
1447,0,0,0,Reader_1_9.csv
1447,0,0,0,Reader_2_1.csv
1447,9,7,2,Reader_2_10.csv
1447,1,1,0,Reader_2_11.csv
1447,0,0,0,Reader_2_12.csv
1447,0,0,0,Reader_2_2.csv
1447,2,2,0,Reader_2_3.csv
1447,7,7,0,Reader_2_4.csv
1447,0,0,0,Reader_2_5.csv
1447,0,0,0,Reader_2_6.csv
1447,0,0,0,Reader_2_7.csv
1447,0,0,0,Reader_2_8.csv
1447,0,0,0,Reader_2_9.csv
1447,8,8,0,reader_3_1.csv
1447,5,5,0,Reader_3_2.csv
1447,6,5,1,Reader_3_3.csv
1447,6,5,1,Reader_3_4.csv
1447,3,2,1,Reader_3_5.csv
1447,5,3,2,Reader_3_6.csv
1447,3,2,1,Reader_3_7.csv
1448,19,18,1,Reader_1_1.csv
1448,0,0,0,Reader_1_10.csv
1448,0,0,0,Reader_1_11.csv
1448,5,4,1,Reader_1_12.csv
1448,9,8,1,Reader_1_2.csv
1448,2,1,1,Reader_1_3.csv
1448,4,4,0,Reader_1_4.csv
1448,4,3,1,Reader_1_5.csv
1448,1,1,0,Reader_1_6.csv
1448,0,0,0,Reader_1_7.csv
1448,1,1,0,Reader_1_8.csv
1448,0,0,0,Reader_1_9.csv
1448,0,0,0,Reader_2_1.csv
1448,8,6,2,Reader_2_10.csv
1448,1,1,0,Reader_2_11.csv
1448,0,0,0,Reader_2_12.csv
1448,0,0,0,Reader_2_2.csv
1448,3,3,0,Reader_2_3.csv
1448,8,8,0,Reader_2_4.csv
1448,0,0,0,Reader_2_5.csv
1448,1,0,1,Reader_2_6.csv
1448,0,0,0,Reader_2_7.csv
1448,0,0,0,Reader_2_8.csv
1448,0,0,0,Reader_2_9.csv
1448,8,8,0,reader_3_1.csv
1448,5,5,0,Reader_3_2.csv
1448,6,5,1,Reader_3_3.csv
1448,6,5,1,Reader_3_4.csv
1448,3,2,1,Reader_3_5.csv
1448,5,3,2,Reader_3_6.csv
1448,2,2,0,Reader_3_7.csv
1449,23,22,1,Reader_1_1.csv
1449,0,0,0,Reader_1_10.csv
1449,0,0,0,Reader_1_11.csv
1449,6,5,1,Reader_1_12.csv
1449,9,8,1,Reader_1_2.csv
1449,3,2,1,Reader_1_3.csv
1449,3,3,0,Reader_1_4.csv
1449,4,3,1,Reader_1_5.csv
1449,1,1,0,Reader_1_6.csv
1449,0,0,0,Reader_1_7.csv
1449,1,1,0,Reader_1_8.csv
1449,0,0,0,Reader_1_9.csv
1449,0,0,0,Reader_2_1.csv
1449,8,6,2,Reader_2_10.csv
1449,1,1,0,Reader_2_11.csv
1449,0,0,0,Reader_2_12.csv
1449,0,0,0,Reader_2_2.csv
1449,2,2,0,Reader_2_3.csv
1449,8,8,0,Reader_2_4.csv
1449,0,0,0,Reader_2_5.csv
1449,1,0,1,Reader_2_6.csv
1449,0,0,0,Reader_2_7.csv
1449,0,0,0,Reader_2_8.csv
1449,0,0,0,Reader_2_9.csv
1449,8,8,0,reader_3_1.csv
1449,6,6,0,Reader_3_2.csv
1449,7,5,2,Reader_3_3.csv
1449,7,5,2,Reader_3_4.csv
1449,3,2,1,Reader_3_5.csv
1449,5,3,2,Reader_3_6.csv
1449,3,3,0,Reader_3_7.csv
1450,30,29,1,Reader_1_1.csv
1450,0,0,0,Reader_1_10.csv
1450,0,0,0,Reader_1_11.csv
1450,5,4,1,Reader_1_12.csv
1450,10,9,1,Reader_1_2.csv
1450,4,4,0,Reader_1_3.csv
1450,3,3,0,Reader_1_4.csv
1450,3,2,1,Reader_1_5.csv
1450,1,1,0,Reader_1_6.csv
1450,0,0,0,Reader_1_7.csv
1450,1,1,0,Reader_1_8.csv
1450,0,0,0,Reader_1_9.csv
1450,0,0,0,Reader_2_1.csv
1450,5,5,0,Reader_2_10.csv
1450,1,1,0,Reader_2_11.csv
1450,0,0,0,Reader_2_12.csv
1450,0,0,0,Reader_2_2.csv
1450,2,2,0,Reader_2_3.csv
1450,8,8,0,Reader_2_4.csv
1450,0,0,0,Reader_2_5.csv
1450,1,0,1,Reader_2_6.csv
1450,0,0,0,Reader_2_7.csv
1450,0,0,0,Reader_2_8.csv
1450,0,0,0,Reader_2_9.csv
1450,8,8,0,reader_3_1.csv
1450,6,6,0,Reader_3_2.csv
1450,5,3,2,Reader_3_3.csv
1450,5,3,2,Reader_3_4.csv
1450,3,2,1,Reader_3_5.csv
1450,5,3,2,Reader_3_6.csv
1450,3,3,0,Reader_3_7.csv
1451,34,34,0,Reader_1_1.csv
1451,0,0,0,Reader_1_10.csv
1451,0,0,0,Reader_1_11.csv
1451,5,4,1,Reader_1_12.csv
1451,8,8,0,Reader_1_2.csv
1451,4,4,0,Reader_1_3.csv
1451,4,4,0,Reader_1_4.csv
1451,3,2,1,Reader_1_5.csv
1451,1,1,0,Reader_1_6.csv
1451,0,0,0,Reader_1_7.csv
1451,1,1,0,Reader_1_8.csv
1451,0,0,0,Reader_1_9.csv
1451,0,0,0,Reader_2_1.csv
1451,6,6,0,Reader_2_10.csv
1451,1,1,0,Reader_2_11.csv
1451,0,0,0,Reader_2_12.csv
1451,0,0,0,Reader_2_2.csv
1451,2,2,0,Reader_2_3.csv
1451,5,5,0,Reader_2_4.csv
1451,0,0,0,Reader_2_5.csv
1451,1,0,1,Reader_2_6.csv
1451,0,0,0,Reader_2_7.csv
1451,0,0,0,Reader_2_8.csv
1451,0,0,0,Reader_2_9.csv
1451,8,8,0,reader_3_1.csv
1451,6,6,0,Reader_3_2.csv
1451,4,3,1,Reader_3_3.csv
1451,4,3,1,Reader_3_4.csv
1451,3,2,1,Reader_3_5.csv
1451,4,2,2,Reader_3_6.csv
1451,4,3,1,Reader_3_7.csv
1452,44,44,0,Reader_1_1.csv
1452,0,0,0,Reader_1_10.csv
1452,0,0,0,Reader_1_11.csv
1452,5,4,1,Reader_1_12.csv
1452,9,9,0,Reader_1_2.csv
1452,5,5,0,Reader_1_3.csv
1452,4,4,0,Reader_1_4.csv
1452,3,2,1,Reader_1_5.csv
1452,1,1,0,Reader_1_6.csv
1452,0,0,0,Reader_1_7.csv
1452,1,1,0,Reader_1_8.csv
1452,0,0,0,Reader_1_9.csv
1452,0,0,0,Reader_2_1.csv
1452,5,5,0,Reader_2_10.csv
1452,1,1,0,Reader_2_11.csv
1452,0,0,0,Reader_2_12.csv
1452,0,0,0,Reader_2_2.csv
1452,1,1,0,Reader_2_3.csv
1452,6,6,0,Reader_2_4.csv
1452,0,0,0,Reader_2_5.csv
1452,1,0,1,Reader_2_6.csv
1452,0,0,0,Reader_2_7.csv
1452,0,0,0,Reader_2_8.csv
1452,0,0,0,Reader_2_9.csv
1452,8,8,0,reader_3_1.csv
1452,5,5,0,Reader_3_2.csv
1452,3,2,1,Reader_3_3.csv
1452,3,2,1,Reader_3_4.csv
1452,3,2,1,Reader_3_5.csv
1452,1,0,1,Reader_3_6.csv
1452,4,2,2,Reader_3_7.csv
1453,52,52,0,Reader_1_1.csv
1453,0,0,0,Reader_1_10.csv
1453,0,0,0,Reader_1_11.csv
1453,5,4,1,Reader_1_12.csv
1453,8,8,0,Reader_1_2.csv
1453,6,5,1,Reader_1_3.csv
1453,4,3,1,Reader_1_4.csv
1453,2,1,1,Reader_1_5.csv
1453,1,1,0,Reader_1_6.csv
1453,0,0,0,Reader_1_7.csv
1453,2,2,0,Reader_1_8.csv
1453,0,0,0,Reader_1_9.csv
1453,0,0,0,Reader_2_1.csv
1453,4,4,0,Reader_2_10.csv
1453,0,0,0,Reader_2_11.csv
1453,0,0,0,Reader_2_12.csv
1453,0,0,0,Reader_2_2.csv
1453,1,1,0,Reader_2_3.csv
1453,5,5,0,Reader_2_4.csv
1453,0,0,0,Reader_2_5.csv
1453,1,0,1,Reader_2_6.csv
1453,0,0,0,Reader_2_7.csv
1453,0,0,0,Reader_2_8.csv
1453,0,0,0,Reader_2_9.csv
1453,5,5,0,reader_3_1.csv
1453,5,4,1,Reader_3_2.csv
1453,5,3,2,Reader_3_3.csv
1453,5,3,2,Reader_3_4.csv
1453,3,2,1,Reader_3_5.csv
1453,0,0,0,Reader_3_6.csv
1453,4,2,2,Reader_3_7.csv
1454,64,64,0,Reader_1_1.csv
1454,0,0,0,Reader_1_10.csv
1454,0,0,0,Reader_1_11.csv
1454,4,3,1,Reader_1_12.csv
1454,5,5,0,Reader_1_2.csv
1454,6,5,1,Reader_1_3.csv
1454,3,2,1,Reader_1_4.csv
1454,2,1,1,Reader_1_5.csv
1454,1,1,0,Reader_1_6.csv
1454,0,0,0,Reader_1_7.csv
1454,2,2,0,Reader_1_8.csv
1454,0,0,0,Reader_1_9.csv
1454,0,0,0,Reader_2_1.csv
1454,4,4,0,Reader_2_10.csv
1454,0,0,0,Reader_2_11.csv
1454,0,0,0,Reader_2_12.csv
1454,0,0,0,Reader_2_2.csv
1454,1,1,0,Reader_2_3.csv
1454,4,4,0,Reader_2_4.csv
1454,0,0,0,Reader_2_5.csv
1454,1,0,1,Reader_2_6.csv
1454,0,0,0,Reader_2_7.csv
1454,0,0,0,Reader_2_8.csv
1454,0,0,0,Reader_2_9.csv
1454,4,4,0,reader_3_1.csv
1454,4,3,1,Reader_3_2.csv
1454,4,2,2,Reader_3_3.csv
1454,4,2,2,Reader_3_4.csv
1454,2,1,1,Reader_3_5.csv
1454,0,0,0,Reader_3_6.csv
1454,5,3,2,Reader_3_7.csv
1455,81,81,0,Reader_1_1.csv
1455,0,0,0,Reader_1_10.csv
1455,1,1,0,Reader_1_11.csv
1455,2,2,0,Reader_1_12.csv
1455,6,6,0,Reader_1_2.csv
1455,6,5,1,Reader_1_3.csv
1455,3,2,1,Reader_1_4.csv
1455,2,1,1,Reader_1_5.csv
1455,0,0,0,Reader_1_6.csv
1455,0,0,0,Reader_1_7.csv
1455,2,2,0,Reader_1_8.csv
1455,0,0,0,Reader_1_9.csv
1455,0,0,0,Reader_2_1.csv
1455,3,3,0,Reader_2_10.csv
1455,0,0,0,Reader_2_11.csv
1455,0,0,0,Reader_2_12.csv
1455,0,0,0,Reader_2_2.csv
1455,1,1,0,Reader_2_3.csv
1455,3,3,0,Reader_2_4.csv
1455,0,0,0,Reader_2_5.csv
1455,1,0,1,Reader_2_6.csv
1455,0,0,0,Reader_2_7.csv
1455,0,0,0,Reader_2_8.csv
1455,0,0,0,Reader_2_9.csv
1455,5,5,0,reader_3_1.csv
1455,2,1,1,Reader_3_2.csv
1455,4,2,2,Reader_3_3.csv
1455,4,2,2,Reader_3_4.csv
1455,1,1,0,Reader_3_5.csv
1455,0,0,0,Reader_3_6.csv
1455,4,2,2,Reader_3_7.csv
1456,87,87,0,Reader_1_1.csv
1456,0,0,0,Reader_1_10.csv
1456,1,1,0,Reader_1_11.csv
1456,2,2,0,Reader_1_12.csv
1456,5,5,0,Reader_1_2.csv
1456,6,5,1,Reader_1_3.csv
1456,3,2,1,Reader_1_4.csv
1456,0,0,0,Reader_1_5.csv
1456,0,0,0,Reader_1_6.csv
1456,0,0,0,Reader_1_7.csv
1456,2,2,0,Reader_1_8.csv
1456,0,0,0,Reader_1_9.csv
1456,0,0,0,Reader_2_1.csv
1456,4,4,0,Reader_2_10.csv
1456,0,0,0,Reader_2_11.csv
1456,0,0,0,Reader_2_12.csv
1456,0,0,0,Reader_2_2.csv
1456,0,0,0,Reader_2_3.csv
1456,2,2,0,Reader_2_4.csv
1456,0,0,0,Reader_2_5.csv
1456,0,0,0,Reader_2_6.csv
1456,0,0,0,Reader_2_7.csv
1456,0,0,0,Reader_2_8.csv
1456,0,0,0,Reader_2_9.csv
1456,4,4,0,reader_3_1.csv
1456,2,1,1,Reader_3_2.csv
1456,5,2,3,Reader_3_3.csv
1456,5,2,3,Reader_3_4.csv
1456,1,1,0,Reader_3_5.csv
1456,0,0,0,Reader_3_6.csv
1456,4,2,2,Reader_3_7.csv
1457,93,92,1,Reader_1_1.csv
1457,0,0,0,Reader_1_10.csv
1457,1,1,0,Reader_1_11.csv
1457,1,1,0,Reader_1_12.csv
1457,5,5,0,Reader_1_2.csv
1457,5,4,1,Reader_1_3.csv
1457,3,2,1,Reader_1_4.csv
1457,0,0,0,Reader_1_5.csv
1457,0,0,0,Reader_1_6.csv
1457,0,0,0,Reader_1_7.csv
1457,1,1,0,Reader_1_8.csv
1457,0,0,0,Reader_1_9.csv
1457,0,0,0,Reader_2_1.csv
1457,6,6,0,Reader_2_10.csv
1457,1,1,0,Reader_2_11.csv
1457,0,0,0,Reader_2_12.csv
1457,0,0,0,Reader_2_2.csv
1457,0,0,0,Reader_2_3.csv
1457,2,2,0,Reader_2_4.csv
1457,0,0,0,Reader_2_5.csv
1457,0,0,0,Reader_2_6.csv
1457,0,0,0,Reader_2_7.csv
1457,0,0,0,Reader_2_8.csv
1457,0,0,0,Reader_2_9.csv
1457,3,3,0,reader_3_1.csv
1457,1,0,1,Reader_3_2.csv
1457,5,3,2,Reader_3_3.csv
1457,5,3,2,Reader_3_4.csv
1457,1,1,0,Reader_3_5.csv
1457,1,1,0,Reader_3_6.csv
1457,3,1,2,Reader_3_7.csv
1458,99,98,1,Reader_1_1.csv
1458,0,0,0,Reader_1_10.csv
1458,1,1,0,Reader_1_11.csv
1458,1,1,0,Reader_1_12.csv
1458,5,5,0,Reader_1_2.csv
1458,5,3,2,Reader_1_3.csv
1458,4,3,1,Reader_1_4.csv
1458,0,0,0,Reader_1_5.csv
1458,0,0,0,Reader_1_6.csv
1458,0,0,0,Reader_1_7.csv
1458,1,1,0,Reader_1_8.csv
1458,0,0,0,Reader_1_9.csv
1458,0,0,0,Reader_2_1.csv
1458,6,6,0,Reader_2_10.csv
1458,1,1,0,Reader_2_11.csv
1458,0,0,0,Reader_2_12.csv
1458,0,0,0,Reader_2_2.csv
1458,0,0,0,Reader_2_3.csv
1458,2,2,0,Reader_2_4.csv
1458,1,1,0,Reader_2_5.csv
1458,0,0,0,Reader_2_6.csv
1458,0,0,0,Reader_2_7.csv
1458,0,0,0,Reader_2_8.csv
1458,0,0,0,Reader_2_9.csv
1458,4,4,0,reader_3_1.csv
1458,1,0,1,Reader_3_2.csv
1458,7,5,2,Reader_3_3.csv
1458,7,5,2,Reader_3_4.csv
1458,1,1,0,Reader_3_5.csv
1458,1,1,0,Reader_3_6.csv
1458,4,2,2,Reader_3_7.csv
1459,104,103,1,Reader_1_1.csv
1459,0,0,0,Reader_1_10.csv
1459,1,1,0,Reader_1_11.csv
1459,2,2,0,Reader_1_12.csv
1459,6,6,0,Reader_1_2.csv
1459,4,2,2,Reader_1_3.csv
1459,3,2,1,Reader_1_4.csv
1459,0,0,0,Reader_1_5.csv
1459,0,0,0,Reader_1_6.csv
1459,0,0,0,Reader_1_7.csv
1459,1,1,0,Reader_1_8.csv
1459,0,0,0,Reader_1_9.csv
1459,1,1,0,Reader_2_1.csv
1459,5,5,0,Reader_2_10.csv
1459,1,1,0,Reader_2_11.csv
1459,0,0,0,Reader_2_12.csv
1459,0,0,0,Reader_2_2.csv
1459,0,0,0,Reader_2_3.csv
1459,2,2,0,Reader_2_4.csv
1459,2,2,0,Reader_2_5.csv
1459,0,0,0,Reader_2_6.csv
1459,0,0,0,Reader_2_7.csv
1459,0,0,0,Reader_2_8.csv
1459,0,0,0,Reader_2_9.csv
1459,3,3,0,reader_3_1.csv
1459,2,1,1,Reader_3_2.csv
1459,8,6,2,Reader_3_3.csv
1459,8,6,2,Reader_3_4.csv
1459,2,1,1,Reader_3_5.csv
1459,1,1,0,Reader_3_6.csv
1459,4,3,1,Reader_3_7.csv
1460,109,108,1,Reader_1_1.csv
1460,0,0,0,Reader_1_10.csv
1460,1,1,0,Reader_1_11.csv
1460,2,2,0,Reader_1_12.csv
1460,5,5,0,Reader_1_2.csv
1460,3,1,2,Reader_1_3.csv
1460,2,1,1,Reader_1_4.csv
1460,1,1,0,Reader_1_5.csv
1460,0,0,0,Reader_1_6.csv
1460,0,0,0,Reader_1_7.csv
1460,1,1,0,Reader_1_8.csv
1460,0,0,0,Reader_1_9.csv
1460,1,1,0,Reader_2_1.csv
1460,5,5,0,Reader_2_10.csv
1460,1,1,0,Reader_2_11.csv
1460,0,0,0,Reader_2_12.csv
1460,0,0,0,Reader_2_2.csv
1460,0,0,0,Reader_2_3.csv
1460,2,2,0,Reader_2_4.csv
1460,2,2,0,Reader_2_5.csv
1460,0,0,0,Reader_2_6.csv
1460,0,0,0,Reader_2_7.csv
1460,0,0,0,Reader_2_8.csv
1460,0,0,0,Reader_2_9.csv
1460,3,3,0,reader_3_1.csv
1460,2,1,1,Reader_3_2.csv
1460,8,6,2,Reader_3_3.csv
1460,8,6,2,Reader_3_4.csv
1460,2,1,1,Reader_3_5.csv
1460,1,1,0,Reader_3_6.csv
1460,3,3,0,Reader_3_7.csv
1461,116,115,1,Reader_1_1.csv
1461,0,0,0,Reader_1_10.csv
1461,1,1,0,Reader_1_11.csv
1461,3,3,0,Reader_1_12.csv
1461,4,4,0,Reader_1_2.csv
1461,2,1,1,Reader_1_3.csv
1461,2,1,1,Reader_1_4.csv
1461,3,3,0,Reader_1_5.csv
1461,0,0,0,Reader_1_6.csv
1461,0,0,0,Reader_1_7.csv
1461,0,0,0,Reader_1_8.csv
1461,0,0,0,Reader_1_9.csv
1461,1,1,0,Reader_2_1.csv
1461,4,4,0,Reader_2_10.csv
1461,2,2,0,Reader_2_11.csv
1461,0,0,0,Reader_2_12.csv
1461,0,0,0,Reader_2_2.csv
1461,0,0,0,Reader_2_3.csv
1461,2,2,0,Reader_2_4.csv
1461,4,3,1,Reader_2_5.csv
1461,0,0,0,Reader_2_6.csv
1461,0,0,0,Reader_2_7.csv
1461,0,0,0,Reader_2_8.csv
1461,0,0,0,Reader_2_9.csv
1461,2,2,0,reader_3_1.csv
1461,3,3,0,Reader_3_2.csv
1461,8,6,2,Reader_3_3.csv
1461,8,6,2,Reader_3_4.csv
1461,4,2,2,Reader_3_5.csv
1461,1,1,0,Reader_3_6.csv
1461,4,4,0,Reader_3_7.csv
1462,117,116,1,Reader_1_1.csv
1462,0,0,0,Reader_1_10.csv
1462,1,1,0,Reader_1_11.csv
1462,3,3,0,Reader_1_12.csv
1462,4,4,0,Reader_1_2.csv
1462,2,1,1,Reader_1_3.csv
1462,3,1,2,Reader_1_4.csv
1462,4,3,1,Reader_1_5.csv
1462,0,0,0,Reader_1_6.csv
1462,0,0,0,Reader_1_7.csv
1462,0,0,0,Reader_1_8.csv
1462,0,0,0,Reader_1_9.csv
1462,1,1,0,Reader_2_1.csv
1462,4,4,0,Reader_2_10.csv
1462,2,2,0,Reader_2_11.csv
1462,0,0,0,Reader_2_12.csv
1462,0,0,0,Reader_2_2.csv
1462,0,0,0,Reader_2_3.csv
1462,2,2,0,Reader_2_4.csv
1462,4,3,1,Reader_2_5.csv
1462,0,0,0,Reader_2_6.csv
1462,0,0,0,Reader_2_7.csv
1462,0,0,0,Reader_2_8.csv
1462,0,0,0,Reader_2_9.csv
1462,2,2,0,reader_3_1.csv
1462,3,3,0,Reader_3_2.csv
1462,9,7,2,Reader_3_3.csv
1462,9,7,2,Reader_3_4.csv
1462,6,4,2,Reader_3_5.csv
1462,1,1,0,Reader_3_6.csv
1462,3,3,0,Reader_3_7.csv
1463,111,110,1,Reader_1_1.csv
1463,0,0,0,Reader_1_10.csv
1463,0,0,0,Reader_1_11.csv
1463,4,4,0,Reader_1_12.csv
1463,3,3,0,Reader_1_2.csv
1463,2,1,1,Reader_1_3.csv
1463,3,1,2,Reader_1_4.csv
1463,5,3,2,Reader_1_5.csv
1463,0,0,0,Reader_1_6.csv
1463,0,0,0,Reader_1_7.csv
1463,0,0,0,Reader_1_8.csv
1463,0,0,0,Reader_1_9.csv
1463,1,1,0,Reader_2_1.csv
1463,4,3,1,Reader_2_10.csv
1463,2,2,0,Reader_2_11.csv
1463,0,0,0,Reader_2_12.csv
1463,0,0,0,Reader_2_2.csv
1463,0,0,0,Reader_2_3.csv
1463,2,2,0,Reader_2_4.csv
1463,5,3,2,Reader_2_5.csv
1463,0,0,0,Reader_2_6.csv
1463,0,0,0,Reader_2_7.csv
1463,0,0,0,Reader_2_8.csv
1463,0,0,0,Reader_2_9.csv
1463,1,1,0,reader_3_1.csv
1463,3,3,0,Reader_3_2.csv
1463,10,8,2,Reader_3_3.csv
1463,10,8,2,Reader_3_4.csv
1463,6,3,3,Reader_3_5.csv
1463,1,1,0,Reader_3_6.csv
1463,3,3,0,Reader_3_7.csv
1464,118,117,1,Reader_1_1.csv
1464,0,0,0,Reader_1_10.csv
1464,0,0,0,Reader_1_11.csv
1464,4,3,1,Reader_1_12.csv
1464,3,3,0,Reader_1_2.csv
1464,2,1,1,Reader_1_3.csv
1464,3,1,2,Reader_1_4.csv
1464,7,3,4,Reader_1_5.csv
1464,1,1,0,Reader_1_6.csv
1464,0,0,0,Reader_1_7.csv
1464,0,0,0,Reader_1_8.csv
1464,0,0,0,Reader_1_9.csv
1464,1,1,0,Reader_2_1.csv
1464,3,2,1,Reader_2_10.csv
1464,3,3,0,Reader_2_11.csv
1464,0,0,0,Reader_2_12.csv
1464,0,0,0,Reader_2_2.csv
1464,0,0,0,Reader_2_3.csv
1464,1,1,0,Reader_2_4.csv
1464,5,3,2,Reader_2_5.csv
1464,0,0,0,Reader_2_6.csv
1464,0,0,0,Reader_2_7.csv
1464,0,0,0,Reader_2_8.csv
1464,0,0,0,Reader_2_9.csv
1464,1,1,0,reader_3_1.csv
1464,3,3,0,Reader_3_2.csv
1464,11,10,1,Reader_3_3.csv
1464,11,10,1,Reader_3_4.csv
1464,6,3,3,Reader_3_5.csv
1464,1,1,0,Reader_3_6.csv
1464,3,3,0,Reader_3_7.csv
1465,111,111,0,Reader_1_1.csv
1465,0,0,0,Reader_1_10.csv
1465,0,0,0,Reader_1_11.csv
1465,4,3,1,Reader_1_12.csv
1465,3,3,0,Reader_1_2.csv
1465,3,2,1,Reader_1_3.csv
1465,3,1,2,Reader_1_4.csv
1465,8,4,4,Reader_1_5.csv
1465,1,1,0,Reader_1_6.csv
1465,0,0,0,Reader_1_7.csv
1465,0,0,0,Reader_1_8.csv
1465,0,0,0,Reader_1_9.csv
1465,1,1,0,Reader_2_1.csv
1465,1,0,1,Reader_2_10.csv
1465,3,3,0,Reader_2_11.csv
1465,0,0,0,Reader_2_12.csv
1465,0,0,0,Reader_2_2.csv
1465,0,0,0,Reader_2_3.csv
1465,1,1,0,Reader_2_4.csv
1465,5,3,2,Reader_2_5.csv
1465,0,0,0,Reader_2_6.csv
1465,0,0,0,Reader_2_7.csv
1465,0,0,0,Reader_2_8.csv
1465,0,0,0,Reader_2_9.csv
1465,1,1,0,reader_3_1.csv
1465,3,3,0,Reader_3_2.csv
1465,10,8,2,Reader_3_3.csv
1465,10,8,2,Reader_3_4.csv
1465,8,5,3,Reader_3_5.csv
1465,1,1,0,Reader_3_6.csv
1465,4,4,0,Reader_3_7.csv
1466,112,112,0,Reader_1_1.csv
1466,0,0,0,Reader_1_10.csv
1466,1,1,0,Reader_1_11.csv
1466,4,3,1,Reader_1_12.csv
1466,3,3,0,Reader_1_2.csv
1466,1,1,0,Reader_1_3.csv
1466,2,0,2,Reader_1_4.csv
1466,11,5,6,Reader_1_5.csv
1466,1,1,0,Reader_1_6.csv
1466,0,0,0,Reader_1_7.csv
1466,0,0,0,Reader_1_8.csv
1466,0,0,0,Reader_1_9.csv
1466,1,1,0,Reader_2_1.csv
1466,1,0,1,Reader_2_10.csv
1466,3,3,0,Reader_2_11.csv
1466,0,0,0,Reader_2_12.csv
1466,0,0,0,Reader_2_2.csv
1466,0,0,0,Reader_2_3.csv
1466,1,1,0,Reader_2_4.csv
1466,4,2,2,Reader_2_5.csv
1466,0,0,0,Reader_2_6.csv
1466,0,0,0,Reader_2_7.csv
1466,0,0,0,Reader_2_8.csv
1466,0,0,0,Reader_2_9.csv
1466,0,0,0,reader_3_1.csv
1466,4,3,1,Reader_3_2.csv
1466,8,6,2,Reader_3_3.csv
1466,8,6,2,Reader_3_4.csv
1466,9,6,3,Reader_3_5.csv
1466,2,2,0,Reader_3_6.csv
1466,4,4,0,Reader_3_7.csv
1467,118,118,0,Reader_1_1.csv
1467,0,0,0,Reader_1_10.csv
1467,1,1,0,Reader_1_11.csv
1467,3,2,1,Reader_1_12.csv
1467,2,2,0,Reader_1_2.csv
1467,1,1,0,Reader_1_3.csv
1467,2,0,2,Reader_1_4.csv
1467,11,5,6,Reader_1_5.csv
1467,1,1,0,Reader_1_6.csv
1467,0,0,0,Reader_1_7.csv
1467,0,0,0,Reader_1_8.csv
1467,0,0,0,Reader_1_9.csv
1467,0,0,0,Reader_2_1.csv
1467,1,0,1,Reader_2_10.csv
1467,3,3,0,Reader_2_11.csv
1467,0,0,0,Reader_2_12.csv
1467,0,0,0,Reader_2_2.csv
1467,0,0,0,Reader_2_3.csv
1467,2,2,0,Reader_2_4.csv
1467,4,2,2,Reader_2_5.csv
1467,0,0,0,Reader_2_6.csv
1467,0,0,0,Reader_2_7.csv
1467,0,0,0,Reader_2_8.csv
1467,0,0,0,Reader_2_9.csv
1467,1,1,0,reader_3_1.csv
1467,3,2,1,Reader_3_2.csv
1467,7,5,2,Reader_3_3.csv
1467,7,5,2,Reader_3_4.csv
1467,8,6,2,Reader_3_5.csv
1467,2,2,0,Reader_3_6.csv
1467,4,4,0,Reader_3_7.csv
1468,111,111,0,Reader_1_1.csv
1468,0,0,0,Reader_1_10.csv
1468,2,2,0,Reader_1_11.csv
1468,3,2,1,Reader_1_12.csv
1468,5,4,1,Reader_1_2.csv
1468,1,1,0,Reader_1_3.csv
1468,2,0,2,Reader_1_4.csv
1468,11,5,6,Reader_1_5.csv
1468,1,1,0,Reader_1_6.csv
1468,0,0,0,Reader_1_7.csv
1468,0,0,0,Reader_1_8.csv
1468,0,0,0,Reader_1_9.csv
1468,0,0,0,Reader_2_1.csv
1468,1,0,1,Reader_2_10.csv
1468,7,4,3,Reader_2_11.csv
1468,0,0,0,Reader_2_12.csv
1468,0,0,0,Reader_2_2.csv
1468,0,0,0,Reader_2_3.csv
1468,1,1,0,Reader_2_4.csv
1468,5,2,3,Reader_2_5.csv
1468,0,0,0,Reader_2_6.csv
1468,0,0,0,Reader_2_7.csv
1468,0,0,0,Reader_2_8.csv
1468,0,0,0,Reader_2_9.csv
1468,2,2,0,reader_3_1.csv
1468,4,3,1,Reader_3_2.csv
1468,8,5,3,Reader_3_3.csv
1468,8,5,3,Reader_3_4.csv
1468,9,6,3,Reader_3_5.csv
1468,2,2,0,Reader_3_6.csv
1468,7,6,1,Reader_3_7.csv
1469,101,101,0,Reader_1_1.csv
1469,0,0,0,Reader_1_10.csv
1469,3,3,0,Reader_1_11.csv
1469,2,1,1,Reader_1_12.csv
1469,5,4,1,Reader_1_2.csv
1469,1,1,0,Reader_1_3.csv
1469,1,0,1,Reader_1_4.csv
1469,9,3,6,Reader_1_5.csv
1469,2,2,0,Reader_1_6.csv
1469,0,0,0,Reader_1_7.csv
1469,0,0,0,Reader_1_8.csv
1469,0,0,0,Reader_1_9.csv
1469,0,0,0,Reader_2_1.csv
1469,1,0,1,Reader_2_10.csv
1469,7,4,3,Reader_2_11.csv
1469,0,0,0,Reader_2_12.csv
1469,0,0,0,Reader_2_2.csv
1469,0,0,0,Reader_2_3.csv
1469,1,1,0,Reader_2_4.csv
1469,3,1,2,Reader_2_5.csv
1469,0,0,0,Reader_2_6.csv
1469,0,0,0,Reader_2_7.csv
1469,0,0,0,Reader_2_8.csv
1469,0,0,0,Reader_2_9.csv
1469,3,3,0,reader_3_1.csv
1469,3,2,1,Reader_3_2.csv
1469,8,6,2,Reader_3_3.csv
1469,8,6,2,Reader_3_4.csv
1469,7,5,2,Reader_3_5.csv
1469,2,2,0,Reader_3_6.csv
1469,6,5,1,Reader_3_7.csv
1470,99,99,0,Reader_1_1.csv
1470,0,0,0,Reader_1_10.csv
1470,3,3,0,Reader_1_11.csv
1470,2,1,1,Reader_1_12.csv
1470,5,4,1,Reader_1_2.csv
1470,1,1,0,Reader_1_3.csv
1470,0,0,0,Reader_1_4.csv
1470,8,3,5,Reader_1_5.csv
1470,2,2,0,Reader_1_6.csv
1470,0,0,0,Reader_1_7.csv
1470,0,0,0,Reader_1_8.csv
1470,0,0,0,Reader_1_9.csv
1470,0,0,0,Reader_2_1.csv
1470,1,0,1,Reader_2_10.csv
1470,8,5,3,Reader_2_11.csv
1470,0,0,0,Reader_2_12.csv
1470,0,0,0,Reader_2_2.csv
1470,0,0,0,Reader_2_3.csv
1470,1,1,0,Reader_2_4.csv
1470,3,1,2,Reader_2_5.csv
1470,0,0,0,Reader_2_6.csv
1470,0,0,0,Reader_2_7.csv
1470,0,0,0,Reader_2_8.csv
1470,0,0,0,Reader_2_9.csv
1470,4,4,0,reader_3_1.csv
1470,3,2,1,Reader_3_2.csv
1470,7,5,2,Reader_3_3.csv
1470,7,5,2,Reader_3_4.csv
1470,6,4,2,Reader_3_5.csv
1470,2,2,0,Reader_3_6.csv
1470,9,8,1,Reader_3_7.csv
1471,94,94,0,Reader_1_1.csv
1471,0,0,0,Reader_1_10.csv
1471,3,3,0,Reader_1_11.csv
1471,2,0,2,Reader_1_12.csv
1471,6,4,2,Reader_1_2.csv
1471,4,3,1,Reader_1_3.csv
1471,0,0,0,Reader_1_4.csv
1471,8,3,5,Reader_1_5.csv
1471,2,2,0,Reader_1_6.csv
1471,0,0,0,Reader_1_7.csv
1471,0,0,0,Reader_1_8.csv
1471,0,0,0,Reader_1_9.csv
1471,0,0,0,Reader_2_1.csv
1471,1,1,0,Reader_2_10.csv
1471,11,7,4,Reader_2_11.csv
1471,0,0,0,Reader_2_12.csv
1471,0,0,0,Reader_2_2.csv
1471,0,0,0,Reader_2_3.csv
1471,1,1,0,Reader_2_4.csv
1471,2,1,1,Reader_2_5.csv
1471,0,0,0,Reader_2_6.csv
1471,0,0,0,Reader_2_7.csv
1471,0,0,0,Reader_2_8.csv
1471,0,0,0,Reader_2_9.csv
1471,5,5,0,reader_3_1.csv
1471,4,2,2,Reader_3_2.csv
1471,7,5,2,Reader_3_3.csv
1471,7,5,2,Reader_3_4.csv
1471,6,5,1,Reader_3_5.csv
1471,2,2,0,Reader_3_6.csv
1471,11,10,1,Reader_3_7.csv
1472,87,87,0,Reader_1_1.csv
1472,0,0,0,Reader_1_10.csv
1472,6,5,1,Reader_1_11.csv
1472,2,1,1,Reader_1_12.csv
1472,5,3,2,Reader_1_2.csv
1472,4,3,1,Reader_1_3.csv
1472,0,0,0,Reader_1_4.csv
1472,6,3,3,Reader_1_5.csv
1472,1,1,0,Reader_1_6.csv
1472,0,0,0,Reader_1_7.csv
1472,0,0,0,Reader_1_8.csv
1472,0,0,0,Reader_1_9.csv
1472,0,0,0,Reader_2_1.csv
1472,1,1,0,Reader_2_10.csv
1472,13,6,7,Reader_2_11.csv
1472,0,0,0,Reader_2_12.csv
1472,0,0,0,Reader_2_2.csv
1472,0,0,0,Reader_2_3.csv
1472,1,1,0,Reader_2_4.csv
1472,2,1,1,Reader_2_5.csv
1472,0,0,0,Reader_2_6.csv
1472,0,0,0,Reader_2_7.csv
1472,0,0,0,Reader_2_8.csv
1472,0,0,0,Reader_2_9.csv
1472,11,10,1,reader_3_1.csv
1472,4,2,2,Reader_3_2.csv
1472,5,3,2,Reader_3_3.csv
1472,5,3,2,Reader_3_4.csv
1472,6,5,1,Reader_3_5.csv
1472,2,2,0,Reader_3_6.csv
1472,11,10,1,Reader_3_7.csv
1473,97,97,0,Reader_1_1.csv
1473,0,0,0,Reader_1_10.csv
1473,9,8,1,Reader_1_11.csv
1473,3,2,1,Reader_1_12.csv
1473,5,3,2,Reader_1_2.csv
1473,3,2,1,Reader_1_3.csv
1473,0,0,0,Reader_1_4.csv
1473,5,2,3,Reader_1_5.csv
1473,1,1,0,Reader_1_6.csv
1473,0,0,0,Reader_1_7.csv
1473,1,1,0,Reader_1_8.csv
1473,0,0,0,Reader_1_9.csv
1473,0,0,0,Reader_2_1.csv
1473,1,1,0,Reader_2_10.csv
1473,13,5,8,Reader_2_11.csv
1473,0,0,0,Reader_2_12.csv
1473,0,0,0,Reader_2_2.csv
1473,0,0,0,Reader_2_3.csv
1473,2,2,0,Reader_2_4.csv
1473,2,1,1,Reader_2_5.csv
1473,0,0,0,Reader_2_6.csv
1473,0,0,0,Reader_2_7.csv
1473,0,0,0,Reader_2_8.csv
1473,0,0,0,Reader_2_9.csv
1473,11,10,1,reader_3_1.csv
1473,4,2,2,Reader_3_2.csv
1473,4,3,1,Reader_3_3.csv
1473,4,3,1,Reader_3_4.csv
1473,6,5,1,Reader_3_5.csv
1473,2,2,0,Reader_3_6.csv
1473,10,9,1,Reader_3_7.csv
1474,93,93,0,Reader_1_1.csv
1474,0,0,0,Reader_1_10.csv
1474,9,8,1,Reader_1_11.csv
1474,3,2,1,Reader_1_12.csv
1474,4,2,2,Reader_1_2.csv
1474,4,3,1,Reader_1_3.csv
1474,0,0,0,Reader_1_4.csv
1474,2,1,1,Reader_1_5.csv
1474,3,3,0,Reader_1_6.csv
1474,0,0,0,Reader_1_7.csv
1474,1,1,0,Reader_1_8.csv
1474,0,0,0,Reader_1_9.csv
1474,0,0,0,Reader_2_1.csv
1474,1,1,0,Reader_2_10.csv
1474,16,6,10,Reader_2_11.csv
1474,0,0,0,Reader_2_12.csv
1474,0,0,0,Reader_2_2.csv
1474,0,0,0,Reader_2_3.csv
1474,2,2,0,Reader_2_4.csv
1474,2,1,1,Reader_2_5.csv
1474,0,0,0,Reader_2_6.csv
1474,0,0,0,Reader_2_7.csv
1474,0,0,0,Reader_2_8.csv
1474,0,0,0,Reader_2_9.csv
1474,14,12,2,reader_3_1.csv
1474,4,3,1,Reader_3_2.csv
1474,6,4,2,Reader_3_3.csv
1474,6,4,2,Reader_3_4.csv
1474,5,4,1,Reader_3_5.csv
1474,2,1,1,Reader_3_6.csv
1474,9,8,1,Reader_3_7.csv
1475,82,82,0,Reader_1_1.csv
1475,0,0,0,Reader_1_10.csv
1475,9,8,1,Reader_1_11.csv
1475,3,2,1,Reader_1_12.csv
1475,5,3,2,Reader_1_2.csv
1475,4,3,1,Reader_1_3.csv
1475,0,0,0,Reader_1_4.csv
1475,2,1,1,Reader_1_5.csv
1475,3,3,0,Reader_1_6.csv
1475,1,1,0,Reader_1_7.csv
1475,1,1,0,Reader_1_8.csv
1475,0,0,0,Reader_1_9.csv
1475,0,0,0,Reader_2_1.csv
1475,1,1,0,Reader_2_10.csv
1475,16,6,10,Reader_2_11.csv
1475,0,0,0,Reader_2_12.csv
1475,0,0,0,Reader_2_2.csv
1475,0,0,0,Reader_2_3.csv
1475,1,1,0,Reader_2_4.csv
1475,1,0,1,Reader_2_5.csv
1475,0,0,0,Reader_2_6.csv
1475,0,0,0,Reader_2_7.csv
1475,0,0,0,Reader_2_8.csv
1475,0,0,0,Reader_2_9.csv
1475,14,12,2,reader_3_1.csv
1475,4,3,1,Reader_3_2.csv
1475,6,4,2,Reader_3_3.csv
1475,6,4,2,Reader_3_4.csv
1475,5,4,1,Reader_3_5.csv
1475,3,2,1,Reader_3_6.csv
1475,8,7,1,Reader_3_7.csv
1476,81,81,0,Reader_1_1.csv
1476,0,0,0,Reader_1_10.csv
1476,8,7,1,Reader_1_11.csv
1476,4,3,1,Reader_1_12.csv
1476,2,1,1,Reader_1_2.csv
1476,4,3,1,Reader_1_3.csv
1476,0,0,0,Reader_1_4.csv
1476,1,0,1,Reader_1_5.csv
1476,4,4,0,Reader_1_6.csv
1476,1,1,0,Reader_1_7.csv
1476,1,1,0,Reader_1_8.csv
1476,0,0,0,Reader_1_9.csv
1476,0,0,0,Reader_2_1.csv
1476,1,1,0,Reader_2_10.csv
1476,12,5,7,Reader_2_11.csv
1476,0,0,0,Reader_2_12.csv
1476,0,0,0,Reader_2_2.csv
1476,0,0,0,Reader_2_3.csv
1476,1,1,0,Reader_2_4.csv
1476,0,0,0,Reader_2_5.csv
1476,0,0,0,Reader_2_6.csv
1476,0,0,0,Reader_2_7.csv
1476,0,0,0,Reader_2_8.csv
1476,0,0,0,Reader_2_9.csv
1476,15,13,2,reader_3_1.csv
1476,3,2,1,Reader_3_2.csv
1476,5,4,1,Reader_3_3.csv
1476,5,4,1,Reader_3_4.csv
1476,5,5,0,Reader_3_5.csv
1476,5,2,3,Reader_3_6.csv
1476,5,5,0,Reader_3_7.csv
1477,80,80,0,Reader_1_1.csv
1477,0,0,0,Reader_1_10.csv
1477,9,7,2,Reader_1_11.csv
1477,4,3,1,Reader_1_12.csv
1477,2,1,1,Reader_1_2.csv
1477,4,3,1,Reader_1_3.csv
1477,0,0,0,Reader_1_4.csv
1477,1,0,1,Reader_1_5.csv
1477,3,3,0,Reader_1_6.csv
1477,1,1,0,Reader_1_7.csv
1477,1,1,0,Reader_1_8.csv
1477,0,0,0,Reader_1_9.csv
1477,0,0,0,Reader_2_1.csv
1477,1,1,0,Reader_2_10.csv
1477,13,5,8,Reader_2_11.csv
1477,0,0,0,Reader_2_12.csv
1477,0,0,0,Reader_2_2.csv
1477,0,0,0,Reader_2_3.csv
1477,1,1,0,Reader_2_4.csv
1477,0,0,0,Reader_2_5.csv
1477,0,0,0,Reader_2_6.csv
1477,0,0,0,Reader_2_7.csv
1477,0,0,0,Reader_2_8.csv
1477,0,0,0,Reader_2_9.csv
1477,22,18,4,reader_3_1.csv
1477,2,1,1,Reader_3_2.csv
1477,3,2,1,Reader_3_3.csv
1477,3,2,1,Reader_3_4.csv
1477,5,5,0,Reader_3_5.csv
1477,6,3,3,Reader_3_6.csv
1477,5,5,0,Reader_3_7.csv
1478,81,81,0,Reader_1_1.csv
1478,0,0,0,Reader_1_10.csv
1478,11,9,2,Reader_1_11.csv
1478,4,3,1,Reader_1_12.csv
1478,2,1,1,Reader_1_2.csv
1478,4,3,1,Reader_1_3.csv
1478,0,0,0,Reader_1_4.csv
1478,1,0,1,Reader_1_5.csv
1478,3,3,0,Reader_1_6.csv
1478,1,1,0,Reader_1_7.csv
1478,1,1,0,Reader_1_8.csv
1478,0,0,0,Reader_1_9.csv
1478,0,0,0,Reader_2_1.csv
1478,1,1,0,Reader_2_10.csv
1478,14,6,8,Reader_2_11.csv
1478,0,0,0,Reader_2_12.csv
1478,0,0,0,Reader_2_2.csv
1478,0,0,0,Reader_2_3.csv
1478,1,1,0,Reader_2_4.csv
1478,0,0,0,Reader_2_5.csv
1478,0,0,0,Reader_2_6.csv
1478,0,0,0,Reader_2_7.csv
1478,0,0,0,Reader_2_8.csv
1478,1,1,0,Reader_2_9.csv
1478,22,18,4,reader_3_1.csv
1478,2,1,1,Reader_3_2.csv
1478,3,2,1,Reader_3_3.csv
1478,3,2,1,Reader_3_4.csv
1478,4,4,0,Reader_3_5.csv
1478,6,3,3,Reader_3_6.csv
1478,2,2,0,Reader_3_7.csv
1479,82,81,1,Reader_1_1.csv
1479,0,0,0,Reader_1_10.csv
1479,12,10,2,Reader_1_11.csv
1479,3,3,0,Reader_1_12.csv
1479,1,1,0,Reader_1_2.csv
1479,2,1,1,Reader_1_3.csv
1479,0,0,0,Reader_1_4.csv
1479,0,0,0,Reader_1_5.csv
1479,4,4,0,Reader_1_6.csv
1479,1,1,0,Reader_1_7.csv
1479,1,1,0,Reader_1_8.csv
1479,0,0,0,Reader_1_9.csv
1479,0,0,0,Reader_2_1.csv
1479,0,0,0,Reader_2_10.csv
1479,12,4,8,Reader_2_11.csv
1479,1,1,0,Reader_2_12.csv
1479,0,0,0,Reader_2_2.csv
1479,0,0,0,Reader_2_3.csv
1479,1,1,0,Reader_2_4.csv
1479,0,0,0,Reader_2_5.csv
1479,0,0,0,Reader_2_6.csv
1479,0,0,0,Reader_2_7.csv
1479,0,0,0,Reader_2_8.csv
1479,1,1,0,Reader_2_9.csv
1479,24,20,4,reader_3_1.csv
1479,1,1,0,Reader_3_2.csv
1479,2,1,1,Reader_3_3.csv
1479,2,1,1,Reader_3_4.csv
1479,4,4,0,Reader_3_5.csv
1479,7,4,3,Reader_3_6.csv
1479,1,1,0,Reader_3_7.csv
1480,78,77,1,Reader_1_1.csv
1480,0,0,0,Reader_1_10.csv
1480,9,8,1,Reader_1_11.csv
1480,2,2,0,Reader_1_12.csv
1480,1,1,0,Reader_1_2.csv
1480,2,1,1,Reader_1_3.csv
1480,0,0,0,Reader_1_4.csv
1480,0,0,0,Reader_1_5.csv
1480,4,4,0,Reader_1_6.csv
1480,1,1,0,Reader_1_7.csv
1480,1,1,0,Reader_1_8.csv
1480,0,0,0,Reader_1_9.csv
1480,0,0,0,Reader_2_1.csv
1480,0,0,0,Reader_2_10.csv
1480,10,4,6,Reader_2_11.csv
1480,1,1,0,Reader_2_12.csv
1480,0,0,0,Reader_2_2.csv
1480,0,0,0,Reader_2_3.csv
1480,1,1,0,Reader_2_4.csv
1480,0,0,0,Reader_2_5.csv
1480,0,0,0,Reader_2_6.csv
1480,0,0,0,Reader_2_7.csv
1480,0,0,0,Reader_2_8.csv
1480,1,1,0,Reader_2_9.csv
1480,24,21,3,reader_3_1.csv
1480,1,1,0,Reader_3_2.csv
1480,3,1,2,Reader_3_3.csv
1480,3,1,2,Reader_3_4.csv
1480,5,5,0,Reader_3_5.csv
1480,8,4,4,Reader_3_6.csv
1480,1,1,0,Reader_3_7.csv
1481,67,65,2,Reader_1_1.csv
1481,0,0,0,Reader_1_10.csv
1481,7,6,1,Reader_1_11.csv
1481,1,1,0,Reader_1_12.csv
1481,2,1,1,Reader_1_2.csv
1481,2,1,1,Reader_1_3.csv
1481,0,0,0,Reader_1_4.csv
1481,0,0,0,Reader_1_5.csv
1481,5,5,0,Reader_1_6.csv
1481,1,1,0,Reader_1_7.csv
1481,0,0,0,Reader_1_8.csv
1481,0,0,0,Reader_1_9.csv
1481,0,0,0,Reader_2_1.csv
1481,0,0,0,Reader_2_10.csv
1481,10,5,5,Reader_2_11.csv
1481,1,1,0,Reader_2_12.csv
1481,0,0,0,Reader_2_2.csv
1481,0,0,0,Reader_2_3.csv
1481,0,0,0,Reader_2_4.csv
1481,0,0,0,Reader_2_5.csv
1481,0,0,0,Reader_2_6.csv
1481,0,0,0,Reader_2_7.csv
1481,0,0,0,Reader_2_8.csv
1481,1,1,0,Reader_2_9.csv
1481,27,23,4,reader_3_1.csv
1481,3,2,1,Reader_3_2.csv
1481,3,1,2,Reader_3_3.csv
1481,3,1,2,Reader_3_4.csv
1481,3,3,0,Reader_3_5.csv
1481,7,3,4,Reader_3_6.csv
1481,2,2,0,Reader_3_7.csv
1482,66,64,2,Reader_1_1.csv
1482,0,0,0,Reader_1_10.csv
1482,7,6,1,Reader_1_11.csv
1482,1,1,0,Reader_1_12.csv
1482,3,2,1,Reader_1_2.csv
1482,1,0,1,Reader_1_3.csv
1482,0,0,0,Reader_1_4.csv
1482,0,0,0,Reader_1_5.csv
1482,3,3,0,Reader_1_6.csv
1482,1,1,0,Reader_1_7.csv
1482,0,0,0,Reader_1_8.csv
1482,0,0,0,Reader_1_9.csv
1482,0,0,0,Reader_2_1.csv
1482,0,0,0,Reader_2_10.csv
1482,8,5,3,Reader_2_11.csv
1482,1,1,0,Reader_2_12.csv
1482,0,0,0,Reader_2_2.csv
1482,0,0,0,Reader_2_3.csv
1482,0,0,0,Reader_2_4.csv
1482,0,0,0,Reader_2_5.csv
1482,0,0,0,Reader_2_6.csv
1482,0,0,0,Reader_2_7.csv
1482,0,0,0,Reader_2_8.csv
1482,1,1,0,Reader_2_9.csv
1482,26,22,4,reader_3_1.csv
1482,3,1,2,Reader_3_2.csv
1482,1,0,1,Reader_3_3.csv
1482,1,0,1,Reader_3_4.csv
1482,3,3,0,Reader_3_5.csv
1482,6,3,3,Reader_3_6.csv
1482,2,2,0,Reader_3_7.csv
1483,63,60,3,Reader_1_1.csv
1483,0,0,0,Reader_1_10.csv
1483,8,7,1,Reader_1_11.csv
1483,1,1,0,Reader_1_12.csv
1483,2,1,1,Reader_1_2.csv
1483,1,0,1,Reader_1_3.csv
1483,0,0,0,Reader_1_4.csv
1483,0,0,0,Reader_1_5.csv
1483,3,3,0,Reader_1_6.csv
1483,0,0,0,Reader_1_7.csv
1483,1,1,0,Reader_1_8.csv
1483,0,0,0,Reader_1_9.csv
1483,0,0,0,Reader_2_1.csv
1483,0,0,0,Reader_2_10.csv
1483,8,5,3,Reader_2_11.csv
1483,1,1,0,Reader_2_12.csv
1483,0,0,0,Reader_2_2.csv
1483,0,0,0,Reader_2_3.csv
1483,0,0,0,Reader_2_4.csv
1483,0,0,0,Reader_2_5.csv
1483,0,0,0,Reader_2_6.csv
1483,0,0,0,Reader_2_7.csv
1483,0,0,0,Reader_2_8.csv
1483,1,1,0,Reader_2_9.csv
1483,27,23,4,reader_3_1.csv
1483,5,3,2,Reader_3_2.csv
1483,2,1,1,Reader_3_3.csv
1483,2,1,1,Reader_3_4.csv
1483,3,3,0,Reader_3_5.csv
1483,5,2,3,Reader_3_6.csv
1483,4,4,0,Reader_3_7.csv
1484,56,53,3,Reader_1_1.csv
1484,0,0,0,Reader_1_10.csv
1484,8,7,1,Reader_1_11.csv
1484,0,0,0,Reader_1_12.csv
1484,2,1,1,Reader_1_2.csv
1484,1,0,1,Reader_1_3.csv
1484,0,0,0,Reader_1_4.csv
1484,0,0,0,Reader_1_5.csv
1484,3,2,1,Reader_1_6.csv
1484,0,0,0,Reader_1_7.csv
1484,1,1,0,Reader_1_8.csv
1484,0,0,0,Reader_1_9.csv
1484,0,0,0,Reader_2_1.csv
1484,0,0,0,Reader_2_10.csv
1484,8,5,3,Reader_2_11.csv
1484,1,1,0,Reader_2_12.csv
1484,0,0,0,Reader_2_2.csv
1484,0,0,0,Reader_2_3.csv
1484,0,0,0,Reader_2_4.csv
1484,1,1,0,Reader_2_5.csv
1484,0,0,0,Reader_2_6.csv
1484,0,0,0,Reader_2_7.csv
1484,0,0,0,Reader_2_8.csv
1484,1,1,0,Reader_2_9.csv
1484,26,22,4,reader_3_1.csv
1484,6,4,2,Reader_3_2.csv
1484,2,1,1,Reader_3_3.csv
1484,2,1,1,Reader_3_4.csv
1484,2,2,0,Reader_3_5.csv
1484,3,2,1,Reader_3_6.csv
1484,4,4,0,Reader_3_7.csv
1485,52,49,3,Reader_1_1.csv
1485,0,0,0,Reader_1_10.csv
1485,6,6,0,Reader_1_11.csv
1485,0,0,0,Reader_1_12.csv
1485,2,1,1,Reader_1_2.csv
1485,1,0,1,Reader_1_3.csv
1485,0,0,0,Reader_1_4.csv
1485,0,0,0,Reader_1_5.csv
1485,3,2,1,Reader_1_6.csv
1485,0,0,0,Reader_1_7.csv
1485,1,1,0,Reader_1_8.csv
1485,0,0,0,Reader_1_9.csv
1485,0,0,0,Reader_2_1.csv
1485,0,0,0,Reader_2_10.csv
1485,7,4,3,Reader_2_11.csv
1485,1,1,0,Reader_2_12.csv
1485,0,0,0,Reader_2_2.csv
1485,0,0,0,Reader_2_3.csv
1485,0,0,0,Reader_2_4.csv
1485,1,1,0,Reader_2_5.csv
1485,0,0,0,Reader_2_6.csv
1485,0,0,0,Reader_2_7.csv
1485,0,0,0,Reader_2_8.csv
1485,1,1,0,Reader_2_9.csv
1485,20,18,2,reader_3_1.csv
1485,6,4,2,Reader_3_2.csv
1485,2,1,1,Reader_3_3.csv
1485,2,1,1,Reader_3_4.csv
1485,2,2,0,Reader_3_5.csv
1485,2,1,1,Reader_3_6.csv
1485,4,4,0,Reader_3_7.csv
1486,42,39,3,Reader_1_1.csv
1486,0,0,0,Reader_1_10.csv
1486,5,5,0,Reader_1_11.csv
1486,0,0,0,Reader_1_12.csv
1486,2,1,1,Reader_1_2.csv
1486,3,2,1,Reader_1_3.csv
1486,0,0,0,Reader_1_4.csv
1486,0,0,0,Reader_1_5.csv
1486,4,3,1,Reader_1_6.csv
1486,0,0,0,Reader_1_7.csv
1486,1,1,0,Reader_1_8.csv
1486,0,0,0,Reader_1_9.csv
1486,0,0,0,Reader_2_1.csv
1486,0,0,0,Reader_2_10.csv
1486,5,2,3,Reader_2_11.csv
1486,1,1,0,Reader_2_12.csv
1486,0,0,0,Reader_2_2.csv
1486,0,0,0,Reader_2_3.csv
1486,0,0,0,Reader_2_4.csv
1486,1,1,0,Reader_2_5.csv
1486,0,0,0,Reader_2_6.csv
1486,0,0,0,Reader_2_7.csv
1486,0,0,0,Reader_2_8.csv
1486,0,0,0,Reader_2_9.csv
1486,26,24,2,reader_3_1.csv
1486,6,4,2,Reader_3_2.csv
1486,3,2,1,Reader_3_3.csv
1486,3,2,1,Reader_3_4.csv
1486,2,2,0,Reader_3_5.csv
1486,2,1,1,Reader_3_6.csv
1486,4,4,0,Reader_3_7.csv
1487,32,30,2,Reader_1_1.csv
1487,0,0,0,Reader_1_10.csv
1487,4,4,0,Reader_1_11.csv
1487,1,1,0,Reader_1_12.csv
1487,2,1,1,Reader_1_2.csv
1487,3,3,0,Reader_1_3.csv
1487,0,0,0,Reader_1_4.csv
1487,0,0,0,Reader_1_5.csv
1487,4,3,1,Reader_1_6.csv
1487,0,0,0,Reader_1_7.csv
1487,1,1,0,Reader_1_8.csv
1487,0,0,0,Reader_1_9.csv
1487,0,0,0,Reader_2_1.csv
1487,0,0,0,Reader_2_10.csv
1487,4,2,2,Reader_2_11.csv
1487,0,0,0,Reader_2_12.csv
1487,0,0,0,Reader_2_2.csv
1487,0,0,0,Reader_2_3.csv
1487,0,0,0,Reader_2_4.csv
1487,1,1,0,Reader_2_5.csv
1487,0,0,0,Reader_2_6.csv
1487,0,0,0,Reader_2_7.csv
1487,0,0,0,Reader_2_8.csv
1487,0,0,0,Reader_2_9.csv
1487,26,24,2,reader_3_1.csv
1487,10,7,3,Reader_3_2.csv
1487,3,2,1,Reader_3_3.csv
1487,3,2,1,Reader_3_4.csv
1487,2,2,0,Reader_3_5.csv
1487,1,0,1,Reader_3_6.csv
1487,3,3,0,Reader_3_7.csv
1488,27,25,2,Reader_1_1.csv
1488,0,0,0,Reader_1_10.csv
1488,4,4,0,Reader_1_11.csv
1488,1,1,0,Reader_1_12.csv
1488,2,1,1,Reader_1_2.csv
1488,3,3,0,Reader_1_3.csv
1488,0,0,0,Reader_1_4.csv
1488,0,0,0,Reader_1_5.csv
1488,4,3,1,Reader_1_6.csv
1488,1,1,0,Reader_1_7.csv
1488,1,1,0,Reader_1_8.csv
1488,0,0,0,Reader_1_9.csv
1488,0,0,0,Reader_2_1.csv
1488,0,0,0,Reader_2_10.csv
1488,4,2,2,Reader_2_11.csv
1488,0,0,0,Reader_2_12.csv
1488,0,0,0,Reader_2_2.csv
1488,0,0,0,Reader_2_3.csv
1488,0,0,0,Reader_2_4.csv
1488,2,2,0,Reader_2_5.csv
1488,0,0,0,Reader_2_6.csv
1488,0,0,0,Reader_2_7.csv
1488,0,0,0,Reader_2_8.csv
1488,0,0,0,Reader_2_9.csv
1488,25,22,3,reader_3_1.csv
1488,10,7,3,Reader_3_2.csv
1488,2,2,0,Reader_3_3.csv
1488,2,2,0,Reader_3_4.csv
1488,1,1,0,Reader_3_5.csv
1488,0,0,0,Reader_3_6.csv
1488,3,3,0,Reader_3_7.csv
1489,22,21,1,Reader_1_1.csv
1489,0,0,0,Reader_1_10.csv
1489,3,3,0,Reader_1_11.csv
1489,1,1,0,Reader_1_12.csv
1489,1,1,0,Reader_1_2.csv
1489,3,3,0,Reader_1_3.csv
1489,0,0,0,Reader_1_4.csv
1489,0,0,0,Reader_1_5.csv
1489,3,2,1,Reader_1_6.csv
1489,1,1,0,Reader_1_7.csv
1489,1,1,0,Reader_1_8.csv
1489,0,0,0,Reader_1_9.csv
1489,0,0,0,Reader_2_1.csv
1489,0,0,0,Reader_2_10.csv
1489,3,1,2,Reader_2_11.csv
1489,0,0,0,Reader_2_12.csv
1489,0,0,0,Reader_2_2.csv
1489,0,0,0,Reader_2_3.csv
1489,0,0,0,Reader_2_4.csv
1489,2,2,0,Reader_2_5.csv
1489,0,0,0,Reader_2_6.csv
1489,0,0,0,Reader_2_7.csv
1489,0,0,0,Reader_2_8.csv
1489,0,0,0,Reader_2_9.csv
1489,29,26,3,reader_3_1.csv
1489,10,7,3,Reader_3_2.csv
1489,2,2,0,Reader_3_3.csv
1489,2,2,0,Reader_3_4.csv
1489,4,4,0,Reader_3_5.csv
1489,1,0,1,Reader_3_6.csv
1489,2,2,0,Reader_3_7.csv
1490,19,18,1,Reader_1_1.csv
1490,0,0,0,Reader_1_10.csv
1490,2,2,0,Reader_1_11.csv
1490,1,1,0,Reader_1_12.csv
1490,0,0,0,Reader_1_2.csv
1490,3,3,0,Reader_1_3.csv
1490,0,0,0,Reader_1_4.csv
1490,0,0,0,Reader_1_5.csv
1490,3,2,1,Reader_1_6.csv
1490,1,1,0,Reader_1_7.csv
1490,3,2,1,Reader_1_8.csv
1490,0,0,0,Reader_1_9.csv
1490,0,0,0,Reader_2_1.csv
1490,0,0,0,Reader_2_10.csv
1490,2,0,2,Reader_2_11.csv
1490,0,0,0,Reader_2_12.csv
1490,1,1,0,Reader_2_2.csv
1490,0,0,0,Reader_2_3.csv
1490,0,0,0,Reader_2_4.csv
1490,2,2,0,Reader_2_5.csv
1490,0,0,0,Reader_2_6.csv
1490,0,0,0,Reader_2_7.csv
1490,0,0,0,Reader_2_8.csv
1490,0,0,0,Reader_2_9.csv
1490,32,30,2,reader_3_1.csv
1490,9,7,2,Reader_3_2.csv
1490,3,3,0,Reader_3_3.csv
1490,3,3,0,Reader_3_4.csv
1490,6,5,1,Reader_3_5.csv
1490,1,0,1,Reader_3_6.csv
1490,2,2,0,Reader_3_7.csv
1491,16,16,0,Reader_1_1.csv
1491,0,0,0,Reader_1_10.csv
1491,1,1,0,Reader_1_11.csv
1491,2,2,0,Reader_1_12.csv
1491,0,0,0,Reader_1_2.csv
1491,3,3,0,Reader_1_3.csv
1491,0,0,0,Reader_1_4.csv
1491,0,0,0,Reader_1_5.csv
1491,3,2,1,Reader_1_6.csv
1491,1,1,0,Reader_1_7.csv
1491,2,1,1,Reader_1_8.csv
1491,0,0,0,Reader_1_9.csv
1491,0,0,0,Reader_2_1.csv
1491,1,1,0,Reader_2_10.csv
1491,2,0,2,Reader_2_11.csv
1491,0,0,0,Reader_2_12.csv
1491,1,1,0,Reader_2_2.csv
1491,0,0,0,Reader_2_3.csv
1491,0,0,0,Reader_2_4.csv
1491,2,2,0,Reader_2_5.csv
1491,0,0,0,Reader_2_6.csv
1491,0,0,0,Reader_2_7.csv
1491,0,0,0,Reader_2_8.csv
1491,0,0,0,Reader_2_9.csv
1491,35,33,2,reader_3_1.csv
1491,8,5,3,Reader_3_2.csv
1491,2,2,0,Reader_3_3.csv
1491,2,2,0,Reader_3_4.csv
1491,12,11,1,Reader_3_5.csv
1491,1,0,1,Reader_3_6.csv
1491,0,0,0,Reader_3_7.csv
1492,16,16,0,Reader_1_1.csv
1492,0,0,0,Reader_1_10.csv
1492,2,2,0,Reader_1_11.csv
1492,2,2,0,Reader_1_12.csv
1492,0,0,0,Reader_1_2.csv
1492,4,4,0,Reader_1_3.csv
1492,0,0,0,Reader_1_4.csv
1492,0,0,0,Reader_1_5.csv
1492,2,2,0,Reader_1_6.csv
1492,1,1,0,Reader_1_7.csv
1492,2,1,1,Reader_1_8.csv
1492,0,0,0,Reader_1_9.csv
1492,0,0,0,Reader_2_1.csv
1492,1,1,0,Reader_2_10.csv
1492,2,0,2,Reader_2_11.csv
1492,1,1,0,Reader_2_12.csv
1492,1,1,0,Reader_2_2.csv
1492,0,0,0,Reader_2_3.csv
1492,0,0,0,Reader_2_4.csv
1492,2,1,1,Reader_2_5.csv
1492,0,0,0,Reader_2_6.csv
1492,0,0,0,Reader_2_7.csv
1492,0,0,0,Reader_2_8.csv
1492,0,0,0,Reader_2_9.csv
1492,35,33,2,reader_3_1.csv
1492,7,4,3,Reader_3_2.csv
1492,2,2,0,Reader_3_3.csv
1492,2,2,0,Reader_3_4.csv
1492,18,17,1,Reader_3_5.csv
1492,2,1,1,Reader_3_6.csv
1492,0,0,0,Reader_3_7.csv
1493,13,13,0,Reader_1_1.csv
1493,0,0,0,Reader_1_10.csv
1493,2,2,0,Reader_1_11.csv
1493,2,2,0,Reader_1_12.csv
1493,0,0,0,Reader_1_2.csv
1493,4,4,0,Reader_1_3.csv
1493,0,0,0,Reader_1_4.csv
1493,1,1,0,Reader_1_5.csv
1493,2,2,0,Reader_1_6.csv
1493,2,2,0,Reader_1_7.csv
1493,3,2,1,Reader_1_8.csv
1493,0,0,0,Reader_1_9.csv
1493,0,0,0,Reader_2_1.csv
1493,1,1,0,Reader_2_10.csv
1493,1,0,1,Reader_2_11.csv
1493,1,1,0,Reader_2_12.csv
1493,1,1,0,Reader_2_2.csv
1493,0,0,0,Reader_2_3.csv
1493,0,0,0,Reader_2_4.csv
1493,2,1,1,Reader_2_5.csv
1493,0,0,0,Reader_2_6.csv
1493,0,0,0,Reader_2_7.csv
1493,0,0,0,Reader_2_8.csv
1493,0,0,0,Reader_2_9.csv
1493,36,34,2,reader_3_1.csv
1493,7,4,3,Reader_3_2.csv
1493,4,4,0,Reader_3_3.csv
1493,4,4,0,Reader_3_4.csv
1493,26,24,2,Reader_3_5.csv
1493,3,2,1,Reader_3_6.csv
1493,0,0,0,Reader_3_7.csv
1494,11,11,0,Reader_1_1.csv
1494,0,0,0,Reader_1_10.csv
1494,2,2,0,Reader_1_11.csv
1494,2,2,0,Reader_1_12.csv
1494,0,0,0,Reader_1_2.csv
1494,2,2,0,Reader_1_3.csv
1494,0,0,0,Reader_1_4.csv
1494,1,1,0,Reader_1_5.csv
1494,1,1,0,Reader_1_6.csv
1494,3,3,0,Reader_1_7.csv
1494,5,4,1,Reader_1_8.csv
1494,0,0,0,Reader_1_9.csv
1494,1,0,1,Reader_2_1.csv
1494,1,1,0,Reader_2_10.csv
1494,1,0,1,Reader_2_11.csv
1494,1,1,0,Reader_2_12.csv
1494,1,1,0,Reader_2_2.csv
1494,0,0,0,Reader_2_3.csv
1494,1,1,0,Reader_2_4.csv
1494,2,1,1,Reader_2_5.csv
1494,0,0,0,Reader_2_6.csv
1494,0,0,0,Reader_2_7.csv
1494,0,0,0,Reader_2_8.csv
1494,0,0,0,Reader_2_9.csv
1494,33,31,2,reader_3_1.csv
1494,9,6,3,Reader_3_2.csv
1494,4,4,0,Reader_3_3.csv
1494,4,4,0,Reader_3_4.csv
1494,28,26,2,Reader_3_5.csv
1494,3,2,1,Reader_3_6.csv
1494,0,0,0,Reader_3_7.csv
1495,12,12,0,Reader_1_1.csv
1495,0,0,0,Reader_1_10.csv
1495,2,2,0,Reader_1_11.csv
1495,1,1,0,Reader_1_12.csv
1495,0,0,0,Reader_1_2.csv
1495,1,1,0,Reader_1_3.csv
1495,0,0,0,Reader_1_4.csv
1495,2,2,0,Reader_1_5.csv
1495,0,0,0,Reader_1_6.csv
1495,3,3,0,Reader_1_7.csv
1495,5,4,1,Reader_1_8.csv
1495,0,0,0,Reader_1_9.csv
1495,1,0,1,Reader_2_1.csv
1495,1,1,0,Reader_2_10.csv
1495,1,0,1,Reader_2_11.csv
1495,1,1,0,Reader_2_12.csv
1495,1,1,0,Reader_2_2.csv
1495,1,0,1,Reader_2_3.csv
1495,1,1,0,Reader_2_4.csv
1495,2,1,1,Reader_2_5.csv
1495,0,0,0,Reader_2_6.csv
1495,0,0,0,Reader_2_7.csv
1495,0,0,0,Reader_2_8.csv
1495,0,0,0,Reader_2_9.csv
1495,32,30,2,reader_3_1.csv
1495,5,3,2,Reader_3_2.csv
1495,4,4,0,Reader_3_3.csv
1495,4,4,0,Reader_3_4.csv
1495,35,30,5,Reader_3_5.csv
1495,3,2,1,Reader_3_6.csv
1495,0,0,0,Reader_3_7.csv
1496,11,11,0,Reader_1_1.csv
1496,0,0,0,Reader_1_10.csv
1496,2,2,0,Reader_1_11.csv
1496,1,1,0,Reader_1_12.csv
1496,1,1,0,Reader_1_2.csv
1496,1,1,0,Reader_1_3.csv
1496,0,0,0,Reader_1_4.csv
1496,2,2,0,Reader_1_5.csv
1496,0,0,0,Reader_1_6.csv
1496,2,2,0,Reader_1_7.csv
1496,5,4,1,Reader_1_8.csv
1496,0,0,0,Reader_1_9.csv
1496,1,0,1,Reader_2_1.csv
1496,1,1,0,Reader_2_10.csv
1496,0,0,0,Reader_2_11.csv
1496,1,1,0,Reader_2_12.csv
1496,1,1,0,Reader_2_2.csv
1496,1,0,1,Reader_2_3.csv
1496,1,1,0,Reader_2_4.csv
1496,1,0,1,Reader_2_5.csv
1496,0,0,0,Reader_2_6.csv
1496,0,0,0,Reader_2_7.csv
1496,0,0,0,Reader_2_8.csv
1496,0,0,0,Reader_2_9.csv
1496,29,28,1,reader_3_1.csv
1496,5,3,2,Reader_3_2.csv
1496,4,4,0,Reader_3_3.csv
1496,4,4,0,Reader_3_4.csv
1496,38,32,6,Reader_3_5.csv
1496,3,2,1,Reader_3_6.csv
1496,0,0,0,Reader_3_7.csv
1497,12,12,0,Reader_1_1.csv
1497,1,1,0,Reader_1_10.csv
1497,2,2,0,Reader_1_11.csv
1497,1,1,0,Reader_1_12.csv
1497,1,1,0,Reader_1_2.csv
1497,1,1,0,Reader_1_3.csv
1497,0,0,0,Reader_1_4.csv
1497,3,3,0,Reader_1_5.csv
1497,1,0,1,Reader_1_6.csv
1497,3,3,0,Reader_1_7.csv
1497,5,4,1,Reader_1_8.csv
1497,0,0,0,Reader_1_9.csv
1497,1,0,1,Reader_2_1.csv
1497,1,1,0,Reader_2_10.csv
1497,1,0,1,Reader_2_11.csv
1497,1,1,0,Reader_2_12.csv
1497,1,1,0,Reader_2_2.csv
1497,1,0,1,Reader_2_3.csv
1497,1,1,0,Reader_2_4.csv
1497,1,0,1,Reader_2_5.csv
1497,0,0,0,Reader_2_6.csv
1497,0,0,0,Reader_2_7.csv
1497,0,0,0,Reader_2_8.csv
1497,0,0,0,Reader_2_9.csv
1497,23,23,0,reader_3_1.csv
1497,3,2,1,Reader_3_2.csv
1497,4,4,0,Reader_3_3.csv
1497,4,4,0,Reader_3_4.csv
1497,37,31,6,Reader_3_5.csv
1497,2,2,0,Reader_3_6.csv
1497,0,0,0,Reader_3_7.csv
1498,8,8,0,Reader_1_1.csv
1498,1,1,0,Reader_1_10.csv
1498,2,2,0,Reader_1_11.csv
1498,1,1,0,Reader_1_12.csv
1498,1,1,0,Reader_1_2.csv
1498,1,1,0,Reader_1_3.csv
1498,0,0,0,Reader_1_4.csv
1498,3,3,0,Reader_1_5.csv
1498,1,0,1,Reader_1_6.csv
1498,3,3,0,Reader_1_7.csv
1498,4,4,0,Reader_1_8.csv
1498,0,0,0,Reader_1_9.csv
1498,1,0,1,Reader_2_1.csv
1498,1,1,0,Reader_2_10.csv
1498,1,0,1,Reader_2_11.csv
1498,1,1,0,Reader_2_12.csv
1498,0,0,0,Reader_2_2.csv
1498,1,0,1,Reader_2_3.csv
1498,1,1,0,Reader_2_4.csv
1498,1,0,1,Reader_2_5.csv
1498,0,0,0,Reader_2_6.csv
1498,0,0,0,Reader_2_7.csv
1498,0,0,0,Reader_2_8.csv
1498,0,0,0,Reader_2_9.csv
1498,19,19,0,reader_3_1.csv
1498,4,3,1,Reader_3_2.csv
1498,4,4,0,Reader_3_3.csv
1498,4,4,0,Reader_3_4.csv
1498,39,33,6,Reader_3_5.csv
1498,2,2,0,Reader_3_6.csv
1498,0,0,0,Reader_3_7.csv
1499,8,8,0,Reader_1_1.csv
1499,1,1,0,Reader_1_10.csv
1499,2,2,0,Reader_1_11.csv
1499,0,0,0,Reader_1_12.csv
1499,2,2,0,Reader_1_2.csv
1499,1,1,0,Reader_1_3.csv
1499,0,0,0,Reader_1_4.csv
1499,4,3,1,Reader_1_5.csv
1499,1,0,1,Reader_1_6.csv
1499,3,3,0,Reader_1_7.csv
1499,5,5,0,Reader_1_8.csv
1499,0,0,0,Reader_1_9.csv
1499,1,0,1,Reader_2_1.csv
1499,0,0,0,Reader_2_10.csv
1499,1,0,1,Reader_2_11.csv
1499,1,1,0,Reader_2_12.csv
1499,0,0,0,Reader_2_2.csv
1499,1,0,1,Reader_2_3.csv
1499,1,1,0,Reader_2_4.csv
1499,1,0,1,Reader_2_5.csv
1499,0,0,0,Reader_2_6.csv
1499,0,0,0,Reader_2_7.csv
1499,0,0,0,Reader_2_8.csv
1499,0,0,0,Reader_2_9.csv
1499,16,16,0,reader_3_1.csv
1499,3,3,0,Reader_3_2.csv
1499,4,4,0,Reader_3_3.csv
1499,4,4,0,Reader_3_4.csv
1499,36,30,6,Reader_3_5.csv
1499,2,2,0,Reader_3_6.csv
1499,2,1,1,Reader_3_7.csv
1500,9,9,0,Reader_1_1.csv
1500,1,1,0,Reader_1_10.csv
1500,1,1,0,Reader_1_11.csv
1500,0,0,0,Reader_1_12.csv
1500,2,2,0,Reader_1_2.csv
1500,0,0,0,Reader_1_3.csv
1500,0,0,0,Reader_1_4.csv
1500,4,3,1,Reader_1_5.csv
1500,2,1,1,Reader_1_6.csv
1500,3,3,0,Reader_1_7.csv
1500,5,5,0,Reader_1_8.csv
1500,0,0,0,Reader_1_9.csv
1500,1,0,1,Reader_2_1.csv
1500,0,0,0,Reader_2_10.csv
1500,1,0,1,Reader_2_11.csv
1500,0,0,0,Reader_2_12.csv
1500,0,0,0,Reader_2_2.csv
1500,1,0,1,Reader_2_3.csv
1500,2,2,0,Reader_2_4.csv
1500,0,0,0,Reader_2_5.csv
1500,0,0,0,Reader_2_6.csv
1500,0,0,0,Reader_2_7.csv
1500,0,0,0,Reader_2_8.csv
1500,0,0,0,Reader_2_9.csv
1500,18,18,0,reader_3_1.csv
1500,4,3,1,Reader_3_2.csv
1500,4,4,0,Reader_3_3.csv
1500,4,4,0,Reader_3_4.csv
1500,32,25,7,Reader_3_5.csv
1500,1,1,0,Reader_3_6.csv
1500,3,2,1,Reader_3_7.csv
1501,9,9,0,Reader_1_1.csv
1501,1,1,0,Reader_1_10.csv
1501,1,1,0,Reader_1_11.csv
1501,0,0,0,Reader_1_12.csv
1501,4,4,0,Reader_1_2.csv
1501,0,0,0,Reader_1_3.csv
1501,0,0,0,Reader_1_4.csv
1501,6,5,1,Reader_1_5.csv
1501,2,1,1,Reader_1_6.csv
1501,2,2,0,Reader_1_7.csv
1501,4,4,0,Reader_1_8.csv
1501,0,0,0,Reader_1_9.csv
1501,1,0,1,Reader_2_1.csv
1501,1,1,0,Reader_2_10.csv
1501,2,0,2,Reader_2_11.csv
1501,0,0,0,Reader_2_12.csv
1501,0,0,0,Reader_2_2.csv
1501,1,0,1,Reader_2_3.csv
1501,2,2,0,Reader_2_4.csv
1501,0,0,0,Reader_2_5.csv
1501,0,0,0,Reader_2_6.csv
1501,0,0,0,Reader_2_7.csv
1501,0,0,0,Reader_2_8.csv
1501,0,0,0,Reader_2_9.csv
1501,16,15,1,reader_3_1.csv
1501,5,3,2,Reader_3_2.csv
1501,2,2,0,Reader_3_3.csv
1501,2,2,0,Reader_3_4.csv
1501,28,22,6,Reader_3_5.csv
1501,0,0,0,Reader_3_6.csv
1501,3,2,1,Reader_3_7.csv
1502,11,11,0,Reader_1_1.csv
1502,1,1,0,Reader_1_10.csv
1502,0,0,0,Reader_1_11.csv
1502,0,0,0,Reader_1_12.csv
1502,4,4,0,Reader_1_2.csv
1502,0,0,0,Reader_1_3.csv
1502,0,0,0,Reader_1_4.csv
1502,9,6,3,Reader_1_5.csv
1502,3,2,1,Reader_1_6.csv
1502,1,1,0,Reader_1_7.csv
1502,2,2,0,Reader_1_8.csv
1502,0,0,0,Reader_1_9.csv
1502,0,0,0,Reader_2_1.csv
1502,1,1,0,Reader_2_10.csv
1502,3,0,3,Reader_2_11.csv
1502,0,0,0,Reader_2_12.csv
1502,0,0,0,Reader_2_2.csv
1502,1,0,1,Reader_2_3.csv
1502,1,1,0,Reader_2_4.csv
1502,0,0,0,Reader_2_5.csv
1502,0,0,0,Reader_2_6.csv
1502,0,0,0,Reader_2_7.csv
1502,0,0,0,Reader_2_8.csv
1502,0,0,0,Reader_2_9.csv
1502,13,12,1,reader_3_1.csv
1502,4,2,2,Reader_3_2.csv
1502,1,1,0,Reader_3_3.csv
1502,1,1,0,Reader_3_4.csv
1502,27,21,6,Reader_3_5.csv
1502,0,0,0,Reader_3_6.csv
1502,3,2,1,Reader_3_7.csv
1503,12,12,0,Reader_1_1.csv
1503,1,1,0,Reader_1_10.csv
1503,0,0,0,Reader_1_11.csv
1503,0,0,0,Reader_1_12.csv
1503,4,4,0,Reader_1_2.csv
1503,0,0,0,Reader_1_3.csv
1503,0,0,0,Reader_1_4.csv
1503,9,5,4,Reader_1_5.csv
1503,4,3,1,Reader_1_6.csv
1503,1,1,0,Reader_1_7.csv
1503,4,4,0,Reader_1_8.csv
1503,0,0,0,Reader_1_9.csv
1503,0,0,0,Reader_2_1.csv
1503,1,1,0,Reader_2_10.csv
1503,3,0,3,Reader_2_11.csv
1503,0,0,0,Reader_2_12.csv
1503,0,0,0,Reader_2_2.csv
1503,0,0,0,Reader_2_3.csv
1503,1,1,0,Reader_2_4.csv
1503,0,0,0,Reader_2_5.csv
1503,0,0,0,Reader_2_6.csv
1503,0,0,0,Reader_2_7.csv
1503,0,0,0,Reader_2_8.csv
1503,0,0,0,Reader_2_9.csv
1503,12,10,2,reader_3_1.csv
1503,5,3,2,Reader_3_2.csv
1503,1,1,0,Reader_3_3.csv
1503,1,1,0,Reader_3_4.csv
1503,20,17,3,Reader_3_5.csv
1503,0,0,0,Reader_3_6.csv
1503,3,2,1,Reader_3_7.csv
1504,13,13,0,Reader_1_1.csv
1504,1,1,0,Reader_1_10.csv
1504,0,0,0,Reader_1_11.csv
1504,1,1,0,Reader_1_12.csv
1504,3,3,0,Reader_1_2.csv
1504,0,0,0,Reader_1_3.csv
1504,0,0,0,Reader_1_4.csv
1504,10,6,4,Reader_1_5.csv
1504,4,3,1,Reader_1_6.csv
1504,1,1,0,Reader_1_7.csv
1504,4,4,0,Reader_1_8.csv
1504,0,0,0,Reader_1_9.csv
1504,0,0,0,Reader_2_1.csv
1504,1,1,0,Reader_2_10.csv
1504,3,0,3,Reader_2_11.csv
1504,0,0,0,Reader_2_12.csv
1504,0,0,0,Reader_2_2.csv
1504,0,0,0,Reader_2_3.csv
1504,1,1,0,Reader_2_4.csv
1504,0,0,0,Reader_2_5.csv
1504,0,0,0,Reader_2_6.csv
1504,0,0,0,Reader_2_7.csv
1504,0,0,0,Reader_2_8.csv
1504,0,0,0,Reader_2_9.csv
1504,12,10,2,reader_3_1.csv
1504,5,3,2,Reader_3_2.csv
1504,3,3,0,Reader_3_3.csv
1504,3,3,0,Reader_3_4.csv
1504,18,16,2,Reader_3_5.csv
1504,2,2,0,Reader_3_6.csv
1504,4,3,1,Reader_3_7.csv
1505,11,11,0,Reader_1_1.csv
1505,0,0,0,Reader_1_10.csv
1505,0,0,0,Reader_1_11.csv
1505,1,1,0,Reader_1_12.csv
1505,5,5,0,Reader_1_2.csv
1505,1,1,0,Reader_1_3.csv
1505,0,0,0,Reader_1_4.csv
1505,9,5,4,Reader_1_5.csv
1505,4,4,0,Reader_1_6.csv
1505,0,0,0,Reader_1_7.csv
1505,5,5,0,Reader_1_8.csv
1505,0,0,0,Reader_1_9.csv
1505,0,0,0,Reader_2_1.csv
1505,2,2,0,Reader_2_10.csv
1505,2,0,2,Reader_2_11.csv
1505,0,0,0,Reader_2_12.csv
1505,0,0,0,Reader_2_2.csv
1505,0,0,0,Reader_2_3.csv
1505,1,1,0,Reader_2_4.csv
1505,0,0,0,Reader_2_5.csv
1505,0,0,0,Reader_2_6.csv
1505,0,0,0,Reader_2_7.csv
1505,0,0,0,Reader_2_8.csv
1505,0,0,0,Reader_2_9.csv
1505,14,12,2,reader_3_1.csv
1505,7,5,2,Reader_3_2.csv
1505,4,4,0,Reader_3_3.csv
1505,4,4,0,Reader_3_4.csv
1505,16,14,2,Reader_3_5.csv
1505,2,2,0,Reader_3_6.csv
1505,4,3,1,Reader_3_7.csv
1506,11,11,0,Reader_1_1.csv
1506,0,0,0,Reader_1_10.csv
1506,0,0,0,Reader_1_11.csv
1506,1,1,0,Reader_1_12.csv
1506,7,7,0,Reader_1_2.csv
1506,1,1,0,Reader_1_3.csv
1506,0,0,0,Reader_1_4.csv
1506,10,6,4,Reader_1_5.csv
1506,4,4,0,Reader_1_6.csv
1506,0,0,0,Reader_1_7.csv
1506,4,4,0,Reader_1_8.csv
1506,0,0,0,Reader_1_9.csv
1506,1,1,0,Reader_2_1.csv
1506,2,2,0,Reader_2_10.csv
1506,3,0,3,Reader_2_11.csv
1506,0,0,0,Reader_2_12.csv
1506,0,0,0,Reader_2_2.csv
1506,0,0,0,Reader_2_3.csv
1506,1,1,0,Reader_2_4.csv
1506,0,0,0,Reader_2_5.csv
1506,0,0,0,Reader_2_6.csv
1506,0,0,0,Reader_2_7.csv
1506,0,0,0,Reader_2_8.csv
1506,1,1,0,Reader_2_9.csv
1506,15,13,2,reader_3_1.csv
1506,6,4,2,Reader_3_2.csv
1506,3,3,0,Reader_3_3.csv
1506,3,3,0,Reader_3_4.csv
1506,13,11,2,Reader_3_5.csv
1506,3,3,0,Reader_3_6.csv
1506,4,3,1,Reader_3_7.csv
1507,11,11,0,Reader_1_1.csv
1507,0,0,0,Reader_1_10.csv
1507,0,0,0,Reader_1_11.csv
1507,1,1,0,Reader_1_12.csv
1507,6,6,0,Reader_1_2.csv
1507,1,1,0,Reader_1_3.csv
1507,0,0,0,Reader_1_4.csv
1507,10,7,3,Reader_1_5.csv
1507,4,4,0,Reader_1_6.csv
1507,0,0,0,Reader_1_7.csv
1507,3,3,0,Reader_1_8.csv
1507,0,0,0,Reader_1_9.csv
1507,1,1,0,Reader_2_1.csv
1507,2,2,0,Reader_2_10.csv
1507,3,0,3,Reader_2_11.csv
1507,0,0,0,Reader_2_12.csv
1507,0,0,0,Reader_2_2.csv
1507,0,0,0,Reader_2_3.csv
1507,1,1,0,Reader_2_4.csv
1507,0,0,0,Reader_2_5.csv
1507,0,0,0,Reader_2_6.csv
1507,0,0,0,Reader_2_7.csv
1507,0,0,0,Reader_2_8.csv
1507,1,1,0,Reader_2_9.csv
1507,15,13,2,reader_3_1.csv
1507,7,4,3,Reader_3_2.csv
1507,3,3,0,Reader_3_3.csv
1507,3,3,0,Reader_3_4.csv
1507,13,10,3,Reader_3_5.csv
1507,4,4,0,Reader_3_6.csv
1507,2,2,0,Reader_3_7.csv
1508,10,10,0,Reader_1_1.csv
1508,0,0,0,Reader_1_10.csv
1508,0,0,0,Reader_1_11.csv
1508,1,1,0,Reader_1_12.csv
1508,10,8,2,Reader_1_2.csv
1508,1,1,0,Reader_1_3.csv
1508,0,0,0,Reader_1_4.csv
1508,10,7,3,Reader_1_5.csv
1508,3,3,0,Reader_1_6.csv
1508,0,0,0,Reader_1_7.csv
1508,3,3,0,Reader_1_8.csv
1508,0,0,0,Reader_1_9.csv
1508,1,1,0,Reader_2_1.csv
1508,2,2,0,Reader_2_10.csv
1508,3,0,3,Reader_2_11.csv
1508,0,0,0,Reader_2_12.csv
1508,0,0,0,Reader_2_2.csv
1508,0,0,0,Reader_2_3.csv
1508,1,1,0,Reader_2_4.csv
1508,0,0,0,Reader_2_5.csv
1508,0,0,0,Reader_2_6.csv
1508,0,0,0,Reader_2_7.csv
1508,0,0,0,Reader_2_8.csv
1508,1,1,0,Reader_2_9.csv
1508,13,11,2,reader_3_1.csv
1508,6,4,2,Reader_3_2.csv
1508,3,3,0,Reader_3_3.csv
1508,3,3,0,Reader_3_4.csv
1508,12,10,2,Reader_3_5.csv
1508,4,4,0,Reader_3_6.csv
1508,1,1,0,Reader_3_7.csv
1509,11,10,1,Reader_1_1.csv
1509,0,0,0,Reader_1_10.csv
1509,0,0,0,Reader_1_11.csv
1509,1,1,0,Reader_1_12.csv
1509,8,6,2,Reader_1_2.csv
1509,1,1,0,Reader_1_3.csv
1509,0,0,0,Reader_1_4.csv
1509,7,4,3,Reader_1_5.csv
1509,3,3,0,Reader_1_6.csv
1509,0,0,0,Reader_1_7.csv
1509,3,3,0,Reader_1_8.csv
1509,0,0,0,Reader_1_9.csv
1509,3,2,1,Reader_2_1.csv
1509,1,1,0,Reader_2_10.csv
1509,2,0,2,Reader_2_11.csv
1509,0,0,0,Reader_2_12.csv
1509,0,0,0,Reader_2_2.csv
1509,0,0,0,Reader_2_3.csv
1509,1,1,0,Reader_2_4.csv
1509,0,0,0,Reader_2_5.csv
1509,0,0,0,Reader_2_6.csv
1509,0,0,0,Reader_2_7.csv
1509,0,0,0,Reader_2_8.csv
1509,1,1,0,Reader_2_9.csv
1509,13,12,1,reader_3_1.csv
1509,5,4,1,Reader_3_2.csv
1509,3,3,0,Reader_3_3.csv
1509,3,3,0,Reader_3_4.csv
1509,8,6,2,Reader_3_5.csv
1509,4,4,0,Reader_3_6.csv
1509,1,1,0,Reader_3_7.csv
1510,9,8,1,Reader_1_1.csv
1510,0,0,0,Reader_1_10.csv
1510,0,0,0,Reader_1_11.csv
1510,1,1,0,Reader_1_12.csv
1510,10,7,3,Reader_1_2.csv
1510,1,1,0,Reader_1_3.csv
1510,0,0,0,Reader_1_4.csv
1510,4,3,1,Reader_1_5.csv
1510,2,2,0,Reader_1_6.csv
1510,0,0,0,Reader_1_7.csv
1510,3,3,0,Reader_1_8.csv
1510,0,0,0,Reader_1_9.csv
1510,5,4,1,Reader_2_1.csv
1510,1,1,0,Reader_2_10.csv
1510,1,0,1,Reader_2_11.csv
1510,0,0,0,Reader_2_12.csv
1510,0,0,0,Reader_2_2.csv
1510,0,0,0,Reader_2_3.csv
1510,1,1,0,Reader_2_4.csv
1510,0,0,0,Reader_2_5.csv
1510,0,0,0,Reader_2_6.csv
1510,0,0,0,Reader_2_7.csv
1510,0,0,0,Reader_2_8.csv
1510,1,1,0,Reader_2_9.csv
1510,12,11,1,reader_3_1.csv
1510,5,4,1,Reader_3_2.csv
1510,3,3,0,Reader_3_3.csv
1510,3,3,0,Reader_3_4.csv
1510,9,6,3,Reader_3_5.csv
1510,4,4,0,Reader_3_6.csv
1510,1,1,0,Reader_3_7.csv
1511,7,6,1,Reader_1_1.csv
1511,0,0,0,Reader_1_10.csv
1511,0,0,0,Reader_1_11.csv
1511,1,1,0,Reader_1_12.csv
1511,11,7,4,Reader_1_2.csv
1511,1,1,0,Reader_1_3.csv
1511,0,0,0,Reader_1_4.csv
1511,3,3,0,Reader_1_5.csv
1511,1,1,0,Reader_1_6.csv
1511,0,0,0,Reader_1_7.csv
1511,2,2,0,Reader_1_8.csv
1511,1,1,0,Reader_1_9.csv
1511,8,5,3,Reader_2_1.csv
1511,2,1,1,Reader_2_10.csv
1511,1,0,1,Reader_2_11.csv
1511,0,0,0,Reader_2_12.csv
1511,0,0,0,Reader_2_2.csv
1511,0,0,0,Reader_2_3.csv
1511,2,2,0,Reader_2_4.csv
1511,0,0,0,Reader_2_5.csv
1511,0,0,0,Reader_2_6.csv
1511,0,0,0,Reader_2_7.csv
1511,0,0,0,Reader_2_8.csv
1511,1,1,0,Reader_2_9.csv
1511,13,12,1,reader_3_1.csv
1511,4,3,1,Reader_3_2.csv
1511,3,3,0,Reader_3_3.csv
1511,3,3,0,Reader_3_4.csv
1511,8,5,3,Reader_3_5.csv
1511,4,4,0,Reader_3_6.csv
1511,2,2,0,Reader_3_7.csv
1512,5,4,1,Reader_1_1.csv
1512,0,0,0,Reader_1_10.csv
1512,0,0,0,Reader_1_11.csv
1512,0,0,0,Reader_1_12.csv
1512,13,8,5,Reader_1_2.csv
1512,1,1,0,Reader_1_3.csv
1512,0,0,0,Reader_1_4.csv
1512,2,2,0,Reader_1_5.csv
1512,2,2,0,Reader_1_6.csv
1512,0,0,0,Reader_1_7.csv
1512,2,2,0,Reader_1_8.csv
1512,1,1,0,Reader_1_9.csv
1512,9,5,4,Reader_2_1.csv
1512,2,1,1,Reader_2_10.csv
1512,1,0,1,Reader_2_11.csv
1512,0,0,0,Reader_2_12.csv
1512,0,0,0,Reader_2_2.csv
1512,0,0,0,Reader_2_3.csv
1512,2,2,0,Reader_2_4.csv
1512,0,0,0,Reader_2_5.csv
1512,0,0,0,Reader_2_6.csv
1512,0,0,0,Reader_2_7.csv
1512,0,0,0,Reader_2_8.csv
1512,1,1,0,Reader_2_9.csv
1512,18,15,3,reader_3_1.csv
1512,4,3,1,Reader_3_2.csv
1512,1,1,0,Reader_3_3.csv
1512,1,1,0,Reader_3_4.csv
1512,9,5,4,Reader_3_5.csv
1512,2,2,0,Reader_3_6.csv
1512,1,1,0,Reader_3_7.csv
1513,6,5,1,Reader_1_1.csv
1513,0,0,0,Reader_1_10.csv
1513,0,0,0,Reader_1_11.csv
1513,0,0,0,Reader_1_12.csv
1513,13,8,5,Reader_1_2.csv
1513,0,0,0,Reader_1_3.csv
1513,0,0,0,Reader_1_4.csv
1513,2,2,0,Reader_1_5.csv
1513,1,1,0,Reader_1_6.csv
1513,0,0,0,Reader_1_7.csv
1513,1,1,0,Reader_1_8.csv
1513,1,1,0,Reader_1_9.csv
1513,9,5,4,Reader_2_1.csv
1513,1,0,1,Reader_2_10.csv
1513,1,0,1,Reader_2_11.csv
1513,0,0,0,Reader_2_12.csv
1513,0,0,0,Reader_2_2.csv
1513,0,0,0,Reader_2_3.csv
1513,2,2,0,Reader_2_4.csv
1513,0,0,0,Reader_2_5.csv
1513,0,0,0,Reader_2_6.csv
1513,0,0,0,Reader_2_7.csv
1513,0,0,0,Reader_2_8.csv
1513,1,1,0,Reader_2_9.csv
1513,17,13,4,reader_3_1.csv
1513,2,1,1,Reader_3_2.csv
1513,1,1,0,Reader_3_3.csv
1513,1,1,0,Reader_3_4.csv
1513,9,5,4,Reader_3_5.csv
1513,2,2,0,Reader_3_6.csv
1513,1,1,0,Reader_3_7.csv
1514,6,5,1,Reader_1_1.csv
1514,0,0,0,Reader_1_10.csv
1514,1,1,0,Reader_1_11.csv
1514,0,0,0,Reader_1_12.csv
1514,14,8,6,Reader_1_2.csv
1514,1,1,0,Reader_1_3.csv
1514,0,0,0,Reader_1_4.csv
1514,1,1,0,Reader_1_5.csv
1514,1,1,0,Reader_1_6.csv
1514,0,0,0,Reader_1_7.csv
1514,1,1,0,Reader_1_8.csv
1514,1,1,0,Reader_1_9.csv
1514,9,5,4,Reader_2_1.csv
1514,1,0,1,Reader_2_10.csv
1514,0,0,0,Reader_2_11.csv
1514,0,0,0,Reader_2_12.csv
1514,0,0,0,Reader_2_2.csv
1514,0,0,0,Reader_2_3.csv
1514,2,2,0,Reader_2_4.csv
1514,0,0,0,Reader_2_5.csv
1514,0,0,0,Reader_2_6.csv
1514,0,0,0,Reader_2_7.csv
1514,0,0,0,Reader_2_8.csv
1514,0,0,0,Reader_2_9.csv
1514,20,16,4,reader_3_1.csv
1514,4,3,1,Reader_3_2.csv
1514,2,2,0,Reader_3_3.csv
1514,2,2,0,Reader_3_4.csv
1514,10,6,4,Reader_3_5.csv
1514,1,1,0,Reader_3_6.csv
1514,2,2,0,Reader_3_7.csv
1515,6,5,1,Reader_1_1.csv
1515,0,0,0,Reader_1_10.csv
1515,1,1,0,Reader_1_11.csv
1515,0,0,0,Reader_1_12.csv
1515,14,8,6,Reader_1_2.csv
1515,3,2,1,Reader_1_3.csv
1515,0,0,0,Reader_1_4.csv
1515,0,0,0,Reader_1_5.csv
1515,2,2,0,Reader_1_6.csv
1515,1,1,0,Reader_1_7.csv
1515,2,2,0,Reader_1_8.csv
1515,1,1,0,Reader_1_9.csv
1515,9,5,4,Reader_2_1.csv
1515,1,0,1,Reader_2_10.csv
1515,1,0,1,Reader_2_11.csv
1515,0,0,0,Reader_2_12.csv
1515,0,0,0,Reader_2_2.csv
1515,0,0,0,Reader_2_3.csv
1515,2,2,0,Reader_2_4.csv
1515,0,0,0,Reader_2_5.csv
1515,0,0,0,Reader_2_6.csv
1515,0,0,0,Reader_2_7.csv
1515,0,0,0,Reader_2_8.csv
1515,0,0,0,Reader_2_9.csv
1515,22,16,6,reader_3_1.csv
1515,4,4,0,Reader_3_2.csv
1515,2,2,0,Reader_3_3.csv
1515,2,2,0,Reader_3_4.csv
1515,8,5,3,Reader_3_5.csv
1515,1,1,0,Reader_3_6.csv
1515,2,2,0,Reader_3_7.csv
1516,5,4,1,Reader_1_1.csv
1516,0,0,0,Reader_1_10.csv
1516,1,1,0,Reader_1_11.csv
1516,1,1,0,Reader_1_12.csv
1516,10,6,4,Reader_1_2.csv
1516,3,2,1,Reader_1_3.csv
1516,0,0,0,Reader_1_4.csv
1516,0,0,0,Reader_1_5.csv
1516,3,3,0,Reader_1_6.csv
1516,1,1,0,Reader_1_7.csv
1516,2,2,0,Reader_1_8.csv
1516,1,1,0,Reader_1_9.csv
1516,9,5,4,Reader_2_1.csv
1516,1,0,1,Reader_2_10.csv
1516,1,0,1,Reader_2_11.csv
1516,0,0,0,Reader_2_12.csv
1516,0,0,0,Reader_2_2.csv
1516,0,0,0,Reader_2_3.csv
1516,2,1,1,Reader_2_4.csv
1516,0,0,0,Reader_2_5.csv
1516,0,0,0,Reader_2_6.csv
1516,0,0,0,Reader_2_7.csv
1516,0,0,0,Reader_2_8.csv
1516,0,0,0,Reader_2_9.csv
1516,29,19,10,reader_3_1.csv
1516,5,5,0,Reader_3_2.csv
1516,2,2,0,Reader_3_3.csv
1516,2,2,0,Reader_3_4.csv
1516,8,4,4,Reader_3_5.csv
1516,1,1,0,Reader_3_6.csv
1516,2,2,0,Reader_3_7.csv
1517,4,4,0,Reader_1_1.csv
1517,0,0,0,Reader_1_10.csv
1517,1,1,0,Reader_1_11.csv
1517,1,1,0,Reader_1_12.csv
1517,10,6,4,Reader_1_2.csv
1517,5,3,2,Reader_1_3.csv
1517,0,0,0,Reader_1_4.csv
1517,0,0,0,Reader_1_5.csv
1517,3,3,0,Reader_1_6.csv
1517,1,1,0,Reader_1_7.csv
1517,2,2,0,Reader_1_8.csv
1517,1,1,0,Reader_1_9.csv
1517,7,4,3,Reader_2_1.csv
1517,1,0,1,Reader_2_10.csv
1517,1,0,1,Reader_2_11.csv
1517,0,0,0,Reader_2_12.csv
1517,0,0,0,Reader_2_2.csv
1517,0,0,0,Reader_2_3.csv
1517,2,1,1,Reader_2_4.csv
1517,0,0,0,Reader_2_5.csv
1517,0,0,0,Reader_2_6.csv
1517,0,0,0,Reader_2_7.csv
1517,0,0,0,Reader_2_8.csv
1517,0,0,0,Reader_2_9.csv
1517,33,23,10,reader_3_1.csv
1517,5,5,0,Reader_3_2.csv
1517,2,2,0,Reader_3_3.csv
1517,2,2,0,Reader_3_4.csv
1517,9,5,4,Reader_3_5.csv
1517,1,1,0,Reader_3_6.csv
1517,2,2,0,Reader_3_7.csv
1518,6,5,1,Reader_1_1.csv
1518,0,0,0,Reader_1_10.csv
1518,1,1,0,Reader_1_11.csv
1518,1,1,0,Reader_1_12.csv
1518,10,6,4,Reader_1_2.csv
1518,5,3,2,Reader_1_3.csv
1518,0,0,0,Reader_1_4.csv
1518,0,0,0,Reader_1_5.csv
1518,3,3,0,Reader_1_6.csv
1518,1,1,0,Reader_1_7.csv
1518,2,2,0,Reader_1_8.csv
1518,1,1,0,Reader_1_9.csv
1518,6,3,3,Reader_2_1.csv
1518,1,0,1,Reader_2_10.csv
1518,1,0,1,Reader_2_11.csv
1518,0,0,0,Reader_2_12.csv
1518,0,0,0,Reader_2_2.csv
1518,0,0,0,Reader_2_3.csv
1518,2,1,1,Reader_2_4.csv
1518,0,0,0,Reader_2_5.csv
1518,0,0,0,Reader_2_6.csv
1518,1,0,1,Reader_2_7.csv
1518,0,0,0,Reader_2_8.csv
1518,0,0,0,Reader_2_9.csv
1518,46,35,11,reader_3_1.csv
1518,7,6,1,Reader_3_2.csv
1518,4,4,0,Reader_3_3.csv
1518,4,4,0,Reader_3_4.csv
1518,9,6,3,Reader_3_5.csv
1518,1,1,0,Reader_3_6.csv
1518,2,2,0,Reader_3_7.csv
1519,6,5,1,Reader_1_1.csv
1519,0,0,0,Reader_1_10.csv
1519,1,1,0,Reader_1_11.csv
1519,1,1,0,Reader_1_12.csv
1519,9,6,3,Reader_1_2.csv
1519,5,3,2,Reader_1_3.csv
1519,0,0,0,Reader_1_4.csv
1519,0,0,0,Reader_1_5.csv
1519,3,3,0,Reader_1_6.csv
1519,1,1,0,Reader_1_7.csv
1519,1,1,0,Reader_1_8.csv
1519,2,2,0,Reader_1_9.csv
1519,3,2,1,Reader_2_1.csv
1519,2,1,1,Reader_2_10.csv
1519,3,1,2,Reader_2_11.csv
1519,0,0,0,Reader_2_12.csv
1519,0,0,0,Reader_2_2.csv
1519,0,0,0,Reader_2_3.csv
1519,1,0,1,Reader_2_4.csv
1519,0,0,0,Reader_2_5.csv
1519,1,1,0,Reader_2_6.csv
1519,1,0,1,Reader_2_7.csv
1519,0,0,0,Reader_2_8.csv
1519,0,0,0,Reader_2_9.csv
1519,55,42,13,reader_3_1.csv
1519,8,7,1,Reader_3_2.csv
1519,4,4,0,Reader_3_3.csv
1519,4,4,0,Reader_3_4.csv
1519,9,6,3,Reader_3_5.csv
1519,1,1,0,Reader_3_6.csv
1519,1,1,0,Reader_3_7.csv
1520,6,5,1,Reader_1_1.csv
1520,0,0,0,Reader_1_10.csv
1520,1,1,0,Reader_1_11.csv
1520,1,1,0,Reader_1_12.csv
1520,7,5,2,Reader_1_2.csv
1520,6,4,2,Reader_1_3.csv
1520,0,0,0,Reader_1_4.csv
1520,0,0,0,Reader_1_5.csv
1520,2,2,0,Reader_1_6.csv
1520,1,1,0,Reader_1_7.csv
1520,1,1,0,Reader_1_8.csv
1520,2,2,0,Reader_1_9.csv
1520,3,3,0,Reader_2_1.csv
1520,2,1,1,Reader_2_10.csv
1520,3,1,2,Reader_2_11.csv
1520,0,0,0,Reader_2_12.csv
1520,0,0,0,Reader_2_2.csv
1520,0,0,0,Reader_2_3.csv
1520,1,0,1,Reader_2_4.csv
1520,0,0,0,Reader_2_5.csv
1520,2,2,0,Reader_2_6.csv
1520,1,0,1,Reader_2_7.csv
1520,0,0,0,Reader_2_8.csv
1520,0,0,0,Reader_2_9.csv
1520,66,49,17,reader_3_1.csv
1520,9,7,2,Reader_3_2.csv
1520,5,5,0,Reader_3_3.csv
1520,5,5,0,Reader_3_4.csv
1520,7,5,2,Reader_3_5.csv
1520,1,1,0,Reader_3_6.csv
1520,1,1,0,Reader_3_7.csv
1521,5,4,1,Reader_1_1.csv
1521,0,0,0,Reader_1_10.csv
1521,1,1,0,Reader_1_11.csv
1521,1,1,0,Reader_1_12.csv
1521,4,3,1,Reader_1_2.csv
1521,7,5,2,Reader_1_3.csv
1521,0,0,0,Reader_1_4.csv
1521,0,0,0,Reader_1_5.csv
1521,2,2,0,Reader_1_6.csv
1521,1,1,0,Reader_1_7.csv
1521,1,1,0,Reader_1_8.csv
1521,3,3,0,Reader_1_9.csv
1521,3,3,0,Reader_2_1.csv
1521,2,1,1,Reader_2_10.csv
1521,4,2,2,Reader_2_11.csv
1521,0,0,0,Reader_2_12.csv
1521,0,0,0,Reader_2_2.csv
1521,0,0,0,Reader_2_3.csv
1521,1,0,1,Reader_2_4.csv
1521,0,0,0,Reader_2_5.csv
1521,2,2,0,Reader_2_6.csv
1521,1,0,1,Reader_2_7.csv
1521,0,0,0,Reader_2_8.csv
1521,0,0,0,Reader_2_9.csv
1521,72,54,18,reader_3_1.csv
1521,10,8,2,Reader_3_2.csv
1521,4,4,0,Reader_3_3.csv
1521,4,4,0,Reader_3_4.csv
1521,10,8,2,Reader_3_5.csv
1521,1,1,0,Reader_3_6.csv
1521,1,1,0,Reader_3_7.csv
1522,4,3,1,Reader_1_1.csv
1522,0,0,0,Reader_1_10.csv
1522,0,0,0,Reader_1_11.csv
1522,2,1,1,Reader_1_12.csv
1522,2,1,1,Reader_1_2.csv
1522,6,4,2,Reader_1_3.csv
1522,0,0,0,Reader_1_4.csv
1522,1,1,0,Reader_1_5.csv
1522,2,2,0,Reader_1_6.csv
1522,1,1,0,Reader_1_7.csv
1522,1,1,0,Reader_1_8.csv
1522,3,3,0,Reader_1_9.csv
1522,2,2,0,Reader_2_1.csv
1522,2,1,1,Reader_2_10.csv
1522,4,2,2,Reader_2_11.csv
1522,0,0,0,Reader_2_12.csv
1522,1,1,0,Reader_2_2.csv
1522,0,0,0,Reader_2_3.csv
1522,1,0,1,Reader_2_4.csv
1522,0,0,0,Reader_2_5.csv
1522,2,2,0,Reader_2_6.csv
1522,1,0,1,Reader_2_7.csv
1522,0,0,0,Reader_2_8.csv
1522,0,0,0,Reader_2_9.csv
1522,74,56,18,reader_3_1.csv
1522,8,6,2,Reader_3_2.csv
1522,4,3,1,Reader_3_3.csv
1522,4,3,1,Reader_3_4.csv
1522,10,9,1,Reader_3_5.csv
1522,1,1,0,Reader_3_6.csv
1522,0,0,0,Reader_3_7.csv
1523,4,3,1,Reader_1_1.csv
1523,0,0,0,Reader_1_10.csv
1523,0,0,0,Reader_1_11.csv
1523,2,1,1,Reader_1_12.csv
1523,3,2,1,Reader_1_2.csv
1523,5,4,1,Reader_1_3.csv
1523,0,0,0,Reader_1_4.csv
1523,1,1,0,Reader_1_5.csv
1523,1,1,0,Reader_1_6.csv
1523,0,0,0,Reader_1_7.csv
1523,0,0,0,Reader_1_8.csv
1523,3,3,0,Reader_1_9.csv
1523,2,2,0,Reader_2_1.csv
1523,2,1,1,Reader_2_10.csv
1523,4,3,1,Reader_2_11.csv
1523,0,0,0,Reader_2_12.csv
1523,2,2,0,Reader_2_2.csv
1523,0,0,0,Reader_2_3.csv
1523,1,0,1,Reader_2_4.csv
1523,0,0,0,Reader_2_5.csv
1523,2,2,0,Reader_2_6.csv
1523,1,0,1,Reader_2_7.csv
1523,0,0,0,Reader_2_8.csv
1523,0,0,0,Reader_2_9.csv
1523,82,61,21,reader_3_1.csv
1523,7,5,2,Reader_3_2.csv
1523,4,3,1,Reader_3_3.csv
1523,4,3,1,Reader_3_4.csv
1523,12,11,1,Reader_3_5.csv
1523,0,0,0,Reader_3_6.csv
1523,0,0,0,Reader_3_7.csv
1524,4,3,1,Reader_1_1.csv
1524,0,0,0,Reader_1_10.csv
1524,0,0,0,Reader_1_11.csv
1524,1,0,1,Reader_1_12.csv
1524,3,2,1,Reader_1_2.csv
1524,5,4,1,Reader_1_3.csv
1524,0,0,0,Reader_1_4.csv
1524,1,1,0,Reader_1_5.csv
1524,0,0,0,Reader_1_6.csv
1524,0,0,0,Reader_1_7.csv
1524,0,0,0,Reader_1_8.csv
1524,4,4,0,Reader_1_9.csv
1524,2,2,0,Reader_2_1.csv
1524,2,1,1,Reader_2_10.csv
1524,4,3,1,Reader_2_11.csv
1524,0,0,0,Reader_2_12.csv
1524,2,2,0,Reader_2_2.csv
1524,1,0,1,Reader_2_3.csv
1524,0,0,0,Reader_2_4.csv
1524,0,0,0,Reader_2_5.csv
1524,2,2,0,Reader_2_6.csv
1524,1,0,1,Reader_2_7.csv
1524,0,0,0,Reader_2_8.csv
1524,0,0,0,Reader_2_9.csv
1524,86,65,21,reader_3_1.csv
1524,9,7,2,Reader_3_2.csv
1524,4,3,1,Reader_3_3.csv
1524,4,3,1,Reader_3_4.csv
1524,11,11,0,Reader_3_5.csv
1524,0,0,0,Reader_3_6.csv
1524,0,0,0,Reader_3_7.csv
1525,4,3,1,Reader_1_1.csv
1525,0,0,0,Reader_1_10.csv
1525,0,0,0,Reader_1_11.csv
1525,2,1,1,Reader_1_12.csv
1525,6,5,1,Reader_1_2.csv
1525,3,3,0,Reader_1_3.csv
1525,0,0,0,Reader_1_4.csv
1525,1,1,0,Reader_1_5.csv
1525,0,0,0,Reader_1_6.csv
1525,0,0,0,Reader_1_7.csv
1525,0,0,0,Reader_1_8.csv
1525,4,4,0,Reader_1_9.csv
1525,2,2,0,Reader_2_1.csv
1525,2,1,1,Reader_2_10.csv
1525,4,3,1,Reader_2_11.csv
1525,0,0,0,Reader_2_12.csv
1525,3,3,0,Reader_2_2.csv
1525,1,0,1,Reader_2_3.csv
1525,0,0,0,Reader_2_4.csv
1525,0,0,0,Reader_2_5.csv
1525,2,2,0,Reader_2_6.csv
1525,1,0,1,Reader_2_7.csv
1525,0,0,0,Reader_2_8.csv
1525,0,0,0,Reader_2_9.csv
1525,88,66,22,reader_3_1.csv
1525,9,7,2,Reader_3_2.csv
1525,4,3,1,Reader_3_3.csv
1525,4,3,1,Reader_3_4.csv
1525,11,11,0,Reader_3_5.csv
1525,0,0,0,Reader_3_6.csv
1525,0,0,0,Reader_3_7.csv
1526,2,2,0,Reader_1_1.csv
1526,0,0,0,Reader_1_10.csv
1526,0,0,0,Reader_1_11.csv
1526,2,1,1,Reader_1_12.csv
1526,6,5,1,Reader_1_2.csv
1526,4,3,1,Reader_1_3.csv
1526,0,0,0,Reader_1_4.csv
1526,2,2,0,Reader_1_5.csv
1526,0,0,0,Reader_1_6.csv
1526,0,0,0,Reader_1_7.csv
1526,0,0,0,Reader_1_8.csv
1526,4,4,0,Reader_1_9.csv
1526,1,1,0,Reader_2_1.csv
1526,2,1,1,Reader_2_10.csv
1526,4,3,1,Reader_2_11.csv
1526,0,0,0,Reader_2_12.csv
1526,4,3,1,Reader_2_2.csv
1526,1,0,1,Reader_2_3.csv
1526,0,0,0,Reader_2_4.csv
1526,0,0,0,Reader_2_5.csv
1526,2,2,0,Reader_2_6.csv
1526,0,0,0,Reader_2_7.csv
1526,0,0,0,Reader_2_8.csv
1526,0,0,0,Reader_2_9.csv
1526,87,64,23,reader_3_1.csv
1526,6,5,1,Reader_3_2.csv
1526,2,1,1,Reader_3_3.csv
1526,2,1,1,Reader_3_4.csv
1526,11,11,0,Reader_3_5.csv
1526,1,1,0,Reader_3_6.csv
1526,0,0,0,Reader_3_7.csv
1527,2,2,0,Reader_1_1.csv
1527,0,0,0,Reader_1_10.csv
1527,0,0,0,Reader_1_11.csv
1527,3,2,1,Reader_1_12.csv
1527,6,5,1,Reader_1_2.csv
1527,4,3,1,Reader_1_3.csv
1527,0,0,0,Reader_1_4.csv
1527,2,2,0,Reader_1_5.csv
1527,0,0,0,Reader_1_6.csv
1527,0,0,0,Reader_1_7.csv
1527,0,0,0,Reader_1_8.csv
1527,2,2,0,Reader_1_9.csv
1527,1,1,0,Reader_2_1.csv
1527,0,0,0,Reader_2_10.csv
1527,3,3,0,Reader_2_11.csv
1527,0,0,0,Reader_2_12.csv
1527,4,3,1,Reader_2_2.csv
1527,2,0,2,Reader_2_3.csv
1527,0,0,0,Reader_2_4.csv
1527,0,0,0,Reader_2_5.csv
1527,1,1,0,Reader_2_6.csv
1527,0,0,0,Reader_2_7.csv
1527,0,0,0,Reader_2_8.csv
1527,0,0,0,Reader_2_9.csv
1527,91,70,21,reader_3_1.csv
1527,7,6,1,Reader_3_2.csv
1527,2,1,1,Reader_3_3.csv
1527,2,1,1,Reader_3_4.csv
1527,14,13,1,Reader_3_5.csv
1527,2,2,0,Reader_3_6.csv
1527,0,0,0,Reader_3_7.csv
1528,2,2,0,Reader_1_1.csv
1528,0,0,0,Reader_1_10.csv
1528,0,0,0,Reader_1_11.csv
1528,3,2,1,Reader_1_12.csv
1528,7,6,1,Reader_1_2.csv
1528,4,3,1,Reader_1_3.csv
1528,0,0,0,Reader_1_4.csv
1528,2,2,0,Reader_1_5.csv
1528,0,0,0,Reader_1_6.csv
1528,0,0,0,Reader_1_7.csv
1528,0,0,0,Reader_1_8.csv
1528,3,3,0,Reader_1_9.csv
1528,1,1,0,Reader_2_1.csv
1528,0,0,0,Reader_2_10.csv
1528,5,4,1,Reader_2_11.csv
1528,0,0,0,Reader_2_12.csv
1528,5,4,1,Reader_2_2.csv
1528,2,0,2,Reader_2_3.csv
1528,0,0,0,Reader_2_4.csv
1528,0,0,0,Reader_2_5.csv
1528,0,0,0,Reader_2_6.csv
1528,0,0,0,Reader_2_7.csv
1528,0,0,0,Reader_2_8.csv
1528,0,0,0,Reader_2_9.csv
1528,79,61,18,reader_3_1.csv
1528,7,7,0,Reader_3_2.csv
1528,1,0,1,Reader_3_3.csv
1528,1,0,1,Reader_3_4.csv
1528,15,14,1,Reader_3_5.csv
1528,3,2,1,Reader_3_6.csv
1528,0,0,0,Reader_3_7.csv
1529,2,2,0,Reader_1_1.csv
1529,0,0,0,Reader_1_10.csv
1529,0,0,0,Reader_1_11.csv
1529,3,2,1,Reader_1_12.csv
1529,7,6,1,Reader_1_2.csv
1529,3,2,1,Reader_1_3.csv
1529,0,0,0,Reader_1_4.csv
1529,2,2,0,Reader_1_5.csv
1529,0,0,0,Reader_1_6.csv
1529,1,1,0,Reader_1_7.csv
1529,0,0,0,Reader_1_8.csv
1529,2,2,0,Reader_1_9.csv
1529,1,1,0,Reader_2_1.csv
1529,1,1,0,Reader_2_10.csv
1529,5,4,1,Reader_2_11.csv
1529,0,0,0,Reader_2_12.csv
1529,6,4,2,Reader_2_2.csv
1529,2,0,2,Reader_2_3.csv
1529,0,0,0,Reader_2_4.csv
1529,0,0,0,Reader_2_5.csv
1529,0,0,0,Reader_2_6.csv
1529,0,0,0,Reader_2_7.csv
1529,0,0,0,Reader_2_8.csv
1529,0,0,0,Reader_2_9.csv
1529,81,63,18,reader_3_1.csv
1529,6,6,0,Reader_3_2.csv
1529,3,2,1,Reader_3_3.csv
1529,3,2,1,Reader_3_4.csv
1529,13,12,1,Reader_3_5.csv
1529,3,2,1,Reader_3_6.csv
1529,0,0,0,Reader_3_7.csv
1530,2,2,0,Reader_1_1.csv
1530,0,0,0,Reader_1_10.csv
1530,0,0,0,Reader_1_11.csv
1530,2,2,0,Reader_1_12.csv
1530,7,6,1,Reader_1_2.csv
1530,3,2,1,Reader_1_3.csv
1530,0,0,0,Reader_1_4.csv
1530,2,2,0,Reader_1_5.csv
1530,1,1,0,Reader_1_6.csv
1530,2,1,1,Reader_1_7.csv
1530,0,0,0,Reader_1_8.csv
1530,2,2,0,Reader_1_9.csv
1530,1,1,0,Reader_2_1.csv
1530,1,1,0,Reader_2_10.csv
1530,5,4,1,Reader_2_11.csv
1530,0,0,0,Reader_2_12.csv
1530,5,3,2,Reader_2_2.csv
1530,2,0,2,Reader_2_3.csv
1530,0,0,0,Reader_2_4.csv
1530,0,0,0,Reader_2_5.csv
1530,1,0,1,Reader_2_6.csv
1530,0,0,0,Reader_2_7.csv
1530,0,0,0,Reader_2_8.csv
1530,0,0,0,Reader_2_9.csv
1530,79,61,18,reader_3_1.csv
1530,9,8,1,Reader_3_2.csv
1530,2,2,0,Reader_3_3.csv
1530,2,2,0,Reader_3_4.csv
1530,13,10,3,Reader_3_5.csv
1530,5,4,1,Reader_3_6.csv
1530,0,0,0,Reader_3_7.csv
1531,2,2,0,Reader_1_1.csv
1531,0,0,0,Reader_1_10.csv
1531,1,1,0,Reader_1_11.csv
1531,2,2,0,Reader_1_12.csv
1531,6,5,1,Reader_1_2.csv
1531,3,2,1,Reader_1_3.csv
1531,0,0,0,Reader_1_4.csv
1531,2,2,0,Reader_1_5.csv
1531,1,1,0,Reader_1_6.csv
1531,2,1,1,Reader_1_7.csv
1531,1,0,1,Reader_1_8.csv
1531,2,2,0,Reader_1_9.csv
1531,1,1,0,Reader_2_1.csv
1531,1,1,0,Reader_2_10.csv
1531,4,3,1,Reader_2_11.csv
1531,0,0,0,Reader_2_12.csv
1531,5,3,2,Reader_2_2.csv
1531,2,0,2,Reader_2_3.csv
1531,0,0,0,Reader_2_4.csv
1531,0,0,0,Reader_2_5.csv
1531,1,0,1,Reader_2_6.csv
1531,0,0,0,Reader_2_7.csv
1531,0,0,0,Reader_2_8.csv
1531,0,0,0,Reader_2_9.csv
1531,78,64,14,reader_3_1.csv
1531,10,9,1,Reader_3_2.csv
1531,2,2,0,Reader_3_3.csv
1531,2,2,0,Reader_3_4.csv
1531,10,7,3,Reader_3_5.csv
1531,6,5,1,Reader_3_6.csv
1531,0,0,0,Reader_3_7.csv
1532,1,1,0,Reader_1_1.csv
1532,0,0,0,Reader_1_10.csv
1532,1,1,0,Reader_1_11.csv
1532,3,3,0,Reader_1_12.csv
1532,6,5,1,Reader_1_2.csv
1532,4,3,1,Reader_1_3.csv
1532,0,0,0,Reader_1_4.csv
1532,3,3,0,Reader_1_5.csv
1532,1,1,0,Reader_1_6.csv
1532,2,1,1,Reader_1_7.csv
1532,1,0,1,Reader_1_8.csv
1532,1,1,0,Reader_1_9.csv
1532,1,1,0,Reader_2_1.csv
1532,1,1,0,Reader_2_10.csv
1532,4,3,1,Reader_2_11.csv
1532,0,0,0,Reader_2_12.csv
1532,6,4,2,Reader_2_2.csv
1532,1,0,1,Reader_2_3.csv
1532,0,0,0,Reader_2_4.csv
1532,0,0,0,Reader_2_5.csv
1532,1,0,1,Reader_2_6.csv
1532,0,0,0,Reader_2_7.csv
1532,0,0,0,Reader_2_8.csv
1532,0,0,0,Reader_2_9.csv
1532,71,61,10,reader_3_1.csv
1532,8,7,1,Reader_3_2.csv
1532,2,2,0,Reader_3_3.csv
1532,2,2,0,Reader_3_4.csv
1532,12,9,3,Reader_3_5.csv
1532,7,6,1,Reader_3_6.csv
1532,0,0,0,Reader_3_7.csv
1533,4,3,1,Reader_1_1.csv
1533,0,0,0,Reader_1_10.csv
1533,1,1,0,Reader_1_11.csv
1533,2,2,0,Reader_1_12.csv
1533,4,2,2,Reader_1_2.csv
1533,4,3,1,Reader_1_3.csv
1533,0,0,0,Reader_1_4.csv
1533,3,3,0,Reader_1_5.csv
1533,1,1,0,Reader_1_6.csv
1533,2,1,1,Reader_1_7.csv
1533,1,0,1,Reader_1_8.csv
1533,1,1,0,Reader_1_9.csv
1533,1,1,0,Reader_2_1.csv
1533,1,1,0,Reader_2_10.csv
1533,4,3,1,Reader_2_11.csv
1533,0,0,0,Reader_2_12.csv
1533,5,3,2,Reader_2_2.csv
1533,2,1,1,Reader_2_3.csv
1533,0,0,0,Reader_2_4.csv
1533,0,0,0,Reader_2_5.csv
1533,1,0,1,Reader_2_6.csv
1533,0,0,0,Reader_2_7.csv
1533,0,0,0,Reader_2_8.csv
1533,0,0,0,Reader_2_9.csv
1533,69,58,11,reader_3_1.csv
1533,9,8,1,Reader_3_2.csv
1533,2,2,0,Reader_3_3.csv
1533,2,2,0,Reader_3_4.csv
1533,13,10,3,Reader_3_5.csv
1533,7,6,1,Reader_3_6.csv
1533,0,0,0,Reader_3_7.csv
1534,6,4,2,Reader_1_1.csv
1534,1,1,0,Reader_1_10.csv
1534,1,1,0,Reader_1_11.csv
1534,2,2,0,Reader_1_12.csv
1534,4,3,1,Reader_1_2.csv
1534,3,3,0,Reader_1_3.csv
1534,0,0,0,Reader_1_4.csv
1534,3,2,1,Reader_1_5.csv
1534,1,1,0,Reader_1_6.csv
1534,2,1,1,Reader_1_7.csv
1534,1,0,1,Reader_1_8.csv
1534,1,1,0,Reader_1_9.csv
1534,2,1,1,Reader_2_1.csv
1534,1,1,0,Reader_2_10.csv
1534,4,3,1,Reader_2_11.csv
1534,0,0,0,Reader_2_12.csv
1534,4,3,1,Reader_2_2.csv
1534,2,1,1,Reader_2_3.csv
1534,0,0,0,Reader_2_4.csv
1534,0,0,0,Reader_2_5.csv
1534,2,1,1,Reader_2_6.csv
1534,0,0,0,Reader_2_7.csv
1534,0,0,0,Reader_2_8.csv
1534,0,0,0,Reader_2_9.csv
1534,59,50,9,reader_3_1.csv
1534,11,10,1,Reader_3_2.csv
1534,3,3,0,Reader_3_3.csv
1534,3,3,0,Reader_3_4.csv
1534,11,8,3,Reader_3_5.csv
1534,7,6,1,Reader_3_6.csv
1534,0,0,0,Reader_3_7.csv
1535,8,4,4,Reader_1_1.csv
1535,2,2,0,Reader_1_10.csv
1535,1,1,0,Reader_1_11.csv
1535,1,1,0,Reader_1_12.csv
1535,4,3,1,Reader_1_2.csv
1535,3,3,0,Reader_1_3.csv
1535,0,0,0,Reader_1_4.csv
1535,3,2,1,Reader_1_5.csv
1535,1,1,0,Reader_1_6.csv
1535,2,1,1,Reader_1_7.csv
1535,1,0,1,Reader_1_8.csv
1535,1,1,0,Reader_1_9.csv
1535,2,1,1,Reader_2_1.csv
1535,1,1,0,Reader_2_10.csv
1535,3,2,1,Reader_2_11.csv
1535,0,0,0,Reader_2_12.csv
1535,4,3,1,Reader_2_2.csv
1535,1,1,0,Reader_2_3.csv
1535,0,0,0,Reader_2_4.csv
1535,0,0,0,Reader_2_5.csv
1535,2,1,1,Reader_2_6.csv
1535,0,0,0,Reader_2_7.csv
1535,0,0,0,Reader_2_8.csv
1535,0,0,0,Reader_2_9.csv
1535,52,43,9,reader_3_1.csv
1535,12,11,1,Reader_3_2.csv
1535,3,3,0,Reader_3_3.csv
1535,3,3,0,Reader_3_4.csv
1535,11,9,2,Reader_3_5.csv
1535,7,6,1,Reader_3_6.csv
1535,0,0,0,Reader_3_7.csv
1536,10,5,5,Reader_1_1.csv
1536,2,2,0,Reader_1_10.csv
1536,1,1,0,Reader_1_11.csv
1536,1,1,0,Reader_1_12.csv
1536,3,2,1,Reader_1_2.csv
1536,2,2,0,Reader_1_3.csv
1536,0,0,0,Reader_1_4.csv
1536,3,2,1,Reader_1_5.csv
1536,2,2,0,Reader_1_6.csv
1536,2,1,1,Reader_1_7.csv
1536,1,0,1,Reader_1_8.csv
1536,0,0,0,Reader_1_9.csv
1536,2,1,1,Reader_2_1.csv
1536,1,1,0,Reader_2_10.csv
1536,2,2,0,Reader_2_11.csv
1536,0,0,0,Reader_2_12.csv
1536,3,2,1,Reader_2_2.csv
1536,1,1,0,Reader_2_3.csv
1536,0,0,0,Reader_2_4.csv
1536,0,0,0,Reader_2_5.csv
1536,2,1,1,Reader_2_6.csv
1536,0,0,0,Reader_2_7.csv
1536,0,0,0,Reader_2_8.csv
1536,0,0,0,Reader_2_9.csv
1536,50,44,6,reader_3_1.csv
1536,11,10,1,Reader_3_2.csv
1536,3,3,0,Reader_3_3.csv
1536,3,3,0,Reader_3_4.csv
1536,11,9,2,Reader_3_5.csv
1536,8,8,0,Reader_3_6.csv
1536,0,0,0,Reader_3_7.csv
1537,13,5,8,Reader_1_1.csv
1537,2,2,0,Reader_1_10.csv
1537,1,1,0,Reader_1_11.csv
1537,1,1,0,Reader_1_12.csv
1537,5,4,1,Reader_1_2.csv
1537,2,2,0,Reader_1_3.csv
1537,0,0,0,Reader_1_4.csv
1537,3,2,1,Reader_1_5.csv
1537,2,2,0,Reader_1_6.csv
1537,1,0,1,Reader_1_7.csv
1537,1,0,1,Reader_1_8.csv
1537,0,0,0,Reader_1_9.csv
1537,2,1,1,Reader_2_1.csv
1537,0,0,0,Reader_2_10.csv
1537,1,1,0,Reader_2_11.csv
1537,0,0,0,Reader_2_12.csv
1537,2,2,0,Reader_2_2.csv
1537,2,1,1,Reader_2_3.csv
1537,0,0,0,Reader_2_4.csv
1537,0,0,0,Reader_2_5.csv
1537,2,1,1,Reader_2_6.csv
1537,0,0,0,Reader_2_7.csv
1537,0,0,0,Reader_2_8.csv
1537,0,0,0,Reader_2_9.csv
1537,46,42,4,reader_3_1.csv
1537,13,12,1,Reader_3_2.csv
1537,1,1,0,Reader_3_3.csv
1537,1,1,0,Reader_3_4.csv
1537,12,10,2,Reader_3_5.csv
1537,9,9,0,Reader_3_6.csv
1537,0,0,0,Reader_3_7.csv
1538,16,8,8,Reader_1_1.csv
1538,2,2,0,Reader_1_10.csv
1538,1,1,0,Reader_1_11.csv
1538,1,1,0,Reader_1_12.csv
1538,5,4,1,Reader_1_2.csv
1538,2,2,0,Reader_1_3.csv
1538,0,0,0,Reader_1_4.csv
1538,2,1,1,Reader_1_5.csv
1538,1,1,0,Reader_1_6.csv
1538,0,0,0,Reader_1_7.csv
1538,1,0,1,Reader_1_8.csv
1538,0,0,0,Reader_1_9.csv
1538,2,1,1,Reader_2_1.csv
1538,0,0,0,Reader_2_10.csv
1538,1,1,0,Reader_2_11.csv
1538,0,0,0,Reader_2_12.csv
1538,3,3,0,Reader_2_2.csv
1538,2,1,1,Reader_2_3.csv
1538,0,0,0,Reader_2_4.csv
1538,0,0,0,Reader_2_5.csv
1538,1,1,0,Reader_2_6.csv
1538,0,0,0,Reader_2_7.csv
1538,0,0,0,Reader_2_8.csv
1538,0,0,0,Reader_2_9.csv
1538,42,38,4,reader_3_1.csv
1538,11,11,0,Reader_3_2.csv
1538,1,1,0,Reader_3_3.csv
1538,1,1,0,Reader_3_4.csv
1538,11,11,0,Reader_3_5.csv
1538,9,9,0,Reader_3_6.csv
1538,0,0,0,Reader_3_7.csv
1539,19,9,10,Reader_1_1.csv
1539,2,2,0,Reader_1_10.csv
1539,0,0,0,Reader_1_11.csv
1539,1,1,0,Reader_1_12.csv
1539,6,5,1,Reader_1_2.csv
1539,5,3,2,Reader_1_3.csv
1539,0,0,0,Reader_1_4.csv
1539,2,1,1,Reader_1_5.csv
1539,1,1,0,Reader_1_6.csv
1539,0,0,0,Reader_1_7.csv
1539,0,0,0,Reader_1_8.csv
1539,0,0,0,Reader_1_9.csv
1539,2,1,1,Reader_2_1.csv
1539,1,0,1,Reader_2_10.csv
1539,1,1,0,Reader_2_11.csv
1539,0,0,0,Reader_2_12.csv
1539,2,2,0,Reader_2_2.csv
1539,2,1,1,Reader_2_3.csv
1539,0,0,0,Reader_2_4.csv
1539,0,0,0,Reader_2_5.csv
1539,1,1,0,Reader_2_6.csv
1539,0,0,0,Reader_2_7.csv
1539,0,0,0,Reader_2_8.csv
1539,0,0,0,Reader_2_9.csv
1539,38,35,3,reader_3_1.csv
1539,13,12,1,Reader_3_2.csv
1539,1,1,0,Reader_3_3.csv
1539,1,1,0,Reader_3_4.csv
1539,11,11,0,Reader_3_5.csv
1539,8,8,0,Reader_3_6.csv
1539,0,0,0,Reader_3_7.csv
1540,22,11,11,Reader_1_1.csv
1540,2,2,0,Reader_1_10.csv
1540,1,1,0,Reader_1_11.csv
1540,0,0,0,Reader_1_12.csv
1540,6,5,1,Reader_1_2.csv
1540,4,2,2,Reader_1_3.csv
1540,0,0,0,Reader_1_4.csv
1540,1,0,1,Reader_1_5.csv
1540,2,2,0,Reader_1_6.csv
1540,0,0,0,Reader_1_7.csv
1540,0,0,0,Reader_1_8.csv
1540,0,0,0,Reader_1_9.csv
1540,2,1,1,Reader_2_1.csv
1540,1,0,1,Reader_2_10.csv
1540,1,1,0,Reader_2_11.csv
1540,0,0,0,Reader_2_12.csv
1540,2,1,1,Reader_2_2.csv
1540,2,1,1,Reader_2_3.csv
1540,0,0,0,Reader_2_4.csv
1540,0,0,0,Reader_2_5.csv
1540,1,1,0,Reader_2_6.csv
1540,0,0,0,Reader_2_7.csv
1540,0,0,0,Reader_2_8.csv
1540,0,0,0,Reader_2_9.csv
1540,36,32,4,reader_3_1.csv
1540,12,11,1,Reader_3_2.csv
1540,1,1,0,Reader_3_3.csv
1540,1,1,0,Reader_3_4.csv
1540,10,10,0,Reader_3_5.csv
1540,8,8,0,Reader_3_6.csv
1540,1,1,0,Reader_3_7.csv
1541,24,10,14,Reader_1_1.csv
1541,2,2,0,Reader_1_10.csv
1541,1,1,0,Reader_1_11.csv
1541,0,0,0,Reader_1_12.csv
1541,6,6,0,Reader_1_2.csv
1541,4,2,2,Reader_1_3.csv
1541,0,0,0,Reader_1_4.csv
1541,2,1,1,Reader_1_5.csv
1541,2,2,0,Reader_1_6.csv
1541,0,0,0,Reader_1_7.csv
1541,0,0,0,Reader_1_8.csv
1541,0,0,0,Reader_1_9.csv
1541,2,1,1,Reader_2_1.csv
1541,1,0,1,Reader_2_10.csv
1541,1,1,0,Reader_2_11.csv
1541,0,0,0,Reader_2_12.csv
1541,2,1,1,Reader_2_2.csv
1541,1,0,1,Reader_2_3.csv
1541,0,0,0,Reader_2_4.csv
1541,0,0,0,Reader_2_5.csv
1541,1,1,0,Reader_2_6.csv
1541,0,0,0,Reader_2_7.csv
1541,0,0,0,Reader_2_8.csv
1541,0,0,0,Reader_2_9.csv
1541,36,34,2,reader_3_1.csv
1541,14,13,1,Reader_3_2.csv
1541,1,1,0,Reader_3_3.csv
1541,1,1,0,Reader_3_4.csv
1541,8,8,0,Reader_3_5.csv
1541,8,8,0,Reader_3_6.csv
1541,1,1,0,Reader_3_7.csv
1542,26,12,14,Reader_1_1.csv
1542,1,1,0,Reader_1_10.csv
1542,1,1,0,Reader_1_11.csv
1542,0,0,0,Reader_1_12.csv
1542,5,5,0,Reader_1_2.csv
1542,5,2,3,Reader_1_3.csv
1542,0,0,0,Reader_1_4.csv
1542,2,1,1,Reader_1_5.csv
1542,2,2,0,Reader_1_6.csv
1542,0,0,0,Reader_1_7.csv
1542,0,0,0,Reader_1_8.csv
1542,0,0,0,Reader_1_9.csv
1542,2,2,0,Reader_2_1.csv
1542,2,1,1,Reader_2_10.csv
1542,1,1,0,Reader_2_11.csv
1542,0,0,0,Reader_2_12.csv
1542,2,1,1,Reader_2_2.csv
1542,2,1,1,Reader_2_3.csv
1542,0,0,0,Reader_2_4.csv
1542,0,0,0,Reader_2_5.csv
1542,0,0,0,Reader_2_6.csv
1542,0,0,0,Reader_2_7.csv
1542,0,0,0,Reader_2_8.csv
1542,0,0,0,Reader_2_9.csv
1542,38,36,2,reader_3_1.csv
1542,12,11,1,Reader_3_2.csv
1542,0,0,0,Reader_3_3.csv
1542,0,0,0,Reader_3_4.csv
1542,9,9,0,Reader_3_5.csv
1542,8,8,0,Reader_3_6.csv
1542,1,1,0,Reader_3_7.csv
1543,25,13,12,Reader_1_1.csv
1543,1,1,0,Reader_1_10.csv
1543,1,1,0,Reader_1_11.csv
1543,1,1,0,Reader_1_12.csv
1543,6,6,0,Reader_1_2.csv
1543,5,2,3,Reader_1_3.csv
1543,0,0,0,Reader_1_4.csv
1543,2,1,1,Reader_1_5.csv
1543,3,3,0,Reader_1_6.csv
1543,0,0,0,Reader_1_7.csv
1543,0,0,0,Reader_1_8.csv
1543,0,0,0,Reader_1_9.csv
1543,2,2,0,Reader_2_1.csv
1543,2,1,1,Reader_2_10.csv
1543,2,1,1,Reader_2_11.csv
1543,0,0,0,Reader_2_12.csv
1543,2,1,1,Reader_2_2.csv
1543,2,1,1,Reader_2_3.csv
1543,0,0,0,Reader_2_4.csv
1543,0,0,0,Reader_2_5.csv
1543,0,0,0,Reader_2_6.csv
1543,0,0,0,Reader_2_7.csv
1543,0,0,0,Reader_2_8.csv
1543,0,0,0,Reader_2_9.csv
1543,31,30,1,reader_3_1.csv
1543,10,8,2,Reader_3_2.csv
1543,0,0,0,Reader_3_3.csv
1543,0,0,0,Reader_3_4.csv
1543,7,7,0,Reader_3_5.csv
1543,7,7,0,Reader_3_6.csv
1543,1,1,0,Reader_3_7.csv
1544,29,16,13,Reader_1_1.csv
1544,1,1,0,Reader_1_10.csv
1544,1,1,0,Reader_1_11.csv
1544,1,1,0,Reader_1_12.csv
1544,8,6,2,Reader_1_2.csv
1544,5,2,3,Reader_1_3.csv
1544,0,0,0,Reader_1_4.csv
1544,2,1,1,Reader_1_5.csv
1544,2,2,0,Reader_1_6.csv
1544,0,0,0,Reader_1_7.csv
1544,1,0,1,Reader_1_8.csv
1544,0,0,0,Reader_1_9.csv
1544,2,2,0,Reader_2_1.csv
1544,2,1,1,Reader_2_10.csv
1544,2,1,1,Reader_2_11.csv
1544,0,0,0,Reader_2_12.csv
1544,2,1,1,Reader_2_2.csv
1544,2,1,1,Reader_2_3.csv
1544,0,0,0,Reader_2_4.csv
1544,0,0,0,Reader_2_5.csv
1544,0,0,0,Reader_2_6.csv
1544,0,0,0,Reader_2_7.csv
1544,0,0,0,Reader_2_8.csv
1544,0,0,0,Reader_2_9.csv
1544,34,29,5,reader_3_1.csv
1544,11,9,2,Reader_3_2.csv
1544,1,0,1,Reader_3_3.csv
1544,1,0,1,Reader_3_4.csv
1544,7,7,0,Reader_3_5.csv
1544,5,5,0,Reader_3_6.csv
1544,2,2,0,Reader_3_7.csv
1545,30,17,13,Reader_1_1.csv
1545,1,1,0,Reader_1_10.csv
1545,1,1,0,Reader_1_11.csv
1545,2,2,0,Reader_1_12.csv
1545,6,4,2,Reader_1_2.csv
1545,5,2,3,Reader_1_3.csv
1545,0,0,0,Reader_1_4.csv
1545,3,2,1,Reader_1_5.csv
1545,2,2,0,Reader_1_6.csv
1545,0,0,0,Reader_1_7.csv
1545,1,0,1,Reader_1_8.csv
1545,0,0,0,Reader_1_9.csv
1545,2,2,0,Reader_2_1.csv
1545,2,1,1,Reader_2_10.csv
1545,2,1,1,Reader_2_11.csv
1545,0,0,0,Reader_2_12.csv
1545,2,1,1,Reader_2_2.csv
1545,1,1,0,Reader_2_3.csv
1545,0,0,0,Reader_2_4.csv
1545,0,0,0,Reader_2_5.csv
1545,0,0,0,Reader_2_6.csv
1545,0,0,0,Reader_2_7.csv
1545,0,0,0,Reader_2_8.csv
1545,0,0,0,Reader_2_9.csv
1545,34,27,7,reader_3_1.csv
1545,12,9,3,Reader_3_2.csv
1545,3,2,1,Reader_3_3.csv
1545,3,2,1,Reader_3_4.csv
1545,5,5,0,Reader_3_5.csv
1545,4,4,0,Reader_3_6.csv
1545,2,2,0,Reader_3_7.csv
1546,27,14,13,Reader_1_1.csv
1546,1,1,0,Reader_1_10.csv
1546,1,1,0,Reader_1_11.csv
1546,2,2,0,Reader_1_12.csv
1546,6,4,2,Reader_1_2.csv
1546,5,2,3,Reader_1_3.csv
1546,0,0,0,Reader_1_4.csv
1546,3,2,1,Reader_1_5.csv
1546,4,4,0,Reader_1_6.csv
1546,0,0,0,Reader_1_7.csv
1546,1,0,1,Reader_1_8.csv
1546,2,2,0,Reader_1_9.csv
1546,2,2,0,Reader_2_1.csv
1546,2,1,1,Reader_2_10.csv
1546,2,1,1,Reader_2_11.csv
1546,0,0,0,Reader_2_12.csv
1546,1,0,1,Reader_2_2.csv
1546,2,2,0,Reader_2_3.csv
1546,0,0,0,Reader_2_4.csv
1546,0,0,0,Reader_2_5.csv
1546,0,0,0,Reader_2_6.csv
1546,0,0,0,Reader_2_7.csv
1546,0,0,0,Reader_2_8.csv
1546,0,0,0,Reader_2_9.csv
1546,41,32,9,reader_3_1.csv
1546,13,10,3,Reader_3_2.csv
1546,4,3,1,Reader_3_3.csv
1546,4,3,1,Reader_3_4.csv
1546,4,4,0,Reader_3_5.csv
1546,2,2,0,Reader_3_6.csv
1546,3,3,0,Reader_3_7.csv
1547,25,13,12,Reader_1_1.csv
1547,1,1,0,Reader_1_10.csv
1547,1,1,0,Reader_1_11.csv
1547,2,2,0,Reader_1_12.csv
1547,5,3,2,Reader_1_2.csv
1547,1,0,1,Reader_1_3.csv
1547,0,0,0,Reader_1_4.csv
1547,3,2,1,Reader_1_5.csv
1547,4,4,0,Reader_1_6.csv
1547,0,0,0,Reader_1_7.csv
1547,1,0,1,Reader_1_8.csv
1547,2,2,0,Reader_1_9.csv
1547,2,2,0,Reader_2_1.csv
1547,1,1,0,Reader_2_10.csv
1547,2,1,1,Reader_2_11.csv
1547,0,0,0,Reader_2_12.csv
1547,1,0,1,Reader_2_2.csv
1547,3,3,0,Reader_2_3.csv
1547,0,0,0,Reader_2_4.csv
1547,0,0,0,Reader_2_5.csv
1547,0,0,0,Reader_2_6.csv
1547,0,0,0,Reader_2_7.csv
1547,0,0,0,Reader_2_8.csv
1547,0,0,0,Reader_2_9.csv
1547,37,28,9,reader_3_1.csv
1547,12,9,3,Reader_3_2.csv
1547,6,4,2,Reader_3_3.csv
1547,6,4,2,Reader_3_4.csv
1547,4,4,0,Reader_3_5.csv
1547,2,2,0,Reader_3_6.csv
1547,4,4,0,Reader_3_7.csv
1548,24,12,12,Reader_1_1.csv
1548,1,1,0,Reader_1_10.csv
1548,0,0,0,Reader_1_11.csv
1548,2,2,0,Reader_1_12.csv
1548,5,3,2,Reader_1_2.csv
1548,1,0,1,Reader_1_3.csv
1548,0,0,0,Reader_1_4.csv
1548,4,2,2,Reader_1_5.csv
1548,3,3,0,Reader_1_6.csv
1548,0,0,0,Reader_1_7.csv
1548,1,0,1,Reader_1_8.csv
1548,2,2,0,Reader_1_9.csv
1548,3,3,0,Reader_2_1.csv
1548,1,1,0,Reader_2_10.csv
1548,3,1,2,Reader_2_11.csv
1548,0,0,0,Reader_2_12.csv
1548,0,0,0,Reader_2_2.csv
1548,3,3,0,Reader_2_3.csv
1548,0,0,0,Reader_2_4.csv
1548,0,0,0,Reader_2_5.csv
1548,0,0,0,Reader_2_6.csv
1548,0,0,0,Reader_2_7.csv
1548,0,0,0,Reader_2_8.csv
1548,0,0,0,Reader_2_9.csv
1548,44,36,8,reader_3_1.csv
1548,14,10,4,Reader_3_2.csv
1548,7,5,2,Reader_3_3.csv
1548,7,5,2,Reader_3_4.csv
1548,3,3,0,Reader_3_5.csv
1548,1,1,0,Reader_3_6.csv
1548,3,3,0,Reader_3_7.csv
1549,23,14,9,Reader_1_1.csv
1549,1,1,0,Reader_1_10.csv
1549,0,0,0,Reader_1_11.csv
1549,4,4,0,Reader_1_12.csv
1549,6,4,2,Reader_1_2.csv
1549,1,0,1,Reader_1_3.csv
1549,0,0,0,Reader_1_4.csv
1549,4,2,2,Reader_1_5.csv
1549,3,3,0,Reader_1_6.csv
1549,0,0,0,Reader_1_7.csv
1549,2,1,1,Reader_1_8.csv
1549,2,2,0,Reader_1_9.csv
1549,4,4,0,Reader_2_1.csv
1549,1,1,0,Reader_2_10.csv
1549,3,1,2,Reader_2_11.csv
1549,0,0,0,Reader_2_12.csv
1549,0,0,0,Reader_2_2.csv
1549,2,2,0,Reader_2_3.csv
1549,0,0,0,Reader_2_4.csv
1549,0,0,0,Reader_2_5.csv
1549,0,0,0,Reader_2_6.csv
1549,0,0,0,Reader_2_7.csv
1549,0,0,0,Reader_2_8.csv
1549,0,0,0,Reader_2_9.csv
1549,49,40,9,reader_3_1.csv
1549,11,7,4,Reader_3_2.csv
1549,7,5,2,Reader_3_3.csv
1549,7,5,2,Reader_3_4.csv
1549,3,3,0,Reader_3_5.csv
1549,1,1,0,Reader_3_6.csv
1549,4,4,0,Reader_3_7.csv
1550,23,14,9,Reader_1_1.csv
1550,1,1,0,Reader_1_10.csv
1550,0,0,0,Reader_1_11.csv
1550,5,5,0,Reader_1_12.csv
1550,7,4,3,Reader_1_2.csv
1550,0,0,0,Reader_1_3.csv
1550,0,0,0,Reader_1_4.csv
1550,3,2,1,Reader_1_5.csv
1550,5,5,0,Reader_1_6.csv
1550,1,0,1,Reader_1_7.csv
1550,2,1,1,Reader_1_8.csv
1550,2,2,0,Reader_1_9.csv
1550,3,3,0,Reader_2_1.csv
1550,0,0,0,Reader_2_10.csv
1550,5,2,3,Reader_2_11.csv
1550,1,1,0,Reader_2_12.csv
1550,0,0,0,Reader_2_2.csv
1550,2,2,0,Reader_2_3.csv
1550,0,0,0,Reader_2_4.csv
1550,1,1,0,Reader_2_5.csv
1550,0,0,0,Reader_2_6.csv
1550,0,0,0,Reader_2_7.csv
1550,0,0,0,Reader_2_8.csv
1550,0,0,0,Reader_2_9.csv
1550,49,40,9,reader_3_1.csv
1550,13,9,4,Reader_3_2.csv
1550,7,5,2,Reader_3_3.csv
1550,7,5,2,Reader_3_4.csv
1550,2,2,0,Reader_3_5.csv
1550,0,0,0,Reader_3_6.csv
1550,5,5,0,Reader_3_7.csv
1551,24,14,10,Reader_1_1.csv
1551,0,0,0,Reader_1_10.csv
1551,0,0,0,Reader_1_11.csv
1551,4,4,0,Reader_1_12.csv
1551,6,3,3,Reader_1_2.csv
1551,0,0,0,Reader_1_3.csv
1551,0,0,0,Reader_1_4.csv
1551,3,2,1,Reader_1_5.csv
1551,4,4,0,Reader_1_6.csv
1551,1,0,1,Reader_1_7.csv
1551,2,1,1,Reader_1_8.csv
1551,3,3,0,Reader_1_9.csv
1551,5,5,0,Reader_2_1.csv
1551,0,0,0,Reader_2_10.csv
1551,4,2,2,Reader_2_11.csv
1551,1,1,0,Reader_2_12.csv
1551,0,0,0,Reader_2_2.csv
1551,2,2,0,Reader_2_3.csv
1551,0,0,0,Reader_2_4.csv
1551,1,1,0,Reader_2_5.csv
1551,0,0,0,Reader_2_6.csv
1551,0,0,0,Reader_2_7.csv
1551,0,0,0,Reader_2_8.csv
1551,0,0,0,Reader_2_9.csv
1551,58,46,12,reader_3_1.csv
1551,13,10,3,Reader_3_2.csv
1551,9,7,2,Reader_3_3.csv
1551,9,7,2,Reader_3_4.csv
1551,2,2,0,Reader_3_5.csv
1551,0,0,0,Reader_3_6.csv
1551,5,5,0,Reader_3_7.csv
1552,20,11,9,Reader_1_1.csv
1552,0,0,0,Reader_1_10.csv
1552,0,0,0,Reader_1_11.csv
1552,4,4,0,Reader_1_12.csv
1552,4,3,1,Reader_1_2.csv
1552,0,0,0,Reader_1_3.csv
1552,0,0,0,Reader_1_4.csv
1552,3,2,1,Reader_1_5.csv
1552,5,5,0,Reader_1_6.csv
1552,1,0,1,Reader_1_7.csv
1552,1,1,0,Reader_1_8.csv
1552,3,3,0,Reader_1_9.csv
1552,5,5,0,Reader_2_1.csv
1552,0,0,0,Reader_2_10.csv
1552,3,1,2,Reader_2_11.csv
1552,1,1,0,Reader_2_12.csv
1552,0,0,0,Reader_2_2.csv
1552,3,2,1,Reader_2_3.csv
1552,0,0,0,Reader_2_4.csv
1552,1,1,0,Reader_2_5.csv
1552,0,0,0,Reader_2_6.csv
1552,0,0,0,Reader_2_7.csv
1552,0,0,0,Reader_2_8.csv
1552,0,0,0,Reader_2_9.csv
1552,54,46,8,reader_3_1.csv
1552,16,13,3,Reader_3_2.csv
1552,9,8,1,Reader_3_3.csv
1552,9,8,1,Reader_3_4.csv
1552,1,1,0,Reader_3_5.csv
1552,0,0,0,Reader_3_6.csv
1552,5,5,0,Reader_3_7.csv
1553,16,10,6,Reader_1_1.csv
1553,0,0,0,Reader_1_10.csv
1553,0,0,0,Reader_1_11.csv
1553,3,3,0,Reader_1_12.csv
1553,4,3,1,Reader_1_2.csv
1553,0,0,0,Reader_1_3.csv
1553,0,0,0,Reader_1_4.csv
1553,2,1,1,Reader_1_5.csv
1553,5,5,0,Reader_1_6.csv
1553,1,0,1,Reader_1_7.csv
1553,1,1,0,Reader_1_8.csv
1553,3,3,0,Reader_1_9.csv
1553,5,5,0,Reader_2_1.csv
1553,0,0,0,Reader_2_10.csv
1553,4,2,2,Reader_2_11.csv
1553,1,1,0,Reader_2_12.csv
1553,1,1,0,Reader_2_2.csv
1553,4,3,1,Reader_2_3.csv
1553,1,1,0,Reader_2_4.csv
1553,1,1,0,Reader_2_5.csv
1553,0,0,0,Reader_2_6.csv
1553,0,0,0,Reader_2_7.csv
1553,0,0,0,Reader_2_8.csv
1553,0,0,0,Reader_2_9.csv
1553,57,50,7,reader_3_1.csv
1553,13,11,2,Reader_3_2.csv
1553,7,6,1,Reader_3_3.csv
1553,7,6,1,Reader_3_4.csv
1553,1,1,0,Reader_3_5.csv
1553,0,0,0,Reader_3_6.csv
1553,6,6,0,Reader_3_7.csv
1554,16,10,6,Reader_1_1.csv
1554,0,0,0,Reader_1_10.csv
1554,0,0,0,Reader_1_11.csv
1554,3,3,0,Reader_1_12.csv
1554,4,3,1,Reader_1_2.csv
1554,0,0,0,Reader_1_3.csv
1554,0,0,0,Reader_1_4.csv
1554,2,1,1,Reader_1_5.csv
1554,3,3,0,Reader_1_6.csv
1554,1,0,1,Reader_1_7.csv
1554,1,1,0,Reader_1_8.csv
1554,1,1,0,Reader_1_9.csv
1554,5,5,0,Reader_2_1.csv
1554,0,0,0,Reader_2_10.csv
1554,4,2,2,Reader_2_11.csv
1554,1,1,0,Reader_2_12.csv
1554,1,1,0,Reader_2_2.csv
1554,3,2,1,Reader_2_3.csv
1554,1,1,0,Reader_2_4.csv
1554,1,1,0,Reader_2_5.csv
1554,0,0,0,Reader_2_6.csv
1554,0,0,0,Reader_2_7.csv
1554,0,0,0,Reader_2_8.csv
1554,0,0,0,Reader_2_9.csv
1554,51,46,5,reader_3_1.csv
1554,13,11,2,Reader_3_2.csv
1554,6,5,1,Reader_3_3.csv
1554,6,5,1,Reader_3_4.csv
1554,3,3,0,Reader_3_5.csv
1554,0,0,0,Reader_3_6.csv
1554,5,5,0,Reader_3_7.csv
1555,15,10,5,Reader_1_1.csv
1555,0,0,0,Reader_1_10.csv
1555,0,0,0,Reader_1_11.csv
1555,3,3,0,Reader_1_12.csv
1555,4,3,1,Reader_1_2.csv
1555,1,1,0,Reader_1_3.csv
1555,0,0,0,Reader_1_4.csv
1555,2,1,1,Reader_1_5.csv
1555,3,3,0,Reader_1_6.csv
1555,1,0,1,Reader_1_7.csv
1555,1,1,0,Reader_1_8.csv
1555,1,1,0,Reader_1_9.csv
1555,5,5,0,Reader_2_1.csv
1555,0,0,0,Reader_2_10.csv
1555,4,2,2,Reader_2_11.csv
1555,1,1,0,Reader_2_12.csv
1555,1,1,0,Reader_2_2.csv
1555,2,1,1,Reader_2_3.csv
1555,1,1,0,Reader_2_4.csv
1555,1,1,0,Reader_2_5.csv
1555,0,0,0,Reader_2_6.csv
1555,0,0,0,Reader_2_7.csv
1555,0,0,0,Reader_2_8.csv
1555,0,0,0,Reader_2_9.csv
1555,54,48,6,reader_3_1.csv
1555,13,12,1,Reader_3_2.csv
1555,4,4,0,Reader_3_3.csv
1555,4,4,0,Reader_3_4.csv
1555,4,4,0,Reader_3_5.csv
1555,0,0,0,Reader_3_6.csv
1555,4,4,0,Reader_3_7.csv
1556,17,12,5,Reader_1_1.csv
1556,0,0,0,Reader_1_10.csv
1556,0,0,0,Reader_1_11.csv
1556,3,3,0,Reader_1_12.csv
1556,4,3,1,Reader_1_2.csv
1556,3,2,1,Reader_1_3.csv
1556,0,0,0,Reader_1_4.csv
1556,1,1,0,Reader_1_5.csv
1556,4,4,0,Reader_1_6.csv
1556,1,0,1,Reader_1_7.csv
1556,1,1,0,Reader_1_8.csv
1556,1,1,0,Reader_1_9.csv
1556,4,4,0,Reader_2_1.csv
1556,0,0,0,Reader_2_10.csv
1556,3,2,1,Reader_2_11.csv
1556,1,1,0,Reader_2_12.csv
1556,1,1,0,Reader_2_2.csv
1556,2,1,1,Reader_2_3.csv
1556,1,1,0,Reader_2_4.csv
1556,1,1,0,Reader_2_5.csv
1556,0,0,0,Reader_2_6.csv
1556,0,0,0,Reader_2_7.csv
1556,0,0,0,Reader_2_8.csv
1556,0,0,0,Reader_2_9.csv
1556,49,42,7,reader_3_1.csv
1556,12,12,0,Reader_3_2.csv
1556,3,3,0,Reader_3_3.csv
1556,3,3,0,Reader_3_4.csv
1556,6,6,0,Reader_3_5.csv
1556,0,0,0,Reader_3_6.csv
1556,4,4,0,Reader_3_7.csv
1557,15,10,5,Reader_1_1.csv
1557,0,0,0,Reader_1_10.csv
1557,0,0,0,Reader_1_11.csv
1557,1,1,0,Reader_1_12.csv
1557,2,1,1,Reader_1_2.csv
1557,3,2,1,Reader_1_3.csv
1557,0,0,0,Reader_1_4.csv
1557,0,0,0,Reader_1_5.csv
1557,4,4,0,Reader_1_6.csv
1557,1,0,1,Reader_1_7.csv
1557,0,0,0,Reader_1_8.csv
1557,1,1,0,Reader_1_9.csv
1557,3,3,0,Reader_2_1.csv
1557,0,0,0,Reader_2_10.csv
1557,3,2,1,Reader_2_11.csv
1557,1,1,0,Reader_2_12.csv
1557,1,1,0,Reader_2_2.csv
1557,2,1,1,Reader_2_3.csv
1557,1,1,0,Reader_2_4.csv
1557,1,1,0,Reader_2_5.csv
1557,0,0,0,Reader_2_6.csv
1557,0,0,0,Reader_2_7.csv
1557,0,0,0,Reader_2_8.csv
1557,0,0,0,Reader_2_9.csv
1557,46,40,6,reader_3_1.csv
1557,16,15,1,Reader_3_2.csv
1557,4,4,0,Reader_3_3.csv
1557,4,4,0,Reader_3_4.csv
1557,8,8,0,Reader_3_5.csv
1557,0,0,0,Reader_3_6.csv
1557,3,3,0,Reader_3_7.csv
1558,13,8,5,Reader_1_1.csv
1558,0,0,0,Reader_1_10.csv
1558,0,0,0,Reader_1_11.csv
1558,0,0,0,Reader_1_12.csv
1558,1,1,0,Reader_1_2.csv
1558,3,2,1,Reader_1_3.csv
1558,0,0,0,Reader_1_4.csv
1558,0,0,0,Reader_1_5.csv
1558,2,2,0,Reader_1_6.csv
1558,0,0,0,Reader_1_7.csv
1558,0,0,0,Reader_1_8.csv
1558,1,1,0,Reader_1_9.csv
1558,3,3,0,Reader_2_1.csv
1558,0,0,0,Reader_2_10.csv
1558,1,1,0,Reader_2_11.csv
1558,0,0,0,Reader_2_12.csv
1558,1,1,0,Reader_2_2.csv
1558,2,1,1,Reader_2_3.csv
1558,1,1,0,Reader_2_4.csv
1558,0,0,0,Reader_2_5.csv
1558,0,0,0,Reader_2_6.csv
1558,0,0,0,Reader_2_7.csv
1558,0,0,0,Reader_2_8.csv
1558,0,0,0,Reader_2_9.csv
1558,47,40,7,reader_3_1.csv
1558,18,16,2,Reader_3_2.csv
1558,4,4,0,Reader_3_3.csv
1558,4,4,0,Reader_3_4.csv
1558,8,8,0,Reader_3_5.csv
1558,0,0,0,Reader_3_6.csv
1558,3,3,0,Reader_3_7.csv
1559,12,7,5,Reader_1_1.csv
1559,0,0,0,Reader_1_10.csv
1559,0,0,0,Reader_1_11.csv
1559,0,0,0,Reader_1_12.csv
1559,2,2,0,Reader_1_2.csv
1559,4,3,1,Reader_1_3.csv
1559,0,0,0,Reader_1_4.csv
1559,0,0,0,Reader_1_5.csv
1559,2,2,0,Reader_1_6.csv
1559,0,0,0,Reader_1_7.csv
1559,0,0,0,Reader_1_8.csv
1559,0,0,0,Reader_1_9.csv
1559,3,2,1,Reader_2_1.csv
1559,0,0,0,Reader_2_10.csv
1559,1,1,0,Reader_2_11.csv
1559,0,0,0,Reader_2_12.csv
1559,1,1,0,Reader_2_2.csv
1559,2,1,1,Reader_2_3.csv
1559,1,1,0,Reader_2_4.csv
1559,0,0,0,Reader_2_5.csv
1559,0,0,0,Reader_2_6.csv
1559,0,0,0,Reader_2_7.csv
1559,0,0,0,Reader_2_8.csv
1559,0,0,0,Reader_2_9.csv
1559,40,35,5,reader_3_1.csv
1559,18,16,2,Reader_3_2.csv
1559,2,2,0,Reader_3_3.csv
1559,2,2,0,Reader_3_4.csv
1559,8,8,0,Reader_3_5.csv
1559,0,0,0,Reader_3_6.csv
1559,3,3,0,Reader_3_7.csv
1560,12,8,4,Reader_1_1.csv
1560,0,0,0,Reader_1_10.csv
1560,0,0,0,Reader_1_11.csv
1560,0,0,0,Reader_1_12.csv
1560,2,2,0,Reader_1_2.csv
1560,4,3,1,Reader_1_3.csv
1560,0,0,0,Reader_1_4.csv
1560,0,0,0,Reader_1_5.csv
1560,1,1,0,Reader_1_6.csv
1560,1,1,0,Reader_1_7.csv
1560,0,0,0,Reader_1_8.csv
1560,0,0,0,Reader_1_9.csv
1560,3,2,1,Reader_2_1.csv
1560,0,0,0,Reader_2_10.csv
1560,1,1,0,Reader_2_11.csv
1560,0,0,0,Reader_2_12.csv
1560,1,1,0,Reader_2_2.csv
1560,1,1,0,Reader_2_3.csv
1560,1,1,0,Reader_2_4.csv
1560,1,1,0,Reader_2_5.csv
1560,0,0,0,Reader_2_6.csv
1560,0,0,0,Reader_2_7.csv
1560,0,0,0,Reader_2_8.csv
1560,0,0,0,Reader_2_9.csv
1560,38,33,5,reader_3_1.csv
1560,14,12,2,Reader_3_2.csv
1560,1,1,0,Reader_3_3.csv
1560,1,1,0,Reader_3_4.csv
1560,8,8,0,Reader_3_5.csv
1560,0,0,0,Reader_3_6.csv
1560,2,2,0,Reader_3_7.csv
1561,13,9,4,Reader_1_1.csv
1561,0,0,0,Reader_1_10.csv
1561,0,0,0,Reader_1_11.csv
1561,0,0,0,Reader_1_12.csv
1561,2,2,0,Reader_1_2.csv
1561,4,3,1,Reader_1_3.csv
1561,0,0,0,Reader_1_4.csv
1561,0,0,0,Reader_1_5.csv
1561,1,1,0,Reader_1_6.csv
1561,1,1,0,Reader_1_7.csv
1561,0,0,0,Reader_1_8.csv
1561,0,0,0,Reader_1_9.csv
1561,4,2,2,Reader_2_1.csv
1561,0,0,0,Reader_2_10.csv
1561,0,0,0,Reader_2_11.csv
1561,0,0,0,Reader_2_12.csv
1561,0,0,0,Reader_2_2.csv
1561,0,0,0,Reader_2_3.csv
1561,0,0,0,Reader_2_4.csv
1561,1,1,0,Reader_2_5.csv
1561,0,0,0,Reader_2_6.csv
1561,0,0,0,Reader_2_7.csv
1561,0,0,0,Reader_2_8.csv
1561,0,0,0,Reader_2_9.csv
1561,36,32,4,reader_3_1.csv
1561,18,16,2,Reader_3_2.csv
1561,1,1,0,Reader_3_3.csv
1561,1,1,0,Reader_3_4.csv
1561,9,8,1,Reader_3_5.csv
1561,0,0,0,Reader_3_6.csv
1561,1,1,0,Reader_3_7.csv
1562,15,11,4,Reader_1_1.csv
1562,0,0,0,Reader_1_10.csv
1562,0,0,0,Reader_1_11.csv
1562,0,0,0,Reader_1_12.csv
1562,2,2,0,Reader_1_2.csv
1562,5,4,1,Reader_1_3.csv
1562,0,0,0,Reader_1_4.csv
1562,0,0,0,Reader_1_5.csv
1562,1,1,0,Reader_1_6.csv
1562,1,1,0,Reader_1_7.csv
1562,0,0,0,Reader_1_8.csv
1562,0,0,0,Reader_1_9.csv
1562,4,2,2,Reader_2_1.csv
1562,0,0,0,Reader_2_10.csv
1562,1,1,0,Reader_2_11.csv
1562,0,0,0,Reader_2_12.csv
1562,0,0,0,Reader_2_2.csv
1562,1,0,1,Reader_2_3.csv
1562,0,0,0,Reader_2_4.csv
1562,1,1,0,Reader_2_5.csv
1562,0,0,0,Reader_2_6.csv
1562,0,0,0,Reader_2_7.csv
1562,0,0,0,Reader_2_8.csv
1562,0,0,0,Reader_2_9.csv
1562,36,32,4,reader_3_1.csv
1562,16,14,2,Reader_3_2.csv
1562,1,1,0,Reader_3_3.csv
1562,1,1,0,Reader_3_4.csv
1562,9,8,1,Reader_3_5.csv
1562,0,0,0,Reader_3_6.csv
1562,1,1,0,Reader_3_7.csv
1563,17,12,5,Reader_1_1.csv
1563,0,0,0,Reader_1_10.csv
1563,0,0,0,Reader_1_11.csv
1563,1,1,0,Reader_1_12.csv
1563,2,2,0,Reader_1_2.csv
1563,4,3,1,Reader_1_3.csv
1563,0,0,0,Reader_1_4.csv
1563,0,0,0,Reader_1_5.csv
1563,2,1,1,Reader_1_6.csv
1563,1,1,0,Reader_1_7.csv
1563,0,0,0,Reader_1_8.csv
1563,0,0,0,Reader_1_9.csv
1563,4,2,2,Reader_2_1.csv
1563,0,0,0,Reader_2_10.csv
1563,1,1,0,Reader_2_11.csv
1563,0,0,0,Reader_2_12.csv
1563,0,0,0,Reader_2_2.csv
1563,1,0,1,Reader_2_3.csv
1563,0,0,0,Reader_2_4.csv
1563,1,1,0,Reader_2_5.csv
1563,0,0,0,Reader_2_6.csv
1563,0,0,0,Reader_2_7.csv
1563,0,0,0,Reader_2_8.csv
1563,0,0,0,Reader_2_9.csv
1563,34,31,3,reader_3_1.csv
1563,16,14,2,Reader_3_2.csv
1563,1,1,0,Reader_3_3.csv
1563,1,1,0,Reader_3_4.csv
1563,9,8,1,Reader_3_5.csv
1563,0,0,0,Reader_3_6.csv
1563,1,1,0,Reader_3_7.csv
1564,13,9,4,Reader_1_1.csv
1564,0,0,0,Reader_1_10.csv
1564,0,0,0,Reader_1_11.csv
1564,1,1,0,Reader_1_12.csv
1564,3,3,0,Reader_1_2.csv
1564,2,2,0,Reader_1_3.csv
1564,0,0,0,Reader_1_4.csv
1564,0,0,0,Reader_1_5.csv
1564,1,0,1,Reader_1_6.csv
1564,1,1,0,Reader_1_7.csv
1564,0,0,0,Reader_1_8.csv
1564,0,0,0,Reader_1_9.csv
1564,5,3,2,Reader_2_1.csv
1564,0,0,0,Reader_2_10.csv
1564,2,2,0,Reader_2_11.csv
1564,0,0,0,Reader_2_12.csv
1564,0,0,0,Reader_2_2.csv
1564,1,0,1,Reader_2_3.csv
1564,0,0,0,Reader_2_4.csv
1564,1,1,0,Reader_2_5.csv
1564,0,0,0,Reader_2_6.csv
1564,0,0,0,Reader_2_7.csv
1564,0,0,0,Reader_2_8.csv
1564,0,0,0,Reader_2_9.csv
1564,31,28,3,reader_3_1.csv
1564,17,15,2,Reader_3_2.csv
1564,4,3,1,Reader_3_3.csv
1564,4,3,1,Reader_3_4.csv
1564,7,6,1,Reader_3_5.csv
1564,1,1,0,Reader_3_6.csv
1564,3,3,0,Reader_3_7.csv
1565,14,9,5,Reader_1_1.csv
1565,0,0,0,Reader_1_10.csv
1565,0,0,0,Reader_1_11.csv
1565,1,1,0,Reader_1_12.csv
1565,3,3,0,Reader_1_2.csv
1565,2,2,0,Reader_1_3.csv
1565,0,0,0,Reader_1_4.csv
1565,0,0,0,Reader_1_5.csv
1565,1,0,1,Reader_1_6.csv
1565,1,1,0,Reader_1_7.csv
1565,0,0,0,Reader_1_8.csv
1565,0,0,0,Reader_1_9.csv
1565,5,3,2,Reader_2_1.csv
1565,1,1,0,Reader_2_10.csv
1565,2,2,0,Reader_2_11.csv
1565,0,0,0,Reader_2_12.csv
1565,0,0,0,Reader_2_2.csv
1565,1,0,1,Reader_2_3.csv
1565,1,1,0,Reader_2_4.csv
1565,1,1,0,Reader_2_5.csv
1565,0,0,0,Reader_2_6.csv
1565,0,0,0,Reader_2_7.csv
1565,0,0,0,Reader_2_8.csv
1565,0,0,0,Reader_2_9.csv
1565,25,22,3,reader_3_1.csv
1565,18,16,2,Reader_3_2.csv
1565,3,2,1,Reader_3_3.csv
1565,3,2,1,Reader_3_4.csv
1565,5,4,1,Reader_3_5.csv
1565,1,1,0,Reader_3_6.csv
1565,3,3,0,Reader_3_7.csv
1566,13,8,5,Reader_1_1.csv
1566,0,0,0,Reader_1_10.csv
1566,1,1,0,Reader_1_11.csv
1566,1,1,0,Reader_1_12.csv
1566,2,2,0,Reader_1_2.csv
1566,2,2,0,Reader_1_3.csv
1566,0,0,0,Reader_1_4.csv
1566,0,0,0,Reader_1_5.csv
1566,1,0,1,Reader_1_6.csv
1566,1,1,0,Reader_1_7.csv
1566,0,0,0,Reader_1_8.csv
1566,0,0,0,Reader_1_9.csv
1566,5,3,2,Reader_2_1.csv
1566,1,1,0,Reader_2_10.csv
1566,3,2,1,Reader_2_11.csv
1566,0,0,0,Reader_2_12.csv
1566,0,0,0,Reader_2_2.csv
1566,1,0,1,Reader_2_3.csv
1566,1,1,0,Reader_2_4.csv
1566,1,1,0,Reader_2_5.csv
1566,0,0,0,Reader_2_6.csv
1566,0,0,0,Reader_2_7.csv
1566,0,0,0,Reader_2_8.csv
1566,0,0,0,Reader_2_9.csv
1566,20,18,2,reader_3_1.csv
1566,17,16,1,Reader_3_2.csv
1566,3,2,1,Reader_3_3.csv
1566,3,2,1,Reader_3_4.csv
1566,7,6,1,Reader_3_5.csv
1566,1,1,0,Reader_3_6.csv
1566,2,2,0,Reader_3_7.csv
1567,13,9,4,Reader_1_1.csv
1567,0,0,0,Reader_1_10.csv
1567,2,1,1,Reader_1_11.csv
1567,1,1,0,Reader_1_12.csv
1567,1,1,0,Reader_1_2.csv
1567,1,1,0,Reader_1_3.csv
1567,0,0,0,Reader_1_4.csv
1567,0,0,0,Reader_1_5.csv
1567,1,0,1,Reader_1_6.csv
1567,1,1,0,Reader_1_7.csv
1567,0,0,0,Reader_1_8.csv
1567,0,0,0,Reader_1_9.csv
1567,3,2,1,Reader_2_1.csv
1567,1,1,0,Reader_2_10.csv
1567,3,2,1,Reader_2_11.csv
1567,0,0,0,Reader_2_12.csv
1567,0,0,0,Reader_2_2.csv
1567,1,0,1,Reader_2_3.csv
1567,1,1,0,Reader_2_4.csv
1567,1,1,0,Reader_2_5.csv
1567,0,0,0,Reader_2_6.csv
1567,0,0,0,Reader_2_7.csv
1567,0,0,0,Reader_2_8.csv
1567,0,0,0,Reader_2_9.csv
1567,18,17,1,reader_3_1.csv
1567,17,16,1,Reader_3_2.csv
1567,3,2,1,Reader_3_3.csv
1567,3,2,1,Reader_3_4.csv
1567,7,6,1,Reader_3_5.csv
1567,3,3,0,Reader_3_6.csv
1567,2,2,0,Reader_3_7.csv
1568,13,8,5,Reader_1_1.csv
1568,0,0,0,Reader_1_10.csv
1568,2,1,1,Reader_1_11.csv
1568,1,1,0,Reader_1_12.csv
1568,2,2,0,Reader_1_2.csv
1568,1,1,0,Reader_1_3.csv
1568,0,0,0,Reader_1_4.csv
1568,0,0,0,Reader_1_5.csv
1568,1,0,1,Reader_1_6.csv
1568,0,0,0,Reader_1_7.csv
1568,0,0,0,Reader_1_8.csv
1568,0,0,0,Reader_1_9.csv
1568,2,1,1,Reader_2_1.csv
1568,1,1,0,Reader_2_10.csv
1568,3,2,1,Reader_2_11.csv
1568,0,0,0,Reader_2_12.csv
1568,1,0,1,Reader_2_2.csv
1568,1,0,1,Reader_2_3.csv
1568,1,1,0,Reader_2_4.csv
1568,0,0,0,Reader_2_5.csv
1568,0,0,0,Reader_2_6.csv
1568,0,0,0,Reader_2_7.csv
1568,0,0,0,Reader_2_8.csv
1568,0,0,0,Reader_2_9.csv
1568,16,15,1,reader_3_1.csv
1568,19,16,3,Reader_3_2.csv
1568,4,2,2,Reader_3_3.csv
1568,4,2,2,Reader_3_4.csv
1568,9,8,1,Reader_3_5.csv
1568,3,3,0,Reader_3_6.csv
1568,2,2,0,Reader_3_7.csv
1569,14,8,6,Reader_1_1.csv
1569,0,0,0,Reader_1_10.csv
1569,2,1,1,Reader_1_11.csv
1569,2,1,1,Reader_1_12.csv
1569,2,2,0,Reader_1_2.csv
1569,3,2,1,Reader_1_3.csv
1569,0,0,0,Reader_1_4.csv
1569,1,1,0,Reader_1_5.csv
1569,1,0,1,Reader_1_6.csv
1569,0,0,0,Reader_1_7.csv
1569,0,0,0,Reader_1_8.csv
1569,0,0,0,Reader_1_9.csv
1569,1,1,0,Reader_2_1.csv
1569,1,1,0,Reader_2_10.csv
1569,3,2,1,Reader_2_11.csv
1569,0,0,0,Reader_2_12.csv
1569,1,0,1,Reader_2_2.csv
1569,2,1,1,Reader_2_3.csv
1569,1,1,0,Reader_2_4.csv
1569,0,0,0,Reader_2_5.csv
1569,0,0,0,Reader_2_6.csv
1569,0,0,0,Reader_2_7.csv
1569,0,0,0,Reader_2_8.csv
1569,0,0,0,Reader_2_9.csv
1569,12,10,2,reader_3_1.csv
1569,17,14,3,Reader_3_2.csv
1569,4,2,2,Reader_3_3.csv
1569,4,2,2,Reader_3_4.csv
1569,8,8,0,Reader_3_5.csv
1569,3,3,0,Reader_3_6.csv
1569,3,2,1,Reader_3_7.csv
1570,15,7,8,Reader_1_1.csv
1570,0,0,0,Reader_1_10.csv
1570,2,1,1,Reader_1_11.csv
1570,2,1,1,Reader_1_12.csv
1570,2,2,0,Reader_1_2.csv
1570,2,1,1,Reader_1_3.csv
1570,0,0,0,Reader_1_4.csv
1570,1,1,0,Reader_1_5.csv
1570,1,0,1,Reader_1_6.csv
1570,0,0,0,Reader_1_7.csv
1570,0,0,0,Reader_1_8.csv
1570,0,0,0,Reader_1_9.csv
1570,1,1,0,Reader_2_1.csv
1570,1,1,0,Reader_2_10.csv
1570,2,1,1,Reader_2_11.csv
1570,0,0,0,Reader_2_12.csv
1570,1,0,1,Reader_2_2.csv
1570,1,1,0,Reader_2_3.csv
1570,1,1,0,Reader_2_4.csv
1570,0,0,0,Reader_2_5.csv
1570,0,0,0,Reader_2_6.csv
1570,0,0,0,Reader_2_7.csv
1570,0,0,0,Reader_2_8.csv
1570,0,0,0,Reader_2_9.csv
1570,11,9,2,reader_3_1.csv
1570,20,16,4,Reader_3_2.csv
1570,4,2,2,Reader_3_3.csv
1570,4,2,2,Reader_3_4.csv
1570,6,6,0,Reader_3_5.csv
1570,3,3,0,Reader_3_6.csv
1570,3,2,1,Reader_3_7.csv
1571,13,5,8,Reader_1_1.csv
1571,0,0,0,Reader_1_10.csv
1571,2,1,1,Reader_1_11.csv
1571,2,1,1,Reader_1_12.csv
1571,2,2,0,Reader_1_2.csv
1571,2,1,1,Reader_1_3.csv
1571,0,0,0,Reader_1_4.csv
1571,1,1,0,Reader_1_5.csv
1571,1,0,1,Reader_1_6.csv
1571,2,1,1,Reader_1_7.csv
1571,0,0,0,Reader_1_8.csv
1571,0,0,0,Reader_1_9.csv
1571,1,1,0,Reader_2_1.csv
1571,1,1,0,Reader_2_10.csv
1571,2,1,1,Reader_2_11.csv
1571,0,0,0,Reader_2_12.csv
1571,1,0,1,Reader_2_2.csv
1571,1,1,0,Reader_2_3.csv
1571,1,1,0,Reader_2_4.csv
1571,0,0,0,Reader_2_5.csv
1571,0,0,0,Reader_2_6.csv
1571,0,0,0,Reader_2_7.csv
1571,0,0,0,Reader_2_8.csv
1571,0,0,0,Reader_2_9.csv
1571,8,6,2,reader_3_1.csv
1571,20,16,4,Reader_3_2.csv
1571,4,2,2,Reader_3_3.csv
1571,4,2,2,Reader_3_4.csv
1571,5,5,0,Reader_3_5.csv
1571,3,3,0,Reader_3_6.csv
1571,3,2,1,Reader_3_7.csv
1572,14,6,8,Reader_1_1.csv
1572,0,0,0,Reader_1_10.csv
1572,2,1,1,Reader_1_11.csv
1572,3,2,1,Reader_1_12.csv
1572,1,1,0,Reader_1_2.csv
1572,2,1,1,Reader_1_3.csv
1572,0,0,0,Reader_1_4.csv
1572,2,2,0,Reader_1_5.csv
1572,2,1,1,Reader_1_6.csv
1572,2,1,1,Reader_1_7.csv
1572,0,0,0,Reader_1_8.csv
1572,0,0,0,Reader_1_9.csv
1572,1,1,0,Reader_2_1.csv
1572,1,1,0,Reader_2_10.csv
1572,1,0,1,Reader_2_11.csv
1572,0,0,0,Reader_2_12.csv
1572,2,1,1,Reader_2_2.csv
1572,1,1,0,Reader_2_3.csv
1572,1,1,0,Reader_2_4.csv
1572,0,0,0,Reader_2_5.csv
1572,0,0,0,Reader_2_6.csv
1572,0,0,0,Reader_2_7.csv
1572,0,0,0,Reader_2_8.csv
1572,0,0,0,Reader_2_9.csv
1572,7,5,2,reader_3_1.csv
1572,21,16,5,Reader_3_2.csv
1572,1,0,1,Reader_3_3.csv
1572,1,0,1,Reader_3_4.csv
1572,5,5,0,Reader_3_5.csv
1572,2,2,0,Reader_3_6.csv
1572,1,0,1,Reader_3_7.csv
1573,13,7,6,Reader_1_1.csv
1573,0,0,0,Reader_1_10.csv
1573,2,1,1,Reader_1_11.csv
1573,3,2,1,Reader_1_12.csv
1573,1,1,0,Reader_1_2.csv
1573,2,1,1,Reader_1_3.csv
1573,0,0,0,Reader_1_4.csv
1573,3,3,0,Reader_1_5.csv
1573,3,1,2,Reader_1_6.csv
1573,2,1,1,Reader_1_7.csv
1573,0,0,0,Reader_1_8.csv
1573,0,0,0,Reader_1_9.csv
1573,1,1,0,Reader_2_1.csv
1573,0,0,0,Reader_2_10.csv
1573,2,1,1,Reader_2_11.csv
1573,0,0,0,Reader_2_12.csv
1573,2,1,1,Reader_2_2.csv
1573,1,1,0,Reader_2_3.csv
1573,0,0,0,Reader_2_4.csv
1573,0,0,0,Reader_2_5.csv
1573,0,0,0,Reader_2_6.csv
1573,0,0,0,Reader_2_7.csv
1573,0,0,0,Reader_2_8.csv
1573,0,0,0,Reader_2_9.csv
1573,10,7,3,reader_3_1.csv
1573,17,13,4,Reader_3_2.csv
1573,1,0,1,Reader_3_3.csv
1573,1,0,1,Reader_3_4.csv
1573,5,5,0,Reader_3_5.csv
1573,2,2,0,Reader_3_6.csv
1573,1,0,1,Reader_3_7.csv
1574,12,7,5,Reader_1_1.csv
1574,0,0,0,Reader_1_10.csv
1574,1,0,1,Reader_1_11.csv
1574,3,2,1,Reader_1_12.csv
1574,1,1,0,Reader_1_2.csv
1574,2,1,1,Reader_1_3.csv
1574,0,0,0,Reader_1_4.csv
1574,3,3,0,Reader_1_5.csv
1574,3,1,2,Reader_1_6.csv
1574,2,1,1,Reader_1_7.csv
1574,0,0,0,Reader_1_8.csv
1574,0,0,0,Reader_1_9.csv
1574,1,1,0,Reader_2_1.csv
1574,0,0,0,Reader_2_10.csv
1574,1,1,0,Reader_2_11.csv
1574,0,0,0,Reader_2_12.csv
1574,2,1,1,Reader_2_2.csv
1574,1,1,0,Reader_2_3.csv
1574,0,0,0,Reader_2_4.csv
1574,0,0,0,Reader_2_5.csv
1574,0,0,0,Reader_2_6.csv
1574,0,0,0,Reader_2_7.csv
1574,0,0,0,Reader_2_8.csv
1574,0,0,0,Reader_2_9.csv
1574,11,8,3,reader_3_1.csv
1574,17,12,5,Reader_3_2.csv
1574,1,0,1,Reader_3_3.csv
1574,1,0,1,Reader_3_4.csv
1574,3,3,0,Reader_3_5.csv
1574,3,2,1,Reader_3_6.csv
1574,1,0,1,Reader_3_7.csv
1575,14,7,7,Reader_1_1.csv
1575,0,0,0,Reader_1_10.csv
1575,0,0,0,Reader_1_11.csv
1575,3,2,1,Reader_1_12.csv
1575,2,2,0,Reader_1_2.csv
1575,2,1,1,Reader_1_3.csv
1575,1,1,0,Reader_1_4.csv
1575,3,3,0,Reader_1_5.csv
1575,3,1,2,Reader_1_6.csv
1575,2,1,1,Reader_1_7.csv
1575,0,0,0,Reader_1_8.csv
1575,0,0,0,Reader_1_9.csv
1575,1,1,0,Reader_2_1.csv
1575,0,0,0,Reader_2_10.csv
1575,1,1,0,Reader_2_11.csv
1575,0,0,0,Reader_2_12.csv
1575,2,1,1,Reader_2_2.csv
1575,1,1,0,Reader_2_3.csv
1575,0,0,0,Reader_2_4.csv
1575,0,0,0,Reader_2_5.csv
1575,0,0,0,Reader_2_6.csv
1575,0,0,0,Reader_2_7.csv
1575,0,0,0,Reader_2_8.csv
1575,0,0,0,Reader_2_9.csv
1575,19,15,4,reader_3_1.csv
1575,19,13,6,Reader_3_2.csv
1575,1,0,1,Reader_3_3.csv
1575,1,0,1,Reader_3_4.csv
1575,3,3,0,Reader_3_5.csv
1575,1,0,1,Reader_3_6.csv
1575,1,0,1,Reader_3_7.csv
1576,12,6,6,Reader_1_1.csv
1576,0,0,0,Reader_1_10.csv
1576,0,0,0,Reader_1_11.csv
1576,3,2,1,Reader_1_12.csv
1576,2,2,0,Reader_1_2.csv
1576,2,1,1,Reader_1_3.csv
1576,1,1,0,Reader_1_4.csv
1576,3,3,0,Reader_1_5.csv
1576,3,1,2,Reader_1_6.csv
1576,2,1,1,Reader_1_7.csv
1576,0,0,0,Reader_1_8.csv
1576,0,0,0,Reader_1_9.csv
1576,1,1,0,Reader_2_1.csv
1576,1,1,0,Reader_2_10.csv
1576,1,1,0,Reader_2_11.csv
1576,0,0,0,Reader_2_12.csv
1576,1,1,0,Reader_2_2.csv
1576,1,1,0,Reader_2_3.csv
1576,0,0,0,Reader_2_4.csv
1576,0,0,0,Reader_2_5.csv
1576,0,0,0,Reader_2_6.csv
1576,0,0,0,Reader_2_7.csv
1576,0,0,0,Reader_2_8.csv
1576,0,0,0,Reader_2_9.csv
1576,20,15,5,reader_3_1.csv
1576,20,16,4,Reader_3_2.csv
1576,0,0,0,Reader_3_3.csv
1576,0,0,0,Reader_3_4.csv
1576,1,1,0,Reader_3_5.csv
1576,2,1,1,Reader_3_6.csv
1576,1,0,1,Reader_3_7.csv
1577,12,6,6,Reader_1_1.csv
1577,0,0,0,Reader_1_10.csv
1577,0,0,0,Reader_1_11.csv
1577,2,2,0,Reader_1_12.csv
1577,3,3,0,Reader_1_2.csv
1577,0,0,0,Reader_1_3.csv
1577,1,1,0,Reader_1_4.csv
1577,3,3,0,Reader_1_5.csv
1577,3,1,2,Reader_1_6.csv
1577,2,1,1,Reader_1_7.csv
1577,0,0,0,Reader_1_8.csv
1577,0,0,0,Reader_1_9.csv
1577,1,1,0,Reader_2_1.csv
1577,1,1,0,Reader_2_10.csv
1577,1,1,0,Reader_2_11.csv
1577,0,0,0,Reader_2_12.csv
1577,1,1,0,Reader_2_2.csv
1577,0,0,0,Reader_2_3.csv
1577,0,0,0,Reader_2_4.csv
1577,0,0,0,Reader_2_5.csv
1577,0,0,0,Reader_2_6.csv
1577,0,0,0,Reader_2_7.csv
1577,0,0,0,Reader_2_8.csv
1577,0,0,0,Reader_2_9.csv
1577,22,16,6,reader_3_1.csv
1577,20,16,4,Reader_3_2.csv
1577,0,0,0,Reader_3_3.csv
1577,0,0,0,Reader_3_4.csv
1577,3,3,0,Reader_3_5.csv
1577,2,1,1,Reader_3_6.csv
1577,0,0,0,Reader_3_7.csv
1578,11,7,4,Reader_1_1.csv
1578,0,0,0,Reader_1_10.csv
1578,0,0,0,Reader_1_11.csv
1578,2,2,0,Reader_1_12.csv
1578,3,3,0,Reader_1_2.csv
1578,1,1,0,Reader_1_3.csv
1578,1,1,0,Reader_1_4.csv
1578,3,3,0,Reader_1_5.csv
1578,3,1,2,Reader_1_6.csv
1578,2,1,1,Reader_1_7.csv
1578,0,0,0,Reader_1_8.csv
1578,1,1,0,Reader_1_9.csv
1578,1,1,0,Reader_2_1.csv
1578,1,1,0,Reader_2_10.csv
1578,1,1,0,Reader_2_11.csv
1578,1,1,0,Reader_2_12.csv
1578,1,1,0,Reader_2_2.csv
1578,0,0,0,Reader_2_3.csv
1578,0,0,0,Reader_2_4.csv
1578,0,0,0,Reader_2_5.csv
1578,0,0,0,Reader_2_6.csv
1578,0,0,0,Reader_2_7.csv
1578,0,0,0,Reader_2_8.csv
1578,0,0,0,Reader_2_9.csv
1578,22,15,7,reader_3_1.csv
1578,19,16,3,Reader_3_2.csv
1578,0,0,0,Reader_3_3.csv
1578,0,0,0,Reader_3_4.csv
1578,4,4,0,Reader_3_5.csv
1578,2,1,1,Reader_3_6.csv
1578,0,0,0,Reader_3_7.csv
1579,11,8,3,Reader_1_1.csv
1579,0,0,0,Reader_1_10.csv
1579,0,0,0,Reader_1_11.csv
1579,1,1,0,Reader_1_12.csv
1579,3,3,0,Reader_1_2.csv
1579,1,1,0,Reader_1_3.csv
1579,1,1,0,Reader_1_4.csv
1579,3,3,0,Reader_1_5.csv
1579,2,1,1,Reader_1_6.csv
1579,0,0,0,Reader_1_7.csv
1579,0,0,0,Reader_1_8.csv
1579,2,2,0,Reader_1_9.csv
1579,2,2,0,Reader_2_1.csv
1579,1,1,0,Reader_2_10.csv
1579,1,1,0,Reader_2_11.csv
1579,2,1,1,Reader_2_12.csv
1579,1,1,0,Reader_2_2.csv
1579,0,0,0,Reader_2_3.csv
1579,0,0,0,Reader_2_4.csv
1579,0,0,0,Reader_2_5.csv
1579,0,0,0,Reader_2_6.csv
1579,0,0,0,Reader_2_7.csv
1579,0,0,0,Reader_2_8.csv
1579,0,0,0,Reader_2_9.csv
1579,21,14,7,reader_3_1.csv
1579,17,14,3,Reader_3_2.csv
1579,0,0,0,Reader_3_3.csv
1579,0,0,0,Reader_3_4.csv
1579,4,4,0,Reader_3_5.csv
1579,3,1,2,Reader_3_6.csv
1579,0,0,0,Reader_3_7.csv
1580,10,7,3,Reader_1_1.csv
1580,0,0,0,Reader_1_10.csv
1580,0,0,0,Reader_1_11.csv
1580,0,0,0,Reader_1_12.csv
1580,3,3,0,Reader_1_2.csv
1580,1,1,0,Reader_1_3.csv
1580,1,1,0,Reader_1_4.csv
1580,2,2,0,Reader_1_5.csv
1580,1,0,1,Reader_1_6.csv
1580,0,0,0,Reader_1_7.csv
1580,0,0,0,Reader_1_8.csv
1580,2,2,0,Reader_1_9.csv
1580,1,1,0,Reader_2_1.csv
1580,1,1,0,Reader_2_10.csv
1580,1,1,0,Reader_2_11.csv
1580,2,1,1,Reader_2_12.csv
1580,0,0,0,Reader_2_2.csv
1580,0,0,0,Reader_2_3.csv
1580,0,0,0,Reader_2_4.csv
1580,0,0,0,Reader_2_5.csv
1580,0,0,0,Reader_2_6.csv
1580,0,0,0,Reader_2_7.csv
1580,0,0,0,Reader_2_8.csv
1580,0,0,0,Reader_2_9.csv
1580,23,17,6,reader_3_1.csv
1580,19,16,3,Reader_3_2.csv
1580,0,0,0,Reader_3_3.csv
1580,0,0,0,Reader_3_4.csv
1580,4,4,0,Reader_3_5.csv
1580,3,1,2,Reader_3_6.csv
1580,0,0,0,Reader_3_7.csv
1581,9,6,3,Reader_1_1.csv
1581,0,0,0,Reader_1_10.csv
1581,0,0,0,Reader_1_11.csv
1581,0,0,0,Reader_1_12.csv
1581,3,3,0,Reader_1_2.csv
1581,1,1,0,Reader_1_3.csv
1581,1,1,0,Reader_1_4.csv
1581,1,1,0,Reader_1_5.csv
1581,0,0,0,Reader_1_6.csv
1581,1,1,0,Reader_1_7.csv
1581,0,0,0,Reader_1_8.csv
1581,2,2,0,Reader_1_9.csv
1581,1,1,0,Reader_2_1.csv
1581,1,1,0,Reader_2_10.csv
1581,0,0,0,Reader_2_11.csv
1581,2,1,1,Reader_2_12.csv
1581,0,0,0,Reader_2_2.csv
1581,0,0,0,Reader_2_3.csv
1581,0,0,0,Reader_2_4.csv
1581,0,0,0,Reader_2_5.csv
1581,0,0,0,Reader_2_6.csv
1581,0,0,0,Reader_2_7.csv
1581,0,0,0,Reader_2_8.csv
1581,0,0,0,Reader_2_9.csv
1581,20,15,5,reader_3_1.csv
1581,20,17,3,Reader_3_2.csv
1581,0,0,0,Reader_3_3.csv
1581,0,0,0,Reader_3_4.csv
1581,7,6,1,Reader_3_5.csv
1581,6,4,2,Reader_3_6.csv
1581,0,0,0,Reader_3_7.csv
1582,9,6,3,Reader_1_1.csv
1582,0,0,0,Reader_1_10.csv
1582,0,0,0,Reader_1_11.csv
1582,1,1,0,Reader_1_12.csv
1582,3,3,0,Reader_1_2.csv
1582,2,2,0,Reader_1_3.csv
1582,1,1,0,Reader_1_4.csv
1582,1,1,0,Reader_1_5.csv
1582,1,1,0,Reader_1_6.csv
1582,1,1,0,Reader_1_7.csv
1582,0,0,0,Reader_1_8.csv
1582,2,2,0,Reader_1_9.csv
1582,3,3,0,Reader_2_1.csv
1582,1,1,0,Reader_2_10.csv
1582,0,0,0,Reader_2_11.csv
1582,3,1,2,Reader_2_12.csv
1582,0,0,0,Reader_2_2.csv
1582,0,0,0,Reader_2_3.csv
1582,0,0,0,Reader_2_4.csv
1582,0,0,0,Reader_2_5.csv
1582,0,0,0,Reader_2_6.csv
1582,0,0,0,Reader_2_7.csv
1582,0,0,0,Reader_2_8.csv
1582,1,1,0,Reader_2_9.csv
1582,20,15,5,reader_3_1.csv
1582,20,16,4,Reader_3_2.csv
1582,0,0,0,Reader_3_3.csv
1582,0,0,0,Reader_3_4.csv
1582,9,8,1,Reader_3_5.csv
1582,6,5,1,Reader_3_6.csv
1582,0,0,0,Reader_3_7.csv
1583,8,6,2,Reader_1_1.csv
1583,0,0,0,Reader_1_10.csv
1583,0,0,0,Reader_1_11.csv
1583,1,1,0,Reader_1_12.csv
1583,2,2,0,Reader_1_2.csv
1583,3,3,0,Reader_1_3.csv
1583,0,0,0,Reader_1_4.csv
1583,2,2,0,Reader_1_5.csv
1583,2,2,0,Reader_1_6.csv
1583,2,2,0,Reader_1_7.csv
1583,0,0,0,Reader_1_8.csv
1583,2,2,0,Reader_1_9.csv
1583,3,3,0,Reader_2_1.csv
1583,1,1,0,Reader_2_10.csv
1583,0,0,0,Reader_2_11.csv
1583,3,1,2,Reader_2_12.csv
1583,0,0,0,Reader_2_2.csv
1583,0,0,0,Reader_2_3.csv
1583,0,0,0,Reader_2_4.csv
1583,0,0,0,Reader_2_5.csv
1583,0,0,0,Reader_2_6.csv
1583,0,0,0,Reader_2_7.csv
1583,0,0,0,Reader_2_8.csv
1583,1,1,0,Reader_2_9.csv
1583,11,7,4,reader_3_1.csv
1583,20,16,4,Reader_3_2.csv
1583,0,0,0,Reader_3_3.csv
1583,0,0,0,Reader_3_4.csv
1583,9,8,1,Reader_3_5.csv
1583,6,5,1,Reader_3_6.csv
1583,0,0,0,Reader_3_7.csv
1584,9,6,3,Reader_1_1.csv
1584,0,0,0,Reader_1_10.csv
1584,0,0,0,Reader_1_11.csv
1584,1,1,0,Reader_1_12.csv
1584,1,1,0,Reader_1_2.csv
1584,4,4,0,Reader_1_3.csv
1584,0,0,0,Reader_1_4.csv
1584,2,2,0,Reader_1_5.csv
1584,2,2,0,Reader_1_6.csv
1584,2,2,0,Reader_1_7.csv
1584,0,0,0,Reader_1_8.csv
1584,2,2,0,Reader_1_9.csv
1584,3,3,0,Reader_2_1.csv
1584,0,0,0,Reader_2_10.csv
1584,0,0,0,Reader_2_11.csv
1584,4,2,2,Reader_2_12.csv
1584,0,0,0,Reader_2_2.csv
1584,0,0,0,Reader_2_3.csv
1584,0,0,0,Reader_2_4.csv
1584,0,0,0,Reader_2_5.csv
1584,0,0,0,Reader_2_6.csv
1584,0,0,0,Reader_2_7.csv
1584,0,0,0,Reader_2_8.csv
1584,2,2,0,Reader_2_9.csv
1584,14,11,3,reader_3_1.csv
1584,20,16,4,Reader_3_2.csv
1584,0,0,0,Reader_3_3.csv
1584,0,0,0,Reader_3_4.csv
1584,10,9,1,Reader_3_5.csv
1584,6,5,1,Reader_3_6.csv
1584,0,0,0,Reader_3_7.csv
1585,8,6,2,Reader_1_1.csv
1585,0,0,0,Reader_1_10.csv
1585,0,0,0,Reader_1_11.csv
1585,1,1,0,Reader_1_12.csv
1585,1,1,0,Reader_1_2.csv
1585,5,5,0,Reader_1_3.csv
1585,0,0,0,Reader_1_4.csv
1585,1,1,0,Reader_1_5.csv
1585,2,2,0,Reader_1_6.csv
1585,2,2,0,Reader_1_7.csv
1585,0,0,0,Reader_1_8.csv
1585,2,2,0,Reader_1_9.csv
1585,3,3,0,Reader_2_1.csv
1585,0,0,0,Reader_2_10.csv
1585,0,0,0,Reader_2_11.csv
1585,7,5,2,Reader_2_12.csv
1585,0,0,0,Reader_2_2.csv
1585,0,0,0,Reader_2_3.csv
1585,0,0,0,Reader_2_4.csv
1585,0,0,0,Reader_2_5.csv
1585,0,0,0,Reader_2_6.csv
1585,0,0,0,Reader_2_7.csv
1585,0,0,0,Reader_2_8.csv
1585,2,2,0,Reader_2_9.csv
1585,13,12,1,reader_3_1.csv
1585,24,19,5,Reader_3_2.csv
1585,0,0,0,Reader_3_3.csv
1585,0,0,0,Reader_3_4.csv
1585,8,7,1,Reader_3_5.csv
1585,7,6,1,Reader_3_6.csv
1585,0,0,0,Reader_3_7.csv
1586,7,4,3,Reader_1_1.csv
1586,0,0,0,Reader_1_10.csv
1586,0,0,0,Reader_1_11.csv
1586,2,2,0,Reader_1_12.csv
1586,2,2,0,Reader_1_2.csv
1586,4,4,0,Reader_1_3.csv
1586,0,0,0,Reader_1_4.csv
1586,2,2,0,Reader_1_5.csv
1586,3,3,0,Reader_1_6.csv
1586,3,3,0,Reader_1_7.csv
1586,0,0,0,Reader_1_8.csv
1586,1,1,0,Reader_1_9.csv
1586,3,3,0,Reader_2_1.csv
1586,0,0,0,Reader_2_10.csv
1586,0,0,0,Reader_2_11.csv
1586,7,5,2,Reader_2_12.csv
1586,0,0,0,Reader_2_2.csv
1586,0,0,0,Reader_2_3.csv
1586,0,0,0,Reader_2_4.csv
1586,0,0,0,Reader_2_5.csv
1586,0,0,0,Reader_2_6.csv
1586,0,0,0,Reader_2_7.csv
1586,0,0,0,Reader_2_8.csv
1586,3,3,0,Reader_2_9.csv
1586,14,14,0,reader_3_1.csv
1586,22,17,5,Reader_3_2.csv
1586,0,0,0,Reader_3_3.csv
1586,0,0,0,Reader_3_4.csv
1586,8,7,1,Reader_3_5.csv
1586,7,6,1,Reader_3_6.csv
1586,0,0,0,Reader_3_7.csv
1587,7,4,3,Reader_1_1.csv
1587,0,0,0,Reader_1_10.csv
1587,0,0,0,Reader_1_11.csv
1587,2,2,0,Reader_1_12.csv
1587,2,2,0,Reader_1_2.csv
1587,5,5,0,Reader_1_3.csv
1587,0,0,0,Reader_1_4.csv
1587,2,2,0,Reader_1_5.csv
1587,3,3,0,Reader_1_6.csv
1587,3,3,0,Reader_1_7.csv
1587,0,0,0,Reader_1_8.csv
1587,0,0,0,Reader_1_9.csv
1587,3,3,0,Reader_2_1.csv
1587,0,0,0,Reader_2_10.csv
1587,0,0,0,Reader_2_11.csv
1587,6,5,1,Reader_2_12.csv
1587,1,1,0,Reader_2_2.csv
1587,1,0,1,Reader_2_3.csv
1587,0,0,0,Reader_2_4.csv
1587,0,0,0,Reader_2_5.csv
1587,0,0,0,Reader_2_6.csv
1587,0,0,0,Reader_2_7.csv
1587,0,0,0,Reader_2_8.csv
1587,3,3,0,Reader_2_9.csv
1587,17,17,0,reader_3_1.csv
1587,25,20,5,Reader_3_2.csv
1587,0,0,0,Reader_3_3.csv
1587,0,0,0,Reader_3_4.csv
1587,8,7,1,Reader_3_5.csv
1587,6,6,0,Reader_3_6.csv
1587,0,0,0,Reader_3_7.csv
1588,7,4,3,Reader_1_1.csv
1588,0,0,0,Reader_1_10.csv
1588,0,0,0,Reader_1_11.csv
1588,2,2,0,Reader_1_12.csv
1588,2,2,0,Reader_1_2.csv
1588,6,6,0,Reader_1_3.csv
1588,0,0,0,Reader_1_4.csv
1588,2,2,0,Reader_1_5.csv
1588,3,3,0,Reader_1_6.csv
1588,6,6,0,Reader_1_7.csv
1588,0,0,0,Reader_1_8.csv
1588,0,0,0,Reader_1_9.csv
1588,3,3,0,Reader_2_1.csv
1588,0,0,0,Reader_2_10.csv
1588,0,0,0,Reader_2_11.csv
1588,6,5,1,Reader_2_12.csv
1588,1,1,0,Reader_2_2.csv
1588,1,0,1,Reader_2_3.csv
1588,0,0,0,Reader_2_4.csv
1588,0,0,0,Reader_2_5.csv
1588,0,0,0,Reader_2_6.csv
1588,0,0,0,Reader_2_7.csv
1588,0,0,0,Reader_2_8.csv
1588,3,3,0,Reader_2_9.csv
1588,15,14,1,reader_3_1.csv
1588,23,19,4,Reader_3_2.csv
1588,0,0,0,Reader_3_3.csv
1588,0,0,0,Reader_3_4.csv
1588,9,8,1,Reader_3_5.csv
1588,6,6,0,Reader_3_6.csv
1588,0,0,0,Reader_3_7.csv
1589,7,4,3,Reader_1_1.csv
1589,0,0,0,Reader_1_10.csv
1589,0,0,0,Reader_1_11.csv
1589,2,2,0,Reader_1_12.csv
1589,2,2,0,Reader_1_2.csv
1589,8,8,0,Reader_1_3.csv
1589,0,0,0,Reader_1_4.csv
1589,2,2,0,Reader_1_5.csv
1589,3,3,0,Reader_1_6.csv
1589,7,7,0,Reader_1_7.csv
1589,0,0,0,Reader_1_8.csv
1589,0,0,0,Reader_1_9.csv
1589,3,3,0,Reader_2_1.csv
1589,0,0,0,Reader_2_10.csv
1589,0,0,0,Reader_2_11.csv
1589,6,5,1,Reader_2_12.csv
1589,1,1,0,Reader_2_2.csv
1589,1,0,1,Reader_2_3.csv
1589,0,0,0,Reader_2_4.csv
1589,0,0,0,Reader_2_5.csv
1589,0,0,0,Reader_2_6.csv
1589,0,0,0,Reader_2_7.csv
1589,0,0,0,Reader_2_8.csv
1589,3,3,0,Reader_2_9.csv
1589,18,16,2,reader_3_1.csv
1589,25,21,4,Reader_3_2.csv
1589,0,0,0,Reader_3_3.csv
1589,0,0,0,Reader_3_4.csv
1589,6,6,0,Reader_3_5.csv
1589,4,3,1,Reader_3_6.csv
1589,0,0,0,Reader_3_7.csv
1590,8,5,3,Reader_1_1.csv
1590,0,0,0,Reader_1_10.csv
1590,0,0,0,Reader_1_11.csv
1590,1,1,0,Reader_1_12.csv
1590,2,2,0,Reader_1_2.csv
1590,7,7,0,Reader_1_3.csv
1590,0,0,0,Reader_1_4.csv
1590,2,2,0,Reader_1_5.csv
1590,2,2,0,Reader_1_6.csv
1590,8,8,0,Reader_1_7.csv
1590,1,1,0,Reader_1_8.csv
1590,0,0,0,Reader_1_9.csv
1590,1,1,0,Reader_2_1.csv
1590,0,0,0,Reader_2_10.csv
1590,0,0,0,Reader_2_11.csv
1590,5,5,0,Reader_2_12.csv
1590,1,1,0,Reader_2_2.csv
1590,1,0,1,Reader_2_3.csv
1590,0,0,0,Reader_2_4.csv
1590,0,0,0,Reader_2_5.csv
1590,0,0,0,Reader_2_6.csv
1590,0,0,0,Reader_2_7.csv
1590,0,0,0,Reader_2_8.csv
1590,2,2,0,Reader_2_9.csv
1590,21,18,3,reader_3_1.csv
1590,24,22,2,Reader_3_2.csv
1590,0,0,0,Reader_3_3.csv
1590,0,0,0,Reader_3_4.csv
1590,4,4,0,Reader_3_5.csv
1590,4,3,1,Reader_3_6.csv
1590,1,1,0,Reader_3_7.csv
1591,7,5,2,Reader_1_1.csv
1591,0,0,0,Reader_1_10.csv
1591,0,0,0,Reader_1_11.csv
1591,1,1,0,Reader_1_12.csv
1591,2,2,0,Reader_1_2.csv
1591,8,8,0,Reader_1_3.csv
1591,0,0,0,Reader_1_4.csv
1591,1,1,0,Reader_1_5.csv
1591,1,1,0,Reader_1_6.csv
1591,8,8,0,Reader_1_7.csv
1591,1,1,0,Reader_1_8.csv
1591,1,1,0,Reader_1_9.csv
1591,1,1,0,Reader_2_1.csv
1591,0,0,0,Reader_2_10.csv
1591,0,0,0,Reader_2_11.csv
1591,5,5,0,Reader_2_12.csv
1591,1,1,0,Reader_2_2.csv
1591,1,0,1,Reader_2_3.csv
1591,0,0,0,Reader_2_4.csv
1591,0,0,0,Reader_2_5.csv
1591,0,0,0,Reader_2_6.csv
1591,0,0,0,Reader_2_7.csv
1591,0,0,0,Reader_2_8.csv
1591,2,2,0,Reader_2_9.csv
1591,22,19,3,reader_3_1.csv
1591,23,21,2,Reader_3_2.csv
1591,0,0,0,Reader_3_3.csv
1591,0,0,0,Reader_3_4.csv
1591,4,3,1,Reader_3_5.csv
1591,5,4,1,Reader_3_6.csv
1591,1,1,0,Reader_3_7.csv
1592,8,5,3,Reader_1_1.csv
1592,0,0,0,Reader_1_10.csv
1592,0,0,0,Reader_1_11.csv
1592,1,1,0,Reader_1_12.csv
1592,2,2,0,Reader_1_2.csv
1592,7,7,0,Reader_1_3.csv
1592,0,0,0,Reader_1_4.csv
1592,1,1,0,Reader_1_5.csv
1592,1,1,0,Reader_1_6.csv
1592,9,9,0,Reader_1_7.csv
1592,1,1,0,Reader_1_8.csv
1592,1,1,0,Reader_1_9.csv
1592,1,1,0,Reader_2_1.csv
1592,0,0,0,Reader_2_10.csv
1592,0,0,0,Reader_2_11.csv
1592,4,4,0,Reader_2_12.csv
1592,1,1,0,Reader_2_2.csv
1592,1,0,1,Reader_2_3.csv
1592,1,1,0,Reader_2_4.csv
1592,0,0,0,Reader_2_5.csv
1592,0,0,0,Reader_2_6.csv
1592,0,0,0,Reader_2_7.csv
1592,0,0,0,Reader_2_8.csv
1592,1,1,0,Reader_2_9.csv
1592,20,17,3,reader_3_1.csv
1592,24,22,2,Reader_3_2.csv
1592,0,0,0,Reader_3_3.csv
1592,0,0,0,Reader_3_4.csv
1592,5,3,2,Reader_3_5.csv
1592,5,4,1,Reader_3_6.csv
1592,1,1,0,Reader_3_7.csv
1593,8,4,4,Reader_1_1.csv
1593,0,0,0,Reader_1_10.csv
1593,0,0,0,Reader_1_11.csv
1593,1,1,0,Reader_1_12.csv
1593,1,1,0,Reader_1_2.csv
1593,6,6,0,Reader_1_3.csv
1593,0,0,0,Reader_1_4.csv
1593,2,2,0,Reader_1_5.csv
1593,1,1,0,Reader_1_6.csv
1593,9,9,0,Reader_1_7.csv
1593,2,2,0,Reader_1_8.csv
1593,1,1,0,Reader_1_9.csv
1593,2,2,0,Reader_2_1.csv
1593,0,0,0,Reader_2_10.csv
1593,0,0,0,Reader_2_11.csv
1593,1,1,0,Reader_2_12.csv
1593,1,1,0,Reader_2_2.csv
1593,1,0,1,Reader_2_3.csv
1593,1,1,0,Reader_2_4.csv
1593,0,0,0,Reader_2_5.csv
1593,0,0,0,Reader_2_6.csv
1593,0,0,0,Reader_2_7.csv
1593,0,0,0,Reader_2_8.csv
1593,1,1,0,Reader_2_9.csv
1593,18,15,3,reader_3_1.csv
1593,20,19,1,Reader_3_2.csv
1593,0,0,0,Reader_3_3.csv
1593,0,0,0,Reader_3_4.csv
1593,5,3,2,Reader_3_5.csv
1593,4,3,1,Reader_3_6.csv
1593,1,1,0,Reader_3_7.csv
1594,9,5,4,Reader_1_1.csv
1594,0,0,0,Reader_1_10.csv
1594,0,0,0,Reader_1_11.csv
1594,1,1,0,Reader_1_12.csv
1594,0,0,0,Reader_1_2.csv
1594,6,6,0,Reader_1_3.csv
1594,0,0,0,Reader_1_4.csv
1594,2,2,0,Reader_1_5.csv
1594,0,0,0,Reader_1_6.csv
1594,8,8,0,Reader_1_7.csv
1594,2,2,0,Reader_1_8.csv
1594,1,1,0,Reader_1_9.csv
1594,2,2,0,Reader_2_1.csv
1594,1,1,0,Reader_2_10.csv
1594,0,0,0,Reader_2_11.csv
1594,1,1,0,Reader_2_12.csv
1594,1,1,0,Reader_2_2.csv
1594,1,0,1,Reader_2_3.csv
1594,1,1,0,Reader_2_4.csv
1594,0,0,0,Reader_2_5.csv
1594,0,0,0,Reader_2_6.csv
1594,0,0,0,Reader_2_7.csv
1594,0,0,0,Reader_2_8.csv
1594,0,0,0,Reader_2_9.csv
1594,20,16,4,reader_3_1.csv
1594,25,22,3,Reader_3_2.csv
1594,0,0,0,Reader_3_3.csv
1594,0,0,0,Reader_3_4.csv
1594,4,2,2,Reader_3_5.csv
1594,4,3,1,Reader_3_6.csv
1594,1,1,0,Reader_3_7.csv
1595,9,4,5,Reader_1_1.csv
1595,0,0,0,Reader_1_10.csv
1595,0,0,0,Reader_1_11.csv
1595,2,2,0,Reader_1_12.csv
1595,0,0,0,Reader_1_2.csv
1595,5,5,0,Reader_1_3.csv
1595,1,1,0,Reader_1_4.csv
1595,2,2,0,Reader_1_5.csv
1595,0,0,0,Reader_1_6.csv
1595,8,8,0,Reader_1_7.csv
1595,2,2,0,Reader_1_8.csv
1595,1,1,0,Reader_1_9.csv
1595,1,1,0,Reader_2_1.csv
1595,1,1,0,Reader_2_10.csv
1595,0,0,0,Reader_2_11.csv
1595,2,1,1,Reader_2_12.csv
1595,0,0,0,Reader_2_2.csv
1595,0,0,0,Reader_2_3.csv
1595,1,1,0,Reader_2_4.csv
1595,0,0,0,Reader_2_5.csv
1595,0,0,0,Reader_2_6.csv
1595,0,0,0,Reader_2_7.csv
1595,0,0,0,Reader_2_8.csv
1595,0,0,0,Reader_2_9.csv
1595,19,14,5,reader_3_1.csv
1595,25,22,3,Reader_3_2.csv
1595,0,0,0,Reader_3_3.csv
1595,0,0,0,Reader_3_4.csv
1595,4,2,2,Reader_3_5.csv
1595,5,4,1,Reader_3_6.csv
1595,1,1,0,Reader_3_7.csv
1596,9,4,5,Reader_1_1.csv
1596,0,0,0,Reader_1_10.csv
1596,1,1,0,Reader_1_11.csv
1596,2,2,0,Reader_1_12.csv
1596,0,0,0,Reader_1_2.csv
1596,4,4,0,Reader_1_3.csv
1596,2,2,0,Reader_1_4.csv
1596,2,2,0,Reader_1_5.csv
1596,0,0,0,Reader_1_6.csv
1596,8,7,1,Reader_1_7.csv
1596,2,2,0,Reader_1_8.csv
1596,1,1,0,Reader_1_9.csv
1596,1,1,0,Reader_2_1.csv
1596,2,2,0,Reader_2_10.csv
1596,0,0,0,Reader_2_11.csv
1596,2,1,1,Reader_2_12.csv
1596,0,0,0,Reader_2_2.csv
1596,0,0,0,Reader_2_3.csv
1596,1,1,0,Reader_2_4.csv
1596,0,0,0,Reader_2_5.csv
1596,0,0,0,Reader_2_6.csv
1596,0,0,0,Reader_2_7.csv
1596,0,0,0,Reader_2_8.csv
1596,0,0,0,Reader_2_9.csv
1596,21,15,6,reader_3_1.csv
1596,24,20,4,Reader_3_2.csv
1596,0,0,0,Reader_3_3.csv
1596,0,0,0,Reader_3_4.csv
1596,3,1,2,Reader_3_5.csv
1596,6,5,1,Reader_3_6.csv
1596,2,1,1,Reader_3_7.csv
1597,9,4,5,Reader_1_1.csv
1597,0,0,0,Reader_1_10.csv
1597,1,1,0,Reader_1_11.csv
1597,2,2,0,Reader_1_12.csv
1597,0,0,0,Reader_1_2.csv
1597,3,3,0,Reader_1_3.csv
1597,2,2,0,Reader_1_4.csv
1597,3,3,0,Reader_1_5.csv
1597,1,1,0,Reader_1_6.csv
1597,7,6,1,Reader_1_7.csv
1597,2,2,0,Reader_1_8.csv
1597,1,1,0,Reader_1_9.csv
1597,1,1,0,Reader_2_1.csv
1597,2,2,0,Reader_2_10.csv
1597,0,0,0,Reader_2_11.csv
1597,2,1,1,Reader_2_12.csv
1597,0,0,0,Reader_2_2.csv
1597,0,0,0,Reader_2_3.csv
1597,1,1,0,Reader_2_4.csv
1597,0,0,0,Reader_2_5.csv
1597,0,0,0,Reader_2_6.csv
1597,0,0,0,Reader_2_7.csv
1597,0,0,0,Reader_2_8.csv
1597,0,0,0,Reader_2_9.csv
1597,18,13,5,reader_3_1.csv
1597,20,16,4,Reader_3_2.csv
1597,0,0,0,Reader_3_3.csv
1597,0,0,0,Reader_3_4.csv
1597,3,1,2,Reader_3_5.csv
1597,5,5,0,Reader_3_6.csv
1597,3,1,2,Reader_3_7.csv
1598,9,3,6,Reader_1_1.csv
1598,0,0,0,Reader_1_10.csv
1598,1,1,0,Reader_1_11.csv
1598,3,3,0,Reader_1_12.csv
1598,0,0,0,Reader_1_2.csv
1598,3,3,0,Reader_1_3.csv
1598,2,2,0,Reader_1_4.csv
1598,4,4,0,Reader_1_5.csv
1598,1,1,0,Reader_1_6.csv
1598,6,5,1,Reader_1_7.csv
1598,1,1,0,Reader_1_8.csv
1598,1,1,0,Reader_1_9.csv
1598,1,1,0,Reader_2_1.csv
1598,2,2,0,Reader_2_10.csv
1598,0,0,0,Reader_2_11.csv
1598,5,2,3,Reader_2_12.csv
1598,0,0,0,Reader_2_2.csv
1598,0,0,0,Reader_2_3.csv
1598,1,1,0,Reader_2_4.csv
1598,0,0,0,Reader_2_5.csv
1598,0,0,0,Reader_2_6.csv
1598,0,0,0,Reader_2_7.csv
1598,0,0,0,Reader_2_8.csv
1598,0,0,0,Reader_2_9.csv
1598,15,11,4,reader_3_1.csv
1598,18,14,4,Reader_3_2.csv
1598,0,0,0,Reader_3_3.csv
1598,0,0,0,Reader_3_4.csv
1598,4,2,2,Reader_3_5.csv
1598,4,4,0,Reader_3_6.csv
1598,2,0,2,Reader_3_7.csv
1599,8,2,6,Reader_1_1.csv
1599,0,0,0,Reader_1_10.csv
1599,1,1,0,Reader_1_11.csv
1599,3,3,0,Reader_1_12.csv
1599,0,0,0,Reader_1_2.csv
1599,1,1,0,Reader_1_3.csv
1599,2,2,0,Reader_1_4.csv
1599,4,4,0,Reader_1_5.csv
1599,1,1,0,Reader_1_6.csv
1599,5,4,1,Reader_1_7.csv
1599,1,1,0,Reader_1_8.csv
1599,0,0,0,Reader_1_9.csv
1599,1,1,0,Reader_2_1.csv
1599,2,2,0,Reader_2_10.csv
1599,0,0,0,Reader_2_11.csv
1599,6,2,4,Reader_2_12.csv
1599,1,1,0,Reader_2_2.csv
1599,0,0,0,Reader_2_3.csv
1599,1,1,0,Reader_2_4.csv
1599,0,0,0,Reader_2_5.csv
1599,0,0,0,Reader_2_6.csv
1599,0,0,0,Reader_2_7.csv
1599,0,0,0,Reader_2_8.csv
1599,0,0,0,Reader_2_9.csv
1599,15,11,4,reader_3_1.csv
1599,17,14,3,Reader_3_2.csv
1599,0,0,0,Reader_3_3.csv
1599,0,0,0,Reader_3_4.csv
1599,3,2,1,Reader_3_5.csv
1599,3,3,0,Reader_3_6.csv
1599,2,0,2,Reader_3_7.csv
1600,8,3,5,Reader_1_1.csv
1600,0,0,0,Reader_1_10.csv
1600,1,1,0,Reader_1_11.csv
1600,4,4,0,Reader_1_12.csv
1600,0,0,0,Reader_1_2.csv
1600,1,1,0,Reader_1_3.csv
1600,2,2,0,Reader_1_4.csv
1600,4,4,0,Reader_1_5.csv
1600,2,2,0,Reader_1_6.csv
1600,4,3,1,Reader_1_7.csv
1600,1,1,0,Reader_1_8.csv
1600,0,0,0,Reader_1_9.csv
1600,1,1,0,Reader_2_1.csv
1600,2,2,0,Reader_2_10.csv
1600,0,0,0,Reader_2_11.csv
1600,6,2,4,Reader_2_12.csv
1600,1,1,0,Reader_2_2.csv
1600,0,0,0,Reader_2_3.csv
1600,0,0,0,Reader_2_4.csv
1600,0,0,0,Reader_2_5.csv
1600,0,0,0,Reader_2_6.csv
1600,0,0,0,Reader_2_7.csv
1600,0,0,0,Reader_2_8.csv
1600,0,0,0,Reader_2_9.csv
1600,13,9,4,reader_3_1.csv
1600,14,11,3,Reader_3_2.csv
1600,0,0,0,Reader_3_3.csv
1600,0,0,0,Reader_3_4.csv
1600,1,1,0,Reader_3_5.csv
1600,2,2,0,Reader_3_6.csv
1600,2,0,2,Reader_3_7.csv
1601,7,3,4,Reader_1_1.csv
1601,0,0,0,Reader_1_10.csv
1601,1,1,0,Reader_1_11.csv
1601,6,5,1,Reader_1_12.csv
1601,0,0,0,Reader_1_2.csv
1601,1,1,0,Reader_1_3.csv
1601,2,2,0,Reader_1_4.csv
1601,4,4,0,Reader_1_5.csv
1601,2,2,0,Reader_1_6.csv
1601,5,3,2,Reader_1_7.csv
1601,1,0,1,Reader_1_8.csv
1601,0,0,0,Reader_1_9.csv
1601,0,0,0,Reader_2_1.csv
1601,2,2,0,Reader_2_10.csv
1601,0,0,0,Reader_2_11.csv
1601,6,2,4,Reader_2_12.csv
1601,2,2,0,Reader_2_2.csv
1601,0,0,0,Reader_2_3.csv
1601,0,0,0,Reader_2_4.csv
1601,0,0,0,Reader_2_5.csv
1601,0,0,0,Reader_2_6.csv
1601,0,0,0,Reader_2_7.csv
1601,0,0,0,Reader_2_8.csv
1601,0,0,0,Reader_2_9.csv
1601,14,9,5,reader_3_1.csv
1601,12,9,3,Reader_3_2.csv
1601,0,0,0,Reader_3_3.csv
1601,0,0,0,Reader_3_4.csv
1601,2,2,0,Reader_3_5.csv
1601,3,3,0,Reader_3_6.csv
1601,2,0,2,Reader_3_7.csv
1602,6,3,3,Reader_1_1.csv
1602,0,0,0,Reader_1_10.csv
1602,2,2,0,Reader_1_11.csv
1602,5,4,1,Reader_1_12.csv
1602,0,0,0,Reader_1_2.csv
1602,1,1,0,Reader_1_3.csv
1602,2,2,0,Reader_1_4.csv
1602,3,3,0,Reader_1_5.csv
1602,2,2,0,Reader_1_6.csv
1602,5,3,2,Reader_1_7.csv
1602,1,0,1,Reader_1_8.csv
1602,0,0,0,Reader_1_9.csv
1602,0,0,0,Reader_2_1.csv
1602,1,1,0,Reader_2_10.csv
1602,0,0,0,Reader_2_11.csv
1602,5,1,4,Reader_2_12.csv
1602,2,2,0,Reader_2_2.csv
1602,0,0,0,Reader_2_3.csv
1602,0,0,0,Reader_2_4.csv
1602,0,0,0,Reader_2_5.csv
1602,0,0,0,Reader_2_6.csv
1602,0,0,0,Reader_2_7.csv
1602,0,0,0,Reader_2_8.csv
1602,0,0,0,Reader_2_9.csv
1602,11,7,4,reader_3_1.csv
1602,8,7,1,Reader_3_2.csv
1602,0,0,0,Reader_3_3.csv
1602,0,0,0,Reader_3_4.csv
1602,2,2,0,Reader_3_5.csv
1602,3,3,0,Reader_3_6.csv
1602,2,0,2,Reader_3_7.csv
1603,5,3,2,Reader_1_1.csv
1603,0,0,0,Reader_1_10.csv
1603,2,2,0,Reader_1_11.csv
1603,4,3,1,Reader_1_12.csv
1603,0,0,0,Reader_1_2.csv
1603,1,1,0,Reader_1_3.csv
1603,1,1,0,Reader_1_4.csv
1603,3,3,0,Reader_1_5.csv
1603,3,3,0,Reader_1_6.csv
1603,7,5,2,Reader_1_7.csv
1603,1,0,1,Reader_1_8.csv
1603,1,1,0,Reader_1_9.csv
1603,0,0,0,Reader_2_1.csv
1603,1,1,0,Reader_2_10.csv
1603,1,1,0,Reader_2_11.csv
1603,5,1,4,Reader_2_12.csv
1603,2,2,0,Reader_2_2.csv
1603,0,0,0,Reader_2_3.csv
1603,0,0,0,Reader_2_4.csv
1603,0,0,0,Reader_2_5.csv
1603,0,0,0,Reader_2_6.csv
1603,0,0,0,Reader_2_7.csv
1603,0,0,0,Reader_2_8.csv
1603,0,0,0,Reader_2_9.csv
1603,10,7,3,reader_3_1.csv
1603,6,5,1,Reader_3_2.csv
1603,0,0,0,Reader_3_3.csv
1603,0,0,0,Reader_3_4.csv
1603,2,2,0,Reader_3_5.csv
1603,2,2,0,Reader_3_6.csv
1603,2,0,2,Reader_3_7.csv
1604,5,3,2,Reader_1_1.csv
1604,0,0,0,Reader_1_10.csv
1604,2,1,1,Reader_1_11.csv
1604,4,3,1,Reader_1_12.csv
1604,1,1,0,Reader_1_2.csv
1604,1,1,0,Reader_1_3.csv
1604,0,0,0,Reader_1_4.csv
1604,3,3,0,Reader_1_5.csv
1604,3,3,0,Reader_1_6.csv
1604,4,3,1,Reader_1_7.csv
1604,1,0,1,Reader_1_8.csv
1604,2,2,0,Reader_1_9.csv
1604,0,0,0,Reader_2_1.csv
1604,0,0,0,Reader_2_10.csv
1604,1,1,0,Reader_2_11.csv
1604,5,1,4,Reader_2_12.csv
1604,2,2,0,Reader_2_2.csv
1604,0,0,0,Reader_2_3.csv
1604,0,0,0,Reader_2_4.csv
1604,0,0,0,Reader_2_5.csv
1604,0,0,0,Reader_2_6.csv
1604,0,0,0,Reader_2_7.csv
1604,0,0,0,Reader_2_8.csv
1604,0,0,0,Reader_2_9.csv
1604,7,6,1,reader_3_1.csv
1604,5,5,0,Reader_3_2.csv
1604,0,0,0,Reader_3_3.csv
1604,0,0,0,Reader_3_4.csv
1604,2,2,0,Reader_3_5.csv
1604,1,1,0,Reader_3_6.csv
1604,1,0,1,Reader_3_7.csv
1605,6,2,4,Reader_1_1.csv
1605,0,0,0,Reader_1_10.csv
1605,2,1,1,Reader_1_11.csv
1605,4,3,1,Reader_1_12.csv
1605,1,1,0,Reader_1_2.csv
1605,0,0,0,Reader_1_3.csv
1605,0,0,0,Reader_1_4.csv
1605,2,2,0,Reader_1_5.csv
1605,3,3,0,Reader_1_6.csv
1605,3,2,1,Reader_1_7.csv
1605,1,0,1,Reader_1_8.csv
1605,2,2,0,Reader_1_9.csv
1605,0,0,0,Reader_2_1.csv
1605,0,0,0,Reader_2_10.csv
1605,1,1,0,Reader_2_11.csv
1605,5,1,4,Reader_2_12.csv
1605,2,2,0,Reader_2_2.csv
1605,0,0,0,Reader_2_3.csv
1605,0,0,0,Reader_2_4.csv
1605,0,0,0,Reader_2_5.csv
1605,0,0,0,Reader_2_6.csv
1605,0,0,0,Reader_2_7.csv
1605,0,0,0,Reader_2_8.csv
1605,0,0,0,Reader_2_9.csv
1605,6,5,1,reader_3_1.csv
1605,5,5,0,Reader_3_2.csv
1605,0,0,0,Reader_3_3.csv
1605,0,0,0,Reader_3_4.csv
1605,2,2,0,Reader_3_5.csv
1605,1,1,0,Reader_3_6.csv
1605,0,0,0,Reader_3_7.csv
1606,6,3,3,Reader_1_1.csv
1606,0,0,0,Reader_1_10.csv
1606,2,1,1,Reader_1_11.csv
1606,3,2,1,Reader_1_12.csv
1606,1,1,0,Reader_1_2.csv
1606,0,0,0,Reader_1_3.csv
1606,1,1,0,Reader_1_4.csv
1606,1,1,0,Reader_1_5.csv
1606,4,3,1,Reader_1_6.csv
1606,3,2,1,Reader_1_7.csv
1606,1,0,1,Reader_1_8.csv
1606,2,2,0,Reader_1_9.csv
1606,0,0,0,Reader_2_1.csv
1606,0,0,0,Reader_2_10.csv
1606,1,1,0,Reader_2_11.csv
1606,2,0,2,Reader_2_12.csv
1606,2,2,0,Reader_2_2.csv
1606,0,0,0,Reader_2_3.csv
1606,0,0,0,Reader_2_4.csv
1606,0,0,0,Reader_2_5.csv
1606,0,0,0,Reader_2_6.csv
1606,0,0,0,Reader_2_7.csv
1606,0,0,0,Reader_2_8.csv
1606,0,0,0,Reader_2_9.csv
1606,6,5,1,reader_3_1.csv
1606,5,5,0,Reader_3_2.csv
1606,0,0,0,Reader_3_3.csv
1606,0,0,0,Reader_3_4.csv
1606,1,1,0,Reader_3_5.csv
1606,1,1,0,Reader_3_6.csv
1606,0,0,0,Reader_3_7.csv
1607,6,3,3,Reader_1_1.csv
1607,0,0,0,Reader_1_10.csv
1607,2,1,1,Reader_1_11.csv
1607,3,2,1,Reader_1_12.csv
1607,2,2,0,Reader_1_2.csv
1607,1,0,1,Reader_1_3.csv
1607,1,1,0,Reader_1_4.csv
1607,2,2,0,Reader_1_5.csv
1607,5,4,1,Reader_1_6.csv
1607,3,2,1,Reader_1_7.csv
1607,1,0,1,Reader_1_8.csv
1607,2,2,0,Reader_1_9.csv
1607,0,0,0,Reader_2_1.csv
1607,0,0,0,Reader_2_10.csv
1607,1,1,0,Reader_2_11.csv
1607,3,2,1,Reader_2_12.csv
1607,1,1,0,Reader_2_2.csv
1607,0,0,0,Reader_2_3.csv
1607,0,0,0,Reader_2_4.csv
1607,0,0,0,Reader_2_5.csv
1607,0,0,0,Reader_2_6.csv
1607,0,0,0,Reader_2_7.csv
1607,0,0,0,Reader_2_8.csv
1607,0,0,0,Reader_2_9.csv
1607,6,5,1,reader_3_1.csv
1607,5,4,1,Reader_3_2.csv
1607,0,0,0,Reader_3_3.csv
1607,0,0,0,Reader_3_4.csv
1607,1,1,0,Reader_3_5.csv
1607,2,2,0,Reader_3_6.csv
1607,0,0,0,Reader_3_7.csv
1608,4,2,2,Reader_1_1.csv
1608,0,0,0,Reader_1_10.csv
1608,2,1,1,Reader_1_11.csv
1608,2,1,1,Reader_1_12.csv
1608,2,2,0,Reader_1_2.csv
1608,1,0,1,Reader_1_3.csv
1608,1,1,0,Reader_1_4.csv
1608,3,2,1,Reader_1_5.csv
1608,4,3,1,Reader_1_6.csv
1608,4,3,1,Reader_1_7.csv
1608,2,0,2,Reader_1_8.csv
1608,2,2,0,Reader_1_9.csv
1608,0,0,0,Reader_2_1.csv
1608,0,0,0,Reader_2_10.csv
1608,1,1,0,Reader_2_11.csv
1608,3,2,1,Reader_2_12.csv
1608,1,1,0,Reader_2_2.csv
1608,0,0,0,Reader_2_3.csv
1608,0,0,0,Reader_2_4.csv
1608,0,0,0,Reader_2_5.csv
1608,0,0,0,Reader_2_6.csv
1608,0,0,0,Reader_2_7.csv
1608,0,0,0,Reader_2_8.csv
1608,0,0,0,Reader_2_9.csv
1608,9,7,2,reader_3_1.csv
1608,6,5,1,Reader_3_2.csv
1608,1,1,0,Reader_3_3.csv
1608,1,1,0,Reader_3_4.csv
1608,1,1,0,Reader_3_5.csv
1608,3,3,0,Reader_3_6.csv
1608,1,1,0,Reader_3_7.csv
1609,4,2,2,Reader_1_1.csv
1609,0,0,0,Reader_1_10.csv
1609,2,1,1,Reader_1_11.csv
1609,0,0,0,Reader_1_12.csv
1609,2,2,0,Reader_1_2.csv
1609,2,1,1,Reader_1_3.csv
1609,1,1,0,Reader_1_4.csv
1609,2,1,1,Reader_1_5.csv
1609,4,3,1,Reader_1_6.csv
1609,4,4,0,Reader_1_7.csv
1609,1,0,1,Reader_1_8.csv
1609,2,2,0,Reader_1_9.csv
1609,1,1,0,Reader_2_1.csv
1609,0,0,0,Reader_2_10.csv
1609,1,1,0,Reader_2_11.csv
1609,4,3,1,Reader_2_12.csv
1609,0,0,0,Reader_2_2.csv
1609,0,0,0,Reader_2_3.csv
1609,0,0,0,Reader_2_4.csv
1609,0,0,0,Reader_2_5.csv
1609,0,0,0,Reader_2_6.csv
1609,0,0,0,Reader_2_7.csv
1609,0,0,0,Reader_2_8.csv
1609,0,0,0,Reader_2_9.csv
1609,9,8,1,reader_3_1.csv
1609,7,6,1,Reader_3_2.csv
1609,2,1,1,Reader_3_3.csv
1609,2,1,1,Reader_3_4.csv
1609,0,0,0,Reader_3_5.csv
1609,3,3,0,Reader_3_6.csv
1609,1,1,0,Reader_3_7.csv
1610,4,1,3,Reader_1_1.csv
1610,0,0,0,Reader_1_10.csv
1610,1,0,1,Reader_1_11.csv
1610,0,0,0,Reader_1_12.csv
1610,4,4,0,Reader_1_2.csv
1610,2,1,1,Reader_1_3.csv
1610,1,1,0,Reader_1_4.csv
1610,2,1,1,Reader_1_5.csv
1610,4,3,1,Reader_1_6.csv
1610,5,5,0,Reader_1_7.csv
1610,1,0,1,Reader_1_8.csv
1610,2,2,0,Reader_1_9.csv
1610,1,1,0,Reader_2_1.csv
1610,0,0,0,Reader_2_10.csv
1610,3,3,0,Reader_2_11.csv
1610,4,3,1,Reader_2_12.csv
1610,0,0,0,Reader_2_2.csv
1610,1,0,1,Reader_2_3.csv
1610,0,0,0,Reader_2_4.csv
1610,0,0,0,Reader_2_5.csv
1610,0,0,0,Reader_2_6.csv
1610,0,0,0,Reader_2_7.csv
1610,0,0,0,Reader_2_8.csv
1610,0,0,0,Reader_2_9.csv
1610,9,8,1,reader_3_1.csv
1610,9,7,2,Reader_3_2.csv
1610,2,1,1,Reader_3_3.csv
1610,2,1,1,Reader_3_4.csv
1610,0,0,0,Reader_3_5.csv
1610,4,4,0,Reader_3_6.csv
1610,1,1,0,Reader_3_7.csv
1611,4,1,3,Reader_1_1.csv
1611,0,0,0,Reader_1_10.csv
1611,1,0,1,Reader_1_11.csv
1611,0,0,0,Reader_1_12.csv
1611,6,5,1,Reader_1_2.csv
1611,2,1,1,Reader_1_3.csv
1611,1,1,0,Reader_1_4.csv
1611,3,2,1,Reader_1_5.csv
1611,4,3,1,Reader_1_6.csv
1611,4,4,0,Reader_1_7.csv
1611,2,1,1,Reader_1_8.csv
1611,1,1,0,Reader_1_9.csv
1611,2,2,0,Reader_2_1.csv
1611,0,0,0,Reader_2_10.csv
1611,2,2,0,Reader_2_11.csv
1611,4,3,1,Reader_2_12.csv
1611,0,0,0,Reader_2_2.csv
1611,1,0,1,Reader_2_3.csv
1611,0,0,0,Reader_2_4.csv
1611,0,0,0,Reader_2_5.csv
1611,0,0,0,Reader_2_6.csv
1611,0,0,0,Reader_2_7.csv
1611,0,0,0,Reader_2_8.csv
1611,0,0,0,Reader_2_9.csv
1611,9,8,1,reader_3_1.csv
1611,8,6,2,Reader_3_2.csv
1611,2,1,1,Reader_3_3.csv
1611,2,1,1,Reader_3_4.csv
1611,1,1,0,Reader_3_5.csv
1611,4,4,0,Reader_3_6.csv
1611,1,1,0,Reader_3_7.csv
1612,4,1,3,Reader_1_1.csv
1612,0,0,0,Reader_1_10.csv
1612,0,0,0,Reader_1_11.csv
1612,2,2,0,Reader_1_12.csv
1612,5,4,1,Reader_1_2.csv
1612,2,1,1,Reader_1_3.csv
1612,2,1,1,Reader_1_4.csv
1612,4,2,2,Reader_1_5.csv
1612,4,3,1,Reader_1_6.csv
1612,4,4,0,Reader_1_7.csv
1612,3,2,1,Reader_1_8.csv
1612,1,1,0,Reader_1_9.csv
1612,2,2,0,Reader_2_1.csv
1612,0,0,0,Reader_2_10.csv
1612,4,2,2,Reader_2_11.csv
1612,4,3,1,Reader_2_12.csv
1612,0,0,0,Reader_2_2.csv
1612,1,0,1,Reader_2_3.csv
1612,0,0,0,Reader_2_4.csv
1612,0,0,0,Reader_2_5.csv
1612,0,0,0,Reader_2_6.csv
1612,0,0,0,Reader_2_7.csv
1612,0,0,0,Reader_2_8.csv
1612,0,0,0,Reader_2_9.csv
1612,9,8,1,reader_3_1.csv
1612,9,6,3,Reader_3_2.csv
1612,3,1,2,Reader_3_3.csv
1612,3,1,2,Reader_3_4.csv
1612,3,3,0,Reader_3_5.csv
1612,4,4,0,Reader_3_6.csv
1612,1,1,0,Reader_3_7.csv
1613,3,2,1,Reader_1_1.csv
1613,0,0,0,Reader_1_10.csv
1613,0,0,0,Reader_1_11.csv
1613,2,2,0,Reader_1_12.csv
1613,6,5,1,Reader_1_2.csv
1613,2,1,1,Reader_1_3.csv
1613,2,1,1,Reader_1_4.csv
1613,4,2,2,Reader_1_5.csv
1613,3,2,1,Reader_1_6.csv
1613,5,5,0,Reader_1_7.csv
1613,3,2,1,Reader_1_8.csv
1613,1,1,0,Reader_1_9.csv
1613,2,2,0,Reader_2_1.csv
1613,0,0,0,Reader_2_10.csv
1613,4,2,2,Reader_2_11.csv
1613,5,4,1,Reader_2_12.csv
1613,0,0,0,Reader_2_2.csv
1613,1,0,1,Reader_2_3.csv
1613,0,0,0,Reader_2_4.csv
1613,0,0,0,Reader_2_5.csv
1613,0,0,0,Reader_2_6.csv
1613,0,0,0,Reader_2_7.csv
1613,0,0,0,Reader_2_8.csv
1613,0,0,0,Reader_2_9.csv
1613,12,10,2,reader_3_1.csv
1613,9,6,3,Reader_3_2.csv
1613,4,2,2,Reader_3_3.csv
1613,4,2,2,Reader_3_4.csv
1613,5,5,0,Reader_3_5.csv
1613,4,4,0,Reader_3_6.csv
1613,1,1,0,Reader_3_7.csv
1614,2,1,1,Reader_1_1.csv
1614,0,0,0,Reader_1_10.csv
1614,0,0,0,Reader_1_11.csv
1614,2,2,0,Reader_1_12.csv
1614,7,5,2,Reader_1_2.csv
1614,2,1,1,Reader_1_3.csv
1614,1,0,1,Reader_1_4.csv
1614,5,3,2,Reader_1_5.csv
1614,2,2,0,Reader_1_6.csv
1614,5,5,0,Reader_1_7.csv
1614,3,2,1,Reader_1_8.csv
1614,1,1,0,Reader_1_9.csv
1614,2,2,0,Reader_2_1.csv
1614,0,0,0,Reader_2_10.csv
1614,4,2,2,Reader_2_11.csv
1614,5,4,1,Reader_2_12.csv
1614,0,0,0,Reader_2_2.csv
1614,1,0,1,Reader_2_3.csv
1614,0,0,0,Reader_2_4.csv
1614,0,0,0,Reader_2_5.csv
1614,0,0,0,Reader_2_6.csv
1614,0,0,0,Reader_2_7.csv
1614,0,0,0,Reader_2_8.csv
1614,0,0,0,Reader_2_9.csv
1614,11,9,2,reader_3_1.csv
1614,10,7,3,Reader_3_2.csv
1614,4,2,2,Reader_3_3.csv
1614,4,2,2,Reader_3_4.csv
1614,5,5,0,Reader_3_5.csv
1614,7,5,2,Reader_3_6.csv
1614,2,2,0,Reader_3_7.csv
1615,2,1,1,Reader_1_1.csv
1615,0,0,0,Reader_1_10.csv
1615,0,0,0,Reader_1_11.csv
1615,3,3,0,Reader_1_12.csv
1615,7,5,2,Reader_1_2.csv
1615,1,1,0,Reader_1_3.csv
1615,2,1,1,Reader_1_4.csv
1615,4,2,2,Reader_1_5.csv
1615,1,1,0,Reader_1_6.csv
1615,6,6,0,Reader_1_7.csv
1615,3,2,1,Reader_1_8.csv
1615,1,1,0,Reader_1_9.csv
1615,2,2,0,Reader_2_1.csv
1615,0,0,0,Reader_2_10.csv
1615,4,2,2,Reader_2_11.csv
1615,3,2,1,Reader_2_12.csv
1615,0,0,0,Reader_2_2.csv
1615,1,0,1,Reader_2_3.csv
1615,0,0,0,Reader_2_4.csv
1615,0,0,0,Reader_2_5.csv
1615,0,0,0,Reader_2_6.csv
1615,0,0,0,Reader_2_7.csv
1615,0,0,0,Reader_2_8.csv
1615,0,0,0,Reader_2_9.csv
1615,10,8,2,reader_3_1.csv
1615,9,7,2,Reader_3_2.csv
1615,6,3,3,Reader_3_3.csv
1615,6,3,3,Reader_3_4.csv
1615,5,5,0,Reader_3_5.csv
1615,6,4,2,Reader_3_6.csv
1615,2,2,0,Reader_3_7.csv
1616,4,3,1,Reader_1_1.csv
1616,0,0,0,Reader_1_10.csv
1616,0,0,0,Reader_1_11.csv
1616,4,3,1,Reader_1_12.csv
1616,7,5,2,Reader_1_2.csv
1616,1,1,0,Reader_1_3.csv
1616,3,1,2,Reader_1_4.csv
1616,3,2,1,Reader_1_5.csv
1616,2,2,0,Reader_1_6.csv
1616,7,7,0,Reader_1_7.csv
1616,3,2,1,Reader_1_8.csv
1616,1,1,0,Reader_1_9.csv
1616,2,2,0,Reader_2_1.csv
1616,0,0,0,Reader_2_10.csv
1616,4,2,2,Reader_2_11.csv
1616,3,2,1,Reader_2_12.csv
1616,0,0,0,Reader_2_2.csv
1616,1,0,1,Reader_2_3.csv
1616,0,0,0,Reader_2_4.csv
1616,0,0,0,Reader_2_5.csv
1616,0,0,0,Reader_2_6.csv
1616,0,0,0,Reader_2_7.csv
1616,0,0,0,Reader_2_8.csv
1616,0,0,0,Reader_2_9.csv
1616,7,6,1,reader_3_1.csv
1616,8,6,2,Reader_3_2.csv
1616,6,3,3,Reader_3_3.csv
1616,6,3,3,Reader_3_4.csv
1616,6,6,0,Reader_3_5.csv
1616,5,3,2,Reader_3_6.csv
1616,2,1,1,Reader_3_7.csv
1617,4,3,1,Reader_1_1.csv
1617,0,0,0,Reader_1_10.csv
1617,0,0,0,Reader_1_11.csv
1617,6,4,2,Reader_1_12.csv
1617,9,7,2,Reader_1_2.csv
1617,0,0,0,Reader_1_3.csv
1617,3,1,2,Reader_1_4.csv
1617,3,2,1,Reader_1_5.csv
1617,2,2,0,Reader_1_6.csv
1617,6,6,0,Reader_1_7.csv
1617,4,3,1,Reader_1_8.csv
1617,1,1,0,Reader_1_9.csv
1617,1,1,0,Reader_2_1.csv
1617,0,0,0,Reader_2_10.csv
1617,4,2,2,Reader_2_11.csv
1617,2,1,1,Reader_2_12.csv
1617,1,1,0,Reader_2_2.csv
1617,1,0,1,Reader_2_3.csv
1617,0,0,0,Reader_2_4.csv
1617,0,0,0,Reader_2_5.csv
1617,0,0,0,Reader_2_6.csv
1617,0,0,0,Reader_2_7.csv
1617,0,0,0,Reader_2_8.csv
1617,0,0,0,Reader_2_9.csv
1617,6,5,1,reader_3_1.csv
1617,7,5,2,Reader_3_2.csv
1617,5,3,2,Reader_3_3.csv
1617,5,3,2,Reader_3_4.csv
1617,6,6,0,Reader_3_5.csv
1617,4,2,2,Reader_3_6.csv
1617,2,1,1,Reader_3_7.csv
1618,4,3,1,Reader_1_1.csv
1618,0,0,0,Reader_1_10.csv
1618,0,0,0,Reader_1_11.csv
1618,6,4,2,Reader_1_12.csv
1618,7,5,2,Reader_1_2.csv
1618,0,0,0,Reader_1_3.csv
1618,3,1,2,Reader_1_4.csv
1618,3,2,1,Reader_1_5.csv
1618,3,3,0,Reader_1_6.csv
1618,6,6,0,Reader_1_7.csv
1618,5,4,1,Reader_1_8.csv
1618,1,1,0,Reader_1_9.csv
1618,1,1,0,Reader_2_1.csv
1618,0,0,0,Reader_2_10.csv
1618,3,1,2,Reader_2_11.csv
1618,4,3,1,Reader_2_12.csv
1618,1,1,0,Reader_2_2.csv
1618,0,0,0,Reader_2_3.csv
1618,0,0,0,Reader_2_4.csv
1618,0,0,0,Reader_2_5.csv
1618,0,0,0,Reader_2_6.csv
1618,0,0,0,Reader_2_7.csv
1618,0,0,0,Reader_2_8.csv
1618,0,0,0,Reader_2_9.csv
1618,5,4,1,reader_3_1.csv
1618,6,4,2,Reader_3_2.csv
1618,6,4,2,Reader_3_3.csv
1618,6,4,2,Reader_3_4.csv
1618,7,7,0,Reader_3_5.csv
1618,3,1,2,Reader_3_6.csv
1618,2,1,1,Reader_3_7.csv
1619,5,3,2,Reader_1_1.csv
1619,0,0,0,Reader_1_10.csv
1619,0,0,0,Reader_1_11.csv
1619,6,4,2,Reader_1_12.csv
1619,5,4,1,Reader_1_2.csv
1619,0,0,0,Reader_1_3.csv
1619,4,2,2,Reader_1_4.csv
1619,2,1,1,Reader_1_5.csv
1619,2,2,0,Reader_1_6.csv
1619,5,5,0,Reader_1_7.csv
1619,4,3,1,Reader_1_8.csv
1619,1,1,0,Reader_1_9.csv
1619,0,0,0,Reader_2_1.csv
1619,0,0,0,Reader_2_10.csv
1619,3,1,2,Reader_2_11.csv
1619,3,3,0,Reader_2_12.csv
1619,1,1,0,Reader_2_2.csv
1619,0,0,0,Reader_2_3.csv
1619,0,0,0,Reader_2_4.csv
1619,0,0,0,Reader_2_5.csv
1619,0,0,0,Reader_2_6.csv
1619,0,0,0,Reader_2_7.csv
1619,0,0,0,Reader_2_8.csv
1619,0,0,0,Reader_2_9.csv
1619,4,3,1,reader_3_1.csv
1619,7,5,2,Reader_3_2.csv
1619,6,4,2,Reader_3_3.csv
1619,6,4,2,Reader_3_4.csv
1619,7,7,0,Reader_3_5.csv
1619,3,1,2,Reader_3_6.csv
1619,2,1,1,Reader_3_7.csv
1620,5,3,2,Reader_1_1.csv
1620,0,0,0,Reader_1_10.csv
1620,0,0,0,Reader_1_11.csv
1620,7,5,2,Reader_1_12.csv
1620,5,4,1,Reader_1_2.csv
1620,1,0,1,Reader_1_3.csv
1620,3,2,1,Reader_1_4.csv
1620,1,1,0,Reader_1_5.csv
1620,2,2,0,Reader_1_6.csv
1620,5,5,0,Reader_1_7.csv
1620,3,2,1,Reader_1_8.csv
1620,0,0,0,Reader_1_9.csv
1620,0,0,0,Reader_2_1.csv
1620,1,1,0,Reader_2_10.csv
1620,1,1,0,Reader_2_11.csv
1620,3,3,0,Reader_2_12.csv
1620,1,1,0,Reader_2_2.csv
1620,0,0,0,Reader_2_3.csv
1620,1,1,0,Reader_2_4.csv
1620,0,0,0,Reader_2_5.csv
1620,0,0,0,Reader_2_6.csv
1620,0,0,0,Reader_2_7.csv
1620,0,0,0,Reader_2_8.csv
1620,0,0,0,Reader_2_9.csv
1620,4,3,1,reader_3_1.csv
1620,8,5,3,Reader_3_2.csv
1620,6,4,2,Reader_3_3.csv
1620,6,4,2,Reader_3_4.csv
1620,7,7,0,Reader_3_5.csv
1620,4,2,2,Reader_3_6.csv
1620,2,1,1,Reader_3_7.csv
1621,6,3,3,Reader_1_1.csv
1621,0,0,0,Reader_1_10.csv
1621,0,0,0,Reader_1_11.csv
1621,7,5,2,Reader_1_12.csv
1621,5,4,1,Reader_1_2.csv
1621,1,0,1,Reader_1_3.csv
1621,5,4,1,Reader_1_4.csv
1621,1,1,0,Reader_1_5.csv
1621,3,3,0,Reader_1_6.csv
1621,5,5,0,Reader_1_7.csv
1621,3,2,1,Reader_1_8.csv
1621,0,0,0,Reader_1_9.csv
1621,1,1,0,Reader_2_1.csv
1621,1,1,0,Reader_2_10.csv
1621,1,1,0,Reader_2_11.csv
1621,2,2,0,Reader_2_12.csv
1621,1,1,0,Reader_2_2.csv
1621,0,0,0,Reader_2_3.csv
1621,1,1,0,Reader_2_4.csv
1621,0,0,0,Reader_2_5.csv
1621,0,0,0,Reader_2_6.csv
1621,0,0,0,Reader_2_7.csv
1621,0,0,0,Reader_2_8.csv
1621,0,0,0,Reader_2_9.csv
1621,2,1,1,reader_3_1.csv
1621,8,5,3,Reader_3_2.csv
1621,7,4,3,Reader_3_3.csv
1621,7,4,3,Reader_3_4.csv
1621,5,5,0,Reader_3_5.csv
1621,4,2,2,Reader_3_6.csv
1621,2,1,1,Reader_3_7.csv
1622,7,4,3,Reader_1_1.csv
1622,0,0,0,Reader_1_10.csv
1622,0,0,0,Reader_1_11.csv
1622,8,6,2,Reader_1_12.csv
1622,6,6,0,Reader_1_2.csv
1622,1,0,1,Reader_1_3.csv
1622,5,4,1,Reader_1_4.csv
1622,0,0,0,Reader_1_5.csv
1622,4,4,0,Reader_1_6.csv
1622,5,5,0,Reader_1_7.csv
1622,3,2,1,Reader_1_8.csv
1622,0,0,0,Reader_1_9.csv
1622,1,1,0,Reader_2_1.csv
1622,1,1,0,Reader_2_10.csv
1622,1,1,0,Reader_2_11.csv
1622,2,2,0,Reader_2_12.csv
1622,1,1,0,Reader_2_2.csv
1622,0,0,0,Reader_2_3.csv
1622,1,1,0,Reader_2_4.csv
1622,0,0,0,Reader_2_5.csv
1622,0,0,0,Reader_2_6.csv
1622,0,0,0,Reader_2_7.csv
1622,0,0,0,Reader_2_8.csv
1622,0,0,0,Reader_2_9.csv
1622,2,1,1,reader_3_1.csv
1622,8,4,4,Reader_3_2.csv
1622,8,4,4,Reader_3_3.csv
1622,8,4,4,Reader_3_4.csv
1622,6,6,0,Reader_3_5.csv
1622,2,2,0,Reader_3_6.csv
1622,1,0,1,Reader_3_7.csv
1623,8,4,4,Reader_1_1.csv
1623,0,0,0,Reader_1_10.csv
1623,0,0,0,Reader_1_11.csv
1623,8,6,2,Reader_1_12.csv
1623,8,8,0,Reader_1_2.csv
1623,2,1,1,Reader_1_3.csv
1623,4,3,1,Reader_1_4.csv
1623,0,0,0,Reader_1_5.csv
1623,4,4,0,Reader_1_6.csv
1623,6,5,1,Reader_1_7.csv
1623,3,2,1,Reader_1_8.csv
1623,0,0,0,Reader_1_9.csv
1623,1,1,0,Reader_2_1.csv
1623,1,1,0,Reader_2_10.csv
1623,1,1,0,Reader_2_11.csv
1623,3,3,0,Reader_2_12.csv
1623,1,1,0,Reader_2_2.csv
1623,0,0,0,Reader_2_3.csv
1623,1,1,0,Reader_2_4.csv
1623,0,0,0,Reader_2_5.csv
1623,0,0,0,Reader_2_6.csv
1623,0,0,0,Reader_2_7.csv
1623,0,0,0,Reader_2_8.csv
1623,0,0,0,Reader_2_9.csv
1623,2,1,1,reader_3_1.csv
1623,10,5,5,Reader_3_2.csv
1623,6,3,3,Reader_3_3.csv
1623,6,3,3,Reader_3_4.csv
1623,8,8,0,Reader_3_5.csv
1623,5,5,0,Reader_3_6.csv
1623,1,0,1,Reader_3_7.csv
1624,9,3,6,Reader_1_1.csv
1624,0,0,0,Reader_1_10.csv
1624,0,0,0,Reader_1_11.csv
1624,7,6,1,Reader_1_12.csv
1624,8,8,0,Reader_1_2.csv
1624,3,2,1,Reader_1_3.csv
1624,3,3,0,Reader_1_4.csv
1624,0,0,0,Reader_1_5.csv
1624,3,3,0,Reader_1_6.csv
1624,4,3,1,Reader_1_7.csv
1624,2,2,0,Reader_1_8.csv
1624,0,0,0,Reader_1_9.csv
1624,1,1,0,Reader_2_1.csv
1624,1,1,0,Reader_2_10.csv
1624,1,1,0,Reader_2_11.csv
1624,4,4,0,Reader_2_12.csv
1624,2,2,0,Reader_2_2.csv
1624,0,0,0,Reader_2_3.csv
1624,1,1,0,Reader_2_4.csv
1624,0,0,0,Reader_2_5.csv
1624,0,0,0,Reader_2_6.csv
1624,0,0,0,Reader_2_7.csv
1624,0,0,0,Reader_2_8.csv
1624,0,0,0,Reader_2_9.csv
1624,2,1,1,reader_3_1.csv
1624,12,7,5,Reader_3_2.csv
1624,5,2,3,Reader_3_3.csv
1624,5,2,3,Reader_3_4.csv
1624,7,7,0,Reader_3_5.csv
1624,5,5,0,Reader_3_6.csv
1624,0,0,0,Reader_3_7.csv
1625,10,4,6,Reader_1_1.csv
1625,0,0,0,Reader_1_10.csv
1625,0,0,0,Reader_1_11.csv
1625,6,6,0,Reader_1_12.csv
1625,7,7,0,Reader_1_2.csv
1625,3,2,1,Reader_1_3.csv
1625,5,5,0,Reader_1_4.csv
1625,0,0,0,Reader_1_5.csv
1625,3,3,0,Reader_1_6.csv
1625,4,3,1,Reader_1_7.csv
1625,1,1,0,Reader_1_8.csv
1625,0,0,0,Reader_1_9.csv
1625,1,1,0,Reader_2_1.csv
1625,1,1,0,Reader_2_10.csv
1625,1,1,0,Reader_2_11.csv
1625,5,5,0,Reader_2_12.csv
1625,1,1,0,Reader_2_2.csv
1625,0,0,0,Reader_2_3.csv
1625,1,1,0,Reader_2_4.csv
1625,0,0,0,Reader_2_5.csv
1625,0,0,0,Reader_2_6.csv
1625,0,0,0,Reader_2_7.csv
1625,0,0,0,Reader_2_8.csv
1625,0,0,0,Reader_2_9.csv
1625,2,1,1,reader_3_1.csv
1625,15,10,5,Reader_3_2.csv
1625,5,2,3,Reader_3_3.csv
1625,5,2,3,Reader_3_4.csv
1625,7,7,0,Reader_3_5.csv
1625,5,5,0,Reader_3_6.csv
1625,1,1,0,Reader_3_7.csv
1626,10,5,5,Reader_1_1.csv
1626,0,0,0,Reader_1_10.csv
1626,0,0,0,Reader_1_11.csv
1626,6,6,0,Reader_1_12.csv
1626,8,8,0,Reader_1_2.csv
1626,3,2,1,Reader_1_3.csv
1626,6,6,0,Reader_1_4.csv
1626,1,1,0,Reader_1_5.csv
1626,2,2,0,Reader_1_6.csv
1626,3,2,1,Reader_1_7.csv
1626,1,1,0,Reader_1_8.csv
1626,0,0,0,Reader_1_9.csv
1626,2,2,0,Reader_2_1.csv
1626,1,1,0,Reader_2_10.csv
1626,0,0,0,Reader_2_11.csv
1626,3,3,0,Reader_2_12.csv
1626,1,1,0,Reader_2_2.csv
1626,2,1,1,Reader_2_3.csv
1626,1,1,0,Reader_2_4.csv
1626,0,0,0,Reader_2_5.csv
1626,1,1,0,Reader_2_6.csv
1626,0,0,0,Reader_2_7.csv
1626,0,0,0,Reader_2_8.csv
1626,0,0,0,Reader_2_9.csv
1626,3,2,1,reader_3_1.csv
1626,14,9,5,Reader_3_2.csv
1626,4,1,3,Reader_3_3.csv
1626,4,1,3,Reader_3_4.csv
1626,6,6,0,Reader_3_5.csv
1626,5,5,0,Reader_3_6.csv
1626,1,1,0,Reader_3_7.csv
1627,9,5,4,Reader_1_1.csv
1627,0,0,0,Reader_1_10.csv
1627,0,0,0,Reader_1_11.csv
1627,7,7,0,Reader_1_12.csv
1627,8,8,0,Reader_1_2.csv
1627,3,2,1,Reader_1_3.csv
1627,5,5,0,Reader_1_4.csv
1627,1,1,0,Reader_1_5.csv
1627,3,3,0,Reader_1_6.csv
1627,3,2,1,Reader_1_7.csv
1627,1,1,0,Reader_1_8.csv
1627,0,0,0,Reader_1_9.csv
1627,2,2,0,Reader_2_1.csv
1627,1,1,0,Reader_2_10.csv
1627,0,0,0,Reader_2_11.csv
1627,3,3,0,Reader_2_12.csv
1627,1,1,0,Reader_2_2.csv
1627,3,1,2,Reader_2_3.csv
1627,2,2,0,Reader_2_4.csv
1627,0,0,0,Reader_2_5.csv
1627,1,1,0,Reader_2_6.csv
1627,0,0,0,Reader_2_7.csv
1627,0,0,0,Reader_2_8.csv
1627,0,0,0,Reader_2_9.csv
1627,4,3,1,reader_3_1.csv
1627,15,10,5,Reader_3_2.csv
1627,7,2,5,Reader_3_3.csv
1627,7,2,5,Reader_3_4.csv
1627,5,5,0,Reader_3_5.csv
1627,6,6,0,Reader_3_6.csv
1627,1,1,0,Reader_3_7.csv
1628,9,5,4,Reader_1_1.csv
1628,0,0,0,Reader_1_10.csv
1628,0,0,0,Reader_1_11.csv
1628,5,5,0,Reader_1_12.csv
1628,8,8,0,Reader_1_2.csv
1628,2,2,0,Reader_1_3.csv
1628,5,5,0,Reader_1_4.csv
1628,1,1,0,Reader_1_5.csv
1628,3,3,0,Reader_1_6.csv
1628,3,2,1,Reader_1_7.csv
1628,1,1,0,Reader_1_8.csv
1628,0,0,0,Reader_1_9.csv
1628,2,2,0,Reader_2_1.csv
1628,1,0,1,Reader_2_10.csv
1628,0,0,0,Reader_2_11.csv
1628,3,3,0,Reader_2_12.csv
1628,1,1,0,Reader_2_2.csv
1628,5,1,4,Reader_2_3.csv
1628,1,1,0,Reader_2_4.csv
1628,0,0,0,Reader_2_5.csv
1628,1,1,0,Reader_2_6.csv
1628,0,0,0,Reader_2_7.csv
1628,0,0,0,Reader_2_8.csv
1628,0,0,0,Reader_2_9.csv
1628,4,3,1,reader_3_1.csv
1628,13,10,3,Reader_3_2.csv
1628,7,3,4,Reader_3_3.csv
1628,7,3,4,Reader_3_4.csv
1628,3,3,0,Reader_3_5.csv
1628,5,5,0,Reader_3_6.csv
1628,2,2,0,Reader_3_7.csv
1629,8,4,4,Reader_1_1.csv
1629,0,0,0,Reader_1_10.csv
1629,0,0,0,Reader_1_11.csv
1629,9,9,0,Reader_1_12.csv
1629,8,8,0,Reader_1_2.csv
1629,3,3,0,Reader_1_3.csv
1629,4,4,0,Reader_1_4.csv
1629,1,1,0,Reader_1_5.csv
1629,2,2,0,Reader_1_6.csv
1629,2,1,1,Reader_1_7.csv
1629,1,1,0,Reader_1_8.csv
1629,0,0,0,Reader_1_9.csv
1629,1,1,0,Reader_2_1.csv
1629,1,0,1,Reader_2_10.csv
1629,0,0,0,Reader_2_11.csv
1629,3,3,0,Reader_2_12.csv
1629,1,1,0,Reader_2_2.csv
1629,5,1,4,Reader_2_3.csv
1629,1,1,0,Reader_2_4.csv
1629,0,0,0,Reader_2_5.csv
1629,1,1,0,Reader_2_6.csv
1629,0,0,0,Reader_2_7.csv
1629,0,0,0,Reader_2_8.csv
1629,0,0,0,Reader_2_9.csv
1629,4,4,0,reader_3_1.csv
1629,14,11,3,Reader_3_2.csv
1629,5,2,3,Reader_3_3.csv
1629,5,2,3,Reader_3_4.csv
1629,4,4,0,Reader_3_5.csv
1629,6,5,1,Reader_3_6.csv
1629,3,3,0,Reader_3_7.csv
1630,7,3,4,Reader_1_1.csv
1630,0,0,0,Reader_1_10.csv
1630,0,0,0,Reader_1_11.csv
1630,10,10,0,Reader_1_12.csv
1630,8,8,0,Reader_1_2.csv
1630,3,3,0,Reader_1_3.csv
1630,5,5,0,Reader_1_4.csv
1630,1,1,0,Reader_1_5.csv
1630,1,1,0,Reader_1_6.csv
1630,2,1,1,Reader_1_7.csv
1630,1,1,0,Reader_1_8.csv
1630,0,0,0,Reader_1_9.csv
1630,1,1,0,Reader_2_1.csv
1630,1,0,1,Reader_2_10.csv
1630,0,0,0,Reader_2_11.csv
1630,3,3,0,Reader_2_12.csv
1630,2,2,0,Reader_2_2.csv
1630,6,2,4,Reader_2_3.csv
1630,1,1,0,Reader_2_4.csv
1630,0,0,0,Reader_2_5.csv
1630,1,1,0,Reader_2_6.csv
1630,0,0,0,Reader_2_7.csv
1630,0,0,0,Reader_2_8.csv
1630,0,0,0,Reader_2_9.csv
1630,4,4,0,reader_3_1.csv
1630,16,14,2,Reader_3_2.csv
1630,4,2,2,Reader_3_3.csv
1630,4,2,2,Reader_3_4.csv
1630,3,3,0,Reader_3_5.csv
1630,6,5,1,Reader_3_6.csv
1630,3,3,0,Reader_3_7.csv
1631,7,4,3,Reader_1_1.csv
1631,0,0,0,Reader_1_10.csv
1631,0,0,0,Reader_1_11.csv
1631,10,10,0,Reader_1_12.csv
1631,5,5,0,Reader_1_2.csv
1631,2,2,0,Reader_1_3.csv
1631,6,6,0,Reader_1_4.csv
1631,1,1,0,Reader_1_5.csv
1631,1,1,0,Reader_1_6.csv
1631,0,0,0,Reader_1_7.csv
1631,1,1,0,Reader_1_8.csv
1631,0,0,0,Reader_1_9.csv
1631,1,1,0,Reader_2_1.csv
1631,1,0,1,Reader_2_10.csv
1631,0,0,0,Reader_2_11.csv
1631,2,2,0,Reader_2_12.csv
1631,3,3,0,Reader_2_2.csv
1631,6,2,4,Reader_2_3.csv
1631,1,1,0,Reader_2_4.csv
1631,0,0,0,Reader_2_5.csv
1631,1,1,0,Reader_2_6.csv
1631,0,0,0,Reader_2_7.csv
1631,0,0,0,Reader_2_8.csv
1631,0,0,0,Reader_2_9.csv
1631,4,4,0,reader_3_1.csv
1631,15,14,1,Reader_3_2.csv
1631,5,3,2,Reader_3_3.csv
1631,5,3,2,Reader_3_4.csv
1631,1,1,0,Reader_3_5.csv
1631,3,2,1,Reader_3_6.csv
1631,3,3,0,Reader_3_7.csv
1632,4,3,1,Reader_1_1.csv
1632,0,0,0,Reader_1_10.csv
1632,0,0,0,Reader_1_11.csv
1632,11,11,0,Reader_1_12.csv
1632,6,6,0,Reader_1_2.csv
1632,2,2,0,Reader_1_3.csv
1632,6,6,0,Reader_1_4.csv
1632,1,1,0,Reader_1_5.csv
1632,1,1,0,Reader_1_6.csv
1632,1,1,0,Reader_1_7.csv
1632,1,1,0,Reader_1_8.csv
1632,1,1,0,Reader_1_9.csv
1632,1,1,0,Reader_2_1.csv
1632,1,0,1,Reader_2_10.csv
1632,0,0,0,Reader_2_11.csv
1632,1,1,0,Reader_2_12.csv
1632,2,2,0,Reader_2_2.csv
1632,6,2,4,Reader_2_3.csv
1632,1,1,0,Reader_2_4.csv
1632,0,0,0,Reader_2_5.csv
1632,1,1,0,Reader_2_6.csv
1632,0,0,0,Reader_2_7.csv
1632,0,0,0,Reader_2_8.csv
1632,0,0,0,Reader_2_9.csv
1632,5,4,1,reader_3_1.csv
1632,15,13,2,Reader_3_2.csv
1632,5,3,2,Reader_3_3.csv
1632,5,3,2,Reader_3_4.csv
1632,2,2,0,Reader_3_5.csv
1632,3,2,1,Reader_3_6.csv
1632,3,3,0,Reader_3_7.csv
1633,3,2,1,Reader_1_1.csv
1633,0,0,0,Reader_1_10.csv
1633,0,0,0,Reader_1_11.csv
1633,10,10,0,Reader_1_12.csv
1633,5,5,0,Reader_1_2.csv
1633,2,2,0,Reader_1_3.csv
1633,4,4,0,Reader_1_4.csv
1633,1,1,0,Reader_1_5.csv
1633,1,1,0,Reader_1_6.csv
1633,1,1,0,Reader_1_7.csv
1633,1,1,0,Reader_1_8.csv
1633,1,1,0,Reader_1_9.csv
1633,1,1,0,Reader_2_1.csv
1633,1,0,1,Reader_2_10.csv
1633,0,0,0,Reader_2_11.csv
1633,0,0,0,Reader_2_12.csv
1633,2,2,0,Reader_2_2.csv
1633,6,2,4,Reader_2_3.csv
1633,1,1,0,Reader_2_4.csv
1633,0,0,0,Reader_2_5.csv
1633,1,1,0,Reader_2_6.csv
1633,0,0,0,Reader_2_7.csv
1633,0,0,0,Reader_2_8.csv
1633,0,0,0,Reader_2_9.csv
1633,5,4,1,reader_3_1.csv
1633,13,11,2,Reader_3_2.csv
1633,7,4,3,Reader_3_3.csv
1633,7,4,3,Reader_3_4.csv
1633,3,3,0,Reader_3_5.csv
1633,3,2,1,Reader_3_6.csv
1633,2,2,0,Reader_3_7.csv
1634,3,2,1,Reader_1_1.csv
1634,0,0,0,Reader_1_10.csv
1634,0,0,0,Reader_1_11.csv
1634,11,11,0,Reader_1_12.csv
1634,4,4,0,Reader_1_2.csv
1634,2,2,0,Reader_1_3.csv
1634,3,3,0,Reader_1_4.csv
1634,1,1,0,Reader_1_5.csv
1634,1,1,0,Reader_1_6.csv
1634,1,1,0,Reader_1_7.csv
1634,0,0,0,Reader_1_8.csv
1634,1,1,0,Reader_1_9.csv
1634,0,0,0,Reader_2_1.csv
1634,2,1,1,Reader_2_10.csv
1634,0,0,0,Reader_2_11.csv
1634,0,0,0,Reader_2_12.csv
1634,2,2,0,Reader_2_2.csv
1634,4,1,3,Reader_2_3.csv
1634,1,1,0,Reader_2_4.csv
1634,0,0,0,Reader_2_5.csv
1634,0,0,0,Reader_2_6.csv
1634,0,0,0,Reader_2_7.csv
1634,0,0,0,Reader_2_8.csv
1634,0,0,0,Reader_2_9.csv
1634,4,3,1,reader_3_1.csv
1634,15,14,1,Reader_3_2.csv
1634,7,4,3,Reader_3_3.csv
1634,7,4,3,Reader_3_4.csv
1634,5,4,1,Reader_3_5.csv
1634,3,2,1,Reader_3_6.csv
1634,3,2,1,Reader_3_7.csv
1635,3,2,1,Reader_1_1.csv
1635,0,0,0,Reader_1_10.csv
1635,0,0,0,Reader_1_11.csv
1635,11,11,0,Reader_1_12.csv
1635,4,4,0,Reader_1_2.csv
1635,2,2,0,Reader_1_3.csv
1635,4,4,0,Reader_1_4.csv
1635,2,2,0,Reader_1_5.csv
1635,0,0,0,Reader_1_6.csv
1635,1,1,0,Reader_1_7.csv
1635,0,0,0,Reader_1_8.csv
1635,1,1,0,Reader_1_9.csv
1635,0,0,0,Reader_2_1.csv
1635,2,1,1,Reader_2_10.csv
1635,0,0,0,Reader_2_11.csv
1635,0,0,0,Reader_2_12.csv
1635,2,2,0,Reader_2_2.csv
1635,3,1,2,Reader_2_3.csv
1635,0,0,0,Reader_2_4.csv
1635,0,0,0,Reader_2_5.csv
1635,0,0,0,Reader_2_6.csv
1635,0,0,0,Reader_2_7.csv
1635,0,0,0,Reader_2_8.csv
1635,0,0,0,Reader_2_9.csv
1635,4,3,1,reader_3_1.csv
1635,14,12,2,Reader_3_2.csv
1635,4,3,1,Reader_3_3.csv
1635,4,3,1,Reader_3_4.csv
1635,8,6,2,Reader_3_5.csv
1635,3,2,1,Reader_3_6.csv
1635,4,3,1,Reader_3_7.csv
1636,3,2,1,Reader_1_1.csv
1636,0,0,0,Reader_1_10.csv
1636,0,0,0,Reader_1_11.csv
1636,10,10,0,Reader_1_12.csv
1636,4,4,0,Reader_1_2.csv
1636,2,2,0,Reader_1_3.csv
1636,4,4,0,Reader_1_4.csv
1636,2,2,0,Reader_1_5.csv
1636,0,0,0,Reader_1_6.csv
1636,1,1,0,Reader_1_7.csv
1636,0,0,0,Reader_1_8.csv
1636,1,1,0,Reader_1_9.csv
1636,0,0,0,Reader_2_1.csv
1636,1,1,0,Reader_2_10.csv
1636,0,0,0,Reader_2_11.csv
1636,0,0,0,Reader_2_12.csv
1636,2,2,0,Reader_2_2.csv
1636,1,1,0,Reader_2_3.csv
1636,0,0,0,Reader_2_4.csv
1636,0,0,0,Reader_2_5.csv
1636,0,0,0,Reader_2_6.csv
1636,0,0,0,Reader_2_7.csv
1636,0,0,0,Reader_2_8.csv
1636,0,0,0,Reader_2_9.csv
1636,5,4,1,reader_3_1.csv
1636,15,13,2,Reader_3_2.csv
1636,5,3,2,Reader_3_3.csv
1636,5,3,2,Reader_3_4.csv
1636,13,10,3,Reader_3_5.csv
1636,3,2,1,Reader_3_6.csv
1636,3,2,1,Reader_3_7.csv
1637,2,2,0,Reader_1_1.csv
1637,0,0,0,Reader_1_10.csv
1637,0,0,0,Reader_1_11.csv
1637,6,6,0,Reader_1_12.csv
1637,4,4,0,Reader_1_2.csv
1637,1,1,0,Reader_1_3.csv
1637,4,3,1,Reader_1_4.csv
1637,2,2,0,Reader_1_5.csv
1637,0,0,0,Reader_1_6.csv
1637,2,2,0,Reader_1_7.csv
1637,0,0,0,Reader_1_8.csv
1637,1,1,0,Reader_1_9.csv
1637,0,0,0,Reader_2_1.csv
1637,1,1,0,Reader_2_10.csv
1637,0,0,0,Reader_2_11.csv
1637,0,0,0,Reader_2_12.csv
1637,2,2,0,Reader_2_2.csv
1637,1,1,0,Reader_2_3.csv
1637,1,1,0,Reader_2_4.csv
1637,0,0,0,Reader_2_5.csv
1637,0,0,0,Reader_2_6.csv
1637,0,0,0,Reader_2_7.csv
1637,0,0,0,Reader_2_8.csv
1637,0,0,0,Reader_2_9.csv
1637,4,3,1,reader_3_1.csv
1637,17,15,2,Reader_3_2.csv
1637,5,3,2,Reader_3_3.csv
1637,5,3,2,Reader_3_4.csv
1637,14,10,4,Reader_3_5.csv
1637,2,2,0,Reader_3_6.csv
1637,2,1,1,Reader_3_7.csv
1638,2,2,0,Reader_1_1.csv
1638,0,0,0,Reader_1_10.csv
1638,0,0,0,Reader_1_11.csv
1638,4,4,0,Reader_1_12.csv
1638,3,3,0,Reader_1_2.csv
1638,1,1,0,Reader_1_3.csv
1638,3,2,1,Reader_1_4.csv
1638,2,2,0,Reader_1_5.csv
1638,0,0,0,Reader_1_6.csv
1638,2,2,0,Reader_1_7.csv
1638,0,0,0,Reader_1_8.csv
1638,1,1,0,Reader_1_9.csv
1638,0,0,0,Reader_2_1.csv
1638,2,2,0,Reader_2_10.csv
1638,0,0,0,Reader_2_11.csv
1638,0,0,0,Reader_2_12.csv
1638,1,1,0,Reader_2_2.csv
1638,0,0,0,Reader_2_3.csv
1638,1,1,0,Reader_2_4.csv
1638,0,0,0,Reader_2_5.csv
1638,0,0,0,Reader_2_6.csv
1638,0,0,0,Reader_2_7.csv
1638,0,0,0,Reader_2_8.csv
1638,0,0,0,Reader_2_9.csv
1638,4,3,1,reader_3_1.csv
1638,17,15,2,Reader_3_2.csv
1638,5,3,2,Reader_3_3.csv
1638,5,3,2,Reader_3_4.csv
1638,14,10,4,Reader_3_5.csv
1638,1,1,0,Reader_3_6.csv
1638,2,1,1,Reader_3_7.csv
1639,3,3,0,Reader_1_1.csv
1639,0,0,0,Reader_1_10.csv
1639,0,0,0,Reader_1_11.csv
1639,4,3,1,Reader_1_12.csv
1639,3,3,0,Reader_1_2.csv
1639,1,1,0,Reader_1_3.csv
1639,3,1,2,Reader_1_4.csv
1639,2,2,0,Reader_1_5.csv
1639,0,0,0,Reader_1_6.csv
1639,2,2,0,Reader_1_7.csv
1639,1,1,0,Reader_1_8.csv
1639,1,1,0,Reader_1_9.csv
1639,0,0,0,Reader_2_1.csv
1639,2,2,0,Reader_2_10.csv
1639,0,0,0,Reader_2_11.csv
1639,0,0,0,Reader_2_12.csv
1639,0,0,0,Reader_2_2.csv
1639,0,0,0,Reader_2_3.csv
1639,1,1,0,Reader_2_4.csv
1639,0,0,0,Reader_2_5.csv
1639,0,0,0,Reader_2_6.csv
1639,0,0,0,Reader_2_7.csv
1639,0,0,0,Reader_2_8.csv
1639,0,0,0,Reader_2_9.csv
1639,5,4,1,reader_3_1.csv
1639,18,15,3,Reader_3_2.csv
1639,4,2,2,Reader_3_3.csv
1639,4,2,2,Reader_3_4.csv
1639,14,10,4,Reader_3_5.csv
1639,1,1,0,Reader_3_6.csv
1639,3,2,1,Reader_3_7.csv
1640,3,3,0,Reader_1_1.csv
1640,0,0,0,Reader_1_10.csv
1640,0,0,0,Reader_1_11.csv
1640,4,3,1,Reader_1_12.csv
1640,2,2,0,Reader_1_2.csv
1640,0,0,0,Reader_1_3.csv
1640,3,1,2,Reader_1_4.csv
1640,2,2,0,Reader_1_5.csv
1640,0,0,0,Reader_1_6.csv
1640,2,2,0,Reader_1_7.csv
1640,2,2,0,Reader_1_8.csv
1640,0,0,0,Reader_1_9.csv
1640,0,0,0,Reader_2_1.csv
1640,2,2,0,Reader_2_10.csv
1640,0,0,0,Reader_2_11.csv
1640,0,0,0,Reader_2_12.csv
1640,0,0,0,Reader_2_2.csv
1640,1,0,1,Reader_2_3.csv
1640,1,1,0,Reader_2_4.csv
1640,0,0,0,Reader_2_5.csv
1640,0,0,0,Reader_2_6.csv
1640,0,0,0,Reader_2_7.csv
1640,0,0,0,Reader_2_8.csv
1640,0,0,0,Reader_2_9.csv
1640,4,4,0,reader_3_1.csv
1640,15,13,2,Reader_3_2.csv
1640,5,3,2,Reader_3_3.csv
1640,5,3,2,Reader_3_4.csv
1640,14,10,4,Reader_3_5.csv
1640,1,1,0,Reader_3_6.csv
1640,3,2,1,Reader_3_7.csv
1641,4,4,0,Reader_1_1.csv
1641,0,0,0,Reader_1_10.csv
1641,0,0,0,Reader_1_11.csv
1641,5,4,1,Reader_1_12.csv
1641,3,3,0,Reader_1_2.csv
1641,0,0,0,Reader_1_3.csv
1641,3,1,2,Reader_1_4.csv
1641,2,2,0,Reader_1_5.csv
1641,0,0,0,Reader_1_6.csv
1641,2,2,0,Reader_1_7.csv
1641,2,2,0,Reader_1_8.csv
1641,0,0,0,Reader_1_9.csv
1641,0,0,0,Reader_2_1.csv
1641,2,2,0,Reader_2_10.csv
1641,0,0,0,Reader_2_11.csv
1641,1,0,1,Reader_2_12.csv
1641,0,0,0,Reader_2_2.csv
1641,1,0,1,Reader_2_3.csv
1641,2,2,0,Reader_2_4.csv
1641,0,0,0,Reader_2_5.csv
1641,0,0,0,Reader_2_6.csv
1641,0,0,0,Reader_2_7.csv
1641,0,0,0,Reader_2_8.csv
1641,0,0,0,Reader_2_9.csv
1641,3,3,0,reader_3_1.csv
1641,15,12,3,Reader_3_2.csv
1641,3,2,1,Reader_3_3.csv
1641,3,2,1,Reader_3_4.csv
1641,15,10,5,Reader_3_5.csv
1641,1,1,0,Reader_3_6.csv
1641,3,2,1,Reader_3_7.csv
1642,4,3,1,Reader_1_1.csv
1642,0,0,0,Reader_1_10.csv
1642,0,0,0,Reader_1_11.csv
1642,4,3,1,Reader_1_12.csv
1642,3,3,0,Reader_1_2.csv
1642,0,0,0,Reader_1_3.csv
1642,3,1,2,Reader_1_4.csv
1642,2,2,0,Reader_1_5.csv
1642,1,0,1,Reader_1_6.csv
1642,2,2,0,Reader_1_7.csv
1642,2,2,0,Reader_1_8.csv
1642,0,0,0,Reader_1_9.csv
1642,0,0,0,Reader_2_1.csv
1642,1,1,0,Reader_2_10.csv
1642,0,0,0,Reader_2_11.csv
1642,1,0,1,Reader_2_12.csv
1642,0,0,0,Reader_2_2.csv
1642,1,0,1,Reader_2_3.csv
1642,2,2,0,Reader_2_4.csv
1642,0,0,0,Reader_2_5.csv
1642,0,0,0,Reader_2_6.csv
1642,0,0,0,Reader_2_7.csv
1642,0,0,0,Reader_2_8.csv
1642,0,0,0,Reader_2_9.csv
1642,3,3,0,reader_3_1.csv
1642,12,9,3,Reader_3_2.csv
1642,3,2,1,Reader_3_3.csv
1642,3,2,1,Reader_3_4.csv
1642,16,11,5,Reader_3_5.csv
1642,1,1,0,Reader_3_6.csv
1642,2,2,0,Reader_3_7.csv
1643,4,3,1,Reader_1_1.csv
1643,0,0,0,Reader_1_10.csv
1643,0,0,0,Reader_1_11.csv
1643,3,2,1,Reader_1_12.csv
1643,3,3,0,Reader_1_2.csv
1643,0,0,0,Reader_1_3.csv
1643,2,0,2,Reader_1_4.csv
1643,1,1,0,Reader_1_5.csv
1643,1,0,1,Reader_1_6.csv
1643,2,2,0,Reader_1_7.csv
1643,2,2,0,Reader_1_8.csv
1643,0,0,0,Reader_1_9.csv
1643,0,0,0,Reader_2_1.csv
1643,1,1,0,Reader_2_10.csv
1643,0,0,0,Reader_2_11.csv
1643,1,0,1,Reader_2_12.csv
1643,0,0,0,Reader_2_2.csv
1643,1,0,1,Reader_2_3.csv
1643,2,2,0,Reader_2_4.csv
1643,0,0,0,Reader_2_5.csv
1643,0,0,0,Reader_2_6.csv
1643,0,0,0,Reader_2_7.csv
1643,0,0,0,Reader_2_8.csv
1643,0,0,0,Reader_2_9.csv
1643,3,3,0,reader_3_1.csv
1643,13,11,2,Reader_3_2.csv
1643,4,3,1,Reader_3_3.csv
1643,4,3,1,Reader_3_4.csv
1643,13,9,4,Reader_3_5.csv
1643,0,0,0,Reader_3_6.csv
1643,1,1,0,Reader_3_7.csv
1644,4,3,1,Reader_1_1.csv
1644,0,0,0,Reader_1_10.csv
1644,0,0,0,Reader_1_11.csv
1644,3,2,1,Reader_1_12.csv
1644,3,3,0,Reader_1_2.csv
1644,0,0,0,Reader_1_3.csv
1644,2,0,2,Reader_1_4.csv
1644,3,3,0,Reader_1_5.csv
1644,1,0,1,Reader_1_6.csv
1644,2,2,0,Reader_1_7.csv
1644,2,2,0,Reader_1_8.csv
1644,0,0,0,Reader_1_9.csv
1644,0,0,0,Reader_2_1.csv
1644,1,1,0,Reader_2_10.csv
1644,0,0,0,Reader_2_11.csv
1644,1,0,1,Reader_2_12.csv
1644,0,0,0,Reader_2_2.csv
1644,1,0,1,Reader_2_3.csv
1644,2,2,0,Reader_2_4.csv
1644,0,0,0,Reader_2_5.csv
1644,0,0,0,Reader_2_6.csv
1644,0,0,0,Reader_2_7.csv
1644,0,0,0,Reader_2_8.csv
1644,0,0,0,Reader_2_9.csv
1644,2,2,0,reader_3_1.csv
1644,11,9,2,Reader_3_2.csv
1644,3,3,0,Reader_3_3.csv
1644,3,3,0,Reader_3_4.csv
1644,10,6,4,Reader_3_5.csv
1644,0,0,0,Reader_3_6.csv
1644,1,1,0,Reader_3_7.csv
1645,4,3,1,Reader_1_1.csv
1645,0,0,0,Reader_1_10.csv
1645,0,0,0,Reader_1_11.csv
1645,3,2,1,Reader_1_12.csv
1645,2,2,0,Reader_1_2.csv
1645,0,0,0,Reader_1_3.csv
1645,1,0,1,Reader_1_4.csv
1645,5,5,0,Reader_1_5.csv
1645,1,0,1,Reader_1_6.csv
1645,1,1,0,Reader_1_7.csv
1645,2,2,0,Reader_1_8.csv
1645,0,0,0,Reader_1_9.csv
1645,0,0,0,Reader_2_1.csv
1645,1,1,0,Reader_2_10.csv
1645,0,0,0,Reader_2_11.csv
1645,1,0,1,Reader_2_12.csv
1645,0,0,0,Reader_2_2.csv
1645,1,0,1,Reader_2_3.csv
1645,1,1,0,Reader_2_4.csv
1645,0,0,0,Reader_2_5.csv
1645,0,0,0,Reader_2_6.csv
1645,0,0,0,Reader_2_7.csv
1645,0,0,0,Reader_2_8.csv
1645,0,0,0,Reader_2_9.csv
1645,2,2,0,reader_3_1.csv
1645,9,6,3,Reader_3_2.csv
1645,4,3,1,Reader_3_3.csv
1645,4,3,1,Reader_3_4.csv
1645,9,6,3,Reader_3_5.csv
1645,0,0,0,Reader_3_6.csv
1645,2,2,0,Reader_3_7.csv
1646,5,4,1,Reader_1_1.csv
1646,1,1,0,Reader_1_10.csv
1646,0,0,0,Reader_1_11.csv
1646,3,2,1,Reader_1_12.csv
1646,1,1,0,Reader_1_2.csv
1646,0,0,0,Reader_1_3.csv
1646,1,0,1,Reader_1_4.csv
1646,5,5,0,Reader_1_5.csv
1646,1,0,1,Reader_1_6.csv
1646,2,2,0,Reader_1_7.csv
1646,2,2,0,Reader_1_8.csv
1646,0,0,0,Reader_1_9.csv
1646,0,0,0,Reader_2_1.csv
1646,0,0,0,Reader_2_10.csv
1646,1,1,0,Reader_2_11.csv
1646,1,0,1,Reader_2_12.csv
1646,0,0,0,Reader_2_2.csv
1646,1,0,1,Reader_2_3.csv
1646,1,1,0,Reader_2_4.csv
1646,0,0,0,Reader_2_5.csv
1646,0,0,0,Reader_2_6.csv
1646,0,0,0,Reader_2_7.csv
1646,0,0,0,Reader_2_8.csv
1646,0,0,0,Reader_2_9.csv
1646,2,2,0,reader_3_1.csv
1646,7,4,3,Reader_3_2.csv
1646,5,3,2,Reader_3_3.csv
1646,5,3,2,Reader_3_4.csv
1646,9,6,3,Reader_3_5.csv
1646,0,0,0,Reader_3_6.csv
1646,2,2,0,Reader_3_7.csv
1647,3,2,1,Reader_1_1.csv
1647,1,1,0,Reader_1_10.csv
1647,0,0,0,Reader_1_11.csv
1647,3,3,0,Reader_1_12.csv
1647,1,1,0,Reader_1_2.csv
1647,1,1,0,Reader_1_3.csv
1647,0,0,0,Reader_1_4.csv
1647,6,6,0,Reader_1_5.csv
1647,1,0,1,Reader_1_6.csv
1647,2,2,0,Reader_1_7.csv
1647,1,1,0,Reader_1_8.csv
1647,0,0,0,Reader_1_9.csv
1647,0,0,0,Reader_2_1.csv
1647,0,0,0,Reader_2_10.csv
1647,1,1,0,Reader_2_11.csv
1647,1,0,1,Reader_2_12.csv
1647,0,0,0,Reader_2_2.csv
1647,1,0,1,Reader_2_3.csv
1647,1,1,0,Reader_2_4.csv
1647,0,0,0,Reader_2_5.csv
1647,0,0,0,Reader_2_6.csv
1647,0,0,0,Reader_2_7.csv
1647,0,0,0,Reader_2_8.csv
1647,0,0,0,Reader_2_9.csv
1647,1,1,0,reader_3_1.csv
1647,8,5,3,Reader_3_2.csv
1647,5,3,2,Reader_3_3.csv
1647,5,3,2,Reader_3_4.csv
1647,9,6,3,Reader_3_5.csv
1647,0,0,0,Reader_3_6.csv
1647,1,1,0,Reader_3_7.csv
1648,5,3,2,Reader_1_1.csv
1648,1,1,0,Reader_1_10.csv
1648,0,0,0,Reader_1_11.csv
1648,2,2,0,Reader_1_12.csv
1648,1,1,0,Reader_1_2.csv
1648,1,1,0,Reader_1_3.csv
1648,0,0,0,Reader_1_4.csv
1648,7,7,0,Reader_1_5.csv
1648,1,0,1,Reader_1_6.csv
1648,3,3,0,Reader_1_7.csv
1648,0,0,0,Reader_1_8.csv
1648,0,0,0,Reader_1_9.csv
1648,0,0,0,Reader_2_1.csv
1648,0,0,0,Reader_2_10.csv
1648,1,1,0,Reader_2_11.csv
1648,1,0,1,Reader_2_12.csv
1648,0,0,0,Reader_2_2.csv
1648,1,1,0,Reader_2_3.csv
1648,1,1,0,Reader_2_4.csv
1648,0,0,0,Reader_2_5.csv
1648,1,1,0,Reader_2_6.csv
1648,0,0,0,Reader_2_7.csv
1648,0,0,0,Reader_2_8.csv
1648,0,0,0,Reader_2_9.csv
1648,3,2,1,reader_3_1.csv
1648,8,5,3,Reader_3_2.csv
1648,5,3,2,Reader_3_3.csv
1648,5,3,2,Reader_3_4.csv
1648,9,6,3,Reader_3_5.csv
1648,0,0,0,Reader_3_6.csv
1648,1,1,0,Reader_3_7.csv
1649,4,2,2,Reader_1_1.csv
1649,1,1,0,Reader_1_10.csv
1649,0,0,0,Reader_1_11.csv
1649,1,1,0,Reader_1_12.csv
1649,0,0,0,Reader_1_2.csv
1649,1,1,0,Reader_1_3.csv
1649,0,0,0,Reader_1_4.csv
1649,8,7,1,Reader_1_5.csv
1649,1,0,1,Reader_1_6.csv
1649,3,3,0,Reader_1_7.csv
1649,0,0,0,Reader_1_8.csv
1649,0,0,0,Reader_1_9.csv
1649,1,1,0,Reader_2_1.csv
1649,0,0,0,Reader_2_10.csv
1649,2,2,0,Reader_2_11.csv
1649,1,0,1,Reader_2_12.csv
1649,0,0,0,Reader_2_2.csv
1649,1,1,0,Reader_2_3.csv
1649,0,0,0,Reader_2_4.csv
1649,0,0,0,Reader_2_5.csv
1649,1,1,0,Reader_2_6.csv
1649,0,0,0,Reader_2_7.csv
1649,0,0,0,Reader_2_8.csv
1649,0,0,0,Reader_2_9.csv
1649,3,2,1,reader_3_1.csv
1649,7,5,2,Reader_3_2.csv
1649,5,3,2,Reader_3_3.csv
1649,5,3,2,Reader_3_4.csv
1649,9,7,2,Reader_3_5.csv
1649,1,1,0,Reader_3_6.csv
1649,1,1,0,Reader_3_7.csv
1650,5,3,2,Reader_1_1.csv
1650,1,1,0,Reader_1_10.csv
1650,0,0,0,Reader_1_11.csv
1650,1,1,0,Reader_1_12.csv
1650,1,1,0,Reader_1_2.csv
1650,1,1,0,Reader_1_3.csv
1650,2,2,0,Reader_1_4.csv
1650,7,6,1,Reader_1_5.csv
1650,0,0,0,Reader_1_6.csv
1650,4,3,1,Reader_1_7.csv
1650,0,0,0,Reader_1_8.csv
1650,0,0,0,Reader_1_9.csv
1650,1,1,0,Reader_2_1.csv
1650,0,0,0,Reader_2_10.csv
1650,2,2,0,Reader_2_11.csv
1650,1,0,1,Reader_2_12.csv
1650,0,0,0,Reader_2_2.csv
1650,1,1,0,Reader_2_3.csv
1650,0,0,0,Reader_2_4.csv
1650,0,0,0,Reader_2_5.csv
1650,1,1,0,Reader_2_6.csv
1650,0,0,0,Reader_2_7.csv
1650,0,0,0,Reader_2_8.csv
1650,0,0,0,Reader_2_9.csv
1650,5,4,1,reader_3_1.csv
1650,7,5,2,Reader_3_2.csv
1650,5,3,2,Reader_3_3.csv
1650,5,3,2,Reader_3_4.csv
1650,6,5,1,Reader_3_5.csv
1650,1,1,0,Reader_3_6.csv
1650,2,2,0,Reader_3_7.csv
1651,6,4,2,Reader_1_1.csv
1651,1,1,0,Reader_1_10.csv
1651,0,0,0,Reader_1_11.csv
1651,2,2,0,Reader_1_12.csv
1651,2,2,0,Reader_1_2.csv
1651,1,1,0,Reader_1_3.csv
1651,2,2,0,Reader_1_4.csv
1651,7,6,1,Reader_1_5.csv
1651,0,0,0,Reader_1_6.csv
1651,5,4,1,Reader_1_7.csv
1651,0,0,0,Reader_1_8.csv
1651,0,0,0,Reader_1_9.csv
1651,1,1,0,Reader_2_1.csv
1651,1,1,0,Reader_2_10.csv
1651,2,2,0,Reader_2_11.csv
1651,1,0,1,Reader_2_12.csv
1651,0,0,0,Reader_2_2.csv
1651,1,1,0,Reader_2_3.csv
1651,1,1,0,Reader_2_4.csv
1651,0,0,0,Reader_2_5.csv
1651,2,1,1,Reader_2_6.csv
1651,0,0,0,Reader_2_7.csv
1651,0,0,0,Reader_2_8.csv
1651,0,0,0,Reader_2_9.csv
1651,5,4,1,reader_3_1.csv
1651,6,4,2,Reader_3_2.csv
1651,4,2,2,Reader_3_3.csv
1651,4,2,2,Reader_3_4.csv
1651,6,5,1,Reader_3_5.csv
1651,1,1,0,Reader_3_6.csv
1651,2,2,0,Reader_3_7.csv
1652,6,4,2,Reader_1_1.csv
1652,1,1,0,Reader_1_10.csv
1652,0,0,0,Reader_1_11.csv
1652,3,3,0,Reader_1_12.csv
1652,3,2,1,Reader_1_2.csv
1652,1,1,0,Reader_1_3.csv
1652,3,3,0,Reader_1_4.csv
1652,7,6,1,Reader_1_5.csv
1652,0,0,0,Reader_1_6.csv
1652,5,4,1,Reader_1_7.csv
1652,0,0,0,Reader_1_8.csv
1652,0,0,0,Reader_1_9.csv
1652,1,1,0,Reader_2_1.csv
1652,1,1,0,Reader_2_10.csv
1652,2,2,0,Reader_2_11.csv
1652,1,0,1,Reader_2_12.csv
1652,0,0,0,Reader_2_2.csv
1652,1,1,0,Reader_2_3.csv
1652,1,1,0,Reader_2_4.csv
1652,0,0,0,Reader_2_5.csv
1652,2,1,1,Reader_2_6.csv
1652,0,0,0,Reader_2_7.csv
1652,0,0,0,Reader_2_8.csv
1652,0,0,0,Reader_2_9.csv
1652,5,4,1,reader_3_1.csv
1652,6,4,2,Reader_3_2.csv
1652,3,1,2,Reader_3_3.csv
1652,3,1,2,Reader_3_4.csv
1652,5,5,0,Reader_3_5.csv
1652,1,1,0,Reader_3_6.csv
1652,2,2,0,Reader_3_7.csv
1653,7,4,3,Reader_1_1.csv
1653,1,1,0,Reader_1_10.csv
1653,0,0,0,Reader_1_11.csv
1653,3,3,0,Reader_1_12.csv
1653,3,2,1,Reader_1_2.csv
1653,1,1,0,Reader_1_3.csv
1653,3,3,0,Reader_1_4.csv
1653,7,5,2,Reader_1_5.csv
1653,0,0,0,Reader_1_6.csv
1653,5,4,1,Reader_1_7.csv
1653,0,0,0,Reader_1_8.csv
1653,0,0,0,Reader_1_9.csv
1653,1,1,0,Reader_2_1.csv
1653,1,1,0,Reader_2_10.csv
1653,2,2,0,Reader_2_11.csv
1653,1,0,1,Reader_2_12.csv
1653,0,0,0,Reader_2_2.csv
1653,1,1,0,Reader_2_3.csv
1653,1,1,0,Reader_2_4.csv
1653,0,0,0,Reader_2_5.csv
1653,2,1,1,Reader_2_6.csv
1653,0,0,0,Reader_2_7.csv
1653,0,0,0,Reader_2_8.csv
1653,0,0,0,Reader_2_9.csv
1653,7,4,3,reader_3_1.csv
1653,5,4,1,Reader_3_2.csv
1653,2,1,1,Reader_3_3.csv
1653,2,1,1,Reader_3_4.csv
1653,4,4,0,Reader_3_5.csv
1653,1,1,0,Reader_3_6.csv
1653,1,1,0,Reader_3_7.csv
1654,7,4,3,Reader_1_1.csv
1654,0,0,0,Reader_1_10.csv
1654,0,0,0,Reader_1_11.csv
1654,4,4,0,Reader_1_12.csv
1654,4,3,1,Reader_1_2.csv
1654,1,1,0,Reader_1_3.csv
1654,3,3,0,Reader_1_4.csv
1654,8,6,2,Reader_1_5.csv
1654,0,0,0,Reader_1_6.csv
1654,4,3,1,Reader_1_7.csv
1654,0,0,0,Reader_1_8.csv
1654,0,0,0,Reader_1_9.csv
1654,1,1,0,Reader_2_1.csv
1654,1,1,0,Reader_2_10.csv
1654,1,1,0,Reader_2_11.csv
1654,1,0,1,Reader_2_12.csv
1654,0,0,0,Reader_2_2.csv
1654,2,2,0,Reader_2_3.csv
1654,1,1,0,Reader_2_4.csv
1654,0,0,0,Reader_2_5.csv
1654,2,1,1,Reader_2_6.csv
1654,1,1,0,Reader_2_7.csv
1654,0,0,0,Reader_2_8.csv
1654,0,0,0,Reader_2_9.csv
1654,8,5,3,reader_3_1.csv
1654,5,3,2,Reader_3_2.csv
1654,2,2,0,Reader_3_3.csv
1654,2,2,0,Reader_3_4.csv
1654,5,5,0,Reader_3_5.csv
1654,1,1,0,Reader_3_6.csv
1654,1,1,0,Reader_3_7.csv
1655,7,4,3,Reader_1_1.csv
1655,0,0,0,Reader_1_10.csv
1655,0,0,0,Reader_1_11.csv
1655,3,3,0,Reader_1_12.csv
1655,6,5,1,Reader_1_2.csv
1655,1,1,0,Reader_1_3.csv
1655,3,3,0,Reader_1_4.csv
1655,7,5,2,Reader_1_5.csv
1655,1,1,0,Reader_1_6.csv
1655,4,3,1,Reader_1_7.csv
1655,0,0,0,Reader_1_8.csv
1655,0,0,0,Reader_1_9.csv
1655,1,1,0,Reader_2_1.csv
1655,1,1,0,Reader_2_10.csv
1655,1,1,0,Reader_2_11.csv
1655,1,0,1,Reader_2_12.csv
1655,0,0,0,Reader_2_2.csv
1655,2,2,0,Reader_2_3.csv
1655,1,1,0,Reader_2_4.csv
1655,0,0,0,Reader_2_5.csv
1655,2,1,1,Reader_2_6.csv
1655,1,1,0,Reader_2_7.csv
1655,0,0,0,Reader_2_8.csv
1655,0,0,0,Reader_2_9.csv
1655,8,5,3,reader_3_1.csv
1655,3,2,1,Reader_3_2.csv
1655,2,2,0,Reader_3_3.csv
1655,2,2,0,Reader_3_4.csv
1655,5,5,0,Reader_3_5.csv
1655,3,2,1,Reader_3_6.csv
1655,1,1,0,Reader_3_7.csv
1656,5,3,2,Reader_1_1.csv
1656,0,0,0,Reader_1_10.csv
1656,0,0,0,Reader_1_11.csv
1656,3,3,0,Reader_1_12.csv
1656,6,5,1,Reader_1_2.csv
1656,1,1,0,Reader_1_3.csv
1656,3,3,0,Reader_1_4.csv
1656,6,4,2,Reader_1_5.csv
1656,1,1,0,Reader_1_6.csv
1656,2,1,1,Reader_1_7.csv
1656,0,0,0,Reader_1_8.csv
1656,0,0,0,Reader_1_9.csv
1656,1,1,0,Reader_2_1.csv
1656,1,1,0,Reader_2_10.csv
1656,1,1,0,Reader_2_11.csv
1656,1,0,1,Reader_2_12.csv
1656,0,0,0,Reader_2_2.csv
1656,1,1,0,Reader_2_3.csv
1656,1,1,0,Reader_2_4.csv
1656,0,0,0,Reader_2_5.csv
1656,1,0,1,Reader_2_6.csv
1656,1,1,0,Reader_2_7.csv
1656,0,0,0,Reader_2_8.csv
1656,0,0,0,Reader_2_9.csv
1656,8,5,3,reader_3_1.csv
1656,3,2,1,Reader_3_2.csv
1656,2,2,0,Reader_3_3.csv
1656,2,2,0,Reader_3_4.csv
1656,5,4,1,Reader_3_5.csv
1656,4,3,1,Reader_3_6.csv
1656,1,1,0,Reader_3_7.csv
1657,8,4,4,Reader_1_1.csv
1657,0,0,0,Reader_1_10.csv
1657,0,0,0,Reader_1_11.csv
1657,3,3,0,Reader_1_12.csv
1657,6,5,1,Reader_1_2.csv
1657,1,1,0,Reader_1_3.csv
1657,3,3,0,Reader_1_4.csv
1657,6,5,1,Reader_1_5.csv
1657,1,1,0,Reader_1_6.csv
1657,2,1,1,Reader_1_7.csv
1657,0,0,0,Reader_1_8.csv
1657,0,0,0,Reader_1_9.csv
1657,0,0,0,Reader_2_1.csv
1657,1,1,0,Reader_2_10.csv
1657,0,0,0,Reader_2_11.csv
1657,0,0,0,Reader_2_12.csv
1657,0,0,0,Reader_2_2.csv
1657,1,1,0,Reader_2_3.csv
1657,1,1,0,Reader_2_4.csv
1657,0,0,0,Reader_2_5.csv
1657,1,0,1,Reader_2_6.csv
1657,1,1,0,Reader_2_7.csv
1657,0,0,0,Reader_2_8.csv
1657,0,0,0,Reader_2_9.csv
1657,10,6,4,reader_3_1.csv
1657,3,2,1,Reader_3_2.csv
1657,4,4,0,Reader_3_3.csv
1657,4,4,0,Reader_3_4.csv
1657,3,2,1,Reader_3_5.csv
1657,4,3,1,Reader_3_6.csv
1657,1,1,0,Reader_3_7.csv
1658,7,4,3,Reader_1_1.csv
1658,0,0,0,Reader_1_10.csv
1658,1,1,0,Reader_1_11.csv
1658,3,3,0,Reader_1_12.csv
1658,5,4,1,Reader_1_2.csv
1658,1,1,0,Reader_1_3.csv
1658,1,1,0,Reader_1_4.csv
1658,6,5,1,Reader_1_5.csv
1658,2,2,0,Reader_1_6.csv
1658,1,1,0,Reader_1_7.csv
1658,0,0,0,Reader_1_8.csv
1658,0,0,0,Reader_1_9.csv
1658,0,0,0,Reader_2_1.csv
1658,1,1,0,Reader_2_10.csv
1658,0,0,0,Reader_2_11.csv
1658,0,0,0,Reader_2_12.csv
1658,0,0,0,Reader_2_2.csv
1658,1,1,0,Reader_2_3.csv
1658,1,1,0,Reader_2_4.csv
1658,0,0,0,Reader_2_5.csv
1658,1,0,1,Reader_2_6.csv
1658,1,1,0,Reader_2_7.csv
1658,0,0,0,Reader_2_8.csv
1658,0,0,0,Reader_2_9.csv
1658,9,5,4,reader_3_1.csv
1658,4,2,2,Reader_3_2.csv
1658,5,5,0,Reader_3_3.csv
1658,5,5,0,Reader_3_4.csv
1658,3,2,1,Reader_3_5.csv
1658,5,4,1,Reader_3_6.csv
1658,0,0,0,Reader_3_7.csv
1659,6,3,3,Reader_1_1.csv
1659,0,0,0,Reader_1_10.csv
1659,1,1,0,Reader_1_11.csv
1659,2,2,0,Reader_1_12.csv
1659,4,3,1,Reader_1_2.csv
1659,1,1,0,Reader_1_3.csv
1659,2,2,0,Reader_1_4.csv
1659,6,5,1,Reader_1_5.csv
1659,2,2,0,Reader_1_6.csv
1659,0,0,0,Reader_1_7.csv
1659,0,0,0,Reader_1_8.csv
1659,0,0,0,Reader_1_9.csv
1659,0,0,0,Reader_2_1.csv
1659,0,0,0,Reader_2_10.csv
1659,0,0,0,Reader_2_11.csv
1659,0,0,0,Reader_2_12.csv
1659,0,0,0,Reader_2_2.csv
1659,2,2,0,Reader_2_3.csv
1659,0,0,0,Reader_2_4.csv
1659,0,0,0,Reader_2_5.csv
1659,0,0,0,Reader_2_6.csv
1659,1,1,0,Reader_2_7.csv
1659,0,0,0,Reader_2_8.csv
1659,0,0,0,Reader_2_9.csv
1659,10,5,5,reader_3_1.csv
1659,4,2,2,Reader_3_2.csv
1659,6,6,0,Reader_3_3.csv
1659,6,6,0,Reader_3_4.csv
1659,4,2,2,Reader_3_5.csv
1659,5,4,1,Reader_3_6.csv
1659,0,0,0,Reader_3_7.csv
1660,7,4,3,Reader_1_1.csv
1660,0,0,0,Reader_1_10.csv
1660,1,1,0,Reader_1_11.csv
1660,1,1,0,Reader_1_12.csv
1660,3,3,0,Reader_1_2.csv
1660,1,1,0,Reader_1_3.csv
1660,1,1,0,Reader_1_4.csv
1660,4,3,1,Reader_1_5.csv
1660,2,2,0,Reader_1_6.csv
1660,1,1,0,Reader_1_7.csv
1660,0,0,0,Reader_1_8.csv
1660,0,0,0,Reader_1_9.csv
1660,0,0,0,Reader_2_1.csv
1660,0,0,0,Reader_2_10.csv
1660,1,1,0,Reader_2_11.csv
1660,0,0,0,Reader_2_12.csv
1660,0,0,0,Reader_2_2.csv
1660,2,2,0,Reader_2_3.csv
1660,0,0,0,Reader_2_4.csv
1660,0,0,0,Reader_2_5.csv
1660,0,0,0,Reader_2_6.csv
1660,1,1,0,Reader_2_7.csv
1660,0,0,0,Reader_2_8.csv
1660,0,0,0,Reader_2_9.csv
1660,10,5,5,reader_3_1.csv
1660,6,3,3,Reader_3_2.csv
1660,6,6,0,Reader_3_3.csv
1660,6,6,0,Reader_3_4.csv
1660,6,4,2,Reader_3_5.csv
1660,6,5,1,Reader_3_6.csv
1660,0,0,0,Reader_3_7.csv
1661,7,5,2,Reader_1_1.csv
1661,0,0,0,Reader_1_10.csv
1661,1,1,0,Reader_1_11.csv
1661,1,1,0,Reader_1_12.csv
1661,3,3,0,Reader_1_2.csv
1661,1,1,0,Reader_1_3.csv
1661,1,1,0,Reader_1_4.csv
1661,3,2,1,Reader_1_5.csv
1661,2,2,0,Reader_1_6.csv
1661,2,2,0,Reader_1_7.csv
1661,0,0,0,Reader_1_8.csv
1661,0,0,0,Reader_1_9.csv
1661,0,0,0,Reader_2_1.csv
1661,0,0,0,Reader_2_10.csv
1661,1,1,0,Reader_2_11.csv
1661,0,0,0,Reader_2_12.csv
1661,0,0,0,Reader_2_2.csv
1661,2,2,0,Reader_2_3.csv
1661,1,0,1,Reader_2_4.csv
1661,0,0,0,Reader_2_5.csv
1661,0,0,0,Reader_2_6.csv
1661,1,1,0,Reader_2_7.csv
1661,0,0,0,Reader_2_8.csv
1661,0,0,0,Reader_2_9.csv
1661,9,6,3,reader_3_1.csv
1661,7,3,4,Reader_3_2.csv
1661,7,7,0,Reader_3_3.csv
1661,7,7,0,Reader_3_4.csv
1661,8,5,3,Reader_3_5.csv
1661,7,6,1,Reader_3_6.csv
1661,0,0,0,Reader_3_7.csv
1662,6,4,2,Reader_1_1.csv
1662,0,0,0,Reader_1_10.csv
1662,1,1,0,Reader_1_11.csv
1662,1,1,0,Reader_1_12.csv
1662,4,3,1,Reader_1_2.csv
1662,1,1,0,Reader_1_3.csv
1662,2,2,0,Reader_1_4.csv
1662,2,1,1,Reader_1_5.csv
1662,2,2,0,Reader_1_6.csv
1662,3,3,0,Reader_1_7.csv
1662,0,0,0,Reader_1_8.csv
1662,0,0,0,Reader_1_9.csv
1662,0,0,0,Reader_2_1.csv
1662,0,0,0,Reader_2_10.csv
1662,1,1,0,Reader_2_11.csv
1662,0,0,0,Reader_2_12.csv
1662,0,0,0,Reader_2_2.csv
1662,1,1,0,Reader_2_3.csv
1662,2,0,2,Reader_2_4.csv
1662,0,0,0,Reader_2_5.csv
1662,0,0,0,Reader_2_6.csv
1662,0,0,0,Reader_2_7.csv
1662,0,0,0,Reader_2_8.csv
1662,0,0,0,Reader_2_9.csv
1662,8,5,3,reader_3_1.csv
1662,7,3,4,Reader_3_2.csv
1662,6,6,0,Reader_3_3.csv
1662,6,6,0,Reader_3_4.csv
1662,9,5,4,Reader_3_5.csv
1662,8,7,1,Reader_3_6.csv
1662,1,1,0,Reader_3_7.csv
1663,9,6,3,Reader_1_1.csv
1663,0,0,0,Reader_1_10.csv
1663,1,1,0,Reader_1_11.csv
1663,1,1,0,Reader_1_12.csv
1663,3,1,2,Reader_1_2.csv
1663,0,0,0,Reader_1_3.csv
1663,2,2,0,Reader_1_4.csv
1663,2,1,1,Reader_1_5.csv
1663,1,1,0,Reader_1_6.csv
1663,5,4,1,Reader_1_7.csv
1663,0,0,0,Reader_1_8.csv
1663,0,0,0,Reader_1_9.csv
1663,0,0,0,Reader_2_1.csv
1663,0,0,0,Reader_2_10.csv
1663,1,1,0,Reader_2_11.csv
1663,0,0,0,Reader_2_12.csv
1663,0,0,0,Reader_2_2.csv
1663,1,1,0,Reader_2_3.csv
1663,2,0,2,Reader_2_4.csv
1663,0,0,0,Reader_2_5.csv
1663,0,0,0,Reader_2_6.csv
1663,0,0,0,Reader_2_7.csv
1663,0,0,0,Reader_2_8.csv
1663,0,0,0,Reader_2_9.csv
1663,8,5,3,reader_3_1.csv
1663,6,2,4,Reader_3_2.csv
1663,7,7,0,Reader_3_3.csv
1663,7,7,0,Reader_3_4.csv
1663,10,5,5,Reader_3_5.csv
1663,6,6,0,Reader_3_6.csv
1663,1,1,0,Reader_3_7.csv
1664,9,6,3,Reader_1_1.csv
1664,0,0,0,Reader_1_10.csv
1664,1,1,0,Reader_1_11.csv
1664,1,1,0,Reader_1_12.csv
1664,4,1,3,Reader_1_2.csv
1664,0,0,0,Reader_1_3.csv
1664,2,2,0,Reader_1_4.csv
1664,2,1,1,Reader_1_5.csv
1664,1,1,0,Reader_1_6.csv
1664,5,4,1,Reader_1_7.csv
1664,0,0,0,Reader_1_8.csv
1664,0,0,0,Reader_1_9.csv
1664,0,0,0,Reader_2_1.csv
1664,0,0,0,Reader_2_10.csv
1664,1,1,0,Reader_2_11.csv
1664,2,2,0,Reader_2_12.csv
1664,0,0,0,Reader_2_2.csv
1664,1,1,0,Reader_2_3.csv
1664,2,0,2,Reader_2_4.csv
1664,0,0,0,Reader_2_5.csv
1664,0,0,0,Reader_2_6.csv
1664,0,0,0,Reader_2_7.csv
1664,0,0,0,Reader_2_8.csv
1664,0,0,0,Reader_2_9.csv
1664,8,6,2,reader_3_1.csv
1664,6,2,4,Reader_3_2.csv
1664,6,6,0,Reader_3_3.csv
1664,6,6,0,Reader_3_4.csv
1664,11,7,4,Reader_3_5.csv
1664,6,6,0,Reader_3_6.csv
1664,1,1,0,Reader_3_7.csv
1665,10,8,2,Reader_1_1.csv
1665,0,0,0,Reader_1_10.csv
1665,1,1,0,Reader_1_11.csv
1665,1,1,0,Reader_1_12.csv
1665,6,2,4,Reader_1_2.csv
1665,0,0,0,Reader_1_3.csv
1665,2,2,0,Reader_1_4.csv
1665,1,0,1,Reader_1_5.csv
1665,1,1,0,Reader_1_6.csv
1665,5,4,1,Reader_1_7.csv
1665,0,0,0,Reader_1_8.csv
1665,0,0,0,Reader_1_9.csv
1665,0,0,0,Reader_2_1.csv
1665,0,0,0,Reader_2_10.csv
1665,2,2,0,Reader_2_11.csv
1665,2,2,0,Reader_2_12.csv
1665,0,0,0,Reader_2_2.csv
1665,1,1,0,Reader_2_3.csv
1665,3,1,2,Reader_2_4.csv
1665,0,0,0,Reader_2_5.csv
1665,0,0,0,Reader_2_6.csv
1665,0,0,0,Reader_2_7.csv
1665,0,0,0,Reader_2_8.csv
1665,0,0,0,Reader_2_9.csv
1665,6,5,1,reader_3_1.csv
1665,7,3,4,Reader_3_2.csv
1665,5,4,1,Reader_3_3.csv
1665,5,4,1,Reader_3_4.csv
1665,12,8,4,Reader_3_5.csv
1665,5,5,0,Reader_3_6.csv
1665,2,1,1,Reader_3_7.csv
1666,11,9,2,Reader_1_1.csv
1666,0,0,0,Reader_1_10.csv
1666,0,0,0,Reader_1_11.csv
1666,2,2,0,Reader_1_12.csv
1666,7,2,5,Reader_1_2.csv
1666,0,0,0,Reader_1_3.csv
1666,2,2,0,Reader_1_4.csv
1666,1,0,1,Reader_1_5.csv
1666,0,0,0,Reader_1_6.csv
1666,7,6,1,Reader_1_7.csv
1666,0,0,0,Reader_1_8.csv
1666,0,0,0,Reader_1_9.csv
1666,0,0,0,Reader_2_1.csv
1666,0,0,0,Reader_2_10.csv
1666,2,2,0,Reader_2_11.csv
1666,2,2,0,Reader_2_12.csv
1666,0,0,0,Reader_2_2.csv
1666,1,1,0,Reader_2_3.csv
1666,3,1,2,Reader_2_4.csv
1666,0,0,0,Reader_2_5.csv
1666,0,0,0,Reader_2_6.csv
1666,0,0,0,Reader_2_7.csv
1666,0,0,0,Reader_2_8.csv
1666,0,0,0,Reader_2_9.csv
1666,7,4,3,reader_3_1.csv
1666,6,3,3,Reader_3_2.csv
1666,4,3,1,Reader_3_3.csv
1666,4,3,1,Reader_3_4.csv
1666,14,10,4,Reader_3_5.csv
1666,4,4,0,Reader_3_6.csv
1666,3,2,1,Reader_3_7.csv
1667,11,9,2,Reader_1_1.csv
1667,0,0,0,Reader_1_10.csv
1667,0,0,0,Reader_1_11.csv
1667,2,2,0,Reader_1_12.csv
1667,8,2,6,Reader_1_2.csv
1667,0,0,0,Reader_1_3.csv
1667,1,1,0,Reader_1_4.csv
1667,1,0,1,Reader_1_5.csv
1667,0,0,0,Reader_1_6.csv
1667,8,7,1,Reader_1_7.csv
1667,0,0,0,Reader_1_8.csv
1667,0,0,0,Reader_1_9.csv
1667,0,0,0,Reader_2_1.csv
1667,0,0,0,Reader_2_10.csv
1667,2,2,0,Reader_2_11.csv
1667,2,2,0,Reader_2_12.csv
1667,0,0,0,Reader_2_2.csv
1667,0,0,0,Reader_2_3.csv
1667,3,1,2,Reader_2_4.csv
1667,0,0,0,Reader_2_5.csv
1667,0,0,0,Reader_2_6.csv
1667,0,0,0,Reader_2_7.csv
1667,0,0,0,Reader_2_8.csv
1667,0,0,0,Reader_2_9.csv
1667,9,6,3,reader_3_1.csv
1667,5,2,3,Reader_3_2.csv
1667,3,2,1,Reader_3_3.csv
1667,3,2,1,Reader_3_4.csv
1667,14,10,4,Reader_3_5.csv
1667,4,4,0,Reader_3_6.csv
1667,3,2,1,Reader_3_7.csv
1668,12,10,2,Reader_1_1.csv
1668,0,0,0,Reader_1_10.csv
1668,0,0,0,Reader_1_11.csv
1668,3,3,0,Reader_1_12.csv
1668,8,2,6,Reader_1_2.csv
1668,0,0,0,Reader_1_3.csv
1668,2,1,1,Reader_1_4.csv
1668,1,0,1,Reader_1_5.csv
1668,0,0,0,Reader_1_6.csv
1668,8,7,1,Reader_1_7.csv
1668,0,0,0,Reader_1_8.csv
1668,0,0,0,Reader_1_9.csv
1668,0,0,0,Reader_2_1.csv
1668,0,0,0,Reader_2_10.csv
1668,1,1,0,Reader_2_11.csv
1668,2,2,0,Reader_2_12.csv
1668,0,0,0,Reader_2_2.csv
1668,0,0,0,Reader_2_3.csv
1668,3,1,2,Reader_2_4.csv
1668,0,0,0,Reader_2_5.csv
1668,0,0,0,Reader_2_6.csv
1668,0,0,0,Reader_2_7.csv
1668,0,0,0,Reader_2_8.csv
1668,0,0,0,Reader_2_9.csv
1668,11,8,3,reader_3_1.csv
1668,3,1,2,Reader_3_2.csv
1668,3,2,1,Reader_3_3.csv
1668,3,2,1,Reader_3_4.csv
1668,12,8,4,Reader_3_5.csv
1668,5,4,1,Reader_3_6.csv
1668,3,2,1,Reader_3_7.csv
1669,13,11,2,Reader_1_1.csv
1669,0,0,0,Reader_1_10.csv
1669,0,0,0,Reader_1_11.csv
1669,3,3,0,Reader_1_12.csv
1669,9,2,7,Reader_1_2.csv
1669,1,1,0,Reader_1_3.csv
1669,2,1,1,Reader_1_4.csv
1669,1,1,0,Reader_1_5.csv
1669,0,0,0,Reader_1_6.csv
1669,8,6,2,Reader_1_7.csv
1669,0,0,0,Reader_1_8.csv
1669,0,0,0,Reader_1_9.csv
1669,0,0,0,Reader_2_1.csv
1669,0,0,0,Reader_2_10.csv
1669,1,1,0,Reader_2_11.csv
1669,2,2,0,Reader_2_12.csv
1669,0,0,0,Reader_2_2.csv
1669,0,0,0,Reader_2_3.csv
1669,5,4,1,Reader_2_4.csv
1669,0,0,0,Reader_2_5.csv
1669,0,0,0,Reader_2_6.csv
1669,0,0,0,Reader_2_7.csv
1669,0,0,0,Reader_2_8.csv
1669,0,0,0,Reader_2_9.csv
1669,11,8,3,reader_3_1.csv
1669,2,1,1,Reader_3_2.csv
1669,2,1,1,Reader_3_3.csv
1669,2,1,1,Reader_3_4.csv
1669,12,9,3,Reader_3_5.csv
1669,4,3,1,Reader_3_6.csv
1669,5,4,1,Reader_3_7.csv
1670,14,12,2,Reader_1_1.csv
1670,0,0,0,Reader_1_10.csv
1670,0,0,0,Reader_1_11.csv
1670,3,3,0,Reader_1_12.csv
1670,7,1,6,Reader_1_2.csv
1670,1,1,0,Reader_1_3.csv
1670,1,0,1,Reader_1_4.csv
1670,1,1,0,Reader_1_5.csv
1670,0,0,0,Reader_1_6.csv
1670,9,7,2,Reader_1_7.csv
1670,0,0,0,Reader_1_8.csv
1670,0,0,0,Reader_1_9.csv
1670,0,0,0,Reader_2_1.csv
1670,0,0,0,Reader_2_10.csv
1670,1,1,0,Reader_2_11.csv
1670,2,2,0,Reader_2_12.csv
1670,0,0,0,Reader_2_2.csv
1670,0,0,0,Reader_2_3.csv
1670,4,4,0,Reader_2_4.csv
1670,0,0,0,Reader_2_5.csv
1670,0,0,0,Reader_2_6.csv
1670,0,0,0,Reader_2_7.csv
1670,0,0,0,Reader_2_8.csv
1670,0,0,0,Reader_2_9.csv
1670,15,12,3,reader_3_1.csv
1670,1,1,0,Reader_3_2.csv
1670,2,1,1,Reader_3_3.csv
1670,2,1,1,Reader_3_4.csv
1670,11,9,2,Reader_3_5.csv
1670,3,2,1,Reader_3_6.csv
1670,4,3,1,Reader_3_7.csv
1671,11,10,1,Reader_1_1.csv
1671,0,0,0,Reader_1_10.csv
1671,0,0,0,Reader_1_11.csv
1671,3,3,0,Reader_1_12.csv
1671,6,1,5,Reader_1_2.csv
1671,1,1,0,Reader_1_3.csv
1671,1,0,1,Reader_1_4.csv
1671,2,2,0,Reader_1_5.csv
1671,0,0,0,Reader_1_6.csv
1671,9,6,3,Reader_1_7.csv
1671,0,0,0,Reader_1_8.csv
1671,0,0,0,Reader_1_9.csv
1671,0,0,0,Reader_2_1.csv
1671,0,0,0,Reader_2_10.csv
1671,1,1,0,Reader_2_11.csv
1671,2,2,0,Reader_2_12.csv
1671,0,0,0,Reader_2_2.csv
1671,0,0,0,Reader_2_3.csv
1671,4,4,0,Reader_2_4.csv
1671,0,0,0,Reader_2_5.csv
1671,0,0,0,Reader_2_6.csv
1671,0,0,0,Reader_2_7.csv
1671,0,0,0,Reader_2_8.csv
1671,0,0,0,Reader_2_9.csv
1671,16,13,3,reader_3_1.csv
1671,2,2,0,Reader_3_2.csv
1671,1,0,1,Reader_3_3.csv
1671,1,0,1,Reader_3_4.csv
1671,11,9,2,Reader_3_5.csv
1671,3,2,1,Reader_3_6.csv
1671,5,4,1,Reader_3_7.csv
1672,14,13,1,Reader_1_1.csv
1672,0,0,0,Reader_1_10.csv
1672,0,0,0,Reader_1_11.csv
1672,5,5,0,Reader_1_12.csv
1672,5,1,4,Reader_1_2.csv
1672,1,1,0,Reader_1_3.csv
1672,3,2,1,Reader_1_4.csv
1672,2,2,0,Reader_1_5.csv
1672,0,0,0,Reader_1_6.csv
1672,9,6,3,Reader_1_7.csv
1672,0,0,0,Reader_1_8.csv
1672,0,0,0,Reader_1_9.csv
1672,0,0,0,Reader_2_1.csv
1672,0,0,0,Reader_2_10.csv
1672,2,2,0,Reader_2_11.csv
1672,0,0,0,Reader_2_12.csv
1672,0,0,0,Reader_2_2.csv
1672,0,0,0,Reader_2_3.csv
1672,4,4,0,Reader_2_4.csv
1672,0,0,0,Reader_2_5.csv
1672,0,0,0,Reader_2_6.csv
1672,0,0,0,Reader_2_7.csv
1672,0,0,0,Reader_2_8.csv
1672,0,0,0,Reader_2_9.csv
1672,19,15,4,reader_3_1.csv
1672,2,2,0,Reader_3_2.csv
1672,1,0,1,Reader_3_3.csv
1672,1,0,1,Reader_3_4.csv
1672,9,7,2,Reader_3_5.csv
1672,3,1,2,Reader_3_6.csv
1672,5,4,1,Reader_3_7.csv
1673,11,11,0,Reader_1_1.csv
1673,0,0,0,Reader_1_10.csv
1673,0,0,0,Reader_1_11.csv
1673,6,6,0,Reader_1_12.csv
1673,4,0,4,Reader_1_2.csv
1673,1,1,0,Reader_1_3.csv
1673,3,2,1,Reader_1_4.csv
1673,3,3,0,Reader_1_5.csv
1673,0,0,0,Reader_1_6.csv
1673,11,8,3,Reader_1_7.csv
1673,0,0,0,Reader_1_8.csv
1673,0,0,0,Reader_1_9.csv
1673,0,0,0,Reader_2_1.csv
1673,0,0,0,Reader_2_10.csv
1673,1,1,0,Reader_2_11.csv
1673,0,0,0,Reader_2_12.csv
1673,0,0,0,Reader_2_2.csv
1673,0,0,0,Reader_2_3.csv
1673,3,3,0,Reader_2_4.csv
1673,0,0,0,Reader_2_5.csv
1673,0,0,0,Reader_2_6.csv
1673,0,0,0,Reader_2_7.csv
1673,0,0,0,Reader_2_8.csv
1673,0,0,0,Reader_2_9.csv
1673,23,19,4,reader_3_1.csv
1673,1,1,0,Reader_3_2.csv
1673,1,1,0,Reader_3_3.csv
1673,1,1,0,Reader_3_4.csv
1673,8,6,2,Reader_3_5.csv
1673,5,3,2,Reader_3_6.csv
1673,4,4,0,Reader_3_7.csv
1674,14,14,0,Reader_1_1.csv
1674,0,0,0,Reader_1_10.csv
1674,0,0,0,Reader_1_11.csv
1674,5,5,0,Reader_1_12.csv
1674,3,0,3,Reader_1_2.csv
1674,1,1,0,Reader_1_3.csv
1674,3,2,1,Reader_1_4.csv
1674,3,3,0,Reader_1_5.csv
1674,0,0,0,Reader_1_6.csv
1674,9,6,3,Reader_1_7.csv
1674,0,0,0,Reader_1_8.csv
1674,0,0,0,Reader_1_9.csv
1674,0,0,0,Reader_2_1.csv
1674,0,0,0,Reader_2_10.csv
1674,2,2,0,Reader_2_11.csv
1674,0,0,0,Reader_2_12.csv
1674,0,0,0,Reader_2_2.csv
1674,0,0,0,Reader_2_3.csv
1674,3,3,0,Reader_2_4.csv
1674,0,0,0,Reader_2_5.csv
1674,1,1,0,Reader_2_6.csv
1674,0,0,0,Reader_2_7.csv
1674,0,0,0,Reader_2_8.csv
1674,0,0,0,Reader_2_9.csv
1674,23,21,2,reader_3_1.csv
1674,2,1,1,Reader_3_2.csv
1674,1,1,0,Reader_3_3.csv
1674,1,1,0,Reader_3_4.csv
1674,7,5,2,Reader_3_5.csv
1674,6,4,2,Reader_3_6.csv
1674,4,4,0,Reader_3_7.csv
1675,17,15,2,Reader_1_1.csv
1675,0,0,0,Reader_1_10.csv
1675,0,0,0,Reader_1_11.csv
1675,6,6,0,Reader_1_12.csv
1675,4,0,4,Reader_1_2.csv
1675,1,1,0,Reader_1_3.csv
1675,3,2,1,Reader_1_4.csv
1675,3,3,0,Reader_1_5.csv
1675,0,0,0,Reader_1_6.csv
1675,9,6,3,Reader_1_7.csv
1675,0,0,0,Reader_1_8.csv
1675,1,1,0,Reader_1_9.csv
1675,0,0,0,Reader_2_1.csv
1675,0,0,0,Reader_2_10.csv
1675,3,3,0,Reader_2_11.csv
1675,0,0,0,Reader_2_12.csv
1675,0,0,0,Reader_2_2.csv
1675,0,0,0,Reader_2_3.csv
1675,4,4,0,Reader_2_4.csv
1675,0,0,0,Reader_2_5.csv
1675,1,1,0,Reader_2_6.csv
1675,0,0,0,Reader_2_7.csv
1675,0,0,0,Reader_2_8.csv
1675,0,0,0,Reader_2_9.csv
1675,21,20,1,reader_3_1.csv
1675,2,1,1,Reader_3_2.csv
1675,1,1,0,Reader_3_3.csv
1675,1,1,0,Reader_3_4.csv
1675,7,5,2,Reader_3_5.csv
1675,6,4,2,Reader_3_6.csv
1675,4,4,0,Reader_3_7.csv
1676,19,16,3,Reader_1_1.csv
1676,0,0,0,Reader_1_10.csv
1676,0,0,0,Reader_1_11.csv
1676,6,5,1,Reader_1_12.csv
1676,4,0,4,Reader_1_2.csv
1676,1,1,0,Reader_1_3.csv
1676,2,2,0,Reader_1_4.csv
1676,3,3,0,Reader_1_5.csv
1676,0,0,0,Reader_1_6.csv
1676,9,5,4,Reader_1_7.csv
1676,0,0,0,Reader_1_8.csv
1676,1,1,0,Reader_1_9.csv
1676,0,0,0,Reader_2_1.csv
1676,0,0,0,Reader_2_10.csv
1676,3,3,0,Reader_2_11.csv
1676,0,0,0,Reader_2_12.csv
1676,0,0,0,Reader_2_2.csv
1676,0,0,0,Reader_2_3.csv
1676,4,4,0,Reader_2_4.csv
1676,0,0,0,Reader_2_5.csv
1676,1,1,0,Reader_2_6.csv
1676,0,0,0,Reader_2_7.csv
1676,0,0,0,Reader_2_8.csv
1676,0,0,0,Reader_2_9.csv
1676,21,20,1,reader_3_1.csv
1676,5,4,1,Reader_3_2.csv
1676,1,1,0,Reader_3_3.csv
1676,1,1,0,Reader_3_4.csv
1676,6,4,2,Reader_3_5.csv
1676,5,4,1,Reader_3_6.csv
1676,5,4,1,Reader_3_7.csv
1677,19,16,3,Reader_1_1.csv
1677,0,0,0,Reader_1_10.csv
1677,0,0,0,Reader_1_11.csv
1677,6,5,1,Reader_1_12.csv
1677,4,0,4,Reader_1_2.csv
1677,1,1,0,Reader_1_3.csv
1677,2,2,0,Reader_1_4.csv
1677,2,2,0,Reader_1_5.csv
1677,0,0,0,Reader_1_6.csv
1677,8,5,3,Reader_1_7.csv
1677,0,0,0,Reader_1_8.csv
1677,1,1,0,Reader_1_9.csv
1677,0,0,0,Reader_2_1.csv
1677,0,0,0,Reader_2_10.csv
1677,3,3,0,Reader_2_11.csv
1677,0,0,0,Reader_2_12.csv
1677,0,0,0,Reader_2_2.csv
1677,0,0,0,Reader_2_3.csv
1677,1,1,0,Reader_2_4.csv
1677,0,0,0,Reader_2_5.csv
1677,1,1,0,Reader_2_6.csv
1677,0,0,0,Reader_2_7.csv
1677,0,0,0,Reader_2_8.csv
1677,0,0,0,Reader_2_9.csv
1677,22,21,1,reader_3_1.csv
1677,5,4,1,Reader_3_2.csv
1677,1,1,0,Reader_3_3.csv
1677,1,1,0,Reader_3_4.csv
1677,7,5,2,Reader_3_5.csv
1677,6,5,1,Reader_3_6.csv
1677,3,2,1,Reader_3_7.csv
1678,22,18,4,Reader_1_1.csv
1678,0,0,0,Reader_1_10.csv
1678,0,0,0,Reader_1_11.csv
1678,5,4,1,Reader_1_12.csv
1678,4,0,4,Reader_1_2.csv
1678,1,1,0,Reader_1_3.csv
1678,2,2,0,Reader_1_4.csv
1678,2,2,0,Reader_1_5.csv
1678,0,0,0,Reader_1_6.csv
1678,6,3,3,Reader_1_7.csv
1678,0,0,0,Reader_1_8.csv
1678,1,1,0,Reader_1_9.csv
1678,0,0,0,Reader_2_1.csv
1678,0,0,0,Reader_2_10.csv
1678,3,3,0,Reader_2_11.csv
1678,0,0,0,Reader_2_12.csv
1678,0,0,0,Reader_2_2.csv
1678,0,0,0,Reader_2_3.csv
1678,1,1,0,Reader_2_4.csv
1678,0,0,0,Reader_2_5.csv
1678,1,1,0,Reader_2_6.csv
1678,0,0,0,Reader_2_7.csv
1678,0,0,0,Reader_2_8.csv
1678,0,0,0,Reader_2_9.csv
1678,19,18,1,reader_3_1.csv
1678,5,4,1,Reader_3_2.csv
1678,1,1,0,Reader_3_3.csv
1678,1,1,0,Reader_3_4.csv
1678,6,4,2,Reader_3_5.csv
1678,7,6,1,Reader_3_6.csv
1678,4,3,1,Reader_3_7.csv
1679,23,19,4,Reader_1_1.csv
1679,0,0,0,Reader_1_10.csv
1679,0,0,0,Reader_1_11.csv
1679,5,4,1,Reader_1_12.csv
1679,4,0,4,Reader_1_2.csv
1679,1,1,0,Reader_1_3.csv
1679,3,3,0,Reader_1_4.csv
1679,1,1,0,Reader_1_5.csv
1679,0,0,0,Reader_1_6.csv
1679,5,4,1,Reader_1_7.csv
1679,2,2,0,Reader_1_8.csv
1679,2,2,0,Reader_1_9.csv
1679,0,0,0,Reader_2_1.csv
1679,0,0,0,Reader_2_10.csv
1679,3,3,0,Reader_2_11.csv
1679,0,0,0,Reader_2_12.csv
1679,0,0,0,Reader_2_2.csv
1679,0,0,0,Reader_2_3.csv
1679,1,1,0,Reader_2_4.csv
1679,0,0,0,Reader_2_5.csv
1679,1,1,0,Reader_2_6.csv
1679,0,0,0,Reader_2_7.csv
1679,0,0,0,Reader_2_8.csv
1679,0,0,0,Reader_2_9.csv
1679,20,19,1,reader_3_1.csv
1679,4,3,1,Reader_3_2.csv
1679,3,3,0,Reader_3_3.csv
1679,3,3,0,Reader_3_4.csv
1679,5,4,1,Reader_3_5.csv
1679,9,7,2,Reader_3_6.csv
1679,4,3,1,Reader_3_7.csv
1680,21,17,4,Reader_1_1.csv
1680,0,0,0,Reader_1_10.csv
1680,0,0,0,Reader_1_11.csv
1680,3,2,1,Reader_1_12.csv
1680,4,0,4,Reader_1_2.csv
1680,2,2,0,Reader_1_3.csv
1680,1,1,0,Reader_1_4.csv
1680,1,1,0,Reader_1_5.csv
1680,0,0,0,Reader_1_6.csv
1680,5,4,1,Reader_1_7.csv
1680,2,2,0,Reader_1_8.csv
1680,2,2,0,Reader_1_9.csv
1680,1,1,0,Reader_2_1.csv
1680,0,0,0,Reader_2_10.csv
1680,2,2,0,Reader_2_11.csv
1680,0,0,0,Reader_2_12.csv
1680,0,0,0,Reader_2_2.csv
1680,0,0,0,Reader_2_3.csv
1680,1,1,0,Reader_2_4.csv
1680,0,0,0,Reader_2_5.csv
1680,2,2,0,Reader_2_6.csv
1680,0,0,0,Reader_2_7.csv
1680,0,0,0,Reader_2_8.csv
1680,0,0,0,Reader_2_9.csv
1680,18,16,2,reader_3_1.csv
1680,5,4,1,Reader_3_2.csv
1680,3,3,0,Reader_3_3.csv
1680,3,3,0,Reader_3_4.csv
1680,5,4,1,Reader_3_5.csv
1680,9,7,2,Reader_3_6.csv
1680,4,3,1,Reader_3_7.csv
1681,21,16,5,Reader_1_1.csv
1681,0,0,0,Reader_1_10.csv
1681,0,0,0,Reader_1_11.csv
1681,2,1,1,Reader_1_12.csv
1681,3,0,3,Reader_1_2.csv
1681,2,2,0,Reader_1_3.csv
1681,1,1,0,Reader_1_4.csv
1681,0,0,0,Reader_1_5.csv
1681,0,0,0,Reader_1_6.csv
1681,3,2,1,Reader_1_7.csv
1681,2,2,0,Reader_1_8.csv
1681,3,3,0,Reader_1_9.csv
1681,1,1,0,Reader_2_1.csv
1681,0,0,0,Reader_2_10.csv
1681,3,3,0,Reader_2_11.csv
1681,0,0,0,Reader_2_12.csv
1681,0,0,0,Reader_2_2.csv
1681,0,0,0,Reader_2_3.csv
1681,1,1,0,Reader_2_4.csv
1681,0,0,0,Reader_2_5.csv
1681,2,2,0,Reader_2_6.csv
1681,0,0,0,Reader_2_7.csv
1681,0,0,0,Reader_2_8.csv
1681,0,0,0,Reader_2_9.csv
1681,20,17,3,reader_3_1.csv
1681,5,4,1,Reader_3_2.csv
1681,3,3,0,Reader_3_3.csv
1681,3,3,0,Reader_3_4.csv
1681,5,4,1,Reader_3_5.csv
1681,7,5,2,Reader_3_6.csv
1681,5,4,1,Reader_3_7.csv
1682,17,12,5,Reader_1_1.csv
1682,0,0,0,Reader_1_10.csv
1682,0,0,0,Reader_1_11.csv
1682,4,2,2,Reader_1_12.csv
1682,3,0,3,Reader_1_2.csv
1682,2,2,0,Reader_1_3.csv
1682,1,1,0,Reader_1_4.csv
1682,1,0,1,Reader_1_5.csv
1682,0,0,0,Reader_1_6.csv
1682,3,2,1,Reader_1_7.csv
1682,2,2,0,Reader_1_8.csv
1682,3,3,0,Reader_1_9.csv
1682,1,1,0,Reader_2_1.csv
1682,0,0,0,Reader_2_10.csv
1682,3,3,0,Reader_2_11.csv
1682,0,0,0,Reader_2_12.csv
1682,0,0,0,Reader_2_2.csv
1682,0,0,0,Reader_2_3.csv
1682,1,1,0,Reader_2_4.csv
1682,0,0,0,Reader_2_5.csv
1682,1,1,0,Reader_2_6.csv
1682,1,1,0,Reader_2_7.csv
1682,0,0,0,Reader_2_8.csv
1682,0,0,0,Reader_2_9.csv
1682,19,16,3,reader_3_1.csv
1682,4,4,0,Reader_3_2.csv
1682,4,4,0,Reader_3_3.csv
1682,4,4,0,Reader_3_4.csv
1682,4,3,1,Reader_3_5.csv
1682,6,4,2,Reader_3_6.csv
1682,4,3,1,Reader_3_7.csv
1683,15,12,3,Reader_1_1.csv
1683,0,0,0,Reader_1_10.csv
1683,0,0,0,Reader_1_11.csv
1683,3,1,2,Reader_1_12.csv
1683,1,0,1,Reader_1_2.csv
1683,2,2,0,Reader_1_3.csv
1683,1,1,0,Reader_1_4.csv
1683,1,0,1,Reader_1_5.csv
1683,0,0,0,Reader_1_6.csv
1683,5,4,1,Reader_1_7.csv
1683,2,2,0,Reader_1_8.csv
1683,2,2,0,Reader_1_9.csv
1683,1,1,0,Reader_2_1.csv
1683,0,0,0,Reader_2_10.csv
1683,2,2,0,Reader_2_11.csv
1683,0,0,0,Reader_2_12.csv
1683,0,0,0,Reader_2_2.csv
1683,0,0,0,Reader_2_3.csv
1683,1,1,0,Reader_2_4.csv
1683,0,0,0,Reader_2_5.csv
1683,1,1,0,Reader_2_6.csv
1683,1,1,0,Reader_2_7.csv
1683,0,0,0,Reader_2_8.csv
1683,0,0,0,Reader_2_9.csv
1683,17,14,3,reader_3_1.csv
1683,6,6,0,Reader_3_2.csv
1683,5,5,0,Reader_3_3.csv
1683,5,5,0,Reader_3_4.csv
1683,3,3,0,Reader_3_5.csv
1683,7,5,2,Reader_3_6.csv
1683,4,3,1,Reader_3_7.csv
1684,12,10,2,Reader_1_1.csv
1684,0,0,0,Reader_1_10.csv
1684,0,0,0,Reader_1_11.csv
1684,2,1,1,Reader_1_12.csv
1684,1,0,1,Reader_1_2.csv
1684,2,2,0,Reader_1_3.csv
1684,1,1,0,Reader_1_4.csv
1684,1,0,1,Reader_1_5.csv
1684,1,0,1,Reader_1_6.csv
1684,4,4,0,Reader_1_7.csv
1684,3,3,0,Reader_1_8.csv
1684,2,2,0,Reader_1_9.csv
1684,1,1,0,Reader_2_1.csv
1684,0,0,0,Reader_2_10.csv
1684,2,2,0,Reader_2_11.csv
1684,0,0,0,Reader_2_12.csv
1684,0,0,0,Reader_2_2.csv
1684,1,1,0,Reader_2_3.csv
1684,1,1,0,Reader_2_4.csv
1684,0,0,0,Reader_2_5.csv
1684,1,1,0,Reader_2_6.csv
1684,1,1,0,Reader_2_7.csv
1684,0,0,0,Reader_2_8.csv
1684,0,0,0,Reader_2_9.csv
1684,17,14,3,reader_3_1.csv
1684,3,3,0,Reader_3_2.csv
1684,5,5,0,Reader_3_3.csv
1684,5,5,0,Reader_3_4.csv
1684,3,3,0,Reader_3_5.csv
1684,6,4,2,Reader_3_6.csv
1684,3,3,0,Reader_3_7.csv
1685,12,9,3,Reader_1_1.csv
1685,0,0,0,Reader_1_10.csv
1685,0,0,0,Reader_1_11.csv
1685,2,1,1,Reader_1_12.csv
1685,0,0,0,Reader_1_2.csv
1685,2,2,0,Reader_1_3.csv
1685,1,1,0,Reader_1_4.csv
1685,1,0,1,Reader_1_5.csv
1685,1,0,1,Reader_1_6.csv
1685,5,4,1,Reader_1_7.csv
1685,3,3,0,Reader_1_8.csv
1685,2,2,0,Reader_1_9.csv
1685,1,1,0,Reader_2_1.csv
1685,0,0,0,Reader_2_10.csv
1685,2,2,0,Reader_2_11.csv
1685,0,0,0,Reader_2_12.csv
1685,0,0,0,Reader_2_2.csv
1685,1,1,0,Reader_2_3.csv
1685,1,1,0,Reader_2_4.csv
1685,0,0,0,Reader_2_5.csv
1685,1,1,0,Reader_2_6.csv
1685,1,1,0,Reader_2_7.csv
1685,0,0,0,Reader_2_8.csv
1685,0,0,0,Reader_2_9.csv
1685,16,12,4,reader_3_1.csv
1685,5,4,1,Reader_3_2.csv
1685,6,6,0,Reader_3_3.csv
1685,6,6,0,Reader_3_4.csv
1685,1,0,1,Reader_3_5.csv
1685,5,3,2,Reader_3_6.csv
1685,4,4,0,Reader_3_7.csv
1686,8,6,2,Reader_1_1.csv
1686,0,0,0,Reader_1_10.csv
1686,0,0,0,Reader_1_11.csv
1686,3,2,1,Reader_1_12.csv
1686,0,0,0,Reader_1_2.csv
1686,2,2,0,Reader_1_3.csv
1686,1,1,0,Reader_1_4.csv
1686,1,0,1,Reader_1_5.csv
1686,1,0,1,Reader_1_6.csv
1686,8,7,1,Reader_1_7.csv
1686,3,3,0,Reader_1_8.csv
1686,2,2,0,Reader_1_9.csv
1686,1,1,0,Reader_2_1.csv
1686,0,0,0,Reader_2_10.csv
1686,2,2,0,Reader_2_11.csv
1686,0,0,0,Reader_2_12.csv
1686,0,0,0,Reader_2_2.csv
1686,1,1,0,Reader_2_3.csv
1686,1,1,0,Reader_2_4.csv
1686,0,0,0,Reader_2_5.csv
1686,2,2,0,Reader_2_6.csv
1686,2,2,0,Reader_2_7.csv
1686,0,0,0,Reader_2_8.csv
1686,0,0,0,Reader_2_9.csv
1686,17,13,4,reader_3_1.csv
1686,5,4,1,Reader_3_2.csv
1686,7,7,0,Reader_3_3.csv
1686,7,7,0,Reader_3_4.csv
1686,1,0,1,Reader_3_5.csv
1686,4,2,2,Reader_3_6.csv
1686,3,3,0,Reader_3_7.csv
1687,8,5,3,Reader_1_1.csv
1687,0,0,0,Reader_1_10.csv
1687,0,0,0,Reader_1_11.csv
1687,3,2,1,Reader_1_12.csv
1687,1,1,0,Reader_1_2.csv
1687,2,2,0,Reader_1_3.csv
1687,1,1,0,Reader_1_4.csv
1687,1,0,1,Reader_1_5.csv
1687,1,0,1,Reader_1_6.csv
1687,7,6,1,Reader_1_7.csv
1687,1,1,0,Reader_1_8.csv
1687,1,1,0,Reader_1_9.csv
1687,1,1,0,Reader_2_1.csv
1687,0,0,0,Reader_2_10.csv
1687,2,2,0,Reader_2_11.csv
1687,0,0,0,Reader_2_12.csv
1687,0,0,0,Reader_2_2.csv
1687,1,1,0,Reader_2_3.csv
1687,1,1,0,Reader_2_4.csv
1687,0,0,0,Reader_2_5.csv
1687,2,2,0,Reader_2_6.csv
1687,2,2,0,Reader_2_7.csv
1687,0,0,0,Reader_2_8.csv
1687,0,0,0,Reader_2_9.csv
1687,15,11,4,reader_3_1.csv
1687,7,6,1,Reader_3_2.csv
1687,6,5,1,Reader_3_3.csv
1687,6,5,1,Reader_3_4.csv
1687,1,0,1,Reader_3_5.csv
1687,4,2,2,Reader_3_6.csv
1687,2,2,0,Reader_3_7.csv
1688,7,4,3,Reader_1_1.csv
1688,0,0,0,Reader_1_10.csv
1688,0,0,0,Reader_1_11.csv
1688,4,3,1,Reader_1_12.csv
1688,1,1,0,Reader_1_2.csv
1688,2,2,0,Reader_1_3.csv
1688,1,1,0,Reader_1_4.csv
1688,3,2,1,Reader_1_5.csv
1688,1,0,1,Reader_1_6.csv
1688,8,7,1,Reader_1_7.csv
1688,1,1,0,Reader_1_8.csv
1688,1,1,0,Reader_1_9.csv
1688,0,0,0,Reader_2_1.csv
1688,0,0,0,Reader_2_10.csv
1688,2,2,0,Reader_2_11.csv
1688,2,1,1,Reader_2_12.csv
1688,0,0,0,Reader_2_2.csv
1688,1,1,0,Reader_2_3.csv
1688,1,1,0,Reader_2_4.csv
1688,0,0,0,Reader_2_5.csv
1688,1,1,0,Reader_2_6.csv
1688,2,2,0,Reader_2_7.csv
1688,0,0,0,Reader_2_8.csv
1688,0,0,0,Reader_2_9.csv
1688,12,10,2,reader_3_1.csv
1688,6,5,1,Reader_3_2.csv
1688,7,6,1,Reader_3_3.csv
1688,7,6,1,Reader_3_4.csv
1688,3,1,2,Reader_3_5.csv
1688,4,2,2,Reader_3_6.csv
1688,2,2,0,Reader_3_7.csv
1689,8,6,2,Reader_1_1.csv
1689,0,0,0,Reader_1_10.csv
1689,0,0,0,Reader_1_11.csv
1689,4,3,1,Reader_1_12.csv
1689,1,1,0,Reader_1_2.csv
1689,3,3,0,Reader_1_3.csv
1689,2,2,0,Reader_1_4.csv
1689,5,4,1,Reader_1_5.csv
1689,1,0,1,Reader_1_6.csv
1689,8,7,1,Reader_1_7.csv
1689,1,1,0,Reader_1_8.csv
1689,0,0,0,Reader_1_9.csv
1689,0,0,0,Reader_2_1.csv
1689,0,0,0,Reader_2_10.csv
1689,1,1,0,Reader_2_11.csv
1689,2,1,1,Reader_2_12.csv
1689,1,1,0,Reader_2_2.csv
1689,1,1,0,Reader_2_3.csv
1689,1,1,0,Reader_2_4.csv
1689,0,0,0,Reader_2_5.csv
1689,1,1,0,Reader_2_6.csv
1689,2,2,0,Reader_2_7.csv
1689,0,0,0,Reader_2_8.csv
1689,0,0,0,Reader_2_9.csv
1689,7,6,1,reader_3_1.csv
1689,6,5,1,Reader_3_2.csv
1689,7,5,2,Reader_3_3.csv
1689,7,5,2,Reader_3_4.csv
1689,6,3,3,Reader_3_5.csv
1689,5,3,2,Reader_3_6.csv
1689,1,1,0,Reader_3_7.csv
1690,9,6,3,Reader_1_1.csv
1690,0,0,0,Reader_1_10.csv
1690,0,0,0,Reader_1_11.csv
1690,2,2,0,Reader_1_12.csv
1690,1,1,0,Reader_1_2.csv
1690,3,3,0,Reader_1_3.csv
1690,3,3,0,Reader_1_4.csv
1690,4,4,0,Reader_1_5.csv
1690,1,0,1,Reader_1_6.csv
1690,8,7,1,Reader_1_7.csv
1690,1,1,0,Reader_1_8.csv
1690,0,0,0,Reader_1_9.csv
1690,0,0,0,Reader_2_1.csv
1690,0,0,0,Reader_2_10.csv
1690,0,0,0,Reader_2_11.csv
1690,2,1,1,Reader_2_12.csv
1690,1,1,0,Reader_2_2.csv
1690,1,1,0,Reader_2_3.csv
1690,1,1,0,Reader_2_4.csv
1690,1,1,0,Reader_2_5.csv
1690,1,1,0,Reader_2_6.csv
1690,1,1,0,Reader_2_7.csv
1690,0,0,0,Reader_2_8.csv
1690,0,0,0,Reader_2_9.csv
1690,8,6,2,reader_3_1.csv
1690,6,5,1,Reader_3_2.csv
1690,6,4,2,Reader_3_3.csv
1690,6,4,2,Reader_3_4.csv
1690,8,3,5,Reader_3_5.csv
1690,5,3,2,Reader_3_6.csv
1690,1,1,0,Reader_3_7.csv
1691,11,6,5,Reader_1_1.csv
1691,0,0,0,Reader_1_10.csv
1691,0,0,0,Reader_1_11.csv
1691,2,2,0,Reader_1_12.csv
1691,1,1,0,Reader_1_2.csv
1691,5,5,0,Reader_1_3.csv
1691,3,3,0,Reader_1_4.csv
1691,5,5,0,Reader_1_5.csv
1691,1,0,1,Reader_1_6.csv
1691,6,5,1,Reader_1_7.csv
1691,1,1,0,Reader_1_8.csv
1691,0,0,0,Reader_1_9.csv
1691,1,1,0,Reader_2_1.csv
1691,0,0,0,Reader_2_10.csv
1691,2,2,0,Reader_2_11.csv
1691,2,1,1,Reader_2_12.csv
1691,1,1,0,Reader_2_2.csv
1691,1,1,0,Reader_2_3.csv
1691,0,0,0,Reader_2_4.csv
1691,1,1,0,Reader_2_5.csv
1691,1,1,0,Reader_2_6.csv
1691,1,1,0,Reader_2_7.csv
1691,0,0,0,Reader_2_8.csv
1691,0,0,0,Reader_2_9.csv
1691,9,6,3,reader_3_1.csv
1691,5,3,2,Reader_3_2.csv
1691,6,4,2,Reader_3_3.csv
1691,6,4,2,Reader_3_4.csv
1691,10,4,6,Reader_3_5.csv
1691,6,4,2,Reader_3_6.csv
1691,3,1,2,Reader_3_7.csv
1692,10,5,5,Reader_1_1.csv
1692,0,0,0,Reader_1_10.csv
1692,0,0,0,Reader_1_11.csv
1692,3,2,1,Reader_1_12.csv
1692,1,1,0,Reader_1_2.csv
1692,5,5,0,Reader_1_3.csv
1692,4,4,0,Reader_1_4.csv
1692,5,5,0,Reader_1_5.csv
1692,0,0,0,Reader_1_6.csv
1692,6,5,1,Reader_1_7.csv
1692,0,0,0,Reader_1_8.csv
1692,0,0,0,Reader_1_9.csv
1692,1,1,0,Reader_2_1.csv
1692,0,0,0,Reader_2_10.csv
1692,2,2,0,Reader_2_11.csv
1692,2,1,1,Reader_2_12.csv
1692,1,1,0,Reader_2_2.csv
1692,0,0,0,Reader_2_3.csv
1692,0,0,0,Reader_2_4.csv
1692,1,1,0,Reader_2_5.csv
1692,1,1,0,Reader_2_6.csv
1692,1,1,0,Reader_2_7.csv
1692,0,0,0,Reader_2_8.csv
1692,0,0,0,Reader_2_9.csv
1692,8,4,4,reader_3_1.csv
1692,6,4,2,Reader_3_2.csv
1692,8,5,3,Reader_3_3.csv
1692,8,5,3,Reader_3_4.csv
1692,12,5,7,Reader_3_5.csv
1692,7,5,2,Reader_3_6.csv
1692,3,1,2,Reader_3_7.csv
1693,9,5,4,Reader_1_1.csv
1693,0,0,0,Reader_1_10.csv
1693,0,0,0,Reader_1_11.csv
1693,3,2,1,Reader_1_12.csv
1693,2,1,1,Reader_1_2.csv
1693,4,4,0,Reader_1_3.csv
1693,4,4,0,Reader_1_4.csv
1693,6,5,1,Reader_1_5.csv
1693,0,0,0,Reader_1_6.csv
1693,5,5,0,Reader_1_7.csv
1693,0,0,0,Reader_1_8.csv
1693,0,0,0,Reader_1_9.csv
1693,1,1,0,Reader_2_1.csv
1693,0,0,0,Reader_2_10.csv
1693,2,2,0,Reader_2_11.csv
1693,2,1,1,Reader_2_12.csv
1693,2,2,0,Reader_2_2.csv
1693,0,0,0,Reader_2_3.csv
1693,0,0,0,Reader_2_4.csv
1693,1,1,0,Reader_2_5.csv
1693,1,1,0,Reader_2_6.csv
1693,1,1,0,Reader_2_7.csv
1693,0,0,0,Reader_2_8.csv
1693,0,0,0,Reader_2_9.csv
1693,8,5,3,reader_3_1.csv
1693,4,3,1,Reader_3_2.csv
1693,8,5,3,Reader_3_3.csv
1693,8,5,3,Reader_3_4.csv
1693,12,5,7,Reader_3_5.csv
1693,7,5,2,Reader_3_6.csv
1693,2,0,2,Reader_3_7.csv
1694,9,5,4,Reader_1_1.csv
1694,0,0,0,Reader_1_10.csv
1694,0,0,0,Reader_1_11.csv
1694,2,1,1,Reader_1_12.csv
1694,2,1,1,Reader_1_2.csv
1694,5,5,0,Reader_1_3.csv
1694,4,4,0,Reader_1_4.csv
1694,6,5,1,Reader_1_5.csv
1694,0,0,0,Reader_1_6.csv
1694,2,2,0,Reader_1_7.csv
1694,0,0,0,Reader_1_8.csv
1694,0,0,0,Reader_1_9.csv
1694,1,1,0,Reader_2_1.csv
1694,0,0,0,Reader_2_10.csv
1694,2,2,0,Reader_2_11.csv
1694,3,2,1,Reader_2_12.csv
1694,2,2,0,Reader_2_2.csv
1694,0,0,0,Reader_2_3.csv
1694,0,0,0,Reader_2_4.csv
1694,1,1,0,Reader_2_5.csv
1694,0,0,0,Reader_2_6.csv
1694,0,0,0,Reader_2_7.csv
1694,0,0,0,Reader_2_8.csv
1694,0,0,0,Reader_2_9.csv
1694,7,4,3,reader_3_1.csv
1694,4,3,1,Reader_3_2.csv
1694,7,4,3,Reader_3_3.csv
1694,7,4,3,Reader_3_4.csv
1694,15,7,8,Reader_3_5.csv
1694,7,5,2,Reader_3_6.csv
1694,2,0,2,Reader_3_7.csv
1695,9,6,3,Reader_1_1.csv
1695,0,0,0,Reader_1_10.csv
1695,0,0,0,Reader_1_11.csv
1695,2,1,1,Reader_1_12.csv
1695,1,0,1,Reader_1_2.csv
1695,5,5,0,Reader_1_3.csv
1695,3,3,0,Reader_1_4.csv
1695,7,5,2,Reader_1_5.csv
1695,0,0,0,Reader_1_6.csv
1695,2,2,0,Reader_1_7.csv
1695,0,0,0,Reader_1_8.csv
1695,1,1,0,Reader_1_9.csv
1695,1,1,0,Reader_2_1.csv
1695,0,0,0,Reader_2_10.csv
1695,2,2,0,Reader_2_11.csv
1695,3,2,1,Reader_2_12.csv
1695,2,2,0,Reader_2_2.csv
1695,0,0,0,Reader_2_3.csv
1695,0,0,0,Reader_2_4.csv
1695,1,1,0,Reader_2_5.csv
1695,1,1,0,Reader_2_6.csv
1695,0,0,0,Reader_2_7.csv
1695,0,0,0,Reader_2_8.csv
1695,0,0,0,Reader_2_9.csv
1695,8,5,3,reader_3_1.csv
1695,4,3,1,Reader_3_2.csv
1695,7,5,2,Reader_3_3.csv
1695,7,5,2,Reader_3_4.csv
1695,16,7,9,Reader_3_5.csv
1695,5,4,1,Reader_3_6.csv
1695,2,0,2,Reader_3_7.csv
1696,10,7,3,Reader_1_1.csv
1696,0,0,0,Reader_1_10.csv
1696,0,0,0,Reader_1_11.csv
1696,1,0,1,Reader_1_12.csv
1696,1,0,1,Reader_1_2.csv
1696,4,4,0,Reader_1_3.csv
1696,3,3,0,Reader_1_4.csv
1696,5,3,2,Reader_1_5.csv
1696,0,0,0,Reader_1_6.csv
1696,1,1,0,Reader_1_7.csv
1696,0,0,0,Reader_1_8.csv
1696,2,2,0,Reader_1_9.csv
1696,1,1,0,Reader_2_1.csv
1696,0,0,0,Reader_2_10.csv
1696,3,2,1,Reader_2_11.csv
1696,1,1,0,Reader_2_12.csv
1696,2,2,0,Reader_2_2.csv
1696,0,0,0,Reader_2_3.csv
1696,1,1,0,Reader_2_4.csv
1696,1,1,0,Reader_2_5.csv
1696,1,1,0,Reader_2_6.csv
1696,0,0,0,Reader_2_7.csv
1696,0,0,0,Reader_2_8.csv
1696,0,0,0,Reader_2_9.csv
1696,8,5,3,reader_3_1.csv
1696,6,5,1,Reader_3_2.csv
1696,6,4,2,Reader_3_3.csv
1696,6,4,2,Reader_3_4.csv
1696,14,6,8,Reader_3_5.csv
1696,4,4,0,Reader_3_6.csv
1696,2,0,2,Reader_3_7.csv
1697,8,5,3,Reader_1_1.csv
1697,0,0,0,Reader_1_10.csv
1697,0,0,0,Reader_1_11.csv
1697,1,0,1,Reader_1_12.csv
1697,2,1,1,Reader_1_2.csv
1697,4,3,1,Reader_1_3.csv
1697,2,2,0,Reader_1_4.csv
1697,3,1,2,Reader_1_5.csv
1697,0,0,0,Reader_1_6.csv
1697,1,1,0,Reader_1_7.csv
1697,0,0,0,Reader_1_8.csv
1697,2,2,0,Reader_1_9.csv
1697,2,2,0,Reader_2_1.csv
1697,0,0,0,Reader_2_10.csv
1697,3,2,1,Reader_2_11.csv
1697,1,1,0,Reader_2_12.csv
1697,1,1,0,Reader_2_2.csv
1697,0,0,0,Reader_2_3.csv
1697,1,1,0,Reader_2_4.csv
1697,1,1,0,Reader_2_5.csv
1697,1,1,0,Reader_2_6.csv
1697,0,0,0,Reader_2_7.csv
1697,0,0,0,Reader_2_8.csv
1697,0,0,0,Reader_2_9.csv
1697,9,6,3,reader_3_1.csv
1697,6,5,1,Reader_3_2.csv
1697,7,5,2,Reader_3_3.csv
1697,7,5,2,Reader_3_4.csv
1697,13,4,9,Reader_3_5.csv
1697,3,3,0,Reader_3_6.csv
1697,2,0,2,Reader_3_7.csv
1698,8,5,3,Reader_1_1.csv
1698,0,0,0,Reader_1_10.csv
1698,0,0,0,Reader_1_11.csv
1698,1,0,1,Reader_1_12.csv
1698,2,1,1,Reader_1_2.csv
1698,4,3,1,Reader_1_3.csv
1698,1,1,0,Reader_1_4.csv
1698,3,1,2,Reader_1_5.csv
1698,0,0,0,Reader_1_6.csv
1698,2,2,0,Reader_1_7.csv
1698,0,0,0,Reader_1_8.csv
1698,2,2,0,Reader_1_9.csv
1698,3,3,0,Reader_2_1.csv
1698,0,0,0,Reader_2_10.csv
1698,3,2,1,Reader_2_11.csv
1698,1,1,0,Reader_2_12.csv
1698,1,1,0,Reader_2_2.csv
1698,0,0,0,Reader_2_3.csv
1698,1,1,0,Reader_2_4.csv
1698,0,0,0,Reader_2_5.csv
1698,1,1,0,Reader_2_6.csv
1698,0,0,0,Reader_2_7.csv
1698,0,0,0,Reader_2_8.csv
1698,0,0,0,Reader_2_9.csv
1698,7,5,2,reader_3_1.csv
1698,6,5,1,Reader_3_2.csv
1698,10,7,3,Reader_3_3.csv
1698,10,7,3,Reader_3_4.csv
1698,12,4,8,Reader_3_5.csv
1698,3,3,0,Reader_3_6.csv
1698,3,1,2,Reader_3_7.csv
1699,6,5,1,Reader_1_1.csv
1699,0,0,0,Reader_1_10.csv
1699,0,0,0,Reader_1_11.csv
1699,1,0,1,Reader_1_12.csv
1699,3,2,1,Reader_1_2.csv
1699,2,1,1,Reader_1_3.csv
1699,1,1,0,Reader_1_4.csv
1699,3,0,3,Reader_1_5.csv
1699,0,0,0,Reader_1_6.csv
1699,2,2,0,Reader_1_7.csv
1699,0,0,0,Reader_1_8.csv
1699,3,3,0,Reader_1_9.csv
1699,2,2,0,Reader_2_1.csv
1699,0,0,0,Reader_2_10.csv
1699,2,0,2,Reader_2_11.csv
1699,1,1,0,Reader_2_12.csv
1699,1,1,0,Reader_2_2.csv
1699,1,1,0,Reader_2_3.csv
1699,1,1,0,Reader_2_4.csv
1699,0,0,0,Reader_2_5.csv
1699,1,1,0,Reader_2_6.csv
1699,0,0,0,Reader_2_7.csv
1699,0,0,0,Reader_2_8.csv
1699,0,0,0,Reader_2_9.csv
1699,7,5,2,reader_3_1.csv
1699,6,6,0,Reader_3_2.csv
1699,11,8,3,Reader_3_3.csv
1699,11,8,3,Reader_3_4.csv
1699,14,5,9,Reader_3_5.csv
1699,1,1,0,Reader_3_6.csv
1699,1,1,0,Reader_3_7.csv
1700,6,5,1,Reader_1_1.csv
1700,0,0,0,Reader_1_10.csv
1700,0,0,0,Reader_1_11.csv
1700,0,0,0,Reader_1_12.csv
1700,3,2,1,Reader_1_2.csv
1700,2,1,1,Reader_1_3.csv
1700,0,0,0,Reader_1_4.csv
1700,3,0,3,Reader_1_5.csv
1700,0,0,0,Reader_1_6.csv
1700,3,3,0,Reader_1_7.csv
1700,0,0,0,Reader_1_8.csv
1700,3,3,0,Reader_1_9.csv
1700,3,3,0,Reader_2_1.csv
1700,0,0,0,Reader_2_10.csv
1700,3,1,2,Reader_2_11.csv
1700,2,2,0,Reader_2_12.csv
1700,1,1,0,Reader_2_2.csv
1700,1,1,0,Reader_2_3.csv
1700,1,1,0,Reader_2_4.csv
1700,0,0,0,Reader_2_5.csv
1700,1,1,0,Reader_2_6.csv
1700,1,1,0,Reader_2_7.csv
1700,0,0,0,Reader_2_8.csv
1700,0,0,0,Reader_2_9.csv
1700,8,7,1,reader_3_1.csv
1700,5,5,0,Reader_3_2.csv
1700,12,10,2,Reader_3_3.csv
1700,12,10,2,Reader_3_4.csv
1700,14,5,9,Reader_3_5.csv
1700,0,0,0,Reader_3_6.csv
1700,1,1,0,Reader_3_7.csv
1701,6,5,1,Reader_1_1.csv
1701,0,0,0,Reader_1_10.csv
1701,0,0,0,Reader_1_11.csv
1701,1,1,0,Reader_1_12.csv
1701,2,2,0,Reader_1_2.csv
1701,2,1,1,Reader_1_3.csv
1701,0,0,0,Reader_1_4.csv
1701,2,0,2,Reader_1_5.csv
1701,2,2,0,Reader_1_6.csv
1701,3,3,0,Reader_1_7.csv
1701,0,0,0,Reader_1_8.csv
1701,3,3,0,Reader_1_9.csv
1701,4,4,0,Reader_2_1.csv
1701,0,0,0,Reader_2_10.csv
1701,3,1,2,Reader_2_11.csv
1701,3,3,0,Reader_2_12.csv
1701,0,0,0,Reader_2_2.csv
1701,2,1,1,Reader_2_3.csv
1701,1,1,0,Reader_2_4.csv
1701,0,0,0,Reader_2_5.csv
1701,1,1,0,Reader_2_6.csv
1701,1,1,0,Reader_2_7.csv
1701,0,0,0,Reader_2_8.csv
1701,0,0,0,Reader_2_9.csv
1701,7,6,1,reader_3_1.csv
1701,6,5,1,Reader_3_2.csv
1701,12,10,2,Reader_3_3.csv
1701,12,10,2,Reader_3_4.csv
1701,16,7,9,Reader_3_5.csv
1701,1,1,0,Reader_3_6.csv
1701,1,1,0,Reader_3_7.csv
1702,6,5,1,Reader_1_1.csv
1702,0,0,0,Reader_1_10.csv
1702,0,0,0,Reader_1_11.csv
1702,1,1,0,Reader_1_12.csv
1702,2,2,0,Reader_1_2.csv
1702,1,0,1,Reader_1_3.csv
1702,0,0,0,Reader_1_4.csv
1702,2,0,2,Reader_1_5.csv
1702,2,2,0,Reader_1_6.csv
1702,3,3,0,Reader_1_7.csv
1702,0,0,0,Reader_1_8.csv
1702,3,3,0,Reader_1_9.csv
1702,5,4,1,Reader_2_1.csv
1702,0,0,0,Reader_2_10.csv
1702,3,1,2,Reader_2_11.csv
1702,4,4,0,Reader_2_12.csv
1702,0,0,0,Reader_2_2.csv
1702,3,2,1,Reader_2_3.csv
1702,1,1,0,Reader_2_4.csv
1702,0,0,0,Reader_2_5.csv
1702,1,1,0,Reader_2_6.csv
1702,1,1,0,Reader_2_7.csv
1702,0,0,0,Reader_2_8.csv
1702,0,0,0,Reader_2_9.csv
1702,6,5,1,reader_3_1.csv
1702,6,5,1,Reader_3_2.csv
1702,14,12,2,Reader_3_3.csv
1702,14,12,2,Reader_3_4.csv
1702,13,5,8,Reader_3_5.csv
1702,1,1,0,Reader_3_6.csv
1702,1,1,0,Reader_3_7.csv
1703,5,4,1,Reader_1_1.csv
1703,0,0,0,Reader_1_10.csv
1703,0,0,0,Reader_1_11.csv
1703,1,1,0,Reader_1_12.csv
1703,2,2,0,Reader_1_2.csv
1703,1,0,1,Reader_1_3.csv
1703,3,2,1,Reader_1_4.csv
1703,1,0,1,Reader_1_5.csv
1703,2,2,0,Reader_1_6.csv
1703,3,3,0,Reader_1_7.csv
1703,0,0,0,Reader_1_8.csv
1703,2,2,0,Reader_1_9.csv
1703,6,5,1,Reader_2_1.csv
1703,0,0,0,Reader_2_10.csv
1703,3,1,2,Reader_2_11.csv
1703,4,4,0,Reader_2_12.csv
1703,0,0,0,Reader_2_2.csv
1703,3,2,1,Reader_2_3.csv
1703,1,1,0,Reader_2_4.csv
1703,0,0,0,Reader_2_5.csv
1703,0,0,0,Reader_2_6.csv
1703,1,1,0,Reader_2_7.csv
1703,0,0,0,Reader_2_8.csv
1703,0,0,0,Reader_2_9.csv
1703,5,4,1,reader_3_1.csv
1703,4,3,1,Reader_3_2.csv
1703,13,11,2,Reader_3_3.csv
1703,13,11,2,Reader_3_4.csv
1703,13,5,8,Reader_3_5.csv
1703,2,2,0,Reader_3_6.csv
1703,1,1,0,Reader_3_7.csv
1704,4,3,1,Reader_1_1.csv
1704,0,0,0,Reader_1_10.csv
1704,0,0,0,Reader_1_11.csv
1704,1,1,0,Reader_1_12.csv
1704,4,4,0,Reader_1_2.csv
1704,1,0,1,Reader_1_3.csv
1704,3,2,1,Reader_1_4.csv
1704,2,0,2,Reader_1_5.csv
1704,2,2,0,Reader_1_6.csv
1704,5,4,1,Reader_1_7.csv
1704,0,0,0,Reader_1_8.csv
1704,1,1,0,Reader_1_9.csv
1704,6,5,1,Reader_2_1.csv
1704,0,0,0,Reader_2_10.csv
1704,2,1,1,Reader_2_11.csv
1704,5,5,0,Reader_2_12.csv
1704,0,0,0,Reader_2_2.csv
1704,3,2,1,Reader_2_3.csv
1704,0,0,0,Reader_2_4.csv
1704,0,0,0,Reader_2_5.csv
1704,0,0,0,Reader_2_6.csv
1704,1,1,0,Reader_2_7.csv
1704,0,0,0,Reader_2_8.csv
1704,0,0,0,Reader_2_9.csv
1704,5,4,1,reader_3_1.csv
1704,2,1,1,Reader_3_2.csv
1704,14,11,3,Reader_3_3.csv
1704,14,11,3,Reader_3_4.csv
1704,14,6,8,Reader_3_5.csv
1704,2,2,0,Reader_3_6.csv
1704,1,1,0,Reader_3_7.csv
1705,4,3,1,Reader_1_1.csv
1705,0,0,0,Reader_1_10.csv
1705,0,0,0,Reader_1_11.csv
1705,2,2,0,Reader_1_12.csv
1705,4,4,0,Reader_1_2.csv
1705,0,0,0,Reader_1_3.csv
1705,4,3,1,Reader_1_4.csv
1705,3,1,2,Reader_1_5.csv
1705,2,2,0,Reader_1_6.csv
1705,5,4,1,Reader_1_7.csv
1705,0,0,0,Reader_1_8.csv
1705,1,1,0,Reader_1_9.csv
1705,5,4,1,Reader_2_1.csv
1705,0,0,0,Reader_2_10.csv
1705,2,1,1,Reader_2_11.csv
1705,5,5,0,Reader_2_12.csv
1705,0,0,0,Reader_2_2.csv
1705,4,2,2,Reader_2_3.csv
1705,0,0,0,Reader_2_4.csv
1705,0,0,0,Reader_2_5.csv
1705,0,0,0,Reader_2_6.csv
1705,1,1,0,Reader_2_7.csv
1705,0,0,0,Reader_2_8.csv
1705,0,0,0,Reader_2_9.csv
1705,4,3,1,reader_3_1.csv
1705,2,1,1,Reader_3_2.csv
1705,13,11,2,Reader_3_3.csv
1705,13,11,2,Reader_3_4.csv
1705,12,6,6,Reader_3_5.csv
1705,2,2,0,Reader_3_6.csv
1705,1,1,0,Reader_3_7.csv
1706,2,2,0,Reader_1_1.csv
1706,0,0,0,Reader_1_10.csv
1706,0,0,0,Reader_1_11.csv
1706,2,2,0,Reader_1_12.csv
1706,4,4,0,Reader_1_2.csv
1706,0,0,0,Reader_1_3.csv
1706,5,4,1,Reader_1_4.csv
1706,3,1,2,Reader_1_5.csv
1706,2,2,0,Reader_1_6.csv
1706,4,3,1,Reader_1_7.csv
1706,1,1,0,Reader_1_8.csv
1706,1,1,0,Reader_1_9.csv
1706,4,3,1,Reader_2_1.csv
1706,0,0,0,Reader_2_10.csv
1706,2,1,1,Reader_2_11.csv
1706,5,5,0,Reader_2_12.csv
1706,0,0,0,Reader_2_2.csv
1706,5,3,2,Reader_2_3.csv
1706,1,1,0,Reader_2_4.csv
1706,0,0,0,Reader_2_5.csv
1706,0,0,0,Reader_2_6.csv
1706,1,1,0,Reader_2_7.csv
1706,0,0,0,Reader_2_8.csv
1706,0,0,0,Reader_2_9.csv
1706,5,3,2,reader_3_1.csv
1706,4,3,1,Reader_3_2.csv
1706,12,11,1,Reader_3_3.csv
1706,12,11,1,Reader_3_4.csv
1706,14,7,7,Reader_3_5.csv
1706,3,2,1,Reader_3_6.csv
1706,0,0,0,Reader_3_7.csv
1707,2,1,1,Reader_1_1.csv
1707,0,0,0,Reader_1_10.csv
1707,1,1,0,Reader_1_11.csv
1707,2,2,0,Reader_1_12.csv
1707,4,4,0,Reader_1_2.csv
1707,0,0,0,Reader_1_3.csv
1707,6,4,2,Reader_1_4.csv
1707,2,1,1,Reader_1_5.csv
1707,2,2,0,Reader_1_6.csv
1707,3,2,1,Reader_1_7.csv
1707,1,1,0,Reader_1_8.csv
1707,0,0,0,Reader_1_9.csv
1707,4,3,1,Reader_2_1.csv
1707,0,0,0,Reader_2_10.csv
1707,1,1,0,Reader_2_11.csv
1707,5,5,0,Reader_2_12.csv
1707,0,0,0,Reader_2_2.csv
1707,4,2,2,Reader_2_3.csv
1707,1,1,0,Reader_2_4.csv
1707,0,0,0,Reader_2_5.csv
1707,0,0,0,Reader_2_6.csv
1707,2,2,0,Reader_2_7.csv
1707,0,0,0,Reader_2_8.csv
1707,0,0,0,Reader_2_9.csv
1707,5,4,1,reader_3_1.csv
1707,4,3,1,Reader_3_2.csv
1707,19,16,3,Reader_3_3.csv
1707,19,16,3,Reader_3_4.csv
1707,12,7,5,Reader_3_5.csv
1707,3,2,1,Reader_3_6.csv
1707,0,0,0,Reader_3_7.csv
1708,3,1,2,Reader_1_1.csv
1708,0,0,0,Reader_1_10.csv
1708,1,1,0,Reader_1_11.csv
1708,4,3,1,Reader_1_12.csv
1708,5,5,0,Reader_1_2.csv
1708,0,0,0,Reader_1_3.csv
1708,9,7,2,Reader_1_4.csv
1708,3,1,2,Reader_1_5.csv
1708,2,2,0,Reader_1_6.csv
1708,3,2,1,Reader_1_7.csv
1708,1,1,0,Reader_1_8.csv
1708,0,0,0,Reader_1_9.csv
1708,3,2,1,Reader_2_1.csv
1708,0,0,0,Reader_2_10.csv
1708,0,0,0,Reader_2_11.csv
1708,4,4,0,Reader_2_12.csv
1708,0,0,0,Reader_2_2.csv
1708,4,2,2,Reader_2_3.csv
1708,2,2,0,Reader_2_4.csv
1708,0,0,0,Reader_2_5.csv
1708,0,0,0,Reader_2_6.csv
1708,1,1,0,Reader_2_7.csv
1708,0,0,0,Reader_2_8.csv
1708,0,0,0,Reader_2_9.csv
1708,3,2,1,reader_3_1.csv
1708,4,3,1,Reader_3_2.csv
1708,17,13,4,Reader_3_3.csv
1708,17,13,4,Reader_3_4.csv
1708,13,8,5,Reader_3_5.csv
1708,3,2,1,Reader_3_6.csv
1708,0,0,0,Reader_3_7.csv
1709,3,1,2,Reader_1_1.csv
1709,0,0,0,Reader_1_10.csv
1709,1,1,0,Reader_1_11.csv
1709,3,2,1,Reader_1_12.csv
1709,6,6,0,Reader_1_2.csv
1709,0,0,0,Reader_1_3.csv
1709,10,8,2,Reader_1_4.csv
1709,4,2,2,Reader_1_5.csv
1709,0,0,0,Reader_1_6.csv
1709,4,2,2,Reader_1_7.csv
1709,1,1,0,Reader_1_8.csv
1709,0,0,0,Reader_1_9.csv
1709,2,1,1,Reader_2_1.csv
1709,0,0,0,Reader_2_10.csv
1709,0,0,0,Reader_2_11.csv
1709,6,6,0,Reader_2_12.csv
1709,1,1,0,Reader_2_2.csv
1709,3,2,1,Reader_2_3.csv
1709,2,2,0,Reader_2_4.csv
1709,1,0,1,Reader_2_5.csv
1709,0,0,0,Reader_2_6.csv
1709,1,1,0,Reader_2_7.csv
1709,0,0,0,Reader_2_8.csv
1709,0,0,0,Reader_2_9.csv
1709,4,2,2,reader_3_1.csv
1709,4,4,0,Reader_3_2.csv
1709,16,12,4,Reader_3_3.csv
1709,16,12,4,Reader_3_4.csv
1709,13,8,5,Reader_3_5.csv
1709,2,1,1,Reader_3_6.csv
1709,0,0,0,Reader_3_7.csv
1710,3,1,2,Reader_1_1.csv
1710,0,0,0,Reader_1_10.csv
1710,1,1,0,Reader_1_11.csv
1710,4,3,1,Reader_1_12.csv
1710,6,6,0,Reader_1_2.csv
1710,0,0,0,Reader_1_3.csv
1710,10,8,2,Reader_1_4.csv
1710,4,2,2,Reader_1_5.csv
1710,0,0,0,Reader_1_6.csv
1710,4,2,2,Reader_1_7.csv
1710,2,2,0,Reader_1_8.csv
1710,0,0,0,Reader_1_9.csv
1710,1,1,0,Reader_2_1.csv
1710,0,0,0,Reader_2_10.csv
1710,1,1,0,Reader_2_11.csv
1710,5,4,1,Reader_2_12.csv
1710,1,1,0,Reader_2_2.csv
1710,2,1,1,Reader_2_3.csv
1710,2,2,0,Reader_2_4.csv
1710,1,0,1,Reader_2_5.csv
1710,0,0,0,Reader_2_6.csv
1710,2,2,0,Reader_2_7.csv
1710,0,0,0,Reader_2_8.csv
1710,0,0,0,Reader_2_9.csv
1710,5,3,2,reader_3_1.csv
1710,4,4,0,Reader_3_2.csv
1710,17,11,6,Reader_3_3.csv
1710,17,11,6,Reader_3_4.csv
1710,14,8,6,Reader_3_5.csv
1710,2,1,1,Reader_3_6.csv
1710,1,1,0,Reader_3_7.csv
1711,3,1,2,Reader_1_1.csv
1711,0,0,0,Reader_1_10.csv
1711,1,1,0,Reader_1_11.csv
1711,4,3,1,Reader_1_12.csv
1711,8,8,0,Reader_1_2.csv
1711,0,0,0,Reader_1_3.csv
1711,9,7,2,Reader_1_4.csv
1711,5,3,2,Reader_1_5.csv
1711,0,0,0,Reader_1_6.csv
1711,4,2,2,Reader_1_7.csv
1711,2,2,0,Reader_1_8.csv
1711,0,0,0,Reader_1_9.csv
1711,0,0,0,Reader_2_1.csv
1711,0,0,0,Reader_2_10.csv
1711,1,1,0,Reader_2_11.csv
1711,5,4,1,Reader_2_12.csv
1711,2,1,1,Reader_2_2.csv
1711,2,1,1,Reader_2_3.csv
1711,2,2,0,Reader_2_4.csv
1711,1,0,1,Reader_2_5.csv
1711,0,0,0,Reader_2_6.csv
1711,2,2,0,Reader_2_7.csv
1711,0,0,0,Reader_2_8.csv
1711,0,0,0,Reader_2_9.csv
1711,8,5,3,reader_3_1.csv
1711,4,4,0,Reader_3_2.csv
1711,17,11,6,Reader_3_3.csv
1711,17,11,6,Reader_3_4.csv
1711,13,8,5,Reader_3_5.csv
1711,1,0,1,Reader_3_6.csv
1711,1,1,0,Reader_3_7.csv
1712,3,1,2,Reader_1_1.csv
1712,0,0,0,Reader_1_10.csv
1712,1,1,0,Reader_1_11.csv
1712,4,3,1,Reader_1_12.csv
1712,8,8,0,Reader_1_2.csv
1712,0,0,0,Reader_1_3.csv
1712,10,8,2,Reader_1_4.csv
1712,7,5,2,Reader_1_5.csv
1712,0,0,0,Reader_1_6.csv
1712,2,1,1,Reader_1_7.csv
1712,2,2,0,Reader_1_8.csv
1712,0,0,0,Reader_1_9.csv
1712,0,0,0,Reader_2_1.csv
1712,0,0,0,Reader_2_10.csv
1712,1,1,0,Reader_2_11.csv
1712,4,3,1,Reader_2_12.csv
1712,2,1,1,Reader_2_2.csv
1712,2,1,1,Reader_2_3.csv
1712,2,2,0,Reader_2_4.csv
1712,1,0,1,Reader_2_5.csv
1712,0,0,0,Reader_2_6.csv
1712,2,2,0,Reader_2_7.csv
1712,0,0,0,Reader_2_8.csv
1712,0,0,0,Reader_2_9.csv
1712,10,6,4,reader_3_1.csv
1712,4,4,0,Reader_3_2.csv
1712,19,13,6,Reader_3_3.csv
1712,19,13,6,Reader_3_4.csv
1712,13,8,5,Reader_3_5.csv
1712,1,0,1,Reader_3_6.csv
1712,1,1,0,Reader_3_7.csv
1713,5,3,2,Reader_1_1.csv
1713,0,0,0,Reader_1_10.csv
1713,1,1,0,Reader_1_11.csv
1713,3,2,1,Reader_1_12.csv
1713,7,7,0,Reader_1_2.csv
1713,0,0,0,Reader_1_3.csv
1713,10,8,2,Reader_1_4.csv
1713,6,4,2,Reader_1_5.csv
1713,0,0,0,Reader_1_6.csv
1713,4,2,2,Reader_1_7.csv
1713,2,2,0,Reader_1_8.csv
1713,0,0,0,Reader_1_9.csv
1713,0,0,0,Reader_2_1.csv
1713,0,0,0,Reader_2_10.csv
1713,2,1,1,Reader_2_11.csv
1713,4,3,1,Reader_2_12.csv
1713,2,1,1,Reader_2_2.csv
1713,2,2,0,Reader_2_3.csv
1713,2,2,0,Reader_2_4.csv
1713,1,0,1,Reader_2_5.csv
1713,0,0,0,Reader_2_6.csv
1713,2,2,0,Reader_2_7.csv
1713,0,0,0,Reader_2_8.csv
1713,0,0,0,Reader_2_9.csv
1713,12,8,4,reader_3_1.csv
1713,5,4,1,Reader_3_2.csv
1713,20,14,6,Reader_3_3.csv
1713,20,14,6,Reader_3_4.csv
1713,15,10,5,Reader_3_5.csv
1713,2,1,1,Reader_3_6.csv
1713,1,1,0,Reader_3_7.csv
1714,5,3,2,Reader_1_1.csv
1714,0,0,0,Reader_1_10.csv
1714,1,1,0,Reader_1_11.csv
1714,3,2,1,Reader_1_12.csv
1714,8,8,0,Reader_1_2.csv
1714,0,0,0,Reader_1_3.csv
1714,10,8,2,Reader_1_4.csv
1714,7,5,2,Reader_1_5.csv
1714,0,0,0,Reader_1_6.csv
1714,4,2,2,Reader_1_7.csv
1714,1,1,0,Reader_1_8.csv
1714,0,0,0,Reader_1_9.csv
1714,0,0,0,Reader_2_1.csv
1714,0,0,0,Reader_2_10.csv
1714,2,1,1,Reader_2_11.csv
1714,4,3,1,Reader_2_12.csv
1714,2,1,1,Reader_2_2.csv
1714,1,1,0,Reader_2_3.csv
1714,1,1,0,Reader_2_4.csv
1714,1,0,1,Reader_2_5.csv
1714,0,0,0,Reader_2_6.csv
1714,3,3,0,Reader_2_7.csv
1714,0,0,0,Reader_2_8.csv
1714,0,0,0,Reader_2_9.csv
1714,14,11,3,reader_3_1.csv
1714,4,3,1,Reader_3_2.csv
1714,19,13,6,Reader_3_3.csv
1714,19,13,6,Reader_3_4.csv
1714,13,9,4,Reader_3_5.csv
1714,1,1,0,Reader_3_6.csv
1714,1,1,0,Reader_3_7.csv
1715,6,4,2,Reader_1_1.csv
1715,0,0,0,Reader_1_10.csv
1715,0,0,0,Reader_1_11.csv
1715,3,2,1,Reader_1_12.csv
1715,7,7,0,Reader_1_2.csv
1715,0,0,0,Reader_1_3.csv
1715,9,8,1,Reader_1_4.csv
1715,9,7,2,Reader_1_5.csv
1715,0,0,0,Reader_1_6.csv
1715,4,2,2,Reader_1_7.csv
1715,1,1,0,Reader_1_8.csv
1715,0,0,0,Reader_1_9.csv
1715,0,0,0,Reader_2_1.csv
1715,1,0,1,Reader_2_10.csv
1715,2,1,1,Reader_2_11.csv
1715,4,3,1,Reader_2_12.csv
1715,2,1,1,Reader_2_2.csv
1715,1,1,0,Reader_2_3.csv
1715,1,1,0,Reader_2_4.csv
1715,1,0,1,Reader_2_5.csv
1715,0,0,0,Reader_2_6.csv
1715,2,2,0,Reader_2_7.csv
1715,0,0,0,Reader_2_8.csv
1715,0,0,0,Reader_2_9.csv
1715,13,10,3,reader_3_1.csv
1715,3,2,1,Reader_3_2.csv
1715,11,7,4,Reader_3_3.csv
1715,11,7,4,Reader_3_4.csv
1715,11,7,4,Reader_3_5.csv
1715,1,1,0,Reader_3_6.csv
1715,2,2,0,Reader_3_7.csv
1716,7,6,1,Reader_1_1.csv
1716,0,0,0,Reader_1_10.csv
1716,1,1,0,Reader_1_11.csv
1716,1,1,0,Reader_1_12.csv
1716,6,6,0,Reader_1_2.csv
1716,1,1,0,Reader_1_3.csv
1716,6,5,1,Reader_1_4.csv
1716,8,7,1,Reader_1_5.csv
1716,0,0,0,Reader_1_6.csv
1716,4,2,2,Reader_1_7.csv
1716,1,1,0,Reader_1_8.csv
1716,0,0,0,Reader_1_9.csv
1716,0,0,0,Reader_2_1.csv
1716,1,0,1,Reader_2_10.csv
1716,2,1,1,Reader_2_11.csv
1716,4,3,1,Reader_2_12.csv
1716,2,1,1,Reader_2_2.csv
1716,2,2,0,Reader_2_3.csv
1716,0,0,0,Reader_2_4.csv
1716,2,1,1,Reader_2_5.csv
1716,0,0,0,Reader_2_6.csv
1716,2,2,0,Reader_2_7.csv
1716,0,0,0,Reader_2_8.csv
1716,0,0,0,Reader_2_9.csv
1716,13,10,3,reader_3_1.csv
1716,4,2,2,Reader_3_2.csv
1716,12,9,3,Reader_3_3.csv
1716,12,9,3,Reader_3_4.csv
1716,9,6,3,Reader_3_5.csv
1716,1,1,0,Reader_3_6.csv
1716,2,2,0,Reader_3_7.csv
1717,6,5,1,Reader_1_1.csv
1717,0,0,0,Reader_1_10.csv
1717,1,1,0,Reader_1_11.csv
1717,2,1,1,Reader_1_12.csv
1717,5,5,0,Reader_1_2.csv
1717,1,1,0,Reader_1_3.csv
1717,5,4,1,Reader_1_4.csv
1717,7,6,1,Reader_1_5.csv
1717,0,0,0,Reader_1_6.csv
1717,3,2,1,Reader_1_7.csv
1717,1,1,0,Reader_1_8.csv
1717,0,0,0,Reader_1_9.csv
1717,0,0,0,Reader_2_1.csv
1717,1,0,1,Reader_2_10.csv
1717,2,1,1,Reader_2_11.csv
1717,1,0,1,Reader_2_12.csv
1717,1,0,1,Reader_2_2.csv
1717,2,2,0,Reader_2_3.csv
1717,0,0,0,Reader_2_4.csv
1717,1,1,0,Reader_2_5.csv
1717,0,0,0,Reader_2_6.csv
1717,3,3,0,Reader_2_7.csv
1717,0,0,0,Reader_2_8.csv
1717,0,0,0,Reader_2_9.csv
1717,13,10,3,reader_3_1.csv
1717,4,1,3,Reader_3_2.csv
1717,12,9,3,Reader_3_3.csv
1717,12,9,3,Reader_3_4.csv
1717,6,4,2,Reader_3_5.csv
1717,1,1,0,Reader_3_6.csv
1717,2,2,0,Reader_3_7.csv
1718,8,6,2,Reader_1_1.csv
1718,0,0,0,Reader_1_10.csv
1718,1,1,0,Reader_1_11.csv
1718,1,0,1,Reader_1_12.csv
1718,5,5,0,Reader_1_2.csv
1718,1,1,0,Reader_1_3.csv
1718,5,4,1,Reader_1_4.csv
1718,8,7,1,Reader_1_5.csv
1718,0,0,0,Reader_1_6.csv
1718,3,2,1,Reader_1_7.csv
1718,0,0,0,Reader_1_8.csv
1718,0,0,0,Reader_1_9.csv
1718,0,0,0,Reader_2_1.csv
1718,1,0,1,Reader_2_10.csv
1718,1,0,1,Reader_2_11.csv
1718,0,0,0,Reader_2_12.csv
1718,1,0,1,Reader_2_2.csv
1718,2,2,0,Reader_2_3.csv
1718,0,0,0,Reader_2_4.csv
1718,1,1,0,Reader_2_5.csv
1718,0,0,0,Reader_2_6.csv
1718,2,2,0,Reader_2_7.csv
1718,0,0,0,Reader_2_8.csv
1718,0,0,0,Reader_2_9.csv
1718,13,10,3,reader_3_1.csv
1718,5,2,3,Reader_3_2.csv
1718,9,8,1,Reader_3_3.csv
1718,9,8,1,Reader_3_4.csv
1718,5,4,1,Reader_3_5.csv
1718,1,1,0,Reader_3_6.csv
1718,1,1,0,Reader_3_7.csv
1719,9,7,2,Reader_1_1.csv
1719,0,0,0,Reader_1_10.csv
1719,1,1,0,Reader_1_11.csv
1719,1,0,1,Reader_1_12.csv
1719,3,3,0,Reader_1_2.csv
1719,1,1,0,Reader_1_3.csv
1719,4,4,0,Reader_1_4.csv
1719,7,6,1,Reader_1_5.csv
1719,0,0,0,Reader_1_6.csv
1719,3,2,1,Reader_1_7.csv
1719,1,1,0,Reader_1_8.csv
1719,0,0,0,Reader_1_9.csv
1719,0,0,0,Reader_2_1.csv
1719,1,0,1,Reader_2_10.csv
1719,1,0,1,Reader_2_11.csv
1719,1,1,0,Reader_2_12.csv
1719,0,0,0,Reader_2_2.csv
1719,2,2,0,Reader_2_3.csv
1719,0,0,0,Reader_2_4.csv
1719,1,1,0,Reader_2_5.csv
1719,0,0,0,Reader_2_6.csv
1719,2,2,0,Reader_2_7.csv
1719,0,0,0,Reader_2_8.csv
1719,0,0,0,Reader_2_9.csv
1719,12,10,2,reader_3_1.csv
1719,5,2,3,Reader_3_2.csv
1719,9,8,1,Reader_3_3.csv
1719,9,8,1,Reader_3_4.csv
1719,6,5,1,Reader_3_5.csv
1719,2,2,0,Reader_3_6.csv
1719,2,2,0,Reader_3_7.csv
1720,12,8,4,Reader_1_1.csv
1720,0,0,0,Reader_1_10.csv
1720,1,1,0,Reader_1_11.csv
1720,1,0,1,Reader_1_12.csv
1720,3,3,0,Reader_1_2.csv
1720,1,1,0,Reader_1_3.csv
1720,3,3,0,Reader_1_4.csv
1720,5,4,1,Reader_1_5.csv
1720,1,1,0,Reader_1_6.csv
1720,3,2,1,Reader_1_7.csv
1720,1,1,0,Reader_1_8.csv
1720,0,0,0,Reader_1_9.csv
1720,0,0,0,Reader_2_1.csv
1720,1,0,1,Reader_2_10.csv
1720,1,0,1,Reader_2_11.csv
1720,1,1,0,Reader_2_12.csv
1720,0,0,0,Reader_2_2.csv
1720,4,4,0,Reader_2_3.csv
1720,0,0,0,Reader_2_4.csv
1720,1,1,0,Reader_2_5.csv
1720,0,0,0,Reader_2_6.csv
1720,2,2,0,Reader_2_7.csv
1720,0,0,0,Reader_2_8.csv
1720,0,0,0,Reader_2_9.csv
1720,12,9,3,reader_3_1.csv
1720,5,2,3,Reader_3_2.csv
1720,6,6,0,Reader_3_3.csv
1720,6,6,0,Reader_3_4.csv
1720,5,4,1,Reader_3_5.csv
1720,2,2,0,Reader_3_6.csv
1720,2,2,0,Reader_3_7.csv
1721,11,6,5,Reader_1_1.csv
1721,0,0,0,Reader_1_10.csv
1721,1,1,0,Reader_1_11.csv
1721,1,0,1,Reader_1_12.csv
1721,3,3,0,Reader_1_2.csv
1721,1,1,0,Reader_1_3.csv
1721,2,2,0,Reader_1_4.csv
1721,7,6,1,Reader_1_5.csv
1721,1,1,0,Reader_1_6.csv
1721,1,1,0,Reader_1_7.csv
1721,1,1,0,Reader_1_8.csv
1721,0,0,0,Reader_1_9.csv
1721,0,0,0,Reader_2_1.csv
1721,1,0,1,Reader_2_10.csv
1721,0,0,0,Reader_2_11.csv
1721,1,1,0,Reader_2_12.csv
1721,0,0,0,Reader_2_2.csv
1721,4,4,0,Reader_2_3.csv
1721,0,0,0,Reader_2_4.csv
1721,1,1,0,Reader_2_5.csv
1721,0,0,0,Reader_2_6.csv
1721,2,2,0,Reader_2_7.csv
1721,0,0,0,Reader_2_8.csv
1721,0,0,0,Reader_2_9.csv
1721,11,8,3,reader_3_1.csv
1721,5,3,2,Reader_3_2.csv
1721,8,8,0,Reader_3_3.csv
1721,8,8,0,Reader_3_4.csv
1721,3,2,1,Reader_3_5.csv
1721,2,2,0,Reader_3_6.csv
1721,2,2,0,Reader_3_7.csv
1722,11,6,5,Reader_1_1.csv
1722,0,0,0,Reader_1_10.csv
1722,1,1,0,Reader_1_11.csv
1722,1,0,1,Reader_1_12.csv
1722,2,2,0,Reader_1_2.csv
1722,2,2,0,Reader_1_3.csv
1722,1,1,0,Reader_1_4.csv
1722,6,5,1,Reader_1_5.csv
1722,1,1,0,Reader_1_6.csv
1722,1,1,0,Reader_1_7.csv
1722,1,1,0,Reader_1_8.csv
1722,0,0,0,Reader_1_9.csv
1722,0,0,0,Reader_2_1.csv
1722,1,0,1,Reader_2_10.csv
1722,0,0,0,Reader_2_11.csv
1722,1,1,0,Reader_2_12.csv
1722,0,0,0,Reader_2_2.csv
1722,5,5,0,Reader_2_3.csv
1722,0,0,0,Reader_2_4.csv
1722,1,1,0,Reader_2_5.csv
1722,0,0,0,Reader_2_6.csv
1722,1,1,0,Reader_2_7.csv
1722,0,0,0,Reader_2_8.csv
1722,0,0,0,Reader_2_9.csv
1722,8,5,3,reader_3_1.csv
1722,5,3,2,Reader_3_2.csv
1722,7,7,0,Reader_3_3.csv
1722,7,7,0,Reader_3_4.csv
1722,3,3,0,Reader_3_5.csv
1722,2,2,0,Reader_3_6.csv
1722,2,2,0,Reader_3_7.csv
1723,11,6,5,Reader_1_1.csv
1723,0,0,0,Reader_1_10.csv
1723,1,1,0,Reader_1_11.csv
1723,2,0,2,Reader_1_12.csv
1723,3,3,0,Reader_1_2.csv
1723,2,2,0,Reader_1_3.csv
1723,2,2,0,Reader_1_4.csv
1723,4,3,1,Reader_1_5.csv
1723,1,1,0,Reader_1_6.csv
1723,1,1,0,Reader_1_7.csv
1723,1,1,0,Reader_1_8.csv
1723,1,1,0,Reader_1_9.csv
1723,0,0,0,Reader_2_1.csv
1723,0,0,0,Reader_2_10.csv
1723,1,1,0,Reader_2_11.csv
1723,1,1,0,Reader_2_12.csv
1723,0,0,0,Reader_2_2.csv
1723,6,6,0,Reader_2_3.csv
1723,0,0,0,Reader_2_4.csv
1723,1,1,0,Reader_2_5.csv
1723,0,0,0,Reader_2_6.csv
1723,1,1,0,Reader_2_7.csv
1723,0,0,0,Reader_2_8.csv
1723,0,0,0,Reader_2_9.csv
1723,9,6,3,reader_3_1.csv
1723,6,4,2,Reader_3_2.csv
1723,6,6,0,Reader_3_3.csv
1723,6,6,0,Reader_3_4.csv
1723,3,3,0,Reader_3_5.csv
1723,2,2,0,Reader_3_6.csv
1723,1,1,0,Reader_3_7.csv
1724,10,4,6,Reader_1_1.csv
1724,1,1,0,Reader_1_10.csv
1724,0,0,0,Reader_1_11.csv
1724,2,0,2,Reader_1_12.csv
1724,3,3,0,Reader_1_2.csv
1724,1,1,0,Reader_1_3.csv
1724,2,2,0,Reader_1_4.csv
1724,4,3,1,Reader_1_5.csv
1724,1,1,0,Reader_1_6.csv
1724,0,0,0,Reader_1_7.csv
1724,1,1,0,Reader_1_8.csv
1724,2,2,0,Reader_1_9.csv
1724,0,0,0,Reader_2_1.csv
1724,0,0,0,Reader_2_10.csv
1724,1,1,0,Reader_2_11.csv
1724,1,1,0,Reader_2_12.csv
1724,0,0,0,Reader_2_2.csv
1724,5,5,0,Reader_2_3.csv
1724,0,0,0,Reader_2_4.csv
1724,0,0,0,Reader_2_5.csv
1724,0,0,0,Reader_2_6.csv
1724,1,1,0,Reader_2_7.csv
1724,0,0,0,Reader_2_8.csv
1724,0,0,0,Reader_2_9.csv
1724,9,6,3,reader_3_1.csv
1724,6,4,2,Reader_3_2.csv
1724,5,4,1,Reader_3_3.csv
1724,5,4,1,Reader_3_4.csv
1724,2,2,0,Reader_3_5.csv
1724,2,2,0,Reader_3_6.csv
1724,1,1,0,Reader_3_7.csv
1725,12,5,7,Reader_1_1.csv
1725,1,1,0,Reader_1_10.csv
1725,0,0,0,Reader_1_11.csv
1725,1,0,1,Reader_1_12.csv
1725,3,3,0,Reader_1_2.csv
1725,1,1,0,Reader_1_3.csv
1725,2,2,0,Reader_1_4.csv
1725,5,4,1,Reader_1_5.csv
1725,1,1,0,Reader_1_6.csv
1725,0,0,0,Reader_1_7.csv
1725,1,1,0,Reader_1_8.csv
1725,2,2,0,Reader_1_9.csv
1725,0,0,0,Reader_2_1.csv
1725,0,0,0,Reader_2_10.csv
1725,1,1,0,Reader_2_11.csv
1725,1,1,0,Reader_2_12.csv
1725,0,0,0,Reader_2_2.csv
1725,5,5,0,Reader_2_3.csv
1725,0,0,0,Reader_2_4.csv
1725,0,0,0,Reader_2_5.csv
1725,0,0,0,Reader_2_6.csv
1725,0,0,0,Reader_2_7.csv
1725,0,0,0,Reader_2_8.csv
1725,0,0,0,Reader_2_9.csv
1725,8,6,2,reader_3_1.csv
1725,5,4,1,Reader_3_2.csv
1725,6,5,1,Reader_3_3.csv
1725,6,5,1,Reader_3_4.csv
1725,2,2,0,Reader_3_5.csv
1725,2,2,0,Reader_3_6.csv
1725,1,1,0,Reader_3_7.csv
1726,14,6,8,Reader_1_1.csv
1726,1,1,0,Reader_1_10.csv
1726,0,0,0,Reader_1_11.csv
1726,1,0,1,Reader_1_12.csv
1726,3,3,0,Reader_1_2.csv
1726,1,1,0,Reader_1_3.csv
1726,2,2,0,Reader_1_4.csv
1726,4,3,1,Reader_1_5.csv
1726,2,2,0,Reader_1_6.csv
1726,0,0,0,Reader_1_7.csv
1726,1,1,0,Reader_1_8.csv
1726,2,2,0,Reader_1_9.csv
1726,0,0,0,Reader_2_1.csv
1726,0,0,0,Reader_2_10.csv
1726,1,1,0,Reader_2_11.csv
1726,1,1,0,Reader_2_12.csv
1726,0,0,0,Reader_2_2.csv
1726,5,5,0,Reader_2_3.csv
1726,0,0,0,Reader_2_4.csv
1726,0,0,0,Reader_2_5.csv
1726,0,0,0,Reader_2_6.csv
1726,0,0,0,Reader_2_7.csv
1726,0,0,0,Reader_2_8.csv
1726,0,0,0,Reader_2_9.csv
1726,8,6,2,reader_3_1.csv
1726,4,3,1,Reader_3_2.csv
1726,7,6,1,Reader_3_3.csv
1726,7,6,1,Reader_3_4.csv
1726,2,2,0,Reader_3_5.csv
1726,4,3,1,Reader_3_6.csv
1726,1,1,0,Reader_3_7.csv
1727,15,7,8,Reader_1_1.csv
1727,1,1,0,Reader_1_10.csv
1727,0,0,0,Reader_1_11.csv
1727,1,0,1,Reader_1_12.csv
1727,3,3,0,Reader_1_2.csv
1727,1,1,0,Reader_1_3.csv
1727,1,1,0,Reader_1_4.csv
1727,4,3,1,Reader_1_5.csv
1727,3,3,0,Reader_1_6.csv
1727,0,0,0,Reader_1_7.csv
1727,0,0,0,Reader_1_8.csv
1727,2,2,0,Reader_1_9.csv
1727,0,0,0,Reader_2_1.csv
1727,0,0,0,Reader_2_10.csv
1727,2,2,0,Reader_2_11.csv
1727,1,0,1,Reader_2_12.csv
1727,0,0,0,Reader_2_2.csv
1727,5,5,0,Reader_2_3.csv
1727,0,0,0,Reader_2_4.csv
1727,0,0,0,Reader_2_5.csv
1727,0,0,0,Reader_2_6.csv
1727,1,1,0,Reader_2_7.csv
1727,0,0,0,Reader_2_8.csv
1727,0,0,0,Reader_2_9.csv
1727,6,4,2,reader_3_1.csv
1727,6,5,1,Reader_3_2.csv
1727,7,6,1,Reader_3_3.csv
1727,7,6,1,Reader_3_4.csv
1727,1,1,0,Reader_3_5.csv
1727,3,2,1,Reader_3_6.csv
1727,0,0,0,Reader_3_7.csv
1728,12,6,6,Reader_1_1.csv
1728,1,1,0,Reader_1_10.csv
1728,0,0,0,Reader_1_11.csv
1728,1,0,1,Reader_1_12.csv
1728,1,1,0,Reader_1_2.csv
1728,1,1,0,Reader_1_3.csv
1728,1,1,0,Reader_1_4.csv
1728,3,3,0,Reader_1_5.csv
1728,2,2,0,Reader_1_6.csv
1728,1,1,0,Reader_1_7.csv
1728,0,0,0,Reader_1_8.csv
1728,2,2,0,Reader_1_9.csv
1728,0,0,0,Reader_2_1.csv
1728,0,0,0,Reader_2_10.csv
1728,2,2,0,Reader_2_11.csv
1728,1,0,1,Reader_2_12.csv
1728,0,0,0,Reader_2_2.csv
1728,5,4,1,Reader_2_3.csv
1728,0,0,0,Reader_2_4.csv
1728,0,0,0,Reader_2_5.csv
1728,0,0,0,Reader_2_6.csv
1728,1,1,0,Reader_2_7.csv
1728,0,0,0,Reader_2_8.csv
1728,0,0,0,Reader_2_9.csv
1728,4,4,0,reader_3_1.csv
1728,6,5,1,Reader_3_2.csv
1728,8,7,1,Reader_3_3.csv
1728,8,7,1,Reader_3_4.csv
1728,1,1,0,Reader_3_5.csv
1728,3,2,1,Reader_3_6.csv
1728,0,0,0,Reader_3_7.csv
1729,11,6,5,Reader_1_1.csv
1729,1,1,0,Reader_1_10.csv
1729,0,0,0,Reader_1_11.csv
1729,1,0,1,Reader_1_12.csv
1729,2,2,0,Reader_1_2.csv
1729,1,1,0,Reader_1_3.csv
1729,1,1,0,Reader_1_4.csv
1729,1,1,0,Reader_1_5.csv
1729,2,2,0,Reader_1_6.csv
1729,1,1,0,Reader_1_7.csv
1729,0,0,0,Reader_1_8.csv
1729,2,2,0,Reader_1_9.csv
1729,0,0,0,Reader_2_1.csv
1729,0,0,0,Reader_2_10.csv
1729,3,2,1,Reader_2_11.csv
1729,1,0,1,Reader_2_12.csv
1729,0,0,0,Reader_2_2.csv
1729,4,3,1,Reader_2_3.csv
1729,0,0,0,Reader_2_4.csv
1729,0,0,0,Reader_2_5.csv
1729,0,0,0,Reader_2_6.csv
1729,1,1,0,Reader_2_7.csv
1729,0,0,0,Reader_2_8.csv
1729,0,0,0,Reader_2_9.csv
1729,4,3,1,reader_3_1.csv
1729,5,4,1,Reader_3_2.csv
1729,4,3,1,Reader_3_3.csv
1729,4,3,1,Reader_3_4.csv
1729,1,1,0,Reader_3_5.csv
1729,2,1,1,Reader_3_6.csv
1729,0,0,0,Reader_3_7.csv
1730,13,7,6,Reader_1_1.csv
1730,1,1,0,Reader_1_10.csv
1730,0,0,0,Reader_1_11.csv
1730,1,0,1,Reader_1_12.csv
1730,2,2,0,Reader_1_2.csv
1730,0,0,0,Reader_1_3.csv
1730,1,1,0,Reader_1_4.csv
1730,1,1,0,Reader_1_5.csv
1730,2,2,0,Reader_1_6.csv
1730,1,1,0,Reader_1_7.csv
1730,1,0,1,Reader_1_8.csv
1730,2,2,0,Reader_1_9.csv
1730,0,0,0,Reader_2_1.csv
1730,0,0,0,Reader_2_10.csv
1730,3,2,1,Reader_2_11.csv
1730,1,0,1,Reader_2_12.csv
1730,0,0,0,Reader_2_2.csv
1730,3,2,1,Reader_2_3.csv
1730,0,0,0,Reader_2_4.csv
1730,0,0,0,Reader_2_5.csv
1730,0,0,0,Reader_2_6.csv
1730,1,1,0,Reader_2_7.csv
1730,0,0,0,Reader_2_8.csv
1730,0,0,0,Reader_2_9.csv
1730,5,4,1,reader_3_1.csv
1730,5,4,1,Reader_3_2.csv
1730,5,4,1,Reader_3_3.csv
1730,5,4,1,Reader_3_4.csv
1730,1,0,1,Reader_3_5.csv
1730,2,1,1,Reader_3_6.csv
1730,0,0,0,Reader_3_7.csv
1731,12,6,6,Reader_1_1.csv
1731,1,1,0,Reader_1_10.csv
1731,0,0,0,Reader_1_11.csv
1731,0,0,0,Reader_1_12.csv
1731,1,1,0,Reader_1_2.csv
1731,0,0,0,Reader_1_3.csv
1731,0,0,0,Reader_1_4.csv
1731,2,1,1,Reader_1_5.csv
1731,2,2,0,Reader_1_6.csv
1731,1,1,0,Reader_1_7.csv
1731,1,0,1,Reader_1_8.csv
1731,1,1,0,Reader_1_9.csv
1731,0,0,0,Reader_2_1.csv
1731,0,0,0,Reader_2_10.csv
1731,2,1,1,Reader_2_11.csv
1731,1,0,1,Reader_2_12.csv
1731,0,0,0,Reader_2_2.csv
1731,2,1,1,Reader_2_3.csv
1731,0,0,0,Reader_2_4.csv
1731,0,0,0,Reader_2_5.csv
1731,0,0,0,Reader_2_6.csv
1731,1,1,0,Reader_2_7.csv
1731,0,0,0,Reader_2_8.csv
1731,0,0,0,Reader_2_9.csv
1731,7,5,2,reader_3_1.csv
1731,5,3,2,Reader_3_2.csv
1731,6,5,1,Reader_3_3.csv
1731,6,5,1,Reader_3_4.csv
1731,1,0,1,Reader_3_5.csv
1731,2,1,1,Reader_3_6.csv
1731,0,0,0,Reader_3_7.csv
1732,12,7,5,Reader_1_1.csv
1732,0,0,0,Reader_1_10.csv
1732,0,0,0,Reader_1_11.csv
1732,0,0,0,Reader_1_12.csv
1732,1,1,0,Reader_1_2.csv
1732,0,0,0,Reader_1_3.csv
1732,0,0,0,Reader_1_4.csv
1732,2,1,1,Reader_1_5.csv
1732,3,3,0,Reader_1_6.csv
1732,1,1,0,Reader_1_7.csv
1732,1,0,1,Reader_1_8.csv
1732,0,0,0,Reader_1_9.csv
1732,0,0,0,Reader_2_1.csv
1732,0,0,0,Reader_2_10.csv
1732,2,1,1,Reader_2_11.csv
1732,1,0,1,Reader_2_12.csv
1732,0,0,0,Reader_2_2.csv
1732,2,1,1,Reader_2_3.csv
1732,0,0,0,Reader_2_4.csv
1732,0,0,0,Reader_2_5.csv
1732,0,0,0,Reader_2_6.csv
1732,1,1,0,Reader_2_7.csv
1732,0,0,0,Reader_2_8.csv
1732,0,0,0,Reader_2_9.csv
1732,9,6,3,reader_3_1.csv
1732,5,3,2,Reader_3_2.csv
1732,7,7,0,Reader_3_3.csv
1732,7,7,0,Reader_3_4.csv
1732,1,0,1,Reader_3_5.csv
1732,2,1,1,Reader_3_6.csv
1732,0,0,0,Reader_3_7.csv
1733,11,7,4,Reader_1_1.csv
1733,0,0,0,Reader_1_10.csv
1733,0,0,0,Reader_1_11.csv
1733,0,0,0,Reader_1_12.csv
1733,2,2,0,Reader_1_2.csv
1733,0,0,0,Reader_1_3.csv
1733,0,0,0,Reader_1_4.csv
1733,1,0,1,Reader_1_5.csv
1733,4,3,1,Reader_1_6.csv
1733,1,1,0,Reader_1_7.csv
1733,1,0,1,Reader_1_8.csv
1733,1,0,1,Reader_1_9.csv
1733,0,0,0,Reader_2_1.csv
1733,0,0,0,Reader_2_10.csv
1733,4,3,1,Reader_2_11.csv
1733,1,0,1,Reader_2_12.csv
1733,0,0,0,Reader_2_2.csv
1733,2,1,1,Reader_2_3.csv
1733,0,0,0,Reader_2_4.csv
1733,0,0,0,Reader_2_5.csv
1733,0,0,0,Reader_2_6.csv
1733,1,1,0,Reader_2_7.csv
1733,0,0,0,Reader_2_8.csv
1733,0,0,0,Reader_2_9.csv
1733,10,7,3,reader_3_1.csv
1733,5,3,2,Reader_3_2.csv
1733,8,8,0,Reader_3_3.csv
1733,8,8,0,Reader_3_4.csv
1733,1,0,1,Reader_3_5.csv
1733,2,1,1,Reader_3_6.csv
1733,0,0,0,Reader_3_7.csv
1734,8,5,3,Reader_1_1.csv
1734,0,0,0,Reader_1_10.csv
1734,0,0,0,Reader_1_11.csv
1734,0,0,0,Reader_1_12.csv
1734,2,2,0,Reader_1_2.csv
1734,0,0,0,Reader_1_3.csv
1734,0,0,0,Reader_1_4.csv
1734,1,0,1,Reader_1_5.csv
1734,3,2,1,Reader_1_6.csv
1734,1,1,0,Reader_1_7.csv
1734,1,0,1,Reader_1_8.csv
1734,1,0,1,Reader_1_9.csv
1734,0,0,0,Reader_2_1.csv
1734,0,0,0,Reader_2_10.csv
1734,5,4,1,Reader_2_11.csv
1734,1,0,1,Reader_2_12.csv
1734,0,0,0,Reader_2_2.csv
1734,2,1,1,Reader_2_3.csv
1734,0,0,0,Reader_2_4.csv
1734,1,1,0,Reader_2_5.csv
1734,0,0,0,Reader_2_6.csv
1734,1,1,0,Reader_2_7.csv
1734,0,0,0,Reader_2_8.csv
1734,0,0,0,Reader_2_9.csv
1734,12,9,3,reader_3_1.csv
1734,5,3,2,Reader_3_2.csv
1734,9,9,0,Reader_3_3.csv
1734,9,9,0,Reader_3_4.csv
1734,1,0,1,Reader_3_5.csv
1734,0,0,0,Reader_3_6.csv
1734,0,0,0,Reader_3_7.csv
1735,6,3,3,Reader_1_1.csv
1735,0,0,0,Reader_1_10.csv
1735,2,2,0,Reader_1_11.csv
1735,0,0,0,Reader_1_12.csv
1735,2,2,0,Reader_1_2.csv
1735,0,0,0,Reader_1_3.csv
1735,0,0,0,Reader_1_4.csv
1735,1,0,1,Reader_1_5.csv
1735,2,1,1,Reader_1_6.csv
1735,1,1,0,Reader_1_7.csv
1735,1,0,1,Reader_1_8.csv
1735,1,0,1,Reader_1_9.csv
1735,0,0,0,Reader_2_1.csv
1735,0,0,0,Reader_2_10.csv
1735,5,4,1,Reader_2_11.csv
1735,0,0,0,Reader_2_12.csv
1735,0,0,0,Reader_2_2.csv
1735,2,1,1,Reader_2_3.csv
1735,0,0,0,Reader_2_4.csv
1735,1,1,0,Reader_2_5.csv
1735,0,0,0,Reader_2_6.csv
1735,0,0,0,Reader_2_7.csv
1735,0,0,0,Reader_2_8.csv
1735,0,0,0,Reader_2_9.csv
1735,13,10,3,reader_3_1.csv
1735,3,1,2,Reader_3_2.csv
1735,11,11,0,Reader_3_3.csv
1735,11,11,0,Reader_3_4.csv
1735,1,0,1,Reader_3_5.csv
1735,1,1,0,Reader_3_6.csv
1735,0,0,0,Reader_3_7.csv
1736,6,3,3,Reader_1_1.csv
1736,0,0,0,Reader_1_10.csv
1736,3,2,1,Reader_1_11.csv
1736,0,0,0,Reader_1_12.csv
1736,2,2,0,Reader_1_2.csv
1736,0,0,0,Reader_1_3.csv
1736,0,0,0,Reader_1_4.csv
1736,1,0,1,Reader_1_5.csv
1736,3,2,1,Reader_1_6.csv
1736,1,0,1,Reader_1_7.csv
1736,1,0,1,Reader_1_8.csv
1736,1,0,1,Reader_1_9.csv
1736,0,0,0,Reader_2_1.csv
1736,0,0,0,Reader_2_10.csv
1736,5,4,1,Reader_2_11.csv
1736,1,1,0,Reader_2_12.csv
1736,0,0,0,Reader_2_2.csv
1736,0,0,0,Reader_2_3.csv
1736,1,1,0,Reader_2_4.csv
1736,1,1,0,Reader_2_5.csv
1736,0,0,0,Reader_2_6.csv
1736,0,0,0,Reader_2_7.csv
1736,0,0,0,Reader_2_8.csv
1736,0,0,0,Reader_2_9.csv
1736,13,10,3,reader_3_1.csv
1736,4,2,2,Reader_3_2.csv
1736,13,12,1,Reader_3_3.csv
1736,13,12,1,Reader_3_4.csv
1736,2,1,1,Reader_3_5.csv
1736,1,1,0,Reader_3_6.csv
1736,0,0,0,Reader_3_7.csv
1737,7,3,4,Reader_1_1.csv
1737,0,0,0,Reader_1_10.csv
1737,3,2,1,Reader_1_11.csv
1737,0,0,0,Reader_1_12.csv
1737,1,1,0,Reader_1_2.csv
1737,0,0,0,Reader_1_3.csv
1737,0,0,0,Reader_1_4.csv
1737,1,0,1,Reader_1_5.csv
1737,3,2,1,Reader_1_6.csv
1737,1,0,1,Reader_1_7.csv
1737,1,0,1,Reader_1_8.csv
1737,1,0,1,Reader_1_9.csv
1737,0,0,0,Reader_2_1.csv
1737,0,0,0,Reader_2_10.csv
1737,4,4,0,Reader_2_11.csv
1737,1,1,0,Reader_2_12.csv
1737,0,0,0,Reader_2_2.csv
1737,1,1,0,Reader_2_3.csv
1737,1,1,0,Reader_2_4.csv
1737,2,2,0,Reader_2_5.csv
1737,0,0,0,Reader_2_6.csv
1737,0,0,0,Reader_2_7.csv
1737,0,0,0,Reader_2_8.csv
1737,0,0,0,Reader_2_9.csv
1737,12,10,2,reader_3_1.csv
1737,5,3,2,Reader_3_2.csv
1737,14,13,1,Reader_3_3.csv
1737,14,13,1,Reader_3_4.csv
1737,2,1,1,Reader_3_5.csv
1737,1,1,0,Reader_3_6.csv
1737,0,0,0,Reader_3_7.csv
1738,8,4,4,Reader_1_1.csv
1738,0,0,0,Reader_1_10.csv
1738,3,2,1,Reader_1_11.csv
1738,0,0,0,Reader_1_12.csv
1738,1,1,0,Reader_1_2.csv
1738,0,0,0,Reader_1_3.csv
1738,0,0,0,Reader_1_4.csv
1738,1,0,1,Reader_1_5.csv
1738,3,2,1,Reader_1_6.csv
1738,1,0,1,Reader_1_7.csv
1738,0,0,0,Reader_1_8.csv
1738,1,0,1,Reader_1_9.csv
1738,0,0,0,Reader_2_1.csv
1738,0,0,0,Reader_2_10.csv
1738,5,5,0,Reader_2_11.csv
1738,1,1,0,Reader_2_12.csv
1738,0,0,0,Reader_2_2.csv
1738,2,2,0,Reader_2_3.csv
1738,1,1,0,Reader_2_4.csv
1738,2,2,0,Reader_2_5.csv
1738,0,0,0,Reader_2_6.csv
1738,0,0,0,Reader_2_7.csv
1738,0,0,0,Reader_2_8.csv
1738,0,0,0,Reader_2_9.csv
1738,15,11,4,reader_3_1.csv
1738,5,3,2,Reader_3_2.csv
1738,13,12,1,Reader_3_3.csv
1738,13,12,1,Reader_3_4.csv
1738,2,2,0,Reader_3_5.csv
1738,1,1,0,Reader_3_6.csv
1738,0,0,0,Reader_3_7.csv
1739,9,5,4,Reader_1_1.csv
1739,0,0,0,Reader_1_10.csv
1739,3,2,1,Reader_1_11.csv
1739,1,1,0,Reader_1_12.csv
1739,1,1,0,Reader_1_2.csv
1739,0,0,0,Reader_1_3.csv
1739,0,0,0,Reader_1_4.csv
1739,0,0,0,Reader_1_5.csv
1739,3,2,1,Reader_1_6.csv
1739,1,0,1,Reader_1_7.csv
1739,0,0,0,Reader_1_8.csv
1739,1,0,1,Reader_1_9.csv
1739,0,0,0,Reader_2_1.csv
1739,0,0,0,Reader_2_10.csv
1739,7,5,2,Reader_2_11.csv
1739,1,1,0,Reader_2_12.csv
1739,0,0,0,Reader_2_2.csv
1739,3,3,0,Reader_2_3.csv
1739,1,1,0,Reader_2_4.csv
1739,2,2,0,Reader_2_5.csv
1739,0,0,0,Reader_2_6.csv
1739,1,1,0,Reader_2_7.csv
1739,0,0,0,Reader_2_8.csv
1739,0,0,0,Reader_2_9.csv
1739,15,11,4,reader_3_1.csv
1739,4,3,1,Reader_3_2.csv
1739,12,11,1,Reader_3_3.csv
1739,12,11,1,Reader_3_4.csv
1739,3,3,0,Reader_3_5.csv
1739,1,1,0,Reader_3_6.csv
1739,1,0,1,Reader_3_7.csv
1740,13,8,5,Reader_1_1.csv
1740,0,0,0,Reader_1_10.csv
1740,3,2,1,Reader_1_11.csv
1740,1,1,0,Reader_1_12.csv
1740,2,1,1,Reader_1_2.csv
1740,0,0,0,Reader_1_3.csv
1740,0,0,0,Reader_1_4.csv
1740,1,1,0,Reader_1_5.csv
1740,2,1,1,Reader_1_6.csv
1740,1,0,1,Reader_1_7.csv
1740,0,0,0,Reader_1_8.csv
1740,1,0,1,Reader_1_9.csv
1740,0,0,0,Reader_2_1.csv
1740,0,0,0,Reader_2_10.csv
1740,8,6,2,Reader_2_11.csv
1740,1,1,0,Reader_2_12.csv
1740,0,0,0,Reader_2_2.csv
1740,4,4,0,Reader_2_3.csv
1740,1,1,0,Reader_2_4.csv
1740,2,2,0,Reader_2_5.csv
1740,0,0,0,Reader_2_6.csv
1740,2,2,0,Reader_2_7.csv
1740,0,0,0,Reader_2_8.csv
1740,0,0,0,Reader_2_9.csv
1740,14,11,3,reader_3_1.csv
1740,3,3,0,Reader_3_2.csv
1740,10,9,1,Reader_3_3.csv
1740,10,9,1,Reader_3_4.csv
1740,4,4,0,Reader_3_5.csv
1740,1,1,0,Reader_3_6.csv
1740,1,0,1,Reader_3_7.csv
1741,15,9,6,Reader_1_1.csv
1741,0,0,0,Reader_1_10.csv
1741,4,3,1,Reader_1_11.csv
1741,1,1,0,Reader_1_12.csv
1741,1,0,1,Reader_1_2.csv
1741,0,0,0,Reader_1_3.csv
1741,0,0,0,Reader_1_4.csv
1741,1,1,0,Reader_1_5.csv
1741,1,1,0,Reader_1_6.csv
1741,1,0,1,Reader_1_7.csv
1741,0,0,0,Reader_1_8.csv
1741,0,0,0,Reader_1_9.csv
1741,0,0,0,Reader_2_1.csv
1741,0,0,0,Reader_2_10.csv
1741,6,4,2,Reader_2_11.csv
1741,1,1,0,Reader_2_12.csv
1741,0,0,0,Reader_2_2.csv
1741,4,4,0,Reader_2_3.csv
1741,2,2,0,Reader_2_4.csv
1741,2,2,0,Reader_2_5.csv
1741,0,0,0,Reader_2_6.csv
1741,2,2,0,Reader_2_7.csv
1741,0,0,0,Reader_2_8.csv
1741,0,0,0,Reader_2_9.csv
1741,13,10,3,reader_3_1.csv
1741,3,3,0,Reader_3_2.csv
1741,9,8,1,Reader_3_3.csv
1741,9,8,1,Reader_3_4.csv
1741,6,6,0,Reader_3_5.csv
1741,1,1,0,Reader_3_6.csv
1741,1,0,1,Reader_3_7.csv
1742,14,9,5,Reader_1_1.csv
1742,0,0,0,Reader_1_10.csv
1742,4,3,1,Reader_1_11.csv
1742,1,1,0,Reader_1_12.csv
1742,2,1,1,Reader_1_2.csv
1742,0,0,0,Reader_1_3.csv
1742,0,0,0,Reader_1_4.csv
1742,1,1,0,Reader_1_5.csv
1742,1,1,0,Reader_1_6.csv
1742,1,0,1,Reader_1_7.csv
1742,0,0,0,Reader_1_8.csv
1742,0,0,0,Reader_1_9.csv
1742,0,0,0,Reader_2_1.csv
1742,0,0,0,Reader_2_10.csv
1742,6,3,3,Reader_2_11.csv
1742,2,1,1,Reader_2_12.csv
1742,0,0,0,Reader_2_2.csv
1742,4,4,0,Reader_2_3.csv
1742,2,2,0,Reader_2_4.csv
1742,1,1,0,Reader_2_5.csv
1742,0,0,0,Reader_2_6.csv
1742,2,2,0,Reader_2_7.csv
1742,0,0,0,Reader_2_8.csv
1742,0,0,0,Reader_2_9.csv
1742,10,7,3,reader_3_1.csv
1742,3,3,0,Reader_3_2.csv
1742,7,6,1,Reader_3_3.csv
1742,7,6,1,Reader_3_4.csv
1742,6,6,0,Reader_3_5.csv
1742,2,2,0,Reader_3_6.csv
1742,1,0,1,Reader_3_7.csv
1743,18,12,6,Reader_1_1.csv
1743,1,1,0,Reader_1_10.csv
1743,8,1,7,Reader_1_11.csv
1743,1,1,0,Reader_1_12.csv
1743,2,1,1,Reader_1_2.csv
1743,1,1,0,Reader_1_3.csv
1743,0,0,0,Reader_1_4.csv
1743,1,1,0,Reader_1_5.csv
1743,1,1,0,Reader_1_6.csv
1743,1,0,1,Reader_1_7.csv
1743,0,0,0,Reader_1_8.csv
1743,0,0,0,Reader_1_9.csv
1743,1,1,0,Reader_2_1.csv
1743,0,0,0,Reader_2_10.csv
1743,5,2,3,Reader_2_11.csv
1743,2,1,1,Reader_2_12.csv
1743,1,1,0,Reader_2_2.csv
1743,4,4,0,Reader_2_3.csv
1743,2,2,0,Reader_2_4.csv
1743,1,1,0,Reader_2_5.csv
1743,0,0,0,Reader_2_6.csv
1743,2,2,0,Reader_2_7.csv
1743,0,0,0,Reader_2_8.csv
1743,0,0,0,Reader_2_9.csv
1743,9,6,3,reader_3_1.csv
1743,3,3,0,Reader_3_2.csv
1743,5,4,1,Reader_3_3.csv
1743,5,4,1,Reader_3_4.csv
1743,6,6,0,Reader_3_5.csv
1743,1,1,0,Reader_3_6.csv
1743,1,0,1,Reader_3_7.csv
1744,21,15,6,Reader_1_1.csv
1744,2,2,0,Reader_1_10.csv
1744,8,2,6,Reader_1_11.csv
1744,1,1,0,Reader_1_12.csv
1744,2,1,1,Reader_1_2.csv
1744,1,1,0,Reader_1_3.csv
1744,0,0,0,Reader_1_4.csv
1744,1,1,0,Reader_1_5.csv
1744,0,0,0,Reader_1_6.csv
1744,0,0,0,Reader_1_7.csv
1744,1,1,0,Reader_1_8.csv
1744,0,0,0,Reader_1_9.csv
1744,1,1,0,Reader_2_1.csv
1744,0,0,0,Reader_2_10.csv
1744,5,2,3,Reader_2_11.csv
1744,1,0,1,Reader_2_12.csv
1744,1,1,0,Reader_2_2.csv
1744,4,4,0,Reader_2_3.csv
1744,1,1,0,Reader_2_4.csv
1744,1,1,0,Reader_2_5.csv
1744,0,0,0,Reader_2_6.csv
1744,2,2,0,Reader_2_7.csv
1744,0,0,0,Reader_2_8.csv
1744,1,1,0,Reader_2_9.csv
1744,10,6,4,reader_3_1.csv
1744,2,2,0,Reader_3_2.csv
1744,3,3,0,Reader_3_3.csv
1744,3,3,0,Reader_3_4.csv
1744,5,5,0,Reader_3_5.csv
1744,1,1,0,Reader_3_6.csv
1744,1,0,1,Reader_3_7.csv
1745,21,16,5,Reader_1_1.csv
1745,2,2,0,Reader_1_10.csv
1745,9,3,6,Reader_1_11.csv
1745,1,1,0,Reader_1_12.csv
1745,2,1,1,Reader_1_2.csv
1745,1,1,0,Reader_1_3.csv
1745,1,0,1,Reader_1_4.csv
1745,1,1,0,Reader_1_5.csv
1745,0,0,0,Reader_1_6.csv
1745,0,0,0,Reader_1_7.csv
1745,1,1,0,Reader_1_8.csv
1745,0,0,0,Reader_1_9.csv
1745,1,1,0,Reader_2_1.csv
1745,0,0,0,Reader_2_10.csv
1745,6,2,4,Reader_2_11.csv
1745,1,0,1,Reader_2_12.csv
1745,1,1,0,Reader_2_2.csv
1745,3,3,0,Reader_2_3.csv
1745,1,1,0,Reader_2_4.csv
1745,2,1,1,Reader_2_5.csv
1745,0,0,0,Reader_2_6.csv
1745,2,2,0,Reader_2_7.csv
1745,0,0,0,Reader_2_8.csv
1745,1,1,0,Reader_2_9.csv
1745,9,5,4,reader_3_1.csv
1745,1,1,0,Reader_3_2.csv
1745,5,4,1,Reader_3_3.csv
1745,5,4,1,Reader_3_4.csv
1745,8,8,0,Reader_3_5.csv
1745,1,1,0,Reader_3_6.csv
1745,1,0,1,Reader_3_7.csv
1746,20,15,5,Reader_1_1.csv
1746,2,2,0,Reader_1_10.csv
1746,10,4,6,Reader_1_11.csv
1746,1,1,0,Reader_1_12.csv
1746,2,1,1,Reader_1_2.csv
1746,1,1,0,Reader_1_3.csv
1746,1,0,1,Reader_1_4.csv
1746,1,1,0,Reader_1_5.csv
1746,1,1,0,Reader_1_6.csv
1746,0,0,0,Reader_1_7.csv
1746,1,1,0,Reader_1_8.csv
1746,0,0,0,Reader_1_9.csv
1746,1,1,0,Reader_2_1.csv
1746,0,0,0,Reader_2_10.csv
1746,5,1,4,Reader_2_11.csv
1746,1,0,1,Reader_2_12.csv
1746,1,1,0,Reader_2_2.csv
1746,3,3,0,Reader_2_3.csv
1746,1,1,0,Reader_2_4.csv
1746,2,1,1,Reader_2_5.csv
1746,0,0,0,Reader_2_6.csv
1746,2,2,0,Reader_2_7.csv
1746,0,0,0,Reader_2_8.csv
1746,1,1,0,Reader_2_9.csv
1746,5,3,2,reader_3_1.csv
1746,0,0,0,Reader_3_2.csv
1746,5,4,1,Reader_3_3.csv
1746,5,4,1,Reader_3_4.csv
1746,7,7,0,Reader_3_5.csv
1746,2,1,1,Reader_3_6.csv
1746,1,0,1,Reader_3_7.csv
1747,20,16,4,Reader_1_1.csv
1747,2,2,0,Reader_1_10.csv
1747,10,4,6,Reader_1_11.csv
1747,1,1,0,Reader_1_12.csv
1747,2,1,1,Reader_1_2.csv
1747,1,1,0,Reader_1_3.csv
1747,1,0,1,Reader_1_4.csv
1747,1,1,0,Reader_1_5.csv
1747,1,1,0,Reader_1_6.csv
1747,0,0,0,Reader_1_7.csv
1747,2,2,0,Reader_1_8.csv
1747,0,0,0,Reader_1_9.csv
1747,2,2,0,Reader_2_1.csv
1747,0,0,0,Reader_2_10.csv
1747,4,2,2,Reader_2_11.csv
1747,1,0,1,Reader_2_12.csv
1747,1,1,0,Reader_2_2.csv
1747,2,2,0,Reader_2_3.csv
1747,1,1,0,Reader_2_4.csv
1747,2,1,1,Reader_2_5.csv
1747,0,0,0,Reader_2_6.csv
1747,1,1,0,Reader_2_7.csv
1747,0,0,0,Reader_2_8.csv
1747,1,1,0,Reader_2_9.csv
1747,4,1,3,reader_3_1.csv
1747,0,0,0,Reader_3_2.csv
1747,6,5,1,Reader_3_3.csv
1747,6,5,1,Reader_3_4.csv
1747,7,6,1,Reader_3_5.csv
1747,2,1,1,Reader_3_6.csv
1747,0,0,0,Reader_3_7.csv
1748,19,15,4,Reader_1_1.csv
1748,2,2,0,Reader_1_10.csv
1748,11,5,6,Reader_1_11.csv
1748,1,1,0,Reader_1_12.csv
1748,2,2,0,Reader_1_2.csv
1748,1,1,0,Reader_1_3.csv
1748,1,0,1,Reader_1_4.csv
1748,0,0,0,Reader_1_5.csv
1748,1,1,0,Reader_1_6.csv
1748,0,0,0,Reader_1_7.csv
1748,2,2,0,Reader_1_8.csv
1748,2,2,0,Reader_1_9.csv
1748,2,2,0,Reader_2_1.csv
1748,0,0,0,Reader_2_10.csv
1748,3,1,2,Reader_2_11.csv
1748,1,0,1,Reader_2_12.csv
1748,1,1,0,Reader_2_2.csv
1748,2,1,1,Reader_2_3.csv
1748,1,1,0,Reader_2_4.csv
1748,2,1,1,Reader_2_5.csv
1748,0,0,0,Reader_2_6.csv
1748,0,0,0,Reader_2_7.csv
1748,0,0,0,Reader_2_8.csv
1748,1,1,0,Reader_2_9.csv
1748,4,1,3,reader_3_1.csv
1748,1,1,0,Reader_3_2.csv
1748,6,5,1,Reader_3_3.csv
1748,6,5,1,Reader_3_4.csv
1748,9,7,2,Reader_3_5.csv
1748,2,1,1,Reader_3_6.csv
1748,0,0,0,Reader_3_7.csv
1749,17,13,4,Reader_1_1.csv
1749,3,3,0,Reader_1_10.csv
1749,12,6,6,Reader_1_11.csv
1749,1,1,0,Reader_1_12.csv
1749,2,2,0,Reader_1_2.csv
1749,2,2,0,Reader_1_3.csv
1749,1,0,1,Reader_1_4.csv
1749,1,1,0,Reader_1_5.csv
1749,1,1,0,Reader_1_6.csv
1749,0,0,0,Reader_1_7.csv
1749,2,2,0,Reader_1_8.csv
1749,3,3,0,Reader_1_9.csv
1749,2,2,0,Reader_2_1.csv
1749,0,0,0,Reader_2_10.csv
1749,3,1,2,Reader_2_11.csv
1749,1,0,1,Reader_2_12.csv
1749,1,1,0,Reader_2_2.csv
1749,3,1,2,Reader_2_3.csv
1749,0,0,0,Reader_2_4.csv
1749,2,1,1,Reader_2_5.csv
1749,0,0,0,Reader_2_6.csv
1749,0,0,0,Reader_2_7.csv
1749,0,0,0,Reader_2_8.csv
1749,1,1,0,Reader_2_9.csv
1749,5,1,4,reader_3_1.csv
1749,3,2,1,Reader_3_2.csv
1749,5,4,1,Reader_3_3.csv
1749,5,4,1,Reader_3_4.csv
1749,9,7,2,Reader_3_5.csv
1749,3,1,2,Reader_3_6.csv
1749,1,0,1,Reader_3_7.csv
1750,21,17,4,Reader_1_1.csv
1750,3,3,0,Reader_1_10.csv
1750,13,7,6,Reader_1_11.csv
1750,1,1,0,Reader_1_12.csv
1750,1,1,0,Reader_1_2.csv
1750,4,3,1,Reader_1_3.csv
1750,1,0,1,Reader_1_4.csv
1750,1,1,0,Reader_1_5.csv
1750,1,1,0,Reader_1_6.csv
1750,0,0,0,Reader_1_7.csv
1750,2,2,0,Reader_1_8.csv
1750,3,3,0,Reader_1_9.csv
1750,3,3,0,Reader_2_1.csv
1750,0,0,0,Reader_2_10.csv
1750,2,1,1,Reader_2_11.csv
1750,1,1,0,Reader_2_12.csv
1750,1,1,0,Reader_2_2.csv
1750,3,1,2,Reader_2_3.csv
1750,0,0,0,Reader_2_4.csv
1750,2,1,1,Reader_2_5.csv
1750,0,0,0,Reader_2_6.csv
1750,0,0,0,Reader_2_7.csv
1750,0,0,0,Reader_2_8.csv
1750,1,1,0,Reader_2_9.csv
1750,6,1,5,reader_3_1.csv
1750,3,2,1,Reader_3_2.csv
1750,5,4,1,Reader_3_3.csv
1750,5,4,1,Reader_3_4.csv
1750,10,8,2,Reader_3_5.csv
1750,2,0,2,Reader_3_6.csv
1750,1,0,1,Reader_3_7.csv
1751,20,16,4,Reader_1_1.csv
1751,2,2,0,Reader_1_10.csv
1751,8,8,0,Reader_1_11.csv
1751,1,1,0,Reader_1_12.csv
1751,1,1,0,Reader_1_2.csv
1751,3,2,1,Reader_1_3.csv
1751,1,0,1,Reader_1_4.csv
1751,1,1,0,Reader_1_5.csv
1751,1,1,0,Reader_1_6.csv
1751,0,0,0,Reader_1_7.csv
1751,2,2,0,Reader_1_8.csv
1751,3,3,0,Reader_1_9.csv
1751,2,2,0,Reader_2_1.csv
1751,0,0,0,Reader_2_10.csv
1751,2,1,1,Reader_2_11.csv
1751,1,1,0,Reader_2_12.csv
1751,0,0,0,Reader_2_2.csv
1751,3,1,2,Reader_2_3.csv
1751,0,0,0,Reader_2_4.csv
1751,2,1,1,Reader_2_5.csv
1751,0,0,0,Reader_2_6.csv
1751,0,0,0,Reader_2_7.csv
1751,0,0,0,Reader_2_8.csv
1751,1,1,0,Reader_2_9.csv
1751,6,1,5,reader_3_1.csv
1751,3,2,1,Reader_3_2.csv
1751,6,4,2,Reader_3_3.csv
1751,6,4,2,Reader_3_4.csv
1751,12,10,2,Reader_3_5.csv
1751,2,0,2,Reader_3_6.csv
1751,1,0,1,Reader_3_7.csv
1752,17,13,4,Reader_1_1.csv
1752,1,1,0,Reader_1_10.csv
1752,8,8,0,Reader_1_11.csv
1752,1,1,0,Reader_1_12.csv
1752,2,1,1,Reader_1_2.csv
1752,3,2,1,Reader_1_3.csv
1752,1,0,1,Reader_1_4.csv
1752,1,1,0,Reader_1_5.csv
1752,1,1,0,Reader_1_6.csv
1752,0,0,0,Reader_1_7.csv
1752,1,1,0,Reader_1_8.csv
1752,5,3,2,Reader_1_9.csv
1752,2,2,0,Reader_2_1.csv
1752,0,0,0,Reader_2_10.csv
1752,2,1,1,Reader_2_11.csv
1752,1,1,0,Reader_2_12.csv
1752,0,0,0,Reader_2_2.csv
1752,3,1,2,Reader_2_3.csv
1752,0,0,0,Reader_2_4.csv
1752,3,2,1,Reader_2_5.csv
1752,0,0,0,Reader_2_6.csv
1752,0,0,0,Reader_2_7.csv
1752,0,0,0,Reader_2_8.csv
1752,0,0,0,Reader_2_9.csv
1752,5,1,4,reader_3_1.csv
1752,4,3,1,Reader_3_2.csv
1752,5,3,2,Reader_3_3.csv
1752,5,3,2,Reader_3_4.csv
1752,15,12,3,Reader_3_5.csv
1752,3,1,2,Reader_3_6.csv
1752,1,0,1,Reader_3_7.csv
1753,20,15,5,Reader_1_1.csv
1753,1,1,0,Reader_1_10.csv
1753,8,8,0,Reader_1_11.csv
1753,1,1,0,Reader_1_12.csv
1753,2,1,1,Reader_1_2.csv
1753,3,2,1,Reader_1_3.csv
1753,0,0,0,Reader_1_4.csv
1753,2,1,1,Reader_1_5.csv
1753,1,1,0,Reader_1_6.csv
1753,0,0,0,Reader_1_7.csv
1753,1,1,0,Reader_1_8.csv
1753,5,3,2,Reader_1_9.csv
1753,2,2,0,Reader_2_1.csv
1753,0,0,0,Reader_2_10.csv
1753,1,1,0,Reader_2_11.csv
1753,1,1,0,Reader_2_12.csv
1753,0,0,0,Reader_2_2.csv
1753,3,1,2,Reader_2_3.csv
1753,0,0,0,Reader_2_4.csv
1753,1,1,0,Reader_2_5.csv
1753,0,0,0,Reader_2_6.csv
1753,0,0,0,Reader_2_7.csv
1753,0,0,0,Reader_2_8.csv
1753,0,0,0,Reader_2_9.csv
1753,5,1,4,reader_3_1.csv
1753,5,4,1,Reader_3_2.csv
1753,3,2,1,Reader_3_3.csv
1753,3,2,1,Reader_3_4.csv
1753,14,11,3,Reader_3_5.csv
1753,4,1,3,Reader_3_6.csv
1753,1,0,1,Reader_3_7.csv
1754,21,17,4,Reader_1_1.csv
1754,1,1,0,Reader_1_10.csv
1754,8,8,0,Reader_1_11.csv
1754,1,1,0,Reader_1_12.csv
1754,2,1,1,Reader_1_2.csv
1754,3,2,1,Reader_1_3.csv
1754,0,0,0,Reader_1_4.csv
1754,2,1,1,Reader_1_5.csv
1754,0,0,0,Reader_1_6.csv
1754,0,0,0,Reader_1_7.csv
1754,1,1,0,Reader_1_8.csv
1754,5,3,2,Reader_1_9.csv
1754,2,2,0,Reader_2_1.csv
1754,0,0,0,Reader_2_10.csv
1754,2,2,0,Reader_2_11.csv
1754,1,1,0,Reader_2_12.csv
1754,0,0,0,Reader_2_2.csv
1754,4,2,2,Reader_2_3.csv
1754,1,1,0,Reader_2_4.csv
1754,1,1,0,Reader_2_5.csv
1754,0,0,0,Reader_2_6.csv
1754,1,1,0,Reader_2_7.csv
1754,0,0,0,Reader_2_8.csv
1754,0,0,0,Reader_2_9.csv
1754,6,2,4,reader_3_1.csv
1754,5,4,1,Reader_3_2.csv
1754,3,2,1,Reader_3_3.csv
1754,3,2,1,Reader_3_4.csv
1754,15,12,3,Reader_3_5.csv
1754,3,1,2,Reader_3_6.csv
1754,1,0,1,Reader_3_7.csv
1755,20,16,4,Reader_1_1.csv
1755,1,1,0,Reader_1_10.csv
1755,8,8,0,Reader_1_11.csv
1755,0,0,0,Reader_1_12.csv
1755,3,2,1,Reader_1_2.csv
1755,3,2,1,Reader_1_3.csv
1755,0,0,0,Reader_1_4.csv
1755,2,1,1,Reader_1_5.csv
1755,0,0,0,Reader_1_6.csv
1755,0,0,0,Reader_1_7.csv
1755,0,0,0,Reader_1_8.csv
1755,5,3,2,Reader_1_9.csv
1755,1,1,0,Reader_2_1.csv
1755,0,0,0,Reader_2_10.csv
1755,2,2,0,Reader_2_11.csv
1755,2,2,0,Reader_2_12.csv
1755,0,0,0,Reader_2_2.csv
1755,4,2,2,Reader_2_3.csv
1755,1,1,0,Reader_2_4.csv
1755,1,1,0,Reader_2_5.csv
1755,0,0,0,Reader_2_6.csv
1755,1,1,0,Reader_2_7.csv
1755,0,0,0,Reader_2_8.csv
1755,0,0,0,Reader_2_9.csv
1755,4,2,2,reader_3_1.csv
1755,6,5,1,Reader_3_2.csv
1755,2,1,1,Reader_3_3.csv
1755,2,1,1,Reader_3_4.csv
1755,15,13,2,Reader_3_5.csv
1755,4,2,2,Reader_3_6.csv
1755,2,1,1,Reader_3_7.csv
1756,16,13,3,Reader_1_1.csv
1756,1,1,0,Reader_1_10.csv
1756,7,7,0,Reader_1_11.csv
1756,0,0,0,Reader_1_12.csv
1756,2,1,1,Reader_1_2.csv
1756,3,2,1,Reader_1_3.csv
1756,0,0,0,Reader_1_4.csv
1756,2,1,1,Reader_1_5.csv
1756,0,0,0,Reader_1_6.csv
1756,1,1,0,Reader_1_7.csv
1756,0,0,0,Reader_1_8.csv
1756,3,1,2,Reader_1_9.csv
1756,1,1,0,Reader_2_1.csv
1756,0,0,0,Reader_2_10.csv
1756,2,2,0,Reader_2_11.csv
1756,2,2,0,Reader_2_12.csv
1756,0,0,0,Reader_2_2.csv
1756,3,2,1,Reader_2_3.csv
1756,1,1,0,Reader_2_4.csv
1756,1,1,0,Reader_2_5.csv
1756,0,0,0,Reader_2_6.csv
1756,1,1,0,Reader_2_7.csv
1756,0,0,0,Reader_2_8.csv
1756,0,0,0,Reader_2_9.csv
1756,3,1,2,reader_3_1.csv
1756,5,4,1,Reader_3_2.csv
1756,2,1,1,Reader_3_3.csv
1756,2,1,1,Reader_3_4.csv
1756,13,12,1,Reader_3_5.csv
1756,5,3,2,Reader_3_6.csv
1756,2,1,1,Reader_3_7.csv
1757,19,16,3,Reader_1_1.csv
1757,0,0,0,Reader_1_10.csv
1757,6,6,0,Reader_1_11.csv
1757,0,0,0,Reader_1_12.csv
1757,3,2,1,Reader_1_2.csv
1757,2,1,1,Reader_1_3.csv
1757,1,0,1,Reader_1_4.csv
1757,1,0,1,Reader_1_5.csv
1757,0,0,0,Reader_1_6.csv
1757,1,1,0,Reader_1_7.csv
1757,0,0,0,Reader_1_8.csv
1757,2,0,2,Reader_1_9.csv
1757,1,1,0,Reader_2_1.csv
1757,0,0,0,Reader_2_10.csv
1757,2,2,0,Reader_2_11.csv
1757,2,2,0,Reader_2_12.csv
1757,0,0,0,Reader_2_2.csv
1757,3,2,1,Reader_2_3.csv
1757,1,1,0,Reader_2_4.csv
1757,2,1,1,Reader_2_5.csv
1757,0,0,0,Reader_2_6.csv
1757,1,1,0,Reader_2_7.csv
1757,0,0,0,Reader_2_8.csv
1757,0,0,0,Reader_2_9.csv
1757,3,2,1,reader_3_1.csv
1757,3,3,0,Reader_3_2.csv
1757,3,2,1,Reader_3_3.csv
1757,3,2,1,Reader_3_4.csv
1757,11,10,1,Reader_3_5.csv
1757,4,3,1,Reader_3_6.csv
1757,2,2,0,Reader_3_7.csv
1758,18,14,4,Reader_1_1.csv
1758,0,0,0,Reader_1_10.csv
1758,5,5,0,Reader_1_11.csv
1758,0,0,0,Reader_1_12.csv
1758,3,2,1,Reader_1_2.csv
1758,0,0,0,Reader_1_3.csv
1758,1,0,1,Reader_1_4.csv
1758,1,0,1,Reader_1_5.csv
1758,0,0,0,Reader_1_6.csv
1758,1,1,0,Reader_1_7.csv
1758,0,0,0,Reader_1_8.csv
1758,2,0,2,Reader_1_9.csv
1758,1,1,0,Reader_2_1.csv
1758,0,0,0,Reader_2_10.csv
1758,2,2,0,Reader_2_11.csv
1758,1,1,0,Reader_2_12.csv
1758,0,0,0,Reader_2_2.csv
1758,3,2,1,Reader_2_3.csv
1758,1,1,0,Reader_2_4.csv
1758,2,1,1,Reader_2_5.csv
1758,0,0,0,Reader_2_6.csv
1758,1,1,0,Reader_2_7.csv
1758,0,0,0,Reader_2_8.csv
1758,0,0,0,Reader_2_9.csv
1758,3,3,0,reader_3_1.csv
1758,4,4,0,Reader_3_2.csv
1758,3,2,1,Reader_3_3.csv
1758,3,2,1,Reader_3_4.csv
1758,11,10,1,Reader_3_5.csv
1758,5,4,1,Reader_3_6.csv
1758,2,2,0,Reader_3_7.csv
1759,15,12,3,Reader_1_1.csv
1759,0,0,0,Reader_1_10.csv
1759,4,4,0,Reader_1_11.csv
1759,0,0,0,Reader_1_12.csv
1759,4,3,1,Reader_1_2.csv
1759,0,0,0,Reader_1_3.csv
1759,1,0,1,Reader_1_4.csv
1759,1,0,1,Reader_1_5.csv
1759,0,0,0,Reader_1_6.csv
1759,1,1,0,Reader_1_7.csv
1759,0,0,0,Reader_1_8.csv
1759,2,0,2,Reader_1_9.csv
1759,1,1,0,Reader_2_1.csv
1759,0,0,0,Reader_2_10.csv
1759,2,2,0,Reader_2_11.csv
1759,1,1,0,Reader_2_12.csv
1759,0,0,0,Reader_2_2.csv
1759,3,2,1,Reader_2_3.csv
1759,2,2,0,Reader_2_4.csv
1759,2,1,1,Reader_2_5.csv
1759,0,0,0,Reader_2_6.csv
1759,1,1,0,Reader_2_7.csv
1759,0,0,0,Reader_2_8.csv
1759,0,0,0,Reader_2_9.csv
1759,3,3,0,reader_3_1.csv
1759,5,5,0,Reader_3_2.csv
1759,3,3,0,Reader_3_3.csv
1759,3,3,0,Reader_3_4.csv
1759,9,8,1,Reader_3_5.csv
1759,5,4,1,Reader_3_6.csv
1759,2,2,0,Reader_3_7.csv
1760,16,13,3,Reader_1_1.csv
1760,0,0,0,Reader_1_10.csv
1760,3,3,0,Reader_1_11.csv
1760,0,0,0,Reader_1_12.csv
1760,4,4,0,Reader_1_2.csv
1760,0,0,0,Reader_1_3.csv
1760,1,0,1,Reader_1_4.csv
1760,1,0,1,Reader_1_5.csv
1760,0,0,0,Reader_1_6.csv
1760,1,1,0,Reader_1_7.csv
1760,0,0,0,Reader_1_8.csv
1760,0,0,0,Reader_1_9.csv
1760,1,1,0,Reader_2_1.csv
1760,0,0,0,Reader_2_10.csv
1760,2,2,0,Reader_2_11.csv
1760,1,1,0,Reader_2_12.csv
1760,0,0,0,Reader_2_2.csv
1760,3,2,1,Reader_2_3.csv
1760,2,2,0,Reader_2_4.csv
1760,1,0,1,Reader_2_5.csv
1760,0,0,0,Reader_2_6.csv
1760,1,1,0,Reader_2_7.csv
1760,0,0,0,Reader_2_8.csv
1760,1,1,0,Reader_2_9.csv
1760,4,4,0,reader_3_1.csv
1760,5,5,0,Reader_3_2.csv
1760,4,3,1,Reader_3_3.csv
1760,4,3,1,Reader_3_4.csv
1760,6,6,0,Reader_3_5.csv
1760,4,3,1,Reader_3_6.csv
1760,3,3,0,Reader_3_7.csv
1761,12,10,2,Reader_1_1.csv
1761,0,0,0,Reader_1_10.csv
1761,2,2,0,Reader_1_11.csv
1761,0,0,0,Reader_1_12.csv
1761,4,4,0,Reader_1_2.csv
1761,1,1,0,Reader_1_3.csv
1761,1,0,1,Reader_1_4.csv
1761,0,0,0,Reader_1_5.csv
1761,1,1,0,Reader_1_6.csv
1761,1,1,0,Reader_1_7.csv
1761,0,0,0,Reader_1_8.csv
1761,0,0,0,Reader_1_9.csv
1761,2,2,0,Reader_2_1.csv
1761,0,0,0,Reader_2_10.csv
1761,2,2,0,Reader_2_11.csv
1761,1,1,0,Reader_2_12.csv
1761,0,0,0,Reader_2_2.csv
1761,4,3,1,Reader_2_3.csv
1761,2,2,0,Reader_2_4.csv
1761,1,0,1,Reader_2_5.csv
1761,0,0,0,Reader_2_6.csv
1761,1,1,0,Reader_2_7.csv
1761,0,0,0,Reader_2_8.csv
1761,1,1,0,Reader_2_9.csv
1761,4,4,0,reader_3_1.csv
1761,5,4,1,Reader_3_2.csv
1761,4,3,1,Reader_3_3.csv
1761,4,3,1,Reader_3_4.csv
1761,5,4,1,Reader_3_5.csv
1761,3,3,0,Reader_3_6.csv
1761,4,4,0,Reader_3_7.csv
1762,11,9,2,Reader_1_1.csv
1762,0,0,0,Reader_1_10.csv
1762,1,1,0,Reader_1_11.csv
1762,0,0,0,Reader_1_12.csv
1762,4,4,0,Reader_1_2.csv
1762,1,1,0,Reader_1_3.csv
1762,2,1,1,Reader_1_4.csv
1762,0,0,0,Reader_1_5.csv
1762,1,1,0,Reader_1_6.csv
1762,1,1,0,Reader_1_7.csv
1762,0,0,0,Reader_1_8.csv
1762,1,1,0,Reader_1_9.csv
1762,3,3,0,Reader_2_1.csv
1762,0,0,0,Reader_2_10.csv
1762,1,1,0,Reader_2_11.csv
1762,1,1,0,Reader_2_12.csv
1762,0,0,0,Reader_2_2.csv
1762,2,1,1,Reader_2_3.csv
1762,1,1,0,Reader_2_4.csv
1762,1,0,1,Reader_2_5.csv
1762,0,0,0,Reader_2_6.csv
1762,0,0,0,Reader_2_7.csv
1762,0,0,0,Reader_2_8.csv
1762,1,1,0,Reader_2_9.csv
1762,4,4,0,reader_3_1.csv
1762,5,4,1,Reader_3_2.csv
1762,5,4,1,Reader_3_3.csv
1762,5,4,1,Reader_3_4.csv
1762,4,3,1,Reader_3_5.csv
1762,3,3,0,Reader_3_6.csv
1762,4,4,0,Reader_3_7.csv
1763,12,8,4,Reader_1_1.csv
1763,0,0,0,Reader_1_10.csv
1763,1,1,0,Reader_1_11.csv
1763,0,0,0,Reader_1_12.csv
1763,4,4,0,Reader_1_2.csv
1763,1,1,0,Reader_1_3.csv
1763,2,1,1,Reader_1_4.csv
1763,0,0,0,Reader_1_5.csv
1763,1,1,0,Reader_1_6.csv
1763,1,1,0,Reader_1_7.csv
1763,0,0,0,Reader_1_8.csv
1763,1,1,0,Reader_1_9.csv
1763,4,4,0,Reader_2_1.csv
1763,0,0,0,Reader_2_10.csv
1763,0,0,0,Reader_2_11.csv
1763,0,0,0,Reader_2_12.csv
1763,0,0,0,Reader_2_2.csv
1763,3,1,2,Reader_2_3.csv
1763,1,1,0,Reader_2_4.csv
1763,1,0,1,Reader_2_5.csv
1763,0,0,0,Reader_2_6.csv
1763,0,0,0,Reader_2_7.csv
1763,0,0,0,Reader_2_8.csv
1763,1,1,0,Reader_2_9.csv
1763,7,7,0,reader_3_1.csv
1763,4,3,1,Reader_3_2.csv
1763,6,5,1,Reader_3_3.csv
1763,6,5,1,Reader_3_4.csv
1763,4,2,2,Reader_3_5.csv
1763,2,2,0,Reader_3_6.csv
1763,3,3,0,Reader_3_7.csv
1764,14,10,4,Reader_1_1.csv
1764,0,0,0,Reader_1_10.csv
1764,1,1,0,Reader_1_11.csv
1764,0,0,0,Reader_1_12.csv
1764,4,4,0,Reader_1_2.csv
1764,1,1,0,Reader_1_3.csv
1764,2,1,1,Reader_1_4.csv
1764,0,0,0,Reader_1_5.csv
1764,1,1,0,Reader_1_6.csv
1764,0,0,0,Reader_1_7.csv
1764,0,0,0,Reader_1_8.csv
1764,1,1,0,Reader_1_9.csv
1764,5,5,0,Reader_2_1.csv
1764,0,0,0,Reader_2_10.csv
1764,1,1,0,Reader_2_11.csv
1764,0,0,0,Reader_2_12.csv
1764,0,0,0,Reader_2_2.csv
1764,3,1,2,Reader_2_3.csv
1764,1,1,0,Reader_2_4.csv
1764,1,0,1,Reader_2_5.csv
1764,0,0,0,Reader_2_6.csv
1764,0,0,0,Reader_2_7.csv
1764,0,0,0,Reader_2_8.csv
1764,1,1,0,Reader_2_9.csv
1764,7,7,0,reader_3_1.csv
1764,4,3,1,Reader_3_2.csv
1764,6,5,1,Reader_3_3.csv
1764,6,5,1,Reader_3_4.csv
1764,3,1,2,Reader_3_5.csv
1764,2,2,0,Reader_3_6.csv
1764,3,3,0,Reader_3_7.csv
1765,12,9,3,Reader_1_1.csv
1765,0,0,0,Reader_1_10.csv
1765,0,0,0,Reader_1_11.csv
1765,0,0,0,Reader_1_12.csv
1765,3,3,0,Reader_1_2.csv
1765,1,1,0,Reader_1_3.csv
1765,1,1,0,Reader_1_4.csv
1765,3,0,3,Reader_1_5.csv
1765,1,1,0,Reader_1_6.csv
1765,0,0,0,Reader_1_7.csv
1765,0,0,0,Reader_1_8.csv
1765,1,1,0,Reader_1_9.csv
1765,5,5,0,Reader_2_1.csv
1765,0,0,0,Reader_2_10.csv
1765,1,1,0,Reader_2_11.csv
1765,0,0,0,Reader_2_12.csv
1765,0,0,0,Reader_2_2.csv
1765,3,1,2,Reader_2_3.csv
1765,1,1,0,Reader_2_4.csv
1765,0,0,0,Reader_2_5.csv
1765,0,0,0,Reader_2_6.csv
1765,0,0,0,Reader_2_7.csv
1765,0,0,0,Reader_2_8.csv
1765,1,1,0,Reader_2_9.csv
1765,6,6,0,reader_3_1.csv
1765,8,6,2,Reader_3_2.csv
1765,5,4,1,Reader_3_3.csv
1765,5,4,1,Reader_3_4.csv
1765,3,1,2,Reader_3_5.csv
1765,2,2,0,Reader_3_6.csv
1765,2,2,0,Reader_3_7.csv
1766,12,10,2,Reader_1_1.csv
1766,0,0,0,Reader_1_10.csv
1766,0,0,0,Reader_1_11.csv
1766,0,0,0,Reader_1_12.csv
1766,4,4,0,Reader_1_2.csv
1766,1,1,0,Reader_1_3.csv
1766,1,1,0,Reader_1_4.csv
1766,3,0,3,Reader_1_5.csv
1766,1,1,0,Reader_1_6.csv
1766,0,0,0,Reader_1_7.csv
1766,0,0,0,Reader_1_8.csv
1766,1,1,0,Reader_1_9.csv
1766,4,4,0,Reader_2_1.csv
1766,0,0,0,Reader_2_10.csv
1766,1,1,0,Reader_2_11.csv
1766,0,0,0,Reader_2_12.csv
1766,0,0,0,Reader_2_2.csv
1766,3,1,2,Reader_2_3.csv
1766,0,0,0,Reader_2_4.csv
1766,0,0,0,Reader_2_5.csv
1766,0,0,0,Reader_2_6.csv
1766,0,0,0,Reader_2_7.csv
1766,0,0,0,Reader_2_8.csv
1766,1,1,0,Reader_2_9.csv
1766,6,6,0,reader_3_1.csv
1766,7,5,2,Reader_3_2.csv
1766,7,6,1,Reader_3_3.csv
1766,7,6,1,Reader_3_4.csv
1766,2,0,2,Reader_3_5.csv
1766,1,1,0,Reader_3_6.csv
1766,2,2,0,Reader_3_7.csv
1767,13,11,2,Reader_1_1.csv
1767,0,0,0,Reader_1_10.csv
1767,0,0,0,Reader_1_11.csv
1767,0,0,0,Reader_1_12.csv
1767,3,3,0,Reader_1_2.csv
1767,2,2,0,Reader_1_3.csv
1767,1,1,0,Reader_1_4.csv
1767,3,0,3,Reader_1_5.csv
1767,1,1,0,Reader_1_6.csv
1767,0,0,0,Reader_1_7.csv
1767,0,0,0,Reader_1_8.csv
1767,1,1,0,Reader_1_9.csv
1767,4,4,0,Reader_2_1.csv
1767,0,0,0,Reader_2_10.csv
1767,2,1,1,Reader_2_11.csv
1767,0,0,0,Reader_2_12.csv
1767,0,0,0,Reader_2_2.csv
1767,3,1,2,Reader_2_3.csv
1767,0,0,0,Reader_2_4.csv
1767,0,0,0,Reader_2_5.csv
1767,0,0,0,Reader_2_6.csv
1767,0,0,0,Reader_2_7.csv
1767,0,0,0,Reader_2_8.csv
1767,1,1,0,Reader_2_9.csv
1767,6,6,0,reader_3_1.csv
1767,7,4,3,Reader_3_2.csv
1767,6,5,1,Reader_3_3.csv
1767,6,5,1,Reader_3_4.csv
1767,2,0,2,Reader_3_5.csv
1767,1,1,0,Reader_3_6.csv
1767,3,3,0,Reader_3_7.csv
1768,14,12,2,Reader_1_1.csv
1768,0,0,0,Reader_1_10.csv
1768,0,0,0,Reader_1_11.csv
1768,0,0,0,Reader_1_12.csv
1768,3,3,0,Reader_1_2.csv
1768,2,2,0,Reader_1_3.csv
1768,1,1,0,Reader_1_4.csv
1768,4,1,3,Reader_1_5.csv
1768,1,1,0,Reader_1_6.csv
1768,0,0,0,Reader_1_7.csv
1768,0,0,0,Reader_1_8.csv
1768,2,1,1,Reader_1_9.csv
1768,4,4,0,Reader_2_1.csv
1768,0,0,0,Reader_2_10.csv
1768,4,2,2,Reader_2_11.csv
1768,0,0,0,Reader_2_12.csv
1768,0,0,0,Reader_2_2.csv
1768,3,1,2,Reader_2_3.csv
1768,0,0,0,Reader_2_4.csv
1768,0,0,0,Reader_2_5.csv
1768,0,0,0,Reader_2_6.csv
1768,0,0,0,Reader_2_7.csv
1768,0,0,0,Reader_2_8.csv
1768,0,0,0,Reader_2_9.csv
1768,5,5,0,reader_3_1.csv
1768,6,3,3,Reader_3_2.csv
1768,5,5,0,Reader_3_3.csv
1768,5,5,0,Reader_3_4.csv
1768,2,0,2,Reader_3_5.csv
1768,1,1,0,Reader_3_6.csv
1768,2,2,0,Reader_3_7.csv
1769,15,13,2,Reader_1_1.csv
1769,0,0,0,Reader_1_10.csv
1769,0,0,0,Reader_1_11.csv
1769,0,0,0,Reader_1_12.csv
1769,3,3,0,Reader_1_2.csv
1769,1,1,0,Reader_1_3.csv
1769,1,1,0,Reader_1_4.csv
1769,4,1,3,Reader_1_5.csv
1769,1,1,0,Reader_1_6.csv
1769,0,0,0,Reader_1_7.csv
1769,0,0,0,Reader_1_8.csv
1769,2,1,1,Reader_1_9.csv
1769,3,3,0,Reader_2_1.csv
1769,0,0,0,Reader_2_10.csv
1769,4,2,2,Reader_2_11.csv
1769,0,0,0,Reader_2_12.csv
1769,1,1,0,Reader_2_2.csv
1769,4,0,4,Reader_2_3.csv
1769,0,0,0,Reader_2_4.csv
1769,0,0,0,Reader_2_5.csv
1769,0,0,0,Reader_2_6.csv
1769,0,0,0,Reader_2_7.csv
1769,0,0,0,Reader_2_8.csv
1769,1,1,0,Reader_2_9.csv
1769,6,6,0,reader_3_1.csv
1769,5,3,2,Reader_3_2.csv
1769,4,4,0,Reader_3_3.csv
1769,4,4,0,Reader_3_4.csv
1769,1,0,1,Reader_3_5.csv
1769,1,1,0,Reader_3_6.csv
1769,1,1,0,Reader_3_7.csv
1770,14,12,2,Reader_1_1.csv
1770,0,0,0,Reader_1_10.csv
1770,0,0,0,Reader_1_11.csv
1770,0,0,0,Reader_1_12.csv
1770,3,3,0,Reader_1_2.csv
1770,1,1,0,Reader_1_3.csv
1770,0,0,0,Reader_1_4.csv
1770,4,1,3,Reader_1_5.csv
1770,2,2,0,Reader_1_6.csv
1770,0,0,0,Reader_1_7.csv
1770,0,0,0,Reader_1_8.csv
1770,1,0,1,Reader_1_9.csv
1770,3,3,0,Reader_2_1.csv
1770,0,0,0,Reader_2_10.csv
1770,4,2,2,Reader_2_11.csv
1770,0,0,0,Reader_2_12.csv
1770,3,3,0,Reader_2_2.csv
1770,4,0,4,Reader_2_3.csv
1770,0,0,0,Reader_2_4.csv
1770,0,0,0,Reader_2_5.csv
1770,0,0,0,Reader_2_6.csv
1770,0,0,0,Reader_2_7.csv
1770,0,0,0,Reader_2_8.csv
1770,1,1,0,Reader_2_9.csv
1770,8,8,0,reader_3_1.csv
1770,5,3,2,Reader_3_2.csv
1770,3,3,0,Reader_3_3.csv
1770,3,3,0,Reader_3_4.csv
1770,2,1,1,Reader_3_5.csv
1770,1,1,0,Reader_3_6.csv
1770,1,1,0,Reader_3_7.csv
1771,12,12,0,Reader_1_1.csv
1771,0,0,0,Reader_1_10.csv
1771,0,0,0,Reader_1_11.csv
1771,0,0,0,Reader_1_12.csv
1771,3,3,0,Reader_1_2.csv
1771,1,1,0,Reader_1_3.csv
1771,0,0,0,Reader_1_4.csv
1771,4,1,3,Reader_1_5.csv
1771,2,2,0,Reader_1_6.csv
1771,0,0,0,Reader_1_7.csv
1771,0,0,0,Reader_1_8.csv
1771,1,0,1,Reader_1_9.csv
1771,2,2,0,Reader_2_1.csv
1771,0,0,0,Reader_2_10.csv
1771,4,2,2,Reader_2_11.csv
1771,0,0,0,Reader_2_12.csv
1771,4,3,1,Reader_2_2.csv
1771,3,0,3,Reader_2_3.csv
1771,0,0,0,Reader_2_4.csv
1771,0,0,0,Reader_2_5.csv
1771,0,0,0,Reader_2_6.csv
1771,0,0,0,Reader_2_7.csv
1771,0,0,0,Reader_2_8.csv
1771,1,1,0,Reader_2_9.csv
1771,7,7,0,reader_3_1.csv
1771,6,4,2,Reader_3_2.csv
1771,4,4,0,Reader_3_3.csv
1771,4,4,0,Reader_3_4.csv
1771,1,1,0,Reader_3_5.csv
1771,1,1,0,Reader_3_6.csv
1771,1,1,0,Reader_3_7.csv
1772,11,11,0,Reader_1_1.csv
1772,0,0,0,Reader_1_10.csv
1772,0,0,0,Reader_1_11.csv
1772,0,0,0,Reader_1_12.csv
1772,3,3,0,Reader_1_2.csv
1772,1,1,0,Reader_1_3.csv
1772,0,0,0,Reader_1_4.csv
1772,5,2,3,Reader_1_5.csv
1772,2,2,0,Reader_1_6.csv
1772,0,0,0,Reader_1_7.csv
1772,1,1,0,Reader_1_8.csv
1772,2,1,1,Reader_1_9.csv
1772,1,1,0,Reader_2_1.csv
1772,0,0,0,Reader_2_10.csv
1772,4,2,2,Reader_2_11.csv
1772,2,1,1,Reader_2_12.csv
1772,5,4,1,Reader_2_2.csv
1772,3,0,3,Reader_2_3.csv
1772,0,0,0,Reader_2_4.csv
1772,0,0,0,Reader_2_5.csv
1772,0,0,0,Reader_2_6.csv
1772,0,0,0,Reader_2_7.csv
1772,0,0,0,Reader_2_8.csv
1772,1,1,0,Reader_2_9.csv
1772,7,7,0,reader_3_1.csv
1772,7,4,3,Reader_3_2.csv
1772,4,4,0,Reader_3_3.csv
1772,4,4,0,Reader_3_4.csv
1772,1,1,0,Reader_3_5.csv
1772,0,0,0,Reader_3_6.csv
1772,2,2,0,Reader_3_7.csv
1773,9,9,0,Reader_1_1.csv
1773,0,0,0,Reader_1_10.csv
1773,0,0,0,Reader_1_11.csv
1773,0,0,0,Reader_1_12.csv
1773,3,3,0,Reader_1_2.csv
1773,1,1,0,Reader_1_3.csv
1773,0,0,0,Reader_1_4.csv
1773,2,2,0,Reader_1_5.csv
1773,2,2,0,Reader_1_6.csv
1773,0,0,0,Reader_1_7.csv
1773,1,1,0,Reader_1_8.csv
1773,2,1,1,Reader_1_9.csv
1773,1,1,0,Reader_2_1.csv
1773,0,0,0,Reader_2_10.csv
1773,4,2,2,Reader_2_11.csv
1773,3,1,2,Reader_2_12.csv
1773,5,4,1,Reader_2_2.csv
1773,2,0,2,Reader_2_3.csv
1773,0,0,0,Reader_2_4.csv
1773,0,0,0,Reader_2_5.csv
1773,0,0,0,Reader_2_6.csv
1773,0,0,0,Reader_2_7.csv
1773,0,0,0,Reader_2_8.csv
1773,1,1,0,Reader_2_9.csv
1773,8,8,0,reader_3_1.csv
1773,4,2,2,Reader_3_2.csv
1773,4,4,0,Reader_3_3.csv
1773,4,4,0,Reader_3_4.csv
1773,1,1,0,Reader_3_5.csv
1773,0,0,0,Reader_3_6.csv
1773,3,2,1,Reader_3_7.csv
1774,6,6,0,Reader_1_1.csv
1774,0,0,0,Reader_1_10.csv
1774,0,0,0,Reader_1_11.csv
1774,0,0,0,Reader_1_12.csv
1774,2,2,0,Reader_1_2.csv
1774,1,1,0,Reader_1_3.csv
1774,1,1,0,Reader_1_4.csv
1774,2,2,0,Reader_1_5.csv
1774,3,3,0,Reader_1_6.csv
1774,0,0,0,Reader_1_7.csv
1774,2,2,0,Reader_1_8.csv
1774,2,1,1,Reader_1_9.csv
1774,1,1,0,Reader_2_1.csv
1774,0,0,0,Reader_2_10.csv
1774,4,2,2,Reader_2_11.csv
1774,3,1,2,Reader_2_12.csv
1774,7,5,2,Reader_2_2.csv
1774,2,0,2,Reader_2_3.csv
1774,0,0,0,Reader_2_4.csv
1774,0,0,0,Reader_2_5.csv
1774,0,0,0,Reader_2_6.csv
1774,0,0,0,Reader_2_7.csv
1774,0,0,0,Reader_2_8.csv
1774,1,1,0,Reader_2_9.csv
1774,8,8,0,reader_3_1.csv
1774,4,2,2,Reader_3_2.csv
1774,2,2,0,Reader_3_3.csv
1774,2,2,0,Reader_3_4.csv
1774,2,1,1,Reader_3_5.csv
1774,1,1,0,Reader_3_6.csv
1774,3,2,1,Reader_3_7.csv
1775,6,6,0,Reader_1_1.csv
1775,0,0,0,Reader_1_10.csv
1775,0,0,0,Reader_1_11.csv
1775,0,0,0,Reader_1_12.csv
1775,2,2,0,Reader_1_2.csv
1775,0,0,0,Reader_1_3.csv
1775,1,1,0,Reader_1_4.csv
1775,2,2,0,Reader_1_5.csv
1775,3,3,0,Reader_1_6.csv
1775,0,0,0,Reader_1_7.csv
1775,2,2,0,Reader_1_8.csv
1775,2,1,1,Reader_1_9.csv
1775,1,1,0,Reader_2_1.csv
1775,0,0,0,Reader_2_10.csv
1775,3,2,1,Reader_2_11.csv
1775,5,2,3,Reader_2_12.csv
1775,8,6,2,Reader_2_2.csv
1775,2,0,2,Reader_2_3.csv
1775,0,0,0,Reader_2_4.csv
1775,0,0,0,Reader_2_5.csv
1775,0,0,0,Reader_2_6.csv
1775,0,0,0,Reader_2_7.csv
1775,0,0,0,Reader_2_8.csv
1775,1,1,0,Reader_2_9.csv
1775,13,12,1,reader_3_1.csv
1775,4,3,1,Reader_3_2.csv
1775,2,2,0,Reader_3_3.csv
1775,2,2,0,Reader_3_4.csv
1775,3,2,1,Reader_3_5.csv
1775,1,1,0,Reader_3_6.csv
1775,3,2,1,Reader_3_7.csv
1776,4,4,0,Reader_1_1.csv
1776,0,0,0,Reader_1_10.csv
1776,0,0,0,Reader_1_11.csv
1776,0,0,0,Reader_1_12.csv
1776,1,1,0,Reader_1_2.csv
1776,0,0,0,Reader_1_3.csv
1776,2,2,0,Reader_1_4.csv
1776,1,1,0,Reader_1_5.csv
1776,3,3,0,Reader_1_6.csv
1776,0,0,0,Reader_1_7.csv
1776,2,2,0,Reader_1_8.csv
1776,1,1,0,Reader_1_9.csv
1776,1,1,0,Reader_2_1.csv
1776,0,0,0,Reader_2_10.csv
1776,1,1,0,Reader_2_11.csv
1776,5,2,3,Reader_2_12.csv
1776,8,6,2,Reader_2_2.csv
1776,2,0,2,Reader_2_3.csv
1776,0,0,0,Reader_2_4.csv
1776,0,0,0,Reader_2_5.csv
1776,0,0,0,Reader_2_6.csv
1776,0,0,0,Reader_2_7.csv
1776,0,0,0,Reader_2_8.csv
1776,1,1,0,Reader_2_9.csv
1776,16,15,1,reader_3_1.csv
1776,4,3,1,Reader_3_2.csv
1776,2,2,0,Reader_3_3.csv
1776,2,2,0,Reader_3_4.csv
1776,3,2,1,Reader_3_5.csv
1776,2,2,0,Reader_3_6.csv
1776,4,3,1,Reader_3_7.csv
1777,3,3,0,Reader_1_1.csv
1777,0,0,0,Reader_1_10.csv
1777,0,0,0,Reader_1_11.csv
1777,0,0,0,Reader_1_12.csv
1777,3,3,0,Reader_1_2.csv
1777,0,0,0,Reader_1_3.csv
1777,2,2,0,Reader_1_4.csv
1777,1,1,0,Reader_1_5.csv
1777,2,2,0,Reader_1_6.csv
1777,0,0,0,Reader_1_7.csv
1777,3,3,0,Reader_1_8.csv
1777,1,1,0,Reader_1_9.csv
1777,2,1,1,Reader_2_1.csv
1777,0,0,0,Reader_2_10.csv
1777,1,1,0,Reader_2_11.csv
1777,5,2,3,Reader_2_12.csv
1777,8,6,2,Reader_2_2.csv
1777,0,0,0,Reader_2_3.csv
1777,0,0,0,Reader_2_4.csv
1777,0,0,0,Reader_2_5.csv
1777,0,0,0,Reader_2_6.csv
1777,0,0,0,Reader_2_7.csv
1777,0,0,0,Reader_2_8.csv
1777,1,1,0,Reader_2_9.csv
1777,16,15,1,reader_3_1.csv
1777,4,3,1,Reader_3_2.csv
1777,2,2,0,Reader_3_3.csv
1777,2,2,0,Reader_3_4.csv
1777,3,2,1,Reader_3_5.csv
1777,3,3,0,Reader_3_6.csv
1777,4,3,1,Reader_3_7.csv
1778,2,2,0,Reader_1_1.csv
1778,0,0,0,Reader_1_10.csv
1778,0,0,0,Reader_1_11.csv
1778,0,0,0,Reader_1_12.csv
1778,4,4,0,Reader_1_2.csv
1778,0,0,0,Reader_1_3.csv
1778,2,2,0,Reader_1_4.csv
1778,1,1,0,Reader_1_5.csv
1778,1,1,0,Reader_1_6.csv
1778,0,0,0,Reader_1_7.csv
1778,3,3,0,Reader_1_8.csv
1778,1,1,0,Reader_1_9.csv
1778,1,0,1,Reader_2_1.csv
1778,0,0,0,Reader_2_10.csv
1778,1,1,0,Reader_2_11.csv
1778,5,2,3,Reader_2_12.csv
1778,7,5,2,Reader_2_2.csv
1778,0,0,0,Reader_2_3.csv
1778,0,0,0,Reader_2_4.csv
1778,0,0,0,Reader_2_5.csv
1778,0,0,0,Reader_2_6.csv
1778,0,0,0,Reader_2_7.csv
1778,0,0,0,Reader_2_8.csv
1778,1,1,0,Reader_2_9.csv
1778,14,13,1,reader_3_1.csv
1778,4,3,1,Reader_3_2.csv
1778,2,2,0,Reader_3_3.csv
1778,2,2,0,Reader_3_4.csv
1778,2,1,1,Reader_3_5.csv
1778,3,3,0,Reader_3_6.csv
1778,4,3,1,Reader_3_7.csv
1779,3,3,0,Reader_1_1.csv
1779,0,0,0,Reader_1_10.csv
1779,0,0,0,Reader_1_11.csv
1779,0,0,0,Reader_1_12.csv
1779,4,4,0,Reader_1_2.csv
1779,1,1,0,Reader_1_3.csv
1779,2,2,0,Reader_1_4.csv
1779,1,1,0,Reader_1_5.csv
1779,1,1,0,Reader_1_6.csv
1779,0,0,0,Reader_1_7.csv
1779,3,3,0,Reader_1_8.csv
1779,1,1,0,Reader_1_9.csv
1779,1,0,1,Reader_2_1.csv
1779,0,0,0,Reader_2_10.csv
1779,1,1,0,Reader_2_11.csv
1779,5,2,3,Reader_2_12.csv
1779,7,6,1,Reader_2_2.csv
1779,0,0,0,Reader_2_3.csv
1779,1,1,0,Reader_2_4.csv
1779,0,0,0,Reader_2_5.csv
1779,0,0,0,Reader_2_6.csv
1779,0,0,0,Reader_2_7.csv
1779,0,0,0,Reader_2_8.csv
1779,1,1,0,Reader_2_9.csv
1779,17,16,1,reader_3_1.csv
1779,4,3,1,Reader_3_2.csv
1779,0,0,0,Reader_3_3.csv
1779,0,0,0,Reader_3_4.csv
1779,3,2,1,Reader_3_5.csv
1779,4,4,0,Reader_3_6.csv
1779,4,3,1,Reader_3_7.csv
1780,4,4,0,Reader_1_1.csv
1780,0,0,0,Reader_1_10.csv
1780,0,0,0,Reader_1_11.csv
1780,0,0,0,Reader_1_12.csv
1780,4,4,0,Reader_1_2.csv
1780,1,1,0,Reader_1_3.csv
1780,2,2,0,Reader_1_4.csv
1780,1,0,1,Reader_1_5.csv
1780,1,1,0,Reader_1_6.csv
1780,0,0,0,Reader_1_7.csv
1780,2,2,0,Reader_1_8.csv
1780,0,0,0,Reader_1_9.csv
1780,1,0,1,Reader_2_1.csv
1780,0,0,0,Reader_2_10.csv
1780,0,0,0,Reader_2_11.csv
1780,3,1,2,Reader_2_12.csv
1780,7,5,2,Reader_2_2.csv
1780,0,0,0,Reader_2_3.csv
1780,1,1,0,Reader_2_4.csv
1780,0,0,0,Reader_2_5.csv
1780,0,0,0,Reader_2_6.csv
1780,0,0,0,Reader_2_7.csv
1780,0,0,0,Reader_2_8.csv
1780,1,1,0,Reader_2_9.csv
1780,18,17,1,reader_3_1.csv
1780,3,3,0,Reader_3_2.csv
1780,0,0,0,Reader_3_3.csv
1780,0,0,0,Reader_3_4.csv
1780,3,2,1,Reader_3_5.csv
1780,4,4,0,Reader_3_6.csv
1780,4,3,1,Reader_3_7.csv
1781,4,4,0,Reader_1_1.csv
1781,0,0,0,Reader_1_10.csv
1781,0,0,0,Reader_1_11.csv
1781,0,0,0,Reader_1_12.csv
1781,4,4,0,Reader_1_2.csv
1781,1,1,0,Reader_1_3.csv
1781,2,2,0,Reader_1_4.csv
1781,1,0,1,Reader_1_5.csv
1781,2,1,1,Reader_1_6.csv
1781,0,0,0,Reader_1_7.csv
1781,2,2,0,Reader_1_8.csv
1781,0,0,0,Reader_1_9.csv
1781,1,0,1,Reader_2_1.csv
1781,0,0,0,Reader_2_10.csv
1781,0,0,0,Reader_2_11.csv
1781,2,1,1,Reader_2_12.csv
1781,7,5,2,Reader_2_2.csv
1781,0,0,0,Reader_2_3.csv
1781,2,2,0,Reader_2_4.csv
1781,0,0,0,Reader_2_5.csv
1781,0,0,0,Reader_2_6.csv
1781,0,0,0,Reader_2_7.csv
1781,0,0,0,Reader_2_8.csv
1781,1,1,0,Reader_2_9.csv
1781,19,18,1,reader_3_1.csv
1781,3,3,0,Reader_3_2.csv
1781,0,0,0,Reader_3_3.csv
1781,0,0,0,Reader_3_4.csv
1781,3,2,1,Reader_3_5.csv
1781,5,4,1,Reader_3_6.csv
1781,3,3,0,Reader_3_7.csv
1782,4,4,0,Reader_1_1.csv
1782,0,0,0,Reader_1_10.csv
1782,0,0,0,Reader_1_11.csv
1782,0,0,0,Reader_1_12.csv
1782,4,4,0,Reader_1_2.csv
1782,1,1,0,Reader_1_3.csv
1782,1,1,0,Reader_1_4.csv
1782,1,0,1,Reader_1_5.csv
1782,1,0,1,Reader_1_6.csv
1782,0,0,0,Reader_1_7.csv
1782,1,1,0,Reader_1_8.csv
1782,0,0,0,Reader_1_9.csv
1782,1,0,1,Reader_2_1.csv
1782,0,0,0,Reader_2_10.csv
1782,0,0,0,Reader_2_11.csv
1782,2,1,1,Reader_2_12.csv
1782,5,4,1,Reader_2_2.csv
1782,0,0,0,Reader_2_3.csv
1782,2,2,0,Reader_2_4.csv
1782,1,1,0,Reader_2_5.csv
1782,0,0,0,Reader_2_6.csv
1782,0,0,0,Reader_2_7.csv
1782,0,0,0,Reader_2_8.csv
1782,1,1,0,Reader_2_9.csv
1782,20,19,1,reader_3_1.csv
1782,3,3,0,Reader_3_2.csv
1782,1,1,0,Reader_3_3.csv
1782,1,1,0,Reader_3_4.csv
1782,2,2,0,Reader_3_5.csv
1782,4,3,1,Reader_3_6.csv
1782,3,3,0,Reader_3_7.csv
1783,4,4,0,Reader_1_1.csv
1783,0,0,0,Reader_1_10.csv
1783,0,0,0,Reader_1_11.csv
1783,0,0,0,Reader_1_12.csv
1783,4,4,0,Reader_1_2.csv
1783,1,1,0,Reader_1_3.csv
1783,1,1,0,Reader_1_4.csv
1783,1,0,1,Reader_1_5.csv
1783,1,0,1,Reader_1_6.csv
1783,0,0,0,Reader_1_7.csv
1783,1,1,0,Reader_1_8.csv
1783,0,0,0,Reader_1_9.csv
1783,1,0,1,Reader_2_1.csv
1783,0,0,0,Reader_2_10.csv
1783,0,0,0,Reader_2_11.csv
1783,1,1,0,Reader_2_12.csv
1783,4,3,1,Reader_2_2.csv
1783,0,0,0,Reader_2_3.csv
1783,3,3,0,Reader_2_4.csv
1783,2,2,0,Reader_2_5.csv
1783,0,0,0,Reader_2_6.csv
1783,0,0,0,Reader_2_7.csv
1783,0,0,0,Reader_2_8.csv
1783,1,1,0,Reader_2_9.csv
1783,17,17,0,reader_3_1.csv
1783,4,4,0,Reader_3_2.csv
1783,1,1,0,Reader_3_3.csv
1783,1,1,0,Reader_3_4.csv
1783,2,2,0,Reader_3_5.csv
1783,5,4,1,Reader_3_6.csv
1783,2,2,0,Reader_3_7.csv
1784,5,5,0,Reader_1_1.csv
1784,0,0,0,Reader_1_10.csv
1784,0,0,0,Reader_1_11.csv
1784,0,0,0,Reader_1_12.csv
1784,4,4,0,Reader_1_2.csv
1784,1,1,0,Reader_1_3.csv
1784,0,0,0,Reader_1_4.csv
1784,1,0,1,Reader_1_5.csv
1784,1,0,1,Reader_1_6.csv
1784,0,0,0,Reader_1_7.csv
1784,1,1,0,Reader_1_8.csv
1784,0,0,0,Reader_1_9.csv
1784,1,0,1,Reader_2_1.csv
1784,0,0,0,Reader_2_10.csv
1784,0,0,0,Reader_2_11.csv
1784,1,1,0,Reader_2_12.csv
1784,4,3,1,Reader_2_2.csv
1784,0,0,0,Reader_2_3.csv
1784,3,3,0,Reader_2_4.csv
1784,2,2,0,Reader_2_5.csv
1784,0,0,0,Reader_2_6.csv
1784,0,0,0,Reader_2_7.csv
1784,0,0,0,Reader_2_8.csv
1784,1,1,0,Reader_2_9.csv
1784,14,14,0,reader_3_1.csv
1784,4,4,0,Reader_3_2.csv
1784,2,2,0,Reader_3_3.csv
1784,2,2,0,Reader_3_4.csv
1784,2,2,0,Reader_3_5.csv
1784,4,3,1,Reader_3_6.csv
1784,2,2,0,Reader_3_7.csv
1785,6,6,0,Reader_1_1.csv
1785,0,0,0,Reader_1_10.csv
1785,0,0,0,Reader_1_11.csv
1785,0,0,0,Reader_1_12.csv
1785,3,3,0,Reader_1_2.csv
1785,1,1,0,Reader_1_3.csv
1785,1,1,0,Reader_1_4.csv
1785,2,0,2,Reader_1_5.csv
1785,1,0,1,Reader_1_6.csv
1785,0,0,0,Reader_1_7.csv
1785,0,0,0,Reader_1_8.csv
1785,0,0,0,Reader_1_9.csv
1785,0,0,0,Reader_2_1.csv
1785,0,0,0,Reader_2_10.csv
1785,0,0,0,Reader_2_11.csv
1785,1,1,0,Reader_2_12.csv
1785,3,2,1,Reader_2_2.csv
1785,1,0,1,Reader_2_3.csv
1785,3,3,0,Reader_2_4.csv
1785,2,2,0,Reader_2_5.csv
1785,0,0,0,Reader_2_6.csv
1785,0,0,0,Reader_2_7.csv
1785,0,0,0,Reader_2_8.csv
1785,0,0,0,Reader_2_9.csv
1785,15,15,0,reader_3_1.csv
1785,4,4,0,Reader_3_2.csv
1785,2,2,0,Reader_3_3.csv
1785,2,2,0,Reader_3_4.csv
1785,2,2,0,Reader_3_5.csv
1785,5,4,1,Reader_3_6.csv
1785,2,2,0,Reader_3_7.csv
1786,6,6,0,Reader_1_1.csv
1786,0,0,0,Reader_1_10.csv
1786,0,0,0,Reader_1_11.csv
1786,1,0,1,Reader_1_12.csv
1786,2,2,0,Reader_1_2.csv
1786,1,1,0,Reader_1_3.csv
1786,1,1,0,Reader_1_4.csv
1786,2,0,2,Reader_1_5.csv
1786,1,0,1,Reader_1_6.csv
1786,0,0,0,Reader_1_7.csv
1786,0,0,0,Reader_1_8.csv
1786,0,0,0,Reader_1_9.csv
1786,0,0,0,Reader_2_1.csv
1786,0,0,0,Reader_2_10.csv
1786,0,0,0,Reader_2_11.csv
1786,1,1,0,Reader_2_12.csv
1786,2,1,1,Reader_2_2.csv
1786,4,3,1,Reader_2_3.csv
1786,3,3,0,Reader_2_4.csv
1786,2,2,0,Reader_2_5.csv
1786,0,0,0,Reader_2_6.csv
1786,0,0,0,Reader_2_7.csv
1786,0,0,0,Reader_2_8.csv
1786,0,0,0,Reader_2_9.csv
1786,15,15,0,reader_3_1.csv
1786,4,4,0,Reader_3_2.csv
1786,3,2,1,Reader_3_3.csv
1786,3,2,1,Reader_3_4.csv
1786,3,3,0,Reader_3_5.csv
1786,6,5,1,Reader_3_6.csv
1786,3,3,0,Reader_3_7.csv
1787,8,7,1,Reader_1_1.csv
1787,0,0,0,Reader_1_10.csv
1787,0,0,0,Reader_1_11.csv
1787,1,0,1,Reader_1_12.csv
1787,1,1,0,Reader_1_2.csv
1787,0,0,0,Reader_1_3.csv
1787,1,1,0,Reader_1_4.csv
1787,4,2,2,Reader_1_5.csv
1787,1,0,1,Reader_1_6.csv
1787,0,0,0,Reader_1_7.csv
1787,0,0,0,Reader_1_8.csv
1787,0,0,0,Reader_1_9.csv
1787,0,0,0,Reader_2_1.csv
1787,0,0,0,Reader_2_10.csv
1787,0,0,0,Reader_2_11.csv
1787,2,2,0,Reader_2_12.csv
1787,1,0,1,Reader_2_2.csv
1787,4,3,1,Reader_2_3.csv
1787,2,2,0,Reader_2_4.csv
1787,2,2,0,Reader_2_5.csv
1787,0,0,0,Reader_2_6.csv
1787,0,0,0,Reader_2_7.csv
1787,0,0,0,Reader_2_8.csv
1787,0,0,0,Reader_2_9.csv
1787,10,10,0,reader_3_1.csv
1787,4,4,0,Reader_3_2.csv
1787,3,2,1,Reader_3_3.csv
1787,3,2,1,Reader_3_4.csv
1787,2,2,0,Reader_3_5.csv
1787,6,5,1,Reader_3_6.csv
1787,3,3,0,Reader_3_7.csv
1788,7,6,1,Reader_1_1.csv
1788,0,0,0,Reader_1_10.csv
1788,0,0,0,Reader_1_11.csv
1788,1,0,1,Reader_1_12.csv
1788,1,1,0,Reader_1_2.csv
1788,0,0,0,Reader_1_3.csv
1788,1,1,0,Reader_1_4.csv
1788,4,3,1,Reader_1_5.csv
1788,2,1,1,Reader_1_6.csv
1788,0,0,0,Reader_1_7.csv
1788,0,0,0,Reader_1_8.csv
1788,0,0,0,Reader_1_9.csv
1788,0,0,0,Reader_2_1.csv
1788,0,0,0,Reader_2_10.csv
1788,0,0,0,Reader_2_11.csv
1788,2,2,0,Reader_2_12.csv
1788,1,0,1,Reader_2_2.csv
1788,4,3,1,Reader_2_3.csv
1788,2,2,0,Reader_2_4.csv
1788,3,3,0,Reader_2_5.csv
1788,0,0,0,Reader_2_6.csv
1788,0,0,0,Reader_2_7.csv
1788,0,0,0,Reader_2_8.csv
1788,0,0,0,Reader_2_9.csv
1788,10,10,0,reader_3_1.csv
1788,4,4,0,Reader_3_2.csv
1788,3,2,1,Reader_3_3.csv
1788,3,2,1,Reader_3_4.csv
1788,2,2,0,Reader_3_5.csv
1788,7,6,1,Reader_3_6.csv
1788,3,3,0,Reader_3_7.csv
1789,7,6,1,Reader_1_1.csv
1789,0,0,0,Reader_1_10.csv
1789,1,1,0,Reader_1_11.csv
1789,1,0,1,Reader_1_12.csv
1789,1,1,0,Reader_1_2.csv
1789,0,0,0,Reader_1_3.csv
1789,1,1,0,Reader_1_4.csv
1789,4,3,1,Reader_1_5.csv
1789,1,1,0,Reader_1_6.csv
1789,0,0,0,Reader_1_7.csv
1789,0,0,0,Reader_1_8.csv
1789,0,0,0,Reader_1_9.csv
1789,0,0,0,Reader_2_1.csv
1789,0,0,0,Reader_2_10.csv
1789,0,0,0,Reader_2_11.csv
1789,3,3,0,Reader_2_12.csv
1789,1,0,1,Reader_2_2.csv
1789,4,3,1,Reader_2_3.csv
1789,2,2,0,Reader_2_4.csv
1789,3,3,0,Reader_2_5.csv
1789,0,0,0,Reader_2_6.csv
1789,0,0,0,Reader_2_7.csv
1789,0,0,0,Reader_2_8.csv
1789,0,0,0,Reader_2_9.csv
1789,10,10,0,reader_3_1.csv
1789,3,3,0,Reader_3_2.csv
1789,4,3,1,Reader_3_3.csv
1789,4,3,1,Reader_3_4.csv
1789,2,2,0,Reader_3_5.csv
1789,6,6,0,Reader_3_6.csv
1789,3,3,0,Reader_3_7.csv
1790,8,7,1,Reader_1_1.csv
1790,0,0,0,Reader_1_10.csv
1790,1,1,0,Reader_1_11.csv
1790,1,0,1,Reader_1_12.csv
1790,1,1,0,Reader_1_2.csv
1790,1,1,0,Reader_1_3.csv
1790,1,1,0,Reader_1_4.csv
1790,4,3,1,Reader_1_5.csv
1790,1,1,0,Reader_1_6.csv
1790,0,0,0,Reader_1_7.csv
1790,0,0,0,Reader_1_8.csv
1790,0,0,0,Reader_1_9.csv
1790,0,0,0,Reader_2_1.csv
1790,0,0,0,Reader_2_10.csv
1790,0,0,0,Reader_2_11.csv
1790,3,3,0,Reader_2_12.csv
1790,1,0,1,Reader_2_2.csv
1790,4,3,1,Reader_2_3.csv
1790,2,2,0,Reader_2_4.csv
1790,2,2,0,Reader_2_5.csv
1790,0,0,0,Reader_2_6.csv
1790,0,0,0,Reader_2_7.csv
1790,0,0,0,Reader_2_8.csv
1790,0,0,0,Reader_2_9.csv
1790,9,8,1,reader_3_1.csv
1790,4,4,0,Reader_3_2.csv
1790,3,2,1,Reader_3_3.csv
1790,3,2,1,Reader_3_4.csv
1790,2,2,0,Reader_3_5.csv
1790,7,7,0,Reader_3_6.csv
1790,3,3,0,Reader_3_7.csv
1791,8,7,1,Reader_1_1.csv
1791,0,0,0,Reader_1_10.csv
1791,1,1,0,Reader_1_11.csv
1791,1,0,1,Reader_1_12.csv
1791,1,1,0,Reader_1_2.csv
1791,1,1,0,Reader_1_3.csv
1791,1,1,0,Reader_1_4.csv
1791,4,3,1,Reader_1_5.csv
1791,1,1,0,Reader_1_6.csv
1791,0,0,0,Reader_1_7.csv
1791,0,0,0,Reader_1_8.csv
1791,0,0,0,Reader_1_9.csv
1791,0,0,0,Reader_2_1.csv
1791,0,0,0,Reader_2_10.csv
1791,0,0,0,Reader_2_11.csv
1791,3,3,0,Reader_2_12.csv
1791,1,0,1,Reader_2_2.csv
1791,4,3,1,Reader_2_3.csv
1791,1,1,0,Reader_2_4.csv
1791,1,1,0,Reader_2_5.csv
1791,0,0,0,Reader_2_6.csv
1791,0,0,0,Reader_2_7.csv
1791,0,0,0,Reader_2_8.csv
1791,0,0,0,Reader_2_9.csv
1791,9,8,1,reader_3_1.csv
1791,2,2,0,Reader_3_2.csv
1791,4,3,1,Reader_3_3.csv
1791,4,3,1,Reader_3_4.csv
1791,2,2,0,Reader_3_5.csv
1791,6,6,0,Reader_3_6.csv
1791,3,3,0,Reader_3_7.csv
1792,7,6,1,Reader_1_1.csv
1792,0,0,0,Reader_1_10.csv
1792,1,1,0,Reader_1_11.csv
1792,1,0,1,Reader_1_12.csv
1792,1,1,0,Reader_1_2.csv
1792,1,1,0,Reader_1_3.csv
1792,1,1,0,Reader_1_4.csv
1792,4,3,1,Reader_1_5.csv
1792,1,1,0,Reader_1_6.csv
1792,0,0,0,Reader_1_7.csv
1792,0,0,0,Reader_1_8.csv
1792,1,1,0,Reader_1_9.csv
1792,0,0,0,Reader_2_1.csv
1792,0,0,0,Reader_2_10.csv
1792,0,0,0,Reader_2_11.csv
1792,3,3,0,Reader_2_12.csv
1792,3,2,1,Reader_2_2.csv
1792,4,3,1,Reader_2_3.csv
1792,1,1,0,Reader_2_4.csv
1792,1,1,0,Reader_2_5.csv
1792,0,0,0,Reader_2_6.csv
1792,0,0,0,Reader_2_7.csv
1792,0,0,0,Reader_2_8.csv
1792,0,0,0,Reader_2_9.csv
1792,10,9,1,reader_3_1.csv
1792,3,3,0,Reader_3_2.csv
1792,3,2,1,Reader_3_3.csv
1792,3,2,1,Reader_3_4.csv
1792,2,2,0,Reader_3_5.csv
1792,7,7,0,Reader_3_6.csv
1792,2,2,0,Reader_3_7.csv
1793,6,5,1,Reader_1_1.csv
1793,0,0,0,Reader_1_10.csv
1793,1,1,0,Reader_1_11.csv
1793,1,0,1,Reader_1_12.csv
1793,2,2,0,Reader_1_2.csv
1793,1,1,0,Reader_1_3.csv
1793,1,1,0,Reader_1_4.csv
1793,3,3,0,Reader_1_5.csv
1793,1,1,0,Reader_1_6.csv
1793,0,0,0,Reader_1_7.csv
1793,0,0,0,Reader_1_8.csv
1793,1,1,0,Reader_1_9.csv
1793,0,0,0,Reader_2_1.csv
1793,0,0,0,Reader_2_10.csv
1793,0,0,0,Reader_2_11.csv
1793,3,3,0,Reader_2_12.csv
1793,3,2,1,Reader_2_2.csv
1793,3,2,1,Reader_2_3.csv
1793,2,2,0,Reader_2_4.csv
1793,2,2,0,Reader_2_5.csv
1793,0,0,0,Reader_2_6.csv
1793,0,0,0,Reader_2_7.csv
1793,0,0,0,Reader_2_8.csv
1793,0,0,0,Reader_2_9.csv
1793,8,7,1,reader_3_1.csv
1793,3,3,0,Reader_3_2.csv
1793,3,2,1,Reader_3_3.csv
1793,3,2,1,Reader_3_4.csv
1793,3,3,0,Reader_3_5.csv
1793,7,7,0,Reader_3_6.csv
1793,2,2,0,Reader_3_7.csv
1794,7,6,1,Reader_1_1.csv
1794,0,0,0,Reader_1_10.csv
1794,1,1,0,Reader_1_11.csv
1794,0,0,0,Reader_1_12.csv
1794,3,3,0,Reader_1_2.csv
1794,1,1,0,Reader_1_3.csv
1794,2,1,1,Reader_1_4.csv
1794,3,3,0,Reader_1_5.csv
1794,1,1,0,Reader_1_6.csv
1794,0,0,0,Reader_1_7.csv
1794,0,0,0,Reader_1_8.csv
1794,1,1,0,Reader_1_9.csv
1794,0,0,0,Reader_2_1.csv
1794,0,0,0,Reader_2_10.csv
1794,0,0,0,Reader_2_11.csv
1794,3,3,0,Reader_2_12.csv
1794,3,2,1,Reader_2_2.csv
1794,2,1,1,Reader_2_3.csv
1794,2,2,0,Reader_2_4.csv
1794,2,2,0,Reader_2_5.csv
1794,0,0,0,Reader_2_6.csv
1794,0,0,0,Reader_2_7.csv
1794,0,0,0,Reader_2_8.csv
1794,0,0,0,Reader_2_9.csv
1794,7,6,1,reader_3_1.csv
1794,4,4,0,Reader_3_2.csv
1794,2,2,0,Reader_3_3.csv
1794,2,2,0,Reader_3_4.csv
1794,4,4,0,Reader_3_5.csv
1794,7,7,0,Reader_3_6.csv
1794,1,1,0,Reader_3_7.csv
1795,5,5,0,Reader_1_1.csv
1795,0,0,0,Reader_1_10.csv
1795,1,1,0,Reader_1_11.csv
1795,0,0,0,Reader_1_12.csv
1795,3,3,0,Reader_1_2.csv
1795,2,1,1,Reader_1_3.csv
1795,3,2,1,Reader_1_4.csv
1795,1,1,0,Reader_1_5.csv
1795,1,1,0,Reader_1_6.csv
1795,0,0,0,Reader_1_7.csv
1795,0,0,0,Reader_1_8.csv
1795,1,1,0,Reader_1_9.csv
1795,0,0,0,Reader_2_1.csv
1795,0,0,0,Reader_2_10.csv
1795,0,0,0,Reader_2_11.csv
1795,2,2,0,Reader_2_12.csv
1795,3,2,1,Reader_2_2.csv
1795,2,1,1,Reader_2_3.csv
1795,2,2,0,Reader_2_4.csv
1795,2,2,0,Reader_2_5.csv
1795,0,0,0,Reader_2_6.csv
1795,0,0,0,Reader_2_7.csv
1795,0,0,0,Reader_2_8.csv
1795,0,0,0,Reader_2_9.csv
1795,9,8,1,reader_3_1.csv
1795,4,4,0,Reader_3_2.csv
1795,2,2,0,Reader_3_3.csv
1795,2,2,0,Reader_3_4.csv
1795,7,7,0,Reader_3_5.csv
1795,6,6,0,Reader_3_6.csv
1795,1,1,0,Reader_3_7.csv
1796,5,5,0,Reader_1_1.csv
1796,0,0,0,Reader_1_10.csv
1796,1,1,0,Reader_1_11.csv
1796,0,0,0,Reader_1_12.csv
1796,4,4,0,Reader_1_2.csv
1796,2,1,1,Reader_1_3.csv
1796,3,2,1,Reader_1_4.csv
1796,0,0,0,Reader_1_5.csv
1796,0,0,0,Reader_1_6.csv
1796,0,0,0,Reader_1_7.csv
1796,0,0,0,Reader_1_8.csv
1796,1,1,0,Reader_1_9.csv
1796,0,0,0,Reader_2_1.csv
1796,0,0,0,Reader_2_10.csv
1796,0,0,0,Reader_2_11.csv
1796,2,2,0,Reader_2_12.csv
1796,2,2,0,Reader_2_2.csv
1796,2,1,1,Reader_2_3.csv
1796,2,2,0,Reader_2_4.csv
1796,1,1,0,Reader_2_5.csv
1796,0,0,0,Reader_2_6.csv
1796,0,0,0,Reader_2_7.csv
1796,0,0,0,Reader_2_8.csv
1796,0,0,0,Reader_2_9.csv
1796,9,8,1,reader_3_1.csv
1796,6,5,1,Reader_3_2.csv
1796,3,2,1,Reader_3_3.csv
1796,3,2,1,Reader_3_4.csv
1796,7,7,0,Reader_3_5.csv
1796,5,5,0,Reader_3_6.csv
1796,1,1,0,Reader_3_7.csv
1797,5,5,0,Reader_1_1.csv
1797,0,0,0,Reader_1_10.csv
1797,0,0,0,Reader_1_11.csv
1797,0,0,0,Reader_1_12.csv
1797,5,5,0,Reader_1_2.csv
1797,2,1,1,Reader_1_3.csv
1797,3,2,1,Reader_1_4.csv
1797,0,0,0,Reader_1_5.csv
1797,0,0,0,Reader_1_6.csv
1797,1,1,0,Reader_1_7.csv
1797,0,0,0,Reader_1_8.csv
1797,1,1,0,Reader_1_9.csv
1797,0,0,0,Reader_2_1.csv
1797,0,0,0,Reader_2_10.csv
1797,0,0,0,Reader_2_11.csv
1797,1,1,0,Reader_2_12.csv
1797,3,3,0,Reader_2_2.csv
1797,2,1,1,Reader_2_3.csv
1797,1,1,0,Reader_2_4.csv
1797,1,1,0,Reader_2_5.csv
1797,0,0,0,Reader_2_6.csv
1797,0,0,0,Reader_2_7.csv
1797,0,0,0,Reader_2_8.csv
1797,0,0,0,Reader_2_9.csv
1797,8,7,1,reader_3_1.csv
1797,7,6,1,Reader_3_2.csv
1797,2,1,1,Reader_3_3.csv
1797,2,1,1,Reader_3_4.csv
1797,7,7,0,Reader_3_5.csv
1797,5,5,0,Reader_3_6.csv
1797,1,1,0,Reader_3_7.csv
1798,6,6,0,Reader_1_1.csv
1798,0,0,0,Reader_1_10.csv
1798,0,0,0,Reader_1_11.csv
1798,0,0,0,Reader_1_12.csv
1798,7,7,0,Reader_1_2.csv
1798,1,0,1,Reader_1_3.csv
1798,3,2,1,Reader_1_4.csv
1798,1,1,0,Reader_1_5.csv
1798,0,0,0,Reader_1_6.csv
1798,2,1,1,Reader_1_7.csv
1798,0,0,0,Reader_1_8.csv
1798,1,1,0,Reader_1_9.csv
1798,0,0,0,Reader_2_1.csv
1798,0,0,0,Reader_2_10.csv
1798,0,0,0,Reader_2_11.csv
1798,1,1,0,Reader_2_12.csv
1798,3,3,0,Reader_2_2.csv
1798,3,1,2,Reader_2_3.csv
1798,1,1,0,Reader_2_4.csv
1798,1,1,0,Reader_2_5.csv
1798,0,0,0,Reader_2_6.csv
1798,0,0,0,Reader_2_7.csv
1798,0,0,0,Reader_2_8.csv
1798,0,0,0,Reader_2_9.csv
1798,9,9,0,reader_3_1.csv
1798,6,5,1,Reader_3_2.csv
1798,2,1,1,Reader_3_3.csv
1798,2,1,1,Reader_3_4.csv
1798,7,7,0,Reader_3_5.csv
1798,6,6,0,Reader_3_6.csv
1798,1,1,0,Reader_3_7.csv
1799,5,5,0,Reader_1_1.csv
1799,0,0,0,Reader_1_10.csv
1799,0,0,0,Reader_1_11.csv
1799,0,0,0,Reader_1_12.csv
1799,7,7,0,Reader_1_2.csv
1799,1,0,1,Reader_1_3.csv
1799,3,2,1,Reader_1_4.csv
1799,1,1,0,Reader_1_5.csv
1799,0,0,0,Reader_1_6.csv
1799,2,1,1,Reader_1_7.csv
1799,0,0,0,Reader_1_8.csv
1799,1,1,0,Reader_1_9.csv
1799,1,1,0,Reader_2_1.csv
1799,0,0,0,Reader_2_10.csv
1799,0,0,0,Reader_2_11.csv
1799,0,0,0,Reader_2_12.csv
1799,3,3,0,Reader_2_2.csv
1799,3,1,2,Reader_2_3.csv
1799,2,2,0,Reader_2_4.csv
1799,1,1,0,Reader_2_5.csv
1799,0,0,0,Reader_2_6.csv
1799,0,0,0,Reader_2_7.csv
1799,0,0,0,Reader_2_8.csv
1799,0,0,0,Reader_2_9.csv
1799,7,7,0,reader_3_1.csv
1799,6,5,1,Reader_3_2.csv
1799,1,0,1,Reader_3_3.csv
1799,1,0,1,Reader_3_4.csv
1799,6,6,0,Reader_3_5.csv
1799,7,7,0,Reader_3_6.csv
1799,1,1,0,Reader_3_7.csv
1800,5,5,0,Reader_1_1.csv
1800,0,0,0,Reader_1_10.csv
1800,1,1,0,Reader_1_11.csv
1800,0,0,0,Reader_1_12.csv
1800,8,8,0,Reader_1_2.csv
1800,1,0,1,Reader_1_3.csv
1800,3,2,1,Reader_1_4.csv
1800,1,1,0,Reader_1_5.csv
1800,0,0,0,Reader_1_6.csv
1800,2,1,1,Reader_1_7.csv
1800,0,0,0,Reader_1_8.csv
1800,0,0,0,Reader_1_9.csv
1800,1,1,0,Reader_2_1.csv
1800,0,0,0,Reader_2_10.csv
1800,1,0,1,Reader_2_11.csv
1800,1,1,0,Reader_2_12.csv
1800,1,1,0,Reader_2_2.csv
1800,3,1,2,Reader_2_3.csv
1800,2,2,0,Reader_2_4.csv
1800,1,1,0,Reader_2_5.csv
1800,0,0,0,Reader_2_6.csv
1800,0,0,0,Reader_2_7.csv
1800,0,0,0,Reader_2_8.csv
1800,0,0,0,Reader_2_9.csv
1800,6,6,0,reader_3_1.csv
1800,5,4,1,Reader_3_2.csv
1800,1,0,1,Reader_3_3.csv
1800,1,0,1,Reader_3_4.csv
1800,6,6,0,Reader_3_5.csv
1800,7,6,1,Reader_3_6.csv
1800,2,2,0,Reader_3_7.csv
1801,5,5,0,Reader_1_1.csv
1801,0,0,0,Reader_1_10.csv
1801,1,1,0,Reader_1_11.csv
1801,0,0,0,Reader_1_12.csv
1801,6,6,0,Reader_1_2.csv
1801,3,1,2,Reader_1_3.csv
1801,2,1,1,Reader_1_4.csv
1801,1,1,0,Reader_1_5.csv
1801,0,0,0,Reader_1_6.csv
1801,2,1,1,Reader_1_7.csv
1801,0,0,0,Reader_1_8.csv
1801,0,0,0,Reader_1_9.csv
1801,1,1,0,Reader_2_1.csv
1801,0,0,0,Reader_2_10.csv
1801,1,0,1,Reader_2_11.csv
1801,1,1,0,Reader_2_12.csv
1801,1,1,0,Reader_2_2.csv
1801,4,3,1,Reader_2_3.csv
1801,1,1,0,Reader_2_4.csv
1801,0,0,0,Reader_2_5.csv
1801,0,0,0,Reader_2_6.csv
1801,0,0,0,Reader_2_7.csv
1801,0,0,0,Reader_2_8.csv
1801,0,0,0,Reader_2_9.csv
1801,7,7,0,reader_3_1.csv
1801,5,4,1,Reader_3_2.csv
1801,1,0,1,Reader_3_3.csv
1801,1,0,1,Reader_3_4.csv
1801,5,5,0,Reader_3_5.csv
1801,5,4,1,Reader_3_6.csv
1801,2,2,0,Reader_3_7.csv
1802,4,4,0,Reader_1_1.csv
1802,0,0,0,Reader_1_10.csv
1802,1,1,0,Reader_1_11.csv
1802,0,0,0,Reader_1_12.csv
1802,6,6,0,Reader_1_2.csv
1802,3,1,2,Reader_1_3.csv
1802,1,1,0,Reader_1_4.csv
1802,1,1,0,Reader_1_5.csv
1802,0,0,0,Reader_1_6.csv
1802,2,1,1,Reader_1_7.csv
1802,0,0,0,Reader_1_8.csv
1802,0,0,0,Reader_1_9.csv
1802,1,1,0,Reader_2_1.csv
1802,0,0,0,Reader_2_10.csv
1802,1,0,1,Reader_2_11.csv
1802,1,1,0,Reader_2_12.csv
1802,2,2,0,Reader_2_2.csv
1802,3,2,1,Reader_2_3.csv
1802,1,1,0,Reader_2_4.csv
1802,0,0,0,Reader_2_5.csv
1802,0,0,0,Reader_2_6.csv
1802,0,0,0,Reader_2_7.csv
1802,0,0,0,Reader_2_8.csv
1802,0,0,0,Reader_2_9.csv
1802,8,8,0,reader_3_1.csv
1802,4,3,1,Reader_3_2.csv
1802,1,0,1,Reader_3_3.csv
1802,1,0,1,Reader_3_4.csv
1802,5,5,0,Reader_3_5.csv
1802,5,4,1,Reader_3_6.csv
1802,3,3,0,Reader_3_7.csv
1803,4,4,0,Reader_1_1.csv
1803,0,0,0,Reader_1_10.csv
1803,1,1,0,Reader_1_11.csv
1803,0,0,0,Reader_1_12.csv
1803,6,6,0,Reader_1_2.csv
1803,2,1,1,Reader_1_3.csv
1803,0,0,0,Reader_1_4.csv
1803,2,2,0,Reader_1_5.csv
1803,0,0,0,Reader_1_6.csv
1803,2,1,1,Reader_1_7.csv
1803,0,0,0,Reader_1_8.csv
1803,0,0,0,Reader_1_9.csv
1803,1,1,0,Reader_2_1.csv
1803,0,0,0,Reader_2_10.csv
1803,1,0,1,Reader_2_11.csv
1803,1,1,0,Reader_2_12.csv
1803,2,2,0,Reader_2_2.csv
1803,3,2,1,Reader_2_3.csv
1803,1,1,0,Reader_2_4.csv
1803,1,1,0,Reader_2_5.csv
1803,0,0,0,Reader_2_6.csv
1803,0,0,0,Reader_2_7.csv
1803,0,0,0,Reader_2_8.csv
1803,0,0,0,Reader_2_9.csv
1803,6,6,0,reader_3_1.csv
1803,5,3,2,Reader_3_2.csv
1803,1,0,1,Reader_3_3.csv
1803,1,0,1,Reader_3_4.csv
1803,3,3,0,Reader_3_5.csv
1803,6,5,1,Reader_3_6.csv
1803,3,3,0,Reader_3_7.csv
1804,3,3,0,Reader_1_1.csv
1804,0,0,0,Reader_1_10.csv
1804,1,1,0,Reader_1_11.csv
1804,0,0,0,Reader_1_12.csv
1804,6,6,0,Reader_1_2.csv
1804,2,1,1,Reader_1_3.csv
1804,1,0,1,Reader_1_4.csv
1804,2,2,0,Reader_1_5.csv
1804,0,0,0,Reader_1_6.csv
1804,2,1,1,Reader_1_7.csv
1804,0,0,0,Reader_1_8.csv
1804,0,0,0,Reader_1_9.csv
1804,1,1,0,Reader_2_1.csv
1804,0,0,0,Reader_2_10.csv
1804,1,0,1,Reader_2_11.csv
1804,1,1,0,Reader_2_12.csv
1804,2,2,0,Reader_2_2.csv
1804,3,2,1,Reader_2_3.csv
1804,1,1,0,Reader_2_4.csv
1804,1,1,0,Reader_2_5.csv
1804,0,0,0,Reader_2_6.csv
1804,0,0,0,Reader_2_7.csv
1804,0,0,0,Reader_2_8.csv
1804,0,0,0,Reader_2_9.csv
1804,5,5,0,reader_3_1.csv
1804,3,2,1,Reader_3_2.csv
1804,0,0,0,Reader_3_3.csv
1804,0,0,0,Reader_3_4.csv
1804,5,5,0,Reader_3_5.csv
1804,6,5,1,Reader_3_6.csv
1804,3,3,0,Reader_3_7.csv
1805,4,4,0,Reader_1_1.csv
1805,0,0,0,Reader_1_10.csv
1805,2,2,0,Reader_1_11.csv
1805,0,0,0,Reader_1_12.csv
1805,5,5,0,Reader_1_2.csv
1805,3,1,2,Reader_1_3.csv
1805,1,0,1,Reader_1_4.csv
1805,2,2,0,Reader_1_5.csv
1805,0,0,0,Reader_1_6.csv
1805,1,0,1,Reader_1_7.csv
1805,0,0,0,Reader_1_8.csv
1805,0,0,0,Reader_1_9.csv
1805,2,2,0,Reader_2_1.csv
1805,0,0,0,Reader_2_10.csv
1805,1,0,1,Reader_2_11.csv
1805,1,1,0,Reader_2_12.csv
1805,2,1,1,Reader_2_2.csv
1805,3,2,1,Reader_2_3.csv
1805,1,1,0,Reader_2_4.csv
1805,1,1,0,Reader_2_5.csv
1805,0,0,0,Reader_2_6.csv
1805,0,0,0,Reader_2_7.csv
1805,0,0,0,Reader_2_8.csv
1805,0,0,0,Reader_2_9.csv
1805,4,4,0,reader_3_1.csv
1805,3,2,1,Reader_3_2.csv
1805,0,0,0,Reader_3_3.csv
1805,0,0,0,Reader_3_4.csv
1805,5,5,0,Reader_3_5.csv
1805,6,5,1,Reader_3_6.csv
1805,3,3,0,Reader_3_7.csv
1806,3,3,0,Reader_1_1.csv
1806,0,0,0,Reader_1_10.csv
1806,2,2,0,Reader_1_11.csv
1806,0,0,0,Reader_1_12.csv
1806,3,3,0,Reader_1_2.csv
1806,3,1,2,Reader_1_3.csv
1806,2,0,2,Reader_1_4.csv
1806,1,1,0,Reader_1_5.csv
1806,0,0,0,Reader_1_6.csv
1806,0,0,0,Reader_1_7.csv
1806,0,0,0,Reader_1_8.csv
1806,0,0,0,Reader_1_9.csv
1806,3,3,0,Reader_2_1.csv
1806,0,0,0,Reader_2_10.csv
1806,1,0,1,Reader_2_11.csv
1806,1,1,0,Reader_2_12.csv
1806,2,1,1,Reader_2_2.csv
1806,2,2,0,Reader_2_3.csv
1806,1,1,0,Reader_2_4.csv
1806,1,1,0,Reader_2_5.csv
1806,0,0,0,Reader_2_6.csv
1806,0,0,0,Reader_2_7.csv
1806,0,0,0,Reader_2_8.csv
1806,0,0,0,Reader_2_9.csv
1806,2,2,0,reader_3_1.csv
1806,5,3,2,Reader_3_2.csv
1806,0,0,0,Reader_3_3.csv
1806,0,0,0,Reader_3_4.csv
1806,5,5,0,Reader_3_5.csv
1806,6,5,1,Reader_3_6.csv
1806,3,3,0,Reader_3_7.csv
1807,3,3,0,Reader_1_1.csv
1807,0,0,0,Reader_1_10.csv
1807,2,2,0,Reader_1_11.csv
1807,0,0,0,Reader_1_12.csv
1807,4,4,0,Reader_1_2.csv
1807,3,1,2,Reader_1_3.csv
1807,2,0,2,Reader_1_4.csv
1807,1,1,0,Reader_1_5.csv
1807,0,0,0,Reader_1_6.csv
1807,0,0,0,Reader_1_7.csv
1807,0,0,0,Reader_1_8.csv
1807,0,0,0,Reader_1_9.csv
1807,3,3,0,Reader_2_1.csv
1807,0,0,0,Reader_2_10.csv
1807,1,0,1,Reader_2_11.csv
1807,1,1,0,Reader_2_12.csv
1807,2,1,1,Reader_2_2.csv
1807,2,2,0,Reader_2_3.csv
1807,0,0,0,Reader_2_4.csv
1807,1,1,0,Reader_2_5.csv
1807,0,0,0,Reader_2_6.csv
1807,0,0,0,Reader_2_7.csv
1807,0,0,0,Reader_2_8.csv
1807,0,0,0,Reader_2_9.csv
1807,2,2,0,reader_3_1.csv
1807,6,3,3,Reader_3_2.csv
1807,0,0,0,Reader_3_3.csv
1807,0,0,0,Reader_3_4.csv
1807,6,6,0,Reader_3_5.csv
1807,5,4,1,Reader_3_6.csv
1807,3,3,0,Reader_3_7.csv
1808,3,3,0,Reader_1_1.csv
1808,0,0,0,Reader_1_10.csv
1808,1,1,0,Reader_1_11.csv
1808,0,0,0,Reader_1_12.csv
1808,3,3,0,Reader_1_2.csv
1808,4,2,2,Reader_1_3.csv
1808,2,0,2,Reader_1_4.csv
1808,2,2,0,Reader_1_5.csv
1808,0,0,0,Reader_1_6.csv
1808,0,0,0,Reader_1_7.csv
1808,0,0,0,Reader_1_8.csv
1808,0,0,0,Reader_1_9.csv
1808,5,4,1,Reader_2_1.csv
1808,0,0,0,Reader_2_10.csv
1808,0,0,0,Reader_2_11.csv
1808,0,0,0,Reader_2_12.csv
1808,2,1,1,Reader_2_2.csv
1808,2,2,0,Reader_2_3.csv
1808,0,0,0,Reader_2_4.csv
1808,2,2,0,Reader_2_5.csv
1808,0,0,0,Reader_2_6.csv
1808,0,0,0,Reader_2_7.csv
1808,0,0,0,Reader_2_8.csv
1808,0,0,0,Reader_2_9.csv
1808,3,3,0,reader_3_1.csv
1808,6,3,3,Reader_3_2.csv
1808,0,0,0,Reader_3_3.csv
1808,0,0,0,Reader_3_4.csv
1808,7,7,0,Reader_3_5.csv
1808,5,5,0,Reader_3_6.csv
1808,2,2,0,Reader_3_7.csv
1809,4,4,0,Reader_1_1.csv
1809,0,0,0,Reader_1_10.csv
1809,1,1,0,Reader_1_11.csv
1809,0,0,0,Reader_1_12.csv
1809,3,3,0,Reader_1_2.csv
1809,2,1,1,Reader_1_3.csv
1809,2,0,2,Reader_1_4.csv
1809,3,3,0,Reader_1_5.csv
1809,0,0,0,Reader_1_6.csv
1809,0,0,0,Reader_1_7.csv
1809,0,0,0,Reader_1_8.csv
1809,0,0,0,Reader_1_9.csv
1809,6,5,1,Reader_2_1.csv
1809,0,0,0,Reader_2_10.csv
1809,0,0,0,Reader_2_11.csv
1809,0,0,0,Reader_2_12.csv
1809,2,1,1,Reader_2_2.csv
1809,0,0,0,Reader_2_3.csv
1809,0,0,0,Reader_2_4.csv
1809,3,3,0,Reader_2_5.csv
1809,0,0,0,Reader_2_6.csv
1809,0,0,0,Reader_2_7.csv
1809,0,0,0,Reader_2_8.csv
1809,0,0,0,Reader_2_9.csv
1809,3,3,0,reader_3_1.csv
1809,7,4,3,Reader_3_2.csv
1809,0,0,0,Reader_3_3.csv
1809,0,0,0,Reader_3_4.csv
1809,10,10,0,Reader_3_5.csv
1809,5,5,0,Reader_3_6.csv
1809,2,2,0,Reader_3_7.csv
1810,4,4,0,Reader_1_1.csv
1810,0,0,0,Reader_1_10.csv
1810,1,1,0,Reader_1_11.csv
1810,0,0,0,Reader_1_12.csv
1810,2,2,0,Reader_1_2.csv
1810,2,1,1,Reader_1_3.csv
1810,2,0,2,Reader_1_4.csv
1810,3,3,0,Reader_1_5.csv
1810,0,0,0,Reader_1_6.csv
1810,0,0,0,Reader_1_7.csv
1810,0,0,0,Reader_1_8.csv
1810,0,0,0,Reader_1_9.csv
1810,6,5,1,Reader_2_1.csv
1810,0,0,0,Reader_2_10.csv
1810,0,0,0,Reader_2_11.csv
1810,0,0,0,Reader_2_12.csv
1810,2,1,1,Reader_2_2.csv
1810,0,0,0,Reader_2_3.csv
1810,0,0,0,Reader_2_4.csv
1810,3,3,0,Reader_2_5.csv
1810,0,0,0,Reader_2_6.csv
1810,0,0,0,Reader_2_7.csv
1810,0,0,0,Reader_2_8.csv
1810,0,0,0,Reader_2_9.csv
1810,2,2,0,reader_3_1.csv
1810,7,4,3,Reader_3_2.csv
1810,0,0,0,Reader_3_3.csv
1810,0,0,0,Reader_3_4.csv
1810,8,8,0,Reader_3_5.csv
1810,4,4,0,Reader_3_6.csv
1810,1,1,0,Reader_3_7.csv
1811,3,3,0,Reader_1_1.csv
1811,0,0,0,Reader_1_10.csv
1811,1,1,0,Reader_1_11.csv
1811,0,0,0,Reader_1_12.csv
1811,3,3,0,Reader_1_2.csv
1811,2,1,1,Reader_1_3.csv
1811,3,0,3,Reader_1_4.csv
1811,2,2,0,Reader_1_5.csv
1811,0,0,0,Reader_1_6.csv
1811,0,0,0,Reader_1_7.csv
1811,0,0,0,Reader_1_8.csv
1811,0,0,0,Reader_1_9.csv
1811,7,6,1,Reader_2_1.csv
1811,0,0,0,Reader_2_10.csv
1811,0,0,0,Reader_2_11.csv
1811,0,0,0,Reader_2_12.csv
1811,2,1,1,Reader_2_2.csv
1811,0,0,0,Reader_2_3.csv
1811,0,0,0,Reader_2_4.csv
1811,3,3,0,Reader_2_5.csv
1811,0,0,0,Reader_2_6.csv
1811,0,0,0,Reader_2_7.csv
1811,0,0,0,Reader_2_8.csv
1811,0,0,0,Reader_2_9.csv
1811,2,2,0,reader_3_1.csv
1811,7,4,3,Reader_3_2.csv
1811,0,0,0,Reader_3_3.csv
1811,0,0,0,Reader_3_4.csv
1811,7,7,0,Reader_3_5.csv
1811,3,3,0,Reader_3_6.csv
1811,1,1,0,Reader_3_7.csv
1812,4,3,1,Reader_1_1.csv
1812,0,0,0,Reader_1_10.csv
1812,1,1,0,Reader_1_11.csv
1812,0,0,0,Reader_1_12.csv
1812,2,2,0,Reader_1_2.csv
1812,2,1,1,Reader_1_3.csv
1812,3,1,2,Reader_1_4.csv
1812,2,2,0,Reader_1_5.csv
1812,0,0,0,Reader_1_6.csv
1812,1,1,0,Reader_1_7.csv
1812,0,0,0,Reader_1_8.csv
1812,0,0,0,Reader_1_9.csv
1812,8,7,1,Reader_2_1.csv
1812,0,0,0,Reader_2_10.csv
1812,0,0,0,Reader_2_11.csv
1812,0,0,0,Reader_2_12.csv
1812,2,1,1,Reader_2_2.csv
1812,0,0,0,Reader_2_3.csv
1812,0,0,0,Reader_2_4.csv
1812,3,3,0,Reader_2_5.csv
1812,0,0,0,Reader_2_6.csv
1812,0,0,0,Reader_2_7.csv
1812,0,0,0,Reader_2_8.csv
1812,0,0,0,Reader_2_9.csv
1812,2,2,0,reader_3_1.csv
1812,8,5,3,Reader_3_2.csv
1812,0,0,0,Reader_3_3.csv
1812,0,0,0,Reader_3_4.csv
1812,6,6,0,Reader_3_5.csv
1812,3,3,0,Reader_3_6.csv
1812,0,0,0,Reader_3_7.csv
1813,3,2,1,Reader_1_1.csv
1813,0,0,0,Reader_1_10.csv
1813,0,0,0,Reader_1_11.csv
1813,0,0,0,Reader_1_12.csv
1813,2,2,0,Reader_1_2.csv
1813,2,1,1,Reader_1_3.csv
1813,3,1,2,Reader_1_4.csv
1813,2,2,0,Reader_1_5.csv
1813,1,1,0,Reader_1_6.csv
1813,1,1,0,Reader_1_7.csv
1813,0,0,0,Reader_1_8.csv
1813,0,0,0,Reader_1_9.csv
1813,7,6,1,Reader_2_1.csv
1813,0,0,0,Reader_2_10.csv
1813,0,0,0,Reader_2_11.csv
1813,1,1,0,Reader_2_12.csv
1813,2,2,0,Reader_2_2.csv
1813,1,1,0,Reader_2_3.csv
1813,0,0,0,Reader_2_4.csv
1813,3,3,0,Reader_2_5.csv
1813,0,0,0,Reader_2_6.csv
1813,0,0,0,Reader_2_7.csv
1813,0,0,0,Reader_2_8.csv
1813,0,0,0,Reader_2_9.csv
1813,2,2,0,reader_3_1.csv
1813,7,4,3,Reader_3_2.csv
1813,0,0,0,Reader_3_3.csv
1813,0,0,0,Reader_3_4.csv
1813,6,6,0,Reader_3_5.csv
1813,3,3,0,Reader_3_6.csv
1813,0,0,0,Reader_3_7.csv
1814,2,1,1,Reader_1_1.csv
1814,0,0,0,Reader_1_10.csv
1814,0,0,0,Reader_1_11.csv
1814,0,0,0,Reader_1_12.csv
1814,2,2,0,Reader_1_2.csv
1814,2,1,1,Reader_1_3.csv
1814,2,1,1,Reader_1_4.csv
1814,3,2,1,Reader_1_5.csv
1814,1,1,0,Reader_1_6.csv
1814,2,2,0,Reader_1_7.csv
1814,0,0,0,Reader_1_8.csv
1814,0,0,0,Reader_1_9.csv
1814,6,5,1,Reader_2_1.csv
1814,0,0,0,Reader_2_10.csv
1814,0,0,0,Reader_2_11.csv
1814,1,1,0,Reader_2_12.csv
1814,2,2,0,Reader_2_2.csv
1814,1,1,0,Reader_2_3.csv
1814,0,0,0,Reader_2_4.csv
1814,3,3,0,Reader_2_5.csv
1814,0,0,0,Reader_2_6.csv
1814,0,0,0,Reader_2_7.csv
1814,0,0,0,Reader_2_8.csv
1814,0,0,0,Reader_2_9.csv
1814,3,3,0,reader_3_1.csv
1814,6,4,2,Reader_3_2.csv
1814,0,0,0,Reader_3_3.csv
1814,0,0,0,Reader_3_4.csv
1814,6,6,0,Reader_3_5.csv
1814,1,1,0,Reader_3_6.csv
1814,0,0,0,Reader_3_7.csv
1815,3,2,1,Reader_1_1.csv
1815,0,0,0,Reader_1_10.csv
1815,0,0,0,Reader_1_11.csv
1815,0,0,0,Reader_1_12.csv
1815,2,2,0,Reader_1_2.csv
1815,2,1,1,Reader_1_3.csv
1815,2,1,1,Reader_1_4.csv
1815,3,2,1,Reader_1_5.csv
1815,1,1,0,Reader_1_6.csv
1815,2,2,0,Reader_1_7.csv
1815,0,0,0,Reader_1_8.csv
1815,0,0,0,Reader_1_9.csv
1815,6,5,1,Reader_2_1.csv
1815,0,0,0,Reader_2_10.csv
1815,0,0,0,Reader_2_11.csv
1815,1,1,0,Reader_2_12.csv
1815,2,2,0,Reader_2_2.csv
1815,2,2,0,Reader_2_3.csv
1815,0,0,0,Reader_2_4.csv
1815,3,3,0,Reader_2_5.csv
1815,0,0,0,Reader_2_6.csv
1815,0,0,0,Reader_2_7.csv
1815,1,1,0,Reader_2_8.csv
1815,0,0,0,Reader_2_9.csv
1815,3,3,0,reader_3_1.csv
1815,5,4,1,Reader_3_2.csv
1815,1,1,0,Reader_3_3.csv
1815,1,1,0,Reader_3_4.csv
1815,6,6,0,Reader_3_5.csv
1815,2,2,0,Reader_3_6.csv
1815,0,0,0,Reader_3_7.csv
1816,3,2,1,Reader_1_1.csv
1816,0,0,0,Reader_1_10.csv
1816,0,0,0,Reader_1_11.csv
1816,0,0,0,Reader_1_12.csv
1816,2,2,0,Reader_1_2.csv
1816,2,1,1,Reader_1_3.csv
1816,3,2,1,Reader_1_4.csv
1816,2,1,1,Reader_1_5.csv
1816,2,1,1,Reader_1_6.csv
1816,4,4,0,Reader_1_7.csv
1816,0,0,0,Reader_1_8.csv
1816,0,0,0,Reader_1_9.csv
1816,4,4,0,Reader_2_1.csv
1816,0,0,0,Reader_2_10.csv
1816,0,0,0,Reader_2_11.csv
1816,1,1,0,Reader_2_12.csv
1816,3,3,0,Reader_2_2.csv
1816,2,2,0,Reader_2_3.csv
1816,1,1,0,Reader_2_4.csv
1816,2,2,0,Reader_2_5.csv
1816,0,0,0,Reader_2_6.csv
1816,0,0,0,Reader_2_7.csv
1816,1,1,0,Reader_2_8.csv
1816,0,0,0,Reader_2_9.csv
1816,3,3,0,reader_3_1.csv
1816,6,4,2,Reader_3_2.csv
1816,1,1,0,Reader_3_3.csv
1816,1,1,0,Reader_3_4.csv
1816,7,7,0,Reader_3_5.csv
1816,1,1,0,Reader_3_6.csv
1816,0,0,0,Reader_3_7.csv
1817,2,1,1,Reader_1_1.csv
1817,0,0,0,Reader_1_10.csv
1817,0,0,0,Reader_1_11.csv
1817,0,0,0,Reader_1_12.csv
1817,3,3,0,Reader_1_2.csv
1817,2,1,1,Reader_1_3.csv
1817,3,2,1,Reader_1_4.csv
1817,1,0,1,Reader_1_5.csv
1817,2,1,1,Reader_1_6.csv
1817,4,4,0,Reader_1_7.csv
1817,0,0,0,Reader_1_8.csv
1817,0,0,0,Reader_1_9.csv
1817,3,3,0,Reader_2_1.csv
1817,0,0,0,Reader_2_10.csv
1817,0,0,0,Reader_2_11.csv
1817,1,1,0,Reader_2_12.csv
1817,3,3,0,Reader_2_2.csv
1817,2,2,0,Reader_2_3.csv
1817,1,1,0,Reader_2_4.csv
1817,1,1,0,Reader_2_5.csv
1817,0,0,0,Reader_2_6.csv
1817,0,0,0,Reader_2_7.csv
1817,2,2,0,Reader_2_8.csv
1817,0,0,0,Reader_2_9.csv
1817,4,3,1,reader_3_1.csv
1817,7,4,3,Reader_3_2.csv
1817,2,1,1,Reader_3_3.csv
1817,2,1,1,Reader_3_4.csv
1817,5,5,0,Reader_3_5.csv
1817,1,1,0,Reader_3_6.csv
1817,0,0,0,Reader_3_7.csv
1818,2,1,1,Reader_1_1.csv
1818,0,0,0,Reader_1_10.csv
1818,0,0,0,Reader_1_11.csv
1818,0,0,0,Reader_1_12.csv
1818,4,3,1,Reader_1_2.csv
1818,2,1,1,Reader_1_3.csv
1818,3,2,1,Reader_1_4.csv
1818,1,0,1,Reader_1_5.csv
1818,2,1,1,Reader_1_6.csv
1818,4,4,0,Reader_1_7.csv
1818,0,0,0,Reader_1_8.csv
1818,0,0,0,Reader_1_9.csv
1818,3,3,0,Reader_2_1.csv
1818,0,0,0,Reader_2_10.csv
1818,0,0,0,Reader_2_11.csv
1818,1,1,0,Reader_2_12.csv
1818,2,2,0,Reader_2_2.csv
1818,2,2,0,Reader_2_3.csv
1818,1,1,0,Reader_2_4.csv
1818,1,1,0,Reader_2_5.csv
1818,0,0,0,Reader_2_6.csv
1818,0,0,0,Reader_2_7.csv
1818,2,2,0,Reader_2_8.csv
1818,0,0,0,Reader_2_9.csv
1818,4,3,1,reader_3_1.csv
1818,7,4,3,Reader_3_2.csv
1818,2,1,1,Reader_3_3.csv
1818,2,1,1,Reader_3_4.csv
1818,5,5,0,Reader_3_5.csv
1818,1,1,0,Reader_3_6.csv
1818,0,0,0,Reader_3_7.csv
1819,3,2,1,Reader_1_1.csv
1819,0,0,0,Reader_1_10.csv
1819,0,0,0,Reader_1_11.csv
1819,0,0,0,Reader_1_12.csv
1819,3,2,1,Reader_1_2.csv
1819,3,2,1,Reader_1_3.csv
1819,2,2,0,Reader_1_4.csv
1819,1,0,1,Reader_1_5.csv
1819,2,1,1,Reader_1_6.csv
1819,4,4,0,Reader_1_7.csv
1819,0,0,0,Reader_1_8.csv
1819,0,0,0,Reader_1_9.csv
1819,3,3,0,Reader_2_1.csv
1819,0,0,0,Reader_2_10.csv
1819,0,0,0,Reader_2_11.csv
1819,1,1,0,Reader_2_12.csv
1819,2,2,0,Reader_2_2.csv
1819,3,3,0,Reader_2_3.csv
1819,1,1,0,Reader_2_4.csv
1819,0,0,0,Reader_2_5.csv
1819,0,0,0,Reader_2_6.csv
1819,0,0,0,Reader_2_7.csv
1819,3,3,0,Reader_2_8.csv
1819,0,0,0,Reader_2_9.csv
1819,5,3,2,reader_3_1.csv
1819,6,4,2,Reader_3_2.csv
1819,2,1,1,Reader_3_3.csv
1819,2,1,1,Reader_3_4.csv
1819,6,5,1,Reader_3_5.csv
1819,1,1,0,Reader_3_6.csv
1819,0,0,0,Reader_3_7.csv
1820,2,2,0,Reader_1_1.csv
1820,0,0,0,Reader_1_10.csv
1820,0,0,0,Reader_1_11.csv
1820,0,0,0,Reader_1_12.csv
1820,3,2,1,Reader_1_2.csv
1820,3,2,1,Reader_1_3.csv
1820,1,1,0,Reader_1_4.csv
1820,1,0,1,Reader_1_5.csv
1820,2,1,1,Reader_1_6.csv
1820,5,4,1,Reader_1_7.csv
1820,0,0,0,Reader_1_8.csv
1820,0,0,0,Reader_1_9.csv
1820,3,3,0,Reader_2_1.csv
1820,0,0,0,Reader_2_10.csv
1820,0,0,0,Reader_2_11.csv
1820,1,1,0,Reader_2_12.csv
1820,3,3,0,Reader_2_2.csv
1820,3,3,0,Reader_2_3.csv
1820,1,1,0,Reader_2_4.csv
1820,0,0,0,Reader_2_5.csv
1820,0,0,0,Reader_2_6.csv
1820,0,0,0,Reader_2_7.csv
1820,3,3,0,Reader_2_8.csv
1820,0,0,0,Reader_2_9.csv
1820,5,3,2,reader_3_1.csv
1820,5,3,2,Reader_3_2.csv
1820,2,1,1,Reader_3_3.csv
1820,2,1,1,Reader_3_4.csv
1820,5,4,1,Reader_3_5.csv
1820,1,1,0,Reader_3_6.csv
1820,0,0,0,Reader_3_7.csv
1821,2,2,0,Reader_1_1.csv
1821,0,0,0,Reader_1_10.csv
1821,0,0,0,Reader_1_11.csv
1821,0,0,0,Reader_1_12.csv
1821,3,2,1,Reader_1_2.csv
1821,2,2,0,Reader_1_3.csv
1821,1,1,0,Reader_1_4.csv
1821,1,0,1,Reader_1_5.csv
1821,1,0,1,Reader_1_6.csv
1821,5,4,1,Reader_1_7.csv
1821,0,0,0,Reader_1_8.csv
1821,0,0,0,Reader_1_9.csv
1821,3,3,0,Reader_2_1.csv
1821,0,0,0,Reader_2_10.csv
1821,0,0,0,Reader_2_11.csv
1821,0,0,0,Reader_2_12.csv
1821,2,2,0,Reader_2_2.csv
1821,2,2,0,Reader_2_3.csv
1821,1,1,0,Reader_2_4.csv
1821,0,0,0,Reader_2_5.csv
1821,0,0,0,Reader_2_6.csv
1821,0,0,0,Reader_2_7.csv
1821,3,3,0,Reader_2_8.csv
1821,0,0,0,Reader_2_9.csv
1821,5,3,2,reader_3_1.csv
1821,6,3,3,Reader_3_2.csv
1821,2,1,1,Reader_3_3.csv
1821,2,1,1,Reader_3_4.csv
1821,5,4,1,Reader_3_5.csv
1821,2,2,0,Reader_3_6.csv
1821,0,0,0,Reader_3_7.csv
1822,2,2,0,Reader_1_1.csv
1822,0,0,0,Reader_1_10.csv
1822,0,0,0,Reader_1_11.csv
1822,0,0,0,Reader_1_12.csv
1822,3,2,1,Reader_1_2.csv
1822,3,3,0,Reader_1_3.csv
1822,1,1,0,Reader_1_4.csv
1822,0,0,0,Reader_1_5.csv
1822,1,0,1,Reader_1_6.csv
1822,4,3,1,Reader_1_7.csv
1822,0,0,0,Reader_1_8.csv
1822,0,0,0,Reader_1_9.csv
1822,4,3,1,Reader_2_1.csv
1822,0,0,0,Reader_2_10.csv
1822,0,0,0,Reader_2_11.csv
1822,0,0,0,Reader_2_12.csv
1822,3,3,0,Reader_2_2.csv
1822,2,2,0,Reader_2_3.csv
1822,1,1,0,Reader_2_4.csv
1822,0,0,0,Reader_2_5.csv
1822,0,0,0,Reader_2_6.csv
1822,0,0,0,Reader_2_7.csv
1822,3,3,0,Reader_2_8.csv
1822,0,0,0,Reader_2_9.csv
1822,7,4,3,reader_3_1.csv
1822,7,4,3,Reader_3_2.csv
1822,3,2,1,Reader_3_3.csv
1822,3,2,1,Reader_3_4.csv
1822,6,4,2,Reader_3_5.csv
1822,2,2,0,Reader_3_6.csv
1822,1,1,0,Reader_3_7.csv
1823,1,1,0,Reader_1_1.csv
1823,0,0,0,Reader_1_10.csv
1823,0,0,0,Reader_1_11.csv
1823,0,0,0,Reader_1_12.csv
1823,2,1,1,Reader_1_2.csv
1823,3,3,0,Reader_1_3.csv
1823,1,1,0,Reader_1_4.csv
1823,0,0,0,Reader_1_5.csv
1823,1,0,1,Reader_1_6.csv
1823,5,4,1,Reader_1_7.csv
1823,0,0,0,Reader_1_8.csv
1823,0,0,0,Reader_1_9.csv
1823,4,2,2,Reader_2_1.csv
1823,0,0,0,Reader_2_10.csv
1823,0,0,0,Reader_2_11.csv
1823,0,0,0,Reader_2_12.csv
1823,3,3,0,Reader_2_2.csv
1823,1,1,0,Reader_2_3.csv
1823,1,1,0,Reader_2_4.csv
1823,0,0,0,Reader_2_5.csv
1823,0,0,0,Reader_2_6.csv
1823,0,0,0,Reader_2_7.csv
1823,2,2,0,Reader_2_8.csv
1823,0,0,0,Reader_2_9.csv
1823,7,4,3,reader_3_1.csv
1823,7,4,3,Reader_3_2.csv
1823,2,1,1,Reader_3_3.csv
1823,2,1,1,Reader_3_4.csv
1823,5,3,2,Reader_3_5.csv
1823,1,1,0,Reader_3_6.csv
1823,1,1,0,Reader_3_7.csv
1824,1,1,0,Reader_1_1.csv
1824,0,0,0,Reader_1_10.csv
1824,0,0,0,Reader_1_11.csv
1824,0,0,0,Reader_1_12.csv
1824,2,1,1,Reader_1_2.csv
1824,2,2,0,Reader_1_3.csv
1824,0,0,0,Reader_1_4.csv
1824,0,0,0,Reader_1_5.csv
1824,1,1,0,Reader_1_6.csv
1824,4,3,1,Reader_1_7.csv
1824,0,0,0,Reader_1_8.csv
1824,0,0,0,Reader_1_9.csv
1824,4,2,2,Reader_2_1.csv
1824,0,0,0,Reader_2_10.csv
1824,0,0,0,Reader_2_11.csv
1824,0,0,0,Reader_2_12.csv
1824,2,2,0,Reader_2_2.csv
1824,1,1,0,Reader_2_3.csv
1824,0,0,0,Reader_2_4.csv
1824,0,0,0,Reader_2_5.csv
1824,0,0,0,Reader_2_6.csv
1824,0,0,0,Reader_2_7.csv
1824,2,2,0,Reader_2_8.csv
1824,0,0,0,Reader_2_9.csv
1824,6,3,3,reader_3_1.csv
1824,7,5,2,Reader_3_2.csv
1824,2,1,1,Reader_3_3.csv
1824,2,1,1,Reader_3_4.csv
1824,3,1,2,Reader_3_5.csv
1824,1,1,0,Reader_3_6.csv
1824,1,1,0,Reader_3_7.csv
1825,1,1,0,Reader_1_1.csv
1825,0,0,0,Reader_1_10.csv
1825,2,2,0,Reader_1_11.csv
1825,0,0,0,Reader_1_12.csv
1825,3,1,2,Reader_1_2.csv
1825,2,2,0,Reader_1_3.csv
1825,0,0,0,Reader_1_4.csv
1825,0,0,0,Reader_1_5.csv
1825,1,1,0,Reader_1_6.csv
1825,4,3,1,Reader_1_7.csv
1825,0,0,0,Reader_1_8.csv
1825,0,0,0,Reader_1_9.csv
1825,4,2,2,Reader_2_1.csv
1825,0,0,0,Reader_2_10.csv
1825,0,0,0,Reader_2_11.csv
1825,0,0,0,Reader_2_12.csv
1825,3,2,1,Reader_2_2.csv
1825,1,1,0,Reader_2_3.csv
1825,0,0,0,Reader_2_4.csv
1825,0,0,0,Reader_2_5.csv
1825,0,0,0,Reader_2_6.csv
1825,0,0,0,Reader_2_7.csv
1825,1,1,0,Reader_2_8.csv
1825,0,0,0,Reader_2_9.csv
1825,4,2,2,reader_3_1.csv
1825,5,4,1,Reader_3_2.csv
1825,2,2,0,Reader_3_3.csv
1825,2,2,0,Reader_3_4.csv
1825,4,1,3,Reader_3_5.csv
1825,1,1,0,Reader_3_6.csv
1825,1,1,0,Reader_3_7.csv
1826,2,2,0,Reader_1_1.csv
1826,0,0,0,Reader_1_10.csv
1826,2,2,0,Reader_1_11.csv
1826,0,0,0,Reader_1_12.csv
1826,2,1,1,Reader_1_2.csv
1826,2,2,0,Reader_1_3.csv
1826,0,0,0,Reader_1_4.csv
1826,0,0,0,Reader_1_5.csv
1826,1,1,0,Reader_1_6.csv
1826,4,3,1,Reader_1_7.csv
1826,0,0,0,Reader_1_8.csv
1826,0,0,0,Reader_1_9.csv
1826,4,2,2,Reader_2_1.csv
1826,0,0,0,Reader_2_10.csv
1826,0,0,0,Reader_2_11.csv
1826,0,0,0,Reader_2_12.csv
1826,3,2,1,Reader_2_2.csv
1826,1,1,0,Reader_2_3.csv
1826,0,0,0,Reader_2_4.csv
1826,0,0,0,Reader_2_5.csv
1826,0,0,0,Reader_2_6.csv
1826,0,0,0,Reader_2_7.csv
1826,1,1,0,Reader_2_8.csv
1826,0,0,0,Reader_2_9.csv
1826,5,2,3,reader_3_1.csv
1826,5,4,1,Reader_3_2.csv
1826,3,3,0,Reader_3_3.csv
1826,3,3,0,Reader_3_4.csv
1826,4,1,3,Reader_3_5.csv
1826,2,2,0,Reader_3_6.csv
1826,1,1,0,Reader_3_7.csv
1827,1,1,0,Reader_1_1.csv
1827,0,0,0,Reader_1_10.csv
1827,3,2,1,Reader_1_11.csv
1827,0,0,0,Reader_1_12.csv
1827,2,1,1,Reader_1_2.csv
1827,1,1,0,Reader_1_3.csv
1827,0,0,0,Reader_1_4.csv
1827,0,0,0,Reader_1_5.csv
1827,1,1,0,Reader_1_6.csv
1827,4,3,1,Reader_1_7.csv
1827,0,0,0,Reader_1_8.csv
1827,0,0,0,Reader_1_9.csv
1827,3,1,2,Reader_2_1.csv
1827,0,0,0,Reader_2_10.csv
1827,0,0,0,Reader_2_11.csv
1827,0,0,0,Reader_2_12.csv
1827,3,2,1,Reader_2_2.csv
1827,0,0,0,Reader_2_3.csv
1827,0,0,0,Reader_2_4.csv
1827,0,0,0,Reader_2_5.csv
1827,0,0,0,Reader_2_6.csv
1827,1,1,0,Reader_2_7.csv
1827,1,1,0,Reader_2_8.csv
1827,0,0,0,Reader_2_9.csv
1827,4,2,2,reader_3_1.csv
1827,6,5,1,Reader_3_2.csv
1827,3,3,0,Reader_3_3.csv
1827,3,3,0,Reader_3_4.csv
1827,6,3,3,Reader_3_5.csv
1827,2,2,0,Reader_3_6.csv
1827,1,1,0,Reader_3_7.csv
1828,1,1,0,Reader_1_1.csv
1828,0,0,0,Reader_1_10.csv
1828,3,2,1,Reader_1_11.csv
1828,0,0,0,Reader_1_12.csv
1828,2,1,1,Reader_1_2.csv
1828,1,1,0,Reader_1_3.csv
1828,0,0,0,Reader_1_4.csv
1828,0,0,0,Reader_1_5.csv
1828,1,1,0,Reader_1_6.csv
1828,2,2,0,Reader_1_7.csv
1828,0,0,0,Reader_1_8.csv
1828,0,0,0,Reader_1_9.csv
1828,2,0,2,Reader_2_1.csv
1828,0,0,0,Reader_2_10.csv
1828,0,0,0,Reader_2_11.csv
1828,0,0,0,Reader_2_12.csv
1828,2,1,1,Reader_2_2.csv
1828,0,0,0,Reader_2_3.csv
1828,0,0,0,Reader_2_4.csv
1828,0,0,0,Reader_2_5.csv
1828,0,0,0,Reader_2_6.csv
1828,1,1,0,Reader_2_7.csv
1828,1,1,0,Reader_2_8.csv
1828,0,0,0,Reader_2_9.csv
1828,7,3,4,reader_3_1.csv
1828,6,5,1,Reader_3_2.csv
1828,3,3,0,Reader_3_3.csv
1828,3,3,0,Reader_3_4.csv
1828,7,4,3,Reader_3_5.csv
1828,2,2,0,Reader_3_6.csv
1828,1,1,0,Reader_3_7.csv
1829,2,2,0,Reader_1_1.csv
1829,0,0,0,Reader_1_10.csv
1829,3,2,1,Reader_1_11.csv
1829,0,0,0,Reader_1_12.csv
1829,2,1,1,Reader_1_2.csv
1829,1,1,0,Reader_1_3.csv
1829,0,0,0,Reader_1_4.csv
1829,0,0,0,Reader_1_5.csv
1829,1,1,0,Reader_1_6.csv
1829,2,2,0,Reader_1_7.csv
1829,0,0,0,Reader_1_8.csv
1829,0,0,0,Reader_1_9.csv
1829,2,0,2,Reader_2_1.csv
1829,0,0,0,Reader_2_10.csv
1829,0,0,0,Reader_2_11.csv
1829,0,0,0,Reader_2_12.csv
1829,2,1,1,Reader_2_2.csv
1829,0,0,0,Reader_2_3.csv
1829,0,0,0,Reader_2_4.csv
1829,0,0,0,Reader_2_5.csv
1829,0,0,0,Reader_2_6.csv
1829,1,1,0,Reader_2_7.csv
1829,1,1,0,Reader_2_8.csv
1829,0,0,0,Reader_2_9.csv
1829,7,3,4,reader_3_1.csv
1829,7,7,0,Reader_3_2.csv
1829,3,3,0,Reader_3_3.csv
1829,3,3,0,Reader_3_4.csv
1829,7,4,3,Reader_3_5.csv
1829,1,1,0,Reader_3_6.csv
1829,1,1,0,Reader_3_7.csv
1830,2,2,0,Reader_1_1.csv
1830,0,0,0,Reader_1_10.csv
1830,4,3,1,Reader_1_11.csv
1830,0,0,0,Reader_1_12.csv
1830,2,1,1,Reader_1_2.csv
1830,0,0,0,Reader_1_3.csv
1830,0,0,0,Reader_1_4.csv
1830,1,1,0,Reader_1_5.csv
1830,1,1,0,Reader_1_6.csv
1830,2,2,0,Reader_1_7.csv
1830,0,0,0,Reader_1_8.csv
1830,0,0,0,Reader_1_9.csv
1830,1,0,1,Reader_2_1.csv
1830,0,0,0,Reader_2_10.csv
1830,0,0,0,Reader_2_11.csv
1830,0,0,0,Reader_2_12.csv
1830,1,0,1,Reader_2_2.csv
1830,0,0,0,Reader_2_3.csv
1830,0,0,0,Reader_2_4.csv
1830,0,0,0,Reader_2_5.csv
1830,0,0,0,Reader_2_6.csv
1830,1,1,0,Reader_2_7.csv
1830,1,1,0,Reader_2_8.csv
1830,0,0,0,Reader_2_9.csv
1830,4,1,3,reader_3_1.csv
1830,8,7,1,Reader_3_2.csv
1830,3,2,1,Reader_3_3.csv
1830,3,2,1,Reader_3_4.csv
1830,6,4,2,Reader_3_5.csv
1830,2,2,0,Reader_3_6.csv
1830,0,0,0,Reader_3_7.csv
1831,3,2,1,Reader_1_1.csv
1831,0,0,0,Reader_1_10.csv
1831,6,4,2,Reader_1_11.csv
1831,0,0,0,Reader_1_12.csv
1831,3,2,1,Reader_1_2.csv
1831,0,0,0,Reader_1_3.csv
1831,0,0,0,Reader_1_4.csv
1831,1,1,0,Reader_1_5.csv
1831,1,1,0,Reader_1_6.csv
1831,1,1,0,Reader_1_7.csv
1831,0,0,0,Reader_1_8.csv
1831,0,0,0,Reader_1_9.csv
1831,0,0,0,Reader_2_1.csv
1831,0,0,0,Reader_2_10.csv
1831,0,0,0,Reader_2_11.csv
1831,0,0,0,Reader_2_12.csv
1831,1,0,1,Reader_2_2.csv
1831,0,0,0,Reader_2_3.csv
1831,0,0,0,Reader_2_4.csv
1831,0,0,0,Reader_2_5.csv
1831,0,0,0,Reader_2_6.csv
1831,1,1,0,Reader_2_7.csv
1831,1,1,0,Reader_2_8.csv
1831,0,0,0,Reader_2_9.csv
1831,4,1,3,reader_3_1.csv
1831,9,8,1,Reader_3_2.csv
1831,3,2,1,Reader_3_3.csv
1831,3,2,1,Reader_3_4.csv
1831,6,4,2,Reader_3_5.csv
1831,3,3,0,Reader_3_6.csv
1831,0,0,0,Reader_3_7.csv
1832,3,2,1,Reader_1_1.csv
1832,0,0,0,Reader_1_10.csv
1832,8,6,2,Reader_1_11.csv
1832,0,0,0,Reader_1_12.csv
1832,3,2,1,Reader_1_2.csv
1832,0,0,0,Reader_1_3.csv
1832,1,1,0,Reader_1_4.csv
1832,1,1,0,Reader_1_5.csv
1832,0,0,0,Reader_1_6.csv
1832,1,1,0,Reader_1_7.csv
1832,0,0,0,Reader_1_8.csv
1832,1,1,0,Reader_1_9.csv
1832,1,1,0,Reader_2_1.csv
1832,0,0,0,Reader_2_10.csv
1832,0,0,0,Reader_2_11.csv
1832,0,0,0,Reader_2_12.csv
1832,1,0,1,Reader_2_2.csv
1832,0,0,0,Reader_2_3.csv
1832,0,0,0,Reader_2_4.csv
1832,0,0,0,Reader_2_5.csv
1832,0,0,0,Reader_2_6.csv
1832,1,1,0,Reader_2_7.csv
1832,1,1,0,Reader_2_8.csv
1832,0,0,0,Reader_2_9.csv
1832,5,2,3,reader_3_1.csv
1832,9,8,1,Reader_3_2.csv
1832,4,3,1,Reader_3_3.csv
1832,4,3,1,Reader_3_4.csv
1832,6,4,2,Reader_3_5.csv
1832,4,4,0,Reader_3_6.csv
1832,0,0,0,Reader_3_7.csv
1833,3,2,1,Reader_1_1.csv
1833,0,0,0,Reader_1_10.csv
1833,8,6,2,Reader_1_11.csv
1833,0,0,0,Reader_1_12.csv
1833,1,1,0,Reader_1_2.csv
1833,0,0,0,Reader_1_3.csv
1833,1,1,0,Reader_1_4.csv
1833,1,1,0,Reader_1_5.csv
1833,0,0,0,Reader_1_6.csv
1833,1,1,0,Reader_1_7.csv
1833,0,0,0,Reader_1_8.csv
1833,1,1,0,Reader_1_9.csv
1833,2,2,0,Reader_2_1.csv
1833,0,0,0,Reader_2_10.csv
1833,2,0,2,Reader_2_11.csv
1833,1,1,0,Reader_2_12.csv
1833,0,0,0,Reader_2_2.csv
1833,0,0,0,Reader_2_3.csv
1833,0,0,0,Reader_2_4.csv
1833,0,0,0,Reader_2_5.csv
1833,0,0,0,Reader_2_6.csv
1833,1,1,0,Reader_2_7.csv
1833,1,1,0,Reader_2_8.csv
1833,0,0,0,Reader_2_9.csv
1833,6,3,3,reader_3_1.csv
1833,11,9,2,Reader_3_2.csv
1833,3,2,1,Reader_3_3.csv
1833,3,2,1,Reader_3_4.csv
1833,5,4,1,Reader_3_5.csv
1833,5,5,0,Reader_3_6.csv
1833,2,2,0,Reader_3_7.csv
1834,2,1,1,Reader_1_1.csv
1834,0,0,0,Reader_1_10.csv
1834,9,7,2,Reader_1_11.csv
1834,0,0,0,Reader_1_12.csv
1834,1,1,0,Reader_1_2.csv
1834,0,0,0,Reader_1_3.csv
1834,1,1,0,Reader_1_4.csv
1834,1,1,0,Reader_1_5.csv
1834,0,0,0,Reader_1_6.csv
1834,1,1,0,Reader_1_7.csv
1834,0,0,0,Reader_1_8.csv
1834,1,1,0,Reader_1_9.csv
1834,3,3,0,Reader_2_1.csv
1834,0,0,0,Reader_2_10.csv
1834,2,0,2,Reader_2_11.csv
1834,1,1,0,Reader_2_12.csv
1834,0,0,0,Reader_2_2.csv
1834,0,0,0,Reader_2_3.csv
1834,0,0,0,Reader_2_4.csv
1834,0,0,0,Reader_2_5.csv
1834,0,0,0,Reader_2_6.csv
1834,1,1,0,Reader_2_7.csv
1834,1,1,0,Reader_2_8.csv
1834,0,0,0,Reader_2_9.csv
1834,5,3,2,reader_3_1.csv
1834,13,9,4,Reader_3_2.csv
1834,2,1,1,Reader_3_3.csv
1834,2,1,1,Reader_3_4.csv
1834,5,4,1,Reader_3_5.csv
1834,5,5,0,Reader_3_6.csv
1834,2,2,0,Reader_3_7.csv
1835,2,1,1,Reader_1_1.csv
1835,0,0,0,Reader_1_10.csv
1835,8,7,1,Reader_1_11.csv
1835,0,0,0,Reader_1_12.csv
1835,1,1,0,Reader_1_2.csv
1835,0,0,0,Reader_1_3.csv
1835,1,1,0,Reader_1_4.csv
1835,1,1,0,Reader_1_5.csv
1835,0,0,0,Reader_1_6.csv
1835,1,1,0,Reader_1_7.csv
1835,0,0,0,Reader_1_8.csv
1835,1,1,0,Reader_1_9.csv
1835,4,4,0,Reader_2_1.csv
1835,0,0,0,Reader_2_10.csv
1835,3,1,2,Reader_2_11.csv
1835,1,1,0,Reader_2_12.csv
1835,0,0,0,Reader_2_2.csv
1835,0,0,0,Reader_2_3.csv
1835,0,0,0,Reader_2_4.csv
1835,0,0,0,Reader_2_5.csv
1835,0,0,0,Reader_2_6.csv
1835,0,0,0,Reader_2_7.csv
1835,0,0,0,Reader_2_8.csv
1835,0,0,0,Reader_2_9.csv
1835,6,4,2,reader_3_1.csv
1835,12,7,5,Reader_3_2.csv
1835,2,1,1,Reader_3_3.csv
1835,2,1,1,Reader_3_4.csv
1835,2,2,0,Reader_3_5.csv
1835,5,5,0,Reader_3_6.csv
1835,2,2,0,Reader_3_7.csv
1836,2,1,1,Reader_1_1.csv
1836,0,0,0,Reader_1_10.csv
1836,8,7,1,Reader_1_11.csv
1836,0,0,0,Reader_1_12.csv
1836,1,1,0,Reader_1_2.csv
1836,0,0,0,Reader_1_3.csv
1836,1,1,0,Reader_1_4.csv
1836,1,1,0,Reader_1_5.csv
1836,0,0,0,Reader_1_6.csv
1836,1,1,0,Reader_1_7.csv
1836,0,0,0,Reader_1_8.csv
1836,1,1,0,Reader_1_9.csv
1836,4,4,0,Reader_2_1.csv
1836,0,0,0,Reader_2_10.csv
1836,3,1,2,Reader_2_11.csv
1836,1,1,0,Reader_2_12.csv
1836,0,0,0,Reader_2_2.csv
1836,0,0,0,Reader_2_3.csv
1836,0,0,0,Reader_2_4.csv
1836,0,0,0,Reader_2_5.csv
1836,0,0,0,Reader_2_6.csv
1836,0,0,0,Reader_2_7.csv
1836,0,0,0,Reader_2_8.csv
1836,0,0,0,Reader_2_9.csv
1836,5,5,0,reader_3_1.csv
1836,14,8,6,Reader_3_2.csv
1836,2,1,1,Reader_3_3.csv
1836,2,1,1,Reader_3_4.csv
1836,1,1,0,Reader_3_5.csv
1836,6,6,0,Reader_3_6.csv
1836,3,3,0,Reader_3_7.csv
1837,1,0,1,Reader_1_1.csv
1837,0,0,0,Reader_1_10.csv
1837,8,7,1,Reader_1_11.csv
1837,0,0,0,Reader_1_12.csv
1837,1,1,0,Reader_1_2.csv
1837,0,0,0,Reader_1_3.csv
1837,1,1,0,Reader_1_4.csv
1837,1,1,0,Reader_1_5.csv
1837,0,0,0,Reader_1_6.csv
1837,1,1,0,Reader_1_7.csv
1837,0,0,0,Reader_1_8.csv
1837,3,3,0,Reader_1_9.csv
1837,4,4,0,Reader_2_1.csv
1837,0,0,0,Reader_2_10.csv
1837,3,1,2,Reader_2_11.csv
1837,2,2,0,Reader_2_12.csv
1837,0,0,0,Reader_2_2.csv
1837,0,0,0,Reader_2_3.csv
1837,1,1,0,Reader_2_4.csv
1837,0,0,0,Reader_2_5.csv
1837,0,0,0,Reader_2_6.csv
1837,0,0,0,Reader_2_7.csv
1837,0,0,0,Reader_2_8.csv
1837,0,0,0,Reader_2_9.csv
1837,5,5,0,reader_3_1.csv
1837,14,7,7,Reader_3_2.csv
1837,3,1,2,Reader_3_3.csv
1837,3,1,2,Reader_3_4.csv
1837,1,1,0,Reader_3_5.csv
1837,6,6,0,Reader_3_6.csv
1837,4,4,0,Reader_3_7.csv
1838,1,0,1,Reader_1_1.csv
1838,0,0,0,Reader_1_10.csv
1838,8,7,1,Reader_1_11.csv
1838,0,0,0,Reader_1_12.csv
1838,1,1,0,Reader_1_2.csv
1838,0,0,0,Reader_1_3.csv
1838,2,2,0,Reader_1_4.csv
1838,0,0,0,Reader_1_5.csv
1838,0,0,0,Reader_1_6.csv
1838,1,1,0,Reader_1_7.csv
1838,0,0,0,Reader_1_8.csv
1838,3,3,0,Reader_1_9.csv
1838,4,4,0,Reader_2_1.csv
1838,0,0,0,Reader_2_10.csv
1838,3,1,2,Reader_2_11.csv
1838,2,2,0,Reader_2_12.csv
1838,0,0,0,Reader_2_2.csv
1838,0,0,0,Reader_2_3.csv
1838,1,1,0,Reader_2_4.csv
1838,0,0,0,Reader_2_5.csv
1838,0,0,0,Reader_2_6.csv
1838,0,0,0,Reader_2_7.csv
1838,0,0,0,Reader_2_8.csv
1838,0,0,0,Reader_2_9.csv
1838,5,5,0,reader_3_1.csv
1838,12,5,7,Reader_3_2.csv
1838,3,2,1,Reader_3_3.csv
1838,3,2,1,Reader_3_4.csv
1838,1,1,0,Reader_3_5.csv
1838,5,5,0,Reader_3_6.csv
1838,7,6,1,Reader_3_7.csv
1839,2,1,1,Reader_1_1.csv
1839,0,0,0,Reader_1_10.csv
1839,6,6,0,Reader_1_11.csv
1839,0,0,0,Reader_1_12.csv
1839,0,0,0,Reader_1_2.csv
1839,0,0,0,Reader_1_3.csv
1839,2,2,0,Reader_1_4.csv
1839,0,0,0,Reader_1_5.csv
1839,0,0,0,Reader_1_6.csv
1839,1,1,0,Reader_1_7.csv
1839,0,0,0,Reader_1_8.csv
1839,3,3,0,Reader_1_9.csv
1839,6,5,1,Reader_2_1.csv
1839,0,0,0,Reader_2_10.csv
1839,3,1,2,Reader_2_11.csv
1839,2,2,0,Reader_2_12.csv
1839,1,1,0,Reader_2_2.csv
1839,0,0,0,Reader_2_3.csv
1839,2,2,0,Reader_2_4.csv
1839,0,0,0,Reader_2_5.csv
1839,0,0,0,Reader_2_6.csv
1839,0,0,0,Reader_2_7.csv
1839,0,0,0,Reader_2_8.csv
1839,0,0,0,Reader_2_9.csv
1839,5,5,0,reader_3_1.csv
1839,11,4,7,Reader_3_2.csv
1839,3,2,1,Reader_3_3.csv
1839,3,2,1,Reader_3_4.csv
1839,2,2,0,Reader_3_5.csv
1839,4,4,0,Reader_3_6.csv
1839,8,7,1,Reader_3_7.csv
1840,2,1,1,Reader_1_1.csv
1840,0,0,0,Reader_1_10.csv
1840,4,4,0,Reader_1_11.csv
1840,0,0,0,Reader_1_12.csv
1840,0,0,0,Reader_1_2.csv
1840,0,0,0,Reader_1_3.csv
1840,1,1,0,Reader_1_4.csv
1840,0,0,0,Reader_1_5.csv
1840,0,0,0,Reader_1_6.csv
1840,0,0,0,Reader_1_7.csv
1840,0,0,0,Reader_1_8.csv
1840,2,2,0,Reader_1_9.csv
1840,5,4,1,Reader_2_1.csv
1840,0,0,0,Reader_2_10.csv
1840,3,1,2,Reader_2_11.csv
1840,3,3,0,Reader_2_12.csv
1840,1,1,0,Reader_2_2.csv
1840,0,0,0,Reader_2_3.csv
1840,2,2,0,Reader_2_4.csv
1840,0,0,0,Reader_2_5.csv
1840,0,0,0,Reader_2_6.csv
1840,0,0,0,Reader_2_7.csv
1840,0,0,0,Reader_2_8.csv
1840,0,0,0,Reader_2_9.csv
1840,6,5,1,reader_3_1.csv
1840,11,4,7,Reader_3_2.csv
1840,2,1,1,Reader_3_3.csv
1840,2,1,1,Reader_3_4.csv
1840,3,3,0,Reader_3_5.csv
1840,4,4,0,Reader_3_6.csv
1840,8,7,1,Reader_3_7.csv
1841,2,1,1,Reader_1_1.csv
1841,0,0,0,Reader_1_10.csv
1841,2,2,0,Reader_1_11.csv
1841,0,0,0,Reader_1_12.csv
1841,0,0,0,Reader_1_2.csv
1841,1,1,0,Reader_1_3.csv
1841,1,1,0,Reader_1_4.csv
1841,0,0,0,Reader_1_5.csv
1841,0,0,0,Reader_1_6.csv
1841,0,0,0,Reader_1_7.csv
1841,0,0,0,Reader_1_8.csv
1841,2,2,0,Reader_1_9.csv
1841,4,3,1,Reader_2_1.csv
1841,0,0,0,Reader_2_10.csv
1841,1,1,0,Reader_2_11.csv
1841,2,2,0,Reader_2_12.csv
1841,1,1,0,Reader_2_2.csv
1841,1,1,0,Reader_2_3.csv
1841,2,2,0,Reader_2_4.csv
1841,0,0,0,Reader_2_5.csv
1841,0,0,0,Reader_2_6.csv
1841,0,0,0,Reader_2_7.csv
1841,0,0,0,Reader_2_8.csv
1841,0,0,0,Reader_2_9.csv
1841,6,4,2,reader_3_1.csv
1841,11,3,8,Reader_3_2.csv
1841,3,2,1,Reader_3_3.csv
1841,3,2,1,Reader_3_4.csv
1841,2,2,0,Reader_3_5.csv
1841,3,3,0,Reader_3_6.csv
1841,7,5,2,Reader_3_7.csv
1842,3,2,1,Reader_1_1.csv
1842,0,0,0,Reader_1_10.csv
1842,1,1,0,Reader_1_11.csv
1842,0,0,0,Reader_1_12.csv
1842,1,0,1,Reader_1_2.csv
1842,1,1,0,Reader_1_3.csv
1842,1,1,0,Reader_1_4.csv
1842,0,0,0,Reader_1_5.csv
1842,0,0,0,Reader_1_6.csv
1842,0,0,0,Reader_1_7.csv
1842,0,0,0,Reader_1_8.csv
1842,2,2,0,Reader_1_9.csv
1842,3,2,1,Reader_2_1.csv
1842,0,0,0,Reader_2_10.csv
1842,1,1,0,Reader_2_11.csv
1842,2,2,0,Reader_2_12.csv
1842,1,1,0,Reader_2_2.csv
1842,1,1,0,Reader_2_3.csv
1842,2,2,0,Reader_2_4.csv
1842,0,0,0,Reader_2_5.csv
1842,0,0,0,Reader_2_6.csv
1842,0,0,0,Reader_2_7.csv
1842,0,0,0,Reader_2_8.csv
1842,0,0,0,Reader_2_9.csv
1842,6,4,2,reader_3_1.csv
1842,9,3,6,Reader_3_2.csv
1842,3,2,1,Reader_3_3.csv
1842,3,2,1,Reader_3_4.csv
1842,2,2,0,Reader_3_5.csv
1842,2,2,0,Reader_3_6.csv
1842,8,6,2,Reader_3_7.csv
1843,4,3,1,Reader_1_1.csv
1843,0,0,0,Reader_1_10.csv
1843,2,2,0,Reader_1_11.csv
1843,0,0,0,Reader_1_12.csv
1843,1,0,1,Reader_1_2.csv
1843,1,1,0,Reader_1_3.csv
1843,1,1,0,Reader_1_4.csv
1843,0,0,0,Reader_1_5.csv
1843,0,0,0,Reader_1_6.csv
1843,0,0,0,Reader_1_7.csv
1843,0,0,0,Reader_1_8.csv
1843,2,2,0,Reader_1_9.csv
1843,3,2,1,Reader_2_1.csv
1843,0,0,0,Reader_2_10.csv
1843,0,0,0,Reader_2_11.csv
1843,2,2,0,Reader_2_12.csv
1843,1,1,0,Reader_2_2.csv
1843,1,1,0,Reader_2_3.csv
1843,3,3,0,Reader_2_4.csv
1843,0,0,0,Reader_2_5.csv
1843,0,0,0,Reader_2_6.csv
1843,0,0,0,Reader_2_7.csv
1843,0,0,0,Reader_2_8.csv
1843,0,0,0,Reader_2_9.csv
1843,5,3,2,reader_3_1.csv
1843,8,3,5,Reader_3_2.csv
1843,3,2,1,Reader_3_3.csv
1843,3,2,1,Reader_3_4.csv
1843,2,2,0,Reader_3_5.csv
1843,3,3,0,Reader_3_6.csv
1843,8,6,2,Reader_3_7.csv
1844,4,3,1,Reader_1_1.csv
1844,0,0,0,Reader_1_10.csv
1844,2,2,0,Reader_1_11.csv
1844,0,0,0,Reader_1_12.csv
1844,1,0,1,Reader_1_2.csv
1844,1,1,0,Reader_1_3.csv
1844,1,1,0,Reader_1_4.csv
1844,0,0,0,Reader_1_5.csv
1844,0,0,0,Reader_1_6.csv
1844,0,0,0,Reader_1_7.csv
1844,0,0,0,Reader_1_8.csv
1844,2,2,0,Reader_1_9.csv
1844,3,2,1,Reader_2_1.csv
1844,0,0,0,Reader_2_10.csv
1844,0,0,0,Reader_2_11.csv
1844,3,3,0,Reader_2_12.csv
1844,2,1,1,Reader_2_2.csv
1844,1,1,0,Reader_2_3.csv
1844,3,3,0,Reader_2_4.csv
1844,0,0,0,Reader_2_5.csv
1844,0,0,0,Reader_2_6.csv
1844,0,0,0,Reader_2_7.csv
1844,0,0,0,Reader_2_8.csv
1844,0,0,0,Reader_2_9.csv
1844,6,3,3,reader_3_1.csv
1844,6,2,4,Reader_3_2.csv
1844,4,2,2,Reader_3_3.csv
1844,4,2,2,Reader_3_4.csv
1844,2,2,0,Reader_3_5.csv
1844,2,2,0,Reader_3_6.csv
1844,8,6,2,Reader_3_7.csv
1845,4,3,1,Reader_1_1.csv
1845,0,0,0,Reader_1_10.csv
1845,2,2,0,Reader_1_11.csv
1845,0,0,0,Reader_1_12.csv
1845,1,0,1,Reader_1_2.csv
1845,1,1,0,Reader_1_3.csv
1845,1,1,0,Reader_1_4.csv
1845,0,0,0,Reader_1_5.csv
1845,0,0,0,Reader_1_6.csv
1845,0,0,0,Reader_1_7.csv
1845,0,0,0,Reader_1_8.csv
1845,0,0,0,Reader_1_9.csv
1845,4,3,1,Reader_2_1.csv
1845,0,0,0,Reader_2_10.csv
1845,0,0,0,Reader_2_11.csv
1845,2,2,0,Reader_2_12.csv
1845,2,1,1,Reader_2_2.csv
1845,1,1,0,Reader_2_3.csv
1845,2,2,0,Reader_2_4.csv
1845,0,0,0,Reader_2_5.csv
1845,0,0,0,Reader_2_6.csv
1845,0,0,0,Reader_2_7.csv
1845,0,0,0,Reader_2_8.csv
1845,0,0,0,Reader_2_9.csv
1845,7,4,3,reader_3_1.csv
1845,4,1,3,Reader_3_2.csv
1845,3,2,1,Reader_3_3.csv
1845,3,2,1,Reader_3_4.csv
1845,2,2,0,Reader_3_5.csv
1845,2,2,0,Reader_3_6.csv
1845,7,5,2,Reader_3_7.csv
1846,4,3,1,Reader_1_1.csv
1846,0,0,0,Reader_1_10.csv
1846,1,1,0,Reader_1_11.csv
1846,0,0,0,Reader_1_12.csv
1846,1,0,1,Reader_1_2.csv
1846,1,1,0,Reader_1_3.csv
1846,0,0,0,Reader_1_4.csv
1846,1,1,0,Reader_1_5.csv
1846,0,0,0,Reader_1_6.csv
1846,0,0,0,Reader_1_7.csv
1846,0,0,0,Reader_1_8.csv
1846,0,0,0,Reader_1_9.csv
1846,4,3,1,Reader_2_1.csv
1846,0,0,0,Reader_2_10.csv
1846,0,0,0,Reader_2_11.csv
1846,3,3,0,Reader_2_12.csv
1846,2,1,1,Reader_2_2.csv
1846,1,1,0,Reader_2_3.csv
1846,2,2,0,Reader_2_4.csv
1846,0,0,0,Reader_2_5.csv
1846,0,0,0,Reader_2_6.csv
1846,0,0,0,Reader_2_7.csv
1846,0,0,0,Reader_2_8.csv
1846,0,0,0,Reader_2_9.csv
1846,7,4,3,reader_3_1.csv
1846,4,2,2,Reader_3_2.csv
1846,3,1,2,Reader_3_3.csv
1846,3,1,2,Reader_3_4.csv
1846,2,2,0,Reader_3_5.csv
1846,2,2,0,Reader_3_6.csv
1846,5,4,1,Reader_3_7.csv
1847,4,4,0,Reader_1_1.csv
1847,0,0,0,Reader_1_10.csv
1847,1,1,0,Reader_1_11.csv
1847,0,0,0,Reader_1_12.csv
1847,1,0,1,Reader_1_2.csv
1847,1,1,0,Reader_1_3.csv
1847,0,0,0,Reader_1_4.csv
1847,1,1,0,Reader_1_5.csv
1847,0,0,0,Reader_1_6.csv
1847,0,0,0,Reader_1_7.csv
1847,0,0,0,Reader_1_8.csv
1847,0,0,0,Reader_1_9.csv
1847,2,2,0,Reader_2_1.csv
1847,0,0,0,Reader_2_10.csv
1847,0,0,0,Reader_2_11.csv
1847,3,3,0,Reader_2_12.csv
1847,1,0,1,Reader_2_2.csv
1847,1,1,0,Reader_2_3.csv
1847,2,2,0,Reader_2_4.csv
1847,0,0,0,Reader_2_5.csv
1847,0,0,0,Reader_2_6.csv
1847,0,0,0,Reader_2_7.csv
1847,0,0,0,Reader_2_8.csv
1847,0,0,0,Reader_2_9.csv
1847,8,4,4,reader_3_1.csv
1847,5,3,2,Reader_3_2.csv
1847,3,1,2,Reader_3_3.csv
1847,3,1,2,Reader_3_4.csv
1847,1,1,0,Reader_3_5.csv
1847,3,3,0,Reader_3_6.csv
1847,4,3,1,Reader_3_7.csv
1848,4,4,0,Reader_1_1.csv
1848,0,0,0,Reader_1_10.csv
1848,1,1,0,Reader_1_11.csv
1848,0,0,0,Reader_1_12.csv
1848,1,0,1,Reader_1_2.csv
1848,2,2,0,Reader_1_3.csv
1848,0,0,0,Reader_1_4.csv
1848,1,1,0,Reader_1_5.csv
1848,0,0,0,Reader_1_6.csv
1848,0,0,0,Reader_1_7.csv
1848,0,0,0,Reader_1_8.csv
1848,0,0,0,Reader_1_9.csv
1848,2,2,0,Reader_2_1.csv
1848,0,0,0,Reader_2_10.csv
1848,0,0,0,Reader_2_11.csv
1848,3,3,0,Reader_2_12.csv
1848,1,0,1,Reader_2_2.csv
1848,1,1,0,Reader_2_3.csv
1848,2,2,0,Reader_2_4.csv
1848,0,0,0,Reader_2_5.csv
1848,0,0,0,Reader_2_6.csv
1848,0,0,0,Reader_2_7.csv
1848,0,0,0,Reader_2_8.csv
1848,0,0,0,Reader_2_9.csv
1848,7,4,3,reader_3_1.csv
1848,4,2,2,Reader_3_2.csv
1848,3,1,2,Reader_3_3.csv
1848,3,1,2,Reader_3_4.csv
1848,0,0,0,Reader_3_5.csv
1848,2,2,0,Reader_3_6.csv
1848,5,3,2,Reader_3_7.csv
1849,5,5,0,Reader_1_1.csv
1849,1,1,0,Reader_1_10.csv
1849,1,1,0,Reader_1_11.csv
1849,0,0,0,Reader_1_12.csv
1849,1,0,1,Reader_1_2.csv
1849,1,1,0,Reader_1_3.csv
1849,0,0,0,Reader_1_4.csv
1849,1,1,0,Reader_1_5.csv
1849,0,0,0,Reader_1_6.csv
1849,0,0,0,Reader_1_7.csv
1849,0,0,0,Reader_1_8.csv
1849,0,0,0,Reader_1_9.csv
1849,2,2,0,Reader_2_1.csv
1849,0,0,0,Reader_2_10.csv
1849,0,0,0,Reader_2_11.csv
1849,3,3,0,Reader_2_12.csv
1849,2,1,1,Reader_2_2.csv
1849,0,0,0,Reader_2_3.csv
1849,2,2,0,Reader_2_4.csv
1849,0,0,0,Reader_2_5.csv
1849,0,0,0,Reader_2_6.csv
1849,0,0,0,Reader_2_7.csv
1849,0,0,0,Reader_2_8.csv
1849,0,0,0,Reader_2_9.csv
1849,7,5,2,reader_3_1.csv
1849,2,2,0,Reader_3_2.csv
1849,3,1,2,Reader_3_3.csv
1849,3,1,2,Reader_3_4.csv
1849,0,0,0,Reader_3_5.csv
1849,2,2,0,Reader_3_6.csv
1849,4,3,1,Reader_3_7.csv
1850,7,6,1,Reader_1_1.csv
1850,1,1,0,Reader_1_10.csv
1850,2,2,0,Reader_1_11.csv
1850,0,0,0,Reader_1_12.csv
1850,1,0,1,Reader_1_2.csv
1850,1,1,0,Reader_1_3.csv
1850,0,0,0,Reader_1_4.csv
1850,2,1,1,Reader_1_5.csv
1850,1,0,1,Reader_1_6.csv
1850,0,0,0,Reader_1_7.csv
1850,0,0,0,Reader_1_8.csv
1850,0,0,0,Reader_1_9.csv
1850,2,2,0,Reader_2_1.csv
1850,0,0,0,Reader_2_10.csv
1850,0,0,0,Reader_2_11.csv
1850,3,3,0,Reader_2_12.csv
1850,2,1,1,Reader_2_2.csv
1850,0,0,0,Reader_2_3.csv
1850,2,2,0,Reader_2_4.csv
1850,0,0,0,Reader_2_5.csv
1850,0,0,0,Reader_2_6.csv
1850,1,0,1,Reader_2_7.csv
1850,0,0,0,Reader_2_8.csv
1850,0,0,0,Reader_2_9.csv
1850,7,5,2,reader_3_1.csv
1850,2,2,0,Reader_3_2.csv
1850,4,2,2,Reader_3_3.csv
1850,4,2,2,Reader_3_4.csv
1850,0,0,0,Reader_3_5.csv
1850,2,2,0,Reader_3_6.csv
1850,3,2,1,Reader_3_7.csv
1851,7,6,1,Reader_1_1.csv
1851,1,1,0,Reader_1_10.csv
1851,1,1,0,Reader_1_11.csv
1851,0,0,0,Reader_1_12.csv
1851,1,0,1,Reader_1_2.csv
1851,1,1,0,Reader_1_3.csv
1851,0,0,0,Reader_1_4.csv
1851,3,2,1,Reader_1_5.csv
1851,1,0,1,Reader_1_6.csv
1851,0,0,0,Reader_1_7.csv
1851,0,0,0,Reader_1_8.csv
1851,0,0,0,Reader_1_9.csv
1851,2,1,1,Reader_2_1.csv
1851,0,0,0,Reader_2_10.csv
1851,0,0,0,Reader_2_11.csv
1851,3,3,0,Reader_2_12.csv
1851,2,1,1,Reader_2_2.csv
1851,0,0,0,Reader_2_3.csv
1851,1,1,0,Reader_2_4.csv
1851,0,0,0,Reader_2_5.csv
1851,0,0,0,Reader_2_6.csv
1851,1,0,1,Reader_2_7.csv
1851,0,0,0,Reader_2_8.csv
1851,0,0,0,Reader_2_9.csv
1851,6,4,2,reader_3_1.csv
1851,2,2,0,Reader_3_2.csv
1851,4,2,2,Reader_3_3.csv
1851,4,2,2,Reader_3_4.csv
1851,0,0,0,Reader_3_5.csv
1851,1,1,0,Reader_3_6.csv
1851,3,2,1,Reader_3_7.csv
1852,8,6,2,Reader_1_1.csv
1852,1,1,0,Reader_1_10.csv
1852,1,1,0,Reader_1_11.csv
1852,0,0,0,Reader_1_12.csv
1852,1,0,1,Reader_1_2.csv
1852,1,1,0,Reader_1_3.csv
1852,0,0,0,Reader_1_4.csv
1852,3,2,1,Reader_1_5.csv
1852,1,0,1,Reader_1_6.csv
1852,0,0,0,Reader_1_7.csv
1852,0,0,0,Reader_1_8.csv
1852,0,0,0,Reader_1_9.csv
1852,2,1,1,Reader_2_1.csv
1852,0,0,0,Reader_2_10.csv
1852,0,0,0,Reader_2_11.csv
1852,2,2,0,Reader_2_12.csv
1852,1,1,0,Reader_2_2.csv
1852,0,0,0,Reader_2_3.csv
1852,1,1,0,Reader_2_4.csv
1852,0,0,0,Reader_2_5.csv
1852,0,0,0,Reader_2_6.csv
1852,1,0,1,Reader_2_7.csv
1852,0,0,0,Reader_2_8.csv
1852,0,0,0,Reader_2_9.csv
1852,5,4,1,reader_3_1.csv
1852,2,2,0,Reader_3_2.csv
1852,4,2,2,Reader_3_3.csv
1852,4,2,2,Reader_3_4.csv
1852,0,0,0,Reader_3_5.csv
1852,2,2,0,Reader_3_6.csv
1852,2,1,1,Reader_3_7.csv
1853,8,6,2,Reader_1_1.csv
1853,1,1,0,Reader_1_10.csv
1853,1,1,0,Reader_1_11.csv
1853,0,0,0,Reader_1_12.csv
1853,1,0,1,Reader_1_2.csv
1853,1,1,0,Reader_1_3.csv
1853,0,0,0,Reader_1_4.csv
1853,4,3,1,Reader_1_5.csv
1853,1,0,1,Reader_1_6.csv
1853,0,0,0,Reader_1_7.csv
1853,0,0,0,Reader_1_8.csv
1853,0,0,0,Reader_1_9.csv
1853,1,0,1,Reader_2_1.csv
1853,0,0,0,Reader_2_10.csv
1853,0,0,0,Reader_2_11.csv
1853,2,2,0,Reader_2_12.csv
1853,2,2,0,Reader_2_2.csv
1853,0,0,0,Reader_2_3.csv
1853,1,1,0,Reader_2_4.csv
1853,0,0,0,Reader_2_5.csv
1853,0,0,0,Reader_2_6.csv
1853,1,0,1,Reader_2_7.csv
1853,0,0,0,Reader_2_8.csv
1853,0,0,0,Reader_2_9.csv
1853,5,4,1,reader_3_1.csv
1853,2,2,0,Reader_3_2.csv
1853,5,3,2,Reader_3_3.csv
1853,5,3,2,Reader_3_4.csv
1853,1,1,0,Reader_3_5.csv
1853,2,2,0,Reader_3_6.csv
1853,3,2,1,Reader_3_7.csv
1854,8,6,2,Reader_1_1.csv
1854,1,1,0,Reader_1_10.csv
1854,1,1,0,Reader_1_11.csv
1854,0,0,0,Reader_1_12.csv
1854,1,0,1,Reader_1_2.csv
1854,1,1,0,Reader_1_3.csv
1854,0,0,0,Reader_1_4.csv
1854,3,2,1,Reader_1_5.csv
1854,1,0,1,Reader_1_6.csv
1854,0,0,0,Reader_1_7.csv
1854,0,0,0,Reader_1_8.csv
1854,0,0,0,Reader_1_9.csv
1854,1,0,1,Reader_2_1.csv
1854,0,0,0,Reader_2_10.csv
1854,0,0,0,Reader_2_11.csv
1854,1,1,0,Reader_2_12.csv
1854,2,2,0,Reader_2_2.csv
1854,0,0,0,Reader_2_3.csv
1854,1,1,0,Reader_2_4.csv
1854,0,0,0,Reader_2_5.csv
1854,0,0,0,Reader_2_6.csv
1854,1,0,1,Reader_2_7.csv
1854,0,0,0,Reader_2_8.csv
1854,0,0,0,Reader_2_9.csv
1854,5,4,1,reader_3_1.csv
1854,1,1,0,Reader_3_2.csv
1854,6,3,3,Reader_3_3.csv
1854,6,3,3,Reader_3_4.csv
1854,1,1,0,Reader_3_5.csv
1854,2,2,0,Reader_3_6.csv
1854,2,1,1,Reader_3_7.csv
1855,7,5,2,Reader_1_1.csv
1855,1,1,0,Reader_1_10.csv
1855,1,1,0,Reader_1_11.csv
1855,0,0,0,Reader_1_12.csv
1855,1,0,1,Reader_1_2.csv
1855,1,1,0,Reader_1_3.csv
1855,0,0,0,Reader_1_4.csv
1855,3,2,1,Reader_1_5.csv
1855,1,0,1,Reader_1_6.csv
1855,0,0,0,Reader_1_7.csv
1855,0,0,0,Reader_1_8.csv
1855,0,0,0,Reader_1_9.csv
1855,2,1,1,Reader_2_1.csv
1855,1,1,0,Reader_2_10.csv
1855,0,0,0,Reader_2_11.csv
1855,1,1,0,Reader_2_12.csv
1855,2,2,0,Reader_2_2.csv
1855,0,0,0,Reader_2_3.csv
1855,0,0,0,Reader_2_4.csv
1855,0,0,0,Reader_2_5.csv
1855,0,0,0,Reader_2_6.csv
1855,1,0,1,Reader_2_7.csv
1855,0,0,0,Reader_2_8.csv
1855,0,0,0,Reader_2_9.csv
1855,4,4,0,reader_3_1.csv
1855,0,0,0,Reader_3_2.csv
1855,6,3,3,Reader_3_3.csv
1855,6,3,3,Reader_3_4.csv
1855,2,1,1,Reader_3_5.csv
1855,2,2,0,Reader_3_6.csv
1855,2,1,1,Reader_3_7.csv
1856,9,5,4,Reader_1_1.csv
1856,1,1,0,Reader_1_10.csv
1856,1,1,0,Reader_1_11.csv
1856,0,0,0,Reader_1_12.csv
1856,1,0,1,Reader_1_2.csv
1856,1,1,0,Reader_1_3.csv
1856,0,0,0,Reader_1_4.csv
1856,4,3,1,Reader_1_5.csv
1856,1,0,1,Reader_1_6.csv
1856,0,0,0,Reader_1_7.csv
1856,0,0,0,Reader_1_8.csv
1856,0,0,0,Reader_1_9.csv
1856,2,1,1,Reader_2_1.csv
1856,1,1,0,Reader_2_10.csv
1856,0,0,0,Reader_2_11.csv
1856,0,0,0,Reader_2_12.csv
1856,2,2,0,Reader_2_2.csv
1856,0,0,0,Reader_2_3.csv
1856,0,0,0,Reader_2_4.csv
1856,0,0,0,Reader_2_5.csv
1856,0,0,0,Reader_2_6.csv
1856,1,0,1,Reader_2_7.csv
1856,0,0,0,Reader_2_8.csv
1856,0,0,0,Reader_2_9.csv
1856,5,3,2,reader_3_1.csv
1856,0,0,0,Reader_3_2.csv
1856,6,3,3,Reader_3_3.csv
1856,6,3,3,Reader_3_4.csv
1856,2,1,1,Reader_3_5.csv
1856,2,2,0,Reader_3_6.csv
1856,1,1,0,Reader_3_7.csv
1857,9,5,4,Reader_1_1.csv
1857,0,0,0,Reader_1_10.csv
1857,1,1,0,Reader_1_11.csv
1857,0,0,0,Reader_1_12.csv
1857,2,1,1,Reader_1_2.csv
1857,2,2,0,Reader_1_3.csv
1857,0,0,0,Reader_1_4.csv
1857,4,3,1,Reader_1_5.csv
1857,1,0,1,Reader_1_6.csv
1857,0,0,0,Reader_1_7.csv
1857,1,1,0,Reader_1_8.csv
1857,0,0,0,Reader_1_9.csv
1857,2,1,1,Reader_2_1.csv
1857,1,1,0,Reader_2_10.csv
1857,0,0,0,Reader_2_11.csv
1857,0,0,0,Reader_2_12.csv
1857,2,2,0,Reader_2_2.csv
1857,0,0,0,Reader_2_3.csv
1857,0,0,0,Reader_2_4.csv
1857,1,1,0,Reader_2_5.csv
1857,0,0,0,Reader_2_6.csv
1857,1,0,1,Reader_2_7.csv
1857,0,0,0,Reader_2_8.csv
1857,0,0,0,Reader_2_9.csv
1857,4,2,2,reader_3_1.csv
1857,0,0,0,Reader_3_2.csv
1857,7,4,3,Reader_3_3.csv
1857,7,4,3,Reader_3_4.csv
1857,2,1,1,Reader_3_5.csv
1857,2,2,0,Reader_3_6.csv
1857,1,1,0,Reader_3_7.csv
1858,6,3,3,Reader_1_1.csv
1858,0,0,0,Reader_1_10.csv
1858,0,0,0,Reader_1_11.csv
1858,0,0,0,Reader_1_12.csv
1858,1,1,0,Reader_1_2.csv
1858,2,2,0,Reader_1_3.csv
1858,0,0,0,Reader_1_4.csv
1858,3,3,0,Reader_1_5.csv
1858,0,0,0,Reader_1_6.csv
1858,0,0,0,Reader_1_7.csv
1858,3,3,0,Reader_1_8.csv
1858,0,0,0,Reader_1_9.csv
1858,6,4,2,Reader_2_1.csv
1858,1,1,0,Reader_2_10.csv
1858,0,0,0,Reader_2_11.csv
1858,0,0,0,Reader_2_12.csv
1858,2,2,0,Reader_2_2.csv
1858,0,0,0,Reader_2_3.csv
1858,0,0,0,Reader_2_4.csv
1858,1,1,0,Reader_2_5.csv
1858,0,0,0,Reader_2_6.csv
1858,0,0,0,Reader_2_7.csv
1858,0,0,0,Reader_2_8.csv
1858,0,0,0,Reader_2_9.csv
1858,4,2,2,reader_3_1.csv
1858,1,1,0,Reader_3_2.csv
1858,6,3,3,Reader_3_3.csv
1858,6,3,3,Reader_3_4.csv
1858,2,1,1,Reader_3_5.csv
1858,3,3,0,Reader_3_6.csv
1858,1,1,0,Reader_3_7.csv
1859,5,2,3,Reader_1_1.csv
1859,0,0,0,Reader_1_10.csv
1859,0,0,0,Reader_1_11.csv
1859,0,0,0,Reader_1_12.csv
1859,1,1,0,Reader_1_2.csv
1859,3,3,0,Reader_1_3.csv
1859,0,0,0,Reader_1_4.csv
1859,2,2,0,Reader_1_5.csv
1859,0,0,0,Reader_1_6.csv
1859,0,0,0,Reader_1_7.csv
1859,3,3,0,Reader_1_8.csv
1859,0,0,0,Reader_1_9.csv
1859,5,4,1,Reader_2_1.csv
1859,1,1,0,Reader_2_10.csv
1859,0,0,0,Reader_2_11.csv
1859,0,0,0,Reader_2_12.csv
1859,2,2,0,Reader_2_2.csv
1859,0,0,0,Reader_2_3.csv
1859,0,0,0,Reader_2_4.csv
1859,1,1,0,Reader_2_5.csv
1859,0,0,0,Reader_2_6.csv
1859,0,0,0,Reader_2_7.csv
1859,0,0,0,Reader_2_8.csv
1859,0,0,0,Reader_2_9.csv
1859,6,4,2,reader_3_1.csv
1859,1,1,0,Reader_3_2.csv
1859,7,3,4,Reader_3_3.csv
1859,7,3,4,Reader_3_4.csv
1859,2,1,1,Reader_3_5.csv
1859,4,4,0,Reader_3_6.csv
1859,1,1,0,Reader_3_7.csv
1860,5,3,2,Reader_1_1.csv
1860,0,0,0,Reader_1_10.csv
1860,0,0,0,Reader_1_11.csv
1860,0,0,0,Reader_1_12.csv
1860,1,1,0,Reader_1_2.csv
1860,5,4,1,Reader_1_3.csv
1860,1,0,1,Reader_1_4.csv
1860,2,2,0,Reader_1_5.csv
1860,1,0,1,Reader_1_6.csv
1860,0,0,0,Reader_1_7.csv
1860,3,3,0,Reader_1_8.csv
1860,0,0,0,Reader_1_9.csv
1860,5,4,1,Reader_2_1.csv
1860,1,1,0,Reader_2_10.csv
1860,0,0,0,Reader_2_11.csv
1860,0,0,0,Reader_2_12.csv
1860,3,3,0,Reader_2_2.csv
1860,0,0,0,Reader_2_3.csv
1860,0,0,0,Reader_2_4.csv
1860,1,1,0,Reader_2_5.csv
1860,0,0,0,Reader_2_6.csv
1860,0,0,0,Reader_2_7.csv
1860,0,0,0,Reader_2_8.csv
1860,0,0,0,Reader_2_9.csv
1860,5,3,2,reader_3_1.csv
1860,1,1,0,Reader_3_2.csv
1860,6,3,3,Reader_3_3.csv
1860,6,3,3,Reader_3_4.csv
1860,2,1,1,Reader_3_5.csv
1860,3,3,0,Reader_3_6.csv
1860,1,1,0,Reader_3_7.csv
1861,9,6,3,Reader_1_1.csv
1861,0,0,0,Reader_1_10.csv
1861,0,0,0,Reader_1_11.csv
1861,0,0,0,Reader_1_12.csv
1861,1,1,0,Reader_1_2.csv
1861,6,5,1,Reader_1_3.csv
1861,1,0,1,Reader_1_4.csv
1861,1,1,0,Reader_1_5.csv
1861,1,0,1,Reader_1_6.csv
1861,0,0,0,Reader_1_7.csv
1861,3,3,0,Reader_1_8.csv
1861,0,0,0,Reader_1_9.csv
1861,6,5,1,Reader_2_1.csv
1861,1,1,0,Reader_2_10.csv
1861,0,0,0,Reader_2_11.csv
1861,0,0,0,Reader_2_12.csv
1861,3,3,0,Reader_2_2.csv
1861,0,0,0,Reader_2_3.csv
1861,0,0,0,Reader_2_4.csv
1861,1,1,0,Reader_2_5.csv
1861,0,0,0,Reader_2_6.csv
1861,0,0,0,Reader_2_7.csv
1861,0,0,0,Reader_2_8.csv
1861,0,0,0,Reader_2_9.csv
1861,6,4,2,reader_3_1.csv
1861,1,1,0,Reader_3_2.csv
1861,5,2,3,Reader_3_3.csv
1861,5,2,3,Reader_3_4.csv
1861,1,0,1,Reader_3_5.csv
1861,5,5,0,Reader_3_6.csv
1861,0,0,0,Reader_3_7.csv
1862,10,7,3,Reader_1_1.csv
1862,0,0,0,Reader_1_10.csv
1862,1,1,0,Reader_1_11.csv
1862,0,0,0,Reader_1_12.csv
1862,1,1,0,Reader_1_2.csv
1862,6,5,1,Reader_1_3.csv
1862,1,0,1,Reader_1_4.csv
1862,1,1,0,Reader_1_5.csv
1862,1,0,1,Reader_1_6.csv
1862,1,1,0,Reader_1_7.csv
1862,3,3,0,Reader_1_8.csv
1862,0,0,0,Reader_1_9.csv
1862,6,5,1,Reader_2_1.csv
1862,1,1,0,Reader_2_10.csv
1862,0,0,0,Reader_2_11.csv
1862,0,0,0,Reader_2_12.csv
1862,3,3,0,Reader_2_2.csv
1862,0,0,0,Reader_2_3.csv
1862,0,0,0,Reader_2_4.csv
1862,1,1,0,Reader_2_5.csv
1862,0,0,0,Reader_2_6.csv
1862,0,0,0,Reader_2_7.csv
1862,0,0,0,Reader_2_8.csv
1862,0,0,0,Reader_2_9.csv
1862,7,5,2,reader_3_1.csv
1862,1,1,0,Reader_3_2.csv
1862,3,2,1,Reader_3_3.csv
1862,3,2,1,Reader_3_4.csv
1862,2,1,1,Reader_3_5.csv
1862,5,5,0,Reader_3_6.csv
1862,0,0,0,Reader_3_7.csv
1863,9,6,3,Reader_1_1.csv
1863,0,0,0,Reader_1_10.csv
1863,1,1,0,Reader_1_11.csv
1863,0,0,0,Reader_1_12.csv
1863,2,2,0,Reader_1_2.csv
1863,6,5,1,Reader_1_3.csv
1863,1,0,1,Reader_1_4.csv
1863,1,1,0,Reader_1_5.csv
1863,1,0,1,Reader_1_6.csv
1863,1,1,0,Reader_1_7.csv
1863,3,3,0,Reader_1_8.csv
1863,0,0,0,Reader_1_9.csv
1863,6,5,1,Reader_2_1.csv
1863,0,0,0,Reader_2_10.csv
1863,0,0,0,Reader_2_11.csv
1863,0,0,0,Reader_2_12.csv
1863,4,4,0,Reader_2_2.csv
1863,0,0,0,Reader_2_3.csv
1863,1,1,0,Reader_2_4.csv
1863,1,1,0,Reader_2_5.csv
1863,0,0,0,Reader_2_6.csv
1863,0,0,0,Reader_2_7.csv
1863,0,0,0,Reader_2_8.csv
1863,0,0,0,Reader_2_9.csv
1863,7,5,2,reader_3_1.csv
1863,1,1,0,Reader_3_2.csv
1863,3,2,1,Reader_3_3.csv
1863,3,2,1,Reader_3_4.csv
1863,2,2,0,Reader_3_5.csv
1863,5,4,1,Reader_3_6.csv
1863,0,0,0,Reader_3_7.csv
1864,8,6,2,Reader_1_1.csv
1864,0,0,0,Reader_1_10.csv
1864,2,2,0,Reader_1_11.csv
1864,0,0,0,Reader_1_12.csv
1864,2,2,0,Reader_1_2.csv
1864,5,4,1,Reader_1_3.csv
1864,1,0,1,Reader_1_4.csv
1864,0,0,0,Reader_1_5.csv
1864,1,0,1,Reader_1_6.csv
1864,1,1,0,Reader_1_7.csv
1864,3,3,0,Reader_1_8.csv
1864,0,0,0,Reader_1_9.csv
1864,6,5,1,Reader_2_1.csv
1864,0,0,0,Reader_2_10.csv
1864,0,0,0,Reader_2_11.csv
1864,0,0,0,Reader_2_12.csv
1864,4,4,0,Reader_2_2.csv
1864,0,0,0,Reader_2_3.csv
1864,1,1,0,Reader_2_4.csv
1864,1,1,0,Reader_2_5.csv
1864,0,0,0,Reader_2_6.csv
1864,0,0,0,Reader_2_7.csv
1864,0,0,0,Reader_2_8.csv
1864,0,0,0,Reader_2_9.csv
1864,7,7,0,reader_3_1.csv
1864,1,1,0,Reader_3_2.csv
1864,3,2,1,Reader_3_3.csv
1864,3,2,1,Reader_3_4.csv
1864,2,2,0,Reader_3_5.csv
1864,5,4,1,Reader_3_6.csv
1864,0,0,0,Reader_3_7.csv
1865,8,5,3,Reader_1_1.csv
1865,0,0,0,Reader_1_10.csv
1865,2,2,0,Reader_1_11.csv
1865,0,0,0,Reader_1_12.csv
1865,1,1,0,Reader_1_2.csv
1865,6,5,1,Reader_1_3.csv
1865,1,0,1,Reader_1_4.csv
1865,0,0,0,Reader_1_5.csv
1865,2,1,1,Reader_1_6.csv
1865,1,1,0,Reader_1_7.csv
1865,2,2,0,Reader_1_8.csv
1865,0,0,0,Reader_1_9.csv
1865,6,5,1,Reader_2_1.csv
1865,0,0,0,Reader_2_10.csv
1865,0,0,0,Reader_2_11.csv
1865,1,1,0,Reader_2_12.csv
1865,3,3,0,Reader_2_2.csv
1865,0,0,0,Reader_2_3.csv
1865,1,1,0,Reader_2_4.csv
1865,0,0,0,Reader_2_5.csv
1865,0,0,0,Reader_2_6.csv
1865,0,0,0,Reader_2_7.csv
1865,0,0,0,Reader_2_8.csv
1865,0,0,0,Reader_2_9.csv
1865,7,7,0,reader_3_1.csv
1865,1,1,0,Reader_3_2.csv
1865,2,0,2,Reader_3_3.csv
1865,2,0,2,Reader_3_4.csv
1865,2,2,0,Reader_3_5.csv
1865,5,4,1,Reader_3_6.csv
1865,0,0,0,Reader_3_7.csv
1866,11,7,4,Reader_1_1.csv
1866,0,0,0,Reader_1_10.csv
1866,2,2,0,Reader_1_11.csv
1866,0,0,0,Reader_1_12.csv
1866,1,1,0,Reader_1_2.csv
1866,8,6,2,Reader_1_3.csv
1866,1,0,1,Reader_1_4.csv
1866,0,0,0,Reader_1_5.csv
1866,2,1,1,Reader_1_6.csv
1866,1,1,0,Reader_1_7.csv
1866,0,0,0,Reader_1_8.csv
1866,0,0,0,Reader_1_9.csv
1866,2,2,0,Reader_2_1.csv
1866,0,0,0,Reader_2_10.csv
1866,0,0,0,Reader_2_11.csv
1866,1,1,0,Reader_2_12.csv
1866,3,3,0,Reader_2_2.csv
1866,0,0,0,Reader_2_3.csv
1866,1,1,0,Reader_2_4.csv
1866,0,0,0,Reader_2_5.csv
1866,0,0,0,Reader_2_6.csv
1866,1,1,0,Reader_2_7.csv
1866,0,0,0,Reader_2_8.csv
1866,0,0,0,Reader_2_9.csv
1866,9,9,0,reader_3_1.csv
1866,0,0,0,Reader_3_2.csv
1866,3,1,2,Reader_3_3.csv
1866,3,1,2,Reader_3_4.csv
1866,2,2,0,Reader_3_5.csv
1866,4,3,1,Reader_3_6.csv
1866,0,0,0,Reader_3_7.csv
1867,13,9,4,Reader_1_1.csv
1867,0,0,0,Reader_1_10.csv
1867,2,2,0,Reader_1_11.csv
1867,0,0,0,Reader_1_12.csv
1867,2,2,0,Reader_1_2.csv
1867,7,5,2,Reader_1_3.csv
1867,1,0,1,Reader_1_4.csv
1867,0,0,0,Reader_1_5.csv
1867,2,1,1,Reader_1_6.csv
1867,1,1,0,Reader_1_7.csv
1867,0,0,0,Reader_1_8.csv
1867,0,0,0,Reader_1_9.csv
1867,3,3,0,Reader_2_1.csv
1867,0,0,0,Reader_2_10.csv
1867,0,0,0,Reader_2_11.csv
1867,1,1,0,Reader_2_12.csv
1867,4,4,0,Reader_2_2.csv
1867,0,0,0,Reader_2_3.csv
1867,1,1,0,Reader_2_4.csv
1867,0,0,0,Reader_2_5.csv
1867,0,0,0,Reader_2_6.csv
1867,1,1,0,Reader_2_7.csv
1867,0,0,0,Reader_2_8.csv
1867,0,0,0,Reader_2_9.csv
1867,7,7,0,reader_3_1.csv
1867,0,0,0,Reader_3_2.csv
1867,2,1,1,Reader_3_3.csv
1867,2,1,1,Reader_3_4.csv
1867,2,2,0,Reader_3_5.csv
1867,3,2,1,Reader_3_6.csv
1867,0,0,0,Reader_3_7.csv
1868,13,9,4,Reader_1_1.csv
1868,0,0,0,Reader_1_10.csv
1868,2,2,0,Reader_1_11.csv
1868,0,0,0,Reader_1_12.csv
1868,2,2,0,Reader_1_2.csv
1868,6,5,1,Reader_1_3.csv
1868,0,0,0,Reader_1_4.csv
1868,0,0,0,Reader_1_5.csv
1868,1,1,0,Reader_1_6.csv
1868,2,2,0,Reader_1_7.csv
1868,0,0,0,Reader_1_8.csv
1868,0,0,0,Reader_1_9.csv
1868,4,4,0,Reader_2_1.csv
1868,0,0,0,Reader_2_10.csv
1868,0,0,0,Reader_2_11.csv
1868,2,2,0,Reader_2_12.csv
1868,3,3,0,Reader_2_2.csv
1868,0,0,0,Reader_2_3.csv
1868,1,1,0,Reader_2_4.csv
1868,0,0,0,Reader_2_5.csv
1868,0,0,0,Reader_2_6.csv
1868,1,1,0,Reader_2_7.csv
1868,0,0,0,Reader_2_8.csv
1868,0,0,0,Reader_2_9.csv
1868,11,11,0,reader_3_1.csv
1868,0,0,0,Reader_3_2.csv
1868,2,1,1,Reader_3_3.csv
1868,2,1,1,Reader_3_4.csv
1868,4,3,1,Reader_3_5.csv
1868,3,2,1,Reader_3_6.csv
1868,0,0,0,Reader_3_7.csv
1869,10,6,4,Reader_1_1.csv
1869,0,0,0,Reader_1_10.csv
1869,2,2,0,Reader_1_11.csv
1869,0,0,0,Reader_1_12.csv
1869,2,2,0,Reader_1_2.csv
1869,6,5,1,Reader_1_3.csv
1869,0,0,0,Reader_1_4.csv
1869,1,1,0,Reader_1_5.csv
1869,2,1,1,Reader_1_6.csv
1869,2,2,0,Reader_1_7.csv
1869,1,1,0,Reader_1_8.csv
1869,0,0,0,Reader_1_9.csv
1869,3,3,0,Reader_2_1.csv
1869,0,0,0,Reader_2_10.csv
1869,0,0,0,Reader_2_11.csv
1869,2,2,0,Reader_2_12.csv
1869,2,2,0,Reader_2_2.csv
1869,0,0,0,Reader_2_3.csv
1869,1,1,0,Reader_2_4.csv
1869,0,0,0,Reader_2_5.csv
1869,0,0,0,Reader_2_6.csv
1869,1,1,0,Reader_2_7.csv
1869,0,0,0,Reader_2_8.csv
1869,0,0,0,Reader_2_9.csv
1869,10,10,0,reader_3_1.csv
1869,1,1,0,Reader_3_2.csv
1869,2,1,1,Reader_3_3.csv
1869,2,1,1,Reader_3_4.csv
1869,5,3,2,Reader_3_5.csv
1869,1,0,1,Reader_3_6.csv
1869,0,0,0,Reader_3_7.csv
1870,9,5,4,Reader_1_1.csv
1870,0,0,0,Reader_1_10.csv
1870,2,2,0,Reader_1_11.csv
1870,0,0,0,Reader_1_12.csv
1870,2,2,0,Reader_1_2.csv
1870,6,5,1,Reader_1_3.csv
1870,0,0,0,Reader_1_4.csv
1870,1,1,0,Reader_1_5.csv
1870,2,1,1,Reader_1_6.csv
1870,1,1,0,Reader_1_7.csv
1870,1,1,0,Reader_1_8.csv
1870,0,0,0,Reader_1_9.csv
1870,3,3,0,Reader_2_1.csv
1870,0,0,0,Reader_2_10.csv
1870,0,0,0,Reader_2_11.csv
1870,2,2,0,Reader_2_12.csv
1870,3,3,0,Reader_2_2.csv
1870,0,0,0,Reader_2_3.csv
1870,1,1,0,Reader_2_4.csv
1870,0,0,0,Reader_2_5.csv
1870,0,0,0,Reader_2_6.csv
1870,1,1,0,Reader_2_7.csv
1870,0,0,0,Reader_2_8.csv
1870,0,0,0,Reader_2_9.csv
1870,10,9,1,reader_3_1.csv
1870,1,1,0,Reader_3_2.csv
1870,3,1,2,Reader_3_3.csv
1870,3,1,2,Reader_3_4.csv
1870,4,2,2,Reader_3_5.csv
1870,1,0,1,Reader_3_6.csv
1870,0,0,0,Reader_3_7.csv
1871,13,8,5,Reader_1_1.csv
1871,0,0,0,Reader_1_10.csv
1871,2,2,0,Reader_1_11.csv
1871,0,0,0,Reader_1_12.csv
1871,1,1,0,Reader_1_2.csv
1871,6,5,1,Reader_1_3.csv
1871,0,0,0,Reader_1_4.csv
1871,1,1,0,Reader_1_5.csv
1871,2,1,1,Reader_1_6.csv
1871,1,1,0,Reader_1_7.csv
1871,1,1,0,Reader_1_8.csv
1871,0,0,0,Reader_1_9.csv
1871,2,2,0,Reader_2_1.csv
1871,0,0,0,Reader_2_10.csv
1871,0,0,0,Reader_2_11.csv
1871,2,2,0,Reader_2_12.csv
1871,2,2,0,Reader_2_2.csv
1871,1,1,0,Reader_2_3.csv
1871,0,0,0,Reader_2_4.csv
1871,0,0,0,Reader_2_5.csv
1871,0,0,0,Reader_2_6.csv
1871,1,1,0,Reader_2_7.csv
1871,0,0,0,Reader_2_8.csv
1871,0,0,0,Reader_2_9.csv
1871,11,10,1,reader_3_1.csv
1871,1,1,0,Reader_3_2.csv
1871,3,1,2,Reader_3_3.csv
1871,3,1,2,Reader_3_4.csv
1871,5,1,4,Reader_3_5.csv
1871,1,1,0,Reader_3_6.csv
1871,0,0,0,Reader_3_7.csv
1872,13,9,4,Reader_1_1.csv
1872,0,0,0,Reader_1_10.csv
1872,1,1,0,Reader_1_11.csv
1872,0,0,0,Reader_1_12.csv
1872,1,1,0,Reader_1_2.csv
1872,6,5,1,Reader_1_3.csv
1872,0,0,0,Reader_1_4.csv
1872,1,1,0,Reader_1_5.csv
1872,2,1,1,Reader_1_6.csv
1872,2,2,0,Reader_1_7.csv
1872,1,1,0,Reader_1_8.csv
1872,0,0,0,Reader_1_9.csv
1872,2,2,0,Reader_2_1.csv
1872,0,0,0,Reader_2_10.csv
1872,0,0,0,Reader_2_11.csv
1872,2,2,0,Reader_2_12.csv
1872,2,2,0,Reader_2_2.csv
1872,1,1,0,Reader_2_3.csv
1872,0,0,0,Reader_2_4.csv
1872,0,0,0,Reader_2_5.csv
1872,0,0,0,Reader_2_6.csv
1872,2,2,0,Reader_2_7.csv
1872,0,0,0,Reader_2_8.csv
1872,1,1,0,Reader_2_9.csv
1872,11,9,2,reader_3_1.csv
1872,2,2,0,Reader_3_2.csv
1872,3,1,2,Reader_3_3.csv
1872,3,1,2,Reader_3_4.csv
1872,6,2,4,Reader_3_5.csv
1872,2,1,1,Reader_3_6.csv
1872,0,0,0,Reader_3_7.csv
1873,13,9,4,Reader_1_1.csv
1873,0,0,0,Reader_1_10.csv
1873,1,1,0,Reader_1_11.csv
1873,0,0,0,Reader_1_12.csv
1873,1,1,0,Reader_1_2.csv
1873,5,3,2,Reader_1_3.csv
1873,0,0,0,Reader_1_4.csv
1873,1,1,0,Reader_1_5.csv
1873,1,0,1,Reader_1_6.csv
1873,2,2,0,Reader_1_7.csv
1873,1,1,0,Reader_1_8.csv
1873,0,0,0,Reader_1_9.csv
1873,3,3,0,Reader_2_1.csv
1873,0,0,0,Reader_2_10.csv
1873,0,0,0,Reader_2_11.csv
1873,1,1,0,Reader_2_12.csv
1873,2,2,0,Reader_2_2.csv
1873,1,1,0,Reader_2_3.csv
1873,0,0,0,Reader_2_4.csv
1873,0,0,0,Reader_2_5.csv
1873,0,0,0,Reader_2_6.csv
1873,2,2,0,Reader_2_7.csv
1873,0,0,0,Reader_2_8.csv
1873,1,1,0,Reader_2_9.csv
1873,13,10,3,reader_3_1.csv
1873,3,3,0,Reader_3_2.csv
1873,2,1,1,Reader_3_3.csv
1873,2,1,1,Reader_3_4.csv
1873,7,3,4,Reader_3_5.csv
1873,2,1,1,Reader_3_6.csv
1873,0,0,0,Reader_3_7.csv
1874,12,9,3,Reader_1_1.csv
1874,0,0,0,Reader_1_10.csv
1874,1,1,0,Reader_1_11.csv
1874,0,0,0,Reader_1_12.csv
1874,1,1,0,Reader_1_2.csv
1874,3,2,1,Reader_1_3.csv
1874,0,0,0,Reader_1_4.csv
1874,1,1,0,Reader_1_5.csv
1874,1,0,1,Reader_1_6.csv
1874,3,3,0,Reader_1_7.csv
1874,1,1,0,Reader_1_8.csv
1874,0,0,0,Reader_1_9.csv
1874,4,4,0,Reader_2_1.csv
1874,0,0,0,Reader_2_10.csv
1874,1,0,1,Reader_2_11.csv
1874,1,1,0,Reader_2_12.csv
1874,2,2,0,Reader_2_2.csv
1874,1,1,0,Reader_2_3.csv
1874,0,0,0,Reader_2_4.csv
1874,0,0,0,Reader_2_5.csv
1874,0,0,0,Reader_2_6.csv
1874,1,1,0,Reader_2_7.csv
1874,0,0,0,Reader_2_8.csv
1874,1,1,0,Reader_2_9.csv
1874,12,9,3,reader_3_1.csv
1874,3,3,0,Reader_3_2.csv
1874,1,0,1,Reader_3_3.csv
1874,1,0,1,Reader_3_4.csv
1874,7,3,4,Reader_3_5.csv
1874,2,1,1,Reader_3_6.csv
1874,0,0,0,Reader_3_7.csv
1875,10,7,3,Reader_1_1.csv
1875,0,0,0,Reader_1_10.csv
1875,2,2,0,Reader_1_11.csv
1875,0,0,0,Reader_1_12.csv
1875,1,1,0,Reader_1_2.csv
1875,4,2,2,Reader_1_3.csv
1875,0,0,0,Reader_1_4.csv
1875,1,1,0,Reader_1_5.csv
1875,1,0,1,Reader_1_6.csv
1875,3,3,0,Reader_1_7.csv
1875,1,1,0,Reader_1_8.csv
1875,0,0,0,Reader_1_9.csv
1875,3,3,0,Reader_2_1.csv
1875,0,0,0,Reader_2_10.csv
1875,1,0,1,Reader_2_11.csv
1875,1,1,0,Reader_2_12.csv
1875,2,1,1,Reader_2_2.csv
1875,1,1,0,Reader_2_3.csv
1875,0,0,0,Reader_2_4.csv
1875,0,0,0,Reader_2_5.csv
1875,0,0,0,Reader_2_6.csv
1875,2,2,0,Reader_2_7.csv
1875,0,0,0,Reader_2_8.csv
1875,1,1,0,Reader_2_9.csv
1875,12,9,3,reader_3_1.csv
1875,3,3,0,Reader_3_2.csv
1875,1,0,1,Reader_3_3.csv
1875,1,0,1,Reader_3_4.csv
1875,7,3,4,Reader_3_5.csv
1875,2,1,1,Reader_3_6.csv
1875,0,0,0,Reader_3_7.csv
1876,9,6,3,Reader_1_1.csv
1876,1,1,0,Reader_1_10.csv
1876,2,2,0,Reader_1_11.csv
1876,0,0,0,Reader_1_12.csv
1876,1,1,0,Reader_1_2.csv
1876,3,1,2,Reader_1_3.csv
1876,0,0,0,Reader_1_4.csv
1876,1,1,0,Reader_1_5.csv
1876,2,1,1,Reader_1_6.csv
1876,2,2,0,Reader_1_7.csv
1876,1,1,0,Reader_1_8.csv
1876,0,0,0,Reader_1_9.csv
1876,2,2,0,Reader_2_1.csv
1876,0,0,0,Reader_2_10.csv
1876,1,0,1,Reader_2_11.csv
1876,0,0,0,Reader_2_12.csv
1876,3,1,2,Reader_2_2.csv
1876,1,1,0,Reader_2_3.csv
1876,0,0,0,Reader_2_4.csv
1876,0,0,0,Reader_2_5.csv
1876,0,0,0,Reader_2_6.csv
1876,2,2,0,Reader_2_7.csv
1876,0,0,0,Reader_2_8.csv
1876,1,1,0,Reader_2_9.csv
1876,10,6,4,reader_3_1.csv
1876,4,4,0,Reader_3_2.csv
1876,1,0,1,Reader_3_3.csv
1876,1,0,1,Reader_3_4.csv
1876,7,3,4,Reader_3_5.csv
1876,2,1,1,Reader_3_6.csv
1876,0,0,0,Reader_3_7.csv
1877,8,6,2,Reader_1_1.csv
1877,1,1,0,Reader_1_10.csv
1877,2,2,0,Reader_1_11.csv
1877,0,0,0,Reader_1_12.csv
1877,1,1,0,Reader_1_2.csv
1877,2,0,2,Reader_1_3.csv
1877,0,0,0,Reader_1_4.csv
1877,0,0,0,Reader_1_5.csv
1877,1,1,0,Reader_1_6.csv
1877,2,2,0,Reader_1_7.csv
1877,0,0,0,Reader_1_8.csv
1877,0,0,0,Reader_1_9.csv
1877,2,2,0,Reader_2_1.csv
1877,0,0,0,Reader_2_10.csv
1877,1,0,1,Reader_2_11.csv
1877,0,0,0,Reader_2_12.csv
1877,4,2,2,Reader_2_2.csv
1877,1,1,0,Reader_2_3.csv
1877,0,0,0,Reader_2_4.csv
1877,0,0,0,Reader_2_5.csv
1877,0,0,0,Reader_2_6.csv
1877,3,3,0,Reader_2_7.csv
1877,1,1,0,Reader_2_8.csv
1877,1,1,0,Reader_2_9.csv
1877,9,5,4,reader_3_1.csv
1877,3,3,0,Reader_3_2.csv
1877,1,0,1,Reader_3_3.csv
1877,1,0,1,Reader_3_4.csv
1877,7,3,4,Reader_3_5.csv
1877,2,1,1,Reader_3_6.csv
1877,0,0,0,Reader_3_7.csv
1878,9,7,2,Reader_1_1.csv
1878,1,1,0,Reader_1_10.csv
1878,1,1,0,Reader_1_11.csv
1878,0,0,0,Reader_1_12.csv
1878,1,1,0,Reader_1_2.csv
1878,2,0,2,Reader_1_3.csv
1878,0,0,0,Reader_1_4.csv
1878,0,0,0,Reader_1_5.csv
1878,1,1,0,Reader_1_6.csv
1878,3,3,0,Reader_1_7.csv
1878,0,0,0,Reader_1_8.csv
1878,0,0,0,Reader_1_9.csv
1878,2,2,0,Reader_2_1.csv
1878,0,0,0,Reader_2_10.csv
1878,1,0,1,Reader_2_11.csv
1878,0,0,0,Reader_2_12.csv
1878,3,1,2,Reader_2_2.csv
1878,1,1,0,Reader_2_3.csv
1878,0,0,0,Reader_2_4.csv
1878,0,0,0,Reader_2_5.csv
1878,0,0,0,Reader_2_6.csv
1878,5,3,2,Reader_2_7.csv
1878,1,1,0,Reader_2_8.csv
1878,1,1,0,Reader_2_9.csv
1878,8,5,3,reader_3_1.csv
1878,4,4,0,Reader_3_2.csv
1878,0,0,0,Reader_3_3.csv
1878,0,0,0,Reader_3_4.csv
1878,9,5,4,Reader_3_5.csv
1878,2,1,1,Reader_3_6.csv
1878,0,0,0,Reader_3_7.csv
1879,5,4,1,Reader_1_1.csv
1879,1,1,0,Reader_1_10.csv
1879,1,1,0,Reader_1_11.csv
1879,0,0,0,Reader_1_12.csv
1879,1,1,0,Reader_1_2.csv
1879,2,0,2,Reader_1_3.csv
1879,0,0,0,Reader_1_4.csv
1879,1,1,0,Reader_1_5.csv
1879,1,1,0,Reader_1_6.csv
1879,3,3,0,Reader_1_7.csv
1879,0,0,0,Reader_1_8.csv
1879,0,0,0,Reader_1_9.csv
1879,2,2,0,Reader_2_1.csv
1879,0,0,0,Reader_2_10.csv
1879,1,0,1,Reader_2_11.csv
1879,0,0,0,Reader_2_12.csv
1879,3,1,2,Reader_2_2.csv
1879,0,0,0,Reader_2_3.csv
1879,0,0,0,Reader_2_4.csv
1879,0,0,0,Reader_2_5.csv
1879,0,0,0,Reader_2_6.csv
1879,5,3,2,Reader_2_7.csv
1879,1,1,0,Reader_2_8.csv
1879,1,1,0,Reader_2_9.csv
1879,9,6,3,reader_3_1.csv
1879,4,4,0,Reader_3_2.csv
1879,0,0,0,Reader_3_3.csv
1879,0,0,0,Reader_3_4.csv
1879,8,6,2,Reader_3_5.csv
1879,1,0,1,Reader_3_6.csv
1879,0,0,0,Reader_3_7.csv
1880,5,4,1,Reader_1_1.csv
1880,1,1,0,Reader_1_10.csv
1880,1,1,0,Reader_1_11.csv
1880,0,0,0,Reader_1_12.csv
1880,1,1,0,Reader_1_2.csv
1880,2,0,2,Reader_1_3.csv
1880,0,0,0,Reader_1_4.csv
1880,1,1,0,Reader_1_5.csv
1880,1,1,0,Reader_1_6.csv
1880,3,3,0,Reader_1_7.csv
1880,0,0,0,Reader_1_8.csv
1880,0,0,0,Reader_1_9.csv
1880,3,3,0,Reader_2_1.csv
1880,0,0,0,Reader_2_10.csv
1880,1,0,1,Reader_2_11.csv
1880,0,0,0,Reader_2_12.csv
1880,3,1,2,Reader_2_2.csv
1880,0,0,0,Reader_2_3.csv
1880,0,0,0,Reader_2_4.csv
1880,0,0,0,Reader_2_5.csv
1880,0,0,0,Reader_2_6.csv
1880,4,2,2,Reader_2_7.csv
1880,1,1,0,Reader_2_8.csv
1880,0,0,0,Reader_2_9.csv
1880,10,8,2,reader_3_1.csv
1880,3,3,0,Reader_3_2.csv
1880,0,0,0,Reader_3_3.csv
1880,0,0,0,Reader_3_4.csv
1880,9,7,2,Reader_3_5.csv
1880,1,1,0,Reader_3_6.csv
1880,1,1,0,Reader_3_7.csv
1881,5,5,0,Reader_1_1.csv
1881,1,1,0,Reader_1_10.csv
1881,1,1,0,Reader_1_11.csv
1881,0,0,0,Reader_1_12.csv
1881,1,1,0,Reader_1_2.csv
1881,1,0,1,Reader_1_3.csv
1881,0,0,0,Reader_1_4.csv
1881,1,1,0,Reader_1_5.csv
1881,1,1,0,Reader_1_6.csv
1881,4,4,0,Reader_1_7.csv
1881,0,0,0,Reader_1_8.csv
1881,0,0,0,Reader_1_9.csv
1881,2,2,0,Reader_2_1.csv
1881,0,0,0,Reader_2_10.csv
1881,1,0,1,Reader_2_11.csv
1881,0,0,0,Reader_2_12.csv
1881,3,1,2,Reader_2_2.csv
1881,0,0,0,Reader_2_3.csv
1881,0,0,0,Reader_2_4.csv
1881,1,1,0,Reader_2_5.csv
1881,0,0,0,Reader_2_6.csv
1881,5,3,2,Reader_2_7.csv
1881,1,1,0,Reader_2_8.csv
1881,0,0,0,Reader_2_9.csv
1881,8,7,1,reader_3_1.csv
1881,2,2,0,Reader_3_2.csv
1881,0,0,0,Reader_3_3.csv
1881,0,0,0,Reader_3_4.csv
1881,9,7,2,Reader_3_5.csv
1881,1,1,0,Reader_3_6.csv
1881,1,1,0,Reader_3_7.csv
1882,4,4,0,Reader_1_1.csv
1882,1,1,0,Reader_1_10.csv
1882,1,1,0,Reader_1_11.csv
1882,0,0,0,Reader_1_12.csv
1882,2,2,0,Reader_1_2.csv
1882,2,1,1,Reader_1_3.csv
1882,0,0,0,Reader_1_4.csv
1882,1,1,0,Reader_1_5.csv
1882,1,1,0,Reader_1_6.csv
1882,4,4,0,Reader_1_7.csv
1882,1,1,0,Reader_1_8.csv
1882,0,0,0,Reader_1_9.csv
1882,1,1,0,Reader_2_1.csv
1882,0,0,0,Reader_2_10.csv
1882,0,0,0,Reader_2_11.csv
1882,0,0,0,Reader_2_12.csv
1882,3,1,2,Reader_2_2.csv
1882,0,0,0,Reader_2_3.csv
1882,0,0,0,Reader_2_4.csv
1882,1,1,0,Reader_2_5.csv
1882,0,0,0,Reader_2_6.csv
1882,6,4,2,Reader_2_7.csv
1882,1,1,0,Reader_2_8.csv
1882,0,0,0,Reader_2_9.csv
1882,11,10,1,reader_3_1.csv
1882,3,3,0,Reader_3_2.csv
1882,0,0,0,Reader_3_3.csv
1882,0,0,0,Reader_3_4.csv
1882,9,7,2,Reader_3_5.csv
1882,1,1,0,Reader_3_6.csv
1882,1,1,0,Reader_3_7.csv
1883,5,5,0,Reader_1_1.csv
1883,1,1,0,Reader_1_10.csv
1883,0,0,0,Reader_1_11.csv
1883,0,0,0,Reader_1_12.csv
1883,1,1,0,Reader_1_2.csv
1883,1,1,0,Reader_1_3.csv
1883,0,0,0,Reader_1_4.csv
1883,2,2,0,Reader_1_5.csv
1883,2,2,0,Reader_1_6.csv
1883,4,4,0,Reader_1_7.csv
1883,1,1,0,Reader_1_8.csv
1883,0,0,0,Reader_1_9.csv
1883,1,1,0,Reader_2_1.csv
1883,0,0,0,Reader_2_10.csv
1883,0,0,0,Reader_2_11.csv
1883,0,0,0,Reader_2_12.csv
1883,2,1,1,Reader_2_2.csv
1883,0,0,0,Reader_2_3.csv
1883,0,0,0,Reader_2_4.csv
1883,1,1,0,Reader_2_5.csv
1883,0,0,0,Reader_2_6.csv
1883,5,3,2,Reader_2_7.csv
1883,1,1,0,Reader_2_8.csv
1883,0,0,0,Reader_2_9.csv
1883,17,16,1,reader_3_1.csv
1883,3,3,0,Reader_3_2.csv
1883,0,0,0,Reader_3_3.csv
1883,0,0,0,Reader_3_4.csv
1883,10,8,2,Reader_3_5.csv
1883,2,1,1,Reader_3_6.csv
1883,3,3,0,Reader_3_7.csv
1884,5,5,0,Reader_1_1.csv
1884,0,0,0,Reader_1_10.csv
1884,0,0,0,Reader_1_11.csv
1884,0,0,0,Reader_1_12.csv
1884,1,1,0,Reader_1_2.csv
1884,1,1,0,Reader_1_3.csv
1884,0,0,0,Reader_1_4.csv
1884,2,2,0,Reader_1_5.csv
1884,2,2,0,Reader_1_6.csv
1884,4,4,0,Reader_1_7.csv
1884,1,1,0,Reader_1_8.csv
1884,0,0,0,Reader_1_9.csv
1884,2,2,0,Reader_2_1.csv
1884,0,0,0,Reader_2_10.csv
1884,0,0,0,Reader_2_11.csv
1884,0,0,0,Reader_2_12.csv
1884,1,1,0,Reader_2_2.csv
1884,0,0,0,Reader_2_3.csv
1884,0,0,0,Reader_2_4.csv
1884,1,1,0,Reader_2_5.csv
1884,0,0,0,Reader_2_6.csv
1884,5,3,2,Reader_2_7.csv
1884,1,1,0,Reader_2_8.csv
1884,0,0,0,Reader_2_9.csv
1884,20,19,1,reader_3_1.csv
1884,2,2,0,Reader_3_2.csv
1884,0,0,0,Reader_3_3.csv
1884,0,0,0,Reader_3_4.csv
1884,10,9,1,Reader_3_5.csv
1884,2,1,1,Reader_3_6.csv
1884,3,3,0,Reader_3_7.csv
1885,7,7,0,Reader_1_1.csv
1885,0,0,0,Reader_1_10.csv
1885,0,0,0,Reader_1_11.csv
1885,1,0,1,Reader_1_12.csv
1885,1,1,0,Reader_1_2.csv
1885,1,1,0,Reader_1_3.csv
1885,0,0,0,Reader_1_4.csv
1885,2,2,0,Reader_1_5.csv
1885,2,2,0,Reader_1_6.csv
1885,4,4,0,Reader_1_7.csv
1885,1,1,0,Reader_1_8.csv
1885,0,0,0,Reader_1_9.csv
1885,2,2,0,Reader_2_1.csv
1885,0,0,0,Reader_2_10.csv
1885,0,0,0,Reader_2_11.csv
1885,0,0,0,Reader_2_12.csv
1885,0,0,0,Reader_2_2.csv
1885,0,0,0,Reader_2_3.csv
1885,0,0,0,Reader_2_4.csv
1885,1,1,0,Reader_2_5.csv
1885,0,0,0,Reader_2_6.csv
1885,4,2,2,Reader_2_7.csv
1885,0,0,0,Reader_2_8.csv
1885,0,0,0,Reader_2_9.csv
1885,25,23,2,reader_3_1.csv
1885,2,2,0,Reader_3_2.csv
1885,0,0,0,Reader_3_3.csv
1885,0,0,0,Reader_3_4.csv
1885,9,9,0,Reader_3_5.csv
1885,2,1,1,Reader_3_6.csv
1885,4,3,1,Reader_3_7.csv
1886,10,10,0,Reader_1_1.csv
1886,0,0,0,Reader_1_10.csv
1886,0,0,0,Reader_1_11.csv
1886,1,0,1,Reader_1_12.csv
1886,1,1,0,Reader_1_2.csv
1886,1,1,0,Reader_1_3.csv
1886,0,0,0,Reader_1_4.csv
1886,2,2,0,Reader_1_5.csv
1886,2,2,0,Reader_1_6.csv
1886,3,3,0,Reader_1_7.csv
1886,1,1,0,Reader_1_8.csv
1886,0,0,0,Reader_1_9.csv
1886,4,3,1,Reader_2_1.csv
1886,0,0,0,Reader_2_10.csv
1886,0,0,0,Reader_2_11.csv
1886,0,0,0,Reader_2_12.csv
1886,0,0,0,Reader_2_2.csv
1886,0,0,0,Reader_2_3.csv
1886,0,0,0,Reader_2_4.csv
1886,1,1,0,Reader_2_5.csv
1886,0,0,0,Reader_2_6.csv
1886,2,2,0,Reader_2_7.csv
1886,0,0,0,Reader_2_8.csv
1886,0,0,0,Reader_2_9.csv
1886,35,29,6,reader_3_1.csv
1886,1,1,0,Reader_3_2.csv
1886,0,0,0,Reader_3_3.csv
1886,0,0,0,Reader_3_4.csv
1886,8,8,0,Reader_3_5.csv
1886,2,1,1,Reader_3_6.csv
1886,5,4,1,Reader_3_7.csv
1887,11,11,0,Reader_1_1.csv
1887,0,0,0,Reader_1_10.csv
1887,0,0,0,Reader_1_11.csv
1887,1,0,1,Reader_1_12.csv
1887,1,1,0,Reader_1_2.csv
1887,1,1,0,Reader_1_3.csv
1887,0,0,0,Reader_1_4.csv
1887,1,1,0,Reader_1_5.csv
1887,2,2,0,Reader_1_6.csv
1887,3,3,0,Reader_1_7.csv
1887,1,1,0,Reader_1_8.csv
1887,0,0,0,Reader_1_9.csv
1887,4,3,1,Reader_2_1.csv
1887,0,0,0,Reader_2_10.csv
1887,0,0,0,Reader_2_11.csv
1887,1,1,0,Reader_2_12.csv
1887,1,1,0,Reader_2_2.csv
1887,0,0,0,Reader_2_3.csv
1887,0,0,0,Reader_2_4.csv
1887,1,1,0,Reader_2_5.csv
1887,0,0,0,Reader_2_6.csv
1887,2,2,0,Reader_2_7.csv
1887,0,0,0,Reader_2_8.csv
1887,0,0,0,Reader_2_9.csv
1887,41,34,7,reader_3_1.csv
1887,1,1,0,Reader_3_2.csv
1887,1,0,1,Reader_3_3.csv
1887,1,0,1,Reader_3_4.csv
1887,8,8,0,Reader_3_5.csv
1887,4,2,2,Reader_3_6.csv
1887,6,5,1,Reader_3_7.csv
1888,10,10,0,Reader_1_1.csv
1888,0,0,0,Reader_1_10.csv
1888,0,0,0,Reader_1_11.csv
1888,1,0,1,Reader_1_12.csv
1888,1,1,0,Reader_1_2.csv
1888,1,1,0,Reader_1_3.csv
1888,0,0,0,Reader_1_4.csv
1888,1,1,0,Reader_1_5.csv
1888,3,3,0,Reader_1_6.csv
1888,2,2,0,Reader_1_7.csv
1888,1,1,0,Reader_1_8.csv
1888,0,0,0,Reader_1_9.csv
1888,3,2,1,Reader_2_1.csv
1888,0,0,0,Reader_2_10.csv
1888,0,0,0,Reader_2_11.csv
1888,2,2,0,Reader_2_12.csv
1888,1,1,0,Reader_2_2.csv
1888,0,0,0,Reader_2_3.csv
1888,0,0,0,Reader_2_4.csv
1888,1,1,0,Reader_2_5.csv
1888,0,0,0,Reader_2_6.csv
1888,2,2,0,Reader_2_7.csv
1888,0,0,0,Reader_2_8.csv
1888,1,1,0,Reader_2_9.csv
1888,43,36,7,reader_3_1.csv
1888,2,1,1,Reader_3_2.csv
1888,1,0,1,Reader_3_3.csv
1888,1,0,1,Reader_3_4.csv
1888,6,6,0,Reader_3_5.csv
1888,4,1,3,Reader_3_6.csv
1888,6,5,1,Reader_3_7.csv
1889,9,9,0,Reader_1_1.csv
1889,0,0,0,Reader_1_10.csv
1889,0,0,0,Reader_1_11.csv
1889,1,0,1,Reader_1_12.csv
1889,1,1,0,Reader_1_2.csv
1889,2,2,0,Reader_1_3.csv
1889,0,0,0,Reader_1_4.csv
1889,1,1,0,Reader_1_5.csv
1889,3,3,0,Reader_1_6.csv
1889,1,1,0,Reader_1_7.csv
1889,1,1,0,Reader_1_8.csv
1889,1,1,0,Reader_1_9.csv
1889,3,2,1,Reader_2_1.csv
1889,0,0,0,Reader_2_10.csv
1889,0,0,0,Reader_2_11.csv
1889,2,2,0,Reader_2_12.csv
1889,1,1,0,Reader_2_2.csv
1889,0,0,0,Reader_2_3.csv
1889,0,0,0,Reader_2_4.csv
1889,0,0,0,Reader_2_5.csv
1889,0,0,0,Reader_2_6.csv
1889,1,1,0,Reader_2_7.csv
1889,0,0,0,Reader_2_8.csv
1889,1,1,0,Reader_2_9.csv
1889,50,41,9,reader_3_1.csv
1889,2,1,1,Reader_3_2.csv
1889,1,0,1,Reader_3_3.csv
1889,1,0,1,Reader_3_4.csv
1889,5,5,0,Reader_3_5.csv
1889,4,1,3,Reader_3_6.csv
1889,7,6,1,Reader_3_7.csv
1890,10,8,2,Reader_1_1.csv
1890,0,0,0,Reader_1_10.csv
1890,0,0,0,Reader_1_11.csv
1890,1,0,1,Reader_1_12.csv
1890,0,0,0,Reader_1_2.csv
1890,1,1,0,Reader_1_3.csv
1890,0,0,0,Reader_1_4.csv
1890,1,1,0,Reader_1_5.csv
1890,3,3,0,Reader_1_6.csv
1890,0,0,0,Reader_1_7.csv
1890,0,0,0,Reader_1_8.csv
1890,1,1,0,Reader_1_9.csv
1890,3,2,1,Reader_2_1.csv
1890,0,0,0,Reader_2_10.csv
1890,0,0,0,Reader_2_11.csv
1890,2,2,0,Reader_2_12.csv
1890,1,1,0,Reader_2_2.csv
1890,0,0,0,Reader_2_3.csv
1890,0,0,0,Reader_2_4.csv
1890,0,0,0,Reader_2_5.csv
1890,0,0,0,Reader_2_6.csv
1890,0,0,0,Reader_2_7.csv
1890,0,0,0,Reader_2_8.csv
1890,1,1,0,Reader_2_9.csv
1890,48,39,9,reader_3_1.csv
1890,1,0,1,Reader_3_2.csv
1890,1,0,1,Reader_3_3.csv
1890,1,0,1,Reader_3_4.csv
1890,5,5,0,Reader_3_5.csv
1890,4,1,3,Reader_3_6.csv
1890,8,6,2,Reader_3_7.csv
1891,9,7,2,Reader_1_1.csv
1891,0,0,0,Reader_1_10.csv
1891,0,0,0,Reader_1_11.csv
1891,2,0,2,Reader_1_12.csv
1891,0,0,0,Reader_1_2.csv
1891,2,2,0,Reader_1_3.csv
1891,0,0,0,Reader_1_4.csv
1891,0,0,0,Reader_1_5.csv
1891,2,2,0,Reader_1_6.csv
1891,0,0,0,Reader_1_7.csv
1891,0,0,0,Reader_1_8.csv
1891,1,1,0,Reader_1_9.csv
1891,3,2,1,Reader_2_1.csv
1891,0,0,0,Reader_2_10.csv
1891,0,0,0,Reader_2_11.csv
1891,2,2,0,Reader_2_12.csv
1891,1,1,0,Reader_2_2.csv
1891,0,0,0,Reader_2_3.csv
1891,0,0,0,Reader_2_4.csv
1891,0,0,0,Reader_2_5.csv
1891,0,0,0,Reader_2_6.csv
1891,0,0,0,Reader_2_7.csv
1891,0,0,0,Reader_2_8.csv
1891,1,1,0,Reader_2_9.csv
1891,43,34,9,reader_3_1.csv
1891,2,0,2,Reader_3_2.csv
1891,1,0,1,Reader_3_3.csv
1891,1,0,1,Reader_3_4.csv
1891,6,6,0,Reader_3_5.csv
1891,4,2,2,Reader_3_6.csv
1891,6,4,2,Reader_3_7.csv
1892,13,9,4,Reader_1_1.csv
1892,0,0,0,Reader_1_10.csv
1892,0,0,0,Reader_1_11.csv
1892,2,0,2,Reader_1_12.csv
1892,1,1,0,Reader_1_2.csv
1892,2,2,0,Reader_1_3.csv
1892,0,0,0,Reader_1_4.csv
1892,0,0,0,Reader_1_5.csv
1892,1,1,0,Reader_1_6.csv
1892,0,0,0,Reader_1_7.csv
1892,0,0,0,Reader_1_8.csv
1892,1,1,0,Reader_1_9.csv
1892,2,1,1,Reader_2_1.csv
1892,0,0,0,Reader_2_10.csv
1892,0,0,0,Reader_2_11.csv
1892,3,3,0,Reader_2_12.csv
1892,1,1,0,Reader_2_2.csv
1892,0,0,0,Reader_2_3.csv
1892,0,0,0,Reader_2_4.csv
1892,0,0,0,Reader_2_5.csv
1892,0,0,0,Reader_2_6.csv
1892,0,0,0,Reader_2_7.csv
1892,0,0,0,Reader_2_8.csv
1892,1,1,0,Reader_2_9.csv
1892,41,33,8,reader_3_1.csv
1892,2,0,2,Reader_3_2.csv
1892,1,0,1,Reader_3_3.csv
1892,1,0,1,Reader_3_4.csv
1892,6,5,1,Reader_3_5.csv
1892,6,4,2,Reader_3_6.csv
1892,6,4,2,Reader_3_7.csv
1893,11,7,4,Reader_1_1.csv
1893,0,0,0,Reader_1_10.csv
1893,0,0,0,Reader_1_11.csv
1893,1,0,1,Reader_1_12.csv
1893,2,2,0,Reader_1_2.csv
1893,2,2,0,Reader_1_3.csv
1893,0,0,0,Reader_1_4.csv
1893,0,0,0,Reader_1_5.csv
1893,1,1,0,Reader_1_6.csv
1893,0,0,0,Reader_1_7.csv
1893,0,0,0,Reader_1_8.csv
1893,1,1,0,Reader_1_9.csv
1893,2,1,1,Reader_2_1.csv
1893,0,0,0,Reader_2_10.csv
1893,1,1,0,Reader_2_11.csv
1893,4,3,1,Reader_2_12.csv
1893,3,3,0,Reader_2_2.csv
1893,0,0,0,Reader_2_3.csv
1893,1,1,0,Reader_2_4.csv
1893,0,0,0,Reader_2_5.csv
1893,0,0,0,Reader_2_6.csv
1893,1,1,0,Reader_2_7.csv
1893,0,0,0,Reader_2_8.csv
1893,1,1,0,Reader_2_9.csv
1893,37,30,7,reader_3_1.csv
1893,2,0,2,Reader_3_2.csv
1893,1,0,1,Reader_3_3.csv
1893,1,0,1,Reader_3_4.csv
1893,6,5,1,Reader_3_5.csv
1893,6,4,2,Reader_3_6.csv
1893,7,6,1,Reader_3_7.csv
1894,8,4,4,Reader_1_1.csv
1894,0,0,0,Reader_1_10.csv
1894,0,0,0,Reader_1_11.csv
1894,1,0,1,Reader_1_12.csv
1894,2,2,0,Reader_1_2.csv
1894,2,2,0,Reader_1_3.csv
1894,0,0,0,Reader_1_4.csv
1894,1,0,1,Reader_1_5.csv
1894,1,1,0,Reader_1_6.csv
1894,0,0,0,Reader_1_7.csv
1894,0,0,0,Reader_1_8.csv
1894,1,1,0,Reader_1_9.csv
1894,1,1,0,Reader_2_1.csv
1894,0,0,0,Reader_2_10.csv
1894,1,1,0,Reader_2_11.csv
1894,4,3,1,Reader_2_12.csv
1894,3,3,0,Reader_2_2.csv
1894,0,0,0,Reader_2_3.csv
1894,1,1,0,Reader_2_4.csv
1894,0,0,0,Reader_2_5.csv
1894,0,0,0,Reader_2_6.csv
1894,1,1,0,Reader_2_7.csv
1894,0,0,0,Reader_2_8.csv
1894,1,1,0,Reader_2_9.csv
1894,28,25,3,reader_3_1.csv
1894,2,0,2,Reader_3_2.csv
1894,2,1,1,Reader_3_3.csv
1894,2,1,1,Reader_3_4.csv
1894,6,5,1,Reader_3_5.csv
1894,7,4,3,Reader_3_6.csv
1894,6,5,1,Reader_3_7.csv
1895,7,3,4,Reader_1_1.csv
1895,1,1,0,Reader_1_10.csv
1895,0,0,0,Reader_1_11.csv
1895,1,0,1,Reader_1_12.csv
1895,2,2,0,Reader_1_2.csv
1895,2,2,0,Reader_1_3.csv
1895,0,0,0,Reader_1_4.csv
1895,1,0,1,Reader_1_5.csv
1895,1,1,0,Reader_1_6.csv
1895,0,0,0,Reader_1_7.csv
1895,0,0,0,Reader_1_8.csv
1895,1,1,0,Reader_1_9.csv
1895,1,1,0,Reader_2_1.csv
1895,0,0,0,Reader_2_10.csv
1895,1,1,0,Reader_2_11.csv
1895,3,2,1,Reader_2_12.csv
1895,2,2,0,Reader_2_2.csv
1895,0,0,0,Reader_2_3.csv
1895,1,1,0,Reader_2_4.csv
1895,0,0,0,Reader_2_5.csv
1895,0,0,0,Reader_2_6.csv
1895,1,1,0,Reader_2_7.csv
1895,0,0,0,Reader_2_8.csv
1895,1,1,0,Reader_2_9.csv
1895,21,18,3,reader_3_1.csv
1895,2,0,2,Reader_3_2.csv
1895,1,1,0,Reader_3_3.csv
1895,1,1,0,Reader_3_4.csv
1895,6,5,1,Reader_3_5.csv
1895,6,3,3,Reader_3_6.csv
1895,5,4,1,Reader_3_7.csv
1896,7,3,4,Reader_1_1.csv
1896,1,1,0,Reader_1_10.csv
1896,0,0,0,Reader_1_11.csv
1896,1,0,1,Reader_1_12.csv
1896,3,3,0,Reader_1_2.csv
1896,3,3,0,Reader_1_3.csv
1896,0,0,0,Reader_1_4.csv
1896,1,0,1,Reader_1_5.csv
1896,0,0,0,Reader_1_6.csv
1896,0,0,0,Reader_1_7.csv
1896,0,0,0,Reader_1_8.csv
1896,1,1,0,Reader_1_9.csv
1896,1,1,0,Reader_2_1.csv
1896,0,0,0,Reader_2_10.csv
1896,1,1,0,Reader_2_11.csv
1896,2,1,1,Reader_2_12.csv
1896,2,2,0,Reader_2_2.csv
1896,0,0,0,Reader_2_3.csv
1896,1,1,0,Reader_2_4.csv
1896,0,0,0,Reader_2_5.csv
1896,0,0,0,Reader_2_6.csv
1896,1,1,0,Reader_2_7.csv
1896,0,0,0,Reader_2_8.csv
1896,0,0,0,Reader_2_9.csv
1896,17,14,3,reader_3_1.csv
1896,1,0,1,Reader_3_2.csv
1896,1,1,0,Reader_3_3.csv
1896,1,1,0,Reader_3_4.csv
1896,6,5,1,Reader_3_5.csv
1896,5,3,2,Reader_3_6.csv
1896,5,4,1,Reader_3_7.csv
1897,7,3,4,Reader_1_1.csv
1897,1,1,0,Reader_1_10.csv
1897,0,0,0,Reader_1_11.csv
1897,1,0,1,Reader_1_12.csv
1897,3,3,0,Reader_1_2.csv
1897,2,2,0,Reader_1_3.csv
1897,0,0,0,Reader_1_4.csv
1897,1,0,1,Reader_1_5.csv
1897,0,0,0,Reader_1_6.csv
1897,0,0,0,Reader_1_7.csv
1897,0,0,0,Reader_1_8.csv
1897,0,0,0,Reader_1_9.csv
1897,1,1,0,Reader_2_1.csv
1897,0,0,0,Reader_2_10.csv
1897,1,1,0,Reader_2_11.csv
1897,2,1,1,Reader_2_12.csv
1897,2,2,0,Reader_2_2.csv
1897,0,0,0,Reader_2_3.csv
1897,1,1,0,Reader_2_4.csv
1897,0,0,0,Reader_2_5.csv
1897,0,0,0,Reader_2_6.csv
1897,1,1,0,Reader_2_7.csv
1897,0,0,0,Reader_2_8.csv
1897,0,0,0,Reader_2_9.csv
1897,10,9,1,reader_3_1.csv
1897,1,0,1,Reader_3_2.csv
1897,1,1,0,Reader_3_3.csv
1897,1,1,0,Reader_3_4.csv
1897,7,6,1,Reader_3_5.csv
1897,5,3,2,Reader_3_6.csv
1897,7,6,1,Reader_3_7.csv
1898,6,4,2,Reader_1_1.csv
1898,1,1,0,Reader_1_10.csv
1898,0,0,0,Reader_1_11.csv
1898,1,0,1,Reader_1_12.csv
1898,3,3,0,Reader_1_2.csv
1898,3,3,0,Reader_1_3.csv
1898,1,1,0,Reader_1_4.csv
1898,1,0,1,Reader_1_5.csv
1898,0,0,0,Reader_1_6.csv
1898,0,0,0,Reader_1_7.csv
1898,0,0,0,Reader_1_8.csv
1898,0,0,0,Reader_1_9.csv
1898,2,2,0,Reader_2_1.csv
1898,0,0,0,Reader_2_10.csv
1898,1,1,0,Reader_2_11.csv
1898,2,1,1,Reader_2_12.csv
1898,2,2,0,Reader_2_2.csv
1898,0,0,0,Reader_2_3.csv
1898,1,1,0,Reader_2_4.csv
1898,0,0,0,Reader_2_5.csv
1898,0,0,0,Reader_2_6.csv
1898,2,2,0,Reader_2_7.csv
1898,0,0,0,Reader_2_8.csv
1898,0,0,0,Reader_2_9.csv
1898,8,7,1,reader_3_1.csv
1898,1,0,1,Reader_3_2.csv
1898,1,1,0,Reader_3_3.csv
1898,1,1,0,Reader_3_4.csv
1898,8,7,1,Reader_3_5.csv
1898,6,3,3,Reader_3_6.csv
1898,8,8,0,Reader_3_7.csv
1899,7,4,3,Reader_1_1.csv
1899,1,1,0,Reader_1_10.csv
1899,1,1,0,Reader_1_11.csv
1899,0,0,0,Reader_1_12.csv
1899,3,3,0,Reader_1_2.csv
1899,4,2,2,Reader_1_3.csv
1899,1,1,0,Reader_1_4.csv
1899,2,1,1,Reader_1_5.csv
1899,1,1,0,Reader_1_6.csv
1899,0,0,0,Reader_1_7.csv
1899,0,0,0,Reader_1_8.csv
1899,0,0,0,Reader_1_9.csv
1899,2,2,0,Reader_2_1.csv
1899,0,0,0,Reader_2_10.csv
1899,1,1,0,Reader_2_11.csv
1899,2,1,1,Reader_2_12.csv
1899,2,2,0,Reader_2_2.csv
1899,0,0,0,Reader_2_3.csv
1899,2,2,0,Reader_2_4.csv
1899,0,0,0,Reader_2_5.csv
1899,0,0,0,Reader_2_6.csv
1899,2,2,0,Reader_2_7.csv
1899,0,0,0,Reader_2_8.csv
1899,0,0,0,Reader_2_9.csv
1899,8,7,1,reader_3_1.csv
1899,0,0,0,Reader_3_2.csv
1899,1,1,0,Reader_3_3.csv
1899,1,1,0,Reader_3_4.csv
1899,8,7,1,Reader_3_5.csv
1899,6,3,3,Reader_3_6.csv
1899,11,10,1,Reader_3_7.csv
1900,3,2,1,Reader_1_1.csv
1900,1,1,0,Reader_1_10.csv
1900,1,1,0,Reader_1_11.csv
1900,0,0,0,Reader_1_12.csv
1900,2,2,0,Reader_1_2.csv
1900,4,2,2,Reader_1_3.csv
1900,1,1,0,Reader_1_4.csv
1900,2,1,1,Reader_1_5.csv
1900,1,1,0,Reader_1_6.csv
1900,0,0,0,Reader_1_7.csv
1900,0,0,0,Reader_1_8.csv
1900,0,0,0,Reader_1_9.csv
1900,2,2,0,Reader_2_1.csv
1900,0,0,0,Reader_2_10.csv
1900,2,2,0,Reader_2_11.csv
1900,2,1,1,Reader_2_12.csv
1900,2,2,0,Reader_2_2.csv
1900,0,0,0,Reader_2_3.csv
1900,2,2,0,Reader_2_4.csv
1900,0,0,0,Reader_2_5.csv
1900,0,0,0,Reader_2_6.csv
1900,2,2,0,Reader_2_7.csv
1900,0,0,0,Reader_2_8.csv
1900,0,0,0,Reader_2_9.csv
1900,5,4,1,reader_3_1.csv
1900,1,1,0,Reader_3_2.csv
1900,1,1,0,Reader_3_3.csv
1900,1,1,0,Reader_3_4.csv
1900,6,6,0,Reader_3_5.csv
1900,4,1,3,Reader_3_6.csv
1900,11,10,1,Reader_3_7.csv
1901,3,2,1,Reader_1_1.csv
1901,1,1,0,Reader_1_10.csv
1901,1,1,0,Reader_1_11.csv
1901,0,0,0,Reader_1_12.csv
1901,2,1,1,Reader_1_2.csv
1901,4,2,2,Reader_1_3.csv
1901,2,2,0,Reader_1_4.csv
1901,2,1,1,Reader_1_5.csv
1901,1,1,0,Reader_1_6.csv
1901,1,1,0,Reader_1_7.csv
1901,0,0,0,Reader_1_8.csv
1901,0,0,0,Reader_1_9.csv
1901,3,3,0,Reader_2_1.csv
1901,0,0,0,Reader_2_10.csv
1901,1,1,0,Reader_2_11.csv
1901,2,1,1,Reader_2_12.csv
1901,0,0,0,Reader_2_2.csv
1901,0,0,0,Reader_2_3.csv
1901,1,1,0,Reader_2_4.csv
1901,0,0,0,Reader_2_5.csv
1901,0,0,0,Reader_2_6.csv
1901,1,1,0,Reader_2_7.csv
1901,0,0,0,Reader_2_8.csv
1901,0,0,0,Reader_2_9.csv
1901,5,4,1,reader_3_1.csv
1901,1,1,0,Reader_3_2.csv
1901,2,2,0,Reader_3_3.csv
1901,2,2,0,Reader_3_4.csv
1901,8,7,1,Reader_3_5.csv
1901,9,6,3,Reader_3_6.csv
1901,13,12,1,Reader_3_7.csv
1902,3,1,2,Reader_1_1.csv
1902,1,1,0,Reader_1_10.csv
1902,2,2,0,Reader_1_11.csv
1902,0,0,0,Reader_1_12.csv
1902,4,3,1,Reader_1_2.csv
1902,4,2,2,Reader_1_3.csv
1902,3,3,0,Reader_1_4.csv
1902,1,1,0,Reader_1_5.csv
1902,1,1,0,Reader_1_6.csv
1902,1,1,0,Reader_1_7.csv
1902,0,0,0,Reader_1_8.csv
1902,0,0,0,Reader_1_9.csv
1902,2,2,0,Reader_2_1.csv
1902,0,0,0,Reader_2_10.csv
1902,1,1,0,Reader_2_11.csv
1902,2,1,1,Reader_2_12.csv
1902,0,0,0,Reader_2_2.csv
1902,0,0,0,Reader_2_3.csv
1902,1,1,0,Reader_2_4.csv
1902,0,0,0,Reader_2_5.csv
1902,0,0,0,Reader_2_6.csv
1902,2,2,0,Reader_2_7.csv
1902,0,0,0,Reader_2_8.csv
1902,0,0,0,Reader_2_9.csv
1902,5,4,1,reader_3_1.csv
1902,1,1,0,Reader_3_2.csv
1902,1,1,0,Reader_3_3.csv
1902,1,1,0,Reader_3_4.csv
1902,7,6,1,Reader_3_5.csv
1902,10,7,3,Reader_3_6.csv
1902,14,12,2,Reader_3_7.csv
1903,3,1,2,Reader_1_1.csv
1903,0,0,0,Reader_1_10.csv
1903,2,2,0,Reader_1_11.csv
1903,0,0,0,Reader_1_12.csv
1903,4,3,1,Reader_1_2.csv
1903,4,2,2,Reader_1_3.csv
1903,3,3,0,Reader_1_4.csv
1903,1,1,0,Reader_1_5.csv
1903,1,1,0,Reader_1_6.csv
1903,1,1,0,Reader_1_7.csv
1903,0,0,0,Reader_1_8.csv
1903,0,0,0,Reader_1_9.csv
1903,2,2,0,Reader_2_1.csv
1903,0,0,0,Reader_2_10.csv
1903,1,1,0,Reader_2_11.csv
1903,2,1,1,Reader_2_12.csv
1903,0,0,0,Reader_2_2.csv
1903,0,0,0,Reader_2_3.csv
1903,1,1,0,Reader_2_4.csv
1903,0,0,0,Reader_2_5.csv
1903,0,0,0,Reader_2_6.csv
1903,2,2,0,Reader_2_7.csv
1903,0,0,0,Reader_2_8.csv
1903,0,0,0,Reader_2_9.csv
1903,5,5,0,reader_3_1.csv
1903,1,1,0,Reader_3_2.csv
1903,1,1,0,Reader_3_3.csv
1903,1,1,0,Reader_3_4.csv
1903,6,5,1,Reader_3_5.csv
1903,9,7,2,Reader_3_6.csv
1903,14,12,2,Reader_3_7.csv
1904,3,1,2,Reader_1_1.csv
1904,0,0,0,Reader_1_10.csv
1904,2,2,0,Reader_1_11.csv
1904,0,0,0,Reader_1_12.csv
1904,3,2,1,Reader_1_2.csv
1904,4,1,3,Reader_1_3.csv
1904,3,3,0,Reader_1_4.csv
1904,1,1,0,Reader_1_5.csv
1904,2,2,0,Reader_1_6.csv
1904,1,1,0,Reader_1_7.csv
1904,0,0,0,Reader_1_8.csv
1904,0,0,0,Reader_1_9.csv
1904,2,2,0,Reader_2_1.csv
1904,0,0,0,Reader_2_10.csv
1904,1,1,0,Reader_2_11.csv
1904,2,1,1,Reader_2_12.csv
1904,0,0,0,Reader_2_2.csv
1904,0,0,0,Reader_2_3.csv
1904,1,1,0,Reader_2_4.csv
1904,0,0,0,Reader_2_5.csv
1904,0,0,0,Reader_2_6.csv
1904,2,2,0,Reader_2_7.csv
1904,0,0,0,Reader_2_8.csv
1904,0,0,0,Reader_2_9.csv
1904,4,4,0,reader_3_1.csv
1904,1,1,0,Reader_3_2.csv
1904,1,1,0,Reader_3_3.csv
1904,1,1,0,Reader_3_4.csv
1904,7,6,1,Reader_3_5.csv
1904,10,8,2,Reader_3_6.csv
1904,14,12,2,Reader_3_7.csv
1905,3,1,2,Reader_1_1.csv
1905,0,0,0,Reader_1_10.csv
1905,2,2,0,Reader_1_11.csv
1905,0,0,0,Reader_1_12.csv
1905,4,3,1,Reader_1_2.csv
1905,4,1,3,Reader_1_3.csv
1905,3,3,0,Reader_1_4.csv
1905,1,1,0,Reader_1_5.csv
1905,3,3,0,Reader_1_6.csv
1905,1,1,0,Reader_1_7.csv
1905,0,0,0,Reader_1_8.csv
1905,0,0,0,Reader_1_9.csv
1905,2,2,0,Reader_2_1.csv
1905,0,0,0,Reader_2_10.csv
1905,1,1,0,Reader_2_11.csv
1905,3,1,2,Reader_2_12.csv
1905,0,0,0,Reader_2_2.csv
1905,0,0,0,Reader_2_3.csv
1905,1,1,0,Reader_2_4.csv
1905,0,0,0,Reader_2_5.csv
1905,0,0,0,Reader_2_6.csv
1905,2,2,0,Reader_2_7.csv
1905,0,0,0,Reader_2_8.csv
1905,0,0,0,Reader_2_9.csv
1905,4,4,0,reader_3_1.csv
1905,1,1,0,Reader_3_2.csv
1905,2,2,0,Reader_3_3.csv
1905,2,2,0,Reader_3_4.csv
1905,7,6,1,Reader_3_5.csv
1905,11,9,2,Reader_3_6.csv
1905,11,9,2,Reader_3_7.csv
1906,4,1,3,Reader_1_1.csv
1906,0,0,0,Reader_1_10.csv
1906,2,2,0,Reader_1_11.csv
1906,0,0,0,Reader_1_12.csv
1906,5,4,1,Reader_1_2.csv
1906,3,0,3,Reader_1_3.csv
1906,2,2,0,Reader_1_4.csv
1906,1,1,0,Reader_1_5.csv
1906,3,3,0,Reader_1_6.csv
1906,1,1,0,Reader_1_7.csv
1906,0,0,0,Reader_1_8.csv
1906,0,0,0,Reader_1_9.csv
1906,1,1,0,Reader_2_1.csv
1906,0,0,0,Reader_2_10.csv
1906,1,1,0,Reader_2_11.csv
1906,3,1,2,Reader_2_12.csv
1906,0,0,0,Reader_2_2.csv
1906,0,0,0,Reader_2_3.csv
1906,2,2,0,Reader_2_4.csv
1906,0,0,0,Reader_2_5.csv
1906,0,0,0,Reader_2_6.csv
1906,1,1,0,Reader_2_7.csv
1906,0,0,0,Reader_2_8.csv
1906,0,0,0,Reader_2_9.csv
1906,4,4,0,reader_3_1.csv
1906,1,1,0,Reader_3_2.csv
1906,2,2,0,Reader_3_3.csv
1906,2,2,0,Reader_3_4.csv
1906,6,5,1,Reader_3_5.csv
1906,10,9,1,Reader_3_6.csv
1906,9,7,2,Reader_3_7.csv
1907,3,1,2,Reader_1_1.csv
1907,0,0,0,Reader_1_10.csv
1907,1,1,0,Reader_1_11.csv
1907,0,0,0,Reader_1_12.csv
1907,6,5,1,Reader_1_2.csv
1907,1,0,1,Reader_1_3.csv
1907,2,2,0,Reader_1_4.csv
1907,1,0,1,Reader_1_5.csv
1907,2,2,0,Reader_1_6.csv
1907,2,2,0,Reader_1_7.csv
1907,1,1,0,Reader_1_8.csv
1907,0,0,0,Reader_1_9.csv
1907,1,1,0,Reader_2_1.csv
1907,0,0,0,Reader_2_10.csv
1907,1,1,0,Reader_2_11.csv
1907,5,2,3,Reader_2_12.csv
1907,0,0,0,Reader_2_2.csv
1907,0,0,0,Reader_2_3.csv
1907,1,1,0,Reader_2_4.csv
1907,0,0,0,Reader_2_5.csv
1907,0,0,0,Reader_2_6.csv
1907,1,1,0,Reader_2_7.csv
1907,0,0,0,Reader_2_8.csv
1907,0,0,0,Reader_2_9.csv
1907,3,3,0,reader_3_1.csv
1907,1,1,0,Reader_3_2.csv
1907,2,2,0,Reader_3_3.csv
1907,2,2,0,Reader_3_4.csv
1907,4,3,1,Reader_3_5.csv
1907,11,10,1,Reader_3_6.csv
1907,6,5,1,Reader_3_7.csv
1908,5,2,3,Reader_1_1.csv
1908,0,0,0,Reader_1_10.csv
1908,2,2,0,Reader_1_11.csv
1908,0,0,0,Reader_1_12.csv
1908,7,6,1,Reader_1_2.csv
1908,1,0,1,Reader_1_3.csv
1908,2,2,0,Reader_1_4.csv
1908,2,1,1,Reader_1_5.csv
1908,3,3,0,Reader_1_6.csv
1908,2,2,0,Reader_1_7.csv
1908,1,1,0,Reader_1_8.csv
1908,0,0,0,Reader_1_9.csv
1908,1,1,0,Reader_2_1.csv
1908,0,0,0,Reader_2_10.csv
1908,0,0,0,Reader_2_11.csv
1908,4,1,3,Reader_2_12.csv
1908,0,0,0,Reader_2_2.csv
1908,0,0,0,Reader_2_3.csv
1908,1,1,0,Reader_2_4.csv
1908,0,0,0,Reader_2_5.csv
1908,0,0,0,Reader_2_6.csv
1908,1,1,0,Reader_2_7.csv
1908,0,0,0,Reader_2_8.csv
1908,0,0,0,Reader_2_9.csv
1908,3,3,0,reader_3_1.csv
1908,0,0,0,Reader_3_2.csv
1908,3,3,0,Reader_3_3.csv
1908,3,3,0,Reader_3_4.csv
1908,5,4,1,Reader_3_5.csv
1908,11,10,1,Reader_3_6.csv
1908,6,5,1,Reader_3_7.csv
1909,6,3,3,Reader_1_1.csv
1909,0,0,0,Reader_1_10.csv
1909,2,2,0,Reader_1_11.csv
1909,0,0,0,Reader_1_12.csv
1909,7,7,0,Reader_1_2.csv
1909,1,0,1,Reader_1_3.csv
1909,1,1,0,Reader_1_4.csv
1909,2,1,1,Reader_1_5.csv
1909,4,3,1,Reader_1_6.csv
1909,1,1,0,Reader_1_7.csv
1909,2,2,0,Reader_1_8.csv
1909,0,0,0,Reader_1_9.csv
1909,0,0,0,Reader_2_1.csv
1909,0,0,0,Reader_2_10.csv
1909,0,0,0,Reader_2_11.csv
1909,3,1,2,Reader_2_12.csv
1909,0,0,0,Reader_2_2.csv
1909,0,0,0,Reader_2_3.csv
1909,1,1,0,Reader_2_4.csv
1909,0,0,0,Reader_2_5.csv
1909,0,0,0,Reader_2_6.csv
1909,1,1,0,Reader_2_7.csv
1909,0,0,0,Reader_2_8.csv
1909,0,0,0,Reader_2_9.csv
1909,3,3,0,reader_3_1.csv
1909,0,0,0,Reader_3_2.csv
1909,2,2,0,Reader_3_3.csv
1909,2,2,0,Reader_3_4.csv
1909,3,3,0,Reader_3_5.csv
1909,6,5,1,Reader_3_6.csv
1909,2,1,1,Reader_3_7.csv
1910,5,3,2,Reader_1_1.csv
1910,0,0,0,Reader_1_10.csv
1910,3,3,0,Reader_1_11.csv
1910,0,0,0,Reader_1_12.csv
1910,5,5,0,Reader_1_2.csv
1910,1,0,1,Reader_1_3.csv
1910,0,0,0,Reader_1_4.csv
1910,2,1,1,Reader_1_5.csv
1910,5,4,1,Reader_1_6.csv
1910,1,1,0,Reader_1_7.csv
1910,2,2,0,Reader_1_8.csv
1910,0,0,0,Reader_1_9.csv
1910,0,0,0,Reader_2_1.csv
1910,0,0,0,Reader_2_10.csv
1910,0,0,0,Reader_2_11.csv
1910,6,3,3,Reader_2_12.csv
1910,0,0,0,Reader_2_2.csv
1910,0,0,0,Reader_2_3.csv
1910,1,1,0,Reader_2_4.csv
1910,0,0,0,Reader_2_5.csv
1910,0,0,0,Reader_2_6.csv
1910,0,0,0,Reader_2_7.csv
1910,0,0,0,Reader_2_8.csv
1910,0,0,0,Reader_2_9.csv
1910,3,3,0,reader_3_1.csv
1910,1,0,1,Reader_3_2.csv
1910,2,2,0,Reader_3_3.csv
1910,2,2,0,Reader_3_4.csv
1910,3,3,0,Reader_3_5.csv
1910,5,5,0,Reader_3_6.csv
1910,2,2,0,Reader_3_7.csv
1911,5,3,2,Reader_1_1.csv
1911,1,1,0,Reader_1_10.csv
1911,3,3,0,Reader_1_11.csv
1911,0,0,0,Reader_1_12.csv
1911,6,6,0,Reader_1_2.csv
1911,1,0,1,Reader_1_3.csv
1911,0,0,0,Reader_1_4.csv
1911,2,1,1,Reader_1_5.csv
1911,5,4,1,Reader_1_6.csv
1911,1,1,0,Reader_1_7.csv
1911,2,2,0,Reader_1_8.csv
1911,0,0,0,Reader_1_9.csv
1911,0,0,0,Reader_2_1.csv
1911,0,0,0,Reader_2_10.csv
1911,0,0,0,Reader_2_11.csv
1911,6,3,3,Reader_2_12.csv
1911,0,0,0,Reader_2_2.csv
1911,0,0,0,Reader_2_3.csv
1911,1,1,0,Reader_2_4.csv
1911,0,0,0,Reader_2_5.csv
1911,0,0,0,Reader_2_6.csv
1911,0,0,0,Reader_2_7.csv
1911,0,0,0,Reader_2_8.csv
1911,0,0,0,Reader_2_9.csv
1911,3,3,0,reader_3_1.csv
1911,1,0,1,Reader_3_2.csv
1911,2,2,0,Reader_3_3.csv
1911,2,2,0,Reader_3_4.csv
1911,3,3,0,Reader_3_5.csv
1911,5,5,0,Reader_3_6.csv
1911,2,2,0,Reader_3_7.csv
1912,5,3,2,Reader_1_1.csv
1912,1,1,0,Reader_1_10.csv
1912,4,4,0,Reader_1_11.csv
1912,0,0,0,Reader_1_12.csv
1912,6,6,0,Reader_1_2.csv
1912,0,0,0,Reader_1_3.csv
1912,0,0,0,Reader_1_4.csv
1912,2,1,1,Reader_1_5.csv
1912,4,3,1,Reader_1_6.csv
1912,1,1,0,Reader_1_7.csv
1912,2,2,0,Reader_1_8.csv
1912,0,0,0,Reader_1_9.csv
1912,2,2,0,Reader_2_1.csv
1912,0,0,0,Reader_2_10.csv
1912,0,0,0,Reader_2_11.csv
1912,7,3,4,Reader_2_12.csv
1912,1,0,1,Reader_2_2.csv
1912,0,0,0,Reader_2_3.csv
1912,1,1,0,Reader_2_4.csv
1912,0,0,0,Reader_2_5.csv
1912,0,0,0,Reader_2_6.csv
1912,0,0,0,Reader_2_7.csv
1912,0,0,0,Reader_2_8.csv
1912,0,0,0,Reader_2_9.csv
1912,4,4,0,reader_3_1.csv
1912,1,0,1,Reader_3_2.csv
1912,2,2,0,Reader_3_3.csv
1912,2,2,0,Reader_3_4.csv
1912,2,2,0,Reader_3_5.csv
1912,4,4,0,Reader_3_6.csv
1912,2,2,0,Reader_3_7.csv
1913,5,3,2,Reader_1_1.csv
1913,1,1,0,Reader_1_10.csv
1913,4,4,0,Reader_1_11.csv
1913,0,0,0,Reader_1_12.csv
1913,6,6,0,Reader_1_2.csv
1913,1,1,0,Reader_1_3.csv
1913,0,0,0,Reader_1_4.csv
1913,3,2,1,Reader_1_5.csv
1913,3,2,1,Reader_1_6.csv
1913,1,1,0,Reader_1_7.csv
1913,2,2,0,Reader_1_8.csv
1913,0,0,0,Reader_1_9.csv
1913,3,3,0,Reader_2_1.csv
1913,0,0,0,Reader_2_10.csv
1913,0,0,0,Reader_2_11.csv
1913,7,4,3,Reader_2_12.csv
1913,2,1,1,Reader_2_2.csv
1913,0,0,0,Reader_2_3.csv
1913,1,1,0,Reader_2_4.csv
1913,0,0,0,Reader_2_5.csv
1913,0,0,0,Reader_2_6.csv
1913,0,0,0,Reader_2_7.csv
1913,0,0,0,Reader_2_8.csv
1913,0,0,0,Reader_2_9.csv
1913,5,5,0,reader_3_1.csv
1913,3,1,2,Reader_3_2.csv
1913,1,1,0,Reader_3_3.csv
1913,1,1,0,Reader_3_4.csv
1913,2,2,0,Reader_3_5.csv
1913,3,3,0,Reader_3_6.csv
1913,2,2,0,Reader_3_7.csv
1914,4,3,1,Reader_1_1.csv
1914,1,1,0,Reader_1_10.csv
1914,4,4,0,Reader_1_11.csv
1914,0,0,0,Reader_1_12.csv
1914,5,5,0,Reader_1_2.csv
1914,1,1,0,Reader_1_3.csv
1914,0,0,0,Reader_1_4.csv
1914,3,2,1,Reader_1_5.csv
1914,5,4,1,Reader_1_6.csv
1914,1,1,0,Reader_1_7.csv
1914,2,2,0,Reader_1_8.csv
1914,0,0,0,Reader_1_9.csv
1914,4,4,0,Reader_2_1.csv
1914,0,0,0,Reader_2_10.csv
1914,0,0,0,Reader_2_11.csv
1914,7,4,3,Reader_2_12.csv
1914,2,1,1,Reader_2_2.csv
1914,0,0,0,Reader_2_3.csv
1914,0,0,0,Reader_2_4.csv
1914,0,0,0,Reader_2_5.csv
1914,0,0,0,Reader_2_6.csv
1914,0,0,0,Reader_2_7.csv
1914,0,0,0,Reader_2_8.csv
1914,0,0,0,Reader_2_9.csv
1914,5,5,0,reader_3_1.csv
1914,5,3,2,Reader_3_2.csv
1914,1,1,0,Reader_3_3.csv
1914,1,1,0,Reader_3_4.csv
1914,2,2,0,Reader_3_5.csv
1914,4,4,0,Reader_3_6.csv
1914,2,2,0,Reader_3_7.csv
1915,4,3,1,Reader_1_1.csv
1915,1,1,0,Reader_1_10.csv
1915,5,5,0,Reader_1_11.csv
1915,0,0,0,Reader_1_12.csv
1915,5,5,0,Reader_1_2.csv
1915,2,1,1,Reader_1_3.csv
1915,0,0,0,Reader_1_4.csv
1915,2,2,0,Reader_1_5.csv
1915,7,6,1,Reader_1_6.csv
1915,0,0,0,Reader_1_7.csv
1915,1,1,0,Reader_1_8.csv
1915,0,0,0,Reader_1_9.csv
1915,4,4,0,Reader_2_1.csv
1915,0,0,0,Reader_2_10.csv
1915,0,0,0,Reader_2_11.csv
1915,6,4,2,Reader_2_12.csv
1915,2,1,1,Reader_2_2.csv
1915,0,0,0,Reader_2_3.csv
1915,1,1,0,Reader_2_4.csv
1915,0,0,0,Reader_2_5.csv
1915,0,0,0,Reader_2_6.csv
1915,1,1,0,Reader_2_7.csv
1915,0,0,0,Reader_2_8.csv
1915,0,0,0,Reader_2_9.csv
1915,5,5,0,reader_3_1.csv
1915,5,3,2,Reader_3_2.csv
1915,1,1,0,Reader_3_3.csv
1915,1,1,0,Reader_3_4.csv
1915,3,3,0,Reader_3_5.csv
1915,2,2,0,Reader_3_6.csv
1915,3,3,0,Reader_3_7.csv
1916,3,3,0,Reader_1_1.csv
1916,1,1,0,Reader_1_10.csv
1916,5,5,0,Reader_1_11.csv
1916,0,0,0,Reader_1_12.csv
1916,5,5,0,Reader_1_2.csv
1916,2,1,1,Reader_1_3.csv
1916,0,0,0,Reader_1_4.csv
1916,2,2,0,Reader_1_5.csv
1916,8,7,1,Reader_1_6.csv
1916,2,1,1,Reader_1_7.csv
1916,1,1,0,Reader_1_8.csv
1916,0,0,0,Reader_1_9.csv
1916,4,4,0,Reader_2_1.csv
1916,0,0,0,Reader_2_10.csv
1916,0,0,0,Reader_2_11.csv
1916,8,6,2,Reader_2_12.csv
1916,2,1,1,Reader_2_2.csv
1916,0,0,0,Reader_2_3.csv
1916,1,1,0,Reader_2_4.csv
1916,0,0,0,Reader_2_5.csv
1916,0,0,0,Reader_2_6.csv
1916,1,1,0,Reader_2_7.csv
1916,0,0,0,Reader_2_8.csv
1916,0,0,0,Reader_2_9.csv
1916,6,6,0,reader_3_1.csv
1916,5,3,2,Reader_3_2.csv
1916,0,0,0,Reader_3_3.csv
1916,0,0,0,Reader_3_4.csv
1916,2,2,0,Reader_3_5.csv
1916,2,2,0,Reader_3_6.csv
1916,3,3,0,Reader_3_7.csv
1917,3,3,0,Reader_1_1.csv
1917,1,1,0,Reader_1_10.csv
1917,5,5,0,Reader_1_11.csv
1917,0,0,0,Reader_1_12.csv
1917,4,4,0,Reader_1_2.csv
1917,2,1,1,Reader_1_3.csv
1917,0,0,0,Reader_1_4.csv
1917,2,2,0,Reader_1_5.csv
1917,7,7,0,Reader_1_6.csv
1917,2,1,1,Reader_1_7.csv
1917,0,0,0,Reader_1_8.csv
1917,0,0,0,Reader_1_9.csv
1917,4,4,0,Reader_2_1.csv
1917,0,0,0,Reader_2_10.csv
1917,0,0,0,Reader_2_11.csv
1917,9,8,1,Reader_2_12.csv
1917,3,2,1,Reader_2_2.csv
1917,0,0,0,Reader_2_3.csv
1917,1,1,0,Reader_2_4.csv
1917,0,0,0,Reader_2_5.csv
1917,0,0,0,Reader_2_6.csv
1917,1,1,0,Reader_2_7.csv
1917,0,0,0,Reader_2_8.csv
1917,0,0,0,Reader_2_9.csv
1917,5,5,0,reader_3_1.csv
1917,5,3,2,Reader_3_2.csv
1917,2,2,0,Reader_3_3.csv
1917,2,2,0,Reader_3_4.csv
1917,3,3,0,Reader_3_5.csv
1917,2,2,0,Reader_3_6.csv
1917,4,4,0,Reader_3_7.csv
1918,5,5,0,Reader_1_1.csv
1918,1,1,0,Reader_1_10.csv
1918,3,3,0,Reader_1_11.csv
1918,0,0,0,Reader_1_12.csv
1918,6,6,0,Reader_1_2.csv
1918,2,1,1,Reader_1_3.csv
1918,0,0,0,Reader_1_4.csv
1918,2,2,0,Reader_1_5.csv
1918,7,6,1,Reader_1_6.csv
1918,2,1,1,Reader_1_7.csv
1918,1,1,0,Reader_1_8.csv
1918,0,0,0,Reader_1_9.csv
1918,4,4,0,Reader_2_1.csv
1918,0,0,0,Reader_2_10.csv
1918,0,0,0,Reader_2_11.csv
1918,8,7,1,Reader_2_12.csv
1918,3,2,1,Reader_2_2.csv
1918,0,0,0,Reader_2_3.csv
1918,1,1,0,Reader_2_4.csv
1918,0,0,0,Reader_2_5.csv
1918,0,0,0,Reader_2_6.csv
1918,1,1,0,Reader_2_7.csv
1918,0,0,0,Reader_2_8.csv
1918,0,0,0,Reader_2_9.csv
1918,4,4,0,reader_3_1.csv
1918,6,5,1,Reader_3_2.csv
1918,2,2,0,Reader_3_3.csv
1918,2,2,0,Reader_3_4.csv
1918,4,4,0,Reader_3_5.csv
1918,2,1,1,Reader_3_6.csv
1918,4,4,0,Reader_3_7.csv
1919,6,6,0,Reader_1_1.csv
1919,0,0,0,Reader_1_10.csv
1919,3,3,0,Reader_1_11.csv
1919,0,0,0,Reader_1_12.csv
1919,6,6,0,Reader_1_2.csv
1919,2,1,1,Reader_1_3.csv
1919,0,0,0,Reader_1_4.csv
1919,2,2,0,Reader_1_5.csv
1919,9,8,1,Reader_1_6.csv
1919,3,2,1,Reader_1_7.csv
1919,1,1,0,Reader_1_8.csv
1919,0,0,0,Reader_1_9.csv
1919,4,4,0,Reader_2_1.csv
1919,0,0,0,Reader_2_10.csv
1919,0,0,0,Reader_2_11.csv
1919,8,7,1,Reader_2_12.csv
1919,3,2,1,Reader_2_2.csv
1919,0,0,0,Reader_2_3.csv
1919,1,1,0,Reader_2_4.csv
1919,0,0,0,Reader_2_5.csv
1919,0,0,0,Reader_2_6.csv
1919,1,1,0,Reader_2_7.csv
1919,0,0,0,Reader_2_8.csv
1919,0,0,0,Reader_2_9.csv
1919,3,3,0,reader_3_1.csv
1919,6,5,1,Reader_3_2.csv
1919,2,2,0,Reader_3_3.csv
1919,2,2,0,Reader_3_4.csv
1919,4,4,0,Reader_3_5.csv
1919,3,2,1,Reader_3_6.csv
1919,5,5,0,Reader_3_7.csv
1920,7,7,0,Reader_1_1.csv
1920,0,0,0,Reader_1_10.csv
1920,2,2,0,Reader_1_11.csv
1920,0,0,0,Reader_1_12.csv
1920,8,8,0,Reader_1_2.csv
1920,2,1,1,Reader_1_3.csv
1920,0,0,0,Reader_1_4.csv
1920,3,2,1,Reader_1_5.csv
1920,10,8,2,Reader_1_6.csv
1920,3,2,1,Reader_1_7.csv
1920,2,1,1,Reader_1_8.csv
1920,0,0,0,Reader_1_9.csv
1920,2,2,0,Reader_2_1.csv
1920,0,0,0,Reader_2_10.csv
1920,0,0,0,Reader_2_11.csv
1920,7,7,0,Reader_2_12.csv
1920,3,3,0,Reader_2_2.csv
1920,0,0,0,Reader_2_3.csv
1920,1,1,0,Reader_2_4.csv
1920,0,0,0,Reader_2_5.csv
1920,0,0,0,Reader_2_6.csv
1920,1,1,0,Reader_2_7.csv
1920,0,0,0,Reader_2_8.csv
1920,0,0,0,Reader_2_9.csv
1920,2,2,0,reader_3_1.csv
1920,6,5,1,Reader_3_2.csv
1920,3,3,0,Reader_3_3.csv
1920,3,3,0,Reader_3_4.csv
1920,4,4,0,Reader_3_5.csv
1920,3,2,1,Reader_3_6.csv
1920,4,4,0,Reader_3_7.csv
1921,8,8,0,Reader_1_1.csv
1921,0,0,0,Reader_1_10.csv
1921,2,2,0,Reader_1_11.csv
1921,0,0,0,Reader_1_12.csv
1921,11,11,0,Reader_1_2.csv
1921,1,0,1,Reader_1_3.csv
1921,0,0,0,Reader_1_4.csv
1921,2,1,1,Reader_1_5.csv
1921,11,9,2,Reader_1_6.csv
1921,3,2,1,Reader_1_7.csv
1921,2,1,1,Reader_1_8.csv
1921,0,0,0,Reader_1_9.csv
1921,1,1,0,Reader_2_1.csv
1921,0,0,0,Reader_2_10.csv
1921,1,1,0,Reader_2_11.csv
1921,7,7,0,Reader_2_12.csv
1921,2,2,0,Reader_2_2.csv
1921,0,0,0,Reader_2_3.csv
1921,1,1,0,Reader_2_4.csv
1921,0,0,0,Reader_2_5.csv
1921,0,0,0,Reader_2_6.csv
1921,1,1,0,Reader_2_7.csv
1921,0,0,0,Reader_2_8.csv
1921,2,2,0,Reader_2_9.csv
1921,1,1,0,reader_3_1.csv
1921,5,5,0,Reader_3_2.csv
1921,5,5,0,Reader_3_3.csv
1921,5,5,0,Reader_3_4.csv
1921,3,3,0,Reader_3_5.csv
1921,4,3,1,Reader_3_6.csv
1921,4,4,0,Reader_3_7.csv
1922,9,9,0,Reader_1_1.csv
1922,0,0,0,Reader_1_10.csv
1922,3,3,0,Reader_1_11.csv
1922,0,0,0,Reader_1_12.csv
1922,13,13,0,Reader_1_2.csv
1922,6,2,4,Reader_1_3.csv
1922,0,0,0,Reader_1_4.csv
1922,3,1,2,Reader_1_5.csv
1922,9,7,2,Reader_1_6.csv
1922,3,2,1,Reader_1_7.csv
1922,2,1,1,Reader_1_8.csv
1922,0,0,0,Reader_1_9.csv
1922,0,0,0,Reader_2_1.csv
1922,0,0,0,Reader_2_10.csv
1922,1,1,0,Reader_2_11.csv
1922,8,8,0,Reader_2_12.csv
1922,2,2,0,Reader_2_2.csv
1922,0,0,0,Reader_2_3.csv
1922,2,2,0,Reader_2_4.csv
1922,0,0,0,Reader_2_5.csv
1922,0,0,0,Reader_2_6.csv
1922,1,1,0,Reader_2_7.csv
1922,0,0,0,Reader_2_8.csv
1922,2,2,0,Reader_2_9.csv
1922,1,1,0,reader_3_1.csv
1922,5,4,1,Reader_3_2.csv
1922,7,7,0,Reader_3_3.csv
1922,7,7,0,Reader_3_4.csv
1922,4,4,0,Reader_3_5.csv
1922,3,2,1,Reader_3_6.csv
1922,4,4,0,Reader_3_7.csv
1923,10,10,0,Reader_1_1.csv
1923,0,0,0,Reader_1_10.csv
1923,2,2,0,Reader_1_11.csv
1923,0,0,0,Reader_1_12.csv
1923,12,12,0,Reader_1_2.csv
1923,5,2,3,Reader_1_3.csv
1923,0,0,0,Reader_1_4.csv
1923,4,2,2,Reader_1_5.csv
1923,7,5,2,Reader_1_6.csv
1923,3,2,1,Reader_1_7.csv
1923,2,1,1,Reader_1_8.csv
1923,0,0,0,Reader_1_9.csv
1923,0,0,0,Reader_2_1.csv
1923,0,0,0,Reader_2_10.csv
1923,1,1,0,Reader_2_11.csv
1923,8,8,0,Reader_2_12.csv
1923,4,4,0,Reader_2_2.csv
1923,0,0,0,Reader_2_3.csv
1923,1,1,0,Reader_2_4.csv
1923,0,0,0,Reader_2_5.csv
1923,0,0,0,Reader_2_6.csv
1923,0,0,0,Reader_2_7.csv
1923,0,0,0,Reader_2_8.csv
1923,2,2,0,Reader_2_9.csv
1923,2,2,0,reader_3_1.csv
1923,5,4,1,Reader_3_2.csv
1923,8,8,0,Reader_3_3.csv
1923,8,8,0,Reader_3_4.csv
1923,4,4,0,Reader_3_5.csv
1923,3,2,1,Reader_3_6.csv
1923,3,3,0,Reader_3_7.csv
1924,10,10,0,Reader_1_1.csv
1924,0,0,0,Reader_1_10.csv
1924,2,2,0,Reader_1_11.csv
1924,0,0,0,Reader_1_12.csv
1924,11,11,0,Reader_1_2.csv
1924,5,2,3,Reader_1_3.csv
1924,0,0,0,Reader_1_4.csv
1924,3,1,2,Reader_1_5.csv
1924,6,4,2,Reader_1_6.csv
1924,3,3,0,Reader_1_7.csv
1924,2,1,1,Reader_1_8.csv
1924,0,0,0,Reader_1_9.csv
1924,0,0,0,Reader_2_1.csv
1924,0,0,0,Reader_2_10.csv
1924,2,1,1,Reader_2_11.csv
1924,6,6,0,Reader_2_12.csv
1924,4,4,0,Reader_2_2.csv
1924,0,0,0,Reader_2_3.csv
1924,1,1,0,Reader_2_4.csv
1924,0,0,0,Reader_2_5.csv
1924,0,0,0,Reader_2_6.csv
1924,0,0,0,Reader_2_7.csv
1924,0,0,0,Reader_2_8.csv
1924,2,2,0,Reader_2_9.csv
1924,2,2,0,reader_3_1.csv
1924,5,4,1,Reader_3_2.csv
1924,9,8,1,Reader_3_3.csv
1924,9,8,1,Reader_3_4.csv
1924,5,5,0,Reader_3_5.csv
1924,3,2,1,Reader_3_6.csv
1924,3,3,0,Reader_3_7.csv
1925,11,11,0,Reader_1_1.csv
1925,0,0,0,Reader_1_10.csv
1925,3,2,1,Reader_1_11.csv
1925,0,0,0,Reader_1_12.csv
1925,12,12,0,Reader_1_2.csv
1925,5,2,3,Reader_1_3.csv
1925,0,0,0,Reader_1_4.csv
1925,3,1,2,Reader_1_5.csv
1925,7,5,2,Reader_1_6.csv
1925,3,3,0,Reader_1_7.csv
1925,2,1,1,Reader_1_8.csv
1925,0,0,0,Reader_1_9.csv
1925,1,0,1,Reader_2_1.csv
1925,0,0,0,Reader_2_10.csv
1925,2,1,1,Reader_2_11.csv
1925,4,4,0,Reader_2_12.csv
1925,3,3,0,Reader_2_2.csv
1925,0,0,0,Reader_2_3.csv
1925,1,1,0,Reader_2_4.csv
1925,0,0,0,Reader_2_5.csv
1925,0,0,0,Reader_2_6.csv
1925,0,0,0,Reader_2_7.csv
1925,0,0,0,Reader_2_8.csv
1925,2,2,0,Reader_2_9.csv
1925,2,2,0,reader_3_1.csv
1925,5,4,1,Reader_3_2.csv
1925,8,7,1,Reader_3_3.csv
1925,8,7,1,Reader_3_4.csv
1925,4,4,0,Reader_3_5.csv
1925,3,2,1,Reader_3_6.csv
1925,2,2,0,Reader_3_7.csv
1926,9,9,0,Reader_1_1.csv
1926,0,0,0,Reader_1_10.csv
1926,3,2,1,Reader_1_11.csv
1926,0,0,0,Reader_1_12.csv
1926,12,12,0,Reader_1_2.csv
1926,7,3,4,Reader_1_3.csv
1926,0,0,0,Reader_1_4.csv
1926,3,1,2,Reader_1_5.csv
1926,6,5,1,Reader_1_6.csv
1926,3,3,0,Reader_1_7.csv
1926,1,0,1,Reader_1_8.csv
1926,0,0,0,Reader_1_9.csv
1926,1,0,1,Reader_2_1.csv
1926,0,0,0,Reader_2_10.csv
1926,2,1,1,Reader_2_11.csv
1926,5,5,0,Reader_2_12.csv
1926,3,3,0,Reader_2_2.csv
1926,0,0,0,Reader_2_3.csv
1926,1,1,0,Reader_2_4.csv
1926,0,0,0,Reader_2_5.csv
1926,0,0,0,Reader_2_6.csv
1926,0,0,0,Reader_2_7.csv
1926,0,0,0,Reader_2_8.csv
1926,2,2,0,Reader_2_9.csv
1926,2,2,0,reader_3_1.csv
1926,3,2,1,Reader_3_2.csv
1926,8,7,1,Reader_3_3.csv
1926,8,7,1,Reader_3_4.csv
1926,3,3,0,Reader_3_5.csv
1926,2,2,0,Reader_3_6.csv
1926,1,1,0,Reader_3_7.csv
1927,9,8,1,Reader_1_1.csv
1927,0,0,0,Reader_1_10.csv
1927,3,2,1,Reader_1_11.csv
1927,0,0,0,Reader_1_12.csv
1927,11,11,0,Reader_1_2.csv
1927,8,4,4,Reader_1_3.csv
1927,0,0,0,Reader_1_4.csv
1927,3,1,2,Reader_1_5.csv
1927,4,3,1,Reader_1_6.csv
1927,2,2,0,Reader_1_7.csv
1927,2,1,1,Reader_1_8.csv
1927,0,0,0,Reader_1_9.csv
1927,1,0,1,Reader_2_1.csv
1927,0,0,0,Reader_2_10.csv
1927,2,1,1,Reader_2_11.csv
1927,5,5,0,Reader_2_12.csv
1927,3,3,0,Reader_2_2.csv
1927,0,0,0,Reader_2_3.csv
1927,1,1,0,Reader_2_4.csv
1927,0,0,0,Reader_2_5.csv
1927,0,0,0,Reader_2_6.csv
1927,0,0,0,Reader_2_7.csv
1927,0,0,0,Reader_2_8.csv
1927,2,2,0,Reader_2_9.csv
1927,3,3,0,reader_3_1.csv
1927,3,2,1,Reader_3_2.csv
1927,8,7,1,Reader_3_3.csv
1927,8,7,1,Reader_3_4.csv
1927,3,3,0,Reader_3_5.csv
1927,1,1,0,Reader_3_6.csv
1927,0,0,0,Reader_3_7.csv
1928,8,7,1,Reader_1_1.csv
1928,0,0,0,Reader_1_10.csv
1928,3,2,1,Reader_1_11.csv
1928,0,0,0,Reader_1_12.csv
1928,10,10,0,Reader_1_2.csv
1928,9,5,4,Reader_1_3.csv
1928,0,0,0,Reader_1_4.csv
1928,3,1,2,Reader_1_5.csv
1928,4,4,0,Reader_1_6.csv
1928,2,2,0,Reader_1_7.csv
1928,1,1,0,Reader_1_8.csv
1928,0,0,0,Reader_1_9.csv
1928,1,0,1,Reader_2_1.csv
1928,0,0,0,Reader_2_10.csv
1928,2,1,1,Reader_2_11.csv
1928,6,6,0,Reader_2_12.csv
1928,2,2,0,Reader_2_2.csv
1928,0,0,0,Reader_2_3.csv
1928,1,1,0,Reader_2_4.csv
1928,0,0,0,Reader_2_5.csv
1928,0,0,0,Reader_2_6.csv
1928,0,0,0,Reader_2_7.csv
1928,0,0,0,Reader_2_8.csv
1928,2,2,0,Reader_2_9.csv
1928,3,3,0,reader_3_1.csv
1928,3,2,1,Reader_3_2.csv
1928,8,7,1,Reader_3_3.csv
1928,8,7,1,Reader_3_4.csv
1928,5,5,0,Reader_3_5.csv
1928,1,1,0,Reader_3_6.csv
1928,1,0,1,Reader_3_7.csv
1929,8,7,1,Reader_1_1.csv
1929,0,0,0,Reader_1_10.csv
1929,3,2,1,Reader_1_11.csv
1929,0,0,0,Reader_1_12.csv
1929,6,6,0,Reader_1_2.csv
1929,10,5,5,Reader_1_3.csv
1929,0,0,0,Reader_1_4.csv
1929,3,1,2,Reader_1_5.csv
1929,3,3,0,Reader_1_6.csv
1929,2,2,0,Reader_1_7.csv
1929,1,1,0,Reader_1_8.csv
1929,0,0,0,Reader_1_9.csv
1929,1,0,1,Reader_2_1.csv
1929,0,0,0,Reader_2_10.csv
1929,1,0,1,Reader_2_11.csv
1929,7,6,1,Reader_2_12.csv
1929,2,2,0,Reader_2_2.csv
1929,1,1,0,Reader_2_3.csv
1929,1,1,0,Reader_2_4.csv
1929,0,0,0,Reader_2_5.csv
1929,0,0,0,Reader_2_6.csv
1929,0,0,0,Reader_2_7.csv
1929,0,0,0,Reader_2_8.csv
1929,0,0,0,Reader_2_9.csv
1929,4,4,0,reader_3_1.csv
1929,2,1,1,Reader_3_2.csv
1929,7,5,2,Reader_3_3.csv
1929,7,5,2,Reader_3_4.csv
1929,6,6,0,Reader_3_5.csv
1929,0,0,0,Reader_3_6.csv
1929,1,0,1,Reader_3_7.csv
1930,6,5,1,Reader_1_1.csv
1930,0,0,0,Reader_1_10.csv
1930,2,1,1,Reader_1_11.csv
1930,0,0,0,Reader_1_12.csv
1930,4,4,0,Reader_1_2.csv
1930,7,3,4,Reader_1_3.csv
1930,0,0,0,Reader_1_4.csv
1930,2,1,1,Reader_1_5.csv
1930,3,3,0,Reader_1_6.csv
1930,3,3,0,Reader_1_7.csv
1930,1,1,0,Reader_1_8.csv
1930,0,0,0,Reader_1_9.csv
1930,1,0,1,Reader_2_1.csv
1930,0,0,0,Reader_2_10.csv
1930,1,0,1,Reader_2_11.csv
1930,6,5,1,Reader_2_12.csv
1930,3,3,0,Reader_2_2.csv
1930,1,1,0,Reader_2_3.csv
1930,0,0,0,Reader_2_4.csv
1930,0,0,0,Reader_2_5.csv
1930,0,0,0,Reader_2_6.csv
1930,0,0,0,Reader_2_7.csv
1930,0,0,0,Reader_2_8.csv
1930,0,0,0,Reader_2_9.csv
1930,5,5,0,reader_3_1.csv
1930,0,0,0,Reader_3_2.csv
1930,7,5,2,Reader_3_3.csv
1930,7,5,2,Reader_3_4.csv
1930,6,6,0,Reader_3_5.csv
1930,1,1,0,Reader_3_6.csv
1930,1,0,1,Reader_3_7.csv
1931,5,4,1,Reader_1_1.csv
1931,0,0,0,Reader_1_10.csv
1931,2,1,1,Reader_1_11.csv
1931,0,0,0,Reader_1_12.csv
1931,4,4,0,Reader_1_2.csv
1931,7,3,4,Reader_1_3.csv
1931,0,0,0,Reader_1_4.csv
1931,1,0,1,Reader_1_5.csv
1931,5,5,0,Reader_1_6.csv
1931,4,4,0,Reader_1_7.csv
1931,1,1,0,Reader_1_8.csv
1931,0,0,0,Reader_1_9.csv
1931,1,0,1,Reader_2_1.csv
1931,0,0,0,Reader_2_10.csv
1931,1,0,1,Reader_2_11.csv
1931,5,4,1,Reader_2_12.csv
1931,1,1,0,Reader_2_2.csv
1931,3,3,0,Reader_2_3.csv
1931,0,0,0,Reader_2_4.csv
1931,0,0,0,Reader_2_5.csv
1931,0,0,0,Reader_2_6.csv
1931,0,0,0,Reader_2_7.csv
1931,0,0,0,Reader_2_8.csv
1931,0,0,0,Reader_2_9.csv
1931,4,4,0,reader_3_1.csv
1931,0,0,0,Reader_3_2.csv
1931,9,6,3,Reader_3_3.csv
1931,9,6,3,Reader_3_4.csv
1931,6,6,0,Reader_3_5.csv
1931,2,2,0,Reader_3_6.csv
1931,1,0,1,Reader_3_7.csv
1932,6,4,2,Reader_1_1.csv
1932,0,0,0,Reader_1_10.csv
1932,2,1,1,Reader_1_11.csv
1932,0,0,0,Reader_1_12.csv
1932,5,4,1,Reader_1_2.csv
1932,8,3,5,Reader_1_3.csv
1932,0,0,0,Reader_1_4.csv
1932,2,0,2,Reader_1_5.csv
1932,4,4,0,Reader_1_6.csv
1932,3,3,0,Reader_1_7.csv
1932,2,2,0,Reader_1_8.csv
1932,1,0,1,Reader_1_9.csv
1932,2,1,1,Reader_2_1.csv
1932,0,0,0,Reader_2_10.csv
1932,0,0,0,Reader_2_11.csv
1932,5,4,1,Reader_2_12.csv
1932,1,1,0,Reader_2_2.csv
1932,3,3,0,Reader_2_3.csv
1932,1,1,0,Reader_2_4.csv
1932,0,0,0,Reader_2_5.csv
1932,0,0,0,Reader_2_6.csv
1932,0,0,0,Reader_2_7.csv
1932,0,0,0,Reader_2_8.csv
1932,0,0,0,Reader_2_9.csv
1932,3,3,0,reader_3_1.csv
1932,0,0,0,Reader_3_2.csv
1932,10,7,3,Reader_3_3.csv
1932,10,7,3,Reader_3_4.csv
1932,5,5,0,Reader_3_5.csv
1932,2,2,0,Reader_3_6.csv
1932,1,0,1,Reader_3_7.csv
1933,4,2,2,Reader_1_1.csv
1933,0,0,0,Reader_1_10.csv
1933,2,1,1,Reader_1_11.csv
1933,0,0,0,Reader_1_12.csv
1933,4,3,1,Reader_1_2.csv
1933,8,3,5,Reader_1_3.csv
1933,0,0,0,Reader_1_4.csv
1933,3,0,3,Reader_1_5.csv
1933,3,3,0,Reader_1_6.csv
1933,3,3,0,Reader_1_7.csv
1933,2,2,0,Reader_1_8.csv
1933,2,1,1,Reader_1_9.csv
1933,1,1,0,Reader_2_1.csv
1933,0,0,0,Reader_2_10.csv
1933,0,0,0,Reader_2_11.csv
1933,5,4,1,Reader_2_12.csv
1933,1,1,0,Reader_2_2.csv
1933,3,3,0,Reader_2_3.csv
1933,1,1,0,Reader_2_4.csv
1933,0,0,0,Reader_2_5.csv
1933,0,0,0,Reader_2_6.csv
1933,0,0,0,Reader_2_7.csv
1933,0,0,0,Reader_2_8.csv
1933,0,0,0,Reader_2_9.csv
1933,3,3,0,reader_3_1.csv
1933,0,0,0,Reader_3_2.csv
1933,9,6,3,Reader_3_3.csv
1933,9,6,3,Reader_3_4.csv
1933,6,6,0,Reader_3_5.csv
1933,3,3,0,Reader_3_6.csv
1933,1,0,1,Reader_3_7.csv
1934,4,2,2,Reader_1_1.csv
1934,0,0,0,Reader_1_10.csv
1934,3,2,1,Reader_1_11.csv
1934,0,0,0,Reader_1_12.csv
1934,3,2,1,Reader_1_2.csv
1934,6,2,4,Reader_1_3.csv
1934,0,0,0,Reader_1_4.csv
1934,3,0,3,Reader_1_5.csv
1934,3,3,0,Reader_1_6.csv
1934,3,3,0,Reader_1_7.csv
1934,2,2,0,Reader_1_8.csv
1934,2,1,1,Reader_1_9.csv
1934,2,2,0,Reader_2_1.csv
1934,0,0,0,Reader_2_10.csv
1934,0,0,0,Reader_2_11.csv
1934,3,2,1,Reader_2_12.csv
1934,1,1,0,Reader_2_2.csv
1934,3,3,0,Reader_2_3.csv
1934,1,1,0,Reader_2_4.csv
1934,0,0,0,Reader_2_5.csv
1934,1,1,0,Reader_2_6.csv
1934,0,0,0,Reader_2_7.csv
1934,0,0,0,Reader_2_8.csv
1934,0,0,0,Reader_2_9.csv
1934,3,3,0,reader_3_1.csv
1934,1,1,0,Reader_3_2.csv
1934,10,7,3,Reader_3_3.csv
1934,10,7,3,Reader_3_4.csv
1934,7,7,0,Reader_3_5.csv
1934,3,3,0,Reader_3_6.csv
1934,1,0,1,Reader_3_7.csv
1935,5,4,1,Reader_1_1.csv
1935,0,0,0,Reader_1_10.csv
1935,4,3,1,Reader_1_11.csv
1935,0,0,0,Reader_1_12.csv
1935,3,2,1,Reader_1_2.csv
1935,5,1,4,Reader_1_3.csv
1935,0,0,0,Reader_1_4.csv
1935,3,0,3,Reader_1_5.csv
1935,5,4,1,Reader_1_6.csv
1935,4,4,0,Reader_1_7.csv
1935,1,1,0,Reader_1_8.csv
1935,2,1,1,Reader_1_9.csv
1935,2,2,0,Reader_2_1.csv
1935,0,0,0,Reader_2_10.csv
1935,0,0,0,Reader_2_11.csv
1935,4,3,1,Reader_2_12.csv
1935,1,1,0,Reader_2_2.csv
1935,3,3,0,Reader_2_3.csv
1935,1,1,0,Reader_2_4.csv
1935,0,0,0,Reader_2_5.csv
1935,1,1,0,Reader_2_6.csv
1935,0,0,0,Reader_2_7.csv
1935,0,0,0,Reader_2_8.csv
1935,1,1,0,Reader_2_9.csv
1935,3,3,0,reader_3_1.csv
1935,1,1,0,Reader_3_2.csv
1935,11,8,3,Reader_3_3.csv
1935,11,8,3,Reader_3_4.csv
1935,7,7,0,Reader_3_5.csv
1935,3,3,0,Reader_3_6.csv
1935,1,0,1,Reader_3_7.csv
1936,5,4,1,Reader_1_1.csv
1936,0,0,0,Reader_1_10.csv
1936,4,3,1,Reader_1_11.csv
1936,0,0,0,Reader_1_12.csv
1936,2,1,1,Reader_1_2.csv
1936,5,1,4,Reader_1_3.csv
1936,0,0,0,Reader_1_4.csv
1936,2,0,2,Reader_1_5.csv
1936,4,3,1,Reader_1_6.csv
1936,4,4,0,Reader_1_7.csv
1936,2,1,1,Reader_1_8.csv
1936,2,1,1,Reader_1_9.csv
1936,2,2,0,Reader_2_1.csv
1936,0,0,0,Reader_2_10.csv
1936,0,0,0,Reader_2_11.csv
1936,4,3,1,Reader_2_12.csv
1936,1,1,0,Reader_2_2.csv
1936,3,3,0,Reader_2_3.csv
1936,1,1,0,Reader_2_4.csv
1936,0,0,0,Reader_2_5.csv
1936,1,1,0,Reader_2_6.csv
1936,0,0,0,Reader_2_7.csv
1936,0,0,0,Reader_2_8.csv
1936,2,2,0,Reader_2_9.csv
1936,3,3,0,reader_3_1.csv
1936,1,1,0,Reader_3_2.csv
1936,12,8,4,Reader_3_3.csv
1936,12,8,4,Reader_3_4.csv
1936,5,5,0,Reader_3_5.csv
1936,4,4,0,Reader_3_6.csv
1936,0,0,0,Reader_3_7.csv
1937,5,4,1,Reader_1_1.csv
1937,0,0,0,Reader_1_10.csv
1937,5,4,1,Reader_1_11.csv
1937,0,0,0,Reader_1_12.csv
1937,2,1,1,Reader_1_2.csv
1937,5,2,3,Reader_1_3.csv
1937,0,0,0,Reader_1_4.csv
1937,2,0,2,Reader_1_5.csv
1937,4,3,1,Reader_1_6.csv
1937,4,4,0,Reader_1_7.csv
1937,2,1,1,Reader_1_8.csv
1937,2,1,1,Reader_1_9.csv
1937,2,2,0,Reader_2_1.csv
1937,0,0,0,Reader_2_10.csv
1937,0,0,0,Reader_2_11.csv
1937,2,2,0,Reader_2_12.csv
1937,1,1,0,Reader_2_2.csv
1937,2,2,0,Reader_2_3.csv
1937,1,1,0,Reader_2_4.csv
1937,0,0,0,Reader_2_5.csv
1937,1,1,0,Reader_2_6.csv
1937,0,0,0,Reader_2_7.csv
1937,0,0,0,Reader_2_8.csv
1937,2,2,0,Reader_2_9.csv
1937,3,3,0,reader_3_1.csv
1937,2,2,0,Reader_3_2.csv
1937,13,8,5,Reader_3_3.csv
1937,13,8,5,Reader_3_4.csv
1937,5,5,0,Reader_3_5.csv
1937,5,4,1,Reader_3_6.csv
1937,0,0,0,Reader_3_7.csv
1938,7,4,3,Reader_1_1.csv
1938,0,0,0,Reader_1_10.csv
1938,5,4,1,Reader_1_11.csv
1938,0,0,0,Reader_1_12.csv
1938,3,1,2,Reader_1_2.csv
1938,3,2,1,Reader_1_3.csv
1938,0,0,0,Reader_1_4.csv
1938,2,0,2,Reader_1_5.csv
1938,4,3,1,Reader_1_6.csv
1938,3,3,0,Reader_1_7.csv
1938,2,1,1,Reader_1_8.csv
1938,2,1,1,Reader_1_9.csv
1938,2,2,0,Reader_2_1.csv
1938,0,0,0,Reader_2_10.csv
1938,0,0,0,Reader_2_11.csv
1938,6,5,1,Reader_2_12.csv
1938,0,0,0,Reader_2_2.csv
1938,2,2,0,Reader_2_3.csv
1938,1,1,0,Reader_2_4.csv
1938,0,0,0,Reader_2_5.csv
1938,1,1,0,Reader_2_6.csv
1938,0,0,0,Reader_2_7.csv
1938,0,0,0,Reader_2_8.csv
1938,2,2,0,Reader_2_9.csv
1938,2,2,0,reader_3_1.csv
1938,2,2,0,Reader_3_2.csv
1938,11,6,5,Reader_3_3.csv
1938,11,6,5,Reader_3_4.csv
1938,6,5,1,Reader_3_5.csv
1938,5,4,1,Reader_3_6.csv
1938,1,1,0,Reader_3_7.csv
1939,7,4,3,Reader_1_1.csv
1939,0,0,0,Reader_1_10.csv
1939,6,5,1,Reader_1_11.csv
1939,0,0,0,Reader_1_12.csv
1939,3,1,2,Reader_1_2.csv
1939,3,2,1,Reader_1_3.csv
1939,1,1,0,Reader_1_4.csv
1939,2,0,2,Reader_1_5.csv
1939,4,2,2,Reader_1_6.csv
1939,2,2,0,Reader_1_7.csv
1939,2,1,1,Reader_1_8.csv
1939,2,1,1,Reader_1_9.csv
1939,3,3,0,Reader_2_1.csv
1939,0,0,0,Reader_2_10.csv
1939,0,0,0,Reader_2_11.csv
1939,6,5,1,Reader_2_12.csv
1939,0,0,0,Reader_2_2.csv
1939,0,0,0,Reader_2_3.csv
1939,1,1,0,Reader_2_4.csv
1939,0,0,0,Reader_2_5.csv
1939,1,1,0,Reader_2_6.csv
1939,0,0,0,Reader_2_7.csv
1939,0,0,0,Reader_2_8.csv
1939,2,2,0,Reader_2_9.csv
1939,2,2,0,reader_3_1.csv
1939,2,2,0,Reader_3_2.csv
1939,9,5,4,Reader_3_3.csv
1939,9,5,4,Reader_3_4.csv
1939,6,4,2,Reader_3_5.csv
1939,5,4,1,Reader_3_6.csv
1939,1,1,0,Reader_3_7.csv
1940,6,4,2,Reader_1_1.csv
1940,0,0,0,Reader_1_10.csv
1940,5,4,1,Reader_1_11.csv
1940,0,0,0,Reader_1_12.csv
1940,2,1,1,Reader_1_2.csv
1940,3,2,1,Reader_1_3.csv
1940,1,1,0,Reader_1_4.csv
1940,1,0,1,Reader_1_5.csv
1940,4,2,2,Reader_1_6.csv
1940,1,1,0,Reader_1_7.csv
1940,1,0,1,Reader_1_8.csv
1940,1,1,0,Reader_1_9.csv
1940,3,2,1,Reader_2_1.csv
1940,0,0,0,Reader_2_10.csv
1940,0,0,0,Reader_2_11.csv
1940,7,6,1,Reader_2_12.csv
1940,0,0,0,Reader_2_2.csv
1940,0,0,0,Reader_2_3.csv
1940,0,0,0,Reader_2_4.csv
1940,0,0,0,Reader_2_5.csv
1940,1,1,0,Reader_2_6.csv
1940,0,0,0,Reader_2_7.csv
1940,0,0,0,Reader_2_8.csv
1940,2,2,0,Reader_2_9.csv
1940,2,2,0,reader_3_1.csv
1940,3,3,0,Reader_3_2.csv
1940,10,5,5,Reader_3_3.csv
1940,10,5,5,Reader_3_4.csv
1940,9,6,3,Reader_3_5.csv
1940,5,4,1,Reader_3_6.csv
1940,1,1,0,Reader_3_7.csv
1941,7,5,2,Reader_1_1.csv
1941,0,0,0,Reader_1_10.csv
1941,6,6,0,Reader_1_11.csv
1941,0,0,0,Reader_1_12.csv
1941,2,1,1,Reader_1_2.csv
1941,4,2,2,Reader_1_3.csv
1941,1,1,0,Reader_1_4.csv
1941,0,0,0,Reader_1_5.csv
1941,4,2,2,Reader_1_6.csv
1941,1,1,0,Reader_1_7.csv
1941,1,0,1,Reader_1_8.csv
1941,0,0,0,Reader_1_9.csv
1941,5,3,2,Reader_2_1.csv
1941,0,0,0,Reader_2_10.csv
1941,0,0,0,Reader_2_11.csv
1941,7,6,1,Reader_2_12.csv
1941,0,0,0,Reader_2_2.csv
1941,0,0,0,Reader_2_3.csv
1941,0,0,0,Reader_2_4.csv
1941,0,0,0,Reader_2_5.csv
1941,1,1,0,Reader_2_6.csv
1941,0,0,0,Reader_2_7.csv
1941,0,0,0,Reader_2_8.csv
1941,2,2,0,Reader_2_9.csv
1941,2,2,0,reader_3_1.csv
1941,3,3,0,Reader_3_2.csv
1941,10,5,5,Reader_3_3.csv
1941,10,5,5,Reader_3_4.csv
1941,10,7,3,Reader_3_5.csv
1941,4,3,1,Reader_3_6.csv
1941,1,1,0,Reader_3_7.csv
1942,7,5,2,Reader_1_1.csv
1942,0,0,0,Reader_1_10.csv
1942,6,6,0,Reader_1_11.csv
1942,0,0,0,Reader_1_12.csv
1942,2,1,1,Reader_1_2.csv
1942,4,2,2,Reader_1_3.csv
1942,1,1,0,Reader_1_4.csv
1942,0,0,0,Reader_1_5.csv
1942,5,3,2,Reader_1_6.csv
1942,2,1,1,Reader_1_7.csv
1942,1,0,1,Reader_1_8.csv
1942,0,0,0,Reader_1_9.csv
1942,4,2,2,Reader_2_1.csv
1942,0,0,0,Reader_2_10.csv
1942,0,0,0,Reader_2_11.csv
1942,7,6,1,Reader_2_12.csv
1942,0,0,0,Reader_2_2.csv
1942,0,0,0,Reader_2_3.csv
1942,0,0,0,Reader_2_4.csv
1942,0,0,0,Reader_2_5.csv
1942,0,0,0,Reader_2_6.csv
1942,0,0,0,Reader_2_7.csv
1942,0,0,0,Reader_2_8.csv
1942,2,2,0,Reader_2_9.csv
1942,1,1,0,reader_3_1.csv
1942,2,2,0,Reader_3_2.csv
1942,9,4,5,Reader_3_3.csv
1942,9,4,5,Reader_3_4.csv
1942,11,7,4,Reader_3_5.csv
1942,4,3,1,Reader_3_6.csv
1942,1,1,0,Reader_3_7.csv
1943,6,3,3,Reader_1_1.csv
1943,0,0,0,Reader_1_10.csv
1943,6,6,0,Reader_1_11.csv
1943,0,0,0,Reader_1_12.csv
1943,2,1,1,Reader_1_2.csv
1943,4,2,2,Reader_1_3.csv
1943,1,1,0,Reader_1_4.csv
1943,0,0,0,Reader_1_5.csv
1943,3,2,1,Reader_1_6.csv
1943,1,0,1,Reader_1_7.csv
1943,1,0,1,Reader_1_8.csv
1943,0,0,0,Reader_1_9.csv
1943,4,2,2,Reader_2_1.csv
1943,0,0,0,Reader_2_10.csv
1943,0,0,0,Reader_2_11.csv
1943,6,5,1,Reader_2_12.csv
1943,0,0,0,Reader_2_2.csv
1943,0,0,0,Reader_2_3.csv
1943,0,0,0,Reader_2_4.csv
1943,0,0,0,Reader_2_5.csv
1943,0,0,0,Reader_2_6.csv
1943,0,0,0,Reader_2_7.csv
1943,0,0,0,Reader_2_8.csv
1943,1,1,0,Reader_2_9.csv
1943,1,1,0,reader_3_1.csv
1943,2,2,0,Reader_3_2.csv
1943,9,4,5,Reader_3_3.csv
1943,9,4,5,Reader_3_4.csv
1943,13,8,5,Reader_3_5.csv
1943,4,3,1,Reader_3_6.csv
1943,1,1,0,Reader_3_7.csv
1944,7,4,3,Reader_1_1.csv
1944,0,0,0,Reader_1_10.csv
1944,8,8,0,Reader_1_11.csv
1944,0,0,0,Reader_1_12.csv
1944,2,1,1,Reader_1_2.csv
1944,5,1,4,Reader_1_3.csv
1944,1,1,0,Reader_1_4.csv
1944,0,0,0,Reader_1_5.csv
1944,3,2,1,Reader_1_6.csv
1944,1,0,1,Reader_1_7.csv
1944,1,1,0,Reader_1_8.csv
1944,0,0,0,Reader_1_9.csv
1944,4,2,2,Reader_2_1.csv
1944,0,0,0,Reader_2_10.csv
1944,0,0,0,Reader_2_11.csv
1944,5,4,1,Reader_2_12.csv
1944,0,0,0,Reader_2_2.csv
1944,0,0,0,Reader_2_3.csv
1944,0,0,0,Reader_2_4.csv
1944,0,0,0,Reader_2_5.csv
1944,0,0,0,Reader_2_6.csv
1944,0,0,0,Reader_2_7.csv
1944,0,0,0,Reader_2_8.csv
1944,0,0,0,Reader_2_9.csv
1944,3,3,0,reader_3_1.csv
1944,2,2,0,Reader_3_2.csv
1944,7,3,4,Reader_3_3.csv
1944,7,3,4,Reader_3_4.csv
1944,13,8,5,Reader_3_5.csv
1944,5,4,1,Reader_3_6.csv
1944,2,2,0,Reader_3_7.csv
1945,8,4,4,Reader_1_1.csv
1945,0,0,0,Reader_1_10.csv
1945,8,8,0,Reader_1_11.csv
1945,0,0,0,Reader_1_12.csv
1945,3,1,2,Reader_1_2.csv
1945,4,0,4,Reader_1_3.csv
1945,1,1,0,Reader_1_4.csv
1945,0,0,0,Reader_1_5.csv
1945,3,2,1,Reader_1_6.csv
1945,1,0,1,Reader_1_7.csv
1945,1,1,0,Reader_1_8.csv
1945,0,0,0,Reader_1_9.csv
1945,4,2,2,Reader_2_1.csv
1945,0,0,0,Reader_2_10.csv
1945,0,0,0,Reader_2_11.csv
1945,6,4,2,Reader_2_12.csv
1945,0,0,0,Reader_2_2.csv
1945,0,0,0,Reader_2_3.csv
1945,0,0,0,Reader_2_4.csv
1945,0,0,0,Reader_2_5.csv
1945,0,0,0,Reader_2_6.csv
1945,0,0,0,Reader_2_7.csv
1945,0,0,0,Reader_2_8.csv
1945,0,0,0,Reader_2_9.csv
1945,2,2,0,reader_3_1.csv
1945,1,1,0,Reader_3_2.csv
1945,5,3,2,Reader_3_3.csv
1945,5,3,2,Reader_3_4.csv
1945,12,7,5,Reader_3_5.csv
1945,4,4,0,Reader_3_6.csv
1945,2,2,0,Reader_3_7.csv
1946,6,4,2,Reader_1_1.csv
1946,0,0,0,Reader_1_10.csv
1946,8,8,0,Reader_1_11.csv
1946,0,0,0,Reader_1_12.csv
1946,2,1,1,Reader_1_2.csv
1946,4,0,4,Reader_1_3.csv
1946,2,2,0,Reader_1_4.csv
1946,0,0,0,Reader_1_5.csv
1946,3,2,1,Reader_1_6.csv
1946,1,0,1,Reader_1_7.csv
1946,1,1,0,Reader_1_8.csv
1946,1,1,0,Reader_1_9.csv
1946,4,2,2,Reader_2_1.csv
1946,0,0,0,Reader_2_10.csv
1946,0,0,0,Reader_2_11.csv
1946,2,1,1,Reader_2_12.csv
1946,0,0,0,Reader_2_2.csv
1946,0,0,0,Reader_2_3.csv
1946,0,0,0,Reader_2_4.csv
1946,0,0,0,Reader_2_5.csv
1946,0,0,0,Reader_2_6.csv
1946,0,0,0,Reader_2_7.csv
1946,0,0,0,Reader_2_8.csv
1946,0,0,0,Reader_2_9.csv
1946,3,3,0,reader_3_1.csv
1946,1,1,0,Reader_3_2.csv
1946,6,3,3,Reader_3_3.csv
1946,6,3,3,Reader_3_4.csv
1946,10,6,4,Reader_3_5.csv
1946,3,3,0,Reader_3_6.csv
1946,1,1,0,Reader_3_7.csv
1947,7,5,2,Reader_1_1.csv
1947,1,1,0,Reader_1_10.csv
1947,8,8,0,Reader_1_11.csv
1947,0,0,0,Reader_1_12.csv
1947,2,1,1,Reader_1_2.csv
1947,4,0,4,Reader_1_3.csv
1947,1,1,0,Reader_1_4.csv
1947,0,0,0,Reader_1_5.csv
1947,1,1,0,Reader_1_6.csv
1947,1,0,1,Reader_1_7.csv
1947,1,1,0,Reader_1_8.csv
1947,1,1,0,Reader_1_9.csv
1947,3,1,2,Reader_2_1.csv
1947,0,0,0,Reader_2_10.csv
1947,0,0,0,Reader_2_11.csv
1947,2,1,1,Reader_2_12.csv
1947,0,0,0,Reader_2_2.csv
1947,0,0,0,Reader_2_3.csv
1947,0,0,0,Reader_2_4.csv
1947,0,0,0,Reader_2_5.csv
1947,0,0,0,Reader_2_6.csv
1947,0,0,0,Reader_2_7.csv
1947,0,0,0,Reader_2_8.csv
1947,0,0,0,Reader_2_9.csv
1947,5,5,0,reader_3_1.csv
1947,1,1,0,Reader_3_2.csv
1947,5,2,3,Reader_3_3.csv
1947,5,2,3,Reader_3_4.csv
1947,10,7,3,Reader_3_5.csv
1947,4,4,0,Reader_3_6.csv
1947,2,2,0,Reader_3_7.csv
1948,9,5,4,Reader_1_1.csv
1948,1,1,0,Reader_1_10.csv
1948,8,8,0,Reader_1_11.csv
1948,0,0,0,Reader_1_12.csv
1948,2,1,1,Reader_1_2.csv
1948,3,0,3,Reader_1_3.csv
1948,1,1,0,Reader_1_4.csv
1948,0,0,0,Reader_1_5.csv
1948,1,1,0,Reader_1_6.csv
1948,1,0,1,Reader_1_7.csv
1948,1,1,0,Reader_1_8.csv
1948,1,1,0,Reader_1_9.csv
1948,2,1,1,Reader_2_1.csv
1948,0,0,0,Reader_2_10.csv
1948,0,0,0,Reader_2_11.csv
1948,3,1,2,Reader_2_12.csv
1948,0,0,0,Reader_2_2.csv
1948,0,0,0,Reader_2_3.csv
1948,0,0,0,Reader_2_4.csv
1948,0,0,0,Reader_2_5.csv
1948,0,0,0,Reader_2_6.csv
1948,0,0,0,Reader_2_7.csv
1948,0,0,0,Reader_2_8.csv
1948,0,0,0,Reader_2_9.csv
1948,5,5,0,reader_3_1.csv
1948,0,0,0,Reader_3_2.csv
1948,2,1,1,Reader_3_3.csv
1948,2,1,1,Reader_3_4.csv
1948,9,6,3,Reader_3_5.csv
1948,4,4,0,Reader_3_6.csv
1948,2,2,0,Reader_3_7.csv
1949,8,4,4,Reader_1_1.csv
1949,1,1,0,Reader_1_10.csv
1949,7,7,0,Reader_1_11.csv
1949,1,0,1,Reader_1_12.csv
1949,3,2,1,Reader_1_2.csv
1949,2,0,2,Reader_1_3.csv
1949,1,1,0,Reader_1_4.csv
1949,0,0,0,Reader_1_5.csv
1949,1,1,0,Reader_1_6.csv
1949,1,0,1,Reader_1_7.csv
1949,1,1,0,Reader_1_8.csv
1949,1,1,0,Reader_1_9.csv
1949,0,0,0,Reader_2_1.csv
1949,0,0,0,Reader_2_10.csv
1949,0,0,0,Reader_2_11.csv
1949,4,2,2,Reader_2_12.csv
1949,0,0,0,Reader_2_2.csv
1949,0,0,0,Reader_2_3.csv
1949,0,0,0,Reader_2_4.csv
1949,0,0,0,Reader_2_5.csv
1949,0,0,0,Reader_2_6.csv
1949,0,0,0,Reader_2_7.csv
1949,0,0,0,Reader_2_8.csv
1949,0,0,0,Reader_2_9.csv
1949,6,6,0,reader_3_1.csv
1949,1,0,1,Reader_3_2.csv
1949,3,2,1,Reader_3_3.csv
1949,3,2,1,Reader_3_4.csv
1949,8,5,3,Reader_3_5.csv
1949,5,5,0,Reader_3_6.csv
1949,2,2,0,Reader_3_7.csv
1950,9,4,5,Reader_1_1.csv
1950,1,1,0,Reader_1_10.csv
1950,6,6,0,Reader_1_11.csv
1950,1,0,1,Reader_1_12.csv
1950,3,2,1,Reader_1_2.csv
1950,2,0,2,Reader_1_3.csv
1950,2,2,0,Reader_1_4.csv
1950,0,0,0,Reader_1_5.csv
1950,0,0,0,Reader_1_6.csv
1950,0,0,0,Reader_1_7.csv
1950,1,1,0,Reader_1_8.csv
1950,1,1,0,Reader_1_9.csv
1950,0,0,0,Reader_2_1.csv
1950,0,0,0,Reader_2_10.csv
1950,0,0,0,Reader_2_11.csv
1950,4,2,2,Reader_2_12.csv
1950,1,1,0,Reader_2_2.csv
1950,0,0,0,Reader_2_3.csv
1950,0,0,0,Reader_2_4.csv
1950,0,0,0,Reader_2_5.csv
1950,0,0,0,Reader_2_6.csv
1950,0,0,0,Reader_2_7.csv
1950,0,0,0,Reader_2_8.csv
1950,0,0,0,Reader_2_9.csv
1950,6,6,0,reader_3_1.csv
1950,2,1,1,Reader_3_2.csv
1950,3,2,1,Reader_3_3.csv
1950,3,2,1,Reader_3_4.csv
1950,7,5,2,Reader_3_5.csv
1950,5,5,0,Reader_3_6.csv
1950,2,2,0,Reader_3_7.csv
1951,8,4,4,Reader_1_1.csv
1951,1,1,0,Reader_1_10.csv
1951,5,5,0,Reader_1_11.csv
1951,1,0,1,Reader_1_12.csv
1951,3,2,1,Reader_1_2.csv
1951,3,0,3,Reader_1_3.csv
1951,2,2,0,Reader_1_4.csv
1951,0,0,0,Reader_1_5.csv
1951,0,0,0,Reader_1_6.csv
1951,0,0,0,Reader_1_7.csv
1951,1,1,0,Reader_1_8.csv
1951,1,1,0,Reader_1_9.csv
1951,1,1,0,Reader_2_1.csv
1951,0,0,0,Reader_2_10.csv
1951,0,0,0,Reader_2_11.csv
1951,4,2,2,Reader_2_12.csv
1951,1,1,0,Reader_2_2.csv
1951,0,0,0,Reader_2_3.csv
1951,0,0,0,Reader_2_4.csv
1951,0,0,0,Reader_2_5.csv
1951,0,0,0,Reader_2_6.csv
1951,0,0,0,Reader_2_7.csv
1951,0,0,0,Reader_2_8.csv
1951,0,0,0,Reader_2_9.csv
1951,6,6,0,reader_3_1.csv
1951,2,1,1,Reader_3_2.csv
1951,4,1,3,Reader_3_3.csv
1951,4,1,3,Reader_3_4.csv
1951,6,5,1,Reader_3_5.csv
1951,5,5,0,Reader_3_6.csv
1951,2,2,0,Reader_3_7.csv
1952,8,3,5,Reader_1_1.csv
1952,1,1,0,Reader_1_10.csv
1952,3,3,0,Reader_1_11.csv
1952,1,0,1,Reader_1_12.csv
1952,3,2,1,Reader_1_2.csv
1952,1,0,1,Reader_1_3.csv
1952,2,2,0,Reader_1_4.csv
1952,0,0,0,Reader_1_5.csv
1952,0,0,0,Reader_1_6.csv
1952,0,0,0,Reader_1_7.csv
1952,0,0,0,Reader_1_8.csv
1952,1,1,0,Reader_1_9.csv
1952,1,1,0,Reader_2_1.csv
1952,0,0,0,Reader_2_10.csv
1952,0,0,0,Reader_2_11.csv
1952,5,3,2,Reader_2_12.csv
1952,1,1,0,Reader_2_2.csv
1952,0,0,0,Reader_2_3.csv
1952,0,0,0,Reader_2_4.csv
1952,0,0,0,Reader_2_5.csv
1952,0,0,0,Reader_2_6.csv
1952,0,0,0,Reader_2_7.csv
1952,0,0,0,Reader_2_8.csv
1952,0,0,0,Reader_2_9.csv
1952,6,5,1,reader_3_1.csv
1952,3,1,2,Reader_3_2.csv
1952,7,4,3,Reader_3_3.csv
1952,7,4,3,Reader_3_4.csv
1952,7,6,1,Reader_3_5.csv
1952,3,3,0,Reader_3_6.csv
1952,1,1,0,Reader_3_7.csv
1953,7,2,5,Reader_1_1.csv
1953,2,2,0,Reader_1_10.csv
1953,2,2,0,Reader_1_11.csv
1953,1,0,1,Reader_1_12.csv
1953,3,3,0,Reader_1_2.csv
1953,1,0,1,Reader_1_3.csv
1953,3,3,0,Reader_1_4.csv
1953,0,0,0,Reader_1_5.csv
1953,2,2,0,Reader_1_6.csv
1953,1,1,0,Reader_1_7.csv
1953,0,0,0,Reader_1_8.csv
1953,1,1,0,Reader_1_9.csv
1953,1,1,0,Reader_2_1.csv
1953,0,0,0,Reader_2_10.csv
1953,0,0,0,Reader_2_11.csv
1953,4,3,1,Reader_2_12.csv
1953,1,1,0,Reader_2_2.csv
1953,0,0,0,Reader_2_3.csv
1953,1,1,0,Reader_2_4.csv
1953,0,0,0,Reader_2_5.csv
1953,0,0,0,Reader_2_6.csv
1953,0,0,0,Reader_2_7.csv
1953,0,0,0,Reader_2_8.csv
1953,0,0,0,Reader_2_9.csv
1953,6,5,1,reader_3_1.csv
1953,5,3,2,Reader_3_2.csv
1953,9,6,3,Reader_3_3.csv
1953,9,6,3,Reader_3_4.csv
1953,10,8,2,Reader_3_5.csv
1953,4,3,1,Reader_3_6.csv
1953,1,1,0,Reader_3_7.csv
1954,8,3,5,Reader_1_1.csv
1954,2,2,0,Reader_1_10.csv
1954,2,2,0,Reader_1_11.csv
1954,1,0,1,Reader_1_12.csv
1954,3,3,0,Reader_1_2.csv
1954,1,0,1,Reader_1_3.csv
1954,2,2,0,Reader_1_4.csv
1954,0,0,0,Reader_1_5.csv
1954,2,2,0,Reader_1_6.csv
1954,1,1,0,Reader_1_7.csv
1954,0,0,0,Reader_1_8.csv
1954,0,0,0,Reader_1_9.csv
1954,1,1,0,Reader_2_1.csv
1954,0,0,0,Reader_2_10.csv
1954,0,0,0,Reader_2_11.csv
1954,4,3,1,Reader_2_12.csv
1954,1,1,0,Reader_2_2.csv
1954,0,0,0,Reader_2_3.csv
1954,1,1,0,Reader_2_4.csv
1954,0,0,0,Reader_2_5.csv
1954,1,1,0,Reader_2_6.csv
1954,0,0,0,Reader_2_7.csv
1954,0,0,0,Reader_2_8.csv
1954,0,0,0,Reader_2_9.csv
1954,5,4,1,reader_3_1.csv
1954,5,3,2,Reader_3_2.csv
1954,9,7,2,Reader_3_3.csv
1954,9,7,2,Reader_3_4.csv
1954,11,9,2,Reader_3_5.csv
1954,4,3,1,Reader_3_6.csv
1954,1,1,0,Reader_3_7.csv
1955,7,2,5,Reader_1_1.csv
1955,1,1,0,Reader_1_10.csv
1955,1,1,0,Reader_1_11.csv
1955,1,0,1,Reader_1_12.csv
1955,3,3,0,Reader_1_2.csv
1955,2,0,2,Reader_1_3.csv
1955,2,2,0,Reader_1_4.csv
1955,0,0,0,Reader_1_5.csv
1955,2,2,0,Reader_1_6.csv
1955,2,2,0,Reader_1_7.csv
1955,0,0,0,Reader_1_8.csv
1955,0,0,0,Reader_1_9.csv
1955,2,2,0,Reader_2_1.csv
1955,0,0,0,Reader_2_10.csv
1955,0,0,0,Reader_2_11.csv
1955,5,4,1,Reader_2_12.csv
1955,1,1,0,Reader_2_2.csv
1955,0,0,0,Reader_2_3.csv
1955,1,1,0,Reader_2_4.csv
1955,0,0,0,Reader_2_5.csv
1955,1,1,0,Reader_2_6.csv
1955,0,0,0,Reader_2_7.csv
1955,0,0,0,Reader_2_8.csv
1955,0,0,0,Reader_2_9.csv
1955,3,2,1,reader_3_1.csv
1955,5,3,2,Reader_3_2.csv
1955,9,7,2,Reader_3_3.csv
1955,9,7,2,Reader_3_4.csv
1955,11,8,3,Reader_3_5.csv
1955,2,1,1,Reader_3_6.csv
1955,1,1,0,Reader_3_7.csv
1956,4,1,3,Reader_1_1.csv
1956,1,1,0,Reader_1_10.csv
1956,2,2,0,Reader_1_11.csv
1956,2,1,1,Reader_1_12.csv
1956,3,3,0,Reader_1_2.csv
1956,2,0,2,Reader_1_3.csv
1956,2,2,0,Reader_1_4.csv
1956,0,0,0,Reader_1_5.csv
1956,2,2,0,Reader_1_6.csv
1956,2,2,0,Reader_1_7.csv
1956,0,0,0,Reader_1_8.csv
1956,0,0,0,Reader_1_9.csv
1956,2,2,0,Reader_2_1.csv
1956,0,0,0,Reader_2_10.csv
1956,0,0,0,Reader_2_11.csv
1956,4,4,0,Reader_2_12.csv
1956,1,1,0,Reader_2_2.csv
1956,0,0,0,Reader_2_3.csv
1956,1,1,0,Reader_2_4.csv
1956,0,0,0,Reader_2_5.csv
1956,1,1,0,Reader_2_6.csv
1956,0,0,0,Reader_2_7.csv
1956,0,0,0,Reader_2_8.csv
1956,0,0,0,Reader_2_9.csv
1956,4,3,1,reader_3_1.csv
1956,6,4,2,Reader_3_2.csv
1956,9,7,2,Reader_3_3.csv
1956,9,7,2,Reader_3_4.csv
1956,9,7,2,Reader_3_5.csv
1956,2,1,1,Reader_3_6.csv
1956,1,1,0,Reader_3_7.csv
1957,5,2,3,Reader_1_1.csv
1957,1,1,0,Reader_1_10.csv
1957,1,1,0,Reader_1_11.csv
1957,2,2,0,Reader_1_12.csv
1957,2,2,0,Reader_1_2.csv
1957,2,0,2,Reader_1_3.csv
1957,2,2,0,Reader_1_4.csv
1957,0,0,0,Reader_1_5.csv
1957,2,2,0,Reader_1_6.csv
1957,2,2,0,Reader_1_7.csv
1957,0,0,0,Reader_1_8.csv
1957,0,0,0,Reader_1_9.csv
1957,2,2,0,Reader_2_1.csv
1957,0,0,0,Reader_2_10.csv
1957,0,0,0,Reader_2_11.csv
1957,4,3,1,Reader_2_12.csv
1957,1,1,0,Reader_2_2.csv
1957,1,1,0,Reader_2_3.csv
1957,1,1,0,Reader_2_4.csv
1957,0,0,0,Reader_2_5.csv
1957,1,1,0,Reader_2_6.csv
1957,0,0,0,Reader_2_7.csv
1957,0,0,0,Reader_2_8.csv
1957,0,0,0,Reader_2_9.csv
1957,5,4,1,reader_3_1.csv
1957,5,4,1,Reader_3_2.csv
1957,8,6,2,Reader_3_3.csv
1957,8,6,2,Reader_3_4.csv
1957,9,7,2,Reader_3_5.csv
1957,2,1,1,Reader_3_6.csv
1957,1,1,0,Reader_3_7.csv
1958,4,2,2,Reader_1_1.csv
1958,1,1,0,Reader_1_10.csv
1958,1,1,0,Reader_1_11.csv
1958,2,2,0,Reader_1_12.csv
1958,1,1,0,Reader_1_2.csv
1958,2,0,2,Reader_1_3.csv
1958,1,1,0,Reader_1_4.csv
1958,0,0,0,Reader_1_5.csv
1958,2,2,0,Reader_1_6.csv
1958,2,2,0,Reader_1_7.csv
1958,0,0,0,Reader_1_8.csv
1958,0,0,0,Reader_1_9.csv
1958,2,2,0,Reader_2_1.csv
1958,0,0,0,Reader_2_10.csv
1958,0,0,0,Reader_2_11.csv
1958,4,3,1,Reader_2_12.csv
1958,0,0,0,Reader_2_2.csv
1958,2,2,0,Reader_2_3.csv
1958,1,1,0,Reader_2_4.csv
1958,0,0,0,Reader_2_5.csv
1958,1,1,0,Reader_2_6.csv
1958,0,0,0,Reader_2_7.csv
1958,0,0,0,Reader_2_8.csv
1958,0,0,0,Reader_2_9.csv
1958,6,5,1,reader_3_1.csv
1958,8,6,2,Reader_3_2.csv
1958,8,6,2,Reader_3_3.csv
1958,8,6,2,Reader_3_4.csv
1958,12,9,3,Reader_3_5.csv
1958,2,1,1,Reader_3_6.csv
1958,1,1,0,Reader_3_7.csv
1959,4,2,2,Reader_1_1.csv
1959,1,1,0,Reader_1_10.csv
1959,1,1,0,Reader_1_11.csv
1959,2,2,0,Reader_1_12.csv
1959,1,1,0,Reader_1_2.csv
1959,1,0,1,Reader_1_3.csv
1959,1,1,0,Reader_1_4.csv
1959,0,0,0,Reader_1_5.csv
1959,3,3,0,Reader_1_6.csv
1959,2,2,0,Reader_1_7.csv
1959,0,0,0,Reader_1_8.csv
1959,0,0,0,Reader_1_9.csv
1959,1,1,0,Reader_2_1.csv
1959,0,0,0,Reader_2_10.csv
1959,0,0,0,Reader_2_11.csv
1959,5,4,1,Reader_2_12.csv
1959,1,1,0,Reader_2_2.csv
1959,2,2,0,Reader_2_3.csv
1959,1,1,0,Reader_2_4.csv
1959,0,0,0,Reader_2_5.csv
1959,1,1,0,Reader_2_6.csv
1959,0,0,0,Reader_2_7.csv
1959,0,0,0,Reader_2_8.csv
1959,0,0,0,Reader_2_9.csv
1959,7,6,1,reader_3_1.csv
1959,10,8,2,Reader_3_2.csv
1959,6,6,0,Reader_3_3.csv
1959,6,6,0,Reader_3_4.csv
1959,12,9,3,Reader_3_5.csv
1959,2,1,1,Reader_3_6.csv
1959,1,1,0,Reader_3_7.csv
1960,3,2,1,Reader_1_1.csv
1960,1,1,0,Reader_1_10.csv
1960,1,1,0,Reader_1_11.csv
1960,2,2,0,Reader_1_12.csv
1960,1,1,0,Reader_1_2.csv
1960,1,0,1,Reader_1_3.csv
1960,1,1,0,Reader_1_4.csv
1960,0,0,0,Reader_1_5.csv
1960,3,3,0,Reader_1_6.csv
1960,2,2,0,Reader_1_7.csv
1960,0,0,0,Reader_1_8.csv
1960,1,1,0,Reader_1_9.csv
1960,1,1,0,Reader_2_1.csv
1960,0,0,0,Reader_2_10.csv
1960,0,0,0,Reader_2_11.csv
1960,5,4,1,Reader_2_12.csv
1960,1,1,0,Reader_2_2.csv
1960,3,2,1,Reader_2_3.csv
1960,2,1,1,Reader_2_4.csv
1960,0,0,0,Reader_2_5.csv
1960,1,1,0,Reader_2_6.csv
1960,0,0,0,Reader_2_7.csv
1960,0,0,0,Reader_2_8.csv
1960,0,0,0,Reader_2_9.csv
1960,7,6,1,reader_3_1.csv
1960,9,8,1,Reader_3_2.csv
1960,4,4,0,Reader_3_3.csv
1960,4,4,0,Reader_3_4.csv
1960,11,8,3,Reader_3_5.csv
1960,2,1,1,Reader_3_6.csv
1960,1,1,0,Reader_3_7.csv
1961,2,2,0,Reader_1_1.csv
1961,0,0,0,Reader_1_10.csv
1961,1,1,0,Reader_1_11.csv
1961,2,2,0,Reader_1_12.csv
1961,0,0,0,Reader_1_2.csv
1961,1,0,1,Reader_1_3.csv
1961,0,0,0,Reader_1_4.csv
1961,0,0,0,Reader_1_5.csv
1961,1,1,0,Reader_1_6.csv
1961,1,1,0,Reader_1_7.csv
1961,0,0,0,Reader_1_8.csv
1961,1,1,0,Reader_1_9.csv
1961,3,3,0,Reader_2_1.csv
1961,0,0,0,Reader_2_10.csv
1961,0,0,0,Reader_2_11.csv
1961,5,4,1,Reader_2_12.csv
1961,1,1,0,Reader_2_2.csv
1961,4,3,1,Reader_2_3.csv
1961,1,0,1,Reader_2_4.csv
1961,0,0,0,Reader_2_5.csv
1961,1,1,0,Reader_2_6.csv
1961,0,0,0,Reader_2_7.csv
1961,0,0,0,Reader_2_8.csv
1961,0,0,0,Reader_2_9.csv
1961,7,6,1,reader_3_1.csv
1961,9,7,2,Reader_3_2.csv
1961,2,2,0,Reader_3_3.csv
1961,2,2,0,Reader_3_4.csv
1961,9,7,2,Reader_3_5.csv
1961,1,1,0,Reader_3_6.csv
1961,1,1,0,Reader_3_7.csv
1962,1,1,0,Reader_1_1.csv
1962,0,0,0,Reader_1_10.csv
1962,1,1,0,Reader_1_11.csv
1962,2,2,0,Reader_1_12.csv
1962,1,1,0,Reader_1_2.csv
1962,1,0,1,Reader_1_3.csv
1962,0,0,0,Reader_1_4.csv
1962,0,0,0,Reader_1_5.csv
1962,1,1,0,Reader_1_6.csv
1962,1,1,0,Reader_1_7.csv
1962,0,0,0,Reader_1_8.csv
1962,1,1,0,Reader_1_9.csv
1962,3,3,0,Reader_2_1.csv
1962,0,0,0,Reader_2_10.csv
1962,0,0,0,Reader_2_11.csv
1962,5,4,1,Reader_2_12.csv
1962,1,1,0,Reader_2_2.csv
1962,4,3,1,Reader_2_3.csv
1962,2,1,1,Reader_2_4.csv
1962,0,0,0,Reader_2_5.csv
1962,0,0,0,Reader_2_6.csv
1962,0,0,0,Reader_2_7.csv
1962,0,0,0,Reader_2_8.csv
1962,0,0,0,Reader_2_9.csv
1962,7,6,1,reader_3_1.csv
1962,10,8,2,Reader_3_2.csv
1962,1,1,0,Reader_3_3.csv
1962,1,1,0,Reader_3_4.csv
1962,11,9,2,Reader_3_5.csv
1962,1,1,0,Reader_3_6.csv
1962,2,2,0,Reader_3_7.csv
1963,2,2,0,Reader_1_1.csv
1963,0,0,0,Reader_1_10.csv
1963,1,1,0,Reader_1_11.csv
1963,2,2,0,Reader_1_12.csv
1963,1,1,0,Reader_1_2.csv
1963,0,0,0,Reader_1_3.csv
1963,0,0,0,Reader_1_4.csv
1963,0,0,0,Reader_1_5.csv
1963,1,1,0,Reader_1_6.csv
1963,0,0,0,Reader_1_7.csv
1963,0,0,0,Reader_1_8.csv
1963,1,1,0,Reader_1_9.csv
1963,2,2,0,Reader_2_1.csv
1963,0,0,0,Reader_2_10.csv
1963,0,0,0,Reader_2_11.csv
1963,4,3,1,Reader_2_12.csv
1963,1,1,0,Reader_2_2.csv
1963,4,3,1,Reader_2_3.csv
1963,2,1,1,Reader_2_4.csv
1963,0,0,0,Reader_2_5.csv
1963,0,0,0,Reader_2_6.csv
1963,0,0,0,Reader_2_7.csv
1963,0,0,0,Reader_2_8.csv
1963,0,0,0,Reader_2_9.csv
1963,8,7,1,reader_3_1.csv
1963,11,9,2,Reader_3_2.csv
1963,2,2,0,Reader_3_3.csv
1963,2,2,0,Reader_3_4.csv
1963,11,10,1,Reader_3_5.csv
1963,1,1,0,Reader_3_6.csv
1963,1,1,0,Reader_3_7.csv
1964,3,3,0,Reader_1_1.csv
1964,0,0,0,Reader_1_10.csv
1964,1,1,0,Reader_1_11.csv
1964,1,1,0,Reader_1_12.csv
1964,1,1,0,Reader_1_2.csv
1964,0,0,0,Reader_1_3.csv
1964,1,1,0,Reader_1_4.csv
1964,0,0,0,Reader_1_5.csv
1964,1,1,0,Reader_1_6.csv
1964,0,0,0,Reader_1_7.csv
1964,0,0,0,Reader_1_8.csv
1964,1,1,0,Reader_1_9.csv
1964,2,2,0,Reader_2_1.csv
1964,0,0,0,Reader_2_10.csv
1964,0,0,0,Reader_2_11.csv
1964,4,2,2,Reader_2_12.csv
1964,1,1,0,Reader_2_2.csv
1964,4,3,1,Reader_2_3.csv
1964,2,1,1,Reader_2_4.csv
1964,0,0,0,Reader_2_5.csv
1964,0,0,0,Reader_2_6.csv
1964,0,0,0,Reader_2_7.csv
1964,0,0,0,Reader_2_8.csv
1964,0,0,0,Reader_2_9.csv
1964,7,6,1,reader_3_1.csv
1964,11,9,2,Reader_3_2.csv
1964,2,2,0,Reader_3_3.csv
1964,2,2,0,Reader_3_4.csv
1964,12,10,2,Reader_3_5.csv
1964,2,2,0,Reader_3_6.csv
1964,1,1,0,Reader_3_7.csv
1965,3,3,0,Reader_1_1.csv
1965,0,0,0,Reader_1_10.csv
1965,2,2,0,Reader_1_11.csv
1965,1,1,0,Reader_1_12.csv
1965,1,1,0,Reader_1_2.csv
1965,0,0,0,Reader_1_3.csv
1965,1,1,0,Reader_1_4.csv
1965,1,1,0,Reader_1_5.csv
1965,1,1,0,Reader_1_6.csv
1965,0,0,0,Reader_1_7.csv
1965,0,0,0,Reader_1_8.csv
1965,1,1,0,Reader_1_9.csv
1965,2,2,0,Reader_2_1.csv
1965,0,0,0,Reader_2_10.csv
1965,0,0,0,Reader_2_11.csv
1965,4,3,1,Reader_2_12.csv
1965,1,1,0,Reader_2_2.csv
1965,3,2,1,Reader_2_3.csv
1965,2,1,1,Reader_2_4.csv
1965,0,0,0,Reader_2_5.csv
1965,0,0,0,Reader_2_6.csv
1965,0,0,0,Reader_2_7.csv
1965,0,0,0,Reader_2_8.csv
1965,0,0,0,Reader_2_9.csv
1965,5,4,1,reader_3_1.csv
1965,13,11,2,Reader_3_2.csv
1965,2,2,0,Reader_3_3.csv
1965,2,2,0,Reader_3_4.csv
1965,11,9,2,Reader_3_5.csv
1965,2,2,0,Reader_3_6.csv
1965,1,1,0,Reader_3_7.csv
1966,3,3,0,Reader_1_1.csv
1966,0,0,0,Reader_1_10.csv
1966,2,2,0,Reader_1_11.csv
1966,1,1,0,Reader_1_12.csv
1966,2,1,1,Reader_1_2.csv
1966,0,0,0,Reader_1_3.csv
1966,1,1,0,Reader_1_4.csv
1966,1,1,0,Reader_1_5.csv
1966,1,1,0,Reader_1_6.csv
1966,0,0,0,Reader_1_7.csv
1966,0,0,0,Reader_1_8.csv
1966,1,1,0,Reader_1_9.csv
1966,2,2,0,Reader_2_1.csv
1966,0,0,0,Reader_2_10.csv
1966,0,0,0,Reader_2_11.csv
1966,4,3,1,Reader_2_12.csv
1966,1,1,0,Reader_2_2.csv
1966,2,1,1,Reader_2_3.csv
1966,3,1,2,Reader_2_4.csv
1966,0,0,0,Reader_2_5.csv
1966,0,0,0,Reader_2_6.csv
1966,0,0,0,Reader_2_7.csv
1966,0,0,0,Reader_2_8.csv
1966,0,0,0,Reader_2_9.csv
1966,4,3,1,reader_3_1.csv
1966,11,10,1,Reader_3_2.csv
1966,3,3,0,Reader_3_3.csv
1966,3,3,0,Reader_3_4.csv
1966,9,7,2,Reader_3_5.csv
1966,2,2,0,Reader_3_6.csv
1966,1,1,0,Reader_3_7.csv
1967,4,3,1,Reader_1_1.csv
1967,0,0,0,Reader_1_10.csv
1967,2,2,0,Reader_1_11.csv
1967,1,1,0,Reader_1_12.csv
1967,2,1,1,Reader_1_2.csv
1967,0,0,0,Reader_1_3.csv
1967,2,1,1,Reader_1_4.csv
1967,1,1,0,Reader_1_5.csv
1967,0,0,0,Reader_1_6.csv
1967,0,0,0,Reader_1_7.csv
1967,0,0,0,Reader_1_8.csv
1967,1,1,0,Reader_1_9.csv
1967,2,2,0,Reader_2_1.csv
1967,0,0,0,Reader_2_10.csv
1967,0,0,0,Reader_2_11.csv
1967,3,2,1,Reader_2_12.csv
1967,0,0,0,Reader_2_2.csv
1967,2,1,1,Reader_2_3.csv
1967,4,2,2,Reader_2_4.csv
1967,0,0,0,Reader_2_5.csv
1967,0,0,0,Reader_2_6.csv
1967,0,0,0,Reader_2_7.csv
1967,0,0,0,Reader_2_8.csv
1967,0,0,0,Reader_2_9.csv
1967,3,2,1,reader_3_1.csv
1967,9,8,1,Reader_3_2.csv
1967,3,3,0,Reader_3_3.csv
1967,3,3,0,Reader_3_4.csv
1967,8,6,2,Reader_3_5.csv
1967,2,2,0,Reader_3_6.csv
1967,1,1,0,Reader_3_7.csv
1968,5,4,1,Reader_1_1.csv
1968,0,0,0,Reader_1_10.csv
1968,5,5,0,Reader_1_11.csv
1968,1,1,0,Reader_1_12.csv
1968,2,1,1,Reader_1_2.csv
1968,0,0,0,Reader_1_3.csv
1968,2,1,1,Reader_1_4.csv
1968,1,1,0,Reader_1_5.csv
1968,0,0,0,Reader_1_6.csv
1968,0,0,0,Reader_1_7.csv
1968,0,0,0,Reader_1_8.csv
1968,0,0,0,Reader_1_9.csv
1968,2,2,0,Reader_2_1.csv
1968,0,0,0,Reader_2_10.csv
1968,0,0,0,Reader_2_11.csv
1968,2,1,1,Reader_2_12.csv
1968,0,0,0,Reader_2_2.csv
1968,1,1,0,Reader_2_3.csv
1968,3,2,1,Reader_2_4.csv
1968,0,0,0,Reader_2_5.csv
1968,0,0,0,Reader_2_6.csv
1968,0,0,0,Reader_2_7.csv
1968,0,0,0,Reader_2_8.csv
1968,0,0,0,Reader_2_9.csv
1968,1,1,0,reader_3_1.csv
1968,9,8,1,Reader_3_2.csv
1968,2,2,0,Reader_3_3.csv
1968,2,2,0,Reader_3_4.csv
1968,8,6,2,Reader_3_5.csv
1968,3,3,0,Reader_3_6.csv
1968,2,2,0,Reader_3_7.csv
1969,5,4,1,Reader_1_1.csv
1969,0,0,0,Reader_1_10.csv
1969,5,5,0,Reader_1_11.csv
1969,1,1,0,Reader_1_12.csv
1969,2,1,1,Reader_1_2.csv
1969,1,1,0,Reader_1_3.csv
1969,2,1,1,Reader_1_4.csv
1969,1,1,0,Reader_1_5.csv
1969,0,0,0,Reader_1_6.csv
1969,0,0,0,Reader_1_7.csv
1969,0,0,0,Reader_1_8.csv
1969,0,0,0,Reader_1_9.csv
1969,0,0,0,Reader_2_1.csv
1969,0,0,0,Reader_2_10.csv
1969,1,1,0,Reader_2_11.csv
1969,2,1,1,Reader_2_12.csv
1969,0,0,0,Reader_2_2.csv
1969,0,0,0,Reader_2_3.csv
1969,3,2,1,Reader_2_4.csv
1969,0,0,0,Reader_2_5.csv
1969,0,0,0,Reader_2_6.csv
1969,0,0,0,Reader_2_7.csv
1969,0,0,0,Reader_2_8.csv
1969,0,0,0,Reader_2_9.csv
1969,2,2,0,reader_3_1.csv
1969,7,7,0,Reader_3_2.csv
1969,2,2,0,Reader_3_3.csv
1969,2,2,0,Reader_3_4.csv
1969,8,6,2,Reader_3_5.csv
1969,3,3,0,Reader_3_6.csv
1969,2,2,0,Reader_3_7.csv
1970,7,5,2,Reader_1_1.csv
1970,0,0,0,Reader_1_10.csv
1970,5,5,0,Reader_1_11.csv
1970,1,1,0,Reader_1_12.csv
1970,1,0,1,Reader_1_2.csv
1970,1,1,0,Reader_1_3.csv
1970,2,1,1,Reader_1_4.csv
1970,1,1,0,Reader_1_5.csv
1970,0,0,0,Reader_1_6.csv
1970,0,0,0,Reader_1_7.csv
1970,0,0,0,Reader_1_8.csv
1970,0,0,0,Reader_1_9.csv
1970,0,0,0,Reader_2_1.csv
1970,0,0,0,Reader_2_10.csv
1970,1,1,0,Reader_2_11.csv
1970,2,1,1,Reader_2_12.csv
1970,0,0,0,Reader_2_2.csv
1970,0,0,0,Reader_2_3.csv
1970,2,1,1,Reader_2_4.csv
1970,0,0,0,Reader_2_5.csv
1970,0,0,0,Reader_2_6.csv
1970,0,0,0,Reader_2_7.csv
1970,0,0,0,Reader_2_8.csv
1970,0,0,0,Reader_2_9.csv
1970,2,2,0,reader_3_1.csv
1970,7,6,1,Reader_3_2.csv
1970,2,2,0,Reader_3_3.csv
1970,2,2,0,Reader_3_4.csv
1970,6,4,2,Reader_3_5.csv
1970,3,3,0,Reader_3_6.csv
1970,1,1,0,Reader_3_7.csv
1971,6,4,2,Reader_1_1.csv
1971,0,0,0,Reader_1_10.csv
1971,6,6,0,Reader_1_11.csv
1971,1,1,0,Reader_1_12.csv
1971,1,0,1,Reader_1_2.csv
1971,1,1,0,Reader_1_3.csv
1971,2,1,1,Reader_1_4.csv
1971,1,1,0,Reader_1_5.csv
1971,0,0,0,Reader_1_6.csv
1971,0,0,0,Reader_1_7.csv
1971,0,0,0,Reader_1_8.csv
1971,0,0,0,Reader_1_9.csv
1971,0,0,0,Reader_2_1.csv
1971,0,0,0,Reader_2_10.csv
1971,1,1,0,Reader_2_11.csv
1971,2,1,1,Reader_2_12.csv
1971,0,0,0,Reader_2_2.csv
1971,0,0,0,Reader_2_3.csv
1971,2,1,1,Reader_2_4.csv
1971,0,0,0,Reader_2_5.csv
1971,0,0,0,Reader_2_6.csv
1971,0,0,0,Reader_2_7.csv
1971,0,0,0,Reader_2_8.csv
1971,0,0,0,Reader_2_9.csv
1971,3,3,0,reader_3_1.csv
1971,7,6,1,Reader_3_2.csv
1971,1,1,0,Reader_3_3.csv
1971,1,1,0,Reader_3_4.csv
1971,7,3,4,Reader_3_5.csv
1971,5,5,0,Reader_3_6.csv
1971,1,1,0,Reader_3_7.csv
1972,5,3,2,Reader_1_1.csv
1972,0,0,0,Reader_1_10.csv
1972,5,5,0,Reader_1_11.csv
1972,1,1,0,Reader_1_12.csv
1972,1,0,1,Reader_1_2.csv
1972,2,1,1,Reader_1_3.csv
1972,1,0,1,Reader_1_4.csv
1972,1,1,0,Reader_1_5.csv
1972,1,1,0,Reader_1_6.csv
1972,0,0,0,Reader_1_7.csv
1972,0,0,0,Reader_1_8.csv
1972,0,0,0,Reader_1_9.csv
1972,0,0,0,Reader_2_1.csv
1972,0,0,0,Reader_2_10.csv
1972,1,1,0,Reader_2_11.csv
1972,1,1,0,Reader_2_12.csv
1972,0,0,0,Reader_2_2.csv
1972,0,0,0,Reader_2_3.csv
1972,2,1,1,Reader_2_4.csv
1972,0,0,0,Reader_2_5.csv
1972,0,0,0,Reader_2_6.csv
1972,0,0,0,Reader_2_7.csv
1972,0,0,0,Reader_2_8.csv
1972,0,0,0,Reader_2_9.csv
1972,4,4,0,reader_3_1.csv
1972,6,5,1,Reader_3_2.csv
1972,1,1,0,Reader_3_3.csv
1972,1,1,0,Reader_3_4.csv
1972,7,3,4,Reader_3_5.csv
1972,4,4,0,Reader_3_6.csv
1972,1,1,0,Reader_3_7.csv
1973,5,2,3,Reader_1_1.csv
1973,0,0,0,Reader_1_10.csv
1973,4,4,0,Reader_1_11.csv
1973,0,0,0,Reader_1_12.csv
1973,1,0,1,Reader_1_2.csv
1973,2,1,1,Reader_1_3.csv
1973,1,0,1,Reader_1_4.csv
1973,0,0,0,Reader_1_5.csv
1973,1,1,0,Reader_1_6.csv
1973,0,0,0,Reader_1_7.csv
1973,0,0,0,Reader_1_8.csv
1973,0,0,0,Reader_1_9.csv
1973,0,0,0,Reader_2_1.csv
1973,0,0,0,Reader_2_10.csv
1973,1,1,0,Reader_2_11.csv
1973,0,0,0,Reader_2_12.csv
1973,0,0,0,Reader_2_2.csv
1973,0,0,0,Reader_2_3.csv
1973,2,1,1,Reader_2_4.csv
1973,0,0,0,Reader_2_5.csv
1973,0,0,0,Reader_2_6.csv
1973,0,0,0,Reader_2_7.csv
1973,0,0,0,Reader_2_8.csv
1973,0,0,0,Reader_2_9.csv
1973,5,5,0,reader_3_1.csv
1973,4,3,1,Reader_3_2.csv
1973,4,4,0,Reader_3_3.csv
1973,4,4,0,Reader_3_4.csv
1973,7,3,4,Reader_3_5.csv
1973,3,3,0,Reader_3_6.csv
1973,1,1,0,Reader_3_7.csv
1974,5,2,3,Reader_1_1.csv
1974,0,0,0,Reader_1_10.csv
1974,5,5,0,Reader_1_11.csv
1974,0,0,0,Reader_1_12.csv
1974,0,0,0,Reader_1_2.csv
1974,2,1,1,Reader_1_3.csv
1974,1,0,1,Reader_1_4.csv
1974,0,0,0,Reader_1_5.csv
1974,1,1,0,Reader_1_6.csv
1974,0,0,0,Reader_1_7.csv
1974,0,0,0,Reader_1_8.csv
1974,0,0,0,Reader_1_9.csv
1974,0,0,0,Reader_2_1.csv
1974,0,0,0,Reader_2_10.csv
1974,1,1,0,Reader_2_11.csv
1974,0,0,0,Reader_2_12.csv
1974,0,0,0,Reader_2_2.csv
1974,0,0,0,Reader_2_3.csv
1974,1,1,0,Reader_2_4.csv
1974,0,0,0,Reader_2_5.csv
1974,0,0,0,Reader_2_6.csv
1974,0,0,0,Reader_2_7.csv
1974,0,0,0,Reader_2_8.csv
1974,0,0,0,Reader_2_9.csv
1974,5,5,0,reader_3_1.csv
1974,3,1,2,Reader_3_2.csv
1974,4,4,0,Reader_3_3.csv
1974,4,4,0,Reader_3_4.csv
1974,5,2,3,Reader_3_5.csv
1974,4,4,0,Reader_3_6.csv
1974,1,1,0,Reader_3_7.csv
1975,4,2,2,Reader_1_1.csv
1975,0,0,0,Reader_1_10.csv
1975,7,6,1,Reader_1_11.csv
1975,0,0,0,Reader_1_12.csv
1975,0,0,0,Reader_1_2.csv
1975,2,1,1,Reader_1_3.csv
1975,0,0,0,Reader_1_4.csv
1975,0,0,0,Reader_1_5.csv
1975,1,1,0,Reader_1_6.csv
1975,0,0,0,Reader_1_7.csv
1975,0,0,0,Reader_1_8.csv
1975,0,0,0,Reader_1_9.csv
1975,0,0,0,Reader_2_1.csv
1975,0,0,0,Reader_2_10.csv
1975,1,1,0,Reader_2_11.csv
1975,0,0,0,Reader_2_12.csv
1975,0,0,0,Reader_2_2.csv
1975,1,1,0,Reader_2_3.csv
1975,0,0,0,Reader_2_4.csv
1975,0,0,0,Reader_2_5.csv
1975,0,0,0,Reader_2_6.csv
1975,0,0,0,Reader_2_7.csv
1975,0,0,0,Reader_2_8.csv
1975,0,0,0,Reader_2_9.csv
1975,5,5,0,reader_3_1.csv
1975,4,2,2,Reader_3_2.csv
1975,5,5,0,Reader_3_3.csv
1975,5,5,0,Reader_3_4.csv
1975,6,3,3,Reader_3_5.csv
1975,6,5,1,Reader_3_6.csv
1975,1,1,0,Reader_3_7.csv
1976,4,1,3,Reader_1_1.csv
1976,0,0,0,Reader_1_10.csv
1976,5,4,1,Reader_1_11.csv
1976,0,0,0,Reader_1_12.csv
1976,0,0,0,Reader_1_2.csv
1976,2,1,1,Reader_1_3.csv
1976,0,0,0,Reader_1_4.csv
1976,0,0,0,Reader_1_5.csv
1976,1,1,0,Reader_1_6.csv
1976,0,0,0,Reader_1_7.csv
1976,0,0,0,Reader_1_8.csv
1976,0,0,0,Reader_1_9.csv
1976,0,0,0,Reader_2_1.csv
1976,0,0,0,Reader_2_10.csv
1976,1,1,0,Reader_2_11.csv
1976,0,0,0,Reader_2_12.csv
1976,0,0,0,Reader_2_2.csv
1976,1,1,0,Reader_2_3.csv
1976,1,1,0,Reader_2_4.csv
1976,0,0,0,Reader_2_5.csv
1976,0,0,0,Reader_2_6.csv
1976,0,0,0,Reader_2_7.csv
1976,0,0,0,Reader_2_8.csv
1976,0,0,0,Reader_2_9.csv
1976,6,5,1,reader_3_1.csv
1976,4,2,2,Reader_3_2.csv
1976,5,5,0,Reader_3_3.csv
1976,5,5,0,Reader_3_4.csv
1976,8,5,3,Reader_3_5.csv
1976,5,4,1,Reader_3_6.csv
1976,0,0,0,Reader_3_7.csv
1977,6,2,4,Reader_1_1.csv
1977,0,0,0,Reader_1_10.csv
1977,6,5,1,Reader_1_11.csv
1977,0,0,0,Reader_1_12.csv
1977,0,0,0,Reader_1_2.csv
1977,1,0,1,Reader_1_3.csv
1977,0,0,0,Reader_1_4.csv
1977,1,0,1,Reader_1_5.csv
1977,2,2,0,Reader_1_6.csv
1977,0,0,0,Reader_1_7.csv
1977,0,0,0,Reader_1_8.csv
1977,0,0,0,Reader_1_9.csv
1977,0,0,0,Reader_2_1.csv
1977,0,0,0,Reader_2_10.csv
1977,0,0,0,Reader_2_11.csv
1977,0,0,0,Reader_2_12.csv
1977,0,0,0,Reader_2_2.csv
1977,1,1,0,Reader_2_3.csv
1977,2,2,0,Reader_2_4.csv
1977,0,0,0,Reader_2_5.csv
1977,0,0,0,Reader_2_6.csv
1977,0,0,0,Reader_2_7.csv
1977,0,0,0,Reader_2_8.csv
1977,0,0,0,Reader_2_9.csv
1977,6,5,1,reader_3_1.csv
1977,5,3,2,Reader_3_2.csv
1977,5,5,0,Reader_3_3.csv
1977,5,5,0,Reader_3_4.csv
1977,7,4,3,Reader_3_5.csv
1977,5,4,1,Reader_3_6.csv
1977,0,0,0,Reader_3_7.csv
1978,5,2,3,Reader_1_1.csv
1978,0,0,0,Reader_1_10.csv
1978,7,6,1,Reader_1_11.csv
1978,0,0,0,Reader_1_12.csv
1978,0,0,0,Reader_1_2.csv
1978,2,0,2,Reader_1_3.csv
1978,0,0,0,Reader_1_4.csv
1978,1,0,1,Reader_1_5.csv
1978,2,2,0,Reader_1_6.csv
1978,0,0,0,Reader_1_7.csv
1978,0,0,0,Reader_1_8.csv
1978,0,0,0,Reader_1_9.csv
1978,0,0,0,Reader_2_1.csv
1978,0,0,0,Reader_2_10.csv
1978,0,0,0,Reader_2_11.csv
1978,0,0,0,Reader_2_12.csv
1978,0,0,0,Reader_2_2.csv
1978,1,1,0,Reader_2_3.csv
1978,2,2,0,Reader_2_4.csv
1978,0,0,0,Reader_2_5.csv
1978,0,0,0,Reader_2_6.csv
1978,0,0,0,Reader_2_7.csv
1978,0,0,0,Reader_2_8.csv
1978,0,0,0,Reader_2_9.csv
1978,6,5,1,reader_3_1.csv
1978,4,3,1,Reader_3_2.csv
1978,5,5,0,Reader_3_3.csv
1978,5,5,0,Reader_3_4.csv
1978,6,3,3,Reader_3_5.csv
1978,5,4,1,Reader_3_6.csv
1978,0,0,0,Reader_3_7.csv
1979,6,3,3,Reader_1_1.csv
1979,0,0,0,Reader_1_10.csv
1979,7,5,2,Reader_1_11.csv
1979,0,0,0,Reader_1_12.csv
1979,1,1,0,Reader_1_2.csv
1979,3,1,2,Reader_1_3.csv
1979,0,0,0,Reader_1_4.csv
1979,1,0,1,Reader_1_5.csv
1979,3,2,1,Reader_1_6.csv
1979,0,0,0,Reader_1_7.csv
1979,0,0,0,Reader_1_8.csv
1979,0,0,0,Reader_1_9.csv
1979,0,0,0,Reader_2_1.csv
1979,0,0,0,Reader_2_10.csv
1979,0,0,0,Reader_2_11.csv
1979,1,1,0,Reader_2_12.csv
1979,0,0,0,Reader_2_2.csv
1979,1,1,0,Reader_2_3.csv
1979,2,2,0,Reader_2_4.csv
1979,0,0,0,Reader_2_5.csv
1979,0,0,0,Reader_2_6.csv
1979,0,0,0,Reader_2_7.csv
1979,0,0,0,Reader_2_8.csv
1979,0,0,0,Reader_2_9.csv
1979,4,3,1,reader_3_1.csv
1979,3,2,1,Reader_3_2.csv
1979,5,5,0,Reader_3_3.csv
1979,5,5,0,Reader_3_4.csv
1979,6,5,1,Reader_3_5.csv
1979,3,2,1,Reader_3_6.csv
1979,0,0,0,Reader_3_7.csv
1980,8,4,4,Reader_1_1.csv
1980,0,0,0,Reader_1_10.csv
1980,9,7,2,Reader_1_11.csv
1980,0,0,0,Reader_1_12.csv
1980,1,1,0,Reader_1_2.csv
1980,2,1,1,Reader_1_3.csv
1980,0,0,0,Reader_1_4.csv
1980,1,0,1,Reader_1_5.csv
1980,2,1,1,Reader_1_6.csv
1980,0,0,0,Reader_1_7.csv
1980,0,0,0,Reader_1_8.csv
1980,0,0,0,Reader_1_9.csv
1980,0,0,0,Reader_2_1.csv
1980,0,0,0,Reader_2_10.csv
1980,0,0,0,Reader_2_11.csv
1980,1,1,0,Reader_2_12.csv
1980,0,0,0,Reader_2_2.csv
1980,1,1,0,Reader_2_3.csv
1980,2,2,0,Reader_2_4.csv
1980,0,0,0,Reader_2_5.csv
1980,0,0,0,Reader_2_6.csv
1980,0,0,0,Reader_2_7.csv
1980,0,0,0,Reader_2_8.csv
1980,0,0,0,Reader_2_9.csv
1980,3,2,1,reader_3_1.csv
1980,4,2,2,Reader_3_2.csv
1980,5,5,0,Reader_3_3.csv
1980,5,5,0,Reader_3_4.csv
1980,6,6,0,Reader_3_5.csv
1980,3,2,1,Reader_3_6.csv
1980,0,0,0,Reader_3_7.csv
1981,8,5,3,Reader_1_1.csv
1981,0,0,0,Reader_1_10.csv
1981,11,9,2,Reader_1_11.csv
1981,0,0,0,Reader_1_12.csv
1981,2,1,1,Reader_1_2.csv
1981,2,1,1,Reader_1_3.csv
1981,0,0,0,Reader_1_4.csv
1981,1,0,1,Reader_1_5.csv
1981,2,1,1,Reader_1_6.csv
1981,1,1,0,Reader_1_7.csv
1981,0,0,0,Reader_1_8.csv
1981,0,0,0,Reader_1_9.csv
1981,0,0,0,Reader_2_1.csv
1981,0,0,0,Reader_2_10.csv
1981,0,0,0,Reader_2_11.csv
1981,1,1,0,Reader_2_12.csv
1981,0,0,0,Reader_2_2.csv
1981,1,1,0,Reader_2_3.csv
1981,2,2,0,Reader_2_4.csv
1981,0,0,0,Reader_2_5.csv
1981,0,0,0,Reader_2_6.csv
1981,0,0,0,Reader_2_7.csv
1981,0,0,0,Reader_2_8.csv
1981,0,0,0,Reader_2_9.csv
1981,2,1,1,reader_3_1.csv
1981,4,2,2,Reader_3_2.csv
1981,3,3,0,Reader_3_3.csv
1981,3,3,0,Reader_3_4.csv
1981,8,7,1,Reader_3_5.csv
1981,3,2,1,Reader_3_6.csv
1981,0,0,0,Reader_3_7.csv
1982,8,5,3,Reader_1_1.csv
1982,0,0,0,Reader_1_10.csv
1982,12,10,2,Reader_1_11.csv
1982,2,2,0,Reader_1_12.csv
1982,2,1,1,Reader_1_2.csv
1982,3,1,2,Reader_1_3.csv
1982,0,0,0,Reader_1_4.csv
1982,1,0,1,Reader_1_5.csv
1982,2,1,1,Reader_1_6.csv
1982,1,1,0,Reader_1_7.csv
1982,0,0,0,Reader_1_8.csv
1982,0,0,0,Reader_1_9.csv
1982,0,0,0,Reader_2_1.csv
1982,0,0,0,Reader_2_10.csv
1982,0,0,0,Reader_2_11.csv
1982,1,1,0,Reader_2_12.csv
1982,0,0,0,Reader_2_2.csv
1982,1,1,0,Reader_2_3.csv
1982,2,2,0,Reader_2_4.csv
1982,0,0,0,Reader_2_5.csv
1982,0,0,0,Reader_2_6.csv
1982,0,0,0,Reader_2_7.csv
1982,0,0,0,Reader_2_8.csv
1982,0,0,0,Reader_2_9.csv
1982,2,1,1,reader_3_1.csv
1982,3,2,1,Reader_3_2.csv
1982,3,3,0,Reader_3_3.csv
1982,3,3,0,Reader_3_4.csv
1982,10,8,2,Reader_3_5.csv
1982,2,1,1,Reader_3_6.csv
1982,0,0,0,Reader_3_7.csv
1983,8,5,3,Reader_1_1.csv
1983,0,0,0,Reader_1_10.csv
1983,10,9,1,Reader_1_11.csv
1983,2,2,0,Reader_1_12.csv
1983,2,1,1,Reader_1_2.csv
1983,4,2,2,Reader_1_3.csv
1983,0,0,0,Reader_1_4.csv
1983,1,0,1,Reader_1_5.csv
1983,3,2,1,Reader_1_6.csv
1983,1,1,0,Reader_1_7.csv
1983,0,0,0,Reader_1_8.csv
1983,0,0,0,Reader_1_9.csv
1983,0,0,0,Reader_2_1.csv
1983,0,0,0,Reader_2_10.csv
1983,0,0,0,Reader_2_11.csv
1983,1,1,0,Reader_2_12.csv
1983,0,0,0,Reader_2_2.csv
1983,0,0,0,Reader_2_3.csv
1983,2,2,0,Reader_2_4.csv
1983,0,0,0,Reader_2_5.csv
1983,0,0,0,Reader_2_6.csv
1983,0,0,0,Reader_2_7.csv
1983,0,0,0,Reader_2_8.csv
1983,0,0,0,Reader_2_9.csv
1983,2,1,1,reader_3_1.csv
1983,2,1,1,Reader_3_2.csv
1983,3,2,1,Reader_3_3.csv
1983,3,2,1,Reader_3_4.csv
1983,11,9,2,Reader_3_5.csv
1983,0,0,0,Reader_3_6.csv
1983,0,0,0,Reader_3_7.csv
1984,8,6,2,Reader_1_1.csv
1984,0,0,0,Reader_1_10.csv
1984,11,10,1,Reader_1_11.csv
1984,3,3,0,Reader_1_12.csv
1984,2,1,1,Reader_1_2.csv
1984,5,3,2,Reader_1_3.csv
1984,0,0,0,Reader_1_4.csv
1984,1,0,1,Reader_1_5.csv
1984,3,2,1,Reader_1_6.csv
1984,1,1,0,Reader_1_7.csv
1984,0,0,0,Reader_1_8.csv
1984,0,0,0,Reader_1_9.csv
1984,0,0,0,Reader_2_1.csv
1984,0,0,0,Reader_2_10.csv
1984,0,0,0,Reader_2_11.csv
1984,1,1,0,Reader_2_12.csv
1984,0,0,0,Reader_2_2.csv
1984,0,0,0,Reader_2_3.csv
1984,1,1,0,Reader_2_4.csv
1984,1,1,0,Reader_2_5.csv
1984,0,0,0,Reader_2_6.csv
1984,0,0,0,Reader_2_7.csv
1984,0,0,0,Reader_2_8.csv
1984,0,0,0,Reader_2_9.csv
1984,1,1,0,reader_3_1.csv
1984,2,1,1,Reader_3_2.csv
1984,3,2,1,Reader_3_3.csv
1984,3,2,1,Reader_3_4.csv
1984,10,8,2,Reader_3_5.csv
1984,0,0,0,Reader_3_6.csv
1984,1,1,0,Reader_3_7.csv
1985,9,8,1,Reader_1_1.csv
1985,0,0,0,Reader_1_10.csv
1985,10,9,1,Reader_1_11.csv
1985,3,3,0,Reader_1_12.csv
1985,2,1,1,Reader_1_2.csv
1985,6,4,2,Reader_1_3.csv
1985,0,0,0,Reader_1_4.csv
1985,1,1,0,Reader_1_5.csv
1985,2,1,1,Reader_1_6.csv
1985,2,1,1,Reader_1_7.csv
1985,0,0,0,Reader_1_8.csv
1985,0,0,0,Reader_1_9.csv
1985,0,0,0,Reader_2_1.csv
1985,0,0,0,Reader_2_10.csv
1985,0,0,0,Reader_2_11.csv
1985,1,1,0,Reader_2_12.csv
1985,0,0,0,Reader_2_2.csv
1985,0,0,0,Reader_2_3.csv
1985,0,0,0,Reader_2_4.csv
1985,1,1,0,Reader_2_5.csv
1985,0,0,0,Reader_2_6.csv
1985,0,0,0,Reader_2_7.csv
1985,1,1,0,Reader_2_8.csv
1985,0,0,0,Reader_2_9.csv
1985,0,0,0,reader_3_1.csv
1985,2,1,1,Reader_3_2.csv
1985,3,2,1,Reader_3_3.csv
1985,3,2,1,Reader_3_4.csv
1985,10,8,2,Reader_3_5.csv
1985,0,0,0,Reader_3_6.csv
1985,1,1,0,Reader_3_7.csv
1986,8,7,1,Reader_1_1.csv
1986,0,0,0,Reader_1_10.csv
1986,9,8,1,Reader_1_11.csv
1986,3,3,0,Reader_1_12.csv
1986,2,1,1,Reader_1_2.csv
1986,5,4,1,Reader_1_3.csv
1986,0,0,0,Reader_1_4.csv
1986,2,2,0,Reader_1_5.csv
1986,2,1,1,Reader_1_6.csv
1986,2,1,1,Reader_1_7.csv
1986,0,0,0,Reader_1_8.csv
1986,0,0,0,Reader_1_9.csv
1986,0,0,0,Reader_2_1.csv
1986,0,0,0,Reader_2_10.csv
1986,0,0,0,Reader_2_11.csv
1986,2,2,0,Reader_2_12.csv
1986,0,0,0,Reader_2_2.csv
1986,0,0,0,Reader_2_3.csv
1986,0,0,0,Reader_2_4.csv
1986,1,1,0,Reader_2_5.csv
1986,0,0,0,Reader_2_6.csv
1986,0,0,0,Reader_2_7.csv
1986,1,1,0,Reader_2_8.csv
1986,0,0,0,Reader_2_9.csv
1986,0,0,0,reader_3_1.csv
1986,3,2,1,Reader_3_2.csv
1986,4,3,1,Reader_3_3.csv
1986,4,3,1,Reader_3_4.csv
1986,11,9,2,Reader_3_5.csv
1986,0,0,0,Reader_3_6.csv
1986,1,1,0,Reader_3_7.csv
1987,10,9,1,Reader_1_1.csv
1987,0,0,0,Reader_1_10.csv
1987,9,9,0,Reader_1_11.csv
1987,3,3,0,Reader_1_12.csv
1987,1,0,1,Reader_1_2.csv
1987,4,3,1,Reader_1_3.csv
1987,0,0,0,Reader_1_4.csv
1987,2,2,0,Reader_1_5.csv
1987,1,1,0,Reader_1_6.csv
1987,2,1,1,Reader_1_7.csv
1987,0,0,0,Reader_1_8.csv
1987,1,1,0,Reader_1_9.csv
1987,0,0,0,Reader_2_1.csv
1987,0,0,0,Reader_2_10.csv
1987,0,0,0,Reader_2_11.csv
1987,2,2,0,Reader_2_12.csv
1987,0,0,0,Reader_2_2.csv
1987,0,0,0,Reader_2_3.csv
1987,0,0,0,Reader_2_4.csv
1987,1,1,0,Reader_2_5.csv
1987,0,0,0,Reader_2_6.csv
1987,0,0,0,Reader_2_7.csv
1987,1,1,0,Reader_2_8.csv
1987,2,2,0,Reader_2_9.csv
1987,1,1,0,reader_3_1.csv
1987,3,2,1,Reader_3_2.csv
1987,5,4,1,Reader_3_3.csv
1987,5,4,1,Reader_3_4.csv
1987,9,7,2,Reader_3_5.csv
1987,0,0,0,Reader_3_6.csv
1987,1,1,0,Reader_3_7.csv
1988,10,9,1,Reader_1_1.csv
1988,0,0,0,Reader_1_10.csv
1988,8,8,0,Reader_1_11.csv
1988,3,3,0,Reader_1_12.csv
1988,1,0,1,Reader_1_2.csv
1988,5,4,1,Reader_1_3.csv
1988,0,0,0,Reader_1_4.csv
1988,2,2,0,Reader_1_5.csv
1988,1,1,0,Reader_1_6.csv
1988,2,1,1,Reader_1_7.csv
1988,0,0,0,Reader_1_8.csv
1988,1,1,0,Reader_1_9.csv
1988,0,0,0,Reader_2_1.csv
1988,0,0,0,Reader_2_10.csv
1988,0,0,0,Reader_2_11.csv
1988,2,2,0,Reader_2_12.csv
1988,0,0,0,Reader_2_2.csv
1988,0,0,0,Reader_2_3.csv
1988,1,0,1,Reader_2_4.csv
1988,1,1,0,Reader_2_5.csv
1988,0,0,0,Reader_2_6.csv
1988,0,0,0,Reader_2_7.csv
1988,1,1,0,Reader_2_8.csv
1988,2,2,0,Reader_2_9.csv
1988,1,1,0,reader_3_1.csv
1988,2,2,0,Reader_3_2.csv
1988,6,5,1,Reader_3_3.csv
1988,6,5,1,Reader_3_4.csv
1988,10,8,2,Reader_3_5.csv
1988,0,0,0,Reader_3_6.csv
1988,1,1,0,Reader_3_7.csv
1989,9,8,1,Reader_1_1.csv
1989,0,0,0,Reader_1_10.csv
1989,6,6,0,Reader_1_11.csv
1989,3,3,0,Reader_1_12.csv
1989,0,0,0,Reader_1_2.csv
1989,5,4,1,Reader_1_3.csv
1989,0,0,0,Reader_1_4.csv
1989,3,3,0,Reader_1_5.csv
1989,1,1,0,Reader_1_6.csv
1989,1,0,1,Reader_1_7.csv
1989,0,0,0,Reader_1_8.csv
1989,1,1,0,Reader_1_9.csv
1989,0,0,0,Reader_2_1.csv
1989,1,1,0,Reader_2_10.csv
1989,0,0,0,Reader_2_11.csv
1989,2,2,0,Reader_2_12.csv
1989,0,0,0,Reader_2_2.csv
1989,0,0,0,Reader_2_3.csv
1989,1,0,1,Reader_2_4.csv
1989,1,1,0,Reader_2_5.csv
1989,0,0,0,Reader_2_6.csv
1989,0,0,0,Reader_2_7.csv
1989,1,1,0,Reader_2_8.csv
1989,2,2,0,Reader_2_9.csv
1989,1,1,0,reader_3_1.csv
1989,2,2,0,Reader_3_2.csv
1989,5,4,1,Reader_3_3.csv
1989,5,4,1,Reader_3_4.csv
1989,10,9,1,Reader_3_5.csv
1989,1,1,0,Reader_3_6.csv
1989,2,1,1,Reader_3_7.csv
1990,11,10,1,Reader_1_1.csv
1990,0,0,0,Reader_1_10.csv
1990,5,5,0,Reader_1_11.csv
1990,1,1,0,Reader_1_12.csv
1990,0,0,0,Reader_1_2.csv
1990,4,4,0,Reader_1_3.csv
1990,0,0,0,Reader_1_4.csv
1990,3,3,0,Reader_1_5.csv
1990,1,1,0,Reader_1_6.csv
1990,1,0,1,Reader_1_7.csv
1990,0,0,0,Reader_1_8.csv
1990,1,1,0,Reader_1_9.csv
1990,0,0,0,Reader_2_1.csv
1990,1,1,0,Reader_2_10.csv
1990,1,1,0,Reader_2_11.csv
1990,2,2,0,Reader_2_12.csv
1990,0,0,0,Reader_2_2.csv
1990,0,0,0,Reader_2_3.csv
1990,1,0,1,Reader_2_4.csv
1990,1,1,0,Reader_2_5.csv
1990,0,0,0,Reader_2_6.csv
1990,0,0,0,Reader_2_7.csv
1990,1,1,0,Reader_2_8.csv
1990,2,2,0,Reader_2_9.csv
1990,1,1,0,reader_3_1.csv
1990,2,2,0,Reader_3_2.csv
1990,5,3,2,Reader_3_3.csv
1990,5,3,2,Reader_3_4.csv
1990,8,8,0,Reader_3_5.csv
1990,1,1,0,Reader_3_6.csv
1990,2,1,1,Reader_3_7.csv
1991,13,12,1,Reader_1_1.csv
1991,0,0,0,Reader_1_10.csv
1991,5,5,0,Reader_1_11.csv
1991,1,1,0,Reader_1_12.csv
1991,0,0,0,Reader_1_2.csv
1991,4,4,0,Reader_1_3.csv
1991,0,0,0,Reader_1_4.csv
1991,3,3,0,Reader_1_5.csv
1991,0,0,0,Reader_1_6.csv
1991,1,0,1,Reader_1_7.csv
1991,0,0,0,Reader_1_8.csv
1991,1,1,0,Reader_1_9.csv
1991,0,0,0,Reader_2_1.csv
1991,1,1,0,Reader_2_10.csv
1991,1,1,0,Reader_2_11.csv
1991,2,2,0,Reader_2_12.csv
1991,0,0,0,Reader_2_2.csv
1991,1,1,0,Reader_2_3.csv
1991,2,1,1,Reader_2_4.csv
1991,1,1,0,Reader_2_5.csv
1991,0,0,0,Reader_2_6.csv
1991,0,0,0,Reader_2_7.csv
1991,1,1,0,Reader_2_8.csv
1991,2,2,0,Reader_2_9.csv
1991,1,1,0,reader_3_1.csv
1991,2,2,0,Reader_3_2.csv
1991,5,4,1,Reader_3_3.csv
1991,5,4,1,Reader_3_4.csv
1991,6,6,0,Reader_3_5.csv
1991,1,1,0,Reader_3_6.csv
1991,2,1,1,Reader_3_7.csv
1992,16,15,1,Reader_1_1.csv
1992,0,0,0,Reader_1_10.csv
1992,5,5,0,Reader_1_11.csv
1992,0,0,0,Reader_1_12.csv
1992,0,0,0,Reader_1_2.csv
1992,4,4,0,Reader_1_3.csv
1992,0,0,0,Reader_1_4.csv
1992,3,3,0,Reader_1_5.csv
1992,0,0,0,Reader_1_6.csv
1992,1,0,1,Reader_1_7.csv
1992,0,0,0,Reader_1_8.csv
1992,1,1,0,Reader_1_9.csv
1992,0,0,0,Reader_2_1.csv
1992,2,2,0,Reader_2_10.csv
1992,1,1,0,Reader_2_11.csv
1992,2,2,0,Reader_2_12.csv
1992,0,0,0,Reader_2_2.csv
1992,1,1,0,Reader_2_3.csv
1992,2,1,1,Reader_2_4.csv
1992,0,0,0,Reader_2_5.csv
1992,0,0,0,Reader_2_6.csv
1992,0,0,0,Reader_2_7.csv
1992,1,1,0,Reader_2_8.csv
1992,2,2,0,Reader_2_9.csv
1992,1,1,0,reader_3_1.csv
1992,3,2,1,Reader_3_2.csv
1992,5,4,1,Reader_3_3.csv
1992,5,4,1,Reader_3_4.csv
1992,6,6,0,Reader_3_5.csv
1992,1,1,0,Reader_3_6.csv
1992,1,0,1,Reader_3_7.csv
1993,14,13,1,Reader_1_1.csv
1993,0,0,0,Reader_1_10.csv
1993,5,5,0,Reader_1_11.csv
1993,1,0,1,Reader_1_12.csv
1993,0,0,0,Reader_1_2.csv
1993,4,4,0,Reader_1_3.csv
1993,0,0,0,Reader_1_4.csv
1993,2,2,0,Reader_1_5.csv
1993,0,0,0,Reader_1_6.csv
1993,0,0,0,Reader_1_7.csv
1993,0,0,0,Reader_1_8.csv
1993,1,1,0,Reader_1_9.csv
1993,0,0,0,Reader_2_1.csv
1993,2,2,0,Reader_2_10.csv
1993,1,1,0,Reader_2_11.csv
1993,2,2,0,Reader_2_12.csv
1993,0,0,0,Reader_2_2.csv
1993,1,1,0,Reader_2_3.csv
1993,2,1,1,Reader_2_4.csv
1993,0,0,0,Reader_2_5.csv
1993,0,0,0,Reader_2_6.csv
1993,0,0,0,Reader_2_7.csv
1993,0,0,0,Reader_2_8.csv
1993,2,2,0,Reader_2_9.csv
1993,1,1,0,reader_3_1.csv
1993,2,1,1,Reader_3_2.csv
1993,5,4,1,Reader_3_3.csv
1993,5,4,1,Reader_3_4.csv
1993,6,6,0,Reader_3_5.csv
1993,1,1,0,Reader_3_6.csv
1993,1,0,1,Reader_3_7.csv
1994,14,13,1,Reader_1_1.csv
1994,0,0,0,Reader_1_10.csv
1994,7,6,1,Reader_1_11.csv
1994,2,1,1,Reader_1_12.csv
1994,1,1,0,Reader_1_2.csv
1994,6,5,1,Reader_1_3.csv
1994,0,0,0,Reader_1_4.csv
1994,1,1,0,Reader_1_5.csv
1994,0,0,0,Reader_1_6.csv
1994,0,0,0,Reader_1_7.csv
1994,0,0,0,Reader_1_8.csv
1994,1,1,0,Reader_1_9.csv
1994,0,0,0,Reader_2_1.csv
1994,2,2,0,Reader_2_10.csv
1994,1,1,0,Reader_2_11.csv
1994,1,1,0,Reader_2_12.csv
1994,0,0,0,Reader_2_2.csv
1994,1,1,0,Reader_2_3.csv
1994,2,1,1,Reader_2_4.csv
1994,0,0,0,Reader_2_5.csv
1994,0,0,0,Reader_2_6.csv
1994,1,1,0,Reader_2_7.csv
1994,0,0,0,Reader_2_8.csv
1994,2,2,0,Reader_2_9.csv
1994,1,1,0,reader_3_1.csv
1994,2,1,1,Reader_3_2.csv
1994,4,3,1,Reader_3_3.csv
1994,4,3,1,Reader_3_4.csv
1994,5,5,0,Reader_3_5.csv
1994,2,1,1,Reader_3_6.csv
1994,1,0,1,Reader_3_7.csv
1995,11,10,1,Reader_1_1.csv
1995,0,0,0,Reader_1_10.csv
1995,8,7,1,Reader_1_11.csv
1995,2,1,1,Reader_1_12.csv
1995,1,1,0,Reader_1_2.csv
1995,6,5,1,Reader_1_3.csv
1995,0,0,0,Reader_1_4.csv
1995,1,1,0,Reader_1_5.csv
1995,0,0,0,Reader_1_6.csv
1995,0,0,0,Reader_1_7.csv
1995,0,0,0,Reader_1_8.csv
1995,0,0,0,Reader_1_9.csv
1995,0,0,0,Reader_2_1.csv
1995,3,2,1,Reader_2_10.csv
1995,1,1,0,Reader_2_11.csv
1995,0,0,0,Reader_2_12.csv
1995,0,0,0,Reader_2_2.csv
1995,1,1,0,Reader_2_3.csv
1995,2,1,1,Reader_2_4.csv
1995,0,0,0,Reader_2_5.csv
1995,0,0,0,Reader_2_6.csv
1995,1,1,0,Reader_2_7.csv
1995,0,0,0,Reader_2_8.csv
1995,0,0,0,Reader_2_9.csv
1995,1,1,0,reader_3_1.csv
1995,4,3,1,Reader_3_2.csv
1995,4,3,1,Reader_3_3.csv
1995,4,3,1,Reader_3_4.csv
1995,6,6,0,Reader_3_5.csv
1995,2,1,1,Reader_3_6.csv
1995,1,0,1,Reader_3_7.csv
1996,10,10,0,Reader_1_1.csv
1996,0,0,0,Reader_1_10.csv
1996,8,7,1,Reader_1_11.csv
1996,3,2,1,Reader_1_12.csv
1996,1,1,0,Reader_1_2.csv
1996,6,5,1,Reader_1_3.csv
1996,0,0,0,Reader_1_4.csv
1996,1,1,0,Reader_1_5.csv
1996,0,0,0,Reader_1_6.csv
1996,0,0,0,Reader_1_7.csv
1996,0,0,0,Reader_1_8.csv
1996,0,0,0,Reader_1_9.csv
1996,0,0,0,Reader_2_1.csv
1996,3,2,1,Reader_2_10.csv
1996,1,1,0,Reader_2_11.csv
1996,0,0,0,Reader_2_12.csv
1996,0,0,0,Reader_2_2.csv
1996,1,1,0,Reader_2_3.csv
1996,1,1,0,Reader_2_4.csv
1996,0,0,0,Reader_2_5.csv
1996,0,0,0,Reader_2_6.csv
1996,1,1,0,Reader_2_7.csv
1996,0,0,0,Reader_2_8.csv
1996,0,0,0,Reader_2_9.csv
1996,2,2,0,reader_3_1.csv
1996,4,3,1,Reader_3_2.csv
1996,3,2,1,Reader_3_3.csv
1996,3,2,1,Reader_3_4.csv
1996,5,5,0,Reader_3_5.csv
1996,3,1,2,Reader_3_6.csv
1996,1,0,1,Reader_3_7.csv
1997,10,10,0,Reader_1_1.csv
1997,0,0,0,Reader_1_10.csv
1997,8,7,1,Reader_1_11.csv
1997,5,4,1,Reader_1_12.csv
1997,1,1,0,Reader_1_2.csv
1997,7,6,1,Reader_1_3.csv
1997,0,0,0,Reader_1_4.csv
1997,0,0,0,Reader_1_5.csv
1997,0,0,0,Reader_1_6.csv
1997,0,0,0,Reader_1_7.csv
1997,0,0,0,Reader_1_8.csv
1997,0,0,0,Reader_1_9.csv
1997,0,0,0,Reader_2_1.csv
1997,2,1,1,Reader_2_10.csv
1997,1,1,0,Reader_2_11.csv
1997,0,0,0,Reader_2_12.csv
1997,0,0,0,Reader_2_2.csv
1997,1,1,0,Reader_2_3.csv
1997,1,1,0,Reader_2_4.csv
1997,0,0,0,Reader_2_5.csv
1997,0,0,0,Reader_2_6.csv
1997,1,1,0,Reader_2_7.csv
1997,0,0,0,Reader_2_8.csv
1997,0,0,0,Reader_2_9.csv
1997,3,3,0,reader_3_1.csv
1997,4,3,1,Reader_3_2.csv
1997,4,2,2,Reader_3_3.csv
1997,4,2,2,Reader_3_4.csv
1997,4,4,0,Reader_3_5.csv
1997,2,0,2,Reader_3_6.csv
1997,0,0,0,Reader_3_7.csv
1998,9,9,0,Reader_1_1.csv
1998,1,1,0,Reader_1_10.csv
1998,7,6,1,Reader_1_11.csv
1998,5,4,1,Reader_1_12.csv
1998,1,1,0,Reader_1_2.csv
1998,7,6,1,Reader_1_3.csv
1998,0,0,0,Reader_1_4.csv
1998,0,0,0,Reader_1_5.csv
1998,0,0,0,Reader_1_6.csv
1998,0,0,0,Reader_1_7.csv
1998,0,0,0,Reader_1_8.csv
1998,0,0,0,Reader_1_9.csv
1998,0,0,0,Reader_2_1.csv
1998,2,1,1,Reader_2_10.csv
1998,0,0,0,Reader_2_11.csv
1998,0,0,0,Reader_2_12.csv
1998,0,0,0,Reader_2_2.csv
1998,1,1,0,Reader_2_3.csv
1998,1,1,0,Reader_2_4.csv
1998,0,0,0,Reader_2_5.csv
1998,0,0,0,Reader_2_6.csv
1998,1,1,0,Reader_2_7.csv
1998,0,0,0,Reader_2_8.csv
1998,0,0,0,Reader_2_9.csv
1998,4,4,0,reader_3_1.csv
1998,5,3,2,Reader_3_2.csv
1998,4,3,1,Reader_3_3.csv
1998,4,3,1,Reader_3_4.csv
1998,4,4,0,Reader_3_5.csv
1998,3,0,3,Reader_3_6.csv
1998,0,0,0,Reader_3_7.csv
1999,8,7,1,Reader_1_1.csv
1999,1,1,0,Reader_1_10.csv
1999,7,6,1,Reader_1_11.csv
1999,6,5,1,Reader_1_12.csv
1999,1,1,0,Reader_1_2.csv
1999,6,5,1,Reader_1_3.csv
1999,0,0,0,Reader_1_4.csv
1999,2,1,1,Reader_1_5.csv
1999,0,0,0,Reader_1_6.csv
1999,0,0,0,Reader_1_7.csv
1999,0,0,0,Reader_1_8.csv
1999,0,0,0,Reader_1_9.csv
1999,0,0,0,Reader_2_1.csv
1999,2,1,1,Reader_2_10.csv
1999,0,0,0,Reader_2_11.csv
1999,0,0,0,Reader_2_12.csv
1999,0,0,0,Reader_2_2.csv
1999,0,0,0,Reader_2_3.csv
1999,0,0,0,Reader_2_4.csv
1999,0,0,0,Reader_2_5.csv
1999,0,0,0,Reader_2_6.csv
1999,1,1,0,Reader_2_7.csv
1999,0,0,0,Reader_2_8.csv
1999,0,0,0,Reader_2_9.csv
1999,5,5,0,reader_3_1.csv
1999,5,3,2,Reader_3_2.csv
1999,3,2,1,Reader_3_3.csv
1999,3,2,1,Reader_3_4.csv
1999,7,7,0,Reader_3_5.csv
1999,4,0,4,Reader_3_6.csv
1999,0,0,0,Reader_3_7.csv
2000,6,5,1,Reader_1_1.csv
2000,1,1,0,Reader_1_10.csv
2000,8,7,1,Reader_1_11.csv
2000,6,5,1,Reader_1_12.csv
2000,1,1,0,Reader_1_2.csv
2000,6,5,1,Reader_1_3.csv
2000,0,0,0,Reader_1_4.csv
2000,2,1,1,Reader_1_5.csv
2000,0,0,0,Reader_1_6.csv
2000,0,0,0,Reader_1_7.csv
2000,0,0,0,Reader_1_8.csv
2000,0,0,0,Reader_1_9.csv
2000,0,0,0,Reader_2_1.csv
2000,1,0,1,Reader_2_10.csv
2000,0,0,0,Reader_2_11.csv
2000,0,0,0,Reader_2_12.csv
2000,0,0,0,Reader_2_2.csv
2000,0,0,0,Reader_2_3.csv
2000,0,0,0,Reader_2_4.csv
2000,0,0,0,Reader_2_5.csv
2000,0,0,0,Reader_2_6.csv
2000,1,1,0,Reader_2_7.csv
2000,0,0,0,Reader_2_8.csv
2000,0,0,0,Reader_2_9.csv
2000,5,5,0,reader_3_1.csv
2000,4,3,1,Reader_3_2.csv
2000,3,2,1,Reader_3_3.csv
2000,3,2,1,Reader_3_4.csv
2000,6,6,0,Reader_3_5.csv
2000,5,0,5,Reader_3_6.csv
2000,0,0,0,Reader_3_7.csv
2001,5,4,1,Reader_1_1.csv
2001,1,1,0,Reader_1_10.csv
2001,8,7,1,Reader_1_11.csv
2001,6,6,0,Reader_1_12.csv
2001,1,1,0,Reader_1_2.csv
2001,5,4,1,Reader_1_3.csv
2001,0,0,0,Reader_1_4.csv
2001,2,1,1,Reader_1_5.csv
2001,0,0,0,Reader_1_6.csv
2001,0,0,0,Reader_1_7.csv
2001,0,0,0,Reader_1_8.csv
2001,0,0,0,Reader_1_9.csv
2001,0,0,0,Reader_2_1.csv
2001,1,0,1,Reader_2_10.csv
2001,0,0,0,Reader_2_11.csv
2001,1,1,0,Reader_2_12.csv
2001,0,0,0,Reader_2_2.csv
2001,0,0,0,Reader_2_3.csv
2001,0,0,0,Reader_2_4.csv
2001,0,0,0,Reader_2_5.csv
2001,0,0,0,Reader_2_6.csv
2001,1,1,0,Reader_2_7.csv
2001,0,0,0,Reader_2_8.csv
2001,0,0,0,Reader_2_9.csv
2001,5,5,0,reader_3_1.csv
2001,4,3,1,Reader_3_2.csv
2001,3,2,1,Reader_3_3.csv
2001,3,2,1,Reader_3_4.csv
2001,7,7,0,Reader_3_5.csv
2001,5,0,5,Reader_3_6.csv
2001,0,0,0,Reader_3_7.csv
2002,7,5,2,Reader_1_1.csv
2002,1,1,0,Reader_1_10.csv
2002,6,6,0,Reader_1_11.csv
2002,5,5,0,Reader_1_12.csv
2002,0,0,0,Reader_1_2.csv
2002,4,4,0,Reader_1_3.csv
2002,0,0,0,Reader_1_4.csv
2002,2,1,1,Reader_1_5.csv
2002,0,0,0,Reader_1_6.csv
2002,0,0,0,Reader_1_7.csv
2002,0,0,0,Reader_1_8.csv
2002,1,1,0,Reader_1_9.csv
2002,0,0,0,Reader_2_1.csv
2002,1,0,1,Reader_2_10.csv
2002,0,0,0,Reader_2_11.csv
2002,1,1,0,Reader_2_12.csv
2002,0,0,0,Reader_2_2.csv
2002,0,0,0,Reader_2_3.csv
2002,0,0,0,Reader_2_4.csv
2002,0,0,0,Reader_2_5.csv
2002,0,0,0,Reader_2_6.csv
2002,0,0,0,Reader_2_7.csv
2002,0,0,0,Reader_2_8.csv
2002,0,0,0,Reader_2_9.csv
2002,5,5,0,reader_3_1.csv
2002,4,2,2,Reader_3_2.csv
2002,3,2,1,Reader_3_3.csv
2002,3,2,1,Reader_3_4.csv
2002,9,8,1,Reader_3_5.csv
2002,4,0,4,Reader_3_6.csv
2002,2,1,1,Reader_3_7.csv
2003,7,5,2,Reader_1_1.csv
2003,1,1,0,Reader_1_10.csv
2003,7,6,1,Reader_1_11.csv
2003,5,5,0,Reader_1_12.csv
2003,0,0,0,Reader_1_2.csv
2003,4,4,0,Reader_1_3.csv
2003,0,0,0,Reader_1_4.csv
2003,2,1,1,Reader_1_5.csv
2003,0,0,0,Reader_1_6.csv
2003,0,0,0,Reader_1_7.csv
2003,0,0,0,Reader_1_8.csv
2003,1,1,0,Reader_1_9.csv
2003,0,0,0,Reader_2_1.csv
2003,0,0,0,Reader_2_10.csv
2003,0,0,0,Reader_2_11.csv
2003,1,1,0,Reader_2_12.csv
2003,0,0,0,Reader_2_2.csv
2003,0,0,0,Reader_2_3.csv
2003,0,0,0,Reader_2_4.csv
2003,0,0,0,Reader_2_5.csv
2003,0,0,0,Reader_2_6.csv
2003,0,0,0,Reader_2_7.csv
2003,0,0,0,Reader_2_8.csv
2003,0,0,0,Reader_2_9.csv
2003,4,4,0,reader_3_1.csv
2003,2,0,2,Reader_3_2.csv
2003,2,1,1,Reader_3_3.csv
2003,2,1,1,Reader_3_4.csv
2003,8,7,1,Reader_3_5.csv
2003,4,0,4,Reader_3_6.csv
2003,2,1,1,Reader_3_7.csv
2004,6,4,2,Reader_1_1.csv
2004,1,1,0,Reader_1_10.csv
2004,7,6,1,Reader_1_11.csv
2004,5,5,0,Reader_1_12.csv
2004,0,0,0,Reader_1_2.csv
2004,5,4,1,Reader_1_3.csv
2004,0,0,0,Reader_1_4.csv
2004,2,1,1,Reader_1_5.csv
2004,0,0,0,Reader_1_6.csv
2004,0,0,0,Reader_1_7.csv
2004,0,0,0,Reader_1_8.csv
2004,1,1,0,Reader_1_9.csv
2004,0,0,0,Reader_2_1.csv
2004,0,0,0,Reader_2_10.csv
2004,0,0,0,Reader_2_11.csv
2004,1,1,0,Reader_2_12.csv
2004,0,0,0,Reader_2_2.csv
2004,0,0,0,Reader_2_3.csv
2004,0,0,0,Reader_2_4.csv
2004,0,0,0,Reader_2_5.csv
2004,0,0,0,Reader_2_6.csv
2004,0,0,0,Reader_2_7.csv
2004,0,0,0,Reader_2_8.csv
2004,0,0,0,Reader_2_9.csv
2004,4,4,0,reader_3_1.csv
2004,2,0,2,Reader_3_2.csv
2004,2,1,1,Reader_3_3.csv
2004,2,1,1,Reader_3_4.csv
2004,10,8,2,Reader_3_5.csv
2004,3,0,3,Reader_3_6.csv
2004,2,1,1,Reader_3_7.csv
2005,6,4,2,Reader_1_1.csv
2005,1,1,0,Reader_1_10.csv
2005,7,6,1,Reader_1_11.csv
2005,3,3,0,Reader_1_12.csv
2005,0,0,0,Reader_1_2.csv
2005,4,3,1,Reader_1_3.csv
2005,0,0,0,Reader_1_4.csv
2005,3,2,1,Reader_1_5.csv
2005,0,0,0,Reader_1_6.csv
2005,0,0,0,Reader_1_7.csv
2005,0,0,0,Reader_1_8.csv
2005,1,1,0,Reader_1_9.csv
2005,0,0,0,Reader_2_1.csv
2005,0,0,0,Reader_2_10.csv
2005,0,0,0,Reader_2_11.csv
2005,1,1,0,Reader_2_12.csv
2005,0,0,0,Reader_2_2.csv
2005,0,0,0,Reader_2_3.csv
2005,0,0,0,Reader_2_4.csv
2005,0,0,0,Reader_2_5.csv
2005,0,0,0,Reader_2_6.csv
2005,0,0,0,Reader_2_7.csv
2005,0,0,0,Reader_2_8.csv
2005,0,0,0,Reader_2_9.csv
2005,3,3,0,reader_3_1.csv
2005,2,0,2,Reader_3_2.csv
2005,1,1,0,Reader_3_3.csv
2005,1,1,0,Reader_3_4.csv
2005,10,8,2,Reader_3_5.csv
2005,3,0,3,Reader_3_6.csv
2005,2,1,1,Reader_3_7.csv
2006,8,4,4,Reader_1_1.csv
2006,0,0,0,Reader_1_10.csv
2006,9,8,1,Reader_1_11.csv
2006,3,3,0,Reader_1_12.csv
2006,0,0,0,Reader_1_2.csv
2006,5,4,1,Reader_1_3.csv
2006,1,1,0,Reader_1_4.csv
2006,3,2,1,Reader_1_5.csv
2006,0,0,0,Reader_1_6.csv
2006,0,0,0,Reader_1_7.csv
2006,0,0,0,Reader_1_8.csv
2006,1,1,0,Reader_1_9.csv
2006,0,0,0,Reader_2_1.csv
2006,0,0,0,Reader_2_10.csv
2006,0,0,0,Reader_2_11.csv
2006,1,1,0,Reader_2_12.csv
2006,0,0,0,Reader_2_2.csv
2006,0,0,0,Reader_2_3.csv
2006,0,0,0,Reader_2_4.csv
2006,0,0,0,Reader_2_5.csv
2006,0,0,0,Reader_2_6.csv
2006,0,0,0,Reader_2_7.csv
2006,0,0,0,Reader_2_8.csv
2006,0,0,0,Reader_2_9.csv
2006,3,3,0,reader_3_1.csv
2006,3,2,1,Reader_3_2.csv
2006,1,0,1,Reader_3_3.csv
2006,1,0,1,Reader_3_4.csv
2006,10,8,2,Reader_3_5.csv
2006,2,0,2,Reader_3_6.csv
2006,2,1,1,Reader_3_7.csv
2007,9,5,4,Reader_1_1.csv
2007,0,0,0,Reader_1_10.csv
2007,11,10,1,Reader_1_11.csv
2007,2,2,0,Reader_1_12.csv
2007,0,0,0,Reader_1_2.csv
2007,5,4,1,Reader_1_3.csv
2007,1,1,0,Reader_1_4.csv
2007,1,1,0,Reader_1_5.csv
2007,0,0,0,Reader_1_6.csv
2007,0,0,0,Reader_1_7.csv
2007,0,0,0,Reader_1_8.csv
2007,1,1,0,Reader_1_9.csv
2007,0,0,0,Reader_2_1.csv
2007,0,0,0,Reader_2_10.csv
2007,0,0,0,Reader_2_11.csv
2007,2,2,0,Reader_2_12.csv
2007,0,0,0,Reader_2_2.csv
2007,0,0,0,Reader_2_3.csv
2007,0,0,0,Reader_2_4.csv
2007,0,0,0,Reader_2_5.csv
2007,0,0,0,Reader_2_6.csv
2007,0,0,0,Reader_2_7.csv
2007,0,0,0,Reader_2_8.csv
2007,0,0,0,Reader_2_9.csv
2007,2,2,0,reader_3_1.csv
2007,3,2,1,Reader_3_2.csv
2007,2,1,1,Reader_3_3.csv
2007,2,1,1,Reader_3_4.csv
2007,7,5,2,Reader_3_5.csv
2007,2,1,1,Reader_3_6.csv
2007,2,1,1,Reader_3_7.csv
2008,9,5,4,Reader_1_1.csv
2008,1,1,0,Reader_1_10.csv
2008,9,8,1,Reader_1_11.csv
2008,2,2,0,Reader_1_12.csv
2008,0,0,0,Reader_1_2.csv
2008,4,3,1,Reader_1_3.csv
2008,1,1,0,Reader_1_4.csv
2008,1,1,0,Reader_1_5.csv
2008,0,0,0,Reader_1_6.csv
2008,0,0,0,Reader_1_7.csv
2008,0,0,0,Reader_1_8.csv
2008,1,1,0,Reader_1_9.csv
2008,0,0,0,Reader_2_1.csv
2008,0,0,0,Reader_2_10.csv
2008,0,0,0,Reader_2_11.csv
2008,2,2,0,Reader_2_12.csv
2008,0,0,0,Reader_2_2.csv
2008,0,0,0,Reader_2_3.csv
2008,0,0,0,Reader_2_4.csv
2008,0,0,0,Reader_2_5.csv
2008,0,0,0,Reader_2_6.csv
2008,0,0,0,Reader_2_7.csv
2008,0,0,0,Reader_2_8.csv
2008,0,0,0,Reader_2_9.csv
2008,5,5,0,reader_3_1.csv
2008,3,2,1,Reader_3_2.csv
2008,2,1,1,Reader_3_3.csv
2008,2,1,1,Reader_3_4.csv
2008,7,5,2,Reader_3_5.csv
2008,2,2,0,Reader_3_6.csv
2008,2,1,1,Reader_3_7.csv
2009,10,6,4,Reader_1_1.csv
2009,1,1,0,Reader_1_10.csv
2009,11,10,1,Reader_1_11.csv
2009,1,1,0,Reader_1_12.csv
2009,0,0,0,Reader_1_2.csv
2009,4,3,1,Reader_1_3.csv
2009,1,1,0,Reader_1_4.csv
2009,1,1,0,Reader_1_5.csv
2009,0,0,0,Reader_1_6.csv
2009,0,0,0,Reader_1_7.csv
2009,0,0,0,Reader_1_8.csv
2009,1,1,0,Reader_1_9.csv
2009,1,1,0,Reader_2_1.csv
2009,0,0,0,Reader_2_10.csv
2009,0,0,0,Reader_2_11.csv
2009,1,1,0,Reader_2_12.csv
2009,1,0,1,Reader_2_2.csv
2009,0,0,0,Reader_2_3.csv
2009,0,0,0,Reader_2_4.csv
2009,0,0,0,Reader_2_5.csv
2009,0,0,0,Reader_2_6.csv
2009,0,0,0,Reader_2_7.csv
2009,0,0,0,Reader_2_8.csv
2009,0,0,0,Reader_2_9.csv
2009,5,5,0,reader_3_1.csv
2009,4,2,2,Reader_3_2.csv
2009,2,1,1,Reader_3_3.csv
2009,2,1,1,Reader_3_4.csv
2009,6,4,2,Reader_3_5.csv
2009,2,2,0,Reader_3_6.csv
2009,3,1,2,Reader_3_7.csv
2010,9,6,3,Reader_1_1.csv
2010,1,1,0,Reader_1_10.csv
2010,11,10,1,Reader_1_11.csv
2010,1,1,0,Reader_1_12.csv
2010,0,0,0,Reader_1_2.csv
2010,4,3,1,Reader_1_3.csv
2010,2,2,0,Reader_1_4.csv
2010,1,1,0,Reader_1_5.csv
2010,1,1,0,Reader_1_6.csv
2010,1,1,0,Reader_1_7.csv
2010,0,0,0,Reader_1_8.csv
2010,0,0,0,Reader_1_9.csv
2010,1,1,0,Reader_2_1.csv
2010,1,0,1,Reader_2_10.csv
2010,0,0,0,Reader_2_11.csv
2010,1,1,0,Reader_2_12.csv
2010,1,0,1,Reader_2_2.csv
2010,0,0,0,Reader_2_3.csv
2010,1,1,0,Reader_2_4.csv
2010,0,0,0,Reader_2_5.csv
2010,0,0,0,Reader_2_6.csv
2010,0,0,0,Reader_2_7.csv
2010,0,0,0,Reader_2_8.csv
2010,0,0,0,Reader_2_9.csv
2010,8,6,2,reader_3_1.csv
2010,4,3,1,Reader_3_2.csv
2010,2,1,1,Reader_3_3.csv
2010,2,1,1,Reader_3_4.csv
2010,4,3,1,Reader_3_5.csv
2010,3,3,0,Reader_3_6.csv
2010,1,0,1,Reader_3_7.csv
2011,11,8,3,Reader_1_1.csv
2011,1,1,0,Reader_1_10.csv
2011,11,11,0,Reader_1_11.csv
2011,1,1,0,Reader_1_12.csv
2011,0,0,0,Reader_1_2.csv
2011,4,3,1,Reader_1_3.csv
2011,2,2,0,Reader_1_4.csv
2011,1,1,0,Reader_1_5.csv
2011,1,1,0,Reader_1_6.csv
2011,1,1,0,Reader_1_7.csv
2011,0,0,0,Reader_1_8.csv
2011,0,0,0,Reader_1_9.csv
2011,1,1,0,Reader_2_1.csv
2011,1,0,1,Reader_2_10.csv
2011,0,0,0,Reader_2_11.csv
2011,1,1,0,Reader_2_12.csv
2011,1,0,1,Reader_2_2.csv
2011,0,0,0,Reader_2_3.csv
2011,1,1,0,Reader_2_4.csv
2011,0,0,0,Reader_2_5.csv
2011,0,0,0,Reader_2_6.csv
2011,0,0,0,Reader_2_7.csv
2011,0,0,0,Reader_2_8.csv
2011,0,0,0,Reader_2_9.csv
2011,8,6,2,reader_3_1.csv
2011,7,4,3,Reader_3_2.csv
2011,2,1,1,Reader_3_3.csv
2011,2,1,1,Reader_3_4.csv
2011,4,3,1,Reader_3_5.csv
2011,3,3,0,Reader_3_6.csv
2011,1,0,1,Reader_3_7.csv
2012,11,8,3,Reader_1_1.csv
2012,1,1,0,Reader_1_10.csv
2012,11,11,0,Reader_1_11.csv
2012,0,0,0,Reader_1_12.csv
2012,0,0,0,Reader_1_2.csv
2012,3,3,0,Reader_1_3.csv
2012,2,2,0,Reader_1_4.csv
2012,1,1,0,Reader_1_5.csv
2012,2,2,0,Reader_1_6.csv
2012,1,1,0,Reader_1_7.csv
2012,0,0,0,Reader_1_8.csv
2012,0,0,0,Reader_1_9.csv
2012,1,1,0,Reader_2_1.csv
2012,1,0,1,Reader_2_10.csv
2012,0,0,0,Reader_2_11.csv
2012,1,1,0,Reader_2_12.csv
2012,1,0,1,Reader_2_2.csv
2012,0,0,0,Reader_2_3.csv
2012,1,1,0,Reader_2_4.csv
2012,0,0,0,Reader_2_5.csv
2012,0,0,0,Reader_2_6.csv
2012,0,0,0,Reader_2_7.csv
2012,0,0,0,Reader_2_8.csv
2012,0,0,0,Reader_2_9.csv
2012,8,6,2,reader_3_1.csv
2012,8,4,4,Reader_3_2.csv
2012,3,2,1,Reader_3_3.csv
2012,3,2,1,Reader_3_4.csv
2012,1,1,0,Reader_3_5.csv
2012,3,3,0,Reader_3_6.csv
2012,1,0,1,Reader_3_7.csv
2013,12,8,4,Reader_1_1.csv
2013,1,1,0,Reader_1_10.csv
2013,12,12,0,Reader_1_11.csv
2013,0,0,0,Reader_1_12.csv
2013,0,0,0,Reader_1_2.csv
2013,3,3,0,Reader_1_3.csv
2013,2,2,0,Reader_1_4.csv
2013,0,0,0,Reader_1_5.csv
2013,2,2,0,Reader_1_6.csv
2013,1,1,0,Reader_1_7.csv
2013,0,0,0,Reader_1_8.csv
2013,0,0,0,Reader_1_9.csv
2013,1,1,0,Reader_2_1.csv
2013,1,0,1,Reader_2_10.csv
2013,0,0,0,Reader_2_11.csv
2013,1,1,0,Reader_2_12.csv
2013,1,0,1,Reader_2_2.csv
2013,0,0,0,Reader_2_3.csv
2013,1,1,0,Reader_2_4.csv
2013,0,0,0,Reader_2_5.csv
2013,0,0,0,Reader_2_6.csv
2013,0,0,0,Reader_2_7.csv
2013,0,0,0,Reader_2_8.csv
2013,1,1,0,Reader_2_9.csv
2013,9,7,2,reader_3_1.csv
2013,9,5,4,Reader_3_2.csv
2013,4,3,1,Reader_3_3.csv
2013,4,3,1,Reader_3_4.csv
2013,0,0,0,Reader_3_5.csv
2013,3,3,0,Reader_3_6.csv
2013,1,0,1,Reader_3_7.csv
2014,12,10,2,Reader_1_1.csv
2014,1,1,0,Reader_1_10.csv
2014,13,13,0,Reader_1_11.csv
2014,0,0,0,Reader_1_12.csv
2014,0,0,0,Reader_1_2.csv
2014,3,3,0,Reader_1_3.csv
2014,1,1,0,Reader_1_4.csv
2014,0,0,0,Reader_1_5.csv
2014,2,2,0,Reader_1_6.csv
2014,1,1,0,Reader_1_7.csv
2014,0,0,0,Reader_1_8.csv
2014,0,0,0,Reader_1_9.csv
2014,1,1,0,Reader_2_1.csv
2014,1,0,1,Reader_2_10.csv
2014,0,0,0,Reader_2_11.csv
2014,1,1,0,Reader_2_12.csv
2014,1,0,1,Reader_2_2.csv
2014,0,0,0,Reader_2_3.csv
2014,1,1,0,Reader_2_4.csv
2014,0,0,0,Reader_2_5.csv
2014,0,0,0,Reader_2_6.csv
2014,0,0,0,Reader_2_7.csv
2014,0,0,0,Reader_2_8.csv
2014,1,1,0,Reader_2_9.csv
2014,12,8,4,reader_3_1.csv
2014,7,3,4,Reader_3_2.csv
2014,3,3,0,Reader_3_3.csv
2014,3,3,0,Reader_3_4.csv
2014,0,0,0,Reader_3_5.csv
2014,5,5,0,Reader_3_6.csv
2014,1,0,1,Reader_3_7.csv
2015,12,10,2,Reader_1_1.csv
2015,1,1,0,Reader_1_10.csv
2015,12,12,0,Reader_1_11.csv
2015,0,0,0,Reader_1_12.csv
2015,0,0,0,Reader_1_2.csv
2015,3,3,0,Reader_1_3.csv
2015,1,1,0,Reader_1_4.csv
2015,0,0,0,Reader_1_5.csv
2015,3,3,0,Reader_1_6.csv
2015,1,1,0,Reader_1_7.csv
2015,0,0,0,Reader_1_8.csv
2015,0,0,0,Reader_1_9.csv
2015,1,1,0,Reader_2_1.csv
2015,1,0,1,Reader_2_10.csv
2015,0,0,0,Reader_2_11.csv
2015,0,0,0,Reader_2_12.csv
2015,1,0,1,Reader_2_2.csv
2015,0,0,0,Reader_2_3.csv
2015,2,1,1,Reader_2_4.csv
2015,0,0,0,Reader_2_5.csv
2015,0,0,0,Reader_2_6.csv
2015,0,0,0,Reader_2_7.csv
2015,0,0,0,Reader_2_8.csv
2015,1,1,0,Reader_2_9.csv
2015,12,8,4,reader_3_1.csv
2015,7,3,4,Reader_3_2.csv
2015,4,4,0,Reader_3_3.csv
2015,4,4,0,Reader_3_4.csv
2015,1,1,0,Reader_3_5.csv
2015,6,5,1,Reader_3_6.csv
2015,1,0,1,Reader_3_7.csv
2016,12,10,2,Reader_1_1.csv
2016,0,0,0,Reader_1_10.csv
2016,12,12,0,Reader_1_11.csv
2016,0,0,0,Reader_1_12.csv
2016,0,0,0,Reader_1_2.csv
2016,3,3,0,Reader_1_3.csv
2016,1,1,0,Reader_1_4.csv
2016,0,0,0,Reader_1_5.csv
2016,5,5,0,Reader_1_6.csv
2016,1,1,0,Reader_1_7.csv
2016,0,0,0,Reader_1_8.csv
2016,0,0,0,Reader_1_9.csv
2016,1,1,0,Reader_2_1.csv
2016,1,0,1,Reader_2_10.csv
2016,0,0,0,Reader_2_11.csv
2016,0,0,0,Reader_2_12.csv
2016,1,0,1,Reader_2_2.csv
2016,0,0,0,Reader_2_3.csv
2016,3,2,1,Reader_2_4.csv
2016,0,0,0,Reader_2_5.csv
2016,0,0,0,Reader_2_6.csv
2016,0,0,0,Reader_2_7.csv
2016,0,0,0,Reader_2_8.csv
2016,1,1,0,Reader_2_9.csv
2016,9,5,4,reader_3_1.csv
2016,7,3,4,Reader_3_2.csv
2016,4,4,0,Reader_3_3.csv
2016,4,4,0,Reader_3_4.csv
2016,2,2,0,Reader_3_5.csv
2016,5,4,1,Reader_3_6.csv
2016,1,0,1,Reader_3_7.csv
2017,13,10,3,Reader_1_1.csv
2017,0,0,0,Reader_1_10.csv
2017,13,13,0,Reader_1_11.csv
2017,0,0,0,Reader_1_12.csv
2017,0,0,0,Reader_1_2.csv
2017,3,3,0,Reader_1_3.csv
2017,1,1,0,Reader_1_4.csv
2017,0,0,0,Reader_1_5.csv
2017,5,5,0,Reader_1_6.csv
2017,1,1,0,Reader_1_7.csv
2017,0,0,0,Reader_1_8.csv
2017,0,0,0,Reader_1_9.csv
2017,0,0,0,Reader_2_1.csv
2017,1,0,1,Reader_2_10.csv
2017,0,0,0,Reader_2_11.csv
2017,0,0,0,Reader_2_12.csv
2017,0,0,0,Reader_2_2.csv
2017,0,0,0,Reader_2_3.csv
2017,3,2,1,Reader_2_4.csv
2017,0,0,0,Reader_2_5.csv
2017,0,0,0,Reader_2_6.csv
2017,0,0,0,Reader_2_7.csv
2017,0,0,0,Reader_2_8.csv
2017,1,1,0,Reader_2_9.csv
2017,10,6,4,reader_3_1.csv
2017,6,3,3,Reader_3_2.csv
2017,5,5,0,Reader_3_3.csv
2017,5,5,0,Reader_3_4.csv
2017,2,2,0,Reader_3_5.csv
2017,6,5,1,Reader_3_6.csv
2017,0,0,0,Reader_3_7.csv
2018,14,10,4,Reader_1_1.csv
2018,0,0,0,Reader_1_10.csv
2018,14,14,0,Reader_1_11.csv
2018,0,0,0,Reader_1_12.csv
2018,0,0,0,Reader_1_2.csv
2018,2,2,0,Reader_1_3.csv
2018,0,0,0,Reader_1_4.csv
2018,0,0,0,Reader_1_5.csv
2018,5,5,0,Reader_1_6.csv
2018,0,0,0,Reader_1_7.csv
2018,0,0,0,Reader_1_8.csv
2018,0,0,0,Reader_1_9.csv
2018,0,0,0,Reader_2_1.csv
2018,0,0,0,Reader_2_10.csv
2018,0,0,0,Reader_2_11.csv
2018,0,0,0,Reader_2_12.csv
2018,0,0,0,Reader_2_2.csv
2018,0,0,0,Reader_2_3.csv
2018,2,1,1,Reader_2_4.csv
2018,0,0,0,Reader_2_5.csv
2018,0,0,0,Reader_2_6.csv
2018,0,0,0,Reader_2_7.csv
2018,0,0,0,Reader_2_8.csv
2018,1,1,0,Reader_2_9.csv
2018,7,5,2,reader_3_1.csv
2018,8,5,3,Reader_3_2.csv
2018,5,5,0,Reader_3_3.csv
2018,5,5,0,Reader_3_4.csv
2018,3,3,0,Reader_3_5.csv
2018,5,4,1,Reader_3_6.csv
2018,1,1,0,Reader_3_7.csv
2019,13,8,5,Reader_1_1.csv
2019,0,0,0,Reader_1_10.csv
2019,12,12,0,Reader_1_11.csv
2019,0,0,0,Reader_1_12.csv
2019,0,0,0,Reader_1_2.csv
2019,2,2,0,Reader_1_3.csv
2019,0,0,0,Reader_1_4.csv
2019,0,0,0,Reader_1_5.csv
2019,5,5,0,Reader_1_6.csv
2019,0,0,0,Reader_1_7.csv
2019,0,0,0,Reader_1_8.csv
2019,0,0,0,Reader_1_9.csv
2019,0,0,0,Reader_2_1.csv
2019,0,0,0,Reader_2_10.csv
2019,1,1,0,Reader_2_11.csv
2019,0,0,0,Reader_2_12.csv
2019,0,0,0,Reader_2_2.csv
2019,0,0,0,Reader_2_3.csv
2019,2,1,1,Reader_2_4.csv
2019,1,1,0,Reader_2_5.csv
2019,1,1,0,Reader_2_6.csv
2019,0,0,0,Reader_2_7.csv
2019,0,0,0,Reader_2_8.csv
2019,1,1,0,Reader_2_9.csv
2019,8,6,2,reader_3_1.csv
2019,7,4,3,Reader_3_2.csv
2019,5,5,0,Reader_3_3.csv
2019,5,5,0,Reader_3_4.csv
2019,3,3,0,Reader_3_5.csv
2019,5,4,1,Reader_3_6.csv
2019,1,1,0,Reader_3_7.csv
2020,14,9,5,Reader_1_1.csv
2020,0,0,0,Reader_1_10.csv
2020,12,12,0,Reader_1_11.csv
2020,0,0,0,Reader_1_12.csv
2020,0,0,0,Reader_1_2.csv
2020,1,1,0,Reader_1_3.csv
2020,0,0,0,Reader_1_4.csv
2020,0,0,0,Reader_1_5.csv
2020,5,5,0,Reader_1_6.csv
2020,0,0,0,Reader_1_7.csv
2020,0,0,0,Reader_1_8.csv
2020,0,0,0,Reader_1_9.csv
2020,0,0,0,Reader_2_1.csv
2020,0,0,0,Reader_2_10.csv
2020,1,1,0,Reader_2_11.csv
2020,0,0,0,Reader_2_12.csv
2020,0,0,0,Reader_2_2.csv
2020,0,0,0,Reader_2_3.csv
2020,2,1,1,Reader_2_4.csv
2020,1,1,0,Reader_2_5.csv
2020,1,1,0,Reader_2_6.csv
2020,0,0,0,Reader_2_7.csv
2020,0,0,0,Reader_2_8.csv
2020,1,1,0,Reader_2_9.csv
2020,8,6,2,reader_3_1.csv
2020,7,4,3,Reader_3_2.csv
2020,5,5,0,Reader_3_3.csv
2020,5,5,0,Reader_3_4.csv
2020,5,5,0,Reader_3_5.csv
2020,5,4,1,Reader_3_6.csv
2020,1,1,0,Reader_3_7.csv
2021,14,9,5,Reader_1_1.csv
2021,0,0,0,Reader_1_10.csv
2021,12,12,0,Reader_1_11.csv
2021,0,0,0,Reader_1_12.csv
2021,0,0,0,Reader_1_2.csv
2021,1,1,0,Reader_1_3.csv
2021,0,0,0,Reader_1_4.csv
2021,0,0,0,Reader_1_5.csv
2021,5,5,0,Reader_1_6.csv
2021,0,0,0,Reader_1_7.csv
2021,0,0,0,Reader_1_8.csv
2021,0,0,0,Reader_1_9.csv
2021,0,0,0,Reader_2_1.csv
2021,0,0,0,Reader_2_10.csv
2021,1,1,0,Reader_2_11.csv
2021,0,0,0,Reader_2_12.csv
2021,0,0,0,Reader_2_2.csv
2021,0,0,0,Reader_2_3.csv
2021,3,2,1,Reader_2_4.csv
2021,1,1,0,Reader_2_5.csv
2021,1,1,0,Reader_2_6.csv
2021,0,0,0,Reader_2_7.csv
2021,0,0,0,Reader_2_8.csv
2021,0,0,0,Reader_2_9.csv
2021,7,5,2,reader_3_1.csv
2021,6,3,3,Reader_3_2.csv
2021,5,5,0,Reader_3_3.csv
2021,5,5,0,Reader_3_4.csv
2021,5,5,0,Reader_3_5.csv
2021,5,4,1,Reader_3_6.csv
2021,1,1,0,Reader_3_7.csv
2022,11,6,5,Reader_1_1.csv
2022,0,0,0,Reader_1_10.csv
2022,9,9,0,Reader_1_11.csv
2022,0,0,0,Reader_1_12.csv
2022,0,0,0,Reader_1_2.csv
2022,0,0,0,Reader_1_3.csv
2022,0,0,0,Reader_1_4.csv
2022,0,0,0,Reader_1_5.csv
2022,7,7,0,Reader_1_6.csv
2022,1,1,0,Reader_1_7.csv
2022,0,0,0,Reader_1_8.csv
2022,0,0,0,Reader_1_9.csv
2022,0,0,0,Reader_2_1.csv
2022,0,0,0,Reader_2_10.csv
2022,2,2,0,Reader_2_11.csv
2022,0,0,0,Reader_2_12.csv
2022,0,0,0,Reader_2_2.csv
2022,0,0,0,Reader_2_3.csv
2022,3,2,1,Reader_2_4.csv
2022,1,1,0,Reader_2_5.csv
2022,1,1,0,Reader_2_6.csv
2022,0,0,0,Reader_2_7.csv
2022,0,0,0,Reader_2_8.csv
2022,0,0,0,Reader_2_9.csv
2022,3,3,0,reader_3_1.csv
2022,6,3,3,Reader_3_2.csv
2022,5,5,0,Reader_3_3.csv
2022,5,5,0,Reader_3_4.csv
2022,6,6,0,Reader_3_5.csv
2022,5,4,1,Reader_3_6.csv
2022,1,1,0,Reader_3_7.csv
2023,12,8,4,Reader_1_1.csv
2023,0,0,0,Reader_1_10.csv
2023,8,8,0,Reader_1_11.csv
2023,0,0,0,Reader_1_12.csv
2023,1,1,0,Reader_1_2.csv
2023,0,0,0,Reader_1_3.csv
2023,0,0,0,Reader_1_4.csv
2023,0,0,0,Reader_1_5.csv
2023,7,7,0,Reader_1_6.csv
2023,1,1,0,Reader_1_7.csv
2023,0,0,0,Reader_1_8.csv
2023,0,0,0,Reader_1_9.csv
2023,0,0,0,Reader_2_1.csv
2023,0,0,0,Reader_2_10.csv
2023,2,2,0,Reader_2_11.csv
2023,0,0,0,Reader_2_12.csv
2023,0,0,0,Reader_2_2.csv
2023,0,0,0,Reader_2_3.csv
2023,2,2,0,Reader_2_4.csv
2023,1,1,0,Reader_2_5.csv
2023,1,1,0,Reader_2_6.csv
2023,0,0,0,Reader_2_7.csv
2023,0,0,0,Reader_2_8.csv
2023,0,0,0,Reader_2_9.csv
2023,3,3,0,reader_3_1.csv
2023,8,4,4,Reader_3_2.csv
2023,3,3,0,Reader_3_3.csv
2023,3,3,0,Reader_3_4.csv
2023,5,5,0,Reader_3_5.csv
2023,4,4,0,Reader_3_6.csv
2023,1,1,0,Reader_3_7.csv
2024,11,7,4,Reader_1_1.csv
2024,0,0,0,Reader_1_10.csv
2024,8,8,0,Reader_1_11.csv
2024,0,0,0,Reader_1_12.csv
2024,1,1,0,Reader_1_2.csv
2024,1,1,0,Reader_1_3.csv
2024,0,0,0,Reader_1_4.csv
2024,1,1,0,Reader_1_5.csv
2024,5,5,0,Reader_1_6.csv
2024,1,1,0,Reader_1_7.csv
2024,0,0,0,Reader_1_8.csv
2024,0,0,0,Reader_1_9.csv
2024,1,0,1,Reader_2_1.csv
2024,0,0,0,Reader_2_10.csv
2024,2,2,0,Reader_2_11.csv
2024,0,0,0,Reader_2_12.csv
2024,0,0,0,Reader_2_2.csv
2024,0,0,0,Reader_2_3.csv
2024,1,1,0,Reader_2_4.csv
2024,1,1,0,Reader_2_5.csv
2024,1,1,0,Reader_2_6.csv
2024,0,0,0,Reader_2_7.csv
2024,0,0,0,Reader_2_8.csv
2024,0,0,0,Reader_2_9.csv
2024,5,3,2,reader_3_1.csv
2024,8,4,4,Reader_3_2.csv
2024,3,3,0,Reader_3_3.csv
2024,3,3,0,Reader_3_4.csv
2024,5,5,0,Reader_3_5.csv
2024,4,4,0,Reader_3_6.csv
2024,1,1,0,Reader_3_7.csv
2025,11,7,4,Reader_1_1.csv
2025,0,0,0,Reader_1_10.csv
2025,5,5,0,Reader_1_11.csv
2025,0,0,0,Reader_1_12.csv
2025,1,1,0,Reader_1_2.csv
2025,1,1,0,Reader_1_3.csv
2025,0,0,0,Reader_1_4.csv
2025,1,1,0,Reader_1_5.csv
2025,6,6,0,Reader_1_6.csv
2025,1,1,0,Reader_1_7.csv
2025,0,0,0,Reader_1_8.csv
2025,0,0,0,Reader_1_9.csv
2025,1,0,1,Reader_2_1.csv
2025,0,0,0,Reader_2_10.csv
2025,2,2,0,Reader_2_11.csv
2025,0,0,0,Reader_2_12.csv
2025,0,0,0,Reader_2_2.csv
2025,0,0,0,Reader_2_3.csv
2025,1,1,0,Reader_2_4.csv
2025,1,1,0,Reader_2_5.csv
2025,1,1,0,Reader_2_6.csv
2025,0,0,0,Reader_2_7.csv
2025,0,0,0,Reader_2_8.csv
2025,0,0,0,Reader_2_9.csv
2025,4,2,2,reader_3_1.csv
2025,10,4,6,Reader_3_2.csv
2025,2,2,0,Reader_3_3.csv
2025,2,2,0,Reader_3_4.csv
2025,5,5,0,Reader_3_5.csv
2025,5,5,0,Reader_3_6.csv
2025,1,1,0,Reader_3_7.csv
2026,9,6,3,Reader_1_1.csv
2026,0,0,0,Reader_1_10.csv
2026,6,6,0,Reader_1_11.csv
2026,0,0,0,Reader_1_12.csv
2026,1,1,0,Reader_1_2.csv
2026,1,1,0,Reader_1_3.csv
2026,0,0,0,Reader_1_4.csv
2026,1,1,0,Reader_1_5.csv
2026,5,5,0,Reader_1_6.csv
2026,1,1,0,Reader_1_7.csv
2026,0,0,0,Reader_1_8.csv
2026,0,0,0,Reader_1_9.csv
2026,1,0,1,Reader_2_1.csv
2026,1,1,0,Reader_2_10.csv
2026,2,2,0,Reader_2_11.csv
2026,0,0,0,Reader_2_12.csv
2026,0,0,0,Reader_2_2.csv
2026,0,0,0,Reader_2_3.csv
2026,1,1,0,Reader_2_4.csv
2026,1,1,0,Reader_2_5.csv
2026,1,1,0,Reader_2_6.csv
2026,0,0,0,Reader_2_7.csv
2026,0,0,0,Reader_2_8.csv
2026,0,0,0,Reader_2_9.csv
2026,5,3,2,reader_3_1.csv
2026,13,5,8,Reader_3_2.csv
2026,2,2,0,Reader_3_3.csv
2026,2,2,0,Reader_3_4.csv
2026,6,6,0,Reader_3_5.csv
2026,5,5,0,Reader_3_6.csv
2026,0,0,0,Reader_3_7.csv
2027,7,5,2,Reader_1_1.csv
2027,0,0,0,Reader_1_10.csv
2027,5,5,0,Reader_1_11.csv
2027,0,0,0,Reader_1_12.csv
2027,1,1,0,Reader_1_2.csv
2027,1,1,0,Reader_1_3.csv
2027,0,0,0,Reader_1_4.csv
2027,1,1,0,Reader_1_5.csv
2027,5,5,0,Reader_1_6.csv
2027,1,1,0,Reader_1_7.csv
2027,0,0,0,Reader_1_8.csv
2027,0,0,0,Reader_1_9.csv
2027,1,0,1,Reader_2_1.csv
2027,2,2,0,Reader_2_10.csv
2027,1,1,0,Reader_2_11.csv
2027,0,0,0,Reader_2_12.csv
2027,1,1,0,Reader_2_2.csv
2027,0,0,0,Reader_2_3.csv
2027,2,2,0,Reader_2_4.csv
2027,0,0,0,Reader_2_5.csv
2027,0,0,0,Reader_2_6.csv
2027,0,0,0,Reader_2_7.csv
2027,0,0,0,Reader_2_8.csv
2027,0,0,0,Reader_2_9.csv
2027,5,3,2,reader_3_1.csv
2027,11,5,6,Reader_3_2.csv
2027,2,2,0,Reader_3_3.csv
2027,2,2,0,Reader_3_4.csv
2027,7,7,0,Reader_3_5.csv
2027,5,5,0,Reader_3_6.csv
2027,0,0,0,Reader_3_7.csv
2028,8,6,2,Reader_1_1.csv
2028,0,0,0,Reader_1_10.csv
2028,6,6,0,Reader_1_11.csv
2028,0,0,0,Reader_1_12.csv
2028,1,1,0,Reader_1_2.csv
2028,1,1,0,Reader_1_3.csv
2028,0,0,0,Reader_1_4.csv
2028,1,1,0,Reader_1_5.csv
2028,4,4,0,Reader_1_6.csv
2028,1,1,0,Reader_1_7.csv
2028,0,0,0,Reader_1_8.csv
2028,0,0,0,Reader_1_9.csv
2028,1,0,1,Reader_2_1.csv
2028,2,2,0,Reader_2_10.csv
2028,1,1,0,Reader_2_11.csv
2028,0,0,0,Reader_2_12.csv
2028,1,1,0,Reader_2_2.csv
2028,1,0,1,Reader_2_3.csv
2028,2,2,0,Reader_2_4.csv
2028,0,0,0,Reader_2_5.csv
2028,0,0,0,Reader_2_6.csv
2028,0,0,0,Reader_2_7.csv
2028,0,0,0,Reader_2_8.csv
2028,0,0,0,Reader_2_9.csv
2028,4,2,2,reader_3_1.csv
2028,10,5,5,Reader_3_2.csv
2028,1,1,0,Reader_3_3.csv
2028,1,1,0,Reader_3_4.csv
2028,6,6,0,Reader_3_5.csv
2028,6,6,0,Reader_3_6.csv
2028,0,0,0,Reader_3_7.csv
2029,8,7,1,Reader_1_1.csv
2029,0,0,0,Reader_1_10.csv
2029,5,5,0,Reader_1_11.csv
2029,0,0,0,Reader_1_12.csv
2029,1,1,0,Reader_1_2.csv
2029,1,1,0,Reader_1_3.csv
2029,0,0,0,Reader_1_4.csv
2029,1,1,0,Reader_1_5.csv
2029,4,4,0,Reader_1_6.csv
2029,1,1,0,Reader_1_7.csv
2029,0,0,0,Reader_1_8.csv
2029,0,0,0,Reader_1_9.csv
2029,1,0,1,Reader_2_1.csv
2029,2,2,0,Reader_2_10.csv
2029,1,1,0,Reader_2_11.csv
2029,0,0,0,Reader_2_12.csv
2029,1,1,0,Reader_2_2.csv
2029,1,0,1,Reader_2_3.csv
2029,1,1,0,Reader_2_4.csv
2029,1,1,0,Reader_2_5.csv
2029,0,0,0,Reader_2_6.csv
2029,0,0,0,Reader_2_7.csv
2029,0,0,0,Reader_2_8.csv
2029,0,0,0,Reader_2_9.csv
2029,4,2,2,reader_3_1.csv
2029,11,6,5,Reader_3_2.csv
2029,0,0,0,Reader_3_3.csv
2029,0,0,0,Reader_3_4.csv
2029,6,6,0,Reader_3_5.csv
2029,7,7,0,Reader_3_6.csv
2029,0,0,0,Reader_3_7.csv
2030,8,7,1,Reader_1_1.csv
2030,0,0,0,Reader_1_10.csv
2030,6,6,0,Reader_1_11.csv
2030,0,0,0,Reader_1_12.csv
2030,1,1,0,Reader_1_2.csv
2030,1,1,0,Reader_1_3.csv
2030,0,0,0,Reader_1_4.csv
2030,1,1,0,Reader_1_5.csv
2030,2,2,0,Reader_1_6.csv
2030,0,0,0,Reader_1_7.csv
2030,0,0,0,Reader_1_8.csv
2030,0,0,0,Reader_1_9.csv
2030,1,0,1,Reader_2_1.csv
2030,2,2,0,Reader_2_10.csv
2030,0,0,0,Reader_2_11.csv
2030,0,0,0,Reader_2_12.csv
2030,2,2,0,Reader_2_2.csv
2030,1,0,1,Reader_2_3.csv
2030,1,1,0,Reader_2_4.csv
2030,1,1,0,Reader_2_5.csv
2030,0,0,0,Reader_2_6.csv
2030,0,0,0,Reader_2_7.csv
2030,0,0,0,Reader_2_8.csv
2030,0,0,0,Reader_2_9.csv
2030,4,2,2,reader_3_1.csv
2030,12,6,6,Reader_3_2.csv
2030,0,0,0,Reader_3_3.csv
2030,0,0,0,Reader_3_4.csv
2030,6,5,1,Reader_3_5.csv
2030,5,5,0,Reader_3_6.csv
2030,1,1,0,Reader_3_7.csv
2031,5,4,1,Reader_1_1.csv
2031,0,0,0,Reader_1_10.csv
2031,7,7,0,Reader_1_11.csv
2031,0,0,0,Reader_1_12.csv
2031,0,0,0,Reader_1_2.csv
2031,1,1,0,Reader_1_3.csv
2031,0,0,0,Reader_1_4.csv
2031,1,1,0,Reader_1_5.csv
2031,1,1,0,Reader_1_6.csv
2031,0,0,0,Reader_1_7.csv
2031,0,0,0,Reader_1_8.csv
2031,0,0,0,Reader_1_9.csv
2031,1,0,1,Reader_2_1.csv
2031,2,2,0,Reader_2_10.csv
2031,1,1,0,Reader_2_11.csv
2031,0,0,0,Reader_2_12.csv
2031,3,2,1,Reader_2_2.csv
2031,1,0,1,Reader_2_3.csv
2031,1,1,0,Reader_2_4.csv
2031,1,1,0,Reader_2_5.csv
2031,0,0,0,Reader_2_6.csv
2031,0,0,0,Reader_2_7.csv
2031,0,0,0,Reader_2_8.csv
2031,0,0,0,Reader_2_9.csv
2031,5,2,3,reader_3_1.csv
2031,11,6,5,Reader_3_2.csv
2031,1,1,0,Reader_3_3.csv
2031,1,1,0,Reader_3_4.csv
2031,6,5,1,Reader_3_5.csv
2031,5,5,0,Reader_3_6.csv
2031,1,1,0,Reader_3_7.csv
2032,6,4,2,Reader_1_1.csv
2032,0,0,0,Reader_1_10.csv
2032,6,6,0,Reader_1_11.csv
2032,0,0,0,Reader_1_12.csv
2032,0,0,0,Reader_1_2.csv
2032,0,0,0,Reader_1_3.csv
2032,0,0,0,Reader_1_4.csv
2032,0,0,0,Reader_1_5.csv
2032,1,1,0,Reader_1_6.csv
2032,1,1,0,Reader_1_7.csv
2032,0,0,0,Reader_1_8.csv
2032,0,0,0,Reader_1_9.csv
2032,0,0,0,Reader_2_1.csv
2032,3,3,0,Reader_2_10.csv
2032,1,1,0,Reader_2_11.csv
2032,0,0,0,Reader_2_12.csv
2032,3,2,1,Reader_2_2.csv
2032,1,0,1,Reader_2_3.csv
2032,1,1,0,Reader_2_4.csv
2032,2,2,0,Reader_2_5.csv
2032,0,0,0,Reader_2_6.csv
2032,0,0,0,Reader_2_7.csv
2032,0,0,0,Reader_2_8.csv
2032,0,0,0,Reader_2_9.csv
2032,5,4,1,reader_3_1.csv
2032,13,8,5,Reader_3_2.csv
2032,1,1,0,Reader_3_3.csv
2032,1,1,0,Reader_3_4.csv
2032,5,4,1,Reader_3_5.csv
2032,5,5,0,Reader_3_6.csv
2032,1,1,0,Reader_3_7.csv
2033,4,3,1,Reader_1_1.csv
2033,0,0,0,Reader_1_10.csv
2033,7,7,0,Reader_1_11.csv
2033,0,0,0,Reader_1_12.csv
2033,0,0,0,Reader_1_2.csv
2033,0,0,0,Reader_1_3.csv
2033,0,0,0,Reader_1_4.csv
2033,0,0,0,Reader_1_5.csv
2033,0,0,0,Reader_1_6.csv
2033,1,1,0,Reader_1_7.csv
2033,0,0,0,Reader_1_8.csv
2033,0,0,0,Reader_1_9.csv
2033,0,0,0,Reader_2_1.csv
2033,3,3,0,Reader_2_10.csv
2033,1,1,0,Reader_2_11.csv
2033,0,0,0,Reader_2_12.csv
2033,3,2,1,Reader_2_2.csv
2033,1,0,1,Reader_2_3.csv
2033,1,1,0,Reader_2_4.csv
2033,2,2,0,Reader_2_5.csv
2033,0,0,0,Reader_2_6.csv
2033,0,0,0,Reader_2_7.csv
2033,0,0,0,Reader_2_8.csv
2033,0,0,0,Reader_2_9.csv
2033,5,4,1,reader_3_1.csv
2033,12,9,3,Reader_3_2.csv
2033,2,2,0,Reader_3_3.csv
2033,2,2,0,Reader_3_4.csv
2033,7,6,1,Reader_3_5.csv
2033,3,3,0,Reader_3_6.csv
2033,1,1,0,Reader_3_7.csv
2034,5,4,1,Reader_1_1.csv
2034,0,0,0,Reader_1_10.csv
2034,5,5,0,Reader_1_11.csv
2034,0,0,0,Reader_1_12.csv
2034,1,1,0,Reader_1_2.csv
2034,0,0,0,Reader_1_3.csv
2034,0,0,0,Reader_1_4.csv
2034,0,0,0,Reader_1_5.csv
2034,0,0,0,Reader_1_6.csv
2034,1,1,0,Reader_1_7.csv
2034,0,0,0,Reader_1_8.csv
2034,0,0,0,Reader_1_9.csv
2034,0,0,0,Reader_2_1.csv
2034,2,2,0,Reader_2_10.csv
2034,1,1,0,Reader_2_11.csv
2034,0,0,0,Reader_2_12.csv
2034,3,2,1,Reader_2_2.csv
2034,1,0,1,Reader_2_3.csv
2034,1,1,0,Reader_2_4.csv
2034,2,2,0,Reader_2_5.csv
2034,1,1,0,Reader_2_6.csv
2034,0,0,0,Reader_2_7.csv
2034,0,0,0,Reader_2_8.csv
2034,0,0,0,Reader_2_9.csv
2034,9,7,2,reader_3_1.csv
2034,6,5,1,Reader_3_2.csv
2034,2,2,0,Reader_3_3.csv
2034,2,2,0,Reader_3_4.csv
2034,6,5,1,Reader_3_5.csv
2034,3,3,0,Reader_3_6.csv
2034,1,1,0,Reader_3_7.csv
2035,5,4,1,Reader_1_1.csv
2035,0,0,0,Reader_1_10.csv
2035,8,8,0,Reader_1_11.csv
2035,0,0,0,Reader_1_12.csv
2035,1,1,0,Reader_1_2.csv
2035,0,0,0,Reader_1_3.csv
2035,0,0,0,Reader_1_4.csv
2035,0,0,0,Reader_1_5.csv
2035,0,0,0,Reader_1_6.csv
2035,1,1,0,Reader_1_7.csv
2035,0,0,0,Reader_1_8.csv
2035,0,0,0,Reader_1_9.csv
2035,0,0,0,Reader_2_1.csv
2035,1,1,0,Reader_2_10.csv
2035,1,1,0,Reader_2_11.csv
2035,0,0,0,Reader_2_12.csv
2035,2,1,1,Reader_2_2.csv
2035,1,0,1,Reader_2_3.csv
2035,1,1,0,Reader_2_4.csv
2035,2,2,0,Reader_2_5.csv
2035,1,1,0,Reader_2_6.csv
2035,0,0,0,Reader_2_7.csv
2035,0,0,0,Reader_2_8.csv
2035,0,0,0,Reader_2_9.csv
2035,10,8,2,reader_3_1.csv
2035,7,5,2,Reader_3_2.csv
2035,2,2,0,Reader_3_3.csv
2035,2,2,0,Reader_3_4.csv
2035,5,4,1,Reader_3_5.csv
2035,3,3,0,Reader_3_6.csv
2035,1,1,0,Reader_3_7.csv
2036,5,4,1,Reader_1_1.csv
2036,0,0,0,Reader_1_10.csv
2036,7,7,0,Reader_1_11.csv
2036,0,0,0,Reader_1_12.csv
2036,1,1,0,Reader_1_2.csv
2036,1,1,0,Reader_1_3.csv
2036,0,0,0,Reader_1_4.csv
2036,0,0,0,Reader_1_5.csv
2036,1,1,0,Reader_1_6.csv
2036,1,1,0,Reader_1_7.csv
2036,0,0,0,Reader_1_8.csv
2036,0,0,0,Reader_1_9.csv
2036,0,0,0,Reader_2_1.csv
2036,1,1,0,Reader_2_10.csv
2036,1,1,0,Reader_2_11.csv
2036,0,0,0,Reader_2_12.csv
2036,2,1,1,Reader_2_2.csv
2036,0,0,0,Reader_2_3.csv
2036,1,1,0,Reader_2_4.csv
2036,3,3,0,Reader_2_5.csv
2036,1,1,0,Reader_2_6.csv
2036,0,0,0,Reader_2_7.csv
2036,0,0,0,Reader_2_8.csv
2036,0,0,0,Reader_2_9.csv
2036,12,10,2,reader_3_1.csv
2036,8,6,2,Reader_3_2.csv
2036,2,2,0,Reader_3_3.csv
2036,2,2,0,Reader_3_4.csv
2036,5,4,1,Reader_3_5.csv
2036,2,2,0,Reader_3_6.csv
2036,1,1,0,Reader_3_7.csv
2037,4,3,1,Reader_1_1.csv
2037,0,0,0,Reader_1_10.csv
2037,7,7,0,Reader_1_11.csv
2037,0,0,0,Reader_1_12.csv
2037,1,1,0,Reader_1_2.csv
2037,1,1,0,Reader_1_3.csv
2037,0,0,0,Reader_1_4.csv
2037,0,0,0,Reader_1_5.csv
2037,1,1,0,Reader_1_6.csv
2037,1,1,0,Reader_1_7.csv
2037,0,0,0,Reader_1_8.csv
2037,0,0,0,Reader_1_9.csv
2037,1,1,0,Reader_2_1.csv
2037,1,1,0,Reader_2_10.csv
2037,1,1,0,Reader_2_11.csv
2037,0,0,0,Reader_2_12.csv
2037,3,1,2,Reader_2_2.csv
2037,0,0,0,Reader_2_3.csv
2037,1,1,0,Reader_2_4.csv
2037,3,3,0,Reader_2_5.csv
2037,1,1,0,Reader_2_6.csv
2037,0,0,0,Reader_2_7.csv
2037,0,0,0,Reader_2_8.csv
2037,0,0,0,Reader_2_9.csv
2037,14,11,3,reader_3_1.csv
2037,7,5,2,Reader_3_2.csv
2037,2,2,0,Reader_3_3.csv
2037,2,2,0,Reader_3_4.csv
2037,5,4,1,Reader_3_5.csv
2037,1,1,0,Reader_3_6.csv
2037,1,1,0,Reader_3_7.csv
2038,4,3,1,Reader_1_1.csv
2038,0,0,0,Reader_1_10.csv
2038,6,6,0,Reader_1_11.csv
2038,0,0,0,Reader_1_12.csv
2038,2,2,0,Reader_1_2.csv
2038,1,1,0,Reader_1_3.csv
2038,0,0,0,Reader_1_4.csv
2038,0,0,0,Reader_1_5.csv
2038,1,1,0,Reader_1_6.csv
2038,1,1,0,Reader_1_7.csv
2038,0,0,0,Reader_1_8.csv
2038,0,0,0,Reader_1_9.csv
2038,1,1,0,Reader_2_1.csv
2038,1,1,0,Reader_2_10.csv
2038,2,2,0,Reader_2_11.csv
2038,0,0,0,Reader_2_12.csv
2038,2,0,2,Reader_2_2.csv
2038,0,0,0,Reader_2_3.csv
2038,1,1,0,Reader_2_4.csv
2038,3,3,0,Reader_2_5.csv
2038,1,1,0,Reader_2_6.csv
2038,0,0,0,Reader_2_7.csv
2038,0,0,0,Reader_2_8.csv
2038,0,0,0,Reader_2_9.csv
2038,18,15,3,reader_3_1.csv
2038,6,5,1,Reader_3_2.csv
2038,2,2,0,Reader_3_3.csv
2038,2,2,0,Reader_3_4.csv
2038,4,4,0,Reader_3_5.csv
2038,1,1,0,Reader_3_6.csv
2038,0,0,0,Reader_3_7.csv
2039,5,4,1,Reader_1_1.csv
2039,0,0,0,Reader_1_10.csv
2039,5,5,0,Reader_1_11.csv
2039,0,0,0,Reader_1_12.csv
2039,3,3,0,Reader_1_2.csv
2039,1,1,0,Reader_1_3.csv
2039,0,0,0,Reader_1_4.csv
2039,0,0,0,Reader_1_5.csv
2039,1,1,0,Reader_1_6.csv
2039,1,1,0,Reader_1_7.csv
2039,0,0,0,Reader_1_8.csv
2039,0,0,0,Reader_1_9.csv
2039,1,1,0,Reader_2_1.csv
2039,1,1,0,Reader_2_10.csv
2039,1,1,0,Reader_2_11.csv
2039,0,0,0,Reader_2_12.csv
2039,1,0,1,Reader_2_2.csv
2039,0,0,0,Reader_2_3.csv
2039,1,1,0,Reader_2_4.csv
2039,3,3,0,Reader_2_5.csv
2039,1,1,0,Reader_2_6.csv
2039,0,0,0,Reader_2_7.csv
2039,0,0,0,Reader_2_8.csv
2039,0,0,0,Reader_2_9.csv
2039,20,18,2,reader_3_1.csv
2039,5,4,1,Reader_3_2.csv
2039,1,1,0,Reader_3_3.csv
2039,1,1,0,Reader_3_4.csv
2039,4,4,0,Reader_3_5.csv
2039,0,0,0,Reader_3_6.csv
2039,0,0,0,Reader_3_7.csv
2040,3,3,0,Reader_1_1.csv
2040,0,0,0,Reader_1_10.csv
2040,6,6,0,Reader_1_11.csv
2040,0,0,0,Reader_1_12.csv
2040,4,4,0,Reader_1_2.csv
2040,1,1,0,Reader_1_3.csv
2040,0,0,0,Reader_1_4.csv
2040,0,0,0,Reader_1_5.csv
2040,1,1,0,Reader_1_6.csv
2040,0,0,0,Reader_1_7.csv
2040,0,0,0,Reader_1_8.csv
2040,0,0,0,Reader_1_9.csv
2040,1,1,0,Reader_2_1.csv
2040,1,1,0,Reader_2_10.csv
2040,1,1,0,Reader_2_11.csv
2040,0,0,0,Reader_2_12.csv
2040,1,0,1,Reader_2_2.csv
2040,1,1,0,Reader_2_3.csv
2040,1,1,0,Reader_2_4.csv
2040,4,2,2,Reader_2_5.csv
2040,1,1,0,Reader_2_6.csv
2040,0,0,0,Reader_2_7.csv
2040,0,0,0,Reader_2_8.csv
2040,0,0,0,Reader_2_9.csv
2040,20,18,2,reader_3_1.csv
2040,3,2,1,Reader_3_2.csv
2040,3,3,0,Reader_3_3.csv
2040,3,3,0,Reader_3_4.csv
2040,6,6,0,Reader_3_5.csv
2040,0,0,0,Reader_3_6.csv
2040,0,0,0,Reader_3_7.csv
2041,4,4,0,Reader_1_1.csv
2041,1,1,0,Reader_1_10.csv
2041,5,5,0,Reader_1_11.csv
2041,0,0,0,Reader_1_12.csv
2041,4,4,0,Reader_1_2.csv
2041,1,1,0,Reader_1_3.csv
2041,0,0,0,Reader_1_4.csv
2041,0,0,0,Reader_1_5.csv
2041,1,1,0,Reader_1_6.csv
2041,0,0,0,Reader_1_7.csv
2041,0,0,0,Reader_1_8.csv
2041,0,0,0,Reader_1_9.csv
2041,1,1,0,Reader_2_1.csv
2041,1,1,0,Reader_2_10.csv
2041,1,1,0,Reader_2_11.csv
2041,0,0,0,Reader_2_12.csv
2041,1,0,1,Reader_2_2.csv
2041,1,1,0,Reader_2_3.csv
2041,1,1,0,Reader_2_4.csv
2041,4,2,2,Reader_2_5.csv
2041,1,1,0,Reader_2_6.csv
2041,0,0,0,Reader_2_7.csv
2041,0,0,0,Reader_2_8.csv
2041,0,0,0,Reader_2_9.csv
2041,26,23,3,reader_3_1.csv
2041,3,1,2,Reader_3_2.csv
2041,2,2,0,Reader_3_3.csv
2041,2,2,0,Reader_3_4.csv
2041,5,5,0,Reader_3_5.csv
2041,0,0,0,Reader_3_6.csv
2041,0,0,0,Reader_3_7.csv
2042,3,3,0,Reader_1_1.csv
2042,2,2,0,Reader_1_10.csv
2042,5,5,0,Reader_1_11.csv
2042,0,0,0,Reader_1_12.csv
2042,4,4,0,Reader_1_2.csv
2042,1,1,0,Reader_1_3.csv
2042,0,0,0,Reader_1_4.csv
2042,1,1,0,Reader_1_5.csv
2042,1,1,0,Reader_1_6.csv
2042,0,0,0,Reader_1_7.csv
2042,0,0,0,Reader_1_8.csv
2042,0,0,0,Reader_1_9.csv
2042,1,1,0,Reader_2_1.csv
2042,1,1,0,Reader_2_10.csv
2042,1,1,0,Reader_2_11.csv
2042,0,0,0,Reader_2_12.csv
2042,1,0,1,Reader_2_2.csv
2042,1,1,0,Reader_2_3.csv
2042,2,2,0,Reader_2_4.csv
2042,4,2,2,Reader_2_5.csv
2042,0,0,0,Reader_2_6.csv
2042,0,0,0,Reader_2_7.csv
2042,0,0,0,Reader_2_8.csv
2042,0,0,0,Reader_2_9.csv
2042,26,23,3,reader_3_1.csv
2042,3,1,2,Reader_3_2.csv
2042,2,2,0,Reader_3_3.csv
2042,2,2,0,Reader_3_4.csv
2042,4,4,0,Reader_3_5.csv
2042,1,1,0,Reader_3_6.csv
2042,0,0,0,Reader_3_7.csv
2043,3,3,0,Reader_1_1.csv
2043,2,2,0,Reader_1_10.csv
2043,2,2,0,Reader_1_11.csv
2043,0,0,0,Reader_1_12.csv
2043,4,4,0,Reader_1_2.csv
2043,1,1,0,Reader_1_3.csv
2043,0,0,0,Reader_1_4.csv
2043,1,1,0,Reader_1_5.csv
2043,2,2,0,Reader_1_6.csv
2043,0,0,0,Reader_1_7.csv
2043,0,0,0,Reader_1_8.csv
2043,0,0,0,Reader_1_9.csv
2043,1,1,0,Reader_2_1.csv
2043,1,1,0,Reader_2_10.csv
2043,1,1,0,Reader_2_11.csv
2043,0,0,0,Reader_2_12.csv
2043,1,0,1,Reader_2_2.csv
2043,1,1,0,Reader_2_3.csv
2043,1,1,0,Reader_2_4.csv
2043,4,2,2,Reader_2_5.csv
2043,0,0,0,Reader_2_6.csv
2043,0,0,0,Reader_2_7.csv
2043,0,0,0,Reader_2_8.csv
2043,0,0,0,Reader_2_9.csv
2043,25,21,4,reader_3_1.csv
2043,3,2,1,Reader_3_2.csv
2043,2,2,0,Reader_3_3.csv
2043,2,2,0,Reader_3_4.csv
2043,4,4,0,Reader_3_5.csv
2043,1,1,0,Reader_3_6.csv
2043,1,1,0,Reader_3_7.csv
2044,3,3,0,Reader_1_1.csv
2044,3,3,0,Reader_1_10.csv
2044,1,1,0,Reader_1_11.csv
2044,0,0,0,Reader_1_12.csv
2044,4,4,0,Reader_1_2.csv
2044,0,0,0,Reader_1_3.csv
2044,0,0,0,Reader_1_4.csv
2044,1,1,0,Reader_1_5.csv
2044,1,1,0,Reader_1_6.csv
2044,0,0,0,Reader_1_7.csv
2044,0,0,0,Reader_1_8.csv
2044,0,0,0,Reader_1_9.csv
2044,1,1,0,Reader_2_1.csv
2044,1,1,0,Reader_2_10.csv
2044,1,1,0,Reader_2_11.csv
2044,0,0,0,Reader_2_12.csv
2044,1,0,1,Reader_2_2.csv
2044,2,2,0,Reader_2_3.csv
2044,1,1,0,Reader_2_4.csv
2044,4,1,3,Reader_2_5.csv
2044,0,0,0,Reader_2_6.csv
2044,0,0,0,Reader_2_7.csv
2044,0,0,0,Reader_2_8.csv
2044,0,0,0,Reader_2_9.csv
2044,24,20,4,reader_3_1.csv
2044,3,2,1,Reader_3_2.csv
2044,3,2,1,Reader_3_3.csv
2044,3,2,1,Reader_3_4.csv
2044,3,3,0,Reader_3_5.csv
2044,1,1,0,Reader_3_6.csv
2044,1,1,0,Reader_3_7.csv
2045,4,4,0,Reader_1_1.csv
2045,3,3,0,Reader_1_10.csv
2045,1,1,0,Reader_1_11.csv
2045,0,0,0,Reader_1_12.csv
2045,5,4,1,Reader_1_2.csv
2045,0,0,0,Reader_1_3.csv
2045,0,0,0,Reader_1_4.csv
2045,1,1,0,Reader_1_5.csv
2045,2,2,0,Reader_1_6.csv
2045,1,0,1,Reader_1_7.csv
2045,0,0,0,Reader_1_8.csv
2045,0,0,0,Reader_1_9.csv
2045,0,0,0,Reader_2_1.csv
2045,1,1,0,Reader_2_10.csv
2045,2,2,0,Reader_2_11.csv
2045,0,0,0,Reader_2_12.csv
2045,0,0,0,Reader_2_2.csv
2045,2,2,0,Reader_2_3.csv
2045,1,1,0,Reader_2_4.csv
2045,3,0,3,Reader_2_5.csv
2045,0,0,0,Reader_2_6.csv
2045,0,0,0,Reader_2_7.csv
2045,0,0,0,Reader_2_8.csv
2045,0,0,0,Reader_2_9.csv
2045,23,20,3,reader_3_1.csv
2045,3,2,1,Reader_3_2.csv
2045,3,2,1,Reader_3_3.csv
2045,3,2,1,Reader_3_4.csv
2045,3,3,0,Reader_3_5.csv
2045,1,1,0,Reader_3_6.csv
2045,1,1,0,Reader_3_7.csv
2046,5,5,0,Reader_1_1.csv
2046,3,3,0,Reader_1_10.csv
2046,2,2,0,Reader_1_11.csv
2046,0,0,0,Reader_1_12.csv
2046,4,3,1,Reader_1_2.csv
2046,0,0,0,Reader_1_3.csv
2046,0,0,0,Reader_1_4.csv
2046,1,1,0,Reader_1_5.csv
2046,2,2,0,Reader_1_6.csv
2046,2,1,1,Reader_1_7.csv
2046,0,0,0,Reader_1_8.csv
2046,0,0,0,Reader_1_9.csv
2046,0,0,0,Reader_2_1.csv
2046,2,2,0,Reader_2_10.csv
2046,1,1,0,Reader_2_11.csv
2046,0,0,0,Reader_2_12.csv
2046,0,0,0,Reader_2_2.csv
2046,3,2,1,Reader_2_3.csv
2046,1,1,0,Reader_2_4.csv
2046,3,0,3,Reader_2_5.csv
2046,0,0,0,Reader_2_6.csv
2046,0,0,0,Reader_2_7.csv
2046,0,0,0,Reader_2_8.csv
2046,0,0,0,Reader_2_9.csv
2046,21,17,4,reader_3_1.csv
2046,6,3,3,Reader_3_2.csv
2046,4,3,1,Reader_3_3.csv
2046,4,3,1,Reader_3_4.csv
2046,3,3,0,Reader_3_5.csv
2046,1,1,0,Reader_3_6.csv
2046,1,1,0,Reader_3_7.csv
2047,5,5,0,Reader_1_1.csv
2047,3,3,0,Reader_1_10.csv
2047,2,2,0,Reader_1_11.csv
2047,0,0,0,Reader_1_12.csv
2047,3,2,1,Reader_1_2.csv
2047,0,0,0,Reader_1_3.csv
2047,0,0,0,Reader_1_4.csv
2047,1,1,0,Reader_1_5.csv
2047,2,2,0,Reader_1_6.csv
2047,2,1,1,Reader_1_7.csv
2047,0,0,0,Reader_1_8.csv
2047,0,0,0,Reader_1_9.csv
2047,0,0,0,Reader_2_1.csv
2047,2,2,0,Reader_2_10.csv
2047,1,1,0,Reader_2_11.csv
2047,0,0,0,Reader_2_12.csv
2047,0,0,0,Reader_2_2.csv
2047,3,2,1,Reader_2_3.csv
2047,1,1,0,Reader_2_4.csv
2047,6,3,3,Reader_2_5.csv
2047,0,0,0,Reader_2_6.csv
2047,0,0,0,Reader_2_7.csv
2047,0,0,0,Reader_2_8.csv
2047,0,0,0,Reader_2_9.csv
2047,20,16,4,reader_3_1.csv
2047,6,3,3,Reader_3_2.csv
2047,4,3,1,Reader_3_3.csv
2047,4,3,1,Reader_3_4.csv
2047,3,3,0,Reader_3_5.csv
2047,1,1,0,Reader_3_6.csv
2047,2,2,0,Reader_3_7.csv
2048,5,5,0,Reader_1_1.csv
2048,3,3,0,Reader_1_10.csv
2048,1,1,0,Reader_1_11.csv
2048,0,0,0,Reader_1_12.csv
2048,2,1,1,Reader_1_2.csv
2048,0,0,0,Reader_1_3.csv
2048,0,0,0,Reader_1_4.csv
2048,1,1,0,Reader_1_5.csv
2048,2,2,0,Reader_1_6.csv
2048,2,1,1,Reader_1_7.csv
2048,0,0,0,Reader_1_8.csv
2048,0,0,0,Reader_1_9.csv
2048,1,1,0,Reader_2_1.csv
2048,1,1,0,Reader_2_10.csv
2048,1,1,0,Reader_2_11.csv
2048,0,0,0,Reader_2_12.csv
2048,0,0,0,Reader_2_2.csv
2048,2,1,1,Reader_2_3.csv
2048,1,1,0,Reader_2_4.csv
2048,4,3,1,Reader_2_5.csv
2048,0,0,0,Reader_2_6.csv
2048,0,0,0,Reader_2_7.csv
2048,0,0,0,Reader_2_8.csv
2048,0,0,0,Reader_2_9.csv
2048,19,14,5,reader_3_1.csv
2048,7,4,3,Reader_3_2.csv
2048,5,4,1,Reader_3_3.csv
2048,5,4,1,Reader_3_4.csv
2048,1,1,0,Reader_3_5.csv
2048,1,1,0,Reader_3_6.csv
2048,2,2,0,Reader_3_7.csv
2049,5,4,1,Reader_1_1.csv
2049,2,2,0,Reader_1_10.csv
2049,1,1,0,Reader_1_11.csv
2049,0,0,0,Reader_1_12.csv
2049,2,1,1,Reader_1_2.csv
2049,0,0,0,Reader_1_3.csv
2049,0,0,0,Reader_1_4.csv
2049,1,1,0,Reader_1_5.csv
2049,2,2,0,Reader_1_6.csv
2049,2,1,1,Reader_1_7.csv
2049,0,0,0,Reader_1_8.csv
2049,0,0,0,Reader_1_9.csv
2049,1,1,0,Reader_2_1.csv
2049,1,1,0,Reader_2_10.csv
2049,1,1,0,Reader_2_11.csv
2049,1,1,0,Reader_2_12.csv
2049,0,0,0,Reader_2_2.csv
2049,2,1,1,Reader_2_3.csv
2049,1,1,0,Reader_2_4.csv
2049,4,3,1,Reader_2_5.csv
2049,0,0,0,Reader_2_6.csv
2049,0,0,0,Reader_2_7.csv
2049,0,0,0,Reader_2_8.csv
2049,0,0,0,Reader_2_9.csv
2049,15,11,4,reader_3_1.csv
2049,6,4,2,Reader_3_2.csv
2049,5,4,1,Reader_3_3.csv
2049,5,4,1,Reader_3_4.csv
2049,2,1,1,Reader_3_5.csv
2049,1,1,0,Reader_3_6.csv
2049,3,2,1,Reader_3_7.csv
2050,5,4,1,Reader_1_1.csv
2050,2,2,0,Reader_1_10.csv
2050,1,1,0,Reader_1_11.csv
2050,0,0,0,Reader_1_12.csv
2050,1,0,1,Reader_1_2.csv
2050,0,0,0,Reader_1_3.csv
2050,0,0,0,Reader_1_4.csv
2050,1,1,0,Reader_1_5.csv
2050,2,2,0,Reader_1_6.csv
2050,2,1,1,Reader_1_7.csv
2050,0,0,0,Reader_1_8.csv
2050,1,1,0,Reader_1_9.csv
2050,1,1,0,Reader_2_1.csv
2050,1,1,0,Reader_2_10.csv
2050,1,1,0,Reader_2_11.csv
2050,1,1,0,Reader_2_12.csv
2050,0,0,0,Reader_2_2.csv
2050,2,1,1,Reader_2_3.csv
2050,0,0,0,Reader_2_4.csv
2050,4,3,1,Reader_2_5.csv
2050,0,0,0,Reader_2_6.csv
2050,0,0,0,Reader_2_7.csv
2050,0,0,0,Reader_2_8.csv
2050,0,0,0,Reader_2_9.csv
2050,14,10,4,reader_3_1.csv
2050,8,6,2,Reader_3_2.csv
2050,6,5,1,Reader_3_3.csv
2050,6,5,1,Reader_3_4.csv
2050,4,2,2,Reader_3_5.csv
2050,0,0,0,Reader_3_6.csv
2050,3,2,1,Reader_3_7.csv
2051,5,4,1,Reader_1_1.csv
2051,2,2,0,Reader_1_10.csv
2051,1,1,0,Reader_1_11.csv
2051,0,0,0,Reader_1_12.csv
2051,3,1,2,Reader_1_2.csv
2051,0,0,0,Reader_1_3.csv
2051,0,0,0,Reader_1_4.csv
2051,1,1,0,Reader_1_5.csv
2051,1,1,0,Reader_1_6.csv
2051,2,1,1,Reader_1_7.csv
2051,0,0,0,Reader_1_8.csv
2051,1,1,0,Reader_1_9.csv
2051,1,1,0,Reader_2_1.csv
2051,1,1,0,Reader_2_10.csv
2051,1,1,0,Reader_2_11.csv
2051,1,1,0,Reader_2_12.csv
2051,0,0,0,Reader_2_2.csv
2051,2,1,1,Reader_2_3.csv
2051,0,0,0,Reader_2_4.csv
2051,4,3,1,Reader_2_5.csv
2051,0,0,0,Reader_2_6.csv
2051,0,0,0,Reader_2_7.csv
2051,0,0,0,Reader_2_8.csv
2051,0,0,0,Reader_2_9.csv
2051,15,12,3,reader_3_1.csv
2051,8,6,2,Reader_3_2.csv
2051,6,5,1,Reader_3_3.csv
2051,6,5,1,Reader_3_4.csv
2051,4,2,2,Reader_3_5.csv
2051,2,2,0,Reader_3_6.csv
2051,3,1,2,Reader_3_7.csv
2052,4,3,1,Reader_1_1.csv
2052,1,1,0,Reader_1_10.csv
2052,1,1,0,Reader_1_11.csv
2052,0,0,0,Reader_1_12.csv
2052,3,1,2,Reader_1_2.csv
2052,0,0,0,Reader_1_3.csv
2052,0,0,0,Reader_1_4.csv
2052,1,1,0,Reader_1_5.csv
2052,1,1,0,Reader_1_6.csv
2052,4,3,1,Reader_1_7.csv
2052,0,0,0,Reader_1_8.csv
2052,1,1,0,Reader_1_9.csv
2052,1,1,0,Reader_2_1.csv
2052,1,1,0,Reader_2_10.csv
2052,1,1,0,Reader_2_11.csv
2052,1,1,0,Reader_2_12.csv
2052,0,0,0,Reader_2_2.csv
2052,1,0,1,Reader_2_3.csv
2052,0,0,0,Reader_2_4.csv
2052,3,3,0,Reader_2_5.csv
2052,0,0,0,Reader_2_6.csv
2052,0,0,0,Reader_2_7.csv
2052,0,0,0,Reader_2_8.csv
2052,0,0,0,Reader_2_9.csv
2052,15,12,3,reader_3_1.csv
2052,8,6,2,Reader_3_2.csv
2052,6,6,0,Reader_3_3.csv
2052,6,6,0,Reader_3_4.csv
2052,5,3,2,Reader_3_5.csv
2052,3,3,0,Reader_3_6.csv
2052,3,1,2,Reader_3_7.csv
2053,3,2,1,Reader_1_1.csv
2053,1,1,0,Reader_1_10.csv
2053,1,1,0,Reader_1_11.csv
2053,0,0,0,Reader_1_12.csv
2053,3,2,1,Reader_1_2.csv
2053,0,0,0,Reader_1_3.csv
2053,0,0,0,Reader_1_4.csv
2053,1,1,0,Reader_1_5.csv
2053,1,1,0,Reader_1_6.csv
2053,3,3,0,Reader_1_7.csv
2053,0,0,0,Reader_1_8.csv
2053,1,1,0,Reader_1_9.csv
2053,1,1,0,Reader_2_1.csv
2053,1,1,0,Reader_2_10.csv
2053,0,0,0,Reader_2_11.csv
2053,1,1,0,Reader_2_12.csv
2053,0,0,0,Reader_2_2.csv
2053,1,0,1,Reader_2_3.csv
2053,0,0,0,Reader_2_4.csv
2053,3,3,0,Reader_2_5.csv
2053,0,0,0,Reader_2_6.csv
2053,1,1,0,Reader_2_7.csv
2053,0,0,0,Reader_2_8.csv
2053,0,0,0,Reader_2_9.csv
2053,15,11,4,reader_3_1.csv
2053,9,7,2,Reader_3_2.csv
2053,6,6,0,Reader_3_3.csv
2053,6,6,0,Reader_3_4.csv
2053,7,5,2,Reader_3_5.csv
2053,4,4,0,Reader_3_6.csv
2053,3,1,2,Reader_3_7.csv
2054,2,1,1,Reader_1_1.csv
2054,1,1,0,Reader_1_10.csv
2054,1,1,0,Reader_1_11.csv
2054,0,0,0,Reader_1_12.csv
2054,3,2,1,Reader_1_2.csv
2054,0,0,0,Reader_1_3.csv
2054,0,0,0,Reader_1_4.csv
2054,1,1,0,Reader_1_5.csv
2054,1,1,0,Reader_1_6.csv
2054,3,3,0,Reader_1_7.csv
2054,0,0,0,Reader_1_8.csv
2054,2,2,0,Reader_1_9.csv
2054,1,1,0,Reader_2_1.csv
2054,0,0,0,Reader_2_10.csv
2054,0,0,0,Reader_2_11.csv
2054,1,1,0,Reader_2_12.csv
2054,0,0,0,Reader_2_2.csv
2054,0,0,0,Reader_2_3.csv
2054,0,0,0,Reader_2_4.csv
2054,3,3,0,Reader_2_5.csv
2054,0,0,0,Reader_2_6.csv
2054,1,1,0,Reader_2_7.csv
2054,0,0,0,Reader_2_8.csv
2054,0,0,0,Reader_2_9.csv
2054,13,10,3,reader_3_1.csv
2054,7,7,0,Reader_3_2.csv
2054,6,6,0,Reader_3_3.csv
2054,6,6,0,Reader_3_4.csv
2054,8,6,2,Reader_3_5.csv
2054,5,5,0,Reader_3_6.csv
2054,3,1,2,Reader_3_7.csv
2055,1,0,1,Reader_1_1.csv
2055,1,1,0,Reader_1_10.csv
2055,1,1,0,Reader_1_11.csv
2055,0,0,0,Reader_1_12.csv
2055,4,3,1,Reader_1_2.csv
2055,0,0,0,Reader_1_3.csv
2055,0,0,0,Reader_1_4.csv
2055,2,2,0,Reader_1_5.csv
2055,1,1,0,Reader_1_6.csv
2055,3,3,0,Reader_1_7.csv
2055,0,0,0,Reader_1_8.csv
2055,2,2,0,Reader_1_9.csv
2055,1,1,0,Reader_2_1.csv
2055,0,0,0,Reader_2_10.csv
2055,0,0,0,Reader_2_11.csv
2055,1,1,0,Reader_2_12.csv
2055,0,0,0,Reader_2_2.csv
2055,0,0,0,Reader_2_3.csv
2055,0,0,0,Reader_2_4.csv
2055,0,0,0,Reader_2_5.csv
2055,0,0,0,Reader_2_6.csv
2055,1,1,0,Reader_2_7.csv
2055,0,0,0,Reader_2_8.csv
2055,0,0,0,Reader_2_9.csv
2055,12,9,3,reader_3_1.csv
2055,7,7,0,Reader_3_2.csv
2055,6,6,0,Reader_3_3.csv
2055,6,6,0,Reader_3_4.csv
2055,8,6,2,Reader_3_5.csv
2055,5,5,0,Reader_3_6.csv
2055,2,0,2,Reader_3_7.csv
2056,1,0,1,Reader_1_1.csv
2056,1,1,0,Reader_1_10.csv
2056,3,3,0,Reader_1_11.csv
2056,0,0,0,Reader_1_12.csv
2056,4,3,1,Reader_1_2.csv
2056,0,0,0,Reader_1_3.csv
2056,0,0,0,Reader_1_4.csv
2056,3,3,0,Reader_1_5.csv
2056,1,1,0,Reader_1_6.csv
2056,3,3,0,Reader_1_7.csv
2056,0,0,0,Reader_1_8.csv
2056,3,3,0,Reader_1_9.csv
2056,0,0,0,Reader_2_1.csv
2056,0,0,0,Reader_2_10.csv
2056,0,0,0,Reader_2_11.csv
2056,1,1,0,Reader_2_12.csv
2056,0,0,0,Reader_2_2.csv
2056,0,0,0,Reader_2_3.csv
2056,0,0,0,Reader_2_4.csv
2056,0,0,0,Reader_2_5.csv
2056,0,0,0,Reader_2_6.csv
2056,1,1,0,Reader_2_7.csv
2056,0,0,0,Reader_2_8.csv
2056,0,0,0,Reader_2_9.csv
2056,14,12,2,reader_3_1.csv
2056,7,7,0,Reader_3_2.csv
2056,4,4,0,Reader_3_3.csv
2056,4,4,0,Reader_3_4.csv
2056,8,6,2,Reader_3_5.csv
2056,5,5,0,Reader_3_6.csv
2056,2,0,2,Reader_3_7.csv
2057,2,2,0,Reader_1_1.csv
2057,2,2,0,Reader_1_10.csv
2057,3,3,0,Reader_1_11.csv
2057,0,0,0,Reader_1_12.csv
2057,4,3,1,Reader_1_2.csv
2057,0,0,0,Reader_1_3.csv
2057,0,0,0,Reader_1_4.csv
2057,3,3,0,Reader_1_5.csv
2057,2,2,0,Reader_1_6.csv
2057,3,3,0,Reader_1_7.csv
2057,0,0,0,Reader_1_8.csv
2057,3,3,0,Reader_1_9.csv
2057,0,0,0,Reader_2_1.csv
2057,0,0,0,Reader_2_10.csv
2057,0,0,0,Reader_2_11.csv
2057,0,0,0,Reader_2_12.csv
2057,0,0,0,Reader_2_2.csv
2057,0,0,0,Reader_2_3.csv
2057,0,0,0,Reader_2_4.csv
2057,0,0,0,Reader_2_5.csv
2057,0,0,0,Reader_2_6.csv
2057,1,1,0,Reader_2_7.csv
2057,0,0,0,Reader_2_8.csv
2057,0,0,0,Reader_2_9.csv
2057,14,11,3,reader_3_1.csv
2057,7,7,0,Reader_3_2.csv
2057,4,4,0,Reader_3_3.csv
2057,4,4,0,Reader_3_4.csv
2057,6,5,1,Reader_3_5.csv
2057,5,5,0,Reader_3_6.csv
2057,1,0,1,Reader_3_7.csv
2058,2,2,0,Reader_1_1.csv
2058,1,1,0,Reader_1_10.csv
2058,3,3,0,Reader_1_11.csv
2058,0,0,0,Reader_1_12.csv
2058,5,4,1,Reader_1_2.csv
2058,0,0,0,Reader_1_3.csv
2058,0,0,0,Reader_1_4.csv
2058,2,2,0,Reader_1_5.csv
2058,2,2,0,Reader_1_6.csv
2058,4,4,0,Reader_1_7.csv
2058,0,0,0,Reader_1_8.csv
2058,2,2,0,Reader_1_9.csv
2058,0,0,0,Reader_2_1.csv
2058,1,1,0,Reader_2_10.csv
2058,0,0,0,Reader_2_11.csv
2058,0,0,0,Reader_2_12.csv
2058,1,0,1,Reader_2_2.csv
2058,0,0,0,Reader_2_3.csv
2058,0,0,0,Reader_2_4.csv
2058,0,0,0,Reader_2_5.csv
2058,0,0,0,Reader_2_6.csv
2058,1,1,0,Reader_2_7.csv
2058,0,0,0,Reader_2_8.csv
2058,0,0,0,Reader_2_9.csv
2058,12,10,2,reader_3_1.csv
2058,5,5,0,Reader_3_2.csv
2058,5,5,0,Reader_3_3.csv
2058,5,5,0,Reader_3_4.csv
2058,6,6,0,Reader_3_5.csv
2058,6,6,0,Reader_3_6.csv
2058,1,0,1,Reader_3_7.csv
2059,3,3,0,Reader_1_1.csv
2059,1,1,0,Reader_1_10.csv
2059,3,3,0,Reader_1_11.csv
2059,0,0,0,Reader_1_12.csv
2059,3,3,0,Reader_1_2.csv
2059,0,0,0,Reader_1_3.csv
2059,0,0,0,Reader_1_4.csv
2059,3,3,0,Reader_1_5.csv
2059,2,2,0,Reader_1_6.csv
2059,4,4,0,Reader_1_7.csv
2059,0,0,0,Reader_1_8.csv
2059,2,2,0,Reader_1_9.csv
2059,0,0,0,Reader_2_1.csv
2059,1,1,0,Reader_2_10.csv
2059,0,0,0,Reader_2_11.csv
2059,0,0,0,Reader_2_12.csv
2059,1,0,1,Reader_2_2.csv
2059,0,0,0,Reader_2_3.csv
2059,1,0,1,Reader_2_4.csv
2059,0,0,0,Reader_2_5.csv
2059,0,0,0,Reader_2_6.csv
2059,1,1,0,Reader_2_7.csv
2059,0,0,0,Reader_2_8.csv
2059,0,0,0,Reader_2_9.csv
2059,11,9,2,reader_3_1.csv
2059,4,4,0,Reader_3_2.csv
2059,5,5,0,Reader_3_3.csv
2059,5,5,0,Reader_3_4.csv
2059,6,6,0,Reader_3_5.csv
2059,5,5,0,Reader_3_6.csv
2059,1,0,1,Reader_3_7.csv
2060,4,3,1,Reader_1_1.csv
2060,1,1,0,Reader_1_10.csv
2060,3,3,0,Reader_1_11.csv
2060,0,0,0,Reader_1_12.csv
2060,3,3,0,Reader_1_2.csv
2060,1,1,0,Reader_1_3.csv
2060,0,0,0,Reader_1_4.csv
2060,3,3,0,Reader_1_5.csv
2060,2,2,0,Reader_1_6.csv
2060,3,3,0,Reader_1_7.csv
2060,0,0,0,Reader_1_8.csv
2060,2,2,0,Reader_1_9.csv
2060,0,0,0,Reader_2_1.csv
2060,1,1,0,Reader_2_10.csv
2060,0,0,0,Reader_2_11.csv
2060,0,0,0,Reader_2_12.csv
2060,1,0,1,Reader_2_2.csv
2060,0,0,0,Reader_2_3.csv
2060,3,2,1,Reader_2_4.csv
2060,0,0,0,Reader_2_5.csv
2060,0,0,0,Reader_2_6.csv
2060,1,1,0,Reader_2_7.csv
2060,0,0,0,Reader_2_8.csv
2060,0,0,0,Reader_2_9.csv
2060,13,10,3,reader_3_1.csv
2060,3,3,0,Reader_3_2.csv
2060,4,4,0,Reader_3_3.csv
2060,4,4,0,Reader_3_4.csv
2060,5,5,0,Reader_3_5.csv
2060,5,5,0,Reader_3_6.csv
2060,1,0,1,Reader_3_7.csv
2061,4,3,1,Reader_1_1.csv
2061,1,1,0,Reader_1_10.csv
2061,3,3,0,Reader_1_11.csv
2061,0,0,0,Reader_1_12.csv
2061,2,2,0,Reader_1_2.csv
2061,2,2,0,Reader_1_3.csv
2061,0,0,0,Reader_1_4.csv
2061,3,3,0,Reader_1_5.csv
2061,1,1,0,Reader_1_6.csv
2061,4,4,0,Reader_1_7.csv
2061,0,0,0,Reader_1_8.csv
2061,2,2,0,Reader_1_9.csv
2061,0,0,0,Reader_2_1.csv
2061,1,1,0,Reader_2_10.csv
2061,0,0,0,Reader_2_11.csv
2061,0,0,0,Reader_2_12.csv
2061,1,0,1,Reader_2_2.csv
2061,0,0,0,Reader_2_3.csv
2061,3,2,1,Reader_2_4.csv
2061,0,0,0,Reader_2_5.csv
2061,0,0,0,Reader_2_6.csv
2061,0,0,0,Reader_2_7.csv
2061,0,0,0,Reader_2_8.csv
2061,0,0,0,Reader_2_9.csv
2061,14,12,2,reader_3_1.csv
2061,2,2,0,Reader_3_2.csv
2061,5,5,0,Reader_3_3.csv
2061,5,5,0,Reader_3_4.csv
2061,4,4,0,Reader_3_5.csv
2061,4,4,0,Reader_3_6.csv
2061,1,0,1,Reader_3_7.csv
2062,5,4,1,Reader_1_1.csv
2062,1,1,0,Reader_1_10.csv
2062,3,2,1,Reader_1_11.csv
2062,0,0,0,Reader_1_12.csv
2062,2,2,0,Reader_1_2.csv
2062,2,2,0,Reader_1_3.csv
2062,0,0,0,Reader_1_4.csv
2062,3,3,0,Reader_1_5.csv
2062,1,1,0,Reader_1_6.csv
2062,3,3,0,Reader_1_7.csv
2062,0,0,0,Reader_1_8.csv
2062,2,2,0,Reader_1_9.csv
2062,0,0,0,Reader_2_1.csv
2062,1,1,0,Reader_2_10.csv
2062,0,0,0,Reader_2_11.csv
2062,0,0,0,Reader_2_12.csv
2062,1,0,1,Reader_2_2.csv
2062,0,0,0,Reader_2_3.csv
2062,3,2,1,Reader_2_4.csv
2062,0,0,0,Reader_2_5.csv
2062,0,0,0,Reader_2_6.csv
2062,0,0,0,Reader_2_7.csv
2062,0,0,0,Reader_2_8.csv
2062,0,0,0,Reader_2_9.csv
2062,19,16,3,reader_3_1.csv
2062,1,1,0,Reader_3_2.csv
2062,5,5,0,Reader_3_3.csv
2062,5,5,0,Reader_3_4.csv
2062,4,3,1,Reader_3_5.csv
2062,4,3,1,Reader_3_6.csv
2062,1,0,1,Reader_3_7.csv
2063,5,4,1,Reader_1_1.csv
2063,1,1,0,Reader_1_10.csv
2063,3,2,1,Reader_1_11.csv
2063,0,0,0,Reader_1_12.csv
2063,1,1,0,Reader_1_2.csv
2063,2,2,0,Reader_1_3.csv
2063,0,0,0,Reader_1_4.csv
2063,2,2,0,Reader_1_5.csv
2063,1,1,0,Reader_1_6.csv
2063,3,3,0,Reader_1_7.csv
2063,0,0,0,Reader_1_8.csv
2063,2,2,0,Reader_1_9.csv
2063,0,0,0,Reader_2_1.csv
2063,1,1,0,Reader_2_10.csv
2063,0,0,0,Reader_2_11.csv
2063,0,0,0,Reader_2_12.csv
2063,1,0,1,Reader_2_2.csv
2063,0,0,0,Reader_2_3.csv
2063,3,2,1,Reader_2_4.csv
2063,0,0,0,Reader_2_5.csv
2063,0,0,0,Reader_2_6.csv
2063,0,0,0,Reader_2_7.csv
2063,0,0,0,Reader_2_8.csv
2063,0,0,0,Reader_2_9.csv
2063,24,21,3,reader_3_1.csv
2063,3,3,0,Reader_3_2.csv
2063,6,5,1,Reader_3_3.csv
2063,6,5,1,Reader_3_4.csv
2063,4,3,1,Reader_3_5.csv
2063,4,3,1,Reader_3_6.csv
2063,1,0,1,Reader_3_7.csv
2064,6,5,1,Reader_1_1.csv
2064,1,1,0,Reader_1_10.csv
2064,1,0,1,Reader_1_11.csv
2064,0,0,0,Reader_1_12.csv
2064,1,1,0,Reader_1_2.csv
2064,2,2,0,Reader_1_3.csv
2064,0,0,0,Reader_1_4.csv
2064,2,2,0,Reader_1_5.csv
2064,1,1,0,Reader_1_6.csv
2064,3,3,0,Reader_1_7.csv
2064,0,0,0,Reader_1_8.csv
2064,2,2,0,Reader_1_9.csv
2064,0,0,0,Reader_2_1.csv
2064,1,1,0,Reader_2_10.csv
2064,0,0,0,Reader_2_11.csv
2064,0,0,0,Reader_2_12.csv
2064,1,0,1,Reader_2_2.csv
2064,0,0,0,Reader_2_3.csv
2064,3,2,1,Reader_2_4.csv
2064,0,0,0,Reader_2_5.csv
2064,0,0,0,Reader_2_6.csv
2064,0,0,0,Reader_2_7.csv
2064,0,0,0,Reader_2_8.csv
2064,0,0,0,Reader_2_9.csv
2064,29,24,5,reader_3_1.csv
2064,2,2,0,Reader_3_2.csv
2064,5,4,1,Reader_3_3.csv
2064,5,4,1,Reader_3_4.csv
2064,5,4,1,Reader_3_5.csv
2064,4,3,1,Reader_3_6.csv
2064,1,0,1,Reader_3_7.csv
2065,5,3,2,Reader_1_1.csv
2065,0,0,0,Reader_1_10.csv
2065,1,0,1,Reader_1_11.csv
2065,0,0,0,Reader_1_12.csv
2065,1,1,0,Reader_1_2.csv
2065,2,2,0,Reader_1_3.csv
2065,0,0,0,Reader_1_4.csv
2065,3,3,0,Reader_1_5.csv
2065,1,1,0,Reader_1_6.csv
2065,3,3,0,Reader_1_7.csv
2065,1,1,0,Reader_1_8.csv
2065,2,2,0,Reader_1_9.csv
2065,1,1,0,Reader_2_1.csv
2065,1,1,0,Reader_2_10.csv
2065,0,0,0,Reader_2_11.csv
2065,0,0,0,Reader_2_12.csv
2065,1,0,1,Reader_2_2.csv
2065,0,0,0,Reader_2_3.csv
2065,4,3,1,Reader_2_4.csv
2065,0,0,0,Reader_2_5.csv
2065,0,0,0,Reader_2_6.csv
2065,0,0,0,Reader_2_7.csv
2065,0,0,0,Reader_2_8.csv
2065,0,0,0,Reader_2_9.csv
2065,28,24,4,reader_3_1.csv
2065,2,2,0,Reader_3_2.csv
2065,6,5,1,Reader_3_3.csv
2065,6,5,1,Reader_3_4.csv
2065,6,5,1,Reader_3_5.csv
2065,6,4,2,Reader_3_6.csv
2065,1,0,1,Reader_3_7.csv
2066,6,3,3,Reader_1_1.csv
2066,0,0,0,Reader_1_10.csv
2066,2,1,1,Reader_1_11.csv
2066,0,0,0,Reader_1_12.csv
2066,0,0,0,Reader_1_2.csv
2066,2,2,0,Reader_1_3.csv
2066,0,0,0,Reader_1_4.csv
2066,3,3,0,Reader_1_5.csv
2066,2,1,1,Reader_1_6.csv
2066,2,2,0,Reader_1_7.csv
2066,1,1,0,Reader_1_8.csv
2066,2,2,0,Reader_1_9.csv
2066,1,1,0,Reader_2_1.csv
2066,0,0,0,Reader_2_10.csv
2066,0,0,0,Reader_2_11.csv
2066,0,0,0,Reader_2_12.csv
2066,0,0,0,Reader_2_2.csv
2066,0,0,0,Reader_2_3.csv
2066,4,3,1,Reader_2_4.csv
2066,0,0,0,Reader_2_5.csv
2066,1,1,0,Reader_2_6.csv
2066,0,0,0,Reader_2_7.csv
2066,0,0,0,Reader_2_8.csv
2066,0,0,0,Reader_2_9.csv
2066,32,26,6,reader_3_1.csv
2066,3,3,0,Reader_3_2.csv
2066,4,3,1,Reader_3_3.csv
2066,4,3,1,Reader_3_4.csv
2066,5,4,1,Reader_3_5.csv
2066,5,3,2,Reader_3_6.csv
2066,1,0,1,Reader_3_7.csv
2067,5,2,3,Reader_1_1.csv
2067,0,0,0,Reader_1_10.csv
2067,2,1,1,Reader_1_11.csv
2067,0,0,0,Reader_1_12.csv
2067,0,0,0,Reader_1_2.csv
2067,3,3,0,Reader_1_3.csv
2067,0,0,0,Reader_1_4.csv
2067,2,2,0,Reader_1_5.csv
2067,2,1,1,Reader_1_6.csv
2067,3,3,0,Reader_1_7.csv
2067,1,1,0,Reader_1_8.csv
2067,2,2,0,Reader_1_9.csv
2067,1,1,0,Reader_2_1.csv
2067,0,0,0,Reader_2_10.csv
2067,0,0,0,Reader_2_11.csv
2067,0,0,0,Reader_2_12.csv
2067,0,0,0,Reader_2_2.csv
2067,1,1,0,Reader_2_3.csv
2067,3,3,0,Reader_2_4.csv
2067,0,0,0,Reader_2_5.csv
2067,1,1,0,Reader_2_6.csv
2067,0,0,0,Reader_2_7.csv
2067,0,0,0,Reader_2_8.csv
2067,0,0,0,Reader_2_9.csv
2067,38,31,7,reader_3_1.csv
2067,3,3,0,Reader_3_2.csv
2067,5,4,1,Reader_3_3.csv
2067,5,4,1,Reader_3_4.csv
2067,6,5,1,Reader_3_5.csv
2067,5,3,2,Reader_3_6.csv
2067,0,0,0,Reader_3_7.csv
2068,5,3,2,Reader_1_1.csv
2068,0,0,0,Reader_1_10.csv
2068,2,1,1,Reader_1_11.csv
2068,0,0,0,Reader_1_12.csv
2068,0,0,0,Reader_1_2.csv
2068,2,2,0,Reader_1_3.csv
2068,0,0,0,Reader_1_4.csv
2068,2,2,0,Reader_1_5.csv
2068,2,1,1,Reader_1_6.csv
2068,2,2,0,Reader_1_7.csv
2068,1,1,0,Reader_1_8.csv
2068,2,2,0,Reader_1_9.csv
2068,1,1,0,Reader_2_1.csv
2068,0,0,0,Reader_2_10.csv
2068,0,0,0,Reader_2_11.csv
2068,0,0,0,Reader_2_12.csv
2068,0,0,0,Reader_2_2.csv
2068,1,1,0,Reader_2_3.csv
2068,1,1,0,Reader_2_4.csv
2068,0,0,0,Reader_2_5.csv
2068,1,1,0,Reader_2_6.csv
2068,0,0,0,Reader_2_7.csv
2068,0,0,0,Reader_2_8.csv
2068,0,0,0,Reader_2_9.csv
2068,43,36,7,reader_3_1.csv
2068,5,4,1,Reader_3_2.csv
2068,5,4,1,Reader_3_3.csv
2068,5,4,1,Reader_3_4.csv
2068,6,5,1,Reader_3_5.csv
2068,6,4,2,Reader_3_6.csv
2068,0,0,0,Reader_3_7.csv
2069,5,3,2,Reader_1_1.csv
2069,0,0,0,Reader_1_10.csv
2069,2,1,1,Reader_1_11.csv
2069,0,0,0,Reader_1_12.csv
2069,0,0,0,Reader_1_2.csv
2069,1,1,0,Reader_1_3.csv
2069,0,0,0,Reader_1_4.csv
2069,2,2,0,Reader_1_5.csv
2069,3,2,1,Reader_1_6.csv
2069,1,1,0,Reader_1_7.csv
2069,1,1,0,Reader_1_8.csv
2069,2,2,0,Reader_1_9.csv
2069,1,1,0,Reader_2_1.csv
2069,0,0,0,Reader_2_10.csv
2069,0,0,0,Reader_2_11.csv
2069,1,1,0,Reader_2_12.csv
2069,0,0,0,Reader_2_2.csv
2069,1,1,0,Reader_2_3.csv
2069,1,1,0,Reader_2_4.csv
2069,0,0,0,Reader_2_5.csv
2069,1,1,0,Reader_2_6.csv
2069,0,0,0,Reader_2_7.csv
2069,0,0,0,Reader_2_8.csv
2069,0,0,0,Reader_2_9.csv
2069,46,39,7,reader_3_1.csv
2069,5,4,1,Reader_3_2.csv
2069,4,3,1,Reader_3_3.csv
2069,4,3,1,Reader_3_4.csv
2069,5,4,1,Reader_3_5.csv
2069,6,4,2,Reader_3_6.csv
2069,0,0,0,Reader_3_7.csv
2070,4,2,2,Reader_1_1.csv
2070,0,0,0,Reader_1_10.csv
2070,2,2,0,Reader_1_11.csv
2070,0,0,0,Reader_1_12.csv
2070,0,0,0,Reader_1_2.csv
2070,1,1,0,Reader_1_3.csv
2070,0,0,0,Reader_1_4.csv
2070,2,2,0,Reader_1_5.csv
2070,3,2,1,Reader_1_6.csv
2070,1,1,0,Reader_1_7.csv
2070,1,1,0,Reader_1_8.csv
2070,1,1,0,Reader_1_9.csv
2070,2,1,1,Reader_2_1.csv
2070,0,0,0,Reader_2_10.csv
2070,0,0,0,Reader_2_11.csv
2070,1,1,0,Reader_2_12.csv
2070,0,0,0,Reader_2_2.csv
2070,2,1,1,Reader_2_3.csv
2070,2,1,1,Reader_2_4.csv
2070,0,0,0,Reader_2_5.csv
2070,1,1,0,Reader_2_6.csv
2070,0,0,0,Reader_2_7.csv
2070,0,0,0,Reader_2_8.csv
2070,0,0,0,Reader_2_9.csv
2070,46,40,6,reader_3_1.csv
2070,5,4,1,Reader_3_2.csv
2070,3,2,1,Reader_3_3.csv
2070,3,2,1,Reader_3_4.csv
2070,4,4,0,Reader_3_5.csv
2070,6,5,1,Reader_3_6.csv
2070,0,0,0,Reader_3_7.csv
2071,4,2,2,Reader_1_1.csv
2071,0,0,0,Reader_1_10.csv
2071,2,2,0,Reader_1_11.csv
2071,0,0,0,Reader_1_12.csv
2071,0,0,0,Reader_1_2.csv
2071,1,1,0,Reader_1_3.csv
2071,0,0,0,Reader_1_4.csv
2071,3,2,1,Reader_1_5.csv
2071,4,3,1,Reader_1_6.csv
2071,1,1,0,Reader_1_7.csv
2071,1,1,0,Reader_1_8.csv
2071,1,1,0,Reader_1_9.csv
2071,2,1,1,Reader_2_1.csv
2071,0,0,0,Reader_2_10.csv
2071,0,0,0,Reader_2_11.csv
2071,1,1,0,Reader_2_12.csv
2071,0,0,0,Reader_2_2.csv
2071,2,1,1,Reader_2_3.csv
2071,2,1,1,Reader_2_4.csv
2071,0,0,0,Reader_2_5.csv
2071,1,1,0,Reader_2_6.csv
2071,0,0,0,Reader_2_7.csv
2071,0,0,0,Reader_2_8.csv
2071,0,0,0,Reader_2_9.csv
2071,45,38,7,reader_3_1.csv
2071,3,2,1,Reader_3_2.csv
2071,3,3,0,Reader_3_3.csv
2071,3,3,0,Reader_3_4.csv
2071,4,4,0,Reader_3_5.csv
2071,6,5,1,Reader_3_6.csv
2071,0,0,0,Reader_3_7.csv
2072,3,1,2,Reader_1_1.csv
2072,0,0,0,Reader_1_10.csv
2072,2,2,0,Reader_1_11.csv
2072,0,0,0,Reader_1_12.csv
2072,0,0,0,Reader_1_2.csv
2072,1,1,0,Reader_1_3.csv
2072,1,1,0,Reader_1_4.csv
2072,2,1,1,Reader_1_5.csv
2072,4,3,1,Reader_1_6.csv
2072,1,1,0,Reader_1_7.csv
2072,2,1,1,Reader_1_8.csv
2072,0,0,0,Reader_1_9.csv
2072,2,1,1,Reader_2_1.csv
2072,1,1,0,Reader_2_10.csv
2072,0,0,0,Reader_2_11.csv
2072,1,1,0,Reader_2_12.csv
2072,0,0,0,Reader_2_2.csv
2072,2,1,1,Reader_2_3.csv
2072,2,1,1,Reader_2_4.csv
2072,0,0,0,Reader_2_5.csv
2072,1,1,0,Reader_2_6.csv
2072,0,0,0,Reader_2_7.csv
2072,0,0,0,Reader_2_8.csv
2072,0,0,0,Reader_2_9.csv
2072,41,36,5,reader_3_1.csv
2072,3,2,1,Reader_3_2.csv
2072,4,4,0,Reader_3_3.csv
2072,4,4,0,Reader_3_4.csv
2072,3,3,0,Reader_3_5.csv
2072,6,5,1,Reader_3_6.csv
2072,0,0,0,Reader_3_7.csv
2073,5,3,2,Reader_1_1.csv
2073,0,0,0,Reader_1_10.csv
2073,2,2,0,Reader_1_11.csv
2073,0,0,0,Reader_1_12.csv
2073,1,1,0,Reader_1_2.csv
2073,1,1,0,Reader_1_3.csv
2073,1,1,0,Reader_1_4.csv
2073,2,1,1,Reader_1_5.csv
2073,3,2,1,Reader_1_6.csv
2073,1,1,0,Reader_1_7.csv
2073,1,0,1,Reader_1_8.csv
2073,0,0,0,Reader_1_9.csv
2073,1,0,1,Reader_2_1.csv
2073,1,1,0,Reader_2_10.csv
2073,0,0,0,Reader_2_11.csv
2073,1,1,0,Reader_2_12.csv
2073,0,0,0,Reader_2_2.csv
2073,3,2,1,Reader_2_3.csv
2073,2,1,1,Reader_2_4.csv
2073,0,0,0,Reader_2_5.csv
2073,1,1,0,Reader_2_6.csv
2073,0,0,0,Reader_2_7.csv
2073,0,0,0,Reader_2_8.csv
2073,0,0,0,Reader_2_9.csv
2073,42,36,6,reader_3_1.csv
2073,4,2,2,Reader_3_2.csv
2073,4,4,0,Reader_3_3.csv
2073,4,4,0,Reader_3_4.csv
2073,2,2,0,Reader_3_5.csv
2073,5,5,0,Reader_3_6.csv
2073,0,0,0,Reader_3_7.csv
2074,4,3,1,Reader_1_1.csv
2074,0,0,0,Reader_1_10.csv
2074,2,2,0,Reader_1_11.csv
2074,0,0,0,Reader_1_12.csv
2074,1,1,0,Reader_1_2.csv
2074,1,1,0,Reader_1_3.csv
2074,1,1,0,Reader_1_4.csv
2074,2,1,1,Reader_1_5.csv
2074,2,2,0,Reader_1_6.csv
2074,1,1,0,Reader_1_7.csv
2074,1,0,1,Reader_1_8.csv
2074,0,0,0,Reader_1_9.csv
2074,1,0,1,Reader_2_1.csv
2074,1,1,0,Reader_2_10.csv
2074,0,0,0,Reader_2_11.csv
2074,2,2,0,Reader_2_12.csv
2074,0,0,0,Reader_2_2.csv
2074,3,2,1,Reader_2_3.csv
2074,2,1,1,Reader_2_4.csv
2074,0,0,0,Reader_2_5.csv
2074,0,0,0,Reader_2_6.csv
2074,0,0,0,Reader_2_7.csv
2074,0,0,0,Reader_2_8.csv
2074,0,0,0,Reader_2_9.csv
2074,40,36,4,reader_3_1.csv
2074,4,2,2,Reader_3_2.csv
2074,4,4,0,Reader_3_3.csv
2074,4,4,0,Reader_3_4.csv
2074,1,1,0,Reader_3_5.csv
2074,5,5,0,Reader_3_6.csv
2074,0,0,0,Reader_3_7.csv
2075,7,5,2,Reader_1_1.csv
2075,0,0,0,Reader_1_10.csv
2075,2,2,0,Reader_1_11.csv
2075,0,0,0,Reader_1_12.csv
2075,1,1,0,Reader_1_2.csv
2075,0,0,0,Reader_1_3.csv
2075,1,1,0,Reader_1_4.csv
2075,3,2,1,Reader_1_5.csv
2075,3,2,1,Reader_1_6.csv
2075,0,0,0,Reader_1_7.csv
2075,1,0,1,Reader_1_8.csv
2075,0,0,0,Reader_1_9.csv
2075,2,0,2,Reader_2_1.csv
2075,1,1,0,Reader_2_10.csv
2075,0,0,0,Reader_2_11.csv
2075,2,2,0,Reader_2_12.csv
2075,0,0,0,Reader_2_2.csv
2075,2,1,1,Reader_2_3.csv
2075,2,1,1,Reader_2_4.csv
2075,0,0,0,Reader_2_5.csv
2075,0,0,0,Reader_2_6.csv
2075,0,0,0,Reader_2_7.csv
2075,0,0,0,Reader_2_8.csv
2075,0,0,0,Reader_2_9.csv
2075,35,32,3,reader_3_1.csv
2075,4,2,2,Reader_3_2.csv
2075,3,3,0,Reader_3_3.csv
2075,3,3,0,Reader_3_4.csv
2075,1,1,0,Reader_3_5.csv
2075,4,4,0,Reader_3_6.csv
2075,0,0,0,Reader_3_7.csv
2076,7,4,3,Reader_1_1.csv
2076,0,0,0,Reader_1_10.csv
2076,3,3,0,Reader_1_11.csv
2076,0,0,0,Reader_1_12.csv
2076,1,1,0,Reader_1_2.csv
2076,0,0,0,Reader_1_3.csv
2076,2,2,0,Reader_1_4.csv
2076,3,2,1,Reader_1_5.csv
2076,3,2,1,Reader_1_6.csv
2076,0,0,0,Reader_1_7.csv
2076,1,0,1,Reader_1_8.csv
2076,0,0,0,Reader_1_9.csv
2076,3,1,2,Reader_2_1.csv
2076,1,1,0,Reader_2_10.csv
2076,0,0,0,Reader_2_11.csv
2076,2,2,0,Reader_2_12.csv
2076,0,0,0,Reader_2_2.csv
2076,2,1,1,Reader_2_3.csv
2076,2,1,1,Reader_2_4.csv
2076,0,0,0,Reader_2_5.csv
2076,0,0,0,Reader_2_6.csv
2076,0,0,0,Reader_2_7.csv
2076,0,0,0,Reader_2_8.csv
2076,0,0,0,Reader_2_9.csv
2076,30,28,2,reader_3_1.csv
2076,2,1,1,Reader_3_2.csv
2076,6,6,0,Reader_3_3.csv
2076,6,6,0,Reader_3_4.csv
2076,1,1,0,Reader_3_5.csv
2076,4,3,1,Reader_3_6.csv
2076,0,0,0,Reader_3_7.csv
2077,7,4,3,Reader_1_1.csv
2077,0,0,0,Reader_1_10.csv
2077,3,3,0,Reader_1_11.csv
2077,0,0,0,Reader_1_12.csv
2077,1,1,0,Reader_1_2.csv
2077,0,0,0,Reader_1_3.csv
2077,2,2,0,Reader_1_4.csv
2077,3,2,1,Reader_1_5.csv
2077,2,1,1,Reader_1_6.csv
2077,0,0,0,Reader_1_7.csv
2077,1,0,1,Reader_1_8.csv
2077,0,0,0,Reader_1_9.csv
2077,4,1,3,Reader_2_1.csv
2077,2,2,0,Reader_2_10.csv
2077,0,0,0,Reader_2_11.csv
2077,1,1,0,Reader_2_12.csv
2077,0,0,0,Reader_2_2.csv
2077,2,1,1,Reader_2_3.csv
2077,3,2,1,Reader_2_4.csv
2077,0,0,0,Reader_2_5.csv
2077,0,0,0,Reader_2_6.csv
2077,0,0,0,Reader_2_7.csv
2077,0,0,0,Reader_2_8.csv
2077,0,0,0,Reader_2_9.csv
2077,30,27,3,reader_3_1.csv
2077,4,2,2,Reader_3_2.csv
2077,7,7,0,Reader_3_3.csv
2077,7,7,0,Reader_3_4.csv
2077,1,1,0,Reader_3_5.csv
2077,4,3,1,Reader_3_6.csv
2077,0,0,0,Reader_3_7.csv
2078,8,4,4,Reader_1_1.csv
2078,1,1,0,Reader_1_10.csv
2078,2,2,0,Reader_1_11.csv
2078,0,0,0,Reader_1_12.csv
2078,4,2,2,Reader_1_2.csv
2078,0,0,0,Reader_1_3.csv
2078,2,2,0,Reader_1_4.csv
2078,3,2,1,Reader_1_5.csv
2078,3,2,1,Reader_1_6.csv
2078,0,0,0,Reader_1_7.csv
2078,1,0,1,Reader_1_8.csv
2078,0,0,0,Reader_1_9.csv
2078,3,1,2,Reader_2_1.csv
2078,2,2,0,Reader_2_10.csv
2078,0,0,0,Reader_2_11.csv
2078,1,1,0,Reader_2_12.csv
2078,0,0,0,Reader_2_2.csv
2078,1,1,0,Reader_2_3.csv
2078,2,2,0,Reader_2_4.csv
2078,0,0,0,Reader_2_5.csv
2078,0,0,0,Reader_2_6.csv
2078,0,0,0,Reader_2_7.csv
2078,0,0,0,Reader_2_8.csv
2078,0,0,0,Reader_2_9.csv
2078,28,25,3,reader_3_1.csv
2078,6,3,3,Reader_3_2.csv
2078,8,8,0,Reader_3_3.csv
2078,8,8,0,Reader_3_4.csv
2078,3,3,0,Reader_3_5.csv
2078,5,4,1,Reader_3_6.csv
2078,1,1,0,Reader_3_7.csv
2079,9,4,5,Reader_1_1.csv
2079,1,1,0,Reader_1_10.csv
2079,2,2,0,Reader_1_11.csv
2079,0,0,0,Reader_1_12.csv
2079,5,3,2,Reader_1_2.csv
2079,0,0,0,Reader_1_3.csv
2079,2,2,0,Reader_1_4.csv
2079,2,2,0,Reader_1_5.csv
2079,3,2,1,Reader_1_6.csv
2079,0,0,0,Reader_1_7.csv
2079,1,0,1,Reader_1_8.csv
2079,0,0,0,Reader_1_9.csv
2079,3,1,2,Reader_2_1.csv
2079,2,2,0,Reader_2_10.csv
2079,0,0,0,Reader_2_11.csv
2079,1,1,0,Reader_2_12.csv
2079,0,0,0,Reader_2_2.csv
2079,1,1,0,Reader_2_3.csv
2079,2,2,0,Reader_2_4.csv
2079,0,0,0,Reader_2_5.csv
2079,0,0,0,Reader_2_6.csv
2079,0,0,0,Reader_2_7.csv
2079,0,0,0,Reader_2_8.csv
2079,0,0,0,Reader_2_9.csv
2079,24,22,2,reader_3_1.csv
2079,6,3,3,Reader_3_2.csv
2079,8,8,0,Reader_3_3.csv
2079,8,8,0,Reader_3_4.csv
2079,5,5,0,Reader_3_5.csv
2079,6,5,1,Reader_3_6.csv
2079,1,1,0,Reader_3_7.csv
2080,10,5,5,Reader_1_1.csv
2080,1,1,0,Reader_1_10.csv
2080,2,2,0,Reader_1_11.csv
2080,0,0,0,Reader_1_12.csv
2080,7,5,2,Reader_1_2.csv
2080,0,0,0,Reader_1_3.csv
2080,1,1,0,Reader_1_4.csv
2080,2,2,0,Reader_1_5.csv
2080,3,2,1,Reader_1_6.csv
2080,0,0,0,Reader_1_7.csv
2080,0,0,0,Reader_1_8.csv
2080,0,0,0,Reader_1_9.csv
2080,3,1,2,Reader_2_1.csv
2080,1,1,0,Reader_2_10.csv
2080,0,0,0,Reader_2_11.csv
2080,1,1,0,Reader_2_12.csv
2080,0,0,0,Reader_2_2.csv
2080,1,1,0,Reader_2_3.csv
2080,2,2,0,Reader_2_4.csv
2080,0,0,0,Reader_2_5.csv
2080,0,0,0,Reader_2_6.csv
2080,0,0,0,Reader_2_7.csv
2080,0,0,0,Reader_2_8.csv
2080,0,0,0,Reader_2_9.csv
2080,24,22,2,reader_3_1.csv
2080,7,4,3,Reader_3_2.csv
2080,7,7,0,Reader_3_3.csv
2080,7,7,0,Reader_3_4.csv
2080,7,7,0,Reader_3_5.csv
2080,6,5,1,Reader_3_6.csv
2080,1,1,0,Reader_3_7.csv
2081,7,3,4,Reader_1_1.csv
2081,1,1,0,Reader_1_10.csv
2081,3,3,0,Reader_1_11.csv
2081,0,0,0,Reader_1_12.csv
2081,6,4,2,Reader_1_2.csv
2081,0,0,0,Reader_1_3.csv
2081,1,1,0,Reader_1_4.csv
2081,1,1,0,Reader_1_5.csv
2081,3,2,1,Reader_1_6.csv
2081,0,0,0,Reader_1_7.csv
2081,0,0,0,Reader_1_8.csv
2081,0,0,0,Reader_1_9.csv
2081,4,2,2,Reader_2_1.csv
2081,2,2,0,Reader_2_10.csv
2081,0,0,0,Reader_2_11.csv
2081,1,1,0,Reader_2_12.csv
2081,0,0,0,Reader_2_2.csv
2081,0,0,0,Reader_2_3.csv
2081,1,1,0,Reader_2_4.csv
2081,0,0,0,Reader_2_5.csv
2081,0,0,0,Reader_2_6.csv
2081,0,0,0,Reader_2_7.csv
2081,0,0,0,Reader_2_8.csv
2081,0,0,0,Reader_2_9.csv
2081,24,23,1,reader_3_1.csv
2081,6,4,2,Reader_3_2.csv
2081,6,6,0,Reader_3_3.csv
2081,6,6,0,Reader_3_4.csv
2081,7,7,0,Reader_3_5.csv
2081,5,4,1,Reader_3_6.csv
2081,1,1,0,Reader_3_7.csv
2082,8,4,4,Reader_1_1.csv
2082,1,1,0,Reader_1_10.csv
2082,2,2,0,Reader_1_11.csv
2082,0,0,0,Reader_1_12.csv
2082,7,4,3,Reader_1_2.csv
2082,0,0,0,Reader_1_3.csv
2082,1,1,0,Reader_1_4.csv
2082,1,1,0,Reader_1_5.csv
2082,3,2,1,Reader_1_6.csv
2082,1,1,0,Reader_1_7.csv
2082,0,0,0,Reader_1_8.csv
2082,0,0,0,Reader_1_9.csv
2082,5,2,3,Reader_2_1.csv
2082,2,2,0,Reader_2_10.csv
2082,0,0,0,Reader_2_11.csv
2082,0,0,0,Reader_2_12.csv
2082,0,0,0,Reader_2_2.csv
2082,0,0,0,Reader_2_3.csv
2082,2,2,0,Reader_2_4.csv
2082,0,0,0,Reader_2_5.csv
2082,0,0,0,Reader_2_6.csv
2082,0,0,0,Reader_2_7.csv
2082,0,0,0,Reader_2_8.csv
2082,0,0,0,Reader_2_9.csv
2082,21,20,1,reader_3_1.csv
2082,5,3,2,Reader_3_2.csv
2082,6,6,0,Reader_3_3.csv
2082,6,6,0,Reader_3_4.csv
2082,7,7,0,Reader_3_5.csv
2082,5,4,1,Reader_3_6.csv
2082,1,1,0,Reader_3_7.csv
2083,6,3,3,Reader_1_1.csv
2083,1,1,0,Reader_1_10.csv
2083,2,2,0,Reader_1_11.csv
2083,0,0,0,Reader_1_12.csv
2083,8,5,3,Reader_1_2.csv
2083,0,0,0,Reader_1_3.csv
2083,1,1,0,Reader_1_4.csv
2083,1,1,0,Reader_1_5.csv
2083,2,2,0,Reader_1_6.csv
2083,1,1,0,Reader_1_7.csv
2083,0,0,0,Reader_1_8.csv
2083,0,0,0,Reader_1_9.csv
2083,5,3,2,Reader_2_1.csv
2083,2,2,0,Reader_2_10.csv
2083,0,0,0,Reader_2_11.csv
2083,0,0,0,Reader_2_12.csv
2083,0,0,0,Reader_2_2.csv
2083,0,0,0,Reader_2_3.csv
2083,2,2,0,Reader_2_4.csv
2083,0,0,0,Reader_2_5.csv
2083,0,0,0,Reader_2_6.csv
2083,0,0,0,Reader_2_7.csv
2083,0,0,0,Reader_2_8.csv
2083,0,0,0,Reader_2_9.csv
2083,24,23,1,reader_3_1.csv
2083,6,3,3,Reader_3_2.csv
2083,6,6,0,Reader_3_3.csv
2083,6,6,0,Reader_3_4.csv
2083,7,7,0,Reader_3_5.csv
2083,7,6,1,Reader_3_6.csv
2083,1,1,0,Reader_3_7.csv
2084,5,3,2,Reader_1_1.csv
2084,1,1,0,Reader_1_10.csv
2084,1,1,0,Reader_1_11.csv
2084,0,0,0,Reader_1_12.csv
2084,8,5,3,Reader_1_2.csv
2084,0,0,0,Reader_1_3.csv
2084,0,0,0,Reader_1_4.csv
2084,2,1,1,Reader_1_5.csv
2084,2,2,0,Reader_1_6.csv
2084,1,1,0,Reader_1_7.csv
2084,0,0,0,Reader_1_8.csv
2084,0,0,0,Reader_1_9.csv
2084,4,2,2,Reader_2_1.csv
2084,3,3,0,Reader_2_10.csv
2084,0,0,0,Reader_2_11.csv
2084,0,0,0,Reader_2_12.csv
2084,0,0,0,Reader_2_2.csv
2084,0,0,0,Reader_2_3.csv
2084,2,2,0,Reader_2_4.csv
2084,0,0,0,Reader_2_5.csv
2084,0,0,0,Reader_2_6.csv
2084,0,0,0,Reader_2_7.csv
2084,0,0,0,Reader_2_8.csv
2084,0,0,0,Reader_2_9.csv
2084,24,23,1,reader_3_1.csv
2084,7,3,4,Reader_3_2.csv
2084,3,3,0,Reader_3_3.csv
2084,3,3,0,Reader_3_4.csv
2084,8,8,0,Reader_3_5.csv
2084,7,5,2,Reader_3_6.csv
2084,1,1,0,Reader_3_7.csv
2085,7,5,2,Reader_1_1.csv
2085,1,1,0,Reader_1_10.csv
2085,1,1,0,Reader_1_11.csv
2085,0,0,0,Reader_1_12.csv
2085,8,5,3,Reader_1_2.csv
2085,0,0,0,Reader_1_3.csv
2085,0,0,0,Reader_1_4.csv
2085,2,1,1,Reader_1_5.csv
2085,2,2,0,Reader_1_6.csv
2085,1,1,0,Reader_1_7.csv
2085,0,0,0,Reader_1_8.csv
2085,0,0,0,Reader_1_9.csv
2085,3,2,1,Reader_2_1.csv
2085,3,3,0,Reader_2_10.csv
2085,0,0,0,Reader_2_11.csv
2085,0,0,0,Reader_2_12.csv
2085,0,0,0,Reader_2_2.csv
2085,0,0,0,Reader_2_3.csv
2085,2,2,0,Reader_2_4.csv
2085,0,0,0,Reader_2_5.csv
2085,0,0,0,Reader_2_6.csv
2085,0,0,0,Reader_2_7.csv
2085,0,0,0,Reader_2_8.csv
2085,0,0,0,Reader_2_9.csv
2085,23,22,1,reader_3_1.csv
2085,6,3,3,Reader_3_2.csv
2085,3,3,0,Reader_3_3.csv
2085,3,3,0,Reader_3_4.csv
2085,8,8,0,Reader_3_5.csv
2085,7,5,2,Reader_3_6.csv
2085,1,1,0,Reader_3_7.csv
2086,6,5,1,Reader_1_1.csv
2086,0,0,0,Reader_1_10.csv
2086,2,1,1,Reader_1_11.csv
2086,0,0,0,Reader_1_12.csv
2086,5,4,1,Reader_1_2.csv
2086,0,0,0,Reader_1_3.csv
2086,0,0,0,Reader_1_4.csv
2086,2,1,1,Reader_1_5.csv
2086,1,1,0,Reader_1_6.csv
2086,1,1,0,Reader_1_7.csv
2086,0,0,0,Reader_1_8.csv
2086,0,0,0,Reader_1_9.csv
2086,5,4,1,Reader_2_1.csv
2086,3,3,0,Reader_2_10.csv
2086,0,0,0,Reader_2_11.csv
2086,0,0,0,Reader_2_12.csv
2086,0,0,0,Reader_2_2.csv
2086,0,0,0,Reader_2_3.csv
2086,2,2,0,Reader_2_4.csv
2086,0,0,0,Reader_2_5.csv
2086,0,0,0,Reader_2_6.csv
2086,0,0,0,Reader_2_7.csv
2086,0,0,0,Reader_2_8.csv
2086,0,0,0,Reader_2_9.csv
2086,21,20,1,reader_3_1.csv
2086,4,2,2,Reader_3_2.csv
2086,4,4,0,Reader_3_3.csv
2086,4,4,0,Reader_3_4.csv
2086,6,6,0,Reader_3_5.csv
2086,6,4,2,Reader_3_6.csv
2086,1,1,0,Reader_3_7.csv
2087,6,5,1,Reader_1_1.csv
2087,0,0,0,Reader_1_10.csv
2087,2,1,1,Reader_1_11.csv
2087,0,0,0,Reader_1_12.csv
2087,4,3,1,Reader_1_2.csv
2087,0,0,0,Reader_1_3.csv
2087,0,0,0,Reader_1_4.csv
2087,3,2,1,Reader_1_5.csv
2087,0,0,0,Reader_1_6.csv
2087,1,1,0,Reader_1_7.csv
2087,0,0,0,Reader_1_8.csv
2087,0,0,0,Reader_1_9.csv
2087,6,5,1,Reader_2_1.csv
2087,3,3,0,Reader_2_10.csv
2087,0,0,0,Reader_2_11.csv
2087,0,0,0,Reader_2_12.csv
2087,0,0,0,Reader_2_2.csv
2087,0,0,0,Reader_2_3.csv
2087,2,2,0,Reader_2_4.csv
2087,0,0,0,Reader_2_5.csv
2087,0,0,0,Reader_2_6.csv
2087,0,0,0,Reader_2_7.csv
2087,0,0,0,Reader_2_8.csv
2087,0,0,0,Reader_2_9.csv
2087,22,21,1,reader_3_1.csv
2087,4,2,2,Reader_3_2.csv
2087,5,5,0,Reader_3_3.csv
2087,5,5,0,Reader_3_4.csv
2087,4,4,0,Reader_3_5.csv
2087,5,3,2,Reader_3_6.csv
2087,1,1,0,Reader_3_7.csv
2088,5,4,1,Reader_1_1.csv
2088,0,0,0,Reader_1_10.csv
2088,2,1,1,Reader_1_11.csv
2088,0,0,0,Reader_1_12.csv
2088,2,1,1,Reader_1_2.csv
2088,0,0,0,Reader_1_3.csv
2088,0,0,0,Reader_1_4.csv
2088,4,3,1,Reader_1_5.csv
2088,0,0,0,Reader_1_6.csv
2088,1,1,0,Reader_1_7.csv
2088,0,0,0,Reader_1_8.csv
2088,0,0,0,Reader_1_9.csv
2088,7,6,1,Reader_2_1.csv
2088,3,3,0,Reader_2_10.csv
2088,0,0,0,Reader_2_11.csv
2088,0,0,0,Reader_2_12.csv
2088,0,0,0,Reader_2_2.csv
2088,0,0,0,Reader_2_3.csv
2088,2,2,0,Reader_2_4.csv
2088,0,0,0,Reader_2_5.csv
2088,0,0,0,Reader_2_6.csv
2088,0,0,0,Reader_2_7.csv
2088,0,0,0,Reader_2_8.csv
2088,0,0,0,Reader_2_9.csv
2088,20,18,2,reader_3_1.csv
2088,4,2,2,Reader_3_2.csv
2088,5,5,0,Reader_3_3.csv
2088,5,5,0,Reader_3_4.csv
2088,2,2,0,Reader_3_5.csv
2088,5,3,2,Reader_3_6.csv
2088,2,1,1,Reader_3_7.csv
2089,5,4,1,Reader_1_1.csv
2089,0,0,0,Reader_1_10.csv
2089,1,0,1,Reader_1_11.csv
2089,0,0,0,Reader_1_12.csv
2089,3,2,1,Reader_1_2.csv
2089,1,1,0,Reader_1_3.csv
2089,1,1,0,Reader_1_4.csv
2089,4,3,1,Reader_1_5.csv
2089,0,0,0,Reader_1_6.csv
2089,1,1,0,Reader_1_7.csv
2089,0,0,0,Reader_1_8.csv
2089,0,0,0,Reader_1_9.csv
2089,7,6,1,Reader_2_1.csv
2089,2,2,0,Reader_2_10.csv
2089,0,0,0,Reader_2_11.csv
2089,0,0,0,Reader_2_12.csv
2089,0,0,0,Reader_2_2.csv
2089,0,0,0,Reader_2_3.csv
2089,2,2,0,Reader_2_4.csv
2089,0,0,0,Reader_2_5.csv
2089,0,0,0,Reader_2_6.csv
2089,0,0,0,Reader_2_7.csv
2089,0,0,0,Reader_2_8.csv
2089,0,0,0,Reader_2_9.csv
2089,18,16,2,reader_3_1.csv
2089,4,2,2,Reader_3_2.csv
2089,5,5,0,Reader_3_3.csv
2089,5,5,0,Reader_3_4.csv
2089,2,2,0,Reader_3_5.csv
2089,5,3,2,Reader_3_6.csv
2089,2,1,1,Reader_3_7.csv
2090,4,3,1,Reader_1_1.csv
2090,0,0,0,Reader_1_10.csv
2090,1,0,1,Reader_1_11.csv
2090,0,0,0,Reader_1_12.csv
2090,2,2,0,Reader_1_2.csv
2090,1,1,0,Reader_1_3.csv
2090,1,1,0,Reader_1_4.csv
2090,4,3,1,Reader_1_5.csv
2090,1,1,0,Reader_1_6.csv
2090,0,0,0,Reader_1_7.csv
2090,0,0,0,Reader_1_8.csv
2090,0,0,0,Reader_1_9.csv
2090,7,7,0,Reader_2_1.csv
2090,3,3,0,Reader_2_10.csv
2090,0,0,0,Reader_2_11.csv
2090,0,0,0,Reader_2_12.csv
2090,0,0,0,Reader_2_2.csv
2090,0,0,0,Reader_2_3.csv
2090,1,1,0,Reader_2_4.csv
2090,0,0,0,Reader_2_5.csv
2090,0,0,0,Reader_2_6.csv
2090,0,0,0,Reader_2_7.csv
2090,0,0,0,Reader_2_8.csv
2090,0,0,0,Reader_2_9.csv
2090,18,16,2,reader_3_1.csv
2090,5,3,2,Reader_3_2.csv
2090,6,6,0,Reader_3_3.csv
2090,6,6,0,Reader_3_4.csv
2090,4,4,0,Reader_3_5.csv
2090,6,4,2,Reader_3_6.csv
2090,2,1,1,Reader_3_7.csv
2091,6,2,4,Reader_1_1.csv
2091,0,0,0,Reader_1_10.csv
2091,1,0,1,Reader_1_11.csv
2091,0,0,0,Reader_1_12.csv
2091,1,1,0,Reader_1_2.csv
2091,2,1,1,Reader_1_3.csv
2091,1,1,0,Reader_1_4.csv
2091,3,2,1,Reader_1_5.csv
2091,1,1,0,Reader_1_6.csv
2091,0,0,0,Reader_1_7.csv
2091,0,0,0,Reader_1_8.csv
2091,0,0,0,Reader_1_9.csv
2091,6,6,0,Reader_2_1.csv
2091,3,3,0,Reader_2_10.csv
2091,0,0,0,Reader_2_11.csv
2091,0,0,0,Reader_2_12.csv
2091,0,0,0,Reader_2_2.csv
2091,0,0,0,Reader_2_3.csv
2091,1,1,0,Reader_2_4.csv
2091,0,0,0,Reader_2_5.csv
2091,0,0,0,Reader_2_6.csv
2091,0,0,0,Reader_2_7.csv
2091,0,0,0,Reader_2_8.csv
2091,0,0,0,Reader_2_9.csv
2091,16,14,2,reader_3_1.csv
2091,6,4,2,Reader_3_2.csv
2091,6,6,0,Reader_3_3.csv
2091,6,6,0,Reader_3_4.csv
2091,4,4,0,Reader_3_5.csv
2091,4,2,2,Reader_3_6.csv
2091,2,1,1,Reader_3_7.csv
2092,6,2,4,Reader_1_1.csv
2092,0,0,0,Reader_1_10.csv
2092,2,1,1,Reader_1_11.csv
2092,0,0,0,Reader_1_12.csv
2092,1,1,0,Reader_1_2.csv
2092,2,1,1,Reader_1_3.csv
2092,1,1,0,Reader_1_4.csv
2092,2,2,0,Reader_1_5.csv
2092,1,1,0,Reader_1_6.csv
2092,0,0,0,Reader_1_7.csv
2092,0,0,0,Reader_1_8.csv
2092,0,0,0,Reader_1_9.csv
2092,6,6,0,Reader_2_1.csv
2092,2,2,0,Reader_2_10.csv
2092,0,0,0,Reader_2_11.csv
2092,0,0,0,Reader_2_12.csv
2092,1,1,0,Reader_2_2.csv
2092,0,0,0,Reader_2_3.csv
2092,1,1,0,Reader_2_4.csv
2092,0,0,0,Reader_2_5.csv
2092,0,0,0,Reader_2_6.csv
2092,0,0,0,Reader_2_7.csv
2092,0,0,0,Reader_2_8.csv
2092,0,0,0,Reader_2_9.csv
2092,13,11,2,reader_3_1.csv
2092,5,4,1,Reader_3_2.csv
2092,7,7,0,Reader_3_3.csv
2092,7,7,0,Reader_3_4.csv
2092,3,3,0,Reader_3_5.csv
2092,2,2,0,Reader_3_6.csv
2092,2,1,1,Reader_3_7.csv
2093,4,0,4,Reader_1_1.csv
2093,0,0,0,Reader_1_10.csv
2093,2,1,1,Reader_1_11.csv
2093,0,0,0,Reader_1_12.csv
2093,1,1,0,Reader_1_2.csv
2093,2,1,1,Reader_1_3.csv
2093,1,1,0,Reader_1_4.csv
2093,2,2,0,Reader_1_5.csv
2093,1,1,0,Reader_1_6.csv
2093,0,0,0,Reader_1_7.csv
2093,0,0,0,Reader_1_8.csv
2093,0,0,0,Reader_1_9.csv
2093,7,6,1,Reader_2_1.csv
2093,1,1,0,Reader_2_10.csv
2093,0,0,0,Reader_2_11.csv
2093,0,0,0,Reader_2_12.csv
2093,1,1,0,Reader_2_2.csv
2093,0,0,0,Reader_2_3.csv
2093,0,0,0,Reader_2_4.csv
2093,0,0,0,Reader_2_5.csv
2093,0,0,0,Reader_2_6.csv
2093,0,0,0,Reader_2_7.csv
2093,0,0,0,Reader_2_8.csv
2093,0,0,0,Reader_2_9.csv
2093,10,9,1,reader_3_1.csv
2093,4,3,1,Reader_3_2.csv
2093,6,6,0,Reader_3_3.csv
2093,6,6,0,Reader_3_4.csv
2093,4,4,0,Reader_3_5.csv
2093,3,3,0,Reader_3_6.csv
2093,3,2,1,Reader_3_7.csv
2094,6,1,5,Reader_1_1.csv
2094,0,0,0,Reader_1_10.csv
2094,1,1,0,Reader_1_11.csv
2094,0,0,0,Reader_1_12.csv
2094,1,1,0,Reader_1_2.csv
2094,2,1,1,Reader_1_3.csv
2094,1,1,0,Reader_1_4.csv
2094,2,2,0,Reader_1_5.csv
2094,1,1,0,Reader_1_6.csv
2094,0,0,0,Reader_1_7.csv
2094,0,0,0,Reader_1_8.csv
2094,0,0,0,Reader_1_9.csv
2094,7,4,3,Reader_2_1.csv
2094,2,2,0,Reader_2_10.csv
2094,0,0,0,Reader_2_11.csv
2094,0,0,0,Reader_2_12.csv
2094,1,1,0,Reader_2_2.csv
2094,0,0,0,Reader_2_3.csv
2094,0,0,0,Reader_2_4.csv
2094,0,0,0,Reader_2_5.csv
2094,0,0,0,Reader_2_6.csv
2094,0,0,0,Reader_2_7.csv
2094,0,0,0,Reader_2_8.csv
2094,0,0,0,Reader_2_9.csv
2094,9,8,1,reader_3_1.csv
2094,5,4,1,Reader_3_2.csv
2094,4,4,0,Reader_3_3.csv
2094,4,4,0,Reader_3_4.csv
2094,4,4,0,Reader_3_5.csv
2094,3,3,0,Reader_3_6.csv
2094,3,2,1,Reader_3_7.csv
2095,6,1,5,Reader_1_1.csv
2095,0,0,0,Reader_1_10.csv
2095,1,1,0,Reader_1_11.csv
2095,0,0,0,Reader_1_12.csv
2095,1,1,0,Reader_1_2.csv
2095,2,1,1,Reader_1_3.csv
2095,2,1,1,Reader_1_4.csv
2095,1,1,0,Reader_1_5.csv
2095,1,1,0,Reader_1_6.csv
2095,0,0,0,Reader_1_7.csv
2095,0,0,0,Reader_1_8.csv
2095,0,0,0,Reader_1_9.csv
2095,6,3,3,Reader_2_1.csv
2095,2,2,0,Reader_2_10.csv
2095,0,0,0,Reader_2_11.csv
2095,0,0,0,Reader_2_12.csv
2095,1,1,0,Reader_2_2.csv
2095,0,0,0,Reader_2_3.csv
2095,0,0,0,Reader_2_4.csv
2095,0,0,0,Reader_2_5.csv
2095,0,0,0,Reader_2_6.csv
2095,0,0,0,Reader_2_7.csv
2095,0,0,0,Reader_2_8.csv
2095,0,0,0,Reader_2_9.csv
2095,7,6,1,reader_3_1.csv
2095,5,4,1,Reader_3_2.csv
2095,2,2,0,Reader_3_3.csv
2095,2,2,0,Reader_3_4.csv
2095,4,4,0,Reader_3_5.csv
2095,4,4,0,Reader_3_6.csv
2095,4,3,1,Reader_3_7.csv
2096,8,2,6,Reader_1_1.csv
2096,0,0,0,Reader_1_10.csv
2096,1,1,0,Reader_1_11.csv
2096,0,0,0,Reader_1_12.csv
2096,1,1,0,Reader_1_2.csv
2096,2,1,1,Reader_1_3.csv
2096,2,1,1,Reader_1_4.csv
2096,0,0,0,Reader_1_5.csv
2096,1,1,0,Reader_1_6.csv
2096,0,0,0,Reader_1_7.csv
2096,0,0,0,Reader_1_8.csv
2096,0,0,0,Reader_1_9.csv
2096,5,2,3,Reader_2_1.csv
2096,2,2,0,Reader_2_10.csv
2096,0,0,0,Reader_2_11.csv
2096,0,0,0,Reader_2_12.csv
2096,1,1,0,Reader_2_2.csv
2096,0,0,0,Reader_2_3.csv
2096,0,0,0,Reader_2_4.csv
2096,0,0,0,Reader_2_5.csv
2096,0,0,0,Reader_2_6.csv
2096,0,0,0,Reader_2_7.csv
2096,0,0,0,Reader_2_8.csv
2096,0,0,0,Reader_2_9.csv
2096,6,6,0,reader_3_1.csv
2096,5,4,1,Reader_3_2.csv
2096,4,4,0,Reader_3_3.csv
2096,4,4,0,Reader_3_4.csv
2096,4,4,0,Reader_3_5.csv
2096,4,4,0,Reader_3_6.csv
2096,4,4,0,Reader_3_7.csv
2097,9,3,6,Reader_1_1.csv
2097,0,0,0,Reader_1_10.csv
2097,1,1,0,Reader_1_11.csv
2097,0,0,0,Reader_1_12.csv
2097,2,1,1,Reader_1_2.csv
2097,1,0,1,Reader_1_3.csv
2097,1,0,1,Reader_1_4.csv
2097,1,1,0,Reader_1_5.csv
2097,1,1,0,Reader_1_6.csv
2097,1,1,0,Reader_1_7.csv
2097,0,0,0,Reader_1_8.csv
2097,0,0,0,Reader_1_9.csv
2097,4,1,3,Reader_2_1.csv
2097,2,2,0,Reader_2_10.csv
2097,0,0,0,Reader_2_11.csv
2097,0,0,0,Reader_2_12.csv
2097,1,1,0,Reader_2_2.csv
2097,0,0,0,Reader_2_3.csv
2097,0,0,0,Reader_2_4.csv
2097,0,0,0,Reader_2_5.csv
2097,0,0,0,Reader_2_6.csv
2097,0,0,0,Reader_2_7.csv
2097,0,0,0,Reader_2_8.csv
2097,1,1,0,Reader_2_9.csv
2097,7,7,0,reader_3_1.csv
2097,5,4,1,Reader_3_2.csv
2097,4,4,0,Reader_3_3.csv
2097,4,4,0,Reader_3_4.csv
2097,4,4,0,Reader_3_5.csv
2097,4,4,0,Reader_3_6.csv
2097,4,4,0,Reader_3_7.csv
2098,11,4,7,Reader_1_1.csv
2098,0,0,0,Reader_1_10.csv
2098,2,2,0,Reader_1_11.csv
2098,0,0,0,Reader_1_12.csv
2098,2,1,1,Reader_1_2.csv
2098,2,1,1,Reader_1_3.csv
2098,1,0,1,Reader_1_4.csv
2098,1,1,0,Reader_1_5.csv
2098,0,0,0,Reader_1_6.csv
2098,1,1,0,Reader_1_7.csv
2098,0,0,0,Reader_1_8.csv
2098,0,0,0,Reader_1_9.csv
2098,6,2,4,Reader_2_1.csv
2098,1,1,0,Reader_2_10.csv
2098,0,0,0,Reader_2_11.csv
2098,0,0,0,Reader_2_12.csv
2098,1,1,0,Reader_2_2.csv
2098,0,0,0,Reader_2_3.csv
2098,0,0,0,Reader_2_4.csv
2098,0,0,0,Reader_2_5.csv
2098,0,0,0,Reader_2_6.csv
2098,0,0,0,Reader_2_7.csv
2098,0,0,0,Reader_2_8.csv
2098,1,1,0,Reader_2_9.csv
2098,6,6,0,reader_3_1.csv
2098,4,3,1,Reader_3_2.csv
2098,3,3,0,Reader_3_3.csv
2098,3,3,0,Reader_3_4.csv
2098,2,2,0,Reader_3_5.csv
2098,3,3,0,Reader_3_6.csv
2098,4,4,0,Reader_3_7.csv
2099,9,4,5,Reader_1_1.csv
2099,0,0,0,Reader_1_10.csv
2099,2,2,0,Reader_1_11.csv
2099,0,0,0,Reader_1_12.csv
2099,2,1,1,Reader_1_2.csv
2099,2,2,0,Reader_1_3.csv
2099,1,0,1,Reader_1_4.csv
2099,1,1,0,Reader_1_5.csv
2099,0,0,0,Reader_1_6.csv
2099,1,1,0,Reader_1_7.csv
2099,0,0,0,Reader_1_8.csv
2099,0,0,0,Reader_1_9.csv
2099,6,2,4,Reader_2_1.csv
2099,1,1,0,Reader_2_10.csv
2099,0,0,0,Reader_2_11.csv
2099,0,0,0,Reader_2_12.csv
2099,1,1,0,Reader_2_2.csv
2099,0,0,0,Reader_2_3.csv
2099,0,0,0,Reader_2_4.csv
2099,1,1,0,Reader_2_5.csv
2099,0,0,0,Reader_2_6.csv
2099,0,0,0,Reader_2_7.csv
2099,0,0,0,Reader_2_8.csv
2099,1,1,0,Reader_2_9.csv
2099,5,3,2,reader_3_1.csv
2099,3,2,1,Reader_3_2.csv
2099,5,5,0,Reader_3_3.csv
2099,5,5,0,Reader_3_4.csv
2099,1,1,0,Reader_3_5.csv
2099,3,3,0,Reader_3_6.csv
2099,4,4,0,Reader_3_7.csv
2100,9,4,5,Reader_1_1.csv
2100,0,0,0,Reader_1_10.csv
2100,1,1,0,Reader_1_11.csv
2100,0,0,0,Reader_1_12.csv
2100,2,1,1,Reader_1_2.csv
2100,2,2,0,Reader_1_3.csv
2100,1,0,1,Reader_1_4.csv
2100,2,2,0,Reader_1_5.csv
2100,0,0,0,Reader_1_6.csv
2100,1,1,0,Reader_1_7.csv
2100,0,0,0,Reader_1_8.csv
2100,0,0,0,Reader_1_9.csv
2100,6,2,4,Reader_2_1.csv
2100,1,1,0,Reader_2_10.csv
2100,0,0,0,Reader_2_11.csv
2100,0,0,0,Reader_2_12.csv
2100,0,0,0,Reader_2_2.csv
2100,0,0,0,Reader_2_3.csv
2100,0,0,0,Reader_2_4.csv
2100,1,1,0,Reader_2_5.csv
2100,0,0,0,Reader_2_6.csv
2100,0,0,0,Reader_2_7.csv
2100,0,0,0,Reader_2_8.csv
2100,1,1,0,Reader_2_9.csv
2100,5,3,2,reader_3_1.csv
2100,5,4,1,Reader_3_2.csv
2100,4,4,0,Reader_3_3.csv
2100,4,4,0,Reader_3_4.csv
2100,5,5,0,Reader_3_5.csv
2100,3,3,0,Reader_3_6.csv
2100,4,4,0,Reader_3_7.csv
2101,10,5,5,Reader_1_1.csv
2101,0,0,0,Reader_1_10.csv
2101,1,1,0,Reader_1_11.csv
2101,0,0,0,Reader_1_12.csv
2101,2,1,1,Reader_1_2.csv
2101,3,3,0,Reader_1_3.csv
2101,1,0,1,Reader_1_4.csv
2101,2,2,0,Reader_1_5.csv
2101,0,0,0,Reader_1_6.csv
2101,1,1,0,Reader_1_7.csv
2101,0,0,0,Reader_1_8.csv
2101,0,0,0,Reader_1_9.csv
2101,5,2,3,Reader_2_1.csv
2101,1,1,0,Reader_2_10.csv
2101,0,0,0,Reader_2_11.csv
2101,0,0,0,Reader_2_12.csv
2101,0,0,0,Reader_2_2.csv
2101,0,0,0,Reader_2_3.csv
2101,0,0,0,Reader_2_4.csv
2101,1,1,0,Reader_2_5.csv
2101,0,0,0,Reader_2_6.csv
2101,0,0,0,Reader_2_7.csv
2101,0,0,0,Reader_2_8.csv
2101,1,1,0,Reader_2_9.csv
2101,5,2,3,reader_3_1.csv
2101,5,4,1,Reader_3_2.csv
2101,5,5,0,Reader_3_3.csv
2101,5,5,0,Reader_3_4.csv
2101,4,4,0,Reader_3_5.csv
2101,2,2,0,Reader_3_6.csv
2101,3,3,0,Reader_3_7.csv
2102,8,4,4,Reader_1_1.csv
2102,0,0,0,Reader_1_10.csv
2102,1,1,0,Reader_1_11.csv
2102,0,0,0,Reader_1_12.csv
2102,2,1,1,Reader_1_2.csv
2102,3,3,0,Reader_1_3.csv
2102,1,0,1,Reader_1_4.csv
2102,2,2,0,Reader_1_5.csv
2102,0,0,0,Reader_1_6.csv
2102,1,1,0,Reader_1_7.csv
2102,0,0,0,Reader_1_8.csv
2102,0,0,0,Reader_1_9.csv
2102,4,2,2,Reader_2_1.csv
2102,0,0,0,Reader_2_10.csv
2102,0,0,0,Reader_2_11.csv
2102,0,0,0,Reader_2_12.csv
2102,0,0,0,Reader_2_2.csv
2102,0,0,0,Reader_2_3.csv
2102,0,0,0,Reader_2_4.csv
2102,1,1,0,Reader_2_5.csv
2102,0,0,0,Reader_2_6.csv
2102,0,0,0,Reader_2_7.csv
2102,0,0,0,Reader_2_8.csv
2102,1,1,0,Reader_2_9.csv
2102,5,2,3,reader_3_1.csv
2102,6,5,1,Reader_3_2.csv
2102,6,6,0,Reader_3_3.csv
2102,6,6,0,Reader_3_4.csv
2102,5,5,0,Reader_3_5.csv
2102,1,1,0,Reader_3_6.csv
2102,2,2,0,Reader_3_7.csv
2103,8,5,3,Reader_1_1.csv
2103,0,0,0,Reader_1_10.csv
2103,3,3,0,Reader_1_11.csv
2103,0,0,0,Reader_1_12.csv
2103,2,1,1,Reader_1_2.csv
2103,3,3,0,Reader_1_3.csv
2103,2,1,1,Reader_1_4.csv
2103,2,2,0,Reader_1_5.csv
2103,0,0,0,Reader_1_6.csv
2103,1,1,0,Reader_1_7.csv
2103,0,0,0,Reader_1_8.csv
2103,0,0,0,Reader_1_9.csv
2103,4,2,2,Reader_2_1.csv
2103,0,0,0,Reader_2_10.csv
2103,0,0,0,Reader_2_11.csv
2103,0,0,0,Reader_2_12.csv
2103,0,0,0,Reader_2_2.csv
2103,1,1,0,Reader_2_3.csv
2103,0,0,0,Reader_2_4.csv
2103,1,1,0,Reader_2_5.csv
2103,0,0,0,Reader_2_6.csv
2103,0,0,0,Reader_2_7.csv
2103,0,0,0,Reader_2_8.csv
2103,1,1,0,Reader_2_9.csv
2103,5,2,3,reader_3_1.csv
2103,6,5,1,Reader_3_2.csv
2103,8,8,0,Reader_3_3.csv
2103,8,8,0,Reader_3_4.csv
2103,5,5,0,Reader_3_5.csv
2103,1,1,0,Reader_3_6.csv
2103,2,2,0,Reader_3_7.csv
2104,6,4,2,Reader_1_1.csv
2104,0,0,0,Reader_1_10.csv
2104,4,4,0,Reader_1_11.csv
2104,0,0,0,Reader_1_12.csv
2104,2,1,1,Reader_1_2.csv
2104,4,3,1,Reader_1_3.csv
2104,2,1,1,Reader_1_4.csv
2104,2,2,0,Reader_1_5.csv
2104,0,0,0,Reader_1_6.csv
2104,1,1,0,Reader_1_7.csv
2104,0,0,0,Reader_1_8.csv
2104,0,0,0,Reader_1_9.csv
2104,4,2,2,Reader_2_1.csv
2104,0,0,0,Reader_2_10.csv
2104,0,0,0,Reader_2_11.csv
2104,0,0,0,Reader_2_12.csv
2104,0,0,0,Reader_2_2.csv
2104,1,1,0,Reader_2_3.csv
2104,0,0,0,Reader_2_4.csv
2104,1,1,0,Reader_2_5.csv
2104,0,0,0,Reader_2_6.csv
2104,0,0,0,Reader_2_7.csv
2104,0,0,0,Reader_2_8.csv
2104,1,1,0,Reader_2_9.csv
2104,4,1,3,reader_3_1.csv
2104,5,4,1,Reader_3_2.csv
2104,6,6,0,Reader_3_3.csv
2104,6,6,0,Reader_3_4.csv
2104,5,5,0,Reader_3_5.csv
2104,2,2,0,Reader_3_6.csv
2104,1,1,0,Reader_3_7.csv
2105,6,4,2,Reader_1_1.csv
2105,0,0,0,Reader_1_10.csv
2105,4,4,0,Reader_1_11.csv
2105,0,0,0,Reader_1_12.csv
2105,0,0,0,Reader_1_2.csv
2105,4,3,1,Reader_1_3.csv
2105,2,1,1,Reader_1_4.csv
2105,1,1,0,Reader_1_5.csv
2105,0,0,0,Reader_1_6.csv
2105,0,0,0,Reader_1_7.csv
2105,0,0,0,Reader_1_8.csv
2105,0,0,0,Reader_1_9.csv
2105,5,2,3,Reader_2_1.csv
2105,0,0,0,Reader_2_10.csv
2105,0,0,0,Reader_2_11.csv
2105,0,0,0,Reader_2_12.csv
2105,0,0,0,Reader_2_2.csv
2105,1,1,0,Reader_2_3.csv
2105,0,0,0,Reader_2_4.csv
2105,1,1,0,Reader_2_5.csv
2105,0,0,0,Reader_2_6.csv
2105,0,0,0,Reader_2_7.csv
2105,0,0,0,Reader_2_8.csv
2105,0,0,0,Reader_2_9.csv
2105,3,0,3,reader_3_1.csv
2105,6,5,1,Reader_3_2.csv
2105,6,6,0,Reader_3_3.csv
2105,6,6,0,Reader_3_4.csv
2105,5,5,0,Reader_3_5.csv
2105,2,2,0,Reader_3_6.csv
2105,1,1,0,Reader_3_7.csv
2106,4,4,0,Reader_1_1.csv
2106,0,0,0,Reader_1_10.csv
2106,3,3,0,Reader_1_11.csv
2106,0,0,0,Reader_1_12.csv
2106,0,0,0,Reader_1_2.csv
2106,4,2,2,Reader_1_3.csv
2106,2,1,1,Reader_1_4.csv
2106,1,1,0,Reader_1_5.csv
2106,0,0,0,Reader_1_6.csv
2106,0,0,0,Reader_1_7.csv
2106,0,0,0,Reader_1_8.csv
2106,0,0,0,Reader_1_9.csv
2106,3,0,3,Reader_2_1.csv
2106,0,0,0,Reader_2_10.csv
2106,0,0,0,Reader_2_11.csv
2106,0,0,0,Reader_2_12.csv
2106,0,0,0,Reader_2_2.csv
2106,1,1,0,Reader_2_3.csv
2106,0,0,0,Reader_2_4.csv
2106,1,1,0,Reader_2_5.csv
2106,0,0,0,Reader_2_6.csv
2106,1,1,0,Reader_2_7.csv
2106,0,0,0,Reader_2_8.csv
2106,0,0,0,Reader_2_9.csv
2106,4,0,4,reader_3_1.csv
2106,7,6,1,Reader_3_2.csv
2106,6,6,0,Reader_3_3.csv
2106,6,6,0,Reader_3_4.csv
2106,6,6,0,Reader_3_5.csv
2106,2,2,0,Reader_3_6.csv
2106,2,2,0,Reader_3_7.csv
2107,5,4,1,Reader_1_1.csv
2107,0,0,0,Reader_1_10.csv
2107,3,3,0,Reader_1_11.csv
2107,0,0,0,Reader_1_12.csv
2107,0,0,0,Reader_1_2.csv
2107,3,1,2,Reader_1_3.csv
2107,2,1,1,Reader_1_4.csv
2107,1,1,0,Reader_1_5.csv
2107,1,1,0,Reader_1_6.csv
2107,0,0,0,Reader_1_7.csv
2107,0,0,0,Reader_1_8.csv
2107,0,0,0,Reader_1_9.csv
2107,3,0,3,Reader_2_1.csv
2107,0,0,0,Reader_2_10.csv
2107,0,0,0,Reader_2_11.csv
2107,0,0,0,Reader_2_12.csv
2107,0,0,0,Reader_2_2.csv
2107,1,1,0,Reader_2_3.csv
2107,0,0,0,Reader_2_4.csv
2107,0,0,0,Reader_2_5.csv
2107,0,0,0,Reader_2_6.csv
2107,1,1,0,Reader_2_7.csv
2107,0,0,0,Reader_2_8.csv
2107,0,0,0,Reader_2_9.csv
2107,2,0,2,reader_3_1.csv
2107,6,6,0,Reader_3_2.csv
2107,6,6,0,Reader_3_3.csv
2107,6,6,0,Reader_3_4.csv
2107,6,6,0,Reader_3_5.csv
2107,4,4,0,Reader_3_6.csv
2107,2,2,0,Reader_3_7.csv
2108,7,6,1,Reader_1_1.csv
2108,0,0,0,Reader_1_10.csv
2108,4,4,0,Reader_1_11.csv
2108,0,0,0,Reader_1_12.csv
2108,1,0,1,Reader_1_2.csv
2108,3,1,2,Reader_1_3.csv
2108,2,1,1,Reader_1_4.csv
2108,0,0,0,Reader_1_5.csv
2108,1,1,0,Reader_1_6.csv
2108,0,0,0,Reader_1_7.csv
2108,0,0,0,Reader_1_8.csv
2108,0,0,0,Reader_1_9.csv
2108,4,1,3,Reader_2_1.csv
2108,0,0,0,Reader_2_10.csv
2108,0,0,0,Reader_2_11.csv
2108,0,0,0,Reader_2_12.csv
2108,0,0,0,Reader_2_2.csv
2108,1,1,0,Reader_2_3.csv
2108,0,0,0,Reader_2_4.csv
2108,0,0,0,Reader_2_5.csv
2108,0,0,0,Reader_2_6.csv
2108,1,1,0,Reader_2_7.csv
2108,0,0,0,Reader_2_8.csv
2108,0,0,0,Reader_2_9.csv
2108,7,4,3,reader_3_1.csv
2108,5,4,1,Reader_3_2.csv
2108,6,6,0,Reader_3_3.csv
2108,6,6,0,Reader_3_4.csv
2108,2,2,0,Reader_3_5.csv
2108,4,4,0,Reader_3_6.csv
2108,2,2,0,Reader_3_7.csv
2109,6,5,1,Reader_1_1.csv
2109,0,0,0,Reader_1_10.csv
2109,4,4,0,Reader_1_11.csv
2109,0,0,0,Reader_1_12.csv
2109,1,0,1,Reader_1_2.csv
2109,3,0,3,Reader_1_3.csv
2109,2,1,1,Reader_1_4.csv
2109,1,0,1,Reader_1_5.csv
2109,1,1,0,Reader_1_6.csv
2109,0,0,0,Reader_1_7.csv
2109,0,0,0,Reader_1_8.csv
2109,0,0,0,Reader_1_9.csv
2109,4,1,3,Reader_2_1.csv
2109,0,0,0,Reader_2_10.csv
2109,0,0,0,Reader_2_11.csv
2109,0,0,0,Reader_2_12.csv
2109,0,0,0,Reader_2_2.csv
2109,1,1,0,Reader_2_3.csv
2109,1,1,0,Reader_2_4.csv
2109,0,0,0,Reader_2_5.csv
2109,0,0,0,Reader_2_6.csv
2109,1,1,0,Reader_2_7.csv
2109,0,0,0,Reader_2_8.csv
2109,0,0,0,Reader_2_9.csv
2109,9,5,4,reader_3_1.csv
2109,5,4,1,Reader_3_2.csv
2109,6,6,0,Reader_3_3.csv
2109,6,6,0,Reader_3_4.csv
2109,2,2,0,Reader_3_5.csv
2109,4,4,0,Reader_3_6.csv
2109,2,2,0,Reader_3_7.csv
2110,7,6,1,Reader_1_1.csv
2110,0,0,0,Reader_1_10.csv
2110,4,4,0,Reader_1_11.csv
2110,0,0,0,Reader_1_12.csv
2110,1,0,1,Reader_1_2.csv
2110,4,1,3,Reader_1_3.csv
2110,2,1,1,Reader_1_4.csv
2110,1,0,1,Reader_1_5.csv
2110,1,1,0,Reader_1_6.csv
2110,0,0,0,Reader_1_7.csv
2110,0,0,0,Reader_1_8.csv
2110,0,0,0,Reader_1_9.csv
2110,3,1,2,Reader_2_1.csv
2110,0,0,0,Reader_2_10.csv
2110,0,0,0,Reader_2_11.csv
2110,0,0,0,Reader_2_12.csv
2110,0,0,0,Reader_2_2.csv
2110,1,1,0,Reader_2_3.csv
2110,1,1,0,Reader_2_4.csv
2110,0,0,0,Reader_2_5.csv
2110,0,0,0,Reader_2_6.csv
2110,1,1,0,Reader_2_7.csv
2110,0,0,0,Reader_2_8.csv
2110,0,0,0,Reader_2_9.csv
2110,11,6,5,reader_3_1.csv
2110,3,2,1,Reader_3_2.csv
2110,6,6,0,Reader_3_3.csv
2110,6,6,0,Reader_3_4.csv
2110,1,1,0,Reader_3_5.csv
2110,4,4,0,Reader_3_6.csv
2110,3,3,0,Reader_3_7.csv
2111,6,5,1,Reader_1_1.csv
2111,0,0,0,Reader_1_10.csv
2111,2,2,0,Reader_1_11.csv
2111,0,0,0,Reader_1_12.csv
2111,2,0,2,Reader_1_2.csv
2111,4,1,3,Reader_1_3.csv
2111,0,0,0,Reader_1_4.csv
2111,1,0,1,Reader_1_5.csv
2111,1,1,0,Reader_1_6.csv
2111,0,0,0,Reader_1_7.csv
2111,0,0,0,Reader_1_8.csv
2111,0,0,0,Reader_1_9.csv
2111,3,1,2,Reader_2_1.csv
2111,0,0,0,Reader_2_10.csv
2111,0,0,0,Reader_2_11.csv
2111,0,0,0,Reader_2_12.csv
2111,0,0,0,Reader_2_2.csv
2111,0,0,0,Reader_2_3.csv
2111,1,1,0,Reader_2_4.csv
2111,0,0,0,Reader_2_5.csv
2111,0,0,0,Reader_2_6.csv
2111,1,1,0,Reader_2_7.csv
2111,0,0,0,Reader_2_8.csv
2111,0,0,0,Reader_2_9.csv
2111,12,7,5,reader_3_1.csv
2111,4,3,1,Reader_3_2.csv
2111,5,4,1,Reader_3_3.csv
2111,5,4,1,Reader_3_4.csv
2111,1,1,0,Reader_3_5.csv
2111,3,3,0,Reader_3_6.csv
2111,2,2,0,Reader_3_7.csv
2112,7,6,1,Reader_1_1.csv
2112,0,0,0,Reader_1_10.csv
2112,1,1,0,Reader_1_11.csv
2112,0,0,0,Reader_1_12.csv
2112,3,0,3,Reader_1_2.csv
2112,3,1,2,Reader_1_3.csv
2112,1,1,0,Reader_1_4.csv
2112,1,0,1,Reader_1_5.csv
2112,1,1,0,Reader_1_6.csv
2112,1,0,1,Reader_1_7.csv
2112,1,1,0,Reader_1_8.csv
2112,1,0,1,Reader_1_9.csv
2112,4,2,2,Reader_2_1.csv
2112,0,0,0,Reader_2_10.csv
2112,0,0,0,Reader_2_11.csv
2112,0,0,0,Reader_2_12.csv
2112,0,0,0,Reader_2_2.csv
2112,0,0,0,Reader_2_3.csv
2112,1,1,0,Reader_2_4.csv
2112,0,0,0,Reader_2_5.csv
2112,0,0,0,Reader_2_6.csv
2112,1,1,0,Reader_2_7.csv
2112,0,0,0,Reader_2_8.csv
2112,0,0,0,Reader_2_9.csv
2112,12,7,5,reader_3_1.csv
2112,5,3,2,Reader_3_2.csv
2112,6,5,1,Reader_3_3.csv
2112,6,5,1,Reader_3_4.csv
2112,1,1,0,Reader_3_5.csv
2112,2,2,0,Reader_3_6.csv
2112,2,2,0,Reader_3_7.csv
2113,7,6,1,Reader_1_1.csv
2113,0,0,0,Reader_1_10.csv
2113,1,1,0,Reader_1_11.csv
2113,0,0,0,Reader_1_12.csv
2113,3,0,3,Reader_1_2.csv
2113,3,1,2,Reader_1_3.csv
2113,1,1,0,Reader_1_4.csv
2113,1,0,1,Reader_1_5.csv
2113,2,2,0,Reader_1_6.csv
2113,2,1,1,Reader_1_7.csv
2113,1,1,0,Reader_1_8.csv
2113,1,0,1,Reader_1_9.csv
2113,3,2,1,Reader_2_1.csv
2113,0,0,0,Reader_2_10.csv
2113,0,0,0,Reader_2_11.csv
2113,0,0,0,Reader_2_12.csv
2113,0,0,0,Reader_2_2.csv
2113,0,0,0,Reader_2_3.csv
2113,2,2,0,Reader_2_4.csv
2113,0,0,0,Reader_2_5.csv
2113,0,0,0,Reader_2_6.csv
2113,1,1,0,Reader_2_7.csv
2113,0,0,0,Reader_2_8.csv
2113,0,0,0,Reader_2_9.csv
2113,13,7,6,reader_3_1.csv
2113,4,2,2,Reader_3_2.csv
2113,6,5,1,Reader_3_3.csv
2113,6,5,1,Reader_3_4.csv
2113,1,1,0,Reader_3_5.csv
2113,2,2,0,Reader_3_6.csv
2113,2,2,0,Reader_3_7.csv
2114,8,7,1,Reader_1_1.csv
2114,0,0,0,Reader_1_10.csv
2114,1,1,0,Reader_1_11.csv
2114,0,0,0,Reader_1_12.csv
2114,3,0,3,Reader_1_2.csv
2114,2,1,1,Reader_1_3.csv
2114,1,1,0,Reader_1_4.csv
2114,1,0,1,Reader_1_5.csv
2114,2,2,0,Reader_1_6.csv
2114,2,1,1,Reader_1_7.csv
2114,1,1,0,Reader_1_8.csv
2114,1,0,1,Reader_1_9.csv
2114,2,2,0,Reader_2_1.csv
2114,0,0,0,Reader_2_10.csv
2114,0,0,0,Reader_2_11.csv
2114,0,0,0,Reader_2_12.csv
2114,0,0,0,Reader_2_2.csv
2114,0,0,0,Reader_2_3.csv
2114,2,2,0,Reader_2_4.csv
2114,0,0,0,Reader_2_5.csv
2114,0,0,0,Reader_2_6.csv
2114,0,0,0,Reader_2_7.csv
2114,0,0,0,Reader_2_8.csv
2114,0,0,0,Reader_2_9.csv
2114,14,9,5,reader_3_1.csv
2114,3,1,2,Reader_3_2.csv
2114,6,5,1,Reader_3_3.csv
2114,6,5,1,Reader_3_4.csv
2114,0,0,0,Reader_3_5.csv
2114,2,2,0,Reader_3_6.csv
2114,1,1,0,Reader_3_7.csv
2115,11,11,0,Reader_1_1.csv
2115,0,0,0,Reader_1_10.csv
2115,1,1,0,Reader_1_11.csv
2115,0,0,0,Reader_1_12.csv
2115,3,0,3,Reader_1_2.csv
2115,2,1,1,Reader_1_3.csv
2115,1,1,0,Reader_1_4.csv
2115,1,0,1,Reader_1_5.csv
2115,1,1,0,Reader_1_6.csv
2115,2,1,1,Reader_1_7.csv
2115,1,1,0,Reader_1_8.csv
2115,1,0,1,Reader_1_9.csv
2115,3,2,1,Reader_2_1.csv
2115,0,0,0,Reader_2_10.csv
2115,0,0,0,Reader_2_11.csv
2115,0,0,0,Reader_2_12.csv
2115,0,0,0,Reader_2_2.csv
2115,0,0,0,Reader_2_3.csv
2115,2,2,0,Reader_2_4.csv
2115,0,0,0,Reader_2_5.csv
2115,0,0,0,Reader_2_6.csv
2115,0,0,0,Reader_2_7.csv
2115,0,0,0,Reader_2_8.csv
2115,0,0,0,Reader_2_9.csv
2115,15,10,5,reader_3_1.csv
2115,4,2,2,Reader_3_2.csv
2115,5,4,1,Reader_3_3.csv
2115,5,4,1,Reader_3_4.csv
2115,0,0,0,Reader_3_5.csv
2115,0,0,0,Reader_3_6.csv
2115,2,2,0,Reader_3_7.csv
2116,9,9,0,Reader_1_1.csv
2116,0,0,0,Reader_1_10.csv
2116,0,0,0,Reader_1_11.csv
2116,0,0,0,Reader_1_12.csv
2116,3,1,2,Reader_1_2.csv
2116,2,1,1,Reader_1_3.csv
2116,1,1,0,Reader_1_4.csv
2116,2,0,2,Reader_1_5.csv
2116,1,1,0,Reader_1_6.csv
2116,2,1,1,Reader_1_7.csv
2116,1,1,0,Reader_1_8.csv
2116,1,0,1,Reader_1_9.csv
2116,2,1,1,Reader_2_1.csv
2116,0,0,0,Reader_2_10.csv
2116,0,0,0,Reader_2_11.csv
2116,0,0,0,Reader_2_12.csv
2116,0,0,0,Reader_2_2.csv
2116,0,0,0,Reader_2_3.csv
2116,2,2,0,Reader_2_4.csv
2116,0,0,0,Reader_2_5.csv
2116,0,0,0,Reader_2_6.csv
2116,0,0,0,Reader_2_7.csv
2116,0,0,0,Reader_2_8.csv
2116,0,0,0,Reader_2_9.csv
2116,11,7,4,reader_3_1.csv
2116,4,3,1,Reader_3_2.csv
2116,5,4,1,Reader_3_3.csv
2116,5,4,1,Reader_3_4.csv
2116,0,0,0,Reader_3_5.csv
2116,0,0,0,Reader_3_6.csv
2116,2,2,0,Reader_3_7.csv
2117,12,12,0,Reader_1_1.csv
2117,1,1,0,Reader_1_10.csv
2117,0,0,0,Reader_1_11.csv
2117,0,0,0,Reader_1_12.csv
2117,4,2,2,Reader_1_2.csv
2117,1,1,0,Reader_1_3.csv
2117,1,1,0,Reader_1_4.csv
2117,1,0,1,Reader_1_5.csv
2117,1,1,0,Reader_1_6.csv
2117,2,1,1,Reader_1_7.csv
2117,1,1,0,Reader_1_8.csv
2117,1,0,1,Reader_1_9.csv
2117,2,1,1,Reader_2_1.csv
2117,0,0,0,Reader_2_10.csv
2117,0,0,0,Reader_2_11.csv
2117,0,0,0,Reader_2_12.csv
2117,0,0,0,Reader_2_2.csv
2117,0,0,0,Reader_2_3.csv
2117,1,1,0,Reader_2_4.csv
2117,0,0,0,Reader_2_5.csv
2117,0,0,0,Reader_2_6.csv
2117,0,0,0,Reader_2_7.csv
2117,0,0,0,Reader_2_8.csv
2117,0,0,0,Reader_2_9.csv
2117,9,7,2,reader_3_1.csv
2117,4,3,1,Reader_3_2.csv
2117,5,4,1,Reader_3_3.csv
2117,5,4,1,Reader_3_4.csv
2117,0,0,0,Reader_3_5.csv
2117,0,0,0,Reader_3_6.csv
2117,2,2,0,Reader_3_7.csv
2118,11,11,0,Reader_1_1.csv
2118,1,1,0,Reader_1_10.csv
2118,0,0,0,Reader_1_11.csv
2118,1,0,1,Reader_1_12.csv
2118,6,3,3,Reader_1_2.csv
2118,0,0,0,Reader_1_3.csv
2118,1,1,0,Reader_1_4.csv
2118,1,0,1,Reader_1_5.csv
2118,1,1,0,Reader_1_6.csv
2118,2,1,1,Reader_1_7.csv
2118,2,2,0,Reader_1_8.csv
2118,1,0,1,Reader_1_9.csv
2118,3,2,1,Reader_2_1.csv
2118,0,0,0,Reader_2_10.csv
2118,0,0,0,Reader_2_11.csv
2118,0,0,0,Reader_2_12.csv
2118,0,0,0,Reader_2_2.csv
2118,0,0,0,Reader_2_3.csv
2118,1,1,0,Reader_2_4.csv
2118,0,0,0,Reader_2_5.csv
2118,0,0,0,Reader_2_6.csv
2118,0,0,0,Reader_2_7.csv
2118,0,0,0,Reader_2_8.csv
2118,1,0,1,Reader_2_9.csv
2118,8,7,1,reader_3_1.csv
2118,4,3,1,Reader_3_2.csv
2118,4,3,1,Reader_3_3.csv
2118,4,3,1,Reader_3_4.csv
2118,0,0,0,Reader_3_5.csv
2118,0,0,0,Reader_3_6.csv
2118,1,1,0,Reader_3_7.csv
2119,11,11,0,Reader_1_1.csv
2119,1,1,0,Reader_1_10.csv
2119,0,0,0,Reader_1_11.csv
2119,1,0,1,Reader_1_12.csv
2119,5,3,2,Reader_1_2.csv
2119,0,0,0,Reader_1_3.csv
2119,1,1,0,Reader_1_4.csv
2119,1,0,1,Reader_1_5.csv
2119,1,1,0,Reader_1_6.csv
2119,2,1,1,Reader_1_7.csv
2119,2,2,0,Reader_1_8.csv
2119,1,0,1,Reader_1_9.csv
2119,3,2,1,Reader_2_1.csv
2119,0,0,0,Reader_2_10.csv
2119,0,0,0,Reader_2_11.csv
2119,0,0,0,Reader_2_12.csv
2119,0,0,0,Reader_2_2.csv
2119,0,0,0,Reader_2_3.csv
2119,1,1,0,Reader_2_4.csv
2119,0,0,0,Reader_2_5.csv
2119,0,0,0,Reader_2_6.csv
2119,0,0,0,Reader_2_7.csv
2119,0,0,0,Reader_2_8.csv
2119,1,0,1,Reader_2_9.csv
2119,8,7,1,reader_3_1.csv
2119,5,3,2,Reader_3_2.csv
2119,4,4,0,Reader_3_3.csv
2119,4,4,0,Reader_3_4.csv
2119,0,0,0,Reader_3_5.csv
2119,0,0,0,Reader_3_6.csv
2119,1,1,0,Reader_3_7.csv
2120,11,11,0,Reader_1_1.csv
2120,1,1,0,Reader_1_10.csv
2120,0,0,0,Reader_1_11.csv
2120,1,0,1,Reader_1_12.csv
2120,4,3,1,Reader_1_2.csv
2120,0,0,0,Reader_1_3.csv
2120,1,1,0,Reader_1_4.csv
2120,1,0,1,Reader_1_5.csv
2120,1,1,0,Reader_1_6.csv
2120,2,1,1,Reader_1_7.csv
2120,1,1,0,Reader_1_8.csv
2120,0,0,0,Reader_1_9.csv
2120,3,1,2,Reader_2_1.csv
2120,0,0,0,Reader_2_10.csv
2120,0,0,0,Reader_2_11.csv
2120,0,0,0,Reader_2_12.csv
2120,0,0,0,Reader_2_2.csv
2120,0,0,0,Reader_2_3.csv
2120,1,1,0,Reader_2_4.csv
2120,0,0,0,Reader_2_5.csv
2120,0,0,0,Reader_2_6.csv
2120,0,0,0,Reader_2_7.csv
2120,0,0,0,Reader_2_8.csv
2120,1,0,1,Reader_2_9.csv
2120,9,8,1,reader_3_1.csv
2120,4,3,1,Reader_3_2.csv
2120,4,4,0,Reader_3_3.csv
2120,4,4,0,Reader_3_4.csv
2120,0,0,0,Reader_3_5.csv
2120,1,1,0,Reader_3_6.csv
2120,2,1,1,Reader_3_7.csv
2121,12,10,2,Reader_1_1.csv
2121,2,2,0,Reader_1_10.csv
2121,0,0,0,Reader_1_11.csv
2121,1,0,1,Reader_1_12.csv
2121,5,4,1,Reader_1_2.csv
2121,0,0,0,Reader_1_3.csv
2121,2,2,0,Reader_1_4.csv
2121,1,0,1,Reader_1_5.csv
2121,0,0,0,Reader_1_6.csv
2121,1,0,1,Reader_1_7.csv
2121,1,1,0,Reader_1_8.csv
2121,0,0,0,Reader_1_9.csv
2121,3,1,2,Reader_2_1.csv
2121,0,0,0,Reader_2_10.csv
2121,0,0,0,Reader_2_11.csv
2121,0,0,0,Reader_2_12.csv
2121,0,0,0,Reader_2_2.csv
2121,0,0,0,Reader_2_3.csv
2121,0,0,0,Reader_2_4.csv
2121,0,0,0,Reader_2_5.csv
2121,0,0,0,Reader_2_6.csv
2121,0,0,0,Reader_2_7.csv
2121,0,0,0,Reader_2_8.csv
2121,1,0,1,Reader_2_9.csv
2121,8,8,0,reader_3_1.csv
2121,4,3,1,Reader_3_2.csv
2121,4,4,0,Reader_3_3.csv
2121,4,4,0,Reader_3_4.csv
2121,0,0,0,Reader_3_5.csv
2121,1,1,0,Reader_3_6.csv
2121,2,1,1,Reader_3_7.csv
2122,10,8,2,Reader_1_1.csv
2122,2,2,0,Reader_1_10.csv
2122,0,0,0,Reader_1_11.csv
2122,1,0,1,Reader_1_12.csv
2122,6,5,1,Reader_1_2.csv
2122,0,0,0,Reader_1_3.csv
2122,2,2,0,Reader_1_4.csv
2122,1,0,1,Reader_1_5.csv
2122,0,0,0,Reader_1_6.csv
2122,1,0,1,Reader_1_7.csv
2122,1,1,0,Reader_1_8.csv
2122,0,0,0,Reader_1_9.csv
2122,3,1,2,Reader_2_1.csv
2122,0,0,0,Reader_2_10.csv
2122,1,1,0,Reader_2_11.csv
2122,0,0,0,Reader_2_12.csv
2122,0,0,0,Reader_2_2.csv
2122,0,0,0,Reader_2_3.csv
2122,0,0,0,Reader_2_4.csv
2122,0,0,0,Reader_2_5.csv
2122,0,0,0,Reader_2_6.csv
2122,0,0,0,Reader_2_7.csv
2122,0,0,0,Reader_2_8.csv
2122,1,0,1,Reader_2_9.csv
2122,7,7,0,reader_3_1.csv
2122,4,3,1,Reader_3_2.csv
2122,4,4,0,Reader_3_3.csv
2122,4,4,0,Reader_3_4.csv
2122,0,0,0,Reader_3_5.csv
2122,1,1,0,Reader_3_6.csv
2122,1,0,1,Reader_3_7.csv
2123,7,5,2,Reader_1_1.csv
2123,2,2,0,Reader_1_10.csv
2123,0,0,0,Reader_1_11.csv
2123,1,0,1,Reader_1_12.csv
2123,6,5,1,Reader_1_2.csv
2123,0,0,0,Reader_1_3.csv
2123,2,2,0,Reader_1_4.csv
2123,1,0,1,Reader_1_5.csv
2123,0,0,0,Reader_1_6.csv
2123,1,0,1,Reader_1_7.csv
2123,1,1,0,Reader_1_8.csv
2123,0,0,0,Reader_1_9.csv
2123,3,2,1,Reader_2_1.csv
2123,0,0,0,Reader_2_10.csv
2123,1,1,0,Reader_2_11.csv
2123,0,0,0,Reader_2_12.csv
2123,0,0,0,Reader_2_2.csv
2123,0,0,0,Reader_2_3.csv
2123,0,0,0,Reader_2_4.csv
2123,0,0,0,Reader_2_5.csv
2123,0,0,0,Reader_2_6.csv
2123,0,0,0,Reader_2_7.csv
2123,0,0,0,Reader_2_8.csv
2123,1,0,1,Reader_2_9.csv
2123,6,6,0,reader_3_1.csv
2123,3,2,1,Reader_3_2.csv
2123,4,4,0,Reader_3_3.csv
2123,4,4,0,Reader_3_4.csv
2123,1,1,0,Reader_3_5.csv
2123,1,1,0,Reader_3_6.csv
2123,2,1,1,Reader_3_7.csv
2124,8,6,2,Reader_1_1.csv
2124,2,2,0,Reader_1_10.csv
2124,0,0,0,Reader_1_11.csv
2124,1,0,1,Reader_1_12.csv
2124,5,4,1,Reader_1_2.csv
2124,0,0,0,Reader_1_3.csv
2124,3,3,0,Reader_1_4.csv
2124,1,1,0,Reader_1_5.csv
2124,0,0,0,Reader_1_6.csv
2124,1,0,1,Reader_1_7.csv
2124,1,1,0,Reader_1_8.csv
2124,0,0,0,Reader_1_9.csv
2124,3,2,1,Reader_2_1.csv
2124,0,0,0,Reader_2_10.csv
2124,1,1,0,Reader_2_11.csv
2124,0,0,0,Reader_2_12.csv
2124,0,0,0,Reader_2_2.csv
2124,0,0,0,Reader_2_3.csv
2124,0,0,0,Reader_2_4.csv
2124,0,0,0,Reader_2_5.csv
2124,0,0,0,Reader_2_6.csv
2124,0,0,0,Reader_2_7.csv
2124,0,0,0,Reader_2_8.csv
2124,1,0,1,Reader_2_9.csv
2124,7,7,0,reader_3_1.csv
2124,2,1,1,Reader_3_2.csv
2124,4,4,0,Reader_3_3.csv
2124,4,4,0,Reader_3_4.csv
2124,1,1,0,Reader_3_5.csv
2124,1,1,0,Reader_3_6.csv
2124,2,1,1,Reader_3_7.csv
2125,5,3,2,Reader_1_1.csv
2125,1,1,0,Reader_1_10.csv
2125,0,0,0,Reader_1_11.csv
2125,1,0,1,Reader_1_12.csv
2125,4,3,1,Reader_1_2.csv
2125,0,0,0,Reader_1_3.csv
2125,4,4,0,Reader_1_4.csv
2125,1,1,0,Reader_1_5.csv
2125,0,0,0,Reader_1_6.csv
2125,1,0,1,Reader_1_7.csv
2125,1,1,0,Reader_1_8.csv
2125,0,0,0,Reader_1_9.csv
2125,3,2,1,Reader_2_1.csv
2125,0,0,0,Reader_2_10.csv
2125,1,1,0,Reader_2_11.csv
2125,0,0,0,Reader_2_12.csv
2125,0,0,0,Reader_2_2.csv
2125,0,0,0,Reader_2_3.csv
2125,0,0,0,Reader_2_4.csv
2125,0,0,0,Reader_2_5.csv
2125,0,0,0,Reader_2_6.csv
2125,0,0,0,Reader_2_7.csv
2125,0,0,0,Reader_2_8.csv
2125,2,1,1,Reader_2_9.csv
2125,6,6,0,reader_3_1.csv
2125,2,1,1,Reader_3_2.csv
2125,4,4,0,Reader_3_3.csv
2125,4,4,0,Reader_3_4.csv
2125,1,1,0,Reader_3_5.csv
2125,2,2,0,Reader_3_6.csv
2125,2,1,1,Reader_3_7.csv
2126,6,3,3,Reader_1_1.csv
2126,1,1,0,Reader_1_10.csv
2126,0,0,0,Reader_1_11.csv
2126,0,0,0,Reader_1_12.csv
2126,2,2,0,Reader_1_2.csv
2126,0,0,0,Reader_1_3.csv
2126,4,4,0,Reader_1_4.csv
2126,1,1,0,Reader_1_5.csv
2126,0,0,0,Reader_1_6.csv
2126,2,1,1,Reader_1_7.csv
2126,0,0,0,Reader_1_8.csv
2126,0,0,0,Reader_1_9.csv
2126,2,1,1,Reader_2_1.csv
2126,0,0,0,Reader_2_10.csv
2126,1,1,0,Reader_2_11.csv
2126,0,0,0,Reader_2_12.csv
2126,0,0,0,Reader_2_2.csv
2126,0,0,0,Reader_2_3.csv
2126,0,0,0,Reader_2_4.csv
2126,0,0,0,Reader_2_5.csv
2126,0,0,0,Reader_2_6.csv
2126,0,0,0,Reader_2_7.csv
2126,0,0,0,Reader_2_8.csv
2126,1,1,0,Reader_2_9.csv
2126,5,5,0,reader_3_1.csv
2126,2,1,1,Reader_3_2.csv
2126,5,5,0,Reader_3_3.csv
2126,5,5,0,Reader_3_4.csv
2126,1,1,0,Reader_3_5.csv
2126,2,2,0,Reader_3_6.csv
2126,2,1,1,Reader_3_7.csv
2127,8,5,3,Reader_1_1.csv
2127,1,1,0,Reader_1_10.csv
2127,0,0,0,Reader_1_11.csv
2127,0,0,0,Reader_1_12.csv
2127,3,2,1,Reader_1_2.csv
2127,0,0,0,Reader_1_3.csv
2127,4,4,0,Reader_1_4.csv
2127,1,1,0,Reader_1_5.csv
2127,0,0,0,Reader_1_6.csv
2127,2,1,1,Reader_1_7.csv
2127,0,0,0,Reader_1_8.csv
2127,0,0,0,Reader_1_9.csv
2127,2,1,1,Reader_2_1.csv
2127,0,0,0,Reader_2_10.csv
2127,1,1,0,Reader_2_11.csv
2127,0,0,0,Reader_2_12.csv
2127,0,0,0,Reader_2_2.csv
2127,0,0,0,Reader_2_3.csv
2127,0,0,0,Reader_2_4.csv
2127,0,0,0,Reader_2_5.csv
2127,0,0,0,Reader_2_6.csv
2127,0,0,0,Reader_2_7.csv
2127,0,0,0,Reader_2_8.csv
2127,2,1,1,Reader_2_9.csv
2127,4,4,0,reader_3_1.csv
2127,1,0,1,Reader_3_2.csv
2127,6,5,1,Reader_3_3.csv
2127,6,5,1,Reader_3_4.csv
2127,1,1,0,Reader_3_5.csv
2127,2,2,0,Reader_3_6.csv
2127,2,1,1,Reader_3_7.csv
2128,9,5,4,Reader_1_1.csv
2128,1,1,0,Reader_1_10.csv
2128,0,0,0,Reader_1_11.csv
2128,0,0,0,Reader_1_12.csv
2128,3,2,1,Reader_1_2.csv
2128,0,0,0,Reader_1_3.csv
2128,3,3,0,Reader_1_4.csv
2128,2,1,1,Reader_1_5.csv
2128,0,0,0,Reader_1_6.csv
2128,2,2,0,Reader_1_7.csv
2128,0,0,0,Reader_1_8.csv
2128,0,0,0,Reader_1_9.csv
2128,1,1,0,Reader_2_1.csv
2128,0,0,0,Reader_2_10.csv
2128,1,1,0,Reader_2_11.csv
2128,0,0,0,Reader_2_12.csv
2128,1,1,0,Reader_2_2.csv
2128,0,0,0,Reader_2_3.csv
2128,0,0,0,Reader_2_4.csv
2128,0,0,0,Reader_2_5.csv
2128,0,0,0,Reader_2_6.csv
2128,0,0,0,Reader_2_7.csv
2128,1,1,0,Reader_2_8.csv
2128,2,1,1,Reader_2_9.csv
2128,3,3,0,reader_3_1.csv
2128,1,0,1,Reader_3_2.csv
2128,6,5,1,Reader_3_3.csv
2128,6,5,1,Reader_3_4.csv
2128,2,2,0,Reader_3_5.csv
2128,1,1,0,Reader_3_6.csv
2128,2,1,1,Reader_3_7.csv
2129,8,6,2,Reader_1_1.csv
2129,0,0,0,Reader_1_10.csv
2129,1,1,0,Reader_1_11.csv
2129,0,0,0,Reader_1_12.csv
2129,2,1,1,Reader_1_2.csv
2129,1,1,0,Reader_1_3.csv
2129,2,2,0,Reader_1_4.csv
2129,2,1,1,Reader_1_5.csv
2129,0,0,0,Reader_1_6.csv
2129,3,2,1,Reader_1_7.csv
2129,0,0,0,Reader_1_8.csv
2129,0,0,0,Reader_1_9.csv
2129,1,1,0,Reader_2_1.csv
2129,0,0,0,Reader_2_10.csv
2129,1,1,0,Reader_2_11.csv
2129,0,0,0,Reader_2_12.csv
2129,1,1,0,Reader_2_2.csv
2129,0,0,0,Reader_2_3.csv
2129,0,0,0,Reader_2_4.csv
2129,0,0,0,Reader_2_5.csv
2129,0,0,0,Reader_2_6.csv
2129,0,0,0,Reader_2_7.csv
2129,1,1,0,Reader_2_8.csv
2129,4,1,3,Reader_2_9.csv
2129,3,3,0,reader_3_1.csv
2129,1,0,1,Reader_3_2.csv
2129,6,5,1,Reader_3_3.csv
2129,6,5,1,Reader_3_4.csv
2129,2,2,0,Reader_3_5.csv
2129,2,2,0,Reader_3_6.csv
2129,4,2,2,Reader_3_7.csv
2130,9,6,3,Reader_1_1.csv
2130,0,0,0,Reader_1_10.csv
2130,1,1,0,Reader_1_11.csv
2130,0,0,0,Reader_1_12.csv
2130,1,0,1,Reader_1_2.csv
2130,1,1,0,Reader_1_3.csv
2130,2,2,0,Reader_1_4.csv
2130,2,1,1,Reader_1_5.csv
2130,0,0,0,Reader_1_6.csv
2130,3,2,1,Reader_1_7.csv
2130,0,0,0,Reader_1_8.csv
2130,1,1,0,Reader_1_9.csv
2130,1,1,0,Reader_2_1.csv
2130,0,0,0,Reader_2_10.csv
2130,0,0,0,Reader_2_11.csv
2130,0,0,0,Reader_2_12.csv
2130,2,1,1,Reader_2_2.csv
2130,0,0,0,Reader_2_3.csv
2130,0,0,0,Reader_2_4.csv
2130,0,0,0,Reader_2_5.csv
2130,0,0,0,Reader_2_6.csv
2130,0,0,0,Reader_2_7.csv
2130,1,1,0,Reader_2_8.csv
2130,4,1,3,Reader_2_9.csv
2130,3,2,1,reader_3_1.csv
2130,2,1,1,Reader_3_2.csv
2130,6,5,1,Reader_3_3.csv
2130,6,5,1,Reader_3_4.csv
2130,2,2,0,Reader_3_5.csv
2130,2,2,0,Reader_3_6.csv
2130,5,3,2,Reader_3_7.csv
2131,9,5,4,Reader_1_1.csv
2131,0,0,0,Reader_1_10.csv
2131,1,1,0,Reader_1_11.csv
2131,0,0,0,Reader_1_12.csv
2131,1,0,1,Reader_1_2.csv
2131,1,1,0,Reader_1_3.csv
2131,2,2,0,Reader_1_4.csv
2131,2,1,1,Reader_1_5.csv
2131,0,0,0,Reader_1_6.csv
2131,3,2,1,Reader_1_7.csv
2131,0,0,0,Reader_1_8.csv
2131,1,1,0,Reader_1_9.csv
2131,0,0,0,Reader_2_1.csv
2131,0,0,0,Reader_2_10.csv
2131,0,0,0,Reader_2_11.csv
2131,0,0,0,Reader_2_12.csv
2131,2,1,1,Reader_2_2.csv
2131,0,0,0,Reader_2_3.csv
2131,0,0,0,Reader_2_4.csv
2131,0,0,0,Reader_2_5.csv
2131,0,0,0,Reader_2_6.csv
2131,0,0,0,Reader_2_7.csv
2131,1,1,0,Reader_2_8.csv
2131,4,1,3,Reader_2_9.csv
2131,4,3,1,reader_3_1.csv
2131,4,3,1,Reader_3_2.csv
2131,9,4,5,Reader_3_3.csv
2131,9,4,5,Reader_3_4.csv
2131,1,1,0,Reader_3_5.csv
2131,2,2,0,Reader_3_6.csv
2131,5,2,3,Reader_3_7.csv
2132,11,7,4,Reader_1_1.csv
2132,0,0,0,Reader_1_10.csv
2132,1,1,0,Reader_1_11.csv
2132,0,0,0,Reader_1_12.csv
2132,1,0,1,Reader_1_2.csv
2132,1,1,0,Reader_1_3.csv
2132,1,1,0,Reader_1_4.csv
2132,2,0,2,Reader_1_5.csv
2132,0,0,0,Reader_1_6.csv
2132,4,3,1,Reader_1_7.csv
2132,0,0,0,Reader_1_8.csv
2132,1,1,0,Reader_1_9.csv
2132,0,0,0,Reader_2_1.csv
2132,0,0,0,Reader_2_10.csv
2132,0,0,0,Reader_2_11.csv
2132,0,0,0,Reader_2_12.csv
2132,2,1,1,Reader_2_2.csv
2132,0,0,0,Reader_2_3.csv
2132,0,0,0,Reader_2_4.csv
2132,0,0,0,Reader_2_5.csv
2132,0,0,0,Reader_2_6.csv
2132,0,0,0,Reader_2_7.csv
2132,1,1,0,Reader_2_8.csv
2132,4,1,3,Reader_2_9.csv
2132,3,1,2,reader_3_1.csv
2132,5,4,1,Reader_3_2.csv
2132,9,4,5,Reader_3_3.csv
2132,9,4,5,Reader_3_4.csv
2132,1,1,0,Reader_3_5.csv
2132,3,3,0,Reader_3_6.csv
2132,6,2,4,Reader_3_7.csv
2133,11,7,4,Reader_1_1.csv
2133,1,1,0,Reader_1_10.csv
2133,1,1,0,Reader_1_11.csv
2133,0,0,0,Reader_1_12.csv
2133,1,0,1,Reader_1_2.csv
2133,1,1,0,Reader_1_3.csv
2133,0,0,0,Reader_1_4.csv
2133,2,0,2,Reader_1_5.csv
2133,0,0,0,Reader_1_6.csv
2133,5,3,2,Reader_1_7.csv
2133,0,0,0,Reader_1_8.csv
2133,1,1,0,Reader_1_9.csv
2133,0,0,0,Reader_2_1.csv
2133,0,0,0,Reader_2_10.csv
2133,1,1,0,Reader_2_11.csv
2133,0,0,0,Reader_2_12.csv
2133,2,1,1,Reader_2_2.csv
2133,0,0,0,Reader_2_3.csv
2133,0,0,0,Reader_2_4.csv
2133,0,0,0,Reader_2_5.csv
2133,0,0,0,Reader_2_6.csv
2133,0,0,0,Reader_2_7.csv
2133,1,1,0,Reader_2_8.csv
2133,3,0,3,Reader_2_9.csv
2133,6,3,3,reader_3_1.csv
2133,5,4,1,Reader_3_2.csv
2133,12,4,8,Reader_3_3.csv
2133,12,4,8,Reader_3_4.csv
2133,3,3,0,Reader_3_5.csv
2133,2,2,0,Reader_3_6.csv
2133,7,3,4,Reader_3_7.csv
2134,11,8,3,Reader_1_1.csv
2134,1,1,0,Reader_1_10.csv
2134,1,1,0,Reader_1_11.csv
2134,0,0,0,Reader_1_12.csv
2134,1,0,1,Reader_1_2.csv
2134,2,2,0,Reader_1_3.csv
2134,0,0,0,Reader_1_4.csv
2134,2,0,2,Reader_1_5.csv
2134,0,0,0,Reader_1_6.csv
2134,4,2,2,Reader_1_7.csv
2134,0,0,0,Reader_1_8.csv
2134,2,2,0,Reader_1_9.csv
2134,0,0,0,Reader_2_1.csv
2134,0,0,0,Reader_2_10.csv
2134,1,1,0,Reader_2_11.csv
2134,0,0,0,Reader_2_12.csv
2134,2,1,1,Reader_2_2.csv
2134,0,0,0,Reader_2_3.csv
2134,0,0,0,Reader_2_4.csv
2134,0,0,0,Reader_2_5.csv
2134,0,0,0,Reader_2_6.csv
2134,0,0,0,Reader_2_7.csv
2134,1,1,0,Reader_2_8.csv
2134,3,0,3,Reader_2_9.csv
2134,7,4,3,reader_3_1.csv
2134,6,5,1,Reader_3_2.csv
2134,12,4,8,Reader_3_3.csv
2134,12,4,8,Reader_3_4.csv
2134,4,4,0,Reader_3_5.csv
2134,2,2,0,Reader_3_6.csv
2134,7,3,4,Reader_3_7.csv
2135,10,7,3,Reader_1_1.csv
2135,1,1,0,Reader_1_10.csv
2135,1,1,0,Reader_1_11.csv
2135,0,0,0,Reader_1_12.csv
2135,0,0,0,Reader_1_2.csv
2135,3,3,0,Reader_1_3.csv
2135,0,0,0,Reader_1_4.csv
2135,2,0,2,Reader_1_5.csv
2135,0,0,0,Reader_1_6.csv
2135,4,2,2,Reader_1_7.csv
2135,0,0,0,Reader_1_8.csv
2135,2,2,0,Reader_1_9.csv
2135,0,0,0,Reader_2_1.csv
2135,0,0,0,Reader_2_10.csv
2135,1,1,0,Reader_2_11.csv
2135,0,0,0,Reader_2_12.csv
2135,2,1,1,Reader_2_2.csv
2135,0,0,0,Reader_2_3.csv
2135,0,0,0,Reader_2_4.csv
2135,0,0,0,Reader_2_5.csv
2135,0,0,0,Reader_2_6.csv
2135,0,0,0,Reader_2_7.csv
2135,1,1,0,Reader_2_8.csv
2135,2,0,2,Reader_2_9.csv
2135,7,4,3,reader_3_1.csv
2135,5,5,0,Reader_3_2.csv
2135,11,3,8,Reader_3_3.csv
2135,11,3,8,Reader_3_4.csv
2135,5,5,0,Reader_3_5.csv
2135,3,3,0,Reader_3_6.csv
2135,7,3,4,Reader_3_7.csv
2136,10,8,2,Reader_1_1.csv
2136,1,1,0,Reader_1_10.csv
2136,1,1,0,Reader_1_11.csv
2136,0,0,0,Reader_1_12.csv
2136,0,0,0,Reader_1_2.csv
2136,3,3,0,Reader_1_3.csv
2136,0,0,0,Reader_1_4.csv
2136,1,0,1,Reader_1_5.csv
2136,0,0,0,Reader_1_6.csv
2136,3,1,2,Reader_1_7.csv
2136,0,0,0,Reader_1_8.csv
2136,2,2,0,Reader_1_9.csv
2136,0,0,0,Reader_2_1.csv
2136,0,0,0,Reader_2_10.csv
2136,1,1,0,Reader_2_11.csv
2136,0,0,0,Reader_2_12.csv
2136,1,0,1,Reader_2_2.csv
2136,0,0,0,Reader_2_3.csv
2136,0,0,0,Reader_2_4.csv
2136,0,0,0,Reader_2_5.csv
2136,0,0,0,Reader_2_6.csv
2136,0,0,0,Reader_2_7.csv
2136,0,0,0,Reader_2_8.csv
2136,2,0,2,Reader_2_9.csv
2136,8,4,4,reader_3_1.csv
2136,5,5,0,Reader_3_2.csv
2136,11,3,8,Reader_3_3.csv
2136,11,3,8,Reader_3_4.csv
2136,5,5,0,Reader_3_5.csv
2136,3,3,0,Reader_3_6.csv
2136,7,4,3,Reader_3_7.csv
2137,10,7,3,Reader_1_1.csv
2137,1,1,0,Reader_1_10.csv
2137,0,0,0,Reader_1_11.csv
2137,0,0,0,Reader_1_12.csv
2137,0,0,0,Reader_1_2.csv
2137,2,2,0,Reader_1_3.csv
2137,0,0,0,Reader_1_4.csv
2137,1,0,1,Reader_1_5.csv
2137,1,1,0,Reader_1_6.csv
2137,2,1,1,Reader_1_7.csv
2137,1,0,1,Reader_1_8.csv
2137,2,2,0,Reader_1_9.csv
2137,0,0,0,Reader_2_1.csv
2137,0,0,0,Reader_2_10.csv
2137,1,1,0,Reader_2_11.csv
2137,0,0,0,Reader_2_12.csv
2137,1,0,1,Reader_2_2.csv
2137,0,0,0,Reader_2_3.csv
2137,0,0,0,Reader_2_4.csv
2137,0,0,0,Reader_2_5.csv
2137,0,0,0,Reader_2_6.csv
2137,0,0,0,Reader_2_7.csv
2137,0,0,0,Reader_2_8.csv
2137,0,0,0,Reader_2_9.csv
2137,8,4,4,reader_3_1.csv
2137,6,6,0,Reader_3_2.csv
2137,12,4,8,Reader_3_3.csv
2137,12,4,8,Reader_3_4.csv
2137,5,5,0,Reader_3_5.csv
2137,2,2,0,Reader_3_6.csv
2137,6,4,2,Reader_3_7.csv
2138,11,8,3,Reader_1_1.csv
2138,1,1,0,Reader_1_10.csv
2138,0,0,0,Reader_1_11.csv
2138,0,0,0,Reader_1_12.csv
2138,0,0,0,Reader_1_2.csv
2138,2,2,0,Reader_1_3.csv
2138,0,0,0,Reader_1_4.csv
2138,2,0,2,Reader_1_5.csv
2138,1,1,0,Reader_1_6.csv
2138,2,1,1,Reader_1_7.csv
2138,1,0,1,Reader_1_8.csv
2138,1,1,0,Reader_1_9.csv
2138,0,0,0,Reader_2_1.csv
2138,0,0,0,Reader_2_10.csv
2138,1,1,0,Reader_2_11.csv
2138,0,0,0,Reader_2_12.csv
2138,0,0,0,Reader_2_2.csv
2138,0,0,0,Reader_2_3.csv
2138,0,0,0,Reader_2_4.csv
2138,0,0,0,Reader_2_5.csv
2138,0,0,0,Reader_2_6.csv
2138,0,0,0,Reader_2_7.csv
2138,0,0,0,Reader_2_8.csv
2138,1,0,1,Reader_2_9.csv
2138,8,4,4,reader_3_1.csv
2138,5,5,0,Reader_3_2.csv
2138,12,4,8,Reader_3_3.csv
2138,12,4,8,Reader_3_4.csv
2138,6,6,0,Reader_3_5.csv
2138,3,3,0,Reader_3_6.csv
2138,5,3,2,Reader_3_7.csv
2139,12,9,3,Reader_1_1.csv
2139,1,1,0,Reader_1_10.csv
2139,0,0,0,Reader_1_11.csv
2139,1,0,1,Reader_1_12.csv
2139,0,0,0,Reader_1_2.csv
2139,2,2,0,Reader_1_3.csv
2139,0,0,0,Reader_1_4.csv
2139,2,0,2,Reader_1_5.csv
2139,1,1,0,Reader_1_6.csv
2139,3,2,1,Reader_1_7.csv
2139,1,0,1,Reader_1_8.csv
2139,1,1,0,Reader_1_9.csv
2139,0,0,0,Reader_2_1.csv
2139,0,0,0,Reader_2_10.csv
2139,1,1,0,Reader_2_11.csv
2139,0,0,0,Reader_2_12.csv
2139,0,0,0,Reader_2_2.csv
2139,0,0,0,Reader_2_3.csv
2139,0,0,0,Reader_2_4.csv
2139,0,0,0,Reader_2_5.csv
2139,0,0,0,Reader_2_6.csv
2139,0,0,0,Reader_2_7.csv
2139,0,0,0,Reader_2_8.csv
2139,1,0,1,Reader_2_9.csv
2139,7,3,4,reader_3_1.csv
2139,5,4,1,Reader_3_2.csv
2139,8,4,4,Reader_3_3.csv
2139,8,4,4,Reader_3_4.csv
2139,6,6,0,Reader_3_5.csv
2139,3,3,0,Reader_3_6.csv
2139,6,5,1,Reader_3_7.csv
2140,10,7,3,Reader_1_1.csv
2140,1,1,0,Reader_1_10.csv
2140,0,0,0,Reader_1_11.csv
2140,1,0,1,Reader_1_12.csv
2140,0,0,0,Reader_1_2.csv
2140,3,3,0,Reader_1_3.csv
2140,1,1,0,Reader_1_4.csv
2140,1,0,1,Reader_1_5.csv
2140,1,1,0,Reader_1_6.csv
2140,2,1,1,Reader_1_7.csv
2140,1,0,1,Reader_1_8.csv
2140,1,1,0,Reader_1_9.csv
2140,0,0,0,Reader_2_1.csv
2140,0,0,0,Reader_2_10.csv
2140,1,1,0,Reader_2_11.csv
2140,0,0,0,Reader_2_12.csv
2140,0,0,0,Reader_2_2.csv
2140,0,0,0,Reader_2_3.csv
2140,0,0,0,Reader_2_4.csv
2140,0,0,0,Reader_2_5.csv
2140,0,0,0,Reader_2_6.csv
2140,0,0,0,Reader_2_7.csv
2140,0,0,0,Reader_2_8.csv
2140,1,0,1,Reader_2_9.csv
2140,6,3,3,reader_3_1.csv
2140,7,5,2,Reader_3_2.csv
2140,8,4,4,Reader_3_3.csv
2140,8,4,4,Reader_3_4.csv
2140,6,6,0,Reader_3_5.csv
2140,2,2,0,Reader_3_6.csv
2140,6,6,0,Reader_3_7.csv
2141,11,8,3,Reader_1_1.csv
2141,0,0,0,Reader_1_10.csv
2141,0,0,0,Reader_1_11.csv
2141,1,0,1,Reader_1_12.csv
2141,0,0,0,Reader_1_2.csv
2141,3,3,0,Reader_1_3.csv
2141,1,1,0,Reader_1_4.csv
2141,1,0,1,Reader_1_5.csv
2141,1,1,0,Reader_1_6.csv
2141,1,1,0,Reader_1_7.csv
2141,1,0,1,Reader_1_8.csv
2141,1,1,0,Reader_1_9.csv
2141,0,0,0,Reader_2_1.csv
2141,0,0,0,Reader_2_10.csv
2141,0,0,0,Reader_2_11.csv
2141,0,0,0,Reader_2_12.csv
2141,0,0,0,Reader_2_2.csv
2141,0,0,0,Reader_2_3.csv
2141,1,0,1,Reader_2_4.csv
2141,0,0,0,Reader_2_5.csv
2141,0,0,0,Reader_2_6.csv
2141,0,0,0,Reader_2_7.csv
2141,0,0,0,Reader_2_8.csv
2141,1,0,1,Reader_2_9.csv
2141,6,2,4,reader_3_1.csv
2141,9,7,2,Reader_3_2.csv
2141,5,4,1,Reader_3_3.csv
2141,5,4,1,Reader_3_4.csv
2141,5,5,0,Reader_3_5.csv
2141,2,2,0,Reader_3_6.csv
2141,6,6,0,Reader_3_7.csv
2142,13,9,4,Reader_1_1.csv
2142,0,0,0,Reader_1_10.csv
2142,0,0,0,Reader_1_11.csv
2142,1,0,1,Reader_1_12.csv
2142,0,0,0,Reader_1_2.csv
2142,2,2,0,Reader_1_3.csv
2142,1,1,0,Reader_1_4.csv
2142,1,0,1,Reader_1_5.csv
2142,1,1,0,Reader_1_6.csv
2142,1,1,0,Reader_1_7.csv
2142,1,0,1,Reader_1_8.csv
2142,0,0,0,Reader_1_9.csv
2142,0,0,0,Reader_2_1.csv
2142,0,0,0,Reader_2_10.csv
2142,0,0,0,Reader_2_11.csv
2142,0,0,0,Reader_2_12.csv
2142,0,0,0,Reader_2_2.csv
2142,0,0,0,Reader_2_3.csv
2142,1,0,1,Reader_2_4.csv
2142,0,0,0,Reader_2_5.csv
2142,0,0,0,Reader_2_6.csv
2142,0,0,0,Reader_2_7.csv
2142,0,0,0,Reader_2_8.csv
2142,1,0,1,Reader_2_9.csv
2142,6,2,4,reader_3_1.csv
2142,8,6,2,Reader_3_2.csv
2142,4,3,1,Reader_3_3.csv
2142,4,3,1,Reader_3_4.csv
2142,4,4,0,Reader_3_5.csv
2142,2,2,0,Reader_3_6.csv
2142,6,6,0,Reader_3_7.csv
2143,13,8,5,Reader_1_1.csv
2143,0,0,0,Reader_1_10.csv
2143,0,0,0,Reader_1_11.csv
2143,1,0,1,Reader_1_12.csv
2143,0,0,0,Reader_1_2.csv
2143,1,1,0,Reader_1_3.csv
2143,1,1,0,Reader_1_4.csv
2143,2,0,2,Reader_1_5.csv
2143,1,1,0,Reader_1_6.csv
2143,1,1,0,Reader_1_7.csv
2143,1,0,1,Reader_1_8.csv
2143,0,0,0,Reader_1_9.csv
2143,0,0,0,Reader_2_1.csv
2143,0,0,0,Reader_2_10.csv
2143,0,0,0,Reader_2_11.csv
2143,0,0,0,Reader_2_12.csv
2143,1,1,0,Reader_2_2.csv
2143,0,0,0,Reader_2_3.csv
2143,1,0,1,Reader_2_4.csv
2143,0,0,0,Reader_2_5.csv
2143,0,0,0,Reader_2_6.csv
2143,0,0,0,Reader_2_7.csv
2143,0,0,0,Reader_2_8.csv
2143,1,0,1,Reader_2_9.csv
2143,9,4,5,reader_3_1.csv
2143,10,8,2,Reader_3_2.csv
2143,4,4,0,Reader_3_3.csv
2143,4,4,0,Reader_3_4.csv
2143,3,3,0,Reader_3_5.csv
2143,1,1,0,Reader_3_6.csv
2143,7,7,0,Reader_3_7.csv
2144,11,6,5,Reader_1_1.csv
2144,0,0,0,Reader_1_10.csv
2144,0,0,0,Reader_1_11.csv
2144,1,0,1,Reader_1_12.csv
2144,0,0,0,Reader_1_2.csv
2144,1,1,0,Reader_1_3.csv
2144,1,1,0,Reader_1_4.csv
2144,3,1,2,Reader_1_5.csv
2144,2,2,0,Reader_1_6.csv
2144,1,1,0,Reader_1_7.csv
2144,1,0,1,Reader_1_8.csv
2144,0,0,0,Reader_1_9.csv
2144,0,0,0,Reader_2_1.csv
2144,0,0,0,Reader_2_10.csv
2144,0,0,0,Reader_2_11.csv
2144,0,0,0,Reader_2_12.csv
2144,1,1,0,Reader_2_2.csv
2144,0,0,0,Reader_2_3.csv
2144,1,0,1,Reader_2_4.csv
2144,0,0,0,Reader_2_5.csv
2144,0,0,0,Reader_2_6.csv
2144,0,0,0,Reader_2_7.csv
2144,0,0,0,Reader_2_8.csv
2144,1,0,1,Reader_2_9.csv
2144,9,4,5,reader_3_1.csv
2144,11,9,2,Reader_3_2.csv
2144,7,7,0,Reader_3_3.csv
2144,7,7,0,Reader_3_4.csv
2144,2,2,0,Reader_3_5.csv
2144,1,1,0,Reader_3_6.csv
2144,7,7,0,Reader_3_7.csv
2145,12,6,6,Reader_1_1.csv
2145,0,0,0,Reader_1_10.csv
2145,0,0,0,Reader_1_11.csv
2145,1,0,1,Reader_1_12.csv
2145,0,0,0,Reader_1_2.csv
2145,1,1,0,Reader_1_3.csv
2145,1,1,0,Reader_1_4.csv
2145,3,1,2,Reader_1_5.csv
2145,1,1,0,Reader_1_6.csv
2145,1,1,0,Reader_1_7.csv
2145,0,0,0,Reader_1_8.csv
2145,0,0,0,Reader_1_9.csv
2145,0,0,0,Reader_2_1.csv
2145,0,0,0,Reader_2_10.csv
2145,0,0,0,Reader_2_11.csv
2145,0,0,0,Reader_2_12.csv
2145,1,1,0,Reader_2_2.csv
2145,0,0,0,Reader_2_3.csv
2145,1,0,1,Reader_2_4.csv
2145,0,0,0,Reader_2_5.csv
2145,0,0,0,Reader_2_6.csv
2145,0,0,0,Reader_2_7.csv
2145,1,0,1,Reader_2_8.csv
2145,2,0,2,Reader_2_9.csv
2145,15,8,7,reader_3_1.csv
2145,11,9,2,Reader_3_2.csv
2145,6,6,0,Reader_3_3.csv
2145,6,6,0,Reader_3_4.csv
2145,3,3,0,Reader_3_5.csv
2145,1,1,0,Reader_3_6.csv
2145,6,6,0,Reader_3_7.csv
2146,10,5,5,Reader_1_1.csv
2146,0,0,0,Reader_1_10.csv
2146,0,0,0,Reader_1_11.csv
2146,1,0,1,Reader_1_12.csv
2146,0,0,0,Reader_1_2.csv
2146,1,1,0,Reader_1_3.csv
2146,1,1,0,Reader_1_4.csv
2146,2,1,1,Reader_1_5.csv
2146,1,1,0,Reader_1_6.csv
2146,1,1,0,Reader_1_7.csv
2146,0,0,0,Reader_1_8.csv
2146,0,0,0,Reader_1_9.csv
2146,0,0,0,Reader_2_1.csv
2146,0,0,0,Reader_2_10.csv
2146,0,0,0,Reader_2_11.csv
2146,0,0,0,Reader_2_12.csv
2146,1,1,0,Reader_2_2.csv
2146,0,0,0,Reader_2_3.csv
2146,1,0,1,Reader_2_4.csv
2146,0,0,0,Reader_2_5.csv
2146,0,0,0,Reader_2_6.csv
2146,0,0,0,Reader_2_7.csv
2146,1,0,1,Reader_2_8.csv
2146,2,1,1,Reader_2_9.csv
2146,14,8,6,reader_3_1.csv
2146,13,9,4,Reader_3_2.csv
2146,6,6,0,Reader_3_3.csv
2146,6,6,0,Reader_3_4.csv
2146,3,3,0,Reader_3_5.csv
2146,0,0,0,Reader_3_6.csv
2146,7,7,0,Reader_3_7.csv
2147,9,5,4,Reader_1_1.csv
2147,0,0,0,Reader_1_10.csv
2147,0,0,0,Reader_1_11.csv
2147,0,0,0,Reader_1_12.csv
2147,0,0,0,Reader_1_2.csv
2147,2,1,1,Reader_1_3.csv
2147,1,1,0,Reader_1_4.csv
2147,3,2,1,Reader_1_5.csv
2147,1,1,0,Reader_1_6.csv
2147,0,0,0,Reader_1_7.csv
2147,0,0,0,Reader_1_8.csv
2147,0,0,0,Reader_1_9.csv
2147,0,0,0,Reader_2_1.csv
2147,0,0,0,Reader_2_10.csv
2147,0,0,0,Reader_2_11.csv
2147,0,0,0,Reader_2_12.csv
2147,1,1,0,Reader_2_2.csv
2147,0,0,0,Reader_2_3.csv
2147,1,0,1,Reader_2_4.csv
2147,0,0,0,Reader_2_5.csv
2147,0,0,0,Reader_2_6.csv
2147,0,0,0,Reader_2_7.csv
2147,1,0,1,Reader_2_8.csv
2147,2,1,1,Reader_2_9.csv
2147,15,8,7,reader_3_1.csv
2147,13,9,4,Reader_3_2.csv
2147,6,6,0,Reader_3_3.csv
2147,6,6,0,Reader_3_4.csv
2147,3,3,0,Reader_3_5.csv
2147,0,0,0,Reader_3_6.csv
2147,5,5,0,Reader_3_7.csv
2148,8,4,4,Reader_1_1.csv
2148,0,0,0,Reader_1_10.csv
2148,0,0,0,Reader_1_11.csv
2148,0,0,0,Reader_1_12.csv
2148,0,0,0,Reader_1_2.csv
2148,2,1,1,Reader_1_3.csv
2148,0,0,0,Reader_1_4.csv
2148,3,2,1,Reader_1_5.csv
2148,1,1,0,Reader_1_6.csv
2148,0,0,0,Reader_1_7.csv
2148,0,0,0,Reader_1_8.csv
2148,0,0,0,Reader_1_9.csv
2148,1,0,1,Reader_2_1.csv
2148,0,0,0,Reader_2_10.csv
2148,0,0,0,Reader_2_11.csv
2148,0,0,0,Reader_2_12.csv
2148,1,1,0,Reader_2_2.csv
2148,0,0,0,Reader_2_3.csv
2148,2,1,1,Reader_2_4.csv
2148,0,0,0,Reader_2_5.csv
2148,0,0,0,Reader_2_6.csv
2148,0,0,0,Reader_2_7.csv
2148,1,0,1,Reader_2_8.csv
2148,2,1,1,Reader_2_9.csv
2148,18,10,8,reader_3_1.csv
2148,12,9,3,Reader_3_2.csv
2148,7,7,0,Reader_3_3.csv
2148,7,7,0,Reader_3_4.csv
2148,3,3,0,Reader_3_5.csv
2148,0,0,0,Reader_3_6.csv
2148,4,4,0,Reader_3_7.csv
2149,8,4,4,Reader_1_1.csv
2149,0,0,0,Reader_1_10.csv
2149,0,0,0,Reader_1_11.csv
2149,0,0,0,Reader_1_12.csv
2149,0,0,0,Reader_1_2.csv
2149,2,1,1,Reader_1_3.csv
2149,0,0,0,Reader_1_4.csv
2149,3,2,1,Reader_1_5.csv
2149,1,1,0,Reader_1_6.csv
2149,0,0,0,Reader_1_7.csv
2149,0,0,0,Reader_1_8.csv
2149,0,0,0,Reader_1_9.csv
2149,1,0,1,Reader_2_1.csv
2149,0,0,0,Reader_2_10.csv
2149,0,0,0,Reader_2_11.csv
2149,0,0,0,Reader_2_12.csv
2149,1,1,0,Reader_2_2.csv
2149,0,0,0,Reader_2_3.csv
2149,1,1,0,Reader_2_4.csv
2149,0,0,0,Reader_2_5.csv
2149,0,0,0,Reader_2_6.csv
2149,0,0,0,Reader_2_7.csv
2149,1,0,1,Reader_2_8.csv
2149,2,1,1,Reader_2_9.csv
2149,16,10,6,reader_3_1.csv
2149,10,7,3,Reader_3_2.csv
2149,9,9,0,Reader_3_3.csv
2149,9,9,0,Reader_3_4.csv
2149,2,2,0,Reader_3_5.csv
2149,1,1,0,Reader_3_6.csv
2149,3,3,0,Reader_3_7.csv
2150,5,2,3,Reader_1_1.csv
2150,0,0,0,Reader_1_10.csv
2150,0,0,0,Reader_1_11.csv
2150,0,0,0,Reader_1_12.csv
2150,0,0,0,Reader_1_2.csv
2150,3,2,1,Reader_1_3.csv
2150,0,0,0,Reader_1_4.csv
2150,3,2,1,Reader_1_5.csv
2150,1,1,0,Reader_1_6.csv
2150,0,0,0,Reader_1_7.csv
2150,0,0,0,Reader_1_8.csv
2150,0,0,0,Reader_1_9.csv
2150,1,0,1,Reader_2_1.csv
2150,0,0,0,Reader_2_10.csv
2150,0,0,0,Reader_2_11.csv
2150,0,0,0,Reader_2_12.csv
2150,2,2,0,Reader_2_2.csv
2150,0,0,0,Reader_2_3.csv
2150,2,1,1,Reader_2_4.csv
2150,0,0,0,Reader_2_5.csv
2150,0,0,0,Reader_2_6.csv
2150,0,0,0,Reader_2_7.csv
2150,1,0,1,Reader_2_8.csv
2150,2,1,1,Reader_2_9.csv
2150,17,11,6,reader_3_1.csv
2150,12,9,3,Reader_3_2.csv
2150,10,10,0,Reader_3_3.csv
2150,10,10,0,Reader_3_4.csv
2150,2,2,0,Reader_3_5.csv
2150,1,1,0,Reader_3_6.csv
2150,3,3,0,Reader_3_7.csv
2151,4,2,2,Reader_1_1.csv
2151,0,0,0,Reader_1_10.csv
2151,0,0,0,Reader_1_11.csv
2151,0,0,0,Reader_1_12.csv
2151,0,0,0,Reader_1_2.csv
2151,3,2,1,Reader_1_3.csv
2151,0,0,0,Reader_1_4.csv
2151,2,2,0,Reader_1_5.csv
2151,1,1,0,Reader_1_6.csv
2151,0,0,0,Reader_1_7.csv
2151,0,0,0,Reader_1_8.csv
2151,0,0,0,Reader_1_9.csv
2151,1,0,1,Reader_2_1.csv
2151,0,0,0,Reader_2_10.csv
2151,0,0,0,Reader_2_11.csv
2151,0,0,0,Reader_2_12.csv
2151,1,1,0,Reader_2_2.csv
2151,0,0,0,Reader_2_3.csv
2151,2,1,1,Reader_2_4.csv
2151,0,0,0,Reader_2_5.csv
2151,0,0,0,Reader_2_6.csv
2151,0,0,0,Reader_2_7.csv
2151,1,0,1,Reader_2_8.csv
2151,2,1,1,Reader_2_9.csv
2151,17,11,6,reader_3_1.csv
2151,10,7,3,Reader_3_2.csv
2151,12,12,0,Reader_3_3.csv
2151,12,12,0,Reader_3_4.csv
2151,2,2,0,Reader_3_5.csv
2151,1,1,0,Reader_3_6.csv
2151,2,2,0,Reader_3_7.csv
2152,4,2,2,Reader_1_1.csv
2152,1,1,0,Reader_1_10.csv
2152,0,0,0,Reader_1_11.csv
2152,1,0,1,Reader_1_12.csv
2152,0,0,0,Reader_1_2.csv
2152,3,2,1,Reader_1_3.csv
2152,0,0,0,Reader_1_4.csv
2152,1,1,0,Reader_1_5.csv
2152,0,0,0,Reader_1_6.csv
2152,0,0,0,Reader_1_7.csv
2152,0,0,0,Reader_1_8.csv
2152,0,0,0,Reader_1_9.csv
2152,1,0,1,Reader_2_1.csv
2152,0,0,0,Reader_2_10.csv
2152,0,0,0,Reader_2_11.csv
2152,0,0,0,Reader_2_12.csv
2152,1,1,0,Reader_2_2.csv
2152,0,0,0,Reader_2_3.csv
2152,2,1,1,Reader_2_4.csv
2152,0,0,0,Reader_2_5.csv
2152,0,0,0,Reader_2_6.csv
2152,0,0,0,Reader_2_7.csv
2152,1,0,1,Reader_2_8.csv
2152,2,1,1,Reader_2_9.csv
2152,18,12,6,reader_3_1.csv
2152,10,7,3,Reader_3_2.csv
2152,10,10,0,Reader_3_3.csv
2152,10,10,0,Reader_3_4.csv
2152,2,2,0,Reader_3_5.csv
2152,1,1,0,Reader_3_6.csv
2152,2,1,1,Reader_3_7.csv
2153,3,3,0,Reader_1_1.csv
2153,1,1,0,Reader_1_10.csv
2153,0,0,0,Reader_1_11.csv
2153,1,0,1,Reader_1_12.csv
2153,0,0,0,Reader_1_2.csv
2153,3,2,1,Reader_1_3.csv
2153,0,0,0,Reader_1_4.csv
2153,1,1,0,Reader_1_5.csv
2153,0,0,0,Reader_1_6.csv
2153,1,0,1,Reader_1_7.csv
2153,0,0,0,Reader_1_8.csv
2153,0,0,0,Reader_1_9.csv
2153,1,0,1,Reader_2_1.csv
2153,0,0,0,Reader_2_10.csv
2153,0,0,0,Reader_2_11.csv
2153,0,0,0,Reader_2_12.csv
2153,1,1,0,Reader_2_2.csv
2153,0,0,0,Reader_2_3.csv
2153,2,1,1,Reader_2_4.csv
2153,0,0,0,Reader_2_5.csv
2153,0,0,0,Reader_2_6.csv
2153,0,0,0,Reader_2_7.csv
2153,0,0,0,Reader_2_8.csv
2153,1,1,0,Reader_2_9.csv
2153,14,10,4,reader_3_1.csv
2153,10,7,3,Reader_3_2.csv
2153,11,11,0,Reader_3_3.csv
2153,11,11,0,Reader_3_4.csv
2153,2,2,0,Reader_3_5.csv
2153,1,1,0,Reader_3_6.csv
2153,2,1,1,Reader_3_7.csv
2154,3,3,0,Reader_1_1.csv
2154,1,1,0,Reader_1_10.csv
2154,0,0,0,Reader_1_11.csv
2154,1,0,1,Reader_1_12.csv
2154,1,1,0,Reader_1_2.csv
2154,3,2,1,Reader_1_3.csv
2154,0,0,0,Reader_1_4.csv
2154,1,1,0,Reader_1_5.csv
2154,0,0,0,Reader_1_6.csv
2154,1,0,1,Reader_1_7.csv
2154,0,0,0,Reader_1_8.csv
2154,0,0,0,Reader_1_9.csv
2154,1,0,1,Reader_2_1.csv
2154,0,0,0,Reader_2_10.csv
2154,0,0,0,Reader_2_11.csv
2154,0,0,0,Reader_2_12.csv
2154,1,1,0,Reader_2_2.csv
2154,0,0,0,Reader_2_3.csv
2154,2,1,1,Reader_2_4.csv
2154,0,0,0,Reader_2_5.csv
2154,0,0,0,Reader_2_6.csv
2154,0,0,0,Reader_2_7.csv
2154,0,0,0,Reader_2_8.csv
2154,0,0,0,Reader_2_9.csv
2154,15,11,4,reader_3_1.csv
2154,10,9,1,Reader_3_2.csv
2154,12,12,0,Reader_3_3.csv
2154,12,12,0,Reader_3_4.csv
2154,1,1,0,Reader_3_5.csv
2154,1,1,0,Reader_3_6.csv
2154,1,0,1,Reader_3_7.csv
2155,3,3,0,Reader_1_1.csv
2155,1,1,0,Reader_1_10.csv
2155,0,0,0,Reader_1_11.csv
2155,1,0,1,Reader_1_12.csv
2155,1,1,0,Reader_1_2.csv
2155,3,2,1,Reader_1_3.csv
2155,0,0,0,Reader_1_4.csv
2155,0,0,0,Reader_1_5.csv
2155,0,0,0,Reader_1_6.csv
2155,1,0,1,Reader_1_7.csv
2155,0,0,0,Reader_1_8.csv
2155,0,0,0,Reader_1_9.csv
2155,1,0,1,Reader_2_1.csv
2155,0,0,0,Reader_2_10.csv
2155,0,0,0,Reader_2_11.csv
2155,0,0,0,Reader_2_12.csv
2155,1,1,0,Reader_2_2.csv
2155,0,0,0,Reader_2_3.csv
2155,3,2,1,Reader_2_4.csv
2155,0,0,0,Reader_2_5.csv
2155,0,0,0,Reader_2_6.csv
2155,0,0,0,Reader_2_7.csv
2155,0,0,0,Reader_2_8.csv
2155,0,0,0,Reader_2_9.csv
2155,17,14,3,reader_3_1.csv
2155,10,10,0,Reader_3_2.csv
2155,13,13,0,Reader_3_3.csv
2155,13,13,0,Reader_3_4.csv
2155,1,1,0,Reader_3_5.csv
2155,1,1,0,Reader_3_6.csv
2155,1,0,1,Reader_3_7.csv
2156,4,4,0,Reader_1_1.csv
2156,1,1,0,Reader_1_10.csv
2156,0,0,0,Reader_1_11.csv
2156,1,0,1,Reader_1_12.csv
2156,1,1,0,Reader_1_2.csv
2156,2,1,1,Reader_1_3.csv
2156,0,0,0,Reader_1_4.csv
2156,0,0,0,Reader_1_5.csv
2156,0,0,0,Reader_1_6.csv
2156,1,0,1,Reader_1_7.csv
2156,0,0,0,Reader_1_8.csv
2156,0,0,0,Reader_1_9.csv
2156,0,0,0,Reader_2_1.csv
2156,0,0,0,Reader_2_10.csv
2156,0,0,0,Reader_2_11.csv
2156,0,0,0,Reader_2_12.csv
2156,1,1,0,Reader_2_2.csv
2156,0,0,0,Reader_2_3.csv
2156,3,2,1,Reader_2_4.csv
2156,0,0,0,Reader_2_5.csv
2156,0,0,0,Reader_2_6.csv
2156,0,0,0,Reader_2_7.csv
2156,1,1,0,Reader_2_8.csv
2156,0,0,0,Reader_2_9.csv
2156,16,14,2,reader_3_1.csv
2156,8,8,0,Reader_3_2.csv
2156,13,13,0,Reader_3_3.csv
2156,13,13,0,Reader_3_4.csv
2156,1,1,0,Reader_3_5.csv
2156,1,1,0,Reader_3_6.csv
2156,1,0,1,Reader_3_7.csv
2157,3,3,0,Reader_1_1.csv
2157,1,1,0,Reader_1_10.csv
2157,0,0,0,Reader_1_11.csv
2157,1,0,1,Reader_1_12.csv
2157,1,1,0,Reader_1_2.csv
2157,2,1,1,Reader_1_3.csv
2157,0,0,0,Reader_1_4.csv
2157,1,1,0,Reader_1_5.csv
2157,0,0,0,Reader_1_6.csv
2157,1,0,1,Reader_1_7.csv
2157,0,0,0,Reader_1_8.csv
2157,0,0,0,Reader_1_9.csv
2157,2,1,1,Reader_2_1.csv
2157,0,0,0,Reader_2_10.csv
2157,0,0,0,Reader_2_11.csv
2157,0,0,0,Reader_2_12.csv
2157,1,1,0,Reader_2_2.csv
2157,0,0,0,Reader_2_3.csv
2157,3,2,1,Reader_2_4.csv
2157,0,0,0,Reader_2_5.csv
2157,0,0,0,Reader_2_6.csv
2157,0,0,0,Reader_2_7.csv
2157,1,1,0,Reader_2_8.csv
2157,0,0,0,Reader_2_9.csv
2157,16,14,2,reader_3_1.csv
2157,8,8,0,Reader_3_2.csv
2157,10,10,0,Reader_3_3.csv
2157,10,10,0,Reader_3_4.csv
2157,1,1,0,Reader_3_5.csv
2157,1,0,1,Reader_3_6.csv
2157,1,0,1,Reader_3_7.csv
2158,3,3,0,Reader_1_1.csv
2158,1,1,0,Reader_1_10.csv
2158,0,0,0,Reader_1_11.csv
2158,1,0,1,Reader_1_12.csv
2158,1,1,0,Reader_1_2.csv
2158,1,0,1,Reader_1_3.csv
2158,1,1,0,Reader_1_4.csv
2158,1,1,0,Reader_1_5.csv
2158,0,0,0,Reader_1_6.csv
2158,1,0,1,Reader_1_7.csv
2158,0,0,0,Reader_1_8.csv
2158,0,0,0,Reader_1_9.csv
2158,2,1,1,Reader_2_1.csv
2158,0,0,0,Reader_2_10.csv
2158,0,0,0,Reader_2_11.csv
2158,0,0,0,Reader_2_12.csv
2158,0,0,0,Reader_2_2.csv
2158,1,1,0,Reader_2_3.csv
2158,2,2,0,Reader_2_4.csv
2158,0,0,0,Reader_2_5.csv
2158,0,0,0,Reader_2_6.csv
2158,0,0,0,Reader_2_7.csv
2158,1,1,0,Reader_2_8.csv
2158,0,0,0,Reader_2_9.csv
2158,16,14,2,reader_3_1.csv
2158,6,6,0,Reader_3_2.csv
2158,11,10,1,Reader_3_3.csv
2158,11,10,1,Reader_3_4.csv
2158,1,1,0,Reader_3_5.csv
2158,1,0,1,Reader_3_6.csv
2158,1,0,1,Reader_3_7.csv
2159,3,3,0,Reader_1_1.csv
2159,1,1,0,Reader_1_10.csv
2159,1,1,0,Reader_1_11.csv
2159,1,0,1,Reader_1_12.csv
2159,1,1,0,Reader_1_2.csv
2159,2,1,1,Reader_1_3.csv
2159,2,2,0,Reader_1_4.csv
2159,1,1,0,Reader_1_5.csv
2159,0,0,0,Reader_1_6.csv
2159,1,0,1,Reader_1_7.csv
2159,0,0,0,Reader_1_8.csv
2159,0,0,0,Reader_1_9.csv
2159,2,1,1,Reader_2_1.csv
2159,0,0,0,Reader_2_10.csv
2159,0,0,0,Reader_2_11.csv
2159,0,0,0,Reader_2_12.csv
2159,0,0,0,Reader_2_2.csv
2159,1,1,0,Reader_2_3.csv
2159,3,3,0,Reader_2_4.csv
2159,0,0,0,Reader_2_5.csv
2159,0,0,0,Reader_2_6.csv
2159,0,0,0,Reader_2_7.csv
2159,1,1,0,Reader_2_8.csv
2159,0,0,0,Reader_2_9.csv
2159,16,14,2,reader_3_1.csv
2159,7,7,0,Reader_3_2.csv
2159,9,8,1,Reader_3_3.csv
2159,9,8,1,Reader_3_4.csv
2159,3,2,1,Reader_3_5.csv
2159,1,0,1,Reader_3_6.csv
2159,1,0,1,Reader_3_7.csv
2160,4,3,1,Reader_1_1.csv
2160,0,0,0,Reader_1_10.csv
2160,1,1,0,Reader_1_11.csv
2160,0,0,0,Reader_1_12.csv
2160,1,1,0,Reader_1_2.csv
2160,2,1,1,Reader_1_3.csv
2160,2,2,0,Reader_1_4.csv
2160,2,1,1,Reader_1_5.csv
2160,0,0,0,Reader_1_6.csv
2160,1,0,1,Reader_1_7.csv
2160,0,0,0,Reader_1_8.csv
2160,0,0,0,Reader_1_9.csv
2160,3,1,2,Reader_2_1.csv
2160,0,0,0,Reader_2_10.csv
2160,0,0,0,Reader_2_11.csv
2160,0,0,0,Reader_2_12.csv
2160,0,0,0,Reader_2_2.csv
2160,1,1,0,Reader_2_3.csv
2160,3,3,0,Reader_2_4.csv
2160,0,0,0,Reader_2_5.csv
2160,0,0,0,Reader_2_6.csv
2160,0,0,0,Reader_2_7.csv
2160,1,1,0,Reader_2_8.csv
2160,0,0,0,Reader_2_9.csv
2160,19,17,2,reader_3_1.csv
2160,8,8,0,Reader_3_2.csv
2160,7,6,1,Reader_3_3.csv
2160,7,6,1,Reader_3_4.csv
2160,3,2,1,Reader_3_5.csv
2160,1,0,1,Reader_3_6.csv
2160,0,0,0,Reader_3_7.csv
2161,4,2,2,Reader_1_1.csv
2161,0,0,0,Reader_1_10.csv
2161,1,1,0,Reader_1_11.csv
2161,0,0,0,Reader_1_12.csv
2161,1,1,0,Reader_1_2.csv
2161,2,1,1,Reader_1_3.csv
2161,2,2,0,Reader_1_4.csv
2161,2,1,1,Reader_1_5.csv
2161,0,0,0,Reader_1_6.csv
2161,0,0,0,Reader_1_7.csv
2161,0,0,0,Reader_1_8.csv
2161,0,0,0,Reader_1_9.csv
2161,4,1,3,Reader_2_1.csv
2161,0,0,0,Reader_2_10.csv
2161,0,0,0,Reader_2_11.csv
2161,0,0,0,Reader_2_12.csv
2161,0,0,0,Reader_2_2.csv
2161,1,1,0,Reader_2_3.csv
2161,3,3,0,Reader_2_4.csv
2161,0,0,0,Reader_2_5.csv
2161,0,0,0,Reader_2_6.csv
2161,0,0,0,Reader_2_7.csv
2161,1,1,0,Reader_2_8.csv
2161,0,0,0,Reader_2_9.csv
2161,20,18,2,reader_3_1.csv
2161,7,7,0,Reader_3_2.csv
2161,6,5,1,Reader_3_3.csv
2161,6,5,1,Reader_3_4.csv
2161,2,1,1,Reader_3_5.csv
2161,3,2,1,Reader_3_6.csv
2161,0,0,0,Reader_3_7.csv
2162,5,3,2,Reader_1_1.csv
2162,0,0,0,Reader_1_10.csv
2162,1,1,0,Reader_1_11.csv
2162,0,0,0,Reader_1_12.csv
2162,0,0,0,Reader_1_2.csv
2162,3,1,2,Reader_1_3.csv
2162,4,3,1,Reader_1_4.csv
2162,2,1,1,Reader_1_5.csv
2162,0,0,0,Reader_1_6.csv
2162,0,0,0,Reader_1_7.csv
2162,0,0,0,Reader_1_8.csv
2162,0,0,0,Reader_1_9.csv
2162,4,1,3,Reader_2_1.csv
2162,0,0,0,Reader_2_10.csv
2162,0,0,0,Reader_2_11.csv
2162,0,0,0,Reader_2_12.csv
2162,0,0,0,Reader_2_2.csv
2162,1,1,0,Reader_2_3.csv
2162,3,3,0,Reader_2_4.csv
2162,0,0,0,Reader_2_5.csv
2162,0,0,0,Reader_2_6.csv
2162,0,0,0,Reader_2_7.csv
2162,1,1,0,Reader_2_8.csv
2162,0,0,0,Reader_2_9.csv
2162,22,20,2,reader_3_1.csv
2162,5,5,0,Reader_3_2.csv
2162,5,4,1,Reader_3_3.csv
2162,5,4,1,Reader_3_4.csv
2162,4,2,2,Reader_3_5.csv
2162,3,2,1,Reader_3_6.csv
2162,0,0,0,Reader_3_7.csv
2163,5,3,2,Reader_1_1.csv
2163,0,0,0,Reader_1_10.csv
2163,1,1,0,Reader_1_11.csv
2163,0,0,0,Reader_1_12.csv
2163,0,0,0,Reader_1_2.csv
2163,3,2,1,Reader_1_3.csv
2163,6,5,1,Reader_1_4.csv
2163,2,1,1,Reader_1_5.csv
2163,1,1,0,Reader_1_6.csv
2163,0,0,0,Reader_1_7.csv
2163,0,0,0,Reader_1_8.csv
2163,0,0,0,Reader_1_9.csv
2163,4,1,3,Reader_2_1.csv
2163,0,0,0,Reader_2_10.csv
2163,0,0,0,Reader_2_11.csv
2163,0,0,0,Reader_2_12.csv
2163,4,2,2,Reader_2_2.csv
2163,1,1,0,Reader_2_3.csv
2163,2,2,0,Reader_2_4.csv
2163,0,0,0,Reader_2_5.csv
2163,0,0,0,Reader_2_6.csv
2163,0,0,0,Reader_2_7.csv
2163,1,1,0,Reader_2_8.csv
2163,0,0,0,Reader_2_9.csv
2163,24,21,3,reader_3_1.csv
2163,5,3,2,Reader_3_2.csv
2163,6,5,1,Reader_3_3.csv
2163,6,5,1,Reader_3_4.csv
2163,4,2,2,Reader_3_5.csv
2163,4,3,1,Reader_3_6.csv
2163,0,0,0,Reader_3_7.csv
2164,5,3,2,Reader_1_1.csv
2164,0,0,0,Reader_1_10.csv
2164,1,1,0,Reader_1_11.csv
2164,0,0,0,Reader_1_12.csv
2164,0,0,0,Reader_1_2.csv
2164,3,2,1,Reader_1_3.csv
2164,6,5,1,Reader_1_4.csv
2164,2,1,1,Reader_1_5.csv
2164,1,1,0,Reader_1_6.csv
2164,0,0,0,Reader_1_7.csv
2164,0,0,0,Reader_1_8.csv
2164,0,0,0,Reader_1_9.csv
2164,4,1,3,Reader_2_1.csv
2164,0,0,0,Reader_2_10.csv
2164,0,0,0,Reader_2_11.csv
2164,0,0,0,Reader_2_12.csv
2164,4,2,2,Reader_2_2.csv
2164,1,1,0,Reader_2_3.csv
2164,1,1,0,Reader_2_4.csv
2164,0,0,0,Reader_2_5.csv
2164,0,0,0,Reader_2_6.csv
2164,0,0,0,Reader_2_7.csv
2164,0,0,0,Reader_2_8.csv
2164,0,0,0,Reader_2_9.csv
2164,23,20,3,reader_3_1.csv
2164,7,4,3,Reader_3_2.csv
2164,6,5,1,Reader_3_3.csv
2164,6,5,1,Reader_3_4.csv
2164,6,4,2,Reader_3_5.csv
2164,4,3,1,Reader_3_6.csv
2164,1,1,0,Reader_3_7.csv
2165,5,3,2,Reader_1_1.csv
2165,0,0,0,Reader_1_10.csv
2165,1,1,0,Reader_1_11.csv
2165,0,0,0,Reader_1_12.csv
2165,0,0,0,Reader_1_2.csv
2165,4,3,1,Reader_1_3.csv
2165,6,5,1,Reader_1_4.csv
2165,1,0,1,Reader_1_5.csv
2165,1,1,0,Reader_1_6.csv
2165,0,0,0,Reader_1_7.csv
2165,0,0,0,Reader_1_8.csv
2165,0,0,0,Reader_1_9.csv
2165,2,0,2,Reader_2_1.csv
2165,1,1,0,Reader_2_10.csv
2165,0,0,0,Reader_2_11.csv
2165,0,0,0,Reader_2_12.csv
2165,5,2,3,Reader_2_2.csv
2165,1,1,0,Reader_2_3.csv
2165,1,1,0,Reader_2_4.csv
2165,0,0,0,Reader_2_5.csv
2165,0,0,0,Reader_2_6.csv
2165,0,0,0,Reader_2_7.csv
2165,0,0,0,Reader_2_8.csv
2165,0,0,0,Reader_2_9.csv
2165,27,24,3,reader_3_1.csv
2165,7,4,3,Reader_3_2.csv
2165,7,5,2,Reader_3_3.csv
2165,7,5,2,Reader_3_4.csv
2165,6,4,2,Reader_3_5.csv
2165,4,4,0,Reader_3_6.csv
2165,1,1,0,Reader_3_7.csv
2166,8,6,2,Reader_1_1.csv
2166,0,0,0,Reader_1_10.csv
2166,1,1,0,Reader_1_11.csv
2166,0,0,0,Reader_1_12.csv
2166,0,0,0,Reader_1_2.csv
2166,4,3,1,Reader_1_3.csv
2166,6,5,1,Reader_1_4.csv
2166,3,1,2,Reader_1_5.csv
2166,1,1,0,Reader_1_6.csv
2166,0,0,0,Reader_1_7.csv
2166,0,0,0,Reader_1_8.csv
2166,0,0,0,Reader_1_9.csv
2166,2,0,2,Reader_2_1.csv
2166,1,1,0,Reader_2_10.csv
2166,0,0,0,Reader_2_11.csv
2166,0,0,0,Reader_2_12.csv
2166,5,2,3,Reader_2_2.csv
2166,0,0,0,Reader_2_3.csv
2166,1,1,0,Reader_2_4.csv
2166,0,0,0,Reader_2_5.csv
2166,0,0,0,Reader_2_6.csv
2166,0,0,0,Reader_2_7.csv
2166,0,0,0,Reader_2_8.csv
2166,0,0,0,Reader_2_9.csv
2166,28,25,3,reader_3_1.csv
2166,9,6,3,Reader_3_2.csv
2166,5,4,1,Reader_3_3.csv
2166,5,4,1,Reader_3_4.csv
2166,6,4,2,Reader_3_5.csv
2166,4,4,0,Reader_3_6.csv
2166,2,2,0,Reader_3_7.csv
2167,8,6,2,Reader_1_1.csv
2167,0,0,0,Reader_1_10.csv
2167,0,0,0,Reader_1_11.csv
2167,0,0,0,Reader_1_12.csv
2167,0,0,0,Reader_1_2.csv
2167,5,3,2,Reader_1_3.csv
2167,5,4,1,Reader_1_4.csv
2167,3,1,2,Reader_1_5.csv
2167,1,1,0,Reader_1_6.csv
2167,0,0,0,Reader_1_7.csv
2167,0,0,0,Reader_1_8.csv
2167,1,1,0,Reader_1_9.csv
2167,2,0,2,Reader_2_1.csv
2167,1,1,0,Reader_2_10.csv
2167,0,0,0,Reader_2_11.csv
2167,0,0,0,Reader_2_12.csv
2167,5,2,3,Reader_2_2.csv
2167,0,0,0,Reader_2_3.csv
2167,0,0,0,Reader_2_4.csv
2167,0,0,0,Reader_2_5.csv
2167,0,0,0,Reader_2_6.csv
2167,0,0,0,Reader_2_7.csv
2167,0,0,0,Reader_2_8.csv
2167,0,0,0,Reader_2_9.csv
2167,25,23,2,reader_3_1.csv
2167,8,5,3,Reader_3_2.csv
2167,7,5,2,Reader_3_3.csv
2167,7,5,2,Reader_3_4.csv
2167,4,3,1,Reader_3_5.csv
2167,4,4,0,Reader_3_6.csv
2167,2,2,0,Reader_3_7.csv
2168,8,7,1,Reader_1_1.csv
2168,0,0,0,Reader_1_10.csv
2168,0,0,0,Reader_1_11.csv
2168,0,0,0,Reader_1_12.csv
2168,0,0,0,Reader_1_2.csv
2168,5,3,2,Reader_1_3.csv
2168,5,4,1,Reader_1_4.csv
2168,2,1,1,Reader_1_5.csv
2168,1,1,0,Reader_1_6.csv
2168,0,0,0,Reader_1_7.csv
2168,0,0,0,Reader_1_8.csv
2168,1,1,0,Reader_1_9.csv
2168,1,0,1,Reader_2_1.csv
2168,1,1,0,Reader_2_10.csv
2168,0,0,0,Reader_2_11.csv
2168,0,0,0,Reader_2_12.csv
2168,5,2,3,Reader_2_2.csv
2168,0,0,0,Reader_2_3.csv
2168,0,0,0,Reader_2_4.csv
2168,0,0,0,Reader_2_5.csv
2168,0,0,0,Reader_2_6.csv
2168,0,0,0,Reader_2_7.csv
2168,0,0,0,Reader_2_8.csv
2168,0,0,0,Reader_2_9.csv
2168,23,22,1,reader_3_1.csv
2168,7,4,3,Reader_3_2.csv
2168,9,7,2,Reader_3_3.csv
2168,9,7,2,Reader_3_4.csv
2168,4,3,1,Reader_3_5.csv
2168,4,4,0,Reader_3_6.csv
2168,3,3,0,Reader_3_7.csv
2169,9,9,0,Reader_1_1.csv
2169,0,0,0,Reader_1_10.csv
2169,0,0,0,Reader_1_11.csv
2169,0,0,0,Reader_1_12.csv
2169,0,0,0,Reader_1_2.csv
2169,5,3,2,Reader_1_3.csv
2169,6,5,1,Reader_1_4.csv
2169,2,1,1,Reader_1_5.csv
2169,1,1,0,Reader_1_6.csv
2169,0,0,0,Reader_1_7.csv
2169,0,0,0,Reader_1_8.csv
2169,1,1,0,Reader_1_9.csv
2169,0,0,0,Reader_2_1.csv
2169,1,1,0,Reader_2_10.csv
2169,0,0,0,Reader_2_11.csv
2169,0,0,0,Reader_2_12.csv
2169,5,2,3,Reader_2_2.csv
2169,0,0,0,Reader_2_3.csv
2169,0,0,0,Reader_2_4.csv
2169,0,0,0,Reader_2_5.csv
2169,0,0,0,Reader_2_6.csv
2169,0,0,0,Reader_2_7.csv
2169,0,0,0,Reader_2_8.csv
2169,0,0,0,Reader_2_9.csv
2169,22,21,1,reader_3_1.csv
2169,7,4,3,Reader_3_2.csv
2169,10,8,2,Reader_3_3.csv
2169,10,8,2,Reader_3_4.csv
2169,4,3,1,Reader_3_5.csv
2169,3,3,0,Reader_3_6.csv
2169,3,3,0,Reader_3_7.csv
2170,8,8,0,Reader_1_1.csv
2170,0,0,0,Reader_1_10.csv
2170,0,0,0,Reader_1_11.csv
2170,1,1,0,Reader_1_12.csv
2170,0,0,0,Reader_1_2.csv
2170,4,3,1,Reader_1_3.csv
2170,4,4,0,Reader_1_4.csv
2170,2,1,1,Reader_1_5.csv
2170,1,1,0,Reader_1_6.csv
2170,0,0,0,Reader_1_7.csv
2170,0,0,0,Reader_1_8.csv
2170,2,2,0,Reader_1_9.csv
2170,0,0,0,Reader_2_1.csv
2170,1,1,0,Reader_2_10.csv
2170,0,0,0,Reader_2_11.csv
2170,0,0,0,Reader_2_12.csv
2170,5,2,3,Reader_2_2.csv
2170,0,0,0,Reader_2_3.csv
2170,0,0,0,Reader_2_4.csv
2170,0,0,0,Reader_2_5.csv
2170,0,0,0,Reader_2_6.csv
2170,0,0,0,Reader_2_7.csv
2170,0,0,0,Reader_2_8.csv
2170,0,0,0,Reader_2_9.csv
2170,20,19,1,reader_3_1.csv
2170,7,4,3,Reader_3_2.csv
2170,10,8,2,Reader_3_3.csv
2170,10,8,2,Reader_3_4.csv
2170,3,3,0,Reader_3_5.csv
2170,4,4,0,Reader_3_6.csv
2170,3,3,0,Reader_3_7.csv
2171,8,7,1,Reader_1_1.csv
2171,0,0,0,Reader_1_10.csv
2171,0,0,0,Reader_1_11.csv
2171,2,1,1,Reader_1_12.csv
2171,0,0,0,Reader_1_2.csv
2171,3,2,1,Reader_1_3.csv
2171,2,2,0,Reader_1_4.csv
2171,2,1,1,Reader_1_5.csv
2171,0,0,0,Reader_1_6.csv
2171,0,0,0,Reader_1_7.csv
2171,0,0,0,Reader_1_8.csv
2171,2,2,0,Reader_1_9.csv
2171,0,0,0,Reader_2_1.csv
2171,1,1,0,Reader_2_10.csv
2171,0,0,0,Reader_2_11.csv
2171,0,0,0,Reader_2_12.csv
2171,1,0,1,Reader_2_2.csv
2171,0,0,0,Reader_2_3.csv
2171,1,1,0,Reader_2_4.csv
2171,0,0,0,Reader_2_5.csv
2171,0,0,0,Reader_2_6.csv
2171,0,0,0,Reader_2_7.csv
2171,1,1,0,Reader_2_8.csv
2171,0,0,0,Reader_2_9.csv
2171,19,19,0,reader_3_1.csv
2171,6,4,2,Reader_3_2.csv
2171,8,6,2,Reader_3_3.csv
2171,8,6,2,Reader_3_4.csv
2171,4,4,0,Reader_3_5.csv
2171,3,3,0,Reader_3_6.csv
2171,4,3,1,Reader_3_7.csv
2172,8,7,1,Reader_1_1.csv
2172,0,0,0,Reader_1_10.csv
2172,0,0,0,Reader_1_11.csv
2172,2,1,1,Reader_1_12.csv
2172,0,0,0,Reader_1_2.csv
2172,3,2,1,Reader_1_3.csv
2172,3,3,0,Reader_1_4.csv
2172,2,1,1,Reader_1_5.csv
2172,0,0,0,Reader_1_6.csv
2172,0,0,0,Reader_1_7.csv
2172,0,0,0,Reader_1_8.csv
2172,2,2,0,Reader_1_9.csv
2172,0,0,0,Reader_2_1.csv
2172,1,1,0,Reader_2_10.csv
2172,0,0,0,Reader_2_11.csv
2172,0,0,0,Reader_2_12.csv
2172,1,0,1,Reader_2_2.csv
2172,0,0,0,Reader_2_3.csv
2172,1,1,0,Reader_2_4.csv
2172,0,0,0,Reader_2_5.csv
2172,0,0,0,Reader_2_6.csv
2172,0,0,0,Reader_2_7.csv
2172,1,1,0,Reader_2_8.csv
2172,0,0,0,Reader_2_9.csv
2172,19,19,0,reader_3_1.csv
2172,5,4,1,Reader_3_2.csv
2172,8,6,2,Reader_3_3.csv
2172,8,6,2,Reader_3_4.csv
2172,2,2,0,Reader_3_5.csv
2172,3,3,0,Reader_3_6.csv
2172,3,2,1,Reader_3_7.csv
2173,8,7,1,Reader_1_1.csv
2173,0,0,0,Reader_1_10.csv
2173,0,0,0,Reader_1_11.csv
2173,2,1,1,Reader_1_12.csv
2173,0,0,0,Reader_1_2.csv
2173,2,1,1,Reader_1_3.csv
2173,3,3,0,Reader_1_4.csv
2173,2,1,1,Reader_1_5.csv
2173,0,0,0,Reader_1_6.csv
2173,0,0,0,Reader_1_7.csv
2173,0,0,0,Reader_1_8.csv
2173,2,2,0,Reader_1_9.csv
2173,0,0,0,Reader_2_1.csv
2173,0,0,0,Reader_2_10.csv
2173,0,0,0,Reader_2_11.csv
2173,0,0,0,Reader_2_12.csv
2173,0,0,0,Reader_2_2.csv
2173,0,0,0,Reader_2_3.csv
2173,1,1,0,Reader_2_4.csv
2173,0,0,0,Reader_2_5.csv
2173,1,1,0,Reader_2_6.csv
2173,0,0,0,Reader_2_7.csv
2173,1,1,0,Reader_2_8.csv
2173,0,0,0,Reader_2_9.csv
2173,16,16,0,reader_3_1.csv
2173,6,5,1,Reader_3_2.csv
2173,7,6,1,Reader_3_3.csv
2173,7,6,1,Reader_3_4.csv
2173,2,2,0,Reader_3_5.csv
2173,3,3,0,Reader_3_6.csv
2173,3,2,1,Reader_3_7.csv
2174,6,5,1,Reader_1_1.csv
2174,0,0,0,Reader_1_10.csv
2174,0,0,0,Reader_1_11.csv
2174,2,1,1,Reader_1_12.csv
2174,0,0,0,Reader_1_2.csv
2174,2,1,1,Reader_1_3.csv
2174,2,2,0,Reader_1_4.csv
2174,0,0,0,Reader_1_5.csv
2174,0,0,0,Reader_1_6.csv
2174,0,0,0,Reader_1_7.csv
2174,0,0,0,Reader_1_8.csv
2174,2,2,0,Reader_1_9.csv
2174,0,0,0,Reader_2_1.csv
2174,0,0,0,Reader_2_10.csv
2174,0,0,0,Reader_2_11.csv
2174,0,0,0,Reader_2_12.csv
2174,0,0,0,Reader_2_2.csv
2174,0,0,0,Reader_2_3.csv
2174,1,1,0,Reader_2_4.csv
2174,0,0,0,Reader_2_5.csv
2174,1,1,0,Reader_2_6.csv
2174,0,0,0,Reader_2_7.csv
2174,1,1,0,Reader_2_8.csv
2174,0,0,0,Reader_2_9.csv
2174,13,13,0,reader_3_1.csv
2174,5,4,1,Reader_3_2.csv
2174,8,7,1,Reader_3_3.csv
2174,8,7,1,Reader_3_4.csv
2174,3,3,0,Reader_3_5.csv
2174,3,3,0,Reader_3_6.csv
2174,2,1,1,Reader_3_7.csv
2175,7,6,1,Reader_1_1.csv
2175,0,0,0,Reader_1_10.csv
2175,0,0,0,Reader_1_11.csv
2175,2,1,1,Reader_1_12.csv
2175,0,0,0,Reader_1_2.csv
2175,0,0,0,Reader_1_3.csv
2175,2,2,0,Reader_1_4.csv
2175,0,0,0,Reader_1_5.csv
2175,0,0,0,Reader_1_6.csv
2175,0,0,0,Reader_1_7.csv
2175,0,0,0,Reader_1_8.csv
2175,1,1,0,Reader_1_9.csv
2175,0,0,0,Reader_2_1.csv
2175,0,0,0,Reader_2_10.csv
2175,0,0,0,Reader_2_11.csv
2175,0,0,0,Reader_2_12.csv
2175,0,0,0,Reader_2_2.csv
2175,1,1,0,Reader_2_3.csv
2175,1,1,0,Reader_2_4.csv
2175,0,0,0,Reader_2_5.csv
2175,1,1,0,Reader_2_6.csv
2175,0,0,0,Reader_2_7.csv
2175,2,2,0,Reader_2_8.csv
2175,0,0,0,Reader_2_9.csv
2175,17,16,1,reader_3_1.csv
2175,6,4,2,Reader_3_2.csv
2175,5,5,0,Reader_3_3.csv
2175,5,5,0,Reader_3_4.csv
2175,5,5,0,Reader_3_5.csv
2175,3,3,0,Reader_3_6.csv
2175,2,1,1,Reader_3_7.csv
2176,6,5,1,Reader_1_1.csv
2176,0,0,0,Reader_1_10.csv
2176,0,0,0,Reader_1_11.csv
2176,2,1,1,Reader_1_12.csv
2176,0,0,0,Reader_1_2.csv
2176,0,0,0,Reader_1_3.csv
2176,3,3,0,Reader_1_4.csv
2176,0,0,0,Reader_1_5.csv
2176,0,0,0,Reader_1_6.csv
2176,0,0,0,Reader_1_7.csv
2176,0,0,0,Reader_1_8.csv
2176,1,1,0,Reader_1_9.csv
2176,0,0,0,Reader_2_1.csv
2176,0,0,0,Reader_2_10.csv
2176,0,0,0,Reader_2_11.csv
2176,0,0,0,Reader_2_12.csv
2176,0,0,0,Reader_2_2.csv
2176,1,1,0,Reader_2_3.csv
2176,1,1,0,Reader_2_4.csv
2176,0,0,0,Reader_2_5.csv
2176,1,1,0,Reader_2_6.csv
2176,0,0,0,Reader_2_7.csv
2176,2,2,0,Reader_2_8.csv
2176,0,0,0,Reader_2_9.csv
2176,16,14,2,reader_3_1.csv
2176,7,5,2,Reader_3_2.csv
2176,4,4,0,Reader_3_3.csv
2176,4,4,0,Reader_3_4.csv
2176,5,5,0,Reader_3_5.csv
2176,3,3,0,Reader_3_6.csv
2176,1,0,1,Reader_3_7.csv
2177,5,4,1,Reader_1_1.csv
2177,0,0,0,Reader_1_10.csv
2177,0,0,0,Reader_1_11.csv
2177,2,1,1,Reader_1_12.csv
2177,1,1,0,Reader_1_2.csv
2177,1,1,0,Reader_1_3.csv
2177,2,2,0,Reader_1_4.csv
2177,0,0,0,Reader_1_5.csv
2177,0,0,0,Reader_1_6.csv
2177,0,0,0,Reader_1_7.csv
2177,0,0,0,Reader_1_8.csv
2177,1,1,0,Reader_1_9.csv
2177,0,0,0,Reader_2_1.csv
2177,0,0,0,Reader_2_10.csv
2177,0,0,0,Reader_2_11.csv
2177,0,0,0,Reader_2_12.csv
2177,0,0,0,Reader_2_2.csv
2177,1,1,0,Reader_2_3.csv
2177,1,1,0,Reader_2_4.csv
2177,0,0,0,Reader_2_5.csv
2177,1,1,0,Reader_2_6.csv
2177,0,0,0,Reader_2_7.csv
2177,2,2,0,Reader_2_8.csv
2177,0,0,0,Reader_2_9.csv
2177,15,13,2,reader_3_1.csv
2177,8,5,3,Reader_3_2.csv
2177,4,4,0,Reader_3_3.csv
2177,4,4,0,Reader_3_4.csv
2177,6,6,0,Reader_3_5.csv
2177,2,2,0,Reader_3_6.csv
2177,2,0,2,Reader_3_7.csv
2178,6,5,1,Reader_1_1.csv
2178,0,0,0,Reader_1_10.csv
2178,0,0,0,Reader_1_11.csv
2178,1,0,1,Reader_1_12.csv
2178,1,1,0,Reader_1_2.csv
2178,2,2,0,Reader_1_3.csv
2178,3,2,1,Reader_1_4.csv
2178,0,0,0,Reader_1_5.csv
2178,0,0,0,Reader_1_6.csv
2178,0,0,0,Reader_1_7.csv
2178,0,0,0,Reader_1_8.csv
2178,0,0,0,Reader_1_9.csv
2178,2,2,0,Reader_2_1.csv
2178,0,0,0,Reader_2_10.csv
2178,0,0,0,Reader_2_11.csv
2178,0,0,0,Reader_2_12.csv
2178,0,0,0,Reader_2_2.csv
2178,1,1,0,Reader_2_3.csv
2178,1,1,0,Reader_2_4.csv
2178,0,0,0,Reader_2_5.csv
2178,1,1,0,Reader_2_6.csv
2178,0,0,0,Reader_2_7.csv
2178,2,2,0,Reader_2_8.csv
2178,0,0,0,Reader_2_9.csv
2178,15,13,2,reader_3_1.csv
2178,9,6,3,Reader_3_2.csv
2178,4,4,0,Reader_3_3.csv
2178,4,4,0,Reader_3_4.csv
2178,5,5,0,Reader_3_5.csv
2178,2,2,0,Reader_3_6.csv
2178,2,0,2,Reader_3_7.csv
2179,5,5,0,Reader_1_1.csv
2179,0,0,0,Reader_1_10.csv
2179,0,0,0,Reader_1_11.csv
2179,0,0,0,Reader_1_12.csv
2179,2,2,0,Reader_1_2.csv
2179,2,2,0,Reader_1_3.csv
2179,4,3,1,Reader_1_4.csv
2179,0,0,0,Reader_1_5.csv
2179,0,0,0,Reader_1_6.csv
2179,0,0,0,Reader_1_7.csv
2179,0,0,0,Reader_1_8.csv
2179,0,0,0,Reader_1_9.csv
2179,2,2,0,Reader_2_1.csv
2179,0,0,0,Reader_2_10.csv
2179,0,0,0,Reader_2_11.csv
2179,1,0,1,Reader_2_12.csv
2179,0,0,0,Reader_2_2.csv
2179,1,1,0,Reader_2_3.csv
2179,0,0,0,Reader_2_4.csv
2179,0,0,0,Reader_2_5.csv
2179,1,1,0,Reader_2_6.csv
2179,0,0,0,Reader_2_7.csv
2179,1,1,0,Reader_2_8.csv
2179,0,0,0,Reader_2_9.csv
2179,12,10,2,reader_3_1.csv
2179,8,6,2,Reader_3_2.csv
2179,4,4,0,Reader_3_3.csv
2179,4,4,0,Reader_3_4.csv
2179,4,4,0,Reader_3_5.csv
2179,3,3,0,Reader_3_6.csv
2179,2,1,1,Reader_3_7.csv
2180,4,4,0,Reader_1_1.csv
2180,0,0,0,Reader_1_10.csv
2180,0,0,0,Reader_1_11.csv
2180,0,0,0,Reader_1_12.csv
2180,2,2,0,Reader_1_2.csv
2180,3,3,0,Reader_1_3.csv
2180,3,2,1,Reader_1_4.csv
2180,0,0,0,Reader_1_5.csv
2180,0,0,0,Reader_1_6.csv
2180,1,0,1,Reader_1_7.csv
2180,0,0,0,Reader_1_8.csv
2180,0,0,0,Reader_1_9.csv
2180,2,2,0,Reader_2_1.csv
2180,0,0,0,Reader_2_10.csv
2180,0,0,0,Reader_2_11.csv
2180,2,1,1,Reader_2_12.csv
2180,0,0,0,Reader_2_2.csv
2180,1,1,0,Reader_2_3.csv
2180,0,0,0,Reader_2_4.csv
2180,0,0,0,Reader_2_5.csv
2180,1,1,0,Reader_2_6.csv
2180,0,0,0,Reader_2_7.csv
2180,1,1,0,Reader_2_8.csv
2180,0,0,0,Reader_2_9.csv
2180,12,10,2,reader_3_1.csv
2180,7,5,2,Reader_3_2.csv
2180,4,4,0,Reader_3_3.csv
2180,4,4,0,Reader_3_4.csv
2180,7,7,0,Reader_3_5.csv
2180,3,3,0,Reader_3_6.csv
2180,2,1,1,Reader_3_7.csv
2181,4,4,0,Reader_1_1.csv
2181,0,0,0,Reader_1_10.csv
2181,0,0,0,Reader_1_11.csv
2181,0,0,0,Reader_1_12.csv
2181,2,2,0,Reader_1_2.csv
2181,3,3,0,Reader_1_3.csv
2181,3,2,1,Reader_1_4.csv
2181,0,0,0,Reader_1_5.csv
2181,0,0,0,Reader_1_6.csv
2181,1,0,1,Reader_1_7.csv
2181,0,0,0,Reader_1_8.csv
2181,0,0,0,Reader_1_9.csv
2181,3,2,1,Reader_2_1.csv
2181,1,1,0,Reader_2_10.csv
2181,0,0,0,Reader_2_11.csv
2181,2,1,1,Reader_2_12.csv
2181,1,0,1,Reader_2_2.csv
2181,1,1,0,Reader_2_3.csv
2181,0,0,0,Reader_2_4.csv
2181,0,0,0,Reader_2_5.csv
2181,0,0,0,Reader_2_6.csv
2181,0,0,0,Reader_2_7.csv
2181,1,1,0,Reader_2_8.csv
2181,0,0,0,Reader_2_9.csv
2181,11,9,2,reader_3_1.csv
2181,6,4,2,Reader_3_2.csv
2181,5,5,0,Reader_3_3.csv
2181,5,5,0,Reader_3_4.csv
2181,7,7,0,Reader_3_5.csv
2181,3,3,0,Reader_3_6.csv
2181,2,1,1,Reader_3_7.csv
2182,4,3,1,Reader_1_1.csv
2182,0,0,0,Reader_1_10.csv
2182,0,0,0,Reader_1_11.csv
2182,0,0,0,Reader_1_12.csv
2182,2,2,0,Reader_1_2.csv
2182,4,4,0,Reader_1_3.csv
2182,3,2,1,Reader_1_4.csv
2182,0,0,0,Reader_1_5.csv
2182,0,0,0,Reader_1_6.csv
2182,1,0,1,Reader_1_7.csv
2182,0,0,0,Reader_1_8.csv
2182,0,0,0,Reader_1_9.csv
2182,3,2,1,Reader_2_1.csv
2182,1,1,0,Reader_2_10.csv
2182,0,0,0,Reader_2_11.csv
2182,2,1,1,Reader_2_12.csv
2182,1,0,1,Reader_2_2.csv
2182,1,1,0,Reader_2_3.csv
2182,0,0,0,Reader_2_4.csv
2182,0,0,0,Reader_2_5.csv
2182,0,0,0,Reader_2_6.csv
2182,0,0,0,Reader_2_7.csv
2182,1,1,0,Reader_2_8.csv
2182,0,0,0,Reader_2_9.csv
2182,11,9,2,reader_3_1.csv
2182,6,4,2,Reader_3_2.csv
2182,5,4,1,Reader_3_3.csv
2182,5,4,1,Reader_3_4.csv
2182,7,7,0,Reader_3_5.csv
2182,3,3,0,Reader_3_6.csv
2182,3,2,1,Reader_3_7.csv
2183,3,2,1,Reader_1_1.csv
2183,0,0,0,Reader_1_10.csv
2183,1,1,0,Reader_1_11.csv
2183,0,0,0,Reader_1_12.csv
2183,2,2,0,Reader_1_2.csv
2183,5,4,1,Reader_1_3.csv
2183,3,2,1,Reader_1_4.csv
2183,0,0,0,Reader_1_5.csv
2183,1,1,0,Reader_1_6.csv
2183,1,0,1,Reader_1_7.csv
2183,0,0,0,Reader_1_8.csv
2183,0,0,0,Reader_1_9.csv
2183,3,2,1,Reader_2_1.csv
2183,1,1,0,Reader_2_10.csv
2183,0,0,0,Reader_2_11.csv
2183,2,1,1,Reader_2_12.csv
2183,1,0,1,Reader_2_2.csv
2183,0,0,0,Reader_2_3.csv
2183,1,1,0,Reader_2_4.csv
2183,0,0,0,Reader_2_5.csv
2183,0,0,0,Reader_2_6.csv
2183,0,0,0,Reader_2_7.csv
2183,0,0,0,Reader_2_8.csv
2183,0,0,0,Reader_2_9.csv
2183,8,7,1,reader_3_1.csv
2183,5,4,1,Reader_3_2.csv
2183,5,4,1,Reader_3_3.csv
2183,5,4,1,Reader_3_4.csv
2183,5,5,0,Reader_3_5.csv
2183,3,3,0,Reader_3_6.csv
2183,3,2,1,Reader_3_7.csv
2184,3,2,1,Reader_1_1.csv
2184,0,0,0,Reader_1_10.csv
2184,1,1,0,Reader_1_11.csv
2184,0,0,0,Reader_1_12.csv
2184,2,2,0,Reader_1_2.csv
2184,5,4,1,Reader_1_3.csv
2184,2,1,1,Reader_1_4.csv
2184,0,0,0,Reader_1_5.csv
2184,1,1,0,Reader_1_6.csv
2184,1,0,1,Reader_1_7.csv
2184,0,0,0,Reader_1_8.csv
2184,0,0,0,Reader_1_9.csv
2184,3,2,1,Reader_2_1.csv
2184,1,1,0,Reader_2_10.csv
2184,0,0,0,Reader_2_11.csv
2184,4,3,1,Reader_2_12.csv
2184,1,0,1,Reader_2_2.csv
2184,0,0,0,Reader_2_3.csv
2184,2,2,0,Reader_2_4.csv
2184,0,0,0,Reader_2_5.csv
2184,0,0,0,Reader_2_6.csv
2184,0,0,0,Reader_2_7.csv
2184,0,0,0,Reader_2_8.csv
2184,0,0,0,Reader_2_9.csv
2184,6,6,0,reader_3_1.csv
2184,3,2,1,Reader_3_2.csv
2184,4,3,1,Reader_3_3.csv
2184,4,3,1,Reader_3_4.csv
2184,6,6,0,Reader_3_5.csv
2184,4,4,0,Reader_3_6.csv
2184,5,3,2,Reader_3_7.csv
2185,3,2,1,Reader_1_1.csv
2185,0,0,0,Reader_1_10.csv
2185,1,1,0,Reader_1_11.csv
2185,0,0,0,Reader_1_12.csv
2185,1,1,0,Reader_1_2.csv
2185,4,3,1,Reader_1_3.csv
2185,2,1,1,Reader_1_4.csv
2185,0,0,0,Reader_1_5.csv
2185,1,1,0,Reader_1_6.csv
2185,1,0,1,Reader_1_7.csv
2185,0,0,0,Reader_1_8.csv
2185,0,0,0,Reader_1_9.csv
2185,3,2,1,Reader_2_1.csv
2185,1,1,0,Reader_2_10.csv
2185,0,0,0,Reader_2_11.csv
2185,4,3,1,Reader_2_12.csv
2185,1,0,1,Reader_2_2.csv
2185,0,0,0,Reader_2_3.csv
2185,2,2,0,Reader_2_4.csv
2185,0,0,0,Reader_2_5.csv
2185,0,0,0,Reader_2_6.csv
2185,0,0,0,Reader_2_7.csv
2185,0,0,0,Reader_2_8.csv
2185,0,0,0,Reader_2_9.csv
2185,5,5,0,reader_3_1.csv
2185,2,2,0,Reader_3_2.csv
2185,3,2,1,Reader_3_3.csv
2185,3,2,1,Reader_3_4.csv
2185,6,6,0,Reader_3_5.csv
2185,5,5,0,Reader_3_6.csv
2185,4,3,1,Reader_3_7.csv
2186,2,1,1,Reader_1_1.csv
2186,0,0,0,Reader_1_10.csv
2186,1,1,0,Reader_1_11.csv
2186,0,0,0,Reader_1_12.csv
2186,1,1,0,Reader_1_2.csv
2186,3,2,1,Reader_1_3.csv
2186,1,1,0,Reader_1_4.csv
2186,0,0,0,Reader_1_5.csv
2186,1,1,0,Reader_1_6.csv
2186,1,0,1,Reader_1_7.csv
2186,0,0,0,Reader_1_8.csv
2186,0,0,0,Reader_1_9.csv
2186,1,0,1,Reader_2_1.csv
2186,1,1,0,Reader_2_10.csv
2186,0,0,0,Reader_2_11.csv
2186,5,3,2,Reader_2_12.csv
2186,2,0,2,Reader_2_2.csv
2186,0,0,0,Reader_2_3.csv
2186,3,3,0,Reader_2_4.csv
2186,0,0,0,Reader_2_5.csv
2186,0,0,0,Reader_2_6.csv
2186,0,0,0,Reader_2_7.csv
2186,0,0,0,Reader_2_8.csv
2186,0,0,0,Reader_2_9.csv
2186,4,4,0,reader_3_1.csv
2186,1,1,0,Reader_3_2.csv
2186,3,2,1,Reader_3_3.csv
2186,3,2,1,Reader_3_4.csv
2186,6,6,0,Reader_3_5.csv
2186,4,4,0,Reader_3_6.csv
2186,5,4,1,Reader_3_7.csv
2187,3,2,1,Reader_1_1.csv
2187,0,0,0,Reader_1_10.csv
2187,1,1,0,Reader_1_11.csv
2187,0,0,0,Reader_1_12.csv
2187,0,0,0,Reader_1_2.csv
2187,4,3,1,Reader_1_3.csv
2187,0,0,0,Reader_1_4.csv
2187,0,0,0,Reader_1_5.csv
2187,1,1,0,Reader_1_6.csv
2187,1,0,1,Reader_1_7.csv
2187,0,0,0,Reader_1_8.csv
2187,0,0,0,Reader_1_9.csv
2187,1,0,1,Reader_2_1.csv
2187,1,1,0,Reader_2_10.csv
2187,0,0,0,Reader_2_11.csv
2187,4,3,1,Reader_2_12.csv
2187,2,0,2,Reader_2_2.csv
2187,0,0,0,Reader_2_3.csv
2187,4,4,0,Reader_2_4.csv
2187,0,0,0,Reader_2_5.csv
2187,0,0,0,Reader_2_6.csv
2187,0,0,0,Reader_2_7.csv
2187,0,0,0,Reader_2_8.csv
2187,0,0,0,Reader_2_9.csv
2187,3,3,0,reader_3_1.csv
2187,1,1,0,Reader_3_2.csv
2187,5,4,1,Reader_3_3.csv
2187,5,4,1,Reader_3_4.csv
2187,7,7,0,Reader_3_5.csv
2187,3,3,0,Reader_3_6.csv
2187,4,3,1,Reader_3_7.csv
2188,3,2,1,Reader_1_1.csv
2188,0,0,0,Reader_1_10.csv
2188,2,2,0,Reader_1_11.csv
2188,0,0,0,Reader_1_12.csv
2188,0,0,0,Reader_1_2.csv
2188,3,2,1,Reader_1_3.csv
2188,0,0,0,Reader_1_4.csv
2188,0,0,0,Reader_1_5.csv
2188,1,1,0,Reader_1_6.csv
2188,0,0,0,Reader_1_7.csv
2188,0,0,0,Reader_1_8.csv
2188,0,0,0,Reader_1_9.csv
2188,2,1,1,Reader_2_1.csv
2188,1,1,0,Reader_2_10.csv
2188,0,0,0,Reader_2_11.csv
2188,3,2,1,Reader_2_12.csv
2188,2,0,2,Reader_2_2.csv
2188,0,0,0,Reader_2_3.csv
2188,4,4,0,Reader_2_4.csv
2188,0,0,0,Reader_2_5.csv
2188,0,0,0,Reader_2_6.csv
2188,0,0,0,Reader_2_7.csv
2188,0,0,0,Reader_2_8.csv
2188,0,0,0,Reader_2_9.csv
2188,3,3,0,reader_3_1.csv
2188,1,1,0,Reader_3_2.csv
2188,4,3,1,Reader_3_3.csv
2188,4,3,1,Reader_3_4.csv
2188,7,7,0,Reader_3_5.csv
2188,3,3,0,Reader_3_6.csv
2188,4,3,1,Reader_3_7.csv
2189,3,2,1,Reader_1_1.csv
2189,0,0,0,Reader_1_10.csv
2189,2,2,0,Reader_1_11.csv
2189,0,0,0,Reader_1_12.csv
2189,0,0,0,Reader_1_2.csv
2189,3,2,1,Reader_1_3.csv
2189,0,0,0,Reader_1_4.csv
2189,0,0,0,Reader_1_5.csv
2189,1,1,0,Reader_1_6.csv
2189,0,0,0,Reader_1_7.csv
2189,0,0,0,Reader_1_8.csv
2189,0,0,0,Reader_1_9.csv
2189,2,2,0,Reader_2_1.csv
2189,0,0,0,Reader_2_10.csv
2189,0,0,0,Reader_2_11.csv
2189,4,3,1,Reader_2_12.csv
2189,1,0,1,Reader_2_2.csv
2189,0,0,0,Reader_2_3.csv
2189,4,4,0,Reader_2_4.csv
2189,0,0,0,Reader_2_5.csv
2189,0,0,0,Reader_2_6.csv
2189,0,0,0,Reader_2_7.csv
2189,0,0,0,Reader_2_8.csv
2189,0,0,0,Reader_2_9.csv
2189,3,3,0,reader_3_1.csv
2189,3,3,0,Reader_3_2.csv
2189,4,3,1,Reader_3_3.csv
2189,4,3,1,Reader_3_4.csv
2189,8,8,0,Reader_3_5.csv
2189,2,2,0,Reader_3_6.csv
2189,5,3,2,Reader_3_7.csv
2190,2,2,0,Reader_1_1.csv
2190,0,0,0,Reader_1_10.csv
2190,2,2,0,Reader_1_11.csv
2190,0,0,0,Reader_1_12.csv
2190,0,0,0,Reader_1_2.csv
2190,3,1,2,Reader_1_3.csv
2190,0,0,0,Reader_1_4.csv
2190,0,0,0,Reader_1_5.csv
2190,1,1,0,Reader_1_6.csv
2190,0,0,0,Reader_1_7.csv
2190,0,0,0,Reader_1_8.csv
2190,0,0,0,Reader_1_9.csv
2190,2,2,0,Reader_2_1.csv
2190,0,0,0,Reader_2_10.csv
2190,0,0,0,Reader_2_11.csv
2190,4,3,1,Reader_2_12.csv
2190,2,0,2,Reader_2_2.csv
2190,0,0,0,Reader_2_3.csv
2190,4,4,0,Reader_2_4.csv
2190,0,0,0,Reader_2_5.csv
2190,0,0,0,Reader_2_6.csv
2190,0,0,0,Reader_2_7.csv
2190,0,0,0,Reader_2_8.csv
2190,0,0,0,Reader_2_9.csv
2190,4,4,0,reader_3_1.csv
2190,3,3,0,Reader_3_2.csv
2190,4,4,0,Reader_3_3.csv
2190,4,4,0,Reader_3_4.csv
2190,9,9,0,Reader_3_5.csv
2190,2,2,0,Reader_3_6.csv
2190,4,2,2,Reader_3_7.csv
2191,2,2,0,Reader_1_1.csv
2191,0,0,0,Reader_1_10.csv
2191,1,1,0,Reader_1_11.csv
2191,0,0,0,Reader_1_12.csv
2191,0,0,0,Reader_1_2.csv
2191,2,1,1,Reader_1_3.csv
2191,1,0,1,Reader_1_4.csv
2191,0,0,0,Reader_1_5.csv
2191,0,0,0,Reader_1_6.csv
2191,0,0,0,Reader_1_7.csv
2191,0,0,0,Reader_1_8.csv
2191,0,0,0,Reader_1_9.csv
2191,2,2,0,Reader_2_1.csv
2191,0,0,0,Reader_2_10.csv
2191,0,0,0,Reader_2_11.csv
2191,5,4,1,Reader_2_12.csv
2191,2,0,2,Reader_2_2.csv
2191,0,0,0,Reader_2_3.csv
2191,4,4,0,Reader_2_4.csv
2191,0,0,0,Reader_2_5.csv
2191,0,0,0,Reader_2_6.csv
2191,0,0,0,Reader_2_7.csv
2191,0,0,0,Reader_2_8.csv
2191,0,0,0,Reader_2_9.csv
2191,5,5,0,reader_3_1.csv
2191,3,3,0,Reader_3_2.csv
2191,4,4,0,Reader_3_3.csv
2191,4,4,0,Reader_3_4.csv
2191,12,12,0,Reader_3_5.csv
2191,2,2,0,Reader_3_6.csv
2191,5,3,2,Reader_3_7.csv
2192,2,2,0,Reader_1_1.csv
2192,0,0,0,Reader_1_10.csv
2192,1,1,0,Reader_1_11.csv
2192,0,0,0,Reader_1_12.csv
2192,0,0,0,Reader_1_2.csv
2192,2,1,1,Reader_1_3.csv
2192,2,1,1,Reader_1_4.csv
2192,0,0,0,Reader_1_5.csv
2192,0,0,0,Reader_1_6.csv
2192,0,0,0,Reader_1_7.csv
2192,0,0,0,Reader_1_8.csv
2192,0,0,0,Reader_1_9.csv
2192,2,2,0,Reader_2_1.csv
2192,0,0,0,Reader_2_10.csv
2192,0,0,0,Reader_2_11.csv
2192,3,2,1,Reader_2_12.csv
2192,2,0,2,Reader_2_2.csv
2192,0,0,0,Reader_2_3.csv
2192,3,3,0,Reader_2_4.csv
2192,0,0,0,Reader_2_5.csv
2192,0,0,0,Reader_2_6.csv
2192,0,0,0,Reader_2_7.csv
2192,0,0,0,Reader_2_8.csv
2192,0,0,0,Reader_2_9.csv
2192,6,5,1,reader_3_1.csv
2192,3,3,0,Reader_3_2.csv
2192,4,4,0,Reader_3_3.csv
2192,4,4,0,Reader_3_4.csv
2192,13,11,2,Reader_3_5.csv
2192,1,1,0,Reader_3_6.csv
2192,5,3,2,Reader_3_7.csv
2193,2,2,0,Reader_1_1.csv
2193,0,0,0,Reader_1_10.csv
2193,2,2,0,Reader_1_11.csv
2193,0,0,0,Reader_1_12.csv
2193,0,0,0,Reader_1_2.csv
2193,3,1,2,Reader_1_3.csv
2193,2,1,1,Reader_1_4.csv
2193,0,0,0,Reader_1_5.csv
2193,0,0,0,Reader_1_6.csv
2193,0,0,0,Reader_1_7.csv
2193,0,0,0,Reader_1_8.csv
2193,0,0,0,Reader_1_9.csv
2193,2,2,0,Reader_2_1.csv
2193,0,0,0,Reader_2_10.csv
2193,0,0,0,Reader_2_11.csv
2193,3,2,1,Reader_2_12.csv
2193,2,0,2,Reader_2_2.csv
2193,0,0,0,Reader_2_3.csv
2193,3,3,0,Reader_2_4.csv
2193,0,0,0,Reader_2_5.csv
2193,0,0,0,Reader_2_6.csv
2193,0,0,0,Reader_2_7.csv
2193,0,0,0,Reader_2_8.csv
2193,0,0,0,Reader_2_9.csv
2193,7,6,1,reader_3_1.csv
2193,4,3,1,Reader_3_2.csv
2193,4,4,0,Reader_3_3.csv
2193,4,4,0,Reader_3_4.csv
2193,13,11,2,Reader_3_5.csv
2193,1,1,0,Reader_3_6.csv
2193,7,4,3,Reader_3_7.csv
2194,2,2,0,Reader_1_1.csv
2194,0,0,0,Reader_1_10.csv
2194,2,2,0,Reader_1_11.csv
2194,0,0,0,Reader_1_12.csv
2194,0,0,0,Reader_1_2.csv
2194,6,4,2,Reader_1_3.csv
2194,2,1,1,Reader_1_4.csv
2194,0,0,0,Reader_1_5.csv
2194,0,0,0,Reader_1_6.csv
2194,0,0,0,Reader_1_7.csv
2194,1,1,0,Reader_1_8.csv
2194,0,0,0,Reader_1_9.csv
2194,2,2,0,Reader_2_1.csv
2194,0,0,0,Reader_2_10.csv
2194,0,0,0,Reader_2_11.csv
2194,3,3,0,Reader_2_12.csv
2194,1,0,1,Reader_2_2.csv
2194,0,0,0,Reader_2_3.csv
2194,2,2,0,Reader_2_4.csv
2194,0,0,0,Reader_2_5.csv
2194,0,0,0,Reader_2_6.csv
2194,0,0,0,Reader_2_7.csv
2194,0,0,0,Reader_2_8.csv
2194,0,0,0,Reader_2_9.csv
2194,10,8,2,reader_3_1.csv
2194,4,3,1,Reader_3_2.csv
2194,5,5,0,Reader_3_3.csv
2194,5,5,0,Reader_3_4.csv
2194,13,11,2,Reader_3_5.csv
2194,2,1,1,Reader_3_6.csv
2194,7,4,3,Reader_3_7.csv
2195,3,2,1,Reader_1_1.csv
2195,0,0,0,Reader_1_10.csv
2195,2,2,0,Reader_1_11.csv
2195,0,0,0,Reader_1_12.csv
2195,0,0,0,Reader_1_2.csv
2195,5,3,2,Reader_1_3.csv
2195,2,1,1,Reader_1_4.csv
2195,0,0,0,Reader_1_5.csv
2195,0,0,0,Reader_1_6.csv
2195,0,0,0,Reader_1_7.csv
2195,1,1,0,Reader_1_8.csv
2195,0,0,0,Reader_1_9.csv
2195,2,2,0,Reader_2_1.csv
2195,0,0,0,Reader_2_10.csv
2195,0,0,0,Reader_2_11.csv
2195,3,3,0,Reader_2_12.csv
2195,1,0,1,Reader_2_2.csv
2195,0,0,0,Reader_2_3.csv
2195,1,1,0,Reader_2_4.csv
2195,0,0,0,Reader_2_5.csv
2195,0,0,0,Reader_2_6.csv
2195,0,0,0,Reader_2_7.csv
2195,0,0,0,Reader_2_8.csv
2195,0,0,0,Reader_2_9.csv
2195,11,9,2,reader_3_1.csv
2195,4,3,1,Reader_3_2.csv
2195,4,4,0,Reader_3_3.csv
2195,4,4,0,Reader_3_4.csv
2195,12,10,2,Reader_3_5.csv
2195,2,1,1,Reader_3_6.csv
2195,7,4,3,Reader_3_7.csv
2196,4,3,1,Reader_1_1.csv
2196,0,0,0,Reader_1_10.csv
2196,1,1,0,Reader_1_11.csv
2196,0,0,0,Reader_1_12.csv
2196,0,0,0,Reader_1_2.csv
2196,5,3,2,Reader_1_3.csv
2196,2,1,1,Reader_1_4.csv
2196,0,0,0,Reader_1_5.csv
2196,0,0,0,Reader_1_6.csv
2196,0,0,0,Reader_1_7.csv
2196,1,1,0,Reader_1_8.csv
2196,0,0,0,Reader_1_9.csv
2196,1,1,0,Reader_2_1.csv
2196,0,0,0,Reader_2_10.csv
2196,0,0,0,Reader_2_11.csv
2196,3,3,0,Reader_2_12.csv
2196,1,0,1,Reader_2_2.csv
2196,0,0,0,Reader_2_3.csv
2196,1,1,0,Reader_2_4.csv
2196,0,0,0,Reader_2_5.csv
2196,0,0,0,Reader_2_6.csv
2196,0,0,0,Reader_2_7.csv
2196,0,0,0,Reader_2_8.csv
2196,0,0,0,Reader_2_9.csv
2196,10,8,2,reader_3_1.csv
2196,4,3,1,Reader_3_2.csv
2196,4,4,0,Reader_3_3.csv
2196,4,4,0,Reader_3_4.csv
2196,10,8,2,Reader_3_5.csv
2196,2,1,1,Reader_3_6.csv
2196,8,4,4,Reader_3_7.csv
2197,6,5,1,Reader_1_1.csv
2197,0,0,0,Reader_1_10.csv
2197,1,1,0,Reader_1_11.csv
2197,1,1,0,Reader_1_12.csv
2197,0,0,0,Reader_1_2.csv
2197,6,4,2,Reader_1_3.csv
2197,3,2,1,Reader_1_4.csv
2197,0,0,0,Reader_1_5.csv
2197,0,0,0,Reader_1_6.csv
2197,0,0,0,Reader_1_7.csv
2197,1,1,0,Reader_1_8.csv
2197,0,0,0,Reader_1_9.csv
2197,0,0,0,Reader_2_1.csv
2197,0,0,0,Reader_2_10.csv
2197,0,0,0,Reader_2_11.csv
2197,2,2,0,Reader_2_12.csv
2197,2,1,1,Reader_2_2.csv
2197,0,0,0,Reader_2_3.csv
2197,1,1,0,Reader_2_4.csv
2197,0,0,0,Reader_2_5.csv
2197,0,0,0,Reader_2_6.csv
2197,0,0,0,Reader_2_7.csv
2197,0,0,0,Reader_2_8.csv
2197,0,0,0,Reader_2_9.csv
2197,10,7,3,reader_3_1.csv
2197,3,2,1,Reader_3_2.csv
2197,4,3,1,Reader_3_3.csv
2197,4,3,1,Reader_3_4.csv
2197,9,7,2,Reader_3_5.csv
2197,3,1,2,Reader_3_6.csv
2197,7,4,3,Reader_3_7.csv
2198,6,5,1,Reader_1_1.csv
2198,0,0,0,Reader_1_10.csv
2198,1,1,0,Reader_1_11.csv
2198,1,1,0,Reader_1_12.csv
2198,1,1,0,Reader_1_2.csv
2198,6,5,1,Reader_1_3.csv
2198,3,2,1,Reader_1_4.csv
2198,0,0,0,Reader_1_5.csv
2198,0,0,0,Reader_1_6.csv
2198,0,0,0,Reader_1_7.csv
2198,1,1,0,Reader_1_8.csv
2198,0,0,0,Reader_1_9.csv
2198,0,0,0,Reader_2_1.csv
2198,0,0,0,Reader_2_10.csv
2198,0,0,0,Reader_2_11.csv
2198,3,3,0,Reader_2_12.csv
2198,1,1,0,Reader_2_2.csv
2198,0,0,0,Reader_2_3.csv
2198,2,2,0,Reader_2_4.csv
2198,0,0,0,Reader_2_5.csv
2198,0,0,0,Reader_2_6.csv
2198,0,0,0,Reader_2_7.csv
2198,0,0,0,Reader_2_8.csv
2198,0,0,0,Reader_2_9.csv
2198,10,7,3,reader_3_1.csv
2198,3,2,1,Reader_3_2.csv
2198,8,6,2,Reader_3_3.csv
2198,8,6,2,Reader_3_4.csv
2198,9,6,3,Reader_3_5.csv
2198,3,1,2,Reader_3_6.csv
2198,7,4,3,Reader_3_7.csv
2199,7,6,1,Reader_1_1.csv
2199,0,0,0,Reader_1_10.csv
2199,1,1,0,Reader_1_11.csv
2199,1,1,0,Reader_1_12.csv
2199,1,1,0,Reader_1_2.csv
2199,6,5,1,Reader_1_3.csv
2199,2,2,0,Reader_1_4.csv
2199,0,0,0,Reader_1_5.csv
2199,0,0,0,Reader_1_6.csv
2199,0,0,0,Reader_1_7.csv
2199,2,2,0,Reader_1_8.csv
2199,0,0,0,Reader_1_9.csv
2199,1,1,0,Reader_2_1.csv
2199,0,0,0,Reader_2_10.csv
2199,0,0,0,Reader_2_11.csv
2199,2,2,0,Reader_2_12.csv
2199,1,1,0,Reader_2_2.csv
2199,0,0,0,Reader_2_3.csv
2199,1,1,0,Reader_2_4.csv
2199,0,0,0,Reader_2_5.csv
2199,0,0,0,Reader_2_6.csv
2199,0,0,0,Reader_2_7.csv
2199,0,0,0,Reader_2_8.csv
2199,0,0,0,Reader_2_9.csv
2199,10,7,3,reader_3_1.csv
2199,5,4,1,Reader_3_2.csv
2199,10,8,2,Reader_3_3.csv
2199,10,8,2,Reader_3_4.csv
2199,7,4,3,Reader_3_5.csv
2199,3,1,2,Reader_3_6.csv
2199,6,3,3,Reader_3_7.csv
2200,6,5,1,Reader_1_1.csv
2200,0,0,0,Reader_1_10.csv
2200,1,1,0,Reader_1_11.csv
2200,1,1,0,Reader_1_12.csv
2200,1,1,0,Reader_1_2.csv
2200,6,5,1,Reader_1_3.csv
2200,1,1,0,Reader_1_4.csv
2200,0,0,0,Reader_1_5.csv
2200,1,1,0,Reader_1_6.csv
2200,0,0,0,Reader_1_7.csv
2200,2,2,0,Reader_1_8.csv
2200,0,0,0,Reader_1_9.csv
2200,1,1,0,Reader_2_1.csv
2200,0,0,0,Reader_2_10.csv
2200,0,0,0,Reader_2_11.csv
2200,2,2,0,Reader_2_12.csv
2200,1,1,0,Reader_2_2.csv
2200,0,0,0,Reader_2_3.csv
2200,1,1,0,Reader_2_4.csv
2200,0,0,0,Reader_2_5.csv
2200,0,0,0,Reader_2_6.csv
2200,0,0,0,Reader_2_7.csv
2200,0,0,0,Reader_2_8.csv
2200,0,0,0,Reader_2_9.csv
2200,9,7,2,reader_3_1.csv
2200,6,5,1,Reader_3_2.csv
2200,15,11,4,Reader_3_3.csv
2200,15,11,4,Reader_3_4.csv
2200,5,4,1,Reader_3_5.csv
2200,3,1,2,Reader_3_6.csv
2200,4,2,2,Reader_3_7.csv
2201,6,5,1,Reader_1_1.csv
2201,0,0,0,Reader_1_10.csv
2201,0,0,0,Reader_1_11.csv
2201,2,2,0,Reader_1_12.csv
2201,1,1,0,Reader_1_2.csv
2201,5,5,0,Reader_1_3.csv
2201,1,1,0,Reader_1_4.csv
2201,0,0,0,Reader_1_5.csv
2201,1,1,0,Reader_1_6.csv
2201,0,0,0,Reader_1_7.csv
2201,2,2,0,Reader_1_8.csv
2201,0,0,0,Reader_1_9.csv
2201,1,1,0,Reader_2_1.csv
2201,0,0,0,Reader_2_10.csv
2201,0,0,0,Reader_2_11.csv
2201,3,3,0,Reader_2_12.csv
2201,1,1,0,Reader_2_2.csv
2201,0,0,0,Reader_2_3.csv
2201,1,1,0,Reader_2_4.csv
2201,0,0,0,Reader_2_5.csv
2201,0,0,0,Reader_2_6.csv
2201,0,0,0,Reader_2_7.csv
2201,0,0,0,Reader_2_8.csv
2201,0,0,0,Reader_2_9.csv
2201,11,8,3,reader_3_1.csv
2201,5,5,0,Reader_3_2.csv
2201,17,13,4,Reader_3_3.csv
2201,17,13,4,Reader_3_4.csv
2201,6,4,2,Reader_3_5.csv
2201,3,0,3,Reader_3_6.csv
2201,2,1,1,Reader_3_7.csv
2202,6,5,1,Reader_1_1.csv
2202,0,0,0,Reader_1_10.csv
2202,0,0,0,Reader_1_11.csv
2202,2,2,0,Reader_1_12.csv
2202,1,1,0,Reader_1_2.csv
2202,2,2,0,Reader_1_3.csv
2202,2,1,1,Reader_1_4.csv
2202,0,0,0,Reader_1_5.csv
2202,1,1,0,Reader_1_6.csv
2202,0,0,0,Reader_1_7.csv
2202,1,1,0,Reader_1_8.csv
2202,0,0,0,Reader_1_9.csv
2202,1,1,0,Reader_2_1.csv
2202,0,0,0,Reader_2_10.csv
2202,0,0,0,Reader_2_11.csv
2202,2,2,0,Reader_2_12.csv
2202,1,1,0,Reader_2_2.csv
2202,0,0,0,Reader_2_3.csv
2202,1,1,0,Reader_2_4.csv
2202,0,0,0,Reader_2_5.csv
2202,0,0,0,Reader_2_6.csv
2202,0,0,0,Reader_2_7.csv
2202,0,0,0,Reader_2_8.csv
2202,0,0,0,Reader_2_9.csv
2202,10,7,3,reader_3_1.csv
2202,5,5,0,Reader_3_2.csv
2202,24,18,6,Reader_3_3.csv
2202,24,18,6,Reader_3_4.csv
2202,6,4,2,Reader_3_5.csv
2202,2,0,2,Reader_3_6.csv
2202,1,0,1,Reader_3_7.csv
2203,5,5,0,Reader_1_1.csv
2203,0,0,0,Reader_1_10.csv
2203,0,0,0,Reader_1_11.csv
2203,2,2,0,Reader_1_12.csv
2203,1,1,0,Reader_1_2.csv
2203,2,2,0,Reader_1_3.csv
2203,2,1,1,Reader_1_4.csv
2203,0,0,0,Reader_1_5.csv
2203,1,1,0,Reader_1_6.csv
2203,0,0,0,Reader_1_7.csv
2203,1,1,0,Reader_1_8.csv
2203,0,0,0,Reader_1_9.csv
2203,2,1,1,Reader_2_1.csv
2203,0,0,0,Reader_2_10.csv
2203,0,0,0,Reader_2_11.csv
2203,3,3,0,Reader_2_12.csv
2203,2,2,0,Reader_2_2.csv
2203,0,0,0,Reader_2_3.csv
2203,1,1,0,Reader_2_4.csv
2203,0,0,0,Reader_2_5.csv
2203,0,0,0,Reader_2_6.csv
2203,0,0,0,Reader_2_7.csv
2203,0,0,0,Reader_2_8.csv
2203,0,0,0,Reader_2_9.csv
2203,11,8,3,reader_3_1.csv
2203,9,8,1,Reader_3_2.csv
2203,34,24,10,Reader_3_3.csv
2203,34,24,10,Reader_3_4.csv
2203,6,4,2,Reader_3_5.csv
2203,2,0,2,Reader_3_6.csv
2203,2,1,1,Reader_3_7.csv
2204,5,5,0,Reader_1_1.csv
2204,0,0,0,Reader_1_10.csv
2204,0,0,0,Reader_1_11.csv
2204,2,2,0,Reader_1_12.csv
2204,2,2,0,Reader_1_2.csv
2204,2,2,0,Reader_1_3.csv
2204,3,2,1,Reader_1_4.csv
2204,0,0,0,Reader_1_5.csv
2204,1,1,0,Reader_1_6.csv
2204,0,0,0,Reader_1_7.csv
2204,1,1,0,Reader_1_8.csv
2204,0,0,0,Reader_1_9.csv
2204,2,1,1,Reader_2_1.csv
2204,0,0,0,Reader_2_10.csv
2204,0,0,0,Reader_2_11.csv
2204,3,3,0,Reader_2_12.csv
2204,2,2,0,Reader_2_2.csv
2204,0,0,0,Reader_2_3.csv
2204,1,1,0,Reader_2_4.csv
2204,0,0,0,Reader_2_5.csv
2204,0,0,0,Reader_2_6.csv
2204,0,0,0,Reader_2_7.csv
2204,0,0,0,Reader_2_8.csv
2204,0,0,0,Reader_2_9.csv
2204,12,9,3,reader_3_1.csv
2204,10,9,1,Reader_3_2.csv
2204,37,26,11,Reader_3_3.csv
2204,37,26,11,Reader_3_4.csv
2204,5,3,2,Reader_3_5.csv
2204,2,0,2,Reader_3_6.csv
2204,1,1,0,Reader_3_7.csv
2205,3,3,0,Reader_1_1.csv
2205,0,0,0,Reader_1_10.csv
2205,0,0,0,Reader_1_11.csv
2205,1,1,0,Reader_1_12.csv
2205,2,2,0,Reader_1_2.csv
2205,2,2,0,Reader_1_3.csv
2205,2,1,1,Reader_1_4.csv
2205,0,0,0,Reader_1_5.csv
2205,1,1,0,Reader_1_6.csv
2205,0,0,0,Reader_1_7.csv
2205,1,1,0,Reader_1_8.csv
2205,0,0,0,Reader_1_9.csv
2205,2,1,1,Reader_2_1.csv
2205,0,0,0,Reader_2_10.csv
2205,0,0,0,Reader_2_11.csv
2205,3,3,0,Reader_2_12.csv
2205,1,1,0,Reader_2_2.csv
2205,0,0,0,Reader_2_3.csv
2205,1,1,0,Reader_2_4.csv
2205,0,0,0,Reader_2_5.csv
2205,0,0,0,Reader_2_6.csv
2205,0,0,0,Reader_2_7.csv
2205,0,0,0,Reader_2_8.csv
2205,0,0,0,Reader_2_9.csv
2205,13,10,3,reader_3_1.csv
2205,12,11,1,Reader_3_2.csv
2205,38,28,10,Reader_3_3.csv
2205,38,28,10,Reader_3_4.csv
2205,5,3,2,Reader_3_5.csv
2205,1,0,1,Reader_3_6.csv
2205,1,1,0,Reader_3_7.csv
2206,6,6,0,Reader_1_1.csv
2206,0,0,0,Reader_1_10.csv
2206,0,0,0,Reader_1_11.csv
2206,1,1,0,Reader_1_12.csv
2206,1,1,0,Reader_1_2.csv
2206,2,2,0,Reader_1_3.csv
2206,3,2,1,Reader_1_4.csv
2206,0,0,0,Reader_1_5.csv
2206,2,2,0,Reader_1_6.csv
2206,0,0,0,Reader_1_7.csv
2206,1,1,0,Reader_1_8.csv
2206,0,0,0,Reader_1_9.csv
2206,2,1,1,Reader_2_1.csv
2206,0,0,0,Reader_2_10.csv
2206,0,0,0,Reader_2_11.csv
2206,2,2,0,Reader_2_12.csv
2206,1,1,0,Reader_2_2.csv
2206,0,0,0,Reader_2_3.csv
2206,0,0,0,Reader_2_4.csv
2206,0,0,0,Reader_2_5.csv
2206,0,0,0,Reader_2_6.csv
2206,0,0,0,Reader_2_7.csv
2206,0,0,0,Reader_2_8.csv
2206,0,0,0,Reader_2_9.csv
2206,14,11,3,reader_3_1.csv
2206,11,10,1,Reader_3_2.csv
2206,38,27,11,Reader_3_3.csv
2206,38,27,11,Reader_3_4.csv
2206,4,3,1,Reader_3_5.csv
2206,1,0,1,Reader_3_6.csv
2206,1,1,0,Reader_3_7.csv
2207,5,5,0,Reader_1_1.csv
2207,0,0,0,Reader_1_10.csv
2207,0,0,0,Reader_1_11.csv
2207,1,1,0,Reader_1_12.csv
2207,2,2,0,Reader_1_2.csv
2207,3,3,0,Reader_1_3.csv
2207,3,2,1,Reader_1_4.csv
2207,1,1,0,Reader_1_5.csv
2207,2,2,0,Reader_1_6.csv
2207,0,0,0,Reader_1_7.csv
2207,0,0,0,Reader_1_8.csv
2207,0,0,0,Reader_1_9.csv
2207,1,0,1,Reader_2_1.csv
2207,0,0,0,Reader_2_10.csv
2207,0,0,0,Reader_2_11.csv
2207,2,2,0,Reader_2_12.csv
2207,1,1,0,Reader_2_2.csv
2207,0,0,0,Reader_2_3.csv
2207,0,0,0,Reader_2_4.csv
2207,0,0,0,Reader_2_5.csv
2207,0,0,0,Reader_2_6.csv
2207,0,0,0,Reader_2_7.csv
2207,0,0,0,Reader_2_8.csv
2207,0,0,0,Reader_2_9.csv
2207,13,10,3,reader_3_1.csv
2207,14,12,2,Reader_3_2.csv
2207,39,27,12,Reader_3_3.csv
2207,39,27,12,Reader_3_4.csv
2207,4,3,1,Reader_3_5.csv
2207,1,0,1,Reader_3_6.csv
2207,1,1,0,Reader_3_7.csv
2208,5,5,0,Reader_1_1.csv
2208,0,0,0,Reader_1_10.csv
2208,0,0,0,Reader_1_11.csv
2208,1,1,0,Reader_1_12.csv
2208,2,2,0,Reader_1_2.csv
2208,3,3,0,Reader_1_3.csv
2208,3,2,1,Reader_1_4.csv
2208,1,1,0,Reader_1_5.csv
2208,1,1,0,Reader_1_6.csv
2208,0,0,0,Reader_1_7.csv
2208,0,0,0,Reader_1_8.csv
2208,0,0,0,Reader_1_9.csv
2208,1,0,1,Reader_2_1.csv
2208,0,0,0,Reader_2_10.csv
2208,0,0,0,Reader_2_11.csv
2208,2,2,0,Reader_2_12.csv
2208,1,1,0,Reader_2_2.csv
2208,0,0,0,Reader_2_3.csv
2208,1,0,1,Reader_2_4.csv
2208,0,0,0,Reader_2_5.csv
2208,0,0,0,Reader_2_6.csv
2208,0,0,0,Reader_2_7.csv
2208,0,0,0,Reader_2_8.csv
2208,0,0,0,Reader_2_9.csv
2208,14,11,3,reader_3_1.csv
2208,13,11,2,Reader_3_2.csv
2208,35,25,10,Reader_3_3.csv
2208,35,25,10,Reader_3_4.csv
2208,4,3,1,Reader_3_5.csv
2208,1,0,1,Reader_3_6.csv
2208,2,2,0,Reader_3_7.csv
2209,5,5,0,Reader_1_1.csv
2209,0,0,0,Reader_1_10.csv
2209,0,0,0,Reader_1_11.csv
2209,0,0,0,Reader_1_12.csv
2209,2,2,0,Reader_1_2.csv
2209,3,3,0,Reader_1_3.csv
2209,3,2,1,Reader_1_4.csv
2209,1,1,0,Reader_1_5.csv
2209,1,1,0,Reader_1_6.csv
2209,0,0,0,Reader_1_7.csv
2209,1,1,0,Reader_1_8.csv
2209,0,0,0,Reader_1_9.csv
2209,1,0,1,Reader_2_1.csv
2209,0,0,0,Reader_2_10.csv
2209,0,0,0,Reader_2_11.csv
2209,2,2,0,Reader_2_12.csv
2209,1,1,0,Reader_2_2.csv
2209,0,0,0,Reader_2_3.csv
2209,1,0,1,Reader_2_4.csv
2209,0,0,0,Reader_2_5.csv
2209,0,0,0,Reader_2_6.csv
2209,0,0,0,Reader_2_7.csv
2209,0,0,0,Reader_2_8.csv
2209,0,0,0,Reader_2_9.csv
2209,12,10,2,reader_3_1.csv
2209,14,11,3,Reader_3_2.csv
2209,35,25,10,Reader_3_3.csv
2209,35,25,10,Reader_3_4.csv
2209,2,2,0,Reader_3_5.csv
2209,1,1,0,Reader_3_6.csv
2209,2,2,0,Reader_3_7.csv
2210,7,7,0,Reader_1_1.csv
2210,1,1,0,Reader_1_10.csv
2210,0,0,0,Reader_1_11.csv
2210,0,0,0,Reader_1_12.csv
2210,2,2,0,Reader_1_2.csv
2210,3,3,0,Reader_1_3.csv
2210,2,2,0,Reader_1_4.csv
2210,1,1,0,Reader_1_5.csv
2210,1,1,0,Reader_1_6.csv
2210,0,0,0,Reader_1_7.csv
2210,1,1,0,Reader_1_8.csv
2210,0,0,0,Reader_1_9.csv
2210,1,0,1,Reader_2_1.csv
2210,0,0,0,Reader_2_10.csv
2210,0,0,0,Reader_2_11.csv
2210,2,2,0,Reader_2_12.csv
2210,1,1,0,Reader_2_2.csv
2210,0,0,0,Reader_2_3.csv
2210,2,1,1,Reader_2_4.csv
2210,0,0,0,Reader_2_5.csv
2210,0,0,0,Reader_2_6.csv
2210,0,0,0,Reader_2_7.csv
2210,0,0,0,Reader_2_8.csv
2210,0,0,0,Reader_2_9.csv
2210,11,10,1,reader_3_1.csv
2210,18,14,4,Reader_3_2.csv
2210,27,19,8,Reader_3_3.csv
2210,27,19,8,Reader_3_4.csv
2210,3,3,0,Reader_3_5.csv
2210,1,1,0,Reader_3_6.csv
2210,2,2,0,Reader_3_7.csv
2211,6,6,0,Reader_1_1.csv
2211,1,1,0,Reader_1_10.csv
2211,0,0,0,Reader_1_11.csv
2211,0,0,0,Reader_1_12.csv
2211,2,2,0,Reader_1_2.csv
2211,4,4,0,Reader_1_3.csv
2211,2,2,0,Reader_1_4.csv
2211,1,1,0,Reader_1_5.csv
2211,1,1,0,Reader_1_6.csv
2211,0,0,0,Reader_1_7.csv
2211,1,1,0,Reader_1_8.csv
2211,0,0,0,Reader_1_9.csv
2211,0,0,0,Reader_2_1.csv
2211,0,0,0,Reader_2_10.csv
2211,0,0,0,Reader_2_11.csv
2211,1,1,0,Reader_2_12.csv
2211,0,0,0,Reader_2_2.csv
2211,0,0,0,Reader_2_3.csv
2211,2,1,1,Reader_2_4.csv
2211,0,0,0,Reader_2_5.csv
2211,0,0,0,Reader_2_6.csv
2211,0,0,0,Reader_2_7.csv
2211,0,0,0,Reader_2_8.csv
2211,0,0,0,Reader_2_9.csv
2211,9,8,1,reader_3_1.csv
2211,16,13,3,Reader_3_2.csv
2211,20,14,6,Reader_3_3.csv
2211,20,14,6,Reader_3_4.csv
2211,4,4,0,Reader_3_5.csv
2211,1,1,0,Reader_3_6.csv
2211,1,1,0,Reader_3_7.csv
2212,5,5,0,Reader_1_1.csv
2212,1,1,0,Reader_1_10.csv
2212,0,0,0,Reader_1_11.csv
2212,1,1,0,Reader_1_12.csv
2212,1,1,0,Reader_1_2.csv
2212,4,4,0,Reader_1_3.csv
2212,1,1,0,Reader_1_4.csv
2212,2,2,0,Reader_1_5.csv
2212,2,2,0,Reader_1_6.csv
2212,1,1,0,Reader_1_7.csv
2212,1,1,0,Reader_1_8.csv
2212,0,0,0,Reader_1_9.csv
2212,0,0,0,Reader_2_1.csv
2212,0,0,0,Reader_2_10.csv
2212,0,0,0,Reader_2_11.csv
2212,1,1,0,Reader_2_12.csv
2212,0,0,0,Reader_2_2.csv
2212,0,0,0,Reader_2_3.csv
2212,2,1,1,Reader_2_4.csv
2212,0,0,0,Reader_2_5.csv
2212,0,0,0,Reader_2_6.csv
2212,0,0,0,Reader_2_7.csv
2212,0,0,0,Reader_2_8.csv
2212,0,0,0,Reader_2_9.csv
2212,9,8,1,reader_3_1.csv
2212,19,16,3,Reader_3_2.csv
2212,19,13,6,Reader_3_3.csv
2212,19,13,6,Reader_3_4.csv
2212,4,4,0,Reader_3_5.csv
2212,2,2,0,Reader_3_6.csv
2212,1,1,0,Reader_3_7.csv
2213,5,5,0,Reader_1_1.csv
2213,1,1,0,Reader_1_10.csv
2213,0,0,0,Reader_1_11.csv
2213,1,1,0,Reader_1_12.csv
2213,1,1,0,Reader_1_2.csv
2213,4,4,0,Reader_1_3.csv
2213,1,1,0,Reader_1_4.csv
2213,2,2,0,Reader_1_5.csv
2213,2,2,0,Reader_1_6.csv
2213,1,1,0,Reader_1_7.csv
2213,1,1,0,Reader_1_8.csv
2213,1,1,0,Reader_1_9.csv
2213,0,0,0,Reader_2_1.csv
2213,0,0,0,Reader_2_10.csv
2213,0,0,0,Reader_2_11.csv
2213,1,1,0,Reader_2_12.csv
2213,1,1,0,Reader_2_2.csv
2213,0,0,0,Reader_2_3.csv
2213,2,1,1,Reader_2_4.csv
2213,0,0,0,Reader_2_5.csv
2213,0,0,0,Reader_2_6.csv
2213,0,0,0,Reader_2_7.csv
2213,0,0,0,Reader_2_8.csv
2213,0,0,0,Reader_2_9.csv
2213,9,9,0,reader_3_1.csv
2213,18,15,3,Reader_3_2.csv
2213,18,11,7,Reader_3_3.csv
2213,18,11,7,Reader_3_4.csv
2213,5,5,0,Reader_3_5.csv
2213,3,3,0,Reader_3_6.csv
2213,2,1,1,Reader_3_7.csv
2214,3,3,0,Reader_1_1.csv
2214,1,1,0,Reader_1_10.csv
2214,0,0,0,Reader_1_11.csv
2214,1,1,0,Reader_1_12.csv
2214,2,2,0,Reader_1_2.csv
2214,4,4,0,Reader_1_3.csv
2214,0,0,0,Reader_1_4.csv
2214,2,2,0,Reader_1_5.csv
2214,1,1,0,Reader_1_6.csv
2214,1,1,0,Reader_1_7.csv
2214,1,1,0,Reader_1_8.csv
2214,1,1,0,Reader_1_9.csv
2214,0,0,0,Reader_2_1.csv
2214,0,0,0,Reader_2_10.csv
2214,0,0,0,Reader_2_11.csv
2214,2,2,0,Reader_2_12.csv
2214,1,1,0,Reader_2_2.csv
2214,0,0,0,Reader_2_3.csv
2214,2,1,1,Reader_2_4.csv
2214,0,0,0,Reader_2_5.csv
2214,0,0,0,Reader_2_6.csv
2214,0,0,0,Reader_2_7.csv
2214,0,0,0,Reader_2_8.csv
2214,0,0,0,Reader_2_9.csv
2214,8,8,0,reader_3_1.csv
2214,19,16,3,Reader_3_2.csv
2214,14,9,5,Reader_3_3.csv
2214,14,9,5,Reader_3_4.csv
2214,5,5,0,Reader_3_5.csv
2214,3,3,0,Reader_3_6.csv
2214,2,1,1,Reader_3_7.csv
2215,7,6,1,Reader_1_1.csv
2215,1,1,0,Reader_1_10.csv
2215,1,1,0,Reader_1_11.csv
2215,1,1,0,Reader_1_12.csv
2215,1,1,0,Reader_1_2.csv
2215,3,3,0,Reader_1_3.csv
2215,0,0,0,Reader_1_4.csv
2215,1,1,0,Reader_1_5.csv
2215,1,1,0,Reader_1_6.csv
2215,1,1,0,Reader_1_7.csv
2215,1,1,0,Reader_1_8.csv
2215,1,1,0,Reader_1_9.csv
2215,1,0,1,Reader_2_1.csv
2215,0,0,0,Reader_2_10.csv
2215,0,0,0,Reader_2_11.csv
2215,3,3,0,Reader_2_12.csv
2215,1,1,0,Reader_2_2.csv
2215,0,0,0,Reader_2_3.csv
2215,2,1,1,Reader_2_4.csv
2215,0,0,0,Reader_2_5.csv
2215,0,0,0,Reader_2_6.csv
2215,0,0,0,Reader_2_7.csv
2215,0,0,0,Reader_2_8.csv
2215,0,0,0,Reader_2_9.csv
2215,7,7,0,reader_3_1.csv
2215,14,12,2,Reader_3_2.csv
2215,13,8,5,Reader_3_3.csv
2215,13,8,5,Reader_3_4.csv
2215,4,4,0,Reader_3_5.csv
2215,3,3,0,Reader_3_6.csv
2215,3,1,2,Reader_3_7.csv
2216,7,6,1,Reader_1_1.csv
2216,1,1,0,Reader_1_10.csv
2216,1,1,0,Reader_1_11.csv
2216,2,2,0,Reader_1_12.csv
2216,1,1,0,Reader_1_2.csv
2216,3,3,0,Reader_1_3.csv
2216,0,0,0,Reader_1_4.csv
2216,2,1,1,Reader_1_5.csv
2216,1,1,0,Reader_1_6.csv
2216,1,1,0,Reader_1_7.csv
2216,1,1,0,Reader_1_8.csv
2216,1,1,0,Reader_1_9.csv
2216,1,0,1,Reader_2_1.csv
2216,0,0,0,Reader_2_10.csv
2216,0,0,0,Reader_2_11.csv
2216,3,3,0,Reader_2_12.csv
2216,1,1,0,Reader_2_2.csv
2216,0,0,0,Reader_2_3.csv
2216,1,1,0,Reader_2_4.csv
2216,0,0,0,Reader_2_5.csv
2216,0,0,0,Reader_2_6.csv
2216,0,0,0,Reader_2_7.csv
2216,0,0,0,Reader_2_8.csv
2216,0,0,0,Reader_2_9.csv
2216,8,8,0,reader_3_1.csv
2216,16,14,2,Reader_3_2.csv
2216,12,7,5,Reader_3_3.csv
2216,12,7,5,Reader_3_4.csv
2216,4,4,0,Reader_3_5.csv
2216,3,3,0,Reader_3_6.csv
2216,3,1,2,Reader_3_7.csv
2217,8,7,1,Reader_1_1.csv
2217,1,1,0,Reader_1_10.csv
2217,1,1,0,Reader_1_11.csv
2217,2,2,0,Reader_1_12.csv
2217,1,1,0,Reader_1_2.csv
2217,4,3,1,Reader_1_3.csv
2217,0,0,0,Reader_1_4.csv
2217,2,1,1,Reader_1_5.csv
2217,1,1,0,Reader_1_6.csv
2217,2,1,1,Reader_1_7.csv
2217,0,0,0,Reader_1_8.csv
2217,2,2,0,Reader_1_9.csv
2217,1,0,1,Reader_2_1.csv
2217,0,0,0,Reader_2_10.csv
2217,0,0,0,Reader_2_11.csv
2217,2,2,0,Reader_2_12.csv
2217,1,1,0,Reader_2_2.csv
2217,0,0,0,Reader_2_3.csv
2217,1,1,0,Reader_2_4.csv
2217,0,0,0,Reader_2_5.csv
2217,0,0,0,Reader_2_6.csv
2217,0,0,0,Reader_2_7.csv
2217,0,0,0,Reader_2_8.csv
2217,0,0,0,Reader_2_9.csv
2217,11,11,0,reader_3_1.csv
2217,17,16,1,Reader_3_2.csv
2217,12,5,7,Reader_3_3.csv
2217,12,5,7,Reader_3_4.csv
2217,4,4,0,Reader_3_5.csv
2217,2,2,0,Reader_3_6.csv
2217,4,2,2,Reader_3_7.csv
2218,7,6,1,Reader_1_1.csv
2218,0,0,0,Reader_1_10.csv
2218,1,1,0,Reader_1_11.csv
2218,2,2,0,Reader_1_12.csv
2218,1,1,0,Reader_1_2.csv
2218,5,4,1,Reader_1_3.csv
2218,0,0,0,Reader_1_4.csv
2218,2,1,1,Reader_1_5.csv
2218,1,1,0,Reader_1_6.csv
2218,2,1,1,Reader_1_7.csv
2218,1,1,0,Reader_1_8.csv
2218,2,2,0,Reader_1_9.csv
2218,1,0,1,Reader_2_1.csv
2218,0,0,0,Reader_2_10.csv
2218,0,0,0,Reader_2_11.csv
2218,2,2,0,Reader_2_12.csv
2218,1,1,0,Reader_2_2.csv
2218,0,0,0,Reader_2_3.csv
2218,1,1,0,Reader_2_4.csv
2218,0,0,0,Reader_2_5.csv
2218,0,0,0,Reader_2_6.csv
2218,0,0,0,Reader_2_7.csv
2218,0,0,0,Reader_2_8.csv
2218,0,0,0,Reader_2_9.csv
2218,14,13,1,reader_3_1.csv
2218,15,15,0,Reader_3_2.csv
2218,15,8,7,Reader_3_3.csv
2218,15,8,7,Reader_3_4.csv
2218,4,3,1,Reader_3_5.csv
2218,4,4,0,Reader_3_6.csv
2218,4,2,2,Reader_3_7.csv
2219,7,6,1,Reader_1_1.csv
2219,0,0,0,Reader_1_10.csv
2219,1,1,0,Reader_1_11.csv
2219,2,2,0,Reader_1_12.csv
2219,1,1,0,Reader_1_2.csv
2219,5,4,1,Reader_1_3.csv
2219,0,0,0,Reader_1_4.csv
2219,2,1,1,Reader_1_5.csv
2219,1,1,0,Reader_1_6.csv
2219,2,1,1,Reader_1_7.csv
2219,1,1,0,Reader_1_8.csv
2219,2,2,0,Reader_1_9.csv
2219,1,0,1,Reader_2_1.csv
2219,0,0,0,Reader_2_10.csv
2219,0,0,0,Reader_2_11.csv
2219,2,2,0,Reader_2_12.csv
2219,1,1,0,Reader_2_2.csv
2219,0,0,0,Reader_2_3.csv
2219,1,1,0,Reader_2_4.csv
2219,0,0,0,Reader_2_5.csv
2219,0,0,0,Reader_2_6.csv
2219,0,0,0,Reader_2_7.csv
2219,0,0,0,Reader_2_8.csv
2219,0,0,0,Reader_2_9.csv
2219,17,15,2,reader_3_1.csv
2219,13,13,0,Reader_3_2.csv
2219,14,9,5,Reader_3_3.csv
2219,14,9,5,Reader_3_4.csv
2219,5,4,1,Reader_3_5.csv
2219,4,4,0,Reader_3_6.csv
2219,5,3,2,Reader_3_7.csv
2220,11,9,2,Reader_1_1.csv
2220,0,0,0,Reader_1_10.csv
2220,1,1,0,Reader_1_11.csv
2220,1,1,0,Reader_1_12.csv
2220,1,1,0,Reader_1_2.csv
2220,6,5,1,Reader_1_3.csv
2220,0,0,0,Reader_1_4.csv
2220,1,0,1,Reader_1_5.csv
2220,0,0,0,Reader_1_6.csv
2220,1,0,1,Reader_1_7.csv
2220,2,2,0,Reader_1_8.csv
2220,3,3,0,Reader_1_9.csv
2220,2,0,2,Reader_2_1.csv
2220,0,0,0,Reader_2_10.csv
2220,0,0,0,Reader_2_11.csv
2220,2,2,0,Reader_2_12.csv
2220,1,1,0,Reader_2_2.csv
2220,0,0,0,Reader_2_3.csv
2220,1,1,0,Reader_2_4.csv
2220,0,0,0,Reader_2_5.csv
2220,0,0,0,Reader_2_6.csv
2220,0,0,0,Reader_2_7.csv
2220,0,0,0,Reader_2_8.csv
2220,0,0,0,Reader_2_9.csv
2220,18,16,2,reader_3_1.csv
2220,10,10,0,Reader_3_2.csv
2220,16,10,6,Reader_3_3.csv
2220,16,10,6,Reader_3_4.csv
2220,6,5,1,Reader_3_5.csv
2220,4,4,0,Reader_3_6.csv
2220,5,3,2,Reader_3_7.csv
2221,12,10,2,Reader_1_1.csv
2221,0,0,0,Reader_1_10.csv
2221,1,1,0,Reader_1_11.csv
2221,1,1,0,Reader_1_12.csv
2221,1,1,0,Reader_1_2.csv
2221,5,4,1,Reader_1_3.csv
2221,1,1,0,Reader_1_4.csv
2221,1,0,1,Reader_1_5.csv
2221,0,0,0,Reader_1_6.csv
2221,1,0,1,Reader_1_7.csv
2221,2,2,0,Reader_1_8.csv
2221,2,2,0,Reader_1_9.csv
2221,2,0,2,Reader_2_1.csv
2221,0,0,0,Reader_2_10.csv
2221,0,0,0,Reader_2_11.csv
2221,2,2,0,Reader_2_12.csv
2221,0,0,0,Reader_2_2.csv
2221,1,0,1,Reader_2_3.csv
2221,1,1,0,Reader_2_4.csv
2221,0,0,0,Reader_2_5.csv
2221,0,0,0,Reader_2_6.csv
2221,0,0,0,Reader_2_7.csv
2221,0,0,0,Reader_2_8.csv
2221,0,0,0,Reader_2_9.csv
2221,18,16,2,reader_3_1.csv
2221,9,9,0,Reader_3_2.csv
2221,15,10,5,Reader_3_3.csv
2221,15,10,5,Reader_3_4.csv
2221,5,4,1,Reader_3_5.csv
2221,3,3,0,Reader_3_6.csv
2221,5,3,2,Reader_3_7.csv
2222,11,9,2,Reader_1_1.csv
2222,0,0,0,Reader_1_10.csv
2222,0,0,0,Reader_1_11.csv
2222,1,1,0,Reader_1_12.csv
2222,0,0,0,Reader_1_2.csv
2222,4,3,1,Reader_1_3.csv
2222,1,1,0,Reader_1_4.csv
2222,1,0,1,Reader_1_5.csv
2222,0,0,0,Reader_1_6.csv
2222,1,0,1,Reader_1_7.csv
2222,2,2,0,Reader_1_8.csv
2222,2,2,0,Reader_1_9.csv
2222,3,0,3,Reader_2_1.csv
2222,0,0,0,Reader_2_10.csv
2222,0,0,0,Reader_2_11.csv
2222,3,2,1,Reader_2_12.csv
2222,0,0,0,Reader_2_2.csv
2222,1,0,1,Reader_2_3.csv
2222,1,1,0,Reader_2_4.csv
2222,0,0,0,Reader_2_5.csv
2222,0,0,0,Reader_2_6.csv
2222,0,0,0,Reader_2_7.csv
2222,0,0,0,Reader_2_8.csv
2222,0,0,0,Reader_2_9.csv
2222,19,16,3,reader_3_1.csv
2222,10,10,0,Reader_3_2.csv
2222,14,9,5,Reader_3_3.csv
2222,14,9,5,Reader_3_4.csv
2222,4,3,1,Reader_3_5.csv
2222,5,5,0,Reader_3_6.csv
2222,5,3,2,Reader_3_7.csv
2223,10,8,2,Reader_1_1.csv
2223,0,0,0,Reader_1_10.csv
2223,0,0,0,Reader_1_11.csv
2223,2,2,0,Reader_1_12.csv
2223,0,0,0,Reader_1_2.csv
2223,5,4,1,Reader_1_3.csv
2223,1,1,0,Reader_1_4.csv
2223,1,0,1,Reader_1_5.csv
2223,0,0,0,Reader_1_6.csv
2223,1,0,1,Reader_1_7.csv
2223,2,2,0,Reader_1_8.csv
2223,2,2,0,Reader_1_9.csv
2223,2,0,2,Reader_2_1.csv
2223,0,0,0,Reader_2_10.csv
2223,0,0,0,Reader_2_11.csv
2223,2,1,1,Reader_2_12.csv
2223,0,0,0,Reader_2_2.csv
2223,1,0,1,Reader_2_3.csv
2223,1,1,0,Reader_2_4.csv
2223,0,0,0,Reader_2_5.csv
2223,0,0,0,Reader_2_6.csv
2223,0,0,0,Reader_2_7.csv
2223,0,0,0,Reader_2_8.csv
2223,0,0,0,Reader_2_9.csv
2223,20,17,3,reader_3_1.csv
2223,10,10,0,Reader_3_2.csv
2223,13,8,5,Reader_3_3.csv
2223,13,8,5,Reader_3_4.csv
2223,4,3,1,Reader_3_5.csv
2223,8,8,0,Reader_3_6.csv
2223,4,3,1,Reader_3_7.csv
2224,11,8,3,Reader_1_1.csv
2224,0,0,0,Reader_1_10.csv
2224,0,0,0,Reader_1_11.csv
2224,1,1,0,Reader_1_12.csv
2224,0,0,0,Reader_1_2.csv
2224,5,4,1,Reader_1_3.csv
2224,1,1,0,Reader_1_4.csv
2224,0,0,0,Reader_1_5.csv
2224,0,0,0,Reader_1_6.csv
2224,1,0,1,Reader_1_7.csv
2224,2,2,0,Reader_1_8.csv
2224,2,2,0,Reader_1_9.csv
2224,3,1,2,Reader_2_1.csv
2224,0,0,0,Reader_2_10.csv
2224,0,0,0,Reader_2_11.csv
2224,3,1,2,Reader_2_12.csv
2224,0,0,0,Reader_2_2.csv
2224,1,0,1,Reader_2_3.csv
2224,1,1,0,Reader_2_4.csv
2224,0,0,0,Reader_2_5.csv
2224,0,0,0,Reader_2_6.csv
2224,0,0,0,Reader_2_7.csv
2224,0,0,0,Reader_2_8.csv
2224,0,0,0,Reader_2_9.csv
2224,18,15,3,reader_3_1.csv
2224,8,8,0,Reader_3_2.csv
2224,15,10,5,Reader_3_3.csv
2224,15,10,5,Reader_3_4.csv
2224,4,3,1,Reader_3_5.csv
2224,9,9,0,Reader_3_6.csv
2224,3,2,1,Reader_3_7.csv
2225,10,7,3,Reader_1_1.csv
2225,0,0,0,Reader_1_10.csv
2225,0,0,0,Reader_1_11.csv
2225,1,1,0,Reader_1_12.csv
2225,0,0,0,Reader_1_2.csv
2225,4,4,0,Reader_1_3.csv
2225,1,1,0,Reader_1_4.csv
2225,0,0,0,Reader_1_5.csv
2225,0,0,0,Reader_1_6.csv
2225,0,0,0,Reader_1_7.csv
2225,2,2,0,Reader_1_8.csv
2225,1,1,0,Reader_1_9.csv
2225,3,1,2,Reader_2_1.csv
2225,0,0,0,Reader_2_10.csv
2225,0,0,0,Reader_2_11.csv
2225,6,4,2,Reader_2_12.csv
2225,0,0,0,Reader_2_2.csv
2225,1,0,1,Reader_2_3.csv
2225,1,1,0,Reader_2_4.csv
2225,0,0,0,Reader_2_5.csv
2225,0,0,0,Reader_2_6.csv
2225,0,0,0,Reader_2_7.csv
2225,0,0,0,Reader_2_8.csv
2225,0,0,0,Reader_2_9.csv
2225,15,12,3,reader_3_1.csv
2225,7,7,0,Reader_3_2.csv
2225,14,10,4,Reader_3_3.csv
2225,14,10,4,Reader_3_4.csv
2225,4,3,1,Reader_3_5.csv
2225,10,9,1,Reader_3_6.csv
2225,3,1,2,Reader_3_7.csv
2226,10,7,3,Reader_1_1.csv
2226,0,0,0,Reader_1_10.csv
2226,0,0,0,Reader_1_11.csv
2226,1,1,0,Reader_1_12.csv
2226,0,0,0,Reader_1_2.csv
2226,3,3,0,Reader_1_3.csv
2226,1,1,0,Reader_1_4.csv
2226,0,0,0,Reader_1_5.csv
2226,0,0,0,Reader_1_6.csv
2226,0,0,0,Reader_1_7.csv
2226,1,1,0,Reader_1_8.csv
2226,1,1,0,Reader_1_9.csv
2226,3,1,2,Reader_2_1.csv
2226,0,0,0,Reader_2_10.csv
2226,0,0,0,Reader_2_11.csv
2226,6,4,2,Reader_2_12.csv
2226,0,0,0,Reader_2_2.csv
2226,1,0,1,Reader_2_3.csv
2226,0,0,0,Reader_2_4.csv
2226,0,0,0,Reader_2_5.csv
2226,0,0,0,Reader_2_6.csv
2226,0,0,0,Reader_2_7.csv
2226,0,0,0,Reader_2_8.csv
2226,0,0,0,Reader_2_9.csv
2226,12,10,2,reader_3_1.csv
2226,6,5,1,Reader_3_2.csv
2226,13,7,6,Reader_3_3.csv
2226,13,7,6,Reader_3_4.csv
2226,3,3,0,Reader_3_5.csv
2226,8,7,1,Reader_3_6.csv
2226,3,1,2,Reader_3_7.csv
2227,11,8,3,Reader_1_1.csv
2227,0,0,0,Reader_1_10.csv
2227,0,0,0,Reader_1_11.csv
2227,2,2,0,Reader_1_12.csv
2227,0,0,0,Reader_1_2.csv
2227,2,2,0,Reader_1_3.csv
2227,1,1,0,Reader_1_4.csv
2227,0,0,0,Reader_1_5.csv
2227,0,0,0,Reader_1_6.csv
2227,0,0,0,Reader_1_7.csv
2227,1,1,0,Reader_1_8.csv
2227,1,1,0,Reader_1_9.csv
2227,3,1,2,Reader_2_1.csv
2227,0,0,0,Reader_2_10.csv
2227,0,0,0,Reader_2_11.csv
2227,7,4,3,Reader_2_12.csv
2227,0,0,0,Reader_2_2.csv
2227,1,0,1,Reader_2_3.csv
2227,0,0,0,Reader_2_4.csv
2227,0,0,0,Reader_2_5.csv
2227,0,0,0,Reader_2_6.csv
2227,0,0,0,Reader_2_7.csv
2227,0,0,0,Reader_2_8.csv
2227,0,0,0,Reader_2_9.csv
2227,11,10,1,reader_3_1.csv
2227,6,5,1,Reader_3_2.csv
2227,11,4,7,Reader_3_3.csv
2227,11,4,7,Reader_3_4.csv
2227,1,1,0,Reader_3_5.csv
2227,8,7,1,Reader_3_6.csv
2227,2,0,2,Reader_3_7.csv
2228,7,5,2,Reader_1_1.csv
2228,0,0,0,Reader_1_10.csv
2228,0,0,0,Reader_1_11.csv
2228,2,2,0,Reader_1_12.csv
2228,0,0,0,Reader_1_2.csv
2228,1,1,0,Reader_1_3.csv
2228,1,1,0,Reader_1_4.csv
2228,0,0,0,Reader_1_5.csv
2228,0,0,0,Reader_1_6.csv
2228,0,0,0,Reader_1_7.csv
2228,0,0,0,Reader_1_8.csv
2228,1,1,0,Reader_1_9.csv
2228,2,1,1,Reader_2_1.csv
2228,0,0,0,Reader_2_10.csv
2228,0,0,0,Reader_2_11.csv
2228,10,5,5,Reader_2_12.csv
2228,0,0,0,Reader_2_2.csv
2228,1,0,1,Reader_2_3.csv
2228,0,0,0,Reader_2_4.csv
2228,0,0,0,Reader_2_5.csv
2228,0,0,0,Reader_2_6.csv
2228,0,0,0,Reader_2_7.csv
2228,0,0,0,Reader_2_8.csv
2228,0,0,0,Reader_2_9.csv
2228,10,9,1,reader_3_1.csv
2228,5,4,1,Reader_3_2.csv
2228,7,2,5,Reader_3_3.csv
2228,7,2,5,Reader_3_4.csv
2228,0,0,0,Reader_3_5.csv
2228,7,6,1,Reader_3_6.csv
2228,3,0,3,Reader_3_7.csv
2229,7,5,2,Reader_1_1.csv
2229,0,0,0,Reader_1_10.csv
2229,0,0,0,Reader_1_11.csv
2229,2,2,0,Reader_1_12.csv
2229,1,0,1,Reader_1_2.csv
2229,1,1,0,Reader_1_3.csv
2229,0,0,0,Reader_1_4.csv
2229,0,0,0,Reader_1_5.csv
2229,0,0,0,Reader_1_6.csv
2229,0,0,0,Reader_1_7.csv
2229,0,0,0,Reader_1_8.csv
2229,1,1,0,Reader_1_9.csv
2229,4,3,1,Reader_2_1.csv
2229,0,0,0,Reader_2_10.csv
2229,0,0,0,Reader_2_11.csv
2229,12,7,5,Reader_2_12.csv
2229,0,0,0,Reader_2_2.csv
2229,0,0,0,Reader_2_3.csv
2229,0,0,0,Reader_2_4.csv
2229,0,0,0,Reader_2_5.csv
2229,1,1,0,Reader_2_6.csv
2229,0,0,0,Reader_2_7.csv
2229,0,0,0,Reader_2_8.csv
2229,0,0,0,Reader_2_9.csv
2229,8,7,1,reader_3_1.csv
2229,4,3,1,Reader_3_2.csv
2229,8,3,5,Reader_3_3.csv
2229,8,3,5,Reader_3_4.csv
2229,0,0,0,Reader_3_5.csv
2229,8,7,1,Reader_3_6.csv
2229,2,0,2,Reader_3_7.csv
2230,9,7,2,Reader_1_1.csv
2230,0,0,0,Reader_1_10.csv
2230,0,0,0,Reader_1_11.csv
2230,3,3,0,Reader_1_12.csv
2230,1,0,1,Reader_1_2.csv
2230,1,1,0,Reader_1_3.csv
2230,0,0,0,Reader_1_4.csv
2230,0,0,0,Reader_1_5.csv
2230,1,1,0,Reader_1_6.csv
2230,0,0,0,Reader_1_7.csv
2230,0,0,0,Reader_1_8.csv
2230,1,1,0,Reader_1_9.csv
2230,3,3,0,Reader_2_1.csv
2230,0,0,0,Reader_2_10.csv
2230,0,0,0,Reader_2_11.csv
2230,14,8,6,Reader_2_12.csv
2230,0,0,0,Reader_2_2.csv
2230,0,0,0,Reader_2_3.csv
2230,0,0,0,Reader_2_4.csv
2230,0,0,0,Reader_2_5.csv
2230,1,1,0,Reader_2_6.csv
2230,0,0,0,Reader_2_7.csv
2230,0,0,0,Reader_2_8.csv
2230,0,0,0,Reader_2_9.csv
2230,6,6,0,reader_3_1.csv
2230,3,1,2,Reader_3_2.csv
2230,9,4,5,Reader_3_3.csv
2230,9,4,5,Reader_3_4.csv
2230,1,0,1,Reader_3_5.csv
2230,6,5,1,Reader_3_6.csv
2230,3,1,2,Reader_3_7.csv
2231,8,7,1,Reader_1_1.csv
2231,0,0,0,Reader_1_10.csv
2231,0,0,0,Reader_1_11.csv
2231,3,3,0,Reader_1_12.csv
2231,1,0,1,Reader_1_2.csv
2231,0,0,0,Reader_1_3.csv
2231,0,0,0,Reader_1_4.csv
2231,0,0,0,Reader_1_5.csv
2231,1,1,0,Reader_1_6.csv
2231,0,0,0,Reader_1_7.csv
2231,0,0,0,Reader_1_8.csv
2231,1,1,0,Reader_1_9.csv
2231,3,3,0,Reader_2_1.csv
2231,0,0,0,Reader_2_10.csv
2231,0,0,0,Reader_2_11.csv
2231,16,10,6,Reader_2_12.csv
2231,0,0,0,Reader_2_2.csv
2231,0,0,0,Reader_2_3.csv
2231,0,0,0,Reader_2_4.csv
2231,0,0,0,Reader_2_5.csv
2231,1,1,0,Reader_2_6.csv
2231,0,0,0,Reader_2_7.csv
2231,0,0,0,Reader_2_8.csv
2231,0,0,0,Reader_2_9.csv
2231,6,6,0,reader_3_1.csv
2231,4,2,2,Reader_3_2.csv
2231,9,4,5,Reader_3_3.csv
2231,9,4,5,Reader_3_4.csv
2231,1,0,1,Reader_3_5.csv
2231,4,3,1,Reader_3_6.csv
2231,5,2,3,Reader_3_7.csv
2232,8,8,0,Reader_1_1.csv
2232,0,0,0,Reader_1_10.csv
2232,0,0,0,Reader_1_11.csv
2232,3,3,0,Reader_1_12.csv
2232,2,1,1,Reader_1_2.csv
2232,0,0,0,Reader_1_3.csv
2232,0,0,0,Reader_1_4.csv
2232,0,0,0,Reader_1_5.csv
2232,1,1,0,Reader_1_6.csv
2232,0,0,0,Reader_1_7.csv
2232,0,0,0,Reader_1_8.csv
2232,1,1,0,Reader_1_9.csv
2232,2,2,0,Reader_2_1.csv
2232,0,0,0,Reader_2_10.csv
2232,0,0,0,Reader_2_11.csv
2232,17,11,6,Reader_2_12.csv
2232,0,0,0,Reader_2_2.csv
2232,0,0,0,Reader_2_3.csv
2232,0,0,0,Reader_2_4.csv
2232,0,0,0,Reader_2_5.csv
2232,1,1,0,Reader_2_6.csv
2232,0,0,0,Reader_2_7.csv
2232,0,0,0,Reader_2_8.csv
2232,0,0,0,Reader_2_9.csv
2232,7,7,0,reader_3_1.csv
2232,5,2,3,Reader_3_2.csv
2232,7,2,5,Reader_3_3.csv
2232,7,2,5,Reader_3_4.csv
2232,1,0,1,Reader_3_5.csv
2232,4,2,2,Reader_3_6.csv
2232,6,3,3,Reader_3_7.csv
2233,9,9,0,Reader_1_1.csv
2233,0,0,0,Reader_1_10.csv
2233,0,0,0,Reader_1_11.csv
2233,3,3,0,Reader_1_12.csv
2233,2,1,1,Reader_1_2.csv
2233,0,0,0,Reader_1_3.csv
2233,0,0,0,Reader_1_4.csv
2233,1,1,0,Reader_1_5.csv
2233,1,1,0,Reader_1_6.csv
2233,0,0,0,Reader_1_7.csv
2233,0,0,0,Reader_1_8.csv
2233,2,2,0,Reader_1_9.csv
2233,2,2,0,Reader_2_1.csv
2233,0,0,0,Reader_2_10.csv
2233,0,0,0,Reader_2_11.csv
2233,19,10,9,Reader_2_12.csv
2233,0,0,0,Reader_2_2.csv
2233,0,0,0,Reader_2_3.csv
2233,0,0,0,Reader_2_4.csv
2233,0,0,0,Reader_2_5.csv
2233,1,1,0,Reader_2_6.csv
2233,0,0,0,Reader_2_7.csv
2233,0,0,0,Reader_2_8.csv
2233,0,0,0,Reader_2_9.csv
2233,8,8,0,reader_3_1.csv
2233,4,1,3,Reader_3_2.csv
2233,7,3,4,Reader_3_3.csv
2233,7,3,4,Reader_3_4.csv
2233,1,0,1,Reader_3_5.csv
2233,3,2,1,Reader_3_6.csv
2233,8,5,3,Reader_3_7.csv
2234,12,12,0,Reader_1_1.csv
2234,0,0,0,Reader_1_10.csv
2234,0,0,0,Reader_1_11.csv
2234,4,4,0,Reader_1_12.csv
2234,2,1,1,Reader_1_2.csv
2234,1,1,0,Reader_1_3.csv
2234,0,0,0,Reader_1_4.csv
2234,1,1,0,Reader_1_5.csv
2234,1,1,0,Reader_1_6.csv
2234,0,0,0,Reader_1_7.csv
2234,0,0,0,Reader_1_8.csv
2234,2,2,0,Reader_1_9.csv
2234,3,3,0,Reader_2_1.csv
2234,0,0,0,Reader_2_10.csv
2234,0,0,0,Reader_2_11.csv
2234,21,12,9,Reader_2_12.csv
2234,0,0,0,Reader_2_2.csv
2234,0,0,0,Reader_2_3.csv
2234,0,0,0,Reader_2_4.csv
2234,0,0,0,Reader_2_5.csv
2234,1,1,0,Reader_2_6.csv
2234,0,0,0,Reader_2_7.csv
2234,0,0,0,Reader_2_8.csv
2234,0,0,0,Reader_2_9.csv
2234,10,9,1,reader_3_1.csv
2234,3,1,2,Reader_3_2.csv
2234,6,4,2,Reader_3_3.csv
2234,6,4,2,Reader_3_4.csv
2234,1,0,1,Reader_3_5.csv
2234,4,3,1,Reader_3_6.csv
2234,9,5,4,Reader_3_7.csv
2235,15,15,0,Reader_1_1.csv
2235,0,0,0,Reader_1_10.csv
2235,0,0,0,Reader_1_11.csv
2235,4,4,0,Reader_1_12.csv
2235,2,1,1,Reader_1_2.csv
2235,2,1,1,Reader_1_3.csv
2235,0,0,0,Reader_1_4.csv
2235,2,2,0,Reader_1_5.csv
2235,1,1,0,Reader_1_6.csv
2235,1,0,1,Reader_1_7.csv
2235,0,0,0,Reader_1_8.csv
2235,2,2,0,Reader_1_9.csv
2235,3,3,0,Reader_2_1.csv
2235,0,0,0,Reader_2_10.csv
2235,0,0,0,Reader_2_11.csv
2235,22,12,10,Reader_2_12.csv
2235,0,0,0,Reader_2_2.csv
2235,1,1,0,Reader_2_3.csv
2235,0,0,0,Reader_2_4.csv
2235,0,0,0,Reader_2_5.csv
2235,2,2,0,Reader_2_6.csv
2235,0,0,0,Reader_2_7.csv
2235,0,0,0,Reader_2_8.csv
2235,0,0,0,Reader_2_9.csv
2235,9,7,2,reader_3_1.csv
2235,5,2,3,Reader_3_2.csv
2235,9,6,3,Reader_3_3.csv
2235,9,6,3,Reader_3_4.csv
2235,1,0,1,Reader_3_5.csv
2235,4,3,1,Reader_3_6.csv
2235,9,5,4,Reader_3_7.csv
2236,17,17,0,Reader_1_1.csv
2236,0,0,0,Reader_1_10.csv
2236,0,0,0,Reader_1_11.csv
2236,4,4,0,Reader_1_12.csv
2236,3,2,1,Reader_1_2.csv
2236,2,1,1,Reader_1_3.csv
2236,0,0,0,Reader_1_4.csv
2236,2,2,0,Reader_1_5.csv
2236,1,1,0,Reader_1_6.csv
2236,2,1,1,Reader_1_7.csv
2236,0,0,0,Reader_1_8.csv
2236,1,1,0,Reader_1_9.csv
2236,4,4,0,Reader_2_1.csv
2236,0,0,0,Reader_2_10.csv
2236,0,0,0,Reader_2_11.csv
2236,24,15,9,Reader_2_12.csv
2236,0,0,0,Reader_2_2.csv
2236,1,1,0,Reader_2_3.csv
2236,1,0,1,Reader_2_4.csv
2236,0,0,0,Reader_2_5.csv
2236,2,2,0,Reader_2_6.csv
2236,0,0,0,Reader_2_7.csv
2236,0,0,0,Reader_2_8.csv
2236,0,0,0,Reader_2_9.csv
2236,8,6,2,reader_3_1.csv
2236,5,2,3,Reader_3_2.csv
2236,10,7,3,Reader_3_3.csv
2236,10,7,3,Reader_3_4.csv
2236,1,0,1,Reader_3_5.csv
2236,5,4,1,Reader_3_6.csv
2236,10,5,5,Reader_3_7.csv
2237,17,17,0,Reader_1_1.csv
2237,0,0,0,Reader_1_10.csv
2237,0,0,0,Reader_1_11.csv
2237,4,4,0,Reader_1_12.csv
2237,2,2,0,Reader_1_2.csv
2237,4,2,2,Reader_1_3.csv
2237,0,0,0,Reader_1_4.csv
2237,2,2,0,Reader_1_5.csv
2237,1,1,0,Reader_1_6.csv
2237,2,1,1,Reader_1_7.csv
2237,0,0,0,Reader_1_8.csv
2237,1,1,0,Reader_1_9.csv
2237,3,3,0,Reader_2_1.csv
2237,0,0,0,Reader_2_10.csv
2237,0,0,0,Reader_2_11.csv
2237,23,13,10,Reader_2_12.csv
2237,0,0,0,Reader_2_2.csv
2237,1,1,0,Reader_2_3.csv
2237,1,0,1,Reader_2_4.csv
2237,0,0,0,Reader_2_5.csv
2237,1,1,0,Reader_2_6.csv
2237,0,0,0,Reader_2_7.csv
2237,0,0,0,Reader_2_8.csv
2237,0,0,0,Reader_2_9.csv
2237,9,7,2,reader_3_1.csv
2237,5,2,3,Reader_3_2.csv
2237,11,8,3,Reader_3_3.csv
2237,11,8,3,Reader_3_4.csv
2237,1,0,1,Reader_3_5.csv
2237,6,5,1,Reader_3_6.csv
2237,11,6,5,Reader_3_7.csv
2238,16,16,0,Reader_1_1.csv
2238,0,0,0,Reader_1_10.csv
2238,0,0,0,Reader_1_11.csv
2238,3,3,0,Reader_1_12.csv
2238,2,2,0,Reader_1_2.csv
2238,4,2,2,Reader_1_3.csv
2238,0,0,0,Reader_1_4.csv
2238,2,2,0,Reader_1_5.csv
2238,0,0,0,Reader_1_6.csv
2238,3,2,1,Reader_1_7.csv
2238,0,0,0,Reader_1_8.csv
2238,1,1,0,Reader_1_9.csv
2238,4,4,0,Reader_2_1.csv
2238,0,0,0,Reader_2_10.csv
2238,0,0,0,Reader_2_11.csv
2238,22,11,11,Reader_2_12.csv
2238,0,0,0,Reader_2_2.csv
2238,1,1,0,Reader_2_3.csv
2238,1,0,1,Reader_2_4.csv
2238,0,0,0,Reader_2_5.csv
2238,1,1,0,Reader_2_6.csv
2238,1,1,0,Reader_2_7.csv
2238,0,0,0,Reader_2_8.csv
2238,0,0,0,Reader_2_9.csv
2238,11,9,2,reader_3_1.csv
2238,4,2,2,Reader_3_2.csv
2238,13,9,4,Reader_3_3.csv
2238,13,9,4,Reader_3_4.csv
2238,0,0,0,Reader_3_5.csv
2238,7,6,1,Reader_3_6.csv
2238,11,6,5,Reader_3_7.csv
2239,16,15,1,Reader_1_1.csv
2239,0,0,0,Reader_1_10.csv
2239,0,0,0,Reader_1_11.csv
2239,3,3,0,Reader_1_12.csv
2239,2,2,0,Reader_1_2.csv
2239,4,2,2,Reader_1_3.csv
2239,0,0,0,Reader_1_4.csv
2239,3,3,0,Reader_1_5.csv
2239,0,0,0,Reader_1_6.csv
2239,5,4,1,Reader_1_7.csv
2239,0,0,0,Reader_1_8.csv
2239,1,1,0,Reader_1_9.csv
2239,6,6,0,Reader_2_1.csv
2239,0,0,0,Reader_2_10.csv
2239,0,0,0,Reader_2_11.csv
2239,23,10,13,Reader_2_12.csv
2239,0,0,0,Reader_2_2.csv
2239,1,1,0,Reader_2_3.csv
2239,2,1,1,Reader_2_4.csv
2239,0,0,0,Reader_2_5.csv
2239,1,1,0,Reader_2_6.csv
2239,1,1,0,Reader_2_7.csv
2239,0,0,0,Reader_2_8.csv
2239,0,0,0,Reader_2_9.csv
2239,11,9,2,reader_3_1.csv
2239,5,3,2,Reader_3_2.csv
2239,12,9,3,Reader_3_3.csv
2239,12,9,3,Reader_3_4.csv
2239,0,0,0,Reader_3_5.csv
2239,7,6,1,Reader_3_6.csv
2239,11,6,5,Reader_3_7.csv
2240,18,17,1,Reader_1_1.csv
2240,0,0,0,Reader_1_10.csv
2240,0,0,0,Reader_1_11.csv
2240,3,3,0,Reader_1_12.csv
2240,1,1,0,Reader_1_2.csv
2240,4,2,2,Reader_1_3.csv
2240,0,0,0,Reader_1_4.csv
2240,3,3,0,Reader_1_5.csv
2240,0,0,0,Reader_1_6.csv
2240,5,4,1,Reader_1_7.csv
2240,0,0,0,Reader_1_8.csv
2240,1,1,0,Reader_1_9.csv
2240,6,6,0,Reader_2_1.csv
2240,0,0,0,Reader_2_10.csv
2240,0,0,0,Reader_2_11.csv
2240,28,12,16,Reader_2_12.csv
2240,0,0,0,Reader_2_2.csv
2240,1,1,0,Reader_2_3.csv
2240,2,1,1,Reader_2_4.csv
2240,0,0,0,Reader_2_5.csv
2240,1,1,0,Reader_2_6.csv
2240,1,1,0,Reader_2_7.csv
2240,0,0,0,Reader_2_8.csv
2240,0,0,0,Reader_2_9.csv
2240,15,11,4,reader_3_1.csv
2240,4,3,1,Reader_3_2.csv
2240,13,10,3,Reader_3_3.csv
2240,13,10,3,Reader_3_4.csv
2240,0,0,0,Reader_3_5.csv
2240,6,6,0,Reader_3_6.csv
2240,12,7,5,Reader_3_7.csv
2241,17,16,1,Reader_1_1.csv
2241,0,0,0,Reader_1_10.csv
2241,0,0,0,Reader_1_11.csv
2241,3,3,0,Reader_1_12.csv
2241,1,1,0,Reader_1_2.csv
2241,4,2,2,Reader_1_3.csv
2241,0,0,0,Reader_1_4.csv
2241,3,3,0,Reader_1_5.csv
2241,0,0,0,Reader_1_6.csv
2241,5,4,1,Reader_1_7.csv
2241,0,0,0,Reader_1_8.csv
2241,0,0,0,Reader_1_9.csv
2241,7,6,1,Reader_2_1.csv
2241,0,0,0,Reader_2_10.csv
2241,0,0,0,Reader_2_11.csv
2241,26,11,15,Reader_2_12.csv
2241,0,0,0,Reader_2_2.csv
2241,2,2,0,Reader_2_3.csv
2241,2,1,1,Reader_2_4.csv
2241,0,0,0,Reader_2_5.csv
2241,1,1,0,Reader_2_6.csv
2241,1,1,0,Reader_2_7.csv
2241,0,0,0,Reader_2_8.csv
2241,0,0,0,Reader_2_9.csv
2241,16,12,4,reader_3_1.csv
2241,4,3,1,Reader_3_2.csv
2241,12,9,3,Reader_3_3.csv
2241,12,9,3,Reader_3_4.csv
2241,0,0,0,Reader_3_5.csv
2241,6,6,0,Reader_3_6.csv
2241,15,9,6,Reader_3_7.csv
2242,13,12,1,Reader_1_1.csv
2242,0,0,0,Reader_1_10.csv
2242,0,0,0,Reader_1_11.csv
2242,2,2,0,Reader_1_12.csv
2242,1,1,0,Reader_1_2.csv
2242,4,1,3,Reader_1_3.csv
2242,0,0,0,Reader_1_4.csv
2242,3,3,0,Reader_1_5.csv
2242,0,0,0,Reader_1_6.csv
2242,7,6,1,Reader_1_7.csv
2242,0,0,0,Reader_1_8.csv
2242,0,0,0,Reader_1_9.csv
2242,6,5,1,Reader_2_1.csv
2242,0,0,0,Reader_2_10.csv
2242,0,0,0,Reader_2_11.csv
2242,26,11,15,Reader_2_12.csv
2242,0,0,0,Reader_2_2.csv
2242,2,2,0,Reader_2_3.csv
2242,3,1,2,Reader_2_4.csv
2242,0,0,0,Reader_2_5.csv
2242,1,1,0,Reader_2_6.csv
2242,1,1,0,Reader_2_7.csv
2242,0,0,0,Reader_2_8.csv
2242,0,0,0,Reader_2_9.csv
2242,17,13,4,reader_3_1.csv
2242,4,3,1,Reader_3_2.csv
2242,13,9,4,Reader_3_3.csv
2242,13,9,4,Reader_3_4.csv
2242,0,0,0,Reader_3_5.csv
2242,5,5,0,Reader_3_6.csv
2242,17,9,8,Reader_3_7.csv
2243,10,9,1,Reader_1_1.csv
2243,0,0,0,Reader_1_10.csv
2243,0,0,0,Reader_1_11.csv
2243,1,1,0,Reader_1_12.csv
2243,1,1,0,Reader_1_2.csv
2243,3,1,2,Reader_1_3.csv
2243,0,0,0,Reader_1_4.csv
2243,3,3,0,Reader_1_5.csv
2243,0,0,0,Reader_1_6.csv
2243,6,6,0,Reader_1_7.csv
2243,0,0,0,Reader_1_8.csv
2243,0,0,0,Reader_1_9.csv
2243,6,5,1,Reader_2_1.csv
2243,0,0,0,Reader_2_10.csv
2243,0,0,0,Reader_2_11.csv
2243,25,11,14,Reader_2_12.csv
2243,0,0,0,Reader_2_2.csv
2243,1,1,0,Reader_2_3.csv
2243,3,1,2,Reader_2_4.csv
2243,0,0,0,Reader_2_5.csv
2243,0,0,0,Reader_2_6.csv
2243,1,1,0,Reader_2_7.csv
2243,0,0,0,Reader_2_8.csv
2243,0,0,0,Reader_2_9.csv
2243,19,16,3,reader_3_1.csv
2243,3,3,0,Reader_3_2.csv
2243,11,8,3,Reader_3_3.csv
2243,11,8,3,Reader_3_4.csv
2243,0,0,0,Reader_3_5.csv
2243,6,6,0,Reader_3_6.csv
2243,21,11,10,Reader_3_7.csv
2244,9,8,1,Reader_1_1.csv
2244,0,0,0,Reader_1_10.csv
2244,0,0,0,Reader_1_11.csv
2244,1,1,0,Reader_1_12.csv
2244,0,0,0,Reader_1_2.csv
2244,3,1,2,Reader_1_3.csv
2244,0,0,0,Reader_1_4.csv
2244,4,3,1,Reader_1_5.csv
2244,0,0,0,Reader_1_6.csv
2244,5,5,0,Reader_1_7.csv
2244,0,0,0,Reader_1_8.csv
2244,0,0,0,Reader_1_9.csv
2244,5,4,1,Reader_2_1.csv
2244,0,0,0,Reader_2_10.csv
2244,0,0,0,Reader_2_11.csv
2244,23,10,13,Reader_2_12.csv
2244,0,0,0,Reader_2_2.csv
2244,1,1,0,Reader_2_3.csv
2244,2,1,1,Reader_2_4.csv
2244,0,0,0,Reader_2_5.csv
2244,0,0,0,Reader_2_6.csv
2244,1,1,0,Reader_2_7.csv
2244,0,0,0,Reader_2_8.csv
2244,0,0,0,Reader_2_9.csv
2244,20,17,3,reader_3_1.csv
2244,3,3,0,Reader_3_2.csv
2244,11,8,3,Reader_3_3.csv
2244,11,8,3,Reader_3_4.csv
2244,1,1,0,Reader_3_5.csv
2244,5,5,0,Reader_3_6.csv
2244,23,12,11,Reader_3_7.csv
2245,10,9,1,Reader_1_1.csv
2245,0,0,0,Reader_1_10.csv
2245,0,0,0,Reader_1_11.csv
2245,1,1,0,Reader_1_12.csv
2245,0,0,0,Reader_1_2.csv
2245,1,0,1,Reader_1_3.csv
2245,0,0,0,Reader_1_4.csv
2245,5,4,1,Reader_1_5.csv
2245,0,0,0,Reader_1_6.csv
2245,5,5,0,Reader_1_7.csv
2245,0,0,0,Reader_1_8.csv
2245,0,0,0,Reader_1_9.csv
2245,4,3,1,Reader_2_1.csv
2245,0,0,0,Reader_2_10.csv
2245,0,0,0,Reader_2_11.csv
2245,24,12,12,Reader_2_12.csv
2245,0,0,0,Reader_2_2.csv
2245,2,2,0,Reader_2_3.csv
2245,2,1,1,Reader_2_4.csv
2245,0,0,0,Reader_2_5.csv
2245,0,0,0,Reader_2_6.csv
2245,1,1,0,Reader_2_7.csv
2245,0,0,0,Reader_2_8.csv
2245,0,0,0,Reader_2_9.csv
2245,25,21,4,reader_3_1.csv
2245,4,4,0,Reader_3_2.csv
2245,9,6,3,Reader_3_3.csv
2245,9,6,3,Reader_3_4.csv
2245,1,1,0,Reader_3_5.csv
2245,3,3,0,Reader_3_6.csv
2245,28,15,13,Reader_3_7.csv
2246,11,10,1,Reader_1_1.csv
2246,0,0,0,Reader_1_10.csv
2246,0,0,0,Reader_1_11.csv
2246,1,1,0,Reader_1_12.csv
2246,0,0,0,Reader_1_2.csv
2246,1,0,1,Reader_1_3.csv
2246,0,0,0,Reader_1_4.csv
2246,5,4,1,Reader_1_5.csv
2246,0,0,0,Reader_1_6.csv
2246,4,4,0,Reader_1_7.csv
2246,0,0,0,Reader_1_8.csv
2246,0,0,0,Reader_1_9.csv
2246,3,2,1,Reader_2_1.csv
2246,0,0,0,Reader_2_10.csv
2246,0,0,0,Reader_2_11.csv
2246,27,13,14,Reader_2_12.csv
2246,0,0,0,Reader_2_2.csv
2246,3,3,0,Reader_2_3.csv
2246,2,1,1,Reader_2_4.csv
2246,0,0,0,Reader_2_5.csv
2246,0,0,0,Reader_2_6.csv
2246,0,0,0,Reader_2_7.csv
2246,0,0,0,Reader_2_8.csv
2246,0,0,0,Reader_2_9.csv
2246,27,22,5,reader_3_1.csv
2246,5,5,0,Reader_3_2.csv
2246,6,4,2,Reader_3_3.csv
2246,6,4,2,Reader_3_4.csv
2246,2,2,0,Reader_3_5.csv
2246,2,2,0,Reader_3_6.csv
2246,35,17,18,Reader_3_7.csv
2247,9,9,0,Reader_1_1.csv
2247,0,0,0,Reader_1_10.csv
2247,0,0,0,Reader_1_11.csv
2247,1,1,0,Reader_1_12.csv
2247,0,0,0,Reader_1_2.csv
2247,1,0,1,Reader_1_3.csv
2247,0,0,0,Reader_1_4.csv
2247,4,3,1,Reader_1_5.csv
2247,0,0,0,Reader_1_6.csv
2247,2,2,0,Reader_1_7.csv
2247,0,0,0,Reader_1_8.csv
2247,0,0,0,Reader_1_9.csv
2247,1,0,1,Reader_2_1.csv
2247,0,0,0,Reader_2_10.csv
2247,0,0,0,Reader_2_11.csv
2247,27,15,12,Reader_2_12.csv
2247,0,0,0,Reader_2_2.csv
2247,4,4,0,Reader_2_3.csv
2247,1,0,1,Reader_2_4.csv
2247,0,0,0,Reader_2_5.csv
2247,0,0,0,Reader_2_6.csv
2247,0,0,0,Reader_2_7.csv
2247,0,0,0,Reader_2_8.csv
2247,0,0,0,Reader_2_9.csv
2247,34,28,6,reader_3_1.csv
2247,6,6,0,Reader_3_2.csv
2247,7,5,2,Reader_3_3.csv
2247,7,5,2,Reader_3_4.csv
2247,2,2,0,Reader_3_5.csv
2247,1,1,0,Reader_3_6.csv
2247,38,20,18,Reader_3_7.csv
2248,6,6,0,Reader_1_1.csv
2248,0,0,0,Reader_1_10.csv
2248,0,0,0,Reader_1_11.csv
2248,1,1,0,Reader_1_12.csv
2248,0,0,0,Reader_1_2.csv
2248,2,1,1,Reader_1_3.csv
2248,0,0,0,Reader_1_4.csv
2248,4,3,1,Reader_1_5.csv
2248,0,0,0,Reader_1_6.csv
2248,2,2,0,Reader_1_7.csv
2248,0,0,0,Reader_1_8.csv
2248,0,0,0,Reader_1_9.csv
2248,1,0,1,Reader_2_1.csv
2248,0,0,0,Reader_2_10.csv
2248,0,0,0,Reader_2_11.csv
2248,20,12,8,Reader_2_12.csv
2248,0,0,0,Reader_2_2.csv
2248,4,4,0,Reader_2_3.csv
2248,1,0,1,Reader_2_4.csv
2248,0,0,0,Reader_2_5.csv
2248,0,0,0,Reader_2_6.csv
2248,0,0,0,Reader_2_7.csv
2248,0,0,0,Reader_2_8.csv
2248,0,0,0,Reader_2_9.csv
2248,31,27,4,reader_3_1.csv
2248,6,6,0,Reader_3_2.csv
2248,6,4,2,Reader_3_3.csv
2248,6,4,2,Reader_3_4.csv
2248,2,2,0,Reader_3_5.csv
2248,1,1,0,Reader_3_6.csv
2248,40,22,18,Reader_3_7.csv
2249,7,7,0,Reader_1_1.csv
2249,0,0,0,Reader_1_10.csv
2249,0,0,0,Reader_1_11.csv
2249,1,1,0,Reader_1_12.csv
2249,0,0,0,Reader_1_2.csv
2249,2,1,1,Reader_1_3.csv
2249,0,0,0,Reader_1_4.csv
2249,3,2,1,Reader_1_5.csv
2249,0,0,0,Reader_1_6.csv
2249,2,2,0,Reader_1_7.csv
2249,0,0,0,Reader_1_8.csv
2249,0,0,0,Reader_1_9.csv
2249,0,0,0,Reader_2_1.csv
2249,0,0,0,Reader_2_10.csv
2249,0,0,0,Reader_2_11.csv
2249,19,12,7,Reader_2_12.csv
2249,0,0,0,Reader_2_2.csv
2249,3,3,0,Reader_2_3.csv
2249,1,0,1,Reader_2_4.csv
2249,0,0,0,Reader_2_5.csv
2249,0,0,0,Reader_2_6.csv
2249,0,0,0,Reader_2_7.csv
2249,0,0,0,Reader_2_8.csv
2249,0,0,0,Reader_2_9.csv
2249,32,25,7,reader_3_1.csv
2249,8,7,1,Reader_3_2.csv
2249,8,6,2,Reader_3_3.csv
2249,8,6,2,Reader_3_4.csv
2249,2,2,0,Reader_3_5.csv
2249,1,1,0,Reader_3_6.csv
2249,42,22,20,Reader_3_7.csv
2250,12,12,0,Reader_1_1.csv
2250,0,0,0,Reader_1_10.csv
2250,0,0,0,Reader_1_11.csv
2250,2,2,0,Reader_1_12.csv
2250,0,0,0,Reader_1_2.csv
2250,1,1,0,Reader_1_3.csv
2250,1,1,0,Reader_1_4.csv
2250,3,2,1,Reader_1_5.csv
2250,0,0,0,Reader_1_6.csv
2250,0,0,0,Reader_1_7.csv
2250,0,0,0,Reader_1_8.csv
2250,0,0,0,Reader_1_9.csv
2250,0,0,0,Reader_2_1.csv
2250,0,0,0,Reader_2_10.csv
2250,0,0,0,Reader_2_11.csv
2250,24,14,10,Reader_2_12.csv
2250,0,0,0,Reader_2_2.csv
2250,3,3,0,Reader_2_3.csv
2250,0,0,0,Reader_2_4.csv
2250,0,0,0,Reader_2_5.csv
2250,0,0,0,Reader_2_6.csv
2250,0,0,0,Reader_2_7.csv
2250,0,0,0,Reader_2_8.csv
2250,0,0,0,Reader_2_9.csv
2250,32,26,6,reader_3_1.csv
2250,11,9,2,Reader_3_2.csv
2250,5,5,0,Reader_3_3.csv
2250,5,5,0,Reader_3_4.csv
2250,3,3,0,Reader_3_5.csv
2250,1,1,0,Reader_3_6.csv
2250,44,27,17,Reader_3_7.csv
2251,12,12,0,Reader_1_1.csv
2251,0,0,0,Reader_1_10.csv
2251,0,0,0,Reader_1_11.csv
2251,2,2,0,Reader_1_12.csv
2251,0,0,0,Reader_1_2.csv
2251,3,2,1,Reader_1_3.csv
2251,1,1,0,Reader_1_4.csv
2251,2,1,1,Reader_1_5.csv
2251,0,0,0,Reader_1_6.csv
2251,1,1,0,Reader_1_7.csv
2251,0,0,0,Reader_1_8.csv
2251,1,1,0,Reader_1_9.csv
2251,0,0,0,Reader_2_1.csv
2251,0,0,0,Reader_2_10.csv
2251,0,0,0,Reader_2_11.csv
2251,27,16,11,Reader_2_12.csv
2251,0,0,0,Reader_2_2.csv
2251,4,4,0,Reader_2_3.csv
2251,1,0,1,Reader_2_4.csv
2251,0,0,0,Reader_2_5.csv
2251,0,0,0,Reader_2_6.csv
2251,0,0,0,Reader_2_7.csv
2251,1,0,1,Reader_2_8.csv
2251,0,0,0,Reader_2_9.csv
2251,30,24,6,reader_3_1.csv
2251,11,9,2,Reader_3_2.csv
2251,4,4,0,Reader_3_3.csv
2251,4,4,0,Reader_3_4.csv
2251,3,3,0,Reader_3_5.csv
2251,0,0,0,Reader_3_6.csv
2251,44,26,18,Reader_3_7.csv
2252,12,12,0,Reader_1_1.csv
2252,0,0,0,Reader_1_10.csv
2252,0,0,0,Reader_1_11.csv
2252,4,4,0,Reader_1_12.csv
2252,0,0,0,Reader_1_2.csv
2252,3,2,1,Reader_1_3.csv
2252,2,2,0,Reader_1_4.csv
2252,1,1,0,Reader_1_5.csv
2252,0,0,0,Reader_1_6.csv
2252,1,1,0,Reader_1_7.csv
2252,0,0,0,Reader_1_8.csv
2252,1,1,0,Reader_1_9.csv
2252,1,0,1,Reader_2_1.csv
2252,0,0,0,Reader_2_10.csv
2252,0,0,0,Reader_2_11.csv
2252,25,13,12,Reader_2_12.csv
2252,0,0,0,Reader_2_2.csv
2252,5,4,1,Reader_2_3.csv
2252,1,0,1,Reader_2_4.csv
2252,0,0,0,Reader_2_5.csv
2252,0,0,0,Reader_2_6.csv
2252,0,0,0,Reader_2_7.csv
2252,1,0,1,Reader_2_8.csv
2252,0,0,0,Reader_2_9.csv
2252,32,26,6,reader_3_1.csv
2252,11,9,2,Reader_3_2.csv
2252,3,3,0,Reader_3_3.csv
2252,3,3,0,Reader_3_4.csv
2252,2,2,0,Reader_3_5.csv
2252,2,1,1,Reader_3_6.csv
2252,43,28,15,Reader_3_7.csv
2253,10,10,0,Reader_1_1.csv
2253,0,0,0,Reader_1_10.csv
2253,0,0,0,Reader_1_11.csv
2253,4,4,0,Reader_1_12.csv
2253,0,0,0,Reader_1_2.csv
2253,3,2,1,Reader_1_3.csv
2253,2,2,0,Reader_1_4.csv
2253,1,1,0,Reader_1_5.csv
2253,0,0,0,Reader_1_6.csv
2253,1,1,0,Reader_1_7.csv
2253,0,0,0,Reader_1_8.csv
2253,1,1,0,Reader_1_9.csv
2253,1,0,1,Reader_2_1.csv
2253,0,0,0,Reader_2_10.csv
2253,0,0,0,Reader_2_11.csv
2253,25,13,12,Reader_2_12.csv
2253,0,0,0,Reader_2_2.csv
2253,4,3,1,Reader_2_3.csv
2253,1,0,1,Reader_2_4.csv
2253,0,0,0,Reader_2_5.csv
2253,0,0,0,Reader_2_6.csv
2253,0,0,0,Reader_2_7.csv
2253,1,0,1,Reader_2_8.csv
2253,0,0,0,Reader_2_9.csv
2253,32,26,6,reader_3_1.csv
2253,13,11,2,Reader_3_2.csv
2253,4,3,1,Reader_3_3.csv
2253,4,3,1,Reader_3_4.csv
2253,2,2,0,Reader_3_5.csv
2253,3,2,1,Reader_3_6.csv
2253,40,26,14,Reader_3_7.csv
2254,10,8,2,Reader_1_1.csv
2254,0,0,0,Reader_1_10.csv
2254,0,0,0,Reader_1_11.csv
2254,4,4,0,Reader_1_12.csv
2254,0,0,0,Reader_1_2.csv
2254,3,2,1,Reader_1_3.csv
2254,2,2,0,Reader_1_4.csv
2254,1,1,0,Reader_1_5.csv
2254,0,0,0,Reader_1_6.csv
2254,1,1,0,Reader_1_7.csv
2254,0,0,0,Reader_1_8.csv
2254,1,1,0,Reader_1_9.csv
2254,1,0,1,Reader_2_1.csv
2254,0,0,0,Reader_2_10.csv
2254,0,0,0,Reader_2_11.csv
2254,22,15,7,Reader_2_12.csv
2254,0,0,0,Reader_2_2.csv
2254,3,2,1,Reader_2_3.csv
2254,1,0,1,Reader_2_4.csv
2254,0,0,0,Reader_2_5.csv
2254,0,0,0,Reader_2_6.csv
2254,0,0,0,Reader_2_7.csv
2254,1,0,1,Reader_2_8.csv
2254,0,0,0,Reader_2_9.csv
2254,28,23,5,reader_3_1.csv
2254,12,10,2,Reader_3_2.csv
2254,5,3,2,Reader_3_3.csv
2254,5,3,2,Reader_3_4.csv
2254,2,2,0,Reader_3_5.csv
2254,6,4,2,Reader_3_6.csv
2254,36,26,10,Reader_3_7.csv
2255,12,10,2,Reader_1_1.csv
2255,0,0,0,Reader_1_10.csv
2255,0,0,0,Reader_1_11.csv
2255,3,3,0,Reader_1_12.csv
2255,0,0,0,Reader_1_2.csv
2255,3,2,1,Reader_1_3.csv
2255,2,2,0,Reader_1_4.csv
2255,1,1,0,Reader_1_5.csv
2255,0,0,0,Reader_1_6.csv
2255,1,1,0,Reader_1_7.csv
2255,0,0,0,Reader_1_8.csv
2255,1,1,0,Reader_1_9.csv
2255,1,0,1,Reader_2_1.csv
2255,0,0,0,Reader_2_10.csv
2255,0,0,0,Reader_2_11.csv
2255,19,12,7,Reader_2_12.csv
2255,0,0,0,Reader_2_2.csv
2255,3,2,1,Reader_2_3.csv
2255,1,0,1,Reader_2_4.csv
2255,0,0,0,Reader_2_5.csv
2255,0,0,0,Reader_2_6.csv
2255,0,0,0,Reader_2_7.csv
2255,1,0,1,Reader_2_8.csv
2255,0,0,0,Reader_2_9.csv
2255,22,17,5,reader_3_1.csv
2255,11,8,3,Reader_3_2.csv
2255,6,2,4,Reader_3_3.csv
2255,6,2,4,Reader_3_4.csv
2255,4,4,0,Reader_3_5.csv
2255,10,6,4,Reader_3_6.csv
2255,37,25,12,Reader_3_7.csv
2256,14,11,3,Reader_1_1.csv
2256,0,0,0,Reader_1_10.csv
2256,0,0,0,Reader_1_11.csv
2256,3,3,0,Reader_1_12.csv
2256,1,1,0,Reader_1_2.csv
2256,2,1,1,Reader_1_3.csv
2256,2,2,0,Reader_1_4.csv
2256,1,1,0,Reader_1_5.csv
2256,0,0,0,Reader_1_6.csv
2256,1,1,0,Reader_1_7.csv
2256,0,0,0,Reader_1_8.csv
2256,1,1,0,Reader_1_9.csv
2256,1,0,1,Reader_2_1.csv
2256,0,0,0,Reader_2_10.csv
2256,0,0,0,Reader_2_11.csv
2256,21,13,8,Reader_2_12.csv
2256,0,0,0,Reader_2_2.csv
2256,3,2,1,Reader_2_3.csv
2256,1,0,1,Reader_2_4.csv
2256,0,0,0,Reader_2_5.csv
2256,1,1,0,Reader_2_6.csv
2256,0,0,0,Reader_2_7.csv
2256,1,0,1,Reader_2_8.csv
2256,0,0,0,Reader_2_9.csv
2256,21,15,6,reader_3_1.csv
2256,11,8,3,Reader_3_2.csv
2256,7,2,5,Reader_3_3.csv
2256,7,2,5,Reader_3_4.csv
2256,5,4,1,Reader_3_5.csv
2256,13,8,5,Reader_3_6.csv
2256,33,21,12,Reader_3_7.csv
2257,14,11,3,Reader_1_1.csv
2257,0,0,0,Reader_1_10.csv
2257,0,0,0,Reader_1_11.csv
2257,3,3,0,Reader_1_12.csv
2257,1,1,0,Reader_1_2.csv
2257,3,1,2,Reader_1_3.csv
2257,2,2,0,Reader_1_4.csv
2257,1,1,0,Reader_1_5.csv
2257,0,0,0,Reader_1_6.csv
2257,1,1,0,Reader_1_7.csv
2257,0,0,0,Reader_1_8.csv
2257,1,1,0,Reader_1_9.csv
2257,1,0,1,Reader_2_1.csv
2257,0,0,0,Reader_2_10.csv
2257,0,0,0,Reader_2_11.csv
2257,21,14,7,Reader_2_12.csv
2257,0,0,0,Reader_2_2.csv
2257,3,2,1,Reader_2_3.csv
2257,1,0,1,Reader_2_4.csv
2257,0,0,0,Reader_2_5.csv
2257,1,1,0,Reader_2_6.csv
2257,0,0,0,Reader_2_7.csv
2257,1,0,1,Reader_2_8.csv
2257,0,0,0,Reader_2_9.csv
2257,20,17,3,reader_3_1.csv
2257,9,7,2,Reader_3_2.csv
2257,5,0,5,Reader_3_3.csv
2257,5,0,5,Reader_3_4.csv
2257,5,4,1,Reader_3_5.csv
2257,13,8,5,Reader_3_6.csv
2257,31,22,9,Reader_3_7.csv
2258,9,6,3,Reader_1_1.csv
2258,0,0,0,Reader_1_10.csv
2258,0,0,0,Reader_1_11.csv
2258,2,2,0,Reader_1_12.csv
2258,1,1,0,Reader_1_2.csv
2258,2,1,1,Reader_1_3.csv
2258,1,1,0,Reader_1_4.csv
2258,1,1,0,Reader_1_5.csv
2258,0,0,0,Reader_1_6.csv
2258,1,1,0,Reader_1_7.csv
2258,0,0,0,Reader_1_8.csv
2258,1,1,0,Reader_1_9.csv
2258,1,0,1,Reader_2_1.csv
2258,0,0,0,Reader_2_10.csv
2258,0,0,0,Reader_2_11.csv
2258,15,11,4,Reader_2_12.csv
2258,0,0,0,Reader_2_2.csv
2258,4,3,1,Reader_2_3.csv
2258,1,0,1,Reader_2_4.csv
2258,0,0,0,Reader_2_5.csv
2258,2,2,0,Reader_2_6.csv
2258,0,0,0,Reader_2_7.csv
2258,1,0,1,Reader_2_8.csv
2258,0,0,0,Reader_2_9.csv
2258,19,15,4,reader_3_1.csv
2258,6,5,1,Reader_3_2.csv
2258,5,0,5,Reader_3_3.csv
2258,5,0,5,Reader_3_4.csv
2258,4,3,1,Reader_3_5.csv
2258,14,9,5,Reader_3_6.csv
2258,26,17,9,Reader_3_7.csv
2259,8,5,3,Reader_1_1.csv
2259,0,0,0,Reader_1_10.csv
2259,0,0,0,Reader_1_11.csv
2259,2,2,0,Reader_1_12.csv
2259,1,1,0,Reader_1_2.csv
2259,1,0,1,Reader_1_3.csv
2259,2,2,0,Reader_1_4.csv
2259,1,1,0,Reader_1_5.csv
2259,0,0,0,Reader_1_6.csv
2259,0,0,0,Reader_1_7.csv
2259,0,0,0,Reader_1_8.csv
2259,0,0,0,Reader_1_9.csv
2259,1,0,1,Reader_2_1.csv
2259,0,0,0,Reader_2_10.csv
2259,0,0,0,Reader_2_11.csv
2259,12,9,3,Reader_2_12.csv
2259,0,0,0,Reader_2_2.csv
2259,3,2,1,Reader_2_3.csv
2259,0,0,0,Reader_2_4.csv
2259,0,0,0,Reader_2_5.csv
2259,2,2,0,Reader_2_6.csv
2259,0,0,0,Reader_2_7.csv
2259,0,0,0,Reader_2_8.csv
2259,0,0,0,Reader_2_9.csv
2259,18,14,4,reader_3_1.csv
2259,7,4,3,Reader_3_2.csv
2259,5,0,5,Reader_3_3.csv
2259,5,0,5,Reader_3_4.csv
2259,4,3,1,Reader_3_5.csv
2259,16,10,6,Reader_3_6.csv
2259,26,18,8,Reader_3_7.csv
2260,8,4,4,Reader_1_1.csv
2260,0,0,0,Reader_1_10.csv
2260,0,0,0,Reader_1_11.csv
2260,0,0,0,Reader_1_12.csv
2260,1,1,0,Reader_1_2.csv
2260,2,1,1,Reader_1_3.csv
2260,1,1,0,Reader_1_4.csv
2260,2,1,1,Reader_1_5.csv
2260,0,0,0,Reader_1_6.csv
2260,0,0,0,Reader_1_7.csv
2260,0,0,0,Reader_1_8.csv
2260,0,0,0,Reader_1_9.csv
2260,0,0,0,Reader_2_1.csv
2260,0,0,0,Reader_2_10.csv
2260,0,0,0,Reader_2_11.csv
2260,13,10,3,Reader_2_12.csv
2260,0,0,0,Reader_2_2.csv
2260,2,2,0,Reader_2_3.csv
2260,0,0,0,Reader_2_4.csv
2260,0,0,0,Reader_2_5.csv
2260,2,2,0,Reader_2_6.csv
2260,0,0,0,Reader_2_7.csv
2260,0,0,0,Reader_2_8.csv
2260,0,0,0,Reader_2_9.csv
2260,16,12,4,reader_3_1.csv
2260,9,6,3,Reader_3_2.csv
2260,7,1,6,Reader_3_3.csv
2260,7,1,6,Reader_3_4.csv
2260,4,3,1,Reader_3_5.csv
2260,15,10,5,Reader_3_6.csv
2260,25,15,10,Reader_3_7.csv
2261,9,5,4,Reader_1_1.csv
2261,0,0,0,Reader_1_10.csv
2261,0,0,0,Reader_1_11.csv
2261,0,0,0,Reader_1_12.csv
2261,1,1,0,Reader_1_2.csv
2261,2,1,1,Reader_1_3.csv
2261,1,1,0,Reader_1_4.csv
2261,1,0,1,Reader_1_5.csv
2261,0,0,0,Reader_1_6.csv
2261,0,0,0,Reader_1_7.csv
2261,0,0,0,Reader_1_8.csv
2261,1,1,0,Reader_1_9.csv
2261,0,0,0,Reader_2_1.csv
2261,1,1,0,Reader_2_10.csv
2261,0,0,0,Reader_2_11.csv
2261,13,10,3,Reader_2_12.csv
2261,1,1,0,Reader_2_2.csv
2261,2,2,0,Reader_2_3.csv
2261,0,0,0,Reader_2_4.csv
2261,0,0,0,Reader_2_5.csv
2261,2,2,0,Reader_2_6.csv
2261,0,0,0,Reader_2_7.csv
2261,0,0,0,Reader_2_8.csv
2261,0,0,0,Reader_2_9.csv
2261,10,7,3,reader_3_1.csv
2261,6,3,3,Reader_3_2.csv
2261,8,2,6,Reader_3_3.csv
2261,8,2,6,Reader_3_4.csv
2261,4,3,1,Reader_3_5.csv
2261,18,11,7,Reader_3_6.csv
2261,23,14,9,Reader_3_7.csv
2262,7,5,2,Reader_1_1.csv
2262,0,0,0,Reader_1_10.csv
2262,0,0,0,Reader_1_11.csv
2262,0,0,0,Reader_1_12.csv
2262,1,1,0,Reader_1_2.csv
2262,2,1,1,Reader_1_3.csv
2262,1,1,0,Reader_1_4.csv
2262,1,0,1,Reader_1_5.csv
2262,0,0,0,Reader_1_6.csv
2262,0,0,0,Reader_1_7.csv
2262,0,0,0,Reader_1_8.csv
2262,1,1,0,Reader_1_9.csv
2262,0,0,0,Reader_2_1.csv
2262,1,1,0,Reader_2_10.csv
2262,0,0,0,Reader_2_11.csv
2262,12,8,4,Reader_2_12.csv
2262,1,1,0,Reader_2_2.csv
2262,3,3,0,Reader_2_3.csv
2262,0,0,0,Reader_2_4.csv
2262,0,0,0,Reader_2_5.csv
2262,2,2,0,Reader_2_6.csv
2262,0,0,0,Reader_2_7.csv
2262,0,0,0,Reader_2_8.csv
2262,0,0,0,Reader_2_9.csv
2262,12,9,3,reader_3_1.csv
2262,7,4,3,Reader_3_2.csv
2262,9,4,5,Reader_3_3.csv
2262,9,4,5,Reader_3_4.csv
2262,3,2,1,Reader_3_5.csv
2262,21,12,9,Reader_3_6.csv
2262,23,13,10,Reader_3_7.csv
2263,5,3,2,Reader_1_1.csv
2263,0,0,0,Reader_1_10.csv
2263,0,0,0,Reader_1_11.csv
2263,0,0,0,Reader_1_12.csv
2263,1,1,0,Reader_1_2.csv
2263,3,2,1,Reader_1_3.csv
2263,1,1,0,Reader_1_4.csv
2263,1,0,1,Reader_1_5.csv
2263,0,0,0,Reader_1_6.csv
2263,0,0,0,Reader_1_7.csv
2263,0,0,0,Reader_1_8.csv
2263,1,1,0,Reader_1_9.csv
2263,0,0,0,Reader_2_1.csv
2263,1,1,0,Reader_2_10.csv
2263,0,0,0,Reader_2_11.csv
2263,16,10,6,Reader_2_12.csv
2263,1,1,0,Reader_2_2.csv
2263,2,2,0,Reader_2_3.csv
2263,0,0,0,Reader_2_4.csv
2263,0,0,0,Reader_2_5.csv
2263,3,2,1,Reader_2_6.csv
2263,0,0,0,Reader_2_7.csv
2263,0,0,0,Reader_2_8.csv
2263,0,0,0,Reader_2_9.csv
2263,11,9,2,reader_3_1.csv
2263,5,3,2,Reader_3_2.csv
2263,7,4,3,Reader_3_3.csv
2263,7,4,3,Reader_3_4.csv
2263,1,0,1,Reader_3_5.csv
2263,20,11,9,Reader_3_6.csv
2263,17,10,7,Reader_3_7.csv
2264,3,2,1,Reader_1_1.csv
2264,0,0,0,Reader_1_10.csv
2264,0,0,0,Reader_1_11.csv
2264,0,0,0,Reader_1_12.csv
2264,0,0,0,Reader_1_2.csv
2264,3,2,1,Reader_1_3.csv
2264,1,1,0,Reader_1_4.csv
2264,2,0,2,Reader_1_5.csv
2264,0,0,0,Reader_1_6.csv
2264,0,0,0,Reader_1_7.csv
2264,0,0,0,Reader_1_8.csv
2264,2,2,0,Reader_1_9.csv
2264,0,0,0,Reader_2_1.csv
2264,1,1,0,Reader_2_10.csv
2264,0,0,0,Reader_2_11.csv
2264,16,10,6,Reader_2_12.csv
2264,1,1,0,Reader_2_2.csv
2264,2,2,0,Reader_2_3.csv
2264,1,1,0,Reader_2_4.csv
2264,0,0,0,Reader_2_5.csv
2264,2,1,1,Reader_2_6.csv
2264,0,0,0,Reader_2_7.csv
2264,0,0,0,Reader_2_8.csv
2264,0,0,0,Reader_2_9.csv
2264,10,9,1,reader_3_1.csv
2264,5,3,2,Reader_3_2.csv
2264,9,7,2,Reader_3_3.csv
2264,9,7,2,Reader_3_4.csv
2264,1,1,0,Reader_3_5.csv
2264,19,11,8,Reader_3_6.csv
2264,18,11,7,Reader_3_7.csv
2265,2,1,1,Reader_1_1.csv
2265,0,0,0,Reader_1_10.csv
2265,0,0,0,Reader_1_11.csv
2265,0,0,0,Reader_1_12.csv
2265,1,1,0,Reader_1_2.csv
2265,2,2,0,Reader_1_3.csv
2265,1,1,0,Reader_1_4.csv
2265,2,0,2,Reader_1_5.csv
2265,0,0,0,Reader_1_6.csv
2265,0,0,0,Reader_1_7.csv
2265,0,0,0,Reader_1_8.csv
2265,2,2,0,Reader_1_9.csv
2265,0,0,0,Reader_2_1.csv
2265,1,1,0,Reader_2_10.csv
2265,0,0,0,Reader_2_11.csv
2265,18,12,6,Reader_2_12.csv
2265,1,1,0,Reader_2_2.csv
2265,2,2,0,Reader_2_3.csv
2265,1,1,0,Reader_2_4.csv
2265,0,0,0,Reader_2_5.csv
2265,2,1,1,Reader_2_6.csv
2265,0,0,0,Reader_2_7.csv
2265,0,0,0,Reader_2_8.csv
2265,0,0,0,Reader_2_9.csv
2265,7,6,1,reader_3_1.csv
2265,7,5,2,Reader_3_2.csv
2265,13,10,3,Reader_3_3.csv
2265,13,10,3,Reader_3_4.csv
2265,2,2,0,Reader_3_5.csv
2265,22,14,8,Reader_3_6.csv
2265,12,6,6,Reader_3_7.csv
2266,2,1,1,Reader_1_1.csv
2266,0,0,0,Reader_1_10.csv
2266,0,0,0,Reader_1_11.csv
2266,1,1,0,Reader_1_12.csv
2266,1,1,0,Reader_1_2.csv
2266,3,3,0,Reader_1_3.csv
2266,1,1,0,Reader_1_4.csv
2266,2,0,2,Reader_1_5.csv
2266,0,0,0,Reader_1_6.csv
2266,0,0,0,Reader_1_7.csv
2266,0,0,0,Reader_1_8.csv
2266,2,2,0,Reader_1_9.csv
2266,0,0,0,Reader_2_1.csv
2266,1,1,0,Reader_2_10.csv
2266,0,0,0,Reader_2_11.csv
2266,21,14,7,Reader_2_12.csv
2266,1,1,0,Reader_2_2.csv
2266,1,1,0,Reader_2_3.csv
2266,1,1,0,Reader_2_4.csv
2266,0,0,0,Reader_2_5.csv
2266,1,0,1,Reader_2_6.csv
2266,0,0,0,Reader_2_7.csv
2266,0,0,0,Reader_2_8.csv
2266,0,0,0,Reader_2_9.csv
2266,4,4,0,reader_3_1.csv
2266,8,5,3,Reader_3_2.csv
2266,14,11,3,Reader_3_3.csv
2266,14,11,3,Reader_3_4.csv
2266,2,2,0,Reader_3_5.csv
2266,24,14,10,Reader_3_6.csv
2266,13,6,7,Reader_3_7.csv
2267,4,1,3,Reader_1_1.csv
2267,0,0,0,Reader_1_10.csv
2267,0,0,0,Reader_1_11.csv
2267,1,1,0,Reader_1_12.csv
2267,2,2,0,Reader_1_2.csv
2267,3,3,0,Reader_1_3.csv
2267,0,0,0,Reader_1_4.csv
2267,3,1,2,Reader_1_5.csv
2267,0,0,0,Reader_1_6.csv
2267,0,0,0,Reader_1_7.csv
2267,0,0,0,Reader_1_8.csv
2267,2,2,0,Reader_1_9.csv
2267,0,0,0,Reader_2_1.csv
2267,1,1,0,Reader_2_10.csv
2267,0,0,0,Reader_2_11.csv
2267,24,17,7,Reader_2_12.csv
2267,1,1,0,Reader_2_2.csv
2267,1,1,0,Reader_2_3.csv
2267,2,2,0,Reader_2_4.csv
2267,0,0,0,Reader_2_5.csv
2267,1,0,1,Reader_2_6.csv
2267,0,0,0,Reader_2_7.csv
2267,0,0,0,Reader_2_8.csv
2267,0,0,0,Reader_2_9.csv
2267,5,5,0,reader_3_1.csv
2267,10,8,2,Reader_3_2.csv
2267,14,11,3,Reader_3_3.csv
2267,14,11,3,Reader_3_4.csv
2267,2,2,0,Reader_3_5.csv
2267,26,17,9,Reader_3_6.csv
2267,9,4,5,Reader_3_7.csv
2268,4,2,2,Reader_1_1.csv
2268,0,0,0,Reader_1_10.csv
2268,0,0,0,Reader_1_11.csv
2268,1,1,0,Reader_1_12.csv
2268,2,2,0,Reader_1_2.csv
2268,3,3,0,Reader_1_3.csv
2268,0,0,0,Reader_1_4.csv
2268,2,1,1,Reader_1_5.csv
2268,0,0,0,Reader_1_6.csv
2268,0,0,0,Reader_1_7.csv
2268,0,0,0,Reader_1_8.csv
2268,2,2,0,Reader_1_9.csv
2268,0,0,0,Reader_2_1.csv
2268,1,1,0,Reader_2_10.csv
2268,0,0,0,Reader_2_11.csv
2268,23,17,6,Reader_2_12.csv
2268,1,1,0,Reader_2_2.csv
2268,1,1,0,Reader_2_3.csv
2268,2,2,0,Reader_2_4.csv
2268,0,0,0,Reader_2_5.csv
2268,2,1,1,Reader_2_6.csv
2268,0,0,0,Reader_2_7.csv
2268,0,0,0,Reader_2_8.csv
2268,0,0,0,Reader_2_9.csv
2268,5,5,0,reader_3_1.csv
2268,9,7,2,Reader_3_2.csv
2268,12,10,2,Reader_3_3.csv
2268,12,10,2,Reader_3_4.csv
2268,2,2,0,Reader_3_5.csv
2268,26,17,9,Reader_3_6.csv
2268,8,5,3,Reader_3_7.csv
2269,3,1,2,Reader_1_1.csv
2269,0,0,0,Reader_1_10.csv
2269,0,0,0,Reader_1_11.csv
2269,1,1,0,Reader_1_12.csv
2269,2,2,0,Reader_1_2.csv
2269,3,3,0,Reader_1_3.csv
2269,0,0,0,Reader_1_4.csv
2269,2,1,1,Reader_1_5.csv
2269,0,0,0,Reader_1_6.csv
2269,0,0,0,Reader_1_7.csv
2269,0,0,0,Reader_1_8.csv
2269,1,1,0,Reader_1_9.csv
2269,0,0,0,Reader_2_1.csv
2269,0,0,0,Reader_2_10.csv
2269,0,0,0,Reader_2_11.csv
2269,25,19,6,Reader_2_12.csv
2269,0,0,0,Reader_2_2.csv
2269,1,1,0,Reader_2_3.csv
2269,2,2,0,Reader_2_4.csv
2269,0,0,0,Reader_2_5.csv
2269,2,1,1,Reader_2_6.csv
2269,0,0,0,Reader_2_7.csv
2269,0,0,0,Reader_2_8.csv
2269,0,0,0,Reader_2_9.csv
2269,7,6,1,reader_3_1.csv
2269,10,8,2,Reader_3_2.csv
2269,10,9,1,Reader_3_3.csv
2269,10,9,1,Reader_3_4.csv
2269,2,2,0,Reader_3_5.csv
2269,23,16,7,Reader_3_6.csv
2269,7,4,3,Reader_3_7.csv
2270,3,1,2,Reader_1_1.csv
2270,0,0,0,Reader_1_10.csv
2270,0,0,0,Reader_1_11.csv
2270,1,1,0,Reader_1_12.csv
2270,2,2,0,Reader_1_2.csv
2270,4,3,1,Reader_1_3.csv
2270,0,0,0,Reader_1_4.csv
2270,2,1,1,Reader_1_5.csv
2270,0,0,0,Reader_1_6.csv
2270,0,0,0,Reader_1_7.csv
2270,0,0,0,Reader_1_8.csv
2270,1,1,0,Reader_1_9.csv
2270,0,0,0,Reader_2_1.csv
2270,0,0,0,Reader_2_10.csv
2270,0,0,0,Reader_2_11.csv
2270,29,22,7,Reader_2_12.csv
2270,0,0,0,Reader_2_2.csv
2270,0,0,0,Reader_2_3.csv
2270,2,2,0,Reader_2_4.csv
2270,0,0,0,Reader_2_5.csv
2270,2,1,1,Reader_2_6.csv
2270,0,0,0,Reader_2_7.csv
2270,0,0,0,Reader_2_8.csv
2270,0,0,0,Reader_2_9.csv
2270,7,6,1,reader_3_1.csv
2270,9,7,2,Reader_3_2.csv
2270,9,8,1,Reader_3_3.csv
2270,9,8,1,Reader_3_4.csv
2270,4,3,1,Reader_3_5.csv
2270,23,18,5,Reader_3_6.csv
2270,3,2,1,Reader_3_7.csv
2271,3,1,2,Reader_1_1.csv
2271,0,0,0,Reader_1_10.csv
2271,0,0,0,Reader_1_11.csv
2271,1,1,0,Reader_1_12.csv
2271,2,2,0,Reader_1_2.csv
2271,4,3,1,Reader_1_3.csv
2271,0,0,0,Reader_1_4.csv
2271,2,1,1,Reader_1_5.csv
2271,0,0,0,Reader_1_6.csv
2271,0,0,0,Reader_1_7.csv
2271,0,0,0,Reader_1_8.csv
2271,1,1,0,Reader_1_9.csv
2271,0,0,0,Reader_2_1.csv
2271,0,0,0,Reader_2_10.csv
2271,0,0,0,Reader_2_11.csv
2271,27,22,5,Reader_2_12.csv
2271,0,0,0,Reader_2_2.csv
2271,0,0,0,Reader_2_3.csv
2271,2,2,0,Reader_2_4.csv
2271,0,0,0,Reader_2_5.csv
2271,1,1,0,Reader_2_6.csv
2271,0,0,0,Reader_2_7.csv
2271,1,1,0,Reader_2_8.csv
2271,0,0,0,Reader_2_9.csv
2271,6,5,1,reader_3_1.csv
2271,12,10,2,Reader_3_2.csv
2271,9,8,1,Reader_3_3.csv
2271,9,8,1,Reader_3_4.csv
2271,4,3,1,Reader_3_5.csv
2271,22,19,3,Reader_3_6.csv
2271,3,2,1,Reader_3_7.csv
2272,4,2,2,Reader_1_1.csv
2272,0,0,0,Reader_1_10.csv
2272,0,0,0,Reader_1_11.csv
2272,1,1,0,Reader_1_12.csv
2272,2,2,0,Reader_1_2.csv
2272,4,3,1,Reader_1_3.csv
2272,0,0,0,Reader_1_4.csv
2272,1,1,0,Reader_1_5.csv
2272,0,0,0,Reader_1_6.csv
2272,0,0,0,Reader_1_7.csv
2272,0,0,0,Reader_1_8.csv
2272,0,0,0,Reader_1_9.csv
2272,0,0,0,Reader_2_1.csv
2272,0,0,0,Reader_2_10.csv
2272,0,0,0,Reader_2_11.csv
2272,27,22,5,Reader_2_12.csv
2272,0,0,0,Reader_2_2.csv
2272,0,0,0,Reader_2_3.csv
2272,1,1,0,Reader_2_4.csv
2272,0,0,0,Reader_2_5.csv
2272,1,1,0,Reader_2_6.csv
2272,0,0,0,Reader_2_7.csv
2272,1,1,0,Reader_2_8.csv
2272,0,0,0,Reader_2_9.csv
2272,6,5,1,reader_3_1.csv
2272,12,10,2,Reader_3_2.csv
2272,6,5,1,Reader_3_3.csv
2272,6,5,1,Reader_3_4.csv
2272,4,3,1,Reader_3_5.csv
2272,21,18,3,Reader_3_6.csv
2272,3,1,2,Reader_3_7.csv
2273,6,3,3,Reader_1_1.csv
2273,0,0,0,Reader_1_10.csv
2273,0,0,0,Reader_1_11.csv
2273,1,1,0,Reader_1_12.csv
2273,1,1,0,Reader_1_2.csv
2273,4,3,1,Reader_1_3.csv
2273,0,0,0,Reader_1_4.csv
2273,1,1,0,Reader_1_5.csv
2273,0,0,0,Reader_1_6.csv
2273,0,0,0,Reader_1_7.csv
2273,0,0,0,Reader_1_8.csv
2273,0,0,0,Reader_1_9.csv
2273,0,0,0,Reader_2_1.csv
2273,0,0,0,Reader_2_10.csv
2273,0,0,0,Reader_2_11.csv
2273,26,20,6,Reader_2_12.csv
2273,0,0,0,Reader_2_2.csv
2273,0,0,0,Reader_2_3.csv
2273,1,1,0,Reader_2_4.csv
2273,0,0,0,Reader_2_5.csv
2273,1,1,0,Reader_2_6.csv
2273,0,0,0,Reader_2_7.csv
2273,1,1,0,Reader_2_8.csv
2273,0,0,0,Reader_2_9.csv
2273,8,7,1,reader_3_1.csv
2273,10,8,2,Reader_3_2.csv
2273,2,2,0,Reader_3_3.csv
2273,2,2,0,Reader_3_4.csv
2273,3,2,1,Reader_3_5.csv
2273,19,16,3,Reader_3_6.csv
2273,5,3,2,Reader_3_7.csv
2274,6,3,3,Reader_1_1.csv
2274,0,0,0,Reader_1_10.csv
2274,0,0,0,Reader_1_11.csv
2274,0,0,0,Reader_1_12.csv
2274,1,1,0,Reader_1_2.csv
2274,6,5,1,Reader_1_3.csv
2274,0,0,0,Reader_1_4.csv
2274,2,2,0,Reader_1_5.csv
2274,0,0,0,Reader_1_6.csv
2274,0,0,0,Reader_1_7.csv
2274,0,0,0,Reader_1_8.csv
2274,0,0,0,Reader_1_9.csv
2274,0,0,0,Reader_2_1.csv
2274,0,0,0,Reader_2_10.csv
2274,0,0,0,Reader_2_11.csv
2274,24,18,6,Reader_2_12.csv
2274,0,0,0,Reader_2_2.csv
2274,0,0,0,Reader_2_3.csv
2274,1,1,0,Reader_2_4.csv
2274,0,0,0,Reader_2_5.csv
2274,1,1,0,Reader_2_6.csv
2274,0,0,0,Reader_2_7.csv
2274,1,1,0,Reader_2_8.csv
2274,0,0,0,Reader_2_9.csv
2274,9,8,1,reader_3_1.csv
2274,9,8,1,Reader_3_2.csv
2274,1,1,0,Reader_3_3.csv
2274,1,1,0,Reader_3_4.csv
2274,3,2,1,Reader_3_5.csv
2274,16,15,1,Reader_3_6.csv
2274,7,6,1,Reader_3_7.csv
2275,4,3,1,Reader_1_1.csv
2275,0,0,0,Reader_1_10.csv
2275,0,0,0,Reader_1_11.csv
2275,0,0,0,Reader_1_12.csv
2275,0,0,0,Reader_1_2.csv
2275,8,7,1,Reader_1_3.csv
2275,0,0,0,Reader_1_4.csv
2275,1,1,0,Reader_1_5.csv
2275,0,0,0,Reader_1_6.csv
2275,0,0,0,Reader_1_7.csv
2275,0,0,0,Reader_1_8.csv
2275,0,0,0,Reader_1_9.csv
2275,0,0,0,Reader_2_1.csv
2275,0,0,0,Reader_2_10.csv
2275,0,0,0,Reader_2_11.csv
2275,21,15,6,Reader_2_12.csv
2275,0,0,0,Reader_2_2.csv
2275,0,0,0,Reader_2_3.csv
2275,0,0,0,Reader_2_4.csv
2275,0,0,0,Reader_2_5.csv
2275,1,1,0,Reader_2_6.csv
2275,0,0,0,Reader_2_7.csv
2275,1,1,0,Reader_2_8.csv
2275,0,0,0,Reader_2_9.csv
2275,8,7,1,reader_3_1.csv
2275,5,5,0,Reader_3_2.csv
2275,1,1,0,Reader_3_3.csv
2275,1,1,0,Reader_3_4.csv
2275,3,2,1,Reader_3_5.csv
2275,12,11,1,Reader_3_6.csv
2275,7,6,1,Reader_3_7.csv
2276,3,2,1,Reader_1_1.csv
2276,0,0,0,Reader_1_10.csv
2276,0,0,0,Reader_1_11.csv
2276,0,0,0,Reader_1_12.csv
2276,0,0,0,Reader_1_2.csv
2276,7,6,1,Reader_1_3.csv
2276,0,0,0,Reader_1_4.csv
2276,1,1,0,Reader_1_5.csv
2276,0,0,0,Reader_1_6.csv
2276,0,0,0,Reader_1_7.csv
2276,0,0,0,Reader_1_8.csv
2276,0,0,0,Reader_1_9.csv
2276,0,0,0,Reader_2_1.csv
2276,0,0,0,Reader_2_10.csv
2276,0,0,0,Reader_2_11.csv
2276,20,14,6,Reader_2_12.csv
2276,0,0,0,Reader_2_2.csv
2276,0,0,0,Reader_2_3.csv
2276,0,0,0,Reader_2_4.csv
2276,0,0,0,Reader_2_5.csv
2276,0,0,0,Reader_2_6.csv
2276,0,0,0,Reader_2_7.csv
2276,1,1,0,Reader_2_8.csv
2276,0,0,0,Reader_2_9.csv
2276,8,7,1,reader_3_1.csv
2276,4,4,0,Reader_3_2.csv
2276,1,1,0,Reader_3_3.csv
2276,1,1,0,Reader_3_4.csv
2276,4,2,2,Reader_3_5.csv
2276,12,11,1,Reader_3_6.csv
2276,7,6,1,Reader_3_7.csv
2277,3,2,1,Reader_1_1.csv
2277,0,0,0,Reader_1_10.csv
2277,0,0,0,Reader_1_11.csv
2277,1,1,0,Reader_1_12.csv
2277,0,0,0,Reader_1_2.csv
2277,8,7,1,Reader_1_3.csv
2277,0,0,0,Reader_1_4.csv
2277,1,1,0,Reader_1_5.csv
2277,0,0,0,Reader_1_6.csv
2277,0,0,0,Reader_1_7.csv
2277,0,0,0,Reader_1_8.csv
2277,0,0,0,Reader_1_9.csv
2277,0,0,0,Reader_2_1.csv
2277,0,0,0,Reader_2_10.csv
2277,0,0,0,Reader_2_11.csv
2277,17,11,6,Reader_2_12.csv
2277,0,0,0,Reader_2_2.csv
2277,0,0,0,Reader_2_3.csv
2277,0,0,0,Reader_2_4.csv
2277,0,0,0,Reader_2_5.csv
2277,0,0,0,Reader_2_6.csv
2277,0,0,0,Reader_2_7.csv
2277,1,1,0,Reader_2_8.csv
2277,0,0,0,Reader_2_9.csv
2277,6,6,0,reader_3_1.csv
2277,3,3,0,Reader_3_2.csv
2277,1,1,0,Reader_3_3.csv
2277,1,1,0,Reader_3_4.csv
2277,4,2,2,Reader_3_5.csv
2277,12,11,1,Reader_3_6.csv
2277,7,6,1,Reader_3_7.csv
2278,3,2,1,Reader_1_1.csv
2278,0,0,0,Reader_1_10.csv
2278,0,0,0,Reader_1_11.csv
2278,1,1,0,Reader_1_12.csv
2278,0,0,0,Reader_1_2.csv
2278,7,7,0,Reader_1_3.csv
2278,0,0,0,Reader_1_4.csv
2278,1,1,0,Reader_1_5.csv
2278,0,0,0,Reader_1_6.csv
2278,0,0,0,Reader_1_7.csv
2278,0,0,0,Reader_1_8.csv
2278,0,0,0,Reader_1_9.csv
2278,0,0,0,Reader_2_1.csv
2278,0,0,0,Reader_2_10.csv
2278,0,0,0,Reader_2_11.csv
2278,12,8,4,Reader_2_12.csv
2278,0,0,0,Reader_2_2.csv
2278,0,0,0,Reader_2_3.csv
2278,0,0,0,Reader_2_4.csv
2278,0,0,0,Reader_2_5.csv
2278,0,0,0,Reader_2_6.csv
2278,0,0,0,Reader_2_7.csv
2278,1,1,0,Reader_2_8.csv
2278,0,0,0,Reader_2_9.csv
2278,4,4,0,reader_3_1.csv
2278,3,3,0,Reader_3_2.csv
2278,0,0,0,Reader_3_3.csv
2278,0,0,0,Reader_3_4.csv
2278,2,1,1,Reader_3_5.csv
2278,8,8,0,Reader_3_6.csv
2278,7,6,1,Reader_3_7.csv
2279,3,2,1,Reader_1_1.csv
2279,0,0,0,Reader_1_10.csv
2279,0,0,0,Reader_1_11.csv
2279,1,1,0,Reader_1_12.csv
2279,0,0,0,Reader_1_2.csv
2279,6,6,0,Reader_1_3.csv
2279,0,0,0,Reader_1_4.csv
2279,1,1,0,Reader_1_5.csv
2279,0,0,0,Reader_1_6.csv
2279,1,1,0,Reader_1_7.csv
2279,0,0,0,Reader_1_8.csv
2279,0,0,0,Reader_1_9.csv
2279,1,1,0,Reader_2_1.csv
2279,0,0,0,Reader_2_10.csv
2279,0,0,0,Reader_2_11.csv
2279,12,7,5,Reader_2_12.csv
2279,0,0,0,Reader_2_2.csv
2279,0,0,0,Reader_2_3.csv
2279,0,0,0,Reader_2_4.csv
2279,0,0,0,Reader_2_5.csv
2279,0,0,0,Reader_2_6.csv
2279,0,0,0,Reader_2_7.csv
2279,0,0,0,Reader_2_8.csv
2279,0,0,0,Reader_2_9.csv
2279,4,4,0,reader_3_1.csv
2279,0,0,0,Reader_3_2.csv
2279,2,1,1,Reader_3_3.csv
2279,2,1,1,Reader_3_4.csv
2279,3,1,2,Reader_3_5.csv
2279,6,6,0,Reader_3_6.csv
2279,7,6,1,Reader_3_7.csv
2280,2,1,1,Reader_1_1.csv
2280,0,0,0,Reader_1_10.csv
2280,0,0,0,Reader_1_11.csv
2280,1,1,0,Reader_1_12.csv
2280,0,0,0,Reader_1_2.csv
2280,6,6,0,Reader_1_3.csv
2280,0,0,0,Reader_1_4.csv
2280,1,1,0,Reader_1_5.csv
2280,0,0,0,Reader_1_6.csv
2280,1,1,0,Reader_1_7.csv
2280,0,0,0,Reader_1_8.csv
2280,0,0,0,Reader_1_9.csv
2280,1,1,0,Reader_2_1.csv
2280,0,0,0,Reader_2_10.csv
2280,0,0,0,Reader_2_11.csv
2280,12,8,4,Reader_2_12.csv
2280,0,0,0,Reader_2_2.csv
2280,0,0,0,Reader_2_3.csv
2280,0,0,0,Reader_2_4.csv
2280,0,0,0,Reader_2_5.csv
2280,0,0,0,Reader_2_6.csv
2280,0,0,0,Reader_2_7.csv
2280,0,0,0,Reader_2_8.csv
2280,0,0,0,Reader_2_9.csv
2280,5,4,1,reader_3_1.csv
2280,0,0,0,Reader_3_2.csv
2280,5,1,4,Reader_3_3.csv
2280,5,1,4,Reader_3_4.csv
2280,2,0,2,Reader_3_5.csv
2280,6,5,1,Reader_3_6.csv
2280,6,6,0,Reader_3_7.csv
2281,0,0,0,Reader_1_1.csv
2281,0,0,0,Reader_1_10.csv
2281,0,0,0,Reader_1_11.csv
2281,1,1,0,Reader_1_12.csv
2281,0,0,0,Reader_1_2.csv
2281,6,6,0,Reader_1_3.csv
2281,0,0,0,Reader_1_4.csv
2281,1,1,0,Reader_1_5.csv
2281,0,0,0,Reader_1_6.csv
2281,1,1,0,Reader_1_7.csv
2281,0,0,0,Reader_1_8.csv
2281,0,0,0,Reader_1_9.csv
2281,1,1,0,Reader_2_1.csv
2281,0,0,0,Reader_2_10.csv
2281,0,0,0,Reader_2_11.csv
2281,10,7,3,Reader_2_12.csv
2281,1,1,0,Reader_2_2.csv
2281,0,0,0,Reader_2_3.csv
2281,0,0,0,Reader_2_4.csv
2281,0,0,0,Reader_2_5.csv
2281,0,0,0,Reader_2_6.csv
2281,0,0,0,Reader_2_7.csv
2281,0,0,0,Reader_2_8.csv
2281,0,0,0,Reader_2_9.csv
2281,3,2,1,reader_3_1.csv
2281,1,1,0,Reader_3_2.csv
2281,5,1,4,Reader_3_3.csv
2281,5,1,4,Reader_3_4.csv
2281,2,0,2,Reader_3_5.csv
2281,5,4,1,Reader_3_6.csv
2281,5,5,0,Reader_3_7.csv
2282,1,1,0,Reader_1_1.csv
2282,0,0,0,Reader_1_10.csv
2282,0,0,0,Reader_1_11.csv
2282,1,1,0,Reader_1_12.csv
2282,0,0,0,Reader_1_2.csv
2282,3,3,0,Reader_1_3.csv
2282,0,0,0,Reader_1_4.csv
2282,0,0,0,Reader_1_5.csv
2282,0,0,0,Reader_1_6.csv
2282,1,1,0,Reader_1_7.csv
2282,0,0,0,Reader_1_8.csv
2282,0,0,0,Reader_1_9.csv
2282,1,1,0,Reader_2_1.csv
2282,0,0,0,Reader_2_10.csv
2282,0,0,0,Reader_2_11.csv
2282,10,6,4,Reader_2_12.csv
2282,1,1,0,Reader_2_2.csv
2282,0,0,0,Reader_2_3.csv
2282,0,0,0,Reader_2_4.csv
2282,0,0,0,Reader_2_5.csv
2282,0,0,0,Reader_2_6.csv
2282,0,0,0,Reader_2_7.csv
2282,0,0,0,Reader_2_8.csv
2282,0,0,0,Reader_2_9.csv
2282,2,1,1,reader_3_1.csv
2282,1,1,0,Reader_3_2.csv
2282,5,1,4,Reader_3_3.csv
2282,5,1,4,Reader_3_4.csv
2282,2,0,2,Reader_3_5.csv
2282,6,5,1,Reader_3_6.csv
2282,2,2,0,Reader_3_7.csv
2283,3,3,0,Reader_1_1.csv
2283,0,0,0,Reader_1_10.csv
2283,0,0,0,Reader_1_11.csv
2283,1,1,0,Reader_1_12.csv
2283,0,0,0,Reader_1_2.csv
2283,1,1,0,Reader_1_3.csv
2283,0,0,0,Reader_1_4.csv
2283,0,0,0,Reader_1_5.csv
2283,0,0,0,Reader_1_6.csv
2283,1,1,0,Reader_1_7.csv
2283,0,0,0,Reader_1_8.csv
2283,0,0,0,Reader_1_9.csv
2283,1,1,0,Reader_2_1.csv
2283,0,0,0,Reader_2_10.csv
2283,0,0,0,Reader_2_11.csv
2283,10,7,3,Reader_2_12.csv
2283,1,1,0,Reader_2_2.csv
2283,0,0,0,Reader_2_3.csv
2283,0,0,0,Reader_2_4.csv
2283,0,0,0,Reader_2_5.csv
2283,0,0,0,Reader_2_6.csv
2283,0,0,0,Reader_2_7.csv
2283,0,0,0,Reader_2_8.csv
2283,0,0,0,Reader_2_9.csv
2283,3,2,1,reader_3_1.csv
2283,3,2,1,Reader_3_2.csv
2283,5,1,4,Reader_3_3.csv
2283,5,1,4,Reader_3_4.csv
2283,3,0,3,Reader_3_5.csv
2283,6,5,1,Reader_3_6.csv
2283,2,2,0,Reader_3_7.csv
2284,4,3,1,Reader_1_1.csv
2284,0,0,0,Reader_1_10.csv
2284,0,0,0,Reader_1_11.csv
2284,1,1,0,Reader_1_12.csv
2284,0,0,0,Reader_1_2.csv
2284,1,1,0,Reader_1_3.csv
2284,0,0,0,Reader_1_4.csv
2284,0,0,0,Reader_1_5.csv
2284,0,0,0,Reader_1_6.csv
2284,1,1,0,Reader_1_7.csv
2284,0,0,0,Reader_1_8.csv
2284,0,0,0,Reader_1_9.csv
2284,1,1,0,Reader_2_1.csv
2284,0,0,0,Reader_2_10.csv
2284,0,0,0,Reader_2_11.csv
2284,10,7,3,Reader_2_12.csv
2284,1,1,0,Reader_2_2.csv
2284,0,0,0,Reader_2_3.csv
2284,0,0,0,Reader_2_4.csv
2284,0,0,0,Reader_2_5.csv
2284,0,0,0,Reader_2_6.csv
2284,0,0,0,Reader_2_7.csv
2284,0,0,0,Reader_2_8.csv
2284,0,0,0,Reader_2_9.csv
2284,2,1,1,reader_3_1.csv
2284,3,2,1,Reader_3_2.csv
2284,6,1,5,Reader_3_3.csv
2284,6,1,5,Reader_3_4.csv
2284,2,0,2,Reader_3_5.csv
2284,5,4,1,Reader_3_6.csv
2284,2,2,0,Reader_3_7.csv
2285,4,3,1,Reader_1_1.csv
2285,0,0,0,Reader_1_10.csv
2285,0,0,0,Reader_1_11.csv
2285,0,0,0,Reader_1_12.csv
2285,1,1,0,Reader_1_2.csv
2285,0,0,0,Reader_1_3.csv
2285,0,0,0,Reader_1_4.csv
2285,0,0,0,Reader_1_5.csv
2285,0,0,0,Reader_1_6.csv
2285,1,1,0,Reader_1_7.csv
2285,0,0,0,Reader_1_8.csv
2285,0,0,0,Reader_1_9.csv
2285,1,1,0,Reader_2_1.csv
2285,0,0,0,Reader_2_10.csv
2285,0,0,0,Reader_2_11.csv
2285,9,6,3,Reader_2_12.csv
2285,2,1,1,Reader_2_2.csv
2285,0,0,0,Reader_2_3.csv
2285,0,0,0,Reader_2_4.csv
2285,0,0,0,Reader_2_5.csv
2285,0,0,0,Reader_2_6.csv
2285,0,0,0,Reader_2_7.csv
2285,0,0,0,Reader_2_8.csv
2285,0,0,0,Reader_2_9.csv
2285,2,1,1,reader_3_1.csv
2285,3,2,1,Reader_3_2.csv
2285,7,2,5,Reader_3_3.csv
2285,7,2,5,Reader_3_4.csv
2285,2,0,2,Reader_3_5.csv
2285,5,4,1,Reader_3_6.csv
2285,2,2,0,Reader_3_7.csv
2286,5,4,1,Reader_1_1.csv
2286,0,0,0,Reader_1_10.csv
2286,0,0,0,Reader_1_11.csv
2286,0,0,0,Reader_1_12.csv
2286,1,1,0,Reader_1_2.csv
2286,0,0,0,Reader_1_3.csv
2286,0,0,0,Reader_1_4.csv
2286,0,0,0,Reader_1_5.csv
2286,0,0,0,Reader_1_6.csv
2286,1,1,0,Reader_1_7.csv
2286,0,0,0,Reader_1_8.csv
2286,0,0,0,Reader_1_9.csv
2286,1,1,0,Reader_2_1.csv
2286,0,0,0,Reader_2_10.csv
2286,0,0,0,Reader_2_11.csv
2286,8,5,3,Reader_2_12.csv
2286,2,1,1,Reader_2_2.csv
2286,0,0,0,Reader_2_3.csv
2286,0,0,0,Reader_2_4.csv
2286,0,0,0,Reader_2_5.csv
2286,0,0,0,Reader_2_6.csv
2286,0,0,0,Reader_2_7.csv
2286,0,0,0,Reader_2_8.csv
2286,0,0,0,Reader_2_9.csv
2286,2,1,1,reader_3_1.csv
2286,3,2,1,Reader_3_2.csv
2286,7,2,5,Reader_3_3.csv
2286,7,2,5,Reader_3_4.csv
2286,3,1,2,Reader_3_5.csv
2286,5,4,1,Reader_3_6.csv
2286,3,3,0,Reader_3_7.csv
2287,5,4,1,Reader_1_1.csv
2287,0,0,0,Reader_1_10.csv
2287,0,0,0,Reader_1_11.csv
2287,0,0,0,Reader_1_12.csv
2287,2,1,1,Reader_1_2.csv
2287,0,0,0,Reader_1_3.csv
2287,0,0,0,Reader_1_4.csv
2287,0,0,0,Reader_1_5.csv
2287,0,0,0,Reader_1_6.csv
2287,0,0,0,Reader_1_7.csv
2287,0,0,0,Reader_1_8.csv
2287,0,0,0,Reader_1_9.csv
2287,0,0,0,Reader_2_1.csv
2287,0,0,0,Reader_2_10.csv
2287,0,0,0,Reader_2_11.csv
2287,6,4,2,Reader_2_12.csv
2287,2,1,1,Reader_2_2.csv
2287,0,0,0,Reader_2_3.csv
2287,0,0,0,Reader_2_4.csv
2287,0,0,0,Reader_2_5.csv
2287,0,0,0,Reader_2_6.csv
2287,0,0,0,Reader_2_7.csv
2287,0,0,0,Reader_2_8.csv
2287,0,0,0,Reader_2_9.csv
2287,4,2,2,reader_3_1.csv
2287,4,2,2,Reader_3_2.csv
2287,6,2,4,Reader_3_3.csv
2287,6,2,4,Reader_3_4.csv
2287,3,1,2,Reader_3_5.csv
2287,5,4,1,Reader_3_6.csv
2287,3,3,0,Reader_3_7.csv
2288,5,4,1,Reader_1_1.csv
2288,0,0,0,Reader_1_10.csv
2288,0,0,0,Reader_1_11.csv
2288,0,0,0,Reader_1_12.csv
2288,2,1,1,Reader_1_2.csv
2288,0,0,0,Reader_1_3.csv
2288,0,0,0,Reader_1_4.csv
2288,0,0,0,Reader_1_5.csv
2288,0,0,0,Reader_1_6.csv
2288,0,0,0,Reader_1_7.csv
2288,0,0,0,Reader_1_8.csv
2288,0,0,0,Reader_1_9.csv
2288,0,0,0,Reader_2_1.csv
2288,0,0,0,Reader_2_10.csv
2288,0,0,0,Reader_2_11.csv
2288,5,3,2,Reader_2_12.csv
2288,2,1,1,Reader_2_2.csv
2288,0,0,0,Reader_2_3.csv
2288,0,0,0,Reader_2_4.csv
2288,0,0,0,Reader_2_5.csv
2288,0,0,0,Reader_2_6.csv
2288,0,0,0,Reader_2_7.csv
2288,0,0,0,Reader_2_8.csv
2288,0,0,0,Reader_2_9.csv
2288,4,3,1,reader_3_1.csv
2288,4,2,2,Reader_3_2.csv
2288,3,2,1,Reader_3_3.csv
2288,3,2,1,Reader_3_4.csv
2288,3,1,2,Reader_3_5.csv
2288,5,5,0,Reader_3_6.csv
2288,3,3,0,Reader_3_7.csv
2289,6,5,1,Reader_1_1.csv
2289,0,0,0,Reader_1_10.csv
2289,0,0,0,Reader_1_11.csv
2289,0,0,0,Reader_1_12.csv
2289,2,1,1,Reader_1_2.csv
2289,0,0,0,Reader_1_3.csv
2289,0,0,0,Reader_1_4.csv
2289,0,0,0,Reader_1_5.csv
2289,0,0,0,Reader_1_6.csv
2289,0,0,0,Reader_1_7.csv
2289,0,0,0,Reader_1_8.csv
2289,0,0,0,Reader_1_9.csv
2289,0,0,0,Reader_2_1.csv
2289,0,0,0,Reader_2_10.csv
2289,0,0,0,Reader_2_11.csv
2289,4,2,2,Reader_2_12.csv
2289,1,0,1,Reader_2_2.csv
2289,0,0,0,Reader_2_3.csv
2289,0,0,0,Reader_2_4.csv
2289,0,0,0,Reader_2_5.csv
2289,0,0,0,Reader_2_6.csv
2289,0,0,0,Reader_2_7.csv
2289,0,0,0,Reader_2_8.csv
2289,0,0,0,Reader_2_9.csv
2289,4,3,1,reader_3_1.csv
2289,3,1,2,Reader_3_2.csv
2289,5,4,1,Reader_3_3.csv
2289,5,4,1,Reader_3_4.csv
2289,3,1,2,Reader_3_5.csv
2289,6,5,1,Reader_3_6.csv
2289,2,2,0,Reader_3_7.csv
2290,5,4,1,Reader_1_1.csv
2290,0,0,0,Reader_1_10.csv
2290,0,0,0,Reader_1_11.csv
2290,0,0,0,Reader_1_12.csv
2290,4,2,2,Reader_1_2.csv
2290,0,0,0,Reader_1_3.csv
2290,0,0,0,Reader_1_4.csv
2290,0,0,0,Reader_1_5.csv
2290,0,0,0,Reader_1_6.csv
2290,0,0,0,Reader_1_7.csv
2290,0,0,0,Reader_1_8.csv
2290,0,0,0,Reader_1_9.csv
2290,0,0,0,Reader_2_1.csv
2290,0,0,0,Reader_2_10.csv
2290,0,0,0,Reader_2_11.csv
2290,3,3,0,Reader_2_12.csv
2290,2,1,1,Reader_2_2.csv
2290,0,0,0,Reader_2_3.csv
2290,1,0,1,Reader_2_4.csv
2290,0,0,0,Reader_2_5.csv
2290,0,0,0,Reader_2_6.csv
2290,0,0,0,Reader_2_7.csv
2290,0,0,0,Reader_2_8.csv
2290,0,0,0,Reader_2_9.csv
2290,4,3,1,reader_3_1.csv
2290,4,2,2,Reader_3_2.csv
2290,5,4,1,Reader_3_3.csv
2290,5,4,1,Reader_3_4.csv
2290,3,1,2,Reader_3_5.csv
2290,7,6,1,Reader_3_6.csv
2290,2,2,0,Reader_3_7.csv
2291,4,3,1,Reader_1_1.csv
2291,0,0,0,Reader_1_10.csv
2291,0,0,0,Reader_1_11.csv
2291,0,0,0,Reader_1_12.csv
2291,7,4,3,Reader_1_2.csv
2291,0,0,0,Reader_1_3.csv
2291,0,0,0,Reader_1_4.csv
2291,0,0,0,Reader_1_5.csv
2291,0,0,0,Reader_1_6.csv
2291,0,0,0,Reader_1_7.csv
2291,0,0,0,Reader_1_8.csv
2291,0,0,0,Reader_1_9.csv
2291,0,0,0,Reader_2_1.csv
2291,0,0,0,Reader_2_10.csv
2291,0,0,0,Reader_2_11.csv
2291,3,2,1,Reader_2_12.csv
2291,2,1,1,Reader_2_2.csv
2291,0,0,0,Reader_2_3.csv
2291,1,0,1,Reader_2_4.csv
2291,0,0,0,Reader_2_5.csv
2291,0,0,0,Reader_2_6.csv
2291,1,1,0,Reader_2_7.csv
2291,0,0,0,Reader_2_8.csv
2291,0,0,0,Reader_2_9.csv
2291,4,3,1,reader_3_1.csv
2291,2,1,1,Reader_3_2.csv
2291,6,5,1,Reader_3_3.csv
2291,6,5,1,Reader_3_4.csv
2291,2,1,1,Reader_3_5.csv
2291,8,7,1,Reader_3_6.csv
2291,2,2,0,Reader_3_7.csv
2292,4,4,0,Reader_1_1.csv
2292,0,0,0,Reader_1_10.csv
2292,0,0,0,Reader_1_11.csv
2292,0,0,0,Reader_1_12.csv
2292,8,4,4,Reader_1_2.csv
2292,0,0,0,Reader_1_3.csv
2292,0,0,0,Reader_1_4.csv
2292,0,0,0,Reader_1_5.csv
2292,0,0,0,Reader_1_6.csv
2292,0,0,0,Reader_1_7.csv
2292,0,0,0,Reader_1_8.csv
2292,0,0,0,Reader_1_9.csv
2292,1,1,0,Reader_2_1.csv
2292,0,0,0,Reader_2_10.csv
2292,0,0,0,Reader_2_11.csv
2292,4,3,1,Reader_2_12.csv
2292,2,1,1,Reader_2_2.csv
2292,0,0,0,Reader_2_3.csv
2292,1,0,1,Reader_2_4.csv
2292,0,0,0,Reader_2_5.csv
2292,0,0,0,Reader_2_6.csv
2292,1,1,0,Reader_2_7.csv
2292,0,0,0,Reader_2_8.csv
2292,0,0,0,Reader_2_9.csv
2292,4,3,1,reader_3_1.csv
2292,3,2,1,Reader_3_2.csv
2292,6,5,1,Reader_3_3.csv
2292,6,5,1,Reader_3_4.csv
2292,3,2,1,Reader_3_5.csv
2292,8,7,1,Reader_3_6.csv
2292,2,2,0,Reader_3_7.csv
2293,4,4,0,Reader_1_1.csv
2293,0,0,0,Reader_1_10.csv
2293,0,0,0,Reader_1_11.csv
2293,0,0,0,Reader_1_12.csv
2293,7,3,4,Reader_1_2.csv
2293,0,0,0,Reader_1_3.csv
2293,0,0,0,Reader_1_4.csv
2293,0,0,0,Reader_1_5.csv
2293,0,0,0,Reader_1_6.csv
2293,0,0,0,Reader_1_7.csv
2293,0,0,0,Reader_1_8.csv
2293,0,0,0,Reader_1_9.csv
2293,2,1,1,Reader_2_1.csv
2293,0,0,0,Reader_2_10.csv
2293,0,0,0,Reader_2_11.csv
2293,4,3,1,Reader_2_12.csv
2293,1,1,0,Reader_2_2.csv
2293,0,0,0,Reader_2_3.csv
2293,1,0,1,Reader_2_4.csv
2293,0,0,0,Reader_2_5.csv
2293,0,0,0,Reader_2_6.csv
2293,1,1,0,Reader_2_7.csv
2293,0,0,0,Reader_2_8.csv
2293,0,0,0,Reader_2_9.csv
2293,5,4,1,reader_3_1.csv
2293,3,2,1,Reader_3_2.csv
2293,6,4,2,Reader_3_3.csv
2293,6,4,2,Reader_3_4.csv
2293,3,2,1,Reader_3_5.csv
2293,9,8,1,Reader_3_6.csv
2293,2,2,0,Reader_3_7.csv
2294,3,3,0,Reader_1_1.csv
2294,0,0,0,Reader_1_10.csv
2294,0,0,0,Reader_1_11.csv
2294,0,0,0,Reader_1_12.csv
2294,8,3,5,Reader_1_2.csv
2294,0,0,0,Reader_1_3.csv
2294,0,0,0,Reader_1_4.csv
2294,0,0,0,Reader_1_5.csv
2294,0,0,0,Reader_1_6.csv
2294,0,0,0,Reader_1_7.csv
2294,0,0,0,Reader_1_8.csv
2294,0,0,0,Reader_1_9.csv
2294,2,1,1,Reader_2_1.csv
2294,0,0,0,Reader_2_10.csv
2294,0,0,0,Reader_2_11.csv
2294,4,3,1,Reader_2_12.csv
2294,1,1,0,Reader_2_2.csv
2294,0,0,0,Reader_2_3.csv
2294,1,0,1,Reader_2_4.csv
2294,0,0,0,Reader_2_5.csv
2294,0,0,0,Reader_2_6.csv
2294,1,1,0,Reader_2_7.csv
2294,0,0,0,Reader_2_8.csv
2294,0,0,0,Reader_2_9.csv
2294,5,4,1,reader_3_1.csv
2294,3,2,1,Reader_3_2.csv
2294,6,4,2,Reader_3_3.csv
2294,6,4,2,Reader_3_4.csv
2294,3,2,1,Reader_3_5.csv
2294,8,7,1,Reader_3_6.csv
2294,1,1,0,Reader_3_7.csv
2295,6,6,0,Reader_1_1.csv
2295,0,0,0,Reader_1_10.csv
2295,1,1,0,Reader_1_11.csv
2295,0,0,0,Reader_1_12.csv
2295,8,3,5,Reader_1_2.csv
2295,0,0,0,Reader_1_3.csv
2295,0,0,0,Reader_1_4.csv
2295,0,0,0,Reader_1_5.csv
2295,0,0,0,Reader_1_6.csv
2295,0,0,0,Reader_1_7.csv
2295,0,0,0,Reader_1_8.csv
2295,0,0,0,Reader_1_9.csv
2295,2,1,1,Reader_2_1.csv
2295,0,0,0,Reader_2_10.csv
2295,0,0,0,Reader_2_11.csv
2295,4,3,1,Reader_2_12.csv
2295,1,1,0,Reader_2_2.csv
2295,0,0,0,Reader_2_3.csv
2295,1,0,1,Reader_2_4.csv
2295,0,0,0,Reader_2_5.csv
2295,0,0,0,Reader_2_6.csv
2295,1,1,0,Reader_2_7.csv
2295,0,0,0,Reader_2_8.csv
2295,0,0,0,Reader_2_9.csv
2295,4,4,0,reader_3_1.csv
2295,2,2,0,Reader_3_2.csv
2295,6,4,2,Reader_3_3.csv
2295,6,4,2,Reader_3_4.csv
2295,3,3,0,Reader_3_5.csv
2295,8,7,1,Reader_3_6.csv
2295,2,2,0,Reader_3_7.csv
2296,7,7,0,Reader_1_1.csv
2296,0,0,0,Reader_1_10.csv
2296,1,1,0,Reader_1_11.csv
2296,0,0,0,Reader_1_12.csv
2296,9,4,5,Reader_1_2.csv
2296,0,0,0,Reader_1_3.csv
2296,0,0,0,Reader_1_4.csv
2296,0,0,0,Reader_1_5.csv
2296,0,0,0,Reader_1_6.csv
2296,0,0,0,Reader_1_7.csv
2296,0,0,0,Reader_1_8.csv
2296,0,0,0,Reader_1_9.csv
2296,3,1,2,Reader_2_1.csv
2296,0,0,0,Reader_2_10.csv
2296,0,0,0,Reader_2_11.csv
2296,4,2,2,Reader_2_12.csv
2296,1,1,0,Reader_2_2.csv
2296,0,0,0,Reader_2_3.csv
2296,1,0,1,Reader_2_4.csv
2296,0,0,0,Reader_2_5.csv
2296,0,0,0,Reader_2_6.csv
2296,1,1,0,Reader_2_7.csv
2296,0,0,0,Reader_2_8.csv
2296,0,0,0,Reader_2_9.csv
2296,5,4,1,reader_3_1.csv
2296,2,2,0,Reader_3_2.csv
2296,7,5,2,Reader_3_3.csv
2296,7,5,2,Reader_3_4.csv
2296,3,3,0,Reader_3_5.csv
2296,7,6,1,Reader_3_6.csv
2296,2,2,0,Reader_3_7.csv
2297,6,6,0,Reader_1_1.csv
2297,0,0,0,Reader_1_10.csv
2297,1,1,0,Reader_1_11.csv
2297,0,0,0,Reader_1_12.csv
2297,11,6,5,Reader_1_2.csv
2297,0,0,0,Reader_1_3.csv
2297,0,0,0,Reader_1_4.csv
2297,0,0,0,Reader_1_5.csv
2297,0,0,0,Reader_1_6.csv
2297,0,0,0,Reader_1_7.csv
2297,0,0,0,Reader_1_8.csv
2297,0,0,0,Reader_1_9.csv
2297,4,2,2,Reader_2_1.csv
2297,0,0,0,Reader_2_10.csv
2297,0,0,0,Reader_2_11.csv
2297,5,3,2,Reader_2_12.csv
2297,1,1,0,Reader_2_2.csv
2297,0,0,0,Reader_2_3.csv
2297,1,0,1,Reader_2_4.csv
2297,0,0,0,Reader_2_5.csv
2297,0,0,0,Reader_2_6.csv
2297,1,1,0,Reader_2_7.csv
2297,0,0,0,Reader_2_8.csv
2297,0,0,0,Reader_2_9.csv
2297,5,4,1,reader_3_1.csv
2297,2,2,0,Reader_3_2.csv
2297,5,3,2,Reader_3_3.csv
2297,5,3,2,Reader_3_4.csv
2297,4,3,1,Reader_3_5.csv
2297,6,6,0,Reader_3_6.csv
2297,2,2,0,Reader_3_7.csv
2298,10,9,1,Reader_1_1.csv
2298,0,0,0,Reader_1_10.csv
2298,1,1,0,Reader_1_11.csv
2298,0,0,0,Reader_1_12.csv
2298,10,6,4,Reader_1_2.csv
2298,0,0,0,Reader_1_3.csv
2298,0,0,0,Reader_1_4.csv
2298,0,0,0,Reader_1_5.csv
2298,1,0,1,Reader_1_6.csv
2298,0,0,0,Reader_1_7.csv
2298,0,0,0,Reader_1_8.csv
2298,0,0,0,Reader_1_9.csv
2298,4,2,2,Reader_2_1.csv
2298,0,0,0,Reader_2_10.csv
2298,0,0,0,Reader_2_11.csv
2298,4,2,2,Reader_2_12.csv
2298,0,0,0,Reader_2_2.csv
2298,0,0,0,Reader_2_3.csv
2298,0,0,0,Reader_2_4.csv
2298,0,0,0,Reader_2_5.csv
2298,0,0,0,Reader_2_6.csv
2298,1,1,0,Reader_2_7.csv
2298,0,0,0,Reader_2_8.csv
2298,0,0,0,Reader_2_9.csv
2298,6,5,1,reader_3_1.csv
2298,1,1,0,Reader_3_2.csv
2298,5,3,2,Reader_3_3.csv
2298,5,3,2,Reader_3_4.csv
2298,4,3,1,Reader_3_5.csv
2298,5,5,0,Reader_3_6.csv
2298,3,3,0,Reader_3_7.csv
2299,10,8,2,Reader_1_1.csv
2299,0,0,0,Reader_1_10.csv
2299,2,2,0,Reader_1_11.csv
2299,0,0,0,Reader_1_12.csv
2299,8,4,4,Reader_1_2.csv
2299,0,0,0,Reader_1_3.csv
2299,0,0,0,Reader_1_4.csv
2299,0,0,0,Reader_1_5.csv
2299,1,0,1,Reader_1_6.csv
2299,0,0,0,Reader_1_7.csv
2299,0,0,0,Reader_1_8.csv
2299,0,0,0,Reader_1_9.csv
2299,4,2,2,Reader_2_1.csv
2299,0,0,0,Reader_2_10.csv
2299,0,0,0,Reader_2_11.csv
2299,3,2,1,Reader_2_12.csv
2299,1,1,0,Reader_2_2.csv
2299,0,0,0,Reader_2_3.csv
2299,1,1,0,Reader_2_4.csv
2299,0,0,0,Reader_2_5.csv
2299,0,0,0,Reader_2_6.csv
2299,0,0,0,Reader_2_7.csv
2299,0,0,0,Reader_2_8.csv
2299,0,0,0,Reader_2_9.csv
2299,5,4,1,reader_3_1.csv
2299,1,1,0,Reader_3_2.csv
2299,7,4,3,Reader_3_3.csv
2299,7,4,3,Reader_3_4.csv
2299,4,3,1,Reader_3_5.csv
2299,4,4,0,Reader_3_6.csv
2299,3,3,0,Reader_3_7.csv
2300,9,7,2,Reader_1_1.csv
2300,0,0,0,Reader_1_10.csv
2300,2,2,0,Reader_1_11.csv
2300,0,0,0,Reader_1_12.csv
2300,8,5,3,Reader_1_2.csv
2300,0,0,0,Reader_1_3.csv
2300,0,0,0,Reader_1_4.csv
2300,0,0,0,Reader_1_5.csv
2300,1,0,1,Reader_1_6.csv
2300,0,0,0,Reader_1_7.csv
2300,0,0,0,Reader_1_8.csv
2300,0,0,0,Reader_1_9.csv
2300,3,1,2,Reader_2_1.csv
2300,0,0,0,Reader_2_10.csv
2300,0,0,0,Reader_2_11.csv
2300,5,3,2,Reader_2_12.csv
2300,1,1,0,Reader_2_2.csv
2300,0,0,0,Reader_2_3.csv
2300,1,1,0,Reader_2_4.csv
2300,1,1,0,Reader_2_5.csv
2300,0,0,0,Reader_2_6.csv
2300,1,1,0,Reader_2_7.csv
2300,0,0,0,Reader_2_8.csv
2300,0,0,0,Reader_2_9.csv
2300,5,4,1,reader_3_1.csv
2300,0,0,0,Reader_3_2.csv
2300,6,4,2,Reader_3_3.csv
2300,6,4,2,Reader_3_4.csv
2300,3,2,1,Reader_3_5.csv
2300,4,4,0,Reader_3_6.csv
2300,2,2,0,Reader_3_7.csv
2301,9,7,2,Reader_1_1.csv
2301,0,0,0,Reader_1_10.csv
2301,2,2,0,Reader_1_11.csv
2301,0,0,0,Reader_1_12.csv
2301,9,6,3,Reader_1_2.csv
2301,0,0,0,Reader_1_3.csv
2301,0,0,0,Reader_1_4.csv
2301,0,0,0,Reader_1_5.csv
2301,1,0,1,Reader_1_6.csv
2301,0,0,0,Reader_1_7.csv
2301,0,0,0,Reader_1_8.csv
2301,0,0,0,Reader_1_9.csv
2301,3,1,2,Reader_2_1.csv
2301,0,0,0,Reader_2_10.csv
2301,0,0,0,Reader_2_11.csv
2301,6,4,2,Reader_2_12.csv
2301,1,1,0,Reader_2_2.csv
2301,0,0,0,Reader_2_3.csv
2301,1,1,0,Reader_2_4.csv
2301,1,1,0,Reader_2_5.csv
2301,0,0,0,Reader_2_6.csv
2301,1,1,0,Reader_2_7.csv
2301,0,0,0,Reader_2_8.csv
2301,0,0,0,Reader_2_9.csv
2301,5,3,2,reader_3_1.csv
2301,2,2,0,Reader_3_2.csv
2301,5,4,1,Reader_3_3.csv
2301,5,4,1,Reader_3_4.csv
2301,3,2,1,Reader_3_5.csv
2301,3,3,0,Reader_3_6.csv
2301,3,3,0,Reader_3_7.csv
2302,11,9,2,Reader_1_1.csv
2302,0,0,0,Reader_1_10.csv
2302,2,2,0,Reader_1_11.csv
2302,0,0,0,Reader_1_12.csv
2302,8,6,2,Reader_1_2.csv
2302,0,0,0,Reader_1_3.csv
2302,0,0,0,Reader_1_4.csv
2302,0,0,0,Reader_1_5.csv
2302,1,0,1,Reader_1_6.csv
2302,0,0,0,Reader_1_7.csv
2302,0,0,0,Reader_1_8.csv
2302,0,0,0,Reader_1_9.csv
2302,4,2,2,Reader_2_1.csv
2302,0,0,0,Reader_2_10.csv
2302,0,0,0,Reader_2_11.csv
2302,8,5,3,Reader_2_12.csv
2302,1,1,0,Reader_2_2.csv
2302,0,0,0,Reader_2_3.csv
2302,1,1,0,Reader_2_4.csv
2302,1,1,0,Reader_2_5.csv
2302,1,1,0,Reader_2_6.csv
2302,1,1,0,Reader_2_7.csv
2302,0,0,0,Reader_2_8.csv
2302,0,0,0,Reader_2_9.csv
2302,6,3,3,reader_3_1.csv
2302,3,2,1,Reader_3_2.csv
2302,6,5,1,Reader_3_3.csv
2302,6,5,1,Reader_3_4.csv
2302,2,1,1,Reader_3_5.csv
2302,3,3,0,Reader_3_6.csv
2302,3,3,0,Reader_3_7.csv
2303,9,7,2,Reader_1_1.csv
2303,0,0,0,Reader_1_10.csv
2303,1,1,0,Reader_1_11.csv
2303,0,0,0,Reader_1_12.csv
2303,9,8,1,Reader_1_2.csv
2303,0,0,0,Reader_1_3.csv
2303,0,0,0,Reader_1_4.csv
2303,0,0,0,Reader_1_5.csv
2303,1,0,1,Reader_1_6.csv
2303,0,0,0,Reader_1_7.csv
2303,0,0,0,Reader_1_8.csv
2303,0,0,0,Reader_1_9.csv
2303,5,3,2,Reader_2_1.csv
2303,0,0,0,Reader_2_10.csv
2303,0,0,0,Reader_2_11.csv
2303,8,5,3,Reader_2_12.csv
2303,1,1,0,Reader_2_2.csv
2303,0,0,0,Reader_2_3.csv
2303,1,1,0,Reader_2_4.csv
2303,1,1,0,Reader_2_5.csv
2303,1,1,0,Reader_2_6.csv
2303,1,1,0,Reader_2_7.csv
2303,0,0,0,Reader_2_8.csv
2303,0,0,0,Reader_2_9.csv
2303,9,4,5,reader_3_1.csv
2303,6,3,3,Reader_3_2.csv
2303,6,5,1,Reader_3_3.csv
2303,6,5,1,Reader_3_4.csv
2303,1,0,1,Reader_3_5.csv
2303,3,3,0,Reader_3_6.csv
2303,2,2,0,Reader_3_7.csv
2304,8,6,2,Reader_1_1.csv
2304,0,0,0,Reader_1_10.csv
2304,1,1,0,Reader_1_11.csv
2304,0,0,0,Reader_1_12.csv
2304,8,7,1,Reader_1_2.csv
2304,0,0,0,Reader_1_3.csv
2304,0,0,0,Reader_1_4.csv
2304,0,0,0,Reader_1_5.csv
2304,1,0,1,Reader_1_6.csv
2304,0,0,0,Reader_1_7.csv
2304,0,0,0,Reader_1_8.csv
2304,0,0,0,Reader_1_9.csv
2304,6,4,2,Reader_2_1.csv
2304,0,0,0,Reader_2_10.csv
2304,0,0,0,Reader_2_11.csv
2304,9,7,2,Reader_2_12.csv
2304,1,1,0,Reader_2_2.csv
2304,0,0,0,Reader_2_3.csv
2304,1,1,0,Reader_2_4.csv
2304,1,1,0,Reader_2_5.csv
2304,1,1,0,Reader_2_6.csv
2304,1,1,0,Reader_2_7.csv
2304,0,0,0,Reader_2_8.csv
2304,0,0,0,Reader_2_9.csv
2304,9,4,5,reader_3_1.csv
2304,6,3,3,Reader_3_2.csv
2304,5,4,1,Reader_3_3.csv
2304,5,4,1,Reader_3_4.csv
2304,1,0,1,Reader_3_5.csv
2304,3,3,0,Reader_3_6.csv
2304,2,2,0,Reader_3_7.csv
2305,8,6,2,Reader_1_1.csv
2305,0,0,0,Reader_1_10.csv
2305,2,2,0,Reader_1_11.csv
2305,0,0,0,Reader_1_12.csv
2305,6,5,1,Reader_1_2.csv
2305,0,0,0,Reader_1_3.csv
2305,0,0,0,Reader_1_4.csv
2305,0,0,0,Reader_1_5.csv
2305,1,0,1,Reader_1_6.csv
2305,0,0,0,Reader_1_7.csv
2305,0,0,0,Reader_1_8.csv
2305,0,0,0,Reader_1_9.csv
2305,5,3,2,Reader_2_1.csv
2305,0,0,0,Reader_2_10.csv
2305,0,0,0,Reader_2_11.csv
2305,8,6,2,Reader_2_12.csv
2305,1,1,0,Reader_2_2.csv
2305,0,0,0,Reader_2_3.csv
2305,1,1,0,Reader_2_4.csv
2305,1,1,0,Reader_2_5.csv
2305,1,1,0,Reader_2_6.csv
2305,1,1,0,Reader_2_7.csv
2305,0,0,0,Reader_2_8.csv
2305,0,0,0,Reader_2_9.csv
2305,10,5,5,reader_3_1.csv
2305,7,4,3,Reader_3_2.csv
2305,6,4,2,Reader_3_3.csv
2305,6,4,2,Reader_3_4.csv
2305,0,0,0,Reader_3_5.csv
2305,3,3,0,Reader_3_6.csv
2305,4,4,0,Reader_3_7.csv
2306,4,3,1,Reader_1_1.csv
2306,0,0,0,Reader_1_10.csv
2306,2,2,0,Reader_1_11.csv
2306,0,0,0,Reader_1_12.csv
2306,5,4,1,Reader_1_2.csv
2306,0,0,0,Reader_1_3.csv
2306,0,0,0,Reader_1_4.csv
2306,0,0,0,Reader_1_5.csv
2306,0,0,0,Reader_1_6.csv
2306,0,0,0,Reader_1_7.csv
2306,0,0,0,Reader_1_8.csv
2306,2,2,0,Reader_1_9.csv
2306,5,3,2,Reader_2_1.csv
2306,0,0,0,Reader_2_10.csv
2306,0,0,0,Reader_2_11.csv
2306,9,6,3,Reader_2_12.csv
2306,1,1,0,Reader_2_2.csv
2306,0,0,0,Reader_2_3.csv
2306,1,1,0,Reader_2_4.csv
2306,1,1,0,Reader_2_5.csv
2306,1,1,0,Reader_2_6.csv
2306,1,1,0,Reader_2_7.csv
2306,0,0,0,Reader_2_8.csv
2306,0,0,0,Reader_2_9.csv
2306,9,4,5,reader_3_1.csv
2306,9,6,3,Reader_3_2.csv
2306,7,5,2,Reader_3_3.csv
2306,7,5,2,Reader_3_4.csv
2306,0,0,0,Reader_3_5.csv
2306,3,3,0,Reader_3_6.csv
2306,3,3,0,Reader_3_7.csv
2307,3,3,0,Reader_1_1.csv
2307,0,0,0,Reader_1_10.csv
2307,3,3,0,Reader_1_11.csv
2307,0,0,0,Reader_1_12.csv
2307,4,4,0,Reader_1_2.csv
2307,0,0,0,Reader_1_3.csv
2307,0,0,0,Reader_1_4.csv
2307,0,0,0,Reader_1_5.csv
2307,0,0,0,Reader_1_6.csv
2307,0,0,0,Reader_1_7.csv
2307,0,0,0,Reader_1_8.csv
2307,2,2,0,Reader_1_9.csv
2307,6,4,2,Reader_2_1.csv
2307,0,0,0,Reader_2_10.csv
2307,0,0,0,Reader_2_11.csv
2307,10,7,3,Reader_2_12.csv
2307,0,0,0,Reader_2_2.csv
2307,0,0,0,Reader_2_3.csv
2307,0,0,0,Reader_2_4.csv
2307,1,1,0,Reader_2_5.csv
2307,1,1,0,Reader_2_6.csv
2307,1,1,0,Reader_2_7.csv
2307,0,0,0,Reader_2_8.csv
2307,0,0,0,Reader_2_9.csv
2307,10,4,6,reader_3_1.csv
2307,9,6,3,Reader_3_2.csv
2307,7,5,2,Reader_3_3.csv
2307,7,5,2,Reader_3_4.csv
2307,0,0,0,Reader_3_5.csv
2307,3,3,0,Reader_3_6.csv
2307,3,3,0,Reader_3_7.csv
2308,3,3,0,Reader_1_1.csv
2308,0,0,0,Reader_1_10.csv
2308,3,3,0,Reader_1_11.csv
2308,0,0,0,Reader_1_12.csv
2308,3,3,0,Reader_1_2.csv
2308,1,1,0,Reader_1_3.csv
2308,0,0,0,Reader_1_4.csv
2308,0,0,0,Reader_1_5.csv
2308,0,0,0,Reader_1_6.csv
2308,0,0,0,Reader_1_7.csv
2308,0,0,0,Reader_1_8.csv
2308,2,2,0,Reader_1_9.csv
2308,6,4,2,Reader_2_1.csv
2308,0,0,0,Reader_2_10.csv
2308,0,0,0,Reader_2_11.csv
2308,7,5,2,Reader_2_12.csv
2308,0,0,0,Reader_2_2.csv
2308,0,0,0,Reader_2_3.csv
2308,0,0,0,Reader_2_4.csv
2308,0,0,0,Reader_2_5.csv
2308,1,1,0,Reader_2_6.csv
2308,0,0,0,Reader_2_7.csv
2308,0,0,0,Reader_2_8.csv
2308,0,0,0,Reader_2_9.csv
2308,11,5,6,reader_3_1.csv
2308,12,8,4,Reader_3_2.csv
2308,9,7,2,Reader_3_3.csv
2308,9,7,2,Reader_3_4.csv
2308,0,0,0,Reader_3_5.csv
2308,3,3,0,Reader_3_6.csv
2308,3,3,0,Reader_3_7.csv
2309,4,4,0,Reader_1_1.csv
2309,0,0,0,Reader_1_10.csv
2309,3,3,0,Reader_1_11.csv
2309,0,0,0,Reader_1_12.csv
2309,2,2,0,Reader_1_2.csv
2309,1,1,0,Reader_1_3.csv
2309,0,0,0,Reader_1_4.csv
2309,0,0,0,Reader_1_5.csv
2309,0,0,0,Reader_1_6.csv
2309,0,0,0,Reader_1_7.csv
2309,0,0,0,Reader_1_8.csv
2309,3,3,0,Reader_1_9.csv
2309,5,4,1,Reader_2_1.csv
2309,0,0,0,Reader_2_10.csv
2309,0,0,0,Reader_2_11.csv
2309,9,7,2,Reader_2_12.csv
2309,0,0,0,Reader_2_2.csv
2309,0,0,0,Reader_2_3.csv
2309,0,0,0,Reader_2_4.csv
2309,0,0,0,Reader_2_5.csv
2309,1,1,0,Reader_2_6.csv
2309,0,0,0,Reader_2_7.csv
2309,0,0,0,Reader_2_8.csv
2309,0,0,0,Reader_2_9.csv
2309,10,5,5,reader_3_1.csv
2309,11,7,4,Reader_3_2.csv
2309,11,9,2,Reader_3_3.csv
2309,11,9,2,Reader_3_4.csv
2309,0,0,0,Reader_3_5.csv
2309,3,2,1,Reader_3_6.csv
2309,2,2,0,Reader_3_7.csv
2310,4,3,1,Reader_1_1.csv
2310,0,0,0,Reader_1_10.csv
2310,3,3,0,Reader_1_11.csv
2310,0,0,0,Reader_1_12.csv
2310,2,2,0,Reader_1_2.csv
2310,1,1,0,Reader_1_3.csv
2310,0,0,0,Reader_1_4.csv
2310,0,0,0,Reader_1_5.csv
2310,0,0,0,Reader_1_6.csv
2310,0,0,0,Reader_1_7.csv
2310,0,0,0,Reader_1_8.csv
2310,3,3,0,Reader_1_9.csv
2310,4,3,1,Reader_2_1.csv
2310,0,0,0,Reader_2_10.csv
2310,0,0,0,Reader_2_11.csv
2310,10,9,1,Reader_2_12.csv
2310,0,0,0,Reader_2_2.csv
2310,0,0,0,Reader_2_3.csv
2310,0,0,0,Reader_2_4.csv
2310,0,0,0,Reader_2_5.csv
2310,1,1,0,Reader_2_6.csv
2310,0,0,0,Reader_2_7.csv
2310,0,0,0,Reader_2_8.csv
2310,0,0,0,Reader_2_9.csv
2310,10,6,4,reader_3_1.csv
2310,10,7,3,Reader_3_2.csv
2310,12,9,3,Reader_3_3.csv
2310,12,9,3,Reader_3_4.csv
2310,0,0,0,Reader_3_5.csv
2310,4,3,1,Reader_3_6.csv
2310,4,4,0,Reader_3_7.csv
2311,4,2,2,Reader_1_1.csv
2311,0,0,0,Reader_1_10.csv
2311,3,3,0,Reader_1_11.csv
2311,2,2,0,Reader_1_12.csv
2311,0,0,0,Reader_1_2.csv
2311,1,1,0,Reader_1_3.csv
2311,0,0,0,Reader_1_4.csv
2311,1,1,0,Reader_1_5.csv
2311,0,0,0,Reader_1_6.csv
2311,1,0,1,Reader_1_7.csv
2311,0,0,0,Reader_1_8.csv
2311,5,5,0,Reader_1_9.csv
2311,3,2,1,Reader_2_1.csv
2311,0,0,0,Reader_2_10.csv
2311,0,0,0,Reader_2_11.csv
2311,12,10,2,Reader_2_12.csv
2311,0,0,0,Reader_2_2.csv
2311,0,0,0,Reader_2_3.csv
2311,0,0,0,Reader_2_4.csv
2311,0,0,0,Reader_2_5.csv
2311,1,1,0,Reader_2_6.csv
2311,0,0,0,Reader_2_7.csv
2311,0,0,0,Reader_2_8.csv
2311,0,0,0,Reader_2_9.csv
2311,7,5,2,reader_3_1.csv
2311,7,6,1,Reader_3_2.csv
2311,12,9,3,Reader_3_3.csv
2311,12,9,3,Reader_3_4.csv
2311,0,0,0,Reader_3_5.csv
2311,4,3,1,Reader_3_6.csv
2311,4,4,0,Reader_3_7.csv
2312,5,3,2,Reader_1_1.csv
2312,0,0,0,Reader_1_10.csv
2312,4,4,0,Reader_1_11.csv
2312,2,2,0,Reader_1_12.csv
2312,0,0,0,Reader_1_2.csv
2312,1,1,0,Reader_1_3.csv
2312,0,0,0,Reader_1_4.csv
2312,1,1,0,Reader_1_5.csv
2312,0,0,0,Reader_1_6.csv
2312,1,0,1,Reader_1_7.csv
2312,0,0,0,Reader_1_8.csv
2312,7,7,0,Reader_1_9.csv
2312,1,1,0,Reader_2_1.csv
2312,0,0,0,Reader_2_10.csv
2312,0,0,0,Reader_2_11.csv
2312,10,8,2,Reader_2_12.csv
2312,1,1,0,Reader_2_2.csv
2312,0,0,0,Reader_2_3.csv
2312,0,0,0,Reader_2_4.csv
2312,0,0,0,Reader_2_5.csv
2312,1,1,0,Reader_2_6.csv
2312,0,0,0,Reader_2_7.csv
2312,0,0,0,Reader_2_8.csv
2312,0,0,0,Reader_2_9.csv
2312,6,4,2,reader_3_1.csv
2312,8,7,1,Reader_3_2.csv
2312,12,9,3,Reader_3_3.csv
2312,12,9,3,Reader_3_4.csv
2312,0,0,0,Reader_3_5.csv
2312,5,4,1,Reader_3_6.csv
2312,4,4,0,Reader_3_7.csv
2313,5,3,2,Reader_1_1.csv
2313,0,0,0,Reader_1_10.csv
2313,3,3,0,Reader_1_11.csv
2313,2,2,0,Reader_1_12.csv
2313,0,0,0,Reader_1_2.csv
2313,2,2,0,Reader_1_3.csv
2313,0,0,0,Reader_1_4.csv
2313,1,1,0,Reader_1_5.csv
2313,0,0,0,Reader_1_6.csv
2313,1,0,1,Reader_1_7.csv
2313,0,0,0,Reader_1_8.csv
2313,7,7,0,Reader_1_9.csv
2313,1,1,0,Reader_2_1.csv
2313,0,0,0,Reader_2_10.csv
2313,0,0,0,Reader_2_11.csv
2313,13,11,2,Reader_2_12.csv
2313,1,1,0,Reader_2_2.csv
2313,0,0,0,Reader_2_3.csv
2313,0,0,0,Reader_2_4.csv
2313,0,0,0,Reader_2_5.csv
2313,1,1,0,Reader_2_6.csv
2313,0,0,0,Reader_2_7.csv
2313,0,0,0,Reader_2_8.csv
2313,0,0,0,Reader_2_9.csv
2313,5,3,2,reader_3_1.csv
2313,8,7,1,Reader_3_2.csv
2313,13,11,2,Reader_3_3.csv
2313,13,11,2,Reader_3_4.csv
2313,0,0,0,Reader_3_5.csv
2313,7,6,1,Reader_3_6.csv
2313,2,2,0,Reader_3_7.csv
2314,6,3,3,Reader_1_1.csv
2314,0,0,0,Reader_1_10.csv
2314,3,3,0,Reader_1_11.csv
2314,2,2,0,Reader_1_12.csv
2314,1,1,0,Reader_1_2.csv
2314,2,2,0,Reader_1_3.csv
2314,0,0,0,Reader_1_4.csv
2314,1,1,0,Reader_1_5.csv
2314,0,0,0,Reader_1_6.csv
2314,1,0,1,Reader_1_7.csv
2314,0,0,0,Reader_1_8.csv
2314,5,5,0,Reader_1_9.csv
2314,2,2,0,Reader_2_1.csv
2314,0,0,0,Reader_2_10.csv
2314,0,0,0,Reader_2_11.csv
2314,13,12,1,Reader_2_12.csv
2314,1,1,0,Reader_2_2.csv
2314,0,0,0,Reader_2_3.csv
2314,0,0,0,Reader_2_4.csv
2314,0,0,0,Reader_2_5.csv
2314,1,1,0,Reader_2_6.csv
2314,0,0,0,Reader_2_7.csv
2314,0,0,0,Reader_2_8.csv
2314,0,0,0,Reader_2_9.csv
2314,7,5,2,reader_3_1.csv
2314,8,7,1,Reader_3_2.csv
2314,13,11,2,Reader_3_3.csv
2314,13,11,2,Reader_3_4.csv
2314,2,2,0,Reader_3_5.csv
2314,7,6,1,Reader_3_6.csv
2314,2,2,0,Reader_3_7.csv
2315,7,4,3,Reader_1_1.csv
2315,0,0,0,Reader_1_10.csv
2315,2,2,0,Reader_1_11.csv
2315,2,2,0,Reader_1_12.csv
2315,1,1,0,Reader_1_2.csv
2315,2,2,0,Reader_1_3.csv
2315,0,0,0,Reader_1_4.csv
2315,1,1,0,Reader_1_5.csv
2315,0,0,0,Reader_1_6.csv
2315,1,0,1,Reader_1_7.csv
2315,0,0,0,Reader_1_8.csv
2315,6,6,0,Reader_1_9.csv
2315,1,1,0,Reader_2_1.csv
2315,0,0,0,Reader_2_10.csv
2315,0,0,0,Reader_2_11.csv
2315,12,11,1,Reader_2_12.csv
2315,1,1,0,Reader_2_2.csv
2315,0,0,0,Reader_2_3.csv
2315,0,0,0,Reader_2_4.csv
2315,0,0,0,Reader_2_5.csv
2315,1,1,0,Reader_2_6.csv
2315,0,0,0,Reader_2_7.csv
2315,0,0,0,Reader_2_8.csv
2315,0,0,0,Reader_2_9.csv
2315,6,5,1,reader_3_1.csv
2315,10,9,1,Reader_3_2.csv
2315,10,9,1,Reader_3_3.csv
2315,10,9,1,Reader_3_4.csv
2315,2,2,0,Reader_3_5.csv
2315,7,6,1,Reader_3_6.csv
2315,3,2,1,Reader_3_7.csv
2316,7,4,3,Reader_1_1.csv
2316,0,0,0,Reader_1_10.csv
2316,2,2,0,Reader_1_11.csv
2316,2,2,0,Reader_1_12.csv
2316,2,2,0,Reader_1_2.csv
2316,2,2,0,Reader_1_3.csv
2316,0,0,0,Reader_1_4.csv
2316,1,1,0,Reader_1_5.csv
2316,0,0,0,Reader_1_6.csv
2316,1,0,1,Reader_1_7.csv
2316,0,0,0,Reader_1_8.csv
2316,6,6,0,Reader_1_9.csv
2316,3,3,0,Reader_2_1.csv
2316,0,0,0,Reader_2_10.csv
2316,0,0,0,Reader_2_11.csv
2316,13,12,1,Reader_2_12.csv
2316,1,1,0,Reader_2_2.csv
2316,0,0,0,Reader_2_3.csv
2316,0,0,0,Reader_2_4.csv
2316,0,0,0,Reader_2_5.csv
2316,1,1,0,Reader_2_6.csv
2316,0,0,0,Reader_2_7.csv
2316,0,0,0,Reader_2_8.csv
2316,0,0,0,Reader_2_9.csv
2316,6,5,1,reader_3_1.csv
2316,12,10,2,Reader_3_2.csv
2316,11,9,2,Reader_3_3.csv
2316,11,9,2,Reader_3_4.csv
2316,2,2,0,Reader_3_5.csv
2316,7,6,1,Reader_3_6.csv
2316,3,2,1,Reader_3_7.csv
2317,6,3,3,Reader_1_1.csv
2317,0,0,0,Reader_1_10.csv
2317,2,2,0,Reader_1_11.csv
2317,2,2,0,Reader_1_12.csv
2317,2,2,0,Reader_1_2.csv
2317,2,2,0,Reader_1_3.csv
2317,0,0,0,Reader_1_4.csv
2317,1,1,0,Reader_1_5.csv
2317,0,0,0,Reader_1_6.csv
2317,1,0,1,Reader_1_7.csv
2317,0,0,0,Reader_1_8.csv
2317,5,5,0,Reader_1_9.csv
2317,4,3,1,Reader_2_1.csv
2317,0,0,0,Reader_2_10.csv
2317,0,0,0,Reader_2_11.csv
2317,10,9,1,Reader_2_12.csv
2317,1,1,0,Reader_2_2.csv
2317,0,0,0,Reader_2_3.csv
2317,0,0,0,Reader_2_4.csv
2317,0,0,0,Reader_2_5.csv
2317,1,1,0,Reader_2_6.csv
2317,0,0,0,Reader_2_7.csv
2317,0,0,0,Reader_2_8.csv
2317,0,0,0,Reader_2_9.csv
2317,7,6,1,reader_3_1.csv
2317,11,9,2,Reader_3_2.csv
2317,9,7,2,Reader_3_3.csv
2317,9,7,2,Reader_3_4.csv
2317,2,2,0,Reader_3_5.csv
2317,7,7,0,Reader_3_6.csv
2317,3,2,1,Reader_3_7.csv
2318,8,4,4,Reader_1_1.csv
2318,0,0,0,Reader_1_10.csv
2318,2,2,0,Reader_1_11.csv
2318,2,2,0,Reader_1_12.csv
2318,2,2,0,Reader_1_2.csv
2318,2,2,0,Reader_1_3.csv
2318,0,0,0,Reader_1_4.csv
2318,2,2,0,Reader_1_5.csv
2318,0,0,0,Reader_1_6.csv
2318,2,0,2,Reader_1_7.csv
2318,0,0,0,Reader_1_8.csv
2318,5,5,0,Reader_1_9.csv
2318,4,3,1,Reader_2_1.csv
2318,0,0,0,Reader_2_10.csv
2318,0,0,0,Reader_2_11.csv
2318,7,6,1,Reader_2_12.csv
2318,1,1,0,Reader_2_2.csv
2318,0,0,0,Reader_2_3.csv
2318,1,1,0,Reader_2_4.csv
2318,0,0,0,Reader_2_5.csv
2318,0,0,0,Reader_2_6.csv
2318,0,0,0,Reader_2_7.csv
2318,0,0,0,Reader_2_8.csv
2318,0,0,0,Reader_2_9.csv
2318,8,6,2,reader_3_1.csv
2318,11,9,2,Reader_3_2.csv
2318,8,7,1,Reader_3_3.csv
2318,8,7,1,Reader_3_4.csv
2318,2,2,0,Reader_3_5.csv
2318,5,5,0,Reader_3_6.csv
2318,1,0,1,Reader_3_7.csv
2319,7,4,3,Reader_1_1.csv
2319,0,0,0,Reader_1_10.csv
2319,2,2,0,Reader_1_11.csv
2319,1,1,0,Reader_1_12.csv
2319,2,2,0,Reader_1_2.csv
2319,2,2,0,Reader_1_3.csv
2319,0,0,0,Reader_1_4.csv
2319,1,1,0,Reader_1_5.csv
2319,0,0,0,Reader_1_6.csv
2319,1,0,1,Reader_1_7.csv
2319,1,1,0,Reader_1_8.csv
2319,3,3,0,Reader_1_9.csv
2319,4,3,1,Reader_2_1.csv
2319,0,0,0,Reader_2_10.csv
2319,0,0,0,Reader_2_11.csv
2319,5,5,0,Reader_2_12.csv
2319,1,1,0,Reader_2_2.csv
2319,0,0,0,Reader_2_3.csv
2319,1,1,0,Reader_2_4.csv
2319,0,0,0,Reader_2_5.csv
2319,0,0,0,Reader_2_6.csv
2319,0,0,0,Reader_2_7.csv
2319,0,0,0,Reader_2_8.csv
2319,0,0,0,Reader_2_9.csv
2319,7,5,2,reader_3_1.csv
2319,12,10,2,Reader_3_2.csv
2319,8,7,1,Reader_3_3.csv
2319,8,7,1,Reader_3_4.csv
2319,2,2,0,Reader_3_5.csv
2319,6,6,0,Reader_3_6.csv
2319,2,0,2,Reader_3_7.csv
2320,6,3,3,Reader_1_1.csv
2320,0,0,0,Reader_1_10.csv
2320,1,1,0,Reader_1_11.csv
2320,1,1,0,Reader_1_12.csv
2320,2,2,0,Reader_1_2.csv
2320,2,2,0,Reader_1_3.csv
2320,0,0,0,Reader_1_4.csv
2320,1,1,0,Reader_1_5.csv
2320,0,0,0,Reader_1_6.csv
2320,1,0,1,Reader_1_7.csv
2320,1,1,0,Reader_1_8.csv
2320,1,1,0,Reader_1_9.csv
2320,4,3,1,Reader_2_1.csv
2320,0,0,0,Reader_2_10.csv
2320,0,0,0,Reader_2_11.csv
2320,5,5,0,Reader_2_12.csv
2320,0,0,0,Reader_2_2.csv
2320,0,0,0,Reader_2_3.csv
2320,1,1,0,Reader_2_4.csv
2320,0,0,0,Reader_2_5.csv
2320,0,0,0,Reader_2_6.csv
2320,0,0,0,Reader_2_7.csv
2320,0,0,0,Reader_2_8.csv
2320,0,0,0,Reader_2_9.csv
2320,7,6,1,reader_3_1.csv
2320,11,9,2,Reader_3_2.csv
2320,9,8,1,Reader_3_3.csv
2320,9,8,1,Reader_3_4.csv
2320,2,2,0,Reader_3_5.csv
2320,6,5,1,Reader_3_6.csv
2320,2,0,2,Reader_3_7.csv
2321,7,4,3,Reader_1_1.csv
2321,0,0,0,Reader_1_10.csv
2321,2,2,0,Reader_1_11.csv
2321,1,1,0,Reader_1_12.csv
2321,2,2,0,Reader_1_2.csv
2321,1,1,0,Reader_1_3.csv
2321,0,0,0,Reader_1_4.csv
2321,1,1,0,Reader_1_5.csv
2321,0,0,0,Reader_1_6.csv
2321,1,0,1,Reader_1_7.csv
2321,2,2,0,Reader_1_8.csv
2321,1,1,0,Reader_1_9.csv
2321,4,3,1,Reader_2_1.csv
2321,0,0,0,Reader_2_10.csv
2321,0,0,0,Reader_2_11.csv
2321,2,2,0,Reader_2_12.csv
2321,0,0,0,Reader_2_2.csv
2321,0,0,0,Reader_2_3.csv
2321,1,1,0,Reader_2_4.csv
2321,1,1,0,Reader_2_5.csv
2321,0,0,0,Reader_2_6.csv
2321,0,0,0,Reader_2_7.csv
2321,0,0,0,Reader_2_8.csv
2321,0,0,0,Reader_2_9.csv
2321,7,6,1,reader_3_1.csv
2321,10,8,2,Reader_3_2.csv
2321,9,8,1,Reader_3_3.csv
2321,9,8,1,Reader_3_4.csv
2321,3,3,0,Reader_3_5.csv
2321,5,4,1,Reader_3_6.csv
2321,2,0,2,Reader_3_7.csv
2322,6,4,2,Reader_1_1.csv
2322,0,0,0,Reader_1_10.csv
2322,3,2,1,Reader_1_11.csv
2322,1,1,0,Reader_1_12.csv
2322,2,2,0,Reader_1_2.csv
2322,1,1,0,Reader_1_3.csv
2322,0,0,0,Reader_1_4.csv
2322,1,1,0,Reader_1_5.csv
2322,0,0,0,Reader_1_6.csv
2322,1,0,1,Reader_1_7.csv
2322,3,3,0,Reader_1_8.csv
2322,1,1,0,Reader_1_9.csv
2322,4,2,2,Reader_2_1.csv
2322,0,0,0,Reader_2_10.csv
2322,0,0,0,Reader_2_11.csv
2322,1,1,0,Reader_2_12.csv
2322,0,0,0,Reader_2_2.csv
2322,0,0,0,Reader_2_3.csv
2322,1,1,0,Reader_2_4.csv
2322,1,1,0,Reader_2_5.csv
2322,0,0,0,Reader_2_6.csv
2322,0,0,0,Reader_2_7.csv
2322,0,0,0,Reader_2_8.csv
2322,0,0,0,Reader_2_9.csv
2322,5,4,1,reader_3_1.csv
2322,10,8,2,Reader_3_2.csv
2322,9,8,1,Reader_3_3.csv
2322,9,8,1,Reader_3_4.csv
2322,2,1,1,Reader_3_5.csv
2322,5,4,1,Reader_3_6.csv
2322,2,0,2,Reader_3_7.csv
2323,5,3,2,Reader_1_1.csv
2323,0,0,0,Reader_1_10.csv
2323,2,1,1,Reader_1_11.csv
2323,1,1,0,Reader_1_12.csv
2323,3,2,1,Reader_1_2.csv
2323,1,1,0,Reader_1_3.csv
2323,0,0,0,Reader_1_4.csv
2323,1,1,0,Reader_1_5.csv
2323,0,0,0,Reader_1_6.csv
2323,2,1,1,Reader_1_7.csv
2323,3,3,0,Reader_1_8.csv
2323,1,1,0,Reader_1_9.csv
2323,5,3,2,Reader_2_1.csv
2323,0,0,0,Reader_2_10.csv
2323,0,0,0,Reader_2_11.csv
2323,1,1,0,Reader_2_12.csv
2323,0,0,0,Reader_2_2.csv
2323,0,0,0,Reader_2_3.csv
2323,1,1,0,Reader_2_4.csv
2323,1,1,0,Reader_2_5.csv
2323,0,0,0,Reader_2_6.csv
2323,0,0,0,Reader_2_7.csv
2323,0,0,0,Reader_2_8.csv
2323,0,0,0,Reader_2_9.csv
2323,7,4,3,reader_3_1.csv
2323,9,7,2,Reader_3_2.csv
2323,9,8,1,Reader_3_3.csv
2323,9,8,1,Reader_3_4.csv
2323,2,1,1,Reader_3_5.csv
2323,7,5,2,Reader_3_6.csv
2323,2,1,1,Reader_3_7.csv
2324,6,3,3,Reader_1_1.csv
2324,0,0,0,Reader_1_10.csv
2324,3,2,1,Reader_1_11.csv
2324,1,1,0,Reader_1_12.csv
2324,2,1,1,Reader_1_2.csv
2324,0,0,0,Reader_1_3.csv
2324,0,0,0,Reader_1_4.csv
2324,1,1,0,Reader_1_5.csv
2324,0,0,0,Reader_1_6.csv
2324,2,1,1,Reader_1_7.csv
2324,3,3,0,Reader_1_8.csv
2324,3,3,0,Reader_1_9.csv
2324,3,1,2,Reader_2_1.csv
2324,0,0,0,Reader_2_10.csv
2324,0,0,0,Reader_2_11.csv
2324,0,0,0,Reader_2_12.csv
2324,0,0,0,Reader_2_2.csv
2324,0,0,0,Reader_2_3.csv
2324,1,1,0,Reader_2_4.csv
2324,1,1,0,Reader_2_5.csv
2324,0,0,0,Reader_2_6.csv
2324,0,0,0,Reader_2_7.csv
2324,0,0,0,Reader_2_8.csv
2324,0,0,0,Reader_2_9.csv
2324,6,3,3,reader_3_1.csv
2324,5,5,0,Reader_3_2.csv
2324,7,6,1,Reader_3_3.csv
2324,7,6,1,Reader_3_4.csv
2324,4,3,1,Reader_3_5.csv
2324,7,5,2,Reader_3_6.csv
2324,2,1,1,Reader_3_7.csv
2325,7,4,3,Reader_1_1.csv
2325,0,0,0,Reader_1_10.csv
2325,3,2,1,Reader_1_11.csv
2325,1,1,0,Reader_1_12.csv
2325,3,2,1,Reader_1_2.csv
2325,1,1,0,Reader_1_3.csv
2325,0,0,0,Reader_1_4.csv
2325,1,1,0,Reader_1_5.csv
2325,0,0,0,Reader_1_6.csv
2325,2,1,1,Reader_1_7.csv
2325,3,3,0,Reader_1_8.csv
2325,3,3,0,Reader_1_9.csv
2325,2,1,1,Reader_2_1.csv
2325,0,0,0,Reader_2_10.csv
2325,0,0,0,Reader_2_11.csv
2325,0,0,0,Reader_2_12.csv
2325,0,0,0,Reader_2_2.csv
2325,0,0,0,Reader_2_3.csv
2325,1,1,0,Reader_2_4.csv
2325,1,1,0,Reader_2_5.csv
2325,0,0,0,Reader_2_6.csv
2325,0,0,0,Reader_2_7.csv
2325,0,0,0,Reader_2_8.csv
2325,0,0,0,Reader_2_9.csv
2325,5,2,3,reader_3_1.csv
2325,5,5,0,Reader_3_2.csv
2325,8,7,1,Reader_3_3.csv
2325,8,7,1,Reader_3_4.csv
2325,4,3,1,Reader_3_5.csv
2325,6,4,2,Reader_3_6.csv
2325,2,1,1,Reader_3_7.csv
2326,4,3,1,Reader_1_1.csv
2326,0,0,0,Reader_1_10.csv
2326,3,2,1,Reader_1_11.csv
2326,1,1,0,Reader_1_12.csv
2326,3,2,1,Reader_1_2.csv
2326,1,1,0,Reader_1_3.csv
2326,0,0,0,Reader_1_4.csv
2326,0,0,0,Reader_1_5.csv
2326,0,0,0,Reader_1_6.csv
2326,1,1,0,Reader_1_7.csv
2326,3,3,0,Reader_1_8.csv
2326,4,3,1,Reader_1_9.csv
2326,2,1,1,Reader_2_1.csv
2326,0,0,0,Reader_2_10.csv
2326,0,0,0,Reader_2_11.csv
2326,1,1,0,Reader_2_12.csv
2326,0,0,0,Reader_2_2.csv
2326,0,0,0,Reader_2_3.csv
2326,0,0,0,Reader_2_4.csv
2326,1,1,0,Reader_2_5.csv
2326,0,0,0,Reader_2_6.csv
2326,0,0,0,Reader_2_7.csv
2326,0,0,0,Reader_2_8.csv
2326,0,0,0,Reader_2_9.csv
2326,3,1,2,reader_3_1.csv
2326,5,5,0,Reader_3_2.csv
2326,7,6,1,Reader_3_3.csv
2326,7,6,1,Reader_3_4.csv
2326,4,3,1,Reader_3_5.csv
2326,6,4,2,Reader_3_6.csv
2326,2,1,1,Reader_3_7.csv
2327,5,4,1,Reader_1_1.csv
2327,0,0,0,Reader_1_10.csv
2327,4,3,1,Reader_1_11.csv
2327,0,0,0,Reader_1_12.csv
2327,3,2,1,Reader_1_2.csv
2327,1,1,0,Reader_1_3.csv
2327,0,0,0,Reader_1_4.csv
2327,0,0,0,Reader_1_5.csv
2327,0,0,0,Reader_1_6.csv
2327,1,1,0,Reader_1_7.csv
2327,2,2,0,Reader_1_8.csv
2327,4,3,1,Reader_1_9.csv
2327,2,1,1,Reader_2_1.csv
2327,0,0,0,Reader_2_10.csv
2327,0,0,0,Reader_2_11.csv
2327,1,1,0,Reader_2_12.csv
2327,0,0,0,Reader_2_2.csv
2327,0,0,0,Reader_2_3.csv
2327,0,0,0,Reader_2_4.csv
2327,1,1,0,Reader_2_5.csv
2327,0,0,0,Reader_2_6.csv
2327,0,0,0,Reader_2_7.csv
2327,0,0,0,Reader_2_8.csv
2327,0,0,0,Reader_2_9.csv
2327,4,2,2,reader_3_1.csv
2327,5,5,0,Reader_3_2.csv
2327,7,6,1,Reader_3_3.csv
2327,7,6,1,Reader_3_4.csv
2327,4,3,1,Reader_3_5.csv
2327,6,4,2,Reader_3_6.csv
2327,1,1,0,Reader_3_7.csv
2328,5,4,1,Reader_1_1.csv
2328,0,0,0,Reader_1_10.csv
2328,6,5,1,Reader_1_11.csv
2328,0,0,0,Reader_1_12.csv
2328,3,2,1,Reader_1_2.csv
2328,1,1,0,Reader_1_3.csv
2328,0,0,0,Reader_1_4.csv
2328,0,0,0,Reader_1_5.csv
2328,0,0,0,Reader_1_6.csv
2328,1,1,0,Reader_1_7.csv
2328,2,2,0,Reader_1_8.csv
2328,4,3,1,Reader_1_9.csv
2328,3,2,1,Reader_2_1.csv
2328,0,0,0,Reader_2_10.csv
2328,0,0,0,Reader_2_11.csv
2328,1,1,0,Reader_2_12.csv
2328,0,0,0,Reader_2_2.csv
2328,0,0,0,Reader_2_3.csv
2328,0,0,0,Reader_2_4.csv
2328,2,2,0,Reader_2_5.csv
2328,0,0,0,Reader_2_6.csv
2328,0,0,0,Reader_2_7.csv
2328,0,0,0,Reader_2_8.csv
2328,0,0,0,Reader_2_9.csv
2328,3,1,2,reader_3_1.csv
2328,5,5,0,Reader_3_2.csv
2328,6,5,1,Reader_3_3.csv
2328,6,5,1,Reader_3_4.csv
2328,5,4,1,Reader_3_5.csv
2328,5,4,1,Reader_3_6.csv
2328,1,1,0,Reader_3_7.csv
2329,8,5,3,Reader_1_1.csv
2329,0,0,0,Reader_1_10.csv
2329,6,5,1,Reader_1_11.csv
2329,0,0,0,Reader_1_12.csv
2329,3,2,1,Reader_1_2.csv
2329,2,2,0,Reader_1_3.csv
2329,0,0,0,Reader_1_4.csv
2329,0,0,0,Reader_1_5.csv
2329,0,0,0,Reader_1_6.csv
2329,1,1,0,Reader_1_7.csv
2329,2,2,0,Reader_1_8.csv
2329,4,3,1,Reader_1_9.csv
2329,3,2,1,Reader_2_1.csv
2329,0,0,0,Reader_2_10.csv
2329,0,0,0,Reader_2_11.csv
2329,1,1,0,Reader_2_12.csv
2329,0,0,0,Reader_2_2.csv
2329,0,0,0,Reader_2_3.csv
2329,0,0,0,Reader_2_4.csv
2329,1,1,0,Reader_2_5.csv
2329,0,0,0,Reader_2_6.csv
2329,0,0,0,Reader_2_7.csv
2329,0,0,0,Reader_2_8.csv
2329,0,0,0,Reader_2_9.csv
2329,4,1,3,reader_3_1.csv
2329,5,5,0,Reader_3_2.csv
2329,4,3,1,Reader_3_3.csv
2329,4,3,1,Reader_3_4.csv
2329,4,3,1,Reader_3_5.csv
2329,4,3,1,Reader_3_6.csv
2329,2,1,1,Reader_3_7.csv
2330,9,6,3,Reader_1_1.csv
2330,0,0,0,Reader_1_10.csv
2330,5,5,0,Reader_1_11.csv
2330,0,0,0,Reader_1_12.csv
2330,2,1,1,Reader_1_2.csv
2330,2,2,0,Reader_1_3.csv
2330,0,0,0,Reader_1_4.csv
2330,0,0,0,Reader_1_5.csv
2330,0,0,0,Reader_1_6.csv
2330,1,1,0,Reader_1_7.csv
2330,1,1,0,Reader_1_8.csv
2330,5,4,1,Reader_1_9.csv
2330,2,2,0,Reader_2_1.csv
2330,0,0,0,Reader_2_10.csv
2330,0,0,0,Reader_2_11.csv
2330,1,1,0,Reader_2_12.csv
2330,0,0,0,Reader_2_2.csv
2330,0,0,0,Reader_2_3.csv
2330,0,0,0,Reader_2_4.csv
2330,1,1,0,Reader_2_5.csv
2330,0,0,0,Reader_2_6.csv
2330,0,0,0,Reader_2_7.csv
2330,0,0,0,Reader_2_8.csv
2330,0,0,0,Reader_2_9.csv
2330,4,1,3,reader_3_1.csv
2330,3,3,0,Reader_3_2.csv
2330,4,2,2,Reader_3_3.csv
2330,4,2,2,Reader_3_4.csv
2330,3,3,0,Reader_3_5.csv
2330,4,3,1,Reader_3_6.csv
2330,2,1,1,Reader_3_7.csv
2331,11,7,4,Reader_1_1.csv
2331,0,0,0,Reader_1_10.csv
2331,6,6,0,Reader_1_11.csv
2331,0,0,0,Reader_1_12.csv
2331,1,1,0,Reader_1_2.csv
2331,2,2,0,Reader_1_3.csv
2331,0,0,0,Reader_1_4.csv
2331,0,0,0,Reader_1_5.csv
2331,0,0,0,Reader_1_6.csv
2331,1,1,0,Reader_1_7.csv
2331,1,1,0,Reader_1_8.csv
2331,4,3,1,Reader_1_9.csv
2331,1,1,0,Reader_2_1.csv
2331,0,0,0,Reader_2_10.csv
2331,0,0,0,Reader_2_11.csv
2331,2,2,0,Reader_2_12.csv
2331,0,0,0,Reader_2_2.csv
2331,0,0,0,Reader_2_3.csv
2331,0,0,0,Reader_2_4.csv
2331,1,1,0,Reader_2_5.csv
2331,0,0,0,Reader_2_6.csv
2331,0,0,0,Reader_2_7.csv
2331,0,0,0,Reader_2_8.csv
2331,0,0,0,Reader_2_9.csv
2331,4,2,2,reader_3_1.csv
2331,2,2,0,Reader_3_2.csv
2331,4,2,2,Reader_3_3.csv
2331,4,2,2,Reader_3_4.csv
2331,3,3,0,Reader_3_5.csv
2331,2,2,0,Reader_3_6.csv
2331,1,0,1,Reader_3_7.csv
2332,10,7,3,Reader_1_1.csv
2332,0,0,0,Reader_1_10.csv
2332,5,5,0,Reader_1_11.csv
2332,1,0,1,Reader_1_12.csv
2332,2,2,0,Reader_1_2.csv
2332,2,2,0,Reader_1_3.csv
2332,0,0,0,Reader_1_4.csv
2332,0,0,0,Reader_1_5.csv
2332,0,0,0,Reader_1_6.csv
2332,1,1,0,Reader_1_7.csv
2332,1,1,0,Reader_1_8.csv
2332,2,1,1,Reader_1_9.csv
2332,2,2,0,Reader_2_1.csv
2332,0,0,0,Reader_2_10.csv
2332,0,0,0,Reader_2_11.csv
2332,4,4,0,Reader_2_12.csv
2332,0,0,0,Reader_2_2.csv
2332,0,0,0,Reader_2_3.csv
2332,0,0,0,Reader_2_4.csv
2332,1,1,0,Reader_2_5.csv
2332,0,0,0,Reader_2_6.csv
2332,0,0,0,Reader_2_7.csv
2332,0,0,0,Reader_2_8.csv
2332,0,0,0,Reader_2_9.csv
2332,6,4,2,reader_3_1.csv
2332,1,1,0,Reader_3_2.csv
2332,4,3,1,Reader_3_3.csv
2332,4,3,1,Reader_3_4.csv
2332,1,1,0,Reader_3_5.csv
2332,3,2,1,Reader_3_6.csv
2332,1,0,1,Reader_3_7.csv
2333,11,8,3,Reader_1_1.csv
2333,0,0,0,Reader_1_10.csv
2333,6,6,0,Reader_1_11.csv
2333,1,0,1,Reader_1_12.csv
2333,1,1,0,Reader_1_2.csv
2333,1,1,0,Reader_1_3.csv
2333,0,0,0,Reader_1_4.csv
2333,0,0,0,Reader_1_5.csv
2333,0,0,0,Reader_1_6.csv
2333,1,1,0,Reader_1_7.csv
2333,2,2,0,Reader_1_8.csv
2333,3,2,1,Reader_1_9.csv
2333,2,2,0,Reader_2_1.csv
2333,0,0,0,Reader_2_10.csv
2333,0,0,0,Reader_2_11.csv
2333,5,4,1,Reader_2_12.csv
2333,0,0,0,Reader_2_2.csv
2333,0,0,0,Reader_2_3.csv
2333,0,0,0,Reader_2_4.csv
2333,1,1,0,Reader_2_5.csv
2333,0,0,0,Reader_2_6.csv
2333,0,0,0,Reader_2_7.csv
2333,0,0,0,Reader_2_8.csv
2333,0,0,0,Reader_2_9.csv
2333,6,4,2,reader_3_1.csv
2333,1,1,0,Reader_3_2.csv
2333,5,4,1,Reader_3_3.csv
2333,5,4,1,Reader_3_4.csv
2333,2,2,0,Reader_3_5.csv
2333,3,2,1,Reader_3_6.csv
2333,1,0,1,Reader_3_7.csv
2334,10,7,3,Reader_1_1.csv
2334,0,0,0,Reader_1_10.csv
2334,6,6,0,Reader_1_11.csv
2334,1,0,1,Reader_1_12.csv
2334,2,2,0,Reader_1_2.csv
2334,1,1,0,Reader_1_3.csv
2334,0,0,0,Reader_1_4.csv
2334,0,0,0,Reader_1_5.csv
2334,0,0,0,Reader_1_6.csv
2334,1,1,0,Reader_1_7.csv
2334,2,2,0,Reader_1_8.csv
2334,3,3,0,Reader_1_9.csv
2334,2,2,0,Reader_2_1.csv
2334,0,0,0,Reader_2_10.csv
2334,0,0,0,Reader_2_11.csv
2334,7,6,1,Reader_2_12.csv
2334,0,0,0,Reader_2_2.csv
2334,0,0,0,Reader_2_3.csv
2334,0,0,0,Reader_2_4.csv
2334,1,1,0,Reader_2_5.csv
2334,0,0,0,Reader_2_6.csv
2334,0,0,0,Reader_2_7.csv
2334,0,0,0,Reader_2_8.csv
2334,0,0,0,Reader_2_9.csv
2334,6,4,2,reader_3_1.csv
2334,1,1,0,Reader_3_2.csv
2334,6,5,1,Reader_3_3.csv
2334,6,5,1,Reader_3_4.csv
2334,2,2,0,Reader_3_5.csv
2334,4,3,1,Reader_3_6.csv
2334,1,0,1,Reader_3_7.csv
2335,10,6,4,Reader_1_1.csv
2335,0,0,0,Reader_1_10.csv
2335,5,5,0,Reader_1_11.csv
2335,1,0,1,Reader_1_12.csv
2335,3,3,0,Reader_1_2.csv
2335,1,1,0,Reader_1_3.csv
2335,0,0,0,Reader_1_4.csv
2335,0,0,0,Reader_1_5.csv
2335,0,0,0,Reader_1_6.csv
2335,1,1,0,Reader_1_7.csv
2335,2,2,0,Reader_1_8.csv
2335,4,4,0,Reader_1_9.csv
2335,2,2,0,Reader_2_1.csv
2335,0,0,0,Reader_2_10.csv
2335,0,0,0,Reader_2_11.csv
2335,8,7,1,Reader_2_12.csv
2335,0,0,0,Reader_2_2.csv
2335,0,0,0,Reader_2_3.csv
2335,0,0,0,Reader_2_4.csv
2335,1,1,0,Reader_2_5.csv
2335,0,0,0,Reader_2_6.csv
2335,0,0,0,Reader_2_7.csv
2335,0,0,0,Reader_2_8.csv
2335,0,0,0,Reader_2_9.csv
2335,5,3,2,reader_3_1.csv
2335,0,0,0,Reader_3_2.csv
2335,7,4,3,Reader_3_3.csv
2335,7,4,3,Reader_3_4.csv
2335,2,2,0,Reader_3_5.csv
2335,3,2,1,Reader_3_6.csv
2335,2,0,2,Reader_3_7.csv
2336,12,8,4,Reader_1_1.csv
2336,0,0,0,Reader_1_10.csv
2336,3,3,0,Reader_1_11.csv
2336,1,0,1,Reader_1_12.csv
2336,3,3,0,Reader_1_2.csv
2336,1,1,0,Reader_1_3.csv
2336,0,0,0,Reader_1_4.csv
2336,0,0,0,Reader_1_5.csv
2336,0,0,0,Reader_1_6.csv
2336,1,1,0,Reader_1_7.csv
2336,2,2,0,Reader_1_8.csv
2336,5,5,0,Reader_1_9.csv
2336,1,1,0,Reader_2_1.csv
2336,0,0,0,Reader_2_10.csv
2336,0,0,0,Reader_2_11.csv
2336,8,7,1,Reader_2_12.csv
2336,0,0,0,Reader_2_2.csv
2336,1,1,0,Reader_2_3.csv
2336,0,0,0,Reader_2_4.csv
2336,0,0,0,Reader_2_5.csv
2336,0,0,0,Reader_2_6.csv
2336,0,0,0,Reader_2_7.csv
2336,0,0,0,Reader_2_8.csv
2336,0,0,0,Reader_2_9.csv
2336,6,3,3,reader_3_1.csv
2336,1,0,1,Reader_3_2.csv
2336,7,4,3,Reader_3_3.csv
2336,7,4,3,Reader_3_4.csv
2336,1,1,0,Reader_3_5.csv
2336,3,2,1,Reader_3_6.csv
2336,2,0,2,Reader_3_7.csv
2337,11,9,2,Reader_1_1.csv
2337,0,0,0,Reader_1_10.csv
2337,2,2,0,Reader_1_11.csv
2337,1,0,1,Reader_1_12.csv
2337,4,4,0,Reader_1_2.csv
2337,0,0,0,Reader_1_3.csv
2337,0,0,0,Reader_1_4.csv
2337,0,0,0,Reader_1_5.csv
2337,1,1,0,Reader_1_6.csv
2337,1,1,0,Reader_1_7.csv
2337,1,1,0,Reader_1_8.csv
2337,5,5,0,Reader_1_9.csv
2337,1,1,0,Reader_2_1.csv
2337,0,0,0,Reader_2_10.csv
2337,0,0,0,Reader_2_11.csv
2337,8,7,1,Reader_2_12.csv
2337,0,0,0,Reader_2_2.csv
2337,1,1,0,Reader_2_3.csv
2337,0,0,0,Reader_2_4.csv
2337,0,0,0,Reader_2_5.csv
2337,0,0,0,Reader_2_6.csv
2337,0,0,0,Reader_2_7.csv
2337,0,0,0,Reader_2_8.csv
2337,0,0,0,Reader_2_9.csv
2337,5,3,2,reader_3_1.csv
2337,1,0,1,Reader_3_2.csv
2337,7,4,3,Reader_3_3.csv
2337,7,4,3,Reader_3_4.csv
2337,1,1,0,Reader_3_5.csv
2337,5,3,2,Reader_3_6.csv
2337,4,3,1,Reader_3_7.csv
2338,10,8,2,Reader_1_1.csv
2338,0,0,0,Reader_1_10.csv
2338,4,4,0,Reader_1_11.csv
2338,1,0,1,Reader_1_12.csv
2338,4,4,0,Reader_1_2.csv
2338,0,0,0,Reader_1_3.csv
2338,0,0,0,Reader_1_4.csv
2338,0,0,0,Reader_1_5.csv
2338,1,1,0,Reader_1_6.csv
2338,1,1,0,Reader_1_7.csv
2338,1,1,0,Reader_1_8.csv
2338,4,4,0,Reader_1_9.csv
2338,3,2,1,Reader_2_1.csv
2338,0,0,0,Reader_2_10.csv
2338,0,0,0,Reader_2_11.csv
2338,10,9,1,Reader_2_12.csv
2338,0,0,0,Reader_2_2.csv
2338,1,1,0,Reader_2_3.csv
2338,0,0,0,Reader_2_4.csv
2338,0,0,0,Reader_2_5.csv
2338,0,0,0,Reader_2_6.csv
2338,0,0,0,Reader_2_7.csv
2338,0,0,0,Reader_2_8.csv
2338,0,0,0,Reader_2_9.csv
2338,6,3,3,reader_3_1.csv
2338,1,0,1,Reader_3_2.csv
2338,8,6,2,Reader_3_3.csv
2338,8,6,2,Reader_3_4.csv
2338,1,1,0,Reader_3_5.csv
2338,6,4,2,Reader_3_6.csv
2338,6,4,2,Reader_3_7.csv
2339,8,7,1,Reader_1_1.csv
2339,0,0,0,Reader_1_10.csv
2339,4,4,0,Reader_1_11.csv
2339,1,0,1,Reader_1_12.csv
2339,4,4,0,Reader_1_2.csv
2339,0,0,0,Reader_1_3.csv
2339,0,0,0,Reader_1_4.csv
2339,0,0,0,Reader_1_5.csv
2339,1,1,0,Reader_1_6.csv
2339,0,0,0,Reader_1_7.csv
2339,1,1,0,Reader_1_8.csv
2339,5,5,0,Reader_1_9.csv
2339,3,2,1,Reader_2_1.csv
2339,1,1,0,Reader_2_10.csv
2339,0,0,0,Reader_2_11.csv
2339,9,8,1,Reader_2_12.csv
2339,0,0,0,Reader_2_2.csv
2339,1,1,0,Reader_2_3.csv
2339,0,0,0,Reader_2_4.csv
2339,0,0,0,Reader_2_5.csv
2339,0,0,0,Reader_2_6.csv
2339,0,0,0,Reader_2_7.csv
2339,0,0,0,Reader_2_8.csv
2339,0,0,0,Reader_2_9.csv
2339,5,2,3,reader_3_1.csv
2339,1,0,1,Reader_3_2.csv
2339,9,7,2,Reader_3_3.csv
2339,9,7,2,Reader_3_4.csv
2339,1,1,0,Reader_3_5.csv
2339,7,5,2,Reader_3_6.csv
2339,6,4,2,Reader_3_7.csv
2340,10,9,1,Reader_1_1.csv
2340,0,0,0,Reader_1_10.csv
2340,4,4,0,Reader_1_11.csv
2340,0,0,0,Reader_1_12.csv
2340,4,4,0,Reader_1_2.csv
2340,0,0,0,Reader_1_3.csv
2340,0,0,0,Reader_1_4.csv
2340,0,0,0,Reader_1_5.csv
2340,1,1,0,Reader_1_6.csv
2340,0,0,0,Reader_1_7.csv
2340,2,2,0,Reader_1_8.csv
2340,5,5,0,Reader_1_9.csv
2340,2,1,1,Reader_2_1.csv
2340,1,1,0,Reader_2_10.csv
2340,0,0,0,Reader_2_11.csv
2340,7,6,1,Reader_2_12.csv
2340,0,0,0,Reader_2_2.csv
2340,1,1,0,Reader_2_3.csv
2340,0,0,0,Reader_2_4.csv
2340,0,0,0,Reader_2_5.csv
2340,0,0,0,Reader_2_6.csv
2340,0,0,0,Reader_2_7.csv
2340,0,0,0,Reader_2_8.csv
2340,0,0,0,Reader_2_9.csv
2340,6,3,3,reader_3_1.csv
2340,1,0,1,Reader_3_2.csv
2340,10,7,3,Reader_3_3.csv
2340,10,7,3,Reader_3_4.csv
2340,1,1,0,Reader_3_5.csv
2340,6,5,1,Reader_3_6.csv
2340,6,4,2,Reader_3_7.csv
2341,9,8,1,Reader_1_1.csv
2341,0,0,0,Reader_1_10.csv
2341,5,5,0,Reader_1_11.csv
2341,0,0,0,Reader_1_12.csv
2341,4,4,0,Reader_1_2.csv
2341,0,0,0,Reader_1_3.csv
2341,0,0,0,Reader_1_4.csv
2341,0,0,0,Reader_1_5.csv
2341,1,1,0,Reader_1_6.csv
2341,0,0,0,Reader_1_7.csv
2341,1,1,0,Reader_1_8.csv
2341,4,4,0,Reader_1_9.csv
2341,2,1,1,Reader_2_1.csv
2341,1,1,0,Reader_2_10.csv
2341,0,0,0,Reader_2_11.csv
2341,7,7,0,Reader_2_12.csv
2341,0,0,0,Reader_2_2.csv
2341,1,1,0,Reader_2_3.csv
2341,0,0,0,Reader_2_4.csv
2341,0,0,0,Reader_2_5.csv
2341,0,0,0,Reader_2_6.csv
2341,0,0,0,Reader_2_7.csv
2341,0,0,0,Reader_2_8.csv
2341,0,0,0,Reader_2_9.csv
2341,8,5,3,reader_3_1.csv
2341,1,0,1,Reader_3_2.csv
2341,9,6,3,Reader_3_3.csv
2341,9,6,3,Reader_3_4.csv
2341,0,0,0,Reader_3_5.csv
2341,10,9,1,Reader_3_6.csv
2341,6,4,2,Reader_3_7.csv
2342,10,9,1,Reader_1_1.csv
2342,0,0,0,Reader_1_10.csv
2342,5,5,0,Reader_1_11.csv
2342,0,0,0,Reader_1_12.csv
2342,3,3,0,Reader_1_2.csv
2342,0,0,0,Reader_1_3.csv
2342,0,0,0,Reader_1_4.csv
2342,0,0,0,Reader_1_5.csv
2342,1,1,0,Reader_1_6.csv
2342,0,0,0,Reader_1_7.csv
2342,1,1,0,Reader_1_8.csv
2342,5,4,1,Reader_1_9.csv
2342,4,2,2,Reader_2_1.csv
2342,2,2,0,Reader_2_10.csv
2342,0,0,0,Reader_2_11.csv
2342,5,4,1,Reader_2_12.csv
2342,0,0,0,Reader_2_2.csv
2342,1,1,0,Reader_2_3.csv
2342,0,0,0,Reader_2_4.csv
2342,0,0,0,Reader_2_5.csv
2342,0,0,0,Reader_2_6.csv
2342,0,0,0,Reader_2_7.csv
2342,0,0,0,Reader_2_8.csv
2342,0,0,0,Reader_2_9.csv
2342,11,7,4,reader_3_1.csv
2342,1,0,1,Reader_3_2.csv
2342,13,8,5,Reader_3_3.csv
2342,13,8,5,Reader_3_4.csv
2342,0,0,0,Reader_3_5.csv
2342,10,9,1,Reader_3_6.csv
2342,6,4,2,Reader_3_7.csv
2343,9,9,0,Reader_1_1.csv
2343,0,0,0,Reader_1_10.csv
2343,6,6,0,Reader_1_11.csv
2343,0,0,0,Reader_1_12.csv
2343,3,3,0,Reader_1_2.csv
2343,0,0,0,Reader_1_3.csv
2343,0,0,0,Reader_1_4.csv
2343,0,0,0,Reader_1_5.csv
2343,1,1,0,Reader_1_6.csv
2343,1,1,0,Reader_1_7.csv
2343,1,1,0,Reader_1_8.csv
2343,4,3,1,Reader_1_9.csv
2343,4,2,2,Reader_2_1.csv
2343,2,2,0,Reader_2_10.csv
2343,0,0,0,Reader_2_11.csv
2343,4,3,1,Reader_2_12.csv
2343,0,0,0,Reader_2_2.csv
2343,1,1,0,Reader_2_3.csv
2343,0,0,0,Reader_2_4.csv
2343,0,0,0,Reader_2_5.csv
2343,0,0,0,Reader_2_6.csv
2343,0,0,0,Reader_2_7.csv
2343,0,0,0,Reader_2_8.csv
2343,0,0,0,Reader_2_9.csv
2343,13,9,4,reader_3_1.csv
2343,1,0,1,Reader_3_2.csv
2343,14,9,5,Reader_3_3.csv
2343,14,9,5,Reader_3_4.csv
2343,1,1,0,Reader_3_5.csv
2343,10,9,1,Reader_3_6.csv
2343,5,4,1,Reader_3_7.csv
2344,8,8,0,Reader_1_1.csv
2344,0,0,0,Reader_1_10.csv
2344,7,7,0,Reader_1_11.csv
2344,0,0,0,Reader_1_12.csv
2344,3,3,0,Reader_1_2.csv
2344,0,0,0,Reader_1_3.csv
2344,0,0,0,Reader_1_4.csv
2344,0,0,0,Reader_1_5.csv
2344,1,1,0,Reader_1_6.csv
2344,1,1,0,Reader_1_7.csv
2344,1,1,0,Reader_1_8.csv
2344,3,2,1,Reader_1_9.csv
2344,4,2,2,Reader_2_1.csv
2344,2,2,0,Reader_2_10.csv
2344,0,0,0,Reader_2_11.csv
2344,4,3,1,Reader_2_12.csv
2344,0,0,0,Reader_2_2.csv
2344,0,0,0,Reader_2_3.csv
2344,0,0,0,Reader_2_4.csv
2344,0,0,0,Reader_2_5.csv
2344,0,0,0,Reader_2_6.csv
2344,0,0,0,Reader_2_7.csv
2344,0,0,0,Reader_2_8.csv
2344,0,0,0,Reader_2_9.csv
2344,14,10,4,reader_3_1.csv
2344,0,0,0,Reader_3_2.csv
2344,17,10,7,Reader_3_3.csv
2344,17,10,7,Reader_3_4.csv
2344,1,1,0,Reader_3_5.csv
2344,11,10,1,Reader_3_6.csv
2344,5,4,1,Reader_3_7.csv
2345,6,6,0,Reader_1_1.csv
2345,0,0,0,Reader_1_10.csv
2345,8,8,0,Reader_1_11.csv
2345,0,0,0,Reader_1_12.csv
2345,4,3,1,Reader_1_2.csv
2345,0,0,0,Reader_1_3.csv
2345,1,1,0,Reader_1_4.csv
2345,0,0,0,Reader_1_5.csv
2345,0,0,0,Reader_1_6.csv
2345,1,1,0,Reader_1_7.csv
2345,1,1,0,Reader_1_8.csv
2345,3,2,1,Reader_1_9.csv
2345,4,2,2,Reader_2_1.csv
2345,2,2,0,Reader_2_10.csv
2345,0,0,0,Reader_2_11.csv
2345,4,3,1,Reader_2_12.csv
2345,0,0,0,Reader_2_2.csv
2345,0,0,0,Reader_2_3.csv
2345,0,0,0,Reader_2_4.csv
2345,0,0,0,Reader_2_5.csv
2345,0,0,0,Reader_2_6.csv
2345,0,0,0,Reader_2_7.csv
2345,0,0,0,Reader_2_8.csv
2345,0,0,0,Reader_2_9.csv
2345,15,10,5,reader_3_1.csv
2345,1,1,0,Reader_3_2.csv
2345,19,12,7,Reader_3_3.csv
2345,19,12,7,Reader_3_4.csv
2345,1,1,0,Reader_3_5.csv
2345,10,10,0,Reader_3_6.csv
2345,2,1,1,Reader_3_7.csv
2346,8,7,1,Reader_1_1.csv
2346,0,0,0,Reader_1_10.csv
2346,6,6,0,Reader_1_11.csv
2346,0,0,0,Reader_1_12.csv
2346,5,4,1,Reader_1_2.csv
2346,0,0,0,Reader_1_3.csv
2346,1,1,0,Reader_1_4.csv
2346,0,0,0,Reader_1_5.csv
2346,0,0,0,Reader_1_6.csv
2346,1,1,0,Reader_1_7.csv
2346,1,1,0,Reader_1_8.csv
2346,4,2,2,Reader_1_9.csv
2346,2,1,1,Reader_2_1.csv
2346,2,2,0,Reader_2_10.csv
2346,0,0,0,Reader_2_11.csv
2346,2,1,1,Reader_2_12.csv
2346,0,0,0,Reader_2_2.csv
2346,0,0,0,Reader_2_3.csv
2346,0,0,0,Reader_2_4.csv
2346,0,0,0,Reader_2_5.csv
2346,0,0,0,Reader_2_6.csv
2346,0,0,0,Reader_2_7.csv
2346,0,0,0,Reader_2_8.csv
2346,0,0,0,Reader_2_9.csv
2346,16,12,4,reader_3_1.csv
2346,2,2,0,Reader_3_2.csv
2346,19,12,7,Reader_3_3.csv
2346,19,12,7,Reader_3_4.csv
2346,2,2,0,Reader_3_5.csv
2346,8,8,0,Reader_3_6.csv
2346,0,0,0,Reader_3_7.csv
2347,9,8,1,Reader_1_1.csv
2347,0,0,0,Reader_1_10.csv
2347,5,5,0,Reader_1_11.csv
2347,0,0,0,Reader_1_12.csv
2347,5,4,1,Reader_1_2.csv
2347,0,0,0,Reader_1_3.csv
2347,1,1,0,Reader_1_4.csv
2347,0,0,0,Reader_1_5.csv
2347,0,0,0,Reader_1_6.csv
2347,1,1,0,Reader_1_7.csv
2347,1,1,0,Reader_1_8.csv
2347,3,1,2,Reader_1_9.csv
2347,2,1,1,Reader_2_1.csv
2347,1,1,0,Reader_2_10.csv
2347,0,0,0,Reader_2_11.csv
2347,3,2,1,Reader_2_12.csv
2347,0,0,0,Reader_2_2.csv
2347,0,0,0,Reader_2_3.csv
2347,0,0,0,Reader_2_4.csv
2347,0,0,0,Reader_2_5.csv
2347,0,0,0,Reader_2_6.csv
2347,0,0,0,Reader_2_7.csv
2347,0,0,0,Reader_2_8.csv
2347,0,0,0,Reader_2_9.csv
2347,16,13,3,reader_3_1.csv
2347,2,2,0,Reader_3_2.csv
2347,19,12,7,Reader_3_3.csv
2347,19,12,7,Reader_3_4.csv
2347,3,3,0,Reader_3_5.csv
2347,7,7,0,Reader_3_6.csv
2347,0,0,0,Reader_3_7.csv
2348,8,6,2,Reader_1_1.csv
2348,0,0,0,Reader_1_10.csv
2348,6,6,0,Reader_1_11.csv
2348,0,0,0,Reader_1_12.csv
2348,4,3,1,Reader_1_2.csv
2348,0,0,0,Reader_1_3.csv
2348,1,1,0,Reader_1_4.csv
2348,0,0,0,Reader_1_5.csv
2348,0,0,0,Reader_1_6.csv
2348,1,1,0,Reader_1_7.csv
2348,0,0,0,Reader_1_8.csv
2348,3,1,2,Reader_1_9.csv
2348,4,2,2,Reader_2_1.csv
2348,1,1,0,Reader_2_10.csv
2348,0,0,0,Reader_2_11.csv
2348,4,3,1,Reader_2_12.csv
2348,0,0,0,Reader_2_2.csv
2348,0,0,0,Reader_2_3.csv
2348,0,0,0,Reader_2_4.csv
2348,0,0,0,Reader_2_5.csv
2348,0,0,0,Reader_2_6.csv
2348,0,0,0,Reader_2_7.csv
2348,0,0,0,Reader_2_8.csv
2348,0,0,0,Reader_2_9.csv
2348,13,10,3,reader_3_1.csv
2348,2,2,0,Reader_3_2.csv
2348,17,11,6,Reader_3_3.csv
2348,17,11,6,Reader_3_4.csv
2348,4,4,0,Reader_3_5.csv
2348,7,7,0,Reader_3_6.csv
2348,0,0,0,Reader_3_7.csv
2349,7,5,2,Reader_1_1.csv
2349,0,0,0,Reader_1_10.csv
2349,4,4,0,Reader_1_11.csv
2349,0,0,0,Reader_1_12.csv
2349,4,3,1,Reader_1_2.csv
2349,0,0,0,Reader_1_3.csv
2349,1,1,0,Reader_1_4.csv
2349,1,1,0,Reader_1_5.csv
2349,0,0,0,Reader_1_6.csv
2349,2,2,0,Reader_1_7.csv
2349,0,0,0,Reader_1_8.csv
2349,3,1,2,Reader_1_9.csv
2349,4,2,2,Reader_2_1.csv
2349,1,1,0,Reader_2_10.csv
2349,0,0,0,Reader_2_11.csv
2349,3,2,1,Reader_2_12.csv
2349,0,0,0,Reader_2_2.csv
2349,0,0,0,Reader_2_3.csv
2349,0,0,0,Reader_2_4.csv
2349,0,0,0,Reader_2_5.csv
2349,0,0,0,Reader_2_6.csv
2349,0,0,0,Reader_2_7.csv
2349,0,0,0,Reader_2_8.csv
2349,0,0,0,Reader_2_9.csv
2349,14,10,4,reader_3_1.csv
2349,3,3,0,Reader_3_2.csv
2349,18,12,6,Reader_3_3.csv
2349,18,12,6,Reader_3_4.csv
2349,4,4,0,Reader_3_5.csv
2349,3,3,0,Reader_3_6.csv
2349,0,0,0,Reader_3_7.csv
2350,8,6,2,Reader_1_1.csv
2350,0,0,0,Reader_1_10.csv
2350,4,4,0,Reader_1_11.csv
2350,0,0,0,Reader_1_12.csv
2350,4,3,1,Reader_1_2.csv
2350,1,0,1,Reader_1_3.csv
2350,1,1,0,Reader_1_4.csv
2350,1,1,0,Reader_1_5.csv
2350,0,0,0,Reader_1_6.csv
2350,3,3,0,Reader_1_7.csv
2350,0,0,0,Reader_1_8.csv
2350,1,0,1,Reader_1_9.csv
2350,3,1,2,Reader_2_1.csv
2350,0,0,0,Reader_2_10.csv
2350,0,0,0,Reader_2_11.csv
2350,3,3,0,Reader_2_12.csv
2350,0,0,0,Reader_2_2.csv
2350,0,0,0,Reader_2_3.csv
2350,0,0,0,Reader_2_4.csv
2350,0,0,0,Reader_2_5.csv
2350,0,0,0,Reader_2_6.csv
2350,0,0,0,Reader_2_7.csv
2350,0,0,0,Reader_2_8.csv
2350,0,0,0,Reader_2_9.csv
2350,14,10,4,reader_3_1.csv
2350,3,3,0,Reader_3_2.csv
2350,15,11,4,Reader_3_3.csv
2350,15,11,4,Reader_3_4.csv
2350,5,4,1,Reader_3_5.csv
2350,2,2,0,Reader_3_6.csv
2350,1,0,1,Reader_3_7.csv
2351,9,7,2,Reader_1_1.csv
2351,0,0,0,Reader_1_10.csv
2351,7,7,0,Reader_1_11.csv
2351,0,0,0,Reader_1_12.csv
2351,4,3,1,Reader_1_2.csv
2351,1,0,1,Reader_1_3.csv
2351,1,1,0,Reader_1_4.csv
2351,2,2,0,Reader_1_5.csv
2351,0,0,0,Reader_1_6.csv
2351,2,2,0,Reader_1_7.csv
2351,0,0,0,Reader_1_8.csv
2351,1,0,1,Reader_1_9.csv
2351,4,2,2,Reader_2_1.csv
2351,0,0,0,Reader_2_10.csv
2351,0,0,0,Reader_2_11.csv
2351,4,4,0,Reader_2_12.csv
2351,0,0,0,Reader_2_2.csv
2351,0,0,0,Reader_2_3.csv
2351,0,0,0,Reader_2_4.csv
2351,0,0,0,Reader_2_5.csv
2351,0,0,0,Reader_2_6.csv
2351,0,0,0,Reader_2_7.csv
2351,0,0,0,Reader_2_8.csv
2351,0,0,0,Reader_2_9.csv
2351,16,12,4,reader_3_1.csv
2351,3,3,0,Reader_3_2.csv
2351,14,11,3,Reader_3_3.csv
2351,14,11,3,Reader_3_4.csv
2351,4,3,1,Reader_3_5.csv
2351,2,2,0,Reader_3_6.csv
2351,1,0,1,Reader_3_7.csv
2352,8,6,2,Reader_1_1.csv
2352,1,1,0,Reader_1_10.csv
2352,7,7,0,Reader_1_11.csv
2352,1,1,0,Reader_1_12.csv
2352,4,3,1,Reader_1_2.csv
2352,1,0,1,Reader_1_3.csv
2352,1,1,0,Reader_1_4.csv
2352,2,2,0,Reader_1_5.csv
2352,1,1,0,Reader_1_6.csv
2352,2,2,0,Reader_1_7.csv
2352,0,0,0,Reader_1_8.csv
2352,1,0,1,Reader_1_9.csv
2352,4,2,2,Reader_2_1.csv
2352,0,0,0,Reader_2_10.csv
2352,0,0,0,Reader_2_11.csv
2352,4,4,0,Reader_2_12.csv
2352,0,0,0,Reader_2_2.csv
2352,1,1,0,Reader_2_3.csv
2352,0,0,0,Reader_2_4.csv
2352,0,0,0,Reader_2_5.csv
2352,0,0,0,Reader_2_6.csv
2352,0,0,0,Reader_2_7.csv
2352,0,0,0,Reader_2_8.csv
2352,0,0,0,Reader_2_9.csv
2352,17,14,3,reader_3_1.csv
2352,3,3,0,Reader_3_2.csv
2352,13,12,1,Reader_3_3.csv
2352,13,12,1,Reader_3_4.csv
2352,4,3,1,Reader_3_5.csv
2352,2,2,0,Reader_3_6.csv
2352,1,0,1,Reader_3_7.csv
2353,8,6,2,Reader_1_1.csv
2353,1,1,0,Reader_1_10.csv
2353,9,9,0,Reader_1_11.csv
2353,1,1,0,Reader_1_12.csv
2353,2,2,0,Reader_1_2.csv
2353,1,0,1,Reader_1_3.csv
2353,0,0,0,Reader_1_4.csv
2353,2,2,0,Reader_1_5.csv
2353,2,2,0,Reader_1_6.csv
2353,2,2,0,Reader_1_7.csv
2353,0,0,0,Reader_1_8.csv
2353,1,0,1,Reader_1_9.csv
2353,4,2,2,Reader_2_1.csv
2353,0,0,0,Reader_2_10.csv
2353,0,0,0,Reader_2_11.csv
2353,4,4,0,Reader_2_12.csv
2353,0,0,0,Reader_2_2.csv
2353,1,1,0,Reader_2_3.csv
2353,0,0,0,Reader_2_4.csv
2353,1,1,0,Reader_2_5.csv
2353,0,0,0,Reader_2_6.csv
2353,0,0,0,Reader_2_7.csv
2353,0,0,0,Reader_2_8.csv
2353,0,0,0,Reader_2_9.csv
2353,17,15,2,reader_3_1.csv
2353,4,4,0,Reader_3_2.csv
2353,15,12,3,Reader_3_3.csv
2353,15,12,3,Reader_3_4.csv
2353,4,3,1,Reader_3_5.csv
2353,1,1,0,Reader_3_6.csv
2353,1,0,1,Reader_3_7.csv
2354,7,5,2,Reader_1_1.csv
2354,1,1,0,Reader_1_10.csv
2354,11,11,0,Reader_1_11.csv
2354,1,1,0,Reader_1_12.csv
2354,1,1,0,Reader_1_2.csv
2354,1,0,1,Reader_1_3.csv
2354,0,0,0,Reader_1_4.csv
2354,2,2,0,Reader_1_5.csv
2354,2,2,0,Reader_1_6.csv
2354,2,2,0,Reader_1_7.csv
2354,0,0,0,Reader_1_8.csv
2354,0,0,0,Reader_1_9.csv
2354,4,2,2,Reader_2_1.csv
2354,0,0,0,Reader_2_10.csv
2354,0,0,0,Reader_2_11.csv
2354,4,4,0,Reader_2_12.csv
2354,0,0,0,Reader_2_2.csv
2354,1,1,0,Reader_2_3.csv
2354,0,0,0,Reader_2_4.csv
2354,1,1,0,Reader_2_5.csv
2354,0,0,0,Reader_2_6.csv
2354,0,0,0,Reader_2_7.csv
2354,0,0,0,Reader_2_8.csv
2354,0,0,0,Reader_2_9.csv
2354,15,13,2,reader_3_1.csv
2354,4,4,0,Reader_3_2.csv
2354,15,12,3,Reader_3_3.csv
2354,15,12,3,Reader_3_4.csv
2354,3,2,1,Reader_3_5.csv
2354,1,1,0,Reader_3_6.csv
2354,1,0,1,Reader_3_7.csv
2355,9,7,2,Reader_1_1.csv
2355,1,1,0,Reader_1_10.csv
2355,11,11,0,Reader_1_11.csv
2355,1,1,0,Reader_1_12.csv
2355,1,1,0,Reader_1_2.csv
2355,1,0,1,Reader_1_3.csv
2355,0,0,0,Reader_1_4.csv
2355,2,2,0,Reader_1_5.csv
2355,3,3,0,Reader_1_6.csv
2355,2,2,0,Reader_1_7.csv
2355,0,0,0,Reader_1_8.csv
2355,0,0,0,Reader_1_9.csv
2355,4,2,2,Reader_2_1.csv
2355,0,0,0,Reader_2_10.csv
2355,0,0,0,Reader_2_11.csv
2355,3,3,0,Reader_2_12.csv
2355,0,0,0,Reader_2_2.csv
2355,1,1,0,Reader_2_3.csv
2355,0,0,0,Reader_2_4.csv
2355,1,1,0,Reader_2_5.csv
2355,0,0,0,Reader_2_6.csv
2355,0,0,0,Reader_2_7.csv
2355,0,0,0,Reader_2_8.csv
2355,0,0,0,Reader_2_9.csv
2355,14,12,2,reader_3_1.csv
2355,5,5,0,Reader_3_2.csv
2355,14,11,3,Reader_3_3.csv
2355,14,11,3,Reader_3_4.csv
2355,2,1,1,Reader_3_5.csv
2355,1,1,0,Reader_3_6.csv
2355,1,0,1,Reader_3_7.csv
2356,11,9,2,Reader_1_1.csv
2356,1,1,0,Reader_1_10.csv
2356,12,12,0,Reader_1_11.csv
2356,1,1,0,Reader_1_12.csv
2356,2,2,0,Reader_1_2.csv
2356,1,0,1,Reader_1_3.csv
2356,0,0,0,Reader_1_4.csv
2356,2,2,0,Reader_1_5.csv
2356,3,3,0,Reader_1_6.csv
2356,2,2,0,Reader_1_7.csv
2356,0,0,0,Reader_1_8.csv
2356,0,0,0,Reader_1_9.csv
2356,2,1,1,Reader_2_1.csv
2356,0,0,0,Reader_2_10.csv
2356,0,0,0,Reader_2_11.csv
2356,3,2,1,Reader_2_12.csv
2356,0,0,0,Reader_2_2.csv
2356,1,1,0,Reader_2_3.csv
2356,0,0,0,Reader_2_4.csv
2356,1,1,0,Reader_2_5.csv
2356,0,0,0,Reader_2_6.csv
2356,0,0,0,Reader_2_7.csv
2356,0,0,0,Reader_2_8.csv
2356,0,0,0,Reader_2_9.csv
2356,14,12,2,reader_3_1.csv
2356,6,6,0,Reader_3_2.csv
2356,17,14,3,Reader_3_3.csv
2356,17,14,3,Reader_3_4.csv
2356,1,0,1,Reader_3_5.csv
2356,1,1,0,Reader_3_6.csv
2356,2,0,2,Reader_3_7.csv
2357,11,9,2,Reader_1_1.csv
2357,1,1,0,Reader_1_10.csv
2357,14,14,0,Reader_1_11.csv
2357,1,1,0,Reader_1_12.csv
2357,2,2,0,Reader_1_2.csv
2357,1,0,1,Reader_1_3.csv
2357,0,0,0,Reader_1_4.csv
2357,1,1,0,Reader_1_5.csv
2357,3,3,0,Reader_1_6.csv
2357,1,1,0,Reader_1_7.csv
2357,0,0,0,Reader_1_8.csv
2357,0,0,0,Reader_1_9.csv
2357,2,1,1,Reader_2_1.csv
2357,0,0,0,Reader_2_10.csv
2357,0,0,0,Reader_2_11.csv
2357,3,2,1,Reader_2_12.csv
2357,0,0,0,Reader_2_2.csv
2357,1,1,0,Reader_2_3.csv
2357,0,0,0,Reader_2_4.csv
2357,1,1,0,Reader_2_5.csv
2357,0,0,0,Reader_2_6.csv
2357,0,0,0,Reader_2_7.csv
2357,0,0,0,Reader_2_8.csv
2357,0,0,0,Reader_2_9.csv
2357,13,12,1,reader_3_1.csv
2357,5,5,0,Reader_3_2.csv
2357,15,12,3,Reader_3_3.csv
2357,15,12,3,Reader_3_4.csv
2357,2,1,1,Reader_3_5.csv
2357,1,1,0,Reader_3_6.csv
2357,2,0,2,Reader_3_7.csv
2358,10,7,3,Reader_1_1.csv
2358,1,1,0,Reader_1_10.csv
2358,15,15,0,Reader_1_11.csv
2358,1,1,0,Reader_1_12.csv
2358,2,2,0,Reader_1_2.csv
2358,0,0,0,Reader_1_3.csv
2358,0,0,0,Reader_1_4.csv
2358,1,1,0,Reader_1_5.csv
2358,3,3,0,Reader_1_6.csv
2358,0,0,0,Reader_1_7.csv
2358,0,0,0,Reader_1_8.csv
2358,0,0,0,Reader_1_9.csv
2358,1,1,0,Reader_2_1.csv
2358,0,0,0,Reader_2_10.csv
2358,0,0,0,Reader_2_11.csv
2358,2,1,1,Reader_2_12.csv
2358,0,0,0,Reader_2_2.csv
2358,1,1,0,Reader_2_3.csv
2358,0,0,0,Reader_2_4.csv
2358,1,1,0,Reader_2_5.csv
2358,0,0,0,Reader_2_6.csv
2358,0,0,0,Reader_2_7.csv
2358,0,0,0,Reader_2_8.csv
2358,0,0,0,Reader_2_9.csv
2358,12,12,0,reader_3_1.csv
2358,5,5,0,Reader_3_2.csv
2358,13,10,3,Reader_3_3.csv
2358,13,10,3,Reader_3_4.csv
2358,2,2,0,Reader_3_5.csv
2358,1,1,0,Reader_3_6.csv
2358,1,0,1,Reader_3_7.csv
2359,10,7,3,Reader_1_1.csv
2359,1,1,0,Reader_1_10.csv
2359,12,12,0,Reader_1_11.csv
2359,1,1,0,Reader_1_12.csv
2359,1,1,0,Reader_1_2.csv
2359,0,0,0,Reader_1_3.csv
2359,0,0,0,Reader_1_4.csv
2359,0,0,0,Reader_1_5.csv
2359,3,3,0,Reader_1_6.csv
2359,0,0,0,Reader_1_7.csv
2359,0,0,0,Reader_1_8.csv
2359,0,0,0,Reader_1_9.csv
2359,0,0,0,Reader_2_1.csv
2359,0,0,0,Reader_2_10.csv
2359,0,0,0,Reader_2_11.csv
2359,1,0,1,Reader_2_12.csv
2359,0,0,0,Reader_2_2.csv
2359,1,1,0,Reader_2_3.csv
2359,0,0,0,Reader_2_4.csv
2359,1,1,0,Reader_2_5.csv
2359,0,0,0,Reader_2_6.csv
2359,0,0,0,Reader_2_7.csv
2359,0,0,0,Reader_2_8.csv
2359,0,0,0,Reader_2_9.csv
2359,9,9,0,reader_3_1.csv
2359,6,6,0,Reader_3_2.csv
2359,12,10,2,Reader_3_3.csv
2359,12,10,2,Reader_3_4.csv
2359,2,2,0,Reader_3_5.csv
2359,1,1,0,Reader_3_6.csv
2359,1,0,1,Reader_3_7.csv
2360,10,7,3,Reader_1_1.csv
2360,0,0,0,Reader_1_10.csv
2360,11,11,0,Reader_1_11.csv
2360,0,0,0,Reader_1_12.csv
2360,1,1,0,Reader_1_2.csv
2360,0,0,0,Reader_1_3.csv
2360,0,0,0,Reader_1_4.csv
2360,0,0,0,Reader_1_5.csv
2360,2,2,0,Reader_1_6.csv
2360,0,0,0,Reader_1_7.csv
2360,0,0,0,Reader_1_8.csv
2360,0,0,0,Reader_1_9.csv
2360,0,0,0,Reader_2_1.csv
2360,0,0,0,Reader_2_10.csv
2360,0,0,0,Reader_2_11.csv
2360,1,0,1,Reader_2_12.csv
2360,0,0,0,Reader_2_2.csv
2360,0,0,0,Reader_2_3.csv
2360,0,0,0,Reader_2_4.csv
2360,2,2,0,Reader_2_5.csv
2360,0,0,0,Reader_2_6.csv
2360,0,0,0,Reader_2_7.csv
2360,0,0,0,Reader_2_8.csv
2360,0,0,0,Reader_2_9.csv
2360,7,7,0,reader_3_1.csv
2360,6,6,0,Reader_3_2.csv
2360,10,8,2,Reader_3_3.csv
2360,10,8,2,Reader_3_4.csv
2360,2,2,0,Reader_3_5.csv
2360,0,0,0,Reader_3_6.csv
2360,1,0,1,Reader_3_7.csv
2361,11,7,4,Reader_1_1.csv
2361,0,0,0,Reader_1_10.csv
2361,9,9,0,Reader_1_11.csv
2361,0,0,0,Reader_1_12.csv
2361,1,1,0,Reader_1_2.csv
2361,0,0,0,Reader_1_3.csv
2361,0,0,0,Reader_1_4.csv
2361,0,0,0,Reader_1_5.csv
2361,1,1,0,Reader_1_6.csv
2361,0,0,0,Reader_1_7.csv
2361,0,0,0,Reader_1_8.csv
2361,0,0,0,Reader_1_9.csv
2361,0,0,0,Reader_2_1.csv
2361,0,0,0,Reader_2_10.csv
2361,0,0,0,Reader_2_11.csv
2361,1,0,1,Reader_2_12.csv
2361,0,0,0,Reader_2_2.csv
2361,0,0,0,Reader_2_3.csv
2361,0,0,0,Reader_2_4.csv
2361,1,1,0,Reader_2_5.csv
2361,0,0,0,Reader_2_6.csv
2361,0,0,0,Reader_2_7.csv
2361,0,0,0,Reader_2_8.csv
2361,0,0,0,Reader_2_9.csv
2361,10,10,0,reader_3_1.csv
2361,4,4,0,Reader_3_2.csv
2361,6,6,0,Reader_3_3.csv
2361,6,6,0,Reader_3_4.csv
2361,2,2,0,Reader_3_5.csv
2361,1,1,0,Reader_3_6.csv
2361,1,0,1,Reader_3_7.csv
2362,10,7,3,Reader_1_1.csv
2362,0,0,0,Reader_1_10.csv
2362,7,7,0,Reader_1_11.csv
2362,0,0,0,Reader_1_12.csv
2362,1,1,0,Reader_1_2.csv
2362,0,0,0,Reader_1_3.csv
2362,0,0,0,Reader_1_4.csv
2362,0,0,0,Reader_1_5.csv
2362,1,1,0,Reader_1_6.csv
2362,0,0,0,Reader_1_7.csv
2362,0,0,0,Reader_1_8.csv
2362,0,0,0,Reader_1_9.csv
2362,0,0,0,Reader_2_1.csv
2362,0,0,0,Reader_2_10.csv
2362,0,0,0,Reader_2_11.csv
2362,2,1,1,Reader_2_12.csv
2362,0,0,0,Reader_2_2.csv
2362,0,0,0,Reader_2_3.csv
2362,0,0,0,Reader_2_4.csv
2362,1,1,0,Reader_2_5.csv
2362,0,0,0,Reader_2_6.csv
2362,0,0,0,Reader_2_7.csv
2362,0,0,0,Reader_2_8.csv
2362,0,0,0,Reader_2_9.csv
2362,14,12,2,reader_3_1.csv
2362,5,5,0,Reader_3_2.csv
2362,6,5,1,Reader_3_3.csv
2362,6,5,1,Reader_3_4.csv
2362,2,2,0,Reader_3_5.csv
2362,1,1,0,Reader_3_6.csv
2362,1,0,1,Reader_3_7.csv
2363,8,5,3,Reader_1_1.csv
2363,0,0,0,Reader_1_10.csv
2363,7,7,0,Reader_1_11.csv
2363,1,1,0,Reader_1_12.csv
2363,1,1,0,Reader_1_2.csv
2363,0,0,0,Reader_1_3.csv
2363,0,0,0,Reader_1_4.csv
2363,0,0,0,Reader_1_5.csv
2363,0,0,0,Reader_1_6.csv
2363,0,0,0,Reader_1_7.csv
2363,0,0,0,Reader_1_8.csv
2363,0,0,0,Reader_1_9.csv
2363,0,0,0,Reader_2_1.csv
2363,0,0,0,Reader_2_10.csv
2363,0,0,0,Reader_2_11.csv
2363,2,1,1,Reader_2_12.csv
2363,0,0,0,Reader_2_2.csv
2363,0,0,0,Reader_2_3.csv
2363,0,0,0,Reader_2_4.csv
2363,1,1,0,Reader_2_5.csv
2363,0,0,0,Reader_2_6.csv
2363,0,0,0,Reader_2_7.csv
2363,0,0,0,Reader_2_8.csv
2363,0,0,0,Reader_2_9.csv
2363,19,16,3,reader_3_1.csv
2363,5,5,0,Reader_3_2.csv
2363,6,5,1,Reader_3_3.csv
2363,6,5,1,Reader_3_4.csv
2363,4,4,0,Reader_3_5.csv
2363,2,2,0,Reader_3_6.csv
2363,1,0,1,Reader_3_7.csv
2364,5,3,2,Reader_1_1.csv
2364,0,0,0,Reader_1_10.csv
2364,5,5,0,Reader_1_11.csv
2364,2,2,0,Reader_1_12.csv
2364,1,1,0,Reader_1_2.csv
2364,0,0,0,Reader_1_3.csv
2364,0,0,0,Reader_1_4.csv
2364,0,0,0,Reader_1_5.csv
2364,0,0,0,Reader_1_6.csv
2364,0,0,0,Reader_1_7.csv
2364,0,0,0,Reader_1_8.csv
2364,0,0,0,Reader_1_9.csv
2364,0,0,0,Reader_2_1.csv
2364,0,0,0,Reader_2_10.csv
2364,0,0,0,Reader_2_11.csv
2364,1,1,0,Reader_2_12.csv
2364,0,0,0,Reader_2_2.csv
2364,0,0,0,Reader_2_3.csv
2364,0,0,0,Reader_2_4.csv
2364,1,1,0,Reader_2_5.csv
2364,0,0,0,Reader_2_6.csv
2364,0,0,0,Reader_2_7.csv
2364,0,0,0,Reader_2_8.csv
2364,0,0,0,Reader_2_9.csv
2364,21,18,3,reader_3_1.csv
2364,4,4,0,Reader_3_2.csv
2364,3,2,1,Reader_3_3.csv
2364,3,2,1,Reader_3_4.csv
2364,5,5,0,Reader_3_5.csv
2364,2,2,0,Reader_3_6.csv
2364,1,0,1,Reader_3_7.csv
2365,6,4,2,Reader_1_1.csv
2365,0,0,0,Reader_1_10.csv
2365,3,3,0,Reader_1_11.csv
2365,2,2,0,Reader_1_12.csv
2365,1,1,0,Reader_1_2.csv
2365,0,0,0,Reader_1_3.csv
2365,0,0,0,Reader_1_4.csv
2365,0,0,0,Reader_1_5.csv
2365,0,0,0,Reader_1_6.csv
2365,0,0,0,Reader_1_7.csv
2365,0,0,0,Reader_1_8.csv
2365,0,0,0,Reader_1_9.csv
2365,0,0,0,Reader_2_1.csv
2365,0,0,0,Reader_2_10.csv
2365,0,0,0,Reader_2_11.csv
2365,1,1,0,Reader_2_12.csv
2365,0,0,0,Reader_2_2.csv
2365,0,0,0,Reader_2_3.csv
2365,0,0,0,Reader_2_4.csv
2365,1,1,0,Reader_2_5.csv
2365,0,0,0,Reader_2_6.csv
2365,0,0,0,Reader_2_7.csv
2365,0,0,0,Reader_2_8.csv
2365,0,0,0,Reader_2_9.csv
2365,23,20,3,reader_3_1.csv
2365,5,5,0,Reader_3_2.csv
2365,3,2,1,Reader_3_3.csv
2365,3,2,1,Reader_3_4.csv
2365,4,4,0,Reader_3_5.csv
2365,3,3,0,Reader_3_6.csv
2365,1,0,1,Reader_3_7.csv
2366,5,4,1,Reader_1_1.csv
2366,0,0,0,Reader_1_10.csv
2366,2,2,0,Reader_1_11.csv
2366,2,2,0,Reader_1_12.csv
2366,3,1,2,Reader_1_2.csv
2366,0,0,0,Reader_1_3.csv
2366,0,0,0,Reader_1_4.csv
2366,0,0,0,Reader_1_5.csv
2366,0,0,0,Reader_1_6.csv
2366,0,0,0,Reader_1_7.csv
2366,0,0,0,Reader_1_8.csv
2366,0,0,0,Reader_1_9.csv
2366,0,0,0,Reader_2_1.csv
2366,0,0,0,Reader_2_10.csv
2366,0,0,0,Reader_2_11.csv
2366,2,2,0,Reader_2_12.csv
2366,0,0,0,Reader_2_2.csv
2366,0,0,0,Reader_2_3.csv
2366,0,0,0,Reader_2_4.csv
2366,1,1,0,Reader_2_5.csv
2366,0,0,0,Reader_2_6.csv
2366,0,0,0,Reader_2_7.csv
2366,0,0,0,Reader_2_8.csv
2366,0,0,0,Reader_2_9.csv
2366,22,18,4,reader_3_1.csv
2366,5,5,0,Reader_3_2.csv
2366,5,4,1,Reader_3_3.csv
2366,5,4,1,Reader_3_4.csv
2366,5,4,1,Reader_3_5.csv
2366,3,3,0,Reader_3_6.csv
2366,1,0,1,Reader_3_7.csv
2367,5,4,1,Reader_1_1.csv
2367,0,0,0,Reader_1_10.csv
2367,1,1,0,Reader_1_11.csv
2367,2,2,0,Reader_1_12.csv
2367,3,1,2,Reader_1_2.csv
2367,0,0,0,Reader_1_3.csv
2367,0,0,0,Reader_1_4.csv
2367,0,0,0,Reader_1_5.csv
2367,1,1,0,Reader_1_6.csv
2367,0,0,0,Reader_1_7.csv
2367,0,0,0,Reader_1_8.csv
2367,0,0,0,Reader_1_9.csv
2367,0,0,0,Reader_2_1.csv
2367,0,0,0,Reader_2_10.csv
2367,0,0,0,Reader_2_11.csv
2367,2,2,0,Reader_2_12.csv
2367,0,0,0,Reader_2_2.csv
2367,0,0,0,Reader_2_3.csv
2367,0,0,0,Reader_2_4.csv
2367,1,1,0,Reader_2_5.csv
2367,0,0,0,Reader_2_6.csv
2367,0,0,0,Reader_2_7.csv
2367,0,0,0,Reader_2_8.csv
2367,0,0,0,Reader_2_9.csv
2367,22,18,4,reader_3_1.csv
2367,4,4,0,Reader_3_2.csv
2367,5,3,2,Reader_3_3.csv
2367,5,3,2,Reader_3_4.csv
2367,6,5,1,Reader_3_5.csv
2367,3,3,0,Reader_3_6.csv
2367,1,0,1,Reader_3_7.csv
2368,6,5,1,Reader_1_1.csv
2368,0,0,0,Reader_1_10.csv
2368,1,1,0,Reader_1_11.csv
2368,2,2,0,Reader_1_12.csv
2368,3,1,2,Reader_1_2.csv
2368,1,1,0,Reader_1_3.csv
2368,0,0,0,Reader_1_4.csv
2368,0,0,0,Reader_1_5.csv
2368,1,1,0,Reader_1_6.csv
2368,0,0,0,Reader_1_7.csv
2368,0,0,0,Reader_1_8.csv
2368,0,0,0,Reader_1_9.csv
2368,0,0,0,Reader_2_1.csv
2368,0,0,0,Reader_2_10.csv
2368,0,0,0,Reader_2_11.csv
2368,2,2,0,Reader_2_12.csv
2368,0,0,0,Reader_2_2.csv
2368,0,0,0,Reader_2_3.csv
2368,0,0,0,Reader_2_4.csv
2368,0,0,0,Reader_2_5.csv
2368,0,0,0,Reader_2_6.csv
2368,0,0,0,Reader_2_7.csv
2368,0,0,0,Reader_2_8.csv
2368,0,0,0,Reader_2_9.csv
2368,25,21,4,reader_3_1.csv
2368,5,5,0,Reader_3_2.csv
2368,6,4,2,Reader_3_3.csv
2368,6,4,2,Reader_3_4.csv
2368,6,5,1,Reader_3_5.csv
2368,3,3,0,Reader_3_6.csv
2368,1,0,1,Reader_3_7.csv
2369,4,4,0,Reader_1_1.csv
2369,0,0,0,Reader_1_10.csv
2369,0,0,0,Reader_1_11.csv
2369,2,2,0,Reader_1_12.csv
2369,3,1,2,Reader_1_2.csv
2369,2,2,0,Reader_1_3.csv
2369,0,0,0,Reader_1_4.csv
2369,0,0,0,Reader_1_5.csv
2369,1,1,0,Reader_1_6.csv
2369,0,0,0,Reader_1_7.csv
2369,0,0,0,Reader_1_8.csv
2369,0,0,0,Reader_1_9.csv
2369,0,0,0,Reader_2_1.csv
2369,0,0,0,Reader_2_10.csv
2369,0,0,0,Reader_2_11.csv
2369,2,2,0,Reader_2_12.csv
2369,0,0,0,Reader_2_2.csv
2369,0,0,0,Reader_2_3.csv
2369,0,0,0,Reader_2_4.csv
2369,0,0,0,Reader_2_5.csv
2369,1,0,1,Reader_2_6.csv
2369,0,0,0,Reader_2_7.csv
2369,0,0,0,Reader_2_8.csv
2369,0,0,0,Reader_2_9.csv
2369,22,18,4,reader_3_1.csv
2369,5,5,0,Reader_3_2.csv
2369,8,6,2,Reader_3_3.csv
2369,8,6,2,Reader_3_4.csv
2369,6,5,1,Reader_3_5.csv
2369,3,3,0,Reader_3_6.csv
2369,1,0,1,Reader_3_7.csv
2370,4,4,0,Reader_1_1.csv
2370,0,0,0,Reader_1_10.csv
2370,1,1,0,Reader_1_11.csv
2370,2,2,0,Reader_1_12.csv
2370,3,1,2,Reader_1_2.csv
2370,2,2,0,Reader_1_3.csv
2370,0,0,0,Reader_1_4.csv
2370,0,0,0,Reader_1_5.csv
2370,1,1,0,Reader_1_6.csv
2370,0,0,0,Reader_1_7.csv
2370,0,0,0,Reader_1_8.csv
2370,0,0,0,Reader_1_9.csv
2370,0,0,0,Reader_2_1.csv
2370,0,0,0,Reader_2_10.csv
2370,0,0,0,Reader_2_11.csv
2370,2,2,0,Reader_2_12.csv
2370,0,0,0,Reader_2_2.csv
2370,0,0,0,Reader_2_3.csv
2370,0,0,0,Reader_2_4.csv
2370,0,0,0,Reader_2_5.csv
2370,1,0,1,Reader_2_6.csv
2370,0,0,0,Reader_2_7.csv
2370,0,0,0,Reader_2_8.csv
2370,0,0,0,Reader_2_9.csv
2370,22,19,3,reader_3_1.csv
2370,4,4,0,Reader_3_2.csv
2370,8,6,2,Reader_3_3.csv
2370,8,6,2,Reader_3_4.csv
2370,6,5,1,Reader_3_5.csv
2370,5,5,0,Reader_3_6.csv
2370,1,0,1,Reader_3_7.csv
2371,3,3,0,Reader_1_1.csv
2371,0,0,0,Reader_1_10.csv
2371,1,1,0,Reader_1_11.csv
2371,1,1,0,Reader_1_12.csv
2371,3,1,2,Reader_1_2.csv
2371,2,2,0,Reader_1_3.csv
2371,0,0,0,Reader_1_4.csv
2371,0,0,0,Reader_1_5.csv
2371,1,1,0,Reader_1_6.csv
2371,0,0,0,Reader_1_7.csv
2371,0,0,0,Reader_1_8.csv
2371,0,0,0,Reader_1_9.csv
2371,0,0,0,Reader_2_1.csv
2371,0,0,0,Reader_2_10.csv
2371,0,0,0,Reader_2_11.csv
2371,2,2,0,Reader_2_12.csv
2371,0,0,0,Reader_2_2.csv
2371,0,0,0,Reader_2_3.csv
2371,0,0,0,Reader_2_4.csv
2371,0,0,0,Reader_2_5.csv
2371,1,0,1,Reader_2_6.csv
2371,0,0,0,Reader_2_7.csv
2371,0,0,0,Reader_2_8.csv
2371,0,0,0,Reader_2_9.csv
2371,19,16,3,reader_3_1.csv
2371,6,5,1,Reader_3_2.csv
2371,8,6,2,Reader_3_3.csv
2371,8,6,2,Reader_3_4.csv
2371,4,3,1,Reader_3_5.csv
2371,5,5,0,Reader_3_6.csv
2371,1,0,1,Reader_3_7.csv
2372,3,3,0,Reader_1_1.csv
2372,0,0,0,Reader_1_10.csv
2372,1,1,0,Reader_1_11.csv
2372,0,0,0,Reader_1_12.csv
2372,2,0,2,Reader_1_2.csv
2372,2,2,0,Reader_1_3.csv
2372,0,0,0,Reader_1_4.csv
2372,0,0,0,Reader_1_5.csv
2372,3,3,0,Reader_1_6.csv
2372,0,0,0,Reader_1_7.csv
2372,0,0,0,Reader_1_8.csv
2372,0,0,0,Reader_1_9.csv
2372,0,0,0,Reader_2_1.csv
2372,0,0,0,Reader_2_10.csv
2372,0,0,0,Reader_2_11.csv
2372,4,4,0,Reader_2_12.csv
2372,0,0,0,Reader_2_2.csv
2372,0,0,0,Reader_2_3.csv
2372,0,0,0,Reader_2_4.csv
2372,0,0,0,Reader_2_5.csv
2372,1,0,1,Reader_2_6.csv
2372,0,0,0,Reader_2_7.csv
2372,0,0,0,Reader_2_8.csv
2372,0,0,0,Reader_2_9.csv
2372,22,18,4,reader_3_1.csv
2372,6,5,1,Reader_3_2.csv
2372,12,10,2,Reader_3_3.csv
2372,12,10,2,Reader_3_4.csv
2372,3,2,1,Reader_3_5.csv
2372,6,6,0,Reader_3_6.csv
2372,0,0,0,Reader_3_7.csv
2373,2,2,0,Reader_1_1.csv
2373,0,0,0,Reader_1_10.csv
2373,1,1,0,Reader_1_11.csv
2373,0,0,0,Reader_1_12.csv
2373,2,0,2,Reader_1_2.csv
2373,2,2,0,Reader_1_3.csv
2373,0,0,0,Reader_1_4.csv
2373,0,0,0,Reader_1_5.csv
2373,3,3,0,Reader_1_6.csv
2373,0,0,0,Reader_1_7.csv
2373,0,0,0,Reader_1_8.csv
2373,0,0,0,Reader_1_9.csv
2373,0,0,0,Reader_2_1.csv
2373,0,0,0,Reader_2_10.csv
2373,0,0,0,Reader_2_11.csv
2373,5,5,0,Reader_2_12.csv
2373,1,1,0,Reader_2_2.csv
2373,0,0,0,Reader_2_3.csv
2373,0,0,0,Reader_2_4.csv
2373,0,0,0,Reader_2_5.csv
2373,1,0,1,Reader_2_6.csv
2373,0,0,0,Reader_2_7.csv
2373,0,0,0,Reader_2_8.csv
2373,0,0,0,Reader_2_9.csv
2373,21,15,6,reader_3_1.csv
2373,5,4,1,Reader_3_2.csv
2373,16,13,3,Reader_3_3.csv
2373,16,13,3,Reader_3_4.csv
2373,3,2,1,Reader_3_5.csv
2373,5,5,0,Reader_3_6.csv
2373,0,0,0,Reader_3_7.csv
2374,2,2,0,Reader_1_1.csv
2374,0,0,0,Reader_1_10.csv
2374,1,1,0,Reader_1_11.csv
2374,0,0,0,Reader_1_12.csv
2374,0,0,0,Reader_1_2.csv
2374,3,3,0,Reader_1_3.csv
2374,0,0,0,Reader_1_4.csv
2374,0,0,0,Reader_1_5.csv
2374,3,3,0,Reader_1_6.csv
2374,0,0,0,Reader_1_7.csv
2374,0,0,0,Reader_1_8.csv
2374,0,0,0,Reader_1_9.csv
2374,0,0,0,Reader_2_1.csv
2374,0,0,0,Reader_2_10.csv
2374,0,0,0,Reader_2_11.csv
2374,5,4,1,Reader_2_12.csv
2374,1,1,0,Reader_2_2.csv
2374,0,0,0,Reader_2_3.csv
2374,0,0,0,Reader_2_4.csv
2374,0,0,0,Reader_2_5.csv
2374,2,1,1,Reader_2_6.csv
2374,0,0,0,Reader_2_7.csv
2374,0,0,0,Reader_2_8.csv
2374,0,0,0,Reader_2_9.csv
2374,22,16,6,reader_3_1.csv
2374,5,4,1,Reader_3_2.csv
2374,15,12,3,Reader_3_3.csv
2374,15,12,3,Reader_3_4.csv
2374,1,1,0,Reader_3_5.csv
2374,7,6,1,Reader_3_6.csv
2374,0,0,0,Reader_3_7.csv
2375,2,2,0,Reader_1_1.csv
2375,0,0,0,Reader_1_10.csv
2375,1,1,0,Reader_1_11.csv
2375,0,0,0,Reader_1_12.csv
2375,0,0,0,Reader_1_2.csv
2375,3,3,0,Reader_1_3.csv
2375,0,0,0,Reader_1_4.csv
2375,0,0,0,Reader_1_5.csv
2375,2,2,0,Reader_1_6.csv
2375,0,0,0,Reader_1_7.csv
2375,0,0,0,Reader_1_8.csv
2375,1,1,0,Reader_1_9.csv
2375,0,0,0,Reader_2_1.csv
2375,0,0,0,Reader_2_10.csv
2375,0,0,0,Reader_2_11.csv
2375,5,4,1,Reader_2_12.csv
2375,1,1,0,Reader_2_2.csv
2375,0,0,0,Reader_2_3.csv
2375,0,0,0,Reader_2_4.csv
2375,0,0,0,Reader_2_5.csv
2375,2,1,1,Reader_2_6.csv
2375,0,0,0,Reader_2_7.csv
2375,0,0,0,Reader_2_8.csv
2375,0,0,0,Reader_2_9.csv
2375,26,18,8,reader_3_1.csv
2375,6,5,1,Reader_3_2.csv
2375,15,13,2,Reader_3_3.csv
2375,15,13,2,Reader_3_4.csv
2375,0,0,0,Reader_3_5.csv
2375,11,10,1,Reader_3_6.csv
2375,0,0,0,Reader_3_7.csv
2376,1,1,0,Reader_1_1.csv
2376,0,0,0,Reader_1_10.csv
2376,2,2,0,Reader_1_11.csv
2376,0,0,0,Reader_1_12.csv
2376,0,0,0,Reader_1_2.csv
2376,2,2,0,Reader_1_3.csv
2376,0,0,0,Reader_1_4.csv
2376,0,0,0,Reader_1_5.csv
2376,2,2,0,Reader_1_6.csv
2376,0,0,0,Reader_1_7.csv
2376,0,0,0,Reader_1_8.csv
2376,1,1,0,Reader_1_9.csv
2376,0,0,0,Reader_2_1.csv
2376,0,0,0,Reader_2_10.csv
2376,0,0,0,Reader_2_11.csv
2376,7,6,1,Reader_2_12.csv
2376,1,1,0,Reader_2_2.csv
2376,0,0,0,Reader_2_3.csv
2376,0,0,0,Reader_2_4.csv
2376,0,0,0,Reader_2_5.csv
2376,2,1,1,Reader_2_6.csv
2376,0,0,0,Reader_2_7.csv
2376,0,0,0,Reader_2_8.csv
2376,0,0,0,Reader_2_9.csv
2376,26,17,9,reader_3_1.csv
2376,6,5,1,Reader_3_2.csv
2376,17,14,3,Reader_3_3.csv
2376,17,14,3,Reader_3_4.csv
2376,0,0,0,Reader_3_5.csv
2376,11,10,1,Reader_3_6.csv
2376,0,0,0,Reader_3_7.csv
2377,1,1,0,Reader_1_1.csv
2377,0,0,0,Reader_1_10.csv
2377,3,3,0,Reader_1_11.csv
2377,0,0,0,Reader_1_12.csv
2377,1,1,0,Reader_1_2.csv
2377,2,2,0,Reader_1_3.csv
2377,0,0,0,Reader_1_4.csv
2377,0,0,0,Reader_1_5.csv
2377,3,3,0,Reader_1_6.csv
2377,0,0,0,Reader_1_7.csv
2377,0,0,0,Reader_1_8.csv
2377,1,1,0,Reader_1_9.csv
2377,0,0,0,Reader_2_1.csv
2377,0,0,0,Reader_2_10.csv
2377,0,0,0,Reader_2_11.csv
2377,7,6,1,Reader_2_12.csv
2377,1,1,0,Reader_2_2.csv
2377,0,0,0,Reader_2_3.csv
2377,0,0,0,Reader_2_4.csv
2377,0,0,0,Reader_2_5.csv
2377,1,1,0,Reader_2_6.csv
2377,0,0,0,Reader_2_7.csv
2377,0,0,0,Reader_2_8.csv
2377,0,0,0,Reader_2_9.csv
2377,29,19,10,reader_3_1.csv
2377,7,6,1,Reader_3_2.csv
2377,16,13,3,Reader_3_3.csv
2377,16,13,3,Reader_3_4.csv
2377,0,0,0,Reader_3_5.csv
2377,11,10,1,Reader_3_6.csv
2377,0,0,0,Reader_3_7.csv
2378,2,2,0,Reader_1_1.csv
2378,0,0,0,Reader_1_10.csv
2378,2,2,0,Reader_1_11.csv
2378,0,0,0,Reader_1_12.csv
2378,2,2,0,Reader_1_2.csv
2378,2,2,0,Reader_1_3.csv
2378,0,0,0,Reader_1_4.csv
2378,0,0,0,Reader_1_5.csv
2378,3,3,0,Reader_1_6.csv
2378,1,0,1,Reader_1_7.csv
2378,0,0,0,Reader_1_8.csv
2378,1,1,0,Reader_1_9.csv
2378,0,0,0,Reader_2_1.csv
2378,0,0,0,Reader_2_10.csv
2378,0,0,0,Reader_2_11.csv
2378,7,6,1,Reader_2_12.csv
2378,1,1,0,Reader_2_2.csv
2378,0,0,0,Reader_2_3.csv
2378,0,0,0,Reader_2_4.csv
2378,0,0,0,Reader_2_5.csv
2378,1,1,0,Reader_2_6.csv
2378,0,0,0,Reader_2_7.csv
2378,0,0,0,Reader_2_8.csv
2378,0,0,0,Reader_2_9.csv
2378,35,26,9,reader_3_1.csv
2378,8,6,2,Reader_3_2.csv
2378,17,12,5,Reader_3_3.csv
2378,17,12,5,Reader_3_4.csv
2378,0,0,0,Reader_3_5.csv
2378,9,8,1,Reader_3_6.csv
2378,1,1,0,Reader_3_7.csv
2379,2,2,0,Reader_1_1.csv
2379,0,0,0,Reader_1_10.csv
2379,2,2,0,Reader_1_11.csv
2379,0,0,0,Reader_1_12.csv
2379,3,3,0,Reader_1_2.csv
2379,2,2,0,Reader_1_3.csv
2379,0,0,0,Reader_1_4.csv
2379,0,0,0,Reader_1_5.csv
2379,3,3,0,Reader_1_6.csv
2379,1,0,1,Reader_1_7.csv
2379,0,0,0,Reader_1_8.csv
2379,2,2,0,Reader_1_9.csv
2379,0,0,0,Reader_2_1.csv
2379,0,0,0,Reader_2_10.csv
2379,0,0,0,Reader_2_11.csv
2379,7,6,1,Reader_2_12.csv
2379,1,1,0,Reader_2_2.csv
2379,0,0,0,Reader_2_3.csv
2379,0,0,0,Reader_2_4.csv
2379,1,1,0,Reader_2_5.csv
2379,1,1,0,Reader_2_6.csv
2379,0,0,0,Reader_2_7.csv
2379,0,0,0,Reader_2_8.csv
2379,0,0,0,Reader_2_9.csv
2379,38,29,9,reader_3_1.csv
2379,5,4,1,Reader_3_2.csv
2379,18,13,5,Reader_3_3.csv
2379,18,13,5,Reader_3_4.csv
2379,0,0,0,Reader_3_5.csv
2379,8,7,1,Reader_3_6.csv
2379,2,2,0,Reader_3_7.csv
2380,2,2,0,Reader_1_1.csv
2380,0,0,0,Reader_1_10.csv
2380,2,2,0,Reader_1_11.csv
2380,0,0,0,Reader_1_12.csv
2380,3,3,0,Reader_1_2.csv
2380,2,2,0,Reader_1_3.csv
2380,0,0,0,Reader_1_4.csv
2380,0,0,0,Reader_1_5.csv
2380,1,1,0,Reader_1_6.csv
2380,2,1,1,Reader_1_7.csv
2380,0,0,0,Reader_1_8.csv
2380,2,2,0,Reader_1_9.csv
2380,1,0,1,Reader_2_1.csv
2380,1,1,0,Reader_2_10.csv
2380,0,0,0,Reader_2_11.csv
2380,5,4,1,Reader_2_12.csv
2380,1,1,0,Reader_2_2.csv
2380,0,0,0,Reader_2_3.csv
2380,0,0,0,Reader_2_4.csv
2380,1,1,0,Reader_2_5.csv
2380,1,1,0,Reader_2_6.csv
2380,0,0,0,Reader_2_7.csv
2380,0,0,0,Reader_2_8.csv
2380,0,0,0,Reader_2_9.csv
2380,36,28,8,reader_3_1.csv
2380,5,4,1,Reader_3_2.csv
2380,16,11,5,Reader_3_3.csv
2380,16,11,5,Reader_3_4.csv
2380,0,0,0,Reader_3_5.csv
2380,9,7,2,Reader_3_6.csv
2380,2,2,0,Reader_3_7.csv
2381,3,3,0,Reader_1_1.csv
2381,0,0,0,Reader_1_10.csv
2381,2,2,0,Reader_1_11.csv
2381,0,0,0,Reader_1_12.csv
2381,4,4,0,Reader_1_2.csv
2381,2,2,0,Reader_1_3.csv
2381,0,0,0,Reader_1_4.csv
2381,0,0,0,Reader_1_5.csv
2381,1,1,0,Reader_1_6.csv
2381,2,1,1,Reader_1_7.csv
2381,0,0,0,Reader_1_8.csv
2381,4,3,1,Reader_1_9.csv
2381,1,0,1,Reader_2_1.csv
2381,1,1,0,Reader_2_10.csv
2381,0,0,0,Reader_2_11.csv
2381,4,3,1,Reader_2_12.csv
2381,0,0,0,Reader_2_2.csv
2381,0,0,0,Reader_2_3.csv
2381,0,0,0,Reader_2_4.csv
2381,2,2,0,Reader_2_5.csv
2381,1,1,0,Reader_2_6.csv
2381,0,0,0,Reader_2_7.csv
2381,0,0,0,Reader_2_8.csv
2381,0,0,0,Reader_2_9.csv
2381,34,28,6,reader_3_1.csv
2381,5,4,1,Reader_3_2.csv
2381,16,12,4,Reader_3_3.csv
2381,16,12,4,Reader_3_4.csv
2381,1,1,0,Reader_3_5.csv
2381,9,7,2,Reader_3_6.csv
2381,3,3,0,Reader_3_7.csv
2382,4,4,0,Reader_1_1.csv
2382,0,0,0,Reader_1_10.csv
2382,2,2,0,Reader_1_11.csv
2382,0,0,0,Reader_1_12.csv
2382,4,4,0,Reader_1_2.csv
2382,1,1,0,Reader_1_3.csv
2382,0,0,0,Reader_1_4.csv
2382,0,0,0,Reader_1_5.csv
2382,2,2,0,Reader_1_6.csv
2382,2,1,1,Reader_1_7.csv
2382,0,0,0,Reader_1_8.csv
2382,4,3,1,Reader_1_9.csv
2382,1,0,1,Reader_2_1.csv
2382,1,1,0,Reader_2_10.csv
2382,0,0,0,Reader_2_11.csv
2382,3,3,0,Reader_2_12.csv
2382,0,0,0,Reader_2_2.csv
2382,1,1,0,Reader_2_3.csv
2382,0,0,0,Reader_2_4.csv
2382,2,2,0,Reader_2_5.csv
2382,0,0,0,Reader_2_6.csv
2382,0,0,0,Reader_2_7.csv
2382,0,0,0,Reader_2_8.csv
2382,0,0,0,Reader_2_9.csv
2382,34,29,5,reader_3_1.csv
2382,5,4,1,Reader_3_2.csv
2382,17,13,4,Reader_3_3.csv
2382,17,13,4,Reader_3_4.csv
2382,1,1,0,Reader_3_5.csv
2382,8,7,1,Reader_3_6.csv
2382,6,6,0,Reader_3_7.csv
2383,4,4,0,Reader_1_1.csv
2383,0,0,0,Reader_1_10.csv
2383,2,2,0,Reader_1_11.csv
2383,0,0,0,Reader_1_12.csv
2383,4,4,0,Reader_1_2.csv
2383,1,1,0,Reader_1_3.csv
2383,0,0,0,Reader_1_4.csv
2383,0,0,0,Reader_1_5.csv
2383,2,2,0,Reader_1_6.csv
2383,2,1,1,Reader_1_7.csv
2383,0,0,0,Reader_1_8.csv
2383,3,2,1,Reader_1_9.csv
2383,1,0,1,Reader_2_1.csv
2383,1,1,0,Reader_2_10.csv
2383,0,0,0,Reader_2_11.csv
2383,3,3,0,Reader_2_12.csv
2383,0,0,0,Reader_2_2.csv
2383,1,1,0,Reader_2_3.csv
2383,0,0,0,Reader_2_4.csv
2383,2,2,0,Reader_2_5.csv
2383,0,0,0,Reader_2_6.csv
2383,0,0,0,Reader_2_7.csv
2383,0,0,0,Reader_2_8.csv
2383,0,0,0,Reader_2_9.csv
2383,32,29,3,reader_3_1.csv
2383,4,3,1,Reader_3_2.csv
2383,19,12,7,Reader_3_3.csv
2383,19,12,7,Reader_3_4.csv
2383,1,1,0,Reader_3_5.csv
2383,5,4,1,Reader_3_6.csv
2383,8,8,0,Reader_3_7.csv
2384,4,4,0,Reader_1_1.csv
2384,0,0,0,Reader_1_10.csv
2384,1,1,0,Reader_1_11.csv
2384,0,0,0,Reader_1_12.csv
2384,4,4,0,Reader_1_2.csv
2384,1,1,0,Reader_1_3.csv
2384,0,0,0,Reader_1_4.csv
2384,0,0,0,Reader_1_5.csv
2384,3,3,0,Reader_1_6.csv
2384,2,1,1,Reader_1_7.csv
2384,0,0,0,Reader_1_8.csv
2384,4,3,1,Reader_1_9.csv
2384,1,0,1,Reader_2_1.csv
2384,1,1,0,Reader_2_10.csv
2384,0,0,0,Reader_2_11.csv
2384,1,1,0,Reader_2_12.csv
2384,0,0,0,Reader_2_2.csv
2384,1,1,0,Reader_2_3.csv
2384,1,1,0,Reader_2_4.csv
2384,2,2,0,Reader_2_5.csv
2384,0,0,0,Reader_2_6.csv
2384,0,0,0,Reader_2_7.csv
2384,0,0,0,Reader_2_8.csv
2384,0,0,0,Reader_2_9.csv
2384,31,28,3,reader_3_1.csv
2384,3,2,1,Reader_3_2.csv
2384,19,13,6,Reader_3_3.csv
2384,19,13,6,Reader_3_4.csv
2384,1,1,0,Reader_3_5.csv
2384,5,4,1,Reader_3_6.csv
2384,11,11,0,Reader_3_7.csv
2385,6,5,1,Reader_1_1.csv
2385,0,0,0,Reader_1_10.csv
2385,1,1,0,Reader_1_11.csv
2385,0,0,0,Reader_1_12.csv
2385,3,3,0,Reader_1_2.csv
2385,0,0,0,Reader_1_3.csv
2385,0,0,0,Reader_1_4.csv
2385,0,0,0,Reader_1_5.csv
2385,2,2,0,Reader_1_6.csv
2385,2,1,1,Reader_1_7.csv
2385,0,0,0,Reader_1_8.csv
2385,4,3,1,Reader_1_9.csv
2385,1,0,1,Reader_2_1.csv
2385,1,1,0,Reader_2_10.csv
2385,0,0,0,Reader_2_11.csv
2385,1,1,0,Reader_2_12.csv
2385,0,0,0,Reader_2_2.csv
2385,1,1,0,Reader_2_3.csv
2385,1,1,0,Reader_2_4.csv
2385,2,2,0,Reader_2_5.csv
2385,0,0,0,Reader_2_6.csv
2385,0,0,0,Reader_2_7.csv
2385,0,0,0,Reader_2_8.csv
2385,0,0,0,Reader_2_9.csv
2385,32,30,2,reader_3_1.csv
2385,3,2,1,Reader_3_2.csv
2385,21,15,6,Reader_3_3.csv
2385,21,15,6,Reader_3_4.csv
2385,1,1,0,Reader_3_5.csv
2385,4,3,1,Reader_3_6.csv
2385,11,11,0,Reader_3_7.csv
2386,6,5,1,Reader_1_1.csv
2386,0,0,0,Reader_1_10.csv
2386,3,3,0,Reader_1_11.csv
2386,0,0,0,Reader_1_12.csv
2386,2,2,0,Reader_1_2.csv
2386,0,0,0,Reader_1_3.csv
2386,0,0,0,Reader_1_4.csv
2386,0,0,0,Reader_1_5.csv
2386,2,2,0,Reader_1_6.csv
2386,1,1,0,Reader_1_7.csv
2386,0,0,0,Reader_1_8.csv
2386,4,3,1,Reader_1_9.csv
2386,1,0,1,Reader_2_1.csv
2386,1,1,0,Reader_2_10.csv
2386,0,0,0,Reader_2_11.csv
2386,0,0,0,Reader_2_12.csv
2386,0,0,0,Reader_2_2.csv
2386,1,1,0,Reader_2_3.csv
2386,1,1,0,Reader_2_4.csv
2386,2,2,0,Reader_2_5.csv
2386,0,0,0,Reader_2_6.csv
2386,0,0,0,Reader_2_7.csv
2386,0,0,0,Reader_2_8.csv
2386,0,0,0,Reader_2_9.csv
2386,25,22,3,reader_3_1.csv
2386,2,1,1,Reader_3_2.csv
2386,20,17,3,Reader_3_3.csv
2386,20,17,3,Reader_3_4.csv
2386,2,2,0,Reader_3_5.csv
2386,6,5,1,Reader_3_6.csv
2386,11,11,0,Reader_3_7.csv
2387,6,5,1,Reader_1_1.csv
2387,0,0,0,Reader_1_10.csv
2387,3,3,0,Reader_1_11.csv
2387,0,0,0,Reader_1_12.csv
2387,1,1,0,Reader_1_2.csv
2387,0,0,0,Reader_1_3.csv
2387,0,0,0,Reader_1_4.csv
2387,0,0,0,Reader_1_5.csv
2387,3,3,0,Reader_1_6.csv
2387,3,3,0,Reader_1_7.csv
2387,0,0,0,Reader_1_8.csv
2387,3,2,1,Reader_1_9.csv
2387,1,0,1,Reader_2_1.csv
2387,1,1,0,Reader_2_10.csv
2387,0,0,0,Reader_2_11.csv
2387,0,0,0,Reader_2_12.csv
2387,0,0,0,Reader_2_2.csv
2387,1,1,0,Reader_2_3.csv
2387,1,1,0,Reader_2_4.csv
2387,1,1,0,Reader_2_5.csv
2387,0,0,0,Reader_2_6.csv
2387,0,0,0,Reader_2_7.csv
2387,0,0,0,Reader_2_8.csv
2387,0,0,0,Reader_2_9.csv
2387,22,20,2,reader_3_1.csv
2387,2,1,1,Reader_3_2.csv
2387,20,17,3,Reader_3_3.csv
2387,20,17,3,Reader_3_4.csv
2387,2,2,0,Reader_3_5.csv
2387,6,5,1,Reader_3_6.csv
2387,11,11,0,Reader_3_7.csv
2388,8,7,1,Reader_1_1.csv
2388,0,0,0,Reader_1_10.csv
2388,3,3,0,Reader_1_11.csv
2388,0,0,0,Reader_1_12.csv
2388,1,1,0,Reader_1_2.csv
2388,0,0,0,Reader_1_3.csv
2388,0,0,0,Reader_1_4.csv
2388,0,0,0,Reader_1_5.csv
2388,3,3,0,Reader_1_6.csv
2388,2,2,0,Reader_1_7.csv
2388,0,0,0,Reader_1_8.csv
2388,3,2,1,Reader_1_9.csv
2388,0,0,0,Reader_2_1.csv
2388,0,0,0,Reader_2_10.csv
2388,0,0,0,Reader_2_11.csv
2388,0,0,0,Reader_2_12.csv
2388,0,0,0,Reader_2_2.csv
2388,1,1,0,Reader_2_3.csv
2388,1,1,0,Reader_2_4.csv
2388,1,1,0,Reader_2_5.csv
2388,0,0,0,Reader_2_6.csv
2388,0,0,0,Reader_2_7.csv
2388,0,0,0,Reader_2_8.csv
2388,0,0,0,Reader_2_9.csv
2388,21,19,2,reader_3_1.csv
2388,2,1,1,Reader_3_2.csv
2388,20,17,3,Reader_3_3.csv
2388,20,17,3,Reader_3_4.csv
2388,2,2,0,Reader_3_5.csv
2388,4,4,0,Reader_3_6.csv
2388,11,11,0,Reader_3_7.csv
2389,9,8,1,Reader_1_1.csv
2389,0,0,0,Reader_1_10.csv
2389,4,4,0,Reader_1_11.csv
2389,0,0,0,Reader_1_12.csv
2389,1,1,0,Reader_1_2.csv
2389,0,0,0,Reader_1_3.csv
2389,0,0,0,Reader_1_4.csv
2389,0,0,0,Reader_1_5.csv
2389,3,3,0,Reader_1_6.csv
2389,2,2,0,Reader_1_7.csv
2389,0,0,0,Reader_1_8.csv
2389,1,1,0,Reader_1_9.csv
2389,0,0,0,Reader_2_1.csv
2389,0,0,0,Reader_2_10.csv
2389,0,0,0,Reader_2_11.csv
2389,0,0,0,Reader_2_12.csv
2389,0,0,0,Reader_2_2.csv
2389,1,1,0,Reader_2_3.csv
2389,1,1,0,Reader_2_4.csv
2389,0,0,0,Reader_2_5.csv
2389,0,0,0,Reader_2_6.csv
2389,0,0,0,Reader_2_7.csv
2389,0,0,0,Reader_2_8.csv
2389,0,0,0,Reader_2_9.csv
2389,22,20,2,reader_3_1.csv
2389,4,3,1,Reader_3_2.csv
2389,16,13,3,Reader_3_3.csv
2389,16,13,3,Reader_3_4.csv
2389,2,2,0,Reader_3_5.csv
2389,9,8,1,Reader_3_6.csv
2389,10,10,0,Reader_3_7.csv
2390,8,7,1,Reader_1_1.csv
2390,0,0,0,Reader_1_10.csv
2390,4,4,0,Reader_1_11.csv
2390,0,0,0,Reader_1_12.csv
2390,1,1,0,Reader_1_2.csv
2390,0,0,0,Reader_1_3.csv
2390,0,0,0,Reader_1_4.csv
2390,0,0,0,Reader_1_5.csv
2390,2,2,0,Reader_1_6.csv
2390,2,2,0,Reader_1_7.csv
2390,0,0,0,Reader_1_8.csv
2390,2,2,0,Reader_1_9.csv
2390,0,0,0,Reader_2_1.csv
2390,0,0,0,Reader_2_10.csv
2390,0,0,0,Reader_2_11.csv
2390,0,0,0,Reader_2_12.csv
2390,0,0,0,Reader_2_2.csv
2390,0,0,0,Reader_2_3.csv
2390,1,1,0,Reader_2_4.csv
2390,0,0,0,Reader_2_5.csv
2390,0,0,0,Reader_2_6.csv
2390,0,0,0,Reader_2_7.csv
2390,0,0,0,Reader_2_8.csv
2390,0,0,0,Reader_2_9.csv
2390,19,17,2,reader_3_1.csv
2390,4,3,1,Reader_3_2.csv
2390,14,11,3,Reader_3_3.csv
2390,14,11,3,Reader_3_4.csv
2390,3,2,1,Reader_3_5.csv
2390,10,9,1,Reader_3_6.csv
2390,8,8,0,Reader_3_7.csv
2391,7,6,1,Reader_1_1.csv
2391,0,0,0,Reader_1_10.csv
2391,4,4,0,Reader_1_11.csv
2391,0,0,0,Reader_1_12.csv
2391,2,2,0,Reader_1_2.csv
2391,0,0,0,Reader_1_3.csv
2391,0,0,0,Reader_1_4.csv
2391,0,0,0,Reader_1_5.csv
2391,3,3,0,Reader_1_6.csv
2391,2,2,0,Reader_1_7.csv
2391,1,1,0,Reader_1_8.csv
2391,2,2,0,Reader_1_9.csv
2391,0,0,0,Reader_2_1.csv
2391,0,0,0,Reader_2_10.csv
2391,0,0,0,Reader_2_11.csv
2391,0,0,0,Reader_2_12.csv
2391,0,0,0,Reader_2_2.csv
2391,0,0,0,Reader_2_3.csv
2391,1,1,0,Reader_2_4.csv
2391,0,0,0,Reader_2_5.csv
2391,0,0,0,Reader_2_6.csv
2391,0,0,0,Reader_2_7.csv
2391,0,0,0,Reader_2_8.csv
2391,0,0,0,Reader_2_9.csv
2391,17,15,2,reader_3_1.csv
2391,4,3,1,Reader_3_2.csv
2391,12,12,0,Reader_3_3.csv
2391,12,12,0,Reader_3_4.csv
2391,5,3,2,Reader_3_5.csv
2391,11,10,1,Reader_3_6.csv
2391,6,6,0,Reader_3_7.csv
2392,8,6,2,Reader_1_1.csv
2392,0,0,0,Reader_1_10.csv
2392,4,4,0,Reader_1_11.csv
2392,1,1,0,Reader_1_12.csv
2392,3,3,0,Reader_1_2.csv
2392,0,0,0,Reader_1_3.csv
2392,0,0,0,Reader_1_4.csv
2392,0,0,0,Reader_1_5.csv
2392,4,4,0,Reader_1_6.csv
2392,2,2,0,Reader_1_7.csv
2392,1,1,0,Reader_1_8.csv
2392,1,1,0,Reader_1_9.csv
2392,0,0,0,Reader_2_1.csv
2392,0,0,0,Reader_2_10.csv
2392,0,0,0,Reader_2_11.csv
2392,2,1,1,Reader_2_12.csv
2392,1,1,0,Reader_2_2.csv
2392,0,0,0,Reader_2_3.csv
2392,0,0,0,Reader_2_4.csv
2392,0,0,0,Reader_2_5.csv
2392,0,0,0,Reader_2_6.csv
2392,0,0,0,Reader_2_7.csv
2392,0,0,0,Reader_2_8.csv
2392,0,0,0,Reader_2_9.csv
2392,15,14,1,reader_3_1.csv
2392,4,3,1,Reader_3_2.csv
2392,12,11,1,Reader_3_3.csv
2392,12,11,1,Reader_3_4.csv
2392,5,3,2,Reader_3_5.csv
2392,12,10,2,Reader_3_6.csv
2392,3,3,0,Reader_3_7.csv
2393,7,5,2,Reader_1_1.csv
2393,0,0,0,Reader_1_10.csv
2393,3,3,0,Reader_1_11.csv
2393,1,1,0,Reader_1_12.csv
2393,3,3,0,Reader_1_2.csv
2393,0,0,0,Reader_1_3.csv
2393,0,0,0,Reader_1_4.csv
2393,0,0,0,Reader_1_5.csv
2393,4,4,0,Reader_1_6.csv
2393,2,2,0,Reader_1_7.csv
2393,1,1,0,Reader_1_8.csv
2393,1,1,0,Reader_1_9.csv
2393,0,0,0,Reader_2_1.csv
2393,0,0,0,Reader_2_10.csv
2393,0,0,0,Reader_2_11.csv
2393,2,1,1,Reader_2_12.csv
2393,2,2,0,Reader_2_2.csv
2393,0,0,0,Reader_2_3.csv
2393,0,0,0,Reader_2_4.csv
2393,0,0,0,Reader_2_5.csv
2393,0,0,0,Reader_2_6.csv
2393,0,0,0,Reader_2_7.csv
2393,0,0,0,Reader_2_8.csv
2393,0,0,0,Reader_2_9.csv
2393,11,10,1,reader_3_1.csv
2393,3,2,1,Reader_3_2.csv
2393,12,10,2,Reader_3_3.csv
2393,12,10,2,Reader_3_4.csv
2393,6,4,2,Reader_3_5.csv
2393,13,11,2,Reader_3_6.csv
2393,3,3,0,Reader_3_7.csv
2394,8,6,2,Reader_1_1.csv
2394,0,0,0,Reader_1_10.csv
2394,1,1,0,Reader_1_11.csv
2394,1,1,0,Reader_1_12.csv
2394,4,4,0,Reader_1_2.csv
2394,0,0,0,Reader_1_3.csv
2394,0,0,0,Reader_1_4.csv
2394,0,0,0,Reader_1_5.csv
2394,5,5,0,Reader_1_6.csv
2394,2,2,0,Reader_1_7.csv
2394,1,1,0,Reader_1_8.csv
2394,1,1,0,Reader_1_9.csv
2394,0,0,0,Reader_2_1.csv
2394,0,0,0,Reader_2_10.csv
2394,0,0,0,Reader_2_11.csv
2394,2,1,1,Reader_2_12.csv
2394,3,3,0,Reader_2_2.csv
2394,0,0,0,Reader_2_3.csv
2394,0,0,0,Reader_2_4.csv
2394,0,0,0,Reader_2_5.csv
2394,0,0,0,Reader_2_6.csv
2394,0,0,0,Reader_2_7.csv
2394,0,0,0,Reader_2_8.csv
2394,0,0,0,Reader_2_9.csv
2394,9,9,0,reader_3_1.csv
2394,2,2,0,Reader_3_2.csv
2394,14,12,2,Reader_3_3.csv
2394,14,12,2,Reader_3_4.csv
2394,5,3,2,Reader_3_5.csv
2394,11,9,2,Reader_3_6.csv
2394,2,2,0,Reader_3_7.csv
2395,9,7,2,Reader_1_1.csv
2395,0,0,0,Reader_1_10.csv
2395,1,1,0,Reader_1_11.csv
2395,1,1,0,Reader_1_12.csv
2395,4,4,0,Reader_1_2.csv
2395,0,0,0,Reader_1_3.csv
2395,0,0,0,Reader_1_4.csv
2395,0,0,0,Reader_1_5.csv
2395,4,4,0,Reader_1_6.csv
2395,1,0,1,Reader_1_7.csv
2395,1,1,0,Reader_1_8.csv
2395,1,1,0,Reader_1_9.csv
2395,0,0,0,Reader_2_1.csv
2395,0,0,0,Reader_2_10.csv
2395,0,0,0,Reader_2_11.csv
2395,2,1,1,Reader_2_12.csv
2395,5,5,0,Reader_2_2.csv
2395,0,0,0,Reader_2_3.csv
2395,0,0,0,Reader_2_4.csv
2395,0,0,0,Reader_2_5.csv
2395,0,0,0,Reader_2_6.csv
2395,0,0,0,Reader_2_7.csv
2395,0,0,0,Reader_2_8.csv
2395,0,0,0,Reader_2_9.csv
2395,9,8,1,reader_3_1.csv
2395,2,2,0,Reader_3_2.csv
2395,14,12,2,Reader_3_3.csv
2395,14,12,2,Reader_3_4.csv
2395,5,3,2,Reader_3_5.csv
2395,11,9,2,Reader_3_6.csv
2395,1,1,0,Reader_3_7.csv
2396,8,6,2,Reader_1_1.csv
2396,0,0,0,Reader_1_10.csv
2396,1,1,0,Reader_1_11.csv
2396,1,1,0,Reader_1_12.csv
2396,4,4,0,Reader_1_2.csv
2396,0,0,0,Reader_1_3.csv
2396,0,0,0,Reader_1_4.csv
2396,0,0,0,Reader_1_5.csv
2396,4,4,0,Reader_1_6.csv
2396,1,0,1,Reader_1_7.csv
2396,1,1,0,Reader_1_8.csv
2396,1,1,0,Reader_1_9.csv
2396,0,0,0,Reader_2_1.csv
2396,0,0,0,Reader_2_10.csv
2396,0,0,0,Reader_2_11.csv
2396,2,1,1,Reader_2_12.csv
2396,7,7,0,Reader_2_2.csv
2396,0,0,0,Reader_2_3.csv
2396,0,0,0,Reader_2_4.csv
2396,0,0,0,Reader_2_5.csv
2396,0,0,0,Reader_2_6.csv
2396,0,0,0,Reader_2_7.csv
2396,0,0,0,Reader_2_8.csv
2396,0,0,0,Reader_2_9.csv
2396,8,7,1,reader_3_1.csv
2396,2,2,0,Reader_3_2.csv
2396,14,11,3,Reader_3_3.csv
2396,14,11,3,Reader_3_4.csv
2396,5,3,2,Reader_3_5.csv
2396,15,13,2,Reader_3_6.csv
2396,3,2,1,Reader_3_7.csv
2397,7,5,2,Reader_1_1.csv
2397,0,0,0,Reader_1_10.csv
2397,0,0,0,Reader_1_11.csv
2397,1,1,0,Reader_1_12.csv
2397,3,3,0,Reader_1_2.csv
2397,0,0,0,Reader_1_3.csv
2397,0,0,0,Reader_1_4.csv
2397,0,0,0,Reader_1_5.csv
2397,4,4,0,Reader_1_6.csv
2397,1,0,1,Reader_1_7.csv
2397,1,1,0,Reader_1_8.csv
2397,1,1,0,Reader_1_9.csv
2397,0,0,0,Reader_2_1.csv
2397,0,0,0,Reader_2_10.csv
2397,0,0,0,Reader_2_11.csv
2397,2,1,1,Reader_2_12.csv
2397,8,8,0,Reader_2_2.csv
2397,0,0,0,Reader_2_3.csv
2397,0,0,0,Reader_2_4.csv
2397,0,0,0,Reader_2_5.csv
2397,0,0,0,Reader_2_6.csv
2397,0,0,0,Reader_2_7.csv
2397,0,0,0,Reader_2_8.csv
2397,0,0,0,Reader_2_9.csv
2397,7,6,1,reader_3_1.csv
2397,1,1,0,Reader_3_2.csv
2397,16,13,3,Reader_3_3.csv
2397,16,13,3,Reader_3_4.csv
2397,4,2,2,Reader_3_5.csv
2397,11,9,2,Reader_3_6.csv
2397,3,2,1,Reader_3_7.csv
2398,9,7,2,Reader_1_1.csv
2398,0,0,0,Reader_1_10.csv
2398,0,0,0,Reader_1_11.csv
2398,1,1,0,Reader_1_12.csv
2398,4,4,0,Reader_1_2.csv
2398,1,1,0,Reader_1_3.csv
2398,0,0,0,Reader_1_4.csv
2398,0,0,0,Reader_1_5.csv
2398,4,4,0,Reader_1_6.csv
2398,2,0,2,Reader_1_7.csv
2398,2,1,1,Reader_1_8.csv
2398,0,0,0,Reader_1_9.csv
2398,0,0,0,Reader_2_1.csv
2398,0,0,0,Reader_2_10.csv
2398,0,0,0,Reader_2_11.csv
2398,2,1,1,Reader_2_12.csv
2398,8,8,0,Reader_2_2.csv
2398,0,0,0,Reader_2_3.csv
2398,0,0,0,Reader_2_4.csv
2398,0,0,0,Reader_2_5.csv
2398,0,0,0,Reader_2_6.csv
2398,0,0,0,Reader_2_7.csv
2398,0,0,0,Reader_2_8.csv
2398,0,0,0,Reader_2_9.csv
2398,7,6,1,reader_3_1.csv
2398,2,1,1,Reader_3_2.csv
2398,17,14,3,Reader_3_3.csv
2398,17,14,3,Reader_3_4.csv
2398,4,3,1,Reader_3_5.csv
2398,10,8,2,Reader_3_6.csv
2398,2,1,1,Reader_3_7.csv
2399,10,8,2,Reader_1_1.csv
2399,0,0,0,Reader_1_10.csv
2399,0,0,0,Reader_1_11.csv
2399,1,1,0,Reader_1_12.csv
2399,5,5,0,Reader_1_2.csv
2399,1,1,0,Reader_1_3.csv
2399,0,0,0,Reader_1_4.csv
2399,0,0,0,Reader_1_5.csv
2399,4,4,0,Reader_1_6.csv
2399,2,0,2,Reader_1_7.csv
2399,2,1,1,Reader_1_8.csv
2399,0,0,0,Reader_1_9.csv
2399,0,0,0,Reader_2_1.csv
2399,1,1,0,Reader_2_10.csv
2399,0,0,0,Reader_2_11.csv
2399,2,1,1,Reader_2_12.csv
2399,10,10,0,Reader_2_2.csv
2399,0,0,0,Reader_2_3.csv
2399,0,0,0,Reader_2_4.csv
2399,0,0,0,Reader_2_5.csv
2399,0,0,0,Reader_2_6.csv
2399,0,0,0,Reader_2_7.csv
2399,0,0,0,Reader_2_8.csv
2399,0,0,0,Reader_2_9.csv
2399,8,7,1,reader_3_1.csv
2399,3,1,2,Reader_3_2.csv
2399,22,19,3,Reader_3_3.csv
2399,22,19,3,Reader_3_4.csv
2399,2,2,0,Reader_3_5.csv
2399,10,8,2,Reader_3_6.csv
2399,2,1,1,Reader_3_7.csv
2400,10,9,1,Reader_1_1.csv
2400,0,0,0,Reader_1_10.csv
2400,1,1,0,Reader_1_11.csv
2400,0,0,0,Reader_1_12.csv
2400,5,5,0,Reader_1_2.csv
2400,1,1,0,Reader_1_3.csv
2400,0,0,0,Reader_1_4.csv
2400,0,0,0,Reader_1_5.csv
2400,2,2,0,Reader_1_6.csv
2400,2,0,2,Reader_1_7.csv
2400,3,2,1,Reader_1_8.csv
2400,0,0,0,Reader_1_9.csv
2400,2,2,0,Reader_2_1.csv
2400,1,1,0,Reader_2_10.csv
2400,0,0,0,Reader_2_11.csv
2400,2,1,1,Reader_2_12.csv
2400,9,9,0,Reader_2_2.csv
2400,0,0,0,Reader_2_3.csv
2400,0,0,0,Reader_2_4.csv
2400,0,0,0,Reader_2_5.csv
2400,0,0,0,Reader_2_6.csv
2400,0,0,0,Reader_2_7.csv
2400,0,0,0,Reader_2_8.csv
2400,0,0,0,Reader_2_9.csv
2400,7,6,1,reader_3_1.csv
2400,3,1,2,Reader_3_2.csv
2400,21,18,3,Reader_3_3.csv
2400,21,18,3,Reader_3_4.csv
2400,2,2,0,Reader_3_5.csv
2400,10,9,1,Reader_3_6.csv
2400,3,2,1,Reader_3_7.csv
2401,10,9,1,Reader_1_1.csv
2401,0,0,0,Reader_1_10.csv
2401,2,2,0,Reader_1_11.csv
2401,0,0,0,Reader_1_12.csv
2401,7,7,0,Reader_1_2.csv
2401,2,2,0,Reader_1_3.csv
2401,0,0,0,Reader_1_4.csv
2401,0,0,0,Reader_1_5.csv
2401,2,2,0,Reader_1_6.csv
2401,2,0,2,Reader_1_7.csv
2401,3,2,1,Reader_1_8.csv
2401,0,0,0,Reader_1_9.csv
2401,2,2,0,Reader_2_1.csv
2401,1,1,0,Reader_2_10.csv
2401,0,0,0,Reader_2_11.csv
2401,2,1,1,Reader_2_12.csv
2401,8,8,0,Reader_2_2.csv
2401,0,0,0,Reader_2_3.csv
2401,0,0,0,Reader_2_4.csv
2401,0,0,0,Reader_2_5.csv
2401,0,0,0,Reader_2_6.csv
2401,0,0,0,Reader_2_7.csv
2401,0,0,0,Reader_2_8.csv
2401,0,0,0,Reader_2_9.csv
2401,7,5,2,reader_3_1.csv
2401,3,1,2,Reader_3_2.csv
2401,20,18,2,Reader_3_3.csv
2401,20,18,2,Reader_3_4.csv
2401,1,1,0,Reader_3_5.csv
2401,10,9,1,Reader_3_6.csv
2401,3,2,1,Reader_3_7.csv
2402,9,8,1,Reader_1_1.csv
2402,0,0,0,Reader_1_10.csv
2402,2,2,0,Reader_1_11.csv
2402,0,0,0,Reader_1_12.csv
2402,6,6,0,Reader_1_2.csv
2402,2,2,0,Reader_1_3.csv
2402,0,0,0,Reader_1_4.csv
2402,0,0,0,Reader_1_5.csv
2402,2,2,0,Reader_1_6.csv
2402,2,0,2,Reader_1_7.csv
2402,5,3,2,Reader_1_8.csv
2402,0,0,0,Reader_1_9.csv
2402,2,2,0,Reader_2_1.csv
2402,1,1,0,Reader_2_10.csv
2402,0,0,0,Reader_2_11.csv
2402,3,1,2,Reader_2_12.csv
2402,7,7,0,Reader_2_2.csv
2402,0,0,0,Reader_2_3.csv
2402,0,0,0,Reader_2_4.csv
2402,0,0,0,Reader_2_5.csv
2402,0,0,0,Reader_2_6.csv
2402,0,0,0,Reader_2_7.csv
2402,0,0,0,Reader_2_8.csv
2402,0,0,0,Reader_2_9.csv
2402,6,4,2,reader_3_1.csv
2402,3,1,2,Reader_3_2.csv
2402,18,16,2,Reader_3_3.csv
2402,18,16,2,Reader_3_4.csv
2402,1,1,0,Reader_3_5.csv
2402,10,9,1,Reader_3_6.csv
2402,3,2,1,Reader_3_7.csv
2403,8,7,1,Reader_1_1.csv
2403,0,0,0,Reader_1_10.csv
2403,2,2,0,Reader_1_11.csv
2403,0,0,0,Reader_1_12.csv
2403,6,6,0,Reader_1_2.csv
2403,2,2,0,Reader_1_3.csv
2403,0,0,0,Reader_1_4.csv
2403,0,0,0,Reader_1_5.csv
2403,2,2,0,Reader_1_6.csv
2403,1,0,1,Reader_1_7.csv
2403,5,3,2,Reader_1_8.csv
2403,0,0,0,Reader_1_9.csv
2403,2,2,0,Reader_2_1.csv
2403,1,1,0,Reader_2_10.csv
2403,0,0,0,Reader_2_11.csv
2403,4,1,3,Reader_2_12.csv
2403,6,6,0,Reader_2_2.csv
2403,0,0,0,Reader_2_3.csv
2403,0,0,0,Reader_2_4.csv
2403,0,0,0,Reader_2_5.csv
2403,0,0,0,Reader_2_6.csv
2403,0,0,0,Reader_2_7.csv
2403,0,0,0,Reader_2_8.csv
2403,0,0,0,Reader_2_9.csv
2403,5,4,1,reader_3_1.csv
2403,4,1,3,Reader_3_2.csv
2403,19,17,2,Reader_3_3.csv
2403,19,17,2,Reader_3_4.csv
2403,1,1,0,Reader_3_5.csv
2403,10,9,1,Reader_3_6.csv
2403,3,2,1,Reader_3_7.csv
2404,7,6,1,Reader_1_1.csv
2404,0,0,0,Reader_1_10.csv
2404,2,2,0,Reader_1_11.csv
2404,0,0,0,Reader_1_12.csv
2404,8,8,0,Reader_1_2.csv
2404,3,3,0,Reader_1_3.csv
2404,0,0,0,Reader_1_4.csv
2404,0,0,0,Reader_1_5.csv
2404,3,3,0,Reader_1_6.csv
2404,1,0,1,Reader_1_7.csv
2404,5,3,2,Reader_1_8.csv
2404,0,0,0,Reader_1_9.csv
2404,3,3,0,Reader_2_1.csv
2404,1,1,0,Reader_2_10.csv
2404,0,0,0,Reader_2_11.csv
2404,4,1,3,Reader_2_12.csv
2404,4,4,0,Reader_2_2.csv
2404,0,0,0,Reader_2_3.csv
2404,0,0,0,Reader_2_4.csv
2404,0,0,0,Reader_2_5.csv
2404,0,0,0,Reader_2_6.csv
2404,0,0,0,Reader_2_7.csv
2404,0,0,0,Reader_2_8.csv
2404,0,0,0,Reader_2_9.csv
2404,4,3,1,reader_3_1.csv
2404,4,1,3,Reader_3_2.csv
2404,18,16,2,Reader_3_3.csv
2404,18,16,2,Reader_3_4.csv
2404,1,1,0,Reader_3_5.csv
2404,7,6,1,Reader_3_6.csv
2404,1,1,0,Reader_3_7.csv
2405,8,7,1,Reader_1_1.csv
2405,0,0,0,Reader_1_10.csv
2405,2,2,0,Reader_1_11.csv
2405,0,0,0,Reader_1_12.csv
2405,8,8,0,Reader_1_2.csv
2405,4,4,0,Reader_1_3.csv
2405,0,0,0,Reader_1_4.csv
2405,0,0,0,Reader_1_5.csv
2405,3,3,0,Reader_1_6.csv
2405,1,0,1,Reader_1_7.csv
2405,5,3,2,Reader_1_8.csv
2405,0,0,0,Reader_1_9.csv
2405,4,3,1,Reader_2_1.csv
2405,1,1,0,Reader_2_10.csv
2405,0,0,0,Reader_2_11.csv
2405,6,3,3,Reader_2_12.csv
2405,4,4,0,Reader_2_2.csv
2405,0,0,0,Reader_2_3.csv
2405,0,0,0,Reader_2_4.csv
2405,0,0,0,Reader_2_5.csv
2405,0,0,0,Reader_2_6.csv
2405,0,0,0,Reader_2_7.csv
2405,0,0,0,Reader_2_8.csv
2405,0,0,0,Reader_2_9.csv
2405,3,2,1,reader_3_1.csv
2405,3,0,3,Reader_3_2.csv
2405,19,17,2,Reader_3_3.csv
2405,19,17,2,Reader_3_4.csv
2405,1,1,0,Reader_3_5.csv
2405,6,6,0,Reader_3_6.csv
2405,1,1,0,Reader_3_7.csv
2406,6,5,1,Reader_1_1.csv
2406,0,0,0,Reader_1_10.csv
2406,2,2,0,Reader_1_11.csv
2406,0,0,0,Reader_1_12.csv
2406,8,7,1,Reader_1_2.csv
2406,3,3,0,Reader_1_3.csv
2406,0,0,0,Reader_1_4.csv
2406,0,0,0,Reader_1_5.csv
2406,3,3,0,Reader_1_6.csv
2406,0,0,0,Reader_1_7.csv
2406,4,3,1,Reader_1_8.csv
2406,0,0,0,Reader_1_9.csv
2406,5,3,2,Reader_2_1.csv
2406,1,1,0,Reader_2_10.csv
2406,0,0,0,Reader_2_11.csv
2406,6,3,3,Reader_2_12.csv
2406,4,4,0,Reader_2_2.csv
2406,0,0,0,Reader_2_3.csv
2406,0,0,0,Reader_2_4.csv
2406,0,0,0,Reader_2_5.csv
2406,0,0,0,Reader_2_6.csv
2406,0,0,0,Reader_2_7.csv
2406,0,0,0,Reader_2_8.csv
2406,0,0,0,Reader_2_9.csv
2406,3,2,1,reader_3_1.csv
2406,2,0,2,Reader_3_2.csv
2406,22,19,3,Reader_3_3.csv
2406,22,19,3,Reader_3_4.csv
2406,0,0,0,Reader_3_5.csv
2406,5,5,0,Reader_3_6.csv
2406,1,1,0,Reader_3_7.csv
2407,5,4,1,Reader_1_1.csv
2407,0,0,0,Reader_1_10.csv
2407,2,2,0,Reader_1_11.csv
2407,0,0,0,Reader_1_12.csv
2407,7,6,1,Reader_1_2.csv
2407,3,3,0,Reader_1_3.csv
2407,0,0,0,Reader_1_4.csv
2407,0,0,0,Reader_1_5.csv
2407,2,2,0,Reader_1_6.csv
2407,0,0,0,Reader_1_7.csv
2407,3,2,1,Reader_1_8.csv
2407,0,0,0,Reader_1_9.csv
2407,5,3,2,Reader_2_1.csv
2407,0,0,0,Reader_2_10.csv
2407,0,0,0,Reader_2_11.csv
2407,6,3,3,Reader_2_12.csv
2407,2,2,0,Reader_2_2.csv
2407,0,0,0,Reader_2_3.csv
2407,0,0,0,Reader_2_4.csv
2407,0,0,0,Reader_2_5.csv
2407,0,0,0,Reader_2_6.csv
2407,0,0,0,Reader_2_7.csv
2407,0,0,0,Reader_2_8.csv
2407,0,0,0,Reader_2_9.csv
2407,2,1,1,reader_3_1.csv
2407,2,1,1,Reader_3_2.csv
2407,16,13,3,Reader_3_3.csv
2407,16,13,3,Reader_3_4.csv
2407,1,1,0,Reader_3_5.csv
2407,5,5,0,Reader_3_6.csv
2407,1,1,0,Reader_3_7.csv
2408,5,4,1,Reader_1_1.csv
2408,0,0,0,Reader_1_10.csv
2408,1,1,0,Reader_1_11.csv
2408,0,0,0,Reader_1_12.csv
2408,7,6,1,Reader_1_2.csv
2408,4,4,0,Reader_1_3.csv
2408,0,0,0,Reader_1_4.csv
2408,0,0,0,Reader_1_5.csv
2408,2,2,0,Reader_1_6.csv
2408,0,0,0,Reader_1_7.csv
2408,2,1,1,Reader_1_8.csv
2408,0,0,0,Reader_1_9.csv
2408,3,1,2,Reader_2_1.csv
2408,0,0,0,Reader_2_10.csv
2408,0,0,0,Reader_2_11.csv
2408,5,3,2,Reader_2_12.csv
2408,2,2,0,Reader_2_2.csv
2408,0,0,0,Reader_2_3.csv
2408,0,0,0,Reader_2_4.csv
2408,0,0,0,Reader_2_5.csv
2408,0,0,0,Reader_2_6.csv
2408,0,0,0,Reader_2_7.csv
2408,0,0,0,Reader_2_8.csv
2408,0,0,0,Reader_2_9.csv
2408,3,2,1,reader_3_1.csv
2408,3,2,1,Reader_3_2.csv
2408,15,13,2,Reader_3_3.csv
2408,15,13,2,Reader_3_4.csv
2408,1,1,0,Reader_3_5.csv
2408,4,4,0,Reader_3_6.csv
2408,0,0,0,Reader_3_7.csv
2409,5,5,0,Reader_1_1.csv
2409,0,0,0,Reader_1_10.csv
2409,0,0,0,Reader_1_11.csv
2409,0,0,0,Reader_1_12.csv
2409,6,5,1,Reader_1_2.csv
2409,3,3,0,Reader_1_3.csv
2409,0,0,0,Reader_1_4.csv
2409,0,0,0,Reader_1_5.csv
2409,2,2,0,Reader_1_6.csv
2409,0,0,0,Reader_1_7.csv
2409,2,1,1,Reader_1_8.csv
2409,0,0,0,Reader_1_9.csv
2409,4,2,2,Reader_2_1.csv
2409,0,0,0,Reader_2_10.csv
2409,0,0,0,Reader_2_11.csv
2409,5,3,2,Reader_2_12.csv
2409,2,2,0,Reader_2_2.csv
2409,1,1,0,Reader_2_3.csv
2409,0,0,0,Reader_2_4.csv
2409,0,0,0,Reader_2_5.csv
2409,0,0,0,Reader_2_6.csv
2409,0,0,0,Reader_2_7.csv
2409,0,0,0,Reader_2_8.csv
2409,0,0,0,Reader_2_9.csv
2409,3,3,0,reader_3_1.csv
2409,3,2,1,Reader_3_2.csv
2409,13,11,2,Reader_3_3.csv
2409,13,11,2,Reader_3_4.csv
2409,2,2,0,Reader_3_5.csv
2409,5,4,1,Reader_3_6.csv
2409,1,1,0,Reader_3_7.csv
2410,4,4,0,Reader_1_1.csv
2410,0,0,0,Reader_1_10.csv
2410,0,0,0,Reader_1_11.csv
2410,0,0,0,Reader_1_12.csv
2410,6,5,1,Reader_1_2.csv
2410,4,4,0,Reader_1_3.csv
2410,0,0,0,Reader_1_4.csv
2410,0,0,0,Reader_1_5.csv
2410,1,1,0,Reader_1_6.csv
2410,0,0,0,Reader_1_7.csv
2410,0,0,0,Reader_1_8.csv
2410,0,0,0,Reader_1_9.csv
2410,4,2,2,Reader_2_1.csv
2410,0,0,0,Reader_2_10.csv
2410,0,0,0,Reader_2_11.csv
2410,4,3,1,Reader_2_12.csv
2410,1,1,0,Reader_2_2.csv
2410,1,1,0,Reader_2_3.csv
2410,0,0,0,Reader_2_4.csv
2410,0,0,0,Reader_2_5.csv
2410,0,0,0,Reader_2_6.csv
2410,0,0,0,Reader_2_7.csv
2410,0,0,0,Reader_2_8.csv
2410,0,0,0,Reader_2_9.csv
2410,3,3,0,reader_3_1.csv
2410,3,2,1,Reader_3_2.csv
2410,13,11,2,Reader_3_3.csv
2410,13,11,2,Reader_3_4.csv
2410,2,2,0,Reader_3_5.csv
2410,5,4,1,Reader_3_6.csv
2410,3,3,0,Reader_3_7.csv
2411,5,5,0,Reader_1_1.csv
2411,0,0,0,Reader_1_10.csv
2411,0,0,0,Reader_1_11.csv
2411,0,0,0,Reader_1_12.csv
2411,7,6,1,Reader_1_2.csv
2411,5,5,0,Reader_1_3.csv
2411,0,0,0,Reader_1_4.csv
2411,0,0,0,Reader_1_5.csv
2411,1,1,0,Reader_1_6.csv
2411,0,0,0,Reader_1_7.csv
2411,0,0,0,Reader_1_8.csv
2411,1,0,1,Reader_1_9.csv
2411,5,3,2,Reader_2_1.csv
2411,0,0,0,Reader_2_10.csv
2411,0,0,0,Reader_2_11.csv
2411,4,4,0,Reader_2_12.csv
2411,2,2,0,Reader_2_2.csv
2411,1,1,0,Reader_2_3.csv
2411,0,0,0,Reader_2_4.csv
2411,0,0,0,Reader_2_5.csv
2411,0,0,0,Reader_2_6.csv
2411,0,0,0,Reader_2_7.csv
2411,0,0,0,Reader_2_8.csv
2411,0,0,0,Reader_2_9.csv
2411,3,2,1,reader_3_1.csv
2411,3,2,1,Reader_3_2.csv
2411,11,9,2,Reader_3_3.csv
2411,11,9,2,Reader_3_4.csv
2411,2,2,0,Reader_3_5.csv
2411,7,6,1,Reader_3_6.csv
2411,3,3,0,Reader_3_7.csv
2412,7,6,1,Reader_1_1.csv
2412,0,0,0,Reader_1_10.csv
2412,0,0,0,Reader_1_11.csv
2412,0,0,0,Reader_1_12.csv
2412,7,6,1,Reader_1_2.csv
2412,5,5,0,Reader_1_3.csv
2412,0,0,0,Reader_1_4.csv
2412,0,0,0,Reader_1_5.csv
2412,0,0,0,Reader_1_6.csv
2412,0,0,0,Reader_1_7.csv
2412,0,0,0,Reader_1_8.csv
2412,1,0,1,Reader_1_9.csv
2412,4,2,2,Reader_2_1.csv
2412,0,0,0,Reader_2_10.csv
2412,0,0,0,Reader_2_11.csv
2412,5,4,1,Reader_2_12.csv
2412,2,2,0,Reader_2_2.csv
2412,1,1,0,Reader_2_3.csv
2412,0,0,0,Reader_2_4.csv
2412,1,1,0,Reader_2_5.csv
2412,0,0,0,Reader_2_6.csv
2412,0,0,0,Reader_2_7.csv
2412,0,0,0,Reader_2_8.csv
2412,0,0,0,Reader_2_9.csv
2412,3,2,1,reader_3_1.csv
2412,3,2,1,Reader_3_2.csv
2412,10,9,1,Reader_3_3.csv
2412,10,9,1,Reader_3_4.csv
2412,2,2,0,Reader_3_5.csv
2412,8,6,2,Reader_3_6.csv
2412,3,3,0,Reader_3_7.csv
2413,7,6,1,Reader_1_1.csv
2413,0,0,0,Reader_1_10.csv
2413,0,0,0,Reader_1_11.csv
2413,0,0,0,Reader_1_12.csv
2413,8,7,1,Reader_1_2.csv
2413,4,4,0,Reader_1_3.csv
2413,0,0,0,Reader_1_4.csv
2413,0,0,0,Reader_1_5.csv
2413,1,1,0,Reader_1_6.csv
2413,0,0,0,Reader_1_7.csv
2413,0,0,0,Reader_1_8.csv
2413,1,0,1,Reader_1_9.csv
2413,3,2,1,Reader_2_1.csv
2413,0,0,0,Reader_2_10.csv
2413,0,0,0,Reader_2_11.csv
2413,4,3,1,Reader_2_12.csv
2413,2,2,0,Reader_2_2.csv
2413,1,1,0,Reader_2_3.csv
2413,0,0,0,Reader_2_4.csv
2413,1,1,0,Reader_2_5.csv
2413,0,0,0,Reader_2_6.csv
2413,0,0,0,Reader_2_7.csv
2413,0,0,0,Reader_2_8.csv
2413,0,0,0,Reader_2_9.csv
2413,3,2,1,reader_3_1.csv
2413,3,2,1,Reader_3_2.csv
2413,8,7,1,Reader_3_3.csv
2413,8,7,1,Reader_3_4.csv
2413,2,2,0,Reader_3_5.csv
2413,9,7,2,Reader_3_6.csv
2413,3,3,0,Reader_3_7.csv
2414,9,7,2,Reader_1_1.csv
2414,0,0,0,Reader_1_10.csv
2414,0,0,0,Reader_1_11.csv
2414,0,0,0,Reader_1_12.csv
2414,9,9,0,Reader_1_2.csv
2414,5,5,0,Reader_1_3.csv
2414,0,0,0,Reader_1_4.csv
2414,1,1,0,Reader_1_5.csv
2414,1,1,0,Reader_1_6.csv
2414,0,0,0,Reader_1_7.csv
2414,0,0,0,Reader_1_8.csv
2414,1,0,1,Reader_1_9.csv
2414,2,2,0,Reader_2_1.csv
2414,0,0,0,Reader_2_10.csv
2414,0,0,0,Reader_2_11.csv
2414,4,3,1,Reader_2_12.csv
2414,2,2,0,Reader_2_2.csv
2414,1,1,0,Reader_2_3.csv
2414,0,0,0,Reader_2_4.csv
2414,1,1,0,Reader_2_5.csv
2414,0,0,0,Reader_2_6.csv
2414,0,0,0,Reader_2_7.csv
2414,0,0,0,Reader_2_8.csv
2414,0,0,0,Reader_2_9.csv
2414,3,2,1,reader_3_1.csv
2414,3,2,1,Reader_3_2.csv
2414,4,4,0,Reader_3_3.csv
2414,4,4,0,Reader_3_4.csv
2414,2,2,0,Reader_3_5.csv
2414,9,7,2,Reader_3_6.csv
2414,3,3,0,Reader_3_7.csv
2415,12,10,2,Reader_1_1.csv
2415,0,0,0,Reader_1_10.csv
2415,0,0,0,Reader_1_11.csv
2415,0,0,0,Reader_1_12.csv
2415,9,9,0,Reader_1_2.csv
2415,5,5,0,Reader_1_3.csv
2415,0,0,0,Reader_1_4.csv
2415,1,1,0,Reader_1_5.csv
2415,1,1,0,Reader_1_6.csv
2415,0,0,0,Reader_1_7.csv
2415,1,1,0,Reader_1_8.csv
2415,1,0,1,Reader_1_9.csv
2415,2,2,0,Reader_2_1.csv
2415,0,0,0,Reader_2_10.csv
2415,0,0,0,Reader_2_11.csv
2415,5,4,1,Reader_2_12.csv
2415,2,2,0,Reader_2_2.csv
2415,1,1,0,Reader_2_3.csv
2415,0,0,0,Reader_2_4.csv
2415,1,1,0,Reader_2_5.csv
2415,0,0,0,Reader_2_6.csv
2415,0,0,0,Reader_2_7.csv
2415,0,0,0,Reader_2_8.csv
2415,0,0,0,Reader_2_9.csv
2415,4,3,1,reader_3_1.csv
2415,3,2,1,Reader_3_2.csv
2415,6,6,0,Reader_3_3.csv
2415,6,6,0,Reader_3_4.csv
2415,1,1,0,Reader_3_5.csv
2415,7,5,2,Reader_3_6.csv
2415,3,3,0,Reader_3_7.csv
2416,13,11,2,Reader_1_1.csv
2416,0,0,0,Reader_1_10.csv
2416,0,0,0,Reader_1_11.csv
2416,0,0,0,Reader_1_12.csv
2416,9,9,0,Reader_1_2.csv
2416,5,5,0,Reader_1_3.csv
2416,0,0,0,Reader_1_4.csv
2416,1,1,0,Reader_1_5.csv
2416,1,1,0,Reader_1_6.csv
2416,0,0,0,Reader_1_7.csv
2416,1,1,0,Reader_1_8.csv
2416,1,0,1,Reader_1_9.csv
2416,2,2,0,Reader_2_1.csv
2416,0,0,0,Reader_2_10.csv
2416,0,0,0,Reader_2_11.csv
2416,4,3,1,Reader_2_12.csv
2416,2,2,0,Reader_2_2.csv
2416,1,1,0,Reader_2_3.csv
2416,0,0,0,Reader_2_4.csv
2416,1,1,0,Reader_2_5.csv
2416,0,0,0,Reader_2_6.csv
2416,0,0,0,Reader_2_7.csv
2416,0,0,0,Reader_2_8.csv
2416,0,0,0,Reader_2_9.csv
2416,4,3,1,reader_3_1.csv
2416,2,1,1,Reader_3_2.csv
2416,5,5,0,Reader_3_3.csv
2416,5,5,0,Reader_3_4.csv
2416,1,1,0,Reader_3_5.csv
2416,7,5,2,Reader_3_6.csv
2416,3,3,0,Reader_3_7.csv
2417,14,11,3,Reader_1_1.csv
2417,0,0,0,Reader_1_10.csv
2417,0,0,0,Reader_1_11.csv
2417,0,0,0,Reader_1_12.csv
2417,10,10,0,Reader_1_2.csv
2417,7,7,0,Reader_1_3.csv
2417,0,0,0,Reader_1_4.csv
2417,1,1,0,Reader_1_5.csv
2417,1,1,0,Reader_1_6.csv
2417,0,0,0,Reader_1_7.csv
2417,1,1,0,Reader_1_8.csv
2417,1,0,1,Reader_1_9.csv
2417,1,1,0,Reader_2_1.csv
2417,0,0,0,Reader_2_10.csv
2417,0,0,0,Reader_2_11.csv
2417,4,3,1,Reader_2_12.csv
2417,2,2,0,Reader_2_2.csv
2417,0,0,0,Reader_2_3.csv
2417,0,0,0,Reader_2_4.csv
2417,1,1,0,Reader_2_5.csv
2417,0,0,0,Reader_2_6.csv
2417,0,0,0,Reader_2_7.csv
2417,0,0,0,Reader_2_8.csv
2417,0,0,0,Reader_2_9.csv
2417,4,3,1,reader_3_1.csv
2417,3,2,1,Reader_3_2.csv
2417,5,5,0,Reader_3_3.csv
2417,5,5,0,Reader_3_4.csv
2417,1,0,1,Reader_3_5.csv
2417,5,4,1,Reader_3_6.csv
2417,2,2,0,Reader_3_7.csv
2418,18,14,4,Reader_1_1.csv
2418,0,0,0,Reader_1_10.csv
2418,0,0,0,Reader_1_11.csv
2418,0,0,0,Reader_1_12.csv
2418,10,10,0,Reader_1_2.csv
2418,7,6,1,Reader_1_3.csv
2418,0,0,0,Reader_1_4.csv
2418,1,1,0,Reader_1_5.csv
2418,1,1,0,Reader_1_6.csv
2418,0,0,0,Reader_1_7.csv
2418,1,1,0,Reader_1_8.csv
2418,1,0,1,Reader_1_9.csv
2418,1,1,0,Reader_2_1.csv
2418,0,0,0,Reader_2_10.csv
2418,0,0,0,Reader_2_11.csv
2418,5,4,1,Reader_2_12.csv
2418,2,2,0,Reader_2_2.csv
2418,0,0,0,Reader_2_3.csv
2418,0,0,0,Reader_2_4.csv
2418,1,1,0,Reader_2_5.csv
2418,1,1,0,Reader_2_6.csv
2418,0,0,0,Reader_2_7.csv
2418,0,0,0,Reader_2_8.csv
2418,0,0,0,Reader_2_9.csv
2418,7,6,1,reader_3_1.csv
2418,4,3,1,Reader_3_2.csv
2418,3,3,0,Reader_3_3.csv
2418,3,3,0,Reader_3_4.csv
2418,1,0,1,Reader_3_5.csv
2418,5,4,1,Reader_3_6.csv
2418,1,1,0,Reader_3_7.csv
2419,18,14,4,Reader_1_1.csv
2419,0,0,0,Reader_1_10.csv
2419,0,0,0,Reader_1_11.csv
2419,0,0,0,Reader_1_12.csv
2419,9,9,0,Reader_1_2.csv
2419,7,6,1,Reader_1_3.csv
2419,0,0,0,Reader_1_4.csv
2419,1,1,0,Reader_1_5.csv
2419,1,1,0,Reader_1_6.csv
2419,0,0,0,Reader_1_7.csv
2419,1,1,0,Reader_1_8.csv
2419,0,0,0,Reader_1_9.csv
2419,0,0,0,Reader_2_1.csv
2419,0,0,0,Reader_2_10.csv
2419,0,0,0,Reader_2_11.csv
2419,4,3,1,Reader_2_12.csv
2419,1,1,0,Reader_2_2.csv
2419,0,0,0,Reader_2_3.csv
2419,0,0,0,Reader_2_4.csv
2419,1,1,0,Reader_2_5.csv
2419,1,1,0,Reader_2_6.csv
2419,0,0,0,Reader_2_7.csv
2419,0,0,0,Reader_2_8.csv
2419,0,0,0,Reader_2_9.csv
2419,6,6,0,reader_3_1.csv
2419,4,4,0,Reader_3_2.csv
2419,3,3,0,Reader_3_3.csv
2419,3,3,0,Reader_3_4.csv
2419,1,0,1,Reader_3_5.csv
2419,4,3,1,Reader_3_6.csv
2419,1,1,0,Reader_3_7.csv
2420,16,13,3,Reader_1_1.csv
2420,0,0,0,Reader_1_10.csv
2420,0,0,0,Reader_1_11.csv
2420,0,0,0,Reader_1_12.csv
2420,7,7,0,Reader_1_2.csv
2420,6,5,1,Reader_1_3.csv
2420,0,0,0,Reader_1_4.csv
2420,2,2,0,Reader_1_5.csv
2420,1,1,0,Reader_1_6.csv
2420,0,0,0,Reader_1_7.csv
2420,1,1,0,Reader_1_8.csv
2420,0,0,0,Reader_1_9.csv
2420,0,0,0,Reader_2_1.csv
2420,0,0,0,Reader_2_10.csv
2420,0,0,0,Reader_2_11.csv
2420,3,3,0,Reader_2_12.csv
2420,1,1,0,Reader_2_2.csv
2420,0,0,0,Reader_2_3.csv
2420,0,0,0,Reader_2_4.csv
2420,0,0,0,Reader_2_5.csv
2420,1,1,0,Reader_2_6.csv
2420,0,0,0,Reader_2_7.csv
2420,0,0,0,Reader_2_8.csv
2420,0,0,0,Reader_2_9.csv
2420,9,9,0,reader_3_1.csv
2420,4,4,0,Reader_3_2.csv
2420,3,3,0,Reader_3_3.csv
2420,3,3,0,Reader_3_4.csv
2420,3,2,1,Reader_3_5.csv
2420,2,2,0,Reader_3_6.csv
2420,2,2,0,Reader_3_7.csv
2421,14,11,3,Reader_1_1.csv
2421,0,0,0,Reader_1_10.csv
2421,0,0,0,Reader_1_11.csv
2421,0,0,0,Reader_1_12.csv
2421,7,7,0,Reader_1_2.csv
2421,6,5,1,Reader_1_3.csv
2421,0,0,0,Reader_1_4.csv
2421,3,3,0,Reader_1_5.csv
2421,0,0,0,Reader_1_6.csv
2421,0,0,0,Reader_1_7.csv
2421,1,1,0,Reader_1_8.csv
2421,0,0,0,Reader_1_9.csv
2421,0,0,0,Reader_2_1.csv
2421,0,0,0,Reader_2_10.csv
2421,0,0,0,Reader_2_11.csv
2421,3,3,0,Reader_2_12.csv
2421,0,0,0,Reader_2_2.csv
2421,0,0,0,Reader_2_3.csv
2421,0,0,0,Reader_2_4.csv
2421,0,0,0,Reader_2_5.csv
2421,1,1,0,Reader_2_6.csv
2421,0,0,0,Reader_2_7.csv
2421,0,0,0,Reader_2_8.csv
2421,0,0,0,Reader_2_9.csv
2421,9,9,0,reader_3_1.csv
2421,4,4,0,Reader_3_2.csv
2421,3,3,0,Reader_3_3.csv
2421,3,3,0,Reader_3_4.csv
2421,3,2,1,Reader_3_5.csv
2421,1,1,0,Reader_3_6.csv
2421,2,2,0,Reader_3_7.csv
2422,12,10,2,Reader_1_1.csv
2422,0,0,0,Reader_1_10.csv
2422,0,0,0,Reader_1_11.csv
2422,0,0,0,Reader_1_12.csv
2422,7,7,0,Reader_1_2.csv
2422,5,4,1,Reader_1_3.csv
2422,0,0,0,Reader_1_4.csv
2422,2,2,0,Reader_1_5.csv
2422,2,2,0,Reader_1_6.csv
2422,0,0,0,Reader_1_7.csv
2422,1,1,0,Reader_1_8.csv
2422,0,0,0,Reader_1_9.csv
2422,0,0,0,Reader_2_1.csv
2422,0,0,0,Reader_2_10.csv
2422,0,0,0,Reader_2_11.csv
2422,3,3,0,Reader_2_12.csv
2422,0,0,0,Reader_2_2.csv
2422,0,0,0,Reader_2_3.csv
2422,0,0,0,Reader_2_4.csv
2422,0,0,0,Reader_2_5.csv
2422,1,1,0,Reader_2_6.csv
2422,0,0,0,Reader_2_7.csv
2422,0,0,0,Reader_2_8.csv
2422,0,0,0,Reader_2_9.csv
2422,9,9,0,reader_3_1.csv
2422,4,4,0,Reader_3_2.csv
2422,3,3,0,Reader_3_3.csv
2422,3,3,0,Reader_3_4.csv
2422,3,2,1,Reader_3_5.csv
2422,1,1,0,Reader_3_6.csv
2422,2,2,0,Reader_3_7.csv
2423,10,8,2,Reader_1_1.csv
2423,0,0,0,Reader_1_10.csv
2423,0,0,0,Reader_1_11.csv
2423,0,0,0,Reader_1_12.csv
2423,6,6,0,Reader_1_2.csv
2423,5,4,1,Reader_1_3.csv
2423,0,0,0,Reader_1_4.csv
2423,2,2,0,Reader_1_5.csv
2423,2,2,0,Reader_1_6.csv
2423,1,1,0,Reader_1_7.csv
2423,0,0,0,Reader_1_8.csv
2423,0,0,0,Reader_1_9.csv
2423,1,1,0,Reader_2_1.csv
2423,0,0,0,Reader_2_10.csv
2423,0,0,0,Reader_2_11.csv
2423,3,3,0,Reader_2_12.csv
2423,0,0,0,Reader_2_2.csv
2423,0,0,0,Reader_2_3.csv
2423,0,0,0,Reader_2_4.csv
2423,0,0,0,Reader_2_5.csv
2423,1,1,0,Reader_2_6.csv
2423,0,0,0,Reader_2_7.csv
2423,0,0,0,Reader_2_8.csv
2423,0,0,0,Reader_2_9.csv
2423,8,8,0,reader_3_1.csv
2423,3,3,0,Reader_3_2.csv
2423,3,3,0,Reader_3_3.csv
2423,3,3,0,Reader_3_4.csv
2423,3,2,1,Reader_3_5.csv
2423,2,2,0,Reader_3_6.csv
2423,2,2,0,Reader_3_7.csv
2424,9,7,2,Reader_1_1.csv
2424,0,0,0,Reader_1_10.csv
2424,0,0,0,Reader_1_11.csv
2424,0,0,0,Reader_1_12.csv
2424,5,5,0,Reader_1_2.csv
2424,4,3,1,Reader_1_3.csv
2424,0,0,0,Reader_1_4.csv
2424,2,2,0,Reader_1_5.csv
2424,2,2,0,Reader_1_6.csv
2424,1,1,0,Reader_1_7.csv
2424,0,0,0,Reader_1_8.csv
2424,0,0,0,Reader_1_9.csv
2424,1,1,0,Reader_2_1.csv
2424,0,0,0,Reader_2_10.csv
2424,0,0,0,Reader_2_11.csv
2424,3,3,0,Reader_2_12.csv
2424,0,0,0,Reader_2_2.csv
2424,0,0,0,Reader_2_3.csv
2424,0,0,0,Reader_2_4.csv
2424,0,0,0,Reader_2_5.csv
2424,1,1,0,Reader_2_6.csv
2424,0,0,0,Reader_2_7.csv
2424,0,0,0,Reader_2_8.csv
2424,0,0,0,Reader_2_9.csv
2424,8,7,1,reader_3_1.csv
2424,3,3,0,Reader_3_2.csv
2424,4,4,0,Reader_3_3.csv
2424,4,4,0,Reader_3_4.csv
2424,4,3,1,Reader_3_5.csv
2424,2,2,0,Reader_3_6.csv
2424,3,3,0,Reader_3_7.csv
2425,8,7,1,Reader_1_1.csv
2425,0,0,0,Reader_1_10.csv
2425,0,0,0,Reader_1_11.csv
2425,0,0,0,Reader_1_12.csv
2425,5,5,0,Reader_1_2.csv
2425,2,1,1,Reader_1_3.csv
2425,1,1,0,Reader_1_4.csv
2425,2,2,0,Reader_1_5.csv
2425,2,2,0,Reader_1_6.csv
2425,1,1,0,Reader_1_7.csv
2425,0,0,0,Reader_1_8.csv
2425,1,0,1,Reader_1_9.csv
2425,1,1,0,Reader_2_1.csv
2425,0,0,0,Reader_2_10.csv
2425,0,0,0,Reader_2_11.csv
2425,3,3,0,Reader_2_12.csv
2425,0,0,0,Reader_2_2.csv
2425,0,0,0,Reader_2_3.csv
2425,0,0,0,Reader_2_4.csv
2425,0,0,0,Reader_2_5.csv
2425,1,1,0,Reader_2_6.csv
2425,0,0,0,Reader_2_7.csv
2425,0,0,0,Reader_2_8.csv
2425,0,0,0,Reader_2_9.csv
2425,10,9,1,reader_3_1.csv
2425,2,2,0,Reader_3_2.csv
2425,4,4,0,Reader_3_3.csv
2425,4,4,0,Reader_3_4.csv
2425,4,4,0,Reader_3_5.csv
2425,2,2,0,Reader_3_6.csv
2425,3,3,0,Reader_3_7.csv
2426,5,5,0,Reader_1_1.csv
2426,0,0,0,Reader_1_10.csv
2426,0,0,0,Reader_1_11.csv
2426,0,0,0,Reader_1_12.csv
2426,7,6,1,Reader_1_2.csv
2426,1,1,0,Reader_1_3.csv
2426,1,1,0,Reader_1_4.csv
2426,2,2,0,Reader_1_5.csv
2426,2,2,0,Reader_1_6.csv
2426,1,1,0,Reader_1_7.csv
2426,0,0,0,Reader_1_8.csv
2426,1,0,1,Reader_1_9.csv
2426,1,1,0,Reader_2_1.csv
2426,0,0,0,Reader_2_10.csv
2426,0,0,0,Reader_2_11.csv
2426,2,2,0,Reader_2_12.csv
2426,0,0,0,Reader_2_2.csv
2426,0,0,0,Reader_2_3.csv
2426,0,0,0,Reader_2_4.csv
2426,0,0,0,Reader_2_5.csv
2426,1,0,1,Reader_2_6.csv
2426,0,0,0,Reader_2_7.csv
2426,0,0,0,Reader_2_8.csv
2426,0,0,0,Reader_2_9.csv
2426,9,8,1,reader_3_1.csv
2426,1,1,0,Reader_3_2.csv
2426,4,4,0,Reader_3_3.csv
2426,4,4,0,Reader_3_4.csv
2426,4,4,0,Reader_3_5.csv
2426,3,3,0,Reader_3_6.csv
2426,3,3,0,Reader_3_7.csv
2427,6,6,0,Reader_1_1.csv
2427,0,0,0,Reader_1_10.csv
2427,0,0,0,Reader_1_11.csv
2427,0,0,0,Reader_1_12.csv
2427,7,6,1,Reader_1_2.csv
2427,0,0,0,Reader_1_3.csv
2427,1,1,0,Reader_1_4.csv
2427,2,2,0,Reader_1_5.csv
2427,2,2,0,Reader_1_6.csv
2427,2,1,1,Reader_1_7.csv
2427,0,0,0,Reader_1_8.csv
2427,1,0,1,Reader_1_9.csv
2427,1,1,0,Reader_2_1.csv
2427,0,0,0,Reader_2_10.csv
2427,0,0,0,Reader_2_11.csv
2427,2,2,0,Reader_2_12.csv
2427,0,0,0,Reader_2_2.csv
2427,0,0,0,Reader_2_3.csv
2427,0,0,0,Reader_2_4.csv
2427,0,0,0,Reader_2_5.csv
2427,1,0,1,Reader_2_6.csv
2427,0,0,0,Reader_2_7.csv
2427,0,0,0,Reader_2_8.csv
2427,0,0,0,Reader_2_9.csv
2427,10,9,1,reader_3_1.csv
2427,0,0,0,Reader_3_2.csv
2427,4,4,0,Reader_3_3.csv
2427,4,4,0,Reader_3_4.csv
2427,5,5,0,Reader_3_5.csv
2427,2,2,0,Reader_3_6.csv
2427,4,3,1,Reader_3_7.csv
2428,6,6,0,Reader_1_1.csv
2428,0,0,0,Reader_1_10.csv
2428,0,0,0,Reader_1_11.csv
2428,0,0,0,Reader_1_12.csv
2428,7,6,1,Reader_1_2.csv
2428,0,0,0,Reader_1_3.csv
2428,1,1,0,Reader_1_4.csv
2428,1,1,0,Reader_1_5.csv
2428,2,2,0,Reader_1_6.csv
2428,2,1,1,Reader_1_7.csv
2428,0,0,0,Reader_1_8.csv
2428,1,0,1,Reader_1_9.csv
2428,1,1,0,Reader_2_1.csv
2428,0,0,0,Reader_2_10.csv
2428,0,0,0,Reader_2_11.csv
2428,2,2,0,Reader_2_12.csv
2428,0,0,0,Reader_2_2.csv
2428,0,0,0,Reader_2_3.csv
2428,0,0,0,Reader_2_4.csv
2428,0,0,0,Reader_2_5.csv
2428,2,1,1,Reader_2_6.csv
2428,0,0,0,Reader_2_7.csv
2428,0,0,0,Reader_2_8.csv
2428,0,0,0,Reader_2_9.csv
2428,8,7,1,reader_3_1.csv
2428,0,0,0,Reader_3_2.csv
2428,5,4,1,Reader_3_3.csv
2428,5,4,1,Reader_3_4.csv
2428,3,3,0,Reader_3_5.csv
2428,3,2,1,Reader_3_6.csv
2428,3,2,1,Reader_3_7.csv
2429,7,7,0,Reader_1_1.csv
2429,0,0,0,Reader_1_10.csv
2429,0,0,0,Reader_1_11.csv
2429,0,0,0,Reader_1_12.csv
2429,6,5,1,Reader_1_2.csv
2429,0,0,0,Reader_1_3.csv
2429,1,1,0,Reader_1_4.csv
2429,0,0,0,Reader_1_5.csv
2429,3,2,1,Reader_1_6.csv
2429,2,1,1,Reader_1_7.csv
2429,0,0,0,Reader_1_8.csv
2429,1,0,1,Reader_1_9.csv
2429,1,1,0,Reader_2_1.csv
2429,0,0,0,Reader_2_10.csv
2429,0,0,0,Reader_2_11.csv
2429,2,2,0,Reader_2_12.csv
2429,0,0,0,Reader_2_2.csv
2429,0,0,0,Reader_2_3.csv
2429,0,0,0,Reader_2_4.csv
2429,0,0,0,Reader_2_5.csv
2429,2,1,1,Reader_2_6.csv
2429,0,0,0,Reader_2_7.csv
2429,0,0,0,Reader_2_8.csv
2429,0,0,0,Reader_2_9.csv
2429,20,18,2,reader_3_1.csv
2429,0,0,0,Reader_3_2.csv
2429,4,3,1,Reader_3_3.csv
2429,4,3,1,Reader_3_4.csv
2429,3,3,0,Reader_3_5.csv
2429,3,2,1,Reader_3_6.csv
2429,3,2,1,Reader_3_7.csv
2430,7,7,0,Reader_1_1.csv
2430,0,0,0,Reader_1_10.csv
2430,0,0,0,Reader_1_11.csv
2430,0,0,0,Reader_1_12.csv
2430,4,3,1,Reader_1_2.csv
2430,0,0,0,Reader_1_3.csv
2430,1,1,0,Reader_1_4.csv
2430,0,0,0,Reader_1_5.csv
2430,1,0,1,Reader_1_6.csv
2430,3,2,1,Reader_1_7.csv
2430,0,0,0,Reader_1_8.csv
2430,1,0,1,Reader_1_9.csv
2430,1,1,0,Reader_2_1.csv
2430,0,0,0,Reader_2_10.csv
2430,0,0,0,Reader_2_11.csv
2430,2,2,0,Reader_2_12.csv
2430,0,0,0,Reader_2_2.csv
2430,0,0,0,Reader_2_3.csv
2430,0,0,0,Reader_2_4.csv
2430,0,0,0,Reader_2_5.csv
2430,2,1,1,Reader_2_6.csv
2430,0,0,0,Reader_2_7.csv
2430,0,0,0,Reader_2_8.csv
2430,0,0,0,Reader_2_9.csv
2430,28,26,2,reader_3_1.csv
2430,1,1,0,Reader_3_2.csv
2430,6,4,2,Reader_3_3.csv
2430,6,4,2,Reader_3_4.csv
2430,3,3,0,Reader_3_5.csv
2430,3,2,1,Reader_3_6.csv
2430,3,2,1,Reader_3_7.csv
2431,7,7,0,Reader_1_1.csv
2431,0,0,0,Reader_1_10.csv
2431,0,0,0,Reader_1_11.csv
2431,0,0,0,Reader_1_12.csv
2431,4,3,1,Reader_1_2.csv
2431,0,0,0,Reader_1_3.csv
2431,1,1,0,Reader_1_4.csv
2431,0,0,0,Reader_1_5.csv
2431,1,0,1,Reader_1_6.csv
2431,2,1,1,Reader_1_7.csv
2431,0,0,0,Reader_1_8.csv
2431,1,0,1,Reader_1_9.csv
2431,4,4,0,Reader_2_1.csv
2431,0,0,0,Reader_2_10.csv
2431,0,0,0,Reader_2_11.csv
2431,2,1,1,Reader_2_12.csv
2431,0,0,0,Reader_2_2.csv
2431,0,0,0,Reader_2_3.csv
2431,0,0,0,Reader_2_4.csv
2431,0,0,0,Reader_2_5.csv
2431,2,1,1,Reader_2_6.csv
2431,0,0,0,Reader_2_7.csv
2431,0,0,0,Reader_2_8.csv
2431,0,0,0,Reader_2_9.csv
2431,41,37,4,reader_3_1.csv
2431,1,1,0,Reader_3_2.csv
2431,5,3,2,Reader_3_3.csv
2431,5,3,2,Reader_3_4.csv
2431,3,3,0,Reader_3_5.csv
2431,3,1,2,Reader_3_6.csv
2431,4,3,1,Reader_3_7.csv
2432,7,7,0,Reader_1_1.csv
2432,0,0,0,Reader_1_10.csv
2432,0,0,0,Reader_1_11.csv
2432,0,0,0,Reader_1_12.csv
2432,5,4,1,Reader_1_2.csv
2432,0,0,0,Reader_1_3.csv
2432,1,1,0,Reader_1_4.csv
2432,0,0,0,Reader_1_5.csv
2432,1,0,1,Reader_1_6.csv
2432,2,1,1,Reader_1_7.csv
2432,0,0,0,Reader_1_8.csv
2432,1,0,1,Reader_1_9.csv
2432,4,4,0,Reader_2_1.csv
2432,0,0,0,Reader_2_10.csv
2432,0,0,0,Reader_2_11.csv
2432,2,1,1,Reader_2_12.csv
2432,0,0,0,Reader_2_2.csv
2432,0,0,0,Reader_2_3.csv
2432,0,0,0,Reader_2_4.csv
2432,0,0,0,Reader_2_5.csv
2432,2,1,1,Reader_2_6.csv
2432,0,0,0,Reader_2_7.csv
2432,0,0,0,Reader_2_8.csv
2432,0,0,0,Reader_2_9.csv
2432,49,45,4,reader_3_1.csv
2432,2,2,0,Reader_3_2.csv
2432,4,2,2,Reader_3_3.csv
2432,4,2,2,Reader_3_4.csv
2432,2,2,0,Reader_3_5.csv
2432,4,2,2,Reader_3_6.csv
2432,5,4,1,Reader_3_7.csv
2433,7,7,0,Reader_1_1.csv
2433,0,0,0,Reader_1_10.csv
2433,0,0,0,Reader_1_11.csv
2433,0,0,0,Reader_1_12.csv
2433,4,3,1,Reader_1_2.csv
2433,0,0,0,Reader_1_3.csv
2433,0,0,0,Reader_1_4.csv
2433,0,0,0,Reader_1_5.csv
2433,1,0,1,Reader_1_6.csv
2433,3,2,1,Reader_1_7.csv
2433,0,0,0,Reader_1_8.csv
2433,0,0,0,Reader_1_9.csv
2433,5,4,1,Reader_2_1.csv
2433,0,0,0,Reader_2_10.csv
2433,0,0,0,Reader_2_11.csv
2433,3,2,1,Reader_2_12.csv
2433,0,0,0,Reader_2_2.csv
2433,0,0,0,Reader_2_3.csv
2433,0,0,0,Reader_2_4.csv
2433,0,0,0,Reader_2_5.csv
2433,2,1,1,Reader_2_6.csv
2433,0,0,0,Reader_2_7.csv
2433,0,0,0,Reader_2_8.csv
2433,0,0,0,Reader_2_9.csv
2433,56,52,4,reader_3_1.csv
2433,2,2,0,Reader_3_2.csv
2433,5,3,2,Reader_3_3.csv
2433,5,3,2,Reader_3_4.csv
2433,1,1,0,Reader_3_5.csv
2433,4,2,2,Reader_3_6.csv
2433,5,4,1,Reader_3_7.csv
2434,6,6,0,Reader_1_1.csv
2434,0,0,0,Reader_1_10.csv
2434,0,0,0,Reader_1_11.csv
2434,0,0,0,Reader_1_12.csv
2434,2,2,0,Reader_1_2.csv
2434,1,1,0,Reader_1_3.csv
2434,0,0,0,Reader_1_4.csv
2434,0,0,0,Reader_1_5.csv
2434,1,0,1,Reader_1_6.csv
2434,3,2,1,Reader_1_7.csv
2434,0,0,0,Reader_1_8.csv
2434,0,0,0,Reader_1_9.csv
2434,5,4,1,Reader_2_1.csv
2434,0,0,0,Reader_2_10.csv
2434,0,0,0,Reader_2_11.csv
2434,4,3,1,Reader_2_12.csv
2434,0,0,0,Reader_2_2.csv
2434,0,0,0,Reader_2_3.csv
2434,0,0,0,Reader_2_4.csv
2434,0,0,0,Reader_2_5.csv
2434,1,1,0,Reader_2_6.csv
2434,0,0,0,Reader_2_7.csv
2434,0,0,0,Reader_2_8.csv
2434,0,0,0,Reader_2_9.csv
2434,57,53,4,reader_3_1.csv
2434,3,3,0,Reader_3_2.csv
2434,5,3,2,Reader_3_3.csv
2434,5,3,2,Reader_3_4.csv
2434,1,1,0,Reader_3_5.csv
2434,4,2,2,Reader_3_6.csv
2434,4,3,1,Reader_3_7.csv
2435,4,4,0,Reader_1_1.csv
2435,0,0,0,Reader_1_10.csv
2435,1,1,0,Reader_1_11.csv
2435,0,0,0,Reader_1_12.csv
2435,2,2,0,Reader_1_2.csv
2435,1,1,0,Reader_1_3.csv
2435,0,0,0,Reader_1_4.csv
2435,1,1,0,Reader_1_5.csv
2435,1,0,1,Reader_1_6.csv
2435,2,2,0,Reader_1_7.csv
2435,0,0,0,Reader_1_8.csv
2435,0,0,0,Reader_1_9.csv
2435,5,4,1,Reader_2_1.csv
2435,0,0,0,Reader_2_10.csv
2435,0,0,0,Reader_2_11.csv
2435,4,3,1,Reader_2_12.csv
2435,0,0,0,Reader_2_2.csv
2435,1,1,0,Reader_2_3.csv
2435,0,0,0,Reader_2_4.csv
2435,0,0,0,Reader_2_5.csv
2435,1,1,0,Reader_2_6.csv
2435,0,0,0,Reader_2_7.csv
2435,0,0,0,Reader_2_8.csv
2435,0,0,0,Reader_2_9.csv
2435,70,66,4,reader_3_1.csv
2435,4,3,1,Reader_3_2.csv
2435,5,3,2,Reader_3_3.csv
2435,5,3,2,Reader_3_4.csv
2435,2,2,0,Reader_3_5.csv
2435,4,2,2,Reader_3_6.csv
2435,3,3,0,Reader_3_7.csv
2436,5,5,0,Reader_1_1.csv
2436,0,0,0,Reader_1_10.csv
2436,1,1,0,Reader_1_11.csv
2436,0,0,0,Reader_1_12.csv
2436,3,3,0,Reader_1_2.csv
2436,1,1,0,Reader_1_3.csv
2436,1,0,1,Reader_1_4.csv
2436,1,1,0,Reader_1_5.csv
2436,1,0,1,Reader_1_6.csv
2436,2,2,0,Reader_1_7.csv
2436,0,0,0,Reader_1_8.csv
2436,0,0,0,Reader_1_9.csv
2436,5,4,1,Reader_2_1.csv
2436,0,0,0,Reader_2_10.csv
2436,0,0,0,Reader_2_11.csv
2436,4,3,1,Reader_2_12.csv
2436,0,0,0,Reader_2_2.csv
2436,1,1,0,Reader_2_3.csv
2436,1,1,0,Reader_2_4.csv
2436,0,0,0,Reader_2_5.csv
2436,0,0,0,Reader_2_6.csv
2436,0,0,0,Reader_2_7.csv
2436,0,0,0,Reader_2_8.csv
2436,0,0,0,Reader_2_9.csv
2436,79,75,4,reader_3_1.csv
2436,5,4,1,Reader_3_2.csv
2436,4,3,1,Reader_3_3.csv
2436,4,3,1,Reader_3_4.csv
2436,2,2,0,Reader_3_5.csv
2436,3,2,1,Reader_3_6.csv
2436,3,3,0,Reader_3_7.csv
2437,5,4,1,Reader_1_1.csv
2437,0,0,0,Reader_1_10.csv
2437,2,2,0,Reader_1_11.csv
2437,0,0,0,Reader_1_12.csv
2437,3,3,0,Reader_1_2.csv
2437,1,1,0,Reader_1_3.csv
2437,1,0,1,Reader_1_4.csv
2437,1,1,0,Reader_1_5.csv
2437,0,0,0,Reader_1_6.csv
2437,2,2,0,Reader_1_7.csv
2437,0,0,0,Reader_1_8.csv
2437,0,0,0,Reader_1_9.csv
2437,5,4,1,Reader_2_1.csv
2437,0,0,0,Reader_2_10.csv
2437,0,0,0,Reader_2_11.csv
2437,7,5,2,Reader_2_12.csv
2437,0,0,0,Reader_2_2.csv
2437,1,1,0,Reader_2_3.csv
2437,1,1,0,Reader_2_4.csv
2437,0,0,0,Reader_2_5.csv
2437,0,0,0,Reader_2_6.csv
2437,0,0,0,Reader_2_7.csv
2437,0,0,0,Reader_2_8.csv
2437,0,0,0,Reader_2_9.csv
2437,79,75,4,reader_3_1.csv
2437,6,5,1,Reader_3_2.csv
2437,4,3,1,Reader_3_3.csv
2437,4,3,1,Reader_3_4.csv
2437,2,2,0,Reader_3_5.csv
2437,3,2,1,Reader_3_6.csv
2437,3,3,0,Reader_3_7.csv
2438,7,6,1,Reader_1_1.csv
2438,0,0,0,Reader_1_10.csv
2438,2,2,0,Reader_1_11.csv
2438,0,0,0,Reader_1_12.csv
2438,3,3,0,Reader_1_2.csv
2438,1,1,0,Reader_1_3.csv
2438,1,0,1,Reader_1_4.csv
2438,2,2,0,Reader_1_5.csv
2438,0,0,0,Reader_1_6.csv
2438,1,1,0,Reader_1_7.csv
2438,0,0,0,Reader_1_8.csv
2438,0,0,0,Reader_1_9.csv
2438,5,4,1,Reader_2_1.csv
2438,0,0,0,Reader_2_10.csv
2438,0,0,0,Reader_2_11.csv
2438,9,7,2,Reader_2_12.csv
2438,0,0,0,Reader_2_2.csv
2438,1,1,0,Reader_2_3.csv
2438,1,1,0,Reader_2_4.csv
2438,0,0,0,Reader_2_5.csv
2438,0,0,0,Reader_2_6.csv
2438,0,0,0,Reader_2_7.csv
2438,0,0,0,Reader_2_8.csv
2438,0,0,0,Reader_2_9.csv
2438,75,71,4,reader_3_1.csv
2438,5,4,1,Reader_3_2.csv
2438,2,2,0,Reader_3_3.csv
2438,2,2,0,Reader_3_4.csv
2438,3,3,0,Reader_3_5.csv
2438,3,2,1,Reader_3_6.csv
2438,3,3,0,Reader_3_7.csv
2439,7,6,1,Reader_1_1.csv
2439,0,0,0,Reader_1_10.csv
2439,4,4,0,Reader_1_11.csv
2439,0,0,0,Reader_1_12.csv
2439,3,3,0,Reader_1_2.csv
2439,1,1,0,Reader_1_3.csv
2439,1,0,1,Reader_1_4.csv
2439,2,2,0,Reader_1_5.csv
2439,1,1,0,Reader_1_6.csv
2439,1,1,0,Reader_1_7.csv
2439,0,0,0,Reader_1_8.csv
2439,0,0,0,Reader_1_9.csv
2439,1,0,1,Reader_2_1.csv
2439,0,0,0,Reader_2_10.csv
2439,0,0,0,Reader_2_11.csv
2439,8,7,1,Reader_2_12.csv
2439,0,0,0,Reader_2_2.csv
2439,1,1,0,Reader_2_3.csv
2439,1,1,0,Reader_2_4.csv
2439,0,0,0,Reader_2_5.csv
2439,0,0,0,Reader_2_6.csv
2439,0,0,0,Reader_2_7.csv
2439,0,0,0,Reader_2_8.csv
2439,0,0,0,Reader_2_9.csv
2439,70,67,3,reader_3_1.csv
2439,7,5,2,Reader_3_2.csv
2439,1,1,0,Reader_3_3.csv
2439,1,1,0,Reader_3_4.csv
2439,3,3,0,Reader_3_5.csv
2439,2,2,0,Reader_3_6.csv
2439,2,2,0,Reader_3_7.csv
2440,7,6,1,Reader_1_1.csv
2440,0,0,0,Reader_1_10.csv
2440,4,4,0,Reader_1_11.csv
2440,0,0,0,Reader_1_12.csv
2440,3,3,0,Reader_1_2.csv
2440,1,1,0,Reader_1_3.csv
2440,1,0,1,Reader_1_4.csv
2440,2,2,0,Reader_1_5.csv
2440,1,1,0,Reader_1_6.csv
2440,2,1,1,Reader_1_7.csv
2440,0,0,0,Reader_1_8.csv
2440,0,0,0,Reader_1_9.csv
2440,1,0,1,Reader_2_1.csv
2440,0,0,0,Reader_2_10.csv
2440,0,0,0,Reader_2_11.csv
2440,11,10,1,Reader_2_12.csv
2440,0,0,0,Reader_2_2.csv
2440,1,1,0,Reader_2_3.csv
2440,1,1,0,Reader_2_4.csv
2440,0,0,0,Reader_2_5.csv
2440,1,1,0,Reader_2_6.csv
2440,0,0,0,Reader_2_7.csv
2440,0,0,0,Reader_2_8.csv
2440,0,0,0,Reader_2_9.csv
2440,70,67,3,reader_3_1.csv
2440,7,5,2,Reader_3_2.csv
2440,2,2,0,Reader_3_3.csv
2440,2,2,0,Reader_3_4.csv
2440,3,3,0,Reader_3_5.csv
2440,1,1,0,Reader_3_6.csv
2440,1,1,0,Reader_3_7.csv
2441,7,6,1,Reader_1_1.csv
2441,0,0,0,Reader_1_10.csv
2441,4,4,0,Reader_1_11.csv
2441,0,0,0,Reader_1_12.csv
2441,2,2,0,Reader_1_2.csv
2441,1,1,0,Reader_1_3.csv
2441,1,0,1,Reader_1_4.csv
2441,2,2,0,Reader_1_5.csv
2441,1,1,0,Reader_1_6.csv
2441,2,1,1,Reader_1_7.csv
2441,0,0,0,Reader_1_8.csv
2441,0,0,0,Reader_1_9.csv
2441,0,0,0,Reader_2_1.csv
2441,0,0,0,Reader_2_10.csv
2441,0,0,0,Reader_2_11.csv
2441,11,10,1,Reader_2_12.csv
2441,0,0,0,Reader_2_2.csv
2441,1,1,0,Reader_2_3.csv
2441,1,1,0,Reader_2_4.csv
2441,0,0,0,Reader_2_5.csv
2441,1,1,0,Reader_2_6.csv
2441,0,0,0,Reader_2_7.csv
2441,0,0,0,Reader_2_8.csv
2441,0,0,0,Reader_2_9.csv
2441,68,64,4,reader_3_1.csv
2441,7,5,2,Reader_3_2.csv
2441,1,1,0,Reader_3_3.csv
2441,1,1,0,Reader_3_4.csv
2441,3,3,0,Reader_3_5.csv
2441,1,1,0,Reader_3_6.csv
2441,1,1,0,Reader_3_7.csv
2442,9,8,1,Reader_1_1.csv
2442,0,0,0,Reader_1_10.csv
2442,4,4,0,Reader_1_11.csv
2442,1,1,0,Reader_1_12.csv
2442,2,2,0,Reader_1_2.csv
2442,1,1,0,Reader_1_3.csv
2442,1,0,1,Reader_1_4.csv
2442,2,2,0,Reader_1_5.csv
2442,1,1,0,Reader_1_6.csv
2442,2,1,1,Reader_1_7.csv
2442,0,0,0,Reader_1_8.csv
2442,0,0,0,Reader_1_9.csv
2442,0,0,0,Reader_2_1.csv
2442,1,1,0,Reader_2_10.csv
2442,0,0,0,Reader_2_11.csv
2442,10,9,1,Reader_2_12.csv
2442,0,0,0,Reader_2_2.csv
2442,1,1,0,Reader_2_3.csv
2442,1,1,0,Reader_2_4.csv
2442,0,0,0,Reader_2_5.csv
2442,1,1,0,Reader_2_6.csv
2442,0,0,0,Reader_2_7.csv
2442,0,0,0,Reader_2_8.csv
2442,0,0,0,Reader_2_9.csv
2442,68,64,4,reader_3_1.csv
2442,6,4,2,Reader_3_2.csv
2442,1,1,0,Reader_3_3.csv
2442,1,1,0,Reader_3_4.csv
2442,5,5,0,Reader_3_5.csv
2442,0,0,0,Reader_3_6.csv
2442,1,1,0,Reader_3_7.csv
2443,11,10,1,Reader_1_1.csv
2443,0,0,0,Reader_1_10.csv
2443,3,3,0,Reader_1_11.csv
2443,1,1,0,Reader_1_12.csv
2443,2,2,0,Reader_1_2.csv
2443,1,1,0,Reader_1_3.csv
2443,2,1,1,Reader_1_4.csv
2443,1,1,0,Reader_1_5.csv
2443,1,1,0,Reader_1_6.csv
2443,2,1,1,Reader_1_7.csv
2443,1,1,0,Reader_1_8.csv
2443,0,0,0,Reader_1_9.csv
2443,0,0,0,Reader_2_1.csv
2443,1,1,0,Reader_2_10.csv
2443,0,0,0,Reader_2_11.csv
2443,10,9,1,Reader_2_12.csv
2443,0,0,0,Reader_2_2.csv
2443,0,0,0,Reader_2_3.csv
2443,1,1,0,Reader_2_4.csv
2443,0,0,0,Reader_2_5.csv
2443,1,1,0,Reader_2_6.csv
2443,0,0,0,Reader_2_7.csv
2443,0,0,0,Reader_2_8.csv
2443,0,0,0,Reader_2_9.csv
2443,60,56,4,reader_3_1.csv
2443,5,4,1,Reader_3_2.csv
2443,1,1,0,Reader_3_3.csv
2443,1,1,0,Reader_3_4.csv
2443,4,4,0,Reader_3_5.csv
2443,0,0,0,Reader_3_6.csv
2443,2,2,0,Reader_3_7.csv
2444,10,9,1,Reader_1_1.csv
2444,1,0,1,Reader_1_10.csv
2444,3,3,0,Reader_1_11.csv
2444,1,1,0,Reader_1_12.csv
2444,1,1,0,Reader_1_2.csv
2444,2,2,0,Reader_1_3.csv
2444,1,1,0,Reader_1_4.csv
2444,1,1,0,Reader_1_5.csv
2444,1,1,0,Reader_1_6.csv
2444,4,3,1,Reader_1_7.csv
2444,1,1,0,Reader_1_8.csv
2444,0,0,0,Reader_1_9.csv
2444,0,0,0,Reader_2_1.csv
2444,1,1,0,Reader_2_10.csv
2444,0,0,0,Reader_2_11.csv
2444,10,9,1,Reader_2_12.csv
2444,0,0,0,Reader_2_2.csv
2444,0,0,0,Reader_2_3.csv
2444,0,0,0,Reader_2_4.csv
2444,0,0,0,Reader_2_5.csv
2444,1,1,0,Reader_2_6.csv
2444,0,0,0,Reader_2_7.csv
2444,0,0,0,Reader_2_8.csv
2444,0,0,0,Reader_2_9.csv
2444,52,48,4,reader_3_1.csv
2444,5,4,1,Reader_3_2.csv
2444,2,1,1,Reader_3_3.csv
2444,2,1,1,Reader_3_4.csv
2444,5,5,0,Reader_3_5.csv
2444,1,1,0,Reader_3_6.csv
2444,2,2,0,Reader_3_7.csv
2445,10,9,1,Reader_1_1.csv
2445,1,0,1,Reader_1_10.csv
2445,2,2,0,Reader_1_11.csv
2445,1,1,0,Reader_1_12.csv
2445,1,1,0,Reader_1_2.csv
2445,2,2,0,Reader_1_3.csv
2445,1,1,0,Reader_1_4.csv
2445,1,1,0,Reader_1_5.csv
2445,1,1,0,Reader_1_6.csv
2445,4,3,1,Reader_1_7.csv
2445,1,1,0,Reader_1_8.csv
2445,0,0,0,Reader_1_9.csv
2445,1,1,0,Reader_2_1.csv
2445,1,1,0,Reader_2_10.csv
2445,0,0,0,Reader_2_11.csv
2445,6,6,0,Reader_2_12.csv
2445,0,0,0,Reader_2_2.csv
2445,0,0,0,Reader_2_3.csv
2445,0,0,0,Reader_2_4.csv
2445,0,0,0,Reader_2_5.csv
2445,1,1,0,Reader_2_6.csv
2445,0,0,0,Reader_2_7.csv
2445,0,0,0,Reader_2_8.csv
2445,0,0,0,Reader_2_9.csv
2445,42,39,3,reader_3_1.csv
2445,4,3,1,Reader_3_2.csv
2445,2,1,1,Reader_3_3.csv
2445,2,1,1,Reader_3_4.csv
2445,8,8,0,Reader_3_5.csv
2445,1,1,0,Reader_3_6.csv
2445,2,2,0,Reader_3_7.csv
2446,10,9,1,Reader_1_1.csv
2446,1,0,1,Reader_1_10.csv
2446,2,2,0,Reader_1_11.csv
2446,1,1,0,Reader_1_12.csv
2446,2,2,0,Reader_1_2.csv
2446,2,2,0,Reader_1_3.csv
2446,1,1,0,Reader_1_4.csv
2446,0,0,0,Reader_1_5.csv
2446,2,2,0,Reader_1_6.csv
2446,4,3,1,Reader_1_7.csv
2446,1,1,0,Reader_1_8.csv
2446,0,0,0,Reader_1_9.csv
2446,2,2,0,Reader_2_1.csv
2446,1,1,0,Reader_2_10.csv
2446,0,0,0,Reader_2_11.csv
2446,4,4,0,Reader_2_12.csv
2446,0,0,0,Reader_2_2.csv
2446,0,0,0,Reader_2_3.csv
2446,0,0,0,Reader_2_4.csv
2446,0,0,0,Reader_2_5.csv
2446,2,2,0,Reader_2_6.csv
2446,0,0,0,Reader_2_7.csv
2446,0,0,0,Reader_2_8.csv
2446,0,0,0,Reader_2_9.csv
2446,39,36,3,reader_3_1.csv
2446,6,5,1,Reader_3_2.csv
2446,2,1,1,Reader_3_3.csv
2446,2,1,1,Reader_3_4.csv
2446,9,8,1,Reader_3_5.csv
2446,1,1,0,Reader_3_6.csv
2446,2,2,0,Reader_3_7.csv
2447,9,8,1,Reader_1_1.csv
2447,1,0,1,Reader_1_10.csv
2447,0,0,0,Reader_1_11.csv
2447,1,1,0,Reader_1_12.csv
2447,2,2,0,Reader_1_2.csv
2447,2,2,0,Reader_1_3.csv
2447,1,1,0,Reader_1_4.csv
2447,0,0,0,Reader_1_5.csv
2447,3,3,0,Reader_1_6.csv
2447,4,3,1,Reader_1_7.csv
2447,1,1,0,Reader_1_8.csv
2447,0,0,0,Reader_1_9.csv
2447,3,3,0,Reader_2_1.csv
2447,1,1,0,Reader_2_10.csv
2447,0,0,0,Reader_2_11.csv
2447,7,7,0,Reader_2_12.csv
2447,0,0,0,Reader_2_2.csv
2447,0,0,0,Reader_2_3.csv
2447,0,0,0,Reader_2_4.csv
2447,0,0,0,Reader_2_5.csv
2447,2,2,0,Reader_2_6.csv
2447,0,0,0,Reader_2_7.csv
2447,0,0,0,Reader_2_8.csv
2447,0,0,0,Reader_2_9.csv
2447,31,29,2,reader_3_1.csv
2447,5,5,0,Reader_3_2.csv
2447,4,3,1,Reader_3_3.csv
2447,4,3,1,Reader_3_4.csv
2447,10,8,2,Reader_3_5.csv
2447,1,1,0,Reader_3_6.csv
2447,2,2,0,Reader_3_7.csv
2448,8,7,1,Reader_1_1.csv
2448,1,0,1,Reader_1_10.csv
2448,0,0,0,Reader_1_11.csv
2448,1,1,0,Reader_1_12.csv
2448,2,2,0,Reader_1_2.csv
2448,2,2,0,Reader_1_3.csv
2448,1,1,0,Reader_1_4.csv
2448,0,0,0,Reader_1_5.csv
2448,3,3,0,Reader_1_6.csv
2448,3,3,0,Reader_1_7.csv
2448,2,2,0,Reader_1_8.csv
2448,0,0,0,Reader_1_9.csv
2448,3,3,0,Reader_2_1.csv
2448,1,1,0,Reader_2_10.csv
2448,0,0,0,Reader_2_11.csv
2448,4,4,0,Reader_2_12.csv
2448,0,0,0,Reader_2_2.csv
2448,0,0,0,Reader_2_3.csv
2448,0,0,0,Reader_2_4.csv
2448,0,0,0,Reader_2_5.csv
2448,1,1,0,Reader_2_6.csv
2448,0,0,0,Reader_2_7.csv
2448,0,0,0,Reader_2_8.csv
2448,0,0,0,Reader_2_9.csv
2448,24,23,1,reader_3_1.csv
2448,4,4,0,Reader_3_2.csv
2448,4,3,1,Reader_3_3.csv
2448,4,3,1,Reader_3_4.csv
2448,12,9,3,Reader_3_5.csv
2448,1,1,0,Reader_3_6.csv
2448,2,2,0,Reader_3_7.csv
2449,7,6,1,Reader_1_1.csv
2449,1,0,1,Reader_1_10.csv
2449,0,0,0,Reader_1_11.csv
2449,1,1,0,Reader_1_12.csv
2449,2,2,0,Reader_1_2.csv
2449,2,2,0,Reader_1_3.csv
2449,1,1,0,Reader_1_4.csv
2449,0,0,0,Reader_1_5.csv
2449,3,3,0,Reader_1_6.csv
2449,2,2,0,Reader_1_7.csv
2449,2,2,0,Reader_1_8.csv
2449,0,0,0,Reader_1_9.csv
2449,3,3,0,Reader_2_1.csv
2449,1,1,0,Reader_2_10.csv
2449,0,0,0,Reader_2_11.csv
2449,3,3,0,Reader_2_12.csv
2449,0,0,0,Reader_2_2.csv
2449,0,0,0,Reader_2_3.csv
2449,0,0,0,Reader_2_4.csv
2449,0,0,0,Reader_2_5.csv
2449,1,1,0,Reader_2_6.csv
2449,0,0,0,Reader_2_7.csv
2449,0,0,0,Reader_2_8.csv
2449,0,0,0,Reader_2_9.csv
2449,16,16,0,reader_3_1.csv
2449,4,4,0,Reader_3_2.csv
2449,6,5,1,Reader_3_3.csv
2449,6,5,1,Reader_3_4.csv
2449,12,9,3,Reader_3_5.csv
2449,1,1,0,Reader_3_6.csv
2449,2,2,0,Reader_3_7.csv
2450,6,5,1,Reader_1_1.csv
2450,1,0,1,Reader_1_10.csv
2450,1,1,0,Reader_1_11.csv
2450,0,0,0,Reader_1_12.csv
2450,3,3,0,Reader_1_2.csv
2450,1,1,0,Reader_1_3.csv
2450,1,1,0,Reader_1_4.csv
2450,0,0,0,Reader_1_5.csv
2450,3,3,0,Reader_1_6.csv
2450,3,3,0,Reader_1_7.csv
2450,2,2,0,Reader_1_8.csv
2450,0,0,0,Reader_1_9.csv
2450,4,4,0,Reader_2_1.csv
2450,0,0,0,Reader_2_10.csv
2450,0,0,0,Reader_2_11.csv
2450,6,6,0,Reader_2_12.csv
2450,0,0,0,Reader_2_2.csv
2450,0,0,0,Reader_2_3.csv
2450,0,0,0,Reader_2_4.csv
2450,0,0,0,Reader_2_5.csv
2450,1,1,0,Reader_2_6.csv
2450,0,0,0,Reader_2_7.csv
2450,0,0,0,Reader_2_8.csv
2450,0,0,0,Reader_2_9.csv
2450,13,13,0,reader_3_1.csv
2450,4,4,0,Reader_3_2.csv
2450,8,6,2,Reader_3_3.csv
2450,8,6,2,Reader_3_4.csv
2450,11,8,3,Reader_3_5.csv
2450,2,1,1,Reader_3_6.csv
2450,2,2,0,Reader_3_7.csv
2451,4,3,1,Reader_1_1.csv
2451,1,0,1,Reader_1_10.csv
2451,2,1,1,Reader_1_11.csv
2451,0,0,0,Reader_1_12.csv
2451,4,4,0,Reader_1_2.csv
2451,2,2,0,Reader_1_3.csv
2451,0,0,0,Reader_1_4.csv
2451,0,0,0,Reader_1_5.csv
2451,5,5,0,Reader_1_6.csv
2451,4,4,0,Reader_1_7.csv
2451,1,1,0,Reader_1_8.csv
2451,0,0,0,Reader_1_9.csv
2451,4,4,0,Reader_2_1.csv
2451,0,0,0,Reader_2_10.csv
2451,0,0,0,Reader_2_11.csv
2451,8,8,0,Reader_2_12.csv
2451,0,0,0,Reader_2_2.csv
2451,0,0,0,Reader_2_3.csv
2451,1,1,0,Reader_2_4.csv
2451,0,0,0,Reader_2_5.csv
2451,1,1,0,Reader_2_6.csv
2451,0,0,0,Reader_2_7.csv
2451,0,0,0,Reader_2_8.csv
2451,0,0,0,Reader_2_9.csv
2451,9,9,0,reader_3_1.csv
2451,5,4,1,Reader_3_2.csv
2451,9,7,2,Reader_3_3.csv
2451,9,7,2,Reader_3_4.csv
2451,10,7,3,Reader_3_5.csv
2451,2,1,1,Reader_3_6.csv
2451,1,1,0,Reader_3_7.csv
2452,4,3,1,Reader_1_1.csv
2452,0,0,0,Reader_1_10.csv
2452,2,1,1,Reader_1_11.csv
2452,0,0,0,Reader_1_12.csv
2452,5,5,0,Reader_1_2.csv
2452,2,2,0,Reader_1_3.csv
2452,0,0,0,Reader_1_4.csv
2452,0,0,0,Reader_1_5.csv
2452,5,5,0,Reader_1_6.csv
2452,2,2,0,Reader_1_7.csv
2452,2,2,0,Reader_1_8.csv
2452,0,0,0,Reader_1_9.csv
2452,4,4,0,Reader_2_1.csv
2452,0,0,0,Reader_2_10.csv
2452,0,0,0,Reader_2_11.csv
2452,8,8,0,Reader_2_12.csv
2452,0,0,0,Reader_2_2.csv
2452,0,0,0,Reader_2_3.csv
2452,1,1,0,Reader_2_4.csv
2452,0,0,0,Reader_2_5.csv
2452,2,1,1,Reader_2_6.csv
2452,0,0,0,Reader_2_7.csv
2452,0,0,0,Reader_2_8.csv
2452,0,0,0,Reader_2_9.csv
2452,8,8,0,reader_3_1.csv
2452,4,3,1,Reader_3_2.csv
2452,11,8,3,Reader_3_3.csv
2452,11,8,3,Reader_3_4.csv
2452,9,6,3,Reader_3_5.csv
2452,1,0,1,Reader_3_6.csv
2452,2,2,0,Reader_3_7.csv
2453,4,4,0,Reader_1_1.csv
2453,0,0,0,Reader_1_10.csv
2453,2,1,1,Reader_1_11.csv
2453,0,0,0,Reader_1_12.csv
2453,6,5,1,Reader_1_2.csv
2453,2,2,0,Reader_1_3.csv
2453,0,0,0,Reader_1_4.csv
2453,0,0,0,Reader_1_5.csv
2453,5,5,0,Reader_1_6.csv
2453,2,2,0,Reader_1_7.csv
2453,2,2,0,Reader_1_8.csv
2453,0,0,0,Reader_1_9.csv
2453,4,4,0,Reader_2_1.csv
2453,0,0,0,Reader_2_10.csv
2453,0,0,0,Reader_2_11.csv
2453,8,8,0,Reader_2_12.csv
2453,0,0,0,Reader_2_2.csv
2453,0,0,0,Reader_2_3.csv
2453,1,1,0,Reader_2_4.csv
2453,0,0,0,Reader_2_5.csv
2453,2,1,1,Reader_2_6.csv
2453,0,0,0,Reader_2_7.csv
2453,0,0,0,Reader_2_8.csv
2453,0,0,0,Reader_2_9.csv
2453,8,8,0,reader_3_1.csv
2453,4,3,1,Reader_3_2.csv
2453,12,8,4,Reader_3_3.csv
2453,12,8,4,Reader_3_4.csv
2453,6,3,3,Reader_3_5.csv
2453,1,0,1,Reader_3_6.csv
2453,3,3,0,Reader_3_7.csv
2454,2,2,0,Reader_1_1.csv
2454,0,0,0,Reader_1_10.csv
2454,2,1,1,Reader_1_11.csv
2454,0,0,0,Reader_1_12.csv
2454,5,4,1,Reader_1_2.csv
2454,2,2,0,Reader_1_3.csv
2454,0,0,0,Reader_1_4.csv
2454,0,0,0,Reader_1_5.csv
2454,4,4,0,Reader_1_6.csv
2454,2,2,0,Reader_1_7.csv
2454,2,2,0,Reader_1_8.csv
2454,0,0,0,Reader_1_9.csv
2454,3,3,0,Reader_2_1.csv
2454,0,0,0,Reader_2_10.csv
2454,0,0,0,Reader_2_11.csv
2454,12,11,1,Reader_2_12.csv
2454,0,0,0,Reader_2_2.csv
2454,0,0,0,Reader_2_3.csv
2454,1,1,0,Reader_2_4.csv
2454,0,0,0,Reader_2_5.csv
2454,1,0,1,Reader_2_6.csv
2454,0,0,0,Reader_2_7.csv
2454,0,0,0,Reader_2_8.csv
2454,0,0,0,Reader_2_9.csv
2454,8,8,0,reader_3_1.csv
2454,3,2,1,Reader_3_2.csv
2454,12,8,4,Reader_3_3.csv
2454,12,8,4,Reader_3_4.csv
2454,6,4,2,Reader_3_5.csv
2454,3,2,1,Reader_3_6.csv
2454,3,3,0,Reader_3_7.csv
2455,2,2,0,Reader_1_1.csv
2455,0,0,0,Reader_1_10.csv
2455,2,1,1,Reader_1_11.csv
2455,0,0,0,Reader_1_12.csv
2455,6,5,1,Reader_1_2.csv
2455,2,2,0,Reader_1_3.csv
2455,0,0,0,Reader_1_4.csv
2455,0,0,0,Reader_1_5.csv
2455,2,2,0,Reader_1_6.csv
2455,3,3,0,Reader_1_7.csv
2455,2,2,0,Reader_1_8.csv
2455,0,0,0,Reader_1_9.csv
2455,2,2,0,Reader_2_1.csv
2455,0,0,0,Reader_2_10.csv
2455,0,0,0,Reader_2_11.csv
2455,10,9,1,Reader_2_12.csv
2455,0,0,0,Reader_2_2.csv
2455,0,0,0,Reader_2_3.csv
2455,1,1,0,Reader_2_4.csv
2455,0,0,0,Reader_2_5.csv
2455,1,0,1,Reader_2_6.csv
2455,0,0,0,Reader_2_7.csv
2455,0,0,0,Reader_2_8.csv
2455,0,0,0,Reader_2_9.csv
2455,10,10,0,reader_3_1.csv
2455,2,1,1,Reader_3_2.csv
2455,10,6,4,Reader_3_3.csv
2455,10,6,4,Reader_3_4.csv
2455,6,5,1,Reader_3_5.csv
2455,3,2,1,Reader_3_6.csv
2455,3,3,0,Reader_3_7.csv
2456,3,3,0,Reader_1_1.csv
2456,0,0,0,Reader_1_10.csv
2456,2,1,1,Reader_1_11.csv
2456,0,0,0,Reader_1_12.csv
2456,5,4,1,Reader_1_2.csv
2456,2,2,0,Reader_1_3.csv
2456,0,0,0,Reader_1_4.csv
2456,0,0,0,Reader_1_5.csv
2456,2,2,0,Reader_1_6.csv
2456,3,3,0,Reader_1_7.csv
2456,1,1,0,Reader_1_8.csv
2456,0,0,0,Reader_1_9.csv
2456,2,2,0,Reader_2_1.csv
2456,0,0,0,Reader_2_10.csv
2456,0,0,0,Reader_2_11.csv
2456,10,9,1,Reader_2_12.csv
2456,0,0,0,Reader_2_2.csv
2456,0,0,0,Reader_2_3.csv
2456,1,1,0,Reader_2_4.csv
2456,0,0,0,Reader_2_5.csv
2456,1,0,1,Reader_2_6.csv
2456,0,0,0,Reader_2_7.csv
2456,0,0,0,Reader_2_8.csv
2456,0,0,0,Reader_2_9.csv
2456,8,8,0,reader_3_1.csv
2456,2,1,1,Reader_3_2.csv
2456,9,5,4,Reader_3_3.csv
2456,9,5,4,Reader_3_4.csv
2456,4,4,0,Reader_3_5.csv
2456,3,2,1,Reader_3_6.csv
2456,2,2,0,Reader_3_7.csv
2457,3,3,0,Reader_1_1.csv
2457,0,0,0,Reader_1_10.csv
2457,2,1,1,Reader_1_11.csv
2457,0,0,0,Reader_1_12.csv
2457,7,6,1,Reader_1_2.csv
2457,2,2,0,Reader_1_3.csv
2457,0,0,0,Reader_1_4.csv
2457,0,0,0,Reader_1_5.csv
2457,2,2,0,Reader_1_6.csv
2457,3,3,0,Reader_1_7.csv
2457,1,1,0,Reader_1_8.csv
2457,0,0,0,Reader_1_9.csv
2457,2,2,0,Reader_2_1.csv
2457,0,0,0,Reader_2_10.csv
2457,0,0,0,Reader_2_11.csv
2457,10,9,1,Reader_2_12.csv
2457,0,0,0,Reader_2_2.csv
2457,0,0,0,Reader_2_3.csv
2457,1,1,0,Reader_2_4.csv
2457,0,0,0,Reader_2_5.csv
2457,1,0,1,Reader_2_6.csv
2457,0,0,0,Reader_2_7.csv
2457,0,0,0,Reader_2_8.csv
2457,0,0,0,Reader_2_9.csv
2457,8,8,0,reader_3_1.csv
2457,2,1,1,Reader_3_2.csv
2457,7,3,4,Reader_3_3.csv
2457,7,3,4,Reader_3_4.csv
2457,5,5,0,Reader_3_5.csv
2457,3,2,1,Reader_3_6.csv
2457,3,3,0,Reader_3_7.csv
2458,3,3,0,Reader_1_1.csv
2458,0,0,0,Reader_1_10.csv
2458,1,0,1,Reader_1_11.csv
2458,1,1,0,Reader_1_12.csv
2458,7,6,1,Reader_1_2.csv
2458,2,2,0,Reader_1_3.csv
2458,0,0,0,Reader_1_4.csv
2458,0,0,0,Reader_1_5.csv
2458,2,2,0,Reader_1_6.csv
2458,2,2,0,Reader_1_7.csv
2458,1,1,0,Reader_1_8.csv
2458,0,0,0,Reader_1_9.csv
2458,1,1,0,Reader_2_1.csv
2458,0,0,0,Reader_2_10.csv
2458,0,0,0,Reader_2_11.csv
2458,7,6,1,Reader_2_12.csv
2458,0,0,0,Reader_2_2.csv
2458,0,0,0,Reader_2_3.csv
2458,1,1,0,Reader_2_4.csv
2458,0,0,0,Reader_2_5.csv
2458,1,0,1,Reader_2_6.csv
2458,0,0,0,Reader_2_7.csv
2458,0,0,0,Reader_2_8.csv
2458,0,0,0,Reader_2_9.csv
2458,8,8,0,reader_3_1.csv
2458,3,2,1,Reader_3_2.csv
2458,7,4,3,Reader_3_3.csv
2458,7,4,3,Reader_3_4.csv
2458,4,4,0,Reader_3_5.csv
2458,4,3,1,Reader_3_6.csv
2458,3,3,0,Reader_3_7.csv
2459,3,3,0,Reader_1_1.csv
2459,0,0,0,Reader_1_10.csv
2459,0,0,0,Reader_1_11.csv
2459,1,1,0,Reader_1_12.csv
2459,6,5,1,Reader_1_2.csv
2459,1,1,0,Reader_1_3.csv
2459,0,0,0,Reader_1_4.csv
2459,1,1,0,Reader_1_5.csv
2459,0,0,0,Reader_1_6.csv
2459,1,1,0,Reader_1_7.csv
2459,1,1,0,Reader_1_8.csv
2459,0,0,0,Reader_1_9.csv
2459,1,1,0,Reader_2_1.csv
2459,0,0,0,Reader_2_10.csv
2459,0,0,0,Reader_2_11.csv
2459,8,7,1,Reader_2_12.csv
2459,0,0,0,Reader_2_2.csv
2459,0,0,0,Reader_2_3.csv
2459,0,0,0,Reader_2_4.csv
2459,0,0,0,Reader_2_5.csv
2459,1,0,1,Reader_2_6.csv
2459,0,0,0,Reader_2_7.csv
2459,0,0,0,Reader_2_8.csv
2459,0,0,0,Reader_2_9.csv
2459,7,7,0,reader_3_1.csv
2459,2,2,0,Reader_3_2.csv
2459,7,3,4,Reader_3_3.csv
2459,7,3,4,Reader_3_4.csv
2459,6,6,0,Reader_3_5.csv
2459,4,3,1,Reader_3_6.csv
2459,3,3,0,Reader_3_7.csv
2460,3,3,0,Reader_1_1.csv
2460,0,0,0,Reader_1_10.csv
2460,0,0,0,Reader_1_11.csv
2460,1,1,0,Reader_1_12.csv
2460,5,4,1,Reader_1_2.csv
2460,0,0,0,Reader_1_3.csv
2460,0,0,0,Reader_1_4.csv
2460,1,1,0,Reader_1_5.csv
2460,0,0,0,Reader_1_6.csv
2460,1,1,0,Reader_1_7.csv
2460,0,0,0,Reader_1_8.csv
2460,0,0,0,Reader_1_9.csv
2460,1,1,0,Reader_2_1.csv
2460,0,0,0,Reader_2_10.csv
2460,0,0,0,Reader_2_11.csv
2460,9,8,1,Reader_2_12.csv
2460,0,0,0,Reader_2_2.csv
2460,0,0,0,Reader_2_3.csv
2460,0,0,0,Reader_2_4.csv
2460,0,0,0,Reader_2_5.csv
2460,0,0,0,Reader_2_6.csv
2460,0,0,0,Reader_2_7.csv
2460,0,0,0,Reader_2_8.csv
2460,0,0,0,Reader_2_9.csv
2460,8,6,2,reader_3_1.csv
2460,4,4,0,Reader_3_2.csv
2460,4,2,2,Reader_3_3.csv
2460,4,2,2,Reader_3_4.csv
2460,6,6,0,Reader_3_5.csv
2460,4,3,1,Reader_3_6.csv
2460,2,2,0,Reader_3_7.csv
2461,2,2,0,Reader_1_1.csv
2461,0,0,0,Reader_1_10.csv
2461,0,0,0,Reader_1_11.csv
2461,1,1,0,Reader_1_12.csv
2461,4,4,0,Reader_1_2.csv
2461,1,1,0,Reader_1_3.csv
2461,0,0,0,Reader_1_4.csv
2461,1,1,0,Reader_1_5.csv
2461,0,0,0,Reader_1_6.csv
2461,1,1,0,Reader_1_7.csv
2461,0,0,0,Reader_1_8.csv
2461,0,0,0,Reader_1_9.csv
2461,0,0,0,Reader_2_1.csv
2461,0,0,0,Reader_2_10.csv
2461,0,0,0,Reader_2_11.csv
2461,11,10,1,Reader_2_12.csv
2461,0,0,0,Reader_2_2.csv
2461,0,0,0,Reader_2_3.csv
2461,0,0,0,Reader_2_4.csv
2461,0,0,0,Reader_2_5.csv
2461,0,0,0,Reader_2_6.csv
2461,0,0,0,Reader_2_7.csv
2461,0,0,0,Reader_2_8.csv
2461,0,0,0,Reader_2_9.csv
2461,6,4,2,reader_3_1.csv
2461,4,4,0,Reader_3_2.csv
2461,3,2,1,Reader_3_3.csv
2461,3,2,1,Reader_3_4.csv
2461,6,6,0,Reader_3_5.csv
2461,4,3,1,Reader_3_6.csv
2461,1,1,0,Reader_3_7.csv
2462,3,3,0,Reader_1_1.csv
2462,0,0,0,Reader_1_10.csv
2462,0,0,0,Reader_1_11.csv
2462,2,2,0,Reader_1_12.csv
2462,4,4,0,Reader_1_2.csv
2462,1,1,0,Reader_1_3.csv
2462,0,0,0,Reader_1_4.csv
2462,1,1,0,Reader_1_5.csv
2462,0,0,0,Reader_1_6.csv
2462,1,1,0,Reader_1_7.csv
2462,0,0,0,Reader_1_8.csv
2462,0,0,0,Reader_1_9.csv
2462,0,0,0,Reader_2_1.csv
2462,0,0,0,Reader_2_10.csv
2462,0,0,0,Reader_2_11.csv
2462,9,8,1,Reader_2_12.csv
2462,0,0,0,Reader_2_2.csv
2462,0,0,0,Reader_2_3.csv
2462,0,0,0,Reader_2_4.csv
2462,0,0,0,Reader_2_5.csv
2462,1,1,0,Reader_2_6.csv
2462,0,0,0,Reader_2_7.csv
2462,0,0,0,Reader_2_8.csv
2462,0,0,0,Reader_2_9.csv
2462,5,3,2,reader_3_1.csv
2462,3,3,0,Reader_3_2.csv
2462,4,3,1,Reader_3_3.csv
2462,4,3,1,Reader_3_4.csv
2462,4,4,0,Reader_3_5.csv
2462,3,2,1,Reader_3_6.csv
2462,1,1,0,Reader_3_7.csv
2463,4,4,0,Reader_1_1.csv
2463,1,1,0,Reader_1_10.csv
2463,0,0,0,Reader_1_11.csv
2463,2,2,0,Reader_1_12.csv
2463,4,4,0,Reader_1_2.csv
2463,1,1,0,Reader_1_3.csv
2463,0,0,0,Reader_1_4.csv
2463,1,1,0,Reader_1_5.csv
2463,0,0,0,Reader_1_6.csv
2463,0,0,0,Reader_1_7.csv
2463,0,0,0,Reader_1_8.csv
2463,0,0,0,Reader_1_9.csv
2463,2,2,0,Reader_2_1.csv
2463,0,0,0,Reader_2_10.csv
2463,0,0,0,Reader_2_11.csv
2463,8,7,1,Reader_2_12.csv
2463,0,0,0,Reader_2_2.csv
2463,0,0,0,Reader_2_3.csv
2463,0,0,0,Reader_2_4.csv
2463,0,0,0,Reader_2_5.csv
2463,1,1,0,Reader_2_6.csv
2463,0,0,0,Reader_2_7.csv
2463,0,0,0,Reader_2_8.csv
2463,0,0,0,Reader_2_9.csv
2463,4,2,2,reader_3_1.csv
2463,3,3,0,Reader_3_2.csv
2463,6,5,1,Reader_3_3.csv
2463,6,5,1,Reader_3_4.csv
2463,4,4,0,Reader_3_5.csv
2463,4,3,1,Reader_3_6.csv
2463,1,1,0,Reader_3_7.csv
2464,4,4,0,Reader_1_1.csv
2464,1,1,0,Reader_1_10.csv
2464,0,0,0,Reader_1_11.csv
2464,2,2,0,Reader_1_12.csv
2464,4,4,0,Reader_1_2.csv
2464,1,1,0,Reader_1_3.csv
2464,0,0,0,Reader_1_4.csv
2464,1,1,0,Reader_1_5.csv
2464,1,1,0,Reader_1_6.csv
2464,0,0,0,Reader_1_7.csv
2464,0,0,0,Reader_1_8.csv
2464,0,0,0,Reader_1_9.csv
2464,2,2,0,Reader_2_1.csv
2464,0,0,0,Reader_2_10.csv
2464,0,0,0,Reader_2_11.csv
2464,9,8,1,Reader_2_12.csv
2464,0,0,0,Reader_2_2.csv
2464,0,0,0,Reader_2_3.csv
2464,2,0,2,Reader_2_4.csv
2464,0,0,0,Reader_2_5.csv
2464,1,1,0,Reader_2_6.csv
2464,0,0,0,Reader_2_7.csv
2464,0,0,0,Reader_2_8.csv
2464,0,0,0,Reader_2_9.csv
2464,5,2,3,reader_3_1.csv
2464,4,4,0,Reader_3_2.csv
2464,8,7,1,Reader_3_3.csv
2464,8,7,1,Reader_3_4.csv
2464,4,4,0,Reader_3_5.csv
2464,4,3,1,Reader_3_6.csv
2464,1,1,0,Reader_3_7.csv
2465,6,5,1,Reader_1_1.csv
2465,1,1,0,Reader_1_10.csv
2465,0,0,0,Reader_1_11.csv
2465,2,2,0,Reader_1_12.csv
2465,3,3,0,Reader_1_2.csv
2465,1,1,0,Reader_1_3.csv
2465,0,0,0,Reader_1_4.csv
2465,1,1,0,Reader_1_5.csv
2465,1,1,0,Reader_1_6.csv
2465,0,0,0,Reader_1_7.csv
2465,1,1,0,Reader_1_8.csv
2465,0,0,0,Reader_1_9.csv
2465,2,2,0,Reader_2_1.csv
2465,0,0,0,Reader_2_10.csv
2465,0,0,0,Reader_2_11.csv
2465,11,9,2,Reader_2_12.csv
2465,0,0,0,Reader_2_2.csv
2465,0,0,0,Reader_2_3.csv
2465,2,0,2,Reader_2_4.csv
2465,0,0,0,Reader_2_5.csv
2465,1,1,0,Reader_2_6.csv
2465,0,0,0,Reader_2_7.csv
2465,0,0,0,Reader_2_8.csv
2465,0,0,0,Reader_2_9.csv
2465,6,3,3,reader_3_1.csv
2465,6,6,0,Reader_3_2.csv
2465,9,8,1,Reader_3_3.csv
2465,9,8,1,Reader_3_4.csv
2465,3,3,0,Reader_3_5.csv
2465,6,5,1,Reader_3_6.csv
2465,0,0,0,Reader_3_7.csv
2466,5,4,1,Reader_1_1.csv
2466,1,1,0,Reader_1_10.csv
2466,0,0,0,Reader_1_11.csv
2466,1,1,0,Reader_1_12.csv
2466,2,2,0,Reader_1_2.csv
2466,1,1,0,Reader_1_3.csv
2466,0,0,0,Reader_1_4.csv
2466,1,1,0,Reader_1_5.csv
2466,1,1,0,Reader_1_6.csv
2466,0,0,0,Reader_1_7.csv
2466,1,1,0,Reader_1_8.csv
2466,0,0,0,Reader_1_9.csv
2466,2,2,0,Reader_2_1.csv
2466,0,0,0,Reader_2_10.csv
2466,0,0,0,Reader_2_11.csv
2466,12,10,2,Reader_2_12.csv
2466,0,0,0,Reader_2_2.csv
2466,0,0,0,Reader_2_3.csv
2466,3,1,2,Reader_2_4.csv
2466,0,0,0,Reader_2_5.csv
2466,1,1,0,Reader_2_6.csv
2466,0,0,0,Reader_2_7.csv
2466,0,0,0,Reader_2_8.csv
2466,0,0,0,Reader_2_9.csv
2466,10,6,4,reader_3_1.csv
2466,5,5,0,Reader_3_2.csv
2466,8,7,1,Reader_3_3.csv
2466,8,7,1,Reader_3_4.csv
2466,3,3,0,Reader_3_5.csv
2466,4,4,0,Reader_3_6.csv
2466,0,0,0,Reader_3_7.csv
2467,5,4,1,Reader_1_1.csv
2467,1,1,0,Reader_1_10.csv
2467,0,0,0,Reader_1_11.csv
2467,1,1,0,Reader_1_12.csv
2467,2,2,0,Reader_1_2.csv
2467,1,1,0,Reader_1_3.csv
2467,0,0,0,Reader_1_4.csv
2467,0,0,0,Reader_1_5.csv
2467,1,1,0,Reader_1_6.csv
2467,0,0,0,Reader_1_7.csv
2467,1,1,0,Reader_1_8.csv
2467,0,0,0,Reader_1_9.csv
2467,2,2,0,Reader_2_1.csv
2467,0,0,0,Reader_2_10.csv
2467,0,0,0,Reader_2_11.csv
2467,9,7,2,Reader_2_12.csv
2467,0,0,0,Reader_2_2.csv
2467,0,0,0,Reader_2_3.csv
2467,6,3,3,Reader_2_4.csv
2467,0,0,0,Reader_2_5.csv
2467,1,1,0,Reader_2_6.csv
2467,0,0,0,Reader_2_7.csv
2467,0,0,0,Reader_2_8.csv
2467,0,0,0,Reader_2_9.csv
2467,9,5,4,reader_3_1.csv
2467,5,5,0,Reader_3_2.csv
2467,9,8,1,Reader_3_3.csv
2467,9,8,1,Reader_3_4.csv
2467,1,1,0,Reader_3_5.csv
2467,4,4,0,Reader_3_6.csv
2467,0,0,0,Reader_3_7.csv
2468,6,5,1,Reader_1_1.csv
2468,1,1,0,Reader_1_10.csv
2468,0,0,0,Reader_1_11.csv
2468,1,1,0,Reader_1_12.csv
2468,2,2,0,Reader_1_2.csv
2468,1,1,0,Reader_1_3.csv
2468,0,0,0,Reader_1_4.csv
2468,0,0,0,Reader_1_5.csv
2468,1,1,0,Reader_1_6.csv
2468,0,0,0,Reader_1_7.csv
2468,1,1,0,Reader_1_8.csv
2468,0,0,0,Reader_1_9.csv
2468,2,2,0,Reader_2_1.csv
2468,0,0,0,Reader_2_10.csv
2468,0,0,0,Reader_2_11.csv
2468,9,7,2,Reader_2_12.csv
2468,0,0,0,Reader_2_2.csv
2468,0,0,0,Reader_2_3.csv
2468,6,3,3,Reader_2_4.csv
2468,0,0,0,Reader_2_5.csv
2468,1,1,0,Reader_2_6.csv
2468,0,0,0,Reader_2_7.csv
2468,0,0,0,Reader_2_8.csv
2468,0,0,0,Reader_2_9.csv
2468,10,8,2,reader_3_1.csv
2468,3,3,0,Reader_3_2.csv
2468,11,10,1,Reader_3_3.csv
2468,11,10,1,Reader_3_4.csv
2468,1,1,0,Reader_3_5.csv
2468,5,4,1,Reader_3_6.csv
2468,0,0,0,Reader_3_7.csv
2469,6,5,1,Reader_1_1.csv
2469,1,1,0,Reader_1_10.csv
2469,0,0,0,Reader_1_11.csv
2469,1,1,0,Reader_1_12.csv
2469,2,2,0,Reader_1_2.csv
2469,0,0,0,Reader_1_3.csv
2469,0,0,0,Reader_1_4.csv
2469,0,0,0,Reader_1_5.csv
2469,2,2,0,Reader_1_6.csv
2469,0,0,0,Reader_1_7.csv
2469,1,1,0,Reader_1_8.csv
2469,0,0,0,Reader_1_9.csv
2469,2,2,0,Reader_2_1.csv
2469,0,0,0,Reader_2_10.csv
2469,0,0,0,Reader_2_11.csv
2469,9,6,3,Reader_2_12.csv
2469,0,0,0,Reader_2_2.csv
2469,0,0,0,Reader_2_3.csv
2469,7,4,3,Reader_2_4.csv
2469,0,0,0,Reader_2_5.csv
2469,1,1,0,Reader_2_6.csv
2469,0,0,0,Reader_2_7.csv
2469,0,0,0,Reader_2_8.csv
2469,0,0,0,Reader_2_9.csv
2469,10,8,2,reader_3_1.csv
2469,4,4,0,Reader_3_2.csv
2469,13,12,1,Reader_3_3.csv
2469,13,12,1,Reader_3_4.csv
2469,2,1,1,Reader_3_5.csv
2469,6,5,1,Reader_3_6.csv
2469,0,0,0,Reader_3_7.csv
2470,7,6,1,Reader_1_1.csv
2470,1,1,0,Reader_1_10.csv
2470,0,0,0,Reader_1_11.csv
2470,0,0,0,Reader_1_12.csv
2470,2,2,0,Reader_1_2.csv
2470,0,0,0,Reader_1_3.csv
2470,0,0,0,Reader_1_4.csv
2470,0,0,0,Reader_1_5.csv
2470,2,2,0,Reader_1_6.csv
2470,1,1,0,Reader_1_7.csv
2470,1,1,0,Reader_1_8.csv
2470,0,0,0,Reader_1_9.csv
2470,3,3,0,Reader_2_1.csv
2470,0,0,0,Reader_2_10.csv
2470,0,0,0,Reader_2_11.csv
2470,8,6,2,Reader_2_12.csv
2470,0,0,0,Reader_2_2.csv
2470,0,0,0,Reader_2_3.csv
2470,8,4,4,Reader_2_4.csv
2470,0,0,0,Reader_2_5.csv
2470,0,0,0,Reader_2_6.csv
2470,0,0,0,Reader_2_7.csv
2470,0,0,0,Reader_2_8.csv
2470,0,0,0,Reader_2_9.csv
2470,11,8,3,reader_3_1.csv
2470,5,5,0,Reader_3_2.csv
2470,13,12,1,Reader_3_3.csv
2470,13,12,1,Reader_3_4.csv
2470,2,1,1,Reader_3_5.csv
2470,5,4,1,Reader_3_6.csv
2470,1,1,0,Reader_3_7.csv
2471,6,5,1,Reader_1_1.csv
2471,0,0,0,Reader_1_10.csv
2471,0,0,0,Reader_1_11.csv
2471,0,0,0,Reader_1_12.csv
2471,2,1,1,Reader_1_2.csv
2471,0,0,0,Reader_1_3.csv
2471,0,0,0,Reader_1_4.csv
2471,0,0,0,Reader_1_5.csv
2471,2,2,0,Reader_1_6.csv
2471,1,1,0,Reader_1_7.csv
2471,1,1,0,Reader_1_8.csv
2471,0,0,0,Reader_1_9.csv
2471,1,1,0,Reader_2_1.csv
2471,0,0,0,Reader_2_10.csv
2471,0,0,0,Reader_2_11.csv
2471,9,7,2,Reader_2_12.csv
2471,0,0,0,Reader_2_2.csv
2471,0,0,0,Reader_2_3.csv
2471,8,4,4,Reader_2_4.csv
2471,0,0,0,Reader_2_5.csv
2471,0,0,0,Reader_2_6.csv
2471,0,0,0,Reader_2_7.csv
2471,0,0,0,Reader_2_8.csv
2471,0,0,0,Reader_2_9.csv
2471,15,11,4,reader_3_1.csv
2471,5,5,0,Reader_3_2.csv
2471,12,11,1,Reader_3_3.csv
2471,12,11,1,Reader_3_4.csv
2471,2,1,1,Reader_3_5.csv
2471,4,3,1,Reader_3_6.csv
2471,1,1,0,Reader_3_7.csv
2472,7,6,1,Reader_1_1.csv
2472,0,0,0,Reader_1_10.csv
2472,0,0,0,Reader_1_11.csv
2472,0,0,0,Reader_1_12.csv
2472,2,1,1,Reader_1_2.csv
2472,0,0,0,Reader_1_3.csv
2472,0,0,0,Reader_1_4.csv
2472,0,0,0,Reader_1_5.csv
2472,1,1,0,Reader_1_6.csv
2472,2,2,0,Reader_1_7.csv
2472,1,1,0,Reader_1_8.csv
2472,0,0,0,Reader_1_9.csv
2472,1,1,0,Reader_2_1.csv
2472,0,0,0,Reader_2_10.csv
2472,0,0,0,Reader_2_11.csv
2472,9,7,2,Reader_2_12.csv
2472,0,0,0,Reader_2_2.csv
2472,0,0,0,Reader_2_3.csv
2472,6,4,2,Reader_2_4.csv
2472,0,0,0,Reader_2_5.csv
2472,0,0,0,Reader_2_6.csv
2472,0,0,0,Reader_2_7.csv
2472,1,0,1,Reader_2_8.csv
2472,0,0,0,Reader_2_9.csv
2472,15,12,3,reader_3_1.csv
2472,4,4,0,Reader_3_2.csv
2472,11,9,2,Reader_3_3.csv
2472,11,9,2,Reader_3_4.csv
2472,2,1,1,Reader_3_5.csv
2472,4,3,1,Reader_3_6.csv
2472,1,1,0,Reader_3_7.csv
2473,6,5,1,Reader_1_1.csv
2473,0,0,0,Reader_1_10.csv
2473,0,0,0,Reader_1_11.csv
2473,1,1,0,Reader_1_12.csv
2473,1,0,1,Reader_1_2.csv
2473,0,0,0,Reader_1_3.csv
2473,0,0,0,Reader_1_4.csv
2473,0,0,0,Reader_1_5.csv
2473,1,1,0,Reader_1_6.csv
2473,2,2,0,Reader_1_7.csv
2473,0,0,0,Reader_1_8.csv
2473,0,0,0,Reader_1_9.csv
2473,1,1,0,Reader_2_1.csv
2473,0,0,0,Reader_2_10.csv
2473,0,0,0,Reader_2_11.csv
2473,9,8,1,Reader_2_12.csv
2473,0,0,0,Reader_2_2.csv
2473,0,0,0,Reader_2_3.csv
2473,7,5,2,Reader_2_4.csv
2473,0,0,0,Reader_2_5.csv
2473,0,0,0,Reader_2_6.csv
2473,0,0,0,Reader_2_7.csv
2473,1,0,1,Reader_2_8.csv
2473,0,0,0,Reader_2_9.csv
2473,14,11,3,reader_3_1.csv
2473,3,2,1,Reader_3_2.csv
2473,10,8,2,Reader_3_3.csv
2473,10,8,2,Reader_3_4.csv
2473,2,1,1,Reader_3_5.csv
2473,4,2,2,Reader_3_6.csv
2473,1,1,0,Reader_3_7.csv
2474,6,5,1,Reader_1_1.csv
2474,0,0,0,Reader_1_10.csv
2474,0,0,0,Reader_1_11.csv
2474,1,1,0,Reader_1_12.csv
2474,2,1,1,Reader_1_2.csv
2474,0,0,0,Reader_1_3.csv
2474,0,0,0,Reader_1_4.csv
2474,0,0,0,Reader_1_5.csv
2474,1,1,0,Reader_1_6.csv
2474,2,2,0,Reader_1_7.csv
2474,0,0,0,Reader_1_8.csv
2474,0,0,0,Reader_1_9.csv
2474,1,1,0,Reader_2_1.csv
2474,0,0,0,Reader_2_10.csv
2474,0,0,0,Reader_2_11.csv
2474,8,7,1,Reader_2_12.csv
2474,0,0,0,Reader_2_2.csv
2474,0,0,0,Reader_2_3.csv
2474,7,5,2,Reader_2_4.csv
2474,0,0,0,Reader_2_5.csv
2474,1,1,0,Reader_2_6.csv
2474,0,0,0,Reader_2_7.csv
2474,1,0,1,Reader_2_8.csv
2474,0,0,0,Reader_2_9.csv
2474,14,11,3,reader_3_1.csv
2474,3,2,1,Reader_3_2.csv
2474,9,7,2,Reader_3_3.csv
2474,9,7,2,Reader_3_4.csv
2474,3,2,1,Reader_3_5.csv
2474,6,4,2,Reader_3_6.csv
2474,1,1,0,Reader_3_7.csv
2475,6,5,1,Reader_1_1.csv
2475,0,0,0,Reader_1_10.csv
2475,1,1,0,Reader_1_11.csv
2475,1,1,0,Reader_1_12.csv
2475,3,2,1,Reader_1_2.csv
2475,0,0,0,Reader_1_3.csv
2475,0,0,0,Reader_1_4.csv
2475,0,0,0,Reader_1_5.csv
2475,1,1,0,Reader_1_6.csv
2475,2,2,0,Reader_1_7.csv
2475,0,0,0,Reader_1_8.csv
2475,0,0,0,Reader_1_9.csv
2475,1,1,0,Reader_2_1.csv
2475,0,0,0,Reader_2_10.csv
2475,0,0,0,Reader_2_11.csv
2475,8,7,1,Reader_2_12.csv
2475,0,0,0,Reader_2_2.csv
2475,0,0,0,Reader_2_3.csv
2475,4,3,1,Reader_2_4.csv
2475,0,0,0,Reader_2_5.csv
2475,1,1,0,Reader_2_6.csv
2475,0,0,0,Reader_2_7.csv
2475,1,0,1,Reader_2_8.csv
2475,0,0,0,Reader_2_9.csv
2475,15,12,3,reader_3_1.csv
2475,3,2,1,Reader_3_2.csv
2475,7,6,1,Reader_3_3.csv
2475,7,6,1,Reader_3_4.csv
2475,3,2,1,Reader_3_5.csv
2475,6,4,2,Reader_3_6.csv
2475,1,1,0,Reader_3_7.csv
2476,5,4,1,Reader_1_1.csv
2476,0,0,0,Reader_1_10.csv
2476,2,2,0,Reader_1_11.csv
2476,1,1,0,Reader_1_12.csv
2476,3,2,1,Reader_1_2.csv
2476,1,1,0,Reader_1_3.csv
2476,0,0,0,Reader_1_4.csv
2476,0,0,0,Reader_1_5.csv
2476,3,2,1,Reader_1_6.csv
2476,2,2,0,Reader_1_7.csv
2476,0,0,0,Reader_1_8.csv
2476,0,0,0,Reader_1_9.csv
2476,1,1,0,Reader_2_1.csv
2476,0,0,0,Reader_2_10.csv
2476,0,0,0,Reader_2_11.csv
2476,8,7,1,Reader_2_12.csv
2476,0,0,0,Reader_2_2.csv
2476,0,0,0,Reader_2_3.csv
2476,4,3,1,Reader_2_4.csv
2476,0,0,0,Reader_2_5.csv
2476,1,1,0,Reader_2_6.csv
2476,0,0,0,Reader_2_7.csv
2476,1,0,1,Reader_2_8.csv
2476,0,0,0,Reader_2_9.csv
2476,14,10,4,reader_3_1.csv
2476,4,3,1,Reader_3_2.csv
2476,4,3,1,Reader_3_3.csv
2476,4,3,1,Reader_3_4.csv
2476,4,3,1,Reader_3_5.csv
2476,5,4,1,Reader_3_6.csv
2476,1,1,0,Reader_3_7.csv
2477,5,4,1,Reader_1_1.csv
2477,0,0,0,Reader_1_10.csv
2477,2,2,0,Reader_1_11.csv
2477,1,1,0,Reader_1_12.csv
2477,3,2,1,Reader_1_2.csv
2477,1,1,0,Reader_1_3.csv
2477,0,0,0,Reader_1_4.csv
2477,0,0,0,Reader_1_5.csv
2477,2,1,1,Reader_1_6.csv
2477,2,2,0,Reader_1_7.csv
2477,1,1,0,Reader_1_8.csv
2477,0,0,0,Reader_1_9.csv
2477,1,1,0,Reader_2_1.csv
2477,0,0,0,Reader_2_10.csv
2477,0,0,0,Reader_2_11.csv
2477,7,7,0,Reader_2_12.csv
2477,0,0,0,Reader_2_2.csv
2477,0,0,0,Reader_2_3.csv
2477,3,2,1,Reader_2_4.csv
2477,0,0,0,Reader_2_5.csv
2477,1,1,0,Reader_2_6.csv
2477,0,0,0,Reader_2_7.csv
2477,1,0,1,Reader_2_8.csv
2477,0,0,0,Reader_2_9.csv
2477,16,12,4,reader_3_1.csv
2477,3,2,1,Reader_3_2.csv
2477,4,3,1,Reader_3_3.csv
2477,4,3,1,Reader_3_4.csv
2477,3,3,0,Reader_3_5.csv
2477,4,3,1,Reader_3_6.csv
2477,1,1,0,Reader_3_7.csv
2478,4,3,1,Reader_1_1.csv
2478,0,0,0,Reader_1_10.csv
2478,2,2,0,Reader_1_11.csv
2478,1,1,0,Reader_1_12.csv
2478,3,2,1,Reader_1_2.csv
2478,1,1,0,Reader_1_3.csv
2478,0,0,0,Reader_1_4.csv
2478,0,0,0,Reader_1_5.csv
2478,2,1,1,Reader_1_6.csv
2478,1,1,0,Reader_1_7.csv
2478,1,1,0,Reader_1_8.csv
2478,0,0,0,Reader_1_9.csv
2478,0,0,0,Reader_2_1.csv
2478,0,0,0,Reader_2_10.csv
2478,0,0,0,Reader_2_11.csv
2478,7,7,0,Reader_2_12.csv
2478,0,0,0,Reader_2_2.csv
2478,0,0,0,Reader_2_3.csv
2478,3,3,0,Reader_2_4.csv
2478,0,0,0,Reader_2_5.csv
2478,1,1,0,Reader_2_6.csv
2478,0,0,0,Reader_2_7.csv
2478,1,0,1,Reader_2_8.csv
2478,0,0,0,Reader_2_9.csv
2478,15,12,3,reader_3_1.csv
2478,3,2,1,Reader_3_2.csv
2478,3,2,1,Reader_3_3.csv
2478,3,2,1,Reader_3_4.csv
2478,3,3,0,Reader_3_5.csv
2478,4,3,1,Reader_3_6.csv
2478,0,0,0,Reader_3_7.csv
2479,4,3,1,Reader_1_1.csv
2479,0,0,0,Reader_1_10.csv
2479,2,2,0,Reader_1_11.csv
2479,1,1,0,Reader_1_12.csv
2479,2,2,0,Reader_1_2.csv
2479,1,1,0,Reader_1_3.csv
2479,0,0,0,Reader_1_4.csv
2479,0,0,0,Reader_1_5.csv
2479,2,1,1,Reader_1_6.csv
2479,1,1,0,Reader_1_7.csv
2479,1,1,0,Reader_1_8.csv
2479,0,0,0,Reader_1_9.csv
2479,0,0,0,Reader_2_1.csv
2479,0,0,0,Reader_2_10.csv
2479,0,0,0,Reader_2_11.csv
2479,6,6,0,Reader_2_12.csv
2479,0,0,0,Reader_2_2.csv
2479,0,0,0,Reader_2_3.csv
2479,3,3,0,Reader_2_4.csv
2479,0,0,0,Reader_2_5.csv
2479,1,1,0,Reader_2_6.csv
2479,0,0,0,Reader_2_7.csv
2479,1,0,1,Reader_2_8.csv
2479,0,0,0,Reader_2_9.csv
2479,10,8,2,reader_3_1.csv
2479,3,2,1,Reader_3_2.csv
2479,3,2,1,Reader_3_3.csv
2479,3,2,1,Reader_3_4.csv
2479,2,2,0,Reader_3_5.csv
2479,5,4,1,Reader_3_6.csv
2479,0,0,0,Reader_3_7.csv
2480,4,3,1,Reader_1_1.csv
2480,0,0,0,Reader_1_10.csv
2480,2,2,0,Reader_1_11.csv
2480,1,1,0,Reader_1_12.csv
2480,3,3,0,Reader_1_2.csv
2480,2,1,1,Reader_1_3.csv
2480,0,0,0,Reader_1_4.csv
2480,0,0,0,Reader_1_5.csv
2480,2,1,1,Reader_1_6.csv
2480,2,2,0,Reader_1_7.csv
2480,1,1,0,Reader_1_8.csv
2480,0,0,0,Reader_1_9.csv
2480,1,1,0,Reader_2_1.csv
2480,0,0,0,Reader_2_10.csv
2480,0,0,0,Reader_2_11.csv
2480,6,6,0,Reader_2_12.csv
2480,0,0,0,Reader_2_2.csv
2480,0,0,0,Reader_2_3.csv
2480,5,4,1,Reader_2_4.csv
2480,0,0,0,Reader_2_5.csv
2480,1,1,0,Reader_2_6.csv
2480,0,0,0,Reader_2_7.csv
2480,0,0,0,Reader_2_8.csv
2480,0,0,0,Reader_2_9.csv
2480,12,10,2,reader_3_1.csv
2480,4,3,1,Reader_3_2.csv
2480,3,3,0,Reader_3_3.csv
2480,3,3,0,Reader_3_4.csv
2480,3,2,1,Reader_3_5.csv
2480,6,5,1,Reader_3_6.csv
2480,0,0,0,Reader_3_7.csv
2481,4,4,0,Reader_1_1.csv
2481,0,0,0,Reader_1_10.csv
2481,2,2,0,Reader_1_11.csv
2481,0,0,0,Reader_1_12.csv
2481,3,3,0,Reader_1_2.csv
2481,2,1,1,Reader_1_3.csv
2481,0,0,0,Reader_1_4.csv
2481,0,0,0,Reader_1_5.csv
2481,2,1,1,Reader_1_6.csv
2481,2,2,0,Reader_1_7.csv
2481,1,1,0,Reader_1_8.csv
2481,0,0,0,Reader_1_9.csv
2481,2,1,1,Reader_2_1.csv
2481,0,0,0,Reader_2_10.csv
2481,0,0,0,Reader_2_11.csv
2481,4,4,0,Reader_2_12.csv
2481,0,0,0,Reader_2_2.csv
2481,0,0,0,Reader_2_3.csv
2481,5,3,2,Reader_2_4.csv
2481,0,0,0,Reader_2_5.csv
2481,1,1,0,Reader_2_6.csv
2481,0,0,0,Reader_2_7.csv
2481,0,0,0,Reader_2_8.csv
2481,0,0,0,Reader_2_9.csv
2481,16,14,2,reader_3_1.csv
2481,4,4,0,Reader_3_2.csv
2481,3,3,0,Reader_3_3.csv
2481,3,3,0,Reader_3_4.csv
2481,3,2,1,Reader_3_5.csv
2481,4,4,0,Reader_3_6.csv
2481,0,0,0,Reader_3_7.csv
2482,4,4,0,Reader_1_1.csv
2482,0,0,0,Reader_1_10.csv
2482,2,2,0,Reader_1_11.csv
2482,0,0,0,Reader_1_12.csv
2482,2,2,0,Reader_1_2.csv
2482,2,1,1,Reader_1_3.csv
2482,0,0,0,Reader_1_4.csv
2482,0,0,0,Reader_1_5.csv
2482,2,1,1,Reader_1_6.csv
2482,2,2,0,Reader_1_7.csv
2482,1,1,0,Reader_1_8.csv
2482,0,0,0,Reader_1_9.csv
2482,2,1,1,Reader_2_1.csv
2482,0,0,0,Reader_2_10.csv
2482,0,0,0,Reader_2_11.csv
2482,4,4,0,Reader_2_12.csv
2482,0,0,0,Reader_2_2.csv
2482,0,0,0,Reader_2_3.csv
2482,5,3,2,Reader_2_4.csv
2482,0,0,0,Reader_2_5.csv
2482,0,0,0,Reader_2_6.csv
2482,0,0,0,Reader_2_7.csv
2482,0,0,0,Reader_2_8.csv
2482,0,0,0,Reader_2_9.csv
2482,17,16,1,reader_3_1.csv
2482,5,5,0,Reader_3_2.csv
2482,4,4,0,Reader_3_3.csv
2482,4,4,0,Reader_3_4.csv
2482,2,1,1,Reader_3_5.csv
2482,3,3,0,Reader_3_6.csv
2482,1,1,0,Reader_3_7.csv
2483,5,4,1,Reader_1_1.csv
2483,0,0,0,Reader_1_10.csv
2483,1,1,0,Reader_1_11.csv
2483,0,0,0,Reader_1_12.csv
2483,3,1,2,Reader_1_2.csv
2483,2,1,1,Reader_1_3.csv
2483,0,0,0,Reader_1_4.csv
2483,0,0,0,Reader_1_5.csv
2483,3,2,1,Reader_1_6.csv
2483,2,2,0,Reader_1_7.csv
2483,1,1,0,Reader_1_8.csv
2483,0,0,0,Reader_1_9.csv
2483,2,1,1,Reader_2_1.csv
2483,0,0,0,Reader_2_10.csv
2483,0,0,0,Reader_2_11.csv
2483,4,4,0,Reader_2_12.csv
2483,0,0,0,Reader_2_2.csv
2483,0,0,0,Reader_2_3.csv
2483,5,3,2,Reader_2_4.csv
2483,0,0,0,Reader_2_5.csv
2483,0,0,0,Reader_2_6.csv
2483,0,0,0,Reader_2_7.csv
2483,0,0,0,Reader_2_8.csv
2483,0,0,0,Reader_2_9.csv
2483,18,16,2,reader_3_1.csv
2483,5,5,0,Reader_3_2.csv
2483,4,4,0,Reader_3_3.csv
2483,4,4,0,Reader_3_4.csv
2483,2,1,1,Reader_3_5.csv
2483,3,3,0,Reader_3_6.csv
2483,2,2,0,Reader_3_7.csv
2484,5,4,1,Reader_1_1.csv
2484,0,0,0,Reader_1_10.csv
2484,0,0,0,Reader_1_11.csv
2484,0,0,0,Reader_1_12.csv
2484,3,1,2,Reader_1_2.csv
2484,1,0,1,Reader_1_3.csv
2484,0,0,0,Reader_1_4.csv
2484,0,0,0,Reader_1_5.csv
2484,2,2,0,Reader_1_6.csv
2484,2,2,0,Reader_1_7.csv
2484,1,1,0,Reader_1_8.csv
2484,0,0,0,Reader_1_9.csv
2484,3,2,1,Reader_2_1.csv
2484,0,0,0,Reader_2_10.csv
2484,0,0,0,Reader_2_11.csv
2484,3,3,0,Reader_2_12.csv
2484,0,0,0,Reader_2_2.csv
2484,0,0,0,Reader_2_3.csv
2484,5,3,2,Reader_2_4.csv
2484,0,0,0,Reader_2_5.csv
2484,0,0,0,Reader_2_6.csv
2484,0,0,0,Reader_2_7.csv
2484,0,0,0,Reader_2_8.csv
2484,0,0,0,Reader_2_9.csv
2484,16,15,1,reader_3_1.csv
2484,5,5,0,Reader_3_2.csv
2484,5,5,0,Reader_3_3.csv
2484,5,5,0,Reader_3_4.csv
2484,1,0,1,Reader_3_5.csv
2484,3,3,0,Reader_3_6.csv
2484,3,3,0,Reader_3_7.csv
2485,6,5,1,Reader_1_1.csv
2485,0,0,0,Reader_1_10.csv
2485,0,0,0,Reader_1_11.csv
2485,0,0,0,Reader_1_12.csv
2485,3,1,2,Reader_1_2.csv
2485,1,0,1,Reader_1_3.csv
2485,0,0,0,Reader_1_4.csv
2485,0,0,0,Reader_1_5.csv
2485,2,2,0,Reader_1_6.csv
2485,2,2,0,Reader_1_7.csv
2485,0,0,0,Reader_1_8.csv
2485,0,0,0,Reader_1_9.csv
2485,3,2,1,Reader_2_1.csv
2485,0,0,0,Reader_2_10.csv
2485,0,0,0,Reader_2_11.csv
2485,2,2,0,Reader_2_12.csv
2485,0,0,0,Reader_2_2.csv
2485,0,0,0,Reader_2_3.csv
2485,5,3,2,Reader_2_4.csv
2485,0,0,0,Reader_2_5.csv
2485,0,0,0,Reader_2_6.csv
2485,0,0,0,Reader_2_7.csv
2485,0,0,0,Reader_2_8.csv
2485,0,0,0,Reader_2_9.csv
2485,16,15,1,reader_3_1.csv
2485,5,5,0,Reader_3_2.csv
2485,5,5,0,Reader_3_3.csv
2485,5,5,0,Reader_3_4.csv
2485,1,0,1,Reader_3_5.csv
2485,3,3,0,Reader_3_6.csv
2485,4,4,0,Reader_3_7.csv
2486,5,4,1,Reader_1_1.csv
2486,0,0,0,Reader_1_10.csv
2486,0,0,0,Reader_1_11.csv
2486,0,0,0,Reader_1_12.csv
2486,3,1,2,Reader_1_2.csv
2486,1,0,1,Reader_1_3.csv
2486,0,0,0,Reader_1_4.csv
2486,0,0,0,Reader_1_5.csv
2486,2,2,0,Reader_1_6.csv
2486,3,3,0,Reader_1_7.csv
2486,0,0,0,Reader_1_8.csv
2486,0,0,0,Reader_1_9.csv
2486,3,2,1,Reader_2_1.csv
2486,0,0,0,Reader_2_10.csv
2486,0,0,0,Reader_2_11.csv
2486,2,2,0,Reader_2_12.csv
2486,0,0,0,Reader_2_2.csv
2486,1,1,0,Reader_2_3.csv
2486,5,3,2,Reader_2_4.csv
2486,0,0,0,Reader_2_5.csv
2486,0,0,0,Reader_2_6.csv
2486,0,0,0,Reader_2_7.csv
2486,0,0,0,Reader_2_8.csv
2486,0,0,0,Reader_2_9.csv
2486,20,19,1,reader_3_1.csv
2486,4,4,0,Reader_3_2.csv
2486,5,5,0,Reader_3_3.csv
2486,5,5,0,Reader_3_4.csv
2486,1,0,1,Reader_3_5.csv
2486,4,4,0,Reader_3_6.csv
2486,4,4,0,Reader_3_7.csv
2487,8,7,1,Reader_1_1.csv
2487,0,0,0,Reader_1_10.csv
2487,0,0,0,Reader_1_11.csv
2487,0,0,0,Reader_1_12.csv
2487,4,2,2,Reader_1_2.csv
2487,1,0,1,Reader_1_3.csv
2487,0,0,0,Reader_1_4.csv
2487,0,0,0,Reader_1_5.csv
2487,2,2,0,Reader_1_6.csv
2487,3,3,0,Reader_1_7.csv
2487,0,0,0,Reader_1_8.csv
2487,0,0,0,Reader_1_9.csv
2487,3,2,1,Reader_2_1.csv
2487,0,0,0,Reader_2_10.csv
2487,0,0,0,Reader_2_11.csv
2487,2,2,0,Reader_2_12.csv
2487,0,0,0,Reader_2_2.csv
2487,1,1,0,Reader_2_3.csv
2487,5,3,2,Reader_2_4.csv
2487,0,0,0,Reader_2_5.csv
2487,0,0,0,Reader_2_6.csv
2487,0,0,0,Reader_2_7.csv
2487,0,0,0,Reader_2_8.csv
2487,0,0,0,Reader_2_9.csv
2487,24,22,2,reader_3_1.csv
2487,4,4,0,Reader_3_2.csv
2487,6,5,1,Reader_3_3.csv
2487,6,5,1,Reader_3_4.csv
2487,2,1,1,Reader_3_5.csv
2487,4,4,0,Reader_3_6.csv
2487,7,7,0,Reader_3_7.csv
2488,7,6,1,Reader_1_1.csv
2488,0,0,0,Reader_1_10.csv
2488,0,0,0,Reader_1_11.csv
2488,0,0,0,Reader_1_12.csv
2488,3,1,2,Reader_1_2.csv
2488,1,1,0,Reader_1_3.csv
2488,0,0,0,Reader_1_4.csv
2488,0,0,0,Reader_1_5.csv
2488,2,2,0,Reader_1_6.csv
2488,1,1,0,Reader_1_7.csv
2488,0,0,0,Reader_1_8.csv
2488,0,0,0,Reader_1_9.csv
2488,2,1,1,Reader_2_1.csv
2488,0,0,0,Reader_2_10.csv
2488,0,0,0,Reader_2_11.csv
2488,1,1,0,Reader_2_12.csv
2488,0,0,0,Reader_2_2.csv
2488,1,1,0,Reader_2_3.csv
2488,3,2,1,Reader_2_4.csv
2488,0,0,0,Reader_2_5.csv
2488,0,0,0,Reader_2_6.csv
2488,0,0,0,Reader_2_7.csv
2488,0,0,0,Reader_2_8.csv
2488,0,0,0,Reader_2_9.csv
2488,23,21,2,reader_3_1.csv
2488,3,3,0,Reader_3_2.csv
2488,6,5,1,Reader_3_3.csv
2488,6,5,1,Reader_3_4.csv
2488,1,1,0,Reader_3_5.csv
2488,3,3,0,Reader_3_6.csv
2488,7,7,0,Reader_3_7.csv
2489,7,5,2,Reader_1_1.csv
2489,0,0,0,Reader_1_10.csv
2489,0,0,0,Reader_1_11.csv
2489,0,0,0,Reader_1_12.csv
2489,3,1,2,Reader_1_2.csv
2489,1,1,0,Reader_1_3.csv
2489,0,0,0,Reader_1_4.csv
2489,0,0,0,Reader_1_5.csv
2489,2,2,0,Reader_1_6.csv
2489,1,1,0,Reader_1_7.csv
2489,0,0,0,Reader_1_8.csv
2489,0,0,0,Reader_1_9.csv
2489,1,1,0,Reader_2_1.csv
2489,0,0,0,Reader_2_10.csv
2489,0,0,0,Reader_2_11.csv
2489,1,1,0,Reader_2_12.csv
2489,1,1,0,Reader_2_2.csv
2489,1,1,0,Reader_2_3.csv
2489,3,3,0,Reader_2_4.csv
2489,0,0,0,Reader_2_5.csv
2489,0,0,0,Reader_2_6.csv
2489,0,0,0,Reader_2_7.csv
2489,0,0,0,Reader_2_8.csv
2489,0,0,0,Reader_2_9.csv
2489,23,21,2,reader_3_1.csv
2489,3,3,0,Reader_3_2.csv
2489,7,6,1,Reader_3_3.csv
2489,7,6,1,Reader_3_4.csv
2489,1,1,0,Reader_3_5.csv
2489,4,4,0,Reader_3_6.csv
2489,7,7,0,Reader_3_7.csv
2490,7,5,2,Reader_1_1.csv
2490,0,0,0,Reader_1_10.csv
2490,0,0,0,Reader_1_11.csv
2490,0,0,0,Reader_1_12.csv
2490,5,3,2,Reader_1_2.csv
2490,1,1,0,Reader_1_3.csv
2490,0,0,0,Reader_1_4.csv
2490,0,0,0,Reader_1_5.csv
2490,2,2,0,Reader_1_6.csv
2490,1,1,0,Reader_1_7.csv
2490,0,0,0,Reader_1_8.csv
2490,0,0,0,Reader_1_9.csv
2490,2,2,0,Reader_2_1.csv
2490,0,0,0,Reader_2_10.csv
2490,0,0,0,Reader_2_11.csv
2490,2,2,0,Reader_2_12.csv
2490,1,1,0,Reader_2_2.csv
2490,1,1,0,Reader_2_3.csv
2490,2,2,0,Reader_2_4.csv
2490,0,0,0,Reader_2_5.csv
2490,0,0,0,Reader_2_6.csv
2490,0,0,0,Reader_2_7.csv
2490,0,0,0,Reader_2_8.csv
2490,0,0,0,Reader_2_9.csv
2490,22,19,3,reader_3_1.csv
2490,3,3,0,Reader_3_2.csv
2490,6,5,1,Reader_3_3.csv
2490,6,5,1,Reader_3_4.csv
2490,1,1,0,Reader_3_5.csv
2490,3,3,0,Reader_3_6.csv
2490,7,7,0,Reader_3_7.csv
2491,8,6,2,Reader_1_1.csv
2491,0,0,0,Reader_1_10.csv
2491,0,0,0,Reader_1_11.csv
2491,0,0,0,Reader_1_12.csv
2491,4,4,0,Reader_1_2.csv
2491,1,1,0,Reader_1_3.csv
2491,0,0,0,Reader_1_4.csv
2491,0,0,0,Reader_1_5.csv
2491,1,1,0,Reader_1_6.csv
2491,1,1,0,Reader_1_7.csv
2491,0,0,0,Reader_1_8.csv
2491,0,0,0,Reader_1_9.csv
2491,3,3,0,Reader_2_1.csv
2491,0,0,0,Reader_2_10.csv
2491,0,0,0,Reader_2_11.csv
2491,2,2,0,Reader_2_12.csv
2491,1,1,0,Reader_2_2.csv
2491,1,1,0,Reader_2_3.csv
2491,3,3,0,Reader_2_4.csv
2491,0,0,0,Reader_2_5.csv
2491,0,0,0,Reader_2_6.csv
2491,0,0,0,Reader_2_7.csv
2491,0,0,0,Reader_2_8.csv
2491,0,0,0,Reader_2_9.csv
2491,24,20,4,reader_3_1.csv
2491,3,3,0,Reader_3_2.csv
2491,10,9,1,Reader_3_3.csv
2491,10,9,1,Reader_3_4.csv
2491,2,2,0,Reader_3_5.csv
2491,3,3,0,Reader_3_6.csv
2491,7,6,1,Reader_3_7.csv
2492,8,6,2,Reader_1_1.csv
2492,0,0,0,Reader_1_10.csv
2492,0,0,0,Reader_1_11.csv
2492,0,0,0,Reader_1_12.csv
2492,5,5,0,Reader_1_2.csv
2492,2,2,0,Reader_1_3.csv
2492,0,0,0,Reader_1_4.csv
2492,0,0,0,Reader_1_5.csv
2492,0,0,0,Reader_1_6.csv
2492,1,1,0,Reader_1_7.csv
2492,1,1,0,Reader_1_8.csv
2492,0,0,0,Reader_1_9.csv
2492,2,2,0,Reader_2_1.csv
2492,0,0,0,Reader_2_10.csv
2492,0,0,0,Reader_2_11.csv
2492,3,3,0,Reader_2_12.csv
2492,1,1,0,Reader_2_2.csv
2492,1,1,0,Reader_2_3.csv
2492,3,3,0,Reader_2_4.csv
2492,0,0,0,Reader_2_5.csv
2492,0,0,0,Reader_2_6.csv
2492,0,0,0,Reader_2_7.csv
2492,0,0,0,Reader_2_8.csv
2492,0,0,0,Reader_2_9.csv
2492,27,23,4,reader_3_1.csv
2492,3,3,0,Reader_3_2.csv
2492,10,9,1,Reader_3_3.csv
2492,10,9,1,Reader_3_4.csv
2492,2,2,0,Reader_3_5.csv
2492,3,3,0,Reader_3_6.csv
2492,7,6,1,Reader_3_7.csv
2493,7,5,2,Reader_1_1.csv
2493,0,0,0,Reader_1_10.csv
2493,0,0,0,Reader_1_11.csv
2493,0,0,0,Reader_1_12.csv
2493,5,5,0,Reader_1_2.csv
2493,2,2,0,Reader_1_3.csv
2493,0,0,0,Reader_1_4.csv
2493,0,0,0,Reader_1_5.csv
2493,1,1,0,Reader_1_6.csv
2493,1,1,0,Reader_1_7.csv
2493,1,1,0,Reader_1_8.csv
2493,0,0,0,Reader_1_9.csv
2493,2,2,0,Reader_2_1.csv
2493,0,0,0,Reader_2_10.csv
2493,0,0,0,Reader_2_11.csv
2493,4,4,0,Reader_2_12.csv
2493,1,1,0,Reader_2_2.csv
2493,1,1,0,Reader_2_3.csv
2493,3,3,0,Reader_2_4.csv
2493,0,0,0,Reader_2_5.csv
2493,0,0,0,Reader_2_6.csv
2493,0,0,0,Reader_2_7.csv
2493,0,0,0,Reader_2_8.csv
2493,0,0,0,Reader_2_9.csv
2493,27,22,5,reader_3_1.csv
2493,6,5,1,Reader_3_2.csv
2493,12,11,1,Reader_3_3.csv
2493,12,11,1,Reader_3_4.csv
2493,3,3,0,Reader_3_5.csv
2493,3,3,0,Reader_3_6.csv
2493,7,6,1,Reader_3_7.csv
2494,7,5,2,Reader_1_1.csv
2494,0,0,0,Reader_1_10.csv
2494,1,0,1,Reader_1_11.csv
2494,0,0,0,Reader_1_12.csv
2494,7,7,0,Reader_1_2.csv
2494,2,2,0,Reader_1_3.csv
2494,0,0,0,Reader_1_4.csv
2494,0,0,0,Reader_1_5.csv
2494,1,1,0,Reader_1_6.csv
2494,0,0,0,Reader_1_7.csv
2494,2,2,0,Reader_1_8.csv
2494,0,0,0,Reader_1_9.csv
2494,2,2,0,Reader_2_1.csv
2494,0,0,0,Reader_2_10.csv
2494,0,0,0,Reader_2_11.csv
2494,3,3,0,Reader_2_12.csv
2494,1,1,0,Reader_2_2.csv
2494,0,0,0,Reader_2_3.csv
2494,2,2,0,Reader_2_4.csv
2494,0,0,0,Reader_2_5.csv
2494,0,0,0,Reader_2_6.csv
2494,0,0,0,Reader_2_7.csv
2494,0,0,0,Reader_2_8.csv
2494,0,0,0,Reader_2_9.csv
2494,24,19,5,reader_3_1.csv
2494,6,5,1,Reader_3_2.csv
2494,12,11,1,Reader_3_3.csv
2494,12,11,1,Reader_3_4.csv
2494,4,4,0,Reader_3_5.csv
2494,3,3,0,Reader_3_6.csv
2494,7,6,1,Reader_3_7.csv
2495,5,3,2,Reader_1_1.csv
2495,0,0,0,Reader_1_10.csv
2495,1,0,1,Reader_1_11.csv
2495,0,0,0,Reader_1_12.csv
2495,6,6,0,Reader_1_2.csv
2495,3,2,1,Reader_1_3.csv
2495,1,0,1,Reader_1_4.csv
2495,0,0,0,Reader_1_5.csv
2495,1,1,0,Reader_1_6.csv
2495,0,0,0,Reader_1_7.csv
2495,2,2,0,Reader_1_8.csv
2495,0,0,0,Reader_1_9.csv
2495,3,3,0,Reader_2_1.csv
2495,0,0,0,Reader_2_10.csv
2495,0,0,0,Reader_2_11.csv
2495,3,3,0,Reader_2_12.csv
2495,2,2,0,Reader_2_2.csv
2495,0,0,0,Reader_2_3.csv
2495,2,2,0,Reader_2_4.csv
2495,0,0,0,Reader_2_5.csv
2495,0,0,0,Reader_2_6.csv
2495,0,0,0,Reader_2_7.csv
2495,0,0,0,Reader_2_8.csv
2495,0,0,0,Reader_2_9.csv
2495,20,16,4,reader_3_1.csv
2495,7,6,1,Reader_3_2.csv
2495,11,11,0,Reader_3_3.csv
2495,11,11,0,Reader_3_4.csv
2495,3,3,0,Reader_3_5.csv
2495,2,2,0,Reader_3_6.csv
2495,5,4,1,Reader_3_7.csv
2496,5,3,2,Reader_1_1.csv
2496,0,0,0,Reader_1_10.csv
2496,1,0,1,Reader_1_11.csv
2496,0,0,0,Reader_1_12.csv
2496,7,7,0,Reader_1_2.csv
2496,2,1,1,Reader_1_3.csv
2496,1,0,1,Reader_1_4.csv
2496,0,0,0,Reader_1_5.csv
2496,1,1,0,Reader_1_6.csv
2496,0,0,0,Reader_1_7.csv
2496,2,2,0,Reader_1_8.csv
2496,0,0,0,Reader_1_9.csv
2496,3,3,0,Reader_2_1.csv
2496,0,0,0,Reader_2_10.csv
2496,0,0,0,Reader_2_11.csv
2496,3,3,0,Reader_2_12.csv
2496,2,2,0,Reader_2_2.csv
2496,0,0,0,Reader_2_3.csv
2496,2,2,0,Reader_2_4.csv
2496,0,0,0,Reader_2_5.csv
2496,0,0,0,Reader_2_6.csv
2496,0,0,0,Reader_2_7.csv
2496,0,0,0,Reader_2_8.csv
2496,0,0,0,Reader_2_9.csv
2496,23,19,4,reader_3_1.csv
2496,8,7,1,Reader_3_2.csv
2496,10,10,0,Reader_3_3.csv
2496,10,10,0,Reader_3_4.csv
2496,3,3,0,Reader_3_5.csv
2496,2,2,0,Reader_3_6.csv
2496,8,7,1,Reader_3_7.csv
2497,4,3,1,Reader_1_1.csv
2497,0,0,0,Reader_1_10.csv
2497,1,0,1,Reader_1_11.csv
2497,0,0,0,Reader_1_12.csv
2497,7,7,0,Reader_1_2.csv
2497,2,1,1,Reader_1_3.csv
2497,1,0,1,Reader_1_4.csv
2497,0,0,0,Reader_1_5.csv
2497,1,1,0,Reader_1_6.csv
2497,0,0,0,Reader_1_7.csv
2497,3,2,1,Reader_1_8.csv
2497,0,0,0,Reader_1_9.csv
2497,4,4,0,Reader_2_1.csv
2497,0,0,0,Reader_2_10.csv
2497,0,0,0,Reader_2_11.csv
2497,4,4,0,Reader_2_12.csv
2497,1,1,0,Reader_2_2.csv
2497,0,0,0,Reader_2_3.csv
2497,1,1,0,Reader_2_4.csv
2497,0,0,0,Reader_2_5.csv
2497,0,0,0,Reader_2_6.csv
2497,0,0,0,Reader_2_7.csv
2497,0,0,0,Reader_2_8.csv
2497,0,0,0,Reader_2_9.csv
2497,19,15,4,reader_3_1.csv
2497,7,6,1,Reader_3_2.csv
2497,9,9,0,Reader_3_3.csv
2497,9,9,0,Reader_3_4.csv
2497,3,3,0,Reader_3_5.csv
2497,1,1,0,Reader_3_6.csv
2497,8,7,1,Reader_3_7.csv
2498,4,3,1,Reader_1_1.csv
2498,0,0,0,Reader_1_10.csv
2498,1,0,1,Reader_1_11.csv
2498,0,0,0,Reader_1_12.csv
2498,5,5,0,Reader_1_2.csv
2498,2,1,1,Reader_1_3.csv
2498,1,0,1,Reader_1_4.csv
2498,0,0,0,Reader_1_5.csv
2498,1,1,0,Reader_1_6.csv
2498,0,0,0,Reader_1_7.csv
2498,3,2,1,Reader_1_8.csv
2498,0,0,0,Reader_1_9.csv
2498,3,3,0,Reader_2_1.csv
2498,0,0,0,Reader_2_10.csv
2498,0,0,0,Reader_2_11.csv
2498,3,3,0,Reader_2_12.csv
2498,1,1,0,Reader_2_2.csv
2498,0,0,0,Reader_2_3.csv
2498,1,1,0,Reader_2_4.csv
2498,0,0,0,Reader_2_5.csv
2498,1,1,0,Reader_2_6.csv
2498,0,0,0,Reader_2_7.csv
2498,0,0,0,Reader_2_8.csv
2498,0,0,0,Reader_2_9.csv
2498,17,14,3,reader_3_1.csv
2498,6,5,1,Reader_3_2.csv
2498,9,9,0,Reader_3_3.csv
2498,9,9,0,Reader_3_4.csv
2498,3,3,0,Reader_3_5.csv
2498,2,2,0,Reader_3_6.csv
2498,7,6,1,Reader_3_7.csv
2499,2,2,0,Reader_1_1.csv
2499,0,0,0,Reader_1_10.csv
2499,1,0,1,Reader_1_11.csv
2499,0,0,0,Reader_1_12.csv
2499,4,4,0,Reader_1_2.csv
2499,2,1,1,Reader_1_3.csv
2499,1,0,1,Reader_1_4.csv
2499,0,0,0,Reader_1_5.csv
2499,1,1,0,Reader_1_6.csv
2499,0,0,0,Reader_1_7.csv
2499,3,2,1,Reader_1_8.csv
2499,0,0,0,Reader_1_9.csv
2499,2,2,0,Reader_2_1.csv
2499,0,0,0,Reader_2_10.csv
2499,0,0,0,Reader_2_11.csv
2499,4,4,0,Reader_2_12.csv
2499,1,1,0,Reader_2_2.csv
2499,0,0,0,Reader_2_3.csv
2499,0,0,0,Reader_2_4.csv
2499,0,0,0,Reader_2_5.csv
2499,1,1,0,Reader_2_6.csv
2499,0,0,0,Reader_2_7.csv
2499,0,0,0,Reader_2_8.csv
2499,0,0,0,Reader_2_9.csv
2499,14,13,1,reader_3_1.csv
2499,8,7,1,Reader_3_2.csv
2499,7,7,0,Reader_3_3.csv
2499,7,7,0,Reader_3_4.csv
2499,3,3,0,Reader_3_5.csv
2499,2,2,0,Reader_3_6.csv
2499,7,7,0,Reader_3_7.csv
2500,2,2,0,Reader_1_1.csv
2500,0,0,0,Reader_1_10.csv
2500,1,0,1,Reader_1_11.csv
2500,0,0,0,Reader_1_12.csv
2500,3,3,0,Reader_1_2.csv
2500,3,1,2,Reader_1_3.csv
2500,2,0,2,Reader_1_4.csv
2500,0,0,0,Reader_1_5.csv
2500,2,2,0,Reader_1_6.csv
2500,0,0,0,Reader_1_7.csv
2500,2,1,1,Reader_1_8.csv
2500,0,0,0,Reader_1_9.csv
2500,2,2,0,Reader_2_1.csv
2500,0,0,0,Reader_2_10.csv
2500,0,0,0,Reader_2_11.csv
2500,3,3,0,Reader_2_12.csv
2500,1,1,0,Reader_2_2.csv
2500,0,0,0,Reader_2_3.csv
2500,0,0,0,Reader_2_4.csv
2500,0,0,0,Reader_2_5.csv
2500,1,1,0,Reader_2_6.csv
2500,0,0,0,Reader_2_7.csv
2500,0,0,0,Reader_2_8.csv
2500,0,0,0,Reader_2_9.csv
2500,12,11,1,reader_3_1.csv
2500,7,6,1,Reader_3_2.csv
2500,6,6,0,Reader_3_3.csv
2500,6,6,0,Reader_3_4.csv
2500,3,3,0,Reader_3_5.csv
2500,2,2,0,Reader_3_6.csv
2500,7,7,0,Reader_3_7.csv
2501,2,2,0,Reader_1_1.csv
2501,0,0,0,Reader_1_10.csv
2501,1,0,1,Reader_1_11.csv
2501,0,0,0,Reader_1_12.csv
2501,3,3,0,Reader_1_2.csv
2501,3,1,2,Reader_1_3.csv
2501,2,0,2,Reader_1_4.csv
2501,0,0,0,Reader_1_5.csv
2501,1,1,0,Reader_1_6.csv
2501,0,0,0,Reader_1_7.csv
2501,2,1,1,Reader_1_8.csv
2501,0,0,0,Reader_1_9.csv
2501,2,2,0,Reader_2_1.csv
2501,0,0,0,Reader_2_10.csv
2501,0,0,0,Reader_2_11.csv
2501,2,2,0,Reader_2_12.csv
2501,1,1,0,Reader_2_2.csv
2501,0,0,0,Reader_2_3.csv
2501,0,0,0,Reader_2_4.csv
2501,0,0,0,Reader_2_5.csv
2501,1,1,0,Reader_2_6.csv
2501,0,0,0,Reader_2_7.csv
2501,0,0,0,Reader_2_8.csv
2501,0,0,0,Reader_2_9.csv
2501,12,12,0,reader_3_1.csv
2501,6,5,1,Reader_3_2.csv
2501,3,3,0,Reader_3_3.csv
2501,3,3,0,Reader_3_4.csv
2501,2,2,0,Reader_3_5.csv
2501,2,2,0,Reader_3_6.csv
2501,6,6,0,Reader_3_7.csv
2502,2,2,0,Reader_1_1.csv
2502,0,0,0,Reader_1_10.csv
2502,0,0,0,Reader_1_11.csv
2502,0,0,0,Reader_1_12.csv
2502,2,2,0,Reader_1_2.csv
2502,3,1,2,Reader_1_3.csv
2502,2,0,2,Reader_1_4.csv
2502,0,0,0,Reader_1_5.csv
2502,1,1,0,Reader_1_6.csv
2502,0,0,0,Reader_1_7.csv
2502,1,0,1,Reader_1_8.csv
2502,0,0,0,Reader_1_9.csv
2502,2,2,0,Reader_2_1.csv
2502,0,0,0,Reader_2_10.csv
2502,0,0,0,Reader_2_11.csv
2502,3,2,1,Reader_2_12.csv
2502,1,1,0,Reader_2_2.csv
2502,0,0,0,Reader_2_3.csv
2502,0,0,0,Reader_2_4.csv
2502,0,0,0,Reader_2_5.csv
2502,1,1,0,Reader_2_6.csv
2502,0,0,0,Reader_2_7.csv
2502,0,0,0,Reader_2_8.csv
2502,0,0,0,Reader_2_9.csv
2502,11,11,0,reader_3_1.csv
2502,7,6,1,Reader_3_2.csv
2502,3,3,0,Reader_3_3.csv
2502,3,3,0,Reader_3_4.csv
2502,1,1,0,Reader_3_5.csv
2502,3,3,0,Reader_3_6.csv
2502,8,7,1,Reader_3_7.csv
2503,1,1,0,Reader_1_1.csv
2503,0,0,0,Reader_1_10.csv
2503,0,0,0,Reader_1_11.csv
2503,0,0,0,Reader_1_12.csv
2503,2,2,0,Reader_1_2.csv
2503,2,1,1,Reader_1_3.csv
2503,1,0,1,Reader_1_4.csv
2503,0,0,0,Reader_1_5.csv
2503,2,2,0,Reader_1_6.csv
2503,0,0,0,Reader_1_7.csv
2503,1,0,1,Reader_1_8.csv
2503,0,0,0,Reader_1_9.csv
2503,1,1,0,Reader_2_1.csv
2503,0,0,0,Reader_2_10.csv
2503,0,0,0,Reader_2_11.csv
2503,3,2,1,Reader_2_12.csv
2503,0,0,0,Reader_2_2.csv
2503,0,0,0,Reader_2_3.csv
2503,0,0,0,Reader_2_4.csv
2503,0,0,0,Reader_2_5.csv
2503,1,1,0,Reader_2_6.csv
2503,0,0,0,Reader_2_7.csv
2503,0,0,0,Reader_2_8.csv
2503,0,0,0,Reader_2_9.csv
2503,13,13,0,reader_3_1.csv
2503,7,6,1,Reader_3_2.csv
2503,2,2,0,Reader_3_3.csv
2503,2,2,0,Reader_3_4.csv
2503,2,2,0,Reader_3_5.csv
2503,4,4,0,Reader_3_6.csv
2503,9,8,1,Reader_3_7.csv
2504,1,1,0,Reader_1_1.csv
2504,0,0,0,Reader_1_10.csv
2504,1,1,0,Reader_1_11.csv
2504,0,0,0,Reader_1_12.csv
2504,1,1,0,Reader_1_2.csv
2504,3,2,1,Reader_1_3.csv
2504,1,0,1,Reader_1_4.csv
2504,1,0,1,Reader_1_5.csv
2504,2,2,0,Reader_1_6.csv
2504,0,0,0,Reader_1_7.csv
2504,1,0,1,Reader_1_8.csv
2504,0,0,0,Reader_1_9.csv
2504,1,1,0,Reader_2_1.csv
2504,0,0,0,Reader_2_10.csv
2504,1,1,0,Reader_2_11.csv
2504,4,2,2,Reader_2_12.csv
2504,0,0,0,Reader_2_2.csv
2504,0,0,0,Reader_2_3.csv
2504,0,0,0,Reader_2_4.csv
2504,0,0,0,Reader_2_5.csv
2504,1,1,0,Reader_2_6.csv
2504,0,0,0,Reader_2_7.csv
2504,0,0,0,Reader_2_8.csv
2504,0,0,0,Reader_2_9.csv
2504,10,8,2,reader_3_1.csv
2504,8,7,1,Reader_3_2.csv
2504,3,3,0,Reader_3_3.csv
2504,3,3,0,Reader_3_4.csv
2504,2,2,0,Reader_3_5.csv
2504,4,4,0,Reader_3_6.csv
2504,6,5,1,Reader_3_7.csv
2505,1,1,0,Reader_1_1.csv
2505,0,0,0,Reader_1_10.csv
2505,1,1,0,Reader_1_11.csv
2505,0,0,0,Reader_1_12.csv
2505,1,1,0,Reader_1_2.csv
2505,3,2,1,Reader_1_3.csv
2505,1,0,1,Reader_1_4.csv
2505,2,0,2,Reader_1_5.csv
2505,2,2,0,Reader_1_6.csv
2505,0,0,0,Reader_1_7.csv
2505,0,0,0,Reader_1_8.csv
2505,0,0,0,Reader_1_9.csv
2505,1,1,0,Reader_2_1.csv
2505,1,1,0,Reader_2_10.csv
2505,1,1,0,Reader_2_11.csv
2505,3,1,2,Reader_2_12.csv
2505,1,0,1,Reader_2_2.csv
2505,0,0,0,Reader_2_3.csv
2505,0,0,0,Reader_2_4.csv
2505,0,0,0,Reader_2_5.csv
2505,2,2,0,Reader_2_6.csv
2505,0,0,0,Reader_2_7.csv
2505,0,0,0,Reader_2_8.csv
2505,0,0,0,Reader_2_9.csv
2505,11,9,2,reader_3_1.csv
2505,8,7,1,Reader_3_2.csv
2505,4,4,0,Reader_3_3.csv
2505,4,4,0,Reader_3_4.csv
2505,2,2,0,Reader_3_5.csv
2505,5,5,0,Reader_3_6.csv
2505,6,5,1,Reader_3_7.csv
2506,1,1,0,Reader_1_1.csv
2506,0,0,0,Reader_1_10.csv
2506,2,2,0,Reader_1_11.csv
2506,0,0,0,Reader_1_12.csv
2506,1,1,0,Reader_1_2.csv
2506,4,3,1,Reader_1_3.csv
2506,1,0,1,Reader_1_4.csv
2506,2,0,2,Reader_1_5.csv
2506,3,3,0,Reader_1_6.csv
2506,0,0,0,Reader_1_7.csv
2506,0,0,0,Reader_1_8.csv
2506,0,0,0,Reader_1_9.csv
2506,1,1,0,Reader_2_1.csv
2506,1,1,0,Reader_2_10.csv
2506,1,1,0,Reader_2_11.csv
2506,3,1,2,Reader_2_12.csv
2506,1,0,1,Reader_2_2.csv
2506,0,0,0,Reader_2_3.csv
2506,0,0,0,Reader_2_4.csv
2506,0,0,0,Reader_2_5.csv
2506,2,2,0,Reader_2_6.csv
2506,0,0,0,Reader_2_7.csv
2506,0,0,0,Reader_2_8.csv
2506,0,0,0,Reader_2_9.csv
2506,10,8,2,reader_3_1.csv
2506,9,8,1,Reader_3_2.csv
2506,5,5,0,Reader_3_3.csv
2506,5,5,0,Reader_3_4.csv
2506,4,4,0,Reader_3_5.csv
2506,4,4,0,Reader_3_6.csv
2506,8,7,1,Reader_3_7.csv
2507,2,2,0,Reader_1_1.csv
2507,0,0,0,Reader_1_10.csv
2507,2,2,0,Reader_1_11.csv
2507,0,0,0,Reader_1_12.csv
2507,1,1,0,Reader_1_2.csv
2507,4,3,1,Reader_1_3.csv
2507,1,0,1,Reader_1_4.csv
2507,3,1,2,Reader_1_5.csv
2507,4,4,0,Reader_1_6.csv
2507,0,0,0,Reader_1_7.csv
2507,0,0,0,Reader_1_8.csv
2507,0,0,0,Reader_1_9.csv
2507,1,1,0,Reader_2_1.csv
2507,1,1,0,Reader_2_10.csv
2507,1,1,0,Reader_2_11.csv
2507,3,1,2,Reader_2_12.csv
2507,1,0,1,Reader_2_2.csv
2507,0,0,0,Reader_2_3.csv
2507,0,0,0,Reader_2_4.csv
2507,0,0,0,Reader_2_5.csv
2507,3,2,1,Reader_2_6.csv
2507,0,0,0,Reader_2_7.csv
2507,0,0,0,Reader_2_8.csv
2507,0,0,0,Reader_2_9.csv
2507,9,7,2,reader_3_1.csv
2507,8,7,1,Reader_3_2.csv
2507,3,3,0,Reader_3_3.csv
2507,3,3,0,Reader_3_4.csv
2507,3,3,0,Reader_3_5.csv
2507,4,4,0,Reader_3_6.csv
2507,7,6,1,Reader_3_7.csv
2508,3,3,0,Reader_1_1.csv
2508,0,0,0,Reader_1_10.csv
2508,2,2,0,Reader_1_11.csv
2508,0,0,0,Reader_1_12.csv
2508,1,1,0,Reader_1_2.csv
2508,2,2,0,Reader_1_3.csv
2508,0,0,0,Reader_1_4.csv
2508,4,2,2,Reader_1_5.csv
2508,3,3,0,Reader_1_6.csv
2508,0,0,0,Reader_1_7.csv
2508,0,0,0,Reader_1_8.csv
2508,0,0,0,Reader_1_9.csv
2508,2,2,0,Reader_2_1.csv
2508,1,1,0,Reader_2_10.csv
2508,1,1,0,Reader_2_11.csv
2508,3,1,2,Reader_2_12.csv
2508,1,0,1,Reader_2_2.csv
2508,0,0,0,Reader_2_3.csv
2508,0,0,0,Reader_2_4.csv
2508,0,0,0,Reader_2_5.csv
2508,4,3,1,Reader_2_6.csv
2508,0,0,0,Reader_2_7.csv
2508,0,0,0,Reader_2_8.csv
2508,0,0,0,Reader_2_9.csv
2508,10,7,3,reader_3_1.csv
2508,8,7,1,Reader_3_2.csv
2508,3,3,0,Reader_3_3.csv
2508,3,3,0,Reader_3_4.csv
2508,4,4,0,Reader_3_5.csv
2508,4,4,0,Reader_3_6.csv
2508,6,5,1,Reader_3_7.csv
2509,3,3,0,Reader_1_1.csv
2509,0,0,0,Reader_1_10.csv
2509,2,2,0,Reader_1_11.csv
2509,0,0,0,Reader_1_12.csv
2509,1,1,0,Reader_1_2.csv
2509,2,2,0,Reader_1_3.csv
2509,0,0,0,Reader_1_4.csv
2509,4,2,2,Reader_1_5.csv
2509,3,3,0,Reader_1_6.csv
2509,0,0,0,Reader_1_7.csv
2509,0,0,0,Reader_1_8.csv
2509,0,0,0,Reader_1_9.csv
2509,3,3,0,Reader_2_1.csv
2509,1,1,0,Reader_2_10.csv
2509,1,1,0,Reader_2_11.csv
2509,3,1,2,Reader_2_12.csv
2509,1,0,1,Reader_2_2.csv
2509,0,0,0,Reader_2_3.csv
2509,0,0,0,Reader_2_4.csv
2509,0,0,0,Reader_2_5.csv
2509,4,3,1,Reader_2_6.csv
2509,0,0,0,Reader_2_7.csv
2509,0,0,0,Reader_2_8.csv
2509,0,0,0,Reader_2_9.csv
2509,8,5,3,reader_3_1.csv
2509,8,8,0,Reader_3_2.csv
2509,3,3,0,Reader_3_3.csv
2509,3,3,0,Reader_3_4.csv
2509,4,4,0,Reader_3_5.csv
2509,4,4,0,Reader_3_6.csv
2509,6,5,1,Reader_3_7.csv
2510,4,4,0,Reader_1_1.csv
2510,0,0,0,Reader_1_10.csv
2510,2,2,0,Reader_1_11.csv
2510,0,0,0,Reader_1_12.csv
2510,1,1,0,Reader_1_2.csv
2510,2,2,0,Reader_1_3.csv
2510,0,0,0,Reader_1_4.csv
2510,4,2,2,Reader_1_5.csv
2510,3,3,0,Reader_1_6.csv
2510,0,0,0,Reader_1_7.csv
2510,0,0,0,Reader_1_8.csv
2510,0,0,0,Reader_1_9.csv
2510,3,3,0,Reader_2_1.csv
2510,1,1,0,Reader_2_10.csv
2510,1,1,0,Reader_2_11.csv
2510,3,2,1,Reader_2_12.csv
2510,1,0,1,Reader_2_2.csv
2510,0,0,0,Reader_2_3.csv
2510,0,0,0,Reader_2_4.csv
2510,0,0,0,Reader_2_5.csv
2510,5,4,1,Reader_2_6.csv
2510,0,0,0,Reader_2_7.csv
2510,0,0,0,Reader_2_8.csv
2510,0,0,0,Reader_2_9.csv
2510,8,5,3,reader_3_1.csv
2510,8,8,0,Reader_3_2.csv
2510,5,5,0,Reader_3_3.csv
2510,5,5,0,Reader_3_4.csv
2510,4,4,0,Reader_3_5.csv
2510,2,2,0,Reader_3_6.csv
2510,4,4,0,Reader_3_7.csv
2511,4,4,0,Reader_1_1.csv
2511,0,0,0,Reader_1_10.csv
2511,2,2,0,Reader_1_11.csv
2511,0,0,0,Reader_1_12.csv
2511,1,1,0,Reader_1_2.csv
2511,3,3,0,Reader_1_3.csv
2511,0,0,0,Reader_1_4.csv
2511,4,2,2,Reader_1_5.csv
2511,2,2,0,Reader_1_6.csv
2511,0,0,0,Reader_1_7.csv
2511,0,0,0,Reader_1_8.csv
2511,0,0,0,Reader_1_9.csv
2511,3,3,0,Reader_2_1.csv
2511,1,1,0,Reader_2_10.csv
2511,1,1,0,Reader_2_11.csv
2511,3,2,1,Reader_2_12.csv
2511,1,0,1,Reader_2_2.csv
2511,1,1,0,Reader_2_3.csv
2511,0,0,0,Reader_2_4.csv
2511,0,0,0,Reader_2_5.csv
2511,6,5,1,Reader_2_6.csv
2511,0,0,0,Reader_2_7.csv
2511,0,0,0,Reader_2_8.csv
2511,0,0,0,Reader_2_9.csv
2511,7,4,3,reader_3_1.csv
2511,8,8,0,Reader_3_2.csv
2511,5,5,0,Reader_3_3.csv
2511,5,5,0,Reader_3_4.csv
2511,3,3,0,Reader_3_5.csv
2511,1,1,0,Reader_3_6.csv
2511,3,3,0,Reader_3_7.csv
2512,3,3,0,Reader_1_1.csv
2512,0,0,0,Reader_1_10.csv
2512,1,1,0,Reader_1_11.csv
2512,0,0,0,Reader_1_12.csv
2512,1,1,0,Reader_1_2.csv
2512,2,2,0,Reader_1_3.csv
2512,0,0,0,Reader_1_4.csv
2512,3,2,1,Reader_1_5.csv
2512,2,2,0,Reader_1_6.csv
2512,0,0,0,Reader_1_7.csv
2512,0,0,0,Reader_1_8.csv
2512,0,0,0,Reader_1_9.csv
2512,3,3,0,Reader_2_1.csv
2512,1,1,0,Reader_2_10.csv
2512,0,0,0,Reader_2_11.csv
2512,2,2,0,Reader_2_12.csv
2512,1,0,1,Reader_2_2.csv
2512,1,1,0,Reader_2_3.csv
2512,0,0,0,Reader_2_4.csv
2512,0,0,0,Reader_2_5.csv
2512,6,5,1,Reader_2_6.csv
2512,0,0,0,Reader_2_7.csv
2512,1,1,0,Reader_2_8.csv
2512,0,0,0,Reader_2_9.csv
2512,5,4,1,reader_3_1.csv
2512,6,6,0,Reader_3_2.csv
2512,4,4,0,Reader_3_3.csv
2512,4,4,0,Reader_3_4.csv
2512,4,4,0,Reader_3_5.csv
2512,2,1,1,Reader_3_6.csv
2512,5,5,0,Reader_3_7.csv
2513,4,4,0,Reader_1_1.csv
2513,0,0,0,Reader_1_10.csv
2513,1,1,0,Reader_1_11.csv
2513,0,0,0,Reader_1_12.csv
2513,1,1,0,Reader_1_2.csv
2513,3,3,0,Reader_1_3.csv
2513,0,0,0,Reader_1_4.csv
2513,2,2,0,Reader_1_5.csv
2513,2,2,0,Reader_1_6.csv
2513,0,0,0,Reader_1_7.csv
2513,0,0,0,Reader_1_8.csv
2513,0,0,0,Reader_1_9.csv
2513,2,2,0,Reader_2_1.csv
2513,0,0,0,Reader_2_10.csv
2513,0,0,0,Reader_2_11.csv
2513,3,2,1,Reader_2_12.csv
2513,0,0,0,Reader_2_2.csv
2513,2,1,1,Reader_2_3.csv
2513,0,0,0,Reader_2_4.csv
2513,0,0,0,Reader_2_5.csv
2513,7,6,1,Reader_2_6.csv
2513,0,0,0,Reader_2_7.csv
2513,1,1,0,Reader_2_8.csv
2513,0,0,0,Reader_2_9.csv
2513,6,5,1,reader_3_1.csv
2513,6,6,0,Reader_3_2.csv
2513,3,3,0,Reader_3_3.csv
2513,3,3,0,Reader_3_4.csv
2513,4,4,0,Reader_3_5.csv
2513,1,0,1,Reader_3_6.csv
2513,6,6,0,Reader_3_7.csv
2514,4,4,0,Reader_1_1.csv
2514,0,0,0,Reader_1_10.csv
2514,1,1,0,Reader_1_11.csv
2514,0,0,0,Reader_1_12.csv
2514,2,1,1,Reader_1_2.csv
2514,3,3,0,Reader_1_3.csv
2514,0,0,0,Reader_1_4.csv
2514,2,2,0,Reader_1_5.csv
2514,2,2,0,Reader_1_6.csv
2514,0,0,0,Reader_1_7.csv
2514,0,0,0,Reader_1_8.csv
2514,0,0,0,Reader_1_9.csv
2514,2,2,0,Reader_2_1.csv
2514,0,0,0,Reader_2_10.csv
2514,0,0,0,Reader_2_11.csv
2514,3,2,1,Reader_2_12.csv
2514,0,0,0,Reader_2_2.csv
2514,2,1,1,Reader_2_3.csv
2514,0,0,0,Reader_2_4.csv
2514,0,0,0,Reader_2_5.csv
2514,6,5,1,Reader_2_6.csv
2514,0,0,0,Reader_2_7.csv
2514,1,1,0,Reader_2_8.csv
2514,0,0,0,Reader_2_9.csv
2514,5,4,1,reader_3_1.csv
2514,6,6,0,Reader_3_2.csv
2514,2,2,0,Reader_3_3.csv
2514,2,2,0,Reader_3_4.csv
2514,5,5,0,Reader_3_5.csv
2514,1,0,1,Reader_3_6.csv
2514,5,5,0,Reader_3_7.csv
2515,3,3,0,Reader_1_1.csv
2515,0,0,0,Reader_1_10.csv
2515,1,1,0,Reader_1_11.csv
2515,0,0,0,Reader_1_12.csv
2515,2,1,1,Reader_1_2.csv
2515,3,3,0,Reader_1_3.csv
2515,0,0,0,Reader_1_4.csv
2515,1,1,0,Reader_1_5.csv
2515,1,1,0,Reader_1_6.csv
2515,0,0,0,Reader_1_7.csv
2515,0,0,0,Reader_1_8.csv
2515,0,0,0,Reader_1_9.csv
2515,2,2,0,Reader_2_1.csv
2515,2,2,0,Reader_2_10.csv
2515,0,0,0,Reader_2_11.csv
2515,2,1,1,Reader_2_12.csv
2515,0,0,0,Reader_2_2.csv
2515,2,1,1,Reader_2_3.csv
2515,0,0,0,Reader_2_4.csv
2515,0,0,0,Reader_2_5.csv
2515,5,5,0,Reader_2_6.csv
2515,0,0,0,Reader_2_7.csv
2515,1,1,0,Reader_2_8.csv
2515,0,0,0,Reader_2_9.csv
2515,7,5,2,reader_3_1.csv
2515,5,5,0,Reader_3_2.csv
2515,2,2,0,Reader_3_3.csv
2515,2,2,0,Reader_3_4.csv
2515,6,6,0,Reader_3_5.csv
2515,3,1,2,Reader_3_6.csv
2515,6,6,0,Reader_3_7.csv
2516,2,2,0,Reader_1_1.csv
2516,0,0,0,Reader_1_10.csv
2516,1,1,0,Reader_1_11.csv
2516,0,0,0,Reader_1_12.csv
2516,2,1,1,Reader_1_2.csv
2516,3,3,0,Reader_1_3.csv
2516,0,0,0,Reader_1_4.csv
2516,0,0,0,Reader_1_5.csv
2516,2,1,1,Reader_1_6.csv
2516,0,0,0,Reader_1_7.csv
2516,0,0,0,Reader_1_8.csv
2516,0,0,0,Reader_1_9.csv
2516,1,1,0,Reader_2_1.csv
2516,2,2,0,Reader_2_10.csv
2516,0,0,0,Reader_2_11.csv
2516,3,2,1,Reader_2_12.csv
2516,0,0,0,Reader_2_2.csv
2516,3,2,1,Reader_2_3.csv
2516,0,0,0,Reader_2_4.csv
2516,0,0,0,Reader_2_5.csv
2516,5,5,0,Reader_2_6.csv
2516,0,0,0,Reader_2_7.csv
2516,1,1,0,Reader_2_8.csv
2516,0,0,0,Reader_2_9.csv
2516,9,7,2,reader_3_1.csv
2516,6,5,1,Reader_3_2.csv
2516,2,2,0,Reader_3_3.csv
2516,2,2,0,Reader_3_4.csv
2516,7,6,1,Reader_3_5.csv
2516,3,1,2,Reader_3_6.csv
2516,7,7,0,Reader_3_7.csv
2517,2,2,0,Reader_1_1.csv
2517,0,0,0,Reader_1_10.csv
2517,1,1,0,Reader_1_11.csv
2517,0,0,0,Reader_1_12.csv
2517,3,2,1,Reader_1_2.csv
2517,3,3,0,Reader_1_3.csv
2517,0,0,0,Reader_1_4.csv
2517,0,0,0,Reader_1_5.csv
2517,2,1,1,Reader_1_6.csv
2517,0,0,0,Reader_1_7.csv
2517,0,0,0,Reader_1_8.csv
2517,0,0,0,Reader_1_9.csv
2517,0,0,0,Reader_2_1.csv
2517,2,2,0,Reader_2_10.csv
2517,0,0,0,Reader_2_11.csv
2517,3,2,1,Reader_2_12.csv
2517,0,0,0,Reader_2_2.csv
2517,3,2,1,Reader_2_3.csv
2517,0,0,0,Reader_2_4.csv
2517,0,0,0,Reader_2_5.csv
2517,5,5,0,Reader_2_6.csv
2517,0,0,0,Reader_2_7.csv
2517,1,1,0,Reader_2_8.csv
2517,0,0,0,Reader_2_9.csv
2517,9,7,2,reader_3_1.csv
2517,4,3,1,Reader_3_2.csv
2517,3,3,0,Reader_3_3.csv
2517,3,3,0,Reader_3_4.csv
2517,9,8,1,Reader_3_5.csv
2517,3,1,2,Reader_3_6.csv
2517,8,8,0,Reader_3_7.csv
2518,1,1,0,Reader_1_1.csv
2518,0,0,0,Reader_1_10.csv
2518,1,1,0,Reader_1_11.csv
2518,0,0,0,Reader_1_12.csv
2518,2,1,1,Reader_1_2.csv
2518,3,3,0,Reader_1_3.csv
2518,0,0,0,Reader_1_4.csv
2518,0,0,0,Reader_1_5.csv
2518,2,1,1,Reader_1_6.csv
2518,0,0,0,Reader_1_7.csv
2518,0,0,0,Reader_1_8.csv
2518,0,0,0,Reader_1_9.csv
2518,0,0,0,Reader_2_1.csv
2518,2,2,0,Reader_2_10.csv
2518,0,0,0,Reader_2_11.csv
2518,2,1,1,Reader_2_12.csv
2518,0,0,0,Reader_2_2.csv
2518,3,2,1,Reader_2_3.csv
2518,0,0,0,Reader_2_4.csv
2518,0,0,0,Reader_2_5.csv
2518,4,4,0,Reader_2_6.csv
2518,0,0,0,Reader_2_7.csv
2518,1,1,0,Reader_2_8.csv
2518,0,0,0,Reader_2_9.csv
2518,11,9,2,reader_3_1.csv
2518,3,2,1,Reader_3_2.csv
2518,1,1,0,Reader_3_3.csv
2518,1,1,0,Reader_3_4.csv
2518,9,8,1,Reader_3_5.csv
2518,4,2,2,Reader_3_6.csv
2518,8,8,0,Reader_3_7.csv
2519,2,2,0,Reader_1_1.csv
2519,0,0,0,Reader_1_10.csv
2519,1,1,0,Reader_1_11.csv
2519,0,0,0,Reader_1_12.csv
2519,2,1,1,Reader_1_2.csv
2519,2,2,0,Reader_1_3.csv
2519,0,0,0,Reader_1_4.csv
2519,0,0,0,Reader_1_5.csv
2519,2,1,1,Reader_1_6.csv
2519,0,0,0,Reader_1_7.csv
2519,0,0,0,Reader_1_8.csv
2519,0,0,0,Reader_1_9.csv
2519,0,0,0,Reader_2_1.csv
2519,3,2,1,Reader_2_10.csv
2519,0,0,0,Reader_2_11.csv
2519,3,2,1,Reader_2_12.csv
2519,0,0,0,Reader_2_2.csv
2519,2,1,1,Reader_2_3.csv
2519,0,0,0,Reader_2_4.csv
2519,0,0,0,Reader_2_5.csv
2519,3,3,0,Reader_2_6.csv
2519,0,0,0,Reader_2_7.csv
2519,1,1,0,Reader_2_8.csv
2519,0,0,0,Reader_2_9.csv
2519,11,9,2,reader_3_1.csv
2519,2,1,1,Reader_3_2.csv
2519,1,1,0,Reader_3_3.csv
2519,1,1,0,Reader_3_4.csv
2519,10,8,2,Reader_3_5.csv
2519,5,2,3,Reader_3_6.csv
2519,8,8,0,Reader_3_7.csv
2520,2,2,0,Reader_1_1.csv
2520,0,0,0,Reader_1_10.csv
2520,1,1,0,Reader_1_11.csv
2520,0,0,0,Reader_1_12.csv
2520,2,1,1,Reader_1_2.csv
2520,2,2,0,Reader_1_3.csv
2520,0,0,0,Reader_1_4.csv
2520,0,0,0,Reader_1_5.csv
2520,2,1,1,Reader_1_6.csv
2520,0,0,0,Reader_1_7.csv
2520,0,0,0,Reader_1_8.csv
2520,0,0,0,Reader_1_9.csv
2520,0,0,0,Reader_2_1.csv
2520,3,2,1,Reader_2_10.csv
2520,0,0,0,Reader_2_11.csv
2520,3,2,1,Reader_2_12.csv
2520,0,0,0,Reader_2_2.csv
2520,2,1,1,Reader_2_3.csv
2520,0,0,0,Reader_2_4.csv
2520,0,0,0,Reader_2_5.csv
2520,3,3,0,Reader_2_6.csv
2520,0,0,0,Reader_2_7.csv
2520,0,0,0,Reader_2_8.csv
2520,0,0,0,Reader_2_9.csv
2520,13,11,2,reader_3_1.csv
2520,4,3,1,Reader_3_2.csv
2520,1,1,0,Reader_3_3.csv
2520,1,1,0,Reader_3_4.csv
2520,10,8,2,Reader_3_5.csv
2520,4,2,2,Reader_3_6.csv
2520,6,6,0,Reader_3_7.csv
2521,2,2,0,Reader_1_1.csv
2521,0,0,0,Reader_1_10.csv
2521,1,1,0,Reader_1_11.csv
2521,0,0,0,Reader_1_12.csv
2521,2,1,1,Reader_1_2.csv
2521,1,1,0,Reader_1_3.csv
2521,0,0,0,Reader_1_4.csv
2521,0,0,0,Reader_1_5.csv
2521,2,1,1,Reader_1_6.csv
2521,0,0,0,Reader_1_7.csv
2521,0,0,0,Reader_1_8.csv
2521,0,0,0,Reader_1_9.csv
2521,0,0,0,Reader_2_1.csv
2521,3,2,1,Reader_2_10.csv
2521,0,0,0,Reader_2_11.csv
2521,5,5,0,Reader_2_12.csv
2521,0,0,0,Reader_2_2.csv
2521,1,1,0,Reader_2_3.csv
2521,1,1,0,Reader_2_4.csv
2521,0,0,0,Reader_2_5.csv
2521,1,1,0,Reader_2_6.csv
2521,0,0,0,Reader_2_7.csv
2521,0,0,0,Reader_2_8.csv
2521,0,0,0,Reader_2_9.csv
2521,13,11,2,reader_3_1.csv
2521,5,3,2,Reader_3_2.csv
2521,1,1,0,Reader_3_3.csv
2521,1,1,0,Reader_3_4.csv
2521,11,9,2,Reader_3_5.csv
2521,4,2,2,Reader_3_6.csv
2521,5,5,0,Reader_3_7.csv
2522,2,2,0,Reader_1_1.csv
2522,0,0,0,Reader_1_10.csv
2522,0,0,0,Reader_1_11.csv
2522,0,0,0,Reader_1_12.csv
2522,1,1,0,Reader_1_2.csv
2522,1,1,0,Reader_1_3.csv
2522,0,0,0,Reader_1_4.csv
2522,0,0,0,Reader_1_5.csv
2522,1,0,1,Reader_1_6.csv
2522,0,0,0,Reader_1_7.csv
2522,0,0,0,Reader_1_8.csv
2522,0,0,0,Reader_1_9.csv
2522,0,0,0,Reader_2_1.csv
2522,4,3,1,Reader_2_10.csv
2522,0,0,0,Reader_2_11.csv
2522,5,5,0,Reader_2_12.csv
2522,1,1,0,Reader_2_2.csv
2522,2,2,0,Reader_2_3.csv
2522,1,1,0,Reader_2_4.csv
2522,0,0,0,Reader_2_5.csv
2522,1,1,0,Reader_2_6.csv
2522,0,0,0,Reader_2_7.csv
2522,0,0,0,Reader_2_8.csv
2522,0,0,0,Reader_2_9.csv
2522,13,11,2,reader_3_1.csv
2522,4,2,2,Reader_3_2.csv
2522,1,1,0,Reader_3_3.csv
2522,1,1,0,Reader_3_4.csv
2522,10,8,2,Reader_3_5.csv
2522,4,2,2,Reader_3_6.csv
2522,6,6,0,Reader_3_7.csv
2523,2,2,0,Reader_1_1.csv
2523,0,0,0,Reader_1_10.csv
2523,0,0,0,Reader_1_11.csv
2523,0,0,0,Reader_1_12.csv
2523,1,1,0,Reader_1_2.csv
2523,1,1,0,Reader_1_3.csv
2523,0,0,0,Reader_1_4.csv
2523,0,0,0,Reader_1_5.csv
2523,1,0,1,Reader_1_6.csv
2523,0,0,0,Reader_1_7.csv
2523,0,0,0,Reader_1_8.csv
2523,0,0,0,Reader_1_9.csv
2523,0,0,0,Reader_2_1.csv
2523,3,2,1,Reader_2_10.csv
2523,0,0,0,Reader_2_11.csv
2523,5,5,0,Reader_2_12.csv
2523,1,1,0,Reader_2_2.csv
2523,4,4,0,Reader_2_3.csv
2523,1,1,0,Reader_2_4.csv
2523,0,0,0,Reader_2_5.csv
2523,1,1,0,Reader_2_6.csv
2523,0,0,0,Reader_2_7.csv
2523,0,0,0,Reader_2_8.csv
2523,0,0,0,Reader_2_9.csv
2523,11,10,1,reader_3_1.csv
2523,5,3,2,Reader_3_2.csv
2523,1,1,0,Reader_3_3.csv
2523,1,1,0,Reader_3_4.csv
2523,9,7,2,Reader_3_5.csv
2523,2,1,1,Reader_3_6.csv
2523,7,7,0,Reader_3_7.csv
2524,3,2,1,Reader_1_1.csv
2524,1,0,1,Reader_1_10.csv
2524,0,0,0,Reader_1_11.csv
2524,0,0,0,Reader_1_12.csv
2524,1,1,0,Reader_1_2.csv
2524,2,2,0,Reader_1_3.csv
2524,0,0,0,Reader_1_4.csv
2524,0,0,0,Reader_1_5.csv
2524,0,0,0,Reader_1_6.csv
2524,0,0,0,Reader_1_7.csv
2524,0,0,0,Reader_1_8.csv
2524,0,0,0,Reader_1_9.csv
2524,0,0,0,Reader_2_1.csv
2524,3,2,1,Reader_2_10.csv
2524,0,0,0,Reader_2_11.csv
2524,4,4,0,Reader_2_12.csv
2524,1,1,0,Reader_2_2.csv
2524,3,3,0,Reader_2_3.csv
2524,1,1,0,Reader_2_4.csv
2524,0,0,0,Reader_2_5.csv
2524,0,0,0,Reader_2_6.csv
2524,0,0,0,Reader_2_7.csv
2524,0,0,0,Reader_2_8.csv
2524,0,0,0,Reader_2_9.csv
2524,8,8,0,reader_3_1.csv
2524,4,3,1,Reader_3_2.csv
2524,2,2,0,Reader_3_3.csv
2524,2,2,0,Reader_3_4.csv
2524,7,6,1,Reader_3_5.csv
2524,2,1,1,Reader_3_6.csv
2524,7,7,0,Reader_3_7.csv
2525,5,3,2,Reader_1_1.csv
2525,1,0,1,Reader_1_10.csv
2525,0,0,0,Reader_1_11.csv
2525,0,0,0,Reader_1_12.csv
2525,0,0,0,Reader_1_2.csv
2525,3,2,1,Reader_1_3.csv
2525,0,0,0,Reader_1_4.csv
2525,0,0,0,Reader_1_5.csv
2525,0,0,0,Reader_1_6.csv
2525,0,0,0,Reader_1_7.csv
2525,0,0,0,Reader_1_8.csv
2525,0,0,0,Reader_1_9.csv
2525,0,0,0,Reader_2_1.csv
2525,3,2,1,Reader_2_10.csv
2525,0,0,0,Reader_2_11.csv
2525,4,4,0,Reader_2_12.csv
2525,1,1,0,Reader_2_2.csv
2525,3,3,0,Reader_2_3.csv
2525,1,1,0,Reader_2_4.csv
2525,0,0,0,Reader_2_5.csv
2525,0,0,0,Reader_2_6.csv
2525,0,0,0,Reader_2_7.csv
2525,0,0,0,Reader_2_8.csv
2525,0,0,0,Reader_2_9.csv
2525,10,10,0,reader_3_1.csv
2525,5,4,1,Reader_3_2.csv
2525,1,1,0,Reader_3_3.csv
2525,1,1,0,Reader_3_4.csv
2525,6,5,1,Reader_3_5.csv
2525,2,1,1,Reader_3_6.csv
2525,6,6,0,Reader_3_7.csv
2526,5,3,2,Reader_1_1.csv
2526,2,1,1,Reader_1_10.csv
2526,0,0,0,Reader_1_11.csv
2526,0,0,0,Reader_1_12.csv
2526,0,0,0,Reader_1_2.csv
2526,3,2,1,Reader_1_3.csv
2526,0,0,0,Reader_1_4.csv
2526,1,1,0,Reader_1_5.csv
2526,0,0,0,Reader_1_6.csv
2526,0,0,0,Reader_1_7.csv
2526,0,0,0,Reader_1_8.csv
2526,0,0,0,Reader_1_9.csv
2526,0,0,0,Reader_2_1.csv
2526,3,2,1,Reader_2_10.csv
2526,0,0,0,Reader_2_11.csv
2526,4,4,0,Reader_2_12.csv
2526,1,1,0,Reader_2_2.csv
2526,3,3,0,Reader_2_3.csv
2526,1,1,0,Reader_2_4.csv
2526,0,0,0,Reader_2_5.csv
2526,0,0,0,Reader_2_6.csv
2526,0,0,0,Reader_2_7.csv
2526,0,0,0,Reader_2_8.csv
2526,0,0,0,Reader_2_9.csv
2526,11,11,0,reader_3_1.csv
2526,6,4,2,Reader_3_2.csv
2526,1,1,0,Reader_3_3.csv
2526,1,1,0,Reader_3_4.csv
2526,6,5,1,Reader_3_5.csv
2526,1,0,1,Reader_3_6.csv
2526,6,6,0,Reader_3_7.csv
2527,6,4,2,Reader_1_1.csv
2527,2,1,1,Reader_1_10.csv
2527,0,0,0,Reader_1_11.csv
2527,0,0,0,Reader_1_12.csv
2527,0,0,0,Reader_1_2.csv
2527,3,2,1,Reader_1_3.csv
2527,0,0,0,Reader_1_4.csv
2527,1,1,0,Reader_1_5.csv
2527,0,0,0,Reader_1_6.csv
2527,0,0,0,Reader_1_7.csv
2527,0,0,0,Reader_1_8.csv
2527,0,0,0,Reader_1_9.csv
2527,0,0,0,Reader_2_1.csv
2527,3,3,0,Reader_2_10.csv
2527,0,0,0,Reader_2_11.csv
2527,4,4,0,Reader_2_12.csv
2527,1,1,0,Reader_2_2.csv
2527,4,4,0,Reader_2_3.csv
2527,1,1,0,Reader_2_4.csv
2527,0,0,0,Reader_2_5.csv
2527,2,2,0,Reader_2_6.csv
2527,0,0,0,Reader_2_7.csv
2527,0,0,0,Reader_2_8.csv
2527,0,0,0,Reader_2_9.csv
2527,11,11,0,reader_3_1.csv
2527,6,4,2,Reader_3_2.csv
2527,1,1,0,Reader_3_3.csv
2527,1,1,0,Reader_3_4.csv
2527,6,5,1,Reader_3_5.csv
2527,0,0,0,Reader_3_6.csv
2527,6,6,0,Reader_3_7.csv
2528,8,6,2,Reader_1_1.csv
2528,2,1,1,Reader_1_10.csv
2528,0,0,0,Reader_1_11.csv
2528,0,0,0,Reader_1_12.csv
2528,0,0,0,Reader_1_2.csv
2528,3,2,1,Reader_1_3.csv
2528,0,0,0,Reader_1_4.csv
2528,1,1,0,Reader_1_5.csv
2528,0,0,0,Reader_1_6.csv
2528,0,0,0,Reader_1_7.csv
2528,0,0,0,Reader_1_8.csv
2528,0,0,0,Reader_1_9.csv
2528,0,0,0,Reader_2_1.csv
2528,3,3,0,Reader_2_10.csv
2528,0,0,0,Reader_2_11.csv
2528,4,4,0,Reader_2_12.csv
2528,1,1,0,Reader_2_2.csv
2528,4,4,0,Reader_2_3.csv
2528,1,1,0,Reader_2_4.csv
2528,0,0,0,Reader_2_5.csv
2528,2,2,0,Reader_2_6.csv
2528,0,0,0,Reader_2_7.csv
2528,0,0,0,Reader_2_8.csv
2528,0,0,0,Reader_2_9.csv
2528,10,10,0,reader_3_1.csv
2528,5,3,2,Reader_3_2.csv
2528,1,1,0,Reader_3_3.csv
2528,1,1,0,Reader_3_4.csv
2528,6,5,1,Reader_3_5.csv
2528,0,0,0,Reader_3_6.csv
2528,6,6,0,Reader_3_7.csv
2529,7,5,2,Reader_1_1.csv
2529,2,1,1,Reader_1_10.csv
2529,0,0,0,Reader_1_11.csv
2529,0,0,0,Reader_1_12.csv
2529,0,0,0,Reader_1_2.csv
2529,3,2,1,Reader_1_3.csv
2529,0,0,0,Reader_1_4.csv
2529,1,1,0,Reader_1_5.csv
2529,0,0,0,Reader_1_6.csv
2529,0,0,0,Reader_1_7.csv
2529,0,0,0,Reader_1_8.csv
2529,0,0,0,Reader_1_9.csv
2529,0,0,0,Reader_2_1.csv
2529,3,3,0,Reader_2_10.csv
2529,0,0,0,Reader_2_11.csv
2529,1,1,0,Reader_2_12.csv
2529,1,1,0,Reader_2_2.csv
2529,4,4,0,Reader_2_3.csv
2529,0,0,0,Reader_2_4.csv
2529,0,0,0,Reader_2_5.csv
2529,2,2,0,Reader_2_6.csv
2529,0,0,0,Reader_2_7.csv
2529,0,0,0,Reader_2_8.csv
2529,0,0,0,Reader_2_9.csv
2529,9,9,0,reader_3_1.csv
2529,6,4,2,Reader_3_2.csv
2529,1,1,0,Reader_3_3.csv
2529,1,1,0,Reader_3_4.csv
2529,5,4,1,Reader_3_5.csv
2529,0,0,0,Reader_3_6.csv
2529,6,6,0,Reader_3_7.csv
2530,7,5,2,Reader_1_1.csv
2530,2,1,1,Reader_1_10.csv
2530,0,0,0,Reader_1_11.csv
2530,0,0,0,Reader_1_12.csv
2530,0,0,0,Reader_1_2.csv
2530,2,1,1,Reader_1_3.csv
2530,1,1,0,Reader_1_4.csv
2530,2,2,0,Reader_1_5.csv
2530,0,0,0,Reader_1_6.csv
2530,0,0,0,Reader_1_7.csv
2530,0,0,0,Reader_1_8.csv
2530,0,0,0,Reader_1_9.csv
2530,0,0,0,Reader_2_1.csv
2530,3,3,0,Reader_2_10.csv
2530,0,0,0,Reader_2_11.csv
2530,1,1,0,Reader_2_12.csv
2530,0,0,0,Reader_2_2.csv
2530,3,3,0,Reader_2_3.csv
2530,0,0,0,Reader_2_4.csv
2530,0,0,0,Reader_2_5.csv
2530,2,2,0,Reader_2_6.csv
2530,0,0,0,Reader_2_7.csv
2530,0,0,0,Reader_2_8.csv
2530,0,0,0,Reader_2_9.csv
2530,9,9,0,reader_3_1.csv
2530,7,5,2,Reader_3_2.csv
2530,1,1,0,Reader_3_3.csv
2530,1,1,0,Reader_3_4.csv
2530,3,2,1,Reader_3_5.csv
2530,0,0,0,Reader_3_6.csv
2530,4,4,0,Reader_3_7.csv
2531,7,5,2,Reader_1_1.csv
2531,2,1,1,Reader_1_10.csv
2531,0,0,0,Reader_1_11.csv
2531,0,0,0,Reader_1_12.csv
2531,0,0,0,Reader_1_2.csv
2531,2,1,1,Reader_1_3.csv
2531,1,1,0,Reader_1_4.csv
2531,2,2,0,Reader_1_5.csv
2531,0,0,0,Reader_1_6.csv
2531,0,0,0,Reader_1_7.csv
2531,0,0,0,Reader_1_8.csv
2531,0,0,0,Reader_1_9.csv
2531,0,0,0,Reader_2_1.csv
2531,2,2,0,Reader_2_10.csv
2531,0,0,0,Reader_2_11.csv
2531,2,2,0,Reader_2_12.csv
2531,0,0,0,Reader_2_2.csv
2531,1,1,0,Reader_2_3.csv
2531,0,0,0,Reader_2_4.csv
2531,0,0,0,Reader_2_5.csv
2531,2,2,0,Reader_2_6.csv
2531,0,0,0,Reader_2_7.csv
2531,0,0,0,Reader_2_8.csv
2531,0,0,0,Reader_2_9.csv
2531,9,9,0,reader_3_1.csv
2531,7,5,2,Reader_3_2.csv
2531,1,1,0,Reader_3_3.csv
2531,1,1,0,Reader_3_4.csv
2531,3,2,1,Reader_3_5.csv
2531,0,0,0,Reader_3_6.csv
2531,2,2,0,Reader_3_7.csv
2532,7,5,2,Reader_1_1.csv
2532,1,1,0,Reader_1_10.csv
2532,1,1,0,Reader_1_11.csv
2532,0,0,0,Reader_1_12.csv
2532,0,0,0,Reader_1_2.csv
2532,1,0,1,Reader_1_3.csv
2532,1,1,0,Reader_1_4.csv
2532,2,2,0,Reader_1_5.csv
2532,0,0,0,Reader_1_6.csv
2532,0,0,0,Reader_1_7.csv
2532,0,0,0,Reader_1_8.csv
2532,0,0,0,Reader_1_9.csv
2532,0,0,0,Reader_2_1.csv
2532,2,2,0,Reader_2_10.csv
2532,0,0,0,Reader_2_11.csv
2532,2,2,0,Reader_2_12.csv
2532,1,0,1,Reader_2_2.csv
2532,2,2,0,Reader_2_3.csv
2532,0,0,0,Reader_2_4.csv
2532,0,0,0,Reader_2_5.csv
2532,2,2,0,Reader_2_6.csv
2532,0,0,0,Reader_2_7.csv
2532,0,0,0,Reader_2_8.csv
2532,0,0,0,Reader_2_9.csv
2532,8,8,0,reader_3_1.csv
2532,7,5,2,Reader_3_2.csv
2532,1,0,1,Reader_3_3.csv
2532,1,0,1,Reader_3_4.csv
2532,3,2,1,Reader_3_5.csv
2532,0,0,0,Reader_3_6.csv
2532,1,1,0,Reader_3_7.csv
2533,5,4,1,Reader_1_1.csv
2533,1,1,0,Reader_1_10.csv
2533,1,1,0,Reader_1_11.csv
2533,0,0,0,Reader_1_12.csv
2533,0,0,0,Reader_1_2.csv
2533,0,0,0,Reader_1_3.csv
2533,1,1,0,Reader_1_4.csv
2533,2,2,0,Reader_1_5.csv
2533,0,0,0,Reader_1_6.csv
2533,0,0,0,Reader_1_7.csv
2533,0,0,0,Reader_1_8.csv
2533,0,0,0,Reader_1_9.csv
2533,0,0,0,Reader_2_1.csv
2533,2,2,0,Reader_2_10.csv
2533,0,0,0,Reader_2_11.csv
2533,2,2,0,Reader_2_12.csv
2533,2,1,1,Reader_2_2.csv
2533,2,2,0,Reader_2_3.csv
2533,0,0,0,Reader_2_4.csv
2533,0,0,0,Reader_2_5.csv
2533,2,2,0,Reader_2_6.csv
2533,0,0,0,Reader_2_7.csv
2533,0,0,0,Reader_2_8.csv
2533,0,0,0,Reader_2_9.csv
2533,6,6,0,reader_3_1.csv
2533,7,5,2,Reader_3_2.csv
2533,1,0,1,Reader_3_3.csv
2533,1,0,1,Reader_3_4.csv
2533,4,2,2,Reader_3_5.csv
2533,0,0,0,Reader_3_6.csv
2533,1,1,0,Reader_3_7.csv
2534,5,4,1,Reader_1_1.csv
2534,0,0,0,Reader_1_10.csv
2534,1,1,0,Reader_1_11.csv
2534,0,0,0,Reader_1_12.csv
2534,0,0,0,Reader_1_2.csv
2534,0,0,0,Reader_1_3.csv
2534,1,1,0,Reader_1_4.csv
2534,1,1,0,Reader_1_5.csv
2534,0,0,0,Reader_1_6.csv
2534,0,0,0,Reader_1_7.csv
2534,0,0,0,Reader_1_8.csv
2534,0,0,0,Reader_1_9.csv
2534,0,0,0,Reader_2_1.csv
2534,3,3,0,Reader_2_10.csv
2534,0,0,0,Reader_2_11.csv
2534,2,2,0,Reader_2_12.csv
2534,2,1,1,Reader_2_2.csv
2534,2,2,0,Reader_2_3.csv
2534,0,0,0,Reader_2_4.csv
2534,0,0,0,Reader_2_5.csv
2534,2,2,0,Reader_2_6.csv
2534,0,0,0,Reader_2_7.csv
2534,0,0,0,Reader_2_8.csv
2534,0,0,0,Reader_2_9.csv
2534,4,4,0,reader_3_1.csv
2534,6,5,1,Reader_3_2.csv
2534,1,0,1,Reader_3_3.csv
2534,1,0,1,Reader_3_4.csv
2534,4,2,2,Reader_3_5.csv
2534,0,0,0,Reader_3_6.csv
2534,1,1,0,Reader_3_7.csv
2535,4,3,1,Reader_1_1.csv
2535,0,0,0,Reader_1_10.csv
2535,1,1,0,Reader_1_11.csv
2535,0,0,0,Reader_1_12.csv
2535,0,0,0,Reader_1_2.csv
2535,0,0,0,Reader_1_3.csv
2535,1,1,0,Reader_1_4.csv
2535,1,1,0,Reader_1_5.csv
2535,0,0,0,Reader_1_6.csv
2535,0,0,0,Reader_1_7.csv
2535,0,0,0,Reader_1_8.csv
2535,0,0,0,Reader_1_9.csv
2535,0,0,0,Reader_2_1.csv
2535,4,4,0,Reader_2_10.csv
2535,0,0,0,Reader_2_11.csv
2535,1,1,0,Reader_2_12.csv
2535,2,1,1,Reader_2_2.csv
2535,1,1,0,Reader_2_3.csv
2535,0,0,0,Reader_2_4.csv
2535,0,0,0,Reader_2_5.csv
2535,0,0,0,Reader_2_6.csv
2535,0,0,0,Reader_2_7.csv
2535,0,0,0,Reader_2_8.csv
2535,0,0,0,Reader_2_9.csv
2535,6,5,1,reader_3_1.csv
2535,6,5,1,Reader_3_2.csv
2535,1,0,1,Reader_3_3.csv
2535,1,0,1,Reader_3_4.csv
2535,3,2,1,Reader_3_5.csv
2535,1,1,0,Reader_3_6.csv
2535,0,0,0,Reader_3_7.csv
2536,2,1,1,Reader_1_1.csv
2536,0,0,0,Reader_1_10.csv
2536,2,2,0,Reader_1_11.csv
2536,0,0,0,Reader_1_12.csv
2536,0,0,0,Reader_1_2.csv
2536,0,0,0,Reader_1_3.csv
2536,1,1,0,Reader_1_4.csv
2536,1,1,0,Reader_1_5.csv
2536,0,0,0,Reader_1_6.csv
2536,0,0,0,Reader_1_7.csv
2536,0,0,0,Reader_1_8.csv
2536,0,0,0,Reader_1_9.csv
2536,1,0,1,Reader_2_1.csv
2536,4,4,0,Reader_2_10.csv
2536,0,0,0,Reader_2_11.csv
2536,2,2,0,Reader_2_12.csv
2536,2,1,1,Reader_2_2.csv
2536,1,1,0,Reader_2_3.csv
2536,0,0,0,Reader_2_4.csv
2536,0,0,0,Reader_2_5.csv
2536,0,0,0,Reader_2_6.csv
2536,0,0,0,Reader_2_7.csv
2536,0,0,0,Reader_2_8.csv
2536,0,0,0,Reader_2_9.csv
2536,6,5,1,reader_3_1.csv
2536,6,5,1,Reader_3_2.csv
2536,1,0,1,Reader_3_3.csv
2536,1,0,1,Reader_3_4.csv
2536,2,1,1,Reader_3_5.csv
2536,1,1,0,Reader_3_6.csv
2536,0,0,0,Reader_3_7.csv
2537,2,1,1,Reader_1_1.csv
2537,2,2,0,Reader_1_10.csv
2537,2,2,0,Reader_1_11.csv
2537,0,0,0,Reader_1_12.csv
2537,0,0,0,Reader_1_2.csv
2537,0,0,0,Reader_1_3.csv
2537,1,1,0,Reader_1_4.csv
2537,1,1,0,Reader_1_5.csv
2537,0,0,0,Reader_1_6.csv
2537,0,0,0,Reader_1_7.csv
2537,0,0,0,Reader_1_8.csv
2537,0,0,0,Reader_1_9.csv
2537,1,0,1,Reader_2_1.csv
2537,5,5,0,Reader_2_10.csv
2537,0,0,0,Reader_2_11.csv
2537,3,2,1,Reader_2_12.csv
2537,2,1,1,Reader_2_2.csv
2537,1,1,0,Reader_2_3.csv
2537,0,0,0,Reader_2_4.csv
2537,0,0,0,Reader_2_5.csv
2537,0,0,0,Reader_2_6.csv
2537,0,0,0,Reader_2_7.csv
2537,0,0,0,Reader_2_8.csv
2537,1,0,1,Reader_2_9.csv
2537,6,5,1,reader_3_1.csv
2537,5,5,0,Reader_3_2.csv
2537,2,1,1,Reader_3_3.csv
2537,2,1,1,Reader_3_4.csv
2537,2,1,1,Reader_3_5.csv
2537,1,1,0,Reader_3_6.csv
2537,0,0,0,Reader_3_7.csv
2538,2,1,1,Reader_1_1.csv
2538,2,2,0,Reader_1_10.csv
2538,2,2,0,Reader_1_11.csv
2538,0,0,0,Reader_1_12.csv
2538,0,0,0,Reader_1_2.csv
2538,0,0,0,Reader_1_3.csv
2538,0,0,0,Reader_1_4.csv
2538,1,1,0,Reader_1_5.csv
2538,0,0,0,Reader_1_6.csv
2538,0,0,0,Reader_1_7.csv
2538,0,0,0,Reader_1_8.csv
2538,0,0,0,Reader_1_9.csv
2538,1,0,1,Reader_2_1.csv
2538,4,4,0,Reader_2_10.csv
2538,0,0,0,Reader_2_11.csv
2538,3,2,1,Reader_2_12.csv
2538,3,2,1,Reader_2_2.csv
2538,1,1,0,Reader_2_3.csv
2538,0,0,0,Reader_2_4.csv
2538,0,0,0,Reader_2_5.csv
2538,0,0,0,Reader_2_6.csv
2538,0,0,0,Reader_2_7.csv
2538,0,0,0,Reader_2_8.csv
2538,1,0,1,Reader_2_9.csv
2538,8,7,1,reader_3_1.csv
2538,4,4,0,Reader_3_2.csv
2538,2,1,1,Reader_3_3.csv
2538,2,1,1,Reader_3_4.csv
2538,2,1,1,Reader_3_5.csv
2538,1,1,0,Reader_3_6.csv
2538,1,1,0,Reader_3_7.csv
2539,3,2,1,Reader_1_1.csv
2539,2,2,0,Reader_1_10.csv
2539,2,2,0,Reader_1_11.csv
2539,0,0,0,Reader_1_12.csv
2539,0,0,0,Reader_1_2.csv
2539,0,0,0,Reader_1_3.csv
2539,0,0,0,Reader_1_4.csv
2539,1,1,0,Reader_1_5.csv
2539,1,1,0,Reader_1_6.csv
2539,0,0,0,Reader_1_7.csv
2539,0,0,0,Reader_1_8.csv
2539,0,0,0,Reader_1_9.csv
2539,1,0,1,Reader_2_1.csv
2539,6,5,1,Reader_2_10.csv
2539,0,0,0,Reader_2_11.csv
2539,2,1,1,Reader_2_12.csv
2539,3,2,1,Reader_2_2.csv
2539,1,1,0,Reader_2_3.csv
2539,0,0,0,Reader_2_4.csv
2539,0,0,0,Reader_2_5.csv
2539,0,0,0,Reader_2_6.csv
2539,0,0,0,Reader_2_7.csv
2539,0,0,0,Reader_2_8.csv
2539,1,0,1,Reader_2_9.csv
2539,8,7,1,reader_3_1.csv
2539,4,4,0,Reader_3_2.csv
2539,3,1,2,Reader_3_3.csv
2539,3,1,2,Reader_3_4.csv
2539,2,1,1,Reader_3_5.csv
2539,1,1,0,Reader_3_6.csv
2539,2,2,0,Reader_3_7.csv
2540,3,3,0,Reader_1_1.csv
2540,2,2,0,Reader_1_10.csv
2540,1,1,0,Reader_1_11.csv
2540,0,0,0,Reader_1_12.csv
2540,0,0,0,Reader_1_2.csv
2540,0,0,0,Reader_1_3.csv
2540,0,0,0,Reader_1_4.csv
2540,1,1,0,Reader_1_5.csv
2540,1,1,0,Reader_1_6.csv
2540,0,0,0,Reader_1_7.csv
2540,0,0,0,Reader_1_8.csv
2540,0,0,0,Reader_1_9.csv
2540,1,0,1,Reader_2_1.csv
2540,6,5,1,Reader_2_10.csv
2540,0,0,0,Reader_2_11.csv
2540,2,1,1,Reader_2_12.csv
2540,2,2,0,Reader_2_2.csv
2540,0,0,0,Reader_2_3.csv
2540,0,0,0,Reader_2_4.csv
2540,0,0,0,Reader_2_5.csv
2540,2,2,0,Reader_2_6.csv
2540,0,0,0,Reader_2_7.csv
2540,0,0,0,Reader_2_8.csv
2540,1,0,1,Reader_2_9.csv
2540,9,8,1,reader_3_1.csv
2540,4,4,0,Reader_3_2.csv
2540,2,1,1,Reader_3_3.csv
2540,2,1,1,Reader_3_4.csv
2540,2,1,1,Reader_3_5.csv
2540,1,1,0,Reader_3_6.csv
2540,2,2,0,Reader_3_7.csv
2541,4,4,0,Reader_1_1.csv
2541,3,2,1,Reader_1_10.csv
2541,1,1,0,Reader_1_11.csv
2541,1,1,0,Reader_1_12.csv
2541,0,0,0,Reader_1_2.csv
2541,0,0,0,Reader_1_3.csv
2541,0,0,0,Reader_1_4.csv
2541,2,1,1,Reader_1_5.csv
2541,1,1,0,Reader_1_6.csv
2541,0,0,0,Reader_1_7.csv
2541,1,0,1,Reader_1_8.csv
2541,0,0,0,Reader_1_9.csv
2541,1,0,1,Reader_2_1.csv
2541,6,5,1,Reader_2_10.csv
2541,0,0,0,Reader_2_11.csv
2541,4,2,2,Reader_2_12.csv
2541,1,1,0,Reader_2_2.csv
2541,0,0,0,Reader_2_3.csv
2541,0,0,0,Reader_2_4.csv
2541,0,0,0,Reader_2_5.csv
2541,2,2,0,Reader_2_6.csv
2541,0,0,0,Reader_2_7.csv
2541,0,0,0,Reader_2_8.csv
2541,1,0,1,Reader_2_9.csv
2541,10,9,1,reader_3_1.csv
2541,4,4,0,Reader_3_2.csv
2541,3,2,1,Reader_3_3.csv
2541,3,2,1,Reader_3_4.csv
2541,0,0,0,Reader_3_5.csv
2541,2,2,0,Reader_3_6.csv
2541,2,2,0,Reader_3_7.csv
2542,5,5,0,Reader_1_1.csv
2542,3,2,1,Reader_1_10.csv
2542,2,2,0,Reader_1_11.csv
2542,1,1,0,Reader_1_12.csv
2542,0,0,0,Reader_1_2.csv
2542,0,0,0,Reader_1_3.csv
2542,0,0,0,Reader_1_4.csv
2542,2,1,1,Reader_1_5.csv
2542,1,1,0,Reader_1_6.csv
2542,0,0,0,Reader_1_7.csv
2542,1,0,1,Reader_1_8.csv
2542,0,0,0,Reader_1_9.csv
2542,2,1,1,Reader_2_1.csv
2542,5,4,1,Reader_2_10.csv
2542,0,0,0,Reader_2_11.csv
2542,5,3,2,Reader_2_12.csv
2542,1,1,0,Reader_2_2.csv
2542,1,1,0,Reader_2_3.csv
2542,0,0,0,Reader_2_4.csv
2542,0,0,0,Reader_2_5.csv
2542,2,2,0,Reader_2_6.csv
2542,0,0,0,Reader_2_7.csv
2542,0,0,0,Reader_2_8.csv
2542,1,0,1,Reader_2_9.csv
2542,9,8,1,reader_3_1.csv
2542,4,4,0,Reader_3_2.csv
2542,4,3,1,Reader_3_3.csv
2542,4,3,1,Reader_3_4.csv
2542,0,0,0,Reader_3_5.csv
2542,2,2,0,Reader_3_6.csv
2542,2,2,0,Reader_3_7.csv
2543,5,5,0,Reader_1_1.csv
2543,3,2,1,Reader_1_10.csv
2543,2,2,0,Reader_1_11.csv
2543,1,1,0,Reader_1_12.csv
2543,1,1,0,Reader_1_2.csv
2543,0,0,0,Reader_1_3.csv
2543,0,0,0,Reader_1_4.csv
2543,4,3,1,Reader_1_5.csv
2543,1,1,0,Reader_1_6.csv
2543,0,0,0,Reader_1_7.csv
2543,1,0,1,Reader_1_8.csv
2543,0,0,0,Reader_1_9.csv
2543,2,1,1,Reader_2_1.csv
2543,3,2,1,Reader_2_10.csv
2543,0,0,0,Reader_2_11.csv
2543,5,3,2,Reader_2_12.csv
2543,1,1,0,Reader_2_2.csv
2543,1,1,0,Reader_2_3.csv
2543,0,0,0,Reader_2_4.csv
2543,1,1,0,Reader_2_5.csv
2543,2,2,0,Reader_2_6.csv
2543,0,0,0,Reader_2_7.csv
2543,0,0,0,Reader_2_8.csv
2543,1,0,1,Reader_2_9.csv
2543,8,7,1,reader_3_1.csv
2543,6,5,1,Reader_3_2.csv
2543,4,3,1,Reader_3_3.csv
2543,4,3,1,Reader_3_4.csv
2543,0,0,0,Reader_3_5.csv
2543,1,1,0,Reader_3_6.csv
2543,2,2,0,Reader_3_7.csv
2544,6,6,0,Reader_1_1.csv
2544,3,2,1,Reader_1_10.csv
2544,3,3,0,Reader_1_11.csv
2544,1,1,0,Reader_1_12.csv
2544,2,2,0,Reader_1_2.csv
2544,0,0,0,Reader_1_3.csv
2544,1,1,0,Reader_1_4.csv
2544,4,3,1,Reader_1_5.csv
2544,1,1,0,Reader_1_6.csv
2544,0,0,0,Reader_1_7.csv
2544,1,0,1,Reader_1_8.csv
2544,0,0,0,Reader_1_9.csv
2544,1,1,0,Reader_2_1.csv
2544,4,3,1,Reader_2_10.csv
2544,0,0,0,Reader_2_11.csv
2544,4,2,2,Reader_2_12.csv
2544,1,1,0,Reader_2_2.csv
2544,1,1,0,Reader_2_3.csv
2544,0,0,0,Reader_2_4.csv
2544,1,1,0,Reader_2_5.csv
2544,2,2,0,Reader_2_6.csv
2544,0,0,0,Reader_2_7.csv
2544,0,0,0,Reader_2_8.csv
2544,1,0,1,Reader_2_9.csv
2544,8,7,1,reader_3_1.csv
2544,5,4,1,Reader_3_2.csv
2544,4,3,1,Reader_3_3.csv
2544,4,3,1,Reader_3_4.csv
2544,1,1,0,Reader_3_5.csv
2544,1,1,0,Reader_3_6.csv
2544,4,4,0,Reader_3_7.csv
2545,7,7,0,Reader_1_1.csv
2545,1,0,1,Reader_1_10.csv
2545,3,3,0,Reader_1_11.csv
2545,1,1,0,Reader_1_12.csv
2545,2,2,0,Reader_1_2.csv
2545,0,0,0,Reader_1_3.csv
2545,1,1,0,Reader_1_4.csv
2545,5,4,1,Reader_1_5.csv
2545,1,1,0,Reader_1_6.csv
2545,0,0,0,Reader_1_7.csv
2545,1,0,1,Reader_1_8.csv
2545,0,0,0,Reader_1_9.csv
2545,1,1,0,Reader_2_1.csv
2545,5,4,1,Reader_2_10.csv
2545,0,0,0,Reader_2_11.csv
2545,3,2,1,Reader_2_12.csv
2545,1,1,0,Reader_2_2.csv
2545,1,1,0,Reader_2_3.csv
2545,0,0,0,Reader_2_4.csv
2545,1,1,0,Reader_2_5.csv
2545,2,2,0,Reader_2_6.csv
2545,0,0,0,Reader_2_7.csv
2545,0,0,0,Reader_2_8.csv
2545,0,0,0,Reader_2_9.csv
2545,7,6,1,reader_3_1.csv
2545,7,4,3,Reader_3_2.csv
2545,3,2,1,Reader_3_3.csv
2545,3,2,1,Reader_3_4.csv
2545,1,1,0,Reader_3_5.csv
2545,1,1,0,Reader_3_6.csv
2545,4,4,0,Reader_3_7.csv
2546,8,8,0,Reader_1_1.csv
2546,1,0,1,Reader_1_10.csv
2546,3,3,0,Reader_1_11.csv
2546,1,1,0,Reader_1_12.csv
2546,3,3,0,Reader_1_2.csv
2546,0,0,0,Reader_1_3.csv
2546,1,1,0,Reader_1_4.csv
2546,4,3,1,Reader_1_5.csv
2546,1,1,0,Reader_1_6.csv
2546,0,0,0,Reader_1_7.csv
2546,1,0,1,Reader_1_8.csv
2546,0,0,0,Reader_1_9.csv
2546,2,2,0,Reader_2_1.csv
2546,6,5,1,Reader_2_10.csv
2546,0,0,0,Reader_2_11.csv
2546,4,2,2,Reader_2_12.csv
2546,0,0,0,Reader_2_2.csv
2546,1,1,0,Reader_2_3.csv
2546,0,0,0,Reader_2_4.csv
2546,1,1,0,Reader_2_5.csv
2546,2,2,0,Reader_2_6.csv
2546,0,0,0,Reader_2_7.csv
2546,0,0,0,Reader_2_8.csv
2546,0,0,0,Reader_2_9.csv
2546,5,4,1,reader_3_1.csv
2546,9,6,3,Reader_3_2.csv
2546,3,2,1,Reader_3_3.csv
2546,3,2,1,Reader_3_4.csv
2546,1,1,0,Reader_3_5.csv
2546,1,1,0,Reader_3_6.csv
2546,5,5,0,Reader_3_7.csv
2547,9,9,0,Reader_1_1.csv
2547,1,0,1,Reader_1_10.csv
2547,3,3,0,Reader_1_11.csv
2547,1,1,0,Reader_1_12.csv
2547,3,3,0,Reader_1_2.csv
2547,0,0,0,Reader_1_3.csv
2547,1,1,0,Reader_1_4.csv
2547,4,3,1,Reader_1_5.csv
2547,0,0,0,Reader_1_6.csv
2547,0,0,0,Reader_1_7.csv
2547,1,0,1,Reader_1_8.csv
2547,0,0,0,Reader_1_9.csv
2547,2,2,0,Reader_2_1.csv
2547,5,5,0,Reader_2_10.csv
2547,0,0,0,Reader_2_11.csv
2547,4,2,2,Reader_2_12.csv
2547,0,0,0,Reader_2_2.csv
2547,1,1,0,Reader_2_3.csv
2547,0,0,0,Reader_2_4.csv
2547,1,1,0,Reader_2_5.csv
2547,2,2,0,Reader_2_6.csv
2547,0,0,0,Reader_2_7.csv
2547,0,0,0,Reader_2_8.csv
2547,0,0,0,Reader_2_9.csv
2547,5,4,1,reader_3_1.csv
2547,9,5,4,Reader_3_2.csv
2547,3,3,0,Reader_3_3.csv
2547,3,3,0,Reader_3_4.csv
2547,1,1,0,Reader_3_5.csv
2547,1,1,0,Reader_3_6.csv
2547,5,5,0,Reader_3_7.csv
2548,10,10,0,Reader_1_1.csv
2548,1,0,1,Reader_1_10.csv
2548,3,3,0,Reader_1_11.csv
2548,1,1,0,Reader_1_12.csv
2548,3,3,0,Reader_1_2.csv
2548,0,0,0,Reader_1_3.csv
2548,1,1,0,Reader_1_4.csv
2548,4,3,1,Reader_1_5.csv
2548,1,1,0,Reader_1_6.csv
2548,0,0,0,Reader_1_7.csv
2548,1,0,1,Reader_1_8.csv
2548,0,0,0,Reader_1_9.csv
2548,2,2,0,Reader_2_1.csv
2548,5,5,0,Reader_2_10.csv
2548,0,0,0,Reader_2_11.csv
2548,4,2,2,Reader_2_12.csv
2548,0,0,0,Reader_2_2.csv
2548,1,1,0,Reader_2_3.csv
2548,0,0,0,Reader_2_4.csv
2548,1,1,0,Reader_2_5.csv
2548,0,0,0,Reader_2_6.csv
2548,0,0,0,Reader_2_7.csv
2548,0,0,0,Reader_2_8.csv
2548,0,0,0,Reader_2_9.csv
2548,6,4,2,reader_3_1.csv
2548,12,7,5,Reader_3_2.csv
2548,3,3,0,Reader_3_3.csv
2548,3,3,0,Reader_3_4.csv
2548,1,1,0,Reader_3_5.csv
2548,1,1,0,Reader_3_6.csv
2548,5,5,0,Reader_3_7.csv
2549,9,9,0,Reader_1_1.csv
2549,0,0,0,Reader_1_10.csv
2549,3,3,0,Reader_1_11.csv
2549,0,0,0,Reader_1_12.csv
2549,7,7,0,Reader_1_2.csv
2549,0,0,0,Reader_1_3.csv
2549,3,3,0,Reader_1_4.csv
2549,3,3,0,Reader_1_5.csv
2549,2,2,0,Reader_1_6.csv
2549,0,0,0,Reader_1_7.csv
2549,0,0,0,Reader_1_8.csv
2549,0,0,0,Reader_1_9.csv
2549,2,2,0,Reader_2_1.csv
2549,5,5,0,Reader_2_10.csv
2549,0,0,0,Reader_2_11.csv
2549,2,1,1,Reader_2_12.csv
2549,0,0,0,Reader_2_2.csv
2549,1,1,0,Reader_2_3.csv
2549,0,0,0,Reader_2_4.csv
2549,1,1,0,Reader_2_5.csv
2549,0,0,0,Reader_2_6.csv
2549,0,0,0,Reader_2_7.csv
2549,0,0,0,Reader_2_8.csv
2549,0,0,0,Reader_2_9.csv
2549,5,3,2,reader_3_1.csv
2549,13,8,5,Reader_3_2.csv
2549,4,4,0,Reader_3_3.csv
2549,4,4,0,Reader_3_4.csv
2549,1,1,0,Reader_3_5.csv
2549,1,0,1,Reader_3_6.csv
2549,5,5,0,Reader_3_7.csv
2550,8,8,0,Reader_1_1.csv
2550,0,0,0,Reader_1_10.csv
2550,2,2,0,Reader_1_11.csv
2550,0,0,0,Reader_1_12.csv
2550,9,9,0,Reader_1_2.csv
2550,0,0,0,Reader_1_3.csv
2550,3,3,0,Reader_1_4.csv
2550,3,3,0,Reader_1_5.csv
2550,3,3,0,Reader_1_6.csv
2550,0,0,0,Reader_1_7.csv
2550,0,0,0,Reader_1_8.csv
2550,0,0,0,Reader_1_9.csv
2550,1,1,0,Reader_2_1.csv
2550,6,6,0,Reader_2_10.csv
2550,0,0,0,Reader_2_11.csv
2550,1,0,1,Reader_2_12.csv
2550,0,0,0,Reader_2_2.csv
2550,0,0,0,Reader_2_3.csv
2550,0,0,0,Reader_2_4.csv
2550,1,1,0,Reader_2_5.csv
2550,1,1,0,Reader_2_6.csv
2550,0,0,0,Reader_2_7.csv
2550,0,0,0,Reader_2_8.csv
2550,0,0,0,Reader_2_9.csv
2550,6,4,2,reader_3_1.csv
2550,14,9,5,Reader_3_2.csv
2550,3,3,0,Reader_3_3.csv
2550,3,3,0,Reader_3_4.csv
2550,1,1,0,Reader_3_5.csv
2550,1,0,1,Reader_3_6.csv
2550,5,5,0,Reader_3_7.csv
2551,9,9,0,Reader_1_1.csv
2551,0,0,0,Reader_1_10.csv
2551,2,2,0,Reader_1_11.csv
2551,0,0,0,Reader_1_12.csv
2551,8,8,0,Reader_1_2.csv
2551,0,0,0,Reader_1_3.csv
2551,4,4,0,Reader_1_4.csv
2551,1,1,0,Reader_1_5.csv
2551,3,3,0,Reader_1_6.csv
2551,0,0,0,Reader_1_7.csv
2551,0,0,0,Reader_1_8.csv
2551,0,0,0,Reader_1_9.csv
2551,1,1,0,Reader_2_1.csv
2551,7,7,0,Reader_2_10.csv
2551,0,0,0,Reader_2_11.csv
2551,3,1,2,Reader_2_12.csv
2551,0,0,0,Reader_2_2.csv
2551,0,0,0,Reader_2_3.csv
2551,0,0,0,Reader_2_4.csv
2551,0,0,0,Reader_2_5.csv
2551,1,1,0,Reader_2_6.csv
2551,0,0,0,Reader_2_7.csv
2551,0,0,0,Reader_2_8.csv
2551,0,0,0,Reader_2_9.csv
2551,5,4,1,reader_3_1.csv
2551,12,8,4,Reader_3_2.csv
2551,3,3,0,Reader_3_3.csv
2551,3,3,0,Reader_3_4.csv
2551,1,1,0,Reader_3_5.csv
2551,1,0,1,Reader_3_6.csv
2551,6,5,1,Reader_3_7.csv
2552,8,8,0,Reader_1_1.csv
2552,0,0,0,Reader_1_10.csv
2552,0,0,0,Reader_1_11.csv
2552,0,0,0,Reader_1_12.csv
2552,8,8,0,Reader_1_2.csv
2552,0,0,0,Reader_1_3.csv
2552,3,3,0,Reader_1_4.csv
2552,1,1,0,Reader_1_5.csv
2552,3,3,0,Reader_1_6.csv
2552,0,0,0,Reader_1_7.csv
2552,0,0,0,Reader_1_8.csv
2552,1,1,0,Reader_1_9.csv
2552,1,1,0,Reader_2_1.csv
2552,7,7,0,Reader_2_10.csv
2552,0,0,0,Reader_2_11.csv
2552,4,2,2,Reader_2_12.csv
2552,0,0,0,Reader_2_2.csv
2552,1,1,0,Reader_2_3.csv
2552,0,0,0,Reader_2_4.csv
2552,0,0,0,Reader_2_5.csv
2552,3,3,0,Reader_2_6.csv
2552,0,0,0,Reader_2_7.csv
2552,1,1,0,Reader_2_8.csv
2552,0,0,0,Reader_2_9.csv
2552,4,3,1,reader_3_1.csv
2552,15,10,5,Reader_3_2.csv
2552,3,3,0,Reader_3_3.csv
2552,3,3,0,Reader_3_4.csv
2552,0,0,0,Reader_3_5.csv
2552,1,0,1,Reader_3_6.csv
2552,4,3,1,Reader_3_7.csv
2553,7,7,0,Reader_1_1.csv
2553,0,0,0,Reader_1_10.csv
2553,0,0,0,Reader_1_11.csv
2553,0,0,0,Reader_1_12.csv
2553,10,10,0,Reader_1_2.csv
2553,0,0,0,Reader_1_3.csv
2553,5,5,0,Reader_1_4.csv
2553,0,0,0,Reader_1_5.csv
2553,6,5,1,Reader_1_6.csv
2553,0,0,0,Reader_1_7.csv
2553,0,0,0,Reader_1_8.csv
2553,1,1,0,Reader_1_9.csv
2553,1,1,0,Reader_2_1.csv
2553,6,6,0,Reader_2_10.csv
2553,0,0,0,Reader_2_11.csv
2553,6,3,3,Reader_2_12.csv
2553,0,0,0,Reader_2_2.csv
2553,1,1,0,Reader_2_3.csv
2553,0,0,0,Reader_2_4.csv
2553,0,0,0,Reader_2_5.csv
2553,3,3,0,Reader_2_6.csv
2553,0,0,0,Reader_2_7.csv
2553,1,1,0,Reader_2_8.csv
2553,0,0,0,Reader_2_9.csv
2553,4,3,1,reader_3_1.csv
2553,14,10,4,Reader_3_2.csv
2553,3,3,0,Reader_3_3.csv
2553,3,3,0,Reader_3_4.csv
2553,0,0,0,Reader_3_5.csv
2553,1,0,1,Reader_3_6.csv
2553,4,3,1,Reader_3_7.csv
2554,7,7,0,Reader_1_1.csv
2554,0,0,0,Reader_1_10.csv
2554,0,0,0,Reader_1_11.csv
2554,0,0,0,Reader_1_12.csv
2554,9,9,0,Reader_1_2.csv
2554,0,0,0,Reader_1_3.csv
2554,5,5,0,Reader_1_4.csv
2554,0,0,0,Reader_1_5.csv
2554,6,5,1,Reader_1_6.csv
2554,0,0,0,Reader_1_7.csv
2554,0,0,0,Reader_1_8.csv
2554,1,1,0,Reader_1_9.csv
2554,0,0,0,Reader_2_1.csv
2554,5,5,0,Reader_2_10.csv
2554,0,0,0,Reader_2_11.csv
2554,7,3,4,Reader_2_12.csv
2554,0,0,0,Reader_2_2.csv
2554,1,1,0,Reader_2_3.csv
2554,0,0,0,Reader_2_4.csv
2554,0,0,0,Reader_2_5.csv
2554,4,3,1,Reader_2_6.csv
2554,0,0,0,Reader_2_7.csv
2554,1,1,0,Reader_2_8.csv
2554,0,0,0,Reader_2_9.csv
2554,4,3,1,reader_3_1.csv
2554,13,9,4,Reader_3_2.csv
2554,4,4,0,Reader_3_3.csv
2554,4,4,0,Reader_3_4.csv
2554,0,0,0,Reader_3_5.csv
2554,1,0,1,Reader_3_6.csv
2554,3,2,1,Reader_3_7.csv
2555,8,8,0,Reader_1_1.csv
2555,0,0,0,Reader_1_10.csv
2555,0,0,0,Reader_1_11.csv
2555,0,0,0,Reader_1_12.csv
2555,10,10,0,Reader_1_2.csv
2555,0,0,0,Reader_1_3.csv
2555,5,5,0,Reader_1_4.csv
2555,0,0,0,Reader_1_5.csv
2555,6,5,1,Reader_1_6.csv
2555,0,0,0,Reader_1_7.csv
2555,0,0,0,Reader_1_8.csv
2555,1,1,0,Reader_1_9.csv
2555,0,0,0,Reader_2_1.csv
2555,4,4,0,Reader_2_10.csv
2555,0,0,0,Reader_2_11.csv
2555,7,3,4,Reader_2_12.csv
2555,0,0,0,Reader_2_2.csv
2555,1,1,0,Reader_2_3.csv
2555,0,0,0,Reader_2_4.csv
2555,0,0,0,Reader_2_5.csv
2555,5,4,1,Reader_2_6.csv
2555,0,0,0,Reader_2_7.csv
2555,1,1,0,Reader_2_8.csv
2555,0,0,0,Reader_2_9.csv
2555,4,3,1,reader_3_1.csv
2555,15,12,3,Reader_3_2.csv
2555,3,3,0,Reader_3_3.csv
2555,3,3,0,Reader_3_4.csv
2555,0,0,0,Reader_3_5.csv
2555,1,0,1,Reader_3_6.csv
2555,2,1,1,Reader_3_7.csv
2556,7,7,0,Reader_1_1.csv
2556,0,0,0,Reader_1_10.csv
2556,0,0,0,Reader_1_11.csv
2556,0,0,0,Reader_1_12.csv
2556,10,10,0,Reader_1_2.csv
2556,0,0,0,Reader_1_3.csv
2556,6,6,0,Reader_1_4.csv
2556,0,0,0,Reader_1_5.csv
2556,5,4,1,Reader_1_6.csv
2556,0,0,0,Reader_1_7.csv
2556,0,0,0,Reader_1_8.csv
2556,1,1,0,Reader_1_9.csv
2556,0,0,0,Reader_2_1.csv
2556,4,4,0,Reader_2_10.csv
2556,0,0,0,Reader_2_11.csv
2556,9,5,4,Reader_2_12.csv
2556,0,0,0,Reader_2_2.csv
2556,1,1,0,Reader_2_3.csv
2556,0,0,0,Reader_2_4.csv
2556,0,0,0,Reader_2_5.csv
2556,5,4,1,Reader_2_6.csv
2556,0,0,0,Reader_2_7.csv
2556,1,1,0,Reader_2_8.csv
2556,1,0,1,Reader_2_9.csv
2556,2,2,0,reader_3_1.csv
2556,13,10,3,Reader_3_2.csv
2556,3,3,0,Reader_3_3.csv
2556,3,3,0,Reader_3_4.csv
2556,0,0,0,Reader_3_5.csv
2556,1,0,1,Reader_3_6.csv
2556,2,1,1,Reader_3_7.csv
2557,8,8,0,Reader_1_1.csv
2557,0,0,0,Reader_1_10.csv
2557,0,0,0,Reader_1_11.csv
2557,0,0,0,Reader_1_12.csv
2557,6,6,0,Reader_1_2.csv
2557,0,0,0,Reader_1_3.csv
2557,4,4,0,Reader_1_4.csv
2557,0,0,0,Reader_1_5.csv
2557,7,5,2,Reader_1_6.csv
2557,0,0,0,Reader_1_7.csv
2557,0,0,0,Reader_1_8.csv
2557,1,1,0,Reader_1_9.csv
2557,0,0,0,Reader_2_1.csv
2557,4,4,0,Reader_2_10.csv
2557,0,0,0,Reader_2_11.csv
2557,9,5,4,Reader_2_12.csv
2557,0,0,0,Reader_2_2.csv
2557,2,2,0,Reader_2_3.csv
2557,0,0,0,Reader_2_4.csv
2557,0,0,0,Reader_2_5.csv
2557,5,4,1,Reader_2_6.csv
2557,0,0,0,Reader_2_7.csv
2557,1,1,0,Reader_2_8.csv
2557,1,0,1,Reader_2_9.csv
2557,5,5,0,reader_3_1.csv
2557,14,11,3,Reader_3_2.csv
2557,1,1,0,Reader_3_3.csv
2557,1,1,0,Reader_3_4.csv
2557,0,0,0,Reader_3_5.csv
2557,0,0,0,Reader_3_6.csv
2557,2,1,1,Reader_3_7.csv
2558,8,8,0,Reader_1_1.csv
2558,0,0,0,Reader_1_10.csv
2558,0,0,0,Reader_1_11.csv
2558,0,0,0,Reader_1_12.csv
2558,5,5,0,Reader_1_2.csv
2558,0,0,0,Reader_1_3.csv
2558,4,4,0,Reader_1_4.csv
2558,0,0,0,Reader_1_5.csv
2558,7,5,2,Reader_1_6.csv
2558,0,0,0,Reader_1_7.csv
2558,0,0,0,Reader_1_8.csv
2558,1,1,0,Reader_1_9.csv
2558,0,0,0,Reader_2_1.csv
2558,3,3,0,Reader_2_10.csv
2558,0,0,0,Reader_2_11.csv
2558,9,5,4,Reader_2_12.csv
2558,0,0,0,Reader_2_2.csv
2558,2,2,0,Reader_2_3.csv
2558,0,0,0,Reader_2_4.csv
2558,0,0,0,Reader_2_5.csv
2558,4,3,1,Reader_2_6.csv
2558,0,0,0,Reader_2_7.csv
2558,1,1,0,Reader_2_8.csv
2558,1,0,1,Reader_2_9.csv
2558,4,4,0,reader_3_1.csv
2558,13,10,3,Reader_3_2.csv
2558,1,1,0,Reader_3_3.csv
2558,1,1,0,Reader_3_4.csv
2558,0,0,0,Reader_3_5.csv
2558,0,0,0,Reader_3_6.csv
2558,2,1,1,Reader_3_7.csv
2559,6,6,0,Reader_1_1.csv
2559,0,0,0,Reader_1_10.csv
2559,0,0,0,Reader_1_11.csv
2559,0,0,0,Reader_1_12.csv
2559,5,5,0,Reader_1_2.csv
2559,1,1,0,Reader_1_3.csv
2559,3,3,0,Reader_1_4.csv
2559,0,0,0,Reader_1_5.csv
2559,7,5,2,Reader_1_6.csv
2559,0,0,0,Reader_1_7.csv
2559,0,0,0,Reader_1_8.csv
2559,1,1,0,Reader_1_9.csv
2559,1,0,1,Reader_2_1.csv
2559,2,2,0,Reader_2_10.csv
2559,0,0,0,Reader_2_11.csv
2559,8,5,3,Reader_2_12.csv
2559,0,0,0,Reader_2_2.csv
2559,2,2,0,Reader_2_3.csv
2559,0,0,0,Reader_2_4.csv
2559,0,0,0,Reader_2_5.csv
2559,4,3,1,Reader_2_6.csv
2559,0,0,0,Reader_2_7.csv
2559,1,1,0,Reader_2_8.csv
2559,1,0,1,Reader_2_9.csv
2559,5,4,1,reader_3_1.csv
2559,13,10,3,Reader_3_2.csv
2559,1,1,0,Reader_3_3.csv
2559,1,1,0,Reader_3_4.csv
2559,0,0,0,Reader_3_5.csv
2559,0,0,0,Reader_3_6.csv
2559,1,1,0,Reader_3_7.csv
2560,10,9,1,Reader_1_1.csv
2560,0,0,0,Reader_1_10.csv
2560,0,0,0,Reader_1_11.csv
2560,0,0,0,Reader_1_12.csv
2560,5,4,1,Reader_1_2.csv
2560,1,1,0,Reader_1_3.csv
2560,3,3,0,Reader_1_4.csv
2560,0,0,0,Reader_1_5.csv
2560,7,5,2,Reader_1_6.csv
2560,0,0,0,Reader_1_7.csv
2560,0,0,0,Reader_1_8.csv
2560,0,0,0,Reader_1_9.csv
2560,1,0,1,Reader_2_1.csv
2560,1,1,0,Reader_2_10.csv
2560,0,0,0,Reader_2_11.csv
2560,7,4,3,Reader_2_12.csv
2560,0,0,0,Reader_2_2.csv
2560,1,1,0,Reader_2_3.csv
2560,0,0,0,Reader_2_4.csv
2560,0,0,0,Reader_2_5.csv
2560,4,2,2,Reader_2_6.csv
2560,0,0,0,Reader_2_7.csv
2560,0,0,0,Reader_2_8.csv
2560,1,0,1,Reader_2_9.csv
2560,5,4,1,reader_3_1.csv
2560,10,8,2,Reader_3_2.csv
2560,1,1,0,Reader_3_3.csv
2560,1,1,0,Reader_3_4.csv
2560,1,1,0,Reader_3_5.csv
2560,0,0,0,Reader_3_6.csv
2560,1,1,0,Reader_3_7.csv
2561,11,10,1,Reader_1_1.csv
2561,0,0,0,Reader_1_10.csv
2561,0,0,0,Reader_1_11.csv
2561,0,0,0,Reader_1_12.csv
2561,3,2,1,Reader_1_2.csv
2561,2,2,0,Reader_1_3.csv
2561,1,1,0,Reader_1_4.csv
2561,0,0,0,Reader_1_5.csv
2561,4,3,1,Reader_1_6.csv
2561,0,0,0,Reader_1_7.csv
2561,0,0,0,Reader_1_8.csv
2561,0,0,0,Reader_1_9.csv
2561,1,0,1,Reader_2_1.csv
2561,0,0,0,Reader_2_10.csv
2561,0,0,0,Reader_2_11.csv
2561,5,3,2,Reader_2_12.csv
2561,0,0,0,Reader_2_2.csv
2561,1,1,0,Reader_2_3.csv
2561,0,0,0,Reader_2_4.csv
2561,0,0,0,Reader_2_5.csv
2561,4,2,2,Reader_2_6.csv
2561,0,0,0,Reader_2_7.csv
2561,0,0,0,Reader_2_8.csv
2561,1,0,1,Reader_2_9.csv
2561,6,5,1,reader_3_1.csv
2561,9,7,2,Reader_3_2.csv
2561,2,2,0,Reader_3_3.csv
2561,2,2,0,Reader_3_4.csv
2561,1,1,0,Reader_3_5.csv
2561,0,0,0,Reader_3_6.csv
2561,1,1,0,Reader_3_7.csv
2562,10,9,1,Reader_1_1.csv
2562,0,0,0,Reader_1_10.csv
2562,1,1,0,Reader_1_11.csv
2562,0,0,0,Reader_1_12.csv
2562,3,2,1,Reader_1_2.csv
2562,2,2,0,Reader_1_3.csv
2562,1,1,0,Reader_1_4.csv
2562,0,0,0,Reader_1_5.csv
2562,5,4,1,Reader_1_6.csv
2562,0,0,0,Reader_1_7.csv
2562,0,0,0,Reader_1_8.csv
2562,0,0,0,Reader_1_9.csv
2562,1,0,1,Reader_2_1.csv
2562,0,0,0,Reader_2_10.csv
2562,0,0,0,Reader_2_11.csv
2562,3,3,0,Reader_2_12.csv
2562,0,0,0,Reader_2_2.csv
2562,1,1,0,Reader_2_3.csv
2562,0,0,0,Reader_2_4.csv
2562,0,0,0,Reader_2_5.csv
2562,4,2,2,Reader_2_6.csv
2562,0,0,0,Reader_2_7.csv
2562,0,0,0,Reader_2_8.csv
2562,1,0,1,Reader_2_9.csv
2562,6,5,1,reader_3_1.csv
2562,9,6,3,Reader_3_2.csv
2562,1,1,0,Reader_3_3.csv
2562,1,1,0,Reader_3_4.csv
2562,1,1,0,Reader_3_5.csv
2562,0,0,0,Reader_3_6.csv
2562,0,0,0,Reader_3_7.csv
2563,7,6,1,Reader_1_1.csv
2563,0,0,0,Reader_1_10.csv
2563,1,1,0,Reader_1_11.csv
2563,0,0,0,Reader_1_12.csv
2563,2,1,1,Reader_1_2.csv
2563,2,2,0,Reader_1_3.csv
2563,1,1,0,Reader_1_4.csv
2563,0,0,0,Reader_1_5.csv
2563,6,5,1,Reader_1_6.csv
2563,0,0,0,Reader_1_7.csv
2563,0,0,0,Reader_1_8.csv
2563,0,0,0,Reader_1_9.csv
2563,1,0,1,Reader_2_1.csv
2563,0,0,0,Reader_2_10.csv
2563,0,0,0,Reader_2_11.csv
2563,4,3,1,Reader_2_12.csv
2563,0,0,0,Reader_2_2.csv
2563,1,1,0,Reader_2_3.csv
2563,0,0,0,Reader_2_4.csv
2563,0,0,0,Reader_2_5.csv
2563,3,1,2,Reader_2_6.csv
2563,0,0,0,Reader_2_7.csv
2563,0,0,0,Reader_2_8.csv
2563,1,0,1,Reader_2_9.csv
2563,6,5,1,reader_3_1.csv
2563,6,3,3,Reader_3_2.csv
2563,1,1,0,Reader_3_3.csv
2563,1,1,0,Reader_3_4.csv
2563,1,1,0,Reader_3_5.csv
2563,1,1,0,Reader_3_6.csv
2563,0,0,0,Reader_3_7.csv
2564,8,7,1,Reader_1_1.csv
2564,0,0,0,Reader_1_10.csv
2564,1,1,0,Reader_1_11.csv
2564,0,0,0,Reader_1_12.csv
2564,5,3,2,Reader_1_2.csv
2564,3,3,0,Reader_1_3.csv
2564,0,0,0,Reader_1_4.csv
2564,1,1,0,Reader_1_5.csv
2564,7,6,1,Reader_1_6.csv
2564,0,0,0,Reader_1_7.csv
2564,0,0,0,Reader_1_8.csv
2564,0,0,0,Reader_1_9.csv
2564,1,0,1,Reader_2_1.csv
2564,1,1,0,Reader_2_10.csv
2564,0,0,0,Reader_2_11.csv
2564,2,1,1,Reader_2_12.csv
2564,0,0,0,Reader_2_2.csv
2564,1,1,0,Reader_2_3.csv
2564,0,0,0,Reader_2_4.csv
2564,1,1,0,Reader_2_5.csv
2564,3,1,2,Reader_2_6.csv
2564,0,0,0,Reader_2_7.csv
2564,0,0,0,Reader_2_8.csv
2564,0,0,0,Reader_2_9.csv
2564,6,5,1,reader_3_1.csv
2564,5,3,2,Reader_3_2.csv
2564,1,1,0,Reader_3_3.csv
2564,1,1,0,Reader_3_4.csv
2564,1,1,0,Reader_3_5.csv
2564,1,1,0,Reader_3_6.csv
2564,0,0,0,Reader_3_7.csv
2565,8,6,2,Reader_1_1.csv
2565,0,0,0,Reader_1_10.csv
2565,2,2,0,Reader_1_11.csv
2565,0,0,0,Reader_1_12.csv
2565,5,3,2,Reader_1_2.csv
2565,4,4,0,Reader_1_3.csv
2565,0,0,0,Reader_1_4.csv
2565,1,1,0,Reader_1_5.csv
2565,5,5,0,Reader_1_6.csv
2565,0,0,0,Reader_1_7.csv
2565,0,0,0,Reader_1_8.csv
2565,0,0,0,Reader_1_9.csv
2565,2,0,2,Reader_2_1.csv
2565,1,1,0,Reader_2_10.csv
2565,0,0,0,Reader_2_11.csv
2565,4,3,1,Reader_2_12.csv
2565,0,0,0,Reader_2_2.csv
2565,0,0,0,Reader_2_3.csv
2565,0,0,0,Reader_2_4.csv
2565,1,1,0,Reader_2_5.csv
2565,4,2,2,Reader_2_6.csv
2565,0,0,0,Reader_2_7.csv
2565,0,0,0,Reader_2_8.csv
2565,0,0,0,Reader_2_9.csv
2565,3,2,1,reader_3_1.csv
2565,4,1,3,Reader_3_2.csv
2565,2,2,0,Reader_3_3.csv
2565,2,2,0,Reader_3_4.csv
2565,3,3,0,Reader_3_5.csv
2565,1,1,0,Reader_3_6.csv
2565,1,1,0,Reader_3_7.csv
2566,10,8,2,Reader_1_1.csv
2566,0,0,0,Reader_1_10.csv
2566,2,2,0,Reader_1_11.csv
2566,0,0,0,Reader_1_12.csv
2566,4,2,2,Reader_1_2.csv
2566,4,4,0,Reader_1_3.csv
2566,0,0,0,Reader_1_4.csv
2566,1,1,0,Reader_1_5.csv
2566,4,4,0,Reader_1_6.csv
2566,0,0,0,Reader_1_7.csv
2566,0,0,0,Reader_1_8.csv
2566,0,0,0,Reader_1_9.csv
2566,2,0,2,Reader_2_1.csv
2566,1,1,0,Reader_2_10.csv
2566,0,0,0,Reader_2_11.csv
2566,5,4,1,Reader_2_12.csv
2566,0,0,0,Reader_2_2.csv
2566,0,0,0,Reader_2_3.csv
2566,0,0,0,Reader_2_4.csv
2566,1,1,0,Reader_2_5.csv
2566,4,2,2,Reader_2_6.csv
2566,0,0,0,Reader_2_7.csv
2566,0,0,0,Reader_2_8.csv
2566,0,0,0,Reader_2_9.csv
2566,5,4,1,reader_3_1.csv
2566,5,1,4,Reader_3_2.csv
2566,2,2,0,Reader_3_3.csv
2566,2,2,0,Reader_3_4.csv
2566,3,3,0,Reader_3_5.csv
2566,1,1,0,Reader_3_6.csv
2566,1,1,0,Reader_3_7.csv
2567,10,8,2,Reader_1_1.csv
2567,0,0,0,Reader_1_10.csv
2567,2,2,0,Reader_1_11.csv
2567,1,1,0,Reader_1_12.csv
2567,5,3,2,Reader_1_2.csv
2567,3,3,0,Reader_1_3.csv
2567,1,1,0,Reader_1_4.csv
2567,1,1,0,Reader_1_5.csv
2567,4,4,0,Reader_1_6.csv
2567,0,0,0,Reader_1_7.csv
2567,0,0,0,Reader_1_8.csv
2567,0,0,0,Reader_1_9.csv
2567,2,1,1,Reader_2_1.csv
2567,1,1,0,Reader_2_10.csv
2567,0,0,0,Reader_2_11.csv
2567,4,3,1,Reader_2_12.csv
2567,0,0,0,Reader_2_2.csv
2567,0,0,0,Reader_2_3.csv
2567,0,0,0,Reader_2_4.csv
2567,1,1,0,Reader_2_5.csv
2567,4,2,2,Reader_2_6.csv
2567,0,0,0,Reader_2_7.csv
2567,0,0,0,Reader_2_8.csv
2567,0,0,0,Reader_2_9.csv
2567,3,3,0,reader_3_1.csv
2567,6,1,5,Reader_3_2.csv
2567,2,2,0,Reader_3_3.csv
2567,2,2,0,Reader_3_4.csv
2567,3,3,0,Reader_3_5.csv
2567,1,1,0,Reader_3_6.csv
2567,1,1,0,Reader_3_7.csv
2568,8,7,1,Reader_1_1.csv
2568,0,0,0,Reader_1_10.csv
2568,2,2,0,Reader_1_11.csv
2568,1,1,0,Reader_1_12.csv
2568,4,3,1,Reader_1_2.csv
2568,3,3,0,Reader_1_3.csv
2568,1,1,0,Reader_1_4.csv
2568,2,2,0,Reader_1_5.csv
2568,5,5,0,Reader_1_6.csv
2568,0,0,0,Reader_1_7.csv
2568,0,0,0,Reader_1_8.csv
2568,0,0,0,Reader_1_9.csv
2568,2,1,1,Reader_2_1.csv
2568,1,1,0,Reader_2_10.csv
2568,0,0,0,Reader_2_11.csv
2568,6,4,2,Reader_2_12.csv
2568,0,0,0,Reader_2_2.csv
2568,0,0,0,Reader_2_3.csv
2568,0,0,0,Reader_2_4.csv
2568,1,1,0,Reader_2_5.csv
2568,2,1,1,Reader_2_6.csv
2568,0,0,0,Reader_2_7.csv
2568,0,0,0,Reader_2_8.csv
2568,0,0,0,Reader_2_9.csv
2568,6,6,0,reader_3_1.csv
2568,6,1,5,Reader_3_2.csv
2568,2,2,0,Reader_3_3.csv
2568,2,2,0,Reader_3_4.csv
2568,2,2,0,Reader_3_5.csv
2568,1,1,0,Reader_3_6.csv
2568,1,1,0,Reader_3_7.csv
2569,7,6,1,Reader_1_1.csv
2569,0,0,0,Reader_1_10.csv
2569,2,2,0,Reader_1_11.csv
2569,1,1,0,Reader_1_12.csv
2569,6,4,2,Reader_1_2.csv
2569,2,2,0,Reader_1_3.csv
2569,1,1,0,Reader_1_4.csv
2569,2,2,0,Reader_1_5.csv
2569,5,5,0,Reader_1_6.csv
2569,0,0,0,Reader_1_7.csv
2569,0,0,0,Reader_1_8.csv
2569,0,0,0,Reader_1_9.csv
2569,2,1,1,Reader_2_1.csv
2569,1,1,0,Reader_2_10.csv
2569,0,0,0,Reader_2_11.csv
2569,7,5,2,Reader_2_12.csv
2569,0,0,0,Reader_2_2.csv
2569,0,0,0,Reader_2_3.csv
2569,0,0,0,Reader_2_4.csv
2569,2,2,0,Reader_2_5.csv
2569,2,1,1,Reader_2_6.csv
2569,0,0,0,Reader_2_7.csv
2569,0,0,0,Reader_2_8.csv
2569,0,0,0,Reader_2_9.csv
2569,5,5,0,reader_3_1.csv
2569,6,2,4,Reader_3_2.csv
2569,1,1,0,Reader_3_3.csv
2569,1,1,0,Reader_3_4.csv
2569,2,2,0,Reader_3_5.csv
2569,1,1,0,Reader_3_6.csv
2569,1,1,0,Reader_3_7.csv
2570,7,6,1,Reader_1_1.csv
2570,0,0,0,Reader_1_10.csv
2570,2,2,0,Reader_1_11.csv
2570,1,1,0,Reader_1_12.csv
2570,6,4,2,Reader_1_2.csv
2570,2,2,0,Reader_1_3.csv
2570,2,2,0,Reader_1_4.csv
2570,2,2,0,Reader_1_5.csv
2570,4,4,0,Reader_1_6.csv
2570,0,0,0,Reader_1_7.csv
2570,0,0,0,Reader_1_8.csv
2570,0,0,0,Reader_1_9.csv
2570,2,1,1,Reader_2_1.csv
2570,1,1,0,Reader_2_10.csv
2570,0,0,0,Reader_2_11.csv
2570,9,6,3,Reader_2_12.csv
2570,0,0,0,Reader_2_2.csv
2570,0,0,0,Reader_2_3.csv
2570,0,0,0,Reader_2_4.csv
2570,2,2,0,Reader_2_5.csv
2570,1,1,0,Reader_2_6.csv
2570,0,0,0,Reader_2_7.csv
2570,0,0,0,Reader_2_8.csv
2570,0,0,0,Reader_2_9.csv
2570,5,5,0,reader_3_1.csv
2570,5,2,3,Reader_3_2.csv
2570,2,2,0,Reader_3_3.csv
2570,2,2,0,Reader_3_4.csv
2570,3,2,1,Reader_3_5.csv
2570,1,1,0,Reader_3_6.csv
2570,1,1,0,Reader_3_7.csv
2571,8,7,1,Reader_1_1.csv
2571,0,0,0,Reader_1_10.csv
2571,2,2,0,Reader_1_11.csv
2571,1,1,0,Reader_1_12.csv
2571,6,4,2,Reader_1_2.csv
2571,2,2,0,Reader_1_3.csv
2571,2,2,0,Reader_1_4.csv
2571,2,2,0,Reader_1_5.csv
2571,4,4,0,Reader_1_6.csv
2571,0,0,0,Reader_1_7.csv
2571,0,0,0,Reader_1_8.csv
2571,0,0,0,Reader_1_9.csv
2571,2,1,1,Reader_2_1.csv
2571,1,1,0,Reader_2_10.csv
2571,0,0,0,Reader_2_11.csv
2571,9,7,2,Reader_2_12.csv
2571,0,0,0,Reader_2_2.csv
2571,0,0,0,Reader_2_3.csv
2571,0,0,0,Reader_2_4.csv
2571,2,2,0,Reader_2_5.csv
2571,1,1,0,Reader_2_6.csv
2571,0,0,0,Reader_2_7.csv
2571,0,0,0,Reader_2_8.csv
2571,0,0,0,Reader_2_9.csv
2571,7,7,0,reader_3_1.csv
2571,8,2,6,Reader_3_2.csv
2571,2,2,0,Reader_3_3.csv
2571,2,2,0,Reader_3_4.csv
2571,4,3,1,Reader_3_5.csv
2571,0,0,0,Reader_3_6.csv
2571,1,1,0,Reader_3_7.csv
2572,6,5,1,Reader_1_1.csv
2572,0,0,0,Reader_1_10.csv
2572,2,2,0,Reader_1_11.csv
2572,1,1,0,Reader_1_12.csv
2572,3,2,1,Reader_1_2.csv
2572,1,1,0,Reader_1_3.csv
2572,2,2,0,Reader_1_4.csv
2572,1,1,0,Reader_1_5.csv
2572,4,4,0,Reader_1_6.csv
2572,0,0,0,Reader_1_7.csv
2572,0,0,0,Reader_1_8.csv
2572,0,0,0,Reader_1_9.csv
2572,3,2,1,Reader_2_1.csv
2572,0,0,0,Reader_2_10.csv
2572,0,0,0,Reader_2_11.csv
2572,10,8,2,Reader_2_12.csv
2572,0,0,0,Reader_2_2.csv
2572,0,0,0,Reader_2_3.csv
2572,0,0,0,Reader_2_4.csv
2572,1,1,0,Reader_2_5.csv
2572,1,1,0,Reader_2_6.csv
2572,0,0,0,Reader_2_7.csv
2572,0,0,0,Reader_2_8.csv
2572,0,0,0,Reader_2_9.csv
2572,8,7,1,reader_3_1.csv
2572,9,3,6,Reader_3_2.csv
2572,2,2,0,Reader_3_3.csv
2572,2,2,0,Reader_3_4.csv
2572,4,3,1,Reader_3_5.csv
2572,0,0,0,Reader_3_6.csv
2572,1,1,0,Reader_3_7.csv
2573,7,7,0,Reader_1_1.csv
2573,0,0,0,Reader_1_10.csv
2573,1,1,0,Reader_1_11.csv
2573,1,1,0,Reader_1_12.csv
2573,3,2,1,Reader_1_2.csv
2573,0,0,0,Reader_1_3.csv
2573,2,2,0,Reader_1_4.csv
2573,1,1,0,Reader_1_5.csv
2573,3,3,0,Reader_1_6.csv
2573,0,0,0,Reader_1_7.csv
2573,0,0,0,Reader_1_8.csv
2573,0,0,0,Reader_1_9.csv
2573,2,2,0,Reader_2_1.csv
2573,0,0,0,Reader_2_10.csv
2573,0,0,0,Reader_2_11.csv
2573,8,6,2,Reader_2_12.csv
2573,0,0,0,Reader_2_2.csv
2573,0,0,0,Reader_2_3.csv
2573,0,0,0,Reader_2_4.csv
2573,1,1,0,Reader_2_5.csv
2573,0,0,0,Reader_2_6.csv
2573,0,0,0,Reader_2_7.csv
2573,0,0,0,Reader_2_8.csv
2573,0,0,0,Reader_2_9.csv
2573,8,7,1,reader_3_1.csv
2573,7,2,5,Reader_3_2.csv
2573,1,1,0,Reader_3_3.csv
2573,1,1,0,Reader_3_4.csv
2573,2,1,1,Reader_3_5.csv
2573,0,0,0,Reader_3_6.csv
2573,0,0,0,Reader_3_7.csv
2574,5,5,0,Reader_1_1.csv
2574,0,0,0,Reader_1_10.csv
2574,1,1,0,Reader_1_11.csv
2574,1,1,0,Reader_1_12.csv
2574,3,2,1,Reader_1_2.csv
2574,0,0,0,Reader_1_3.csv
2574,3,3,0,Reader_1_4.csv
2574,1,1,0,Reader_1_5.csv
2574,3,3,0,Reader_1_6.csv
2574,0,0,0,Reader_1_7.csv
2574,0,0,0,Reader_1_8.csv
2574,0,0,0,Reader_1_9.csv
2574,2,2,0,Reader_2_1.csv
2574,0,0,0,Reader_2_10.csv
2574,0,0,0,Reader_2_11.csv
2574,8,6,2,Reader_2_12.csv
2574,0,0,0,Reader_2_2.csv
2574,0,0,0,Reader_2_3.csv
2574,0,0,0,Reader_2_4.csv
2574,1,1,0,Reader_2_5.csv
2574,0,0,0,Reader_2_6.csv
2574,0,0,0,Reader_2_7.csv
2574,0,0,0,Reader_2_8.csv
2574,0,0,0,Reader_2_9.csv
2574,6,5,1,reader_3_1.csv
2574,7,2,5,Reader_3_2.csv
2574,1,1,0,Reader_3_3.csv
2574,1,1,0,Reader_3_4.csv
2574,2,1,1,Reader_3_5.csv
2574,0,0,0,Reader_3_6.csv
2574,0,0,0,Reader_3_7.csv
2575,5,5,0,Reader_1_1.csv
2575,0,0,0,Reader_1_10.csv
2575,2,2,0,Reader_1_11.csv
2575,0,0,0,Reader_1_12.csv
2575,2,1,1,Reader_1_2.csv
2575,0,0,0,Reader_1_3.csv
2575,2,2,0,Reader_1_4.csv
2575,1,1,0,Reader_1_5.csv
2575,3,3,0,Reader_1_6.csv
2575,0,0,0,Reader_1_7.csv
2575,0,0,0,Reader_1_8.csv
2575,0,0,0,Reader_1_9.csv
2575,1,1,0,Reader_2_1.csv
2575,0,0,0,Reader_2_10.csv
2575,0,0,0,Reader_2_11.csv
2575,8,6,2,Reader_2_12.csv
2575,0,0,0,Reader_2_2.csv
2575,0,0,0,Reader_2_3.csv
2575,0,0,0,Reader_2_4.csv
2575,1,1,0,Reader_2_5.csv
2575,0,0,0,Reader_2_6.csv
2575,0,0,0,Reader_2_7.csv
2575,0,0,0,Reader_2_8.csv
2575,0,0,0,Reader_2_9.csv
2575,6,5,1,reader_3_1.csv
2575,8,3,5,Reader_3_2.csv
2575,2,2,0,Reader_3_3.csv
2575,2,2,0,Reader_3_4.csv
2575,3,2,1,Reader_3_5.csv
2575,0,0,0,Reader_3_6.csv
2575,0,0,0,Reader_3_7.csv
2576,4,4,0,Reader_1_1.csv
2576,0,0,0,Reader_1_10.csv
2576,2,2,0,Reader_1_11.csv
2576,0,0,0,Reader_1_12.csv
2576,2,1,1,Reader_1_2.csv
2576,1,1,0,Reader_1_3.csv
2576,3,3,0,Reader_1_4.csv
2576,0,0,0,Reader_1_5.csv
2576,2,2,0,Reader_1_6.csv
2576,0,0,0,Reader_1_7.csv
2576,0,0,0,Reader_1_8.csv
2576,0,0,0,Reader_1_9.csv
2576,2,1,1,Reader_2_1.csv
2576,1,1,0,Reader_2_10.csv
2576,0,0,0,Reader_2_11.csv
2576,7,6,1,Reader_2_12.csv
2576,0,0,0,Reader_2_2.csv
2576,0,0,0,Reader_2_3.csv
2576,0,0,0,Reader_2_4.csv
2576,1,1,0,Reader_2_5.csv
2576,0,0,0,Reader_2_6.csv
2576,0,0,0,Reader_2_7.csv
2576,0,0,0,Reader_2_8.csv
2576,0,0,0,Reader_2_9.csv
2576,3,2,1,reader_3_1.csv
2576,9,3,6,Reader_3_2.csv
2576,2,2,0,Reader_3_3.csv
2576,2,2,0,Reader_3_4.csv
2576,3,2,1,Reader_3_5.csv
2576,0,0,0,Reader_3_6.csv
2576,0,0,0,Reader_3_7.csv
2577,4,4,0,Reader_1_1.csv
2577,0,0,0,Reader_1_10.csv
2577,2,2,0,Reader_1_11.csv
2577,0,0,0,Reader_1_12.csv
2577,0,0,0,Reader_1_2.csv
2577,1,1,0,Reader_1_3.csv
2577,3,3,0,Reader_1_4.csv
2577,0,0,0,Reader_1_5.csv
2577,3,3,0,Reader_1_6.csv
2577,0,0,0,Reader_1_7.csv
2577,0,0,0,Reader_1_8.csv
2577,0,0,0,Reader_1_9.csv
2577,2,1,1,Reader_2_1.csv
2577,1,1,0,Reader_2_10.csv
2577,0,0,0,Reader_2_11.csv
2577,7,6,1,Reader_2_12.csv
2577,0,0,0,Reader_2_2.csv
2577,0,0,0,Reader_2_3.csv
2577,0,0,0,Reader_2_4.csv
2577,0,0,0,Reader_2_5.csv
2577,0,0,0,Reader_2_6.csv
2577,0,0,0,Reader_2_7.csv
2577,0,0,0,Reader_2_8.csv
2577,0,0,0,Reader_2_9.csv
2577,3,2,1,reader_3_1.csv
2577,8,2,6,Reader_3_2.csv
2577,2,2,0,Reader_3_3.csv
2577,2,2,0,Reader_3_4.csv
2577,3,2,1,Reader_3_5.csv
2577,0,0,0,Reader_3_6.csv
2577,1,0,1,Reader_3_7.csv
2578,5,5,0,Reader_1_1.csv
2578,0,0,0,Reader_1_10.csv
2578,1,1,0,Reader_1_11.csv
2578,0,0,0,Reader_1_12.csv
2578,0,0,0,Reader_1_2.csv
2578,1,1,0,Reader_1_3.csv
2578,2,2,0,Reader_1_4.csv
2578,0,0,0,Reader_1_5.csv
2578,4,4,0,Reader_1_6.csv
2578,0,0,0,Reader_1_7.csv
2578,0,0,0,Reader_1_8.csv
2578,0,0,0,Reader_1_9.csv
2578,2,1,1,Reader_2_1.csv
2578,1,1,0,Reader_2_10.csv
2578,0,0,0,Reader_2_11.csv
2578,5,5,0,Reader_2_12.csv
2578,0,0,0,Reader_2_2.csv
2578,0,0,0,Reader_2_3.csv
2578,0,0,0,Reader_2_4.csv
2578,0,0,0,Reader_2_5.csv
2578,0,0,0,Reader_2_6.csv
2578,0,0,0,Reader_2_7.csv
2578,0,0,0,Reader_2_8.csv
2578,0,0,0,Reader_2_9.csv
2578,4,3,1,reader_3_1.csv
2578,9,3,6,Reader_3_2.csv
2578,1,1,0,Reader_3_3.csv
2578,1,1,0,Reader_3_4.csv
2578,3,3,0,Reader_3_5.csv
2578,0,0,0,Reader_3_6.csv
2578,1,0,1,Reader_3_7.csv
2579,4,4,0,Reader_1_1.csv
2579,0,0,0,Reader_1_10.csv
2579,1,1,0,Reader_1_11.csv
2579,0,0,0,Reader_1_12.csv
2579,0,0,0,Reader_1_2.csv
2579,1,1,0,Reader_1_3.csv
2579,2,2,0,Reader_1_4.csv
2579,0,0,0,Reader_1_5.csv
2579,3,3,0,Reader_1_6.csv
2579,0,0,0,Reader_1_7.csv
2579,0,0,0,Reader_1_8.csv
2579,0,0,0,Reader_1_9.csv
2579,2,1,1,Reader_2_1.csv
2579,1,1,0,Reader_2_10.csv
2579,0,0,0,Reader_2_11.csv
2579,5,5,0,Reader_2_12.csv
2579,0,0,0,Reader_2_2.csv
2579,0,0,0,Reader_2_3.csv
2579,0,0,0,Reader_2_4.csv
2579,0,0,0,Reader_2_5.csv
2579,0,0,0,Reader_2_6.csv
2579,0,0,0,Reader_2_7.csv
2579,0,0,0,Reader_2_8.csv
2579,0,0,0,Reader_2_9.csv
2579,3,1,2,reader_3_1.csv
2579,8,4,4,Reader_3_2.csv
2579,2,2,0,Reader_3_3.csv
2579,2,2,0,Reader_3_4.csv
2579,2,2,0,Reader_3_5.csv
2579,0,0,0,Reader_3_6.csv
2579,1,0,1,Reader_3_7.csv
2580,4,4,0,Reader_1_1.csv
2580,0,0,0,Reader_1_10.csv
2580,1,1,0,Reader_1_11.csv
2580,0,0,0,Reader_1_12.csv
2580,0,0,0,Reader_1_2.csv
2580,1,1,0,Reader_1_3.csv
2580,2,2,0,Reader_1_4.csv
2580,0,0,0,Reader_1_5.csv
2580,2,2,0,Reader_1_6.csv
2580,0,0,0,Reader_1_7.csv
2580,0,0,0,Reader_1_8.csv
2580,0,0,0,Reader_1_9.csv
2580,1,0,1,Reader_2_1.csv
2580,1,1,0,Reader_2_10.csv
2580,0,0,0,Reader_2_11.csv
2580,4,4,0,Reader_2_12.csv
2580,0,0,0,Reader_2_2.csv
2580,0,0,0,Reader_2_3.csv
2580,0,0,0,Reader_2_4.csv
2580,0,0,0,Reader_2_5.csv
2580,1,0,1,Reader_2_6.csv
2580,0,0,0,Reader_2_7.csv
2580,0,0,0,Reader_2_8.csv
2580,0,0,0,Reader_2_9.csv
2580,4,2,2,reader_3_1.csv
2580,9,5,4,Reader_3_2.csv
2580,2,2,0,Reader_3_3.csv
2580,2,2,0,Reader_3_4.csv
2580,2,2,0,Reader_3_5.csv
2580,0,0,0,Reader_3_6.csv
2580,1,0,1,Reader_3_7.csv
2581,2,2,0,Reader_1_1.csv
2581,0,0,0,Reader_1_10.csv
2581,1,1,0,Reader_1_11.csv
2581,0,0,0,Reader_1_12.csv
2581,0,0,0,Reader_1_2.csv
2581,1,1,0,Reader_1_3.csv
2581,2,2,0,Reader_1_4.csv
2581,0,0,0,Reader_1_5.csv
2581,2,2,0,Reader_1_6.csv
2581,0,0,0,Reader_1_7.csv
2581,0,0,0,Reader_1_8.csv
2581,0,0,0,Reader_1_9.csv
2581,1,0,1,Reader_2_1.csv
2581,1,1,0,Reader_2_10.csv
2581,0,0,0,Reader_2_11.csv
2581,5,5,0,Reader_2_12.csv
2581,0,0,0,Reader_2_2.csv
2581,0,0,0,Reader_2_3.csv
2581,0,0,0,Reader_2_4.csv
2581,0,0,0,Reader_2_5.csv
2581,1,0,1,Reader_2_6.csv
2581,0,0,0,Reader_2_7.csv
2581,0,0,0,Reader_2_8.csv
2581,0,0,0,Reader_2_9.csv
2581,7,5,2,reader_3_1.csv
2581,9,5,4,Reader_3_2.csv
2581,2,2,0,Reader_3_3.csv
2581,2,2,0,Reader_3_4.csv
2581,2,2,0,Reader_3_5.csv
2581,0,0,0,Reader_3_6.csv
2581,1,0,1,Reader_3_7.csv
2582,3,3,0,Reader_1_1.csv
2582,0,0,0,Reader_1_10.csv
2582,1,1,0,Reader_1_11.csv
2582,0,0,0,Reader_1_12.csv
2582,0,0,0,Reader_1_2.csv
2582,1,1,0,Reader_1_3.csv
2582,1,1,0,Reader_1_4.csv
2582,0,0,0,Reader_1_5.csv
2582,3,3,0,Reader_1_6.csv
2582,0,0,0,Reader_1_7.csv
2582,0,0,0,Reader_1_8.csv
2582,0,0,0,Reader_1_9.csv
2582,1,0,1,Reader_2_1.csv
2582,1,1,0,Reader_2_10.csv
2582,0,0,0,Reader_2_11.csv
2582,6,6,0,Reader_2_12.csv
2582,0,0,0,Reader_2_2.csv
2582,0,0,0,Reader_2_3.csv
2582,0,0,0,Reader_2_4.csv
2582,0,0,0,Reader_2_5.csv
2582,1,0,1,Reader_2_6.csv
2582,0,0,0,Reader_2_7.csv
2582,0,0,0,Reader_2_8.csv
2582,0,0,0,Reader_2_9.csv
2582,9,6,3,reader_3_1.csv
2582,8,5,3,Reader_3_2.csv
2582,2,2,0,Reader_3_3.csv
2582,2,2,0,Reader_3_4.csv
2582,2,2,0,Reader_3_5.csv
2582,1,1,0,Reader_3_6.csv
2582,1,0,1,Reader_3_7.csv
2583,3,3,0,Reader_1_1.csv
2583,0,0,0,Reader_1_10.csv
2583,0,0,0,Reader_1_11.csv
2583,0,0,0,Reader_1_12.csv
2583,0,0,0,Reader_1_2.csv
2583,1,1,0,Reader_1_3.csv
2583,1,1,0,Reader_1_4.csv
2583,1,0,1,Reader_1_5.csv
2583,4,4,0,Reader_1_6.csv
2583,1,1,0,Reader_1_7.csv
2583,0,0,0,Reader_1_8.csv
2583,0,0,0,Reader_1_9.csv
2583,1,0,1,Reader_2_1.csv
2583,1,1,0,Reader_2_10.csv
2583,0,0,0,Reader_2_11.csv
2583,6,6,0,Reader_2_12.csv
2583,0,0,0,Reader_2_2.csv
2583,0,0,0,Reader_2_3.csv
2583,0,0,0,Reader_2_4.csv
2583,0,0,0,Reader_2_5.csv
2583,1,0,1,Reader_2_6.csv
2583,0,0,0,Reader_2_7.csv
2583,0,0,0,Reader_2_8.csv
2583,0,0,0,Reader_2_9.csv
2583,10,6,4,reader_3_1.csv
2583,6,4,2,Reader_3_2.csv
2583,1,1,0,Reader_3_3.csv
2583,1,1,0,Reader_3_4.csv
2583,2,2,0,Reader_3_5.csv
2583,1,1,0,Reader_3_6.csv
2583,1,0,1,Reader_3_7.csv
2584,2,2,0,Reader_1_1.csv
2584,0,0,0,Reader_1_10.csv
2584,0,0,0,Reader_1_11.csv
2584,0,0,0,Reader_1_12.csv
2584,0,0,0,Reader_1_2.csv
2584,0,0,0,Reader_1_3.csv
2584,0,0,0,Reader_1_4.csv
2584,1,0,1,Reader_1_5.csv
2584,4,4,0,Reader_1_6.csv
2584,1,1,0,Reader_1_7.csv
2584,0,0,0,Reader_1_8.csv
2584,0,0,0,Reader_1_9.csv
2584,0,0,0,Reader_2_1.csv
2584,0,0,0,Reader_2_10.csv
2584,1,1,0,Reader_2_11.csv
2584,6,6,0,Reader_2_12.csv
2584,1,1,0,Reader_2_2.csv
2584,0,0,0,Reader_2_3.csv
2584,0,0,0,Reader_2_4.csv
2584,1,1,0,Reader_2_5.csv
2584,1,0,1,Reader_2_6.csv
2584,0,0,0,Reader_2_7.csv
2584,0,0,0,Reader_2_8.csv
2584,0,0,0,Reader_2_9.csv
2584,10,6,4,reader_3_1.csv
2584,5,4,1,Reader_3_2.csv
2584,1,1,0,Reader_3_3.csv
2584,1,1,0,Reader_3_4.csv
2584,3,3,0,Reader_3_5.csv
2584,1,1,0,Reader_3_6.csv
2584,2,0,2,Reader_3_7.csv
2585,3,3,0,Reader_1_1.csv
2585,0,0,0,Reader_1_10.csv
2585,0,0,0,Reader_1_11.csv
2585,0,0,0,Reader_1_12.csv
2585,0,0,0,Reader_1_2.csv
2585,0,0,0,Reader_1_3.csv
2585,0,0,0,Reader_1_4.csv
2585,1,0,1,Reader_1_5.csv
2585,4,4,0,Reader_1_6.csv
2585,1,1,0,Reader_1_7.csv
2585,0,0,0,Reader_1_8.csv
2585,0,0,0,Reader_1_9.csv
2585,0,0,0,Reader_2_1.csv
2585,0,0,0,Reader_2_10.csv
2585,1,1,0,Reader_2_11.csv
2585,5,5,0,Reader_2_12.csv
2585,1,1,0,Reader_2_2.csv
2585,0,0,0,Reader_2_3.csv
2585,0,0,0,Reader_2_4.csv
2585,1,1,0,Reader_2_5.csv
2585,1,0,1,Reader_2_6.csv
2585,0,0,0,Reader_2_7.csv
2585,0,0,0,Reader_2_8.csv
2585,0,0,0,Reader_2_9.csv
2585,11,7,4,reader_3_1.csv
2585,6,4,2,Reader_3_2.csv
2585,1,1,0,Reader_3_3.csv
2585,1,1,0,Reader_3_4.csv
2585,3,3,0,Reader_3_5.csv
2585,1,1,0,Reader_3_6.csv
2585,1,0,1,Reader_3_7.csv
2586,2,2,0,Reader_1_1.csv
2586,0,0,0,Reader_1_10.csv
2586,0,0,0,Reader_1_11.csv
2586,1,1,0,Reader_1_12.csv
2586,0,0,0,Reader_1_2.csv
2586,0,0,0,Reader_1_3.csv
2586,0,0,0,Reader_1_4.csv
2586,1,0,1,Reader_1_5.csv
2586,6,6,0,Reader_1_6.csv
2586,1,1,0,Reader_1_7.csv
2586,0,0,0,Reader_1_8.csv
2586,0,0,0,Reader_1_9.csv
2586,0,0,0,Reader_2_1.csv
2586,0,0,0,Reader_2_10.csv
2586,1,1,0,Reader_2_11.csv
2586,6,5,1,Reader_2_12.csv
2586,1,1,0,Reader_2_2.csv
2586,0,0,0,Reader_2_3.csv
2586,0,0,0,Reader_2_4.csv
2586,1,1,0,Reader_2_5.csv
2586,1,0,1,Reader_2_6.csv
2586,0,0,0,Reader_2_7.csv
2586,0,0,0,Reader_2_8.csv
2586,0,0,0,Reader_2_9.csv
2586,13,8,5,reader_3_1.csv
2586,5,3,2,Reader_3_2.csv
2586,1,1,0,Reader_3_3.csv
2586,1,1,0,Reader_3_4.csv
2586,2,2,0,Reader_3_5.csv
2586,1,1,0,Reader_3_6.csv
2586,1,0,1,Reader_3_7.csv
2587,2,2,0,Reader_1_1.csv
2587,0,0,0,Reader_1_10.csv
2587,0,0,0,Reader_1_11.csv
2587,1,1,0,Reader_1_12.csv
2587,0,0,0,Reader_1_2.csv
2587,0,0,0,Reader_1_3.csv
2587,0,0,0,Reader_1_4.csv
2587,1,0,1,Reader_1_5.csv
2587,7,7,0,Reader_1_6.csv
2587,1,1,0,Reader_1_7.csv
2587,0,0,0,Reader_1_8.csv
2587,1,1,0,Reader_1_9.csv
2587,0,0,0,Reader_2_1.csv
2587,1,0,1,Reader_2_10.csv
2587,1,1,0,Reader_2_11.csv
2587,5,4,1,Reader_2_12.csv
2587,1,1,0,Reader_2_2.csv
2587,0,0,0,Reader_2_3.csv
2587,0,0,0,Reader_2_4.csv
2587,1,1,0,Reader_2_5.csv
2587,1,0,1,Reader_2_6.csv
2587,0,0,0,Reader_2_7.csv
2587,0,0,0,Reader_2_8.csv
2587,0,0,0,Reader_2_9.csv
2587,13,9,4,reader_3_1.csv
2587,3,2,1,Reader_3_2.csv
2587,0,0,0,Reader_3_3.csv
2587,0,0,0,Reader_3_4.csv
2587,2,2,0,Reader_3_5.csv
2587,2,2,0,Reader_3_6.csv
2587,1,0,1,Reader_3_7.csv
2588,2,2,0,Reader_1_1.csv
2588,0,0,0,Reader_1_10.csv
2588,0,0,0,Reader_1_11.csv
2588,1,1,0,Reader_1_12.csv
2588,0,0,0,Reader_1_2.csv
2588,0,0,0,Reader_1_3.csv
2588,0,0,0,Reader_1_4.csv
2588,1,0,1,Reader_1_5.csv
2588,7,7,0,Reader_1_6.csv
2588,1,1,0,Reader_1_7.csv
2588,0,0,0,Reader_1_8.csv
2588,1,1,0,Reader_1_9.csv
2588,0,0,0,Reader_2_1.csv
2588,1,0,1,Reader_2_10.csv
2588,1,1,0,Reader_2_11.csv
2588,5,4,1,Reader_2_12.csv
2588,1,1,0,Reader_2_2.csv
2588,0,0,0,Reader_2_3.csv
2588,0,0,0,Reader_2_4.csv
2588,1,1,0,Reader_2_5.csv
2588,0,0,0,Reader_2_6.csv
2588,0,0,0,Reader_2_7.csv
2588,0,0,0,Reader_2_8.csv
2588,0,0,0,Reader_2_9.csv
2588,11,8,3,reader_3_1.csv
2588,2,1,1,Reader_3_2.csv
2588,0,0,0,Reader_3_3.csv
2588,0,0,0,Reader_3_4.csv
2588,3,3,0,Reader_3_5.csv
2588,2,2,0,Reader_3_6.csv
2588,2,0,2,Reader_3_7.csv
2589,2,2,0,Reader_1_1.csv
2589,0,0,0,Reader_1_10.csv
2589,0,0,0,Reader_1_11.csv
2589,1,1,0,Reader_1_12.csv
2589,0,0,0,Reader_1_2.csv
2589,0,0,0,Reader_1_3.csv
2589,0,0,0,Reader_1_4.csv
2589,1,0,1,Reader_1_5.csv
2589,9,9,0,Reader_1_6.csv
2589,1,1,0,Reader_1_7.csv
2589,0,0,0,Reader_1_8.csv
2589,1,1,0,Reader_1_9.csv
2589,0,0,0,Reader_2_1.csv
2589,1,0,1,Reader_2_10.csv
2589,2,2,0,Reader_2_11.csv
2589,4,3,1,Reader_2_12.csv
2589,3,3,0,Reader_2_2.csv
2589,0,0,0,Reader_2_3.csv
2589,0,0,0,Reader_2_4.csv
2589,1,1,0,Reader_2_5.csv
2589,0,0,0,Reader_2_6.csv
2589,0,0,0,Reader_2_7.csv
2589,0,0,0,Reader_2_8.csv
2589,0,0,0,Reader_2_9.csv
2589,8,5,3,reader_3_1.csv
2589,3,2,1,Reader_3_2.csv
2589,0,0,0,Reader_3_3.csv
2589,0,0,0,Reader_3_4.csv
2589,3,3,0,Reader_3_5.csv
2589,2,2,0,Reader_3_6.csv
2589,2,0,2,Reader_3_7.csv
2590,1,1,0,Reader_1_1.csv
2590,0,0,0,Reader_1_10.csv
2590,0,0,0,Reader_1_11.csv
2590,1,1,0,Reader_1_12.csv
2590,0,0,0,Reader_1_2.csv
2590,0,0,0,Reader_1_3.csv
2590,1,1,0,Reader_1_4.csv
2590,1,0,1,Reader_1_5.csv
2590,8,8,0,Reader_1_6.csv
2590,1,1,0,Reader_1_7.csv
2590,0,0,0,Reader_1_8.csv
2590,1,1,0,Reader_1_9.csv
2590,1,1,0,Reader_2_1.csv
2590,2,1,1,Reader_2_10.csv
2590,2,2,0,Reader_2_11.csv
2590,3,1,2,Reader_2_12.csv
2590,3,3,0,Reader_2_2.csv
2590,0,0,0,Reader_2_3.csv
2590,0,0,0,Reader_2_4.csv
2590,1,1,0,Reader_2_5.csv
2590,0,0,0,Reader_2_6.csv
2590,0,0,0,Reader_2_7.csv
2590,0,0,0,Reader_2_8.csv
2590,0,0,0,Reader_2_9.csv
2590,7,5,2,reader_3_1.csv
2590,3,2,1,Reader_3_2.csv
2590,0,0,0,Reader_3_3.csv
2590,0,0,0,Reader_3_4.csv
2590,4,4,0,Reader_3_5.csv
2590,1,1,0,Reader_3_6.csv
2590,2,0,2,Reader_3_7.csv
2591,1,1,0,Reader_1_1.csv
2591,0,0,0,Reader_1_10.csv
2591,0,0,0,Reader_1_11.csv
2591,1,1,0,Reader_1_12.csv
2591,1,0,1,Reader_1_2.csv
2591,0,0,0,Reader_1_3.csv
2591,1,1,0,Reader_1_4.csv
2591,0,0,0,Reader_1_5.csv
2591,7,7,0,Reader_1_6.csv
2591,1,1,0,Reader_1_7.csv
2591,0,0,0,Reader_1_8.csv
2591,1,1,0,Reader_1_9.csv
2591,1,1,0,Reader_2_1.csv
2591,2,1,1,Reader_2_10.csv
2591,2,2,0,Reader_2_11.csv
2591,4,2,2,Reader_2_12.csv
2591,3,3,0,Reader_2_2.csv
2591,0,0,0,Reader_2_3.csv
2591,0,0,0,Reader_2_4.csv
2591,1,1,0,Reader_2_5.csv
2591,0,0,0,Reader_2_6.csv
2591,0,0,0,Reader_2_7.csv
2591,0,0,0,Reader_2_8.csv
2591,0,0,0,Reader_2_9.csv
2591,6,5,1,reader_3_1.csv
2591,3,2,1,Reader_3_2.csv
2591,0,0,0,Reader_3_3.csv
2591,0,0,0,Reader_3_4.csv
2591,5,5,0,Reader_3_5.csv
2591,1,1,0,Reader_3_6.csv
2591,3,1,2,Reader_3_7.csv
2592,2,2,0,Reader_1_1.csv
2592,0,0,0,Reader_1_10.csv
2592,0,0,0,Reader_1_11.csv
2592,2,2,0,Reader_1_12.csv
2592,1,0,1,Reader_1_2.csv
2592,0,0,0,Reader_1_3.csv
2592,2,2,0,Reader_1_4.csv
2592,0,0,0,Reader_1_5.csv
2592,7,7,0,Reader_1_6.csv
2592,4,4,0,Reader_1_7.csv
2592,0,0,0,Reader_1_8.csv
2592,1,1,0,Reader_1_9.csv
2592,1,1,0,Reader_2_1.csv
2592,2,1,1,Reader_2_10.csv
2592,1,1,0,Reader_2_11.csv
2592,4,1,3,Reader_2_12.csv
2592,2,2,0,Reader_2_2.csv
2592,0,0,0,Reader_2_3.csv
2592,0,0,0,Reader_2_4.csv
2592,0,0,0,Reader_2_5.csv
2592,0,0,0,Reader_2_6.csv
2592,0,0,0,Reader_2_7.csv
2592,0,0,0,Reader_2_8.csv
2592,0,0,0,Reader_2_9.csv
2592,6,5,1,reader_3_1.csv
2592,4,2,2,Reader_3_2.csv
2592,0,0,0,Reader_3_3.csv
2592,0,0,0,Reader_3_4.csv
2592,10,8,2,Reader_3_5.csv
2592,1,1,0,Reader_3_6.csv
2592,2,1,1,Reader_3_7.csv
2593,2,2,0,Reader_1_1.csv
2593,0,0,0,Reader_1_10.csv
2593,0,0,0,Reader_1_11.csv
2593,3,3,0,Reader_1_12.csv
2593,2,1,1,Reader_1_2.csv
2593,0,0,0,Reader_1_3.csv
2593,2,2,0,Reader_1_4.csv
2593,0,0,0,Reader_1_5.csv
2593,6,6,0,Reader_1_6.csv
2593,4,4,0,Reader_1_7.csv
2593,0,0,0,Reader_1_8.csv
2593,1,1,0,Reader_1_9.csv
2593,1,1,0,Reader_2_1.csv
2593,2,1,1,Reader_2_10.csv
2593,1,1,0,Reader_2_11.csv
2593,5,2,3,Reader_2_12.csv
2593,4,4,0,Reader_2_2.csv
2593,0,0,0,Reader_2_3.csv
2593,0,0,0,Reader_2_4.csv
2593,0,0,0,Reader_2_5.csv
2593,0,0,0,Reader_2_6.csv
2593,0,0,0,Reader_2_7.csv
2593,0,0,0,Reader_2_8.csv
2593,0,0,0,Reader_2_9.csv
2593,6,5,1,reader_3_1.csv
2593,4,3,1,Reader_3_2.csv
2593,0,0,0,Reader_3_3.csv
2593,0,0,0,Reader_3_4.csv
2593,14,11,3,Reader_3_5.csv
2593,1,1,0,Reader_3_6.csv
2593,2,1,1,Reader_3_7.csv
2594,2,2,0,Reader_1_1.csv
2594,0,0,0,Reader_1_10.csv
2594,0,0,0,Reader_1_11.csv
2594,2,2,0,Reader_1_12.csv
2594,2,1,1,Reader_1_2.csv
2594,0,0,0,Reader_1_3.csv
2594,3,3,0,Reader_1_4.csv
2594,0,0,0,Reader_1_5.csv
2594,3,3,0,Reader_1_6.csv
2594,6,6,0,Reader_1_7.csv
2594,0,0,0,Reader_1_8.csv
2594,1,1,0,Reader_1_9.csv
2594,2,2,0,Reader_2_1.csv
2594,3,1,2,Reader_2_10.csv
2594,1,1,0,Reader_2_11.csv
2594,4,2,2,Reader_2_12.csv
2594,4,4,0,Reader_2_2.csv
2594,0,0,0,Reader_2_3.csv
2594,0,0,0,Reader_2_4.csv
2594,0,0,0,Reader_2_5.csv
2594,0,0,0,Reader_2_6.csv
2594,0,0,0,Reader_2_7.csv
2594,0,0,0,Reader_2_8.csv
2594,0,0,0,Reader_2_9.csv
2594,3,3,0,reader_3_1.csv
2594,4,3,1,Reader_3_2.csv
2594,0,0,0,Reader_3_3.csv
2594,0,0,0,Reader_3_4.csv
2594,15,12,3,Reader_3_5.csv
2594,1,1,0,Reader_3_6.csv
2594,2,1,1,Reader_3_7.csv
2595,2,2,0,Reader_1_1.csv
2595,0,0,0,Reader_1_10.csv
2595,0,0,0,Reader_1_11.csv
2595,3,3,0,Reader_1_12.csv
2595,2,1,1,Reader_1_2.csv
2595,0,0,0,Reader_1_3.csv
2595,3,3,0,Reader_1_4.csv
2595,0,0,0,Reader_1_5.csv
2595,4,4,0,Reader_1_6.csv
2595,6,6,0,Reader_1_7.csv
2595,0,0,0,Reader_1_8.csv
2595,0,0,0,Reader_1_9.csv
2595,2,2,0,Reader_2_1.csv
2595,3,2,1,Reader_2_10.csv
2595,1,1,0,Reader_2_11.csv
2595,5,2,3,Reader_2_12.csv
2595,6,5,1,Reader_2_2.csv
2595,0,0,0,Reader_2_3.csv
2595,0,0,0,Reader_2_4.csv
2595,0,0,0,Reader_2_5.csv
2595,0,0,0,Reader_2_6.csv
2595,0,0,0,Reader_2_7.csv
2595,0,0,0,Reader_2_8.csv
2595,0,0,0,Reader_2_9.csv
2595,5,5,0,reader_3_1.csv
2595,4,3,1,Reader_3_2.csv
2595,0,0,0,Reader_3_3.csv
2595,0,0,0,Reader_3_4.csv
2595,17,14,3,Reader_3_5.csv
2595,0,0,0,Reader_3_6.csv
2595,2,1,1,Reader_3_7.csv
2596,2,2,0,Reader_1_1.csv
2596,0,0,0,Reader_1_10.csv
2596,0,0,0,Reader_1_11.csv
2596,4,4,0,Reader_1_12.csv
2596,2,1,1,Reader_1_2.csv
2596,0,0,0,Reader_1_3.csv
2596,3,3,0,Reader_1_4.csv
2596,0,0,0,Reader_1_5.csv
2596,4,4,0,Reader_1_6.csv
2596,7,6,1,Reader_1_7.csv
2596,0,0,0,Reader_1_8.csv
2596,0,0,0,Reader_1_9.csv
2596,2,2,0,Reader_2_1.csv
2596,3,2,1,Reader_2_10.csv
2596,1,1,0,Reader_2_11.csv
2596,5,2,3,Reader_2_12.csv
2596,7,6,1,Reader_2_2.csv
2596,0,0,0,Reader_2_3.csv
2596,0,0,0,Reader_2_4.csv
2596,0,0,0,Reader_2_5.csv
2596,0,0,0,Reader_2_6.csv
2596,0,0,0,Reader_2_7.csv
2596,0,0,0,Reader_2_8.csv
2596,0,0,0,Reader_2_9.csv
2596,5,5,0,reader_3_1.csv
2596,4,3,1,Reader_3_2.csv
2596,0,0,0,Reader_3_3.csv
2596,0,0,0,Reader_3_4.csv
2596,20,15,5,Reader_3_5.csv
2596,0,0,0,Reader_3_6.csv
2596,1,1,0,Reader_3_7.csv
2597,3,3,0,Reader_1_1.csv
2597,0,0,0,Reader_1_10.csv
2597,0,0,0,Reader_1_11.csv
2597,4,4,0,Reader_1_12.csv
2597,2,1,1,Reader_1_2.csv
2597,0,0,0,Reader_1_3.csv
2597,4,4,0,Reader_1_4.csv
2597,0,0,0,Reader_1_5.csv
2597,2,2,0,Reader_1_6.csv
2597,7,6,1,Reader_1_7.csv
2597,0,0,0,Reader_1_8.csv
2597,0,0,0,Reader_1_9.csv
2597,2,2,0,Reader_2_1.csv
2597,3,2,1,Reader_2_10.csv
2597,0,0,0,Reader_2_11.csv
2597,7,3,4,Reader_2_12.csv
2597,5,4,1,Reader_2_2.csv
2597,0,0,0,Reader_2_3.csv
2597,0,0,0,Reader_2_4.csv
2597,1,1,0,Reader_2_5.csv
2597,0,0,0,Reader_2_6.csv
2597,0,0,0,Reader_2_7.csv
2597,0,0,0,Reader_2_8.csv
2597,0,0,0,Reader_2_9.csv
2597,6,6,0,reader_3_1.csv
2597,4,3,1,Reader_3_2.csv
2597,0,0,0,Reader_3_3.csv
2597,0,0,0,Reader_3_4.csv
2597,25,20,5,Reader_3_5.csv
2597,0,0,0,Reader_3_6.csv
2597,2,2,0,Reader_3_7.csv
2598,4,3,1,Reader_1_1.csv
2598,0,0,0,Reader_1_10.csv
2598,0,0,0,Reader_1_11.csv
2598,4,4,0,Reader_1_12.csv
2598,2,1,1,Reader_1_2.csv
2598,0,0,0,Reader_1_3.csv
2598,4,4,0,Reader_1_4.csv
2598,0,0,0,Reader_1_5.csv
2598,2,2,0,Reader_1_6.csv
2598,7,6,1,Reader_1_7.csv
2598,0,0,0,Reader_1_8.csv
2598,0,0,0,Reader_1_9.csv
2598,1,1,0,Reader_2_1.csv
2598,2,1,1,Reader_2_10.csv
2598,0,0,0,Reader_2_11.csv
2598,6,3,3,Reader_2_12.csv
2598,6,4,2,Reader_2_2.csv
2598,0,0,0,Reader_2_3.csv
2598,0,0,0,Reader_2_4.csv
2598,1,1,0,Reader_2_5.csv
2598,0,0,0,Reader_2_6.csv
2598,0,0,0,Reader_2_7.csv
2598,0,0,0,Reader_2_8.csv
2598,0,0,0,Reader_2_9.csv
2598,5,5,0,reader_3_1.csv
2598,4,3,1,Reader_3_2.csv
2598,0,0,0,Reader_3_3.csv
2598,0,0,0,Reader_3_4.csv
2598,25,20,5,Reader_3_5.csv
2598,0,0,0,Reader_3_6.csv
2598,2,2,0,Reader_3_7.csv
2599,4,3,1,Reader_1_1.csv
2599,0,0,0,Reader_1_10.csv
2599,0,0,0,Reader_1_11.csv
2599,4,4,0,Reader_1_12.csv
2599,1,1,0,Reader_1_2.csv
2599,1,1,0,Reader_1_3.csv
2599,5,5,0,Reader_1_4.csv
2599,0,0,0,Reader_1_5.csv
2599,3,3,0,Reader_1_6.csv
2599,6,5,1,Reader_1_7.csv
2599,0,0,0,Reader_1_8.csv
2599,0,0,0,Reader_1_9.csv
2599,1,1,0,Reader_2_1.csv
2599,2,1,1,Reader_2_10.csv
2599,0,0,0,Reader_2_11.csv
2599,5,2,3,Reader_2_12.csv
2599,6,4,2,Reader_2_2.csv
2599,0,0,0,Reader_2_3.csv
2599,0,0,0,Reader_2_4.csv
2599,1,1,0,Reader_2_5.csv
2599,0,0,0,Reader_2_6.csv
2599,0,0,0,Reader_2_7.csv
2599,0,0,0,Reader_2_8.csv
2599,0,0,0,Reader_2_9.csv
2599,5,5,0,reader_3_1.csv
2599,4,3,1,Reader_3_2.csv
2599,0,0,0,Reader_3_3.csv
2599,0,0,0,Reader_3_4.csv
2599,27,22,5,Reader_3_5.csv
2599,0,0,0,Reader_3_6.csv
2599,1,1,0,Reader_3_7.csv
2600,3,2,1,Reader_1_1.csv
2600,0,0,0,Reader_1_10.csv
2600,0,0,0,Reader_1_11.csv
2600,3,3,0,Reader_1_12.csv
2600,1,1,0,Reader_1_2.csv
2600,1,1,0,Reader_1_3.csv
2600,4,4,0,Reader_1_4.csv
2600,0,0,0,Reader_1_5.csv
2600,3,3,0,Reader_1_6.csv
2600,3,2,1,Reader_1_7.csv
2600,1,1,0,Reader_1_8.csv
2600,0,0,0,Reader_1_9.csv
2600,1,1,0,Reader_2_1.csv
2600,2,1,1,Reader_2_10.csv
2600,0,0,0,Reader_2_11.csv
2600,4,2,2,Reader_2_12.csv
2600,6,4,2,Reader_2_2.csv
2600,0,0,0,Reader_2_3.csv
2600,0,0,0,Reader_2_4.csv
2600,1,1,0,Reader_2_5.csv
2600,0,0,0,Reader_2_6.csv
2600,0,0,0,Reader_2_7.csv
2600,0,0,0,Reader_2_8.csv
2600,0,0,0,Reader_2_9.csv
2600,6,6,0,reader_3_1.csv
2600,3,3,0,Reader_3_2.csv
2600,1,1,0,Reader_3_3.csv
2600,1,1,0,Reader_3_4.csv
2600,27,24,3,Reader_3_5.csv
2600,0,0,0,Reader_3_6.csv
2600,1,1,0,Reader_3_7.csv
2601,3,2,1,Reader_1_1.csv
2601,0,0,0,Reader_1_10.csv
2601,0,0,0,Reader_1_11.csv
2601,2,2,0,Reader_1_12.csv
2601,0,0,0,Reader_1_2.csv
2601,1,1,0,Reader_1_3.csv
2601,4,4,0,Reader_1_4.csv
2601,0,0,0,Reader_1_5.csv
2601,3,3,0,Reader_1_6.csv
2601,4,3,1,Reader_1_7.csv
2601,2,2,0,Reader_1_8.csv
2601,0,0,0,Reader_1_9.csv
2601,1,1,0,Reader_2_1.csv
2601,2,1,1,Reader_2_10.csv
2601,0,0,0,Reader_2_11.csv
2601,3,1,2,Reader_2_12.csv
2601,5,3,2,Reader_2_2.csv
2601,0,0,0,Reader_2_3.csv
2601,0,0,0,Reader_2_4.csv
2601,1,1,0,Reader_2_5.csv
2601,0,0,0,Reader_2_6.csv
2601,0,0,0,Reader_2_7.csv
2601,0,0,0,Reader_2_8.csv
2601,0,0,0,Reader_2_9.csv
2601,5,5,0,reader_3_1.csv
2601,3,2,1,Reader_3_2.csv
2601,2,2,0,Reader_3_3.csv
2601,2,2,0,Reader_3_4.csv
2601,26,23,3,Reader_3_5.csv
2601,2,2,0,Reader_3_6.csv
2601,1,1,0,Reader_3_7.csv
2602,3,2,1,Reader_1_1.csv
2602,0,0,0,Reader_1_10.csv
2602,0,0,0,Reader_1_11.csv
2602,2,2,0,Reader_1_12.csv
2602,0,0,0,Reader_1_2.csv
2602,1,1,0,Reader_1_3.csv
2602,3,3,0,Reader_1_4.csv
2602,1,1,0,Reader_1_5.csv
2602,3,3,0,Reader_1_6.csv
2602,2,1,1,Reader_1_7.csv
2602,2,2,0,Reader_1_8.csv
2602,0,0,0,Reader_1_9.csv
2602,0,0,0,Reader_2_1.csv
2602,1,1,0,Reader_2_10.csv
2602,0,0,0,Reader_2_11.csv
2602,3,1,2,Reader_2_12.csv
2602,5,3,2,Reader_2_2.csv
2602,0,0,0,Reader_2_3.csv
2602,0,0,0,Reader_2_4.csv
2602,1,1,0,Reader_2_5.csv
2602,0,0,0,Reader_2_6.csv
2602,0,0,0,Reader_2_7.csv
2602,0,0,0,Reader_2_8.csv
2602,0,0,0,Reader_2_9.csv
2602,7,7,0,reader_3_1.csv
2602,4,2,2,Reader_3_2.csv
2602,2,2,0,Reader_3_3.csv
2602,2,2,0,Reader_3_4.csv
2602,26,23,3,Reader_3_5.csv
2602,2,2,0,Reader_3_6.csv
2602,2,2,0,Reader_3_7.csv
2603,3,2,1,Reader_1_1.csv
2603,0,0,0,Reader_1_10.csv
2603,0,0,0,Reader_1_11.csv
2603,1,1,0,Reader_1_12.csv
2603,0,0,0,Reader_1_2.csv
2603,2,2,0,Reader_1_3.csv
2603,3,3,0,Reader_1_4.csv
2603,1,1,0,Reader_1_5.csv
2603,1,1,0,Reader_1_6.csv
2603,2,1,1,Reader_1_7.csv
2603,2,2,0,Reader_1_8.csv
2603,0,0,0,Reader_1_9.csv
2603,0,0,0,Reader_2_1.csv
2603,0,0,0,Reader_2_10.csv
2603,0,0,0,Reader_2_11.csv
2603,2,1,1,Reader_2_12.csv
2603,3,2,1,Reader_2_2.csv
2603,0,0,0,Reader_2_3.csv
2603,0,0,0,Reader_2_4.csv
2603,1,1,0,Reader_2_5.csv
2603,1,1,0,Reader_2_6.csv
2603,0,0,0,Reader_2_7.csv
2603,0,0,0,Reader_2_8.csv
2603,0,0,0,Reader_2_9.csv
2603,5,5,0,reader_3_1.csv
2603,4,2,2,Reader_3_2.csv
2603,3,3,0,Reader_3_3.csv
2603,3,3,0,Reader_3_4.csv
2603,27,24,3,Reader_3_5.csv
2603,3,3,0,Reader_3_6.csv
2603,3,3,0,Reader_3_7.csv
2604,4,3,1,Reader_1_1.csv
2604,0,0,0,Reader_1_10.csv
2604,0,0,0,Reader_1_11.csv
2604,0,0,0,Reader_1_12.csv
2604,0,0,0,Reader_1_2.csv
2604,2,2,0,Reader_1_3.csv
2604,5,5,0,Reader_1_4.csv
2604,1,1,0,Reader_1_5.csv
2604,1,1,0,Reader_1_6.csv
2604,1,1,0,Reader_1_7.csv
2604,2,2,0,Reader_1_8.csv
2604,0,0,0,Reader_1_9.csv
2604,0,0,0,Reader_2_1.csv
2604,0,0,0,Reader_2_10.csv
2604,0,0,0,Reader_2_11.csv
2604,2,1,1,Reader_2_12.csv
2604,2,1,1,Reader_2_2.csv
2604,0,0,0,Reader_2_3.csv
2604,0,0,0,Reader_2_4.csv
2604,1,1,0,Reader_2_5.csv
2604,1,1,0,Reader_2_6.csv
2604,0,0,0,Reader_2_7.csv
2604,0,0,0,Reader_2_8.csv
2604,0,0,0,Reader_2_9.csv
2604,7,6,1,reader_3_1.csv
2604,3,1,2,Reader_3_2.csv
2604,6,5,1,Reader_3_3.csv
2604,6,5,1,Reader_3_4.csv
2604,24,23,1,Reader_3_5.csv
2604,3,3,0,Reader_3_6.csv
2604,3,3,0,Reader_3_7.csv
2605,3,2,1,Reader_1_1.csv
2605,0,0,0,Reader_1_10.csv
2605,0,0,0,Reader_1_11.csv
2605,0,0,0,Reader_1_12.csv
2605,0,0,0,Reader_1_2.csv
2605,2,2,0,Reader_1_3.csv
2605,5,5,0,Reader_1_4.csv
2605,1,1,0,Reader_1_5.csv
2605,2,1,1,Reader_1_6.csv
2605,2,2,0,Reader_1_7.csv
2605,2,2,0,Reader_1_8.csv
2605,0,0,0,Reader_1_9.csv
2605,0,0,0,Reader_2_1.csv
2605,1,1,0,Reader_2_10.csv
2605,0,0,0,Reader_2_11.csv
2605,0,0,0,Reader_2_12.csv
2605,2,1,1,Reader_2_2.csv
2605,0,0,0,Reader_2_3.csv
2605,0,0,0,Reader_2_4.csv
2605,0,0,0,Reader_2_5.csv
2605,1,1,0,Reader_2_6.csv
2605,0,0,0,Reader_2_7.csv
2605,0,0,0,Reader_2_8.csv
2605,0,0,0,Reader_2_9.csv
2605,7,6,1,reader_3_1.csv
2605,2,0,2,Reader_3_2.csv
2605,7,6,1,Reader_3_3.csv
2605,7,6,1,Reader_3_4.csv
2605,21,20,1,Reader_3_5.csv
2605,3,3,0,Reader_3_6.csv
2605,2,2,0,Reader_3_7.csv
2606,2,2,0,Reader_1_1.csv
2606,0,0,0,Reader_1_10.csv
2606,0,0,0,Reader_1_11.csv
2606,0,0,0,Reader_1_12.csv
2606,0,0,0,Reader_1_2.csv
2606,2,2,0,Reader_1_3.csv
2606,4,4,0,Reader_1_4.csv
2606,1,1,0,Reader_1_5.csv
2606,2,1,1,Reader_1_6.csv
2606,3,3,0,Reader_1_7.csv
2606,2,2,0,Reader_1_8.csv
2606,0,0,0,Reader_1_9.csv
2606,0,0,0,Reader_2_1.csv
2606,1,1,0,Reader_2_10.csv
2606,0,0,0,Reader_2_11.csv
2606,0,0,0,Reader_2_12.csv
2606,1,1,0,Reader_2_2.csv
2606,0,0,0,Reader_2_3.csv
2606,0,0,0,Reader_2_4.csv
2606,0,0,0,Reader_2_5.csv
2606,1,1,0,Reader_2_6.csv
2606,0,0,0,Reader_2_7.csv
2606,0,0,0,Reader_2_8.csv
2606,0,0,0,Reader_2_9.csv
2606,10,7,3,reader_3_1.csv
2606,2,0,2,Reader_3_2.csv
2606,9,8,1,Reader_3_3.csv
2606,9,8,1,Reader_3_4.csv
2606,22,21,1,Reader_3_5.csv
2606,3,3,0,Reader_3_6.csv
2606,2,2,0,Reader_3_7.csv
2607,2,2,0,Reader_1_1.csv
2607,0,0,0,Reader_1_10.csv
2607,0,0,0,Reader_1_11.csv
2607,0,0,0,Reader_1_12.csv
2607,1,1,0,Reader_1_2.csv
2607,1,1,0,Reader_1_3.csv
2607,4,4,0,Reader_1_4.csv
2607,2,2,0,Reader_1_5.csv
2607,3,2,1,Reader_1_6.csv
2607,3,3,0,Reader_1_7.csv
2607,2,2,0,Reader_1_8.csv
2607,0,0,0,Reader_1_9.csv
2607,0,0,0,Reader_2_1.csv
2607,1,1,0,Reader_2_10.csv
2607,0,0,0,Reader_2_11.csv
2607,0,0,0,Reader_2_12.csv
2607,1,1,0,Reader_2_2.csv
2607,0,0,0,Reader_2_3.csv
2607,0,0,0,Reader_2_4.csv
2607,0,0,0,Reader_2_5.csv
2607,1,1,0,Reader_2_6.csv
2607,0,0,0,Reader_2_7.csv
2607,0,0,0,Reader_2_8.csv
2607,0,0,0,Reader_2_9.csv
2607,11,8,3,reader_3_1.csv
2607,3,0,3,Reader_3_2.csv
2607,12,11,1,Reader_3_3.csv
2607,12,11,1,Reader_3_4.csv
2607,19,18,1,Reader_3_5.csv
2607,3,3,0,Reader_3_6.csv
2607,2,2,0,Reader_3_7.csv
2608,2,2,0,Reader_1_1.csv
2608,0,0,0,Reader_1_10.csv
2608,0,0,0,Reader_1_11.csv
2608,0,0,0,Reader_1_12.csv
2608,1,1,0,Reader_1_2.csv
2608,1,1,0,Reader_1_3.csv
2608,4,4,0,Reader_1_4.csv
2608,2,2,0,Reader_1_5.csv
2608,3,2,1,Reader_1_6.csv
2608,3,3,0,Reader_1_7.csv
2608,1,1,0,Reader_1_8.csv
2608,0,0,0,Reader_1_9.csv
2608,0,0,0,Reader_2_1.csv
2608,1,1,0,Reader_2_10.csv
2608,0,0,0,Reader_2_11.csv
2608,0,0,0,Reader_2_12.csv
2608,1,1,0,Reader_2_2.csv
2608,0,0,0,Reader_2_3.csv
2608,0,0,0,Reader_2_4.csv
2608,0,0,0,Reader_2_5.csv
2608,1,1,0,Reader_2_6.csv
2608,0,0,0,Reader_2_7.csv
2608,0,0,0,Reader_2_8.csv
2608,0,0,0,Reader_2_9.csv
2608,10,7,3,reader_3_1.csv
2608,3,0,3,Reader_3_2.csv
2608,11,10,1,Reader_3_3.csv
2608,11,10,1,Reader_3_4.csv
2608,15,14,1,Reader_3_5.csv
2608,4,4,0,Reader_3_6.csv
2608,2,2,0,Reader_3_7.csv
2609,2,2,0,Reader_1_1.csv
2609,0,0,0,Reader_1_10.csv
2609,0,0,0,Reader_1_11.csv
2609,0,0,0,Reader_1_12.csv
2609,1,1,0,Reader_1_2.csv
2609,1,1,0,Reader_1_3.csv
2609,4,4,0,Reader_1_4.csv
2609,2,2,0,Reader_1_5.csv
2609,3,2,1,Reader_1_6.csv
2609,3,3,0,Reader_1_7.csv
2609,1,1,0,Reader_1_8.csv
2609,0,0,0,Reader_1_9.csv
2609,0,0,0,Reader_2_1.csv
2609,1,1,0,Reader_2_10.csv
2609,0,0,0,Reader_2_11.csv
2609,0,0,0,Reader_2_12.csv
2609,0,0,0,Reader_2_2.csv
2609,0,0,0,Reader_2_3.csv
2609,0,0,0,Reader_2_4.csv
2609,0,0,0,Reader_2_5.csv
2609,1,1,0,Reader_2_6.csv
2609,0,0,0,Reader_2_7.csv
2609,0,0,0,Reader_2_8.csv
2609,0,0,0,Reader_2_9.csv
2609,12,9,3,reader_3_1.csv
2609,2,0,2,Reader_3_2.csv
2609,14,12,2,Reader_3_3.csv
2609,14,12,2,Reader_3_4.csv
2609,14,14,0,Reader_3_5.csv
2609,2,2,0,Reader_3_6.csv
2609,2,2,0,Reader_3_7.csv
2610,2,2,0,Reader_1_1.csv
2610,0,0,0,Reader_1_10.csv
2610,0,0,0,Reader_1_11.csv
2610,0,0,0,Reader_1_12.csv
2610,1,1,0,Reader_1_2.csv
2610,4,4,0,Reader_1_3.csv
2610,4,4,0,Reader_1_4.csv
2610,1,1,0,Reader_1_5.csv
2610,3,2,1,Reader_1_6.csv
2610,3,3,0,Reader_1_7.csv
2610,1,1,0,Reader_1_8.csv
2610,0,0,0,Reader_1_9.csv
2610,0,0,0,Reader_2_1.csv
2610,1,1,0,Reader_2_10.csv
2610,0,0,0,Reader_2_11.csv
2610,0,0,0,Reader_2_12.csv
2610,0,0,0,Reader_2_2.csv
2610,0,0,0,Reader_2_3.csv
2610,0,0,0,Reader_2_4.csv
2610,0,0,0,Reader_2_5.csv
2610,1,1,0,Reader_2_6.csv
2610,0,0,0,Reader_2_7.csv
2610,0,0,0,Reader_2_8.csv
2610,0,0,0,Reader_2_9.csv
2610,10,7,3,reader_3_1.csv
2610,2,1,1,Reader_3_2.csv
2610,14,12,2,Reader_3_3.csv
2610,14,12,2,Reader_3_4.csv
2610,14,14,0,Reader_3_5.csv
2610,2,2,0,Reader_3_6.csv
2610,1,1,0,Reader_3_7.csv
2611,2,2,0,Reader_1_1.csv
2611,0,0,0,Reader_1_10.csv
2611,1,1,0,Reader_1_11.csv
2611,0,0,0,Reader_1_12.csv
2611,1,1,0,Reader_1_2.csv
2611,3,3,0,Reader_1_3.csv
2611,4,4,0,Reader_1_4.csv
2611,2,2,0,Reader_1_5.csv
2611,3,2,1,Reader_1_6.csv
2611,3,3,0,Reader_1_7.csv
2611,1,1,0,Reader_1_8.csv
2611,0,0,0,Reader_1_9.csv
2611,0,0,0,Reader_2_1.csv
2611,1,1,0,Reader_2_10.csv
2611,0,0,0,Reader_2_11.csv
2611,0,0,0,Reader_2_12.csv
2611,0,0,0,Reader_2_2.csv
2611,0,0,0,Reader_2_3.csv
2611,0,0,0,Reader_2_4.csv
2611,0,0,0,Reader_2_5.csv
2611,1,0,1,Reader_2_6.csv
2611,0,0,0,Reader_2_7.csv
2611,0,0,0,Reader_2_8.csv
2611,0,0,0,Reader_2_9.csv
2611,9,6,3,reader_3_1.csv
2611,4,3,1,Reader_3_2.csv
2611,14,12,2,Reader_3_3.csv
2611,14,12,2,Reader_3_4.csv
2611,11,11,0,Reader_3_5.csv
2611,1,1,0,Reader_3_6.csv
2611,0,0,0,Reader_3_7.csv
2612,1,1,0,Reader_1_1.csv
2612,0,0,0,Reader_1_10.csv
2612,1,1,0,Reader_1_11.csv
2612,0,0,0,Reader_1_12.csv
2612,1,1,0,Reader_1_2.csv
2612,3,3,0,Reader_1_3.csv
2612,3,3,0,Reader_1_4.csv
2612,3,3,0,Reader_1_5.csv
2612,3,2,1,Reader_1_6.csv
2612,3,3,0,Reader_1_7.csv
2612,2,2,0,Reader_1_8.csv
2612,0,0,0,Reader_1_9.csv
2612,0,0,0,Reader_2_1.csv
2612,1,1,0,Reader_2_10.csv
2612,0,0,0,Reader_2_11.csv
2612,1,1,0,Reader_2_12.csv
2612,0,0,0,Reader_2_2.csv
2612,0,0,0,Reader_2_3.csv
2612,0,0,0,Reader_2_4.csv
2612,0,0,0,Reader_2_5.csv
2612,1,0,1,Reader_2_6.csv
2612,0,0,0,Reader_2_7.csv
2612,0,0,0,Reader_2_8.csv
2612,1,1,0,Reader_2_9.csv
2612,10,7,3,reader_3_1.csv
2612,4,3,1,Reader_3_2.csv
2612,11,10,1,Reader_3_3.csv
2612,11,10,1,Reader_3_4.csv
2612,10,10,0,Reader_3_5.csv
2612,2,2,0,Reader_3_6.csv
2612,0,0,0,Reader_3_7.csv
2613,1,1,0,Reader_1_1.csv
2613,0,0,0,Reader_1_10.csv
2613,1,1,0,Reader_1_11.csv
2613,0,0,0,Reader_1_12.csv
2613,1,1,0,Reader_1_2.csv
2613,3,3,0,Reader_1_3.csv
2613,2,2,0,Reader_1_4.csv
2613,4,4,0,Reader_1_5.csv
2613,2,2,0,Reader_1_6.csv
2613,2,2,0,Reader_1_7.csv
2613,2,2,0,Reader_1_8.csv
2613,0,0,0,Reader_1_9.csv
2613,0,0,0,Reader_2_1.csv
2613,0,0,0,Reader_2_10.csv
2613,0,0,0,Reader_2_11.csv
2613,2,2,0,Reader_2_12.csv
2613,0,0,0,Reader_2_2.csv
2613,0,0,0,Reader_2_3.csv
2613,0,0,0,Reader_2_4.csv
2613,0,0,0,Reader_2_5.csv
2613,1,0,1,Reader_2_6.csv
2613,0,0,0,Reader_2_7.csv
2613,0,0,0,Reader_2_8.csv
2613,1,1,0,Reader_2_9.csv
2613,9,6,3,reader_3_1.csv
2613,5,4,1,Reader_3_2.csv
2613,11,10,1,Reader_3_3.csv
2613,11,10,1,Reader_3_4.csv
2613,9,9,0,Reader_3_5.csv
2613,2,2,0,Reader_3_6.csv
2613,1,1,0,Reader_3_7.csv
2614,1,1,0,Reader_1_1.csv
2614,0,0,0,Reader_1_10.csv
2614,1,1,0,Reader_1_11.csv
2614,0,0,0,Reader_1_12.csv
2614,1,1,0,Reader_1_2.csv
2614,3,3,0,Reader_1_3.csv
2614,2,2,0,Reader_1_4.csv
2614,4,4,0,Reader_1_5.csv
2614,2,2,0,Reader_1_6.csv
2614,1,1,0,Reader_1_7.csv
2614,2,2,0,Reader_1_8.csv
2614,0,0,0,Reader_1_9.csv
2614,0,0,0,Reader_2_1.csv
2614,0,0,0,Reader_2_10.csv
2614,0,0,0,Reader_2_11.csv
2614,2,2,0,Reader_2_12.csv
2614,0,0,0,Reader_2_2.csv
2614,0,0,0,Reader_2_3.csv
2614,0,0,0,Reader_2_4.csv
2614,0,0,0,Reader_2_5.csv
2614,1,0,1,Reader_2_6.csv
2614,0,0,0,Reader_2_7.csv
2614,0,0,0,Reader_2_8.csv
2614,1,1,0,Reader_2_9.csv
2614,7,6,1,reader_3_1.csv
2614,5,4,1,Reader_3_2.csv
2614,10,9,1,Reader_3_3.csv
2614,10,9,1,Reader_3_4.csv
2614,7,7,0,Reader_3_5.csv
2614,2,2,0,Reader_3_6.csv
2614,1,1,0,Reader_3_7.csv
2615,1,1,0,Reader_1_1.csv
2615,0,0,0,Reader_1_10.csv
2615,1,1,0,Reader_1_11.csv
2615,0,0,0,Reader_1_12.csv
2615,0,0,0,Reader_1_2.csv
2615,3,3,0,Reader_1_3.csv
2615,1,1,0,Reader_1_4.csv
2615,4,4,0,Reader_1_5.csv
2615,0,0,0,Reader_1_6.csv
2615,1,1,0,Reader_1_7.csv
2615,2,2,0,Reader_1_8.csv
2615,0,0,0,Reader_1_9.csv
2615,0,0,0,Reader_2_1.csv
2615,0,0,0,Reader_2_10.csv
2615,0,0,0,Reader_2_11.csv
2615,2,2,0,Reader_2_12.csv
2615,0,0,0,Reader_2_2.csv
2615,0,0,0,Reader_2_3.csv
2615,0,0,0,Reader_2_4.csv
2615,0,0,0,Reader_2_5.csv
2615,1,0,1,Reader_2_6.csv
2615,0,0,0,Reader_2_7.csv
2615,0,0,0,Reader_2_8.csv
2615,1,1,0,Reader_2_9.csv
2615,9,8,1,reader_3_1.csv
2615,5,5,0,Reader_3_2.csv
2615,8,7,1,Reader_3_3.csv
2615,8,7,1,Reader_3_4.csv
2615,6,6,0,Reader_3_5.csv
2615,2,2,0,Reader_3_6.csv
2615,1,1,0,Reader_3_7.csv
2616,2,2,0,Reader_1_1.csv
2616,0,0,0,Reader_1_10.csv
2616,1,1,0,Reader_1_11.csv
2616,0,0,0,Reader_1_12.csv
2616,0,0,0,Reader_1_2.csv
2616,3,3,0,Reader_1_3.csv
2616,1,1,0,Reader_1_4.csv
2616,4,4,0,Reader_1_5.csv
2616,0,0,0,Reader_1_6.csv
2616,1,1,0,Reader_1_7.csv
2616,2,2,0,Reader_1_8.csv
2616,0,0,0,Reader_1_9.csv
2616,0,0,0,Reader_2_1.csv
2616,0,0,0,Reader_2_10.csv
2616,0,0,0,Reader_2_11.csv
2616,4,4,0,Reader_2_12.csv
2616,0,0,0,Reader_2_2.csv
2616,0,0,0,Reader_2_3.csv
2616,0,0,0,Reader_2_4.csv
2616,0,0,0,Reader_2_5.csv
2616,1,0,1,Reader_2_6.csv
2616,0,0,0,Reader_2_7.csv
2616,0,0,0,Reader_2_8.csv
2616,1,1,0,Reader_2_9.csv
2616,9,8,1,reader_3_1.csv
2616,5,5,0,Reader_3_2.csv
2616,11,10,1,Reader_3_3.csv
2616,11,10,1,Reader_3_4.csv
2616,4,4,0,Reader_3_5.csv
2616,1,1,0,Reader_3_6.csv
2616,1,1,0,Reader_3_7.csv
2617,1,1,0,Reader_1_1.csv
2617,0,0,0,Reader_1_10.csv
2617,1,1,0,Reader_1_11.csv
2617,0,0,0,Reader_1_12.csv
2617,0,0,0,Reader_1_2.csv
2617,4,4,0,Reader_1_3.csv
2617,1,1,0,Reader_1_4.csv
2617,4,4,0,Reader_1_5.csv
2617,0,0,0,Reader_1_6.csv
2617,0,0,0,Reader_1_7.csv
2617,1,1,0,Reader_1_8.csv
2617,0,0,0,Reader_1_9.csv
2617,0,0,0,Reader_2_1.csv
2617,0,0,0,Reader_2_10.csv
2617,0,0,0,Reader_2_11.csv
2617,4,4,0,Reader_2_12.csv
2617,1,1,0,Reader_2_2.csv
2617,0,0,0,Reader_2_3.csv
2617,0,0,0,Reader_2_4.csv
2617,0,0,0,Reader_2_5.csv
2617,1,0,1,Reader_2_6.csv
2617,0,0,0,Reader_2_7.csv
2617,0,0,0,Reader_2_8.csv
2617,1,1,0,Reader_2_9.csv
2617,7,6,1,reader_3_1.csv
2617,5,5,0,Reader_3_2.csv
2617,8,7,1,Reader_3_3.csv
2617,8,7,1,Reader_3_4.csv
2617,2,2,0,Reader_3_5.csv
2617,1,1,0,Reader_3_6.csv
2617,1,1,0,Reader_3_7.csv
2618,1,1,0,Reader_1_1.csv
2618,0,0,0,Reader_1_10.csv
2618,1,1,0,Reader_1_11.csv
2618,0,0,0,Reader_1_12.csv
2618,0,0,0,Reader_1_2.csv
2618,1,1,0,Reader_1_3.csv
2618,1,1,0,Reader_1_4.csv
2618,4,4,0,Reader_1_5.csv
2618,0,0,0,Reader_1_6.csv
2618,0,0,0,Reader_1_7.csv
2618,1,1,0,Reader_1_8.csv
2618,0,0,0,Reader_1_9.csv
2618,0,0,0,Reader_2_1.csv
2618,0,0,0,Reader_2_10.csv
2618,0,0,0,Reader_2_11.csv
2618,5,5,0,Reader_2_12.csv
2618,1,1,0,Reader_2_2.csv
2618,0,0,0,Reader_2_3.csv
2618,0,0,0,Reader_2_4.csv
2618,0,0,0,Reader_2_5.csv
2618,2,1,1,Reader_2_6.csv
2618,0,0,0,Reader_2_7.csv
2618,0,0,0,Reader_2_8.csv
2618,1,1,0,Reader_2_9.csv
2618,7,6,1,reader_3_1.csv
2618,4,4,0,Reader_3_2.csv
2618,9,7,2,Reader_3_3.csv
2618,9,7,2,Reader_3_4.csv
2618,1,1,0,Reader_3_5.csv
2618,1,1,0,Reader_3_6.csv
2618,1,1,0,Reader_3_7.csv
2619,1,1,0,Reader_1_1.csv
2619,0,0,0,Reader_1_10.csv
2619,0,0,0,Reader_1_11.csv
2619,0,0,0,Reader_1_12.csv
2619,0,0,0,Reader_1_2.csv
2619,1,1,0,Reader_1_3.csv
2619,1,1,0,Reader_1_4.csv
2619,3,3,0,Reader_1_5.csv
2619,0,0,0,Reader_1_6.csv
2619,0,0,0,Reader_1_7.csv
2619,1,1,0,Reader_1_8.csv
2619,0,0,0,Reader_1_9.csv
2619,0,0,0,Reader_2_1.csv
2619,0,0,0,Reader_2_10.csv
2619,0,0,0,Reader_2_11.csv
2619,8,7,1,Reader_2_12.csv
2619,1,1,0,Reader_2_2.csv
2619,0,0,0,Reader_2_3.csv
2619,0,0,0,Reader_2_4.csv
2619,0,0,0,Reader_2_5.csv
2619,1,1,0,Reader_2_6.csv
2619,0,0,0,Reader_2_7.csv
2619,0,0,0,Reader_2_8.csv
2619,1,1,0,Reader_2_9.csv
2619,7,6,1,reader_3_1.csv
2619,4,3,1,Reader_3_2.csv
2619,10,7,3,Reader_3_3.csv
2619,10,7,3,Reader_3_4.csv
2619,1,1,0,Reader_3_5.csv
2619,1,1,0,Reader_3_6.csv
2619,1,1,0,Reader_3_7.csv
2620,1,1,0,Reader_1_1.csv
2620,0,0,0,Reader_1_10.csv
2620,0,0,0,Reader_1_11.csv
2620,0,0,0,Reader_1_12.csv
2620,3,2,1,Reader_1_2.csv
2620,1,1,0,Reader_1_3.csv
2620,0,0,0,Reader_1_4.csv
2620,3,3,0,Reader_1_5.csv
2620,0,0,0,Reader_1_6.csv
2620,0,0,0,Reader_1_7.csv
2620,0,0,0,Reader_1_8.csv
2620,0,0,0,Reader_1_9.csv
2620,1,1,0,Reader_2_1.csv
2620,0,0,0,Reader_2_10.csv
2620,0,0,0,Reader_2_11.csv
2620,8,7,1,Reader_2_12.csv
2620,1,1,0,Reader_2_2.csv
2620,0,0,0,Reader_2_3.csv
2620,0,0,0,Reader_2_4.csv
2620,0,0,0,Reader_2_5.csv
2620,1,1,0,Reader_2_6.csv
2620,0,0,0,Reader_2_7.csv
2620,0,0,0,Reader_2_8.csv
2620,0,0,0,Reader_2_9.csv
2620,5,5,0,reader_3_1.csv
2620,4,3,1,Reader_3_2.csv
2620,12,9,3,Reader_3_3.csv
2620,12,9,3,Reader_3_4.csv
2620,1,1,0,Reader_3_5.csv
2620,0,0,0,Reader_3_6.csv
2620,1,1,0,Reader_3_7.csv
2621,1,1,0,Reader_1_1.csv
2621,0,0,0,Reader_1_10.csv
2621,0,0,0,Reader_1_11.csv
2621,1,1,0,Reader_1_12.csv
2621,3,2,1,Reader_1_2.csv
2621,1,1,0,Reader_1_3.csv
2621,0,0,0,Reader_1_4.csv
2621,3,3,0,Reader_1_5.csv
2621,0,0,0,Reader_1_6.csv
2621,0,0,0,Reader_1_7.csv
2621,0,0,0,Reader_1_8.csv
2621,0,0,0,Reader_1_9.csv
2621,1,1,0,Reader_2_1.csv
2621,0,0,0,Reader_2_10.csv
2621,0,0,0,Reader_2_11.csv
2621,7,6,1,Reader_2_12.csv
2621,1,1,0,Reader_2_2.csv
2621,0,0,0,Reader_2_3.csv
2621,0,0,0,Reader_2_4.csv
2621,0,0,0,Reader_2_5.csv
2621,1,1,0,Reader_2_6.csv
2621,0,0,0,Reader_2_7.csv
2621,0,0,0,Reader_2_8.csv
2621,0,0,0,Reader_2_9.csv
2621,7,6,1,reader_3_1.csv
2621,5,3,2,Reader_3_2.csv
2621,12,9,3,Reader_3_3.csv
2621,12,9,3,Reader_3_4.csv
2621,1,0,1,Reader_3_5.csv
2621,1,1,0,Reader_3_6.csv
2621,0,0,0,Reader_3_7.csv
2622,1,1,0,Reader_1_1.csv
2622,0,0,0,Reader_1_10.csv
2622,0,0,0,Reader_1_11.csv
2622,1,1,0,Reader_1_12.csv
2622,3,2,1,Reader_1_2.csv
2622,1,1,0,Reader_1_3.csv
2622,1,0,1,Reader_1_4.csv
2622,3,3,0,Reader_1_5.csv
2622,0,0,0,Reader_1_6.csv
2622,0,0,0,Reader_1_7.csv
2622,0,0,0,Reader_1_8.csv
2622,0,0,0,Reader_1_9.csv
2622,1,1,0,Reader_2_1.csv
2622,0,0,0,Reader_2_10.csv
2622,0,0,0,Reader_2_11.csv
2622,8,7,1,Reader_2_12.csv
2622,1,1,0,Reader_2_2.csv
2622,0,0,0,Reader_2_3.csv
2622,0,0,0,Reader_2_4.csv
2622,0,0,0,Reader_2_5.csv
2622,1,1,0,Reader_2_6.csv
2622,0,0,0,Reader_2_7.csv
2622,0,0,0,Reader_2_8.csv
2622,0,0,0,Reader_2_9.csv
2622,7,6,1,reader_3_1.csv
2622,6,4,2,Reader_3_2.csv
2622,12,9,3,Reader_3_3.csv
2622,12,9,3,Reader_3_4.csv
2622,1,0,1,Reader_3_5.csv
2622,2,2,0,Reader_3_6.csv
2622,0,0,0,Reader_3_7.csv
2623,2,2,0,Reader_1_1.csv
2623,0,0,0,Reader_1_10.csv
2623,0,0,0,Reader_1_11.csv
2623,1,1,0,Reader_1_12.csv
2623,3,2,1,Reader_1_2.csv
2623,1,1,0,Reader_1_3.csv
2623,1,0,1,Reader_1_4.csv
2623,3,3,0,Reader_1_5.csv
2623,0,0,0,Reader_1_6.csv
2623,0,0,0,Reader_1_7.csv
2623,0,0,0,Reader_1_8.csv
2623,0,0,0,Reader_1_9.csv
2623,1,1,0,Reader_2_1.csv
2623,0,0,0,Reader_2_10.csv
2623,0,0,0,Reader_2_11.csv
2623,8,7,1,Reader_2_12.csv
2623,1,1,0,Reader_2_2.csv
2623,0,0,0,Reader_2_3.csv
2623,0,0,0,Reader_2_4.csv
2623,0,0,0,Reader_2_5.csv
2623,1,1,0,Reader_2_6.csv
2623,0,0,0,Reader_2_7.csv
2623,0,0,0,Reader_2_8.csv
2623,0,0,0,Reader_2_9.csv
2623,5,4,1,reader_3_1.csv
2623,5,3,2,Reader_3_2.csv
2623,11,8,3,Reader_3_3.csv
2623,11,8,3,Reader_3_4.csv
2623,2,1,1,Reader_3_5.csv
2623,2,2,0,Reader_3_6.csv
2623,2,2,0,Reader_3_7.csv
2624,3,3,0,Reader_1_1.csv
2624,0,0,0,Reader_1_10.csv
2624,0,0,0,Reader_1_11.csv
2624,1,1,0,Reader_1_12.csv
2624,3,2,1,Reader_1_2.csv
2624,1,1,0,Reader_1_3.csv
2624,1,0,1,Reader_1_4.csv
2624,3,3,0,Reader_1_5.csv
2624,1,1,0,Reader_1_6.csv
2624,0,0,0,Reader_1_7.csv
2624,1,1,0,Reader_1_8.csv
2624,0,0,0,Reader_1_9.csv
2624,1,1,0,Reader_2_1.csv
2624,0,0,0,Reader_2_10.csv
2624,0,0,0,Reader_2_11.csv
2624,7,6,1,Reader_2_12.csv
2624,1,1,0,Reader_2_2.csv
2624,0,0,0,Reader_2_3.csv
2624,0,0,0,Reader_2_4.csv
2624,0,0,0,Reader_2_5.csv
2624,1,1,0,Reader_2_6.csv
2624,0,0,0,Reader_2_7.csv
2624,1,1,0,Reader_2_8.csv
2624,0,0,0,Reader_2_9.csv
2624,5,4,1,reader_3_1.csv
2624,5,3,2,Reader_3_2.csv
2624,8,5,3,Reader_3_3.csv
2624,8,5,3,Reader_3_4.csv
2624,3,2,1,Reader_3_5.csv
2624,2,2,0,Reader_3_6.csv
2624,2,2,0,Reader_3_7.csv
2625,3,3,0,Reader_1_1.csv
2625,0,0,0,Reader_1_10.csv
2625,0,0,0,Reader_1_11.csv
2625,1,1,0,Reader_1_12.csv
2625,3,2,1,Reader_1_2.csv
2625,0,0,0,Reader_1_3.csv
2625,1,0,1,Reader_1_4.csv
2625,3,3,0,Reader_1_5.csv
2625,1,1,0,Reader_1_6.csv
2625,1,1,0,Reader_1_7.csv
2625,1,1,0,Reader_1_8.csv
2625,0,0,0,Reader_1_9.csv
2625,1,1,0,Reader_2_1.csv
2625,1,0,1,Reader_2_10.csv
2625,0,0,0,Reader_2_11.csv
2625,8,7,1,Reader_2_12.csv
2625,0,0,0,Reader_2_2.csv
2625,0,0,0,Reader_2_3.csv
2625,1,1,0,Reader_2_4.csv
2625,0,0,0,Reader_2_5.csv
2625,1,1,0,Reader_2_6.csv
2625,0,0,0,Reader_2_7.csv
2625,1,1,0,Reader_2_8.csv
2625,0,0,0,Reader_2_9.csv
2625,6,5,1,reader_3_1.csv
2625,5,3,2,Reader_3_2.csv
2625,7,5,2,Reader_3_3.csv
2625,7,5,2,Reader_3_4.csv
2625,4,3,1,Reader_3_5.csv
2625,2,2,0,Reader_3_6.csv
2625,2,2,0,Reader_3_7.csv
2626,4,4,0,Reader_1_1.csv
2626,0,0,0,Reader_1_10.csv
2626,0,0,0,Reader_1_11.csv
2626,1,1,0,Reader_1_12.csv
2626,5,4,1,Reader_1_2.csv
2626,0,0,0,Reader_1_3.csv
2626,1,0,1,Reader_1_4.csv
2626,3,3,0,Reader_1_5.csv
2626,1,1,0,Reader_1_6.csv
2626,1,1,0,Reader_1_7.csv
2626,1,1,0,Reader_1_8.csv
2626,0,0,0,Reader_1_9.csv
2626,1,1,0,Reader_2_1.csv
2626,1,0,1,Reader_2_10.csv
2626,0,0,0,Reader_2_11.csv
2626,7,6,1,Reader_2_12.csv
2626,0,0,0,Reader_2_2.csv
2626,1,1,0,Reader_2_3.csv
2626,1,1,0,Reader_2_4.csv
2626,0,0,0,Reader_2_5.csv
2626,0,0,0,Reader_2_6.csv
2626,0,0,0,Reader_2_7.csv
2626,1,1,0,Reader_2_8.csv
2626,0,0,0,Reader_2_9.csv
2626,7,6,1,reader_3_1.csv
2626,6,3,3,Reader_3_2.csv
2626,6,5,1,Reader_3_3.csv
2626,6,5,1,Reader_3_4.csv
2626,4,3,1,Reader_3_5.csv
2626,2,2,0,Reader_3_6.csv
2626,4,4,0,Reader_3_7.csv
2627,6,5,1,Reader_1_1.csv
2627,0,0,0,Reader_1_10.csv
2627,0,0,0,Reader_1_11.csv
2627,1,1,0,Reader_1_12.csv
2627,6,5,1,Reader_1_2.csv
2627,0,0,0,Reader_1_3.csv
2627,1,0,1,Reader_1_4.csv
2627,3,3,0,Reader_1_5.csv
2627,1,1,0,Reader_1_6.csv
2627,2,1,1,Reader_1_7.csv
2627,1,1,0,Reader_1_8.csv
2627,0,0,0,Reader_1_9.csv
2627,1,1,0,Reader_2_1.csv
2627,2,1,1,Reader_2_10.csv
2627,0,0,0,Reader_2_11.csv
2627,7,6,1,Reader_2_12.csv
2627,0,0,0,Reader_2_2.csv
2627,2,1,1,Reader_2_3.csv
2627,1,1,0,Reader_2_4.csv
2627,0,0,0,Reader_2_5.csv
2627,0,0,0,Reader_2_6.csv
2627,0,0,0,Reader_2_7.csv
2627,1,1,0,Reader_2_8.csv
2627,0,0,0,Reader_2_9.csv
2627,8,7,1,reader_3_1.csv
2627,5,3,2,Reader_3_2.csv
2627,4,4,0,Reader_3_3.csv
2627,4,4,0,Reader_3_4.csv
2627,4,3,1,Reader_3_5.csv
2627,2,2,0,Reader_3_6.csv
2627,4,4,0,Reader_3_7.csv
2628,6,5,1,Reader_1_1.csv
2628,1,1,0,Reader_1_10.csv
2628,0,0,0,Reader_1_11.csv
2628,1,1,0,Reader_1_12.csv
2628,3,3,0,Reader_1_2.csv
2628,1,1,0,Reader_1_3.csv
2628,2,1,1,Reader_1_4.csv
2628,2,2,0,Reader_1_5.csv
2628,1,1,0,Reader_1_6.csv
2628,2,1,1,Reader_1_7.csv
2628,1,1,0,Reader_1_8.csv
2628,0,0,0,Reader_1_9.csv
2628,0,0,0,Reader_2_1.csv
2628,2,1,1,Reader_2_10.csv
2628,0,0,0,Reader_2_11.csv
2628,7,6,1,Reader_2_12.csv
2628,0,0,0,Reader_2_2.csv
2628,2,1,1,Reader_2_3.csv
2628,1,1,0,Reader_2_4.csv
2628,0,0,0,Reader_2_5.csv
2628,0,0,0,Reader_2_6.csv
2628,0,0,0,Reader_2_7.csv
2628,1,1,0,Reader_2_8.csv
2628,0,0,0,Reader_2_9.csv
2628,10,8,2,reader_3_1.csv
2628,5,3,2,Reader_3_2.csv
2628,2,2,0,Reader_3_3.csv
2628,2,2,0,Reader_3_4.csv
2628,5,4,1,Reader_3_5.csv
2628,2,2,0,Reader_3_6.csv
2628,4,4,0,Reader_3_7.csv
2629,6,5,1,Reader_1_1.csv
2629,1,1,0,Reader_1_10.csv
2629,0,0,0,Reader_1_11.csv
2629,0,0,0,Reader_1_12.csv
2629,3,3,0,Reader_1_2.csv
2629,1,1,0,Reader_1_3.csv
2629,2,1,1,Reader_1_4.csv
2629,1,1,0,Reader_1_5.csv
2629,1,1,0,Reader_1_6.csv
2629,2,1,1,Reader_1_7.csv
2629,1,1,0,Reader_1_8.csv
2629,0,0,0,Reader_1_9.csv
2629,0,0,0,Reader_2_1.csv
2629,2,1,1,Reader_2_10.csv
2629,0,0,0,Reader_2_11.csv
2629,9,8,1,Reader_2_12.csv
2629,0,0,0,Reader_2_2.csv
2629,2,1,1,Reader_2_3.csv
2629,1,1,0,Reader_2_4.csv
2629,0,0,0,Reader_2_5.csv
2629,0,0,0,Reader_2_6.csv
2629,0,0,0,Reader_2_7.csv
2629,1,1,0,Reader_2_8.csv
2629,0,0,0,Reader_2_9.csv
2629,8,7,1,reader_3_1.csv
2629,5,4,1,Reader_3_2.csv
2629,2,2,0,Reader_3_3.csv
2629,2,2,0,Reader_3_4.csv
2629,5,5,0,Reader_3_5.csv
2629,1,1,0,Reader_3_6.csv
2629,4,4,0,Reader_3_7.csv
2630,7,6,1,Reader_1_1.csv
2630,1,1,0,Reader_1_10.csv
2630,0,0,0,Reader_1_11.csv
2630,0,0,0,Reader_1_12.csv
2630,4,4,0,Reader_1_2.csv
2630,1,1,0,Reader_1_3.csv
2630,1,1,0,Reader_1_4.csv
2630,1,1,0,Reader_1_5.csv
2630,2,2,0,Reader_1_6.csv
2630,2,1,1,Reader_1_7.csv
2630,1,1,0,Reader_1_8.csv
2630,0,0,0,Reader_1_9.csv
2630,0,0,0,Reader_2_1.csv
2630,2,1,1,Reader_2_10.csv
2630,0,0,0,Reader_2_11.csv
2630,8,7,1,Reader_2_12.csv
2630,0,0,0,Reader_2_2.csv
2630,2,1,1,Reader_2_3.csv
2630,1,1,0,Reader_2_4.csv
2630,0,0,0,Reader_2_5.csv
2630,0,0,0,Reader_2_6.csv
2630,0,0,0,Reader_2_7.csv
2630,1,1,0,Reader_2_8.csv
2630,0,0,0,Reader_2_9.csv
2630,7,6,1,reader_3_1.csv
2630,4,3,1,Reader_3_2.csv
2630,3,3,0,Reader_3_3.csv
2630,3,3,0,Reader_3_4.csv
2630,6,6,0,Reader_3_5.csv
2630,1,1,0,Reader_3_6.csv
2630,4,4,0,Reader_3_7.csv
2631,7,6,1,Reader_1_1.csv
2631,1,1,0,Reader_1_10.csv
2631,0,0,0,Reader_1_11.csv
2631,0,0,0,Reader_1_12.csv
2631,4,4,0,Reader_1_2.csv
2631,1,1,0,Reader_1_3.csv
2631,1,1,0,Reader_1_4.csv
2631,0,0,0,Reader_1_5.csv
2631,2,2,0,Reader_1_6.csv
2631,2,1,1,Reader_1_7.csv
2631,1,1,0,Reader_1_8.csv
2631,0,0,0,Reader_1_9.csv
2631,0,0,0,Reader_2_1.csv
2631,2,1,1,Reader_2_10.csv
2631,0,0,0,Reader_2_11.csv
2631,9,8,1,Reader_2_12.csv
2631,0,0,0,Reader_2_2.csv
2631,2,1,1,Reader_2_3.csv
2631,1,1,0,Reader_2_4.csv
2631,0,0,0,Reader_2_5.csv
2631,0,0,0,Reader_2_6.csv
2631,0,0,0,Reader_2_7.csv
2631,1,1,0,Reader_2_8.csv
2631,0,0,0,Reader_2_9.csv
2631,7,6,1,reader_3_1.csv
2631,4,3,1,Reader_3_2.csv
2631,4,4,0,Reader_3_3.csv
2631,4,4,0,Reader_3_4.csv
2631,5,5,0,Reader_3_5.csv
2631,1,1,0,Reader_3_6.csv
2631,2,2,0,Reader_3_7.csv
2632,7,5,2,Reader_1_1.csv
2632,1,1,0,Reader_1_10.csv
2632,0,0,0,Reader_1_11.csv
2632,1,1,0,Reader_1_12.csv
2632,5,5,0,Reader_1_2.csv
2632,2,2,0,Reader_1_3.csv
2632,1,1,0,Reader_1_4.csv
2632,0,0,0,Reader_1_5.csv
2632,2,2,0,Reader_1_6.csv
2632,2,1,1,Reader_1_7.csv
2632,0,0,0,Reader_1_8.csv
2632,0,0,0,Reader_1_9.csv
2632,0,0,0,Reader_2_1.csv
2632,3,2,1,Reader_2_10.csv
2632,0,0,0,Reader_2_11.csv
2632,9,8,1,Reader_2_12.csv
2632,0,0,0,Reader_2_2.csv
2632,2,1,1,Reader_2_3.csv
2632,2,2,0,Reader_2_4.csv
2632,0,0,0,Reader_2_5.csv
2632,0,0,0,Reader_2_6.csv
2632,0,0,0,Reader_2_7.csv
2632,0,0,0,Reader_2_8.csv
2632,0,0,0,Reader_2_9.csv
2632,8,6,2,reader_3_1.csv
2632,4,3,1,Reader_3_2.csv
2632,4,4,0,Reader_3_3.csv
2632,4,4,0,Reader_3_4.csv
2632,4,4,0,Reader_3_5.csv
2632,1,1,0,Reader_3_6.csv
2632,2,2,0,Reader_3_7.csv
2633,9,7,2,Reader_1_1.csv
2633,1,1,0,Reader_1_10.csv
2633,0,0,0,Reader_1_11.csv
2633,1,1,0,Reader_1_12.csv
2633,7,7,0,Reader_1_2.csv
2633,2,2,0,Reader_1_3.csv
2633,1,1,0,Reader_1_4.csv
2633,0,0,0,Reader_1_5.csv
2633,2,2,0,Reader_1_6.csv
2633,1,0,1,Reader_1_7.csv
2633,0,0,0,Reader_1_8.csv
2633,0,0,0,Reader_1_9.csv
2633,0,0,0,Reader_2_1.csv
2633,4,4,0,Reader_2_10.csv
2633,0,0,0,Reader_2_11.csv
2633,8,7,1,Reader_2_12.csv
2633,0,0,0,Reader_2_2.csv
2633,2,1,1,Reader_2_3.csv
2633,1,1,0,Reader_2_4.csv
2633,0,0,0,Reader_2_5.csv
2633,0,0,0,Reader_2_6.csv
2633,0,0,0,Reader_2_7.csv
2633,0,0,0,Reader_2_8.csv
2633,0,0,0,Reader_2_9.csv
2633,7,5,2,reader_3_1.csv
2633,5,4,1,Reader_3_2.csv
2633,4,4,0,Reader_3_3.csv
2633,4,4,0,Reader_3_4.csv
2633,4,4,0,Reader_3_5.csv
2633,1,1,0,Reader_3_6.csv
2633,3,3,0,Reader_3_7.csv
2634,8,6,2,Reader_1_1.csv
2634,1,1,0,Reader_1_10.csv
2634,0,0,0,Reader_1_11.csv
2634,1,1,0,Reader_1_12.csv
2634,6,6,0,Reader_1_2.csv
2634,2,2,0,Reader_1_3.csv
2634,1,1,0,Reader_1_4.csv
2634,1,1,0,Reader_1_5.csv
2634,2,2,0,Reader_1_6.csv
2634,2,1,1,Reader_1_7.csv
2634,0,0,0,Reader_1_8.csv
2634,0,0,0,Reader_1_9.csv
2634,0,0,0,Reader_2_1.csv
2634,6,6,0,Reader_2_10.csv
2634,0,0,0,Reader_2_11.csv
2634,9,8,1,Reader_2_12.csv
2634,0,0,0,Reader_2_2.csv
2634,1,0,1,Reader_2_3.csv
2634,1,1,0,Reader_2_4.csv
2634,0,0,0,Reader_2_5.csv
2634,0,0,0,Reader_2_6.csv
2634,0,0,0,Reader_2_7.csv
2634,0,0,0,Reader_2_8.csv
2634,0,0,0,Reader_2_9.csv
2634,7,5,2,reader_3_1.csv
2634,5,5,0,Reader_3_2.csv
2634,7,6,1,Reader_3_3.csv
2634,7,6,1,Reader_3_4.csv
2634,5,5,0,Reader_3_5.csv
2634,1,1,0,Reader_3_6.csv
2634,1,1,0,Reader_3_7.csv
2635,7,6,1,Reader_1_1.csv
2635,1,1,0,Reader_1_10.csv
2635,0,0,0,Reader_1_11.csv
2635,1,1,0,Reader_1_12.csv
2635,5,5,0,Reader_1_2.csv
2635,2,2,0,Reader_1_3.csv
2635,1,1,0,Reader_1_4.csv
2635,1,1,0,Reader_1_5.csv
2635,3,3,0,Reader_1_6.csv
2635,1,1,0,Reader_1_7.csv
2635,0,0,0,Reader_1_8.csv
2635,0,0,0,Reader_1_9.csv
2635,0,0,0,Reader_2_1.csv
2635,5,5,0,Reader_2_10.csv
2635,0,0,0,Reader_2_11.csv
2635,7,7,0,Reader_2_12.csv
2635,0,0,0,Reader_2_2.csv
2635,1,1,0,Reader_2_3.csv
2635,1,1,0,Reader_2_4.csv
2635,0,0,0,Reader_2_5.csv
2635,0,0,0,Reader_2_6.csv
2635,0,0,0,Reader_2_7.csv
2635,0,0,0,Reader_2_8.csv
2635,0,0,0,Reader_2_9.csv
2635,8,6,2,reader_3_1.csv
2635,4,4,0,Reader_3_2.csv
2635,7,6,1,Reader_3_3.csv
2635,7,6,1,Reader_3_4.csv
2635,5,5,0,Reader_3_5.csv
2635,1,1,0,Reader_3_6.csv
2635,1,1,0,Reader_3_7.csv
2636,7,6,1,Reader_1_1.csv
2636,0,0,0,Reader_1_10.csv
2636,0,0,0,Reader_1_11.csv
2636,1,1,0,Reader_1_12.csv
2636,5,5,0,Reader_1_2.csv
2636,1,1,0,Reader_1_3.csv
2636,0,0,0,Reader_1_4.csv
2636,1,1,0,Reader_1_5.csv
2636,4,4,0,Reader_1_6.csv
2636,1,1,0,Reader_1_7.csv
2636,0,0,0,Reader_1_8.csv
2636,0,0,0,Reader_1_9.csv
2636,0,0,0,Reader_2_1.csv
2636,5,5,0,Reader_2_10.csv
2636,0,0,0,Reader_2_11.csv
2636,8,7,1,Reader_2_12.csv
2636,0,0,0,Reader_2_2.csv
2636,1,1,0,Reader_2_3.csv
2636,1,1,0,Reader_2_4.csv
2636,0,0,0,Reader_2_5.csv
2636,0,0,0,Reader_2_6.csv
2636,0,0,0,Reader_2_7.csv
2636,0,0,0,Reader_2_8.csv
2636,0,0,0,Reader_2_9.csv
2636,5,4,1,reader_3_1.csv
2636,4,4,0,Reader_3_2.csv
2636,9,8,1,Reader_3_3.csv
2636,9,8,1,Reader_3_4.csv
2636,4,4,0,Reader_3_5.csv
2636,2,2,0,Reader_3_6.csv
2636,1,1,0,Reader_3_7.csv
2637,7,6,1,Reader_1_1.csv
2637,0,0,0,Reader_1_10.csv
2637,0,0,0,Reader_1_11.csv
2637,1,1,0,Reader_1_12.csv
2637,5,5,0,Reader_1_2.csv
2637,1,1,0,Reader_1_3.csv
2637,0,0,0,Reader_1_4.csv
2637,1,1,0,Reader_1_5.csv
2637,4,4,0,Reader_1_6.csv
2637,1,1,0,Reader_1_7.csv
2637,0,0,0,Reader_1_8.csv
2637,0,0,0,Reader_1_9.csv
2637,0,0,0,Reader_2_1.csv
2637,5,5,0,Reader_2_10.csv
2637,0,0,0,Reader_2_11.csv
2637,6,5,1,Reader_2_12.csv
2637,0,0,0,Reader_2_2.csv
2637,1,1,0,Reader_2_3.csv
2637,1,1,0,Reader_2_4.csv
2637,0,0,0,Reader_2_5.csv
2637,0,0,0,Reader_2_6.csv
2637,0,0,0,Reader_2_7.csv
2637,0,0,0,Reader_2_8.csv
2637,0,0,0,Reader_2_9.csv
2637,5,4,1,reader_3_1.csv
2637,3,3,0,Reader_3_2.csv
2637,8,7,1,Reader_3_3.csv
2637,8,7,1,Reader_3_4.csv
2637,3,3,0,Reader_3_5.csv
2637,2,2,0,Reader_3_6.csv
2637,1,1,0,Reader_3_7.csv
2638,6,5,1,Reader_1_1.csv
2638,0,0,0,Reader_1_10.csv
2638,0,0,0,Reader_1_11.csv
2638,1,1,0,Reader_1_12.csv
2638,5,5,0,Reader_1_2.csv
2638,1,1,0,Reader_1_3.csv
2638,0,0,0,Reader_1_4.csv
2638,1,1,0,Reader_1_5.csv
2638,3,3,0,Reader_1_6.csv
2638,1,1,0,Reader_1_7.csv
2638,0,0,0,Reader_1_8.csv
2638,0,0,0,Reader_1_9.csv
2638,0,0,0,Reader_2_1.csv
2638,5,5,0,Reader_2_10.csv
2638,0,0,0,Reader_2_11.csv
2638,8,7,1,Reader_2_12.csv
2638,0,0,0,Reader_2_2.csv
2638,2,1,1,Reader_2_3.csv
2638,1,1,0,Reader_2_4.csv
2638,0,0,0,Reader_2_5.csv
2638,0,0,0,Reader_2_6.csv
2638,0,0,0,Reader_2_7.csv
2638,0,0,0,Reader_2_8.csv
2638,0,0,0,Reader_2_9.csv
2638,6,5,1,reader_3_1.csv
2638,3,3,0,Reader_3_2.csv
2638,8,7,1,Reader_3_3.csv
2638,8,7,1,Reader_3_4.csv
2638,2,2,0,Reader_3_5.csv
2638,2,1,1,Reader_3_6.csv
2638,1,1,0,Reader_3_7.csv
2639,5,4,1,Reader_1_1.csv
2639,0,0,0,Reader_1_10.csv
2639,0,0,0,Reader_1_11.csv
2639,1,1,0,Reader_1_12.csv
2639,5,5,0,Reader_1_2.csv
2639,1,1,0,Reader_1_3.csv
2639,1,1,0,Reader_1_4.csv
2639,1,1,0,Reader_1_5.csv
2639,3,3,0,Reader_1_6.csv
2639,1,1,0,Reader_1_7.csv
2639,0,0,0,Reader_1_8.csv
2639,0,0,0,Reader_1_9.csv
2639,0,0,0,Reader_2_1.csv
2639,6,6,0,Reader_2_10.csv
2639,0,0,0,Reader_2_11.csv
2639,8,7,1,Reader_2_12.csv
2639,0,0,0,Reader_2_2.csv
2639,2,1,1,Reader_2_3.csv
2639,1,1,0,Reader_2_4.csv
2639,0,0,0,Reader_2_5.csv
2639,0,0,0,Reader_2_6.csv
2639,0,0,0,Reader_2_7.csv
2639,0,0,0,Reader_2_8.csv
2639,0,0,0,Reader_2_9.csv
2639,7,6,1,reader_3_1.csv
2639,3,3,0,Reader_3_2.csv
2639,7,6,1,Reader_3_3.csv
2639,7,6,1,Reader_3_4.csv
2639,3,3,0,Reader_3_5.csv
2639,2,1,1,Reader_3_6.csv
2639,1,1,0,Reader_3_7.csv
2640,4,4,0,Reader_1_1.csv
2640,0,0,0,Reader_1_10.csv
2640,0,0,0,Reader_1_11.csv
2640,0,0,0,Reader_1_12.csv
2640,5,5,0,Reader_1_2.csv
2640,0,0,0,Reader_1_3.csv
2640,1,1,0,Reader_1_4.csv
2640,1,1,0,Reader_1_5.csv
2640,2,2,0,Reader_1_6.csv
2640,1,1,0,Reader_1_7.csv
2640,0,0,0,Reader_1_8.csv
2640,0,0,0,Reader_1_9.csv
2640,0,0,0,Reader_2_1.csv
2640,5,5,0,Reader_2_10.csv
2640,0,0,0,Reader_2_11.csv
2640,12,10,2,Reader_2_12.csv
2640,0,0,0,Reader_2_2.csv
2640,2,1,1,Reader_2_3.csv
2640,0,0,0,Reader_2_4.csv
2640,0,0,0,Reader_2_5.csv
2640,0,0,0,Reader_2_6.csv
2640,0,0,0,Reader_2_7.csv
2640,0,0,0,Reader_2_8.csv
2640,0,0,0,Reader_2_9.csv
2640,6,6,0,reader_3_1.csv
2640,3,3,0,Reader_3_2.csv
2640,7,6,1,Reader_3_3.csv
2640,7,6,1,Reader_3_4.csv
2640,4,4,0,Reader_3_5.csv
2640,2,1,1,Reader_3_6.csv
2640,1,1,0,Reader_3_7.csv
2641,2,2,0,Reader_1_1.csv
2641,0,0,0,Reader_1_10.csv
2641,0,0,0,Reader_1_11.csv
2641,0,0,0,Reader_1_12.csv
2641,4,4,0,Reader_1_2.csv
2641,0,0,0,Reader_1_3.csv
2641,1,1,0,Reader_1_4.csv
2641,2,2,0,Reader_1_5.csv
2641,4,4,0,Reader_1_6.csv
2641,1,1,0,Reader_1_7.csv
2641,0,0,0,Reader_1_8.csv
2641,0,0,0,Reader_1_9.csv
2641,0,0,0,Reader_2_1.csv
2641,3,3,0,Reader_2_10.csv
2641,0,0,0,Reader_2_11.csv
2641,15,12,3,Reader_2_12.csv
2641,0,0,0,Reader_2_2.csv
2641,2,1,1,Reader_2_3.csv
2641,0,0,0,Reader_2_4.csv
2641,0,0,0,Reader_2_5.csv
2641,0,0,0,Reader_2_6.csv
2641,0,0,0,Reader_2_7.csv
2641,0,0,0,Reader_2_8.csv
2641,0,0,0,Reader_2_9.csv
2641,7,7,0,reader_3_1.csv
2641,3,2,1,Reader_3_2.csv
2641,7,6,1,Reader_3_3.csv
2641,7,6,1,Reader_3_4.csv
2641,3,3,0,Reader_3_5.csv
2641,2,1,1,Reader_3_6.csv
2641,0,0,0,Reader_3_7.csv
2642,3,3,0,Reader_1_1.csv
2642,0,0,0,Reader_1_10.csv
2642,0,0,0,Reader_1_11.csv
2642,1,0,1,Reader_1_12.csv
2642,3,3,0,Reader_1_2.csv
2642,0,0,0,Reader_1_3.csv
2642,2,1,1,Reader_1_4.csv
2642,1,1,0,Reader_1_5.csv
2642,4,4,0,Reader_1_6.csv
2642,0,0,0,Reader_1_7.csv
2642,0,0,0,Reader_1_8.csv
2642,0,0,0,Reader_1_9.csv
2642,0,0,0,Reader_2_1.csv
2642,1,1,0,Reader_2_10.csv
2642,0,0,0,Reader_2_11.csv
2642,16,12,4,Reader_2_12.csv
2642,0,0,0,Reader_2_2.csv
2642,3,2,1,Reader_2_3.csv
2642,0,0,0,Reader_2_4.csv
2642,0,0,0,Reader_2_5.csv
2642,0,0,0,Reader_2_6.csv
2642,0,0,0,Reader_2_7.csv
2642,0,0,0,Reader_2_8.csv
2642,0,0,0,Reader_2_9.csv
2642,9,8,1,reader_3_1.csv
2642,3,2,1,Reader_3_2.csv
2642,4,4,0,Reader_3_3.csv
2642,4,4,0,Reader_3_4.csv
2642,2,2,0,Reader_3_5.csv
2642,2,1,1,Reader_3_6.csv
2642,0,0,0,Reader_3_7.csv
2643,3,3,0,Reader_1_1.csv
2643,0,0,0,Reader_1_10.csv
2643,0,0,0,Reader_1_11.csv
2643,1,0,1,Reader_1_12.csv
2643,3,3,0,Reader_1_2.csv
2643,0,0,0,Reader_1_3.csv
2643,2,1,1,Reader_1_4.csv
2643,1,1,0,Reader_1_5.csv
2643,3,3,0,Reader_1_6.csv
2643,1,1,0,Reader_1_7.csv
2643,0,0,0,Reader_1_8.csv
2643,0,0,0,Reader_1_9.csv
2643,0,0,0,Reader_2_1.csv
2643,1,1,0,Reader_2_10.csv
2643,0,0,0,Reader_2_11.csv
2643,15,11,4,Reader_2_12.csv
2643,0,0,0,Reader_2_2.csv
2643,2,1,1,Reader_2_3.csv
2643,0,0,0,Reader_2_4.csv
2643,0,0,0,Reader_2_5.csv
2643,0,0,0,Reader_2_6.csv
2643,0,0,0,Reader_2_7.csv
2643,0,0,0,Reader_2_8.csv
2643,0,0,0,Reader_2_9.csv
2643,8,7,1,reader_3_1.csv
2643,3,2,1,Reader_3_2.csv
2643,4,4,0,Reader_3_3.csv
2643,4,4,0,Reader_3_4.csv
2643,2,2,0,Reader_3_5.csv
2643,3,2,1,Reader_3_6.csv
2643,0,0,0,Reader_3_7.csv
2644,4,4,0,Reader_1_1.csv
2644,0,0,0,Reader_1_10.csv
2644,0,0,0,Reader_1_11.csv
2644,2,1,1,Reader_1_12.csv
2644,4,4,0,Reader_1_2.csv
2644,0,0,0,Reader_1_3.csv
2644,3,2,1,Reader_1_4.csv
2644,1,1,0,Reader_1_5.csv
2644,2,2,0,Reader_1_6.csv
2644,1,1,0,Reader_1_7.csv
2644,0,0,0,Reader_1_8.csv
2644,0,0,0,Reader_1_9.csv
2644,0,0,0,Reader_2_1.csv
2644,1,1,0,Reader_2_10.csv
2644,0,0,0,Reader_2_11.csv
2644,14,11,3,Reader_2_12.csv
2644,0,0,0,Reader_2_2.csv
2644,2,1,1,Reader_2_3.csv
2644,0,0,0,Reader_2_4.csv
2644,0,0,0,Reader_2_5.csv
2644,0,0,0,Reader_2_6.csv
2644,0,0,0,Reader_2_7.csv
2644,0,0,0,Reader_2_8.csv
2644,0,0,0,Reader_2_9.csv
2644,9,8,1,reader_3_1.csv
2644,4,3,1,Reader_3_2.csv
2644,3,3,0,Reader_3_3.csv
2644,3,3,0,Reader_3_4.csv
2644,3,3,0,Reader_3_5.csv
2644,2,1,1,Reader_3_6.csv
2644,0,0,0,Reader_3_7.csv
2645,6,6,0,Reader_1_1.csv
2645,0,0,0,Reader_1_10.csv
2645,0,0,0,Reader_1_11.csv
2645,3,2,1,Reader_1_12.csv
2645,7,7,0,Reader_1_2.csv
2645,0,0,0,Reader_1_3.csv
2645,3,2,1,Reader_1_4.csv
2645,1,1,0,Reader_1_5.csv
2645,2,2,0,Reader_1_6.csv
2645,1,1,0,Reader_1_7.csv
2645,0,0,0,Reader_1_8.csv
2645,0,0,0,Reader_1_9.csv
2645,0,0,0,Reader_2_1.csv
2645,1,1,0,Reader_2_10.csv
2645,0,0,0,Reader_2_11.csv
2645,16,13,3,Reader_2_12.csv
2645,0,0,0,Reader_2_2.csv
2645,2,1,1,Reader_2_3.csv
2645,0,0,0,Reader_2_4.csv
2645,0,0,0,Reader_2_5.csv
2645,0,0,0,Reader_2_6.csv
2645,0,0,0,Reader_2_7.csv
2645,0,0,0,Reader_2_8.csv
2645,0,0,0,Reader_2_9.csv
2645,10,9,1,reader_3_1.csv
2645,3,2,1,Reader_3_2.csv
2645,3,3,0,Reader_3_3.csv
2645,3,3,0,Reader_3_4.csv
2645,3,3,0,Reader_3_5.csv
2645,3,2,1,Reader_3_6.csv
2645,0,0,0,Reader_3_7.csv
2646,7,7,0,Reader_1_1.csv
2646,0,0,0,Reader_1_10.csv
2646,1,0,1,Reader_1_11.csv
2646,3,2,1,Reader_1_12.csv
2646,7,7,0,Reader_1_2.csv
2646,0,0,0,Reader_1_3.csv
2646,3,2,1,Reader_1_4.csv
2646,2,2,0,Reader_1_5.csv
2646,2,2,0,Reader_1_6.csv
2646,1,1,0,Reader_1_7.csv
2646,0,0,0,Reader_1_8.csv
2646,0,0,0,Reader_1_9.csv
2646,0,0,0,Reader_2_1.csv
2646,1,1,0,Reader_2_10.csv
2646,0,0,0,Reader_2_11.csv
2646,14,11,3,Reader_2_12.csv
2646,0,0,0,Reader_2_2.csv
2646,1,1,0,Reader_2_3.csv
2646,0,0,0,Reader_2_4.csv
2646,0,0,0,Reader_2_5.csv
2646,0,0,0,Reader_2_6.csv
2646,0,0,0,Reader_2_7.csv
2646,0,0,0,Reader_2_8.csv
2646,1,1,0,Reader_2_9.csv
2646,9,8,1,reader_3_1.csv
2646,4,3,1,Reader_3_2.csv
2646,1,1,0,Reader_3_3.csv
2646,1,1,0,Reader_3_4.csv
2646,3,3,0,Reader_3_5.csv
2646,3,3,0,Reader_3_6.csv
2646,0,0,0,Reader_3_7.csv
2647,9,9,0,Reader_1_1.csv
2647,0,0,0,Reader_1_10.csv
2647,1,0,1,Reader_1_11.csv
2647,3,2,1,Reader_1_12.csv
2647,7,7,0,Reader_1_2.csv
2647,0,0,0,Reader_1_3.csv
2647,2,1,1,Reader_1_4.csv
2647,2,2,0,Reader_1_5.csv
2647,3,3,0,Reader_1_6.csv
2647,1,1,0,Reader_1_7.csv
2647,0,0,0,Reader_1_8.csv
2647,0,0,0,Reader_1_9.csv
2647,0,0,0,Reader_2_1.csv
2647,1,1,0,Reader_2_10.csv
2647,0,0,0,Reader_2_11.csv
2647,14,11,3,Reader_2_12.csv
2647,0,0,0,Reader_2_2.csv
2647,1,1,0,Reader_2_3.csv
2647,0,0,0,Reader_2_4.csv
2647,0,0,0,Reader_2_5.csv
2647,0,0,0,Reader_2_6.csv
2647,0,0,0,Reader_2_7.csv
2647,0,0,0,Reader_2_8.csv
2647,1,1,0,Reader_2_9.csv
2647,7,6,1,reader_3_1.csv
2647,5,4,1,Reader_3_2.csv
2647,1,1,0,Reader_3_3.csv
2647,1,1,0,Reader_3_4.csv
2647,3,3,0,Reader_3_5.csv
2647,3,3,0,Reader_3_6.csv
2647,0,0,0,Reader_3_7.csv
2648,9,8,1,Reader_1_1.csv
2648,0,0,0,Reader_1_10.csv
2648,1,0,1,Reader_1_11.csv
2648,3,2,1,Reader_1_12.csv
2648,7,7,0,Reader_1_2.csv
2648,0,0,0,Reader_1_3.csv
2648,2,1,1,Reader_1_4.csv
2648,2,2,0,Reader_1_5.csv
2648,3,3,0,Reader_1_6.csv
2648,1,1,0,Reader_1_7.csv
2648,0,0,0,Reader_1_8.csv
2648,0,0,0,Reader_1_9.csv
2648,0,0,0,Reader_2_1.csv
2648,1,1,0,Reader_2_10.csv
2648,0,0,0,Reader_2_11.csv
2648,9,7,2,Reader_2_12.csv
2648,0,0,0,Reader_2_2.csv
2648,2,2,0,Reader_2_3.csv
2648,0,0,0,Reader_2_4.csv
2648,0,0,0,Reader_2_5.csv
2648,0,0,0,Reader_2_6.csv
2648,0,0,0,Reader_2_7.csv
2648,0,0,0,Reader_2_8.csv
2648,1,1,0,Reader_2_9.csv
2648,9,7,2,reader_3_1.csv
2648,5,4,1,Reader_3_2.csv
2648,1,1,0,Reader_3_3.csv
2648,1,1,0,Reader_3_4.csv
2648,2,2,0,Reader_3_5.csv
2648,3,3,0,Reader_3_6.csv
2648,0,0,0,Reader_3_7.csv
2649,10,9,1,Reader_1_1.csv
2649,0,0,0,Reader_1_10.csv
2649,1,0,1,Reader_1_11.csv
2649,3,2,1,Reader_1_12.csv
2649,6,6,0,Reader_1_2.csv
2649,0,0,0,Reader_1_3.csv
2649,2,1,1,Reader_1_4.csv
2649,1,1,0,Reader_1_5.csv
2649,1,1,0,Reader_1_6.csv
2649,1,1,0,Reader_1_7.csv
2649,0,0,0,Reader_1_8.csv
2649,0,0,0,Reader_1_9.csv
2649,0,0,0,Reader_2_1.csv
2649,1,1,0,Reader_2_10.csv
2649,0,0,0,Reader_2_11.csv
2649,6,5,1,Reader_2_12.csv
2649,0,0,0,Reader_2_2.csv
2649,3,3,0,Reader_2_3.csv
2649,0,0,0,Reader_2_4.csv
2649,0,0,0,Reader_2_5.csv
2649,0,0,0,Reader_2_6.csv
2649,0,0,0,Reader_2_7.csv
2649,0,0,0,Reader_2_8.csv
2649,1,1,0,Reader_2_9.csv
2649,9,7,2,reader_3_1.csv
2649,4,4,0,Reader_3_2.csv
2649,1,1,0,Reader_3_3.csv
2649,1,1,0,Reader_3_4.csv
2649,3,3,0,Reader_3_5.csv
2649,3,3,0,Reader_3_6.csv
2649,0,0,0,Reader_3_7.csv
2650,12,11,1,Reader_1_1.csv
2650,0,0,0,Reader_1_10.csv
2650,1,0,1,Reader_1_11.csv
2650,2,2,0,Reader_1_12.csv
2650,6,6,0,Reader_1_2.csv
2650,0,0,0,Reader_1_3.csv
2650,1,1,0,Reader_1_4.csv
2650,1,1,0,Reader_1_5.csv
2650,1,1,0,Reader_1_6.csv
2650,1,1,0,Reader_1_7.csv
2650,0,0,0,Reader_1_8.csv
2650,0,0,0,Reader_1_9.csv
2650,1,1,0,Reader_2_1.csv
2650,1,1,0,Reader_2_10.csv
2650,0,0,0,Reader_2_11.csv
2650,5,5,0,Reader_2_12.csv
2650,0,0,0,Reader_2_2.csv
2650,3,2,1,Reader_2_3.csv
2650,0,0,0,Reader_2_4.csv
2650,0,0,0,Reader_2_5.csv
2650,0,0,0,Reader_2_6.csv
2650,0,0,0,Reader_2_7.csv
2650,0,0,0,Reader_2_8.csv
2650,1,1,0,Reader_2_9.csv
2650,7,6,1,reader_3_1.csv
2650,4,4,0,Reader_3_2.csv
2650,1,1,0,Reader_3_3.csv
2650,1,1,0,Reader_3_4.csv
2650,4,4,0,Reader_3_5.csv
2650,4,4,0,Reader_3_6.csv
2650,1,1,0,Reader_3_7.csv
2651,11,10,1,Reader_1_1.csv
2651,0,0,0,Reader_1_10.csv
2651,1,0,1,Reader_1_11.csv
2651,2,2,0,Reader_1_12.csv
2651,6,6,0,Reader_1_2.csv
2651,0,0,0,Reader_1_3.csv
2651,1,1,0,Reader_1_4.csv
2651,1,1,0,Reader_1_5.csv
2651,1,1,0,Reader_1_6.csv
2651,0,0,0,Reader_1_7.csv
2651,0,0,0,Reader_1_8.csv
2651,0,0,0,Reader_1_9.csv
2651,1,1,0,Reader_2_1.csv
2651,1,1,0,Reader_2_10.csv
2651,0,0,0,Reader_2_11.csv
2651,10,10,0,Reader_2_12.csv
2651,0,0,0,Reader_2_2.csv
2651,3,2,1,Reader_2_3.csv
2651,0,0,0,Reader_2_4.csv
2651,0,0,0,Reader_2_5.csv
2651,0,0,0,Reader_2_6.csv
2651,0,0,0,Reader_2_7.csv
2651,0,0,0,Reader_2_8.csv
2651,1,1,0,Reader_2_9.csv
2651,6,5,1,reader_3_1.csv
2651,4,4,0,Reader_3_2.csv
2651,1,1,0,Reader_3_3.csv
2651,1,1,0,Reader_3_4.csv
2651,5,5,0,Reader_3_5.csv
2651,3,3,0,Reader_3_6.csv
2651,1,1,0,Reader_3_7.csv
2652,11,9,2,Reader_1_1.csv
2652,0,0,0,Reader_1_10.csv
2652,1,0,1,Reader_1_11.csv
2652,1,1,0,Reader_1_12.csv
2652,6,6,0,Reader_1_2.csv
2652,1,1,0,Reader_1_3.csv
2652,0,0,0,Reader_1_4.csv
2652,1,1,0,Reader_1_5.csv
2652,1,1,0,Reader_1_6.csv
2652,0,0,0,Reader_1_7.csv
2652,0,0,0,Reader_1_8.csv
2652,0,0,0,Reader_1_9.csv
2652,1,1,0,Reader_2_1.csv
2652,1,1,0,Reader_2_10.csv
2652,0,0,0,Reader_2_11.csv
2652,11,11,0,Reader_2_12.csv
2652,0,0,0,Reader_2_2.csv
2652,3,2,1,Reader_2_3.csv
2652,0,0,0,Reader_2_4.csv
2652,0,0,0,Reader_2_5.csv
2652,0,0,0,Reader_2_6.csv
2652,0,0,0,Reader_2_7.csv
2652,0,0,0,Reader_2_8.csv
2652,1,1,0,Reader_2_9.csv
2652,7,6,1,reader_3_1.csv
2652,4,4,0,Reader_3_2.csv
2652,0,0,0,Reader_3_3.csv
2652,0,0,0,Reader_3_4.csv
2652,4,4,0,Reader_3_5.csv
2652,3,3,0,Reader_3_6.csv
2652,1,1,0,Reader_3_7.csv
2653,9,7,2,Reader_1_1.csv
2653,0,0,0,Reader_1_10.csv
2653,1,0,1,Reader_1_11.csv
2653,0,0,0,Reader_1_12.csv
2653,3,3,0,Reader_1_2.csv
2653,1,1,0,Reader_1_3.csv
2653,0,0,0,Reader_1_4.csv
2653,1,1,0,Reader_1_5.csv
2653,1,1,0,Reader_1_6.csv
2653,0,0,0,Reader_1_7.csv
2653,0,0,0,Reader_1_8.csv
2653,0,0,0,Reader_1_9.csv
2653,1,1,0,Reader_2_1.csv
2653,1,1,0,Reader_2_10.csv
2653,0,0,0,Reader_2_11.csv
2653,10,10,0,Reader_2_12.csv
2653,0,0,0,Reader_2_2.csv
2653,3,2,1,Reader_2_3.csv
2653,0,0,0,Reader_2_4.csv
2653,0,0,0,Reader_2_5.csv
2653,0,0,0,Reader_2_6.csv
2653,0,0,0,Reader_2_7.csv
2653,0,0,0,Reader_2_8.csv
2653,1,1,0,Reader_2_9.csv
2653,6,5,1,reader_3_1.csv
2653,6,6,0,Reader_3_2.csv
2653,0,0,0,Reader_3_3.csv
2653,0,0,0,Reader_3_4.csv
2653,4,4,0,Reader_3_5.csv
2653,3,3,0,Reader_3_6.csv
2653,1,1,0,Reader_3_7.csv
2654,9,7,2,Reader_1_1.csv
2654,0,0,0,Reader_1_10.csv
2654,0,0,0,Reader_1_11.csv
2654,1,0,1,Reader_1_12.csv
2654,2,2,0,Reader_1_2.csv
2654,1,1,0,Reader_1_3.csv
2654,0,0,0,Reader_1_4.csv
2654,1,1,0,Reader_1_5.csv
2654,1,1,0,Reader_1_6.csv
2654,0,0,0,Reader_1_7.csv
2654,0,0,0,Reader_1_8.csv
2654,0,0,0,Reader_1_9.csv
2654,2,2,0,Reader_2_1.csv
2654,1,1,0,Reader_2_10.csv
2654,0,0,0,Reader_2_11.csv
2654,11,11,0,Reader_2_12.csv
2654,0,0,0,Reader_2_2.csv
2654,3,2,1,Reader_2_3.csv
2654,0,0,0,Reader_2_4.csv
2654,0,0,0,Reader_2_5.csv
2654,0,0,0,Reader_2_6.csv
2654,0,0,0,Reader_2_7.csv
2654,1,1,0,Reader_2_8.csv
2654,0,0,0,Reader_2_9.csv
2654,8,6,2,reader_3_1.csv
2654,5,5,0,Reader_3_2.csv
2654,0,0,0,Reader_3_3.csv
2654,0,0,0,Reader_3_4.csv
2654,4,4,0,Reader_3_5.csv
2654,2,2,0,Reader_3_6.csv
2654,1,1,0,Reader_3_7.csv
2655,8,6,2,Reader_1_1.csv
2655,0,0,0,Reader_1_10.csv
2655,0,0,0,Reader_1_11.csv
2655,4,2,2,Reader_1_12.csv
2655,3,3,0,Reader_1_2.csv
2655,1,1,0,Reader_1_3.csv
2655,1,0,1,Reader_1_4.csv
2655,2,2,0,Reader_1_5.csv
2655,0,0,0,Reader_1_6.csv
2655,0,0,0,Reader_1_7.csv
2655,0,0,0,Reader_1_8.csv
2655,0,0,0,Reader_1_9.csv
2655,2,2,0,Reader_2_1.csv
2655,0,0,0,Reader_2_10.csv
2655,0,0,0,Reader_2_11.csv
2655,12,11,1,Reader_2_12.csv
2655,0,0,0,Reader_2_2.csv
2655,5,4,1,Reader_2_3.csv
2655,0,0,0,Reader_2_4.csv
2655,0,0,0,Reader_2_5.csv
2655,0,0,0,Reader_2_6.csv
2655,0,0,0,Reader_2_7.csv
2655,1,1,0,Reader_2_8.csv
2655,0,0,0,Reader_2_9.csv
2655,9,6,3,reader_3_1.csv
2655,6,6,0,Reader_3_2.csv
2655,0,0,0,Reader_3_3.csv
2655,0,0,0,Reader_3_4.csv
2655,4,4,0,Reader_3_5.csv
2655,2,2,0,Reader_3_6.csv
2655,1,1,0,Reader_3_7.csv
2656,8,7,1,Reader_1_1.csv
2656,0,0,0,Reader_1_10.csv
2656,0,0,0,Reader_1_11.csv
2656,4,2,2,Reader_1_12.csv
2656,2,2,0,Reader_1_2.csv
2656,1,1,0,Reader_1_3.csv
2656,1,0,1,Reader_1_4.csv
2656,3,2,1,Reader_1_5.csv
2656,1,1,0,Reader_1_6.csv
2656,0,0,0,Reader_1_7.csv
2656,0,0,0,Reader_1_8.csv
2656,0,0,0,Reader_1_9.csv
2656,2,2,0,Reader_2_1.csv
2656,0,0,0,Reader_2_10.csv
2656,0,0,0,Reader_2_11.csv
2656,14,13,1,Reader_2_12.csv
2656,0,0,0,Reader_2_2.csv
2656,4,3,1,Reader_2_3.csv
2656,0,0,0,Reader_2_4.csv
2656,0,0,0,Reader_2_5.csv
2656,0,0,0,Reader_2_6.csv
2656,0,0,0,Reader_2_7.csv
2656,2,2,0,Reader_2_8.csv
2656,0,0,0,Reader_2_9.csv
2656,8,6,2,reader_3_1.csv
2656,7,7,0,Reader_3_2.csv
2656,0,0,0,Reader_3_3.csv
2656,0,0,0,Reader_3_4.csv
2656,4,4,0,Reader_3_5.csv
2656,2,2,0,Reader_3_6.csv
2656,1,1,0,Reader_3_7.csv
2657,7,6,1,Reader_1_1.csv
2657,0,0,0,Reader_1_10.csv
2657,0,0,0,Reader_1_11.csv
2657,4,2,2,Reader_1_12.csv
2657,2,2,0,Reader_1_2.csv
2657,1,1,0,Reader_1_3.csv
2657,2,1,1,Reader_1_4.csv
2657,3,2,1,Reader_1_5.csv
2657,2,2,0,Reader_1_6.csv
2657,0,0,0,Reader_1_7.csv
2657,0,0,0,Reader_1_8.csv
2657,0,0,0,Reader_1_9.csv
2657,2,2,0,Reader_2_1.csv
2657,0,0,0,Reader_2_10.csv
2657,0,0,0,Reader_2_11.csv
2657,16,15,1,Reader_2_12.csv
2657,0,0,0,Reader_2_2.csv
2657,3,2,1,Reader_2_3.csv
2657,0,0,0,Reader_2_4.csv
2657,0,0,0,Reader_2_5.csv
2657,0,0,0,Reader_2_6.csv
2657,0,0,0,Reader_2_7.csv
2657,2,2,0,Reader_2_8.csv
2657,0,0,0,Reader_2_9.csv
2657,11,8,3,reader_3_1.csv
2657,7,7,0,Reader_3_2.csv
2657,0,0,0,Reader_3_3.csv
2657,0,0,0,Reader_3_4.csv
2657,3,3,0,Reader_3_5.csv
2657,3,3,0,Reader_3_6.csv
2657,1,1,0,Reader_3_7.csv
2658,6,5,1,Reader_1_1.csv
2658,0,0,0,Reader_1_10.csv
2658,0,0,0,Reader_1_11.csv
2658,4,2,2,Reader_1_12.csv
2658,2,2,0,Reader_1_2.csv
2658,1,1,0,Reader_1_3.csv
2658,2,1,1,Reader_1_4.csv
2658,4,2,2,Reader_1_5.csv
2658,2,2,0,Reader_1_6.csv
2658,0,0,0,Reader_1_7.csv
2658,0,0,0,Reader_1_8.csv
2658,0,0,0,Reader_1_9.csv
2658,1,1,0,Reader_2_1.csv
2658,0,0,0,Reader_2_10.csv
2658,0,0,0,Reader_2_11.csv
2658,16,15,1,Reader_2_12.csv
2658,0,0,0,Reader_2_2.csv
2658,2,2,0,Reader_2_3.csv
2658,0,0,0,Reader_2_4.csv
2658,0,0,0,Reader_2_5.csv
2658,0,0,0,Reader_2_6.csv
2658,0,0,0,Reader_2_7.csv
2658,2,2,0,Reader_2_8.csv
2658,0,0,0,Reader_2_9.csv
2658,11,7,4,reader_3_1.csv
2658,7,6,1,Reader_3_2.csv
2658,0,0,0,Reader_3_3.csv
2658,0,0,0,Reader_3_4.csv
2658,2,2,0,Reader_3_5.csv
2658,2,2,0,Reader_3_6.csv
2658,0,0,0,Reader_3_7.csv
2659,6,5,1,Reader_1_1.csv
2659,0,0,0,Reader_1_10.csv
2659,0,0,0,Reader_1_11.csv
2659,5,3,2,Reader_1_12.csv
2659,2,2,0,Reader_1_2.csv
2659,2,2,0,Reader_1_3.csv
2659,2,1,1,Reader_1_4.csv
2659,4,2,2,Reader_1_5.csv
2659,2,2,0,Reader_1_6.csv
2659,0,0,0,Reader_1_7.csv
2659,0,0,0,Reader_1_8.csv
2659,0,0,0,Reader_1_9.csv
2659,1,1,0,Reader_2_1.csv
2659,0,0,0,Reader_2_10.csv
2659,0,0,0,Reader_2_11.csv
2659,11,10,1,Reader_2_12.csv
2659,0,0,0,Reader_2_2.csv
2659,3,3,0,Reader_2_3.csv
2659,0,0,0,Reader_2_4.csv
2659,0,0,0,Reader_2_5.csv
2659,0,0,0,Reader_2_6.csv
2659,0,0,0,Reader_2_7.csv
2659,2,2,0,Reader_2_8.csv
2659,0,0,0,Reader_2_9.csv
2659,11,7,4,reader_3_1.csv
2659,9,8,1,Reader_3_2.csv
2659,0,0,0,Reader_3_3.csv
2659,0,0,0,Reader_3_4.csv
2659,2,1,1,Reader_3_5.csv
2659,2,2,0,Reader_3_6.csv
2659,0,0,0,Reader_3_7.csv
2660,5,5,0,Reader_1_1.csv
2660,0,0,0,Reader_1_10.csv
2660,1,1,0,Reader_1_11.csv
2660,6,4,2,Reader_1_12.csv
2660,1,1,0,Reader_1_2.csv
2660,1,1,0,Reader_1_3.csv
2660,2,1,1,Reader_1_4.csv
2660,8,6,2,Reader_1_5.csv
2660,4,4,0,Reader_1_6.csv
2660,0,0,0,Reader_1_7.csv
2660,0,0,0,Reader_1_8.csv
2660,0,0,0,Reader_1_9.csv
2660,1,1,0,Reader_2_1.csv
2660,0,0,0,Reader_2_10.csv
2660,0,0,0,Reader_2_11.csv
2660,9,8,1,Reader_2_12.csv
2660,0,0,0,Reader_2_2.csv
2660,3,3,0,Reader_2_3.csv
2660,0,0,0,Reader_2_4.csv
2660,0,0,0,Reader_2_5.csv
2660,0,0,0,Reader_2_6.csv
2660,0,0,0,Reader_2_7.csv
2660,2,2,0,Reader_2_8.csv
2660,0,0,0,Reader_2_9.csv
2660,10,6,4,reader_3_1.csv
2660,10,9,1,Reader_3_2.csv
2660,0,0,0,Reader_3_3.csv
2660,0,0,0,Reader_3_4.csv
2660,4,3,1,Reader_3_5.csv
2660,2,2,0,Reader_3_6.csv
2660,0,0,0,Reader_3_7.csv
2661,5,5,0,Reader_1_1.csv
2661,0,0,0,Reader_1_10.csv
2661,1,1,0,Reader_1_11.csv
2661,6,4,2,Reader_1_12.csv
2661,2,2,0,Reader_1_2.csv
2661,2,2,0,Reader_1_3.csv
2661,2,1,1,Reader_1_4.csv
2661,8,6,2,Reader_1_5.csv
2661,4,4,0,Reader_1_6.csv
2661,0,0,0,Reader_1_7.csv
2661,0,0,0,Reader_1_8.csv
2661,0,0,0,Reader_1_9.csv
2661,1,1,0,Reader_2_1.csv
2661,0,0,0,Reader_2_10.csv
2661,0,0,0,Reader_2_11.csv
2661,9,8,1,Reader_2_12.csv
2661,0,0,0,Reader_2_2.csv
2661,3,3,0,Reader_2_3.csv
2661,0,0,0,Reader_2_4.csv
2661,0,0,0,Reader_2_5.csv
2661,0,0,0,Reader_2_6.csv
2661,0,0,0,Reader_2_7.csv
2661,2,2,0,Reader_2_8.csv
2661,0,0,0,Reader_2_9.csv
2661,10,6,4,reader_3_1.csv
2661,8,7,1,Reader_3_2.csv
2661,0,0,0,Reader_3_3.csv
2661,0,0,0,Reader_3_4.csv
2661,5,4,1,Reader_3_5.csv
2661,1,1,0,Reader_3_6.csv
2661,0,0,0,Reader_3_7.csv
2662,4,4,0,Reader_1_1.csv
2662,0,0,0,Reader_1_10.csv
2662,2,1,1,Reader_1_11.csv
2662,5,4,1,Reader_1_12.csv
2662,2,2,0,Reader_1_2.csv
2662,2,2,0,Reader_1_3.csv
2662,2,1,1,Reader_1_4.csv
2662,7,5,2,Reader_1_5.csv
2662,5,5,0,Reader_1_6.csv
2662,0,0,0,Reader_1_7.csv
2662,0,0,0,Reader_1_8.csv
2662,0,0,0,Reader_1_9.csv
2662,0,0,0,Reader_2_1.csv
2662,0,0,0,Reader_2_10.csv
2662,0,0,0,Reader_2_11.csv
2662,9,7,2,Reader_2_12.csv
2662,0,0,0,Reader_2_2.csv
2662,3,3,0,Reader_2_3.csv
2662,0,0,0,Reader_2_4.csv
2662,0,0,0,Reader_2_5.csv
2662,0,0,0,Reader_2_6.csv
2662,0,0,0,Reader_2_7.csv
2662,1,1,0,Reader_2_8.csv
2662,0,0,0,Reader_2_9.csv
2662,11,5,6,reader_3_1.csv
2662,11,10,1,Reader_3_2.csv
2662,0,0,0,Reader_3_3.csv
2662,0,0,0,Reader_3_4.csv
2662,5,4,1,Reader_3_5.csv
2662,2,2,0,Reader_3_6.csv
2662,0,0,0,Reader_3_7.csv
2663,3,3,0,Reader_1_1.csv
2663,0,0,0,Reader_1_10.csv
2663,2,1,1,Reader_1_11.csv
2663,2,2,0,Reader_1_12.csv
2663,1,1,0,Reader_1_2.csv
2663,3,3,0,Reader_1_3.csv
2663,1,1,0,Reader_1_4.csv
2663,6,4,2,Reader_1_5.csv
2663,5,5,0,Reader_1_6.csv
2663,0,0,0,Reader_1_7.csv
2663,0,0,0,Reader_1_8.csv
2663,0,0,0,Reader_1_9.csv
2663,0,0,0,Reader_2_1.csv
2663,0,0,0,Reader_2_10.csv
2663,0,0,0,Reader_2_11.csv
2663,7,6,1,Reader_2_12.csv
2663,0,0,0,Reader_2_2.csv
2663,1,1,0,Reader_2_3.csv
2663,0,0,0,Reader_2_4.csv
2663,0,0,0,Reader_2_5.csv
2663,0,0,0,Reader_2_6.csv
2663,0,0,0,Reader_2_7.csv
2663,1,1,0,Reader_2_8.csv
2663,0,0,0,Reader_2_9.csv
2663,15,9,6,reader_3_1.csv
2663,11,9,2,Reader_3_2.csv
2663,0,0,0,Reader_3_3.csv
2663,0,0,0,Reader_3_4.csv
2663,4,3,1,Reader_3_5.csv
2663,2,2,0,Reader_3_6.csv
2663,1,1,0,Reader_3_7.csv
2664,2,2,0,Reader_1_1.csv
2664,0,0,0,Reader_1_10.csv
2664,2,1,1,Reader_1_11.csv
2664,4,4,0,Reader_1_12.csv
2664,1,1,0,Reader_1_2.csv
2664,3,3,0,Reader_1_3.csv
2664,1,1,0,Reader_1_4.csv
2664,5,4,1,Reader_1_5.csv
2664,4,4,0,Reader_1_6.csv
2664,0,0,0,Reader_1_7.csv
2664,0,0,0,Reader_1_8.csv
2664,0,0,0,Reader_1_9.csv
2664,0,0,0,Reader_2_1.csv
2664,0,0,0,Reader_2_10.csv
2664,0,0,0,Reader_2_11.csv
2664,5,4,1,Reader_2_12.csv
2664,0,0,0,Reader_2_2.csv
2664,1,1,0,Reader_2_3.csv
2664,0,0,0,Reader_2_4.csv
2664,0,0,0,Reader_2_5.csv
2664,1,0,1,Reader_2_6.csv
2664,0,0,0,Reader_2_7.csv
2664,0,0,0,Reader_2_8.csv
2664,0,0,0,Reader_2_9.csv
2664,20,13,7,reader_3_1.csv
2664,12,10,2,Reader_3_2.csv
2664,0,0,0,Reader_3_3.csv
2664,0,0,0,Reader_3_4.csv
2664,5,3,2,Reader_3_5.csv
2664,2,2,0,Reader_3_6.csv
2664,1,1,0,Reader_3_7.csv
2665,3,3,0,Reader_1_1.csv
2665,0,0,0,Reader_1_10.csv
2665,2,1,1,Reader_1_11.csv
2665,4,4,0,Reader_1_12.csv
2665,1,1,0,Reader_1_2.csv
2665,3,3,0,Reader_1_3.csv
2665,0,0,0,Reader_1_4.csv
2665,5,4,1,Reader_1_5.csv
2665,3,3,0,Reader_1_6.csv
2665,0,0,0,Reader_1_7.csv
2665,0,0,0,Reader_1_8.csv
2665,0,0,0,Reader_1_9.csv
2665,1,1,0,Reader_2_1.csv
2665,0,0,0,Reader_2_10.csv
2665,0,0,0,Reader_2_11.csv
2665,3,2,1,Reader_2_12.csv
2665,0,0,0,Reader_2_2.csv
2665,1,1,0,Reader_2_3.csv
2665,0,0,0,Reader_2_4.csv
2665,0,0,0,Reader_2_5.csv
2665,2,1,1,Reader_2_6.csv
2665,0,0,0,Reader_2_7.csv
2665,0,0,0,Reader_2_8.csv
2665,0,0,0,Reader_2_9.csv
2665,22,14,8,reader_3_1.csv
2665,12,10,2,Reader_3_2.csv
2665,0,0,0,Reader_3_3.csv
2665,0,0,0,Reader_3_4.csv
2665,6,4,2,Reader_3_5.csv
2665,1,1,0,Reader_3_6.csv
2665,1,1,0,Reader_3_7.csv
2666,1,1,0,Reader_1_1.csv
2666,0,0,0,Reader_1_10.csv
2666,2,1,1,Reader_1_11.csv
2666,5,4,1,Reader_1_12.csv
2666,1,1,0,Reader_1_2.csv
2666,3,3,0,Reader_1_3.csv
2666,0,0,0,Reader_1_4.csv
2666,4,4,0,Reader_1_5.csv
2666,3,3,0,Reader_1_6.csv
2666,0,0,0,Reader_1_7.csv
2666,0,0,0,Reader_1_8.csv
2666,0,0,0,Reader_1_9.csv
2666,1,1,0,Reader_2_1.csv
2666,0,0,0,Reader_2_10.csv
2666,0,0,0,Reader_2_11.csv
2666,3,1,2,Reader_2_12.csv
2666,0,0,0,Reader_2_2.csv
2666,1,1,0,Reader_2_3.csv
2666,0,0,0,Reader_2_4.csv
2666,0,0,0,Reader_2_5.csv
2666,2,1,1,Reader_2_6.csv
2666,0,0,0,Reader_2_7.csv
2666,0,0,0,Reader_2_8.csv
2666,0,0,0,Reader_2_9.csv
2666,28,20,8,reader_3_1.csv
2666,12,11,1,Reader_3_2.csv
2666,0,0,0,Reader_3_3.csv
2666,0,0,0,Reader_3_4.csv
2666,8,6,2,Reader_3_5.csv
2666,1,1,0,Reader_3_6.csv
2666,2,2,0,Reader_3_7.csv
2667,1,1,0,Reader_1_1.csv
2667,0,0,0,Reader_1_10.csv
2667,2,1,1,Reader_1_11.csv
2667,5,4,1,Reader_1_12.csv
2667,1,1,0,Reader_1_2.csv
2667,2,2,0,Reader_1_3.csv
2667,0,0,0,Reader_1_4.csv
2667,5,5,0,Reader_1_5.csv
2667,3,3,0,Reader_1_6.csv
2667,0,0,0,Reader_1_7.csv
2667,0,0,0,Reader_1_8.csv
2667,0,0,0,Reader_1_9.csv
2667,1,1,0,Reader_2_1.csv
2667,0,0,0,Reader_2_10.csv
2667,0,0,0,Reader_2_11.csv
2667,4,2,2,Reader_2_12.csv
2667,0,0,0,Reader_2_2.csv
2667,0,0,0,Reader_2_3.csv
2667,0,0,0,Reader_2_4.csv
2667,0,0,0,Reader_2_5.csv
2667,2,1,1,Reader_2_6.csv
2667,0,0,0,Reader_2_7.csv
2667,0,0,0,Reader_2_8.csv
2667,0,0,0,Reader_2_9.csv
2667,34,25,9,reader_3_1.csv
2667,11,10,1,Reader_3_2.csv
2667,0,0,0,Reader_3_3.csv
2667,0,0,0,Reader_3_4.csv
2667,10,9,1,Reader_3_5.csv
2667,1,1,0,Reader_3_6.csv
2667,3,3,0,Reader_3_7.csv
2668,1,1,0,Reader_1_1.csv
2668,0,0,0,Reader_1_10.csv
2668,3,2,1,Reader_1_11.csv
2668,4,3,1,Reader_1_12.csv
2668,1,1,0,Reader_1_2.csv
2668,2,2,0,Reader_1_3.csv
2668,0,0,0,Reader_1_4.csv
2668,1,1,0,Reader_1_5.csv
2668,1,1,0,Reader_1_6.csv
2668,0,0,0,Reader_1_7.csv
2668,0,0,0,Reader_1_8.csv
2668,0,0,0,Reader_1_9.csv
2668,1,1,0,Reader_2_1.csv
2668,0,0,0,Reader_2_10.csv
2668,0,0,0,Reader_2_11.csv
2668,4,2,2,Reader_2_12.csv
2668,0,0,0,Reader_2_2.csv
2668,0,0,0,Reader_2_3.csv
2668,0,0,0,Reader_2_4.csv
2668,0,0,0,Reader_2_5.csv
2668,3,2,1,Reader_2_6.csv
2668,0,0,0,Reader_2_7.csv
2668,0,0,0,Reader_2_8.csv
2668,0,0,0,Reader_2_9.csv
2668,39,30,9,reader_3_1.csv
2668,10,9,1,Reader_3_2.csv
2668,0,0,0,Reader_3_3.csv
2668,0,0,0,Reader_3_4.csv
2668,14,11,3,Reader_3_5.csv
2668,2,2,0,Reader_3_6.csv
2668,3,3,0,Reader_3_7.csv
2669,1,1,0,Reader_1_1.csv
2669,0,0,0,Reader_1_10.csv
2669,4,3,1,Reader_1_11.csv
2669,4,3,1,Reader_1_12.csv
2669,1,1,0,Reader_1_2.csv
2669,1,1,0,Reader_1_3.csv
2669,0,0,0,Reader_1_4.csv
2669,1,1,0,Reader_1_5.csv
2669,1,1,0,Reader_1_6.csv
2669,0,0,0,Reader_1_7.csv
2669,0,0,0,Reader_1_8.csv
2669,0,0,0,Reader_1_9.csv
2669,1,1,0,Reader_2_1.csv
2669,0,0,0,Reader_2_10.csv
2669,0,0,0,Reader_2_11.csv
2669,5,3,2,Reader_2_12.csv
2669,0,0,0,Reader_2_2.csv
2669,1,1,0,Reader_2_3.csv
2669,0,0,0,Reader_2_4.csv
2669,0,0,0,Reader_2_5.csv
2669,3,2,1,Reader_2_6.csv
2669,0,0,0,Reader_2_7.csv
2669,0,0,0,Reader_2_8.csv
2669,0,0,0,Reader_2_9.csv
2669,42,33,9,reader_3_1.csv
2669,10,9,1,Reader_3_2.csv
2669,0,0,0,Reader_3_3.csv
2669,0,0,0,Reader_3_4.csv
2669,13,10,3,Reader_3_5.csv
2669,3,3,0,Reader_3_6.csv
2669,3,3,0,Reader_3_7.csv
2670,1,1,0,Reader_1_1.csv
2670,0,0,0,Reader_1_10.csv
2670,3,3,0,Reader_1_11.csv
2670,4,3,1,Reader_1_12.csv
2670,2,2,0,Reader_1_2.csv
2670,2,2,0,Reader_1_3.csv
2670,0,0,0,Reader_1_4.csv
2670,1,1,0,Reader_1_5.csv
2670,0,0,0,Reader_1_6.csv
2670,0,0,0,Reader_1_7.csv
2670,0,0,0,Reader_1_8.csv
2670,0,0,0,Reader_1_9.csv
2670,2,1,1,Reader_2_1.csv
2670,0,0,0,Reader_2_10.csv
2670,0,0,0,Reader_2_11.csv
2670,4,3,1,Reader_2_12.csv
2670,0,0,0,Reader_2_2.csv
2670,1,1,0,Reader_2_3.csv
2670,0,0,0,Reader_2_4.csv
2670,1,0,1,Reader_2_5.csv
2670,3,2,1,Reader_2_6.csv
2670,0,0,0,Reader_2_7.csv
2670,1,1,0,Reader_2_8.csv
2670,0,0,0,Reader_2_9.csv
2670,43,37,6,reader_3_1.csv
2670,7,6,1,Reader_3_2.csv
2670,0,0,0,Reader_3_3.csv
2670,0,0,0,Reader_3_4.csv
2670,16,12,4,Reader_3_5.csv
2670,2,2,0,Reader_3_6.csv
2670,3,3,0,Reader_3_7.csv
2671,2,1,1,Reader_1_1.csv
2671,0,0,0,Reader_1_10.csv
2671,3,3,0,Reader_1_11.csv
2671,4,3,1,Reader_1_12.csv
2671,2,2,0,Reader_1_2.csv
2671,1,1,0,Reader_1_3.csv
2671,0,0,0,Reader_1_4.csv
2671,1,1,0,Reader_1_5.csv
2671,0,0,0,Reader_1_6.csv
2671,0,0,0,Reader_1_7.csv
2671,0,0,0,Reader_1_8.csv
2671,0,0,0,Reader_1_9.csv
2671,2,1,1,Reader_2_1.csv
2671,0,0,0,Reader_2_10.csv
2671,0,0,0,Reader_2_11.csv
2671,5,3,2,Reader_2_12.csv
2671,0,0,0,Reader_2_2.csv
2671,1,1,0,Reader_2_3.csv
2671,0,0,0,Reader_2_4.csv
2671,1,0,1,Reader_2_5.csv
2671,3,2,1,Reader_2_6.csv
2671,0,0,0,Reader_2_7.csv
2671,1,1,0,Reader_2_8.csv
2671,0,0,0,Reader_2_9.csv
2671,46,41,5,reader_3_1.csv
2671,5,5,0,Reader_3_2.csv
2671,0,0,0,Reader_3_3.csv
2671,0,0,0,Reader_3_4.csv
2671,19,15,4,Reader_3_5.csv
2671,2,2,0,Reader_3_6.csv
2671,2,2,0,Reader_3_7.csv
2672,2,1,1,Reader_1_1.csv
2672,0,0,0,Reader_1_10.csv
2672,3,3,0,Reader_1_11.csv
2672,2,1,1,Reader_1_12.csv
2672,2,2,0,Reader_1_2.csv
2672,1,1,0,Reader_1_3.csv
2672,0,0,0,Reader_1_4.csv
2672,2,2,0,Reader_1_5.csv
2672,0,0,0,Reader_1_6.csv
2672,0,0,0,Reader_1_7.csv
2672,0,0,0,Reader_1_8.csv
2672,0,0,0,Reader_1_9.csv
2672,3,2,1,Reader_2_1.csv
2672,0,0,0,Reader_2_10.csv
2672,0,0,0,Reader_2_11.csv
2672,6,4,2,Reader_2_12.csv
2672,0,0,0,Reader_2_2.csv
2672,2,2,0,Reader_2_3.csv
2672,0,0,0,Reader_2_4.csv
2672,1,0,1,Reader_2_5.csv
2672,2,2,0,Reader_2_6.csv
2672,0,0,0,Reader_2_7.csv
2672,1,1,0,Reader_2_8.csv
2672,0,0,0,Reader_2_9.csv
2672,47,42,5,reader_3_1.csv
2672,3,3,0,Reader_3_2.csv
2672,0,0,0,Reader_3_3.csv
2672,0,0,0,Reader_3_4.csv
2672,20,16,4,Reader_3_5.csv
2672,2,2,0,Reader_3_6.csv
2672,2,2,0,Reader_3_7.csv
2673,1,0,1,Reader_1_1.csv
2673,0,0,0,Reader_1_10.csv
2673,3,3,0,Reader_1_11.csv
2673,2,1,1,Reader_1_12.csv
2673,3,3,0,Reader_1_2.csv
2673,1,1,0,Reader_1_3.csv
2673,0,0,0,Reader_1_4.csv
2673,3,2,1,Reader_1_5.csv
2673,2,2,0,Reader_1_6.csv
2673,0,0,0,Reader_1_7.csv
2673,0,0,0,Reader_1_8.csv
2673,0,0,0,Reader_1_9.csv
2673,3,2,1,Reader_2_1.csv
2673,0,0,0,Reader_2_10.csv
2673,0,0,0,Reader_2_11.csv
2673,7,5,2,Reader_2_12.csv
2673,0,0,0,Reader_2_2.csv
2673,2,2,0,Reader_2_3.csv
2673,0,0,0,Reader_2_4.csv
2673,1,0,1,Reader_2_5.csv
2673,1,1,0,Reader_2_6.csv
2673,0,0,0,Reader_2_7.csv
2673,1,1,0,Reader_2_8.csv
2673,0,0,0,Reader_2_9.csv
2673,46,43,3,reader_3_1.csv
2673,3,3,0,Reader_3_2.csv
2673,0,0,0,Reader_3_3.csv
2673,0,0,0,Reader_3_4.csv
2673,20,16,4,Reader_3_5.csv
2673,2,2,0,Reader_3_6.csv
2673,2,2,0,Reader_3_7.csv
2674,1,0,1,Reader_1_1.csv
2674,0,0,0,Reader_1_10.csv
2674,3,3,0,Reader_1_11.csv
2674,2,2,0,Reader_1_12.csv
2674,3,3,0,Reader_1_2.csv
2674,1,1,0,Reader_1_3.csv
2674,0,0,0,Reader_1_4.csv
2674,3,2,1,Reader_1_5.csv
2674,2,2,0,Reader_1_6.csv
2674,0,0,0,Reader_1_7.csv
2674,0,0,0,Reader_1_8.csv
2674,0,0,0,Reader_1_9.csv
2674,3,2,1,Reader_2_1.csv
2674,0,0,0,Reader_2_10.csv
2674,0,0,0,Reader_2_11.csv
2674,8,7,1,Reader_2_12.csv
2674,0,0,0,Reader_2_2.csv
2674,2,2,0,Reader_2_3.csv
2674,0,0,0,Reader_2_4.csv
2674,1,0,1,Reader_2_5.csv
2674,1,1,0,Reader_2_6.csv
2674,0,0,0,Reader_2_7.csv
2674,1,1,0,Reader_2_8.csv
2674,0,0,0,Reader_2_9.csv
2674,44,40,4,reader_3_1.csv
2674,2,2,0,Reader_3_2.csv
2674,0,0,0,Reader_3_3.csv
2674,0,0,0,Reader_3_4.csv
2674,18,14,4,Reader_3_5.csv
2674,2,2,0,Reader_3_6.csv
2674,1,1,0,Reader_3_7.csv
2675,1,0,1,Reader_1_1.csv
2675,0,0,0,Reader_1_10.csv
2675,3,3,0,Reader_1_11.csv
2675,1,1,0,Reader_1_12.csv
2675,3,3,0,Reader_1_2.csv
2675,1,1,0,Reader_1_3.csv
2675,0,0,0,Reader_1_4.csv
2675,2,1,1,Reader_1_5.csv
2675,2,2,0,Reader_1_6.csv
2675,0,0,0,Reader_1_7.csv
2675,0,0,0,Reader_1_8.csv
2675,0,0,0,Reader_1_9.csv
2675,3,2,1,Reader_2_1.csv
2675,0,0,0,Reader_2_10.csv
2675,0,0,0,Reader_2_11.csv
2675,10,8,2,Reader_2_12.csv
2675,0,0,0,Reader_2_2.csv
2675,2,2,0,Reader_2_3.csv
2675,0,0,0,Reader_2_4.csv
2675,1,0,1,Reader_2_5.csv
2675,1,1,0,Reader_2_6.csv
2675,0,0,0,Reader_2_7.csv
2675,1,1,0,Reader_2_8.csv
2675,0,0,0,Reader_2_9.csv
2675,45,40,5,reader_3_1.csv
2675,1,1,0,Reader_3_2.csv
2675,0,0,0,Reader_3_3.csv
2675,0,0,0,Reader_3_4.csv
2675,17,13,4,Reader_3_5.csv
2675,2,2,0,Reader_3_6.csv
2675,0,0,0,Reader_3_7.csv
2676,1,0,1,Reader_1_1.csv
2676,0,0,0,Reader_1_10.csv
2676,1,1,0,Reader_1_11.csv
2676,1,1,0,Reader_1_12.csv
2676,3,3,0,Reader_1_2.csv
2676,1,1,0,Reader_1_3.csv
2676,0,0,0,Reader_1_4.csv
2676,2,1,1,Reader_1_5.csv
2676,3,3,0,Reader_1_6.csv
2676,0,0,0,Reader_1_7.csv
2676,0,0,0,Reader_1_8.csv
2676,0,0,0,Reader_1_9.csv
2676,4,3,1,Reader_2_1.csv
2676,1,1,0,Reader_2_10.csv
2676,0,0,0,Reader_2_11.csv
2676,10,8,2,Reader_2_12.csv
2676,0,0,0,Reader_2_2.csv
2676,2,2,0,Reader_2_3.csv
2676,0,0,0,Reader_2_4.csv
2676,1,0,1,Reader_2_5.csv
2676,0,0,0,Reader_2_6.csv
2676,0,0,0,Reader_2_7.csv
2676,1,1,0,Reader_2_8.csv
2676,0,0,0,Reader_2_9.csv
2676,41,36,5,reader_3_1.csv
2676,1,1,0,Reader_3_2.csv
2676,0,0,0,Reader_3_3.csv
2676,0,0,0,Reader_3_4.csv
2676,13,11,2,Reader_3_5.csv
2676,3,3,0,Reader_3_6.csv
2676,1,1,0,Reader_3_7.csv
2677,4,1,3,Reader_1_1.csv
2677,0,0,0,Reader_1_10.csv
2677,1,1,0,Reader_1_11.csv
2677,1,1,0,Reader_1_12.csv
2677,2,2,0,Reader_1_2.csv
2677,1,1,0,Reader_1_3.csv
2677,0,0,0,Reader_1_4.csv
2677,3,2,1,Reader_1_5.csv
2677,3,3,0,Reader_1_6.csv
2677,0,0,0,Reader_1_7.csv
2677,0,0,0,Reader_1_8.csv
2677,0,0,0,Reader_1_9.csv
2677,5,4,1,Reader_2_1.csv
2677,1,1,0,Reader_2_10.csv
2677,0,0,0,Reader_2_11.csv
2677,8,6,2,Reader_2_12.csv
2677,0,0,0,Reader_2_2.csv
2677,1,1,0,Reader_2_3.csv
2677,0,0,0,Reader_2_4.csv
2677,1,0,1,Reader_2_5.csv
2677,1,1,0,Reader_2_6.csv
2677,0,0,0,Reader_2_7.csv
2677,1,1,0,Reader_2_8.csv
2677,0,0,0,Reader_2_9.csv
2677,43,38,5,reader_3_1.csv
2677,1,1,0,Reader_3_2.csv
2677,0,0,0,Reader_3_3.csv
2677,0,0,0,Reader_3_4.csv
2677,13,11,2,Reader_3_5.csv
2677,2,2,0,Reader_3_6.csv
2677,1,1,0,Reader_3_7.csv
2678,4,1,3,Reader_1_1.csv
2678,0,0,0,Reader_1_10.csv
2678,2,2,0,Reader_1_11.csv
2678,3,3,0,Reader_1_12.csv
2678,1,1,0,Reader_1_2.csv
2678,0,0,0,Reader_1_3.csv
2678,0,0,0,Reader_1_4.csv
2678,4,3,1,Reader_1_5.csv
2678,3,3,0,Reader_1_6.csv
2678,0,0,0,Reader_1_7.csv
2678,0,0,0,Reader_1_8.csv
2678,0,0,0,Reader_1_9.csv
2678,5,5,0,Reader_2_1.csv
2678,1,1,0,Reader_2_10.csv
2678,0,0,0,Reader_2_11.csv
2678,8,6,2,Reader_2_12.csv
2678,0,0,0,Reader_2_2.csv
2678,1,1,0,Reader_2_3.csv
2678,0,0,0,Reader_2_4.csv
2678,0,0,0,Reader_2_5.csv
2678,1,1,0,Reader_2_6.csv
2678,0,0,0,Reader_2_7.csv
2678,0,0,0,Reader_2_8.csv
2678,0,0,0,Reader_2_9.csv
2678,44,38,6,reader_3_1.csv
2678,1,1,0,Reader_3_2.csv
2678,0,0,0,Reader_3_3.csv
2678,0,0,0,Reader_3_4.csv
2678,10,9,1,Reader_3_5.csv
2678,2,2,0,Reader_3_6.csv
2678,1,1,0,Reader_3_7.csv
2679,4,2,2,Reader_1_1.csv
2679,0,0,0,Reader_1_10.csv
2679,2,2,0,Reader_1_11.csv
2679,4,4,0,Reader_1_12.csv
2679,2,2,0,Reader_1_2.csv
2679,1,1,0,Reader_1_3.csv
2679,0,0,0,Reader_1_4.csv
2679,5,4,1,Reader_1_5.csv
2679,3,3,0,Reader_1_6.csv
2679,0,0,0,Reader_1_7.csv
2679,0,0,0,Reader_1_8.csv
2679,0,0,0,Reader_1_9.csv
2679,6,6,0,Reader_2_1.csv
2679,1,1,0,Reader_2_10.csv
2679,0,0,0,Reader_2_11.csv
2679,8,7,1,Reader_2_12.csv
2679,0,0,0,Reader_2_2.csv
2679,1,1,0,Reader_2_3.csv
2679,0,0,0,Reader_2_4.csv
2679,0,0,0,Reader_2_5.csv
2679,1,1,0,Reader_2_6.csv
2679,0,0,0,Reader_2_7.csv
2679,0,0,0,Reader_2_8.csv
2679,0,0,0,Reader_2_9.csv
2679,41,36,5,reader_3_1.csv
2679,1,1,0,Reader_3_2.csv
2679,0,0,0,Reader_3_3.csv
2679,0,0,0,Reader_3_4.csv
2679,8,6,2,Reader_3_5.csv
2679,2,2,0,Reader_3_6.csv
2679,1,1,0,Reader_3_7.csv
2680,5,3,2,Reader_1_1.csv
2680,0,0,0,Reader_1_10.csv
2680,2,2,0,Reader_1_11.csv
2680,4,4,0,Reader_1_12.csv
2680,2,2,0,Reader_1_2.csv
2680,1,1,0,Reader_1_3.csv
2680,0,0,0,Reader_1_4.csv
2680,5,3,2,Reader_1_5.csv
2680,3,3,0,Reader_1_6.csv
2680,0,0,0,Reader_1_7.csv
2680,0,0,0,Reader_1_8.csv
2680,0,0,0,Reader_1_9.csv
2680,7,7,0,Reader_2_1.csv
2680,1,1,0,Reader_2_10.csv
2680,0,0,0,Reader_2_11.csv
2680,7,6,1,Reader_2_12.csv
2680,0,0,0,Reader_2_2.csv
2680,0,0,0,Reader_2_3.csv
2680,0,0,0,Reader_2_4.csv
2680,0,0,0,Reader_2_5.csv
2680,1,1,0,Reader_2_6.csv
2680,0,0,0,Reader_2_7.csv
2680,0,0,0,Reader_2_8.csv
2680,0,0,0,Reader_2_9.csv
2680,39,34,5,reader_3_1.csv
2680,1,1,0,Reader_3_2.csv
2680,1,1,0,Reader_3_3.csv
2680,1,1,0,Reader_3_4.csv
2680,8,7,1,Reader_3_5.csv
2680,2,2,0,Reader_3_6.csv
2680,1,1,0,Reader_3_7.csv
2681,7,5,2,Reader_1_1.csv
2681,0,0,0,Reader_1_10.csv
2681,2,2,0,Reader_1_11.csv
2681,4,4,0,Reader_1_12.csv
2681,1,1,0,Reader_1_2.csv
2681,1,1,0,Reader_1_3.csv
2681,0,0,0,Reader_1_4.csv
2681,4,3,1,Reader_1_5.csv
2681,1,1,0,Reader_1_6.csv
2681,0,0,0,Reader_1_7.csv
2681,0,0,0,Reader_1_8.csv
2681,0,0,0,Reader_1_9.csv
2681,6,6,0,Reader_2_1.csv
2681,1,1,0,Reader_2_10.csv
2681,0,0,0,Reader_2_11.csv
2681,7,5,2,Reader_2_12.csv
2681,0,0,0,Reader_2_2.csv
2681,1,0,1,Reader_2_3.csv
2681,0,0,0,Reader_2_4.csv
2681,0,0,0,Reader_2_5.csv
2681,2,2,0,Reader_2_6.csv
2681,0,0,0,Reader_2_7.csv
2681,0,0,0,Reader_2_8.csv
2681,0,0,0,Reader_2_9.csv
2681,35,30,5,reader_3_1.csv
2681,2,2,0,Reader_3_2.csv
2681,1,1,0,Reader_3_3.csv
2681,1,1,0,Reader_3_4.csv
2681,10,9,1,Reader_3_5.csv
2681,2,2,0,Reader_3_6.csv
2681,1,1,0,Reader_3_7.csv
2682,7,5,2,Reader_1_1.csv
2682,0,0,0,Reader_1_10.csv
2682,2,2,0,Reader_1_11.csv
2682,3,3,0,Reader_1_12.csv
2682,1,1,0,Reader_1_2.csv
2682,1,1,0,Reader_1_3.csv
2682,0,0,0,Reader_1_4.csv
2682,5,3,2,Reader_1_5.csv
2682,1,1,0,Reader_1_6.csv
2682,0,0,0,Reader_1_7.csv
2682,0,0,0,Reader_1_8.csv
2682,0,0,0,Reader_1_9.csv
2682,7,6,1,Reader_2_1.csv
2682,1,1,0,Reader_2_10.csv
2682,0,0,0,Reader_2_11.csv
2682,5,3,2,Reader_2_12.csv
2682,0,0,0,Reader_2_2.csv
2682,1,0,1,Reader_2_3.csv
2682,0,0,0,Reader_2_4.csv
2682,0,0,0,Reader_2_5.csv
2682,2,2,0,Reader_2_6.csv
2682,0,0,0,Reader_2_7.csv
2682,0,0,0,Reader_2_8.csv
2682,0,0,0,Reader_2_9.csv
2682,31,28,3,reader_3_1.csv
2682,4,4,0,Reader_3_2.csv
2682,1,1,0,Reader_3_3.csv
2682,1,1,0,Reader_3_4.csv
2682,10,9,1,Reader_3_5.csv
2682,2,2,0,Reader_3_6.csv
2682,1,1,0,Reader_3_7.csv
2683,8,6,2,Reader_1_1.csv
2683,0,0,0,Reader_1_10.csv
2683,2,2,0,Reader_1_11.csv
2683,3,3,0,Reader_1_12.csv
2683,1,1,0,Reader_1_2.csv
2683,1,1,0,Reader_1_3.csv
2683,0,0,0,Reader_1_4.csv
2683,5,3,2,Reader_1_5.csv
2683,1,1,0,Reader_1_6.csv
2683,0,0,0,Reader_1_7.csv
2683,0,0,0,Reader_1_8.csv
2683,0,0,0,Reader_1_9.csv
2683,7,6,1,Reader_2_1.csv
2683,1,1,0,Reader_2_10.csv
2683,0,0,0,Reader_2_11.csv
2683,2,1,1,Reader_2_12.csv
2683,0,0,0,Reader_2_2.csv
2683,1,0,1,Reader_2_3.csv
2683,0,0,0,Reader_2_4.csv
2683,0,0,0,Reader_2_5.csv
2683,2,2,0,Reader_2_6.csv
2683,0,0,0,Reader_2_7.csv
2683,0,0,0,Reader_2_8.csv
2683,0,0,0,Reader_2_9.csv
2683,26,25,1,reader_3_1.csv
2683,4,4,0,Reader_3_2.csv
2683,1,1,0,Reader_3_3.csv
2683,1,1,0,Reader_3_4.csv
2683,9,8,1,Reader_3_5.csv
2683,2,2,0,Reader_3_6.csv
2683,1,1,0,Reader_3_7.csv
2684,8,6,2,Reader_1_1.csv
2684,0,0,0,Reader_1_10.csv
2684,2,2,0,Reader_1_11.csv
2684,3,3,0,Reader_1_12.csv
2684,1,1,0,Reader_1_2.csv
2684,1,1,0,Reader_1_3.csv
2684,0,0,0,Reader_1_4.csv
2684,5,3,2,Reader_1_5.csv
2684,0,0,0,Reader_1_6.csv
2684,0,0,0,Reader_1_7.csv
2684,0,0,0,Reader_1_8.csv
2684,0,0,0,Reader_1_9.csv
2684,7,5,2,Reader_2_1.csv
2684,0,0,0,Reader_2_10.csv
2684,0,0,0,Reader_2_11.csv
2684,2,1,1,Reader_2_12.csv
2684,0,0,0,Reader_2_2.csv
2684,1,0,1,Reader_2_3.csv
2684,0,0,0,Reader_2_4.csv
2684,0,0,0,Reader_2_5.csv
2684,2,2,0,Reader_2_6.csv
2684,0,0,0,Reader_2_7.csv
2684,0,0,0,Reader_2_8.csv
2684,0,0,0,Reader_2_9.csv
2684,27,26,1,reader_3_1.csv
2684,4,4,0,Reader_3_2.csv
2684,1,1,0,Reader_3_3.csv
2684,1,1,0,Reader_3_4.csv
2684,7,6,1,Reader_3_5.csv
2684,0,0,0,Reader_3_6.csv
2684,0,0,0,Reader_3_7.csv
2685,5,5,0,Reader_1_1.csv
2685,0,0,0,Reader_1_10.csv
2685,1,1,0,Reader_1_11.csv
2685,3,3,0,Reader_1_12.csv
2685,1,1,0,Reader_1_2.csv
2685,1,1,0,Reader_1_3.csv
2685,0,0,0,Reader_1_4.csv
2685,4,2,2,Reader_1_5.csv
2685,0,0,0,Reader_1_6.csv
2685,0,0,0,Reader_1_7.csv
2685,0,0,0,Reader_1_8.csv
2685,0,0,0,Reader_1_9.csv
2685,6,4,2,Reader_2_1.csv
2685,0,0,0,Reader_2_10.csv
2685,0,0,0,Reader_2_11.csv
2685,2,1,1,Reader_2_12.csv
2685,0,0,0,Reader_2_2.csv
2685,1,0,1,Reader_2_3.csv
2685,0,0,0,Reader_2_4.csv
2685,0,0,0,Reader_2_5.csv
2685,1,1,0,Reader_2_6.csv
2685,0,0,0,Reader_2_7.csv
2685,0,0,0,Reader_2_8.csv
2685,0,0,0,Reader_2_9.csv
2685,23,22,1,reader_3_1.csv
2685,4,4,0,Reader_3_2.csv
2685,2,1,1,Reader_3_3.csv
2685,2,1,1,Reader_3_4.csv
2685,7,6,1,Reader_3_5.csv
2685,0,0,0,Reader_3_6.csv
2685,0,0,0,Reader_3_7.csv
2686,5,5,0,Reader_1_1.csv
2686,0,0,0,Reader_1_10.csv
2686,0,0,0,Reader_1_11.csv
2686,2,2,0,Reader_1_12.csv
2686,2,2,0,Reader_1_2.csv
2686,1,1,0,Reader_1_3.csv
2686,0,0,0,Reader_1_4.csv
2686,3,1,2,Reader_1_5.csv
2686,1,1,0,Reader_1_6.csv
2686,0,0,0,Reader_1_7.csv
2686,1,0,1,Reader_1_8.csv
2686,0,0,0,Reader_1_9.csv
2686,5,3,2,Reader_2_1.csv
2686,0,0,0,Reader_2_10.csv
2686,0,0,0,Reader_2_11.csv
2686,2,1,1,Reader_2_12.csv
2686,0,0,0,Reader_2_2.csv
2686,2,0,2,Reader_2_3.csv
2686,0,0,0,Reader_2_4.csv
2686,0,0,0,Reader_2_5.csv
2686,1,1,0,Reader_2_6.csv
2686,0,0,0,Reader_2_7.csv
2686,0,0,0,Reader_2_8.csv
2686,0,0,0,Reader_2_9.csv
2686,18,18,0,reader_3_1.csv
2686,4,4,0,Reader_3_2.csv
2686,2,1,1,Reader_3_3.csv
2686,2,1,1,Reader_3_4.csv
2686,10,9,1,Reader_3_5.csv
2686,0,0,0,Reader_3_6.csv
2686,0,0,0,Reader_3_7.csv
2687,5,5,0,Reader_1_1.csv
2687,0,0,0,Reader_1_10.csv
2687,0,0,0,Reader_1_11.csv
2687,1,1,0,Reader_1_12.csv
2687,1,1,0,Reader_1_2.csv
2687,0,0,0,Reader_1_3.csv
2687,0,0,0,Reader_1_4.csv
2687,2,0,2,Reader_1_5.csv
2687,1,1,0,Reader_1_6.csv
2687,0,0,0,Reader_1_7.csv
2687,1,0,1,Reader_1_8.csv
2687,0,0,0,Reader_1_9.csv
2687,4,2,2,Reader_2_1.csv
2687,0,0,0,Reader_2_10.csv
2687,0,0,0,Reader_2_11.csv
2687,1,0,1,Reader_2_12.csv
2687,1,1,0,Reader_2_2.csv
2687,2,0,2,Reader_2_3.csv
2687,0,0,0,Reader_2_4.csv
2687,0,0,0,Reader_2_5.csv
2687,1,1,0,Reader_2_6.csv
2687,0,0,0,Reader_2_7.csv
2687,0,0,0,Reader_2_8.csv
2687,0,0,0,Reader_2_9.csv
2687,15,14,1,reader_3_1.csv
2687,4,4,0,Reader_3_2.csv
2687,2,1,1,Reader_3_3.csv
2687,2,1,1,Reader_3_4.csv
2687,9,9,0,Reader_3_5.csv
2687,0,0,0,Reader_3_6.csv
2687,0,0,0,Reader_3_7.csv
2688,5,5,0,Reader_1_1.csv
2688,0,0,0,Reader_1_10.csv
2688,0,0,0,Reader_1_11.csv
2688,1,1,0,Reader_1_12.csv
2688,1,1,0,Reader_1_2.csv
2688,1,1,0,Reader_1_3.csv
2688,0,0,0,Reader_1_4.csv
2688,1,0,1,Reader_1_5.csv
2688,1,1,0,Reader_1_6.csv
2688,0,0,0,Reader_1_7.csv
2688,1,0,1,Reader_1_8.csv
2688,0,0,0,Reader_1_9.csv
2688,2,0,2,Reader_2_1.csv
2688,0,0,0,Reader_2_10.csv
2688,0,0,0,Reader_2_11.csv
2688,1,0,1,Reader_2_12.csv
2688,1,1,0,Reader_2_2.csv
2688,2,0,2,Reader_2_3.csv
2688,0,0,0,Reader_2_4.csv
2688,0,0,0,Reader_2_5.csv
2688,1,1,0,Reader_2_6.csv
2688,0,0,0,Reader_2_7.csv
2688,0,0,0,Reader_2_8.csv
2688,0,0,0,Reader_2_9.csv
2688,12,11,1,reader_3_1.csv
2688,5,5,0,Reader_3_2.csv
2688,1,0,1,Reader_3_3.csv
2688,1,0,1,Reader_3_4.csv
2688,9,9,0,Reader_3_5.csv
2688,1,1,0,Reader_3_6.csv
2688,0,0,0,Reader_3_7.csv
2689,3,3,0,Reader_1_1.csv
2689,0,0,0,Reader_1_10.csv
2689,1,1,0,Reader_1_11.csv
2689,1,1,0,Reader_1_12.csv
2689,1,1,0,Reader_1_2.csv
2689,1,1,0,Reader_1_3.csv
2689,0,0,0,Reader_1_4.csv
2689,1,0,1,Reader_1_5.csv
2689,1,1,0,Reader_1_6.csv
2689,0,0,0,Reader_1_7.csv
2689,2,1,1,Reader_1_8.csv
2689,0,0,0,Reader_1_9.csv
2689,2,0,2,Reader_2_1.csv
2689,0,0,0,Reader_2_10.csv
2689,0,0,0,Reader_2_11.csv
2689,0,0,0,Reader_2_12.csv
2689,1,1,0,Reader_2_2.csv
2689,1,0,1,Reader_2_3.csv
2689,0,0,0,Reader_2_4.csv
2689,0,0,0,Reader_2_5.csv
2689,0,0,0,Reader_2_6.csv
2689,0,0,0,Reader_2_7.csv
2689,0,0,0,Reader_2_8.csv
2689,0,0,0,Reader_2_9.csv
2689,12,11,1,reader_3_1.csv
2689,4,4,0,Reader_3_2.csv
2689,3,1,2,Reader_3_3.csv
2689,3,1,2,Reader_3_4.csv
2689,7,7,0,Reader_3_5.csv
2689,2,1,1,Reader_3_6.csv
2689,0,0,0,Reader_3_7.csv
2690,4,4,0,Reader_1_1.csv
2690,0,0,0,Reader_1_10.csv
2690,1,1,0,Reader_1_11.csv
2690,3,3,0,Reader_1_12.csv
2690,2,1,1,Reader_1_2.csv
2690,1,1,0,Reader_1_3.csv
2690,0,0,0,Reader_1_4.csv
2690,0,0,0,Reader_1_5.csv
2690,2,2,0,Reader_1_6.csv
2690,0,0,0,Reader_1_7.csv
2690,2,1,1,Reader_1_8.csv
2690,0,0,0,Reader_1_9.csv
2690,1,0,1,Reader_2_1.csv
2690,0,0,0,Reader_2_10.csv
2690,0,0,0,Reader_2_11.csv
2690,0,0,0,Reader_2_12.csv
2690,1,1,0,Reader_2_2.csv
2690,1,0,1,Reader_2_3.csv
2690,0,0,0,Reader_2_4.csv
2690,0,0,0,Reader_2_5.csv
2690,0,0,0,Reader_2_6.csv
2690,0,0,0,Reader_2_7.csv
2690,0,0,0,Reader_2_8.csv
2690,0,0,0,Reader_2_9.csv
2690,11,10,1,reader_3_1.csv
2690,2,2,0,Reader_3_2.csv
2690,3,1,2,Reader_3_3.csv
2690,3,1,2,Reader_3_4.csv
2690,8,8,0,Reader_3_5.csv
2690,2,1,1,Reader_3_6.csv
2690,0,0,0,Reader_3_7.csv
2691,6,5,1,Reader_1_1.csv
2691,0,0,0,Reader_1_10.csv
2691,1,1,0,Reader_1_11.csv
2691,3,3,0,Reader_1_12.csv
2691,2,1,1,Reader_1_2.csv
2691,2,2,0,Reader_1_3.csv
2691,0,0,0,Reader_1_4.csv
2691,2,1,1,Reader_1_5.csv
2691,2,2,0,Reader_1_6.csv
2691,0,0,0,Reader_1_7.csv
2691,2,1,1,Reader_1_8.csv
2691,0,0,0,Reader_1_9.csv
2691,3,2,1,Reader_2_1.csv
2691,0,0,0,Reader_2_10.csv
2691,0,0,0,Reader_2_11.csv
2691,1,1,0,Reader_2_12.csv
2691,1,1,0,Reader_2_2.csv
2691,1,0,1,Reader_2_3.csv
2691,1,1,0,Reader_2_4.csv
2691,0,0,0,Reader_2_5.csv
2691,0,0,0,Reader_2_6.csv
2691,0,0,0,Reader_2_7.csv
2691,0,0,0,Reader_2_8.csv
2691,0,0,0,Reader_2_9.csv
2691,9,8,1,reader_3_1.csv
2691,3,3,0,Reader_3_2.csv
2691,3,1,2,Reader_3_3.csv
2691,3,1,2,Reader_3_4.csv
2691,7,7,0,Reader_3_5.csv
2691,2,1,1,Reader_3_6.csv
2691,0,0,0,Reader_3_7.csv
2692,6,5,1,Reader_1_1.csv
2692,0,0,0,Reader_1_10.csv
2692,1,1,0,Reader_1_11.csv
2692,3,3,0,Reader_1_12.csv
2692,2,1,1,Reader_1_2.csv
2692,2,2,0,Reader_1_3.csv
2692,0,0,0,Reader_1_4.csv
2692,2,1,1,Reader_1_5.csv
2692,2,2,0,Reader_1_6.csv
2692,0,0,0,Reader_1_7.csv
2692,2,1,1,Reader_1_8.csv
2692,0,0,0,Reader_1_9.csv
2692,2,2,0,Reader_2_1.csv
2692,0,0,0,Reader_2_10.csv
2692,0,0,0,Reader_2_11.csv
2692,2,2,0,Reader_2_12.csv
2692,1,1,0,Reader_2_2.csv
2692,2,1,1,Reader_2_3.csv
2692,1,1,0,Reader_2_4.csv
2692,0,0,0,Reader_2_5.csv
2692,0,0,0,Reader_2_6.csv
2692,0,0,0,Reader_2_7.csv
2692,0,0,0,Reader_2_8.csv
2692,0,0,0,Reader_2_9.csv
2692,8,7,1,reader_3_1.csv
2692,2,2,0,Reader_3_2.csv
2692,3,1,2,Reader_3_3.csv
2692,3,1,2,Reader_3_4.csv
2692,9,9,0,Reader_3_5.csv
2692,2,1,1,Reader_3_6.csv
2692,0,0,0,Reader_3_7.csv
2693,7,6,1,Reader_1_1.csv
2693,0,0,0,Reader_1_10.csv
2693,1,1,0,Reader_1_11.csv
2693,3,3,0,Reader_1_12.csv
2693,2,1,1,Reader_1_2.csv
2693,2,2,0,Reader_1_3.csv
2693,0,0,0,Reader_1_4.csv
2693,2,1,1,Reader_1_5.csv
2693,2,2,0,Reader_1_6.csv
2693,0,0,0,Reader_1_7.csv
2693,2,1,1,Reader_1_8.csv
2693,0,0,0,Reader_1_9.csv
2693,2,2,0,Reader_2_1.csv
2693,0,0,0,Reader_2_10.csv
2693,0,0,0,Reader_2_11.csv
2693,2,2,0,Reader_2_12.csv
2693,1,1,0,Reader_2_2.csv
2693,2,1,1,Reader_2_3.csv
2693,1,1,0,Reader_2_4.csv
2693,0,0,0,Reader_2_5.csv
2693,0,0,0,Reader_2_6.csv
2693,0,0,0,Reader_2_7.csv
2693,0,0,0,Reader_2_8.csv
2693,0,0,0,Reader_2_9.csv
2693,7,6,1,reader_3_1.csv
2693,2,2,0,Reader_3_2.csv
2693,2,1,1,Reader_3_3.csv
2693,2,1,1,Reader_3_4.csv
2693,11,11,0,Reader_3_5.csv
2693,3,2,1,Reader_3_6.csv
2693,0,0,0,Reader_3_7.csv
2694,8,7,1,Reader_1_1.csv
2694,0,0,0,Reader_1_10.csv
2694,1,1,0,Reader_1_11.csv
2694,2,2,0,Reader_1_12.csv
2694,1,0,1,Reader_1_2.csv
2694,2,2,0,Reader_1_3.csv
2694,2,1,1,Reader_1_4.csv
2694,2,1,1,Reader_1_5.csv
2694,1,1,0,Reader_1_6.csv
2694,0,0,0,Reader_1_7.csv
2694,1,1,0,Reader_1_8.csv
2694,0,0,0,Reader_1_9.csv
2694,2,2,0,Reader_2_1.csv
2694,0,0,0,Reader_2_10.csv
2694,0,0,0,Reader_2_11.csv
2694,2,2,0,Reader_2_12.csv
2694,1,1,0,Reader_2_2.csv
2694,1,1,0,Reader_2_3.csv
2694,1,1,0,Reader_2_4.csv
2694,0,0,0,Reader_2_5.csv
2694,0,0,0,Reader_2_6.csv
2694,0,0,0,Reader_2_7.csv
2694,0,0,0,Reader_2_8.csv
2694,0,0,0,Reader_2_9.csv
2694,7,6,1,reader_3_1.csv
2694,3,2,1,Reader_3_2.csv
2694,3,1,2,Reader_3_3.csv
2694,3,1,2,Reader_3_4.csv
2694,11,10,1,Reader_3_5.csv
2694,3,2,1,Reader_3_6.csv
2694,1,1,0,Reader_3_7.csv
2695,7,6,1,Reader_1_1.csv
2695,0,0,0,Reader_1_10.csv
2695,1,1,0,Reader_1_11.csv
2695,3,3,0,Reader_1_12.csv
2695,2,1,1,Reader_1_2.csv
2695,2,2,0,Reader_1_3.csv
2695,2,1,1,Reader_1_4.csv
2695,2,1,1,Reader_1_5.csv
2695,1,1,0,Reader_1_6.csv
2695,0,0,0,Reader_1_7.csv
2695,1,1,0,Reader_1_8.csv
2695,0,0,0,Reader_1_9.csv
2695,2,2,0,Reader_2_1.csv
2695,0,0,0,Reader_2_10.csv
2695,0,0,0,Reader_2_11.csv
2695,3,2,1,Reader_2_12.csv
2695,0,0,0,Reader_2_2.csv
2695,1,1,0,Reader_2_3.csv
2695,1,1,0,Reader_2_4.csv
2695,0,0,0,Reader_2_5.csv
2695,0,0,0,Reader_2_6.csv
2695,0,0,0,Reader_2_7.csv
2695,0,0,0,Reader_2_8.csv
2695,0,0,0,Reader_2_9.csv
2695,5,5,0,reader_3_1.csv
2695,5,4,1,Reader_3_2.csv
2695,4,1,3,Reader_3_3.csv
2695,4,1,3,Reader_3_4.csv
2695,11,10,1,Reader_3_5.csv
2695,4,3,1,Reader_3_6.csv
2695,2,2,0,Reader_3_7.csv
2696,6,5,1,Reader_1_1.csv
2696,0,0,0,Reader_1_10.csv
2696,1,1,0,Reader_1_11.csv
2696,4,4,0,Reader_1_12.csv
2696,2,1,1,Reader_1_2.csv
2696,1,1,0,Reader_1_3.csv
2696,2,1,1,Reader_1_4.csv
2696,3,2,1,Reader_1_5.csv
2696,1,1,0,Reader_1_6.csv
2696,0,0,0,Reader_1_7.csv
2696,1,1,0,Reader_1_8.csv
2696,0,0,0,Reader_1_9.csv
2696,2,2,0,Reader_2_1.csv
2696,0,0,0,Reader_2_10.csv
2696,0,0,0,Reader_2_11.csv
2696,3,2,1,Reader_2_12.csv
2696,0,0,0,Reader_2_2.csv
2696,1,1,0,Reader_2_3.csv
2696,1,1,0,Reader_2_4.csv
2696,0,0,0,Reader_2_5.csv
2696,0,0,0,Reader_2_6.csv
2696,0,0,0,Reader_2_7.csv
2696,0,0,0,Reader_2_8.csv
2696,0,0,0,Reader_2_9.csv
2696,5,5,0,reader_3_1.csv
2696,4,3,1,Reader_3_2.csv
2696,4,1,3,Reader_3_3.csv
2696,4,1,3,Reader_3_4.csv
2696,9,8,1,Reader_3_5.csv
2696,3,2,1,Reader_3_6.csv
2696,2,2,0,Reader_3_7.csv
2697,6,5,1,Reader_1_1.csv
2697,0,0,0,Reader_1_10.csv
2697,0,0,0,Reader_1_11.csv
2697,4,4,0,Reader_1_12.csv
2697,2,1,1,Reader_1_2.csv
2697,1,1,0,Reader_1_3.csv
2697,2,1,1,Reader_1_4.csv
2697,3,2,1,Reader_1_5.csv
2697,1,1,0,Reader_1_6.csv
2697,0,0,0,Reader_1_7.csv
2697,0,0,0,Reader_1_8.csv
2697,0,0,0,Reader_1_9.csv
2697,2,2,0,Reader_2_1.csv
2697,0,0,0,Reader_2_10.csv
2697,0,0,0,Reader_2_11.csv
2697,3,2,1,Reader_2_12.csv
2697,0,0,0,Reader_2_2.csv
2697,3,3,0,Reader_2_3.csv
2697,1,1,0,Reader_2_4.csv
2697,0,0,0,Reader_2_5.csv
2697,0,0,0,Reader_2_6.csv
2697,0,0,0,Reader_2_7.csv
2697,0,0,0,Reader_2_8.csv
2697,0,0,0,Reader_2_9.csv
2697,4,4,0,reader_3_1.csv
2697,4,3,1,Reader_3_2.csv
2697,2,0,2,Reader_3_3.csv
2697,2,0,2,Reader_3_4.csv
2697,8,7,1,Reader_3_5.csv
2697,2,2,0,Reader_3_6.csv
2697,2,2,0,Reader_3_7.csv
2698,5,4,1,Reader_1_1.csv
2698,0,0,0,Reader_1_10.csv
2698,0,0,0,Reader_1_11.csv
2698,3,3,0,Reader_1_12.csv
2698,1,1,0,Reader_1_2.csv
2698,1,1,0,Reader_1_3.csv
2698,2,1,1,Reader_1_4.csv
2698,3,2,1,Reader_1_5.csv
2698,0,0,0,Reader_1_6.csv
2698,0,0,0,Reader_1_7.csv
2698,0,0,0,Reader_1_8.csv
2698,0,0,0,Reader_1_9.csv
2698,2,2,0,Reader_2_1.csv
2698,0,0,0,Reader_2_10.csv
2698,1,1,0,Reader_2_11.csv
2698,3,2,1,Reader_2_12.csv
2698,0,0,0,Reader_2_2.csv
2698,4,4,0,Reader_2_3.csv
2698,1,1,0,Reader_2_4.csv
2698,0,0,0,Reader_2_5.csv
2698,0,0,0,Reader_2_6.csv
2698,0,0,0,Reader_2_7.csv
2698,0,0,0,Reader_2_8.csv
2698,0,0,0,Reader_2_9.csv
2698,5,5,0,reader_3_1.csv
2698,6,5,1,Reader_3_2.csv
2698,3,1,2,Reader_3_3.csv
2698,3,1,2,Reader_3_4.csv
2698,7,6,1,Reader_3_5.csv
2698,3,3,0,Reader_3_6.csv
2698,2,2,0,Reader_3_7.csv
2699,3,3,0,Reader_1_1.csv
2699,0,0,0,Reader_1_10.csv
2699,0,0,0,Reader_1_11.csv
2699,3,3,0,Reader_1_12.csv
2699,3,3,0,Reader_1_2.csv
2699,0,0,0,Reader_1_3.csv
2699,2,1,1,Reader_1_4.csv
2699,2,2,0,Reader_1_5.csv
2699,0,0,0,Reader_1_6.csv
2699,0,0,0,Reader_1_7.csv
2699,1,0,1,Reader_1_8.csv
2699,0,0,0,Reader_1_9.csv
2699,0,0,0,Reader_2_1.csv
2699,0,0,0,Reader_2_10.csv
2699,1,1,0,Reader_2_11.csv
2699,2,1,1,Reader_2_12.csv
2699,0,0,0,Reader_2_2.csv
2699,4,4,0,Reader_2_3.csv
2699,0,0,0,Reader_2_4.csv
2699,0,0,0,Reader_2_5.csv
2699,0,0,0,Reader_2_6.csv
2699,0,0,0,Reader_2_7.csv
2699,0,0,0,Reader_2_8.csv
2699,0,0,0,Reader_2_9.csv
2699,5,5,0,reader_3_1.csv
2699,5,4,1,Reader_3_2.csv
2699,3,1,2,Reader_3_3.csv
2699,3,1,2,Reader_3_4.csv
2699,8,7,1,Reader_3_5.csv
2699,3,3,0,Reader_3_6.csv
2699,2,2,0,Reader_3_7.csv
2700,3,3,0,Reader_1_1.csv
2700,0,0,0,Reader_1_10.csv
2700,0,0,0,Reader_1_11.csv
2700,3,3,0,Reader_1_12.csv
2700,3,3,0,Reader_1_2.csv
2700,0,0,0,Reader_1_3.csv
2700,2,1,1,Reader_1_4.csv
2700,2,2,0,Reader_1_5.csv
2700,0,0,0,Reader_1_6.csv
2700,0,0,0,Reader_1_7.csv
2700,1,0,1,Reader_1_8.csv
2700,0,0,0,Reader_1_9.csv
2700,0,0,0,Reader_2_1.csv
2700,0,0,0,Reader_2_10.csv
2700,1,1,0,Reader_2_11.csv
2700,1,0,1,Reader_2_12.csv
2700,0,0,0,Reader_2_2.csv
2700,4,4,0,Reader_2_3.csv
2700,0,0,0,Reader_2_4.csv
2700,0,0,0,Reader_2_5.csv
2700,0,0,0,Reader_2_6.csv
2700,0,0,0,Reader_2_7.csv
2700,0,0,0,Reader_2_8.csv
2700,0,0,0,Reader_2_9.csv
2700,3,3,0,reader_3_1.csv
2700,5,4,1,Reader_3_2.csv
2700,3,1,2,Reader_3_3.csv
2700,3,1,2,Reader_3_4.csv
2700,6,5,1,Reader_3_5.csv
2700,3,3,0,Reader_3_6.csv
2700,2,2,0,Reader_3_7.csv
2701,3,3,0,Reader_1_1.csv
2701,0,0,0,Reader_1_10.csv
2701,0,0,0,Reader_1_11.csv
2701,3,3,0,Reader_1_12.csv
2701,4,4,0,Reader_1_2.csv
2701,0,0,0,Reader_1_3.csv
2701,2,1,1,Reader_1_4.csv
2701,2,2,0,Reader_1_5.csv
2701,0,0,0,Reader_1_6.csv
2701,0,0,0,Reader_1_7.csv
2701,1,0,1,Reader_1_8.csv
2701,0,0,0,Reader_1_9.csv
2701,0,0,0,Reader_2_1.csv
2701,0,0,0,Reader_2_10.csv
2701,1,1,0,Reader_2_11.csv
2701,1,0,1,Reader_2_12.csv
2701,0,0,0,Reader_2_2.csv
2701,4,4,0,Reader_2_3.csv
2701,0,0,0,Reader_2_4.csv
2701,0,0,0,Reader_2_5.csv
2701,0,0,0,Reader_2_6.csv
2701,0,0,0,Reader_2_7.csv
2701,0,0,0,Reader_2_8.csv
2701,0,0,0,Reader_2_9.csv
2701,4,4,0,reader_3_1.csv
2701,5,4,1,Reader_3_2.csv
2701,4,2,2,Reader_3_3.csv
2701,4,2,2,Reader_3_4.csv
2701,4,3,1,Reader_3_5.csv
2701,2,2,0,Reader_3_6.csv
2701,3,3,0,Reader_3_7.csv
2702,2,2,0,Reader_1_1.csv
2702,0,0,0,Reader_1_10.csv
2702,0,0,0,Reader_1_11.csv
2702,3,3,0,Reader_1_12.csv
2702,5,5,0,Reader_1_2.csv
2702,0,0,0,Reader_1_3.csv
2702,0,0,0,Reader_1_4.csv
2702,2,2,0,Reader_1_5.csv
2702,0,0,0,Reader_1_6.csv
2702,0,0,0,Reader_1_7.csv
2702,1,0,1,Reader_1_8.csv
2702,0,0,0,Reader_1_9.csv
2702,0,0,0,Reader_2_1.csv
2702,0,0,0,Reader_2_10.csv
2702,1,1,0,Reader_2_11.csv
2702,1,0,1,Reader_2_12.csv
2702,0,0,0,Reader_2_2.csv
2702,5,5,0,Reader_2_3.csv
2702,0,0,0,Reader_2_4.csv
2702,0,0,0,Reader_2_5.csv
2702,0,0,0,Reader_2_6.csv
2702,0,0,0,Reader_2_7.csv
2702,0,0,0,Reader_2_8.csv
2702,0,0,0,Reader_2_9.csv
2702,4,4,0,reader_3_1.csv
2702,4,4,0,Reader_3_2.csv
2702,3,2,1,Reader_3_3.csv
2702,3,2,1,Reader_3_4.csv
2702,1,1,0,Reader_3_5.csv
2702,3,3,0,Reader_3_6.csv
2702,3,3,0,Reader_3_7.csv
2703,3,3,0,Reader_1_1.csv
2703,0,0,0,Reader_1_10.csv
2703,0,0,0,Reader_1_11.csv
2703,3,3,0,Reader_1_12.csv
2703,4,4,0,Reader_1_2.csv
2703,0,0,0,Reader_1_3.csv
2703,1,1,0,Reader_1_4.csv
2703,3,3,0,Reader_1_5.csv
2703,0,0,0,Reader_1_6.csv
2703,0,0,0,Reader_1_7.csv
2703,1,0,1,Reader_1_8.csv
2703,0,0,0,Reader_1_9.csv
2703,0,0,0,Reader_2_1.csv
2703,0,0,0,Reader_2_10.csv
2703,1,1,0,Reader_2_11.csv
2703,0,0,0,Reader_2_12.csv
2703,0,0,0,Reader_2_2.csv
2703,5,5,0,Reader_2_3.csv
2703,0,0,0,Reader_2_4.csv
2703,0,0,0,Reader_2_5.csv
2703,0,0,0,Reader_2_6.csv
2703,0,0,0,Reader_2_7.csv
2703,0,0,0,Reader_2_8.csv
2703,0,0,0,Reader_2_9.csv
2703,3,3,0,reader_3_1.csv
2703,2,2,0,Reader_3_2.csv
2703,3,3,0,Reader_3_3.csv
2703,3,3,0,Reader_3_4.csv
2703,2,2,0,Reader_3_5.csv
2703,2,2,0,Reader_3_6.csv
2703,2,2,0,Reader_3_7.csv
2704,3,3,0,Reader_1_1.csv
2704,0,0,0,Reader_1_10.csv
2704,0,0,0,Reader_1_11.csv
2704,2,2,0,Reader_1_12.csv
2704,4,4,0,Reader_1_2.csv
2704,0,0,0,Reader_1_3.csv
2704,1,1,0,Reader_1_4.csv
2704,2,2,0,Reader_1_5.csv
2704,0,0,0,Reader_1_6.csv
2704,0,0,0,Reader_1_7.csv
2704,2,1,1,Reader_1_8.csv
2704,0,0,0,Reader_1_9.csv
2704,0,0,0,Reader_2_1.csv
2704,0,0,0,Reader_2_10.csv
2704,1,1,0,Reader_2_11.csv
2704,1,0,1,Reader_2_12.csv
2704,0,0,0,Reader_2_2.csv
2704,6,5,1,Reader_2_3.csv
2704,0,0,0,Reader_2_4.csv
2704,0,0,0,Reader_2_5.csv
2704,0,0,0,Reader_2_6.csv
2704,0,0,0,Reader_2_7.csv
2704,0,0,0,Reader_2_8.csv
2704,0,0,0,Reader_2_9.csv
2704,3,3,0,reader_3_1.csv
2704,2,2,0,Reader_3_2.csv
2704,3,3,0,Reader_3_3.csv
2704,3,3,0,Reader_3_4.csv
2704,2,2,0,Reader_3_5.csv
2704,2,2,0,Reader_3_6.csv
2704,2,2,0,Reader_3_7.csv
2705,4,3,1,Reader_1_1.csv
2705,0,0,0,Reader_1_10.csv
2705,0,0,0,Reader_1_11.csv
2705,2,2,0,Reader_1_12.csv
2705,4,4,0,Reader_1_2.csv
2705,0,0,0,Reader_1_3.csv
2705,1,1,0,Reader_1_4.csv
2705,2,2,0,Reader_1_5.csv
2705,1,1,0,Reader_1_6.csv
2705,0,0,0,Reader_1_7.csv
2705,2,1,1,Reader_1_8.csv
2705,0,0,0,Reader_1_9.csv
2705,0,0,0,Reader_2_1.csv
2705,0,0,0,Reader_2_10.csv
2705,1,1,0,Reader_2_11.csv
2705,3,1,2,Reader_2_12.csv
2705,2,2,0,Reader_2_2.csv
2705,4,3,1,Reader_2_3.csv
2705,0,0,0,Reader_2_4.csv
2705,0,0,0,Reader_2_5.csv
2705,0,0,0,Reader_2_6.csv
2705,0,0,0,Reader_2_7.csv
2705,0,0,0,Reader_2_8.csv
2705,0,0,0,Reader_2_9.csv
2705,4,4,0,reader_3_1.csv
2705,2,2,0,Reader_3_2.csv
2705,4,3,1,Reader_3_3.csv
2705,4,3,1,Reader_3_4.csv
2705,2,2,0,Reader_3_5.csv
2705,2,2,0,Reader_3_6.csv
2705,2,2,0,Reader_3_7.csv
2706,5,4,1,Reader_1_1.csv
2706,0,0,0,Reader_1_10.csv
2706,0,0,0,Reader_1_11.csv
2706,1,1,0,Reader_1_12.csv
2706,4,4,0,Reader_1_2.csv
2706,0,0,0,Reader_1_3.csv
2706,1,1,0,Reader_1_4.csv
2706,2,2,0,Reader_1_5.csv
2706,1,1,0,Reader_1_6.csv
2706,0,0,0,Reader_1_7.csv
2706,2,1,1,Reader_1_8.csv
2706,0,0,0,Reader_1_9.csv
2706,0,0,0,Reader_2_1.csv
2706,0,0,0,Reader_2_10.csv
2706,0,0,0,Reader_2_11.csv
2706,3,1,2,Reader_2_12.csv
2706,2,2,0,Reader_2_2.csv
2706,3,2,1,Reader_2_3.csv
2706,0,0,0,Reader_2_4.csv
2706,0,0,0,Reader_2_5.csv
2706,0,0,0,Reader_2_6.csv
2706,0,0,0,Reader_2_7.csv
2706,0,0,0,Reader_2_8.csv
2706,0,0,0,Reader_2_9.csv
2706,3,3,0,reader_3_1.csv
2706,0,0,0,Reader_3_2.csv
2706,3,2,1,Reader_3_3.csv
2706,3,2,1,Reader_3_4.csv
2706,2,2,0,Reader_3_5.csv
2706,2,2,0,Reader_3_6.csv
2706,2,2,0,Reader_3_7.csv
2707,4,3,1,Reader_1_1.csv
2707,0,0,0,Reader_1_10.csv
2707,0,0,0,Reader_1_11.csv
2707,1,1,0,Reader_1_12.csv
2707,2,2,0,Reader_1_2.csv
2707,0,0,0,Reader_1_3.csv
2707,1,1,0,Reader_1_4.csv
2707,1,1,0,Reader_1_5.csv
2707,1,1,0,Reader_1_6.csv
2707,1,1,0,Reader_1_7.csv
2707,1,1,0,Reader_1_8.csv
2707,0,0,0,Reader_1_9.csv
2707,0,0,0,Reader_2_1.csv
2707,0,0,0,Reader_2_10.csv
2707,0,0,0,Reader_2_11.csv
2707,3,1,2,Reader_2_12.csv
2707,2,2,0,Reader_2_2.csv
2707,3,2,1,Reader_2_3.csv
2707,0,0,0,Reader_2_4.csv
2707,0,0,0,Reader_2_5.csv
2707,1,1,0,Reader_2_6.csv
2707,0,0,0,Reader_2_7.csv
2707,0,0,0,Reader_2_8.csv
2707,0,0,0,Reader_2_9.csv
2707,3,3,0,reader_3_1.csv
2707,0,0,0,Reader_3_2.csv
2707,3,2,1,Reader_3_3.csv
2707,3,2,1,Reader_3_4.csv
2707,2,1,1,Reader_3_5.csv
2707,3,3,0,Reader_3_6.csv
2707,4,3,1,Reader_3_7.csv
2708,4,3,1,Reader_1_1.csv
2708,0,0,0,Reader_1_10.csv
2708,0,0,0,Reader_1_11.csv
2708,1,1,0,Reader_1_12.csv
2708,2,2,0,Reader_1_2.csv
2708,0,0,0,Reader_1_3.csv
2708,1,1,0,Reader_1_4.csv
2708,1,1,0,Reader_1_5.csv
2708,1,1,0,Reader_1_6.csv
2708,3,3,0,Reader_1_7.csv
2708,1,1,0,Reader_1_8.csv
2708,0,0,0,Reader_1_9.csv
2708,0,0,0,Reader_2_1.csv
2708,0,0,0,Reader_2_10.csv
2708,0,0,0,Reader_2_11.csv
2708,3,1,2,Reader_2_12.csv
2708,2,2,0,Reader_2_2.csv
2708,2,1,1,Reader_2_3.csv
2708,0,0,0,Reader_2_4.csv
2708,0,0,0,Reader_2_5.csv
2708,1,1,0,Reader_2_6.csv
2708,0,0,0,Reader_2_7.csv
2708,0,0,0,Reader_2_8.csv
2708,0,0,0,Reader_2_9.csv
2708,3,3,0,reader_3_1.csv
2708,0,0,0,Reader_3_2.csv
2708,3,2,1,Reader_3_3.csv
2708,3,2,1,Reader_3_4.csv
2708,2,1,1,Reader_3_5.csv
2708,3,3,0,Reader_3_6.csv
2708,4,3,1,Reader_3_7.csv
2709,4,3,1,Reader_1_1.csv
2709,1,0,1,Reader_1_10.csv
2709,0,0,0,Reader_1_11.csv
2709,1,1,0,Reader_1_12.csv
2709,1,1,0,Reader_1_2.csv
2709,0,0,0,Reader_1_3.csv
2709,1,1,0,Reader_1_4.csv
2709,1,1,0,Reader_1_5.csv
2709,1,1,0,Reader_1_6.csv
2709,3,3,0,Reader_1_7.csv
2709,1,1,0,Reader_1_8.csv
2709,1,1,0,Reader_1_9.csv
2709,0,0,0,Reader_2_1.csv
2709,0,0,0,Reader_2_10.csv
2709,0,0,0,Reader_2_11.csv
2709,4,2,2,Reader_2_12.csv
2709,2,2,0,Reader_2_2.csv
2709,3,2,1,Reader_2_3.csv
2709,0,0,0,Reader_2_4.csv
2709,0,0,0,Reader_2_5.csv
2709,1,1,0,Reader_2_6.csv
2709,0,0,0,Reader_2_7.csv
2709,1,1,0,Reader_2_8.csv
2709,0,0,0,Reader_2_9.csv
2709,3,2,1,reader_3_1.csv
2709,0,0,0,Reader_3_2.csv
2709,2,1,1,Reader_3_3.csv
2709,2,1,1,Reader_3_4.csv
2709,2,1,1,Reader_3_5.csv
2709,4,4,0,Reader_3_6.csv
2709,3,2,1,Reader_3_7.csv
2710,5,4,1,Reader_1_1.csv
2710,1,0,1,Reader_1_10.csv
2710,0,0,0,Reader_1_11.csv
2710,1,1,0,Reader_1_12.csv
2710,1,1,0,Reader_1_2.csv
2710,0,0,0,Reader_1_3.csv
2710,1,1,0,Reader_1_4.csv
2710,1,1,0,Reader_1_5.csv
2710,1,1,0,Reader_1_6.csv
2710,3,3,0,Reader_1_7.csv
2710,1,1,0,Reader_1_8.csv
2710,1,1,0,Reader_1_9.csv
2710,0,0,0,Reader_2_1.csv
2710,0,0,0,Reader_2_10.csv
2710,0,0,0,Reader_2_11.csv
2710,4,2,2,Reader_2_12.csv
2710,2,2,0,Reader_2_2.csv
2710,2,1,1,Reader_2_3.csv
2710,0,0,0,Reader_2_4.csv
2710,0,0,0,Reader_2_5.csv
2710,1,1,0,Reader_2_6.csv
2710,0,0,0,Reader_2_7.csv
2710,1,1,0,Reader_2_8.csv
2710,0,0,0,Reader_2_9.csv
2710,4,3,1,reader_3_1.csv
2710,0,0,0,Reader_3_2.csv
2710,3,2,1,Reader_3_3.csv
2710,3,2,1,Reader_3_4.csv
2710,2,1,1,Reader_3_5.csv
2710,3,3,0,Reader_3_6.csv
2710,3,2,1,Reader_3_7.csv
2711,4,3,1,Reader_1_1.csv
2711,2,1,1,Reader_1_10.csv
2711,0,0,0,Reader_1_11.csv
2711,0,0,0,Reader_1_12.csv
2711,1,1,0,Reader_1_2.csv
2711,0,0,0,Reader_1_3.csv
2711,0,0,0,Reader_1_4.csv
2711,0,0,0,Reader_1_5.csv
2711,1,1,0,Reader_1_6.csv
2711,4,4,0,Reader_1_7.csv
2711,1,1,0,Reader_1_8.csv
2711,1,1,0,Reader_1_9.csv
2711,0,0,0,Reader_2_1.csv
2711,0,0,0,Reader_2_10.csv
2711,0,0,0,Reader_2_11.csv
2711,5,3,2,Reader_2_12.csv
2711,2,2,0,Reader_2_2.csv
2711,2,1,1,Reader_2_3.csv
2711,0,0,0,Reader_2_4.csv
2711,0,0,0,Reader_2_5.csv
2711,1,1,0,Reader_2_6.csv
2711,0,0,0,Reader_2_7.csv
2711,1,1,0,Reader_2_8.csv
2711,0,0,0,Reader_2_9.csv
2711,4,3,1,reader_3_1.csv
2711,0,0,0,Reader_3_2.csv
2711,2,1,1,Reader_3_3.csv
2711,2,1,1,Reader_3_4.csv
2711,1,0,1,Reader_3_5.csv
2711,4,4,0,Reader_3_6.csv
2711,3,2,1,Reader_3_7.csv
2712,5,4,1,Reader_1_1.csv
2712,3,2,1,Reader_1_10.csv
2712,0,0,0,Reader_1_11.csv
2712,0,0,0,Reader_1_12.csv
2712,1,1,0,Reader_1_2.csv
2712,0,0,0,Reader_1_3.csv
2712,0,0,0,Reader_1_4.csv
2712,0,0,0,Reader_1_5.csv
2712,1,1,0,Reader_1_6.csv
2712,4,4,0,Reader_1_7.csv
2712,2,2,0,Reader_1_8.csv
2712,1,1,0,Reader_1_9.csv
2712,1,0,1,Reader_2_1.csv
2712,0,0,0,Reader_2_10.csv
2712,0,0,0,Reader_2_11.csv
2712,4,3,1,Reader_2_12.csv
2712,2,2,0,Reader_2_2.csv
2712,1,1,0,Reader_2_3.csv
2712,0,0,0,Reader_2_4.csv
2712,0,0,0,Reader_2_5.csv
2712,1,1,0,Reader_2_6.csv
2712,0,0,0,Reader_2_7.csv
2712,1,1,0,Reader_2_8.csv
2712,0,0,0,Reader_2_9.csv
2712,3,2,1,reader_3_1.csv
2712,0,0,0,Reader_3_2.csv
2712,3,2,1,Reader_3_3.csv
2712,3,2,1,Reader_3_4.csv
2712,1,0,1,Reader_3_5.csv
2712,4,4,0,Reader_3_6.csv
2712,3,2,1,Reader_3_7.csv
2713,4,4,0,Reader_1_1.csv
2713,3,2,1,Reader_1_10.csv
2713,0,0,0,Reader_1_11.csv
2713,0,0,0,Reader_1_12.csv
2713,3,1,2,Reader_1_2.csv
2713,0,0,0,Reader_1_3.csv
2713,0,0,0,Reader_1_4.csv
2713,1,1,0,Reader_1_5.csv
2713,1,0,1,Reader_1_6.csv
2713,4,4,0,Reader_1_7.csv
2713,2,2,0,Reader_1_8.csv
2713,1,1,0,Reader_1_9.csv
2713,2,1,1,Reader_2_1.csv
2713,1,1,0,Reader_2_10.csv
2713,0,0,0,Reader_2_11.csv
2713,2,2,0,Reader_2_12.csv
2713,0,0,0,Reader_2_2.csv
2713,1,1,0,Reader_2_3.csv
2713,0,0,0,Reader_2_4.csv
2713,0,0,0,Reader_2_5.csv
2713,1,1,0,Reader_2_6.csv
2713,0,0,0,Reader_2_7.csv
2713,1,1,0,Reader_2_8.csv
2713,0,0,0,Reader_2_9.csv
2713,2,1,1,reader_3_1.csv
2713,0,0,0,Reader_3_2.csv
2713,3,3,0,Reader_3_3.csv
2713,3,3,0,Reader_3_4.csv
2713,1,0,1,Reader_3_5.csv
2713,4,4,0,Reader_3_6.csv
2713,3,2,1,Reader_3_7.csv
2714,3,3,0,Reader_1_1.csv
2714,3,2,1,Reader_1_10.csv
2714,0,0,0,Reader_1_11.csv
2714,1,1,0,Reader_1_12.csv
2714,3,1,2,Reader_1_2.csv
2714,0,0,0,Reader_1_3.csv
2714,0,0,0,Reader_1_4.csv
2714,1,1,0,Reader_1_5.csv
2714,2,1,1,Reader_1_6.csv
2714,4,4,0,Reader_1_7.csv
2714,2,2,0,Reader_1_8.csv
2714,1,1,0,Reader_1_9.csv
2714,2,1,1,Reader_2_1.csv
2714,1,1,0,Reader_2_10.csv
2714,0,0,0,Reader_2_11.csv
2714,2,2,0,Reader_2_12.csv
2714,0,0,0,Reader_2_2.csv
2714,2,2,0,Reader_2_3.csv
2714,0,0,0,Reader_2_4.csv
2714,0,0,0,Reader_2_5.csv
2714,1,1,0,Reader_2_6.csv
2714,0,0,0,Reader_2_7.csv
2714,1,1,0,Reader_2_8.csv
2714,0,0,0,Reader_2_9.csv
2714,2,1,1,reader_3_1.csv
2714,1,1,0,Reader_3_2.csv
2714,3,3,0,Reader_3_3.csv
2714,3,3,0,Reader_3_4.csv
2714,1,0,1,Reader_3_5.csv
2714,3,3,0,Reader_3_6.csv
2714,3,2,1,Reader_3_7.csv
2715,5,5,0,Reader_1_1.csv
2715,3,2,1,Reader_1_10.csv
2715,0,0,0,Reader_1_11.csv
2715,2,2,0,Reader_1_12.csv
2715,3,1,2,Reader_1_2.csv
2715,0,0,0,Reader_1_3.csv
2715,0,0,0,Reader_1_4.csv
2715,1,1,0,Reader_1_5.csv
2715,2,1,1,Reader_1_6.csv
2715,3,3,0,Reader_1_7.csv
2715,2,2,0,Reader_1_8.csv
2715,1,1,0,Reader_1_9.csv
2715,2,1,1,Reader_2_1.csv
2715,1,1,0,Reader_2_10.csv
2715,0,0,0,Reader_2_11.csv
2715,2,2,0,Reader_2_12.csv
2715,0,0,0,Reader_2_2.csv
2715,2,2,0,Reader_2_3.csv
2715,0,0,0,Reader_2_4.csv
2715,0,0,0,Reader_2_5.csv
2715,0,0,0,Reader_2_6.csv
2715,0,0,0,Reader_2_7.csv
2715,1,1,0,Reader_2_8.csv
2715,0,0,0,Reader_2_9.csv
2715,2,1,1,reader_3_1.csv
2715,1,1,0,Reader_3_2.csv
2715,3,3,0,Reader_3_3.csv
2715,3,3,0,Reader_3_4.csv
2715,0,0,0,Reader_3_5.csv
2715,2,2,0,Reader_3_6.csv
2715,1,1,0,Reader_3_7.csv
2716,7,7,0,Reader_1_1.csv
2716,3,2,1,Reader_1_10.csv
2716,1,1,0,Reader_1_11.csv
2716,2,2,0,Reader_1_12.csv
2716,3,1,2,Reader_1_2.csv
2716,0,0,0,Reader_1_3.csv
2716,0,0,0,Reader_1_4.csv
2716,1,1,0,Reader_1_5.csv
2716,2,1,1,Reader_1_6.csv
2716,2,1,1,Reader_1_7.csv
2716,2,2,0,Reader_1_8.csv
2716,1,1,0,Reader_1_9.csv
2716,2,1,1,Reader_2_1.csv
2716,1,1,0,Reader_2_10.csv
2716,0,0,0,Reader_2_11.csv
2716,2,2,0,Reader_2_12.csv
2716,0,0,0,Reader_2_2.csv
2716,3,3,0,Reader_2_3.csv
2716,0,0,0,Reader_2_4.csv
2716,0,0,0,Reader_2_5.csv
2716,0,0,0,Reader_2_6.csv
2716,0,0,0,Reader_2_7.csv
2716,1,1,0,Reader_2_8.csv
2716,0,0,0,Reader_2_9.csv
2716,3,1,2,reader_3_1.csv
2716,1,1,0,Reader_3_2.csv
2716,4,4,0,Reader_3_3.csv
2716,4,4,0,Reader_3_4.csv
2716,0,0,0,Reader_3_5.csv
2716,2,2,0,Reader_3_6.csv
2716,2,2,0,Reader_3_7.csv
2717,8,7,1,Reader_1_1.csv
2717,4,3,1,Reader_1_10.csv
2717,2,2,0,Reader_1_11.csv
2717,2,2,0,Reader_1_12.csv
2717,3,1,2,Reader_1_2.csv
2717,0,0,0,Reader_1_3.csv
2717,0,0,0,Reader_1_4.csv
2717,1,1,0,Reader_1_5.csv
2717,2,1,1,Reader_1_6.csv
2717,2,1,1,Reader_1_7.csv
2717,2,2,0,Reader_1_8.csv
2717,0,0,0,Reader_1_9.csv
2717,2,1,1,Reader_2_1.csv
2717,1,1,0,Reader_2_10.csv
2717,0,0,0,Reader_2_11.csv
2717,1,1,0,Reader_2_12.csv
2717,0,0,0,Reader_2_2.csv
2717,2,2,0,Reader_2_3.csv
2717,0,0,0,Reader_2_4.csv
2717,0,0,0,Reader_2_5.csv
2717,0,0,0,Reader_2_6.csv
2717,0,0,0,Reader_2_7.csv
2717,0,0,0,Reader_2_8.csv
2717,0,0,0,Reader_2_9.csv
2717,2,1,1,reader_3_1.csv
2717,1,1,0,Reader_3_2.csv
2717,4,4,0,Reader_3_3.csv
2717,4,4,0,Reader_3_4.csv
2717,0,0,0,Reader_3_5.csv
2717,1,1,0,Reader_3_6.csv
2717,2,2,0,Reader_3_7.csv
2718,10,8,2,Reader_1_1.csv
2718,4,3,1,Reader_1_10.csv
2718,2,2,0,Reader_1_11.csv
2718,3,3,0,Reader_1_12.csv
2718,2,0,2,Reader_1_2.csv
2718,0,0,0,Reader_1_3.csv
2718,0,0,0,Reader_1_4.csv
2718,1,1,0,Reader_1_5.csv
2718,2,1,1,Reader_1_6.csv
2718,2,1,1,Reader_1_7.csv
2718,2,2,0,Reader_1_8.csv
2718,0,0,0,Reader_1_9.csv
2718,2,1,1,Reader_2_1.csv
2718,1,1,0,Reader_2_10.csv
2718,0,0,0,Reader_2_11.csv
2718,1,1,0,Reader_2_12.csv
2718,0,0,0,Reader_2_2.csv
2718,3,3,0,Reader_2_3.csv
2718,0,0,0,Reader_2_4.csv
2718,0,0,0,Reader_2_5.csv
2718,0,0,0,Reader_2_6.csv
2718,0,0,0,Reader_2_7.csv
2718,0,0,0,Reader_2_8.csv
2718,0,0,0,Reader_2_9.csv
2718,1,0,1,reader_3_1.csv
2718,2,2,0,Reader_3_2.csv
2718,4,3,1,Reader_3_3.csv
2718,4,3,1,Reader_3_4.csv
2718,0,0,0,Reader_3_5.csv
2718,1,1,0,Reader_3_6.csv
2718,1,1,0,Reader_3_7.csv
2719,11,9,2,Reader_1_1.csv
2719,3,2,1,Reader_1_10.csv
2719,2,2,0,Reader_1_11.csv
2719,3,3,0,Reader_1_12.csv
2719,3,0,3,Reader_1_2.csv
2719,0,0,0,Reader_1_3.csv
2719,0,0,0,Reader_1_4.csv
2719,1,1,0,Reader_1_5.csv
2719,2,1,1,Reader_1_6.csv
2719,1,0,1,Reader_1_7.csv
2719,2,2,0,Reader_1_8.csv
2719,1,1,0,Reader_1_9.csv
2719,2,1,1,Reader_2_1.csv
2719,1,1,0,Reader_2_10.csv
2719,0,0,0,Reader_2_11.csv
2719,0,0,0,Reader_2_12.csv
2719,0,0,0,Reader_2_2.csv
2719,4,4,0,Reader_2_3.csv
2719,0,0,0,Reader_2_4.csv
2719,0,0,0,Reader_2_5.csv
2719,0,0,0,Reader_2_6.csv
2719,0,0,0,Reader_2_7.csv
2719,0,0,0,Reader_2_8.csv
2719,0,0,0,Reader_2_9.csv
2719,1,0,1,reader_3_1.csv
2719,3,3,0,Reader_3_2.csv
2719,4,3,1,Reader_3_3.csv
2719,4,3,1,Reader_3_4.csv
2719,0,0,0,Reader_3_5.csv
2719,0,0,0,Reader_3_6.csv
2719,1,1,0,Reader_3_7.csv
2720,11,9,2,Reader_1_1.csv
2720,2,1,1,Reader_1_10.csv
2720,2,2,0,Reader_1_11.csv
2720,3,3,0,Reader_1_12.csv
2720,3,0,3,Reader_1_2.csv
2720,1,1,0,Reader_1_3.csv
2720,0,0,0,Reader_1_4.csv
2720,1,1,0,Reader_1_5.csv
2720,2,1,1,Reader_1_6.csv
2720,2,0,2,Reader_1_7.csv
2720,0,0,0,Reader_1_8.csv
2720,1,1,0,Reader_1_9.csv
2720,1,1,0,Reader_2_1.csv
2720,1,1,0,Reader_2_10.csv
2720,0,0,0,Reader_2_11.csv
2720,0,0,0,Reader_2_12.csv
2720,0,0,0,Reader_2_2.csv
2720,6,6,0,Reader_2_3.csv
2720,0,0,0,Reader_2_4.csv
2720,0,0,0,Reader_2_5.csv
2720,0,0,0,Reader_2_6.csv
2720,0,0,0,Reader_2_7.csv
2720,0,0,0,Reader_2_8.csv
2720,0,0,0,Reader_2_9.csv
2720,1,0,1,reader_3_1.csv
2720,4,4,0,Reader_3_2.csv
2720,3,2,1,Reader_3_3.csv
2720,3,2,1,Reader_3_4.csv
2720,0,0,0,Reader_3_5.csv
2720,0,0,0,Reader_3_6.csv
2720,1,1,0,Reader_3_7.csv
2721,12,9,3,Reader_1_1.csv
2721,3,2,1,Reader_1_10.csv
2721,2,2,0,Reader_1_11.csv
2721,3,3,0,Reader_1_12.csv
2721,1,0,1,Reader_1_2.csv
2721,1,1,0,Reader_1_3.csv
2721,0,0,0,Reader_1_4.csv
2721,0,0,0,Reader_1_5.csv
2721,1,1,0,Reader_1_6.csv
2721,2,0,2,Reader_1_7.csv
2721,0,0,0,Reader_1_8.csv
2721,1,1,0,Reader_1_9.csv
2721,0,0,0,Reader_2_1.csv
2721,0,0,0,Reader_2_10.csv
2721,0,0,0,Reader_2_11.csv
2721,2,2,0,Reader_2_12.csv
2721,0,0,0,Reader_2_2.csv
2721,6,6,0,Reader_2_3.csv
2721,0,0,0,Reader_2_4.csv
2721,0,0,0,Reader_2_5.csv
2721,0,0,0,Reader_2_6.csv
2721,0,0,0,Reader_2_7.csv
2721,0,0,0,Reader_2_8.csv
2721,0,0,0,Reader_2_9.csv
2721,2,1,1,reader_3_1.csv
2721,4,4,0,Reader_3_2.csv
2721,2,1,1,Reader_3_3.csv
2721,2,1,1,Reader_3_4.csv
2721,0,0,0,Reader_3_5.csv
2721,0,0,0,Reader_3_6.csv
2721,1,1,0,Reader_3_7.csv
2722,15,10,5,Reader_1_1.csv
2722,4,3,1,Reader_1_10.csv
2722,2,2,0,Reader_1_11.csv
2722,2,2,0,Reader_1_12.csv
2722,1,0,1,Reader_1_2.csv
2722,1,1,0,Reader_1_3.csv
2722,0,0,0,Reader_1_4.csv
2722,0,0,0,Reader_1_5.csv
2722,0,0,0,Reader_1_6.csv
2722,2,0,2,Reader_1_7.csv
2722,0,0,0,Reader_1_8.csv
2722,1,1,0,Reader_1_9.csv
2722,0,0,0,Reader_2_1.csv
2722,0,0,0,Reader_2_10.csv
2722,0,0,0,Reader_2_11.csv
2722,2,2,0,Reader_2_12.csv
2722,0,0,0,Reader_2_2.csv
2722,5,5,0,Reader_2_3.csv
2722,0,0,0,Reader_2_4.csv
2722,0,0,0,Reader_2_5.csv
2722,0,0,0,Reader_2_6.csv
2722,0,0,0,Reader_2_7.csv
2722,0,0,0,Reader_2_8.csv
2722,0,0,0,Reader_2_9.csv
2722,2,1,1,reader_3_1.csv
2722,4,4,0,Reader_3_2.csv
2722,2,1,1,Reader_3_3.csv
2722,2,1,1,Reader_3_4.csv
2722,1,1,0,Reader_3_5.csv
2722,0,0,0,Reader_3_6.csv
2722,1,1,0,Reader_3_7.csv
2723,15,9,6,Reader_1_1.csv
2723,4,3,1,Reader_1_10.csv
2723,2,2,0,Reader_1_11.csv
2723,1,1,0,Reader_1_12.csv
2723,1,0,1,Reader_1_2.csv
2723,1,1,0,Reader_1_3.csv
2723,0,0,0,Reader_1_4.csv
2723,0,0,0,Reader_1_5.csv
2723,0,0,0,Reader_1_6.csv
2723,2,0,2,Reader_1_7.csv
2723,0,0,0,Reader_1_8.csv
2723,1,1,0,Reader_1_9.csv
2723,0,0,0,Reader_2_1.csv
2723,0,0,0,Reader_2_10.csv
2723,0,0,0,Reader_2_11.csv
2723,2,2,0,Reader_2_12.csv
2723,0,0,0,Reader_2_2.csv
2723,5,5,0,Reader_2_3.csv
2723,0,0,0,Reader_2_4.csv
2723,0,0,0,Reader_2_5.csv
2723,0,0,0,Reader_2_6.csv
2723,0,0,0,Reader_2_7.csv
2723,0,0,0,Reader_2_8.csv
2723,0,0,0,Reader_2_9.csv
2723,3,2,1,reader_3_1.csv
2723,4,4,0,Reader_3_2.csv
2723,3,2,1,Reader_3_3.csv
2723,3,2,1,Reader_3_4.csv
2723,1,1,0,Reader_3_5.csv
2723,0,0,0,Reader_3_6.csv
2723,1,1,0,Reader_3_7.csv
2724,13,7,6,Reader_1_1.csv
2724,4,3,1,Reader_1_10.csv
2724,1,1,0,Reader_1_11.csv
2724,1,1,0,Reader_1_12.csv
2724,1,0,1,Reader_1_2.csv
2724,1,1,0,Reader_1_3.csv
2724,0,0,0,Reader_1_4.csv
2724,0,0,0,Reader_1_5.csv
2724,1,1,0,Reader_1_6.csv
2724,1,0,1,Reader_1_7.csv
2724,0,0,0,Reader_1_8.csv
2724,1,1,0,Reader_1_9.csv
2724,0,0,0,Reader_2_1.csv
2724,0,0,0,Reader_2_10.csv
2724,0,0,0,Reader_2_11.csv
2724,2,2,0,Reader_2_12.csv
2724,1,1,0,Reader_2_2.csv
2724,4,4,0,Reader_2_3.csv
2724,0,0,0,Reader_2_4.csv
2724,0,0,0,Reader_2_5.csv
2724,0,0,0,Reader_2_6.csv
2724,0,0,0,Reader_2_7.csv
2724,0,0,0,Reader_2_8.csv
2724,0,0,0,Reader_2_9.csv
2724,2,2,0,reader_3_1.csv
2724,4,4,0,Reader_3_2.csv
2724,2,1,1,Reader_3_3.csv
2724,2,1,1,Reader_3_4.csv
2724,1,1,0,Reader_3_5.csv
2724,0,0,0,Reader_3_6.csv
2724,1,0,1,Reader_3_7.csv
2725,12,6,6,Reader_1_1.csv
2725,2,2,0,Reader_1_10.csv
2725,0,0,0,Reader_1_11.csv
2725,1,1,0,Reader_1_12.csv
2725,1,0,1,Reader_1_2.csv
2725,2,2,0,Reader_1_3.csv
2725,0,0,0,Reader_1_4.csv
2725,0,0,0,Reader_1_5.csv
2725,1,1,0,Reader_1_6.csv
2725,1,0,1,Reader_1_7.csv
2725,0,0,0,Reader_1_8.csv
2725,2,2,0,Reader_1_9.csv
2725,0,0,0,Reader_2_1.csv
2725,0,0,0,Reader_2_10.csv
2725,0,0,0,Reader_2_11.csv
2725,2,2,0,Reader_2_12.csv
2725,1,1,0,Reader_2_2.csv
2725,4,4,0,Reader_2_3.csv
2725,0,0,0,Reader_2_4.csv
2725,0,0,0,Reader_2_5.csv
2725,0,0,0,Reader_2_6.csv
2725,0,0,0,Reader_2_7.csv
2725,0,0,0,Reader_2_8.csv
2725,0,0,0,Reader_2_9.csv
2725,2,2,0,reader_3_1.csv
2725,4,4,0,Reader_3_2.csv
2725,2,1,1,Reader_3_3.csv
2725,2,1,1,Reader_3_4.csv
2725,1,1,0,Reader_3_5.csv
2725,0,0,0,Reader_3_6.csv
2725,1,0,1,Reader_3_7.csv
2726,9,4,5,Reader_1_1.csv
2726,2,2,0,Reader_1_10.csv
2726,0,0,0,Reader_1_11.csv
2726,0,0,0,Reader_1_12.csv
2726,2,0,2,Reader_1_2.csv
2726,2,2,0,Reader_1_3.csv
2726,0,0,0,Reader_1_4.csv
2726,0,0,0,Reader_1_5.csv
2726,1,1,0,Reader_1_6.csv
2726,1,0,1,Reader_1_7.csv
2726,0,0,0,Reader_1_8.csv
2726,2,2,0,Reader_1_9.csv
2726,0,0,0,Reader_2_1.csv
2726,0,0,0,Reader_2_10.csv
2726,0,0,0,Reader_2_11.csv
2726,2,2,0,Reader_2_12.csv
2726,1,1,0,Reader_2_2.csv
2726,3,3,0,Reader_2_3.csv
2726,0,0,0,Reader_2_4.csv
2726,0,0,0,Reader_2_5.csv
2726,0,0,0,Reader_2_6.csv
2726,0,0,0,Reader_2_7.csv
2726,0,0,0,Reader_2_8.csv
2726,0,0,0,Reader_2_9.csv
2726,3,2,1,reader_3_1.csv
2726,4,4,0,Reader_3_2.csv
2726,1,1,0,Reader_3_3.csv
2726,1,1,0,Reader_3_4.csv
2726,1,1,0,Reader_3_5.csv
2726,0,0,0,Reader_3_6.csv
2726,1,0,1,Reader_3_7.csv
2727,10,4,6,Reader_1_1.csv
2727,3,3,0,Reader_1_10.csv
2727,0,0,0,Reader_1_11.csv
2727,0,0,0,Reader_1_12.csv
2727,1,0,1,Reader_1_2.csv
2727,3,3,0,Reader_1_3.csv
2727,0,0,0,Reader_1_4.csv
2727,0,0,0,Reader_1_5.csv
2727,1,1,0,Reader_1_6.csv
2727,1,0,1,Reader_1_7.csv
2727,0,0,0,Reader_1_8.csv
2727,1,1,0,Reader_1_9.csv
2727,0,0,0,Reader_2_1.csv
2727,0,0,0,Reader_2_10.csv
2727,0,0,0,Reader_2_11.csv
2727,2,2,0,Reader_2_12.csv
2727,1,1,0,Reader_2_2.csv
2727,2,2,0,Reader_2_3.csv
2727,0,0,0,Reader_2_4.csv
2727,0,0,0,Reader_2_5.csv
2727,0,0,0,Reader_2_6.csv
2727,0,0,0,Reader_2_7.csv
2727,0,0,0,Reader_2_8.csv
2727,0,0,0,Reader_2_9.csv
2727,3,2,1,reader_3_1.csv
2727,3,3,0,Reader_3_2.csv
2727,1,1,0,Reader_3_3.csv
2727,1,1,0,Reader_3_4.csv
2727,1,1,0,Reader_3_5.csv
2727,1,1,0,Reader_3_6.csv
2727,1,0,1,Reader_3_7.csv
2728,10,4,6,Reader_1_1.csv
2728,3,3,0,Reader_1_10.csv
2728,0,0,0,Reader_1_11.csv
2728,0,0,0,Reader_1_12.csv
2728,1,0,1,Reader_1_2.csv
2728,2,2,0,Reader_1_3.csv
2728,0,0,0,Reader_1_4.csv
2728,1,1,0,Reader_1_5.csv
2728,1,1,0,Reader_1_6.csv
2728,0,0,0,Reader_1_7.csv
2728,0,0,0,Reader_1_8.csv
2728,1,1,0,Reader_1_9.csv
2728,0,0,0,Reader_2_1.csv
2728,0,0,0,Reader_2_10.csv
2728,0,0,0,Reader_2_11.csv
2728,2,2,0,Reader_2_12.csv
2728,1,1,0,Reader_2_2.csv
2728,0,0,0,Reader_2_3.csv
2728,0,0,0,Reader_2_4.csv
2728,0,0,0,Reader_2_5.csv
2728,0,0,0,Reader_2_6.csv
2728,0,0,0,Reader_2_7.csv
2728,0,0,0,Reader_2_8.csv
2728,0,0,0,Reader_2_9.csv
2728,3,2,1,reader_3_1.csv
2728,3,3,0,Reader_3_2.csv
2728,1,1,0,Reader_3_3.csv
2728,1,1,0,Reader_3_4.csv
2728,1,1,0,Reader_3_5.csv
2728,1,1,0,Reader_3_6.csv
2728,1,0,1,Reader_3_7.csv
2729,9,4,5,Reader_1_1.csv
2729,2,2,0,Reader_1_10.csv
2729,0,0,0,Reader_1_11.csv
2729,0,0,0,Reader_1_12.csv
2729,1,0,1,Reader_1_2.csv
2729,2,2,0,Reader_1_3.csv
2729,0,0,0,Reader_1_4.csv
2729,2,1,1,Reader_1_5.csv
2729,1,1,0,Reader_1_6.csv
2729,0,0,0,Reader_1_7.csv
2729,0,0,0,Reader_1_8.csv
2729,1,1,0,Reader_1_9.csv
2729,0,0,0,Reader_2_1.csv
2729,0,0,0,Reader_2_10.csv
2729,0,0,0,Reader_2_11.csv
2729,1,1,0,Reader_2_12.csv
2729,1,1,0,Reader_2_2.csv
2729,0,0,0,Reader_2_3.csv
2729,0,0,0,Reader_2_4.csv
2729,0,0,0,Reader_2_5.csv
2729,0,0,0,Reader_2_6.csv
2729,0,0,0,Reader_2_7.csv
2729,0,0,0,Reader_2_8.csv
2729,0,0,0,Reader_2_9.csv
2729,2,1,1,reader_3_1.csv
2729,3,3,0,Reader_3_2.csv
2729,1,1,0,Reader_3_3.csv
2729,1,1,0,Reader_3_4.csv
2729,1,1,0,Reader_3_5.csv
2729,1,1,0,Reader_3_6.csv
2729,1,0,1,Reader_3_7.csv
2730,8,5,3,Reader_1_1.csv
2730,2,2,0,Reader_1_10.csv
2730,0,0,0,Reader_1_11.csv
2730,0,0,0,Reader_1_12.csv
2730,3,1,2,Reader_1_2.csv
2730,3,3,0,Reader_1_3.csv
2730,0,0,0,Reader_1_4.csv
2730,2,1,1,Reader_1_5.csv
2730,1,1,0,Reader_1_6.csv
2730,0,0,0,Reader_1_7.csv
2730,0,0,0,Reader_1_8.csv
2730,1,1,0,Reader_1_9.csv
2730,0,0,0,Reader_2_1.csv
2730,0,0,0,Reader_2_10.csv
2730,0,0,0,Reader_2_11.csv
2730,1,1,0,Reader_2_12.csv
2730,1,1,0,Reader_2_2.csv
2730,0,0,0,Reader_2_3.csv
2730,0,0,0,Reader_2_4.csv
2730,0,0,0,Reader_2_5.csv
2730,0,0,0,Reader_2_6.csv
2730,0,0,0,Reader_2_7.csv
2730,0,0,0,Reader_2_8.csv
2730,0,0,0,Reader_2_9.csv
2730,4,2,2,reader_3_1.csv
2730,2,2,0,Reader_3_2.csv
2730,1,1,0,Reader_3_3.csv
2730,1,1,0,Reader_3_4.csv
2730,0,0,0,Reader_3_5.csv
2730,2,2,0,Reader_3_6.csv
2730,1,0,1,Reader_3_7.csv
2731,7,5,2,Reader_1_1.csv
2731,2,2,0,Reader_1_10.csv
2731,0,0,0,Reader_1_11.csv
2731,0,0,0,Reader_1_12.csv
2731,4,2,2,Reader_1_2.csv
2731,3,3,0,Reader_1_3.csv
2731,0,0,0,Reader_1_4.csv
2731,2,1,1,Reader_1_5.csv
2731,1,1,0,Reader_1_6.csv
2731,1,1,0,Reader_1_7.csv
2731,0,0,0,Reader_1_8.csv
2731,1,1,0,Reader_1_9.csv
2731,0,0,0,Reader_2_1.csv
2731,0,0,0,Reader_2_10.csv
2731,0,0,0,Reader_2_11.csv
2731,1,1,0,Reader_2_12.csv
2731,1,1,0,Reader_2_2.csv
2731,0,0,0,Reader_2_3.csv
2731,0,0,0,Reader_2_4.csv
2731,0,0,0,Reader_2_5.csv
2731,0,0,0,Reader_2_6.csv
2731,0,0,0,Reader_2_7.csv
2731,0,0,0,Reader_2_8.csv
2731,0,0,0,Reader_2_9.csv
2731,3,1,2,reader_3_1.csv
2731,4,4,0,Reader_3_2.csv
2731,0,0,0,Reader_3_3.csv
2731,0,0,0,Reader_3_4.csv
2731,0,0,0,Reader_3_5.csv
2731,2,2,0,Reader_3_6.csv
2731,1,0,1,Reader_3_7.csv
2732,7,5,2,Reader_1_1.csv
2732,2,2,0,Reader_1_10.csv
2732,0,0,0,Reader_1_11.csv
2732,0,0,0,Reader_1_12.csv
2732,4,2,2,Reader_1_2.csv
2732,3,3,0,Reader_1_3.csv
2732,0,0,0,Reader_1_4.csv
2732,3,2,1,Reader_1_5.csv
2732,0,0,0,Reader_1_6.csv
2732,1,1,0,Reader_1_7.csv
2732,0,0,0,Reader_1_8.csv
2732,1,1,0,Reader_1_9.csv
2732,0,0,0,Reader_2_1.csv
2732,0,0,0,Reader_2_10.csv
2732,0,0,0,Reader_2_11.csv
2732,2,2,0,Reader_2_12.csv
2732,0,0,0,Reader_2_2.csv
2732,0,0,0,Reader_2_3.csv
2732,0,0,0,Reader_2_4.csv
2732,0,0,0,Reader_2_5.csv
2732,0,0,0,Reader_2_6.csv
2732,0,0,0,Reader_2_7.csv
2732,0,0,0,Reader_2_8.csv
2732,0,0,0,Reader_2_9.csv
2732,4,2,2,reader_3_1.csv
2732,7,7,0,Reader_3_2.csv
2732,0,0,0,Reader_3_3.csv
2732,0,0,0,Reader_3_4.csv
2732,0,0,0,Reader_3_5.csv
2732,2,2,0,Reader_3_6.csv
2732,0,0,0,Reader_3_7.csv
2733,7,6,1,Reader_1_1.csv
2733,3,3,0,Reader_1_10.csv
2733,0,0,0,Reader_1_11.csv
2733,0,0,0,Reader_1_12.csv
2733,4,2,2,Reader_1_2.csv
2733,2,2,0,Reader_1_3.csv
2733,0,0,0,Reader_1_4.csv
2733,3,2,1,Reader_1_5.csv
2733,0,0,0,Reader_1_6.csv
2733,1,1,0,Reader_1_7.csv
2733,0,0,0,Reader_1_8.csv
2733,0,0,0,Reader_1_9.csv
2733,0,0,0,Reader_2_1.csv
2733,0,0,0,Reader_2_10.csv
2733,0,0,0,Reader_2_11.csv
2733,2,2,0,Reader_2_12.csv
2733,0,0,0,Reader_2_2.csv
2733,0,0,0,Reader_2_3.csv
2733,0,0,0,Reader_2_4.csv
2733,0,0,0,Reader_2_5.csv
2733,0,0,0,Reader_2_6.csv
2733,0,0,0,Reader_2_7.csv
2733,0,0,0,Reader_2_8.csv
2733,0,0,0,Reader_2_9.csv
2733,5,2,3,reader_3_1.csv
2733,8,8,0,Reader_3_2.csv
2733,0,0,0,Reader_3_3.csv
2733,0,0,0,Reader_3_4.csv
2733,0,0,0,Reader_3_5.csv
2733,2,2,0,Reader_3_6.csv
2733,0,0,0,Reader_3_7.csv
2734,7,6,1,Reader_1_1.csv
2734,3,3,0,Reader_1_10.csv
2734,0,0,0,Reader_1_11.csv
2734,0,0,0,Reader_1_12.csv
2734,5,4,1,Reader_1_2.csv
2734,3,3,0,Reader_1_3.csv
2734,1,1,0,Reader_1_4.csv
2734,5,4,1,Reader_1_5.csv
2734,0,0,0,Reader_1_6.csv
2734,1,1,0,Reader_1_7.csv
2734,0,0,0,Reader_1_8.csv
2734,0,0,0,Reader_1_9.csv
2734,0,0,0,Reader_2_1.csv
2734,0,0,0,Reader_2_10.csv
2734,0,0,0,Reader_2_11.csv
2734,3,3,0,Reader_2_12.csv
2734,0,0,0,Reader_2_2.csv
2734,0,0,0,Reader_2_3.csv
2734,0,0,0,Reader_2_4.csv
2734,0,0,0,Reader_2_5.csv
2734,0,0,0,Reader_2_6.csv
2734,0,0,0,Reader_2_7.csv
2734,0,0,0,Reader_2_8.csv
2734,0,0,0,Reader_2_9.csv
2734,4,2,2,reader_3_1.csv
2734,8,8,0,Reader_3_2.csv
2734,0,0,0,Reader_3_3.csv
2734,0,0,0,Reader_3_4.csv
2734,0,0,0,Reader_3_5.csv
2734,2,2,0,Reader_3_6.csv
2734,0,0,0,Reader_3_7.csv
2735,5,5,0,Reader_1_1.csv
2735,2,2,0,Reader_1_10.csv
2735,0,0,0,Reader_1_11.csv
2735,0,0,0,Reader_1_12.csv
2735,6,5,1,Reader_1_2.csv
2735,2,2,0,Reader_1_3.csv
2735,1,1,0,Reader_1_4.csv
2735,5,4,1,Reader_1_5.csv
2735,0,0,0,Reader_1_6.csv
2735,1,1,0,Reader_1_7.csv
2735,0,0,0,Reader_1_8.csv
2735,0,0,0,Reader_1_9.csv
2735,0,0,0,Reader_2_1.csv
2735,0,0,0,Reader_2_10.csv
2735,0,0,0,Reader_2_11.csv
2735,3,3,0,Reader_2_12.csv
2735,0,0,0,Reader_2_2.csv
2735,0,0,0,Reader_2_3.csv
2735,0,0,0,Reader_2_4.csv
2735,0,0,0,Reader_2_5.csv
2735,0,0,0,Reader_2_6.csv
2735,0,0,0,Reader_2_7.csv
2735,0,0,0,Reader_2_8.csv
2735,1,1,0,Reader_2_9.csv
2735,5,3,2,reader_3_1.csv
2735,8,8,0,Reader_3_2.csv
2735,0,0,0,Reader_3_3.csv
2735,0,0,0,Reader_3_4.csv
2735,0,0,0,Reader_3_5.csv
2735,1,1,0,Reader_3_6.csv
2735,0,0,0,Reader_3_7.csv
2736,4,4,0,Reader_1_1.csv
2736,2,2,0,Reader_1_10.csv
2736,0,0,0,Reader_1_11.csv
2736,0,0,0,Reader_1_12.csv
2736,6,5,1,Reader_1_2.csv
2736,3,3,0,Reader_1_3.csv
2736,1,1,0,Reader_1_4.csv
2736,4,3,1,Reader_1_5.csv
2736,0,0,0,Reader_1_6.csv
2736,1,1,0,Reader_1_7.csv
2736,0,0,0,Reader_1_8.csv
2736,0,0,0,Reader_1_9.csv
2736,1,1,0,Reader_2_1.csv
2736,0,0,0,Reader_2_10.csv
2736,0,0,0,Reader_2_11.csv
2736,3,3,0,Reader_2_12.csv
2736,0,0,0,Reader_2_2.csv
2736,0,0,0,Reader_2_3.csv
2736,0,0,0,Reader_2_4.csv
2736,0,0,0,Reader_2_5.csv
2736,0,0,0,Reader_2_6.csv
2736,0,0,0,Reader_2_7.csv
2736,0,0,0,Reader_2_8.csv
2736,1,1,0,Reader_2_9.csv
2736,5,3,2,reader_3_1.csv
2736,9,9,0,Reader_3_2.csv
2736,0,0,0,Reader_3_3.csv
2736,0,0,0,Reader_3_4.csv
2736,0,0,0,Reader_3_5.csv
2736,1,1,0,Reader_3_6.csv
2736,0,0,0,Reader_3_7.csv
2737,4,4,0,Reader_1_1.csv
2737,2,2,0,Reader_1_10.csv
2737,0,0,0,Reader_1_11.csv
2737,0,0,0,Reader_1_12.csv
2737,6,5,1,Reader_1_2.csv
2737,3,3,0,Reader_1_3.csv
2737,1,1,0,Reader_1_4.csv
2737,5,4,1,Reader_1_5.csv
2737,0,0,0,Reader_1_6.csv
2737,1,1,0,Reader_1_7.csv
2737,0,0,0,Reader_1_8.csv
2737,0,0,0,Reader_1_9.csv
2737,1,1,0,Reader_2_1.csv
2737,0,0,0,Reader_2_10.csv
2737,0,0,0,Reader_2_11.csv
2737,4,4,0,Reader_2_12.csv
2737,0,0,0,Reader_2_2.csv
2737,0,0,0,Reader_2_3.csv
2737,0,0,0,Reader_2_4.csv
2737,0,0,0,Reader_2_5.csv
2737,0,0,0,Reader_2_6.csv
2737,0,0,0,Reader_2_7.csv
2737,0,0,0,Reader_2_8.csv
2737,1,1,0,Reader_2_9.csv
2737,6,4,2,reader_3_1.csv
2737,10,10,0,Reader_3_2.csv
2737,0,0,0,Reader_3_3.csv
2737,0,0,0,Reader_3_4.csv
2737,0,0,0,Reader_3_5.csv
2737,1,1,0,Reader_3_6.csv
2737,0,0,0,Reader_3_7.csv
2738,2,2,0,Reader_1_1.csv
2738,1,1,0,Reader_1_10.csv
2738,0,0,0,Reader_1_11.csv
2738,0,0,0,Reader_1_12.csv
2738,4,4,0,Reader_1_2.csv
2738,2,2,0,Reader_1_3.csv
2738,1,1,0,Reader_1_4.csv
2738,6,5,1,Reader_1_5.csv
2738,0,0,0,Reader_1_6.csv
2738,1,1,0,Reader_1_7.csv
2738,0,0,0,Reader_1_8.csv
2738,0,0,0,Reader_1_9.csv
2738,1,1,0,Reader_2_1.csv
2738,0,0,0,Reader_2_10.csv
2738,0,0,0,Reader_2_11.csv
2738,4,4,0,Reader_2_12.csv
2738,0,0,0,Reader_2_2.csv
2738,0,0,0,Reader_2_3.csv
2738,0,0,0,Reader_2_4.csv
2738,0,0,0,Reader_2_5.csv
2738,0,0,0,Reader_2_6.csv
2738,0,0,0,Reader_2_7.csv
2738,0,0,0,Reader_2_8.csv
2738,1,1,0,Reader_2_9.csv
2738,5,3,2,reader_3_1.csv
2738,11,11,0,Reader_3_2.csv
2738,0,0,0,Reader_3_3.csv
2738,0,0,0,Reader_3_4.csv
2738,0,0,0,Reader_3_5.csv
2738,0,0,0,Reader_3_6.csv
2738,1,1,0,Reader_3_7.csv
2739,2,2,0,Reader_1_1.csv
2739,1,1,0,Reader_1_10.csv
2739,0,0,0,Reader_1_11.csv
2739,0,0,0,Reader_1_12.csv
2739,4,4,0,Reader_1_2.csv
2739,2,2,0,Reader_1_3.csv
2739,1,1,0,Reader_1_4.csv
2739,6,5,1,Reader_1_5.csv
2739,0,0,0,Reader_1_6.csv
2739,0,0,0,Reader_1_7.csv
2739,0,0,0,Reader_1_8.csv
2739,0,0,0,Reader_1_9.csv
2739,1,1,0,Reader_2_1.csv
2739,0,0,0,Reader_2_10.csv
2739,0,0,0,Reader_2_11.csv
2739,4,4,0,Reader_2_12.csv
2739,0,0,0,Reader_2_2.csv
2739,0,0,0,Reader_2_3.csv
2739,0,0,0,Reader_2_4.csv
2739,0,0,0,Reader_2_5.csv
2739,0,0,0,Reader_2_6.csv
2739,0,0,0,Reader_2_7.csv
2739,0,0,0,Reader_2_8.csv
2739,1,1,0,Reader_2_9.csv
2739,5,3,2,reader_3_1.csv
2739,10,10,0,Reader_3_2.csv
2739,0,0,0,Reader_3_3.csv
2739,0,0,0,Reader_3_4.csv
2739,0,0,0,Reader_3_5.csv
2739,0,0,0,Reader_3_6.csv
2739,1,1,0,Reader_3_7.csv
2740,2,2,0,Reader_1_1.csv
2740,1,1,0,Reader_1_10.csv
2740,0,0,0,Reader_1_11.csv
2740,0,0,0,Reader_1_12.csv
2740,4,4,0,Reader_1_2.csv
2740,2,2,0,Reader_1_3.csv
2740,1,1,0,Reader_1_4.csv
2740,5,4,1,Reader_1_5.csv
2740,0,0,0,Reader_1_6.csv
2740,0,0,0,Reader_1_7.csv
2740,0,0,0,Reader_1_8.csv
2740,0,0,0,Reader_1_9.csv
2740,1,1,0,Reader_2_1.csv
2740,0,0,0,Reader_2_10.csv
2740,0,0,0,Reader_2_11.csv
2740,3,3,0,Reader_2_12.csv
2740,0,0,0,Reader_2_2.csv
2740,0,0,0,Reader_2_3.csv
2740,0,0,0,Reader_2_4.csv
2740,0,0,0,Reader_2_5.csv
2740,0,0,0,Reader_2_6.csv
2740,0,0,0,Reader_2_7.csv
2740,0,0,0,Reader_2_8.csv
2740,1,1,0,Reader_2_9.csv
2740,5,3,2,reader_3_1.csv
2740,7,7,0,Reader_3_2.csv
2740,0,0,0,Reader_3_3.csv
2740,0,0,0,Reader_3_4.csv
2740,0,0,0,Reader_3_5.csv
2740,0,0,0,Reader_3_6.csv
2740,1,1,0,Reader_3_7.csv
2741,3,2,1,Reader_1_1.csv
2741,0,0,0,Reader_1_10.csv
2741,0,0,0,Reader_1_11.csv
2741,0,0,0,Reader_1_12.csv
2741,5,5,0,Reader_1_2.csv
2741,2,2,0,Reader_1_3.csv
2741,1,1,0,Reader_1_4.csv
2741,5,4,1,Reader_1_5.csv
2741,0,0,0,Reader_1_6.csv
2741,0,0,0,Reader_1_7.csv
2741,0,0,0,Reader_1_8.csv
2741,0,0,0,Reader_1_9.csv
2741,1,1,0,Reader_2_1.csv
2741,0,0,0,Reader_2_10.csv
2741,0,0,0,Reader_2_11.csv
2741,4,4,0,Reader_2_12.csv
2741,0,0,0,Reader_2_2.csv
2741,0,0,0,Reader_2_3.csv
2741,0,0,0,Reader_2_4.csv
2741,0,0,0,Reader_2_5.csv
2741,0,0,0,Reader_2_6.csv
2741,0,0,0,Reader_2_7.csv
2741,0,0,0,Reader_2_8.csv
2741,1,1,0,Reader_2_9.csv
2741,5,4,1,reader_3_1.csv
2741,7,7,0,Reader_3_2.csv
2741,0,0,0,Reader_3_3.csv
2741,0,0,0,Reader_3_4.csv
2741,0,0,0,Reader_3_5.csv
2741,1,1,0,Reader_3_6.csv
2741,2,1,1,Reader_3_7.csv
2742,3,2,1,Reader_1_1.csv
2742,0,0,0,Reader_1_10.csv
2742,0,0,0,Reader_1_11.csv
2742,0,0,0,Reader_1_12.csv
2742,4,4,0,Reader_1_2.csv
2742,1,1,0,Reader_1_3.csv
2742,0,0,0,Reader_1_4.csv
2742,3,2,1,Reader_1_5.csv
2742,0,0,0,Reader_1_6.csv
2742,0,0,0,Reader_1_7.csv
2742,0,0,0,Reader_1_8.csv
2742,0,0,0,Reader_1_9.csv
2742,1,1,0,Reader_2_1.csv
2742,0,0,0,Reader_2_10.csv
2742,0,0,0,Reader_2_11.csv
2742,3,3,0,Reader_2_12.csv
2742,1,1,0,Reader_2_2.csv
2742,0,0,0,Reader_2_3.csv
2742,0,0,0,Reader_2_4.csv
2742,0,0,0,Reader_2_5.csv
2742,0,0,0,Reader_2_6.csv
2742,0,0,0,Reader_2_7.csv
2742,0,0,0,Reader_2_8.csv
2742,1,1,0,Reader_2_9.csv
2742,5,4,1,reader_3_1.csv
2742,7,7,0,Reader_3_2.csv
2742,0,0,0,Reader_3_3.csv
2742,0,0,0,Reader_3_4.csv
2742,0,0,0,Reader_3_5.csv
2742,1,1,0,Reader_3_6.csv
2742,2,1,1,Reader_3_7.csv
2743,4,3,1,Reader_1_1.csv
2743,0,0,0,Reader_1_10.csv
2743,0,0,0,Reader_1_11.csv
2743,0,0,0,Reader_1_12.csv
2743,5,5,0,Reader_1_2.csv
2743,1,1,0,Reader_1_3.csv
2743,0,0,0,Reader_1_4.csv
2743,3,2,1,Reader_1_5.csv
2743,0,0,0,Reader_1_6.csv
2743,0,0,0,Reader_1_7.csv
2743,0,0,0,Reader_1_8.csv
2743,0,0,0,Reader_1_9.csv
2743,1,1,0,Reader_2_1.csv
2743,0,0,0,Reader_2_10.csv
2743,0,0,0,Reader_2_11.csv
2743,3,3,0,Reader_2_12.csv
2743,1,1,0,Reader_2_2.csv
2743,0,0,0,Reader_2_3.csv
2743,0,0,0,Reader_2_4.csv
2743,0,0,0,Reader_2_5.csv
2743,0,0,0,Reader_2_6.csv
2743,0,0,0,Reader_2_7.csv
2743,0,0,0,Reader_2_8.csv
2743,0,0,0,Reader_2_9.csv
2743,6,3,3,reader_3_1.csv
2743,9,9,0,Reader_3_2.csv
2743,0,0,0,Reader_3_3.csv
2743,0,0,0,Reader_3_4.csv
2743,0,0,0,Reader_3_5.csv
2743,1,1,0,Reader_3_6.csv
2743,3,2,1,Reader_3_7.csv
2744,4,3,1,Reader_1_1.csv
2744,0,0,0,Reader_1_10.csv
2744,0,0,0,Reader_1_11.csv
2744,0,0,0,Reader_1_12.csv
2744,5,5,0,Reader_1_2.csv
2744,1,1,0,Reader_1_3.csv
2744,0,0,0,Reader_1_4.csv
2744,3,2,1,Reader_1_5.csv
2744,0,0,0,Reader_1_6.csv
2744,0,0,0,Reader_1_7.csv
2744,0,0,0,Reader_1_8.csv
2744,0,0,0,Reader_1_9.csv
2744,0,0,0,Reader_2_1.csv
2744,0,0,0,Reader_2_10.csv
2744,0,0,0,Reader_2_11.csv
2744,3,3,0,Reader_2_12.csv
2744,1,1,0,Reader_2_2.csv
2744,0,0,0,Reader_2_3.csv
2744,0,0,0,Reader_2_4.csv
2744,0,0,0,Reader_2_5.csv
2744,0,0,0,Reader_2_6.csv
2744,0,0,0,Reader_2_7.csv
2744,0,0,0,Reader_2_8.csv
2744,0,0,0,Reader_2_9.csv
2744,7,4,3,reader_3_1.csv
2744,7,7,0,Reader_3_2.csv
2744,0,0,0,Reader_3_3.csv
2744,0,0,0,Reader_3_4.csv
2744,0,0,0,Reader_3_5.csv
2744,1,1,0,Reader_3_6.csv
2744,3,2,1,Reader_3_7.csv
2745,5,4,1,Reader_1_1.csv
2745,0,0,0,Reader_1_10.csv
2745,0,0,0,Reader_1_11.csv
2745,0,0,0,Reader_1_12.csv
2745,7,6,1,Reader_1_2.csv
2745,1,1,0,Reader_1_3.csv
2745,0,0,0,Reader_1_4.csv
2745,3,3,0,Reader_1_5.csv
2745,0,0,0,Reader_1_6.csv
2745,0,0,0,Reader_1_7.csv
2745,0,0,0,Reader_1_8.csv
2745,0,0,0,Reader_1_9.csv
2745,0,0,0,Reader_2_1.csv
2745,0,0,0,Reader_2_10.csv
2745,0,0,0,Reader_2_11.csv
2745,1,1,0,Reader_2_12.csv
2745,1,1,0,Reader_2_2.csv
2745,0,0,0,Reader_2_3.csv
2745,0,0,0,Reader_2_4.csv
2745,0,0,0,Reader_2_5.csv
2745,0,0,0,Reader_2_6.csv
2745,0,0,0,Reader_2_7.csv
2745,0,0,0,Reader_2_8.csv
2745,0,0,0,Reader_2_9.csv
2745,7,4,3,reader_3_1.csv
2745,8,7,1,Reader_3_2.csv
2745,1,1,0,Reader_3_3.csv
2745,1,1,0,Reader_3_4.csv
2745,0,0,0,Reader_3_5.csv
2745,1,1,0,Reader_3_6.csv
2745,3,2,1,Reader_3_7.csv
2746,5,4,1,Reader_1_1.csv
2746,0,0,0,Reader_1_10.csv
2746,0,0,0,Reader_1_11.csv
2746,0,0,0,Reader_1_12.csv
2746,7,6,1,Reader_1_2.csv
2746,1,1,0,Reader_1_3.csv
2746,0,0,0,Reader_1_4.csv
2746,2,2,0,Reader_1_5.csv
2746,0,0,0,Reader_1_6.csv
2746,0,0,0,Reader_1_7.csv
2746,0,0,0,Reader_1_8.csv
2746,0,0,0,Reader_1_9.csv
2746,0,0,0,Reader_2_1.csv
2746,0,0,0,Reader_2_10.csv
2746,0,0,0,Reader_2_11.csv
2746,2,2,0,Reader_2_12.csv
2746,1,1,0,Reader_2_2.csv
2746,0,0,0,Reader_2_3.csv
2746,0,0,0,Reader_2_4.csv
2746,0,0,0,Reader_2_5.csv
2746,0,0,0,Reader_2_6.csv
2746,0,0,0,Reader_2_7.csv
2746,0,0,0,Reader_2_8.csv
2746,0,0,0,Reader_2_9.csv
2746,6,4,2,reader_3_1.csv
2746,8,7,1,Reader_3_2.csv
2746,2,2,0,Reader_3_3.csv
2746,2,2,0,Reader_3_4.csv
2746,0,0,0,Reader_3_5.csv
2746,1,1,0,Reader_3_6.csv
2746,3,2,1,Reader_3_7.csv
2747,7,6,1,Reader_1_1.csv
2747,0,0,0,Reader_1_10.csv
2747,0,0,0,Reader_1_11.csv
2747,0,0,0,Reader_1_12.csv
2747,9,8,1,Reader_1_2.csv
2747,2,2,0,Reader_1_3.csv
2747,0,0,0,Reader_1_4.csv
2747,4,4,0,Reader_1_5.csv
2747,1,1,0,Reader_1_6.csv
2747,0,0,0,Reader_1_7.csv
2747,0,0,0,Reader_1_8.csv
2747,2,1,1,Reader_1_9.csv
2747,0,0,0,Reader_2_1.csv
2747,0,0,0,Reader_2_10.csv
2747,0,0,0,Reader_2_11.csv
2747,2,2,0,Reader_2_12.csv
2747,1,1,0,Reader_2_2.csv
2747,0,0,0,Reader_2_3.csv
2747,0,0,0,Reader_2_4.csv
2747,0,0,0,Reader_2_5.csv
2747,0,0,0,Reader_2_6.csv
2747,0,0,0,Reader_2_7.csv
2747,0,0,0,Reader_2_8.csv
2747,0,0,0,Reader_2_9.csv
2747,6,4,2,reader_3_1.csv
2747,8,7,1,Reader_3_2.csv
2747,2,2,0,Reader_3_3.csv
2747,2,2,0,Reader_3_4.csv
2747,0,0,0,Reader_3_5.csv
2747,1,1,0,Reader_3_6.csv
2747,3,2,1,Reader_3_7.csv
2748,10,9,1,Reader_1_1.csv
2748,0,0,0,Reader_1_10.csv
2748,0,0,0,Reader_1_11.csv
2748,0,0,0,Reader_1_12.csv
2748,11,10,1,Reader_1_2.csv
2748,2,2,0,Reader_1_3.csv
2748,0,0,0,Reader_1_4.csv
2748,4,4,0,Reader_1_5.csv
2748,1,1,0,Reader_1_6.csv
2748,0,0,0,Reader_1_7.csv
2748,0,0,0,Reader_1_8.csv
2748,2,1,1,Reader_1_9.csv
2748,0,0,0,Reader_2_1.csv
2748,0,0,0,Reader_2_10.csv
2748,0,0,0,Reader_2_11.csv
2748,3,3,0,Reader_2_12.csv
2748,1,1,0,Reader_2_2.csv
2748,0,0,0,Reader_2_3.csv
2748,0,0,0,Reader_2_4.csv
2748,0,0,0,Reader_2_5.csv
2748,0,0,0,Reader_2_6.csv
2748,0,0,0,Reader_2_7.csv
2748,0,0,0,Reader_2_8.csv
2748,0,0,0,Reader_2_9.csv
2748,5,3,2,reader_3_1.csv
2748,9,8,1,Reader_3_2.csv
2748,2,2,0,Reader_3_3.csv
2748,2,2,0,Reader_3_4.csv
2748,0,0,0,Reader_3_5.csv
2748,1,1,0,Reader_3_6.csv
2748,3,2,1,Reader_3_7.csv
2749,11,11,0,Reader_1_1.csv
2749,0,0,0,Reader_1_10.csv
2749,0,0,0,Reader_1_11.csv
2749,0,0,0,Reader_1_12.csv
2749,11,10,1,Reader_1_2.csv
2749,2,2,0,Reader_1_3.csv
2749,0,0,0,Reader_1_4.csv
2749,7,7,0,Reader_1_5.csv
2749,1,1,0,Reader_1_6.csv
2749,0,0,0,Reader_1_7.csv
2749,0,0,0,Reader_1_8.csv
2749,2,1,1,Reader_1_9.csv
2749,0,0,0,Reader_2_1.csv
2749,0,0,0,Reader_2_10.csv
2749,0,0,0,Reader_2_11.csv
2749,3,3,0,Reader_2_12.csv
2749,1,1,0,Reader_2_2.csv
2749,0,0,0,Reader_2_3.csv
2749,0,0,0,Reader_2_4.csv
2749,0,0,0,Reader_2_5.csv
2749,0,0,0,Reader_2_6.csv
2749,0,0,0,Reader_2_7.csv
2749,0,0,0,Reader_2_8.csv
2749,0,0,0,Reader_2_9.csv
2749,4,2,2,reader_3_1.csv
2749,10,9,1,Reader_3_2.csv
2749,3,3,0,Reader_3_3.csv
2749,3,3,0,Reader_3_4.csv
2749,0,0,0,Reader_3_5.csv
2749,0,0,0,Reader_3_6.csv
2749,2,2,0,Reader_3_7.csv
2750,16,15,1,Reader_1_1.csv
2750,0,0,0,Reader_1_10.csv
2750,0,0,0,Reader_1_11.csv
2750,0,0,0,Reader_1_12.csv
2750,12,11,1,Reader_1_2.csv
2750,2,2,0,Reader_1_3.csv
2750,0,0,0,Reader_1_4.csv
2750,8,8,0,Reader_1_5.csv
2750,1,1,0,Reader_1_6.csv
2750,0,0,0,Reader_1_7.csv
2750,0,0,0,Reader_1_8.csv
2750,2,1,1,Reader_1_9.csv
2750,0,0,0,Reader_2_1.csv
2750,0,0,0,Reader_2_10.csv
2750,0,0,0,Reader_2_11.csv
2750,3,3,0,Reader_2_12.csv
2750,0,0,0,Reader_2_2.csv
2750,0,0,0,Reader_2_3.csv
2750,0,0,0,Reader_2_4.csv
2750,0,0,0,Reader_2_5.csv
2750,0,0,0,Reader_2_6.csv
2750,0,0,0,Reader_2_7.csv
2750,0,0,0,Reader_2_8.csv
2750,0,0,0,Reader_2_9.csv
2750,7,3,4,reader_3_1.csv
2750,13,12,1,Reader_3_2.csv
2750,3,3,0,Reader_3_3.csv
2750,3,3,0,Reader_3_4.csv
2750,1,0,1,Reader_3_5.csv
2750,0,0,0,Reader_3_6.csv
2750,2,2,0,Reader_3_7.csv
2751,16,15,1,Reader_1_1.csv
2751,0,0,0,Reader_1_10.csv
2751,0,0,0,Reader_1_11.csv
2751,0,0,0,Reader_1_12.csv
2751,11,10,1,Reader_1_2.csv
2751,2,2,0,Reader_1_3.csv
2751,0,0,0,Reader_1_4.csv
2751,10,10,0,Reader_1_5.csv
2751,1,1,0,Reader_1_6.csv
2751,0,0,0,Reader_1_7.csv
2751,0,0,0,Reader_1_8.csv
2751,2,1,1,Reader_1_9.csv
2751,0,0,0,Reader_2_1.csv
2751,0,0,0,Reader_2_10.csv
2751,0,0,0,Reader_2_11.csv
2751,3,3,0,Reader_2_12.csv
2751,0,0,0,Reader_2_2.csv
2751,0,0,0,Reader_2_3.csv
2751,0,0,0,Reader_2_4.csv
2751,0,0,0,Reader_2_5.csv
2751,0,0,0,Reader_2_6.csv
2751,0,0,0,Reader_2_7.csv
2751,0,0,0,Reader_2_8.csv
2751,0,0,0,Reader_2_9.csv
2751,5,3,2,reader_3_1.csv
2751,14,13,1,Reader_3_2.csv
2751,3,3,0,Reader_3_3.csv
2751,3,3,0,Reader_3_4.csv
2751,1,0,1,Reader_3_5.csv
2751,0,0,0,Reader_3_6.csv
2751,1,1,0,Reader_3_7.csv
2752,16,15,1,Reader_1_1.csv
2752,0,0,0,Reader_1_10.csv
2752,0,0,0,Reader_1_11.csv
2752,0,0,0,Reader_1_12.csv
2752,11,10,1,Reader_1_2.csv
2752,1,1,0,Reader_1_3.csv
2752,0,0,0,Reader_1_4.csv
2752,10,10,0,Reader_1_5.csv
2752,1,1,0,Reader_1_6.csv
2752,0,0,0,Reader_1_7.csv
2752,0,0,0,Reader_1_8.csv
2752,2,1,1,Reader_1_9.csv
2752,0,0,0,Reader_2_1.csv
2752,0,0,0,Reader_2_10.csv
2752,0,0,0,Reader_2_11.csv
2752,3,3,0,Reader_2_12.csv
2752,0,0,0,Reader_2_2.csv
2752,0,0,0,Reader_2_3.csv
2752,0,0,0,Reader_2_4.csv
2752,0,0,0,Reader_2_5.csv
2752,0,0,0,Reader_2_6.csv
2752,0,0,0,Reader_2_7.csv
2752,0,0,0,Reader_2_8.csv
2752,0,0,0,Reader_2_9.csv
2752,6,3,3,reader_3_1.csv
2752,19,18,1,Reader_3_2.csv
2752,3,3,0,Reader_3_3.csv
2752,3,3,0,Reader_3_4.csv
2752,1,0,1,Reader_3_5.csv
2752,0,0,0,Reader_3_6.csv
2752,2,2,0,Reader_3_7.csv
2753,17,16,1,Reader_1_1.csv
2753,0,0,0,Reader_1_10.csv
2753,0,0,0,Reader_1_11.csv
2753,0,0,0,Reader_1_12.csv
2753,9,9,0,Reader_1_2.csv
2753,1,1,0,Reader_1_3.csv
2753,0,0,0,Reader_1_4.csv
2753,8,8,0,Reader_1_5.csv
2753,1,1,0,Reader_1_6.csv
2753,0,0,0,Reader_1_7.csv
2753,0,0,0,Reader_1_8.csv
2753,2,1,1,Reader_1_9.csv
2753,0,0,0,Reader_2_1.csv
2753,0,0,0,Reader_2_10.csv
2753,0,0,0,Reader_2_11.csv
2753,3,3,0,Reader_2_12.csv
2753,0,0,0,Reader_2_2.csv
2753,0,0,0,Reader_2_3.csv
2753,0,0,0,Reader_2_4.csv
2753,0,0,0,Reader_2_5.csv
2753,0,0,0,Reader_2_6.csv
2753,0,0,0,Reader_2_7.csv
2753,0,0,0,Reader_2_8.csv
2753,0,0,0,Reader_2_9.csv
2753,6,2,4,reader_3_1.csv
2753,20,20,0,Reader_3_2.csv
2753,2,2,0,Reader_3_3.csv
2753,2,2,0,Reader_3_4.csv
2753,1,0,1,Reader_3_5.csv
2753,0,0,0,Reader_3_6.csv
2753,2,2,0,Reader_3_7.csv
2754,17,16,1,Reader_1_1.csv
2754,0,0,0,Reader_1_10.csv
2754,0,0,0,Reader_1_11.csv
2754,0,0,0,Reader_1_12.csv
2754,11,11,0,Reader_1_2.csv
2754,1,1,0,Reader_1_3.csv
2754,0,0,0,Reader_1_4.csv
2754,8,8,0,Reader_1_5.csv
2754,1,1,0,Reader_1_6.csv
2754,0,0,0,Reader_1_7.csv
2754,0,0,0,Reader_1_8.csv
2754,2,1,1,Reader_1_9.csv
2754,0,0,0,Reader_2_1.csv
2754,0,0,0,Reader_2_10.csv
2754,0,0,0,Reader_2_11.csv
2754,2,2,0,Reader_2_12.csv
2754,0,0,0,Reader_2_2.csv
2754,0,0,0,Reader_2_3.csv
2754,1,1,0,Reader_2_4.csv
2754,0,0,0,Reader_2_5.csv
2754,0,0,0,Reader_2_6.csv
2754,0,0,0,Reader_2_7.csv
2754,0,0,0,Reader_2_8.csv
2754,0,0,0,Reader_2_9.csv
2754,6,2,4,reader_3_1.csv
2754,23,23,0,Reader_3_2.csv
2754,1,1,0,Reader_3_3.csv
2754,1,1,0,Reader_3_4.csv
2754,1,0,1,Reader_3_5.csv
2754,0,0,0,Reader_3_6.csv
2754,1,1,0,Reader_3_7.csv
2755,15,14,1,Reader_1_1.csv
2755,1,1,0,Reader_1_10.csv
2755,0,0,0,Reader_1_11.csv
2755,0,0,0,Reader_1_12.csv
2755,9,9,0,Reader_1_2.csv
2755,0,0,0,Reader_1_3.csv
2755,0,0,0,Reader_1_4.csv
2755,6,6,0,Reader_1_5.csv
2755,0,0,0,Reader_1_6.csv
2755,0,0,0,Reader_1_7.csv
2755,0,0,0,Reader_1_8.csv
2755,0,0,0,Reader_1_9.csv
2755,0,0,0,Reader_2_1.csv
2755,0,0,0,Reader_2_10.csv
2755,0,0,0,Reader_2_11.csv
2755,2,2,0,Reader_2_12.csv
2755,0,0,0,Reader_2_2.csv
2755,0,0,0,Reader_2_3.csv
2755,1,1,0,Reader_2_4.csv
2755,0,0,0,Reader_2_5.csv
2755,0,0,0,Reader_2_6.csv
2755,0,0,0,Reader_2_7.csv
2755,0,0,0,Reader_2_8.csv
2755,0,0,0,Reader_2_9.csv
2755,6,2,4,reader_3_1.csv
2755,25,25,0,Reader_3_2.csv
2755,1,1,0,Reader_3_3.csv
2755,1,1,0,Reader_3_4.csv
2755,1,0,1,Reader_3_5.csv
2755,0,0,0,Reader_3_6.csv
2755,2,2,0,Reader_3_7.csv
2756,12,11,1,Reader_1_1.csv
2756,1,1,0,Reader_1_10.csv
2756,0,0,0,Reader_1_11.csv
2756,0,0,0,Reader_1_12.csv
2756,8,8,0,Reader_1_2.csv
2756,0,0,0,Reader_1_3.csv
2756,0,0,0,Reader_1_4.csv
2756,6,6,0,Reader_1_5.csv
2756,0,0,0,Reader_1_6.csv
2756,0,0,0,Reader_1_7.csv
2756,0,0,0,Reader_1_8.csv
2756,0,0,0,Reader_1_9.csv
2756,0,0,0,Reader_2_1.csv
2756,0,0,0,Reader_2_10.csv
2756,0,0,0,Reader_2_11.csv
2756,1,1,0,Reader_2_12.csv
2756,0,0,0,Reader_2_2.csv
2756,0,0,0,Reader_2_3.csv
2756,1,1,0,Reader_2_4.csv
2756,0,0,0,Reader_2_5.csv
2756,0,0,0,Reader_2_6.csv
2756,0,0,0,Reader_2_7.csv
2756,0,0,0,Reader_2_8.csv
2756,0,0,0,Reader_2_9.csv
2756,7,3,4,reader_3_1.csv
2756,25,25,0,Reader_3_2.csv
2756,2,2,0,Reader_3_3.csv
2756,2,2,0,Reader_3_4.csv
2756,1,0,1,Reader_3_5.csv
2756,0,0,0,Reader_3_6.csv
2756,2,2,0,Reader_3_7.csv
2757,10,9,1,Reader_1_1.csv
2757,1,1,0,Reader_1_10.csv
2757,0,0,0,Reader_1_11.csv
2757,0,0,0,Reader_1_12.csv
2757,11,11,0,Reader_1_2.csv
2757,0,0,0,Reader_1_3.csv
2757,0,0,0,Reader_1_4.csv
2757,3,3,0,Reader_1_5.csv
2757,0,0,0,Reader_1_6.csv
2757,0,0,0,Reader_1_7.csv
2757,0,0,0,Reader_1_8.csv
2757,0,0,0,Reader_1_9.csv
2757,0,0,0,Reader_2_1.csv
2757,0,0,0,Reader_2_10.csv
2757,0,0,0,Reader_2_11.csv
2757,0,0,0,Reader_2_12.csv
2757,0,0,0,Reader_2_2.csv
2757,0,0,0,Reader_2_3.csv
2757,1,1,0,Reader_2_4.csv
2757,0,0,0,Reader_2_5.csv
2757,0,0,0,Reader_2_6.csv
2757,0,0,0,Reader_2_7.csv
2757,0,0,0,Reader_2_8.csv
2757,0,0,0,Reader_2_9.csv
2757,7,3,4,reader_3_1.csv
2757,24,24,0,Reader_3_2.csv
2757,1,1,0,Reader_3_3.csv
2757,1,1,0,Reader_3_4.csv
2757,1,0,1,Reader_3_5.csv
2757,0,0,0,Reader_3_6.csv
2757,3,2,1,Reader_3_7.csv
2758,5,5,0,Reader_1_1.csv
2758,1,1,0,Reader_1_10.csv
2758,0,0,0,Reader_1_11.csv
2758,0,0,0,Reader_1_12.csv
2758,10,10,0,Reader_1_2.csv
2758,0,0,0,Reader_1_3.csv
2758,0,0,0,Reader_1_4.csv
2758,4,4,0,Reader_1_5.csv
2758,0,0,0,Reader_1_6.csv
2758,0,0,0,Reader_1_7.csv
2758,0,0,0,Reader_1_8.csv
2758,0,0,0,Reader_1_9.csv
2758,0,0,0,Reader_2_1.csv
2758,0,0,0,Reader_2_10.csv
2758,0,0,0,Reader_2_11.csv
2758,1,1,0,Reader_2_12.csv
2758,0,0,0,Reader_2_2.csv
2758,0,0,0,Reader_2_3.csv
2758,1,1,0,Reader_2_4.csv
2758,0,0,0,Reader_2_5.csv
2758,0,0,0,Reader_2_6.csv
2758,0,0,0,Reader_2_7.csv
2758,0,0,0,Reader_2_8.csv
2758,0,0,0,Reader_2_9.csv
2758,4,2,2,reader_3_1.csv
2758,22,21,1,Reader_3_2.csv
2758,1,1,0,Reader_3_3.csv
2758,1,1,0,Reader_3_4.csv
2758,0,0,0,Reader_3_5.csv
2758,0,0,0,Reader_3_6.csv
2758,3,2,1,Reader_3_7.csv
2759,5,5,0,Reader_1_1.csv
2759,1,1,0,Reader_1_10.csv
2759,0,0,0,Reader_1_11.csv
2759,0,0,0,Reader_1_12.csv
2759,11,10,1,Reader_1_2.csv
2759,0,0,0,Reader_1_3.csv
2759,0,0,0,Reader_1_4.csv
2759,2,2,0,Reader_1_5.csv
2759,0,0,0,Reader_1_6.csv
2759,0,0,0,Reader_1_7.csv
2759,0,0,0,Reader_1_8.csv
2759,0,0,0,Reader_1_9.csv
2759,0,0,0,Reader_2_1.csv
2759,0,0,0,Reader_2_10.csv
2759,0,0,0,Reader_2_11.csv
2759,1,1,0,Reader_2_12.csv
2759,0,0,0,Reader_2_2.csv
2759,0,0,0,Reader_2_3.csv
2759,2,2,0,Reader_2_4.csv
2759,0,0,0,Reader_2_5.csv
2759,0,0,0,Reader_2_6.csv
2759,0,0,0,Reader_2_7.csv
2759,0,0,0,Reader_2_8.csv
2759,0,0,0,Reader_2_9.csv
2759,4,2,2,reader_3_1.csv
2759,21,20,1,Reader_3_2.csv
2759,1,1,0,Reader_3_3.csv
2759,1,1,0,Reader_3_4.csv
2759,0,0,0,Reader_3_5.csv
2759,0,0,0,Reader_3_6.csv
2759,3,2,1,Reader_3_7.csv
2760,7,7,0,Reader_1_1.csv
2760,1,1,0,Reader_1_10.csv
2760,0,0,0,Reader_1_11.csv
2760,1,0,1,Reader_1_12.csv
2760,14,12,2,Reader_1_2.csv
2760,0,0,0,Reader_1_3.csv
2760,0,0,0,Reader_1_4.csv
2760,2,2,0,Reader_1_5.csv
2760,0,0,0,Reader_1_6.csv
2760,0,0,0,Reader_1_7.csv
2760,0,0,0,Reader_1_8.csv
2760,0,0,0,Reader_1_9.csv
2760,0,0,0,Reader_2_1.csv
2760,0,0,0,Reader_2_10.csv
2760,0,0,0,Reader_2_11.csv
2760,2,2,0,Reader_2_12.csv
2760,0,0,0,Reader_2_2.csv
2760,0,0,0,Reader_2_3.csv
2760,2,2,0,Reader_2_4.csv
2760,0,0,0,Reader_2_5.csv
2760,0,0,0,Reader_2_6.csv
2760,0,0,0,Reader_2_7.csv
2760,0,0,0,Reader_2_8.csv
2760,0,0,0,Reader_2_9.csv
2760,2,1,1,reader_3_1.csv
2760,18,16,2,Reader_3_2.csv
2760,4,4,0,Reader_3_3.csv
2760,4,4,0,Reader_3_4.csv
2760,0,0,0,Reader_3_5.csv
2760,0,0,0,Reader_3_6.csv
2760,2,1,1,Reader_3_7.csv
2761,6,6,0,Reader_1_1.csv
2761,1,1,0,Reader_1_10.csv
2761,0,0,0,Reader_1_11.csv
2761,1,0,1,Reader_1_12.csv
2761,15,13,2,Reader_1_2.csv
2761,0,0,0,Reader_1_3.csv
2761,0,0,0,Reader_1_4.csv
2761,2,2,0,Reader_1_5.csv
2761,0,0,0,Reader_1_6.csv
2761,0,0,0,Reader_1_7.csv
2761,0,0,0,Reader_1_8.csv
2761,1,1,0,Reader_1_9.csv
2761,0,0,0,Reader_2_1.csv
2761,0,0,0,Reader_2_10.csv
2761,0,0,0,Reader_2_11.csv
2761,3,3,0,Reader_2_12.csv
2761,0,0,0,Reader_2_2.csv
2761,0,0,0,Reader_2_3.csv
2761,2,2,0,Reader_2_4.csv
2761,0,0,0,Reader_2_5.csv
2761,0,0,0,Reader_2_6.csv
2761,0,0,0,Reader_2_7.csv
2761,0,0,0,Reader_2_8.csv
2761,0,0,0,Reader_2_9.csv
2761,2,1,1,reader_3_1.csv
2761,17,13,4,Reader_3_2.csv
2761,5,5,0,Reader_3_3.csv
2761,5,5,0,Reader_3_4.csv
2761,0,0,0,Reader_3_5.csv
2761,0,0,0,Reader_3_6.csv
2761,2,1,1,Reader_3_7.csv
2762,10,8,2,Reader_1_1.csv
2762,1,1,0,Reader_1_10.csv
2762,0,0,0,Reader_1_11.csv
2762,1,0,1,Reader_1_12.csv
2762,13,11,2,Reader_1_2.csv
2762,0,0,0,Reader_1_3.csv
2762,0,0,0,Reader_1_4.csv
2762,4,4,0,Reader_1_5.csv
2762,0,0,0,Reader_1_6.csv
2762,0,0,0,Reader_1_7.csv
2762,0,0,0,Reader_1_8.csv
2762,1,1,0,Reader_1_9.csv
2762,0,0,0,Reader_2_1.csv
2762,0,0,0,Reader_2_10.csv
2762,0,0,0,Reader_2_11.csv
2762,3,3,0,Reader_2_12.csv
2762,0,0,0,Reader_2_2.csv
2762,0,0,0,Reader_2_3.csv
2762,1,1,0,Reader_2_4.csv
2762,0,0,0,Reader_2_5.csv
2762,0,0,0,Reader_2_6.csv
2762,0,0,0,Reader_2_7.csv
2762,0,0,0,Reader_2_8.csv
2762,0,0,0,Reader_2_9.csv
2762,2,1,1,reader_3_1.csv
2762,13,9,4,Reader_3_2.csv
2762,8,6,2,Reader_3_3.csv
2762,8,6,2,Reader_3_4.csv
2762,0,0,0,Reader_3_5.csv
2762,0,0,0,Reader_3_6.csv
2762,2,1,1,Reader_3_7.csv
2763,11,9,2,Reader_1_1.csv
2763,0,0,0,Reader_1_10.csv
2763,0,0,0,Reader_1_11.csv
2763,1,0,1,Reader_1_12.csv
2763,13,11,2,Reader_1_2.csv
2763,0,0,0,Reader_1_3.csv
2763,0,0,0,Reader_1_4.csv
2763,4,4,0,Reader_1_5.csv
2763,0,0,0,Reader_1_6.csv
2763,0,0,0,Reader_1_7.csv
2763,0,0,0,Reader_1_8.csv
2763,1,1,0,Reader_1_9.csv
2763,0,0,0,Reader_2_1.csv
2763,0,0,0,Reader_2_10.csv
2763,0,0,0,Reader_2_11.csv
2763,3,3,0,Reader_2_12.csv
2763,0,0,0,Reader_2_2.csv
2763,0,0,0,Reader_2_3.csv
2763,1,1,0,Reader_2_4.csv
2763,0,0,0,Reader_2_5.csv
2763,0,0,0,Reader_2_6.csv
2763,0,0,0,Reader_2_7.csv
2763,0,0,0,Reader_2_8.csv
2763,0,0,0,Reader_2_9.csv
2763,2,1,1,reader_3_1.csv
2763,11,7,4,Reader_3_2.csv
2763,8,6,2,Reader_3_3.csv
2763,8,6,2,Reader_3_4.csv
2763,0,0,0,Reader_3_5.csv
2763,0,0,0,Reader_3_6.csv
2763,1,0,1,Reader_3_7.csv
2764,11,9,2,Reader_1_1.csv
2764,0,0,0,Reader_1_10.csv
2764,0,0,0,Reader_1_11.csv
2764,1,0,1,Reader_1_12.csv
2764,13,11,2,Reader_1_2.csv
2764,0,0,0,Reader_1_3.csv
2764,0,0,0,Reader_1_4.csv
2764,5,5,0,Reader_1_5.csv
2764,1,0,1,Reader_1_6.csv
2764,0,0,0,Reader_1_7.csv
2764,0,0,0,Reader_1_8.csv
2764,1,1,0,Reader_1_9.csv
2764,0,0,0,Reader_2_1.csv
2764,0,0,0,Reader_2_10.csv
2764,0,0,0,Reader_2_11.csv
2764,3,3,0,Reader_2_12.csv
2764,0,0,0,Reader_2_2.csv
2764,0,0,0,Reader_2_3.csv
2764,1,1,0,Reader_2_4.csv
2764,0,0,0,Reader_2_5.csv
2764,0,0,0,Reader_2_6.csv
2764,0,0,0,Reader_2_7.csv
2764,0,0,0,Reader_2_8.csv
2764,0,0,0,Reader_2_9.csv
2764,1,0,1,reader_3_1.csv
2764,11,6,5,Reader_3_2.csv
2764,9,6,3,Reader_3_3.csv
2764,9,6,3,Reader_3_4.csv
2764,0,0,0,Reader_3_5.csv
2764,2,1,1,Reader_3_6.csv
2764,1,0,1,Reader_3_7.csv
2765,12,10,2,Reader_1_1.csv
2765,1,1,0,Reader_1_10.csv
2765,0,0,0,Reader_1_11.csv
2765,1,0,1,Reader_1_12.csv
2765,9,7,2,Reader_1_2.csv
2765,1,1,0,Reader_1_3.csv
2765,1,1,0,Reader_1_4.csv
2765,5,5,0,Reader_1_5.csv
2765,1,0,1,Reader_1_6.csv
2765,0,0,0,Reader_1_7.csv
2765,0,0,0,Reader_1_8.csv
2765,1,1,0,Reader_1_9.csv
2765,0,0,0,Reader_2_1.csv
2765,0,0,0,Reader_2_10.csv
2765,0,0,0,Reader_2_11.csv
2765,3,3,0,Reader_2_12.csv
2765,0,0,0,Reader_2_2.csv
2765,0,0,0,Reader_2_3.csv
2765,1,1,0,Reader_2_4.csv
2765,0,0,0,Reader_2_5.csv
2765,0,0,0,Reader_2_6.csv
2765,0,0,0,Reader_2_7.csv
2765,0,0,0,Reader_2_8.csv
2765,0,0,0,Reader_2_9.csv
2765,2,1,1,reader_3_1.csv
2765,11,6,5,Reader_3_2.csv
2765,10,6,4,Reader_3_3.csv
2765,10,6,4,Reader_3_4.csv
2765,0,0,0,Reader_3_5.csv
2765,2,1,1,Reader_3_6.csv
2765,0,0,0,Reader_3_7.csv
2766,13,11,2,Reader_1_1.csv
2766,1,1,0,Reader_1_10.csv
2766,0,0,0,Reader_1_11.csv
2766,1,0,1,Reader_1_12.csv
2766,8,6,2,Reader_1_2.csv
2766,1,1,0,Reader_1_3.csv
2766,1,1,0,Reader_1_4.csv
2766,3,3,0,Reader_1_5.csv
2766,1,0,1,Reader_1_6.csv
2766,1,1,0,Reader_1_7.csv
2766,0,0,0,Reader_1_8.csv
2766,2,2,0,Reader_1_9.csv
2766,0,0,0,Reader_2_1.csv
2766,0,0,0,Reader_2_10.csv
2766,0,0,0,Reader_2_11.csv
2766,2,2,0,Reader_2_12.csv
2766,0,0,0,Reader_2_2.csv
2766,0,0,0,Reader_2_3.csv
2766,1,1,0,Reader_2_4.csv
2766,0,0,0,Reader_2_5.csv
2766,0,0,0,Reader_2_6.csv
2766,0,0,0,Reader_2_7.csv
2766,0,0,0,Reader_2_8.csv
2766,0,0,0,Reader_2_9.csv
2766,2,1,1,reader_3_1.csv
2766,9,5,4,Reader_3_2.csv
2766,12,7,5,Reader_3_3.csv
2766,12,7,5,Reader_3_4.csv
2766,0,0,0,Reader_3_5.csv
2766,2,1,1,Reader_3_6.csv
2766,0,0,0,Reader_3_7.csv
2767,12,10,2,Reader_1_1.csv
2767,1,1,0,Reader_1_10.csv
2767,1,1,0,Reader_1_11.csv
2767,1,0,1,Reader_1_12.csv
2767,6,5,1,Reader_1_2.csv
2767,1,1,0,Reader_1_3.csv
2767,1,1,0,Reader_1_4.csv
2767,3,3,0,Reader_1_5.csv
2767,1,0,1,Reader_1_6.csv
2767,1,1,0,Reader_1_7.csv
2767,0,0,0,Reader_1_8.csv
2767,2,2,0,Reader_1_9.csv
2767,0,0,0,Reader_2_1.csv
2767,0,0,0,Reader_2_10.csv
2767,0,0,0,Reader_2_11.csv
2767,2,2,0,Reader_2_12.csv
2767,0,0,0,Reader_2_2.csv
2767,0,0,0,Reader_2_3.csv
2767,0,0,0,Reader_2_4.csv
2767,0,0,0,Reader_2_5.csv
2767,0,0,0,Reader_2_6.csv
2767,0,0,0,Reader_2_7.csv
2767,0,0,0,Reader_2_8.csv
2767,0,0,0,Reader_2_9.csv
2767,2,1,1,reader_3_1.csv
2767,9,5,4,Reader_3_2.csv
2767,12,7,5,Reader_3_3.csv
2767,12,7,5,Reader_3_4.csv
2767,0,0,0,Reader_3_5.csv
2767,2,1,1,Reader_3_6.csv
2767,0,0,0,Reader_3_7.csv
2768,13,11,2,Reader_1_1.csv
2768,1,1,0,Reader_1_10.csv
2768,1,1,0,Reader_1_11.csv
2768,0,0,0,Reader_1_12.csv
2768,3,3,0,Reader_1_2.csv
2768,1,1,0,Reader_1_3.csv
2768,1,1,0,Reader_1_4.csv
2768,3,3,0,Reader_1_5.csv
2768,1,0,1,Reader_1_6.csv
2768,1,1,0,Reader_1_7.csv
2768,0,0,0,Reader_1_8.csv
2768,2,2,0,Reader_1_9.csv
2768,0,0,0,Reader_2_1.csv
2768,0,0,0,Reader_2_10.csv
2768,0,0,0,Reader_2_11.csv
2768,1,1,0,Reader_2_12.csv
2768,0,0,0,Reader_2_2.csv
2768,0,0,0,Reader_2_3.csv
2768,0,0,0,Reader_2_4.csv
2768,0,0,0,Reader_2_5.csv
2768,0,0,0,Reader_2_6.csv
2768,0,0,0,Reader_2_7.csv
2768,0,0,0,Reader_2_8.csv
2768,0,0,0,Reader_2_9.csv
2768,2,1,1,reader_3_1.csv
2768,7,4,3,Reader_3_2.csv
2768,9,4,5,Reader_3_3.csv
2768,9,4,5,Reader_3_4.csv
2768,1,0,1,Reader_3_5.csv
2768,2,1,1,Reader_3_6.csv
2768,0,0,0,Reader_3_7.csv
2769,14,12,2,Reader_1_1.csv
2769,1,1,0,Reader_1_10.csv
2769,1,1,0,Reader_1_11.csv
2769,0,0,0,Reader_1_12.csv
2769,2,2,0,Reader_1_2.csv
2769,1,1,0,Reader_1_3.csv
2769,1,1,0,Reader_1_4.csv
2769,4,4,0,Reader_1_5.csv
2769,2,1,1,Reader_1_6.csv
2769,1,1,0,Reader_1_7.csv
2769,0,0,0,Reader_1_8.csv
2769,1,1,0,Reader_1_9.csv
2769,0,0,0,Reader_2_1.csv
2769,0,0,0,Reader_2_10.csv
2769,0,0,0,Reader_2_11.csv
2769,0,0,0,Reader_2_12.csv
2769,0,0,0,Reader_2_2.csv
2769,0,0,0,Reader_2_3.csv
2769,0,0,0,Reader_2_4.csv
2769,0,0,0,Reader_2_5.csv
2769,0,0,0,Reader_2_6.csv
2769,0,0,0,Reader_2_7.csv
2769,0,0,0,Reader_2_8.csv
2769,0,0,0,Reader_2_9.csv
2769,2,2,0,reader_3_1.csv
2769,6,5,1,Reader_3_2.csv
2769,9,4,5,Reader_3_3.csv
2769,9,4,5,Reader_3_4.csv
2769,1,0,1,Reader_3_5.csv
2769,2,1,1,Reader_3_6.csv
2769,1,1,0,Reader_3_7.csv
2770,12,11,1,Reader_1_1.csv
2770,1,1,0,Reader_1_10.csv
2770,1,1,0,Reader_1_11.csv
2770,0,0,0,Reader_1_12.csv
2770,3,3,0,Reader_1_2.csv
2770,1,1,0,Reader_1_3.csv
2770,1,1,0,Reader_1_4.csv
2770,2,2,0,Reader_1_5.csv
2770,2,1,1,Reader_1_6.csv
2770,1,1,0,Reader_1_7.csv
2770,0,0,0,Reader_1_8.csv
2770,1,1,0,Reader_1_9.csv
2770,1,0,1,Reader_2_1.csv
2770,0,0,0,Reader_2_10.csv
2770,0,0,0,Reader_2_11.csv
2770,0,0,0,Reader_2_12.csv
2770,0,0,0,Reader_2_2.csv
2770,1,1,0,Reader_2_3.csv
2770,0,0,0,Reader_2_4.csv
2770,0,0,0,Reader_2_5.csv
2770,0,0,0,Reader_2_6.csv
2770,0,0,0,Reader_2_7.csv
2770,0,0,0,Reader_2_8.csv
2770,0,0,0,Reader_2_9.csv
2770,4,4,0,reader_3_1.csv
2770,8,7,1,Reader_3_2.csv
2770,6,3,3,Reader_3_3.csv
2770,6,3,3,Reader_3_4.csv
2770,1,0,1,Reader_3_5.csv
2770,2,1,1,Reader_3_6.csv
2770,1,1,0,Reader_3_7.csv
2771,10,9,1,Reader_1_1.csv
2771,1,1,0,Reader_1_10.csv
2771,1,1,0,Reader_1_11.csv
2771,0,0,0,Reader_1_12.csv
2771,4,4,0,Reader_1_2.csv
2771,1,1,0,Reader_1_3.csv
2771,1,1,0,Reader_1_4.csv
2771,3,3,0,Reader_1_5.csv
2771,2,1,1,Reader_1_6.csv
2771,2,2,0,Reader_1_7.csv
2771,0,0,0,Reader_1_8.csv
2771,2,2,0,Reader_1_9.csv
2771,1,0,1,Reader_2_1.csv
2771,0,0,0,Reader_2_10.csv
2771,0,0,0,Reader_2_11.csv
2771,0,0,0,Reader_2_12.csv
2771,0,0,0,Reader_2_2.csv
2771,1,1,0,Reader_2_3.csv
2771,0,0,0,Reader_2_4.csv
2771,0,0,0,Reader_2_5.csv
2771,0,0,0,Reader_2_6.csv
2771,0,0,0,Reader_2_7.csv
2771,0,0,0,Reader_2_8.csv
2771,0,0,0,Reader_2_9.csv
2771,4,4,0,reader_3_1.csv
2771,9,8,1,Reader_3_2.csv
2771,7,4,3,Reader_3_3.csv
2771,7,4,3,Reader_3_4.csv
2771,1,0,1,Reader_3_5.csv
2771,2,1,1,Reader_3_6.csv
2771,1,1,0,Reader_3_7.csv
2772,11,10,1,Reader_1_1.csv
2772,1,1,0,Reader_1_10.csv
2772,1,1,0,Reader_1_11.csv
2772,0,0,0,Reader_1_12.csv
2772,3,3,0,Reader_1_2.csv
2772,2,2,0,Reader_1_3.csv
2772,2,2,0,Reader_1_4.csv
2772,2,2,0,Reader_1_5.csv
2772,1,1,0,Reader_1_6.csv
2772,2,2,0,Reader_1_7.csv
2772,0,0,0,Reader_1_8.csv
2772,2,2,0,Reader_1_9.csv
2772,1,0,1,Reader_2_1.csv
2772,0,0,0,Reader_2_10.csv
2772,0,0,0,Reader_2_11.csv
2772,0,0,0,Reader_2_12.csv
2772,0,0,0,Reader_2_2.csv
2772,1,1,0,Reader_2_3.csv
2772,0,0,0,Reader_2_4.csv
2772,0,0,0,Reader_2_5.csv
2772,0,0,0,Reader_2_6.csv
2772,0,0,0,Reader_2_7.csv
2772,0,0,0,Reader_2_8.csv
2772,0,0,0,Reader_2_9.csv
2772,4,4,0,reader_3_1.csv
2772,8,8,0,Reader_3_2.csv
2772,5,3,2,Reader_3_3.csv
2772,5,3,2,Reader_3_4.csv
2772,1,0,1,Reader_3_5.csv
2772,0,0,0,Reader_3_6.csv
2772,1,1,0,Reader_3_7.csv
2773,11,10,1,Reader_1_1.csv
2773,0,0,0,Reader_1_10.csv
2773,1,1,0,Reader_1_11.csv
2773,0,0,0,Reader_1_12.csv
2773,3,3,0,Reader_1_2.csv
2773,1,1,0,Reader_1_3.csv
2773,1,1,0,Reader_1_4.csv
2773,2,2,0,Reader_1_5.csv
2773,1,1,0,Reader_1_6.csv
2773,2,2,0,Reader_1_7.csv
2773,0,0,0,Reader_1_8.csv
2773,2,2,0,Reader_1_9.csv
2773,2,0,2,Reader_2_1.csv
2773,0,0,0,Reader_2_10.csv
2773,0,0,0,Reader_2_11.csv
2773,0,0,0,Reader_2_12.csv
2773,0,0,0,Reader_2_2.csv
2773,1,1,0,Reader_2_3.csv
2773,0,0,0,Reader_2_4.csv
2773,0,0,0,Reader_2_5.csv
2773,0,0,0,Reader_2_6.csv
2773,0,0,0,Reader_2_7.csv
2773,0,0,0,Reader_2_8.csv
2773,0,0,0,Reader_2_9.csv
2773,3,3,0,reader_3_1.csv
2773,7,7,0,Reader_3_2.csv
2773,4,3,1,Reader_3_3.csv
2773,4,3,1,Reader_3_4.csv
2773,1,0,1,Reader_3_5.csv
2773,0,0,0,Reader_3_6.csv
2773,2,2,0,Reader_3_7.csv
2774,11,10,1,Reader_1_1.csv
2774,0,0,0,Reader_1_10.csv
2774,1,1,0,Reader_1_11.csv
2774,0,0,0,Reader_1_12.csv
2774,4,3,1,Reader_1_2.csv
2774,2,2,0,Reader_1_3.csv
2774,1,1,0,Reader_1_4.csv
2774,2,2,0,Reader_1_5.csv
2774,1,1,0,Reader_1_6.csv
2774,1,1,0,Reader_1_7.csv
2774,0,0,0,Reader_1_8.csv
2774,1,1,0,Reader_1_9.csv
2774,3,0,3,Reader_2_1.csv
2774,0,0,0,Reader_2_10.csv
2774,0,0,0,Reader_2_11.csv
2774,0,0,0,Reader_2_12.csv
2774,1,0,1,Reader_2_2.csv
2774,1,1,0,Reader_2_3.csv
2774,0,0,0,Reader_2_4.csv
2774,0,0,0,Reader_2_5.csv
2774,1,0,1,Reader_2_6.csv
2774,0,0,0,Reader_2_7.csv
2774,0,0,0,Reader_2_8.csv
2774,0,0,0,Reader_2_9.csv
2774,3,3,0,reader_3_1.csv
2774,7,7,0,Reader_3_2.csv
2774,2,2,0,Reader_3_3.csv
2774,2,2,0,Reader_3_4.csv
2774,1,0,1,Reader_3_5.csv
2774,1,1,0,Reader_3_6.csv
2774,2,2,0,Reader_3_7.csv
2775,11,10,1,Reader_1_1.csv
2775,0,0,0,Reader_1_10.csv
2775,0,0,0,Reader_1_11.csv
2775,0,0,0,Reader_1_12.csv
2775,5,4,1,Reader_1_2.csv
2775,2,2,0,Reader_1_3.csv
2775,1,1,0,Reader_1_4.csv
2775,2,2,0,Reader_1_5.csv
2775,1,1,0,Reader_1_6.csv
2775,2,2,0,Reader_1_7.csv
2775,0,0,0,Reader_1_8.csv
2775,1,1,0,Reader_1_9.csv
2775,3,0,3,Reader_2_1.csv
2775,0,0,0,Reader_2_10.csv
2775,0,0,0,Reader_2_11.csv
2775,0,0,0,Reader_2_12.csv
2775,3,0,3,Reader_2_2.csv
2775,1,1,0,Reader_2_3.csv
2775,0,0,0,Reader_2_4.csv
2775,0,0,0,Reader_2_5.csv
2775,1,0,1,Reader_2_6.csv
2775,0,0,0,Reader_2_7.csv
2775,0,0,0,Reader_2_8.csv
2775,0,0,0,Reader_2_9.csv
2775,3,3,0,reader_3_1.csv
2775,6,6,0,Reader_3_2.csv
2775,3,3,0,Reader_3_3.csv
2775,3,3,0,Reader_3_4.csv
2775,1,0,1,Reader_3_5.csv
2775,2,2,0,Reader_3_6.csv
2775,2,2,0,Reader_3_7.csv
2776,8,7,1,Reader_1_1.csv
2776,0,0,0,Reader_1_10.csv
2776,1,1,0,Reader_1_11.csv
2776,0,0,0,Reader_1_12.csv
2776,6,4,2,Reader_1_2.csv
2776,2,2,0,Reader_1_3.csv
2776,1,1,0,Reader_1_4.csv
2776,2,2,0,Reader_1_5.csv
2776,1,1,0,Reader_1_6.csv
2776,2,2,0,Reader_1_7.csv
2776,0,0,0,Reader_1_8.csv
2776,1,1,0,Reader_1_9.csv
2776,3,0,3,Reader_2_1.csv
2776,0,0,0,Reader_2_10.csv
2776,0,0,0,Reader_2_11.csv
2776,0,0,0,Reader_2_12.csv
2776,3,0,3,Reader_2_2.csv
2776,1,1,0,Reader_2_3.csv
2776,0,0,0,Reader_2_4.csv
2776,0,0,0,Reader_2_5.csv
2776,1,0,1,Reader_2_6.csv
2776,0,0,0,Reader_2_7.csv
2776,0,0,0,Reader_2_8.csv
2776,0,0,0,Reader_2_9.csv
2776,4,4,0,reader_3_1.csv
2776,7,7,0,Reader_3_2.csv
2776,3,3,0,Reader_3_3.csv
2776,3,3,0,Reader_3_4.csv
2776,0,0,0,Reader_3_5.csv
2776,2,2,0,Reader_3_6.csv
2776,3,3,0,Reader_3_7.csv
2777,6,5,1,Reader_1_1.csv
2777,0,0,0,Reader_1_10.csv
2777,1,1,0,Reader_1_11.csv
2777,0,0,0,Reader_1_12.csv
2777,6,4,2,Reader_1_2.csv
2777,2,2,0,Reader_1_3.csv
2777,1,1,0,Reader_1_4.csv
2777,1,1,0,Reader_1_5.csv
2777,0,0,0,Reader_1_6.csv
2777,2,2,0,Reader_1_7.csv
2777,0,0,0,Reader_1_8.csv
2777,2,2,0,Reader_1_9.csv
2777,3,0,3,Reader_2_1.csv
2777,0,0,0,Reader_2_10.csv
2777,0,0,0,Reader_2_11.csv
2777,1,1,0,Reader_2_12.csv
2777,3,0,3,Reader_2_2.csv
2777,1,1,0,Reader_2_3.csv
2777,0,0,0,Reader_2_4.csv
2777,0,0,0,Reader_2_5.csv
2777,1,0,1,Reader_2_6.csv
2777,0,0,0,Reader_2_7.csv
2777,0,0,0,Reader_2_8.csv
2777,0,0,0,Reader_2_9.csv
2777,3,3,0,reader_3_1.csv
2777,7,7,0,Reader_3_2.csv
2777,3,3,0,Reader_3_3.csv
2777,3,3,0,Reader_3_4.csv
2777,1,1,0,Reader_3_5.csv
2777,2,2,0,Reader_3_6.csv
2777,2,2,0,Reader_3_7.csv
2778,4,4,0,Reader_1_1.csv
2778,0,0,0,Reader_1_10.csv
2778,1,1,0,Reader_1_11.csv
2778,0,0,0,Reader_1_12.csv
2778,5,3,2,Reader_1_2.csv
2778,2,2,0,Reader_1_3.csv
2778,1,1,0,Reader_1_4.csv
2778,1,1,0,Reader_1_5.csv
2778,0,0,0,Reader_1_6.csv
2778,3,3,0,Reader_1_7.csv
2778,0,0,0,Reader_1_8.csv
2778,2,2,0,Reader_1_9.csv
2778,2,0,2,Reader_2_1.csv
2778,0,0,0,Reader_2_10.csv
2778,0,0,0,Reader_2_11.csv
2778,1,1,0,Reader_2_12.csv
2778,3,0,3,Reader_2_2.csv
2778,0,0,0,Reader_2_3.csv
2778,0,0,0,Reader_2_4.csv
2778,0,0,0,Reader_2_5.csv
2778,1,0,1,Reader_2_6.csv
2778,0,0,0,Reader_2_7.csv
2778,0,0,0,Reader_2_8.csv
2778,0,0,0,Reader_2_9.csv
2778,1,1,0,reader_3_1.csv
2778,6,6,0,Reader_3_2.csv
2778,3,3,0,Reader_3_3.csv
2778,3,3,0,Reader_3_4.csv
2778,1,1,0,Reader_3_5.csv
2778,3,3,0,Reader_3_6.csv
2778,2,2,0,Reader_3_7.csv
2779,4,4,0,Reader_1_1.csv
2779,0,0,0,Reader_1_10.csv
2779,1,1,0,Reader_1_11.csv
2779,0,0,0,Reader_1_12.csv
2779,3,1,2,Reader_1_2.csv
2779,3,3,0,Reader_1_3.csv
2779,1,1,0,Reader_1_4.csv
2779,0,0,0,Reader_1_5.csv
2779,1,1,0,Reader_1_6.csv
2779,2,2,0,Reader_1_7.csv
2779,0,0,0,Reader_1_8.csv
2779,1,1,0,Reader_1_9.csv
2779,2,0,2,Reader_2_1.csv
2779,0,0,0,Reader_2_10.csv
2779,0,0,0,Reader_2_11.csv
2779,1,1,0,Reader_2_12.csv
2779,3,0,3,Reader_2_2.csv
2779,0,0,0,Reader_2_3.csv
2779,0,0,0,Reader_2_4.csv
2779,0,0,0,Reader_2_5.csv
2779,1,0,1,Reader_2_6.csv
2779,0,0,0,Reader_2_7.csv
2779,0,0,0,Reader_2_8.csv
2779,0,0,0,Reader_2_9.csv
2779,2,2,0,reader_3_1.csv
2779,4,4,0,Reader_3_2.csv
2779,2,2,0,Reader_3_3.csv
2779,2,2,0,Reader_3_4.csv
2779,3,3,0,Reader_3_5.csv
2779,5,4,1,Reader_3_6.csv
2779,2,2,0,Reader_3_7.csv
2780,3,3,0,Reader_1_1.csv
2780,0,0,0,Reader_1_10.csv
2780,1,1,0,Reader_1_11.csv
2780,0,0,0,Reader_1_12.csv
2780,3,1,2,Reader_1_2.csv
2780,3,3,0,Reader_1_3.csv
2780,0,0,0,Reader_1_4.csv
2780,0,0,0,Reader_1_5.csv
2780,1,1,0,Reader_1_6.csv
2780,2,2,0,Reader_1_7.csv
2780,0,0,0,Reader_1_8.csv
2780,1,1,0,Reader_1_9.csv
2780,2,0,2,Reader_2_1.csv
2780,0,0,0,Reader_2_10.csv
2780,0,0,0,Reader_2_11.csv
2780,1,1,0,Reader_2_12.csv
2780,3,0,3,Reader_2_2.csv
2780,0,0,0,Reader_2_3.csv
2780,0,0,0,Reader_2_4.csv
2780,0,0,0,Reader_2_5.csv
2780,1,0,1,Reader_2_6.csv
2780,0,0,0,Reader_2_7.csv
2780,0,0,0,Reader_2_8.csv
2780,0,0,0,Reader_2_9.csv
2780,3,3,0,reader_3_1.csv
2780,4,4,0,Reader_3_2.csv
2780,3,3,0,Reader_3_3.csv
2780,3,3,0,Reader_3_4.csv
2780,4,4,0,Reader_3_5.csv
2780,5,4,1,Reader_3_6.csv
2780,2,2,0,Reader_3_7.csv
2781,1,1,0,Reader_1_1.csv
2781,0,0,0,Reader_1_10.csv
2781,1,1,0,Reader_1_11.csv
2781,0,0,0,Reader_1_12.csv
2781,4,2,2,Reader_1_2.csv
2781,3,3,0,Reader_1_3.csv
2781,0,0,0,Reader_1_4.csv
2781,2,2,0,Reader_1_5.csv
2781,1,1,0,Reader_1_6.csv
2781,2,2,0,Reader_1_7.csv
2781,0,0,0,Reader_1_8.csv
2781,1,1,0,Reader_1_9.csv
2781,1,0,1,Reader_2_1.csv
2781,0,0,0,Reader_2_10.csv
2781,0,0,0,Reader_2_11.csv
2781,1,1,0,Reader_2_12.csv
2781,3,0,3,Reader_2_2.csv
2781,0,0,0,Reader_2_3.csv
2781,0,0,0,Reader_2_4.csv
2781,0,0,0,Reader_2_5.csv
2781,1,0,1,Reader_2_6.csv
2781,0,0,0,Reader_2_7.csv
2781,0,0,0,Reader_2_8.csv
2781,0,0,0,Reader_2_9.csv
2781,3,3,0,reader_3_1.csv
2781,5,4,1,Reader_3_2.csv
2781,4,4,0,Reader_3_3.csv
2781,4,4,0,Reader_3_4.csv
2781,5,5,0,Reader_3_5.csv
2781,5,4,1,Reader_3_6.csv
2781,1,1,0,Reader_3_7.csv
2782,0,0,0,Reader_1_1.csv
2782,0,0,0,Reader_1_10.csv
2782,1,1,0,Reader_1_11.csv
2782,0,0,0,Reader_1_12.csv
2782,4,3,1,Reader_1_2.csv
2782,2,2,0,Reader_1_3.csv
2782,1,1,0,Reader_1_4.csv
2782,2,2,0,Reader_1_5.csv
2782,1,1,0,Reader_1_6.csv
2782,2,2,0,Reader_1_7.csv
2782,0,0,0,Reader_1_8.csv
2782,1,1,0,Reader_1_9.csv
2782,0,0,0,Reader_2_1.csv
2782,0,0,0,Reader_2_10.csv
2782,0,0,0,Reader_2_11.csv
2782,1,1,0,Reader_2_12.csv
2782,2,0,2,Reader_2_2.csv
2782,0,0,0,Reader_2_3.csv
2782,0,0,0,Reader_2_4.csv
2782,0,0,0,Reader_2_5.csv
2782,0,0,0,Reader_2_6.csv
2782,0,0,0,Reader_2_7.csv
2782,0,0,0,Reader_2_8.csv
2782,0,0,0,Reader_2_9.csv
2782,3,3,0,reader_3_1.csv
2782,6,5,1,Reader_3_2.csv
2782,5,5,0,Reader_3_3.csv
2782,5,5,0,Reader_3_4.csv
2782,6,6,0,Reader_3_5.csv
2782,4,3,1,Reader_3_6.csv
2782,1,1,0,Reader_3_7.csv
2783,0,0,0,Reader_1_1.csv
2783,0,0,0,Reader_1_10.csv
2783,1,1,0,Reader_1_11.csv
2783,0,0,0,Reader_1_12.csv
2783,3,2,1,Reader_1_2.csv
2783,2,2,0,Reader_1_3.csv
2783,3,3,0,Reader_1_4.csv
2783,3,3,0,Reader_1_5.csv
2783,1,1,0,Reader_1_6.csv
2783,1,1,0,Reader_1_7.csv
2783,0,0,0,Reader_1_8.csv
2783,1,1,0,Reader_1_9.csv
2783,0,0,0,Reader_2_1.csv
2783,0,0,0,Reader_2_10.csv
2783,0,0,0,Reader_2_11.csv
2783,2,2,0,Reader_2_12.csv
2783,0,0,0,Reader_2_2.csv
2783,0,0,0,Reader_2_3.csv
2783,0,0,0,Reader_2_4.csv
2783,0,0,0,Reader_2_5.csv
2783,0,0,0,Reader_2_6.csv
2783,0,0,0,Reader_2_7.csv
2783,0,0,0,Reader_2_8.csv
2783,0,0,0,Reader_2_9.csv
2783,3,3,0,reader_3_1.csv
2783,7,5,2,Reader_3_2.csv
2783,6,6,0,Reader_3_3.csv
2783,6,6,0,Reader_3_4.csv
2783,6,6,0,Reader_3_5.csv
2783,3,2,1,Reader_3_6.csv
2783,1,1,0,Reader_3_7.csv
2784,0,0,0,Reader_1_1.csv
2784,1,1,0,Reader_1_10.csv
2784,0,0,0,Reader_1_11.csv
2784,0,0,0,Reader_1_12.csv
2784,2,2,0,Reader_1_2.csv
2784,2,2,0,Reader_1_3.csv
2784,3,3,0,Reader_1_4.csv
2784,3,3,0,Reader_1_5.csv
2784,1,1,0,Reader_1_6.csv
2784,1,1,0,Reader_1_7.csv
2784,0,0,0,Reader_1_8.csv
2784,1,1,0,Reader_1_9.csv
2784,0,0,0,Reader_2_1.csv
2784,0,0,0,Reader_2_10.csv
2784,0,0,0,Reader_2_11.csv
2784,2,2,0,Reader_2_12.csv
2784,0,0,0,Reader_2_2.csv
2784,0,0,0,Reader_2_3.csv
2784,0,0,0,Reader_2_4.csv
2784,0,0,0,Reader_2_5.csv
2784,0,0,0,Reader_2_6.csv
2784,0,0,0,Reader_2_7.csv
2784,0,0,0,Reader_2_8.csv
2784,0,0,0,Reader_2_9.csv
2784,2,2,0,reader_3_1.csv
2784,6,4,2,Reader_3_2.csv
2784,7,6,1,Reader_3_3.csv
2784,7,6,1,Reader_3_4.csv
2784,6,6,0,Reader_3_5.csv
2784,3,2,1,Reader_3_6.csv
2784,0,0,0,Reader_3_7.csv
2785,2,1,1,Reader_1_1.csv
2785,1,1,0,Reader_1_10.csv
2785,0,0,0,Reader_1_11.csv
2785,0,0,0,Reader_1_12.csv
2785,3,3,0,Reader_1_2.csv
2785,4,4,0,Reader_1_3.csv
2785,5,5,0,Reader_1_4.csv
2785,4,4,0,Reader_1_5.csv
2785,1,1,0,Reader_1_6.csv
2785,1,1,0,Reader_1_7.csv
2785,0,0,0,Reader_1_8.csv
2785,0,0,0,Reader_1_9.csv
2785,0,0,0,Reader_2_1.csv
2785,0,0,0,Reader_2_10.csv
2785,0,0,0,Reader_2_11.csv
2785,1,1,0,Reader_2_12.csv
2785,0,0,0,Reader_2_2.csv
2785,0,0,0,Reader_2_3.csv
2785,0,0,0,Reader_2_4.csv
2785,0,0,0,Reader_2_5.csv
2785,0,0,0,Reader_2_6.csv
2785,0,0,0,Reader_2_7.csv
2785,0,0,0,Reader_2_8.csv
2785,0,0,0,Reader_2_9.csv
2785,2,2,0,reader_3_1.csv
2785,6,4,2,Reader_3_2.csv
2785,6,5,1,Reader_3_3.csv
2785,6,5,1,Reader_3_4.csv
2785,7,7,0,Reader_3_5.csv
2785,3,2,1,Reader_3_6.csv
2785,0,0,0,Reader_3_7.csv
2786,4,2,2,Reader_1_1.csv
2786,1,1,0,Reader_1_10.csv
2786,0,0,0,Reader_1_11.csv
2786,0,0,0,Reader_1_12.csv
2786,4,4,0,Reader_1_2.csv
2786,5,5,0,Reader_1_3.csv
2786,5,5,0,Reader_1_4.csv
2786,4,4,0,Reader_1_5.csv
2786,2,2,0,Reader_1_6.csv
2786,0,0,0,Reader_1_7.csv
2786,0,0,0,Reader_1_8.csv
2786,0,0,0,Reader_1_9.csv
2786,0,0,0,Reader_2_1.csv
2786,0,0,0,Reader_2_10.csv
2786,0,0,0,Reader_2_11.csv
2786,2,2,0,Reader_2_12.csv
2786,0,0,0,Reader_2_2.csv
2786,0,0,0,Reader_2_3.csv
2786,0,0,0,Reader_2_4.csv
2786,0,0,0,Reader_2_5.csv
2786,0,0,0,Reader_2_6.csv
2786,0,0,0,Reader_2_7.csv
2786,0,0,0,Reader_2_8.csv
2786,0,0,0,Reader_2_9.csv
2786,2,2,0,reader_3_1.csv
2786,6,4,2,Reader_3_2.csv
2786,7,6,1,Reader_3_3.csv
2786,7,6,1,Reader_3_4.csv
2786,7,7,0,Reader_3_5.csv
2786,2,1,1,Reader_3_6.csv
2786,0,0,0,Reader_3_7.csv
2787,4,2,2,Reader_1_1.csv
2787,1,1,0,Reader_1_10.csv
2787,0,0,0,Reader_1_11.csv
2787,0,0,0,Reader_1_12.csv
2787,4,4,0,Reader_1_2.csv
2787,4,4,0,Reader_1_3.csv
2787,5,5,0,Reader_1_4.csv
2787,4,4,0,Reader_1_5.csv
2787,1,1,0,Reader_1_6.csv
2787,0,0,0,Reader_1_7.csv
2787,0,0,0,Reader_1_8.csv
2787,0,0,0,Reader_1_9.csv
2787,0,0,0,Reader_2_1.csv
2787,0,0,0,Reader_2_10.csv
2787,0,0,0,Reader_2_11.csv
2787,2,2,0,Reader_2_12.csv
2787,0,0,0,Reader_2_2.csv
2787,0,0,0,Reader_2_3.csv
2787,0,0,0,Reader_2_4.csv
2787,0,0,0,Reader_2_5.csv
2787,0,0,0,Reader_2_6.csv
2787,0,0,0,Reader_2_7.csv
2787,0,0,0,Reader_2_8.csv
2787,0,0,0,Reader_2_9.csv
2787,1,1,0,reader_3_1.csv
2787,7,5,2,Reader_3_2.csv
2787,7,6,1,Reader_3_3.csv
2787,7,6,1,Reader_3_4.csv
2787,5,5,0,Reader_3_5.csv
2787,1,1,0,Reader_3_6.csv
2787,0,0,0,Reader_3_7.csv
2788,7,5,2,Reader_1_1.csv
2788,1,1,0,Reader_1_10.csv
2788,0,0,0,Reader_1_11.csv
2788,0,0,0,Reader_1_12.csv
2788,4,4,0,Reader_1_2.csv
2788,3,3,0,Reader_1_3.csv
2788,5,5,0,Reader_1_4.csv
2788,4,4,0,Reader_1_5.csv
2788,1,1,0,Reader_1_6.csv
2788,0,0,0,Reader_1_7.csv
2788,0,0,0,Reader_1_8.csv
2788,0,0,0,Reader_1_9.csv
2788,0,0,0,Reader_2_1.csv
2788,0,0,0,Reader_2_10.csv
2788,0,0,0,Reader_2_11.csv
2788,2,2,0,Reader_2_12.csv
2788,0,0,0,Reader_2_2.csv
2788,0,0,0,Reader_2_3.csv
2788,0,0,0,Reader_2_4.csv
2788,0,0,0,Reader_2_5.csv
2788,0,0,0,Reader_2_6.csv
2788,0,0,0,Reader_2_7.csv
2788,0,0,0,Reader_2_8.csv
2788,0,0,0,Reader_2_9.csv
2788,0,0,0,reader_3_1.csv
2788,7,5,2,Reader_3_2.csv
2788,6,5,1,Reader_3_3.csv
2788,6,5,1,Reader_3_4.csv
2788,4,4,0,Reader_3_5.csv
2788,1,1,0,Reader_3_6.csv
2788,0,0,0,Reader_3_7.csv
2789,9,7,2,Reader_1_1.csv
2789,1,1,0,Reader_1_10.csv
2789,0,0,0,Reader_1_11.csv
2789,0,0,0,Reader_1_12.csv
2789,4,4,0,Reader_1_2.csv
2789,4,4,0,Reader_1_3.csv
2789,6,6,0,Reader_1_4.csv
2789,3,3,0,Reader_1_5.csv
2789,1,1,0,Reader_1_6.csv
2789,0,0,0,Reader_1_7.csv
2789,0,0,0,Reader_1_8.csv
2789,0,0,0,Reader_1_9.csv
2789,0,0,0,Reader_2_1.csv
2789,0,0,0,Reader_2_10.csv
2789,0,0,0,Reader_2_11.csv
2789,2,2,0,Reader_2_12.csv
2789,0,0,0,Reader_2_2.csv
2789,0,0,0,Reader_2_3.csv
2789,0,0,0,Reader_2_4.csv
2789,0,0,0,Reader_2_5.csv
2789,0,0,0,Reader_2_6.csv
2789,0,0,0,Reader_2_7.csv
2789,0,0,0,Reader_2_8.csv
2789,0,0,0,Reader_2_9.csv
2789,0,0,0,reader_3_1.csv
2789,6,5,1,Reader_3_2.csv
2789,5,4,1,Reader_3_3.csv
2789,5,4,1,Reader_3_4.csv
2789,3,3,0,Reader_3_5.csv
2789,1,1,0,Reader_3_6.csv
2789,1,1,0,Reader_3_7.csv
2790,10,8,2,Reader_1_1.csv
2790,1,1,0,Reader_1_10.csv
2790,0,0,0,Reader_1_11.csv
2790,0,0,0,Reader_1_12.csv
2790,4,4,0,Reader_1_2.csv
2790,4,4,0,Reader_1_3.csv
2790,5,5,0,Reader_1_4.csv
2790,3,3,0,Reader_1_5.csv
2790,1,1,0,Reader_1_6.csv
2790,0,0,0,Reader_1_7.csv
2790,0,0,0,Reader_1_8.csv
2790,0,0,0,Reader_1_9.csv
2790,0,0,0,Reader_2_1.csv
2790,0,0,0,Reader_2_10.csv
2790,0,0,0,Reader_2_11.csv
2790,2,2,0,Reader_2_12.csv
2790,0,0,0,Reader_2_2.csv
2790,0,0,0,Reader_2_3.csv
2790,0,0,0,Reader_2_4.csv
2790,0,0,0,Reader_2_5.csv
2790,0,0,0,Reader_2_6.csv
2790,0,0,0,Reader_2_7.csv
2790,0,0,0,Reader_2_8.csv
2790,0,0,0,Reader_2_9.csv
2790,0,0,0,reader_3_1.csv
2790,5,4,1,Reader_3_2.csv
2790,4,3,1,Reader_3_3.csv
2790,4,3,1,Reader_3_4.csv
2790,2,2,0,Reader_3_5.csv
2790,1,1,0,Reader_3_6.csv
2790,1,1,0,Reader_3_7.csv
2791,11,9,2,Reader_1_1.csv
2791,1,1,0,Reader_1_10.csv
2791,0,0,0,Reader_1_11.csv
2791,1,0,1,Reader_1_12.csv
2791,5,5,0,Reader_1_2.csv
2791,5,5,0,Reader_1_3.csv
2791,4,4,0,Reader_1_4.csv
2791,2,2,0,Reader_1_5.csv
2791,1,1,0,Reader_1_6.csv
2791,0,0,0,Reader_1_7.csv
2791,0,0,0,Reader_1_8.csv
2791,0,0,0,Reader_1_9.csv
2791,0,0,0,Reader_2_1.csv
2791,0,0,0,Reader_2_10.csv
2791,0,0,0,Reader_2_11.csv
2791,2,2,0,Reader_2_12.csv
2791,0,0,0,Reader_2_2.csv
2791,1,1,0,Reader_2_3.csv
2791,0,0,0,Reader_2_4.csv
2791,0,0,0,Reader_2_5.csv
2791,0,0,0,Reader_2_6.csv
2791,0,0,0,Reader_2_7.csv
2791,0,0,0,Reader_2_8.csv
2791,0,0,0,Reader_2_9.csv
2791,0,0,0,reader_3_1.csv
2791,3,3,0,Reader_3_2.csv
2791,3,2,1,Reader_3_3.csv
2791,3,2,1,Reader_3_4.csv
2791,2,2,0,Reader_3_5.csv
2791,1,1,0,Reader_3_6.csv
2791,1,1,0,Reader_3_7.csv
2792,14,12,2,Reader_1_1.csv
2792,0,0,0,Reader_1_10.csv
2792,0,0,0,Reader_1_11.csv
2792,1,0,1,Reader_1_12.csv
2792,5,5,0,Reader_1_2.csv
2792,5,5,0,Reader_1_3.csv
2792,4,4,0,Reader_1_4.csv
2792,3,3,0,Reader_1_5.csv
2792,2,1,1,Reader_1_6.csv
2792,0,0,0,Reader_1_7.csv
2792,0,0,0,Reader_1_8.csv
2792,0,0,0,Reader_1_9.csv
2792,0,0,0,Reader_2_1.csv
2792,0,0,0,Reader_2_10.csv
2792,0,0,0,Reader_2_11.csv
2792,2,2,0,Reader_2_12.csv
2792,0,0,0,Reader_2_2.csv
2792,1,1,0,Reader_2_3.csv
2792,0,0,0,Reader_2_4.csv
2792,0,0,0,Reader_2_5.csv
2792,0,0,0,Reader_2_6.csv
2792,0,0,0,Reader_2_7.csv
2792,0,0,0,Reader_2_8.csv
2792,0,0,0,Reader_2_9.csv
2792,0,0,0,reader_3_1.csv
2792,3,3,0,Reader_3_2.csv
2792,2,2,0,Reader_3_3.csv
2792,2,2,0,Reader_3_4.csv
2792,2,2,0,Reader_3_5.csv
2792,1,1,0,Reader_3_6.csv
2792,1,1,0,Reader_3_7.csv
2793,14,12,2,Reader_1_1.csv
2793,0,0,0,Reader_1_10.csv
2793,0,0,0,Reader_1_11.csv
2793,2,1,1,Reader_1_12.csv
2793,4,4,0,Reader_1_2.csv
2793,4,4,0,Reader_1_3.csv
2793,2,2,0,Reader_1_4.csv
2793,2,2,0,Reader_1_5.csv
2793,2,1,1,Reader_1_6.csv
2793,0,0,0,Reader_1_7.csv
2793,0,0,0,Reader_1_8.csv
2793,0,0,0,Reader_1_9.csv
2793,0,0,0,Reader_2_1.csv
2793,0,0,0,Reader_2_10.csv
2793,0,0,0,Reader_2_11.csv
2793,2,2,0,Reader_2_12.csv
2793,0,0,0,Reader_2_2.csv
2793,1,1,0,Reader_2_3.csv
2793,0,0,0,Reader_2_4.csv
2793,0,0,0,Reader_2_5.csv
2793,0,0,0,Reader_2_6.csv
2793,0,0,0,Reader_2_7.csv
2793,0,0,0,Reader_2_8.csv
2793,0,0,0,Reader_2_9.csv
2793,0,0,0,reader_3_1.csv
2793,3,3,0,Reader_3_2.csv
2793,2,2,0,Reader_3_3.csv
2793,2,2,0,Reader_3_4.csv
2793,0,0,0,Reader_3_5.csv
2793,1,1,0,Reader_3_6.csv
2793,1,1,0,Reader_3_7.csv
2794,15,14,1,Reader_1_1.csv
2794,0,0,0,Reader_1_10.csv
2794,0,0,0,Reader_1_11.csv
2794,2,1,1,Reader_1_12.csv
2794,3,3,0,Reader_1_2.csv
2794,4,4,0,Reader_1_3.csv
2794,2,2,0,Reader_1_4.csv
2794,2,2,0,Reader_1_5.csv
2794,1,0,1,Reader_1_6.csv
2794,0,0,0,Reader_1_7.csv
2794,0,0,0,Reader_1_8.csv
2794,0,0,0,Reader_1_9.csv
2794,0,0,0,Reader_2_1.csv
2794,0,0,0,Reader_2_10.csv
2794,0,0,0,Reader_2_11.csv
2794,1,1,0,Reader_2_12.csv
2794,0,0,0,Reader_2_2.csv
2794,1,1,0,Reader_2_3.csv
2794,0,0,0,Reader_2_4.csv
2794,0,0,0,Reader_2_5.csv
2794,0,0,0,Reader_2_6.csv
2794,0,0,0,Reader_2_7.csv
2794,0,0,0,Reader_2_8.csv
2794,0,0,0,Reader_2_9.csv
2794,0,0,0,reader_3_1.csv
2794,2,2,0,Reader_3_2.csv
2794,1,1,0,Reader_3_3.csv
2794,1,1,0,Reader_3_4.csv
2794,0,0,0,Reader_3_5.csv
2794,1,1,0,Reader_3_6.csv
2794,2,2,0,Reader_3_7.csv
2795,18,16,2,Reader_1_1.csv
2795,0,0,0,Reader_1_10.csv
2795,0,0,0,Reader_1_11.csv
2795,3,2,1,Reader_1_12.csv
2795,3,3,0,Reader_1_2.csv
2795,4,4,0,Reader_1_3.csv
2795,2,2,0,Reader_1_4.csv
2795,2,2,0,Reader_1_5.csv
2795,2,1,1,Reader_1_6.csv
2795,0,0,0,Reader_1_7.csv
2795,0,0,0,Reader_1_8.csv
2795,0,0,0,Reader_1_9.csv
2795,0,0,0,Reader_2_1.csv
2795,0,0,0,Reader_2_10.csv
2795,0,0,0,Reader_2_11.csv
2795,1,1,0,Reader_2_12.csv
2795,0,0,0,Reader_2_2.csv
2795,1,1,0,Reader_2_3.csv
2795,0,0,0,Reader_2_4.csv
2795,0,0,0,Reader_2_5.csv
2795,0,0,0,Reader_2_6.csv
2795,0,0,0,Reader_2_7.csv
2795,0,0,0,Reader_2_8.csv
2795,0,0,0,Reader_2_9.csv
2795,1,1,0,reader_3_1.csv
2795,1,1,0,Reader_3_2.csv
2795,1,1,0,Reader_3_3.csv
2795,1,1,0,Reader_3_4.csv
2795,0,0,0,Reader_3_5.csv
2795,0,0,0,Reader_3_6.csv
2795,2,2,0,Reader_3_7.csv
2796,15,13,2,Reader_1_1.csv
2796,0,0,0,Reader_1_10.csv
2796,0,0,0,Reader_1_11.csv
2796,3,2,1,Reader_1_12.csv
2796,5,4,1,Reader_1_2.csv
2796,4,4,0,Reader_1_3.csv
2796,3,3,0,Reader_1_4.csv
2796,2,2,0,Reader_1_5.csv
2796,2,1,1,Reader_1_6.csv
2796,0,0,0,Reader_1_7.csv
2796,0,0,0,Reader_1_8.csv
2796,0,0,0,Reader_1_9.csv
2796,0,0,0,Reader_2_1.csv
2796,0,0,0,Reader_2_10.csv
2796,0,0,0,Reader_2_11.csv
2796,1,1,0,Reader_2_12.csv
2796,0,0,0,Reader_2_2.csv
2796,1,1,0,Reader_2_3.csv
2796,0,0,0,Reader_2_4.csv
2796,0,0,0,Reader_2_5.csv
2796,0,0,0,Reader_2_6.csv
2796,0,0,0,Reader_2_7.csv
2796,0,0,0,Reader_2_8.csv
2796,0,0,0,Reader_2_9.csv
2796,1,1,0,reader_3_1.csv
2796,2,2,0,Reader_3_2.csv
2796,1,1,0,Reader_3_3.csv
2796,1,1,0,Reader_3_4.csv
2796,0,0,0,Reader_3_5.csv
2796,0,0,0,Reader_3_6.csv
2796,2,2,0,Reader_3_7.csv
2797,13,11,2,Reader_1_1.csv
2797,0,0,0,Reader_1_10.csv
2797,0,0,0,Reader_1_11.csv
2797,3,2,1,Reader_1_12.csv
2797,5,3,2,Reader_1_2.csv
2797,3,3,0,Reader_1_3.csv
2797,3,3,0,Reader_1_4.csv
2797,2,2,0,Reader_1_5.csv
2797,2,1,1,Reader_1_6.csv
2797,0,0,0,Reader_1_7.csv
2797,0,0,0,Reader_1_8.csv
2797,0,0,0,Reader_1_9.csv
2797,1,1,0,Reader_2_1.csv
2797,0,0,0,Reader_2_10.csv
2797,0,0,0,Reader_2_11.csv
2797,1,1,0,Reader_2_12.csv
2797,0,0,0,Reader_2_2.csv
2797,1,1,0,Reader_2_3.csv
2797,0,0,0,Reader_2_4.csv
2797,0,0,0,Reader_2_5.csv
2797,0,0,0,Reader_2_6.csv
2797,0,0,0,Reader_2_7.csv
2797,0,0,0,Reader_2_8.csv
2797,0,0,0,Reader_2_9.csv
2797,1,1,0,reader_3_1.csv
2797,3,3,0,Reader_3_2.csv
2797,1,1,0,Reader_3_3.csv
2797,1,1,0,Reader_3_4.csv
2797,0,0,0,Reader_3_5.csv
2797,0,0,0,Reader_3_6.csv
2797,1,1,0,Reader_3_7.csv
2798,13,11,2,Reader_1_1.csv
2798,0,0,0,Reader_1_10.csv
2798,0,0,0,Reader_1_11.csv
2798,3,2,1,Reader_1_12.csv
2798,4,2,2,Reader_1_2.csv
2798,3,3,0,Reader_1_3.csv
2798,3,3,0,Reader_1_4.csv
2798,2,2,0,Reader_1_5.csv
2798,4,3,1,Reader_1_6.csv
2798,0,0,0,Reader_1_7.csv
2798,0,0,0,Reader_1_8.csv
2798,0,0,0,Reader_1_9.csv
2798,1,1,0,Reader_2_1.csv
2798,0,0,0,Reader_2_10.csv
2798,0,0,0,Reader_2_11.csv
2798,1,1,0,Reader_2_12.csv
2798,0,0,0,Reader_2_2.csv
2798,1,1,0,Reader_2_3.csv
2798,0,0,0,Reader_2_4.csv
2798,0,0,0,Reader_2_5.csv
2798,0,0,0,Reader_2_6.csv
2798,0,0,0,Reader_2_7.csv
2798,0,0,0,Reader_2_8.csv
2798,0,0,0,Reader_2_9.csv
2798,1,1,0,reader_3_1.csv
2798,4,4,0,Reader_3_2.csv
2798,2,2,0,Reader_3_3.csv
2798,2,2,0,Reader_3_4.csv
2798,0,0,0,Reader_3_5.csv
2798,0,0,0,Reader_3_6.csv
2798,1,1,0,Reader_3_7.csv
2799,12,10,2,Reader_1_1.csv
2799,0,0,0,Reader_1_10.csv
2799,0,0,0,Reader_1_11.csv
2799,2,2,0,Reader_1_12.csv
2799,4,2,2,Reader_1_2.csv
2799,4,3,1,Reader_1_3.csv
2799,2,2,0,Reader_1_4.csv
2799,2,2,0,Reader_1_5.csv
2799,4,3,1,Reader_1_6.csv
2799,0,0,0,Reader_1_7.csv
2799,0,0,0,Reader_1_8.csv
2799,0,0,0,Reader_1_9.csv
2799,1,1,0,Reader_2_1.csv
2799,0,0,0,Reader_2_10.csv
2799,0,0,0,Reader_2_11.csv
2799,0,0,0,Reader_2_12.csv
2799,0,0,0,Reader_2_2.csv
2799,0,0,0,Reader_2_3.csv
2799,0,0,0,Reader_2_4.csv
2799,0,0,0,Reader_2_5.csv
2799,0,0,0,Reader_2_6.csv
2799,0,0,0,Reader_2_7.csv
2799,0,0,0,Reader_2_8.csv
2799,0,0,0,Reader_2_9.csv
2799,2,2,0,reader_3_1.csv
2799,5,5,0,Reader_3_2.csv
2799,3,2,1,Reader_3_3.csv
2799,3,2,1,Reader_3_4.csv
2799,0,0,0,Reader_3_5.csv
2799,0,0,0,Reader_3_6.csv
2799,2,2,0,Reader_3_7.csv
2800,9,7,2,Reader_1_1.csv
2800,0,0,0,Reader_1_10.csv
2800,0,0,0,Reader_1_11.csv
2800,2,2,0,Reader_1_12.csv
2800,4,2,2,Reader_1_2.csv
2800,4,3,1,Reader_1_3.csv
2800,2,2,0,Reader_1_4.csv
2800,2,2,0,Reader_1_5.csv
2800,4,4,0,Reader_1_6.csv
2800,0,0,0,Reader_1_7.csv
2800,0,0,0,Reader_1_8.csv
2800,1,1,0,Reader_1_9.csv
2800,1,1,0,Reader_2_1.csv
2800,0,0,0,Reader_2_10.csv
2800,0,0,0,Reader_2_11.csv
2800,0,0,0,Reader_2_12.csv
2800,0,0,0,Reader_2_2.csv
2800,0,0,0,Reader_2_3.csv
2800,0,0,0,Reader_2_4.csv
2800,1,1,0,Reader_2_5.csv
2800,0,0,0,Reader_2_6.csv
2800,0,0,0,Reader_2_7.csv
2800,0,0,0,Reader_2_8.csv
2800,0,0,0,Reader_2_9.csv
2800,3,3,0,reader_3_1.csv
2800,5,5,0,Reader_3_2.csv
2800,3,2,1,Reader_3_3.csv
2800,3,2,1,Reader_3_4.csv
2800,0,0,0,Reader_3_5.csv
2800,0,0,0,Reader_3_6.csv
2800,2,2,0,Reader_3_7.csv
2801,7,6,1,Reader_1_1.csv
2801,0,0,0,Reader_1_10.csv
2801,0,0,0,Reader_1_11.csv
2801,1,1,0,Reader_1_12.csv
2801,5,2,3,Reader_1_2.csv
2801,6,5,1,Reader_1_3.csv
2801,3,3,0,Reader_1_4.csv
2801,2,2,0,Reader_1_5.csv
2801,5,5,0,Reader_1_6.csv
2801,0,0,0,Reader_1_7.csv
2801,0,0,0,Reader_1_8.csv
2801,1,1,0,Reader_1_9.csv
2801,1,1,0,Reader_2_1.csv
2801,0,0,0,Reader_2_10.csv
2801,0,0,0,Reader_2_11.csv
2801,1,1,0,Reader_2_12.csv
2801,0,0,0,Reader_2_2.csv
2801,0,0,0,Reader_2_3.csv
2801,0,0,0,Reader_2_4.csv
2801,1,1,0,Reader_2_5.csv
2801,0,0,0,Reader_2_6.csv
2801,0,0,0,Reader_2_7.csv
2801,0,0,0,Reader_2_8.csv
2801,0,0,0,Reader_2_9.csv
2801,3,3,0,reader_3_1.csv
2801,4,4,0,Reader_3_2.csv
2801,4,3,1,Reader_3_3.csv
2801,4,3,1,Reader_3_4.csv
2801,0,0,0,Reader_3_5.csv
2801,0,0,0,Reader_3_6.csv
2801,2,2,0,Reader_3_7.csv
2802,5,3,2,Reader_1_1.csv
2802,0,0,0,Reader_1_10.csv
2802,0,0,0,Reader_1_11.csv
2802,1,1,0,Reader_1_12.csv
2802,5,2,3,Reader_1_2.csv
2802,5,4,1,Reader_1_3.csv
2802,3,3,0,Reader_1_4.csv
2802,2,2,0,Reader_1_5.csv
2802,5,5,0,Reader_1_6.csv
2802,0,0,0,Reader_1_7.csv
2802,0,0,0,Reader_1_8.csv
2802,1,1,0,Reader_1_9.csv
2802,1,1,0,Reader_2_1.csv
2802,0,0,0,Reader_2_10.csv
2802,0,0,0,Reader_2_11.csv
2802,1,1,0,Reader_2_12.csv
2802,0,0,0,Reader_2_2.csv
2802,0,0,0,Reader_2_3.csv
2802,0,0,0,Reader_2_4.csv
2802,1,1,0,Reader_2_5.csv
2802,0,0,0,Reader_2_6.csv
2802,0,0,0,Reader_2_7.csv
2802,0,0,0,Reader_2_8.csv
2802,0,0,0,Reader_2_9.csv
2802,3,3,0,reader_3_1.csv
2802,5,5,0,Reader_3_2.csv
2802,4,3,1,Reader_3_3.csv
2802,4,3,1,Reader_3_4.csv
2802,0,0,0,Reader_3_5.csv
2802,0,0,0,Reader_3_6.csv
2802,1,1,0,Reader_3_7.csv
2803,2,1,1,Reader_1_1.csv
2803,0,0,0,Reader_1_10.csv
2803,0,0,0,Reader_1_11.csv
2803,0,0,0,Reader_1_12.csv
2803,5,2,3,Reader_1_2.csv
2803,5,4,1,Reader_1_3.csv
2803,4,3,1,Reader_1_4.csv
2803,3,2,1,Reader_1_5.csv
2803,4,4,0,Reader_1_6.csv
2803,0,0,0,Reader_1_7.csv
2803,0,0,0,Reader_1_8.csv
2803,1,1,0,Reader_1_9.csv
2803,1,1,0,Reader_2_1.csv
2803,0,0,0,Reader_2_10.csv
2803,0,0,0,Reader_2_11.csv
2803,1,1,0,Reader_2_12.csv
2803,0,0,0,Reader_2_2.csv
2803,0,0,0,Reader_2_3.csv
2803,1,1,0,Reader_2_4.csv
2803,1,1,0,Reader_2_5.csv
2803,0,0,0,Reader_2_6.csv
2803,0,0,0,Reader_2_7.csv
2803,0,0,0,Reader_2_8.csv
2803,0,0,0,Reader_2_9.csv
2803,3,3,0,reader_3_1.csv
2803,8,7,1,Reader_3_2.csv
2803,5,4,1,Reader_3_3.csv
2803,5,4,1,Reader_3_4.csv
2803,0,0,0,Reader_3_5.csv
2803,0,0,0,Reader_3_6.csv
2803,1,1,0,Reader_3_7.csv
2804,2,1,1,Reader_1_1.csv
2804,0,0,0,Reader_1_10.csv
2804,0,0,0,Reader_1_11.csv
2804,1,1,0,Reader_1_12.csv
2804,3,1,2,Reader_1_2.csv
2804,5,4,1,Reader_1_3.csv
2804,4,3,1,Reader_1_4.csv
2804,3,2,1,Reader_1_5.csv
2804,5,4,1,Reader_1_6.csv
2804,0,0,0,Reader_1_7.csv
2804,0,0,0,Reader_1_8.csv
2804,1,1,0,Reader_1_9.csv
2804,1,1,0,Reader_2_1.csv
2804,0,0,0,Reader_2_10.csv
2804,0,0,0,Reader_2_11.csv
2804,1,1,0,Reader_2_12.csv
2804,0,0,0,Reader_2_2.csv
2804,0,0,0,Reader_2_3.csv
2804,1,1,0,Reader_2_4.csv
2804,1,1,0,Reader_2_5.csv
2804,0,0,0,Reader_2_6.csv
2804,0,0,0,Reader_2_7.csv
2804,0,0,0,Reader_2_8.csv
2804,0,0,0,Reader_2_9.csv
2804,3,3,0,reader_3_1.csv
2804,7,6,1,Reader_3_2.csv
2804,5,4,1,Reader_3_3.csv
2804,5,4,1,Reader_3_4.csv
2804,0,0,0,Reader_3_5.csv
2804,0,0,0,Reader_3_6.csv
2804,1,1,0,Reader_3_7.csv
2805,2,1,1,Reader_1_1.csv
2805,0,0,0,Reader_1_10.csv
2805,0,0,0,Reader_1_11.csv
2805,1,1,0,Reader_1_12.csv
2805,4,3,1,Reader_1_2.csv
2805,5,4,1,Reader_1_3.csv
2805,4,3,1,Reader_1_4.csv
2805,2,1,1,Reader_1_5.csv
2805,8,6,2,Reader_1_6.csv
2805,0,0,0,Reader_1_7.csv
2805,0,0,0,Reader_1_8.csv
2805,1,1,0,Reader_1_9.csv
2805,0,0,0,Reader_2_1.csv
2805,0,0,0,Reader_2_10.csv
2805,0,0,0,Reader_2_11.csv
2805,1,1,0,Reader_2_12.csv
2805,0,0,0,Reader_2_2.csv
2805,0,0,0,Reader_2_3.csv
2805,1,1,0,Reader_2_4.csv
2805,1,1,0,Reader_2_5.csv
2805,0,0,0,Reader_2_6.csv
2805,0,0,0,Reader_2_7.csv
2805,0,0,0,Reader_2_8.csv
2805,0,0,0,Reader_2_9.csv
2805,3,3,0,reader_3_1.csv
2805,8,7,1,Reader_3_2.csv
2805,5,4,1,Reader_3_3.csv
2805,5,4,1,Reader_3_4.csv
2805,0,0,0,Reader_3_5.csv
2805,0,0,0,Reader_3_6.csv
2805,1,1,0,Reader_3_7.csv
2806,1,0,1,Reader_1_1.csv
2806,0,0,0,Reader_1_10.csv
2806,0,0,0,Reader_1_11.csv
2806,2,2,0,Reader_1_12.csv
2806,4,3,1,Reader_1_2.csv
2806,5,4,1,Reader_1_3.csv
2806,4,3,1,Reader_1_4.csv
2806,2,1,1,Reader_1_5.csv
2806,7,5,2,Reader_1_6.csv
2806,0,0,0,Reader_1_7.csv
2806,0,0,0,Reader_1_8.csv
2806,1,1,0,Reader_1_9.csv
2806,0,0,0,Reader_2_1.csv
2806,0,0,0,Reader_2_10.csv
2806,0,0,0,Reader_2_11.csv
2806,1,1,0,Reader_2_12.csv
2806,0,0,0,Reader_2_2.csv
2806,0,0,0,Reader_2_3.csv
2806,1,1,0,Reader_2_4.csv
2806,1,1,0,Reader_2_5.csv
2806,0,0,0,Reader_2_6.csv
2806,0,0,0,Reader_2_7.csv
2806,0,0,0,Reader_2_8.csv
2806,0,0,0,Reader_2_9.csv
2806,3,3,0,reader_3_1.csv
2806,8,7,1,Reader_3_2.csv
2806,4,3,1,Reader_3_3.csv
2806,4,3,1,Reader_3_4.csv
2806,0,0,0,Reader_3_5.csv
2806,0,0,0,Reader_3_6.csv
2806,1,1,0,Reader_3_7.csv
2807,1,0,1,Reader_1_1.csv
2807,0,0,0,Reader_1_10.csv
2807,0,0,0,Reader_1_11.csv
2807,2,2,0,Reader_1_12.csv
2807,5,3,2,Reader_1_2.csv
2807,4,4,0,Reader_1_3.csv
2807,4,3,1,Reader_1_4.csv
2807,2,1,1,Reader_1_5.csv
2807,9,7,2,Reader_1_6.csv
2807,0,0,0,Reader_1_7.csv
2807,0,0,0,Reader_1_8.csv
2807,1,1,0,Reader_1_9.csv
2807,0,0,0,Reader_2_1.csv
2807,0,0,0,Reader_2_10.csv
2807,0,0,0,Reader_2_11.csv
2807,1,1,0,Reader_2_12.csv
2807,0,0,0,Reader_2_2.csv
2807,0,0,0,Reader_2_3.csv
2807,1,1,0,Reader_2_4.csv
2807,1,1,0,Reader_2_5.csv
2807,0,0,0,Reader_2_6.csv
2807,0,0,0,Reader_2_7.csv
2807,0,0,0,Reader_2_8.csv
2807,0,0,0,Reader_2_9.csv
2807,2,2,0,reader_3_1.csv
2807,8,7,1,Reader_3_2.csv
2807,3,3,0,Reader_3_3.csv
2807,3,3,0,Reader_3_4.csv
2807,0,0,0,Reader_3_5.csv
2807,0,0,0,Reader_3_6.csv
2807,0,0,0,Reader_3_7.csv
2808,2,1,1,Reader_1_1.csv
2808,0,0,0,Reader_1_10.csv
2808,0,0,0,Reader_1_11.csv
2808,2,2,0,Reader_1_12.csv
2808,5,3,2,Reader_1_2.csv
2808,7,7,0,Reader_1_3.csv
2808,4,3,1,Reader_1_4.csv
2808,1,0,1,Reader_1_5.csv
2808,8,6,2,Reader_1_6.csv
2808,0,0,0,Reader_1_7.csv
2808,0,0,0,Reader_1_8.csv
2808,0,0,0,Reader_1_9.csv
2808,1,1,0,Reader_2_1.csv
2808,0,0,0,Reader_2_10.csv
2808,0,0,0,Reader_2_11.csv
2808,1,1,0,Reader_2_12.csv
2808,0,0,0,Reader_2_2.csv
2808,0,0,0,Reader_2_3.csv
2808,1,1,0,Reader_2_4.csv
2808,0,0,0,Reader_2_5.csv
2808,0,0,0,Reader_2_6.csv
2808,0,0,0,Reader_2_7.csv
2808,0,0,0,Reader_2_8.csv
2808,0,0,0,Reader_2_9.csv
2808,1,1,0,reader_3_1.csv
2808,9,8,1,Reader_3_2.csv
2808,3,3,0,Reader_3_3.csv
2808,3,3,0,Reader_3_4.csv
2808,0,0,0,Reader_3_5.csv
2808,0,0,0,Reader_3_6.csv
2808,0,0,0,Reader_3_7.csv
2809,4,3,1,Reader_1_1.csv
2809,0,0,0,Reader_1_10.csv
2809,0,0,0,Reader_1_11.csv
2809,2,2,0,Reader_1_12.csv
2809,5,3,2,Reader_1_2.csv
2809,5,4,1,Reader_1_3.csv
2809,3,2,1,Reader_1_4.csv
2809,1,0,1,Reader_1_5.csv
2809,7,5,2,Reader_1_6.csv
2809,0,0,0,Reader_1_7.csv
2809,0,0,0,Reader_1_8.csv
2809,0,0,0,Reader_1_9.csv
2809,1,1,0,Reader_2_1.csv
2809,0,0,0,Reader_2_10.csv
2809,0,0,0,Reader_2_11.csv
2809,0,0,0,Reader_2_12.csv
2809,0,0,0,Reader_2_2.csv
2809,0,0,0,Reader_2_3.csv
2809,1,1,0,Reader_2_4.csv
2809,1,1,0,Reader_2_5.csv
2809,0,0,0,Reader_2_6.csv
2809,0,0,0,Reader_2_7.csv
2809,0,0,0,Reader_2_8.csv
2809,0,0,0,Reader_2_9.csv
2809,1,1,0,reader_3_1.csv
2809,9,8,1,Reader_3_2.csv
2809,2,2,0,Reader_3_3.csv
2809,2,2,0,Reader_3_4.csv
2809,0,0,0,Reader_3_5.csv
2809,0,0,0,Reader_3_6.csv
2809,0,0,0,Reader_3_7.csv
2810,3,3,0,Reader_1_1.csv
2810,0,0,0,Reader_1_10.csv
2810,0,0,0,Reader_1_11.csv
2810,3,3,0,Reader_1_12.csv
2810,5,3,2,Reader_1_2.csv
2810,5,4,1,Reader_1_3.csv
2810,3,2,1,Reader_1_4.csv
2810,1,0,1,Reader_1_5.csv
2810,7,5,2,Reader_1_6.csv
2810,0,0,0,Reader_1_7.csv
2810,0,0,0,Reader_1_8.csv
2810,0,0,0,Reader_1_9.csv
2810,1,1,0,Reader_2_1.csv
2810,0,0,0,Reader_2_10.csv
2810,0,0,0,Reader_2_11.csv
2810,1,1,0,Reader_2_12.csv
2810,0,0,0,Reader_2_2.csv
2810,0,0,0,Reader_2_3.csv
2810,1,1,0,Reader_2_4.csv
2810,1,1,0,Reader_2_5.csv
2810,0,0,0,Reader_2_6.csv
2810,0,0,0,Reader_2_7.csv
2810,0,0,0,Reader_2_8.csv
2810,0,0,0,Reader_2_9.csv
2810,1,1,0,reader_3_1.csv
2810,9,8,1,Reader_3_2.csv
2810,2,2,0,Reader_3_3.csv
2810,2,2,0,Reader_3_4.csv
2810,0,0,0,Reader_3_5.csv
2810,0,0,0,Reader_3_6.csv
2810,0,0,0,Reader_3_7.csv
2811,4,4,0,Reader_1_1.csv
2811,0,0,0,Reader_1_10.csv
2811,0,0,0,Reader_1_11.csv
2811,3,3,0,Reader_1_12.csv
2811,5,3,2,Reader_1_2.csv
2811,5,4,1,Reader_1_3.csv
2811,3,3,0,Reader_1_4.csv
2811,0,0,0,Reader_1_5.csv
2811,9,7,2,Reader_1_6.csv
2811,0,0,0,Reader_1_7.csv
2811,0,0,0,Reader_1_8.csv
2811,0,0,0,Reader_1_9.csv
2811,1,1,0,Reader_2_1.csv
2811,0,0,0,Reader_2_10.csv
2811,0,0,0,Reader_2_11.csv
2811,1,1,0,Reader_2_12.csv
2811,0,0,0,Reader_2_2.csv
2811,0,0,0,Reader_2_3.csv
2811,0,0,0,Reader_2_4.csv
2811,1,1,0,Reader_2_5.csv
2811,0,0,0,Reader_2_6.csv
2811,0,0,0,Reader_2_7.csv
2811,0,0,0,Reader_2_8.csv
2811,0,0,0,Reader_2_9.csv
2811,0,0,0,reader_3_1.csv
2811,6,6,0,Reader_3_2.csv
2811,1,1,0,Reader_3_3.csv
2811,1,1,0,Reader_3_4.csv
2811,0,0,0,Reader_3_5.csv
2811,0,0,0,Reader_3_6.csv
2811,0,0,0,Reader_3_7.csv
2812,4,4,0,Reader_1_1.csv
2812,0,0,0,Reader_1_10.csv
2812,0,0,0,Reader_1_11.csv
2812,2,2,0,Reader_1_12.csv
2812,5,3,2,Reader_1_2.csv
2812,5,4,1,Reader_1_3.csv
2812,2,2,0,Reader_1_4.csv
2812,0,0,0,Reader_1_5.csv
2812,8,7,1,Reader_1_6.csv
2812,0,0,0,Reader_1_7.csv
2812,0,0,0,Reader_1_8.csv
2812,0,0,0,Reader_1_9.csv
2812,1,1,0,Reader_2_1.csv
2812,0,0,0,Reader_2_10.csv
2812,0,0,0,Reader_2_11.csv
2812,1,1,0,Reader_2_12.csv
2812,0,0,0,Reader_2_2.csv
2812,0,0,0,Reader_2_3.csv
2812,0,0,0,Reader_2_4.csv
2812,1,1,0,Reader_2_5.csv
2812,0,0,0,Reader_2_6.csv
2812,0,0,0,Reader_2_7.csv
2812,0,0,0,Reader_2_8.csv
2812,1,1,0,Reader_2_9.csv
2812,0,0,0,reader_3_1.csv
2812,9,8,1,Reader_3_2.csv
2812,1,1,0,Reader_3_3.csv
2812,1,1,0,Reader_3_4.csv
2812,0,0,0,Reader_3_5.csv
2812,1,1,0,Reader_3_6.csv
2812,1,1,0,Reader_3_7.csv
2813,5,5,0,Reader_1_1.csv
2813,0,0,0,Reader_1_10.csv
2813,0,0,0,Reader_1_11.csv
2813,2,2,0,Reader_1_12.csv
2813,6,4,2,Reader_1_2.csv
2813,5,4,1,Reader_1_3.csv
2813,1,1,0,Reader_1_4.csv
2813,0,0,0,Reader_1_5.csv
2813,5,5,0,Reader_1_6.csv
2813,0,0,0,Reader_1_7.csv
2813,0,0,0,Reader_1_8.csv
2813,0,0,0,Reader_1_9.csv
2813,2,1,1,Reader_2_1.csv
2813,0,0,0,Reader_2_10.csv
2813,0,0,0,Reader_2_11.csv
2813,1,1,0,Reader_2_12.csv
2813,1,1,0,Reader_2_2.csv
2813,0,0,0,Reader_2_3.csv
2813,0,0,0,Reader_2_4.csv
2813,1,1,0,Reader_2_5.csv
2813,0,0,0,Reader_2_6.csv
2813,0,0,0,Reader_2_7.csv
2813,0,0,0,Reader_2_8.csv
2813,1,1,0,Reader_2_9.csv
2813,0,0,0,reader_3_1.csv
2813,7,6,1,Reader_3_2.csv
2813,1,1,0,Reader_3_3.csv
2813,1,1,0,Reader_3_4.csv
2813,0,0,0,Reader_3_5.csv
2813,1,1,0,Reader_3_6.csv
2813,2,2,0,Reader_3_7.csv
2814,5,5,0,Reader_1_1.csv
2814,0,0,0,Reader_1_10.csv
2814,0,0,0,Reader_1_11.csv
2814,1,1,0,Reader_1_12.csv
2814,9,7,2,Reader_1_2.csv
2814,5,4,1,Reader_1_3.csv
2814,1,1,0,Reader_1_4.csv
2814,0,0,0,Reader_1_5.csv
2814,4,4,0,Reader_1_6.csv
2814,0,0,0,Reader_1_7.csv
2814,0,0,0,Reader_1_8.csv
2814,0,0,0,Reader_1_9.csv
2814,2,1,1,Reader_2_1.csv
2814,0,0,0,Reader_2_10.csv
2814,0,0,0,Reader_2_11.csv
2814,1,1,0,Reader_2_12.csv
2814,1,1,0,Reader_2_2.csv
2814,0,0,0,Reader_2_3.csv
2814,0,0,0,Reader_2_4.csv
2814,1,1,0,Reader_2_5.csv
2814,0,0,0,Reader_2_6.csv
2814,0,0,0,Reader_2_7.csv
2814,0,0,0,Reader_2_8.csv
2814,1,1,0,Reader_2_9.csv
2814,0,0,0,reader_3_1.csv
2814,6,5,1,Reader_3_2.csv
2814,1,1,0,Reader_3_3.csv
2814,1,1,0,Reader_3_4.csv
2814,0,0,0,Reader_3_5.csv
2814,2,2,0,Reader_3_6.csv
2814,2,2,0,Reader_3_7.csv
2815,7,7,0,Reader_1_1.csv
2815,0,0,0,Reader_1_10.csv
2815,0,0,0,Reader_1_11.csv
2815,1,1,0,Reader_1_12.csv
2815,9,8,1,Reader_1_2.csv
2815,4,3,1,Reader_1_3.csv
2815,1,1,0,Reader_1_4.csv
2815,0,0,0,Reader_1_5.csv
2815,2,2,0,Reader_1_6.csv
2815,1,0,1,Reader_1_7.csv
2815,0,0,0,Reader_1_8.csv
2815,0,0,0,Reader_1_9.csv
2815,2,1,1,Reader_2_1.csv
2815,0,0,0,Reader_2_10.csv
2815,0,0,0,Reader_2_11.csv
2815,1,1,0,Reader_2_12.csv
2815,1,1,0,Reader_2_2.csv
2815,0,0,0,Reader_2_3.csv
2815,0,0,0,Reader_2_4.csv
2815,1,1,0,Reader_2_5.csv
2815,1,1,0,Reader_2_6.csv
2815,0,0,0,Reader_2_7.csv
2815,0,0,0,Reader_2_8.csv
2815,1,1,0,Reader_2_9.csv
2815,0,0,0,reader_3_1.csv
2815,8,7,1,Reader_3_2.csv
2815,1,1,0,Reader_3_3.csv
2815,1,1,0,Reader_3_4.csv
2815,0,0,0,Reader_3_5.csv
2815,3,3,0,Reader_3_6.csv
2815,2,2,0,Reader_3_7.csv
2816,7,7,0,Reader_1_1.csv
2816,0,0,0,Reader_1_10.csv
2816,0,0,0,Reader_1_11.csv
2816,2,2,0,Reader_1_12.csv
2816,10,8,2,Reader_1_2.csv
2816,1,0,1,Reader_1_3.csv
2816,1,1,0,Reader_1_4.csv
2816,0,0,0,Reader_1_5.csv
2816,2,2,0,Reader_1_6.csv
2816,1,0,1,Reader_1_7.csv
2816,0,0,0,Reader_1_8.csv
2816,0,0,0,Reader_1_9.csv
2816,1,0,1,Reader_2_1.csv
2816,0,0,0,Reader_2_10.csv
2816,0,0,0,Reader_2_11.csv
2816,1,1,0,Reader_2_12.csv
2816,1,1,0,Reader_2_2.csv
2816,0,0,0,Reader_2_3.csv
2816,0,0,0,Reader_2_4.csv
2816,1,1,0,Reader_2_5.csv
2816,1,1,0,Reader_2_6.csv
2816,0,0,0,Reader_2_7.csv
2816,0,0,0,Reader_2_8.csv
2816,1,1,0,Reader_2_9.csv
2816,0,0,0,reader_3_1.csv
2816,7,6,1,Reader_3_2.csv
2816,1,1,0,Reader_3_3.csv
2816,1,1,0,Reader_3_4.csv
2816,0,0,0,Reader_3_5.csv
2816,4,4,0,Reader_3_6.csv
2816,2,2,0,Reader_3_7.csv
2817,6,5,1,Reader_1_1.csv
2817,0,0,0,Reader_1_10.csv
2817,0,0,0,Reader_1_11.csv
2817,2,2,0,Reader_1_12.csv
2817,9,8,1,Reader_1_2.csv
2817,0,0,0,Reader_1_3.csv
2817,1,1,0,Reader_1_4.csv
2817,0,0,0,Reader_1_5.csv
2817,2,2,0,Reader_1_6.csv
2817,1,0,1,Reader_1_7.csv
2817,0,0,0,Reader_1_8.csv
2817,0,0,0,Reader_1_9.csv
2817,1,0,1,Reader_2_1.csv
2817,0,0,0,Reader_2_10.csv
2817,0,0,0,Reader_2_11.csv
2817,1,1,0,Reader_2_12.csv
2817,1,1,0,Reader_2_2.csv
2817,0,0,0,Reader_2_3.csv
2817,0,0,0,Reader_2_4.csv
2817,0,0,0,Reader_2_5.csv
2817,1,1,0,Reader_2_6.csv
2817,0,0,0,Reader_2_7.csv
2817,0,0,0,Reader_2_8.csv
2817,1,1,0,Reader_2_9.csv
2817,0,0,0,reader_3_1.csv
2817,8,7,1,Reader_3_2.csv
2817,1,1,0,Reader_3_3.csv
2817,1,1,0,Reader_3_4.csv
2817,0,0,0,Reader_3_5.csv
2817,4,4,0,Reader_3_6.csv
2817,2,2,0,Reader_3_7.csv
2818,8,7,1,Reader_1_1.csv
2818,0,0,0,Reader_1_10.csv
2818,0,0,0,Reader_1_11.csv
2818,1,1,0,Reader_1_12.csv
2818,9,8,1,Reader_1_2.csv
2818,0,0,0,Reader_1_3.csv
2818,1,1,0,Reader_1_4.csv
2818,0,0,0,Reader_1_5.csv
2818,2,2,0,Reader_1_6.csv
2818,3,0,3,Reader_1_7.csv
2818,0,0,0,Reader_1_8.csv
2818,0,0,0,Reader_1_9.csv
2818,1,0,1,Reader_2_1.csv
2818,0,0,0,Reader_2_10.csv
2818,0,0,0,Reader_2_11.csv
2818,0,0,0,Reader_2_12.csv
2818,1,1,0,Reader_2_2.csv
2818,1,1,0,Reader_2_3.csv
2818,0,0,0,Reader_2_4.csv
2818,0,0,0,Reader_2_5.csv
2818,1,1,0,Reader_2_6.csv
2818,0,0,0,Reader_2_7.csv
2818,0,0,0,Reader_2_8.csv
2818,1,1,0,Reader_2_9.csv
2818,0,0,0,reader_3_1.csv
2818,7,6,1,Reader_3_2.csv
2818,1,1,0,Reader_3_3.csv
2818,1,1,0,Reader_3_4.csv
2818,0,0,0,Reader_3_5.csv
2818,6,5,1,Reader_3_6.csv
2818,2,2,0,Reader_3_7.csv
2819,7,6,1,Reader_1_1.csv
2819,0,0,0,Reader_1_10.csv
2819,0,0,0,Reader_1_11.csv
2819,2,1,1,Reader_1_12.csv
2819,11,10,1,Reader_1_2.csv
2819,0,0,0,Reader_1_3.csv
2819,3,2,1,Reader_1_4.csv
2819,0,0,0,Reader_1_5.csv
2819,0,0,0,Reader_1_6.csv
2819,4,1,3,Reader_1_7.csv
2819,0,0,0,Reader_1_8.csv
2819,0,0,0,Reader_1_9.csv
2819,1,0,1,Reader_2_1.csv
2819,0,0,0,Reader_2_10.csv
2819,0,0,0,Reader_2_11.csv
2819,0,0,0,Reader_2_12.csv
2819,1,1,0,Reader_2_2.csv
2819,1,1,0,Reader_2_3.csv
2819,0,0,0,Reader_2_4.csv
2819,0,0,0,Reader_2_5.csv
2819,1,1,0,Reader_2_6.csv
2819,0,0,0,Reader_2_7.csv
2819,0,0,0,Reader_2_8.csv
2819,1,1,0,Reader_2_9.csv
2819,0,0,0,reader_3_1.csv
2819,8,7,1,Reader_3_2.csv
2819,2,2,0,Reader_3_3.csv
2819,2,2,0,Reader_3_4.csv
2819,0,0,0,Reader_3_5.csv
2819,7,5,2,Reader_3_6.csv
2819,2,2,0,Reader_3_7.csv
2820,8,7,1,Reader_1_1.csv
2820,0,0,0,Reader_1_10.csv
2820,0,0,0,Reader_1_11.csv
2820,2,1,1,Reader_1_12.csv
2820,12,11,1,Reader_1_2.csv
2820,0,0,0,Reader_1_3.csv
2820,3,2,1,Reader_1_4.csv
2820,0,0,0,Reader_1_5.csv
2820,0,0,0,Reader_1_6.csv
2820,4,1,3,Reader_1_7.csv
2820,0,0,0,Reader_1_8.csv
2820,0,0,0,Reader_1_9.csv
2820,1,0,1,Reader_2_1.csv
2820,0,0,0,Reader_2_10.csv
2820,0,0,0,Reader_2_11.csv
2820,0,0,0,Reader_2_12.csv
2820,1,1,0,Reader_2_2.csv
2820,1,1,0,Reader_2_3.csv
2820,0,0,0,Reader_2_4.csv
2820,0,0,0,Reader_2_5.csv
2820,1,1,0,Reader_2_6.csv
2820,0,0,0,Reader_2_7.csv
2820,0,0,0,Reader_2_8.csv
2820,0,0,0,Reader_2_9.csv
2820,0,0,0,reader_3_1.csv
2820,5,5,0,Reader_3_2.csv
2820,2,2,0,Reader_3_3.csv
2820,2,2,0,Reader_3_4.csv
2820,0,0,0,Reader_3_5.csv
2820,7,5,2,Reader_3_6.csv
2820,1,1,0,Reader_3_7.csv
2821,10,9,1,Reader_1_1.csv
2821,0,0,0,Reader_1_10.csv
2821,0,0,0,Reader_1_11.csv
2821,2,1,1,Reader_1_12.csv
2821,9,8,1,Reader_1_2.csv
2821,1,1,0,Reader_1_3.csv
2821,3,2,1,Reader_1_4.csv
2821,0,0,0,Reader_1_5.csv
2821,3,3,0,Reader_1_6.csv
2821,4,1,3,Reader_1_7.csv
2821,0,0,0,Reader_1_8.csv
2821,0,0,0,Reader_1_9.csv
2821,0,0,0,Reader_2_1.csv
2821,0,0,0,Reader_2_10.csv
2821,0,0,0,Reader_2_11.csv
2821,0,0,0,Reader_2_12.csv
2821,0,0,0,Reader_2_2.csv
2821,2,2,0,Reader_2_3.csv
2821,0,0,0,Reader_2_4.csv
2821,0,0,0,Reader_2_5.csv
2821,1,1,0,Reader_2_6.csv
2821,0,0,0,Reader_2_7.csv
2821,0,0,0,Reader_2_8.csv
2821,0,0,0,Reader_2_9.csv
2821,0,0,0,reader_3_1.csv
2821,7,7,0,Reader_3_2.csv
2821,2,2,0,Reader_3_3.csv
2821,2,2,0,Reader_3_4.csv
2821,0,0,0,Reader_3_5.csv
2821,9,7,2,Reader_3_6.csv
2821,0,0,0,Reader_3_7.csv
2822,15,13,2,Reader_1_1.csv
2822,0,0,0,Reader_1_10.csv
2822,0,0,0,Reader_1_11.csv
2822,2,1,1,Reader_1_12.csv
2822,7,5,2,Reader_1_2.csv
2822,2,2,0,Reader_1_3.csv
2822,3,2,1,Reader_1_4.csv
2822,0,0,0,Reader_1_5.csv
2822,3,3,0,Reader_1_6.csv
2822,5,1,4,Reader_1_7.csv
2822,0,0,0,Reader_1_8.csv
2822,0,0,0,Reader_1_9.csv
2822,0,0,0,Reader_2_1.csv
2822,0,0,0,Reader_2_10.csv
2822,0,0,0,Reader_2_11.csv
2822,0,0,0,Reader_2_12.csv
2822,0,0,0,Reader_2_2.csv
2822,2,2,0,Reader_2_3.csv
2822,0,0,0,Reader_2_4.csv
2822,0,0,0,Reader_2_5.csv
2822,1,1,0,Reader_2_6.csv
2822,0,0,0,Reader_2_7.csv
2822,0,0,0,Reader_2_8.csv
2822,0,0,0,Reader_2_9.csv
2822,0,0,0,reader_3_1.csv
2822,8,8,0,Reader_3_2.csv
2822,2,2,0,Reader_3_3.csv
2822,2,2,0,Reader_3_4.csv
2822,0,0,0,Reader_3_5.csv
2822,9,7,2,Reader_3_6.csv
2822,0,0,0,Reader_3_7.csv
2823,15,13,2,Reader_1_1.csv
2823,0,0,0,Reader_1_10.csv
2823,0,0,0,Reader_1_11.csv
2823,2,1,1,Reader_1_12.csv
2823,7,5,2,Reader_1_2.csv
2823,3,2,1,Reader_1_3.csv
2823,5,3,2,Reader_1_4.csv
2823,0,0,0,Reader_1_5.csv
2823,4,4,0,Reader_1_6.csv
2823,4,1,3,Reader_1_7.csv
2823,0,0,0,Reader_1_8.csv
2823,0,0,0,Reader_1_9.csv
2823,0,0,0,Reader_2_1.csv
2823,0,0,0,Reader_2_10.csv
2823,0,0,0,Reader_2_11.csv
2823,0,0,0,Reader_2_12.csv
2823,0,0,0,Reader_2_2.csv
2823,2,2,0,Reader_2_3.csv
2823,0,0,0,Reader_2_4.csv
2823,0,0,0,Reader_2_5.csv
2823,0,0,0,Reader_2_6.csv
2823,0,0,0,Reader_2_7.csv
2823,0,0,0,Reader_2_8.csv
2823,0,0,0,Reader_2_9.csv
2823,0,0,0,reader_3_1.csv
2823,6,6,0,Reader_3_2.csv
2823,1,1,0,Reader_3_3.csv
2823,1,1,0,Reader_3_4.csv
2823,0,0,0,Reader_3_5.csv
2823,9,7,2,Reader_3_6.csv
2823,0,0,0,Reader_3_7.csv
2824,18,16,2,Reader_1_1.csv
2824,0,0,0,Reader_1_10.csv
2824,0,0,0,Reader_1_11.csv
2824,1,0,1,Reader_1_12.csv
2824,6,5,1,Reader_1_2.csv
2824,3,2,1,Reader_1_3.csv
2824,6,3,3,Reader_1_4.csv
2824,0,0,0,Reader_1_5.csv
2824,5,5,0,Reader_1_6.csv
2824,4,1,3,Reader_1_7.csv
2824,0,0,0,Reader_1_8.csv
2824,0,0,0,Reader_1_9.csv
2824,0,0,0,Reader_2_1.csv
2824,0,0,0,Reader_2_10.csv
2824,0,0,0,Reader_2_11.csv
2824,0,0,0,Reader_2_12.csv
2824,0,0,0,Reader_2_2.csv
2824,2,2,0,Reader_2_3.csv
2824,0,0,0,Reader_2_4.csv
2824,0,0,0,Reader_2_5.csv
2824,0,0,0,Reader_2_6.csv
2824,0,0,0,Reader_2_7.csv
2824,0,0,0,Reader_2_8.csv
2824,0,0,0,Reader_2_9.csv
2824,0,0,0,reader_3_1.csv
2824,8,8,0,Reader_3_2.csv
2824,1,1,0,Reader_3_3.csv
2824,1,1,0,Reader_3_4.csv
2824,0,0,0,Reader_3_5.csv
2824,9,7,2,Reader_3_6.csv
2824,0,0,0,Reader_3_7.csv
2825,21,20,1,Reader_1_1.csv
2825,0,0,0,Reader_1_10.csv
2825,0,0,0,Reader_1_11.csv
2825,1,0,1,Reader_1_12.csv
2825,9,8,1,Reader_1_2.csv
2825,3,2,1,Reader_1_3.csv
2825,7,4,3,Reader_1_4.csv
2825,0,0,0,Reader_1_5.csv
2825,5,5,0,Reader_1_6.csv
2825,4,1,3,Reader_1_7.csv
2825,0,0,0,Reader_1_8.csv
2825,0,0,0,Reader_1_9.csv
2825,0,0,0,Reader_2_1.csv
2825,0,0,0,Reader_2_10.csv
2825,0,0,0,Reader_2_11.csv
2825,0,0,0,Reader_2_12.csv
2825,0,0,0,Reader_2_2.csv
2825,2,2,0,Reader_2_3.csv
2825,0,0,0,Reader_2_4.csv
2825,0,0,0,Reader_2_5.csv
2825,0,0,0,Reader_2_6.csv
2825,0,0,0,Reader_2_7.csv
2825,0,0,0,Reader_2_8.csv
2825,0,0,0,Reader_2_9.csv
2825,0,0,0,reader_3_1.csv
2825,8,8,0,Reader_3_2.csv
2825,1,1,0,Reader_3_3.csv
2825,1,1,0,Reader_3_4.csv
2825,0,0,0,Reader_3_5.csv
2825,10,8,2,Reader_3_6.csv
2825,0,0,0,Reader_3_7.csv
2826,23,21,2,Reader_1_1.csv
2826,0,0,0,Reader_1_10.csv
2826,0,0,0,Reader_1_11.csv
2826,1,0,1,Reader_1_12.csv
2826,9,8,1,Reader_1_2.csv
2826,3,2,1,Reader_1_3.csv
2826,8,5,3,Reader_1_4.csv
2826,1,1,0,Reader_1_5.csv
2826,5,5,0,Reader_1_6.csv
2826,5,3,2,Reader_1_7.csv
2826,0,0,0,Reader_1_8.csv
2826,0,0,0,Reader_1_9.csv
2826,0,0,0,Reader_2_1.csv
2826,0,0,0,Reader_2_10.csv
2826,0,0,0,Reader_2_11.csv
2826,1,1,0,Reader_2_12.csv
2826,0,0,0,Reader_2_2.csv
2826,1,1,0,Reader_2_3.csv
2826,0,0,0,Reader_2_4.csv
2826,0,0,0,Reader_2_5.csv
2826,0,0,0,Reader_2_6.csv
2826,0,0,0,Reader_2_7.csv
2826,0,0,0,Reader_2_8.csv
2826,0,0,0,Reader_2_9.csv
2826,0,0,0,reader_3_1.csv
2826,10,10,0,Reader_3_2.csv
2826,1,1,0,Reader_3_3.csv
2826,1,1,0,Reader_3_4.csv
2826,0,0,0,Reader_3_5.csv
2826,10,9,1,Reader_3_6.csv
2826,0,0,0,Reader_3_7.csv
2827,25,23,2,Reader_1_1.csv
2827,0,0,0,Reader_1_10.csv
2827,0,0,0,Reader_1_11.csv
2827,0,0,0,Reader_1_12.csv
2827,8,7,1,Reader_1_2.csv
2827,3,2,1,Reader_1_3.csv
2827,5,3,2,Reader_1_4.csv
2827,1,1,0,Reader_1_5.csv
2827,7,6,1,Reader_1_6.csv
2827,4,2,2,Reader_1_7.csv
2827,0,0,0,Reader_1_8.csv
2827,0,0,0,Reader_1_9.csv
2827,0,0,0,Reader_2_1.csv
2827,0,0,0,Reader_2_10.csv
2827,0,0,0,Reader_2_11.csv
2827,1,1,0,Reader_2_12.csv
2827,0,0,0,Reader_2_2.csv
2827,1,1,0,Reader_2_3.csv
2827,0,0,0,Reader_2_4.csv
2827,0,0,0,Reader_2_5.csv
2827,0,0,0,Reader_2_6.csv
2827,0,0,0,Reader_2_7.csv
2827,0,0,0,Reader_2_8.csv
2827,0,0,0,Reader_2_9.csv
2827,0,0,0,reader_3_1.csv
2827,10,10,0,Reader_3_2.csv
2827,1,1,0,Reader_3_3.csv
2827,1,1,0,Reader_3_4.csv
2827,0,0,0,Reader_3_5.csv
2827,10,10,0,Reader_3_6.csv
2827,0,0,0,Reader_3_7.csv
2828,30,28,2,Reader_1_1.csv
2828,0,0,0,Reader_1_10.csv
2828,0,0,0,Reader_1_11.csv
2828,0,0,0,Reader_1_12.csv
2828,8,7,1,Reader_1_2.csv
2828,4,3,1,Reader_1_3.csv
2828,5,3,2,Reader_1_4.csv
2828,1,1,0,Reader_1_5.csv
2828,8,7,1,Reader_1_6.csv
2828,4,2,2,Reader_1_7.csv
2828,0,0,0,Reader_1_8.csv
2828,0,0,0,Reader_1_9.csv
2828,0,0,0,Reader_2_1.csv
2828,0,0,0,Reader_2_10.csv
2828,0,0,0,Reader_2_11.csv
2828,2,2,0,Reader_2_12.csv
2828,0,0,0,Reader_2_2.csv
2828,1,1,0,Reader_2_3.csv
2828,0,0,0,Reader_2_4.csv
2828,0,0,0,Reader_2_5.csv
2828,0,0,0,Reader_2_6.csv
2828,0,0,0,Reader_2_7.csv
2828,0,0,0,Reader_2_8.csv
2828,0,0,0,Reader_2_9.csv
2828,0,0,0,reader_3_1.csv
2828,11,11,0,Reader_3_2.csv
2828,1,1,0,Reader_3_3.csv
2828,1,1,0,Reader_3_4.csv
2828,0,0,0,Reader_3_5.csv
2828,11,10,1,Reader_3_6.csv
2828,0,0,0,Reader_3_7.csv
2829,30,28,2,Reader_1_1.csv
2829,0,0,0,Reader_1_10.csv
2829,1,0,1,Reader_1_11.csv
2829,0,0,0,Reader_1_12.csv
2829,9,7,2,Reader_1_2.csv
2829,3,2,1,Reader_1_3.csv
2829,6,4,2,Reader_1_4.csv
2829,1,1,0,Reader_1_5.csv
2829,5,4,1,Reader_1_6.csv
2829,6,2,4,Reader_1_7.csv
2829,0,0,0,Reader_1_8.csv
2829,0,0,0,Reader_1_9.csv
2829,0,0,0,Reader_2_1.csv
2829,0,0,0,Reader_2_10.csv
2829,2,1,1,Reader_2_11.csv
2829,2,2,0,Reader_2_12.csv
2829,0,0,0,Reader_2_2.csv
2829,0,0,0,Reader_2_3.csv
2829,0,0,0,Reader_2_4.csv
2829,0,0,0,Reader_2_5.csv
2829,0,0,0,Reader_2_6.csv
2829,0,0,0,Reader_2_7.csv
2829,0,0,0,Reader_2_8.csv
2829,0,0,0,Reader_2_9.csv
2829,0,0,0,reader_3_1.csv
2829,10,10,0,Reader_3_2.csv
2829,1,1,0,Reader_3_3.csv
2829,1,1,0,Reader_3_4.csv
2829,1,1,0,Reader_3_5.csv
2829,10,9,1,Reader_3_6.csv
2829,0,0,0,Reader_3_7.csv
2830,29,28,1,Reader_1_1.csv
2830,0,0,0,Reader_1_10.csv
2830,1,0,1,Reader_1_11.csv
2830,0,0,0,Reader_1_12.csv
2830,8,7,1,Reader_1_2.csv
2830,2,1,1,Reader_1_3.csv
2830,6,4,2,Reader_1_4.csv
2830,1,1,0,Reader_1_5.csv
2830,5,4,1,Reader_1_6.csv
2830,5,2,3,Reader_1_7.csv
2830,0,0,0,Reader_1_8.csv
2830,0,0,0,Reader_1_9.csv
2830,0,0,0,Reader_2_1.csv
2830,0,0,0,Reader_2_10.csv
2830,2,1,1,Reader_2_11.csv
2830,3,3,0,Reader_2_12.csv
2830,0,0,0,Reader_2_2.csv
2830,0,0,0,Reader_2_3.csv
2830,0,0,0,Reader_2_4.csv
2830,0,0,0,Reader_2_5.csv
2830,0,0,0,Reader_2_6.csv
2830,0,0,0,Reader_2_7.csv
2830,0,0,0,Reader_2_8.csv
2830,0,0,0,Reader_2_9.csv
2830,0,0,0,reader_3_1.csv
2830,10,10,0,Reader_3_2.csv
2830,1,1,0,Reader_3_3.csv
2830,1,1,0,Reader_3_4.csv
2830,1,1,0,Reader_3_5.csv
2830,11,10,1,Reader_3_6.csv
2830,0,0,0,Reader_3_7.csv
2831,28,27,1,Reader_1_1.csv
2831,0,0,0,Reader_1_10.csv
2831,2,1,1,Reader_1_11.csv
2831,0,0,0,Reader_1_12.csv
2831,6,5,1,Reader_1_2.csv
2831,1,1,0,Reader_1_3.csv
2831,4,3,1,Reader_1_4.csv
2831,4,4,0,Reader_1_5.csv
2831,4,3,1,Reader_1_6.csv
2831,5,2,3,Reader_1_7.csv
2831,0,0,0,Reader_1_8.csv
2831,0,0,0,Reader_1_9.csv
2831,0,0,0,Reader_2_1.csv
2831,0,0,0,Reader_2_10.csv
2831,2,1,1,Reader_2_11.csv
2831,4,4,0,Reader_2_12.csv
2831,0,0,0,Reader_2_2.csv
2831,0,0,0,Reader_2_3.csv
2831,0,0,0,Reader_2_4.csv
2831,0,0,0,Reader_2_5.csv
2831,0,0,0,Reader_2_6.csv
2831,0,0,0,Reader_2_7.csv
2831,0,0,0,Reader_2_8.csv
2831,0,0,0,Reader_2_9.csv
2831,0,0,0,reader_3_1.csv
2831,10,10,0,Reader_3_2.csv
2831,2,1,1,Reader_3_3.csv
2831,2,1,1,Reader_3_4.csv
2831,1,1,0,Reader_3_5.csv
2831,10,9,1,Reader_3_6.csv
2831,0,0,0,Reader_3_7.csv
2832,26,25,1,Reader_1_1.csv
2832,1,1,0,Reader_1_10.csv
2832,2,1,1,Reader_1_11.csv
2832,0,0,0,Reader_1_12.csv
2832,6,5,1,Reader_1_2.csv
2832,1,1,0,Reader_1_3.csv
2832,4,3,1,Reader_1_4.csv
2832,4,4,0,Reader_1_5.csv
2832,3,2,1,Reader_1_6.csv
2832,5,2,3,Reader_1_7.csv
2832,0,0,0,Reader_1_8.csv
2832,0,0,0,Reader_1_9.csv
2832,0,0,0,Reader_2_1.csv
2832,0,0,0,Reader_2_10.csv
2832,2,1,1,Reader_2_11.csv
2832,4,4,0,Reader_2_12.csv
2832,0,0,0,Reader_2_2.csv
2832,0,0,0,Reader_2_3.csv
2832,0,0,0,Reader_2_4.csv
2832,0,0,0,Reader_2_5.csv
2832,0,0,0,Reader_2_6.csv
2832,0,0,0,Reader_2_7.csv
2832,0,0,0,Reader_2_8.csv
2832,0,0,0,Reader_2_9.csv
2832,1,0,1,reader_3_1.csv
2832,10,10,0,Reader_3_2.csv
2832,2,1,1,Reader_3_3.csv
2832,2,1,1,Reader_3_4.csv
2832,1,1,0,Reader_3_5.csv
2832,9,8,1,Reader_3_6.csv
2832,1,1,0,Reader_3_7.csv
2833,26,25,1,Reader_1_1.csv
2833,1,1,0,Reader_1_10.csv
2833,2,1,1,Reader_1_11.csv
2833,0,0,0,Reader_1_12.csv
2833,3,2,1,Reader_1_2.csv
2833,1,1,0,Reader_1_3.csv
2833,5,4,1,Reader_1_4.csv
2833,4,4,0,Reader_1_5.csv
2833,3,2,1,Reader_1_6.csv
2833,5,2,3,Reader_1_7.csv
2833,0,0,0,Reader_1_8.csv
2833,0,0,0,Reader_1_9.csv
2833,0,0,0,Reader_2_1.csv
2833,0,0,0,Reader_2_10.csv
2833,2,1,1,Reader_2_11.csv
2833,4,4,0,Reader_2_12.csv
2833,0,0,0,Reader_2_2.csv
2833,0,0,0,Reader_2_3.csv
2833,0,0,0,Reader_2_4.csv
2833,0,0,0,Reader_2_5.csv
2833,0,0,0,Reader_2_6.csv
2833,0,0,0,Reader_2_7.csv
2833,0,0,0,Reader_2_8.csv
2833,0,0,0,Reader_2_9.csv
2833,1,0,1,reader_3_1.csv
2833,10,9,1,Reader_3_2.csv
2833,2,1,1,Reader_3_3.csv
2833,2,1,1,Reader_3_4.csv
2833,1,1,0,Reader_3_5.csv
2833,9,8,1,Reader_3_6.csv
2833,1,1,0,Reader_3_7.csv
2834,26,26,0,Reader_1_1.csv
2834,1,1,0,Reader_1_10.csv
2834,2,1,1,Reader_1_11.csv
2834,0,0,0,Reader_1_12.csv
2834,4,3,1,Reader_1_2.csv
2834,1,1,0,Reader_1_3.csv
2834,4,3,1,Reader_1_4.csv
2834,4,3,1,Reader_1_5.csv
2834,5,2,3,Reader_1_6.csv
2834,2,0,2,Reader_1_7.csv
2834,0,0,0,Reader_1_8.csv
2834,0,0,0,Reader_1_9.csv
2834,0,0,0,Reader_2_1.csv
2834,0,0,0,Reader_2_10.csv
2834,2,1,1,Reader_2_11.csv
2834,3,3,0,Reader_2_12.csv
2834,0,0,0,Reader_2_2.csv
2834,0,0,0,Reader_2_3.csv
2834,0,0,0,Reader_2_4.csv
2834,0,0,0,Reader_2_5.csv
2834,0,0,0,Reader_2_6.csv
2834,0,0,0,Reader_2_7.csv
2834,0,0,0,Reader_2_8.csv
2834,0,0,0,Reader_2_9.csv
2834,1,0,1,reader_3_1.csv
2834,8,7,1,Reader_3_2.csv
2834,3,2,1,Reader_3_3.csv
2834,3,2,1,Reader_3_4.csv
2834,1,1,0,Reader_3_5.csv
2834,7,6,1,Reader_3_6.csv
2834,1,1,0,Reader_3_7.csv
2835,28,28,0,Reader_1_1.csv
2835,1,1,0,Reader_1_10.csv
2835,3,2,1,Reader_1_11.csv
2835,0,0,0,Reader_1_12.csv
2835,3,2,1,Reader_1_2.csv
2835,1,1,0,Reader_1_3.csv
2835,5,4,1,Reader_1_4.csv
2835,6,5,1,Reader_1_5.csv
2835,4,2,2,Reader_1_6.csv
2835,2,0,2,Reader_1_7.csv
2835,0,0,0,Reader_1_8.csv
2835,0,0,0,Reader_1_9.csv
2835,0,0,0,Reader_2_1.csv
2835,0,0,0,Reader_2_10.csv
2835,2,1,1,Reader_2_11.csv
2835,4,4,0,Reader_2_12.csv
2835,0,0,0,Reader_2_2.csv
2835,0,0,0,Reader_2_3.csv
2835,0,0,0,Reader_2_4.csv
2835,0,0,0,Reader_2_5.csv
2835,0,0,0,Reader_2_6.csv
2835,0,0,0,Reader_2_7.csv
2835,0,0,0,Reader_2_8.csv
2835,0,0,0,Reader_2_9.csv
2835,1,0,1,reader_3_1.csv
2835,7,6,1,Reader_3_2.csv
2835,3,2,1,Reader_3_3.csv
2835,3,2,1,Reader_3_4.csv
2835,1,1,0,Reader_3_5.csv
2835,7,6,1,Reader_3_6.csv
2835,1,1,0,Reader_3_7.csv
2836,27,27,0,Reader_1_1.csv
2836,1,1,0,Reader_1_10.csv
2836,3,2,1,Reader_1_11.csv
2836,0,0,0,Reader_1_12.csv
2836,3,2,1,Reader_1_2.csv
2836,1,1,0,Reader_1_3.csv
2836,5,4,1,Reader_1_4.csv
2836,6,5,1,Reader_1_5.csv
2836,3,1,2,Reader_1_6.csv
2836,2,0,2,Reader_1_7.csv
2836,0,0,0,Reader_1_8.csv
2836,0,0,0,Reader_1_9.csv
2836,0,0,0,Reader_2_1.csv
2836,0,0,0,Reader_2_10.csv
2836,2,1,1,Reader_2_11.csv
2836,3,3,0,Reader_2_12.csv
2836,0,0,0,Reader_2_2.csv
2836,0,0,0,Reader_2_3.csv
2836,0,0,0,Reader_2_4.csv
2836,0,0,0,Reader_2_5.csv
2836,0,0,0,Reader_2_6.csv
2836,0,0,0,Reader_2_7.csv
2836,0,0,0,Reader_2_8.csv
2836,0,0,0,Reader_2_9.csv
2836,2,1,1,reader_3_1.csv
2836,7,5,2,Reader_3_2.csv
2836,3,2,1,Reader_3_3.csv
2836,3,2,1,Reader_3_4.csv
2836,1,1,0,Reader_3_5.csv
2836,5,5,0,Reader_3_6.csv
2836,1,1,0,Reader_3_7.csv
2837,28,27,1,Reader_1_1.csv
2837,1,1,0,Reader_1_10.csv
2837,3,3,0,Reader_1_11.csv
2837,0,0,0,Reader_1_12.csv
2837,4,4,0,Reader_1_2.csv
2837,1,1,0,Reader_1_3.csv
2837,4,3,1,Reader_1_4.csv
2837,6,5,1,Reader_1_5.csv
2837,3,1,2,Reader_1_6.csv
2837,1,1,0,Reader_1_7.csv
2837,0,0,0,Reader_1_8.csv
2837,0,0,0,Reader_1_9.csv
2837,0,0,0,Reader_2_1.csv
2837,0,0,0,Reader_2_10.csv
2837,0,0,0,Reader_2_11.csv
2837,3,3,0,Reader_2_12.csv
2837,0,0,0,Reader_2_2.csv
2837,0,0,0,Reader_2_3.csv
2837,0,0,0,Reader_2_4.csv
2837,0,0,0,Reader_2_5.csv
2837,0,0,0,Reader_2_6.csv
2837,0,0,0,Reader_2_7.csv
2837,0,0,0,Reader_2_8.csv
2837,0,0,0,Reader_2_9.csv
2837,3,2,1,reader_3_1.csv
2837,6,4,2,Reader_3_2.csv
2837,3,2,1,Reader_3_3.csv
2837,3,2,1,Reader_3_4.csv
2837,0,0,0,Reader_3_5.csv
2837,5,4,1,Reader_3_6.csv
2837,1,1,0,Reader_3_7.csv
2838,26,25,1,Reader_1_1.csv
2838,1,1,0,Reader_1_10.csv
2838,4,4,0,Reader_1_11.csv
2838,0,0,0,Reader_1_12.csv
2838,4,4,0,Reader_1_2.csv
2838,2,2,0,Reader_1_3.csv
2838,4,3,1,Reader_1_4.csv
2838,6,5,1,Reader_1_5.csv
2838,5,3,2,Reader_1_6.csv
2838,1,1,0,Reader_1_7.csv
2838,0,0,0,Reader_1_8.csv
2838,0,0,0,Reader_1_9.csv
2838,0,0,0,Reader_2_1.csv
2838,0,0,0,Reader_2_10.csv
2838,0,0,0,Reader_2_11.csv
2838,2,2,0,Reader_2_12.csv
2838,0,0,0,Reader_2_2.csv
2838,0,0,0,Reader_2_3.csv
2838,0,0,0,Reader_2_4.csv
2838,0,0,0,Reader_2_5.csv
2838,0,0,0,Reader_2_6.csv
2838,0,0,0,Reader_2_7.csv
2838,0,0,0,Reader_2_8.csv
2838,0,0,0,Reader_2_9.csv
2838,3,2,1,reader_3_1.csv
2838,5,3,2,Reader_3_2.csv
2838,3,2,1,Reader_3_3.csv
2838,3,2,1,Reader_3_4.csv
2838,0,0,0,Reader_3_5.csv
2838,3,2,1,Reader_3_6.csv
2838,1,1,0,Reader_3_7.csv
2839,29,28,1,Reader_1_1.csv
2839,1,1,0,Reader_1_10.csv
2839,3,3,0,Reader_1_11.csv
2839,0,0,0,Reader_1_12.csv
2839,5,5,0,Reader_1_2.csv
2839,2,2,0,Reader_1_3.csv
2839,5,4,1,Reader_1_4.csv
2839,7,6,1,Reader_1_5.csv
2839,5,3,2,Reader_1_6.csv
2839,1,1,0,Reader_1_7.csv
2839,0,0,0,Reader_1_8.csv
2839,0,0,0,Reader_1_9.csv
2839,0,0,0,Reader_2_1.csv
2839,0,0,0,Reader_2_10.csv
2839,0,0,0,Reader_2_11.csv
2839,3,3,0,Reader_2_12.csv
2839,0,0,0,Reader_2_2.csv
2839,0,0,0,Reader_2_3.csv
2839,0,0,0,Reader_2_4.csv
2839,0,0,0,Reader_2_5.csv
2839,0,0,0,Reader_2_6.csv
2839,0,0,0,Reader_2_7.csv
2839,0,0,0,Reader_2_8.csv
2839,0,0,0,Reader_2_9.csv
2839,3,2,1,reader_3_1.csv
2839,6,4,2,Reader_3_2.csv
2839,3,3,0,Reader_3_3.csv
2839,3,3,0,Reader_3_4.csv
2839,0,0,0,Reader_3_5.csv
2839,3,2,1,Reader_3_6.csv
2839,1,1,0,Reader_3_7.csv
2840,28,27,1,Reader_1_1.csv
2840,0,0,0,Reader_1_10.csv
2840,3,3,0,Reader_1_11.csv
2840,0,0,0,Reader_1_12.csv
2840,6,6,0,Reader_1_2.csv
2840,2,2,0,Reader_1_3.csv
2840,4,4,0,Reader_1_4.csv
2840,8,7,1,Reader_1_5.csv
2840,5,3,2,Reader_1_6.csv
2840,1,1,0,Reader_1_7.csv
2840,0,0,0,Reader_1_8.csv
2840,0,0,0,Reader_1_9.csv
2840,0,0,0,Reader_2_1.csv
2840,0,0,0,Reader_2_10.csv
2840,0,0,0,Reader_2_11.csv
2840,3,3,0,Reader_2_12.csv
2840,0,0,0,Reader_2_2.csv
2840,0,0,0,Reader_2_3.csv
2840,0,0,0,Reader_2_4.csv
2840,0,0,0,Reader_2_5.csv
2840,0,0,0,Reader_2_6.csv
2840,0,0,0,Reader_2_7.csv
2840,0,0,0,Reader_2_8.csv
2840,0,0,0,Reader_2_9.csv
2840,2,2,0,reader_3_1.csv
2840,4,2,2,Reader_3_2.csv
2840,3,3,0,Reader_3_3.csv
2840,3,3,0,Reader_3_4.csv
2840,0,0,0,Reader_3_5.csv
2840,6,4,2,Reader_3_6.csv
2840,1,1,0,Reader_3_7.csv
2841,25,24,1,Reader_1_1.csv
2841,0,0,0,Reader_1_10.csv
2841,3,3,0,Reader_1_11.csv
2841,0,0,0,Reader_1_12.csv
2841,7,7,0,Reader_1_2.csv
2841,3,3,0,Reader_1_3.csv
2841,2,2,0,Reader_1_4.csv
2841,9,8,1,Reader_1_5.csv
2841,5,3,2,Reader_1_6.csv
2841,1,1,0,Reader_1_7.csv
2841,0,0,0,Reader_1_8.csv
2841,0,0,0,Reader_1_9.csv
2841,0,0,0,Reader_2_1.csv
2841,0,0,0,Reader_2_10.csv
2841,0,0,0,Reader_2_11.csv
2841,5,5,0,Reader_2_12.csv
2841,0,0,0,Reader_2_2.csv
2841,0,0,0,Reader_2_3.csv
2841,0,0,0,Reader_2_4.csv
2841,0,0,0,Reader_2_5.csv
2841,0,0,0,Reader_2_6.csv
2841,0,0,0,Reader_2_7.csv
2841,0,0,0,Reader_2_8.csv
2841,0,0,0,Reader_2_9.csv
2841,2,2,0,reader_3_1.csv
2841,4,3,1,Reader_3_2.csv
2841,3,3,0,Reader_3_3.csv
2841,3,3,0,Reader_3_4.csv
2841,0,0,0,Reader_3_5.csv
2841,6,4,2,Reader_3_6.csv
2841,1,1,0,Reader_3_7.csv
2842,24,23,1,Reader_1_1.csv
2842,0,0,0,Reader_1_10.csv
2842,3,3,0,Reader_1_11.csv
2842,0,0,0,Reader_1_12.csv
2842,8,8,0,Reader_1_2.csv
2842,3,3,0,Reader_1_3.csv
2842,3,2,1,Reader_1_4.csv
2842,8,8,0,Reader_1_5.csv
2842,4,4,0,Reader_1_6.csv
2842,1,1,0,Reader_1_7.csv
2842,0,0,0,Reader_1_8.csv
2842,0,0,0,Reader_1_9.csv
2842,0,0,0,Reader_2_1.csv
2842,0,0,0,Reader_2_10.csv
2842,0,0,0,Reader_2_11.csv
2842,5,5,0,Reader_2_12.csv
2842,1,0,1,Reader_2_2.csv
2842,0,0,0,Reader_2_3.csv
2842,0,0,0,Reader_2_4.csv
2842,0,0,0,Reader_2_5.csv
2842,0,0,0,Reader_2_6.csv
2842,0,0,0,Reader_2_7.csv
2842,0,0,0,Reader_2_8.csv
2842,0,0,0,Reader_2_9.csv
2842,2,2,0,reader_3_1.csv
2842,7,5,2,Reader_3_2.csv
2842,2,2,0,Reader_3_3.csv
2842,2,2,0,Reader_3_4.csv
2842,0,0,0,Reader_3_5.csv
2842,7,5,2,Reader_3_6.csv
2842,1,1,0,Reader_3_7.csv
2843,21,20,1,Reader_1_1.csv
2843,0,0,0,Reader_1_10.csv
2843,2,2,0,Reader_1_11.csv
2843,0,0,0,Reader_1_12.csv
2843,7,7,0,Reader_1_2.csv
2843,4,4,0,Reader_1_3.csv
2843,2,1,1,Reader_1_4.csv
2843,8,8,0,Reader_1_5.csv
2843,3,3,0,Reader_1_6.csv
2843,1,1,0,Reader_1_7.csv
2843,0,0,0,Reader_1_8.csv
2843,0,0,0,Reader_1_9.csv
2843,0,0,0,Reader_2_1.csv
2843,0,0,0,Reader_2_10.csv
2843,1,1,0,Reader_2_11.csv
2843,4,4,0,Reader_2_12.csv
2843,1,0,1,Reader_2_2.csv
2843,0,0,0,Reader_2_3.csv
2843,0,0,0,Reader_2_4.csv
2843,0,0,0,Reader_2_5.csv
2843,1,1,0,Reader_2_6.csv
2843,0,0,0,Reader_2_7.csv
2843,0,0,0,Reader_2_8.csv
2843,0,0,0,Reader_2_9.csv
2843,2,2,0,reader_3_1.csv
2843,7,5,2,Reader_3_2.csv
2843,2,2,0,Reader_3_3.csv
2843,2,2,0,Reader_3_4.csv
2843,0,0,0,Reader_3_5.csv
2843,6,4,2,Reader_3_6.csv
2843,1,1,0,Reader_3_7.csv
2844,22,20,2,Reader_1_1.csv
2844,0,0,0,Reader_1_10.csv
2844,2,2,0,Reader_1_11.csv
2844,0,0,0,Reader_1_12.csv
2844,7,7,0,Reader_1_2.csv
2844,5,5,0,Reader_1_3.csv
2844,3,1,2,Reader_1_4.csv
2844,8,8,0,Reader_1_5.csv
2844,3,3,0,Reader_1_6.csv
2844,1,1,0,Reader_1_7.csv
2844,0,0,0,Reader_1_8.csv
2844,0,0,0,Reader_1_9.csv
2844,0,0,0,Reader_2_1.csv
2844,0,0,0,Reader_2_10.csv
2844,1,1,0,Reader_2_11.csv
2844,4,4,0,Reader_2_12.csv
2844,1,0,1,Reader_2_2.csv
2844,0,0,0,Reader_2_3.csv
2844,0,0,0,Reader_2_4.csv
2844,0,0,0,Reader_2_5.csv
2844,1,1,0,Reader_2_6.csv
2844,0,0,0,Reader_2_7.csv
2844,0,0,0,Reader_2_8.csv
2844,0,0,0,Reader_2_9.csv
2844,1,1,0,reader_3_1.csv
2844,8,5,3,Reader_3_2.csv
2844,2,2,0,Reader_3_3.csv
2844,2,2,0,Reader_3_4.csv
2844,0,0,0,Reader_3_5.csv
2844,9,7,2,Reader_3_6.csv
2844,2,2,0,Reader_3_7.csv
2845,20,19,1,Reader_1_1.csv
2845,0,0,0,Reader_1_10.csv
2845,1,1,0,Reader_1_11.csv
2845,0,0,0,Reader_1_12.csv
2845,5,5,0,Reader_1_2.csv
2845,6,6,0,Reader_1_3.csv
2845,3,1,2,Reader_1_4.csv
2845,14,11,3,Reader_1_5.csv
2845,3,3,0,Reader_1_6.csv
2845,0,0,0,Reader_1_7.csv
2845,0,0,0,Reader_1_8.csv
2845,0,0,0,Reader_1_9.csv
2845,0,0,0,Reader_2_1.csv
2845,0,0,0,Reader_2_10.csv
2845,1,1,0,Reader_2_11.csv
2845,5,5,0,Reader_2_12.csv
2845,1,0,1,Reader_2_2.csv
2845,0,0,0,Reader_2_3.csv
2845,0,0,0,Reader_2_4.csv
2845,0,0,0,Reader_2_5.csv
2845,1,1,0,Reader_2_6.csv
2845,0,0,0,Reader_2_7.csv
2845,0,0,0,Reader_2_8.csv
2845,0,0,0,Reader_2_9.csv
2845,1,1,0,reader_3_1.csv
2845,9,6,3,Reader_3_2.csv
2845,2,2,0,Reader_3_3.csv
2845,2,2,0,Reader_3_4.csv
2845,0,0,0,Reader_3_5.csv
2845,8,7,1,Reader_3_6.csv
2845,2,2,0,Reader_3_7.csv
2846,23,22,1,Reader_1_1.csv
2846,0,0,0,Reader_1_10.csv
2846,0,0,0,Reader_1_11.csv
2846,0,0,0,Reader_1_12.csv
2846,6,6,0,Reader_1_2.csv
2846,6,6,0,Reader_1_3.csv
2846,3,1,2,Reader_1_4.csv
2846,14,11,3,Reader_1_5.csv
2846,1,1,0,Reader_1_6.csv
2846,0,0,0,Reader_1_7.csv
2846,0,0,0,Reader_1_8.csv
2846,0,0,0,Reader_1_9.csv
2846,0,0,0,Reader_2_1.csv
2846,0,0,0,Reader_2_10.csv
2846,1,1,0,Reader_2_11.csv
2846,6,6,0,Reader_2_12.csv
2846,1,0,1,Reader_2_2.csv
2846,0,0,0,Reader_2_3.csv
2846,0,0,0,Reader_2_4.csv
2846,0,0,0,Reader_2_5.csv
2846,1,1,0,Reader_2_6.csv
2846,0,0,0,Reader_2_7.csv
2846,0,0,0,Reader_2_8.csv
2846,0,0,0,Reader_2_9.csv
2846,1,1,0,reader_3_1.csv
2846,9,6,3,Reader_3_2.csv
2846,3,3,0,Reader_3_3.csv
2846,3,3,0,Reader_3_4.csv
2846,0,0,0,Reader_3_5.csv
2846,8,7,1,Reader_3_6.csv
2846,2,2,0,Reader_3_7.csv
2847,21,20,1,Reader_1_1.csv
2847,0,0,0,Reader_1_10.csv
2847,0,0,0,Reader_1_11.csv
2847,0,0,0,Reader_1_12.csv
2847,5,5,0,Reader_1_2.csv
2847,7,7,0,Reader_1_3.csv
2847,2,0,2,Reader_1_4.csv
2847,14,11,3,Reader_1_5.csv
2847,1,1,0,Reader_1_6.csv
2847,0,0,0,Reader_1_7.csv
2847,0,0,0,Reader_1_8.csv
2847,0,0,0,Reader_1_9.csv
2847,1,1,0,Reader_2_1.csv
2847,0,0,0,Reader_2_10.csv
2847,1,1,0,Reader_2_11.csv
2847,4,4,0,Reader_2_12.csv
2847,1,0,1,Reader_2_2.csv
2847,0,0,0,Reader_2_3.csv
2847,0,0,0,Reader_2_4.csv
2847,0,0,0,Reader_2_5.csv
2847,2,2,0,Reader_2_6.csv
2847,0,0,0,Reader_2_7.csv
2847,0,0,0,Reader_2_8.csv
2847,0,0,0,Reader_2_9.csv
2847,1,1,0,reader_3_1.csv
2847,7,4,3,Reader_3_2.csv
2847,2,2,0,Reader_3_3.csv
2847,2,2,0,Reader_3_4.csv
2847,0,0,0,Reader_3_5.csv
2847,8,7,1,Reader_3_6.csv
2847,2,2,0,Reader_3_7.csv
2848,21,20,1,Reader_1_1.csv
2848,0,0,0,Reader_1_10.csv
2848,0,0,0,Reader_1_11.csv
2848,0,0,0,Reader_1_12.csv
2848,7,7,0,Reader_1_2.csv
2848,9,9,0,Reader_1_3.csv
2848,2,0,2,Reader_1_4.csv
2848,14,11,3,Reader_1_5.csv
2848,1,1,0,Reader_1_6.csv
2848,0,0,0,Reader_1_7.csv
2848,0,0,0,Reader_1_8.csv
2848,0,0,0,Reader_1_9.csv
2848,1,1,0,Reader_2_1.csv
2848,0,0,0,Reader_2_10.csv
2848,1,1,0,Reader_2_11.csv
2848,5,5,0,Reader_2_12.csv
2848,1,0,1,Reader_2_2.csv
2848,0,0,0,Reader_2_3.csv
2848,0,0,0,Reader_2_4.csv
2848,0,0,0,Reader_2_5.csv
2848,2,2,0,Reader_2_6.csv
2848,0,0,0,Reader_2_7.csv
2848,0,0,0,Reader_2_8.csv
2848,0,0,0,Reader_2_9.csv
2848,1,1,0,reader_3_1.csv
2848,8,5,3,Reader_3_2.csv
2848,2,2,0,Reader_3_3.csv
2848,2,2,0,Reader_3_4.csv
2848,0,0,0,Reader_3_5.csv
2848,5,5,0,Reader_3_6.csv
2848,1,1,0,Reader_3_7.csv
2849,22,21,1,Reader_1_1.csv
2849,0,0,0,Reader_1_10.csv
2849,0,0,0,Reader_1_11.csv
2849,0,0,0,Reader_1_12.csv
2849,7,7,0,Reader_1_2.csv
2849,8,8,0,Reader_1_3.csv
2849,2,0,2,Reader_1_4.csv
2849,14,10,4,Reader_1_5.csv
2849,1,1,0,Reader_1_6.csv
2849,0,0,0,Reader_1_7.csv
2849,0,0,0,Reader_1_8.csv
2849,0,0,0,Reader_1_9.csv
2849,1,1,0,Reader_2_1.csv
2849,0,0,0,Reader_2_10.csv
2849,1,1,0,Reader_2_11.csv
2849,3,3,0,Reader_2_12.csv
2849,1,0,1,Reader_2_2.csv
2849,0,0,0,Reader_2_3.csv
2849,0,0,0,Reader_2_4.csv
2849,0,0,0,Reader_2_5.csv
2849,2,2,0,Reader_2_6.csv
2849,0,0,0,Reader_2_7.csv
2849,0,0,0,Reader_2_8.csv
2849,0,0,0,Reader_2_9.csv
2849,2,2,0,reader_3_1.csv
2849,8,5,3,Reader_3_2.csv
2849,2,2,0,Reader_3_3.csv
2849,2,2,0,Reader_3_4.csv
2849,0,0,0,Reader_3_5.csv
2849,5,5,0,Reader_3_6.csv
2849,1,1,0,Reader_3_7.csv
2850,20,19,1,Reader_1_1.csv
2850,0,0,0,Reader_1_10.csv
2850,1,1,0,Reader_1_11.csv
2850,0,0,0,Reader_1_12.csv
2850,5,5,0,Reader_1_2.csv
2850,8,8,0,Reader_1_3.csv
2850,1,0,1,Reader_1_4.csv
2850,14,10,4,Reader_1_5.csv
2850,0,0,0,Reader_1_6.csv
2850,0,0,0,Reader_1_7.csv
2850,0,0,0,Reader_1_8.csv
2850,0,0,0,Reader_1_9.csv
2850,1,1,0,Reader_2_1.csv
2850,0,0,0,Reader_2_10.csv
2850,1,1,0,Reader_2_11.csv
2850,3,3,0,Reader_2_12.csv
2850,0,0,0,Reader_2_2.csv
2850,0,0,0,Reader_2_3.csv
2850,0,0,0,Reader_2_4.csv
2850,0,0,0,Reader_2_5.csv
2850,3,3,0,Reader_2_6.csv
2850,0,0,0,Reader_2_7.csv
2850,0,0,0,Reader_2_8.csv
2850,0,0,0,Reader_2_9.csv
2850,2,2,0,reader_3_1.csv
2850,5,3,2,Reader_3_2.csv
2850,2,2,0,Reader_3_3.csv
2850,2,2,0,Reader_3_4.csv
2850,0,0,0,Reader_3_5.csv
2850,5,5,0,Reader_3_6.csv
2850,1,1,0,Reader_3_7.csv
2851,20,19,1,Reader_1_1.csv
2851,0,0,0,Reader_1_10.csv
2851,1,1,0,Reader_1_11.csv
2851,0,0,0,Reader_1_12.csv
2851,8,8,0,Reader_1_2.csv
2851,7,7,0,Reader_1_3.csv
2851,1,0,1,Reader_1_4.csv
2851,14,10,4,Reader_1_5.csv
2851,0,0,0,Reader_1_6.csv
2851,0,0,0,Reader_1_7.csv
2851,0,0,0,Reader_1_8.csv
2851,0,0,0,Reader_1_9.csv
2851,1,1,0,Reader_2_1.csv
2851,0,0,0,Reader_2_10.csv
2851,0,0,0,Reader_2_11.csv
2851,3,3,0,Reader_2_12.csv
2851,0,0,0,Reader_2_2.csv
2851,0,0,0,Reader_2_3.csv
2851,0,0,0,Reader_2_4.csv
2851,0,0,0,Reader_2_5.csv
2851,3,3,0,Reader_2_6.csv
2851,0,0,0,Reader_2_7.csv
2851,0,0,0,Reader_2_8.csv
2851,0,0,0,Reader_2_9.csv
2851,2,2,0,reader_3_1.csv
2851,7,5,2,Reader_3_2.csv
2851,1,1,0,Reader_3_3.csv
2851,1,1,0,Reader_3_4.csv
2851,0,0,0,Reader_3_5.csv
2851,5,5,0,Reader_3_6.csv
2851,1,1,0,Reader_3_7.csv
2852,17,17,0,Reader_1_1.csv
2852,0,0,0,Reader_1_10.csv
2852,1,1,0,Reader_1_11.csv
2852,0,0,0,Reader_1_12.csv
2852,8,8,0,Reader_1_2.csv
2852,5,5,0,Reader_1_3.csv
2852,0,0,0,Reader_1_4.csv
2852,14,10,4,Reader_1_5.csv
2852,0,0,0,Reader_1_6.csv
2852,0,0,0,Reader_1_7.csv
2852,0,0,0,Reader_1_8.csv
2852,0,0,0,Reader_1_9.csv
2852,1,1,0,Reader_2_1.csv
2852,0,0,0,Reader_2_10.csv
2852,0,0,0,Reader_2_11.csv
2852,3,3,0,Reader_2_12.csv
2852,0,0,0,Reader_2_2.csv
2852,0,0,0,Reader_2_3.csv
2852,0,0,0,Reader_2_4.csv
2852,1,0,1,Reader_2_5.csv
2852,4,4,0,Reader_2_6.csv
2852,0,0,0,Reader_2_7.csv
2852,0,0,0,Reader_2_8.csv
2852,0,0,0,Reader_2_9.csv
2852,2,2,0,reader_3_1.csv
2852,6,6,0,Reader_3_2.csv
2852,2,1,1,Reader_3_3.csv
2852,2,1,1,Reader_3_4.csv
2852,0,0,0,Reader_3_5.csv
2852,2,2,0,Reader_3_6.csv
2852,0,0,0,Reader_3_7.csv
2853,16,16,0,Reader_1_1.csv
2853,0,0,0,Reader_1_10.csv
2853,1,1,0,Reader_1_11.csv
2853,0,0,0,Reader_1_12.csv
2853,9,9,0,Reader_1_2.csv
2853,4,4,0,Reader_1_3.csv
2853,0,0,0,Reader_1_4.csv
2853,9,8,1,Reader_1_5.csv
2853,0,0,0,Reader_1_6.csv
2853,0,0,0,Reader_1_7.csv
2853,0,0,0,Reader_1_8.csv
2853,0,0,0,Reader_1_9.csv
2853,1,1,0,Reader_2_1.csv
2853,0,0,0,Reader_2_10.csv
2853,0,0,0,Reader_2_11.csv
2853,2,2,0,Reader_2_12.csv
2853,0,0,0,Reader_2_2.csv
2853,0,0,0,Reader_2_3.csv
2853,0,0,0,Reader_2_4.csv
2853,1,0,1,Reader_2_5.csv
2853,4,4,0,Reader_2_6.csv
2853,0,0,0,Reader_2_7.csv
2853,0,0,0,Reader_2_8.csv
2853,0,0,0,Reader_2_9.csv
2853,2,2,0,reader_3_1.csv
2853,5,5,0,Reader_3_2.csv
2853,2,1,1,Reader_3_3.csv
2853,2,1,1,Reader_3_4.csv
2853,1,1,0,Reader_3_5.csv
2853,2,2,0,Reader_3_6.csv
2853,0,0,0,Reader_3_7.csv
2854,14,14,0,Reader_1_1.csv
2854,0,0,0,Reader_1_10.csv
2854,1,1,0,Reader_1_11.csv
2854,0,0,0,Reader_1_12.csv
2854,9,9,0,Reader_1_2.csv
2854,3,3,0,Reader_1_3.csv
2854,0,0,0,Reader_1_4.csv
2854,10,9,1,Reader_1_5.csv
2854,0,0,0,Reader_1_6.csv
2854,0,0,0,Reader_1_7.csv
2854,0,0,0,Reader_1_8.csv
2854,0,0,0,Reader_1_9.csv
2854,1,1,0,Reader_2_1.csv
2854,0,0,0,Reader_2_10.csv
2854,0,0,0,Reader_2_11.csv
2854,1,1,0,Reader_2_12.csv
2854,0,0,0,Reader_2_2.csv
2854,0,0,0,Reader_2_3.csv
2854,0,0,0,Reader_2_4.csv
2854,1,0,1,Reader_2_5.csv
2854,4,4,0,Reader_2_6.csv
2854,0,0,0,Reader_2_7.csv
2854,0,0,0,Reader_2_8.csv
2854,0,0,0,Reader_2_9.csv
2854,2,2,0,reader_3_1.csv
2854,6,6,0,Reader_3_2.csv
2854,2,1,1,Reader_3_3.csv
2854,2,1,1,Reader_3_4.csv
2854,1,1,0,Reader_3_5.csv
2854,2,2,0,Reader_3_6.csv
2854,0,0,0,Reader_3_7.csv
2855,14,14,0,Reader_1_1.csv
2855,0,0,0,Reader_1_10.csv
2855,2,2,0,Reader_1_11.csv
2855,0,0,0,Reader_1_12.csv
2855,10,10,0,Reader_1_2.csv
2855,4,4,0,Reader_1_3.csv
2855,1,1,0,Reader_1_4.csv
2855,8,7,1,Reader_1_5.csv
2855,0,0,0,Reader_1_6.csv
2855,0,0,0,Reader_1_7.csv
2855,0,0,0,Reader_1_8.csv
2855,0,0,0,Reader_1_9.csv
2855,0,0,0,Reader_2_1.csv
2855,0,0,0,Reader_2_10.csv
2855,0,0,0,Reader_2_11.csv
2855,1,1,0,Reader_2_12.csv
2855,0,0,0,Reader_2_2.csv
2855,0,0,0,Reader_2_3.csv
2855,0,0,0,Reader_2_4.csv
2855,1,0,1,Reader_2_5.csv
2855,3,3,0,Reader_2_6.csv
2855,0,0,0,Reader_2_7.csv
2855,0,0,0,Reader_2_8.csv
2855,0,0,0,Reader_2_9.csv
2855,2,2,0,reader_3_1.csv
2855,7,7,0,Reader_3_2.csv
2855,3,1,2,Reader_3_3.csv
2855,3,1,2,Reader_3_4.csv
2855,1,1,0,Reader_3_5.csv
2855,2,2,0,Reader_3_6.csv
2855,0,0,0,Reader_3_7.csv
2856,14,14,0,Reader_1_1.csv
2856,0,0,0,Reader_1_10.csv
2856,3,3,0,Reader_1_11.csv
2856,0,0,0,Reader_1_12.csv
2856,7,7,0,Reader_1_2.csv
2856,4,3,1,Reader_1_3.csv
2856,1,1,0,Reader_1_4.csv
2856,9,7,2,Reader_1_5.csv
2856,0,0,0,Reader_1_6.csv
2856,0,0,0,Reader_1_7.csv
2856,0,0,0,Reader_1_8.csv
2856,0,0,0,Reader_1_9.csv
2856,0,0,0,Reader_2_1.csv
2856,0,0,0,Reader_2_10.csv
2856,0,0,0,Reader_2_11.csv
2856,0,0,0,Reader_2_12.csv
2856,0,0,0,Reader_2_2.csv
2856,0,0,0,Reader_2_3.csv
2856,0,0,0,Reader_2_4.csv
2856,1,0,1,Reader_2_5.csv
2856,3,3,0,Reader_2_6.csv
2856,0,0,0,Reader_2_7.csv
2856,0,0,0,Reader_2_8.csv
2856,0,0,0,Reader_2_9.csv
2856,2,2,0,reader_3_1.csv
2856,7,6,1,Reader_3_2.csv
2856,7,3,4,Reader_3_3.csv
2856,7,3,4,Reader_3_4.csv
2856,1,1,0,Reader_3_5.csv
2856,2,2,0,Reader_3_6.csv
2856,0,0,0,Reader_3_7.csv
2857,15,14,1,Reader_1_1.csv
2857,0,0,0,Reader_1_10.csv
2857,5,3,2,Reader_1_11.csv
2857,0,0,0,Reader_1_12.csv
2857,7,6,1,Reader_1_2.csv
2857,4,3,1,Reader_1_3.csv
2857,1,1,0,Reader_1_4.csv
2857,9,8,1,Reader_1_5.csv
2857,0,0,0,Reader_1_6.csv
2857,0,0,0,Reader_1_7.csv
2857,0,0,0,Reader_1_8.csv
2857,1,1,0,Reader_1_9.csv
2857,0,0,0,Reader_2_1.csv
2857,1,0,1,Reader_2_10.csv
2857,0,0,0,Reader_2_11.csv
2857,2,2,0,Reader_2_12.csv
2857,0,0,0,Reader_2_2.csv
2857,0,0,0,Reader_2_3.csv
2857,1,1,0,Reader_2_4.csv
2857,1,0,1,Reader_2_5.csv
2857,3,3,0,Reader_2_6.csv
2857,0,0,0,Reader_2_7.csv
2857,0,0,0,Reader_2_8.csv
2857,0,0,0,Reader_2_9.csv
2857,2,2,0,reader_3_1.csv
2857,7,6,1,Reader_3_2.csv
2857,8,4,4,Reader_3_3.csv
2857,8,4,4,Reader_3_4.csv
2857,1,1,0,Reader_3_5.csv
2857,2,1,1,Reader_3_6.csv
2857,0,0,0,Reader_3_7.csv
2858,16,15,1,Reader_1_1.csv
2858,0,0,0,Reader_1_10.csv
2858,4,2,2,Reader_1_11.csv
2858,0,0,0,Reader_1_12.csv
2858,7,6,1,Reader_1_2.csv
2858,4,3,1,Reader_1_3.csv
2858,1,1,0,Reader_1_4.csv
2858,10,8,2,Reader_1_5.csv
2858,0,0,0,Reader_1_6.csv
2858,0,0,0,Reader_1_7.csv
2858,0,0,0,Reader_1_8.csv
2858,1,1,0,Reader_1_9.csv
2858,0,0,0,Reader_2_1.csv
2858,1,0,1,Reader_2_10.csv
2858,0,0,0,Reader_2_11.csv
2858,2,2,0,Reader_2_12.csv
2858,0,0,0,Reader_2_2.csv
2858,0,0,0,Reader_2_3.csv
2858,1,1,0,Reader_2_4.csv
2858,1,0,1,Reader_2_5.csv
2858,2,2,0,Reader_2_6.csv
2858,0,0,0,Reader_2_7.csv
2858,0,0,0,Reader_2_8.csv
2858,0,0,0,Reader_2_9.csv
2858,3,3,0,reader_3_1.csv
2858,8,7,1,Reader_3_2.csv
2858,11,7,4,Reader_3_3.csv
2858,11,7,4,Reader_3_4.csv
2858,1,1,0,Reader_3_5.csv
2858,1,0,1,Reader_3_6.csv
2858,0,0,0,Reader_3_7.csv
2859,19,17,2,Reader_1_1.csv
2859,0,0,0,Reader_1_10.csv
2859,5,3,2,Reader_1_11.csv
2859,0,0,0,Reader_1_12.csv
2859,4,3,1,Reader_1_2.csv
2859,4,3,1,Reader_1_3.csv
2859,1,1,0,Reader_1_4.csv
2859,8,6,2,Reader_1_5.csv
2859,0,0,0,Reader_1_6.csv
2859,0,0,0,Reader_1_7.csv
2859,0,0,0,Reader_1_8.csv
2859,1,1,0,Reader_1_9.csv
2859,0,0,0,Reader_2_1.csv
2859,2,1,1,Reader_2_10.csv
2859,0,0,0,Reader_2_11.csv
2859,2,2,0,Reader_2_12.csv
2859,0,0,0,Reader_2_2.csv
2859,0,0,0,Reader_2_3.csv
2859,1,1,0,Reader_2_4.csv
2859,1,0,1,Reader_2_5.csv
2859,1,1,0,Reader_2_6.csv
2859,0,0,0,Reader_2_7.csv
2859,0,0,0,Reader_2_8.csv
2859,0,0,0,Reader_2_9.csv
2859,3,3,0,reader_3_1.csv
2859,6,5,1,Reader_3_2.csv
2859,14,8,6,Reader_3_3.csv
2859,14,8,6,Reader_3_4.csv
2859,2,2,0,Reader_3_5.csv
2859,2,1,1,Reader_3_6.csv
2859,0,0,0,Reader_3_7.csv
2860,17,14,3,Reader_1_1.csv
2860,0,0,0,Reader_1_10.csv
2860,5,3,2,Reader_1_11.csv
2860,0,0,0,Reader_1_12.csv
2860,5,4,1,Reader_1_2.csv
2860,4,3,1,Reader_1_3.csv
2860,1,1,0,Reader_1_4.csv
2860,8,6,2,Reader_1_5.csv
2860,0,0,0,Reader_1_6.csv
2860,0,0,0,Reader_1_7.csv
2860,0,0,0,Reader_1_8.csv
2860,1,1,0,Reader_1_9.csv
2860,0,0,0,Reader_2_1.csv
2860,3,2,1,Reader_2_10.csv
2860,0,0,0,Reader_2_11.csv
2860,2,2,0,Reader_2_12.csv
2860,0,0,0,Reader_2_2.csv
2860,0,0,0,Reader_2_3.csv
2860,1,1,0,Reader_2_4.csv
2860,0,0,0,Reader_2_5.csv
2860,0,0,0,Reader_2_6.csv
2860,0,0,0,Reader_2_7.csv
2860,0,0,0,Reader_2_8.csv
2860,0,0,0,Reader_2_9.csv
2860,3,3,0,reader_3_1.csv
2860,6,5,1,Reader_3_2.csv
2860,15,10,5,Reader_3_3.csv
2860,15,10,5,Reader_3_4.csv
2860,3,3,0,Reader_3_5.csv
2860,2,1,1,Reader_3_6.csv
2860,1,1,0,Reader_3_7.csv
2861,18,15,3,Reader_1_1.csv
2861,0,0,0,Reader_1_10.csv
2861,5,3,2,Reader_1_11.csv
2861,0,0,0,Reader_1_12.csv
2861,4,3,1,Reader_1_2.csv
2861,4,3,1,Reader_1_3.csv
2861,2,2,0,Reader_1_4.csv
2861,8,6,2,Reader_1_5.csv
2861,0,0,0,Reader_1_6.csv
2861,0,0,0,Reader_1_7.csv
2861,0,0,0,Reader_1_8.csv
2861,1,1,0,Reader_1_9.csv
2861,0,0,0,Reader_2_1.csv
2861,4,3,1,Reader_2_10.csv
2861,0,0,0,Reader_2_11.csv
2861,2,2,0,Reader_2_12.csv
2861,0,0,0,Reader_2_2.csv
2861,0,0,0,Reader_2_3.csv
2861,1,1,0,Reader_2_4.csv
2861,0,0,0,Reader_2_5.csv
2861,0,0,0,Reader_2_6.csv
2861,0,0,0,Reader_2_7.csv
2861,0,0,0,Reader_2_8.csv
2861,0,0,0,Reader_2_9.csv
2861,2,2,0,reader_3_1.csv
2861,6,5,1,Reader_3_2.csv
2861,17,10,7,Reader_3_3.csv
2861,17,10,7,Reader_3_4.csv
2861,4,4,0,Reader_3_5.csv
2861,2,1,1,Reader_3_6.csv
2861,1,1,0,Reader_3_7.csv
2862,16,13,3,Reader_1_1.csv
2862,1,1,0,Reader_1_10.csv
2862,5,3,2,Reader_1_11.csv
2862,0,0,0,Reader_1_12.csv
2862,4,3,1,Reader_1_2.csv
2862,4,3,1,Reader_1_3.csv
2862,2,2,0,Reader_1_4.csv
2862,7,5,2,Reader_1_5.csv
2862,0,0,0,Reader_1_6.csv
2862,0,0,0,Reader_1_7.csv
2862,0,0,0,Reader_1_8.csv
2862,1,1,0,Reader_1_9.csv
2862,0,0,0,Reader_2_1.csv
2862,4,3,1,Reader_2_10.csv
2862,0,0,0,Reader_2_11.csv
2862,3,3,0,Reader_2_12.csv
2862,0,0,0,Reader_2_2.csv
2862,0,0,0,Reader_2_3.csv
2862,2,2,0,Reader_2_4.csv
2862,0,0,0,Reader_2_5.csv
2862,0,0,0,Reader_2_6.csv
2862,0,0,0,Reader_2_7.csv
2862,0,0,0,Reader_2_8.csv
2862,0,0,0,Reader_2_9.csv
2862,4,4,0,reader_3_1.csv
2862,5,4,1,Reader_3_2.csv
2862,17,9,8,Reader_3_3.csv
2862,17,9,8,Reader_3_4.csv
2862,4,4,0,Reader_3_5.csv
2862,2,1,1,Reader_3_6.csv
2862,1,1,0,Reader_3_7.csv
2863,15,12,3,Reader_1_1.csv
2863,2,2,0,Reader_1_10.csv
2863,4,2,2,Reader_1_11.csv
2863,0,0,0,Reader_1_12.csv
2863,3,2,1,Reader_1_2.csv
2863,2,1,1,Reader_1_3.csv
2863,1,1,0,Reader_1_4.csv
2863,5,3,2,Reader_1_5.csv
2863,0,0,0,Reader_1_6.csv
2863,0,0,0,Reader_1_7.csv
2863,0,0,0,Reader_1_8.csv
2863,1,1,0,Reader_1_9.csv
2863,0,0,0,Reader_2_1.csv
2863,4,3,1,Reader_2_10.csv
2863,0,0,0,Reader_2_11.csv
2863,3,3,0,Reader_2_12.csv
2863,0,0,0,Reader_2_2.csv
2863,0,0,0,Reader_2_3.csv
2863,2,2,0,Reader_2_4.csv
2863,0,0,0,Reader_2_5.csv
2863,0,0,0,Reader_2_6.csv
2863,0,0,0,Reader_2_7.csv
2863,0,0,0,Reader_2_8.csv
2863,0,0,0,Reader_2_9.csv
2863,4,4,0,reader_3_1.csv
2863,6,5,1,Reader_3_2.csv
2863,17,9,8,Reader_3_3.csv
2863,17,9,8,Reader_3_4.csv
2863,4,4,0,Reader_3_5.csv
2863,3,2,1,Reader_3_6.csv
2863,1,1,0,Reader_3_7.csv
2864,17,14,3,Reader_1_1.csv
2864,2,2,0,Reader_1_10.csv
2864,3,1,2,Reader_1_11.csv
2864,0,0,0,Reader_1_12.csv
2864,5,4,1,Reader_1_2.csv
2864,0,0,0,Reader_1_3.csv
2864,1,1,0,Reader_1_4.csv
2864,3,2,1,Reader_1_5.csv
2864,0,0,0,Reader_1_6.csv
2864,0,0,0,Reader_1_7.csv
2864,0,0,0,Reader_1_8.csv
2864,1,1,0,Reader_1_9.csv
2864,0,0,0,Reader_2_1.csv
2864,5,4,1,Reader_2_10.csv
2864,0,0,0,Reader_2_11.csv
2864,3,3,0,Reader_2_12.csv
2864,0,0,0,Reader_2_2.csv
2864,0,0,0,Reader_2_3.csv
2864,2,2,0,Reader_2_4.csv
2864,0,0,0,Reader_2_5.csv
2864,0,0,0,Reader_2_6.csv
2864,0,0,0,Reader_2_7.csv
2864,0,0,0,Reader_2_8.csv
2864,0,0,0,Reader_2_9.csv
2864,4,4,0,reader_3_1.csv
2864,6,6,0,Reader_3_2.csv
2864,14,8,6,Reader_3_3.csv
2864,14,8,6,Reader_3_4.csv
2864,4,4,0,Reader_3_5.csv
2864,3,2,1,Reader_3_6.csv
2864,2,2,0,Reader_3_7.csv
2865,17,15,2,Reader_1_1.csv
2865,2,2,0,Reader_1_10.csv
2865,1,1,0,Reader_1_11.csv
2865,0,0,0,Reader_1_12.csv
2865,4,4,0,Reader_1_2.csv
2865,0,0,0,Reader_1_3.csv
2865,1,1,0,Reader_1_4.csv
2865,2,1,1,Reader_1_5.csv
2865,0,0,0,Reader_1_6.csv
2865,0,0,0,Reader_1_7.csv
2865,0,0,0,Reader_1_8.csv
2865,0,0,0,Reader_1_9.csv
2865,0,0,0,Reader_2_1.csv
2865,5,5,0,Reader_2_10.csv
2865,0,0,0,Reader_2_11.csv
2865,1,1,0,Reader_2_12.csv
2865,0,0,0,Reader_2_2.csv
2865,0,0,0,Reader_2_3.csv
2865,1,1,0,Reader_2_4.csv
2865,0,0,0,Reader_2_5.csv
2865,1,1,0,Reader_2_6.csv
2865,0,0,0,Reader_2_7.csv
2865,0,0,0,Reader_2_8.csv
2865,0,0,0,Reader_2_9.csv
2865,4,4,0,reader_3_1.csv
2865,7,7,0,Reader_3_2.csv
2865,14,8,6,Reader_3_3.csv
2865,14,8,6,Reader_3_4.csv
2865,4,4,0,Reader_3_5.csv
2865,3,3,0,Reader_3_6.csv
2865,2,2,0,Reader_3_7.csv
2866,15,13,2,Reader_1_1.csv
2866,2,2,0,Reader_1_10.csv
2866,1,1,0,Reader_1_11.csv
2866,0,0,0,Reader_1_12.csv
2866,5,5,0,Reader_1_2.csv
2866,0,0,0,Reader_1_3.csv
2866,2,2,0,Reader_1_4.csv
2866,1,1,0,Reader_1_5.csv
2866,0,0,0,Reader_1_6.csv
2866,0,0,0,Reader_1_7.csv
2866,0,0,0,Reader_1_8.csv
2866,0,0,0,Reader_1_9.csv
2866,0,0,0,Reader_2_1.csv
2866,6,6,0,Reader_2_10.csv
2866,0,0,0,Reader_2_11.csv
2866,2,2,0,Reader_2_12.csv
2866,0,0,0,Reader_2_2.csv
2866,0,0,0,Reader_2_3.csv
2866,1,1,0,Reader_2_4.csv
2866,0,0,0,Reader_2_5.csv
2866,2,2,0,Reader_2_6.csv
2866,0,0,0,Reader_2_7.csv
2866,0,0,0,Reader_2_8.csv
2866,0,0,0,Reader_2_9.csv
2866,3,3,0,reader_3_1.csv
2866,9,9,0,Reader_3_2.csv
2866,12,5,7,Reader_3_3.csv
2866,12,5,7,Reader_3_4.csv
2866,4,4,0,Reader_3_5.csv
2866,4,4,0,Reader_3_6.csv
2866,2,2,0,Reader_3_7.csv
2867,13,12,1,Reader_1_1.csv
2867,2,2,0,Reader_1_10.csv
2867,0,0,0,Reader_1_11.csv
2867,0,0,0,Reader_1_12.csv
2867,6,6,0,Reader_1_2.csv
2867,0,0,0,Reader_1_3.csv
2867,2,2,0,Reader_1_4.csv
2867,3,2,1,Reader_1_5.csv
2867,1,1,0,Reader_1_6.csv
2867,0,0,0,Reader_1_7.csv
2867,0,0,0,Reader_1_8.csv
2867,0,0,0,Reader_1_9.csv
2867,0,0,0,Reader_2_1.csv
2867,5,5,0,Reader_2_10.csv
2867,0,0,0,Reader_2_11.csv
2867,3,3,0,Reader_2_12.csv
2867,0,0,0,Reader_2_2.csv
2867,0,0,0,Reader_2_3.csv
2867,1,1,0,Reader_2_4.csv
2867,1,1,0,Reader_2_5.csv
2867,2,2,0,Reader_2_6.csv
2867,0,0,0,Reader_2_7.csv
2867,0,0,0,Reader_2_8.csv
2867,0,0,0,Reader_2_9.csv
2867,4,4,0,reader_3_1.csv
2867,9,9,0,Reader_3_2.csv
2867,9,4,5,Reader_3_3.csv
2867,9,4,5,Reader_3_4.csv
2867,3,3,0,Reader_3_5.csv
2867,4,4,0,Reader_3_6.csv
2867,2,2,0,Reader_3_7.csv
2868,13,13,0,Reader_1_1.csv
2868,2,2,0,Reader_1_10.csv
2868,0,0,0,Reader_1_11.csv
2868,0,0,0,Reader_1_12.csv
2868,6,6,0,Reader_1_2.csv
2868,0,0,0,Reader_1_3.csv
2868,2,2,0,Reader_1_4.csv
2868,3,2,1,Reader_1_5.csv
2868,3,3,0,Reader_1_6.csv
2868,0,0,0,Reader_1_7.csv
2868,0,0,0,Reader_1_8.csv
2868,0,0,0,Reader_1_9.csv
2868,0,0,0,Reader_2_1.csv
2868,4,4,0,Reader_2_10.csv
2868,0,0,0,Reader_2_11.csv
2868,3,3,0,Reader_2_12.csv
2868,0,0,0,Reader_2_2.csv
2868,0,0,0,Reader_2_3.csv
2868,1,1,0,Reader_2_4.csv
2868,1,1,0,Reader_2_5.csv
2868,4,4,0,Reader_2_6.csv
2868,0,0,0,Reader_2_7.csv
2868,0,0,0,Reader_2_8.csv
2868,0,0,0,Reader_2_9.csv
2868,5,5,0,reader_3_1.csv
2868,8,8,0,Reader_3_2.csv
2868,7,2,5,Reader_3_3.csv
2868,7,2,5,Reader_3_4.csv
2868,2,2,0,Reader_3_5.csv
2868,4,4,0,Reader_3_6.csv
2868,1,1,0,Reader_3_7.csv
2869,17,16,1,Reader_1_1.csv
2869,2,2,0,Reader_1_10.csv
2869,0,0,0,Reader_1_11.csv
2869,0,0,0,Reader_1_12.csv
2869,7,7,0,Reader_1_2.csv
2869,0,0,0,Reader_1_3.csv
2869,2,2,0,Reader_1_4.csv
2869,3,2,1,Reader_1_5.csv
2869,3,3,0,Reader_1_6.csv
2869,1,1,0,Reader_1_7.csv
2869,0,0,0,Reader_1_8.csv
2869,0,0,0,Reader_1_9.csv
2869,0,0,0,Reader_2_1.csv
2869,4,4,0,Reader_2_10.csv
2869,0,0,0,Reader_2_11.csv
2869,3,3,0,Reader_2_12.csv
2869,0,0,0,Reader_2_2.csv
2869,0,0,0,Reader_2_3.csv
2869,1,1,0,Reader_2_4.csv
2869,1,1,0,Reader_2_5.csv
2869,4,4,0,Reader_2_6.csv
2869,0,0,0,Reader_2_7.csv
2869,0,0,0,Reader_2_8.csv
2869,0,0,0,Reader_2_9.csv
2869,6,6,0,reader_3_1.csv
2869,8,8,0,Reader_3_2.csv
2869,5,2,3,Reader_3_3.csv
2869,5,2,3,Reader_3_4.csv
2869,2,1,1,Reader_3_5.csv
2869,4,4,0,Reader_3_6.csv
2869,1,1,0,Reader_3_7.csv
2870,19,18,1,Reader_1_1.csv
2870,1,1,0,Reader_1_10.csv
2870,0,0,0,Reader_1_11.csv
2870,0,0,0,Reader_1_12.csv
2870,6,6,0,Reader_1_2.csv
2870,0,0,0,Reader_1_3.csv
2870,2,2,0,Reader_1_4.csv
2870,5,3,2,Reader_1_5.csv
2870,4,4,0,Reader_1_6.csv
2870,1,1,0,Reader_1_7.csv
2870,0,0,0,Reader_1_8.csv
2870,0,0,0,Reader_1_9.csv
2870,0,0,0,Reader_2_1.csv
2870,4,4,0,Reader_2_10.csv
2870,0,0,0,Reader_2_11.csv
2870,2,2,0,Reader_2_12.csv
2870,0,0,0,Reader_2_2.csv
2870,0,0,0,Reader_2_3.csv
2870,0,0,0,Reader_2_4.csv
2870,1,1,0,Reader_2_5.csv
2870,4,4,0,Reader_2_6.csv
2870,0,0,0,Reader_2_7.csv
2870,0,0,0,Reader_2_8.csv
2870,0,0,0,Reader_2_9.csv
2870,5,5,0,reader_3_1.csv
2870,10,10,0,Reader_3_2.csv
2870,4,2,2,Reader_3_3.csv
2870,4,2,2,Reader_3_4.csv
2870,2,1,1,Reader_3_5.csv
2870,5,5,0,Reader_3_6.csv
2870,1,1,0,Reader_3_7.csv
2871,21,19,2,Reader_1_1.csv
2871,0,0,0,Reader_1_10.csv
2871,0,0,0,Reader_1_11.csv
2871,0,0,0,Reader_1_12.csv
2871,6,6,0,Reader_1_2.csv
2871,0,0,0,Reader_1_3.csv
2871,2,2,0,Reader_1_4.csv
2871,5,3,2,Reader_1_5.csv
2871,4,4,0,Reader_1_6.csv
2871,1,1,0,Reader_1_7.csv
2871,0,0,0,Reader_1_8.csv
2871,0,0,0,Reader_1_9.csv
2871,0,0,0,Reader_2_1.csv
2871,4,4,0,Reader_2_10.csv
2871,0,0,0,Reader_2_11.csv
2871,2,2,0,Reader_2_12.csv
2871,0,0,0,Reader_2_2.csv
2871,0,0,0,Reader_2_3.csv
2871,0,0,0,Reader_2_4.csv
2871,1,1,0,Reader_2_5.csv
2871,4,4,0,Reader_2_6.csv
2871,0,0,0,Reader_2_7.csv
2871,0,0,0,Reader_2_8.csv
2871,0,0,0,Reader_2_9.csv
2871,6,6,0,reader_3_1.csv
2871,10,10,0,Reader_3_2.csv
2871,3,2,1,Reader_3_3.csv
2871,3,2,1,Reader_3_4.csv
2871,2,1,1,Reader_3_5.csv
2871,4,4,0,Reader_3_6.csv
2871,1,1,0,Reader_3_7.csv
2872,20,17,3,Reader_1_1.csv
2872,0,0,0,Reader_1_10.csv
2872,0,0,0,Reader_1_11.csv
2872,0,0,0,Reader_1_12.csv
2872,4,4,0,Reader_1_2.csv
2872,0,0,0,Reader_1_3.csv
2872,2,2,0,Reader_1_4.csv
2872,5,3,2,Reader_1_5.csv
2872,4,4,0,Reader_1_6.csv
2872,1,1,0,Reader_1_7.csv
2872,0,0,0,Reader_1_8.csv
2872,0,0,0,Reader_1_9.csv
2872,0,0,0,Reader_2_1.csv
2872,3,3,0,Reader_2_10.csv
2872,0,0,0,Reader_2_11.csv
2872,2,2,0,Reader_2_12.csv
2872,0,0,0,Reader_2_2.csv
2872,0,0,0,Reader_2_3.csv
2872,0,0,0,Reader_2_4.csv
2872,1,1,0,Reader_2_5.csv
2872,4,4,0,Reader_2_6.csv
2872,0,0,0,Reader_2_7.csv
2872,0,0,0,Reader_2_8.csv
2872,0,0,0,Reader_2_9.csv
2872,7,7,0,reader_3_1.csv
2872,10,10,0,Reader_3_2.csv
2872,3,2,1,Reader_3_3.csv
2872,3,2,1,Reader_3_4.csv
2872,2,1,1,Reader_3_5.csv
2872,4,4,0,Reader_3_6.csv
2872,0,0,0,Reader_3_7.csv
2873,18,14,4,Reader_1_1.csv
2873,0,0,0,Reader_1_10.csv
2873,1,1,0,Reader_1_11.csv
2873,0,0,0,Reader_1_12.csv
2873,5,4,1,Reader_1_2.csv
2873,0,0,0,Reader_1_3.csv
2873,2,2,0,Reader_1_4.csv
2873,5,3,2,Reader_1_5.csv
2873,4,4,0,Reader_1_6.csv
2873,1,1,0,Reader_1_7.csv
2873,0,0,0,Reader_1_8.csv
2873,0,0,0,Reader_1_9.csv
2873,0,0,0,Reader_2_1.csv
2873,2,2,0,Reader_2_10.csv
2873,0,0,0,Reader_2_11.csv
2873,2,2,0,Reader_2_12.csv
2873,0,0,0,Reader_2_2.csv
2873,0,0,0,Reader_2_3.csv
2873,0,0,0,Reader_2_4.csv
2873,1,1,0,Reader_2_5.csv
2873,5,5,0,Reader_2_6.csv
2873,0,0,0,Reader_2_7.csv
2873,0,0,0,Reader_2_8.csv
2873,0,0,0,Reader_2_9.csv
2873,6,6,0,reader_3_1.csv
2873,10,10,0,Reader_3_2.csv
2873,4,2,2,Reader_3_3.csv
2873,4,2,2,Reader_3_4.csv
2873,2,1,1,Reader_3_5.csv
2873,4,4,0,Reader_3_6.csv
2873,0,0,0,Reader_3_7.csv
2874,19,15,4,Reader_1_1.csv
2874,0,0,0,Reader_1_10.csv
2874,1,1,0,Reader_1_11.csv
2874,0,0,0,Reader_1_12.csv
2874,4,3,1,Reader_1_2.csv
2874,0,0,0,Reader_1_3.csv
2874,1,1,0,Reader_1_4.csv
2874,6,4,2,Reader_1_5.csv
2874,4,4,0,Reader_1_6.csv
2874,2,2,0,Reader_1_7.csv
2874,0,0,0,Reader_1_8.csv
2874,0,0,0,Reader_1_9.csv
2874,0,0,0,Reader_2_1.csv
2874,3,3,0,Reader_2_10.csv
2874,0,0,0,Reader_2_11.csv
2874,2,2,0,Reader_2_12.csv
2874,0,0,0,Reader_2_2.csv
2874,0,0,0,Reader_2_3.csv
2874,0,0,0,Reader_2_4.csv
2874,1,1,0,Reader_2_5.csv
2874,4,4,0,Reader_2_6.csv
2874,0,0,0,Reader_2_7.csv
2874,0,0,0,Reader_2_8.csv
2874,0,0,0,Reader_2_9.csv
2874,7,7,0,reader_3_1.csv
2874,9,9,0,Reader_3_2.csv
2874,3,2,1,Reader_3_3.csv
2874,3,2,1,Reader_3_4.csv
2874,2,1,1,Reader_3_5.csv
2874,3,3,0,Reader_3_6.csv
2874,0,0,0,Reader_3_7.csv
2875,18,14,4,Reader_1_1.csv
2875,0,0,0,Reader_1_10.csv
2875,1,1,0,Reader_1_11.csv
2875,0,0,0,Reader_1_12.csv
2875,3,2,1,Reader_1_2.csv
2875,0,0,0,Reader_1_3.csv
2875,1,1,0,Reader_1_4.csv
2875,4,3,1,Reader_1_5.csv
2875,3,3,0,Reader_1_6.csv
2875,2,2,0,Reader_1_7.csv
2875,0,0,0,Reader_1_8.csv
2875,0,0,0,Reader_1_9.csv
2875,0,0,0,Reader_2_1.csv
2875,3,3,0,Reader_2_10.csv
2875,0,0,0,Reader_2_11.csv
2875,1,1,0,Reader_2_12.csv
2875,0,0,0,Reader_2_2.csv
2875,0,0,0,Reader_2_3.csv
2875,0,0,0,Reader_2_4.csv
2875,1,1,0,Reader_2_5.csv
2875,4,4,0,Reader_2_6.csv
2875,0,0,0,Reader_2_7.csv
2875,0,0,0,Reader_2_8.csv
2875,0,0,0,Reader_2_9.csv
2875,6,6,0,reader_3_1.csv
2875,9,9,0,Reader_3_2.csv
2875,3,2,1,Reader_3_3.csv
2875,3,2,1,Reader_3_4.csv
2875,2,1,1,Reader_3_5.csv
2875,2,2,0,Reader_3_6.csv
2875,0,0,0,Reader_3_7.csv
2876,18,13,5,Reader_1_1.csv
2876,1,1,0,Reader_1_10.csv
2876,1,1,0,Reader_1_11.csv
2876,1,1,0,Reader_1_12.csv
2876,2,1,1,Reader_1_2.csv
2876,0,0,0,Reader_1_3.csv
2876,2,2,0,Reader_1_4.csv
2876,5,4,1,Reader_1_5.csv
2876,1,1,0,Reader_1_6.csv
2876,2,2,0,Reader_1_7.csv
2876,0,0,0,Reader_1_8.csv
2876,0,0,0,Reader_1_9.csv
2876,0,0,0,Reader_2_1.csv
2876,3,3,0,Reader_2_10.csv
2876,0,0,0,Reader_2_11.csv
2876,1,1,0,Reader_2_12.csv
2876,0,0,0,Reader_2_2.csv
2876,0,0,0,Reader_2_3.csv
2876,0,0,0,Reader_2_4.csv
2876,1,1,0,Reader_2_5.csv
2876,3,3,0,Reader_2_6.csv
2876,0,0,0,Reader_2_7.csv
2876,0,0,0,Reader_2_8.csv
2876,0,0,0,Reader_2_9.csv
2876,5,5,0,reader_3_1.csv
2876,9,9,0,Reader_3_2.csv
2876,3,2,1,Reader_3_3.csv
2876,3,2,1,Reader_3_4.csv
2876,3,2,1,Reader_3_5.csv
2876,2,2,0,Reader_3_6.csv
2876,0,0,0,Reader_3_7.csv
2877,13,9,4,Reader_1_1.csv
2877,1,1,0,Reader_1_10.csv
2877,1,1,0,Reader_1_11.csv
2877,1,1,0,Reader_1_12.csv
2877,2,1,1,Reader_1_2.csv
2877,0,0,0,Reader_1_3.csv
2877,1,1,0,Reader_1_4.csv
2877,10,7,3,Reader_1_5.csv
2877,1,1,0,Reader_1_6.csv
2877,1,1,0,Reader_1_7.csv
2877,0,0,0,Reader_1_8.csv
2877,0,0,0,Reader_1_9.csv
2877,0,0,0,Reader_2_1.csv
2877,2,2,0,Reader_2_10.csv
2877,0,0,0,Reader_2_11.csv
2877,1,1,0,Reader_2_12.csv
2877,0,0,0,Reader_2_2.csv
2877,0,0,0,Reader_2_3.csv
2877,0,0,0,Reader_2_4.csv
2877,1,1,0,Reader_2_5.csv
2877,3,3,0,Reader_2_6.csv
2877,0,0,0,Reader_2_7.csv
2877,0,0,0,Reader_2_8.csv
2877,0,0,0,Reader_2_9.csv
2877,4,4,0,reader_3_1.csv
2877,10,10,0,Reader_3_2.csv
2877,3,2,1,Reader_3_3.csv
2877,3,2,1,Reader_3_4.csv
2877,1,1,0,Reader_3_5.csv
2877,2,2,0,Reader_3_6.csv
2877,0,0,0,Reader_3_7.csv
2878,10,6,4,Reader_1_1.csv
2878,1,1,0,Reader_1_10.csv
2878,1,1,0,Reader_1_11.csv
2878,1,1,0,Reader_1_12.csv
2878,2,1,1,Reader_1_2.csv
2878,0,0,0,Reader_1_3.csv
2878,1,1,0,Reader_1_4.csv
2878,8,6,2,Reader_1_5.csv
2878,0,0,0,Reader_1_6.csv
2878,1,1,0,Reader_1_7.csv
2878,0,0,0,Reader_1_8.csv
2878,0,0,0,Reader_1_9.csv
2878,0,0,0,Reader_2_1.csv
2878,2,2,0,Reader_2_10.csv
2878,0,0,0,Reader_2_11.csv
2878,1,1,0,Reader_2_12.csv
2878,0,0,0,Reader_2_2.csv
2878,0,0,0,Reader_2_3.csv
2878,0,0,0,Reader_2_4.csv
2878,1,1,0,Reader_2_5.csv
2878,4,4,0,Reader_2_6.csv
2878,0,0,0,Reader_2_7.csv
2878,0,0,0,Reader_2_8.csv
2878,0,0,0,Reader_2_9.csv
2878,3,3,0,reader_3_1.csv
2878,8,8,0,Reader_3_2.csv
2878,4,3,1,Reader_3_3.csv
2878,4,3,1,Reader_3_4.csv
2878,1,1,0,Reader_3_5.csv
2878,1,1,0,Reader_3_6.csv
2878,1,1,0,Reader_3_7.csv
2879,8,5,3,Reader_1_1.csv
2879,1,1,0,Reader_1_10.csv
2879,1,1,0,Reader_1_11.csv
2879,1,1,0,Reader_1_12.csv
2879,2,1,1,Reader_1_2.csv
2879,0,0,0,Reader_1_3.csv
2879,1,1,0,Reader_1_4.csv
2879,9,7,2,Reader_1_5.csv
2879,2,2,0,Reader_1_6.csv
2879,1,1,0,Reader_1_7.csv
2879,0,0,0,Reader_1_8.csv
2879,0,0,0,Reader_1_9.csv
2879,0,0,0,Reader_2_1.csv
2879,2,2,0,Reader_2_10.csv
2879,0,0,0,Reader_2_11.csv
2879,1,1,0,Reader_2_12.csv
2879,0,0,0,Reader_2_2.csv
2879,0,0,0,Reader_2_3.csv
2879,0,0,0,Reader_2_4.csv
2879,1,1,0,Reader_2_5.csv
2879,7,6,1,Reader_2_6.csv
2879,0,0,0,Reader_2_7.csv
2879,0,0,0,Reader_2_8.csv
2879,0,0,0,Reader_2_9.csv
2879,2,2,0,reader_3_1.csv
2879,6,6,0,Reader_3_2.csv
2879,4,3,1,Reader_3_3.csv
2879,4,3,1,Reader_3_4.csv
2879,1,1,0,Reader_3_5.csv
2879,1,1,0,Reader_3_6.csv
2879,2,2,0,Reader_3_7.csv
2880,6,4,2,Reader_1_1.csv
2880,1,1,0,Reader_1_10.csv
2880,1,1,0,Reader_1_11.csv
2880,1,1,0,Reader_1_12.csv
2880,4,2,2,Reader_1_2.csv
2880,0,0,0,Reader_1_3.csv
2880,1,1,0,Reader_1_4.csv
2880,10,8,2,Reader_1_5.csv
2880,3,3,0,Reader_1_6.csv
2880,1,1,0,Reader_1_7.csv
2880,0,0,0,Reader_1_8.csv
2880,0,0,0,Reader_1_9.csv
2880,0,0,0,Reader_2_1.csv
2880,2,2,0,Reader_2_10.csv
2880,0,0,0,Reader_2_11.csv
2880,2,2,0,Reader_2_12.csv
2880,0,0,0,Reader_2_2.csv
2880,0,0,0,Reader_2_3.csv
2880,0,0,0,Reader_2_4.csv
2880,1,1,0,Reader_2_5.csv
2880,8,7,1,Reader_2_6.csv
2880,0,0,0,Reader_2_7.csv
2880,0,0,0,Reader_2_8.csv
2880,0,0,0,Reader_2_9.csv
2880,4,4,0,reader_3_1.csv
2880,5,5,0,Reader_3_2.csv
2880,3,2,1,Reader_3_3.csv
2880,3,2,1,Reader_3_4.csv
2880,3,3,0,Reader_3_5.csv
2880,2,2,0,Reader_3_6.csv
2880,3,3,0,Reader_3_7.csv
2881,5,4,1,Reader_1_1.csv
2881,1,1,0,Reader_1_10.csv
2881,0,0,0,Reader_1_11.csv
2881,1,1,0,Reader_1_12.csv
2881,4,2,2,Reader_1_2.csv
2881,1,1,0,Reader_1_3.csv
2881,1,1,0,Reader_1_4.csv
2881,10,8,2,Reader_1_5.csv
2881,4,4,0,Reader_1_6.csv
2881,1,1,0,Reader_1_7.csv
2881,0,0,0,Reader_1_8.csv
2881,0,0,0,Reader_1_9.csv
2881,0,0,0,Reader_2_1.csv
2881,2,2,0,Reader_2_10.csv
2881,0,0,0,Reader_2_11.csv
2881,2,2,0,Reader_2_12.csv
2881,0,0,0,Reader_2_2.csv
2881,0,0,0,Reader_2_3.csv
2881,0,0,0,Reader_2_4.csv
2881,1,1,0,Reader_2_5.csv
2881,6,5,1,Reader_2_6.csv
2881,0,0,0,Reader_2_7.csv
2881,0,0,0,Reader_2_8.csv
2881,0,0,0,Reader_2_9.csv
2881,4,4,0,reader_3_1.csv
2881,4,4,0,Reader_3_2.csv
2881,3,2,1,Reader_3_3.csv
2881,3,2,1,Reader_3_4.csv
2881,3,3,0,Reader_3_5.csv
2881,1,1,0,Reader_3_6.csv
2881,3,3,0,Reader_3_7.csv
2882,7,6,1,Reader_1_1.csv
2882,1,1,0,Reader_1_10.csv
2882,0,0,0,Reader_1_11.csv
2882,1,1,0,Reader_1_12.csv
2882,7,4,3,Reader_1_2.csv
2882,1,1,0,Reader_1_3.csv
2882,1,1,0,Reader_1_4.csv
2882,10,8,2,Reader_1_5.csv
2882,4,4,0,Reader_1_6.csv
2882,0,0,0,Reader_1_7.csv
2882,0,0,0,Reader_1_8.csv
2882,0,0,0,Reader_1_9.csv
2882,0,0,0,Reader_2_1.csv
2882,0,0,0,Reader_2_10.csv
2882,0,0,0,Reader_2_11.csv
2882,2,2,0,Reader_2_12.csv
2882,0,0,0,Reader_2_2.csv
2882,0,0,0,Reader_2_3.csv
2882,0,0,0,Reader_2_4.csv
2882,1,1,0,Reader_2_5.csv
2882,6,5,1,Reader_2_6.csv
2882,0,0,0,Reader_2_7.csv
2882,0,0,0,Reader_2_8.csv
2882,0,0,0,Reader_2_9.csv
2882,3,3,0,reader_3_1.csv
2882,4,4,0,Reader_3_2.csv
2882,3,2,1,Reader_3_3.csv
2882,3,2,1,Reader_3_4.csv
2882,3,3,0,Reader_3_5.csv
2882,1,1,0,Reader_3_6.csv
2882,4,4,0,Reader_3_7.csv
2883,6,5,1,Reader_1_1.csv
2883,1,1,0,Reader_1_10.csv
2883,0,0,0,Reader_1_11.csv
2883,1,1,0,Reader_1_12.csv
2883,7,4,3,Reader_1_2.csv
2883,1,1,0,Reader_1_3.csv
2883,1,1,0,Reader_1_4.csv
2883,10,8,2,Reader_1_5.csv
2883,4,4,0,Reader_1_6.csv
2883,0,0,0,Reader_1_7.csv
2883,0,0,0,Reader_1_8.csv
2883,0,0,0,Reader_1_9.csv
2883,0,0,0,Reader_2_1.csv
2883,0,0,0,Reader_2_10.csv
2883,0,0,0,Reader_2_11.csv
2883,2,2,0,Reader_2_12.csv
2883,0,0,0,Reader_2_2.csv
2883,0,0,0,Reader_2_3.csv
2883,0,0,0,Reader_2_4.csv
2883,0,0,0,Reader_2_5.csv
2883,6,5,1,Reader_2_6.csv
2883,0,0,0,Reader_2_7.csv
2883,0,0,0,Reader_2_8.csv
2883,0,0,0,Reader_2_9.csv
2883,3,3,0,reader_3_1.csv
2883,5,5,0,Reader_3_2.csv
2883,3,2,1,Reader_3_3.csv
2883,3,2,1,Reader_3_4.csv
2883,3,3,0,Reader_3_5.csv
2883,2,2,0,Reader_3_6.csv
2883,4,4,0,Reader_3_7.csv
2884,5,5,0,Reader_1_1.csv
2884,0,0,0,Reader_1_10.csv
2884,0,0,0,Reader_1_11.csv
2884,0,0,0,Reader_1_12.csv
2884,8,4,4,Reader_1_2.csv
2884,1,1,0,Reader_1_3.csv
2884,0,0,0,Reader_1_4.csv
2884,10,7,3,Reader_1_5.csv
2884,4,4,0,Reader_1_6.csv
2884,0,0,0,Reader_1_7.csv
2884,0,0,0,Reader_1_8.csv
2884,0,0,0,Reader_1_9.csv
2884,0,0,0,Reader_2_1.csv
2884,0,0,0,Reader_2_10.csv
2884,0,0,0,Reader_2_11.csv
2884,3,3,0,Reader_2_12.csv
2884,0,0,0,Reader_2_2.csv
2884,0,0,0,Reader_2_3.csv
2884,0,0,0,Reader_2_4.csv
2884,0,0,0,Reader_2_5.csv
2884,6,5,1,Reader_2_6.csv
2884,0,0,0,Reader_2_7.csv
2884,0,0,0,Reader_2_8.csv
2884,0,0,0,Reader_2_9.csv
2884,3,3,0,reader_3_1.csv
2884,5,5,0,Reader_3_2.csv
2884,3,2,1,Reader_3_3.csv
2884,3,2,1,Reader_3_4.csv
2884,2,2,0,Reader_3_5.csv
2884,2,2,0,Reader_3_6.csv
2884,5,5,0,Reader_3_7.csv
2885,4,4,0,Reader_1_1.csv
2885,0,0,0,Reader_1_10.csv
2885,0,0,0,Reader_1_11.csv
2885,0,0,0,Reader_1_12.csv
2885,9,4,5,Reader_1_2.csv
2885,2,2,0,Reader_1_3.csv
2885,0,0,0,Reader_1_4.csv
2885,4,3,1,Reader_1_5.csv
2885,4,4,0,Reader_1_6.csv
2885,0,0,0,Reader_1_7.csv
2885,0,0,0,Reader_1_8.csv
2885,0,0,0,Reader_1_9.csv
2885,0,0,0,Reader_2_1.csv
2885,0,0,0,Reader_2_10.csv
2885,0,0,0,Reader_2_11.csv
2885,3,3,0,Reader_2_12.csv
2885,0,0,0,Reader_2_2.csv
2885,0,0,0,Reader_2_3.csv
2885,0,0,0,Reader_2_4.csv
2885,0,0,0,Reader_2_5.csv
2885,7,6,1,Reader_2_6.csv
2885,0,0,0,Reader_2_7.csv
2885,0,0,0,Reader_2_8.csv
2885,0,0,0,Reader_2_9.csv
2885,3,3,0,reader_3_1.csv
2885,4,4,0,Reader_3_2.csv
2885,3,2,1,Reader_3_3.csv
2885,3,2,1,Reader_3_4.csv
2885,2,2,0,Reader_3_5.csv
2885,3,3,0,Reader_3_6.csv
2885,6,6,0,Reader_3_7.csv
2886,4,4,0,Reader_1_1.csv
2886,0,0,0,Reader_1_10.csv
2886,0,0,0,Reader_1_11.csv
2886,0,0,0,Reader_1_12.csv
2886,11,5,6,Reader_1_2.csv
2886,2,2,0,Reader_1_3.csv
2886,0,0,0,Reader_1_4.csv
2886,5,3,2,Reader_1_5.csv
2886,4,4,0,Reader_1_6.csv
2886,0,0,0,Reader_1_7.csv
2886,0,0,0,Reader_1_8.csv
2886,0,0,0,Reader_1_9.csv
2886,0,0,0,Reader_2_1.csv
2886,0,0,0,Reader_2_10.csv
2886,0,0,0,Reader_2_11.csv
2886,3,3,0,Reader_2_12.csv
2886,0,0,0,Reader_2_2.csv
2886,0,0,0,Reader_2_3.csv
2886,0,0,0,Reader_2_4.csv
2886,0,0,0,Reader_2_5.csv
2886,6,5,1,Reader_2_6.csv
2886,0,0,0,Reader_2_7.csv
2886,0,0,0,Reader_2_8.csv
2886,0,0,0,Reader_2_9.csv
2886,4,3,1,reader_3_1.csv
2886,6,6,0,Reader_3_2.csv
2886,2,1,1,Reader_3_3.csv
2886,2,1,1,Reader_3_4.csv
2886,3,3,0,Reader_3_5.csv
2886,6,6,0,Reader_3_6.csv
2886,6,6,0,Reader_3_7.csv
2887,4,4,0,Reader_1_1.csv
2887,0,0,0,Reader_1_10.csv
2887,0,0,0,Reader_1_11.csv
2887,0,0,0,Reader_1_12.csv
2887,11,5,6,Reader_1_2.csv
2887,2,2,0,Reader_1_3.csv
2887,0,0,0,Reader_1_4.csv
2887,5,3,2,Reader_1_5.csv
2887,2,2,0,Reader_1_6.csv
2887,1,0,1,Reader_1_7.csv
2887,0,0,0,Reader_1_8.csv
2887,0,0,0,Reader_1_9.csv
2887,0,0,0,Reader_2_1.csv
2887,0,0,0,Reader_2_10.csv
2887,0,0,0,Reader_2_11.csv
2887,3,3,0,Reader_2_12.csv
2887,0,0,0,Reader_2_2.csv
2887,0,0,0,Reader_2_3.csv
2887,0,0,0,Reader_2_4.csv
2887,0,0,0,Reader_2_5.csv
2887,4,4,0,Reader_2_6.csv
2887,0,0,0,Reader_2_7.csv
2887,0,0,0,Reader_2_8.csv
2887,0,0,0,Reader_2_9.csv
2887,4,3,1,reader_3_1.csv
2887,7,7,0,Reader_3_2.csv
2887,2,1,1,Reader_3_3.csv
2887,2,1,1,Reader_3_4.csv
2887,3,3,0,Reader_3_5.csv
2887,7,7,0,Reader_3_6.csv
2887,7,6,1,Reader_3_7.csv
2888,5,5,0,Reader_1_1.csv
2888,0,0,0,Reader_1_10.csv
2888,0,0,0,Reader_1_11.csv
2888,0,0,0,Reader_1_12.csv
2888,9,4,5,Reader_1_2.csv
2888,2,2,0,Reader_1_3.csv
2888,0,0,0,Reader_1_4.csv
2888,4,2,2,Reader_1_5.csv
2888,1,1,0,Reader_1_6.csv
2888,1,0,1,Reader_1_7.csv
2888,0,0,0,Reader_1_8.csv
2888,0,0,0,Reader_1_9.csv
2888,0,0,0,Reader_2_1.csv
2888,0,0,0,Reader_2_10.csv
2888,0,0,0,Reader_2_11.csv
2888,2,2,0,Reader_2_12.csv
2888,1,1,0,Reader_2_2.csv
2888,0,0,0,Reader_2_3.csv
2888,0,0,0,Reader_2_4.csv
2888,0,0,0,Reader_2_5.csv
2888,3,3,0,Reader_2_6.csv
2888,0,0,0,Reader_2_7.csv
2888,0,0,0,Reader_2_8.csv
2888,0,0,0,Reader_2_9.csv
2888,2,1,1,reader_3_1.csv
2888,8,7,1,Reader_3_2.csv
2888,2,1,1,Reader_3_3.csv
2888,2,1,1,Reader_3_4.csv
2888,1,1,0,Reader_3_5.csv
2888,7,7,0,Reader_3_6.csv
2888,9,7,2,Reader_3_7.csv
2889,5,5,0,Reader_1_1.csv
2889,0,0,0,Reader_1_10.csv
2889,0,0,0,Reader_1_11.csv
2889,0,0,0,Reader_1_12.csv
2889,8,4,4,Reader_1_2.csv
2889,2,1,1,Reader_1_3.csv
2889,0,0,0,Reader_1_4.csv
2889,4,2,2,Reader_1_5.csv
2889,0,0,0,Reader_1_6.csv
2889,1,0,1,Reader_1_7.csv
2889,0,0,0,Reader_1_8.csv
2889,0,0,0,Reader_1_9.csv
2889,0,0,0,Reader_2_1.csv
2889,0,0,0,Reader_2_10.csv
2889,0,0,0,Reader_2_11.csv
2889,3,3,0,Reader_2_12.csv
2889,1,1,0,Reader_2_2.csv
2889,0,0,0,Reader_2_3.csv
2889,0,0,0,Reader_2_4.csv
2889,0,0,0,Reader_2_5.csv
2889,3,3,0,Reader_2_6.csv
2889,0,0,0,Reader_2_7.csv
2889,0,0,0,Reader_2_8.csv
2889,0,0,0,Reader_2_9.csv
2889,2,1,1,reader_3_1.csv
2889,8,7,1,Reader_3_2.csv
2889,0,0,0,Reader_3_3.csv
2889,0,0,0,Reader_3_4.csv
2889,4,4,0,Reader_3_5.csv
2889,9,9,0,Reader_3_6.csv
2889,9,7,2,Reader_3_7.csv
2890,2,2,0,Reader_1_1.csv
2890,0,0,0,Reader_1_10.csv
2890,0,0,0,Reader_1_11.csv
2890,0,0,0,Reader_1_12.csv
2890,5,2,3,Reader_1_2.csv
2890,2,1,1,Reader_1_3.csv
2890,0,0,0,Reader_1_4.csv
2890,3,1,2,Reader_1_5.csv
2890,0,0,0,Reader_1_6.csv
2890,1,0,1,Reader_1_7.csv
2890,0,0,0,Reader_1_8.csv
2890,1,1,0,Reader_1_9.csv
2890,0,0,0,Reader_2_1.csv
2890,0,0,0,Reader_2_10.csv
2890,0,0,0,Reader_2_11.csv
2890,2,2,0,Reader_2_12.csv
2890,1,1,0,Reader_2_2.csv
2890,0,0,0,Reader_2_3.csv
2890,0,0,0,Reader_2_4.csv
2890,0,0,0,Reader_2_5.csv
2890,3,3,0,Reader_2_6.csv
2890,0,0,0,Reader_2_7.csv
2890,0,0,0,Reader_2_8.csv
2890,0,0,0,Reader_2_9.csv
2890,2,1,1,reader_3_1.csv
2890,6,5,1,Reader_3_2.csv
2890,0,0,0,Reader_3_3.csv
2890,0,0,0,Reader_3_4.csv
2890,6,5,1,Reader_3_5.csv
2890,9,9,0,Reader_3_6.csv
2890,9,6,3,Reader_3_7.csv
2891,2,2,0,Reader_1_1.csv
2891,0,0,0,Reader_1_10.csv
2891,0,0,0,Reader_1_11.csv
2891,0,0,0,Reader_1_12.csv
2891,5,2,3,Reader_1_2.csv
2891,3,1,2,Reader_1_3.csv
2891,0,0,0,Reader_1_4.csv
2891,3,1,2,Reader_1_5.csv
2891,0,0,0,Reader_1_6.csv
2891,1,0,1,Reader_1_7.csv
2891,0,0,0,Reader_1_8.csv
2891,1,1,0,Reader_1_9.csv
2891,0,0,0,Reader_2_1.csv
2891,0,0,0,Reader_2_10.csv
2891,0,0,0,Reader_2_11.csv
2891,3,3,0,Reader_2_12.csv
2891,2,2,0,Reader_2_2.csv
2891,0,0,0,Reader_2_3.csv
2891,0,0,0,Reader_2_4.csv
2891,0,0,0,Reader_2_5.csv
2891,3,3,0,Reader_2_6.csv
2891,0,0,0,Reader_2_7.csv
2891,0,0,0,Reader_2_8.csv
2891,0,0,0,Reader_2_9.csv
2891,3,2,1,reader_3_1.csv
2891,5,4,1,Reader_3_2.csv
2891,1,1,0,Reader_3_3.csv
2891,1,1,0,Reader_3_4.csv
2891,7,5,2,Reader_3_5.csv
2891,8,8,0,Reader_3_6.csv
2891,9,6,3,Reader_3_7.csv
2892,2,2,0,Reader_1_1.csv
2892,0,0,0,Reader_1_10.csv
2892,0,0,0,Reader_1_11.csv
2892,0,0,0,Reader_1_12.csv
2892,5,3,2,Reader_1_2.csv
2892,3,1,2,Reader_1_3.csv
2892,0,0,0,Reader_1_4.csv
2892,3,1,2,Reader_1_5.csv
2892,0,0,0,Reader_1_6.csv
2892,1,0,1,Reader_1_7.csv
2892,0,0,0,Reader_1_8.csv
2892,1,1,0,Reader_1_9.csv
2892,0,0,0,Reader_2_1.csv
2892,0,0,0,Reader_2_10.csv
2892,0,0,0,Reader_2_11.csv
2892,2,2,0,Reader_2_12.csv
2892,2,2,0,Reader_2_2.csv
2892,0,0,0,Reader_2_3.csv
2892,0,0,0,Reader_2_4.csv
2892,0,0,0,Reader_2_5.csv
2892,3,3,0,Reader_2_6.csv
2892,0,0,0,Reader_2_7.csv
2892,0,0,0,Reader_2_8.csv
2892,0,0,0,Reader_2_9.csv
2892,3,2,1,reader_3_1.csv
2892,6,5,1,Reader_3_2.csv
2892,1,1,0,Reader_3_3.csv
2892,1,1,0,Reader_3_4.csv
2892,7,5,2,Reader_3_5.csv
2892,8,8,0,Reader_3_6.csv
2892,8,5,3,Reader_3_7.csv
2893,3,3,0,Reader_1_1.csv
2893,0,0,0,Reader_1_10.csv
2893,0,0,0,Reader_1_11.csv
2893,0,0,0,Reader_1_12.csv
2893,4,2,2,Reader_1_2.csv
2893,2,0,2,Reader_1_3.csv
2893,0,0,0,Reader_1_4.csv
2893,3,1,2,Reader_1_5.csv
2893,0,0,0,Reader_1_6.csv
2893,1,0,1,Reader_1_7.csv
2893,0,0,0,Reader_1_8.csv
2893,1,1,0,Reader_1_9.csv
2893,0,0,0,Reader_2_1.csv
2893,0,0,0,Reader_2_10.csv
2893,0,0,0,Reader_2_11.csv
2893,2,2,0,Reader_2_12.csv
2893,2,2,0,Reader_2_2.csv
2893,0,0,0,Reader_2_3.csv
2893,0,0,0,Reader_2_4.csv
2893,0,0,0,Reader_2_5.csv
2893,2,2,0,Reader_2_6.csv
2893,0,0,0,Reader_2_7.csv
2893,0,0,0,Reader_2_8.csv
2893,0,0,0,Reader_2_9.csv
2893,4,3,1,reader_3_1.csv
2893,6,5,1,Reader_3_2.csv
2893,1,1,0,Reader_3_3.csv
2893,1,1,0,Reader_3_4.csv
2893,7,5,2,Reader_3_5.csv
2893,8,8,0,Reader_3_6.csv
2893,8,5,3,Reader_3_7.csv
2894,4,4,0,Reader_1_1.csv
2894,0,0,0,Reader_1_10.csv
2894,0,0,0,Reader_1_11.csv
2894,1,1,0,Reader_1_12.csv
2894,2,1,1,Reader_1_2.csv
2894,2,0,2,Reader_1_3.csv
2894,0,0,0,Reader_1_4.csv
2894,3,2,1,Reader_1_5.csv
2894,0,0,0,Reader_1_6.csv
2894,1,0,1,Reader_1_7.csv
2894,0,0,0,Reader_1_8.csv
2894,1,1,0,Reader_1_9.csv
2894,0,0,0,Reader_2_1.csv
2894,0,0,0,Reader_2_10.csv
2894,0,0,0,Reader_2_11.csv
2894,2,2,0,Reader_2_12.csv
2894,2,2,0,Reader_2_2.csv
2894,0,0,0,Reader_2_3.csv
2894,1,1,0,Reader_2_4.csv
2894,0,0,0,Reader_2_5.csv
2894,2,2,0,Reader_2_6.csv
2894,0,0,0,Reader_2_7.csv
2894,0,0,0,Reader_2_8.csv
2894,0,0,0,Reader_2_9.csv
2894,3,3,0,reader_3_1.csv
2894,5,4,1,Reader_3_2.csv
2894,1,1,0,Reader_3_3.csv
2894,1,1,0,Reader_3_4.csv
2894,6,4,2,Reader_3_5.csv
2894,5,5,0,Reader_3_6.csv
2894,7,4,3,Reader_3_7.csv
2895,4,3,1,Reader_1_1.csv
2895,0,0,0,Reader_1_10.csv
2895,0,0,0,Reader_1_11.csv
2895,1,1,0,Reader_1_12.csv
2895,2,1,1,Reader_1_2.csv
2895,3,1,2,Reader_1_3.csv
2895,0,0,0,Reader_1_4.csv
2895,2,1,1,Reader_1_5.csv
2895,0,0,0,Reader_1_6.csv
2895,0,0,0,Reader_1_7.csv
2895,0,0,0,Reader_1_8.csv
2895,1,1,0,Reader_1_9.csv
2895,0,0,0,Reader_2_1.csv
2895,0,0,0,Reader_2_10.csv
2895,0,0,0,Reader_2_11.csv
2895,2,2,0,Reader_2_12.csv
2895,2,2,0,Reader_2_2.csv
2895,0,0,0,Reader_2_3.csv
2895,1,1,0,Reader_2_4.csv
2895,0,0,0,Reader_2_5.csv
2895,1,1,0,Reader_2_6.csv
2895,0,0,0,Reader_2_7.csv
2895,0,0,0,Reader_2_8.csv
2895,0,0,0,Reader_2_9.csv
2895,3,3,0,reader_3_1.csv
2895,5,4,1,Reader_3_2.csv
2895,1,1,0,Reader_3_3.csv
2895,1,1,0,Reader_3_4.csv
2895,6,4,2,Reader_3_5.csv
2895,4,4,0,Reader_3_6.csv
2895,7,5,2,Reader_3_7.csv
2896,3,2,1,Reader_1_1.csv
2896,0,0,0,Reader_1_10.csv
2896,0,0,0,Reader_1_11.csv
2896,1,1,0,Reader_1_12.csv
2896,2,1,1,Reader_1_2.csv
2896,3,1,2,Reader_1_3.csv
2896,0,0,0,Reader_1_4.csv
2896,3,2,1,Reader_1_5.csv
2896,1,0,1,Reader_1_6.csv
2896,0,0,0,Reader_1_7.csv
2896,0,0,0,Reader_1_8.csv
2896,1,1,0,Reader_1_9.csv
2896,0,0,0,Reader_2_1.csv
2896,0,0,0,Reader_2_10.csv
2896,0,0,0,Reader_2_11.csv
2896,4,4,0,Reader_2_12.csv
2896,1,1,0,Reader_2_2.csv
2896,0,0,0,Reader_2_3.csv
2896,1,1,0,Reader_2_4.csv
2896,0,0,0,Reader_2_5.csv
2896,1,1,0,Reader_2_6.csv
2896,0,0,0,Reader_2_7.csv
2896,0,0,0,Reader_2_8.csv
2896,0,0,0,Reader_2_9.csv
2896,2,2,0,reader_3_1.csv
2896,4,4,0,Reader_3_2.csv
2896,1,1,0,Reader_3_3.csv
2896,1,1,0,Reader_3_4.csv
2896,7,5,2,Reader_3_5.csv
2896,4,4,0,Reader_3_6.csv
2896,4,3,1,Reader_3_7.csv
2897,4,3,1,Reader_1_1.csv
2897,0,0,0,Reader_1_10.csv
2897,0,0,0,Reader_1_11.csv
2897,1,1,0,Reader_1_12.csv
2897,2,1,1,Reader_1_2.csv
2897,2,1,1,Reader_1_3.csv
2897,0,0,0,Reader_1_4.csv
2897,3,2,1,Reader_1_5.csv
2897,1,0,1,Reader_1_6.csv
2897,0,0,0,Reader_1_7.csv
2897,0,0,0,Reader_1_8.csv
2897,1,1,0,Reader_1_9.csv
2897,0,0,0,Reader_2_1.csv
2897,0,0,0,Reader_2_10.csv
2897,0,0,0,Reader_2_11.csv
2897,3,3,0,Reader_2_12.csv
2897,1,1,0,Reader_2_2.csv
2897,0,0,0,Reader_2_3.csv
2897,1,1,0,Reader_2_4.csv
2897,0,0,0,Reader_2_5.csv
2897,2,2,0,Reader_2_6.csv
2897,0,0,0,Reader_2_7.csv
2897,0,0,0,Reader_2_8.csv
2897,0,0,0,Reader_2_9.csv
2897,2,2,0,reader_3_1.csv
2897,3,3,0,Reader_3_2.csv
2897,1,1,0,Reader_3_3.csv
2897,1,1,0,Reader_3_4.csv
2897,4,2,2,Reader_3_5.csv
2897,2,2,0,Reader_3_6.csv
2897,5,4,1,Reader_3_7.csv
2898,5,4,1,Reader_1_1.csv
2898,0,0,0,Reader_1_10.csv
2898,0,0,0,Reader_1_11.csv
2898,1,1,0,Reader_1_12.csv
2898,2,1,1,Reader_1_2.csv
2898,2,1,1,Reader_1_3.csv
2898,0,0,0,Reader_1_4.csv
2898,3,2,1,Reader_1_5.csv
2898,1,0,1,Reader_1_6.csv
2898,0,0,0,Reader_1_7.csv
2898,0,0,0,Reader_1_8.csv
2898,0,0,0,Reader_1_9.csv
2898,0,0,0,Reader_2_1.csv
2898,0,0,0,Reader_2_10.csv
2898,0,0,0,Reader_2_11.csv
2898,4,4,0,Reader_2_12.csv
2898,1,1,0,Reader_2_2.csv
2898,0,0,0,Reader_2_3.csv
2898,1,1,0,Reader_2_4.csv
2898,0,0,0,Reader_2_5.csv
2898,2,2,0,Reader_2_6.csv
2898,0,0,0,Reader_2_7.csv
2898,0,0,0,Reader_2_8.csv
2898,0,0,0,Reader_2_9.csv
2898,2,2,0,reader_3_1.csv
2898,4,3,1,Reader_3_2.csv
2898,1,1,0,Reader_3_3.csv
2898,1,1,0,Reader_3_4.csv
2898,3,2,1,Reader_3_5.csv
2898,4,3,1,Reader_3_6.csv
2898,5,5,0,Reader_3_7.csv
2899,5,4,1,Reader_1_1.csv
2899,0,0,0,Reader_1_10.csv
2899,0,0,0,Reader_1_11.csv
2899,1,1,0,Reader_1_12.csv
2899,2,1,1,Reader_1_2.csv
2899,1,1,0,Reader_1_3.csv
2899,1,1,0,Reader_1_4.csv
2899,5,3,2,Reader_1_5.csv
2899,1,0,1,Reader_1_6.csv
2899,0,0,0,Reader_1_7.csv
2899,0,0,0,Reader_1_8.csv
2899,0,0,0,Reader_1_9.csv
2899,0,0,0,Reader_2_1.csv
2899,0,0,0,Reader_2_10.csv
2899,0,0,0,Reader_2_11.csv
2899,3,3,0,Reader_2_12.csv
2899,0,0,0,Reader_2_2.csv
2899,0,0,0,Reader_2_3.csv
2899,1,1,0,Reader_2_4.csv
2899,0,0,0,Reader_2_5.csv
2899,2,2,0,Reader_2_6.csv
2899,0,0,0,Reader_2_7.csv
2899,0,0,0,Reader_2_8.csv
2899,0,0,0,Reader_2_9.csv
2899,1,1,0,reader_3_1.csv
2899,4,3,1,Reader_3_2.csv
2899,1,1,0,Reader_3_3.csv
2899,1,1,0,Reader_3_4.csv
2899,3,2,1,Reader_3_5.csv
2899,4,3,1,Reader_3_6.csv
2899,5,5,0,Reader_3_7.csv
2900,5,4,1,Reader_1_1.csv
2900,0,0,0,Reader_1_10.csv
2900,0,0,0,Reader_1_11.csv
2900,1,1,0,Reader_1_12.csv
2900,1,0,1,Reader_1_2.csv
2900,2,2,0,Reader_1_3.csv
2900,1,1,0,Reader_1_4.csv
2900,4,3,1,Reader_1_5.csv
2900,2,1,1,Reader_1_6.csv
2900,0,0,0,Reader_1_7.csv
2900,0,0,0,Reader_1_8.csv
2900,0,0,0,Reader_1_9.csv
2900,0,0,0,Reader_2_1.csv
2900,0,0,0,Reader_2_10.csv
2900,0,0,0,Reader_2_11.csv
2900,5,4,1,Reader_2_12.csv
2900,0,0,0,Reader_2_2.csv
2900,0,0,0,Reader_2_3.csv
2900,1,1,0,Reader_2_4.csv
2900,0,0,0,Reader_2_5.csv
2900,1,1,0,Reader_2_6.csv
2900,0,0,0,Reader_2_7.csv
2900,0,0,0,Reader_2_8.csv
2900,0,0,0,Reader_2_9.csv
2900,2,2,0,reader_3_1.csv
2900,4,3,1,Reader_3_2.csv
2900,1,1,0,Reader_3_3.csv
2900,1,1,0,Reader_3_4.csv
2900,3,2,1,Reader_3_5.csv
2900,4,3,1,Reader_3_6.csv
2900,5,5,0,Reader_3_7.csv
2901,4,3,1,Reader_1_1.csv
2901,0,0,0,Reader_1_10.csv
2901,0,0,0,Reader_1_11.csv
2901,1,1,0,Reader_1_12.csv
2901,0,0,0,Reader_1_2.csv
2901,2,2,0,Reader_1_3.csv
2901,1,1,0,Reader_1_4.csv
2901,4,3,1,Reader_1_5.csv
2901,3,2,1,Reader_1_6.csv
2901,0,0,0,Reader_1_7.csv
2901,0,0,0,Reader_1_8.csv
2901,0,0,0,Reader_1_9.csv
2901,0,0,0,Reader_2_1.csv
2901,0,0,0,Reader_2_10.csv
2901,0,0,0,Reader_2_11.csv
2901,5,4,1,Reader_2_12.csv
2901,0,0,0,Reader_2_2.csv
2901,0,0,0,Reader_2_3.csv
2901,1,1,0,Reader_2_4.csv
2901,0,0,0,Reader_2_5.csv
2901,1,1,0,Reader_2_6.csv
2901,0,0,0,Reader_2_7.csv
2901,2,2,0,Reader_2_8.csv
2901,0,0,0,Reader_2_9.csv
2901,2,2,0,reader_3_1.csv
2901,5,4,1,Reader_3_2.csv
2901,1,1,0,Reader_3_3.csv
2901,1,1,0,Reader_3_4.csv
2901,3,2,1,Reader_3_5.csv
2901,3,2,1,Reader_3_6.csv
2901,4,4,0,Reader_3_7.csv
2902,3,2,1,Reader_1_1.csv
2902,0,0,0,Reader_1_10.csv
2902,0,0,0,Reader_1_11.csv
2902,0,0,0,Reader_1_12.csv
2902,0,0,0,Reader_1_2.csv
2902,2,2,0,Reader_1_3.csv
2902,1,1,0,Reader_1_4.csv
2902,4,3,1,Reader_1_5.csv
2902,3,2,1,Reader_1_6.csv
2902,0,0,0,Reader_1_7.csv
2902,0,0,0,Reader_1_8.csv
2902,0,0,0,Reader_1_9.csv
2902,0,0,0,Reader_2_1.csv
2902,0,0,0,Reader_2_10.csv
2902,0,0,0,Reader_2_11.csv
2902,5,4,1,Reader_2_12.csv
2902,0,0,0,Reader_2_2.csv
2902,0,0,0,Reader_2_3.csv
2902,0,0,0,Reader_2_4.csv
2902,0,0,0,Reader_2_5.csv
2902,1,1,0,Reader_2_6.csv
2902,0,0,0,Reader_2_7.csv
2902,2,2,0,Reader_2_8.csv
2902,0,0,0,Reader_2_9.csv
2902,2,2,0,reader_3_1.csv
2902,4,3,1,Reader_3_2.csv
2902,1,1,0,Reader_3_3.csv
2902,1,1,0,Reader_3_4.csv
2902,3,2,1,Reader_3_5.csv
2902,3,2,1,Reader_3_6.csv
2902,4,4,0,Reader_3_7.csv
2903,3,3,0,Reader_1_1.csv
2903,0,0,0,Reader_1_10.csv
2903,0,0,0,Reader_1_11.csv
2903,0,0,0,Reader_1_12.csv
2903,0,0,0,Reader_1_2.csv
2903,1,1,0,Reader_1_3.csv
2903,1,1,0,Reader_1_4.csv
2903,4,3,1,Reader_1_5.csv
2903,3,2,1,Reader_1_6.csv
2903,0,0,0,Reader_1_7.csv
2903,1,1,0,Reader_1_8.csv
2903,0,0,0,Reader_1_9.csv
2903,0,0,0,Reader_2_1.csv
2903,0,0,0,Reader_2_10.csv
2903,0,0,0,Reader_2_11.csv
2903,7,5,2,Reader_2_12.csv
2903,0,0,0,Reader_2_2.csv
2903,0,0,0,Reader_2_3.csv
2903,0,0,0,Reader_2_4.csv
2903,0,0,0,Reader_2_5.csv
2903,1,1,0,Reader_2_6.csv
2903,0,0,0,Reader_2_7.csv
2903,2,2,0,Reader_2_8.csv
2903,0,0,0,Reader_2_9.csv
2903,3,3,0,reader_3_1.csv
2903,4,3,1,Reader_3_2.csv
2903,1,1,0,Reader_3_3.csv
2903,1,1,0,Reader_3_4.csv
2903,3,2,1,Reader_3_5.csv
2903,3,2,1,Reader_3_6.csv
2903,3,3,0,Reader_3_7.csv
2904,4,4,0,Reader_1_1.csv
2904,0,0,0,Reader_1_10.csv
2904,0,0,0,Reader_1_11.csv
2904,0,0,0,Reader_1_12.csv
2904,2,2,0,Reader_1_2.csv
2904,1,1,0,Reader_1_3.csv
2904,1,1,0,Reader_1_4.csv
2904,3,2,1,Reader_1_5.csv
2904,2,2,0,Reader_1_6.csv
2904,0,0,0,Reader_1_7.csv
2904,1,1,0,Reader_1_8.csv
2904,0,0,0,Reader_1_9.csv
2904,0,0,0,Reader_2_1.csv
2904,0,0,0,Reader_2_10.csv
2904,0,0,0,Reader_2_11.csv
2904,6,4,2,Reader_2_12.csv
2904,0,0,0,Reader_2_2.csv
2904,0,0,0,Reader_2_3.csv
2904,0,0,0,Reader_2_4.csv
2904,0,0,0,Reader_2_5.csv
2904,1,1,0,Reader_2_6.csv
2904,0,0,0,Reader_2_7.csv
2904,2,2,0,Reader_2_8.csv
2904,0,0,0,Reader_2_9.csv
2904,3,3,0,reader_3_1.csv
2904,5,4,1,Reader_3_2.csv
2904,1,1,0,Reader_3_3.csv
2904,1,1,0,Reader_3_4.csv
2904,2,1,1,Reader_3_5.csv
2904,3,2,1,Reader_3_6.csv
2904,4,3,1,Reader_3_7.csv
2905,5,5,0,Reader_1_1.csv
2905,0,0,0,Reader_1_10.csv
2905,0,0,0,Reader_1_11.csv
2905,0,0,0,Reader_1_12.csv
2905,2,2,0,Reader_1_2.csv
2905,1,1,0,Reader_1_3.csv
2905,1,1,0,Reader_1_4.csv
2905,3,2,1,Reader_1_5.csv
2905,2,2,0,Reader_1_6.csv
2905,0,0,0,Reader_1_7.csv
2905,1,1,0,Reader_1_8.csv
2905,0,0,0,Reader_1_9.csv
2905,0,0,0,Reader_2_1.csv
2905,0,0,0,Reader_2_10.csv
2905,0,0,0,Reader_2_11.csv
2905,7,5,2,Reader_2_12.csv
2905,0,0,0,Reader_2_2.csv
2905,0,0,0,Reader_2_3.csv
2905,0,0,0,Reader_2_4.csv
2905,0,0,0,Reader_2_5.csv
2905,2,2,0,Reader_2_6.csv
2905,0,0,0,Reader_2_7.csv
2905,2,2,0,Reader_2_8.csv
2905,0,0,0,Reader_2_9.csv
2905,3,3,0,reader_3_1.csv
2905,5,4,1,Reader_3_2.csv
2905,1,1,0,Reader_3_3.csv
2905,1,1,0,Reader_3_4.csv
2905,2,1,1,Reader_3_5.csv
2905,3,2,1,Reader_3_6.csv
2905,3,2,1,Reader_3_7.csv
2906,4,4,0,Reader_1_1.csv
2906,0,0,0,Reader_1_10.csv
2906,0,0,0,Reader_1_11.csv
2906,0,0,0,Reader_1_12.csv
2906,2,2,0,Reader_1_2.csv
2906,1,1,0,Reader_1_3.csv
2906,1,1,0,Reader_1_4.csv
2906,3,2,1,Reader_1_5.csv
2906,2,2,0,Reader_1_6.csv
2906,0,0,0,Reader_1_7.csv
2906,1,1,0,Reader_1_8.csv
2906,1,1,0,Reader_1_9.csv
2906,0,0,0,Reader_2_1.csv
2906,0,0,0,Reader_2_10.csv
2906,0,0,0,Reader_2_11.csv
2906,6,4,2,Reader_2_12.csv
2906,0,0,0,Reader_2_2.csv
2906,0,0,0,Reader_2_3.csv
2906,0,0,0,Reader_2_4.csv
2906,0,0,0,Reader_2_5.csv
2906,2,2,0,Reader_2_6.csv
2906,0,0,0,Reader_2_7.csv
2906,2,2,0,Reader_2_8.csv
2906,0,0,0,Reader_2_9.csv
2906,3,3,0,reader_3_1.csv
2906,4,4,0,Reader_3_2.csv
2906,1,1,0,Reader_3_3.csv
2906,1,1,0,Reader_3_4.csv
2906,1,0,1,Reader_3_5.csv
2906,1,1,0,Reader_3_6.csv
2906,2,1,1,Reader_3_7.csv
2907,4,4,0,Reader_1_1.csv
2907,0,0,0,Reader_1_10.csv
2907,0,0,0,Reader_1_11.csv
2907,0,0,0,Reader_1_12.csv
2907,3,3,0,Reader_1_2.csv
2907,1,1,0,Reader_1_3.csv
2907,0,0,0,Reader_1_4.csv
2907,1,1,0,Reader_1_5.csv
2907,2,2,0,Reader_1_6.csv
2907,0,0,0,Reader_1_7.csv
2907,1,1,0,Reader_1_8.csv
2907,1,1,0,Reader_1_9.csv
2907,0,0,0,Reader_2_1.csv
2907,0,0,0,Reader_2_10.csv
2907,0,0,0,Reader_2_11.csv
2907,6,4,2,Reader_2_12.csv
2907,0,0,0,Reader_2_2.csv
2907,0,0,0,Reader_2_3.csv
2907,0,0,0,Reader_2_4.csv
2907,0,0,0,Reader_2_5.csv
2907,2,2,0,Reader_2_6.csv
2907,0,0,0,Reader_2_7.csv
2907,2,2,0,Reader_2_8.csv
2907,0,0,0,Reader_2_9.csv
2907,3,3,0,reader_3_1.csv
2907,4,4,0,Reader_3_2.csv
2907,1,1,0,Reader_3_3.csv
2907,1,1,0,Reader_3_4.csv
2907,0,0,0,Reader_3_5.csv
2907,1,1,0,Reader_3_6.csv
2907,2,1,1,Reader_3_7.csv
2908,5,4,1,Reader_1_1.csv
2908,0,0,0,Reader_1_10.csv
2908,0,0,0,Reader_1_11.csv
2908,1,1,0,Reader_1_12.csv
2908,3,3,0,Reader_1_2.csv
2908,0,0,0,Reader_1_3.csv
2908,1,1,0,Reader_1_4.csv
2908,1,1,0,Reader_1_5.csv
2908,1,1,0,Reader_1_6.csv
2908,0,0,0,Reader_1_7.csv
2908,1,1,0,Reader_1_8.csv
2908,1,1,0,Reader_1_9.csv
2908,0,0,0,Reader_2_1.csv
2908,0,0,0,Reader_2_10.csv
2908,0,0,0,Reader_2_11.csv
2908,5,4,1,Reader_2_12.csv
2908,0,0,0,Reader_2_2.csv
2908,0,0,0,Reader_2_3.csv
2908,0,0,0,Reader_2_4.csv
2908,0,0,0,Reader_2_5.csv
2908,2,2,0,Reader_2_6.csv
2908,0,0,0,Reader_2_7.csv
2908,2,2,0,Reader_2_8.csv
2908,0,0,0,Reader_2_9.csv
2908,2,2,0,reader_3_1.csv
2908,3,3,0,Reader_3_2.csv
2908,1,1,0,Reader_3_3.csv
2908,1,1,0,Reader_3_4.csv
2908,0,0,0,Reader_3_5.csv
2908,2,2,0,Reader_3_6.csv
2908,2,1,1,Reader_3_7.csv
2909,5,4,1,Reader_1_1.csv
2909,0,0,0,Reader_1_10.csv
2909,1,1,0,Reader_1_11.csv
2909,1,1,0,Reader_1_12.csv
2909,3,3,0,Reader_1_2.csv
2909,0,0,0,Reader_1_3.csv
2909,1,1,0,Reader_1_4.csv
2909,1,1,0,Reader_1_5.csv
2909,0,0,0,Reader_1_6.csv
2909,0,0,0,Reader_1_7.csv
2909,1,1,0,Reader_1_8.csv
2909,1,1,0,Reader_1_9.csv
2909,0,0,0,Reader_2_1.csv
2909,0,0,0,Reader_2_10.csv
2909,0,0,0,Reader_2_11.csv
2909,5,4,1,Reader_2_12.csv
2909,0,0,0,Reader_2_2.csv
2909,0,0,0,Reader_2_3.csv
2909,0,0,0,Reader_2_4.csv
2909,0,0,0,Reader_2_5.csv
2909,2,2,0,Reader_2_6.csv
2909,0,0,0,Reader_2_7.csv
2909,1,0,1,Reader_2_8.csv
2909,0,0,0,Reader_2_9.csv
2909,1,1,0,reader_3_1.csv
2909,2,2,0,Reader_3_2.csv
2909,2,1,1,Reader_3_3.csv
2909,2,1,1,Reader_3_4.csv
2909,0,0,0,Reader_3_5.csv
2909,3,3,0,Reader_3_6.csv
2909,2,1,1,Reader_3_7.csv
2910,5,4,1,Reader_1_1.csv
2910,0,0,0,Reader_1_10.csv
2910,1,1,0,Reader_1_11.csv
2910,1,1,0,Reader_1_12.csv
2910,3,3,0,Reader_1_2.csv
2910,1,1,0,Reader_1_3.csv
2910,1,1,0,Reader_1_4.csv
2910,1,1,0,Reader_1_5.csv
2910,1,1,0,Reader_1_6.csv
2910,0,0,0,Reader_1_7.csv
2910,1,1,0,Reader_1_8.csv
2910,1,1,0,Reader_1_9.csv
2910,0,0,0,Reader_2_1.csv
2910,0,0,0,Reader_2_10.csv
2910,0,0,0,Reader_2_11.csv
2910,5,4,1,Reader_2_12.csv
2910,0,0,0,Reader_2_2.csv
2910,0,0,0,Reader_2_3.csv
2910,0,0,0,Reader_2_4.csv
2910,0,0,0,Reader_2_5.csv
2910,2,2,0,Reader_2_6.csv
2910,0,0,0,Reader_2_7.csv
2910,1,0,1,Reader_2_8.csv
2910,0,0,0,Reader_2_9.csv
2910,1,1,0,reader_3_1.csv
2910,2,2,0,Reader_3_2.csv
2910,2,1,1,Reader_3_3.csv
2910,2,1,1,Reader_3_4.csv
2910,0,0,0,Reader_3_5.csv
2910,5,4,1,Reader_3_6.csv
2910,2,1,1,Reader_3_7.csv
2911,5,4,1,Reader_1_1.csv
2911,0,0,0,Reader_1_10.csv
2911,1,1,0,Reader_1_11.csv
2911,1,1,0,Reader_1_12.csv
2911,3,3,0,Reader_1_2.csv
2911,2,1,1,Reader_1_3.csv
2911,1,1,0,Reader_1_4.csv
2911,1,1,0,Reader_1_5.csv
2911,1,1,0,Reader_1_6.csv
2911,0,0,0,Reader_1_7.csv
2911,0,0,0,Reader_1_8.csv
2911,1,1,0,Reader_1_9.csv
2911,1,0,1,Reader_2_1.csv
2911,0,0,0,Reader_2_10.csv
2911,0,0,0,Reader_2_11.csv
2911,3,3,0,Reader_2_12.csv
2911,0,0,0,Reader_2_2.csv
2911,0,0,0,Reader_2_3.csv
2911,0,0,0,Reader_2_4.csv
2911,0,0,0,Reader_2_5.csv
2911,2,2,0,Reader_2_6.csv
2911,0,0,0,Reader_2_7.csv
2911,1,0,1,Reader_2_8.csv
2911,0,0,0,Reader_2_9.csv
2911,0,0,0,reader_3_1.csv
2911,2,2,0,Reader_3_2.csv
2911,2,1,1,Reader_3_3.csv
2911,2,1,1,Reader_3_4.csv
2911,0,0,0,Reader_3_5.csv
2911,7,5,2,Reader_3_6.csv
2911,1,0,1,Reader_3_7.csv
2912,5,3,2,Reader_1_1.csv
2912,0,0,0,Reader_1_10.csv
2912,1,1,0,Reader_1_11.csv
2912,1,1,0,Reader_1_12.csv
2912,1,1,0,Reader_1_2.csv
2912,2,1,1,Reader_1_3.csv
2912,1,1,0,Reader_1_4.csv
2912,1,1,0,Reader_1_5.csv
2912,1,1,0,Reader_1_6.csv
2912,0,0,0,Reader_1_7.csv
2912,0,0,0,Reader_1_8.csv
2912,1,1,0,Reader_1_9.csv
2912,1,0,1,Reader_2_1.csv
2912,0,0,0,Reader_2_10.csv
2912,0,0,0,Reader_2_11.csv
2912,2,2,0,Reader_2_12.csv
2912,0,0,0,Reader_2_2.csv
2912,0,0,0,Reader_2_3.csv
2912,0,0,0,Reader_2_4.csv
2912,0,0,0,Reader_2_5.csv
2912,2,2,0,Reader_2_6.csv
2912,0,0,0,Reader_2_7.csv
2912,1,0,1,Reader_2_8.csv
2912,0,0,0,Reader_2_9.csv
2912,0,0,0,reader_3_1.csv
2912,2,1,1,Reader_3_2.csv
2912,2,1,1,Reader_3_3.csv
2912,2,1,1,Reader_3_4.csv
2912,1,1,0,Reader_3_5.csv
2912,10,8,2,Reader_3_6.csv
2912,0,0,0,Reader_3_7.csv
2913,3,1,2,Reader_1_1.csv
2913,0,0,0,Reader_1_10.csv
2913,1,1,0,Reader_1_11.csv
2913,2,2,0,Reader_1_12.csv
2913,1,1,0,Reader_1_2.csv
2913,2,1,1,Reader_1_3.csv
2913,1,1,0,Reader_1_4.csv
2913,1,1,0,Reader_1_5.csv
2913,1,1,0,Reader_1_6.csv
2913,0,0,0,Reader_1_7.csv
2913,0,0,0,Reader_1_8.csv
2913,1,1,0,Reader_1_9.csv
2913,1,0,1,Reader_2_1.csv
2913,0,0,0,Reader_2_10.csv
2913,0,0,0,Reader_2_11.csv
2913,1,1,0,Reader_2_12.csv
2913,0,0,0,Reader_2_2.csv
2913,0,0,0,Reader_2_3.csv
2913,0,0,0,Reader_2_4.csv
2913,0,0,0,Reader_2_5.csv
2913,0,0,0,Reader_2_6.csv
2913,0,0,0,Reader_2_7.csv
2913,1,0,1,Reader_2_8.csv
2913,0,0,0,Reader_2_9.csv
2913,0,0,0,reader_3_1.csv
2913,2,1,1,Reader_3_2.csv
2913,2,1,1,Reader_3_3.csv
2913,2,1,1,Reader_3_4.csv
2913,1,1,0,Reader_3_5.csv
2913,11,8,3,Reader_3_6.csv
2913,0,0,0,Reader_3_7.csv
2914,4,2,2,Reader_1_1.csv
2914,0,0,0,Reader_1_10.csv
2914,2,2,0,Reader_1_11.csv
2914,2,2,0,Reader_1_12.csv
2914,3,3,0,Reader_1_2.csv
2914,3,2,1,Reader_1_3.csv
2914,1,1,0,Reader_1_4.csv
2914,1,1,0,Reader_1_5.csv
2914,1,1,0,Reader_1_6.csv
2914,0,0,0,Reader_1_7.csv
2914,0,0,0,Reader_1_8.csv
2914,0,0,0,Reader_1_9.csv
2914,1,0,1,Reader_2_1.csv
2914,0,0,0,Reader_2_10.csv
2914,0,0,0,Reader_2_11.csv
2914,2,2,0,Reader_2_12.csv
2914,0,0,0,Reader_2_2.csv
2914,0,0,0,Reader_2_3.csv
2914,0,0,0,Reader_2_4.csv
2914,0,0,0,Reader_2_5.csv
2914,0,0,0,Reader_2_6.csv
2914,0,0,0,Reader_2_7.csv
2914,1,0,1,Reader_2_8.csv
2914,0,0,0,Reader_2_9.csv
2914,0,0,0,reader_3_1.csv
2914,2,1,1,Reader_3_2.csv
2914,2,1,1,Reader_3_3.csv
2914,2,1,1,Reader_3_4.csv
2914,1,1,0,Reader_3_5.csv
2914,11,8,3,Reader_3_6.csv
2914,0,0,0,Reader_3_7.csv
2915,8,5,3,Reader_1_1.csv
2915,0,0,0,Reader_1_10.csv
2915,2,2,0,Reader_1_11.csv
2915,2,2,0,Reader_1_12.csv
2915,2,2,0,Reader_1_2.csv
2915,3,2,1,Reader_1_3.csv
2915,1,1,0,Reader_1_4.csv
2915,1,1,0,Reader_1_5.csv
2915,1,1,0,Reader_1_6.csv
2915,0,0,0,Reader_1_7.csv
2915,0,0,0,Reader_1_8.csv
2915,0,0,0,Reader_1_9.csv
2915,1,0,1,Reader_2_1.csv
2915,0,0,0,Reader_2_10.csv
2915,0,0,0,Reader_2_11.csv
2915,3,3,0,Reader_2_12.csv
2915,0,0,0,Reader_2_2.csv
2915,0,0,0,Reader_2_3.csv
2915,0,0,0,Reader_2_4.csv
2915,1,0,1,Reader_2_5.csv
2915,0,0,0,Reader_2_6.csv
2915,0,0,0,Reader_2_7.csv
2915,1,0,1,Reader_2_8.csv
2915,0,0,0,Reader_2_9.csv
2915,0,0,0,reader_3_1.csv
2915,2,1,1,Reader_3_2.csv
2915,1,0,1,Reader_3_3.csv
2915,1,0,1,Reader_3_4.csv
2915,1,1,0,Reader_3_5.csv
2915,11,8,3,Reader_3_6.csv
2915,0,0,0,Reader_3_7.csv
2916,7,5,2,Reader_1_1.csv
2916,0,0,0,Reader_1_10.csv
2916,2,2,0,Reader_1_11.csv
2916,1,1,0,Reader_1_12.csv
2916,2,2,0,Reader_1_2.csv
2916,3,2,1,Reader_1_3.csv
2916,0,0,0,Reader_1_4.csv
2916,1,1,0,Reader_1_5.csv
2916,2,2,0,Reader_1_6.csv
2916,0,0,0,Reader_1_7.csv
2916,0,0,0,Reader_1_8.csv
2916,0,0,0,Reader_1_9.csv
2916,1,0,1,Reader_2_1.csv
2916,0,0,0,Reader_2_10.csv
2916,0,0,0,Reader_2_11.csv
2916,2,2,0,Reader_2_12.csv
2916,0,0,0,Reader_2_2.csv
2916,0,0,0,Reader_2_3.csv
2916,0,0,0,Reader_2_4.csv
2916,1,0,1,Reader_2_5.csv
2916,0,0,0,Reader_2_6.csv
2916,0,0,0,Reader_2_7.csv
2916,1,0,1,Reader_2_8.csv
2916,0,0,0,Reader_2_9.csv
2916,0,0,0,reader_3_1.csv
2916,3,2,1,Reader_3_2.csv
2916,2,0,2,Reader_3_3.csv
2916,2,0,2,Reader_3_4.csv
2916,1,1,0,Reader_3_5.csv
2916,12,9,3,Reader_3_6.csv
2916,0,0,0,Reader_3_7.csv
2917,8,6,2,Reader_1_1.csv
2917,0,0,0,Reader_1_10.csv
2917,1,1,0,Reader_1_11.csv
2917,1,1,0,Reader_1_12.csv
2917,3,2,1,Reader_1_2.csv
2917,3,2,1,Reader_1_3.csv
2917,0,0,0,Reader_1_4.csv
2917,1,1,0,Reader_1_5.csv
2917,2,2,0,Reader_1_6.csv
2917,0,0,0,Reader_1_7.csv
2917,0,0,0,Reader_1_8.csv
2917,0,0,0,Reader_1_9.csv
2917,1,0,1,Reader_2_1.csv
2917,0,0,0,Reader_2_10.csv
2917,0,0,0,Reader_2_11.csv
2917,2,2,0,Reader_2_12.csv
2917,0,0,0,Reader_2_2.csv
2917,0,0,0,Reader_2_3.csv
2917,0,0,0,Reader_2_4.csv
2917,1,0,1,Reader_2_5.csv
2917,0,0,0,Reader_2_6.csv
2917,0,0,0,Reader_2_7.csv
2917,0,0,0,Reader_2_8.csv
2917,0,0,0,Reader_2_9.csv
2917,0,0,0,reader_3_1.csv
2917,3,2,1,Reader_3_2.csv
2917,3,1,2,Reader_3_3.csv
2917,3,1,2,Reader_3_4.csv
2917,1,1,0,Reader_3_5.csv
2917,13,10,3,Reader_3_6.csv
2917,0,0,0,Reader_3_7.csv
2918,8,6,2,Reader_1_1.csv
2918,0,0,0,Reader_1_10.csv
2918,1,1,0,Reader_1_11.csv
2918,1,1,0,Reader_1_12.csv
2918,3,2,1,Reader_1_2.csv
2918,2,1,1,Reader_1_3.csv
2918,0,0,0,Reader_1_4.csv
2918,0,0,0,Reader_1_5.csv
2918,1,1,0,Reader_1_6.csv
2918,0,0,0,Reader_1_7.csv
2918,0,0,0,Reader_1_8.csv
2918,0,0,0,Reader_1_9.csv
2918,1,0,1,Reader_2_1.csv
2918,0,0,0,Reader_2_10.csv
2918,0,0,0,Reader_2_11.csv
2918,2,2,0,Reader_2_12.csv
2918,0,0,0,Reader_2_2.csv
2918,0,0,0,Reader_2_3.csv
2918,0,0,0,Reader_2_4.csv
2918,1,0,1,Reader_2_5.csv
2918,0,0,0,Reader_2_6.csv
2918,0,0,0,Reader_2_7.csv
2918,0,0,0,Reader_2_8.csv
2918,0,0,0,Reader_2_9.csv
2918,0,0,0,reader_3_1.csv
2918,4,3,1,Reader_3_2.csv
2918,4,1,3,Reader_3_3.csv
2918,4,1,3,Reader_3_4.csv
2918,1,1,0,Reader_3_5.csv
2918,15,13,2,Reader_3_6.csv
2918,0,0,0,Reader_3_7.csv
2919,8,6,2,Reader_1_1.csv
2919,0,0,0,Reader_1_10.csv
2919,1,1,0,Reader_1_11.csv
2919,3,2,1,Reader_1_12.csv
2919,3,2,1,Reader_1_2.csv
2919,2,2,0,Reader_1_3.csv
2919,0,0,0,Reader_1_4.csv
2919,0,0,0,Reader_1_5.csv
2919,1,1,0,Reader_1_6.csv
2919,0,0,0,Reader_1_7.csv
2919,0,0,0,Reader_1_8.csv
2919,0,0,0,Reader_1_9.csv
2919,0,0,0,Reader_2_1.csv
2919,0,0,0,Reader_2_10.csv
2919,0,0,0,Reader_2_11.csv
2919,2,2,0,Reader_2_12.csv
2919,0,0,0,Reader_2_2.csv
2919,0,0,0,Reader_2_3.csv
2919,0,0,0,Reader_2_4.csv
2919,1,0,1,Reader_2_5.csv
2919,0,0,0,Reader_2_6.csv
2919,0,0,0,Reader_2_7.csv
2919,0,0,0,Reader_2_8.csv
2919,0,0,0,Reader_2_9.csv
2919,1,0,1,reader_3_1.csv
2919,4,3,1,Reader_3_2.csv
2919,6,2,4,Reader_3_3.csv
2919,6,2,4,Reader_3_4.csv
2919,1,1,0,Reader_3_5.csv
2919,14,13,1,Reader_3_6.csv
2919,0,0,0,Reader_3_7.csv
2920,9,8,1,Reader_1_1.csv
2920,0,0,0,Reader_1_10.csv
2920,1,1,0,Reader_1_11.csv
2920,4,2,2,Reader_1_12.csv
2920,3,2,1,Reader_1_2.csv
2920,2,2,0,Reader_1_3.csv
2920,0,0,0,Reader_1_4.csv
2920,0,0,0,Reader_1_5.csv
2920,1,1,0,Reader_1_6.csv
2920,0,0,0,Reader_1_7.csv
2920,0,0,0,Reader_1_8.csv
2920,0,0,0,Reader_1_9.csv
2920,0,0,0,Reader_2_1.csv
2920,0,0,0,Reader_2_10.csv
2920,0,0,0,Reader_2_11.csv
2920,2,2,0,Reader_2_12.csv
2920,0,0,0,Reader_2_2.csv
2920,0,0,0,Reader_2_3.csv
2920,0,0,0,Reader_2_4.csv
2920,1,0,1,Reader_2_5.csv
2920,0,0,0,Reader_2_6.csv
2920,0,0,0,Reader_2_7.csv
2920,0,0,0,Reader_2_8.csv
2920,0,0,0,Reader_2_9.csv
2920,1,0,1,reader_3_1.csv
2920,3,3,0,Reader_3_2.csv
2920,6,2,4,Reader_3_3.csv
2920,6,2,4,Reader_3_4.csv
2920,0,0,0,Reader_3_5.csv
2920,11,9,2,Reader_3_6.csv
2920,0,0,0,Reader_3_7.csv
2921,9,8,1,Reader_1_1.csv
2921,0,0,0,Reader_1_10.csv
2921,1,1,0,Reader_1_11.csv
2921,3,1,2,Reader_1_12.csv
2921,3,2,1,Reader_1_2.csv
2921,3,2,1,Reader_1_3.csv
2921,0,0,0,Reader_1_4.csv
2921,2,1,1,Reader_1_5.csv
2921,1,1,0,Reader_1_6.csv
2921,0,0,0,Reader_1_7.csv
2921,0,0,0,Reader_1_8.csv
2921,0,0,0,Reader_1_9.csv
2921,0,0,0,Reader_2_1.csv
2921,0,0,0,Reader_2_10.csv
2921,0,0,0,Reader_2_11.csv
2921,2,2,0,Reader_2_12.csv
2921,0,0,0,Reader_2_2.csv
2921,0,0,0,Reader_2_3.csv
2921,0,0,0,Reader_2_4.csv
2921,1,0,1,Reader_2_5.csv
2921,0,0,0,Reader_2_6.csv
2921,0,0,0,Reader_2_7.csv
2921,0,0,0,Reader_2_8.csv
2921,0,0,0,Reader_2_9.csv
2921,1,0,1,reader_3_1.csv
2921,3,3,0,Reader_3_2.csv
2921,6,2,4,Reader_3_3.csv
2921,6,2,4,Reader_3_4.csv
2921,0,0,0,Reader_3_5.csv
2921,10,9,1,Reader_3_6.csv
2921,0,0,0,Reader_3_7.csv
2922,9,7,2,Reader_1_1.csv
2922,0,0,0,Reader_1_10.csv
2922,0,0,0,Reader_1_11.csv
2922,3,1,2,Reader_1_12.csv
2922,1,0,1,Reader_1_2.csv
2922,2,1,1,Reader_1_3.csv
2922,0,0,0,Reader_1_4.csv
2922,2,1,1,Reader_1_5.csv
2922,1,1,0,Reader_1_6.csv
2922,0,0,0,Reader_1_7.csv
2922,0,0,0,Reader_1_8.csv
2922,0,0,0,Reader_1_9.csv
2922,0,0,0,Reader_2_1.csv
2922,0,0,0,Reader_2_10.csv
2922,0,0,0,Reader_2_11.csv
2922,1,1,0,Reader_2_12.csv
2922,0,0,0,Reader_2_2.csv
2922,0,0,0,Reader_2_3.csv
2922,0,0,0,Reader_2_4.csv
2922,1,0,1,Reader_2_5.csv
2922,0,0,0,Reader_2_6.csv
2922,0,0,0,Reader_2_7.csv
2922,0,0,0,Reader_2_8.csv
2922,0,0,0,Reader_2_9.csv
2922,1,0,1,reader_3_1.csv
2922,3,3,0,Reader_3_2.csv
2922,8,4,4,Reader_3_3.csv
2922,8,4,4,Reader_3_4.csv
2922,0,0,0,Reader_3_5.csv
2922,11,10,1,Reader_3_6.csv
2922,0,0,0,Reader_3_7.csv
2923,6,5,1,Reader_1_1.csv
2923,0,0,0,Reader_1_10.csv
2923,1,1,0,Reader_1_11.csv
2923,3,1,2,Reader_1_12.csv
2923,2,1,1,Reader_1_2.csv
2923,2,1,1,Reader_1_3.csv
2923,0,0,0,Reader_1_4.csv
2923,2,1,1,Reader_1_5.csv
2923,2,2,0,Reader_1_6.csv
2923,0,0,0,Reader_1_7.csv
2923,0,0,0,Reader_1_8.csv
2923,0,0,0,Reader_1_9.csv
2923,1,1,0,Reader_2_1.csv
2923,0,0,0,Reader_2_10.csv
2923,0,0,0,Reader_2_11.csv
2923,0,0,0,Reader_2_12.csv
2923,0,0,0,Reader_2_2.csv
2923,0,0,0,Reader_2_3.csv
2923,0,0,0,Reader_2_4.csv
2923,0,0,0,Reader_2_5.csv
2923,0,0,0,Reader_2_6.csv
2923,0,0,0,Reader_2_7.csv
2923,0,0,0,Reader_2_8.csv
2923,0,0,0,Reader_2_9.csv
2923,1,0,1,reader_3_1.csv
2923,5,5,0,Reader_3_2.csv
2923,9,4,5,Reader_3_3.csv
2923,9,4,5,Reader_3_4.csv
2923,0,0,0,Reader_3_5.csv
2923,11,10,1,Reader_3_6.csv
2923,0,0,0,Reader_3_7.csv
2924,6,5,1,Reader_1_1.csv
2924,0,0,0,Reader_1_10.csv
2924,1,1,0,Reader_1_11.csv
2924,3,1,2,Reader_1_12.csv
2924,2,1,1,Reader_1_2.csv
2924,4,3,1,Reader_1_3.csv
2924,1,1,0,Reader_1_4.csv
2924,2,1,1,Reader_1_5.csv
2924,1,1,0,Reader_1_6.csv
2924,0,0,0,Reader_1_7.csv
2924,0,0,0,Reader_1_8.csv
2924,0,0,0,Reader_1_9.csv
2924,1,1,0,Reader_2_1.csv
2924,0,0,0,Reader_2_10.csv
2924,0,0,0,Reader_2_11.csv
2924,0,0,0,Reader_2_12.csv
2924,0,0,0,Reader_2_2.csv
2924,0,0,0,Reader_2_3.csv
2924,0,0,0,Reader_2_4.csv
2924,0,0,0,Reader_2_5.csv
2924,0,0,0,Reader_2_6.csv
2924,0,0,0,Reader_2_7.csv
2924,0,0,0,Reader_2_8.csv
2924,0,0,0,Reader_2_9.csv
2924,2,1,1,reader_3_1.csv
2924,5,5,0,Reader_3_2.csv
2924,8,4,4,Reader_3_3.csv
2924,8,4,4,Reader_3_4.csv
2924,0,0,0,Reader_3_5.csv
2924,9,8,1,Reader_3_6.csv
2924,0,0,0,Reader_3_7.csv
2925,6,5,1,Reader_1_1.csv
2925,1,1,0,Reader_1_10.csv
2925,1,1,0,Reader_1_11.csv
2925,4,2,2,Reader_1_12.csv
2925,1,1,0,Reader_1_2.csv
2925,4,3,1,Reader_1_3.csv
2925,1,1,0,Reader_1_4.csv
2925,3,2,1,Reader_1_5.csv
2925,1,1,0,Reader_1_6.csv
2925,0,0,0,Reader_1_7.csv
2925,0,0,0,Reader_1_8.csv
2925,0,0,0,Reader_1_9.csv
2925,1,1,0,Reader_2_1.csv
2925,0,0,0,Reader_2_10.csv
2925,0,0,0,Reader_2_11.csv
2925,0,0,0,Reader_2_12.csv
2925,0,0,0,Reader_2_2.csv
2925,0,0,0,Reader_2_3.csv
2925,0,0,0,Reader_2_4.csv
2925,0,0,0,Reader_2_5.csv
2925,0,0,0,Reader_2_6.csv
2925,0,0,0,Reader_2_7.csv
2925,0,0,0,Reader_2_8.csv
2925,0,0,0,Reader_2_9.csv
2925,3,2,1,reader_3_1.csv
2925,5,5,0,Reader_3_2.csv
2925,6,3,3,Reader_3_3.csv
2925,6,3,3,Reader_3_4.csv
2925,0,0,0,Reader_3_5.csv
2925,7,6,1,Reader_3_6.csv
2925,0,0,0,Reader_3_7.csv
2926,6,5,1,Reader_1_1.csv
2926,1,1,0,Reader_1_10.csv
2926,2,2,0,Reader_1_11.csv
2926,5,2,3,Reader_1_12.csv
2926,3,3,0,Reader_1_2.csv
2926,4,3,1,Reader_1_3.csv
2926,1,1,0,Reader_1_4.csv
2926,3,2,1,Reader_1_5.csv
2926,1,1,0,Reader_1_6.csv
2926,1,1,0,Reader_1_7.csv
2926,1,1,0,Reader_1_8.csv
2926,0,0,0,Reader_1_9.csv
2926,1,1,0,Reader_2_1.csv
2926,0,0,0,Reader_2_10.csv
2926,0,0,0,Reader_2_11.csv
2926,0,0,0,Reader_2_12.csv
2926,0,0,0,Reader_2_2.csv
2926,0,0,0,Reader_2_3.csv
2926,0,0,0,Reader_2_4.csv
2926,0,0,0,Reader_2_5.csv
2926,0,0,0,Reader_2_6.csv
2926,0,0,0,Reader_2_7.csv
2926,0,0,0,Reader_2_8.csv
2926,0,0,0,Reader_2_9.csv
2926,4,2,2,reader_3_1.csv
2926,5,5,0,Reader_3_2.csv
2926,5,3,2,Reader_3_3.csv
2926,5,3,2,Reader_3_4.csv
2926,0,0,0,Reader_3_5.csv
2926,5,4,1,Reader_3_6.csv
2926,0,0,0,Reader_3_7.csv
2927,6,5,1,Reader_1_1.csv
2927,1,1,0,Reader_1_10.csv
2927,2,2,0,Reader_1_11.csv
2927,3,1,2,Reader_1_12.csv
2927,4,4,0,Reader_1_2.csv
2927,4,3,1,Reader_1_3.csv
2927,1,1,0,Reader_1_4.csv
2927,3,2,1,Reader_1_5.csv
2927,1,1,0,Reader_1_6.csv
2927,1,1,0,Reader_1_7.csv
2927,1,1,0,Reader_1_8.csv
2927,0,0,0,Reader_1_9.csv
2927,1,1,0,Reader_2_1.csv
2927,0,0,0,Reader_2_10.csv
2927,0,0,0,Reader_2_11.csv
2927,0,0,0,Reader_2_12.csv
2927,0,0,0,Reader_2_2.csv
2927,0,0,0,Reader_2_3.csv
2927,0,0,0,Reader_2_4.csv
2927,0,0,0,Reader_2_5.csv
2927,0,0,0,Reader_2_6.csv
2927,0,0,0,Reader_2_7.csv
2927,0,0,0,Reader_2_8.csv
2927,0,0,0,Reader_2_9.csv
2927,3,2,1,reader_3_1.csv
2927,5,5,0,Reader_3_2.csv
2927,3,2,1,Reader_3_3.csv
2927,3,2,1,Reader_3_4.csv
2927,0,0,0,Reader_3_5.csv
2927,4,3,1,Reader_3_6.csv
2927,0,0,0,Reader_3_7.csv
2928,7,5,2,Reader_1_1.csv
2928,1,1,0,Reader_1_10.csv
2928,2,2,0,Reader_1_11.csv
2928,2,1,1,Reader_1_12.csv
2928,4,4,0,Reader_1_2.csv
2928,4,3,1,Reader_1_3.csv
2928,1,1,0,Reader_1_4.csv
2928,5,4,1,Reader_1_5.csv
2928,1,1,0,Reader_1_6.csv
2928,1,1,0,Reader_1_7.csv
2928,1,1,0,Reader_1_8.csv
2928,0,0,0,Reader_1_9.csv
2928,2,1,1,Reader_2_1.csv
2928,0,0,0,Reader_2_10.csv
2928,0,0,0,Reader_2_11.csv
2928,1,1,0,Reader_2_12.csv
2928,0,0,0,Reader_2_2.csv
2928,0,0,0,Reader_2_3.csv
2928,0,0,0,Reader_2_4.csv
2928,0,0,0,Reader_2_5.csv
2928,0,0,0,Reader_2_6.csv
2928,0,0,0,Reader_2_7.csv
2928,0,0,0,Reader_2_8.csv
2928,0,0,0,Reader_2_9.csv
2928,5,3,2,reader_3_1.csv
2928,5,5,0,Reader_3_2.csv
2928,5,3,2,Reader_3_3.csv
2928,5,3,2,Reader_3_4.csv
2928,1,1,0,Reader_3_5.csv
2928,3,3,0,Reader_3_6.csv
2928,0,0,0,Reader_3_7.csv
2929,8,5,3,Reader_1_1.csv
2929,1,1,0,Reader_1_10.csv
2929,2,2,0,Reader_1_11.csv
2929,2,1,1,Reader_1_12.csv
2929,4,4,0,Reader_1_2.csv
2929,3,3,0,Reader_1_3.csv
2929,1,1,0,Reader_1_4.csv
2929,5,5,0,Reader_1_5.csv
2929,1,1,0,Reader_1_6.csv
2929,1,1,0,Reader_1_7.csv
2929,1,1,0,Reader_1_8.csv
2929,0,0,0,Reader_1_9.csv
2929,3,2,1,Reader_2_1.csv
2929,0,0,0,Reader_2_10.csv
2929,0,0,0,Reader_2_11.csv
2929,1,1,0,Reader_2_12.csv
2929,0,0,0,Reader_2_2.csv
2929,0,0,0,Reader_2_3.csv
2929,0,0,0,Reader_2_4.csv
2929,0,0,0,Reader_2_5.csv
2929,0,0,0,Reader_2_6.csv
2929,0,0,0,Reader_2_7.csv
2929,0,0,0,Reader_2_8.csv
2929,0,0,0,Reader_2_9.csv
2929,5,3,2,reader_3_1.csv
2929,5,5,0,Reader_3_2.csv
2929,5,3,2,Reader_3_3.csv
2929,5,3,2,Reader_3_4.csv
2929,2,2,0,Reader_3_5.csv
2929,4,4,0,Reader_3_6.csv
2929,0,0,0,Reader_3_7.csv
2930,7,5,2,Reader_1_1.csv
2930,1,1,0,Reader_1_10.csv
2930,3,2,1,Reader_1_11.csv
2930,2,1,1,Reader_1_12.csv
2930,4,4,0,Reader_1_2.csv
2930,3,3,0,Reader_1_3.csv
2930,1,1,0,Reader_1_4.csv
2930,6,6,0,Reader_1_5.csv
2930,2,2,0,Reader_1_6.csv
2930,2,2,0,Reader_1_7.csv
2930,1,1,0,Reader_1_8.csv
2930,0,0,0,Reader_1_9.csv
2930,3,2,1,Reader_2_1.csv
2930,0,0,0,Reader_2_10.csv
2930,0,0,0,Reader_2_11.csv
2930,1,1,0,Reader_2_12.csv
2930,0,0,0,Reader_2_2.csv
2930,0,0,0,Reader_2_3.csv
2930,0,0,0,Reader_2_4.csv
2930,0,0,0,Reader_2_5.csv
2930,0,0,0,Reader_2_6.csv
2930,0,0,0,Reader_2_7.csv
2930,0,0,0,Reader_2_8.csv
2930,0,0,0,Reader_2_9.csv
2930,6,4,2,reader_3_1.csv
2930,6,6,0,Reader_3_2.csv
2930,4,1,3,Reader_3_3.csv
2930,4,1,3,Reader_3_4.csv
2930,2,2,0,Reader_3_5.csv
2930,5,5,0,Reader_3_6.csv
2930,0,0,0,Reader_3_7.csv
2931,6,4,2,Reader_1_1.csv
2931,1,1,0,Reader_1_10.csv
2931,3,1,2,Reader_1_11.csv
2931,2,1,1,Reader_1_12.csv
2931,4,4,0,Reader_1_2.csv
2931,3,3,0,Reader_1_3.csv
2931,1,1,0,Reader_1_4.csv
2931,6,6,0,Reader_1_5.csv
2931,2,2,0,Reader_1_6.csv
2931,2,2,0,Reader_1_7.csv
2931,1,1,0,Reader_1_8.csv
2931,0,0,0,Reader_1_9.csv
2931,3,2,1,Reader_2_1.csv
2931,0,0,0,Reader_2_10.csv
2931,0,0,0,Reader_2_11.csv
2931,2,1,1,Reader_2_12.csv
2931,0,0,0,Reader_2_2.csv
2931,0,0,0,Reader_2_3.csv
2931,0,0,0,Reader_2_4.csv
2931,0,0,0,Reader_2_5.csv
2931,0,0,0,Reader_2_6.csv
2931,0,0,0,Reader_2_7.csv
2931,0,0,0,Reader_2_8.csv
2931,0,0,0,Reader_2_9.csv
2931,6,4,2,reader_3_1.csv
2931,6,5,1,Reader_3_2.csv
2931,3,1,2,Reader_3_3.csv
2931,3,1,2,Reader_3_4.csv
2931,2,2,0,Reader_3_5.csv
2931,6,5,1,Reader_3_6.csv
2931,0,0,0,Reader_3_7.csv
2932,7,5,2,Reader_1_1.csv
2932,1,1,0,Reader_1_10.csv
2932,3,1,2,Reader_1_11.csv
2932,2,1,1,Reader_1_12.csv
2932,4,4,0,Reader_1_2.csv
2932,2,2,0,Reader_1_3.csv
2932,0,0,0,Reader_1_4.csv
2932,6,6,0,Reader_1_5.csv
2932,2,2,0,Reader_1_6.csv
2932,3,3,0,Reader_1_7.csv
2932,1,1,0,Reader_1_8.csv
2932,0,0,0,Reader_1_9.csv
2932,3,2,1,Reader_2_1.csv
2932,0,0,0,Reader_2_10.csv
2932,0,0,0,Reader_2_11.csv
2932,2,1,1,Reader_2_12.csv
2932,0,0,0,Reader_2_2.csv
2932,0,0,0,Reader_2_3.csv
2932,0,0,0,Reader_2_4.csv
2932,0,0,0,Reader_2_5.csv
2932,0,0,0,Reader_2_6.csv
2932,0,0,0,Reader_2_7.csv
2932,0,0,0,Reader_2_8.csv
2932,0,0,0,Reader_2_9.csv
2932,5,3,2,reader_3_1.csv
2932,6,5,1,Reader_3_2.csv
2932,4,2,2,Reader_3_3.csv
2932,4,2,2,Reader_3_4.csv
2932,3,2,1,Reader_3_5.csv
2932,6,5,1,Reader_3_6.csv
2932,2,2,0,Reader_3_7.csv
2933,6,4,2,Reader_1_1.csv
2933,0,0,0,Reader_1_10.csv
2933,3,1,2,Reader_1_11.csv
2933,1,0,1,Reader_1_12.csv
2933,4,4,0,Reader_1_2.csv
2933,2,2,0,Reader_1_3.csv
2933,0,0,0,Reader_1_4.csv
2933,5,5,0,Reader_1_5.csv
2933,2,2,0,Reader_1_6.csv
2933,3,3,0,Reader_1_7.csv
2933,1,1,0,Reader_1_8.csv
2933,0,0,0,Reader_1_9.csv
2933,3,2,1,Reader_2_1.csv
2933,0,0,0,Reader_2_10.csv
2933,0,0,0,Reader_2_11.csv
2933,3,2,1,Reader_2_12.csv
2933,0,0,0,Reader_2_2.csv
2933,0,0,0,Reader_2_3.csv
2933,0,0,0,Reader_2_4.csv
2933,0,0,0,Reader_2_5.csv
2933,0,0,0,Reader_2_6.csv
2933,0,0,0,Reader_2_7.csv
2933,0,0,0,Reader_2_8.csv
2933,0,0,0,Reader_2_9.csv
2933,4,2,2,reader_3_1.csv
2933,6,5,1,Reader_3_2.csv
2933,4,2,2,Reader_3_3.csv
2933,4,2,2,Reader_3_4.csv
2933,3,2,1,Reader_3_5.csv
2933,7,6,1,Reader_3_6.csv
2933,2,2,0,Reader_3_7.csv
2934,7,5,2,Reader_1_1.csv
2934,0,0,0,Reader_1_10.csv
2934,2,0,2,Reader_1_11.csv
2934,0,0,0,Reader_1_12.csv
2934,2,2,0,Reader_1_2.csv
2934,2,2,0,Reader_1_3.csv
2934,0,0,0,Reader_1_4.csv
2934,6,6,0,Reader_1_5.csv
2934,2,2,0,Reader_1_6.csv
2934,2,2,0,Reader_1_7.csv
2934,0,0,0,Reader_1_8.csv
2934,0,0,0,Reader_1_9.csv
2934,3,2,1,Reader_2_1.csv
2934,0,0,0,Reader_2_10.csv
2934,0,0,0,Reader_2_11.csv
2934,3,2,1,Reader_2_12.csv
2934,0,0,0,Reader_2_2.csv
2934,0,0,0,Reader_2_3.csv
2934,0,0,0,Reader_2_4.csv
2934,0,0,0,Reader_2_5.csv
2934,0,0,0,Reader_2_6.csv
2934,0,0,0,Reader_2_7.csv
2934,0,0,0,Reader_2_8.csv
2934,0,0,0,Reader_2_9.csv
2934,3,2,1,reader_3_1.csv
2934,5,4,1,Reader_3_2.csv
2934,6,3,3,Reader_3_3.csv
2934,6,3,3,Reader_3_4.csv
2934,3,2,1,Reader_3_5.csv
2934,7,5,2,Reader_3_6.csv
2934,2,2,0,Reader_3_7.csv
2935,7,5,2,Reader_1_1.csv
2935,0,0,0,Reader_1_10.csv
2935,4,0,4,Reader_1_11.csv
2935,0,0,0,Reader_1_12.csv
2935,1,1,0,Reader_1_2.csv
2935,2,2,0,Reader_1_3.csv
2935,0,0,0,Reader_1_4.csv
2935,7,7,0,Reader_1_5.csv
2935,2,2,0,Reader_1_6.csv
2935,3,3,0,Reader_1_7.csv
2935,0,0,0,Reader_1_8.csv
2935,0,0,0,Reader_1_9.csv
2935,3,2,1,Reader_2_1.csv
2935,0,0,0,Reader_2_10.csv
2935,0,0,0,Reader_2_11.csv
2935,4,3,1,Reader_2_12.csv
2935,0,0,0,Reader_2_2.csv
2935,0,0,0,Reader_2_3.csv
2935,0,0,0,Reader_2_4.csv
2935,0,0,0,Reader_2_5.csv
2935,0,0,0,Reader_2_6.csv
2935,0,0,0,Reader_2_7.csv
2935,0,0,0,Reader_2_8.csv
2935,0,0,0,Reader_2_9.csv
2935,6,4,2,reader_3_1.csv
2935,4,3,1,Reader_3_2.csv
2935,6,3,3,Reader_3_3.csv
2935,6,3,3,Reader_3_4.csv
2935,3,2,1,Reader_3_5.csv
2935,10,7,3,Reader_3_6.csv
2935,2,2,0,Reader_3_7.csv
2936,5,4,1,Reader_1_1.csv
2936,0,0,0,Reader_1_10.csv
2936,5,1,4,Reader_1_11.csv
2936,1,1,0,Reader_1_12.csv
2936,1,1,0,Reader_1_2.csv
2936,2,2,0,Reader_1_3.csv
2936,0,0,0,Reader_1_4.csv
2936,5,5,0,Reader_1_5.csv
2936,2,2,0,Reader_1_6.csv
2936,3,3,0,Reader_1_7.csv
2936,1,1,0,Reader_1_8.csv
2936,0,0,0,Reader_1_9.csv
2936,2,2,0,Reader_2_1.csv
2936,0,0,0,Reader_2_10.csv
2936,0,0,0,Reader_2_11.csv
2936,3,2,1,Reader_2_12.csv
2936,0,0,0,Reader_2_2.csv
2936,0,0,0,Reader_2_3.csv
2936,0,0,0,Reader_2_4.csv
2936,0,0,0,Reader_2_5.csv
2936,0,0,0,Reader_2_6.csv
2936,0,0,0,Reader_2_7.csv
2936,0,0,0,Reader_2_8.csv
2936,0,0,0,Reader_2_9.csv
2936,5,4,1,reader_3_1.csv
2936,5,4,1,Reader_3_2.csv
2936,4,2,2,Reader_3_3.csv
2936,4,2,2,Reader_3_4.csv
2936,2,1,1,Reader_3_5.csv
2936,12,8,4,Reader_3_6.csv
2936,2,2,0,Reader_3_7.csv
2937,6,5,1,Reader_1_1.csv
2937,0,0,0,Reader_1_10.csv
2937,5,1,4,Reader_1_11.csv
2937,1,1,0,Reader_1_12.csv
2937,1,1,0,Reader_1_2.csv
2937,2,2,0,Reader_1_3.csv
2937,0,0,0,Reader_1_4.csv
2937,3,3,0,Reader_1_5.csv
2937,2,2,0,Reader_1_6.csv
2937,3,3,0,Reader_1_7.csv
2937,1,1,0,Reader_1_8.csv
2937,0,0,0,Reader_1_9.csv
2937,1,1,0,Reader_2_1.csv
2937,0,0,0,Reader_2_10.csv
2937,0,0,0,Reader_2_11.csv
2937,3,2,1,Reader_2_12.csv
2937,0,0,0,Reader_2_2.csv
2937,0,0,0,Reader_2_3.csv
2937,0,0,0,Reader_2_4.csv
2937,0,0,0,Reader_2_5.csv
2937,0,0,0,Reader_2_6.csv
2937,0,0,0,Reader_2_7.csv
2937,0,0,0,Reader_2_8.csv
2937,0,0,0,Reader_2_9.csv
2937,6,5,1,reader_3_1.csv
2937,6,5,1,Reader_3_2.csv
2937,4,2,2,Reader_3_3.csv
2937,4,2,2,Reader_3_4.csv
2937,1,0,1,Reader_3_5.csv
2937,11,7,4,Reader_3_6.csv
2937,2,2,0,Reader_3_7.csv
2938,8,7,1,Reader_1_1.csv
2938,0,0,0,Reader_1_10.csv
2938,5,2,3,Reader_1_11.csv
2938,1,1,0,Reader_1_12.csv
2938,3,2,1,Reader_1_2.csv
2938,2,2,0,Reader_1_3.csv
2938,0,0,0,Reader_1_4.csv
2938,2,2,0,Reader_1_5.csv
2938,1,1,0,Reader_1_6.csv
2938,2,2,0,Reader_1_7.csv
2938,1,1,0,Reader_1_8.csv
2938,0,0,0,Reader_1_9.csv
2938,1,1,0,Reader_2_1.csv
2938,0,0,0,Reader_2_10.csv
2938,0,0,0,Reader_2_11.csv
2938,3,2,1,Reader_2_12.csv
2938,0,0,0,Reader_2_2.csv
2938,0,0,0,Reader_2_3.csv
2938,0,0,0,Reader_2_4.csv
2938,0,0,0,Reader_2_5.csv
2938,0,0,0,Reader_2_6.csv
2938,0,0,0,Reader_2_7.csv
2938,1,1,0,Reader_2_8.csv
2938,0,0,0,Reader_2_9.csv
2938,6,5,1,reader_3_1.csv
2938,5,4,1,Reader_3_2.csv
2938,4,3,1,Reader_3_3.csv
2938,4,3,1,Reader_3_4.csv
2938,1,0,1,Reader_3_5.csv
2938,11,7,4,Reader_3_6.csv
2938,4,4,0,Reader_3_7.csv
2939,10,9,1,Reader_1_1.csv
2939,0,0,0,Reader_1_10.csv
2939,4,2,2,Reader_1_11.csv
2939,1,1,0,Reader_1_12.csv
2939,4,3,1,Reader_1_2.csv
2939,3,2,1,Reader_1_3.csv
2939,0,0,0,Reader_1_4.csv
2939,2,2,0,Reader_1_5.csv
2939,0,0,0,Reader_1_6.csv
2939,2,2,0,Reader_1_7.csv
2939,1,1,0,Reader_1_8.csv
2939,0,0,0,Reader_1_9.csv
2939,0,0,0,Reader_2_1.csv
2939,0,0,0,Reader_2_10.csv
2939,0,0,0,Reader_2_11.csv
2939,2,2,0,Reader_2_12.csv
2939,0,0,0,Reader_2_2.csv
2939,0,0,0,Reader_2_3.csv
2939,0,0,0,Reader_2_4.csv
2939,0,0,0,Reader_2_5.csv
2939,0,0,0,Reader_2_6.csv
2939,0,0,0,Reader_2_7.csv
2939,1,1,0,Reader_2_8.csv
2939,0,0,0,Reader_2_9.csv
2939,6,5,1,reader_3_1.csv
2939,4,3,1,Reader_3_2.csv
2939,5,4,1,Reader_3_3.csv
2939,5,4,1,Reader_3_4.csv
2939,1,0,1,Reader_3_5.csv
2939,12,9,3,Reader_3_6.csv
2939,4,4,0,Reader_3_7.csv
2940,9,8,1,Reader_1_1.csv
2940,0,0,0,Reader_1_10.csv
2940,4,2,2,Reader_1_11.csv
2940,1,1,0,Reader_1_12.csv
2940,5,4,1,Reader_1_2.csv
2940,3,2,1,Reader_1_3.csv
2940,0,0,0,Reader_1_4.csv
2940,2,2,0,Reader_1_5.csv
2940,0,0,0,Reader_1_6.csv
2940,2,2,0,Reader_1_7.csv
2940,1,1,0,Reader_1_8.csv
2940,0,0,0,Reader_1_9.csv
2940,0,0,0,Reader_2_1.csv
2940,0,0,0,Reader_2_10.csv
2940,0,0,0,Reader_2_11.csv
2940,2,2,0,Reader_2_12.csv
2940,0,0,0,Reader_2_2.csv
2940,0,0,0,Reader_2_3.csv
2940,0,0,0,Reader_2_4.csv
2940,0,0,0,Reader_2_5.csv
2940,1,1,0,Reader_2_6.csv
2940,0,0,0,Reader_2_7.csv
2940,1,1,0,Reader_2_8.csv
2940,0,0,0,Reader_2_9.csv
2940,7,6,1,reader_3_1.csv
2940,4,3,1,Reader_3_2.csv
2940,4,3,1,Reader_3_3.csv
2940,4,3,1,Reader_3_4.csv
2940,0,0,0,Reader_3_5.csv
2940,13,10,3,Reader_3_6.csv
2940,4,4,0,Reader_3_7.csv
2941,9,8,1,Reader_1_1.csv
2941,0,0,0,Reader_1_10.csv
2941,5,3,2,Reader_1_11.csv
2941,1,1,0,Reader_1_12.csv
2941,7,6,1,Reader_1_2.csv
2941,3,2,1,Reader_1_3.csv
2941,0,0,0,Reader_1_4.csv
2941,2,2,0,Reader_1_5.csv
2941,0,0,0,Reader_1_6.csv
2941,2,2,0,Reader_1_7.csv
2941,1,1,0,Reader_1_8.csv
2941,0,0,0,Reader_1_9.csv
2941,0,0,0,Reader_2_1.csv
2941,0,0,0,Reader_2_10.csv
2941,0,0,0,Reader_2_11.csv
2941,2,2,0,Reader_2_12.csv
2941,0,0,0,Reader_2_2.csv
2941,0,0,0,Reader_2_3.csv
2941,0,0,0,Reader_2_4.csv
2941,0,0,0,Reader_2_5.csv
2941,1,1,0,Reader_2_6.csv
2941,0,0,0,Reader_2_7.csv
2941,1,1,0,Reader_2_8.csv
2941,0,0,0,Reader_2_9.csv
2941,10,9,1,reader_3_1.csv
2941,5,4,1,Reader_3_2.csv
2941,5,4,1,Reader_3_3.csv
2941,5,4,1,Reader_3_4.csv
2941,0,0,0,Reader_3_5.csv
2941,14,11,3,Reader_3_6.csv
2941,4,4,0,Reader_3_7.csv
2942,8,7,1,Reader_1_1.csv
2942,0,0,0,Reader_1_10.csv
2942,5,3,2,Reader_1_11.csv
2942,2,1,1,Reader_1_12.csv
2942,9,8,1,Reader_1_2.csv
2942,3,2,1,Reader_1_3.csv
2942,0,0,0,Reader_1_4.csv
2942,2,2,0,Reader_1_5.csv
2942,0,0,0,Reader_1_6.csv
2942,2,2,0,Reader_1_7.csv
2942,1,1,0,Reader_1_8.csv
2942,0,0,0,Reader_1_9.csv
2942,0,0,0,Reader_2_1.csv
2942,0,0,0,Reader_2_10.csv
2942,0,0,0,Reader_2_11.csv
2942,3,3,0,Reader_2_12.csv
2942,0,0,0,Reader_2_2.csv
2942,0,0,0,Reader_2_3.csv
2942,0,0,0,Reader_2_4.csv
2942,0,0,0,Reader_2_5.csv
2942,1,1,0,Reader_2_6.csv
2942,0,0,0,Reader_2_7.csv
2942,1,1,0,Reader_2_8.csv
2942,0,0,0,Reader_2_9.csv
2942,12,11,1,reader_3_1.csv
2942,5,4,1,Reader_3_2.csv
2942,5,4,1,Reader_3_3.csv
2942,5,4,1,Reader_3_4.csv
2942,0,0,0,Reader_3_5.csv
2942,13,11,2,Reader_3_6.csv
2942,5,5,0,Reader_3_7.csv
2943,8,7,1,Reader_1_1.csv
2943,0,0,0,Reader_1_10.csv
2943,3,3,0,Reader_1_11.csv
2943,2,1,1,Reader_1_12.csv
2943,10,9,1,Reader_1_2.csv
2943,2,1,1,Reader_1_3.csv
2943,0,0,0,Reader_1_4.csv
2943,1,1,0,Reader_1_5.csv
2943,0,0,0,Reader_1_6.csv
2943,1,1,0,Reader_1_7.csv
2943,1,1,0,Reader_1_8.csv
2943,0,0,0,Reader_1_9.csv
2943,0,0,0,Reader_2_1.csv
2943,0,0,0,Reader_2_10.csv
2943,0,0,0,Reader_2_11.csv
2943,2,2,0,Reader_2_12.csv
2943,0,0,0,Reader_2_2.csv
2943,0,0,0,Reader_2_3.csv
2943,0,0,0,Reader_2_4.csv
2943,0,0,0,Reader_2_5.csv
2943,1,1,0,Reader_2_6.csv
2943,0,0,0,Reader_2_7.csv
2943,1,1,0,Reader_2_8.csv
2943,0,0,0,Reader_2_9.csv
2943,9,9,0,reader_3_1.csv
2943,7,6,1,Reader_3_2.csv
2943,5,4,1,Reader_3_3.csv
2943,5,4,1,Reader_3_4.csv
2943,0,0,0,Reader_3_5.csv
2943,12,11,1,Reader_3_6.csv
2943,6,6,0,Reader_3_7.csv
2944,7,6,1,Reader_1_1.csv
2944,0,0,0,Reader_1_10.csv
2944,2,2,0,Reader_1_11.csv
2944,1,0,1,Reader_1_12.csv
2944,13,12,1,Reader_1_2.csv
2944,3,2,1,Reader_1_3.csv
2944,0,0,0,Reader_1_4.csv
2944,1,1,0,Reader_1_5.csv
2944,0,0,0,Reader_1_6.csv
2944,1,1,0,Reader_1_7.csv
2944,0,0,0,Reader_1_8.csv
2944,0,0,0,Reader_1_9.csv
2944,0,0,0,Reader_2_1.csv
2944,0,0,0,Reader_2_10.csv
2944,0,0,0,Reader_2_11.csv
2944,2,2,0,Reader_2_12.csv
2944,0,0,0,Reader_2_2.csv
2944,0,0,0,Reader_2_3.csv
2944,0,0,0,Reader_2_4.csv
2944,0,0,0,Reader_2_5.csv
2944,1,1,0,Reader_2_6.csv
2944,0,0,0,Reader_2_7.csv
2944,2,2,0,Reader_2_8.csv
2944,0,0,0,Reader_2_9.csv
2944,9,9,0,reader_3_1.csv
2944,6,5,1,Reader_3_2.csv
2944,5,4,1,Reader_3_3.csv
2944,5,4,1,Reader_3_4.csv
2944,0,0,0,Reader_3_5.csv
2944,10,10,0,Reader_3_6.csv
2944,6,6,0,Reader_3_7.csv
2945,5,5,0,Reader_1_1.csv
2945,0,0,0,Reader_1_10.csv
2945,2,2,0,Reader_1_11.csv
2945,1,0,1,Reader_1_12.csv
2945,15,14,1,Reader_1_2.csv
2945,4,2,2,Reader_1_3.csv
2945,0,0,0,Reader_1_4.csv
2945,1,1,0,Reader_1_5.csv
2945,1,1,0,Reader_1_6.csv
2945,1,1,0,Reader_1_7.csv
2945,0,0,0,Reader_1_8.csv
2945,0,0,0,Reader_1_9.csv
2945,0,0,0,Reader_2_1.csv
2945,0,0,0,Reader_2_10.csv
2945,0,0,0,Reader_2_11.csv
2945,2,2,0,Reader_2_12.csv
2945,0,0,0,Reader_2_2.csv
2945,0,0,0,Reader_2_3.csv
2945,0,0,0,Reader_2_4.csv
2945,0,0,0,Reader_2_5.csv
2945,2,2,0,Reader_2_6.csv
2945,0,0,0,Reader_2_7.csv
2945,2,2,0,Reader_2_8.csv
2945,0,0,0,Reader_2_9.csv
2945,8,8,0,reader_3_1.csv
2945,5,4,1,Reader_3_2.csv
2945,5,4,1,Reader_3_3.csv
2945,5,4,1,Reader_3_4.csv
2945,0,0,0,Reader_3_5.csv
2945,10,10,0,Reader_3_6.csv
2945,6,6,0,Reader_3_7.csv
2946,3,3,0,Reader_1_1.csv
2946,0,0,0,Reader_1_10.csv
2946,1,1,0,Reader_1_11.csv
2946,1,0,1,Reader_1_12.csv
2946,16,16,0,Reader_1_2.csv
2946,5,2,3,Reader_1_3.csv
2946,0,0,0,Reader_1_4.csv
2946,2,2,0,Reader_1_5.csv
2946,1,1,0,Reader_1_6.csv
2946,1,1,0,Reader_1_7.csv
2946,0,0,0,Reader_1_8.csv
2946,0,0,0,Reader_1_9.csv
2946,0,0,0,Reader_2_1.csv
2946,0,0,0,Reader_2_10.csv
2946,0,0,0,Reader_2_11.csv
2946,2,2,0,Reader_2_12.csv
2946,0,0,0,Reader_2_2.csv
2946,0,0,0,Reader_2_3.csv
2946,0,0,0,Reader_2_4.csv
2946,0,0,0,Reader_2_5.csv
2946,2,2,0,Reader_2_6.csv
2946,0,0,0,Reader_2_7.csv
2946,1,1,0,Reader_2_8.csv
2946,0,0,0,Reader_2_9.csv
2946,7,7,0,reader_3_1.csv
2946,5,4,1,Reader_3_2.csv
2946,5,4,1,Reader_3_3.csv
2946,5,4,1,Reader_3_4.csv
2946,0,0,0,Reader_3_5.csv
2946,8,8,0,Reader_3_6.csv
2946,4,4,0,Reader_3_7.csv
2947,1,1,0,Reader_1_1.csv
2947,0,0,0,Reader_1_10.csv
2947,1,1,0,Reader_1_11.csv
2947,1,0,1,Reader_1_12.csv
2947,14,14,0,Reader_1_2.csv
2947,4,2,2,Reader_1_3.csv
2947,0,0,0,Reader_1_4.csv
2947,3,3,0,Reader_1_5.csv
2947,1,1,0,Reader_1_6.csv
2947,1,1,0,Reader_1_7.csv
2947,0,0,0,Reader_1_8.csv
2947,0,0,0,Reader_1_9.csv
2947,0,0,0,Reader_2_1.csv
2947,0,0,0,Reader_2_10.csv
2947,0,0,0,Reader_2_11.csv
2947,2,2,0,Reader_2_12.csv
2947,0,0,0,Reader_2_2.csv
2947,1,1,0,Reader_2_3.csv
2947,0,0,0,Reader_2_4.csv
2947,0,0,0,Reader_2_5.csv
2947,3,3,0,Reader_2_6.csv
2947,0,0,0,Reader_2_7.csv
2947,1,1,0,Reader_2_8.csv
2947,0,0,0,Reader_2_9.csv
2947,8,8,0,reader_3_1.csv
2947,4,4,0,Reader_3_2.csv
2947,4,3,1,Reader_3_3.csv
2947,4,3,1,Reader_3_4.csv
2947,0,0,0,Reader_3_5.csv
2947,6,6,0,Reader_3_6.csv
2947,4,4,0,Reader_3_7.csv
2948,2,2,0,Reader_1_1.csv
2948,0,0,0,Reader_1_10.csv
2948,1,1,0,Reader_1_11.csv
2948,1,0,1,Reader_1_12.csv
2948,15,15,0,Reader_1_2.csv
2948,3,1,2,Reader_1_3.csv
2948,0,0,0,Reader_1_4.csv
2948,3,3,0,Reader_1_5.csv
2948,1,1,0,Reader_1_6.csv
2948,0,0,0,Reader_1_7.csv
2948,0,0,0,Reader_1_8.csv
2948,0,0,0,Reader_1_9.csv
2948,0,0,0,Reader_2_1.csv
2948,0,0,0,Reader_2_10.csv
2948,0,0,0,Reader_2_11.csv
2948,2,2,0,Reader_2_12.csv
2948,0,0,0,Reader_2_2.csv
2948,1,1,0,Reader_2_3.csv
2948,0,0,0,Reader_2_4.csv
2948,0,0,0,Reader_2_5.csv
2948,2,2,0,Reader_2_6.csv
2948,0,0,0,Reader_2_7.csv
2948,1,1,0,Reader_2_8.csv
2948,0,0,0,Reader_2_9.csv
2948,9,9,0,reader_3_1.csv
2948,4,4,0,Reader_3_2.csv
2948,4,3,1,Reader_3_3.csv
2948,4,3,1,Reader_3_4.csv
2948,2,2,0,Reader_3_5.csv
2948,5,5,0,Reader_3_6.csv
2948,3,2,1,Reader_3_7.csv
2949,4,4,0,Reader_1_1.csv
2949,0,0,0,Reader_1_10.csv
2949,0,0,0,Reader_1_11.csv
2949,1,0,1,Reader_1_12.csv
2949,15,15,0,Reader_1_2.csv
2949,3,1,2,Reader_1_3.csv
2949,0,0,0,Reader_1_4.csv
2949,4,4,0,Reader_1_5.csv
2949,1,1,0,Reader_1_6.csv
2949,0,0,0,Reader_1_7.csv
2949,0,0,0,Reader_1_8.csv
2949,0,0,0,Reader_1_9.csv
2949,0,0,0,Reader_2_1.csv
2949,0,0,0,Reader_2_10.csv
2949,0,0,0,Reader_2_11.csv
2949,2,2,0,Reader_2_12.csv
2949,0,0,0,Reader_2_2.csv
2949,1,1,0,Reader_2_3.csv
2949,0,0,0,Reader_2_4.csv
2949,0,0,0,Reader_2_5.csv
2949,2,2,0,Reader_2_6.csv
2949,0,0,0,Reader_2_7.csv
2949,1,1,0,Reader_2_8.csv
2949,0,0,0,Reader_2_9.csv
2949,7,7,0,reader_3_1.csv
2949,3,3,0,Reader_3_2.csv
2949,3,2,1,Reader_3_3.csv
2949,3,2,1,Reader_3_4.csv
2949,3,3,0,Reader_3_5.csv
2949,3,3,0,Reader_3_6.csv
2949,3,2,1,Reader_3_7.csv
2950,4,4,0,Reader_1_1.csv
2950,0,0,0,Reader_1_10.csv
2950,0,0,0,Reader_1_11.csv
2950,0,0,0,Reader_1_12.csv
2950,14,14,0,Reader_1_2.csv
2950,3,1,2,Reader_1_3.csv
2950,0,0,0,Reader_1_4.csv
2950,3,3,0,Reader_1_5.csv
2950,2,2,0,Reader_1_6.csv
2950,0,0,0,Reader_1_7.csv
2950,0,0,0,Reader_1_8.csv
2950,0,0,0,Reader_1_9.csv
2950,0,0,0,Reader_2_1.csv
2950,0,0,0,Reader_2_10.csv
2950,0,0,0,Reader_2_11.csv
2950,1,1,0,Reader_2_12.csv
2950,0,0,0,Reader_2_2.csv
2950,1,1,0,Reader_2_3.csv
2950,0,0,0,Reader_2_4.csv
2950,0,0,0,Reader_2_5.csv
2950,2,2,0,Reader_2_6.csv
2950,0,0,0,Reader_2_7.csv
2950,1,1,0,Reader_2_8.csv
2950,0,0,0,Reader_2_9.csv
2950,6,5,1,reader_3_1.csv
2950,3,3,0,Reader_3_2.csv
2950,1,1,0,Reader_3_3.csv
2950,1,1,0,Reader_3_4.csv
2950,5,5,0,Reader_3_5.csv
2950,2,2,0,Reader_3_6.csv
2950,3,2,1,Reader_3_7.csv
2951,4,4,0,Reader_1_1.csv
2951,0,0,0,Reader_1_10.csv
2951,0,0,0,Reader_1_11.csv
2951,0,0,0,Reader_1_12.csv
2951,17,17,0,Reader_1_2.csv
2951,4,2,2,Reader_1_3.csv
2951,0,0,0,Reader_1_4.csv
2951,3,3,0,Reader_1_5.csv
2951,2,2,0,Reader_1_6.csv
2951,0,0,0,Reader_1_7.csv
2951,0,0,0,Reader_1_8.csv
2951,0,0,0,Reader_1_9.csv
2951,0,0,0,Reader_2_1.csv
2951,0,0,0,Reader_2_10.csv
2951,0,0,0,Reader_2_11.csv
2951,1,1,0,Reader_2_12.csv
2951,0,0,0,Reader_2_2.csv
2951,1,1,0,Reader_2_3.csv
2951,0,0,0,Reader_2_4.csv
2951,0,0,0,Reader_2_5.csv
2951,3,3,0,Reader_2_6.csv
2951,0,0,0,Reader_2_7.csv
2951,1,1,0,Reader_2_8.csv
2951,0,0,0,Reader_2_9.csv
2951,6,5,1,reader_3_1.csv
2951,1,1,0,Reader_3_2.csv
2951,1,1,0,Reader_3_3.csv
2951,1,1,0,Reader_3_4.csv
2951,5,5,0,Reader_3_5.csv
2951,0,0,0,Reader_3_6.csv
2951,2,1,1,Reader_3_7.csv
2952,4,4,0,Reader_1_1.csv
2952,0,0,0,Reader_1_10.csv
2952,0,0,0,Reader_1_11.csv
2952,1,1,0,Reader_1_12.csv
2952,15,15,0,Reader_1_2.csv
2952,3,1,2,Reader_1_3.csv
2952,0,0,0,Reader_1_4.csv
2952,3,3,0,Reader_1_5.csv
2952,3,3,0,Reader_1_6.csv
2952,0,0,0,Reader_1_7.csv
2952,0,0,0,Reader_1_8.csv
2952,0,0,0,Reader_1_9.csv
2952,1,1,0,Reader_2_1.csv
2952,0,0,0,Reader_2_10.csv
2952,0,0,0,Reader_2_11.csv
2952,1,1,0,Reader_2_12.csv
2952,0,0,0,Reader_2_2.csv
2952,1,1,0,Reader_2_3.csv
2952,0,0,0,Reader_2_4.csv
2952,0,0,0,Reader_2_5.csv
2952,6,6,0,Reader_2_6.csv
2952,0,0,0,Reader_2_7.csv
2952,0,0,0,Reader_2_8.csv
2952,0,0,0,Reader_2_9.csv
2952,5,4,1,reader_3_1.csv
2952,1,1,0,Reader_3_2.csv
2952,1,1,0,Reader_3_3.csv
2952,1,1,0,Reader_3_4.csv
2952,5,5,0,Reader_3_5.csv
2952,0,0,0,Reader_3_6.csv
2952,2,1,1,Reader_3_7.csv
2953,4,4,0,Reader_1_1.csv
2953,0,0,0,Reader_1_10.csv
2953,0,0,0,Reader_1_11.csv
2953,1,1,0,Reader_1_12.csv
2953,13,13,0,Reader_1_2.csv
2953,2,1,1,Reader_1_3.csv
2953,0,0,0,Reader_1_4.csv
2953,5,5,0,Reader_1_5.csv
2953,2,2,0,Reader_1_6.csv
2953,0,0,0,Reader_1_7.csv
2953,0,0,0,Reader_1_8.csv
2953,0,0,0,Reader_1_9.csv
2953,1,1,0,Reader_2_1.csv
2953,0,0,0,Reader_2_10.csv
2953,0,0,0,Reader_2_11.csv
2953,2,2,0,Reader_2_12.csv
2953,0,0,0,Reader_2_2.csv
2953,1,1,0,Reader_2_3.csv
2953,0,0,0,Reader_2_4.csv
2953,0,0,0,Reader_2_5.csv
2953,6,5,1,Reader_2_6.csv
2953,0,0,0,Reader_2_7.csv
2953,0,0,0,Reader_2_8.csv
2953,0,0,0,Reader_2_9.csv
2953,5,4,1,reader_3_1.csv
2953,2,2,0,Reader_3_2.csv
2953,1,1,0,Reader_3_3.csv
2953,1,1,0,Reader_3_4.csv
2953,5,5,0,Reader_3_5.csv
2953,0,0,0,Reader_3_6.csv
2953,2,1,1,Reader_3_7.csv
2954,5,4,1,Reader_1_1.csv
2954,0,0,0,Reader_1_10.csv
2954,0,0,0,Reader_1_11.csv
2954,1,1,0,Reader_1_12.csv
2954,12,12,0,Reader_1_2.csv
2954,1,1,0,Reader_1_3.csv
2954,1,1,0,Reader_1_4.csv
2954,4,4,0,Reader_1_5.csv
2954,2,2,0,Reader_1_6.csv
2954,0,0,0,Reader_1_7.csv
2954,0,0,0,Reader_1_8.csv
2954,0,0,0,Reader_1_9.csv
2954,1,1,0,Reader_2_1.csv
2954,0,0,0,Reader_2_10.csv
2954,0,0,0,Reader_2_11.csv
2954,2,2,0,Reader_2_12.csv
2954,0,0,0,Reader_2_2.csv
2954,1,1,0,Reader_2_3.csv
2954,0,0,0,Reader_2_4.csv
2954,0,0,0,Reader_2_5.csv
2954,6,5,1,Reader_2_6.csv
2954,0,0,0,Reader_2_7.csv
2954,0,0,0,Reader_2_8.csv
2954,0,0,0,Reader_2_9.csv
2954,6,5,1,reader_3_1.csv
2954,2,2,0,Reader_3_2.csv
2954,1,1,0,Reader_3_3.csv
2954,1,1,0,Reader_3_4.csv
2954,5,5,0,Reader_3_5.csv
2954,0,0,0,Reader_3_6.csv
2954,2,1,1,Reader_3_7.csv
2955,5,4,1,Reader_1_1.csv
2955,0,0,0,Reader_1_10.csv
2955,0,0,0,Reader_1_11.csv
2955,1,1,0,Reader_1_12.csv
2955,16,15,1,Reader_1_2.csv
2955,1,1,0,Reader_1_3.csv
2955,1,1,0,Reader_1_4.csv
2955,3,3,0,Reader_1_5.csv
2955,2,2,0,Reader_1_6.csv
2955,0,0,0,Reader_1_7.csv
2955,0,0,0,Reader_1_8.csv
2955,0,0,0,Reader_1_9.csv
2955,1,1,0,Reader_2_1.csv
2955,0,0,0,Reader_2_10.csv
2955,0,0,0,Reader_2_11.csv
2955,2,2,0,Reader_2_12.csv
2955,0,0,0,Reader_2_2.csv
2955,0,0,0,Reader_2_3.csv
2955,0,0,0,Reader_2_4.csv
2955,0,0,0,Reader_2_5.csv
2955,6,5,1,Reader_2_6.csv
2955,0,0,0,Reader_2_7.csv
2955,0,0,0,Reader_2_8.csv
2955,0,0,0,Reader_2_9.csv
2955,7,6,1,reader_3_1.csv
2955,2,2,0,Reader_3_2.csv
2955,1,1,0,Reader_3_3.csv
2955,1,1,0,Reader_3_4.csv
2955,6,6,0,Reader_3_5.csv
2955,0,0,0,Reader_3_6.csv
2955,2,1,1,Reader_3_7.csv
2956,4,3,1,Reader_1_1.csv
2956,0,0,0,Reader_1_10.csv
2956,0,0,0,Reader_1_11.csv
2956,1,1,0,Reader_1_12.csv
2956,17,16,1,Reader_1_2.csv
2956,1,1,0,Reader_1_3.csv
2956,1,1,0,Reader_1_4.csv
2956,3,3,0,Reader_1_5.csv
2956,2,2,0,Reader_1_6.csv
2956,0,0,0,Reader_1_7.csv
2956,0,0,0,Reader_1_8.csv
2956,0,0,0,Reader_1_9.csv
2956,1,1,0,Reader_2_1.csv
2956,0,0,0,Reader_2_10.csv
2956,0,0,0,Reader_2_11.csv
2956,2,2,0,Reader_2_12.csv
2956,0,0,0,Reader_2_2.csv
2956,0,0,0,Reader_2_3.csv
2956,0,0,0,Reader_2_4.csv
2956,0,0,0,Reader_2_5.csv
2956,6,5,1,Reader_2_6.csv
2956,0,0,0,Reader_2_7.csv
2956,0,0,0,Reader_2_8.csv
2956,0,0,0,Reader_2_9.csv
2956,6,5,1,reader_3_1.csv
2956,1,1,0,Reader_3_2.csv
2956,1,1,0,Reader_3_3.csv
2956,1,1,0,Reader_3_4.csv
2956,7,7,0,Reader_3_5.csv
2956,1,1,0,Reader_3_6.csv
2956,1,1,0,Reader_3_7.csv
2957,2,1,1,Reader_1_1.csv
2957,0,0,0,Reader_1_10.csv
2957,0,0,0,Reader_1_11.csv
2957,1,1,0,Reader_1_12.csv
2957,18,17,1,Reader_1_2.csv
2957,1,1,0,Reader_1_3.csv
2957,1,1,0,Reader_1_4.csv
2957,2,2,0,Reader_1_5.csv
2957,2,2,0,Reader_1_6.csv
2957,0,0,0,Reader_1_7.csv
2957,0,0,0,Reader_1_8.csv
2957,0,0,0,Reader_1_9.csv
2957,1,1,0,Reader_2_1.csv
2957,0,0,0,Reader_2_10.csv
2957,0,0,0,Reader_2_11.csv
2957,1,1,0,Reader_2_12.csv
2957,0,0,0,Reader_2_2.csv
2957,0,0,0,Reader_2_3.csv
2957,0,0,0,Reader_2_4.csv
2957,0,0,0,Reader_2_5.csv
2957,6,5,1,Reader_2_6.csv
2957,0,0,0,Reader_2_7.csv
2957,0,0,0,Reader_2_8.csv
2957,0,0,0,Reader_2_9.csv
2957,5,4,1,reader_3_1.csv
2957,5,4,1,Reader_3_2.csv
2957,1,1,0,Reader_3_3.csv
2957,1,1,0,Reader_3_4.csv
2957,6,6,0,Reader_3_5.csv
2957,4,3,1,Reader_3_6.csv
2957,2,2,0,Reader_3_7.csv
2958,3,2,1,Reader_1_1.csv
2958,0,0,0,Reader_1_10.csv
2958,0,0,0,Reader_1_11.csv
2958,1,1,0,Reader_1_12.csv
2958,18,17,1,Reader_1_2.csv
2958,2,2,0,Reader_1_3.csv
2958,1,1,0,Reader_1_4.csv
2958,2,2,0,Reader_1_5.csv
2958,1,1,0,Reader_1_6.csv
2958,0,0,0,Reader_1_7.csv
2958,0,0,0,Reader_1_8.csv
2958,0,0,0,Reader_1_9.csv
2958,1,1,0,Reader_2_1.csv
2958,1,0,1,Reader_2_10.csv
2958,0,0,0,Reader_2_11.csv
2958,1,1,0,Reader_2_12.csv
2958,0,0,0,Reader_2_2.csv
2958,0,0,0,Reader_2_3.csv
2958,0,0,0,Reader_2_4.csv
2958,1,1,0,Reader_2_5.csv
2958,6,5,1,Reader_2_6.csv
2958,0,0,0,Reader_2_7.csv
2958,1,0,1,Reader_2_8.csv
2958,0,0,0,Reader_2_9.csv
2958,5,5,0,reader_3_1.csv
2958,5,4,1,Reader_3_2.csv
2958,1,1,0,Reader_3_3.csv
2958,1,1,0,Reader_3_4.csv
2958,5,5,0,Reader_3_5.csv
2958,6,5,1,Reader_3_6.csv
2958,1,1,0,Reader_3_7.csv
2959,2,1,1,Reader_1_1.csv
2959,0,0,0,Reader_1_10.csv
2959,0,0,0,Reader_1_11.csv
2959,1,1,0,Reader_1_12.csv
2959,14,13,1,Reader_1_2.csv
2959,1,1,0,Reader_1_3.csv
2959,1,1,0,Reader_1_4.csv
2959,2,2,0,Reader_1_5.csv
2959,1,1,0,Reader_1_6.csv
2959,0,0,0,Reader_1_7.csv
2959,0,0,0,Reader_1_8.csv
2959,0,0,0,Reader_1_9.csv
2959,1,1,0,Reader_2_1.csv
2959,1,0,1,Reader_2_10.csv
2959,0,0,0,Reader_2_11.csv
2959,1,1,0,Reader_2_12.csv
2959,0,0,0,Reader_2_2.csv
2959,0,0,0,Reader_2_3.csv
2959,0,0,0,Reader_2_4.csv
2959,1,1,0,Reader_2_5.csv
2959,6,5,1,Reader_2_6.csv
2959,0,0,0,Reader_2_7.csv
2959,1,0,1,Reader_2_8.csv
2959,0,0,0,Reader_2_9.csv
2959,5,5,0,reader_3_1.csv
2959,5,4,1,Reader_3_2.csv
2959,1,1,0,Reader_3_3.csv
2959,1,1,0,Reader_3_4.csv
2959,5,5,0,Reader_3_5.csv
2959,9,8,1,Reader_3_6.csv
2959,2,2,0,Reader_3_7.csv
2960,4,2,2,Reader_1_1.csv
2960,0,0,0,Reader_1_10.csv
2960,0,0,0,Reader_1_11.csv
2960,0,0,0,Reader_1_12.csv
2960,14,13,1,Reader_1_2.csv
2960,1,1,0,Reader_1_3.csv
2960,1,1,0,Reader_1_4.csv
2960,3,3,0,Reader_1_5.csv
2960,0,0,0,Reader_1_6.csv
2960,0,0,0,Reader_1_7.csv
2960,0,0,0,Reader_1_8.csv
2960,0,0,0,Reader_1_9.csv
2960,0,0,0,Reader_2_1.csv
2960,1,0,1,Reader_2_10.csv
2960,0,0,0,Reader_2_11.csv
2960,1,1,0,Reader_2_12.csv
2960,1,1,0,Reader_2_2.csv
2960,1,0,1,Reader_2_3.csv
2960,0,0,0,Reader_2_4.csv
2960,1,1,0,Reader_2_5.csv
2960,4,3,1,Reader_2_6.csv
2960,0,0,0,Reader_2_7.csv
2960,1,0,1,Reader_2_8.csv
2960,0,0,0,Reader_2_9.csv
2960,6,6,0,reader_3_1.csv
2960,5,4,1,Reader_3_2.csv
2960,1,1,0,Reader_3_3.csv
2960,1,1,0,Reader_3_4.csv
2960,7,7,0,Reader_3_5.csv
2960,9,8,1,Reader_3_6.csv
2960,2,2,0,Reader_3_7.csv
2961,5,3,2,Reader_1_1.csv
2961,0,0,0,Reader_1_10.csv
2961,0,0,0,Reader_1_11.csv
2961,0,0,0,Reader_1_12.csv
2961,15,14,1,Reader_1_2.csv
2961,1,1,0,Reader_1_3.csv
2961,1,1,0,Reader_1_4.csv
2961,2,2,0,Reader_1_5.csv
2961,0,0,0,Reader_1_6.csv
2961,0,0,0,Reader_1_7.csv
2961,0,0,0,Reader_1_8.csv
2961,0,0,0,Reader_1_9.csv
2961,0,0,0,Reader_2_1.csv
2961,1,0,1,Reader_2_10.csv
2961,0,0,0,Reader_2_11.csv
2961,0,0,0,Reader_2_12.csv
2961,1,1,0,Reader_2_2.csv
2961,2,1,1,Reader_2_3.csv
2961,0,0,0,Reader_2_4.csv
2961,1,1,0,Reader_2_5.csv
2961,5,5,0,Reader_2_6.csv
2961,0,0,0,Reader_2_7.csv
2961,1,0,1,Reader_2_8.csv
2961,0,0,0,Reader_2_9.csv
2961,6,6,0,reader_3_1.csv
2961,5,4,1,Reader_3_2.csv
2961,1,1,0,Reader_3_3.csv
2961,1,1,0,Reader_3_4.csv
2961,7,7,0,Reader_3_5.csv
2961,11,10,1,Reader_3_6.csv
2961,2,2,0,Reader_3_7.csv
2962,4,3,1,Reader_1_1.csv
2962,0,0,0,Reader_1_10.csv
2962,0,0,0,Reader_1_11.csv
2962,0,0,0,Reader_1_12.csv
2962,15,14,1,Reader_1_2.csv
2962,2,1,1,Reader_1_3.csv
2962,0,0,0,Reader_1_4.csv
2962,3,3,0,Reader_1_5.csv
2962,0,0,0,Reader_1_6.csv
2962,0,0,0,Reader_1_7.csv
2962,0,0,0,Reader_1_8.csv
2962,0,0,0,Reader_1_9.csv
2962,0,0,0,Reader_2_1.csv
2962,1,0,1,Reader_2_10.csv
2962,0,0,0,Reader_2_11.csv
2962,1,1,0,Reader_2_12.csv
2962,1,1,0,Reader_2_2.csv
2962,2,1,1,Reader_2_3.csv
2962,0,0,0,Reader_2_4.csv
2962,1,1,0,Reader_2_5.csv
2962,6,6,0,Reader_2_6.csv
2962,0,0,0,Reader_2_7.csv
2962,1,0,1,Reader_2_8.csv
2962,0,0,0,Reader_2_9.csv
2962,5,5,0,reader_3_1.csv
2962,6,5,1,Reader_3_2.csv
2962,0,0,0,Reader_3_3.csv
2962,0,0,0,Reader_3_4.csv
2962,9,9,0,Reader_3_5.csv
2962,12,11,1,Reader_3_6.csv
2962,2,2,0,Reader_3_7.csv
2963,4,3,1,Reader_1_1.csv
2963,0,0,0,Reader_1_10.csv
2963,0,0,0,Reader_1_11.csv
2963,0,0,0,Reader_1_12.csv
2963,12,12,0,Reader_1_2.csv
2963,2,1,1,Reader_1_3.csv
2963,1,1,0,Reader_1_4.csv
2963,3,3,0,Reader_1_5.csv
2963,2,1,1,Reader_1_6.csv
2963,0,0,0,Reader_1_7.csv
2963,0,0,0,Reader_1_8.csv
2963,0,0,0,Reader_1_9.csv
2963,0,0,0,Reader_2_1.csv
2963,1,0,1,Reader_2_10.csv
2963,0,0,0,Reader_2_11.csv
2963,1,1,0,Reader_2_12.csv
2963,1,1,0,Reader_2_2.csv
2963,2,1,1,Reader_2_3.csv
2963,0,0,0,Reader_2_4.csv
2963,1,1,0,Reader_2_5.csv
2963,5,5,0,Reader_2_6.csv
2963,0,0,0,Reader_2_7.csv
2963,1,0,1,Reader_2_8.csv
2963,0,0,0,Reader_2_9.csv
2963,3,3,0,reader_3_1.csv
2963,6,5,1,Reader_3_2.csv
2963,0,0,0,Reader_3_3.csv
2963,0,0,0,Reader_3_4.csv
2963,9,9,0,Reader_3_5.csv
2963,13,12,1,Reader_3_6.csv
2963,3,3,0,Reader_3_7.csv
2964,4,3,1,Reader_1_1.csv
2964,0,0,0,Reader_1_10.csv
2964,0,0,0,Reader_1_11.csv
2964,0,0,0,Reader_1_12.csv
2964,10,10,0,Reader_1_2.csv
2964,2,1,1,Reader_1_3.csv
2964,1,1,0,Reader_1_4.csv
2964,3,3,0,Reader_1_5.csv
2964,2,1,1,Reader_1_6.csv
2964,0,0,0,Reader_1_7.csv
2964,0,0,0,Reader_1_8.csv
2964,0,0,0,Reader_1_9.csv
2964,0,0,0,Reader_2_1.csv
2964,1,0,1,Reader_2_10.csv
2964,0,0,0,Reader_2_11.csv
2964,1,1,0,Reader_2_12.csv
2964,1,1,0,Reader_2_2.csv
2964,2,1,1,Reader_2_3.csv
2964,0,0,0,Reader_2_4.csv
2964,1,1,0,Reader_2_5.csv
2964,6,6,0,Reader_2_6.csv
2964,0,0,0,Reader_2_7.csv
2964,1,0,1,Reader_2_8.csv
2964,0,0,0,Reader_2_9.csv
2964,2,2,0,reader_3_1.csv
2964,6,5,1,Reader_3_2.csv
2964,1,1,0,Reader_3_3.csv
2964,1,1,0,Reader_3_4.csv
2964,6,6,0,Reader_3_5.csv
2964,13,12,1,Reader_3_6.csv
2964,4,4,0,Reader_3_7.csv
2965,4,3,1,Reader_1_1.csv
2965,0,0,0,Reader_1_10.csv
2965,0,0,0,Reader_1_11.csv
2965,0,0,0,Reader_1_12.csv
2965,7,7,0,Reader_1_2.csv
2965,4,2,2,Reader_1_3.csv
2965,1,1,0,Reader_1_4.csv
2965,3,3,0,Reader_1_5.csv
2965,3,2,1,Reader_1_6.csv
2965,0,0,0,Reader_1_7.csv
2965,0,0,0,Reader_1_8.csv
2965,0,0,0,Reader_1_9.csv
2965,0,0,0,Reader_2_1.csv
2965,1,0,1,Reader_2_10.csv
2965,0,0,0,Reader_2_11.csv
2965,2,2,0,Reader_2_12.csv
2965,1,1,0,Reader_2_2.csv
2965,2,1,1,Reader_2_3.csv
2965,0,0,0,Reader_2_4.csv
2965,1,1,0,Reader_2_5.csv
2965,6,6,0,Reader_2_6.csv
2965,0,0,0,Reader_2_7.csv
2965,1,0,1,Reader_2_8.csv
2965,0,0,0,Reader_2_9.csv
2965,4,3,1,reader_3_1.csv
2965,2,2,0,Reader_3_2.csv
2965,1,1,0,Reader_3_3.csv
2965,1,1,0,Reader_3_4.csv
2965,7,7,0,Reader_3_5.csv
2965,11,11,0,Reader_3_6.csv
2965,3,3,0,Reader_3_7.csv
2966,4,3,1,Reader_1_1.csv
2966,0,0,0,Reader_1_10.csv
2966,0,0,0,Reader_1_11.csv
2966,0,0,0,Reader_1_12.csv
2966,6,6,0,Reader_1_2.csv
2966,3,1,2,Reader_1_3.csv
2966,2,2,0,Reader_1_4.csv
2966,3,3,0,Reader_1_5.csv
2966,3,2,1,Reader_1_6.csv
2966,0,0,0,Reader_1_7.csv
2966,0,0,0,Reader_1_8.csv
2966,0,0,0,Reader_1_9.csv
2966,0,0,0,Reader_2_1.csv
2966,0,0,0,Reader_2_10.csv
2966,0,0,0,Reader_2_11.csv
2966,2,2,0,Reader_2_12.csv
2966,1,1,0,Reader_2_2.csv
2966,2,1,1,Reader_2_3.csv
2966,1,1,0,Reader_2_4.csv
2966,0,0,0,Reader_2_5.csv
2966,6,6,0,Reader_2_6.csv
2966,0,0,0,Reader_2_7.csv
2966,0,0,0,Reader_2_8.csv
2966,0,0,0,Reader_2_9.csv
2966,5,4,1,reader_3_1.csv
2966,2,2,0,Reader_3_2.csv
2966,1,1,0,Reader_3_3.csv
2966,1,1,0,Reader_3_4.csv
2966,7,7,0,Reader_3_5.csv
2966,9,9,0,Reader_3_6.csv
2966,3,3,0,Reader_3_7.csv
2967,4,3,1,Reader_1_1.csv
2967,0,0,0,Reader_1_10.csv
2967,1,0,1,Reader_1_11.csv
2967,0,0,0,Reader_1_12.csv
2967,9,9,0,Reader_1_2.csv
2967,3,1,2,Reader_1_3.csv
2967,2,2,0,Reader_1_4.csv
2967,3,3,0,Reader_1_5.csv
2967,3,2,1,Reader_1_6.csv
2967,0,0,0,Reader_1_7.csv
2967,0,0,0,Reader_1_8.csv
2967,0,0,0,Reader_1_9.csv
2967,0,0,0,Reader_2_1.csv
2967,0,0,0,Reader_2_10.csv
2967,0,0,0,Reader_2_11.csv
2967,2,2,0,Reader_2_12.csv
2967,1,1,0,Reader_2_2.csv
2967,3,2,1,Reader_2_3.csv
2967,1,1,0,Reader_2_4.csv
2967,0,0,0,Reader_2_5.csv
2967,6,6,0,Reader_2_6.csv
2967,0,0,0,Reader_2_7.csv
2967,0,0,0,Reader_2_8.csv
2967,0,0,0,Reader_2_9.csv
2967,5,4,1,reader_3_1.csv
2967,3,3,0,Reader_3_2.csv
2967,1,1,0,Reader_3_3.csv
2967,1,1,0,Reader_3_4.csv
2967,7,7,0,Reader_3_5.csv
2967,7,7,0,Reader_3_6.csv
2967,2,2,0,Reader_3_7.csv
2968,2,2,0,Reader_1_1.csv
2968,0,0,0,Reader_1_10.csv
2968,1,0,1,Reader_1_11.csv
2968,0,0,0,Reader_1_12.csv
2968,9,9,0,Reader_1_2.csv
2968,3,1,2,Reader_1_3.csv
2968,2,2,0,Reader_1_4.csv
2968,2,2,0,Reader_1_5.csv
2968,4,2,2,Reader_1_6.csv
2968,0,0,0,Reader_1_7.csv
2968,0,0,0,Reader_1_8.csv
2968,0,0,0,Reader_1_9.csv
2968,0,0,0,Reader_2_1.csv
2968,0,0,0,Reader_2_10.csv
2968,0,0,0,Reader_2_11.csv
2968,2,2,0,Reader_2_12.csv
2968,0,0,0,Reader_2_2.csv
2968,2,2,0,Reader_2_3.csv
2968,1,1,0,Reader_2_4.csv
2968,0,0,0,Reader_2_5.csv
2968,5,5,0,Reader_2_6.csv
2968,0,0,0,Reader_2_7.csv
2968,0,0,0,Reader_2_8.csv
2968,0,0,0,Reader_2_9.csv
2968,4,3,1,reader_3_1.csv
2968,3,3,0,Reader_3_2.csv
2968,2,2,0,Reader_3_3.csv
2968,2,2,0,Reader_3_4.csv
2968,5,5,0,Reader_3_5.csv
2968,8,8,0,Reader_3_6.csv
2968,2,2,0,Reader_3_7.csv
2969,1,1,0,Reader_1_1.csv
2969,0,0,0,Reader_1_10.csv
2969,1,0,1,Reader_1_11.csv
2969,0,0,0,Reader_1_12.csv
2969,8,8,0,Reader_1_2.csv
2969,3,1,2,Reader_1_3.csv
2969,2,2,0,Reader_1_4.csv
2969,1,1,0,Reader_1_5.csv
2969,4,2,2,Reader_1_6.csv
2969,0,0,0,Reader_1_7.csv
2969,0,0,0,Reader_1_8.csv
2969,0,0,0,Reader_1_9.csv
2969,0,0,0,Reader_2_1.csv
2969,0,0,0,Reader_2_10.csv
2969,0,0,0,Reader_2_11.csv
2969,2,2,0,Reader_2_12.csv
2969,0,0,0,Reader_2_2.csv
2969,1,1,0,Reader_2_3.csv
2969,1,1,0,Reader_2_4.csv
2969,0,0,0,Reader_2_5.csv
2969,4,4,0,Reader_2_6.csv
2969,0,0,0,Reader_2_7.csv
2969,0,0,0,Reader_2_8.csv
2969,0,0,0,Reader_2_9.csv
2969,4,3,1,reader_3_1.csv
2969,3,3,0,Reader_3_2.csv
2969,4,3,1,Reader_3_3.csv
2969,4,3,1,Reader_3_4.csv
2969,6,6,0,Reader_3_5.csv
2969,7,7,0,Reader_3_6.csv
2969,2,2,0,Reader_3_7.csv
2970,2,2,0,Reader_1_1.csv
2970,0,0,0,Reader_1_10.csv
2970,2,1,1,Reader_1_11.csv
2970,0,0,0,Reader_1_12.csv
2970,6,6,0,Reader_1_2.csv
2970,2,1,1,Reader_1_3.csv
2970,3,3,0,Reader_1_4.csv
2970,0,0,0,Reader_1_5.csv
2970,4,2,2,Reader_1_6.csv
2970,0,0,0,Reader_1_7.csv
2970,0,0,0,Reader_1_8.csv
2970,0,0,0,Reader_1_9.csv
2970,1,1,0,Reader_2_1.csv
2970,0,0,0,Reader_2_10.csv
2970,0,0,0,Reader_2_11.csv
2970,1,1,0,Reader_2_12.csv
2970,0,0,0,Reader_2_2.csv
2970,2,2,0,Reader_2_3.csv
2970,1,1,0,Reader_2_4.csv
2970,0,0,0,Reader_2_5.csv
2970,3,3,0,Reader_2_6.csv
2970,0,0,0,Reader_2_7.csv
2970,0,0,0,Reader_2_8.csv
2970,0,0,0,Reader_2_9.csv
2970,5,4,1,reader_3_1.csv
2970,3,3,0,Reader_3_2.csv
2970,4,3,1,Reader_3_3.csv
2970,4,3,1,Reader_3_4.csv
2970,5,5,0,Reader_3_5.csv
2970,6,6,0,Reader_3_6.csv
2970,2,2,0,Reader_3_7.csv
2971,3,2,1,Reader_1_1.csv
2971,0,0,0,Reader_1_10.csv
2971,2,1,1,Reader_1_11.csv
2971,0,0,0,Reader_1_12.csv
2971,5,5,0,Reader_1_2.csv
2971,2,1,1,Reader_1_3.csv
2971,2,2,0,Reader_1_4.csv
2971,0,0,0,Reader_1_5.csv
2971,2,1,1,Reader_1_6.csv
2971,0,0,0,Reader_1_7.csv
2971,0,0,0,Reader_1_8.csv
2971,0,0,0,Reader_1_9.csv
2971,1,1,0,Reader_2_1.csv
2971,0,0,0,Reader_2_10.csv
2971,0,0,0,Reader_2_11.csv
2971,1,1,0,Reader_2_12.csv
2971,0,0,0,Reader_2_2.csv
2971,2,2,0,Reader_2_3.csv
2971,1,1,0,Reader_2_4.csv
2971,0,0,0,Reader_2_5.csv
2971,3,3,0,Reader_2_6.csv
2971,0,0,0,Reader_2_7.csv
2971,0,0,0,Reader_2_8.csv
2971,0,0,0,Reader_2_9.csv
2971,8,7,1,reader_3_1.csv
2971,3,3,0,Reader_3_2.csv
2971,4,3,1,Reader_3_3.csv
2971,4,3,1,Reader_3_4.csv
2971,4,4,0,Reader_3_5.csv
2971,5,5,0,Reader_3_6.csv
2971,1,1,0,Reader_3_7.csv
2972,3,2,1,Reader_1_1.csv
2972,0,0,0,Reader_1_10.csv
2972,2,1,1,Reader_1_11.csv
2972,0,0,0,Reader_1_12.csv
2972,5,4,1,Reader_1_2.csv
2972,3,2,1,Reader_1_3.csv
2972,3,3,0,Reader_1_4.csv
2972,0,0,0,Reader_1_5.csv
2972,2,1,1,Reader_1_6.csv
2972,0,0,0,Reader_1_7.csv
2972,0,0,0,Reader_1_8.csv
2972,0,0,0,Reader_1_9.csv
2972,1,1,0,Reader_2_1.csv
2972,0,0,0,Reader_2_10.csv
2972,0,0,0,Reader_2_11.csv
2972,1,1,0,Reader_2_12.csv
2972,0,0,0,Reader_2_2.csv
2972,2,2,0,Reader_2_3.csv
2972,1,1,0,Reader_2_4.csv
2972,0,0,0,Reader_2_5.csv
2972,2,2,0,Reader_2_6.csv
2972,0,0,0,Reader_2_7.csv
2972,0,0,0,Reader_2_8.csv
2972,0,0,0,Reader_2_9.csv
2972,10,9,1,reader_3_1.csv
2972,3,3,0,Reader_3_2.csv
2972,3,2,1,Reader_3_3.csv
2972,3,2,1,Reader_3_4.csv
2972,4,4,0,Reader_3_5.csv
2972,4,4,0,Reader_3_6.csv
2972,1,1,0,Reader_3_7.csv
2973,4,2,2,Reader_1_1.csv
2973,0,0,0,Reader_1_10.csv
2973,2,1,1,Reader_1_11.csv
2973,0,0,0,Reader_1_12.csv
2973,7,6,1,Reader_1_2.csv
2973,1,1,0,Reader_1_3.csv
2973,3,3,0,Reader_1_4.csv
2973,0,0,0,Reader_1_5.csv
2973,1,0,1,Reader_1_6.csv
2973,0,0,0,Reader_1_7.csv
2973,0,0,0,Reader_1_8.csv
2973,0,0,0,Reader_1_9.csv
2973,1,1,0,Reader_2_1.csv
2973,0,0,0,Reader_2_10.csv
2973,0,0,0,Reader_2_11.csv
2973,1,1,0,Reader_2_12.csv
2973,0,0,0,Reader_2_2.csv
2973,2,2,0,Reader_2_3.csv
2973,1,1,0,Reader_2_4.csv
2973,0,0,0,Reader_2_5.csv
2973,2,2,0,Reader_2_6.csv
2973,0,0,0,Reader_2_7.csv
2973,0,0,0,Reader_2_8.csv
2973,0,0,0,Reader_2_9.csv
2973,10,9,1,reader_3_1.csv
2973,3,3,0,Reader_3_2.csv
2973,3,2,1,Reader_3_3.csv
2973,3,2,1,Reader_3_4.csv
2973,3,3,0,Reader_3_5.csv
2973,3,3,0,Reader_3_6.csv
2973,1,1,0,Reader_3_7.csv
2974,3,1,2,Reader_1_1.csv
2974,0,0,0,Reader_1_10.csv
2974,2,1,1,Reader_1_11.csv
2974,0,0,0,Reader_1_12.csv
2974,7,6,1,Reader_1_2.csv
2974,1,1,0,Reader_1_3.csv
2974,2,2,0,Reader_1_4.csv
2974,0,0,0,Reader_1_5.csv
2974,1,0,1,Reader_1_6.csv
2974,0,0,0,Reader_1_7.csv
2974,0,0,0,Reader_1_8.csv
2974,0,0,0,Reader_1_9.csv
2974,1,1,0,Reader_2_1.csv
2974,0,0,0,Reader_2_10.csv
2974,0,0,0,Reader_2_11.csv
2974,1,1,0,Reader_2_12.csv
2974,0,0,0,Reader_2_2.csv
2974,2,2,0,Reader_2_3.csv
2974,0,0,0,Reader_2_4.csv
2974,0,0,0,Reader_2_5.csv
2974,2,2,0,Reader_2_6.csv
2974,0,0,0,Reader_2_7.csv
2974,0,0,0,Reader_2_8.csv
2974,0,0,0,Reader_2_9.csv
2974,11,10,1,reader_3_1.csv
2974,3,3,0,Reader_3_2.csv
2974,3,2,1,Reader_3_3.csv
2974,3,2,1,Reader_3_4.csv
2974,3,3,0,Reader_3_5.csv
2974,3,3,0,Reader_3_6.csv
2974,1,1,0,Reader_3_7.csv
2975,3,1,2,Reader_1_1.csv
2975,0,0,0,Reader_1_10.csv
2975,1,1,0,Reader_1_11.csv
2975,0,0,0,Reader_1_12.csv
2975,5,4,1,Reader_1_2.csv
2975,1,1,0,Reader_1_3.csv
2975,2,2,0,Reader_1_4.csv
2975,0,0,0,Reader_1_5.csv
2975,2,1,1,Reader_1_6.csv
2975,0,0,0,Reader_1_7.csv
2975,0,0,0,Reader_1_8.csv
2975,0,0,0,Reader_1_9.csv
2975,1,1,0,Reader_2_1.csv
2975,0,0,0,Reader_2_10.csv
2975,0,0,0,Reader_2_11.csv
2975,2,2,0,Reader_2_12.csv
2975,0,0,0,Reader_2_2.csv
2975,1,1,0,Reader_2_3.csv
2975,0,0,0,Reader_2_4.csv
2975,0,0,0,Reader_2_5.csv
2975,1,1,0,Reader_2_6.csv
2975,0,0,0,Reader_2_7.csv
2975,0,0,0,Reader_2_8.csv
2975,0,0,0,Reader_2_9.csv
2975,11,10,1,reader_3_1.csv
2975,2,2,0,Reader_3_2.csv
2975,3,2,1,Reader_3_3.csv
2975,3,2,1,Reader_3_4.csv
2975,4,4,0,Reader_3_5.csv
2975,2,2,0,Reader_3_6.csv
2975,1,1,0,Reader_3_7.csv
2976,5,3,2,Reader_1_1.csv
2976,0,0,0,Reader_1_10.csv
2976,1,1,0,Reader_1_11.csv
2976,0,0,0,Reader_1_12.csv
2976,4,3,1,Reader_1_2.csv
2976,2,2,0,Reader_1_3.csv
2976,2,2,0,Reader_1_4.csv
2976,1,1,0,Reader_1_5.csv
2976,1,1,0,Reader_1_6.csv
2976,0,0,0,Reader_1_7.csv
2976,0,0,0,Reader_1_8.csv
2976,0,0,0,Reader_1_9.csv
2976,1,1,0,Reader_2_1.csv
2976,0,0,0,Reader_2_10.csv
2976,0,0,0,Reader_2_11.csv
2976,2,2,0,Reader_2_12.csv
2976,0,0,0,Reader_2_2.csv
2976,1,1,0,Reader_2_3.csv
2976,0,0,0,Reader_2_4.csv
2976,0,0,0,Reader_2_5.csv
2976,1,1,0,Reader_2_6.csv
2976,0,0,0,Reader_2_7.csv
2976,0,0,0,Reader_2_8.csv
2976,0,0,0,Reader_2_9.csv
2976,12,11,1,reader_3_1.csv
2976,3,2,1,Reader_3_2.csv
2976,2,1,1,Reader_3_3.csv
2976,2,1,1,Reader_3_4.csv
2976,4,4,0,Reader_3_5.csv
2976,1,1,0,Reader_3_6.csv
2976,2,2,0,Reader_3_7.csv
2977,5,3,2,Reader_1_1.csv
2977,0,0,0,Reader_1_10.csv
2977,1,1,0,Reader_1_11.csv
2977,0,0,0,Reader_1_12.csv
2977,5,4,1,Reader_1_2.csv
2977,2,2,0,Reader_1_3.csv
2977,2,2,0,Reader_1_4.csv
2977,1,1,0,Reader_1_5.csv
2977,1,1,0,Reader_1_6.csv
2977,0,0,0,Reader_1_7.csv
2977,0,0,0,Reader_1_8.csv
2977,0,0,0,Reader_1_9.csv
2977,1,1,0,Reader_2_1.csv
2977,0,0,0,Reader_2_10.csv
2977,0,0,0,Reader_2_11.csv
2977,2,2,0,Reader_2_12.csv
2977,0,0,0,Reader_2_2.csv
2977,1,1,0,Reader_2_3.csv
2977,0,0,0,Reader_2_4.csv
2977,0,0,0,Reader_2_5.csv
2977,0,0,0,Reader_2_6.csv
2977,0,0,0,Reader_2_7.csv
2977,0,0,0,Reader_2_8.csv
2977,0,0,0,Reader_2_9.csv
2977,12,11,1,reader_3_1.csv
2977,2,1,1,Reader_3_2.csv
2977,0,0,0,Reader_3_3.csv
2977,0,0,0,Reader_3_4.csv
2977,4,4,0,Reader_3_5.csv
2977,0,0,0,Reader_3_6.csv
2977,2,2,0,Reader_3_7.csv
2978,4,2,2,Reader_1_1.csv
2978,0,0,0,Reader_1_10.csv
2978,1,1,0,Reader_1_11.csv
2978,0,0,0,Reader_1_12.csv
2978,5,4,1,Reader_1_2.csv
2978,2,2,0,Reader_1_3.csv
2978,2,1,1,Reader_1_4.csv
2978,1,1,0,Reader_1_5.csv
2978,1,1,0,Reader_1_6.csv
2978,0,0,0,Reader_1_7.csv
2978,0,0,0,Reader_1_8.csv
2978,0,0,0,Reader_1_9.csv
2978,1,1,0,Reader_2_1.csv
2978,0,0,0,Reader_2_10.csv
2978,0,0,0,Reader_2_11.csv
2978,2,2,0,Reader_2_12.csv
2978,0,0,0,Reader_2_2.csv
2978,0,0,0,Reader_2_3.csv
2978,0,0,0,Reader_2_4.csv
2978,0,0,0,Reader_2_5.csv
2978,1,1,0,Reader_2_6.csv
2978,0,0,0,Reader_2_7.csv
2978,0,0,0,Reader_2_8.csv
2978,0,0,0,Reader_2_9.csv
2978,13,12,1,reader_3_1.csv
2978,2,0,2,Reader_3_2.csv
2978,0,0,0,Reader_3_3.csv
2978,0,0,0,Reader_3_4.csv
2978,3,3,0,Reader_3_5.csv
2978,1,1,0,Reader_3_6.csv
2978,2,2,0,Reader_3_7.csv
2979,4,3,1,Reader_1_1.csv
2979,0,0,0,Reader_1_10.csv
2979,1,1,0,Reader_1_11.csv
2979,0,0,0,Reader_1_12.csv
2979,5,4,1,Reader_1_2.csv
2979,2,2,0,Reader_1_3.csv
2979,2,1,1,Reader_1_4.csv
2979,1,1,0,Reader_1_5.csv
2979,1,1,0,Reader_1_6.csv
2979,0,0,0,Reader_1_7.csv
2979,0,0,0,Reader_1_8.csv
2979,0,0,0,Reader_1_9.csv
2979,1,1,0,Reader_2_1.csv
2979,0,0,0,Reader_2_10.csv
2979,0,0,0,Reader_2_11.csv
2979,2,2,0,Reader_2_12.csv
2979,0,0,0,Reader_2_2.csv
2979,0,0,0,Reader_2_3.csv
2979,0,0,0,Reader_2_4.csv
2979,0,0,0,Reader_2_5.csv
2979,1,1,0,Reader_2_6.csv
2979,0,0,0,Reader_2_7.csv
2979,0,0,0,Reader_2_8.csv
2979,0,0,0,Reader_2_9.csv
2979,11,10,1,reader_3_1.csv
2979,3,1,2,Reader_3_2.csv
2979,0,0,0,Reader_3_3.csv
2979,0,0,0,Reader_3_4.csv
2979,3,3,0,Reader_3_5.csv
2979,1,1,0,Reader_3_6.csv
2979,2,2,0,Reader_3_7.csv
2980,5,4,1,Reader_1_1.csv
2980,0,0,0,Reader_1_10.csv
2980,1,1,0,Reader_1_11.csv
2980,0,0,0,Reader_1_12.csv
2980,6,6,0,Reader_1_2.csv
2980,1,1,0,Reader_1_3.csv
2980,1,0,1,Reader_1_4.csv
2980,1,1,0,Reader_1_5.csv
2980,1,1,0,Reader_1_6.csv
2980,0,0,0,Reader_1_7.csv
2980,0,0,0,Reader_1_8.csv
2980,0,0,0,Reader_1_9.csv
2980,1,1,0,Reader_2_1.csv
2980,0,0,0,Reader_2_10.csv
2980,0,0,0,Reader_2_11.csv
2980,2,2,0,Reader_2_12.csv
2980,0,0,0,Reader_2_2.csv
2980,1,0,1,Reader_2_3.csv
2980,0,0,0,Reader_2_4.csv
2980,0,0,0,Reader_2_5.csv
2980,1,1,0,Reader_2_6.csv
2980,0,0,0,Reader_2_7.csv
2980,0,0,0,Reader_2_8.csv
2980,0,0,0,Reader_2_9.csv
2980,11,10,1,reader_3_1.csv
2980,3,1,2,Reader_3_2.csv
2980,0,0,0,Reader_3_3.csv
2980,0,0,0,Reader_3_4.csv
2980,3,3,0,Reader_3_5.csv
2980,1,1,0,Reader_3_6.csv
2980,2,2,0,Reader_3_7.csv
2981,4,4,0,Reader_1_1.csv
2981,0,0,0,Reader_1_10.csv
2981,1,1,0,Reader_1_11.csv
2981,0,0,0,Reader_1_12.csv
2981,5,5,0,Reader_1_2.csv
2981,1,1,0,Reader_1_3.csv
2981,1,0,1,Reader_1_4.csv
2981,1,1,0,Reader_1_5.csv
2981,1,1,0,Reader_1_6.csv
2981,0,0,0,Reader_1_7.csv
2981,0,0,0,Reader_1_8.csv
2981,0,0,0,Reader_1_9.csv
2981,1,1,0,Reader_2_1.csv
2981,0,0,0,Reader_2_10.csv
2981,0,0,0,Reader_2_11.csv
2981,1,1,0,Reader_2_12.csv
2981,0,0,0,Reader_2_2.csv
2981,1,0,1,Reader_2_3.csv
2981,0,0,0,Reader_2_4.csv
2981,0,0,0,Reader_2_5.csv
2981,2,2,0,Reader_2_6.csv
2981,0,0,0,Reader_2_7.csv
2981,0,0,0,Reader_2_8.csv
2981,0,0,0,Reader_2_9.csv
2981,11,10,1,reader_3_1.csv
2981,3,1,2,Reader_3_2.csv
2981,0,0,0,Reader_3_3.csv
2981,0,0,0,Reader_3_4.csv
2981,3,3,0,Reader_3_5.csv
2981,1,1,0,Reader_3_6.csv
2981,3,3,0,Reader_3_7.csv
2982,5,5,0,Reader_1_1.csv
2982,0,0,0,Reader_1_10.csv
2982,1,1,0,Reader_1_11.csv
2982,0,0,0,Reader_1_12.csv
2982,5,5,0,Reader_1_2.csv
2982,1,1,0,Reader_1_3.csv
2982,1,0,1,Reader_1_4.csv
2982,1,1,0,Reader_1_5.csv
2982,1,1,0,Reader_1_6.csv
2982,0,0,0,Reader_1_7.csv
2982,0,0,0,Reader_1_8.csv
2982,0,0,0,Reader_1_9.csv
2982,1,1,0,Reader_2_1.csv
2982,0,0,0,Reader_2_10.csv
2982,0,0,0,Reader_2_11.csv
2982,1,1,0,Reader_2_12.csv
2982,0,0,0,Reader_2_2.csv
2982,1,0,1,Reader_2_3.csv
2982,0,0,0,Reader_2_4.csv
2982,0,0,0,Reader_2_5.csv
2982,2,2,0,Reader_2_6.csv
2982,0,0,0,Reader_2_7.csv
2982,0,0,0,Reader_2_8.csv
2982,0,0,0,Reader_2_9.csv
2982,9,8,1,reader_3_1.csv
2982,3,1,2,Reader_3_2.csv
2982,0,0,0,Reader_3_3.csv
2982,0,0,0,Reader_3_4.csv
2982,2,2,0,Reader_3_5.csv
2982,1,1,0,Reader_3_6.csv
2982,3,3,0,Reader_3_7.csv
2983,5,5,0,Reader_1_1.csv
2983,0,0,0,Reader_1_10.csv
2983,1,1,0,Reader_1_11.csv
2983,0,0,0,Reader_1_12.csv
2983,5,5,0,Reader_1_2.csv
2983,1,1,0,Reader_1_3.csv
2983,1,0,1,Reader_1_4.csv
2983,1,1,0,Reader_1_5.csv
2983,0,0,0,Reader_1_6.csv
2983,0,0,0,Reader_1_7.csv
2983,0,0,0,Reader_1_8.csv
2983,0,0,0,Reader_1_9.csv
2983,1,1,0,Reader_2_1.csv
2983,0,0,0,Reader_2_10.csv
2983,0,0,0,Reader_2_11.csv
2983,0,0,0,Reader_2_12.csv
2983,0,0,0,Reader_2_2.csv
2983,1,0,1,Reader_2_3.csv
2983,0,0,0,Reader_2_4.csv
2983,0,0,0,Reader_2_5.csv
2983,2,2,0,Reader_2_6.csv
2983,0,0,0,Reader_2_7.csv
2983,0,0,0,Reader_2_8.csv
2983,0,0,0,Reader_2_9.csv
2983,11,10,1,reader_3_1.csv
2983,3,1,2,Reader_3_2.csv
2983,0,0,0,Reader_3_3.csv
2983,0,0,0,Reader_3_4.csv
2983,1,1,0,Reader_3_5.csv
2983,1,1,0,Reader_3_6.csv
2983,4,4,0,Reader_3_7.csv
2984,3,3,0,Reader_1_1.csv
2984,0,0,0,Reader_1_10.csv
2984,1,1,0,Reader_1_11.csv
2984,0,0,0,Reader_1_12.csv
2984,6,6,0,Reader_1_2.csv
2984,0,0,0,Reader_1_3.csv
2984,1,0,1,Reader_1_4.csv
2984,0,0,0,Reader_1_5.csv
2984,0,0,0,Reader_1_6.csv
2984,0,0,0,Reader_1_7.csv
2984,0,0,0,Reader_1_8.csv
2984,0,0,0,Reader_1_9.csv
2984,1,1,0,Reader_2_1.csv
2984,0,0,0,Reader_2_10.csv
2984,0,0,0,Reader_2_11.csv
2984,0,0,0,Reader_2_12.csv
2984,0,0,0,Reader_2_2.csv
2984,1,0,1,Reader_2_3.csv
2984,0,0,0,Reader_2_4.csv
2984,0,0,0,Reader_2_5.csv
2984,2,2,0,Reader_2_6.csv
2984,0,0,0,Reader_2_7.csv
2984,0,0,0,Reader_2_8.csv
2984,0,0,0,Reader_2_9.csv
2984,13,12,1,reader_3_1.csv
2984,2,1,1,Reader_3_2.csv
2984,1,1,0,Reader_3_3.csv
2984,1,1,0,Reader_3_4.csv
2984,1,1,0,Reader_3_5.csv
2984,2,2,0,Reader_3_6.csv
2984,3,3,0,Reader_3_7.csv
2985,3,3,0,Reader_1_1.csv
2985,0,0,0,Reader_1_10.csv
2985,1,1,0,Reader_1_11.csv
2985,0,0,0,Reader_1_12.csv
2985,5,5,0,Reader_1_2.csv
2985,0,0,0,Reader_1_3.csv
2985,1,0,1,Reader_1_4.csv
2985,0,0,0,Reader_1_5.csv
2985,0,0,0,Reader_1_6.csv
2985,0,0,0,Reader_1_7.csv
2985,0,0,0,Reader_1_8.csv
2985,0,0,0,Reader_1_9.csv
2985,1,1,0,Reader_2_1.csv
2985,0,0,0,Reader_2_10.csv
2985,0,0,0,Reader_2_11.csv
2985,0,0,0,Reader_2_12.csv
2985,0,0,0,Reader_2_2.csv
2985,1,0,1,Reader_2_3.csv
2985,0,0,0,Reader_2_4.csv
2985,0,0,0,Reader_2_5.csv
2985,2,2,0,Reader_2_6.csv
2985,0,0,0,Reader_2_7.csv
2985,0,0,0,Reader_2_8.csv
2985,0,0,0,Reader_2_9.csv
2985,13,12,1,reader_3_1.csv
2985,3,2,1,Reader_3_2.csv
2985,1,1,0,Reader_3_3.csv
2985,1,1,0,Reader_3_4.csv
2985,0,0,0,Reader_3_5.csv
2985,2,2,0,Reader_3_6.csv
2985,3,3,0,Reader_3_7.csv
2986,3,3,0,Reader_1_1.csv
2986,0,0,0,Reader_1_10.csv
2986,0,0,0,Reader_1_11.csv
2986,0,0,0,Reader_1_12.csv
2986,5,5,0,Reader_1_2.csv
2986,0,0,0,Reader_1_3.csv
2986,0,0,0,Reader_1_4.csv
2986,0,0,0,Reader_1_5.csv
2986,0,0,0,Reader_1_6.csv
2986,0,0,0,Reader_1_7.csv
2986,0,0,0,Reader_1_8.csv
2986,0,0,0,Reader_1_9.csv
2986,0,0,0,Reader_2_1.csv
2986,0,0,0,Reader_2_10.csv
2986,0,0,0,Reader_2_11.csv
2986,0,0,0,Reader_2_12.csv
2986,0,0,0,Reader_2_2.csv
2986,1,0,1,Reader_2_3.csv
2986,0,0,0,Reader_2_4.csv
2986,0,0,0,Reader_2_5.csv
2986,1,1,0,Reader_2_6.csv
2986,0,0,0,Reader_2_7.csv
2986,0,0,0,Reader_2_8.csv
2986,0,0,0,Reader_2_9.csv
2986,12,11,1,reader_3_1.csv
2986,3,3,0,Reader_3_2.csv
2986,1,1,0,Reader_3_3.csv
2986,1,1,0,Reader_3_4.csv
2986,2,2,0,Reader_3_5.csv
2986,1,1,0,Reader_3_6.csv
2986,4,3,1,Reader_3_7.csv
2987,2,2,0,Reader_1_1.csv
2987,0,0,0,Reader_1_10.csv
2987,0,0,0,Reader_1_11.csv
2987,0,0,0,Reader_1_12.csv
2987,5,5,0,Reader_1_2.csv
2987,0,0,0,Reader_1_3.csv
2987,1,1,0,Reader_1_4.csv
2987,0,0,0,Reader_1_5.csv
2987,0,0,0,Reader_1_6.csv
2987,0,0,0,Reader_1_7.csv
2987,0,0,0,Reader_1_8.csv
2987,0,0,0,Reader_1_9.csv
2987,0,0,0,Reader_2_1.csv
2987,0,0,0,Reader_2_10.csv
2987,0,0,0,Reader_2_11.csv
2987,0,0,0,Reader_2_12.csv
2987,0,0,0,Reader_2_2.csv
2987,1,0,1,Reader_2_3.csv
2987,0,0,0,Reader_2_4.csv
2987,0,0,0,Reader_2_5.csv
2987,1,1,0,Reader_2_6.csv
2987,0,0,0,Reader_2_7.csv
2987,0,0,0,Reader_2_8.csv
2987,0,0,0,Reader_2_9.csv
2987,13,12,1,reader_3_1.csv
2987,2,2,0,Reader_3_2.csv
2987,1,1,0,Reader_3_3.csv
2987,1,1,0,Reader_3_4.csv
2987,2,2,0,Reader_3_5.csv
2987,2,2,0,Reader_3_6.csv
2987,4,3,1,Reader_3_7.csv
2988,1,1,0,Reader_1_1.csv
2988,0,0,0,Reader_1_10.csv
2988,0,0,0,Reader_1_11.csv
2988,0,0,0,Reader_1_12.csv
2988,5,5,0,Reader_1_2.csv
2988,0,0,0,Reader_1_3.csv
2988,1,1,0,Reader_1_4.csv
2988,0,0,0,Reader_1_5.csv
2988,0,0,0,Reader_1_6.csv
2988,0,0,0,Reader_1_7.csv
2988,0,0,0,Reader_1_8.csv
2988,0,0,0,Reader_1_9.csv
2988,0,0,0,Reader_2_1.csv
2988,0,0,0,Reader_2_10.csv
2988,0,0,0,Reader_2_11.csv
2988,0,0,0,Reader_2_12.csv
2988,0,0,0,Reader_2_2.csv
2988,0,0,0,Reader_2_3.csv
2988,0,0,0,Reader_2_4.csv
2988,0,0,0,Reader_2_5.csv
2988,1,1,0,Reader_2_6.csv
2988,0,0,0,Reader_2_7.csv
2988,0,0,0,Reader_2_8.csv
2988,0,0,0,Reader_2_9.csv
2988,11,10,1,reader_3_1.csv
2988,4,4,0,Reader_3_2.csv
2988,2,2,0,Reader_3_3.csv
2988,2,2,0,Reader_3_4.csv
2988,2,2,0,Reader_3_5.csv
2988,2,2,0,Reader_3_6.csv
2988,3,2,1,Reader_3_7.csv
2989,2,2,0,Reader_1_1.csv
2989,0,0,0,Reader_1_10.csv
2989,0,0,0,Reader_1_11.csv
2989,0,0,0,Reader_1_12.csv
2989,4,4,0,Reader_1_2.csv
2989,1,1,0,Reader_1_3.csv
2989,1,1,0,Reader_1_4.csv
2989,0,0,0,Reader_1_5.csv
2989,0,0,0,Reader_1_6.csv
2989,1,1,0,Reader_1_7.csv
2989,0,0,0,Reader_1_8.csv
2989,0,0,0,Reader_1_9.csv
2989,0,0,0,Reader_2_1.csv
2989,0,0,0,Reader_2_10.csv
2989,0,0,0,Reader_2_11.csv
2989,0,0,0,Reader_2_12.csv
2989,0,0,0,Reader_2_2.csv
2989,0,0,0,Reader_2_3.csv
2989,0,0,0,Reader_2_4.csv
2989,0,0,0,Reader_2_5.csv
2989,1,0,1,Reader_2_6.csv
2989,0,0,0,Reader_2_7.csv
2989,0,0,0,Reader_2_8.csv
2989,1,1,0,Reader_2_9.csv
2989,10,10,0,reader_3_1.csv
2989,4,4,0,Reader_3_2.csv
2989,2,2,0,Reader_3_3.csv
2989,2,2,0,Reader_3_4.csv
2989,2,2,0,Reader_3_5.csv
2989,2,2,0,Reader_3_6.csv
2989,2,1,1,Reader_3_7.csv
2990,2,2,0,Reader_1_1.csv
2990,0,0,0,Reader_1_10.csv
2990,0,0,0,Reader_1_11.csv
2990,0,0,0,Reader_1_12.csv
2990,4,4,0,Reader_1_2.csv
2990,1,1,0,Reader_1_3.csv
2990,1,1,0,Reader_1_4.csv
2990,0,0,0,Reader_1_5.csv
2990,0,0,0,Reader_1_6.csv
2990,1,1,0,Reader_1_7.csv
2990,0,0,0,Reader_1_8.csv
2990,0,0,0,Reader_1_9.csv
2990,0,0,0,Reader_2_1.csv
2990,0,0,0,Reader_2_10.csv
2990,0,0,0,Reader_2_11.csv
2990,0,0,0,Reader_2_12.csv
2990,0,0,0,Reader_2_2.csv
2990,0,0,0,Reader_2_3.csv
2990,0,0,0,Reader_2_4.csv
2990,0,0,0,Reader_2_5.csv
2990,1,0,1,Reader_2_6.csv
2990,0,0,0,Reader_2_7.csv
2990,0,0,0,Reader_2_8.csv
2990,1,1,0,Reader_2_9.csv
2990,9,9,0,reader_3_1.csv
2990,5,5,0,Reader_3_2.csv
2990,2,2,0,Reader_3_3.csv
2990,2,2,0,Reader_3_4.csv
2990,3,3,0,Reader_3_5.csv
2990,2,2,0,Reader_3_6.csv
2990,3,2,1,Reader_3_7.csv
2991,3,3,0,Reader_1_1.csv
2991,0,0,0,Reader_1_10.csv
2991,0,0,0,Reader_1_11.csv
2991,0,0,0,Reader_1_12.csv
2991,3,3,0,Reader_1_2.csv
2991,1,1,0,Reader_1_3.csv
2991,2,2,0,Reader_1_4.csv
2991,0,0,0,Reader_1_5.csv
2991,0,0,0,Reader_1_6.csv
2991,1,1,0,Reader_1_7.csv
2991,0,0,0,Reader_1_8.csv
2991,0,0,0,Reader_1_9.csv
2991,0,0,0,Reader_2_1.csv
2991,0,0,0,Reader_2_10.csv
2991,0,0,0,Reader_2_11.csv
2991,0,0,0,Reader_2_12.csv
2991,0,0,0,Reader_2_2.csv
2991,0,0,0,Reader_2_3.csv
2991,0,0,0,Reader_2_4.csv
2991,0,0,0,Reader_2_5.csv
2991,1,0,1,Reader_2_6.csv
2991,0,0,0,Reader_2_7.csv
2991,0,0,0,Reader_2_8.csv
2991,1,1,0,Reader_2_9.csv
2991,8,8,0,reader_3_1.csv
2991,5,5,0,Reader_3_2.csv
2991,3,3,0,Reader_3_3.csv
2991,3,3,0,Reader_3_4.csv
2991,3,3,0,Reader_3_5.csv
2991,2,2,0,Reader_3_6.csv
2991,2,1,1,Reader_3_7.csv
2992,3,3,0,Reader_1_1.csv
2992,0,0,0,Reader_1_10.csv
2992,1,0,1,Reader_1_11.csv
2992,1,0,1,Reader_1_12.csv
2992,3,3,0,Reader_1_2.csv
2992,1,1,0,Reader_1_3.csv
2992,2,2,0,Reader_1_4.csv
2992,0,0,0,Reader_1_5.csv
2992,0,0,0,Reader_1_6.csv
2992,3,3,0,Reader_1_7.csv
2992,0,0,0,Reader_1_8.csv
2992,0,0,0,Reader_1_9.csv
2992,0,0,0,Reader_2_1.csv
2992,0,0,0,Reader_2_10.csv
2992,0,0,0,Reader_2_11.csv
2992,1,1,0,Reader_2_12.csv
2992,0,0,0,Reader_2_2.csv
2992,0,0,0,Reader_2_3.csv
2992,0,0,0,Reader_2_4.csv
2992,0,0,0,Reader_2_5.csv
2992,1,0,1,Reader_2_6.csv
2992,0,0,0,Reader_2_7.csv
2992,0,0,0,Reader_2_8.csv
2992,1,1,0,Reader_2_9.csv
2992,7,7,0,reader_3_1.csv
2992,5,5,0,Reader_3_2.csv
2992,2,2,0,Reader_3_3.csv
2992,2,2,0,Reader_3_4.csv
2992,3,3,0,Reader_3_5.csv
2992,1,1,0,Reader_3_6.csv
2992,3,2,1,Reader_3_7.csv
2993,3,3,0,Reader_1_1.csv
2993,0,0,0,Reader_1_10.csv
2993,1,0,1,Reader_1_11.csv
2993,1,0,1,Reader_1_12.csv
2993,3,3,0,Reader_1_2.csv
2993,1,1,0,Reader_1_3.csv
2993,2,2,0,Reader_1_4.csv
2993,0,0,0,Reader_1_5.csv
2993,0,0,0,Reader_1_6.csv
2993,3,3,0,Reader_1_7.csv
2993,0,0,0,Reader_1_8.csv
2993,1,1,0,Reader_1_9.csv
2993,0,0,0,Reader_2_1.csv
2993,0,0,0,Reader_2_10.csv
2993,0,0,0,Reader_2_11.csv
2993,1,1,0,Reader_2_12.csv
2993,0,0,0,Reader_2_2.csv
2993,0,0,0,Reader_2_3.csv
2993,0,0,0,Reader_2_4.csv
2993,0,0,0,Reader_2_5.csv
2993,1,0,1,Reader_2_6.csv
2993,0,0,0,Reader_2_7.csv
2993,0,0,0,Reader_2_8.csv
2993,1,1,0,Reader_2_9.csv
2993,9,9,0,reader_3_1.csv
2993,4,4,0,Reader_3_2.csv
2993,2,2,0,Reader_3_3.csv
2993,2,2,0,Reader_3_4.csv
2993,3,3,0,Reader_3_5.csv
2993,2,2,0,Reader_3_6.csv
2993,4,3,1,Reader_3_7.csv
2994,3,3,0,Reader_1_1.csv
2994,0,0,0,Reader_1_10.csv
2994,1,0,1,Reader_1_11.csv
2994,1,0,1,Reader_1_12.csv
2994,6,6,0,Reader_1_2.csv
2994,1,1,0,Reader_1_3.csv
2994,2,2,0,Reader_1_4.csv
2994,0,0,0,Reader_1_5.csv
2994,0,0,0,Reader_1_6.csv
2994,3,3,0,Reader_1_7.csv
2994,0,0,0,Reader_1_8.csv
2994,1,1,0,Reader_1_9.csv
2994,0,0,0,Reader_2_1.csv
2994,0,0,0,Reader_2_10.csv
2994,0,0,0,Reader_2_11.csv
2994,1,1,0,Reader_2_12.csv
2994,0,0,0,Reader_2_2.csv
2994,0,0,0,Reader_2_3.csv
2994,0,0,0,Reader_2_4.csv
2994,0,0,0,Reader_2_5.csv
2994,1,0,1,Reader_2_6.csv
2994,0,0,0,Reader_2_7.csv
2994,0,0,0,Reader_2_8.csv
2994,1,1,0,Reader_2_9.csv
2994,10,10,0,reader_3_1.csv
2994,3,3,0,Reader_3_2.csv
2994,2,2,0,Reader_3_3.csv
2994,2,2,0,Reader_3_4.csv
2994,1,1,0,Reader_3_5.csv
2994,3,3,0,Reader_3_6.csv
2994,3,3,0,Reader_3_7.csv
2995,3,3,0,Reader_1_1.csv
2995,0,0,0,Reader_1_10.csv
2995,1,0,1,Reader_1_11.csv
2995,1,0,1,Reader_1_12.csv
2995,8,8,0,Reader_1_2.csv
2995,2,2,0,Reader_1_3.csv
2995,1,1,0,Reader_1_4.csv
2995,0,0,0,Reader_1_5.csv
2995,0,0,0,Reader_1_6.csv
2995,3,3,0,Reader_1_7.csv
2995,0,0,0,Reader_1_8.csv
2995,1,1,0,Reader_1_9.csv
2995,0,0,0,Reader_2_1.csv
2995,0,0,0,Reader_2_10.csv
2995,0,0,0,Reader_2_11.csv
2995,1,1,0,Reader_2_12.csv
2995,0,0,0,Reader_2_2.csv
2995,0,0,0,Reader_2_3.csv
2995,0,0,0,Reader_2_4.csv
2995,0,0,0,Reader_2_5.csv
2995,1,0,1,Reader_2_6.csv
2995,0,0,0,Reader_2_7.csv
2995,0,0,0,Reader_2_8.csv
2995,1,1,0,Reader_2_9.csv
2995,9,9,0,reader_3_1.csv
2995,3,3,0,Reader_3_2.csv
2995,2,2,0,Reader_3_3.csv
2995,2,2,0,Reader_3_4.csv
2995,1,1,0,Reader_3_5.csv
2995,2,2,0,Reader_3_6.csv
2995,3,3,0,Reader_3_7.csv
2996,4,4,0,Reader_1_1.csv
2996,0,0,0,Reader_1_10.csv
2996,1,0,1,Reader_1_11.csv
2996,1,0,1,Reader_1_12.csv
2996,6,6,0,Reader_1_2.csv
2996,2,2,0,Reader_1_3.csv
2996,1,1,0,Reader_1_4.csv
2996,0,0,0,Reader_1_5.csv
2996,0,0,0,Reader_1_6.csv
2996,3,3,0,Reader_1_7.csv
2996,0,0,0,Reader_1_8.csv
2996,1,1,0,Reader_1_9.csv
2996,0,0,0,Reader_2_1.csv
2996,0,0,0,Reader_2_10.csv
2996,0,0,0,Reader_2_11.csv
2996,1,1,0,Reader_2_12.csv
2996,1,1,0,Reader_2_2.csv
2996,0,0,0,Reader_2_3.csv
2996,0,0,0,Reader_2_4.csv
2996,0,0,0,Reader_2_5.csv
2996,1,0,1,Reader_2_6.csv
2996,0,0,0,Reader_2_7.csv
2996,0,0,0,Reader_2_8.csv
2996,1,1,0,Reader_2_9.csv
2996,15,15,0,reader_3_1.csv
2996,1,1,0,Reader_3_2.csv
2996,1,1,0,Reader_3_3.csv
2996,1,1,0,Reader_3_4.csv
2996,2,1,1,Reader_3_5.csv
2996,3,3,0,Reader_3_6.csv
2996,3,3,0,Reader_3_7.csv
2997,3,3,0,Reader_1_1.csv
2997,0,0,0,Reader_1_10.csv
2997,1,0,1,Reader_1_11.csv
2997,1,0,1,Reader_1_12.csv
2997,7,7,0,Reader_1_2.csv
2997,1,1,0,Reader_1_3.csv
2997,1,1,0,Reader_1_4.csv
2997,0,0,0,Reader_1_5.csv
2997,0,0,0,Reader_1_6.csv
2997,2,2,0,Reader_1_7.csv
2997,0,0,0,Reader_1_8.csv
2997,1,1,0,Reader_1_9.csv
2997,0,0,0,Reader_2_1.csv
2997,0,0,0,Reader_2_10.csv
2997,0,0,0,Reader_2_11.csv
2997,1,1,0,Reader_2_12.csv
2997,1,1,0,Reader_2_2.csv
2997,0,0,0,Reader_2_3.csv
2997,0,0,0,Reader_2_4.csv
2997,0,0,0,Reader_2_5.csv
2997,1,1,0,Reader_2_6.csv
2997,0,0,0,Reader_2_7.csv
2997,0,0,0,Reader_2_8.csv
2997,0,0,0,Reader_2_9.csv
2997,18,17,1,reader_3_1.csv
2997,1,1,0,Reader_3_2.csv
2997,1,1,0,Reader_3_3.csv
2997,1,1,0,Reader_3_4.csv
2997,3,1,2,Reader_3_5.csv
2997,3,3,0,Reader_3_6.csv
2997,4,4,0,Reader_3_7.csv
2998,2,2,0,Reader_1_1.csv
2998,0,0,0,Reader_1_10.csv
2998,1,0,1,Reader_1_11.csv
2998,1,0,1,Reader_1_12.csv
2998,8,8,0,Reader_1_2.csv
2998,1,1,0,Reader_1_3.csv
2998,1,1,0,Reader_1_4.csv
2998,0,0,0,Reader_1_5.csv
2998,1,1,0,Reader_1_6.csv
2998,2,2,0,Reader_1_7.csv
2998,0,0,0,Reader_1_8.csv
2998,1,1,0,Reader_1_9.csv
2998,0,0,0,Reader_2_1.csv
2998,0,0,0,Reader_2_10.csv
2998,0,0,0,Reader_2_11.csv
2998,1,1,0,Reader_2_12.csv
2998,1,1,0,Reader_2_2.csv
2998,0,0,0,Reader_2_3.csv
2998,0,0,0,Reader_2_4.csv
2998,0,0,0,Reader_2_5.csv
2998,2,2,0,Reader_2_6.csv
2998,0,0,0,Reader_2_7.csv
2998,0,0,0,Reader_2_8.csv
2998,0,0,0,Reader_2_9.csv
2998,21,20,1,reader_3_1.csv
2998,0,0,0,Reader_3_2.csv
2998,1,1,0,Reader_3_3.csv
2998,1,1,0,Reader_3_4.csv
2998,2,0,2,Reader_3_5.csv
2998,3,3,0,Reader_3_6.csv
2998,4,4,0,Reader_3_7.csv
2999,1,1,0,Reader_1_1.csv
2999,0,0,0,Reader_1_10.csv
2999,1,0,1,Reader_1_11.csv
2999,1,0,1,Reader_1_12.csv
2999,8,8,0,Reader_1_2.csv
2999,1,1,0,Reader_1_3.csv
2999,0,0,0,Reader_1_4.csv
2999,0,0,0,Reader_1_5.csv
2999,1,1,0,Reader_1_6.csv
2999,2,2,0,Reader_1_7.csv
2999,0,0,0,Reader_1_8.csv
2999,1,1,0,Reader_1_9.csv
2999,0,0,0,Reader_2_1.csv
2999,0,0,0,Reader_2_10.csv
2999,0,0,0,Reader_2_11.csv
2999,1,1,0,Reader_2_12.csv
2999,1,1,0,Reader_2_2.csv
2999,0,0,0,Reader_2_3.csv
2999,0,0,0,Reader_2_4.csv
2999,1,1,0,Reader_2_5.csv
2999,2,2,0,Reader_2_6.csv
2999,0,0,0,Reader_2_7.csv
2999,0,0,0,Reader_2_8.csv
2999,0,0,0,Reader_2_9.csv
2999,23,22,1,reader_3_1.csv
2999,0,0,0,Reader_3_2.csv
2999,0,0,0,Reader_3_3.csv
2999,0,0,0,Reader_3_4.csv
2999,2,0,2,Reader_3_5.csv
2999,3,3,0,Reader_3_6.csv
2999,8,8,0,Reader_3_7.csv
3000,1,1,0,Reader_1_1.csv
3000,0,0,0,Reader_1_10.csv
3000,0,0,0,Reader_1_11.csv
3000,0,0,0,Reader_1_12.csv
3000,8,8,0,Reader_1_2.csv
3000,1,1,0,Reader_1_3.csv
3000,1,1,0,Reader_1_4.csv
3000,0,0,0,Reader_1_5.csv
3000,1,1,0,Reader_1_6.csv
3000,0,0,0,Reader_1_7.csv
3000,0,0,0,Reader_1_8.csv
3000,1,1,0,Reader_1_9.csv
3000,0,0,0,Reader_2_1.csv
3000,0,0,0,Reader_2_10.csv
3000,0,0,0,Reader_2_11.csv
3000,0,0,0,Reader_2_12.csv
3000,1,1,0,Reader_2_2.csv
3000,0,0,0,Reader_2_3.csv
3000,0,0,0,Reader_2_4.csv
3000,1,1,0,Reader_2_5.csv
3000,2,2,0,Reader_2_6.csv
3000,0,0,0,Reader_2_7.csv
3000,0,0,0,Reader_2_8.csv
3000,0,0,0,Reader_2_9.csv
3000,22,21,1,reader_3_1.csv
3000,0,0,0,Reader_3_2.csv
3000,1,1,0,Reader_3_3.csv
3000,1,1,0,Reader_3_4.csv
3000,2,0,2,Reader_3_5.csv
3000,4,4,0,Reader_3_6.csv
3000,7,7,0,Reader_3_7.csv
3001,2,1,1,Reader_1_1.csv
3001,0,0,0,Reader_1_10.csv
3001,0,0,0,Reader_1_11.csv
3001,0,0,0,Reader_1_12.csv
3001,10,10,0,Reader_1_2.csv
3001,1,1,0,Reader_1_3.csv
3001,1,1,0,Reader_1_4.csv
3001,0,0,0,Reader_1_5.csv
3001,1,1,0,Reader_1_6.csv
3001,0,0,0,Reader_1_7.csv
3001,0,0,0,Reader_1_8.csv
3001,0,0,0,Reader_1_9.csv
3001,0,0,0,Reader_2_1.csv
3001,0,0,0,Reader_2_10.csv
3001,0,0,0,Reader_2_11.csv
3001,1,1,0,Reader_2_12.csv
3001,1,1,0,Reader_2_2.csv
3001,0,0,0,Reader_2_3.csv
3001,0,0,0,Reader_2_4.csv
3001,1,1,0,Reader_2_5.csv
3001,2,2,0,Reader_2_6.csv
3001,0,0,0,Reader_2_7.csv
3001,0,0,0,Reader_2_8.csv
3001,0,0,0,Reader_2_9.csv
3001,24,23,1,reader_3_1.csv
3001,1,0,1,Reader_3_2.csv
3001,3,3,0,Reader_3_3.csv
3001,3,3,0,Reader_3_4.csv
3001,3,1,2,Reader_3_5.csv
3001,3,3,0,Reader_3_6.csv
3001,6,6,0,Reader_3_7.csv
3002,3,2,1,Reader_1_1.csv
3002,0,0,0,Reader_1_10.csv
3002,0,0,0,Reader_1_11.csv
3002,0,0,0,Reader_1_12.csv
3002,7,7,0,Reader_1_2.csv
3002,2,2,0,Reader_1_3.csv
3002,1,1,0,Reader_1_4.csv
3002,1,1,0,Reader_1_5.csv
3002,2,2,0,Reader_1_6.csv
3002,0,0,0,Reader_1_7.csv
3002,1,0,1,Reader_1_8.csv
3002,0,0,0,Reader_1_9.csv
3002,0,0,0,Reader_2_1.csv
3002,0,0,0,Reader_2_10.csv
3002,1,1,0,Reader_2_11.csv
3002,1,1,0,Reader_2_12.csv
3002,1,1,0,Reader_2_2.csv
3002,0,0,0,Reader_2_3.csv
3002,0,0,0,Reader_2_4.csv
3002,1,1,0,Reader_2_5.csv
3002,2,2,0,Reader_2_6.csv
3002,0,0,0,Reader_2_7.csv
3002,0,0,0,Reader_2_8.csv
3002,0,0,0,Reader_2_9.csv
3002,22,21,1,reader_3_1.csv
3002,1,0,1,Reader_3_2.csv
3002,3,3,0,Reader_3_3.csv
3002,3,3,0,Reader_3_4.csv
3002,3,1,2,Reader_3_5.csv
3002,2,2,0,Reader_3_6.csv
3002,6,6,0,Reader_3_7.csv
3003,3,2,1,Reader_1_1.csv
3003,0,0,0,Reader_1_10.csv
3003,0,0,0,Reader_1_11.csv
3003,0,0,0,Reader_1_12.csv
3003,5,5,0,Reader_1_2.csv
3003,1,1,0,Reader_1_3.csv
3003,1,1,0,Reader_1_4.csv
3003,1,1,0,Reader_1_5.csv
3003,2,2,0,Reader_1_6.csv
3003,0,0,0,Reader_1_7.csv
3003,1,0,1,Reader_1_8.csv
3003,0,0,0,Reader_1_9.csv
3003,0,0,0,Reader_2_1.csv
3003,0,0,0,Reader_2_10.csv
3003,1,1,0,Reader_2_11.csv
3003,1,1,0,Reader_2_12.csv
3003,1,1,0,Reader_2_2.csv
3003,0,0,0,Reader_2_3.csv
3003,0,0,0,Reader_2_4.csv
3003,1,1,0,Reader_2_5.csv
3003,2,2,0,Reader_2_6.csv
3003,0,0,0,Reader_2_7.csv
3003,0,0,0,Reader_2_8.csv
3003,0,0,0,Reader_2_9.csv
3003,21,20,1,reader_3_1.csv
3003,1,0,1,Reader_3_2.csv
3003,3,3,0,Reader_3_3.csv
3003,3,3,0,Reader_3_4.csv
3003,3,1,2,Reader_3_5.csv
3003,3,2,1,Reader_3_6.csv
3003,7,7,0,Reader_3_7.csv
3004,2,1,1,Reader_1_1.csv
3004,0,0,0,Reader_1_10.csv
3004,0,0,0,Reader_1_11.csv
3004,1,0,1,Reader_1_12.csv
3004,5,5,0,Reader_1_2.csv
3004,1,1,0,Reader_1_3.csv
3004,1,1,0,Reader_1_4.csv
3004,1,1,0,Reader_1_5.csv
3004,2,2,0,Reader_1_6.csv
3004,0,0,0,Reader_1_7.csv
3004,1,0,1,Reader_1_8.csv
3004,0,0,0,Reader_1_9.csv
3004,0,0,0,Reader_2_1.csv
3004,0,0,0,Reader_2_10.csv
3004,1,1,0,Reader_2_11.csv
3004,2,2,0,Reader_2_12.csv
3004,0,0,0,Reader_2_2.csv
3004,0,0,0,Reader_2_3.csv
3004,0,0,0,Reader_2_4.csv
3004,1,1,0,Reader_2_5.csv
3004,2,2,0,Reader_2_6.csv
3004,0,0,0,Reader_2_7.csv
3004,0,0,0,Reader_2_8.csv
3004,0,0,0,Reader_2_9.csv
3004,17,16,1,reader_3_1.csv
3004,1,0,1,Reader_3_2.csv
3004,4,4,0,Reader_3_3.csv
3004,4,4,0,Reader_3_4.csv
3004,3,2,1,Reader_3_5.csv
3004,3,2,1,Reader_3_6.csv
3004,7,7,0,Reader_3_7.csv
3005,3,2,1,Reader_1_1.csv
3005,0,0,0,Reader_1_10.csv
3005,1,1,0,Reader_1_11.csv
3005,1,0,1,Reader_1_12.csv
3005,4,4,0,Reader_1_2.csv
3005,1,1,0,Reader_1_3.csv
3005,2,2,0,Reader_1_4.csv
3005,1,1,0,Reader_1_5.csv
3005,2,2,0,Reader_1_6.csv
3005,0,0,0,Reader_1_7.csv
3005,1,0,1,Reader_1_8.csv
3005,0,0,0,Reader_1_9.csv
3005,0,0,0,Reader_2_1.csv
3005,0,0,0,Reader_2_10.csv
3005,1,1,0,Reader_2_11.csv
3005,2,2,0,Reader_2_12.csv
3005,0,0,0,Reader_2_2.csv
3005,0,0,0,Reader_2_3.csv
3005,0,0,0,Reader_2_4.csv
3005,1,1,0,Reader_2_5.csv
3005,1,1,0,Reader_2_6.csv
3005,0,0,0,Reader_2_7.csv
3005,0,0,0,Reader_2_8.csv
3005,0,0,0,Reader_2_9.csv
3005,14,14,0,reader_3_1.csv
3005,1,0,1,Reader_3_2.csv
3005,4,4,0,Reader_3_3.csv
3005,4,4,0,Reader_3_4.csv
3005,4,4,0,Reader_3_5.csv
3005,5,4,1,Reader_3_6.csv
3005,6,6,0,Reader_3_7.csv
3006,3,2,1,Reader_1_1.csv
3006,0,0,0,Reader_1_10.csv
3006,1,1,0,Reader_1_11.csv
3006,1,0,1,Reader_1_12.csv
3006,6,6,0,Reader_1_2.csv
3006,1,1,0,Reader_1_3.csv
3006,2,2,0,Reader_1_4.csv
3006,1,1,0,Reader_1_5.csv
3006,1,1,0,Reader_1_6.csv
3006,0,0,0,Reader_1_7.csv
3006,1,0,1,Reader_1_8.csv
3006,0,0,0,Reader_1_9.csv
3006,0,0,0,Reader_2_1.csv
3006,1,1,0,Reader_2_10.csv
3006,1,1,0,Reader_2_11.csv
3006,2,2,0,Reader_2_12.csv
3006,0,0,0,Reader_2_2.csv
3006,0,0,0,Reader_2_3.csv
3006,0,0,0,Reader_2_4.csv
3006,1,1,0,Reader_2_5.csv
3006,0,0,0,Reader_2_6.csv
3006,0,0,0,Reader_2_7.csv
3006,0,0,0,Reader_2_8.csv
3006,0,0,0,Reader_2_9.csv
3006,11,11,0,reader_3_1.csv
3006,2,1,1,Reader_3_2.csv
3006,4,4,0,Reader_3_3.csv
3006,4,4,0,Reader_3_4.csv
3006,4,4,0,Reader_3_5.csv
3006,8,7,1,Reader_3_6.csv
3006,5,5,0,Reader_3_7.csv
3007,3,2,1,Reader_1_1.csv
3007,0,0,0,Reader_1_10.csv
3007,1,1,0,Reader_1_11.csv
3007,1,0,1,Reader_1_12.csv
3007,7,7,0,Reader_1_2.csv
3007,1,1,0,Reader_1_3.csv
3007,2,2,0,Reader_1_4.csv
3007,1,1,0,Reader_1_5.csv
3007,1,1,0,Reader_1_6.csv
3007,1,1,0,Reader_1_7.csv
3007,1,0,1,Reader_1_8.csv
3007,0,0,0,Reader_1_9.csv
3007,0,0,0,Reader_2_1.csv
3007,1,1,0,Reader_2_10.csv
3007,1,1,0,Reader_2_11.csv
3007,2,2,0,Reader_2_12.csv
3007,0,0,0,Reader_2_2.csv
3007,0,0,0,Reader_2_3.csv
3007,0,0,0,Reader_2_4.csv
3007,0,0,0,Reader_2_5.csv
3007,0,0,0,Reader_2_6.csv
3007,0,0,0,Reader_2_7.csv
3007,0,0,0,Reader_2_8.csv
3007,0,0,0,Reader_2_9.csv
3007,13,13,0,reader_3_1.csv
3007,2,1,1,Reader_3_2.csv
3007,4,4,0,Reader_3_3.csv
3007,4,4,0,Reader_3_4.csv
3007,4,4,0,Reader_3_5.csv
3007,8,7,1,Reader_3_6.csv
3007,2,2,0,Reader_3_7.csv
3008,3,2,1,Reader_1_1.csv
3008,0,0,0,Reader_1_10.csv
3008,2,2,0,Reader_1_11.csv
3008,1,0,1,Reader_1_12.csv
3008,8,8,0,Reader_1_2.csv
3008,1,1,0,Reader_1_3.csv
3008,1,1,0,Reader_1_4.csv
3008,1,1,0,Reader_1_5.csv
3008,1,1,0,Reader_1_6.csv
3008,1,1,0,Reader_1_7.csv
3008,1,0,1,Reader_1_8.csv
3008,0,0,0,Reader_1_9.csv
3008,0,0,0,Reader_2_1.csv
3008,1,1,0,Reader_2_10.csv
3008,1,1,0,Reader_2_11.csv
3008,2,2,0,Reader_2_12.csv
3008,0,0,0,Reader_2_2.csv
3008,0,0,0,Reader_2_3.csv
3008,0,0,0,Reader_2_4.csv
3008,0,0,0,Reader_2_5.csv
3008,0,0,0,Reader_2_6.csv
3008,0,0,0,Reader_2_7.csv
3008,0,0,0,Reader_2_8.csv
3008,0,0,0,Reader_2_9.csv
3008,13,13,0,reader_3_1.csv
3008,2,1,1,Reader_3_2.csv
3008,3,3,0,Reader_3_3.csv
3008,3,3,0,Reader_3_4.csv
3008,4,4,0,Reader_3_5.csv
3008,8,6,2,Reader_3_6.csv
3008,3,3,0,Reader_3_7.csv
3009,3,2,1,Reader_1_1.csv
3009,0,0,0,Reader_1_10.csv
3009,2,2,0,Reader_1_11.csv
3009,2,0,2,Reader_1_12.csv
3009,6,6,0,Reader_1_2.csv
3009,1,1,0,Reader_1_3.csv
3009,1,1,0,Reader_1_4.csv
3009,1,1,0,Reader_1_5.csv
3009,1,1,0,Reader_1_6.csv
3009,1,1,0,Reader_1_7.csv
3009,1,0,1,Reader_1_8.csv
3009,0,0,0,Reader_1_9.csv
3009,0,0,0,Reader_2_1.csv
3009,1,1,0,Reader_2_10.csv
3009,1,1,0,Reader_2_11.csv
3009,1,1,0,Reader_2_12.csv
3009,0,0,0,Reader_2_2.csv
3009,0,0,0,Reader_2_3.csv
3009,0,0,0,Reader_2_4.csv
3009,0,0,0,Reader_2_5.csv
3009,0,0,0,Reader_2_6.csv
3009,0,0,0,Reader_2_7.csv
3009,0,0,0,Reader_2_8.csv
3009,0,0,0,Reader_2_9.csv
3009,9,9,0,reader_3_1.csv
3009,3,2,1,Reader_3_2.csv
3009,1,1,0,Reader_3_3.csv
3009,1,1,0,Reader_3_4.csv
3009,3,3,0,Reader_3_5.csv
3009,8,6,2,Reader_3_6.csv
3009,3,3,0,Reader_3_7.csv
3010,2,1,1,Reader_1_1.csv
3010,0,0,0,Reader_1_10.csv
3010,2,2,0,Reader_1_11.csv
3010,2,0,2,Reader_1_12.csv
3010,8,7,1,Reader_1_2.csv
3010,0,0,0,Reader_1_3.csv
3010,1,1,0,Reader_1_4.csv
3010,0,0,0,Reader_1_5.csv
3010,0,0,0,Reader_1_6.csv
3010,1,1,0,Reader_1_7.csv
3010,0,0,0,Reader_1_8.csv
3010,0,0,0,Reader_1_9.csv
3010,0,0,0,Reader_2_1.csv
3010,1,1,0,Reader_2_10.csv
3010,0,0,0,Reader_2_11.csv
3010,1,1,0,Reader_2_12.csv
3010,0,0,0,Reader_2_2.csv
3010,0,0,0,Reader_2_3.csv
3010,0,0,0,Reader_2_4.csv
3010,0,0,0,Reader_2_5.csv
3010,0,0,0,Reader_2_6.csv
3010,0,0,0,Reader_2_7.csv
3010,0,0,0,Reader_2_8.csv
3010,0,0,0,Reader_2_9.csv
3010,9,9,0,reader_3_1.csv
3010,3,2,1,Reader_3_2.csv
3010,1,1,0,Reader_3_3.csv
3010,1,1,0,Reader_3_4.csv
3010,3,3,0,Reader_3_5.csv
3010,8,6,2,Reader_3_6.csv
3010,4,4,0,Reader_3_7.csv
3011,2,1,1,Reader_1_1.csv
3011,0,0,0,Reader_1_10.csv
3011,2,2,0,Reader_1_11.csv
3011,2,0,2,Reader_1_12.csv
3011,12,11,1,Reader_1_2.csv
3011,0,0,0,Reader_1_3.csv
3011,1,1,0,Reader_1_4.csv
3011,1,1,0,Reader_1_5.csv
3011,0,0,0,Reader_1_6.csv
3011,1,1,0,Reader_1_7.csv
3011,0,0,0,Reader_1_8.csv
3011,0,0,0,Reader_1_9.csv
3011,0,0,0,Reader_2_1.csv
3011,1,1,0,Reader_2_10.csv
3011,0,0,0,Reader_2_11.csv
3011,1,1,0,Reader_2_12.csv
3011,0,0,0,Reader_2_2.csv
3011,0,0,0,Reader_2_3.csv
3011,0,0,0,Reader_2_4.csv
3011,0,0,0,Reader_2_5.csv
3011,0,0,0,Reader_2_6.csv
3011,0,0,0,Reader_2_7.csv
3011,0,0,0,Reader_2_8.csv
3011,0,0,0,Reader_2_9.csv
3011,10,10,0,reader_3_1.csv
3011,4,3,1,Reader_3_2.csv
3011,2,2,0,Reader_3_3.csv
3011,2,2,0,Reader_3_4.csv
3011,3,3,0,Reader_3_5.csv
3011,9,8,1,Reader_3_6.csv
3011,4,4,0,Reader_3_7.csv
3012,3,2,1,Reader_1_1.csv
3012,0,0,0,Reader_1_10.csv
3012,2,2,0,Reader_1_11.csv
3012,1,0,1,Reader_1_12.csv
3012,13,12,1,Reader_1_2.csv
3012,0,0,0,Reader_1_3.csv
3012,1,1,0,Reader_1_4.csv
3012,1,1,0,Reader_1_5.csv
3012,0,0,0,Reader_1_6.csv
3012,1,1,0,Reader_1_7.csv
3012,0,0,0,Reader_1_8.csv
3012,0,0,0,Reader_1_9.csv
3012,0,0,0,Reader_2_1.csv
3012,1,1,0,Reader_2_10.csv
3012,0,0,0,Reader_2_11.csv
3012,0,0,0,Reader_2_12.csv
3012,0,0,0,Reader_2_2.csv
3012,0,0,0,Reader_2_3.csv
3012,0,0,0,Reader_2_4.csv
3012,0,0,0,Reader_2_5.csv
3012,0,0,0,Reader_2_6.csv
3012,0,0,0,Reader_2_7.csv
3012,0,0,0,Reader_2_8.csv
3012,0,0,0,Reader_2_9.csv
3012,8,8,0,reader_3_1.csv
3012,4,3,1,Reader_3_2.csv
3012,2,2,0,Reader_3_3.csv
3012,2,2,0,Reader_3_4.csv
3012,3,3,0,Reader_3_5.csv
3012,9,8,1,Reader_3_6.csv
3012,4,4,0,Reader_3_7.csv
3013,3,2,1,Reader_1_1.csv
3013,0,0,0,Reader_1_10.csv
3013,1,1,0,Reader_1_11.csv
3013,1,0,1,Reader_1_12.csv
3013,15,14,1,Reader_1_2.csv
3013,0,0,0,Reader_1_3.csv
3013,0,0,0,Reader_1_4.csv
3013,1,1,0,Reader_1_5.csv
3013,0,0,0,Reader_1_6.csv
3013,1,1,0,Reader_1_7.csv
3013,0,0,0,Reader_1_8.csv
3013,0,0,0,Reader_1_9.csv
3013,0,0,0,Reader_2_1.csv
3013,1,1,0,Reader_2_10.csv
3013,0,0,0,Reader_2_11.csv
3013,0,0,0,Reader_2_12.csv
3013,0,0,0,Reader_2_2.csv
3013,0,0,0,Reader_2_3.csv
3013,0,0,0,Reader_2_4.csv
3013,0,0,0,Reader_2_5.csv
3013,0,0,0,Reader_2_6.csv
3013,0,0,0,Reader_2_7.csv
3013,0,0,0,Reader_2_8.csv
3013,0,0,0,Reader_2_9.csv
3013,9,8,1,reader_3_1.csv
3013,4,3,1,Reader_3_2.csv
3013,4,4,0,Reader_3_3.csv
3013,4,4,0,Reader_3_4.csv
3013,2,2,0,Reader_3_5.csv
3013,7,6,1,Reader_3_6.csv
3013,5,5,0,Reader_3_7.csv
3014,4,3,1,Reader_1_1.csv
3014,0,0,0,Reader_1_10.csv
3014,1,1,0,Reader_1_11.csv
3014,1,0,1,Reader_1_12.csv
3014,12,11,1,Reader_1_2.csv
3014,0,0,0,Reader_1_3.csv
3014,0,0,0,Reader_1_4.csv
3014,1,1,0,Reader_1_5.csv
3014,0,0,0,Reader_1_6.csv
3014,1,1,0,Reader_1_7.csv
3014,0,0,0,Reader_1_8.csv
3014,1,1,0,Reader_1_9.csv
3014,0,0,0,Reader_2_1.csv
3014,0,0,0,Reader_2_10.csv
3014,0,0,0,Reader_2_11.csv
3014,0,0,0,Reader_2_12.csv
3014,0,0,0,Reader_2_2.csv
3014,1,1,0,Reader_2_3.csv
3014,0,0,0,Reader_2_4.csv
3014,0,0,0,Reader_2_5.csv
3014,0,0,0,Reader_2_6.csv
3014,0,0,0,Reader_2_7.csv
3014,0,0,0,Reader_2_8.csv
3014,0,0,0,Reader_2_9.csv
3014,9,8,1,reader_3_1.csv
3014,3,2,1,Reader_3_2.csv
3014,4,4,0,Reader_3_3.csv
3014,4,4,0,Reader_3_4.csv
3014,3,3,0,Reader_3_5.csv
3014,5,4,1,Reader_3_6.csv
3014,5,5,0,Reader_3_7.csv
3015,6,5,1,Reader_1_1.csv
3015,0,0,0,Reader_1_10.csv
3015,1,1,0,Reader_1_11.csv
3015,1,0,1,Reader_1_12.csv
3015,11,10,1,Reader_1_2.csv
3015,0,0,0,Reader_1_3.csv
3015,0,0,0,Reader_1_4.csv
3015,1,1,0,Reader_1_5.csv
3015,0,0,0,Reader_1_6.csv
3015,0,0,0,Reader_1_7.csv
3015,0,0,0,Reader_1_8.csv
3015,1,1,0,Reader_1_9.csv
3015,0,0,0,Reader_2_1.csv
3015,0,0,0,Reader_2_10.csv
3015,0,0,0,Reader_2_11.csv
3015,0,0,0,Reader_2_12.csv
3015,0,0,0,Reader_2_2.csv
3015,1,1,0,Reader_2_3.csv
3015,0,0,0,Reader_2_4.csv
3015,0,0,0,Reader_2_5.csv
3015,0,0,0,Reader_2_6.csv
3015,0,0,0,Reader_2_7.csv
3015,0,0,0,Reader_2_8.csv
3015,0,0,0,Reader_2_9.csv
3015,4,3,1,reader_3_1.csv
3015,5,3,2,Reader_3_2.csv
3015,6,6,0,Reader_3_3.csv
3015,6,6,0,Reader_3_4.csv
3015,3,3,0,Reader_3_5.csv
3015,6,5,1,Reader_3_6.csv
3015,5,5,0,Reader_3_7.csv
3016,6,5,1,Reader_1_1.csv
3016,0,0,0,Reader_1_10.csv
3016,0,0,0,Reader_1_11.csv
3016,1,0,1,Reader_1_12.csv
3016,9,8,1,Reader_1_2.csv
3016,0,0,0,Reader_1_3.csv
3016,0,0,0,Reader_1_4.csv
3016,1,1,0,Reader_1_5.csv
3016,0,0,0,Reader_1_6.csv
3016,0,0,0,Reader_1_7.csv
3016,0,0,0,Reader_1_8.csv
3016,1,1,0,Reader_1_9.csv
3016,0,0,0,Reader_2_1.csv
3016,0,0,0,Reader_2_10.csv
3016,0,0,0,Reader_2_11.csv
3016,1,1,0,Reader_2_12.csv
3016,0,0,0,Reader_2_2.csv
3016,1,1,0,Reader_2_3.csv
3016,0,0,0,Reader_2_4.csv
3016,0,0,0,Reader_2_5.csv
3016,0,0,0,Reader_2_6.csv
3016,0,0,0,Reader_2_7.csv
3016,0,0,0,Reader_2_8.csv
3016,0,0,0,Reader_2_9.csv
3016,4,3,1,reader_3_1.csv
3016,6,4,2,Reader_3_2.csv
3016,7,6,1,Reader_3_3.csv
3016,7,6,1,Reader_3_4.csv
3016,3,3,0,Reader_3_5.csv
3016,5,5,0,Reader_3_6.csv
3016,5,4,1,Reader_3_7.csv
3017,5,5,0,Reader_1_1.csv
3017,0,0,0,Reader_1_10.csv
3017,0,0,0,Reader_1_11.csv
3017,0,0,0,Reader_1_12.csv
3017,9,8,1,Reader_1_2.csv
3017,0,0,0,Reader_1_3.csv
3017,0,0,0,Reader_1_4.csv
3017,1,1,0,Reader_1_5.csv
3017,0,0,0,Reader_1_6.csv
3017,0,0,0,Reader_1_7.csv
3017,0,0,0,Reader_1_8.csv
3017,1,1,0,Reader_1_9.csv
3017,0,0,0,Reader_2_1.csv
3017,0,0,0,Reader_2_10.csv
3017,0,0,0,Reader_2_11.csv
3017,1,1,0,Reader_2_12.csv
3017,0,0,0,Reader_2_2.csv
3017,1,1,0,Reader_2_3.csv
3017,0,0,0,Reader_2_4.csv
3017,0,0,0,Reader_2_5.csv
3017,0,0,0,Reader_2_6.csv
3017,0,0,0,Reader_2_7.csv
3017,1,1,0,Reader_2_8.csv
3017,0,0,0,Reader_2_9.csv
3017,4,3,1,reader_3_1.csv
3017,4,3,1,Reader_3_2.csv
3017,7,6,1,Reader_3_3.csv
3017,7,6,1,Reader_3_4.csv
3017,3,3,0,Reader_3_5.csv
3017,6,5,1,Reader_3_6.csv
3017,7,6,1,Reader_3_7.csv
3018,6,6,0,Reader_1_1.csv
3018,0,0,0,Reader_1_10.csv
3018,0,0,0,Reader_1_11.csv
3018,0,0,0,Reader_1_12.csv
3018,7,7,0,Reader_1_2.csv
3018,0,0,0,Reader_1_3.csv
3018,0,0,0,Reader_1_4.csv
3018,1,1,0,Reader_1_5.csv
3018,0,0,0,Reader_1_6.csv
3018,0,0,0,Reader_1_7.csv
3018,0,0,0,Reader_1_8.csv
3018,1,1,0,Reader_1_9.csv
3018,1,1,0,Reader_2_1.csv
3018,0,0,0,Reader_2_10.csv
3018,0,0,0,Reader_2_11.csv
3018,1,1,0,Reader_2_12.csv
3018,0,0,0,Reader_2_2.csv
3018,1,1,0,Reader_2_3.csv
3018,0,0,0,Reader_2_4.csv
3018,0,0,0,Reader_2_5.csv
3018,0,0,0,Reader_2_6.csv
3018,0,0,0,Reader_2_7.csv
3018,1,1,0,Reader_2_8.csv
3018,0,0,0,Reader_2_9.csv
3018,4,3,1,reader_3_1.csv
3018,4,3,1,Reader_3_2.csv
3018,10,9,1,Reader_3_3.csv
3018,10,9,1,Reader_3_4.csv
3018,3,3,0,Reader_3_5.csv
3018,7,6,1,Reader_3_6.csv
3018,6,5,1,Reader_3_7.csv
3019,7,7,0,Reader_1_1.csv
3019,0,0,0,Reader_1_10.csv
3019,0,0,0,Reader_1_11.csv
3019,0,0,0,Reader_1_12.csv
3019,5,5,0,Reader_1_2.csv
3019,0,0,0,Reader_1_3.csv
3019,0,0,0,Reader_1_4.csv
3019,0,0,0,Reader_1_5.csv
3019,0,0,0,Reader_1_6.csv
3019,0,0,0,Reader_1_7.csv
3019,0,0,0,Reader_1_8.csv
3019,1,1,0,Reader_1_9.csv
3019,1,1,0,Reader_2_1.csv
3019,0,0,0,Reader_2_10.csv
3019,0,0,0,Reader_2_11.csv
3019,1,1,0,Reader_2_12.csv
3019,0,0,0,Reader_2_2.csv
3019,1,1,0,Reader_2_3.csv
3019,0,0,0,Reader_2_4.csv
3019,0,0,0,Reader_2_5.csv
3019,0,0,0,Reader_2_6.csv
3019,0,0,0,Reader_2_7.csv
3019,1,1,0,Reader_2_8.csv
3019,0,0,0,Reader_2_9.csv
3019,3,2,1,reader_3_1.csv
3019,4,3,1,Reader_3_2.csv
3019,9,8,1,Reader_3_3.csv
3019,9,8,1,Reader_3_4.csv
3019,3,3,0,Reader_3_5.csv
3019,6,5,1,Reader_3_6.csv
3019,6,4,2,Reader_3_7.csv
3020,6,6,0,Reader_1_1.csv
3020,0,0,0,Reader_1_10.csv
3020,0,0,0,Reader_1_11.csv
3020,0,0,0,Reader_1_12.csv
3020,4,4,0,Reader_1_2.csv
3020,0,0,0,Reader_1_3.csv
3020,0,0,0,Reader_1_4.csv
3020,0,0,0,Reader_1_5.csv
3020,1,1,0,Reader_1_6.csv
3020,0,0,0,Reader_1_7.csv
3020,0,0,0,Reader_1_8.csv
3020,1,1,0,Reader_1_9.csv
3020,1,1,0,Reader_2_1.csv
3020,0,0,0,Reader_2_10.csv
3020,0,0,0,Reader_2_11.csv
3020,1,1,0,Reader_2_12.csv
3020,0,0,0,Reader_2_2.csv
3020,1,1,0,Reader_2_3.csv
3020,0,0,0,Reader_2_4.csv
3020,0,0,0,Reader_2_5.csv
3020,0,0,0,Reader_2_6.csv
3020,0,0,0,Reader_2_7.csv
3020,1,1,0,Reader_2_8.csv
3020,0,0,0,Reader_2_9.csv
3020,3,2,1,reader_3_1.csv
3020,5,4,1,Reader_3_2.csv
3020,10,9,1,Reader_3_3.csv
3020,10,9,1,Reader_3_4.csv
3020,2,2,0,Reader_3_5.csv
3020,5,4,1,Reader_3_6.csv
3020,7,5,2,Reader_3_7.csv
3021,5,5,0,Reader_1_1.csv
3021,0,0,0,Reader_1_10.csv
3021,0,0,0,Reader_1_11.csv
3021,0,0,0,Reader_1_12.csv
3021,3,3,0,Reader_1_2.csv
3021,0,0,0,Reader_1_3.csv
3021,0,0,0,Reader_1_4.csv
3021,0,0,0,Reader_1_5.csv
3021,1,1,0,Reader_1_6.csv
3021,0,0,0,Reader_1_7.csv
3021,0,0,0,Reader_1_8.csv
3021,1,1,0,Reader_1_9.csv
3021,1,1,0,Reader_2_1.csv
3021,0,0,0,Reader_2_10.csv
3021,0,0,0,Reader_2_11.csv
3021,1,1,0,Reader_2_12.csv
3021,0,0,0,Reader_2_2.csv
3021,1,1,0,Reader_2_3.csv
3021,0,0,0,Reader_2_4.csv
3021,0,0,0,Reader_2_5.csv
3021,0,0,0,Reader_2_6.csv
3021,0,0,0,Reader_2_7.csv
3021,1,1,0,Reader_2_8.csv
3021,0,0,0,Reader_2_9.csv
3021,1,1,0,reader_3_1.csv
3021,6,4,2,Reader_3_2.csv
3021,9,8,1,Reader_3_3.csv
3021,9,8,1,Reader_3_4.csv
3021,2,2,0,Reader_3_5.csv
3021,5,4,1,Reader_3_6.csv
3021,6,4,2,Reader_3_7.csv
3022,4,4,0,Reader_1_1.csv
3022,0,0,0,Reader_1_10.csv
3022,0,0,0,Reader_1_11.csv
3022,0,0,0,Reader_1_12.csv
3022,5,5,0,Reader_1_2.csv
3022,1,1,0,Reader_1_3.csv
3022,0,0,0,Reader_1_4.csv
3022,0,0,0,Reader_1_5.csv
3022,1,1,0,Reader_1_6.csv
3022,0,0,0,Reader_1_7.csv
3022,0,0,0,Reader_1_8.csv
3022,0,0,0,Reader_1_9.csv
3022,1,1,0,Reader_2_1.csv
3022,0,0,0,Reader_2_10.csv
3022,0,0,0,Reader_2_11.csv
3022,1,1,0,Reader_2_12.csv
3022,0,0,0,Reader_2_2.csv
3022,0,0,0,Reader_2_3.csv
3022,0,0,0,Reader_2_4.csv
3022,0,0,0,Reader_2_5.csv
3022,0,0,0,Reader_2_6.csv
3022,0,0,0,Reader_2_7.csv
3022,1,1,0,Reader_2_8.csv
3022,0,0,0,Reader_2_9.csv
3022,2,2,0,reader_3_1.csv
3022,7,4,3,Reader_3_2.csv
3022,9,8,1,Reader_3_3.csv
3022,9,8,1,Reader_3_4.csv
3022,1,1,0,Reader_3_5.csv
3022,5,4,1,Reader_3_6.csv
3022,6,4,2,Reader_3_7.csv
3023,2,2,0,Reader_1_1.csv
3023,0,0,0,Reader_1_10.csv
3023,0,0,0,Reader_1_11.csv
3023,0,0,0,Reader_1_12.csv
3023,5,5,0,Reader_1_2.csv
3023,1,1,0,Reader_1_3.csv
3023,0,0,0,Reader_1_4.csv
3023,1,1,0,Reader_1_5.csv
3023,1,1,0,Reader_1_6.csv
3023,0,0,0,Reader_1_7.csv
3023,0,0,0,Reader_1_8.csv
3023,0,0,0,Reader_1_9.csv
3023,1,1,0,Reader_2_1.csv
3023,0,0,0,Reader_2_10.csv
3023,0,0,0,Reader_2_11.csv
3023,1,1,0,Reader_2_12.csv
3023,0,0,0,Reader_2_2.csv
3023,0,0,0,Reader_2_3.csv
3023,0,0,0,Reader_2_4.csv
3023,0,0,0,Reader_2_5.csv
3023,1,1,0,Reader_2_6.csv
3023,0,0,0,Reader_2_7.csv
3023,1,1,0,Reader_2_8.csv
3023,0,0,0,Reader_2_9.csv
3023,3,3,0,reader_3_1.csv
3023,6,4,2,Reader_3_2.csv
3023,9,8,1,Reader_3_3.csv
3023,9,8,1,Reader_3_4.csv
3023,1,1,0,Reader_3_5.csv
3023,4,3,1,Reader_3_6.csv
3023,5,3,2,Reader_3_7.csv
3024,2,2,0,Reader_1_1.csv
3024,0,0,0,Reader_1_10.csv
3024,0,0,0,Reader_1_11.csv
3024,0,0,0,Reader_1_12.csv
3024,5,5,0,Reader_1_2.csv
3024,1,1,0,Reader_1_3.csv
3024,0,0,0,Reader_1_4.csv
3024,1,1,0,Reader_1_5.csv
3024,1,1,0,Reader_1_6.csv
3024,0,0,0,Reader_1_7.csv
3024,0,0,0,Reader_1_8.csv
3024,0,0,0,Reader_1_9.csv
3024,2,2,0,Reader_2_1.csv
3024,0,0,0,Reader_2_10.csv
3024,0,0,0,Reader_2_11.csv
3024,0,0,0,Reader_2_12.csv
3024,0,0,0,Reader_2_2.csv
3024,0,0,0,Reader_2_3.csv
3024,0,0,0,Reader_2_4.csv
3024,0,0,0,Reader_2_5.csv
3024,2,2,0,Reader_2_6.csv
3024,0,0,0,Reader_2_7.csv
3024,1,1,0,Reader_2_8.csv
3024,0,0,0,Reader_2_9.csv
3024,3,3,0,reader_3_1.csv
3024,5,3,2,Reader_3_2.csv
3024,9,9,0,Reader_3_3.csv
3024,9,9,0,Reader_3_4.csv
3024,2,2,0,Reader_3_5.csv
3024,4,3,1,Reader_3_6.csv
3024,5,3,2,Reader_3_7.csv
3025,2,2,0,Reader_1_1.csv
3025,0,0,0,Reader_1_10.csv
3025,0,0,0,Reader_1_11.csv
3025,1,0,1,Reader_1_12.csv
3025,7,7,0,Reader_1_2.csv
3025,1,1,0,Reader_1_3.csv
3025,0,0,0,Reader_1_4.csv
3025,1,1,0,Reader_1_5.csv
3025,1,1,0,Reader_1_6.csv
3025,0,0,0,Reader_1_7.csv
3025,0,0,0,Reader_1_8.csv
3025,0,0,0,Reader_1_9.csv
3025,2,2,0,Reader_2_1.csv
3025,0,0,0,Reader_2_10.csv
3025,0,0,0,Reader_2_11.csv
3025,0,0,0,Reader_2_12.csv
3025,0,0,0,Reader_2_2.csv
3025,0,0,0,Reader_2_3.csv
3025,0,0,0,Reader_2_4.csv
3025,0,0,0,Reader_2_5.csv
3025,3,3,0,Reader_2_6.csv
3025,0,0,0,Reader_2_7.csv
3025,0,0,0,Reader_2_8.csv
3025,0,0,0,Reader_2_9.csv
3025,3,3,0,reader_3_1.csv
3025,6,3,3,Reader_3_2.csv
3025,12,11,1,Reader_3_3.csv
3025,12,11,1,Reader_3_4.csv
3025,2,2,0,Reader_3_5.csv
3025,3,3,0,Reader_3_6.csv
3025,3,1,2,Reader_3_7.csv
3026,1,1,0,Reader_1_1.csv
3026,0,0,0,Reader_1_10.csv
3026,0,0,0,Reader_1_11.csv
3026,1,0,1,Reader_1_12.csv
3026,7,7,0,Reader_1_2.csv
3026,1,1,0,Reader_1_3.csv
3026,0,0,0,Reader_1_4.csv
3026,1,1,0,Reader_1_5.csv
3026,1,1,0,Reader_1_6.csv
3026,0,0,0,Reader_1_7.csv
3026,0,0,0,Reader_1_8.csv
3026,0,0,0,Reader_1_9.csv
3026,1,1,0,Reader_2_1.csv
3026,0,0,0,Reader_2_10.csv
3026,0,0,0,Reader_2_11.csv
3026,0,0,0,Reader_2_12.csv
3026,1,1,0,Reader_2_2.csv
3026,0,0,0,Reader_2_3.csv
3026,0,0,0,Reader_2_4.csv
3026,0,0,0,Reader_2_5.csv
3026,3,3,0,Reader_2_6.csv
3026,0,0,0,Reader_2_7.csv
3026,0,0,0,Reader_2_8.csv
3026,0,0,0,Reader_2_9.csv
3026,3,3,0,reader_3_1.csv
3026,6,3,3,Reader_3_2.csv
3026,15,14,1,Reader_3_3.csv
3026,15,14,1,Reader_3_4.csv
3026,3,3,0,Reader_3_5.csv
3026,3,2,1,Reader_3_6.csv
3026,3,1,2,Reader_3_7.csv
3027,0,0,0,Reader_1_1.csv
3027,0,0,0,Reader_1_10.csv
3027,0,0,0,Reader_1_11.csv
3027,1,0,1,Reader_1_12.csv
3027,6,6,0,Reader_1_2.csv
3027,1,1,0,Reader_1_3.csv
3027,0,0,0,Reader_1_4.csv
3027,1,1,0,Reader_1_5.csv
3027,1,1,0,Reader_1_6.csv
3027,0,0,0,Reader_1_7.csv
3027,0,0,0,Reader_1_8.csv
3027,0,0,0,Reader_1_9.csv
3027,1,1,0,Reader_2_1.csv
3027,0,0,0,Reader_2_10.csv
3027,0,0,0,Reader_2_11.csv
3027,0,0,0,Reader_2_12.csv
3027,1,1,0,Reader_2_2.csv
3027,0,0,0,Reader_2_3.csv
3027,0,0,0,Reader_2_4.csv
3027,0,0,0,Reader_2_5.csv
3027,3,3,0,Reader_2_6.csv
3027,0,0,0,Reader_2_7.csv
3027,0,0,0,Reader_2_8.csv
3027,0,0,0,Reader_2_9.csv
3027,4,4,0,reader_3_1.csv
3027,7,4,3,Reader_3_2.csv
3027,16,15,1,Reader_3_3.csv
3027,16,15,1,Reader_3_4.csv
3027,3,3,0,Reader_3_5.csv
3027,2,1,1,Reader_3_6.csv
3027,2,1,1,Reader_3_7.csv
3028,0,0,0,Reader_1_1.csv
3028,0,0,0,Reader_1_10.csv
3028,0,0,0,Reader_1_11.csv
3028,1,0,1,Reader_1_12.csv
3028,8,7,1,Reader_1_2.csv
3028,1,1,0,Reader_1_3.csv
3028,0,0,0,Reader_1_4.csv
3028,1,1,0,Reader_1_5.csv
3028,0,0,0,Reader_1_6.csv
3028,1,1,0,Reader_1_7.csv
3028,0,0,0,Reader_1_8.csv
3028,0,0,0,Reader_1_9.csv
3028,1,1,0,Reader_2_1.csv
3028,0,0,0,Reader_2_10.csv
3028,0,0,0,Reader_2_11.csv
3028,0,0,0,Reader_2_12.csv
3028,2,2,0,Reader_2_2.csv
3028,0,0,0,Reader_2_3.csv
3028,0,0,0,Reader_2_4.csv
3028,0,0,0,Reader_2_5.csv
3028,3,3,0,Reader_2_6.csv
3028,0,0,0,Reader_2_7.csv
3028,0,0,0,Reader_2_8.csv
3028,0,0,0,Reader_2_9.csv
3028,5,5,0,reader_3_1.csv
3028,7,3,4,Reader_3_2.csv
3028,15,14,1,Reader_3_3.csv
3028,15,14,1,Reader_3_4.csv
3028,3,3,0,Reader_3_5.csv
3028,2,1,1,Reader_3_6.csv
3028,1,0,1,Reader_3_7.csv
3029,0,0,0,Reader_1_1.csv
3029,0,0,0,Reader_1_10.csv
3029,0,0,0,Reader_1_11.csv
3029,1,0,1,Reader_1_12.csv
3029,7,6,1,Reader_1_2.csv
3029,1,1,0,Reader_1_3.csv
3029,1,1,0,Reader_1_4.csv
3029,1,1,0,Reader_1_5.csv
3029,0,0,0,Reader_1_6.csv
3029,1,1,0,Reader_1_7.csv
3029,0,0,0,Reader_1_8.csv
3029,0,0,0,Reader_1_9.csv
3029,2,2,0,Reader_2_1.csv
3029,0,0,0,Reader_2_10.csv
3029,0,0,0,Reader_2_11.csv
3029,0,0,0,Reader_2_12.csv
3029,2,2,0,Reader_2_2.csv
3029,0,0,0,Reader_2_3.csv
3029,0,0,0,Reader_2_4.csv
3029,0,0,0,Reader_2_5.csv
3029,3,3,0,Reader_2_6.csv
3029,0,0,0,Reader_2_7.csv
3029,0,0,0,Reader_2_8.csv
3029,0,0,0,Reader_2_9.csv
3029,5,5,0,reader_3_1.csv
3029,7,4,3,Reader_3_2.csv
3029,16,15,1,Reader_3_3.csv
3029,16,15,1,Reader_3_4.csv
3029,2,2,0,Reader_3_5.csv
3029,2,1,1,Reader_3_6.csv
3029,2,1,1,Reader_3_7.csv
3030,0,0,0,Reader_1_1.csv
3030,0,0,0,Reader_1_10.csv
3030,0,0,0,Reader_1_11.csv
3030,1,0,1,Reader_1_12.csv
3030,6,5,1,Reader_1_2.csv
3030,0,0,0,Reader_1_3.csv
3030,1,1,0,Reader_1_4.csv
3030,1,1,0,Reader_1_5.csv
3030,0,0,0,Reader_1_6.csv
3030,1,1,0,Reader_1_7.csv
3030,0,0,0,Reader_1_8.csv
3030,0,0,0,Reader_1_9.csv
3030,2,2,0,Reader_2_1.csv
3030,0,0,0,Reader_2_10.csv
3030,0,0,0,Reader_2_11.csv
3030,0,0,0,Reader_2_12.csv
3030,2,2,0,Reader_2_2.csv
3030,0,0,0,Reader_2_3.csv
3030,0,0,0,Reader_2_4.csv
3030,0,0,0,Reader_2_5.csv
3030,3,3,0,Reader_2_6.csv
3030,0,0,0,Reader_2_7.csv
3030,0,0,0,Reader_2_8.csv
3030,0,0,0,Reader_2_9.csv
3030,5,4,1,reader_3_1.csv
3030,8,6,2,Reader_3_2.csv
3030,16,15,1,Reader_3_3.csv
3030,16,15,1,Reader_3_4.csv
3030,4,4,0,Reader_3_5.csv
3030,1,0,1,Reader_3_6.csv
3030,2,1,1,Reader_3_7.csv
3031,0,0,0,Reader_1_1.csv
3031,0,0,0,Reader_1_10.csv
3031,0,0,0,Reader_1_11.csv
3031,1,0,1,Reader_1_12.csv
3031,7,6,1,Reader_1_2.csv
3031,0,0,0,Reader_1_3.csv
3031,1,1,0,Reader_1_4.csv
3031,0,0,0,Reader_1_5.csv
3031,0,0,0,Reader_1_6.csv
3031,1,1,0,Reader_1_7.csv
3031,0,0,0,Reader_1_8.csv
3031,0,0,0,Reader_1_9.csv
3031,2,2,0,Reader_2_1.csv
3031,0,0,0,Reader_2_10.csv
3031,0,0,0,Reader_2_11.csv
3031,0,0,0,Reader_2_12.csv
3031,2,2,0,Reader_2_2.csv
3031,0,0,0,Reader_2_3.csv
3031,0,0,0,Reader_2_4.csv
3031,0,0,0,Reader_2_5.csv
3031,2,2,0,Reader_2_6.csv
3031,0,0,0,Reader_2_7.csv
3031,0,0,0,Reader_2_8.csv
3031,0,0,0,Reader_2_9.csv
3031,4,3,1,reader_3_1.csv
3031,7,5,2,Reader_3_2.csv
3031,17,14,3,Reader_3_3.csv
3031,17,14,3,Reader_3_4.csv
3031,6,6,0,Reader_3_5.csv
3031,1,0,1,Reader_3_6.csv
3031,2,1,1,Reader_3_7.csv
3032,0,0,0,Reader_1_1.csv
3032,0,0,0,Reader_1_10.csv
3032,0,0,0,Reader_1_11.csv
3032,1,0,1,Reader_1_12.csv
3032,8,7,1,Reader_1_2.csv
3032,0,0,0,Reader_1_3.csv
3032,1,1,0,Reader_1_4.csv
3032,0,0,0,Reader_1_5.csv
3032,0,0,0,Reader_1_6.csv
3032,1,1,0,Reader_1_7.csv
3032,0,0,0,Reader_1_8.csv
3032,0,0,0,Reader_1_9.csv
3032,1,1,0,Reader_2_1.csv
3032,0,0,0,Reader_2_10.csv
3032,0,0,0,Reader_2_11.csv
3032,0,0,0,Reader_2_12.csv
3032,2,2,0,Reader_2_2.csv
3032,0,0,0,Reader_2_3.csv
3032,0,0,0,Reader_2_4.csv
3032,0,0,0,Reader_2_5.csv
3032,2,2,0,Reader_2_6.csv
3032,0,0,0,Reader_2_7.csv
3032,0,0,0,Reader_2_8.csv
3032,0,0,0,Reader_2_9.csv
3032,5,4,1,reader_3_1.csv
3032,8,6,2,Reader_3_2.csv
3032,16,13,3,Reader_3_3.csv
3032,16,13,3,Reader_3_4.csv
3032,6,6,0,Reader_3_5.csv
3032,1,0,1,Reader_3_6.csv
3032,1,1,0,Reader_3_7.csv
3033,1,1,0,Reader_1_1.csv
3033,0,0,0,Reader_1_10.csv
3033,0,0,0,Reader_1_11.csv
3033,0,0,0,Reader_1_12.csv
3033,6,5,1,Reader_1_2.csv
3033,0,0,0,Reader_1_3.csv
3033,1,1,0,Reader_1_4.csv
3033,0,0,0,Reader_1_5.csv
3033,0,0,0,Reader_1_6.csv
3033,1,1,0,Reader_1_7.csv
3033,0,0,0,Reader_1_8.csv
3033,0,0,0,Reader_1_9.csv
3033,1,1,0,Reader_2_1.csv
3033,0,0,0,Reader_2_10.csv
3033,0,0,0,Reader_2_11.csv
3033,1,1,0,Reader_2_12.csv
3033,3,3,0,Reader_2_2.csv
3033,0,0,0,Reader_2_3.csv
3033,0,0,0,Reader_2_4.csv
3033,0,0,0,Reader_2_5.csv
3033,1,1,0,Reader_2_6.csv
3033,0,0,0,Reader_2_7.csv
3033,0,0,0,Reader_2_8.csv
3033,0,0,0,Reader_2_9.csv
3033,5,4,1,reader_3_1.csv
3033,7,6,1,Reader_3_2.csv
3033,13,11,2,Reader_3_3.csv
3033,13,11,2,Reader_3_4.csv
3033,6,6,0,Reader_3_5.csv
3033,2,1,1,Reader_3_6.csv
3033,1,1,0,Reader_3_7.csv
3034,1,1,0,Reader_1_1.csv
3034,0,0,0,Reader_1_10.csv
3034,0,0,0,Reader_1_11.csv
3034,0,0,0,Reader_1_12.csv
3034,6,5,1,Reader_1_2.csv
3034,0,0,0,Reader_1_3.csv
3034,2,2,0,Reader_1_4.csv
3034,0,0,0,Reader_1_5.csv
3034,0,0,0,Reader_1_6.csv
3034,1,1,0,Reader_1_7.csv
3034,0,0,0,Reader_1_8.csv
3034,0,0,0,Reader_1_9.csv
3034,1,1,0,Reader_2_1.csv
3034,0,0,0,Reader_2_10.csv
3034,0,0,0,Reader_2_11.csv
3034,1,1,0,Reader_2_12.csv
3034,3,3,0,Reader_2_2.csv
3034,0,0,0,Reader_2_3.csv
3034,0,0,0,Reader_2_4.csv
3034,1,1,0,Reader_2_5.csv
3034,1,1,0,Reader_2_6.csv
3034,0,0,0,Reader_2_7.csv
3034,0,0,0,Reader_2_8.csv
3034,0,0,0,Reader_2_9.csv
3034,7,6,1,reader_3_1.csv
3034,8,7,1,Reader_3_2.csv
3034,7,5,2,Reader_3_3.csv
3034,7,5,2,Reader_3_4.csv
3034,6,6,0,Reader_3_5.csv
3034,1,1,0,Reader_3_6.csv
3034,1,1,0,Reader_3_7.csv
3035,1,1,0,Reader_1_1.csv
3035,0,0,0,Reader_1_10.csv
3035,0,0,0,Reader_1_11.csv
3035,0,0,0,Reader_1_12.csv
3035,5,4,1,Reader_1_2.csv
3035,0,0,0,Reader_1_3.csv
3035,2,2,0,Reader_1_4.csv
3035,0,0,0,Reader_1_5.csv
3035,0,0,0,Reader_1_6.csv
3035,2,2,0,Reader_1_7.csv
3035,0,0,0,Reader_1_8.csv
3035,0,0,0,Reader_1_9.csv
3035,1,1,0,Reader_2_1.csv
3035,0,0,0,Reader_2_10.csv
3035,0,0,0,Reader_2_11.csv
3035,1,1,0,Reader_2_12.csv
3035,4,4,0,Reader_2_2.csv
3035,0,0,0,Reader_2_3.csv
3035,0,0,0,Reader_2_4.csv
3035,1,1,0,Reader_2_5.csv
3035,1,1,0,Reader_2_6.csv
3035,0,0,0,Reader_2_7.csv
3035,0,0,0,Reader_2_8.csv
3035,0,0,0,Reader_2_9.csv
3035,7,6,1,reader_3_1.csv
3035,6,5,1,Reader_3_2.csv
3035,6,4,2,Reader_3_3.csv
3035,6,4,2,Reader_3_4.csv
3035,8,8,0,Reader_3_5.csv
3035,2,1,1,Reader_3_6.csv
3035,1,1,0,Reader_3_7.csv
3036,1,1,0,Reader_1_1.csv
3036,0,0,0,Reader_1_10.csv
3036,0,0,0,Reader_1_11.csv
3036,1,0,1,Reader_1_12.csv
3036,3,3,0,Reader_1_2.csv
3036,0,0,0,Reader_1_3.csv
3036,3,3,0,Reader_1_4.csv
3036,0,0,0,Reader_1_5.csv
3036,1,1,0,Reader_1_6.csv
3036,1,1,0,Reader_1_7.csv
3036,1,1,0,Reader_1_8.csv
3036,0,0,0,Reader_1_9.csv
3036,2,2,0,Reader_2_1.csv
3036,0,0,0,Reader_2_10.csv
3036,0,0,0,Reader_2_11.csv
3036,1,1,0,Reader_2_12.csv
3036,3,3,0,Reader_2_2.csv
3036,0,0,0,Reader_2_3.csv
3036,0,0,0,Reader_2_4.csv
3036,1,1,0,Reader_2_5.csv
3036,2,2,0,Reader_2_6.csv
3036,0,0,0,Reader_2_7.csv
3036,0,0,0,Reader_2_8.csv
3036,0,0,0,Reader_2_9.csv
3036,6,5,1,reader_3_1.csv
3036,5,5,0,Reader_3_2.csv
3036,5,3,2,Reader_3_3.csv
3036,5,3,2,Reader_3_4.csv
3036,8,8,0,Reader_3_5.csv
3036,2,1,1,Reader_3_6.csv
3036,1,1,0,Reader_3_7.csv
3037,2,2,0,Reader_1_1.csv
3037,0,0,0,Reader_1_10.csv
3037,0,0,0,Reader_1_11.csv
3037,1,0,1,Reader_1_12.csv
3037,3,3,0,Reader_1_2.csv
3037,0,0,0,Reader_1_3.csv
3037,3,2,1,Reader_1_4.csv
3037,1,1,0,Reader_1_5.csv
3037,1,1,0,Reader_1_6.csv
3037,1,1,0,Reader_1_7.csv
3037,1,1,0,Reader_1_8.csv
3037,0,0,0,Reader_1_9.csv
3037,1,1,0,Reader_2_1.csv
3037,0,0,0,Reader_2_10.csv
3037,0,0,0,Reader_2_11.csv
3037,2,2,0,Reader_2_12.csv
3037,3,3,0,Reader_2_2.csv
3037,0,0,0,Reader_2_3.csv
3037,0,0,0,Reader_2_4.csv
3037,1,1,0,Reader_2_5.csv
3037,3,3,0,Reader_2_6.csv
3037,0,0,0,Reader_2_7.csv
3037,0,0,0,Reader_2_8.csv
3037,0,0,0,Reader_2_9.csv
3037,6,5,1,reader_3_1.csv
3037,4,4,0,Reader_3_2.csv
3037,5,3,2,Reader_3_3.csv
3037,5,3,2,Reader_3_4.csv
3037,8,8,0,Reader_3_5.csv
3037,2,1,1,Reader_3_6.csv
3037,0,0,0,Reader_3_7.csv
3038,3,3,0,Reader_1_1.csv
3038,0,0,0,Reader_1_10.csv
3038,0,0,0,Reader_1_11.csv
3038,1,0,1,Reader_1_12.csv
3038,2,2,0,Reader_1_2.csv
3038,0,0,0,Reader_1_3.csv
3038,3,2,1,Reader_1_4.csv
3038,1,1,0,Reader_1_5.csv
3038,1,1,0,Reader_1_6.csv
3038,1,1,0,Reader_1_7.csv
3038,1,1,0,Reader_1_8.csv
3038,0,0,0,Reader_1_9.csv
3038,1,1,0,Reader_2_1.csv
3038,0,0,0,Reader_2_10.csv
3038,0,0,0,Reader_2_11.csv
3038,2,2,0,Reader_2_12.csv
3038,4,3,1,Reader_2_2.csv
3038,0,0,0,Reader_2_3.csv
3038,1,1,0,Reader_2_4.csv
3038,1,1,0,Reader_2_5.csv
3038,5,5,0,Reader_2_6.csv
3038,0,0,0,Reader_2_7.csv
3038,0,0,0,Reader_2_8.csv
3038,0,0,0,Reader_2_9.csv
3038,5,5,0,reader_3_1.csv
3038,3,3,0,Reader_3_2.csv
3038,5,3,2,Reader_3_3.csv
3038,5,3,2,Reader_3_4.csv
3038,6,6,0,Reader_3_5.csv
3038,2,1,1,Reader_3_6.csv
3038,0,0,0,Reader_3_7.csv
3039,3,3,0,Reader_1_1.csv
3039,0,0,0,Reader_1_10.csv
3039,1,1,0,Reader_1_11.csv
3039,1,0,1,Reader_1_12.csv
3039,3,3,0,Reader_1_2.csv
3039,0,0,0,Reader_1_3.csv
3039,3,2,1,Reader_1_4.csv
3039,1,1,0,Reader_1_5.csv
3039,1,1,0,Reader_1_6.csv
3039,1,1,0,Reader_1_7.csv
3039,1,1,0,Reader_1_8.csv
3039,0,0,0,Reader_1_9.csv
3039,1,1,0,Reader_2_1.csv
3039,0,0,0,Reader_2_10.csv
3039,0,0,0,Reader_2_11.csv
3039,2,2,0,Reader_2_12.csv
3039,5,3,2,Reader_2_2.csv
3039,0,0,0,Reader_2_3.csv
3039,1,1,0,Reader_2_4.csv
3039,2,2,0,Reader_2_5.csv
3039,5,5,0,Reader_2_6.csv
3039,0,0,0,Reader_2_7.csv
3039,0,0,0,Reader_2_8.csv
3039,0,0,0,Reader_2_9.csv
3039,5,5,0,reader_3_1.csv
3039,3,3,0,Reader_3_2.csv
3039,3,2,1,Reader_3_3.csv
3039,3,2,1,Reader_3_4.csv
3039,4,4,0,Reader_3_5.csv
3039,2,1,1,Reader_3_6.csv
3039,0,0,0,Reader_3_7.csv
3040,3,3,0,Reader_1_1.csv
3040,0,0,0,Reader_1_10.csv
3040,1,1,0,Reader_1_11.csv
3040,1,0,1,Reader_1_12.csv
3040,2,2,0,Reader_1_2.csv
3040,0,0,0,Reader_1_3.csv
3040,4,3,1,Reader_1_4.csv
3040,1,1,0,Reader_1_5.csv
3040,2,2,0,Reader_1_6.csv
3040,1,1,0,Reader_1_7.csv
3040,1,1,0,Reader_1_8.csv
3040,0,0,0,Reader_1_9.csv
3040,1,1,0,Reader_2_1.csv
3040,0,0,0,Reader_2_10.csv
3040,0,0,0,Reader_2_11.csv
3040,2,2,0,Reader_2_12.csv
3040,6,4,2,Reader_2_2.csv
3040,0,0,0,Reader_2_3.csv
3040,1,1,0,Reader_2_4.csv
3040,2,2,0,Reader_2_5.csv
3040,4,4,0,Reader_2_6.csv
3040,0,0,0,Reader_2_7.csv
3040,0,0,0,Reader_2_8.csv
3040,0,0,0,Reader_2_9.csv
3040,3,3,0,reader_3_1.csv
3040,2,2,0,Reader_3_2.csv
3040,5,4,1,Reader_3_3.csv
3040,5,4,1,Reader_3_4.csv
3040,3,3,0,Reader_3_5.csv
3040,2,1,1,Reader_3_6.csv
3040,0,0,0,Reader_3_7.csv
3041,2,2,0,Reader_1_1.csv
3041,0,0,0,Reader_1_10.csv
3041,2,2,0,Reader_1_11.csv
3041,1,0,1,Reader_1_12.csv
3041,2,2,0,Reader_1_2.csv
3041,0,0,0,Reader_1_3.csv
3041,4,3,1,Reader_1_4.csv
3041,1,1,0,Reader_1_5.csv
3041,2,2,0,Reader_1_6.csv
3041,1,1,0,Reader_1_7.csv
3041,1,1,0,Reader_1_8.csv
3041,0,0,0,Reader_1_9.csv
3041,1,1,0,Reader_2_1.csv
3041,0,0,0,Reader_2_10.csv
3041,0,0,0,Reader_2_11.csv
3041,1,1,0,Reader_2_12.csv
3041,6,4,2,Reader_2_2.csv
3041,0,0,0,Reader_2_3.csv
3041,1,1,0,Reader_2_4.csv
3041,2,2,0,Reader_2_5.csv
3041,4,4,0,Reader_2_6.csv
3041,0,0,0,Reader_2_7.csv
3041,0,0,0,Reader_2_8.csv
3041,0,0,0,Reader_2_9.csv
3041,3,3,0,reader_3_1.csv
3041,2,2,0,Reader_3_2.csv
3041,5,4,1,Reader_3_3.csv
3041,5,4,1,Reader_3_4.csv
3041,3,3,0,Reader_3_5.csv
3041,1,0,1,Reader_3_6.csv
3041,0,0,0,Reader_3_7.csv
3042,2,2,0,Reader_1_1.csv
3042,0,0,0,Reader_1_10.csv
3042,3,2,1,Reader_1_11.csv
3042,1,0,1,Reader_1_12.csv
3042,3,3,0,Reader_1_2.csv
3042,0,0,0,Reader_1_3.csv
3042,3,2,1,Reader_1_4.csv
3042,1,1,0,Reader_1_5.csv
3042,2,2,0,Reader_1_6.csv
3042,1,1,0,Reader_1_7.csv
3042,1,1,0,Reader_1_8.csv
3042,0,0,0,Reader_1_9.csv
3042,1,1,0,Reader_2_1.csv
3042,0,0,0,Reader_2_10.csv
3042,0,0,0,Reader_2_11.csv
3042,1,1,0,Reader_2_12.csv
3042,7,5,2,Reader_2_2.csv
3042,0,0,0,Reader_2_3.csv
3042,1,1,0,Reader_2_4.csv
3042,1,1,0,Reader_2_5.csv
3042,4,4,0,Reader_2_6.csv
3042,0,0,0,Reader_2_7.csv
3042,0,0,0,Reader_2_8.csv
3042,0,0,0,Reader_2_9.csv
3042,1,1,0,reader_3_1.csv
3042,1,1,0,Reader_3_2.csv
3042,5,4,1,Reader_3_3.csv
3042,5,4,1,Reader_3_4.csv
3042,2,2,0,Reader_3_5.csv
3042,2,1,1,Reader_3_6.csv
3042,0,0,0,Reader_3_7.csv
3043,2,2,0,Reader_1_1.csv
3043,0,0,0,Reader_1_10.csv
3043,3,2,1,Reader_1_11.csv
3043,1,0,1,Reader_1_12.csv
3043,4,4,0,Reader_1_2.csv
3043,0,0,0,Reader_1_3.csv
3043,3,2,1,Reader_1_4.csv
3043,1,1,0,Reader_1_5.csv
3043,2,2,0,Reader_1_6.csv
3043,1,1,0,Reader_1_7.csv
3043,1,1,0,Reader_1_8.csv
3043,0,0,0,Reader_1_9.csv
3043,1,1,0,Reader_2_1.csv
3043,0,0,0,Reader_2_10.csv
3043,0,0,0,Reader_2_11.csv
3043,1,1,0,Reader_2_12.csv
3043,6,4,2,Reader_2_2.csv
3043,0,0,0,Reader_2_3.csv
3043,1,1,0,Reader_2_4.csv
3043,1,1,0,Reader_2_5.csv
3043,4,4,0,Reader_2_6.csv
3043,0,0,0,Reader_2_7.csv
3043,0,0,0,Reader_2_8.csv
3043,0,0,0,Reader_2_9.csv
3043,1,1,0,reader_3_1.csv
3043,1,1,0,Reader_3_2.csv
3043,5,4,1,Reader_3_3.csv
3043,5,4,1,Reader_3_4.csv
3043,0,0,0,Reader_3_5.csv
3043,1,1,0,Reader_3_6.csv
3043,0,0,0,Reader_3_7.csv
3044,2,2,0,Reader_1_1.csv
3044,0,0,0,Reader_1_10.csv
3044,3,2,1,Reader_1_11.csv
3044,0,0,0,Reader_1_12.csv
3044,4,4,0,Reader_1_2.csv
3044,0,0,0,Reader_1_3.csv
3044,2,1,1,Reader_1_4.csv
3044,1,1,0,Reader_1_5.csv
3044,1,1,0,Reader_1_6.csv
3044,1,1,0,Reader_1_7.csv
3044,0,0,0,Reader_1_8.csv
3044,0,0,0,Reader_1_9.csv
3044,0,0,0,Reader_2_1.csv
3044,0,0,0,Reader_2_10.csv
3044,0,0,0,Reader_2_11.csv
3044,1,1,0,Reader_2_12.csv
3044,7,5,2,Reader_2_2.csv
3044,0,0,0,Reader_2_3.csv
3044,1,1,0,Reader_2_4.csv
3044,1,1,0,Reader_2_5.csv
3044,3,3,0,Reader_2_6.csv
3044,0,0,0,Reader_2_7.csv
3044,0,0,0,Reader_2_8.csv
3044,0,0,0,Reader_2_9.csv
3044,2,2,0,reader_3_1.csv
3044,1,1,0,Reader_3_2.csv
3044,6,4,2,Reader_3_3.csv
3044,6,4,2,Reader_3_4.csv
3044,0,0,0,Reader_3_5.csv
3044,1,1,0,Reader_3_6.csv
3044,0,0,0,Reader_3_7.csv
3045,1,1,0,Reader_1_1.csv
3045,0,0,0,Reader_1_10.csv
3045,3,2,1,Reader_1_11.csv
3045,0,0,0,Reader_1_12.csv
3045,4,4,0,Reader_1_2.csv
3045,0,0,0,Reader_1_3.csv
3045,1,1,0,Reader_1_4.csv
3045,0,0,0,Reader_1_5.csv
3045,1,1,0,Reader_1_6.csv
3045,1,1,0,Reader_1_7.csv
3045,0,0,0,Reader_1_8.csv
3045,0,0,0,Reader_1_9.csv
3045,0,0,0,Reader_2_1.csv
3045,0,0,0,Reader_2_10.csv
3045,0,0,0,Reader_2_11.csv
3045,0,0,0,Reader_2_12.csv
3045,7,5,2,Reader_2_2.csv
3045,0,0,0,Reader_2_3.csv
3045,1,1,0,Reader_2_4.csv
3045,1,1,0,Reader_2_5.csv
3045,2,2,0,Reader_2_6.csv
3045,0,0,0,Reader_2_7.csv
3045,0,0,0,Reader_2_8.csv
3045,0,0,0,Reader_2_9.csv
3045,2,2,0,reader_3_1.csv
3045,1,1,0,Reader_3_2.csv
3045,4,2,2,Reader_3_3.csv
3045,4,2,2,Reader_3_4.csv
3045,1,0,1,Reader_3_5.csv
3045,1,1,0,Reader_3_6.csv
3045,0,0,0,Reader_3_7.csv
3046,0,0,0,Reader_1_1.csv
3046,0,0,0,Reader_1_10.csv
3046,3,2,1,Reader_1_11.csv
3046,0,0,0,Reader_1_12.csv
3046,4,4,0,Reader_1_2.csv
3046,0,0,0,Reader_1_3.csv
3046,1,1,0,Reader_1_4.csv
3046,0,0,0,Reader_1_5.csv
3046,1,1,0,Reader_1_6.csv
3046,1,1,0,Reader_1_7.csv
3046,0,0,0,Reader_1_8.csv
3046,0,0,0,Reader_1_9.csv
3046,0,0,0,Reader_2_1.csv
3046,0,0,0,Reader_2_10.csv
3046,0,0,0,Reader_2_11.csv
3046,0,0,0,Reader_2_12.csv
3046,6,5,1,Reader_2_2.csv
3046,0,0,0,Reader_2_3.csv
3046,0,0,0,Reader_2_4.csv
3046,1,1,0,Reader_2_5.csv
3046,0,0,0,Reader_2_6.csv
3046,0,0,0,Reader_2_7.csv
3046,0,0,0,Reader_2_8.csv
3046,0,0,0,Reader_2_9.csv
3046,2,2,0,reader_3_1.csv
3046,0,0,0,Reader_3_2.csv
3046,5,3,2,Reader_3_3.csv
3046,5,3,2,Reader_3_4.csv
3046,1,0,1,Reader_3_5.csv
3046,1,1,0,Reader_3_6.csv
3046,0,0,0,Reader_3_7.csv
3047,2,2,0,Reader_1_1.csv
3047,0,0,0,Reader_1_10.csv
3047,3,2,1,Reader_1_11.csv
3047,0,0,0,Reader_1_12.csv
3047,3,3,0,Reader_1_2.csv
3047,0,0,0,Reader_1_3.csv
3047,1,1,0,Reader_1_4.csv
3047,0,0,0,Reader_1_5.csv
3047,1,1,0,Reader_1_6.csv
3047,1,1,0,Reader_1_7.csv
3047,0,0,0,Reader_1_8.csv
3047,0,0,0,Reader_1_9.csv
3047,0,0,0,Reader_2_1.csv
3047,0,0,0,Reader_2_10.csv
3047,0,0,0,Reader_2_11.csv
3047,0,0,0,Reader_2_12.csv
3047,5,5,0,Reader_2_2.csv
3047,0,0,0,Reader_2_3.csv
3047,0,0,0,Reader_2_4.csv
3047,0,0,0,Reader_2_5.csv
3047,1,0,1,Reader_2_6.csv
3047,0,0,0,Reader_2_7.csv
3047,0,0,0,Reader_2_8.csv
3047,0,0,0,Reader_2_9.csv
3047,2,2,0,reader_3_1.csv
3047,0,0,0,Reader_3_2.csv
3047,4,3,1,Reader_3_3.csv
3047,4,3,1,Reader_3_4.csv
3047,1,0,1,Reader_3_5.csv
3047,1,1,0,Reader_3_6.csv
3047,0,0,0,Reader_3_7.csv
3048,5,5,0,Reader_1_1.csv
3048,0,0,0,Reader_1_10.csv
3048,3,2,1,Reader_1_11.csv
3048,0,0,0,Reader_1_12.csv
3048,3,3,0,Reader_1_2.csv
3048,0,0,0,Reader_1_3.csv
3048,0,0,0,Reader_1_4.csv
3048,0,0,0,Reader_1_5.csv
3048,0,0,0,Reader_1_6.csv
3048,1,1,0,Reader_1_7.csv
3048,0,0,0,Reader_1_8.csv
3048,0,0,0,Reader_1_9.csv
3048,0,0,0,Reader_2_1.csv
3048,0,0,0,Reader_2_10.csv
3048,0,0,0,Reader_2_11.csv
3048,0,0,0,Reader_2_12.csv
3048,4,4,0,Reader_2_2.csv
3048,0,0,0,Reader_2_3.csv
3048,0,0,0,Reader_2_4.csv
3048,0,0,0,Reader_2_5.csv
3048,1,0,1,Reader_2_6.csv
3048,0,0,0,Reader_2_7.csv
3048,0,0,0,Reader_2_8.csv
3048,0,0,0,Reader_2_9.csv
3048,2,2,0,reader_3_1.csv
3048,0,0,0,Reader_3_2.csv
3048,2,1,1,Reader_3_3.csv
3048,2,1,1,Reader_3_4.csv
3048,1,0,1,Reader_3_5.csv
3048,1,1,0,Reader_3_6.csv
3048,0,0,0,Reader_3_7.csv
3049,6,5,1,Reader_1_1.csv
3049,0,0,0,Reader_1_10.csv
3049,3,2,1,Reader_1_11.csv
3049,0,0,0,Reader_1_12.csv
3049,5,5,0,Reader_1_2.csv
3049,0,0,0,Reader_1_3.csv
3049,0,0,0,Reader_1_4.csv
3049,0,0,0,Reader_1_5.csv
3049,0,0,0,Reader_1_6.csv
3049,1,1,0,Reader_1_7.csv
3049,0,0,0,Reader_1_8.csv
3049,0,0,0,Reader_1_9.csv
3049,0,0,0,Reader_2_1.csv
3049,0,0,0,Reader_2_10.csv
3049,0,0,0,Reader_2_11.csv
3049,0,0,0,Reader_2_12.csv
3049,4,3,1,Reader_2_2.csv
3049,0,0,0,Reader_2_3.csv
3049,1,1,0,Reader_2_4.csv
3049,0,0,0,Reader_2_5.csv
3049,1,0,1,Reader_2_6.csv
3049,0,0,0,Reader_2_7.csv
3049,0,0,0,Reader_2_8.csv
3049,0,0,0,Reader_2_9.csv
3049,2,2,0,reader_3_1.csv
3049,0,0,0,Reader_3_2.csv
3049,2,1,1,Reader_3_3.csv
3049,2,1,1,Reader_3_4.csv
3049,1,0,1,Reader_3_5.csv
3049,1,1,0,Reader_3_6.csv
3049,0,0,0,Reader_3_7.csv
3050,6,5,1,Reader_1_1.csv
3050,0,0,0,Reader_1_10.csv
3050,2,2,0,Reader_1_11.csv
3050,0,0,0,Reader_1_12.csv
3050,5,5,0,Reader_1_2.csv
3050,0,0,0,Reader_1_3.csv
3050,0,0,0,Reader_1_4.csv
3050,0,0,0,Reader_1_5.csv
3050,1,1,0,Reader_1_6.csv
3050,1,1,0,Reader_1_7.csv
3050,0,0,0,Reader_1_8.csv
3050,0,0,0,Reader_1_9.csv
3050,0,0,0,Reader_2_1.csv
3050,0,0,0,Reader_2_10.csv
3050,0,0,0,Reader_2_11.csv
3050,0,0,0,Reader_2_12.csv
3050,2,1,1,Reader_2_2.csv
3050,0,0,0,Reader_2_3.csv
3050,1,1,0,Reader_2_4.csv
3050,0,0,0,Reader_2_5.csv
3050,1,0,1,Reader_2_6.csv
3050,0,0,0,Reader_2_7.csv
3050,0,0,0,Reader_2_8.csv
3050,0,0,0,Reader_2_9.csv
3050,4,4,0,reader_3_1.csv
3050,2,2,0,Reader_3_2.csv
3050,2,1,1,Reader_3_3.csv
3050,2,1,1,Reader_3_4.csv
3050,1,0,1,Reader_3_5.csv
3050,1,1,0,Reader_3_6.csv
3050,0,0,0,Reader_3_7.csv
3051,9,6,3,Reader_1_1.csv
3051,0,0,0,Reader_1_10.csv
3051,2,2,0,Reader_1_11.csv
3051,0,0,0,Reader_1_12.csv
3051,5,5,0,Reader_1_2.csv
3051,0,0,0,Reader_1_3.csv
3051,0,0,0,Reader_1_4.csv
3051,0,0,0,Reader_1_5.csv
3051,2,2,0,Reader_1_6.csv
3051,0,0,0,Reader_1_7.csv
3051,0,0,0,Reader_1_8.csv
3051,0,0,0,Reader_1_9.csv
3051,0,0,0,Reader_2_1.csv
3051,0,0,0,Reader_2_10.csv
3051,0,0,0,Reader_2_11.csv
3051,0,0,0,Reader_2_12.csv
3051,3,2,1,Reader_2_2.csv
3051,0,0,0,Reader_2_3.csv
3051,1,1,0,Reader_2_4.csv
3051,0,0,0,Reader_2_5.csv
3051,1,0,1,Reader_2_6.csv
3051,0,0,0,Reader_2_7.csv
3051,0,0,0,Reader_2_8.csv
3051,0,0,0,Reader_2_9.csv
3051,3,3,0,reader_3_1.csv
3051,2,2,0,Reader_3_2.csv
3051,2,1,1,Reader_3_3.csv
3051,2,1,1,Reader_3_4.csv
3051,2,1,1,Reader_3_5.csv
3051,1,1,0,Reader_3_6.csv
3051,0,0,0,Reader_3_7.csv
3052,9,6,3,Reader_1_1.csv
3052,0,0,0,Reader_1_10.csv
3052,2,2,0,Reader_1_11.csv
3052,0,0,0,Reader_1_12.csv
3052,5,5,0,Reader_1_2.csv
3052,0,0,0,Reader_1_3.csv
3052,0,0,0,Reader_1_4.csv
3052,0,0,0,Reader_1_5.csv
3052,2,2,0,Reader_1_6.csv
3052,0,0,0,Reader_1_7.csv
3052,0,0,0,Reader_1_8.csv
3052,0,0,0,Reader_1_9.csv
3052,0,0,0,Reader_2_1.csv
3052,0,0,0,Reader_2_10.csv
3052,0,0,0,Reader_2_11.csv
3052,0,0,0,Reader_2_12.csv
3052,2,1,1,Reader_2_2.csv
3052,0,0,0,Reader_2_3.csv
3052,1,1,0,Reader_2_4.csv
3052,0,0,0,Reader_2_5.csv
3052,1,0,1,Reader_2_6.csv
3052,0,0,0,Reader_2_7.csv
3052,0,0,0,Reader_2_8.csv
3052,0,0,0,Reader_2_9.csv
3052,3,3,0,reader_3_1.csv
3052,2,2,0,Reader_3_2.csv
3052,1,1,0,Reader_3_3.csv
3052,1,1,0,Reader_3_4.csv
3052,2,1,1,Reader_3_5.csv
3052,1,1,0,Reader_3_6.csv
3052,0,0,0,Reader_3_7.csv
3053,9,6,3,Reader_1_1.csv
3053,0,0,0,Reader_1_10.csv
3053,2,2,0,Reader_1_11.csv
3053,0,0,0,Reader_1_12.csv
3053,5,5,0,Reader_1_2.csv
3053,0,0,0,Reader_1_3.csv
3053,1,0,1,Reader_1_4.csv
3053,0,0,0,Reader_1_5.csv
3053,2,2,0,Reader_1_6.csv
3053,0,0,0,Reader_1_7.csv
3053,0,0,0,Reader_1_8.csv
3053,0,0,0,Reader_1_9.csv
3053,0,0,0,Reader_2_1.csv
3053,0,0,0,Reader_2_10.csv
3053,0,0,0,Reader_2_11.csv
3053,0,0,0,Reader_2_12.csv
3053,3,2,1,Reader_2_2.csv
3053,0,0,0,Reader_2_3.csv
3053,1,1,0,Reader_2_4.csv
3053,0,0,0,Reader_2_5.csv
3053,1,0,1,Reader_2_6.csv
3053,0,0,0,Reader_2_7.csv
3053,0,0,0,Reader_2_8.csv
3053,0,0,0,Reader_2_9.csv
3053,3,3,0,reader_3_1.csv
3053,3,2,1,Reader_3_2.csv
3053,1,1,0,Reader_3_3.csv
3053,1,1,0,Reader_3_4.csv
3053,1,1,0,Reader_3_5.csv
3053,1,1,0,Reader_3_6.csv
3053,0,0,0,Reader_3_7.csv
3054,9,6,3,Reader_1_1.csv
3054,0,0,0,Reader_1_10.csv
3054,3,3,0,Reader_1_11.csv
3054,0,0,0,Reader_1_12.csv
3054,5,5,0,Reader_1_2.csv
3054,0,0,0,Reader_1_3.csv
3054,1,0,1,Reader_1_4.csv
3054,0,0,0,Reader_1_5.csv
3054,2,2,0,Reader_1_6.csv
3054,0,0,0,Reader_1_7.csv
3054,0,0,0,Reader_1_8.csv
3054,0,0,0,Reader_1_9.csv
3054,0,0,0,Reader_2_1.csv
3054,0,0,0,Reader_2_10.csv
3054,0,0,0,Reader_2_11.csv
3054,0,0,0,Reader_2_12.csv
3054,5,4,1,Reader_2_2.csv
3054,0,0,0,Reader_2_3.csv
3054,1,1,0,Reader_2_4.csv
3054,0,0,0,Reader_2_5.csv
3054,1,0,1,Reader_2_6.csv
3054,0,0,0,Reader_2_7.csv
3054,0,0,0,Reader_2_8.csv
3054,0,0,0,Reader_2_9.csv
3054,3,3,0,reader_3_1.csv
3054,4,3,1,Reader_3_2.csv
3054,0,0,0,Reader_3_3.csv
3054,0,0,0,Reader_3_4.csv
3054,1,1,0,Reader_3_5.csv
3054,2,2,0,Reader_3_6.csv
3054,0,0,0,Reader_3_7.csv
3055,7,4,3,Reader_1_1.csv
3055,0,0,0,Reader_1_10.csv
3055,2,2,0,Reader_1_11.csv
3055,0,0,0,Reader_1_12.csv
3055,5,5,0,Reader_1_2.csv
3055,0,0,0,Reader_1_3.csv
3055,1,0,1,Reader_1_4.csv
3055,0,0,0,Reader_1_5.csv
3055,2,2,0,Reader_1_6.csv
3055,0,0,0,Reader_1_7.csv
3055,0,0,0,Reader_1_8.csv
3055,0,0,0,Reader_1_9.csv
3055,0,0,0,Reader_2_1.csv
3055,0,0,0,Reader_2_10.csv
3055,0,0,0,Reader_2_11.csv
3055,0,0,0,Reader_2_12.csv
3055,5,4,1,Reader_2_2.csv
3055,0,0,0,Reader_2_3.csv
3055,1,1,0,Reader_2_4.csv
3055,0,0,0,Reader_2_5.csv
3055,0,0,0,Reader_2_6.csv
3055,0,0,0,Reader_2_7.csv
3055,0,0,0,Reader_2_8.csv
3055,0,0,0,Reader_2_9.csv
3055,3,3,0,reader_3_1.csv
3055,4,3,1,Reader_3_2.csv
3055,0,0,0,Reader_3_3.csv
3055,0,0,0,Reader_3_4.csv
3055,1,1,0,Reader_3_5.csv
3055,2,2,0,Reader_3_6.csv
3055,0,0,0,Reader_3_7.csv
3056,4,1,3,Reader_1_1.csv
3056,0,0,0,Reader_1_10.csv
3056,2,2,0,Reader_1_11.csv
3056,0,0,0,Reader_1_12.csv
3056,6,6,0,Reader_1_2.csv
3056,0,0,0,Reader_1_3.csv
3056,1,0,1,Reader_1_4.csv
3056,0,0,0,Reader_1_5.csv
3056,2,2,0,Reader_1_6.csv
3056,0,0,0,Reader_1_7.csv
3056,0,0,0,Reader_1_8.csv
3056,0,0,0,Reader_1_9.csv
3056,0,0,0,Reader_2_1.csv
3056,0,0,0,Reader_2_10.csv
3056,0,0,0,Reader_2_11.csv
3056,0,0,0,Reader_2_12.csv
3056,5,4,1,Reader_2_2.csv
3056,0,0,0,Reader_2_3.csv
3056,1,1,0,Reader_2_4.csv
3056,0,0,0,Reader_2_5.csv
3056,0,0,0,Reader_2_6.csv
3056,0,0,0,Reader_2_7.csv
3056,0,0,0,Reader_2_8.csv
3056,0,0,0,Reader_2_9.csv
3056,3,3,0,reader_3_1.csv
3056,4,3,1,Reader_3_2.csv
3056,0,0,0,Reader_3_3.csv
3056,0,0,0,Reader_3_4.csv
3056,1,1,0,Reader_3_5.csv
3056,2,2,0,Reader_3_6.csv
3056,0,0,0,Reader_3_7.csv
3057,3,1,2,Reader_1_1.csv
3057,0,0,0,Reader_1_10.csv
3057,1,1,0,Reader_1_11.csv
3057,0,0,0,Reader_1_12.csv
3057,4,4,0,Reader_1_2.csv
3057,0,0,0,Reader_1_3.csv
3057,1,0,1,Reader_1_4.csv
3057,0,0,0,Reader_1_5.csv
3057,2,2,0,Reader_1_6.csv
3057,0,0,0,Reader_1_7.csv
3057,0,0,0,Reader_1_8.csv
3057,0,0,0,Reader_1_9.csv
3057,0,0,0,Reader_2_1.csv
3057,0,0,0,Reader_2_10.csv
3057,0,0,0,Reader_2_11.csv
3057,0,0,0,Reader_2_12.csv
3057,5,4,1,Reader_2_2.csv
3057,0,0,0,Reader_2_3.csv
3057,0,0,0,Reader_2_4.csv
3057,0,0,0,Reader_2_5.csv
3057,0,0,0,Reader_2_6.csv
3057,0,0,0,Reader_2_7.csv
3057,0,0,0,Reader_2_8.csv
3057,0,0,0,Reader_2_9.csv
3057,4,4,0,reader_3_1.csv
3057,4,3,1,Reader_3_2.csv
3057,0,0,0,Reader_3_3.csv
3057,0,0,0,Reader_3_4.csv
3057,2,2,0,Reader_3_5.csv
3057,2,2,0,Reader_3_6.csv
3057,0,0,0,Reader_3_7.csv
3058,3,1,2,Reader_1_1.csv
3058,0,0,0,Reader_1_10.csv
3058,1,1,0,Reader_1_11.csv
3058,0,0,0,Reader_1_12.csv
3058,3,3,0,Reader_1_2.csv
3058,1,1,0,Reader_1_3.csv
3058,1,0,1,Reader_1_4.csv
3058,0,0,0,Reader_1_5.csv
3058,1,1,0,Reader_1_6.csv
3058,0,0,0,Reader_1_7.csv
3058,0,0,0,Reader_1_8.csv
3058,0,0,0,Reader_1_9.csv
3058,0,0,0,Reader_2_1.csv
3058,0,0,0,Reader_2_10.csv
3058,0,0,0,Reader_2_11.csv
3058,0,0,0,Reader_2_12.csv
3058,5,4,1,Reader_2_2.csv
3058,1,1,0,Reader_2_3.csv
3058,0,0,0,Reader_2_4.csv
3058,0,0,0,Reader_2_5.csv
3058,0,0,0,Reader_2_6.csv
3058,0,0,0,Reader_2_7.csv
3058,0,0,0,Reader_2_8.csv
3058,0,0,0,Reader_2_9.csv
3058,3,2,1,reader_3_1.csv
3058,3,2,1,Reader_3_2.csv
3058,2,2,0,Reader_3_3.csv
3058,2,2,0,Reader_3_4.csv
3058,2,2,0,Reader_3_5.csv
3058,1,1,0,Reader_3_6.csv
3058,0,0,0,Reader_3_7.csv
3059,0,0,0,Reader_1_1.csv
3059,0,0,0,Reader_1_10.csv
3059,1,1,0,Reader_1_11.csv
3059,0,0,0,Reader_1_12.csv
3059,2,2,0,Reader_1_2.csv
3059,1,1,0,Reader_1_3.csv
3059,1,0,1,Reader_1_4.csv
3059,0,0,0,Reader_1_5.csv
3059,0,0,0,Reader_1_6.csv
3059,0,0,0,Reader_1_7.csv
3059,0,0,0,Reader_1_8.csv
3059,0,0,0,Reader_1_9.csv
3059,0,0,0,Reader_2_1.csv
3059,0,0,0,Reader_2_10.csv
3059,0,0,0,Reader_2_11.csv
3059,0,0,0,Reader_2_12.csv
3059,4,3,1,Reader_2_2.csv
3059,1,1,0,Reader_2_3.csv
3059,0,0,0,Reader_2_4.csv
3059,0,0,0,Reader_2_5.csv
3059,0,0,0,Reader_2_6.csv
3059,0,0,0,Reader_2_7.csv
3059,0,0,0,Reader_2_8.csv
3059,0,0,0,Reader_2_9.csv
3059,3,2,1,reader_3_1.csv
3059,4,2,2,Reader_3_2.csv
3059,2,2,0,Reader_3_3.csv
3059,2,2,0,Reader_3_4.csv
3059,1,1,0,Reader_3_5.csv
3059,2,2,0,Reader_3_6.csv
3059,0,0,0,Reader_3_7.csv
3060,2,2,0,Reader_1_1.csv
3060,0,0,0,Reader_1_10.csv
3060,1,1,0,Reader_1_11.csv
3060,0,0,0,Reader_1_12.csv
3060,4,4,0,Reader_1_2.csv
3060,1,1,0,Reader_1_3.csv
3060,1,0,1,Reader_1_4.csv
3060,0,0,0,Reader_1_5.csv
3060,0,0,0,Reader_1_6.csv
3060,0,0,0,Reader_1_7.csv
3060,0,0,0,Reader_1_8.csv
3060,0,0,0,Reader_1_9.csv
3060,1,1,0,Reader_2_1.csv
3060,0,0,0,Reader_2_10.csv
3060,0,0,0,Reader_2_11.csv
3060,0,0,0,Reader_2_12.csv
3060,4,3,1,Reader_2_2.csv
3060,1,1,0,Reader_2_3.csv
3060,0,0,0,Reader_2_4.csv
3060,0,0,0,Reader_2_5.csv
3060,0,0,0,Reader_2_6.csv
3060,0,0,0,Reader_2_7.csv
3060,0,0,0,Reader_2_8.csv
3060,0,0,0,Reader_2_9.csv
3060,3,2,1,reader_3_1.csv
3060,5,2,3,Reader_3_2.csv
3060,2,2,0,Reader_3_3.csv
3060,2,2,0,Reader_3_4.csv
3060,1,1,0,Reader_3_5.csv
3060,2,2,0,Reader_3_6.csv
3060,0,0,0,Reader_3_7.csv
3061,2,2,0,Reader_1_1.csv
3061,0,0,0,Reader_1_10.csv
3061,2,2,0,Reader_1_11.csv
3061,0,0,0,Reader_1_12.csv
3061,4,4,0,Reader_1_2.csv
3061,1,1,0,Reader_1_3.csv
3061,0,0,0,Reader_1_4.csv
3061,0,0,0,Reader_1_5.csv
3061,0,0,0,Reader_1_6.csv
3061,0,0,0,Reader_1_7.csv
3061,0,0,0,Reader_1_8.csv
3061,0,0,0,Reader_1_9.csv
3061,1,1,0,Reader_2_1.csv
3061,0,0,0,Reader_2_10.csv
3061,0,0,0,Reader_2_11.csv
3061,0,0,0,Reader_2_12.csv
3061,4,3,1,Reader_2_2.csv
3061,1,1,0,Reader_2_3.csv
3061,0,0,0,Reader_2_4.csv
3061,0,0,0,Reader_2_5.csv
3061,0,0,0,Reader_2_6.csv
3061,0,0,0,Reader_2_7.csv
3061,0,0,0,Reader_2_8.csv
3061,0,0,0,Reader_2_9.csv
3061,3,2,1,reader_3_1.csv
3061,4,2,2,Reader_3_2.csv
3061,2,2,0,Reader_3_3.csv
3061,2,2,0,Reader_3_4.csv
3061,1,1,0,Reader_3_5.csv
3061,3,3,0,Reader_3_6.csv
3061,1,1,0,Reader_3_7.csv
3062,2,2,0,Reader_1_1.csv
3062,0,0,0,Reader_1_10.csv
3062,1,1,0,Reader_1_11.csv
3062,0,0,0,Reader_1_12.csv
3062,4,4,0,Reader_1_2.csv
3062,1,1,0,Reader_1_3.csv
3062,0,0,0,Reader_1_4.csv
3062,0,0,0,Reader_1_5.csv
3062,0,0,0,Reader_1_6.csv
3062,0,0,0,Reader_1_7.csv
3062,0,0,0,Reader_1_8.csv
3062,0,0,0,Reader_1_9.csv
3062,1,1,0,Reader_2_1.csv
3062,0,0,0,Reader_2_10.csv
3062,0,0,0,Reader_2_11.csv
3062,0,0,0,Reader_2_12.csv
3062,4,3,1,Reader_2_2.csv
3062,1,1,0,Reader_2_3.csv
3062,0,0,0,Reader_2_4.csv
3062,0,0,0,Reader_2_5.csv
3062,0,0,0,Reader_2_6.csv
3062,0,0,0,Reader_2_7.csv
3062,0,0,0,Reader_2_8.csv
3062,0,0,0,Reader_2_9.csv
3062,4,3,1,reader_3_1.csv
3062,3,1,2,Reader_3_2.csv
3062,3,3,0,Reader_3_3.csv
3062,3,3,0,Reader_3_4.csv
3062,1,1,0,Reader_3_5.csv
3062,2,2,0,Reader_3_6.csv
3062,3,3,0,Reader_3_7.csv
3063,2,2,0,Reader_1_1.csv
3063,0,0,0,Reader_1_10.csv
3063,1,1,0,Reader_1_11.csv
3063,1,1,0,Reader_1_12.csv
3063,3,3,0,Reader_1_2.csv
3063,1,1,0,Reader_1_3.csv
3063,0,0,0,Reader_1_4.csv
3063,0,0,0,Reader_1_5.csv
3063,0,0,0,Reader_1_6.csv
3063,0,0,0,Reader_1_7.csv
3063,0,0,0,Reader_1_8.csv
3063,0,0,0,Reader_1_9.csv
3063,1,1,0,Reader_2_1.csv
3063,0,0,0,Reader_2_10.csv
3063,0,0,0,Reader_2_11.csv
3063,0,0,0,Reader_2_12.csv
3063,4,3,1,Reader_2_2.csv
3063,1,1,0,Reader_2_3.csv
3063,0,0,0,Reader_2_4.csv
3063,1,1,0,Reader_2_5.csv
3063,0,0,0,Reader_2_6.csv
3063,0,0,0,Reader_2_7.csv
3063,0,0,0,Reader_2_8.csv
3063,0,0,0,Reader_2_9.csv
3063,5,3,2,reader_3_1.csv
3063,5,3,2,Reader_3_2.csv
3063,4,4,0,Reader_3_3.csv
3063,4,4,0,Reader_3_4.csv
3063,1,1,0,Reader_3_5.csv
3063,2,2,0,Reader_3_6.csv
3063,3,3,0,Reader_3_7.csv
3064,2,2,0,Reader_1_1.csv
3064,0,0,0,Reader_1_10.csv
3064,1,1,0,Reader_1_11.csv
3064,1,1,0,Reader_1_12.csv
3064,2,2,0,Reader_1_2.csv
3064,1,1,0,Reader_1_3.csv
3064,0,0,0,Reader_1_4.csv
3064,0,0,0,Reader_1_5.csv
3064,0,0,0,Reader_1_6.csv
3064,0,0,0,Reader_1_7.csv
3064,0,0,0,Reader_1_8.csv
3064,0,0,0,Reader_1_9.csv
3064,3,3,0,Reader_2_1.csv
3064,0,0,0,Reader_2_10.csv
3064,0,0,0,Reader_2_11.csv
3064,0,0,0,Reader_2_12.csv
3064,5,3,2,Reader_2_2.csv
3064,1,1,0,Reader_2_3.csv
3064,0,0,0,Reader_2_4.csv
3064,1,1,0,Reader_2_5.csv
3064,1,1,0,Reader_2_6.csv
3064,0,0,0,Reader_2_7.csv
3064,0,0,0,Reader_2_8.csv
3064,0,0,0,Reader_2_9.csv
3064,7,4,3,reader_3_1.csv
3064,5,3,2,Reader_3_2.csv
3064,4,4,0,Reader_3_3.csv
3064,4,4,0,Reader_3_4.csv
3064,1,1,0,Reader_3_5.csv
3064,2,2,0,Reader_3_6.csv
3064,3,3,0,Reader_3_7.csv
3065,2,2,0,Reader_1_1.csv
3065,0,0,0,Reader_1_10.csv
3065,1,1,0,Reader_1_11.csv
3065,1,1,0,Reader_1_12.csv
3065,2,2,0,Reader_1_2.csv
3065,1,1,0,Reader_1_3.csv
3065,0,0,0,Reader_1_4.csv
3065,0,0,0,Reader_1_5.csv
3065,0,0,0,Reader_1_6.csv
3065,0,0,0,Reader_1_7.csv
3065,0,0,0,Reader_1_8.csv
3065,0,0,0,Reader_1_9.csv
3065,3,3,0,Reader_2_1.csv
3065,0,0,0,Reader_2_10.csv
3065,0,0,0,Reader_2_11.csv
3065,0,0,0,Reader_2_12.csv
3065,4,3,1,Reader_2_2.csv
3065,1,1,0,Reader_2_3.csv
3065,0,0,0,Reader_2_4.csv
3065,1,1,0,Reader_2_5.csv
3065,1,1,0,Reader_2_6.csv
3065,0,0,0,Reader_2_7.csv
3065,0,0,0,Reader_2_8.csv
3065,0,0,0,Reader_2_9.csv
3065,6,3,3,reader_3_1.csv
3065,5,3,2,Reader_3_2.csv
3065,5,4,1,Reader_3_3.csv
3065,5,4,1,Reader_3_4.csv
3065,0,0,0,Reader_3_5.csv
3065,2,2,0,Reader_3_6.csv
3065,4,4,0,Reader_3_7.csv
3066,2,2,0,Reader_1_1.csv
3066,0,0,0,Reader_1_10.csv
3066,1,1,0,Reader_1_11.csv
3066,1,1,0,Reader_1_12.csv
3066,3,3,0,Reader_1_2.csv
3066,1,1,0,Reader_1_3.csv
3066,0,0,0,Reader_1_4.csv
3066,0,0,0,Reader_1_5.csv
3066,0,0,0,Reader_1_6.csv
3066,0,0,0,Reader_1_7.csv
3066,0,0,0,Reader_1_8.csv
3066,0,0,0,Reader_1_9.csv
3066,3,3,0,Reader_2_1.csv
3066,0,0,0,Reader_2_10.csv
3066,0,0,0,Reader_2_11.csv
3066,0,0,0,Reader_2_12.csv
3066,4,3,1,Reader_2_2.csv
3066,0,0,0,Reader_2_3.csv
3066,0,0,0,Reader_2_4.csv
3066,1,1,0,Reader_2_5.csv
3066,1,1,0,Reader_2_6.csv
3066,0,0,0,Reader_2_7.csv
3066,0,0,0,Reader_2_8.csv
3066,0,0,0,Reader_2_9.csv
3066,5,3,2,reader_3_1.csv
3066,4,2,2,Reader_3_2.csv
3066,4,3,1,Reader_3_3.csv
3066,4,3,1,Reader_3_4.csv
3066,0,0,0,Reader_3_5.csv
3066,3,3,0,Reader_3_6.csv
3066,4,4,0,Reader_3_7.csv
3067,2,2,0,Reader_1_1.csv
3067,0,0,0,Reader_1_10.csv
3067,1,1,0,Reader_1_11.csv
3067,1,1,0,Reader_1_12.csv
3067,3,3,0,Reader_1_2.csv
3067,1,1,0,Reader_1_3.csv
3067,1,1,0,Reader_1_4.csv
3067,0,0,0,Reader_1_5.csv
3067,0,0,0,Reader_1_6.csv
3067,1,0,1,Reader_1_7.csv
3067,0,0,0,Reader_1_8.csv
3067,0,0,0,Reader_1_9.csv
3067,3,3,0,Reader_2_1.csv
3067,0,0,0,Reader_2_10.csv
3067,0,0,0,Reader_2_11.csv
3067,0,0,0,Reader_2_12.csv
3067,4,3,1,Reader_2_2.csv
3067,0,0,0,Reader_2_3.csv
3067,0,0,0,Reader_2_4.csv
3067,1,1,0,Reader_2_5.csv
3067,2,2,0,Reader_2_6.csv
3067,0,0,0,Reader_2_7.csv
3067,0,0,0,Reader_2_8.csv
3067,0,0,0,Reader_2_9.csv
3067,5,3,2,reader_3_1.csv
3067,4,3,1,Reader_3_2.csv
3067,5,4,1,Reader_3_3.csv
3067,5,4,1,Reader_3_4.csv
3067,0,0,0,Reader_3_5.csv
3067,3,3,0,Reader_3_6.csv
3067,4,4,0,Reader_3_7.csv
3068,0,0,0,Reader_1_1.csv
3068,0,0,0,Reader_1_10.csv
3068,1,1,0,Reader_1_11.csv
3068,2,2,0,Reader_1_12.csv
3068,2,2,0,Reader_1_2.csv
3068,1,1,0,Reader_1_3.csv
3068,2,1,1,Reader_1_4.csv
3068,0,0,0,Reader_1_5.csv
3068,0,0,0,Reader_1_6.csv
3068,1,0,1,Reader_1_7.csv
3068,0,0,0,Reader_1_8.csv
3068,0,0,0,Reader_1_9.csv
3068,2,2,0,Reader_2_1.csv
3068,0,0,0,Reader_2_10.csv
3068,0,0,0,Reader_2_11.csv
3068,1,1,0,Reader_2_12.csv
3068,4,3,1,Reader_2_2.csv
3068,0,0,0,Reader_2_3.csv
3068,0,0,0,Reader_2_4.csv
3068,1,1,0,Reader_2_5.csv
3068,2,2,0,Reader_2_6.csv
3068,0,0,0,Reader_2_7.csv
3068,0,0,0,Reader_2_8.csv
3068,0,0,0,Reader_2_9.csv
3068,4,2,2,reader_3_1.csv
3068,3,3,0,Reader_3_2.csv
3068,5,4,1,Reader_3_3.csv
3068,5,4,1,Reader_3_4.csv
3068,0,0,0,Reader_3_5.csv
3068,3,3,0,Reader_3_6.csv
3068,4,4,0,Reader_3_7.csv
3069,0,0,0,Reader_1_1.csv
3069,0,0,0,Reader_1_10.csv
3069,0,0,0,Reader_1_11.csv
3069,2,2,0,Reader_1_12.csv
3069,3,3,0,Reader_1_2.csv
3069,1,1,0,Reader_1_3.csv
3069,2,1,1,Reader_1_4.csv
3069,0,0,0,Reader_1_5.csv
3069,0,0,0,Reader_1_6.csv
3069,1,0,1,Reader_1_7.csv
3069,0,0,0,Reader_1_8.csv
3069,0,0,0,Reader_1_9.csv
3069,3,2,1,Reader_2_1.csv
3069,0,0,0,Reader_2_10.csv
3069,0,0,0,Reader_2_11.csv
3069,1,1,0,Reader_2_12.csv
3069,4,3,1,Reader_2_2.csv
3069,0,0,0,Reader_2_3.csv
3069,0,0,0,Reader_2_4.csv
3069,1,1,0,Reader_2_5.csv
3069,2,2,0,Reader_2_6.csv
3069,0,0,0,Reader_2_7.csv
3069,0,0,0,Reader_2_8.csv
3069,0,0,0,Reader_2_9.csv
3069,4,2,2,reader_3_1.csv
3069,4,4,0,Reader_3_2.csv
3069,5,4,1,Reader_3_3.csv
3069,5,4,1,Reader_3_4.csv
3069,0,0,0,Reader_3_5.csv
3069,2,2,0,Reader_3_6.csv
3069,3,3,0,Reader_3_7.csv
3070,0,0,0,Reader_1_1.csv
3070,0,0,0,Reader_1_10.csv
3070,1,1,0,Reader_1_11.csv
3070,2,2,0,Reader_1_12.csv
3070,3,3,0,Reader_1_2.csv
3070,1,1,0,Reader_1_3.csv
3070,2,1,1,Reader_1_4.csv
3070,0,0,0,Reader_1_5.csv
3070,0,0,0,Reader_1_6.csv
3070,1,0,1,Reader_1_7.csv
3070,0,0,0,Reader_1_8.csv
3070,0,0,0,Reader_1_9.csv
3070,3,2,1,Reader_2_1.csv
3070,0,0,0,Reader_2_10.csv
3070,0,0,0,Reader_2_11.csv
3070,1,1,0,Reader_2_12.csv
3070,2,1,1,Reader_2_2.csv
3070,0,0,0,Reader_2_3.csv
3070,1,1,0,Reader_2_4.csv
3070,1,1,0,Reader_2_5.csv
3070,2,2,0,Reader_2_6.csv
3070,0,0,0,Reader_2_7.csv
3070,0,0,0,Reader_2_8.csv
3070,0,0,0,Reader_2_9.csv
3070,4,2,2,reader_3_1.csv
3070,4,4,0,Reader_3_2.csv
3070,6,5,1,Reader_3_3.csv
3070,6,5,1,Reader_3_4.csv
3070,0,0,0,Reader_3_5.csv
3070,2,2,0,Reader_3_6.csv
3070,2,2,0,Reader_3_7.csv
3071,1,1,0,Reader_1_1.csv
3071,0,0,0,Reader_1_10.csv
3071,1,1,0,Reader_1_11.csv
3071,1,1,0,Reader_1_12.csv
3071,3,3,0,Reader_1_2.csv
3071,1,1,0,Reader_1_3.csv
3071,3,1,2,Reader_1_4.csv
3071,0,0,0,Reader_1_5.csv
3071,0,0,0,Reader_1_6.csv
3071,1,0,1,Reader_1_7.csv
3071,0,0,0,Reader_1_8.csv
3071,0,0,0,Reader_1_9.csv
3071,3,2,1,Reader_2_1.csv
3071,0,0,0,Reader_2_10.csv
3071,0,0,0,Reader_2_11.csv
3071,2,2,0,Reader_2_12.csv
3071,2,1,1,Reader_2_2.csv
3071,0,0,0,Reader_2_3.csv
3071,1,1,0,Reader_2_4.csv
3071,0,0,0,Reader_2_5.csv
3071,3,3,0,Reader_2_6.csv
3071,0,0,0,Reader_2_7.csv
3071,0,0,0,Reader_2_8.csv
3071,0,0,0,Reader_2_9.csv
3071,3,2,1,reader_3_1.csv
3071,2,2,0,Reader_3_2.csv
3071,6,5,1,Reader_3_3.csv
3071,6,5,1,Reader_3_4.csv
3071,0,0,0,Reader_3_5.csv
3071,2,2,0,Reader_3_6.csv
3071,2,2,0,Reader_3_7.csv
3072,2,2,0,Reader_1_1.csv
3072,0,0,0,Reader_1_10.csv
3072,1,1,0,Reader_1_11.csv
3072,1,1,0,Reader_1_12.csv
3072,3,3,0,Reader_1_2.csv
3072,1,1,0,Reader_1_3.csv
3072,5,2,3,Reader_1_4.csv
3072,0,0,0,Reader_1_5.csv
3072,0,0,0,Reader_1_6.csv
3072,1,0,1,Reader_1_7.csv
3072,0,0,0,Reader_1_8.csv
3072,0,0,0,Reader_1_9.csv
3072,1,0,1,Reader_2_1.csv
3072,0,0,0,Reader_2_10.csv
3072,0,0,0,Reader_2_11.csv
3072,2,2,0,Reader_2_12.csv
3072,1,1,0,Reader_2_2.csv
3072,0,0,0,Reader_2_3.csv
3072,1,1,0,Reader_2_4.csv
3072,0,0,0,Reader_2_5.csv
3072,2,2,0,Reader_2_6.csv
3072,0,0,0,Reader_2_7.csv
3072,0,0,0,Reader_2_8.csv
3072,0,0,0,Reader_2_9.csv
3072,1,1,0,reader_3_1.csv
3072,2,2,0,Reader_3_2.csv
3072,6,5,1,Reader_3_3.csv
3072,6,5,1,Reader_3_4.csv
3072,0,0,0,Reader_3_5.csv
3072,2,2,0,Reader_3_6.csv
3072,3,3,0,Reader_3_7.csv
3073,2,2,0,Reader_1_1.csv
3073,0,0,0,Reader_1_10.csv
3073,1,1,0,Reader_1_11.csv
3073,1,1,0,Reader_1_12.csv
3073,3,3,0,Reader_1_2.csv
3073,1,1,0,Reader_1_3.csv
3073,5,2,3,Reader_1_4.csv
3073,0,0,0,Reader_1_5.csv
3073,0,0,0,Reader_1_6.csv
3073,1,0,1,Reader_1_7.csv
3073,0,0,0,Reader_1_8.csv
3073,0,0,0,Reader_1_9.csv
3073,2,1,1,Reader_2_1.csv
3073,0,0,0,Reader_2_10.csv
3073,0,0,0,Reader_2_11.csv
3073,2,2,0,Reader_2_12.csv
3073,2,2,0,Reader_2_2.csv
3073,0,0,0,Reader_2_3.csv
3073,1,1,0,Reader_2_4.csv
3073,0,0,0,Reader_2_5.csv
3073,2,2,0,Reader_2_6.csv
3073,0,0,0,Reader_2_7.csv
3073,0,0,0,Reader_2_8.csv
3073,0,0,0,Reader_2_9.csv
3073,2,2,0,reader_3_1.csv
3073,2,2,0,Reader_3_2.csv
3073,5,5,0,Reader_3_3.csv
3073,5,5,0,Reader_3_4.csv
3073,0,0,0,Reader_3_5.csv
3073,2,2,0,Reader_3_6.csv
3073,2,2,0,Reader_3_7.csv
3074,2,2,0,Reader_1_1.csv
3074,0,0,0,Reader_1_10.csv
3074,1,1,0,Reader_1_11.csv
3074,1,1,0,Reader_1_12.csv
3074,2,2,0,Reader_1_2.csv
3074,0,0,0,Reader_1_3.csv
3074,5,2,3,Reader_1_4.csv
3074,0,0,0,Reader_1_5.csv
3074,0,0,0,Reader_1_6.csv
3074,1,0,1,Reader_1_7.csv
3074,0,0,0,Reader_1_8.csv
3074,0,0,0,Reader_1_9.csv
3074,2,1,1,Reader_2_1.csv
3074,0,0,0,Reader_2_10.csv
3074,0,0,0,Reader_2_11.csv
3074,2,2,0,Reader_2_12.csv
3074,2,2,0,Reader_2_2.csv
3074,0,0,0,Reader_2_3.csv
3074,1,1,0,Reader_2_4.csv
3074,0,0,0,Reader_2_5.csv
3074,2,2,0,Reader_2_6.csv
3074,0,0,0,Reader_2_7.csv
3074,0,0,0,Reader_2_8.csv
3074,0,0,0,Reader_2_9.csv
3074,2,2,0,reader_3_1.csv
3074,3,3,0,Reader_3_2.csv
3074,4,4,0,Reader_3_3.csv
3074,4,4,0,Reader_3_4.csv
3074,1,1,0,Reader_3_5.csv
3074,2,2,0,Reader_3_6.csv
3074,2,2,0,Reader_3_7.csv
3075,2,2,0,Reader_1_1.csv
3075,0,0,0,Reader_1_10.csv
3075,1,1,0,Reader_1_11.csv
3075,1,1,0,Reader_1_12.csv
3075,2,2,0,Reader_1_2.csv
3075,0,0,0,Reader_1_3.csv
3075,5,2,3,Reader_1_4.csv
3075,0,0,0,Reader_1_5.csv
3075,0,0,0,Reader_1_6.csv
3075,0,0,0,Reader_1_7.csv
3075,0,0,0,Reader_1_8.csv
3075,0,0,0,Reader_1_9.csv
3075,2,1,1,Reader_2_1.csv
3075,0,0,0,Reader_2_10.csv
3075,0,0,0,Reader_2_11.csv
3075,2,2,0,Reader_2_12.csv
3075,3,2,1,Reader_2_2.csv
3075,0,0,0,Reader_2_3.csv
3075,1,1,0,Reader_2_4.csv
3075,0,0,0,Reader_2_5.csv
3075,1,1,0,Reader_2_6.csv
3075,0,0,0,Reader_2_7.csv
3075,0,0,0,Reader_2_8.csv
3075,0,0,0,Reader_2_9.csv
3075,2,2,0,reader_3_1.csv
3075,3,3,0,Reader_3_2.csv
3075,3,3,0,Reader_3_3.csv
3075,3,3,0,Reader_3_4.csv
3075,1,1,0,Reader_3_5.csv
3075,1,1,0,Reader_3_6.csv
3075,3,2,1,Reader_3_7.csv
3076,3,3,0,Reader_1_1.csv
3076,0,0,0,Reader_1_10.csv
3076,1,1,0,Reader_1_11.csv
3076,0,0,0,Reader_1_12.csv
3076,1,1,0,Reader_1_2.csv
3076,0,0,0,Reader_1_3.csv
3076,5,3,2,Reader_1_4.csv
3076,0,0,0,Reader_1_5.csv
3076,0,0,0,Reader_1_6.csv
3076,0,0,0,Reader_1_7.csv
3076,0,0,0,Reader_1_8.csv
3076,0,0,0,Reader_1_9.csv
3076,2,1,1,Reader_2_1.csv
3076,0,0,0,Reader_2_10.csv
3076,0,0,0,Reader_2_11.csv
3076,1,1,0,Reader_2_12.csv
3076,4,3,1,Reader_2_2.csv
3076,0,0,0,Reader_2_3.csv
3076,1,1,0,Reader_2_4.csv
3076,0,0,0,Reader_2_5.csv
3076,2,2,0,Reader_2_6.csv
3076,0,0,0,Reader_2_7.csv
3076,0,0,0,Reader_2_8.csv
3076,0,0,0,Reader_2_9.csv
3076,2,2,0,reader_3_1.csv
3076,4,4,0,Reader_3_2.csv
3076,4,4,0,Reader_3_3.csv
3076,4,4,0,Reader_3_4.csv
3076,1,1,0,Reader_3_5.csv
3076,1,1,0,Reader_3_6.csv
3076,3,2,1,Reader_3_7.csv
3077,3,3,0,Reader_1_1.csv
3077,0,0,0,Reader_1_10.csv
3077,1,1,0,Reader_1_11.csv
3077,0,0,0,Reader_1_12.csv
3077,2,2,0,Reader_1_2.csv
3077,0,0,0,Reader_1_3.csv
3077,5,3,2,Reader_1_4.csv
3077,0,0,0,Reader_1_5.csv
3077,0,0,0,Reader_1_6.csv
3077,0,0,0,Reader_1_7.csv
3077,0,0,0,Reader_1_8.csv
3077,0,0,0,Reader_1_9.csv
3077,1,1,0,Reader_2_1.csv
3077,0,0,0,Reader_2_10.csv
3077,0,0,0,Reader_2_11.csv
3077,1,1,0,Reader_2_12.csv
3077,3,2,1,Reader_2_2.csv
3077,0,0,0,Reader_2_3.csv
3077,1,1,0,Reader_2_4.csv
3077,0,0,0,Reader_2_5.csv
3077,2,2,0,Reader_2_6.csv
3077,0,0,0,Reader_2_7.csv
3077,0,0,0,Reader_2_8.csv
3077,0,0,0,Reader_2_9.csv
3077,2,2,0,reader_3_1.csv
3077,3,3,0,Reader_3_2.csv
3077,4,4,0,Reader_3_3.csv
3077,4,4,0,Reader_3_4.csv
3077,2,1,1,Reader_3_5.csv
3077,1,1,0,Reader_3_6.csv
3077,3,2,1,Reader_3_7.csv
3078,3,3,0,Reader_1_1.csv
3078,0,0,0,Reader_1_10.csv
3078,0,0,0,Reader_1_11.csv
3078,0,0,0,Reader_1_12.csv
3078,3,3,0,Reader_1_2.csv
3078,0,0,0,Reader_1_3.csv
3078,5,3,2,Reader_1_4.csv
3078,0,0,0,Reader_1_5.csv
3078,0,0,0,Reader_1_6.csv
3078,0,0,0,Reader_1_7.csv
3078,0,0,0,Reader_1_8.csv
3078,0,0,0,Reader_1_9.csv
3078,1,1,0,Reader_2_1.csv
3078,0,0,0,Reader_2_10.csv
3078,0,0,0,Reader_2_11.csv
3078,1,1,0,Reader_2_12.csv
3078,4,2,2,Reader_2_2.csv
3078,0,0,0,Reader_2_3.csv
3078,0,0,0,Reader_2_4.csv
3078,0,0,0,Reader_2_5.csv
3078,2,2,0,Reader_2_6.csv
3078,0,0,0,Reader_2_7.csv
3078,0,0,0,Reader_2_8.csv
3078,0,0,0,Reader_2_9.csv
3078,1,1,0,reader_3_1.csv
3078,4,4,0,Reader_3_2.csv
3078,3,2,1,Reader_3_3.csv
3078,3,2,1,Reader_3_4.csv
3078,3,2,1,Reader_3_5.csv
3078,1,1,0,Reader_3_6.csv
3078,3,2,1,Reader_3_7.csv
3079,2,2,0,Reader_1_1.csv
3079,0,0,0,Reader_1_10.csv
3079,1,1,0,Reader_1_11.csv
3079,0,0,0,Reader_1_12.csv
3079,4,4,0,Reader_1_2.csv
3079,0,0,0,Reader_1_3.csv
3079,5,3,2,Reader_1_4.csv
3079,0,0,0,Reader_1_5.csv
3079,0,0,0,Reader_1_6.csv
3079,0,0,0,Reader_1_7.csv
3079,0,0,0,Reader_1_8.csv
3079,0,0,0,Reader_1_9.csv
3079,1,1,0,Reader_2_1.csv
3079,0,0,0,Reader_2_10.csv
3079,0,0,0,Reader_2_11.csv
3079,0,0,0,Reader_2_12.csv
3079,4,2,2,Reader_2_2.csv
3079,0,0,0,Reader_2_3.csv
3079,0,0,0,Reader_2_4.csv
3079,0,0,0,Reader_2_5.csv
3079,1,1,0,Reader_2_6.csv
3079,0,0,0,Reader_2_7.csv
3079,0,0,0,Reader_2_8.csv
3079,0,0,0,Reader_2_9.csv
3079,1,1,0,reader_3_1.csv
3079,6,6,0,Reader_3_2.csv
3079,3,2,1,Reader_3_3.csv
3079,3,2,1,Reader_3_4.csv
3079,4,2,2,Reader_3_5.csv
3079,2,2,0,Reader_3_6.csv
3079,3,2,1,Reader_3_7.csv
3080,1,1,0,Reader_1_1.csv
3080,0,0,0,Reader_1_10.csv
3080,1,1,0,Reader_1_11.csv
3080,1,1,0,Reader_1_12.csv
3080,5,5,0,Reader_1_2.csv
3080,0,0,0,Reader_1_3.csv
3080,3,2,1,Reader_1_4.csv
3080,0,0,0,Reader_1_5.csv
3080,0,0,0,Reader_1_6.csv
3080,0,0,0,Reader_1_7.csv
3080,0,0,0,Reader_1_8.csv
3080,0,0,0,Reader_1_9.csv
3080,1,1,0,Reader_2_1.csv
3080,1,1,0,Reader_2_10.csv
3080,0,0,0,Reader_2_11.csv
3080,0,0,0,Reader_2_12.csv
3080,5,2,3,Reader_2_2.csv
3080,0,0,0,Reader_2_3.csv
3080,0,0,0,Reader_2_4.csv
3080,0,0,0,Reader_2_5.csv
3080,1,1,0,Reader_2_6.csv
3080,0,0,0,Reader_2_7.csv
3080,0,0,0,Reader_2_8.csv
3080,0,0,0,Reader_2_9.csv
3080,1,1,0,reader_3_1.csv
3080,6,6,0,Reader_3_2.csv
3080,3,2,1,Reader_3_3.csv
3080,3,2,1,Reader_3_4.csv
3080,4,2,2,Reader_3_5.csv
3080,2,2,0,Reader_3_6.csv
3080,2,1,1,Reader_3_7.csv
3081,2,2,0,Reader_1_1.csv
3081,0,0,0,Reader_1_10.csv
3081,1,1,0,Reader_1_11.csv
3081,1,1,0,Reader_1_12.csv
3081,5,5,0,Reader_1_2.csv
3081,0,0,0,Reader_1_3.csv
3081,4,3,1,Reader_1_4.csv
3081,0,0,0,Reader_1_5.csv
3081,0,0,0,Reader_1_6.csv
3081,0,0,0,Reader_1_7.csv
3081,0,0,0,Reader_1_8.csv
3081,0,0,0,Reader_1_9.csv
3081,0,0,0,Reader_2_1.csv
3081,1,1,0,Reader_2_10.csv
3081,0,0,0,Reader_2_11.csv
3081,0,0,0,Reader_2_12.csv
3081,4,1,3,Reader_2_2.csv
3081,0,0,0,Reader_2_3.csv
3081,0,0,0,Reader_2_4.csv
3081,0,0,0,Reader_2_5.csv
3081,1,1,0,Reader_2_6.csv
3081,0,0,0,Reader_2_7.csv
3081,0,0,0,Reader_2_8.csv
3081,0,0,0,Reader_2_9.csv
3081,1,1,0,reader_3_1.csv
3081,6,6,0,Reader_3_2.csv
3081,3,2,1,Reader_3_3.csv
3081,3,2,1,Reader_3_4.csv
3081,5,3,2,Reader_3_5.csv
3081,2,2,0,Reader_3_6.csv
3081,2,1,1,Reader_3_7.csv
3082,2,2,0,Reader_1_1.csv
3082,0,0,0,Reader_1_10.csv
3082,1,1,0,Reader_1_11.csv
3082,1,1,0,Reader_1_12.csv
3082,5,5,0,Reader_1_2.csv
3082,0,0,0,Reader_1_3.csv
3082,4,3,1,Reader_1_4.csv
3082,0,0,0,Reader_1_5.csv
3082,0,0,0,Reader_1_6.csv
3082,0,0,0,Reader_1_7.csv
3082,0,0,0,Reader_1_8.csv
3082,0,0,0,Reader_1_9.csv
3082,0,0,0,Reader_2_1.csv
3082,1,1,0,Reader_2_10.csv
3082,0,0,0,Reader_2_11.csv
3082,0,0,0,Reader_2_12.csv
3082,6,3,3,Reader_2_2.csv
3082,0,0,0,Reader_2_3.csv
3082,0,0,0,Reader_2_4.csv
3082,0,0,0,Reader_2_5.csv
3082,1,1,0,Reader_2_6.csv
3082,0,0,0,Reader_2_7.csv
3082,0,0,0,Reader_2_8.csv
3082,0,0,0,Reader_2_9.csv
3082,1,1,0,reader_3_1.csv
3082,6,5,1,Reader_3_2.csv
3082,4,2,2,Reader_3_3.csv
3082,4,2,2,Reader_3_4.csv
3082,4,2,2,Reader_3_5.csv
3082,2,2,0,Reader_3_6.csv
3082,2,1,1,Reader_3_7.csv
3083,2,2,0,Reader_1_1.csv
3083,0,0,0,Reader_1_10.csv
3083,1,1,0,Reader_1_11.csv
3083,1,1,0,Reader_1_12.csv
3083,5,5,0,Reader_1_2.csv
3083,0,0,0,Reader_1_3.csv
3083,3,2,1,Reader_1_4.csv
3083,0,0,0,Reader_1_5.csv
3083,0,0,0,Reader_1_6.csv
3083,0,0,0,Reader_1_7.csv
3083,0,0,0,Reader_1_8.csv
3083,0,0,0,Reader_1_9.csv
3083,0,0,0,Reader_2_1.csv
3083,1,1,0,Reader_2_10.csv
3083,0,0,0,Reader_2_11.csv
3083,0,0,0,Reader_2_12.csv
3083,5,3,2,Reader_2_2.csv
3083,0,0,0,Reader_2_3.csv
3083,0,0,0,Reader_2_4.csv
3083,0,0,0,Reader_2_5.csv
3083,1,1,0,Reader_2_6.csv
3083,0,0,0,Reader_2_7.csv
3083,0,0,0,Reader_2_8.csv
3083,0,0,0,Reader_2_9.csv
3083,1,1,0,reader_3_1.csv
3083,5,4,1,Reader_3_2.csv
3083,4,2,2,Reader_3_3.csv
3083,4,2,2,Reader_3_4.csv
3083,5,3,2,Reader_3_5.csv
3083,2,2,0,Reader_3_6.csv
3083,1,1,0,Reader_3_7.csv
3084,2,2,0,Reader_1_1.csv
3084,0,0,0,Reader_1_10.csv
3084,2,2,0,Reader_1_11.csv
3084,1,1,0,Reader_1_12.csv
3084,5,5,0,Reader_1_2.csv
3084,0,0,0,Reader_1_3.csv
3084,3,1,2,Reader_1_4.csv
3084,0,0,0,Reader_1_5.csv
3084,0,0,0,Reader_1_6.csv
3084,0,0,0,Reader_1_7.csv
3084,1,0,1,Reader_1_8.csv
3084,0,0,0,Reader_1_9.csv
3084,0,0,0,Reader_2_1.csv
3084,1,1,0,Reader_2_10.csv
3084,0,0,0,Reader_2_11.csv
3084,0,0,0,Reader_2_12.csv
3084,4,2,2,Reader_2_2.csv
3084,0,0,0,Reader_2_3.csv
3084,0,0,0,Reader_2_4.csv
3084,0,0,0,Reader_2_5.csv
3084,0,0,0,Reader_2_6.csv
3084,0,0,0,Reader_2_7.csv
3084,0,0,0,Reader_2_8.csv
3084,0,0,0,Reader_2_9.csv
3084,1,1,0,reader_3_1.csv
3084,5,4,1,Reader_3_2.csv
3084,3,1,2,Reader_3_3.csv
3084,3,1,2,Reader_3_4.csv
3084,5,3,2,Reader_3_5.csv
3084,2,2,0,Reader_3_6.csv
3084,1,1,0,Reader_3_7.csv
3085,2,2,0,Reader_1_1.csv
3085,0,0,0,Reader_1_10.csv
3085,2,2,0,Reader_1_11.csv
3085,1,1,0,Reader_1_12.csv
3085,3,3,0,Reader_1_2.csv
3085,0,0,0,Reader_1_3.csv
3085,3,1,2,Reader_1_4.csv
3085,0,0,0,Reader_1_5.csv
3085,0,0,0,Reader_1_6.csv
3085,0,0,0,Reader_1_7.csv
3085,1,0,1,Reader_1_8.csv
3085,0,0,0,Reader_1_9.csv
3085,0,0,0,Reader_2_1.csv
3085,1,1,0,Reader_2_10.csv
3085,0,0,0,Reader_2_11.csv
3085,0,0,0,Reader_2_12.csv
3085,5,2,3,Reader_2_2.csv
3085,0,0,0,Reader_2_3.csv
3085,0,0,0,Reader_2_4.csv
3085,0,0,0,Reader_2_5.csv
3085,0,0,0,Reader_2_6.csv
3085,0,0,0,Reader_2_7.csv
3085,0,0,0,Reader_2_8.csv
3085,0,0,0,Reader_2_9.csv
3085,2,2,0,reader_3_1.csv
3085,7,6,1,Reader_3_2.csv
3085,5,3,2,Reader_3_3.csv
3085,5,3,2,Reader_3_4.csv
3085,4,3,1,Reader_3_5.csv
3085,2,2,0,Reader_3_6.csv
3085,2,2,0,Reader_3_7.csv
3086,2,2,0,Reader_1_1.csv
3086,0,0,0,Reader_1_10.csv
3086,2,2,0,Reader_1_11.csv
3086,1,1,0,Reader_1_12.csv
3086,3,3,0,Reader_1_2.csv
3086,0,0,0,Reader_1_3.csv
3086,3,1,2,Reader_1_4.csv
3086,0,0,0,Reader_1_5.csv
3086,0,0,0,Reader_1_6.csv
3086,0,0,0,Reader_1_7.csv
3086,1,0,1,Reader_1_8.csv
3086,0,0,0,Reader_1_9.csv
3086,0,0,0,Reader_2_1.csv
3086,1,1,0,Reader_2_10.csv
3086,0,0,0,Reader_2_11.csv
3086,0,0,0,Reader_2_12.csv
3086,4,2,2,Reader_2_2.csv
3086,0,0,0,Reader_2_3.csv
3086,0,0,0,Reader_2_4.csv
3086,0,0,0,Reader_2_5.csv
3086,0,0,0,Reader_2_6.csv
3086,0,0,0,Reader_2_7.csv
3086,0,0,0,Reader_2_8.csv
3086,0,0,0,Reader_2_9.csv
3086,2,2,0,reader_3_1.csv
3086,8,7,1,Reader_3_2.csv
3086,6,5,1,Reader_3_3.csv
3086,6,5,1,Reader_3_4.csv
3086,3,2,1,Reader_3_5.csv
3086,2,2,0,Reader_3_6.csv
3086,1,1,0,Reader_3_7.csv
3087,2,2,0,Reader_1_1.csv
3087,0,0,0,Reader_1_10.csv
3087,1,1,0,Reader_1_11.csv
3087,1,1,0,Reader_1_12.csv
3087,2,2,0,Reader_1_2.csv
3087,0,0,0,Reader_1_3.csv
3087,2,1,1,Reader_1_4.csv
3087,0,0,0,Reader_1_5.csv
3087,0,0,0,Reader_1_6.csv
3087,0,0,0,Reader_1_7.csv
3087,1,0,1,Reader_1_8.csv
3087,0,0,0,Reader_1_9.csv
3087,0,0,0,Reader_2_1.csv
3087,1,1,0,Reader_2_10.csv
3087,0,0,0,Reader_2_11.csv
3087,1,1,0,Reader_2_12.csv
3087,4,2,2,Reader_2_2.csv
3087,0,0,0,Reader_2_3.csv
3087,0,0,0,Reader_2_4.csv
3087,0,0,0,Reader_2_5.csv
3087,0,0,0,Reader_2_6.csv
3087,0,0,0,Reader_2_7.csv
3087,0,0,0,Reader_2_8.csv
3087,0,0,0,Reader_2_9.csv
3087,2,2,0,reader_3_1.csv
3087,7,6,1,Reader_3_2.csv
3087,9,8,1,Reader_3_3.csv
3087,9,8,1,Reader_3_4.csv
3087,2,2,0,Reader_3_5.csv
3087,1,1,0,Reader_3_6.csv
3087,1,1,0,Reader_3_7.csv
3088,2,2,0,Reader_1_1.csv
3088,0,0,0,Reader_1_10.csv
3088,1,1,0,Reader_1_11.csv
3088,0,0,0,Reader_1_12.csv
3088,1,1,0,Reader_1_2.csv
3088,0,0,0,Reader_1_3.csv
3088,2,1,1,Reader_1_4.csv
3088,0,0,0,Reader_1_5.csv
3088,0,0,0,Reader_1_6.csv
3088,0,0,0,Reader_1_7.csv
3088,1,0,1,Reader_1_8.csv
3088,0,0,0,Reader_1_9.csv
3088,1,1,0,Reader_2_1.csv
3088,0,0,0,Reader_2_10.csv
3088,0,0,0,Reader_2_11.csv
3088,1,1,0,Reader_2_12.csv
3088,3,2,1,Reader_2_2.csv
3088,0,0,0,Reader_2_3.csv
3088,0,0,0,Reader_2_4.csv
3088,0,0,0,Reader_2_5.csv
3088,0,0,0,Reader_2_6.csv
3088,0,0,0,Reader_2_7.csv
3088,0,0,0,Reader_2_8.csv
3088,0,0,0,Reader_2_9.csv
3088,2,2,0,reader_3_1.csv
3088,8,7,1,Reader_3_2.csv
3088,11,10,1,Reader_3_3.csv
3088,11,10,1,Reader_3_4.csv
3088,2,2,0,Reader_3_5.csv
3088,1,1,0,Reader_3_6.csv
3088,1,1,0,Reader_3_7.csv
3089,2,1,1,Reader_1_1.csv
3089,0,0,0,Reader_1_10.csv
3089,1,1,0,Reader_1_11.csv
3089,0,0,0,Reader_1_12.csv
3089,1,1,0,Reader_1_2.csv
3089,0,0,0,Reader_1_3.csv
3089,1,0,1,Reader_1_4.csv
3089,0,0,0,Reader_1_5.csv
3089,0,0,0,Reader_1_6.csv
3089,0,0,0,Reader_1_7.csv
3089,1,0,1,Reader_1_8.csv
3089,0,0,0,Reader_1_9.csv
3089,1,1,0,Reader_2_1.csv
3089,0,0,0,Reader_2_10.csv
3089,0,0,0,Reader_2_11.csv
3089,1,1,0,Reader_2_12.csv
3089,3,2,1,Reader_2_2.csv
3089,0,0,0,Reader_2_3.csv
3089,0,0,0,Reader_2_4.csv
3089,0,0,0,Reader_2_5.csv
3089,0,0,0,Reader_2_6.csv
3089,0,0,0,Reader_2_7.csv
3089,0,0,0,Reader_2_8.csv
3089,0,0,0,Reader_2_9.csv
3089,1,1,0,reader_3_1.csv
3089,9,8,1,Reader_3_2.csv
3089,15,14,1,Reader_3_3.csv
3089,15,14,1,Reader_3_4.csv
3089,2,2,0,Reader_3_5.csv
3089,1,1,0,Reader_3_6.csv
3089,1,1,0,Reader_3_7.csv
3090,2,1,1,Reader_1_1.csv
3090,0,0,0,Reader_1_10.csv
3090,1,1,0,Reader_1_11.csv
3090,0,0,0,Reader_1_12.csv
3090,1,1,0,Reader_1_2.csv
3090,0,0,0,Reader_1_3.csv
3090,1,0,1,Reader_1_4.csv
3090,0,0,0,Reader_1_5.csv
3090,0,0,0,Reader_1_6.csv
3090,0,0,0,Reader_1_7.csv
3090,1,0,1,Reader_1_8.csv
3090,0,0,0,Reader_1_9.csv
3090,1,1,0,Reader_2_1.csv
3090,0,0,0,Reader_2_10.csv
3090,0,0,0,Reader_2_11.csv
3090,1,1,0,Reader_2_12.csv
3090,1,0,1,Reader_2_2.csv
3090,0,0,0,Reader_2_3.csv
3090,0,0,0,Reader_2_4.csv
3090,0,0,0,Reader_2_5.csv
3090,0,0,0,Reader_2_6.csv
3090,0,0,0,Reader_2_7.csv
3090,0,0,0,Reader_2_8.csv
3090,0,0,0,Reader_2_9.csv
3090,2,1,1,reader_3_1.csv
3090,9,9,0,Reader_3_2.csv
3090,21,20,1,Reader_3_3.csv
3090,21,20,1,Reader_3_4.csv
3090,3,3,0,Reader_3_5.csv
3090,0,0,0,Reader_3_6.csv
3090,1,1,0,Reader_3_7.csv
3091,2,1,1,Reader_1_1.csv
3091,0,0,0,Reader_1_10.csv
3091,2,2,0,Reader_1_11.csv
3091,0,0,0,Reader_1_12.csv
3091,1,1,0,Reader_1_2.csv
3091,0,0,0,Reader_1_3.csv
3091,1,0,1,Reader_1_4.csv
3091,0,0,0,Reader_1_5.csv
3091,0,0,0,Reader_1_6.csv
3091,1,1,0,Reader_1_7.csv
3091,1,0,1,Reader_1_8.csv
3091,0,0,0,Reader_1_9.csv
3091,1,1,0,Reader_2_1.csv
3091,0,0,0,Reader_2_10.csv
3091,0,0,0,Reader_2_11.csv
3091,1,1,0,Reader_2_12.csv
3091,1,0,1,Reader_2_2.csv
3091,0,0,0,Reader_2_3.csv
3091,0,0,0,Reader_2_4.csv
3091,0,0,0,Reader_2_5.csv
3091,0,0,0,Reader_2_6.csv
3091,0,0,0,Reader_2_7.csv
3091,1,1,0,Reader_2_8.csv
3091,0,0,0,Reader_2_9.csv
3091,2,1,1,reader_3_1.csv
3091,10,10,0,Reader_3_2.csv
3091,29,26,3,Reader_3_3.csv
3091,29,26,3,Reader_3_4.csv
3091,2,2,0,Reader_3_5.csv
3091,1,1,0,Reader_3_6.csv
3091,1,1,0,Reader_3_7.csv
3092,1,0,1,Reader_1_1.csv
3092,0,0,0,Reader_1_10.csv
3092,1,1,0,Reader_1_11.csv
3092,0,0,0,Reader_1_12.csv
3092,1,1,0,Reader_1_2.csv
3092,0,0,0,Reader_1_3.csv
3092,1,1,0,Reader_1_4.csv
3092,0,0,0,Reader_1_5.csv
3092,0,0,0,Reader_1_6.csv
3092,1,1,0,Reader_1_7.csv
3092,0,0,0,Reader_1_8.csv
3092,0,0,0,Reader_1_9.csv
3092,1,1,0,Reader_2_1.csv
3092,0,0,0,Reader_2_10.csv
3092,0,0,0,Reader_2_11.csv
3092,2,2,0,Reader_2_12.csv
3092,1,0,1,Reader_2_2.csv
3092,0,0,0,Reader_2_3.csv
3092,0,0,0,Reader_2_4.csv
3092,0,0,0,Reader_2_5.csv
3092,0,0,0,Reader_2_6.csv
3092,0,0,0,Reader_2_7.csv
3092,1,1,0,Reader_2_8.csv
3092,0,0,0,Reader_2_9.csv
3092,2,1,1,reader_3_1.csv
3092,10,10,0,Reader_3_2.csv
3092,37,33,4,Reader_3_3.csv
3092,37,33,4,Reader_3_4.csv
3092,2,2,0,Reader_3_5.csv
3092,1,1,0,Reader_3_6.csv
3092,1,1,0,Reader_3_7.csv
3093,3,1,2,Reader_1_1.csv
3093,0,0,0,Reader_1_10.csv
3093,1,1,0,Reader_1_11.csv
3093,0,0,0,Reader_1_12.csv
3093,1,1,0,Reader_1_2.csv
3093,0,0,0,Reader_1_3.csv
3093,1,1,0,Reader_1_4.csv
3093,0,0,0,Reader_1_5.csv
3093,0,0,0,Reader_1_6.csv
3093,1,1,0,Reader_1_7.csv
3093,0,0,0,Reader_1_8.csv
3093,0,0,0,Reader_1_9.csv
3093,1,1,0,Reader_2_1.csv
3093,0,0,0,Reader_2_10.csv
3093,0,0,0,Reader_2_11.csv
3093,2,2,0,Reader_2_12.csv
3093,0,0,0,Reader_2_2.csv
3093,0,0,0,Reader_2_3.csv
3093,0,0,0,Reader_2_4.csv
3093,0,0,0,Reader_2_5.csv
3093,0,0,0,Reader_2_6.csv
3093,0,0,0,Reader_2_7.csv
3093,1,1,0,Reader_2_8.csv
3093,0,0,0,Reader_2_9.csv
3093,1,0,1,reader_3_1.csv
3093,10,10,0,Reader_3_2.csv
3093,39,35,4,Reader_3_3.csv
3093,39,35,4,Reader_3_4.csv
3093,5,5,0,Reader_3_5.csv
3093,1,1,0,Reader_3_6.csv
3093,0,0,0,Reader_3_7.csv
3094,3,1,2,Reader_1_1.csv
3094,0,0,0,Reader_1_10.csv
3094,1,1,0,Reader_1_11.csv
3094,0,0,0,Reader_1_12.csv
3094,0,0,0,Reader_1_2.csv
3094,1,1,0,Reader_1_3.csv
3094,2,2,0,Reader_1_4.csv
3094,0,0,0,Reader_1_5.csv
3094,0,0,0,Reader_1_6.csv
3094,1,1,0,Reader_1_7.csv
3094,0,0,0,Reader_1_8.csv
3094,0,0,0,Reader_1_9.csv
3094,2,2,0,Reader_2_1.csv
3094,0,0,0,Reader_2_10.csv
3094,0,0,0,Reader_2_11.csv
3094,2,2,0,Reader_2_12.csv
3094,0,0,0,Reader_2_2.csv
3094,0,0,0,Reader_2_3.csv
3094,0,0,0,Reader_2_4.csv
3094,0,0,0,Reader_2_5.csv
3094,0,0,0,Reader_2_6.csv
3094,0,0,0,Reader_2_7.csv
3094,1,1,0,Reader_2_8.csv
3094,0,0,0,Reader_2_9.csv
3094,1,0,1,reader_3_1.csv
3094,8,8,0,Reader_3_2.csv
3094,45,40,5,Reader_3_3.csv
3094,45,40,5,Reader_3_4.csv
3094,5,5,0,Reader_3_5.csv
3094,1,1,0,Reader_3_6.csv
3094,0,0,0,Reader_3_7.csv
3095,5,3,2,Reader_1_1.csv
3095,1,1,0,Reader_1_10.csv
3095,1,1,0,Reader_1_11.csv
3095,0,0,0,Reader_1_12.csv
3095,0,0,0,Reader_1_2.csv
3095,3,2,1,Reader_1_3.csv
3095,2,2,0,Reader_1_4.csv
3095,0,0,0,Reader_1_5.csv
3095,0,0,0,Reader_1_6.csv
3095,1,1,0,Reader_1_7.csv
3095,0,0,0,Reader_1_8.csv
3095,0,0,0,Reader_1_9.csv
3095,2,2,0,Reader_2_1.csv
3095,0,0,0,Reader_2_10.csv
3095,0,0,0,Reader_2_11.csv
3095,2,2,0,Reader_2_12.csv
3095,0,0,0,Reader_2_2.csv
3095,0,0,0,Reader_2_3.csv
3095,0,0,0,Reader_2_4.csv
3095,0,0,0,Reader_2_5.csv
3095,0,0,0,Reader_2_6.csv
3095,0,0,0,Reader_2_7.csv
3095,1,1,0,Reader_2_8.csv
3095,0,0,0,Reader_2_9.csv
3095,2,1,1,reader_3_1.csv
3095,7,7,0,Reader_3_2.csv
3095,46,41,5,Reader_3_3.csv
3095,46,41,5,Reader_3_4.csv
3095,7,7,0,Reader_3_5.csv
3095,1,1,0,Reader_3_6.csv
3095,0,0,0,Reader_3_7.csv
3096,7,5,2,Reader_1_1.csv
3096,1,1,0,Reader_1_10.csv
3096,1,1,0,Reader_1_11.csv
3096,0,0,0,Reader_1_12.csv
3096,0,0,0,Reader_1_2.csv
3096,3,2,1,Reader_1_3.csv
3096,2,2,0,Reader_1_4.csv
3096,0,0,0,Reader_1_5.csv
3096,0,0,0,Reader_1_6.csv
3096,1,1,0,Reader_1_7.csv
3096,0,0,0,Reader_1_8.csv
3096,0,0,0,Reader_1_9.csv
3096,1,1,0,Reader_2_1.csv
3096,0,0,0,Reader_2_10.csv
3096,0,0,0,Reader_2_11.csv
3096,2,2,0,Reader_2_12.csv
3096,0,0,0,Reader_2_2.csv
3096,0,0,0,Reader_2_3.csv
3096,0,0,0,Reader_2_4.csv
3096,0,0,0,Reader_2_5.csv
3096,0,0,0,Reader_2_6.csv
3096,0,0,0,Reader_2_7.csv
3096,1,1,0,Reader_2_8.csv
3096,0,0,0,Reader_2_9.csv
3096,3,2,1,reader_3_1.csv
3096,6,6,0,Reader_3_2.csv
3096,46,41,5,Reader_3_3.csv
3096,46,41,5,Reader_3_4.csv
3096,8,8,0,Reader_3_5.csv
3096,1,1,0,Reader_3_6.csv
3096,1,1,0,Reader_3_7.csv
3097,6,5,1,Reader_1_1.csv
3097,1,1,0,Reader_1_10.csv
3097,1,1,0,Reader_1_11.csv
3097,0,0,0,Reader_1_12.csv
3097,0,0,0,Reader_1_2.csv
3097,4,2,2,Reader_1_3.csv
3097,2,2,0,Reader_1_4.csv
3097,0,0,0,Reader_1_5.csv
3097,0,0,0,Reader_1_6.csv
3097,1,1,0,Reader_1_7.csv
3097,0,0,0,Reader_1_8.csv
3097,0,0,0,Reader_1_9.csv
3097,1,1,0,Reader_2_1.csv
3097,0,0,0,Reader_2_10.csv
3097,0,0,0,Reader_2_11.csv
3097,2,2,0,Reader_2_12.csv
3097,0,0,0,Reader_2_2.csv
3097,0,0,0,Reader_2_3.csv
3097,0,0,0,Reader_2_4.csv
3097,0,0,0,Reader_2_5.csv
3097,0,0,0,Reader_2_6.csv
3097,0,0,0,Reader_2_7.csv
3097,2,1,1,Reader_2_8.csv
3097,0,0,0,Reader_2_9.csv
3097,3,2,1,reader_3_1.csv
3097,5,5,0,Reader_3_2.csv
3097,46,40,6,Reader_3_3.csv
3097,46,40,6,Reader_3_4.csv
3097,9,9,0,Reader_3_5.csv
3097,1,1,0,Reader_3_6.csv
3097,1,1,0,Reader_3_7.csv
3098,8,7,1,Reader_1_1.csv
3098,1,1,0,Reader_1_10.csv
3098,1,1,0,Reader_1_11.csv
3098,0,0,0,Reader_1_12.csv
3098,0,0,0,Reader_1_2.csv
3098,4,2,2,Reader_1_3.csv
3098,2,2,0,Reader_1_4.csv
3098,0,0,0,Reader_1_5.csv
3098,1,1,0,Reader_1_6.csv
3098,1,1,0,Reader_1_7.csv
3098,0,0,0,Reader_1_8.csv
3098,0,0,0,Reader_1_9.csv
3098,1,1,0,Reader_2_1.csv
3098,0,0,0,Reader_2_10.csv
3098,0,0,0,Reader_2_11.csv
3098,2,2,0,Reader_2_12.csv
3098,0,0,0,Reader_2_2.csv
3098,0,0,0,Reader_2_3.csv
3098,0,0,0,Reader_2_4.csv
3098,0,0,0,Reader_2_5.csv
3098,0,0,0,Reader_2_6.csv
3098,0,0,0,Reader_2_7.csv
3098,2,1,1,Reader_2_8.csv
3098,0,0,0,Reader_2_9.csv
3098,2,2,0,reader_3_1.csv
3098,4,4,0,Reader_3_2.csv
3098,42,37,5,Reader_3_3.csv
3098,42,37,5,Reader_3_4.csv
3098,8,8,0,Reader_3_5.csv
3098,2,2,0,Reader_3_6.csv
3098,1,1,0,Reader_3_7.csv
3099,8,7,1,Reader_1_1.csv
3099,1,1,0,Reader_1_10.csv
3099,0,0,0,Reader_1_11.csv
3099,0,0,0,Reader_1_12.csv
3099,0,0,0,Reader_1_2.csv
3099,4,2,2,Reader_1_3.csv
3099,2,2,0,Reader_1_4.csv
3099,0,0,0,Reader_1_5.csv
3099,1,1,0,Reader_1_6.csv
3099,0,0,0,Reader_1_7.csv
3099,0,0,0,Reader_1_8.csv
3099,0,0,0,Reader_1_9.csv
3099,1,1,0,Reader_2_1.csv
3099,0,0,0,Reader_2_10.csv
3099,0,0,0,Reader_2_11.csv
3099,3,3,0,Reader_2_12.csv
3099,1,1,0,Reader_2_2.csv
3099,0,0,0,Reader_2_3.csv
3099,0,0,0,Reader_2_4.csv
3099,0,0,0,Reader_2_5.csv
3099,0,0,0,Reader_2_6.csv
3099,0,0,0,Reader_2_7.csv
3099,1,0,1,Reader_2_8.csv
3099,0,0,0,Reader_2_9.csv
3099,3,3,0,reader_3_1.csv
3099,3,3,0,Reader_3_2.csv
3099,35,32,3,Reader_3_3.csv
3099,35,32,3,Reader_3_4.csv
3099,8,8,0,Reader_3_5.csv
3099,1,1,0,Reader_3_6.csv
3099,1,1,0,Reader_3_7.csv
3100,9,8,1,Reader_1_1.csv
3100,1,1,0,Reader_1_10.csv
3100,0,0,0,Reader_1_11.csv
3100,0,0,0,Reader_1_12.csv
3100,1,1,0,Reader_1_2.csv
3100,4,2,2,Reader_1_3.csv
3100,1,1,0,Reader_1_4.csv
3100,0,0,0,Reader_1_5.csv
3100,1,1,0,Reader_1_6.csv
3100,0,0,0,Reader_1_7.csv
3100,0,0,0,Reader_1_8.csv
3100,0,0,0,Reader_1_9.csv
3100,2,2,0,Reader_2_1.csv
3100,0,0,0,Reader_2_10.csv
3100,0,0,0,Reader_2_11.csv
3100,2,2,0,Reader_2_12.csv
3100,1,1,0,Reader_2_2.csv
3100,0,0,0,Reader_2_3.csv
3100,0,0,0,Reader_2_4.csv
3100,0,0,0,Reader_2_5.csv
3100,0,0,0,Reader_2_6.csv
3100,0,0,0,Reader_2_7.csv
3100,1,0,1,Reader_2_8.csv
3100,0,0,0,Reader_2_9.csv
3100,3,3,0,reader_3_1.csv
3100,3,2,1,Reader_3_2.csv
3100,29,27,2,Reader_3_3.csv
3100,29,27,2,Reader_3_4.csv
3100,9,9,0,Reader_3_5.csv
3100,1,1,0,Reader_3_6.csv
3100,1,1,0,Reader_3_7.csv
3101,7,7,0,Reader_1_1.csv
3101,1,1,0,Reader_1_10.csv
3101,0,0,0,Reader_1_11.csv
3101,0,0,0,Reader_1_12.csv
3101,1,1,0,Reader_1_2.csv
3101,4,2,2,Reader_1_3.csv
3101,2,2,0,Reader_1_4.csv
3101,0,0,0,Reader_1_5.csv
3101,1,1,0,Reader_1_6.csv
3101,0,0,0,Reader_1_7.csv
3101,0,0,0,Reader_1_8.csv
3101,0,0,0,Reader_1_9.csv
3101,2,2,0,Reader_2_1.csv
3101,0,0,0,Reader_2_10.csv
3101,0,0,0,Reader_2_11.csv
3101,2,2,0,Reader_2_12.csv
3101,1,1,0,Reader_2_2.csv
3101,0,0,0,Reader_2_3.csv
3101,0,0,0,Reader_2_4.csv
3101,0,0,0,Reader_2_5.csv
3101,0,0,0,Reader_2_6.csv
3101,0,0,0,Reader_2_7.csv
3101,1,0,1,Reader_2_8.csv
3101,0,0,0,Reader_2_9.csv
3101,3,3,0,reader_3_1.csv
3101,1,0,1,Reader_3_2.csv
3101,26,24,2,Reader_3_3.csv
3101,26,24,2,Reader_3_4.csv
3101,7,7,0,Reader_3_5.csv
3101,2,2,0,Reader_3_6.csv
3101,1,1,0,Reader_3_7.csv
3102,8,8,0,Reader_1_1.csv
3102,1,1,0,Reader_1_10.csv
3102,0,0,0,Reader_1_11.csv
3102,0,0,0,Reader_1_12.csv
3102,1,1,0,Reader_1_2.csv
3102,4,2,2,Reader_1_3.csv
3102,1,1,0,Reader_1_4.csv
3102,0,0,0,Reader_1_5.csv
3102,1,1,0,Reader_1_6.csv
3102,0,0,0,Reader_1_7.csv
3102,0,0,0,Reader_1_8.csv
3102,0,0,0,Reader_1_9.csv
3102,1,1,0,Reader_2_1.csv
3102,0,0,0,Reader_2_10.csv
3102,0,0,0,Reader_2_11.csv
3102,3,3,0,Reader_2_12.csv
3102,1,1,0,Reader_2_2.csv
3102,0,0,0,Reader_2_3.csv
3102,0,0,0,Reader_2_4.csv
3102,0,0,0,Reader_2_5.csv
3102,0,0,0,Reader_2_6.csv
3102,0,0,0,Reader_2_7.csv
3102,1,0,1,Reader_2_8.csv
3102,0,0,0,Reader_2_9.csv
3102,4,4,0,reader_3_1.csv
3102,1,0,1,Reader_3_2.csv
3102,20,19,1,Reader_3_3.csv
3102,20,19,1,Reader_3_4.csv
3102,7,7,0,Reader_3_5.csv
3102,2,2,0,Reader_3_6.csv
3102,1,1,0,Reader_3_7.csv
3103,6,6,0,Reader_1_1.csv
3103,0,0,0,Reader_1_10.csv
3103,0,0,0,Reader_1_11.csv
3103,0,0,0,Reader_1_12.csv
3103,1,1,0,Reader_1_2.csv
3103,2,1,1,Reader_1_3.csv
3103,1,1,0,Reader_1_4.csv
3103,1,1,0,Reader_1_5.csv
3103,1,1,0,Reader_1_6.csv
3103,0,0,0,Reader_1_7.csv
3103,0,0,0,Reader_1_8.csv
3103,0,0,0,Reader_1_9.csv
3103,1,1,0,Reader_2_1.csv
3103,0,0,0,Reader_2_10.csv
3103,0,0,0,Reader_2_11.csv
3103,3,3,0,Reader_2_12.csv
3103,1,1,0,Reader_2_2.csv
3103,0,0,0,Reader_2_3.csv
3103,0,0,0,Reader_2_4.csv
3103,0,0,0,Reader_2_5.csv
3103,0,0,0,Reader_2_6.csv
3103,0,0,0,Reader_2_7.csv
3103,1,0,1,Reader_2_8.csv
3103,0,0,0,Reader_2_9.csv
3103,3,3,0,reader_3_1.csv
3103,2,1,1,Reader_3_2.csv
3103,19,18,1,Reader_3_3.csv
3103,19,18,1,Reader_3_4.csv
3103,5,5,0,Reader_3_5.csv
3103,2,2,0,Reader_3_6.csv
3103,1,1,0,Reader_3_7.csv
3104,4,4,0,Reader_1_1.csv
3104,0,0,0,Reader_1_10.csv
3104,0,0,0,Reader_1_11.csv
3104,0,0,0,Reader_1_12.csv
3104,1,1,0,Reader_1_2.csv
3104,2,1,1,Reader_1_3.csv
3104,1,1,0,Reader_1_4.csv
3104,1,1,0,Reader_1_5.csv
3104,2,2,0,Reader_1_6.csv
3104,0,0,0,Reader_1_7.csv
3104,0,0,0,Reader_1_8.csv
3104,0,0,0,Reader_1_9.csv
3104,1,1,0,Reader_2_1.csv
3104,0,0,0,Reader_2_10.csv
3104,0,0,0,Reader_2_11.csv
3104,4,4,0,Reader_2_12.csv
3104,1,1,0,Reader_2_2.csv
3104,0,0,0,Reader_2_3.csv
3104,0,0,0,Reader_2_4.csv
3104,0,0,0,Reader_2_5.csv
3104,0,0,0,Reader_2_6.csv
3104,0,0,0,Reader_2_7.csv
3104,1,0,1,Reader_2_8.csv
3104,0,0,0,Reader_2_9.csv
3104,3,3,0,reader_3_1.csv
3104,3,2,1,Reader_3_2.csv
3104,18,17,1,Reader_3_3.csv
3104,18,17,1,Reader_3_4.csv
3104,4,4,0,Reader_3_5.csv
3104,2,2,0,Reader_3_6.csv
3104,0,0,0,Reader_3_7.csv
3105,4,4,0,Reader_1_1.csv
3105,0,0,0,Reader_1_10.csv
3105,0,0,0,Reader_1_11.csv
3105,0,0,0,Reader_1_12.csv
3105,2,2,0,Reader_1_2.csv
3105,2,1,1,Reader_1_3.csv
3105,1,1,0,Reader_1_4.csv
3105,1,1,0,Reader_1_5.csv
3105,2,2,0,Reader_1_6.csv
3105,0,0,0,Reader_1_7.csv
3105,0,0,0,Reader_1_8.csv
3105,0,0,0,Reader_1_9.csv
3105,1,1,0,Reader_2_1.csv
3105,0,0,0,Reader_2_10.csv
3105,0,0,0,Reader_2_11.csv
3105,4,4,0,Reader_2_12.csv
3105,1,1,0,Reader_2_2.csv
3105,0,0,0,Reader_2_3.csv
3105,0,0,0,Reader_2_4.csv
3105,0,0,0,Reader_2_5.csv
3105,0,0,0,Reader_2_6.csv
3105,0,0,0,Reader_2_7.csv
3105,0,0,0,Reader_2_8.csv
3105,0,0,0,Reader_2_9.csv
3105,5,5,0,reader_3_1.csv
3105,4,3,1,Reader_3_2.csv
3105,15,15,0,Reader_3_3.csv
3105,15,15,0,Reader_3_4.csv
3105,2,2,0,Reader_3_5.csv
3105,2,2,0,Reader_3_6.csv
3105,0,0,0,Reader_3_7.csv
3106,2,2,0,Reader_1_1.csv
3106,0,0,0,Reader_1_10.csv
3106,0,0,0,Reader_1_11.csv
3106,0,0,0,Reader_1_12.csv
3106,2,2,0,Reader_1_2.csv
3106,2,1,1,Reader_1_3.csv
3106,1,1,0,Reader_1_4.csv
3106,1,1,0,Reader_1_5.csv
3106,1,1,0,Reader_1_6.csv
3106,0,0,0,Reader_1_7.csv
3106,0,0,0,Reader_1_8.csv
3106,0,0,0,Reader_1_9.csv
3106,1,1,0,Reader_2_1.csv
3106,0,0,0,Reader_2_10.csv
3106,0,0,0,Reader_2_11.csv
3106,4,4,0,Reader_2_12.csv
3106,1,1,0,Reader_2_2.csv
3106,0,0,0,Reader_2_3.csv
3106,0,0,0,Reader_2_4.csv
3106,0,0,0,Reader_2_5.csv
3106,0,0,0,Reader_2_6.csv
3106,0,0,0,Reader_2_7.csv
3106,0,0,0,Reader_2_8.csv
3106,0,0,0,Reader_2_9.csv
3106,7,7,0,reader_3_1.csv
3106,4,3,1,Reader_3_2.csv
3106,13,13,0,Reader_3_3.csv
3106,13,13,0,Reader_3_4.csv
3106,2,2,0,Reader_3_5.csv
3106,1,1,0,Reader_3_6.csv
3106,0,0,0,Reader_3_7.csv
3107,2,2,0,Reader_1_1.csv
3107,0,0,0,Reader_1_10.csv
3107,0,0,0,Reader_1_11.csv
3107,0,0,0,Reader_1_12.csv
3107,2,2,0,Reader_1_2.csv
3107,2,1,1,Reader_1_3.csv
3107,1,1,0,Reader_1_4.csv
3107,1,1,0,Reader_1_5.csv
3107,1,1,0,Reader_1_6.csv
3107,0,0,0,Reader_1_7.csv
3107,0,0,0,Reader_1_8.csv
3107,0,0,0,Reader_1_9.csv
3107,1,1,0,Reader_2_1.csv
3107,0,0,0,Reader_2_10.csv
3107,0,0,0,Reader_2_11.csv
3107,3,3,0,Reader_2_12.csv
3107,0,0,0,Reader_2_2.csv
3107,0,0,0,Reader_2_3.csv
3107,0,0,0,Reader_2_4.csv
3107,0,0,0,Reader_2_5.csv
3107,0,0,0,Reader_2_6.csv
3107,0,0,0,Reader_2_7.csv
3107,0,0,0,Reader_2_8.csv
3107,0,0,0,Reader_2_9.csv
3107,6,6,0,reader_3_1.csv
3107,6,5,1,Reader_3_2.csv
3107,12,12,0,Reader_3_3.csv
3107,12,12,0,Reader_3_4.csv
3107,2,2,0,Reader_3_5.csv
3107,1,1,0,Reader_3_6.csv
3107,0,0,0,Reader_3_7.csv
3108,1,1,0,Reader_1_1.csv
3108,0,0,0,Reader_1_10.csv
3108,0,0,0,Reader_1_11.csv
3108,0,0,0,Reader_1_12.csv
3108,2,1,1,Reader_1_2.csv
3108,2,1,1,Reader_1_3.csv
3108,1,1,0,Reader_1_4.csv
3108,1,1,0,Reader_1_5.csv
3108,1,1,0,Reader_1_6.csv
3108,0,0,0,Reader_1_7.csv
3108,0,0,0,Reader_1_8.csv
3108,0,0,0,Reader_1_9.csv
3108,0,0,0,Reader_2_1.csv
3108,0,0,0,Reader_2_10.csv
3108,0,0,0,Reader_2_11.csv
3108,3,3,0,Reader_2_12.csv
3108,0,0,0,Reader_2_2.csv
3108,0,0,0,Reader_2_3.csv
3108,0,0,0,Reader_2_4.csv
3108,0,0,0,Reader_2_5.csv
3108,0,0,0,Reader_2_6.csv
3108,0,0,0,Reader_2_7.csv
3108,0,0,0,Reader_2_8.csv
3108,0,0,0,Reader_2_9.csv
3108,6,6,0,reader_3_1.csv
3108,7,7,0,Reader_3_2.csv
3108,10,10,0,Reader_3_3.csv
3108,10,10,0,Reader_3_4.csv
3108,2,2,0,Reader_3_5.csv
3108,1,1,0,Reader_3_6.csv
3108,1,0,1,Reader_3_7.csv
3109,1,1,0,Reader_1_1.csv
3109,1,1,0,Reader_1_10.csv
3109,0,0,0,Reader_1_11.csv
3109,0,0,0,Reader_1_12.csv
3109,2,1,1,Reader_1_2.csv
3109,2,1,1,Reader_1_3.csv
3109,0,0,0,Reader_1_4.csv
3109,1,1,0,Reader_1_5.csv
3109,1,1,0,Reader_1_6.csv
3109,0,0,0,Reader_1_7.csv
3109,0,0,0,Reader_1_8.csv
3109,0,0,0,Reader_1_9.csv
3109,0,0,0,Reader_2_1.csv
3109,0,0,0,Reader_2_10.csv
3109,0,0,0,Reader_2_11.csv
3109,3,3,0,Reader_2_12.csv
3109,0,0,0,Reader_2_2.csv
3109,0,0,0,Reader_2_3.csv
3109,0,0,0,Reader_2_4.csv
3109,0,0,0,Reader_2_5.csv
3109,0,0,0,Reader_2_6.csv
3109,0,0,0,Reader_2_7.csv
3109,0,0,0,Reader_2_8.csv
3109,0,0,0,Reader_2_9.csv
3109,8,6,2,reader_3_1.csv
3109,7,7,0,Reader_3_2.csv
3109,10,10,0,Reader_3_3.csv
3109,10,10,0,Reader_3_4.csv
3109,1,1,0,Reader_3_5.csv
3109,0,0,0,Reader_3_6.csv
3109,1,0,1,Reader_3_7.csv
3110,0,0,0,Reader_1_1.csv
3110,1,1,0,Reader_1_10.csv
3110,0,0,0,Reader_1_11.csv
3110,0,0,0,Reader_1_12.csv
3110,4,2,2,Reader_1_2.csv
3110,2,1,1,Reader_1_3.csv
3110,0,0,0,Reader_1_4.csv
3110,1,1,0,Reader_1_5.csv
3110,1,1,0,Reader_1_6.csv
3110,0,0,0,Reader_1_7.csv
3110,0,0,0,Reader_1_8.csv
3110,0,0,0,Reader_1_9.csv
3110,0,0,0,Reader_2_1.csv
3110,0,0,0,Reader_2_10.csv
3110,0,0,0,Reader_2_11.csv
3110,4,4,0,Reader_2_12.csv
3110,0,0,0,Reader_2_2.csv
3110,0,0,0,Reader_2_3.csv
3110,0,0,0,Reader_2_4.csv
3110,0,0,0,Reader_2_5.csv
3110,0,0,0,Reader_2_6.csv
3110,0,0,0,Reader_2_7.csv
3110,0,0,0,Reader_2_8.csv
3110,0,0,0,Reader_2_9.csv
3110,7,5,2,reader_3_1.csv
3110,8,8,0,Reader_3_2.csv
3110,9,9,0,Reader_3_3.csv
3110,9,9,0,Reader_3_4.csv
3110,2,2,0,Reader_3_5.csv
3110,0,0,0,Reader_3_6.csv
3110,2,1,1,Reader_3_7.csv
3111,0,0,0,Reader_1_1.csv
3111,1,1,0,Reader_1_10.csv
3111,0,0,0,Reader_1_11.csv
3111,0,0,0,Reader_1_12.csv
3111,4,2,2,Reader_1_2.csv
3111,2,1,1,Reader_1_3.csv
3111,0,0,0,Reader_1_4.csv
3111,1,1,0,Reader_1_5.csv
3111,1,1,0,Reader_1_6.csv
3111,0,0,0,Reader_1_7.csv
3111,0,0,0,Reader_1_8.csv
3111,0,0,0,Reader_1_9.csv
3111,0,0,0,Reader_2_1.csv
3111,0,0,0,Reader_2_10.csv
3111,0,0,0,Reader_2_11.csv
3111,3,3,0,Reader_2_12.csv
3111,0,0,0,Reader_2_2.csv
3111,0,0,0,Reader_2_3.csv
3111,0,0,0,Reader_2_4.csv
3111,0,0,0,Reader_2_5.csv
3111,1,0,1,Reader_2_6.csv
3111,0,0,0,Reader_2_7.csv
3111,0,0,0,Reader_2_8.csv
3111,0,0,0,Reader_2_9.csv
3111,7,5,2,reader_3_1.csv
3111,10,10,0,Reader_3_2.csv
3111,5,5,0,Reader_3_3.csv
3111,5,5,0,Reader_3_4.csv
3111,2,2,0,Reader_3_5.csv
3111,0,0,0,Reader_3_6.csv
3111,2,1,1,Reader_3_7.csv
3112,0,0,0,Reader_1_1.csv
3112,1,1,0,Reader_1_10.csv
3112,0,0,0,Reader_1_11.csv
3112,0,0,0,Reader_1_12.csv
3112,4,2,2,Reader_1_2.csv
3112,3,2,1,Reader_1_3.csv
3112,0,0,0,Reader_1_4.csv
3112,1,1,0,Reader_1_5.csv
3112,0,0,0,Reader_1_6.csv
3112,0,0,0,Reader_1_7.csv
3112,0,0,0,Reader_1_8.csv
3112,0,0,0,Reader_1_9.csv
3112,0,0,0,Reader_2_1.csv
3112,0,0,0,Reader_2_10.csv
3112,0,0,0,Reader_2_11.csv
3112,2,2,0,Reader_2_12.csv
3112,0,0,0,Reader_2_2.csv
3112,0,0,0,Reader_2_3.csv
3112,0,0,0,Reader_2_4.csv
3112,0,0,0,Reader_2_5.csv
3112,1,0,1,Reader_2_6.csv
3112,0,0,0,Reader_2_7.csv
3112,0,0,0,Reader_2_8.csv
3112,0,0,0,Reader_2_9.csv
3112,7,5,2,reader_3_1.csv
3112,10,10,0,Reader_3_2.csv
3112,5,5,0,Reader_3_3.csv
3112,5,5,0,Reader_3_4.csv
3112,2,2,0,Reader_3_5.csv
3112,0,0,0,Reader_3_6.csv
3112,2,1,1,Reader_3_7.csv
3113,0,0,0,Reader_1_1.csv
3113,1,1,0,Reader_1_10.csv
3113,0,0,0,Reader_1_11.csv
3113,0,0,0,Reader_1_12.csv
3113,3,1,2,Reader_1_2.csv
3113,2,2,0,Reader_1_3.csv
3113,0,0,0,Reader_1_4.csv
3113,1,1,0,Reader_1_5.csv
3113,0,0,0,Reader_1_6.csv
3113,0,0,0,Reader_1_7.csv
3113,0,0,0,Reader_1_8.csv
3113,0,0,0,Reader_1_9.csv
3113,0,0,0,Reader_2_1.csv
3113,0,0,0,Reader_2_10.csv
3113,0,0,0,Reader_2_11.csv
3113,2,2,0,Reader_2_12.csv
3113,0,0,0,Reader_2_2.csv
3113,0,0,0,Reader_2_3.csv
3113,0,0,0,Reader_2_4.csv
3113,0,0,0,Reader_2_5.csv
3113,1,0,1,Reader_2_6.csv
3113,0,0,0,Reader_2_7.csv
3113,0,0,0,Reader_2_8.csv
3113,0,0,0,Reader_2_9.csv
3113,5,3,2,reader_3_1.csv
3113,11,11,0,Reader_3_2.csv
3113,6,5,1,Reader_3_3.csv
3113,6,5,1,Reader_3_4.csv
3113,2,2,0,Reader_3_5.csv
3113,0,0,0,Reader_3_6.csv
3113,2,1,1,Reader_3_7.csv
3114,1,1,0,Reader_1_1.csv
3114,1,1,0,Reader_1_10.csv
3114,1,1,0,Reader_1_11.csv
3114,0,0,0,Reader_1_12.csv
3114,3,1,2,Reader_1_2.csv
3114,3,2,1,Reader_1_3.csv
3114,0,0,0,Reader_1_4.csv
3114,1,1,0,Reader_1_5.csv
3114,0,0,0,Reader_1_6.csv
3114,0,0,0,Reader_1_7.csv
3114,0,0,0,Reader_1_8.csv
3114,0,0,0,Reader_1_9.csv
3114,0,0,0,Reader_2_1.csv
3114,0,0,0,Reader_2_10.csv
3114,0,0,0,Reader_2_11.csv
3114,2,2,0,Reader_2_12.csv
3114,0,0,0,Reader_2_2.csv
3114,0,0,0,Reader_2_3.csv
3114,0,0,0,Reader_2_4.csv
3114,0,0,0,Reader_2_5.csv
3114,1,0,1,Reader_2_6.csv
3114,0,0,0,Reader_2_7.csv
3114,0,0,0,Reader_2_8.csv
3114,0,0,0,Reader_2_9.csv
3114,4,2,2,reader_3_1.csv
3114,12,12,0,Reader_3_2.csv
3114,5,4,1,Reader_3_3.csv
3114,5,4,1,Reader_3_4.csv
3114,2,2,0,Reader_3_5.csv
3114,0,0,0,Reader_3_6.csv
3114,2,1,1,Reader_3_7.csv
3115,2,2,0,Reader_1_1.csv
3115,1,1,0,Reader_1_10.csv
3115,1,1,0,Reader_1_11.csv
3115,0,0,0,Reader_1_12.csv
3115,4,2,2,Reader_1_2.csv
3115,3,2,1,Reader_1_3.csv
3115,0,0,0,Reader_1_4.csv
3115,1,1,0,Reader_1_5.csv
3115,1,0,1,Reader_1_6.csv
3115,0,0,0,Reader_1_7.csv
3115,0,0,0,Reader_1_8.csv
3115,0,0,0,Reader_1_9.csv
3115,0,0,0,Reader_2_1.csv
3115,0,0,0,Reader_2_10.csv
3115,0,0,0,Reader_2_11.csv
3115,2,2,0,Reader_2_12.csv
3115,0,0,0,Reader_2_2.csv
3115,0,0,0,Reader_2_3.csv
3115,0,0,0,Reader_2_4.csv
3115,0,0,0,Reader_2_5.csv
3115,1,0,1,Reader_2_6.csv
3115,0,0,0,Reader_2_7.csv
3115,0,0,0,Reader_2_8.csv
3115,0,0,0,Reader_2_9.csv
3115,5,3,2,reader_3_1.csv
3115,10,10,0,Reader_3_2.csv
3115,6,5,1,Reader_3_3.csv
3115,6,5,1,Reader_3_4.csv
3115,2,2,0,Reader_3_5.csv
3115,0,0,0,Reader_3_6.csv
3115,2,1,1,Reader_3_7.csv
3116,2,2,0,Reader_1_1.csv
3116,1,1,0,Reader_1_10.csv
3116,1,1,0,Reader_1_11.csv
3116,1,0,1,Reader_1_12.csv
3116,3,2,1,Reader_1_2.csv
3116,3,2,1,Reader_1_3.csv
3116,0,0,0,Reader_1_4.csv
3116,1,1,0,Reader_1_5.csv
3116,1,0,1,Reader_1_6.csv
3116,0,0,0,Reader_1_7.csv
3116,0,0,0,Reader_1_8.csv
3116,0,0,0,Reader_1_9.csv
3116,0,0,0,Reader_2_1.csv
3116,0,0,0,Reader_2_10.csv
3116,0,0,0,Reader_2_11.csv
3116,2,2,0,Reader_2_12.csv
3116,0,0,0,Reader_2_2.csv
3116,0,0,0,Reader_2_3.csv
3116,0,0,0,Reader_2_4.csv
3116,0,0,0,Reader_2_5.csv
3116,1,0,1,Reader_2_6.csv
3116,0,0,0,Reader_2_7.csv
3116,0,0,0,Reader_2_8.csv
3116,0,0,0,Reader_2_9.csv
3116,5,3,2,reader_3_1.csv
3116,9,9,0,Reader_3_2.csv
3116,8,7,1,Reader_3_3.csv
3116,8,7,1,Reader_3_4.csv
3116,1,1,0,Reader_3_5.csv
3116,0,0,0,Reader_3_6.csv
3116,1,1,0,Reader_3_7.csv
3117,2,2,0,Reader_1_1.csv
3117,0,0,0,Reader_1_10.csv
3117,1,1,0,Reader_1_11.csv
3117,1,0,1,Reader_1_12.csv
3117,4,3,1,Reader_1_2.csv
3117,3,2,1,Reader_1_3.csv
3117,0,0,0,Reader_1_4.csv
3117,1,1,0,Reader_1_5.csv
3117,1,0,1,Reader_1_6.csv
3117,0,0,0,Reader_1_7.csv
3117,0,0,0,Reader_1_8.csv
3117,0,0,0,Reader_1_9.csv
3117,0,0,0,Reader_2_1.csv
3117,0,0,0,Reader_2_10.csv
3117,0,0,0,Reader_2_11.csv
3117,2,2,0,Reader_2_12.csv
3117,0,0,0,Reader_2_2.csv
3117,0,0,0,Reader_2_3.csv
3117,0,0,0,Reader_2_4.csv
3117,0,0,0,Reader_2_5.csv
3117,1,0,1,Reader_2_6.csv
3117,0,0,0,Reader_2_7.csv
3117,0,0,0,Reader_2_8.csv
3117,0,0,0,Reader_2_9.csv
3117,3,3,0,reader_3_1.csv
3117,9,9,0,Reader_3_2.csv
3117,7,6,1,Reader_3_3.csv
3117,7,6,1,Reader_3_4.csv
3117,1,1,0,Reader_3_5.csv
3117,0,0,0,Reader_3_6.csv
3117,2,2,0,Reader_3_7.csv
3118,2,2,0,Reader_1_1.csv
3118,0,0,0,Reader_1_10.csv
3118,1,1,0,Reader_1_11.csv
3118,1,0,1,Reader_1_12.csv
3118,4,4,0,Reader_1_2.csv
3118,2,1,1,Reader_1_3.csv
3118,1,1,0,Reader_1_4.csv
3118,1,1,0,Reader_1_5.csv
3118,1,0,1,Reader_1_6.csv
3118,0,0,0,Reader_1_7.csv
3118,0,0,0,Reader_1_8.csv
3118,0,0,0,Reader_1_9.csv
3118,0,0,0,Reader_2_1.csv
3118,0,0,0,Reader_2_10.csv
3118,0,0,0,Reader_2_11.csv
3118,0,0,0,Reader_2_12.csv
3118,0,0,0,Reader_2_2.csv
3118,0,0,0,Reader_2_3.csv
3118,0,0,0,Reader_2_4.csv
3118,0,0,0,Reader_2_5.csv
3118,1,0,1,Reader_2_6.csv
3118,0,0,0,Reader_2_7.csv
3118,0,0,0,Reader_2_8.csv
3118,0,0,0,Reader_2_9.csv
3118,5,4,1,reader_3_1.csv
3118,9,9,0,Reader_3_2.csv
3118,6,5,1,Reader_3_3.csv
3118,6,5,1,Reader_3_4.csv
3118,0,0,0,Reader_3_5.csv
3118,0,0,0,Reader_3_6.csv
3118,2,2,0,Reader_3_7.csv
3119,2,2,0,Reader_1_1.csv
3119,0,0,0,Reader_1_10.csv
3119,1,1,0,Reader_1_11.csv
3119,1,0,1,Reader_1_12.csv
3119,5,5,0,Reader_1_2.csv
3119,2,1,1,Reader_1_3.csv
3119,1,1,0,Reader_1_4.csv
3119,0,0,0,Reader_1_5.csv
3119,1,0,1,Reader_1_6.csv
3119,0,0,0,Reader_1_7.csv
3119,0,0,0,Reader_1_8.csv
3119,0,0,0,Reader_1_9.csv
3119,0,0,0,Reader_2_1.csv
3119,0,0,0,Reader_2_10.csv
3119,0,0,0,Reader_2_11.csv
3119,1,1,0,Reader_2_12.csv
3119,0,0,0,Reader_2_2.csv
3119,0,0,0,Reader_2_3.csv
3119,0,0,0,Reader_2_4.csv
3119,0,0,0,Reader_2_5.csv
3119,0,0,0,Reader_2_6.csv
3119,0,0,0,Reader_2_7.csv
3119,0,0,0,Reader_2_8.csv
3119,0,0,0,Reader_2_9.csv
3119,5,4,1,reader_3_1.csv
3119,7,7,0,Reader_3_2.csv
3119,6,5,1,Reader_3_3.csv
3119,6,5,1,Reader_3_4.csv
3119,0,0,0,Reader_3_5.csv
3119,0,0,0,Reader_3_6.csv
3119,3,2,1,Reader_3_7.csv
3120,2,2,0,Reader_1_1.csv
3120,0,0,0,Reader_1_10.csv
3120,1,1,0,Reader_1_11.csv
3120,1,0,1,Reader_1_12.csv
3120,5,5,0,Reader_1_2.csv
3120,1,0,1,Reader_1_3.csv
3120,1,1,0,Reader_1_4.csv
3120,1,1,0,Reader_1_5.csv
3120,1,0,1,Reader_1_6.csv
3120,0,0,0,Reader_1_7.csv
3120,0,0,0,Reader_1_8.csv
3120,0,0,0,Reader_1_9.csv
3120,0,0,0,Reader_2_1.csv
3120,0,0,0,Reader_2_10.csv
3120,0,0,0,Reader_2_11.csv
3120,1,1,0,Reader_2_12.csv
3120,1,1,0,Reader_2_2.csv
3120,0,0,0,Reader_2_3.csv
3120,0,0,0,Reader_2_4.csv
3120,0,0,0,Reader_2_5.csv
3120,0,0,0,Reader_2_6.csv
3120,0,0,0,Reader_2_7.csv
3120,0,0,0,Reader_2_8.csv
3120,0,0,0,Reader_2_9.csv
3120,4,3,1,reader_3_1.csv
3120,7,7,0,Reader_3_2.csv
3120,5,4,1,Reader_3_3.csv
3120,5,4,1,Reader_3_4.csv
3120,0,0,0,Reader_3_5.csv
3120,0,0,0,Reader_3_6.csv
3120,3,2,1,Reader_3_7.csv
3121,3,3,0,Reader_1_1.csv
3121,0,0,0,Reader_1_10.csv
3121,1,1,0,Reader_1_11.csv
3121,1,0,1,Reader_1_12.csv
3121,7,6,1,Reader_1_2.csv
3121,1,0,1,Reader_1_3.csv
3121,1,1,0,Reader_1_4.csv
3121,1,1,0,Reader_1_5.csv
3121,1,0,1,Reader_1_6.csv
3121,0,0,0,Reader_1_7.csv
3121,0,0,0,Reader_1_8.csv
3121,0,0,0,Reader_1_9.csv
3121,0,0,0,Reader_2_1.csv
3121,0,0,0,Reader_2_10.csv
3121,0,0,0,Reader_2_11.csv
3121,2,2,0,Reader_2_12.csv
3121,1,1,0,Reader_2_2.csv
3121,0,0,0,Reader_2_3.csv
3121,0,0,0,Reader_2_4.csv
3121,0,0,0,Reader_2_5.csv
3121,0,0,0,Reader_2_6.csv
3121,0,0,0,Reader_2_7.csv
3121,0,0,0,Reader_2_8.csv
3121,0,0,0,Reader_2_9.csv
3121,6,5,1,reader_3_1.csv
3121,8,8,0,Reader_3_2.csv
3121,4,4,0,Reader_3_3.csv
3121,4,4,0,Reader_3_4.csv
3121,0,0,0,Reader_3_5.csv
3121,0,0,0,Reader_3_6.csv
3121,3,2,1,Reader_3_7.csv
3122,2,2,0,Reader_1_1.csv
3122,0,0,0,Reader_1_10.csv
3122,0,0,0,Reader_1_11.csv
3122,1,0,1,Reader_1_12.csv
3122,8,6,2,Reader_1_2.csv
3122,0,0,0,Reader_1_3.csv
3122,1,1,0,Reader_1_4.csv
3122,1,1,0,Reader_1_5.csv
3122,1,0,1,Reader_1_6.csv
3122,0,0,0,Reader_1_7.csv
3122,0,0,0,Reader_1_8.csv
3122,0,0,0,Reader_1_9.csv
3122,0,0,0,Reader_2_1.csv
3122,0,0,0,Reader_2_10.csv
3122,0,0,0,Reader_2_11.csv
3122,2,2,0,Reader_2_12.csv
3122,1,1,0,Reader_2_2.csv
3122,0,0,0,Reader_2_3.csv
3122,0,0,0,Reader_2_4.csv
3122,0,0,0,Reader_2_5.csv
3122,0,0,0,Reader_2_6.csv
3122,0,0,0,Reader_2_7.csv
3122,0,0,0,Reader_2_8.csv
3122,0,0,0,Reader_2_9.csv
3122,5,4,1,reader_3_1.csv
3122,11,11,0,Reader_3_2.csv
3122,4,4,0,Reader_3_3.csv
3122,4,4,0,Reader_3_4.csv
3122,0,0,0,Reader_3_5.csv
3122,0,0,0,Reader_3_6.csv
3122,3,2,1,Reader_3_7.csv
3123,1,1,0,Reader_1_1.csv
3123,0,0,0,Reader_1_10.csv
3123,0,0,0,Reader_1_11.csv
3123,2,1,1,Reader_1_12.csv
3123,8,6,2,Reader_1_2.csv
3123,0,0,0,Reader_1_3.csv
3123,1,1,0,Reader_1_4.csv
3123,1,1,0,Reader_1_5.csv
3123,0,0,0,Reader_1_6.csv
3123,0,0,0,Reader_1_7.csv
3123,0,0,0,Reader_1_8.csv
3123,0,0,0,Reader_1_9.csv
3123,2,1,1,Reader_2_1.csv
3123,0,0,0,Reader_2_10.csv
3123,0,0,0,Reader_2_11.csv
3123,2,2,0,Reader_2_12.csv
3123,1,1,0,Reader_2_2.csv
3123,0,0,0,Reader_2_3.csv
3123,0,0,0,Reader_2_4.csv
3123,0,0,0,Reader_2_5.csv
3123,0,0,0,Reader_2_6.csv
3123,0,0,0,Reader_2_7.csv
3123,0,0,0,Reader_2_8.csv
3123,0,0,0,Reader_2_9.csv
3123,4,3,1,reader_3_1.csv
3123,11,11,0,Reader_3_2.csv
3123,3,3,0,Reader_3_3.csv
3123,3,3,0,Reader_3_4.csv
3123,0,0,0,Reader_3_5.csv
3123,0,0,0,Reader_3_6.csv
3123,3,2,1,Reader_3_7.csv
3124,2,1,1,Reader_1_1.csv
3124,0,0,0,Reader_1_10.csv
3124,0,0,0,Reader_1_11.csv
3124,1,1,0,Reader_1_12.csv
3124,8,6,2,Reader_1_2.csv
3124,1,1,0,Reader_1_3.csv
3124,1,1,0,Reader_1_4.csv
3124,1,1,0,Reader_1_5.csv
3124,0,0,0,Reader_1_6.csv
3124,0,0,0,Reader_1_7.csv
3124,0,0,0,Reader_1_8.csv
3124,0,0,0,Reader_1_9.csv
3124,2,1,1,Reader_2_1.csv
3124,0,0,0,Reader_2_10.csv
3124,0,0,0,Reader_2_11.csv
3124,2,2,0,Reader_2_12.csv
3124,1,1,0,Reader_2_2.csv
3124,0,0,0,Reader_2_3.csv
3124,0,0,0,Reader_2_4.csv
3124,0,0,0,Reader_2_5.csv
3124,0,0,0,Reader_2_6.csv
3124,0,0,0,Reader_2_7.csv
3124,0,0,0,Reader_2_8.csv
3124,0,0,0,Reader_2_9.csv
3124,4,3,1,reader_3_1.csv
3124,11,11,0,Reader_3_2.csv
3124,2,2,0,Reader_3_3.csv
3124,2,2,0,Reader_3_4.csv
3124,0,0,0,Reader_3_5.csv
3124,0,0,0,Reader_3_6.csv
3124,3,2,1,Reader_3_7.csv
3125,2,1,1,Reader_1_1.csv
3125,0,0,0,Reader_1_10.csv
3125,0,0,0,Reader_1_11.csv
3125,2,2,0,Reader_1_12.csv
3125,7,5,2,Reader_1_2.csv
3125,1,1,0,Reader_1_3.csv
3125,1,1,0,Reader_1_4.csv
3125,1,1,0,Reader_1_5.csv
3125,0,0,0,Reader_1_6.csv
3125,0,0,0,Reader_1_7.csv
3125,0,0,0,Reader_1_8.csv
3125,0,0,0,Reader_1_9.csv
3125,2,1,1,Reader_2_1.csv
3125,0,0,0,Reader_2_10.csv
3125,0,0,0,Reader_2_11.csv
3125,3,3,0,Reader_2_12.csv
3125,1,1,0,Reader_2_2.csv
3125,0,0,0,Reader_2_3.csv
3125,0,0,0,Reader_2_4.csv
3125,0,0,0,Reader_2_5.csv
3125,0,0,0,Reader_2_6.csv
3125,0,0,0,Reader_2_7.csv
3125,0,0,0,Reader_2_8.csv
3125,0,0,0,Reader_2_9.csv
3125,5,3,2,reader_3_1.csv
3125,11,11,0,Reader_3_2.csv
3125,2,2,0,Reader_3_3.csv
3125,2,2,0,Reader_3_4.csv
3125,0,0,0,Reader_3_5.csv
3125,0,0,0,Reader_3_6.csv
3125,3,1,2,Reader_3_7.csv
3126,2,1,1,Reader_1_1.csv
3126,0,0,0,Reader_1_10.csv
3126,1,1,0,Reader_1_11.csv
3126,2,2,0,Reader_1_12.csv
3126,5,3,2,Reader_1_2.csv
3126,1,1,0,Reader_1_3.csv
3126,1,1,0,Reader_1_4.csv
3126,1,1,0,Reader_1_5.csv
3126,0,0,0,Reader_1_6.csv
3126,0,0,0,Reader_1_7.csv
3126,0,0,0,Reader_1_8.csv
3126,0,0,0,Reader_1_9.csv
3126,2,1,1,Reader_2_1.csv
3126,0,0,0,Reader_2_10.csv
3126,0,0,0,Reader_2_11.csv
3126,3,3,0,Reader_2_12.csv
3126,1,1,0,Reader_2_2.csv
3126,0,0,0,Reader_2_3.csv
3126,0,0,0,Reader_2_4.csv
3126,0,0,0,Reader_2_5.csv
3126,0,0,0,Reader_2_6.csv
3126,0,0,0,Reader_2_7.csv
3126,0,0,0,Reader_2_8.csv
3126,0,0,0,Reader_2_9.csv
3126,4,3,1,reader_3_1.csv
3126,10,10,0,Reader_3_2.csv
3126,2,2,0,Reader_3_3.csv
3126,2,2,0,Reader_3_4.csv
3126,0,0,0,Reader_3_5.csv
3126,0,0,0,Reader_3_6.csv
3126,2,0,2,Reader_3_7.csv
3127,3,2,1,Reader_1_1.csv
3127,0,0,0,Reader_1_10.csv
3127,1,1,0,Reader_1_11.csv
3127,2,2,0,Reader_1_12.csv
3127,4,2,2,Reader_1_2.csv
3127,1,1,0,Reader_1_3.csv
3127,1,1,0,Reader_1_4.csv
3127,2,2,0,Reader_1_5.csv
3127,0,0,0,Reader_1_6.csv
3127,0,0,0,Reader_1_7.csv
3127,0,0,0,Reader_1_8.csv
3127,0,0,0,Reader_1_9.csv
3127,2,1,1,Reader_2_1.csv
3127,0,0,0,Reader_2_10.csv
3127,0,0,0,Reader_2_11.csv
3127,2,2,0,Reader_2_12.csv
3127,1,1,0,Reader_2_2.csv
3127,0,0,0,Reader_2_3.csv
3127,0,0,0,Reader_2_4.csv
3127,0,0,0,Reader_2_5.csv
3127,0,0,0,Reader_2_6.csv
3127,0,0,0,Reader_2_7.csv
3127,0,0,0,Reader_2_8.csv
3127,0,0,0,Reader_2_9.csv
3127,5,4,1,reader_3_1.csv
3127,9,9,0,Reader_3_2.csv
3127,2,2,0,Reader_3_3.csv
3127,2,2,0,Reader_3_4.csv
3127,1,1,0,Reader_3_5.csv
3127,0,0,0,Reader_3_6.csv
3127,1,0,1,Reader_3_7.csv
3128,4,3,1,Reader_1_1.csv
3128,0,0,0,Reader_1_10.csv
3128,2,2,0,Reader_1_11.csv
3128,2,2,0,Reader_1_12.csv
3128,4,2,2,Reader_1_2.csv
3128,1,1,0,Reader_1_3.csv
3128,1,1,0,Reader_1_4.csv
3128,1,1,0,Reader_1_5.csv
3128,0,0,0,Reader_1_6.csv
3128,0,0,0,Reader_1_7.csv
3128,0,0,0,Reader_1_8.csv
3128,0,0,0,Reader_1_9.csv
3128,2,1,1,Reader_2_1.csv
3128,0,0,0,Reader_2_10.csv
3128,0,0,0,Reader_2_11.csv
3128,2,2,0,Reader_2_12.csv
3128,0,0,0,Reader_2_2.csv
3128,0,0,0,Reader_2_3.csv
3128,0,0,0,Reader_2_4.csv
3128,0,0,0,Reader_2_5.csv
3128,0,0,0,Reader_2_6.csv
3128,0,0,0,Reader_2_7.csv
3128,0,0,0,Reader_2_8.csv
3128,0,0,0,Reader_2_9.csv
3128,6,5,1,reader_3_1.csv
3128,9,9,0,Reader_3_2.csv
3128,2,2,0,Reader_3_3.csv
3128,2,2,0,Reader_3_4.csv
3128,1,1,0,Reader_3_5.csv
3128,0,0,0,Reader_3_6.csv
3128,1,0,1,Reader_3_7.csv
3129,3,2,1,Reader_1_1.csv
3129,0,0,0,Reader_1_10.csv
3129,2,2,0,Reader_1_11.csv
3129,2,2,0,Reader_1_12.csv
3129,2,1,1,Reader_1_2.csv
3129,1,1,0,Reader_1_3.csv
3129,1,1,0,Reader_1_4.csv
3129,2,2,0,Reader_1_5.csv
3129,0,0,0,Reader_1_6.csv
3129,0,0,0,Reader_1_7.csv
3129,0,0,0,Reader_1_8.csv
3129,0,0,0,Reader_1_9.csv
3129,2,1,1,Reader_2_1.csv
3129,0,0,0,Reader_2_10.csv
3129,0,0,0,Reader_2_11.csv
3129,2,1,1,Reader_2_12.csv
3129,0,0,0,Reader_2_2.csv
3129,0,0,0,Reader_2_3.csv
3129,0,0,0,Reader_2_4.csv
3129,0,0,0,Reader_2_5.csv
3129,0,0,0,Reader_2_6.csv
3129,0,0,0,Reader_2_7.csv
3129,0,0,0,Reader_2_8.csv
3129,0,0,0,Reader_2_9.csv
3129,4,3,1,reader_3_1.csv
3129,6,6,0,Reader_3_2.csv
3129,1,1,0,Reader_3_3.csv
3129,1,1,0,Reader_3_4.csv
3129,1,1,0,Reader_3_5.csv
3129,0,0,0,Reader_3_6.csv
3129,2,0,2,Reader_3_7.csv
3130,4,2,2,Reader_1_1.csv
3130,0,0,0,Reader_1_10.csv
3130,2,2,0,Reader_1_11.csv
3130,2,2,0,Reader_1_12.csv
3130,2,2,0,Reader_1_2.csv
3130,1,1,0,Reader_1_3.csv
3130,1,1,0,Reader_1_4.csv
3130,3,2,1,Reader_1_5.csv
3130,0,0,0,Reader_1_6.csv
3130,0,0,0,Reader_1_7.csv
3130,0,0,0,Reader_1_8.csv
3130,0,0,0,Reader_1_9.csv
3130,2,1,1,Reader_2_1.csv
3130,0,0,0,Reader_2_10.csv
3130,0,0,0,Reader_2_11.csv
3130,2,1,1,Reader_2_12.csv
3130,0,0,0,Reader_2_2.csv
3130,0,0,0,Reader_2_3.csv
3130,0,0,0,Reader_2_4.csv
3130,0,0,0,Reader_2_5.csv
3130,0,0,0,Reader_2_6.csv
3130,0,0,0,Reader_2_7.csv
3130,0,0,0,Reader_2_8.csv
3130,0,0,0,Reader_2_9.csv
3130,4,3,1,reader_3_1.csv
3130,2,2,0,Reader_3_2.csv
3130,1,1,0,Reader_3_3.csv
3130,1,1,0,Reader_3_4.csv
3130,1,1,0,Reader_3_5.csv
3130,0,0,0,Reader_3_6.csv
3130,3,1,2,Reader_3_7.csv
3131,5,3,2,Reader_1_1.csv
3131,0,0,0,Reader_1_10.csv
3131,2,2,0,Reader_1_11.csv
3131,1,1,0,Reader_1_12.csv
3131,4,3,1,Reader_1_2.csv
3131,1,1,0,Reader_1_3.csv
3131,1,1,0,Reader_1_4.csv
3131,3,2,1,Reader_1_5.csv
3131,0,0,0,Reader_1_6.csv
3131,0,0,0,Reader_1_7.csv
3131,0,0,0,Reader_1_8.csv
3131,0,0,0,Reader_1_9.csv
3131,0,0,0,Reader_2_1.csv
3131,0,0,0,Reader_2_10.csv
3131,0,0,0,Reader_2_11.csv
3131,2,1,1,Reader_2_12.csv
3131,0,0,0,Reader_2_2.csv
3131,0,0,0,Reader_2_3.csv
3131,1,1,0,Reader_2_4.csv
3131,0,0,0,Reader_2_5.csv
3131,0,0,0,Reader_2_6.csv
3131,0,0,0,Reader_2_7.csv
3131,0,0,0,Reader_2_8.csv
3131,0,0,0,Reader_2_9.csv
3131,4,3,1,reader_3_1.csv
3131,3,3,0,Reader_3_2.csv
3131,1,1,0,Reader_3_3.csv
3131,1,1,0,Reader_3_4.csv
3131,1,1,0,Reader_3_5.csv
3131,0,0,0,Reader_3_6.csv
3131,3,1,2,Reader_3_7.csv
3132,4,3,1,Reader_1_1.csv
3132,0,0,0,Reader_1_10.csv
3132,3,3,0,Reader_1_11.csv
3132,1,1,0,Reader_1_12.csv
3132,4,3,1,Reader_1_2.csv
3132,1,1,0,Reader_1_3.csv
3132,1,1,0,Reader_1_4.csv
3132,3,2,1,Reader_1_5.csv
3132,0,0,0,Reader_1_6.csv
3132,0,0,0,Reader_1_7.csv
3132,0,0,0,Reader_1_8.csv
3132,0,0,0,Reader_1_9.csv
3132,0,0,0,Reader_2_1.csv
3132,0,0,0,Reader_2_10.csv
3132,0,0,0,Reader_2_11.csv
3132,2,1,1,Reader_2_12.csv
3132,0,0,0,Reader_2_2.csv
3132,0,0,0,Reader_2_3.csv
3132,1,1,0,Reader_2_4.csv
3132,0,0,0,Reader_2_5.csv
3132,0,0,0,Reader_2_6.csv
3132,0,0,0,Reader_2_7.csv
3132,0,0,0,Reader_2_8.csv
3132,0,0,0,Reader_2_9.csv
3132,6,5,1,reader_3_1.csv
3132,3,3,0,Reader_3_2.csv
3132,0,0,0,Reader_3_3.csv
3132,0,0,0,Reader_3_4.csv
3132,1,1,0,Reader_3_5.csv
3132,0,0,0,Reader_3_6.csv
3132,3,1,2,Reader_3_7.csv
3133,5,4,1,Reader_1_1.csv
3133,0,0,0,Reader_1_10.csv
3133,3,3,0,Reader_1_11.csv
3133,0,0,0,Reader_1_12.csv
3133,5,3,2,Reader_1_2.csv
3133,2,1,1,Reader_1_3.csv
3133,1,1,0,Reader_1_4.csv
3133,3,2,1,Reader_1_5.csv
3133,0,0,0,Reader_1_6.csv
3133,0,0,0,Reader_1_7.csv
3133,0,0,0,Reader_1_8.csv
3133,0,0,0,Reader_1_9.csv
3133,0,0,0,Reader_2_1.csv
3133,0,0,0,Reader_2_10.csv
3133,0,0,0,Reader_2_11.csv
3133,2,0,2,Reader_2_12.csv
3133,1,1,0,Reader_2_2.csv
3133,0,0,0,Reader_2_3.csv
3133,1,1,0,Reader_2_4.csv
3133,0,0,0,Reader_2_5.csv
3133,0,0,0,Reader_2_6.csv
3133,0,0,0,Reader_2_7.csv
3133,1,0,1,Reader_2_8.csv
3133,0,0,0,Reader_2_9.csv
3133,6,6,0,reader_3_1.csv
3133,3,3,0,Reader_3_2.csv
3133,0,0,0,Reader_3_3.csv
3133,0,0,0,Reader_3_4.csv
3133,1,1,0,Reader_3_5.csv
3133,0,0,0,Reader_3_6.csv
3133,2,1,1,Reader_3_7.csv
3134,5,4,1,Reader_1_1.csv
3134,0,0,0,Reader_1_10.csv
3134,2,2,0,Reader_1_11.csv
3134,0,0,0,Reader_1_12.csv
3134,5,3,2,Reader_1_2.csv
3134,2,1,1,Reader_1_3.csv
3134,0,0,0,Reader_1_4.csv
3134,3,2,1,Reader_1_5.csv
3134,0,0,0,Reader_1_6.csv
3134,0,0,0,Reader_1_7.csv
3134,0,0,0,Reader_1_8.csv
3134,0,0,0,Reader_1_9.csv
3134,0,0,0,Reader_2_1.csv
3134,0,0,0,Reader_2_10.csv
3134,0,0,0,Reader_2_11.csv
3134,2,0,2,Reader_2_12.csv
3134,1,1,0,Reader_2_2.csv
3134,0,0,0,Reader_2_3.csv
3134,1,1,0,Reader_2_4.csv
3134,0,0,0,Reader_2_5.csv
3134,0,0,0,Reader_2_6.csv
3134,0,0,0,Reader_2_7.csv
3134,1,0,1,Reader_2_8.csv
3134,0,0,0,Reader_2_9.csv
3134,7,7,0,reader_3_1.csv
3134,3,3,0,Reader_3_2.csv
3134,0,0,0,Reader_3_3.csv
3134,0,0,0,Reader_3_4.csv
3134,1,1,0,Reader_3_5.csv
3134,0,0,0,Reader_3_6.csv
3134,2,1,1,Reader_3_7.csv
3135,4,3,1,Reader_1_1.csv
3135,0,0,0,Reader_1_10.csv
3135,3,2,1,Reader_1_11.csv
3135,0,0,0,Reader_1_12.csv
3135,5,3,2,Reader_1_2.csv
3135,2,1,1,Reader_1_3.csv
3135,0,0,0,Reader_1_4.csv
3135,2,1,1,Reader_1_5.csv
3135,0,0,0,Reader_1_6.csv
3135,0,0,0,Reader_1_7.csv
3135,0,0,0,Reader_1_8.csv
3135,0,0,0,Reader_1_9.csv
3135,0,0,0,Reader_2_1.csv
3135,1,1,0,Reader_2_10.csv
3135,0,0,0,Reader_2_11.csv
3135,2,0,2,Reader_2_12.csv
3135,2,2,0,Reader_2_2.csv
3135,0,0,0,Reader_2_3.csv
3135,1,1,0,Reader_2_4.csv
3135,0,0,0,Reader_2_5.csv
3135,0,0,0,Reader_2_6.csv
3135,0,0,0,Reader_2_7.csv
3135,1,0,1,Reader_2_8.csv
3135,0,0,0,Reader_2_9.csv
3135,7,7,0,reader_3_1.csv
3135,3,3,0,Reader_3_2.csv
3135,0,0,0,Reader_3_3.csv
3135,0,0,0,Reader_3_4.csv
3135,0,0,0,Reader_3_5.csv
3135,1,1,0,Reader_3_6.csv
3135,2,1,1,Reader_3_7.csv
3136,5,3,2,Reader_1_1.csv
3136,0,0,0,Reader_1_10.csv
3136,2,1,1,Reader_1_11.csv
3136,0,0,0,Reader_1_12.csv
3136,5,3,2,Reader_1_2.csv
3136,2,1,1,Reader_1_3.csv
3136,0,0,0,Reader_1_4.csv
3136,2,1,1,Reader_1_5.csv
3136,0,0,0,Reader_1_6.csv
3136,0,0,0,Reader_1_7.csv
3136,0,0,0,Reader_1_8.csv
3136,0,0,0,Reader_1_9.csv
3136,0,0,0,Reader_2_1.csv
3136,1,1,0,Reader_2_10.csv
3136,0,0,0,Reader_2_11.csv
3136,2,0,2,Reader_2_12.csv
3136,2,2,0,Reader_2_2.csv
3136,0,0,0,Reader_2_3.csv
3136,1,1,0,Reader_2_4.csv
3136,0,0,0,Reader_2_5.csv
3136,0,0,0,Reader_2_6.csv
3136,0,0,0,Reader_2_7.csv
3136,1,0,1,Reader_2_8.csv
3136,0,0,0,Reader_2_9.csv
3136,7,7,0,reader_3_1.csv
3136,2,2,0,Reader_3_2.csv
3136,0,0,0,Reader_3_3.csv
3136,0,0,0,Reader_3_4.csv
3136,0,0,0,Reader_3_5.csv
3136,1,1,0,Reader_3_6.csv
3136,2,1,1,Reader_3_7.csv
3137,6,3,3,Reader_1_1.csv
3137,0,0,0,Reader_1_10.csv
3137,2,1,1,Reader_1_11.csv
3137,0,0,0,Reader_1_12.csv
3137,5,3,2,Reader_1_2.csv
3137,2,1,1,Reader_1_3.csv
3137,0,0,0,Reader_1_4.csv
3137,1,0,1,Reader_1_5.csv
3137,1,1,0,Reader_1_6.csv
3137,0,0,0,Reader_1_7.csv
3137,0,0,0,Reader_1_8.csv
3137,0,0,0,Reader_1_9.csv
3137,0,0,0,Reader_2_1.csv
3137,1,1,0,Reader_2_10.csv
3137,0,0,0,Reader_2_11.csv
3137,1,0,1,Reader_2_12.csv
3137,2,2,0,Reader_2_2.csv
3137,0,0,0,Reader_2_3.csv
3137,1,1,0,Reader_2_4.csv
3137,0,0,0,Reader_2_5.csv
3137,0,0,0,Reader_2_6.csv
3137,0,0,0,Reader_2_7.csv
3137,1,0,1,Reader_2_8.csv
3137,0,0,0,Reader_2_9.csv
3137,8,8,0,reader_3_1.csv
3137,2,2,0,Reader_3_2.csv
3137,0,0,0,Reader_3_3.csv
3137,0,0,0,Reader_3_4.csv
3137,0,0,0,Reader_3_5.csv
3137,1,1,0,Reader_3_6.csv
3137,1,1,0,Reader_3_7.csv
3138,5,3,2,Reader_1_1.csv
3138,0,0,0,Reader_1_10.csv
3138,2,1,1,Reader_1_11.csv
3138,0,0,0,Reader_1_12.csv
3138,4,2,2,Reader_1_2.csv
3138,2,1,1,Reader_1_3.csv
3138,0,0,0,Reader_1_4.csv
3138,0,0,0,Reader_1_5.csv
3138,1,1,0,Reader_1_6.csv
3138,0,0,0,Reader_1_7.csv
3138,0,0,0,Reader_1_8.csv
3138,0,0,0,Reader_1_9.csv
3138,0,0,0,Reader_2_1.csv
3138,1,1,0,Reader_2_10.csv
3138,0,0,0,Reader_2_11.csv
3138,2,0,2,Reader_2_12.csv
3138,2,2,0,Reader_2_2.csv
3138,0,0,0,Reader_2_3.csv
3138,1,1,0,Reader_2_4.csv
3138,0,0,0,Reader_2_5.csv
3138,0,0,0,Reader_2_6.csv
3138,0,0,0,Reader_2_7.csv
3138,1,0,1,Reader_2_8.csv
3138,0,0,0,Reader_2_9.csv
3138,9,9,0,reader_3_1.csv
3138,2,2,0,Reader_3_2.csv
3138,0,0,0,Reader_3_3.csv
3138,0,0,0,Reader_3_4.csv
3138,0,0,0,Reader_3_5.csv
3138,3,3,0,Reader_3_6.csv
3138,1,1,0,Reader_3_7.csv
3139,4,2,2,Reader_1_1.csv
3139,0,0,0,Reader_1_10.csv
3139,2,1,1,Reader_1_11.csv
3139,0,0,0,Reader_1_12.csv
3139,2,0,2,Reader_1_2.csv
3139,3,2,1,Reader_1_3.csv
3139,1,0,1,Reader_1_4.csv
3139,0,0,0,Reader_1_5.csv
3139,1,1,0,Reader_1_6.csv
3139,0,0,0,Reader_1_7.csv
3139,0,0,0,Reader_1_8.csv
3139,0,0,0,Reader_1_9.csv
3139,0,0,0,Reader_2_1.csv
3139,1,1,0,Reader_2_10.csv
3139,0,0,0,Reader_2_11.csv
3139,2,0,2,Reader_2_12.csv
3139,2,2,0,Reader_2_2.csv
3139,0,0,0,Reader_2_3.csv
3139,0,0,0,Reader_2_4.csv
3139,0,0,0,Reader_2_5.csv
3139,1,1,0,Reader_2_6.csv
3139,0,0,0,Reader_2_7.csv
3139,1,0,1,Reader_2_8.csv
3139,0,0,0,Reader_2_9.csv
3139,10,9,1,reader_3_1.csv
3139,1,1,0,Reader_3_2.csv
3139,0,0,0,Reader_3_3.csv
3139,0,0,0,Reader_3_4.csv
3139,0,0,0,Reader_3_5.csv
3139,3,3,0,Reader_3_6.csv
3139,1,1,0,Reader_3_7.csv
3140,4,2,2,Reader_1_1.csv
3140,0,0,0,Reader_1_10.csv
3140,1,0,1,Reader_1_11.csv
3140,0,0,0,Reader_1_12.csv
3140,2,0,2,Reader_1_2.csv
3140,2,1,1,Reader_1_3.csv
3140,1,0,1,Reader_1_4.csv
3140,0,0,0,Reader_1_5.csv
3140,1,1,0,Reader_1_6.csv
3140,0,0,0,Reader_1_7.csv
3140,0,0,0,Reader_1_8.csv
3140,0,0,0,Reader_1_9.csv
3140,0,0,0,Reader_2_1.csv
3140,1,1,0,Reader_2_10.csv
3140,0,0,0,Reader_2_11.csv
3140,3,1,2,Reader_2_12.csv
3140,2,2,0,Reader_2_2.csv
3140,1,1,0,Reader_2_3.csv
3140,0,0,0,Reader_2_4.csv
3140,0,0,0,Reader_2_5.csv
3140,1,1,0,Reader_2_6.csv
3140,0,0,0,Reader_2_7.csv
3140,1,0,1,Reader_2_8.csv
3140,0,0,0,Reader_2_9.csv
3140,9,8,1,reader_3_1.csv
3140,0,0,0,Reader_3_2.csv
3140,0,0,0,Reader_3_3.csv
3140,0,0,0,Reader_3_4.csv
3140,0,0,0,Reader_3_5.csv
3140,3,3,0,Reader_3_6.csv
3140,2,2,0,Reader_3_7.csv
3141,4,1,3,Reader_1_1.csv
3141,0,0,0,Reader_1_10.csv
3141,1,0,1,Reader_1_11.csv
3141,0,0,0,Reader_1_12.csv
3141,1,0,1,Reader_1_2.csv
3141,1,1,0,Reader_1_3.csv
3141,1,0,1,Reader_1_4.csv
3141,0,0,0,Reader_1_5.csv
3141,1,1,0,Reader_1_6.csv
3141,0,0,0,Reader_1_7.csv
3141,0,0,0,Reader_1_8.csv
3141,0,0,0,Reader_1_9.csv
3141,1,0,1,Reader_2_1.csv
3141,1,1,0,Reader_2_10.csv
3141,0,0,0,Reader_2_11.csv
3141,4,3,1,Reader_2_12.csv
3141,1,1,0,Reader_2_2.csv
3141,1,1,0,Reader_2_3.csv
3141,0,0,0,Reader_2_4.csv
3141,0,0,0,Reader_2_5.csv
3141,1,1,0,Reader_2_6.csv
3141,0,0,0,Reader_2_7.csv
3141,0,0,0,Reader_2_8.csv
3141,0,0,0,Reader_2_9.csv
3141,9,8,1,reader_3_1.csv
3141,0,0,0,Reader_3_2.csv
3141,0,0,0,Reader_3_3.csv
3141,0,0,0,Reader_3_4.csv
3141,0,0,0,Reader_3_5.csv
3141,3,3,0,Reader_3_6.csv
3141,4,4,0,Reader_3_7.csv
3142,5,2,3,Reader_1_1.csv
3142,0,0,0,Reader_1_10.csv
3142,1,0,1,Reader_1_11.csv
3142,0,0,0,Reader_1_12.csv
3142,1,0,1,Reader_1_2.csv
3142,1,1,0,Reader_1_3.csv
3142,1,0,1,Reader_1_4.csv
3142,0,0,0,Reader_1_5.csv
3142,1,1,0,Reader_1_6.csv
3142,0,0,0,Reader_1_7.csv
3142,0,0,0,Reader_1_8.csv
3142,0,0,0,Reader_1_9.csv
3142,1,0,1,Reader_2_1.csv
3142,1,1,0,Reader_2_10.csv
3142,0,0,0,Reader_2_11.csv
3142,4,3,1,Reader_2_12.csv
3142,1,1,0,Reader_2_2.csv
3142,1,1,0,Reader_2_3.csv
3142,0,0,0,Reader_2_4.csv
3142,0,0,0,Reader_2_5.csv
3142,1,1,0,Reader_2_6.csv
3142,0,0,0,Reader_2_7.csv
3142,0,0,0,Reader_2_8.csv
3142,0,0,0,Reader_2_9.csv
3142,9,8,1,reader_3_1.csv
3142,0,0,0,Reader_3_2.csv
3142,1,1,0,Reader_3_3.csv
3142,1,1,0,Reader_3_4.csv
3142,0,0,0,Reader_3_5.csv
3142,3,3,0,Reader_3_6.csv
3142,6,6,0,Reader_3_7.csv
3143,5,2,3,Reader_1_1.csv
3143,0,0,0,Reader_1_10.csv
3143,0,0,0,Reader_1_11.csv
3143,0,0,0,Reader_1_12.csv
3143,1,0,1,Reader_1_2.csv
3143,2,2,0,Reader_1_3.csv
3143,1,0,1,Reader_1_4.csv
3143,0,0,0,Reader_1_5.csv
3143,1,1,0,Reader_1_6.csv
3143,0,0,0,Reader_1_7.csv
3143,0,0,0,Reader_1_8.csv
3143,0,0,0,Reader_1_9.csv
3143,1,0,1,Reader_2_1.csv
3143,0,0,0,Reader_2_10.csv
3143,0,0,0,Reader_2_11.csv
3143,4,3,1,Reader_2_12.csv
3143,0,0,0,Reader_2_2.csv
3143,1,1,0,Reader_2_3.csv
3143,0,0,0,Reader_2_4.csv
3143,0,0,0,Reader_2_5.csv
3143,1,1,0,Reader_2_6.csv
3143,0,0,0,Reader_2_7.csv
3143,0,0,0,Reader_2_8.csv
3143,0,0,0,Reader_2_9.csv
3143,10,9,1,reader_3_1.csv
3143,1,1,0,Reader_3_2.csv
3143,1,1,0,Reader_3_3.csv
3143,1,1,0,Reader_3_4.csv
3143,0,0,0,Reader_3_5.csv
3143,2,2,0,Reader_3_6.csv
3143,9,9,0,Reader_3_7.csv
3144,3,1,2,Reader_1_1.csv
3144,0,0,0,Reader_1_10.csv
3144,0,0,0,Reader_1_11.csv
3144,0,0,0,Reader_1_12.csv
3144,1,0,1,Reader_1_2.csv
3144,2,2,0,Reader_1_3.csv
3144,1,0,1,Reader_1_4.csv
3144,0,0,0,Reader_1_5.csv
3144,1,1,0,Reader_1_6.csv
3144,0,0,0,Reader_1_7.csv
3144,0,0,0,Reader_1_8.csv
3144,0,0,0,Reader_1_9.csv
3144,1,0,1,Reader_2_1.csv
3144,0,0,0,Reader_2_10.csv
3144,0,0,0,Reader_2_11.csv
3144,4,3,1,Reader_2_12.csv
3144,2,2,0,Reader_2_2.csv
3144,1,1,0,Reader_2_3.csv
3144,0,0,0,Reader_2_4.csv
3144,0,0,0,Reader_2_5.csv
3144,1,1,0,Reader_2_6.csv
3144,0,0,0,Reader_2_7.csv
3144,0,0,0,Reader_2_8.csv
3144,0,0,0,Reader_2_9.csv
3144,9,8,1,reader_3_1.csv
3144,2,2,0,Reader_3_2.csv
3144,1,1,0,Reader_3_3.csv
3144,1,1,0,Reader_3_4.csv
3144,0,0,0,Reader_3_5.csv
3144,2,2,0,Reader_3_6.csv
3144,9,9,0,Reader_3_7.csv
3145,3,2,1,Reader_1_1.csv
3145,0,0,0,Reader_1_10.csv
3145,2,2,0,Reader_1_11.csv
3145,0,0,0,Reader_1_12.csv
3145,2,1,1,Reader_1_2.csv
3145,2,2,0,Reader_1_3.csv
3145,2,1,1,Reader_1_4.csv
3145,0,0,0,Reader_1_5.csv
3145,0,0,0,Reader_1_6.csv
3145,0,0,0,Reader_1_7.csv
3145,0,0,0,Reader_1_8.csv
3145,0,0,0,Reader_1_9.csv
3145,1,0,1,Reader_2_1.csv
3145,0,0,0,Reader_2_10.csv
3145,0,0,0,Reader_2_11.csv
3145,4,3,1,Reader_2_12.csv
3145,2,2,0,Reader_2_2.csv
3145,1,1,0,Reader_2_3.csv
3145,0,0,0,Reader_2_4.csv
3145,0,0,0,Reader_2_5.csv
3145,1,1,0,Reader_2_6.csv
3145,0,0,0,Reader_2_7.csv
3145,0,0,0,Reader_2_8.csv
3145,0,0,0,Reader_2_9.csv
3145,8,7,1,reader_3_1.csv
3145,3,3,0,Reader_3_2.csv
3145,1,1,0,Reader_3_3.csv
3145,1,1,0,Reader_3_4.csv
3145,0,0,0,Reader_3_5.csv
3145,2,2,0,Reader_3_6.csv
3145,9,9,0,Reader_3_7.csv
3146,3,2,1,Reader_1_1.csv
3146,0,0,0,Reader_1_10.csv
3146,2,2,0,Reader_1_11.csv
3146,0,0,0,Reader_1_12.csv
3146,2,1,1,Reader_1_2.csv
3146,2,2,0,Reader_1_3.csv
3146,2,1,1,Reader_1_4.csv
3146,0,0,0,Reader_1_5.csv
3146,0,0,0,Reader_1_6.csv
3146,0,0,0,Reader_1_7.csv
3146,0,0,0,Reader_1_8.csv
3146,0,0,0,Reader_1_9.csv
3146,1,0,1,Reader_2_1.csv
3146,0,0,0,Reader_2_10.csv
3146,0,0,0,Reader_2_11.csv
3146,3,3,0,Reader_2_12.csv
3146,2,2,0,Reader_2_2.csv
3146,1,1,0,Reader_2_3.csv
3146,0,0,0,Reader_2_4.csv
3146,0,0,0,Reader_2_5.csv
3146,1,1,0,Reader_2_6.csv
3146,0,0,0,Reader_2_7.csv
3146,0,0,0,Reader_2_8.csv
3146,0,0,0,Reader_2_9.csv
3146,9,7,2,reader_3_1.csv
3146,3,3,0,Reader_3_2.csv
3146,1,1,0,Reader_3_3.csv
3146,1,1,0,Reader_3_4.csv
3146,0,0,0,Reader_3_5.csv
3146,0,0,0,Reader_3_6.csv
3146,8,8,0,Reader_3_7.csv
3147,3,2,1,Reader_1_1.csv
3147,0,0,0,Reader_1_10.csv
3147,2,2,0,Reader_1_11.csv
3147,0,0,0,Reader_1_12.csv
3147,1,1,0,Reader_1_2.csv
3147,1,1,0,Reader_1_3.csv
3147,1,1,0,Reader_1_4.csv
3147,0,0,0,Reader_1_5.csv
3147,0,0,0,Reader_1_6.csv
3147,0,0,0,Reader_1_7.csv
3147,0,0,0,Reader_1_8.csv
3147,0,0,0,Reader_1_9.csv
3147,3,1,2,Reader_2_1.csv
3147,0,0,0,Reader_2_10.csv
3147,0,0,0,Reader_2_11.csv
3147,3,3,0,Reader_2_12.csv
3147,3,3,0,Reader_2_2.csv
3147,1,1,0,Reader_2_3.csv
3147,0,0,0,Reader_2_4.csv
3147,0,0,0,Reader_2_5.csv
3147,0,0,0,Reader_2_6.csv
3147,0,0,0,Reader_2_7.csv
3147,0,0,0,Reader_2_8.csv
3147,0,0,0,Reader_2_9.csv
3147,11,10,1,reader_3_1.csv
3147,3,3,0,Reader_3_2.csv
3147,1,1,0,Reader_3_3.csv
3147,1,1,0,Reader_3_4.csv
3147,0,0,0,Reader_3_5.csv
3147,1,1,0,Reader_3_6.csv
3147,9,9,0,Reader_3_7.csv
3148,5,4,1,Reader_1_1.csv
3148,0,0,0,Reader_1_10.csv
3148,2,2,0,Reader_1_11.csv
3148,0,0,0,Reader_1_12.csv
3148,2,2,0,Reader_1_2.csv
3148,1,1,0,Reader_1_3.csv
3148,1,1,0,Reader_1_4.csv
3148,1,1,0,Reader_1_5.csv
3148,0,0,0,Reader_1_6.csv
3148,0,0,0,Reader_1_7.csv
3148,0,0,0,Reader_1_8.csv
3148,0,0,0,Reader_1_9.csv
3148,3,1,2,Reader_2_1.csv
3148,0,0,0,Reader_2_10.csv
3148,0,0,0,Reader_2_11.csv
3148,2,2,0,Reader_2_12.csv
3148,3,3,0,Reader_2_2.csv
3148,0,0,0,Reader_2_3.csv
3148,0,0,0,Reader_2_4.csv
3148,0,0,0,Reader_2_5.csv
3148,0,0,0,Reader_2_6.csv
3148,0,0,0,Reader_2_7.csv
3148,0,0,0,Reader_2_8.csv
3148,0,0,0,Reader_2_9.csv
3148,10,9,1,reader_3_1.csv
3148,3,3,0,Reader_3_2.csv
3148,1,1,0,Reader_3_3.csv
3148,1,1,0,Reader_3_4.csv
3148,0,0,0,Reader_3_5.csv
3148,1,1,0,Reader_3_6.csv
3148,9,9,0,Reader_3_7.csv
3149,4,4,0,Reader_1_1.csv
3149,0,0,0,Reader_1_10.csv
3149,2,2,0,Reader_1_11.csv
3149,0,0,0,Reader_1_12.csv
3149,2,2,0,Reader_1_2.csv
3149,1,1,0,Reader_1_3.csv
3149,1,1,0,Reader_1_4.csv
3149,2,2,0,Reader_1_5.csv
3149,0,0,0,Reader_1_6.csv
3149,0,0,0,Reader_1_7.csv
3149,0,0,0,Reader_1_8.csv
3149,0,0,0,Reader_1_9.csv
3149,2,1,1,Reader_2_1.csv
3149,0,0,0,Reader_2_10.csv
3149,0,0,0,Reader_2_11.csv
3149,1,1,0,Reader_2_12.csv
3149,3,3,0,Reader_2_2.csv
3149,0,0,0,Reader_2_3.csv
3149,0,0,0,Reader_2_4.csv
3149,0,0,0,Reader_2_5.csv
3149,0,0,0,Reader_2_6.csv
3149,0,0,0,Reader_2_7.csv
3149,0,0,0,Reader_2_8.csv
3149,0,0,0,Reader_2_9.csv
3149,11,10,1,reader_3_1.csv
3149,3,3,0,Reader_3_2.csv
3149,2,2,0,Reader_3_3.csv
3149,2,2,0,Reader_3_4.csv
3149,0,0,0,Reader_3_5.csv
3149,1,1,0,Reader_3_6.csv
3149,7,7,0,Reader_3_7.csv
3150,4,4,0,Reader_1_1.csv
3150,0,0,0,Reader_1_10.csv
3150,2,2,0,Reader_1_11.csv
3150,0,0,0,Reader_1_12.csv
3150,2,2,0,Reader_1_2.csv
3150,1,1,0,Reader_1_3.csv
3150,1,1,0,Reader_1_4.csv
3150,2,2,0,Reader_1_5.csv
3150,0,0,0,Reader_1_6.csv
3150,0,0,0,Reader_1_7.csv
3150,0,0,0,Reader_1_8.csv
3150,0,0,0,Reader_1_9.csv
3150,3,2,1,Reader_2_1.csv
3150,0,0,0,Reader_2_10.csv
3150,0,0,0,Reader_2_11.csv
3150,1,1,0,Reader_2_12.csv
3150,3,3,0,Reader_2_2.csv
3150,0,0,0,Reader_2_3.csv
3150,0,0,0,Reader_2_4.csv
3150,0,0,0,Reader_2_5.csv
3150,0,0,0,Reader_2_6.csv
3150,0,0,0,Reader_2_7.csv
3150,0,0,0,Reader_2_8.csv
3150,0,0,0,Reader_2_9.csv
3150,11,10,1,reader_3_1.csv
3150,3,3,0,Reader_3_2.csv
3150,1,1,0,Reader_3_3.csv
3150,1,1,0,Reader_3_4.csv
3150,0,0,0,Reader_3_5.csv
3150,1,1,0,Reader_3_6.csv
3150,5,5,0,Reader_3_7.csv
3151,5,5,0,Reader_1_1.csv
3151,1,0,1,Reader_1_10.csv
3151,2,2,0,Reader_1_11.csv
3151,0,0,0,Reader_1_12.csv
3151,2,2,0,Reader_1_2.csv
3151,0,0,0,Reader_1_3.csv
3151,1,1,0,Reader_1_4.csv
3151,2,2,0,Reader_1_5.csv
3151,0,0,0,Reader_1_6.csv
3151,0,0,0,Reader_1_7.csv
3151,0,0,0,Reader_1_8.csv
3151,0,0,0,Reader_1_9.csv
3151,3,2,1,Reader_2_1.csv
3151,0,0,0,Reader_2_10.csv
3151,0,0,0,Reader_2_11.csv
3151,1,1,0,Reader_2_12.csv
3151,3,3,0,Reader_2_2.csv
3151,0,0,0,Reader_2_3.csv
3151,0,0,0,Reader_2_4.csv
3151,0,0,0,Reader_2_5.csv
3151,0,0,0,Reader_2_6.csv
3151,0,0,0,Reader_2_7.csv
3151,1,1,0,Reader_2_8.csv
3151,0,0,0,Reader_2_9.csv
3151,11,10,1,reader_3_1.csv
3151,2,2,0,Reader_3_2.csv
3151,1,1,0,Reader_3_3.csv
3151,1,1,0,Reader_3_4.csv
3151,0,0,0,Reader_3_5.csv
3151,1,1,0,Reader_3_6.csv
3151,3,2,1,Reader_3_7.csv
3152,6,6,0,Reader_1_1.csv
3152,1,0,1,Reader_1_10.csv
3152,2,2,0,Reader_1_11.csv
3152,0,0,0,Reader_1_12.csv
3152,2,2,0,Reader_1_2.csv
3152,0,0,0,Reader_1_3.csv
3152,1,1,0,Reader_1_4.csv
3152,2,2,0,Reader_1_5.csv
3152,0,0,0,Reader_1_6.csv
3152,0,0,0,Reader_1_7.csv
3152,0,0,0,Reader_1_8.csv
3152,0,0,0,Reader_1_9.csv
3152,3,2,1,Reader_2_1.csv
3152,0,0,0,Reader_2_10.csv
3152,0,0,0,Reader_2_11.csv
3152,1,1,0,Reader_2_12.csv
3152,1,1,0,Reader_2_2.csv
3152,0,0,0,Reader_2_3.csv
3152,0,0,0,Reader_2_4.csv
3152,0,0,0,Reader_2_5.csv
3152,0,0,0,Reader_2_6.csv
3152,0,0,0,Reader_2_7.csv
3152,1,1,0,Reader_2_8.csv
3152,0,0,0,Reader_2_9.csv
3152,12,11,1,reader_3_1.csv
3152,1,1,0,Reader_3_2.csv
3152,2,2,0,Reader_3_3.csv
3152,2,2,0,Reader_3_4.csv
3152,0,0,0,Reader_3_5.csv
3152,1,1,0,Reader_3_6.csv
3152,4,3,1,Reader_3_7.csv
3153,5,5,0,Reader_1_1.csv
3153,1,0,1,Reader_1_10.csv
3153,0,0,0,Reader_1_11.csv
3153,0,0,0,Reader_1_12.csv
3153,2,2,0,Reader_1_2.csv
3153,0,0,0,Reader_1_3.csv
3153,0,0,0,Reader_1_4.csv
3153,2,2,0,Reader_1_5.csv
3153,0,0,0,Reader_1_6.csv
3153,0,0,0,Reader_1_7.csv
3153,0,0,0,Reader_1_8.csv
3153,0,0,0,Reader_1_9.csv
3153,3,2,1,Reader_2_1.csv
3153,0,0,0,Reader_2_10.csv
3153,0,0,0,Reader_2_11.csv
3153,1,1,0,Reader_2_12.csv
3153,1,1,0,Reader_2_2.csv
3153,0,0,0,Reader_2_3.csv
3153,0,0,0,Reader_2_4.csv
3153,0,0,0,Reader_2_5.csv
3153,0,0,0,Reader_2_6.csv
3153,0,0,0,Reader_2_7.csv
3153,2,2,0,Reader_2_8.csv
3153,0,0,0,Reader_2_9.csv
3153,13,11,2,reader_3_1.csv
3153,0,0,0,Reader_3_2.csv
3153,2,2,0,Reader_3_3.csv
3153,2,2,0,Reader_3_4.csv
3153,0,0,0,Reader_3_5.csv
3153,1,1,0,Reader_3_6.csv
3153,4,3,1,Reader_3_7.csv
3154,6,6,0,Reader_1_1.csv
3154,1,0,1,Reader_1_10.csv
3154,0,0,0,Reader_1_11.csv
3154,0,0,0,Reader_1_12.csv
3154,3,3,0,Reader_1_2.csv
3154,0,0,0,Reader_1_3.csv
3154,0,0,0,Reader_1_4.csv
3154,2,2,0,Reader_1_5.csv
3154,0,0,0,Reader_1_6.csv
3154,0,0,0,Reader_1_7.csv
3154,0,0,0,Reader_1_8.csv
3154,0,0,0,Reader_1_9.csv
3154,3,2,1,Reader_2_1.csv
3154,0,0,0,Reader_2_10.csv
3154,0,0,0,Reader_2_11.csv
3154,1,1,0,Reader_2_12.csv
3154,1,1,0,Reader_2_2.csv
3154,0,0,0,Reader_2_3.csv
3154,0,0,0,Reader_2_4.csv
3154,0,0,0,Reader_2_5.csv
3154,0,0,0,Reader_2_6.csv
3154,0,0,0,Reader_2_7.csv
3154,2,2,0,Reader_2_8.csv
3154,0,0,0,Reader_2_9.csv
3154,11,10,1,reader_3_1.csv
3154,0,0,0,Reader_3_2.csv
3154,2,2,0,Reader_3_3.csv
3154,2,2,0,Reader_3_4.csv
3154,0,0,0,Reader_3_5.csv
3154,1,1,0,Reader_3_6.csv
3154,6,5,1,Reader_3_7.csv
3155,7,7,0,Reader_1_1.csv
3155,1,0,1,Reader_1_10.csv
3155,0,0,0,Reader_1_11.csv
3155,1,1,0,Reader_1_12.csv
3155,6,5,1,Reader_1_2.csv
3155,0,0,0,Reader_1_3.csv
3155,1,1,0,Reader_1_4.csv
3155,2,2,0,Reader_1_5.csv
3155,0,0,0,Reader_1_6.csv
3155,0,0,0,Reader_1_7.csv
3155,0,0,0,Reader_1_8.csv
3155,0,0,0,Reader_1_9.csv
3155,1,1,0,Reader_2_1.csv
3155,0,0,0,Reader_2_10.csv
3155,0,0,0,Reader_2_11.csv
3155,1,1,0,Reader_2_12.csv
3155,0,0,0,Reader_2_2.csv
3155,0,0,0,Reader_2_3.csv
3155,0,0,0,Reader_2_4.csv
3155,0,0,0,Reader_2_5.csv
3155,0,0,0,Reader_2_6.csv
3155,0,0,0,Reader_2_7.csv
3155,3,3,0,Reader_2_8.csv
3155,0,0,0,Reader_2_9.csv
3155,8,7,1,reader_3_1.csv
3155,1,0,1,Reader_3_2.csv
3155,2,2,0,Reader_3_3.csv
3155,2,2,0,Reader_3_4.csv
3155,0,0,0,Reader_3_5.csv
3155,0,0,0,Reader_3_6.csv
3155,5,4,1,Reader_3_7.csv
3156,6,6,0,Reader_1_1.csv
3156,1,0,1,Reader_1_10.csv
3156,0,0,0,Reader_1_11.csv
3156,1,1,0,Reader_1_12.csv
3156,6,5,1,Reader_1_2.csv
3156,0,0,0,Reader_1_3.csv
3156,1,1,0,Reader_1_4.csv
3156,1,1,0,Reader_1_5.csv
3156,0,0,0,Reader_1_6.csv
3156,0,0,0,Reader_1_7.csv
3156,1,0,1,Reader_1_8.csv
3156,0,0,0,Reader_1_9.csv
3156,1,1,0,Reader_2_1.csv
3156,0,0,0,Reader_2_10.csv
3156,0,0,0,Reader_2_11.csv
3156,1,1,0,Reader_2_12.csv
3156,0,0,0,Reader_2_2.csv
3156,0,0,0,Reader_2_3.csv
3156,0,0,0,Reader_2_4.csv
3156,0,0,0,Reader_2_5.csv
3156,0,0,0,Reader_2_6.csv
3156,0,0,0,Reader_2_7.csv
3156,3,3,0,Reader_2_8.csv
3156,0,0,0,Reader_2_9.csv
3156,8,7,1,reader_3_1.csv
3156,1,0,1,Reader_3_2.csv
3156,2,2,0,Reader_3_3.csv
3156,2,2,0,Reader_3_4.csv
3156,0,0,0,Reader_3_5.csv
3156,0,0,0,Reader_3_6.csv
3156,4,3,1,Reader_3_7.csv
3157,6,6,0,Reader_1_1.csv
3157,2,0,2,Reader_1_10.csv
3157,1,1,0,Reader_1_11.csv
3157,1,1,0,Reader_1_12.csv
3157,7,5,2,Reader_1_2.csv
3157,0,0,0,Reader_1_3.csv
3157,1,1,0,Reader_1_4.csv
3157,0,0,0,Reader_1_5.csv
3157,0,0,0,Reader_1_6.csv
3157,1,1,0,Reader_1_7.csv
3157,1,0,1,Reader_1_8.csv
3157,0,0,0,Reader_1_9.csv
3157,1,1,0,Reader_2_1.csv
3157,0,0,0,Reader_2_10.csv
3157,0,0,0,Reader_2_11.csv
3157,0,0,0,Reader_2_12.csv
3157,0,0,0,Reader_2_2.csv
3157,0,0,0,Reader_2_3.csv
3157,0,0,0,Reader_2_4.csv
3157,0,0,0,Reader_2_5.csv
3157,0,0,0,Reader_2_6.csv
3157,0,0,0,Reader_2_7.csv
3157,3,3,0,Reader_2_8.csv
3157,0,0,0,Reader_2_9.csv
3157,6,5,1,reader_3_1.csv
3157,1,0,1,Reader_3_2.csv
3157,1,1,0,Reader_3_3.csv
3157,1,1,0,Reader_3_4.csv
3157,0,0,0,Reader_3_5.csv
3157,0,0,0,Reader_3_6.csv
3157,4,3,1,Reader_3_7.csv
3158,6,6,0,Reader_1_1.csv
3158,3,1,2,Reader_1_10.csv
3158,1,1,0,Reader_1_11.csv
3158,1,1,0,Reader_1_12.csv
3158,8,6,2,Reader_1_2.csv
3158,0,0,0,Reader_1_3.csv
3158,1,1,0,Reader_1_4.csv
3158,0,0,0,Reader_1_5.csv
3158,0,0,0,Reader_1_6.csv
3158,1,1,0,Reader_1_7.csv
3158,1,0,1,Reader_1_8.csv
3158,0,0,0,Reader_1_9.csv
3158,0,0,0,Reader_2_1.csv
3158,0,0,0,Reader_2_10.csv
3158,0,0,0,Reader_2_11.csv
3158,0,0,0,Reader_2_12.csv
3158,0,0,0,Reader_2_2.csv
3158,0,0,0,Reader_2_3.csv
3158,0,0,0,Reader_2_4.csv
3158,0,0,0,Reader_2_5.csv
3158,0,0,0,Reader_2_6.csv
3158,0,0,0,Reader_2_7.csv
3158,3,3,0,Reader_2_8.csv
3158,0,0,0,Reader_2_9.csv
3158,5,4,1,reader_3_1.csv
3158,1,0,1,Reader_3_2.csv
3158,1,1,0,Reader_3_3.csv
3158,1,1,0,Reader_3_4.csv
3158,0,0,0,Reader_3_5.csv
3158,0,0,0,Reader_3_6.csv
3158,5,4,1,Reader_3_7.csv
3159,6,5,1,Reader_1_1.csv
3159,3,2,1,Reader_1_10.csv
3159,1,1,0,Reader_1_11.csv
3159,1,1,0,Reader_1_12.csv
3159,12,8,4,Reader_1_2.csv
3159,0,0,0,Reader_1_3.csv
3159,1,1,0,Reader_1_4.csv
3159,0,0,0,Reader_1_5.csv
3159,0,0,0,Reader_1_6.csv
3159,2,2,0,Reader_1_7.csv
3159,1,0,1,Reader_1_8.csv
3159,0,0,0,Reader_1_9.csv
3159,0,0,0,Reader_2_1.csv
3159,0,0,0,Reader_2_10.csv
3159,0,0,0,Reader_2_11.csv
3159,0,0,0,Reader_2_12.csv
3159,2,2,0,Reader_2_2.csv
3159,0,0,0,Reader_2_3.csv
3159,0,0,0,Reader_2_4.csv
3159,0,0,0,Reader_2_5.csv
3159,0,0,0,Reader_2_6.csv
3159,0,0,0,Reader_2_7.csv
3159,3,3,0,Reader_2_8.csv
3159,0,0,0,Reader_2_9.csv
3159,3,2,1,reader_3_1.csv
3159,2,1,1,Reader_3_2.csv
3159,1,1,0,Reader_3_3.csv
3159,1,1,0,Reader_3_4.csv
3159,0,0,0,Reader_3_5.csv
3159,1,1,0,Reader_3_6.csv
3159,4,4,0,Reader_3_7.csv
3160,6,5,1,Reader_1_1.csv
3160,3,2,1,Reader_1_10.csv
3160,1,1,0,Reader_1_11.csv
3160,1,1,0,Reader_1_12.csv
3160,13,9,4,Reader_1_2.csv
3160,0,0,0,Reader_1_3.csv
3160,1,1,0,Reader_1_4.csv
3160,0,0,0,Reader_1_5.csv
3160,0,0,0,Reader_1_6.csv
3160,2,2,0,Reader_1_7.csv
3160,1,0,1,Reader_1_8.csv
3160,0,0,0,Reader_1_9.csv
3160,0,0,0,Reader_2_1.csv
3160,0,0,0,Reader_2_10.csv
3160,0,0,0,Reader_2_11.csv
3160,0,0,0,Reader_2_12.csv
3160,2,2,0,Reader_2_2.csv
3160,0,0,0,Reader_2_3.csv
3160,0,0,0,Reader_2_4.csv
3160,0,0,0,Reader_2_5.csv
3160,0,0,0,Reader_2_6.csv
3160,0,0,0,Reader_2_7.csv
3160,5,4,1,Reader_2_8.csv
3160,0,0,0,Reader_2_9.csv
3160,2,1,1,reader_3_1.csv
3160,2,1,1,Reader_3_2.csv
3160,0,0,0,Reader_3_3.csv
3160,0,0,0,Reader_3_4.csv
3160,1,1,0,Reader_3_5.csv
3160,1,1,0,Reader_3_6.csv
3160,3,3,0,Reader_3_7.csv
3161,8,7,1,Reader_1_1.csv
3161,3,2,1,Reader_1_10.csv
3161,1,1,0,Reader_1_11.csv
3161,1,1,0,Reader_1_12.csv
3161,12,8,4,Reader_1_2.csv
3161,0,0,0,Reader_1_3.csv
3161,1,1,0,Reader_1_4.csv
3161,0,0,0,Reader_1_5.csv
3161,0,0,0,Reader_1_6.csv
3161,2,2,0,Reader_1_7.csv
3161,1,0,1,Reader_1_8.csv
3161,0,0,0,Reader_1_9.csv
3161,0,0,0,Reader_2_1.csv
3161,0,0,0,Reader_2_10.csv
3161,0,0,0,Reader_2_11.csv
3161,0,0,0,Reader_2_12.csv
3161,2,2,0,Reader_2_2.csv
3161,0,0,0,Reader_2_3.csv
3161,0,0,0,Reader_2_4.csv
3161,0,0,0,Reader_2_5.csv
3161,0,0,0,Reader_2_6.csv
3161,0,0,0,Reader_2_7.csv
3161,4,3,1,Reader_2_8.csv
3161,0,0,0,Reader_2_9.csv
3161,2,2,0,reader_3_1.csv
3161,4,3,1,Reader_3_2.csv
3161,0,0,0,Reader_3_3.csv
3161,0,0,0,Reader_3_4.csv
3161,1,1,0,Reader_3_5.csv
3161,1,1,0,Reader_3_6.csv
3161,4,4,0,Reader_3_7.csv
3162,7,6,1,Reader_1_1.csv
3162,3,2,1,Reader_1_10.csv
3162,1,1,0,Reader_1_11.csv
3162,2,2,0,Reader_1_12.csv
3162,14,9,5,Reader_1_2.csv
3162,1,1,0,Reader_1_3.csv
3162,1,1,0,Reader_1_4.csv
3162,0,0,0,Reader_1_5.csv
3162,0,0,0,Reader_1_6.csv
3162,2,2,0,Reader_1_7.csv
3162,1,0,1,Reader_1_8.csv
3162,0,0,0,Reader_1_9.csv
3162,0,0,0,Reader_2_1.csv
3162,0,0,0,Reader_2_10.csv
3162,0,0,0,Reader_2_11.csv
3162,0,0,0,Reader_2_12.csv
3162,2,2,0,Reader_2_2.csv
3162,0,0,0,Reader_2_3.csv
3162,0,0,0,Reader_2_4.csv
3162,0,0,0,Reader_2_5.csv
3162,0,0,0,Reader_2_6.csv
3162,0,0,0,Reader_2_7.csv
3162,4,3,1,Reader_2_8.csv
3162,0,0,0,Reader_2_9.csv
3162,3,2,1,reader_3_1.csv
3162,4,3,1,Reader_3_2.csv
3162,0,0,0,Reader_3_3.csv
3162,0,0,0,Reader_3_4.csv
3162,1,1,0,Reader_3_5.csv
3162,1,1,0,Reader_3_6.csv
3162,2,2,0,Reader_3_7.csv
3163,7,6,1,Reader_1_1.csv
3163,3,2,1,Reader_1_10.csv
3163,2,2,0,Reader_1_11.csv
3163,1,1,0,Reader_1_12.csv
3163,13,9,4,Reader_1_2.csv
3163,1,1,0,Reader_1_3.csv
3163,0,0,0,Reader_1_4.csv
3163,0,0,0,Reader_1_5.csv
3163,0,0,0,Reader_1_6.csv
3163,2,2,0,Reader_1_7.csv
3163,1,0,1,Reader_1_8.csv
3163,0,0,0,Reader_1_9.csv
3163,0,0,0,Reader_2_1.csv
3163,0,0,0,Reader_2_10.csv
3163,0,0,0,Reader_2_11.csv
3163,0,0,0,Reader_2_12.csv
3163,2,2,0,Reader_2_2.csv
3163,0,0,0,Reader_2_3.csv
3163,1,0,1,Reader_2_4.csv
3163,0,0,0,Reader_2_5.csv
3163,0,0,0,Reader_2_6.csv
3163,0,0,0,Reader_2_7.csv
3163,3,2,1,Reader_2_8.csv
3163,0,0,0,Reader_2_9.csv
3163,3,2,1,reader_3_1.csv
3163,3,3,0,Reader_3_2.csv
3163,0,0,0,Reader_3_3.csv
3163,0,0,0,Reader_3_4.csv
3163,2,1,1,Reader_3_5.csv
3163,1,1,0,Reader_3_6.csv
3163,2,2,0,Reader_3_7.csv
3164,10,9,1,Reader_1_1.csv
3164,3,2,1,Reader_1_10.csv
3164,2,2,0,Reader_1_11.csv
3164,1,1,0,Reader_1_12.csv
3164,12,8,4,Reader_1_2.csv
3164,1,1,0,Reader_1_3.csv
3164,0,0,0,Reader_1_4.csv
3164,0,0,0,Reader_1_5.csv
3164,0,0,0,Reader_1_6.csv
3164,2,2,0,Reader_1_7.csv
3164,0,0,0,Reader_1_8.csv
3164,0,0,0,Reader_1_9.csv
3164,0,0,0,Reader_2_1.csv
3164,0,0,0,Reader_2_10.csv
3164,0,0,0,Reader_2_11.csv
3164,0,0,0,Reader_2_12.csv
3164,2,2,0,Reader_2_2.csv
3164,0,0,0,Reader_2_3.csv
3164,1,0,1,Reader_2_4.csv
3164,0,0,0,Reader_2_5.csv
3164,0,0,0,Reader_2_6.csv
3164,0,0,0,Reader_2_7.csv
3164,3,2,1,Reader_2_8.csv
3164,0,0,0,Reader_2_9.csv
3164,3,2,1,reader_3_1.csv
3164,3,3,0,Reader_3_2.csv
3164,0,0,0,Reader_3_3.csv
3164,0,0,0,Reader_3_4.csv
3164,2,1,1,Reader_3_5.csv
3164,1,1,0,Reader_3_6.csv
3164,2,2,0,Reader_3_7.csv
3165,12,10,2,Reader_1_1.csv
3165,2,2,0,Reader_1_10.csv
3165,1,1,0,Reader_1_11.csv
3165,1,1,0,Reader_1_12.csv
3165,11,8,3,Reader_1_2.csv
3165,2,2,0,Reader_1_3.csv
3165,0,0,0,Reader_1_4.csv
3165,1,1,0,Reader_1_5.csv
3165,0,0,0,Reader_1_6.csv
3165,1,1,0,Reader_1_7.csv
3165,0,0,0,Reader_1_8.csv
3165,0,0,0,Reader_1_9.csv
3165,0,0,0,Reader_2_1.csv
3165,0,0,0,Reader_2_10.csv
3165,0,0,0,Reader_2_11.csv
3165,0,0,0,Reader_2_12.csv
3165,2,2,0,Reader_2_2.csv
3165,0,0,0,Reader_2_3.csv
3165,1,0,1,Reader_2_4.csv
3165,0,0,0,Reader_2_5.csv
3165,0,0,0,Reader_2_6.csv
3165,0,0,0,Reader_2_7.csv
3165,3,2,1,Reader_2_8.csv
3165,0,0,0,Reader_2_9.csv
3165,4,3,1,reader_3_1.csv
3165,3,3,0,Reader_3_2.csv
3165,0,0,0,Reader_3_3.csv
3165,0,0,0,Reader_3_4.csv
3165,2,1,1,Reader_3_5.csv
3165,2,2,0,Reader_3_6.csv
3165,2,2,0,Reader_3_7.csv
3166,12,10,2,Reader_1_1.csv
3166,1,1,0,Reader_1_10.csv
3166,1,1,0,Reader_1_11.csv
3166,1,1,0,Reader_1_12.csv
3166,10,7,3,Reader_1_2.csv
3166,2,2,0,Reader_1_3.csv
3166,0,0,0,Reader_1_4.csv
3166,1,1,0,Reader_1_5.csv
3166,0,0,0,Reader_1_6.csv
3166,1,1,0,Reader_1_7.csv
3166,0,0,0,Reader_1_8.csv
3166,0,0,0,Reader_1_9.csv
3166,1,1,0,Reader_2_1.csv
3166,0,0,0,Reader_2_10.csv
3166,0,0,0,Reader_2_11.csv
3166,1,0,1,Reader_2_12.csv
3166,2,2,0,Reader_2_2.csv
3166,0,0,0,Reader_2_3.csv
3166,1,0,1,Reader_2_4.csv
3166,0,0,0,Reader_2_5.csv
3166,0,0,0,Reader_2_6.csv
3166,0,0,0,Reader_2_7.csv
3166,3,2,1,Reader_2_8.csv
3166,0,0,0,Reader_2_9.csv
3166,4,3,1,reader_3_1.csv
3166,4,4,0,Reader_3_2.csv
3166,0,0,0,Reader_3_3.csv
3166,0,0,0,Reader_3_4.csv
3166,2,1,1,Reader_3_5.csv
3166,2,2,0,Reader_3_6.csv
3166,1,1,0,Reader_3_7.csv
3167,11,10,1,Reader_1_1.csv
3167,0,0,0,Reader_1_10.csv
3167,1,1,0,Reader_1_11.csv
3167,1,1,0,Reader_1_12.csv
3167,6,5,1,Reader_1_2.csv
3167,2,2,0,Reader_1_3.csv
3167,0,0,0,Reader_1_4.csv
3167,1,1,0,Reader_1_5.csv
3167,0,0,0,Reader_1_6.csv
3167,0,0,0,Reader_1_7.csv
3167,0,0,0,Reader_1_8.csv
3167,0,0,0,Reader_1_9.csv
3167,1,1,0,Reader_2_1.csv
3167,0,0,0,Reader_2_10.csv
3167,0,0,0,Reader_2_11.csv
3167,2,0,2,Reader_2_12.csv
3167,0,0,0,Reader_2_2.csv
3167,0,0,0,Reader_2_3.csv
3167,1,0,1,Reader_2_4.csv
3167,0,0,0,Reader_2_5.csv
3167,0,0,0,Reader_2_6.csv
3167,0,0,0,Reader_2_7.csv
3167,2,1,1,Reader_2_8.csv
3167,0,0,0,Reader_2_9.csv
3167,4,3,1,reader_3_1.csv
3167,4,4,0,Reader_3_2.csv
3167,0,0,0,Reader_3_3.csv
3167,0,0,0,Reader_3_4.csv
3167,2,1,1,Reader_3_5.csv
3167,1,1,0,Reader_3_6.csv
3167,1,1,0,Reader_3_7.csv
3168,12,11,1,Reader_1_1.csv
3168,0,0,0,Reader_1_10.csv
3168,1,1,0,Reader_1_11.csv
3168,1,1,0,Reader_1_12.csv
3168,5,4,1,Reader_1_2.csv
3168,2,2,0,Reader_1_3.csv
3168,0,0,0,Reader_1_4.csv
3168,2,2,0,Reader_1_5.csv
3168,0,0,0,Reader_1_6.csv
3168,0,0,0,Reader_1_7.csv
3168,0,0,0,Reader_1_8.csv
3168,0,0,0,Reader_1_9.csv
3168,1,1,0,Reader_2_1.csv
3168,0,0,0,Reader_2_10.csv
3168,0,0,0,Reader_2_11.csv
3168,2,0,2,Reader_2_12.csv
3168,0,0,0,Reader_2_2.csv
3168,0,0,0,Reader_2_3.csv
3168,1,0,1,Reader_2_4.csv
3168,0,0,0,Reader_2_5.csv
3168,0,0,0,Reader_2_6.csv
3168,0,0,0,Reader_2_7.csv
3168,0,0,0,Reader_2_8.csv
3168,0,0,0,Reader_2_9.csv
3168,4,3,1,reader_3_1.csv
3168,5,5,0,Reader_3_2.csv
3168,0,0,0,Reader_3_3.csv
3168,0,0,0,Reader_3_4.csv
3168,1,0,1,Reader_3_5.csv
3168,1,1,0,Reader_3_6.csv
3168,4,4,0,Reader_3_7.csv
3169,10,9,1,Reader_1_1.csv
3169,0,0,0,Reader_1_10.csv
3169,1,1,0,Reader_1_11.csv
3169,1,1,0,Reader_1_12.csv
3169,6,4,2,Reader_1_2.csv
3169,2,2,0,Reader_1_3.csv
3169,1,1,0,Reader_1_4.csv
3169,2,2,0,Reader_1_5.csv
3169,0,0,0,Reader_1_6.csv
3169,0,0,0,Reader_1_7.csv
3169,0,0,0,Reader_1_8.csv
3169,0,0,0,Reader_1_9.csv
3169,1,1,0,Reader_2_1.csv
3169,0,0,0,Reader_2_10.csv
3169,0,0,0,Reader_2_11.csv
3169,2,0,2,Reader_2_12.csv
3169,0,0,0,Reader_2_2.csv
3169,0,0,0,Reader_2_3.csv
3169,1,0,1,Reader_2_4.csv
3169,0,0,0,Reader_2_5.csv
3169,0,0,0,Reader_2_6.csv
3169,0,0,0,Reader_2_7.csv
3169,0,0,0,Reader_2_8.csv
3169,0,0,0,Reader_2_9.csv
3169,3,2,1,reader_3_1.csv
3169,4,4,0,Reader_3_2.csv
3169,0,0,0,Reader_3_3.csv
3169,0,0,0,Reader_3_4.csv
3169,1,0,1,Reader_3_5.csv
3169,1,1,0,Reader_3_6.csv
3169,5,5,0,Reader_3_7.csv
3170,10,9,1,Reader_1_1.csv
3170,0,0,0,Reader_1_10.csv
3170,1,1,0,Reader_1_11.csv
3170,0,0,0,Reader_1_12.csv
3170,3,2,1,Reader_1_2.csv
3170,1,1,0,Reader_1_3.csv
3170,2,2,0,Reader_1_4.csv
3170,2,2,0,Reader_1_5.csv
3170,1,1,0,Reader_1_6.csv
3170,0,0,0,Reader_1_7.csv
3170,0,0,0,Reader_1_8.csv
3170,0,0,0,Reader_1_9.csv
3170,1,1,0,Reader_2_1.csv
3170,0,0,0,Reader_2_10.csv
3170,0,0,0,Reader_2_11.csv
3170,3,1,2,Reader_2_12.csv
3170,0,0,0,Reader_2_2.csv
3170,0,0,0,Reader_2_3.csv
3170,1,0,1,Reader_2_4.csv
3170,0,0,0,Reader_2_5.csv
3170,0,0,0,Reader_2_6.csv
3170,0,0,0,Reader_2_7.csv
3170,0,0,0,Reader_2_8.csv
3170,0,0,0,Reader_2_9.csv
3170,2,2,0,reader_3_1.csv
3170,7,6,1,Reader_3_2.csv
3170,0,0,0,Reader_3_3.csv
3170,0,0,0,Reader_3_4.csv
3170,2,1,1,Reader_3_5.csv
3170,1,1,0,Reader_3_6.csv
3170,9,9,0,Reader_3_7.csv
3171,11,10,1,Reader_1_1.csv
3171,0,0,0,Reader_1_10.csv
3171,0,0,0,Reader_1_11.csv
3171,0,0,0,Reader_1_12.csv
3171,1,0,1,Reader_1_2.csv
3171,1,1,0,Reader_1_3.csv
3171,2,2,0,Reader_1_4.csv
3171,2,2,0,Reader_1_5.csv
3171,1,1,0,Reader_1_6.csv
3171,1,1,0,Reader_1_7.csv
3171,0,0,0,Reader_1_8.csv
3171,0,0,0,Reader_1_9.csv
3171,1,1,0,Reader_2_1.csv
3171,0,0,0,Reader_2_10.csv
3171,0,0,0,Reader_2_11.csv
3171,3,1,2,Reader_2_12.csv
3171,0,0,0,Reader_2_2.csv
3171,1,1,0,Reader_2_3.csv
3171,0,0,0,Reader_2_4.csv
3171,0,0,0,Reader_2_5.csv
3171,0,0,0,Reader_2_6.csv
3171,0,0,0,Reader_2_7.csv
3171,0,0,0,Reader_2_8.csv
3171,0,0,0,Reader_2_9.csv
3171,3,2,1,reader_3_1.csv
3171,8,7,1,Reader_3_2.csv
3171,1,1,0,Reader_3_3.csv
3171,1,1,0,Reader_3_4.csv
3171,1,1,0,Reader_3_5.csv
3171,1,1,0,Reader_3_6.csv
3171,10,10,0,Reader_3_7.csv
3172,7,6,1,Reader_1_1.csv
3172,0,0,0,Reader_1_10.csv
3172,0,0,0,Reader_1_11.csv
3172,0,0,0,Reader_1_12.csv
3172,1,0,1,Reader_1_2.csv
3172,1,1,0,Reader_1_3.csv
3172,2,2,0,Reader_1_4.csv
3172,3,3,0,Reader_1_5.csv
3172,1,1,0,Reader_1_6.csv
3172,1,1,0,Reader_1_7.csv
3172,0,0,0,Reader_1_8.csv
3172,0,0,0,Reader_1_9.csv
3172,1,1,0,Reader_2_1.csv
3172,0,0,0,Reader_2_10.csv
3172,0,0,0,Reader_2_11.csv
3172,3,1,2,Reader_2_12.csv
3172,0,0,0,Reader_2_2.csv
3172,1,1,0,Reader_2_3.csv
3172,0,0,0,Reader_2_4.csv
3172,0,0,0,Reader_2_5.csv
3172,0,0,0,Reader_2_6.csv
3172,0,0,0,Reader_2_7.csv
3172,0,0,0,Reader_2_8.csv
3172,0,0,0,Reader_2_9.csv
3172,3,2,1,reader_3_1.csv
3172,9,8,1,Reader_3_2.csv
3172,1,1,0,Reader_3_3.csv
3172,1,1,0,Reader_3_4.csv
3172,1,1,0,Reader_3_5.csv
3172,1,1,0,Reader_3_6.csv
3172,12,12,0,Reader_3_7.csv
3173,5,5,0,Reader_1_1.csv
3173,0,0,0,Reader_1_10.csv
3173,0,0,0,Reader_1_11.csv
3173,0,0,0,Reader_1_12.csv
3173,2,1,1,Reader_1_2.csv
3173,0,0,0,Reader_1_3.csv
3173,2,2,0,Reader_1_4.csv
3173,2,2,0,Reader_1_5.csv
3173,1,1,0,Reader_1_6.csv
3173,1,1,0,Reader_1_7.csv
3173,0,0,0,Reader_1_8.csv
3173,0,0,0,Reader_1_9.csv
3173,1,1,0,Reader_2_1.csv
3173,1,1,0,Reader_2_10.csv
3173,0,0,0,Reader_2_11.csv
3173,3,1,2,Reader_2_12.csv
3173,0,0,0,Reader_2_2.csv
3173,1,1,0,Reader_2_3.csv
3173,0,0,0,Reader_2_4.csv
3173,0,0,0,Reader_2_5.csv
3173,0,0,0,Reader_2_6.csv
3173,0,0,0,Reader_2_7.csv
3173,0,0,0,Reader_2_8.csv
3173,0,0,0,Reader_2_9.csv
3173,4,2,2,reader_3_1.csv
3173,10,9,1,Reader_3_2.csv
3173,1,1,0,Reader_3_3.csv
3173,1,1,0,Reader_3_4.csv
3173,1,1,0,Reader_3_5.csv
3173,0,0,0,Reader_3_6.csv
3173,20,20,0,Reader_3_7.csv
3174,7,7,0,Reader_1_1.csv
3174,0,0,0,Reader_1_10.csv
3174,0,0,0,Reader_1_11.csv
3174,0,0,0,Reader_1_12.csv
3174,2,1,1,Reader_1_2.csv
3174,0,0,0,Reader_1_3.csv
3174,3,3,0,Reader_1_4.csv
3174,2,2,0,Reader_1_5.csv
3174,1,1,0,Reader_1_6.csv
3174,1,1,0,Reader_1_7.csv
3174,0,0,0,Reader_1_8.csv
3174,0,0,0,Reader_1_9.csv
3174,0,0,0,Reader_2_1.csv
3174,1,1,0,Reader_2_10.csv
3174,0,0,0,Reader_2_11.csv
3174,2,1,1,Reader_2_12.csv
3174,0,0,0,Reader_2_2.csv
3174,1,1,0,Reader_2_3.csv
3174,0,0,0,Reader_2_4.csv
3174,0,0,0,Reader_2_5.csv
3174,0,0,0,Reader_2_6.csv
3174,0,0,0,Reader_2_7.csv
3174,0,0,0,Reader_2_8.csv
3174,0,0,0,Reader_2_9.csv
3174,4,2,2,reader_3_1.csv
3174,11,10,1,Reader_3_2.csv
3174,1,1,0,Reader_3_3.csv
3174,1,1,0,Reader_3_4.csv
3174,1,1,0,Reader_3_5.csv
3174,0,0,0,Reader_3_6.csv
3174,21,21,0,Reader_3_7.csv
3175,10,9,1,Reader_1_1.csv
3175,1,1,0,Reader_1_10.csv
3175,0,0,0,Reader_1_11.csv
3175,0,0,0,Reader_1_12.csv
3175,3,2,1,Reader_1_2.csv
3175,0,0,0,Reader_1_3.csv
3175,4,4,0,Reader_1_4.csv
3175,2,2,0,Reader_1_5.csv
3175,1,1,0,Reader_1_6.csv
3175,1,1,0,Reader_1_7.csv
3175,0,0,0,Reader_1_8.csv
3175,1,1,0,Reader_1_9.csv
3175,0,0,0,Reader_2_1.csv
3175,1,1,0,Reader_2_10.csv
3175,0,0,0,Reader_2_11.csv
3175,1,1,0,Reader_2_12.csv
3175,0,0,0,Reader_2_2.csv
3175,1,1,0,Reader_2_3.csv
3175,0,0,0,Reader_2_4.csv
3175,0,0,0,Reader_2_5.csv
3175,0,0,0,Reader_2_6.csv
3175,0,0,0,Reader_2_7.csv
3175,0,0,0,Reader_2_8.csv
3175,0,0,0,Reader_2_9.csv
3175,5,2,3,reader_3_1.csv
3175,10,9,1,Reader_3_2.csv
3175,1,1,0,Reader_3_3.csv
3175,1,1,0,Reader_3_4.csv
3175,1,1,0,Reader_3_5.csv
3175,0,0,0,Reader_3_6.csv
3175,22,22,0,Reader_3_7.csv
3176,9,8,1,Reader_1_1.csv
3176,1,1,0,Reader_1_10.csv
3176,0,0,0,Reader_1_11.csv
3176,0,0,0,Reader_1_12.csv
3176,4,3,1,Reader_1_2.csv
3176,0,0,0,Reader_1_3.csv
3176,5,5,0,Reader_1_4.csv
3176,1,1,0,Reader_1_5.csv
3176,1,1,0,Reader_1_6.csv
3176,1,1,0,Reader_1_7.csv
3176,0,0,0,Reader_1_8.csv
3176,1,1,0,Reader_1_9.csv
3176,0,0,0,Reader_2_1.csv
3176,1,1,0,Reader_2_10.csv
3176,0,0,0,Reader_2_11.csv
3176,1,1,0,Reader_2_12.csv
3176,0,0,0,Reader_2_2.csv
3176,1,1,0,Reader_2_3.csv
3176,0,0,0,Reader_2_4.csv
3176,0,0,0,Reader_2_5.csv
3176,0,0,0,Reader_2_6.csv
3176,0,0,0,Reader_2_7.csv
3176,0,0,0,Reader_2_8.csv
3176,0,0,0,Reader_2_9.csv
3176,5,2,3,reader_3_1.csv
3176,9,8,1,Reader_3_2.csv
3176,3,2,1,Reader_3_3.csv
3176,3,2,1,Reader_3_4.csv
3176,1,1,0,Reader_3_5.csv
3176,0,0,0,Reader_3_6.csv
3176,20,20,0,Reader_3_7.csv
3177,11,9,2,Reader_1_1.csv
3177,1,1,0,Reader_1_10.csv
3177,0,0,0,Reader_1_11.csv
3177,0,0,0,Reader_1_12.csv
3177,3,3,0,Reader_1_2.csv
3177,0,0,0,Reader_1_3.csv
3177,4,4,0,Reader_1_4.csv
3177,2,2,0,Reader_1_5.csv
3177,1,1,0,Reader_1_6.csv
3177,1,1,0,Reader_1_7.csv
3177,0,0,0,Reader_1_8.csv
3177,1,1,0,Reader_1_9.csv
3177,0,0,0,Reader_2_1.csv
3177,1,1,0,Reader_2_10.csv
3177,0,0,0,Reader_2_11.csv
3177,1,1,0,Reader_2_12.csv
3177,0,0,0,Reader_2_2.csv
3177,2,2,0,Reader_2_3.csv
3177,0,0,0,Reader_2_4.csv
3177,0,0,0,Reader_2_5.csv
3177,0,0,0,Reader_2_6.csv
3177,0,0,0,Reader_2_7.csv
3177,0,0,0,Reader_2_8.csv
3177,0,0,0,Reader_2_9.csv
3177,5,2,3,reader_3_1.csv
3177,10,9,1,Reader_3_2.csv
3177,5,4,1,Reader_3_3.csv
3177,5,4,1,Reader_3_4.csv
3177,1,1,0,Reader_3_5.csv
3177,0,0,0,Reader_3_6.csv
3177,20,20,0,Reader_3_7.csv
3178,11,9,2,Reader_1_1.csv
3178,1,1,0,Reader_1_10.csv
3178,1,1,0,Reader_1_11.csv
3178,0,0,0,Reader_1_12.csv
3178,4,4,0,Reader_1_2.csv
3178,0,0,0,Reader_1_3.csv
3178,3,3,0,Reader_1_4.csv
3178,2,2,0,Reader_1_5.csv
3178,0,0,0,Reader_1_6.csv
3178,1,1,0,Reader_1_7.csv
3178,0,0,0,Reader_1_8.csv
3178,1,1,0,Reader_1_9.csv
3178,1,1,0,Reader_2_1.csv
3178,1,1,0,Reader_2_10.csv
3178,0,0,0,Reader_2_11.csv
3178,0,0,0,Reader_2_12.csv
3178,0,0,0,Reader_2_2.csv
3178,2,2,0,Reader_2_3.csv
3178,0,0,0,Reader_2_4.csv
3178,0,0,0,Reader_2_5.csv
3178,0,0,0,Reader_2_6.csv
3178,0,0,0,Reader_2_7.csv
3178,0,0,0,Reader_2_8.csv
3178,0,0,0,Reader_2_9.csv
3178,7,4,3,reader_3_1.csv
3178,7,7,0,Reader_3_2.csv
3178,5,4,1,Reader_3_3.csv
3178,5,4,1,Reader_3_4.csv
3178,1,0,1,Reader_3_5.csv
3178,0,0,0,Reader_3_6.csv
3178,16,16,0,Reader_3_7.csv
3179,9,7,2,Reader_1_1.csv
3179,1,1,0,Reader_1_10.csv
3179,1,1,0,Reader_1_11.csv
3179,1,1,0,Reader_1_12.csv
3179,4,4,0,Reader_1_2.csv
3179,0,0,0,Reader_1_3.csv
3179,3,3,0,Reader_1_4.csv
3179,3,2,1,Reader_1_5.csv
3179,0,0,0,Reader_1_6.csv
3179,0,0,0,Reader_1_7.csv
3179,0,0,0,Reader_1_8.csv
3179,1,1,0,Reader_1_9.csv
3179,1,1,0,Reader_2_1.csv
3179,1,1,0,Reader_2_10.csv
3179,0,0,0,Reader_2_11.csv
3179,0,0,0,Reader_2_12.csv
3179,0,0,0,Reader_2_2.csv
3179,1,1,0,Reader_2_3.csv
3179,0,0,0,Reader_2_4.csv
3179,0,0,0,Reader_2_5.csv
3179,0,0,0,Reader_2_6.csv
3179,0,0,0,Reader_2_7.csv
3179,0,0,0,Reader_2_8.csv
3179,0,0,0,Reader_2_9.csv
3179,7,4,3,reader_3_1.csv
3179,7,7,0,Reader_3_2.csv
3179,4,3,1,Reader_3_3.csv
3179,4,3,1,Reader_3_4.csv
3179,1,0,1,Reader_3_5.csv
3179,0,0,0,Reader_3_6.csv
3179,16,15,1,Reader_3_7.csv
3180,10,8,2,Reader_1_1.csv
3180,1,1,0,Reader_1_10.csv
3180,1,1,0,Reader_1_11.csv
3180,1,1,0,Reader_1_12.csv
3180,4,4,0,Reader_1_2.csv
3180,0,0,0,Reader_1_3.csv
3180,3,3,0,Reader_1_4.csv
3180,2,1,1,Reader_1_5.csv
3180,0,0,0,Reader_1_6.csv
3180,0,0,0,Reader_1_7.csv
3180,0,0,0,Reader_1_8.csv
3180,1,1,0,Reader_1_9.csv
3180,1,1,0,Reader_2_1.csv
3180,1,1,0,Reader_2_10.csv
3180,0,0,0,Reader_2_11.csv
3180,0,0,0,Reader_2_12.csv
3180,0,0,0,Reader_2_2.csv
3180,1,1,0,Reader_2_3.csv
3180,0,0,0,Reader_2_4.csv
3180,0,0,0,Reader_2_5.csv
3180,0,0,0,Reader_2_6.csv
3180,0,0,0,Reader_2_7.csv
3180,1,1,0,Reader_2_8.csv
3180,0,0,0,Reader_2_9.csv
3180,8,4,4,reader_3_1.csv
3180,6,6,0,Reader_3_2.csv
3180,5,3,2,Reader_3_3.csv
3180,5,3,2,Reader_3_4.csv
3180,3,2,1,Reader_3_5.csv
3180,0,0,0,Reader_3_6.csv
3180,14,13,1,Reader_3_7.csv
3181,12,9,3,Reader_1_1.csv
3181,1,1,0,Reader_1_10.csv
3181,1,1,0,Reader_1_11.csv
3181,1,1,0,Reader_1_12.csv
3181,3,3,0,Reader_1_2.csv
3181,0,0,0,Reader_1_3.csv
3181,3,3,0,Reader_1_4.csv
3181,2,1,1,Reader_1_5.csv
3181,1,1,0,Reader_1_6.csv
3181,0,0,0,Reader_1_7.csv
3181,0,0,0,Reader_1_8.csv
3181,1,1,0,Reader_1_9.csv
3181,1,1,0,Reader_2_1.csv
3181,0,0,0,Reader_2_10.csv
3181,0,0,0,Reader_2_11.csv
3181,0,0,0,Reader_2_12.csv
3181,0,0,0,Reader_2_2.csv
3181,1,1,0,Reader_2_3.csv
3181,0,0,0,Reader_2_4.csv
3181,0,0,0,Reader_2_5.csv
3181,1,0,1,Reader_2_6.csv
3181,0,0,0,Reader_2_7.csv
3181,1,1,0,Reader_2_8.csv
3181,0,0,0,Reader_2_9.csv
3181,7,3,4,reader_3_1.csv
3181,5,5,0,Reader_3_2.csv
3181,5,3,2,Reader_3_3.csv
3181,5,3,2,Reader_3_4.csv
3181,3,2,1,Reader_3_5.csv
3181,0,0,0,Reader_3_6.csv
3181,6,5,1,Reader_3_7.csv
3182,10,7,3,Reader_1_1.csv
3182,1,1,0,Reader_1_10.csv
3182,1,1,0,Reader_1_11.csv
3182,1,1,0,Reader_1_12.csv
3182,3,3,0,Reader_1_2.csv
3182,0,0,0,Reader_1_3.csv
3182,2,2,0,Reader_1_4.csv
3182,2,1,1,Reader_1_5.csv
3182,1,1,0,Reader_1_6.csv
3182,0,0,0,Reader_1_7.csv
3182,0,0,0,Reader_1_8.csv
3182,1,1,0,Reader_1_9.csv
3182,1,1,0,Reader_2_1.csv
3182,0,0,0,Reader_2_10.csv
3182,0,0,0,Reader_2_11.csv
3182,0,0,0,Reader_2_12.csv
3182,0,0,0,Reader_2_2.csv
3182,1,1,0,Reader_2_3.csv
3182,0,0,0,Reader_2_4.csv
3182,0,0,0,Reader_2_5.csv
3182,1,0,1,Reader_2_6.csv
3182,1,1,0,Reader_2_7.csv
3182,1,1,0,Reader_2_8.csv
3182,0,0,0,Reader_2_9.csv
3182,7,3,4,reader_3_1.csv
3182,3,3,0,Reader_3_2.csv
3182,5,3,2,Reader_3_3.csv
3182,5,3,2,Reader_3_4.csv
3182,3,2,1,Reader_3_5.csv
3182,0,0,0,Reader_3_6.csv
3182,5,4,1,Reader_3_7.csv
3183,9,6,3,Reader_1_1.csv
3183,0,0,0,Reader_1_10.csv
3183,1,1,0,Reader_1_11.csv
3183,1,1,0,Reader_1_12.csv
3183,2,2,0,Reader_1_2.csv
3183,0,0,0,Reader_1_3.csv
3183,1,1,0,Reader_1_4.csv
3183,2,1,1,Reader_1_5.csv
3183,1,1,0,Reader_1_6.csv
3183,1,1,0,Reader_1_7.csv
3183,0,0,0,Reader_1_8.csv
3183,0,0,0,Reader_1_9.csv
3183,1,1,0,Reader_2_1.csv
3183,0,0,0,Reader_2_10.csv
3183,0,0,0,Reader_2_11.csv
3183,0,0,0,Reader_2_12.csv
3183,0,0,0,Reader_2_2.csv
3183,1,1,0,Reader_2_3.csv
3183,0,0,0,Reader_2_4.csv
3183,0,0,0,Reader_2_5.csv
3183,1,0,1,Reader_2_6.csv
3183,1,1,0,Reader_2_7.csv
3183,1,1,0,Reader_2_8.csv
3183,0,0,0,Reader_2_9.csv
3183,6,3,3,reader_3_1.csv
3183,3,3,0,Reader_3_2.csv
3183,5,3,2,Reader_3_3.csv
3183,5,3,2,Reader_3_4.csv
3183,3,2,1,Reader_3_5.csv
3183,1,1,0,Reader_3_6.csv
3183,4,3,1,Reader_3_7.csv
3184,9,6,3,Reader_1_1.csv
3184,0,0,0,Reader_1_10.csv
3184,1,1,0,Reader_1_11.csv
3184,1,1,0,Reader_1_12.csv
3184,1,1,0,Reader_1_2.csv
3184,0,0,0,Reader_1_3.csv
3184,0,0,0,Reader_1_4.csv
3184,2,1,1,Reader_1_5.csv
3184,1,1,0,Reader_1_6.csv
3184,1,1,0,Reader_1_7.csv
3184,0,0,0,Reader_1_8.csv
3184,0,0,0,Reader_1_9.csv
3184,1,1,0,Reader_2_1.csv
3184,0,0,0,Reader_2_10.csv
3184,0,0,0,Reader_2_11.csv
3184,0,0,0,Reader_2_12.csv
3184,0,0,0,Reader_2_2.csv
3184,1,1,0,Reader_2_3.csv
3184,0,0,0,Reader_2_4.csv
3184,0,0,0,Reader_2_5.csv
3184,1,0,1,Reader_2_6.csv
3184,2,2,0,Reader_2_7.csv
3184,1,1,0,Reader_2_8.csv
3184,0,0,0,Reader_2_9.csv
3184,6,3,3,reader_3_1.csv
3184,4,4,0,Reader_3_2.csv
3184,3,2,1,Reader_3_3.csv
3184,3,2,1,Reader_3_4.csv
3184,3,2,1,Reader_3_5.csv
3184,2,2,0,Reader_3_6.csv
3184,4,3,1,Reader_3_7.csv
3185,7,5,2,Reader_1_1.csv
3185,0,0,0,Reader_1_10.csv
3185,1,1,0,Reader_1_11.csv
3185,2,1,1,Reader_1_12.csv
3185,1,1,0,Reader_1_2.csv
3185,0,0,0,Reader_1_3.csv
3185,0,0,0,Reader_1_4.csv
3185,1,0,1,Reader_1_5.csv
3185,1,1,0,Reader_1_6.csv
3185,1,1,0,Reader_1_7.csv
3185,0,0,0,Reader_1_8.csv
3185,0,0,0,Reader_1_9.csv
3185,1,1,0,Reader_2_1.csv
3185,0,0,0,Reader_2_10.csv
3185,0,0,0,Reader_2_11.csv
3185,0,0,0,Reader_2_12.csv
3185,1,1,0,Reader_2_2.csv
3185,0,0,0,Reader_2_3.csv
3185,0,0,0,Reader_2_4.csv
3185,0,0,0,Reader_2_5.csv
3185,1,0,1,Reader_2_6.csv
3185,2,2,0,Reader_2_7.csv
3185,1,1,0,Reader_2_8.csv
3185,0,0,0,Reader_2_9.csv
3185,6,3,3,reader_3_1.csv
3185,2,2,0,Reader_3_2.csv
3185,1,0,1,Reader_3_3.csv
3185,1,0,1,Reader_3_4.csv
3185,3,2,1,Reader_3_5.csv
3185,2,2,0,Reader_3_6.csv
3185,3,2,1,Reader_3_7.csv
3186,9,7,2,Reader_1_1.csv
3186,0,0,0,Reader_1_10.csv
3186,0,0,0,Reader_1_11.csv
3186,2,1,1,Reader_1_12.csv
3186,0,0,0,Reader_1_2.csv
3186,0,0,0,Reader_1_3.csv
3186,1,0,1,Reader_1_4.csv
3186,1,0,1,Reader_1_5.csv
3186,1,1,0,Reader_1_6.csv
3186,1,1,0,Reader_1_7.csv
3186,0,0,0,Reader_1_8.csv
3186,0,0,0,Reader_1_9.csv
3186,0,0,0,Reader_2_1.csv
3186,0,0,0,Reader_2_10.csv
3186,0,0,0,Reader_2_11.csv
3186,0,0,0,Reader_2_12.csv
3186,1,1,0,Reader_2_2.csv
3186,0,0,0,Reader_2_3.csv
3186,0,0,0,Reader_2_4.csv
3186,0,0,0,Reader_2_5.csv
3186,1,0,1,Reader_2_6.csv
3186,2,2,0,Reader_2_7.csv
3186,1,1,0,Reader_2_8.csv
3186,0,0,0,Reader_2_9.csv
3186,5,2,3,reader_3_1.csv
3186,3,3,0,Reader_3_2.csv
3186,1,0,1,Reader_3_3.csv
3186,1,0,1,Reader_3_4.csv
3186,2,2,0,Reader_3_5.csv
3186,2,2,0,Reader_3_6.csv
3186,3,2,1,Reader_3_7.csv
3187,10,8,2,Reader_1_1.csv
3187,0,0,0,Reader_1_10.csv
3187,0,0,0,Reader_1_11.csv
3187,1,0,1,Reader_1_12.csv
3187,0,0,0,Reader_1_2.csv
3187,0,0,0,Reader_1_3.csv
3187,1,0,1,Reader_1_4.csv
3187,0,0,0,Reader_1_5.csv
3187,1,1,0,Reader_1_6.csv
3187,2,2,0,Reader_1_7.csv
3187,0,0,0,Reader_1_8.csv
3187,0,0,0,Reader_1_9.csv
3187,0,0,0,Reader_2_1.csv
3187,0,0,0,Reader_2_10.csv
3187,0,0,0,Reader_2_11.csv
3187,0,0,0,Reader_2_12.csv
3187,1,1,0,Reader_2_2.csv
3187,0,0,0,Reader_2_3.csv
3187,0,0,0,Reader_2_4.csv
3187,0,0,0,Reader_2_5.csv
3187,1,0,1,Reader_2_6.csv
3187,2,2,0,Reader_2_7.csv
3187,1,1,0,Reader_2_8.csv
3187,0,0,0,Reader_2_9.csv
3187,5,3,2,reader_3_1.csv
3187,2,2,0,Reader_3_2.csv
3187,1,0,1,Reader_3_3.csv
3187,1,0,1,Reader_3_4.csv
3187,2,2,0,Reader_3_5.csv
3187,2,2,0,Reader_3_6.csv
3187,2,2,0,Reader_3_7.csv
3188,9,7,2,Reader_1_1.csv
3188,0,0,0,Reader_1_10.csv
3188,0,0,0,Reader_1_11.csv
3188,1,0,1,Reader_1_12.csv
3188,0,0,0,Reader_1_2.csv
3188,0,0,0,Reader_1_3.csv
3188,1,0,1,Reader_1_4.csv
3188,0,0,0,Reader_1_5.csv
3188,1,1,0,Reader_1_6.csv
3188,2,2,0,Reader_1_7.csv
3188,0,0,0,Reader_1_8.csv
3188,0,0,0,Reader_1_9.csv
3188,0,0,0,Reader_2_1.csv
3188,0,0,0,Reader_2_10.csv
3188,0,0,0,Reader_2_11.csv
3188,0,0,0,Reader_2_12.csv
3188,2,2,0,Reader_2_2.csv
3188,0,0,0,Reader_2_3.csv
3188,0,0,0,Reader_2_4.csv
3188,0,0,0,Reader_2_5.csv
3188,1,0,1,Reader_2_6.csv
3188,2,2,0,Reader_2_7.csv
3188,0,0,0,Reader_2_8.csv
3188,0,0,0,Reader_2_9.csv
3188,6,5,1,reader_3_1.csv
3188,2,2,0,Reader_3_2.csv
3188,0,0,0,Reader_3_3.csv
3188,0,0,0,Reader_3_4.csv
3188,0,0,0,Reader_3_5.csv
3188,2,2,0,Reader_3_6.csv
3188,4,4,0,Reader_3_7.csv
3189,9,8,1,Reader_1_1.csv
3189,0,0,0,Reader_1_10.csv
3189,0,0,0,Reader_1_11.csv
3189,1,0,1,Reader_1_12.csv
3189,0,0,0,Reader_1_2.csv
3189,0,0,0,Reader_1_3.csv
3189,2,0,2,Reader_1_4.csv
3189,0,0,0,Reader_1_5.csv
3189,0,0,0,Reader_1_6.csv
3189,2,2,0,Reader_1_7.csv
3189,0,0,0,Reader_1_8.csv
3189,0,0,0,Reader_1_9.csv
3189,0,0,0,Reader_2_1.csv
3189,0,0,0,Reader_2_10.csv
3189,0,0,0,Reader_2_11.csv
3189,0,0,0,Reader_2_12.csv
3189,2,2,0,Reader_2_2.csv
3189,0,0,0,Reader_2_3.csv
3189,0,0,0,Reader_2_4.csv
3189,0,0,0,Reader_2_5.csv
3189,0,0,0,Reader_2_6.csv
3189,2,2,0,Reader_2_7.csv
3189,0,0,0,Reader_2_8.csv
3189,0,0,0,Reader_2_9.csv
3189,5,5,0,reader_3_1.csv
3189,2,2,0,Reader_3_2.csv
3189,0,0,0,Reader_3_3.csv
3189,0,0,0,Reader_3_4.csv
3189,0,0,0,Reader_3_5.csv
3189,2,2,0,Reader_3_6.csv
3189,4,4,0,Reader_3_7.csv
3190,8,7,1,Reader_1_1.csv
3190,0,0,0,Reader_1_10.csv
3190,0,0,0,Reader_1_11.csv
3190,1,0,1,Reader_1_12.csv
3190,0,0,0,Reader_1_2.csv
3190,0,0,0,Reader_1_3.csv
3190,2,0,2,Reader_1_4.csv
3190,0,0,0,Reader_1_5.csv
3190,1,1,0,Reader_1_6.csv
3190,2,2,0,Reader_1_7.csv
3190,0,0,0,Reader_1_8.csv
3190,0,0,0,Reader_1_9.csv
3190,0,0,0,Reader_2_1.csv
3190,0,0,0,Reader_2_10.csv
3190,0,0,0,Reader_2_11.csv
3190,0,0,0,Reader_2_12.csv
3190,3,3,0,Reader_2_2.csv
3190,0,0,0,Reader_2_3.csv
3190,0,0,0,Reader_2_4.csv
3190,0,0,0,Reader_2_5.csv
3190,0,0,0,Reader_2_6.csv
3190,1,1,0,Reader_2_7.csv
3190,0,0,0,Reader_2_8.csv
3190,0,0,0,Reader_2_9.csv
3190,8,6,2,reader_3_1.csv
3190,2,2,0,Reader_3_2.csv
3190,0,0,0,Reader_3_3.csv
3190,0,0,0,Reader_3_4.csv
3190,0,0,0,Reader_3_5.csv
3190,2,2,0,Reader_3_6.csv
3190,4,4,0,Reader_3_7.csv
3191,7,7,0,Reader_1_1.csv
3191,0,0,0,Reader_1_10.csv
3191,0,0,0,Reader_1_11.csv
3191,1,0,1,Reader_1_12.csv
3191,0,0,0,Reader_1_2.csv
3191,0,0,0,Reader_1_3.csv
3191,3,0,3,Reader_1_4.csv
3191,0,0,0,Reader_1_5.csv
3191,1,1,0,Reader_1_6.csv
3191,1,1,0,Reader_1_7.csv
3191,0,0,0,Reader_1_8.csv
3191,1,1,0,Reader_1_9.csv
3191,0,0,0,Reader_2_1.csv
3191,0,0,0,Reader_2_10.csv
3191,0,0,0,Reader_2_11.csv
3191,0,0,0,Reader_2_12.csv
3191,3,3,0,Reader_2_2.csv
3191,0,0,0,Reader_2_3.csv
3191,0,0,0,Reader_2_4.csv
3191,0,0,0,Reader_2_5.csv
3191,0,0,0,Reader_2_6.csv
3191,1,1,0,Reader_2_7.csv
3191,1,1,0,Reader_2_8.csv
3191,0,0,0,Reader_2_9.csv
3191,10,8,2,reader_3_1.csv
3191,2,2,0,Reader_3_2.csv
3191,0,0,0,Reader_3_3.csv
3191,0,0,0,Reader_3_4.csv
3191,3,3,0,Reader_3_5.csv
3191,1,1,0,Reader_3_6.csv
3191,4,4,0,Reader_3_7.csv
3192,6,6,0,Reader_1_1.csv
3192,0,0,0,Reader_1_10.csv
3192,0,0,0,Reader_1_11.csv
3192,1,0,1,Reader_1_12.csv
3192,0,0,0,Reader_1_2.csv
3192,0,0,0,Reader_1_3.csv
3192,5,2,3,Reader_1_4.csv
3192,0,0,0,Reader_1_5.csv
3192,1,1,0,Reader_1_6.csv
3192,1,1,0,Reader_1_7.csv
3192,0,0,0,Reader_1_8.csv
3192,1,1,0,Reader_1_9.csv
3192,0,0,0,Reader_2_1.csv
3192,0,0,0,Reader_2_10.csv
3192,0,0,0,Reader_2_11.csv
3192,0,0,0,Reader_2_12.csv
3192,3,3,0,Reader_2_2.csv
3192,0,0,0,Reader_2_3.csv
3192,0,0,0,Reader_2_4.csv
3192,0,0,0,Reader_2_5.csv
3192,0,0,0,Reader_2_6.csv
3192,0,0,0,Reader_2_7.csv
3192,1,1,0,Reader_2_8.csv
3192,0,0,0,Reader_2_9.csv
3192,10,8,2,reader_3_1.csv
3192,1,1,0,Reader_3_2.csv
3192,0,0,0,Reader_3_3.csv
3192,0,0,0,Reader_3_4.csv
3192,3,3,0,Reader_3_5.csv
3192,0,0,0,Reader_3_6.csv
3192,3,3,0,Reader_3_7.csv
3193,6,6,0,Reader_1_1.csv
3193,1,1,0,Reader_1_10.csv
3193,0,0,0,Reader_1_11.csv
3193,1,0,1,Reader_1_12.csv
3193,0,0,0,Reader_1_2.csv
3193,0,0,0,Reader_1_3.csv
3193,5,2,3,Reader_1_4.csv
3193,0,0,0,Reader_1_5.csv
3193,1,1,0,Reader_1_6.csv
3193,1,1,0,Reader_1_7.csv
3193,0,0,0,Reader_1_8.csv
3193,1,1,0,Reader_1_9.csv
3193,0,0,0,Reader_2_1.csv
3193,0,0,0,Reader_2_10.csv
3193,0,0,0,Reader_2_11.csv
3193,0,0,0,Reader_2_12.csv
3193,2,2,0,Reader_2_2.csv
3193,0,0,0,Reader_2_3.csv
3193,0,0,0,Reader_2_4.csv
3193,0,0,0,Reader_2_5.csv
3193,0,0,0,Reader_2_6.csv
3193,0,0,0,Reader_2_7.csv
3193,2,2,0,Reader_2_8.csv
3193,0,0,0,Reader_2_9.csv
3193,13,11,2,reader_3_1.csv
3193,1,1,0,Reader_3_2.csv
3193,0,0,0,Reader_3_3.csv
3193,0,0,0,Reader_3_4.csv
3193,4,4,0,Reader_3_5.csv
3193,0,0,0,Reader_3_6.csv
3193,3,3,0,Reader_3_7.csv
3194,4,4,0,Reader_1_1.csv
3194,1,1,0,Reader_1_10.csv
3194,0,0,0,Reader_1_11.csv
3194,1,0,1,Reader_1_12.csv
3194,0,0,0,Reader_1_2.csv
3194,0,0,0,Reader_1_3.csv
3194,5,3,2,Reader_1_4.csv
3194,1,1,0,Reader_1_5.csv
3194,1,1,0,Reader_1_6.csv
3194,2,2,0,Reader_1_7.csv
3194,0,0,0,Reader_1_8.csv
3194,1,1,0,Reader_1_9.csv
3194,0,0,0,Reader_2_1.csv
3194,0,0,0,Reader_2_10.csv
3194,0,0,0,Reader_2_11.csv
3194,0,0,0,Reader_2_12.csv
3194,2,2,0,Reader_2_2.csv
3194,0,0,0,Reader_2_3.csv
3194,0,0,0,Reader_2_4.csv
3194,0,0,0,Reader_2_5.csv
3194,0,0,0,Reader_2_6.csv
3194,0,0,0,Reader_2_7.csv
3194,2,2,0,Reader_2_8.csv
3194,0,0,0,Reader_2_9.csv
3194,16,14,2,reader_3_1.csv
3194,0,0,0,Reader_3_2.csv
3194,0,0,0,Reader_3_3.csv
3194,0,0,0,Reader_3_4.csv
3194,4,4,0,Reader_3_5.csv
3194,0,0,0,Reader_3_6.csv
3194,3,3,0,Reader_3_7.csv
3195,6,6,0,Reader_1_1.csv
3195,1,1,0,Reader_1_10.csv
3195,0,0,0,Reader_1_11.csv
3195,1,0,1,Reader_1_12.csv
3195,0,0,0,Reader_1_2.csv
3195,0,0,0,Reader_1_3.csv
3195,6,4,2,Reader_1_4.csv
3195,1,1,0,Reader_1_5.csv
3195,1,1,0,Reader_1_6.csv
3195,1,1,0,Reader_1_7.csv
3195,0,0,0,Reader_1_8.csv
3195,1,1,0,Reader_1_9.csv
3195,0,0,0,Reader_2_1.csv
3195,0,0,0,Reader_2_10.csv
3195,0,0,0,Reader_2_11.csv
3195,0,0,0,Reader_2_12.csv
3195,2,2,0,Reader_2_2.csv
3195,0,0,0,Reader_2_3.csv
3195,0,0,0,Reader_2_4.csv
3195,0,0,0,Reader_2_5.csv
3195,0,0,0,Reader_2_6.csv
3195,0,0,0,Reader_2_7.csv
3195,2,2,0,Reader_2_8.csv
3195,0,0,0,Reader_2_9.csv
3195,18,16,2,reader_3_1.csv
3195,0,0,0,Reader_3_2.csv
3195,0,0,0,Reader_3_3.csv
3195,0,0,0,Reader_3_4.csv
3195,5,5,0,Reader_3_5.csv
3195,0,0,0,Reader_3_6.csv
3195,3,3,0,Reader_3_7.csv
3196,7,7,0,Reader_1_1.csv
3196,1,1,0,Reader_1_10.csv
3196,0,0,0,Reader_1_11.csv
3196,1,0,1,Reader_1_12.csv
3196,0,0,0,Reader_1_2.csv
3196,0,0,0,Reader_1_3.csv
3196,8,4,4,Reader_1_4.csv
3196,1,1,0,Reader_1_5.csv
3196,1,1,0,Reader_1_6.csv
3196,1,1,0,Reader_1_7.csv
3196,0,0,0,Reader_1_8.csv
3196,1,1,0,Reader_1_9.csv
3196,0,0,0,Reader_2_1.csv
3196,0,0,0,Reader_2_10.csv
3196,0,0,0,Reader_2_11.csv
3196,0,0,0,Reader_2_12.csv
3196,1,1,0,Reader_2_2.csv
3196,0,0,0,Reader_2_3.csv
3196,0,0,0,Reader_2_4.csv
3196,0,0,0,Reader_2_5.csv
3196,0,0,0,Reader_2_6.csv
3196,0,0,0,Reader_2_7.csv
3196,2,2,0,Reader_2_8.csv
3196,0,0,0,Reader_2_9.csv
3196,21,18,3,reader_3_1.csv
3196,1,1,0,Reader_3_2.csv
3196,0,0,0,Reader_3_3.csv
3196,0,0,0,Reader_3_4.csv
3196,5,5,0,Reader_3_5.csv
3196,0,0,0,Reader_3_6.csv
3196,1,1,0,Reader_3_7.csv
3197,5,5,0,Reader_1_1.csv
3197,1,1,0,Reader_1_10.csv
3197,0,0,0,Reader_1_11.csv
3197,2,1,1,Reader_1_12.csv
3197,0,0,0,Reader_1_2.csv
3197,0,0,0,Reader_1_3.csv
3197,8,5,3,Reader_1_4.csv
3197,2,2,0,Reader_1_5.csv
3197,1,1,0,Reader_1_6.csv
3197,1,1,0,Reader_1_7.csv
3197,0,0,0,Reader_1_8.csv
3197,1,1,0,Reader_1_9.csv
3197,0,0,0,Reader_2_1.csv
3197,0,0,0,Reader_2_10.csv
3197,0,0,0,Reader_2_11.csv
3197,0,0,0,Reader_2_12.csv
3197,1,1,0,Reader_2_2.csv
3197,0,0,0,Reader_2_3.csv
3197,0,0,0,Reader_2_4.csv
3197,0,0,0,Reader_2_5.csv
3197,0,0,0,Reader_2_6.csv
3197,0,0,0,Reader_2_7.csv
3197,2,2,0,Reader_2_8.csv
3197,0,0,0,Reader_2_9.csv
3197,24,20,4,reader_3_1.csv
3197,1,1,0,Reader_3_2.csv
3197,1,0,1,Reader_3_3.csv
3197,1,0,1,Reader_3_4.csv
3197,6,5,1,Reader_3_5.csv
3197,0,0,0,Reader_3_6.csv
3197,1,1,0,Reader_3_7.csv
3198,5,5,0,Reader_1_1.csv
3198,1,1,0,Reader_1_10.csv
3198,0,0,0,Reader_1_11.csv
3198,2,1,1,Reader_1_12.csv
3198,0,0,0,Reader_1_2.csv
3198,0,0,0,Reader_1_3.csv
3198,8,5,3,Reader_1_4.csv
3198,2,2,0,Reader_1_5.csv
3198,0,0,0,Reader_1_6.csv
3198,1,1,0,Reader_1_7.csv
3198,0,0,0,Reader_1_8.csv
3198,1,1,0,Reader_1_9.csv
3198,0,0,0,Reader_2_1.csv
3198,0,0,0,Reader_2_10.csv
3198,0,0,0,Reader_2_11.csv
3198,0,0,0,Reader_2_12.csv
3198,0,0,0,Reader_2_2.csv
3198,0,0,0,Reader_2_3.csv
3198,0,0,0,Reader_2_4.csv
3198,0,0,0,Reader_2_5.csv
3198,0,0,0,Reader_2_6.csv
3198,0,0,0,Reader_2_7.csv
3198,3,3,0,Reader_2_8.csv
3198,0,0,0,Reader_2_9.csv
3198,20,18,2,reader_3_1.csv
3198,1,1,0,Reader_3_2.csv
3198,1,0,1,Reader_3_3.csv
3198,1,0,1,Reader_3_4.csv
3198,7,6,1,Reader_3_5.csv
3198,0,0,0,Reader_3_6.csv
3198,1,1,0,Reader_3_7.csv
3199,5,4,1,Reader_1_1.csv
3199,1,1,0,Reader_1_10.csv
3199,0,0,0,Reader_1_11.csv
3199,2,1,1,Reader_1_12.csv
3199,0,0,0,Reader_1_2.csv
3199,0,0,0,Reader_1_3.csv
3199,7,5,2,Reader_1_4.csv
3199,2,2,0,Reader_1_5.csv
3199,0,0,0,Reader_1_6.csv
3199,1,1,0,Reader_1_7.csv
3199,0,0,0,Reader_1_8.csv
3199,0,0,0,Reader_1_9.csv
3199,0,0,0,Reader_2_1.csv
3199,0,0,0,Reader_2_10.csv
3199,0,0,0,Reader_2_11.csv
3199,0,0,0,Reader_2_12.csv
3199,1,1,0,Reader_2_2.csv
3199,0,0,0,Reader_2_3.csv
3199,0,0,0,Reader_2_4.csv
3199,0,0,0,Reader_2_5.csv
3199,0,0,0,Reader_2_6.csv
3199,0,0,0,Reader_2_7.csv
3199,2,2,0,Reader_2_8.csv
3199,0,0,0,Reader_2_9.csv
3199,19,17,2,reader_3_1.csv
3199,2,2,0,Reader_3_2.csv
3199,1,0,1,Reader_3_3.csv
3199,1,0,1,Reader_3_4.csv
3199,4,3,1,Reader_3_5.csv
3199,0,0,0,Reader_3_6.csv
3199,2,2,0,Reader_3_7.csv
3200,6,5,1,Reader_1_1.csv
3200,1,1,0,Reader_1_10.csv
3200,0,0,0,Reader_1_11.csv
3200,2,1,1,Reader_1_12.csv
3200,0,0,0,Reader_1_2.csv
3200,0,0,0,Reader_1_3.csv
3200,6,3,3,Reader_1_4.csv
3200,2,2,0,Reader_1_5.csv
3200,0,0,0,Reader_1_6.csv
3200,1,1,0,Reader_1_7.csv
3200,0,0,0,Reader_1_8.csv
3200,1,1,0,Reader_1_9.csv
3200,1,1,0,Reader_2_1.csv
3200,0,0,0,Reader_2_10.csv
3200,0,0,0,Reader_2_11.csv
3200,0,0,0,Reader_2_12.csv
3200,2,2,0,Reader_2_2.csv
3200,0,0,0,Reader_2_3.csv
3200,0,0,0,Reader_2_4.csv
3200,0,0,0,Reader_2_5.csv
3200,0,0,0,Reader_2_6.csv
3200,0,0,0,Reader_2_7.csv
3200,2,2,0,Reader_2_8.csv
3200,0,0,0,Reader_2_9.csv
3200,22,18,4,reader_3_1.csv
3200,4,4,0,Reader_3_2.csv
3200,1,0,1,Reader_3_3.csv
3200,1,0,1,Reader_3_4.csv
3200,4,3,1,Reader_3_5.csv
3200,2,1,1,Reader_3_6.csv
3200,2,2,0,Reader_3_7.csv
3201,6,5,1,Reader_1_1.csv
3201,0,0,0,Reader_1_10.csv
3201,0,0,0,Reader_1_11.csv
3201,1,1,0,Reader_1_12.csv
3201,0,0,0,Reader_1_2.csv
3201,0,0,0,Reader_1_3.csv
3201,7,4,3,Reader_1_4.csv
3201,3,2,1,Reader_1_5.csv
3201,0,0,0,Reader_1_6.csv
3201,1,1,0,Reader_1_7.csv
3201,0,0,0,Reader_1_8.csv
3201,1,1,0,Reader_1_9.csv
3201,1,1,0,Reader_2_1.csv
3201,0,0,0,Reader_2_10.csv
3201,0,0,0,Reader_2_11.csv
3201,1,1,0,Reader_2_12.csv
3201,2,2,0,Reader_2_2.csv
3201,0,0,0,Reader_2_3.csv
3201,0,0,0,Reader_2_4.csv
3201,0,0,0,Reader_2_5.csv
3201,0,0,0,Reader_2_6.csv
3201,0,0,0,Reader_2_7.csv
3201,1,1,0,Reader_2_8.csv
3201,0,0,0,Reader_2_9.csv
3201,24,20,4,reader_3_1.csv
3201,5,4,1,Reader_3_2.csv
3201,1,0,1,Reader_3_3.csv
3201,1,0,1,Reader_3_4.csv
3201,4,3,1,Reader_3_5.csv
3201,2,1,1,Reader_3_6.csv
3201,2,2,0,Reader_3_7.csv
3202,6,5,1,Reader_1_1.csv
3202,0,0,0,Reader_1_10.csv
3202,0,0,0,Reader_1_11.csv
3202,1,1,0,Reader_1_12.csv
3202,0,0,0,Reader_1_2.csv
3202,0,0,0,Reader_1_3.csv
3202,6,3,3,Reader_1_4.csv
3202,2,1,1,Reader_1_5.csv
3202,0,0,0,Reader_1_6.csv
3202,0,0,0,Reader_1_7.csv
3202,0,0,0,Reader_1_8.csv
3202,1,1,0,Reader_1_9.csv
3202,1,1,0,Reader_2_1.csv
3202,0,0,0,Reader_2_10.csv
3202,0,0,0,Reader_2_11.csv
3202,1,1,0,Reader_2_12.csv
3202,2,2,0,Reader_2_2.csv
3202,0,0,0,Reader_2_3.csv
3202,0,0,0,Reader_2_4.csv
3202,0,0,0,Reader_2_5.csv
3202,0,0,0,Reader_2_6.csv
3202,0,0,0,Reader_2_7.csv
3202,1,1,0,Reader_2_8.csv
3202,0,0,0,Reader_2_9.csv
3202,23,18,5,reader_3_1.csv
3202,5,4,1,Reader_3_2.csv
3202,1,0,1,Reader_3_3.csv
3202,1,0,1,Reader_3_4.csv
3202,5,4,1,Reader_3_5.csv
3202,2,1,1,Reader_3_6.csv
3202,2,2,0,Reader_3_7.csv
3203,3,2,1,Reader_1_1.csv
3203,0,0,0,Reader_1_10.csv
3203,0,0,0,Reader_1_11.csv
3203,2,2,0,Reader_1_12.csv
3203,0,0,0,Reader_1_2.csv
3203,0,0,0,Reader_1_3.csv
3203,5,2,3,Reader_1_4.csv
3203,2,1,1,Reader_1_5.csv
3203,0,0,0,Reader_1_6.csv
3203,0,0,0,Reader_1_7.csv
3203,0,0,0,Reader_1_8.csv
3203,1,1,0,Reader_1_9.csv
3203,1,1,0,Reader_2_1.csv
3203,0,0,0,Reader_2_10.csv
3203,0,0,0,Reader_2_11.csv
3203,1,1,0,Reader_2_12.csv
3203,2,2,0,Reader_2_2.csv
3203,0,0,0,Reader_2_3.csv
3203,0,0,0,Reader_2_4.csv
3203,0,0,0,Reader_2_5.csv
3203,0,0,0,Reader_2_6.csv
3203,1,1,0,Reader_2_7.csv
3203,1,1,0,Reader_2_8.csv
3203,0,0,0,Reader_2_9.csv
3203,24,17,7,reader_3_1.csv
3203,5,4,1,Reader_3_2.csv
3203,2,1,1,Reader_3_3.csv
3203,2,1,1,Reader_3_4.csv
3203,4,3,1,Reader_3_5.csv
3203,2,1,1,Reader_3_6.csv
3203,3,3,0,Reader_3_7.csv
3204,2,1,1,Reader_1_1.csv
3204,0,0,0,Reader_1_10.csv
3204,0,0,0,Reader_1_11.csv
3204,2,2,0,Reader_1_12.csv
3204,0,0,0,Reader_1_2.csv
3204,0,0,0,Reader_1_3.csv
3204,3,2,1,Reader_1_4.csv
3204,2,1,1,Reader_1_5.csv
3204,0,0,0,Reader_1_6.csv
3204,1,1,0,Reader_1_7.csv
3204,0,0,0,Reader_1_8.csv
3204,1,1,0,Reader_1_9.csv
3204,2,2,0,Reader_2_1.csv
3204,0,0,0,Reader_2_10.csv
3204,0,0,0,Reader_2_11.csv
3204,1,1,0,Reader_2_12.csv
3204,2,2,0,Reader_2_2.csv
3204,0,0,0,Reader_2_3.csv
3204,0,0,0,Reader_2_4.csv
3204,0,0,0,Reader_2_5.csv
3204,0,0,0,Reader_2_6.csv
3204,1,1,0,Reader_2_7.csv
3204,1,1,0,Reader_2_8.csv
3204,0,0,0,Reader_2_9.csv
3204,25,17,8,reader_3_1.csv
3204,5,4,1,Reader_3_2.csv
3204,2,1,1,Reader_3_3.csv
3204,2,1,1,Reader_3_4.csv
3204,4,3,1,Reader_3_5.csv
3204,2,1,1,Reader_3_6.csv
3204,3,3,0,Reader_3_7.csv
3205,2,1,1,Reader_1_1.csv
3205,1,1,0,Reader_1_10.csv
3205,0,0,0,Reader_1_11.csv
3205,1,1,0,Reader_1_12.csv
3205,0,0,0,Reader_1_2.csv
3205,0,0,0,Reader_1_3.csv
3205,2,1,1,Reader_1_4.csv
3205,1,0,1,Reader_1_5.csv
3205,1,1,0,Reader_1_6.csv
3205,1,1,0,Reader_1_7.csv
3205,0,0,0,Reader_1_8.csv
3205,1,1,0,Reader_1_9.csv
3205,2,2,0,Reader_2_1.csv
3205,0,0,0,Reader_2_10.csv
3205,0,0,0,Reader_2_11.csv
3205,1,1,0,Reader_2_12.csv
3205,2,2,0,Reader_2_2.csv
3205,0,0,0,Reader_2_3.csv
3205,0,0,0,Reader_2_4.csv
3205,0,0,0,Reader_2_5.csv
3205,0,0,0,Reader_2_6.csv
3205,1,1,0,Reader_2_7.csv
3205,1,1,0,Reader_2_8.csv
3205,0,0,0,Reader_2_9.csv
3205,28,20,8,reader_3_1.csv
3205,5,4,1,Reader_3_2.csv
3205,1,1,0,Reader_3_3.csv
3205,1,1,0,Reader_3_4.csv
3205,4,4,0,Reader_3_5.csv
3205,2,1,1,Reader_3_6.csv
3205,3,3,0,Reader_3_7.csv
3206,2,1,1,Reader_1_1.csv
3206,1,1,0,Reader_1_10.csv
3206,0,0,0,Reader_1_11.csv
3206,1,1,0,Reader_1_12.csv
3206,0,0,0,Reader_1_2.csv
3206,0,0,0,Reader_1_3.csv
3206,2,1,1,Reader_1_4.csv
3206,1,0,1,Reader_1_5.csv
3206,1,1,0,Reader_1_6.csv
3206,1,1,0,Reader_1_7.csv
3206,0,0,0,Reader_1_8.csv
3206,1,1,0,Reader_1_9.csv
3206,2,2,0,Reader_2_1.csv
3206,0,0,0,Reader_2_10.csv
3206,0,0,0,Reader_2_11.csv
3206,2,1,1,Reader_2_12.csv
3206,2,2,0,Reader_2_2.csv
3206,1,1,0,Reader_2_3.csv
3206,0,0,0,Reader_2_4.csv
3206,0,0,0,Reader_2_5.csv
3206,0,0,0,Reader_2_6.csv
3206,1,1,0,Reader_2_7.csv
3206,0,0,0,Reader_2_8.csv
3206,0,0,0,Reader_2_9.csv
3206,37,26,11,reader_3_1.csv
3206,5,4,1,Reader_3_2.csv
3206,1,1,0,Reader_3_3.csv
3206,1,1,0,Reader_3_4.csv
3206,3,3,0,Reader_3_5.csv
3206,3,1,2,Reader_3_6.csv
3206,3,3,0,Reader_3_7.csv
3207,2,2,0,Reader_1_1.csv
3207,1,1,0,Reader_1_10.csv
3207,0,0,0,Reader_1_11.csv
3207,1,1,0,Reader_1_12.csv
3207,0,0,0,Reader_1_2.csv
3207,0,0,0,Reader_1_3.csv
3207,2,1,1,Reader_1_4.csv
3207,1,0,1,Reader_1_5.csv
3207,1,1,0,Reader_1_6.csv
3207,1,1,0,Reader_1_7.csv
3207,0,0,0,Reader_1_8.csv
3207,1,1,0,Reader_1_9.csv
3207,2,2,0,Reader_2_1.csv
3207,0,0,0,Reader_2_10.csv
3207,0,0,0,Reader_2_11.csv
3207,3,2,1,Reader_2_12.csv
3207,1,1,0,Reader_2_2.csv
3207,1,1,0,Reader_2_3.csv
3207,0,0,0,Reader_2_4.csv
3207,0,0,0,Reader_2_5.csv
3207,0,0,0,Reader_2_6.csv
3207,1,1,0,Reader_2_7.csv
3207,0,0,0,Reader_2_8.csv
3207,0,0,0,Reader_2_9.csv
3207,46,32,14,reader_3_1.csv
3207,6,5,1,Reader_3_2.csv
3207,2,2,0,Reader_3_3.csv
3207,2,2,0,Reader_3_4.csv
3207,3,3,0,Reader_3_5.csv
3207,3,1,2,Reader_3_6.csv
3207,2,2,0,Reader_3_7.csv
3208,1,1,0,Reader_1_1.csv
3208,1,1,0,Reader_1_10.csv
3208,0,0,0,Reader_1_11.csv
3208,1,1,0,Reader_1_12.csv
3208,0,0,0,Reader_1_2.csv
3208,0,0,0,Reader_1_3.csv
3208,3,3,0,Reader_1_4.csv
3208,1,0,1,Reader_1_5.csv
3208,1,1,0,Reader_1_6.csv
3208,1,1,0,Reader_1_7.csv
3208,0,0,0,Reader_1_8.csv
3208,0,0,0,Reader_1_9.csv
3208,2,2,0,Reader_2_1.csv
3208,0,0,0,Reader_2_10.csv
3208,0,0,0,Reader_2_11.csv
3208,3,2,1,Reader_2_12.csv
3208,0,0,0,Reader_2_2.csv
3208,1,1,0,Reader_2_3.csv
3208,0,0,0,Reader_2_4.csv
3208,0,0,0,Reader_2_5.csv
3208,0,0,0,Reader_2_6.csv
3208,1,1,0,Reader_2_7.csv
3208,0,0,0,Reader_2_8.csv
3208,0,0,0,Reader_2_9.csv
3208,47,35,12,reader_3_1.csv
3208,4,3,1,Reader_3_2.csv
3208,2,2,0,Reader_3_3.csv
3208,2,2,0,Reader_3_4.csv
3208,3,3,0,Reader_3_5.csv
3208,1,0,1,Reader_3_6.csv
3208,2,2,0,Reader_3_7.csv
3209,1,1,0,Reader_1_1.csv
3209,1,1,0,Reader_1_10.csv
3209,0,0,0,Reader_1_11.csv
3209,1,1,0,Reader_1_12.csv
3209,1,1,0,Reader_1_2.csv
3209,0,0,0,Reader_1_3.csv
3209,3,3,0,Reader_1_4.csv
3209,0,0,0,Reader_1_5.csv
3209,1,1,0,Reader_1_6.csv
3209,1,1,0,Reader_1_7.csv
3209,0,0,0,Reader_1_8.csv
3209,0,0,0,Reader_1_9.csv
3209,2,2,0,Reader_2_1.csv
3209,0,0,0,Reader_2_10.csv
3209,0,0,0,Reader_2_11.csv
3209,3,2,1,Reader_2_12.csv
3209,0,0,0,Reader_2_2.csv
3209,1,1,0,Reader_2_3.csv
3209,0,0,0,Reader_2_4.csv
3209,0,0,0,Reader_2_5.csv
3209,0,0,0,Reader_2_6.csv
3209,1,1,0,Reader_2_7.csv
3209,1,1,0,Reader_2_8.csv
3209,0,0,0,Reader_2_9.csv
3209,50,36,14,reader_3_1.csv
3209,4,4,0,Reader_3_2.csv
3209,2,2,0,Reader_3_3.csv
3209,2,2,0,Reader_3_4.csv
3209,2,2,0,Reader_3_5.csv
3209,1,0,1,Reader_3_6.csv
3209,1,1,0,Reader_3_7.csv
3210,2,2,0,Reader_1_1.csv
3210,1,1,0,Reader_1_10.csv
3210,0,0,0,Reader_1_11.csv
3210,1,1,0,Reader_1_12.csv
3210,1,1,0,Reader_1_2.csv
3210,0,0,0,Reader_1_3.csv
3210,4,4,0,Reader_1_4.csv
3210,1,1,0,Reader_1_5.csv
3210,2,2,0,Reader_1_6.csv
3210,1,1,0,Reader_1_7.csv
3210,0,0,0,Reader_1_8.csv
3210,0,0,0,Reader_1_9.csv
3210,2,2,0,Reader_2_1.csv
3210,0,0,0,Reader_2_10.csv
3210,0,0,0,Reader_2_11.csv
3210,3,2,1,Reader_2_12.csv
3210,0,0,0,Reader_2_2.csv
3210,1,1,0,Reader_2_3.csv
3210,0,0,0,Reader_2_4.csv
3210,0,0,0,Reader_2_5.csv
3210,0,0,0,Reader_2_6.csv
3210,1,1,0,Reader_2_7.csv
3210,1,1,0,Reader_2_8.csv
3210,0,0,0,Reader_2_9.csv
3210,50,36,14,reader_3_1.csv
3210,7,6,1,Reader_3_2.csv
3210,3,3,0,Reader_3_3.csv
3210,3,3,0,Reader_3_4.csv
3210,2,2,0,Reader_3_5.csv
3210,1,0,1,Reader_3_6.csv
3210,2,2,0,Reader_3_7.csv
3211,2,2,0,Reader_1_1.csv
3211,1,1,0,Reader_1_10.csv
3211,0,0,0,Reader_1_11.csv
3211,0,0,0,Reader_1_12.csv
3211,1,1,0,Reader_1_2.csv
3211,0,0,0,Reader_1_3.csv
3211,4,4,0,Reader_1_4.csv
3211,1,1,0,Reader_1_5.csv
3211,2,2,0,Reader_1_6.csv
3211,1,1,0,Reader_1_7.csv
3211,0,0,0,Reader_1_8.csv
3211,0,0,0,Reader_1_9.csv
3211,2,2,0,Reader_2_1.csv
3211,0,0,0,Reader_2_10.csv
3211,0,0,0,Reader_2_11.csv
3211,3,2,1,Reader_2_12.csv
3211,0,0,0,Reader_2_2.csv
3211,1,1,0,Reader_2_3.csv
3211,0,0,0,Reader_2_4.csv
3211,0,0,0,Reader_2_5.csv
3211,0,0,0,Reader_2_6.csv
3211,0,0,0,Reader_2_7.csv
3211,1,1,0,Reader_2_8.csv
3211,0,0,0,Reader_2_9.csv
3211,50,37,13,reader_3_1.csv
3211,8,7,1,Reader_3_2.csv
3211,2,2,0,Reader_3_3.csv
3211,2,2,0,Reader_3_4.csv
3211,2,2,0,Reader_3_5.csv
3211,1,0,1,Reader_3_6.csv
3211,1,1,0,Reader_3_7.csv
3212,2,2,0,Reader_1_1.csv
3212,1,1,0,Reader_1_10.csv
3212,1,1,0,Reader_1_11.csv
3212,0,0,0,Reader_1_12.csv
3212,1,1,0,Reader_1_2.csv
3212,0,0,0,Reader_1_3.csv
3212,5,4,1,Reader_1_4.csv
3212,1,1,0,Reader_1_5.csv
3212,2,2,0,Reader_1_6.csv
3212,0,0,0,Reader_1_7.csv
3212,0,0,0,Reader_1_8.csv
3212,0,0,0,Reader_1_9.csv
3212,1,1,0,Reader_2_1.csv
3212,0,0,0,Reader_2_10.csv
3212,1,1,0,Reader_2_11.csv
3212,3,2,1,Reader_2_12.csv
3212,0,0,0,Reader_2_2.csv
3212,1,1,0,Reader_2_3.csv
3212,0,0,0,Reader_2_4.csv
3212,0,0,0,Reader_2_5.csv
3212,0,0,0,Reader_2_6.csv
3212,0,0,0,Reader_2_7.csv
3212,1,1,0,Reader_2_8.csv
3212,0,0,0,Reader_2_9.csv
3212,53,41,12,reader_3_1.csv
3212,7,6,1,Reader_3_2.csv
3212,2,2,0,Reader_3_3.csv
3212,2,2,0,Reader_3_4.csv
3212,2,2,0,Reader_3_5.csv
3212,1,0,1,Reader_3_6.csv
3212,1,1,0,Reader_3_7.csv
3213,2,2,0,Reader_1_1.csv
3213,0,0,0,Reader_1_10.csv
3213,1,1,0,Reader_1_11.csv
3213,0,0,0,Reader_1_12.csv
3213,1,1,0,Reader_1_2.csv
3213,1,1,0,Reader_1_3.csv
3213,6,5,1,Reader_1_4.csv
3213,1,1,0,Reader_1_5.csv
3213,1,1,0,Reader_1_6.csv
3213,0,0,0,Reader_1_7.csv
3213,0,0,0,Reader_1_8.csv
3213,0,0,0,Reader_1_9.csv
3213,1,1,0,Reader_2_1.csv
3213,0,0,0,Reader_2_10.csv
3213,1,1,0,Reader_2_11.csv
3213,3,2,1,Reader_2_12.csv
3213,0,0,0,Reader_2_2.csv
3213,1,1,0,Reader_2_3.csv
3213,0,0,0,Reader_2_4.csv
3213,0,0,0,Reader_2_5.csv
3213,1,1,0,Reader_2_6.csv
3213,0,0,0,Reader_2_7.csv
3213,1,1,0,Reader_2_8.csv
3213,0,0,0,Reader_2_9.csv
3213,49,38,11,reader_3_1.csv
3213,10,9,1,Reader_3_2.csv
3213,2,2,0,Reader_3_3.csv
3213,2,2,0,Reader_3_4.csv
3213,1,1,0,Reader_3_5.csv
3213,1,0,1,Reader_3_6.csv
3213,2,2,0,Reader_3_7.csv
3214,2,2,0,Reader_1_1.csv
3214,0,0,0,Reader_1_10.csv
3214,1,1,0,Reader_1_11.csv
3214,0,0,0,Reader_1_12.csv
3214,1,1,0,Reader_1_2.csv
3214,2,2,0,Reader_1_3.csv
3214,6,5,1,Reader_1_4.csv
3214,1,1,0,Reader_1_5.csv
3214,1,1,0,Reader_1_6.csv
3214,0,0,0,Reader_1_7.csv
3214,0,0,0,Reader_1_8.csv
3214,0,0,0,Reader_1_9.csv
3214,1,1,0,Reader_2_1.csv
3214,0,0,0,Reader_2_10.csv
3214,1,1,0,Reader_2_11.csv
3214,2,2,0,Reader_2_12.csv
3214,0,0,0,Reader_2_2.csv
3214,0,0,0,Reader_2_3.csv
3214,0,0,0,Reader_2_4.csv
3214,0,0,0,Reader_2_5.csv
3214,1,1,0,Reader_2_6.csv
3214,0,0,0,Reader_2_7.csv
3214,1,1,0,Reader_2_8.csv
3214,0,0,0,Reader_2_9.csv
3214,48,37,11,reader_3_1.csv
3214,11,10,1,Reader_3_2.csv
3214,2,2,0,Reader_3_3.csv
3214,2,2,0,Reader_3_4.csv
3214,1,1,0,Reader_3_5.csv
3214,1,1,0,Reader_3_6.csv
3214,2,2,0,Reader_3_7.csv
3215,1,1,0,Reader_1_1.csv
3215,0,0,0,Reader_1_10.csv
3215,1,1,0,Reader_1_11.csv
3215,0,0,0,Reader_1_12.csv
3215,1,1,0,Reader_1_2.csv
3215,3,3,0,Reader_1_3.csv
3215,6,5,1,Reader_1_4.csv
3215,1,1,0,Reader_1_5.csv
3215,1,1,0,Reader_1_6.csv
3215,0,0,0,Reader_1_7.csv
3215,0,0,0,Reader_1_8.csv
3215,0,0,0,Reader_1_9.csv
3215,1,1,0,Reader_2_1.csv
3215,0,0,0,Reader_2_10.csv
3215,1,1,0,Reader_2_11.csv
3215,2,2,0,Reader_2_12.csv
3215,0,0,0,Reader_2_2.csv
3215,0,0,0,Reader_2_3.csv
3215,1,1,0,Reader_2_4.csv
3215,0,0,0,Reader_2_5.csv
3215,1,1,0,Reader_2_6.csv
3215,0,0,0,Reader_2_7.csv
3215,1,1,0,Reader_2_8.csv
3215,0,0,0,Reader_2_9.csv
3215,41,32,9,reader_3_1.csv
3215,10,9,1,Reader_3_2.csv
3215,1,1,0,Reader_3_3.csv
3215,1,1,0,Reader_3_4.csv
3215,2,2,0,Reader_3_5.csv
3215,1,1,0,Reader_3_6.csv
3215,2,2,0,Reader_3_7.csv
3216,1,1,0,Reader_1_1.csv
3216,0,0,0,Reader_1_10.csv
3216,1,1,0,Reader_1_11.csv
3216,0,0,0,Reader_1_12.csv
3216,1,1,0,Reader_1_2.csv
3216,3,3,0,Reader_1_3.csv
3216,4,3,1,Reader_1_4.csv
3216,1,1,0,Reader_1_5.csv
3216,1,1,0,Reader_1_6.csv
3216,0,0,0,Reader_1_7.csv
3216,0,0,0,Reader_1_8.csv
3216,0,0,0,Reader_1_9.csv
3216,1,0,1,Reader_2_1.csv
3216,0,0,0,Reader_2_10.csv
3216,1,1,0,Reader_2_11.csv
3216,2,2,0,Reader_2_12.csv
3216,0,0,0,Reader_2_2.csv
3216,0,0,0,Reader_2_3.csv
3216,1,1,0,Reader_2_4.csv
3216,0,0,0,Reader_2_5.csv
3216,1,1,0,Reader_2_6.csv
3216,0,0,0,Reader_2_7.csv
3216,1,1,0,Reader_2_8.csv
3216,0,0,0,Reader_2_9.csv
3216,41,31,10,reader_3_1.csv
3216,10,9,1,Reader_3_2.csv
3216,1,1,0,Reader_3_3.csv
3216,1,1,0,Reader_3_4.csv
3216,2,2,0,Reader_3_5.csv
3216,1,1,0,Reader_3_6.csv
3216,2,2,0,Reader_3_7.csv
3217,2,2,0,Reader_1_1.csv
3217,0,0,0,Reader_1_10.csv
3217,1,1,0,Reader_1_11.csv
3217,0,0,0,Reader_1_12.csv
3217,0,0,0,Reader_1_2.csv
3217,3,3,0,Reader_1_3.csv
3217,3,2,1,Reader_1_4.csv
3217,1,1,0,Reader_1_5.csv
3217,1,1,0,Reader_1_6.csv
3217,0,0,0,Reader_1_7.csv
3217,0,0,0,Reader_1_8.csv
3217,0,0,0,Reader_1_9.csv
3217,1,0,1,Reader_2_1.csv
3217,0,0,0,Reader_2_10.csv
3217,1,1,0,Reader_2_11.csv
3217,2,2,0,Reader_2_12.csv
3217,0,0,0,Reader_2_2.csv
3217,0,0,0,Reader_2_3.csv
3217,1,1,0,Reader_2_4.csv
3217,1,1,0,Reader_2_5.csv
3217,1,1,0,Reader_2_6.csv
3217,0,0,0,Reader_2_7.csv
3217,0,0,0,Reader_2_8.csv
3217,0,0,0,Reader_2_9.csv
3217,37,27,10,reader_3_1.csv
3217,11,10,1,Reader_3_2.csv
3217,1,1,0,Reader_3_3.csv
3217,1,1,0,Reader_3_4.csv
3217,2,2,0,Reader_3_5.csv
3217,1,1,0,Reader_3_6.csv
3217,2,2,0,Reader_3_7.csv
3218,1,1,0,Reader_1_1.csv
3218,0,0,0,Reader_1_10.csv
3218,1,1,0,Reader_1_11.csv
3218,0,0,0,Reader_1_12.csv
3218,0,0,0,Reader_1_2.csv
3218,3,3,0,Reader_1_3.csv
3218,3,1,2,Reader_1_4.csv
3218,1,1,0,Reader_1_5.csv
3218,0,0,0,Reader_1_6.csv
3218,0,0,0,Reader_1_7.csv
3218,0,0,0,Reader_1_8.csv
3218,0,0,0,Reader_1_9.csv
3218,2,1,1,Reader_2_1.csv
3218,0,0,0,Reader_2_10.csv
3218,1,1,0,Reader_2_11.csv
3218,2,2,0,Reader_2_12.csv
3218,0,0,0,Reader_2_2.csv
3218,0,0,0,Reader_2_3.csv
3218,1,1,0,Reader_2_4.csv
3218,1,1,0,Reader_2_5.csv
3218,1,1,0,Reader_2_6.csv
3218,0,0,0,Reader_2_7.csv
3218,1,0,1,Reader_2_8.csv
3218,0,0,0,Reader_2_9.csv
3218,39,27,12,reader_3_1.csv
3218,8,8,0,Reader_3_2.csv
3218,0,0,0,Reader_3_3.csv
3218,0,0,0,Reader_3_4.csv
3218,1,1,0,Reader_3_5.csv
3218,1,1,0,Reader_3_6.csv
3218,1,1,0,Reader_3_7.csv
3219,1,1,0,Reader_1_1.csv
3219,0,0,0,Reader_1_10.csv
3219,1,1,0,Reader_1_11.csv
3219,0,0,0,Reader_1_12.csv
3219,0,0,0,Reader_1_2.csv
3219,3,3,0,Reader_1_3.csv
3219,5,3,2,Reader_1_4.csv
3219,1,1,0,Reader_1_5.csv
3219,0,0,0,Reader_1_6.csv
3219,0,0,0,Reader_1_7.csv
3219,0,0,0,Reader_1_8.csv
3219,0,0,0,Reader_1_9.csv
3219,2,1,1,Reader_2_1.csv
3219,1,1,0,Reader_2_10.csv
3219,0,0,0,Reader_2_11.csv
3219,2,2,0,Reader_2_12.csv
3219,0,0,0,Reader_2_2.csv
3219,0,0,0,Reader_2_3.csv
3219,1,1,0,Reader_2_4.csv
3219,1,1,0,Reader_2_5.csv
3219,1,1,0,Reader_2_6.csv
3219,0,0,0,Reader_2_7.csv
3219,1,0,1,Reader_2_8.csv
3219,0,0,0,Reader_2_9.csv
3219,36,25,11,reader_3_1.csv
3219,8,8,0,Reader_3_2.csv
3219,0,0,0,Reader_3_3.csv
3219,0,0,0,Reader_3_4.csv
3219,3,2,1,Reader_3_5.csv
3219,1,1,0,Reader_3_6.csv
3219,1,1,0,Reader_3_7.csv
3220,1,1,0,Reader_1_1.csv
3220,0,0,0,Reader_1_10.csv
3220,0,0,0,Reader_1_11.csv
3220,0,0,0,Reader_1_12.csv
3220,1,1,0,Reader_1_2.csv
3220,3,3,0,Reader_1_3.csv
3220,5,4,1,Reader_1_4.csv
3220,1,1,0,Reader_1_5.csv
3220,0,0,0,Reader_1_6.csv
3220,0,0,0,Reader_1_7.csv
3220,0,0,0,Reader_1_8.csv
3220,0,0,0,Reader_1_9.csv
3220,2,1,1,Reader_2_1.csv
3220,1,1,0,Reader_2_10.csv
3220,0,0,0,Reader_2_11.csv
3220,2,2,0,Reader_2_12.csv
3220,0,0,0,Reader_2_2.csv
3220,0,0,0,Reader_2_3.csv
3220,1,1,0,Reader_2_4.csv
3220,1,1,0,Reader_2_5.csv
3220,1,1,0,Reader_2_6.csv
3220,0,0,0,Reader_2_7.csv
3220,2,1,1,Reader_2_8.csv
3220,0,0,0,Reader_2_9.csv
3220,30,20,10,reader_3_1.csv
3220,10,10,0,Reader_3_2.csv
3220,0,0,0,Reader_3_3.csv
3220,0,0,0,Reader_3_4.csv
3220,4,3,1,Reader_3_5.csv
3220,1,1,0,Reader_3_6.csv
3220,1,1,0,Reader_3_7.csv
3221,1,1,0,Reader_1_1.csv
3221,0,0,0,Reader_1_10.csv
3221,0,0,0,Reader_1_11.csv
3221,0,0,0,Reader_1_12.csv
3221,1,1,0,Reader_1_2.csv
3221,2,2,0,Reader_1_3.csv
3221,4,3,1,Reader_1_4.csv
3221,1,1,0,Reader_1_5.csv
3221,0,0,0,Reader_1_6.csv
3221,0,0,0,Reader_1_7.csv
3221,0,0,0,Reader_1_8.csv
3221,0,0,0,Reader_1_9.csv
3221,3,2,1,Reader_2_1.csv
3221,1,1,0,Reader_2_10.csv
3221,0,0,0,Reader_2_11.csv
3221,2,2,0,Reader_2_12.csv
3221,0,0,0,Reader_2_2.csv
3221,0,0,0,Reader_2_3.csv
3221,1,1,0,Reader_2_4.csv
3221,1,1,0,Reader_2_5.csv
3221,0,0,0,Reader_2_6.csv
3221,0,0,0,Reader_2_7.csv
3221,2,1,1,Reader_2_8.csv
3221,0,0,0,Reader_2_9.csv
3221,31,21,10,reader_3_1.csv
3221,9,9,0,Reader_3_2.csv
3221,1,1,0,Reader_3_3.csv
3221,1,1,0,Reader_3_4.csv
3221,5,4,1,Reader_3_5.csv
3221,1,1,0,Reader_3_6.csv
3221,0,0,0,Reader_3_7.csv
3222,2,2,0,Reader_1_1.csv
3222,0,0,0,Reader_1_10.csv
3222,0,0,0,Reader_1_11.csv
3222,0,0,0,Reader_1_12.csv
3222,1,1,0,Reader_1_2.csv
3222,1,1,0,Reader_1_3.csv
3222,4,3,1,Reader_1_4.csv
3222,1,1,0,Reader_1_5.csv
3222,0,0,0,Reader_1_6.csv
3222,0,0,0,Reader_1_7.csv
3222,0,0,0,Reader_1_8.csv
3222,0,0,0,Reader_1_9.csv
3222,3,2,1,Reader_2_1.csv
3222,1,1,0,Reader_2_10.csv
3222,0,0,0,Reader_2_11.csv
3222,2,2,0,Reader_2_12.csv
3222,0,0,0,Reader_2_2.csv
3222,0,0,0,Reader_2_3.csv
3222,1,1,0,Reader_2_4.csv
3222,1,1,0,Reader_2_5.csv
3222,0,0,0,Reader_2_6.csv
3222,0,0,0,Reader_2_7.csv
3222,2,1,1,Reader_2_8.csv
3222,0,0,0,Reader_2_9.csv
3222,26,18,8,reader_3_1.csv
3222,9,9,0,Reader_3_2.csv
3222,1,1,0,Reader_3_3.csv
3222,1,1,0,Reader_3_4.csv
3222,5,4,1,Reader_3_5.csv
3222,0,0,0,Reader_3_6.csv
3222,0,0,0,Reader_3_7.csv
3223,3,3,0,Reader_1_1.csv
3223,0,0,0,Reader_1_10.csv
3223,0,0,0,Reader_1_11.csv
3223,0,0,0,Reader_1_12.csv
3223,1,1,0,Reader_1_2.csv
3223,1,1,0,Reader_1_3.csv
3223,4,3,1,Reader_1_4.csv
3223,1,1,0,Reader_1_5.csv
3223,0,0,0,Reader_1_6.csv
3223,0,0,0,Reader_1_7.csv
3223,0,0,0,Reader_1_8.csv
3223,0,0,0,Reader_1_9.csv
3223,3,2,1,Reader_2_1.csv
3223,1,1,0,Reader_2_10.csv
3223,0,0,0,Reader_2_11.csv
3223,1,1,0,Reader_2_12.csv
3223,0,0,0,Reader_2_2.csv
3223,0,0,0,Reader_2_3.csv
3223,0,0,0,Reader_2_4.csv
3223,1,1,0,Reader_2_5.csv
3223,0,0,0,Reader_2_6.csv
3223,0,0,0,Reader_2_7.csv
3223,3,2,1,Reader_2_8.csv
3223,0,0,0,Reader_2_9.csv
3223,26,18,8,reader_3_1.csv
3223,10,9,1,Reader_3_2.csv
3223,3,2,1,Reader_3_3.csv
3223,3,2,1,Reader_3_4.csv
3223,6,4,2,Reader_3_5.csv
3223,0,0,0,Reader_3_6.csv
3223,0,0,0,Reader_3_7.csv
3224,4,4,0,Reader_1_1.csv
3224,0,0,0,Reader_1_10.csv
3224,0,0,0,Reader_1_11.csv
3224,0,0,0,Reader_1_12.csv
3224,2,2,0,Reader_1_2.csv
3224,1,1,0,Reader_1_3.csv
3224,4,3,1,Reader_1_4.csv
3224,1,1,0,Reader_1_5.csv
3224,0,0,0,Reader_1_6.csv
3224,0,0,0,Reader_1_7.csv
3224,0,0,0,Reader_1_8.csv
3224,0,0,0,Reader_1_9.csv
3224,2,2,0,Reader_2_1.csv
3224,1,1,0,Reader_2_10.csv
3224,0,0,0,Reader_2_11.csv
3224,2,2,0,Reader_2_12.csv
3224,0,0,0,Reader_2_2.csv
3224,0,0,0,Reader_2_3.csv
3224,0,0,0,Reader_2_4.csv
3224,1,1,0,Reader_2_5.csv
3224,0,0,0,Reader_2_6.csv
3224,0,0,0,Reader_2_7.csv
3224,3,2,1,Reader_2_8.csv
3224,0,0,0,Reader_2_9.csv
3224,25,18,7,reader_3_1.csv
3224,13,12,1,Reader_3_2.csv
3224,3,2,1,Reader_3_3.csv
3224,3,2,1,Reader_3_4.csv
3224,7,4,3,Reader_3_5.csv
3224,0,0,0,Reader_3_6.csv
3224,0,0,0,Reader_3_7.csv
3225,3,3,0,Reader_1_1.csv
3225,0,0,0,Reader_1_10.csv
3225,0,0,0,Reader_1_11.csv
3225,0,0,0,Reader_1_12.csv
3225,2,2,0,Reader_1_2.csv
3225,1,1,0,Reader_1_3.csv
3225,4,3,1,Reader_1_4.csv
3225,1,1,0,Reader_1_5.csv
3225,0,0,0,Reader_1_6.csv
3225,0,0,0,Reader_1_7.csv
3225,0,0,0,Reader_1_8.csv
3225,0,0,0,Reader_1_9.csv
3225,2,2,0,Reader_2_1.csv
3225,1,1,0,Reader_2_10.csv
3225,0,0,0,Reader_2_11.csv
3225,1,1,0,Reader_2_12.csv
3225,0,0,0,Reader_2_2.csv
3225,0,0,0,Reader_2_3.csv
3225,0,0,0,Reader_2_4.csv
3225,0,0,0,Reader_2_5.csv
3225,0,0,0,Reader_2_6.csv
3225,0,0,0,Reader_2_7.csv
3225,3,2,1,Reader_2_8.csv
3225,0,0,0,Reader_2_9.csv
3225,24,18,6,reader_3_1.csv
3225,12,11,1,Reader_3_2.csv
3225,3,2,1,Reader_3_3.csv
3225,3,2,1,Reader_3_4.csv
3225,9,6,3,Reader_3_5.csv
3225,0,0,0,Reader_3_6.csv
3225,0,0,0,Reader_3_7.csv
3226,3,3,0,Reader_1_1.csv
3226,0,0,0,Reader_1_10.csv
3226,0,0,0,Reader_1_11.csv
3226,0,0,0,Reader_1_12.csv
3226,2,2,0,Reader_1_2.csv
3226,1,1,0,Reader_1_3.csv
3226,5,4,1,Reader_1_4.csv
3226,0,0,0,Reader_1_5.csv
3226,0,0,0,Reader_1_6.csv
3226,0,0,0,Reader_1_7.csv
3226,0,0,0,Reader_1_8.csv
3226,0,0,0,Reader_1_9.csv
3226,2,2,0,Reader_2_1.csv
3226,1,1,0,Reader_2_10.csv
3226,0,0,0,Reader_2_11.csv
3226,1,1,0,Reader_2_12.csv
3226,0,0,0,Reader_2_2.csv
3226,1,0,1,Reader_2_3.csv
3226,0,0,0,Reader_2_4.csv
3226,0,0,0,Reader_2_5.csv
3226,0,0,0,Reader_2_6.csv
3226,0,0,0,Reader_2_7.csv
3226,2,2,0,Reader_2_8.csv
3226,0,0,0,Reader_2_9.csv
3226,22,19,3,reader_3_1.csv
3226,12,11,1,Reader_3_2.csv
3226,3,2,1,Reader_3_3.csv
3226,3,2,1,Reader_3_4.csv
3226,10,7,3,Reader_3_5.csv
3226,0,0,0,Reader_3_6.csv
3226,0,0,0,Reader_3_7.csv
3227,3,3,0,Reader_1_1.csv
3227,0,0,0,Reader_1_10.csv
3227,1,0,1,Reader_1_11.csv
3227,0,0,0,Reader_1_12.csv
3227,2,2,0,Reader_1_2.csv
3227,1,1,0,Reader_1_3.csv
3227,3,2,1,Reader_1_4.csv
3227,0,0,0,Reader_1_5.csv
3227,1,1,0,Reader_1_6.csv
3227,0,0,0,Reader_1_7.csv
3227,0,0,0,Reader_1_8.csv
3227,0,0,0,Reader_1_9.csv
3227,3,3,0,Reader_2_1.csv
3227,0,0,0,Reader_2_10.csv
3227,0,0,0,Reader_2_11.csv
3227,1,1,0,Reader_2_12.csv
3227,0,0,0,Reader_2_2.csv
3227,1,0,1,Reader_2_3.csv
3227,0,0,0,Reader_2_4.csv
3227,0,0,0,Reader_2_5.csv
3227,0,0,0,Reader_2_6.csv
3227,0,0,0,Reader_2_7.csv
3227,2,2,0,Reader_2_8.csv
3227,0,0,0,Reader_2_9.csv
3227,22,19,3,reader_3_1.csv
3227,13,12,1,Reader_3_2.csv
3227,3,2,1,Reader_3_3.csv
3227,3,2,1,Reader_3_4.csv
3227,9,7,2,Reader_3_5.csv
3227,0,0,0,Reader_3_6.csv
3227,0,0,0,Reader_3_7.csv
3228,3,3,0,Reader_1_1.csv
3228,0,0,0,Reader_1_10.csv
3228,3,2,1,Reader_1_11.csv
3228,0,0,0,Reader_1_12.csv
3228,1,1,0,Reader_1_2.csv
3228,1,1,0,Reader_1_3.csv
3228,4,2,2,Reader_1_4.csv
3228,0,0,0,Reader_1_5.csv
3228,1,1,0,Reader_1_6.csv
3228,0,0,0,Reader_1_7.csv
3228,0,0,0,Reader_1_8.csv
3228,0,0,0,Reader_1_9.csv
3228,3,3,0,Reader_2_1.csv
3228,1,0,1,Reader_2_10.csv
3228,0,0,0,Reader_2_11.csv
3228,2,2,0,Reader_2_12.csv
3228,0,0,0,Reader_2_2.csv
3228,1,0,1,Reader_2_3.csv
3228,0,0,0,Reader_2_4.csv
3228,0,0,0,Reader_2_5.csv
3228,1,0,1,Reader_2_6.csv
3228,0,0,0,Reader_2_7.csv
3228,1,1,0,Reader_2_8.csv
3228,0,0,0,Reader_2_9.csv
3228,20,17,3,reader_3_1.csv
3228,12,11,1,Reader_3_2.csv
3228,3,2,1,Reader_3_3.csv
3228,3,2,1,Reader_3_4.csv
3228,9,7,2,Reader_3_5.csv
3228,0,0,0,Reader_3_6.csv
3228,0,0,0,Reader_3_7.csv
3229,4,4,0,Reader_1_1.csv
3229,0,0,0,Reader_1_10.csv
3229,3,2,1,Reader_1_11.csv
3229,0,0,0,Reader_1_12.csv
3229,2,2,0,Reader_1_2.csv
3229,1,1,0,Reader_1_3.csv
3229,4,2,2,Reader_1_4.csv
3229,0,0,0,Reader_1_5.csv
3229,1,1,0,Reader_1_6.csv
3229,0,0,0,Reader_1_7.csv
3229,0,0,0,Reader_1_8.csv
3229,0,0,0,Reader_1_9.csv
3229,2,2,0,Reader_2_1.csv
3229,1,0,1,Reader_2_10.csv
3229,0,0,0,Reader_2_11.csv
3229,2,2,0,Reader_2_12.csv
3229,0,0,0,Reader_2_2.csv
3229,1,0,1,Reader_2_3.csv
3229,0,0,0,Reader_2_4.csv
3229,0,0,0,Reader_2_5.csv
3229,1,0,1,Reader_2_6.csv
3229,0,0,0,Reader_2_7.csv
3229,2,2,0,Reader_2_8.csv
3229,0,0,0,Reader_2_9.csv
3229,18,15,3,reader_3_1.csv
3229,11,10,1,Reader_3_2.csv
3229,3,2,1,Reader_3_3.csv
3229,3,2,1,Reader_3_4.csv
3229,9,7,2,Reader_3_5.csv
3229,0,0,0,Reader_3_6.csv
3229,0,0,0,Reader_3_7.csv
3230,3,3,0,Reader_1_1.csv
3230,0,0,0,Reader_1_10.csv
3230,3,2,1,Reader_1_11.csv
3230,0,0,0,Reader_1_12.csv
3230,2,2,0,Reader_1_2.csv
3230,1,1,0,Reader_1_3.csv
3230,4,2,2,Reader_1_4.csv
3230,0,0,0,Reader_1_5.csv
3230,2,2,0,Reader_1_6.csv
3230,0,0,0,Reader_1_7.csv
3230,0,0,0,Reader_1_8.csv
3230,0,0,0,Reader_1_9.csv
3230,2,2,0,Reader_2_1.csv
3230,1,0,1,Reader_2_10.csv
3230,0,0,0,Reader_2_11.csv
3230,2,2,0,Reader_2_12.csv
3230,0,0,0,Reader_2_2.csv
3230,1,0,1,Reader_2_3.csv
3230,0,0,0,Reader_2_4.csv
3230,0,0,0,Reader_2_5.csv
3230,1,0,1,Reader_2_6.csv
3230,0,0,0,Reader_2_7.csv
3230,2,2,0,Reader_2_8.csv
3230,0,0,0,Reader_2_9.csv
3230,15,13,2,reader_3_1.csv
3230,10,9,1,Reader_3_2.csv
3230,3,2,1,Reader_3_3.csv
3230,3,2,1,Reader_3_4.csv
3230,10,8,2,Reader_3_5.csv
3230,0,0,0,Reader_3_6.csv
3230,1,1,0,Reader_3_7.csv
3231,2,2,0,Reader_1_1.csv
3231,0,0,0,Reader_1_10.csv
3231,3,2,1,Reader_1_11.csv
3231,0,0,0,Reader_1_12.csv
3231,2,2,0,Reader_1_2.csv
3231,0,0,0,Reader_1_3.csv
3231,4,2,2,Reader_1_4.csv
3231,0,0,0,Reader_1_5.csv
3231,2,2,0,Reader_1_6.csv
3231,0,0,0,Reader_1_7.csv
3231,0,0,0,Reader_1_8.csv
3231,0,0,0,Reader_1_9.csv
3231,2,2,0,Reader_2_1.csv
3231,1,0,1,Reader_2_10.csv
3231,0,0,0,Reader_2_11.csv
3231,2,2,0,Reader_2_12.csv
3231,0,0,0,Reader_2_2.csv
3231,1,0,1,Reader_2_3.csv
3231,0,0,0,Reader_2_4.csv
3231,0,0,0,Reader_2_5.csv
3231,1,0,1,Reader_2_6.csv
3231,0,0,0,Reader_2_7.csv
3231,1,1,0,Reader_2_8.csv
3231,0,0,0,Reader_2_9.csv
3231,12,11,1,reader_3_1.csv
3231,8,8,0,Reader_3_2.csv
3231,2,2,0,Reader_3_3.csv
3231,2,2,0,Reader_3_4.csv
3231,9,8,1,Reader_3_5.csv
3231,0,0,0,Reader_3_6.csv
3231,1,1,0,Reader_3_7.csv
3232,1,1,0,Reader_1_1.csv
3232,0,0,0,Reader_1_10.csv
3232,3,2,1,Reader_1_11.csv
3232,0,0,0,Reader_1_12.csv
3232,1,1,0,Reader_1_2.csv
3232,1,1,0,Reader_1_3.csv
3232,4,2,2,Reader_1_4.csv
3232,0,0,0,Reader_1_5.csv
3232,2,2,0,Reader_1_6.csv
3232,0,0,0,Reader_1_7.csv
3232,0,0,0,Reader_1_8.csv
3232,0,0,0,Reader_1_9.csv
3232,3,3,0,Reader_2_1.csv
3232,1,0,1,Reader_2_10.csv
3232,0,0,0,Reader_2_11.csv
3232,2,1,1,Reader_2_12.csv
3232,0,0,0,Reader_2_2.csv
3232,1,0,1,Reader_2_3.csv
3232,0,0,0,Reader_2_4.csv
3232,0,0,0,Reader_2_5.csv
3232,1,0,1,Reader_2_6.csv
3232,0,0,0,Reader_2_7.csv
3232,1,1,0,Reader_2_8.csv
3232,0,0,0,Reader_2_9.csv
3232,9,8,1,reader_3_1.csv
3232,6,6,0,Reader_3_2.csv
3232,2,2,0,Reader_3_3.csv
3232,2,2,0,Reader_3_4.csv
3232,9,9,0,Reader_3_5.csv
3232,1,1,0,Reader_3_6.csv
3232,1,1,0,Reader_3_7.csv
3233,2,2,0,Reader_1_1.csv
3233,0,0,0,Reader_1_10.csv
3233,4,2,2,Reader_1_11.csv
3233,0,0,0,Reader_1_12.csv
3233,2,1,1,Reader_1_2.csv
3233,1,1,0,Reader_1_3.csv
3233,4,2,2,Reader_1_4.csv
3233,1,1,0,Reader_1_5.csv
3233,3,3,0,Reader_1_6.csv
3233,0,0,0,Reader_1_7.csv
3233,0,0,0,Reader_1_8.csv
3233,0,0,0,Reader_1_9.csv
3233,3,3,0,Reader_2_1.csv
3233,1,0,1,Reader_2_10.csv
3233,0,0,0,Reader_2_11.csv
3233,3,2,1,Reader_2_12.csv
3233,0,0,0,Reader_2_2.csv
3233,1,0,1,Reader_2_3.csv
3233,0,0,0,Reader_2_4.csv
3233,0,0,0,Reader_2_5.csv
3233,1,0,1,Reader_2_6.csv
3233,0,0,0,Reader_2_7.csv
3233,2,1,1,Reader_2_8.csv
3233,0,0,0,Reader_2_9.csv
3233,7,7,0,reader_3_1.csv
3233,5,5,0,Reader_3_2.csv
3233,3,3,0,Reader_3_3.csv
3233,3,3,0,Reader_3_4.csv
3233,8,8,0,Reader_3_5.csv
3233,1,1,0,Reader_3_6.csv
3233,1,1,0,Reader_3_7.csv
3234,2,2,0,Reader_1_1.csv
3234,0,0,0,Reader_1_10.csv
3234,8,5,3,Reader_1_11.csv
3234,0,0,0,Reader_1_12.csv
3234,2,1,1,Reader_1_2.csv
3234,1,1,0,Reader_1_3.csv
3234,2,1,1,Reader_1_4.csv
3234,1,1,0,Reader_1_5.csv
3234,3,3,0,Reader_1_6.csv
3234,0,0,0,Reader_1_7.csv
3234,0,0,0,Reader_1_8.csv
3234,0,0,0,Reader_1_9.csv
3234,2,2,0,Reader_2_1.csv
3234,1,0,1,Reader_2_10.csv
3234,0,0,0,Reader_2_11.csv
3234,3,2,1,Reader_2_12.csv
3234,0,0,0,Reader_2_2.csv
3234,0,0,0,Reader_2_3.csv
3234,0,0,0,Reader_2_4.csv
3234,0,0,0,Reader_2_5.csv
3234,1,0,1,Reader_2_6.csv
3234,0,0,0,Reader_2_7.csv
3234,2,1,1,Reader_2_8.csv
3234,0,0,0,Reader_2_9.csv
3234,5,5,0,reader_3_1.csv
3234,5,5,0,Reader_3_2.csv
3234,3,3,0,Reader_3_3.csv
3234,3,3,0,Reader_3_4.csv
3234,9,9,0,Reader_3_5.csv
3234,1,1,0,Reader_3_6.csv
3234,2,2,0,Reader_3_7.csv
3235,3,3,0,Reader_1_1.csv
3235,0,0,0,Reader_1_10.csv
3235,7,5,2,Reader_1_11.csv
3235,0,0,0,Reader_1_12.csv
3235,3,2,1,Reader_1_2.csv
3235,1,1,0,Reader_1_3.csv
3235,2,1,1,Reader_1_4.csv
3235,1,1,0,Reader_1_5.csv
3235,2,2,0,Reader_1_6.csv
3235,0,0,0,Reader_1_7.csv
3235,0,0,0,Reader_1_8.csv
3235,0,0,0,Reader_1_9.csv
3235,4,4,0,Reader_2_1.csv
3235,1,0,1,Reader_2_10.csv
3235,0,0,0,Reader_2_11.csv
3235,3,2,1,Reader_2_12.csv
3235,0,0,0,Reader_2_2.csv
3235,0,0,0,Reader_2_3.csv
3235,0,0,0,Reader_2_4.csv
3235,0,0,0,Reader_2_5.csv
3235,1,0,1,Reader_2_6.csv
3235,0,0,0,Reader_2_7.csv
3235,2,1,1,Reader_2_8.csv
3235,0,0,0,Reader_2_9.csv
3235,5,5,0,reader_3_1.csv
3235,5,4,1,Reader_3_2.csv
3235,3,3,0,Reader_3_3.csv
3235,3,3,0,Reader_3_4.csv
3235,9,9,0,Reader_3_5.csv
3235,1,1,0,Reader_3_6.csv
3235,2,2,0,Reader_3_7.csv
3236,3,3,0,Reader_1_1.csv
3236,0,0,0,Reader_1_10.csv
3236,5,3,2,Reader_1_11.csv
3236,0,0,0,Reader_1_12.csv
3236,4,2,2,Reader_1_2.csv
3236,1,1,0,Reader_1_3.csv
3236,1,1,0,Reader_1_4.csv
3236,1,1,0,Reader_1_5.csv
3236,2,2,0,Reader_1_6.csv
3236,0,0,0,Reader_1_7.csv
3236,0,0,0,Reader_1_8.csv
3236,0,0,0,Reader_1_9.csv
3236,4,4,0,Reader_2_1.csv
3236,0,0,0,Reader_2_10.csv
3236,0,0,0,Reader_2_11.csv
3236,2,1,1,Reader_2_12.csv
3236,0,0,0,Reader_2_2.csv
3236,0,0,0,Reader_2_3.csv
3236,0,0,0,Reader_2_4.csv
3236,0,0,0,Reader_2_5.csv
3236,0,0,0,Reader_2_6.csv
3236,1,1,0,Reader_2_7.csv
3236,2,1,1,Reader_2_8.csv
3236,0,0,0,Reader_2_9.csv
3236,5,5,0,reader_3_1.csv
3236,4,3,1,Reader_3_2.csv
3236,3,3,0,Reader_3_3.csv
3236,3,3,0,Reader_3_4.csv
3236,8,8,0,Reader_3_5.csv
3236,1,1,0,Reader_3_6.csv
3236,2,2,0,Reader_3_7.csv
3237,2,2,0,Reader_1_1.csv
3237,0,0,0,Reader_1_10.csv
3237,7,5,2,Reader_1_11.csv
3237,0,0,0,Reader_1_12.csv
3237,4,1,3,Reader_1_2.csv
3237,1,1,0,Reader_1_3.csv
3237,1,1,0,Reader_1_4.csv
3237,1,1,0,Reader_1_5.csv
3237,2,2,0,Reader_1_6.csv
3237,0,0,0,Reader_1_7.csv
3237,0,0,0,Reader_1_8.csv
3237,0,0,0,Reader_1_9.csv
3237,4,4,0,Reader_2_1.csv
3237,0,0,0,Reader_2_10.csv
3237,0,0,0,Reader_2_11.csv
3237,2,1,1,Reader_2_12.csv
3237,0,0,0,Reader_2_2.csv
3237,0,0,0,Reader_2_3.csv
3237,0,0,0,Reader_2_4.csv
3237,0,0,0,Reader_2_5.csv
3237,0,0,0,Reader_2_6.csv
3237,1,1,0,Reader_2_7.csv
3237,1,0,1,Reader_2_8.csv
3237,0,0,0,Reader_2_9.csv
3237,8,6,2,reader_3_1.csv
3237,5,4,1,Reader_3_2.csv
3237,2,2,0,Reader_3_3.csv
3237,2,2,0,Reader_3_4.csv
3237,8,8,0,Reader_3_5.csv
3237,1,1,0,Reader_3_6.csv
3237,3,3,0,Reader_3_7.csv
3238,2,2,0,Reader_1_1.csv
3238,0,0,0,Reader_1_10.csv
3238,8,6,2,Reader_1_11.csv
3238,0,0,0,Reader_1_12.csv
3238,4,1,3,Reader_1_2.csv
3238,1,1,0,Reader_1_3.csv
3238,1,1,0,Reader_1_4.csv
3238,1,1,0,Reader_1_5.csv
3238,1,1,0,Reader_1_6.csv
3238,0,0,0,Reader_1_7.csv
3238,0,0,0,Reader_1_8.csv
3238,0,0,0,Reader_1_9.csv
3238,7,5,2,Reader_2_1.csv
3238,0,0,0,Reader_2_10.csv
3238,0,0,0,Reader_2_11.csv
3238,2,1,1,Reader_2_12.csv
3238,0,0,0,Reader_2_2.csv
3238,0,0,0,Reader_2_3.csv
3238,0,0,0,Reader_2_4.csv
3238,0,0,0,Reader_2_5.csv
3238,0,0,0,Reader_2_6.csv
3238,1,1,0,Reader_2_7.csv
3238,1,0,1,Reader_2_8.csv
3238,0,0,0,Reader_2_9.csv
3238,8,6,2,reader_3_1.csv
3238,5,4,1,Reader_3_2.csv
3238,3,3,0,Reader_3_3.csv
3238,3,3,0,Reader_3_4.csv
3238,7,7,0,Reader_3_5.csv
3238,1,1,0,Reader_3_6.csv
3238,3,3,0,Reader_3_7.csv
3239,2,2,0,Reader_1_1.csv
3239,0,0,0,Reader_1_10.csv
3239,9,7,2,Reader_1_11.csv
3239,0,0,0,Reader_1_12.csv
3239,4,1,3,Reader_1_2.csv
3239,2,1,1,Reader_1_3.csv
3239,1,1,0,Reader_1_4.csv
3239,2,1,1,Reader_1_5.csv
3239,1,1,0,Reader_1_6.csv
3239,0,0,0,Reader_1_7.csv
3239,0,0,0,Reader_1_8.csv
3239,0,0,0,Reader_1_9.csv
3239,8,5,3,Reader_2_1.csv
3239,0,0,0,Reader_2_10.csv
3239,0,0,0,Reader_2_11.csv
3239,2,1,1,Reader_2_12.csv
3239,0,0,0,Reader_2_2.csv
3239,0,0,0,Reader_2_3.csv
3239,1,1,0,Reader_2_4.csv
3239,0,0,0,Reader_2_5.csv
3239,0,0,0,Reader_2_6.csv
3239,1,1,0,Reader_2_7.csv
3239,2,1,1,Reader_2_8.csv
3239,0,0,0,Reader_2_9.csv
3239,10,7,3,reader_3_1.csv
3239,7,6,1,Reader_3_2.csv
3239,2,2,0,Reader_3_3.csv
3239,2,2,0,Reader_3_4.csv
3239,6,6,0,Reader_3_5.csv
3239,1,1,0,Reader_3_6.csv
3239,3,3,0,Reader_3_7.csv
3240,2,2,0,Reader_1_1.csv
3240,0,0,0,Reader_1_10.csv
3240,10,8,2,Reader_1_11.csv
3240,0,0,0,Reader_1_12.csv
3240,4,1,3,Reader_1_2.csv
3240,1,0,1,Reader_1_3.csv
3240,1,1,0,Reader_1_4.csv
3240,2,1,1,Reader_1_5.csv
3240,2,2,0,Reader_1_6.csv
3240,1,0,1,Reader_1_7.csv
3240,0,0,0,Reader_1_8.csv
3240,0,0,0,Reader_1_9.csv
3240,7,4,3,Reader_2_1.csv
3240,0,0,0,Reader_2_10.csv
3240,0,0,0,Reader_2_11.csv
3240,1,1,0,Reader_2_12.csv
3240,0,0,0,Reader_2_2.csv
3240,0,0,0,Reader_2_3.csv
3240,1,1,0,Reader_2_4.csv
3240,1,1,0,Reader_2_5.csv
3240,0,0,0,Reader_2_6.csv
3240,1,1,0,Reader_2_7.csv
3240,2,1,1,Reader_2_8.csv
3240,0,0,0,Reader_2_9.csv
3240,12,9,3,reader_3_1.csv
3240,9,8,1,Reader_3_2.csv
3240,2,2,0,Reader_3_3.csv
3240,2,2,0,Reader_3_4.csv
3240,6,6,0,Reader_3_5.csv
3240,0,0,0,Reader_3_6.csv
3240,4,4,0,Reader_3_7.csv
3241,1,1,0,Reader_1_1.csv
3241,0,0,0,Reader_1_10.csv
3241,9,8,1,Reader_1_11.csv
3241,0,0,0,Reader_1_12.csv
3241,5,3,2,Reader_1_2.csv
3241,1,0,1,Reader_1_3.csv
3241,1,1,0,Reader_1_4.csv
3241,1,0,1,Reader_1_5.csv
3241,1,1,0,Reader_1_6.csv
3241,1,0,1,Reader_1_7.csv
3241,0,0,0,Reader_1_8.csv
3241,0,0,0,Reader_1_9.csv
3241,8,5,3,Reader_2_1.csv
3241,0,0,0,Reader_2_10.csv
3241,0,0,0,Reader_2_11.csv
3241,0,0,0,Reader_2_12.csv
3241,0,0,0,Reader_2_2.csv
3241,0,0,0,Reader_2_3.csv
3241,1,1,0,Reader_2_4.csv
3241,1,1,0,Reader_2_5.csv
3241,1,1,0,Reader_2_6.csv
3241,1,1,0,Reader_2_7.csv
3241,1,1,0,Reader_2_8.csv
3241,0,0,0,Reader_2_9.csv
3241,13,10,3,reader_3_1.csv
3241,14,13,1,Reader_3_2.csv
3241,1,1,0,Reader_3_3.csv
3241,1,1,0,Reader_3_4.csv
3241,5,5,0,Reader_3_5.csv
3241,0,0,0,Reader_3_6.csv
3241,4,4,0,Reader_3_7.csv
3242,2,2,0,Reader_1_1.csv
3242,0,0,0,Reader_1_10.csv
3242,5,5,0,Reader_1_11.csv
3242,0,0,0,Reader_1_12.csv
3242,5,3,2,Reader_1_2.csv
3242,1,0,1,Reader_1_3.csv
3242,1,1,0,Reader_1_4.csv
3242,1,0,1,Reader_1_5.csv
3242,1,1,0,Reader_1_6.csv
3242,1,0,1,Reader_1_7.csv
3242,0,0,0,Reader_1_8.csv
3242,0,0,0,Reader_1_9.csv
3242,9,6,3,Reader_2_1.csv
3242,0,0,0,Reader_2_10.csv
3242,0,0,0,Reader_2_11.csv
3242,0,0,0,Reader_2_12.csv
3242,0,0,0,Reader_2_2.csv
3242,1,1,0,Reader_2_3.csv
3242,1,1,0,Reader_2_4.csv
3242,2,2,0,Reader_2_5.csv
3242,1,1,0,Reader_2_6.csv
3242,1,1,0,Reader_2_7.csv
3242,1,1,0,Reader_2_8.csv
3242,0,0,0,Reader_2_9.csv
3242,14,10,4,reader_3_1.csv
3242,16,15,1,Reader_3_2.csv
3242,1,1,0,Reader_3_3.csv
3242,1,1,0,Reader_3_4.csv
3242,4,4,0,Reader_3_5.csv
3242,0,0,0,Reader_3_6.csv
3242,3,3,0,Reader_3_7.csv
3243,1,1,0,Reader_1_1.csv
3243,0,0,0,Reader_1_10.csv
3243,6,6,0,Reader_1_11.csv
3243,0,0,0,Reader_1_12.csv
3243,5,3,2,Reader_1_2.csv
3243,1,0,1,Reader_1_3.csv
3243,1,1,0,Reader_1_4.csv
3243,1,0,1,Reader_1_5.csv
3243,1,1,0,Reader_1_6.csv
3243,1,0,1,Reader_1_7.csv
3243,0,0,0,Reader_1_8.csv
3243,0,0,0,Reader_1_9.csv
3243,6,3,3,Reader_2_1.csv
3243,0,0,0,Reader_2_10.csv
3243,0,0,0,Reader_2_11.csv
3243,0,0,0,Reader_2_12.csv
3243,0,0,0,Reader_2_2.csv
3243,1,1,0,Reader_2_3.csv
3243,1,1,0,Reader_2_4.csv
3243,2,2,0,Reader_2_5.csv
3243,1,1,0,Reader_2_6.csv
3243,1,1,0,Reader_2_7.csv
3243,1,1,0,Reader_2_8.csv
3243,0,0,0,Reader_2_9.csv
3243,14,10,4,reader_3_1.csv
3243,15,15,0,Reader_3_2.csv
3243,2,2,0,Reader_3_3.csv
3243,2,2,0,Reader_3_4.csv
3243,3,3,0,Reader_3_5.csv
3243,0,0,0,Reader_3_6.csv
3243,4,4,0,Reader_3_7.csv
3244,2,2,0,Reader_1_1.csv
3244,0,0,0,Reader_1_10.csv
3244,8,7,1,Reader_1_11.csv
3244,0,0,0,Reader_1_12.csv
3244,4,3,1,Reader_1_2.csv
3244,1,0,1,Reader_1_3.csv
3244,0,0,0,Reader_1_4.csv
3244,1,0,1,Reader_1_5.csv
3244,1,1,0,Reader_1_6.csv
3244,1,0,1,Reader_1_7.csv
3244,0,0,0,Reader_1_8.csv
3244,0,0,0,Reader_1_9.csv
3244,6,3,3,Reader_2_1.csv
3244,0,0,0,Reader_2_10.csv
3244,0,0,0,Reader_2_11.csv
3244,0,0,0,Reader_2_12.csv
3244,0,0,0,Reader_2_2.csv
3244,1,1,0,Reader_2_3.csv
3244,1,1,0,Reader_2_4.csv
3244,2,2,0,Reader_2_5.csv
3244,1,1,0,Reader_2_6.csv
3244,0,0,0,Reader_2_7.csv
3244,1,1,0,Reader_2_8.csv
3244,0,0,0,Reader_2_9.csv
3244,16,12,4,reader_3_1.csv
3244,15,15,0,Reader_3_2.csv
3244,2,2,0,Reader_3_3.csv
3244,2,2,0,Reader_3_4.csv
3244,4,4,0,Reader_3_5.csv
3244,0,0,0,Reader_3_6.csv
3244,4,4,0,Reader_3_7.csv
3245,2,2,0,Reader_1_1.csv
3245,0,0,0,Reader_1_10.csv
3245,7,6,1,Reader_1_11.csv
3245,0,0,0,Reader_1_12.csv
3245,3,3,0,Reader_1_2.csv
3245,1,0,1,Reader_1_3.csv
3245,0,0,0,Reader_1_4.csv
3245,1,0,1,Reader_1_5.csv
3245,1,1,0,Reader_1_6.csv
3245,1,0,1,Reader_1_7.csv
3245,0,0,0,Reader_1_8.csv
3245,1,1,0,Reader_1_9.csv
3245,6,3,3,Reader_2_1.csv
3245,0,0,0,Reader_2_10.csv
3245,0,0,0,Reader_2_11.csv
3245,0,0,0,Reader_2_12.csv
3245,0,0,0,Reader_2_2.csv
3245,1,1,0,Reader_2_3.csv
3245,1,1,0,Reader_2_4.csv
3245,2,2,0,Reader_2_5.csv
3245,1,1,0,Reader_2_6.csv
3245,0,0,0,Reader_2_7.csv
3245,1,1,0,Reader_2_8.csv
3245,0,0,0,Reader_2_9.csv
3245,14,12,2,reader_3_1.csv
3245,15,15,0,Reader_3_2.csv
3245,2,2,0,Reader_3_3.csv
3245,2,2,0,Reader_3_4.csv
3245,5,5,0,Reader_3_5.csv
3245,0,0,0,Reader_3_6.csv
3245,4,4,0,Reader_3_7.csv
3246,2,2,0,Reader_1_1.csv
3246,0,0,0,Reader_1_10.csv
3246,7,6,1,Reader_1_11.csv
3246,0,0,0,Reader_1_12.csv
3246,3,3,0,Reader_1_2.csv
3246,1,0,1,Reader_1_3.csv
3246,0,0,0,Reader_1_4.csv
3246,1,0,1,Reader_1_5.csv
3246,2,2,0,Reader_1_6.csv
3246,1,0,1,Reader_1_7.csv
3246,0,0,0,Reader_1_8.csv
3246,1,1,0,Reader_1_9.csv
3246,4,3,1,Reader_2_1.csv
3246,0,0,0,Reader_2_10.csv
3246,0,0,0,Reader_2_11.csv
3246,0,0,0,Reader_2_12.csv
3246,0,0,0,Reader_2_2.csv
3246,1,1,0,Reader_2_3.csv
3246,1,1,0,Reader_2_4.csv
3246,2,2,0,Reader_2_5.csv
3246,1,1,0,Reader_2_6.csv
3246,0,0,0,Reader_2_7.csv
3246,1,1,0,Reader_2_8.csv
3246,0,0,0,Reader_2_9.csv
3246,16,13,3,reader_3_1.csv
3246,18,18,0,Reader_3_2.csv
3246,1,1,0,Reader_3_3.csv
3246,1,1,0,Reader_3_4.csv
3246,5,5,0,Reader_3_5.csv
3246,0,0,0,Reader_3_6.csv
3246,4,4,0,Reader_3_7.csv
3247,2,2,0,Reader_1_1.csv
3247,0,0,0,Reader_1_10.csv
3247,7,5,2,Reader_1_11.csv
3247,0,0,0,Reader_1_12.csv
3247,3,3,0,Reader_1_2.csv
3247,0,0,0,Reader_1_3.csv
3247,0,0,0,Reader_1_4.csv
3247,0,0,0,Reader_1_5.csv
3247,2,2,0,Reader_1_6.csv
3247,1,0,1,Reader_1_7.csv
3247,0,0,0,Reader_1_8.csv
3247,2,2,0,Reader_1_9.csv
3247,5,4,1,Reader_2_1.csv
3247,0,0,0,Reader_2_10.csv
3247,0,0,0,Reader_2_11.csv
3247,0,0,0,Reader_2_12.csv
3247,0,0,0,Reader_2_2.csv
3247,2,2,0,Reader_2_3.csv
3247,0,0,0,Reader_2_4.csv
3247,2,2,0,Reader_2_5.csv
3247,1,1,0,Reader_2_6.csv
3247,0,0,0,Reader_2_7.csv
3247,0,0,0,Reader_2_8.csv
3247,0,0,0,Reader_2_9.csv
3247,15,12,3,reader_3_1.csv
3247,16,16,0,Reader_3_2.csv
3247,1,1,0,Reader_3_3.csv
3247,1,1,0,Reader_3_4.csv
3247,6,6,0,Reader_3_5.csv
3247,0,0,0,Reader_3_6.csv
3247,5,5,0,Reader_3_7.csv
3248,2,2,0,Reader_1_1.csv
3248,0,0,0,Reader_1_10.csv
3248,7,5,2,Reader_1_11.csv
3248,0,0,0,Reader_1_12.csv
3248,3,3,0,Reader_1_2.csv
3248,0,0,0,Reader_1_3.csv
3248,0,0,0,Reader_1_4.csv
3248,0,0,0,Reader_1_5.csv
3248,1,1,0,Reader_1_6.csv
3248,0,0,0,Reader_1_7.csv
3248,0,0,0,Reader_1_8.csv
3248,3,2,1,Reader_1_9.csv
3248,5,4,1,Reader_2_1.csv
3248,0,0,0,Reader_2_10.csv
3248,0,0,0,Reader_2_11.csv
3248,0,0,0,Reader_2_12.csv
3248,0,0,0,Reader_2_2.csv
3248,2,2,0,Reader_2_3.csv
3248,0,0,0,Reader_2_4.csv
3248,1,1,0,Reader_2_5.csv
3248,2,2,0,Reader_2_6.csv
3248,0,0,0,Reader_2_7.csv
3248,1,1,0,Reader_2_8.csv
3248,0,0,0,Reader_2_9.csv
3248,15,12,3,reader_3_1.csv
3248,13,13,0,Reader_3_2.csv
3248,2,2,0,Reader_3_3.csv
3248,2,2,0,Reader_3_4.csv
3248,6,6,0,Reader_3_5.csv
3248,0,0,0,Reader_3_6.csv
3248,4,4,0,Reader_3_7.csv
3249,2,2,0,Reader_1_1.csv
3249,0,0,0,Reader_1_10.csv
3249,7,5,2,Reader_1_11.csv
3249,0,0,0,Reader_1_12.csv
3249,1,1,0,Reader_1_2.csv
3249,1,1,0,Reader_1_3.csv
3249,0,0,0,Reader_1_4.csv
3249,0,0,0,Reader_1_5.csv
3249,1,1,0,Reader_1_6.csv
3249,0,0,0,Reader_1_7.csv
3249,0,0,0,Reader_1_8.csv
3249,3,2,1,Reader_1_9.csv
3249,5,4,1,Reader_2_1.csv
3249,0,0,0,Reader_2_10.csv
3249,0,0,0,Reader_2_11.csv
3249,0,0,0,Reader_2_12.csv
3249,0,0,0,Reader_2_2.csv
3249,2,2,0,Reader_2_3.csv
3249,0,0,0,Reader_2_4.csv
3249,1,1,0,Reader_2_5.csv
3249,1,1,0,Reader_2_6.csv
3249,0,0,0,Reader_2_7.csv
3249,1,1,0,Reader_2_8.csv
3249,0,0,0,Reader_2_9.csv
3249,13,10,3,reader_3_1.csv
3249,10,10,0,Reader_3_2.csv
3249,2,2,0,Reader_3_3.csv
3249,2,2,0,Reader_3_4.csv
3249,6,6,0,Reader_3_5.csv
3249,0,0,0,Reader_3_6.csv
3249,4,4,0,Reader_3_7.csv
3250,3,3,0,Reader_1_1.csv
3250,0,0,0,Reader_1_10.csv
3250,7,5,2,Reader_1_11.csv
3250,0,0,0,Reader_1_12.csv
3250,1,1,0,Reader_1_2.csv
3250,1,1,0,Reader_1_3.csv
3250,2,2,0,Reader_1_4.csv
3250,0,0,0,Reader_1_5.csv
3250,1,1,0,Reader_1_6.csv
3250,0,0,0,Reader_1_7.csv
3250,0,0,0,Reader_1_8.csv
3250,3,2,1,Reader_1_9.csv
3250,6,3,3,Reader_2_1.csv
3250,0,0,0,Reader_2_10.csv
3250,0,0,0,Reader_2_11.csv
3250,0,0,0,Reader_2_12.csv
3250,0,0,0,Reader_2_2.csv
3250,1,1,0,Reader_2_3.csv
3250,0,0,0,Reader_2_4.csv
3250,0,0,0,Reader_2_5.csv
3250,1,1,0,Reader_2_6.csv
3250,0,0,0,Reader_2_7.csv
3250,1,1,0,Reader_2_8.csv
3250,0,0,0,Reader_2_9.csv
3250,13,11,2,reader_3_1.csv
3250,11,10,1,Reader_3_2.csv
3250,2,2,0,Reader_3_3.csv
3250,2,2,0,Reader_3_4.csv
3250,7,7,0,Reader_3_5.csv
3250,0,0,0,Reader_3_6.csv
3250,4,4,0,Reader_3_7.csv
3251,3,3,0,Reader_1_1.csv
3251,0,0,0,Reader_1_10.csv
3251,7,5,2,Reader_1_11.csv
3251,0,0,0,Reader_1_12.csv
3251,0,0,0,Reader_1_2.csv
3251,1,1,0,Reader_1_3.csv
3251,2,2,0,Reader_1_4.csv
3251,0,0,0,Reader_1_5.csv
3251,2,2,0,Reader_1_6.csv
3251,0,0,0,Reader_1_7.csv
3251,0,0,0,Reader_1_8.csv
3251,3,2,1,Reader_1_9.csv
3251,6,3,3,Reader_2_1.csv
3251,0,0,0,Reader_2_10.csv
3251,1,0,1,Reader_2_11.csv
3251,0,0,0,Reader_2_12.csv
3251,0,0,0,Reader_2_2.csv
3251,1,1,0,Reader_2_3.csv
3251,0,0,0,Reader_2_4.csv
3251,0,0,0,Reader_2_5.csv
3251,1,1,0,Reader_2_6.csv
3251,0,0,0,Reader_2_7.csv
3251,1,1,0,Reader_2_8.csv
3251,0,0,0,Reader_2_9.csv
3251,13,10,3,reader_3_1.csv
3251,13,12,1,Reader_3_2.csv
3251,2,2,0,Reader_3_3.csv
3251,2,2,0,Reader_3_4.csv
3251,7,7,0,Reader_3_5.csv
3251,0,0,0,Reader_3_6.csv
3251,3,3,0,Reader_3_7.csv
3252,2,2,0,Reader_1_1.csv
3252,0,0,0,Reader_1_10.csv
3252,5,4,1,Reader_1_11.csv
3252,0,0,0,Reader_1_12.csv
3252,0,0,0,Reader_1_2.csv
3252,1,1,0,Reader_1_3.csv
3252,2,2,0,Reader_1_4.csv
3252,0,0,0,Reader_1_5.csv
3252,3,3,0,Reader_1_6.csv
3252,0,0,0,Reader_1_7.csv
3252,0,0,0,Reader_1_8.csv
3252,4,3,1,Reader_1_9.csv
3252,8,4,4,Reader_2_1.csv
3252,0,0,0,Reader_2_10.csv
3252,1,0,1,Reader_2_11.csv
3252,0,0,0,Reader_2_12.csv
3252,0,0,0,Reader_2_2.csv
3252,1,1,0,Reader_2_3.csv
3252,0,0,0,Reader_2_4.csv
3252,0,0,0,Reader_2_5.csv
3252,1,1,0,Reader_2_6.csv
3252,0,0,0,Reader_2_7.csv
3252,1,1,0,Reader_2_8.csv
3252,0,0,0,Reader_2_9.csv
3252,13,9,4,reader_3_1.csv
3252,18,16,2,Reader_3_2.csv
3252,2,2,0,Reader_3_3.csv
3252,2,2,0,Reader_3_4.csv
3252,6,6,0,Reader_3_5.csv
3252,0,0,0,Reader_3_6.csv
3252,3,3,0,Reader_3_7.csv
3253,5,5,0,Reader_1_1.csv
3253,1,1,0,Reader_1_10.csv
3253,4,3,1,Reader_1_11.csv
3253,0,0,0,Reader_1_12.csv
3253,0,0,0,Reader_1_2.csv
3253,1,1,0,Reader_1_3.csv
3253,3,3,0,Reader_1_4.csv
3253,0,0,0,Reader_1_5.csv
3253,3,3,0,Reader_1_6.csv
3253,0,0,0,Reader_1_7.csv
3253,0,0,0,Reader_1_8.csv
3253,3,2,1,Reader_1_9.csv
3253,9,4,5,Reader_2_1.csv
3253,0,0,0,Reader_2_10.csv
3253,1,0,1,Reader_2_11.csv
3253,0,0,0,Reader_2_12.csv
3253,0,0,0,Reader_2_2.csv
3253,1,1,0,Reader_2_3.csv
3253,0,0,0,Reader_2_4.csv
3253,0,0,0,Reader_2_5.csv
3253,1,1,0,Reader_2_6.csv
3253,0,0,0,Reader_2_7.csv
3253,1,1,0,Reader_2_8.csv
3253,0,0,0,Reader_2_9.csv
3253,12,7,5,reader_3_1.csv
3253,21,19,2,Reader_3_2.csv
3253,3,2,1,Reader_3_3.csv
3253,3,2,1,Reader_3_4.csv
3253,4,4,0,Reader_3_5.csv
3253,0,0,0,Reader_3_6.csv
3253,2,2,0,Reader_3_7.csv
3254,5,5,0,Reader_1_1.csv
3254,1,1,0,Reader_1_10.csv
3254,3,2,1,Reader_1_11.csv
3254,0,0,0,Reader_1_12.csv
3254,0,0,0,Reader_1_2.csv
3254,1,1,0,Reader_1_3.csv
3254,3,3,0,Reader_1_4.csv
3254,0,0,0,Reader_1_5.csv
3254,2,2,0,Reader_1_6.csv
3254,0,0,0,Reader_1_7.csv
3254,0,0,0,Reader_1_8.csv
3254,3,2,1,Reader_1_9.csv
3254,8,3,5,Reader_2_1.csv
3254,0,0,0,Reader_2_10.csv
3254,1,0,1,Reader_2_11.csv
3254,0,0,0,Reader_2_12.csv
3254,0,0,0,Reader_2_2.csv
3254,1,1,0,Reader_2_3.csv
3254,0,0,0,Reader_2_4.csv
3254,0,0,0,Reader_2_5.csv
3254,1,1,0,Reader_2_6.csv
3254,0,0,0,Reader_2_7.csv
3254,1,1,0,Reader_2_8.csv
3254,0,0,0,Reader_2_9.csv
3254,11,7,4,reader_3_1.csv
3254,20,18,2,Reader_3_2.csv
3254,5,4,1,Reader_3_3.csv
3254,5,4,1,Reader_3_4.csv
3254,4,4,0,Reader_3_5.csv
3254,0,0,0,Reader_3_6.csv
3254,1,1,0,Reader_3_7.csv
3255,5,5,0,Reader_1_1.csv
3255,1,1,0,Reader_1_10.csv
3255,2,2,0,Reader_1_11.csv
3255,0,0,0,Reader_1_12.csv
3255,1,1,0,Reader_1_2.csv
3255,1,1,0,Reader_1_3.csv
3255,3,3,0,Reader_1_4.csv
3255,0,0,0,Reader_1_5.csv
3255,2,2,0,Reader_1_6.csv
3255,0,0,0,Reader_1_7.csv
3255,0,0,0,Reader_1_8.csv
3255,2,1,1,Reader_1_9.csv
3255,6,2,4,Reader_2_1.csv
3255,0,0,0,Reader_2_10.csv
3255,1,0,1,Reader_2_11.csv
3255,0,0,0,Reader_2_12.csv
3255,0,0,0,Reader_2_2.csv
3255,0,0,0,Reader_2_3.csv
3255,0,0,0,Reader_2_4.csv
3255,0,0,0,Reader_2_5.csv
3255,1,1,0,Reader_2_6.csv
3255,0,0,0,Reader_2_7.csv
3255,1,1,0,Reader_2_8.csv
3255,0,0,0,Reader_2_9.csv
3255,14,9,5,reader_3_1.csv
3255,26,24,2,Reader_3_2.csv
3255,6,5,1,Reader_3_3.csv
3255,6,5,1,Reader_3_4.csv
3255,3,3,0,Reader_3_5.csv
3255,0,0,0,Reader_3_6.csv
3255,0,0,0,Reader_3_7.csv
3256,5,5,0,Reader_1_1.csv
3256,1,1,0,Reader_1_10.csv
3256,1,1,0,Reader_1_11.csv
3256,0,0,0,Reader_1_12.csv
3256,3,3,0,Reader_1_2.csv
3256,1,1,0,Reader_1_3.csv
3256,3,3,0,Reader_1_4.csv
3256,0,0,0,Reader_1_5.csv
3256,3,3,0,Reader_1_6.csv
3256,0,0,0,Reader_1_7.csv
3256,0,0,0,Reader_1_8.csv
3256,1,1,0,Reader_1_9.csv
3256,7,3,4,Reader_2_1.csv
3256,0,0,0,Reader_2_10.csv
3256,1,0,1,Reader_2_11.csv
3256,0,0,0,Reader_2_12.csv
3256,0,0,0,Reader_2_2.csv
3256,0,0,0,Reader_2_3.csv
3256,0,0,0,Reader_2_4.csv
3256,0,0,0,Reader_2_5.csv
3256,0,0,0,Reader_2_6.csv
3256,0,0,0,Reader_2_7.csv
3256,1,0,1,Reader_2_8.csv
3256,0,0,0,Reader_2_9.csv
3256,14,9,5,reader_3_1.csv
3256,29,27,2,Reader_3_2.csv
3256,7,5,2,Reader_3_3.csv
3256,7,5,2,Reader_3_4.csv
3256,2,2,0,Reader_3_5.csv
3256,0,0,0,Reader_3_6.csv
3256,0,0,0,Reader_3_7.csv
3257,6,5,1,Reader_1_1.csv
3257,1,1,0,Reader_1_10.csv
3257,1,1,0,Reader_1_11.csv
3257,0,0,0,Reader_1_12.csv
3257,3,3,0,Reader_1_2.csv
3257,0,0,0,Reader_1_3.csv
3257,3,3,0,Reader_1_4.csv
3257,0,0,0,Reader_1_5.csv
3257,3,3,0,Reader_1_6.csv
3257,0,0,0,Reader_1_7.csv
3257,0,0,0,Reader_1_8.csv
3257,2,2,0,Reader_1_9.csv
3257,6,2,4,Reader_2_1.csv
3257,0,0,0,Reader_2_10.csv
3257,1,0,1,Reader_2_11.csv
3257,0,0,0,Reader_2_12.csv
3257,0,0,0,Reader_2_2.csv
3257,0,0,0,Reader_2_3.csv
3257,0,0,0,Reader_2_4.csv
3257,0,0,0,Reader_2_5.csv
3257,0,0,0,Reader_2_6.csv
3257,0,0,0,Reader_2_7.csv
3257,1,0,1,Reader_2_8.csv
3257,0,0,0,Reader_2_9.csv
3257,14,9,5,reader_3_1.csv
3257,28,26,2,Reader_3_2.csv
3257,12,9,3,Reader_3_3.csv
3257,12,9,3,Reader_3_4.csv
3257,2,2,0,Reader_3_5.csv
3257,1,1,0,Reader_3_6.csv
3257,0,0,0,Reader_3_7.csv
3258,4,3,1,Reader_1_1.csv
3258,1,1,0,Reader_1_10.csv
3258,3,3,0,Reader_1_11.csv
3258,0,0,0,Reader_1_12.csv
3258,3,3,0,Reader_1_2.csv
3258,0,0,0,Reader_1_3.csv
3258,1,1,0,Reader_1_4.csv
3258,0,0,0,Reader_1_5.csv
3258,3,3,0,Reader_1_6.csv
3258,0,0,0,Reader_1_7.csv
3258,0,0,0,Reader_1_8.csv
3258,2,2,0,Reader_1_9.csv
3258,4,2,2,Reader_2_1.csv
3258,0,0,0,Reader_2_10.csv
3258,1,0,1,Reader_2_11.csv
3258,0,0,0,Reader_2_12.csv
3258,0,0,0,Reader_2_2.csv
3258,0,0,0,Reader_2_3.csv
3258,0,0,0,Reader_2_4.csv
3258,0,0,0,Reader_2_5.csv
3258,0,0,0,Reader_2_6.csv
3258,0,0,0,Reader_2_7.csv
3258,1,0,1,Reader_2_8.csv
3258,0,0,0,Reader_2_9.csv
3258,12,7,5,reader_3_1.csv
3258,27,24,3,Reader_3_2.csv
3258,14,10,4,Reader_3_3.csv
3258,14,10,4,Reader_3_4.csv
3258,0,0,0,Reader_3_5.csv
3258,1,1,0,Reader_3_6.csv
3258,0,0,0,Reader_3_7.csv
3259,4,3,1,Reader_1_1.csv
3259,1,1,0,Reader_1_10.csv
3259,3,3,0,Reader_1_11.csv
3259,0,0,0,Reader_1_12.csv
3259,4,3,1,Reader_1_2.csv
3259,0,0,0,Reader_1_3.csv
3259,1,1,0,Reader_1_4.csv
3259,0,0,0,Reader_1_5.csv
3259,2,2,0,Reader_1_6.csv
3259,0,0,0,Reader_1_7.csv
3259,0,0,0,Reader_1_8.csv
3259,2,2,0,Reader_1_9.csv
3259,4,2,2,Reader_2_1.csv
3259,0,0,0,Reader_2_10.csv
3259,0,0,0,Reader_2_11.csv
3259,0,0,0,Reader_2_12.csv
3259,0,0,0,Reader_2_2.csv
3259,0,0,0,Reader_2_3.csv
3259,0,0,0,Reader_2_4.csv
3259,0,0,0,Reader_2_5.csv
3259,0,0,0,Reader_2_6.csv
3259,0,0,0,Reader_2_7.csv
3259,1,0,1,Reader_2_8.csv
3259,0,0,0,Reader_2_9.csv
3259,12,8,4,reader_3_1.csv
3259,31,28,3,Reader_3_2.csv
3259,15,10,5,Reader_3_3.csv
3259,15,10,5,Reader_3_4.csv
3259,1,1,0,Reader_3_5.csv
3259,1,1,0,Reader_3_6.csv
3259,1,1,0,Reader_3_7.csv
3260,5,4,1,Reader_1_1.csv
3260,1,1,0,Reader_1_10.csv
3260,3,3,0,Reader_1_11.csv
3260,0,0,0,Reader_1_12.csv
3260,5,4,1,Reader_1_2.csv
3260,0,0,0,Reader_1_3.csv
3260,1,1,0,Reader_1_4.csv
3260,0,0,0,Reader_1_5.csv
3260,1,1,0,Reader_1_6.csv
3260,0,0,0,Reader_1_7.csv
3260,0,0,0,Reader_1_8.csv
3260,2,1,1,Reader_1_9.csv
3260,2,1,1,Reader_2_1.csv
3260,0,0,0,Reader_2_10.csv
3260,0,0,0,Reader_2_11.csv
3260,0,0,0,Reader_2_12.csv
3260,0,0,0,Reader_2_2.csv
3260,0,0,0,Reader_2_3.csv
3260,0,0,0,Reader_2_4.csv
3260,0,0,0,Reader_2_5.csv
3260,0,0,0,Reader_2_6.csv
3260,0,0,0,Reader_2_7.csv
3260,1,0,1,Reader_2_8.csv
3260,0,0,0,Reader_2_9.csv
3260,12,8,4,reader_3_1.csv
3260,31,27,4,Reader_3_2.csv
3260,16,10,6,Reader_3_3.csv
3260,16,10,6,Reader_3_4.csv
3260,1,1,0,Reader_3_5.csv
3260,1,1,0,Reader_3_6.csv
3260,1,1,0,Reader_3_7.csv
3261,2,1,1,Reader_1_1.csv
3261,0,0,0,Reader_1_10.csv
3261,4,4,0,Reader_1_11.csv
3261,0,0,0,Reader_1_12.csv
3261,5,4,1,Reader_1_2.csv
3261,0,0,0,Reader_1_3.csv
3261,0,0,0,Reader_1_4.csv
3261,0,0,0,Reader_1_5.csv
3261,1,1,0,Reader_1_6.csv
3261,0,0,0,Reader_1_7.csv
3261,0,0,0,Reader_1_8.csv
3261,2,1,1,Reader_1_9.csv
3261,1,1,0,Reader_2_1.csv
3261,0,0,0,Reader_2_10.csv
3261,0,0,0,Reader_2_11.csv
3261,0,0,0,Reader_2_12.csv
3261,0,0,0,Reader_2_2.csv
3261,0,0,0,Reader_2_3.csv
3261,0,0,0,Reader_2_4.csv
3261,0,0,0,Reader_2_5.csv
3261,0,0,0,Reader_2_6.csv
3261,0,0,0,Reader_2_7.csv
3261,1,0,1,Reader_2_8.csv
3261,0,0,0,Reader_2_9.csv
3261,12,9,3,reader_3_1.csv
3261,32,27,5,Reader_3_2.csv
3261,17,12,5,Reader_3_3.csv
3261,17,12,5,Reader_3_4.csv
3261,2,2,0,Reader_3_5.csv
3261,1,1,0,Reader_3_6.csv
3261,2,2,0,Reader_3_7.csv
3262,4,3,1,Reader_1_1.csv
3262,0,0,0,Reader_1_10.csv
3262,4,4,0,Reader_1_11.csv
3262,0,0,0,Reader_1_12.csv
3262,5,4,1,Reader_1_2.csv
3262,0,0,0,Reader_1_3.csv
3262,1,1,0,Reader_1_4.csv
3262,0,0,0,Reader_1_5.csv
3262,1,1,0,Reader_1_6.csv
3262,0,0,0,Reader_1_7.csv
3262,0,0,0,Reader_1_8.csv
3262,2,1,1,Reader_1_9.csv
3262,1,1,0,Reader_2_1.csv
3262,0,0,0,Reader_2_10.csv
3262,0,0,0,Reader_2_11.csv
3262,0,0,0,Reader_2_12.csv
3262,0,0,0,Reader_2_2.csv
3262,0,0,0,Reader_2_3.csv
3262,0,0,0,Reader_2_4.csv
3262,0,0,0,Reader_2_5.csv
3262,0,0,0,Reader_2_6.csv
3262,0,0,0,Reader_2_7.csv
3262,1,0,1,Reader_2_8.csv
3262,0,0,0,Reader_2_9.csv
3262,13,10,3,reader_3_1.csv
3262,34,29,5,Reader_3_2.csv
3262,17,12,5,Reader_3_3.csv
3262,17,12,5,Reader_3_4.csv
3262,2,2,0,Reader_3_5.csv
3262,2,2,0,Reader_3_6.csv
3262,2,2,0,Reader_3_7.csv
3263,5,4,1,Reader_1_1.csv
3263,0,0,0,Reader_1_10.csv
3263,5,5,0,Reader_1_11.csv
3263,0,0,0,Reader_1_12.csv
3263,4,3,1,Reader_1_2.csv
3263,0,0,0,Reader_1_3.csv
3263,1,1,0,Reader_1_4.csv
3263,0,0,0,Reader_1_5.csv
3263,4,3,1,Reader_1_6.csv
3263,0,0,0,Reader_1_7.csv
3263,0,0,0,Reader_1_8.csv
3263,2,1,1,Reader_1_9.csv
3263,1,1,0,Reader_2_1.csv
3263,0,0,0,Reader_2_10.csv
3263,0,0,0,Reader_2_11.csv
3263,0,0,0,Reader_2_12.csv
3263,0,0,0,Reader_2_2.csv
3263,0,0,0,Reader_2_3.csv
3263,0,0,0,Reader_2_4.csv
3263,0,0,0,Reader_2_5.csv
3263,0,0,0,Reader_2_6.csv
3263,0,0,0,Reader_2_7.csv
3263,1,0,1,Reader_2_8.csv
3263,0,0,0,Reader_2_9.csv
3263,11,10,1,reader_3_1.csv
3263,31,25,6,Reader_3_2.csv
3263,18,12,6,Reader_3_3.csv
3263,18,12,6,Reader_3_4.csv
3263,2,2,0,Reader_3_5.csv
3263,2,2,0,Reader_3_6.csv
3263,2,2,0,Reader_3_7.csv
3264,7,6,1,Reader_1_1.csv
3264,0,0,0,Reader_1_10.csv
3264,5,5,0,Reader_1_11.csv
3264,0,0,0,Reader_1_12.csv
3264,3,1,2,Reader_1_2.csv
3264,0,0,0,Reader_1_3.csv
3264,1,1,0,Reader_1_4.csv
3264,0,0,0,Reader_1_5.csv
3264,3,2,1,Reader_1_6.csv
3264,0,0,0,Reader_1_7.csv
3264,0,0,0,Reader_1_8.csv
3264,3,1,2,Reader_1_9.csv
3264,0,0,0,Reader_2_1.csv
3264,0,0,0,Reader_2_10.csv
3264,0,0,0,Reader_2_11.csv
3264,0,0,0,Reader_2_12.csv
3264,0,0,0,Reader_2_2.csv
3264,0,0,0,Reader_2_3.csv
3264,0,0,0,Reader_2_4.csv
3264,0,0,0,Reader_2_5.csv
3264,0,0,0,Reader_2_6.csv
3264,0,0,0,Reader_2_7.csv
3264,0,0,0,Reader_2_8.csv
3264,0,0,0,Reader_2_9.csv
3264,10,9,1,reader_3_1.csv
3264,33,27,6,Reader_3_2.csv
3264,22,16,6,Reader_3_3.csv
3264,22,16,6,Reader_3_4.csv
3264,2,2,0,Reader_3_5.csv
3264,2,2,0,Reader_3_6.csv
3264,3,3,0,Reader_3_7.csv
3265,10,8,2,Reader_1_1.csv
3265,0,0,0,Reader_1_10.csv
3265,5,5,0,Reader_1_11.csv
3265,0,0,0,Reader_1_12.csv
3265,3,1,2,Reader_1_2.csv
3265,0,0,0,Reader_1_3.csv
3265,2,2,0,Reader_1_4.csv
3265,0,0,0,Reader_1_5.csv
3265,3,2,1,Reader_1_6.csv
3265,0,0,0,Reader_1_7.csv
3265,0,0,0,Reader_1_8.csv
3265,2,0,2,Reader_1_9.csv
3265,1,0,1,Reader_2_1.csv
3265,0,0,0,Reader_2_10.csv
3265,0,0,0,Reader_2_11.csv
3265,0,0,0,Reader_2_12.csv
3265,0,0,0,Reader_2_2.csv
3265,0,0,0,Reader_2_3.csv
3265,0,0,0,Reader_2_4.csv
3265,0,0,0,Reader_2_5.csv
3265,0,0,0,Reader_2_6.csv
3265,0,0,0,Reader_2_7.csv
3265,0,0,0,Reader_2_8.csv
3265,0,0,0,Reader_2_9.csv
3265,12,11,1,reader_3_1.csv
3265,32,26,6,Reader_3_2.csv
3265,18,13,5,Reader_3_3.csv
3265,18,13,5,Reader_3_4.csv
3265,4,4,0,Reader_3_5.csv
3265,1,1,0,Reader_3_6.csv
3265,3,3,0,Reader_3_7.csv
3266,13,10,3,Reader_1_1.csv
3266,0,0,0,Reader_1_10.csv
3266,3,3,0,Reader_1_11.csv
3266,0,0,0,Reader_1_12.csv
3266,4,2,2,Reader_1_2.csv
3266,0,0,0,Reader_1_3.csv
3266,2,2,0,Reader_1_4.csv
3266,0,0,0,Reader_1_5.csv
3266,3,2,1,Reader_1_6.csv
3266,0,0,0,Reader_1_7.csv
3266,0,0,0,Reader_1_8.csv
3266,2,0,2,Reader_1_9.csv
3266,1,0,1,Reader_2_1.csv
3266,0,0,0,Reader_2_10.csv
3266,0,0,0,Reader_2_11.csv
3266,0,0,0,Reader_2_12.csv
3266,0,0,0,Reader_2_2.csv
3266,0,0,0,Reader_2_3.csv
3266,0,0,0,Reader_2_4.csv
3266,0,0,0,Reader_2_5.csv
3266,0,0,0,Reader_2_6.csv
3266,0,0,0,Reader_2_7.csv
3266,0,0,0,Reader_2_8.csv
3266,0,0,0,Reader_2_9.csv
3266,15,13,2,reader_3_1.csv
3266,33,29,4,Reader_3_2.csv
3266,17,13,4,Reader_3_3.csv
3266,17,13,4,Reader_3_4.csv
3266,4,4,0,Reader_3_5.csv
3266,1,1,0,Reader_3_6.csv
3266,4,4,0,Reader_3_7.csv
3267,16,12,4,Reader_1_1.csv
3267,0,0,0,Reader_1_10.csv
3267,2,2,0,Reader_1_11.csv
3267,0,0,0,Reader_1_12.csv
3267,3,2,1,Reader_1_2.csv
3267,0,0,0,Reader_1_3.csv
3267,3,3,0,Reader_1_4.csv
3267,0,0,0,Reader_1_5.csv
3267,4,3,1,Reader_1_6.csv
3267,0,0,0,Reader_1_7.csv
3267,0,0,0,Reader_1_8.csv
3267,2,0,2,Reader_1_9.csv
3267,2,1,1,Reader_2_1.csv
3267,0,0,0,Reader_2_10.csv
3267,0,0,0,Reader_2_11.csv
3267,0,0,0,Reader_2_12.csv
3267,0,0,0,Reader_2_2.csv
3267,0,0,0,Reader_2_3.csv
3267,0,0,0,Reader_2_4.csv
3267,0,0,0,Reader_2_5.csv
3267,0,0,0,Reader_2_6.csv
3267,0,0,0,Reader_2_7.csv
3267,2,1,1,Reader_2_8.csv
3267,0,0,0,Reader_2_9.csv
3267,16,14,2,reader_3_1.csv
3267,36,32,4,Reader_3_2.csv
3267,16,13,3,Reader_3_3.csv
3267,16,13,3,Reader_3_4.csv
3267,3,3,0,Reader_3_5.csv
3267,1,1,0,Reader_3_6.csv
3267,3,3,0,Reader_3_7.csv
3268,18,14,4,Reader_1_1.csv
3268,0,0,0,Reader_1_10.csv
3268,2,2,0,Reader_1_11.csv
3268,0,0,0,Reader_1_12.csv
3268,3,2,1,Reader_1_2.csv
3268,0,0,0,Reader_1_3.csv
3268,3,3,0,Reader_1_4.csv
3268,0,0,0,Reader_1_5.csv
3268,4,3,1,Reader_1_6.csv
3268,0,0,0,Reader_1_7.csv
3268,0,0,0,Reader_1_8.csv
3268,1,0,1,Reader_1_9.csv
3268,2,1,1,Reader_2_1.csv
3268,0,0,0,Reader_2_10.csv
3268,0,0,0,Reader_2_11.csv
3268,0,0,0,Reader_2_12.csv
3268,1,1,0,Reader_2_2.csv
3268,1,1,0,Reader_2_3.csv
3268,0,0,0,Reader_2_4.csv
3268,0,0,0,Reader_2_5.csv
3268,0,0,0,Reader_2_6.csv
3268,0,0,0,Reader_2_7.csv
3268,3,2,1,Reader_2_8.csv
3268,0,0,0,Reader_2_9.csv
3268,13,12,1,reader_3_1.csv
3268,36,33,3,Reader_3_2.csv
3268,15,13,2,Reader_3_3.csv
3268,15,13,2,Reader_3_4.csv
3268,3,3,0,Reader_3_5.csv
3268,1,1,0,Reader_3_6.csv
3268,3,3,0,Reader_3_7.csv
3269,19,15,4,Reader_1_1.csv
3269,0,0,0,Reader_1_10.csv
3269,1,1,0,Reader_1_11.csv
3269,0,0,0,Reader_1_12.csv
3269,3,2,1,Reader_1_2.csv
3269,0,0,0,Reader_1_3.csv
3269,3,3,0,Reader_1_4.csv
3269,1,1,0,Reader_1_5.csv
3269,4,3,1,Reader_1_6.csv
3269,0,0,0,Reader_1_7.csv
3269,0,0,0,Reader_1_8.csv
3269,1,0,1,Reader_1_9.csv
3269,2,1,1,Reader_2_1.csv
3269,0,0,0,Reader_2_10.csv
3269,0,0,0,Reader_2_11.csv
3269,0,0,0,Reader_2_12.csv
3269,1,1,0,Reader_2_2.csv
3269,1,1,0,Reader_2_3.csv
3269,0,0,0,Reader_2_4.csv
3269,0,0,0,Reader_2_5.csv
3269,0,0,0,Reader_2_6.csv
3269,0,0,0,Reader_2_7.csv
3269,3,2,1,Reader_2_8.csv
3269,0,0,0,Reader_2_9.csv
3269,14,12,2,reader_3_1.csv
3269,30,28,2,Reader_3_2.csv
3269,13,11,2,Reader_3_3.csv
3269,13,11,2,Reader_3_4.csv
3269,2,2,0,Reader_3_5.csv
3269,1,1,0,Reader_3_6.csv
3269,3,3,0,Reader_3_7.csv
3270,20,15,5,Reader_1_1.csv
3270,0,0,0,Reader_1_10.csv
3270,1,1,0,Reader_1_11.csv
3270,0,0,0,Reader_1_12.csv
3270,3,2,1,Reader_1_2.csv
3270,0,0,0,Reader_1_3.csv
3270,2,2,0,Reader_1_4.csv
3270,1,1,0,Reader_1_5.csv
3270,4,3,1,Reader_1_6.csv
3270,0,0,0,Reader_1_7.csv
3270,0,0,0,Reader_1_8.csv
3270,1,0,1,Reader_1_9.csv
3270,2,1,1,Reader_2_1.csv
3270,0,0,0,Reader_2_10.csv
3270,0,0,0,Reader_2_11.csv
3270,0,0,0,Reader_2_12.csv
3270,1,1,0,Reader_2_2.csv
3270,1,1,0,Reader_2_3.csv
3270,0,0,0,Reader_2_4.csv
3270,0,0,0,Reader_2_5.csv
3270,0,0,0,Reader_2_6.csv
3270,1,1,0,Reader_2_7.csv
3270,3,2,1,Reader_2_8.csv
3270,0,0,0,Reader_2_9.csv
3270,14,12,2,reader_3_1.csv
3270,29,27,2,Reader_3_2.csv
3270,11,9,2,Reader_3_3.csv
3270,11,9,2,Reader_3_4.csv
3270,2,2,0,Reader_3_5.csv
3270,0,0,0,Reader_3_6.csv
3270,3,3,0,Reader_3_7.csv
3271,21,15,6,Reader_1_1.csv
3271,0,0,0,Reader_1_10.csv
3271,0,0,0,Reader_1_11.csv
3271,0,0,0,Reader_1_12.csv
3271,5,3,2,Reader_1_2.csv
3271,0,0,0,Reader_1_3.csv
3271,2,2,0,Reader_1_4.csv
3271,1,1,0,Reader_1_5.csv
3271,1,1,0,Reader_1_6.csv
3271,0,0,0,Reader_1_7.csv
3271,0,0,0,Reader_1_8.csv
3271,1,0,1,Reader_1_9.csv
3271,2,1,1,Reader_2_1.csv
3271,0,0,0,Reader_2_10.csv
3271,0,0,0,Reader_2_11.csv
3271,0,0,0,Reader_2_12.csv
3271,1,1,0,Reader_2_2.csv
3271,1,1,0,Reader_2_3.csv
3271,0,0,0,Reader_2_4.csv
3271,0,0,0,Reader_2_5.csv
3271,0,0,0,Reader_2_6.csv
3271,1,1,0,Reader_2_7.csv
3271,3,2,1,Reader_2_8.csv
3271,0,0,0,Reader_2_9.csv
3271,13,11,2,reader_3_1.csv
3271,30,29,1,Reader_3_2.csv
3271,12,11,1,Reader_3_3.csv
3271,12,11,1,Reader_3_4.csv
3271,2,2,0,Reader_3_5.csv
3271,0,0,0,Reader_3_6.csv
3271,3,3,0,Reader_3_7.csv
3272,21,15,6,Reader_1_1.csv
3272,0,0,0,Reader_1_10.csv
3272,0,0,0,Reader_1_11.csv
3272,0,0,0,Reader_1_12.csv
3272,4,3,1,Reader_1_2.csv
3272,0,0,0,Reader_1_3.csv
3272,2,2,0,Reader_1_4.csv
3272,1,1,0,Reader_1_5.csv
3272,1,1,0,Reader_1_6.csv
3272,0,0,0,Reader_1_7.csv
3272,0,0,0,Reader_1_8.csv
3272,0,0,0,Reader_1_9.csv
3272,2,1,1,Reader_2_1.csv
3272,0,0,0,Reader_2_10.csv
3272,0,0,0,Reader_2_11.csv
3272,0,0,0,Reader_2_12.csv
3272,1,1,0,Reader_2_2.csv
3272,1,1,0,Reader_2_3.csv
3272,0,0,0,Reader_2_4.csv
3272,0,0,0,Reader_2_5.csv
3272,0,0,0,Reader_2_6.csv
3272,1,1,0,Reader_2_7.csv
3272,4,3,1,Reader_2_8.csv
3272,0,0,0,Reader_2_9.csv
3272,14,12,2,reader_3_1.csv
3272,34,31,3,Reader_3_2.csv
3272,7,7,0,Reader_3_3.csv
3272,7,7,0,Reader_3_4.csv
3272,2,2,0,Reader_3_5.csv
3272,0,0,0,Reader_3_6.csv
3272,2,2,0,Reader_3_7.csv
3273,18,13,5,Reader_1_1.csv
3273,0,0,0,Reader_1_10.csv
3273,1,1,0,Reader_1_11.csv
3273,0,0,0,Reader_1_12.csv
3273,5,4,1,Reader_1_2.csv
3273,0,0,0,Reader_1_3.csv
3273,1,1,0,Reader_1_4.csv
3273,1,1,0,Reader_1_5.csv
3273,1,1,0,Reader_1_6.csv
3273,0,0,0,Reader_1_7.csv
3273,0,0,0,Reader_1_8.csv
3273,0,0,0,Reader_1_9.csv
3273,1,1,0,Reader_2_1.csv
3273,0,0,0,Reader_2_10.csv
3273,0,0,0,Reader_2_11.csv
3273,0,0,0,Reader_2_12.csv
3273,1,1,0,Reader_2_2.csv
3273,1,1,0,Reader_2_3.csv
3273,1,0,1,Reader_2_4.csv
3273,0,0,0,Reader_2_5.csv
3273,0,0,0,Reader_2_6.csv
3273,1,1,0,Reader_2_7.csv
3273,4,3,1,Reader_2_8.csv
3273,0,0,0,Reader_2_9.csv
3273,12,10,2,reader_3_1.csv
3273,40,37,3,Reader_3_2.csv
3273,7,7,0,Reader_3_3.csv
3273,7,7,0,Reader_3_4.csv
3273,0,0,0,Reader_3_5.csv
3273,1,1,0,Reader_3_6.csv
3273,2,2,0,Reader_3_7.csv
3274,16,11,5,Reader_1_1.csv
3274,0,0,0,Reader_1_10.csv
3274,1,1,0,Reader_1_11.csv
3274,0,0,0,Reader_1_12.csv
3274,4,3,1,Reader_1_2.csv
3274,0,0,0,Reader_1_3.csv
3274,1,1,0,Reader_1_4.csv
3274,1,1,0,Reader_1_5.csv
3274,1,1,0,Reader_1_6.csv
3274,0,0,0,Reader_1_7.csv
3274,0,0,0,Reader_1_8.csv
3274,0,0,0,Reader_1_9.csv
3274,1,1,0,Reader_2_1.csv
3274,0,0,0,Reader_2_10.csv
3274,0,0,0,Reader_2_11.csv
3274,0,0,0,Reader_2_12.csv
3274,1,1,0,Reader_2_2.csv
3274,1,1,0,Reader_2_3.csv
3274,1,0,1,Reader_2_4.csv
3274,0,0,0,Reader_2_5.csv
3274,0,0,0,Reader_2_6.csv
3274,1,1,0,Reader_2_7.csv
3274,4,3,1,Reader_2_8.csv
3274,0,0,0,Reader_2_9.csv
3274,12,11,1,reader_3_1.csv
3274,42,39,3,Reader_3_2.csv
3274,7,7,0,Reader_3_3.csv
3274,7,7,0,Reader_3_4.csv
3274,0,0,0,Reader_3_5.csv
3274,1,1,0,Reader_3_6.csv
3274,1,1,0,Reader_3_7.csv
3275,17,12,5,Reader_1_1.csv
3275,0,0,0,Reader_1_10.csv
3275,1,1,0,Reader_1_11.csv
3275,0,0,0,Reader_1_12.csv
3275,4,3,1,Reader_1_2.csv
3275,1,1,0,Reader_1_3.csv
3275,0,0,0,Reader_1_4.csv
3275,1,1,0,Reader_1_5.csv
3275,0,0,0,Reader_1_6.csv
3275,0,0,0,Reader_1_7.csv
3275,0,0,0,Reader_1_8.csv
3275,0,0,0,Reader_1_9.csv
3275,0,0,0,Reader_2_1.csv
3275,0,0,0,Reader_2_10.csv
3275,0,0,0,Reader_2_11.csv
3275,0,0,0,Reader_2_12.csv
3275,1,1,0,Reader_2_2.csv
3275,1,1,0,Reader_2_3.csv
3275,1,0,1,Reader_2_4.csv
3275,0,0,0,Reader_2_5.csv
3275,0,0,0,Reader_2_6.csv
3275,1,1,0,Reader_2_7.csv
3275,2,2,0,Reader_2_8.csv
3275,0,0,0,Reader_2_9.csv
3275,10,9,1,reader_3_1.csv
3275,39,33,6,Reader_3_2.csv
3275,8,8,0,Reader_3_3.csv
3275,8,8,0,Reader_3_4.csv
3275,0,0,0,Reader_3_5.csv
3275,1,1,0,Reader_3_6.csv
3275,2,2,0,Reader_3_7.csv
3276,16,9,7,Reader_1_1.csv
3276,0,0,0,Reader_1_10.csv
3276,1,1,0,Reader_1_11.csv
3276,0,0,0,Reader_1_12.csv
3276,5,2,3,Reader_1_2.csv
3276,2,2,0,Reader_1_3.csv
3276,0,0,0,Reader_1_4.csv
3276,1,1,0,Reader_1_5.csv
3276,0,0,0,Reader_1_6.csv
3276,0,0,0,Reader_1_7.csv
3276,0,0,0,Reader_1_8.csv
3276,0,0,0,Reader_1_9.csv
3276,0,0,0,Reader_2_1.csv
3276,0,0,0,Reader_2_10.csv
3276,0,0,0,Reader_2_11.csv
3276,0,0,0,Reader_2_12.csv
3276,0,0,0,Reader_2_2.csv
3276,0,0,0,Reader_2_3.csv
3276,1,0,1,Reader_2_4.csv
3276,0,0,0,Reader_2_5.csv
3276,0,0,0,Reader_2_6.csv
3276,1,1,0,Reader_2_7.csv
3276,1,1,0,Reader_2_8.csv
3276,0,0,0,Reader_2_9.csv
3276,12,11,1,reader_3_1.csv
3276,39,34,5,Reader_3_2.csv
3276,8,8,0,Reader_3_3.csv
3276,8,8,0,Reader_3_4.csv
3276,0,0,0,Reader_3_5.csv
3276,2,2,0,Reader_3_6.csv
3276,2,2,0,Reader_3_7.csv
3277,16,9,7,Reader_1_1.csv
3277,0,0,0,Reader_1_10.csv
3277,2,2,0,Reader_1_11.csv
3277,0,0,0,Reader_1_12.csv
3277,5,2,3,Reader_1_2.csv
3277,2,2,0,Reader_1_3.csv
3277,0,0,0,Reader_1_4.csv
3277,0,0,0,Reader_1_5.csv
3277,0,0,0,Reader_1_6.csv
3277,1,0,1,Reader_1_7.csv
3277,0,0,0,Reader_1_8.csv
3277,0,0,0,Reader_1_9.csv
3277,0,0,0,Reader_2_1.csv
3277,0,0,0,Reader_2_10.csv
3277,0,0,0,Reader_2_11.csv
3277,0,0,0,Reader_2_12.csv
3277,0,0,0,Reader_2_2.csv
3277,0,0,0,Reader_2_3.csv
3277,1,0,1,Reader_2_4.csv
3277,0,0,0,Reader_2_5.csv
3277,0,0,0,Reader_2_6.csv
3277,1,1,0,Reader_2_7.csv
3277,1,1,0,Reader_2_8.csv
3277,0,0,0,Reader_2_9.csv
3277,12,12,0,reader_3_1.csv
3277,45,38,7,Reader_3_2.csv
3277,9,9,0,Reader_3_3.csv
3277,9,9,0,Reader_3_4.csv
3277,0,0,0,Reader_3_5.csv
3277,2,2,0,Reader_3_6.csv
3277,1,1,0,Reader_3_7.csv
3278,16,10,6,Reader_1_1.csv
3278,0,0,0,Reader_1_10.csv
3278,2,2,0,Reader_1_11.csv
3278,0,0,0,Reader_1_12.csv
3278,6,3,3,Reader_1_2.csv
3278,2,2,0,Reader_1_3.csv
3278,1,1,0,Reader_1_4.csv
3278,0,0,0,Reader_1_5.csv
3278,0,0,0,Reader_1_6.csv
3278,1,0,1,Reader_1_7.csv
3278,0,0,0,Reader_1_8.csv
3278,0,0,0,Reader_1_9.csv
3278,0,0,0,Reader_2_1.csv
3278,0,0,0,Reader_2_10.csv
3278,0,0,0,Reader_2_11.csv
3278,0,0,0,Reader_2_12.csv
3278,0,0,0,Reader_2_2.csv
3278,0,0,0,Reader_2_3.csv
3278,1,0,1,Reader_2_4.csv
3278,0,0,0,Reader_2_5.csv
3278,0,0,0,Reader_2_6.csv
3278,0,0,0,Reader_2_7.csv
3278,1,1,0,Reader_2_8.csv
3278,0,0,0,Reader_2_9.csv
3278,11,11,0,reader_3_1.csv
3278,46,39,7,Reader_3_2.csv
3278,9,9,0,Reader_3_3.csv
3278,9,9,0,Reader_3_4.csv
3278,0,0,0,Reader_3_5.csv
3278,4,3,1,Reader_3_6.csv
3278,4,4,0,Reader_3_7.csv
3279,14,9,5,Reader_1_1.csv
3279,0,0,0,Reader_1_10.csv
3279,2,2,0,Reader_1_11.csv
3279,0,0,0,Reader_1_12.csv
3279,4,2,2,Reader_1_2.csv
3279,2,2,0,Reader_1_3.csv
3279,2,2,0,Reader_1_4.csv
3279,0,0,0,Reader_1_5.csv
3279,0,0,0,Reader_1_6.csv
3279,1,0,1,Reader_1_7.csv
3279,0,0,0,Reader_1_8.csv
3279,0,0,0,Reader_1_9.csv
3279,0,0,0,Reader_2_1.csv
3279,0,0,0,Reader_2_10.csv
3279,0,0,0,Reader_2_11.csv
3279,0,0,0,Reader_2_12.csv
3279,0,0,0,Reader_2_2.csv
3279,0,0,0,Reader_2_3.csv
3279,1,0,1,Reader_2_4.csv
3279,0,0,0,Reader_2_5.csv
3279,0,0,0,Reader_2_6.csv
3279,0,0,0,Reader_2_7.csv
3279,1,1,0,Reader_2_8.csv
3279,0,0,0,Reader_2_9.csv
3279,14,14,0,reader_3_1.csv
3279,43,36,7,Reader_3_2.csv
3279,6,6,0,Reader_3_3.csv
3279,6,6,0,Reader_3_4.csv
3279,0,0,0,Reader_3_5.csv
3279,5,4,1,Reader_3_6.csv
3279,5,5,0,Reader_3_7.csv
3280,12,7,5,Reader_1_1.csv
3280,0,0,0,Reader_1_10.csv
3280,2,2,0,Reader_1_11.csv
3280,0,0,0,Reader_1_12.csv
3280,4,2,2,Reader_1_2.csv
3280,2,2,0,Reader_1_3.csv
3280,2,2,0,Reader_1_4.csv
3280,0,0,0,Reader_1_5.csv
3280,0,0,0,Reader_1_6.csv
3280,1,0,1,Reader_1_7.csv
3280,0,0,0,Reader_1_8.csv
3280,0,0,0,Reader_1_9.csv
3280,1,0,1,Reader_2_1.csv
3280,0,0,0,Reader_2_10.csv
3280,0,0,0,Reader_2_11.csv
3280,0,0,0,Reader_2_12.csv
3280,0,0,0,Reader_2_2.csv
3280,0,0,0,Reader_2_3.csv
3280,1,0,1,Reader_2_4.csv
3280,0,0,0,Reader_2_5.csv
3280,0,0,0,Reader_2_6.csv
3280,0,0,0,Reader_2_7.csv
3280,0,0,0,Reader_2_8.csv
3280,0,0,0,Reader_2_9.csv
3280,12,12,0,reader_3_1.csv
3280,37,32,5,Reader_3_2.csv
3280,7,7,0,Reader_3_3.csv
3280,7,7,0,Reader_3_4.csv
3280,0,0,0,Reader_3_5.csv
3280,6,5,1,Reader_3_6.csv
3280,7,6,1,Reader_3_7.csv
3281,14,10,4,Reader_1_1.csv
3281,0,0,0,Reader_1_10.csv
3281,1,1,0,Reader_1_11.csv
3281,0,0,0,Reader_1_12.csv
3281,3,1,2,Reader_1_2.csv
3281,2,2,0,Reader_1_3.csv
3281,2,2,0,Reader_1_4.csv
3281,0,0,0,Reader_1_5.csv
3281,0,0,0,Reader_1_6.csv
3281,1,0,1,Reader_1_7.csv
3281,0,0,0,Reader_1_8.csv
3281,0,0,0,Reader_1_9.csv
3281,1,0,1,Reader_2_1.csv
3281,0,0,0,Reader_2_10.csv
3281,0,0,0,Reader_2_11.csv
3281,0,0,0,Reader_2_12.csv
3281,0,0,0,Reader_2_2.csv
3281,0,0,0,Reader_2_3.csv
3281,0,0,0,Reader_2_4.csv
3281,0,0,0,Reader_2_5.csv
3281,0,0,0,Reader_2_6.csv
3281,0,0,0,Reader_2_7.csv
3281,0,0,0,Reader_2_8.csv
3281,0,0,0,Reader_2_9.csv
3281,13,13,0,reader_3_1.csv
3281,34,28,6,Reader_3_2.csv
3281,7,7,0,Reader_3_3.csv
3281,7,7,0,Reader_3_4.csv
3281,0,0,0,Reader_3_5.csv
3281,5,4,1,Reader_3_6.csv
3281,7,6,1,Reader_3_7.csv
3282,15,10,5,Reader_1_1.csv
3282,0,0,0,Reader_1_10.csv
3282,1,1,0,Reader_1_11.csv
3282,0,0,0,Reader_1_12.csv
3282,3,1,2,Reader_1_2.csv
3282,3,3,0,Reader_1_3.csv
3282,2,2,0,Reader_1_4.csv
3282,0,0,0,Reader_1_5.csv
3282,0,0,0,Reader_1_6.csv
3282,1,0,1,Reader_1_7.csv
3282,0,0,0,Reader_1_8.csv
3282,0,0,0,Reader_1_9.csv
3282,2,1,1,Reader_2_1.csv
3282,0,0,0,Reader_2_10.csv
3282,0,0,0,Reader_2_11.csv
3282,0,0,0,Reader_2_12.csv
3282,0,0,0,Reader_2_2.csv
3282,0,0,0,Reader_2_3.csv
3282,0,0,0,Reader_2_4.csv
3282,0,0,0,Reader_2_5.csv
3282,0,0,0,Reader_2_6.csv
3282,0,0,0,Reader_2_7.csv
3282,0,0,0,Reader_2_8.csv
3282,0,0,0,Reader_2_9.csv
3282,14,14,0,reader_3_1.csv
3282,29,23,6,Reader_3_2.csv
3282,6,6,0,Reader_3_3.csv
3282,6,6,0,Reader_3_4.csv
3282,0,0,0,Reader_3_5.csv
3282,5,4,1,Reader_3_6.csv
3282,8,7,1,Reader_3_7.csv
3283,12,7,5,Reader_1_1.csv
3283,0,0,0,Reader_1_10.csv
3283,1,1,0,Reader_1_11.csv
3283,0,0,0,Reader_1_12.csv
3283,3,1,2,Reader_1_2.csv
3283,2,2,0,Reader_1_3.csv
3283,2,2,0,Reader_1_4.csv
3283,0,0,0,Reader_1_5.csv
3283,0,0,0,Reader_1_6.csv
3283,1,0,1,Reader_1_7.csv
3283,0,0,0,Reader_1_8.csv
3283,1,1,0,Reader_1_9.csv
3283,2,1,1,Reader_2_1.csv
3283,0,0,0,Reader_2_10.csv
3283,0,0,0,Reader_2_11.csv
3283,0,0,0,Reader_2_12.csv
3283,0,0,0,Reader_2_2.csv
3283,0,0,0,Reader_2_3.csv
3283,0,0,0,Reader_2_4.csv
3283,0,0,0,Reader_2_5.csv
3283,0,0,0,Reader_2_6.csv
3283,0,0,0,Reader_2_7.csv
3283,0,0,0,Reader_2_8.csv
3283,0,0,0,Reader_2_9.csv
3283,14,14,0,reader_3_1.csv
3283,24,21,3,Reader_3_2.csv
3283,4,4,0,Reader_3_3.csv
3283,4,4,0,Reader_3_4.csv
3283,0,0,0,Reader_3_5.csv
3283,5,4,1,Reader_3_6.csv
3283,7,6,1,Reader_3_7.csv
3284,11,7,4,Reader_1_1.csv
3284,0,0,0,Reader_1_10.csv
3284,1,1,0,Reader_1_11.csv
3284,0,0,0,Reader_1_12.csv
3284,1,1,0,Reader_1_2.csv
3284,1,1,0,Reader_1_3.csv
3284,2,2,0,Reader_1_4.csv
3284,1,1,0,Reader_1_5.csv
3284,0,0,0,Reader_1_6.csv
3284,1,0,1,Reader_1_7.csv
3284,0,0,0,Reader_1_8.csv
3284,1,1,0,Reader_1_9.csv
3284,2,1,1,Reader_2_1.csv
3284,0,0,0,Reader_2_10.csv
3284,0,0,0,Reader_2_11.csv
3284,0,0,0,Reader_2_12.csv
3284,0,0,0,Reader_2_2.csv
3284,0,0,0,Reader_2_3.csv
3284,0,0,0,Reader_2_4.csv
3284,0,0,0,Reader_2_5.csv
3284,0,0,0,Reader_2_6.csv
3284,0,0,0,Reader_2_7.csv
3284,0,0,0,Reader_2_8.csv
3284,0,0,0,Reader_2_9.csv
3284,12,12,0,reader_3_1.csv
3284,20,17,3,Reader_3_2.csv
3284,4,4,0,Reader_3_3.csv
3284,4,4,0,Reader_3_4.csv
3284,0,0,0,Reader_3_5.csv
3284,4,3,1,Reader_3_6.csv
3284,8,7,1,Reader_3_7.csv
3285,10,6,4,Reader_1_1.csv
3285,0,0,0,Reader_1_10.csv
3285,0,0,0,Reader_1_11.csv
3285,0,0,0,Reader_1_12.csv
3285,1,1,0,Reader_1_2.csv
3285,2,2,0,Reader_1_3.csv
3285,2,2,0,Reader_1_4.csv
3285,1,1,0,Reader_1_5.csv
3285,0,0,0,Reader_1_6.csv
3285,0,0,0,Reader_1_7.csv
3285,0,0,0,Reader_1_8.csv
3285,1,1,0,Reader_1_9.csv
3285,2,1,1,Reader_2_1.csv
3285,0,0,0,Reader_2_10.csv
3285,0,0,0,Reader_2_11.csv
3285,0,0,0,Reader_2_12.csv
3285,0,0,0,Reader_2_2.csv
3285,0,0,0,Reader_2_3.csv
3285,0,0,0,Reader_2_4.csv
3285,0,0,0,Reader_2_5.csv
3285,0,0,0,Reader_2_6.csv
3285,0,0,0,Reader_2_7.csv
3285,0,0,0,Reader_2_8.csv
3285,0,0,0,Reader_2_9.csv
3285,11,11,0,reader_3_1.csv
3285,15,13,2,Reader_3_2.csv
3285,3,3,0,Reader_3_3.csv
3285,3,3,0,Reader_3_4.csv
3285,0,0,0,Reader_3_5.csv
3285,5,4,1,Reader_3_6.csv
3285,9,8,1,Reader_3_7.csv
3286,8,4,4,Reader_1_1.csv
3286,0,0,0,Reader_1_10.csv
3286,0,0,0,Reader_1_11.csv
3286,0,0,0,Reader_1_12.csv
3286,0,0,0,Reader_1_2.csv
3286,2,2,0,Reader_1_3.csv
3286,1,1,0,Reader_1_4.csv
3286,1,1,0,Reader_1_5.csv
3286,0,0,0,Reader_1_6.csv
3286,0,0,0,Reader_1_7.csv
3286,0,0,0,Reader_1_8.csv
3286,1,1,0,Reader_1_9.csv
3286,2,1,1,Reader_2_1.csv
3286,0,0,0,Reader_2_10.csv
3286,0,0,0,Reader_2_11.csv
3286,0,0,0,Reader_2_12.csv
3286,0,0,0,Reader_2_2.csv
3286,0,0,0,Reader_2_3.csv
3286,0,0,0,Reader_2_4.csv
3286,0,0,0,Reader_2_5.csv
3286,0,0,0,Reader_2_6.csv
3286,0,0,0,Reader_2_7.csv
3286,0,0,0,Reader_2_8.csv
3286,0,0,0,Reader_2_9.csv
3286,13,13,0,reader_3_1.csv
3286,12,9,3,Reader_3_2.csv
3286,3,3,0,Reader_3_3.csv
3286,3,3,0,Reader_3_4.csv
3286,0,0,0,Reader_3_5.csv
3286,4,3,1,Reader_3_6.csv
3286,6,5,1,Reader_3_7.csv
3287,8,4,4,Reader_1_1.csv
3287,0,0,0,Reader_1_10.csv
3287,1,1,0,Reader_1_11.csv
3287,0,0,0,Reader_1_12.csv
3287,0,0,0,Reader_1_2.csv
3287,2,2,0,Reader_1_3.csv
3287,0,0,0,Reader_1_4.csv
3287,1,1,0,Reader_1_5.csv
3287,1,1,0,Reader_1_6.csv
3287,0,0,0,Reader_1_7.csv
3287,0,0,0,Reader_1_8.csv
3287,1,1,0,Reader_1_9.csv
3287,2,1,1,Reader_2_1.csv
3287,0,0,0,Reader_2_10.csv
3287,0,0,0,Reader_2_11.csv
3287,0,0,0,Reader_2_12.csv
3287,0,0,0,Reader_2_2.csv
3287,0,0,0,Reader_2_3.csv
3287,0,0,0,Reader_2_4.csv
3287,0,0,0,Reader_2_5.csv
3287,0,0,0,Reader_2_6.csv
3287,0,0,0,Reader_2_7.csv
3287,0,0,0,Reader_2_8.csv
3287,0,0,0,Reader_2_9.csv
3287,10,10,0,reader_3_1.csv
3287,13,10,3,Reader_3_2.csv
3287,4,4,0,Reader_3_3.csv
3287,4,4,0,Reader_3_4.csv
3287,0,0,0,Reader_3_5.csv
3287,4,3,1,Reader_3_6.csv
3287,5,4,1,Reader_3_7.csv
3288,8,4,4,Reader_1_1.csv
3288,0,0,0,Reader_1_10.csv
3288,1,1,0,Reader_1_11.csv
3288,0,0,0,Reader_1_12.csv
3288,1,1,0,Reader_1_2.csv
3288,3,3,0,Reader_1_3.csv
3288,0,0,0,Reader_1_4.csv
3288,1,1,0,Reader_1_5.csv
3288,1,1,0,Reader_1_6.csv
3288,0,0,0,Reader_1_7.csv
3288,0,0,0,Reader_1_8.csv
3288,1,1,0,Reader_1_9.csv
3288,1,1,0,Reader_2_1.csv
3288,0,0,0,Reader_2_10.csv
3288,0,0,0,Reader_2_11.csv
3288,0,0,0,Reader_2_12.csv
3288,0,0,0,Reader_2_2.csv
3288,0,0,0,Reader_2_3.csv
3288,0,0,0,Reader_2_4.csv
3288,0,0,0,Reader_2_5.csv
3288,0,0,0,Reader_2_6.csv
3288,0,0,0,Reader_2_7.csv
3288,0,0,0,Reader_2_8.csv
3288,0,0,0,Reader_2_9.csv
3288,17,17,0,reader_3_1.csv
3288,13,9,4,Reader_3_2.csv
3288,2,2,0,Reader_3_3.csv
3288,2,2,0,Reader_3_4.csv
3288,0,0,0,Reader_3_5.csv
3288,3,2,1,Reader_3_6.csv
3288,5,3,2,Reader_3_7.csv
3289,5,1,4,Reader_1_1.csv
3289,0,0,0,Reader_1_10.csv
3289,1,1,0,Reader_1_11.csv
3289,0,0,0,Reader_1_12.csv
3289,1,1,0,Reader_1_2.csv
3289,3,3,0,Reader_1_3.csv
3289,1,0,1,Reader_1_4.csv
3289,2,2,0,Reader_1_5.csv
3289,1,1,0,Reader_1_6.csv
3289,0,0,0,Reader_1_7.csv
3289,0,0,0,Reader_1_8.csv
3289,1,1,0,Reader_1_9.csv
3289,1,1,0,Reader_2_1.csv
3289,0,0,0,Reader_2_10.csv
3289,0,0,0,Reader_2_11.csv
3289,0,0,0,Reader_2_12.csv
3289,0,0,0,Reader_2_2.csv
3289,0,0,0,Reader_2_3.csv
3289,0,0,0,Reader_2_4.csv
3289,0,0,0,Reader_2_5.csv
3289,0,0,0,Reader_2_6.csv
3289,0,0,0,Reader_2_7.csv
3289,0,0,0,Reader_2_8.csv
3289,0,0,0,Reader_2_9.csv
3289,18,18,0,reader_3_1.csv
3289,12,8,4,Reader_3_2.csv
3289,1,1,0,Reader_3_3.csv
3289,1,1,0,Reader_3_4.csv
3289,1,1,0,Reader_3_5.csv
3289,4,2,2,Reader_3_6.csv
3289,5,3,2,Reader_3_7.csv
3290,3,1,2,Reader_1_1.csv
3290,0,0,0,Reader_1_10.csv
3290,1,1,0,Reader_1_11.csv
3290,0,0,0,Reader_1_12.csv
3290,2,2,0,Reader_1_2.csv
3290,2,2,0,Reader_1_3.csv
3290,1,0,1,Reader_1_4.csv
3290,2,2,0,Reader_1_5.csv
3290,1,1,0,Reader_1_6.csv
3290,0,0,0,Reader_1_7.csv
3290,0,0,0,Reader_1_8.csv
3290,1,1,0,Reader_1_9.csv
3290,0,0,0,Reader_2_1.csv
3290,0,0,0,Reader_2_10.csv
3290,0,0,0,Reader_2_11.csv
3290,0,0,0,Reader_2_12.csv
3290,0,0,0,Reader_2_2.csv
3290,0,0,0,Reader_2_3.csv
3290,0,0,0,Reader_2_4.csv
3290,0,0,0,Reader_2_5.csv
3290,0,0,0,Reader_2_6.csv
3290,0,0,0,Reader_2_7.csv
3290,0,0,0,Reader_2_8.csv
3290,0,0,0,Reader_2_9.csv
3290,16,16,0,reader_3_1.csv
3290,14,9,5,Reader_3_2.csv
3290,1,1,0,Reader_3_3.csv
3290,1,1,0,Reader_3_4.csv
3290,1,1,0,Reader_3_5.csv
3290,5,3,2,Reader_3_6.csv
3290,4,2,2,Reader_3_7.csv
3291,3,2,1,Reader_1_1.csv
3291,1,1,0,Reader_1_10.csv
3291,1,1,0,Reader_1_11.csv
3291,0,0,0,Reader_1_12.csv
3291,2,2,0,Reader_1_2.csv
3291,4,4,0,Reader_1_3.csv
3291,1,0,1,Reader_1_4.csv
3291,2,2,0,Reader_1_5.csv
3291,1,1,0,Reader_1_6.csv
3291,0,0,0,Reader_1_7.csv
3291,0,0,0,Reader_1_8.csv
3291,0,0,0,Reader_1_9.csv
3291,1,1,0,Reader_2_1.csv
3291,0,0,0,Reader_2_10.csv
3291,0,0,0,Reader_2_11.csv
3291,0,0,0,Reader_2_12.csv
3291,0,0,0,Reader_2_2.csv
3291,0,0,0,Reader_2_3.csv
3291,0,0,0,Reader_2_4.csv
3291,0,0,0,Reader_2_5.csv
3291,0,0,0,Reader_2_6.csv
3291,0,0,0,Reader_2_7.csv
3291,0,0,0,Reader_2_8.csv
3291,0,0,0,Reader_2_9.csv
3291,24,24,0,reader_3_1.csv
3291,18,12,6,Reader_3_2.csv
3291,2,2,0,Reader_3_3.csv
3291,2,2,0,Reader_3_4.csv
3291,1,1,0,Reader_3_5.csv
3291,5,3,2,Reader_3_6.csv
3291,5,3,2,Reader_3_7.csv
3292,3,3,0,Reader_1_1.csv
3292,1,1,0,Reader_1_10.csv
3292,1,1,0,Reader_1_11.csv
3292,0,0,0,Reader_1_12.csv
3292,3,3,0,Reader_1_2.csv
3292,4,4,0,Reader_1_3.csv
3292,1,0,1,Reader_1_4.csv
3292,1,1,0,Reader_1_5.csv
3292,1,1,0,Reader_1_6.csv
3292,0,0,0,Reader_1_7.csv
3292,0,0,0,Reader_1_8.csv
3292,0,0,0,Reader_1_9.csv
3292,1,1,0,Reader_2_1.csv
3292,0,0,0,Reader_2_10.csv
3292,0,0,0,Reader_2_11.csv
3292,0,0,0,Reader_2_12.csv
3292,0,0,0,Reader_2_2.csv
3292,0,0,0,Reader_2_3.csv
3292,0,0,0,Reader_2_4.csv
3292,0,0,0,Reader_2_5.csv
3292,0,0,0,Reader_2_6.csv
3292,0,0,0,Reader_2_7.csv
3292,0,0,0,Reader_2_8.csv
3292,0,0,0,Reader_2_9.csv
3292,26,26,0,reader_3_1.csv
3292,17,11,6,Reader_3_2.csv
3292,2,2,0,Reader_3_3.csv
3292,2,2,0,Reader_3_4.csv
3292,1,1,0,Reader_3_5.csv
3292,6,3,3,Reader_3_6.csv
3292,4,2,2,Reader_3_7.csv
3293,4,4,0,Reader_1_1.csv
3293,1,1,0,Reader_1_10.csv
3293,1,1,0,Reader_1_11.csv
3293,1,1,0,Reader_1_12.csv
3293,3,3,0,Reader_1_2.csv
3293,3,3,0,Reader_1_3.csv
3293,1,0,1,Reader_1_4.csv
3293,1,1,0,Reader_1_5.csv
3293,1,1,0,Reader_1_6.csv
3293,0,0,0,Reader_1_7.csv
3293,0,0,0,Reader_1_8.csv
3293,0,0,0,Reader_1_9.csv
3293,1,1,0,Reader_2_1.csv
3293,0,0,0,Reader_2_10.csv
3293,0,0,0,Reader_2_11.csv
3293,0,0,0,Reader_2_12.csv
3293,0,0,0,Reader_2_2.csv
3293,0,0,0,Reader_2_3.csv
3293,0,0,0,Reader_2_4.csv
3293,0,0,0,Reader_2_5.csv
3293,0,0,0,Reader_2_6.csv
3293,0,0,0,Reader_2_7.csv
3293,0,0,0,Reader_2_8.csv
3293,0,0,0,Reader_2_9.csv
3293,30,30,0,reader_3_1.csv
3293,19,14,5,Reader_3_2.csv
3293,3,3,0,Reader_3_3.csv
3293,3,3,0,Reader_3_4.csv
3293,4,4,0,Reader_3_5.csv
3293,6,3,3,Reader_3_6.csv
3293,3,1,2,Reader_3_7.csv
3294,3,3,0,Reader_1_1.csv
3294,1,1,0,Reader_1_10.csv
3294,1,1,0,Reader_1_11.csv
3294,1,1,0,Reader_1_12.csv
3294,5,5,0,Reader_1_2.csv
3294,3,3,0,Reader_1_3.csv
3294,1,0,1,Reader_1_4.csv
3294,1,1,0,Reader_1_5.csv
3294,1,1,0,Reader_1_6.csv
3294,0,0,0,Reader_1_7.csv
3294,0,0,0,Reader_1_8.csv
3294,0,0,0,Reader_1_9.csv
3294,1,1,0,Reader_2_1.csv
3294,0,0,0,Reader_2_10.csv
3294,0,0,0,Reader_2_11.csv
3294,0,0,0,Reader_2_12.csv
3294,0,0,0,Reader_2_2.csv
3294,0,0,0,Reader_2_3.csv
3294,0,0,0,Reader_2_4.csv
3294,0,0,0,Reader_2_5.csv
3294,0,0,0,Reader_2_6.csv
3294,0,0,0,Reader_2_7.csv
3294,0,0,0,Reader_2_8.csv
3294,0,0,0,Reader_2_9.csv
3294,29,28,1,reader_3_1.csv
3294,20,16,4,Reader_3_2.csv
3294,3,3,0,Reader_3_3.csv
3294,3,3,0,Reader_3_4.csv
3294,4,4,0,Reader_3_5.csv
3294,5,3,2,Reader_3_6.csv
3294,3,1,2,Reader_3_7.csv
3295,3,3,0,Reader_1_1.csv
3295,1,1,0,Reader_1_10.csv
3295,0,0,0,Reader_1_11.csv
3295,1,1,0,Reader_1_12.csv
3295,5,5,0,Reader_1_2.csv
3295,3,3,0,Reader_1_3.csv
3295,1,0,1,Reader_1_4.csv
3295,1,1,0,Reader_1_5.csv
3295,0,0,0,Reader_1_6.csv
3295,0,0,0,Reader_1_7.csv
3295,0,0,0,Reader_1_8.csv
3295,1,0,1,Reader_1_9.csv
3295,1,1,0,Reader_2_1.csv
3295,0,0,0,Reader_2_10.csv
3295,0,0,0,Reader_2_11.csv
3295,0,0,0,Reader_2_12.csv
3295,0,0,0,Reader_2_2.csv
3295,0,0,0,Reader_2_3.csv
3295,0,0,0,Reader_2_4.csv
3295,0,0,0,Reader_2_5.csv
3295,0,0,0,Reader_2_6.csv
3295,0,0,0,Reader_2_7.csv
3295,0,0,0,Reader_2_8.csv
3295,0,0,0,Reader_2_9.csv
3295,33,32,1,reader_3_1.csv
3295,21,16,5,Reader_3_2.csv
3295,2,2,0,Reader_3_3.csv
3295,2,2,0,Reader_3_4.csv
3295,4,4,0,Reader_3_5.csv
3295,6,4,2,Reader_3_6.csv
3295,3,1,2,Reader_3_7.csv
3296,3,3,0,Reader_1_1.csv
3296,1,1,0,Reader_1_10.csv
3296,0,0,0,Reader_1_11.csv
3296,1,1,0,Reader_1_12.csv
3296,4,4,0,Reader_1_2.csv
3296,2,2,0,Reader_1_3.csv
3296,1,0,1,Reader_1_4.csv
3296,1,1,0,Reader_1_5.csv
3296,1,1,0,Reader_1_6.csv
3296,0,0,0,Reader_1_7.csv
3296,0,0,0,Reader_1_8.csv
3296,1,0,1,Reader_1_9.csv
3296,1,1,0,Reader_2_1.csv
3296,0,0,0,Reader_2_10.csv
3296,0,0,0,Reader_2_11.csv
3296,0,0,0,Reader_2_12.csv
3296,0,0,0,Reader_2_2.csv
3296,0,0,0,Reader_2_3.csv
3296,0,0,0,Reader_2_4.csv
3296,0,0,0,Reader_2_5.csv
3296,0,0,0,Reader_2_6.csv
3296,0,0,0,Reader_2_7.csv
3296,1,1,0,Reader_2_8.csv
3296,0,0,0,Reader_2_9.csv
3296,30,29,1,reader_3_1.csv
3296,20,15,5,Reader_3_2.csv
3296,2,2,0,Reader_3_3.csv
3296,2,2,0,Reader_3_4.csv
3296,4,4,0,Reader_3_5.csv
3296,7,4,3,Reader_3_6.csv
3296,1,1,0,Reader_3_7.csv
3297,4,4,0,Reader_1_1.csv
3297,1,1,0,Reader_1_10.csv
3297,0,0,0,Reader_1_11.csv
3297,1,1,0,Reader_1_12.csv
3297,4,4,0,Reader_1_2.csv
3297,2,2,0,Reader_1_3.csv
3297,0,0,0,Reader_1_4.csv
3297,0,0,0,Reader_1_5.csv
3297,1,1,0,Reader_1_6.csv
3297,0,0,0,Reader_1_7.csv
3297,0,0,0,Reader_1_8.csv
3297,1,0,1,Reader_1_9.csv
3297,1,1,0,Reader_2_1.csv
3297,1,0,1,Reader_2_10.csv
3297,0,0,0,Reader_2_11.csv
3297,0,0,0,Reader_2_12.csv
3297,0,0,0,Reader_2_2.csv
3297,0,0,0,Reader_2_3.csv
3297,0,0,0,Reader_2_4.csv
3297,0,0,0,Reader_2_5.csv
3297,0,0,0,Reader_2_6.csv
3297,0,0,0,Reader_2_7.csv
3297,1,1,0,Reader_2_8.csv
3297,0,0,0,Reader_2_9.csv
3297,31,30,1,reader_3_1.csv
3297,18,14,4,Reader_3_2.csv
3297,2,2,0,Reader_3_3.csv
3297,2,2,0,Reader_3_4.csv
3297,3,3,0,Reader_3_5.csv
3297,6,4,2,Reader_3_6.csv
3297,3,3,0,Reader_3_7.csv
3298,5,5,0,Reader_1_1.csv
3298,1,1,0,Reader_1_10.csv
3298,1,1,0,Reader_1_11.csv
3298,1,1,0,Reader_1_12.csv
3298,4,4,0,Reader_1_2.csv
3298,2,2,0,Reader_1_3.csv
3298,0,0,0,Reader_1_4.csv
3298,0,0,0,Reader_1_5.csv
3298,3,2,1,Reader_1_6.csv
3298,0,0,0,Reader_1_7.csv
3298,0,0,0,Reader_1_8.csv
3298,1,0,1,Reader_1_9.csv
3298,1,1,0,Reader_2_1.csv
3298,1,0,1,Reader_2_10.csv
3298,0,0,0,Reader_2_11.csv
3298,0,0,0,Reader_2_12.csv
3298,0,0,0,Reader_2_2.csv
3298,0,0,0,Reader_2_3.csv
3298,0,0,0,Reader_2_4.csv
3298,0,0,0,Reader_2_5.csv
3298,0,0,0,Reader_2_6.csv
3298,0,0,0,Reader_2_7.csv
3298,1,1,0,Reader_2_8.csv
3298,0,0,0,Reader_2_9.csv
3298,34,33,1,reader_3_1.csv
3298,18,15,3,Reader_3_2.csv
3298,2,2,0,Reader_3_3.csv
3298,2,2,0,Reader_3_4.csv
3298,4,4,0,Reader_3_5.csv
3298,5,3,2,Reader_3_6.csv
3298,3,3,0,Reader_3_7.csv
3299,5,5,0,Reader_1_1.csv
3299,0,0,0,Reader_1_10.csv
3299,1,1,0,Reader_1_11.csv
3299,1,1,0,Reader_1_12.csv
3299,5,5,0,Reader_1_2.csv
3299,0,0,0,Reader_1_3.csv
3299,0,0,0,Reader_1_4.csv
3299,0,0,0,Reader_1_5.csv
3299,3,2,1,Reader_1_6.csv
3299,0,0,0,Reader_1_7.csv
3299,0,0,0,Reader_1_8.csv
3299,1,0,1,Reader_1_9.csv
3299,0,0,0,Reader_2_1.csv
3299,1,0,1,Reader_2_10.csv
3299,0,0,0,Reader_2_11.csv
3299,0,0,0,Reader_2_12.csv
3299,0,0,0,Reader_2_2.csv
3299,0,0,0,Reader_2_3.csv
3299,0,0,0,Reader_2_4.csv
3299,0,0,0,Reader_2_5.csv
3299,0,0,0,Reader_2_6.csv
3299,0,0,0,Reader_2_7.csv
3299,1,1,0,Reader_2_8.csv
3299,0,0,0,Reader_2_9.csv
3299,27,26,1,reader_3_1.csv
3299,14,12,2,Reader_3_2.csv
3299,1,1,0,Reader_3_3.csv
3299,1,1,0,Reader_3_4.csv
3299,4,4,0,Reader_3_5.csv
3299,5,3,2,Reader_3_6.csv
3299,3,3,0,Reader_3_7.csv
3300,5,5,0,Reader_1_1.csv
3300,0,0,0,Reader_1_10.csv
3300,1,1,0,Reader_1_11.csv
3300,1,1,0,Reader_1_12.csv
3300,5,4,1,Reader_1_2.csv
3300,0,0,0,Reader_1_3.csv
3300,0,0,0,Reader_1_4.csv
3300,0,0,0,Reader_1_5.csv
3300,3,2,1,Reader_1_6.csv
3300,0,0,0,Reader_1_7.csv
3300,0,0,0,Reader_1_8.csv
3300,1,0,1,Reader_1_9.csv
3300,1,1,0,Reader_2_1.csv
3300,1,0,1,Reader_2_10.csv
3300,0,0,0,Reader_2_11.csv
3300,0,0,0,Reader_2_12.csv
3300,0,0,0,Reader_2_2.csv
3300,0,0,0,Reader_2_3.csv
3300,0,0,0,Reader_2_4.csv
3300,0,0,0,Reader_2_5.csv
3300,0,0,0,Reader_2_6.csv
3300,1,0,1,Reader_2_7.csv
3300,1,1,0,Reader_2_8.csv
3300,0,0,0,Reader_2_9.csv
3300,27,26,1,reader_3_1.csv
3300,17,15,2,Reader_3_2.csv
3300,1,1,0,Reader_3_3.csv
3300,1,1,0,Reader_3_4.csv
3300,7,6,1,Reader_3_5.csv
3300,5,3,2,Reader_3_6.csv
3300,3,3,0,Reader_3_7.csv
3301,4,4,0,Reader_1_1.csv
3301,0,0,0,Reader_1_10.csv
3301,1,1,0,Reader_1_11.csv
3301,0,0,0,Reader_1_12.csv
3301,5,4,1,Reader_1_2.csv
3301,0,0,0,Reader_1_3.csv
3301,0,0,0,Reader_1_4.csv
3301,0,0,0,Reader_1_5.csv
3301,3,2,1,Reader_1_6.csv
3301,0,0,0,Reader_1_7.csv
3301,0,0,0,Reader_1_8.csv
3301,1,0,1,Reader_1_9.csv
3301,1,1,0,Reader_2_1.csv
3301,1,0,1,Reader_2_10.csv
3301,0,0,0,Reader_2_11.csv
3301,0,0,0,Reader_2_12.csv
3301,0,0,0,Reader_2_2.csv
3301,0,0,0,Reader_2_3.csv
3301,0,0,0,Reader_2_4.csv
3301,0,0,0,Reader_2_5.csv
3301,0,0,0,Reader_2_6.csv
3301,1,0,1,Reader_2_7.csv
3301,2,2,0,Reader_2_8.csv
3301,0,0,0,Reader_2_9.csv
3301,25,24,1,reader_3_1.csv
3301,15,13,2,Reader_3_2.csv
3301,0,0,0,Reader_3_3.csv
3301,0,0,0,Reader_3_4.csv
3301,9,5,4,Reader_3_5.csv
3301,4,2,2,Reader_3_6.csv
3301,3,3,0,Reader_3_7.csv
3302,6,5,1,Reader_1_1.csv
3302,0,0,0,Reader_1_10.csv
3302,1,1,0,Reader_1_11.csv
3302,0,0,0,Reader_1_12.csv
3302,4,3,1,Reader_1_2.csv
3302,0,0,0,Reader_1_3.csv
3302,0,0,0,Reader_1_4.csv
3302,0,0,0,Reader_1_5.csv
3302,3,2,1,Reader_1_6.csv
3302,0,0,0,Reader_1_7.csv
3302,0,0,0,Reader_1_8.csv
3302,1,0,1,Reader_1_9.csv
3302,1,1,0,Reader_2_1.csv
3302,1,0,1,Reader_2_10.csv
3302,0,0,0,Reader_2_11.csv
3302,0,0,0,Reader_2_12.csv
3302,0,0,0,Reader_2_2.csv
3302,0,0,0,Reader_2_3.csv
3302,0,0,0,Reader_2_4.csv
3302,0,0,0,Reader_2_5.csv
3302,0,0,0,Reader_2_6.csv
3302,1,0,1,Reader_2_7.csv
3302,2,2,0,Reader_2_8.csv
3302,0,0,0,Reader_2_9.csv
3302,25,25,0,reader_3_1.csv
3302,14,12,2,Reader_3_2.csv
3302,0,0,0,Reader_3_3.csv
3302,0,0,0,Reader_3_4.csv
3302,11,7,4,Reader_3_5.csv
3302,5,3,2,Reader_3_6.csv
3302,3,3,0,Reader_3_7.csv
3303,7,6,1,Reader_1_1.csv
3303,0,0,0,Reader_1_10.csv
3303,1,1,0,Reader_1_11.csv
3303,0,0,0,Reader_1_12.csv
3303,5,4,1,Reader_1_2.csv
3303,0,0,0,Reader_1_3.csv
3303,0,0,0,Reader_1_4.csv
3303,0,0,0,Reader_1_5.csv
3303,3,2,1,Reader_1_6.csv
3303,0,0,0,Reader_1_7.csv
3303,0,0,0,Reader_1_8.csv
3303,1,1,0,Reader_1_9.csv
3303,1,1,0,Reader_2_1.csv
3303,1,0,1,Reader_2_10.csv
3303,0,0,0,Reader_2_11.csv
3303,0,0,0,Reader_2_12.csv
3303,0,0,0,Reader_2_2.csv
3303,0,0,0,Reader_2_3.csv
3303,0,0,0,Reader_2_4.csv
3303,0,0,0,Reader_2_5.csv
3303,0,0,0,Reader_2_6.csv
3303,1,0,1,Reader_2_7.csv
3303,2,2,0,Reader_2_8.csv
3303,0,0,0,Reader_2_9.csv
3303,21,21,0,reader_3_1.csv
3303,14,11,3,Reader_3_2.csv
3303,0,0,0,Reader_3_3.csv
3303,0,0,0,Reader_3_4.csv
3303,11,7,4,Reader_3_5.csv
3303,3,1,2,Reader_3_6.csv
3303,5,5,0,Reader_3_7.csv
3304,7,6,1,Reader_1_1.csv
3304,0,0,0,Reader_1_10.csv
3304,2,1,1,Reader_1_11.csv
3304,0,0,0,Reader_1_12.csv
3304,5,4,1,Reader_1_2.csv
3304,0,0,0,Reader_1_3.csv
3304,0,0,0,Reader_1_4.csv
3304,0,0,0,Reader_1_5.csv
3304,3,2,1,Reader_1_6.csv
3304,0,0,0,Reader_1_7.csv
3304,0,0,0,Reader_1_8.csv
3304,1,1,0,Reader_1_9.csv
3304,1,1,0,Reader_2_1.csv
3304,1,0,1,Reader_2_10.csv
3304,0,0,0,Reader_2_11.csv
3304,0,0,0,Reader_2_12.csv
3304,0,0,0,Reader_2_2.csv
3304,1,1,0,Reader_2_3.csv
3304,0,0,0,Reader_2_4.csv
3304,0,0,0,Reader_2_5.csv
3304,0,0,0,Reader_2_6.csv
3304,1,0,1,Reader_2_7.csv
3304,1,1,0,Reader_2_8.csv
3304,0,0,0,Reader_2_9.csv
3304,19,19,0,reader_3_1.csv
3304,13,11,2,Reader_3_2.csv
3304,0,0,0,Reader_3_3.csv
3304,0,0,0,Reader_3_4.csv
3304,14,9,5,Reader_3_5.csv
3304,3,2,1,Reader_3_6.csv
3304,7,7,0,Reader_3_7.csv
3305,6,5,1,Reader_1_1.csv
3305,0,0,0,Reader_1_10.csv
3305,2,1,1,Reader_1_11.csv
3305,0,0,0,Reader_1_12.csv
3305,6,4,2,Reader_1_2.csv
3305,0,0,0,Reader_1_3.csv
3305,0,0,0,Reader_1_4.csv
3305,0,0,0,Reader_1_5.csv
3305,3,2,1,Reader_1_6.csv
3305,0,0,0,Reader_1_7.csv
3305,0,0,0,Reader_1_8.csv
3305,1,1,0,Reader_1_9.csv
3305,2,2,0,Reader_2_1.csv
3305,0,0,0,Reader_2_10.csv
3305,0,0,0,Reader_2_11.csv
3305,0,0,0,Reader_2_12.csv
3305,0,0,0,Reader_2_2.csv
3305,1,1,0,Reader_2_3.csv
3305,0,0,0,Reader_2_4.csv
3305,0,0,0,Reader_2_5.csv
3305,0,0,0,Reader_2_6.csv
3305,1,0,1,Reader_2_7.csv
3305,2,2,0,Reader_2_8.csv
3305,0,0,0,Reader_2_9.csv
3305,20,20,0,reader_3_1.csv
3305,13,11,2,Reader_3_2.csv
3305,0,0,0,Reader_3_3.csv
3305,0,0,0,Reader_3_4.csv
3305,14,9,5,Reader_3_5.csv
3305,3,2,1,Reader_3_6.csv
3305,5,5,0,Reader_3_7.csv
3306,6,5,1,Reader_1_1.csv
3306,0,0,0,Reader_1_10.csv
3306,2,1,1,Reader_1_11.csv
3306,0,0,0,Reader_1_12.csv
3306,5,3,2,Reader_1_2.csv
3306,0,0,0,Reader_1_3.csv
3306,0,0,0,Reader_1_4.csv
3306,0,0,0,Reader_1_5.csv
3306,1,1,0,Reader_1_6.csv
3306,0,0,0,Reader_1_7.csv
3306,0,0,0,Reader_1_8.csv
3306,1,1,0,Reader_1_9.csv
3306,2,2,0,Reader_2_1.csv
3306,0,0,0,Reader_2_10.csv
3306,0,0,0,Reader_2_11.csv
3306,0,0,0,Reader_2_12.csv
3306,1,1,0,Reader_2_2.csv
3306,1,1,0,Reader_2_3.csv
3306,0,0,0,Reader_2_4.csv
3306,0,0,0,Reader_2_5.csv
3306,0,0,0,Reader_2_6.csv
3306,1,0,1,Reader_2_7.csv
3306,2,2,0,Reader_2_8.csv
3306,0,0,0,Reader_2_9.csv
3306,17,16,1,reader_3_1.csv
3306,11,9,2,Reader_3_2.csv
3306,0,0,0,Reader_3_3.csv
3306,0,0,0,Reader_3_4.csv
3306,13,8,5,Reader_3_5.csv
3306,3,2,1,Reader_3_6.csv
3306,6,5,1,Reader_3_7.csv
3307,6,5,1,Reader_1_1.csv
3307,0,0,0,Reader_1_10.csv
3307,3,2,1,Reader_1_11.csv
3307,0,0,0,Reader_1_12.csv
3307,7,5,2,Reader_1_2.csv
3307,0,0,0,Reader_1_3.csv
3307,0,0,0,Reader_1_4.csv
3307,0,0,0,Reader_1_5.csv
3307,1,1,0,Reader_1_6.csv
3307,0,0,0,Reader_1_7.csv
3307,0,0,0,Reader_1_8.csv
3307,1,1,0,Reader_1_9.csv
3307,2,2,0,Reader_2_1.csv
3307,0,0,0,Reader_2_10.csv
3307,0,0,0,Reader_2_11.csv
3307,0,0,0,Reader_2_12.csv
3307,1,1,0,Reader_2_2.csv
3307,1,1,0,Reader_2_3.csv
3307,0,0,0,Reader_2_4.csv
3307,0,0,0,Reader_2_5.csv
3307,0,0,0,Reader_2_6.csv
3307,1,0,1,Reader_2_7.csv
3307,2,2,0,Reader_2_8.csv
3307,0,0,0,Reader_2_9.csv
3307,18,17,1,reader_3_1.csv
3307,9,7,2,Reader_3_2.csv
3307,1,1,0,Reader_3_3.csv
3307,1,1,0,Reader_3_4.csv
3307,13,8,5,Reader_3_5.csv
3307,3,2,1,Reader_3_6.csv
3307,9,8,1,Reader_3_7.csv
3308,6,5,1,Reader_1_1.csv
3308,0,0,0,Reader_1_10.csv
3308,3,2,1,Reader_1_11.csv
3308,0,0,0,Reader_1_12.csv
3308,6,5,1,Reader_1_2.csv
3308,0,0,0,Reader_1_3.csv
3308,0,0,0,Reader_1_4.csv
3308,0,0,0,Reader_1_5.csv
3308,1,1,0,Reader_1_6.csv
3308,0,0,0,Reader_1_7.csv
3308,0,0,0,Reader_1_8.csv
3308,1,1,0,Reader_1_9.csv
3308,2,2,0,Reader_2_1.csv
3308,0,0,0,Reader_2_10.csv
3308,0,0,0,Reader_2_11.csv
3308,0,0,0,Reader_2_12.csv
3308,1,1,0,Reader_2_2.csv
3308,1,1,0,Reader_2_3.csv
3308,0,0,0,Reader_2_4.csv
3308,0,0,0,Reader_2_5.csv
3308,0,0,0,Reader_2_6.csv
3308,0,0,0,Reader_2_7.csv
3308,2,2,0,Reader_2_8.csv
3308,0,0,0,Reader_2_9.csv
3308,17,16,1,reader_3_1.csv
3308,7,5,2,Reader_3_2.csv
3308,1,1,0,Reader_3_3.csv
3308,1,1,0,Reader_3_4.csv
3308,11,7,4,Reader_3_5.csv
3308,5,4,1,Reader_3_6.csv
3308,14,13,1,Reader_3_7.csv
3309,7,5,2,Reader_1_1.csv
3309,0,0,0,Reader_1_10.csv
3309,3,2,1,Reader_1_11.csv
3309,0,0,0,Reader_1_12.csv
3309,6,5,1,Reader_1_2.csv
3309,0,0,0,Reader_1_3.csv
3309,0,0,0,Reader_1_4.csv
3309,0,0,0,Reader_1_5.csv
3309,1,1,0,Reader_1_6.csv
3309,0,0,0,Reader_1_7.csv
3309,0,0,0,Reader_1_8.csv
3309,1,1,0,Reader_1_9.csv
3309,2,2,0,Reader_2_1.csv
3309,0,0,0,Reader_2_10.csv
3309,0,0,0,Reader_2_11.csv
3309,0,0,0,Reader_2_12.csv
3309,1,1,0,Reader_2_2.csv
3309,2,2,0,Reader_2_3.csv
3309,0,0,0,Reader_2_4.csv
3309,0,0,0,Reader_2_5.csv
3309,0,0,0,Reader_2_6.csv
3309,0,0,0,Reader_2_7.csv
3309,1,1,0,Reader_2_8.csv
3309,0,0,0,Reader_2_9.csv
3309,15,14,1,reader_3_1.csv
3309,6,4,2,Reader_3_2.csv
3309,1,1,0,Reader_3_3.csv
3309,1,1,0,Reader_3_4.csv
3309,7,6,1,Reader_3_5.csv
3309,6,5,1,Reader_3_6.csv
3309,17,16,1,Reader_3_7.csv
3310,6,4,2,Reader_1_1.csv
3310,0,0,0,Reader_1_10.csv
3310,3,2,1,Reader_1_11.csv
3310,0,0,0,Reader_1_12.csv
3310,5,4,1,Reader_1_2.csv
3310,0,0,0,Reader_1_3.csv
3310,0,0,0,Reader_1_4.csv
3310,0,0,0,Reader_1_5.csv
3310,2,2,0,Reader_1_6.csv
3310,0,0,0,Reader_1_7.csv
3310,0,0,0,Reader_1_8.csv
3310,1,1,0,Reader_1_9.csv
3310,2,2,0,Reader_2_1.csv
3310,0,0,0,Reader_2_10.csv
3310,0,0,0,Reader_2_11.csv
3310,0,0,0,Reader_2_12.csv
3310,1,1,0,Reader_2_2.csv
3310,2,2,0,Reader_2_3.csv
3310,0,0,0,Reader_2_4.csv
3310,0,0,0,Reader_2_5.csv
3310,0,0,0,Reader_2_6.csv
3310,0,0,0,Reader_2_7.csv
3310,2,2,0,Reader_2_8.csv
3310,0,0,0,Reader_2_9.csv
3310,14,13,1,reader_3_1.csv
3310,6,4,2,Reader_3_2.csv
3310,1,1,0,Reader_3_3.csv
3310,1,1,0,Reader_3_4.csv
3310,5,4,1,Reader_3_5.csv
3310,5,4,1,Reader_3_6.csv
3310,18,17,1,Reader_3_7.csv
3311,5,3,2,Reader_1_1.csv
3311,0,0,0,Reader_1_10.csv
3311,3,2,1,Reader_1_11.csv
3311,0,0,0,Reader_1_12.csv
3311,5,3,2,Reader_1_2.csv
3311,0,0,0,Reader_1_3.csv
3311,0,0,0,Reader_1_4.csv
3311,0,0,0,Reader_1_5.csv
3311,4,4,0,Reader_1_6.csv
3311,0,0,0,Reader_1_7.csv
3311,0,0,0,Reader_1_8.csv
3311,0,0,0,Reader_1_9.csv
3311,3,3,0,Reader_2_1.csv
3311,0,0,0,Reader_2_10.csv
3311,0,0,0,Reader_2_11.csv
3311,0,0,0,Reader_2_12.csv
3311,1,1,0,Reader_2_2.csv
3311,2,2,0,Reader_2_3.csv
3311,0,0,0,Reader_2_4.csv
3311,0,0,0,Reader_2_5.csv
3311,0,0,0,Reader_2_6.csv
3311,0,0,0,Reader_2_7.csv
3311,3,2,1,Reader_2_8.csv
3311,0,0,0,Reader_2_9.csv
3311,14,13,1,reader_3_1.csv
3311,3,3,0,Reader_3_2.csv
3311,1,1,0,Reader_3_3.csv
3311,1,1,0,Reader_3_4.csv
3311,5,4,1,Reader_3_5.csv
3311,6,5,1,Reader_3_6.csv
3311,18,17,1,Reader_3_7.csv
3312,6,3,3,Reader_1_1.csv
3312,0,0,0,Reader_1_10.csv
3312,3,3,0,Reader_1_11.csv
3312,0,0,0,Reader_1_12.csv
3312,5,3,2,Reader_1_2.csv
3312,0,0,0,Reader_1_3.csv
3312,0,0,0,Reader_1_4.csv
3312,0,0,0,Reader_1_5.csv
3312,3,3,0,Reader_1_6.csv
3312,0,0,0,Reader_1_7.csv
3312,0,0,0,Reader_1_8.csv
3312,0,0,0,Reader_1_9.csv
3312,3,3,0,Reader_2_1.csv
3312,0,0,0,Reader_2_10.csv
3312,1,0,1,Reader_2_11.csv
3312,0,0,0,Reader_2_12.csv
3312,1,1,0,Reader_2_2.csv
3312,1,1,0,Reader_2_3.csv
3312,0,0,0,Reader_2_4.csv
3312,0,0,0,Reader_2_5.csv
3312,0,0,0,Reader_2_6.csv
3312,0,0,0,Reader_2_7.csv
3312,3,2,1,Reader_2_8.csv
3312,0,0,0,Reader_2_9.csv
3312,15,14,1,reader_3_1.csv
3312,3,3,0,Reader_3_2.csv
3312,1,1,0,Reader_3_3.csv
3312,1,1,0,Reader_3_4.csv
3312,3,3,0,Reader_3_5.csv
3312,6,5,1,Reader_3_6.csv
3312,19,17,2,Reader_3_7.csv
3313,7,3,4,Reader_1_1.csv
3313,0,0,0,Reader_1_10.csv
3313,3,3,0,Reader_1_11.csv
3313,0,0,0,Reader_1_12.csv
3313,4,3,1,Reader_1_2.csv
3313,0,0,0,Reader_1_3.csv
3313,0,0,0,Reader_1_4.csv
3313,0,0,0,Reader_1_5.csv
3313,3,3,0,Reader_1_6.csv
3313,0,0,0,Reader_1_7.csv
3313,0,0,0,Reader_1_8.csv
3313,1,1,0,Reader_1_9.csv
3313,2,2,0,Reader_2_1.csv
3313,0,0,0,Reader_2_10.csv
3313,1,0,1,Reader_2_11.csv
3313,0,0,0,Reader_2_12.csv
3313,1,1,0,Reader_2_2.csv
3313,1,1,0,Reader_2_3.csv
3313,0,0,0,Reader_2_4.csv
3313,0,0,0,Reader_2_5.csv
3313,0,0,0,Reader_2_6.csv
3313,0,0,0,Reader_2_7.csv
3313,2,1,1,Reader_2_8.csv
3313,0,0,0,Reader_2_9.csv
3313,13,12,1,reader_3_1.csv
3313,5,3,2,Reader_3_2.csv
3313,1,1,0,Reader_3_3.csv
3313,1,1,0,Reader_3_4.csv
3313,4,4,0,Reader_3_5.csv
3313,8,6,2,Reader_3_6.csv
3313,20,18,2,Reader_3_7.csv
3314,6,2,4,Reader_1_1.csv
3314,0,0,0,Reader_1_10.csv
3314,2,2,0,Reader_1_11.csv
3314,0,0,0,Reader_1_12.csv
3314,5,3,2,Reader_1_2.csv
3314,0,0,0,Reader_1_3.csv
3314,0,0,0,Reader_1_4.csv
3314,1,0,1,Reader_1_5.csv
3314,3,3,0,Reader_1_6.csv
3314,0,0,0,Reader_1_7.csv
3314,0,0,0,Reader_1_8.csv
3314,1,1,0,Reader_1_9.csv
3314,2,2,0,Reader_2_1.csv
3314,0,0,0,Reader_2_10.csv
3314,1,0,1,Reader_2_11.csv
3314,0,0,0,Reader_2_12.csv
3314,0,0,0,Reader_2_2.csv
3314,2,1,1,Reader_2_3.csv
3314,0,0,0,Reader_2_4.csv
3314,0,0,0,Reader_2_5.csv
3314,0,0,0,Reader_2_6.csv
3314,0,0,0,Reader_2_7.csv
3314,2,1,1,Reader_2_8.csv
3314,0,0,0,Reader_2_9.csv
3314,11,11,0,reader_3_1.csv
3314,8,5,3,Reader_3_2.csv
3314,2,2,0,Reader_3_3.csv
3314,2,2,0,Reader_3_4.csv
3314,5,4,1,Reader_3_5.csv
3314,10,8,2,Reader_3_6.csv
3314,21,20,1,Reader_3_7.csv
3315,5,1,4,Reader_1_1.csv
3315,0,0,0,Reader_1_10.csv
3315,2,2,0,Reader_1_11.csv
3315,0,0,0,Reader_1_12.csv
3315,2,0,2,Reader_1_2.csv
3315,0,0,0,Reader_1_3.csv
3315,1,1,0,Reader_1_4.csv
3315,1,0,1,Reader_1_5.csv
3315,3,3,0,Reader_1_6.csv
3315,0,0,0,Reader_1_7.csv
3315,0,0,0,Reader_1_8.csv
3315,1,1,0,Reader_1_9.csv
3315,2,2,0,Reader_2_1.csv
3315,0,0,0,Reader_2_10.csv
3315,1,0,1,Reader_2_11.csv
3315,0,0,0,Reader_2_12.csv
3315,0,0,0,Reader_2_2.csv
3315,2,1,1,Reader_2_3.csv
3315,0,0,0,Reader_2_4.csv
3315,0,0,0,Reader_2_5.csv
3315,0,0,0,Reader_2_6.csv
3315,0,0,0,Reader_2_7.csv
3315,3,1,2,Reader_2_8.csv
3315,0,0,0,Reader_2_9.csv
3315,9,9,0,reader_3_1.csv
3315,8,5,3,Reader_3_2.csv
3315,1,1,0,Reader_3_3.csv
3315,1,1,0,Reader_3_4.csv
3315,5,4,1,Reader_3_5.csv
3315,11,9,2,Reader_3_6.csv
3315,17,16,1,Reader_3_7.csv
3316,4,0,4,Reader_1_1.csv
3316,0,0,0,Reader_1_10.csv
3316,2,2,0,Reader_1_11.csv
3316,0,0,0,Reader_1_12.csv
3316,2,0,2,Reader_1_2.csv
3316,1,1,0,Reader_1_3.csv
3316,1,1,0,Reader_1_4.csv
3316,1,0,1,Reader_1_5.csv
3316,3,3,0,Reader_1_6.csv
3316,0,0,0,Reader_1_7.csv
3316,0,0,0,Reader_1_8.csv
3316,1,1,0,Reader_1_9.csv
3316,2,2,0,Reader_2_1.csv
3316,0,0,0,Reader_2_10.csv
3316,1,0,1,Reader_2_11.csv
3316,0,0,0,Reader_2_12.csv
3316,0,0,0,Reader_2_2.csv
3316,2,1,1,Reader_2_3.csv
3316,0,0,0,Reader_2_4.csv
3316,0,0,0,Reader_2_5.csv
3316,0,0,0,Reader_2_6.csv
3316,0,0,0,Reader_2_7.csv
3316,4,2,2,Reader_2_8.csv
3316,0,0,0,Reader_2_9.csv
3316,8,8,0,reader_3_1.csv
3316,8,4,4,Reader_3_2.csv
3316,1,1,0,Reader_3_3.csv
3316,1,1,0,Reader_3_4.csv
3316,5,4,1,Reader_3_5.csv
3316,9,8,1,Reader_3_6.csv
3316,12,11,1,Reader_3_7.csv
3317,4,0,4,Reader_1_1.csv
3317,0,0,0,Reader_1_10.csv
3317,2,2,0,Reader_1_11.csv
3317,0,0,0,Reader_1_12.csv
3317,3,0,3,Reader_1_2.csv
3317,1,1,0,Reader_1_3.csv
3317,1,1,0,Reader_1_4.csv
3317,1,0,1,Reader_1_5.csv
3317,3,3,0,Reader_1_6.csv
3317,0,0,0,Reader_1_7.csv
3317,0,0,0,Reader_1_8.csv
3317,1,1,0,Reader_1_9.csv
3317,2,2,0,Reader_2_1.csv
3317,0,0,0,Reader_2_10.csv
3317,1,0,1,Reader_2_11.csv
3317,0,0,0,Reader_2_12.csv
3317,0,0,0,Reader_2_2.csv
3317,1,0,1,Reader_2_3.csv
3317,0,0,0,Reader_2_4.csv
3317,0,0,0,Reader_2_5.csv
3317,0,0,0,Reader_2_6.csv
3317,0,0,0,Reader_2_7.csv
3317,4,2,2,Reader_2_8.csv
3317,0,0,0,Reader_2_9.csv
3317,7,7,0,reader_3_1.csv
3317,9,5,4,Reader_3_2.csv
3317,1,1,0,Reader_3_3.csv
3317,1,1,0,Reader_3_4.csv
3317,5,4,1,Reader_3_5.csv
3317,8,7,1,Reader_3_6.csv
3317,10,9,1,Reader_3_7.csv
3318,3,0,3,Reader_1_1.csv
3318,0,0,0,Reader_1_10.csv
3318,2,2,0,Reader_1_11.csv
3318,0,0,0,Reader_1_12.csv
3318,4,1,3,Reader_1_2.csv
3318,1,1,0,Reader_1_3.csv
3318,1,1,0,Reader_1_4.csv
3318,1,0,1,Reader_1_5.csv
3318,2,2,0,Reader_1_6.csv
3318,0,0,0,Reader_1_7.csv
3318,0,0,0,Reader_1_8.csv
3318,1,1,0,Reader_1_9.csv
3318,2,2,0,Reader_2_1.csv
3318,0,0,0,Reader_2_10.csv
3318,1,0,1,Reader_2_11.csv
3318,0,0,0,Reader_2_12.csv
3318,1,1,0,Reader_2_2.csv
3318,2,1,1,Reader_2_3.csv
3318,0,0,0,Reader_2_4.csv
3318,0,0,0,Reader_2_5.csv
3318,0,0,0,Reader_2_6.csv
3318,0,0,0,Reader_2_7.csv
3318,3,1,2,Reader_2_8.csv
3318,0,0,0,Reader_2_9.csv
3318,8,7,1,reader_3_1.csv
3318,10,5,5,Reader_3_2.csv
3318,1,1,0,Reader_3_3.csv
3318,1,1,0,Reader_3_4.csv
3318,5,4,1,Reader_3_5.csv
3318,10,9,1,Reader_3_6.csv
3318,10,9,1,Reader_3_7.csv
3319,4,0,4,Reader_1_1.csv
3319,0,0,0,Reader_1_10.csv
3319,2,2,0,Reader_1_11.csv
3319,0,0,0,Reader_1_12.csv
3319,3,1,2,Reader_1_2.csv
3319,1,1,0,Reader_1_3.csv
3319,1,1,0,Reader_1_4.csv
3319,2,1,1,Reader_1_5.csv
3319,0,0,0,Reader_1_6.csv
3319,0,0,0,Reader_1_7.csv
3319,0,0,0,Reader_1_8.csv
3319,1,1,0,Reader_1_9.csv
3319,2,2,0,Reader_2_1.csv
3319,0,0,0,Reader_2_10.csv
3319,1,0,1,Reader_2_11.csv
3319,0,0,0,Reader_2_12.csv
3319,1,1,0,Reader_2_2.csv
3319,2,1,1,Reader_2_3.csv
3319,0,0,0,Reader_2_4.csv
3319,0,0,0,Reader_2_5.csv
3319,0,0,0,Reader_2_6.csv
3319,0,0,0,Reader_2_7.csv
3319,3,2,1,Reader_2_8.csv
3319,0,0,0,Reader_2_9.csv
3319,7,6,1,reader_3_1.csv
3319,11,6,5,Reader_3_2.csv
3319,2,1,1,Reader_3_3.csv
3319,2,1,1,Reader_3_4.csv
3319,7,6,1,Reader_3_5.csv
3319,10,9,1,Reader_3_6.csv
3319,8,7,1,Reader_3_7.csv
3320,4,0,4,Reader_1_1.csv
3320,0,0,0,Reader_1_10.csv
3320,1,1,0,Reader_1_11.csv
3320,0,0,0,Reader_1_12.csv
3320,3,1,2,Reader_1_2.csv
3320,2,2,0,Reader_1_3.csv
3320,1,1,0,Reader_1_4.csv
3320,2,1,1,Reader_1_5.csv
3320,0,0,0,Reader_1_6.csv
3320,0,0,0,Reader_1_7.csv
3320,0,0,0,Reader_1_8.csv
3320,1,1,0,Reader_1_9.csv
3320,3,3,0,Reader_2_1.csv
3320,0,0,0,Reader_2_10.csv
3320,0,0,0,Reader_2_11.csv
3320,0,0,0,Reader_2_12.csv
3320,2,2,0,Reader_2_2.csv
3320,2,1,1,Reader_2_3.csv
3320,0,0,0,Reader_2_4.csv
3320,0,0,0,Reader_2_5.csv
3320,0,0,0,Reader_2_6.csv
3320,0,0,0,Reader_2_7.csv
3320,4,3,1,Reader_2_8.csv
3320,0,0,0,Reader_2_9.csv
3320,4,3,1,reader_3_1.csv
3320,11,6,5,Reader_3_2.csv
3320,2,1,1,Reader_3_3.csv
3320,2,1,1,Reader_3_4.csv
3320,6,5,1,Reader_3_5.csv
3320,13,12,1,Reader_3_6.csv
3320,5,5,0,Reader_3_7.csv
3321,3,0,3,Reader_1_1.csv
3321,0,0,0,Reader_1_10.csv
3321,1,1,0,Reader_1_11.csv
3321,0,0,0,Reader_1_12.csv
3321,3,1,2,Reader_1_2.csv
3321,3,3,0,Reader_1_3.csv
3321,1,1,0,Reader_1_4.csv
3321,2,1,1,Reader_1_5.csv
3321,0,0,0,Reader_1_6.csv
3321,0,0,0,Reader_1_7.csv
3321,0,0,0,Reader_1_8.csv
3321,0,0,0,Reader_1_9.csv
3321,3,3,0,Reader_2_1.csv
3321,0,0,0,Reader_2_10.csv
3321,0,0,0,Reader_2_11.csv
3321,0,0,0,Reader_2_12.csv
3321,2,2,0,Reader_2_2.csv
3321,2,1,1,Reader_2_3.csv
3321,0,0,0,Reader_2_4.csv
3321,0,0,0,Reader_2_5.csv
3321,0,0,0,Reader_2_6.csv
3321,0,0,0,Reader_2_7.csv
3321,4,3,1,Reader_2_8.csv
3321,0,0,0,Reader_2_9.csv
3321,3,2,1,reader_3_1.csv
3321,9,6,3,Reader_3_2.csv
3321,2,1,1,Reader_3_3.csv
3321,2,1,1,Reader_3_4.csv
3321,7,6,1,Reader_3_5.csv
3321,15,15,0,Reader_3_6.csv
3321,4,4,0,Reader_3_7.csv
3322,3,0,3,Reader_1_1.csv
3322,0,0,0,Reader_1_10.csv
3322,1,1,0,Reader_1_11.csv
3322,1,1,0,Reader_1_12.csv
3322,2,1,1,Reader_1_2.csv
3322,3,3,0,Reader_1_3.csv
3322,1,1,0,Reader_1_4.csv
3322,1,1,0,Reader_1_5.csv
3322,0,0,0,Reader_1_6.csv
3322,0,0,0,Reader_1_7.csv
3322,1,0,1,Reader_1_8.csv
3322,0,0,0,Reader_1_9.csv
3322,3,3,0,Reader_2_1.csv
3322,0,0,0,Reader_2_10.csv
3322,0,0,0,Reader_2_11.csv
3322,0,0,0,Reader_2_12.csv
3322,2,2,0,Reader_2_2.csv
3322,1,1,0,Reader_2_3.csv
3322,0,0,0,Reader_2_4.csv
3322,0,0,0,Reader_2_5.csv
3322,0,0,0,Reader_2_6.csv
3322,0,0,0,Reader_2_7.csv
3322,4,3,1,Reader_2_8.csv
3322,0,0,0,Reader_2_9.csv
3322,4,3,1,reader_3_1.csv
3322,7,4,3,Reader_3_2.csv
3322,1,0,1,Reader_3_3.csv
3322,1,0,1,Reader_3_4.csv
3322,7,7,0,Reader_3_5.csv
3322,14,14,0,Reader_3_6.csv
3322,2,2,0,Reader_3_7.csv
3323,3,0,3,Reader_1_1.csv
3323,0,0,0,Reader_1_10.csv
3323,0,0,0,Reader_1_11.csv
3323,1,1,0,Reader_1_12.csv
3323,2,1,1,Reader_1_2.csv
3323,4,3,1,Reader_1_3.csv
3323,1,1,0,Reader_1_4.csv
3323,1,1,0,Reader_1_5.csv
3323,1,1,0,Reader_1_6.csv
3323,0,0,0,Reader_1_7.csv
3323,1,0,1,Reader_1_8.csv
3323,1,1,0,Reader_1_9.csv
3323,3,3,0,Reader_2_1.csv
3323,0,0,0,Reader_2_10.csv
3323,0,0,0,Reader_2_11.csv
3323,0,0,0,Reader_2_12.csv
3323,2,2,0,Reader_2_2.csv
3323,1,1,0,Reader_2_3.csv
3323,0,0,0,Reader_2_4.csv
3323,0,0,0,Reader_2_5.csv
3323,0,0,0,Reader_2_6.csv
3323,0,0,0,Reader_2_7.csv
3323,4,4,0,Reader_2_8.csv
3323,0,0,0,Reader_2_9.csv
3323,4,3,1,reader_3_1.csv
3323,8,4,4,Reader_3_2.csv
3323,2,1,1,Reader_3_3.csv
3323,2,1,1,Reader_3_4.csv
3323,7,7,0,Reader_3_5.csv
3323,17,17,0,Reader_3_6.csv
3323,2,2,0,Reader_3_7.csv
3324,3,0,3,Reader_1_1.csv
3324,0,0,0,Reader_1_10.csv
3324,0,0,0,Reader_1_11.csv
3324,1,1,0,Reader_1_12.csv
3324,2,1,1,Reader_1_2.csv
3324,3,2,1,Reader_1_3.csv
3324,1,1,0,Reader_1_4.csv
3324,1,1,0,Reader_1_5.csv
3324,1,1,0,Reader_1_6.csv
3324,0,0,0,Reader_1_7.csv
3324,1,0,1,Reader_1_8.csv
3324,1,1,0,Reader_1_9.csv
3324,3,3,0,Reader_2_1.csv
3324,0,0,0,Reader_2_10.csv
3324,0,0,0,Reader_2_11.csv
3324,0,0,0,Reader_2_12.csv
3324,2,2,0,Reader_2_2.csv
3324,1,1,0,Reader_2_3.csv
3324,0,0,0,Reader_2_4.csv
3324,0,0,0,Reader_2_5.csv
3324,0,0,0,Reader_2_6.csv
3324,0,0,0,Reader_2_7.csv
3324,3,3,0,Reader_2_8.csv
3324,0,0,0,Reader_2_9.csv
3324,4,3,1,reader_3_1.csv
3324,8,5,3,Reader_3_2.csv
3324,2,1,1,Reader_3_3.csv
3324,2,1,1,Reader_3_4.csv
3324,6,6,0,Reader_3_5.csv
3324,18,18,0,Reader_3_6.csv
3324,3,3,0,Reader_3_7.csv
3325,3,1,2,Reader_1_1.csv
3325,0,0,0,Reader_1_10.csv
3325,0,0,0,Reader_1_11.csv
3325,1,1,0,Reader_1_12.csv
3325,2,2,0,Reader_1_2.csv
3325,3,2,1,Reader_1_3.csv
3325,2,1,1,Reader_1_4.csv
3325,1,1,0,Reader_1_5.csv
3325,1,1,0,Reader_1_6.csv
3325,0,0,0,Reader_1_7.csv
3325,1,0,1,Reader_1_8.csv
3325,1,1,0,Reader_1_9.csv
3325,3,3,0,Reader_2_1.csv
3325,0,0,0,Reader_2_10.csv
3325,0,0,0,Reader_2_11.csv
3325,0,0,0,Reader_2_12.csv
3325,2,2,0,Reader_2_2.csv
3325,1,1,0,Reader_2_3.csv
3325,0,0,0,Reader_2_4.csv
3325,0,0,0,Reader_2_5.csv
3325,0,0,0,Reader_2_6.csv
3325,0,0,0,Reader_2_7.csv
3325,3,3,0,Reader_2_8.csv
3325,0,0,0,Reader_2_9.csv
3325,5,4,1,reader_3_1.csv
3325,8,5,3,Reader_3_2.csv
3325,3,2,1,Reader_3_3.csv
3325,3,2,1,Reader_3_4.csv
3325,5,5,0,Reader_3_5.csv
3325,19,19,0,Reader_3_6.csv
3325,2,2,0,Reader_3_7.csv
3326,4,2,2,Reader_1_1.csv
3326,0,0,0,Reader_1_10.csv
3326,0,0,0,Reader_1_11.csv
3326,1,1,0,Reader_1_12.csv
3326,1,1,0,Reader_1_2.csv
3326,3,2,1,Reader_1_3.csv
3326,2,1,1,Reader_1_4.csv
3326,1,1,0,Reader_1_5.csv
3326,1,1,0,Reader_1_6.csv
3326,0,0,0,Reader_1_7.csv
3326,1,0,1,Reader_1_8.csv
3326,1,1,0,Reader_1_9.csv
3326,3,3,0,Reader_2_1.csv
3326,0,0,0,Reader_2_10.csv
3326,0,0,0,Reader_2_11.csv
3326,0,0,0,Reader_2_12.csv
3326,1,1,0,Reader_2_2.csv
3326,0,0,0,Reader_2_3.csv
3326,0,0,0,Reader_2_4.csv
3326,0,0,0,Reader_2_5.csv
3326,0,0,0,Reader_2_6.csv
3326,0,0,0,Reader_2_7.csv
3326,4,3,1,Reader_2_8.csv
3326,0,0,0,Reader_2_9.csv
3326,3,3,0,reader_3_1.csv
3326,6,4,2,Reader_3_2.csv
3326,4,3,1,Reader_3_3.csv
3326,4,3,1,Reader_3_4.csv
3326,6,5,1,Reader_3_5.csv
3326,21,21,0,Reader_3_6.csv
3326,1,1,0,Reader_3_7.csv
3327,3,2,1,Reader_1_1.csv
3327,0,0,0,Reader_1_10.csv
3327,0,0,0,Reader_1_11.csv
3327,1,1,0,Reader_1_12.csv
3327,1,1,0,Reader_1_2.csv
3327,3,2,1,Reader_1_3.csv
3327,2,1,1,Reader_1_4.csv
3327,0,0,0,Reader_1_5.csv
3327,1,1,0,Reader_1_6.csv
3327,1,0,1,Reader_1_7.csv
3327,1,0,1,Reader_1_8.csv
3327,1,1,0,Reader_1_9.csv
3327,2,2,0,Reader_2_1.csv
3327,0,0,0,Reader_2_10.csv
3327,0,0,0,Reader_2_11.csv
3327,1,1,0,Reader_2_12.csv
3327,1,1,0,Reader_2_2.csv
3327,0,0,0,Reader_2_3.csv
3327,0,0,0,Reader_2_4.csv
3327,0,0,0,Reader_2_5.csv
3327,0,0,0,Reader_2_6.csv
3327,0,0,0,Reader_2_7.csv
3327,3,2,1,Reader_2_8.csv
3327,0,0,0,Reader_2_9.csv
3327,4,4,0,reader_3_1.csv
3327,5,3,2,Reader_3_2.csv
3327,4,4,0,Reader_3_3.csv
3327,4,4,0,Reader_3_4.csv
3327,4,3,1,Reader_3_5.csv
3327,25,25,0,Reader_3_6.csv
3327,1,1,0,Reader_3_7.csv
3328,3,3,0,Reader_1_1.csv
3328,0,0,0,Reader_1_10.csv
3328,1,0,1,Reader_1_11.csv
3328,1,1,0,Reader_1_12.csv
3328,1,1,0,Reader_1_2.csv
3328,2,1,1,Reader_1_3.csv
3328,2,1,1,Reader_1_4.csv
3328,0,0,0,Reader_1_5.csv
3328,1,1,0,Reader_1_6.csv
3328,2,1,1,Reader_1_7.csv
3328,1,0,1,Reader_1_8.csv
3328,1,1,0,Reader_1_9.csv
3328,1,1,0,Reader_2_1.csv
3328,0,0,0,Reader_2_10.csv
3328,0,0,0,Reader_2_11.csv
3328,1,1,0,Reader_2_12.csv
3328,0,0,0,Reader_2_2.csv
3328,0,0,0,Reader_2_3.csv
3328,0,0,0,Reader_2_4.csv
3328,0,0,0,Reader_2_5.csv
3328,0,0,0,Reader_2_6.csv
3328,0,0,0,Reader_2_7.csv
3328,2,1,1,Reader_2_8.csv
3328,0,0,0,Reader_2_9.csv
3328,4,4,0,reader_3_1.csv
3328,4,2,2,Reader_3_2.csv
3328,4,4,0,Reader_3_3.csv
3328,4,4,0,Reader_3_4.csv
3328,4,3,1,Reader_3_5.csv
3328,22,22,0,Reader_3_6.csv
3328,1,1,0,Reader_3_7.csv
3329,3,3,0,Reader_1_1.csv
3329,0,0,0,Reader_1_10.csv
3329,1,0,1,Reader_1_11.csv
3329,1,1,0,Reader_1_12.csv
3329,1,1,0,Reader_1_2.csv
3329,1,0,1,Reader_1_3.csv
3329,2,1,1,Reader_1_4.csv
3329,0,0,0,Reader_1_5.csv
3329,1,1,0,Reader_1_6.csv
3329,2,1,1,Reader_1_7.csv
3329,1,0,1,Reader_1_8.csv
3329,1,1,0,Reader_1_9.csv
3329,2,2,0,Reader_2_1.csv
3329,0,0,0,Reader_2_10.csv
3329,0,0,0,Reader_2_11.csv
3329,1,1,0,Reader_2_12.csv
3329,1,0,1,Reader_2_2.csv
3329,0,0,0,Reader_2_3.csv
3329,0,0,0,Reader_2_4.csv
3329,0,0,0,Reader_2_5.csv
3329,0,0,0,Reader_2_6.csv
3329,0,0,0,Reader_2_7.csv
3329,2,1,1,Reader_2_8.csv
3329,1,1,0,Reader_2_9.csv
3329,4,3,1,reader_3_1.csv
3329,4,2,2,Reader_3_2.csv
3329,4,4,0,Reader_3_3.csv
3329,4,4,0,Reader_3_4.csv
3329,3,2,1,Reader_3_5.csv
3329,19,19,0,Reader_3_6.csv
3329,2,2,0,Reader_3_7.csv
3330,3,3,0,Reader_1_1.csv
3330,0,0,0,Reader_1_10.csv
3330,1,0,1,Reader_1_11.csv
3330,0,0,0,Reader_1_12.csv
3330,1,1,0,Reader_1_2.csv
3330,1,0,1,Reader_1_3.csv
3330,3,2,1,Reader_1_4.csv
3330,0,0,0,Reader_1_5.csv
3330,1,1,0,Reader_1_6.csv
3330,2,1,1,Reader_1_7.csv
3330,0,0,0,Reader_1_8.csv
3330,1,1,0,Reader_1_9.csv
3330,2,2,0,Reader_2_1.csv
3330,0,0,0,Reader_2_10.csv
3330,0,0,0,Reader_2_11.csv
3330,1,1,0,Reader_2_12.csv
3330,2,1,1,Reader_2_2.csv
3330,0,0,0,Reader_2_3.csv
3330,0,0,0,Reader_2_4.csv
3330,0,0,0,Reader_2_5.csv
3330,0,0,0,Reader_2_6.csv
3330,0,0,0,Reader_2_7.csv
3330,2,1,1,Reader_2_8.csv
3330,1,1,0,Reader_2_9.csv
3330,3,2,1,reader_3_1.csv
3330,3,2,1,Reader_3_2.csv
3330,4,4,0,Reader_3_3.csv
3330,4,4,0,Reader_3_4.csv
3330,3,1,2,Reader_3_5.csv
3330,22,22,0,Reader_3_6.csv
3330,2,2,0,Reader_3_7.csv
3331,3,3,0,Reader_1_1.csv
3331,0,0,0,Reader_1_10.csv
3331,1,0,1,Reader_1_11.csv
3331,0,0,0,Reader_1_12.csv
3331,1,1,0,Reader_1_2.csv
3331,0,0,0,Reader_1_3.csv
3331,3,1,2,Reader_1_4.csv
3331,0,0,0,Reader_1_5.csv
3331,1,1,0,Reader_1_6.csv
3331,3,2,1,Reader_1_7.csv
3331,0,0,0,Reader_1_8.csv
3331,0,0,0,Reader_1_9.csv
3331,2,2,0,Reader_2_1.csv
3331,0,0,0,Reader_2_10.csv
3331,0,0,0,Reader_2_11.csv
3331,1,1,0,Reader_2_12.csv
3331,2,1,1,Reader_2_2.csv
3331,0,0,0,Reader_2_3.csv
3331,0,0,0,Reader_2_4.csv
3331,0,0,0,Reader_2_5.csv
3331,0,0,0,Reader_2_6.csv
3331,0,0,0,Reader_2_7.csv
3331,1,0,1,Reader_2_8.csv
3331,1,1,0,Reader_2_9.csv
3331,3,2,1,reader_3_1.csv
3331,3,3,0,Reader_3_2.csv
3331,3,3,0,Reader_3_3.csv
3331,3,3,0,Reader_3_4.csv
3331,3,1,2,Reader_3_5.csv
3331,19,19,0,Reader_3_6.csv
3331,2,2,0,Reader_3_7.csv
3332,3,3,0,Reader_1_1.csv
3332,0,0,0,Reader_1_10.csv
3332,2,0,2,Reader_1_11.csv
3332,0,0,0,Reader_1_12.csv
3332,1,1,0,Reader_1_2.csv
3332,0,0,0,Reader_1_3.csv
3332,3,1,2,Reader_1_4.csv
3332,0,0,0,Reader_1_5.csv
3332,1,1,0,Reader_1_6.csv
3332,3,2,1,Reader_1_7.csv
3332,0,0,0,Reader_1_8.csv
3332,0,0,0,Reader_1_9.csv
3332,1,1,0,Reader_2_1.csv
3332,0,0,0,Reader_2_10.csv
3332,0,0,0,Reader_2_11.csv
3332,1,1,0,Reader_2_12.csv
3332,2,1,1,Reader_2_2.csv
3332,0,0,0,Reader_2_3.csv
3332,0,0,0,Reader_2_4.csv
3332,0,0,0,Reader_2_5.csv
3332,0,0,0,Reader_2_6.csv
3332,0,0,0,Reader_2_7.csv
3332,1,0,1,Reader_2_8.csv
3332,1,1,0,Reader_2_9.csv
3332,3,2,1,reader_3_1.csv
3332,3,3,0,Reader_3_2.csv
3332,3,3,0,Reader_3_3.csv
3332,3,3,0,Reader_3_4.csv
3332,3,1,2,Reader_3_5.csv
3332,18,18,0,Reader_3_6.csv
3332,2,2,0,Reader_3_7.csv
3333,2,2,0,Reader_1_1.csv
3333,0,0,0,Reader_1_10.csv
3333,2,0,2,Reader_1_11.csv
3333,0,0,0,Reader_1_12.csv
3333,0,0,0,Reader_1_2.csv
3333,0,0,0,Reader_1_3.csv
3333,2,1,1,Reader_1_4.csv
3333,0,0,0,Reader_1_5.csv
3333,1,1,0,Reader_1_6.csv
3333,4,3,1,Reader_1_7.csv
3333,0,0,0,Reader_1_8.csv
3333,0,0,0,Reader_1_9.csv
3333,1,1,0,Reader_2_1.csv
3333,0,0,0,Reader_2_10.csv
3333,0,0,0,Reader_2_11.csv
3333,1,1,0,Reader_2_12.csv
3333,3,2,1,Reader_2_2.csv
3333,1,1,0,Reader_2_3.csv
3333,0,0,0,Reader_2_4.csv
3333,0,0,0,Reader_2_5.csv
3333,0,0,0,Reader_2_6.csv
3333,0,0,0,Reader_2_7.csv
3333,1,0,1,Reader_2_8.csv
3333,1,1,0,Reader_2_9.csv
3333,2,1,1,reader_3_1.csv
3333,2,2,0,Reader_3_2.csv
3333,3,3,0,Reader_3_3.csv
3333,3,3,0,Reader_3_4.csv
3333,3,1,2,Reader_3_5.csv
3333,19,18,1,Reader_3_6.csv
3333,2,2,0,Reader_3_7.csv
3334,1,1,0,Reader_1_1.csv
3334,0,0,0,Reader_1_10.csv
3334,3,0,3,Reader_1_11.csv
3334,0,0,0,Reader_1_12.csv
3334,0,0,0,Reader_1_2.csv
3334,0,0,0,Reader_1_3.csv
3334,2,1,1,Reader_1_4.csv
3334,0,0,0,Reader_1_5.csv
3334,3,3,0,Reader_1_6.csv
3334,5,4,1,Reader_1_7.csv
3334,0,0,0,Reader_1_8.csv
3334,0,0,0,Reader_1_9.csv
3334,1,1,0,Reader_2_1.csv
3334,0,0,0,Reader_2_10.csv
3334,0,0,0,Reader_2_11.csv
3334,1,1,0,Reader_2_12.csv
3334,4,3,1,Reader_2_2.csv
3334,1,1,0,Reader_2_3.csv
3334,0,0,0,Reader_2_4.csv
3334,0,0,0,Reader_2_5.csv
3334,0,0,0,Reader_2_6.csv
3334,0,0,0,Reader_2_7.csv
3334,0,0,0,Reader_2_8.csv
3334,1,1,0,Reader_2_9.csv
3334,2,1,1,reader_3_1.csv
3334,2,2,0,Reader_3_2.csv
3334,2,2,0,Reader_3_3.csv
3334,2,2,0,Reader_3_4.csv
3334,2,1,1,Reader_3_5.csv
3334,19,18,1,Reader_3_6.csv
3334,2,2,0,Reader_3_7.csv
3335,1,1,0,Reader_1_1.csv
3335,0,0,0,Reader_1_10.csv
3335,4,1,3,Reader_1_11.csv
3335,0,0,0,Reader_1_12.csv
3335,0,0,0,Reader_1_2.csv
3335,0,0,0,Reader_1_3.csv
3335,2,1,1,Reader_1_4.csv
3335,0,0,0,Reader_1_5.csv
3335,4,4,0,Reader_1_6.csv
3335,4,4,0,Reader_1_7.csv
3335,0,0,0,Reader_1_8.csv
3335,0,0,0,Reader_1_9.csv
3335,1,1,0,Reader_2_1.csv
3335,0,0,0,Reader_2_10.csv
3335,0,0,0,Reader_2_11.csv
3335,0,0,0,Reader_2_12.csv
3335,4,3,1,Reader_2_2.csv
3335,1,1,0,Reader_2_3.csv
3335,0,0,0,Reader_2_4.csv
3335,0,0,0,Reader_2_5.csv
3335,0,0,0,Reader_2_6.csv
3335,0,0,0,Reader_2_7.csv
3335,0,0,0,Reader_2_8.csv
3335,1,1,0,Reader_2_9.csv
3335,1,0,1,reader_3_1.csv
3335,2,2,0,Reader_3_2.csv
3335,2,2,0,Reader_3_3.csv
3335,2,2,0,Reader_3_4.csv
3335,2,1,1,Reader_3_5.csv
3335,15,13,2,Reader_3_6.csv
3335,4,3,1,Reader_3_7.csv
3336,0,0,0,Reader_1_1.csv
3336,1,1,0,Reader_1_10.csv
3336,3,1,2,Reader_1_11.csv
3336,0,0,0,Reader_1_12.csv
3336,0,0,0,Reader_1_2.csv
3336,1,1,0,Reader_1_3.csv
3336,2,1,1,Reader_1_4.csv
3336,0,0,0,Reader_1_5.csv
3336,5,5,0,Reader_1_6.csv
3336,3,3,0,Reader_1_7.csv
3336,0,0,0,Reader_1_8.csv
3336,0,0,0,Reader_1_9.csv
3336,1,1,0,Reader_2_1.csv
3336,0,0,0,Reader_2_10.csv
3336,0,0,0,Reader_2_11.csv
3336,0,0,0,Reader_2_12.csv
3336,5,4,1,Reader_2_2.csv
3336,1,1,0,Reader_2_3.csv
3336,0,0,0,Reader_2_4.csv
3336,0,0,0,Reader_2_5.csv
3336,0,0,0,Reader_2_6.csv
3336,0,0,0,Reader_2_7.csv
3336,0,0,0,Reader_2_8.csv
3336,1,1,0,Reader_2_9.csv
3336,2,1,1,reader_3_1.csv
3336,2,2,0,Reader_3_2.csv
3336,2,2,0,Reader_3_3.csv
3336,2,2,0,Reader_3_4.csv
3336,2,1,1,Reader_3_5.csv
3336,15,12,3,Reader_3_6.csv
3336,4,3,1,Reader_3_7.csv
3337,1,0,1,Reader_1_1.csv
3337,1,1,0,Reader_1_10.csv
3337,3,1,2,Reader_1_11.csv
3337,0,0,0,Reader_1_12.csv
3337,0,0,0,Reader_1_2.csv
3337,1,1,0,Reader_1_3.csv
3337,2,1,1,Reader_1_4.csv
3337,0,0,0,Reader_1_5.csv
3337,5,5,0,Reader_1_6.csv
3337,4,4,0,Reader_1_7.csv
3337,0,0,0,Reader_1_8.csv
3337,0,0,0,Reader_1_9.csv
3337,1,1,0,Reader_2_1.csv
3337,0,0,0,Reader_2_10.csv
3337,0,0,0,Reader_2_11.csv
3337,0,0,0,Reader_2_12.csv
3337,4,4,0,Reader_2_2.csv
3337,1,1,0,Reader_2_3.csv
3337,0,0,0,Reader_2_4.csv
3337,0,0,0,Reader_2_5.csv
3337,0,0,0,Reader_2_6.csv
3337,0,0,0,Reader_2_7.csv
3337,0,0,0,Reader_2_8.csv
3337,0,0,0,Reader_2_9.csv
3337,1,1,0,reader_3_1.csv
3337,2,2,0,Reader_3_2.csv
3337,2,2,0,Reader_3_3.csv
3337,2,2,0,Reader_3_4.csv
3337,1,0,1,Reader_3_5.csv
3337,18,15,3,Reader_3_6.csv
3337,3,2,1,Reader_3_7.csv
3338,1,0,1,Reader_1_1.csv
3338,1,1,0,Reader_1_10.csv
3338,3,1,2,Reader_1_11.csv
3338,0,0,0,Reader_1_12.csv
3338,0,0,0,Reader_1_2.csv
3338,1,1,0,Reader_1_3.csv
3338,1,0,1,Reader_1_4.csv
3338,1,1,0,Reader_1_5.csv
3338,6,6,0,Reader_1_6.csv
3338,4,4,0,Reader_1_7.csv
3338,0,0,0,Reader_1_8.csv
3338,0,0,0,Reader_1_9.csv
3338,1,1,0,Reader_2_1.csv
3338,0,0,0,Reader_2_10.csv
3338,0,0,0,Reader_2_11.csv
3338,0,0,0,Reader_2_12.csv
3338,3,3,0,Reader_2_2.csv
3338,1,1,0,Reader_2_3.csv
3338,0,0,0,Reader_2_4.csv
3338,0,0,0,Reader_2_5.csv
3338,0,0,0,Reader_2_6.csv
3338,0,0,0,Reader_2_7.csv
3338,0,0,0,Reader_2_8.csv
3338,0,0,0,Reader_2_9.csv
3338,1,1,0,reader_3_1.csv
3338,2,2,0,Reader_3_2.csv
3338,2,2,0,Reader_3_3.csv
3338,2,2,0,Reader_3_4.csv
3338,1,1,0,Reader_3_5.csv
3338,16,13,3,Reader_3_6.csv
3338,3,2,1,Reader_3_7.csv
3339,2,0,2,Reader_1_1.csv
3339,1,1,0,Reader_1_10.csv
3339,3,1,2,Reader_1_11.csv
3339,0,0,0,Reader_1_12.csv
3339,0,0,0,Reader_1_2.csv
3339,1,1,0,Reader_1_3.csv
3339,0,0,0,Reader_1_4.csv
3339,1,1,0,Reader_1_5.csv
3339,5,5,0,Reader_1_6.csv
3339,3,3,0,Reader_1_7.csv
3339,0,0,0,Reader_1_8.csv
3339,0,0,0,Reader_1_9.csv
3339,1,1,0,Reader_2_1.csv
3339,0,0,0,Reader_2_10.csv
3339,0,0,0,Reader_2_11.csv
3339,0,0,0,Reader_2_12.csv
3339,4,4,0,Reader_2_2.csv
3339,1,1,0,Reader_2_3.csv
3339,0,0,0,Reader_2_4.csv
3339,0,0,0,Reader_2_5.csv
3339,0,0,0,Reader_2_6.csv
3339,0,0,0,Reader_2_7.csv
3339,0,0,0,Reader_2_8.csv
3339,0,0,0,Reader_2_9.csv
3339,1,1,0,reader_3_1.csv
3339,2,2,0,Reader_3_2.csv
3339,2,2,0,Reader_3_3.csv
3339,2,2,0,Reader_3_4.csv
3339,2,2,0,Reader_3_5.csv
3339,15,12,3,Reader_3_6.csv
3339,3,2,1,Reader_3_7.csv
3340,2,0,2,Reader_1_1.csv
3340,1,1,0,Reader_1_10.csv
3340,3,1,2,Reader_1_11.csv
3340,0,0,0,Reader_1_12.csv
3340,0,0,0,Reader_1_2.csv
3340,2,1,1,Reader_1_3.csv
3340,0,0,0,Reader_1_4.csv
3340,2,2,0,Reader_1_5.csv
3340,5,5,0,Reader_1_6.csv
3340,3,3,0,Reader_1_7.csv
3340,0,0,0,Reader_1_8.csv
3340,1,1,0,Reader_1_9.csv
3340,1,1,0,Reader_2_1.csv
3340,0,0,0,Reader_2_10.csv
3340,0,0,0,Reader_2_11.csv
3340,0,0,0,Reader_2_12.csv
3340,4,4,0,Reader_2_2.csv
3340,1,1,0,Reader_2_3.csv
3340,0,0,0,Reader_2_4.csv
3340,0,0,0,Reader_2_5.csv
3340,0,0,0,Reader_2_6.csv
3340,0,0,0,Reader_2_7.csv
3340,0,0,0,Reader_2_8.csv
3340,0,0,0,Reader_2_9.csv
3340,3,3,0,reader_3_1.csv
3340,1,1,0,Reader_3_2.csv
3340,3,3,0,Reader_3_3.csv
3340,3,3,0,Reader_3_4.csv
3340,2,2,0,Reader_3_5.csv
3340,16,13,3,Reader_3_6.csv
3340,3,2,1,Reader_3_7.csv
3341,3,1,2,Reader_1_1.csv
3341,1,1,0,Reader_1_10.csv
3341,3,1,2,Reader_1_11.csv
3341,0,0,0,Reader_1_12.csv
3341,2,2,0,Reader_1_2.csv
3341,2,1,1,Reader_1_3.csv
3341,0,0,0,Reader_1_4.csv
3341,2,2,0,Reader_1_5.csv
3341,7,7,0,Reader_1_6.csv
3341,2,2,0,Reader_1_7.csv
3341,0,0,0,Reader_1_8.csv
3341,1,1,0,Reader_1_9.csv
3341,1,1,0,Reader_2_1.csv
3341,0,0,0,Reader_2_10.csv
3341,0,0,0,Reader_2_11.csv
3341,0,0,0,Reader_2_12.csv
3341,3,3,0,Reader_2_2.csv
3341,0,0,0,Reader_2_3.csv
3341,0,0,0,Reader_2_4.csv
3341,0,0,0,Reader_2_5.csv
3341,0,0,0,Reader_2_6.csv
3341,0,0,0,Reader_2_7.csv
3341,0,0,0,Reader_2_8.csv
3341,0,0,0,Reader_2_9.csv
3341,4,4,0,reader_3_1.csv
3341,1,1,0,Reader_3_2.csv
3341,2,2,0,Reader_3_3.csv
3341,2,2,0,Reader_3_4.csv
3341,2,2,0,Reader_3_5.csv
3341,16,14,2,Reader_3_6.csv
3341,3,2,1,Reader_3_7.csv
3342,3,1,2,Reader_1_1.csv
3342,1,1,0,Reader_1_10.csv
3342,2,1,1,Reader_1_11.csv
3342,0,0,0,Reader_1_12.csv
3342,2,2,0,Reader_1_2.csv
3342,2,1,1,Reader_1_3.csv
3342,0,0,0,Reader_1_4.csv
3342,2,2,0,Reader_1_5.csv
3342,5,5,0,Reader_1_6.csv
3342,1,1,0,Reader_1_7.csv
3342,0,0,0,Reader_1_8.csv
3342,1,1,0,Reader_1_9.csv
3342,1,1,0,Reader_2_1.csv
3342,0,0,0,Reader_2_10.csv
3342,0,0,0,Reader_2_11.csv
3342,0,0,0,Reader_2_12.csv
3342,2,2,0,Reader_2_2.csv
3342,0,0,0,Reader_2_3.csv
3342,1,1,0,Reader_2_4.csv
3342,0,0,0,Reader_2_5.csv
3342,0,0,0,Reader_2_6.csv
3342,0,0,0,Reader_2_7.csv
3342,0,0,0,Reader_2_8.csv
3342,0,0,0,Reader_2_9.csv
3342,4,4,0,reader_3_1.csv
3342,1,1,0,Reader_3_2.csv
3342,2,2,0,Reader_3_3.csv
3342,2,2,0,Reader_3_4.csv
3342,2,2,0,Reader_3_5.csv
3342,13,11,2,Reader_3_6.csv
3342,3,2,1,Reader_3_7.csv
3343,3,1,2,Reader_1_1.csv
3343,2,1,1,Reader_1_10.csv
3343,1,0,1,Reader_1_11.csv
3343,0,0,0,Reader_1_12.csv
3343,2,2,0,Reader_1_2.csv
3343,2,1,1,Reader_1_3.csv
3343,0,0,0,Reader_1_4.csv
3343,2,2,0,Reader_1_5.csv
3343,6,6,0,Reader_1_6.csv
3343,1,1,0,Reader_1_7.csv
3343,0,0,0,Reader_1_8.csv
3343,1,1,0,Reader_1_9.csv
3343,1,1,0,Reader_2_1.csv
3343,0,0,0,Reader_2_10.csv
3343,0,0,0,Reader_2_11.csv
3343,0,0,0,Reader_2_12.csv
3343,2,2,0,Reader_2_2.csv
3343,0,0,0,Reader_2_3.csv
3343,1,1,0,Reader_2_4.csv
3343,0,0,0,Reader_2_5.csv
3343,0,0,0,Reader_2_6.csv
3343,0,0,0,Reader_2_7.csv
3343,0,0,0,Reader_2_8.csv
3343,0,0,0,Reader_2_9.csv
3343,5,5,0,reader_3_1.csv
3343,1,1,0,Reader_3_2.csv
3343,1,1,0,Reader_3_3.csv
3343,1,1,0,Reader_3_4.csv
3343,2,2,0,Reader_3_5.csv
3343,13,12,1,Reader_3_6.csv
3343,1,1,0,Reader_3_7.csv
3344,4,2,2,Reader_1_1.csv
3344,1,0,1,Reader_1_10.csv
3344,1,0,1,Reader_1_11.csv
3344,0,0,0,Reader_1_12.csv
3344,2,2,0,Reader_1_2.csv
3344,1,0,1,Reader_1_3.csv
3344,0,0,0,Reader_1_4.csv
3344,2,2,0,Reader_1_5.csv
3344,6,6,0,Reader_1_6.csv
3344,1,1,0,Reader_1_7.csv
3344,0,0,0,Reader_1_8.csv
3344,1,1,0,Reader_1_9.csv
3344,1,1,0,Reader_2_1.csv
3344,0,0,0,Reader_2_10.csv
3344,0,0,0,Reader_2_11.csv
3344,0,0,0,Reader_2_12.csv
3344,2,2,0,Reader_2_2.csv
3344,0,0,0,Reader_2_3.csv
3344,1,1,0,Reader_2_4.csv
3344,0,0,0,Reader_2_5.csv
3344,0,0,0,Reader_2_6.csv
3344,1,0,1,Reader_2_7.csv
3344,0,0,0,Reader_2_8.csv
3344,0,0,0,Reader_2_9.csv
3344,4,4,0,reader_3_1.csv
3344,1,1,0,Reader_3_2.csv
3344,1,1,0,Reader_3_3.csv
3344,1,1,0,Reader_3_4.csv
3344,2,2,0,Reader_3_5.csv
3344,16,16,0,Reader_3_6.csv
3344,2,2,0,Reader_3_7.csv
3345,3,2,1,Reader_1_1.csv
3345,1,0,1,Reader_1_10.csv
3345,1,0,1,Reader_1_11.csv
3345,0,0,0,Reader_1_12.csv
3345,3,3,0,Reader_1_2.csv
3345,1,0,1,Reader_1_3.csv
3345,0,0,0,Reader_1_4.csv
3345,3,3,0,Reader_1_5.csv
3345,6,6,0,Reader_1_6.csv
3345,0,0,0,Reader_1_7.csv
3345,0,0,0,Reader_1_8.csv
3345,1,1,0,Reader_1_9.csv
3345,0,0,0,Reader_2_1.csv
3345,0,0,0,Reader_2_10.csv
3345,0,0,0,Reader_2_11.csv
3345,0,0,0,Reader_2_12.csv
3345,2,2,0,Reader_2_2.csv
3345,0,0,0,Reader_2_3.csv
3345,1,1,0,Reader_2_4.csv
3345,0,0,0,Reader_2_5.csv
3345,0,0,0,Reader_2_6.csv
3345,1,0,1,Reader_2_7.csv
3345,0,0,0,Reader_2_8.csv
3345,0,0,0,Reader_2_9.csv
3345,5,5,0,reader_3_1.csv
3345,1,1,0,Reader_3_2.csv
3345,1,1,0,Reader_3_3.csv
3345,1,1,0,Reader_3_4.csv
3345,2,2,0,Reader_3_5.csv
3345,13,13,0,Reader_3_6.csv
3345,2,2,0,Reader_3_7.csv
3346,4,3,1,Reader_1_1.csv
3346,1,0,1,Reader_1_10.csv
3346,1,0,1,Reader_1_11.csv
3346,0,0,0,Reader_1_12.csv
3346,3,3,0,Reader_1_2.csv
3346,1,0,1,Reader_1_3.csv
3346,0,0,0,Reader_1_4.csv
3346,2,2,0,Reader_1_5.csv
3346,5,5,0,Reader_1_6.csv
3346,0,0,0,Reader_1_7.csv
3346,0,0,0,Reader_1_8.csv
3346,1,1,0,Reader_1_9.csv
3346,0,0,0,Reader_2_1.csv
3346,0,0,0,Reader_2_10.csv
3346,0,0,0,Reader_2_11.csv
3346,0,0,0,Reader_2_12.csv
3346,2,2,0,Reader_2_2.csv
3346,0,0,0,Reader_2_3.csv
3346,1,1,0,Reader_2_4.csv
3346,0,0,0,Reader_2_5.csv
3346,0,0,0,Reader_2_6.csv
3346,1,0,1,Reader_2_7.csv
3346,0,0,0,Reader_2_8.csv
3346,0,0,0,Reader_2_9.csv
3346,6,6,0,reader_3_1.csv
3346,1,1,0,Reader_3_2.csv
3346,1,1,0,Reader_3_3.csv
3346,1,1,0,Reader_3_4.csv
3346,1,1,0,Reader_3_5.csv
3346,11,11,0,Reader_3_6.csv
3346,2,2,0,Reader_3_7.csv
3347,3,3,0,Reader_1_1.csv
3347,1,0,1,Reader_1_10.csv
3347,1,0,1,Reader_1_11.csv
3347,0,0,0,Reader_1_12.csv
3347,3,3,0,Reader_1_2.csv
3347,2,0,2,Reader_1_3.csv
3347,0,0,0,Reader_1_4.csv
3347,2,2,0,Reader_1_5.csv
3347,5,5,0,Reader_1_6.csv
3347,0,0,0,Reader_1_7.csv
3347,0,0,0,Reader_1_8.csv
3347,2,2,0,Reader_1_9.csv
3347,0,0,0,Reader_2_1.csv
3347,0,0,0,Reader_2_10.csv
3347,0,0,0,Reader_2_11.csv
3347,0,0,0,Reader_2_12.csv
3347,1,1,0,Reader_2_2.csv
3347,0,0,0,Reader_2_3.csv
3347,1,1,0,Reader_2_4.csv
3347,0,0,0,Reader_2_5.csv
3347,1,1,0,Reader_2_6.csv
3347,1,0,1,Reader_2_7.csv
3347,0,0,0,Reader_2_8.csv
3347,0,0,0,Reader_2_9.csv
3347,6,6,0,reader_3_1.csv
3347,0,0,0,Reader_3_2.csv
3347,1,1,0,Reader_3_3.csv
3347,1,1,0,Reader_3_4.csv
3347,0,0,0,Reader_3_5.csv
3347,13,13,0,Reader_3_6.csv
3347,2,2,0,Reader_3_7.csv
3348,3,3,0,Reader_1_1.csv
3348,1,0,1,Reader_1_10.csv
3348,0,0,0,Reader_1_11.csv
3348,0,0,0,Reader_1_12.csv
3348,3,3,0,Reader_1_2.csv
3348,1,0,1,Reader_1_3.csv
3348,0,0,0,Reader_1_4.csv
3348,1,1,0,Reader_1_5.csv
3348,5,5,0,Reader_1_6.csv
3348,0,0,0,Reader_1_7.csv
3348,0,0,0,Reader_1_8.csv
3348,1,1,0,Reader_1_9.csv
3348,0,0,0,Reader_2_1.csv
3348,0,0,0,Reader_2_10.csv
3348,0,0,0,Reader_2_11.csv
3348,0,0,0,Reader_2_12.csv
3348,1,1,0,Reader_2_2.csv
3348,0,0,0,Reader_2_3.csv
3348,1,1,0,Reader_2_4.csv
3348,0,0,0,Reader_2_5.csv
3348,1,1,0,Reader_2_6.csv
3348,1,0,1,Reader_2_7.csv
3348,0,0,0,Reader_2_8.csv
3348,0,0,0,Reader_2_9.csv
3348,5,5,0,reader_3_1.csv
3348,0,0,0,Reader_3_2.csv
3348,0,0,0,Reader_3_3.csv
3348,0,0,0,Reader_3_4.csv
3348,0,0,0,Reader_3_5.csv
3348,15,14,1,Reader_3_6.csv
3348,2,2,0,Reader_3_7.csv
3349,2,2,0,Reader_1_1.csv
3349,1,0,1,Reader_1_10.csv
3349,0,0,0,Reader_1_11.csv
3349,0,0,0,Reader_1_12.csv
3349,1,1,0,Reader_1_2.csv
3349,1,0,1,Reader_1_3.csv
3349,0,0,0,Reader_1_4.csv
3349,2,2,0,Reader_1_5.csv
3349,3,3,0,Reader_1_6.csv
3349,0,0,0,Reader_1_7.csv
3349,0,0,0,Reader_1_8.csv
3349,1,1,0,Reader_1_9.csv
3349,0,0,0,Reader_2_1.csv
3349,0,0,0,Reader_2_10.csv
3349,0,0,0,Reader_2_11.csv
3349,0,0,0,Reader_2_12.csv
3349,2,1,1,Reader_2_2.csv
3349,0,0,0,Reader_2_3.csv
3349,1,1,0,Reader_2_4.csv
3349,0,0,0,Reader_2_5.csv
3349,1,1,0,Reader_2_6.csv
3349,1,0,1,Reader_2_7.csv
3349,0,0,0,Reader_2_8.csv
3349,0,0,0,Reader_2_9.csv
3349,4,4,0,reader_3_1.csv
3349,0,0,0,Reader_3_2.csv
3349,0,0,0,Reader_3_3.csv
3349,0,0,0,Reader_3_4.csv
3349,0,0,0,Reader_3_5.csv
3349,13,12,1,Reader_3_6.csv
3349,3,3,0,Reader_3_7.csv
3350,2,2,0,Reader_1_1.csv
3350,1,0,1,Reader_1_10.csv
3350,0,0,0,Reader_1_11.csv
3350,0,0,0,Reader_1_12.csv
3350,1,1,0,Reader_1_2.csv
3350,2,0,2,Reader_1_3.csv
3350,0,0,0,Reader_1_4.csv
3350,2,2,0,Reader_1_5.csv
3350,3,3,0,Reader_1_6.csv
3350,0,0,0,Reader_1_7.csv
3350,0,0,0,Reader_1_8.csv
3350,1,1,0,Reader_1_9.csv
3350,0,0,0,Reader_2_1.csv
3350,0,0,0,Reader_2_10.csv
3350,0,0,0,Reader_2_11.csv
3350,0,0,0,Reader_2_12.csv
3350,2,1,1,Reader_2_2.csv
3350,0,0,0,Reader_2_3.csv
3350,0,0,0,Reader_2_4.csv
3350,0,0,0,Reader_2_5.csv
3350,1,1,0,Reader_2_6.csv
3350,1,0,1,Reader_2_7.csv
3350,0,0,0,Reader_2_8.csv
3350,0,0,0,Reader_2_9.csv
3350,5,5,0,reader_3_1.csv
3350,2,1,1,Reader_3_2.csv
3350,0,0,0,Reader_3_3.csv
3350,0,0,0,Reader_3_4.csv
3350,1,1,0,Reader_3_5.csv
3350,12,11,1,Reader_3_6.csv
3350,3,3,0,Reader_3_7.csv
3351,3,2,1,Reader_1_1.csv
3351,0,0,0,Reader_1_10.csv
3351,0,0,0,Reader_1_11.csv
3351,0,0,0,Reader_1_12.csv
3351,1,1,0,Reader_1_2.csv
3351,2,0,2,Reader_1_3.csv
3351,0,0,0,Reader_1_4.csv
3351,2,2,0,Reader_1_5.csv
3351,2,2,0,Reader_1_6.csv
3351,1,1,0,Reader_1_7.csv
3351,0,0,0,Reader_1_8.csv
3351,1,1,0,Reader_1_9.csv
3351,0,0,0,Reader_2_1.csv
3351,0,0,0,Reader_2_10.csv
3351,0,0,0,Reader_2_11.csv
3351,0,0,0,Reader_2_12.csv
3351,2,1,1,Reader_2_2.csv
3351,0,0,0,Reader_2_3.csv
3351,0,0,0,Reader_2_4.csv
3351,0,0,0,Reader_2_5.csv
3351,1,1,0,Reader_2_6.csv
3351,1,0,1,Reader_2_7.csv
3351,0,0,0,Reader_2_8.csv
3351,0,0,0,Reader_2_9.csv
3351,4,4,0,reader_3_1.csv
3351,4,3,1,Reader_3_2.csv
3351,0,0,0,Reader_3_3.csv
3351,0,0,0,Reader_3_4.csv
3351,1,1,0,Reader_3_5.csv
3351,11,10,1,Reader_3_6.csv
3351,3,3,0,Reader_3_7.csv
3352,2,1,1,Reader_1_1.csv
3352,0,0,0,Reader_1_10.csv
3352,1,1,0,Reader_1_11.csv
3352,0,0,0,Reader_1_12.csv
3352,1,1,0,Reader_1_2.csv
3352,2,0,2,Reader_1_3.csv
3352,0,0,0,Reader_1_4.csv
3352,2,2,0,Reader_1_5.csv
3352,1,1,0,Reader_1_6.csv
3352,1,1,0,Reader_1_7.csv
3352,0,0,0,Reader_1_8.csv
3352,1,1,0,Reader_1_9.csv
3352,0,0,0,Reader_2_1.csv
3352,0,0,0,Reader_2_10.csv
3352,0,0,0,Reader_2_11.csv
3352,0,0,0,Reader_2_12.csv
3352,1,0,1,Reader_2_2.csv
3352,0,0,0,Reader_2_3.csv
3352,0,0,0,Reader_2_4.csv
3352,0,0,0,Reader_2_5.csv
3352,1,1,0,Reader_2_6.csv
3352,0,0,0,Reader_2_7.csv
3352,0,0,0,Reader_2_8.csv
3352,0,0,0,Reader_2_9.csv
3352,5,5,0,reader_3_1.csv
3352,4,3,1,Reader_3_2.csv
3352,0,0,0,Reader_3_3.csv
3352,0,0,0,Reader_3_4.csv
3352,1,1,0,Reader_3_5.csv
3352,8,7,1,Reader_3_6.csv
3352,2,2,0,Reader_3_7.csv
3353,2,1,1,Reader_1_1.csv
3353,0,0,0,Reader_1_10.csv
3353,2,1,1,Reader_1_11.csv
3353,0,0,0,Reader_1_12.csv
3353,1,0,1,Reader_1_2.csv
3353,2,0,2,Reader_1_3.csv
3353,0,0,0,Reader_1_4.csv
3353,1,1,0,Reader_1_5.csv
3353,1,1,0,Reader_1_6.csv
3353,1,1,0,Reader_1_7.csv
3353,0,0,0,Reader_1_8.csv
3353,1,1,0,Reader_1_9.csv
3353,0,0,0,Reader_2_1.csv
3353,0,0,0,Reader_2_10.csv
3353,0,0,0,Reader_2_11.csv
3353,0,0,0,Reader_2_12.csv
3353,1,0,1,Reader_2_2.csv
3353,0,0,0,Reader_2_3.csv
3353,0,0,0,Reader_2_4.csv
3353,0,0,0,Reader_2_5.csv
3353,2,2,0,Reader_2_6.csv
3353,0,0,0,Reader_2_7.csv
3353,0,0,0,Reader_2_8.csv
3353,0,0,0,Reader_2_9.csv
3353,4,4,0,reader_3_1.csv
3353,4,3,1,Reader_3_2.csv
3353,0,0,0,Reader_3_3.csv
3353,0,0,0,Reader_3_4.csv
3353,3,3,0,Reader_3_5.csv
3353,8,7,1,Reader_3_6.csv
3353,2,2,0,Reader_3_7.csv
3354,1,0,1,Reader_1_1.csv
3354,0,0,0,Reader_1_10.csv
3354,2,1,1,Reader_1_11.csv
3354,0,0,0,Reader_1_12.csv
3354,1,0,1,Reader_1_2.csv
3354,2,0,2,Reader_1_3.csv
3354,0,0,0,Reader_1_4.csv
3354,2,1,1,Reader_1_5.csv
3354,1,1,0,Reader_1_6.csv
3354,1,1,0,Reader_1_7.csv
3354,0,0,0,Reader_1_8.csv
3354,1,1,0,Reader_1_9.csv
3354,0,0,0,Reader_2_1.csv
3354,0,0,0,Reader_2_10.csv
3354,0,0,0,Reader_2_11.csv
3354,0,0,0,Reader_2_12.csv
3354,2,0,2,Reader_2_2.csv
3354,0,0,0,Reader_2_3.csv
3354,0,0,0,Reader_2_4.csv
3354,0,0,0,Reader_2_5.csv
3354,5,4,1,Reader_2_6.csv
3354,0,0,0,Reader_2_7.csv
3354,0,0,0,Reader_2_8.csv
3354,0,0,0,Reader_2_9.csv
3354,3,3,0,reader_3_1.csv
3354,4,3,1,Reader_3_2.csv
3354,0,0,0,Reader_3_3.csv
3354,0,0,0,Reader_3_4.csv
3354,4,4,0,Reader_3_5.csv
3354,9,8,1,Reader_3_6.csv
3354,2,2,0,Reader_3_7.csv
3355,1,0,1,Reader_1_1.csv
3355,0,0,0,Reader_1_10.csv
3355,2,1,1,Reader_1_11.csv
3355,0,0,0,Reader_1_12.csv
3355,1,0,1,Reader_1_2.csv
3355,1,0,1,Reader_1_3.csv
3355,0,0,0,Reader_1_4.csv
3355,2,1,1,Reader_1_5.csv
3355,2,2,0,Reader_1_6.csv
3355,1,1,0,Reader_1_7.csv
3355,0,0,0,Reader_1_8.csv
3355,0,0,0,Reader_1_9.csv
3355,0,0,0,Reader_2_1.csv
3355,0,0,0,Reader_2_10.csv
3355,0,0,0,Reader_2_11.csv
3355,0,0,0,Reader_2_12.csv
3355,2,0,2,Reader_2_2.csv
3355,0,0,0,Reader_2_3.csv
3355,0,0,0,Reader_2_4.csv
3355,0,0,0,Reader_2_5.csv
3355,4,3,1,Reader_2_6.csv
3355,0,0,0,Reader_2_7.csv
3355,0,0,0,Reader_2_8.csv
3355,0,0,0,Reader_2_9.csv
3355,3,3,0,reader_3_1.csv
3355,4,3,1,Reader_3_2.csv
3355,0,0,0,Reader_3_3.csv
3355,0,0,0,Reader_3_4.csv
3355,4,4,0,Reader_3_5.csv
3355,8,6,2,Reader_3_6.csv
3355,3,2,1,Reader_3_7.csv
3356,1,0,1,Reader_1_1.csv
3356,0,0,0,Reader_1_10.csv
3356,5,4,1,Reader_1_11.csv
3356,0,0,0,Reader_1_12.csv
3356,1,0,1,Reader_1_2.csv
3356,1,0,1,Reader_1_3.csv
3356,0,0,0,Reader_1_4.csv
3356,2,1,1,Reader_1_5.csv
3356,2,2,0,Reader_1_6.csv
3356,1,1,0,Reader_1_7.csv
3356,0,0,0,Reader_1_8.csv
3356,0,0,0,Reader_1_9.csv
3356,0,0,0,Reader_2_1.csv
3356,0,0,0,Reader_2_10.csv
3356,0,0,0,Reader_2_11.csv
3356,0,0,0,Reader_2_12.csv
3356,2,0,2,Reader_2_2.csv
3356,0,0,0,Reader_2_3.csv
3356,0,0,0,Reader_2_4.csv
3356,0,0,0,Reader_2_5.csv
3356,4,3,1,Reader_2_6.csv
3356,0,0,0,Reader_2_7.csv
3356,0,0,0,Reader_2_8.csv
3356,0,0,0,Reader_2_9.csv
3356,2,2,0,reader_3_1.csv
3356,4,3,1,Reader_3_2.csv
3356,0,0,0,Reader_3_3.csv
3356,0,0,0,Reader_3_4.csv
3356,4,4,0,Reader_3_5.csv
3356,5,4,1,Reader_3_6.csv
3356,2,1,1,Reader_3_7.csv
3357,1,0,1,Reader_1_1.csv
3357,0,0,0,Reader_1_10.csv
3357,6,4,2,Reader_1_11.csv
3357,0,0,0,Reader_1_12.csv
3357,1,0,1,Reader_1_2.csv
3357,1,0,1,Reader_1_3.csv
3357,0,0,0,Reader_1_4.csv
3357,1,0,1,Reader_1_5.csv
3357,2,2,0,Reader_1_6.csv
3357,2,2,0,Reader_1_7.csv
3357,0,0,0,Reader_1_8.csv
3357,0,0,0,Reader_1_9.csv
3357,0,0,0,Reader_2_1.csv
3357,0,0,0,Reader_2_10.csv
3357,0,0,0,Reader_2_11.csv
3357,0,0,0,Reader_2_12.csv
3357,1,0,1,Reader_2_2.csv
3357,0,0,0,Reader_2_3.csv
3357,0,0,0,Reader_2_4.csv
3357,0,0,0,Reader_2_5.csv
3357,4,3,1,Reader_2_6.csv
3357,0,0,0,Reader_2_7.csv
3357,0,0,0,Reader_2_8.csv
3357,0,0,0,Reader_2_9.csv
3357,2,2,0,reader_3_1.csv
3357,5,4,1,Reader_3_2.csv
3357,0,0,0,Reader_3_3.csv
3357,0,0,0,Reader_3_4.csv
3357,5,4,1,Reader_3_5.csv
3357,5,4,1,Reader_3_6.csv
3357,2,0,2,Reader_3_7.csv
3358,1,0,1,Reader_1_1.csv
3358,0,0,0,Reader_1_10.csv
3358,7,5,2,Reader_1_11.csv
3358,0,0,0,Reader_1_12.csv
3358,1,0,1,Reader_1_2.csv
3358,1,1,0,Reader_1_3.csv
3358,0,0,0,Reader_1_4.csv
3358,1,0,1,Reader_1_5.csv
3358,3,3,0,Reader_1_6.csv
3358,2,2,0,Reader_1_7.csv
3358,0,0,0,Reader_1_8.csv
3358,0,0,0,Reader_1_9.csv
3358,0,0,0,Reader_2_1.csv
3358,0,0,0,Reader_2_10.csv
3358,0,0,0,Reader_2_11.csv
3358,0,0,0,Reader_2_12.csv
3358,2,1,1,Reader_2_2.csv
3358,0,0,0,Reader_2_3.csv
3358,0,0,0,Reader_2_4.csv
3358,0,0,0,Reader_2_5.csv
3358,4,3,1,Reader_2_6.csv
3358,0,0,0,Reader_2_7.csv
3358,0,0,0,Reader_2_8.csv
3358,0,0,0,Reader_2_9.csv
3358,1,1,0,reader_3_1.csv
3358,3,3,0,Reader_3_2.csv
3358,0,0,0,Reader_3_3.csv
3358,0,0,0,Reader_3_4.csv
3358,4,3,1,Reader_3_5.csv
3358,6,5,1,Reader_3_6.csv
3358,2,0,2,Reader_3_7.csv
3359,0,0,0,Reader_1_1.csv
3359,0,0,0,Reader_1_10.csv
3359,8,6,2,Reader_1_11.csv
3359,0,0,0,Reader_1_12.csv
3359,1,0,1,Reader_1_2.csv
3359,1,1,0,Reader_1_3.csv
3359,0,0,0,Reader_1_4.csv
3359,1,0,1,Reader_1_5.csv
3359,2,2,0,Reader_1_6.csv
3359,1,1,0,Reader_1_7.csv
3359,0,0,0,Reader_1_8.csv
3359,0,0,0,Reader_1_9.csv
3359,0,0,0,Reader_2_1.csv
3359,0,0,0,Reader_2_10.csv
3359,0,0,0,Reader_2_11.csv
3359,0,0,0,Reader_2_12.csv
3359,2,1,1,Reader_2_2.csv
3359,0,0,0,Reader_2_3.csv
3359,0,0,0,Reader_2_4.csv
3359,0,0,0,Reader_2_5.csv
3359,4,3,1,Reader_2_6.csv
3359,0,0,0,Reader_2_7.csv
3359,0,0,0,Reader_2_8.csv
3359,0,0,0,Reader_2_9.csv
3359,1,1,0,reader_3_1.csv
3359,1,1,0,Reader_3_2.csv
3359,0,0,0,Reader_3_3.csv
3359,0,0,0,Reader_3_4.csv
3359,4,3,1,Reader_3_5.csv
3359,6,5,1,Reader_3_6.csv
3359,3,0,3,Reader_3_7.csv
3360,0,0,0,Reader_1_1.csv
3360,1,0,1,Reader_1_10.csv
3360,8,6,2,Reader_1_11.csv
3360,0,0,0,Reader_1_12.csv
3360,1,0,1,Reader_1_2.csv
3360,1,1,0,Reader_1_3.csv
3360,0,0,0,Reader_1_4.csv
3360,1,0,1,Reader_1_5.csv
3360,2,2,0,Reader_1_6.csv
3360,1,1,0,Reader_1_7.csv
3360,0,0,0,Reader_1_8.csv
3360,0,0,0,Reader_1_9.csv
3360,0,0,0,Reader_2_1.csv
3360,0,0,0,Reader_2_10.csv
3360,0,0,0,Reader_2_11.csv
3360,0,0,0,Reader_2_12.csv
3360,3,2,1,Reader_2_2.csv
3360,0,0,0,Reader_2_3.csv
3360,0,0,0,Reader_2_4.csv
3360,0,0,0,Reader_2_5.csv
3360,4,3,1,Reader_2_6.csv
3360,0,0,0,Reader_2_7.csv
3360,0,0,0,Reader_2_8.csv
3360,0,0,0,Reader_2_9.csv
3360,3,3,0,reader_3_1.csv
3360,2,2,0,Reader_3_2.csv
3360,0,0,0,Reader_3_3.csv
3360,0,0,0,Reader_3_4.csv
3360,4,3,1,Reader_3_5.csv
3360,5,4,1,Reader_3_6.csv
3360,4,0,4,Reader_3_7.csv
3361,0,0,0,Reader_1_1.csv
3361,2,1,1,Reader_1_10.csv
3361,7,6,1,Reader_1_11.csv
3361,0,0,0,Reader_1_12.csv
3361,0,0,0,Reader_1_2.csv
3361,1,1,0,Reader_1_3.csv
3361,0,0,0,Reader_1_4.csv
3361,2,1,1,Reader_1_5.csv
3361,3,3,0,Reader_1_6.csv
3361,1,1,0,Reader_1_7.csv
3361,0,0,0,Reader_1_8.csv
3361,0,0,0,Reader_1_9.csv
3361,0,0,0,Reader_2_1.csv
3361,0,0,0,Reader_2_10.csv
3361,0,0,0,Reader_2_11.csv
3361,0,0,0,Reader_2_12.csv
3361,3,2,1,Reader_2_2.csv
3361,0,0,0,Reader_2_3.csv
3361,0,0,0,Reader_2_4.csv
3361,0,0,0,Reader_2_5.csv
3361,3,2,1,Reader_2_6.csv
3361,0,0,0,Reader_2_7.csv
3361,0,0,0,Reader_2_8.csv
3361,0,0,0,Reader_2_9.csv
3361,3,3,0,reader_3_1.csv
3361,2,2,0,Reader_3_2.csv
3361,0,0,0,Reader_3_3.csv
3361,0,0,0,Reader_3_4.csv
3361,2,1,1,Reader_3_5.csv
3361,7,6,1,Reader_3_6.csv
3361,4,0,4,Reader_3_7.csv
3362,1,1,0,Reader_1_1.csv
3362,2,1,1,Reader_1_10.csv
3362,8,7,1,Reader_1_11.csv
3362,0,0,0,Reader_1_12.csv
3362,0,0,0,Reader_1_2.csv
3362,2,1,1,Reader_1_3.csv
3362,0,0,0,Reader_1_4.csv
3362,2,2,0,Reader_1_5.csv
3362,3,3,0,Reader_1_6.csv
3362,1,1,0,Reader_1_7.csv
3362,0,0,0,Reader_1_8.csv
3362,0,0,0,Reader_1_9.csv
3362,0,0,0,Reader_2_1.csv
3362,0,0,0,Reader_2_10.csv
3362,0,0,0,Reader_2_11.csv
3362,0,0,0,Reader_2_12.csv
3362,2,2,0,Reader_2_2.csv
3362,0,0,0,Reader_2_3.csv
3362,0,0,0,Reader_2_4.csv
3362,0,0,0,Reader_2_5.csv
3362,0,0,0,Reader_2_6.csv
3362,0,0,0,Reader_2_7.csv
3362,0,0,0,Reader_2_8.csv
3362,0,0,0,Reader_2_9.csv
3362,3,3,0,reader_3_1.csv
3362,3,2,1,Reader_3_2.csv
3362,0,0,0,Reader_3_3.csv
3362,0,0,0,Reader_3_4.csv
3362,1,0,1,Reader_3_5.csv
3362,6,5,1,Reader_3_6.csv
3362,4,0,4,Reader_3_7.csv
3363,1,1,0,Reader_1_1.csv
3363,2,1,1,Reader_1_10.csv
3363,8,7,1,Reader_1_11.csv
3363,0,0,0,Reader_1_12.csv
3363,0,0,0,Reader_1_2.csv
3363,2,1,1,Reader_1_3.csv
3363,1,0,1,Reader_1_4.csv
3363,2,2,0,Reader_1_5.csv
3363,3,2,1,Reader_1_6.csv
3363,1,1,0,Reader_1_7.csv
3363,0,0,0,Reader_1_8.csv
3363,0,0,0,Reader_1_9.csv
3363,0,0,0,Reader_2_1.csv
3363,0,0,0,Reader_2_10.csv
3363,0,0,0,Reader_2_11.csv
3363,0,0,0,Reader_2_12.csv
3363,2,2,0,Reader_2_2.csv
3363,0,0,0,Reader_2_3.csv
3363,0,0,0,Reader_2_4.csv
3363,0,0,0,Reader_2_5.csv
3363,0,0,0,Reader_2_6.csv
3363,0,0,0,Reader_2_7.csv
3363,0,0,0,Reader_2_8.csv
3363,0,0,0,Reader_2_9.csv
3363,3,3,0,reader_3_1.csv
3363,4,3,1,Reader_3_2.csv
3363,2,2,0,Reader_3_3.csv
3363,2,2,0,Reader_3_4.csv
3363,2,0,2,Reader_3_5.csv
3363,6,5,1,Reader_3_6.csv
3363,3,0,3,Reader_3_7.csv
3364,2,2,0,Reader_1_1.csv
3364,2,1,1,Reader_1_10.csv
3364,8,7,1,Reader_1_11.csv
3364,0,0,0,Reader_1_12.csv
3364,0,0,0,Reader_1_2.csv
3364,2,1,1,Reader_1_3.csv
3364,1,0,1,Reader_1_4.csv
3364,2,2,0,Reader_1_5.csv
3364,3,2,1,Reader_1_6.csv
3364,1,1,0,Reader_1_7.csv
3364,0,0,0,Reader_1_8.csv
3364,0,0,0,Reader_1_9.csv
3364,1,1,0,Reader_2_1.csv
3364,0,0,0,Reader_2_10.csv
3364,0,0,0,Reader_2_11.csv
3364,0,0,0,Reader_2_12.csv
3364,2,2,0,Reader_2_2.csv
3364,0,0,0,Reader_2_3.csv
3364,0,0,0,Reader_2_4.csv
3364,0,0,0,Reader_2_5.csv
3364,0,0,0,Reader_2_6.csv
3364,0,0,0,Reader_2_7.csv
3364,0,0,0,Reader_2_8.csv
3364,0,0,0,Reader_2_9.csv
3364,4,4,0,reader_3_1.csv
3364,4,3,1,Reader_3_2.csv
3364,2,2,0,Reader_3_3.csv
3364,2,2,0,Reader_3_4.csv
3364,2,0,2,Reader_3_5.csv
3364,5,4,1,Reader_3_6.csv
3364,3,0,3,Reader_3_7.csv
3365,2,2,0,Reader_1_1.csv
3365,2,1,1,Reader_1_10.csv
3365,7,7,0,Reader_1_11.csv
3365,0,0,0,Reader_1_12.csv
3365,0,0,0,Reader_1_2.csv
3365,3,2,1,Reader_1_3.csv
3365,1,0,1,Reader_1_4.csv
3365,2,2,0,Reader_1_5.csv
3365,3,2,1,Reader_1_6.csv
3365,0,0,0,Reader_1_7.csv
3365,0,0,0,Reader_1_8.csv
3365,0,0,0,Reader_1_9.csv
3365,2,2,0,Reader_2_1.csv
3365,0,0,0,Reader_2_10.csv
3365,0,0,0,Reader_2_11.csv
3365,0,0,0,Reader_2_12.csv
3365,2,2,0,Reader_2_2.csv
3365,0,0,0,Reader_2_3.csv
3365,0,0,0,Reader_2_4.csv
3365,0,0,0,Reader_2_5.csv
3365,0,0,0,Reader_2_6.csv
3365,0,0,0,Reader_2_7.csv
3365,0,0,0,Reader_2_8.csv
3365,0,0,0,Reader_2_9.csv
3365,5,5,0,reader_3_1.csv
3365,3,2,1,Reader_3_2.csv
3365,2,2,0,Reader_3_3.csv
3365,2,2,0,Reader_3_4.csv
3365,1,0,1,Reader_3_5.csv
3365,5,4,1,Reader_3_6.csv
3365,2,0,2,Reader_3_7.csv
3366,2,2,0,Reader_1_1.csv
3366,2,1,1,Reader_1_10.csv
3366,7,7,0,Reader_1_11.csv
3366,0,0,0,Reader_1_12.csv
3366,0,0,0,Reader_1_2.csv
3366,3,1,2,Reader_1_3.csv
3366,1,0,1,Reader_1_4.csv
3366,2,2,0,Reader_1_5.csv
3366,2,1,1,Reader_1_6.csv
3366,0,0,0,Reader_1_7.csv
3366,0,0,0,Reader_1_8.csv
3366,0,0,0,Reader_1_9.csv
3366,2,2,0,Reader_2_1.csv
3366,0,0,0,Reader_2_10.csv
3366,0,0,0,Reader_2_11.csv
3366,0,0,0,Reader_2_12.csv
3366,2,2,0,Reader_2_2.csv
3366,0,0,0,Reader_2_3.csv
3366,0,0,0,Reader_2_4.csv
3366,0,0,0,Reader_2_5.csv
3366,0,0,0,Reader_2_6.csv
3366,0,0,0,Reader_2_7.csv
3366,1,1,0,Reader_2_8.csv
3366,0,0,0,Reader_2_9.csv
3366,6,6,0,reader_3_1.csv
3366,4,3,1,Reader_3_2.csv
3366,3,3,0,Reader_3_3.csv
3366,3,3,0,Reader_3_4.csv
3366,1,0,1,Reader_3_5.csv
3366,4,3,1,Reader_3_6.csv
3366,2,0,2,Reader_3_7.csv
3367,3,3,0,Reader_1_1.csv
3367,2,1,1,Reader_1_10.csv
3367,6,6,0,Reader_1_11.csv
3367,0,0,0,Reader_1_12.csv
3367,0,0,0,Reader_1_2.csv
3367,4,2,2,Reader_1_3.csv
3367,2,0,2,Reader_1_4.csv
3367,2,2,0,Reader_1_5.csv
3367,3,2,1,Reader_1_6.csv
3367,0,0,0,Reader_1_7.csv
3367,0,0,0,Reader_1_8.csv
3367,0,0,0,Reader_1_9.csv
3367,2,2,0,Reader_2_1.csv
3367,0,0,0,Reader_2_10.csv
3367,0,0,0,Reader_2_11.csv
3367,0,0,0,Reader_2_12.csv
3367,2,2,0,Reader_2_2.csv
3367,0,0,0,Reader_2_3.csv
3367,0,0,0,Reader_2_4.csv
3367,0,0,0,Reader_2_5.csv
3367,0,0,0,Reader_2_6.csv
3367,0,0,0,Reader_2_7.csv
3367,1,1,0,Reader_2_8.csv
3367,0,0,0,Reader_2_9.csv
3367,6,6,0,reader_3_1.csv
3367,4,3,1,Reader_3_2.csv
3367,5,5,0,Reader_3_3.csv
3367,5,5,0,Reader_3_4.csv
3367,1,0,1,Reader_3_5.csv
3367,5,3,2,Reader_3_6.csv
3367,1,0,1,Reader_3_7.csv
3368,3,3,0,Reader_1_1.csv
3368,1,1,0,Reader_1_10.csv
3368,5,5,0,Reader_1_11.csv
3368,0,0,0,Reader_1_12.csv
3368,0,0,0,Reader_1_2.csv
3368,4,2,2,Reader_1_3.csv
3368,2,0,2,Reader_1_4.csv
3368,2,2,0,Reader_1_5.csv
3368,3,2,1,Reader_1_6.csv
3368,0,0,0,Reader_1_7.csv
3368,0,0,0,Reader_1_8.csv
3368,0,0,0,Reader_1_9.csv
3368,2,2,0,Reader_2_1.csv
3368,0,0,0,Reader_2_10.csv
3368,0,0,0,Reader_2_11.csv
3368,0,0,0,Reader_2_12.csv
3368,2,2,0,Reader_2_2.csv
3368,0,0,0,Reader_2_3.csv
3368,0,0,0,Reader_2_4.csv
3368,0,0,0,Reader_2_5.csv
3368,0,0,0,Reader_2_6.csv
3368,0,0,0,Reader_2_7.csv
3368,1,1,0,Reader_2_8.csv
3368,0,0,0,Reader_2_9.csv
3368,3,3,0,reader_3_1.csv
3368,3,2,1,Reader_3_2.csv
3368,6,6,0,Reader_3_3.csv
3368,6,6,0,Reader_3_4.csv
3368,1,0,1,Reader_3_5.csv
3368,5,3,2,Reader_3_6.csv
3368,1,1,0,Reader_3_7.csv
3369,3,3,0,Reader_1_1.csv
3369,0,0,0,Reader_1_10.csv
3369,5,5,0,Reader_1_11.csv
3369,0,0,0,Reader_1_12.csv
3369,0,0,0,Reader_1_2.csv
3369,4,2,2,Reader_1_3.csv
3369,2,0,2,Reader_1_4.csv
3369,1,1,0,Reader_1_5.csv
3369,2,1,1,Reader_1_6.csv
3369,0,0,0,Reader_1_7.csv
3369,0,0,0,Reader_1_8.csv
3369,0,0,0,Reader_1_9.csv
3369,2,2,0,Reader_2_1.csv
3369,0,0,0,Reader_2_10.csv
3369,0,0,0,Reader_2_11.csv
3369,0,0,0,Reader_2_12.csv
3369,3,3,0,Reader_2_2.csv
3369,0,0,0,Reader_2_3.csv
3369,0,0,0,Reader_2_4.csv
3369,0,0,0,Reader_2_5.csv
3369,1,1,0,Reader_2_6.csv
3369,0,0,0,Reader_2_7.csv
3369,1,1,0,Reader_2_8.csv
3369,0,0,0,Reader_2_9.csv
3369,5,5,0,reader_3_1.csv
3369,3,2,1,Reader_3_2.csv
3369,7,7,0,Reader_3_3.csv
3369,7,7,0,Reader_3_4.csv
3369,3,2,1,Reader_3_5.csv
3369,3,1,2,Reader_3_6.csv
3369,2,2,0,Reader_3_7.csv
3370,2,2,0,Reader_1_1.csv
3370,0,0,0,Reader_1_10.csv
3370,5,5,0,Reader_1_11.csv
3370,1,0,1,Reader_1_12.csv
3370,0,0,0,Reader_1_2.csv
3370,3,2,1,Reader_1_3.csv
3370,4,0,4,Reader_1_4.csv
3370,0,0,0,Reader_1_5.csv
3370,2,1,1,Reader_1_6.csv
3370,0,0,0,Reader_1_7.csv
3370,0,0,0,Reader_1_8.csv
3370,0,0,0,Reader_1_9.csv
3370,3,3,0,Reader_2_1.csv
3370,0,0,0,Reader_2_10.csv
3370,0,0,0,Reader_2_11.csv
3370,0,0,0,Reader_2_12.csv
3370,4,4,0,Reader_2_2.csv
3370,0,0,0,Reader_2_3.csv
3370,0,0,0,Reader_2_4.csv
3370,0,0,0,Reader_2_5.csv
3370,1,1,0,Reader_2_6.csv
3370,0,0,0,Reader_2_7.csv
3370,2,1,1,Reader_2_8.csv
3370,0,0,0,Reader_2_9.csv
3370,5,5,0,reader_3_1.csv
3370,2,2,0,Reader_3_2.csv
3370,7,7,0,Reader_3_3.csv
3370,7,7,0,Reader_3_4.csv
3370,5,4,1,Reader_3_5.csv
3370,4,2,2,Reader_3_6.csv
3370,2,2,0,Reader_3_7.csv
3371,2,2,0,Reader_1_1.csv
3371,1,1,0,Reader_1_10.csv
3371,7,7,0,Reader_1_11.csv
3371,1,0,1,Reader_1_12.csv
3371,0,0,0,Reader_1_2.csv
3371,3,2,1,Reader_1_3.csv
3371,4,0,4,Reader_1_4.csv
3371,0,0,0,Reader_1_5.csv
3371,1,1,0,Reader_1_6.csv
3371,0,0,0,Reader_1_7.csv
3371,0,0,0,Reader_1_8.csv
3371,0,0,0,Reader_1_9.csv
3371,3,3,0,Reader_2_1.csv
3371,0,0,0,Reader_2_10.csv
3371,0,0,0,Reader_2_11.csv
3371,0,0,0,Reader_2_12.csv
3371,4,4,0,Reader_2_2.csv
3371,0,0,0,Reader_2_3.csv
3371,0,0,0,Reader_2_4.csv
3371,0,0,0,Reader_2_5.csv
3371,3,3,0,Reader_2_6.csv
3371,0,0,0,Reader_2_7.csv
3371,2,1,1,Reader_2_8.csv
3371,0,0,0,Reader_2_9.csv
3371,6,6,0,reader_3_1.csv
3371,1,1,0,Reader_3_2.csv
3371,6,6,0,Reader_3_3.csv
3371,6,6,0,Reader_3_4.csv
3371,4,4,0,Reader_3_5.csv
3371,4,3,1,Reader_3_6.csv
3371,2,2,0,Reader_3_7.csv
3372,1,1,0,Reader_1_1.csv
3372,1,1,0,Reader_1_10.csv
3372,4,4,0,Reader_1_11.csv
3372,1,0,1,Reader_1_12.csv
3372,0,0,0,Reader_1_2.csv
3372,4,3,1,Reader_1_3.csv
3372,4,0,4,Reader_1_4.csv
3372,0,0,0,Reader_1_5.csv
3372,1,1,0,Reader_1_6.csv
3372,0,0,0,Reader_1_7.csv
3372,0,0,0,Reader_1_8.csv
3372,0,0,0,Reader_1_9.csv
3372,2,2,0,Reader_2_1.csv
3372,0,0,0,Reader_2_10.csv
3372,0,0,0,Reader_2_11.csv
3372,0,0,0,Reader_2_12.csv
3372,5,5,0,Reader_2_2.csv
3372,0,0,0,Reader_2_3.csv
3372,0,0,0,Reader_2_4.csv
3372,0,0,0,Reader_2_5.csv
3372,3,3,0,Reader_2_6.csv
3372,0,0,0,Reader_2_7.csv
3372,2,1,1,Reader_2_8.csv
3372,0,0,0,Reader_2_9.csv
3372,6,6,0,reader_3_1.csv
3372,3,3,0,Reader_3_2.csv
3372,8,8,0,Reader_3_3.csv
3372,8,8,0,Reader_3_4.csv
3372,4,4,0,Reader_3_5.csv
3372,5,3,2,Reader_3_6.csv
3372,3,3,0,Reader_3_7.csv
3373,1,1,0,Reader_1_1.csv
3373,1,1,0,Reader_1_10.csv
3373,5,4,1,Reader_1_11.csv
3373,1,0,1,Reader_1_12.csv
3373,0,0,0,Reader_1_2.csv
3373,3,2,1,Reader_1_3.csv
3373,5,0,5,Reader_1_4.csv
3373,0,0,0,Reader_1_5.csv
3373,1,1,0,Reader_1_6.csv
3373,0,0,0,Reader_1_7.csv
3373,0,0,0,Reader_1_8.csv
3373,0,0,0,Reader_1_9.csv
3373,1,1,0,Reader_2_1.csv
3373,0,0,0,Reader_2_10.csv
3373,0,0,0,Reader_2_11.csv
3373,0,0,0,Reader_2_12.csv
3373,6,6,0,Reader_2_2.csv
3373,0,0,0,Reader_2_3.csv
3373,0,0,0,Reader_2_4.csv
3373,0,0,0,Reader_2_5.csv
3373,5,5,0,Reader_2_6.csv
3373,0,0,0,Reader_2_7.csv
3373,2,1,1,Reader_2_8.csv
3373,0,0,0,Reader_2_9.csv
3373,5,5,0,reader_3_1.csv
3373,3,3,0,Reader_3_2.csv
3373,8,8,0,Reader_3_3.csv
3373,8,8,0,Reader_3_4.csv
3373,4,4,0,Reader_3_5.csv
3373,7,5,2,Reader_3_6.csv
3373,3,3,0,Reader_3_7.csv
3374,1,1,0,Reader_1_1.csv
3374,1,1,0,Reader_1_10.csv
3374,4,3,1,Reader_1_11.csv
3374,1,0,1,Reader_1_12.csv
3374,0,0,0,Reader_1_2.csv
3374,3,3,0,Reader_1_3.csv
3374,5,0,5,Reader_1_4.csv
3374,0,0,0,Reader_1_5.csv
3374,1,1,0,Reader_1_6.csv
3374,0,0,0,Reader_1_7.csv
3374,0,0,0,Reader_1_8.csv
3374,0,0,0,Reader_1_9.csv
3374,1,1,0,Reader_2_1.csv
3374,0,0,0,Reader_2_10.csv
3374,0,0,0,Reader_2_11.csv
3374,0,0,0,Reader_2_12.csv
3374,5,5,0,Reader_2_2.csv
3374,0,0,0,Reader_2_3.csv
3374,0,0,0,Reader_2_4.csv
3374,0,0,0,Reader_2_5.csv
3374,5,5,0,Reader_2_6.csv
3374,0,0,0,Reader_2_7.csv
3374,2,1,1,Reader_2_8.csv
3374,0,0,0,Reader_2_9.csv
3374,6,6,0,reader_3_1.csv
3374,3,3,0,Reader_3_2.csv
3374,8,8,0,Reader_3_3.csv
3374,8,8,0,Reader_3_4.csv
3374,5,4,1,Reader_3_5.csv
3374,8,6,2,Reader_3_6.csv
3374,3,3,0,Reader_3_7.csv
3375,0,0,0,Reader_1_1.csv
3375,1,1,0,Reader_1_10.csv
3375,4,3,1,Reader_1_11.csv
3375,1,0,1,Reader_1_12.csv
3375,0,0,0,Reader_1_2.csv
3375,3,3,0,Reader_1_3.csv
3375,5,1,4,Reader_1_4.csv
3375,0,0,0,Reader_1_5.csv
3375,0,0,0,Reader_1_6.csv
3375,0,0,0,Reader_1_7.csv
3375,0,0,0,Reader_1_8.csv
3375,0,0,0,Reader_1_9.csv
3375,2,2,0,Reader_2_1.csv
3375,0,0,0,Reader_2_10.csv
3375,0,0,0,Reader_2_11.csv
3375,0,0,0,Reader_2_12.csv
3375,5,5,0,Reader_2_2.csv
3375,0,0,0,Reader_2_3.csv
3375,0,0,0,Reader_2_4.csv
3375,0,0,0,Reader_2_5.csv
3375,6,6,0,Reader_2_6.csv
3375,0,0,0,Reader_2_7.csv
3375,2,1,1,Reader_2_8.csv
3375,0,0,0,Reader_2_9.csv
3375,7,7,0,reader_3_1.csv
3375,4,4,0,Reader_3_2.csv
3375,7,7,0,Reader_3_3.csv
3375,7,7,0,Reader_3_4.csv
3375,7,6,1,Reader_3_5.csv
3375,8,7,1,Reader_3_6.csv
3375,4,3,1,Reader_3_7.csv
3376,1,1,0,Reader_1_1.csv
3376,1,1,0,Reader_1_10.csv
3376,4,3,1,Reader_1_11.csv
3376,1,0,1,Reader_1_12.csv
3376,0,0,0,Reader_1_2.csv
3376,5,5,0,Reader_1_3.csv
3376,5,1,4,Reader_1_4.csv
3376,0,0,0,Reader_1_5.csv
3376,0,0,0,Reader_1_6.csv
3376,0,0,0,Reader_1_7.csv
3376,0,0,0,Reader_1_8.csv
3376,0,0,0,Reader_1_9.csv
3376,3,3,0,Reader_2_1.csv
3376,0,0,0,Reader_2_10.csv
3376,0,0,0,Reader_2_11.csv
3376,0,0,0,Reader_2_12.csv
3376,4,4,0,Reader_2_2.csv
3376,0,0,0,Reader_2_3.csv
3376,0,0,0,Reader_2_4.csv
3376,0,0,0,Reader_2_5.csv
3376,6,6,0,Reader_2_6.csv
3376,0,0,0,Reader_2_7.csv
3376,2,1,1,Reader_2_8.csv
3376,0,0,0,Reader_2_9.csv
3376,7,7,0,reader_3_1.csv
3376,4,4,0,Reader_3_2.csv
3376,7,7,0,Reader_3_3.csv
3376,7,7,0,Reader_3_4.csv
3376,8,7,1,Reader_3_5.csv
3376,8,7,1,Reader_3_6.csv
3376,3,2,1,Reader_3_7.csv
3377,1,1,0,Reader_1_1.csv
3377,1,1,0,Reader_1_10.csv
3377,5,4,1,Reader_1_11.csv
3377,1,0,1,Reader_1_12.csv
3377,0,0,0,Reader_1_2.csv
3377,5,5,0,Reader_1_3.csv
3377,5,1,4,Reader_1_4.csv
3377,0,0,0,Reader_1_5.csv
3377,0,0,0,Reader_1_6.csv
3377,0,0,0,Reader_1_7.csv
3377,0,0,0,Reader_1_8.csv
3377,0,0,0,Reader_1_9.csv
3377,4,4,0,Reader_2_1.csv
3377,0,0,0,Reader_2_10.csv
3377,0,0,0,Reader_2_11.csv
3377,0,0,0,Reader_2_12.csv
3377,3,3,0,Reader_2_2.csv
3377,0,0,0,Reader_2_3.csv
3377,0,0,0,Reader_2_4.csv
3377,0,0,0,Reader_2_5.csv
3377,5,5,0,Reader_2_6.csv
3377,0,0,0,Reader_2_7.csv
3377,2,1,1,Reader_2_8.csv
3377,0,0,0,Reader_2_9.csv
3377,6,6,0,reader_3_1.csv
3377,4,4,0,Reader_3_2.csv
3377,7,7,0,Reader_3_3.csv
3377,7,7,0,Reader_3_4.csv
3377,6,5,1,Reader_3_5.csv
3377,7,6,1,Reader_3_6.csv
3377,2,1,1,Reader_3_7.csv
3378,1,1,0,Reader_1_1.csv
3378,1,1,0,Reader_1_10.csv
3378,4,3,1,Reader_1_11.csv
3378,0,0,0,Reader_1_12.csv
3378,0,0,0,Reader_1_2.csv
3378,6,6,0,Reader_1_3.csv
3378,3,1,2,Reader_1_4.csv
3378,0,0,0,Reader_1_5.csv
3378,0,0,0,Reader_1_6.csv
3378,0,0,0,Reader_1_7.csv
3378,0,0,0,Reader_1_8.csv
3378,0,0,0,Reader_1_9.csv
3378,3,3,0,Reader_2_1.csv
3378,0,0,0,Reader_2_10.csv
3378,0,0,0,Reader_2_11.csv
3378,0,0,0,Reader_2_12.csv
3378,2,2,0,Reader_2_2.csv
3378,0,0,0,Reader_2_3.csv
3378,0,0,0,Reader_2_4.csv
3378,0,0,0,Reader_2_5.csv
3378,5,5,0,Reader_2_6.csv
3378,0,0,0,Reader_2_7.csv
3378,1,1,0,Reader_2_8.csv
3378,0,0,0,Reader_2_9.csv
3378,9,8,1,reader_3_1.csv
3378,4,4,0,Reader_3_2.csv
3378,7,7,0,Reader_3_3.csv
3378,7,7,0,Reader_3_4.csv
3378,4,3,1,Reader_3_5.csv
3378,7,6,1,Reader_3_6.csv
3378,2,1,1,Reader_3_7.csv
3379,1,1,0,Reader_1_1.csv
3379,0,0,0,Reader_1_10.csv
3379,2,1,1,Reader_1_11.csv
3379,0,0,0,Reader_1_12.csv
3379,1,1,0,Reader_1_2.csv
3379,7,7,0,Reader_1_3.csv
3379,3,1,2,Reader_1_4.csv
3379,0,0,0,Reader_1_5.csv
3379,0,0,0,Reader_1_6.csv
3379,0,0,0,Reader_1_7.csv
3379,0,0,0,Reader_1_8.csv
3379,0,0,0,Reader_1_9.csv
3379,4,4,0,Reader_2_1.csv
3379,0,0,0,Reader_2_10.csv
3379,0,0,0,Reader_2_11.csv
3379,0,0,0,Reader_2_12.csv
3379,2,2,0,Reader_2_2.csv
3379,0,0,0,Reader_2_3.csv
3379,0,0,0,Reader_2_4.csv
3379,0,0,0,Reader_2_5.csv
3379,3,3,0,Reader_2_6.csv
3379,0,0,0,Reader_2_7.csv
3379,1,1,0,Reader_2_8.csv
3379,0,0,0,Reader_2_9.csv
3379,9,8,1,reader_3_1.csv
3379,4,4,0,Reader_3_2.csv
3379,8,8,0,Reader_3_3.csv
3379,8,8,0,Reader_3_4.csv
3379,4,3,1,Reader_3_5.csv
3379,7,6,1,Reader_3_6.csv
3379,2,1,1,Reader_3_7.csv
3380,1,1,0,Reader_1_1.csv
3380,0,0,0,Reader_1_10.csv
3380,2,1,1,Reader_1_11.csv
3380,0,0,0,Reader_1_12.csv
3380,1,1,0,Reader_1_2.csv
3380,6,6,0,Reader_1_3.csv
3380,3,1,2,Reader_1_4.csv
3380,0,0,0,Reader_1_5.csv
3380,0,0,0,Reader_1_6.csv
3380,0,0,0,Reader_1_7.csv
3380,0,0,0,Reader_1_8.csv
3380,0,0,0,Reader_1_9.csv
3380,8,7,1,Reader_2_1.csv
3380,0,0,0,Reader_2_10.csv
3380,0,0,0,Reader_2_11.csv
3380,0,0,0,Reader_2_12.csv
3380,1,1,0,Reader_2_2.csv
3380,0,0,0,Reader_2_3.csv
3380,0,0,0,Reader_2_4.csv
3380,0,0,0,Reader_2_5.csv
3380,5,5,0,Reader_2_6.csv
3380,0,0,0,Reader_2_7.csv
3380,2,2,0,Reader_2_8.csv
3380,0,0,0,Reader_2_9.csv
3380,10,9,1,reader_3_1.csv
3380,4,3,1,Reader_3_2.csv
3380,9,9,0,Reader_3_3.csv
3380,9,9,0,Reader_3_4.csv
3380,5,4,1,Reader_3_5.csv
3380,6,6,0,Reader_3_6.csv
3380,1,0,1,Reader_3_7.csv
3381,1,1,0,Reader_1_1.csv
3381,0,0,0,Reader_1_10.csv
3381,2,1,1,Reader_1_11.csv
3381,0,0,0,Reader_1_12.csv
3381,1,1,0,Reader_1_2.csv
3381,9,9,0,Reader_1_3.csv
3381,2,1,1,Reader_1_4.csv
3381,0,0,0,Reader_1_5.csv
3381,0,0,0,Reader_1_6.csv
3381,0,0,0,Reader_1_7.csv
3381,0,0,0,Reader_1_8.csv
3381,0,0,0,Reader_1_9.csv
3381,10,9,1,Reader_2_1.csv
3381,0,0,0,Reader_2_10.csv
3381,0,0,0,Reader_2_11.csv
3381,0,0,0,Reader_2_12.csv
3381,0,0,0,Reader_2_2.csv
3381,0,0,0,Reader_2_3.csv
3381,0,0,0,Reader_2_4.csv
3381,0,0,0,Reader_2_5.csv
3381,3,3,0,Reader_2_6.csv
3381,0,0,0,Reader_2_7.csv
3381,2,2,0,Reader_2_8.csv
3381,0,0,0,Reader_2_9.csv
3381,11,10,1,reader_3_1.csv
3381,4,3,1,Reader_3_2.csv
3381,10,10,0,Reader_3_3.csv
3381,10,10,0,Reader_3_4.csv
3381,5,4,1,Reader_3_5.csv
3381,4,4,0,Reader_3_6.csv
3381,1,0,1,Reader_3_7.csv
3382,1,1,0,Reader_1_1.csv
3382,0,0,0,Reader_1_10.csv
3382,3,1,2,Reader_1_11.csv
3382,0,0,0,Reader_1_12.csv
3382,2,1,1,Reader_1_2.csv
3382,8,8,0,Reader_1_3.csv
3382,2,1,1,Reader_1_4.csv
3382,0,0,0,Reader_1_5.csv
3382,0,0,0,Reader_1_6.csv
3382,0,0,0,Reader_1_7.csv
3382,0,0,0,Reader_1_8.csv
3382,1,1,0,Reader_1_9.csv
3382,10,9,1,Reader_2_1.csv
3382,0,0,0,Reader_2_10.csv
3382,0,0,0,Reader_2_11.csv
3382,0,0,0,Reader_2_12.csv
3382,0,0,0,Reader_2_2.csv
3382,0,0,0,Reader_2_3.csv
3382,0,0,0,Reader_2_4.csv
3382,0,0,0,Reader_2_5.csv
3382,4,4,0,Reader_2_6.csv
3382,0,0,0,Reader_2_7.csv
3382,1,1,0,Reader_2_8.csv
3382,0,0,0,Reader_2_9.csv
3382,10,9,1,reader_3_1.csv
3382,4,2,2,Reader_3_2.csv
3382,10,10,0,Reader_3_3.csv
3382,10,10,0,Reader_3_4.csv
3382,6,6,0,Reader_3_5.csv
3382,3,3,0,Reader_3_6.csv
3382,1,0,1,Reader_3_7.csv
3383,1,1,0,Reader_1_1.csv
3383,0,0,0,Reader_1_10.csv
3383,3,1,2,Reader_1_11.csv
3383,0,0,0,Reader_1_12.csv
3383,3,1,2,Reader_1_2.csv
3383,9,9,0,Reader_1_3.csv
3383,1,0,1,Reader_1_4.csv
3383,0,0,0,Reader_1_5.csv
3383,0,0,0,Reader_1_6.csv
3383,0,0,0,Reader_1_7.csv
3383,0,0,0,Reader_1_8.csv
3383,1,1,0,Reader_1_9.csv
3383,10,9,1,Reader_2_1.csv
3383,0,0,0,Reader_2_10.csv
3383,0,0,0,Reader_2_11.csv
3383,0,0,0,Reader_2_12.csv
3383,0,0,0,Reader_2_2.csv
3383,0,0,0,Reader_2_3.csv
3383,0,0,0,Reader_2_4.csv
3383,0,0,0,Reader_2_5.csv
3383,4,4,0,Reader_2_6.csv
3383,0,0,0,Reader_2_7.csv
3383,1,1,0,Reader_2_8.csv
3383,0,0,0,Reader_2_9.csv
3383,12,10,2,reader_3_1.csv
3383,4,2,2,Reader_3_2.csv
3383,9,9,0,Reader_3_3.csv
3383,9,9,0,Reader_3_4.csv
3383,4,4,0,Reader_3_5.csv
3383,4,4,0,Reader_3_6.csv
3383,0,0,0,Reader_3_7.csv
3384,0,0,0,Reader_1_1.csv
3384,0,0,0,Reader_1_10.csv
3384,3,1,2,Reader_1_11.csv
3384,0,0,0,Reader_1_12.csv
3384,5,3,2,Reader_1_2.csv
3384,8,8,0,Reader_1_3.csv
3384,1,0,1,Reader_1_4.csv
3384,0,0,0,Reader_1_5.csv
3384,0,0,0,Reader_1_6.csv
3384,0,0,0,Reader_1_7.csv
3384,0,0,0,Reader_1_8.csv
3384,1,1,0,Reader_1_9.csv
3384,10,9,1,Reader_2_1.csv
3384,0,0,0,Reader_2_10.csv
3384,0,0,0,Reader_2_11.csv
3384,0,0,0,Reader_2_12.csv
3384,0,0,0,Reader_2_2.csv
3384,0,0,0,Reader_2_3.csv
3384,0,0,0,Reader_2_4.csv
3384,0,0,0,Reader_2_5.csv
3384,4,4,0,Reader_2_6.csv
3384,0,0,0,Reader_2_7.csv
3384,1,1,0,Reader_2_8.csv
3384,0,0,0,Reader_2_9.csv
3384,14,12,2,reader_3_1.csv
3384,5,2,3,Reader_3_2.csv
3384,9,9,0,Reader_3_3.csv
3384,9,9,0,Reader_3_4.csv
3384,4,4,0,Reader_3_5.csv
3384,6,6,0,Reader_3_6.csv
3384,0,0,0,Reader_3_7.csv
3385,0,0,0,Reader_1_1.csv
3385,0,0,0,Reader_1_10.csv
3385,4,0,4,Reader_1_11.csv
3385,0,0,0,Reader_1_12.csv
3385,5,3,2,Reader_1_2.csv
3385,10,10,0,Reader_1_3.csv
3385,1,0,1,Reader_1_4.csv
3385,0,0,0,Reader_1_5.csv
3385,0,0,0,Reader_1_6.csv
3385,0,0,0,Reader_1_7.csv
3385,0,0,0,Reader_1_8.csv
3385,1,1,0,Reader_1_9.csv
3385,11,8,3,Reader_2_1.csv
3385,0,0,0,Reader_2_10.csv
3385,0,0,0,Reader_2_11.csv
3385,0,0,0,Reader_2_12.csv
3385,0,0,0,Reader_2_2.csv
3385,0,0,0,Reader_2_3.csv
3385,0,0,0,Reader_2_4.csv
3385,0,0,0,Reader_2_5.csv
3385,4,4,0,Reader_2_6.csv
3385,0,0,0,Reader_2_7.csv
3385,1,1,0,Reader_2_8.csv
3385,0,0,0,Reader_2_9.csv
3385,14,11,3,reader_3_1.csv
3385,6,3,3,Reader_3_2.csv
3385,9,9,0,Reader_3_3.csv
3385,9,9,0,Reader_3_4.csv
3385,4,4,0,Reader_3_5.csv
3385,7,7,0,Reader_3_6.csv
3385,0,0,0,Reader_3_7.csv
3386,0,0,0,Reader_1_1.csv
3386,0,0,0,Reader_1_10.csv
3386,4,0,4,Reader_1_11.csv
3386,0,0,0,Reader_1_12.csv
3386,5,3,2,Reader_1_2.csv
3386,11,9,2,Reader_1_3.csv
3386,1,0,1,Reader_1_4.csv
3386,0,0,0,Reader_1_5.csv
3386,0,0,0,Reader_1_6.csv
3386,0,0,0,Reader_1_7.csv
3386,0,0,0,Reader_1_8.csv
3386,2,1,1,Reader_1_9.csv
3386,13,9,4,Reader_2_1.csv
3386,0,0,0,Reader_2_10.csv
3386,0,0,0,Reader_2_11.csv
3386,0,0,0,Reader_2_12.csv
3386,0,0,0,Reader_2_2.csv
3386,0,0,0,Reader_2_3.csv
3386,0,0,0,Reader_2_4.csv
3386,0,0,0,Reader_2_5.csv
3386,4,4,0,Reader_2_6.csv
3386,0,0,0,Reader_2_7.csv
3386,1,1,0,Reader_2_8.csv
3386,0,0,0,Reader_2_9.csv
3386,11,9,2,reader_3_1.csv
3386,6,3,3,Reader_3_2.csv
3386,9,9,0,Reader_3_3.csv
3386,9,9,0,Reader_3_4.csv
3386,5,5,0,Reader_3_5.csv
3386,6,6,0,Reader_3_6.csv
3386,0,0,0,Reader_3_7.csv
3387,0,0,0,Reader_1_1.csv
3387,0,0,0,Reader_1_10.csv
3387,4,0,4,Reader_1_11.csv
3387,0,0,0,Reader_1_12.csv
3387,5,2,3,Reader_1_2.csv
3387,12,10,2,Reader_1_3.csv
3387,1,1,0,Reader_1_4.csv
3387,0,0,0,Reader_1_5.csv
3387,0,0,0,Reader_1_6.csv
3387,1,0,1,Reader_1_7.csv
3387,0,0,0,Reader_1_8.csv
3387,2,1,1,Reader_1_9.csv
3387,13,9,4,Reader_2_1.csv
3387,0,0,0,Reader_2_10.csv
3387,0,0,0,Reader_2_11.csv
3387,0,0,0,Reader_2_12.csv
3387,0,0,0,Reader_2_2.csv
3387,0,0,0,Reader_2_3.csv
3387,0,0,0,Reader_2_4.csv
3387,0,0,0,Reader_2_5.csv
3387,5,5,0,Reader_2_6.csv
3387,0,0,0,Reader_2_7.csv
3387,1,1,0,Reader_2_8.csv
3387,0,0,0,Reader_2_9.csv
3387,12,10,2,reader_3_1.csv
3387,7,4,3,Reader_3_2.csv
3387,7,7,0,Reader_3_3.csv
3387,7,7,0,Reader_3_4.csv
3387,6,5,1,Reader_3_5.csv
3387,6,6,0,Reader_3_6.csv
3387,0,0,0,Reader_3_7.csv
3388,0,0,0,Reader_1_1.csv
3388,0,0,0,Reader_1_10.csv
3388,5,0,5,Reader_1_11.csv
3388,0,0,0,Reader_1_12.csv
3388,6,2,4,Reader_1_2.csv
3388,16,14,2,Reader_1_3.csv
3388,1,1,0,Reader_1_4.csv
3388,0,0,0,Reader_1_5.csv
3388,0,0,0,Reader_1_6.csv
3388,1,0,1,Reader_1_7.csv
3388,0,0,0,Reader_1_8.csv
3388,2,1,1,Reader_1_9.csv
3388,10,7,3,Reader_2_1.csv
3388,0,0,0,Reader_2_10.csv
3388,0,0,0,Reader_2_11.csv
3388,0,0,0,Reader_2_12.csv
3388,0,0,0,Reader_2_2.csv
3388,0,0,0,Reader_2_3.csv
3388,0,0,0,Reader_2_4.csv
3388,0,0,0,Reader_2_5.csv
3388,3,3,0,Reader_2_6.csv
3388,0,0,0,Reader_2_7.csv
3388,0,0,0,Reader_2_8.csv
3388,0,0,0,Reader_2_9.csv
3388,11,8,3,reader_3_1.csv
3388,6,4,2,Reader_3_2.csv
3388,4,4,0,Reader_3_3.csv
3388,4,4,0,Reader_3_4.csv
3388,6,5,1,Reader_3_5.csv
3388,8,8,0,Reader_3_6.csv
3388,0,0,0,Reader_3_7.csv
3389,0,0,0,Reader_1_1.csv
3389,0,0,0,Reader_1_10.csv
3389,4,0,4,Reader_1_11.csv
3389,0,0,0,Reader_1_12.csv
3389,6,2,4,Reader_1_2.csv
3389,15,13,2,Reader_1_3.csv
3389,1,1,0,Reader_1_4.csv
3389,0,0,0,Reader_1_5.csv
3389,0,0,0,Reader_1_6.csv
3389,1,0,1,Reader_1_7.csv
3389,0,0,0,Reader_1_8.csv
3389,2,1,1,Reader_1_9.csv
3389,8,5,3,Reader_2_1.csv
3389,0,0,0,Reader_2_10.csv
3389,0,0,0,Reader_2_11.csv
3389,0,0,0,Reader_2_12.csv
3389,0,0,0,Reader_2_2.csv
3389,0,0,0,Reader_2_3.csv
3389,0,0,0,Reader_2_4.csv
3389,0,0,0,Reader_2_5.csv
3389,5,4,1,Reader_2_6.csv
3389,0,0,0,Reader_2_7.csv
3389,0,0,0,Reader_2_8.csv
3389,0,0,0,Reader_2_9.csv
3389,11,8,3,reader_3_1.csv
3389,7,5,2,Reader_3_2.csv
3389,3,3,0,Reader_3_3.csv
3389,3,3,0,Reader_3_4.csv
3389,6,5,1,Reader_3_5.csv
3389,10,10,0,Reader_3_6.csv
3389,0,0,0,Reader_3_7.csv
3390,0,0,0,Reader_1_1.csv
3390,0,0,0,Reader_1_10.csv
3390,3,0,3,Reader_1_11.csv
3390,0,0,0,Reader_1_12.csv
3390,5,2,3,Reader_1_2.csv
3390,18,16,2,Reader_1_3.csv
3390,1,1,0,Reader_1_4.csv
3390,0,0,0,Reader_1_5.csv
3390,0,0,0,Reader_1_6.csv
3390,1,0,1,Reader_1_7.csv
3390,1,0,1,Reader_1_8.csv
3390,1,0,1,Reader_1_9.csv
3390,8,5,3,Reader_2_1.csv
3390,0,0,0,Reader_2_10.csv
3390,0,0,0,Reader_2_11.csv
3390,0,0,0,Reader_2_12.csv
3390,0,0,0,Reader_2_2.csv
3390,0,0,0,Reader_2_3.csv
3390,0,0,0,Reader_2_4.csv
3390,0,0,0,Reader_2_5.csv
3390,4,3,1,Reader_2_6.csv
3390,0,0,0,Reader_2_7.csv
3390,0,0,0,Reader_2_8.csv
3390,0,0,0,Reader_2_9.csv
3390,12,9,3,reader_3_1.csv
3390,7,6,1,Reader_3_2.csv
3390,2,2,0,Reader_3_3.csv
3390,2,2,0,Reader_3_4.csv
3390,4,3,1,Reader_3_5.csv
3390,10,10,0,Reader_3_6.csv
3390,0,0,0,Reader_3_7.csv
3391,0,0,0,Reader_1_1.csv
3391,0,0,0,Reader_1_10.csv
3391,3,0,3,Reader_1_11.csv
3391,0,0,0,Reader_1_12.csv
3391,4,2,2,Reader_1_2.csv
3391,16,14,2,Reader_1_3.csv
3391,1,1,0,Reader_1_4.csv
3391,0,0,0,Reader_1_5.csv
3391,0,0,0,Reader_1_6.csv
3391,1,0,1,Reader_1_7.csv
3391,1,0,1,Reader_1_8.csv
3391,1,0,1,Reader_1_9.csv
3391,7,4,3,Reader_2_1.csv
3391,0,0,0,Reader_2_10.csv
3391,0,0,0,Reader_2_11.csv
3391,0,0,0,Reader_2_12.csv
3391,0,0,0,Reader_2_2.csv
3391,0,0,0,Reader_2_3.csv
3391,0,0,0,Reader_2_4.csv
3391,0,0,0,Reader_2_5.csv
3391,3,2,1,Reader_2_6.csv
3391,0,0,0,Reader_2_7.csv
3391,0,0,0,Reader_2_8.csv
3391,0,0,0,Reader_2_9.csv
3391,9,7,2,reader_3_1.csv
3391,8,7,1,Reader_3_2.csv
3391,2,2,0,Reader_3_3.csv
3391,2,2,0,Reader_3_4.csv
3391,5,4,1,Reader_3_5.csv
3391,9,9,0,Reader_3_6.csv
3391,0,0,0,Reader_3_7.csv
3392,0,0,0,Reader_1_1.csv
3392,0,0,0,Reader_1_10.csv
3392,4,1,3,Reader_1_11.csv
3392,0,0,0,Reader_1_12.csv
3392,2,0,2,Reader_1_2.csv
3392,16,14,2,Reader_1_3.csv
3392,1,1,0,Reader_1_4.csv
3392,0,0,0,Reader_1_5.csv
3392,0,0,0,Reader_1_6.csv
3392,1,0,1,Reader_1_7.csv
3392,1,0,1,Reader_1_8.csv
3392,1,0,1,Reader_1_9.csv
3392,8,5,3,Reader_2_1.csv
3392,0,0,0,Reader_2_10.csv
3392,0,0,0,Reader_2_11.csv
3392,0,0,0,Reader_2_12.csv
3392,0,0,0,Reader_2_2.csv
3392,1,0,1,Reader_2_3.csv
3392,0,0,0,Reader_2_4.csv
3392,0,0,0,Reader_2_5.csv
3392,3,2,1,Reader_2_6.csv
3392,0,0,0,Reader_2_7.csv
3392,0,0,0,Reader_2_8.csv
3392,0,0,0,Reader_2_9.csv
3392,7,5,2,reader_3_1.csv
3392,8,8,0,Reader_3_2.csv
3392,1,1,0,Reader_3_3.csv
3392,1,1,0,Reader_3_4.csv
3392,4,3,1,Reader_3_5.csv
3392,14,14,0,Reader_3_6.csv
3392,0,0,0,Reader_3_7.csv
3393,1,1,0,Reader_1_1.csv
3393,0,0,0,Reader_1_10.csv
3393,3,2,1,Reader_1_11.csv
3393,0,0,0,Reader_1_12.csv
3393,2,0,2,Reader_1_2.csv
3393,16,13,3,Reader_1_3.csv
3393,1,1,0,Reader_1_4.csv
3393,0,0,0,Reader_1_5.csv
3393,0,0,0,Reader_1_6.csv
3393,1,0,1,Reader_1_7.csv
3393,1,0,1,Reader_1_8.csv
3393,1,0,1,Reader_1_9.csv
3393,7,6,1,Reader_2_1.csv
3393,0,0,0,Reader_2_10.csv
3393,0,0,0,Reader_2_11.csv
3393,0,0,0,Reader_2_12.csv
3393,0,0,0,Reader_2_2.csv
3393,1,0,1,Reader_2_3.csv
3393,0,0,0,Reader_2_4.csv
3393,0,0,0,Reader_2_5.csv
3393,3,2,1,Reader_2_6.csv
3393,0,0,0,Reader_2_7.csv
3393,0,0,0,Reader_2_8.csv
3393,0,0,0,Reader_2_9.csv
3393,7,6,1,reader_3_1.csv
3393,7,7,0,Reader_3_2.csv
3393,0,0,0,Reader_3_3.csv
3393,0,0,0,Reader_3_4.csv
3393,5,3,2,Reader_3_5.csv
3393,15,15,0,Reader_3_6.csv
3393,0,0,0,Reader_3_7.csv
3394,2,2,0,Reader_1_1.csv
3394,0,0,0,Reader_1_10.csv
3394,3,2,1,Reader_1_11.csv
3394,0,0,0,Reader_1_12.csv
3394,3,1,2,Reader_1_2.csv
3394,14,13,1,Reader_1_3.csv
3394,1,1,0,Reader_1_4.csv
3394,0,0,0,Reader_1_5.csv
3394,0,0,0,Reader_1_6.csv
3394,1,0,1,Reader_1_7.csv
3394,1,0,1,Reader_1_8.csv
3394,0,0,0,Reader_1_9.csv
3394,5,5,0,Reader_2_1.csv
3394,0,0,0,Reader_2_10.csv
3394,0,0,0,Reader_2_11.csv
3394,0,0,0,Reader_2_12.csv
3394,1,1,0,Reader_2_2.csv
3394,1,0,1,Reader_2_3.csv
3394,0,0,0,Reader_2_4.csv
3394,0,0,0,Reader_2_5.csv
3394,3,2,1,Reader_2_6.csv
3394,0,0,0,Reader_2_7.csv
3394,0,0,0,Reader_2_8.csv
3394,0,0,0,Reader_2_9.csv
3394,7,6,1,reader_3_1.csv
3394,7,7,0,Reader_3_2.csv
3394,0,0,0,Reader_3_3.csv
3394,0,0,0,Reader_3_4.csv
3394,5,3,2,Reader_3_5.csv
3394,17,17,0,Reader_3_6.csv
3394,0,0,0,Reader_3_7.csv
3395,2,2,0,Reader_1_1.csv
3395,0,0,0,Reader_1_10.csv
3395,3,2,1,Reader_1_11.csv
3395,0,0,0,Reader_1_12.csv
3395,2,1,1,Reader_1_2.csv
3395,15,13,2,Reader_1_3.csv
3395,1,1,0,Reader_1_4.csv
3395,0,0,0,Reader_1_5.csv
3395,0,0,0,Reader_1_6.csv
3395,0,0,0,Reader_1_7.csv
3395,1,0,1,Reader_1_8.csv
3395,0,0,0,Reader_1_9.csv
3395,5,5,0,Reader_2_1.csv
3395,0,0,0,Reader_2_10.csv
3395,0,0,0,Reader_2_11.csv
3395,0,0,0,Reader_2_12.csv
3395,1,1,0,Reader_2_2.csv
3395,1,0,1,Reader_2_3.csv
3395,0,0,0,Reader_2_4.csv
3395,0,0,0,Reader_2_5.csv
3395,2,1,1,Reader_2_6.csv
3395,0,0,0,Reader_2_7.csv
3395,0,0,0,Reader_2_8.csv
3395,0,0,0,Reader_2_9.csv
3395,5,4,1,reader_3_1.csv
3395,6,6,0,Reader_3_2.csv
3395,0,0,0,Reader_3_3.csv
3395,0,0,0,Reader_3_4.csv
3395,5,4,1,Reader_3_5.csv
3395,20,20,0,Reader_3_6.csv
3395,0,0,0,Reader_3_7.csv
3396,2,2,0,Reader_1_1.csv
3396,0,0,0,Reader_1_10.csv
3396,2,2,0,Reader_1_11.csv
3396,0,0,0,Reader_1_12.csv
3396,1,1,0,Reader_1_2.csv
3396,11,9,2,Reader_1_3.csv
3396,2,2,0,Reader_1_4.csv
3396,0,0,0,Reader_1_5.csv
3396,1,1,0,Reader_1_6.csv
3396,0,0,0,Reader_1_7.csv
3396,1,0,1,Reader_1_8.csv
3396,0,0,0,Reader_1_9.csv
3396,4,4,0,Reader_2_1.csv
3396,0,0,0,Reader_2_10.csv
3396,0,0,0,Reader_2_11.csv
3396,0,0,0,Reader_2_12.csv
3396,1,1,0,Reader_2_2.csv
3396,1,0,1,Reader_2_3.csv
3396,0,0,0,Reader_2_4.csv
3396,0,0,0,Reader_2_5.csv
3396,2,1,1,Reader_2_6.csv
3396,0,0,0,Reader_2_7.csv
3396,1,1,0,Reader_2_8.csv
3396,0,0,0,Reader_2_9.csv
3396,4,4,0,reader_3_1.csv
3396,5,5,0,Reader_3_2.csv
3396,0,0,0,Reader_3_3.csv
3396,0,0,0,Reader_3_4.csv
3396,4,3,1,Reader_3_5.csv
3396,22,22,0,Reader_3_6.csv
3396,1,1,0,Reader_3_7.csv
3397,3,3,0,Reader_1_1.csv
3397,0,0,0,Reader_1_10.csv
3397,2,2,0,Reader_1_11.csv
3397,0,0,0,Reader_1_12.csv
3397,1,1,0,Reader_1_2.csv
3397,10,8,2,Reader_1_3.csv
3397,2,2,0,Reader_1_4.csv
3397,0,0,0,Reader_1_5.csv
3397,1,1,0,Reader_1_6.csv
3397,0,0,0,Reader_1_7.csv
3397,1,0,1,Reader_1_8.csv
3397,0,0,0,Reader_1_9.csv
3397,4,4,0,Reader_2_1.csv
3397,0,0,0,Reader_2_10.csv
3397,0,0,0,Reader_2_11.csv
3397,0,0,0,Reader_2_12.csv
3397,1,1,0,Reader_2_2.csv
3397,1,0,1,Reader_2_3.csv
3397,0,0,0,Reader_2_4.csv
3397,0,0,0,Reader_2_5.csv
3397,0,0,0,Reader_2_6.csv
3397,0,0,0,Reader_2_7.csv
3397,1,1,0,Reader_2_8.csv
3397,0,0,0,Reader_2_9.csv
3397,3,3,0,reader_3_1.csv
3397,5,5,0,Reader_3_2.csv
3397,1,0,1,Reader_3_3.csv
3397,1,0,1,Reader_3_4.csv
3397,5,4,1,Reader_3_5.csv
3397,23,23,0,Reader_3_6.csv
3397,1,1,0,Reader_3_7.csv
3398,3,3,0,Reader_1_1.csv
3398,0,0,0,Reader_1_10.csv
3398,2,2,0,Reader_1_11.csv
3398,0,0,0,Reader_1_12.csv
3398,2,2,0,Reader_1_2.csv
3398,8,5,3,Reader_1_3.csv
3398,2,2,0,Reader_1_4.csv
3398,0,0,0,Reader_1_5.csv
3398,1,1,0,Reader_1_6.csv
3398,0,0,0,Reader_1_7.csv
3398,0,0,0,Reader_1_8.csv
3398,0,0,0,Reader_1_9.csv
3398,5,5,0,Reader_2_1.csv
3398,0,0,0,Reader_2_10.csv
3398,0,0,0,Reader_2_11.csv
3398,0,0,0,Reader_2_12.csv
3398,1,1,0,Reader_2_2.csv
3398,1,0,1,Reader_2_3.csv
3398,0,0,0,Reader_2_4.csv
3398,0,0,0,Reader_2_5.csv
3398,0,0,0,Reader_2_6.csv
3398,0,0,0,Reader_2_7.csv
3398,1,1,0,Reader_2_8.csv
3398,0,0,0,Reader_2_9.csv
3398,1,1,0,reader_3_1.csv
3398,5,5,0,Reader_3_2.csv
3398,2,1,1,Reader_3_3.csv
3398,2,1,1,Reader_3_4.csv
3398,7,6,1,Reader_3_5.csv
3398,24,24,0,Reader_3_6.csv
3398,1,1,0,Reader_3_7.csv
3399,3,3,0,Reader_1_1.csv
3399,0,0,0,Reader_1_10.csv
3399,2,2,0,Reader_1_11.csv
3399,0,0,0,Reader_1_12.csv
3399,2,2,0,Reader_1_2.csv
3399,8,5,3,Reader_1_3.csv
3399,2,2,0,Reader_1_4.csv
3399,0,0,0,Reader_1_5.csv
3399,1,1,0,Reader_1_6.csv
3399,0,0,0,Reader_1_7.csv
3399,1,1,0,Reader_1_8.csv
3399,1,1,0,Reader_1_9.csv
3399,5,5,0,Reader_2_1.csv
3399,0,0,0,Reader_2_10.csv
3399,0,0,0,Reader_2_11.csv
3399,0,0,0,Reader_2_12.csv
3399,1,1,0,Reader_2_2.csv
3399,1,0,1,Reader_2_3.csv
3399,0,0,0,Reader_2_4.csv
3399,0,0,0,Reader_2_5.csv
3399,0,0,0,Reader_2_6.csv
3399,0,0,0,Reader_2_7.csv
3399,1,1,0,Reader_2_8.csv
3399,0,0,0,Reader_2_9.csv
3399,1,1,0,reader_3_1.csv
3399,4,4,0,Reader_3_2.csv
3399,2,1,1,Reader_3_3.csv
3399,2,1,1,Reader_3_4.csv
3399,9,8,1,Reader_3_5.csv
3399,23,23,0,Reader_3_6.csv
3399,1,1,0,Reader_3_7.csv
3400,4,3,1,Reader_1_1.csv
3400,0,0,0,Reader_1_10.csv
3400,1,1,0,Reader_1_11.csv
3400,0,0,0,Reader_1_12.csv
3400,2,2,0,Reader_1_2.csv
3400,7,4,3,Reader_1_3.csv
3400,2,2,0,Reader_1_4.csv
3400,0,0,0,Reader_1_5.csv
3400,1,1,0,Reader_1_6.csv
3400,0,0,0,Reader_1_7.csv
3400,1,1,0,Reader_1_8.csv
3400,1,1,0,Reader_1_9.csv
3400,3,3,0,Reader_2_1.csv
3400,0,0,0,Reader_2_10.csv
3400,0,0,0,Reader_2_11.csv
3400,0,0,0,Reader_2_12.csv
3400,2,1,1,Reader_2_2.csv
3400,0,0,0,Reader_2_3.csv
3400,0,0,0,Reader_2_4.csv
3400,0,0,0,Reader_2_5.csv
3400,0,0,0,Reader_2_6.csv
3400,0,0,0,Reader_2_7.csv
3400,1,1,0,Reader_2_8.csv
3400,0,0,0,Reader_2_9.csv
3400,1,1,0,reader_3_1.csv
3400,4,4,0,Reader_3_2.csv
3400,2,1,1,Reader_3_3.csv
3400,2,1,1,Reader_3_4.csv
3400,9,8,1,Reader_3_5.csv
3400,17,17,0,Reader_3_6.csv
3400,1,1,0,Reader_3_7.csv
3401,8,6,2,Reader_1_1.csv
3401,0,0,0,Reader_1_10.csv
3401,1,1,0,Reader_1_11.csv
3401,0,0,0,Reader_1_12.csv
3401,2,2,0,Reader_1_2.csv
3401,6,4,2,Reader_1_3.csv
3401,2,2,0,Reader_1_4.csv
3401,0,0,0,Reader_1_5.csv
3401,1,1,0,Reader_1_6.csv
3401,0,0,0,Reader_1_7.csv
3401,1,1,0,Reader_1_8.csv
3401,1,1,0,Reader_1_9.csv
3401,3,3,0,Reader_2_1.csv
3401,0,0,0,Reader_2_10.csv
3401,0,0,0,Reader_2_11.csv
3401,0,0,0,Reader_2_12.csv
3401,2,1,1,Reader_2_2.csv
3401,0,0,0,Reader_2_3.csv
3401,1,1,0,Reader_2_4.csv
3401,1,1,0,Reader_2_5.csv
3401,1,1,0,Reader_2_6.csv
3401,0,0,0,Reader_2_7.csv
3401,1,1,0,Reader_2_8.csv
3401,0,0,0,Reader_2_9.csv
3401,1,1,0,reader_3_1.csv
3401,4,4,0,Reader_3_2.csv
3401,2,1,1,Reader_3_3.csv
3401,2,1,1,Reader_3_4.csv
3401,10,9,1,Reader_3_5.csv
3401,16,16,0,Reader_3_6.csv
3401,1,1,0,Reader_3_7.csv
3402,10,7,3,Reader_1_1.csv
3402,0,0,0,Reader_1_10.csv
3402,1,1,0,Reader_1_11.csv
3402,0,0,0,Reader_1_12.csv
3402,2,2,0,Reader_1_2.csv
3402,6,4,2,Reader_1_3.csv
3402,2,2,0,Reader_1_4.csv
3402,0,0,0,Reader_1_5.csv
3402,1,1,0,Reader_1_6.csv
3402,0,0,0,Reader_1_7.csv
3402,1,1,0,Reader_1_8.csv
3402,1,1,0,Reader_1_9.csv
3402,3,3,0,Reader_2_1.csv
3402,0,0,0,Reader_2_10.csv
3402,0,0,0,Reader_2_11.csv
3402,1,1,0,Reader_2_12.csv
3402,1,0,1,Reader_2_2.csv
3402,0,0,0,Reader_2_3.csv
3402,1,1,0,Reader_2_4.csv
3402,1,1,0,Reader_2_5.csv
3402,1,1,0,Reader_2_6.csv
3402,0,0,0,Reader_2_7.csv
3402,2,2,0,Reader_2_8.csv
3402,0,0,0,Reader_2_9.csv
3402,2,2,0,reader_3_1.csv
3402,5,4,1,Reader_3_2.csv
3402,3,2,1,Reader_3_3.csv
3402,3,2,1,Reader_3_4.csv
3402,11,10,1,Reader_3_5.csv
3402,14,14,0,Reader_3_6.csv
3402,2,2,0,Reader_3_7.csv
3403,11,7,4,Reader_1_1.csv
3403,0,0,0,Reader_1_10.csv
3403,1,1,0,Reader_1_11.csv
3403,0,0,0,Reader_1_12.csv
3403,2,2,0,Reader_1_2.csv
3403,5,4,1,Reader_1_3.csv
3403,2,2,0,Reader_1_4.csv
3403,0,0,0,Reader_1_5.csv
3403,1,1,0,Reader_1_6.csv
3403,0,0,0,Reader_1_7.csv
3403,1,1,0,Reader_1_8.csv
3403,1,1,0,Reader_1_9.csv
3403,2,2,0,Reader_2_1.csv
3403,0,0,0,Reader_2_10.csv
3403,0,0,0,Reader_2_11.csv
3403,1,1,0,Reader_2_12.csv
3403,1,0,1,Reader_2_2.csv
3403,0,0,0,Reader_2_3.csv
3403,1,1,0,Reader_2_4.csv
3403,1,1,0,Reader_2_5.csv
3403,1,1,0,Reader_2_6.csv
3403,0,0,0,Reader_2_7.csv
3403,3,2,1,Reader_2_8.csv
3403,0,0,0,Reader_2_9.csv
3403,2,2,0,reader_3_1.csv
3403,5,4,1,Reader_3_2.csv
3403,4,3,1,Reader_3_3.csv
3403,4,3,1,Reader_3_4.csv
3403,11,10,1,Reader_3_5.csv
3403,10,10,0,Reader_3_6.csv
3403,3,2,1,Reader_3_7.csv
3404,12,8,4,Reader_1_1.csv
3404,0,0,0,Reader_1_10.csv
3404,1,1,0,Reader_1_11.csv
3404,0,0,0,Reader_1_12.csv
3404,2,2,0,Reader_1_2.csv
3404,6,4,2,Reader_1_3.csv
3404,1,1,0,Reader_1_4.csv
3404,0,0,0,Reader_1_5.csv
3404,0,0,0,Reader_1_6.csv
3404,0,0,0,Reader_1_7.csv
3404,1,1,0,Reader_1_8.csv
3404,1,1,0,Reader_1_9.csv
3404,4,4,0,Reader_2_1.csv
3404,0,0,0,Reader_2_10.csv
3404,0,0,0,Reader_2_11.csv
3404,1,1,0,Reader_2_12.csv
3404,2,1,1,Reader_2_2.csv
3404,0,0,0,Reader_2_3.csv
3404,1,1,0,Reader_2_4.csv
3404,3,3,0,Reader_2_5.csv
3404,1,1,0,Reader_2_6.csv
3404,0,0,0,Reader_2_7.csv
3404,2,1,1,Reader_2_8.csv
3404,0,0,0,Reader_2_9.csv
3404,2,2,0,reader_3_1.csv
3404,5,4,1,Reader_3_2.csv
3404,4,3,1,Reader_3_3.csv
3404,4,3,1,Reader_3_4.csv
3404,11,10,1,Reader_3_5.csv
3404,10,10,0,Reader_3_6.csv
3404,2,1,1,Reader_3_7.csv
3405,15,11,4,Reader_1_1.csv
3405,0,0,0,Reader_1_10.csv
3405,1,1,0,Reader_1_11.csv
3405,0,0,0,Reader_1_12.csv
3405,2,2,0,Reader_1_2.csv
3405,7,3,4,Reader_1_3.csv
3405,1,1,0,Reader_1_4.csv
3405,0,0,0,Reader_1_5.csv
3405,0,0,0,Reader_1_6.csv
3405,0,0,0,Reader_1_7.csv
3405,1,1,0,Reader_1_8.csv
3405,1,1,0,Reader_1_9.csv
3405,4,4,0,Reader_2_1.csv
3405,0,0,0,Reader_2_10.csv
3405,0,0,0,Reader_2_11.csv
3405,1,1,0,Reader_2_12.csv
3405,2,1,1,Reader_2_2.csv
3405,0,0,0,Reader_2_3.csv
3405,1,1,0,Reader_2_4.csv
3405,3,3,0,Reader_2_5.csv
3405,1,1,0,Reader_2_6.csv
3405,0,0,0,Reader_2_7.csv
3405,2,1,1,Reader_2_8.csv
3405,0,0,0,Reader_2_9.csv
3405,3,2,1,reader_3_1.csv
3405,5,4,1,Reader_3_2.csv
3405,4,4,0,Reader_3_3.csv
3405,4,4,0,Reader_3_4.csv
3405,10,9,1,Reader_3_5.csv
3405,7,7,0,Reader_3_6.csv
3405,2,1,1,Reader_3_7.csv
3406,16,12,4,Reader_1_1.csv
3406,0,0,0,Reader_1_10.csv
3406,1,1,0,Reader_1_11.csv
3406,0,0,0,Reader_1_12.csv
3406,1,1,0,Reader_1_2.csv
3406,6,3,3,Reader_1_3.csv
3406,1,1,0,Reader_1_4.csv
3406,0,0,0,Reader_1_5.csv
3406,0,0,0,Reader_1_6.csv
3406,0,0,0,Reader_1_7.csv
3406,1,1,0,Reader_1_8.csv
3406,1,1,0,Reader_1_9.csv
3406,3,3,0,Reader_2_1.csv
3406,0,0,0,Reader_2_10.csv
3406,0,0,0,Reader_2_11.csv
3406,1,1,0,Reader_2_12.csv
3406,2,1,1,Reader_2_2.csv
3406,0,0,0,Reader_2_3.csv
3406,1,1,0,Reader_2_4.csv
3406,3,3,0,Reader_2_5.csv
3406,2,2,0,Reader_2_6.csv
3406,0,0,0,Reader_2_7.csv
3406,2,1,1,Reader_2_8.csv
3406,0,0,0,Reader_2_9.csv
3406,3,2,1,reader_3_1.csv
3406,4,3,1,Reader_3_2.csv
3406,3,3,0,Reader_3_3.csv
3406,3,3,0,Reader_3_4.csv
3406,8,7,1,Reader_3_5.csv
3406,7,7,0,Reader_3_6.csv
3406,2,1,1,Reader_3_7.csv
3407,16,12,4,Reader_1_1.csv
3407,0,0,0,Reader_1_10.csv
3407,1,1,0,Reader_1_11.csv
3407,0,0,0,Reader_1_12.csv
3407,1,1,0,Reader_1_2.csv
3407,8,5,3,Reader_1_3.csv
3407,1,1,0,Reader_1_4.csv
3407,0,0,0,Reader_1_5.csv
3407,0,0,0,Reader_1_6.csv
3407,0,0,0,Reader_1_7.csv
3407,0,0,0,Reader_1_8.csv
3407,0,0,0,Reader_1_9.csv
3407,3,3,0,Reader_2_1.csv
3407,0,0,0,Reader_2_10.csv
3407,0,0,0,Reader_2_11.csv
3407,1,1,0,Reader_2_12.csv
3407,2,1,1,Reader_2_2.csv
3407,0,0,0,Reader_2_3.csv
3407,1,1,0,Reader_2_4.csv
3407,5,5,0,Reader_2_5.csv
3407,2,2,0,Reader_2_6.csv
3407,0,0,0,Reader_2_7.csv
3407,3,2,1,Reader_2_8.csv
3407,0,0,0,Reader_2_9.csv
3407,3,2,1,reader_3_1.csv
3407,4,3,1,Reader_3_2.csv
3407,3,3,0,Reader_3_3.csv
3407,3,3,0,Reader_3_4.csv
3407,5,4,1,Reader_3_5.csv
3407,7,7,0,Reader_3_6.csv
3407,2,1,1,Reader_3_7.csv
3408,17,13,4,Reader_1_1.csv
3408,0,0,0,Reader_1_10.csv
3408,1,1,0,Reader_1_11.csv
3408,0,0,0,Reader_1_12.csv
3408,1,1,0,Reader_1_2.csv
3408,8,5,3,Reader_1_3.csv
3408,3,3,0,Reader_1_4.csv
3408,0,0,0,Reader_1_5.csv
3408,0,0,0,Reader_1_6.csv
3408,0,0,0,Reader_1_7.csv
3408,0,0,0,Reader_1_8.csv
3408,0,0,0,Reader_1_9.csv
3408,4,4,0,Reader_2_1.csv
3408,0,0,0,Reader_2_10.csv
3408,0,0,0,Reader_2_11.csv
3408,1,1,0,Reader_2_12.csv
3408,1,1,0,Reader_2_2.csv
3408,0,0,0,Reader_2_3.csv
3408,1,1,0,Reader_2_4.csv
3408,5,5,0,Reader_2_5.csv
3408,4,4,0,Reader_2_6.csv
3408,0,0,0,Reader_2_7.csv
3408,3,2,1,Reader_2_8.csv
3408,0,0,0,Reader_2_9.csv
3408,5,4,1,reader_3_1.csv
3408,3,2,1,Reader_3_2.csv
3408,3,3,0,Reader_3_3.csv
3408,3,3,0,Reader_3_4.csv
3408,5,4,1,Reader_3_5.csv
3408,7,7,0,Reader_3_6.csv
3408,3,2,1,Reader_3_7.csv
3409,13,10,3,Reader_1_1.csv
3409,0,0,0,Reader_1_10.csv
3409,1,0,1,Reader_1_11.csv
3409,0,0,0,Reader_1_12.csv
3409,1,1,0,Reader_1_2.csv
3409,7,4,3,Reader_1_3.csv
3409,3,3,0,Reader_1_4.csv
3409,0,0,0,Reader_1_5.csv
3409,0,0,0,Reader_1_6.csv
3409,0,0,0,Reader_1_7.csv
3409,0,0,0,Reader_1_8.csv
3409,0,0,0,Reader_1_9.csv
3409,3,3,0,Reader_2_1.csv
3409,0,0,0,Reader_2_10.csv
3409,0,0,0,Reader_2_11.csv
3409,1,1,0,Reader_2_12.csv
3409,1,1,0,Reader_2_2.csv
3409,0,0,0,Reader_2_3.csv
3409,0,0,0,Reader_2_4.csv
3409,4,4,0,Reader_2_5.csv
3409,3,3,0,Reader_2_6.csv
3409,0,0,0,Reader_2_7.csv
3409,3,2,1,Reader_2_8.csv
3409,0,0,0,Reader_2_9.csv
3409,4,3,1,reader_3_1.csv
3409,3,2,1,Reader_3_2.csv
3409,3,3,0,Reader_3_3.csv
3409,3,3,0,Reader_3_4.csv
3409,3,3,0,Reader_3_5.csv
3409,6,6,0,Reader_3_6.csv
3409,3,2,1,Reader_3_7.csv
3410,11,9,2,Reader_1_1.csv
3410,1,0,1,Reader_1_10.csv
3410,1,0,1,Reader_1_11.csv
3410,0,0,0,Reader_1_12.csv
3410,0,0,0,Reader_1_2.csv
3410,7,4,3,Reader_1_3.csv
3410,3,3,0,Reader_1_4.csv
3410,0,0,0,Reader_1_5.csv
3410,0,0,0,Reader_1_6.csv
3410,0,0,0,Reader_1_7.csv
3410,0,0,0,Reader_1_8.csv
3410,0,0,0,Reader_1_9.csv
3410,3,3,0,Reader_2_1.csv
3410,0,0,0,Reader_2_10.csv
3410,0,0,0,Reader_2_11.csv
3410,0,0,0,Reader_2_12.csv
3410,1,1,0,Reader_2_2.csv
3410,0,0,0,Reader_2_3.csv
3410,0,0,0,Reader_2_4.csv
3410,5,5,0,Reader_2_5.csv
3410,3,3,0,Reader_2_6.csv
3410,0,0,0,Reader_2_7.csv
3410,2,1,1,Reader_2_8.csv
3410,0,0,0,Reader_2_9.csv
3410,3,2,1,reader_3_1.csv
3410,3,3,0,Reader_3_2.csv
3410,2,2,0,Reader_3_3.csv
3410,2,2,0,Reader_3_4.csv
3410,4,4,0,Reader_3_5.csv
3410,6,6,0,Reader_3_6.csv
3410,2,1,1,Reader_3_7.csv
3411,12,10,2,Reader_1_1.csv
3411,1,0,1,Reader_1_10.csv
3411,1,0,1,Reader_1_11.csv
3411,0,0,0,Reader_1_12.csv
3411,0,0,0,Reader_1_2.csv
3411,6,3,3,Reader_1_3.csv
3411,2,2,0,Reader_1_4.csv
3411,0,0,0,Reader_1_5.csv
3411,0,0,0,Reader_1_6.csv
3411,0,0,0,Reader_1_7.csv
3411,0,0,0,Reader_1_8.csv
3411,0,0,0,Reader_1_9.csv
3411,4,4,0,Reader_2_1.csv
3411,0,0,0,Reader_2_10.csv
3411,0,0,0,Reader_2_11.csv
3411,1,1,0,Reader_2_12.csv
3411,2,2,0,Reader_2_2.csv
3411,0,0,0,Reader_2_3.csv
3411,0,0,0,Reader_2_4.csv
3411,6,6,0,Reader_2_5.csv
3411,3,3,0,Reader_2_6.csv
3411,0,0,0,Reader_2_7.csv
3411,1,1,0,Reader_2_8.csv
3411,0,0,0,Reader_2_9.csv
3411,3,2,1,reader_3_1.csv
3411,3,3,0,Reader_3_2.csv
3411,2,2,0,Reader_3_3.csv
3411,2,2,0,Reader_3_4.csv
3411,3,3,0,Reader_3_5.csv
3411,7,7,0,Reader_3_6.csv
3411,1,1,0,Reader_3_7.csv
3412,11,9,2,Reader_1_1.csv
3412,1,0,1,Reader_1_10.csv
3412,1,0,1,Reader_1_11.csv
3412,0,0,0,Reader_1_12.csv
3412,1,1,0,Reader_1_2.csv
3412,8,6,2,Reader_1_3.csv
3412,4,3,1,Reader_1_4.csv
3412,0,0,0,Reader_1_5.csv
3412,0,0,0,Reader_1_6.csv
3412,0,0,0,Reader_1_7.csv
3412,0,0,0,Reader_1_8.csv
3412,0,0,0,Reader_1_9.csv
3412,2,2,0,Reader_2_1.csv
3412,0,0,0,Reader_2_10.csv
3412,0,0,0,Reader_2_11.csv
3412,1,1,0,Reader_2_12.csv
3412,1,1,0,Reader_2_2.csv
3412,1,1,0,Reader_2_3.csv
3412,0,0,0,Reader_2_4.csv
3412,4,4,0,Reader_2_5.csv
3412,3,3,0,Reader_2_6.csv
3412,0,0,0,Reader_2_7.csv
3412,1,1,0,Reader_2_8.csv
3412,0,0,0,Reader_2_9.csv
3412,4,3,1,reader_3_1.csv
3412,3,3,0,Reader_3_2.csv
3412,4,3,1,Reader_3_3.csv
3412,4,3,1,Reader_3_4.csv
3412,4,3,1,Reader_3_5.csv
3412,3,3,0,Reader_3_6.csv
3412,1,1,0,Reader_3_7.csv
3413,8,6,2,Reader_1_1.csv
3413,1,0,1,Reader_1_10.csv
3413,1,0,1,Reader_1_11.csv
3413,0,0,0,Reader_1_12.csv
3413,1,1,0,Reader_1_2.csv
3413,6,6,0,Reader_1_3.csv
3413,4,3,1,Reader_1_4.csv
3413,0,0,0,Reader_1_5.csv
3413,0,0,0,Reader_1_6.csv
3413,0,0,0,Reader_1_7.csv
3413,0,0,0,Reader_1_8.csv
3413,0,0,0,Reader_1_9.csv
3413,2,2,0,Reader_2_1.csv
3413,0,0,0,Reader_2_10.csv
3413,0,0,0,Reader_2_11.csv
3413,1,1,0,Reader_2_12.csv
3413,1,1,0,Reader_2_2.csv
3413,1,1,0,Reader_2_3.csv
3413,0,0,0,Reader_2_4.csv
3413,4,4,0,Reader_2_5.csv
3413,3,3,0,Reader_2_6.csv
3413,0,0,0,Reader_2_7.csv
3413,1,1,0,Reader_2_8.csv
3413,0,0,0,Reader_2_9.csv
3413,4,4,0,reader_3_1.csv
3413,2,2,0,Reader_3_2.csv
3413,3,2,1,Reader_3_3.csv
3413,3,2,1,Reader_3_4.csv
3413,4,3,1,Reader_3_5.csv
3413,4,4,0,Reader_3_6.csv
3413,1,1,0,Reader_3_7.csv
3414,7,5,2,Reader_1_1.csv
3414,1,0,1,Reader_1_10.csv
3414,2,0,2,Reader_1_11.csv
3414,0,0,0,Reader_1_12.csv
3414,1,1,0,Reader_1_2.csv
3414,9,9,0,Reader_1_3.csv
3414,5,4,1,Reader_1_4.csv
3414,0,0,0,Reader_1_5.csv
3414,0,0,0,Reader_1_6.csv
3414,0,0,0,Reader_1_7.csv
3414,0,0,0,Reader_1_8.csv
3414,1,1,0,Reader_1_9.csv
3414,2,2,0,Reader_2_1.csv
3414,0,0,0,Reader_2_10.csv
3414,0,0,0,Reader_2_11.csv
3414,1,1,0,Reader_2_12.csv
3414,1,1,0,Reader_2_2.csv
3414,1,1,0,Reader_2_3.csv
3414,0,0,0,Reader_2_4.csv
3414,4,4,0,Reader_2_5.csv
3414,2,2,0,Reader_2_6.csv
3414,0,0,0,Reader_2_7.csv
3414,1,1,0,Reader_2_8.csv
3414,0,0,0,Reader_2_9.csv
3414,4,4,0,reader_3_1.csv
3414,2,2,0,Reader_3_2.csv
3414,4,2,2,Reader_3_3.csv
3414,4,2,2,Reader_3_4.csv
3414,4,3,1,Reader_3_5.csv
3414,4,4,0,Reader_3_6.csv
3414,1,1,0,Reader_3_7.csv
3415,7,5,2,Reader_1_1.csv
3415,1,0,1,Reader_1_10.csv
3415,2,0,2,Reader_1_11.csv
3415,0,0,0,Reader_1_12.csv
3415,1,1,0,Reader_1_2.csv
3415,10,9,1,Reader_1_3.csv
3415,6,4,2,Reader_1_4.csv
3415,0,0,0,Reader_1_5.csv
3415,0,0,0,Reader_1_6.csv
3415,0,0,0,Reader_1_7.csv
3415,0,0,0,Reader_1_8.csv
3415,1,1,0,Reader_1_9.csv
3415,3,3,0,Reader_2_1.csv
3415,0,0,0,Reader_2_10.csv
3415,0,0,0,Reader_2_11.csv
3415,1,1,0,Reader_2_12.csv
3415,1,1,0,Reader_2_2.csv
3415,1,1,0,Reader_2_3.csv
3415,0,0,0,Reader_2_4.csv
3415,2,2,0,Reader_2_5.csv
3415,2,2,0,Reader_2_6.csv
3415,0,0,0,Reader_2_7.csv
3415,0,0,0,Reader_2_8.csv
3415,0,0,0,Reader_2_9.csv
3415,4,4,0,reader_3_1.csv
3415,2,2,0,Reader_3_2.csv
3415,4,2,2,Reader_3_3.csv
3415,4,2,2,Reader_3_4.csv
3415,4,3,1,Reader_3_5.csv
3415,4,4,0,Reader_3_6.csv
3415,1,1,0,Reader_3_7.csv
3416,6,5,1,Reader_1_1.csv
3416,1,0,1,Reader_1_10.csv
3416,2,0,2,Reader_1_11.csv
3416,0,0,0,Reader_1_12.csv
3416,1,1,0,Reader_1_2.csv
3416,11,10,1,Reader_1_3.csv
3416,4,2,2,Reader_1_4.csv
3416,0,0,0,Reader_1_5.csv
3416,0,0,0,Reader_1_6.csv
3416,0,0,0,Reader_1_7.csv
3416,0,0,0,Reader_1_8.csv
3416,1,1,0,Reader_1_9.csv
3416,4,4,0,Reader_2_1.csv
3416,0,0,0,Reader_2_10.csv
3416,0,0,0,Reader_2_11.csv
3416,1,1,0,Reader_2_12.csv
3416,1,1,0,Reader_2_2.csv
3416,1,1,0,Reader_2_3.csv
3416,0,0,0,Reader_2_4.csv
3416,2,2,0,Reader_2_5.csv
3416,0,0,0,Reader_2_6.csv
3416,0,0,0,Reader_2_7.csv
3416,0,0,0,Reader_2_8.csv
3416,0,0,0,Reader_2_9.csv
3416,2,2,0,reader_3_1.csv
3416,2,2,0,Reader_3_2.csv
3416,4,2,2,Reader_3_3.csv
3416,4,2,2,Reader_3_4.csv
3416,4,3,1,Reader_3_5.csv
3416,3,3,0,Reader_3_6.csv
3416,0,0,0,Reader_3_7.csv
3417,5,4,1,Reader_1_1.csv
3417,1,0,1,Reader_1_10.csv
3417,2,1,1,Reader_1_11.csv
3417,0,0,0,Reader_1_12.csv
3417,1,1,0,Reader_1_2.csv
3417,12,11,1,Reader_1_3.csv
3417,4,2,2,Reader_1_4.csv
3417,0,0,0,Reader_1_5.csv
3417,0,0,0,Reader_1_6.csv
3417,0,0,0,Reader_1_7.csv
3417,0,0,0,Reader_1_8.csv
3417,1,1,0,Reader_1_9.csv
3417,4,4,0,Reader_2_1.csv
3417,0,0,0,Reader_2_10.csv
3417,0,0,0,Reader_2_11.csv
3417,1,1,0,Reader_2_12.csv
3417,1,1,0,Reader_2_2.csv
3417,1,1,0,Reader_2_3.csv
3417,0,0,0,Reader_2_4.csv
3417,2,2,0,Reader_2_5.csv
3417,0,0,0,Reader_2_6.csv
3417,0,0,0,Reader_2_7.csv
3417,1,1,0,Reader_2_8.csv
3417,0,0,0,Reader_2_9.csv
3417,3,3,0,reader_3_1.csv
3417,2,2,0,Reader_3_2.csv
3417,5,3,2,Reader_3_3.csv
3417,5,3,2,Reader_3_4.csv
3417,4,3,1,Reader_3_5.csv
3417,3,3,0,Reader_3_6.csv
3417,0,0,0,Reader_3_7.csv
3418,5,4,1,Reader_1_1.csv
3418,0,0,0,Reader_1_10.csv
3418,2,1,1,Reader_1_11.csv
3418,0,0,0,Reader_1_12.csv
3418,2,2,0,Reader_1_2.csv
3418,15,13,2,Reader_1_3.csv
3418,4,2,2,Reader_1_4.csv
3418,0,0,0,Reader_1_5.csv
3418,1,1,0,Reader_1_6.csv
3418,0,0,0,Reader_1_7.csv
3418,0,0,0,Reader_1_8.csv
3418,1,1,0,Reader_1_9.csv
3418,6,6,0,Reader_2_1.csv
3418,0,0,0,Reader_2_10.csv
3418,0,0,0,Reader_2_11.csv
3418,2,2,0,Reader_2_12.csv
3418,1,1,0,Reader_2_2.csv
3418,1,1,0,Reader_2_3.csv
3418,0,0,0,Reader_2_4.csv
3418,1,1,0,Reader_2_5.csv
3418,1,1,0,Reader_2_6.csv
3418,0,0,0,Reader_2_7.csv
3418,1,1,0,Reader_2_8.csv
3418,0,0,0,Reader_2_9.csv
3418,3,3,0,reader_3_1.csv
3418,2,2,0,Reader_3_2.csv
3418,5,3,2,Reader_3_3.csv
3418,5,3,2,Reader_3_4.csv
3418,1,0,1,Reader_3_5.csv
3418,4,3,1,Reader_3_6.csv
3418,0,0,0,Reader_3_7.csv
3419,4,4,0,Reader_1_1.csv
3419,0,0,0,Reader_1_10.csv
3419,2,1,1,Reader_1_11.csv
3419,0,0,0,Reader_1_12.csv
3419,2,2,0,Reader_1_2.csv
3419,14,12,2,Reader_1_3.csv
3419,4,2,2,Reader_1_4.csv
3419,0,0,0,Reader_1_5.csv
3419,1,1,0,Reader_1_6.csv
3419,0,0,0,Reader_1_7.csv
3419,0,0,0,Reader_1_8.csv
3419,1,1,0,Reader_1_9.csv
3419,5,5,0,Reader_2_1.csv
3419,0,0,0,Reader_2_10.csv
3419,0,0,0,Reader_2_11.csv
3419,2,2,0,Reader_2_12.csv
3419,1,1,0,Reader_2_2.csv
3419,1,1,0,Reader_2_3.csv
3419,0,0,0,Reader_2_4.csv
3419,0,0,0,Reader_2_5.csv
3419,1,1,0,Reader_2_6.csv
3419,0,0,0,Reader_2_7.csv
3419,1,1,0,Reader_2_8.csv
3419,0,0,0,Reader_2_9.csv
3419,4,4,0,reader_3_1.csv
3419,2,2,0,Reader_3_2.csv
3419,4,2,2,Reader_3_3.csv
3419,4,2,2,Reader_3_4.csv
3419,1,0,1,Reader_3_5.csv
3419,4,2,2,Reader_3_6.csv
3419,0,0,0,Reader_3_7.csv
3420,5,5,0,Reader_1_1.csv
3420,0,0,0,Reader_1_10.csv
3420,2,1,1,Reader_1_11.csv
3420,0,0,0,Reader_1_12.csv
3420,1,1,0,Reader_1_2.csv
3420,14,12,2,Reader_1_3.csv
3420,2,1,1,Reader_1_4.csv
3420,0,0,0,Reader_1_5.csv
3420,1,1,0,Reader_1_6.csv
3420,0,0,0,Reader_1_7.csv
3420,0,0,0,Reader_1_8.csv
3420,1,1,0,Reader_1_9.csv
3420,5,5,0,Reader_2_1.csv
3420,0,0,0,Reader_2_10.csv
3420,0,0,0,Reader_2_11.csv
3420,2,2,0,Reader_2_12.csv
3420,1,1,0,Reader_2_2.csv
3420,0,0,0,Reader_2_3.csv
3420,0,0,0,Reader_2_4.csv
3420,0,0,0,Reader_2_5.csv
3420,1,1,0,Reader_2_6.csv
3420,0,0,0,Reader_2_7.csv
3420,1,1,0,Reader_2_8.csv
3420,0,0,0,Reader_2_9.csv
3420,3,3,0,reader_3_1.csv
3420,4,4,0,Reader_3_2.csv
3420,3,2,1,Reader_3_3.csv
3420,3,2,1,Reader_3_4.csv
3420,0,0,0,Reader_3_5.csv
3420,5,2,3,Reader_3_6.csv
3420,0,0,0,Reader_3_7.csv
3421,4,4,0,Reader_1_1.csv
3421,0,0,0,Reader_1_10.csv
3421,3,2,1,Reader_1_11.csv
3421,0,0,0,Reader_1_12.csv
3421,1,1,0,Reader_1_2.csv
3421,14,12,2,Reader_1_3.csv
3421,2,1,1,Reader_1_4.csv
3421,0,0,0,Reader_1_5.csv
3421,1,1,0,Reader_1_6.csv
3421,0,0,0,Reader_1_7.csv
3421,0,0,0,Reader_1_8.csv
3421,1,1,0,Reader_1_9.csv
3421,5,5,0,Reader_2_1.csv
3421,0,0,0,Reader_2_10.csv
3421,0,0,0,Reader_2_11.csv
3421,2,2,0,Reader_2_12.csv
3421,1,1,0,Reader_2_2.csv
3421,0,0,0,Reader_2_3.csv
3421,0,0,0,Reader_2_4.csv
3421,0,0,0,Reader_2_5.csv
3421,1,1,0,Reader_2_6.csv
3421,0,0,0,Reader_2_7.csv
3421,1,1,0,Reader_2_8.csv
3421,0,0,0,Reader_2_9.csv
3421,3,3,0,reader_3_1.csv
3421,4,4,0,Reader_3_2.csv
3421,3,2,1,Reader_3_3.csv
3421,3,2,1,Reader_3_4.csv
3421,0,0,0,Reader_3_5.csv
3421,4,1,3,Reader_3_6.csv
3421,0,0,0,Reader_3_7.csv
3422,5,4,1,Reader_1_1.csv
3422,0,0,0,Reader_1_10.csv
3422,2,2,0,Reader_1_11.csv
3422,0,0,0,Reader_1_12.csv
3422,1,1,0,Reader_1_2.csv
3422,13,11,2,Reader_1_3.csv
3422,1,0,1,Reader_1_4.csv
3422,0,0,0,Reader_1_5.csv
3422,1,1,0,Reader_1_6.csv
3422,0,0,0,Reader_1_7.csv
3422,0,0,0,Reader_1_8.csv
3422,0,0,0,Reader_1_9.csv
3422,6,6,0,Reader_2_1.csv
3422,0,0,0,Reader_2_10.csv
3422,0,0,0,Reader_2_11.csv
3422,2,2,0,Reader_2_12.csv
3422,1,1,0,Reader_2_2.csv
3422,0,0,0,Reader_2_3.csv
3422,0,0,0,Reader_2_4.csv
3422,0,0,0,Reader_2_5.csv
3422,1,1,0,Reader_2_6.csv
3422,0,0,0,Reader_2_7.csv
3422,1,1,0,Reader_2_8.csv
3422,0,0,0,Reader_2_9.csv
3422,3,3,0,reader_3_1.csv
3422,6,6,0,Reader_3_2.csv
3422,2,2,0,Reader_3_3.csv
3422,2,2,0,Reader_3_4.csv
3422,0,0,0,Reader_3_5.csv
3422,5,2,3,Reader_3_6.csv
3422,0,0,0,Reader_3_7.csv
3423,5,4,1,Reader_1_1.csv
3423,0,0,0,Reader_1_10.csv
3423,2,2,0,Reader_1_11.csv
3423,0,0,0,Reader_1_12.csv
3423,1,1,0,Reader_1_2.csv
3423,10,9,1,Reader_1_3.csv
3423,0,0,0,Reader_1_4.csv
3423,0,0,0,Reader_1_5.csv
3423,1,1,0,Reader_1_6.csv
3423,0,0,0,Reader_1_7.csv
3423,0,0,0,Reader_1_8.csv
3423,0,0,0,Reader_1_9.csv
3423,7,6,1,Reader_2_1.csv
3423,0,0,0,Reader_2_10.csv
3423,0,0,0,Reader_2_11.csv
3423,2,2,0,Reader_2_12.csv
3423,1,1,0,Reader_2_2.csv
3423,0,0,0,Reader_2_3.csv
3423,0,0,0,Reader_2_4.csv
3423,0,0,0,Reader_2_5.csv
3423,2,1,1,Reader_2_6.csv
3423,0,0,0,Reader_2_7.csv
3423,1,1,0,Reader_2_8.csv
3423,0,0,0,Reader_2_9.csv
3423,3,3,0,reader_3_1.csv
3423,6,6,0,Reader_3_2.csv
3423,2,2,0,Reader_3_3.csv
3423,2,2,0,Reader_3_4.csv
3423,0,0,0,Reader_3_5.csv
3423,5,2,3,Reader_3_6.csv
3423,0,0,0,Reader_3_7.csv
3424,4,3,1,Reader_1_1.csv
3424,0,0,0,Reader_1_10.csv
3424,2,2,0,Reader_1_11.csv
3424,0,0,0,Reader_1_12.csv
3424,1,1,0,Reader_1_2.csv
3424,9,8,1,Reader_1_3.csv
3424,0,0,0,Reader_1_4.csv
3424,0,0,0,Reader_1_5.csv
3424,1,1,0,Reader_1_6.csv
3424,0,0,0,Reader_1_7.csv
3424,0,0,0,Reader_1_8.csv
3424,0,0,0,Reader_1_9.csv
3424,6,5,1,Reader_2_1.csv
3424,0,0,0,Reader_2_10.csv
3424,0,0,0,Reader_2_11.csv
3424,3,3,0,Reader_2_12.csv
3424,1,1,0,Reader_2_2.csv
3424,0,0,0,Reader_2_3.csv
3424,0,0,0,Reader_2_4.csv
3424,0,0,0,Reader_2_5.csv
3424,2,1,1,Reader_2_6.csv
3424,0,0,0,Reader_2_7.csv
3424,1,1,0,Reader_2_8.csv
3424,0,0,0,Reader_2_9.csv
3424,3,3,0,reader_3_1.csv
3424,6,6,0,Reader_3_2.csv
3424,2,2,0,Reader_3_3.csv
3424,2,2,0,Reader_3_4.csv
3424,0,0,0,Reader_3_5.csv
3424,6,3,3,Reader_3_6.csv
3424,0,0,0,Reader_3_7.csv
3425,6,4,2,Reader_1_1.csv
3425,0,0,0,Reader_1_10.csv
3425,1,1,0,Reader_1_11.csv
3425,0,0,0,Reader_1_12.csv
3425,1,1,0,Reader_1_2.csv
3425,9,8,1,Reader_1_3.csv
3425,0,0,0,Reader_1_4.csv
3425,0,0,0,Reader_1_5.csv
3425,1,1,0,Reader_1_6.csv
3425,0,0,0,Reader_1_7.csv
3425,0,0,0,Reader_1_8.csv
3425,0,0,0,Reader_1_9.csv
3425,7,5,2,Reader_2_1.csv
3425,0,0,0,Reader_2_10.csv
3425,0,0,0,Reader_2_11.csv
3425,3,3,0,Reader_2_12.csv
3425,1,1,0,Reader_2_2.csv
3425,0,0,0,Reader_2_3.csv
3425,0,0,0,Reader_2_4.csv
3425,0,0,0,Reader_2_5.csv
3425,2,1,1,Reader_2_6.csv
3425,0,0,0,Reader_2_7.csv
3425,0,0,0,Reader_2_8.csv
3425,0,0,0,Reader_2_9.csv
3425,4,4,0,reader_3_1.csv
3425,6,6,0,Reader_3_2.csv
3425,1,1,0,Reader_3_3.csv
3425,1,1,0,Reader_3_4.csv
3425,1,0,1,Reader_3_5.csv
3425,6,3,3,Reader_3_6.csv
3425,0,0,0,Reader_3_7.csv
3426,6,4,2,Reader_1_1.csv
3426,0,0,0,Reader_1_10.csv
3426,2,1,1,Reader_1_11.csv
3426,0,0,0,Reader_1_12.csv
3426,0,0,0,Reader_1_2.csv
3426,9,8,1,Reader_1_3.csv
3426,1,1,0,Reader_1_4.csv
3426,0,0,0,Reader_1_5.csv
3426,0,0,0,Reader_1_6.csv
3426,0,0,0,Reader_1_7.csv
3426,0,0,0,Reader_1_8.csv
3426,0,0,0,Reader_1_9.csv
3426,6,4,2,Reader_2_1.csv
3426,0,0,0,Reader_2_10.csv
3426,0,0,0,Reader_2_11.csv
3426,3,2,1,Reader_2_12.csv
3426,2,2,0,Reader_2_2.csv
3426,1,1,0,Reader_2_3.csv
3426,0,0,0,Reader_2_4.csv
3426,0,0,0,Reader_2_5.csv
3426,1,0,1,Reader_2_6.csv
3426,0,0,0,Reader_2_7.csv
3426,0,0,0,Reader_2_8.csv
3426,0,0,0,Reader_2_9.csv
3426,5,5,0,reader_3_1.csv
3426,5,5,0,Reader_3_2.csv
3426,1,1,0,Reader_3_3.csv
3426,1,1,0,Reader_3_4.csv
3426,1,0,1,Reader_3_5.csv
3426,6,4,2,Reader_3_6.csv
3426,0,0,0,Reader_3_7.csv
3427,5,3,2,Reader_1_1.csv
3427,0,0,0,Reader_1_10.csv
3427,2,1,1,Reader_1_11.csv
3427,0,0,0,Reader_1_12.csv
3427,1,1,0,Reader_1_2.csv
3427,10,8,2,Reader_1_3.csv
3427,1,1,0,Reader_1_4.csv
3427,0,0,0,Reader_1_5.csv
3427,0,0,0,Reader_1_6.csv
3427,0,0,0,Reader_1_7.csv
3427,0,0,0,Reader_1_8.csv
3427,0,0,0,Reader_1_9.csv
3427,6,4,2,Reader_2_1.csv
3427,0,0,0,Reader_2_10.csv
3427,0,0,0,Reader_2_11.csv
3427,2,1,1,Reader_2_12.csv
3427,1,1,0,Reader_2_2.csv
3427,1,1,0,Reader_2_3.csv
3427,0,0,0,Reader_2_4.csv
3427,0,0,0,Reader_2_5.csv
3427,1,0,1,Reader_2_6.csv
3427,0,0,0,Reader_2_7.csv
3427,0,0,0,Reader_2_8.csv
3427,0,0,0,Reader_2_9.csv
3427,4,4,0,reader_3_1.csv
3427,5,5,0,Reader_3_2.csv
3427,2,2,0,Reader_3_3.csv
3427,2,2,0,Reader_3_4.csv
3427,1,0,1,Reader_3_5.csv
3427,5,4,1,Reader_3_6.csv
3427,0,0,0,Reader_3_7.csv
3428,4,2,2,Reader_1_1.csv
3428,0,0,0,Reader_1_10.csv
3428,2,1,1,Reader_1_11.csv
3428,0,0,0,Reader_1_12.csv
3428,1,1,0,Reader_1_2.csv
3428,8,6,2,Reader_1_3.csv
3428,1,1,0,Reader_1_4.csv
3428,0,0,0,Reader_1_5.csv
3428,0,0,0,Reader_1_6.csv
3428,0,0,0,Reader_1_7.csv
3428,0,0,0,Reader_1_8.csv
3428,0,0,0,Reader_1_9.csv
3428,8,6,2,Reader_2_1.csv
3428,0,0,0,Reader_2_10.csv
3428,0,0,0,Reader_2_11.csv
3428,2,1,1,Reader_2_12.csv
3428,1,1,0,Reader_2_2.csv
3428,1,1,0,Reader_2_3.csv
3428,0,0,0,Reader_2_4.csv
3428,0,0,0,Reader_2_5.csv
3428,1,0,1,Reader_2_6.csv
3428,0,0,0,Reader_2_7.csv
3428,0,0,0,Reader_2_8.csv
3428,0,0,0,Reader_2_9.csv
3428,6,6,0,reader_3_1.csv
3428,4,4,0,Reader_3_2.csv
3428,2,2,0,Reader_3_3.csv
3428,2,2,0,Reader_3_4.csv
3428,2,1,1,Reader_3_5.csv
3428,4,4,0,Reader_3_6.csv
3428,0,0,0,Reader_3_7.csv
3429,4,2,2,Reader_1_1.csv
3429,0,0,0,Reader_1_10.csv
3429,3,2,1,Reader_1_11.csv
3429,0,0,0,Reader_1_12.csv
3429,1,1,0,Reader_1_2.csv
3429,10,8,2,Reader_1_3.csv
3429,1,1,0,Reader_1_4.csv
3429,0,0,0,Reader_1_5.csv
3429,0,0,0,Reader_1_6.csv
3429,0,0,0,Reader_1_7.csv
3429,0,0,0,Reader_1_8.csv
3429,0,0,0,Reader_1_9.csv
3429,8,6,2,Reader_2_1.csv
3429,0,0,0,Reader_2_10.csv
3429,0,0,0,Reader_2_11.csv
3429,2,1,1,Reader_2_12.csv
3429,1,1,0,Reader_2_2.csv
3429,1,1,0,Reader_2_3.csv
3429,0,0,0,Reader_2_4.csv
3429,0,0,0,Reader_2_5.csv
3429,1,0,1,Reader_2_6.csv
3429,0,0,0,Reader_2_7.csv
3429,0,0,0,Reader_2_8.csv
3429,0,0,0,Reader_2_9.csv
3429,6,6,0,reader_3_1.csv
3429,4,4,0,Reader_3_2.csv
3429,2,2,0,Reader_3_3.csv
3429,2,2,0,Reader_3_4.csv
3429,2,1,1,Reader_3_5.csv
3429,4,4,0,Reader_3_6.csv
3429,0,0,0,Reader_3_7.csv
3430,3,2,1,Reader_1_1.csv
3430,0,0,0,Reader_1_10.csv
3430,3,2,1,Reader_1_11.csv
3430,0,0,0,Reader_1_12.csv
3430,1,1,0,Reader_1_2.csv
3430,9,7,2,Reader_1_3.csv
3430,1,1,0,Reader_1_4.csv
3430,0,0,0,Reader_1_5.csv
3430,0,0,0,Reader_1_6.csv
3430,0,0,0,Reader_1_7.csv
3430,0,0,0,Reader_1_8.csv
3430,0,0,0,Reader_1_9.csv
3430,7,5,2,Reader_2_1.csv
3430,0,0,0,Reader_2_10.csv
3430,0,0,0,Reader_2_11.csv
3430,2,1,1,Reader_2_12.csv
3430,2,2,0,Reader_2_2.csv
3430,1,1,0,Reader_2_3.csv
3430,0,0,0,Reader_2_4.csv
3430,0,0,0,Reader_2_5.csv
3430,2,1,1,Reader_2_6.csv
3430,0,0,0,Reader_2_7.csv
3430,0,0,0,Reader_2_8.csv
3430,0,0,0,Reader_2_9.csv
3430,7,6,1,reader_3_1.csv
3430,2,2,0,Reader_3_2.csv
3430,3,3,0,Reader_3_3.csv
3430,3,3,0,Reader_3_4.csv
3430,2,1,1,Reader_3_5.csv
3430,4,4,0,Reader_3_6.csv
3430,0,0,0,Reader_3_7.csv
3431,3,2,1,Reader_1_1.csv
3431,0,0,0,Reader_1_10.csv
3431,4,3,1,Reader_1_11.csv
3431,0,0,0,Reader_1_12.csv
3431,1,1,0,Reader_1_2.csv
3431,12,10,2,Reader_1_3.csv
3431,2,2,0,Reader_1_4.csv
3431,0,0,0,Reader_1_5.csv
3431,0,0,0,Reader_1_6.csv
3431,0,0,0,Reader_1_7.csv
3431,0,0,0,Reader_1_8.csv
3431,0,0,0,Reader_1_9.csv
3431,5,4,1,Reader_2_1.csv
3431,0,0,0,Reader_2_10.csv
3431,0,0,0,Reader_2_11.csv
3431,2,1,1,Reader_2_12.csv
3431,2,2,0,Reader_2_2.csv
3431,1,1,0,Reader_2_3.csv
3431,0,0,0,Reader_2_4.csv
3431,0,0,0,Reader_2_5.csv
3431,1,1,0,Reader_2_6.csv
3431,0,0,0,Reader_2_7.csv
3431,0,0,0,Reader_2_8.csv
3431,0,0,0,Reader_2_9.csv
3431,9,8,1,reader_3_1.csv
3431,2,2,0,Reader_3_2.csv
3431,3,3,0,Reader_3_3.csv
3431,3,3,0,Reader_3_4.csv
3431,2,1,1,Reader_3_5.csv
3431,5,4,1,Reader_3_6.csv
3431,0,0,0,Reader_3_7.csv
3432,4,2,2,Reader_1_1.csv
3432,0,0,0,Reader_1_10.csv
3432,4,3,1,Reader_1_11.csv
3432,0,0,0,Reader_1_12.csv
3432,1,1,0,Reader_1_2.csv
3432,13,10,3,Reader_1_3.csv
3432,2,2,0,Reader_1_4.csv
3432,0,0,0,Reader_1_5.csv
3432,0,0,0,Reader_1_6.csv
3432,0,0,0,Reader_1_7.csv
3432,0,0,0,Reader_1_8.csv
3432,0,0,0,Reader_1_9.csv
3432,4,3,1,Reader_2_1.csv
3432,0,0,0,Reader_2_10.csv
3432,0,0,0,Reader_2_11.csv
3432,1,0,1,Reader_2_12.csv
3432,2,2,0,Reader_2_2.csv
3432,1,1,0,Reader_2_3.csv
3432,0,0,0,Reader_2_4.csv
3432,0,0,0,Reader_2_5.csv
3432,1,1,0,Reader_2_6.csv
3432,0,0,0,Reader_2_7.csv
3432,0,0,0,Reader_2_8.csv
3432,0,0,0,Reader_2_9.csv
3432,11,8,3,reader_3_1.csv
3432,2,2,0,Reader_3_2.csv
3432,3,3,0,Reader_3_3.csv
3432,3,3,0,Reader_3_4.csv
3432,2,1,1,Reader_3_5.csv
3432,4,3,1,Reader_3_6.csv
3432,0,0,0,Reader_3_7.csv
3433,2,1,1,Reader_1_1.csv
3433,0,0,0,Reader_1_10.csv
3433,4,3,1,Reader_1_11.csv
3433,0,0,0,Reader_1_12.csv
3433,1,1,0,Reader_1_2.csv
3433,12,9,3,Reader_1_3.csv
3433,2,2,0,Reader_1_4.csv
3433,0,0,0,Reader_1_5.csv
3433,0,0,0,Reader_1_6.csv
3433,0,0,0,Reader_1_7.csv
3433,0,0,0,Reader_1_8.csv
3433,0,0,0,Reader_1_9.csv
3433,3,3,0,Reader_2_1.csv
3433,0,0,0,Reader_2_10.csv
3433,0,0,0,Reader_2_11.csv
3433,1,0,1,Reader_2_12.csv
3433,2,2,0,Reader_2_2.csv
3433,2,2,0,Reader_2_3.csv
3433,0,0,0,Reader_2_4.csv
3433,0,0,0,Reader_2_5.csv
3433,1,1,0,Reader_2_6.csv
3433,0,0,0,Reader_2_7.csv
3433,0,0,0,Reader_2_8.csv
3433,0,0,0,Reader_2_9.csv
3433,11,8,3,reader_3_1.csv
3433,2,2,0,Reader_3_2.csv
3433,3,3,0,Reader_3_3.csv
3433,3,3,0,Reader_3_4.csv
3433,1,1,0,Reader_3_5.csv
3433,4,3,1,Reader_3_6.csv
3433,0,0,0,Reader_3_7.csv
3434,3,2,1,Reader_1_1.csv
3434,0,0,0,Reader_1_10.csv
3434,4,4,0,Reader_1_11.csv
3434,0,0,0,Reader_1_12.csv
3434,2,2,0,Reader_1_2.csv
3434,12,10,2,Reader_1_3.csv
3434,1,1,0,Reader_1_4.csv
3434,0,0,0,Reader_1_5.csv
3434,0,0,0,Reader_1_6.csv
3434,0,0,0,Reader_1_7.csv
3434,0,0,0,Reader_1_8.csv
3434,0,0,0,Reader_1_9.csv
3434,2,2,0,Reader_2_1.csv
3434,0,0,0,Reader_2_10.csv
3434,0,0,0,Reader_2_11.csv
3434,0,0,0,Reader_2_12.csv
3434,1,1,0,Reader_2_2.csv
3434,1,1,0,Reader_2_3.csv
3434,0,0,0,Reader_2_4.csv
3434,0,0,0,Reader_2_5.csv
3434,1,1,0,Reader_2_6.csv
3434,0,0,0,Reader_2_7.csv
3434,0,0,0,Reader_2_8.csv
3434,0,0,0,Reader_2_9.csv
3434,13,9,4,reader_3_1.csv
3434,2,2,0,Reader_3_2.csv
3434,3,3,0,Reader_3_3.csv
3434,3,3,0,Reader_3_4.csv
3434,1,1,0,Reader_3_5.csv
3434,3,2,1,Reader_3_6.csv
3434,1,0,1,Reader_3_7.csv
3435,3,2,1,Reader_1_1.csv
3435,0,0,0,Reader_1_10.csv
3435,4,4,0,Reader_1_11.csv
3435,0,0,0,Reader_1_12.csv
3435,1,1,0,Reader_1_2.csv
3435,12,10,2,Reader_1_3.csv
3435,1,1,0,Reader_1_4.csv
3435,0,0,0,Reader_1_5.csv
3435,0,0,0,Reader_1_6.csv
3435,0,0,0,Reader_1_7.csv
3435,0,0,0,Reader_1_8.csv
3435,0,0,0,Reader_1_9.csv
3435,2,2,0,Reader_2_1.csv
3435,0,0,0,Reader_2_10.csv
3435,0,0,0,Reader_2_11.csv
3435,0,0,0,Reader_2_12.csv
3435,1,1,0,Reader_2_2.csv
3435,1,1,0,Reader_2_3.csv
3435,0,0,0,Reader_2_4.csv
3435,0,0,0,Reader_2_5.csv
3435,1,1,0,Reader_2_6.csv
3435,0,0,0,Reader_2_7.csv
3435,0,0,0,Reader_2_8.csv
3435,0,0,0,Reader_2_9.csv
3435,17,11,6,reader_3_1.csv
3435,2,2,0,Reader_3_2.csv
3435,2,2,0,Reader_3_3.csv
3435,2,2,0,Reader_3_4.csv
3435,1,1,0,Reader_3_5.csv
3435,3,2,1,Reader_3_6.csv
3435,2,1,1,Reader_3_7.csv
3436,3,2,1,Reader_1_1.csv
3436,0,0,0,Reader_1_10.csv
3436,4,4,0,Reader_1_11.csv
3436,0,0,0,Reader_1_12.csv
3436,1,1,0,Reader_1_2.csv
3436,13,11,2,Reader_1_3.csv
3436,1,1,0,Reader_1_4.csv
3436,0,0,0,Reader_1_5.csv
3436,0,0,0,Reader_1_6.csv
3436,0,0,0,Reader_1_7.csv
3436,0,0,0,Reader_1_8.csv
3436,1,1,0,Reader_1_9.csv
3436,1,1,0,Reader_2_1.csv
3436,0,0,0,Reader_2_10.csv
3436,0,0,0,Reader_2_11.csv
3436,0,0,0,Reader_2_12.csv
3436,1,1,0,Reader_2_2.csv
3436,1,1,0,Reader_2_3.csv
3436,0,0,0,Reader_2_4.csv
3436,1,1,0,Reader_2_5.csv
3436,1,1,0,Reader_2_6.csv
3436,0,0,0,Reader_2_7.csv
3436,0,0,0,Reader_2_8.csv
3436,0,0,0,Reader_2_9.csv
3436,19,11,8,reader_3_1.csv
3436,1,1,0,Reader_3_2.csv
3436,1,1,0,Reader_3_3.csv
3436,1,1,0,Reader_3_4.csv
3436,0,0,0,Reader_3_5.csv
3436,4,3,1,Reader_3_6.csv
3436,3,2,1,Reader_3_7.csv
3437,5,4,1,Reader_1_1.csv
3437,0,0,0,Reader_1_10.csv
3437,2,2,0,Reader_1_11.csv
3437,0,0,0,Reader_1_12.csv
3437,2,2,0,Reader_1_2.csv
3437,12,10,2,Reader_1_3.csv
3437,1,1,0,Reader_1_4.csv
3437,0,0,0,Reader_1_5.csv
3437,1,0,1,Reader_1_6.csv
3437,0,0,0,Reader_1_7.csv
3437,0,0,0,Reader_1_8.csv
3437,1,1,0,Reader_1_9.csv
3437,2,2,0,Reader_2_1.csv
3437,0,0,0,Reader_2_10.csv
3437,0,0,0,Reader_2_11.csv
3437,0,0,0,Reader_2_12.csv
3437,1,1,0,Reader_2_2.csv
3437,1,1,0,Reader_2_3.csv
3437,0,0,0,Reader_2_4.csv
3437,1,1,0,Reader_2_5.csv
3437,1,1,0,Reader_2_6.csv
3437,0,0,0,Reader_2_7.csv
3437,0,0,0,Reader_2_8.csv
3437,0,0,0,Reader_2_9.csv
3437,24,15,9,reader_3_1.csv
3437,1,1,0,Reader_3_2.csv
3437,1,1,0,Reader_3_3.csv
3437,1,1,0,Reader_3_4.csv
3437,0,0,0,Reader_3_5.csv
3437,4,3,1,Reader_3_6.csv
3437,5,4,1,Reader_3_7.csv
3438,6,5,1,Reader_1_1.csv
3438,1,1,0,Reader_1_10.csv
3438,2,2,0,Reader_1_11.csv
3438,0,0,0,Reader_1_12.csv
3438,2,2,0,Reader_1_2.csv
3438,13,11,2,Reader_1_3.csv
3438,1,1,0,Reader_1_4.csv
3438,0,0,0,Reader_1_5.csv
3438,1,0,1,Reader_1_6.csv
3438,0,0,0,Reader_1_7.csv
3438,0,0,0,Reader_1_8.csv
3438,1,1,0,Reader_1_9.csv
3438,2,2,0,Reader_2_1.csv
3438,0,0,0,Reader_2_10.csv
3438,0,0,0,Reader_2_11.csv
3438,0,0,0,Reader_2_12.csv
3438,0,0,0,Reader_2_2.csv
3438,1,1,0,Reader_2_3.csv
3438,0,0,0,Reader_2_4.csv
3438,1,1,0,Reader_2_5.csv
3438,0,0,0,Reader_2_6.csv
3438,0,0,0,Reader_2_7.csv
3438,0,0,0,Reader_2_8.csv
3438,0,0,0,Reader_2_9.csv
3438,27,18,9,reader_3_1.csv
3438,1,1,0,Reader_3_2.csv
3438,1,1,0,Reader_3_3.csv
3438,1,1,0,Reader_3_4.csv
3438,0,0,0,Reader_3_5.csv
3438,2,1,1,Reader_3_6.csv
3438,6,5,1,Reader_3_7.csv
3439,6,5,1,Reader_1_1.csv
3439,1,1,0,Reader_1_10.csv
3439,1,1,0,Reader_1_11.csv
3439,0,0,0,Reader_1_12.csv
3439,2,2,0,Reader_1_2.csv
3439,13,11,2,Reader_1_3.csv
3439,1,1,0,Reader_1_4.csv
3439,0,0,0,Reader_1_5.csv
3439,1,0,1,Reader_1_6.csv
3439,0,0,0,Reader_1_7.csv
3439,0,0,0,Reader_1_8.csv
3439,1,1,0,Reader_1_9.csv
3439,2,2,0,Reader_2_1.csv
3439,0,0,0,Reader_2_10.csv
3439,0,0,0,Reader_2_11.csv
3439,0,0,0,Reader_2_12.csv
3439,0,0,0,Reader_2_2.csv
3439,1,1,0,Reader_2_3.csv
3439,0,0,0,Reader_2_4.csv
3439,1,1,0,Reader_2_5.csv
3439,0,0,0,Reader_2_6.csv
3439,0,0,0,Reader_2_7.csv
3439,0,0,0,Reader_2_8.csv
3439,0,0,0,Reader_2_9.csv
3439,28,19,9,reader_3_1.csv
3439,0,0,0,Reader_3_2.csv
3439,1,1,0,Reader_3_3.csv
3439,1,1,0,Reader_3_4.csv
3439,0,0,0,Reader_3_5.csv
3439,1,1,0,Reader_3_6.csv
3439,6,5,1,Reader_3_7.csv
3440,6,6,0,Reader_1_1.csv
3440,1,1,0,Reader_1_10.csv
3440,1,1,0,Reader_1_11.csv
3440,0,0,0,Reader_1_12.csv
3440,2,2,0,Reader_1_2.csv
3440,14,13,1,Reader_1_3.csv
3440,2,2,0,Reader_1_4.csv
3440,0,0,0,Reader_1_5.csv
3440,1,0,1,Reader_1_6.csv
3440,0,0,0,Reader_1_7.csv
3440,0,0,0,Reader_1_8.csv
3440,1,1,0,Reader_1_9.csv
3440,2,2,0,Reader_2_1.csv
3440,0,0,0,Reader_2_10.csv
3440,0,0,0,Reader_2_11.csv
3440,0,0,0,Reader_2_12.csv
3440,0,0,0,Reader_2_2.csv
3440,1,1,0,Reader_2_3.csv
3440,0,0,0,Reader_2_4.csv
3440,1,1,0,Reader_2_5.csv
3440,0,0,0,Reader_2_6.csv
3440,0,0,0,Reader_2_7.csv
3440,0,0,0,Reader_2_8.csv
3440,0,0,0,Reader_2_9.csv
3440,29,21,8,reader_3_1.csv
3440,1,1,0,Reader_3_2.csv
3440,2,2,0,Reader_3_3.csv
3440,2,2,0,Reader_3_4.csv
3440,0,0,0,Reader_3_5.csv
3440,2,2,0,Reader_3_6.csv
3440,6,5,1,Reader_3_7.csv
3441,7,7,0,Reader_1_1.csv
3441,1,1,0,Reader_1_10.csv
3441,2,1,1,Reader_1_11.csv
3441,0,0,0,Reader_1_12.csv
3441,2,2,0,Reader_1_2.csv
3441,16,15,1,Reader_1_3.csv
3441,2,2,0,Reader_1_4.csv
3441,1,1,0,Reader_1_5.csv
3441,1,0,1,Reader_1_6.csv
3441,0,0,0,Reader_1_7.csv
3441,0,0,0,Reader_1_8.csv
3441,3,3,0,Reader_1_9.csv
3441,3,3,0,Reader_2_1.csv
3441,0,0,0,Reader_2_10.csv
3441,0,0,0,Reader_2_11.csv
3441,0,0,0,Reader_2_12.csv
3441,0,0,0,Reader_2_2.csv
3441,0,0,0,Reader_2_3.csv
3441,0,0,0,Reader_2_4.csv
3441,1,1,0,Reader_2_5.csv
3441,0,0,0,Reader_2_6.csv
3441,0,0,0,Reader_2_7.csv
3441,0,0,0,Reader_2_8.csv
3441,0,0,0,Reader_2_9.csv
3441,30,22,8,reader_3_1.csv
3441,1,1,0,Reader_3_2.csv
3441,2,2,0,Reader_3_3.csv
3441,2,2,0,Reader_3_4.csv
3441,0,0,0,Reader_3_5.csv
3441,2,2,0,Reader_3_6.csv
3441,7,6,1,Reader_3_7.csv
3442,5,5,0,Reader_1_1.csv
3442,1,1,0,Reader_1_10.csv
3442,2,1,1,Reader_1_11.csv
3442,0,0,0,Reader_1_12.csv
3442,1,1,0,Reader_1_2.csv
3442,18,15,3,Reader_1_3.csv
3442,2,2,0,Reader_1_4.csv
3442,1,1,0,Reader_1_5.csv
3442,1,0,1,Reader_1_6.csv
3442,0,0,0,Reader_1_7.csv
3442,0,0,0,Reader_1_8.csv
3442,3,3,0,Reader_1_9.csv
3442,3,3,0,Reader_2_1.csv
3442,0,0,0,Reader_2_10.csv
3442,0,0,0,Reader_2_11.csv
3442,0,0,0,Reader_2_12.csv
3442,0,0,0,Reader_2_2.csv
3442,0,0,0,Reader_2_3.csv
3442,0,0,0,Reader_2_4.csv
3442,1,1,0,Reader_2_5.csv
3442,0,0,0,Reader_2_6.csv
3442,0,0,0,Reader_2_7.csv
3442,0,0,0,Reader_2_8.csv
3442,0,0,0,Reader_2_9.csv
3442,28,21,7,reader_3_1.csv
3442,1,1,0,Reader_3_2.csv
3442,2,2,0,Reader_3_3.csv
3442,2,2,0,Reader_3_4.csv
3442,0,0,0,Reader_3_5.csv
3442,3,3,0,Reader_3_6.csv
3442,6,6,0,Reader_3_7.csv
3443,7,7,0,Reader_1_1.csv
3443,1,1,0,Reader_1_10.csv
3443,3,2,1,Reader_1_11.csv
3443,0,0,0,Reader_1_12.csv
3443,1,1,0,Reader_1_2.csv
3443,19,17,2,Reader_1_3.csv
3443,2,2,0,Reader_1_4.csv
3443,1,1,0,Reader_1_5.csv
3443,1,0,1,Reader_1_6.csv
3443,0,0,0,Reader_1_7.csv
3443,0,0,0,Reader_1_8.csv
3443,3,3,0,Reader_1_9.csv
3443,3,3,0,Reader_2_1.csv
3443,0,0,0,Reader_2_10.csv
3443,0,0,0,Reader_2_11.csv
3443,0,0,0,Reader_2_12.csv
3443,0,0,0,Reader_2_2.csv
3443,0,0,0,Reader_2_3.csv
3443,0,0,0,Reader_2_4.csv
3443,1,1,0,Reader_2_5.csv
3443,0,0,0,Reader_2_6.csv
3443,0,0,0,Reader_2_7.csv
3443,0,0,0,Reader_2_8.csv
3443,0,0,0,Reader_2_9.csv
3443,26,21,5,reader_3_1.csv
3443,1,1,0,Reader_3_2.csv
3443,3,3,0,Reader_3_3.csv
3443,3,3,0,Reader_3_4.csv
3443,0,0,0,Reader_3_5.csv
3443,3,3,0,Reader_3_6.csv
3443,5,5,0,Reader_3_7.csv
3444,9,9,0,Reader_1_1.csv
3444,1,1,0,Reader_1_10.csv
3444,4,3,1,Reader_1_11.csv
3444,0,0,0,Reader_1_12.csv
3444,1,1,0,Reader_1_2.csv
3444,18,16,2,Reader_1_3.csv
3444,2,2,0,Reader_1_4.csv
3444,1,1,0,Reader_1_5.csv
3444,1,0,1,Reader_1_6.csv
3444,0,0,0,Reader_1_7.csv
3444,0,0,0,Reader_1_8.csv
3444,2,2,0,Reader_1_9.csv
3444,2,2,0,Reader_2_1.csv
3444,0,0,0,Reader_2_10.csv
3444,0,0,0,Reader_2_11.csv
3444,0,0,0,Reader_2_12.csv
3444,0,0,0,Reader_2_2.csv
3444,0,0,0,Reader_2_3.csv
3444,1,1,0,Reader_2_4.csv
3444,0,0,0,Reader_2_5.csv
3444,0,0,0,Reader_2_6.csv
3444,0,0,0,Reader_2_7.csv
3444,0,0,0,Reader_2_8.csv
3444,0,0,0,Reader_2_9.csv
3444,25,22,3,reader_3_1.csv
3444,1,1,0,Reader_3_2.csv
3444,3,3,0,Reader_3_3.csv
3444,3,3,0,Reader_3_4.csv
3444,2,1,1,Reader_3_5.csv
3444,2,2,0,Reader_3_6.csv
3444,5,5,0,Reader_3_7.csv
3445,10,10,0,Reader_1_1.csv
3445,1,1,0,Reader_1_10.csv
3445,4,3,1,Reader_1_11.csv
3445,0,0,0,Reader_1_12.csv
3445,1,0,1,Reader_1_2.csv
3445,17,15,2,Reader_1_3.csv
3445,2,2,0,Reader_1_4.csv
3445,1,1,0,Reader_1_5.csv
3445,1,1,0,Reader_1_6.csv
3445,0,0,0,Reader_1_7.csv
3445,0,0,0,Reader_1_8.csv
3445,2,2,0,Reader_1_9.csv
3445,1,1,0,Reader_2_1.csv
3445,0,0,0,Reader_2_10.csv
3445,0,0,0,Reader_2_11.csv
3445,0,0,0,Reader_2_12.csv
3445,0,0,0,Reader_2_2.csv
3445,0,0,0,Reader_2_3.csv
3445,1,1,0,Reader_2_4.csv
3445,0,0,0,Reader_2_5.csv
3445,0,0,0,Reader_2_6.csv
3445,0,0,0,Reader_2_7.csv
3445,0,0,0,Reader_2_8.csv
3445,0,0,0,Reader_2_9.csv
3445,22,19,3,reader_3_1.csv
3445,2,2,0,Reader_3_2.csv
3445,3,3,0,Reader_3_3.csv
3445,3,3,0,Reader_3_4.csv
3445,2,1,1,Reader_3_5.csv
3445,3,3,0,Reader_3_6.csv
3445,3,3,0,Reader_3_7.csv
3446,11,10,1,Reader_1_1.csv
3446,0,0,0,Reader_1_10.csv
3446,4,3,1,Reader_1_11.csv
3446,0,0,0,Reader_1_12.csv
3446,1,0,1,Reader_1_2.csv
3446,17,14,3,Reader_1_3.csv
3446,2,2,0,Reader_1_4.csv
3446,1,1,0,Reader_1_5.csv
3446,1,1,0,Reader_1_6.csv
3446,0,0,0,Reader_1_7.csv
3446,0,0,0,Reader_1_8.csv
3446,2,2,0,Reader_1_9.csv
3446,1,1,0,Reader_2_1.csv
3446,0,0,0,Reader_2_10.csv
3446,0,0,0,Reader_2_11.csv
3446,0,0,0,Reader_2_12.csv
3446,0,0,0,Reader_2_2.csv
3446,0,0,0,Reader_2_3.csv
3446,1,1,0,Reader_2_4.csv
3446,0,0,0,Reader_2_5.csv
3446,0,0,0,Reader_2_6.csv
3446,0,0,0,Reader_2_7.csv
3446,0,0,0,Reader_2_8.csv
3446,0,0,0,Reader_2_9.csv
3446,19,17,2,reader_3_1.csv
3446,4,4,0,Reader_3_2.csv
3446,2,2,0,Reader_3_3.csv
3446,2,2,0,Reader_3_4.csv
3446,2,1,1,Reader_3_5.csv
3446,3,3,0,Reader_3_6.csv
3446,2,2,0,Reader_3_7.csv
3447,12,10,2,Reader_1_1.csv
3447,0,0,0,Reader_1_10.csv
3447,5,4,1,Reader_1_11.csv
3447,0,0,0,Reader_1_12.csv
3447,1,0,1,Reader_1_2.csv
3447,14,11,3,Reader_1_3.csv
3447,1,1,0,Reader_1_4.csv
3447,1,1,0,Reader_1_5.csv
3447,1,1,0,Reader_1_6.csv
3447,0,0,0,Reader_1_7.csv
3447,0,0,0,Reader_1_8.csv
3447,2,2,0,Reader_1_9.csv
3447,1,1,0,Reader_2_1.csv
3447,0,0,0,Reader_2_10.csv
3447,0,0,0,Reader_2_11.csv
3447,0,0,0,Reader_2_12.csv
3447,0,0,0,Reader_2_2.csv
3447,0,0,0,Reader_2_3.csv
3447,1,1,0,Reader_2_4.csv
3447,0,0,0,Reader_2_5.csv
3447,1,1,0,Reader_2_6.csv
3447,0,0,0,Reader_2_7.csv
3447,0,0,0,Reader_2_8.csv
3447,0,0,0,Reader_2_9.csv
3447,17,15,2,reader_3_1.csv
3447,4,4,0,Reader_3_2.csv
3447,2,2,0,Reader_3_3.csv
3447,2,2,0,Reader_3_4.csv
3447,2,1,1,Reader_3_5.csv
3447,3,3,0,Reader_3_6.csv
3447,3,3,0,Reader_3_7.csv
3448,13,10,3,Reader_1_1.csv
3448,0,0,0,Reader_1_10.csv
3448,5,4,1,Reader_1_11.csv
3448,0,0,0,Reader_1_12.csv
3448,1,0,1,Reader_1_2.csv
3448,14,10,4,Reader_1_3.csv
3448,0,0,0,Reader_1_4.csv
3448,1,1,0,Reader_1_5.csv
3448,1,1,0,Reader_1_6.csv
3448,0,0,0,Reader_1_7.csv
3448,0,0,0,Reader_1_8.csv
3448,2,2,0,Reader_1_9.csv
3448,1,1,0,Reader_2_1.csv
3448,0,0,0,Reader_2_10.csv
3448,0,0,0,Reader_2_11.csv
3448,0,0,0,Reader_2_12.csv
3448,0,0,0,Reader_2_2.csv
3448,0,0,0,Reader_2_3.csv
3448,1,1,0,Reader_2_4.csv
3448,0,0,0,Reader_2_5.csv
3448,1,1,0,Reader_2_6.csv
3448,0,0,0,Reader_2_7.csv
3448,1,1,0,Reader_2_8.csv
3448,0,0,0,Reader_2_9.csv
3448,17,15,2,reader_3_1.csv
3448,3,3,0,Reader_3_2.csv
3448,1,1,0,Reader_3_3.csv
3448,1,1,0,Reader_3_4.csv
3448,2,1,1,Reader_3_5.csv
3448,3,3,0,Reader_3_6.csv
3448,3,3,0,Reader_3_7.csv
3449,13,10,3,Reader_1_1.csv
3449,0,0,0,Reader_1_10.csv
3449,4,4,0,Reader_1_11.csv
3449,0,0,0,Reader_1_12.csv
3449,2,1,1,Reader_1_2.csv
3449,14,9,5,Reader_1_3.csv
3449,0,0,0,Reader_1_4.csv
3449,0,0,0,Reader_1_5.csv
3449,1,1,0,Reader_1_6.csv
3449,0,0,0,Reader_1_7.csv
3449,0,0,0,Reader_1_8.csv
3449,0,0,0,Reader_1_9.csv
3449,1,1,0,Reader_2_1.csv
3449,0,0,0,Reader_2_10.csv
3449,0,0,0,Reader_2_11.csv
3449,0,0,0,Reader_2_12.csv
3449,0,0,0,Reader_2_2.csv
3449,0,0,0,Reader_2_3.csv
3449,1,1,0,Reader_2_4.csv
3449,0,0,0,Reader_2_5.csv
3449,1,1,0,Reader_2_6.csv
3449,0,0,0,Reader_2_7.csv
3449,1,1,0,Reader_2_8.csv
3449,0,0,0,Reader_2_9.csv
3449,15,13,2,reader_3_1.csv
3449,3,3,0,Reader_3_2.csv
3449,2,2,0,Reader_3_3.csv
3449,2,2,0,Reader_3_4.csv
3449,2,1,1,Reader_3_5.csv
3449,3,3,0,Reader_3_6.csv
3449,3,3,0,Reader_3_7.csv
3450,17,13,4,Reader_1_1.csv
3450,0,0,0,Reader_1_10.csv
3450,4,3,1,Reader_1_11.csv
3450,0,0,0,Reader_1_12.csv
3450,2,1,1,Reader_1_2.csv
3450,11,8,3,Reader_1_3.csv
3450,0,0,0,Reader_1_4.csv
3450,0,0,0,Reader_1_5.csv
3450,1,1,0,Reader_1_6.csv
3450,0,0,0,Reader_1_7.csv
3450,0,0,0,Reader_1_8.csv
3450,0,0,0,Reader_1_9.csv
3450,1,1,0,Reader_2_1.csv
3450,0,0,0,Reader_2_10.csv
3450,0,0,0,Reader_2_11.csv
3450,0,0,0,Reader_2_12.csv
3450,0,0,0,Reader_2_2.csv
3450,0,0,0,Reader_2_3.csv
3450,1,1,0,Reader_2_4.csv
3450,0,0,0,Reader_2_5.csv
3450,1,1,0,Reader_2_6.csv
3450,0,0,0,Reader_2_7.csv
3450,1,1,0,Reader_2_8.csv
3450,0,0,0,Reader_2_9.csv
3450,16,13,3,reader_3_1.csv
3450,3,3,0,Reader_3_2.csv
3450,3,3,0,Reader_3_3.csv
3450,3,3,0,Reader_3_4.csv
3450,2,1,1,Reader_3_5.csv
3450,2,2,0,Reader_3_6.csv
3450,3,3,0,Reader_3_7.csv
3451,19,14,5,Reader_1_1.csv
3451,0,0,0,Reader_1_10.csv
3451,3,2,1,Reader_1_11.csv
3451,0,0,0,Reader_1_12.csv
3451,4,3,1,Reader_1_2.csv
3451,9,6,3,Reader_1_3.csv
3451,0,0,0,Reader_1_4.csv
3451,0,0,0,Reader_1_5.csv
3451,1,1,0,Reader_1_6.csv
3451,1,1,0,Reader_1_7.csv
3451,0,0,0,Reader_1_8.csv
3451,0,0,0,Reader_1_9.csv
3451,1,1,0,Reader_2_1.csv
3451,0,0,0,Reader_2_10.csv
3451,0,0,0,Reader_2_11.csv
3451,0,0,0,Reader_2_12.csv
3451,0,0,0,Reader_2_2.csv
3451,0,0,0,Reader_2_3.csv
3451,1,1,0,Reader_2_4.csv
3451,0,0,0,Reader_2_5.csv
3451,1,1,0,Reader_2_6.csv
3451,0,0,0,Reader_2_7.csv
3451,1,1,0,Reader_2_8.csv
3451,0,0,0,Reader_2_9.csv
3451,16,13,3,reader_3_1.csv
3451,3,3,0,Reader_3_2.csv
3451,3,3,0,Reader_3_3.csv
3451,3,3,0,Reader_3_4.csv
3451,2,1,1,Reader_3_5.csv
3451,2,2,0,Reader_3_6.csv
3451,3,3,0,Reader_3_7.csv
3452,17,12,5,Reader_1_1.csv
3452,0,0,0,Reader_1_10.csv
3452,3,2,1,Reader_1_11.csv
3452,0,0,0,Reader_1_12.csv
3452,4,3,1,Reader_1_2.csv
3452,11,7,4,Reader_1_3.csv
3452,0,0,0,Reader_1_4.csv
3452,0,0,0,Reader_1_5.csv
3452,2,2,0,Reader_1_6.csv
3452,1,1,0,Reader_1_7.csv
3452,0,0,0,Reader_1_8.csv
3452,0,0,0,Reader_1_9.csv
3452,3,3,0,Reader_2_1.csv
3452,0,0,0,Reader_2_10.csv
3452,0,0,0,Reader_2_11.csv
3452,0,0,0,Reader_2_12.csv
3452,0,0,0,Reader_2_2.csv
3452,0,0,0,Reader_2_3.csv
3452,0,0,0,Reader_2_4.csv
3452,1,1,0,Reader_2_5.csv
3452,1,1,0,Reader_2_6.csv
3452,0,0,0,Reader_2_7.csv
3452,1,1,0,Reader_2_8.csv
3452,0,0,0,Reader_2_9.csv
3452,14,11,3,reader_3_1.csv
3452,3,3,0,Reader_3_2.csv
3452,3,3,0,Reader_3_3.csv
3452,3,3,0,Reader_3_4.csv
3452,0,0,0,Reader_3_5.csv
3452,3,3,0,Reader_3_6.csv
3452,2,2,0,Reader_3_7.csv
3453,16,10,6,Reader_1_1.csv
3453,0,0,0,Reader_1_10.csv
3453,4,3,1,Reader_1_11.csv
3453,0,0,0,Reader_1_12.csv
3453,3,3,0,Reader_1_2.csv
3453,11,7,4,Reader_1_3.csv
3453,0,0,0,Reader_1_4.csv
3453,0,0,0,Reader_1_5.csv
3453,1,1,0,Reader_1_6.csv
3453,1,1,0,Reader_1_7.csv
3453,0,0,0,Reader_1_8.csv
3453,0,0,0,Reader_1_9.csv
3453,3,3,0,Reader_2_1.csv
3453,0,0,0,Reader_2_10.csv
3453,0,0,0,Reader_2_11.csv
3453,0,0,0,Reader_2_12.csv
3453,0,0,0,Reader_2_2.csv
3453,0,0,0,Reader_2_3.csv
3453,0,0,0,Reader_2_4.csv
3453,1,1,0,Reader_2_5.csv
3453,1,1,0,Reader_2_6.csv
3453,1,1,0,Reader_2_7.csv
3453,1,1,0,Reader_2_8.csv
3453,0,0,0,Reader_2_9.csv
3453,12,10,2,reader_3_1.csv
3453,2,2,0,Reader_3_2.csv
3453,6,6,0,Reader_3_3.csv
3453,6,6,0,Reader_3_4.csv
3453,0,0,0,Reader_3_5.csv
3453,2,2,0,Reader_3_6.csv
3453,2,2,0,Reader_3_7.csv
3454,15,10,5,Reader_1_1.csv
3454,0,0,0,Reader_1_10.csv
3454,4,3,1,Reader_1_11.csv
3454,0,0,0,Reader_1_12.csv
3454,4,4,0,Reader_1_2.csv
3454,10,6,4,Reader_1_3.csv
3454,0,0,0,Reader_1_4.csv
3454,0,0,0,Reader_1_5.csv
3454,1,1,0,Reader_1_6.csv
3454,1,1,0,Reader_1_7.csv
3454,0,0,0,Reader_1_8.csv
3454,0,0,0,Reader_1_9.csv
3454,3,3,0,Reader_2_1.csv
3454,0,0,0,Reader_2_10.csv
3454,0,0,0,Reader_2_11.csv
3454,0,0,0,Reader_2_12.csv
3454,0,0,0,Reader_2_2.csv
3454,0,0,0,Reader_2_3.csv
3454,0,0,0,Reader_2_4.csv
3454,1,1,0,Reader_2_5.csv
3454,1,1,0,Reader_2_6.csv
3454,1,1,0,Reader_2_7.csv
3454,1,1,0,Reader_2_8.csv
3454,0,0,0,Reader_2_9.csv
3454,12,10,2,reader_3_1.csv
3454,1,0,1,Reader_3_2.csv
3454,6,6,0,Reader_3_3.csv
3454,6,6,0,Reader_3_4.csv
3454,1,1,0,Reader_3_5.csv
3454,2,2,0,Reader_3_6.csv
3454,2,2,0,Reader_3_7.csv
3455,16,11,5,Reader_1_1.csv
3455,0,0,0,Reader_1_10.csv
3455,3,2,1,Reader_1_11.csv
3455,1,0,1,Reader_1_12.csv
3455,4,4,0,Reader_1_2.csv
3455,10,6,4,Reader_1_3.csv
3455,0,0,0,Reader_1_4.csv
3455,0,0,0,Reader_1_5.csv
3455,1,1,0,Reader_1_6.csv
3455,2,2,0,Reader_1_7.csv
3455,0,0,0,Reader_1_8.csv
3455,0,0,0,Reader_1_9.csv
3455,3,3,0,Reader_2_1.csv
3455,0,0,0,Reader_2_10.csv
3455,0,0,0,Reader_2_11.csv
3455,0,0,0,Reader_2_12.csv
3455,0,0,0,Reader_2_2.csv
3455,0,0,0,Reader_2_3.csv
3455,0,0,0,Reader_2_4.csv
3455,1,1,0,Reader_2_5.csv
3455,0,0,0,Reader_2_6.csv
3455,2,2,0,Reader_2_7.csv
3455,1,1,0,Reader_2_8.csv
3455,0,0,0,Reader_2_9.csv
3455,11,9,2,reader_3_1.csv
3455,2,0,2,Reader_3_2.csv
3455,6,6,0,Reader_3_3.csv
3455,6,6,0,Reader_3_4.csv
3455,4,4,0,Reader_3_5.csv
3455,4,4,0,Reader_3_6.csv
3455,2,2,0,Reader_3_7.csv
3456,14,10,4,Reader_1_1.csv
3456,0,0,0,Reader_1_10.csv
3456,3,2,1,Reader_1_11.csv
3456,1,0,1,Reader_1_12.csv
3456,5,5,0,Reader_1_2.csv
3456,8,5,3,Reader_1_3.csv
3456,0,0,0,Reader_1_4.csv
3456,1,0,1,Reader_1_5.csv
3456,1,1,0,Reader_1_6.csv
3456,2,2,0,Reader_1_7.csv
3456,0,0,0,Reader_1_8.csv
3456,0,0,0,Reader_1_9.csv
3456,3,3,0,Reader_2_1.csv
3456,0,0,0,Reader_2_10.csv
3456,0,0,0,Reader_2_11.csv
3456,0,0,0,Reader_2_12.csv
3456,0,0,0,Reader_2_2.csv
3456,0,0,0,Reader_2_3.csv
3456,0,0,0,Reader_2_4.csv
3456,1,1,0,Reader_2_5.csv
3456,0,0,0,Reader_2_6.csv
3456,2,2,0,Reader_2_7.csv
3456,0,0,0,Reader_2_8.csv
3456,0,0,0,Reader_2_9.csv
3456,8,7,1,reader_3_1.csv
3456,2,0,2,Reader_3_2.csv
3456,6,6,0,Reader_3_3.csv
3456,6,6,0,Reader_3_4.csv
3456,5,5,0,Reader_3_5.csv
3456,3,3,0,Reader_3_6.csv
3456,2,2,0,Reader_3_7.csv
3457,16,9,7,Reader_1_1.csv
3457,0,0,0,Reader_1_10.csv
3457,3,2,1,Reader_1_11.csv
3457,1,0,1,Reader_1_12.csv
3457,4,4,0,Reader_1_2.csv
3457,7,4,3,Reader_1_3.csv
3457,0,0,0,Reader_1_4.csv
3457,1,0,1,Reader_1_5.csv
3457,1,1,0,Reader_1_6.csv
3457,2,2,0,Reader_1_7.csv
3457,0,0,0,Reader_1_8.csv
3457,0,0,0,Reader_1_9.csv
3457,2,2,0,Reader_2_1.csv
3457,0,0,0,Reader_2_10.csv
3457,0,0,0,Reader_2_11.csv
3457,0,0,0,Reader_2_12.csv
3457,0,0,0,Reader_2_2.csv
3457,0,0,0,Reader_2_3.csv
3457,0,0,0,Reader_2_4.csv
3457,1,1,0,Reader_2_5.csv
3457,0,0,0,Reader_2_6.csv
3457,2,2,0,Reader_2_7.csv
3457,0,0,0,Reader_2_8.csv
3457,0,0,0,Reader_2_9.csv
3457,11,10,1,reader_3_1.csv
3457,2,0,2,Reader_3_2.csv
3457,5,5,0,Reader_3_3.csv
3457,5,5,0,Reader_3_4.csv
3457,6,6,0,Reader_3_5.csv
3457,3,3,0,Reader_3_6.csv
3457,1,1,0,Reader_3_7.csv
3458,15,8,7,Reader_1_1.csv
3458,0,0,0,Reader_1_10.csv
3458,3,3,0,Reader_1_11.csv
3458,1,0,1,Reader_1_12.csv
3458,4,4,0,Reader_1_2.csv
3458,6,2,4,Reader_1_3.csv
3458,0,0,0,Reader_1_4.csv
3458,1,0,1,Reader_1_5.csv
3458,1,1,0,Reader_1_6.csv
3458,2,2,0,Reader_1_7.csv
3458,0,0,0,Reader_1_8.csv
3458,0,0,0,Reader_1_9.csv
3458,2,2,0,Reader_2_1.csv
3458,0,0,0,Reader_2_10.csv
3458,0,0,0,Reader_2_11.csv
3458,0,0,0,Reader_2_12.csv
3458,0,0,0,Reader_2_2.csv
3458,0,0,0,Reader_2_3.csv
3458,0,0,0,Reader_2_4.csv
3458,1,1,0,Reader_2_5.csv
3458,0,0,0,Reader_2_6.csv
3458,2,2,0,Reader_2_7.csv
3458,0,0,0,Reader_2_8.csv
3458,0,0,0,Reader_2_9.csv
3458,10,9,1,reader_3_1.csv
3458,2,0,2,Reader_3_2.csv
3458,4,4,0,Reader_3_3.csv
3458,4,4,0,Reader_3_4.csv
3458,6,6,0,Reader_3_5.csv
3458,3,3,0,Reader_3_6.csv
3458,1,1,0,Reader_3_7.csv
3459,11,5,6,Reader_1_1.csv
3459,0,0,0,Reader_1_10.csv
3459,3,3,0,Reader_1_11.csv
3459,1,0,1,Reader_1_12.csv
3459,2,2,0,Reader_1_2.csv
3459,6,2,4,Reader_1_3.csv
3459,0,0,0,Reader_1_4.csv
3459,1,0,1,Reader_1_5.csv
3459,1,1,0,Reader_1_6.csv
3459,1,1,0,Reader_1_7.csv
3459,0,0,0,Reader_1_8.csv
3459,0,0,0,Reader_1_9.csv
3459,2,2,0,Reader_2_1.csv
3459,0,0,0,Reader_2_10.csv
3459,0,0,0,Reader_2_11.csv
3459,0,0,0,Reader_2_12.csv
3459,0,0,0,Reader_2_2.csv
3459,0,0,0,Reader_2_3.csv
3459,0,0,0,Reader_2_4.csv
3459,1,1,0,Reader_2_5.csv
3459,0,0,0,Reader_2_6.csv
3459,2,2,0,Reader_2_7.csv
3459,0,0,0,Reader_2_8.csv
3459,0,0,0,Reader_2_9.csv
3459,13,9,4,reader_3_1.csv
3459,2,0,2,Reader_3_2.csv
3459,3,3,0,Reader_3_3.csv
3459,3,3,0,Reader_3_4.csv
3459,10,10,0,Reader_3_5.csv
3459,5,4,1,Reader_3_6.csv
3459,1,1,0,Reader_3_7.csv
3460,11,5,6,Reader_1_1.csv
3460,0,0,0,Reader_1_10.csv
3460,2,2,0,Reader_1_11.csv
3460,1,0,1,Reader_1_12.csv
3460,2,2,0,Reader_1_2.csv
3460,5,2,3,Reader_1_3.csv
3460,0,0,0,Reader_1_4.csv
3460,1,0,1,Reader_1_5.csv
3460,0,0,0,Reader_1_6.csv
3460,1,1,0,Reader_1_7.csv
3460,0,0,0,Reader_1_8.csv
3460,0,0,0,Reader_1_9.csv
3460,0,0,0,Reader_2_1.csv
3460,0,0,0,Reader_2_10.csv
3460,0,0,0,Reader_2_11.csv
3460,0,0,0,Reader_2_12.csv
3460,0,0,0,Reader_2_2.csv
3460,0,0,0,Reader_2_3.csv
3460,0,0,0,Reader_2_4.csv
3460,0,0,0,Reader_2_5.csv
3460,0,0,0,Reader_2_6.csv
3460,2,2,0,Reader_2_7.csv
3460,0,0,0,Reader_2_8.csv
3460,0,0,0,Reader_2_9.csv
3460,13,9,4,reader_3_1.csv
3460,3,1,2,Reader_3_2.csv
3460,3,3,0,Reader_3_3.csv
3460,3,3,0,Reader_3_4.csv
3460,11,10,1,Reader_3_5.csv
3460,5,4,1,Reader_3_6.csv
3460,2,2,0,Reader_3_7.csv
3461,11,4,7,Reader_1_1.csv
3461,0,0,0,Reader_1_10.csv
3461,1,1,0,Reader_1_11.csv
3461,1,0,1,Reader_1_12.csv
3461,2,2,0,Reader_1_2.csv
3461,6,3,3,Reader_1_3.csv
3461,0,0,0,Reader_1_4.csv
3461,1,0,1,Reader_1_5.csv
3461,0,0,0,Reader_1_6.csv
3461,1,1,0,Reader_1_7.csv
3461,0,0,0,Reader_1_8.csv
3461,1,1,0,Reader_1_9.csv
3461,0,0,0,Reader_2_1.csv
3461,0,0,0,Reader_2_10.csv
3461,0,0,0,Reader_2_11.csv
3461,0,0,0,Reader_2_12.csv
3461,0,0,0,Reader_2_2.csv
3461,0,0,0,Reader_2_3.csv
3461,0,0,0,Reader_2_4.csv
3461,0,0,0,Reader_2_5.csv
3461,0,0,0,Reader_2_6.csv
3461,1,1,0,Reader_2_7.csv
3461,0,0,0,Reader_2_8.csv
3461,0,0,0,Reader_2_9.csv
3461,15,11,4,reader_3_1.csv
3461,3,1,2,Reader_3_2.csv
3461,0,0,0,Reader_3_3.csv
3461,0,0,0,Reader_3_4.csv
3461,12,11,1,Reader_3_5.csv
3461,6,5,1,Reader_3_6.csv
3461,2,2,0,Reader_3_7.csv
3462,11,4,7,Reader_1_1.csv
3462,0,0,0,Reader_1_10.csv
3462,1,1,0,Reader_1_11.csv
3462,1,0,1,Reader_1_12.csv
3462,1,1,0,Reader_1_2.csv
3462,5,3,2,Reader_1_3.csv
3462,0,0,0,Reader_1_4.csv
3462,1,0,1,Reader_1_5.csv
3462,0,0,0,Reader_1_6.csv
3462,2,2,0,Reader_1_7.csv
3462,0,0,0,Reader_1_8.csv
3462,2,2,0,Reader_1_9.csv
3462,0,0,0,Reader_2_1.csv
3462,0,0,0,Reader_2_10.csv
3462,0,0,0,Reader_2_11.csv
3462,0,0,0,Reader_2_12.csv
3462,0,0,0,Reader_2_2.csv
3462,0,0,0,Reader_2_3.csv
3462,0,0,0,Reader_2_4.csv
3462,1,1,0,Reader_2_5.csv
3462,0,0,0,Reader_2_6.csv
3462,1,1,0,Reader_2_7.csv
3462,0,0,0,Reader_2_8.csv
3462,0,0,0,Reader_2_9.csv
3462,14,10,4,reader_3_1.csv
3462,2,1,1,Reader_3_2.csv
3462,0,0,0,Reader_3_3.csv
3462,0,0,0,Reader_3_4.csv
3462,11,10,1,Reader_3_5.csv
3462,8,7,1,Reader_3_6.csv
3462,2,2,0,Reader_3_7.csv
3463,10,3,7,Reader_1_1.csv
3463,0,0,0,Reader_1_10.csv
3463,1,1,0,Reader_1_11.csv
3463,0,0,0,Reader_1_12.csv
3463,1,1,0,Reader_1_2.csv
3463,5,3,2,Reader_1_3.csv
3463,0,0,0,Reader_1_4.csv
3463,1,0,1,Reader_1_5.csv
3463,0,0,0,Reader_1_6.csv
3463,1,1,0,Reader_1_7.csv
3463,0,0,0,Reader_1_8.csv
3463,2,2,0,Reader_1_9.csv
3463,0,0,0,Reader_2_1.csv
3463,0,0,0,Reader_2_10.csv
3463,0,0,0,Reader_2_11.csv
3463,1,0,1,Reader_2_12.csv
3463,1,1,0,Reader_2_2.csv
3463,0,0,0,Reader_2_3.csv
3463,0,0,0,Reader_2_4.csv
3463,1,1,0,Reader_2_5.csv
3463,1,0,1,Reader_2_6.csv
3463,0,0,0,Reader_2_7.csv
3463,0,0,0,Reader_2_8.csv
3463,0,0,0,Reader_2_9.csv
3463,16,12,4,reader_3_1.csv
3463,3,3,0,Reader_3_2.csv
3463,0,0,0,Reader_3_3.csv
3463,0,0,0,Reader_3_4.csv
3463,8,7,1,Reader_3_5.csv
3463,7,6,1,Reader_3_6.csv
3463,2,2,0,Reader_3_7.csv
3464,10,3,7,Reader_1_1.csv
3464,0,0,0,Reader_1_10.csv
3464,1,1,0,Reader_1_11.csv
3464,0,0,0,Reader_1_12.csv
3464,0,0,0,Reader_1_2.csv
3464,5,3,2,Reader_1_3.csv
3464,0,0,0,Reader_1_4.csv
3464,0,0,0,Reader_1_5.csv
3464,0,0,0,Reader_1_6.csv
3464,1,1,0,Reader_1_7.csv
3464,0,0,0,Reader_1_8.csv
3464,2,2,0,Reader_1_9.csv
3464,0,0,0,Reader_2_1.csv
3464,0,0,0,Reader_2_10.csv
3464,0,0,0,Reader_2_11.csv
3464,1,0,1,Reader_2_12.csv
3464,1,1,0,Reader_2_2.csv
3464,1,0,1,Reader_2_3.csv
3464,0,0,0,Reader_2_4.csv
3464,1,1,0,Reader_2_5.csv
3464,1,0,1,Reader_2_6.csv
3464,0,0,0,Reader_2_7.csv
3464,0,0,0,Reader_2_8.csv
3464,0,0,0,Reader_2_9.csv
3464,16,12,4,reader_3_1.csv
3464,4,4,0,Reader_3_2.csv
3464,0,0,0,Reader_3_3.csv
3464,0,0,0,Reader_3_4.csv
3464,8,6,2,Reader_3_5.csv
3464,10,9,1,Reader_3_6.csv
3464,2,2,0,Reader_3_7.csv
3465,8,4,4,Reader_1_1.csv
3465,0,0,0,Reader_1_10.csv
3465,1,1,0,Reader_1_11.csv
3465,0,0,0,Reader_1_12.csv
3465,0,0,0,Reader_1_2.csv
3465,5,4,1,Reader_1_3.csv
3465,2,2,0,Reader_1_4.csv
3465,0,0,0,Reader_1_5.csv
3465,0,0,0,Reader_1_6.csv
3465,1,1,0,Reader_1_7.csv
3465,0,0,0,Reader_1_8.csv
3465,2,2,0,Reader_1_9.csv
3465,0,0,0,Reader_2_1.csv
3465,0,0,0,Reader_2_10.csv
3465,0,0,0,Reader_2_11.csv
3465,1,0,1,Reader_2_12.csv
3465,1,1,0,Reader_2_2.csv
3465,1,0,1,Reader_2_3.csv
3465,0,0,0,Reader_2_4.csv
3465,1,1,0,Reader_2_5.csv
3465,1,0,1,Reader_2_6.csv
3465,0,0,0,Reader_2_7.csv
3465,0,0,0,Reader_2_8.csv
3465,0,0,0,Reader_2_9.csv
3465,13,9,4,reader_3_1.csv
3465,4,4,0,Reader_3_2.csv
3465,0,0,0,Reader_3_3.csv
3465,0,0,0,Reader_3_4.csv
3465,7,5,2,Reader_3_5.csv
3465,11,10,1,Reader_3_6.csv
3465,2,2,0,Reader_3_7.csv
3466,6,2,4,Reader_1_1.csv
3466,0,0,0,Reader_1_10.csv
3466,0,0,0,Reader_1_11.csv
3466,0,0,0,Reader_1_12.csv
3466,0,0,0,Reader_1_2.csv
3466,4,4,0,Reader_1_3.csv
3466,2,2,0,Reader_1_4.csv
3466,0,0,0,Reader_1_5.csv
3466,0,0,0,Reader_1_6.csv
3466,1,1,0,Reader_1_7.csv
3466,0,0,0,Reader_1_8.csv
3466,2,2,0,Reader_1_9.csv
3466,0,0,0,Reader_2_1.csv
3466,0,0,0,Reader_2_10.csv
3466,0,0,0,Reader_2_11.csv
3466,1,0,1,Reader_2_12.csv
3466,1,1,0,Reader_2_2.csv
3466,1,0,1,Reader_2_3.csv
3466,0,0,0,Reader_2_4.csv
3466,1,1,0,Reader_2_5.csv
3466,1,0,1,Reader_2_6.csv
3466,0,0,0,Reader_2_7.csv
3466,0,0,0,Reader_2_8.csv
3466,0,0,0,Reader_2_9.csv
3466,13,10,3,reader_3_1.csv
3466,4,4,0,Reader_3_2.csv
3466,0,0,0,Reader_3_3.csv
3466,0,0,0,Reader_3_4.csv
3466,9,7,2,Reader_3_5.csv
3466,11,10,1,Reader_3_6.csv
3466,2,2,0,Reader_3_7.csv
3467,6,2,4,Reader_1_1.csv
3467,0,0,0,Reader_1_10.csv
3467,0,0,0,Reader_1_11.csv
3467,0,0,0,Reader_1_12.csv
3467,0,0,0,Reader_1_2.csv
3467,7,6,1,Reader_1_3.csv
3467,2,2,0,Reader_1_4.csv
3467,0,0,0,Reader_1_5.csv
3467,0,0,0,Reader_1_6.csv
3467,1,1,0,Reader_1_7.csv
3467,0,0,0,Reader_1_8.csv
3467,3,3,0,Reader_1_9.csv
3467,0,0,0,Reader_2_1.csv
3467,0,0,0,Reader_2_10.csv
3467,0,0,0,Reader_2_11.csv
3467,1,0,1,Reader_2_12.csv
3467,1,1,0,Reader_2_2.csv
3467,1,0,1,Reader_2_3.csv
3467,0,0,0,Reader_2_4.csv
3467,1,1,0,Reader_2_5.csv
3467,1,0,1,Reader_2_6.csv
3467,0,0,0,Reader_2_7.csv
3467,0,0,0,Reader_2_8.csv
3467,0,0,0,Reader_2_9.csv
3467,10,10,0,reader_3_1.csv
3467,5,5,0,Reader_3_2.csv
3467,2,2,0,Reader_3_3.csv
3467,2,2,0,Reader_3_4.csv
3467,7,5,2,Reader_3_5.csv
3467,9,9,0,Reader_3_6.csv
3467,2,2,0,Reader_3_7.csv
3468,6,2,4,Reader_1_1.csv
3468,0,0,0,Reader_1_10.csv
3468,0,0,0,Reader_1_11.csv
3468,0,0,0,Reader_1_12.csv
3468,0,0,0,Reader_1_2.csv
3468,5,4,1,Reader_1_3.csv
3468,2,2,0,Reader_1_4.csv
3468,0,0,0,Reader_1_5.csv
3468,0,0,0,Reader_1_6.csv
3468,1,1,0,Reader_1_7.csv
3468,0,0,0,Reader_1_8.csv
3468,3,3,0,Reader_1_9.csv
3468,1,1,0,Reader_2_1.csv
3468,0,0,0,Reader_2_10.csv
3468,0,0,0,Reader_2_11.csv
3468,1,0,1,Reader_2_12.csv
3468,1,1,0,Reader_2_2.csv
3468,1,0,1,Reader_2_3.csv
3468,0,0,0,Reader_2_4.csv
3468,2,2,0,Reader_2_5.csv
3468,1,0,1,Reader_2_6.csv
3468,0,0,0,Reader_2_7.csv
3468,0,0,0,Reader_2_8.csv
3468,0,0,0,Reader_2_9.csv
3468,9,9,0,reader_3_1.csv
3468,5,4,1,Reader_3_2.csv
3468,2,2,0,Reader_3_3.csv
3468,2,2,0,Reader_3_4.csv
3468,6,5,1,Reader_3_5.csv
3468,10,10,0,Reader_3_6.csv
3468,2,2,0,Reader_3_7.csv
3469,4,2,2,Reader_1_1.csv
3469,0,0,0,Reader_1_10.csv
3469,0,0,0,Reader_1_11.csv
3469,0,0,0,Reader_1_12.csv
3469,0,0,0,Reader_1_2.csv
3469,4,3,1,Reader_1_3.csv
3469,3,3,0,Reader_1_4.csv
3469,0,0,0,Reader_1_5.csv
3469,0,0,0,Reader_1_6.csv
3469,1,1,0,Reader_1_7.csv
3469,0,0,0,Reader_1_8.csv
3469,2,2,0,Reader_1_9.csv
3469,2,2,0,Reader_2_1.csv
3469,0,0,0,Reader_2_10.csv
3469,0,0,0,Reader_2_11.csv
3469,1,0,1,Reader_2_12.csv
3469,1,1,0,Reader_2_2.csv
3469,1,0,1,Reader_2_3.csv
3469,0,0,0,Reader_2_4.csv
3469,2,2,0,Reader_2_5.csv
3469,1,0,1,Reader_2_6.csv
3469,0,0,0,Reader_2_7.csv
3469,0,0,0,Reader_2_8.csv
3469,0,0,0,Reader_2_9.csv
3469,8,7,1,reader_3_1.csv
3469,7,5,2,Reader_3_2.csv
3469,2,2,0,Reader_3_3.csv
3469,2,2,0,Reader_3_4.csv
3469,5,4,1,Reader_3_5.csv
3469,9,9,0,Reader_3_6.csv
3469,2,2,0,Reader_3_7.csv
3470,5,3,2,Reader_1_1.csv
3470,0,0,0,Reader_1_10.csv
3470,0,0,0,Reader_1_11.csv
3470,1,1,0,Reader_1_12.csv
3470,0,0,0,Reader_1_2.csv
3470,4,3,1,Reader_1_3.csv
3470,4,4,0,Reader_1_4.csv
3470,0,0,0,Reader_1_5.csv
3470,0,0,0,Reader_1_6.csv
3470,1,1,0,Reader_1_7.csv
3470,0,0,0,Reader_1_8.csv
3470,1,1,0,Reader_1_9.csv
3470,2,2,0,Reader_2_1.csv
3470,0,0,0,Reader_2_10.csv
3470,0,0,0,Reader_2_11.csv
3470,1,0,1,Reader_2_12.csv
3470,1,1,0,Reader_2_2.csv
3470,1,0,1,Reader_2_3.csv
3470,0,0,0,Reader_2_4.csv
3470,1,1,0,Reader_2_5.csv
3470,1,0,1,Reader_2_6.csv
3470,0,0,0,Reader_2_7.csv
3470,0,0,0,Reader_2_8.csv
3470,0,0,0,Reader_2_9.csv
3470,8,7,1,reader_3_1.csv
3470,7,5,2,Reader_3_2.csv
3470,2,2,0,Reader_3_3.csv
3470,2,2,0,Reader_3_4.csv
3470,5,4,1,Reader_3_5.csv
3470,8,8,0,Reader_3_6.csv
3470,3,3,0,Reader_3_7.csv
3471,4,3,1,Reader_1_1.csv
3471,0,0,0,Reader_1_10.csv
3471,0,0,0,Reader_1_11.csv
3471,1,1,0,Reader_1_12.csv
3471,0,0,0,Reader_1_2.csv
3471,5,4,1,Reader_1_3.csv
3471,5,5,0,Reader_1_4.csv
3471,0,0,0,Reader_1_5.csv
3471,0,0,0,Reader_1_6.csv
3471,1,1,0,Reader_1_7.csv
3471,0,0,0,Reader_1_8.csv
3471,2,2,0,Reader_1_9.csv
3471,3,3,0,Reader_2_1.csv
3471,0,0,0,Reader_2_10.csv
3471,0,0,0,Reader_2_11.csv
3471,0,0,0,Reader_2_12.csv
3471,0,0,0,Reader_2_2.csv
3471,1,0,1,Reader_2_3.csv
3471,0,0,0,Reader_2_4.csv
3471,1,1,0,Reader_2_5.csv
3471,0,0,0,Reader_2_6.csv
3471,0,0,0,Reader_2_7.csv
3471,0,0,0,Reader_2_8.csv
3471,0,0,0,Reader_2_9.csv
3471,6,5,1,reader_3_1.csv
3471,5,2,3,Reader_3_2.csv
3471,3,3,0,Reader_3_3.csv
3471,3,3,0,Reader_3_4.csv
3471,5,4,1,Reader_3_5.csv
3471,7,7,0,Reader_3_6.csv
3471,3,3,0,Reader_3_7.csv
3472,4,3,1,Reader_1_1.csv
3472,0,0,0,Reader_1_10.csv
3472,0,0,0,Reader_1_11.csv
3472,1,1,0,Reader_1_12.csv
3472,0,0,0,Reader_1_2.csv
3472,5,4,1,Reader_1_3.csv
3472,6,6,0,Reader_1_4.csv
3472,0,0,0,Reader_1_5.csv
3472,0,0,0,Reader_1_6.csv
3472,1,1,0,Reader_1_7.csv
3472,0,0,0,Reader_1_8.csv
3472,2,2,0,Reader_1_9.csv
3472,3,3,0,Reader_2_1.csv
3472,0,0,0,Reader_2_10.csv
3472,0,0,0,Reader_2_11.csv
3472,0,0,0,Reader_2_12.csv
3472,1,1,0,Reader_2_2.csv
3472,0,0,0,Reader_2_3.csv
3472,0,0,0,Reader_2_4.csv
3472,1,1,0,Reader_2_5.csv
3472,0,0,0,Reader_2_6.csv
3472,0,0,0,Reader_2_7.csv
3472,2,0,2,Reader_2_8.csv
3472,0,0,0,Reader_2_9.csv
3472,6,5,1,reader_3_1.csv
3472,7,3,4,Reader_3_2.csv
3472,3,3,0,Reader_3_3.csv
3472,3,3,0,Reader_3_4.csv
3472,4,4,0,Reader_3_5.csv
3472,4,4,0,Reader_3_6.csv
3472,3,3,0,Reader_3_7.csv
3473,5,4,1,Reader_1_1.csv
3473,0,0,0,Reader_1_10.csv
3473,0,0,0,Reader_1_11.csv
3473,1,1,0,Reader_1_12.csv
3473,0,0,0,Reader_1_2.csv
3473,5,4,1,Reader_1_3.csv
3473,4,4,0,Reader_1_4.csv
3473,0,0,0,Reader_1_5.csv
3473,0,0,0,Reader_1_6.csv
3473,1,1,0,Reader_1_7.csv
3473,0,0,0,Reader_1_8.csv
3473,2,2,0,Reader_1_9.csv
3473,3,3,0,Reader_2_1.csv
3473,0,0,0,Reader_2_10.csv
3473,0,0,0,Reader_2_11.csv
3473,0,0,0,Reader_2_12.csv
3473,1,1,0,Reader_2_2.csv
3473,0,0,0,Reader_2_3.csv
3473,0,0,0,Reader_2_4.csv
3473,1,1,0,Reader_2_5.csv
3473,0,0,0,Reader_2_6.csv
3473,0,0,0,Reader_2_7.csv
3473,3,0,3,Reader_2_8.csv
3473,0,0,0,Reader_2_9.csv
3473,8,7,1,reader_3_1.csv
3473,7,3,4,Reader_3_2.csv
3473,3,3,0,Reader_3_3.csv
3473,3,3,0,Reader_3_4.csv
3473,4,4,0,Reader_3_5.csv
3473,3,3,0,Reader_3_6.csv
3473,4,4,0,Reader_3_7.csv
3474,4,4,0,Reader_1_1.csv
3474,0,0,0,Reader_1_10.csv
3474,0,0,0,Reader_1_11.csv
3474,1,1,0,Reader_1_12.csv
3474,0,0,0,Reader_1_2.csv
3474,5,4,1,Reader_1_3.csv
3474,5,5,0,Reader_1_4.csv
3474,0,0,0,Reader_1_5.csv
3474,0,0,0,Reader_1_6.csv
3474,1,1,0,Reader_1_7.csv
3474,0,0,0,Reader_1_8.csv
3474,2,2,0,Reader_1_9.csv
3474,3,3,0,Reader_2_1.csv
3474,0,0,0,Reader_2_10.csv
3474,0,0,0,Reader_2_11.csv
3474,1,1,0,Reader_2_12.csv
3474,1,1,0,Reader_2_2.csv
3474,0,0,0,Reader_2_3.csv
3474,0,0,0,Reader_2_4.csv
3474,1,1,0,Reader_2_5.csv
3474,1,1,0,Reader_2_6.csv
3474,0,0,0,Reader_2_7.csv
3474,3,0,3,Reader_2_8.csv
3474,0,0,0,Reader_2_9.csv
3474,8,7,1,reader_3_1.csv
3474,8,4,4,Reader_3_2.csv
3474,7,7,0,Reader_3_3.csv
3474,7,7,0,Reader_3_4.csv
3474,2,2,0,Reader_3_5.csv
3474,3,3,0,Reader_3_6.csv
3474,4,4,0,Reader_3_7.csv
3475,5,5,0,Reader_1_1.csv
3475,0,0,0,Reader_1_10.csv
3475,0,0,0,Reader_1_11.csv
3475,1,1,0,Reader_1_12.csv
3475,0,0,0,Reader_1_2.csv
3475,2,2,0,Reader_1_3.csv
3475,5,5,0,Reader_1_4.csv
3475,0,0,0,Reader_1_5.csv
3475,0,0,0,Reader_1_6.csv
3475,2,2,0,Reader_1_7.csv
3475,0,0,0,Reader_1_8.csv
3475,1,1,0,Reader_1_9.csv
3475,3,3,0,Reader_2_1.csv
3475,0,0,0,Reader_2_10.csv
3475,0,0,0,Reader_2_11.csv
3475,1,1,0,Reader_2_12.csv
3475,1,1,0,Reader_2_2.csv
3475,0,0,0,Reader_2_3.csv
3475,0,0,0,Reader_2_4.csv
3475,1,1,0,Reader_2_5.csv
3475,1,1,0,Reader_2_6.csv
3475,0,0,0,Reader_2_7.csv
3475,3,0,3,Reader_2_8.csv
3475,0,0,0,Reader_2_9.csv
3475,7,6,1,reader_3_1.csv
3475,8,4,4,Reader_3_2.csv
3475,6,6,0,Reader_3_3.csv
3475,6,6,0,Reader_3_4.csv
3475,2,2,0,Reader_3_5.csv
3475,4,4,0,Reader_3_6.csv
3475,4,4,0,Reader_3_7.csv
3476,6,6,0,Reader_1_1.csv
3476,0,0,0,Reader_1_10.csv
3476,0,0,0,Reader_1_11.csv
3476,1,1,0,Reader_1_12.csv
3476,0,0,0,Reader_1_2.csv
3476,3,3,0,Reader_1_3.csv
3476,5,5,0,Reader_1_4.csv
3476,0,0,0,Reader_1_5.csv
3476,0,0,0,Reader_1_6.csv
3476,2,2,0,Reader_1_7.csv
3476,0,0,0,Reader_1_8.csv
3476,1,1,0,Reader_1_9.csv
3476,2,2,0,Reader_2_1.csv
3476,0,0,0,Reader_2_10.csv
3476,0,0,0,Reader_2_11.csv
3476,1,1,0,Reader_2_12.csv
3476,2,1,1,Reader_2_2.csv
3476,1,1,0,Reader_2_3.csv
3476,0,0,0,Reader_2_4.csv
3476,1,0,1,Reader_2_5.csv
3476,1,1,0,Reader_2_6.csv
3476,0,0,0,Reader_2_7.csv
3476,3,0,3,Reader_2_8.csv
3476,0,0,0,Reader_2_9.csv
3476,8,7,1,reader_3_1.csv
3476,8,4,4,Reader_3_2.csv
3476,6,6,0,Reader_3_3.csv
3476,6,6,0,Reader_3_4.csv
3476,2,2,0,Reader_3_5.csv
3476,2,2,0,Reader_3_6.csv
3476,3,3,0,Reader_3_7.csv
3477,7,7,0,Reader_1_1.csv
3477,0,0,0,Reader_1_10.csv
3477,0,0,0,Reader_1_11.csv
3477,1,1,0,Reader_1_12.csv
3477,0,0,0,Reader_1_2.csv
3477,3,3,0,Reader_1_3.csv
3477,4,4,0,Reader_1_4.csv
3477,0,0,0,Reader_1_5.csv
3477,0,0,0,Reader_1_6.csv
3477,2,2,0,Reader_1_7.csv
3477,0,0,0,Reader_1_8.csv
3477,2,1,1,Reader_1_9.csv
3477,1,1,0,Reader_2_1.csv
3477,0,0,0,Reader_2_10.csv
3477,0,0,0,Reader_2_11.csv
3477,1,1,0,Reader_2_12.csv
3477,2,1,1,Reader_2_2.csv
3477,1,1,0,Reader_2_3.csv
3477,0,0,0,Reader_2_4.csv
3477,1,0,1,Reader_2_5.csv
3477,1,1,0,Reader_2_6.csv
3477,0,0,0,Reader_2_7.csv
3477,3,0,3,Reader_2_8.csv
3477,0,0,0,Reader_2_9.csv
3477,8,8,0,reader_3_1.csv
3477,8,4,4,Reader_3_2.csv
3477,6,6,0,Reader_3_3.csv
3477,6,6,0,Reader_3_4.csv
3477,3,3,0,Reader_3_5.csv
3477,3,3,0,Reader_3_6.csv
3477,3,3,0,Reader_3_7.csv
3478,5,5,0,Reader_1_1.csv
3478,0,0,0,Reader_1_10.csv
3478,0,0,0,Reader_1_11.csv
3478,0,0,0,Reader_1_12.csv
3478,0,0,0,Reader_1_2.csv
3478,3,3,0,Reader_1_3.csv
3478,3,3,0,Reader_1_4.csv
3478,0,0,0,Reader_1_5.csv
3478,0,0,0,Reader_1_6.csv
3478,1,1,0,Reader_1_7.csv
3478,0,0,0,Reader_1_8.csv
3478,2,1,1,Reader_1_9.csv
3478,1,1,0,Reader_2_1.csv
3478,0,0,0,Reader_2_10.csv
3478,0,0,0,Reader_2_11.csv
3478,1,1,0,Reader_2_12.csv
3478,2,1,1,Reader_2_2.csv
3478,1,1,0,Reader_2_3.csv
3478,0,0,0,Reader_2_4.csv
3478,1,0,1,Reader_2_5.csv
3478,2,1,1,Reader_2_6.csv
3478,0,0,0,Reader_2_7.csv
3478,4,1,3,Reader_2_8.csv
3478,0,0,0,Reader_2_9.csv
3478,10,10,0,reader_3_1.csv
3478,9,5,4,Reader_3_2.csv
3478,6,6,0,Reader_3_3.csv
3478,6,6,0,Reader_3_4.csv
3478,5,5,0,Reader_3_5.csv
3478,3,3,0,Reader_3_6.csv
3478,2,2,0,Reader_3_7.csv
3479,6,6,0,Reader_1_1.csv
3479,0,0,0,Reader_1_10.csv
3479,0,0,0,Reader_1_11.csv
3479,0,0,0,Reader_1_12.csv
3479,0,0,0,Reader_1_2.csv
3479,2,2,0,Reader_1_3.csv
3479,2,2,0,Reader_1_4.csv
3479,0,0,0,Reader_1_5.csv
3479,0,0,0,Reader_1_6.csv
3479,1,1,0,Reader_1_7.csv
3479,0,0,0,Reader_1_8.csv
3479,1,0,1,Reader_1_9.csv
3479,0,0,0,Reader_2_1.csv
3479,0,0,0,Reader_2_10.csv
3479,0,0,0,Reader_2_11.csv
3479,1,1,0,Reader_2_12.csv
3479,2,1,1,Reader_2_2.csv
3479,1,1,0,Reader_2_3.csv
3479,0,0,0,Reader_2_4.csv
3479,1,0,1,Reader_2_5.csv
3479,2,1,1,Reader_2_6.csv
3479,0,0,0,Reader_2_7.csv
3479,4,1,3,Reader_2_8.csv
3479,0,0,0,Reader_2_9.csv
3479,10,10,0,reader_3_1.csv
3479,9,6,3,Reader_3_2.csv
3479,5,5,0,Reader_3_3.csv
3479,5,5,0,Reader_3_4.csv
3479,5,5,0,Reader_3_5.csv
3479,3,3,0,Reader_3_6.csv
3479,1,1,0,Reader_3_7.csv
3480,7,6,1,Reader_1_1.csv
3480,0,0,0,Reader_1_10.csv
3480,1,1,0,Reader_1_11.csv
3480,0,0,0,Reader_1_12.csv
3480,0,0,0,Reader_1_2.csv
3480,2,2,0,Reader_1_3.csv
3480,1,1,0,Reader_1_4.csv
3480,0,0,0,Reader_1_5.csv
3480,0,0,0,Reader_1_6.csv
3480,1,1,0,Reader_1_7.csv
3480,0,0,0,Reader_1_8.csv
3480,1,0,1,Reader_1_9.csv
3480,0,0,0,Reader_2_1.csv
3480,0,0,0,Reader_2_10.csv
3480,0,0,0,Reader_2_11.csv
3480,1,1,0,Reader_2_12.csv
3480,1,0,1,Reader_2_2.csv
3480,1,1,0,Reader_2_3.csv
3480,0,0,0,Reader_2_4.csv
3480,1,0,1,Reader_2_5.csv
3480,3,2,1,Reader_2_6.csv
3480,0,0,0,Reader_2_7.csv
3480,2,1,1,Reader_2_8.csv
3480,0,0,0,Reader_2_9.csv
3480,10,10,0,reader_3_1.csv
3480,7,5,2,Reader_3_2.csv
3480,6,6,0,Reader_3_3.csv
3480,6,6,0,Reader_3_4.csv
3480,5,5,0,Reader_3_5.csv
3480,3,3,0,Reader_3_6.csv
3480,1,1,0,Reader_3_7.csv
3481,6,4,2,Reader_1_1.csv
3481,0,0,0,Reader_1_10.csv
3481,1,1,0,Reader_1_11.csv
3481,0,0,0,Reader_1_12.csv
3481,0,0,0,Reader_1_2.csv
3481,1,1,0,Reader_1_3.csv
3481,1,1,0,Reader_1_4.csv
3481,0,0,0,Reader_1_5.csv
3481,0,0,0,Reader_1_6.csv
3481,1,1,0,Reader_1_7.csv
3481,0,0,0,Reader_1_8.csv
3481,1,0,1,Reader_1_9.csv
3481,0,0,0,Reader_2_1.csv
3481,0,0,0,Reader_2_10.csv
3481,0,0,0,Reader_2_11.csv
3481,1,1,0,Reader_2_12.csv
3481,1,0,1,Reader_2_2.csv
3481,1,1,0,Reader_2_3.csv
3481,0,0,0,Reader_2_4.csv
3481,1,0,1,Reader_2_5.csv
3481,3,2,1,Reader_2_6.csv
3481,0,0,0,Reader_2_7.csv
3481,1,1,0,Reader_2_8.csv
3481,0,0,0,Reader_2_9.csv
3481,11,10,1,reader_3_1.csv
3481,7,5,2,Reader_3_2.csv
3481,6,6,0,Reader_3_3.csv
3481,6,6,0,Reader_3_4.csv
3481,5,5,0,Reader_3_5.csv
3481,4,4,0,Reader_3_6.csv
3481,0,0,0,Reader_3_7.csv
3482,6,4,2,Reader_1_1.csv
3482,0,0,0,Reader_1_10.csv
3482,1,1,0,Reader_1_11.csv
3482,0,0,0,Reader_1_12.csv
3482,0,0,0,Reader_1_2.csv
3482,1,1,0,Reader_1_3.csv
3482,0,0,0,Reader_1_4.csv
3482,0,0,0,Reader_1_5.csv
3482,0,0,0,Reader_1_6.csv
3482,1,1,0,Reader_1_7.csv
3482,0,0,0,Reader_1_8.csv
3482,1,0,1,Reader_1_9.csv
3482,0,0,0,Reader_2_1.csv
3482,0,0,0,Reader_2_10.csv
3482,0,0,0,Reader_2_11.csv
3482,0,0,0,Reader_2_12.csv
3482,1,0,1,Reader_2_2.csv
3482,1,1,0,Reader_2_3.csv
3482,0,0,0,Reader_2_4.csv
3482,1,0,1,Reader_2_5.csv
3482,3,2,1,Reader_2_6.csv
3482,0,0,0,Reader_2_7.csv
3482,1,1,0,Reader_2_8.csv
3482,0,0,0,Reader_2_9.csv
3482,11,10,1,reader_3_1.csv
3482,8,6,2,Reader_3_2.csv
3482,2,2,0,Reader_3_3.csv
3482,2,2,0,Reader_3_4.csv
3482,5,5,0,Reader_3_5.csv
3482,4,4,0,Reader_3_6.csv
3482,1,0,1,Reader_3_7.csv
3483,5,3,2,Reader_1_1.csv
3483,0,0,0,Reader_1_10.csv
3483,2,2,0,Reader_1_11.csv
3483,0,0,0,Reader_1_12.csv
3483,0,0,0,Reader_1_2.csv
3483,1,1,0,Reader_1_3.csv
3483,0,0,0,Reader_1_4.csv
3483,0,0,0,Reader_1_5.csv
3483,0,0,0,Reader_1_6.csv
3483,0,0,0,Reader_1_7.csv
3483,0,0,0,Reader_1_8.csv
3483,1,0,1,Reader_1_9.csv
3483,0,0,0,Reader_2_1.csv
3483,0,0,0,Reader_2_10.csv
3483,0,0,0,Reader_2_11.csv
3483,0,0,0,Reader_2_12.csv
3483,1,0,1,Reader_2_2.csv
3483,1,1,0,Reader_2_3.csv
3483,0,0,0,Reader_2_4.csv
3483,1,0,1,Reader_2_5.csv
3483,3,2,1,Reader_2_6.csv
3483,0,0,0,Reader_2_7.csv
3483,1,1,0,Reader_2_8.csv
3483,0,0,0,Reader_2_9.csv
3483,13,11,2,reader_3_1.csv
3483,7,5,2,Reader_3_2.csv
3483,1,1,0,Reader_3_3.csv
3483,1,1,0,Reader_3_4.csv
3483,3,3,0,Reader_3_5.csv
3483,3,3,0,Reader_3_6.csv
3483,2,1,1,Reader_3_7.csv
3484,5,3,2,Reader_1_1.csv
3484,0,0,0,Reader_1_10.csv
3484,2,2,0,Reader_1_11.csv
3484,0,0,0,Reader_1_12.csv
3484,0,0,0,Reader_1_2.csv
3484,0,0,0,Reader_1_3.csv
3484,0,0,0,Reader_1_4.csv
3484,0,0,0,Reader_1_5.csv
3484,0,0,0,Reader_1_6.csv
3484,0,0,0,Reader_1_7.csv
3484,0,0,0,Reader_1_8.csv
3484,2,1,1,Reader_1_9.csv
3484,0,0,0,Reader_2_1.csv
3484,0,0,0,Reader_2_10.csv
3484,0,0,0,Reader_2_11.csv
3484,0,0,0,Reader_2_12.csv
3484,0,0,0,Reader_2_2.csv
3484,0,0,0,Reader_2_3.csv
3484,0,0,0,Reader_2_4.csv
3484,0,0,0,Reader_2_5.csv
3484,3,2,1,Reader_2_6.csv
3484,0,0,0,Reader_2_7.csv
3484,1,1,0,Reader_2_8.csv
3484,0,0,0,Reader_2_9.csv
3484,15,13,2,reader_3_1.csv
3484,7,6,1,Reader_3_2.csv
3484,2,2,0,Reader_3_3.csv
3484,2,2,0,Reader_3_4.csv
3484,4,4,0,Reader_3_5.csv
3484,4,4,0,Reader_3_6.csv
3484,2,1,1,Reader_3_7.csv
3485,4,2,2,Reader_1_1.csv
3485,0,0,0,Reader_1_10.csv
3485,2,2,0,Reader_1_11.csv
3485,0,0,0,Reader_1_12.csv
3485,0,0,0,Reader_1_2.csv
3485,2,2,0,Reader_1_3.csv
3485,0,0,0,Reader_1_4.csv
3485,0,0,0,Reader_1_5.csv
3485,0,0,0,Reader_1_6.csv
3485,0,0,0,Reader_1_7.csv
3485,0,0,0,Reader_1_8.csv
3485,1,1,0,Reader_1_9.csv
3485,0,0,0,Reader_2_1.csv
3485,0,0,0,Reader_2_10.csv
3485,0,0,0,Reader_2_11.csv
3485,0,0,0,Reader_2_12.csv
3485,0,0,0,Reader_2_2.csv
3485,0,0,0,Reader_2_3.csv
3485,0,0,0,Reader_2_4.csv
3485,0,0,0,Reader_2_5.csv
3485,3,2,1,Reader_2_6.csv
3485,0,0,0,Reader_2_7.csv
3485,1,1,0,Reader_2_8.csv
3485,0,0,0,Reader_2_9.csv
3485,15,13,2,reader_3_1.csv
3485,6,6,0,Reader_3_2.csv
3485,2,2,0,Reader_3_3.csv
3485,2,2,0,Reader_3_4.csv
3485,3,3,0,Reader_3_5.csv
3485,3,3,0,Reader_3_6.csv
3485,2,1,1,Reader_3_7.csv
3486,5,3,2,Reader_1_1.csv
3486,0,0,0,Reader_1_10.csv
3486,3,3,0,Reader_1_11.csv
3486,0,0,0,Reader_1_12.csv
3486,0,0,0,Reader_1_2.csv
3486,4,4,0,Reader_1_3.csv
3486,0,0,0,Reader_1_4.csv
3486,0,0,0,Reader_1_5.csv
3486,0,0,0,Reader_1_6.csv
3486,0,0,0,Reader_1_7.csv
3486,0,0,0,Reader_1_8.csv
3486,1,1,0,Reader_1_9.csv
3486,2,1,1,Reader_2_1.csv
3486,0,0,0,Reader_2_10.csv
3486,0,0,0,Reader_2_11.csv
3486,0,0,0,Reader_2_12.csv
3486,0,0,0,Reader_2_2.csv
3486,1,0,1,Reader_2_3.csv
3486,0,0,0,Reader_2_4.csv
3486,0,0,0,Reader_2_5.csv
3486,2,2,0,Reader_2_6.csv
3486,0,0,0,Reader_2_7.csv
3486,0,0,0,Reader_2_8.csv
3486,0,0,0,Reader_2_9.csv
3486,13,11,2,reader_3_1.csv
3486,6,6,0,Reader_3_2.csv
3486,2,2,0,Reader_3_3.csv
3486,2,2,0,Reader_3_4.csv
3486,1,1,0,Reader_3_5.csv
3486,2,2,0,Reader_3_6.csv
3486,2,1,1,Reader_3_7.csv
3487,4,2,2,Reader_1_1.csv
3487,0,0,0,Reader_1_10.csv
3487,3,3,0,Reader_1_11.csv
3487,0,0,0,Reader_1_12.csv
3487,0,0,0,Reader_1_2.csv
3487,4,4,0,Reader_1_3.csv
3487,0,0,0,Reader_1_4.csv
3487,0,0,0,Reader_1_5.csv
3487,0,0,0,Reader_1_6.csv
3487,0,0,0,Reader_1_7.csv
3487,0,0,0,Reader_1_8.csv
3487,1,1,0,Reader_1_9.csv
3487,2,1,1,Reader_2_1.csv
3487,0,0,0,Reader_2_10.csv
3487,0,0,0,Reader_2_11.csv
3487,0,0,0,Reader_2_12.csv
3487,0,0,0,Reader_2_2.csv
3487,1,0,1,Reader_2_3.csv
3487,0,0,0,Reader_2_4.csv
3487,0,0,0,Reader_2_5.csv
3487,2,2,0,Reader_2_6.csv
3487,0,0,0,Reader_2_7.csv
3487,0,0,0,Reader_2_8.csv
3487,0,0,0,Reader_2_9.csv
3487,14,12,2,reader_3_1.csv
3487,6,6,0,Reader_3_2.csv
3487,2,2,0,Reader_3_3.csv
3487,2,2,0,Reader_3_4.csv
3487,1,1,0,Reader_3_5.csv
3487,2,2,0,Reader_3_6.csv
3487,2,1,1,Reader_3_7.csv
3488,3,2,1,Reader_1_1.csv
3488,0,0,0,Reader_1_10.csv
3488,2,2,0,Reader_1_11.csv
3488,0,0,0,Reader_1_12.csv
3488,0,0,0,Reader_1_2.csv
3488,4,4,0,Reader_1_3.csv
3488,0,0,0,Reader_1_4.csv
3488,0,0,0,Reader_1_5.csv
3488,0,0,0,Reader_1_6.csv
3488,0,0,0,Reader_1_7.csv
3488,0,0,0,Reader_1_8.csv
3488,1,1,0,Reader_1_9.csv
3488,2,1,1,Reader_2_1.csv
3488,0,0,0,Reader_2_10.csv
3488,0,0,0,Reader_2_11.csv
3488,0,0,0,Reader_2_12.csv
3488,0,0,0,Reader_2_2.csv
3488,1,0,1,Reader_2_3.csv
3488,0,0,0,Reader_2_4.csv
3488,0,0,0,Reader_2_5.csv
3488,1,1,0,Reader_2_6.csv
3488,0,0,0,Reader_2_7.csv
3488,0,0,0,Reader_2_8.csv
3488,0,0,0,Reader_2_9.csv
3488,13,11,2,reader_3_1.csv
3488,8,8,0,Reader_3_2.csv
3488,1,1,0,Reader_3_3.csv
3488,1,1,0,Reader_3_4.csv
3488,1,1,0,Reader_3_5.csv
3488,2,2,0,Reader_3_6.csv
3488,2,1,1,Reader_3_7.csv
3489,2,2,0,Reader_1_1.csv
3489,0,0,0,Reader_1_10.csv
3489,3,3,0,Reader_1_11.csv
3489,0,0,0,Reader_1_12.csv
3489,0,0,0,Reader_1_2.csv
3489,4,4,0,Reader_1_3.csv
3489,0,0,0,Reader_1_4.csv
3489,0,0,0,Reader_1_5.csv
3489,0,0,0,Reader_1_6.csv
3489,0,0,0,Reader_1_7.csv
3489,0,0,0,Reader_1_8.csv
3489,1,1,0,Reader_1_9.csv
3489,2,1,1,Reader_2_1.csv
3489,0,0,0,Reader_2_10.csv
3489,0,0,0,Reader_2_11.csv
3489,0,0,0,Reader_2_12.csv
3489,0,0,0,Reader_2_2.csv
3489,1,0,1,Reader_2_3.csv
3489,0,0,0,Reader_2_4.csv
3489,0,0,0,Reader_2_5.csv
3489,1,1,0,Reader_2_6.csv
3489,0,0,0,Reader_2_7.csv
3489,0,0,0,Reader_2_8.csv
3489,0,0,0,Reader_2_9.csv
3489,11,10,1,reader_3_1.csv
3489,10,9,1,Reader_3_2.csv
3489,3,2,1,Reader_3_3.csv
3489,3,2,1,Reader_3_4.csv
3489,1,1,0,Reader_3_5.csv
3489,1,1,0,Reader_3_6.csv
3489,2,1,1,Reader_3_7.csv
3490,3,3,0,Reader_1_1.csv
3490,0,0,0,Reader_1_10.csv
3490,3,3,0,Reader_1_11.csv
3490,0,0,0,Reader_1_12.csv
3490,0,0,0,Reader_1_2.csv
3490,4,4,0,Reader_1_3.csv
3490,0,0,0,Reader_1_4.csv
3490,0,0,0,Reader_1_5.csv
3490,0,0,0,Reader_1_6.csv
3490,0,0,0,Reader_1_7.csv
3490,0,0,0,Reader_1_8.csv
3490,1,1,0,Reader_1_9.csv
3490,2,1,1,Reader_2_1.csv
3490,0,0,0,Reader_2_10.csv
3490,0,0,0,Reader_2_11.csv
3490,0,0,0,Reader_2_12.csv
3490,0,0,0,Reader_2_2.csv
3490,1,0,1,Reader_2_3.csv
3490,0,0,0,Reader_2_4.csv
3490,0,0,0,Reader_2_5.csv
3490,0,0,0,Reader_2_6.csv
3490,0,0,0,Reader_2_7.csv
3490,0,0,0,Reader_2_8.csv
3490,0,0,0,Reader_2_9.csv
3490,11,10,1,reader_3_1.csv
3490,8,7,1,Reader_3_2.csv
3490,5,4,1,Reader_3_3.csv
3490,5,4,1,Reader_3_4.csv
3490,1,1,0,Reader_3_5.csv
3490,1,1,0,Reader_3_6.csv
3490,1,1,0,Reader_3_7.csv
3491,3,3,0,Reader_1_1.csv
3491,0,0,0,Reader_1_10.csv
3491,2,2,0,Reader_1_11.csv
3491,0,0,0,Reader_1_12.csv
3491,0,0,0,Reader_1_2.csv
3491,5,4,1,Reader_1_3.csv
3491,0,0,0,Reader_1_4.csv
3491,0,0,0,Reader_1_5.csv
3491,0,0,0,Reader_1_6.csv
3491,0,0,0,Reader_1_7.csv
3491,0,0,0,Reader_1_8.csv
3491,1,1,0,Reader_1_9.csv
3491,2,1,1,Reader_2_1.csv
3491,0,0,0,Reader_2_10.csv
3491,0,0,0,Reader_2_11.csv
3491,1,1,0,Reader_2_12.csv
3491,0,0,0,Reader_2_2.csv
3491,1,0,1,Reader_2_3.csv
3491,0,0,0,Reader_2_4.csv
3491,0,0,0,Reader_2_5.csv
3491,0,0,0,Reader_2_6.csv
3491,0,0,0,Reader_2_7.csv
3491,0,0,0,Reader_2_8.csv
3491,0,0,0,Reader_2_9.csv
3491,8,8,0,reader_3_1.csv
3491,8,7,1,Reader_3_2.csv
3491,5,4,1,Reader_3_3.csv
3491,5,4,1,Reader_3_4.csv
3491,1,1,0,Reader_3_5.csv
3491,1,1,0,Reader_3_6.csv
3491,0,0,0,Reader_3_7.csv
3492,3,3,0,Reader_1_1.csv
3492,0,0,0,Reader_1_10.csv
3492,3,3,0,Reader_1_11.csv
3492,0,0,0,Reader_1_12.csv
3492,0,0,0,Reader_1_2.csv
3492,5,4,1,Reader_1_3.csv
3492,0,0,0,Reader_1_4.csv
3492,0,0,0,Reader_1_5.csv
3492,0,0,0,Reader_1_6.csv
3492,0,0,0,Reader_1_7.csv
3492,0,0,0,Reader_1_8.csv
3492,0,0,0,Reader_1_9.csv
3492,2,1,1,Reader_2_1.csv
3492,0,0,0,Reader_2_10.csv
3492,0,0,0,Reader_2_11.csv
3492,1,1,0,Reader_2_12.csv
3492,0,0,0,Reader_2_2.csv
3492,1,0,1,Reader_2_3.csv
3492,0,0,0,Reader_2_4.csv
3492,0,0,0,Reader_2_5.csv
3492,0,0,0,Reader_2_6.csv
3492,0,0,0,Reader_2_7.csv
3492,1,1,0,Reader_2_8.csv
3492,0,0,0,Reader_2_9.csv
3492,5,5,0,reader_3_1.csv
3492,8,7,1,Reader_3_2.csv
3492,5,4,1,Reader_3_3.csv
3492,5,4,1,Reader_3_4.csv
3492,1,0,1,Reader_3_5.csv
3492,0,0,0,Reader_3_6.csv
3492,0,0,0,Reader_3_7.csv
3493,4,4,0,Reader_1_1.csv
3493,0,0,0,Reader_1_10.csv
3493,3,3,0,Reader_1_11.csv
3493,0,0,0,Reader_1_12.csv
3493,0,0,0,Reader_1_2.csv
3493,3,2,1,Reader_1_3.csv
3493,0,0,0,Reader_1_4.csv
3493,0,0,0,Reader_1_5.csv
3493,0,0,0,Reader_1_6.csv
3493,0,0,0,Reader_1_7.csv
3493,0,0,0,Reader_1_8.csv
3493,0,0,0,Reader_1_9.csv
3493,3,1,2,Reader_2_1.csv
3493,0,0,0,Reader_2_10.csv
3493,0,0,0,Reader_2_11.csv
3493,1,1,0,Reader_2_12.csv
3493,0,0,0,Reader_2_2.csv
3493,1,0,1,Reader_2_3.csv
3493,0,0,0,Reader_2_4.csv
3493,0,0,0,Reader_2_5.csv
3493,0,0,0,Reader_2_6.csv
3493,0,0,0,Reader_2_7.csv
3493,1,1,0,Reader_2_8.csv
3493,0,0,0,Reader_2_9.csv
3493,4,4,0,reader_3_1.csv
3493,7,6,1,Reader_3_2.csv
3493,6,5,1,Reader_3_3.csv
3493,6,5,1,Reader_3_4.csv
3493,1,0,1,Reader_3_5.csv
3493,0,0,0,Reader_3_6.csv
3493,0,0,0,Reader_3_7.csv
3494,3,3,0,Reader_1_1.csv
3494,0,0,0,Reader_1_10.csv
3494,2,2,0,Reader_1_11.csv
3494,0,0,0,Reader_1_12.csv
3494,0,0,0,Reader_1_2.csv
3494,1,0,1,Reader_1_3.csv
3494,0,0,0,Reader_1_4.csv
3494,0,0,0,Reader_1_5.csv
3494,0,0,0,Reader_1_6.csv
3494,0,0,0,Reader_1_7.csv
3494,0,0,0,Reader_1_8.csv
3494,0,0,0,Reader_1_9.csv
3494,1,0,1,Reader_2_1.csv
3494,0,0,0,Reader_2_10.csv
3494,0,0,0,Reader_2_11.csv
3494,1,1,0,Reader_2_12.csv
3494,0,0,0,Reader_2_2.csv
3494,0,0,0,Reader_2_3.csv
3494,0,0,0,Reader_2_4.csv
3494,0,0,0,Reader_2_5.csv
3494,0,0,0,Reader_2_6.csv
3494,0,0,0,Reader_2_7.csv
3494,1,1,0,Reader_2_8.csv
3494,0,0,0,Reader_2_9.csv
3494,4,4,0,reader_3_1.csv
3494,6,5,1,Reader_3_2.csv
3494,8,7,1,Reader_3_3.csv
3494,8,7,1,Reader_3_4.csv
3494,2,1,1,Reader_3_5.csv
3494,0,0,0,Reader_3_6.csv
3494,0,0,0,Reader_3_7.csv
3495,4,4,0,Reader_1_1.csv
3495,0,0,0,Reader_1_10.csv
3495,3,2,1,Reader_1_11.csv
3495,0,0,0,Reader_1_12.csv
3495,0,0,0,Reader_1_2.csv
3495,1,0,1,Reader_1_3.csv
3495,0,0,0,Reader_1_4.csv
3495,0,0,0,Reader_1_5.csv
3495,0,0,0,Reader_1_6.csv
3495,0,0,0,Reader_1_7.csv
3495,0,0,0,Reader_1_8.csv
3495,0,0,0,Reader_1_9.csv
3495,1,0,1,Reader_2_1.csv
3495,0,0,0,Reader_2_10.csv
3495,0,0,0,Reader_2_11.csv
3495,1,1,0,Reader_2_12.csv
3495,0,0,0,Reader_2_2.csv
3495,0,0,0,Reader_2_3.csv
3495,0,0,0,Reader_2_4.csv
3495,0,0,0,Reader_2_5.csv
3495,0,0,0,Reader_2_6.csv
3495,0,0,0,Reader_2_7.csv
3495,1,1,0,Reader_2_8.csv
3495,0,0,0,Reader_2_9.csv
3495,4,4,0,reader_3_1.csv
3495,6,5,1,Reader_3_2.csv
3495,8,7,1,Reader_3_3.csv
3495,8,7,1,Reader_3_4.csv
3495,2,1,1,Reader_3_5.csv
3495,1,1,0,Reader_3_6.csv
3495,0,0,0,Reader_3_7.csv
3496,4,4,0,Reader_1_1.csv
3496,0,0,0,Reader_1_10.csv
3496,4,2,2,Reader_1_11.csv
3496,0,0,0,Reader_1_12.csv
3496,0,0,0,Reader_1_2.csv
3496,3,1,2,Reader_1_3.csv
3496,0,0,0,Reader_1_4.csv
3496,0,0,0,Reader_1_5.csv
3496,0,0,0,Reader_1_6.csv
3496,0,0,0,Reader_1_7.csv
3496,0,0,0,Reader_1_8.csv
3496,0,0,0,Reader_1_9.csv
3496,1,0,1,Reader_2_1.csv
3496,0,0,0,Reader_2_10.csv
3496,0,0,0,Reader_2_11.csv
3496,2,2,0,Reader_2_12.csv
3496,1,0,1,Reader_2_2.csv
3496,0,0,0,Reader_2_3.csv
3496,0,0,0,Reader_2_4.csv
3496,0,0,0,Reader_2_5.csv
3496,0,0,0,Reader_2_6.csv
3496,0,0,0,Reader_2_7.csv
3496,1,1,0,Reader_2_8.csv
3496,0,0,0,Reader_2_9.csv
3496,4,4,0,reader_3_1.csv
3496,5,4,1,Reader_3_2.csv
3496,10,8,2,Reader_3_3.csv
3496,10,8,2,Reader_3_4.csv
3496,3,2,1,Reader_3_5.csv
3496,2,2,0,Reader_3_6.csv
3496,0,0,0,Reader_3_7.csv
3497,4,4,0,Reader_1_1.csv
3497,0,0,0,Reader_1_10.csv
3497,4,2,2,Reader_1_11.csv
3497,0,0,0,Reader_1_12.csv
3497,0,0,0,Reader_1_2.csv
3497,3,1,2,Reader_1_3.csv
3497,0,0,0,Reader_1_4.csv
3497,0,0,0,Reader_1_5.csv
3497,0,0,0,Reader_1_6.csv
3497,0,0,0,Reader_1_7.csv
3497,0,0,0,Reader_1_8.csv
3497,0,0,0,Reader_1_9.csv
3497,1,0,1,Reader_2_1.csv
3497,0,0,0,Reader_2_10.csv
3497,0,0,0,Reader_2_11.csv
3497,2,2,0,Reader_2_12.csv
3497,1,0,1,Reader_2_2.csv
3497,0,0,0,Reader_2_3.csv
3497,0,0,0,Reader_2_4.csv
3497,0,0,0,Reader_2_5.csv
3497,0,0,0,Reader_2_6.csv
3497,0,0,0,Reader_2_7.csv
3497,1,1,0,Reader_2_8.csv
3497,0,0,0,Reader_2_9.csv
3497,3,3,0,reader_3_1.csv
3497,4,4,0,Reader_3_2.csv
3497,8,7,1,Reader_3_3.csv
3497,8,7,1,Reader_3_4.csv
3497,3,2,1,Reader_3_5.csv
3497,2,2,0,Reader_3_6.csv
3497,0,0,0,Reader_3_7.csv
3498,3,3,0,Reader_1_1.csv
3498,0,0,0,Reader_1_10.csv
3498,6,2,4,Reader_1_11.csv
3498,0,0,0,Reader_1_12.csv
3498,0,0,0,Reader_1_2.csv
3498,3,1,2,Reader_1_3.csv
3498,0,0,0,Reader_1_4.csv
3498,0,0,0,Reader_1_5.csv
3498,0,0,0,Reader_1_6.csv
3498,0,0,0,Reader_1_7.csv
3498,0,0,0,Reader_1_8.csv
3498,2,2,0,Reader_1_9.csv
3498,1,0,1,Reader_2_1.csv
3498,0,0,0,Reader_2_10.csv
3498,0,0,0,Reader_2_11.csv
3498,2,2,0,Reader_2_12.csv
3498,1,0,1,Reader_2_2.csv
3498,0,0,0,Reader_2_3.csv
3498,0,0,0,Reader_2_4.csv
3498,0,0,0,Reader_2_5.csv
3498,0,0,0,Reader_2_6.csv
3498,0,0,0,Reader_2_7.csv
3498,1,1,0,Reader_2_8.csv
3498,0,0,0,Reader_2_9.csv
3498,3,2,1,reader_3_1.csv
3498,4,4,0,Reader_3_2.csv
3498,7,6,1,Reader_3_3.csv
3498,7,6,1,Reader_3_4.csv
3498,3,2,1,Reader_3_5.csv
3498,2,2,0,Reader_3_6.csv
3498,1,1,0,Reader_3_7.csv
3499,6,4,2,Reader_1_1.csv
3499,0,0,0,Reader_1_10.csv
3499,6,2,4,Reader_1_11.csv
3499,0,0,0,Reader_1_12.csv
3499,0,0,0,Reader_1_2.csv
3499,3,2,1,Reader_1_3.csv
3499,0,0,0,Reader_1_4.csv
3499,0,0,0,Reader_1_5.csv
3499,1,0,1,Reader_1_6.csv
3499,0,0,0,Reader_1_7.csv
3499,0,0,0,Reader_1_8.csv
3499,3,2,1,Reader_1_9.csv
3499,1,0,1,Reader_2_1.csv
3499,0,0,0,Reader_2_10.csv
3499,0,0,0,Reader_2_11.csv
3499,1,1,0,Reader_2_12.csv
3499,1,0,1,Reader_2_2.csv
3499,0,0,0,Reader_2_3.csv
3499,0,0,0,Reader_2_4.csv
3499,0,0,0,Reader_2_5.csv
3499,0,0,0,Reader_2_6.csv
3499,0,0,0,Reader_2_7.csv
3499,1,1,0,Reader_2_8.csv
3499,0,0,0,Reader_2_9.csv
3499,7,6,1,reader_3_1.csv
3499,4,4,0,Reader_3_2.csv
3499,7,6,1,Reader_3_3.csv
3499,7,6,1,Reader_3_4.csv
3499,3,2,1,Reader_3_5.csv
3499,2,2,0,Reader_3_6.csv
3499,1,1,0,Reader_3_7.csv
3500,5,3,2,Reader_1_1.csv
3500,0,0,0,Reader_1_10.csv
3500,5,1,4,Reader_1_11.csv
3500,0,0,0,Reader_1_12.csv
3500,0,0,0,Reader_1_2.csv
3500,3,2,1,Reader_1_3.csv
3500,0,0,0,Reader_1_4.csv
3500,0,0,0,Reader_1_5.csv
3500,1,0,1,Reader_1_6.csv
3500,0,0,0,Reader_1_7.csv
3500,0,0,0,Reader_1_8.csv
3500,3,2,1,Reader_1_9.csv
3500,2,1,1,Reader_2_1.csv
3500,0,0,0,Reader_2_10.csv
3500,0,0,0,Reader_2_11.csv
3500,1,1,0,Reader_2_12.csv
3500,1,0,1,Reader_2_2.csv
3500,0,0,0,Reader_2_3.csv
3500,0,0,0,Reader_2_4.csv
3500,0,0,0,Reader_2_5.csv
3500,0,0,0,Reader_2_6.csv
3500,0,0,0,Reader_2_7.csv
3500,0,0,0,Reader_2_8.csv
3500,0,0,0,Reader_2_9.csv
3500,8,7,1,reader_3_1.csv
3500,3,3,0,Reader_3_2.csv
3500,7,6,1,Reader_3_3.csv
3500,7,6,1,Reader_3_4.csv
3500,4,4,0,Reader_3_5.csv
3500,3,3,0,Reader_3_6.csv
3500,1,1,0,Reader_3_7.csv
3501,4,2,2,Reader_1_1.csv
3501,0,0,0,Reader_1_10.csv
3501,6,2,4,Reader_1_11.csv
3501,0,0,0,Reader_1_12.csv
3501,0,0,0,Reader_1_2.csv
3501,4,2,2,Reader_1_3.csv
3501,0,0,0,Reader_1_4.csv
3501,0,0,0,Reader_1_5.csv
3501,2,1,1,Reader_1_6.csv
3501,0,0,0,Reader_1_7.csv
3501,0,0,0,Reader_1_8.csv
3501,3,2,1,Reader_1_9.csv
3501,1,1,0,Reader_2_1.csv
3501,0,0,0,Reader_2_10.csv
3501,0,0,0,Reader_2_11.csv
3501,1,1,0,Reader_2_12.csv
3501,1,0,1,Reader_2_2.csv
3501,0,0,0,Reader_2_3.csv
3501,0,0,0,Reader_2_4.csv
3501,0,0,0,Reader_2_5.csv
3501,0,0,0,Reader_2_6.csv
3501,0,0,0,Reader_2_7.csv
3501,0,0,0,Reader_2_8.csv
3501,0,0,0,Reader_2_9.csv
3501,7,6,1,reader_3_1.csv
3501,4,4,0,Reader_3_2.csv
3501,7,6,1,Reader_3_3.csv
3501,7,6,1,Reader_3_4.csv
3501,4,4,0,Reader_3_5.csv
3501,3,3,0,Reader_3_6.csv
3501,1,1,0,Reader_3_7.csv
3502,7,5,2,Reader_1_1.csv
3502,0,0,0,Reader_1_10.csv
3502,6,2,4,Reader_1_11.csv
3502,0,0,0,Reader_1_12.csv
3502,0,0,0,Reader_1_2.csv
3502,5,3,2,Reader_1_3.csv
3502,0,0,0,Reader_1_4.csv
3502,0,0,0,Reader_1_5.csv
3502,2,1,1,Reader_1_6.csv
3502,0,0,0,Reader_1_7.csv
3502,0,0,0,Reader_1_8.csv
3502,4,3,1,Reader_1_9.csv
3502,1,1,0,Reader_2_1.csv
3502,0,0,0,Reader_2_10.csv
3502,0,0,0,Reader_2_11.csv
3502,1,1,0,Reader_2_12.csv
3502,1,0,1,Reader_2_2.csv
3502,0,0,0,Reader_2_3.csv
3502,0,0,0,Reader_2_4.csv
3502,0,0,0,Reader_2_5.csv
3502,0,0,0,Reader_2_6.csv
3502,0,0,0,Reader_2_7.csv
3502,0,0,0,Reader_2_8.csv
3502,0,0,0,Reader_2_9.csv
3502,7,6,1,reader_3_1.csv
3502,5,5,0,Reader_3_2.csv
3502,6,5,1,Reader_3_3.csv
3502,6,5,1,Reader_3_4.csv
3502,3,3,0,Reader_3_5.csv
3502,3,3,0,Reader_3_6.csv
3502,2,2,0,Reader_3_7.csv
3503,7,5,2,Reader_1_1.csv
3503,0,0,0,Reader_1_10.csv
3503,5,2,3,Reader_1_11.csv
3503,0,0,0,Reader_1_12.csv
3503,0,0,0,Reader_1_2.csv
3503,5,3,2,Reader_1_3.csv
3503,0,0,0,Reader_1_4.csv
3503,0,0,0,Reader_1_5.csv
3503,2,1,1,Reader_1_6.csv
3503,1,0,1,Reader_1_7.csv
3503,0,0,0,Reader_1_8.csv
3503,4,3,1,Reader_1_9.csv
3503,1,1,0,Reader_2_1.csv
3503,0,0,0,Reader_2_10.csv
3503,0,0,0,Reader_2_11.csv
3503,1,1,0,Reader_2_12.csv
3503,1,0,1,Reader_2_2.csv
3503,0,0,0,Reader_2_3.csv
3503,0,0,0,Reader_2_4.csv
3503,0,0,0,Reader_2_5.csv
3503,0,0,0,Reader_2_6.csv
3503,0,0,0,Reader_2_7.csv
3503,0,0,0,Reader_2_8.csv
3503,0,0,0,Reader_2_9.csv
3503,6,5,1,reader_3_1.csv
3503,4,4,0,Reader_3_2.csv
3503,6,5,1,Reader_3_3.csv
3503,6,5,1,Reader_3_4.csv
3503,3,3,0,Reader_3_5.csv
3503,2,2,0,Reader_3_6.csv
3503,2,2,0,Reader_3_7.csv
3504,7,5,2,Reader_1_1.csv
3504,0,0,0,Reader_1_10.csv
3504,5,2,3,Reader_1_11.csv
3504,0,0,0,Reader_1_12.csv
3504,0,0,0,Reader_1_2.csv
3504,3,2,1,Reader_1_3.csv
3504,0,0,0,Reader_1_4.csv
3504,0,0,0,Reader_1_5.csv
3504,2,1,1,Reader_1_6.csv
3504,1,0,1,Reader_1_7.csv
3504,0,0,0,Reader_1_8.csv
3504,4,3,1,Reader_1_9.csv
3504,1,1,0,Reader_2_1.csv
3504,0,0,0,Reader_2_10.csv
3504,0,0,0,Reader_2_11.csv
3504,0,0,0,Reader_2_12.csv
3504,0,0,0,Reader_2_2.csv
3504,0,0,0,Reader_2_3.csv
3504,0,0,0,Reader_2_4.csv
3504,0,0,0,Reader_2_5.csv
3504,0,0,0,Reader_2_6.csv
3504,0,0,0,Reader_2_7.csv
3504,0,0,0,Reader_2_8.csv
3504,0,0,0,Reader_2_9.csv
3504,10,9,1,reader_3_1.csv
3504,3,3,0,Reader_3_2.csv
3504,4,4,0,Reader_3_3.csv
3504,4,4,0,Reader_3_4.csv
3504,2,2,0,Reader_3_5.csv
3504,2,2,0,Reader_3_6.csv
3504,3,3,0,Reader_3_7.csv
3505,8,6,2,Reader_1_1.csv
3505,0,0,0,Reader_1_10.csv
3505,4,1,3,Reader_1_11.csv
3505,0,0,0,Reader_1_12.csv
3505,0,0,0,Reader_1_2.csv
3505,3,2,1,Reader_1_3.csv
3505,0,0,0,Reader_1_4.csv
3505,0,0,0,Reader_1_5.csv
3505,2,1,1,Reader_1_6.csv
3505,1,0,1,Reader_1_7.csv
3505,0,0,0,Reader_1_8.csv
3505,4,3,1,Reader_1_9.csv
3505,1,1,0,Reader_2_1.csv
3505,0,0,0,Reader_2_10.csv
3505,0,0,0,Reader_2_11.csv
3505,0,0,0,Reader_2_12.csv
3505,0,0,0,Reader_2_2.csv
3505,0,0,0,Reader_2_3.csv
3505,0,0,0,Reader_2_4.csv
3505,0,0,0,Reader_2_5.csv
3505,0,0,0,Reader_2_6.csv
3505,0,0,0,Reader_2_7.csv
3505,0,0,0,Reader_2_8.csv
3505,0,0,0,Reader_2_9.csv
3505,10,9,1,reader_3_1.csv
3505,2,2,0,Reader_3_2.csv
3505,6,5,1,Reader_3_3.csv
3505,6,5,1,Reader_3_4.csv
3505,2,2,0,Reader_3_5.csv
3505,2,2,0,Reader_3_6.csv
3505,3,3,0,Reader_3_7.csv
3506,10,7,3,Reader_1_1.csv
3506,0,0,0,Reader_1_10.csv
3506,3,2,1,Reader_1_11.csv
3506,0,0,0,Reader_1_12.csv
3506,0,0,0,Reader_1_2.csv
3506,5,4,1,Reader_1_3.csv
3506,0,0,0,Reader_1_4.csv
3506,0,0,0,Reader_1_5.csv
3506,2,1,1,Reader_1_6.csv
3506,2,1,1,Reader_1_7.csv
3506,0,0,0,Reader_1_8.csv
3506,2,1,1,Reader_1_9.csv
3506,1,1,0,Reader_2_1.csv
3506,0,0,0,Reader_2_10.csv
3506,0,0,0,Reader_2_11.csv
3506,0,0,0,Reader_2_12.csv
3506,0,0,0,Reader_2_2.csv
3506,0,0,0,Reader_2_3.csv
3506,0,0,0,Reader_2_4.csv
3506,0,0,0,Reader_2_5.csv
3506,0,0,0,Reader_2_6.csv
3506,0,0,0,Reader_2_7.csv
3506,0,0,0,Reader_2_8.csv
3506,0,0,0,Reader_2_9.csv
3506,10,10,0,reader_3_1.csv
3506,3,2,1,Reader_3_2.csv
3506,5,4,1,Reader_3_3.csv
3506,5,4,1,Reader_3_4.csv
3506,2,2,0,Reader_3_5.csv
3506,4,4,0,Reader_3_6.csv
3506,2,2,0,Reader_3_7.csv
3507,9,8,1,Reader_1_1.csv
3507,0,0,0,Reader_1_10.csv
3507,5,2,3,Reader_1_11.csv
3507,0,0,0,Reader_1_12.csv
3507,0,0,0,Reader_1_2.csv
3507,4,3,1,Reader_1_3.csv
3507,0,0,0,Reader_1_4.csv
3507,0,0,0,Reader_1_5.csv
3507,1,1,0,Reader_1_6.csv
3507,2,1,1,Reader_1_7.csv
3507,0,0,0,Reader_1_8.csv
3507,1,1,0,Reader_1_9.csv
3507,1,1,0,Reader_2_1.csv
3507,0,0,0,Reader_2_10.csv
3507,0,0,0,Reader_2_11.csv
3507,0,0,0,Reader_2_12.csv
3507,0,0,0,Reader_2_2.csv
3507,0,0,0,Reader_2_3.csv
3507,0,0,0,Reader_2_4.csv
3507,0,0,0,Reader_2_5.csv
3507,0,0,0,Reader_2_6.csv
3507,0,0,0,Reader_2_7.csv
3507,0,0,0,Reader_2_8.csv
3507,0,0,0,Reader_2_9.csv
3507,8,8,0,reader_3_1.csv
3507,5,4,1,Reader_3_2.csv
3507,5,4,1,Reader_3_3.csv
3507,5,4,1,Reader_3_4.csv
3507,3,3,0,Reader_3_5.csv
3507,4,4,0,Reader_3_6.csv
3507,2,2,0,Reader_3_7.csv
3508,12,10,2,Reader_1_1.csv
3508,0,0,0,Reader_1_10.csv
3508,5,2,3,Reader_1_11.csv
3508,0,0,0,Reader_1_12.csv
3508,0,0,0,Reader_1_2.csv
3508,4,3,1,Reader_1_3.csv
3508,0,0,0,Reader_1_4.csv
3508,0,0,0,Reader_1_5.csv
3508,1,1,0,Reader_1_6.csv
3508,2,1,1,Reader_1_7.csv
3508,0,0,0,Reader_1_8.csv
3508,1,1,0,Reader_1_9.csv
3508,0,0,0,Reader_2_1.csv
3508,0,0,0,Reader_2_10.csv
3508,0,0,0,Reader_2_11.csv
3508,0,0,0,Reader_2_12.csv
3508,0,0,0,Reader_2_2.csv
3508,0,0,0,Reader_2_3.csv
3508,0,0,0,Reader_2_4.csv
3508,0,0,0,Reader_2_5.csv
3508,1,1,0,Reader_2_6.csv
3508,0,0,0,Reader_2_7.csv
3508,0,0,0,Reader_2_8.csv
3508,0,0,0,Reader_2_9.csv
3508,9,9,0,reader_3_1.csv
3508,7,6,1,Reader_3_2.csv
3508,5,4,1,Reader_3_3.csv
3508,5,4,1,Reader_3_4.csv
3508,1,1,0,Reader_3_5.csv
3508,3,3,0,Reader_3_6.csv
3508,2,2,0,Reader_3_7.csv
3509,14,12,2,Reader_1_1.csv
3509,0,0,0,Reader_1_10.csv
3509,4,1,3,Reader_1_11.csv
3509,0,0,0,Reader_1_12.csv
3509,0,0,0,Reader_1_2.csv
3509,4,4,0,Reader_1_3.csv
3509,0,0,0,Reader_1_4.csv
3509,0,0,0,Reader_1_5.csv
3509,0,0,0,Reader_1_6.csv
3509,2,1,1,Reader_1_7.csv
3509,0,0,0,Reader_1_8.csv
3509,1,1,0,Reader_1_9.csv
3509,0,0,0,Reader_2_1.csv
3509,0,0,0,Reader_2_10.csv
3509,0,0,0,Reader_2_11.csv
3509,1,1,0,Reader_2_12.csv
3509,0,0,0,Reader_2_2.csv
3509,0,0,0,Reader_2_3.csv
3509,0,0,0,Reader_2_4.csv
3509,0,0,0,Reader_2_5.csv
3509,1,1,0,Reader_2_6.csv
3509,0,0,0,Reader_2_7.csv
3509,0,0,0,Reader_2_8.csv
3509,0,0,0,Reader_2_9.csv
3509,10,10,0,reader_3_1.csv
3509,8,7,1,Reader_3_2.csv
3509,5,4,1,Reader_3_3.csv
3509,5,4,1,Reader_3_4.csv
3509,2,2,0,Reader_3_5.csv
3509,3,3,0,Reader_3_6.csv
3509,3,2,1,Reader_3_7.csv
3510,13,11,2,Reader_1_1.csv
3510,0,0,0,Reader_1_10.csv
3510,4,1,3,Reader_1_11.csv
3510,0,0,0,Reader_1_12.csv
3510,0,0,0,Reader_1_2.csv
3510,4,4,0,Reader_1_3.csv
3510,0,0,0,Reader_1_4.csv
3510,0,0,0,Reader_1_5.csv
3510,0,0,0,Reader_1_6.csv
3510,2,1,1,Reader_1_7.csv
3510,0,0,0,Reader_1_8.csv
3510,0,0,0,Reader_1_9.csv
3510,0,0,0,Reader_2_1.csv
3510,0,0,0,Reader_2_10.csv
3510,0,0,0,Reader_2_11.csv
3510,1,1,0,Reader_2_12.csv
3510,0,0,0,Reader_2_2.csv
3510,0,0,0,Reader_2_3.csv
3510,0,0,0,Reader_2_4.csv
3510,0,0,0,Reader_2_5.csv
3510,1,1,0,Reader_2_6.csv
3510,0,0,0,Reader_2_7.csv
3510,0,0,0,Reader_2_8.csv
3510,0,0,0,Reader_2_9.csv
3510,11,11,0,reader_3_1.csv
3510,8,7,1,Reader_3_2.csv
3510,5,4,1,Reader_3_3.csv
3510,5,4,1,Reader_3_4.csv
3510,3,2,1,Reader_3_5.csv
3510,3,3,0,Reader_3_6.csv
3510,3,2,1,Reader_3_7.csv
3511,15,12,3,Reader_1_1.csv
3511,0,0,0,Reader_1_10.csv
3511,4,1,3,Reader_1_11.csv
3511,0,0,0,Reader_1_12.csv
3511,0,0,0,Reader_1_2.csv
3511,4,4,0,Reader_1_3.csv
3511,0,0,0,Reader_1_4.csv
3511,0,0,0,Reader_1_5.csv
3511,0,0,0,Reader_1_6.csv
3511,1,1,0,Reader_1_7.csv
3511,0,0,0,Reader_1_8.csv
3511,0,0,0,Reader_1_9.csv
3511,0,0,0,Reader_2_1.csv
3511,0,0,0,Reader_2_10.csv
3511,0,0,0,Reader_2_11.csv
3511,1,1,0,Reader_2_12.csv
3511,0,0,0,Reader_2_2.csv
3511,0,0,0,Reader_2_3.csv
3511,0,0,0,Reader_2_4.csv
3511,0,0,0,Reader_2_5.csv
3511,1,1,0,Reader_2_6.csv
3511,0,0,0,Reader_2_7.csv
3511,0,0,0,Reader_2_8.csv
3511,0,0,0,Reader_2_9.csv
3511,12,12,0,reader_3_1.csv
3511,8,7,1,Reader_3_2.csv
3511,5,4,1,Reader_3_3.csv
3511,5,4,1,Reader_3_4.csv
3511,3,2,1,Reader_3_5.csv
3511,3,3,0,Reader_3_6.csv
3511,3,2,1,Reader_3_7.csv
3512,16,13,3,Reader_1_1.csv
3512,0,0,0,Reader_1_10.csv
3512,3,1,2,Reader_1_11.csv
3512,0,0,0,Reader_1_12.csv
3512,0,0,0,Reader_1_2.csv
3512,5,5,0,Reader_1_3.csv
3512,0,0,0,Reader_1_4.csv
3512,0,0,0,Reader_1_5.csv
3512,0,0,0,Reader_1_6.csv
3512,1,1,0,Reader_1_7.csv
3512,0,0,0,Reader_1_8.csv
3512,0,0,0,Reader_1_9.csv
3512,0,0,0,Reader_2_1.csv
3512,0,0,0,Reader_2_10.csv
3512,0,0,0,Reader_2_11.csv
3512,1,1,0,Reader_2_12.csv
3512,0,0,0,Reader_2_2.csv
3512,0,0,0,Reader_2_3.csv
3512,0,0,0,Reader_2_4.csv
3512,0,0,0,Reader_2_5.csv
3512,1,1,0,Reader_2_6.csv
3512,0,0,0,Reader_2_7.csv
3512,0,0,0,Reader_2_8.csv
3512,0,0,0,Reader_2_9.csv
3512,9,9,0,reader_3_1.csv
3512,8,7,1,Reader_3_2.csv
3512,6,5,1,Reader_3_3.csv
3512,6,5,1,Reader_3_4.csv
3512,3,2,1,Reader_3_5.csv
3512,2,2,0,Reader_3_6.csv
3512,2,1,1,Reader_3_7.csv
3513,15,12,3,Reader_1_1.csv
3513,0,0,0,Reader_1_10.csv
3513,3,1,2,Reader_1_11.csv
3513,0,0,0,Reader_1_12.csv
3513,0,0,0,Reader_1_2.csv
3513,5,5,0,Reader_1_3.csv
3513,0,0,0,Reader_1_4.csv
3513,0,0,0,Reader_1_5.csv
3513,0,0,0,Reader_1_6.csv
3513,1,1,0,Reader_1_7.csv
3513,0,0,0,Reader_1_8.csv
3513,0,0,0,Reader_1_9.csv
3513,0,0,0,Reader_2_1.csv
3513,0,0,0,Reader_2_10.csv
3513,0,0,0,Reader_2_11.csv
3513,1,1,0,Reader_2_12.csv
3513,0,0,0,Reader_2_2.csv
3513,0,0,0,Reader_2_3.csv
3513,0,0,0,Reader_2_4.csv
3513,0,0,0,Reader_2_5.csv
3513,1,1,0,Reader_2_6.csv
3513,0,0,0,Reader_2_7.csv
3513,0,0,0,Reader_2_8.csv
3513,0,0,0,Reader_2_9.csv
3513,9,9,0,reader_3_1.csv
3513,9,8,1,Reader_3_2.csv
3513,4,4,0,Reader_3_3.csv
3513,4,4,0,Reader_3_4.csv
3513,3,2,1,Reader_3_5.csv
3513,2,2,0,Reader_3_6.csv
3513,2,1,1,Reader_3_7.csv
3514,13,11,2,Reader_1_1.csv
3514,1,1,0,Reader_1_10.csv
3514,5,2,3,Reader_1_11.csv
3514,0,0,0,Reader_1_12.csv
3514,0,0,0,Reader_1_2.csv
3514,4,4,0,Reader_1_3.csv
3514,0,0,0,Reader_1_4.csv
3514,0,0,0,Reader_1_5.csv
3514,0,0,0,Reader_1_6.csv
3514,0,0,0,Reader_1_7.csv
3514,0,0,0,Reader_1_8.csv
3514,0,0,0,Reader_1_9.csv
3514,0,0,0,Reader_2_1.csv
3514,0,0,0,Reader_2_10.csv
3514,0,0,0,Reader_2_11.csv
3514,1,1,0,Reader_2_12.csv
3514,0,0,0,Reader_2_2.csv
3514,0,0,0,Reader_2_3.csv
3514,0,0,0,Reader_2_4.csv
3514,0,0,0,Reader_2_5.csv
3514,1,1,0,Reader_2_6.csv
3514,0,0,0,Reader_2_7.csv
3514,0,0,0,Reader_2_8.csv
3514,0,0,0,Reader_2_9.csv
3514,10,10,0,reader_3_1.csv
3514,8,8,0,Reader_3_2.csv
3514,5,5,0,Reader_3_3.csv
3514,5,5,0,Reader_3_4.csv
3514,4,3,1,Reader_3_5.csv
3514,0,0,0,Reader_3_6.csv
3514,2,1,1,Reader_3_7.csv
3515,14,12,2,Reader_1_1.csv
3515,1,1,0,Reader_1_10.csv
3515,3,2,1,Reader_1_11.csv
3515,0,0,0,Reader_1_12.csv
3515,0,0,0,Reader_1_2.csv
3515,4,4,0,Reader_1_3.csv
3515,0,0,0,Reader_1_4.csv
3515,0,0,0,Reader_1_5.csv
3515,0,0,0,Reader_1_6.csv
3515,0,0,0,Reader_1_7.csv
3515,0,0,0,Reader_1_8.csv
3515,0,0,0,Reader_1_9.csv
3515,0,0,0,Reader_2_1.csv
3515,0,0,0,Reader_2_10.csv
3515,0,0,0,Reader_2_11.csv
3515,1,1,0,Reader_2_12.csv
3515,0,0,0,Reader_2_2.csv
3515,0,0,0,Reader_2_3.csv
3515,0,0,0,Reader_2_4.csv
3515,0,0,0,Reader_2_5.csv
3515,1,1,0,Reader_2_6.csv
3515,0,0,0,Reader_2_7.csv
3515,0,0,0,Reader_2_8.csv
3515,0,0,0,Reader_2_9.csv
3515,9,9,0,reader_3_1.csv
3515,7,6,1,Reader_3_2.csv
3515,5,5,0,Reader_3_3.csv
3515,5,5,0,Reader_3_4.csv
3515,6,4,2,Reader_3_5.csv
3515,0,0,0,Reader_3_6.csv
3515,2,1,1,Reader_3_7.csv
3516,14,10,4,Reader_1_1.csv
3516,1,1,0,Reader_1_10.csv
3516,3,2,1,Reader_1_11.csv
3516,0,0,0,Reader_1_12.csv
3516,1,0,1,Reader_1_2.csv
3516,4,4,0,Reader_1_3.csv
3516,0,0,0,Reader_1_4.csv
3516,0,0,0,Reader_1_5.csv
3516,0,0,0,Reader_1_6.csv
3516,0,0,0,Reader_1_7.csv
3516,0,0,0,Reader_1_8.csv
3516,0,0,0,Reader_1_9.csv
3516,0,0,0,Reader_2_1.csv
3516,0,0,0,Reader_2_10.csv
3516,0,0,0,Reader_2_11.csv
3516,1,1,0,Reader_2_12.csv
3516,0,0,0,Reader_2_2.csv
3516,2,1,1,Reader_2_3.csv
3516,0,0,0,Reader_2_4.csv
3516,0,0,0,Reader_2_5.csv
3516,0,0,0,Reader_2_6.csv
3516,0,0,0,Reader_2_7.csv
3516,0,0,0,Reader_2_8.csv
3516,0,0,0,Reader_2_9.csv
3516,8,8,0,reader_3_1.csv
3516,6,5,1,Reader_3_2.csv
3516,4,4,0,Reader_3_3.csv
3516,4,4,0,Reader_3_4.csv
3516,7,5,2,Reader_3_5.csv
3516,0,0,0,Reader_3_6.csv
3516,2,1,1,Reader_3_7.csv
3517,13,9,4,Reader_1_1.csv
3517,1,1,0,Reader_1_10.csv
3517,3,2,1,Reader_1_11.csv
3517,0,0,0,Reader_1_12.csv
3517,2,0,2,Reader_1_2.csv
3517,3,3,0,Reader_1_3.csv
3517,0,0,0,Reader_1_4.csv
3517,0,0,0,Reader_1_5.csv
3517,0,0,0,Reader_1_6.csv
3517,0,0,0,Reader_1_7.csv
3517,1,0,1,Reader_1_8.csv
3517,0,0,0,Reader_1_9.csv
3517,0,0,0,Reader_2_1.csv
3517,0,0,0,Reader_2_10.csv
3517,0,0,0,Reader_2_11.csv
3517,0,0,0,Reader_2_12.csv
3517,0,0,0,Reader_2_2.csv
3517,2,1,1,Reader_2_3.csv
3517,0,0,0,Reader_2_4.csv
3517,0,0,0,Reader_2_5.csv
3517,0,0,0,Reader_2_6.csv
3517,0,0,0,Reader_2_7.csv
3517,0,0,0,Reader_2_8.csv
3517,0,0,0,Reader_2_9.csv
3517,9,8,1,reader_3_1.csv
3517,4,3,1,Reader_3_2.csv
3517,4,4,0,Reader_3_3.csv
3517,4,4,0,Reader_3_4.csv
3517,9,6,3,Reader_3_5.csv
3517,0,0,0,Reader_3_6.csv
3517,1,1,0,Reader_3_7.csv
3518,11,7,4,Reader_1_1.csv
3518,1,1,0,Reader_1_10.csv
3518,3,2,1,Reader_1_11.csv
3518,0,0,0,Reader_1_12.csv
3518,2,0,2,Reader_1_2.csv
3518,2,2,0,Reader_1_3.csv
3518,0,0,0,Reader_1_4.csv
3518,0,0,0,Reader_1_5.csv
3518,0,0,0,Reader_1_6.csv
3518,0,0,0,Reader_1_7.csv
3518,1,0,1,Reader_1_8.csv
3518,0,0,0,Reader_1_9.csv
3518,1,0,1,Reader_2_1.csv
3518,0,0,0,Reader_2_10.csv
3518,0,0,0,Reader_2_11.csv
3518,0,0,0,Reader_2_12.csv
3518,0,0,0,Reader_2_2.csv
3518,2,1,1,Reader_2_3.csv
3518,0,0,0,Reader_2_4.csv
3518,0,0,0,Reader_2_5.csv
3518,0,0,0,Reader_2_6.csv
3518,0,0,0,Reader_2_7.csv
3518,0,0,0,Reader_2_8.csv
3518,0,0,0,Reader_2_9.csv
3518,8,7,1,reader_3_1.csv
3518,5,3,2,Reader_3_2.csv
3518,3,3,0,Reader_3_3.csv
3518,3,3,0,Reader_3_4.csv
3518,8,6,2,Reader_3_5.csv
3518,0,0,0,Reader_3_6.csv
3518,0,0,0,Reader_3_7.csv
3519,8,5,3,Reader_1_1.csv
3519,1,1,0,Reader_1_10.csv
3519,3,2,1,Reader_1_11.csv
3519,0,0,0,Reader_1_12.csv
3519,2,0,2,Reader_1_2.csv
3519,2,2,0,Reader_1_3.csv
3519,0,0,0,Reader_1_4.csv
3519,0,0,0,Reader_1_5.csv
3519,0,0,0,Reader_1_6.csv
3519,0,0,0,Reader_1_7.csv
3519,1,0,1,Reader_1_8.csv
3519,0,0,0,Reader_1_9.csv
3519,1,0,1,Reader_2_1.csv
3519,0,0,0,Reader_2_10.csv
3519,0,0,0,Reader_2_11.csv
3519,0,0,0,Reader_2_12.csv
3519,1,1,0,Reader_2_2.csv
3519,2,1,1,Reader_2_3.csv
3519,0,0,0,Reader_2_4.csv
3519,0,0,0,Reader_2_5.csv
3519,0,0,0,Reader_2_6.csv
3519,0,0,0,Reader_2_7.csv
3519,0,0,0,Reader_2_8.csv
3519,0,0,0,Reader_2_9.csv
3519,8,7,1,reader_3_1.csv
3519,6,4,2,Reader_3_2.csv
3519,4,4,0,Reader_3_3.csv
3519,4,4,0,Reader_3_4.csv
3519,8,6,2,Reader_3_5.csv
3519,0,0,0,Reader_3_6.csv
3519,0,0,0,Reader_3_7.csv
3520,7,4,3,Reader_1_1.csv
3520,1,1,0,Reader_1_10.csv
3520,4,3,1,Reader_1_11.csv
3520,0,0,0,Reader_1_12.csv
3520,3,0,3,Reader_1_2.csv
3520,1,1,0,Reader_1_3.csv
3520,0,0,0,Reader_1_4.csv
3520,0,0,0,Reader_1_5.csv
3520,0,0,0,Reader_1_6.csv
3520,0,0,0,Reader_1_7.csv
3520,1,0,1,Reader_1_8.csv
3520,0,0,0,Reader_1_9.csv
3520,1,0,1,Reader_2_1.csv
3520,0,0,0,Reader_2_10.csv
3520,0,0,0,Reader_2_11.csv
3520,0,0,0,Reader_2_12.csv
3520,1,1,0,Reader_2_2.csv
3520,3,2,1,Reader_2_3.csv
3520,0,0,0,Reader_2_4.csv
3520,1,1,0,Reader_2_5.csv
3520,0,0,0,Reader_2_6.csv
3520,0,0,0,Reader_2_7.csv
3520,0,0,0,Reader_2_8.csv
3520,0,0,0,Reader_2_9.csv
3520,8,7,1,reader_3_1.csv
3520,7,5,2,Reader_3_2.csv
3520,4,4,0,Reader_3_3.csv
3520,4,4,0,Reader_3_4.csv
3520,8,6,2,Reader_3_5.csv
3520,0,0,0,Reader_3_6.csv
3520,1,1,0,Reader_3_7.csv
3521,10,6,4,Reader_1_1.csv
3521,1,1,0,Reader_1_10.csv
3521,4,3,1,Reader_1_11.csv
3521,0,0,0,Reader_1_12.csv
3521,3,0,3,Reader_1_2.csv
3521,1,1,0,Reader_1_3.csv
3521,0,0,0,Reader_1_4.csv
3521,0,0,0,Reader_1_5.csv
3521,0,0,0,Reader_1_6.csv
3521,0,0,0,Reader_1_7.csv
3521,1,0,1,Reader_1_8.csv
3521,0,0,0,Reader_1_9.csv
3521,2,0,2,Reader_2_1.csv
3521,0,0,0,Reader_2_10.csv
3521,0,0,0,Reader_2_11.csv
3521,0,0,0,Reader_2_12.csv
3521,1,1,0,Reader_2_2.csv
3521,3,2,1,Reader_2_3.csv
3521,0,0,0,Reader_2_4.csv
3521,1,1,0,Reader_2_5.csv
3521,0,0,0,Reader_2_6.csv
3521,0,0,0,Reader_2_7.csv
3521,0,0,0,Reader_2_8.csv
3521,0,0,0,Reader_2_9.csv
3521,8,7,1,reader_3_1.csv
3521,6,4,2,Reader_3_2.csv
3521,4,4,0,Reader_3_3.csv
3521,4,4,0,Reader_3_4.csv
3521,10,8,2,Reader_3_5.csv
3521,0,0,0,Reader_3_6.csv
3521,2,2,0,Reader_3_7.csv
3522,11,7,4,Reader_1_1.csv
3522,0,0,0,Reader_1_10.csv
3522,1,1,0,Reader_1_11.csv
3522,0,0,0,Reader_1_12.csv
3522,3,0,3,Reader_1_2.csv
3522,0,0,0,Reader_1_3.csv
3522,0,0,0,Reader_1_4.csv
3522,0,0,0,Reader_1_5.csv
3522,0,0,0,Reader_1_6.csv
3522,0,0,0,Reader_1_7.csv
3522,2,1,1,Reader_1_8.csv
3522,0,0,0,Reader_1_9.csv
3522,2,0,2,Reader_2_1.csv
3522,0,0,0,Reader_2_10.csv
3522,0,0,0,Reader_2_11.csv
3522,0,0,0,Reader_2_12.csv
3522,1,1,0,Reader_2_2.csv
3522,4,3,1,Reader_2_3.csv
3522,0,0,0,Reader_2_4.csv
3522,1,1,0,Reader_2_5.csv
3522,0,0,0,Reader_2_6.csv
3522,0,0,0,Reader_2_7.csv
3522,0,0,0,Reader_2_8.csv
3522,0,0,0,Reader_2_9.csv
3522,6,5,1,reader_3_1.csv
3522,7,4,3,Reader_3_2.csv
3522,3,3,0,Reader_3_3.csv
3522,3,3,0,Reader_3_4.csv
3522,10,8,2,Reader_3_5.csv
3522,0,0,0,Reader_3_6.csv
3522,2,2,0,Reader_3_7.csv
3523,10,6,4,Reader_1_1.csv
3523,0,0,0,Reader_1_10.csv
3523,2,2,0,Reader_1_11.csv
3523,0,0,0,Reader_1_12.csv
3523,3,0,3,Reader_1_2.csv
3523,0,0,0,Reader_1_3.csv
3523,0,0,0,Reader_1_4.csv
3523,0,0,0,Reader_1_5.csv
3523,1,1,0,Reader_1_6.csv
3523,0,0,0,Reader_1_7.csv
3523,2,1,1,Reader_1_8.csv
3523,0,0,0,Reader_1_9.csv
3523,2,0,2,Reader_2_1.csv
3523,0,0,0,Reader_2_10.csv
3523,0,0,0,Reader_2_11.csv
3523,0,0,0,Reader_2_12.csv
3523,1,1,0,Reader_2_2.csv
3523,4,3,1,Reader_2_3.csv
3523,0,0,0,Reader_2_4.csv
3523,1,1,0,Reader_2_5.csv
3523,0,0,0,Reader_2_6.csv
3523,0,0,0,Reader_2_7.csv
3523,0,0,0,Reader_2_8.csv
3523,0,0,0,Reader_2_9.csv
3523,5,4,1,reader_3_1.csv
3523,6,4,2,Reader_3_2.csv
3523,3,3,0,Reader_3_3.csv
3523,3,3,0,Reader_3_4.csv
3523,7,6,1,Reader_3_5.csv
3523,0,0,0,Reader_3_6.csv
3523,2,2,0,Reader_3_7.csv
3524,8,7,1,Reader_1_1.csv
3524,0,0,0,Reader_1_10.csv
3524,2,2,0,Reader_1_11.csv
3524,0,0,0,Reader_1_12.csv
3524,2,0,2,Reader_1_2.csv
3524,1,1,0,Reader_1_3.csv
3524,1,1,0,Reader_1_4.csv
3524,0,0,0,Reader_1_5.csv
3524,1,1,0,Reader_1_6.csv
3524,0,0,0,Reader_1_7.csv
3524,2,1,1,Reader_1_8.csv
3524,0,0,0,Reader_1_9.csv
3524,2,0,2,Reader_2_1.csv
3524,0,0,0,Reader_2_10.csv
3524,0,0,0,Reader_2_11.csv
3524,0,0,0,Reader_2_12.csv
3524,1,1,0,Reader_2_2.csv
3524,2,2,0,Reader_2_3.csv
3524,0,0,0,Reader_2_4.csv
3524,1,1,0,Reader_2_5.csv
3524,0,0,0,Reader_2_6.csv
3524,0,0,0,Reader_2_7.csv
3524,0,0,0,Reader_2_8.csv
3524,0,0,0,Reader_2_9.csv
3524,4,3,1,reader_3_1.csv
3524,5,3,2,Reader_3_2.csv
3524,5,5,0,Reader_3_3.csv
3524,5,5,0,Reader_3_4.csv
3524,6,5,1,Reader_3_5.csv
3524,0,0,0,Reader_3_6.csv
3524,4,3,1,Reader_3_7.csv
3525,8,7,1,Reader_1_1.csv
3525,2,2,0,Reader_1_10.csv
3525,2,2,0,Reader_1_11.csv
3525,0,0,0,Reader_1_12.csv
3525,1,0,1,Reader_1_2.csv
3525,1,1,0,Reader_1_3.csv
3525,1,1,0,Reader_1_4.csv
3525,0,0,0,Reader_1_5.csv
3525,1,1,0,Reader_1_6.csv
3525,0,0,0,Reader_1_7.csv
3525,1,1,0,Reader_1_8.csv
3525,0,0,0,Reader_1_9.csv
3525,2,0,2,Reader_2_1.csv
3525,0,0,0,Reader_2_10.csv
3525,0,0,0,Reader_2_11.csv
3525,0,0,0,Reader_2_12.csv
3525,1,1,0,Reader_2_2.csv
3525,3,2,1,Reader_2_3.csv
3525,0,0,0,Reader_2_4.csv
3525,1,1,0,Reader_2_5.csv
3525,1,1,0,Reader_2_6.csv
3525,0,0,0,Reader_2_7.csv
3525,0,0,0,Reader_2_8.csv
3525,0,0,0,Reader_2_9.csv
3525,3,3,0,reader_3_1.csv
3525,5,3,2,Reader_3_2.csv
3525,4,4,0,Reader_3_3.csv
3525,4,4,0,Reader_3_4.csv
3525,4,4,0,Reader_3_5.csv
3525,0,0,0,Reader_3_6.csv
3525,4,3,1,Reader_3_7.csv
3526,11,10,1,Reader_1_1.csv
3526,2,2,0,Reader_1_10.csv
3526,2,2,0,Reader_1_11.csv
3526,0,0,0,Reader_1_12.csv
3526,3,0,3,Reader_1_2.csv
3526,2,1,1,Reader_1_3.csv
3526,1,1,0,Reader_1_4.csv
3526,0,0,0,Reader_1_5.csv
3526,1,1,0,Reader_1_6.csv
3526,0,0,0,Reader_1_7.csv
3526,1,1,0,Reader_1_8.csv
3526,0,0,0,Reader_1_9.csv
3526,1,0,1,Reader_2_1.csv
3526,0,0,0,Reader_2_10.csv
3526,0,0,0,Reader_2_11.csv
3526,1,1,0,Reader_2_12.csv
3526,1,1,0,Reader_2_2.csv
3526,3,2,1,Reader_2_3.csv
3526,0,0,0,Reader_2_4.csv
3526,1,1,0,Reader_2_5.csv
3526,1,1,0,Reader_2_6.csv
3526,0,0,0,Reader_2_7.csv
3526,0,0,0,Reader_2_8.csv
3526,0,0,0,Reader_2_9.csv
3526,3,3,0,reader_3_1.csv
3526,4,2,2,Reader_3_2.csv
3526,4,4,0,Reader_3_3.csv
3526,4,4,0,Reader_3_4.csv
3526,5,5,0,Reader_3_5.csv
3526,0,0,0,Reader_3_6.csv
3526,4,3,1,Reader_3_7.csv
3527,16,14,2,Reader_1_1.csv
3527,2,2,0,Reader_1_10.csv
3527,2,2,0,Reader_1_11.csv
3527,0,0,0,Reader_1_12.csv
3527,4,1,3,Reader_1_2.csv
3527,3,2,1,Reader_1_3.csv
3527,1,1,0,Reader_1_4.csv
3527,0,0,0,Reader_1_5.csv
3527,1,1,0,Reader_1_6.csv
3527,0,0,0,Reader_1_7.csv
3527,1,1,0,Reader_1_8.csv
3527,0,0,0,Reader_1_9.csv
3527,1,0,1,Reader_2_1.csv
3527,0,0,0,Reader_2_10.csv
3527,0,0,0,Reader_2_11.csv
3527,1,1,0,Reader_2_12.csv
3527,0,0,0,Reader_2_2.csv
3527,3,2,1,Reader_2_3.csv
3527,0,0,0,Reader_2_4.csv
3527,1,1,0,Reader_2_5.csv
3527,1,1,0,Reader_2_6.csv
3527,0,0,0,Reader_2_7.csv
3527,0,0,0,Reader_2_8.csv
3527,0,0,0,Reader_2_9.csv
3527,3,2,1,reader_3_1.csv
3527,3,1,2,Reader_3_2.csv
3527,5,5,0,Reader_3_3.csv
3527,5,5,0,Reader_3_4.csv
3527,5,5,0,Reader_3_5.csv
3527,0,0,0,Reader_3_6.csv
3527,4,3,1,Reader_3_7.csv
3528,17,15,2,Reader_1_1.csv
3528,2,2,0,Reader_1_10.csv
3528,1,1,0,Reader_1_11.csv
3528,1,1,0,Reader_1_12.csv
3528,3,1,2,Reader_1_2.csv
3528,4,2,2,Reader_1_3.csv
3528,1,1,0,Reader_1_4.csv
3528,0,0,0,Reader_1_5.csv
3528,1,1,0,Reader_1_6.csv
3528,0,0,0,Reader_1_7.csv
3528,1,1,0,Reader_1_8.csv
3528,1,1,0,Reader_1_9.csv
3528,2,1,1,Reader_2_1.csv
3528,0,0,0,Reader_2_10.csv
3528,0,0,0,Reader_2_11.csv
3528,1,1,0,Reader_2_12.csv
3528,0,0,0,Reader_2_2.csv
3528,2,1,1,Reader_2_3.csv
3528,0,0,0,Reader_2_4.csv
3528,0,0,0,Reader_2_5.csv
3528,1,1,0,Reader_2_6.csv
3528,1,0,1,Reader_2_7.csv
3528,0,0,0,Reader_2_8.csv
3528,0,0,0,Reader_2_9.csv
3528,3,2,1,reader_3_1.csv
3528,2,0,2,Reader_3_2.csv
3528,4,4,0,Reader_3_3.csv
3528,4,4,0,Reader_3_4.csv
3528,7,7,0,Reader_3_5.csv
3528,0,0,0,Reader_3_6.csv
3528,3,2,1,Reader_3_7.csv
3529,15,14,1,Reader_1_1.csv
3529,2,2,0,Reader_1_10.csv
3529,3,2,1,Reader_1_11.csv
3529,1,1,0,Reader_1_12.csv
3529,3,1,2,Reader_1_2.csv
3529,4,2,2,Reader_1_3.csv
3529,1,1,0,Reader_1_4.csv
3529,0,0,0,Reader_1_5.csv
3529,1,1,0,Reader_1_6.csv
3529,1,1,0,Reader_1_7.csv
3529,1,1,0,Reader_1_8.csv
3529,1,1,0,Reader_1_9.csv
3529,1,1,0,Reader_2_1.csv
3529,0,0,0,Reader_2_10.csv
3529,0,0,0,Reader_2_11.csv
3529,1,1,0,Reader_2_12.csv
3529,0,0,0,Reader_2_2.csv
3529,2,1,1,Reader_2_3.csv
3529,0,0,0,Reader_2_4.csv
3529,1,1,0,Reader_2_5.csv
3529,1,1,0,Reader_2_6.csv
3529,1,0,1,Reader_2_7.csv
3529,0,0,0,Reader_2_8.csv
3529,0,0,0,Reader_2_9.csv
3529,4,2,2,reader_3_1.csv
3529,2,0,2,Reader_3_2.csv
3529,8,8,0,Reader_3_3.csv
3529,8,8,0,Reader_3_4.csv
3529,5,5,0,Reader_3_5.csv
3529,0,0,0,Reader_3_6.csv
3529,2,1,1,Reader_3_7.csv
3530,15,14,1,Reader_1_1.csv
3530,2,2,0,Reader_1_10.csv
3530,4,3,1,Reader_1_11.csv
3530,1,1,0,Reader_1_12.csv
3530,3,1,2,Reader_1_2.csv
3530,4,2,2,Reader_1_3.csv
3530,1,1,0,Reader_1_4.csv
3530,0,0,0,Reader_1_5.csv
3530,2,2,0,Reader_1_6.csv
3530,1,1,0,Reader_1_7.csv
3530,0,0,0,Reader_1_8.csv
3530,2,2,0,Reader_1_9.csv
3530,1,1,0,Reader_2_1.csv
3530,0,0,0,Reader_2_10.csv
3530,0,0,0,Reader_2_11.csv
3530,1,1,0,Reader_2_12.csv
3530,0,0,0,Reader_2_2.csv
3530,1,0,1,Reader_2_3.csv
3530,0,0,0,Reader_2_4.csv
3530,1,1,0,Reader_2_5.csv
3530,1,1,0,Reader_2_6.csv
3530,1,0,1,Reader_2_7.csv
3530,0,0,0,Reader_2_8.csv
3530,0,0,0,Reader_2_9.csv
3530,5,2,3,reader_3_1.csv
3530,1,0,1,Reader_3_2.csv
3530,9,9,0,Reader_3_3.csv
3530,9,9,0,Reader_3_4.csv
3530,4,4,0,Reader_3_5.csv
3530,0,0,0,Reader_3_6.csv
3530,2,1,1,Reader_3_7.csv
3531,16,14,2,Reader_1_1.csv
3531,2,2,0,Reader_1_10.csv
3531,3,2,1,Reader_1_11.csv
3531,1,1,0,Reader_1_12.csv
3531,3,1,2,Reader_1_2.csv
3531,4,2,2,Reader_1_3.csv
3531,1,1,0,Reader_1_4.csv
3531,0,0,0,Reader_1_5.csv
3531,1,1,0,Reader_1_6.csv
3531,1,1,0,Reader_1_7.csv
3531,0,0,0,Reader_1_8.csv
3531,2,2,0,Reader_1_9.csv
3531,2,2,0,Reader_2_1.csv
3531,0,0,0,Reader_2_10.csv
3531,0,0,0,Reader_2_11.csv
3531,1,1,0,Reader_2_12.csv
3531,0,0,0,Reader_2_2.csv
3531,1,0,1,Reader_2_3.csv
3531,0,0,0,Reader_2_4.csv
3531,1,1,0,Reader_2_5.csv
3531,1,1,0,Reader_2_6.csv
3531,1,0,1,Reader_2_7.csv
3531,1,1,0,Reader_2_8.csv
3531,0,0,0,Reader_2_9.csv
3531,5,2,3,reader_3_1.csv
3531,1,0,1,Reader_3_2.csv
3531,10,10,0,Reader_3_3.csv
3531,10,10,0,Reader_3_4.csv
3531,5,5,0,Reader_3_5.csv
3531,0,0,0,Reader_3_6.csv
3531,2,1,1,Reader_3_7.csv
3532,21,17,4,Reader_1_1.csv
3532,2,2,0,Reader_1_10.csv
3532,3,2,1,Reader_1_11.csv
3532,1,1,0,Reader_1_12.csv
3532,3,1,2,Reader_1_2.csv
3532,4,2,2,Reader_1_3.csv
3532,0,0,0,Reader_1_4.csv
3532,0,0,0,Reader_1_5.csv
3532,2,2,0,Reader_1_6.csv
3532,1,1,0,Reader_1_7.csv
3532,0,0,0,Reader_1_8.csv
3532,2,2,0,Reader_1_9.csv
3532,2,2,0,Reader_2_1.csv
3532,0,0,0,Reader_2_10.csv
3532,0,0,0,Reader_2_11.csv
3532,1,1,0,Reader_2_12.csv
3532,0,0,0,Reader_2_2.csv
3532,1,0,1,Reader_2_3.csv
3532,0,0,0,Reader_2_4.csv
3532,1,1,0,Reader_2_5.csv
3532,1,1,0,Reader_2_6.csv
3532,1,0,1,Reader_2_7.csv
3532,1,1,0,Reader_2_8.csv
3532,0,0,0,Reader_2_9.csv
3532,6,3,3,reader_3_1.csv
3532,1,0,1,Reader_3_2.csv
3532,8,8,0,Reader_3_3.csv
3532,8,8,0,Reader_3_4.csv
3532,5,5,0,Reader_3_5.csv
3532,0,0,0,Reader_3_6.csv
3532,0,0,0,Reader_3_7.csv
3533,25,20,5,Reader_1_1.csv
3533,0,0,0,Reader_1_10.csv
3533,3,2,1,Reader_1_11.csv
3533,1,1,0,Reader_1_12.csv
3533,3,1,2,Reader_1_2.csv
3533,4,2,2,Reader_1_3.csv
3533,0,0,0,Reader_1_4.csv
3533,0,0,0,Reader_1_5.csv
3533,2,2,0,Reader_1_6.csv
3533,1,1,0,Reader_1_7.csv
3533,0,0,0,Reader_1_8.csv
3533,2,2,0,Reader_1_9.csv
3533,2,2,0,Reader_2_1.csv
3533,0,0,0,Reader_2_10.csv
3533,0,0,0,Reader_2_11.csv
3533,1,1,0,Reader_2_12.csv
3533,0,0,0,Reader_2_2.csv
3533,0,0,0,Reader_2_3.csv
3533,0,0,0,Reader_2_4.csv
3533,1,1,0,Reader_2_5.csv
3533,0,0,0,Reader_2_6.csv
3533,1,0,1,Reader_2_7.csv
3533,1,1,0,Reader_2_8.csv
3533,0,0,0,Reader_2_9.csv
3533,6,3,3,reader_3_1.csv
3533,3,2,1,Reader_3_2.csv
3533,8,8,0,Reader_3_3.csv
3533,8,8,0,Reader_3_4.csv
3533,5,5,0,Reader_3_5.csv
3533,1,1,0,Reader_3_6.csv
3533,0,0,0,Reader_3_7.csv
3534,26,21,5,Reader_1_1.csv
3534,0,0,0,Reader_1_10.csv
3534,3,2,1,Reader_1_11.csv
3534,1,1,0,Reader_1_12.csv
3534,1,1,0,Reader_1_2.csv
3534,3,2,1,Reader_1_3.csv
3534,0,0,0,Reader_1_4.csv
3534,0,0,0,Reader_1_5.csv
3534,2,2,0,Reader_1_6.csv
3534,1,1,0,Reader_1_7.csv
3534,0,0,0,Reader_1_8.csv
3534,2,2,0,Reader_1_9.csv
3534,2,2,0,Reader_2_1.csv
3534,0,0,0,Reader_2_10.csv
3534,0,0,0,Reader_2_11.csv
3534,0,0,0,Reader_2_12.csv
3534,0,0,0,Reader_2_2.csv
3534,0,0,0,Reader_2_3.csv
3534,0,0,0,Reader_2_4.csv
3534,1,1,0,Reader_2_5.csv
3534,0,0,0,Reader_2_6.csv
3534,1,0,1,Reader_2_7.csv
3534,1,1,0,Reader_2_8.csv
3534,0,0,0,Reader_2_9.csv
3534,8,5,3,reader_3_1.csv
3534,2,2,0,Reader_3_2.csv
3534,8,8,0,Reader_3_3.csv
3534,8,8,0,Reader_3_4.csv
3534,4,4,0,Reader_3_5.csv
3534,1,1,0,Reader_3_6.csv
3534,0,0,0,Reader_3_7.csv
3535,22,18,4,Reader_1_1.csv
3535,0,0,0,Reader_1_10.csv
3535,3,2,1,Reader_1_11.csv
3535,1,1,0,Reader_1_12.csv
3535,0,0,0,Reader_1_2.csv
3535,3,2,1,Reader_1_3.csv
3535,0,0,0,Reader_1_4.csv
3535,0,0,0,Reader_1_5.csv
3535,2,2,0,Reader_1_6.csv
3535,1,1,0,Reader_1_7.csv
3535,0,0,0,Reader_1_8.csv
3535,2,2,0,Reader_1_9.csv
3535,2,2,0,Reader_2_1.csv
3535,0,0,0,Reader_2_10.csv
3535,0,0,0,Reader_2_11.csv
3535,0,0,0,Reader_2_12.csv
3535,0,0,0,Reader_2_2.csv
3535,1,1,0,Reader_2_3.csv
3535,0,0,0,Reader_2_4.csv
3535,1,1,0,Reader_2_5.csv
3535,0,0,0,Reader_2_6.csv
3535,1,0,1,Reader_2_7.csv
3535,1,1,0,Reader_2_8.csv
3535,0,0,0,Reader_2_9.csv
3535,9,7,2,reader_3_1.csv
3535,2,2,0,Reader_3_2.csv
3535,6,6,0,Reader_3_3.csv
3535,6,6,0,Reader_3_4.csv
3535,5,5,0,Reader_3_5.csv
3535,1,1,0,Reader_3_6.csv
3535,0,0,0,Reader_3_7.csv
3536,25,21,4,Reader_1_1.csv
3536,0,0,0,Reader_1_10.csv
3536,3,2,1,Reader_1_11.csv
3536,0,0,0,Reader_1_12.csv
3536,0,0,0,Reader_1_2.csv
3536,2,2,0,Reader_1_3.csv
3536,0,0,0,Reader_1_4.csv
3536,0,0,0,Reader_1_5.csv
3536,2,2,0,Reader_1_6.csv
3536,1,1,0,Reader_1_7.csv
3536,0,0,0,Reader_1_8.csv
3536,1,1,0,Reader_1_9.csv
3536,1,1,0,Reader_2_1.csv
3536,0,0,0,Reader_2_10.csv
3536,0,0,0,Reader_2_11.csv
3536,0,0,0,Reader_2_12.csv
3536,0,0,0,Reader_2_2.csv
3536,1,1,0,Reader_2_3.csv
3536,0,0,0,Reader_2_4.csv
3536,1,1,0,Reader_2_5.csv
3536,0,0,0,Reader_2_6.csv
3536,0,0,0,Reader_2_7.csv
3536,1,1,0,Reader_2_8.csv
3536,0,0,0,Reader_2_9.csv
3536,9,7,2,reader_3_1.csv
3536,2,2,0,Reader_3_2.csv
3536,6,6,0,Reader_3_3.csv
3536,6,6,0,Reader_3_4.csv
3536,3,3,0,Reader_3_5.csv
3536,1,1,0,Reader_3_6.csv
3536,0,0,0,Reader_3_7.csv
3537,26,21,5,Reader_1_1.csv
3537,0,0,0,Reader_1_10.csv
3537,1,1,0,Reader_1_11.csv
3537,0,0,0,Reader_1_12.csv
3537,0,0,0,Reader_1_2.csv
3537,3,3,0,Reader_1_3.csv
3537,0,0,0,Reader_1_4.csv
3537,0,0,0,Reader_1_5.csv
3537,2,2,0,Reader_1_6.csv
3537,0,0,0,Reader_1_7.csv
3537,0,0,0,Reader_1_8.csv
3537,2,1,1,Reader_1_9.csv
3537,1,1,0,Reader_2_1.csv
3537,0,0,0,Reader_2_10.csv
3537,0,0,0,Reader_2_11.csv
3537,0,0,0,Reader_2_12.csv
3537,0,0,0,Reader_2_2.csv
3537,1,1,0,Reader_2_3.csv
3537,0,0,0,Reader_2_4.csv
3537,0,0,0,Reader_2_5.csv
3537,0,0,0,Reader_2_6.csv
3537,0,0,0,Reader_2_7.csv
3537,1,1,0,Reader_2_8.csv
3537,0,0,0,Reader_2_9.csv
3537,10,9,1,reader_3_1.csv
3537,4,3,1,Reader_3_2.csv
3537,2,2,0,Reader_3_3.csv
3537,2,2,0,Reader_3_4.csv
3537,3,3,0,Reader_3_5.csv
3537,2,2,0,Reader_3_6.csv
3537,0,0,0,Reader_3_7.csv
3538,31,25,6,Reader_1_1.csv
3538,0,0,0,Reader_1_10.csv
3538,2,2,0,Reader_1_11.csv
3538,0,0,0,Reader_1_12.csv
3538,0,0,0,Reader_1_2.csv
3538,5,4,1,Reader_1_3.csv
3538,0,0,0,Reader_1_4.csv
3538,0,0,0,Reader_1_5.csv
3538,1,1,0,Reader_1_6.csv
3538,0,0,0,Reader_1_7.csv
3538,0,0,0,Reader_1_8.csv
3538,1,0,1,Reader_1_9.csv
3538,1,1,0,Reader_2_1.csv
3538,0,0,0,Reader_2_10.csv
3538,0,0,0,Reader_2_11.csv
3538,0,0,0,Reader_2_12.csv
3538,0,0,0,Reader_2_2.csv
3538,1,1,0,Reader_2_3.csv
3538,0,0,0,Reader_2_4.csv
3538,0,0,0,Reader_2_5.csv
3538,0,0,0,Reader_2_6.csv
3538,0,0,0,Reader_2_7.csv
3538,1,1,0,Reader_2_8.csv
3538,0,0,0,Reader_2_9.csv
3538,11,11,0,reader_3_1.csv
3538,5,3,2,Reader_3_2.csv
3538,2,2,0,Reader_3_3.csv
3538,2,2,0,Reader_3_4.csv
3538,3,3,0,Reader_3_5.csv
3538,2,2,0,Reader_3_6.csv
3538,3,2,1,Reader_3_7.csv
3539,32,26,6,Reader_1_1.csv
3539,0,0,0,Reader_1_10.csv
3539,2,2,0,Reader_1_11.csv
3539,0,0,0,Reader_1_12.csv
3539,0,0,0,Reader_1_2.csv
3539,5,4,1,Reader_1_3.csv
3539,0,0,0,Reader_1_4.csv
3539,1,1,0,Reader_1_5.csv
3539,2,1,1,Reader_1_6.csv
3539,1,0,1,Reader_1_7.csv
3539,0,0,0,Reader_1_8.csv
3539,1,0,1,Reader_1_9.csv
3539,0,0,0,Reader_2_1.csv
3539,0,0,0,Reader_2_10.csv
3539,0,0,0,Reader_2_11.csv
3539,0,0,0,Reader_2_12.csv
3539,0,0,0,Reader_2_2.csv
3539,1,1,0,Reader_2_3.csv
3539,0,0,0,Reader_2_4.csv
3539,0,0,0,Reader_2_5.csv
3539,0,0,0,Reader_2_6.csv
3539,0,0,0,Reader_2_7.csv
3539,0,0,0,Reader_2_8.csv
3539,0,0,0,Reader_2_9.csv
3539,12,12,0,reader_3_1.csv
3539,5,3,2,Reader_3_2.csv
3539,1,1,0,Reader_3_3.csv
3539,1,1,0,Reader_3_4.csv
3539,3,2,1,Reader_3_5.csv
3539,2,2,0,Reader_3_6.csv
3539,4,2,2,Reader_3_7.csv
3540,29,25,4,Reader_1_1.csv
3540,0,0,0,Reader_1_10.csv
3540,2,2,0,Reader_1_11.csv
3540,0,0,0,Reader_1_12.csv
3540,0,0,0,Reader_1_2.csv
3540,4,3,1,Reader_1_3.csv
3540,0,0,0,Reader_1_4.csv
3540,1,1,0,Reader_1_5.csv
3540,1,0,1,Reader_1_6.csv
3540,1,0,1,Reader_1_7.csv
3540,0,0,0,Reader_1_8.csv
3540,1,0,1,Reader_1_9.csv
3540,0,0,0,Reader_2_1.csv
3540,0,0,0,Reader_2_10.csv
3540,0,0,0,Reader_2_11.csv
3540,0,0,0,Reader_2_12.csv
3540,1,1,0,Reader_2_2.csv
3540,2,1,1,Reader_2_3.csv
3540,0,0,0,Reader_2_4.csv
3540,0,0,0,Reader_2_5.csv
3540,0,0,0,Reader_2_6.csv
3540,0,0,0,Reader_2_7.csv
3540,0,0,0,Reader_2_8.csv
3540,0,0,0,Reader_2_9.csv
3540,12,11,1,reader_3_1.csv
3540,6,4,2,Reader_3_2.csv
3540,1,1,0,Reader_3_3.csv
3540,1,1,0,Reader_3_4.csv
3540,3,2,1,Reader_3_5.csv
3540,2,2,0,Reader_3_6.csv
3540,5,3,2,Reader_3_7.csv
3541,28,22,6,Reader_1_1.csv
3541,0,0,0,Reader_1_10.csv
3541,3,3,0,Reader_1_11.csv
3541,0,0,0,Reader_1_12.csv
3541,0,0,0,Reader_1_2.csv
3541,4,3,1,Reader_1_3.csv
3541,0,0,0,Reader_1_4.csv
3541,1,1,0,Reader_1_5.csv
3541,1,0,1,Reader_1_6.csv
3541,1,0,1,Reader_1_7.csv
3541,0,0,0,Reader_1_8.csv
3541,2,1,1,Reader_1_9.csv
3541,0,0,0,Reader_2_1.csv
3541,0,0,0,Reader_2_10.csv
3541,0,0,0,Reader_2_11.csv
3541,0,0,0,Reader_2_12.csv
3541,1,1,0,Reader_2_2.csv
3541,2,1,1,Reader_2_3.csv
3541,0,0,0,Reader_2_4.csv
3541,0,0,0,Reader_2_5.csv
3541,0,0,0,Reader_2_6.csv
3541,0,0,0,Reader_2_7.csv
3541,0,0,0,Reader_2_8.csv
3541,0,0,0,Reader_2_9.csv
3541,12,11,1,reader_3_1.csv
3541,6,3,3,Reader_3_2.csv
3541,1,1,0,Reader_3_3.csv
3541,1,1,0,Reader_3_4.csv
3541,3,1,2,Reader_3_5.csv
3541,1,1,0,Reader_3_6.csv
3541,8,5,3,Reader_3_7.csv
3542,36,28,8,Reader_1_1.csv
3542,0,0,0,Reader_1_10.csv
3542,4,4,0,Reader_1_11.csv
3542,0,0,0,Reader_1_12.csv
3542,0,0,0,Reader_1_2.csv
3542,5,4,1,Reader_1_3.csv
3542,0,0,0,Reader_1_4.csv
3542,1,1,0,Reader_1_5.csv
3542,1,0,1,Reader_1_6.csv
3542,1,0,1,Reader_1_7.csv
3542,0,0,0,Reader_1_8.csv
3542,3,2,1,Reader_1_9.csv
3542,0,0,0,Reader_2_1.csv
3542,0,0,0,Reader_2_10.csv
3542,0,0,0,Reader_2_11.csv
3542,0,0,0,Reader_2_12.csv
3542,1,1,0,Reader_2_2.csv
3542,2,1,1,Reader_2_3.csv
3542,0,0,0,Reader_2_4.csv
3542,0,0,0,Reader_2_5.csv
3542,0,0,0,Reader_2_6.csv
3542,0,0,0,Reader_2_7.csv
3542,0,0,0,Reader_2_8.csv
3542,0,0,0,Reader_2_9.csv
3542,11,10,1,reader_3_1.csv
3542,7,4,3,Reader_3_2.csv
3542,1,1,0,Reader_3_3.csv
3542,1,1,0,Reader_3_4.csv
3542,3,1,2,Reader_3_5.csv
3542,2,2,0,Reader_3_6.csv
3542,9,6,3,Reader_3_7.csv
3543,43,34,9,Reader_1_1.csv
3543,0,0,0,Reader_1_10.csv
3543,4,4,0,Reader_1_11.csv
3543,0,0,0,Reader_1_12.csv
3543,0,0,0,Reader_1_2.csv
3543,4,3,1,Reader_1_3.csv
3543,0,0,0,Reader_1_4.csv
3543,1,1,0,Reader_1_5.csv
3543,1,0,1,Reader_1_6.csv
3543,1,0,1,Reader_1_7.csv
3543,0,0,0,Reader_1_8.csv
3543,3,2,1,Reader_1_9.csv
3543,0,0,0,Reader_2_1.csv
3543,0,0,0,Reader_2_10.csv
3543,0,0,0,Reader_2_11.csv
3543,0,0,0,Reader_2_12.csv
3543,1,1,0,Reader_2_2.csv
3543,2,1,1,Reader_2_3.csv
3543,0,0,0,Reader_2_4.csv
3543,0,0,0,Reader_2_5.csv
3543,0,0,0,Reader_2_6.csv
3543,0,0,0,Reader_2_7.csv
3543,0,0,0,Reader_2_8.csv
3543,0,0,0,Reader_2_9.csv
3543,11,9,2,reader_3_1.csv
3543,7,4,3,Reader_3_2.csv
3543,1,1,0,Reader_3_3.csv
3543,1,1,0,Reader_3_4.csv
3543,2,0,2,Reader_3_5.csv
3543,2,2,0,Reader_3_6.csv
3543,10,7,3,Reader_3_7.csv
3544,47,36,11,Reader_1_1.csv
3544,0,0,0,Reader_1_10.csv
3544,4,4,0,Reader_1_11.csv
3544,0,0,0,Reader_1_12.csv
3544,1,0,1,Reader_1_2.csv
3544,5,4,1,Reader_1_3.csv
3544,0,0,0,Reader_1_4.csv
3544,1,1,0,Reader_1_5.csv
3544,1,0,1,Reader_1_6.csv
3544,2,0,2,Reader_1_7.csv
3544,0,0,0,Reader_1_8.csv
3544,3,2,1,Reader_1_9.csv
3544,0,0,0,Reader_2_1.csv
3544,0,0,0,Reader_2_10.csv
3544,0,0,0,Reader_2_11.csv
3544,0,0,0,Reader_2_12.csv
3544,1,1,0,Reader_2_2.csv
3544,2,1,1,Reader_2_3.csv
3544,0,0,0,Reader_2_4.csv
3544,0,0,0,Reader_2_5.csv
3544,0,0,0,Reader_2_6.csv
3544,0,0,0,Reader_2_7.csv
3544,0,0,0,Reader_2_8.csv
3544,0,0,0,Reader_2_9.csv
3544,12,9,3,reader_3_1.csv
3544,8,5,3,Reader_3_2.csv
3544,1,1,0,Reader_3_3.csv
3544,1,1,0,Reader_3_4.csv
3544,2,0,2,Reader_3_5.csv
3544,3,3,0,Reader_3_6.csv
3544,12,9,3,Reader_3_7.csv
3545,52,41,11,Reader_1_1.csv
3545,0,0,0,Reader_1_10.csv
3545,4,4,0,Reader_1_11.csv
3545,0,0,0,Reader_1_12.csv
3545,1,0,1,Reader_1_2.csv
3545,4,3,1,Reader_1_3.csv
3545,0,0,0,Reader_1_4.csv
3545,1,1,0,Reader_1_5.csv
3545,1,0,1,Reader_1_6.csv
3545,2,0,2,Reader_1_7.csv
3545,0,0,0,Reader_1_8.csv
3545,2,2,0,Reader_1_9.csv
3545,0,0,0,Reader_2_1.csv
3545,0,0,0,Reader_2_10.csv
3545,0,0,0,Reader_2_11.csv
3545,0,0,0,Reader_2_12.csv
3545,1,1,0,Reader_2_2.csv
3545,2,1,1,Reader_2_3.csv
3545,0,0,0,Reader_2_4.csv
3545,0,0,0,Reader_2_5.csv
3545,0,0,0,Reader_2_6.csv
3545,0,0,0,Reader_2_7.csv
3545,0,0,0,Reader_2_8.csv
3545,0,0,0,Reader_2_9.csv
3545,13,10,3,reader_3_1.csv
3545,6,4,2,Reader_3_2.csv
3545,1,1,0,Reader_3_3.csv
3545,1,1,0,Reader_3_4.csv
3545,3,1,2,Reader_3_5.csv
3545,2,2,0,Reader_3_6.csv
3545,15,12,3,Reader_3_7.csv
3546,55,45,10,Reader_1_1.csv
3546,0,0,0,Reader_1_10.csv
3546,2,2,0,Reader_1_11.csv
3546,0,0,0,Reader_1_12.csv
3546,1,0,1,Reader_1_2.csv
3546,3,3,0,Reader_1_3.csv
3546,0,0,0,Reader_1_4.csv
3546,1,1,0,Reader_1_5.csv
3546,1,0,1,Reader_1_6.csv
3546,2,0,2,Reader_1_7.csv
3546,0,0,0,Reader_1_8.csv
3546,2,2,0,Reader_1_9.csv
3546,0,0,0,Reader_2_1.csv
3546,0,0,0,Reader_2_10.csv
3546,0,0,0,Reader_2_11.csv
3546,0,0,0,Reader_2_12.csv
3546,1,1,0,Reader_2_2.csv
3546,2,1,1,Reader_2_3.csv
3546,0,0,0,Reader_2_4.csv
3546,0,0,0,Reader_2_5.csv
3546,0,0,0,Reader_2_6.csv
3546,0,0,0,Reader_2_7.csv
3546,0,0,0,Reader_2_8.csv
3546,0,0,0,Reader_2_9.csv
3546,13,10,3,reader_3_1.csv
3546,6,5,1,Reader_3_2.csv
3546,0,0,0,Reader_3_3.csv
3546,0,0,0,Reader_3_4.csv
3546,5,2,3,Reader_3_5.csv
3546,2,2,0,Reader_3_6.csv
3546,14,12,2,Reader_3_7.csv
3547,64,52,12,Reader_1_1.csv
3547,0,0,0,Reader_1_10.csv
3547,2,2,0,Reader_1_11.csv
3547,0,0,0,Reader_1_12.csv
3547,1,0,1,Reader_1_2.csv
3547,3,3,0,Reader_1_3.csv
3547,0,0,0,Reader_1_4.csv
3547,0,0,0,Reader_1_5.csv
3547,0,0,0,Reader_1_6.csv
3547,1,0,1,Reader_1_7.csv
3547,0,0,0,Reader_1_8.csv
3547,2,2,0,Reader_1_9.csv
3547,0,0,0,Reader_2_1.csv
3547,0,0,0,Reader_2_10.csv
3547,0,0,0,Reader_2_11.csv
3547,0,0,0,Reader_2_12.csv
3547,1,1,0,Reader_2_2.csv
3547,2,1,1,Reader_2_3.csv
3547,0,0,0,Reader_2_4.csv
3547,0,0,0,Reader_2_5.csv
3547,0,0,0,Reader_2_6.csv
3547,0,0,0,Reader_2_7.csv
3547,0,0,0,Reader_2_8.csv
3547,0,0,0,Reader_2_9.csv
3547,16,12,4,reader_3_1.csv
3547,8,7,1,Reader_3_2.csv
3547,1,1,0,Reader_3_3.csv
3547,1,1,0,Reader_3_4.csv
3547,4,2,2,Reader_3_5.csv
3547,3,2,1,Reader_3_6.csv
3547,17,16,1,Reader_3_7.csv
3548,69,57,12,Reader_1_1.csv
3548,0,0,0,Reader_1_10.csv
3548,3,2,1,Reader_1_11.csv
3548,0,0,0,Reader_1_12.csv
3548,1,0,1,Reader_1_2.csv
3548,4,4,0,Reader_1_3.csv
3548,0,0,0,Reader_1_4.csv
3548,0,0,0,Reader_1_5.csv
3548,0,0,0,Reader_1_6.csv
3548,1,0,1,Reader_1_7.csv
3548,0,0,0,Reader_1_8.csv
3548,2,2,0,Reader_1_9.csv
3548,0,0,0,Reader_2_1.csv
3548,0,0,0,Reader_2_10.csv
3548,0,0,0,Reader_2_11.csv
3548,0,0,0,Reader_2_12.csv
3548,0,0,0,Reader_2_2.csv
3548,2,2,0,Reader_2_3.csv
3548,0,0,0,Reader_2_4.csv
3548,0,0,0,Reader_2_5.csv
3548,0,0,0,Reader_2_6.csv
3548,0,0,0,Reader_2_7.csv
3548,0,0,0,Reader_2_8.csv
3548,0,0,0,Reader_2_9.csv
3548,16,13,3,reader_3_1.csv
3548,8,6,2,Reader_3_2.csv
3548,3,3,0,Reader_3_3.csv
3548,3,3,0,Reader_3_4.csv
3548,6,4,2,Reader_3_5.csv
3548,3,2,1,Reader_3_6.csv
3548,16,15,1,Reader_3_7.csv
3549,75,65,10,Reader_1_1.csv
3549,0,0,0,Reader_1_10.csv
3549,2,1,1,Reader_1_11.csv
3549,0,0,0,Reader_1_12.csv
3549,1,0,1,Reader_1_2.csv
3549,4,4,0,Reader_1_3.csv
3549,0,0,0,Reader_1_4.csv
3549,0,0,0,Reader_1_5.csv
3549,0,0,0,Reader_1_6.csv
3549,1,0,1,Reader_1_7.csv
3549,0,0,0,Reader_1_8.csv
3549,1,1,0,Reader_1_9.csv
3549,0,0,0,Reader_2_1.csv
3549,0,0,0,Reader_2_10.csv
3549,0,0,0,Reader_2_11.csv
3549,0,0,0,Reader_2_12.csv
3549,0,0,0,Reader_2_2.csv
3549,2,2,0,Reader_2_3.csv
3549,0,0,0,Reader_2_4.csv
3549,0,0,0,Reader_2_5.csv
3549,0,0,0,Reader_2_6.csv
3549,0,0,0,Reader_2_7.csv
3549,0,0,0,Reader_2_8.csv
3549,0,0,0,Reader_2_9.csv
3549,15,12,3,reader_3_1.csv
3549,6,5,1,Reader_3_2.csv
3549,3,3,0,Reader_3_3.csv
3549,3,3,0,Reader_3_4.csv
3549,5,4,1,Reader_3_5.csv
3549,3,2,1,Reader_3_6.csv
3549,13,13,0,Reader_3_7.csv
3550,80,66,14,Reader_1_1.csv
3550,0,0,0,Reader_1_10.csv
3550,1,0,1,Reader_1_11.csv
3550,0,0,0,Reader_1_12.csv
3550,1,0,1,Reader_1_2.csv
3550,3,3,0,Reader_1_3.csv
3550,0,0,0,Reader_1_4.csv
3550,0,0,0,Reader_1_5.csv
3550,0,0,0,Reader_1_6.csv
3550,2,1,1,Reader_1_7.csv
3550,0,0,0,Reader_1_8.csv
3550,0,0,0,Reader_1_9.csv
3550,0,0,0,Reader_2_1.csv
3550,0,0,0,Reader_2_10.csv
3550,0,0,0,Reader_2_11.csv
3550,0,0,0,Reader_2_12.csv
3550,1,0,1,Reader_2_2.csv
3550,2,2,0,Reader_2_3.csv
3550,0,0,0,Reader_2_4.csv
3550,0,0,0,Reader_2_5.csv
3550,0,0,0,Reader_2_6.csv
3550,0,0,0,Reader_2_7.csv
3550,0,0,0,Reader_2_8.csv
3550,0,0,0,Reader_2_9.csv
3550,14,11,3,reader_3_1.csv
3550,5,4,1,Reader_3_2.csv
3550,3,3,0,Reader_3_3.csv
3550,3,3,0,Reader_3_4.csv
3550,5,4,1,Reader_3_5.csv
3550,3,2,1,Reader_3_6.csv
3550,16,14,2,Reader_3_7.csv
3551,80,66,14,Reader_1_1.csv
3551,0,0,0,Reader_1_10.csv
3551,2,1,1,Reader_1_11.csv
3551,0,0,0,Reader_1_12.csv
3551,2,0,2,Reader_1_2.csv
3551,3,3,0,Reader_1_3.csv
3551,0,0,0,Reader_1_4.csv
3551,0,0,0,Reader_1_5.csv
3551,0,0,0,Reader_1_6.csv
3551,2,1,1,Reader_1_7.csv
3551,0,0,0,Reader_1_8.csv
3551,0,0,0,Reader_1_9.csv
3551,0,0,0,Reader_2_1.csv
3551,0,0,0,Reader_2_10.csv
3551,0,0,0,Reader_2_11.csv
3551,0,0,0,Reader_2_12.csv
3551,1,0,1,Reader_2_2.csv
3551,2,1,1,Reader_2_3.csv
3551,0,0,0,Reader_2_4.csv
3551,0,0,0,Reader_2_5.csv
3551,0,0,0,Reader_2_6.csv
3551,0,0,0,Reader_2_7.csv
3551,0,0,0,Reader_2_8.csv
3551,0,0,0,Reader_2_9.csv
3551,14,12,2,reader_3_1.csv
3551,6,5,1,Reader_3_2.csv
3551,3,3,0,Reader_3_3.csv
3551,3,3,0,Reader_3_4.csv
3551,5,4,1,Reader_3_5.csv
3551,4,3,1,Reader_3_6.csv
3551,16,14,2,Reader_3_7.csv
3552,84,69,15,Reader_1_1.csv
3552,0,0,0,Reader_1_10.csv
3552,2,1,1,Reader_1_11.csv
3552,0,0,0,Reader_1_12.csv
3552,2,1,1,Reader_1_2.csv
3552,3,3,0,Reader_1_3.csv
3552,1,0,1,Reader_1_4.csv
3552,0,0,0,Reader_1_5.csv
3552,0,0,0,Reader_1_6.csv
3552,2,2,0,Reader_1_7.csv
3552,0,0,0,Reader_1_8.csv
3552,0,0,0,Reader_1_9.csv
3552,1,0,1,Reader_2_1.csv
3552,0,0,0,Reader_2_10.csv
3552,0,0,0,Reader_2_11.csv
3552,0,0,0,Reader_2_12.csv
3552,1,0,1,Reader_2_2.csv
3552,2,1,1,Reader_2_3.csv
3552,0,0,0,Reader_2_4.csv
3552,0,0,0,Reader_2_5.csv
3552,0,0,0,Reader_2_6.csv
3552,0,0,0,Reader_2_7.csv
3552,0,0,0,Reader_2_8.csv
3552,0,0,0,Reader_2_9.csv
3552,12,11,1,reader_3_1.csv
3552,6,5,1,Reader_3_2.csv
3552,3,3,0,Reader_3_3.csv
3552,3,3,0,Reader_3_4.csv
3552,6,4,2,Reader_3_5.csv
3552,4,3,1,Reader_3_6.csv
3552,15,13,2,Reader_3_7.csv
3553,85,71,14,Reader_1_1.csv
3553,0,0,0,Reader_1_10.csv
3553,4,2,2,Reader_1_11.csv
3553,0,0,0,Reader_1_12.csv
3553,2,1,1,Reader_1_2.csv
3553,3,3,0,Reader_1_3.csv
3553,1,0,1,Reader_1_4.csv
3553,0,0,0,Reader_1_5.csv
3553,0,0,0,Reader_1_6.csv
3553,2,2,0,Reader_1_7.csv
3553,0,0,0,Reader_1_8.csv
3553,0,0,0,Reader_1_9.csv
3553,1,0,1,Reader_2_1.csv
3553,0,0,0,Reader_2_10.csv
3553,0,0,0,Reader_2_11.csv
3553,0,0,0,Reader_2_12.csv
3553,2,1,1,Reader_2_2.csv
3553,3,2,1,Reader_2_3.csv
3553,0,0,0,Reader_2_4.csv
3553,0,0,0,Reader_2_5.csv
3553,0,0,0,Reader_2_6.csv
3553,0,0,0,Reader_2_7.csv
3553,0,0,0,Reader_2_8.csv
3553,0,0,0,Reader_2_9.csv
3553,9,8,1,reader_3_1.csv
3553,6,5,1,Reader_3_2.csv
3553,3,3,0,Reader_3_3.csv
3553,3,3,0,Reader_3_4.csv
3553,5,3,2,Reader_3_5.csv
3553,4,3,1,Reader_3_6.csv
3553,12,10,2,Reader_3_7.csv
3554,79,64,15,Reader_1_1.csv
3554,0,0,0,Reader_1_10.csv
3554,4,2,2,Reader_1_11.csv
3554,0,0,0,Reader_1_12.csv
3554,3,2,1,Reader_1_2.csv
3554,2,2,0,Reader_1_3.csv
3554,1,0,1,Reader_1_4.csv
3554,0,0,0,Reader_1_5.csv
3554,0,0,0,Reader_1_6.csv
3554,2,2,0,Reader_1_7.csv
3554,0,0,0,Reader_1_8.csv
3554,1,1,0,Reader_1_9.csv
3554,1,0,1,Reader_2_1.csv
3554,1,1,0,Reader_2_10.csv
3554,0,0,0,Reader_2_11.csv
3554,0,0,0,Reader_2_12.csv
3554,2,1,1,Reader_2_2.csv
3554,3,2,1,Reader_2_3.csv
3554,0,0,0,Reader_2_4.csv
3554,0,0,0,Reader_2_5.csv
3554,0,0,0,Reader_2_6.csv
3554,0,0,0,Reader_2_7.csv
3554,0,0,0,Reader_2_8.csv
3554,0,0,0,Reader_2_9.csv
3554,10,7,3,reader_3_1.csv
3554,5,4,1,Reader_3_2.csv
3554,3,3,0,Reader_3_3.csv
3554,3,3,0,Reader_3_4.csv
3554,4,3,1,Reader_3_5.csv
3554,4,3,1,Reader_3_6.csv
3554,10,8,2,Reader_3_7.csv
3555,80,66,14,Reader_1_1.csv
3555,0,0,0,Reader_1_10.csv
3555,4,2,2,Reader_1_11.csv
3555,0,0,0,Reader_1_12.csv
3555,3,2,1,Reader_1_2.csv
3555,2,2,0,Reader_1_3.csv
3555,1,0,1,Reader_1_4.csv
3555,0,0,0,Reader_1_5.csv
3555,0,0,0,Reader_1_6.csv
3555,2,2,0,Reader_1_7.csv
3555,0,0,0,Reader_1_8.csv
3555,1,1,0,Reader_1_9.csv
3555,1,0,1,Reader_2_1.csv
3555,1,1,0,Reader_2_10.csv
3555,0,0,0,Reader_2_11.csv
3555,0,0,0,Reader_2_12.csv
3555,2,1,1,Reader_2_2.csv
3555,3,2,1,Reader_2_3.csv
3555,0,0,0,Reader_2_4.csv
3555,0,0,0,Reader_2_5.csv
3555,0,0,0,Reader_2_6.csv
3555,0,0,0,Reader_2_7.csv
3555,0,0,0,Reader_2_8.csv
3555,0,0,0,Reader_2_9.csv
3555,6,4,2,reader_3_1.csv
3555,4,2,2,Reader_3_2.csv
3555,2,2,0,Reader_3_3.csv
3555,2,2,0,Reader_3_4.csv
3555,4,3,1,Reader_3_5.csv
3555,3,3,0,Reader_3_6.csv
3555,6,4,2,Reader_3_7.csv
3556,77,63,14,Reader_1_1.csv
3556,0,0,0,Reader_1_10.csv
3556,3,2,1,Reader_1_11.csv
3556,0,0,0,Reader_1_12.csv
3556,3,2,1,Reader_1_2.csv
3556,1,1,0,Reader_1_3.csv
3556,1,0,1,Reader_1_4.csv
3556,0,0,0,Reader_1_5.csv
3556,0,0,0,Reader_1_6.csv
3556,2,2,0,Reader_1_7.csv
3556,0,0,0,Reader_1_8.csv
3556,1,1,0,Reader_1_9.csv
3556,1,0,1,Reader_2_1.csv
3556,1,1,0,Reader_2_10.csv
3556,0,0,0,Reader_2_11.csv
3556,0,0,0,Reader_2_12.csv
3556,2,1,1,Reader_2_2.csv
3556,3,2,1,Reader_2_3.csv
3556,0,0,0,Reader_2_4.csv
3556,0,0,0,Reader_2_5.csv
3556,0,0,0,Reader_2_6.csv
3556,0,0,0,Reader_2_7.csv
3556,0,0,0,Reader_2_8.csv
3556,0,0,0,Reader_2_9.csv
3556,5,3,2,reader_3_1.csv
3556,4,3,1,Reader_3_2.csv
3556,0,0,0,Reader_3_3.csv
3556,0,0,0,Reader_3_4.csv
3556,3,2,1,Reader_3_5.csv
3556,3,3,0,Reader_3_6.csv
3556,6,4,2,Reader_3_7.csv
3557,72,58,14,Reader_1_1.csv
3557,0,0,0,Reader_1_10.csv
3557,3,2,1,Reader_1_11.csv
3557,0,0,0,Reader_1_12.csv
3557,3,2,1,Reader_1_2.csv
3557,1,1,0,Reader_1_3.csv
3557,1,0,1,Reader_1_4.csv
3557,0,0,0,Reader_1_5.csv
3557,0,0,0,Reader_1_6.csv
3557,2,2,0,Reader_1_7.csv
3557,0,0,0,Reader_1_8.csv
3557,1,1,0,Reader_1_9.csv
3557,1,0,1,Reader_2_1.csv
3557,1,1,0,Reader_2_10.csv
3557,0,0,0,Reader_2_11.csv
3557,0,0,0,Reader_2_12.csv
3557,2,1,1,Reader_2_2.csv
3557,4,3,1,Reader_2_3.csv
3557,0,0,0,Reader_2_4.csv
3557,0,0,0,Reader_2_5.csv
3557,0,0,0,Reader_2_6.csv
3557,0,0,0,Reader_2_7.csv
3557,0,0,0,Reader_2_8.csv
3557,0,0,0,Reader_2_9.csv
3557,6,4,2,reader_3_1.csv
3557,4,3,1,Reader_3_2.csv
3557,1,1,0,Reader_3_3.csv
3557,1,1,0,Reader_3_4.csv
3557,3,2,1,Reader_3_5.csv
3557,3,3,0,Reader_3_6.csv
3557,6,4,2,Reader_3_7.csv
3558,66,54,12,Reader_1_1.csv
3558,0,0,0,Reader_1_10.csv
3558,3,2,1,Reader_1_11.csv
3558,0,0,0,Reader_1_12.csv
3558,3,2,1,Reader_1_2.csv
3558,1,1,0,Reader_1_3.csv
3558,1,0,1,Reader_1_4.csv
3558,0,0,0,Reader_1_5.csv
3558,0,0,0,Reader_1_6.csv
3558,1,1,0,Reader_1_7.csv
3558,0,0,0,Reader_1_8.csv
3558,1,1,0,Reader_1_9.csv
3558,1,0,1,Reader_2_1.csv
3558,1,1,0,Reader_2_10.csv
3558,0,0,0,Reader_2_11.csv
3558,0,0,0,Reader_2_12.csv
3558,1,1,0,Reader_2_2.csv
3558,4,3,1,Reader_2_3.csv
3558,0,0,0,Reader_2_4.csv
3558,0,0,0,Reader_2_5.csv
3558,0,0,0,Reader_2_6.csv
3558,0,0,0,Reader_2_7.csv
3558,0,0,0,Reader_2_8.csv
3558,0,0,0,Reader_2_9.csv
3558,8,5,3,reader_3_1.csv
3558,5,3,2,Reader_3_2.csv
3558,1,1,0,Reader_3_3.csv
3558,1,1,0,Reader_3_4.csv
3558,3,2,1,Reader_3_5.csv
3558,2,2,0,Reader_3_6.csv
3558,2,2,0,Reader_3_7.csv
3559,63,51,12,Reader_1_1.csv
3559,1,1,0,Reader_1_10.csv
3559,3,2,1,Reader_1_11.csv
3559,0,0,0,Reader_1_12.csv
3559,2,2,0,Reader_1_2.csv
3559,1,1,0,Reader_1_3.csv
3559,1,0,1,Reader_1_4.csv
3559,0,0,0,Reader_1_5.csv
3559,1,1,0,Reader_1_6.csv
3559,1,1,0,Reader_1_7.csv
3559,0,0,0,Reader_1_8.csv
3559,1,1,0,Reader_1_9.csv
3559,1,0,1,Reader_2_1.csv
3559,1,1,0,Reader_2_10.csv
3559,0,0,0,Reader_2_11.csv
3559,0,0,0,Reader_2_12.csv
3559,1,1,0,Reader_2_2.csv
3559,3,3,0,Reader_2_3.csv
3559,0,0,0,Reader_2_4.csv
3559,0,0,0,Reader_2_5.csv
3559,0,0,0,Reader_2_6.csv
3559,0,0,0,Reader_2_7.csv
3559,0,0,0,Reader_2_8.csv
3559,0,0,0,Reader_2_9.csv
3559,7,3,4,reader_3_1.csv
3559,5,3,2,Reader_3_2.csv
3559,1,1,0,Reader_3_3.csv
3559,1,1,0,Reader_3_4.csv
3559,3,2,1,Reader_3_5.csv
3559,2,2,0,Reader_3_6.csv
3559,1,1,0,Reader_3_7.csv
3560,55,45,10,Reader_1_1.csv
3560,1,1,0,Reader_1_10.csv
3560,4,3,1,Reader_1_11.csv
3560,0,0,0,Reader_1_12.csv
3560,1,1,0,Reader_1_2.csv
3560,0,0,0,Reader_1_3.csv
3560,0,0,0,Reader_1_4.csv
3560,0,0,0,Reader_1_5.csv
3560,1,1,0,Reader_1_6.csv
3560,0,0,0,Reader_1_7.csv
3560,0,0,0,Reader_1_8.csv
3560,1,1,0,Reader_1_9.csv
3560,0,0,0,Reader_2_1.csv
3560,1,1,0,Reader_2_10.csv
3560,0,0,0,Reader_2_11.csv
3560,0,0,0,Reader_2_12.csv
3560,1,1,0,Reader_2_2.csv
3560,3,3,0,Reader_2_3.csv
3560,1,1,0,Reader_2_4.csv
3560,0,0,0,Reader_2_5.csv
3560,0,0,0,Reader_2_6.csv
3560,1,1,0,Reader_2_7.csv
3560,0,0,0,Reader_2_8.csv
3560,0,0,0,Reader_2_9.csv
3560,8,4,4,reader_3_1.csv
3560,5,2,3,Reader_3_2.csv
3560,3,3,0,Reader_3_3.csv
3560,3,3,0,Reader_3_4.csv
3560,2,2,0,Reader_3_5.csv
3560,2,2,0,Reader_3_6.csv
3560,0,0,0,Reader_3_7.csv
3561,56,45,11,Reader_1_1.csv
3561,1,1,0,Reader_1_10.csv
3561,2,2,0,Reader_1_11.csv
3561,0,0,0,Reader_1_12.csv
3561,2,2,0,Reader_1_2.csv
3561,0,0,0,Reader_1_3.csv
3561,0,0,0,Reader_1_4.csv
3561,0,0,0,Reader_1_5.csv
3561,1,1,0,Reader_1_6.csv
3561,0,0,0,Reader_1_7.csv
3561,0,0,0,Reader_1_8.csv
3561,1,1,0,Reader_1_9.csv
3561,0,0,0,Reader_2_1.csv
3561,1,1,0,Reader_2_10.csv
3561,0,0,0,Reader_2_11.csv
3561,0,0,0,Reader_2_12.csv
3561,0,0,0,Reader_2_2.csv
3561,2,2,0,Reader_2_3.csv
3561,1,1,0,Reader_2_4.csv
3561,0,0,0,Reader_2_5.csv
3561,0,0,0,Reader_2_6.csv
3561,1,1,0,Reader_2_7.csv
3561,0,0,0,Reader_2_8.csv
3561,0,0,0,Reader_2_9.csv
3561,9,5,4,reader_3_1.csv
3561,5,2,3,Reader_3_2.csv
3561,3,3,0,Reader_3_3.csv
3561,3,3,0,Reader_3_4.csv
3561,2,2,0,Reader_3_5.csv
3561,2,2,0,Reader_3_6.csv
3561,0,0,0,Reader_3_7.csv
3562,56,45,11,Reader_1_1.csv
3562,1,1,0,Reader_1_10.csv
3562,2,2,0,Reader_1_11.csv
3562,0,0,0,Reader_1_12.csv
3562,1,1,0,Reader_1_2.csv
3562,0,0,0,Reader_1_3.csv
3562,0,0,0,Reader_1_4.csv
3562,0,0,0,Reader_1_5.csv
3562,1,1,0,Reader_1_6.csv
3562,0,0,0,Reader_1_7.csv
3562,0,0,0,Reader_1_8.csv
3562,0,0,0,Reader_1_9.csv
3562,0,0,0,Reader_2_1.csv
3562,0,0,0,Reader_2_10.csv
3562,0,0,0,Reader_2_11.csv
3562,0,0,0,Reader_2_12.csv
3562,0,0,0,Reader_2_2.csv
3562,2,2,0,Reader_2_3.csv
3562,1,1,0,Reader_2_4.csv
3562,1,1,0,Reader_2_5.csv
3562,0,0,0,Reader_2_6.csv
3562,1,1,0,Reader_2_7.csv
3562,0,0,0,Reader_2_8.csv
3562,0,0,0,Reader_2_9.csv
3562,6,4,2,reader_3_1.csv
3562,5,2,3,Reader_3_2.csv
3562,3,3,0,Reader_3_3.csv
3562,3,3,0,Reader_3_4.csv
3562,1,1,0,Reader_3_5.csv
3562,2,2,0,Reader_3_6.csv
3562,0,0,0,Reader_3_7.csv
3563,43,34,9,Reader_1_1.csv
3563,1,1,0,Reader_1_10.csv
3563,2,2,0,Reader_1_11.csv
3563,0,0,0,Reader_1_12.csv
3563,1,1,0,Reader_1_2.csv
3563,0,0,0,Reader_1_3.csv
3563,0,0,0,Reader_1_4.csv
3563,0,0,0,Reader_1_5.csv
3563,1,1,0,Reader_1_6.csv
3563,0,0,0,Reader_1_7.csv
3563,0,0,0,Reader_1_8.csv
3563,0,0,0,Reader_1_9.csv
3563,0,0,0,Reader_2_1.csv
3563,0,0,0,Reader_2_10.csv
3563,0,0,0,Reader_2_11.csv
3563,0,0,0,Reader_2_12.csv
3563,0,0,0,Reader_2_2.csv
3563,2,2,0,Reader_2_3.csv
3563,1,1,0,Reader_2_4.csv
3563,1,1,0,Reader_2_5.csv
3563,0,0,0,Reader_2_6.csv
3563,1,1,0,Reader_2_7.csv
3563,0,0,0,Reader_2_8.csv
3563,0,0,0,Reader_2_9.csv
3563,7,5,2,reader_3_1.csv
3563,5,3,2,Reader_3_2.csv
3563,3,3,0,Reader_3_3.csv
3563,3,3,0,Reader_3_4.csv
3563,1,1,0,Reader_3_5.csv
3563,2,2,0,Reader_3_6.csv
3563,1,0,1,Reader_3_7.csv
3564,40,30,10,Reader_1_1.csv
3564,1,1,0,Reader_1_10.csv
3564,2,2,0,Reader_1_11.csv
3564,0,0,0,Reader_1_12.csv
3564,1,1,0,Reader_1_2.csv
3564,0,0,0,Reader_1_3.csv
3564,0,0,0,Reader_1_4.csv
3564,0,0,0,Reader_1_5.csv
3564,1,1,0,Reader_1_6.csv
3564,0,0,0,Reader_1_7.csv
3564,0,0,0,Reader_1_8.csv
3564,0,0,0,Reader_1_9.csv
3564,0,0,0,Reader_2_1.csv
3564,0,0,0,Reader_2_10.csv
3564,0,0,0,Reader_2_11.csv
3564,0,0,0,Reader_2_12.csv
3564,0,0,0,Reader_2_2.csv
3564,1,1,0,Reader_2_3.csv
3564,1,1,0,Reader_2_4.csv
3564,1,1,0,Reader_2_5.csv
3564,0,0,0,Reader_2_6.csv
3564,1,1,0,Reader_2_7.csv
3564,0,0,0,Reader_2_8.csv
3564,0,0,0,Reader_2_9.csv
3564,9,7,2,reader_3_1.csv
3564,4,2,2,Reader_3_2.csv
3564,3,3,0,Reader_3_3.csv
3564,3,3,0,Reader_3_4.csv
3564,2,1,1,Reader_3_5.csv
3564,4,4,0,Reader_3_6.csv
3564,3,0,3,Reader_3_7.csv
3565,39,31,8,Reader_1_1.csv
3565,1,1,0,Reader_1_10.csv
3565,2,2,0,Reader_1_11.csv
3565,0,0,0,Reader_1_12.csv
3565,1,1,0,Reader_1_2.csv
3565,0,0,0,Reader_1_3.csv
3565,0,0,0,Reader_1_4.csv
3565,0,0,0,Reader_1_5.csv
3565,1,1,0,Reader_1_6.csv
3565,0,0,0,Reader_1_7.csv
3565,0,0,0,Reader_1_8.csv
3565,0,0,0,Reader_1_9.csv
3565,0,0,0,Reader_2_1.csv
3565,0,0,0,Reader_2_10.csv
3565,0,0,0,Reader_2_11.csv
3565,0,0,0,Reader_2_12.csv
3565,0,0,0,Reader_2_2.csv
3565,0,0,0,Reader_2_3.csv
3565,1,1,0,Reader_2_4.csv
3565,1,1,0,Reader_2_5.csv
3565,0,0,0,Reader_2_6.csv
3565,1,1,0,Reader_2_7.csv
3565,0,0,0,Reader_2_8.csv
3565,0,0,0,Reader_2_9.csv
3565,10,8,2,reader_3_1.csv
3565,4,2,2,Reader_3_2.csv
3565,3,3,0,Reader_3_3.csv
3565,3,3,0,Reader_3_4.csv
3565,3,2,1,Reader_3_5.csv
3565,4,4,0,Reader_3_6.csv
3565,3,0,3,Reader_3_7.csv
3566,32,26,6,Reader_1_1.csv
3566,1,1,0,Reader_1_10.csv
3566,2,2,0,Reader_1_11.csv
3566,0,0,0,Reader_1_12.csv
3566,1,1,0,Reader_1_2.csv
3566,0,0,0,Reader_1_3.csv
3566,0,0,0,Reader_1_4.csv
3566,0,0,0,Reader_1_5.csv
3566,1,1,0,Reader_1_6.csv
3566,0,0,0,Reader_1_7.csv
3566,0,0,0,Reader_1_8.csv
3566,0,0,0,Reader_1_9.csv
3566,0,0,0,Reader_2_1.csv
3566,0,0,0,Reader_2_10.csv
3566,0,0,0,Reader_2_11.csv
3566,0,0,0,Reader_2_12.csv
3566,0,0,0,Reader_2_2.csv
3566,0,0,0,Reader_2_3.csv
3566,1,1,0,Reader_2_4.csv
3566,1,1,0,Reader_2_5.csv
3566,0,0,0,Reader_2_6.csv
3566,1,1,0,Reader_2_7.csv
3566,1,1,0,Reader_2_8.csv
3566,0,0,0,Reader_2_9.csv
3566,8,7,1,reader_3_1.csv
3566,3,2,1,Reader_3_2.csv
3566,4,3,1,Reader_3_3.csv
3566,4,3,1,Reader_3_4.csv
3566,4,2,2,Reader_3_5.csv
3566,4,4,0,Reader_3_6.csv
3566,4,1,3,Reader_3_7.csv
3567,31,26,5,Reader_1_1.csv
3567,0,0,0,Reader_1_10.csv
3567,1,1,0,Reader_1_11.csv
3567,0,0,0,Reader_1_12.csv
3567,1,1,0,Reader_1_2.csv
3567,0,0,0,Reader_1_3.csv
3567,0,0,0,Reader_1_4.csv
3567,0,0,0,Reader_1_5.csv
3567,0,0,0,Reader_1_6.csv
3567,0,0,0,Reader_1_7.csv
3567,0,0,0,Reader_1_8.csv
3567,0,0,0,Reader_1_9.csv
3567,0,0,0,Reader_2_1.csv
3567,0,0,0,Reader_2_10.csv
3567,0,0,0,Reader_2_11.csv
3567,0,0,0,Reader_2_12.csv
3567,0,0,0,Reader_2_2.csv
3567,0,0,0,Reader_2_3.csv
3567,1,1,0,Reader_2_4.csv
3567,1,1,0,Reader_2_5.csv
3567,0,0,0,Reader_2_6.csv
3567,1,1,0,Reader_2_7.csv
3567,1,1,0,Reader_2_8.csv
3567,0,0,0,Reader_2_9.csv
3567,13,11,2,reader_3_1.csv
3567,3,1,2,Reader_3_2.csv
3567,4,3,1,Reader_3_3.csv
3567,4,3,1,Reader_3_4.csv
3567,4,2,2,Reader_3_5.csv
3567,4,4,0,Reader_3_6.csv
3567,4,1,3,Reader_3_7.csv
3568,29,25,4,Reader_1_1.csv
3568,0,0,0,Reader_1_10.csv
3568,0,0,0,Reader_1_11.csv
3568,0,0,0,Reader_1_12.csv
3568,1,1,0,Reader_1_2.csv
3568,0,0,0,Reader_1_3.csv
3568,0,0,0,Reader_1_4.csv
3568,0,0,0,Reader_1_5.csv
3568,0,0,0,Reader_1_6.csv
3568,0,0,0,Reader_1_7.csv
3568,0,0,0,Reader_1_8.csv
3568,0,0,0,Reader_1_9.csv
3568,0,0,0,Reader_2_1.csv
3568,1,1,0,Reader_2_10.csv
3568,0,0,0,Reader_2_11.csv
3568,0,0,0,Reader_2_12.csv
3568,0,0,0,Reader_2_2.csv
3568,1,0,1,Reader_2_3.csv
3568,0,0,0,Reader_2_4.csv
3568,1,1,0,Reader_2_5.csv
3568,0,0,0,Reader_2_6.csv
3568,0,0,0,Reader_2_7.csv
3568,2,2,0,Reader_2_8.csv
3568,0,0,0,Reader_2_9.csv
3568,13,11,2,reader_3_1.csv
3568,3,2,1,Reader_3_2.csv
3568,2,1,1,Reader_3_3.csv
3568,2,1,1,Reader_3_4.csv
3568,5,3,2,Reader_3_5.csv
3568,3,3,0,Reader_3_6.csv
3568,5,2,3,Reader_3_7.csv
3569,20,17,3,Reader_1_1.csv
3569,0,0,0,Reader_1_10.csv
3569,0,0,0,Reader_1_11.csv
3569,0,0,0,Reader_1_12.csv
3569,0,0,0,Reader_1_2.csv
3569,0,0,0,Reader_1_3.csv
3569,0,0,0,Reader_1_4.csv
3569,0,0,0,Reader_1_5.csv
3569,0,0,0,Reader_1_6.csv
3569,0,0,0,Reader_1_7.csv
3569,0,0,0,Reader_1_8.csv
3569,0,0,0,Reader_1_9.csv
3569,0,0,0,Reader_2_1.csv
3569,1,1,0,Reader_2_10.csv
3569,0,0,0,Reader_2_11.csv
3569,1,1,0,Reader_2_12.csv
3569,0,0,0,Reader_2_2.csv
3569,1,0,1,Reader_2_3.csv
3569,0,0,0,Reader_2_4.csv
3569,1,1,0,Reader_2_5.csv
3569,0,0,0,Reader_2_6.csv
3569,0,0,0,Reader_2_7.csv
3569,2,2,0,Reader_2_8.csv
3569,0,0,0,Reader_2_9.csv
3569,12,10,2,reader_3_1.csv
3569,4,3,1,Reader_3_2.csv
3569,2,1,1,Reader_3_3.csv
3569,2,1,1,Reader_3_4.csv
3569,5,3,2,Reader_3_5.csv
3569,3,3,0,Reader_3_6.csv
3569,5,2,3,Reader_3_7.csv
3570,19,17,2,Reader_1_1.csv
3570,0,0,0,Reader_1_10.csv
3570,0,0,0,Reader_1_11.csv
3570,0,0,0,Reader_1_12.csv
3570,1,1,0,Reader_1_2.csv
3570,0,0,0,Reader_1_3.csv
3570,0,0,0,Reader_1_4.csv
3570,0,0,0,Reader_1_5.csv
3570,0,0,0,Reader_1_6.csv
3570,0,0,0,Reader_1_7.csv
3570,0,0,0,Reader_1_8.csv
3570,0,0,0,Reader_1_9.csv
3570,0,0,0,Reader_2_1.csv
3570,1,1,0,Reader_2_10.csv
3570,0,0,0,Reader_2_11.csv
3570,1,1,0,Reader_2_12.csv
3570,0,0,0,Reader_2_2.csv
3570,1,0,1,Reader_2_3.csv
3570,0,0,0,Reader_2_4.csv
3570,0,0,0,Reader_2_5.csv
3570,0,0,0,Reader_2_6.csv
3570,0,0,0,Reader_2_7.csv
3570,2,2,0,Reader_2_8.csv
3570,0,0,0,Reader_2_9.csv
3570,14,11,3,reader_3_1.csv
3570,4,3,1,Reader_3_2.csv
3570,2,1,1,Reader_3_3.csv
3570,2,1,1,Reader_3_4.csv
3570,5,3,2,Reader_3_5.csv
3570,3,3,0,Reader_3_6.csv
3570,5,2,3,Reader_3_7.csv
3571,20,18,2,Reader_1_1.csv
3571,0,0,0,Reader_1_10.csv
3571,0,0,0,Reader_1_11.csv
3571,0,0,0,Reader_1_12.csv
3571,1,1,0,Reader_1_2.csv
3571,0,0,0,Reader_1_3.csv
3571,0,0,0,Reader_1_4.csv
3571,0,0,0,Reader_1_5.csv
3571,0,0,0,Reader_1_6.csv
3571,0,0,0,Reader_1_7.csv
3571,0,0,0,Reader_1_8.csv
3571,0,0,0,Reader_1_9.csv
3571,0,0,0,Reader_2_1.csv
3571,1,1,0,Reader_2_10.csv
3571,0,0,0,Reader_2_11.csv
3571,1,1,0,Reader_2_12.csv
3571,0,0,0,Reader_2_2.csv
3571,1,0,1,Reader_2_3.csv
3571,0,0,0,Reader_2_4.csv
3571,0,0,0,Reader_2_5.csv
3571,0,0,0,Reader_2_6.csv
3571,0,0,0,Reader_2_7.csv
3571,2,2,0,Reader_2_8.csv
3571,0,0,0,Reader_2_9.csv
3571,15,12,3,reader_3_1.csv
3571,4,2,2,Reader_3_2.csv
3571,3,2,1,Reader_3_3.csv
3571,3,2,1,Reader_3_4.csv
3571,5,3,2,Reader_3_5.csv
3571,3,3,0,Reader_3_6.csv
3571,5,3,2,Reader_3_7.csv
3572,23,22,1,Reader_1_1.csv
3572,0,0,0,Reader_1_10.csv
3572,0,0,0,Reader_1_11.csv
3572,0,0,0,Reader_1_12.csv
3572,1,1,0,Reader_1_2.csv
3572,0,0,0,Reader_1_3.csv
3572,0,0,0,Reader_1_4.csv
3572,0,0,0,Reader_1_5.csv
3572,0,0,0,Reader_1_6.csv
3572,0,0,0,Reader_1_7.csv
3572,0,0,0,Reader_1_8.csv
3572,0,0,0,Reader_1_9.csv
3572,0,0,0,Reader_2_1.csv
3572,1,1,0,Reader_2_10.csv
3572,0,0,0,Reader_2_11.csv
3572,2,2,0,Reader_2_12.csv
3572,0,0,0,Reader_2_2.csv
3572,1,0,1,Reader_2_3.csv
3572,1,1,0,Reader_2_4.csv
3572,0,0,0,Reader_2_5.csv
3572,0,0,0,Reader_2_6.csv
3572,0,0,0,Reader_2_7.csv
3572,2,2,0,Reader_2_8.csv
3572,0,0,0,Reader_2_9.csv
3572,13,10,3,reader_3_1.csv
3572,4,2,2,Reader_3_2.csv
3572,3,2,1,Reader_3_3.csv
3572,3,2,1,Reader_3_4.csv
3572,3,2,1,Reader_3_5.csv
3572,1,1,0,Reader_3_6.csv
3572,4,4,0,Reader_3_7.csv
3573,18,17,1,Reader_1_1.csv
3573,0,0,0,Reader_1_10.csv
3573,1,1,0,Reader_1_11.csv
3573,0,0,0,Reader_1_12.csv
3573,1,1,0,Reader_1_2.csv
3573,1,1,0,Reader_1_3.csv
3573,0,0,0,Reader_1_4.csv
3573,0,0,0,Reader_1_5.csv
3573,0,0,0,Reader_1_6.csv
3573,0,0,0,Reader_1_7.csv
3573,0,0,0,Reader_1_8.csv
3573,1,0,1,Reader_1_9.csv
3573,0,0,0,Reader_2_1.csv
3573,1,1,0,Reader_2_10.csv
3573,0,0,0,Reader_2_11.csv
3573,2,2,0,Reader_2_12.csv
3573,0,0,0,Reader_2_2.csv
3573,1,0,1,Reader_2_3.csv
3573,2,1,1,Reader_2_4.csv
3573,0,0,0,Reader_2_5.csv
3573,0,0,0,Reader_2_6.csv
3573,0,0,0,Reader_2_7.csv
3573,2,2,0,Reader_2_8.csv
3573,0,0,0,Reader_2_9.csv
3573,11,8,3,reader_3_1.csv
3573,5,2,3,Reader_3_2.csv
3573,2,1,1,Reader_3_3.csv
3573,2,1,1,Reader_3_4.csv
3573,2,1,1,Reader_3_5.csv
3573,1,1,0,Reader_3_6.csv
3573,5,4,1,Reader_3_7.csv
3574,15,15,0,Reader_1_1.csv
3574,0,0,0,Reader_1_10.csv
3574,2,2,0,Reader_1_11.csv
3574,0,0,0,Reader_1_12.csv
3574,1,1,0,Reader_1_2.csv
3574,1,1,0,Reader_1_3.csv
3574,0,0,0,Reader_1_4.csv
3574,0,0,0,Reader_1_5.csv
3574,0,0,0,Reader_1_6.csv
3574,0,0,0,Reader_1_7.csv
3574,0,0,0,Reader_1_8.csv
3574,1,0,1,Reader_1_9.csv
3574,0,0,0,Reader_2_1.csv
3574,1,1,0,Reader_2_10.csv
3574,0,0,0,Reader_2_11.csv
3574,2,2,0,Reader_2_12.csv
3574,0,0,0,Reader_2_2.csv
3574,1,0,1,Reader_2_3.csv
3574,2,1,1,Reader_2_4.csv
3574,0,0,0,Reader_2_5.csv
3574,0,0,0,Reader_2_6.csv
3574,0,0,0,Reader_2_7.csv
3574,1,1,0,Reader_2_8.csv
3574,0,0,0,Reader_2_9.csv
3574,12,9,3,reader_3_1.csv
3574,5,2,3,Reader_3_2.csv
3574,1,1,0,Reader_3_3.csv
3574,1,1,0,Reader_3_4.csv
3574,1,1,0,Reader_3_5.csv
3574,2,2,0,Reader_3_6.csv
3574,4,3,1,Reader_3_7.csv
3575,12,12,0,Reader_1_1.csv
3575,0,0,0,Reader_1_10.csv
3575,3,3,0,Reader_1_11.csv
3575,0,0,0,Reader_1_12.csv
3575,1,1,0,Reader_1_2.csv
3575,1,1,0,Reader_1_3.csv
3575,0,0,0,Reader_1_4.csv
3575,0,0,0,Reader_1_5.csv
3575,0,0,0,Reader_1_6.csv
3575,0,0,0,Reader_1_7.csv
3575,0,0,0,Reader_1_8.csv
3575,1,0,1,Reader_1_9.csv
3575,0,0,0,Reader_2_1.csv
3575,1,1,0,Reader_2_10.csv
3575,0,0,0,Reader_2_11.csv
3575,2,2,0,Reader_2_12.csv
3575,0,0,0,Reader_2_2.csv
3575,1,0,1,Reader_2_3.csv
3575,2,1,1,Reader_2_4.csv
3575,0,0,0,Reader_2_5.csv
3575,0,0,0,Reader_2_6.csv
3575,0,0,0,Reader_2_7.csv
3575,1,1,0,Reader_2_8.csv
3575,0,0,0,Reader_2_9.csv
3575,10,9,1,reader_3_1.csv
3575,4,2,2,Reader_3_2.csv
3575,1,1,0,Reader_3_3.csv
3575,1,1,0,Reader_3_4.csv
3575,1,1,0,Reader_3_5.csv
3575,1,1,0,Reader_3_6.csv
3575,4,3,1,Reader_3_7.csv
3576,10,10,0,Reader_1_1.csv
3576,0,0,0,Reader_1_10.csv
3576,4,4,0,Reader_1_11.csv
3576,0,0,0,Reader_1_12.csv
3576,1,1,0,Reader_1_2.csv
3576,1,1,0,Reader_1_3.csv
3576,0,0,0,Reader_1_4.csv
3576,0,0,0,Reader_1_5.csv
3576,0,0,0,Reader_1_6.csv
3576,0,0,0,Reader_1_7.csv
3576,0,0,0,Reader_1_8.csv
3576,2,1,1,Reader_1_9.csv
3576,0,0,0,Reader_2_1.csv
3576,0,0,0,Reader_2_10.csv
3576,0,0,0,Reader_2_11.csv
3576,2,2,0,Reader_2_12.csv
3576,0,0,0,Reader_2_2.csv
3576,0,0,0,Reader_2_3.csv
3576,2,1,1,Reader_2_4.csv
3576,0,0,0,Reader_2_5.csv
3576,0,0,0,Reader_2_6.csv
3576,0,0,0,Reader_2_7.csv
3576,0,0,0,Reader_2_8.csv
3576,0,0,0,Reader_2_9.csv
3576,10,8,2,reader_3_1.csv
3576,3,1,2,Reader_3_2.csv
3576,1,1,0,Reader_3_3.csv
3576,1,1,0,Reader_3_4.csv
3576,1,1,0,Reader_3_5.csv
3576,1,1,0,Reader_3_6.csv
3576,3,2,1,Reader_3_7.csv
3577,11,11,0,Reader_1_1.csv
3577,0,0,0,Reader_1_10.csv
3577,5,5,0,Reader_1_11.csv
3577,0,0,0,Reader_1_12.csv
3577,1,1,0,Reader_1_2.csv
3577,1,1,0,Reader_1_3.csv
3577,0,0,0,Reader_1_4.csv
3577,1,1,0,Reader_1_5.csv
3577,0,0,0,Reader_1_6.csv
3577,0,0,0,Reader_1_7.csv
3577,0,0,0,Reader_1_8.csv
3577,2,1,1,Reader_1_9.csv
3577,0,0,0,Reader_2_1.csv
3577,0,0,0,Reader_2_10.csv
3577,0,0,0,Reader_2_11.csv
3577,1,1,0,Reader_2_12.csv
3577,0,0,0,Reader_2_2.csv
3577,0,0,0,Reader_2_3.csv
3577,2,1,1,Reader_2_4.csv
3577,0,0,0,Reader_2_5.csv
3577,0,0,0,Reader_2_6.csv
3577,0,0,0,Reader_2_7.csv
3577,0,0,0,Reader_2_8.csv
3577,0,0,0,Reader_2_9.csv
3577,11,9,2,reader_3_1.csv
3577,2,0,2,Reader_3_2.csv
3577,1,1,0,Reader_3_3.csv
3577,1,1,0,Reader_3_4.csv
3577,1,1,0,Reader_3_5.csv
3577,1,1,0,Reader_3_6.csv
3577,4,3,1,Reader_3_7.csv
3578,9,9,0,Reader_1_1.csv
3578,0,0,0,Reader_1_10.csv
3578,5,5,0,Reader_1_11.csv
3578,0,0,0,Reader_1_12.csv
3578,0,0,0,Reader_1_2.csv
3578,1,1,0,Reader_1_3.csv
3578,0,0,0,Reader_1_4.csv
3578,1,1,0,Reader_1_5.csv
3578,1,1,0,Reader_1_6.csv
3578,0,0,0,Reader_1_7.csv
3578,0,0,0,Reader_1_8.csv
3578,2,1,1,Reader_1_9.csv
3578,0,0,0,Reader_2_1.csv
3578,0,0,0,Reader_2_10.csv
3578,0,0,0,Reader_2_11.csv
3578,1,1,0,Reader_2_12.csv
3578,0,0,0,Reader_2_2.csv
3578,0,0,0,Reader_2_3.csv
3578,2,1,1,Reader_2_4.csv
3578,0,0,0,Reader_2_5.csv
3578,0,0,0,Reader_2_6.csv
3578,0,0,0,Reader_2_7.csv
3578,1,1,0,Reader_2_8.csv
3578,0,0,0,Reader_2_9.csv
3578,9,8,1,reader_3_1.csv
3578,2,0,2,Reader_3_2.csv
3578,1,1,0,Reader_3_3.csv
3578,1,1,0,Reader_3_4.csv
3578,2,2,0,Reader_3_5.csv
3578,1,1,0,Reader_3_6.csv
3578,5,4,1,Reader_3_7.csv
3579,12,12,0,Reader_1_1.csv
3579,0,0,0,Reader_1_10.csv
3579,5,5,0,Reader_1_11.csv
3579,0,0,0,Reader_1_12.csv
3579,0,0,0,Reader_1_2.csv
3579,1,1,0,Reader_1_3.csv
3579,0,0,0,Reader_1_4.csv
3579,1,1,0,Reader_1_5.csv
3579,1,1,0,Reader_1_6.csv
3579,0,0,0,Reader_1_7.csv
3579,0,0,0,Reader_1_8.csv
3579,2,1,1,Reader_1_9.csv
3579,0,0,0,Reader_2_1.csv
3579,0,0,0,Reader_2_10.csv
3579,0,0,0,Reader_2_11.csv
3579,1,1,0,Reader_2_12.csv
3579,0,0,0,Reader_2_2.csv
3579,0,0,0,Reader_2_3.csv
3579,2,1,1,Reader_2_4.csv
3579,0,0,0,Reader_2_5.csv
3579,0,0,0,Reader_2_6.csv
3579,0,0,0,Reader_2_7.csv
3579,2,2,0,Reader_2_8.csv
3579,0,0,0,Reader_2_9.csv
3579,9,8,1,reader_3_1.csv
3579,1,0,1,Reader_3_2.csv
3579,0,0,0,Reader_3_3.csv
3579,0,0,0,Reader_3_4.csv
3579,2,2,0,Reader_3_5.csv
3579,2,2,0,Reader_3_6.csv
3579,4,3,1,Reader_3_7.csv
3580,7,7,0,Reader_1_1.csv
3580,1,1,0,Reader_1_10.csv
3580,7,7,0,Reader_1_11.csv
3580,0,0,0,Reader_1_12.csv
3580,0,0,0,Reader_1_2.csv
3580,1,1,0,Reader_1_3.csv
3580,0,0,0,Reader_1_4.csv
3580,1,1,0,Reader_1_5.csv
3580,1,1,0,Reader_1_6.csv
3580,0,0,0,Reader_1_7.csv
3580,0,0,0,Reader_1_8.csv
3580,2,1,1,Reader_1_9.csv
3580,0,0,0,Reader_2_1.csv
3580,0,0,0,Reader_2_10.csv
3580,0,0,0,Reader_2_11.csv
3580,0,0,0,Reader_2_12.csv
3580,0,0,0,Reader_2_2.csv
3580,1,1,0,Reader_2_3.csv
3580,1,0,1,Reader_2_4.csv
3580,0,0,0,Reader_2_5.csv
3580,0,0,0,Reader_2_6.csv
3580,0,0,0,Reader_2_7.csv
3580,2,2,0,Reader_2_8.csv
3580,0,0,0,Reader_2_9.csv
3580,9,8,1,reader_3_1.csv
3580,1,0,1,Reader_3_2.csv
3580,0,0,0,Reader_3_3.csv
3580,0,0,0,Reader_3_4.csv
3580,2,2,0,Reader_3_5.csv
3580,2,2,0,Reader_3_6.csv
3580,5,4,1,Reader_3_7.csv
3581,9,9,0,Reader_1_1.csv
3581,1,1,0,Reader_1_10.csv
3581,7,7,0,Reader_1_11.csv
3581,0,0,0,Reader_1_12.csv
3581,0,0,0,Reader_1_2.csv
3581,0,0,0,Reader_1_3.csv
3581,0,0,0,Reader_1_4.csv
3581,2,1,1,Reader_1_5.csv
3581,1,1,0,Reader_1_6.csv
3581,0,0,0,Reader_1_7.csv
3581,0,0,0,Reader_1_8.csv
3581,2,2,0,Reader_1_9.csv
3581,0,0,0,Reader_2_1.csv
3581,0,0,0,Reader_2_10.csv
3581,0,0,0,Reader_2_11.csv
3581,0,0,0,Reader_2_12.csv
3581,0,0,0,Reader_2_2.csv
3581,1,1,0,Reader_2_3.csv
3581,0,0,0,Reader_2_4.csv
3581,0,0,0,Reader_2_5.csv
3581,0,0,0,Reader_2_6.csv
3581,0,0,0,Reader_2_7.csv
3581,2,2,0,Reader_2_8.csv
3581,0,0,0,Reader_2_9.csv
3581,12,10,2,reader_3_1.csv
3581,0,0,0,Reader_3_2.csv
3581,0,0,0,Reader_3_3.csv
3581,0,0,0,Reader_3_4.csv
3581,3,3,0,Reader_3_5.csv
3581,3,3,0,Reader_3_6.csv
3581,5,5,0,Reader_3_7.csv
3582,9,9,0,Reader_1_1.csv
3582,1,1,0,Reader_1_10.csv
3582,7,7,0,Reader_1_11.csv
3582,0,0,0,Reader_1_12.csv
3582,0,0,0,Reader_1_2.csv
3582,0,0,0,Reader_1_3.csv
3582,0,0,0,Reader_1_4.csv
3582,2,1,1,Reader_1_5.csv
3582,1,1,0,Reader_1_6.csv
3582,1,1,0,Reader_1_7.csv
3582,0,0,0,Reader_1_8.csv
3582,2,2,0,Reader_1_9.csv
3582,0,0,0,Reader_2_1.csv
3582,0,0,0,Reader_2_10.csv
3582,0,0,0,Reader_2_11.csv
3582,0,0,0,Reader_2_12.csv
3582,0,0,0,Reader_2_2.csv
3582,1,1,0,Reader_2_3.csv
3582,0,0,0,Reader_2_4.csv
3582,0,0,0,Reader_2_5.csv
3582,0,0,0,Reader_2_6.csv
3582,0,0,0,Reader_2_7.csv
3582,2,2,0,Reader_2_8.csv
3582,0,0,0,Reader_2_9.csv
3582,13,11,2,reader_3_1.csv
3582,0,0,0,Reader_3_2.csv
3582,0,0,0,Reader_3_3.csv
3582,0,0,0,Reader_3_4.csv
3582,4,4,0,Reader_3_5.csv
3582,3,3,0,Reader_3_6.csv
3582,5,5,0,Reader_3_7.csv
3583,9,8,1,Reader_1_1.csv
3583,1,1,0,Reader_1_10.csv
3583,6,6,0,Reader_1_11.csv
3583,0,0,0,Reader_1_12.csv
3583,0,0,0,Reader_1_2.csv
3583,0,0,0,Reader_1_3.csv
3583,0,0,0,Reader_1_4.csv
3583,2,1,1,Reader_1_5.csv
3583,1,1,0,Reader_1_6.csv
3583,1,1,0,Reader_1_7.csv
3583,0,0,0,Reader_1_8.csv
3583,2,2,0,Reader_1_9.csv
3583,0,0,0,Reader_2_1.csv
3583,0,0,0,Reader_2_10.csv
3583,0,0,0,Reader_2_11.csv
3583,0,0,0,Reader_2_12.csv
3583,0,0,0,Reader_2_2.csv
3583,1,1,0,Reader_2_3.csv
3583,0,0,0,Reader_2_4.csv
3583,0,0,0,Reader_2_5.csv
3583,0,0,0,Reader_2_6.csv
3583,0,0,0,Reader_2_7.csv
3583,2,2,0,Reader_2_8.csv
3583,0,0,0,Reader_2_9.csv
3583,9,7,2,reader_3_1.csv
3583,0,0,0,Reader_3_2.csv
3583,1,1,0,Reader_3_3.csv
3583,1,1,0,Reader_3_4.csv
3583,4,4,0,Reader_3_5.csv
3583,3,3,0,Reader_3_6.csv
3583,5,5,0,Reader_3_7.csv
3584,10,9,1,Reader_1_1.csv
3584,4,3,1,Reader_1_10.csv
3584,6,6,0,Reader_1_11.csv
3584,0,0,0,Reader_1_12.csv
3584,1,1,0,Reader_1_2.csv
3584,0,0,0,Reader_1_3.csv
3584,0,0,0,Reader_1_4.csv
3584,2,1,1,Reader_1_5.csv
3584,1,1,0,Reader_1_6.csv
3584,2,2,0,Reader_1_7.csv
3584,0,0,0,Reader_1_8.csv
3584,1,1,0,Reader_1_9.csv
3584,0,0,0,Reader_2_1.csv
3584,0,0,0,Reader_2_10.csv
3584,0,0,0,Reader_2_11.csv
3584,0,0,0,Reader_2_12.csv
3584,0,0,0,Reader_2_2.csv
3584,1,1,0,Reader_2_3.csv
3584,0,0,0,Reader_2_4.csv
3584,0,0,0,Reader_2_5.csv
3584,0,0,0,Reader_2_6.csv
3584,0,0,0,Reader_2_7.csv
3584,2,2,0,Reader_2_8.csv
3584,0,0,0,Reader_2_9.csv
3584,8,7,1,reader_3_1.csv
3584,0,0,0,Reader_3_2.csv
3584,1,1,0,Reader_3_3.csv
3584,1,1,0,Reader_3_4.csv
3584,5,5,0,Reader_3_5.csv
3584,3,3,0,Reader_3_6.csv
3584,6,6,0,Reader_3_7.csv
3585,9,8,1,Reader_1_1.csv
3585,4,3,1,Reader_1_10.csv
3585,6,6,0,Reader_1_11.csv
3585,0,0,0,Reader_1_12.csv
3585,1,1,0,Reader_1_2.csv
3585,0,0,0,Reader_1_3.csv
3585,0,0,0,Reader_1_4.csv
3585,2,1,1,Reader_1_5.csv
3585,1,1,0,Reader_1_6.csv
3585,2,2,0,Reader_1_7.csv
3585,0,0,0,Reader_1_8.csv
3585,2,2,0,Reader_1_9.csv
3585,0,0,0,Reader_2_1.csv
3585,0,0,0,Reader_2_10.csv
3585,0,0,0,Reader_2_11.csv
3585,0,0,0,Reader_2_12.csv
3585,0,0,0,Reader_2_2.csv
3585,1,1,0,Reader_2_3.csv
3585,0,0,0,Reader_2_4.csv
3585,0,0,0,Reader_2_5.csv
3585,0,0,0,Reader_2_6.csv
3585,0,0,0,Reader_2_7.csv
3585,2,2,0,Reader_2_8.csv
3585,0,0,0,Reader_2_9.csv
3585,7,6,1,reader_3_1.csv
3585,0,0,0,Reader_3_2.csv
3585,1,1,0,Reader_3_3.csv
3585,1,1,0,Reader_3_4.csv
3585,5,5,0,Reader_3_5.csv
3585,4,4,0,Reader_3_6.csv
3585,6,6,0,Reader_3_7.csv
3586,9,8,1,Reader_1_1.csv
3586,4,3,1,Reader_1_10.csv
3586,7,7,0,Reader_1_11.csv
3586,0,0,0,Reader_1_12.csv
3586,2,2,0,Reader_1_2.csv
3586,0,0,0,Reader_1_3.csv
3586,0,0,0,Reader_1_4.csv
3586,2,1,1,Reader_1_5.csv
3586,0,0,0,Reader_1_6.csv
3586,2,2,0,Reader_1_7.csv
3586,0,0,0,Reader_1_8.csv
3586,2,2,0,Reader_1_9.csv
3586,0,0,0,Reader_2_1.csv
3586,1,1,0,Reader_2_10.csv
3586,0,0,0,Reader_2_11.csv
3586,0,0,0,Reader_2_12.csv
3586,0,0,0,Reader_2_2.csv
3586,2,2,0,Reader_2_3.csv
3586,0,0,0,Reader_2_4.csv
3586,0,0,0,Reader_2_5.csv
3586,0,0,0,Reader_2_6.csv
3586,0,0,0,Reader_2_7.csv
3586,1,1,0,Reader_2_8.csv
3586,0,0,0,Reader_2_9.csv
3586,8,7,1,reader_3_1.csv
3586,0,0,0,Reader_3_2.csv
3586,1,1,0,Reader_3_3.csv
3586,1,1,0,Reader_3_4.csv
3586,4,4,0,Reader_3_5.csv
3586,4,4,0,Reader_3_6.csv
3586,6,6,0,Reader_3_7.csv
3587,5,3,2,Reader_1_1.csv
3587,4,3,1,Reader_1_10.csv
3587,7,7,0,Reader_1_11.csv
3587,0,0,0,Reader_1_12.csv
3587,2,2,0,Reader_1_2.csv
3587,0,0,0,Reader_1_3.csv
3587,0,0,0,Reader_1_4.csv
3587,2,1,1,Reader_1_5.csv
3587,0,0,0,Reader_1_6.csv
3587,2,2,0,Reader_1_7.csv
3587,0,0,0,Reader_1_8.csv
3587,3,3,0,Reader_1_9.csv
3587,1,0,1,Reader_2_1.csv
3587,1,1,0,Reader_2_10.csv
3587,0,0,0,Reader_2_11.csv
3587,0,0,0,Reader_2_12.csv
3587,0,0,0,Reader_2_2.csv
3587,2,2,0,Reader_2_3.csv
3587,0,0,0,Reader_2_4.csv
3587,0,0,0,Reader_2_5.csv
3587,0,0,0,Reader_2_6.csv
3587,0,0,0,Reader_2_7.csv
3587,0,0,0,Reader_2_8.csv
3587,0,0,0,Reader_2_9.csv
3587,6,5,1,reader_3_1.csv
3587,1,1,0,Reader_3_2.csv
3587,1,1,0,Reader_3_3.csv
3587,1,1,0,Reader_3_4.csv
3587,4,4,0,Reader_3_5.csv
3587,3,3,0,Reader_3_6.csv
3587,9,9,0,Reader_3_7.csv
3588,5,3,2,Reader_1_1.csv
3588,3,2,1,Reader_1_10.csv
3588,5,5,0,Reader_1_11.csv
3588,0,0,0,Reader_1_12.csv
3588,2,2,0,Reader_1_2.csv
3588,0,0,0,Reader_1_3.csv
3588,0,0,0,Reader_1_4.csv
3588,2,1,1,Reader_1_5.csv
3588,0,0,0,Reader_1_6.csv
3588,2,2,0,Reader_1_7.csv
3588,0,0,0,Reader_1_8.csv
3588,3,3,0,Reader_1_9.csv
3588,1,0,1,Reader_2_1.csv
3588,1,1,0,Reader_2_10.csv
3588,0,0,0,Reader_2_11.csv
3588,0,0,0,Reader_2_12.csv
3588,0,0,0,Reader_2_2.csv
3588,1,1,0,Reader_2_3.csv
3588,0,0,0,Reader_2_4.csv
3588,1,1,0,Reader_2_5.csv
3588,0,0,0,Reader_2_6.csv
3588,0,0,0,Reader_2_7.csv
3588,0,0,0,Reader_2_8.csv
3588,0,0,0,Reader_2_9.csv
3588,8,7,1,reader_3_1.csv
3588,1,1,0,Reader_3_2.csv
3588,2,1,1,Reader_3_3.csv
3588,2,1,1,Reader_3_4.csv
3588,4,4,0,Reader_3_5.csv
3588,4,4,0,Reader_3_6.csv
3588,8,8,0,Reader_3_7.csv
3589,4,2,2,Reader_1_1.csv
3589,3,2,1,Reader_1_10.csv
3589,4,4,0,Reader_1_11.csv
3589,0,0,0,Reader_1_12.csv
3589,2,2,0,Reader_1_2.csv
3589,0,0,0,Reader_1_3.csv
3589,0,0,0,Reader_1_4.csv
3589,1,1,0,Reader_1_5.csv
3589,0,0,0,Reader_1_6.csv
3589,3,3,0,Reader_1_7.csv
3589,0,0,0,Reader_1_8.csv
3589,2,2,0,Reader_1_9.csv
3589,1,0,1,Reader_2_1.csv
3589,1,1,0,Reader_2_10.csv
3589,0,0,0,Reader_2_11.csv
3589,0,0,0,Reader_2_12.csv
3589,0,0,0,Reader_2_2.csv
3589,1,1,0,Reader_2_3.csv
3589,0,0,0,Reader_2_4.csv
3589,1,1,0,Reader_2_5.csv
3589,0,0,0,Reader_2_6.csv
3589,0,0,0,Reader_2_7.csv
3589,0,0,0,Reader_2_8.csv
3589,0,0,0,Reader_2_9.csv
3589,5,5,0,reader_3_1.csv
3589,1,1,0,Reader_3_2.csv
3589,2,1,1,Reader_3_3.csv
3589,2,1,1,Reader_3_4.csv
3589,4,4,0,Reader_3_5.csv
3589,3,3,0,Reader_3_6.csv
3589,11,10,1,Reader_3_7.csv
3590,6,3,3,Reader_1_1.csv
3590,3,2,1,Reader_1_10.csv
3590,4,3,1,Reader_1_11.csv
3590,0,0,0,Reader_1_12.csv
3590,2,2,0,Reader_1_2.csv
3590,0,0,0,Reader_1_3.csv
3590,0,0,0,Reader_1_4.csv
3590,1,1,0,Reader_1_5.csv
3590,0,0,0,Reader_1_6.csv
3590,2,2,0,Reader_1_7.csv
3590,0,0,0,Reader_1_8.csv
3590,2,2,0,Reader_1_9.csv
3590,1,0,1,Reader_2_1.csv
3590,1,1,0,Reader_2_10.csv
3590,0,0,0,Reader_2_11.csv
3590,0,0,0,Reader_2_12.csv
3590,0,0,0,Reader_2_2.csv
3590,1,1,0,Reader_2_3.csv
3590,0,0,0,Reader_2_4.csv
3590,1,1,0,Reader_2_5.csv
3590,1,1,0,Reader_2_6.csv
3590,0,0,0,Reader_2_7.csv
3590,0,0,0,Reader_2_8.csv
3590,0,0,0,Reader_2_9.csv
3590,5,4,1,reader_3_1.csv
3590,1,1,0,Reader_3_2.csv
3590,3,1,2,Reader_3_3.csv
3590,3,1,2,Reader_3_4.csv
3590,4,4,0,Reader_3_5.csv
3590,2,2,0,Reader_3_6.csv
3590,12,11,1,Reader_3_7.csv
3591,5,3,2,Reader_1_1.csv
3591,3,2,1,Reader_1_10.csv
3591,5,4,1,Reader_1_11.csv
3591,0,0,0,Reader_1_12.csv
3591,2,2,0,Reader_1_2.csv
3591,0,0,0,Reader_1_3.csv
3591,0,0,0,Reader_1_4.csv
3591,1,1,0,Reader_1_5.csv
3591,0,0,0,Reader_1_6.csv
3591,2,2,0,Reader_1_7.csv
3591,0,0,0,Reader_1_8.csv
3591,2,2,0,Reader_1_9.csv
3591,1,0,1,Reader_2_1.csv
3591,1,1,0,Reader_2_10.csv
3591,0,0,0,Reader_2_11.csv
3591,0,0,0,Reader_2_12.csv
3591,0,0,0,Reader_2_2.csv
3591,1,1,0,Reader_2_3.csv
3591,0,0,0,Reader_2_4.csv
3591,1,1,0,Reader_2_5.csv
3591,1,1,0,Reader_2_6.csv
3591,0,0,0,Reader_2_7.csv
3591,0,0,0,Reader_2_8.csv
3591,0,0,0,Reader_2_9.csv
3591,6,5,1,reader_3_1.csv
3591,1,1,0,Reader_3_2.csv
3591,3,0,3,Reader_3_3.csv
3591,3,0,3,Reader_3_4.csv
3591,4,4,0,Reader_3_5.csv
3591,2,2,0,Reader_3_6.csv
3591,15,14,1,Reader_3_7.csv
3592,5,3,2,Reader_1_1.csv
3592,0,0,0,Reader_1_10.csv
3592,4,3,1,Reader_1_11.csv
3592,0,0,0,Reader_1_12.csv
3592,1,1,0,Reader_1_2.csv
3592,0,0,0,Reader_1_3.csv
3592,0,0,0,Reader_1_4.csv
3592,1,1,0,Reader_1_5.csv
3592,0,0,0,Reader_1_6.csv
3592,1,1,0,Reader_1_7.csv
3592,0,0,0,Reader_1_8.csv
3592,2,2,0,Reader_1_9.csv
3592,1,0,1,Reader_2_1.csv
3592,1,1,0,Reader_2_10.csv
3592,0,0,0,Reader_2_11.csv
3592,0,0,0,Reader_2_12.csv
3592,0,0,0,Reader_2_2.csv
3592,1,1,0,Reader_2_3.csv
3592,0,0,0,Reader_2_4.csv
3592,1,1,0,Reader_2_5.csv
3592,1,1,0,Reader_2_6.csv
3592,0,0,0,Reader_2_7.csv
3592,0,0,0,Reader_2_8.csv
3592,0,0,0,Reader_2_9.csv
3592,6,5,1,reader_3_1.csv
3592,1,1,0,Reader_3_2.csv
3592,3,0,3,Reader_3_3.csv
3592,3,0,3,Reader_3_4.csv
3592,2,2,0,Reader_3_5.csv
3592,2,2,0,Reader_3_6.csv
3592,16,15,1,Reader_3_7.csv
3593,8,6,2,Reader_1_1.csv
3593,0,0,0,Reader_1_10.csv
3593,3,2,1,Reader_1_11.csv
3593,0,0,0,Reader_1_12.csv
3593,1,1,0,Reader_1_2.csv
3593,0,0,0,Reader_1_3.csv
3593,0,0,0,Reader_1_4.csv
3593,0,0,0,Reader_1_5.csv
3593,0,0,0,Reader_1_6.csv
3593,2,2,0,Reader_1_7.csv
3593,0,0,0,Reader_1_8.csv
3593,1,1,0,Reader_1_9.csv
3593,1,0,1,Reader_2_1.csv
3593,2,2,0,Reader_2_10.csv
3593,0,0,0,Reader_2_11.csv
3593,0,0,0,Reader_2_12.csv
3593,0,0,0,Reader_2_2.csv
3593,1,1,0,Reader_2_3.csv
3593,0,0,0,Reader_2_4.csv
3593,1,1,0,Reader_2_5.csv
3593,1,1,0,Reader_2_6.csv
3593,0,0,0,Reader_2_7.csv
3593,0,0,0,Reader_2_8.csv
3593,0,0,0,Reader_2_9.csv
3593,7,6,1,reader_3_1.csv
3593,1,1,0,Reader_3_2.csv
3593,3,0,3,Reader_3_3.csv
3593,3,0,3,Reader_3_4.csv
3593,3,3,0,Reader_3_5.csv
3593,1,1,0,Reader_3_6.csv
3593,17,16,1,Reader_3_7.csv
3594,9,7,2,Reader_1_1.csv
3594,0,0,0,Reader_1_10.csv
3594,2,1,1,Reader_1_11.csv
3594,0,0,0,Reader_1_12.csv
3594,1,1,0,Reader_1_2.csv
3594,0,0,0,Reader_1_3.csv
3594,0,0,0,Reader_1_4.csv
3594,0,0,0,Reader_1_5.csv
3594,0,0,0,Reader_1_6.csv
3594,2,2,0,Reader_1_7.csv
3594,0,0,0,Reader_1_8.csv
3594,1,1,0,Reader_1_9.csv
3594,1,0,1,Reader_2_1.csv
3594,1,1,0,Reader_2_10.csv
3594,0,0,0,Reader_2_11.csv
3594,0,0,0,Reader_2_12.csv
3594,0,0,0,Reader_2_2.csv
3594,0,0,0,Reader_2_3.csv
3594,0,0,0,Reader_2_4.csv
3594,1,1,0,Reader_2_5.csv
3594,1,1,0,Reader_2_6.csv
3594,0,0,0,Reader_2_7.csv
3594,0,0,0,Reader_2_8.csv
3594,0,0,0,Reader_2_9.csv
3594,6,5,1,reader_3_1.csv
3594,1,1,0,Reader_3_2.csv
3594,3,0,3,Reader_3_3.csv
3594,3,0,3,Reader_3_4.csv
3594,4,4,0,Reader_3_5.csv
3594,1,1,0,Reader_3_6.csv
3594,19,18,1,Reader_3_7.csv
3595,8,7,1,Reader_1_1.csv
3595,0,0,0,Reader_1_10.csv
3595,3,1,2,Reader_1_11.csv
3595,0,0,0,Reader_1_12.csv
3595,1,1,0,Reader_1_2.csv
3595,0,0,0,Reader_1_3.csv
3595,0,0,0,Reader_1_4.csv
3595,0,0,0,Reader_1_5.csv
3595,0,0,0,Reader_1_6.csv
3595,2,2,0,Reader_1_7.csv
3595,0,0,0,Reader_1_8.csv
3595,0,0,0,Reader_1_9.csv
3595,0,0,0,Reader_2_1.csv
3595,1,1,0,Reader_2_10.csv
3595,0,0,0,Reader_2_11.csv
3595,0,0,0,Reader_2_12.csv
3595,1,1,0,Reader_2_2.csv
3595,0,0,0,Reader_2_3.csv
3595,0,0,0,Reader_2_4.csv
3595,1,1,0,Reader_2_5.csv
3595,1,1,0,Reader_2_6.csv
3595,0,0,0,Reader_2_7.csv
3595,0,0,0,Reader_2_8.csv
3595,0,0,0,Reader_2_9.csv
3595,7,5,2,reader_3_1.csv
3595,0,0,0,Reader_3_2.csv
3595,3,0,3,Reader_3_3.csv
3595,3,0,3,Reader_3_4.csv
3595,4,4,0,Reader_3_5.csv
3595,1,1,0,Reader_3_6.csv
3595,17,16,1,Reader_3_7.csv
3596,8,7,1,Reader_1_1.csv
3596,0,0,0,Reader_1_10.csv
3596,3,1,2,Reader_1_11.csv
3596,0,0,0,Reader_1_12.csv
3596,1,1,0,Reader_1_2.csv
3596,0,0,0,Reader_1_3.csv
3596,0,0,0,Reader_1_4.csv
3596,0,0,0,Reader_1_5.csv
3596,0,0,0,Reader_1_6.csv
3596,2,2,0,Reader_1_7.csv
3596,0,0,0,Reader_1_8.csv
3596,0,0,0,Reader_1_9.csv
3596,0,0,0,Reader_2_1.csv
3596,1,1,0,Reader_2_10.csv
3596,0,0,0,Reader_2_11.csv
3596,0,0,0,Reader_2_12.csv
3596,1,1,0,Reader_2_2.csv
3596,0,0,0,Reader_2_3.csv
3596,0,0,0,Reader_2_4.csv
3596,0,0,0,Reader_2_5.csv
3596,1,1,0,Reader_2_6.csv
3596,0,0,0,Reader_2_7.csv
3596,0,0,0,Reader_2_8.csv
3596,0,0,0,Reader_2_9.csv
3596,5,3,2,reader_3_1.csv
3596,0,0,0,Reader_3_2.csv
3596,2,0,2,Reader_3_3.csv
3596,2,0,2,Reader_3_4.csv
3596,4,4,0,Reader_3_5.csv
3596,0,0,0,Reader_3_6.csv
3596,18,17,1,Reader_3_7.csv
3597,7,6,1,Reader_1_1.csv
3597,0,0,0,Reader_1_10.csv
3597,3,1,2,Reader_1_11.csv
3597,0,0,0,Reader_1_12.csv
3597,2,2,0,Reader_1_2.csv
3597,0,0,0,Reader_1_3.csv
3597,0,0,0,Reader_1_4.csv
3597,0,0,0,Reader_1_5.csv
3597,0,0,0,Reader_1_6.csv
3597,1,1,0,Reader_1_7.csv
3597,0,0,0,Reader_1_8.csv
3597,0,0,0,Reader_1_9.csv
3597,0,0,0,Reader_2_1.csv
3597,1,1,0,Reader_2_10.csv
3597,0,0,0,Reader_2_11.csv
3597,1,1,0,Reader_2_12.csv
3597,1,1,0,Reader_2_2.csv
3597,0,0,0,Reader_2_3.csv
3597,0,0,0,Reader_2_4.csv
3597,0,0,0,Reader_2_5.csv
3597,1,1,0,Reader_2_6.csv
3597,0,0,0,Reader_2_7.csv
3597,0,0,0,Reader_2_8.csv
3597,0,0,0,Reader_2_9.csv
3597,5,3,2,reader_3_1.csv
3597,0,0,0,Reader_3_2.csv
3597,2,0,2,Reader_3_3.csv
3597,2,0,2,Reader_3_4.csv
3597,3,3,0,Reader_3_5.csv
3597,0,0,0,Reader_3_6.csv
3597,14,14,0,Reader_3_7.csv
3598,5,5,0,Reader_1_1.csv
3598,0,0,0,Reader_1_10.csv
3598,3,2,1,Reader_1_11.csv
3598,0,0,0,Reader_1_12.csv
3598,3,3,0,Reader_1_2.csv
3598,0,0,0,Reader_1_3.csv
3598,0,0,0,Reader_1_4.csv
3598,0,0,0,Reader_1_5.csv
3598,1,1,0,Reader_1_6.csv
3598,2,2,0,Reader_1_7.csv
3598,0,0,0,Reader_1_8.csv
3598,0,0,0,Reader_1_9.csv
3598,0,0,0,Reader_2_1.csv
3598,1,1,0,Reader_2_10.csv
3598,0,0,0,Reader_2_11.csv
3598,1,1,0,Reader_2_12.csv
3598,1,1,0,Reader_2_2.csv
3598,0,0,0,Reader_2_3.csv
3598,0,0,0,Reader_2_4.csv
3598,0,0,0,Reader_2_5.csv
3598,0,0,0,Reader_2_6.csv
3598,0,0,0,Reader_2_7.csv
3598,0,0,0,Reader_2_8.csv
3598,0,0,0,Reader_2_9.csv
3598,3,2,1,reader_3_1.csv
3598,1,1,0,Reader_3_2.csv
3598,2,1,1,Reader_3_3.csv
3598,2,1,1,Reader_3_4.csv
3598,2,2,0,Reader_3_5.csv
3598,0,0,0,Reader_3_6.csv
3598,13,13,0,Reader_3_7.csv
3599,6,6,0,Reader_1_1.csv
3599,0,0,0,Reader_1_10.csv
3599,2,1,1,Reader_1_11.csv
3599,0,0,0,Reader_1_12.csv
3599,3,3,0,Reader_1_2.csv
3599,0,0,0,Reader_1_3.csv
3599,0,0,0,Reader_1_4.csv
3599,0,0,0,Reader_1_5.csv
3599,1,1,0,Reader_1_6.csv
3599,2,2,0,Reader_1_7.csv
3599,0,0,0,Reader_1_8.csv
3599,0,0,0,Reader_1_9.csv
3599,0,0,0,Reader_2_1.csv
3599,1,1,0,Reader_2_10.csv
3599,0,0,0,Reader_2_11.csv
3599,2,2,0,Reader_2_12.csv
3599,1,1,0,Reader_2_2.csv
3599,0,0,0,Reader_2_3.csv
3599,0,0,0,Reader_2_4.csv
3599,0,0,0,Reader_2_5.csv
3599,0,0,0,Reader_2_6.csv
3599,0,0,0,Reader_2_7.csv
3599,0,0,0,Reader_2_8.csv
3599,0,0,0,Reader_2_9.csv
3599,2,1,1,reader_3_1.csv
3599,2,2,0,Reader_3_2.csv
3599,2,2,0,Reader_3_3.csv
3599,2,2,0,Reader_3_4.csv
3599,3,3,0,Reader_3_5.csv
3599,0,0,0,Reader_3_6.csv
3599,11,11,0,Reader_3_7.csv
3600,6,6,0,Reader_1_1.csv
3600,0,0,0,Reader_1_10.csv
3600,3,2,1,Reader_1_11.csv
3600,0,0,0,Reader_1_12.csv
3600,4,4,0,Reader_1_2.csv
3600,0,0,0,Reader_1_3.csv
3600,0,0,0,Reader_1_4.csv
3600,1,0,1,Reader_1_5.csv
3600,1,1,0,Reader_1_6.csv
3600,2,2,0,Reader_1_7.csv
3600,0,0,0,Reader_1_8.csv
3600,0,0,0,Reader_1_9.csv
3600,0,0,0,Reader_2_1.csv
3600,1,1,0,Reader_2_10.csv
3600,0,0,0,Reader_2_11.csv
3600,3,3,0,Reader_2_12.csv
3600,1,1,0,Reader_2_2.csv
3600,1,0,1,Reader_2_3.csv
3600,0,0,0,Reader_2_4.csv
3600,0,0,0,Reader_2_5.csv
3600,0,0,0,Reader_2_6.csv
3600,0,0,0,Reader_2_7.csv
3600,0,0,0,Reader_2_8.csv
3600,0,0,0,Reader_2_9.csv
3600,2,1,1,reader_3_1.csv
3600,2,2,0,Reader_3_2.csv
3600,2,2,0,Reader_3_3.csv
3600,2,2,0,Reader_3_4.csv
3600,3,3,0,Reader_3_5.csv
3600,0,0,0,Reader_3_6.csv
3600,11,10,1,Reader_3_7.csv
3601,4,4,0,Reader_1_1.csv
3601,1,1,0,Reader_1_10.csv
3601,3,2,1,Reader_1_11.csv
3601,0,0,0,Reader_1_12.csv
3601,5,4,1,Reader_1_2.csv
3601,0,0,0,Reader_1_3.csv
3601,0,0,0,Reader_1_4.csv
3601,1,0,1,Reader_1_5.csv
3601,1,1,0,Reader_1_6.csv
3601,1,1,0,Reader_1_7.csv
3601,0,0,0,Reader_1_8.csv
3601,0,0,0,Reader_1_9.csv
3601,0,0,0,Reader_2_1.csv
3601,0,0,0,Reader_2_10.csv
3601,0,0,0,Reader_2_11.csv
3601,3,3,0,Reader_2_12.csv
3601,1,1,0,Reader_2_2.csv
3601,1,0,1,Reader_2_3.csv
3601,0,0,0,Reader_2_4.csv
3601,0,0,0,Reader_2_5.csv
3601,0,0,0,Reader_2_6.csv
3601,0,0,0,Reader_2_7.csv
3601,1,1,0,Reader_2_8.csv
3601,0,0,0,Reader_2_9.csv
3601,1,0,1,reader_3_1.csv
3601,2,2,0,Reader_3_2.csv
3601,2,2,0,Reader_3_3.csv
3601,2,2,0,Reader_3_4.csv
3601,2,2,0,Reader_3_5.csv
3601,0,0,0,Reader_3_6.csv
3601,9,8,1,Reader_3_7.csv
3602,5,5,0,Reader_1_1.csv
3602,1,1,0,Reader_1_10.csv
3602,4,2,2,Reader_1_11.csv
3602,0,0,0,Reader_1_12.csv
3602,4,3,1,Reader_1_2.csv
3602,0,0,0,Reader_1_3.csv
3602,0,0,0,Reader_1_4.csv
3602,1,0,1,Reader_1_5.csv
3602,1,1,0,Reader_1_6.csv
3602,1,1,0,Reader_1_7.csv
3602,0,0,0,Reader_1_8.csv
3602,1,1,0,Reader_1_9.csv
3602,0,0,0,Reader_2_1.csv
3602,0,0,0,Reader_2_10.csv
3602,0,0,0,Reader_2_11.csv
3602,3,3,0,Reader_2_12.csv
3602,1,1,0,Reader_2_2.csv
3602,1,0,1,Reader_2_3.csv
3602,0,0,0,Reader_2_4.csv
3602,0,0,0,Reader_2_5.csv
3602,0,0,0,Reader_2_6.csv
3602,0,0,0,Reader_2_7.csv
3602,1,1,0,Reader_2_8.csv
3602,0,0,0,Reader_2_9.csv
3602,1,0,1,reader_3_1.csv
3602,2,2,0,Reader_3_2.csv
3602,2,2,0,Reader_3_3.csv
3602,2,2,0,Reader_3_4.csv
3602,2,2,0,Reader_3_5.csv
3602,0,0,0,Reader_3_6.csv
3602,7,5,2,Reader_3_7.csv
3603,5,5,0,Reader_1_1.csv
3603,1,1,0,Reader_1_10.csv
3603,4,2,2,Reader_1_11.csv
3603,0,0,0,Reader_1_12.csv
3603,6,5,1,Reader_1_2.csv
3603,0,0,0,Reader_1_3.csv
3603,0,0,0,Reader_1_4.csv
3603,1,0,1,Reader_1_5.csv
3603,1,1,0,Reader_1_6.csv
3603,1,1,0,Reader_1_7.csv
3603,0,0,0,Reader_1_8.csv
3603,1,1,0,Reader_1_9.csv
3603,0,0,0,Reader_2_1.csv
3603,0,0,0,Reader_2_10.csv
3603,0,0,0,Reader_2_11.csv
3603,3,3,0,Reader_2_12.csv
3603,0,0,0,Reader_2_2.csv
3603,1,0,1,Reader_2_3.csv
3603,0,0,0,Reader_2_4.csv
3603,0,0,0,Reader_2_5.csv
3603,0,0,0,Reader_2_6.csv
3603,0,0,0,Reader_2_7.csv
3603,1,1,0,Reader_2_8.csv
3603,0,0,0,Reader_2_9.csv
3603,1,0,1,reader_3_1.csv
3603,2,2,0,Reader_3_2.csv
3603,2,2,0,Reader_3_3.csv
3603,2,2,0,Reader_3_4.csv
3603,2,2,0,Reader_3_5.csv
3603,0,0,0,Reader_3_6.csv
3603,8,6,2,Reader_3_7.csv
3604,5,5,0,Reader_1_1.csv
3604,1,1,0,Reader_1_10.csv
3604,4,2,2,Reader_1_11.csv
3604,0,0,0,Reader_1_12.csv
3604,7,6,1,Reader_1_2.csv
3604,0,0,0,Reader_1_3.csv
3604,0,0,0,Reader_1_4.csv
3604,2,0,2,Reader_1_5.csv
3604,1,1,0,Reader_1_6.csv
3604,1,1,0,Reader_1_7.csv
3604,0,0,0,Reader_1_8.csv
3604,1,1,0,Reader_1_9.csv
3604,0,0,0,Reader_2_1.csv
3604,0,0,0,Reader_2_10.csv
3604,0,0,0,Reader_2_11.csv
3604,3,3,0,Reader_2_12.csv
3604,0,0,0,Reader_2_2.csv
3604,1,0,1,Reader_2_3.csv
3604,0,0,0,Reader_2_4.csv
3604,0,0,0,Reader_2_5.csv
3604,0,0,0,Reader_2_6.csv
3604,0,0,0,Reader_2_7.csv
3604,1,1,0,Reader_2_8.csv
3604,0,0,0,Reader_2_9.csv
3604,1,0,1,reader_3_1.csv
3604,2,2,0,Reader_3_2.csv
3604,6,6,0,Reader_3_3.csv
3604,6,6,0,Reader_3_4.csv
3604,3,3,0,Reader_3_5.csv
3604,0,0,0,Reader_3_6.csv
3604,6,4,2,Reader_3_7.csv
3605,6,6,0,Reader_1_1.csv
3605,1,1,0,Reader_1_10.csv
3605,5,3,2,Reader_1_11.csv
3605,0,0,0,Reader_1_12.csv
3605,6,5,1,Reader_1_2.csv
3605,0,0,0,Reader_1_3.csv
3605,0,0,0,Reader_1_4.csv
3605,2,0,2,Reader_1_5.csv
3605,1,1,0,Reader_1_6.csv
3605,1,1,0,Reader_1_7.csv
3605,1,1,0,Reader_1_8.csv
3605,1,1,0,Reader_1_9.csv
3605,0,0,0,Reader_2_1.csv
3605,0,0,0,Reader_2_10.csv
3605,0,0,0,Reader_2_11.csv
3605,2,2,0,Reader_2_12.csv
3605,0,0,0,Reader_2_2.csv
3605,1,0,1,Reader_2_3.csv
3605,0,0,0,Reader_2_4.csv
3605,0,0,0,Reader_2_5.csv
3605,0,0,0,Reader_2_6.csv
3605,0,0,0,Reader_2_7.csv
3605,1,1,0,Reader_2_8.csv
3605,0,0,0,Reader_2_9.csv
3605,1,0,1,reader_3_1.csv
3605,5,3,2,Reader_3_2.csv
3605,6,6,0,Reader_3_3.csv
3605,6,6,0,Reader_3_4.csv
3605,4,4,0,Reader_3_5.csv
3605,0,0,0,Reader_3_6.csv
3605,6,4,2,Reader_3_7.csv
3606,7,7,0,Reader_1_1.csv
3606,1,1,0,Reader_1_10.csv
3606,5,3,2,Reader_1_11.csv
3606,0,0,0,Reader_1_12.csv
3606,5,4,1,Reader_1_2.csv
3606,0,0,0,Reader_1_3.csv
3606,0,0,0,Reader_1_4.csv
3606,2,0,2,Reader_1_5.csv
3606,0,0,0,Reader_1_6.csv
3606,0,0,0,Reader_1_7.csv
3606,1,1,0,Reader_1_8.csv
3606,1,1,0,Reader_1_9.csv
3606,0,0,0,Reader_2_1.csv
3606,0,0,0,Reader_2_10.csv
3606,0,0,0,Reader_2_11.csv
3606,2,2,0,Reader_2_12.csv
3606,0,0,0,Reader_2_2.csv
3606,1,0,1,Reader_2_3.csv
3606,0,0,0,Reader_2_4.csv
3606,0,0,0,Reader_2_5.csv
3606,0,0,0,Reader_2_6.csv
3606,0,0,0,Reader_2_7.csv
3606,1,1,0,Reader_2_8.csv
3606,0,0,0,Reader_2_9.csv
3606,1,0,1,reader_3_1.csv
3606,4,2,2,Reader_3_2.csv
3606,5,5,0,Reader_3_3.csv
3606,5,5,0,Reader_3_4.csv
3606,5,5,0,Reader_3_5.csv
3606,0,0,0,Reader_3_6.csv
3606,6,4,2,Reader_3_7.csv
3607,7,7,0,Reader_1_1.csv
3607,1,1,0,Reader_1_10.csv
3607,6,3,3,Reader_1_11.csv
3607,0,0,0,Reader_1_12.csv
3607,6,4,2,Reader_1_2.csv
3607,0,0,0,Reader_1_3.csv
3607,0,0,0,Reader_1_4.csv
3607,2,0,2,Reader_1_5.csv
3607,0,0,0,Reader_1_6.csv
3607,0,0,0,Reader_1_7.csv
3607,1,1,0,Reader_1_8.csv
3607,1,1,0,Reader_1_9.csv
3607,0,0,0,Reader_2_1.csv
3607,0,0,0,Reader_2_10.csv
3607,0,0,0,Reader_2_11.csv
3607,1,1,0,Reader_2_12.csv
3607,0,0,0,Reader_2_2.csv
3607,1,0,1,Reader_2_3.csv
3607,0,0,0,Reader_2_4.csv
3607,0,0,0,Reader_2_5.csv
3607,0,0,0,Reader_2_6.csv
3607,0,0,0,Reader_2_7.csv
3607,1,1,0,Reader_2_8.csv
3607,0,0,0,Reader_2_9.csv
3607,1,0,1,reader_3_1.csv
3607,3,1,2,Reader_3_2.csv
3607,4,4,0,Reader_3_3.csv
3607,4,4,0,Reader_3_4.csv
3607,6,6,0,Reader_3_5.csv
3607,1,1,0,Reader_3_6.csv
3607,6,3,3,Reader_3_7.csv
3608,7,7,0,Reader_1_1.csv
3608,1,1,0,Reader_1_10.csv
3608,5,2,3,Reader_1_11.csv
3608,0,0,0,Reader_1_12.csv
3608,7,5,2,Reader_1_2.csv
3608,0,0,0,Reader_1_3.csv
3608,0,0,0,Reader_1_4.csv
3608,1,0,1,Reader_1_5.csv
3608,0,0,0,Reader_1_6.csv
3608,0,0,0,Reader_1_7.csv
3608,1,1,0,Reader_1_8.csv
3608,1,1,0,Reader_1_9.csv
3608,0,0,0,Reader_2_1.csv
3608,0,0,0,Reader_2_10.csv
3608,0,0,0,Reader_2_11.csv
3608,0,0,0,Reader_2_12.csv
3608,0,0,0,Reader_2_2.csv
3608,0,0,0,Reader_2_3.csv
3608,0,0,0,Reader_2_4.csv
3608,0,0,0,Reader_2_5.csv
3608,0,0,0,Reader_2_6.csv
3608,0,0,0,Reader_2_7.csv
3608,1,1,0,Reader_2_8.csv
3608,0,0,0,Reader_2_9.csv
3608,1,0,1,reader_3_1.csv
3608,3,1,2,Reader_3_2.csv
3608,4,4,0,Reader_3_3.csv
3608,4,4,0,Reader_3_4.csv
3608,6,6,0,Reader_3_5.csv
3608,1,1,0,Reader_3_6.csv
3608,4,2,2,Reader_3_7.csv
3609,6,6,0,Reader_1_1.csv
3609,0,0,0,Reader_1_10.csv
3609,7,3,4,Reader_1_11.csv
3609,0,0,0,Reader_1_12.csv
3609,6,5,1,Reader_1_2.csv
3609,0,0,0,Reader_1_3.csv
3609,0,0,0,Reader_1_4.csv
3609,1,0,1,Reader_1_5.csv
3609,0,0,0,Reader_1_6.csv
3609,0,0,0,Reader_1_7.csv
3609,1,1,0,Reader_1_8.csv
3609,1,1,0,Reader_1_9.csv
3609,0,0,0,Reader_2_1.csv
3609,0,0,0,Reader_2_10.csv
3609,0,0,0,Reader_2_11.csv
3609,0,0,0,Reader_2_12.csv
3609,0,0,0,Reader_2_2.csv
3609,0,0,0,Reader_2_3.csv
3609,0,0,0,Reader_2_4.csv
3609,0,0,0,Reader_2_5.csv
3609,0,0,0,Reader_2_6.csv
3609,0,0,0,Reader_2_7.csv
3609,0,0,0,Reader_2_8.csv
3609,0,0,0,Reader_2_9.csv
3609,1,0,1,reader_3_1.csv
3609,6,3,3,Reader_3_2.csv
3609,5,5,0,Reader_3_3.csv
3609,5,5,0,Reader_3_4.csv
3609,8,7,1,Reader_3_5.csv
3609,1,1,0,Reader_3_6.csv
3609,4,2,2,Reader_3_7.csv
3610,5,4,1,Reader_1_1.csv
3610,0,0,0,Reader_1_10.csv
3610,7,4,3,Reader_1_11.csv
3610,0,0,0,Reader_1_12.csv
3610,7,6,1,Reader_1_2.csv
3610,0,0,0,Reader_1_3.csv
3610,0,0,0,Reader_1_4.csv
3610,1,0,1,Reader_1_5.csv
3610,0,0,0,Reader_1_6.csv
3610,0,0,0,Reader_1_7.csv
3610,1,1,0,Reader_1_8.csv
3610,0,0,0,Reader_1_9.csv
3610,0,0,0,Reader_2_1.csv
3610,0,0,0,Reader_2_10.csv
3610,0,0,0,Reader_2_11.csv
3610,1,1,0,Reader_2_12.csv
3610,0,0,0,Reader_2_2.csv
3610,0,0,0,Reader_2_3.csv
3610,0,0,0,Reader_2_4.csv
3610,0,0,0,Reader_2_5.csv
3610,0,0,0,Reader_2_6.csv
3610,0,0,0,Reader_2_7.csv
3610,0,0,0,Reader_2_8.csv
3610,0,0,0,Reader_2_9.csv
3610,1,0,1,reader_3_1.csv
3610,6,3,3,Reader_3_2.csv
3610,5,5,0,Reader_3_3.csv
3610,5,5,0,Reader_3_4.csv
3610,8,7,1,Reader_3_5.csv
3610,3,3,0,Reader_3_6.csv
3610,4,3,1,Reader_3_7.csv
3611,5,4,1,Reader_1_1.csv
3611,0,0,0,Reader_1_10.csv
3611,6,4,2,Reader_1_11.csv
3611,0,0,0,Reader_1_12.csv
3611,5,4,1,Reader_1_2.csv
3611,0,0,0,Reader_1_3.csv
3611,0,0,0,Reader_1_4.csv
3611,1,0,1,Reader_1_5.csv
3611,0,0,0,Reader_1_6.csv
3611,0,0,0,Reader_1_7.csv
3611,1,1,0,Reader_1_8.csv
3611,0,0,0,Reader_1_9.csv
3611,0,0,0,Reader_2_1.csv
3611,0,0,0,Reader_2_10.csv
3611,0,0,0,Reader_2_11.csv
3611,1,1,0,Reader_2_12.csv
3611,0,0,0,Reader_2_2.csv
3611,0,0,0,Reader_2_3.csv
3611,0,0,0,Reader_2_4.csv
3611,0,0,0,Reader_2_5.csv
3611,0,0,0,Reader_2_6.csv
3611,0,0,0,Reader_2_7.csv
3611,0,0,0,Reader_2_8.csv
3611,0,0,0,Reader_2_9.csv
3611,1,1,0,reader_3_1.csv
3611,6,3,3,Reader_3_2.csv
3611,6,6,0,Reader_3_3.csv
3611,6,6,0,Reader_3_4.csv
3611,8,7,1,Reader_3_5.csv
3611,4,4,0,Reader_3_6.csv
3611,2,1,1,Reader_3_7.csv
3612,6,5,1,Reader_1_1.csv
3612,0,0,0,Reader_1_10.csv
3612,6,4,2,Reader_1_11.csv
3612,0,0,0,Reader_1_12.csv
3612,5,4,1,Reader_1_2.csv
3612,0,0,0,Reader_1_3.csv
3612,0,0,0,Reader_1_4.csv
3612,0,0,0,Reader_1_5.csv
3612,0,0,0,Reader_1_6.csv
3612,0,0,0,Reader_1_7.csv
3612,1,1,0,Reader_1_8.csv
3612,0,0,0,Reader_1_9.csv
3612,0,0,0,Reader_2_1.csv
3612,0,0,0,Reader_2_10.csv
3612,0,0,0,Reader_2_11.csv
3612,1,1,0,Reader_2_12.csv
3612,0,0,0,Reader_2_2.csv
3612,0,0,0,Reader_2_3.csv
3612,0,0,0,Reader_2_4.csv
3612,0,0,0,Reader_2_5.csv
3612,0,0,0,Reader_2_6.csv
3612,0,0,0,Reader_2_7.csv
3612,0,0,0,Reader_2_8.csv
3612,0,0,0,Reader_2_9.csv
3612,1,1,0,reader_3_1.csv
3612,6,3,3,Reader_3_2.csv
3612,2,2,0,Reader_3_3.csv
3612,2,2,0,Reader_3_4.csv
3612,7,6,1,Reader_3_5.csv
3612,5,5,0,Reader_3_6.csv
3612,3,2,1,Reader_3_7.csv
3613,6,5,1,Reader_1_1.csv
3613,0,0,0,Reader_1_10.csv
3613,6,3,3,Reader_1_11.csv
3613,0,0,0,Reader_1_12.csv
3613,5,4,1,Reader_1_2.csv
3613,1,1,0,Reader_1_3.csv
3613,0,0,0,Reader_1_4.csv
3613,0,0,0,Reader_1_5.csv
3613,0,0,0,Reader_1_6.csv
3613,1,1,0,Reader_1_7.csv
3613,0,0,0,Reader_1_8.csv
3613,0,0,0,Reader_1_9.csv
3613,1,1,0,Reader_2_1.csv
3613,0,0,0,Reader_2_10.csv
3613,0,0,0,Reader_2_11.csv
3613,1,1,0,Reader_2_12.csv
3613,0,0,0,Reader_2_2.csv
3613,0,0,0,Reader_2_3.csv
3613,0,0,0,Reader_2_4.csv
3613,0,0,0,Reader_2_5.csv
3613,0,0,0,Reader_2_6.csv
3613,0,0,0,Reader_2_7.csv
3613,0,0,0,Reader_2_8.csv
3613,0,0,0,Reader_2_9.csv
3613,1,1,0,reader_3_1.csv
3613,4,3,1,Reader_3_2.csv
3613,4,4,0,Reader_3_3.csv
3613,4,4,0,Reader_3_4.csv
3613,6,5,1,Reader_3_5.csv
3613,6,6,0,Reader_3_6.csv
3613,3,2,1,Reader_3_7.csv
3614,5,4,1,Reader_1_1.csv
3614,0,0,0,Reader_1_10.csv
3614,5,2,3,Reader_1_11.csv
3614,0,0,0,Reader_1_12.csv
3614,5,4,1,Reader_1_2.csv
3614,1,1,0,Reader_1_3.csv
3614,0,0,0,Reader_1_4.csv
3614,0,0,0,Reader_1_5.csv
3614,1,1,0,Reader_1_6.csv
3614,1,1,0,Reader_1_7.csv
3614,1,1,0,Reader_1_8.csv
3614,0,0,0,Reader_1_9.csv
3614,1,1,0,Reader_2_1.csv
3614,0,0,0,Reader_2_10.csv
3614,0,0,0,Reader_2_11.csv
3614,2,2,0,Reader_2_12.csv
3614,0,0,0,Reader_2_2.csv
3614,0,0,0,Reader_2_3.csv
3614,0,0,0,Reader_2_4.csv
3614,0,0,0,Reader_2_5.csv
3614,0,0,0,Reader_2_6.csv
3614,0,0,0,Reader_2_7.csv
3614,0,0,0,Reader_2_8.csv
3614,0,0,0,Reader_2_9.csv
3614,1,1,0,reader_3_1.csv
3614,4,3,1,Reader_3_2.csv
3614,4,4,0,Reader_3_3.csv
3614,4,4,0,Reader_3_4.csv
3614,6,5,1,Reader_3_5.csv
3614,6,6,0,Reader_3_6.csv
3614,4,3,1,Reader_3_7.csv
3615,4,3,1,Reader_1_1.csv
3615,0,0,0,Reader_1_10.csv
3615,4,2,2,Reader_1_11.csv
3615,0,0,0,Reader_1_12.csv
3615,4,4,0,Reader_1_2.csv
3615,1,1,0,Reader_1_3.csv
3615,0,0,0,Reader_1_4.csv
3615,0,0,0,Reader_1_5.csv
3615,1,1,0,Reader_1_6.csv
3615,1,1,0,Reader_1_7.csv
3615,1,1,0,Reader_1_8.csv
3615,0,0,0,Reader_1_9.csv
3615,1,1,0,Reader_2_1.csv
3615,0,0,0,Reader_2_10.csv
3615,1,1,0,Reader_2_11.csv
3615,2,2,0,Reader_2_12.csv
3615,0,0,0,Reader_2_2.csv
3615,0,0,0,Reader_2_3.csv
3615,0,0,0,Reader_2_4.csv
3615,0,0,0,Reader_2_5.csv
3615,0,0,0,Reader_2_6.csv
3615,0,0,0,Reader_2_7.csv
3615,0,0,0,Reader_2_8.csv
3615,0,0,0,Reader_2_9.csv
3615,2,1,1,reader_3_1.csv
3615,4,3,1,Reader_3_2.csv
3615,4,4,0,Reader_3_3.csv
3615,4,4,0,Reader_3_4.csv
3615,4,3,1,Reader_3_5.csv
3615,5,5,0,Reader_3_6.csv
3615,4,4,0,Reader_3_7.csv
3616,6,5,1,Reader_1_1.csv
3616,0,0,0,Reader_1_10.csv
3616,5,3,2,Reader_1_11.csv
3616,0,0,0,Reader_1_12.csv
3616,3,2,1,Reader_1_2.csv
3616,2,2,0,Reader_1_3.csv
3616,0,0,0,Reader_1_4.csv
3616,0,0,0,Reader_1_5.csv
3616,1,1,0,Reader_1_6.csv
3616,1,1,0,Reader_1_7.csv
3616,1,1,0,Reader_1_8.csv
3616,0,0,0,Reader_1_9.csv
3616,1,1,0,Reader_2_1.csv
3616,0,0,0,Reader_2_10.csv
3616,1,1,0,Reader_2_11.csv
3616,2,2,0,Reader_2_12.csv
3616,0,0,0,Reader_2_2.csv
3616,0,0,0,Reader_2_3.csv
3616,0,0,0,Reader_2_4.csv
3616,0,0,0,Reader_2_5.csv
3616,0,0,0,Reader_2_6.csv
3616,0,0,0,Reader_2_7.csv
3616,0,0,0,Reader_2_8.csv
3616,0,0,0,Reader_2_9.csv
3616,2,1,1,reader_3_1.csv
3616,4,3,1,Reader_3_2.csv
3616,4,4,0,Reader_3_3.csv
3616,4,4,0,Reader_3_4.csv
3616,4,3,1,Reader_3_5.csv
3616,5,5,0,Reader_3_6.csv
3616,4,4,0,Reader_3_7.csv
3617,6,5,1,Reader_1_1.csv
3617,0,0,0,Reader_1_10.csv
3617,3,2,1,Reader_1_11.csv
3617,0,0,0,Reader_1_12.csv
3617,3,2,1,Reader_1_2.csv
3617,2,2,0,Reader_1_3.csv
3617,0,0,0,Reader_1_4.csv
3617,0,0,0,Reader_1_5.csv
3617,2,2,0,Reader_1_6.csv
3617,1,1,0,Reader_1_7.csv
3617,2,2,0,Reader_1_8.csv
3617,0,0,0,Reader_1_9.csv
3617,1,1,0,Reader_2_1.csv
3617,0,0,0,Reader_2_10.csv
3617,1,1,0,Reader_2_11.csv
3617,2,2,0,Reader_2_12.csv
3617,0,0,0,Reader_2_2.csv
3617,0,0,0,Reader_2_3.csv
3617,0,0,0,Reader_2_4.csv
3617,0,0,0,Reader_2_5.csv
3617,0,0,0,Reader_2_6.csv
3617,0,0,0,Reader_2_7.csv
3617,0,0,0,Reader_2_8.csv
3617,0,0,0,Reader_2_9.csv
3617,2,1,1,reader_3_1.csv
3617,1,1,0,Reader_3_2.csv
3617,3,3,0,Reader_3_3.csv
3617,3,3,0,Reader_3_4.csv
3617,2,2,0,Reader_3_5.csv
3617,6,6,0,Reader_3_6.csv
3617,4,4,0,Reader_3_7.csv
3618,5,5,0,Reader_1_1.csv
3618,0,0,0,Reader_1_10.csv
3618,3,2,1,Reader_1_11.csv
3618,0,0,0,Reader_1_12.csv
3618,5,4,1,Reader_1_2.csv
3618,2,2,0,Reader_1_3.csv
3618,0,0,0,Reader_1_4.csv
3618,0,0,0,Reader_1_5.csv
3618,2,2,0,Reader_1_6.csv
3618,1,1,0,Reader_1_7.csv
3618,2,2,0,Reader_1_8.csv
3618,0,0,0,Reader_1_9.csv
3618,1,1,0,Reader_2_1.csv
3618,0,0,0,Reader_2_10.csv
3618,1,1,0,Reader_2_11.csv
3618,1,1,0,Reader_2_12.csv
3618,0,0,0,Reader_2_2.csv
3618,0,0,0,Reader_2_3.csv
3618,0,0,0,Reader_2_4.csv
3618,0,0,0,Reader_2_5.csv
3618,0,0,0,Reader_2_6.csv
3618,0,0,0,Reader_2_7.csv
3618,0,0,0,Reader_2_8.csv
3618,0,0,0,Reader_2_9.csv
3618,2,1,1,reader_3_1.csv
3618,1,1,0,Reader_3_2.csv
3618,3,3,0,Reader_3_3.csv
3618,3,3,0,Reader_3_4.csv
3618,1,1,0,Reader_3_5.csv
3618,4,4,0,Reader_3_6.csv
3618,4,4,0,Reader_3_7.csv
3619,7,7,0,Reader_1_1.csv
3619,0,0,0,Reader_1_10.csv
3619,4,3,1,Reader_1_11.csv
3619,0,0,0,Reader_1_12.csv
3619,6,5,1,Reader_1_2.csv
3619,2,2,0,Reader_1_3.csv
3619,0,0,0,Reader_1_4.csv
3619,1,1,0,Reader_1_5.csv
3619,2,2,0,Reader_1_6.csv
3619,1,1,0,Reader_1_7.csv
3619,2,2,0,Reader_1_8.csv
3619,0,0,0,Reader_1_9.csv
3619,1,1,0,Reader_2_1.csv
3619,0,0,0,Reader_2_10.csv
3619,1,1,0,Reader_2_11.csv
3619,2,2,0,Reader_2_12.csv
3619,0,0,0,Reader_2_2.csv
3619,0,0,0,Reader_2_3.csv
3619,0,0,0,Reader_2_4.csv
3619,0,0,0,Reader_2_5.csv
3619,0,0,0,Reader_2_6.csv
3619,0,0,0,Reader_2_7.csv
3619,0,0,0,Reader_2_8.csv
3619,0,0,0,Reader_2_9.csv
3619,1,0,1,reader_3_1.csv
3619,1,1,0,Reader_3_2.csv
3619,3,3,0,Reader_3_3.csv
3619,3,3,0,Reader_3_4.csv
3619,2,2,0,Reader_3_5.csv
3619,3,3,0,Reader_3_6.csv
3619,5,5,0,Reader_3_7.csv
3620,6,6,0,Reader_1_1.csv
3620,0,0,0,Reader_1_10.csv
3620,5,4,1,Reader_1_11.csv
3620,0,0,0,Reader_1_12.csv
3620,5,4,1,Reader_1_2.csv
3620,2,2,0,Reader_1_3.csv
3620,0,0,0,Reader_1_4.csv
3620,2,2,0,Reader_1_5.csv
3620,2,2,0,Reader_1_6.csv
3620,1,1,0,Reader_1_7.csv
3620,2,2,0,Reader_1_8.csv
3620,0,0,0,Reader_1_9.csv
3620,1,1,0,Reader_2_1.csv
3620,0,0,0,Reader_2_10.csv
3620,1,1,0,Reader_2_11.csv
3620,2,2,0,Reader_2_12.csv
3620,0,0,0,Reader_2_2.csv
3620,0,0,0,Reader_2_3.csv
3620,0,0,0,Reader_2_4.csv
3620,0,0,0,Reader_2_5.csv
3620,0,0,0,Reader_2_6.csv
3620,0,0,0,Reader_2_7.csv
3620,0,0,0,Reader_2_8.csv
3620,0,0,0,Reader_2_9.csv
3620,1,0,1,reader_3_1.csv
3620,2,2,0,Reader_3_2.csv
3620,3,3,0,Reader_3_3.csv
3620,3,3,0,Reader_3_4.csv
3620,3,3,0,Reader_3_5.csv
3620,3,2,1,Reader_3_6.csv
3620,4,4,0,Reader_3_7.csv
3621,5,5,0,Reader_1_1.csv
3621,0,0,0,Reader_1_10.csv
3621,4,4,0,Reader_1_11.csv
3621,0,0,0,Reader_1_12.csv
3621,5,4,1,Reader_1_2.csv
3621,1,1,0,Reader_1_3.csv
3621,0,0,0,Reader_1_4.csv
3621,2,2,0,Reader_1_5.csv
3621,2,2,0,Reader_1_6.csv
3621,0,0,0,Reader_1_7.csv
3621,2,2,0,Reader_1_8.csv
3621,0,0,0,Reader_1_9.csv
3621,0,0,0,Reader_2_1.csv
3621,0,0,0,Reader_2_10.csv
3621,1,1,0,Reader_2_11.csv
3621,2,2,0,Reader_2_12.csv
3621,0,0,0,Reader_2_2.csv
3621,0,0,0,Reader_2_3.csv
3621,0,0,0,Reader_2_4.csv
3621,0,0,0,Reader_2_5.csv
3621,0,0,0,Reader_2_6.csv
3621,0,0,0,Reader_2_7.csv
3621,0,0,0,Reader_2_8.csv
3621,0,0,0,Reader_2_9.csv
3621,1,0,1,reader_3_1.csv
3621,1,1,0,Reader_3_2.csv
3621,2,2,0,Reader_3_3.csv
3621,2,2,0,Reader_3_4.csv
3621,3,3,0,Reader_3_5.csv
3621,2,1,1,Reader_3_6.csv
3621,5,5,0,Reader_3_7.csv
3622,5,5,0,Reader_1_1.csv
3622,0,0,0,Reader_1_10.csv
3622,5,4,1,Reader_1_11.csv
3622,0,0,0,Reader_1_12.csv
3622,7,6,1,Reader_1_2.csv
3622,2,2,0,Reader_1_3.csv
3622,0,0,0,Reader_1_4.csv
3622,2,2,0,Reader_1_5.csv
3622,1,1,0,Reader_1_6.csv
3622,0,0,0,Reader_1_7.csv
3622,1,1,0,Reader_1_8.csv
3622,0,0,0,Reader_1_9.csv
3622,0,0,0,Reader_2_1.csv
3622,0,0,0,Reader_2_10.csv
3622,1,1,0,Reader_2_11.csv
3622,1,1,0,Reader_2_12.csv
3622,0,0,0,Reader_2_2.csv
3622,0,0,0,Reader_2_3.csv
3622,0,0,0,Reader_2_4.csv
3622,0,0,0,Reader_2_5.csv
3622,0,0,0,Reader_2_6.csv
3622,0,0,0,Reader_2_7.csv
3622,0,0,0,Reader_2_8.csv
3622,0,0,0,Reader_2_9.csv
3622,3,2,1,reader_3_1.csv
3622,2,2,0,Reader_3_2.csv
3622,3,3,0,Reader_3_3.csv
3622,3,3,0,Reader_3_4.csv
3622,3,3,0,Reader_3_5.csv
3622,3,1,2,Reader_3_6.csv
3622,4,4,0,Reader_3_7.csv
3623,5,5,0,Reader_1_1.csv
3623,0,0,0,Reader_1_10.csv
3623,5,4,1,Reader_1_11.csv
3623,0,0,0,Reader_1_12.csv
3623,8,7,1,Reader_1_2.csv
3623,2,2,0,Reader_1_3.csv
3623,0,0,0,Reader_1_4.csv
3623,2,2,0,Reader_1_5.csv
3623,1,1,0,Reader_1_6.csv
3623,0,0,0,Reader_1_7.csv
3623,1,1,0,Reader_1_8.csv
3623,0,0,0,Reader_1_9.csv
3623,0,0,0,Reader_2_1.csv
3623,0,0,0,Reader_2_10.csv
3623,0,0,0,Reader_2_11.csv
3623,1,1,0,Reader_2_12.csv
3623,0,0,0,Reader_2_2.csv
3623,0,0,0,Reader_2_3.csv
3623,0,0,0,Reader_2_4.csv
3623,0,0,0,Reader_2_5.csv
3623,0,0,0,Reader_2_6.csv
3623,1,1,0,Reader_2_7.csv
3623,0,0,0,Reader_2_8.csv
3623,0,0,0,Reader_2_9.csv
3623,2,2,0,reader_3_1.csv
3623,4,2,2,Reader_3_2.csv
3623,3,3,0,Reader_3_3.csv
3623,3,3,0,Reader_3_4.csv
3623,4,4,0,Reader_3_5.csv
3623,3,1,2,Reader_3_6.csv
3623,3,3,0,Reader_3_7.csv
3624,2,2,0,Reader_1_1.csv
3624,0,0,0,Reader_1_10.csv
3624,5,3,2,Reader_1_11.csv
3624,0,0,0,Reader_1_12.csv
3624,9,9,0,Reader_1_2.csv
3624,1,1,0,Reader_1_3.csv
3624,0,0,0,Reader_1_4.csv
3624,3,3,0,Reader_1_5.csv
3624,1,1,0,Reader_1_6.csv
3624,0,0,0,Reader_1_7.csv
3624,1,1,0,Reader_1_8.csv
3624,0,0,0,Reader_1_9.csv
3624,0,0,0,Reader_2_1.csv
3624,0,0,0,Reader_2_10.csv
3624,0,0,0,Reader_2_11.csv
3624,1,1,0,Reader_2_12.csv
3624,1,1,0,Reader_2_2.csv
3624,0,0,0,Reader_2_3.csv
3624,0,0,0,Reader_2_4.csv
3624,0,0,0,Reader_2_5.csv
3624,0,0,0,Reader_2_6.csv
3624,1,1,0,Reader_2_7.csv
3624,0,0,0,Reader_2_8.csv
3624,0,0,0,Reader_2_9.csv
3624,2,2,0,reader_3_1.csv
3624,4,2,2,Reader_3_2.csv
3624,6,6,0,Reader_3_3.csv
3624,6,6,0,Reader_3_4.csv
3624,5,5,0,Reader_3_5.csv
3624,3,1,2,Reader_3_6.csv
3624,3,3,0,Reader_3_7.csv
3625,4,4,0,Reader_1_1.csv
3625,0,0,0,Reader_1_10.csv
3625,6,4,2,Reader_1_11.csv
3625,0,0,0,Reader_1_12.csv
3625,10,10,0,Reader_1_2.csv
3625,1,1,0,Reader_1_3.csv
3625,0,0,0,Reader_1_4.csv
3625,3,3,0,Reader_1_5.csv
3625,0,0,0,Reader_1_6.csv
3625,0,0,0,Reader_1_7.csv
3625,0,0,0,Reader_1_8.csv
3625,0,0,0,Reader_1_9.csv
3625,0,0,0,Reader_2_1.csv
3625,0,0,0,Reader_2_10.csv
3625,0,0,0,Reader_2_11.csv
3625,1,1,0,Reader_2_12.csv
3625,1,1,0,Reader_2_2.csv
3625,0,0,0,Reader_2_3.csv
3625,1,0,1,Reader_2_4.csv
3625,0,0,0,Reader_2_5.csv
3625,0,0,0,Reader_2_6.csv
3625,1,1,0,Reader_2_7.csv
3625,0,0,0,Reader_2_8.csv
3625,0,0,0,Reader_2_9.csv
3625,2,2,0,reader_3_1.csv
3625,5,3,2,Reader_3_2.csv
3625,6,6,0,Reader_3_3.csv
3625,6,6,0,Reader_3_4.csv
3625,5,5,0,Reader_3_5.csv
3625,2,0,2,Reader_3_6.csv
3625,4,4,0,Reader_3_7.csv
3626,5,5,0,Reader_1_1.csv
3626,0,0,0,Reader_1_10.csv
3626,6,3,3,Reader_1_11.csv
3626,0,0,0,Reader_1_12.csv
3626,7,7,0,Reader_1_2.csv
3626,1,1,0,Reader_1_3.csv
3626,0,0,0,Reader_1_4.csv
3626,3,3,0,Reader_1_5.csv
3626,1,1,0,Reader_1_6.csv
3626,0,0,0,Reader_1_7.csv
3626,0,0,0,Reader_1_8.csv
3626,0,0,0,Reader_1_9.csv
3626,0,0,0,Reader_2_1.csv
3626,0,0,0,Reader_2_10.csv
3626,0,0,0,Reader_2_11.csv
3626,1,1,0,Reader_2_12.csv
3626,1,1,0,Reader_2_2.csv
3626,0,0,0,Reader_2_3.csv
3626,1,0,1,Reader_2_4.csv
3626,0,0,0,Reader_2_5.csv
3626,0,0,0,Reader_2_6.csv
3626,1,1,0,Reader_2_7.csv
3626,0,0,0,Reader_2_8.csv
3626,0,0,0,Reader_2_9.csv
3626,2,2,0,reader_3_1.csv
3626,6,4,2,Reader_3_2.csv
3626,6,6,0,Reader_3_3.csv
3626,6,6,0,Reader_3_4.csv
3626,7,6,1,Reader_3_5.csv
3626,2,0,2,Reader_3_6.csv
3626,3,3,0,Reader_3_7.csv
3627,4,4,0,Reader_1_1.csv
3627,0,0,0,Reader_1_10.csv
3627,5,2,3,Reader_1_11.csv
3627,1,1,0,Reader_1_12.csv
3627,7,7,0,Reader_1_2.csv
3627,1,1,0,Reader_1_3.csv
3627,0,0,0,Reader_1_4.csv
3627,2,2,0,Reader_1_5.csv
3627,1,1,0,Reader_1_6.csv
3627,0,0,0,Reader_1_7.csv
3627,0,0,0,Reader_1_8.csv
3627,0,0,0,Reader_1_9.csv
3627,0,0,0,Reader_2_1.csv
3627,0,0,0,Reader_2_10.csv
3627,0,0,0,Reader_2_11.csv
3627,0,0,0,Reader_2_12.csv
3627,1,1,0,Reader_2_2.csv
3627,1,1,0,Reader_2_3.csv
3627,1,0,1,Reader_2_4.csv
3627,0,0,0,Reader_2_5.csv
3627,0,0,0,Reader_2_6.csv
3627,1,1,0,Reader_2_7.csv
3627,0,0,0,Reader_2_8.csv
3627,0,0,0,Reader_2_9.csv
3627,2,2,0,reader_3_1.csv
3627,7,5,2,Reader_3_2.csv
3627,5,5,0,Reader_3_3.csv
3627,5,5,0,Reader_3_4.csv
3627,6,5,1,Reader_3_5.csv
3627,2,0,2,Reader_3_6.csv
3627,2,2,0,Reader_3_7.csv
3628,4,4,0,Reader_1_1.csv
3628,0,0,0,Reader_1_10.csv
3628,4,1,3,Reader_1_11.csv
3628,1,1,0,Reader_1_12.csv
3628,8,8,0,Reader_1_2.csv
3628,1,1,0,Reader_1_3.csv
3628,1,1,0,Reader_1_4.csv
3628,1,1,0,Reader_1_5.csv
3628,2,2,0,Reader_1_6.csv
3628,0,0,0,Reader_1_7.csv
3628,0,0,0,Reader_1_8.csv
3628,0,0,0,Reader_1_9.csv
3628,0,0,0,Reader_2_1.csv
3628,0,0,0,Reader_2_10.csv
3628,0,0,0,Reader_2_11.csv
3628,0,0,0,Reader_2_12.csv
3628,1,1,0,Reader_2_2.csv
3628,1,1,0,Reader_2_3.csv
3628,1,0,1,Reader_2_4.csv
3628,0,0,0,Reader_2_5.csv
3628,0,0,0,Reader_2_6.csv
3628,1,1,0,Reader_2_7.csv
3628,0,0,0,Reader_2_8.csv
3628,0,0,0,Reader_2_9.csv
3628,3,3,0,reader_3_1.csv
3628,6,4,2,Reader_3_2.csv
3628,5,5,0,Reader_3_3.csv
3628,5,5,0,Reader_3_4.csv
3628,7,6,1,Reader_3_5.csv
3628,2,1,1,Reader_3_6.csv
3628,2,2,0,Reader_3_7.csv
3629,6,6,0,Reader_1_1.csv
3629,0,0,0,Reader_1_10.csv
3629,5,2,3,Reader_1_11.csv
3629,1,1,0,Reader_1_12.csv
3629,8,8,0,Reader_1_2.csv
3629,2,2,0,Reader_1_3.csv
3629,1,1,0,Reader_1_4.csv
3629,1,1,0,Reader_1_5.csv
3629,2,2,0,Reader_1_6.csv
3629,0,0,0,Reader_1_7.csv
3629,0,0,0,Reader_1_8.csv
3629,0,0,0,Reader_1_9.csv
3629,0,0,0,Reader_2_1.csv
3629,0,0,0,Reader_2_10.csv
3629,0,0,0,Reader_2_11.csv
3629,0,0,0,Reader_2_12.csv
3629,1,1,0,Reader_2_2.csv
3629,1,1,0,Reader_2_3.csv
3629,2,1,1,Reader_2_4.csv
3629,0,0,0,Reader_2_5.csv
3629,0,0,0,Reader_2_6.csv
3629,1,1,0,Reader_2_7.csv
3629,0,0,0,Reader_2_8.csv
3629,0,0,0,Reader_2_9.csv
3629,4,4,0,reader_3_1.csv
3629,7,4,3,Reader_3_2.csv
3629,4,4,0,Reader_3_3.csv
3629,4,4,0,Reader_3_4.csv
3629,9,8,1,Reader_3_5.csv
3629,2,1,1,Reader_3_6.csv
3629,2,2,0,Reader_3_7.csv
3630,8,8,0,Reader_1_1.csv
3630,0,0,0,Reader_1_10.csv
3630,5,2,3,Reader_1_11.csv
3630,1,1,0,Reader_1_12.csv
3630,7,6,1,Reader_1_2.csv
3630,1,1,0,Reader_1_3.csv
3630,1,1,0,Reader_1_4.csv
3630,1,1,0,Reader_1_5.csv
3630,3,3,0,Reader_1_6.csv
3630,0,0,0,Reader_1_7.csv
3630,0,0,0,Reader_1_8.csv
3630,0,0,0,Reader_1_9.csv
3630,0,0,0,Reader_2_1.csv
3630,0,0,0,Reader_2_10.csv
3630,0,0,0,Reader_2_11.csv
3630,0,0,0,Reader_2_12.csv
3630,1,1,0,Reader_2_2.csv
3630,1,1,0,Reader_2_3.csv
3630,2,1,1,Reader_2_4.csv
3630,0,0,0,Reader_2_5.csv
3630,0,0,0,Reader_2_6.csv
3630,1,1,0,Reader_2_7.csv
3630,0,0,0,Reader_2_8.csv
3630,0,0,0,Reader_2_9.csv
3630,2,2,0,reader_3_1.csv
3630,6,3,3,Reader_3_2.csv
3630,3,3,0,Reader_3_3.csv
3630,3,3,0,Reader_3_4.csv
3630,8,7,1,Reader_3_5.csv
3630,1,1,0,Reader_3_6.csv
3630,3,3,0,Reader_3_7.csv
3631,9,8,1,Reader_1_1.csv
3631,0,0,0,Reader_1_10.csv
3631,5,2,3,Reader_1_11.csv
3631,1,1,0,Reader_1_12.csv
3631,6,5,1,Reader_1_2.csv
3631,1,1,0,Reader_1_3.csv
3631,1,1,0,Reader_1_4.csv
3631,1,1,0,Reader_1_5.csv
3631,3,3,0,Reader_1_6.csv
3631,0,0,0,Reader_1_7.csv
3631,0,0,0,Reader_1_8.csv
3631,0,0,0,Reader_1_9.csv
3631,0,0,0,Reader_2_1.csv
3631,0,0,0,Reader_2_10.csv
3631,0,0,0,Reader_2_11.csv
3631,0,0,0,Reader_2_12.csv
3631,1,1,0,Reader_2_2.csv
3631,1,1,0,Reader_2_3.csv
3631,2,1,1,Reader_2_4.csv
3631,0,0,0,Reader_2_5.csv
3631,0,0,0,Reader_2_6.csv
3631,0,0,0,Reader_2_7.csv
3631,0,0,0,Reader_2_8.csv
3631,0,0,0,Reader_2_9.csv
3631,2,2,0,reader_3_1.csv
3631,4,3,1,Reader_3_2.csv
3631,4,3,1,Reader_3_3.csv
3631,4,3,1,Reader_3_4.csv
3631,9,8,1,Reader_3_5.csv
3631,2,2,0,Reader_3_6.csv
3631,3,3,0,Reader_3_7.csv
3632,9,8,1,Reader_1_1.csv
3632,0,0,0,Reader_1_10.csv
3632,5,3,2,Reader_1_11.csv
3632,1,1,0,Reader_1_12.csv
3632,4,3,1,Reader_1_2.csv
3632,1,1,0,Reader_1_3.csv
3632,1,1,0,Reader_1_4.csv
3632,0,0,0,Reader_1_5.csv
3632,3,3,0,Reader_1_6.csv
3632,0,0,0,Reader_1_7.csv
3632,0,0,0,Reader_1_8.csv
3632,0,0,0,Reader_1_9.csv
3632,0,0,0,Reader_2_1.csv
3632,0,0,0,Reader_2_10.csv
3632,0,0,0,Reader_2_11.csv
3632,0,0,0,Reader_2_12.csv
3632,0,0,0,Reader_2_2.csv
3632,1,1,0,Reader_2_3.csv
3632,2,1,1,Reader_2_4.csv
3632,0,0,0,Reader_2_5.csv
3632,0,0,0,Reader_2_6.csv
3632,0,0,0,Reader_2_7.csv
3632,0,0,0,Reader_2_8.csv
3632,0,0,0,Reader_2_9.csv
3632,2,2,0,reader_3_1.csv
3632,4,3,1,Reader_3_2.csv
3632,2,1,1,Reader_3_3.csv
3632,2,1,1,Reader_3_4.csv
3632,9,8,1,Reader_3_5.csv
3632,3,3,0,Reader_3_6.csv
3632,4,3,1,Reader_3_7.csv
3633,10,9,1,Reader_1_1.csv
3633,0,0,0,Reader_1_10.csv
3633,4,2,2,Reader_1_11.csv
3633,1,1,0,Reader_1_12.csv
3633,3,2,1,Reader_1_2.csv
3633,2,2,0,Reader_1_3.csv
3633,1,1,0,Reader_1_4.csv
3633,0,0,0,Reader_1_5.csv
3633,3,3,0,Reader_1_6.csv
3633,0,0,0,Reader_1_7.csv
3633,0,0,0,Reader_1_8.csv
3633,0,0,0,Reader_1_9.csv
3633,0,0,0,Reader_2_1.csv
3633,0,0,0,Reader_2_10.csv
3633,0,0,0,Reader_2_11.csv
3633,0,0,0,Reader_2_12.csv
3633,0,0,0,Reader_2_2.csv
3633,1,1,0,Reader_2_3.csv
3633,1,1,0,Reader_2_4.csv
3633,0,0,0,Reader_2_5.csv
3633,0,0,0,Reader_2_6.csv
3633,0,0,0,Reader_2_7.csv
3633,0,0,0,Reader_2_8.csv
3633,0,0,0,Reader_2_9.csv
3633,2,2,0,reader_3_1.csv
3633,3,2,1,Reader_3_2.csv
3633,2,1,1,Reader_3_3.csv
3633,2,1,1,Reader_3_4.csv
3633,10,9,1,Reader_3_5.csv
3633,3,3,0,Reader_3_6.csv
3633,4,3,1,Reader_3_7.csv
3634,10,9,1,Reader_1_1.csv
3634,0,0,0,Reader_1_10.csv
3634,3,2,1,Reader_1_11.csv
3634,1,1,0,Reader_1_12.csv
3634,4,3,1,Reader_1_2.csv
3634,3,3,0,Reader_1_3.csv
3634,1,1,0,Reader_1_4.csv
3634,0,0,0,Reader_1_5.csv
3634,2,2,0,Reader_1_6.csv
3634,0,0,0,Reader_1_7.csv
3634,0,0,0,Reader_1_8.csv
3634,0,0,0,Reader_1_9.csv
3634,0,0,0,Reader_2_1.csv
3634,0,0,0,Reader_2_10.csv
3634,0,0,0,Reader_2_11.csv
3634,0,0,0,Reader_2_12.csv
3634,0,0,0,Reader_2_2.csv
3634,1,1,0,Reader_2_3.csv
3634,1,1,0,Reader_2_4.csv
3634,0,0,0,Reader_2_5.csv
3634,0,0,0,Reader_2_6.csv
3634,0,0,0,Reader_2_7.csv
3634,0,0,0,Reader_2_8.csv
3634,0,0,0,Reader_2_9.csv
3634,2,2,0,reader_3_1.csv
3634,2,1,1,Reader_3_2.csv
3634,2,1,1,Reader_3_3.csv
3634,2,1,1,Reader_3_4.csv
3634,10,10,0,Reader_3_5.csv
3634,3,3,0,Reader_3_6.csv
3634,6,5,1,Reader_3_7.csv
3635,10,9,1,Reader_1_1.csv
3635,0,0,0,Reader_1_10.csv
3635,3,2,1,Reader_1_11.csv
3635,0,0,0,Reader_1_12.csv
3635,3,2,1,Reader_1_2.csv
3635,3,3,0,Reader_1_3.csv
3635,1,1,0,Reader_1_4.csv
3635,1,1,0,Reader_1_5.csv
3635,2,2,0,Reader_1_6.csv
3635,1,1,0,Reader_1_7.csv
3635,0,0,0,Reader_1_8.csv
3635,0,0,0,Reader_1_9.csv
3635,0,0,0,Reader_2_1.csv
3635,0,0,0,Reader_2_10.csv
3635,0,0,0,Reader_2_11.csv
3635,0,0,0,Reader_2_12.csv
3635,0,0,0,Reader_2_2.csv
3635,0,0,0,Reader_2_3.csv
3635,1,1,0,Reader_2_4.csv
3635,0,0,0,Reader_2_5.csv
3635,0,0,0,Reader_2_6.csv
3635,0,0,0,Reader_2_7.csv
3635,0,0,0,Reader_2_8.csv
3635,0,0,0,Reader_2_9.csv
3635,2,2,0,reader_3_1.csv
3635,2,1,1,Reader_3_2.csv
3635,2,1,1,Reader_3_3.csv
3635,2,1,1,Reader_3_4.csv
3635,12,12,0,Reader_3_5.csv
3635,3,3,0,Reader_3_6.csv
3635,8,7,1,Reader_3_7.csv
3636,10,9,1,Reader_1_1.csv
3636,0,0,0,Reader_1_10.csv
3636,3,2,1,Reader_1_11.csv
3636,0,0,0,Reader_1_12.csv
3636,2,1,1,Reader_1_2.csv
3636,4,4,0,Reader_1_3.csv
3636,0,0,0,Reader_1_4.csv
3636,2,2,0,Reader_1_5.csv
3636,1,1,0,Reader_1_6.csv
3636,1,1,0,Reader_1_7.csv
3636,0,0,0,Reader_1_8.csv
3636,0,0,0,Reader_1_9.csv
3636,0,0,0,Reader_2_1.csv
3636,0,0,0,Reader_2_10.csv
3636,0,0,0,Reader_2_11.csv
3636,0,0,0,Reader_2_12.csv
3636,0,0,0,Reader_2_2.csv
3636,0,0,0,Reader_2_3.csv
3636,1,1,0,Reader_2_4.csv
3636,0,0,0,Reader_2_5.csv
3636,0,0,0,Reader_2_6.csv
3636,0,0,0,Reader_2_7.csv
3636,0,0,0,Reader_2_8.csv
3636,0,0,0,Reader_2_9.csv
3636,1,1,0,reader_3_1.csv
3636,4,1,3,Reader_3_2.csv
3636,4,2,2,Reader_3_3.csv
3636,4,2,2,Reader_3_4.csv
3636,13,13,0,Reader_3_5.csv
3636,2,2,0,Reader_3_6.csv
3636,9,8,1,Reader_3_7.csv
3637,9,8,1,Reader_1_1.csv
3637,0,0,0,Reader_1_10.csv
3637,2,1,1,Reader_1_11.csv
3637,0,0,0,Reader_1_12.csv
3637,2,1,1,Reader_1_2.csv
3637,3,3,0,Reader_1_3.csv
3637,0,0,0,Reader_1_4.csv
3637,2,2,0,Reader_1_5.csv
3637,1,1,0,Reader_1_6.csv
3637,1,1,0,Reader_1_7.csv
3637,0,0,0,Reader_1_8.csv
3637,0,0,0,Reader_1_9.csv
3637,0,0,0,Reader_2_1.csv
3637,0,0,0,Reader_2_10.csv
3637,0,0,0,Reader_2_11.csv
3637,0,0,0,Reader_2_12.csv
3637,0,0,0,Reader_2_2.csv
3637,0,0,0,Reader_2_3.csv
3637,0,0,0,Reader_2_4.csv
3637,0,0,0,Reader_2_5.csv
3637,0,0,0,Reader_2_6.csv
3637,0,0,0,Reader_2_7.csv
3637,0,0,0,Reader_2_8.csv
3637,0,0,0,Reader_2_9.csv
3637,1,1,0,reader_3_1.csv
3637,3,1,2,Reader_3_2.csv
3637,4,2,2,Reader_3_3.csv
3637,4,2,2,Reader_3_4.csv
3637,12,12,0,Reader_3_5.csv
3637,2,2,0,Reader_3_6.csv
3637,11,10,1,Reader_3_7.csv
3638,9,8,1,Reader_1_1.csv
3638,0,0,0,Reader_1_10.csv
3638,2,1,1,Reader_1_11.csv
3638,0,0,0,Reader_1_12.csv
3638,1,1,0,Reader_1_2.csv
3638,3,3,0,Reader_1_3.csv
3638,0,0,0,Reader_1_4.csv
3638,2,2,0,Reader_1_5.csv
3638,0,0,0,Reader_1_6.csv
3638,1,1,0,Reader_1_7.csv
3638,0,0,0,Reader_1_8.csv
3638,0,0,0,Reader_1_9.csv
3638,0,0,0,Reader_2_1.csv
3638,0,0,0,Reader_2_10.csv
3638,0,0,0,Reader_2_11.csv
3638,0,0,0,Reader_2_12.csv
3638,0,0,0,Reader_2_2.csv
3638,0,0,0,Reader_2_3.csv
3638,0,0,0,Reader_2_4.csv
3638,0,0,0,Reader_2_5.csv
3638,0,0,0,Reader_2_6.csv
3638,0,0,0,Reader_2_7.csv
3638,0,0,0,Reader_2_8.csv
3638,0,0,0,Reader_2_9.csv
3638,1,1,0,reader_3_1.csv
3638,3,1,2,Reader_3_2.csv
3638,5,3,2,Reader_3_3.csv
3638,5,3,2,Reader_3_4.csv
3638,13,13,0,Reader_3_5.csv
3638,2,2,0,Reader_3_6.csv
3638,13,11,2,Reader_3_7.csv
3639,10,10,0,Reader_1_1.csv
3639,0,0,0,Reader_1_10.csv
3639,3,2,1,Reader_1_11.csv
3639,0,0,0,Reader_1_12.csv
3639,1,1,0,Reader_1_2.csv
3639,3,3,0,Reader_1_3.csv
3639,0,0,0,Reader_1_4.csv
3639,3,3,0,Reader_1_5.csv
3639,0,0,0,Reader_1_6.csv
3639,1,1,0,Reader_1_7.csv
3639,0,0,0,Reader_1_8.csv
3639,0,0,0,Reader_1_9.csv
3639,0,0,0,Reader_2_1.csv
3639,0,0,0,Reader_2_10.csv
3639,0,0,0,Reader_2_11.csv
3639,0,0,0,Reader_2_12.csv
3639,0,0,0,Reader_2_2.csv
3639,0,0,0,Reader_2_3.csv
3639,0,0,0,Reader_2_4.csv
3639,0,0,0,Reader_2_5.csv
3639,0,0,0,Reader_2_6.csv
3639,0,0,0,Reader_2_7.csv
3639,0,0,0,Reader_2_8.csv
3639,0,0,0,Reader_2_9.csv
3639,2,2,0,reader_3_1.csv
3639,3,1,2,Reader_3_2.csv
3639,5,4,1,Reader_3_3.csv
3639,5,4,1,Reader_3_4.csv
3639,12,12,0,Reader_3_5.csv
3639,1,1,0,Reader_3_6.csv
3639,14,11,3,Reader_3_7.csv
3640,10,10,0,Reader_1_1.csv
3640,0,0,0,Reader_1_10.csv
3640,3,1,2,Reader_1_11.csv
3640,0,0,0,Reader_1_12.csv
3640,1,1,0,Reader_1_2.csv
3640,3,3,0,Reader_1_3.csv
3640,0,0,0,Reader_1_4.csv
3640,3,3,0,Reader_1_5.csv
3640,0,0,0,Reader_1_6.csv
3640,1,1,0,Reader_1_7.csv
3640,0,0,0,Reader_1_8.csv
3640,0,0,0,Reader_1_9.csv
3640,0,0,0,Reader_2_1.csv
3640,0,0,0,Reader_2_10.csv
3640,0,0,0,Reader_2_11.csv
3640,1,0,1,Reader_2_12.csv
3640,0,0,0,Reader_2_2.csv
3640,0,0,0,Reader_2_3.csv
3640,0,0,0,Reader_2_4.csv
3640,0,0,0,Reader_2_5.csv
3640,0,0,0,Reader_2_6.csv
3640,0,0,0,Reader_2_7.csv
3640,0,0,0,Reader_2_8.csv
3640,0,0,0,Reader_2_9.csv
3640,2,2,0,reader_3_1.csv
3640,3,1,2,Reader_3_2.csv
3640,4,3,1,Reader_3_3.csv
3640,4,3,1,Reader_3_4.csv
3640,11,11,0,Reader_3_5.csv
3640,0,0,0,Reader_3_6.csv
3640,15,13,2,Reader_3_7.csv
3641,8,8,0,Reader_1_1.csv
3641,0,0,0,Reader_1_10.csv
3641,3,1,2,Reader_1_11.csv
3641,0,0,0,Reader_1_12.csv
3641,2,2,0,Reader_1_2.csv
3641,2,2,0,Reader_1_3.csv
3641,0,0,0,Reader_1_4.csv
3641,3,3,0,Reader_1_5.csv
3641,0,0,0,Reader_1_6.csv
3641,1,1,0,Reader_1_7.csv
3641,0,0,0,Reader_1_8.csv
3641,0,0,0,Reader_1_9.csv
3641,0,0,0,Reader_2_1.csv
3641,0,0,0,Reader_2_10.csv
3641,0,0,0,Reader_2_11.csv
3641,1,0,1,Reader_2_12.csv
3641,0,0,0,Reader_2_2.csv
3641,0,0,0,Reader_2_3.csv
3641,0,0,0,Reader_2_4.csv
3641,0,0,0,Reader_2_5.csv
3641,0,0,0,Reader_2_6.csv
3641,0,0,0,Reader_2_7.csv
3641,0,0,0,Reader_2_8.csv
3641,0,0,0,Reader_2_9.csv
3641,2,2,0,reader_3_1.csv
3641,3,1,2,Reader_3_2.csv
3641,4,3,1,Reader_3_3.csv
3641,4,3,1,Reader_3_4.csv
3641,11,11,0,Reader_3_5.csv
3641,0,0,0,Reader_3_6.csv
3641,14,12,2,Reader_3_7.csv
3642,8,7,1,Reader_1_1.csv
3642,0,0,0,Reader_1_10.csv
3642,3,1,2,Reader_1_11.csv
3642,0,0,0,Reader_1_12.csv
3642,2,1,1,Reader_1_2.csv
3642,3,3,0,Reader_1_3.csv
3642,0,0,0,Reader_1_4.csv
3642,3,3,0,Reader_1_5.csv
3642,0,0,0,Reader_1_6.csv
3642,2,2,0,Reader_1_7.csv
3642,0,0,0,Reader_1_8.csv
3642,0,0,0,Reader_1_9.csv
3642,0,0,0,Reader_2_1.csv
3642,0,0,0,Reader_2_10.csv
3642,0,0,0,Reader_2_11.csv
3642,1,0,1,Reader_2_12.csv
3642,0,0,0,Reader_2_2.csv
3642,0,0,0,Reader_2_3.csv
3642,0,0,0,Reader_2_4.csv
3642,0,0,0,Reader_2_5.csv
3642,0,0,0,Reader_2_6.csv
3642,0,0,0,Reader_2_7.csv
3642,0,0,0,Reader_2_8.csv
3642,0,0,0,Reader_2_9.csv
3642,2,2,0,reader_3_1.csv
3642,3,1,2,Reader_3_2.csv
3642,4,3,1,Reader_3_3.csv
3642,4,3,1,Reader_3_4.csv
3642,12,12,0,Reader_3_5.csv
3642,0,0,0,Reader_3_6.csv
3642,13,11,2,Reader_3_7.csv
3643,7,6,1,Reader_1_1.csv
3643,0,0,0,Reader_1_10.csv
3643,3,1,2,Reader_1_11.csv
3643,0,0,0,Reader_1_12.csv
3643,2,1,1,Reader_1_2.csv
3643,3,3,0,Reader_1_3.csv
3643,0,0,0,Reader_1_4.csv
3643,2,2,0,Reader_1_5.csv
3643,0,0,0,Reader_1_6.csv
3643,1,1,0,Reader_1_7.csv
3643,0,0,0,Reader_1_8.csv
3643,0,0,0,Reader_1_9.csv
3643,0,0,0,Reader_2_1.csv
3643,0,0,0,Reader_2_10.csv
3643,0,0,0,Reader_2_11.csv
3643,2,1,1,Reader_2_12.csv
3643,1,1,0,Reader_2_2.csv
3643,0,0,0,Reader_2_3.csv
3643,0,0,0,Reader_2_4.csv
3643,0,0,0,Reader_2_5.csv
3643,0,0,0,Reader_2_6.csv
3643,0,0,0,Reader_2_7.csv
3643,0,0,0,Reader_2_8.csv
3643,0,0,0,Reader_2_9.csv
3643,2,2,0,reader_3_1.csv
3643,2,0,2,Reader_3_2.csv
3643,4,3,1,Reader_3_3.csv
3643,4,3,1,Reader_3_4.csv
3643,11,11,0,Reader_3_5.csv
3643,0,0,0,Reader_3_6.csv
3643,11,9,2,Reader_3_7.csv
3644,7,6,1,Reader_1_1.csv
3644,0,0,0,Reader_1_10.csv
3644,3,1,2,Reader_1_11.csv
3644,0,0,0,Reader_1_12.csv
3644,2,1,1,Reader_1_2.csv
3644,2,2,0,Reader_1_3.csv
3644,0,0,0,Reader_1_4.csv
3644,1,1,0,Reader_1_5.csv
3644,0,0,0,Reader_1_6.csv
3644,1,1,0,Reader_1_7.csv
3644,0,0,0,Reader_1_8.csv
3644,0,0,0,Reader_1_9.csv
3644,1,1,0,Reader_2_1.csv
3644,0,0,0,Reader_2_10.csv
3644,0,0,0,Reader_2_11.csv
3644,2,1,1,Reader_2_12.csv
3644,1,1,0,Reader_2_2.csv
3644,0,0,0,Reader_2_3.csv
3644,0,0,0,Reader_2_4.csv
3644,0,0,0,Reader_2_5.csv
3644,0,0,0,Reader_2_6.csv
3644,0,0,0,Reader_2_7.csv
3644,0,0,0,Reader_2_8.csv
3644,0,0,0,Reader_2_9.csv
3644,2,2,0,reader_3_1.csv
3644,1,1,0,Reader_3_2.csv
3644,2,2,0,Reader_3_3.csv
3644,2,2,0,Reader_3_4.csv
3644,9,9,0,Reader_3_5.csv
3644,0,0,0,Reader_3_6.csv
3644,10,8,2,Reader_3_7.csv
3645,6,5,1,Reader_1_1.csv
3645,0,0,0,Reader_1_10.csv
3645,4,2,2,Reader_1_11.csv
3645,0,0,0,Reader_1_12.csv
3645,2,1,1,Reader_1_2.csv
3645,3,3,0,Reader_1_3.csv
3645,0,0,0,Reader_1_4.csv
3645,1,1,0,Reader_1_5.csv
3645,0,0,0,Reader_1_6.csv
3645,1,1,0,Reader_1_7.csv
3645,1,0,1,Reader_1_8.csv
3645,0,0,0,Reader_1_9.csv
3645,1,1,0,Reader_2_1.csv
3645,0,0,0,Reader_2_10.csv
3645,0,0,0,Reader_2_11.csv
3645,2,1,1,Reader_2_12.csv
3645,1,1,0,Reader_2_2.csv
3645,0,0,0,Reader_2_3.csv
3645,0,0,0,Reader_2_4.csv
3645,0,0,0,Reader_2_5.csv
3645,0,0,0,Reader_2_6.csv
3645,0,0,0,Reader_2_7.csv
3645,0,0,0,Reader_2_8.csv
3645,0,0,0,Reader_2_9.csv
3645,1,1,0,reader_3_1.csv
3645,1,1,0,Reader_3_2.csv
3645,2,2,0,Reader_3_3.csv
3645,2,2,0,Reader_3_4.csv
3645,9,9,0,Reader_3_5.csv
3645,0,0,0,Reader_3_6.csv
3645,7,5,2,Reader_3_7.csv
3646,5,4,1,Reader_1_1.csv
3646,0,0,0,Reader_1_10.csv
3646,3,2,1,Reader_1_11.csv
3646,0,0,0,Reader_1_12.csv
3646,3,2,1,Reader_1_2.csv
3646,3,3,0,Reader_1_3.csv
3646,0,0,0,Reader_1_4.csv
3646,1,1,0,Reader_1_5.csv
3646,0,0,0,Reader_1_6.csv
3646,1,1,0,Reader_1_7.csv
3646,1,0,1,Reader_1_8.csv
3646,0,0,0,Reader_1_9.csv
3646,1,1,0,Reader_2_1.csv
3646,0,0,0,Reader_2_10.csv
3646,0,0,0,Reader_2_11.csv
3646,2,1,1,Reader_2_12.csv
3646,1,1,0,Reader_2_2.csv
3646,0,0,0,Reader_2_3.csv
3646,0,0,0,Reader_2_4.csv
3646,0,0,0,Reader_2_5.csv
3646,0,0,0,Reader_2_6.csv
3646,0,0,0,Reader_2_7.csv
3646,0,0,0,Reader_2_8.csv
3646,0,0,0,Reader_2_9.csv
3646,1,1,0,reader_3_1.csv
3646,1,1,0,Reader_3_2.csv
3646,1,1,0,Reader_3_3.csv
3646,1,1,0,Reader_3_4.csv
3646,8,8,0,Reader_3_5.csv
3646,0,0,0,Reader_3_6.csv
3646,6,4,2,Reader_3_7.csv
3647,3,2,1,Reader_1_1.csv
3647,0,0,0,Reader_1_10.csv
3647,2,1,1,Reader_1_11.csv
3647,0,0,0,Reader_1_12.csv
3647,3,2,1,Reader_1_2.csv
3647,3,3,0,Reader_1_3.csv
3647,0,0,0,Reader_1_4.csv
3647,1,1,0,Reader_1_5.csv
3647,0,0,0,Reader_1_6.csv
3647,1,1,0,Reader_1_7.csv
3647,1,0,1,Reader_1_8.csv
3647,1,1,0,Reader_1_9.csv
3647,1,1,0,Reader_2_1.csv
3647,0,0,0,Reader_2_10.csv
3647,0,0,0,Reader_2_11.csv
3647,2,1,1,Reader_2_12.csv
3647,1,1,0,Reader_2_2.csv
3647,0,0,0,Reader_2_3.csv
3647,0,0,0,Reader_2_4.csv
3647,0,0,0,Reader_2_5.csv
3647,0,0,0,Reader_2_6.csv
3647,0,0,0,Reader_2_7.csv
3647,0,0,0,Reader_2_8.csv
3647,0,0,0,Reader_2_9.csv
3647,1,1,0,reader_3_1.csv
3647,1,1,0,Reader_3_2.csv
3647,0,0,0,Reader_3_3.csv
3647,0,0,0,Reader_3_4.csv
3647,7,7,0,Reader_3_5.csv
3647,0,0,0,Reader_3_6.csv
3647,6,5,1,Reader_3_7.csv
3648,5,3,2,Reader_1_1.csv
3648,0,0,0,Reader_1_10.csv
3648,1,1,0,Reader_1_11.csv
3648,0,0,0,Reader_1_12.csv
3648,4,3,1,Reader_1_2.csv
3648,3,3,0,Reader_1_3.csv
3648,1,1,0,Reader_1_4.csv
3648,2,1,1,Reader_1_5.csv
3648,0,0,0,Reader_1_6.csv
3648,1,1,0,Reader_1_7.csv
3648,1,0,1,Reader_1_8.csv
3648,1,1,0,Reader_1_9.csv
3648,1,1,0,Reader_2_1.csv
3648,0,0,0,Reader_2_10.csv
3648,0,0,0,Reader_2_11.csv
3648,1,1,0,Reader_2_12.csv
3648,1,1,0,Reader_2_2.csv
3648,0,0,0,Reader_2_3.csv
3648,0,0,0,Reader_2_4.csv
3648,0,0,0,Reader_2_5.csv
3648,0,0,0,Reader_2_6.csv
3648,0,0,0,Reader_2_7.csv
3648,0,0,0,Reader_2_8.csv
3648,0,0,0,Reader_2_9.csv
3648,1,1,0,reader_3_1.csv
3648,1,1,0,Reader_3_2.csv
3648,1,1,0,Reader_3_3.csv
3648,1,1,0,Reader_3_4.csv
3648,7,7,0,Reader_3_5.csv
3648,0,0,0,Reader_3_6.csv
3648,6,5,1,Reader_3_7.csv
3649,4,2,2,Reader_1_1.csv
3649,0,0,0,Reader_1_10.csv
3649,1,1,0,Reader_1_11.csv
3649,0,0,0,Reader_1_12.csv
3649,4,3,1,Reader_1_2.csv
3649,3,3,0,Reader_1_3.csv
3649,1,1,0,Reader_1_4.csv
3649,2,1,1,Reader_1_5.csv
3649,0,0,0,Reader_1_6.csv
3649,1,1,0,Reader_1_7.csv
3649,1,0,1,Reader_1_8.csv
3649,1,1,0,Reader_1_9.csv
3649,1,1,0,Reader_2_1.csv
3649,0,0,0,Reader_2_10.csv
3649,0,0,0,Reader_2_11.csv
3649,1,1,0,Reader_2_12.csv
3649,1,1,0,Reader_2_2.csv
3649,0,0,0,Reader_2_3.csv
3649,0,0,0,Reader_2_4.csv
3649,0,0,0,Reader_2_5.csv
3649,0,0,0,Reader_2_6.csv
3649,0,0,0,Reader_2_7.csv
3649,0,0,0,Reader_2_8.csv
3649,0,0,0,Reader_2_9.csv
3649,1,1,0,reader_3_1.csv
3649,2,2,0,Reader_3_2.csv
3649,1,1,0,Reader_3_3.csv
3649,1,1,0,Reader_3_4.csv
3649,7,7,0,Reader_3_5.csv
3649,1,1,0,Reader_3_6.csv
3649,6,5,1,Reader_3_7.csv
3650,3,2,1,Reader_1_1.csv
3650,0,0,0,Reader_1_10.csv
3650,1,1,0,Reader_1_11.csv
3650,0,0,0,Reader_1_12.csv
3650,4,4,0,Reader_1_2.csv
3650,1,1,0,Reader_1_3.csv
3650,1,1,0,Reader_1_4.csv
3650,2,1,1,Reader_1_5.csv
3650,0,0,0,Reader_1_6.csv
3650,0,0,0,Reader_1_7.csv
3650,1,0,1,Reader_1_8.csv
3650,1,1,0,Reader_1_9.csv
3650,2,2,0,Reader_2_1.csv
3650,0,0,0,Reader_2_10.csv
3650,0,0,0,Reader_2_11.csv
3650,2,1,1,Reader_2_12.csv
3650,1,1,0,Reader_2_2.csv
3650,0,0,0,Reader_2_3.csv
3650,0,0,0,Reader_2_4.csv
3650,0,0,0,Reader_2_5.csv
3650,0,0,0,Reader_2_6.csv
3650,0,0,0,Reader_2_7.csv
3650,0,0,0,Reader_2_8.csv
3650,0,0,0,Reader_2_9.csv
3650,1,1,0,reader_3_1.csv
3650,2,2,0,Reader_3_2.csv
3650,1,1,0,Reader_3_3.csv
3650,1,1,0,Reader_3_4.csv
3650,4,4,0,Reader_3_5.csv
3650,1,1,0,Reader_3_6.csv
3650,5,4,1,Reader_3_7.csv
3651,3,2,1,Reader_1_1.csv
3651,0,0,0,Reader_1_10.csv
3651,1,1,0,Reader_1_11.csv
3651,0,0,0,Reader_1_12.csv
3651,4,4,0,Reader_1_2.csv
3651,2,2,0,Reader_1_3.csv
3651,1,1,0,Reader_1_4.csv
3651,2,1,1,Reader_1_5.csv
3651,0,0,0,Reader_1_6.csv
3651,0,0,0,Reader_1_7.csv
3651,1,0,1,Reader_1_8.csv
3651,2,2,0,Reader_1_9.csv
3651,2,2,0,Reader_2_1.csv
3651,0,0,0,Reader_2_10.csv
3651,0,0,0,Reader_2_11.csv
3651,1,0,1,Reader_2_12.csv
3651,0,0,0,Reader_2_2.csv
3651,0,0,0,Reader_2_3.csv
3651,0,0,0,Reader_2_4.csv
3651,0,0,0,Reader_2_5.csv
3651,0,0,0,Reader_2_6.csv
3651,0,0,0,Reader_2_7.csv
3651,0,0,0,Reader_2_8.csv
3651,0,0,0,Reader_2_9.csv
3651,1,1,0,reader_3_1.csv
3651,2,2,0,Reader_3_2.csv
3651,2,2,0,Reader_3_3.csv
3651,2,2,0,Reader_3_4.csv
3651,5,5,0,Reader_3_5.csv
3651,1,1,0,Reader_3_6.csv
3651,7,6,1,Reader_3_7.csv
3652,3,2,1,Reader_1_1.csv
3652,0,0,0,Reader_1_10.csv
3652,1,1,0,Reader_1_11.csv
3652,0,0,0,Reader_1_12.csv
3652,4,4,0,Reader_1_2.csv
3652,2,2,0,Reader_1_3.csv
3652,1,1,0,Reader_1_4.csv
3652,2,1,1,Reader_1_5.csv
3652,0,0,0,Reader_1_6.csv
3652,0,0,0,Reader_1_7.csv
3652,1,0,1,Reader_1_8.csv
3652,2,2,0,Reader_1_9.csv
3652,1,1,0,Reader_2_1.csv
3652,0,0,0,Reader_2_10.csv
3652,0,0,0,Reader_2_11.csv
3652,1,0,1,Reader_2_12.csv
3652,0,0,0,Reader_2_2.csv
3652,0,0,0,Reader_2_3.csv
3652,0,0,0,Reader_2_4.csv
3652,0,0,0,Reader_2_5.csv
3652,0,0,0,Reader_2_6.csv
3652,0,0,0,Reader_2_7.csv
3652,0,0,0,Reader_2_8.csv
3652,0,0,0,Reader_2_9.csv
3652,2,2,0,reader_3_1.csv
3652,1,1,0,Reader_3_2.csv
3652,2,2,0,Reader_3_3.csv
3652,2,2,0,Reader_3_4.csv
3652,4,4,0,Reader_3_5.csv
3652,1,1,0,Reader_3_6.csv
3652,10,9,1,Reader_3_7.csv
3653,3,2,1,Reader_1_1.csv
3653,0,0,0,Reader_1_10.csv
3653,1,0,1,Reader_1_11.csv
3653,0,0,0,Reader_1_12.csv
3653,4,4,0,Reader_1_2.csv
3653,1,1,0,Reader_1_3.csv
3653,1,1,0,Reader_1_4.csv
3653,2,1,1,Reader_1_5.csv
3653,0,0,0,Reader_1_6.csv
3653,0,0,0,Reader_1_7.csv
3653,0,0,0,Reader_1_8.csv
3653,2,2,0,Reader_1_9.csv
3653,1,1,0,Reader_2_1.csv
3653,0,0,0,Reader_2_10.csv
3653,0,0,0,Reader_2_11.csv
3653,1,0,1,Reader_2_12.csv
3653,1,1,0,Reader_2_2.csv
3653,0,0,0,Reader_2_3.csv
3653,0,0,0,Reader_2_4.csv
3653,0,0,0,Reader_2_5.csv
3653,0,0,0,Reader_2_6.csv
3653,0,0,0,Reader_2_7.csv
3653,0,0,0,Reader_2_8.csv
3653,0,0,0,Reader_2_9.csv
3653,3,3,0,reader_3_1.csv
3653,1,1,0,Reader_3_2.csv
3653,2,2,0,Reader_3_3.csv
3653,2,2,0,Reader_3_4.csv
3653,6,6,0,Reader_3_5.csv
3653,1,1,0,Reader_3_6.csv
3653,10,9,1,Reader_3_7.csv
3654,2,1,1,Reader_1_1.csv
3654,0,0,0,Reader_1_10.csv
3654,1,0,1,Reader_1_11.csv
3654,0,0,0,Reader_1_12.csv
3654,3,3,0,Reader_1_2.csv
3654,1,1,0,Reader_1_3.csv
3654,1,1,0,Reader_1_4.csv
3654,2,1,1,Reader_1_5.csv
3654,0,0,0,Reader_1_6.csv
3654,0,0,0,Reader_1_7.csv
3654,0,0,0,Reader_1_8.csv
3654,3,3,0,Reader_1_9.csv
3654,1,1,0,Reader_2_1.csv
3654,0,0,0,Reader_2_10.csv
3654,0,0,0,Reader_2_11.csv
3654,1,0,1,Reader_2_12.csv
3654,1,1,0,Reader_2_2.csv
3654,0,0,0,Reader_2_3.csv
3654,0,0,0,Reader_2_4.csv
3654,0,0,0,Reader_2_5.csv
3654,0,0,0,Reader_2_6.csv
3654,0,0,0,Reader_2_7.csv
3654,0,0,0,Reader_2_8.csv
3654,0,0,0,Reader_2_9.csv
3654,3,3,0,reader_3_1.csv
3654,1,1,0,Reader_3_2.csv
3654,2,2,0,Reader_3_3.csv
3654,2,2,0,Reader_3_4.csv
3654,9,8,1,Reader_3_5.csv
3654,1,1,0,Reader_3_6.csv
3654,8,8,0,Reader_3_7.csv
3655,4,2,2,Reader_1_1.csv
3655,0,0,0,Reader_1_10.csv
3655,1,0,1,Reader_1_11.csv
3655,0,0,0,Reader_1_12.csv
3655,3,3,0,Reader_1_2.csv
3655,1,1,0,Reader_1_3.csv
3655,1,1,0,Reader_1_4.csv
3655,1,0,1,Reader_1_5.csv
3655,0,0,0,Reader_1_6.csv
3655,1,0,1,Reader_1_7.csv
3655,0,0,0,Reader_1_8.csv
3655,2,2,0,Reader_1_9.csv
3655,3,3,0,Reader_2_1.csv
3655,0,0,0,Reader_2_10.csv
3655,0,0,0,Reader_2_11.csv
3655,1,0,1,Reader_2_12.csv
3655,1,1,0,Reader_2_2.csv
3655,0,0,0,Reader_2_3.csv
3655,0,0,0,Reader_2_4.csv
3655,0,0,0,Reader_2_5.csv
3655,0,0,0,Reader_2_6.csv
3655,0,0,0,Reader_2_7.csv
3655,0,0,0,Reader_2_8.csv
3655,0,0,0,Reader_2_9.csv
3655,2,2,0,reader_3_1.csv
3655,2,2,0,Reader_3_2.csv
3655,2,2,0,Reader_3_3.csv
3655,2,2,0,Reader_3_4.csv
3655,10,9,1,Reader_3_5.csv
3655,1,1,0,Reader_3_6.csv
3655,7,7,0,Reader_3_7.csv
3656,2,1,1,Reader_1_1.csv
3656,0,0,0,Reader_1_10.csv
3656,2,1,1,Reader_1_11.csv
3656,0,0,0,Reader_1_12.csv
3656,2,2,0,Reader_1_2.csv
3656,2,2,0,Reader_1_3.csv
3656,0,0,0,Reader_1_4.csv
3656,0,0,0,Reader_1_5.csv
3656,0,0,0,Reader_1_6.csv
3656,1,0,1,Reader_1_7.csv
3656,0,0,0,Reader_1_8.csv
3656,3,3,0,Reader_1_9.csv
3656,3,3,0,Reader_2_1.csv
3656,0,0,0,Reader_2_10.csv
3656,0,0,0,Reader_2_11.csv
3656,2,1,1,Reader_2_12.csv
3656,1,1,0,Reader_2_2.csv
3656,0,0,0,Reader_2_3.csv
3656,0,0,0,Reader_2_4.csv
3656,0,0,0,Reader_2_5.csv
3656,0,0,0,Reader_2_6.csv
3656,0,0,0,Reader_2_7.csv
3656,0,0,0,Reader_2_8.csv
3656,0,0,0,Reader_2_9.csv
3656,2,2,0,reader_3_1.csv
3656,2,2,0,Reader_3_2.csv
3656,1,1,0,Reader_3_3.csv
3656,1,1,0,Reader_3_4.csv
3656,13,12,1,Reader_3_5.csv
3656,1,1,0,Reader_3_6.csv
3656,5,5,0,Reader_3_7.csv
3657,5,4,1,Reader_1_1.csv
3657,0,0,0,Reader_1_10.csv
3657,2,1,1,Reader_1_11.csv
3657,0,0,0,Reader_1_12.csv
3657,2,2,0,Reader_1_2.csv
3657,2,2,0,Reader_1_3.csv
3657,0,0,0,Reader_1_4.csv
3657,0,0,0,Reader_1_5.csv
3657,1,1,0,Reader_1_6.csv
3657,1,0,1,Reader_1_7.csv
3657,0,0,0,Reader_1_8.csv
3657,3,3,0,Reader_1_9.csv
3657,3,3,0,Reader_2_1.csv
3657,0,0,0,Reader_2_10.csv
3657,0,0,0,Reader_2_11.csv
3657,2,1,1,Reader_2_12.csv
3657,1,1,0,Reader_2_2.csv
3657,0,0,0,Reader_2_3.csv
3657,0,0,0,Reader_2_4.csv
3657,0,0,0,Reader_2_5.csv
3657,0,0,0,Reader_2_6.csv
3657,0,0,0,Reader_2_7.csv
3657,0,0,0,Reader_2_8.csv
3657,0,0,0,Reader_2_9.csv
3657,3,3,0,reader_3_1.csv
3657,2,1,1,Reader_3_2.csv
3657,1,1,0,Reader_3_3.csv
3657,1,1,0,Reader_3_4.csv
3657,14,13,1,Reader_3_5.csv
3657,0,0,0,Reader_3_6.csv
3657,5,5,0,Reader_3_7.csv
3658,5,4,1,Reader_1_1.csv
3658,0,0,0,Reader_1_10.csv
3658,3,2,1,Reader_1_11.csv
3658,0,0,0,Reader_1_12.csv
3658,1,1,0,Reader_1_2.csv
3658,2,2,0,Reader_1_3.csv
3658,0,0,0,Reader_1_4.csv
3658,0,0,0,Reader_1_5.csv
3658,1,1,0,Reader_1_6.csv
3658,2,1,1,Reader_1_7.csv
3658,0,0,0,Reader_1_8.csv
3658,3,3,0,Reader_1_9.csv
3658,2,2,0,Reader_2_1.csv
3658,0,0,0,Reader_2_10.csv
3658,0,0,0,Reader_2_11.csv
3658,1,1,0,Reader_2_12.csv
3658,1,1,0,Reader_2_2.csv
3658,0,0,0,Reader_2_3.csv
3658,0,0,0,Reader_2_4.csv
3658,0,0,0,Reader_2_5.csv
3658,0,0,0,Reader_2_6.csv
3658,0,0,0,Reader_2_7.csv
3658,0,0,0,Reader_2_8.csv
3658,0,0,0,Reader_2_9.csv
3658,3,3,0,reader_3_1.csv
3658,2,1,1,Reader_3_2.csv
3658,1,1,0,Reader_3_3.csv
3658,1,1,0,Reader_3_4.csv
3658,15,14,1,Reader_3_5.csv
3658,0,0,0,Reader_3_6.csv
3658,6,6,0,Reader_3_7.csv
3659,7,5,2,Reader_1_1.csv
3659,0,0,0,Reader_1_10.csv
3659,3,2,1,Reader_1_11.csv
3659,0,0,0,Reader_1_12.csv
3659,1,1,0,Reader_1_2.csv
3659,1,1,0,Reader_1_3.csv
3659,0,0,0,Reader_1_4.csv
3659,0,0,0,Reader_1_5.csv
3659,1,1,0,Reader_1_6.csv
3659,2,1,1,Reader_1_7.csv
3659,0,0,0,Reader_1_8.csv
3659,2,2,0,Reader_1_9.csv
3659,2,2,0,Reader_2_1.csv
3659,0,0,0,Reader_2_10.csv
3659,0,0,0,Reader_2_11.csv
3659,2,2,0,Reader_2_12.csv
3659,2,2,0,Reader_2_2.csv
3659,0,0,0,Reader_2_3.csv
3659,0,0,0,Reader_2_4.csv
3659,0,0,0,Reader_2_5.csv
3659,0,0,0,Reader_2_6.csv
3659,0,0,0,Reader_2_7.csv
3659,0,0,0,Reader_2_8.csv
3659,0,0,0,Reader_2_9.csv
3659,4,3,1,reader_3_1.csv
3659,2,1,1,Reader_3_2.csv
3659,1,1,0,Reader_3_3.csv
3659,1,1,0,Reader_3_4.csv
3659,15,14,1,Reader_3_5.csv
3659,0,0,0,Reader_3_6.csv
3659,4,4,0,Reader_3_7.csv
3660,7,5,2,Reader_1_1.csv
3660,0,0,0,Reader_1_10.csv
3660,3,2,1,Reader_1_11.csv
3660,0,0,0,Reader_1_12.csv
3660,1,1,0,Reader_1_2.csv
3660,2,2,0,Reader_1_3.csv
3660,0,0,0,Reader_1_4.csv
3660,0,0,0,Reader_1_5.csv
3660,1,1,0,Reader_1_6.csv
3660,2,1,1,Reader_1_7.csv
3660,0,0,0,Reader_1_8.csv
3660,2,2,0,Reader_1_9.csv
3660,2,2,0,Reader_2_1.csv
3660,0,0,0,Reader_2_10.csv
3660,0,0,0,Reader_2_11.csv
3660,2,2,0,Reader_2_12.csv
3660,2,2,0,Reader_2_2.csv
3660,0,0,0,Reader_2_3.csv
3660,0,0,0,Reader_2_4.csv
3660,0,0,0,Reader_2_5.csv
3660,0,0,0,Reader_2_6.csv
3660,0,0,0,Reader_2_7.csv
3660,0,0,0,Reader_2_8.csv
3660,0,0,0,Reader_2_9.csv
3660,3,2,1,reader_3_1.csv
3660,2,1,1,Reader_3_2.csv
3660,1,1,0,Reader_3_3.csv
3660,1,1,0,Reader_3_4.csv
3660,15,14,1,Reader_3_5.csv
3660,1,1,0,Reader_3_6.csv
3660,1,1,0,Reader_3_7.csv
3661,8,6,2,Reader_1_1.csv
3661,0,0,0,Reader_1_10.csv
3661,3,3,0,Reader_1_11.csv
3661,0,0,0,Reader_1_12.csv
3661,1,1,0,Reader_1_2.csv
3661,2,2,0,Reader_1_3.csv
3661,0,0,0,Reader_1_4.csv
3661,0,0,0,Reader_1_5.csv
3661,1,1,0,Reader_1_6.csv
3661,2,1,1,Reader_1_7.csv
3661,0,0,0,Reader_1_8.csv
3661,2,2,0,Reader_1_9.csv
3661,2,2,0,Reader_2_1.csv
3661,0,0,0,Reader_2_10.csv
3661,0,0,0,Reader_2_11.csv
3661,2,2,0,Reader_2_12.csv
3661,1,1,0,Reader_2_2.csv
3661,0,0,0,Reader_2_3.csv
3661,0,0,0,Reader_2_4.csv
3661,0,0,0,Reader_2_5.csv
3661,0,0,0,Reader_2_6.csv
3661,0,0,0,Reader_2_7.csv
3661,0,0,0,Reader_2_8.csv
3661,0,0,0,Reader_2_9.csv
3661,4,3,1,reader_3_1.csv
3661,2,1,1,Reader_3_2.csv
3661,2,2,0,Reader_3_3.csv
3661,2,2,0,Reader_3_4.csv
3661,12,11,1,Reader_3_5.csv
3661,1,1,0,Reader_3_6.csv
3661,1,1,0,Reader_3_7.csv
3662,9,7,2,Reader_1_1.csv
3662,0,0,0,Reader_1_10.csv
3662,3,3,0,Reader_1_11.csv
3662,0,0,0,Reader_1_12.csv
3662,1,1,0,Reader_1_2.csv
3662,3,3,0,Reader_1_3.csv
3662,0,0,0,Reader_1_4.csv
3662,0,0,0,Reader_1_5.csv
3662,1,1,0,Reader_1_6.csv
3662,2,1,1,Reader_1_7.csv
3662,0,0,0,Reader_1_8.csv
3662,1,1,0,Reader_1_9.csv
3662,2,2,0,Reader_2_1.csv
3662,0,0,0,Reader_2_10.csv
3662,0,0,0,Reader_2_11.csv
3662,3,2,1,Reader_2_12.csv
3662,1,1,0,Reader_2_2.csv
3662,0,0,0,Reader_2_3.csv
3662,0,0,0,Reader_2_4.csv
3662,0,0,0,Reader_2_5.csv
3662,0,0,0,Reader_2_6.csv
3662,0,0,0,Reader_2_7.csv
3662,0,0,0,Reader_2_8.csv
3662,0,0,0,Reader_2_9.csv
3662,6,3,3,reader_3_1.csv
3662,2,1,1,Reader_3_2.csv
3662,2,2,0,Reader_3_3.csv
3662,2,2,0,Reader_3_4.csv
3662,11,11,0,Reader_3_5.csv
3662,1,1,0,Reader_3_6.csv
3662,1,1,0,Reader_3_7.csv
3663,8,7,1,Reader_1_1.csv
3663,0,0,0,Reader_1_10.csv
3663,3,3,0,Reader_1_11.csv
3663,0,0,0,Reader_1_12.csv
3663,1,1,0,Reader_1_2.csv
3663,3,3,0,Reader_1_3.csv
3663,0,0,0,Reader_1_4.csv
3663,0,0,0,Reader_1_5.csv
3663,1,1,0,Reader_1_6.csv
3663,1,1,0,Reader_1_7.csv
3663,0,0,0,Reader_1_8.csv
3663,1,1,0,Reader_1_9.csv
3663,0,0,0,Reader_2_1.csv
3663,0,0,0,Reader_2_10.csv
3663,0,0,0,Reader_2_11.csv
3663,3,2,1,Reader_2_12.csv
3663,1,1,0,Reader_2_2.csv
3663,0,0,0,Reader_2_3.csv
3663,0,0,0,Reader_2_4.csv
3663,0,0,0,Reader_2_5.csv
3663,0,0,0,Reader_2_6.csv
3663,0,0,0,Reader_2_7.csv
3663,0,0,0,Reader_2_8.csv
3663,0,0,0,Reader_2_9.csv
3663,6,3,3,reader_3_1.csv
3663,2,1,1,Reader_3_2.csv
3663,2,2,0,Reader_3_3.csv
3663,2,2,0,Reader_3_4.csv
3663,11,11,0,Reader_3_5.csv
3663,1,1,0,Reader_3_6.csv
3663,2,1,1,Reader_3_7.csv
3664,9,7,2,Reader_1_1.csv
3664,0,0,0,Reader_1_10.csv
3664,2,2,0,Reader_1_11.csv
3664,0,0,0,Reader_1_12.csv
3664,2,1,1,Reader_1_2.csv
3664,2,2,0,Reader_1_3.csv
3664,0,0,0,Reader_1_4.csv
3664,0,0,0,Reader_1_5.csv
3664,1,1,0,Reader_1_6.csv
3664,1,1,0,Reader_1_7.csv
3664,0,0,0,Reader_1_8.csv
3664,1,1,0,Reader_1_9.csv
3664,0,0,0,Reader_2_1.csv
3664,0,0,0,Reader_2_10.csv
3664,0,0,0,Reader_2_11.csv
3664,2,1,1,Reader_2_12.csv
3664,1,1,0,Reader_2_2.csv
3664,0,0,0,Reader_2_3.csv
3664,0,0,0,Reader_2_4.csv
3664,0,0,0,Reader_2_5.csv
3664,0,0,0,Reader_2_6.csv
3664,0,0,0,Reader_2_7.csv
3664,0,0,0,Reader_2_8.csv
3664,0,0,0,Reader_2_9.csv
3664,6,3,3,reader_3_1.csv
3664,5,3,2,Reader_3_2.csv
3664,2,2,0,Reader_3_3.csv
3664,2,2,0,Reader_3_4.csv
3664,10,10,0,Reader_3_5.csv
3664,1,1,0,Reader_3_6.csv
3664,2,1,1,Reader_3_7.csv
3665,10,8,2,Reader_1_1.csv
3665,0,0,0,Reader_1_10.csv
3665,2,2,0,Reader_1_11.csv
3665,0,0,0,Reader_1_12.csv
3665,4,3,1,Reader_1_2.csv
3665,3,3,0,Reader_1_3.csv
3665,0,0,0,Reader_1_4.csv
3665,0,0,0,Reader_1_5.csv
3665,1,1,0,Reader_1_6.csv
3665,1,1,0,Reader_1_7.csv
3665,0,0,0,Reader_1_8.csv
3665,1,1,0,Reader_1_9.csv
3665,0,0,0,Reader_2_1.csv
3665,0,0,0,Reader_2_10.csv
3665,0,0,0,Reader_2_11.csv
3665,3,2,1,Reader_2_12.csv
3665,1,1,0,Reader_2_2.csv
3665,0,0,0,Reader_2_3.csv
3665,0,0,0,Reader_2_4.csv
3665,0,0,0,Reader_2_5.csv
3665,0,0,0,Reader_2_6.csv
3665,0,0,0,Reader_2_7.csv
3665,0,0,0,Reader_2_8.csv
3665,0,0,0,Reader_2_9.csv
3665,7,4,3,reader_3_1.csv
3665,5,3,2,Reader_3_2.csv
3665,2,2,0,Reader_3_3.csv
3665,2,2,0,Reader_3_4.csv
3665,10,9,1,Reader_3_5.csv
3665,1,1,0,Reader_3_6.csv
3665,3,2,1,Reader_3_7.csv
3666,11,8,3,Reader_1_1.csv
3666,0,0,0,Reader_1_10.csv
3666,1,1,0,Reader_1_11.csv
3666,0,0,0,Reader_1_12.csv
3666,4,3,1,Reader_1_2.csv
3666,3,3,0,Reader_1_3.csv
3666,0,0,0,Reader_1_4.csv
3666,0,0,0,Reader_1_5.csv
3666,1,1,0,Reader_1_6.csv
3666,0,0,0,Reader_1_7.csv
3666,0,0,0,Reader_1_8.csv
3666,1,1,0,Reader_1_9.csv
3666,0,0,0,Reader_2_1.csv
3666,0,0,0,Reader_2_10.csv
3666,0,0,0,Reader_2_11.csv
3666,3,2,1,Reader_2_12.csv
3666,1,1,0,Reader_2_2.csv
3666,0,0,0,Reader_2_3.csv
3666,0,0,0,Reader_2_4.csv
3666,0,0,0,Reader_2_5.csv
3666,0,0,0,Reader_2_6.csv
3666,0,0,0,Reader_2_7.csv
3666,0,0,0,Reader_2_8.csv
3666,0,0,0,Reader_2_9.csv
3666,7,4,3,reader_3_1.csv
3666,8,4,4,Reader_3_2.csv
3666,2,2,0,Reader_3_3.csv
3666,2,2,0,Reader_3_4.csv
3666,10,9,1,Reader_3_5.csv
3666,1,1,0,Reader_3_6.csv
3666,2,1,1,Reader_3_7.csv
3667,10,7,3,Reader_1_1.csv
3667,0,0,0,Reader_1_10.csv
3667,1,1,0,Reader_1_11.csv
3667,0,0,0,Reader_1_12.csv
3667,4,3,1,Reader_1_2.csv
3667,3,3,0,Reader_1_3.csv
3667,0,0,0,Reader_1_4.csv
3667,0,0,0,Reader_1_5.csv
3667,2,2,0,Reader_1_6.csv
3667,0,0,0,Reader_1_7.csv
3667,4,1,3,Reader_1_8.csv
3667,1,1,0,Reader_1_9.csv
3667,0,0,0,Reader_2_1.csv
3667,0,0,0,Reader_2_10.csv
3667,0,0,0,Reader_2_11.csv
3667,2,1,1,Reader_2_12.csv
3667,0,0,0,Reader_2_2.csv
3667,0,0,0,Reader_2_3.csv
3667,0,0,0,Reader_2_4.csv
3667,0,0,0,Reader_2_5.csv
3667,0,0,0,Reader_2_6.csv
3667,0,0,0,Reader_2_7.csv
3667,0,0,0,Reader_2_8.csv
3667,0,0,0,Reader_2_9.csv
3667,6,4,2,reader_3_1.csv
3667,13,9,4,Reader_3_2.csv
3667,1,1,0,Reader_3_3.csv
3667,1,1,0,Reader_3_4.csv
3667,8,7,1,Reader_3_5.csv
3667,2,2,0,Reader_3_6.csv
3667,3,2,1,Reader_3_7.csv
3668,12,9,3,Reader_1_1.csv
3668,0,0,0,Reader_1_10.csv
3668,1,1,0,Reader_1_11.csv
3668,0,0,0,Reader_1_12.csv
3668,5,4,1,Reader_1_2.csv
3668,2,2,0,Reader_1_3.csv
3668,0,0,0,Reader_1_4.csv
3668,0,0,0,Reader_1_5.csv
3668,2,2,0,Reader_1_6.csv
3668,0,0,0,Reader_1_7.csv
3668,4,1,3,Reader_1_8.csv
3668,1,1,0,Reader_1_9.csv
3668,0,0,0,Reader_2_1.csv
3668,0,0,0,Reader_2_10.csv
3668,0,0,0,Reader_2_11.csv
3668,2,1,1,Reader_2_12.csv
3668,1,0,1,Reader_2_2.csv
3668,0,0,0,Reader_2_3.csv
3668,0,0,0,Reader_2_4.csv
3668,0,0,0,Reader_2_5.csv
3668,0,0,0,Reader_2_6.csv
3668,0,0,0,Reader_2_7.csv
3668,0,0,0,Reader_2_8.csv
3668,0,0,0,Reader_2_9.csv
3668,6,4,2,reader_3_1.csv
3668,17,12,5,Reader_3_2.csv
3668,1,1,0,Reader_3_3.csv
3668,1,1,0,Reader_3_4.csv
3668,9,8,1,Reader_3_5.csv
3668,1,1,0,Reader_3_6.csv
3668,3,2,1,Reader_3_7.csv
3669,11,8,3,Reader_1_1.csv
3669,0,0,0,Reader_1_10.csv
3669,0,0,0,Reader_1_11.csv
3669,0,0,0,Reader_1_12.csv
3669,5,4,1,Reader_1_2.csv
3669,2,2,0,Reader_1_3.csv
3669,0,0,0,Reader_1_4.csv
3669,0,0,0,Reader_1_5.csv
3669,2,2,0,Reader_1_6.csv
3669,0,0,0,Reader_1_7.csv
3669,4,1,3,Reader_1_8.csv
3669,1,1,0,Reader_1_9.csv
3669,0,0,0,Reader_2_1.csv
3669,0,0,0,Reader_2_10.csv
3669,0,0,0,Reader_2_11.csv
3669,2,1,1,Reader_2_12.csv
3669,2,1,1,Reader_2_2.csv
3669,0,0,0,Reader_2_3.csv
3669,0,0,0,Reader_2_4.csv
3669,0,0,0,Reader_2_5.csv
3669,0,0,0,Reader_2_6.csv
3669,0,0,0,Reader_2_7.csv
3669,0,0,0,Reader_2_8.csv
3669,0,0,0,Reader_2_9.csv
3669,4,2,2,reader_3_1.csv
3669,20,14,6,Reader_3_2.csv
3669,0,0,0,Reader_3_3.csv
3669,0,0,0,Reader_3_4.csv
3669,9,8,1,Reader_3_5.csv
3669,1,1,0,Reader_3_6.csv
3669,4,3,1,Reader_3_7.csv
3670,10,7,3,Reader_1_1.csv
3670,0,0,0,Reader_1_10.csv
3670,0,0,0,Reader_1_11.csv
3670,0,0,0,Reader_1_12.csv
3670,6,5,1,Reader_1_2.csv
3670,1,1,0,Reader_1_3.csv
3670,0,0,0,Reader_1_4.csv
3670,0,0,0,Reader_1_5.csv
3670,2,2,0,Reader_1_6.csv
3670,0,0,0,Reader_1_7.csv
3670,4,1,3,Reader_1_8.csv
3670,1,1,0,Reader_1_9.csv
3670,0,0,0,Reader_2_1.csv
3670,0,0,0,Reader_2_10.csv
3670,0,0,0,Reader_2_11.csv
3670,1,1,0,Reader_2_12.csv
3670,2,1,1,Reader_2_2.csv
3670,0,0,0,Reader_2_3.csv
3670,0,0,0,Reader_2_4.csv
3670,0,0,0,Reader_2_5.csv
3670,0,0,0,Reader_2_6.csv
3670,0,0,0,Reader_2_7.csv
3670,0,0,0,Reader_2_8.csv
3670,0,0,0,Reader_2_9.csv
3670,3,3,0,reader_3_1.csv
3670,24,16,8,Reader_3_2.csv
3670,0,0,0,Reader_3_3.csv
3670,0,0,0,Reader_3_4.csv
3670,7,6,1,Reader_3_5.csv
3670,1,1,0,Reader_3_6.csv
3670,5,4,1,Reader_3_7.csv
3671,11,8,3,Reader_1_1.csv
3671,0,0,0,Reader_1_10.csv
3671,0,0,0,Reader_1_11.csv
3671,0,0,0,Reader_1_12.csv
3671,8,7,1,Reader_1_2.csv
3671,2,1,1,Reader_1_3.csv
3671,0,0,0,Reader_1_4.csv
3671,0,0,0,Reader_1_5.csv
3671,2,2,0,Reader_1_6.csv
3671,0,0,0,Reader_1_7.csv
3671,4,1,3,Reader_1_8.csv
3671,1,1,0,Reader_1_9.csv
3671,1,1,0,Reader_2_1.csv
3671,0,0,0,Reader_2_10.csv
3671,0,0,0,Reader_2_11.csv
3671,1,1,0,Reader_2_12.csv
3671,2,1,1,Reader_2_2.csv
3671,0,0,0,Reader_2_3.csv
3671,0,0,0,Reader_2_4.csv
3671,0,0,0,Reader_2_5.csv
3671,0,0,0,Reader_2_6.csv
3671,0,0,0,Reader_2_7.csv
3671,0,0,0,Reader_2_8.csv
3671,0,0,0,Reader_2_9.csv
3671,3,3,0,reader_3_1.csv
3671,24,16,8,Reader_3_2.csv
3671,0,0,0,Reader_3_3.csv
3671,0,0,0,Reader_3_4.csv
3671,6,5,1,Reader_3_5.csv
3671,1,1,0,Reader_3_6.csv
3671,4,4,0,Reader_3_7.csv
3672,10,8,2,Reader_1_1.csv
3672,0,0,0,Reader_1_10.csv
3672,0,0,0,Reader_1_11.csv
3672,0,0,0,Reader_1_12.csv
3672,7,7,0,Reader_1_2.csv
3672,2,1,1,Reader_1_3.csv
3672,0,0,0,Reader_1_4.csv
3672,0,0,0,Reader_1_5.csv
3672,2,2,0,Reader_1_6.csv
3672,0,0,0,Reader_1_7.csv
3672,5,2,3,Reader_1_8.csv
3672,1,1,0,Reader_1_9.csv
3672,1,1,0,Reader_2_1.csv
3672,0,0,0,Reader_2_10.csv
3672,0,0,0,Reader_2_11.csv
3672,1,1,0,Reader_2_12.csv
3672,2,1,1,Reader_2_2.csv
3672,0,0,0,Reader_2_3.csv
3672,0,0,0,Reader_2_4.csv
3672,0,0,0,Reader_2_5.csv
3672,0,0,0,Reader_2_6.csv
3672,0,0,0,Reader_2_7.csv
3672,0,0,0,Reader_2_8.csv
3672,0,0,0,Reader_2_9.csv
3672,3,3,0,reader_3_1.csv
3672,22,15,7,Reader_3_2.csv
3672,0,0,0,Reader_3_3.csv
3672,0,0,0,Reader_3_4.csv
3672,6,5,1,Reader_3_5.csv
3672,1,1,0,Reader_3_6.csv
3672,5,5,0,Reader_3_7.csv
3673,7,5,2,Reader_1_1.csv
3673,0,0,0,Reader_1_10.csv
3673,0,0,0,Reader_1_11.csv
3673,0,0,0,Reader_1_12.csv
3673,4,4,0,Reader_1_2.csv
3673,2,1,1,Reader_1_3.csv
3673,0,0,0,Reader_1_4.csv
3673,0,0,0,Reader_1_5.csv
3673,1,1,0,Reader_1_6.csv
3673,0,0,0,Reader_1_7.csv
3673,5,2,3,Reader_1_8.csv
3673,1,1,0,Reader_1_9.csv
3673,1,1,0,Reader_2_1.csv
3673,0,0,0,Reader_2_10.csv
3673,0,0,0,Reader_2_11.csv
3673,0,0,0,Reader_2_12.csv
3673,2,1,1,Reader_2_2.csv
3673,0,0,0,Reader_2_3.csv
3673,0,0,0,Reader_2_4.csv
3673,0,0,0,Reader_2_5.csv
3673,0,0,0,Reader_2_6.csv
3673,0,0,0,Reader_2_7.csv
3673,0,0,0,Reader_2_8.csv
3673,0,0,0,Reader_2_9.csv
3673,4,3,1,reader_3_1.csv
3673,22,16,6,Reader_3_2.csv
3673,0,0,0,Reader_3_3.csv
3673,0,0,0,Reader_3_4.csv
3673,4,4,0,Reader_3_5.csv
3673,1,1,0,Reader_3_6.csv
3673,4,4,0,Reader_3_7.csv
3674,7,5,2,Reader_1_1.csv
3674,0,0,0,Reader_1_10.csv
3674,0,0,0,Reader_1_11.csv
3674,0,0,0,Reader_1_12.csv
3674,4,4,0,Reader_1_2.csv
3674,2,1,1,Reader_1_3.csv
3674,0,0,0,Reader_1_4.csv
3674,0,0,0,Reader_1_5.csv
3674,1,1,0,Reader_1_6.csv
3674,0,0,0,Reader_1_7.csv
3674,5,2,3,Reader_1_8.csv
3674,2,2,0,Reader_1_9.csv
3674,1,1,0,Reader_2_1.csv
3674,0,0,0,Reader_2_10.csv
3674,0,0,0,Reader_2_11.csv
3674,0,0,0,Reader_2_12.csv
3674,3,2,1,Reader_2_2.csv
3674,0,0,0,Reader_2_3.csv
3674,0,0,0,Reader_2_4.csv
3674,1,1,0,Reader_2_5.csv
3674,0,0,0,Reader_2_6.csv
3674,0,0,0,Reader_2_7.csv
3674,0,0,0,Reader_2_8.csv
3674,0,0,0,Reader_2_9.csv
3674,5,4,1,reader_3_1.csv
3674,21,16,5,Reader_3_2.csv
3674,0,0,0,Reader_3_3.csv
3674,0,0,0,Reader_3_4.csv
3674,4,4,0,Reader_3_5.csv
3674,2,2,0,Reader_3_6.csv
3674,5,5,0,Reader_3_7.csv
3675,6,5,1,Reader_1_1.csv
3675,0,0,0,Reader_1_10.csv
3675,0,0,0,Reader_1_11.csv
3675,0,0,0,Reader_1_12.csv
3675,5,5,0,Reader_1_2.csv
3675,2,1,1,Reader_1_3.csv
3675,2,1,1,Reader_1_4.csv
3675,0,0,0,Reader_1_5.csv
3675,0,0,0,Reader_1_6.csv
3675,0,0,0,Reader_1_7.csv
3675,1,1,0,Reader_1_8.csv
3675,3,3,0,Reader_1_9.csv
3675,1,1,0,Reader_2_1.csv
3675,0,0,0,Reader_2_10.csv
3675,0,0,0,Reader_2_11.csv
3675,0,0,0,Reader_2_12.csv
3675,3,2,1,Reader_2_2.csv
3675,1,1,0,Reader_2_3.csv
3675,0,0,0,Reader_2_4.csv
3675,1,1,0,Reader_2_5.csv
3675,0,0,0,Reader_2_6.csv
3675,0,0,0,Reader_2_7.csv
3675,0,0,0,Reader_2_8.csv
3675,0,0,0,Reader_2_9.csv
3675,5,4,1,reader_3_1.csv
3675,17,12,5,Reader_3_2.csv
3675,0,0,0,Reader_3_3.csv
3675,0,0,0,Reader_3_4.csv
3675,5,5,0,Reader_3_5.csv
3675,2,2,0,Reader_3_6.csv
3675,4,4,0,Reader_3_7.csv
3676,4,3,1,Reader_1_1.csv
3676,0,0,0,Reader_1_10.csv
3676,0,0,0,Reader_1_11.csv
3676,0,0,0,Reader_1_12.csv
3676,4,4,0,Reader_1_2.csv
3676,2,1,1,Reader_1_3.csv
3676,2,1,1,Reader_1_4.csv
3676,0,0,0,Reader_1_5.csv
3676,0,0,0,Reader_1_6.csv
3676,0,0,0,Reader_1_7.csv
3676,1,1,0,Reader_1_8.csv
3676,3,3,0,Reader_1_9.csv
3676,1,1,0,Reader_2_1.csv
3676,0,0,0,Reader_2_10.csv
3676,0,0,0,Reader_2_11.csv
3676,0,0,0,Reader_2_12.csv
3676,2,2,0,Reader_2_2.csv
3676,1,1,0,Reader_2_3.csv
3676,0,0,0,Reader_2_4.csv
3676,1,1,0,Reader_2_5.csv
3676,0,0,0,Reader_2_6.csv
3676,0,0,0,Reader_2_7.csv
3676,0,0,0,Reader_2_8.csv
3676,0,0,0,Reader_2_9.csv
3676,5,4,1,reader_3_1.csv
3676,14,9,5,Reader_3_2.csv
3676,0,0,0,Reader_3_3.csv
3676,0,0,0,Reader_3_4.csv
3676,4,4,0,Reader_3_5.csv
3676,3,3,0,Reader_3_6.csv
3676,4,4,0,Reader_3_7.csv
3677,5,4,1,Reader_1_1.csv
3677,0,0,0,Reader_1_10.csv
3677,0,0,0,Reader_1_11.csv
3677,0,0,0,Reader_1_12.csv
3677,4,4,0,Reader_1_2.csv
3677,2,1,1,Reader_1_3.csv
3677,3,2,1,Reader_1_4.csv
3677,0,0,0,Reader_1_5.csv
3677,0,0,0,Reader_1_6.csv
3677,0,0,0,Reader_1_7.csv
3677,1,1,0,Reader_1_8.csv
3677,3,3,0,Reader_1_9.csv
3677,1,1,0,Reader_2_1.csv
3677,0,0,0,Reader_2_10.csv
3677,0,0,0,Reader_2_11.csv
3677,1,1,0,Reader_2_12.csv
3677,1,1,0,Reader_2_2.csv
3677,1,1,0,Reader_2_3.csv
3677,0,0,0,Reader_2_4.csv
3677,2,2,0,Reader_2_5.csv
3677,0,0,0,Reader_2_6.csv
3677,0,0,0,Reader_2_7.csv
3677,0,0,0,Reader_2_8.csv
3677,0,0,0,Reader_2_9.csv
3677,5,4,1,reader_3_1.csv
3677,12,8,4,Reader_3_2.csv
3677,0,0,0,Reader_3_3.csv
3677,0,0,0,Reader_3_4.csv
3677,4,4,0,Reader_3_5.csv
3677,4,4,0,Reader_3_6.csv
3677,3,3,0,Reader_3_7.csv
3678,5,4,1,Reader_1_1.csv
3678,0,0,0,Reader_1_10.csv
3678,0,0,0,Reader_1_11.csv
3678,0,0,0,Reader_1_12.csv
3678,3,3,0,Reader_1_2.csv
3678,3,2,1,Reader_1_3.csv
3678,3,2,1,Reader_1_4.csv
3678,0,0,0,Reader_1_5.csv
3678,0,0,0,Reader_1_6.csv
3678,0,0,0,Reader_1_7.csv
3678,1,1,0,Reader_1_8.csv
3678,3,3,0,Reader_1_9.csv
3678,1,1,0,Reader_2_1.csv
3678,0,0,0,Reader_2_10.csv
3678,0,0,0,Reader_2_11.csv
3678,2,2,0,Reader_2_12.csv
3678,1,1,0,Reader_2_2.csv
3678,1,1,0,Reader_2_3.csv
3678,0,0,0,Reader_2_4.csv
3678,2,2,0,Reader_2_5.csv
3678,0,0,0,Reader_2_6.csv
3678,0,0,0,Reader_2_7.csv
3678,0,0,0,Reader_2_8.csv
3678,0,0,0,Reader_2_9.csv
3678,4,3,1,reader_3_1.csv
3678,9,7,2,Reader_3_2.csv
3678,0,0,0,Reader_3_3.csv
3678,0,0,0,Reader_3_4.csv
3678,4,4,0,Reader_3_5.csv
3678,4,4,0,Reader_3_6.csv
3678,3,3,0,Reader_3_7.csv
3679,4,3,1,Reader_1_1.csv
3679,0,0,0,Reader_1_10.csv
3679,0,0,0,Reader_1_11.csv
3679,0,0,0,Reader_1_12.csv
3679,1,1,0,Reader_1_2.csv
3679,2,2,0,Reader_1_3.csv
3679,3,2,1,Reader_1_4.csv
3679,0,0,0,Reader_1_5.csv
3679,0,0,0,Reader_1_6.csv
3679,0,0,0,Reader_1_7.csv
3679,1,1,0,Reader_1_8.csv
3679,3,3,0,Reader_1_9.csv
3679,1,1,0,Reader_2_1.csv
3679,1,1,0,Reader_2_10.csv
3679,0,0,0,Reader_2_11.csv
3679,2,2,0,Reader_2_12.csv
3679,1,1,0,Reader_2_2.csv
3679,1,1,0,Reader_2_3.csv
3679,0,0,0,Reader_2_4.csv
3679,2,2,0,Reader_2_5.csv
3679,0,0,0,Reader_2_6.csv
3679,0,0,0,Reader_2_7.csv
3679,0,0,0,Reader_2_8.csv
3679,0,0,0,Reader_2_9.csv
3679,4,3,1,reader_3_1.csv
3679,13,11,2,Reader_3_2.csv
3679,0,0,0,Reader_3_3.csv
3679,0,0,0,Reader_3_4.csv
3679,4,4,0,Reader_3_5.csv
3679,4,4,0,Reader_3_6.csv
3679,4,4,0,Reader_3_7.csv
3680,4,3,1,Reader_1_1.csv
3680,1,1,0,Reader_1_10.csv
3680,1,1,0,Reader_1_11.csv
3680,0,0,0,Reader_1_12.csv
3680,1,1,0,Reader_1_2.csv
3680,2,2,0,Reader_1_3.csv
3680,3,2,1,Reader_1_4.csv
3680,0,0,0,Reader_1_5.csv
3680,0,0,0,Reader_1_6.csv
3680,0,0,0,Reader_1_7.csv
3680,0,0,0,Reader_1_8.csv
3680,2,2,0,Reader_1_9.csv
3680,1,1,0,Reader_2_1.csv
3680,1,1,0,Reader_2_10.csv
3680,0,0,0,Reader_2_11.csv
3680,2,2,0,Reader_2_12.csv
3680,1,1,0,Reader_2_2.csv
3680,1,1,0,Reader_2_3.csv
3680,0,0,0,Reader_2_4.csv
3680,2,2,0,Reader_2_5.csv
3680,0,0,0,Reader_2_6.csv
3680,0,0,0,Reader_2_7.csv
3680,0,0,0,Reader_2_8.csv
3680,0,0,0,Reader_2_9.csv
3680,4,3,1,reader_3_1.csv
3680,14,11,3,Reader_3_2.csv
3680,0,0,0,Reader_3_3.csv
3680,0,0,0,Reader_3_4.csv
3680,2,2,0,Reader_3_5.csv
3680,4,4,0,Reader_3_6.csv
3680,4,4,0,Reader_3_7.csv
3681,4,3,1,Reader_1_1.csv
3681,1,1,0,Reader_1_10.csv
3681,1,1,0,Reader_1_11.csv
3681,0,0,0,Reader_1_12.csv
3681,1,1,0,Reader_1_2.csv
3681,1,1,0,Reader_1_3.csv
3681,3,2,1,Reader_1_4.csv
3681,0,0,0,Reader_1_5.csv
3681,0,0,0,Reader_1_6.csv
3681,0,0,0,Reader_1_7.csv
3681,0,0,0,Reader_1_8.csv
3681,3,2,1,Reader_1_9.csv
3681,1,1,0,Reader_2_1.csv
3681,1,1,0,Reader_2_10.csv
3681,0,0,0,Reader_2_11.csv
3681,2,2,0,Reader_2_12.csv
3681,1,1,0,Reader_2_2.csv
3681,1,1,0,Reader_2_3.csv
3681,0,0,0,Reader_2_4.csv
3681,2,2,0,Reader_2_5.csv
3681,0,0,0,Reader_2_6.csv
3681,0,0,0,Reader_2_7.csv
3681,0,0,0,Reader_2_8.csv
3681,0,0,0,Reader_2_9.csv
3681,3,2,1,reader_3_1.csv
3681,15,11,4,Reader_3_2.csv
3681,0,0,0,Reader_3_3.csv
3681,0,0,0,Reader_3_4.csv
3681,2,2,0,Reader_3_5.csv
3681,4,4,0,Reader_3_6.csv
3681,5,5,0,Reader_3_7.csv
3682,5,5,0,Reader_1_1.csv
3682,1,1,0,Reader_1_10.csv
3682,1,1,0,Reader_1_11.csv
3682,0,0,0,Reader_1_12.csv
3682,1,1,0,Reader_1_2.csv
3682,1,1,0,Reader_1_3.csv
3682,3,2,1,Reader_1_4.csv
3682,1,1,0,Reader_1_5.csv
3682,0,0,0,Reader_1_6.csv
3682,0,0,0,Reader_1_7.csv
3682,0,0,0,Reader_1_8.csv
3682,2,1,1,Reader_1_9.csv
3682,1,1,0,Reader_2_1.csv
3682,1,1,0,Reader_2_10.csv
3682,0,0,0,Reader_2_11.csv
3682,3,3,0,Reader_2_12.csv
3682,1,1,0,Reader_2_2.csv
3682,1,1,0,Reader_2_3.csv
3682,0,0,0,Reader_2_4.csv
3682,1,1,0,Reader_2_5.csv
3682,0,0,0,Reader_2_6.csv
3682,0,0,0,Reader_2_7.csv
3682,0,0,0,Reader_2_8.csv
3682,0,0,0,Reader_2_9.csv
3682,2,1,1,reader_3_1.csv
3682,15,12,3,Reader_3_2.csv
3682,0,0,0,Reader_3_3.csv
3682,0,0,0,Reader_3_4.csv
3682,1,1,0,Reader_3_5.csv
3682,3,3,0,Reader_3_6.csv
3682,5,5,0,Reader_3_7.csv
3683,6,5,1,Reader_1_1.csv
3683,1,1,0,Reader_1_10.csv
3683,2,1,1,Reader_1_11.csv
3683,0,0,0,Reader_1_12.csv
3683,0,0,0,Reader_1_2.csv
3683,1,1,0,Reader_1_3.csv
3683,1,1,0,Reader_1_4.csv
3683,1,1,0,Reader_1_5.csv
3683,0,0,0,Reader_1_6.csv
3683,0,0,0,Reader_1_7.csv
3683,0,0,0,Reader_1_8.csv
3683,3,2,1,Reader_1_9.csv
3683,1,1,0,Reader_2_1.csv
3683,1,1,0,Reader_2_10.csv
3683,0,0,0,Reader_2_11.csv
3683,3,3,0,Reader_2_12.csv
3683,1,1,0,Reader_2_2.csv
3683,0,0,0,Reader_2_3.csv
3683,0,0,0,Reader_2_4.csv
3683,1,1,0,Reader_2_5.csv
3683,0,0,0,Reader_2_6.csv
3683,0,0,0,Reader_2_7.csv
3683,0,0,0,Reader_2_8.csv
3683,0,0,0,Reader_2_9.csv
3683,2,1,1,reader_3_1.csv
3683,15,12,3,Reader_3_2.csv
3683,2,2,0,Reader_3_3.csv
3683,2,2,0,Reader_3_4.csv
3683,0,0,0,Reader_3_5.csv
3683,2,2,0,Reader_3_6.csv
3683,6,6,0,Reader_3_7.csv
3684,7,6,1,Reader_1_1.csv
3684,1,1,0,Reader_1_10.csv
3684,2,1,1,Reader_1_11.csv
3684,0,0,0,Reader_1_12.csv
3684,0,0,0,Reader_1_2.csv
3684,2,2,0,Reader_1_3.csv
3684,1,1,0,Reader_1_4.csv
3684,1,1,0,Reader_1_5.csv
3684,0,0,0,Reader_1_6.csv
3684,0,0,0,Reader_1_7.csv
3684,0,0,0,Reader_1_8.csv
3684,3,2,1,Reader_1_9.csv
3684,1,1,0,Reader_2_1.csv
3684,1,1,0,Reader_2_10.csv
3684,0,0,0,Reader_2_11.csv
3684,3,3,0,Reader_2_12.csv
3684,1,1,0,Reader_2_2.csv
3684,0,0,0,Reader_2_3.csv
3684,0,0,0,Reader_2_4.csv
3684,1,1,0,Reader_2_5.csv
3684,0,0,0,Reader_2_6.csv
3684,0,0,0,Reader_2_7.csv
3684,0,0,0,Reader_2_8.csv
3684,0,0,0,Reader_2_9.csv
3684,2,1,1,reader_3_1.csv
3684,15,12,3,Reader_3_2.csv
3684,2,2,0,Reader_3_3.csv
3684,2,2,0,Reader_3_4.csv
3684,0,0,0,Reader_3_5.csv
3684,1,1,0,Reader_3_6.csv
3684,8,8,0,Reader_3_7.csv
3685,7,6,1,Reader_1_1.csv
3685,1,1,0,Reader_1_10.csv
3685,2,1,1,Reader_1_11.csv
3685,0,0,0,Reader_1_12.csv
3685,0,0,0,Reader_1_2.csv
3685,2,2,0,Reader_1_3.csv
3685,0,0,0,Reader_1_4.csv
3685,1,1,0,Reader_1_5.csv
3685,0,0,0,Reader_1_6.csv
3685,0,0,0,Reader_1_7.csv
3685,0,0,0,Reader_1_8.csv
3685,3,2,1,Reader_1_9.csv
3685,1,1,0,Reader_2_1.csv
3685,1,1,0,Reader_2_10.csv
3685,0,0,0,Reader_2_11.csv
3685,2,2,0,Reader_2_12.csv
3685,1,1,0,Reader_2_2.csv
3685,0,0,0,Reader_2_3.csv
3685,0,0,0,Reader_2_4.csv
3685,0,0,0,Reader_2_5.csv
3685,0,0,0,Reader_2_6.csv
3685,0,0,0,Reader_2_7.csv
3685,0,0,0,Reader_2_8.csv
3685,0,0,0,Reader_2_9.csv
3685,2,1,1,reader_3_1.csv
3685,16,12,4,Reader_3_2.csv
3685,2,2,0,Reader_3_3.csv
3685,2,2,0,Reader_3_4.csv
3685,4,4,0,Reader_3_5.csv
3685,0,0,0,Reader_3_6.csv
3685,8,8,0,Reader_3_7.csv
3686,7,6,1,Reader_1_1.csv
3686,1,1,0,Reader_1_10.csv
3686,4,2,2,Reader_1_11.csv
3686,0,0,0,Reader_1_12.csv
3686,0,0,0,Reader_1_2.csv
3686,1,1,0,Reader_1_3.csv
3686,0,0,0,Reader_1_4.csv
3686,1,1,0,Reader_1_5.csv
3686,0,0,0,Reader_1_6.csv
3686,0,0,0,Reader_1_7.csv
3686,0,0,0,Reader_1_8.csv
3686,3,2,1,Reader_1_9.csv
3686,1,1,0,Reader_2_1.csv
3686,1,1,0,Reader_2_10.csv
3686,0,0,0,Reader_2_11.csv
3686,1,1,0,Reader_2_12.csv
3686,1,1,0,Reader_2_2.csv
3686,0,0,0,Reader_2_3.csv
3686,0,0,0,Reader_2_4.csv
3686,0,0,0,Reader_2_5.csv
3686,0,0,0,Reader_2_6.csv
3686,0,0,0,Reader_2_7.csv
3686,0,0,0,Reader_2_8.csv
3686,0,0,0,Reader_2_9.csv
3686,3,2,1,reader_3_1.csv
3686,16,11,5,Reader_3_2.csv
3686,2,2,0,Reader_3_3.csv
3686,2,2,0,Reader_3_4.csv
3686,4,4,0,Reader_3_5.csv
3686,0,0,0,Reader_3_6.csv
3686,7,7,0,Reader_3_7.csv
3687,8,7,1,Reader_1_1.csv
3687,1,1,0,Reader_1_10.csv
3687,5,3,2,Reader_1_11.csv
3687,0,0,0,Reader_1_12.csv
3687,0,0,0,Reader_1_2.csv
3687,2,2,0,Reader_1_3.csv
3687,0,0,0,Reader_1_4.csv
3687,1,1,0,Reader_1_5.csv
3687,1,1,0,Reader_1_6.csv
3687,0,0,0,Reader_1_7.csv
3687,1,0,1,Reader_1_8.csv
3687,3,2,1,Reader_1_9.csv
3687,0,0,0,Reader_2_1.csv
3687,0,0,0,Reader_2_10.csv
3687,0,0,0,Reader_2_11.csv
3687,1,1,0,Reader_2_12.csv
3687,1,1,0,Reader_2_2.csv
3687,0,0,0,Reader_2_3.csv
3687,0,0,0,Reader_2_4.csv
3687,0,0,0,Reader_2_5.csv
3687,0,0,0,Reader_2_6.csv
3687,0,0,0,Reader_2_7.csv
3687,0,0,0,Reader_2_8.csv
3687,0,0,0,Reader_2_9.csv
3687,5,4,1,reader_3_1.csv
3687,12,7,5,Reader_3_2.csv
3687,5,3,2,Reader_3_3.csv
3687,5,3,2,Reader_3_4.csv
3687,5,5,0,Reader_3_5.csv
3687,1,1,0,Reader_3_6.csv
3687,6,6,0,Reader_3_7.csv
3688,8,7,1,Reader_1_1.csv
3688,0,0,0,Reader_1_10.csv
3688,5,3,2,Reader_1_11.csv
3688,0,0,0,Reader_1_12.csv
3688,0,0,0,Reader_1_2.csv
3688,3,3,0,Reader_1_3.csv
3688,0,0,0,Reader_1_4.csv
3688,1,1,0,Reader_1_5.csv
3688,1,1,0,Reader_1_6.csv
3688,0,0,0,Reader_1_7.csv
3688,2,1,1,Reader_1_8.csv
3688,3,2,1,Reader_1_9.csv
3688,0,0,0,Reader_2_1.csv
3688,0,0,0,Reader_2_10.csv
3688,0,0,0,Reader_2_11.csv
3688,1,1,0,Reader_2_12.csv
3688,1,1,0,Reader_2_2.csv
3688,0,0,0,Reader_2_3.csv
3688,0,0,0,Reader_2_4.csv
3688,0,0,0,Reader_2_5.csv
3688,0,0,0,Reader_2_6.csv
3688,0,0,0,Reader_2_7.csv
3688,0,0,0,Reader_2_8.csv
3688,0,0,0,Reader_2_9.csv
3688,6,5,1,reader_3_1.csv
3688,10,6,4,Reader_3_2.csv
3688,5,3,2,Reader_3_3.csv
3688,5,3,2,Reader_3_4.csv
3688,6,6,0,Reader_3_5.csv
3688,1,1,0,Reader_3_6.csv
3688,8,8,0,Reader_3_7.csv
3689,8,7,1,Reader_1_1.csv
3689,0,0,0,Reader_1_10.csv
3689,7,5,2,Reader_1_11.csv
3689,0,0,0,Reader_1_12.csv
3689,0,0,0,Reader_1_2.csv
3689,3,3,0,Reader_1_3.csv
3689,0,0,0,Reader_1_4.csv
3689,1,1,0,Reader_1_5.csv
3689,1,1,0,Reader_1_6.csv
3689,0,0,0,Reader_1_7.csv
3689,2,1,1,Reader_1_8.csv
3689,2,2,0,Reader_1_9.csv
3689,0,0,0,Reader_2_1.csv
3689,0,0,0,Reader_2_10.csv
3689,0,0,0,Reader_2_11.csv
3689,1,1,0,Reader_2_12.csv
3689,2,2,0,Reader_2_2.csv
3689,0,0,0,Reader_2_3.csv
3689,0,0,0,Reader_2_4.csv
3689,0,0,0,Reader_2_5.csv
3689,0,0,0,Reader_2_6.csv
3689,0,0,0,Reader_2_7.csv
3689,0,0,0,Reader_2_8.csv
3689,0,0,0,Reader_2_9.csv
3689,4,4,0,reader_3_1.csv
3689,11,7,4,Reader_3_2.csv
3689,5,3,2,Reader_3_3.csv
3689,5,3,2,Reader_3_4.csv
3689,7,7,0,Reader_3_5.csv
3689,1,1,0,Reader_3_6.csv
3689,7,7,0,Reader_3_7.csv
3690,7,6,1,Reader_1_1.csv
3690,0,0,0,Reader_1_10.csv
3690,7,5,2,Reader_1_11.csv
3690,0,0,0,Reader_1_12.csv
3690,0,0,0,Reader_1_2.csv
3690,3,3,0,Reader_1_3.csv
3690,0,0,0,Reader_1_4.csv
3690,0,0,0,Reader_1_5.csv
3690,1,1,0,Reader_1_6.csv
3690,0,0,0,Reader_1_7.csv
3690,2,1,1,Reader_1_8.csv
3690,2,2,0,Reader_1_9.csv
3690,0,0,0,Reader_2_1.csv
3690,0,0,0,Reader_2_10.csv
3690,0,0,0,Reader_2_11.csv
3690,0,0,0,Reader_2_12.csv
3690,1,1,0,Reader_2_2.csv
3690,0,0,0,Reader_2_3.csv
3690,0,0,0,Reader_2_4.csv
3690,0,0,0,Reader_2_5.csv
3690,0,0,0,Reader_2_6.csv
3690,0,0,0,Reader_2_7.csv
3690,0,0,0,Reader_2_8.csv
3690,0,0,0,Reader_2_9.csv
3690,5,4,1,reader_3_1.csv
3690,9,5,4,Reader_3_2.csv
3690,5,3,2,Reader_3_3.csv
3690,5,3,2,Reader_3_4.csv
3690,7,7,0,Reader_3_5.csv
3690,1,1,0,Reader_3_6.csv
3690,6,6,0,Reader_3_7.csv
3691,7,7,0,Reader_1_1.csv
3691,0,0,0,Reader_1_10.csv
3691,6,5,1,Reader_1_11.csv
3691,1,0,1,Reader_1_12.csv
3691,0,0,0,Reader_1_2.csv
3691,3,3,0,Reader_1_3.csv
3691,0,0,0,Reader_1_4.csv
3691,0,0,0,Reader_1_5.csv
3691,1,1,0,Reader_1_6.csv
3691,0,0,0,Reader_1_7.csv
3691,2,1,1,Reader_1_8.csv
3691,0,0,0,Reader_1_9.csv
3691,0,0,0,Reader_2_1.csv
3691,0,0,0,Reader_2_10.csv
3691,0,0,0,Reader_2_11.csv
3691,0,0,0,Reader_2_12.csv
3691,1,1,0,Reader_2_2.csv
3691,0,0,0,Reader_2_3.csv
3691,0,0,0,Reader_2_4.csv
3691,0,0,0,Reader_2_5.csv
3691,0,0,0,Reader_2_6.csv
3691,0,0,0,Reader_2_7.csv
3691,0,0,0,Reader_2_8.csv
3691,0,0,0,Reader_2_9.csv
3691,6,5,1,reader_3_1.csv
3691,8,4,4,Reader_3_2.csv
3691,4,2,2,Reader_3_3.csv
3691,4,2,2,Reader_3_4.csv
3691,7,7,0,Reader_3_5.csv
3691,2,2,0,Reader_3_6.csv
3691,5,5,0,Reader_3_7.csv
3692,6,6,0,Reader_1_1.csv
3692,0,0,0,Reader_1_10.csv
3692,7,6,1,Reader_1_11.csv
3692,1,0,1,Reader_1_12.csv
3692,0,0,0,Reader_1_2.csv
3692,2,2,0,Reader_1_3.csv
3692,0,0,0,Reader_1_4.csv
3692,0,0,0,Reader_1_5.csv
3692,1,1,0,Reader_1_6.csv
3692,0,0,0,Reader_1_7.csv
3692,2,1,1,Reader_1_8.csv
3692,0,0,0,Reader_1_9.csv
3692,0,0,0,Reader_2_1.csv
3692,0,0,0,Reader_2_10.csv
3692,0,0,0,Reader_2_11.csv
3692,0,0,0,Reader_2_12.csv
3692,1,1,0,Reader_2_2.csv
3692,0,0,0,Reader_2_3.csv
3692,0,0,0,Reader_2_4.csv
3692,0,0,0,Reader_2_5.csv
3692,0,0,0,Reader_2_6.csv
3692,0,0,0,Reader_2_7.csv
3692,0,0,0,Reader_2_8.csv
3692,0,0,0,Reader_2_9.csv
3692,6,5,1,reader_3_1.csv
3692,10,6,4,Reader_3_2.csv
3692,4,2,2,Reader_3_3.csv
3692,4,2,2,Reader_3_4.csv
3692,8,8,0,Reader_3_5.csv
3692,3,3,0,Reader_3_6.csv
3692,3,3,0,Reader_3_7.csv
3693,6,6,0,Reader_1_1.csv
3693,0,0,0,Reader_1_10.csv
3693,7,6,1,Reader_1_11.csv
3693,1,0,1,Reader_1_12.csv
3693,0,0,0,Reader_1_2.csv
3693,2,2,0,Reader_1_3.csv
3693,0,0,0,Reader_1_4.csv
3693,0,0,0,Reader_1_5.csv
3693,1,1,0,Reader_1_6.csv
3693,0,0,0,Reader_1_7.csv
3693,2,1,1,Reader_1_8.csv
3693,0,0,0,Reader_1_9.csv
3693,0,0,0,Reader_2_1.csv
3693,0,0,0,Reader_2_10.csv
3693,0,0,0,Reader_2_11.csv
3693,0,0,0,Reader_2_12.csv
3693,1,1,0,Reader_2_2.csv
3693,0,0,0,Reader_2_3.csv
3693,0,0,0,Reader_2_4.csv
3693,0,0,0,Reader_2_5.csv
3693,0,0,0,Reader_2_6.csv
3693,0,0,0,Reader_2_7.csv
3693,0,0,0,Reader_2_8.csv
3693,0,0,0,Reader_2_9.csv
3693,7,6,1,reader_3_1.csv
3693,9,5,4,Reader_3_2.csv
3693,5,3,2,Reader_3_3.csv
3693,5,3,2,Reader_3_4.csv
3693,4,4,0,Reader_3_5.csv
3693,3,3,0,Reader_3_6.csv
3693,3,3,0,Reader_3_7.csv
3694,6,6,0,Reader_1_1.csv
3694,0,0,0,Reader_1_10.csv
3694,7,7,0,Reader_1_11.csv
3694,1,0,1,Reader_1_12.csv
3694,0,0,0,Reader_1_2.csv
3694,2,2,0,Reader_1_3.csv
3694,0,0,0,Reader_1_4.csv
3694,0,0,0,Reader_1_5.csv
3694,1,1,0,Reader_1_6.csv
3694,0,0,0,Reader_1_7.csv
3694,2,1,1,Reader_1_8.csv
3694,0,0,0,Reader_1_9.csv
3694,0,0,0,Reader_2_1.csv
3694,0,0,0,Reader_2_10.csv
3694,0,0,0,Reader_2_11.csv
3694,0,0,0,Reader_2_12.csv
3694,2,2,0,Reader_2_2.csv
3694,0,0,0,Reader_2_3.csv
3694,0,0,0,Reader_2_4.csv
3694,0,0,0,Reader_2_5.csv
3694,0,0,0,Reader_2_6.csv
3694,0,0,0,Reader_2_7.csv
3694,0,0,0,Reader_2_8.csv
3694,0,0,0,Reader_2_9.csv
3694,9,6,3,reader_3_1.csv
3694,8,5,3,Reader_3_2.csv
3694,10,8,2,Reader_3_3.csv
3694,10,8,2,Reader_3_4.csv
3694,5,5,0,Reader_3_5.csv
3694,3,3,0,Reader_3_6.csv
3694,3,3,0,Reader_3_7.csv
3695,4,4,0,Reader_1_1.csv
3695,0,0,0,Reader_1_10.csv
3695,8,7,1,Reader_1_11.csv
3695,1,0,1,Reader_1_12.csv
3695,0,0,0,Reader_1_2.csv
3695,1,1,0,Reader_1_3.csv
3695,0,0,0,Reader_1_4.csv
3695,0,0,0,Reader_1_5.csv
3695,0,0,0,Reader_1_6.csv
3695,0,0,0,Reader_1_7.csv
3695,1,1,0,Reader_1_8.csv
3695,0,0,0,Reader_1_9.csv
3695,1,1,0,Reader_2_1.csv
3695,0,0,0,Reader_2_10.csv
3695,0,0,0,Reader_2_11.csv
3695,0,0,0,Reader_2_12.csv
3695,2,2,0,Reader_2_2.csv
3695,0,0,0,Reader_2_3.csv
3695,0,0,0,Reader_2_4.csv
3695,0,0,0,Reader_2_5.csv
3695,0,0,0,Reader_2_6.csv
3695,0,0,0,Reader_2_7.csv
3695,0,0,0,Reader_2_8.csv
3695,0,0,0,Reader_2_9.csv
3695,9,6,3,reader_3_1.csv
3695,8,5,3,Reader_3_2.csv
3695,11,10,1,Reader_3_3.csv
3695,11,10,1,Reader_3_4.csv
3695,4,4,0,Reader_3_5.csv
3695,3,3,0,Reader_3_6.csv
3695,3,3,0,Reader_3_7.csv
3696,4,4,0,Reader_1_1.csv
3696,0,0,0,Reader_1_10.csv
3696,7,6,1,Reader_1_11.csv
3696,1,0,1,Reader_1_12.csv
3696,0,0,0,Reader_1_2.csv
3696,0,0,0,Reader_1_3.csv
3696,0,0,0,Reader_1_4.csv
3696,0,0,0,Reader_1_5.csv
3696,0,0,0,Reader_1_6.csv
3696,0,0,0,Reader_1_7.csv
3696,0,0,0,Reader_1_8.csv
3696,0,0,0,Reader_1_9.csv
3696,1,1,0,Reader_2_1.csv
3696,0,0,0,Reader_2_10.csv
3696,0,0,0,Reader_2_11.csv
3696,0,0,0,Reader_2_12.csv
3696,3,3,0,Reader_2_2.csv
3696,0,0,0,Reader_2_3.csv
3696,0,0,0,Reader_2_4.csv
3696,1,1,0,Reader_2_5.csv
3696,0,0,0,Reader_2_6.csv
3696,0,0,0,Reader_2_7.csv
3696,0,0,0,Reader_2_8.csv
3696,0,0,0,Reader_2_9.csv
3696,8,5,3,reader_3_1.csv
3696,9,6,3,Reader_3_2.csv
3696,11,10,1,Reader_3_3.csv
3696,11,10,1,Reader_3_4.csv
3696,3,3,0,Reader_3_5.csv
3696,3,3,0,Reader_3_6.csv
3696,0,0,0,Reader_3_7.csv
3697,3,3,0,Reader_1_1.csv
3697,0,0,0,Reader_1_10.csv
3697,5,4,1,Reader_1_11.csv
3697,1,0,1,Reader_1_12.csv
3697,0,0,0,Reader_1_2.csv
3697,0,0,0,Reader_1_3.csv
3697,0,0,0,Reader_1_4.csv
3697,0,0,0,Reader_1_5.csv
3697,0,0,0,Reader_1_6.csv
3697,0,0,0,Reader_1_7.csv
3697,0,0,0,Reader_1_8.csv
3697,0,0,0,Reader_1_9.csv
3697,1,1,0,Reader_2_1.csv
3697,0,0,0,Reader_2_10.csv
3697,0,0,0,Reader_2_11.csv
3697,0,0,0,Reader_2_12.csv
3697,2,2,0,Reader_2_2.csv
3697,0,0,0,Reader_2_3.csv
3697,0,0,0,Reader_2_4.csv
3697,1,1,0,Reader_2_5.csv
3697,0,0,0,Reader_2_6.csv
3697,0,0,0,Reader_2_7.csv
3697,0,0,0,Reader_2_8.csv
3697,0,0,0,Reader_2_9.csv
3697,8,5,3,reader_3_1.csv
3697,6,4,2,Reader_3_2.csv
3697,14,12,2,Reader_3_3.csv
3697,14,12,2,Reader_3_4.csv
3697,2,2,0,Reader_3_5.csv
3697,3,3,0,Reader_3_6.csv
3697,0,0,0,Reader_3_7.csv
3698,4,4,0,Reader_1_1.csv
3698,0,0,0,Reader_1_10.csv
3698,5,4,1,Reader_1_11.csv
3698,1,0,1,Reader_1_12.csv
3698,1,1,0,Reader_1_2.csv
3698,0,0,0,Reader_1_3.csv
3698,0,0,0,Reader_1_4.csv
3698,0,0,0,Reader_1_5.csv
3698,0,0,0,Reader_1_6.csv
3698,0,0,0,Reader_1_7.csv
3698,0,0,0,Reader_1_8.csv
3698,0,0,0,Reader_1_9.csv
3698,1,1,0,Reader_2_1.csv
3698,0,0,0,Reader_2_10.csv
3698,0,0,0,Reader_2_11.csv
3698,0,0,0,Reader_2_12.csv
3698,3,3,0,Reader_2_2.csv
3698,0,0,0,Reader_2_3.csv
3698,1,1,0,Reader_2_4.csv
3698,1,1,0,Reader_2_5.csv
3698,0,0,0,Reader_2_6.csv
3698,0,0,0,Reader_2_7.csv
3698,0,0,0,Reader_2_8.csv
3698,0,0,0,Reader_2_9.csv
3698,8,6,2,reader_3_1.csv
3698,8,6,2,Reader_3_2.csv
3698,16,14,2,Reader_3_3.csv
3698,16,14,2,Reader_3_4.csv
3698,3,3,0,Reader_3_5.csv
3698,3,3,0,Reader_3_6.csv
3698,0,0,0,Reader_3_7.csv
3699,3,3,0,Reader_1_1.csv
3699,0,0,0,Reader_1_10.csv
3699,6,5,1,Reader_1_11.csv
3699,0,0,0,Reader_1_12.csv
3699,1,1,0,Reader_1_2.csv
3699,0,0,0,Reader_1_3.csv
3699,0,0,0,Reader_1_4.csv
3699,0,0,0,Reader_1_5.csv
3699,0,0,0,Reader_1_6.csv
3699,0,0,0,Reader_1_7.csv
3699,0,0,0,Reader_1_8.csv
3699,0,0,0,Reader_1_9.csv
3699,1,1,0,Reader_2_1.csv
3699,0,0,0,Reader_2_10.csv
3699,0,0,0,Reader_2_11.csv
3699,0,0,0,Reader_2_12.csv
3699,3,3,0,Reader_2_2.csv
3699,0,0,0,Reader_2_3.csv
3699,1,1,0,Reader_2_4.csv
3699,1,1,0,Reader_2_5.csv
3699,0,0,0,Reader_2_6.csv
3699,0,0,0,Reader_2_7.csv
3699,0,0,0,Reader_2_8.csv
3699,0,0,0,Reader_2_9.csv
3699,7,5,2,reader_3_1.csv
3699,9,7,2,Reader_3_2.csv
3699,17,14,3,Reader_3_3.csv
3699,17,14,3,Reader_3_4.csv
3699,3,3,0,Reader_3_5.csv
3699,2,2,0,Reader_3_6.csv
3699,0,0,0,Reader_3_7.csv
3700,4,4,0,Reader_1_1.csv
3700,0,0,0,Reader_1_10.csv
3700,5,4,1,Reader_1_11.csv
3700,0,0,0,Reader_1_12.csv
3700,1,1,0,Reader_1_2.csv
3700,0,0,0,Reader_1_3.csv
3700,0,0,0,Reader_1_4.csv
3700,0,0,0,Reader_1_5.csv
3700,0,0,0,Reader_1_6.csv
3700,0,0,0,Reader_1_7.csv
3700,0,0,0,Reader_1_8.csv
3700,0,0,0,Reader_1_9.csv
3700,1,1,0,Reader_2_1.csv
3700,0,0,0,Reader_2_10.csv
3700,0,0,0,Reader_2_11.csv
3700,0,0,0,Reader_2_12.csv
3700,3,3,0,Reader_2_2.csv
3700,0,0,0,Reader_2_3.csv
3700,1,1,0,Reader_2_4.csv
3700,1,1,0,Reader_2_5.csv
3700,0,0,0,Reader_2_6.csv
3700,0,0,0,Reader_2_7.csv
3700,0,0,0,Reader_2_8.csv
3700,0,0,0,Reader_2_9.csv
3700,8,5,3,reader_3_1.csv
3700,6,5,1,Reader_3_2.csv
3700,21,18,3,Reader_3_3.csv
3700,21,18,3,Reader_3_4.csv
3700,3,3,0,Reader_3_5.csv
3700,1,1,0,Reader_3_6.csv
3700,0,0,0,Reader_3_7.csv
3701,3,3,0,Reader_1_1.csv
3701,0,0,0,Reader_1_10.csv
3701,5,4,1,Reader_1_11.csv
3701,0,0,0,Reader_1_12.csv
3701,1,1,0,Reader_1_2.csv
3701,0,0,0,Reader_1_3.csv
3701,0,0,0,Reader_1_4.csv
3701,0,0,0,Reader_1_5.csv
3701,0,0,0,Reader_1_6.csv
3701,0,0,0,Reader_1_7.csv
3701,0,0,0,Reader_1_8.csv
3701,0,0,0,Reader_1_9.csv
3701,1,1,0,Reader_2_1.csv
3701,0,0,0,Reader_2_10.csv
3701,0,0,0,Reader_2_11.csv
3701,0,0,0,Reader_2_12.csv
3701,3,3,0,Reader_2_2.csv
3701,0,0,0,Reader_2_3.csv
3701,1,1,0,Reader_2_4.csv
3701,1,1,0,Reader_2_5.csv
3701,0,0,0,Reader_2_6.csv
3701,0,0,0,Reader_2_7.csv
3701,0,0,0,Reader_2_8.csv
3701,0,0,0,Reader_2_9.csv
3701,8,4,4,reader_3_1.csv
3701,5,5,0,Reader_3_2.csv
3701,25,22,3,Reader_3_3.csv
3701,25,22,3,Reader_3_4.csv
3701,4,4,0,Reader_3_5.csv
3701,1,1,0,Reader_3_6.csv
3701,0,0,0,Reader_3_7.csv
3702,5,5,0,Reader_1_1.csv
3702,0,0,0,Reader_1_10.csv
3702,4,2,2,Reader_1_11.csv
3702,0,0,0,Reader_1_12.csv
3702,1,1,0,Reader_1_2.csv
3702,0,0,0,Reader_1_3.csv
3702,0,0,0,Reader_1_4.csv
3702,0,0,0,Reader_1_5.csv
3702,0,0,0,Reader_1_6.csv
3702,0,0,0,Reader_1_7.csv
3702,0,0,0,Reader_1_8.csv
3702,1,1,0,Reader_1_9.csv
3702,1,1,0,Reader_2_1.csv
3702,0,0,0,Reader_2_10.csv
3702,0,0,0,Reader_2_11.csv
3702,0,0,0,Reader_2_12.csv
3702,3,2,1,Reader_2_2.csv
3702,0,0,0,Reader_2_3.csv
3702,1,1,0,Reader_2_4.csv
3702,1,1,0,Reader_2_5.csv
3702,0,0,0,Reader_2_6.csv
3702,0,0,0,Reader_2_7.csv
3702,0,0,0,Reader_2_8.csv
3702,0,0,0,Reader_2_9.csv
3702,9,4,5,reader_3_1.csv
3702,6,6,0,Reader_3_2.csv
3702,21,17,4,Reader_3_3.csv
3702,21,17,4,Reader_3_4.csv
3702,3,3,0,Reader_3_5.csv
3702,1,1,0,Reader_3_6.csv
3702,2,2,0,Reader_3_7.csv
3703,7,7,0,Reader_1_1.csv
3703,0,0,0,Reader_1_10.csv
3703,3,2,1,Reader_1_11.csv
3703,0,0,0,Reader_1_12.csv
3703,1,1,0,Reader_1_2.csv
3703,0,0,0,Reader_1_3.csv
3703,0,0,0,Reader_1_4.csv
3703,0,0,0,Reader_1_5.csv
3703,0,0,0,Reader_1_6.csv
3703,0,0,0,Reader_1_7.csv
3703,0,0,0,Reader_1_8.csv
3703,1,1,0,Reader_1_9.csv
3703,0,0,0,Reader_2_1.csv
3703,0,0,0,Reader_2_10.csv
3703,0,0,0,Reader_2_11.csv
3703,0,0,0,Reader_2_12.csv
3703,3,2,1,Reader_2_2.csv
3703,0,0,0,Reader_2_3.csv
3703,2,2,0,Reader_2_4.csv
3703,1,1,0,Reader_2_5.csv
3703,0,0,0,Reader_2_6.csv
3703,0,0,0,Reader_2_7.csv
3703,0,0,0,Reader_2_8.csv
3703,0,0,0,Reader_2_9.csv
3703,9,2,7,reader_3_1.csv
3703,6,6,0,Reader_3_2.csv
3703,18,15,3,Reader_3_3.csv
3703,18,15,3,Reader_3_4.csv
3703,3,3,0,Reader_3_5.csv
3703,1,1,0,Reader_3_6.csv
3703,2,2,0,Reader_3_7.csv
3704,9,9,0,Reader_1_1.csv
3704,0,0,0,Reader_1_10.csv
3704,5,3,2,Reader_1_11.csv
3704,0,0,0,Reader_1_12.csv
3704,1,1,0,Reader_1_2.csv
3704,0,0,0,Reader_1_3.csv
3704,0,0,0,Reader_1_4.csv
3704,0,0,0,Reader_1_5.csv
3704,0,0,0,Reader_1_6.csv
3704,0,0,0,Reader_1_7.csv
3704,0,0,0,Reader_1_8.csv
3704,1,1,0,Reader_1_9.csv
3704,0,0,0,Reader_2_1.csv
3704,0,0,0,Reader_2_10.csv
3704,0,0,0,Reader_2_11.csv
3704,1,1,0,Reader_2_12.csv
3704,2,1,1,Reader_2_2.csv
3704,0,0,0,Reader_2_3.csv
3704,2,2,0,Reader_2_4.csv
3704,0,0,0,Reader_2_5.csv
3704,0,0,0,Reader_2_6.csv
3704,0,0,0,Reader_2_7.csv
3704,0,0,0,Reader_2_8.csv
3704,0,0,0,Reader_2_9.csv
3704,11,3,8,reader_3_1.csv
3704,5,5,0,Reader_3_2.csv
3704,20,15,5,Reader_3_3.csv
3704,20,15,5,Reader_3_4.csv
3704,3,3,0,Reader_3_5.csv
3704,1,1,0,Reader_3_6.csv
3704,2,2,0,Reader_3_7.csv
3705,9,9,0,Reader_1_1.csv
3705,1,0,1,Reader_1_10.csv
3705,6,3,3,Reader_1_11.csv
3705,0,0,0,Reader_1_12.csv
3705,1,1,0,Reader_1_2.csv
3705,0,0,0,Reader_1_3.csv
3705,0,0,0,Reader_1_4.csv
3705,0,0,0,Reader_1_5.csv
3705,0,0,0,Reader_1_6.csv
3705,0,0,0,Reader_1_7.csv
3705,0,0,0,Reader_1_8.csv
3705,1,1,0,Reader_1_9.csv
3705,0,0,0,Reader_2_1.csv
3705,0,0,0,Reader_2_10.csv
3705,0,0,0,Reader_2_11.csv
3705,1,1,0,Reader_2_12.csv
3705,2,1,1,Reader_2_2.csv
3705,0,0,0,Reader_2_3.csv
3705,2,2,0,Reader_2_4.csv
3705,0,0,0,Reader_2_5.csv
3705,0,0,0,Reader_2_6.csv
3705,0,0,0,Reader_2_7.csv
3705,0,0,0,Reader_2_8.csv
3705,0,0,0,Reader_2_9.csv
3705,14,4,10,reader_3_1.csv
3705,6,6,0,Reader_3_2.csv
3705,18,14,4,Reader_3_3.csv
3705,18,14,4,Reader_3_4.csv
3705,3,3,0,Reader_3_5.csv
3705,1,1,0,Reader_3_6.csv
3705,2,2,0,Reader_3_7.csv
3706,8,8,0,Reader_1_1.csv
3706,1,0,1,Reader_1_10.csv
3706,7,4,3,Reader_1_11.csv
3706,0,0,0,Reader_1_12.csv
3706,0,0,0,Reader_1_2.csv
3706,0,0,0,Reader_1_3.csv
3706,0,0,0,Reader_1_4.csv
3706,0,0,0,Reader_1_5.csv
3706,0,0,0,Reader_1_6.csv
3706,0,0,0,Reader_1_7.csv
3706,0,0,0,Reader_1_8.csv
3706,1,1,0,Reader_1_9.csv
3706,0,0,0,Reader_2_1.csv
3706,0,0,0,Reader_2_10.csv
3706,0,0,0,Reader_2_11.csv
3706,1,1,0,Reader_2_12.csv
3706,1,0,1,Reader_2_2.csv
3706,0,0,0,Reader_2_3.csv
3706,1,1,0,Reader_2_4.csv
3706,0,0,0,Reader_2_5.csv
3706,0,0,0,Reader_2_6.csv
3706,0,0,0,Reader_2_7.csv
3706,0,0,0,Reader_2_8.csv
3706,0,0,0,Reader_2_9.csv
3706,13,3,10,reader_3_1.csv
3706,4,4,0,Reader_3_2.csv
3706,18,14,4,Reader_3_3.csv
3706,18,14,4,Reader_3_4.csv
3706,3,3,0,Reader_3_5.csv
3706,1,1,0,Reader_3_6.csv
3706,2,2,0,Reader_3_7.csv
3707,10,10,0,Reader_1_1.csv
3707,1,0,1,Reader_1_10.csv
3707,7,4,3,Reader_1_11.csv
3707,0,0,0,Reader_1_12.csv
3707,0,0,0,Reader_1_2.csv
3707,0,0,0,Reader_1_3.csv
3707,0,0,0,Reader_1_4.csv
3707,0,0,0,Reader_1_5.csv
3707,0,0,0,Reader_1_6.csv
3707,0,0,0,Reader_1_7.csv
3707,0,0,0,Reader_1_8.csv
3707,1,1,0,Reader_1_9.csv
3707,0,0,0,Reader_2_1.csv
3707,0,0,0,Reader_2_10.csv
3707,0,0,0,Reader_2_11.csv
3707,1,1,0,Reader_2_12.csv
3707,1,0,1,Reader_2_2.csv
3707,0,0,0,Reader_2_3.csv
3707,1,1,0,Reader_2_4.csv
3707,0,0,0,Reader_2_5.csv
3707,0,0,0,Reader_2_6.csv
3707,0,0,0,Reader_2_7.csv
3707,0,0,0,Reader_2_8.csv
3707,0,0,0,Reader_2_9.csv
3707,14,3,11,reader_3_1.csv
3707,3,3,0,Reader_3_2.csv
3707,17,14,3,Reader_3_3.csv
3707,17,14,3,Reader_3_4.csv
3707,4,4,0,Reader_3_5.csv
3707,1,1,0,Reader_3_6.csv
3707,3,3,0,Reader_3_7.csv
3708,10,10,0,Reader_1_1.csv
3708,3,2,1,Reader_1_10.csv
3708,7,4,3,Reader_1_11.csv
3708,0,0,0,Reader_1_12.csv
3708,0,0,0,Reader_1_2.csv
3708,0,0,0,Reader_1_3.csv
3708,0,0,0,Reader_1_4.csv
3708,0,0,0,Reader_1_5.csv
3708,0,0,0,Reader_1_6.csv
3708,0,0,0,Reader_1_7.csv
3708,0,0,0,Reader_1_8.csv
3708,1,1,0,Reader_1_9.csv
3708,0,0,0,Reader_2_1.csv
3708,0,0,0,Reader_2_10.csv
3708,0,0,0,Reader_2_11.csv
3708,1,1,0,Reader_2_12.csv
3708,1,0,1,Reader_2_2.csv
3708,0,0,0,Reader_2_3.csv
3708,1,1,0,Reader_2_4.csv
3708,0,0,0,Reader_2_5.csv
3708,0,0,0,Reader_2_6.csv
3708,0,0,0,Reader_2_7.csv
3708,0,0,0,Reader_2_8.csv
3708,0,0,0,Reader_2_9.csv
3708,14,4,10,reader_3_1.csv
3708,4,3,1,Reader_3_2.csv
3708,15,12,3,Reader_3_3.csv
3708,15,12,3,Reader_3_4.csv
3708,3,3,0,Reader_3_5.csv
3708,1,1,0,Reader_3_6.csv
3708,5,5,0,Reader_3_7.csv
3709,13,13,0,Reader_1_1.csv
3709,3,2,1,Reader_1_10.csv
3709,7,4,3,Reader_1_11.csv
3709,0,0,0,Reader_1_12.csv
3709,0,0,0,Reader_1_2.csv
3709,0,0,0,Reader_1_3.csv
3709,0,0,0,Reader_1_4.csv
3709,0,0,0,Reader_1_5.csv
3709,0,0,0,Reader_1_6.csv
3709,0,0,0,Reader_1_7.csv
3709,0,0,0,Reader_1_8.csv
3709,1,1,0,Reader_1_9.csv
3709,0,0,0,Reader_2_1.csv
3709,0,0,0,Reader_2_10.csv
3709,0,0,0,Reader_2_11.csv
3709,1,1,0,Reader_2_12.csv
3709,1,0,1,Reader_2_2.csv
3709,0,0,0,Reader_2_3.csv
3709,1,1,0,Reader_2_4.csv
3709,0,0,0,Reader_2_5.csv
3709,0,0,0,Reader_2_6.csv
3709,0,0,0,Reader_2_7.csv
3709,0,0,0,Reader_2_8.csv
3709,0,0,0,Reader_2_9.csv
3709,15,4,11,reader_3_1.csv
3709,5,4,1,Reader_3_2.csv
3709,14,11,3,Reader_3_3.csv
3709,14,11,3,Reader_3_4.csv
3709,2,2,0,Reader_3_5.csv
3709,1,1,0,Reader_3_6.csv
3709,5,5,0,Reader_3_7.csv
3710,14,14,0,Reader_1_1.csv
3710,3,2,1,Reader_1_10.csv
3710,7,5,2,Reader_1_11.csv
3710,0,0,0,Reader_1_12.csv
3710,0,0,0,Reader_1_2.csv
3710,0,0,0,Reader_1_3.csv
3710,0,0,0,Reader_1_4.csv
3710,0,0,0,Reader_1_5.csv
3710,0,0,0,Reader_1_6.csv
3710,0,0,0,Reader_1_7.csv
3710,0,0,0,Reader_1_8.csv
3710,0,0,0,Reader_1_9.csv
3710,0,0,0,Reader_2_1.csv
3710,0,0,0,Reader_2_10.csv
3710,0,0,0,Reader_2_11.csv
3710,1,1,0,Reader_2_12.csv
3710,0,0,0,Reader_2_2.csv
3710,1,1,0,Reader_2_3.csv
3710,1,1,0,Reader_2_4.csv
3710,0,0,0,Reader_2_5.csv
3710,0,0,0,Reader_2_6.csv
3710,0,0,0,Reader_2_7.csv
3710,0,0,0,Reader_2_8.csv
3710,0,0,0,Reader_2_9.csv
3710,13,3,10,reader_3_1.csv
3710,5,3,2,Reader_3_2.csv
3710,15,13,2,Reader_3_3.csv
3710,15,13,2,Reader_3_4.csv
3710,2,2,0,Reader_3_5.csv
3710,2,2,0,Reader_3_6.csv
3710,4,4,0,Reader_3_7.csv
3711,14,14,0,Reader_1_1.csv
3711,3,2,1,Reader_1_10.csv
3711,7,4,3,Reader_1_11.csv
3711,0,0,0,Reader_1_12.csv
3711,0,0,0,Reader_1_2.csv
3711,0,0,0,Reader_1_3.csv
3711,0,0,0,Reader_1_4.csv
3711,0,0,0,Reader_1_5.csv
3711,0,0,0,Reader_1_6.csv
3711,0,0,0,Reader_1_7.csv
3711,0,0,0,Reader_1_8.csv
3711,0,0,0,Reader_1_9.csv
3711,0,0,0,Reader_2_1.csv
3711,0,0,0,Reader_2_10.csv
3711,0,0,0,Reader_2_11.csv
3711,1,1,0,Reader_2_12.csv
3711,0,0,0,Reader_2_2.csv
3711,1,1,0,Reader_2_3.csv
3711,0,0,0,Reader_2_4.csv
3711,0,0,0,Reader_2_5.csv
3711,0,0,0,Reader_2_6.csv
3711,0,0,0,Reader_2_7.csv
3711,0,0,0,Reader_2_8.csv
3711,0,0,0,Reader_2_9.csv
3711,15,5,10,reader_3_1.csv
3711,6,2,4,Reader_3_2.csv
3711,16,14,2,Reader_3_3.csv
3711,16,14,2,Reader_3_4.csv
3711,3,3,0,Reader_3_5.csv
3711,1,1,0,Reader_3_6.csv
3711,4,4,0,Reader_3_7.csv
3712,15,15,0,Reader_1_1.csv
3712,3,2,1,Reader_1_10.csv
3712,5,3,2,Reader_1_11.csv
3712,0,0,0,Reader_1_12.csv
3712,0,0,0,Reader_1_2.csv
3712,1,1,0,Reader_1_3.csv
3712,0,0,0,Reader_1_4.csv
3712,0,0,0,Reader_1_5.csv
3712,0,0,0,Reader_1_6.csv
3712,0,0,0,Reader_1_7.csv
3712,0,0,0,Reader_1_8.csv
3712,0,0,0,Reader_1_9.csv
3712,0,0,0,Reader_2_1.csv
3712,0,0,0,Reader_2_10.csv
3712,0,0,0,Reader_2_11.csv
3712,1,1,0,Reader_2_12.csv
3712,0,0,0,Reader_2_2.csv
3712,1,1,0,Reader_2_3.csv
3712,0,0,0,Reader_2_4.csv
3712,0,0,0,Reader_2_5.csv
3712,0,0,0,Reader_2_6.csv
3712,0,0,0,Reader_2_7.csv
3712,0,0,0,Reader_2_8.csv
3712,0,0,0,Reader_2_9.csv
3712,14,5,9,reader_3_1.csv
3712,7,2,5,Reader_3_2.csv
3712,15,15,0,Reader_3_3.csv
3712,15,15,0,Reader_3_4.csv
3712,3,3,0,Reader_3_5.csv
3712,1,1,0,Reader_3_6.csv
3712,4,4,0,Reader_3_7.csv
3713,16,16,0,Reader_1_1.csv
3713,2,2,0,Reader_1_10.csv
3713,4,3,1,Reader_1_11.csv
3713,0,0,0,Reader_1_12.csv
3713,0,0,0,Reader_1_2.csv
3713,1,1,0,Reader_1_3.csv
3713,1,0,1,Reader_1_4.csv
3713,0,0,0,Reader_1_5.csv
3713,0,0,0,Reader_1_6.csv
3713,0,0,0,Reader_1_7.csv
3713,0,0,0,Reader_1_8.csv
3713,0,0,0,Reader_1_9.csv
3713,0,0,0,Reader_2_1.csv
3713,0,0,0,Reader_2_10.csv
3713,0,0,0,Reader_2_11.csv
3713,1,1,0,Reader_2_12.csv
3713,0,0,0,Reader_2_2.csv
3713,1,1,0,Reader_2_3.csv
3713,0,0,0,Reader_2_4.csv
3713,0,0,0,Reader_2_5.csv
3713,0,0,0,Reader_2_6.csv
3713,0,0,0,Reader_2_7.csv
3713,0,0,0,Reader_2_8.csv
3713,0,0,0,Reader_2_9.csv
3713,13,4,9,reader_3_1.csv
3713,7,2,5,Reader_3_2.csv
3713,15,15,0,Reader_3_3.csv
3713,15,15,0,Reader_3_4.csv
3713,3,3,0,Reader_3_5.csv
3713,1,1,0,Reader_3_6.csv
3713,5,5,0,Reader_3_7.csv
3714,15,15,0,Reader_1_1.csv
3714,2,2,0,Reader_1_10.csv
3714,4,3,1,Reader_1_11.csv
3714,0,0,0,Reader_1_12.csv
3714,0,0,0,Reader_1_2.csv
3714,3,3,0,Reader_1_3.csv
3714,1,0,1,Reader_1_4.csv
3714,0,0,0,Reader_1_5.csv
3714,0,0,0,Reader_1_6.csv
3714,0,0,0,Reader_1_7.csv
3714,0,0,0,Reader_1_8.csv
3714,0,0,0,Reader_1_9.csv
3714,0,0,0,Reader_2_1.csv
3714,0,0,0,Reader_2_10.csv
3714,0,0,0,Reader_2_11.csv
3714,2,2,0,Reader_2_12.csv
3714,0,0,0,Reader_2_2.csv
3714,1,1,0,Reader_2_3.csv
3714,0,0,0,Reader_2_4.csv
3714,0,0,0,Reader_2_5.csv
3714,1,1,0,Reader_2_6.csv
3714,0,0,0,Reader_2_7.csv
3714,0,0,0,Reader_2_8.csv
3714,0,0,0,Reader_2_9.csv
3714,14,5,9,reader_3_1.csv
3714,7,2,5,Reader_3_2.csv
3714,17,17,0,Reader_3_3.csv
3714,17,17,0,Reader_3_4.csv
3714,3,3,0,Reader_3_5.csv
3714,1,1,0,Reader_3_6.csv
3714,5,5,0,Reader_3_7.csv
3715,13,13,0,Reader_1_1.csv
3715,2,2,0,Reader_1_10.csv
3715,3,2,1,Reader_1_11.csv
3715,0,0,0,Reader_1_12.csv
3715,0,0,0,Reader_1_2.csv
3715,4,4,0,Reader_1_3.csv
3715,1,0,1,Reader_1_4.csv
3715,0,0,0,Reader_1_5.csv
3715,0,0,0,Reader_1_6.csv
3715,0,0,0,Reader_1_7.csv
3715,0,0,0,Reader_1_8.csv
3715,0,0,0,Reader_1_9.csv
3715,0,0,0,Reader_2_1.csv
3715,0,0,0,Reader_2_10.csv
3715,0,0,0,Reader_2_11.csv
3715,3,3,0,Reader_2_12.csv
3715,0,0,0,Reader_2_2.csv
3715,1,1,0,Reader_2_3.csv
3715,0,0,0,Reader_2_4.csv
3715,0,0,0,Reader_2_5.csv
3715,1,1,0,Reader_2_6.csv
3715,0,0,0,Reader_2_7.csv
3715,0,0,0,Reader_2_8.csv
3715,0,0,0,Reader_2_9.csv
3715,17,6,11,reader_3_1.csv
3715,7,2,5,Reader_3_2.csv
3715,17,17,0,Reader_3_3.csv
3715,17,17,0,Reader_3_4.csv
3715,3,3,0,Reader_3_5.csv
3715,1,1,0,Reader_3_6.csv
3715,4,4,0,Reader_3_7.csv
3716,13,13,0,Reader_1_1.csv
3716,0,0,0,Reader_1_10.csv
3716,4,2,2,Reader_1_11.csv
3716,0,0,0,Reader_1_12.csv
3716,0,0,0,Reader_1_2.csv
3716,5,5,0,Reader_1_3.csv
3716,1,0,1,Reader_1_4.csv
3716,0,0,0,Reader_1_5.csv
3716,0,0,0,Reader_1_6.csv
3716,0,0,0,Reader_1_7.csv
3716,0,0,0,Reader_1_8.csv
3716,0,0,0,Reader_1_9.csv
3716,1,1,0,Reader_2_1.csv
3716,0,0,0,Reader_2_10.csv
3716,0,0,0,Reader_2_11.csv
3716,3,3,0,Reader_2_12.csv
3716,0,0,0,Reader_2_2.csv
3716,1,1,0,Reader_2_3.csv
3716,0,0,0,Reader_2_4.csv
3716,0,0,0,Reader_2_5.csv
3716,1,1,0,Reader_2_6.csv
3716,0,0,0,Reader_2_7.csv
3716,0,0,0,Reader_2_8.csv
3716,0,0,0,Reader_2_9.csv
3716,17,6,11,reader_3_1.csv
3716,7,3,4,Reader_3_2.csv
3716,16,16,0,Reader_3_3.csv
3716,16,16,0,Reader_3_4.csv
3716,3,3,0,Reader_3_5.csv
3716,2,1,1,Reader_3_6.csv
3716,2,2,0,Reader_3_7.csv
3717,10,10,0,Reader_1_1.csv
3717,0,0,0,Reader_1_10.csv
3717,4,2,2,Reader_1_11.csv
3717,0,0,0,Reader_1_12.csv
3717,0,0,0,Reader_1_2.csv
3717,5,5,0,Reader_1_3.csv
3717,2,1,1,Reader_1_4.csv
3717,0,0,0,Reader_1_5.csv
3717,0,0,0,Reader_1_6.csv
3717,0,0,0,Reader_1_7.csv
3717,0,0,0,Reader_1_8.csv
3717,0,0,0,Reader_1_9.csv
3717,1,1,0,Reader_2_1.csv
3717,0,0,0,Reader_2_10.csv
3717,0,0,0,Reader_2_11.csv
3717,3,3,0,Reader_2_12.csv
3717,0,0,0,Reader_2_2.csv
3717,1,1,0,Reader_2_3.csv
3717,0,0,0,Reader_2_4.csv
3717,0,0,0,Reader_2_5.csv
3717,1,1,0,Reader_2_6.csv
3717,0,0,0,Reader_2_7.csv
3717,0,0,0,Reader_2_8.csv
3717,0,0,0,Reader_2_9.csv
3717,17,7,10,reader_3_1.csv
3717,7,2,5,Reader_3_2.csv
3717,13,13,0,Reader_3_3.csv
3717,13,13,0,Reader_3_4.csv
3717,4,4,0,Reader_3_5.csv
3717,2,1,1,Reader_3_6.csv
3717,3,3,0,Reader_3_7.csv
3718,10,10,0,Reader_1_1.csv
3718,0,0,0,Reader_1_10.csv
3718,3,1,2,Reader_1_11.csv
3718,0,0,0,Reader_1_12.csv
3718,1,0,1,Reader_1_2.csv
3718,5,5,0,Reader_1_3.csv
3718,2,1,1,Reader_1_4.csv
3718,0,0,0,Reader_1_5.csv
3718,0,0,0,Reader_1_6.csv
3718,1,1,0,Reader_1_7.csv
3718,0,0,0,Reader_1_8.csv
3718,0,0,0,Reader_1_9.csv
3718,1,1,0,Reader_2_1.csv
3718,0,0,0,Reader_2_10.csv
3718,0,0,0,Reader_2_11.csv
3718,4,3,1,Reader_2_12.csv
3718,1,1,0,Reader_2_2.csv
3718,0,0,0,Reader_2_3.csv
3718,0,0,0,Reader_2_4.csv
3718,0,0,0,Reader_2_5.csv
3718,1,1,0,Reader_2_6.csv
3718,0,0,0,Reader_2_7.csv
3718,0,0,0,Reader_2_8.csv
3718,0,0,0,Reader_2_9.csv
3718,16,8,8,reader_3_1.csv
3718,6,2,4,Reader_3_2.csv
3718,12,12,0,Reader_3_3.csv
3718,12,12,0,Reader_3_4.csv
3718,4,4,0,Reader_3_5.csv
3718,1,0,1,Reader_3_6.csv
3718,2,2,0,Reader_3_7.csv
3719,8,8,0,Reader_1_1.csv
3719,0,0,0,Reader_1_10.csv
3719,4,2,2,Reader_1_11.csv
3719,0,0,0,Reader_1_12.csv
3719,1,0,1,Reader_1_2.csv
3719,6,6,0,Reader_1_3.csv
3719,2,1,1,Reader_1_4.csv
3719,0,0,0,Reader_1_5.csv
3719,0,0,0,Reader_1_6.csv
3719,1,1,0,Reader_1_7.csv
3719,0,0,0,Reader_1_8.csv
3719,0,0,0,Reader_1_9.csv
3719,1,1,0,Reader_2_1.csv
3719,0,0,0,Reader_2_10.csv
3719,0,0,0,Reader_2_11.csv
3719,4,3,1,Reader_2_12.csv
3719,1,1,0,Reader_2_2.csv
3719,0,0,0,Reader_2_3.csv
3719,0,0,0,Reader_2_4.csv
3719,0,0,0,Reader_2_5.csv
3719,1,1,0,Reader_2_6.csv
3719,0,0,0,Reader_2_7.csv
3719,0,0,0,Reader_2_8.csv
3719,0,0,0,Reader_2_9.csv
3719,15,8,7,reader_3_1.csv
3719,4,2,2,Reader_3_2.csv
3719,12,12,0,Reader_3_3.csv
3719,12,12,0,Reader_3_4.csv
3719,3,3,0,Reader_3_5.csv
3719,2,1,1,Reader_3_6.csv
3719,3,3,0,Reader_3_7.csv
3720,7,7,0,Reader_1_1.csv
3720,0,0,0,Reader_1_10.csv
3720,4,2,2,Reader_1_11.csv
3720,0,0,0,Reader_1_12.csv
3720,1,0,1,Reader_1_2.csv
3720,7,7,0,Reader_1_3.csv
3720,4,2,2,Reader_1_4.csv
3720,0,0,0,Reader_1_5.csv
3720,0,0,0,Reader_1_6.csv
3720,2,2,0,Reader_1_7.csv
3720,0,0,0,Reader_1_8.csv
3720,0,0,0,Reader_1_9.csv
3720,1,1,0,Reader_2_1.csv
3720,0,0,0,Reader_2_10.csv
3720,0,0,0,Reader_2_11.csv
3720,3,2,1,Reader_2_12.csv
3720,1,1,0,Reader_2_2.csv
3720,0,0,0,Reader_2_3.csv
3720,0,0,0,Reader_2_4.csv
3720,0,0,0,Reader_2_5.csv
3720,1,1,0,Reader_2_6.csv
3720,0,0,0,Reader_2_7.csv
3720,0,0,0,Reader_2_8.csv
3720,0,0,0,Reader_2_9.csv
3720,14,7,7,reader_3_1.csv
3720,4,2,2,Reader_3_2.csv
3720,11,11,0,Reader_3_3.csv
3720,11,11,0,Reader_3_4.csv
3720,3,3,0,Reader_3_5.csv
3720,3,2,1,Reader_3_6.csv
3720,4,4,0,Reader_3_7.csv
3721,7,7,0,Reader_1_1.csv
3721,0,0,0,Reader_1_10.csv
3721,4,2,2,Reader_1_11.csv
3721,0,0,0,Reader_1_12.csv
3721,1,0,1,Reader_1_2.csv
3721,8,8,0,Reader_1_3.csv
3721,3,2,1,Reader_1_4.csv
3721,0,0,0,Reader_1_5.csv
3721,0,0,0,Reader_1_6.csv
3721,2,2,0,Reader_1_7.csv
3721,0,0,0,Reader_1_8.csv
3721,0,0,0,Reader_1_9.csv
3721,1,1,0,Reader_2_1.csv
3721,0,0,0,Reader_2_10.csv
3721,0,0,0,Reader_2_11.csv
3721,3,2,1,Reader_2_12.csv
3721,1,1,0,Reader_2_2.csv
3721,0,0,0,Reader_2_3.csv
3721,0,0,0,Reader_2_4.csv
3721,0,0,0,Reader_2_5.csv
3721,1,1,0,Reader_2_6.csv
3721,0,0,0,Reader_2_7.csv
3721,0,0,0,Reader_2_8.csv
3721,0,0,0,Reader_2_9.csv
3721,13,7,6,reader_3_1.csv
3721,3,1,2,Reader_3_2.csv
3721,13,13,0,Reader_3_3.csv
3721,13,13,0,Reader_3_4.csv
3721,4,3,1,Reader_3_5.csv
3721,4,3,1,Reader_3_6.csv
3721,3,3,0,Reader_3_7.csv
3722,7,7,0,Reader_1_1.csv
3722,0,0,0,Reader_1_10.csv
3722,3,1,2,Reader_1_11.csv
3722,0,0,0,Reader_1_12.csv
3722,1,0,1,Reader_1_2.csv
3722,6,6,0,Reader_1_3.csv
3722,3,2,1,Reader_1_4.csv
3722,0,0,0,Reader_1_5.csv
3722,0,0,0,Reader_1_6.csv
3722,2,2,0,Reader_1_7.csv
3722,0,0,0,Reader_1_8.csv
3722,0,0,0,Reader_1_9.csv
3722,1,1,0,Reader_2_1.csv
3722,0,0,0,Reader_2_10.csv
3722,0,0,0,Reader_2_11.csv
3722,2,1,1,Reader_2_12.csv
3722,1,1,0,Reader_2_2.csv
3722,0,0,0,Reader_2_3.csv
3722,0,0,0,Reader_2_4.csv
3722,0,0,0,Reader_2_5.csv
3722,0,0,0,Reader_2_6.csv
3722,0,0,0,Reader_2_7.csv
3722,0,0,0,Reader_2_8.csv
3722,0,0,0,Reader_2_9.csv
3722,12,6,6,reader_3_1.csv
3722,4,2,2,Reader_3_2.csv
3722,10,10,0,Reader_3_3.csv
3722,10,10,0,Reader_3_4.csv
3722,4,3,1,Reader_3_5.csv
3722,4,3,1,Reader_3_6.csv
3722,3,3,0,Reader_3_7.csv
3723,7,7,0,Reader_1_1.csv
3723,0,0,0,Reader_1_10.csv
3723,3,1,2,Reader_1_11.csv
3723,0,0,0,Reader_1_12.csv
3723,1,0,1,Reader_1_2.csv
3723,5,5,0,Reader_1_3.csv
3723,3,2,1,Reader_1_4.csv
3723,0,0,0,Reader_1_5.csv
3723,0,0,0,Reader_1_6.csv
3723,3,3,0,Reader_1_7.csv
3723,0,0,0,Reader_1_8.csv
3723,0,0,0,Reader_1_9.csv
3723,1,1,0,Reader_2_1.csv
3723,0,0,0,Reader_2_10.csv
3723,0,0,0,Reader_2_11.csv
3723,1,0,1,Reader_2_12.csv
3723,1,1,0,Reader_2_2.csv
3723,0,0,0,Reader_2_3.csv
3723,0,0,0,Reader_2_4.csv
3723,0,0,0,Reader_2_5.csv
3723,0,0,0,Reader_2_6.csv
3723,0,0,0,Reader_2_7.csv
3723,0,0,0,Reader_2_8.csv
3723,0,0,0,Reader_2_9.csv
3723,8,5,3,reader_3_1.csv
3723,4,2,2,Reader_3_2.csv
3723,9,9,0,Reader_3_3.csv
3723,9,9,0,Reader_3_4.csv
3723,5,3,2,Reader_3_5.csv
3723,4,3,1,Reader_3_6.csv
3723,3,3,0,Reader_3_7.csv
3724,6,6,0,Reader_1_1.csv
3724,0,0,0,Reader_1_10.csv
3724,3,2,1,Reader_1_11.csv
3724,1,1,0,Reader_1_12.csv
3724,2,0,2,Reader_1_2.csv
3724,4,4,0,Reader_1_3.csv
3724,3,2,1,Reader_1_4.csv
3724,0,0,0,Reader_1_5.csv
3724,0,0,0,Reader_1_6.csv
3724,3,3,0,Reader_1_7.csv
3724,0,0,0,Reader_1_8.csv
3724,0,0,0,Reader_1_9.csv
3724,0,0,0,Reader_2_1.csv
3724,0,0,0,Reader_2_10.csv
3724,0,0,0,Reader_2_11.csv
3724,1,0,1,Reader_2_12.csv
3724,1,1,0,Reader_2_2.csv
3724,0,0,0,Reader_2_3.csv
3724,0,0,0,Reader_2_4.csv
3724,0,0,0,Reader_2_5.csv
3724,0,0,0,Reader_2_6.csv
3724,0,0,0,Reader_2_7.csv
3724,0,0,0,Reader_2_8.csv
3724,0,0,0,Reader_2_9.csv
3724,9,6,3,reader_3_1.csv
3724,4,2,2,Reader_3_2.csv
3724,8,8,0,Reader_3_3.csv
3724,8,8,0,Reader_3_4.csv
3724,6,4,2,Reader_3_5.csv
3724,3,3,0,Reader_3_6.csv
3724,3,3,0,Reader_3_7.csv
3725,7,7,0,Reader_1_1.csv
3725,0,0,0,Reader_1_10.csv
3725,3,2,1,Reader_1_11.csv
3725,1,1,0,Reader_1_12.csv
3725,2,0,2,Reader_1_2.csv
3725,4,4,0,Reader_1_3.csv
3725,2,1,1,Reader_1_4.csv
3725,0,0,0,Reader_1_5.csv
3725,0,0,0,Reader_1_6.csv
3725,3,3,0,Reader_1_7.csv
3725,0,0,0,Reader_1_8.csv
3725,0,0,0,Reader_1_9.csv
3725,0,0,0,Reader_2_1.csv
3725,0,0,0,Reader_2_10.csv
3725,0,0,0,Reader_2_11.csv
3725,1,0,1,Reader_2_12.csv
3725,1,1,0,Reader_2_2.csv
3725,0,0,0,Reader_2_3.csv
3725,0,0,0,Reader_2_4.csv
3725,0,0,0,Reader_2_5.csv
3725,0,0,0,Reader_2_6.csv
3725,0,0,0,Reader_2_7.csv
3725,0,0,0,Reader_2_8.csv
3725,0,0,0,Reader_2_9.csv
3725,8,6,2,reader_3_1.csv
3725,5,4,1,Reader_3_2.csv
3725,9,9,0,Reader_3_3.csv
3725,9,9,0,Reader_3_4.csv
3725,6,4,2,Reader_3_5.csv
3725,3,3,0,Reader_3_6.csv
3725,2,2,0,Reader_3_7.csv
3726,5,5,0,Reader_1_1.csv
3726,0,0,0,Reader_1_10.csv
3726,4,3,1,Reader_1_11.csv
3726,2,2,0,Reader_1_12.csv
3726,1,0,1,Reader_1_2.csv
3726,4,4,0,Reader_1_3.csv
3726,3,2,1,Reader_1_4.csv
3726,2,1,1,Reader_1_5.csv
3726,0,0,0,Reader_1_6.csv
3726,3,3,0,Reader_1_7.csv
3726,0,0,0,Reader_1_8.csv
3726,0,0,0,Reader_1_9.csv
3726,0,0,0,Reader_2_1.csv
3726,0,0,0,Reader_2_10.csv
3726,0,0,0,Reader_2_11.csv
3726,0,0,0,Reader_2_12.csv
3726,0,0,0,Reader_2_2.csv
3726,0,0,0,Reader_2_3.csv
3726,0,0,0,Reader_2_4.csv
3726,1,1,0,Reader_2_5.csv
3726,0,0,0,Reader_2_6.csv
3726,0,0,0,Reader_2_7.csv
3726,0,0,0,Reader_2_8.csv
3726,0,0,0,Reader_2_9.csv
3726,7,5,2,reader_3_1.csv
3726,7,5,2,Reader_3_2.csv
3726,9,9,0,Reader_3_3.csv
3726,9,9,0,Reader_3_4.csv
3726,7,5,2,Reader_3_5.csv
3726,3,3,0,Reader_3_6.csv
3726,4,4,0,Reader_3_7.csv
3727,5,5,0,Reader_1_1.csv
3727,0,0,0,Reader_1_10.csv
3727,2,2,0,Reader_1_11.csv
3727,2,2,0,Reader_1_12.csv
3727,1,0,1,Reader_1_2.csv
3727,3,3,0,Reader_1_3.csv
3727,3,2,1,Reader_1_4.csv
3727,2,1,1,Reader_1_5.csv
3727,0,0,0,Reader_1_6.csv
3727,5,5,0,Reader_1_7.csv
3727,0,0,0,Reader_1_8.csv
3727,1,1,0,Reader_1_9.csv
3727,0,0,0,Reader_2_1.csv
3727,0,0,0,Reader_2_10.csv
3727,0,0,0,Reader_2_11.csv
3727,0,0,0,Reader_2_12.csv
3727,0,0,0,Reader_2_2.csv
3727,0,0,0,Reader_2_3.csv
3727,0,0,0,Reader_2_4.csv
3727,1,1,0,Reader_2_5.csv
3727,0,0,0,Reader_2_6.csv
3727,0,0,0,Reader_2_7.csv
3727,0,0,0,Reader_2_8.csv
3727,0,0,0,Reader_2_9.csv
3727,4,3,1,reader_3_1.csv
3727,7,5,2,Reader_3_2.csv
3727,7,7,0,Reader_3_3.csv
3727,7,7,0,Reader_3_4.csv
3727,8,5,3,Reader_3_5.csv
3727,2,2,0,Reader_3_6.csv
3727,3,3,0,Reader_3_7.csv
3728,3,3,0,Reader_1_1.csv
3728,0,0,0,Reader_1_10.csv
3728,3,3,0,Reader_1_11.csv
3728,2,2,0,Reader_1_12.csv
3728,1,0,1,Reader_1_2.csv
3728,1,1,0,Reader_1_3.csv
3728,1,1,0,Reader_1_4.csv
3728,2,1,1,Reader_1_5.csv
3728,0,0,0,Reader_1_6.csv
3728,4,4,0,Reader_1_7.csv
3728,1,1,0,Reader_1_8.csv
3728,1,1,0,Reader_1_9.csv
3728,0,0,0,Reader_2_1.csv
3728,0,0,0,Reader_2_10.csv
3728,0,0,0,Reader_2_11.csv
3728,0,0,0,Reader_2_12.csv
3728,0,0,0,Reader_2_2.csv
3728,0,0,0,Reader_2_3.csv
3728,0,0,0,Reader_2_4.csv
3728,1,1,0,Reader_2_5.csv
3728,0,0,0,Reader_2_6.csv
3728,0,0,0,Reader_2_7.csv
3728,0,0,0,Reader_2_8.csv
3728,0,0,0,Reader_2_9.csv
3728,4,3,1,reader_3_1.csv
3728,6,5,1,Reader_3_2.csv
3728,7,7,0,Reader_3_3.csv
3728,7,7,0,Reader_3_4.csv
3728,9,6,3,Reader_3_5.csv
3728,1,1,0,Reader_3_6.csv
3728,2,2,0,Reader_3_7.csv
3729,2,2,0,Reader_1_1.csv
3729,0,0,0,Reader_1_10.csv
3729,4,4,0,Reader_1_11.csv
3729,3,2,1,Reader_1_12.csv
3729,3,1,2,Reader_1_2.csv
3729,0,0,0,Reader_1_3.csv
3729,1,1,0,Reader_1_4.csv
3729,2,1,1,Reader_1_5.csv
3729,0,0,0,Reader_1_6.csv
3729,5,5,0,Reader_1_7.csv
3729,1,1,0,Reader_1_8.csv
3729,1,1,0,Reader_1_9.csv
3729,0,0,0,Reader_2_1.csv
3729,0,0,0,Reader_2_10.csv
3729,0,0,0,Reader_2_11.csv
3729,0,0,0,Reader_2_12.csv
3729,0,0,0,Reader_2_2.csv
3729,0,0,0,Reader_2_3.csv
3729,0,0,0,Reader_2_4.csv
3729,1,1,0,Reader_2_5.csv
3729,0,0,0,Reader_2_6.csv
3729,0,0,0,Reader_2_7.csv
3729,0,0,0,Reader_2_8.csv
3729,0,0,0,Reader_2_9.csv
3729,4,4,0,reader_3_1.csv
3729,6,5,1,Reader_3_2.csv
3729,5,5,0,Reader_3_3.csv
3729,5,5,0,Reader_3_4.csv
3729,9,7,2,Reader_3_5.csv
3729,0,0,0,Reader_3_6.csv
3729,3,3,0,Reader_3_7.csv
3730,2,2,0,Reader_1_1.csv
3730,0,0,0,Reader_1_10.csv
3730,4,4,0,Reader_1_11.csv
3730,3,2,1,Reader_1_12.csv
3730,4,1,3,Reader_1_2.csv
3730,0,0,0,Reader_1_3.csv
3730,1,1,0,Reader_1_4.csv
3730,2,1,1,Reader_1_5.csv
3730,0,0,0,Reader_1_6.csv
3730,5,5,0,Reader_1_7.csv
3730,1,1,0,Reader_1_8.csv
3730,2,2,0,Reader_1_9.csv
3730,0,0,0,Reader_2_1.csv
3730,0,0,0,Reader_2_10.csv
3730,0,0,0,Reader_2_11.csv
3730,0,0,0,Reader_2_12.csv
3730,1,1,0,Reader_2_2.csv
3730,0,0,0,Reader_2_3.csv
3730,0,0,0,Reader_2_4.csv
3730,1,1,0,Reader_2_5.csv
3730,0,0,0,Reader_2_6.csv
3730,0,0,0,Reader_2_7.csv
3730,0,0,0,Reader_2_8.csv
3730,0,0,0,Reader_2_9.csv
3730,5,5,0,reader_3_1.csv
3730,6,5,1,Reader_3_2.csv
3730,4,4,0,Reader_3_3.csv
3730,4,4,0,Reader_3_4.csv
3730,8,6,2,Reader_3_5.csv
3730,0,0,0,Reader_3_6.csv
3730,3,3,0,Reader_3_7.csv
3731,4,3,1,Reader_1_1.csv
3731,0,0,0,Reader_1_10.csv
3731,5,5,0,Reader_1_11.csv
3731,3,2,1,Reader_1_12.csv
3731,4,1,3,Reader_1_2.csv
3731,0,0,0,Reader_1_3.csv
3731,1,1,0,Reader_1_4.csv
3731,3,1,2,Reader_1_5.csv
3731,0,0,0,Reader_1_6.csv
3731,4,4,0,Reader_1_7.csv
3731,1,1,0,Reader_1_8.csv
3731,2,2,0,Reader_1_9.csv
3731,0,0,0,Reader_2_1.csv
3731,0,0,0,Reader_2_10.csv
3731,0,0,0,Reader_2_11.csv
3731,0,0,0,Reader_2_12.csv
3731,1,1,0,Reader_2_2.csv
3731,0,0,0,Reader_2_3.csv
3731,0,0,0,Reader_2_4.csv
3731,1,1,0,Reader_2_5.csv
3731,0,0,0,Reader_2_6.csv
3731,0,0,0,Reader_2_7.csv
3731,0,0,0,Reader_2_8.csv
3731,0,0,0,Reader_2_9.csv
3731,5,5,0,reader_3_1.csv
3731,7,6,1,Reader_3_2.csv
3731,4,4,0,Reader_3_3.csv
3731,4,4,0,Reader_3_4.csv
3731,6,5,1,Reader_3_5.csv
3731,0,0,0,Reader_3_6.csv
3731,3,3,0,Reader_3_7.csv
3732,4,3,1,Reader_1_1.csv
3732,0,0,0,Reader_1_10.csv
3732,4,4,0,Reader_1_11.csv
3732,2,1,1,Reader_1_12.csv
3732,3,1,2,Reader_1_2.csv
3732,0,0,0,Reader_1_3.csv
3732,1,1,0,Reader_1_4.csv
3732,3,1,2,Reader_1_5.csv
3732,0,0,0,Reader_1_6.csv
3732,4,4,0,Reader_1_7.csv
3732,1,1,0,Reader_1_8.csv
3732,2,2,0,Reader_1_9.csv
3732,0,0,0,Reader_2_1.csv
3732,0,0,0,Reader_2_10.csv
3732,0,0,0,Reader_2_11.csv
3732,0,0,0,Reader_2_12.csv
3732,1,1,0,Reader_2_2.csv
3732,0,0,0,Reader_2_3.csv
3732,0,0,0,Reader_2_4.csv
3732,1,1,0,Reader_2_5.csv
3732,0,0,0,Reader_2_6.csv
3732,0,0,0,Reader_2_7.csv
3732,0,0,0,Reader_2_8.csv
3732,0,0,0,Reader_2_9.csv
3732,4,3,1,reader_3_1.csv
3732,6,5,1,Reader_3_2.csv
3732,4,4,0,Reader_3_3.csv
3732,4,4,0,Reader_3_4.csv
3732,5,4,1,Reader_3_5.csv
3732,1,1,0,Reader_3_6.csv
3732,4,4,0,Reader_3_7.csv
3733,3,2,1,Reader_1_1.csv
3733,0,0,0,Reader_1_10.csv
3733,4,4,0,Reader_1_11.csv
3733,2,1,1,Reader_1_12.csv
3733,4,1,3,Reader_1_2.csv
3733,1,1,0,Reader_1_3.csv
3733,1,1,0,Reader_1_4.csv
3733,4,1,3,Reader_1_5.csv
3733,0,0,0,Reader_1_6.csv
3733,4,4,0,Reader_1_7.csv
3733,1,1,0,Reader_1_8.csv
3733,2,2,0,Reader_1_9.csv
3733,0,0,0,Reader_2_1.csv
3733,0,0,0,Reader_2_10.csv
3733,0,0,0,Reader_2_11.csv
3733,0,0,0,Reader_2_12.csv
3733,1,1,0,Reader_2_2.csv
3733,0,0,0,Reader_2_3.csv
3733,0,0,0,Reader_2_4.csv
3733,1,1,0,Reader_2_5.csv
3733,0,0,0,Reader_2_6.csv
3733,0,0,0,Reader_2_7.csv
3733,0,0,0,Reader_2_8.csv
3733,0,0,0,Reader_2_9.csv
3733,3,2,1,reader_3_1.csv
3733,4,3,1,Reader_3_2.csv
3733,2,2,0,Reader_3_3.csv
3733,2,2,0,Reader_3_4.csv
3733,4,3,1,Reader_3_5.csv
3733,3,3,0,Reader_3_6.csv
3733,4,4,0,Reader_3_7.csv
3734,2,1,1,Reader_1_1.csv
3734,0,0,0,Reader_1_10.csv
3734,3,3,0,Reader_1_11.csv
3734,1,0,1,Reader_1_12.csv
3734,4,1,3,Reader_1_2.csv
3734,2,2,0,Reader_1_3.csv
3734,1,1,0,Reader_1_4.csv
3734,2,0,2,Reader_1_5.csv
3734,0,0,0,Reader_1_6.csv
3734,4,4,0,Reader_1_7.csv
3734,1,1,0,Reader_1_8.csv
3734,2,2,0,Reader_1_9.csv
3734,0,0,0,Reader_2_1.csv
3734,0,0,0,Reader_2_10.csv
3734,0,0,0,Reader_2_11.csv
3734,0,0,0,Reader_2_12.csv
3734,2,2,0,Reader_2_2.csv
3734,0,0,0,Reader_2_3.csv
3734,0,0,0,Reader_2_4.csv
3734,0,0,0,Reader_2_5.csv
3734,0,0,0,Reader_2_6.csv
3734,0,0,0,Reader_2_7.csv
3734,0,0,0,Reader_2_8.csv
3734,0,0,0,Reader_2_9.csv
3734,4,3,1,reader_3_1.csv
3734,2,2,0,Reader_3_2.csv
3734,2,2,0,Reader_3_3.csv
3734,2,2,0,Reader_3_4.csv
3734,5,4,1,Reader_3_5.csv
3734,3,3,0,Reader_3_6.csv
3734,2,2,0,Reader_3_7.csv
3735,2,1,1,Reader_1_1.csv
3735,0,0,0,Reader_1_10.csv
3735,5,4,1,Reader_1_11.csv
3735,1,0,1,Reader_1_12.csv
3735,4,1,3,Reader_1_2.csv
3735,3,2,1,Reader_1_3.csv
3735,1,1,0,Reader_1_4.csv
3735,2,0,2,Reader_1_5.csv
3735,0,0,0,Reader_1_6.csv
3735,3,2,1,Reader_1_7.csv
3735,1,1,0,Reader_1_8.csv
3735,1,1,0,Reader_1_9.csv
3735,0,0,0,Reader_2_1.csv
3735,0,0,0,Reader_2_10.csv
3735,0,0,0,Reader_2_11.csv
3735,0,0,0,Reader_2_12.csv
3735,2,2,0,Reader_2_2.csv
3735,0,0,0,Reader_2_3.csv
3735,0,0,0,Reader_2_4.csv
3735,0,0,0,Reader_2_5.csv
3735,0,0,0,Reader_2_6.csv
3735,0,0,0,Reader_2_7.csv
3735,0,0,0,Reader_2_8.csv
3735,0,0,0,Reader_2_9.csv
3735,4,3,1,reader_3_1.csv
3735,2,2,0,Reader_3_2.csv
3735,2,2,0,Reader_3_3.csv
3735,2,2,0,Reader_3_4.csv
3735,4,4,0,Reader_3_5.csv
3735,3,3,0,Reader_3_6.csv
3735,2,2,0,Reader_3_7.csv
3736,4,3,1,Reader_1_1.csv
3736,0,0,0,Reader_1_10.csv
3736,4,3,1,Reader_1_11.csv
3736,1,0,1,Reader_1_12.csv
3736,4,1,3,Reader_1_2.csv
3736,3,2,1,Reader_1_3.csv
3736,1,1,0,Reader_1_4.csv
3736,2,0,2,Reader_1_5.csv
3736,0,0,0,Reader_1_6.csv
3736,3,2,1,Reader_1_7.csv
3736,0,0,0,Reader_1_8.csv
3736,1,1,0,Reader_1_9.csv
3736,0,0,0,Reader_2_1.csv
3736,0,0,0,Reader_2_10.csv
3736,0,0,0,Reader_2_11.csv
3736,0,0,0,Reader_2_12.csv
3736,2,2,0,Reader_2_2.csv
3736,0,0,0,Reader_2_3.csv
3736,0,0,0,Reader_2_4.csv
3736,0,0,0,Reader_2_5.csv
3736,0,0,0,Reader_2_6.csv
3736,0,0,0,Reader_2_7.csv
3736,0,0,0,Reader_2_8.csv
3736,0,0,0,Reader_2_9.csv
3736,4,3,1,reader_3_1.csv
3736,2,2,0,Reader_3_2.csv
3736,2,2,0,Reader_3_3.csv
3736,2,2,0,Reader_3_4.csv
3736,3,3,0,Reader_3_5.csv
3736,3,3,0,Reader_3_6.csv
3736,2,2,0,Reader_3_7.csv
3737,4,3,1,Reader_1_1.csv
3737,0,0,0,Reader_1_10.csv
3737,3,2,1,Reader_1_11.csv
3737,0,0,0,Reader_1_12.csv
3737,4,1,3,Reader_1_2.csv
3737,4,3,1,Reader_1_3.csv
3737,1,1,0,Reader_1_4.csv
3737,4,1,3,Reader_1_5.csv
3737,0,0,0,Reader_1_6.csv
3737,2,1,1,Reader_1_7.csv
3737,0,0,0,Reader_1_8.csv
3737,2,1,1,Reader_1_9.csv
3737,0,0,0,Reader_2_1.csv
3737,0,0,0,Reader_2_10.csv
3737,0,0,0,Reader_2_11.csv
3737,0,0,0,Reader_2_12.csv
3737,2,2,0,Reader_2_2.csv
3737,0,0,0,Reader_2_3.csv
3737,0,0,0,Reader_2_4.csv
3737,0,0,0,Reader_2_5.csv
3737,0,0,0,Reader_2_6.csv
3737,0,0,0,Reader_2_7.csv
3737,0,0,0,Reader_2_8.csv
3737,0,0,0,Reader_2_9.csv
3737,4,3,1,reader_3_1.csv
3737,2,2,0,Reader_3_2.csv
3737,2,2,0,Reader_3_3.csv
3737,2,2,0,Reader_3_4.csv
3737,4,3,1,Reader_3_5.csv
3737,4,4,0,Reader_3_6.csv
3737,1,1,0,Reader_3_7.csv
3738,4,3,1,Reader_1_1.csv
3738,0,0,0,Reader_1_10.csv
3738,5,2,3,Reader_1_11.csv
3738,0,0,0,Reader_1_12.csv
3738,3,1,2,Reader_1_2.csv
3738,4,3,1,Reader_1_3.csv
3738,1,1,0,Reader_1_4.csv
3738,4,1,3,Reader_1_5.csv
3738,0,0,0,Reader_1_6.csv
3738,3,2,1,Reader_1_7.csv
3738,0,0,0,Reader_1_8.csv
3738,1,0,1,Reader_1_9.csv
3738,0,0,0,Reader_2_1.csv
3738,0,0,0,Reader_2_10.csv
3738,0,0,0,Reader_2_11.csv
3738,0,0,0,Reader_2_12.csv
3738,1,1,0,Reader_2_2.csv
3738,0,0,0,Reader_2_3.csv
3738,0,0,0,Reader_2_4.csv
3738,1,1,0,Reader_2_5.csv
3738,0,0,0,Reader_2_6.csv
3738,0,0,0,Reader_2_7.csv
3738,0,0,0,Reader_2_8.csv
3738,0,0,0,Reader_2_9.csv
3738,3,2,1,reader_3_1.csv
3738,1,1,0,Reader_3_2.csv
3738,2,2,0,Reader_3_3.csv
3738,2,2,0,Reader_3_4.csv
3738,4,3,1,Reader_3_5.csv
3738,5,5,0,Reader_3_6.csv
3738,1,1,0,Reader_3_7.csv
3739,2,2,0,Reader_1_1.csv
3739,0,0,0,Reader_1_10.csv
3739,4,1,3,Reader_1_11.csv
3739,0,0,0,Reader_1_12.csv
3739,4,1,3,Reader_1_2.csv
3739,4,3,1,Reader_1_3.csv
3739,1,1,0,Reader_1_4.csv
3739,4,2,2,Reader_1_5.csv
3739,0,0,0,Reader_1_6.csv
3739,3,2,1,Reader_1_7.csv
3739,0,0,0,Reader_1_8.csv
3739,2,1,1,Reader_1_9.csv
3739,0,0,0,Reader_2_1.csv
3739,0,0,0,Reader_2_10.csv
3739,0,0,0,Reader_2_11.csv
3739,1,1,0,Reader_2_12.csv
3739,1,1,0,Reader_2_2.csv
3739,0,0,0,Reader_2_3.csv
3739,0,0,0,Reader_2_4.csv
3739,1,1,0,Reader_2_5.csv
3739,0,0,0,Reader_2_6.csv
3739,0,0,0,Reader_2_7.csv
3739,0,0,0,Reader_2_8.csv
3739,1,0,1,Reader_2_9.csv
3739,3,2,1,reader_3_1.csv
3739,0,0,0,Reader_3_2.csv
3739,3,3,0,Reader_3_3.csv
3739,3,3,0,Reader_3_4.csv
3739,5,4,1,Reader_3_5.csv
3739,5,5,0,Reader_3_6.csv
3739,2,2,0,Reader_3_7.csv
3740,2,2,0,Reader_1_1.csv
3740,0,0,0,Reader_1_10.csv
3740,4,1,3,Reader_1_11.csv
3740,0,0,0,Reader_1_12.csv
3740,5,2,3,Reader_1_2.csv
3740,5,4,1,Reader_1_3.csv
3740,1,1,0,Reader_1_4.csv
3740,4,2,2,Reader_1_5.csv
3740,0,0,0,Reader_1_6.csv
3740,3,2,1,Reader_1_7.csv
3740,0,0,0,Reader_1_8.csv
3740,3,1,2,Reader_1_9.csv
3740,0,0,0,Reader_2_1.csv
3740,0,0,0,Reader_2_10.csv
3740,0,0,0,Reader_2_11.csv
3740,1,1,0,Reader_2_12.csv
3740,1,1,0,Reader_2_2.csv
3740,0,0,0,Reader_2_3.csv
3740,0,0,0,Reader_2_4.csv
3740,1,1,0,Reader_2_5.csv
3740,0,0,0,Reader_2_6.csv
3740,0,0,0,Reader_2_7.csv
3740,0,0,0,Reader_2_8.csv
3740,1,0,1,Reader_2_9.csv
3740,2,2,0,reader_3_1.csv
3740,0,0,0,Reader_3_2.csv
3740,3,3,0,Reader_3_3.csv
3740,3,3,0,Reader_3_4.csv
3740,5,4,1,Reader_3_5.csv
3740,5,5,0,Reader_3_6.csv
3740,2,2,0,Reader_3_7.csv
3741,2,2,0,Reader_1_1.csv
3741,0,0,0,Reader_1_10.csv
3741,4,1,3,Reader_1_11.csv
3741,1,1,0,Reader_1_12.csv
3741,5,3,2,Reader_1_2.csv
3741,5,4,1,Reader_1_3.csv
3741,1,1,0,Reader_1_4.csv
3741,3,2,1,Reader_1_5.csv
3741,0,0,0,Reader_1_6.csv
3741,3,2,1,Reader_1_7.csv
3741,0,0,0,Reader_1_8.csv
3741,3,1,2,Reader_1_9.csv
3741,0,0,0,Reader_2_1.csv
3741,0,0,0,Reader_2_10.csv
3741,0,0,0,Reader_2_11.csv
3741,1,1,0,Reader_2_12.csv
3741,1,1,0,Reader_2_2.csv
3741,0,0,0,Reader_2_3.csv
3741,0,0,0,Reader_2_4.csv
3741,1,1,0,Reader_2_5.csv
3741,0,0,0,Reader_2_6.csv
3741,0,0,0,Reader_2_7.csv
3741,0,0,0,Reader_2_8.csv
3741,1,0,1,Reader_2_9.csv
3741,4,3,1,reader_3_1.csv
3741,0,0,0,Reader_3_2.csv
3741,6,5,1,Reader_3_3.csv
3741,6,5,1,Reader_3_4.csv
3741,5,4,1,Reader_3_5.csv
3741,3,3,0,Reader_3_6.csv
3741,2,2,0,Reader_3_7.csv
3742,3,2,1,Reader_1_1.csv
3742,0,0,0,Reader_1_10.csv
3742,4,1,3,Reader_1_11.csv
3742,2,2,0,Reader_1_12.csv
3742,5,3,2,Reader_1_2.csv
3742,4,3,1,Reader_1_3.csv
3742,0,0,0,Reader_1_4.csv
3742,3,2,1,Reader_1_5.csv
3742,0,0,0,Reader_1_6.csv
3742,3,2,1,Reader_1_7.csv
3742,0,0,0,Reader_1_8.csv
3742,3,1,2,Reader_1_9.csv
3742,0,0,0,Reader_2_1.csv
3742,0,0,0,Reader_2_10.csv
3742,0,0,0,Reader_2_11.csv
3742,1,1,0,Reader_2_12.csv
3742,0,0,0,Reader_2_2.csv
3742,0,0,0,Reader_2_3.csv
3742,0,0,0,Reader_2_4.csv
3742,1,1,0,Reader_2_5.csv
3742,0,0,0,Reader_2_6.csv
3742,0,0,0,Reader_2_7.csv
3742,0,0,0,Reader_2_8.csv
3742,1,0,1,Reader_2_9.csv
3742,3,2,1,reader_3_1.csv
3742,1,0,1,Reader_3_2.csv
3742,6,4,2,Reader_3_3.csv
3742,6,4,2,Reader_3_4.csv
3742,3,2,1,Reader_3_5.csv
3742,3,3,0,Reader_3_6.csv
3742,2,2,0,Reader_3_7.csv
3743,3,2,1,Reader_1_1.csv
3743,0,0,0,Reader_1_10.csv
3743,3,1,2,Reader_1_11.csv
3743,2,2,0,Reader_1_12.csv
3743,5,3,2,Reader_1_2.csv
3743,3,3,0,Reader_1_3.csv
3743,0,0,0,Reader_1_4.csv
3743,3,2,1,Reader_1_5.csv
3743,0,0,0,Reader_1_6.csv
3743,2,2,0,Reader_1_7.csv
3743,0,0,0,Reader_1_8.csv
3743,3,1,2,Reader_1_9.csv
3743,1,1,0,Reader_2_1.csv
3743,0,0,0,Reader_2_10.csv
3743,0,0,0,Reader_2_11.csv
3743,1,1,0,Reader_2_12.csv
3743,1,0,1,Reader_2_2.csv
3743,0,0,0,Reader_2_3.csv
3743,0,0,0,Reader_2_4.csv
3743,1,1,0,Reader_2_5.csv
3743,0,0,0,Reader_2_6.csv
3743,0,0,0,Reader_2_7.csv
3743,0,0,0,Reader_2_8.csv
3743,1,0,1,Reader_2_9.csv
3743,3,2,1,reader_3_1.csv
3743,1,0,1,Reader_3_2.csv
3743,7,4,3,Reader_3_3.csv
3743,7,4,3,Reader_3_4.csv
3743,4,3,1,Reader_3_5.csv
3743,3,3,0,Reader_3_6.csv
3743,2,2,0,Reader_3_7.csv
3744,2,1,1,Reader_1_1.csv
3744,0,0,0,Reader_1_10.csv
3744,3,1,2,Reader_1_11.csv
3744,2,2,0,Reader_1_12.csv
3744,5,3,2,Reader_1_2.csv
3744,3,3,0,Reader_1_3.csv
3744,0,0,0,Reader_1_4.csv
3744,3,2,1,Reader_1_5.csv
3744,0,0,0,Reader_1_6.csv
3744,2,2,0,Reader_1_7.csv
3744,0,0,0,Reader_1_8.csv
3744,3,1,2,Reader_1_9.csv
3744,1,1,0,Reader_2_1.csv
3744,0,0,0,Reader_2_10.csv
3744,0,0,0,Reader_2_11.csv
3744,1,1,0,Reader_2_12.csv
3744,3,2,1,Reader_2_2.csv
3744,0,0,0,Reader_2_3.csv
3744,0,0,0,Reader_2_4.csv
3744,1,1,0,Reader_2_5.csv
3744,0,0,0,Reader_2_6.csv
3744,0,0,0,Reader_2_7.csv
3744,0,0,0,Reader_2_8.csv
3744,1,0,1,Reader_2_9.csv
3744,3,2,1,reader_3_1.csv
3744,2,1,1,Reader_3_2.csv
3744,7,4,3,Reader_3_3.csv
3744,7,4,3,Reader_3_4.csv
3744,4,3,1,Reader_3_5.csv
3744,4,4,0,Reader_3_6.csv
3744,2,2,0,Reader_3_7.csv
3745,2,1,1,Reader_1_1.csv
3745,0,0,0,Reader_1_10.csv
3745,4,2,2,Reader_1_11.csv
3745,2,2,0,Reader_1_12.csv
3745,5,3,2,Reader_1_2.csv
3745,2,2,0,Reader_1_3.csv
3745,0,0,0,Reader_1_4.csv
3745,1,1,0,Reader_1_5.csv
3745,0,0,0,Reader_1_6.csv
3745,3,2,1,Reader_1_7.csv
3745,0,0,0,Reader_1_8.csv
3745,2,1,1,Reader_1_9.csv
3745,1,1,0,Reader_2_1.csv
3745,0,0,0,Reader_2_10.csv
3745,1,0,1,Reader_2_11.csv
3745,1,1,0,Reader_2_12.csv
3745,3,2,1,Reader_2_2.csv
3745,0,0,0,Reader_2_3.csv
3745,0,0,0,Reader_2_4.csv
3745,1,1,0,Reader_2_5.csv
3745,0,0,0,Reader_2_6.csv
3745,0,0,0,Reader_2_7.csv
3745,0,0,0,Reader_2_8.csv
3745,1,0,1,Reader_2_9.csv
3745,2,1,1,reader_3_1.csv
3745,3,1,2,Reader_3_2.csv
3745,6,3,3,Reader_3_3.csv
3745,6,3,3,Reader_3_4.csv
3745,3,3,0,Reader_3_5.csv
3745,3,3,0,Reader_3_6.csv
3745,3,3,0,Reader_3_7.csv
3746,3,2,1,Reader_1_1.csv
3746,0,0,0,Reader_1_10.csv
3746,2,2,0,Reader_1_11.csv
3746,2,2,0,Reader_1_12.csv
3746,5,3,2,Reader_1_2.csv
3746,3,3,0,Reader_1_3.csv
3746,0,0,0,Reader_1_4.csv
3746,1,1,0,Reader_1_5.csv
3746,0,0,0,Reader_1_6.csv
3746,2,1,1,Reader_1_7.csv
3746,0,0,0,Reader_1_8.csv
3746,2,1,1,Reader_1_9.csv
3746,1,1,0,Reader_2_1.csv
3746,0,0,0,Reader_2_10.csv
3746,1,0,1,Reader_2_11.csv
3746,1,1,0,Reader_2_12.csv
3746,3,2,1,Reader_2_2.csv
3746,0,0,0,Reader_2_3.csv
3746,0,0,0,Reader_2_4.csv
3746,0,0,0,Reader_2_5.csv
3746,0,0,0,Reader_2_6.csv
3746,0,0,0,Reader_2_7.csv
3746,0,0,0,Reader_2_8.csv
3746,1,0,1,Reader_2_9.csv
3746,2,1,1,reader_3_1.csv
3746,3,1,2,Reader_3_2.csv
3746,6,3,3,Reader_3_3.csv
3746,6,3,3,Reader_3_4.csv
3746,4,4,0,Reader_3_5.csv
3746,2,2,0,Reader_3_6.csv
3746,3,3,0,Reader_3_7.csv
3747,3,2,1,Reader_1_1.csv
3747,0,0,0,Reader_1_10.csv
3747,2,2,0,Reader_1_11.csv
3747,3,3,0,Reader_1_12.csv
3747,5,4,1,Reader_1_2.csv
3747,3,3,0,Reader_1_3.csv
3747,0,0,0,Reader_1_4.csv
3747,0,0,0,Reader_1_5.csv
3747,0,0,0,Reader_1_6.csv
3747,2,1,1,Reader_1_7.csv
3747,1,1,0,Reader_1_8.csv
3747,1,0,1,Reader_1_9.csv
3747,2,1,1,Reader_2_1.csv
3747,0,0,0,Reader_2_10.csv
3747,1,0,1,Reader_2_11.csv
3747,0,0,0,Reader_2_12.csv
3747,4,3,1,Reader_2_2.csv
3747,0,0,0,Reader_2_3.csv
3747,0,0,0,Reader_2_4.csv
3747,0,0,0,Reader_2_5.csv
3747,0,0,0,Reader_2_6.csv
3747,0,0,0,Reader_2_7.csv
3747,0,0,0,Reader_2_8.csv
3747,0,0,0,Reader_2_9.csv
3747,2,1,1,reader_3_1.csv
3747,8,4,4,Reader_3_2.csv
3747,5,2,3,Reader_3_3.csv
3747,5,2,3,Reader_3_4.csv
3747,3,3,0,Reader_3_5.csv
3747,2,2,0,Reader_3_6.csv
3747,2,2,0,Reader_3_7.csv
3748,5,3,2,Reader_1_1.csv
3748,0,0,0,Reader_1_10.csv
3748,2,2,0,Reader_1_11.csv
3748,4,4,0,Reader_1_12.csv
3748,4,3,1,Reader_1_2.csv
3748,2,2,0,Reader_1_3.csv
3748,0,0,0,Reader_1_4.csv
3748,2,2,0,Reader_1_5.csv
3748,0,0,0,Reader_1_6.csv
3748,2,1,1,Reader_1_7.csv
3748,1,1,0,Reader_1_8.csv
3748,0,0,0,Reader_1_9.csv
3748,2,1,1,Reader_2_1.csv
3748,0,0,0,Reader_2_10.csv
3748,1,0,1,Reader_2_11.csv
3748,0,0,0,Reader_2_12.csv
3748,4,3,1,Reader_2_2.csv
3748,0,0,0,Reader_2_3.csv
3748,0,0,0,Reader_2_4.csv
3748,0,0,0,Reader_2_5.csv
3748,0,0,0,Reader_2_6.csv
3748,0,0,0,Reader_2_7.csv
3748,0,0,0,Reader_2_8.csv
3748,0,0,0,Reader_2_9.csv
3748,3,2,1,reader_3_1.csv
3748,10,6,4,Reader_3_2.csv
3748,7,4,3,Reader_3_3.csv
3748,7,4,3,Reader_3_4.csv
3748,3,3,0,Reader_3_5.csv
3748,1,1,0,Reader_3_6.csv
3748,2,2,0,Reader_3_7.csv
3749,5,3,2,Reader_1_1.csv
3749,0,0,0,Reader_1_10.csv
3749,2,2,0,Reader_1_11.csv
3749,3,3,0,Reader_1_12.csv
3749,3,2,1,Reader_1_2.csv
3749,1,1,0,Reader_1_3.csv
3749,0,0,0,Reader_1_4.csv
3749,3,3,0,Reader_1_5.csv
3749,0,0,0,Reader_1_6.csv
3749,2,1,1,Reader_1_7.csv
3749,1,1,0,Reader_1_8.csv
3749,0,0,0,Reader_1_9.csv
3749,2,1,1,Reader_2_1.csv
3749,0,0,0,Reader_2_10.csv
3749,1,0,1,Reader_2_11.csv
3749,0,0,0,Reader_2_12.csv
3749,4,3,1,Reader_2_2.csv
3749,0,0,0,Reader_2_3.csv
3749,0,0,0,Reader_2_4.csv
3749,0,0,0,Reader_2_5.csv
3749,0,0,0,Reader_2_6.csv
3749,0,0,0,Reader_2_7.csv
3749,0,0,0,Reader_2_8.csv
3749,0,0,0,Reader_2_9.csv
3749,2,1,1,reader_3_1.csv
3749,12,6,6,Reader_3_2.csv
3749,5,3,2,Reader_3_3.csv
3749,5,3,2,Reader_3_4.csv
3749,4,4,0,Reader_3_5.csv
3749,2,2,0,Reader_3_6.csv
3749,3,3,0,Reader_3_7.csv
3750,6,5,1,Reader_1_1.csv
3750,0,0,0,Reader_1_10.csv
3750,2,2,0,Reader_1_11.csv
3750,3,3,0,Reader_1_12.csv
3750,3,2,1,Reader_1_2.csv
3750,1,1,0,Reader_1_3.csv
3750,0,0,0,Reader_1_4.csv
3750,4,4,0,Reader_1_5.csv
3750,0,0,0,Reader_1_6.csv
3750,2,1,1,Reader_1_7.csv
3750,1,1,0,Reader_1_8.csv
3750,0,0,0,Reader_1_9.csv
3750,2,1,1,Reader_2_1.csv
3750,0,0,0,Reader_2_10.csv
3750,1,0,1,Reader_2_11.csv
3750,0,0,0,Reader_2_12.csv
3750,4,3,1,Reader_2_2.csv
3750,0,0,0,Reader_2_3.csv
3750,0,0,0,Reader_2_4.csv
3750,0,0,0,Reader_2_5.csv
3750,0,0,0,Reader_2_6.csv
3750,0,0,0,Reader_2_7.csv
3750,0,0,0,Reader_2_8.csv
3750,0,0,0,Reader_2_9.csv
3750,2,1,1,reader_3_1.csv
3750,12,6,6,Reader_3_2.csv
3750,5,3,2,Reader_3_3.csv
3750,5,3,2,Reader_3_4.csv
3750,4,4,0,Reader_3_5.csv
3750,4,4,0,Reader_3_6.csv
3750,5,5,0,Reader_3_7.csv
3751,9,7,2,Reader_1_1.csv
3751,0,0,0,Reader_1_10.csv
3751,2,1,1,Reader_1_11.csv
3751,3,3,0,Reader_1_12.csv
3751,3,2,1,Reader_1_2.csv
3751,1,1,0,Reader_1_3.csv
3751,0,0,0,Reader_1_4.csv
3751,4,4,0,Reader_1_5.csv
3751,0,0,0,Reader_1_6.csv
3751,2,1,1,Reader_1_7.csv
3751,1,1,0,Reader_1_8.csv
3751,0,0,0,Reader_1_9.csv
3751,1,0,1,Reader_2_1.csv
3751,0,0,0,Reader_2_10.csv
3751,1,0,1,Reader_2_11.csv
3751,0,0,0,Reader_2_12.csv
3751,3,3,0,Reader_2_2.csv
3751,0,0,0,Reader_2_3.csv
3751,0,0,0,Reader_2_4.csv
3751,0,0,0,Reader_2_5.csv
3751,0,0,0,Reader_2_6.csv
3751,0,0,0,Reader_2_7.csv
3751,0,0,0,Reader_2_8.csv
3751,0,0,0,Reader_2_9.csv
3751,3,2,1,reader_3_1.csv
3751,18,10,8,Reader_3_2.csv
3751,4,3,1,Reader_3_3.csv
3751,4,3,1,Reader_3_4.csv
3751,3,3,0,Reader_3_5.csv
3751,4,4,0,Reader_3_6.csv
3751,5,5,0,Reader_3_7.csv
3752,12,10,2,Reader_1_1.csv
3752,0,0,0,Reader_1_10.csv
3752,2,1,1,Reader_1_11.csv
3752,3,3,0,Reader_1_12.csv
3752,3,2,1,Reader_1_2.csv
3752,1,1,0,Reader_1_3.csv
3752,0,0,0,Reader_1_4.csv
3752,5,5,0,Reader_1_5.csv
3752,0,0,0,Reader_1_6.csv
3752,2,1,1,Reader_1_7.csv
3752,1,1,0,Reader_1_8.csv
3752,0,0,0,Reader_1_9.csv
3752,1,0,1,Reader_2_1.csv
3752,0,0,0,Reader_2_10.csv
3752,1,0,1,Reader_2_11.csv
3752,0,0,0,Reader_2_12.csv
3752,1,1,0,Reader_2_2.csv
3752,0,0,0,Reader_2_3.csv
3752,0,0,0,Reader_2_4.csv
3752,0,0,0,Reader_2_5.csv
3752,0,0,0,Reader_2_6.csv
3752,0,0,0,Reader_2_7.csv
3752,0,0,0,Reader_2_8.csv
3752,0,0,0,Reader_2_9.csv
3752,3,2,1,reader_3_1.csv
3752,19,10,9,Reader_3_2.csv
3752,4,3,1,Reader_3_3.csv
3752,4,3,1,Reader_3_4.csv
3752,3,3,0,Reader_3_5.csv
3752,5,4,1,Reader_3_6.csv
3752,5,5,0,Reader_3_7.csv
3753,13,10,3,Reader_1_1.csv
3753,0,0,0,Reader_1_10.csv
3753,1,0,1,Reader_1_11.csv
3753,3,3,0,Reader_1_12.csv
3753,2,1,1,Reader_1_2.csv
3753,1,1,0,Reader_1_3.csv
3753,0,0,0,Reader_1_4.csv
3753,5,5,0,Reader_1_5.csv
3753,0,0,0,Reader_1_6.csv
3753,1,1,0,Reader_1_7.csv
3753,1,1,0,Reader_1_8.csv
3753,0,0,0,Reader_1_9.csv
3753,1,0,1,Reader_2_1.csv
3753,0,0,0,Reader_2_10.csv
3753,0,0,0,Reader_2_11.csv
3753,0,0,0,Reader_2_12.csv
3753,1,1,0,Reader_2_2.csv
3753,0,0,0,Reader_2_3.csv
3753,0,0,0,Reader_2_4.csv
3753,0,0,0,Reader_2_5.csv
3753,0,0,0,Reader_2_6.csv
3753,0,0,0,Reader_2_7.csv
3753,0,0,0,Reader_2_8.csv
3753,0,0,0,Reader_2_9.csv
3753,4,3,1,reader_3_1.csv
3753,21,13,8,Reader_3_2.csv
3753,4,3,1,Reader_3_3.csv
3753,4,3,1,Reader_3_4.csv
3753,2,2,0,Reader_3_5.csv
3753,9,8,1,Reader_3_6.csv
3753,4,4,0,Reader_3_7.csv
3754,16,13,3,Reader_1_1.csv
3754,0,0,0,Reader_1_10.csv
3754,1,0,1,Reader_1_11.csv
3754,3,3,0,Reader_1_12.csv
3754,3,2,1,Reader_1_2.csv
3754,0,0,0,Reader_1_3.csv
3754,0,0,0,Reader_1_4.csv
3754,5,5,0,Reader_1_5.csv
3754,0,0,0,Reader_1_6.csv
3754,1,1,0,Reader_1_7.csv
3754,1,1,0,Reader_1_8.csv
3754,0,0,0,Reader_1_9.csv
3754,1,0,1,Reader_2_1.csv
3754,0,0,0,Reader_2_10.csv
3754,0,0,0,Reader_2_11.csv
3754,0,0,0,Reader_2_12.csv
3754,1,1,0,Reader_2_2.csv
3754,0,0,0,Reader_2_3.csv
3754,0,0,0,Reader_2_4.csv
3754,0,0,0,Reader_2_5.csv
3754,0,0,0,Reader_2_6.csv
3754,0,0,0,Reader_2_7.csv
3754,0,0,0,Reader_2_8.csv
3754,0,0,0,Reader_2_9.csv
3754,4,3,1,reader_3_1.csv
3754,21,13,8,Reader_3_2.csv
3754,4,3,1,Reader_3_3.csv
3754,4,3,1,Reader_3_4.csv
3754,1,1,0,Reader_3_5.csv
3754,12,11,1,Reader_3_6.csv
3754,4,4,0,Reader_3_7.csv
3755,20,17,3,Reader_1_1.csv
3755,0,0,0,Reader_1_10.csv
3755,1,0,1,Reader_1_11.csv
3755,2,2,0,Reader_1_12.csv
3755,2,1,1,Reader_1_2.csv
3755,0,0,0,Reader_1_3.csv
3755,0,0,0,Reader_1_4.csv
3755,6,5,1,Reader_1_5.csv
3755,0,0,0,Reader_1_6.csv
3755,1,1,0,Reader_1_7.csv
3755,0,0,0,Reader_1_8.csv
3755,0,0,0,Reader_1_9.csv
3755,0,0,0,Reader_2_1.csv
3755,0,0,0,Reader_2_10.csv
3755,0,0,0,Reader_2_11.csv
3755,0,0,0,Reader_2_12.csv
3755,1,1,0,Reader_2_2.csv
3755,0,0,0,Reader_2_3.csv
3755,0,0,0,Reader_2_4.csv
3755,0,0,0,Reader_2_5.csv
3755,0,0,0,Reader_2_6.csv
3755,0,0,0,Reader_2_7.csv
3755,0,0,0,Reader_2_8.csv
3755,0,0,0,Reader_2_9.csv
3755,5,4,1,reader_3_1.csv
3755,20,12,8,Reader_3_2.csv
3755,4,3,1,Reader_3_3.csv
3755,4,3,1,Reader_3_4.csv
3755,2,2,0,Reader_3_5.csv
3755,14,13,1,Reader_3_6.csv
3755,4,4,0,Reader_3_7.csv
3756,19,16,3,Reader_1_1.csv
3756,0,0,0,Reader_1_10.csv
3756,1,0,1,Reader_1_11.csv
3756,1,1,0,Reader_1_12.csv
3756,2,1,1,Reader_1_2.csv
3756,0,0,0,Reader_1_3.csv
3756,0,0,0,Reader_1_4.csv
3756,4,3,1,Reader_1_5.csv
3756,0,0,0,Reader_1_6.csv
3756,1,1,0,Reader_1_7.csv
3756,0,0,0,Reader_1_8.csv
3756,0,0,0,Reader_1_9.csv
3756,1,0,1,Reader_2_1.csv
3756,0,0,0,Reader_2_10.csv
3756,0,0,0,Reader_2_11.csv
3756,0,0,0,Reader_2_12.csv
3756,1,1,0,Reader_2_2.csv
3756,0,0,0,Reader_2_3.csv
3756,0,0,0,Reader_2_4.csv
3756,0,0,0,Reader_2_5.csv
3756,0,0,0,Reader_2_6.csv
3756,0,0,0,Reader_2_7.csv
3756,0,0,0,Reader_2_8.csv
3756,0,0,0,Reader_2_9.csv
3756,5,4,1,reader_3_1.csv
3756,20,11,9,Reader_3_2.csv
3756,2,1,1,Reader_3_3.csv
3756,2,1,1,Reader_3_4.csv
3756,3,3,0,Reader_3_5.csv
3756,17,16,1,Reader_3_6.csv
3756,3,3,0,Reader_3_7.csv
3757,21,17,4,Reader_1_1.csv
3757,0,0,0,Reader_1_10.csv
3757,1,0,1,Reader_1_11.csv
3757,1,1,0,Reader_1_12.csv
3757,4,3,1,Reader_1_2.csv
3757,0,0,0,Reader_1_3.csv
3757,0,0,0,Reader_1_4.csv
3757,4,2,2,Reader_1_5.csv
3757,0,0,0,Reader_1_6.csv
3757,2,2,0,Reader_1_7.csv
3757,0,0,0,Reader_1_8.csv
3757,0,0,0,Reader_1_9.csv
3757,1,0,1,Reader_2_1.csv
3757,0,0,0,Reader_2_10.csv
3757,0,0,0,Reader_2_11.csv
3757,0,0,0,Reader_2_12.csv
3757,1,1,0,Reader_2_2.csv
3757,0,0,0,Reader_2_3.csv
3757,0,0,0,Reader_2_4.csv
3757,0,0,0,Reader_2_5.csv
3757,0,0,0,Reader_2_6.csv
3757,0,0,0,Reader_2_7.csv
3757,0,0,0,Reader_2_8.csv
3757,0,0,0,Reader_2_9.csv
3757,4,4,0,reader_3_1.csv
3757,20,12,8,Reader_3_2.csv
3757,1,0,1,Reader_3_3.csv
3757,1,0,1,Reader_3_4.csv
3757,4,4,0,Reader_3_5.csv
3757,17,16,1,Reader_3_6.csv
3757,3,3,0,Reader_3_7.csv
3758,21,17,4,Reader_1_1.csv
3758,0,0,0,Reader_1_10.csv
3758,3,2,1,Reader_1_11.csv
3758,0,0,0,Reader_1_12.csv
3758,5,4,1,Reader_1_2.csv
3758,0,0,0,Reader_1_3.csv
3758,0,0,0,Reader_1_4.csv
3758,3,1,2,Reader_1_5.csv
3758,1,1,0,Reader_1_6.csv
3758,1,1,0,Reader_1_7.csv
3758,0,0,0,Reader_1_8.csv
3758,0,0,0,Reader_1_9.csv
3758,1,0,1,Reader_2_1.csv
3758,0,0,0,Reader_2_10.csv
3758,0,0,0,Reader_2_11.csv
3758,0,0,0,Reader_2_12.csv
3758,1,1,0,Reader_2_2.csv
3758,0,0,0,Reader_2_3.csv
3758,0,0,0,Reader_2_4.csv
3758,0,0,0,Reader_2_5.csv
3758,0,0,0,Reader_2_6.csv
3758,0,0,0,Reader_2_7.csv
3758,0,0,0,Reader_2_8.csv
3758,0,0,0,Reader_2_9.csv
3758,8,8,0,reader_3_1.csv
3758,21,14,7,Reader_3_2.csv
3758,0,0,0,Reader_3_3.csv
3758,0,0,0,Reader_3_4.csv
3758,4,4,0,Reader_3_5.csv
3758,25,22,3,Reader_3_6.csv
3758,1,1,0,Reader_3_7.csv
3759,19,16,3,Reader_1_1.csv
3759,1,1,0,Reader_1_10.csv
3759,2,2,0,Reader_1_11.csv
3759,0,0,0,Reader_1_12.csv
3759,5,4,1,Reader_1_2.csv
3759,0,0,0,Reader_1_3.csv
3759,0,0,0,Reader_1_4.csv
3759,3,1,2,Reader_1_5.csv
3759,1,1,0,Reader_1_6.csv
3759,2,2,0,Reader_1_7.csv
3759,0,0,0,Reader_1_8.csv
3759,0,0,0,Reader_1_9.csv
3759,1,0,1,Reader_2_1.csv
3759,0,0,0,Reader_2_10.csv
3759,0,0,0,Reader_2_11.csv
3759,0,0,0,Reader_2_12.csv
3759,1,1,0,Reader_2_2.csv
3759,0,0,0,Reader_2_3.csv
3759,0,0,0,Reader_2_4.csv
3759,0,0,0,Reader_2_5.csv
3759,0,0,0,Reader_2_6.csv
3759,0,0,0,Reader_2_7.csv
3759,0,0,0,Reader_2_8.csv
3759,0,0,0,Reader_2_9.csv
3759,7,7,0,reader_3_1.csv
3759,16,11,5,Reader_3_2.csv
3759,0,0,0,Reader_3_3.csv
3759,0,0,0,Reader_3_4.csv
3759,5,5,0,Reader_3_5.csv
3759,26,23,3,Reader_3_6.csv
3759,1,1,0,Reader_3_7.csv
3760,15,12,3,Reader_1_1.csv
3760,1,1,0,Reader_1_10.csv
3760,3,2,1,Reader_1_11.csv
3760,0,0,0,Reader_1_12.csv
3760,7,6,1,Reader_1_2.csv
3760,0,0,0,Reader_1_3.csv
3760,0,0,0,Reader_1_4.csv
3760,3,1,2,Reader_1_5.csv
3760,1,1,0,Reader_1_6.csv
3760,2,2,0,Reader_1_7.csv
3760,0,0,0,Reader_1_8.csv
3760,0,0,0,Reader_1_9.csv
3760,1,0,1,Reader_2_1.csv
3760,0,0,0,Reader_2_10.csv
3760,0,0,0,Reader_2_11.csv
3760,0,0,0,Reader_2_12.csv
3760,1,1,0,Reader_2_2.csv
3760,0,0,0,Reader_2_3.csv
3760,0,0,0,Reader_2_4.csv
3760,0,0,0,Reader_2_5.csv
3760,0,0,0,Reader_2_6.csv
3760,0,0,0,Reader_2_7.csv
3760,0,0,0,Reader_2_8.csv
3760,0,0,0,Reader_2_9.csv
3760,8,8,0,reader_3_1.csv
3760,15,11,4,Reader_3_2.csv
3760,0,0,0,Reader_3_3.csv
3760,0,0,0,Reader_3_4.csv
3760,7,6,1,Reader_3_5.csv
3760,25,23,2,Reader_3_6.csv
3760,2,2,0,Reader_3_7.csv
3761,16,14,2,Reader_1_1.csv
3761,1,1,0,Reader_1_10.csv
3761,3,2,1,Reader_1_11.csv
3761,1,1,0,Reader_1_12.csv
3761,6,6,0,Reader_1_2.csv
3761,1,1,0,Reader_1_3.csv
3761,0,0,0,Reader_1_4.csv
3761,4,2,2,Reader_1_5.csv
3761,1,1,0,Reader_1_6.csv
3761,2,2,0,Reader_1_7.csv
3761,0,0,0,Reader_1_8.csv
3761,0,0,0,Reader_1_9.csv
3761,1,0,1,Reader_2_1.csv
3761,0,0,0,Reader_2_10.csv
3761,0,0,0,Reader_2_11.csv
3761,0,0,0,Reader_2_12.csv
3761,1,1,0,Reader_2_2.csv
3761,0,0,0,Reader_2_3.csv
3761,0,0,0,Reader_2_4.csv
3761,0,0,0,Reader_2_5.csv
3761,0,0,0,Reader_2_6.csv
3761,0,0,0,Reader_2_7.csv
3761,0,0,0,Reader_2_8.csv
3761,0,0,0,Reader_2_9.csv
3761,8,8,0,reader_3_1.csv
3761,15,10,5,Reader_3_2.csv
3761,2,2,0,Reader_3_3.csv
3761,2,2,0,Reader_3_4.csv
3761,9,8,1,Reader_3_5.csv
3761,23,20,3,Reader_3_6.csv
3761,3,3,0,Reader_3_7.csv
3762,12,10,2,Reader_1_1.csv
3762,1,1,0,Reader_1_10.csv
3762,3,2,1,Reader_1_11.csv
3762,1,1,0,Reader_1_12.csv
3762,6,6,0,Reader_1_2.csv
3762,1,1,0,Reader_1_3.csv
3762,0,0,0,Reader_1_4.csv
3762,4,2,2,Reader_1_5.csv
3762,1,1,0,Reader_1_6.csv
3762,2,2,0,Reader_1_7.csv
3762,0,0,0,Reader_1_8.csv
3762,0,0,0,Reader_1_9.csv
3762,1,0,1,Reader_2_1.csv
3762,0,0,0,Reader_2_10.csv
3762,0,0,0,Reader_2_11.csv
3762,0,0,0,Reader_2_12.csv
3762,1,1,0,Reader_2_2.csv
3762,0,0,0,Reader_2_3.csv
3762,0,0,0,Reader_2_4.csv
3762,0,0,0,Reader_2_5.csv
3762,0,0,0,Reader_2_6.csv
3762,0,0,0,Reader_2_7.csv
3762,0,0,0,Reader_2_8.csv
3762,0,0,0,Reader_2_9.csv
3762,9,9,0,reader_3_1.csv
3762,18,12,6,Reader_3_2.csv
3762,3,3,0,Reader_3_3.csv
3762,3,3,0,Reader_3_4.csv
3762,9,8,1,Reader_3_5.csv
3762,21,18,3,Reader_3_6.csv
3762,3,3,0,Reader_3_7.csv
3763,10,8,2,Reader_1_1.csv
3763,1,1,0,Reader_1_10.csv
3763,3,2,1,Reader_1_11.csv
3763,2,2,0,Reader_1_12.csv
3763,7,6,1,Reader_1_2.csv
3763,1,1,0,Reader_1_3.csv
3763,0,0,0,Reader_1_4.csv
3763,3,2,1,Reader_1_5.csv
3763,1,1,0,Reader_1_6.csv
3763,2,2,0,Reader_1_7.csv
3763,0,0,0,Reader_1_8.csv
3763,0,0,0,Reader_1_9.csv
3763,1,0,1,Reader_2_1.csv
3763,0,0,0,Reader_2_10.csv
3763,0,0,0,Reader_2_11.csv
3763,0,0,0,Reader_2_12.csv
3763,0,0,0,Reader_2_2.csv
3763,0,0,0,Reader_2_3.csv
3763,0,0,0,Reader_2_4.csv
3763,0,0,0,Reader_2_5.csv
3763,0,0,0,Reader_2_6.csv
3763,0,0,0,Reader_2_7.csv
3763,0,0,0,Reader_2_8.csv
3763,0,0,0,Reader_2_9.csv
3763,8,8,0,reader_3_1.csv
3763,14,10,4,Reader_3_2.csv
3763,3,3,0,Reader_3_3.csv
3763,3,3,0,Reader_3_4.csv
3763,9,8,1,Reader_3_5.csv
3763,21,18,3,Reader_3_6.csv
3763,4,3,1,Reader_3_7.csv
3764,10,9,1,Reader_1_1.csv
3764,1,1,0,Reader_1_10.csv
3764,4,2,2,Reader_1_11.csv
3764,2,2,0,Reader_1_12.csv
3764,7,6,1,Reader_1_2.csv
3764,1,1,0,Reader_1_3.csv
3764,0,0,0,Reader_1_4.csv
3764,4,3,1,Reader_1_5.csv
3764,1,1,0,Reader_1_6.csv
3764,2,2,0,Reader_1_7.csv
3764,0,0,0,Reader_1_8.csv
3764,0,0,0,Reader_1_9.csv
3764,0,0,0,Reader_2_1.csv
3764,0,0,0,Reader_2_10.csv
3764,0,0,0,Reader_2_11.csv
3764,0,0,0,Reader_2_12.csv
3764,0,0,0,Reader_2_2.csv
3764,0,0,0,Reader_2_3.csv
3764,0,0,0,Reader_2_4.csv
3764,0,0,0,Reader_2_5.csv
3764,0,0,0,Reader_2_6.csv
3764,0,0,0,Reader_2_7.csv
3764,0,0,0,Reader_2_8.csv
3764,0,0,0,Reader_2_9.csv
3764,9,9,0,reader_3_1.csv
3764,13,9,4,Reader_3_2.csv
3764,3,3,0,Reader_3_3.csv
3764,3,3,0,Reader_3_4.csv
3764,8,7,1,Reader_3_5.csv
3764,19,16,3,Reader_3_6.csv
3764,5,3,2,Reader_3_7.csv
3765,9,9,0,Reader_1_1.csv
3765,1,1,0,Reader_1_10.csv
3765,5,3,2,Reader_1_11.csv
3765,2,2,0,Reader_1_12.csv
3765,5,4,1,Reader_1_2.csv
3765,1,1,0,Reader_1_3.csv
3765,0,0,0,Reader_1_4.csv
3765,3,3,0,Reader_1_5.csv
3765,1,1,0,Reader_1_6.csv
3765,1,1,0,Reader_1_7.csv
3765,0,0,0,Reader_1_8.csv
3765,0,0,0,Reader_1_9.csv
3765,0,0,0,Reader_2_1.csv
3765,0,0,0,Reader_2_10.csv
3765,0,0,0,Reader_2_11.csv
3765,0,0,0,Reader_2_12.csv
3765,1,1,0,Reader_2_2.csv
3765,0,0,0,Reader_2_3.csv
3765,0,0,0,Reader_2_4.csv
3765,0,0,0,Reader_2_5.csv
3765,0,0,0,Reader_2_6.csv
3765,0,0,0,Reader_2_7.csv
3765,0,0,0,Reader_2_8.csv
3765,0,0,0,Reader_2_9.csv
3765,10,10,0,reader_3_1.csv
3765,12,9,3,Reader_3_2.csv
3765,4,4,0,Reader_3_3.csv
3765,4,4,0,Reader_3_4.csv
3765,6,5,1,Reader_3_5.csv
3765,19,16,3,Reader_3_6.csv
3765,4,2,2,Reader_3_7.csv
3766,9,9,0,Reader_1_1.csv
3766,1,1,0,Reader_1_10.csv
3766,3,1,2,Reader_1_11.csv
3766,2,2,0,Reader_1_12.csv
3766,4,3,1,Reader_1_2.csv
3766,2,2,0,Reader_1_3.csv
3766,0,0,0,Reader_1_4.csv
3766,3,3,0,Reader_1_5.csv
3766,0,0,0,Reader_1_6.csv
3766,1,1,0,Reader_1_7.csv
3766,0,0,0,Reader_1_8.csv
3766,0,0,0,Reader_1_9.csv
3766,0,0,0,Reader_2_1.csv
3766,0,0,0,Reader_2_10.csv
3766,0,0,0,Reader_2_11.csv
3766,0,0,0,Reader_2_12.csv
3766,1,1,0,Reader_2_2.csv
3766,0,0,0,Reader_2_3.csv
3766,0,0,0,Reader_2_4.csv
3766,0,0,0,Reader_2_5.csv
3766,0,0,0,Reader_2_6.csv
3766,0,0,0,Reader_2_7.csv
3766,0,0,0,Reader_2_8.csv
3766,0,0,0,Reader_2_9.csv
3766,6,6,0,reader_3_1.csv
3766,11,8,3,Reader_3_2.csv
3766,4,4,0,Reader_3_3.csv
3766,4,4,0,Reader_3_4.csv
3766,6,5,1,Reader_3_5.csv
3766,9,8,1,Reader_3_6.csv
3766,5,3,2,Reader_3_7.csv
3767,9,9,0,Reader_1_1.csv
3767,0,0,0,Reader_1_10.csv
3767,5,1,4,Reader_1_11.csv
3767,2,2,0,Reader_1_12.csv
3767,4,3,1,Reader_1_2.csv
3767,2,2,0,Reader_1_3.csv
3767,0,0,0,Reader_1_4.csv
3767,3,3,0,Reader_1_5.csv
3767,0,0,0,Reader_1_6.csv
3767,2,2,0,Reader_1_7.csv
3767,0,0,0,Reader_1_8.csv
3767,0,0,0,Reader_1_9.csv
3767,0,0,0,Reader_2_1.csv
3767,0,0,0,Reader_2_10.csv
3767,0,0,0,Reader_2_11.csv
3767,0,0,0,Reader_2_12.csv
3767,1,1,0,Reader_2_2.csv
3767,0,0,0,Reader_2_3.csv
3767,0,0,0,Reader_2_4.csv
3767,0,0,0,Reader_2_5.csv
3767,0,0,0,Reader_2_6.csv
3767,0,0,0,Reader_2_7.csv
3767,0,0,0,Reader_2_8.csv
3767,0,0,0,Reader_2_9.csv
3767,7,7,0,reader_3_1.csv
3767,11,7,4,Reader_3_2.csv
3767,4,4,0,Reader_3_3.csv
3767,4,4,0,Reader_3_4.csv
3767,5,4,1,Reader_3_5.csv
3767,9,8,1,Reader_3_6.csv
3767,5,3,2,Reader_3_7.csv
3768,9,9,0,Reader_1_1.csv
3768,0,0,0,Reader_1_10.csv
3768,4,1,3,Reader_1_11.csv
3768,2,2,0,Reader_1_12.csv
3768,2,1,1,Reader_1_2.csv
3768,2,2,0,Reader_1_3.csv
3768,0,0,0,Reader_1_4.csv
3768,3,3,0,Reader_1_5.csv
3768,0,0,0,Reader_1_6.csv
3768,2,2,0,Reader_1_7.csv
3768,1,1,0,Reader_1_8.csv
3768,1,0,1,Reader_1_9.csv
3768,0,0,0,Reader_2_1.csv
3768,0,0,0,Reader_2_10.csv
3768,0,0,0,Reader_2_11.csv
3768,0,0,0,Reader_2_12.csv
3768,1,1,0,Reader_2_2.csv
3768,0,0,0,Reader_2_3.csv
3768,0,0,0,Reader_2_4.csv
3768,0,0,0,Reader_2_5.csv
3768,0,0,0,Reader_2_6.csv
3768,0,0,0,Reader_2_7.csv
3768,0,0,0,Reader_2_8.csv
3768,0,0,0,Reader_2_9.csv
3768,6,6,0,reader_3_1.csv
3768,10,6,4,Reader_3_2.csv
3768,4,4,0,Reader_3_3.csv
3768,4,4,0,Reader_3_4.csv
3768,3,3,0,Reader_3_5.csv
3768,8,7,1,Reader_3_6.csv
3768,5,3,2,Reader_3_7.csv
3769,11,11,0,Reader_1_1.csv
3769,0,0,0,Reader_1_10.csv
3769,5,1,4,Reader_1_11.csv
3769,1,1,0,Reader_1_12.csv
3769,2,1,1,Reader_1_2.csv
3769,1,1,0,Reader_1_3.csv
3769,0,0,0,Reader_1_4.csv
3769,2,2,0,Reader_1_5.csv
3769,0,0,0,Reader_1_6.csv
3769,2,2,0,Reader_1_7.csv
3769,1,1,0,Reader_1_8.csv
3769,1,0,1,Reader_1_9.csv
3769,0,0,0,Reader_2_1.csv
3769,0,0,0,Reader_2_10.csv
3769,0,0,0,Reader_2_11.csv
3769,0,0,0,Reader_2_12.csv
3769,1,1,0,Reader_2_2.csv
3769,0,0,0,Reader_2_3.csv
3769,0,0,0,Reader_2_4.csv
3769,0,0,0,Reader_2_5.csv
3769,0,0,0,Reader_2_6.csv
3769,0,0,0,Reader_2_7.csv
3769,0,0,0,Reader_2_8.csv
3769,0,0,0,Reader_2_9.csv
3769,5,5,0,reader_3_1.csv
3769,9,6,3,Reader_3_2.csv
3769,2,2,0,Reader_3_3.csv
3769,2,2,0,Reader_3_4.csv
3769,2,2,0,Reader_3_5.csv
3769,7,7,0,Reader_3_6.csv
3769,4,2,2,Reader_3_7.csv
3770,13,12,1,Reader_1_1.csv
3770,0,0,0,Reader_1_10.csv
3770,5,1,4,Reader_1_11.csv
3770,1,1,0,Reader_1_12.csv
3770,1,0,1,Reader_1_2.csv
3770,1,1,0,Reader_1_3.csv
3770,0,0,0,Reader_1_4.csv
3770,2,2,0,Reader_1_5.csv
3770,0,0,0,Reader_1_6.csv
3770,2,2,0,Reader_1_7.csv
3770,1,1,0,Reader_1_8.csv
3770,1,0,1,Reader_1_9.csv
3770,1,1,0,Reader_2_1.csv
3770,0,0,0,Reader_2_10.csv
3770,0,0,0,Reader_2_11.csv
3770,0,0,0,Reader_2_12.csv
3770,1,1,0,Reader_2_2.csv
3770,0,0,0,Reader_2_3.csv
3770,0,0,0,Reader_2_4.csv
3770,0,0,0,Reader_2_5.csv
3770,0,0,0,Reader_2_6.csv
3770,0,0,0,Reader_2_7.csv
3770,0,0,0,Reader_2_8.csv
3770,0,0,0,Reader_2_9.csv
3770,4,4,0,reader_3_1.csv
3770,7,4,3,Reader_3_2.csv
3770,1,1,0,Reader_3_3.csv
3770,1,1,0,Reader_3_4.csv
3770,2,2,0,Reader_3_5.csv
3770,6,6,0,Reader_3_6.csv
3770,4,2,2,Reader_3_7.csv
3771,12,11,1,Reader_1_1.csv
3771,0,0,0,Reader_1_10.csv
3771,5,1,4,Reader_1_11.csv
3771,0,0,0,Reader_1_12.csv
3771,0,0,0,Reader_1_2.csv
3771,1,1,0,Reader_1_3.csv
3771,0,0,0,Reader_1_4.csv
3771,3,3,0,Reader_1_5.csv
3771,0,0,0,Reader_1_6.csv
3771,2,2,0,Reader_1_7.csv
3771,1,1,0,Reader_1_8.csv
3771,1,0,1,Reader_1_9.csv
3771,1,1,0,Reader_2_1.csv
3771,0,0,0,Reader_2_10.csv
3771,0,0,0,Reader_2_11.csv
3771,1,0,1,Reader_2_12.csv
3771,1,1,0,Reader_2_2.csv
3771,0,0,0,Reader_2_3.csv
3771,0,0,0,Reader_2_4.csv
3771,1,0,1,Reader_2_5.csv
3771,0,0,0,Reader_2_6.csv
3771,0,0,0,Reader_2_7.csv
3771,0,0,0,Reader_2_8.csv
3771,0,0,0,Reader_2_9.csv
3771,4,4,0,reader_3_1.csv
3771,7,4,3,Reader_3_2.csv
3771,1,1,0,Reader_3_3.csv
3771,1,1,0,Reader_3_4.csv
3771,1,1,0,Reader_3_5.csv
3771,4,4,0,Reader_3_6.csv
3771,4,2,2,Reader_3_7.csv
3772,11,10,1,Reader_1_1.csv
3772,0,0,0,Reader_1_10.csv
3772,4,1,3,Reader_1_11.csv
3772,0,0,0,Reader_1_12.csv
3772,0,0,0,Reader_1_2.csv
3772,1,1,0,Reader_1_3.csv
3772,0,0,0,Reader_1_4.csv
3772,2,2,0,Reader_1_5.csv
3772,0,0,0,Reader_1_6.csv
3772,2,2,0,Reader_1_7.csv
3772,2,2,0,Reader_1_8.csv
3772,1,0,1,Reader_1_9.csv
3772,1,1,0,Reader_2_1.csv
3772,0,0,0,Reader_2_10.csv
3772,0,0,0,Reader_2_11.csv
3772,1,0,1,Reader_2_12.csv
3772,1,1,0,Reader_2_2.csv
3772,0,0,0,Reader_2_3.csv
3772,0,0,0,Reader_2_4.csv
3772,2,1,1,Reader_2_5.csv
3772,0,0,0,Reader_2_6.csv
3772,0,0,0,Reader_2_7.csv
3772,0,0,0,Reader_2_8.csv
3772,0,0,0,Reader_2_9.csv
3772,2,2,0,reader_3_1.csv
3772,6,4,2,Reader_3_2.csv
3772,1,1,0,Reader_3_3.csv
3772,1,1,0,Reader_3_4.csv
3772,2,2,0,Reader_3_5.csv
3772,3,3,0,Reader_3_6.csv
3772,3,2,1,Reader_3_7.csv
3773,11,10,1,Reader_1_1.csv
3773,0,0,0,Reader_1_10.csv
3773,3,0,3,Reader_1_11.csv
3773,0,0,0,Reader_1_12.csv
3773,0,0,0,Reader_1_2.csv
3773,1,1,0,Reader_1_3.csv
3773,0,0,0,Reader_1_4.csv
3773,2,2,0,Reader_1_5.csv
3773,0,0,0,Reader_1_6.csv
3773,3,3,0,Reader_1_7.csv
3773,2,2,0,Reader_1_8.csv
3773,1,0,1,Reader_1_9.csv
3773,1,1,0,Reader_2_1.csv
3773,0,0,0,Reader_2_10.csv
3773,0,0,0,Reader_2_11.csv
3773,1,0,1,Reader_2_12.csv
3773,0,0,0,Reader_2_2.csv
3773,0,0,0,Reader_2_3.csv
3773,0,0,0,Reader_2_4.csv
3773,2,1,1,Reader_2_5.csv
3773,0,0,0,Reader_2_6.csv
3773,0,0,0,Reader_2_7.csv
3773,0,0,0,Reader_2_8.csv
3773,0,0,0,Reader_2_9.csv
3773,2,2,0,reader_3_1.csv
3773,5,3,2,Reader_3_2.csv
3773,0,0,0,Reader_3_3.csv
3773,0,0,0,Reader_3_4.csv
3773,2,2,0,Reader_3_5.csv
3773,3,3,0,Reader_3_6.csv
3773,4,3,1,Reader_3_7.csv
3774,11,10,1,Reader_1_1.csv
3774,0,0,0,Reader_1_10.csv
3774,5,2,3,Reader_1_11.csv
3774,0,0,0,Reader_1_12.csv
3774,0,0,0,Reader_1_2.csv
3774,0,0,0,Reader_1_3.csv
3774,0,0,0,Reader_1_4.csv
3774,2,2,0,Reader_1_5.csv
3774,0,0,0,Reader_1_6.csv
3774,5,4,1,Reader_1_7.csv
3774,2,2,0,Reader_1_8.csv
3774,1,0,1,Reader_1_9.csv
3774,1,1,0,Reader_2_1.csv
3774,0,0,0,Reader_2_10.csv
3774,0,0,0,Reader_2_11.csv
3774,1,0,1,Reader_2_12.csv
3774,0,0,0,Reader_2_2.csv
3774,0,0,0,Reader_2_3.csv
3774,0,0,0,Reader_2_4.csv
3774,3,2,1,Reader_2_5.csv
3774,0,0,0,Reader_2_6.csv
3774,0,0,0,Reader_2_7.csv
3774,0,0,0,Reader_2_8.csv
3774,0,0,0,Reader_2_9.csv
3774,2,2,0,reader_3_1.csv
3774,5,2,3,Reader_3_2.csv
3774,2,2,0,Reader_3_3.csv
3774,2,2,0,Reader_3_4.csv
3774,2,2,0,Reader_3_5.csv
3774,3,3,0,Reader_3_6.csv
3774,3,2,1,Reader_3_7.csv
3775,10,9,1,Reader_1_1.csv
3775,0,0,0,Reader_1_10.csv
3775,4,3,1,Reader_1_11.csv
3775,0,0,0,Reader_1_12.csv
3775,1,1,0,Reader_1_2.csv
3775,0,0,0,Reader_1_3.csv
3775,0,0,0,Reader_1_4.csv
3775,3,2,1,Reader_1_5.csv
3775,0,0,0,Reader_1_6.csv
3775,4,3,1,Reader_1_7.csv
3775,2,2,0,Reader_1_8.csv
3775,1,0,1,Reader_1_9.csv
3775,1,1,0,Reader_2_1.csv
3775,0,0,0,Reader_2_10.csv
3775,0,0,0,Reader_2_11.csv
3775,1,0,1,Reader_2_12.csv
3775,0,0,0,Reader_2_2.csv
3775,0,0,0,Reader_2_3.csv
3775,0,0,0,Reader_2_4.csv
3775,3,2,1,Reader_2_5.csv
3775,0,0,0,Reader_2_6.csv
3775,0,0,0,Reader_2_7.csv
3775,0,0,0,Reader_2_8.csv
3775,0,0,0,Reader_2_9.csv
3775,1,1,0,reader_3_1.csv
3775,6,4,2,Reader_3_2.csv
3775,2,2,0,Reader_3_3.csv
3775,2,2,0,Reader_3_4.csv
3775,4,4,0,Reader_3_5.csv
3775,5,5,0,Reader_3_6.csv
3775,3,2,1,Reader_3_7.csv
3776,11,10,1,Reader_1_1.csv
3776,0,0,0,Reader_1_10.csv
3776,4,3,1,Reader_1_11.csv
3776,0,0,0,Reader_1_12.csv
3776,1,1,0,Reader_1_2.csv
3776,0,0,0,Reader_1_3.csv
3776,0,0,0,Reader_1_4.csv
3776,2,1,1,Reader_1_5.csv
3776,0,0,0,Reader_1_6.csv
3776,4,3,1,Reader_1_7.csv
3776,1,1,0,Reader_1_8.csv
3776,0,0,0,Reader_1_9.csv
3776,1,1,0,Reader_2_1.csv
3776,0,0,0,Reader_2_10.csv
3776,0,0,0,Reader_2_11.csv
3776,1,0,1,Reader_2_12.csv
3776,0,0,0,Reader_2_2.csv
3776,0,0,0,Reader_2_3.csv
3776,0,0,0,Reader_2_4.csv
3776,3,2,1,Reader_2_5.csv
3776,1,0,1,Reader_2_6.csv
3776,0,0,0,Reader_2_7.csv
3776,0,0,0,Reader_2_8.csv
3776,0,0,0,Reader_2_9.csv
3776,1,1,0,reader_3_1.csv
3776,6,4,2,Reader_3_2.csv
3776,2,2,0,Reader_3_3.csv
3776,2,2,0,Reader_3_4.csv
3776,4,4,0,Reader_3_5.csv
3776,7,7,0,Reader_3_6.csv
3776,2,1,1,Reader_3_7.csv
3777,7,6,1,Reader_1_1.csv
3777,0,0,0,Reader_1_10.csv
3777,4,4,0,Reader_1_11.csv
3777,0,0,0,Reader_1_12.csv
3777,1,1,0,Reader_1_2.csv
3777,0,0,0,Reader_1_3.csv
3777,0,0,0,Reader_1_4.csv
3777,2,1,1,Reader_1_5.csv
3777,0,0,0,Reader_1_6.csv
3777,4,3,1,Reader_1_7.csv
3777,2,1,1,Reader_1_8.csv
3777,0,0,0,Reader_1_9.csv
3777,1,1,0,Reader_2_1.csv
3777,0,0,0,Reader_2_10.csv
3777,0,0,0,Reader_2_11.csv
3777,1,0,1,Reader_2_12.csv
3777,0,0,0,Reader_2_2.csv
3777,1,1,0,Reader_2_3.csv
3777,0,0,0,Reader_2_4.csv
3777,4,3,1,Reader_2_5.csv
3777,1,0,1,Reader_2_6.csv
3777,0,0,0,Reader_2_7.csv
3777,0,0,0,Reader_2_8.csv
3777,0,0,0,Reader_2_9.csv
3777,3,3,0,reader_3_1.csv
3777,5,2,3,Reader_3_2.csv
3777,2,2,0,Reader_3_3.csv
3777,2,2,0,Reader_3_4.csv
3777,3,3,0,Reader_3_5.csv
3777,7,7,0,Reader_3_6.csv
3777,2,1,1,Reader_3_7.csv
3778,6,6,0,Reader_1_1.csv
3778,0,0,0,Reader_1_10.csv
3778,4,4,0,Reader_1_11.csv
3778,0,0,0,Reader_1_12.csv
3778,3,3,0,Reader_1_2.csv
3778,1,1,0,Reader_1_3.csv
3778,0,0,0,Reader_1_4.csv
3778,2,1,1,Reader_1_5.csv
3778,0,0,0,Reader_1_6.csv
3778,4,3,1,Reader_1_7.csv
3778,2,1,1,Reader_1_8.csv
3778,0,0,0,Reader_1_9.csv
3778,0,0,0,Reader_2_1.csv
3778,0,0,0,Reader_2_10.csv
3778,0,0,0,Reader_2_11.csv
3778,1,0,1,Reader_2_12.csv
3778,0,0,0,Reader_2_2.csv
3778,1,1,0,Reader_2_3.csv
3778,0,0,0,Reader_2_4.csv
3778,4,3,1,Reader_2_5.csv
3778,1,0,1,Reader_2_6.csv
3778,0,0,0,Reader_2_7.csv
3778,0,0,0,Reader_2_8.csv
3778,0,0,0,Reader_2_9.csv
3778,3,3,0,reader_3_1.csv
3778,5,3,2,Reader_3_2.csv
3778,2,2,0,Reader_3_3.csv
3778,2,2,0,Reader_3_4.csv
3778,3,3,0,Reader_3_5.csv
3778,8,8,0,Reader_3_6.csv
3778,2,1,1,Reader_3_7.csv
3779,7,6,1,Reader_1_1.csv
3779,0,0,0,Reader_1_10.csv
3779,4,4,0,Reader_1_11.csv
3779,0,0,0,Reader_1_12.csv
3779,4,4,0,Reader_1_2.csv
3779,1,1,0,Reader_1_3.csv
3779,0,0,0,Reader_1_4.csv
3779,2,0,2,Reader_1_5.csv
3779,0,0,0,Reader_1_6.csv
3779,4,3,1,Reader_1_7.csv
3779,2,1,1,Reader_1_8.csv
3779,0,0,0,Reader_1_9.csv
3779,0,0,0,Reader_2_1.csv
3779,0,0,0,Reader_2_10.csv
3779,0,0,0,Reader_2_11.csv
3779,0,0,0,Reader_2_12.csv
3779,0,0,0,Reader_2_2.csv
3779,1,1,0,Reader_2_3.csv
3779,0,0,0,Reader_2_4.csv
3779,4,4,0,Reader_2_5.csv
3779,1,0,1,Reader_2_6.csv
3779,0,0,0,Reader_2_7.csv
3779,0,0,0,Reader_2_8.csv
3779,0,0,0,Reader_2_9.csv
3779,5,5,0,reader_3_1.csv
3779,6,4,2,Reader_3_2.csv
3779,2,2,0,Reader_3_3.csv
3779,2,2,0,Reader_3_4.csv
3779,3,3,0,Reader_3_5.csv
3779,8,8,0,Reader_3_6.csv
3779,1,1,0,Reader_3_7.csv
3780,10,8,2,Reader_1_1.csv
3780,0,0,0,Reader_1_10.csv
3780,5,5,0,Reader_1_11.csv
3780,0,0,0,Reader_1_12.csv
3780,4,4,0,Reader_1_2.csv
3780,1,1,0,Reader_1_3.csv
3780,0,0,0,Reader_1_4.csv
3780,2,0,2,Reader_1_5.csv
3780,0,0,0,Reader_1_6.csv
3780,5,4,1,Reader_1_7.csv
3780,1,0,1,Reader_1_8.csv
3780,0,0,0,Reader_1_9.csv
3780,0,0,0,Reader_2_1.csv
3780,0,0,0,Reader_2_10.csv
3780,0,0,0,Reader_2_11.csv
3780,0,0,0,Reader_2_12.csv
3780,0,0,0,Reader_2_2.csv
3780,1,1,0,Reader_2_3.csv
3780,0,0,0,Reader_2_4.csv
3780,3,3,0,Reader_2_5.csv
3780,1,0,1,Reader_2_6.csv
3780,0,0,0,Reader_2_7.csv
3780,0,0,0,Reader_2_8.csv
3780,0,0,0,Reader_2_9.csv
3780,5,5,0,reader_3_1.csv
3780,6,4,2,Reader_3_2.csv
3780,2,2,0,Reader_3_3.csv
3780,2,2,0,Reader_3_4.csv
3780,2,2,0,Reader_3_5.csv
3780,8,8,0,Reader_3_6.csv
3780,2,2,0,Reader_3_7.csv
3781,11,9,2,Reader_1_1.csv
3781,0,0,0,Reader_1_10.csv
3781,5,5,0,Reader_1_11.csv
3781,0,0,0,Reader_1_12.csv
3781,4,4,0,Reader_1_2.csv
3781,2,2,0,Reader_1_3.csv
3781,0,0,0,Reader_1_4.csv
3781,2,0,2,Reader_1_5.csv
3781,0,0,0,Reader_1_6.csv
3781,4,3,1,Reader_1_7.csv
3781,1,0,1,Reader_1_8.csv
3781,0,0,0,Reader_1_9.csv
3781,0,0,0,Reader_2_1.csv
3781,0,0,0,Reader_2_10.csv
3781,0,0,0,Reader_2_11.csv
3781,0,0,0,Reader_2_12.csv
3781,1,1,0,Reader_2_2.csv
3781,1,1,0,Reader_2_3.csv
3781,0,0,0,Reader_2_4.csv
3781,3,3,0,Reader_2_5.csv
3781,2,0,2,Reader_2_6.csv
3781,0,0,0,Reader_2_7.csv
3781,0,0,0,Reader_2_8.csv
3781,0,0,0,Reader_2_9.csv
3781,5,4,1,reader_3_1.csv
3781,6,4,2,Reader_3_2.csv
3781,2,2,0,Reader_3_3.csv
3781,2,2,0,Reader_3_4.csv
3781,4,4,0,Reader_3_5.csv
3781,9,9,0,Reader_3_6.csv
3781,1,1,0,Reader_3_7.csv
3782,11,8,3,Reader_1_1.csv
3782,0,0,0,Reader_1_10.csv
3782,4,4,0,Reader_1_11.csv
3782,0,0,0,Reader_1_12.csv
3782,5,5,0,Reader_1_2.csv
3782,2,2,0,Reader_1_3.csv
3782,0,0,0,Reader_1_4.csv
3782,2,0,2,Reader_1_5.csv
3782,0,0,0,Reader_1_6.csv
3782,4,4,0,Reader_1_7.csv
3782,1,0,1,Reader_1_8.csv
3782,0,0,0,Reader_1_9.csv
3782,0,0,0,Reader_2_1.csv
3782,0,0,0,Reader_2_10.csv
3782,0,0,0,Reader_2_11.csv
3782,0,0,0,Reader_2_12.csv
3782,2,1,1,Reader_2_2.csv
3782,1,1,0,Reader_2_3.csv
3782,0,0,0,Reader_2_4.csv
3782,2,2,0,Reader_2_5.csv
3782,2,0,2,Reader_2_6.csv
3782,0,0,0,Reader_2_7.csv
3782,0,0,0,Reader_2_8.csv
3782,0,0,0,Reader_2_9.csv
3782,5,4,1,reader_3_1.csv
3782,5,4,1,Reader_3_2.csv
3782,1,1,0,Reader_3_3.csv
3782,1,1,0,Reader_3_4.csv
3782,4,4,0,Reader_3_5.csv
3782,10,10,0,Reader_3_6.csv
3782,1,1,0,Reader_3_7.csv
3783,11,8,3,Reader_1_1.csv
3783,0,0,0,Reader_1_10.csv
3783,3,3,0,Reader_1_11.csv
3783,0,0,0,Reader_1_12.csv
3783,4,4,0,Reader_1_2.csv
3783,2,2,0,Reader_1_3.csv
3783,0,0,0,Reader_1_4.csv
3783,1,0,1,Reader_1_5.csv
3783,0,0,0,Reader_1_6.csv
3783,3,3,0,Reader_1_7.csv
3783,1,0,1,Reader_1_8.csv
3783,0,0,0,Reader_1_9.csv
3783,0,0,0,Reader_2_1.csv
3783,0,0,0,Reader_2_10.csv
3783,0,0,0,Reader_2_11.csv
3783,0,0,0,Reader_2_12.csv
3783,2,1,1,Reader_2_2.csv
3783,1,1,0,Reader_2_3.csv
3783,0,0,0,Reader_2_4.csv
3783,2,2,0,Reader_2_5.csv
3783,2,0,2,Reader_2_6.csv
3783,0,0,0,Reader_2_7.csv
3783,0,0,0,Reader_2_8.csv
3783,0,0,0,Reader_2_9.csv
3783,6,5,1,reader_3_1.csv
3783,3,2,1,Reader_3_2.csv
3783,1,1,0,Reader_3_3.csv
3783,1,1,0,Reader_3_4.csv
3783,2,2,0,Reader_3_5.csv
3783,7,7,0,Reader_3_6.csv
3783,2,1,1,Reader_3_7.csv
3784,13,9,4,Reader_1_1.csv
3784,0,0,0,Reader_1_10.csv
3784,3,3,0,Reader_1_11.csv
3784,0,0,0,Reader_1_12.csv
3784,6,6,0,Reader_1_2.csv
3784,2,2,0,Reader_1_3.csv
3784,0,0,0,Reader_1_4.csv
3784,1,0,1,Reader_1_5.csv
3784,0,0,0,Reader_1_6.csv
3784,3,3,0,Reader_1_7.csv
3784,1,0,1,Reader_1_8.csv
3784,0,0,0,Reader_1_9.csv
3784,0,0,0,Reader_2_1.csv
3784,1,1,0,Reader_2_10.csv
3784,0,0,0,Reader_2_11.csv
3784,1,0,1,Reader_2_12.csv
3784,2,1,1,Reader_2_2.csv
3784,1,1,0,Reader_2_3.csv
3784,0,0,0,Reader_2_4.csv
3784,2,2,0,Reader_2_5.csv
3784,1,0,1,Reader_2_6.csv
3784,0,0,0,Reader_2_7.csv
3784,0,0,0,Reader_2_8.csv
3784,0,0,0,Reader_2_9.csv
3784,7,6,1,reader_3_1.csv
3784,4,3,1,Reader_3_2.csv
3784,1,1,0,Reader_3_3.csv
3784,1,1,0,Reader_3_4.csv
3784,5,5,0,Reader_3_5.csv
3784,6,6,0,Reader_3_6.csv
3784,2,1,1,Reader_3_7.csv
3785,14,9,5,Reader_1_1.csv
3785,0,0,0,Reader_1_10.csv
3785,3,2,1,Reader_1_11.csv
3785,0,0,0,Reader_1_12.csv
3785,7,7,0,Reader_1_2.csv
3785,2,2,0,Reader_1_3.csv
3785,0,0,0,Reader_1_4.csv
3785,2,0,2,Reader_1_5.csv
3785,0,0,0,Reader_1_6.csv
3785,3,3,0,Reader_1_7.csv
3785,0,0,0,Reader_1_8.csv
3785,0,0,0,Reader_1_9.csv
3785,0,0,0,Reader_2_1.csv
3785,1,1,0,Reader_2_10.csv
3785,0,0,0,Reader_2_11.csv
3785,1,0,1,Reader_2_12.csv
3785,2,1,1,Reader_2_2.csv
3785,0,0,0,Reader_2_3.csv
3785,0,0,0,Reader_2_4.csv
3785,1,1,0,Reader_2_5.csv
3785,1,0,1,Reader_2_6.csv
3785,0,0,0,Reader_2_7.csv
3785,0,0,0,Reader_2_8.csv
3785,0,0,0,Reader_2_9.csv
3785,6,5,1,reader_3_1.csv
3785,3,3,0,Reader_3_2.csv
3785,2,1,1,Reader_3_3.csv
3785,2,1,1,Reader_3_4.csv
3785,5,5,0,Reader_3_5.csv
3785,5,5,0,Reader_3_6.csv
3785,2,1,1,Reader_3_7.csv
3786,14,9,5,Reader_1_1.csv
3786,0,0,0,Reader_1_10.csv
3786,3,2,1,Reader_1_11.csv
3786,0,0,0,Reader_1_12.csv
3786,6,6,0,Reader_1_2.csv
3786,1,1,0,Reader_1_3.csv
3786,0,0,0,Reader_1_4.csv
3786,2,0,2,Reader_1_5.csv
3786,0,0,0,Reader_1_6.csv
3786,4,4,0,Reader_1_7.csv
3786,1,1,0,Reader_1_8.csv
3786,0,0,0,Reader_1_9.csv
3786,0,0,0,Reader_2_1.csv
3786,1,1,0,Reader_2_10.csv
3786,0,0,0,Reader_2_11.csv
3786,1,0,1,Reader_2_12.csv
3786,2,1,1,Reader_2_2.csv
3786,0,0,0,Reader_2_3.csv
3786,0,0,0,Reader_2_4.csv
3786,1,1,0,Reader_2_5.csv
3786,2,0,2,Reader_2_6.csv
3786,0,0,0,Reader_2_7.csv
3786,1,0,1,Reader_2_8.csv
3786,0,0,0,Reader_2_9.csv
3786,7,6,1,reader_3_1.csv
3786,3,3,0,Reader_3_2.csv
3786,2,1,1,Reader_3_3.csv
3786,2,1,1,Reader_3_4.csv
3786,6,5,1,Reader_3_5.csv
3786,5,5,0,Reader_3_6.csv
3786,2,1,1,Reader_3_7.csv
3787,12,8,4,Reader_1_1.csv
3787,0,0,0,Reader_1_10.csv
3787,3,2,1,Reader_1_11.csv
3787,0,0,0,Reader_1_12.csv
3787,6,6,0,Reader_1_2.csv
3787,1,1,0,Reader_1_3.csv
3787,0,0,0,Reader_1_4.csv
3787,1,0,1,Reader_1_5.csv
3787,0,0,0,Reader_1_6.csv
3787,4,4,0,Reader_1_7.csv
3787,1,1,0,Reader_1_8.csv
3787,0,0,0,Reader_1_9.csv
3787,0,0,0,Reader_2_1.csv
3787,1,1,0,Reader_2_10.csv
3787,0,0,0,Reader_2_11.csv
3787,1,0,1,Reader_2_12.csv
3787,2,1,1,Reader_2_2.csv
3787,0,0,0,Reader_2_3.csv
3787,0,0,0,Reader_2_4.csv
3787,0,0,0,Reader_2_5.csv
3787,2,0,2,Reader_2_6.csv
3787,0,0,0,Reader_2_7.csv
3787,1,0,1,Reader_2_8.csv
3787,0,0,0,Reader_2_9.csv
3787,5,4,1,reader_3_1.csv
3787,2,2,0,Reader_3_2.csv
3787,2,1,1,Reader_3_3.csv
3787,2,1,1,Reader_3_4.csv
3787,6,5,1,Reader_3_5.csv
3787,6,6,0,Reader_3_6.csv
3787,2,1,1,Reader_3_7.csv
3788,10,6,4,Reader_1_1.csv
3788,0,0,0,Reader_1_10.csv
3788,2,1,1,Reader_1_11.csv
3788,0,0,0,Reader_1_12.csv
3788,8,8,0,Reader_1_2.csv
3788,1,1,0,Reader_1_3.csv
3788,0,0,0,Reader_1_4.csv
3788,1,0,1,Reader_1_5.csv
3788,0,0,0,Reader_1_6.csv
3788,3,3,0,Reader_1_7.csv
3788,1,1,0,Reader_1_8.csv
3788,0,0,0,Reader_1_9.csv
3788,0,0,0,Reader_2_1.csv
3788,1,1,0,Reader_2_10.csv
3788,0,0,0,Reader_2_11.csv
3788,1,0,1,Reader_2_12.csv
3788,2,1,1,Reader_2_2.csv
3788,0,0,0,Reader_2_3.csv
3788,0,0,0,Reader_2_4.csv
3788,0,0,0,Reader_2_5.csv
3788,2,0,2,Reader_2_6.csv
3788,0,0,0,Reader_2_7.csv
3788,1,0,1,Reader_2_8.csv
3788,0,0,0,Reader_2_9.csv
3788,5,4,1,reader_3_1.csv
3788,3,3,0,Reader_3_2.csv
3788,3,2,1,Reader_3_3.csv
3788,3,2,1,Reader_3_4.csv
3788,6,5,1,Reader_3_5.csv
3788,7,7,0,Reader_3_6.csv
3788,2,1,1,Reader_3_7.csv
3789,8,4,4,Reader_1_1.csv
3789,0,0,0,Reader_1_10.csv
3789,2,1,1,Reader_1_11.csv
3789,0,0,0,Reader_1_12.csv
3789,8,8,0,Reader_1_2.csv
3789,0,0,0,Reader_1_3.csv
3789,0,0,0,Reader_1_4.csv
3789,1,0,1,Reader_1_5.csv
3789,0,0,0,Reader_1_6.csv
3789,3,3,0,Reader_1_7.csv
3789,1,1,0,Reader_1_8.csv
3789,0,0,0,Reader_1_9.csv
3789,0,0,0,Reader_2_1.csv
3789,1,1,0,Reader_2_10.csv
3789,0,0,0,Reader_2_11.csv
3789,1,0,1,Reader_2_12.csv
3789,2,1,1,Reader_2_2.csv
3789,0,0,0,Reader_2_3.csv
3789,0,0,0,Reader_2_4.csv
3789,0,0,0,Reader_2_5.csv
3789,1,0,1,Reader_2_6.csv
3789,0,0,0,Reader_2_7.csv
3789,1,0,1,Reader_2_8.csv
3789,0,0,0,Reader_2_9.csv
3789,4,4,0,reader_3_1.csv
3789,3,3,0,Reader_3_2.csv
3789,3,2,1,Reader_3_3.csv
3789,3,2,1,Reader_3_4.csv
3789,5,4,1,Reader_3_5.csv
3789,6,6,0,Reader_3_6.csv
3789,2,1,1,Reader_3_7.csv
3790,6,3,3,Reader_1_1.csv
3790,0,0,0,Reader_1_10.csv
3790,2,1,1,Reader_1_11.csv
3790,0,0,0,Reader_1_12.csv
3790,7,7,0,Reader_1_2.csv
3790,0,0,0,Reader_1_3.csv
3790,1,0,1,Reader_1_4.csv
3790,1,0,1,Reader_1_5.csv
3790,0,0,0,Reader_1_6.csv
3790,1,1,0,Reader_1_7.csv
3790,2,2,0,Reader_1_8.csv
3790,0,0,0,Reader_1_9.csv
3790,0,0,0,Reader_2_1.csv
3790,1,1,0,Reader_2_10.csv
3790,0,0,0,Reader_2_11.csv
3790,1,0,1,Reader_2_12.csv
3790,1,1,0,Reader_2_2.csv
3790,0,0,0,Reader_2_3.csv
3790,0,0,0,Reader_2_4.csv
3790,0,0,0,Reader_2_5.csv
3790,1,0,1,Reader_2_6.csv
3790,0,0,0,Reader_2_7.csv
3790,1,0,1,Reader_2_8.csv
3790,0,0,0,Reader_2_9.csv
3790,4,4,0,reader_3_1.csv
3790,3,3,0,Reader_3_2.csv
3790,2,1,1,Reader_3_3.csv
3790,2,1,1,Reader_3_4.csv
3790,6,5,1,Reader_3_5.csv
3790,6,6,0,Reader_3_6.csv
3790,2,1,1,Reader_3_7.csv
3791,6,3,3,Reader_1_1.csv
3791,0,0,0,Reader_1_10.csv
3791,3,2,1,Reader_1_11.csv
3791,0,0,0,Reader_1_12.csv
3791,8,8,0,Reader_1_2.csv
3791,0,0,0,Reader_1_3.csv
3791,1,0,1,Reader_1_4.csv
3791,1,0,1,Reader_1_5.csv
3791,0,0,0,Reader_1_6.csv
3791,2,2,0,Reader_1_7.csv
3791,2,2,0,Reader_1_8.csv
3791,0,0,0,Reader_1_9.csv
3791,0,0,0,Reader_2_1.csv
3791,1,1,0,Reader_2_10.csv
3791,0,0,0,Reader_2_11.csv
3791,1,0,1,Reader_2_12.csv
3791,1,1,0,Reader_2_2.csv
3791,0,0,0,Reader_2_3.csv
3791,0,0,0,Reader_2_4.csv
3791,0,0,0,Reader_2_5.csv
3791,1,0,1,Reader_2_6.csv
3791,0,0,0,Reader_2_7.csv
3791,1,0,1,Reader_2_8.csv
3791,0,0,0,Reader_2_9.csv
3791,3,3,0,reader_3_1.csv
3791,4,4,0,Reader_3_2.csv
3791,2,1,1,Reader_3_3.csv
3791,2,1,1,Reader_3_4.csv
3791,6,5,1,Reader_3_5.csv
3791,7,7,0,Reader_3_6.csv
3791,2,2,0,Reader_3_7.csv
3792,4,2,2,Reader_1_1.csv
3792,0,0,0,Reader_1_10.csv
3792,3,2,1,Reader_1_11.csv
3792,0,0,0,Reader_1_12.csv
3792,6,6,0,Reader_1_2.csv
3792,0,0,0,Reader_1_3.csv
3792,1,0,1,Reader_1_4.csv
3792,1,0,1,Reader_1_5.csv
3792,0,0,0,Reader_1_6.csv
3792,3,3,0,Reader_1_7.csv
3792,2,2,0,Reader_1_8.csv
3792,0,0,0,Reader_1_9.csv
3792,0,0,0,Reader_2_1.csv
3792,0,0,0,Reader_2_10.csv
3792,0,0,0,Reader_2_11.csv
3792,0,0,0,Reader_2_12.csv
3792,1,1,0,Reader_2_2.csv
3792,0,0,0,Reader_2_3.csv
3792,0,0,0,Reader_2_4.csv
3792,0,0,0,Reader_2_5.csv
3792,1,0,1,Reader_2_6.csv
3792,0,0,0,Reader_2_7.csv
3792,1,0,1,Reader_2_8.csv
3792,0,0,0,Reader_2_9.csv
3792,3,3,0,reader_3_1.csv
3792,3,3,0,Reader_3_2.csv
3792,2,1,1,Reader_3_3.csv
3792,2,1,1,Reader_3_4.csv
3792,4,3,1,Reader_3_5.csv
3792,7,7,0,Reader_3_6.csv
3792,2,2,0,Reader_3_7.csv
3793,4,3,1,Reader_1_1.csv
3793,0,0,0,Reader_1_10.csv
3793,3,3,0,Reader_1_11.csv
3793,0,0,0,Reader_1_12.csv
3793,7,7,0,Reader_1_2.csv
3793,0,0,0,Reader_1_3.csv
3793,1,0,1,Reader_1_4.csv
3793,1,1,0,Reader_1_5.csv
3793,0,0,0,Reader_1_6.csv
3793,3,3,0,Reader_1_7.csv
3793,2,2,0,Reader_1_8.csv
3793,0,0,0,Reader_1_9.csv
3793,0,0,0,Reader_2_1.csv
3793,0,0,0,Reader_2_10.csv
3793,0,0,0,Reader_2_11.csv
3793,1,1,0,Reader_2_12.csv
3793,1,1,0,Reader_2_2.csv
3793,0,0,0,Reader_2_3.csv
3793,0,0,0,Reader_2_4.csv
3793,0,0,0,Reader_2_5.csv
3793,1,0,1,Reader_2_6.csv
3793,0,0,0,Reader_2_7.csv
3793,1,0,1,Reader_2_8.csv
3793,0,0,0,Reader_2_9.csv
3793,3,3,0,reader_3_1.csv
3793,5,4,1,Reader_3_2.csv
3793,2,2,0,Reader_3_3.csv
3793,2,2,0,Reader_3_4.csv
3793,5,4,1,Reader_3_5.csv
3793,7,7,0,Reader_3_6.csv
3793,2,2,0,Reader_3_7.csv
3794,4,2,2,Reader_1_1.csv
3794,0,0,0,Reader_1_10.csv
3794,3,3,0,Reader_1_11.csv
3794,0,0,0,Reader_1_12.csv
3794,7,7,0,Reader_1_2.csv
3794,0,0,0,Reader_1_3.csv
3794,1,0,1,Reader_1_4.csv
3794,1,1,0,Reader_1_5.csv
3794,0,0,0,Reader_1_6.csv
3794,2,2,0,Reader_1_7.csv
3794,1,1,0,Reader_1_8.csv
3794,0,0,0,Reader_1_9.csv
3794,0,0,0,Reader_2_1.csv
3794,0,0,0,Reader_2_10.csv
3794,0,0,0,Reader_2_11.csv
3794,1,1,0,Reader_2_12.csv
3794,1,1,0,Reader_2_2.csv
3794,0,0,0,Reader_2_3.csv
3794,0,0,0,Reader_2_4.csv
3794,0,0,0,Reader_2_5.csv
3794,0,0,0,Reader_2_6.csv
3794,0,0,0,Reader_2_7.csv
3794,0,0,0,Reader_2_8.csv
3794,0,0,0,Reader_2_9.csv
3794,2,2,0,reader_3_1.csv
3794,5,3,2,Reader_3_2.csv
3794,2,2,0,Reader_3_3.csv
3794,2,2,0,Reader_3_4.csv
3794,4,4,0,Reader_3_5.csv
3794,8,8,0,Reader_3_6.csv
3794,2,2,0,Reader_3_7.csv
3795,5,3,2,Reader_1_1.csv
3795,0,0,0,Reader_1_10.csv
3795,4,3,1,Reader_1_11.csv
3795,0,0,0,Reader_1_12.csv
3795,6,6,0,Reader_1_2.csv
3795,0,0,0,Reader_1_3.csv
3795,1,0,1,Reader_1_4.csv
3795,1,1,0,Reader_1_5.csv
3795,0,0,0,Reader_1_6.csv
3795,2,2,0,Reader_1_7.csv
3795,1,1,0,Reader_1_8.csv
3795,0,0,0,Reader_1_9.csv
3795,0,0,0,Reader_2_1.csv
3795,0,0,0,Reader_2_10.csv
3795,0,0,0,Reader_2_11.csv
3795,1,1,0,Reader_2_12.csv
3795,1,1,0,Reader_2_2.csv
3795,0,0,0,Reader_2_3.csv
3795,0,0,0,Reader_2_4.csv
3795,0,0,0,Reader_2_5.csv
3795,0,0,0,Reader_2_6.csv
3795,1,1,0,Reader_2_7.csv
3795,0,0,0,Reader_2_8.csv
3795,0,0,0,Reader_2_9.csv
3795,2,2,0,reader_3_1.csv
3795,7,5,2,Reader_3_2.csv
3795,2,2,0,Reader_3_3.csv
3795,2,2,0,Reader_3_4.csv
3795,4,4,0,Reader_3_5.csv
3795,8,7,1,Reader_3_6.csv
3795,2,2,0,Reader_3_7.csv
3796,5,4,1,Reader_1_1.csv
3796,0,0,0,Reader_1_10.csv
3796,4,3,1,Reader_1_11.csv
3796,1,1,0,Reader_1_12.csv
3796,5,4,1,Reader_1_2.csv
3796,0,0,0,Reader_1_3.csv
3796,1,0,1,Reader_1_4.csv
3796,1,1,0,Reader_1_5.csv
3796,0,0,0,Reader_1_6.csv
3796,3,3,0,Reader_1_7.csv
3796,1,1,0,Reader_1_8.csv
3796,0,0,0,Reader_1_9.csv
3796,0,0,0,Reader_2_1.csv
3796,0,0,0,Reader_2_10.csv
3796,0,0,0,Reader_2_11.csv
3796,1,1,0,Reader_2_12.csv
3796,1,1,0,Reader_2_2.csv
3796,0,0,0,Reader_2_3.csv
3796,0,0,0,Reader_2_4.csv
3796,0,0,0,Reader_2_5.csv
3796,0,0,0,Reader_2_6.csv
3796,1,1,0,Reader_2_7.csv
3796,0,0,0,Reader_2_8.csv
3796,0,0,0,Reader_2_9.csv
3796,3,3,0,reader_3_1.csv
3796,8,6,2,Reader_3_2.csv
3796,2,2,0,Reader_3_3.csv
3796,2,2,0,Reader_3_4.csv
3796,6,5,1,Reader_3_5.csv
3796,7,6,1,Reader_3_6.csv
3796,1,1,0,Reader_3_7.csv
3797,5,4,1,Reader_1_1.csv
3797,0,0,0,Reader_1_10.csv
3797,6,4,2,Reader_1_11.csv
3797,1,1,0,Reader_1_12.csv
3797,5,4,1,Reader_1_2.csv
3797,0,0,0,Reader_1_3.csv
3797,2,0,2,Reader_1_4.csv
3797,1,1,0,Reader_1_5.csv
3797,0,0,0,Reader_1_6.csv
3797,3,3,0,Reader_1_7.csv
3797,1,1,0,Reader_1_8.csv
3797,0,0,0,Reader_1_9.csv
3797,0,0,0,Reader_2_1.csv
3797,0,0,0,Reader_2_10.csv
3797,0,0,0,Reader_2_11.csv
3797,1,1,0,Reader_2_12.csv
3797,1,1,0,Reader_2_2.csv
3797,0,0,0,Reader_2_3.csv
3797,0,0,0,Reader_2_4.csv
3797,0,0,0,Reader_2_5.csv
3797,1,1,0,Reader_2_6.csv
3797,1,1,0,Reader_2_7.csv
3797,0,0,0,Reader_2_8.csv
3797,0,0,0,Reader_2_9.csv
3797,4,4,0,reader_3_1.csv
3797,10,8,2,Reader_3_2.csv
3797,2,2,0,Reader_3_3.csv
3797,2,2,0,Reader_3_4.csv
3797,5,4,1,Reader_3_5.csv
3797,7,6,1,Reader_3_6.csv
3797,1,1,0,Reader_3_7.csv
3798,7,5,2,Reader_1_1.csv
3798,0,0,0,Reader_1_10.csv
3798,5,3,2,Reader_1_11.csv
3798,1,1,0,Reader_1_12.csv
3798,8,6,2,Reader_1_2.csv
3798,0,0,0,Reader_1_3.csv
3798,1,0,1,Reader_1_4.csv
3798,2,1,1,Reader_1_5.csv
3798,0,0,0,Reader_1_6.csv
3798,3,3,0,Reader_1_7.csv
3798,0,0,0,Reader_1_8.csv
3798,0,0,0,Reader_1_9.csv
3798,0,0,0,Reader_2_1.csv
3798,0,0,0,Reader_2_10.csv
3798,1,1,0,Reader_2_11.csv
3798,1,1,0,Reader_2_12.csv
3798,1,1,0,Reader_2_2.csv
3798,0,0,0,Reader_2_3.csv
3798,0,0,0,Reader_2_4.csv
3798,1,0,1,Reader_2_5.csv
3798,2,2,0,Reader_2_6.csv
3798,1,1,0,Reader_2_7.csv
3798,0,0,0,Reader_2_8.csv
3798,0,0,0,Reader_2_9.csv
3798,4,4,0,reader_3_1.csv
3798,13,11,2,Reader_3_2.csv
3798,3,3,0,Reader_3_3.csv
3798,3,3,0,Reader_3_4.csv
3798,6,5,1,Reader_3_5.csv
3798,7,6,1,Reader_3_6.csv
3798,1,1,0,Reader_3_7.csv
3799,7,5,2,Reader_1_1.csv
3799,0,0,0,Reader_1_10.csv
3799,5,2,3,Reader_1_11.csv
3799,1,1,0,Reader_1_12.csv
3799,7,5,2,Reader_1_2.csv
3799,2,1,1,Reader_1_3.csv
3799,1,0,1,Reader_1_4.csv
3799,3,2,1,Reader_1_5.csv
3799,0,0,0,Reader_1_6.csv
3799,3,3,0,Reader_1_7.csv
3799,0,0,0,Reader_1_8.csv
3799,0,0,0,Reader_1_9.csv
3799,0,0,0,Reader_2_1.csv
3799,0,0,0,Reader_2_10.csv
3799,1,1,0,Reader_2_11.csv
3799,1,1,0,Reader_2_12.csv
3799,1,1,0,Reader_2_2.csv
3799,0,0,0,Reader_2_3.csv
3799,0,0,0,Reader_2_4.csv
3799,1,0,1,Reader_2_5.csv
3799,2,2,0,Reader_2_6.csv
3799,1,1,0,Reader_2_7.csv
3799,0,0,0,Reader_2_8.csv
3799,0,0,0,Reader_2_9.csv
3799,4,4,0,reader_3_1.csv
3799,17,13,4,Reader_3_2.csv
3799,3,3,0,Reader_3_3.csv
3799,3,3,0,Reader_3_4.csv
3799,6,5,1,Reader_3_5.csv
3799,8,6,2,Reader_3_6.csv
3799,0,0,0,Reader_3_7.csv
3800,7,5,2,Reader_1_1.csv
3800,0,0,0,Reader_1_10.csv
3800,5,2,3,Reader_1_11.csv
3800,1,1,0,Reader_1_12.csv
3800,8,6,2,Reader_1_2.csv
3800,2,1,1,Reader_1_3.csv
3800,1,0,1,Reader_1_4.csv
3800,4,3,1,Reader_1_5.csv
3800,0,0,0,Reader_1_6.csv
3800,2,2,0,Reader_1_7.csv
3800,0,0,0,Reader_1_8.csv
3800,0,0,0,Reader_1_9.csv
3800,1,1,0,Reader_2_1.csv
3800,0,0,0,Reader_2_10.csv
3800,1,1,0,Reader_2_11.csv
3800,1,1,0,Reader_2_12.csv
3800,1,1,0,Reader_2_2.csv
3800,0,0,0,Reader_2_3.csv
3800,0,0,0,Reader_2_4.csv
3800,1,0,1,Reader_2_5.csv
3800,2,2,0,Reader_2_6.csv
3800,2,2,0,Reader_2_7.csv
3800,0,0,0,Reader_2_8.csv
3800,0,0,0,Reader_2_9.csv
3800,3,3,0,reader_3_1.csv
3800,22,18,4,Reader_3_2.csv
3800,3,3,0,Reader_3_3.csv
3800,3,3,0,Reader_3_4.csv
3800,6,4,2,Reader_3_5.csv
3800,8,6,2,Reader_3_6.csv
3800,1,1,0,Reader_3_7.csv
3801,6,4,2,Reader_1_1.csv
3801,0,0,0,Reader_1_10.csv
3801,4,1,3,Reader_1_11.csv
3801,1,1,0,Reader_1_12.csv
3801,6,4,2,Reader_1_2.csv
3801,2,1,1,Reader_1_3.csv
3801,1,0,1,Reader_1_4.csv
3801,5,4,1,Reader_1_5.csv
3801,0,0,0,Reader_1_6.csv
3801,2,2,0,Reader_1_7.csv
3801,0,0,0,Reader_1_8.csv
3801,0,0,0,Reader_1_9.csv
3801,1,1,0,Reader_2_1.csv
3801,0,0,0,Reader_2_10.csv
3801,1,1,0,Reader_2_11.csv
3801,0,0,0,Reader_2_12.csv
3801,1,1,0,Reader_2_2.csv
3801,1,1,0,Reader_2_3.csv
3801,0,0,0,Reader_2_4.csv
3801,1,0,1,Reader_2_5.csv
3801,2,2,0,Reader_2_6.csv
3801,2,2,0,Reader_2_7.csv
3801,0,0,0,Reader_2_8.csv
3801,0,0,0,Reader_2_9.csv
3801,2,2,0,reader_3_1.csv
3801,23,19,4,Reader_3_2.csv
3801,3,3,0,Reader_3_3.csv
3801,3,3,0,Reader_3_4.csv
3801,6,4,2,Reader_3_5.csv
3801,8,6,2,Reader_3_6.csv
3801,1,1,0,Reader_3_7.csv
3802,6,5,1,Reader_1_1.csv
3802,0,0,0,Reader_1_10.csv
3802,4,1,3,Reader_1_11.csv
3802,2,2,0,Reader_1_12.csv
3802,6,4,2,Reader_1_2.csv
3802,2,1,1,Reader_1_3.csv
3802,1,0,1,Reader_1_4.csv
3802,5,4,1,Reader_1_5.csv
3802,0,0,0,Reader_1_6.csv
3802,2,2,0,Reader_1_7.csv
3802,0,0,0,Reader_1_8.csv
3802,0,0,0,Reader_1_9.csv
3802,2,2,0,Reader_2_1.csv
3802,0,0,0,Reader_2_10.csv
3802,1,1,0,Reader_2_11.csv
3802,0,0,0,Reader_2_12.csv
3802,1,1,0,Reader_2_2.csv
3802,1,1,0,Reader_2_3.csv
3802,0,0,0,Reader_2_4.csv
3802,1,0,1,Reader_2_5.csv
3802,2,2,0,Reader_2_6.csv
3802,2,2,0,Reader_2_7.csv
3802,0,0,0,Reader_2_8.csv
3802,0,0,0,Reader_2_9.csv
3802,2,2,0,reader_3_1.csv
3802,22,19,3,Reader_3_2.csv
3802,5,5,0,Reader_3_3.csv
3802,5,5,0,Reader_3_4.csv
3802,9,6,3,Reader_3_5.csv
3802,7,5,2,Reader_3_6.csv
3802,1,1,0,Reader_3_7.csv
3803,5,4,1,Reader_1_1.csv
3803,0,0,0,Reader_1_10.csv
3803,4,1,3,Reader_1_11.csv
3803,2,2,0,Reader_1_12.csv
3803,7,5,2,Reader_1_2.csv
3803,2,1,1,Reader_1_3.csv
3803,1,0,1,Reader_1_4.csv
3803,5,4,1,Reader_1_5.csv
3803,0,0,0,Reader_1_6.csv
3803,2,2,0,Reader_1_7.csv
3803,0,0,0,Reader_1_8.csv
3803,0,0,0,Reader_1_9.csv
3803,2,2,0,Reader_2_1.csv
3803,0,0,0,Reader_2_10.csv
3803,1,1,0,Reader_2_11.csv
3803,0,0,0,Reader_2_12.csv
3803,1,1,0,Reader_2_2.csv
3803,1,1,0,Reader_2_3.csv
3803,0,0,0,Reader_2_4.csv
3803,1,0,1,Reader_2_5.csv
3803,2,2,0,Reader_2_6.csv
3803,1,1,0,Reader_2_7.csv
3803,0,0,0,Reader_2_8.csv
3803,0,0,0,Reader_2_9.csv
3803,2,2,0,reader_3_1.csv
3803,24,21,3,Reader_3_2.csv
3803,5,5,0,Reader_3_3.csv
3803,5,5,0,Reader_3_4.csv
3803,13,9,4,Reader_3_5.csv
3803,7,5,2,Reader_3_6.csv
3803,1,1,0,Reader_3_7.csv
3804,4,3,1,Reader_1_1.csv
3804,0,0,0,Reader_1_10.csv
3804,6,1,5,Reader_1_11.csv
3804,1,1,0,Reader_1_12.csv
3804,9,7,2,Reader_1_2.csv
3804,3,2,1,Reader_1_3.csv
3804,2,1,1,Reader_1_4.csv
3804,5,4,1,Reader_1_5.csv
3804,0,0,0,Reader_1_6.csv
3804,1,1,0,Reader_1_7.csv
3804,0,0,0,Reader_1_8.csv
3804,0,0,0,Reader_1_9.csv
3804,2,2,0,Reader_2_1.csv
3804,0,0,0,Reader_2_10.csv
3804,1,1,0,Reader_2_11.csv
3804,0,0,0,Reader_2_12.csv
3804,1,1,0,Reader_2_2.csv
3804,1,1,0,Reader_2_3.csv
3804,0,0,0,Reader_2_4.csv
3804,1,0,1,Reader_2_5.csv
3804,2,2,0,Reader_2_6.csv
3804,2,2,0,Reader_2_7.csv
3804,0,0,0,Reader_2_8.csv
3804,0,0,0,Reader_2_9.csv
3804,1,1,0,reader_3_1.csv
3804,23,19,4,Reader_3_2.csv
3804,4,4,0,Reader_3_3.csv
3804,4,4,0,Reader_3_4.csv
3804,11,8,3,Reader_3_5.csv
3804,10,7,3,Reader_3_6.csv
3804,1,1,0,Reader_3_7.csv
3805,5,3,2,Reader_1_1.csv
3805,0,0,0,Reader_1_10.csv
3805,6,0,6,Reader_1_11.csv
3805,1,1,0,Reader_1_12.csv
3805,9,7,2,Reader_1_2.csv
3805,3,2,1,Reader_1_3.csv
3805,1,1,0,Reader_1_4.csv
3805,6,4,2,Reader_1_5.csv
3805,0,0,0,Reader_1_6.csv
3805,1,1,0,Reader_1_7.csv
3805,0,0,0,Reader_1_8.csv
3805,0,0,0,Reader_1_9.csv
3805,2,2,0,Reader_2_1.csv
3805,0,0,0,Reader_2_10.csv
3805,1,1,0,Reader_2_11.csv
3805,0,0,0,Reader_2_12.csv
3805,0,0,0,Reader_2_2.csv
3805,1,1,0,Reader_2_3.csv
3805,0,0,0,Reader_2_4.csv
3805,1,0,1,Reader_2_5.csv
3805,1,1,0,Reader_2_6.csv
3805,2,2,0,Reader_2_7.csv
3805,0,0,0,Reader_2_8.csv
3805,0,0,0,Reader_2_9.csv
3805,0,0,0,reader_3_1.csv
3805,25,20,5,Reader_3_2.csv
3805,4,4,0,Reader_3_3.csv
3805,4,4,0,Reader_3_4.csv
3805,11,8,3,Reader_3_5.csv
3805,11,8,3,Reader_3_6.csv
3805,1,1,0,Reader_3_7.csv
3806,3,2,1,Reader_1_1.csv
3806,0,0,0,Reader_1_10.csv
3806,7,0,7,Reader_1_11.csv
3806,1,1,0,Reader_1_12.csv
3806,6,5,1,Reader_1_2.csv
3806,3,2,1,Reader_1_3.csv
3806,1,1,0,Reader_1_4.csv
3806,5,4,1,Reader_1_5.csv
3806,1,1,0,Reader_1_6.csv
3806,1,1,0,Reader_1_7.csv
3806,0,0,0,Reader_1_8.csv
3806,1,1,0,Reader_1_9.csv
3806,2,2,0,Reader_2_1.csv
3806,0,0,0,Reader_2_10.csv
3806,0,0,0,Reader_2_11.csv
3806,0,0,0,Reader_2_12.csv
3806,0,0,0,Reader_2_2.csv
3806,1,1,0,Reader_2_3.csv
3806,0,0,0,Reader_2_4.csv
3806,0,0,0,Reader_2_5.csv
3806,0,0,0,Reader_2_6.csv
3806,2,2,0,Reader_2_7.csv
3806,0,0,0,Reader_2_8.csv
3806,0,0,0,Reader_2_9.csv
3806,1,1,0,reader_3_1.csv
3806,23,18,5,Reader_3_2.csv
3806,4,4,0,Reader_3_3.csv
3806,4,4,0,Reader_3_4.csv
3806,11,7,4,Reader_3_5.csv
3806,10,7,3,Reader_3_6.csv
3806,1,1,0,Reader_3_7.csv
3807,3,2,1,Reader_1_1.csv
3807,0,0,0,Reader_1_10.csv
3807,6,0,6,Reader_1_11.csv
3807,1,1,0,Reader_1_12.csv
3807,6,5,1,Reader_1_2.csv
3807,1,1,0,Reader_1_3.csv
3807,1,1,0,Reader_1_4.csv
3807,4,3,1,Reader_1_5.csv
3807,2,2,0,Reader_1_6.csv
3807,1,0,1,Reader_1_7.csv
3807,1,1,0,Reader_1_8.csv
3807,1,1,0,Reader_1_9.csv
3807,2,2,0,Reader_2_1.csv
3807,0,0,0,Reader_2_10.csv
3807,0,0,0,Reader_2_11.csv
3807,1,1,0,Reader_2_12.csv
3807,0,0,0,Reader_2_2.csv
3807,2,1,1,Reader_2_3.csv
3807,0,0,0,Reader_2_4.csv
3807,0,0,0,Reader_2_5.csv
3807,0,0,0,Reader_2_6.csv
3807,2,2,0,Reader_2_7.csv
3807,0,0,0,Reader_2_8.csv
3807,0,0,0,Reader_2_9.csv
3807,2,1,1,reader_3_1.csv
3807,21,18,3,Reader_3_2.csv
3807,4,4,0,Reader_3_3.csv
3807,4,4,0,Reader_3_4.csv
3807,13,9,4,Reader_3_5.csv
3807,8,6,2,Reader_3_6.csv
3807,1,1,0,Reader_3_7.csv
3808,3,2,1,Reader_1_1.csv
3808,0,0,0,Reader_1_10.csv
3808,6,0,6,Reader_1_11.csv
3808,1,1,0,Reader_1_12.csv
3808,5,4,1,Reader_1_2.csv
3808,1,1,0,Reader_1_3.csv
3808,1,1,0,Reader_1_4.csv
3808,3,2,1,Reader_1_5.csv
3808,2,2,0,Reader_1_6.csv
3808,1,0,1,Reader_1_7.csv
3808,1,1,0,Reader_1_8.csv
3808,1,1,0,Reader_1_9.csv
3808,1,1,0,Reader_2_1.csv
3808,0,0,0,Reader_2_10.csv
3808,0,0,0,Reader_2_11.csv
3808,1,1,0,Reader_2_12.csv
3808,0,0,0,Reader_2_2.csv
3808,2,1,1,Reader_2_3.csv
3808,0,0,0,Reader_2_4.csv
3808,0,0,0,Reader_2_5.csv
3808,0,0,0,Reader_2_6.csv
3808,1,1,0,Reader_2_7.csv
3808,0,0,0,Reader_2_8.csv
3808,0,0,0,Reader_2_9.csv
3808,3,2,1,reader_3_1.csv
3808,17,13,4,Reader_3_2.csv
3808,4,4,0,Reader_3_3.csv
3808,4,4,0,Reader_3_4.csv
3808,14,10,4,Reader_3_5.csv
3808,7,5,2,Reader_3_6.csv
3808,0,0,0,Reader_3_7.csv
3809,5,4,1,Reader_1_1.csv
3809,0,0,0,Reader_1_10.csv
3809,6,0,6,Reader_1_11.csv
3809,2,2,0,Reader_1_12.csv
3809,5,4,1,Reader_1_2.csv
3809,2,2,0,Reader_1_3.csv
3809,1,1,0,Reader_1_4.csv
3809,1,0,1,Reader_1_5.csv
3809,2,2,0,Reader_1_6.csv
3809,1,0,1,Reader_1_7.csv
3809,1,1,0,Reader_1_8.csv
3809,1,1,0,Reader_1_9.csv
3809,1,1,0,Reader_2_1.csv
3809,0,0,0,Reader_2_10.csv
3809,0,0,0,Reader_2_11.csv
3809,1,1,0,Reader_2_12.csv
3809,0,0,0,Reader_2_2.csv
3809,1,0,1,Reader_2_3.csv
3809,0,0,0,Reader_2_4.csv
3809,0,0,0,Reader_2_5.csv
3809,0,0,0,Reader_2_6.csv
3809,1,1,0,Reader_2_7.csv
3809,0,0,0,Reader_2_8.csv
3809,0,0,0,Reader_2_9.csv
3809,3,2,1,reader_3_1.csv
3809,15,12,3,Reader_3_2.csv
3809,4,4,0,Reader_3_3.csv
3809,4,4,0,Reader_3_4.csv
3809,16,12,4,Reader_3_5.csv
3809,9,6,3,Reader_3_6.csv
3809,0,0,0,Reader_3_7.csv
3810,4,3,1,Reader_1_1.csv
3810,0,0,0,Reader_1_10.csv
3810,7,0,7,Reader_1_11.csv
3810,1,1,0,Reader_1_12.csv
3810,4,3,1,Reader_1_2.csv
3810,2,2,0,Reader_1_3.csv
3810,1,1,0,Reader_1_4.csv
3810,1,0,1,Reader_1_5.csv
3810,2,2,0,Reader_1_6.csv
3810,1,0,1,Reader_1_7.csv
3810,2,2,0,Reader_1_8.csv
3810,1,1,0,Reader_1_9.csv
3810,0,0,0,Reader_2_1.csv
3810,0,0,0,Reader_2_10.csv
3810,0,0,0,Reader_2_11.csv
3810,1,1,0,Reader_2_12.csv
3810,0,0,0,Reader_2_2.csv
3810,1,0,1,Reader_2_3.csv
3810,0,0,0,Reader_2_4.csv
3810,0,0,0,Reader_2_5.csv
3810,0,0,0,Reader_2_6.csv
3810,1,1,0,Reader_2_7.csv
3810,0,0,0,Reader_2_8.csv
3810,0,0,0,Reader_2_9.csv
3810,3,2,1,reader_3_1.csv
3810,15,12,3,Reader_3_2.csv
3810,2,2,0,Reader_3_3.csv
3810,2,2,0,Reader_3_4.csv
3810,15,12,3,Reader_3_5.csv
3810,9,6,3,Reader_3_6.csv
3810,0,0,0,Reader_3_7.csv
3811,4,3,1,Reader_1_1.csv
3811,0,0,0,Reader_1_10.csv
3811,7,1,6,Reader_1_11.csv
3811,1,1,0,Reader_1_12.csv
3811,3,2,1,Reader_1_2.csv
3811,2,2,0,Reader_1_3.csv
3811,1,1,0,Reader_1_4.csv
3811,1,0,1,Reader_1_5.csv
3811,2,2,0,Reader_1_6.csv
3811,1,0,1,Reader_1_7.csv
3811,2,2,0,Reader_1_8.csv
3811,1,1,0,Reader_1_9.csv
3811,1,1,0,Reader_2_1.csv
3811,0,0,0,Reader_2_10.csv
3811,0,0,0,Reader_2_11.csv
3811,1,1,0,Reader_2_12.csv
3811,0,0,0,Reader_2_2.csv
3811,1,0,1,Reader_2_3.csv
3811,0,0,0,Reader_2_4.csv
3811,0,0,0,Reader_2_5.csv
3811,1,0,1,Reader_2_6.csv
3811,1,1,0,Reader_2_7.csv
3811,0,0,0,Reader_2_8.csv
3811,0,0,0,Reader_2_9.csv
3811,3,2,1,reader_3_1.csv
3811,12,9,3,Reader_3_2.csv
3811,2,2,0,Reader_3_3.csv
3811,2,2,0,Reader_3_4.csv
3811,14,12,2,Reader_3_5.csv
3811,9,7,2,Reader_3_6.csv
3811,0,0,0,Reader_3_7.csv
3812,5,3,2,Reader_1_1.csv
3812,0,0,0,Reader_1_10.csv
3812,5,1,4,Reader_1_11.csv
3812,1,1,0,Reader_1_12.csv
3812,0,0,0,Reader_1_2.csv
3812,2,2,0,Reader_1_3.csv
3812,0,0,0,Reader_1_4.csv
3812,2,1,1,Reader_1_5.csv
3812,2,2,0,Reader_1_6.csv
3812,1,0,1,Reader_1_7.csv
3812,2,2,0,Reader_1_8.csv
3812,1,1,0,Reader_1_9.csv
3812,1,1,0,Reader_2_1.csv
3812,0,0,0,Reader_2_10.csv
3812,0,0,0,Reader_2_11.csv
3812,1,1,0,Reader_2_12.csv
3812,0,0,0,Reader_2_2.csv
3812,1,0,1,Reader_2_3.csv
3812,0,0,0,Reader_2_4.csv
3812,0,0,0,Reader_2_5.csv
3812,1,0,1,Reader_2_6.csv
3812,0,0,0,Reader_2_7.csv
3812,0,0,0,Reader_2_8.csv
3812,0,0,0,Reader_2_9.csv
3812,3,2,1,reader_3_1.csv
3812,15,12,3,Reader_3_2.csv
3812,2,2,0,Reader_3_3.csv
3812,2,2,0,Reader_3_4.csv
3812,17,15,2,Reader_3_5.csv
3812,7,5,2,Reader_3_6.csv
3812,1,1,0,Reader_3_7.csv
3813,4,3,1,Reader_1_1.csv
3813,0,0,0,Reader_1_10.csv
3813,3,1,2,Reader_1_11.csv
3813,1,1,0,Reader_1_12.csv
3813,0,0,0,Reader_1_2.csv
3813,3,3,0,Reader_1_3.csv
3813,0,0,0,Reader_1_4.csv
3813,1,1,0,Reader_1_5.csv
3813,2,2,0,Reader_1_6.csv
3813,1,0,1,Reader_1_7.csv
3813,2,2,0,Reader_1_8.csv
3813,1,1,0,Reader_1_9.csv
3813,1,1,0,Reader_2_1.csv
3813,0,0,0,Reader_2_10.csv
3813,0,0,0,Reader_2_11.csv
3813,1,1,0,Reader_2_12.csv
3813,0,0,0,Reader_2_2.csv
3813,1,0,1,Reader_2_3.csv
3813,0,0,0,Reader_2_4.csv
3813,0,0,0,Reader_2_5.csv
3813,1,0,1,Reader_2_6.csv
3813,0,0,0,Reader_2_7.csv
3813,0,0,0,Reader_2_8.csv
3813,0,0,0,Reader_2_9.csv
3813,3,2,1,reader_3_1.csv
3813,12,10,2,Reader_3_2.csv
3813,2,2,0,Reader_3_3.csv
3813,2,2,0,Reader_3_4.csv
3813,20,18,2,Reader_3_5.csv
3813,6,3,3,Reader_3_6.csv
3813,2,1,1,Reader_3_7.csv
3814,5,4,1,Reader_1_1.csv
3814,0,0,0,Reader_1_10.csv
3814,3,1,2,Reader_1_11.csv
3814,1,1,0,Reader_1_12.csv
3814,0,0,0,Reader_1_2.csv
3814,4,4,0,Reader_1_3.csv
3814,1,1,0,Reader_1_4.csv
3814,1,1,0,Reader_1_5.csv
3814,1,1,0,Reader_1_6.csv
3814,1,0,1,Reader_1_7.csv
3814,2,2,0,Reader_1_8.csv
3814,0,0,0,Reader_1_9.csv
3814,1,1,0,Reader_2_1.csv
3814,0,0,0,Reader_2_10.csv
3814,0,0,0,Reader_2_11.csv
3814,1,1,0,Reader_2_12.csv
3814,0,0,0,Reader_2_2.csv
3814,1,0,1,Reader_2_3.csv
3814,0,0,0,Reader_2_4.csv
3814,0,0,0,Reader_2_5.csv
3814,1,0,1,Reader_2_6.csv
3814,0,0,0,Reader_2_7.csv
3814,0,0,0,Reader_2_8.csv
3814,0,0,0,Reader_2_9.csv
3814,3,2,1,reader_3_1.csv
3814,16,13,3,Reader_3_2.csv
3814,1,1,0,Reader_3_3.csv
3814,1,1,0,Reader_3_4.csv
3814,19,18,1,Reader_3_5.csv
3814,9,4,5,Reader_3_6.csv
3814,2,1,1,Reader_3_7.csv
3815,7,6,1,Reader_1_1.csv
3815,0,0,0,Reader_1_10.csv
3815,4,2,2,Reader_1_11.csv
3815,1,1,0,Reader_1_12.csv
3815,0,0,0,Reader_1_2.csv
3815,6,6,0,Reader_1_3.csv
3815,1,1,0,Reader_1_4.csv
3815,1,1,0,Reader_1_5.csv
3815,0,0,0,Reader_1_6.csv
3815,0,0,0,Reader_1_7.csv
3815,2,2,0,Reader_1_8.csv
3815,0,0,0,Reader_1_9.csv
3815,1,1,0,Reader_2_1.csv
3815,0,0,0,Reader_2_10.csv
3815,0,0,0,Reader_2_11.csv
3815,0,0,0,Reader_2_12.csv
3815,1,1,0,Reader_2_2.csv
3815,0,0,0,Reader_2_3.csv
3815,0,0,0,Reader_2_4.csv
3815,0,0,0,Reader_2_5.csv
3815,1,0,1,Reader_2_6.csv
3815,0,0,0,Reader_2_7.csv
3815,0,0,0,Reader_2_8.csv
3815,0,0,0,Reader_2_9.csv
3815,2,2,0,reader_3_1.csv
3815,18,14,4,Reader_3_2.csv
3815,1,1,0,Reader_3_3.csv
3815,1,1,0,Reader_3_4.csv
3815,21,19,2,Reader_3_5.csv
3815,9,4,5,Reader_3_6.csv
3815,3,2,1,Reader_3_7.csv
3816,6,5,1,Reader_1_1.csv
3816,0,0,0,Reader_1_10.csv
3816,5,3,2,Reader_1_11.csv
3816,1,1,0,Reader_1_12.csv
3816,2,2,0,Reader_1_2.csv
3816,6,6,0,Reader_1_3.csv
3816,2,2,0,Reader_1_4.csv
3816,2,2,0,Reader_1_5.csv
3816,0,0,0,Reader_1_6.csv
3816,0,0,0,Reader_1_7.csv
3816,3,2,1,Reader_1_8.csv
3816,0,0,0,Reader_1_9.csv
3816,1,1,0,Reader_2_1.csv
3816,0,0,0,Reader_2_10.csv
3816,0,0,0,Reader_2_11.csv
3816,0,0,0,Reader_2_12.csv
3816,2,2,0,Reader_2_2.csv
3816,0,0,0,Reader_2_3.csv
3816,0,0,0,Reader_2_4.csv
3816,0,0,0,Reader_2_5.csv
3816,1,0,1,Reader_2_6.csv
3816,0,0,0,Reader_2_7.csv
3816,0,0,0,Reader_2_8.csv
3816,0,0,0,Reader_2_9.csv
3816,1,1,0,reader_3_1.csv
3816,24,20,4,Reader_3_2.csv
3816,1,1,0,Reader_3_3.csv
3816,1,1,0,Reader_3_4.csv
3816,22,20,2,Reader_3_5.csv
3816,9,4,5,Reader_3_6.csv
3816,4,2,2,Reader_3_7.csv
3817,5,4,1,Reader_1_1.csv
3817,0,0,0,Reader_1_10.csv
3817,5,3,2,Reader_1_11.csv
3817,0,0,0,Reader_1_12.csv
3817,2,2,0,Reader_1_2.csv
3817,5,5,0,Reader_1_3.csv
3817,2,2,0,Reader_1_4.csv
3817,2,2,0,Reader_1_5.csv
3817,0,0,0,Reader_1_6.csv
3817,0,0,0,Reader_1_7.csv
3817,3,2,1,Reader_1_8.csv
3817,0,0,0,Reader_1_9.csv
3817,1,1,0,Reader_2_1.csv
3817,0,0,0,Reader_2_10.csv
3817,0,0,0,Reader_2_11.csv
3817,0,0,0,Reader_2_12.csv
3817,2,2,0,Reader_2_2.csv
3817,0,0,0,Reader_2_3.csv
3817,0,0,0,Reader_2_4.csv
3817,0,0,0,Reader_2_5.csv
3817,1,0,1,Reader_2_6.csv
3817,0,0,0,Reader_2_7.csv
3817,0,0,0,Reader_2_8.csv
3817,0,0,0,Reader_2_9.csv
3817,2,2,0,reader_3_1.csv
3817,26,22,4,Reader_3_2.csv
3817,0,0,0,Reader_3_3.csv
3817,0,0,0,Reader_3_4.csv
3817,21,19,2,Reader_3_5.csv
3817,7,3,4,Reader_3_6.csv
3817,4,2,2,Reader_3_7.csv
3818,6,5,1,Reader_1_1.csv
3818,0,0,0,Reader_1_10.csv
3818,4,3,1,Reader_1_11.csv
3818,0,0,0,Reader_1_12.csv
3818,3,2,1,Reader_1_2.csv
3818,5,5,0,Reader_1_3.csv
3818,2,2,0,Reader_1_4.csv
3818,3,3,0,Reader_1_5.csv
3818,0,0,0,Reader_1_6.csv
3818,0,0,0,Reader_1_7.csv
3818,2,1,1,Reader_1_8.csv
3818,0,0,0,Reader_1_9.csv
3818,1,1,0,Reader_2_1.csv
3818,0,0,0,Reader_2_10.csv
3818,0,0,0,Reader_2_11.csv
3818,0,0,0,Reader_2_12.csv
3818,2,2,0,Reader_2_2.csv
3818,0,0,0,Reader_2_3.csv
3818,0,0,0,Reader_2_4.csv
3818,0,0,0,Reader_2_5.csv
3818,1,0,1,Reader_2_6.csv
3818,0,0,0,Reader_2_7.csv
3818,0,0,0,Reader_2_8.csv
3818,0,0,0,Reader_2_9.csv
3818,4,4,0,reader_3_1.csv
3818,31,25,6,Reader_3_2.csv
3818,0,0,0,Reader_3_3.csv
3818,0,0,0,Reader_3_4.csv
3818,23,20,3,Reader_3_5.csv
3818,6,2,4,Reader_3_6.csv
3818,4,2,2,Reader_3_7.csv
3819,6,5,1,Reader_1_1.csv
3819,0,0,0,Reader_1_10.csv
3819,5,4,1,Reader_1_11.csv
3819,0,0,0,Reader_1_12.csv
3819,3,2,1,Reader_1_2.csv
3819,6,6,0,Reader_1_3.csv
3819,2,2,0,Reader_1_4.csv
3819,3,3,0,Reader_1_5.csv
3819,0,0,0,Reader_1_6.csv
3819,1,1,0,Reader_1_7.csv
3819,2,1,1,Reader_1_8.csv
3819,0,0,0,Reader_1_9.csv
3819,0,0,0,Reader_2_1.csv
3819,0,0,0,Reader_2_10.csv
3819,0,0,0,Reader_2_11.csv
3819,0,0,0,Reader_2_12.csv
3819,2,2,0,Reader_2_2.csv
3819,0,0,0,Reader_2_3.csv
3819,0,0,0,Reader_2_4.csv
3819,0,0,0,Reader_2_5.csv
3819,0,0,0,Reader_2_6.csv
3819,0,0,0,Reader_2_7.csv
3819,0,0,0,Reader_2_8.csv
3819,0,0,0,Reader_2_9.csv
3819,4,4,0,reader_3_1.csv
3819,35,27,8,Reader_3_2.csv
3819,0,0,0,Reader_3_3.csv
3819,0,0,0,Reader_3_4.csv
3819,21,18,3,Reader_3_5.csv
3819,6,2,4,Reader_3_6.csv
3819,4,2,2,Reader_3_7.csv
3820,8,8,0,Reader_1_1.csv
3820,0,0,0,Reader_1_10.csv
3820,5,4,1,Reader_1_11.csv
3820,0,0,0,Reader_1_12.csv
3820,3,2,1,Reader_1_2.csv
3820,6,6,0,Reader_1_3.csv
3820,2,2,0,Reader_1_4.csv
3820,2,2,0,Reader_1_5.csv
3820,1,1,0,Reader_1_6.csv
3820,1,1,0,Reader_1_7.csv
3820,2,1,1,Reader_1_8.csv
3820,0,0,0,Reader_1_9.csv
3820,0,0,0,Reader_2_1.csv
3820,0,0,0,Reader_2_10.csv
3820,0,0,0,Reader_2_11.csv
3820,0,0,0,Reader_2_12.csv
3820,3,3,0,Reader_2_2.csv
3820,0,0,0,Reader_2_3.csv
3820,0,0,0,Reader_2_4.csv
3820,0,0,0,Reader_2_5.csv
3820,0,0,0,Reader_2_6.csv
3820,0,0,0,Reader_2_7.csv
3820,0,0,0,Reader_2_8.csv
3820,0,0,0,Reader_2_9.csv
3820,4,4,0,reader_3_1.csv
3820,33,26,7,Reader_3_2.csv
3820,0,0,0,Reader_3_3.csv
3820,0,0,0,Reader_3_4.csv
3820,18,15,3,Reader_3_5.csv
3820,5,2,3,Reader_3_6.csv
3820,4,1,3,Reader_3_7.csv
3821,9,9,0,Reader_1_1.csv
3821,0,0,0,Reader_1_10.csv
3821,5,4,1,Reader_1_11.csv
3821,1,1,0,Reader_1_12.csv
3821,3,2,1,Reader_1_2.csv
3821,5,5,0,Reader_1_3.csv
3821,3,3,0,Reader_1_4.csv
3821,2,2,0,Reader_1_5.csv
3821,1,1,0,Reader_1_6.csv
3821,2,2,0,Reader_1_7.csv
3821,2,1,1,Reader_1_8.csv
3821,0,0,0,Reader_1_9.csv
3821,0,0,0,Reader_2_1.csv
3821,0,0,0,Reader_2_10.csv
3821,0,0,0,Reader_2_11.csv
3821,0,0,0,Reader_2_12.csv
3821,3,3,0,Reader_2_2.csv
3821,0,0,0,Reader_2_3.csv
3821,0,0,0,Reader_2_4.csv
3821,0,0,0,Reader_2_5.csv
3821,0,0,0,Reader_2_6.csv
3821,0,0,0,Reader_2_7.csv
3821,0,0,0,Reader_2_8.csv
3821,0,0,0,Reader_2_9.csv
3821,4,4,0,reader_3_1.csv
3821,34,27,7,Reader_3_2.csv
3821,2,0,2,Reader_3_3.csv
3821,2,0,2,Reader_3_4.csv
3821,16,13,3,Reader_3_5.csv
3821,4,2,2,Reader_3_6.csv
3821,3,1,2,Reader_3_7.csv
3822,8,8,0,Reader_1_1.csv
3822,0,0,0,Reader_1_10.csv
3822,4,4,0,Reader_1_11.csv
3822,1,1,0,Reader_1_12.csv
3822,4,3,1,Reader_1_2.csv
3822,4,4,0,Reader_1_3.csv
3822,3,3,0,Reader_1_4.csv
3822,2,2,0,Reader_1_5.csv
3822,1,1,0,Reader_1_6.csv
3822,2,2,0,Reader_1_7.csv
3822,2,1,1,Reader_1_8.csv
3822,0,0,0,Reader_1_9.csv
3822,1,1,0,Reader_2_1.csv
3822,0,0,0,Reader_2_10.csv
3822,0,0,0,Reader_2_11.csv
3822,0,0,0,Reader_2_12.csv
3822,3,3,0,Reader_2_2.csv
3822,0,0,0,Reader_2_3.csv
3822,0,0,0,Reader_2_4.csv
3822,0,0,0,Reader_2_5.csv
3822,0,0,0,Reader_2_6.csv
3822,0,0,0,Reader_2_7.csv
3822,0,0,0,Reader_2_8.csv
3822,0,0,0,Reader_2_9.csv
3822,3,3,0,reader_3_1.csv
3822,31,24,7,Reader_3_2.csv
3822,2,0,2,Reader_3_3.csv
3822,2,0,2,Reader_3_4.csv
3822,15,12,3,Reader_3_5.csv
3822,1,1,0,Reader_3_6.csv
3822,3,1,2,Reader_3_7.csv
3823,7,7,0,Reader_1_1.csv
3823,0,0,0,Reader_1_10.csv
3823,3,3,0,Reader_1_11.csv
3823,2,2,0,Reader_1_12.csv
3823,4,3,1,Reader_1_2.csv
3823,2,2,0,Reader_1_3.csv
3823,3,3,0,Reader_1_4.csv
3823,3,3,0,Reader_1_5.csv
3823,1,1,0,Reader_1_6.csv
3823,2,2,0,Reader_1_7.csv
3823,1,0,1,Reader_1_8.csv
3823,0,0,0,Reader_1_9.csv
3823,1,1,0,Reader_2_1.csv
3823,0,0,0,Reader_2_10.csv
3823,0,0,0,Reader_2_11.csv
3823,0,0,0,Reader_2_12.csv
3823,2,2,0,Reader_2_2.csv
3823,0,0,0,Reader_2_3.csv
3823,0,0,0,Reader_2_4.csv
3823,0,0,0,Reader_2_5.csv
3823,0,0,0,Reader_2_6.csv
3823,0,0,0,Reader_2_7.csv
3823,0,0,0,Reader_2_8.csv
3823,0,0,0,Reader_2_9.csv
3823,5,5,0,reader_3_1.csv
3823,27,21,6,Reader_3_2.csv
3823,2,0,2,Reader_3_3.csv
3823,2,0,2,Reader_3_4.csv
3823,11,9,2,Reader_3_5.csv
3823,1,1,0,Reader_3_6.csv
3823,2,0,2,Reader_3_7.csv
3824,8,8,0,Reader_1_1.csv
3824,0,0,0,Reader_1_10.csv
3824,2,2,0,Reader_1_11.csv
3824,2,2,0,Reader_1_12.csv
3824,3,2,1,Reader_1_2.csv
3824,2,2,0,Reader_1_3.csv
3824,2,2,0,Reader_1_4.csv
3824,2,2,0,Reader_1_5.csv
3824,1,1,0,Reader_1_6.csv
3824,3,3,0,Reader_1_7.csv
3824,0,0,0,Reader_1_8.csv
3824,0,0,0,Reader_1_9.csv
3824,1,1,0,Reader_2_1.csv
3824,0,0,0,Reader_2_10.csv
3824,0,0,0,Reader_2_11.csv
3824,0,0,0,Reader_2_12.csv
3824,1,1,0,Reader_2_2.csv
3824,0,0,0,Reader_2_3.csv
3824,0,0,0,Reader_2_4.csv
3824,0,0,0,Reader_2_5.csv
3824,0,0,0,Reader_2_6.csv
3824,0,0,0,Reader_2_7.csv
3824,0,0,0,Reader_2_8.csv
3824,0,0,0,Reader_2_9.csv
3824,5,5,0,reader_3_1.csv
3824,21,15,6,Reader_3_2.csv
3824,2,0,2,Reader_3_3.csv
3824,2,0,2,Reader_3_4.csv
3824,8,7,1,Reader_3_5.csv
3824,1,1,0,Reader_3_6.csv
3824,1,0,1,Reader_3_7.csv
3825,9,9,0,Reader_1_1.csv
3825,1,1,0,Reader_1_10.csv
3825,2,2,0,Reader_1_11.csv
3825,2,2,0,Reader_1_12.csv
3825,4,3,1,Reader_1_2.csv
3825,2,2,0,Reader_1_3.csv
3825,2,2,0,Reader_1_4.csv
3825,2,2,0,Reader_1_5.csv
3825,1,1,0,Reader_1_6.csv
3825,3,3,0,Reader_1_7.csv
3825,0,0,0,Reader_1_8.csv
3825,0,0,0,Reader_1_9.csv
3825,1,1,0,Reader_2_1.csv
3825,0,0,0,Reader_2_10.csv
3825,0,0,0,Reader_2_11.csv
3825,0,0,0,Reader_2_12.csv
3825,1,1,0,Reader_2_2.csv
3825,1,1,0,Reader_2_3.csv
3825,0,0,0,Reader_2_4.csv
3825,0,0,0,Reader_2_5.csv
3825,0,0,0,Reader_2_6.csv
3825,0,0,0,Reader_2_7.csv
3825,0,0,0,Reader_2_8.csv
3825,0,0,0,Reader_2_9.csv
3825,4,4,0,reader_3_1.csv
3825,20,14,6,Reader_3_2.csv
3825,2,0,2,Reader_3_3.csv
3825,2,0,2,Reader_3_4.csv
3825,6,5,1,Reader_3_5.csv
3825,1,1,0,Reader_3_6.csv
3825,1,0,1,Reader_3_7.csv
3826,9,9,0,Reader_1_1.csv
3826,1,1,0,Reader_1_10.csv
3826,3,3,0,Reader_1_11.csv
3826,2,2,0,Reader_1_12.csv
3826,4,4,0,Reader_1_2.csv
3826,2,2,0,Reader_1_3.csv
3826,2,2,0,Reader_1_4.csv
3826,1,1,0,Reader_1_5.csv
3826,1,1,0,Reader_1_6.csv
3826,3,3,0,Reader_1_7.csv
3826,0,0,0,Reader_1_8.csv
3826,0,0,0,Reader_1_9.csv
3826,1,1,0,Reader_2_1.csv
3826,0,0,0,Reader_2_10.csv
3826,0,0,0,Reader_2_11.csv
3826,0,0,0,Reader_2_12.csv
3826,1,1,0,Reader_2_2.csv
3826,1,1,0,Reader_2_3.csv
3826,0,0,0,Reader_2_4.csv
3826,0,0,0,Reader_2_5.csv
3826,0,0,0,Reader_2_6.csv
3826,0,0,0,Reader_2_7.csv
3826,0,0,0,Reader_2_8.csv
3826,0,0,0,Reader_2_9.csv
3826,2,2,0,reader_3_1.csv
3826,22,15,7,Reader_3_2.csv
3826,2,0,2,Reader_3_3.csv
3826,2,0,2,Reader_3_4.csv
3826,3,2,1,Reader_3_5.csv
3826,1,1,0,Reader_3_6.csv
3826,1,0,1,Reader_3_7.csv
3827,12,12,0,Reader_1_1.csv
3827,1,1,0,Reader_1_10.csv
3827,1,1,0,Reader_1_11.csv
3827,2,2,0,Reader_1_12.csv
3827,6,6,0,Reader_1_2.csv
3827,2,2,0,Reader_1_3.csv
3827,2,2,0,Reader_1_4.csv
3827,1,1,0,Reader_1_5.csv
3827,1,1,0,Reader_1_6.csv
3827,3,3,0,Reader_1_7.csv
3827,0,0,0,Reader_1_8.csv
3827,0,0,0,Reader_1_9.csv
3827,1,1,0,Reader_2_1.csv
3827,0,0,0,Reader_2_10.csv
3827,0,0,0,Reader_2_11.csv
3827,0,0,0,Reader_2_12.csv
3827,1,1,0,Reader_2_2.csv
3827,1,1,0,Reader_2_3.csv
3827,0,0,0,Reader_2_4.csv
3827,0,0,0,Reader_2_5.csv
3827,0,0,0,Reader_2_6.csv
3827,0,0,0,Reader_2_7.csv
3827,0,0,0,Reader_2_8.csv
3827,0,0,0,Reader_2_9.csv
3827,2,2,0,reader_3_1.csv
3827,18,13,5,Reader_3_2.csv
3827,2,0,2,Reader_3_3.csv
3827,2,0,2,Reader_3_4.csv
3827,2,1,1,Reader_3_5.csv
3827,0,0,0,Reader_3_6.csv
3827,2,0,2,Reader_3_7.csv
3828,11,11,0,Reader_1_1.csv
3828,1,1,0,Reader_1_10.csv
3828,1,1,0,Reader_1_11.csv
3828,2,2,0,Reader_1_12.csv
3828,6,6,0,Reader_1_2.csv
3828,1,1,0,Reader_1_3.csv
3828,2,2,0,Reader_1_4.csv
3828,1,1,0,Reader_1_5.csv
3828,1,0,1,Reader_1_6.csv
3828,3,3,0,Reader_1_7.csv
3828,0,0,0,Reader_1_8.csv
3828,0,0,0,Reader_1_9.csv
3828,1,1,0,Reader_2_1.csv
3828,0,0,0,Reader_2_10.csv
3828,0,0,0,Reader_2_11.csv
3828,0,0,0,Reader_2_12.csv
3828,0,0,0,Reader_2_2.csv
3828,1,1,0,Reader_2_3.csv
3828,0,0,0,Reader_2_4.csv
3828,0,0,0,Reader_2_5.csv
3828,0,0,0,Reader_2_6.csv
3828,0,0,0,Reader_2_7.csv
3828,0,0,0,Reader_2_8.csv
3828,0,0,0,Reader_2_9.csv
3828,2,2,0,reader_3_1.csv
3828,16,11,5,Reader_3_2.csv
3828,2,0,2,Reader_3_3.csv
3828,2,0,2,Reader_3_4.csv
3828,2,1,1,Reader_3_5.csv
3828,0,0,0,Reader_3_6.csv
3828,1,0,1,Reader_3_7.csv
3829,10,10,0,Reader_1_1.csv
3829,1,1,0,Reader_1_10.csv
3829,3,2,1,Reader_1_11.csv
3829,1,1,0,Reader_1_12.csv
3829,7,7,0,Reader_1_2.csv
3829,1,1,0,Reader_1_3.csv
3829,1,1,0,Reader_1_4.csv
3829,1,1,0,Reader_1_5.csv
3829,2,1,1,Reader_1_6.csv
3829,2,2,0,Reader_1_7.csv
3829,0,0,0,Reader_1_8.csv
3829,0,0,0,Reader_1_9.csv
3829,1,1,0,Reader_2_1.csv
3829,0,0,0,Reader_2_10.csv
3829,0,0,0,Reader_2_11.csv
3829,0,0,0,Reader_2_12.csv
3829,0,0,0,Reader_2_2.csv
3829,1,1,0,Reader_2_3.csv
3829,0,0,0,Reader_2_4.csv
3829,0,0,0,Reader_2_5.csv
3829,0,0,0,Reader_2_6.csv
3829,0,0,0,Reader_2_7.csv
3829,0,0,0,Reader_2_8.csv
3829,0,0,0,Reader_2_9.csv
3829,2,2,0,reader_3_1.csv
3829,14,9,5,Reader_3_2.csv
3829,1,1,0,Reader_3_3.csv
3829,1,1,0,Reader_3_4.csv
3829,2,0,2,Reader_3_5.csv
3829,0,0,0,Reader_3_6.csv
3829,1,0,1,Reader_3_7.csv
3830,10,10,0,Reader_1_1.csv
3830,1,1,0,Reader_1_10.csv
3830,3,2,1,Reader_1_11.csv
3830,1,1,0,Reader_1_12.csv
3830,7,7,0,Reader_1_2.csv
3830,1,1,0,Reader_1_3.csv
3830,0,0,0,Reader_1_4.csv
3830,1,1,0,Reader_1_5.csv
3830,3,2,1,Reader_1_6.csv
3830,2,2,0,Reader_1_7.csv
3830,0,0,0,Reader_1_8.csv
3830,0,0,0,Reader_1_9.csv
3830,0,0,0,Reader_2_1.csv
3830,0,0,0,Reader_2_10.csv
3830,0,0,0,Reader_2_11.csv
3830,0,0,0,Reader_2_12.csv
3830,0,0,0,Reader_2_2.csv
3830,2,1,1,Reader_2_3.csv
3830,0,0,0,Reader_2_4.csv
3830,0,0,0,Reader_2_5.csv
3830,1,1,0,Reader_2_6.csv
3830,0,0,0,Reader_2_7.csv
3830,0,0,0,Reader_2_8.csv
3830,0,0,0,Reader_2_9.csv
3830,2,2,0,reader_3_1.csv
3830,13,8,5,Reader_3_2.csv
3830,2,2,0,Reader_3_3.csv
3830,2,2,0,Reader_3_4.csv
3830,3,0,3,Reader_3_5.csv
3830,0,0,0,Reader_3_6.csv
3830,1,0,1,Reader_3_7.csv
3831,10,10,0,Reader_1_1.csv
3831,1,1,0,Reader_1_10.csv
3831,3,2,1,Reader_1_11.csv
3831,0,0,0,Reader_1_12.csv
3831,9,9,0,Reader_1_2.csv
3831,1,1,0,Reader_1_3.csv
3831,0,0,0,Reader_1_4.csv
3831,1,1,0,Reader_1_5.csv
3831,3,2,1,Reader_1_6.csv
3831,3,3,0,Reader_1_7.csv
3831,0,0,0,Reader_1_8.csv
3831,0,0,0,Reader_1_9.csv
3831,1,1,0,Reader_2_1.csv
3831,0,0,0,Reader_2_10.csv
3831,0,0,0,Reader_2_11.csv
3831,0,0,0,Reader_2_12.csv
3831,0,0,0,Reader_2_2.csv
3831,2,1,1,Reader_2_3.csv
3831,0,0,0,Reader_2_4.csv
3831,0,0,0,Reader_2_5.csv
3831,1,1,0,Reader_2_6.csv
3831,0,0,0,Reader_2_7.csv
3831,0,0,0,Reader_2_8.csv
3831,0,0,0,Reader_2_9.csv
3831,0,0,0,reader_3_1.csv
3831,16,11,5,Reader_3_2.csv
3831,2,2,0,Reader_3_3.csv
3831,2,2,0,Reader_3_4.csv
3831,3,0,3,Reader_3_5.csv
3831,0,0,0,Reader_3_6.csv
3831,3,2,1,Reader_3_7.csv
3832,11,10,1,Reader_1_1.csv
3832,2,2,0,Reader_1_10.csv
3832,4,3,1,Reader_1_11.csv
3832,0,0,0,Reader_1_12.csv
3832,9,9,0,Reader_1_2.csv
3832,1,1,0,Reader_1_3.csv
3832,0,0,0,Reader_1_4.csv
3832,1,1,0,Reader_1_5.csv
3832,3,2,1,Reader_1_6.csv
3832,2,2,0,Reader_1_7.csv
3832,1,0,1,Reader_1_8.csv
3832,0,0,0,Reader_1_9.csv
3832,1,1,0,Reader_2_1.csv
3832,0,0,0,Reader_2_10.csv
3832,0,0,0,Reader_2_11.csv
3832,0,0,0,Reader_2_12.csv
3832,0,0,0,Reader_2_2.csv
3832,2,1,1,Reader_2_3.csv
3832,0,0,0,Reader_2_4.csv
3832,0,0,0,Reader_2_5.csv
3832,1,1,0,Reader_2_6.csv
3832,0,0,0,Reader_2_7.csv
3832,0,0,0,Reader_2_8.csv
3832,0,0,0,Reader_2_9.csv
3832,0,0,0,reader_3_1.csv
3832,15,11,4,Reader_3_2.csv
3832,2,2,0,Reader_3_3.csv
3832,2,2,0,Reader_3_4.csv
3832,3,0,3,Reader_3_5.csv
3832,0,0,0,Reader_3_6.csv
3832,4,3,1,Reader_3_7.csv
3833,10,9,1,Reader_1_1.csv
3833,1,1,0,Reader_1_10.csv
3833,5,4,1,Reader_1_11.csv
3833,0,0,0,Reader_1_12.csv
3833,13,13,0,Reader_1_2.csv
3833,2,2,0,Reader_1_3.csv
3833,0,0,0,Reader_1_4.csv
3833,1,1,0,Reader_1_5.csv
3833,3,2,1,Reader_1_6.csv
3833,2,2,0,Reader_1_7.csv
3833,1,0,1,Reader_1_8.csv
3833,0,0,0,Reader_1_9.csv
3833,2,2,0,Reader_2_1.csv
3833,0,0,0,Reader_2_10.csv
3833,0,0,0,Reader_2_11.csv
3833,0,0,0,Reader_2_12.csv
3833,0,0,0,Reader_2_2.csv
3833,1,0,1,Reader_2_3.csv
3833,0,0,0,Reader_2_4.csv
3833,0,0,0,Reader_2_5.csv
3833,1,1,0,Reader_2_6.csv
3833,0,0,0,Reader_2_7.csv
3833,0,0,0,Reader_2_8.csv
3833,0,0,0,Reader_2_9.csv
3833,1,1,0,reader_3_1.csv
3833,14,9,5,Reader_3_2.csv
3833,2,2,0,Reader_3_3.csv
3833,2,2,0,Reader_3_4.csv
3833,3,0,3,Reader_3_5.csv
3833,0,0,0,Reader_3_6.csv
3833,4,3,1,Reader_3_7.csv
3834,9,8,1,Reader_1_1.csv
3834,1,1,0,Reader_1_10.csv
3834,4,3,1,Reader_1_11.csv
3834,0,0,0,Reader_1_12.csv
3834,12,12,0,Reader_1_2.csv
3834,2,2,0,Reader_1_3.csv
3834,0,0,0,Reader_1_4.csv
3834,1,1,0,Reader_1_5.csv
3834,3,2,1,Reader_1_6.csv
3834,2,2,0,Reader_1_7.csv
3834,1,0,1,Reader_1_8.csv
3834,0,0,0,Reader_1_9.csv
3834,2,2,0,Reader_2_1.csv
3834,0,0,0,Reader_2_10.csv
3834,0,0,0,Reader_2_11.csv
3834,0,0,0,Reader_2_12.csv
3834,0,0,0,Reader_2_2.csv
3834,2,0,2,Reader_2_3.csv
3834,0,0,0,Reader_2_4.csv
3834,0,0,0,Reader_2_5.csv
3834,1,1,0,Reader_2_6.csv
3834,0,0,0,Reader_2_7.csv
3834,0,0,0,Reader_2_8.csv
3834,0,0,0,Reader_2_9.csv
3834,1,1,0,reader_3_1.csv
3834,7,5,2,Reader_3_2.csv
3834,3,3,0,Reader_3_3.csv
3834,3,3,0,Reader_3_4.csv
3834,2,0,2,Reader_3_5.csv
3834,0,0,0,Reader_3_6.csv
3834,4,3,1,Reader_3_7.csv
3835,8,7,1,Reader_1_1.csv
3835,1,1,0,Reader_1_10.csv
3835,5,4,1,Reader_1_11.csv
3835,0,0,0,Reader_1_12.csv
3835,10,10,0,Reader_1_2.csv
3835,2,2,0,Reader_1_3.csv
3835,0,0,0,Reader_1_4.csv
3835,1,1,0,Reader_1_5.csv
3835,3,2,1,Reader_1_6.csv
3835,1,1,0,Reader_1_7.csv
3835,1,0,1,Reader_1_8.csv
3835,0,0,0,Reader_1_9.csv
3835,2,2,0,Reader_2_1.csv
3835,0,0,0,Reader_2_10.csv
3835,0,0,0,Reader_2_11.csv
3835,0,0,0,Reader_2_12.csv
3835,0,0,0,Reader_2_2.csv
3835,2,0,2,Reader_2_3.csv
3835,0,0,0,Reader_2_4.csv
3835,0,0,0,Reader_2_5.csv
3835,1,1,0,Reader_2_6.csv
3835,0,0,0,Reader_2_7.csv
3835,0,0,0,Reader_2_8.csv
3835,0,0,0,Reader_2_9.csv
3835,2,1,1,reader_3_1.csv
3835,8,5,3,Reader_3_2.csv
3835,4,4,0,Reader_3_3.csv
3835,4,4,0,Reader_3_4.csv
3835,2,0,2,Reader_3_5.csv
3835,0,0,0,Reader_3_6.csv
3835,3,3,0,Reader_3_7.csv
3836,6,5,1,Reader_1_1.csv
3836,1,1,0,Reader_1_10.csv
3836,5,4,1,Reader_1_11.csv
3836,0,0,0,Reader_1_12.csv
3836,11,11,0,Reader_1_2.csv
3836,2,2,0,Reader_1_3.csv
3836,0,0,0,Reader_1_4.csv
3836,2,2,0,Reader_1_5.csv
3836,2,2,0,Reader_1_6.csv
3836,1,1,0,Reader_1_7.csv
3836,2,0,2,Reader_1_8.csv
3836,0,0,0,Reader_1_9.csv
3836,2,2,0,Reader_2_1.csv
3836,0,0,0,Reader_2_10.csv
3836,0,0,0,Reader_2_11.csv
3836,0,0,0,Reader_2_12.csv
3836,0,0,0,Reader_2_2.csv
3836,2,0,2,Reader_2_3.csv
3836,0,0,0,Reader_2_4.csv
3836,0,0,0,Reader_2_5.csv
3836,2,2,0,Reader_2_6.csv
3836,0,0,0,Reader_2_7.csv
3836,0,0,0,Reader_2_8.csv
3836,0,0,0,Reader_2_9.csv
3836,2,1,1,reader_3_1.csv
3836,10,7,3,Reader_3_2.csv
3836,5,5,0,Reader_3_3.csv
3836,5,5,0,Reader_3_4.csv
3836,2,0,2,Reader_3_5.csv
3836,0,0,0,Reader_3_6.csv
3836,3,3,0,Reader_3_7.csv
3837,6,5,1,Reader_1_1.csv
3837,2,2,0,Reader_1_10.csv
3837,4,4,0,Reader_1_11.csv
3837,0,0,0,Reader_1_12.csv
3837,12,12,0,Reader_1_2.csv
3837,2,2,0,Reader_1_3.csv
3837,0,0,0,Reader_1_4.csv
3837,2,2,0,Reader_1_5.csv
3837,1,1,0,Reader_1_6.csv
3837,1,1,0,Reader_1_7.csv
3837,2,0,2,Reader_1_8.csv
3837,0,0,0,Reader_1_9.csv
3837,2,2,0,Reader_2_1.csv
3837,0,0,0,Reader_2_10.csv
3837,0,0,0,Reader_2_11.csv
3837,0,0,0,Reader_2_12.csv
3837,0,0,0,Reader_2_2.csv
3837,2,0,2,Reader_2_3.csv
3837,0,0,0,Reader_2_4.csv
3837,0,0,0,Reader_2_5.csv
3837,2,2,0,Reader_2_6.csv
3837,0,0,0,Reader_2_7.csv
3837,0,0,0,Reader_2_8.csv
3837,0,0,0,Reader_2_9.csv
3837,2,1,1,reader_3_1.csv
3837,12,8,4,Reader_3_2.csv
3837,4,4,0,Reader_3_3.csv
3837,4,4,0,Reader_3_4.csv
3837,1,0,1,Reader_3_5.csv
3837,1,1,0,Reader_3_6.csv
3837,4,4,0,Reader_3_7.csv
3838,7,6,1,Reader_1_1.csv
3838,2,2,0,Reader_1_10.csv
3838,4,4,0,Reader_1_11.csv
3838,0,0,0,Reader_1_12.csv
3838,14,14,0,Reader_1_2.csv
3838,2,2,0,Reader_1_3.csv
3838,0,0,0,Reader_1_4.csv
3838,2,2,0,Reader_1_5.csv
3838,0,0,0,Reader_1_6.csv
3838,2,2,0,Reader_1_7.csv
3838,2,0,2,Reader_1_8.csv
3838,0,0,0,Reader_1_9.csv
3838,2,2,0,Reader_2_1.csv
3838,0,0,0,Reader_2_10.csv
3838,0,0,0,Reader_2_11.csv
3838,0,0,0,Reader_2_12.csv
3838,0,0,0,Reader_2_2.csv
3838,1,0,1,Reader_2_3.csv
3838,0,0,0,Reader_2_4.csv
3838,0,0,0,Reader_2_5.csv
3838,1,1,0,Reader_2_6.csv
3838,0,0,0,Reader_2_7.csv
3838,0,0,0,Reader_2_8.csv
3838,0,0,0,Reader_2_9.csv
3838,2,1,1,reader_3_1.csv
3838,13,10,3,Reader_3_2.csv
3838,3,3,0,Reader_3_3.csv
3838,3,3,0,Reader_3_4.csv
3838,0,0,0,Reader_3_5.csv
3838,1,1,0,Reader_3_6.csv
3838,5,4,1,Reader_3_7.csv
3839,6,5,1,Reader_1_1.csv
3839,2,2,0,Reader_1_10.csv
3839,4,4,0,Reader_1_11.csv
3839,0,0,0,Reader_1_12.csv
3839,15,14,1,Reader_1_2.csv
3839,2,2,0,Reader_1_3.csv
3839,0,0,0,Reader_1_4.csv
3839,4,4,0,Reader_1_5.csv
3839,0,0,0,Reader_1_6.csv
3839,1,1,0,Reader_1_7.csv
3839,2,0,2,Reader_1_8.csv
3839,0,0,0,Reader_1_9.csv
3839,1,1,0,Reader_2_1.csv
3839,0,0,0,Reader_2_10.csv
3839,0,0,0,Reader_2_11.csv
3839,0,0,0,Reader_2_12.csv
3839,0,0,0,Reader_2_2.csv
3839,1,0,1,Reader_2_3.csv
3839,0,0,0,Reader_2_4.csv
3839,0,0,0,Reader_2_5.csv
3839,1,1,0,Reader_2_6.csv
3839,0,0,0,Reader_2_7.csv
3839,0,0,0,Reader_2_8.csv
3839,0,0,0,Reader_2_9.csv
3839,2,1,1,reader_3_1.csv
3839,11,8,3,Reader_3_2.csv
3839,3,3,0,Reader_3_3.csv
3839,3,3,0,Reader_3_4.csv
3839,0,0,0,Reader_3_5.csv
3839,1,1,0,Reader_3_6.csv
3839,3,2,1,Reader_3_7.csv
3840,5,5,0,Reader_1_1.csv
3840,1,1,0,Reader_1_10.csv
3840,4,3,1,Reader_1_11.csv
3840,0,0,0,Reader_1_12.csv
3840,14,13,1,Reader_1_2.csv
3840,2,2,0,Reader_1_3.csv
3840,0,0,0,Reader_1_4.csv
3840,4,4,0,Reader_1_5.csv
3840,0,0,0,Reader_1_6.csv
3840,1,1,0,Reader_1_7.csv
3840,1,0,1,Reader_1_8.csv
3840,0,0,0,Reader_1_9.csv
3840,1,1,0,Reader_2_1.csv
3840,0,0,0,Reader_2_10.csv
3840,0,0,0,Reader_2_11.csv
3840,0,0,0,Reader_2_12.csv
3840,0,0,0,Reader_2_2.csv
3840,1,0,1,Reader_2_3.csv
3840,0,0,0,Reader_2_4.csv
3840,0,0,0,Reader_2_5.csv
3840,2,2,0,Reader_2_6.csv
3840,0,0,0,Reader_2_7.csv
3840,0,0,0,Reader_2_8.csv
3840,0,0,0,Reader_2_9.csv
3840,3,1,2,reader_3_1.csv
3840,12,9,3,Reader_3_2.csv
3840,3,3,0,Reader_3_3.csv
3840,3,3,0,Reader_3_4.csv
3840,1,1,0,Reader_3_5.csv
3840,1,1,0,Reader_3_6.csv
3840,2,1,1,Reader_3_7.csv
3841,4,4,0,Reader_1_1.csv
3841,1,1,0,Reader_1_10.csv
3841,3,2,1,Reader_1_11.csv
3841,0,0,0,Reader_1_12.csv
3841,10,9,1,Reader_1_2.csv
3841,1,1,0,Reader_1_3.csv
3841,0,0,0,Reader_1_4.csv
3841,5,5,0,Reader_1_5.csv
3841,1,0,1,Reader_1_6.csv
3841,1,1,0,Reader_1_7.csv
3841,1,0,1,Reader_1_8.csv
3841,0,0,0,Reader_1_9.csv
3841,0,0,0,Reader_2_1.csv
3841,0,0,0,Reader_2_10.csv
3841,0,0,0,Reader_2_11.csv
3841,0,0,0,Reader_2_12.csv
3841,0,0,0,Reader_2_2.csv
3841,1,0,1,Reader_2_3.csv
3841,0,0,0,Reader_2_4.csv
3841,0,0,0,Reader_2_5.csv
3841,2,2,0,Reader_2_6.csv
3841,0,0,0,Reader_2_7.csv
3841,0,0,0,Reader_2_8.csv
3841,0,0,0,Reader_2_9.csv
3841,2,0,2,reader_3_1.csv
3841,13,10,3,Reader_3_2.csv
3841,4,4,0,Reader_3_3.csv
3841,4,4,0,Reader_3_4.csv
3841,3,3,0,Reader_3_5.csv
3841,1,1,0,Reader_3_6.csv
3841,2,1,1,Reader_3_7.csv
3842,5,5,0,Reader_1_1.csv
3842,1,1,0,Reader_1_10.csv
3842,3,2,1,Reader_1_11.csv
3842,0,0,0,Reader_1_12.csv
3842,11,10,1,Reader_1_2.csv
3842,1,1,0,Reader_1_3.csv
3842,0,0,0,Reader_1_4.csv
3842,5,5,0,Reader_1_5.csv
3842,1,0,1,Reader_1_6.csv
3842,1,1,0,Reader_1_7.csv
3842,1,0,1,Reader_1_8.csv
3842,0,0,0,Reader_1_9.csv
3842,0,0,0,Reader_2_1.csv
3842,0,0,0,Reader_2_10.csv
3842,0,0,0,Reader_2_11.csv
3842,0,0,0,Reader_2_12.csv
3842,0,0,0,Reader_2_2.csv
3842,0,0,0,Reader_2_3.csv
3842,0,0,0,Reader_2_4.csv
3842,0,0,0,Reader_2_5.csv
3842,3,3,0,Reader_2_6.csv
3842,0,0,0,Reader_2_7.csv
3842,0,0,0,Reader_2_8.csv
3842,0,0,0,Reader_2_9.csv
3842,2,0,2,reader_3_1.csv
3842,14,11,3,Reader_3_2.csv
3842,3,3,0,Reader_3_3.csv
3842,3,3,0,Reader_3_4.csv
3842,3,3,0,Reader_3_5.csv
3842,2,2,0,Reader_3_6.csv
3842,2,1,1,Reader_3_7.csv
3843,3,3,0,Reader_1_1.csv
3843,1,1,0,Reader_1_10.csv
3843,4,3,1,Reader_1_11.csv
3843,0,0,0,Reader_1_12.csv
3843,11,10,1,Reader_1_2.csv
3843,0,0,0,Reader_1_3.csv
3843,0,0,0,Reader_1_4.csv
3843,5,5,0,Reader_1_5.csv
3843,1,0,1,Reader_1_6.csv
3843,1,1,0,Reader_1_7.csv
3843,1,0,1,Reader_1_8.csv
3843,0,0,0,Reader_1_9.csv
3843,0,0,0,Reader_2_1.csv
3843,0,0,0,Reader_2_10.csv
3843,0,0,0,Reader_2_11.csv
3843,0,0,0,Reader_2_12.csv
3843,0,0,0,Reader_2_2.csv
3843,0,0,0,Reader_2_3.csv
3843,0,0,0,Reader_2_4.csv
3843,0,0,0,Reader_2_5.csv
3843,3,3,0,Reader_2_6.csv
3843,0,0,0,Reader_2_7.csv
3843,0,0,0,Reader_2_8.csv
3843,0,0,0,Reader_2_9.csv
3843,2,1,1,reader_3_1.csv
3843,13,11,2,Reader_3_2.csv
3843,2,2,0,Reader_3_3.csv
3843,2,2,0,Reader_3_4.csv
3843,4,4,0,Reader_3_5.csv
3843,2,2,0,Reader_3_6.csv
3843,2,1,1,Reader_3_7.csv
3844,5,5,0,Reader_1_1.csv
3844,1,1,0,Reader_1_10.csv
3844,4,3,1,Reader_1_11.csv
3844,0,0,0,Reader_1_12.csv
3844,12,11,1,Reader_1_2.csv
3844,0,0,0,Reader_1_3.csv
3844,0,0,0,Reader_1_4.csv
3844,4,4,0,Reader_1_5.csv
3844,1,0,1,Reader_1_6.csv
3844,1,1,0,Reader_1_7.csv
3844,0,0,0,Reader_1_8.csv
3844,0,0,0,Reader_1_9.csv
3844,1,1,0,Reader_2_1.csv
3844,0,0,0,Reader_2_10.csv
3844,0,0,0,Reader_2_11.csv
3844,0,0,0,Reader_2_12.csv
3844,0,0,0,Reader_2_2.csv
3844,0,0,0,Reader_2_3.csv
3844,0,0,0,Reader_2_4.csv
3844,0,0,0,Reader_2_5.csv
3844,2,2,0,Reader_2_6.csv
3844,0,0,0,Reader_2_7.csv
3844,0,0,0,Reader_2_8.csv
3844,0,0,0,Reader_2_9.csv
3844,2,1,1,reader_3_1.csv
3844,12,9,3,Reader_3_2.csv
3844,1,1,0,Reader_3_3.csv
3844,1,1,0,Reader_3_4.csv
3844,5,5,0,Reader_3_5.csv
3844,2,2,0,Reader_3_6.csv
3844,2,1,1,Reader_3_7.csv
3845,5,5,0,Reader_1_1.csv
3845,0,0,0,Reader_1_10.csv
3845,3,2,1,Reader_1_11.csv
3845,0,0,0,Reader_1_12.csv
3845,11,10,1,Reader_1_2.csv
3845,0,0,0,Reader_1_3.csv
3845,0,0,0,Reader_1_4.csv
3845,4,4,0,Reader_1_5.csv
3845,1,0,1,Reader_1_6.csv
3845,1,1,0,Reader_1_7.csv
3845,0,0,0,Reader_1_8.csv
3845,0,0,0,Reader_1_9.csv
3845,1,1,0,Reader_2_1.csv
3845,0,0,0,Reader_2_10.csv
3845,0,0,0,Reader_2_11.csv
3845,0,0,0,Reader_2_12.csv
3845,0,0,0,Reader_2_2.csv
3845,0,0,0,Reader_2_3.csv
3845,0,0,0,Reader_2_4.csv
3845,0,0,0,Reader_2_5.csv
3845,2,2,0,Reader_2_6.csv
3845,1,1,0,Reader_2_7.csv
3845,0,0,0,Reader_2_8.csv
3845,0,0,0,Reader_2_9.csv
3845,2,1,1,reader_3_1.csv
3845,13,10,3,Reader_3_2.csv
3845,2,2,0,Reader_3_3.csv
3845,2,2,0,Reader_3_4.csv
3845,5,5,0,Reader_3_5.csv
3845,1,1,0,Reader_3_6.csv
3845,1,0,1,Reader_3_7.csv
3846,5,5,0,Reader_1_1.csv
3846,0,0,0,Reader_1_10.csv
3846,4,3,1,Reader_1_11.csv
3846,0,0,0,Reader_1_12.csv
3846,8,7,1,Reader_1_2.csv
3846,0,0,0,Reader_1_3.csv
3846,0,0,0,Reader_1_4.csv
3846,5,5,0,Reader_1_5.csv
3846,2,1,1,Reader_1_6.csv
3846,0,0,0,Reader_1_7.csv
3846,0,0,0,Reader_1_8.csv
3846,0,0,0,Reader_1_9.csv
3846,1,1,0,Reader_2_1.csv
3846,0,0,0,Reader_2_10.csv
3846,0,0,0,Reader_2_11.csv
3846,0,0,0,Reader_2_12.csv
3846,0,0,0,Reader_2_2.csv
3846,0,0,0,Reader_2_3.csv
3846,0,0,0,Reader_2_4.csv
3846,0,0,0,Reader_2_5.csv
3846,2,2,0,Reader_2_6.csv
3846,1,1,0,Reader_2_7.csv
3846,0,0,0,Reader_2_8.csv
3846,0,0,0,Reader_2_9.csv
3846,2,1,1,reader_3_1.csv
3846,11,8,3,Reader_3_2.csv
3846,2,2,0,Reader_3_3.csv
3846,2,2,0,Reader_3_4.csv
3846,6,5,1,Reader_3_5.csv
3846,2,2,0,Reader_3_6.csv
3846,0,0,0,Reader_3_7.csv
3847,5,5,0,Reader_1_1.csv
3847,1,0,1,Reader_1_10.csv
3847,4,3,1,Reader_1_11.csv
3847,0,0,0,Reader_1_12.csv
3847,5,5,0,Reader_1_2.csv
3847,0,0,0,Reader_1_3.csv
3847,0,0,0,Reader_1_4.csv
3847,2,2,0,Reader_1_5.csv
3847,2,1,1,Reader_1_6.csv
3847,0,0,0,Reader_1_7.csv
3847,0,0,0,Reader_1_8.csv
3847,0,0,0,Reader_1_9.csv
3847,1,1,0,Reader_2_1.csv
3847,0,0,0,Reader_2_10.csv
3847,0,0,0,Reader_2_11.csv
3847,0,0,0,Reader_2_12.csv
3847,0,0,0,Reader_2_2.csv
3847,0,0,0,Reader_2_3.csv
3847,0,0,0,Reader_2_4.csv
3847,0,0,0,Reader_2_5.csv
3847,2,2,0,Reader_2_6.csv
3847,1,1,0,Reader_2_7.csv
3847,0,0,0,Reader_2_8.csv
3847,0,0,0,Reader_2_9.csv
3847,2,1,1,reader_3_1.csv
3847,9,6,3,Reader_3_2.csv
3847,2,2,0,Reader_3_3.csv
3847,2,2,0,Reader_3_4.csv
3847,6,5,1,Reader_3_5.csv
3847,2,2,0,Reader_3_6.csv
3847,1,0,1,Reader_3_7.csv
3848,5,4,1,Reader_1_1.csv
3848,1,0,1,Reader_1_10.csv
3848,4,4,0,Reader_1_11.csv
3848,0,0,0,Reader_1_12.csv
3848,6,6,0,Reader_1_2.csv
3848,0,0,0,Reader_1_3.csv
3848,0,0,0,Reader_1_4.csv
3848,3,3,0,Reader_1_5.csv
3848,2,1,1,Reader_1_6.csv
3848,0,0,0,Reader_1_7.csv
3848,0,0,0,Reader_1_8.csv
3848,0,0,0,Reader_1_9.csv
3848,1,1,0,Reader_2_1.csv
3848,0,0,0,Reader_2_10.csv
3848,0,0,0,Reader_2_11.csv
3848,0,0,0,Reader_2_12.csv
3848,0,0,0,Reader_2_2.csv
3848,0,0,0,Reader_2_3.csv
3848,0,0,0,Reader_2_4.csv
3848,0,0,0,Reader_2_5.csv
3848,1,1,0,Reader_2_6.csv
3848,1,1,0,Reader_2_7.csv
3848,0,0,0,Reader_2_8.csv
3848,0,0,0,Reader_2_9.csv
3848,1,1,0,reader_3_1.csv
3848,9,6,3,Reader_3_2.csv
3848,4,4,0,Reader_3_3.csv
3848,4,4,0,Reader_3_4.csv
3848,6,5,1,Reader_3_5.csv
3848,2,2,0,Reader_3_6.csv
3848,1,0,1,Reader_3_7.csv
3849,6,5,1,Reader_1_1.csv
3849,2,1,1,Reader_1_10.csv
3849,4,4,0,Reader_1_11.csv
3849,1,1,0,Reader_1_12.csv
3849,5,5,0,Reader_1_2.csv
3849,0,0,0,Reader_1_3.csv
3849,0,0,0,Reader_1_4.csv
3849,2,2,0,Reader_1_5.csv
3849,1,1,0,Reader_1_6.csv
3849,0,0,0,Reader_1_7.csv
3849,0,0,0,Reader_1_8.csv
3849,0,0,0,Reader_1_9.csv
3849,1,1,0,Reader_2_1.csv
3849,0,0,0,Reader_2_10.csv
3849,0,0,0,Reader_2_11.csv
3849,0,0,0,Reader_2_12.csv
3849,0,0,0,Reader_2_2.csv
3849,0,0,0,Reader_2_3.csv
3849,0,0,0,Reader_2_4.csv
3849,0,0,0,Reader_2_5.csv
3849,1,1,0,Reader_2_6.csv
3849,1,1,0,Reader_2_7.csv
3849,0,0,0,Reader_2_8.csv
3849,0,0,0,Reader_2_9.csv
3849,3,3,0,reader_3_1.csv
3849,8,6,2,Reader_3_2.csv
3849,3,3,0,Reader_3_3.csv
3849,3,3,0,Reader_3_4.csv
3849,4,3,1,Reader_3_5.csv
3849,2,2,0,Reader_3_6.csv
3849,1,0,1,Reader_3_7.csv
3850,5,4,1,Reader_1_1.csv
3850,2,1,1,Reader_1_10.csv
3850,4,4,0,Reader_1_11.csv
3850,1,1,0,Reader_1_12.csv
3850,5,5,0,Reader_1_2.csv
3850,0,0,0,Reader_1_3.csv
3850,0,0,0,Reader_1_4.csv
3850,2,2,0,Reader_1_5.csv
3850,1,1,0,Reader_1_6.csv
3850,0,0,0,Reader_1_7.csv
3850,0,0,0,Reader_1_8.csv
3850,0,0,0,Reader_1_9.csv
3850,1,1,0,Reader_2_1.csv
3850,0,0,0,Reader_2_10.csv
3850,0,0,0,Reader_2_11.csv
3850,0,0,0,Reader_2_12.csv
3850,0,0,0,Reader_2_2.csv
3850,0,0,0,Reader_2_3.csv
3850,0,0,0,Reader_2_4.csv
3850,0,0,0,Reader_2_5.csv
3850,0,0,0,Reader_2_6.csv
3850,1,1,0,Reader_2_7.csv
3850,0,0,0,Reader_2_8.csv
3850,0,0,0,Reader_2_9.csv
3850,3,3,0,reader_3_1.csv
3850,7,5,2,Reader_3_2.csv
3850,3,3,0,Reader_3_3.csv
3850,3,3,0,Reader_3_4.csv
3850,4,3,1,Reader_3_5.csv
3850,1,1,0,Reader_3_6.csv
3850,1,0,1,Reader_3_7.csv
3851,6,5,1,Reader_1_1.csv
3851,2,1,1,Reader_1_10.csv
3851,2,2,0,Reader_1_11.csv
3851,1,1,0,Reader_1_12.csv
3851,5,5,0,Reader_1_2.csv
3851,0,0,0,Reader_1_3.csv
3851,0,0,0,Reader_1_4.csv
3851,2,2,0,Reader_1_5.csv
3851,1,1,0,Reader_1_6.csv
3851,0,0,0,Reader_1_7.csv
3851,0,0,0,Reader_1_8.csv
3851,0,0,0,Reader_1_9.csv
3851,1,1,0,Reader_2_1.csv
3851,0,0,0,Reader_2_10.csv
3851,0,0,0,Reader_2_11.csv
3851,1,1,0,Reader_2_12.csv
3851,0,0,0,Reader_2_2.csv
3851,0,0,0,Reader_2_3.csv
3851,0,0,0,Reader_2_4.csv
3851,0,0,0,Reader_2_5.csv
3851,0,0,0,Reader_2_6.csv
3851,1,1,0,Reader_2_7.csv
3851,0,0,0,Reader_2_8.csv
3851,0,0,0,Reader_2_9.csv
3851,2,2,0,reader_3_1.csv
3851,7,5,2,Reader_3_2.csv
3851,4,4,0,Reader_3_3.csv
3851,4,4,0,Reader_3_4.csv
3851,3,2,1,Reader_3_5.csv
3851,1,1,0,Reader_3_6.csv
3851,1,0,1,Reader_3_7.csv
3852,5,4,1,Reader_1_1.csv
3852,2,1,1,Reader_1_10.csv
3852,2,2,0,Reader_1_11.csv
3852,1,1,0,Reader_1_12.csv
3852,3,3,0,Reader_1_2.csv
3852,1,0,1,Reader_1_3.csv
3852,0,0,0,Reader_1_4.csv
3852,4,2,2,Reader_1_5.csv
3852,1,1,0,Reader_1_6.csv
3852,0,0,0,Reader_1_7.csv
3852,0,0,0,Reader_1_8.csv
3852,0,0,0,Reader_1_9.csv
3852,0,0,0,Reader_2_1.csv
3852,0,0,0,Reader_2_10.csv
3852,0,0,0,Reader_2_11.csv
3852,1,1,0,Reader_2_12.csv
3852,0,0,0,Reader_2_2.csv
3852,0,0,0,Reader_2_3.csv
3852,0,0,0,Reader_2_4.csv
3852,0,0,0,Reader_2_5.csv
3852,0,0,0,Reader_2_6.csv
3852,1,1,0,Reader_2_7.csv
3852,0,0,0,Reader_2_8.csv
3852,0,0,0,Reader_2_9.csv
3852,2,2,0,reader_3_1.csv
3852,6,5,1,Reader_3_2.csv
3852,4,4,0,Reader_3_3.csv
3852,4,4,0,Reader_3_4.csv
3852,2,1,1,Reader_3_5.csv
3852,1,1,0,Reader_3_6.csv
3852,1,0,1,Reader_3_7.csv
3853,5,4,1,Reader_1_1.csv
3853,3,2,1,Reader_1_10.csv
3853,2,2,0,Reader_1_11.csv
3853,2,2,0,Reader_1_12.csv
3853,3,3,0,Reader_1_2.csv
3853,1,0,1,Reader_1_3.csv
3853,0,0,0,Reader_1_4.csv
3853,4,2,2,Reader_1_5.csv
3853,1,1,0,Reader_1_6.csv
3853,0,0,0,Reader_1_7.csv
3853,0,0,0,Reader_1_8.csv
3853,0,0,0,Reader_1_9.csv
3853,0,0,0,Reader_2_1.csv
3853,0,0,0,Reader_2_10.csv
3853,0,0,0,Reader_2_11.csv
3853,1,1,0,Reader_2_12.csv
3853,0,0,0,Reader_2_2.csv
3853,0,0,0,Reader_2_3.csv
3853,0,0,0,Reader_2_4.csv
3853,0,0,0,Reader_2_5.csv
3853,0,0,0,Reader_2_6.csv
3853,0,0,0,Reader_2_7.csv
3853,0,0,0,Reader_2_8.csv
3853,0,0,0,Reader_2_9.csv
3853,2,2,0,reader_3_1.csv
3853,5,4,1,Reader_3_2.csv
3853,3,3,0,Reader_3_3.csv
3853,3,3,0,Reader_3_4.csv
3853,2,1,1,Reader_3_5.csv
3853,1,1,0,Reader_3_6.csv
3853,1,0,1,Reader_3_7.csv
3854,4,3,1,Reader_1_1.csv
3854,4,3,1,Reader_1_10.csv
3854,1,1,0,Reader_1_11.csv
3854,2,2,0,Reader_1_12.csv
3854,4,4,0,Reader_1_2.csv
3854,1,0,1,Reader_1_3.csv
3854,0,0,0,Reader_1_4.csv
3854,3,1,2,Reader_1_5.csv
3854,2,2,0,Reader_1_6.csv
3854,0,0,0,Reader_1_7.csv
3854,0,0,0,Reader_1_8.csv
3854,0,0,0,Reader_1_9.csv
3854,0,0,0,Reader_2_1.csv
3854,0,0,0,Reader_2_10.csv
3854,0,0,0,Reader_2_11.csv
3854,1,1,0,Reader_2_12.csv
3854,0,0,0,Reader_2_2.csv
3854,0,0,0,Reader_2_3.csv
3854,0,0,0,Reader_2_4.csv
3854,0,0,0,Reader_2_5.csv
3854,0,0,0,Reader_2_6.csv
3854,0,0,0,Reader_2_7.csv
3854,0,0,0,Reader_2_8.csv
3854,0,0,0,Reader_2_9.csv
3854,2,2,0,reader_3_1.csv
3854,5,4,1,Reader_3_2.csv
3854,4,4,0,Reader_3_3.csv
3854,4,4,0,Reader_3_4.csv
3854,1,1,0,Reader_3_5.csv
3854,0,0,0,Reader_3_6.csv
3854,1,0,1,Reader_3_7.csv
3855,5,4,1,Reader_1_1.csv
3855,4,4,0,Reader_1_10.csv
3855,1,1,0,Reader_1_11.csv
3855,2,2,0,Reader_1_12.csv
3855,4,4,0,Reader_1_2.csv
3855,1,0,1,Reader_1_3.csv
3855,0,0,0,Reader_1_4.csv
3855,3,1,2,Reader_1_5.csv
3855,2,2,0,Reader_1_6.csv
3855,0,0,0,Reader_1_7.csv
3855,0,0,0,Reader_1_8.csv
3855,0,0,0,Reader_1_9.csv
3855,0,0,0,Reader_2_1.csv
3855,0,0,0,Reader_2_10.csv
3855,0,0,0,Reader_2_11.csv
3855,2,2,0,Reader_2_12.csv
3855,0,0,0,Reader_2_2.csv
3855,0,0,0,Reader_2_3.csv
3855,0,0,0,Reader_2_4.csv
3855,0,0,0,Reader_2_5.csv
3855,0,0,0,Reader_2_6.csv
3855,0,0,0,Reader_2_7.csv
3855,0,0,0,Reader_2_8.csv
3855,0,0,0,Reader_2_9.csv
3855,2,2,0,reader_3_1.csv
3855,6,5,1,Reader_3_2.csv
3855,4,4,0,Reader_3_3.csv
3855,4,4,0,Reader_3_4.csv
3855,1,1,0,Reader_3_5.csv
3855,0,0,0,Reader_3_6.csv
3855,0,0,0,Reader_3_7.csv
3856,4,4,0,Reader_1_1.csv
3856,4,4,0,Reader_1_10.csv
3856,1,1,0,Reader_1_11.csv
3856,2,2,0,Reader_1_12.csv
3856,3,3,0,Reader_1_2.csv
3856,1,0,1,Reader_1_3.csv
3856,0,0,0,Reader_1_4.csv
3856,3,0,3,Reader_1_5.csv
3856,2,2,0,Reader_1_6.csv
3856,0,0,0,Reader_1_7.csv
3856,0,0,0,Reader_1_8.csv
3856,0,0,0,Reader_1_9.csv
3856,0,0,0,Reader_2_1.csv
3856,0,0,0,Reader_2_10.csv
3856,0,0,0,Reader_2_11.csv
3856,2,2,0,Reader_2_12.csv
3856,0,0,0,Reader_2_2.csv
3856,0,0,0,Reader_2_3.csv
3856,0,0,0,Reader_2_4.csv
3856,0,0,0,Reader_2_5.csv
3856,0,0,0,Reader_2_6.csv
3856,1,1,0,Reader_2_7.csv
3856,0,0,0,Reader_2_8.csv
3856,0,0,0,Reader_2_9.csv
3856,2,2,0,reader_3_1.csv
3856,6,5,1,Reader_3_2.csv
3856,4,4,0,Reader_3_3.csv
3856,4,4,0,Reader_3_4.csv
3856,1,1,0,Reader_3_5.csv
3856,0,0,0,Reader_3_6.csv
3856,0,0,0,Reader_3_7.csv
3857,4,4,0,Reader_1_1.csv
3857,3,3,0,Reader_1_10.csv
3857,1,1,0,Reader_1_11.csv
3857,1,1,0,Reader_1_12.csv
3857,3,3,0,Reader_1_2.csv
3857,1,0,1,Reader_1_3.csv
3857,0,0,0,Reader_1_4.csv
3857,3,0,3,Reader_1_5.csv
3857,2,2,0,Reader_1_6.csv
3857,0,0,0,Reader_1_7.csv
3857,0,0,0,Reader_1_8.csv
3857,0,0,0,Reader_1_9.csv
3857,1,0,1,Reader_2_1.csv
3857,0,0,0,Reader_2_10.csv
3857,0,0,0,Reader_2_11.csv
3857,2,2,0,Reader_2_12.csv
3857,1,0,1,Reader_2_2.csv
3857,0,0,0,Reader_2_3.csv
3857,0,0,0,Reader_2_4.csv
3857,0,0,0,Reader_2_5.csv
3857,0,0,0,Reader_2_6.csv
3857,1,1,0,Reader_2_7.csv
3857,0,0,0,Reader_2_8.csv
3857,0,0,0,Reader_2_9.csv
3857,1,0,1,reader_3_1.csv
3857,5,4,1,Reader_3_2.csv
3857,4,4,0,Reader_3_3.csv
3857,4,4,0,Reader_3_4.csv
3857,1,1,0,Reader_3_5.csv
3857,0,0,0,Reader_3_6.csv
3857,0,0,0,Reader_3_7.csv
3858,4,4,0,Reader_1_1.csv
3858,3,3,0,Reader_1_10.csv
3858,1,1,0,Reader_1_11.csv
3858,1,1,0,Reader_1_12.csv
3858,2,2,0,Reader_1_2.csv
3858,1,0,1,Reader_1_3.csv
3858,0,0,0,Reader_1_4.csv
3858,3,0,3,Reader_1_5.csv
3858,2,2,0,Reader_1_6.csv
3858,0,0,0,Reader_1_7.csv
3858,0,0,0,Reader_1_8.csv
3858,0,0,0,Reader_1_9.csv
3858,1,0,1,Reader_2_1.csv
3858,0,0,0,Reader_2_10.csv
3858,0,0,0,Reader_2_11.csv
3858,2,2,0,Reader_2_12.csv
3858,1,0,1,Reader_2_2.csv
3858,0,0,0,Reader_2_3.csv
3858,0,0,0,Reader_2_4.csv
3858,0,0,0,Reader_2_5.csv
3858,0,0,0,Reader_2_6.csv
3858,1,1,0,Reader_2_7.csv
3858,0,0,0,Reader_2_8.csv
3858,0,0,0,Reader_2_9.csv
3858,1,0,1,reader_3_1.csv
3858,6,4,2,Reader_3_2.csv
3858,4,4,0,Reader_3_3.csv
3858,4,4,0,Reader_3_4.csv
3858,1,1,0,Reader_3_5.csv
3858,1,1,0,Reader_3_6.csv
3858,1,1,0,Reader_3_7.csv
3859,4,4,0,Reader_1_1.csv
3859,3,3,0,Reader_1_10.csv
3859,2,2,0,Reader_1_11.csv
3859,1,1,0,Reader_1_12.csv
3859,2,2,0,Reader_1_2.csv
3859,1,0,1,Reader_1_3.csv
3859,0,0,0,Reader_1_4.csv
3859,3,0,3,Reader_1_5.csv
3859,2,2,0,Reader_1_6.csv
3859,0,0,0,Reader_1_7.csv
3859,0,0,0,Reader_1_8.csv
3859,0,0,0,Reader_1_9.csv
3859,1,0,1,Reader_2_1.csv
3859,0,0,0,Reader_2_10.csv
3859,0,0,0,Reader_2_11.csv
3859,1,1,0,Reader_2_12.csv
3859,1,0,1,Reader_2_2.csv
3859,0,0,0,Reader_2_3.csv
3859,0,0,0,Reader_2_4.csv
3859,0,0,0,Reader_2_5.csv
3859,0,0,0,Reader_2_6.csv
3859,1,1,0,Reader_2_7.csv
3859,0,0,0,Reader_2_8.csv
3859,0,0,0,Reader_2_9.csv
3859,1,0,1,reader_3_1.csv
3859,7,5,2,Reader_3_2.csv
3859,3,3,0,Reader_3_3.csv
3859,3,3,0,Reader_3_4.csv
3859,1,1,0,Reader_3_5.csv
3859,2,2,0,Reader_3_6.csv
3859,1,1,0,Reader_3_7.csv
3860,3,3,0,Reader_1_1.csv
3860,3,3,0,Reader_1_10.csv
3860,2,2,0,Reader_1_11.csv
3860,1,1,0,Reader_1_12.csv
3860,3,3,0,Reader_1_2.csv
3860,0,0,0,Reader_1_3.csv
3860,0,0,0,Reader_1_4.csv
3860,1,0,1,Reader_1_5.csv
3860,2,2,0,Reader_1_6.csv
3860,0,0,0,Reader_1_7.csv
3860,0,0,0,Reader_1_8.csv
3860,0,0,0,Reader_1_9.csv
3860,1,0,1,Reader_2_1.csv
3860,0,0,0,Reader_2_10.csv
3860,0,0,0,Reader_2_11.csv
3860,1,1,0,Reader_2_12.csv
3860,1,0,1,Reader_2_2.csv
3860,0,0,0,Reader_2_3.csv
3860,0,0,0,Reader_2_4.csv
3860,0,0,0,Reader_2_5.csv
3860,0,0,0,Reader_2_6.csv
3860,1,1,0,Reader_2_7.csv
3860,0,0,0,Reader_2_8.csv
3860,0,0,0,Reader_2_9.csv
3860,1,0,1,reader_3_1.csv
3860,8,5,3,Reader_3_2.csv
3860,3,3,0,Reader_3_3.csv
3860,3,3,0,Reader_3_4.csv
3860,1,1,0,Reader_3_5.csv
3860,2,2,0,Reader_3_6.csv
3860,1,1,0,Reader_3_7.csv
3861,3,3,0,Reader_1_1.csv
3861,2,2,0,Reader_1_10.csv
3861,2,2,0,Reader_1_11.csv
3861,0,0,0,Reader_1_12.csv
3861,2,2,0,Reader_1_2.csv
3861,1,1,0,Reader_1_3.csv
3861,0,0,0,Reader_1_4.csv
3861,1,0,1,Reader_1_5.csv
3861,2,2,0,Reader_1_6.csv
3861,0,0,0,Reader_1_7.csv
3861,0,0,0,Reader_1_8.csv
3861,0,0,0,Reader_1_9.csv
3861,1,0,1,Reader_2_1.csv
3861,0,0,0,Reader_2_10.csv
3861,0,0,0,Reader_2_11.csv
3861,1,1,0,Reader_2_12.csv
3861,1,0,1,Reader_2_2.csv
3861,0,0,0,Reader_2_3.csv
3861,1,1,0,Reader_2_4.csv
3861,0,0,0,Reader_2_5.csv
3861,0,0,0,Reader_2_6.csv
3861,1,1,0,Reader_2_7.csv
3861,0,0,0,Reader_2_8.csv
3861,0,0,0,Reader_2_9.csv
3861,3,2,1,reader_3_1.csv
3861,6,4,2,Reader_3_2.csv
3861,3,3,0,Reader_3_3.csv
3861,3,3,0,Reader_3_4.csv
3861,1,1,0,Reader_3_5.csv
3861,3,2,1,Reader_3_6.csv
3861,1,1,0,Reader_3_7.csv
3862,3,3,0,Reader_1_1.csv
3862,1,1,0,Reader_1_10.csv
3862,2,2,0,Reader_1_11.csv
3862,0,0,0,Reader_1_12.csv
3862,1,1,0,Reader_1_2.csv
3862,1,1,0,Reader_1_3.csv
3862,0,0,0,Reader_1_4.csv
3862,1,0,1,Reader_1_5.csv
3862,0,0,0,Reader_1_6.csv
3862,0,0,0,Reader_1_7.csv
3862,0,0,0,Reader_1_8.csv
3862,0,0,0,Reader_1_9.csv
3862,1,0,1,Reader_2_1.csv
3862,0,0,0,Reader_2_10.csv
3862,0,0,0,Reader_2_11.csv
3862,1,1,0,Reader_2_12.csv
3862,1,0,1,Reader_2_2.csv
3862,0,0,0,Reader_2_3.csv
3862,1,1,0,Reader_2_4.csv
3862,0,0,0,Reader_2_5.csv
3862,0,0,0,Reader_2_6.csv
3862,1,1,0,Reader_2_7.csv
3862,0,0,0,Reader_2_8.csv
3862,0,0,0,Reader_2_9.csv
3862,4,3,1,reader_3_1.csv
3862,6,4,2,Reader_3_2.csv
3862,2,2,0,Reader_3_3.csv
3862,2,2,0,Reader_3_4.csv
3862,1,1,0,Reader_3_5.csv
3862,3,2,1,Reader_3_6.csv
3862,2,1,1,Reader_3_7.csv
3863,2,2,0,Reader_1_1.csv
3863,0,0,0,Reader_1_10.csv
3863,2,2,0,Reader_1_11.csv
3863,0,0,0,Reader_1_12.csv
3863,1,1,0,Reader_1_2.csv
3863,2,1,1,Reader_1_3.csv
3863,0,0,0,Reader_1_4.csv
3863,1,0,1,Reader_1_5.csv
3863,0,0,0,Reader_1_6.csv
3863,0,0,0,Reader_1_7.csv
3863,0,0,0,Reader_1_8.csv
3863,0,0,0,Reader_1_9.csv
3863,1,0,1,Reader_2_1.csv
3863,0,0,0,Reader_2_10.csv
3863,0,0,0,Reader_2_11.csv
3863,0,0,0,Reader_2_12.csv
3863,1,0,1,Reader_2_2.csv
3863,0,0,0,Reader_2_3.csv
3863,1,1,0,Reader_2_4.csv
3863,0,0,0,Reader_2_5.csv
3863,0,0,0,Reader_2_6.csv
3863,1,1,0,Reader_2_7.csv
3863,0,0,0,Reader_2_8.csv
3863,0,0,0,Reader_2_9.csv
3863,5,4,1,reader_3_1.csv
3863,6,4,2,Reader_3_2.csv
3863,2,2,0,Reader_3_3.csv
3863,2,2,0,Reader_3_4.csv
3863,1,1,0,Reader_3_5.csv
3863,3,2,1,Reader_3_6.csv
3863,2,1,1,Reader_3_7.csv
3864,2,2,0,Reader_1_1.csv
3864,0,0,0,Reader_1_10.csv
3864,1,1,0,Reader_1_11.csv
3864,0,0,0,Reader_1_12.csv
3864,1,1,0,Reader_1_2.csv
3864,2,1,1,Reader_1_3.csv
3864,0,0,0,Reader_1_4.csv
3864,0,0,0,Reader_1_5.csv
3864,0,0,0,Reader_1_6.csv
3864,0,0,0,Reader_1_7.csv
3864,0,0,0,Reader_1_8.csv
3864,0,0,0,Reader_1_9.csv
3864,1,0,1,Reader_2_1.csv
3864,0,0,0,Reader_2_10.csv
3864,0,0,0,Reader_2_11.csv
3864,0,0,0,Reader_2_12.csv
3864,1,0,1,Reader_2_2.csv
3864,0,0,0,Reader_2_3.csv
3864,1,1,0,Reader_2_4.csv
3864,0,0,0,Reader_2_5.csv
3864,0,0,0,Reader_2_6.csv
3864,0,0,0,Reader_2_7.csv
3864,0,0,0,Reader_2_8.csv
3864,0,0,0,Reader_2_9.csv
3864,6,5,1,reader_3_1.csv
3864,7,4,3,Reader_3_2.csv
3864,0,0,0,Reader_3_3.csv
3864,0,0,0,Reader_3_4.csv
3864,1,1,0,Reader_3_5.csv
3864,3,2,1,Reader_3_6.csv
3864,2,1,1,Reader_3_7.csv
3865,2,1,1,Reader_1_1.csv
3865,0,0,0,Reader_1_10.csv
3865,1,1,0,Reader_1_11.csv
3865,0,0,0,Reader_1_12.csv
3865,1,1,0,Reader_1_2.csv
3865,2,1,1,Reader_1_3.csv
3865,0,0,0,Reader_1_4.csv
3865,2,1,1,Reader_1_5.csv
3865,0,0,0,Reader_1_6.csv
3865,0,0,0,Reader_1_7.csv
3865,0,0,0,Reader_1_8.csv
3865,1,1,0,Reader_1_9.csv
3865,0,0,0,Reader_2_1.csv
3865,0,0,0,Reader_2_10.csv
3865,0,0,0,Reader_2_11.csv
3865,0,0,0,Reader_2_12.csv
3865,0,0,0,Reader_2_2.csv
3865,0,0,0,Reader_2_3.csv
3865,1,1,0,Reader_2_4.csv
3865,0,0,0,Reader_2_5.csv
3865,0,0,0,Reader_2_6.csv
3865,0,0,0,Reader_2_7.csv
3865,0,0,0,Reader_2_8.csv
3865,0,0,0,Reader_2_9.csv
3865,5,5,0,reader_3_1.csv
3865,9,6,3,Reader_3_2.csv
3865,0,0,0,Reader_3_3.csv
3865,0,0,0,Reader_3_4.csv
3865,2,2,0,Reader_3_5.csv
3865,3,2,1,Reader_3_6.csv
3865,2,1,1,Reader_3_7.csv
3866,2,1,1,Reader_1_1.csv
3866,0,0,0,Reader_1_10.csv
3866,1,1,0,Reader_1_11.csv
3866,0,0,0,Reader_1_12.csv
3866,1,1,0,Reader_1_2.csv
3866,2,1,1,Reader_1_3.csv
3866,1,1,0,Reader_1_4.csv
3866,2,1,1,Reader_1_5.csv
3866,0,0,0,Reader_1_6.csv
3866,0,0,0,Reader_1_7.csv
3866,0,0,0,Reader_1_8.csv
3866,1,1,0,Reader_1_9.csv
3866,0,0,0,Reader_2_1.csv
3866,0,0,0,Reader_2_10.csv
3866,0,0,0,Reader_2_11.csv
3866,0,0,0,Reader_2_12.csv
3866,0,0,0,Reader_2_2.csv
3866,0,0,0,Reader_2_3.csv
3866,2,2,0,Reader_2_4.csv
3866,0,0,0,Reader_2_5.csv
3866,0,0,0,Reader_2_6.csv
3866,0,0,0,Reader_2_7.csv
3866,0,0,0,Reader_2_8.csv
3866,0,0,0,Reader_2_9.csv
3866,5,5,0,reader_3_1.csv
3866,9,7,2,Reader_3_2.csv
3866,1,1,0,Reader_3_3.csv
3866,1,1,0,Reader_3_4.csv
3866,2,2,0,Reader_3_5.csv
3866,2,1,1,Reader_3_6.csv
3866,1,0,1,Reader_3_7.csv
3867,1,0,1,Reader_1_1.csv
3867,0,0,0,Reader_1_10.csv
3867,0,0,0,Reader_1_11.csv
3867,0,0,0,Reader_1_12.csv
3867,1,1,0,Reader_1_2.csv
3867,2,1,1,Reader_1_3.csv
3867,1,1,0,Reader_1_4.csv
3867,2,1,1,Reader_1_5.csv
3867,0,0,0,Reader_1_6.csv
3867,0,0,0,Reader_1_7.csv
3867,0,0,0,Reader_1_8.csv
3867,1,1,0,Reader_1_9.csv
3867,0,0,0,Reader_2_1.csv
3867,0,0,0,Reader_2_10.csv
3867,0,0,0,Reader_2_11.csv
3867,0,0,0,Reader_2_12.csv
3867,0,0,0,Reader_2_2.csv
3867,0,0,0,Reader_2_3.csv
3867,2,2,0,Reader_2_4.csv
3867,0,0,0,Reader_2_5.csv
3867,0,0,0,Reader_2_6.csv
3867,0,0,0,Reader_2_7.csv
3867,0,0,0,Reader_2_8.csv
3867,0,0,0,Reader_2_9.csv
3867,6,6,0,reader_3_1.csv
3867,10,8,2,Reader_3_2.csv
3867,1,1,0,Reader_3_3.csv
3867,1,1,0,Reader_3_4.csv
3867,2,2,0,Reader_3_5.csv
3867,1,0,1,Reader_3_6.csv
3867,1,0,1,Reader_3_7.csv
3868,2,1,1,Reader_1_1.csv
3868,0,0,0,Reader_1_10.csv
3868,0,0,0,Reader_1_11.csv
3868,0,0,0,Reader_1_12.csv
3868,1,1,0,Reader_1_2.csv
3868,2,1,1,Reader_1_3.csv
3868,1,1,0,Reader_1_4.csv
3868,2,1,1,Reader_1_5.csv
3868,0,0,0,Reader_1_6.csv
3868,0,0,0,Reader_1_7.csv
3868,0,0,0,Reader_1_8.csv
3868,1,1,0,Reader_1_9.csv
3868,0,0,0,Reader_2_1.csv
3868,0,0,0,Reader_2_10.csv
3868,0,0,0,Reader_2_11.csv
3868,0,0,0,Reader_2_12.csv
3868,0,0,0,Reader_2_2.csv
3868,1,1,0,Reader_2_3.csv
3868,2,2,0,Reader_2_4.csv
3868,0,0,0,Reader_2_5.csv
3868,0,0,0,Reader_2_6.csv
3868,0,0,0,Reader_2_7.csv
3868,0,0,0,Reader_2_8.csv
3868,0,0,0,Reader_2_9.csv
3868,7,7,0,reader_3_1.csv
3868,11,10,1,Reader_3_2.csv
3868,1,1,0,Reader_3_3.csv
3868,1,1,0,Reader_3_4.csv
3868,2,2,0,Reader_3_5.csv
3868,1,0,1,Reader_3_6.csv
3868,1,0,1,Reader_3_7.csv
3869,2,1,1,Reader_1_1.csv
3869,0,0,0,Reader_1_10.csv
3869,0,0,0,Reader_1_11.csv
3869,0,0,0,Reader_1_12.csv
3869,1,1,0,Reader_1_2.csv
3869,2,1,1,Reader_1_3.csv
3869,1,1,0,Reader_1_4.csv
3869,2,1,1,Reader_1_5.csv
3869,0,0,0,Reader_1_6.csv
3869,0,0,0,Reader_1_7.csv
3869,0,0,0,Reader_1_8.csv
3869,1,1,0,Reader_1_9.csv
3869,0,0,0,Reader_2_1.csv
3869,0,0,0,Reader_2_10.csv
3869,0,0,0,Reader_2_11.csv
3869,0,0,0,Reader_2_12.csv
3869,0,0,0,Reader_2_2.csv
3869,1,1,0,Reader_2_3.csv
3869,1,1,0,Reader_2_4.csv
3869,0,0,0,Reader_2_5.csv
3869,0,0,0,Reader_2_6.csv
3869,0,0,0,Reader_2_7.csv
3869,0,0,0,Reader_2_8.csv
3869,0,0,0,Reader_2_9.csv
3869,7,6,1,reader_3_1.csv
3869,11,10,1,Reader_3_2.csv
3869,1,1,0,Reader_3_3.csv
3869,1,1,0,Reader_3_4.csv
3869,2,2,0,Reader_3_5.csv
3869,1,1,0,Reader_3_6.csv
3869,1,0,1,Reader_3_7.csv
3870,2,1,1,Reader_1_1.csv
3870,0,0,0,Reader_1_10.csv
3870,1,1,0,Reader_1_11.csv
3870,0,0,0,Reader_1_12.csv
3870,1,1,0,Reader_1_2.csv
3870,2,1,1,Reader_1_3.csv
3870,1,1,0,Reader_1_4.csv
3870,2,1,1,Reader_1_5.csv
3870,0,0,0,Reader_1_6.csv
3870,0,0,0,Reader_1_7.csv
3870,0,0,0,Reader_1_8.csv
3870,1,1,0,Reader_1_9.csv
3870,0,0,0,Reader_2_1.csv
3870,0,0,0,Reader_2_10.csv
3870,0,0,0,Reader_2_11.csv
3870,0,0,0,Reader_2_12.csv
3870,0,0,0,Reader_2_2.csv
3870,1,1,0,Reader_2_3.csv
3870,1,1,0,Reader_2_4.csv
3870,0,0,0,Reader_2_5.csv
3870,0,0,0,Reader_2_6.csv
3870,0,0,0,Reader_2_7.csv
3870,0,0,0,Reader_2_8.csv
3870,0,0,0,Reader_2_9.csv
3870,7,6,1,reader_3_1.csv
3870,11,10,1,Reader_3_2.csv
3870,1,1,0,Reader_3_3.csv
3870,1,1,0,Reader_3_4.csv
3870,2,2,0,Reader_3_5.csv
3870,1,1,0,Reader_3_6.csv
3870,0,0,0,Reader_3_7.csv
3871,2,1,1,Reader_1_1.csv
3871,1,0,1,Reader_1_10.csv
3871,2,2,0,Reader_1_11.csv
3871,0,0,0,Reader_1_12.csv
3871,1,1,0,Reader_1_2.csv
3871,1,1,0,Reader_1_3.csv
3871,1,1,0,Reader_1_4.csv
3871,2,1,1,Reader_1_5.csv
3871,0,0,0,Reader_1_6.csv
3871,0,0,0,Reader_1_7.csv
3871,0,0,0,Reader_1_8.csv
3871,1,1,0,Reader_1_9.csv
3871,0,0,0,Reader_2_1.csv
3871,0,0,0,Reader_2_10.csv
3871,0,0,0,Reader_2_11.csv
3871,1,1,0,Reader_2_12.csv
3871,0,0,0,Reader_2_2.csv
3871,1,1,0,Reader_2_3.csv
3871,1,1,0,Reader_2_4.csv
3871,0,0,0,Reader_2_5.csv
3871,0,0,0,Reader_2_6.csv
3871,0,0,0,Reader_2_7.csv
3871,0,0,0,Reader_2_8.csv
3871,0,0,0,Reader_2_9.csv
3871,9,6,3,reader_3_1.csv
3871,11,10,1,Reader_3_2.csv
3871,1,1,0,Reader_3_3.csv
3871,1,1,0,Reader_3_4.csv
3871,4,3,1,Reader_3_5.csv
3871,1,1,0,Reader_3_6.csv
3871,0,0,0,Reader_3_7.csv
3872,2,1,1,Reader_1_1.csv
3872,1,0,1,Reader_1_10.csv
3872,2,2,0,Reader_1_11.csv
3872,0,0,0,Reader_1_12.csv
3872,2,1,1,Reader_1_2.csv
3872,1,1,0,Reader_1_3.csv
3872,1,1,0,Reader_1_4.csv
3872,2,1,1,Reader_1_5.csv
3872,0,0,0,Reader_1_6.csv
3872,0,0,0,Reader_1_7.csv
3872,0,0,0,Reader_1_8.csv
3872,1,1,0,Reader_1_9.csv
3872,0,0,0,Reader_2_1.csv
3872,0,0,0,Reader_2_10.csv
3872,0,0,0,Reader_2_11.csv
3872,1,1,0,Reader_2_12.csv
3872,0,0,0,Reader_2_2.csv
3872,1,1,0,Reader_2_3.csv
3872,2,2,0,Reader_2_4.csv
3872,0,0,0,Reader_2_5.csv
3872,0,0,0,Reader_2_6.csv
3872,0,0,0,Reader_2_7.csv
3872,0,0,0,Reader_2_8.csv
3872,0,0,0,Reader_2_9.csv
3872,8,5,3,reader_3_1.csv
3872,9,9,0,Reader_3_2.csv
3872,2,2,0,Reader_3_3.csv
3872,2,2,0,Reader_3_4.csv
3872,3,2,1,Reader_3_5.csv
3872,1,1,0,Reader_3_6.csv
3872,0,0,0,Reader_3_7.csv
3873,1,1,0,Reader_1_1.csv
3873,2,1,1,Reader_1_10.csv
3873,3,2,1,Reader_1_11.csv
3873,0,0,0,Reader_1_12.csv
3873,3,2,1,Reader_1_2.csv
3873,1,1,0,Reader_1_3.csv
3873,1,1,0,Reader_1_4.csv
3873,0,0,0,Reader_1_5.csv
3873,0,0,0,Reader_1_6.csv
3873,0,0,0,Reader_1_7.csv
3873,0,0,0,Reader_1_8.csv
3873,0,0,0,Reader_1_9.csv
3873,0,0,0,Reader_2_1.csv
3873,0,0,0,Reader_2_10.csv
3873,0,0,0,Reader_2_11.csv
3873,1,1,0,Reader_2_12.csv
3873,0,0,0,Reader_2_2.csv
3873,2,1,1,Reader_2_3.csv
3873,3,3,0,Reader_2_4.csv
3873,0,0,0,Reader_2_5.csv
3873,0,0,0,Reader_2_6.csv
3873,0,0,0,Reader_2_7.csv
3873,1,1,0,Reader_2_8.csv
3873,0,0,0,Reader_2_9.csv
3873,10,5,5,reader_3_1.csv
3873,8,7,1,Reader_3_2.csv
3873,3,3,0,Reader_3_3.csv
3873,3,3,0,Reader_3_4.csv
3873,3,2,1,Reader_3_5.csv
3873,1,1,0,Reader_3_6.csv
3873,0,0,0,Reader_3_7.csv
3874,1,1,0,Reader_1_1.csv
3874,2,1,1,Reader_1_10.csv
3874,3,2,1,Reader_1_11.csv
3874,0,0,0,Reader_1_12.csv
3874,3,2,1,Reader_1_2.csv
3874,1,1,0,Reader_1_3.csv
3874,0,0,0,Reader_1_4.csv
3874,0,0,0,Reader_1_5.csv
3874,0,0,0,Reader_1_6.csv
3874,0,0,0,Reader_1_7.csv
3874,0,0,0,Reader_1_8.csv
3874,0,0,0,Reader_1_9.csv
3874,0,0,0,Reader_2_1.csv
3874,0,0,0,Reader_2_10.csv
3874,0,0,0,Reader_2_11.csv
3874,1,1,0,Reader_2_12.csv
3874,0,0,0,Reader_2_2.csv
3874,2,1,1,Reader_2_3.csv
3874,2,2,0,Reader_2_4.csv
3874,0,0,0,Reader_2_5.csv
3874,0,0,0,Reader_2_6.csv
3874,0,0,0,Reader_2_7.csv
3874,1,1,0,Reader_2_8.csv
3874,0,0,0,Reader_2_9.csv
3874,12,6,6,reader_3_1.csv
3874,8,7,1,Reader_3_2.csv
3874,5,5,0,Reader_3_3.csv
3874,5,5,0,Reader_3_4.csv
3874,3,2,1,Reader_3_5.csv
3874,1,1,0,Reader_3_6.csv
3874,0,0,0,Reader_3_7.csv
3875,2,2,0,Reader_1_1.csv
3875,2,1,1,Reader_1_10.csv
3875,3,2,1,Reader_1_11.csv
3875,0,0,0,Reader_1_12.csv
3875,3,2,1,Reader_1_2.csv
3875,1,1,0,Reader_1_3.csv
3875,1,1,0,Reader_1_4.csv
3875,0,0,0,Reader_1_5.csv
3875,0,0,0,Reader_1_6.csv
3875,0,0,0,Reader_1_7.csv
3875,0,0,0,Reader_1_8.csv
3875,0,0,0,Reader_1_9.csv
3875,0,0,0,Reader_2_1.csv
3875,0,0,0,Reader_2_10.csv
3875,0,0,0,Reader_2_11.csv
3875,1,1,0,Reader_2_12.csv
3875,0,0,0,Reader_2_2.csv
3875,2,1,1,Reader_2_3.csv
3875,2,2,0,Reader_2_4.csv
3875,0,0,0,Reader_2_5.csv
3875,0,0,0,Reader_2_6.csv
3875,0,0,0,Reader_2_7.csv
3875,2,1,1,Reader_2_8.csv
3875,0,0,0,Reader_2_9.csv
3875,14,7,7,reader_3_1.csv
3875,5,4,1,Reader_3_2.csv
3875,5,5,0,Reader_3_3.csv
3875,5,5,0,Reader_3_4.csv
3875,3,2,1,Reader_3_5.csv
3875,1,1,0,Reader_3_6.csv
3875,0,0,0,Reader_3_7.csv
3876,1,1,0,Reader_1_1.csv
3876,2,1,1,Reader_1_10.csv
3876,3,2,1,Reader_1_11.csv
3876,0,0,0,Reader_1_12.csv
3876,2,1,1,Reader_1_2.csv
3876,1,1,0,Reader_1_3.csv
3876,1,1,0,Reader_1_4.csv
3876,0,0,0,Reader_1_5.csv
3876,0,0,0,Reader_1_6.csv
3876,0,0,0,Reader_1_7.csv
3876,0,0,0,Reader_1_8.csv
3876,0,0,0,Reader_1_9.csv
3876,0,0,0,Reader_2_1.csv
3876,0,0,0,Reader_2_10.csv
3876,1,1,0,Reader_2_11.csv
3876,1,1,0,Reader_2_12.csv
3876,0,0,0,Reader_2_2.csv
3876,1,0,1,Reader_2_3.csv
3876,2,2,0,Reader_2_4.csv
3876,0,0,0,Reader_2_5.csv
3876,0,0,0,Reader_2_6.csv
3876,0,0,0,Reader_2_7.csv
3876,2,1,1,Reader_2_8.csv
3876,0,0,0,Reader_2_9.csv
3876,17,8,9,reader_3_1.csv
3876,4,2,2,Reader_3_2.csv
3876,5,5,0,Reader_3_3.csv
3876,5,5,0,Reader_3_4.csv
3876,3,2,1,Reader_3_5.csv
3876,1,1,0,Reader_3_6.csv
3876,0,0,0,Reader_3_7.csv
3877,3,3,0,Reader_1_1.csv
3877,2,1,1,Reader_1_10.csv
3877,3,2,1,Reader_1_11.csv
3877,0,0,0,Reader_1_12.csv
3877,2,1,1,Reader_1_2.csv
3877,0,0,0,Reader_1_3.csv
3877,1,1,0,Reader_1_4.csv
3877,0,0,0,Reader_1_5.csv
3877,0,0,0,Reader_1_6.csv
3877,0,0,0,Reader_1_7.csv
3877,1,1,0,Reader_1_8.csv
3877,0,0,0,Reader_1_9.csv
3877,0,0,0,Reader_2_1.csv
3877,0,0,0,Reader_2_10.csv
3877,1,1,0,Reader_2_11.csv
3877,1,1,0,Reader_2_12.csv
3877,0,0,0,Reader_2_2.csv
3877,2,1,1,Reader_2_3.csv
3877,2,2,0,Reader_2_4.csv
3877,0,0,0,Reader_2_5.csv
3877,0,0,0,Reader_2_6.csv
3877,0,0,0,Reader_2_7.csv
3877,2,1,1,Reader_2_8.csv
3877,1,1,0,Reader_2_9.csv
3877,18,9,9,reader_3_1.csv
3877,4,2,2,Reader_3_2.csv
3877,5,5,0,Reader_3_3.csv
3877,5,5,0,Reader_3_4.csv
3877,3,2,1,Reader_3_5.csv
3877,0,0,0,Reader_3_6.csv
3877,0,0,0,Reader_3_7.csv
3878,3,3,0,Reader_1_1.csv
3878,2,1,1,Reader_1_10.csv
3878,2,1,1,Reader_1_11.csv
3878,0,0,0,Reader_1_12.csv
3878,3,2,1,Reader_1_2.csv
3878,0,0,0,Reader_1_3.csv
3878,1,1,0,Reader_1_4.csv
3878,0,0,0,Reader_1_5.csv
3878,0,0,0,Reader_1_6.csv
3878,0,0,0,Reader_1_7.csv
3878,1,1,0,Reader_1_8.csv
3878,0,0,0,Reader_1_9.csv
3878,0,0,0,Reader_2_1.csv
3878,0,0,0,Reader_2_10.csv
3878,1,1,0,Reader_2_11.csv
3878,1,1,0,Reader_2_12.csv
3878,0,0,0,Reader_2_2.csv
3878,2,1,1,Reader_2_3.csv
3878,2,2,0,Reader_2_4.csv
3878,0,0,0,Reader_2_5.csv
3878,0,0,0,Reader_2_6.csv
3878,0,0,0,Reader_2_7.csv
3878,2,1,1,Reader_2_8.csv
3878,1,1,0,Reader_2_9.csv
3878,20,10,10,reader_3_1.csv
3878,5,3,2,Reader_3_2.csv
3878,6,6,0,Reader_3_3.csv
3878,6,6,0,Reader_3_4.csv
3878,3,2,1,Reader_3_5.csv
3878,0,0,0,Reader_3_6.csv
3878,0,0,0,Reader_3_7.csv
3879,3,3,0,Reader_1_1.csv
3879,1,1,0,Reader_1_10.csv
3879,1,0,1,Reader_1_11.csv
3879,0,0,0,Reader_1_12.csv
3879,3,2,1,Reader_1_2.csv
3879,1,1,0,Reader_1_3.csv
3879,1,1,0,Reader_1_4.csv
3879,1,0,1,Reader_1_5.csv
3879,0,0,0,Reader_1_6.csv
3879,0,0,0,Reader_1_7.csv
3879,1,1,0,Reader_1_8.csv
3879,0,0,0,Reader_1_9.csv
3879,0,0,0,Reader_2_1.csv
3879,0,0,0,Reader_2_10.csv
3879,1,1,0,Reader_2_11.csv
3879,0,0,0,Reader_2_12.csv
3879,0,0,0,Reader_2_2.csv
3879,2,1,1,Reader_2_3.csv
3879,2,2,0,Reader_2_4.csv
3879,0,0,0,Reader_2_5.csv
3879,0,0,0,Reader_2_6.csv
3879,0,0,0,Reader_2_7.csv
3879,2,1,1,Reader_2_8.csv
3879,1,1,0,Reader_2_9.csv
3879,20,11,9,reader_3_1.csv
3879,4,2,2,Reader_3_2.csv
3879,7,7,0,Reader_3_3.csv
3879,7,7,0,Reader_3_4.csv
3879,3,1,2,Reader_3_5.csv
3879,0,0,0,Reader_3_6.csv
3879,0,0,0,Reader_3_7.csv
3880,6,6,0,Reader_1_1.csv
3880,1,1,0,Reader_1_10.csv
3880,2,1,1,Reader_1_11.csv
3880,0,0,0,Reader_1_12.csv
3880,2,2,0,Reader_1_2.csv
3880,1,1,0,Reader_1_3.csv
3880,1,1,0,Reader_1_4.csv
3880,1,0,1,Reader_1_5.csv
3880,0,0,0,Reader_1_6.csv
3880,0,0,0,Reader_1_7.csv
3880,1,1,0,Reader_1_8.csv
3880,0,0,0,Reader_1_9.csv
3880,1,1,0,Reader_2_1.csv
3880,0,0,0,Reader_2_10.csv
3880,1,1,0,Reader_2_11.csv
3880,0,0,0,Reader_2_12.csv
3880,0,0,0,Reader_2_2.csv
3880,3,2,1,Reader_2_3.csv
3880,1,1,0,Reader_2_4.csv
3880,0,0,0,Reader_2_5.csv
3880,0,0,0,Reader_2_6.csv
3880,0,0,0,Reader_2_7.csv
3880,2,1,1,Reader_2_8.csv
3880,1,1,0,Reader_2_9.csv
3880,22,12,10,reader_3_1.csv
3880,4,2,2,Reader_3_2.csv
3880,7,7,0,Reader_3_3.csv
3880,7,7,0,Reader_3_4.csv
3880,3,1,2,Reader_3_5.csv
3880,0,0,0,Reader_3_6.csv
3880,0,0,0,Reader_3_7.csv
3881,6,6,0,Reader_1_1.csv
3881,0,0,0,Reader_1_10.csv
3881,1,1,0,Reader_1_11.csv
3881,1,1,0,Reader_1_12.csv
3881,1,1,0,Reader_1_2.csv
3881,1,1,0,Reader_1_3.csv
3881,2,2,0,Reader_1_4.csv
3881,2,0,2,Reader_1_5.csv
3881,0,0,0,Reader_1_6.csv
3881,0,0,0,Reader_1_7.csv
3881,1,1,0,Reader_1_8.csv
3881,0,0,0,Reader_1_9.csv
3881,1,1,0,Reader_2_1.csv
3881,0,0,0,Reader_2_10.csv
3881,1,1,0,Reader_2_11.csv
3881,0,0,0,Reader_2_12.csv
3881,0,0,0,Reader_2_2.csv
3881,3,3,0,Reader_2_3.csv
3881,0,0,0,Reader_2_4.csv
3881,0,0,0,Reader_2_5.csv
3881,0,0,0,Reader_2_6.csv
3881,0,0,0,Reader_2_7.csv
3881,1,0,1,Reader_2_8.csv
3881,1,1,0,Reader_2_9.csv
3881,23,15,8,reader_3_1.csv
3881,3,2,1,Reader_3_2.csv
3881,6,6,0,Reader_3_3.csv
3881,6,6,0,Reader_3_4.csv
3881,2,0,2,Reader_3_5.csv
3881,0,0,0,Reader_3_6.csv
3881,0,0,0,Reader_3_7.csv
3882,6,6,0,Reader_1_1.csv
3882,0,0,0,Reader_1_10.csv
3882,1,1,0,Reader_1_11.csv
3882,2,2,0,Reader_1_12.csv
3882,1,1,0,Reader_1_2.csv
3882,1,1,0,Reader_1_3.csv
3882,2,2,0,Reader_1_4.csv
3882,2,0,2,Reader_1_5.csv
3882,0,0,0,Reader_1_6.csv
3882,0,0,0,Reader_1_7.csv
3882,1,1,0,Reader_1_8.csv
3882,0,0,0,Reader_1_9.csv
3882,1,1,0,Reader_2_1.csv
3882,0,0,0,Reader_2_10.csv
3882,1,1,0,Reader_2_11.csv
3882,0,0,0,Reader_2_12.csv
3882,0,0,0,Reader_2_2.csv
3882,3,3,0,Reader_2_3.csv
3882,0,0,0,Reader_2_4.csv
3882,0,0,0,Reader_2_5.csv
3882,0,0,0,Reader_2_6.csv
3882,0,0,0,Reader_2_7.csv
3882,1,0,1,Reader_2_8.csv
3882,1,1,0,Reader_2_9.csv
3882,22,15,7,reader_3_1.csv
3882,3,1,2,Reader_3_2.csv
3882,3,3,0,Reader_3_3.csv
3882,3,3,0,Reader_3_4.csv
3882,2,0,2,Reader_3_5.csv
3882,0,0,0,Reader_3_6.csv
3882,0,0,0,Reader_3_7.csv
3883,5,5,0,Reader_1_1.csv
3883,0,0,0,Reader_1_10.csv
3883,2,2,0,Reader_1_11.csv
3883,2,2,0,Reader_1_12.csv
3883,1,1,0,Reader_1_2.csv
3883,1,1,0,Reader_1_3.csv
3883,1,1,0,Reader_1_4.csv
3883,2,0,2,Reader_1_5.csv
3883,0,0,0,Reader_1_6.csv
3883,0,0,0,Reader_1_7.csv
3883,1,1,0,Reader_1_8.csv
3883,0,0,0,Reader_1_9.csv
3883,1,1,0,Reader_2_1.csv
3883,0,0,0,Reader_2_10.csv
3883,1,1,0,Reader_2_11.csv
3883,1,1,0,Reader_2_12.csv
3883,0,0,0,Reader_2_2.csv
3883,3,3,0,Reader_2_3.csv
3883,0,0,0,Reader_2_4.csv
3883,0,0,0,Reader_2_5.csv
3883,0,0,0,Reader_2_6.csv
3883,0,0,0,Reader_2_7.csv
3883,0,0,0,Reader_2_8.csv
3883,2,2,0,Reader_2_9.csv
3883,21,13,8,reader_3_1.csv
3883,3,1,2,Reader_3_2.csv
3883,3,3,0,Reader_3_3.csv
3883,3,3,0,Reader_3_4.csv
3883,3,1,2,Reader_3_5.csv
3883,0,0,0,Reader_3_6.csv
3883,0,0,0,Reader_3_7.csv
3884,6,6,0,Reader_1_1.csv
3884,0,0,0,Reader_1_10.csv
3884,2,2,0,Reader_1_11.csv
3884,3,3,0,Reader_1_12.csv
3884,1,1,0,Reader_1_2.csv
3884,2,2,0,Reader_1_3.csv
3884,1,1,0,Reader_1_4.csv
3884,2,0,2,Reader_1_5.csv
3884,0,0,0,Reader_1_6.csv
3884,0,0,0,Reader_1_7.csv
3884,1,1,0,Reader_1_8.csv
3884,0,0,0,Reader_1_9.csv
3884,1,1,0,Reader_2_1.csv
3884,0,0,0,Reader_2_10.csv
3884,0,0,0,Reader_2_11.csv
3884,1,1,0,Reader_2_12.csv
3884,0,0,0,Reader_2_2.csv
3884,3,3,0,Reader_2_3.csv
3884,1,1,0,Reader_2_4.csv
3884,0,0,0,Reader_2_5.csv
3884,0,0,0,Reader_2_6.csv
3884,0,0,0,Reader_2_7.csv
3884,0,0,0,Reader_2_8.csv
3884,2,2,0,Reader_2_9.csv
3884,18,12,6,reader_3_1.csv
3884,2,1,1,Reader_3_2.csv
3884,4,4,0,Reader_3_3.csv
3884,4,4,0,Reader_3_4.csv
3884,3,1,2,Reader_3_5.csv
3884,0,0,0,Reader_3_6.csv
3884,0,0,0,Reader_3_7.csv
3885,6,5,1,Reader_1_1.csv
3885,0,0,0,Reader_1_10.csv
3885,2,2,0,Reader_1_11.csv
3885,3,3,0,Reader_1_12.csv
3885,2,1,1,Reader_1_2.csv
3885,2,2,0,Reader_1_3.csv
3885,1,1,0,Reader_1_4.csv
3885,2,0,2,Reader_1_5.csv
3885,0,0,0,Reader_1_6.csv
3885,0,0,0,Reader_1_7.csv
3885,0,0,0,Reader_1_8.csv
3885,0,0,0,Reader_1_9.csv
3885,1,1,0,Reader_2_1.csv
3885,0,0,0,Reader_2_10.csv
3885,0,0,0,Reader_2_11.csv
3885,1,1,0,Reader_2_12.csv
3885,0,0,0,Reader_2_2.csv
3885,2,2,0,Reader_2_3.csv
3885,1,1,0,Reader_2_4.csv
3885,0,0,0,Reader_2_5.csv
3885,0,0,0,Reader_2_6.csv
3885,0,0,0,Reader_2_7.csv
3885,0,0,0,Reader_2_8.csv
3885,1,1,0,Reader_2_9.csv
3885,16,11,5,reader_3_1.csv
3885,2,1,1,Reader_3_2.csv
3885,4,4,0,Reader_3_3.csv
3885,4,4,0,Reader_3_4.csv
3885,3,1,2,Reader_3_5.csv
3885,0,0,0,Reader_3_6.csv
3885,0,0,0,Reader_3_7.csv
3886,7,6,1,Reader_1_1.csv
3886,0,0,0,Reader_1_10.csv
3886,2,2,0,Reader_1_11.csv
3886,3,3,0,Reader_1_12.csv
3886,1,0,1,Reader_1_2.csv
3886,2,2,0,Reader_1_3.csv
3886,1,1,0,Reader_1_4.csv
3886,3,0,3,Reader_1_5.csv
3886,0,0,0,Reader_1_6.csv
3886,0,0,0,Reader_1_7.csv
3886,0,0,0,Reader_1_8.csv
3886,0,0,0,Reader_1_9.csv
3886,1,1,0,Reader_2_1.csv
3886,0,0,0,Reader_2_10.csv
3886,0,0,0,Reader_2_11.csv
3886,1,1,0,Reader_2_12.csv
3886,1,1,0,Reader_2_2.csv
3886,2,2,0,Reader_2_3.csv
3886,1,1,0,Reader_2_4.csv
3886,0,0,0,Reader_2_5.csv
3886,0,0,0,Reader_2_6.csv
3886,0,0,0,Reader_2_7.csv
3886,0,0,0,Reader_2_8.csv
3886,1,1,0,Reader_2_9.csv
3886,13,9,4,reader_3_1.csv
3886,1,0,1,Reader_3_2.csv
3886,3,3,0,Reader_3_3.csv
3886,3,3,0,Reader_3_4.csv
3886,4,1,3,Reader_3_5.csv
3886,0,0,0,Reader_3_6.csv
3886,0,0,0,Reader_3_7.csv
3887,7,6,1,Reader_1_1.csv
3887,0,0,0,Reader_1_10.csv
3887,2,2,0,Reader_1_11.csv
3887,3,3,0,Reader_1_12.csv
3887,2,0,2,Reader_1_2.csv
3887,2,2,0,Reader_1_3.csv
3887,1,1,0,Reader_1_4.csv
3887,2,0,2,Reader_1_5.csv
3887,0,0,0,Reader_1_6.csv
3887,0,0,0,Reader_1_7.csv
3887,0,0,0,Reader_1_8.csv
3887,0,0,0,Reader_1_9.csv
3887,1,1,0,Reader_2_1.csv
3887,0,0,0,Reader_2_10.csv
3887,0,0,0,Reader_2_11.csv
3887,1,1,0,Reader_2_12.csv
3887,2,1,1,Reader_2_2.csv
3887,2,2,0,Reader_2_3.csv
3887,1,1,0,Reader_2_4.csv
3887,0,0,0,Reader_2_5.csv
3887,0,0,0,Reader_2_6.csv
3887,0,0,0,Reader_2_7.csv
3887,0,0,0,Reader_2_8.csv
3887,1,1,0,Reader_2_9.csv
3887,12,9,3,reader_3_1.csv
3887,1,0,1,Reader_3_2.csv
3887,2,2,0,Reader_3_3.csv
3887,2,2,0,Reader_3_4.csv
3887,2,1,1,Reader_3_5.csv
3887,0,0,0,Reader_3_6.csv
3887,0,0,0,Reader_3_7.csv
3888,4,3,1,Reader_1_1.csv
3888,0,0,0,Reader_1_10.csv
3888,1,1,0,Reader_1_11.csv
3888,3,3,0,Reader_1_12.csv
3888,2,0,2,Reader_1_2.csv
3888,2,2,0,Reader_1_3.csv
3888,1,1,0,Reader_1_4.csv
3888,2,0,2,Reader_1_5.csv
3888,0,0,0,Reader_1_6.csv
3888,1,1,0,Reader_1_7.csv
3888,0,0,0,Reader_1_8.csv
3888,0,0,0,Reader_1_9.csv
3888,0,0,0,Reader_2_1.csv
3888,0,0,0,Reader_2_10.csv
3888,0,0,0,Reader_2_11.csv
3888,1,1,0,Reader_2_12.csv
3888,2,1,1,Reader_2_2.csv
3888,1,1,0,Reader_2_3.csv
3888,1,1,0,Reader_2_4.csv
3888,0,0,0,Reader_2_5.csv
3888,0,0,0,Reader_2_6.csv
3888,0,0,0,Reader_2_7.csv
3888,0,0,0,Reader_2_8.csv
3888,1,1,0,Reader_2_9.csv
3888,11,8,3,reader_3_1.csv
3888,1,0,1,Reader_3_2.csv
3888,2,1,1,Reader_3_3.csv
3888,2,1,1,Reader_3_4.csv
3888,3,2,1,Reader_3_5.csv
3888,0,0,0,Reader_3_6.csv
3888,1,1,0,Reader_3_7.csv
3889,6,5,1,Reader_1_1.csv
3889,1,1,0,Reader_1_10.csv
3889,2,2,0,Reader_1_11.csv
3889,2,2,0,Reader_1_12.csv
3889,3,1,2,Reader_1_2.csv
3889,3,3,0,Reader_1_3.csv
3889,0,0,0,Reader_1_4.csv
3889,1,0,1,Reader_1_5.csv
3889,0,0,0,Reader_1_6.csv
3889,1,1,0,Reader_1_7.csv
3889,0,0,0,Reader_1_8.csv
3889,0,0,0,Reader_1_9.csv
3889,0,0,0,Reader_2_1.csv
3889,0,0,0,Reader_2_10.csv
3889,0,0,0,Reader_2_11.csv
3889,1,1,0,Reader_2_12.csv
3889,2,1,1,Reader_2_2.csv
3889,0,0,0,Reader_2_3.csv
3889,1,1,0,Reader_2_4.csv
3889,0,0,0,Reader_2_5.csv
3889,0,0,0,Reader_2_6.csv
3889,0,0,0,Reader_2_7.csv
3889,0,0,0,Reader_2_8.csv
3889,2,2,0,Reader_2_9.csv
3889,9,6,3,reader_3_1.csv
3889,1,0,1,Reader_3_2.csv
3889,2,1,1,Reader_3_3.csv
3889,2,1,1,Reader_3_4.csv
3889,3,2,1,Reader_3_5.csv
3889,0,0,0,Reader_3_6.csv
3889,1,1,0,Reader_3_7.csv
3890,6,5,1,Reader_1_1.csv
3890,1,1,0,Reader_1_10.csv
3890,2,2,0,Reader_1_11.csv
3890,1,1,0,Reader_1_12.csv
3890,4,1,3,Reader_1_2.csv
3890,3,3,0,Reader_1_3.csv
3890,0,0,0,Reader_1_4.csv
3890,1,0,1,Reader_1_5.csv
3890,0,0,0,Reader_1_6.csv
3890,1,1,0,Reader_1_7.csv
3890,0,0,0,Reader_1_8.csv
3890,0,0,0,Reader_1_9.csv
3890,0,0,0,Reader_2_1.csv
3890,0,0,0,Reader_2_10.csv
3890,0,0,0,Reader_2_11.csv
3890,1,1,0,Reader_2_12.csv
3890,2,1,1,Reader_2_2.csv
3890,0,0,0,Reader_2_3.csv
3890,1,1,0,Reader_2_4.csv
3890,0,0,0,Reader_2_5.csv
3890,0,0,0,Reader_2_6.csv
3890,0,0,0,Reader_2_7.csv
3890,0,0,0,Reader_2_8.csv
3890,2,2,0,Reader_2_9.csv
3890,9,5,4,reader_3_1.csv
3890,0,0,0,Reader_3_2.csv
3890,2,1,1,Reader_3_3.csv
3890,2,1,1,Reader_3_4.csv
3890,3,2,1,Reader_3_5.csv
3890,0,0,0,Reader_3_6.csv
3890,1,1,0,Reader_3_7.csv
3891,6,5,1,Reader_1_1.csv
3891,1,1,0,Reader_1_10.csv
3891,2,2,0,Reader_1_11.csv
3891,1,1,0,Reader_1_12.csv
3891,4,1,3,Reader_1_2.csv
3891,3,3,0,Reader_1_3.csv
3891,0,0,0,Reader_1_4.csv
3891,1,0,1,Reader_1_5.csv
3891,0,0,0,Reader_1_6.csv
3891,1,1,0,Reader_1_7.csv
3891,0,0,0,Reader_1_8.csv
3891,0,0,0,Reader_1_9.csv
3891,0,0,0,Reader_2_1.csv
3891,0,0,0,Reader_2_10.csv
3891,0,0,0,Reader_2_11.csv
3891,0,0,0,Reader_2_12.csv
3891,2,1,1,Reader_2_2.csv
3891,0,0,0,Reader_2_3.csv
3891,1,1,0,Reader_2_4.csv
3891,0,0,0,Reader_2_5.csv
3891,0,0,0,Reader_2_6.csv
3891,0,0,0,Reader_2_7.csv
3891,0,0,0,Reader_2_8.csv
3891,1,1,0,Reader_2_9.csv
3891,9,5,4,reader_3_1.csv
3891,0,0,0,Reader_3_2.csv
3891,2,1,1,Reader_3_3.csv
3891,2,1,1,Reader_3_4.csv
3891,2,1,1,Reader_3_5.csv
3891,0,0,0,Reader_3_6.csv
3891,1,1,0,Reader_3_7.csv
3892,5,4,1,Reader_1_1.csv
3892,1,1,0,Reader_1_10.csv
3892,2,2,0,Reader_1_11.csv
3892,0,0,0,Reader_1_12.csv
3892,4,1,3,Reader_1_2.csv
3892,3,3,0,Reader_1_3.csv
3892,0,0,0,Reader_1_4.csv
3892,2,1,1,Reader_1_5.csv
3892,0,0,0,Reader_1_6.csv
3892,1,1,0,Reader_1_7.csv
3892,0,0,0,Reader_1_8.csv
3892,0,0,0,Reader_1_9.csv
3892,0,0,0,Reader_2_1.csv
3892,0,0,0,Reader_2_10.csv
3892,0,0,0,Reader_2_11.csv
3892,0,0,0,Reader_2_12.csv
3892,4,3,1,Reader_2_2.csv
3892,0,0,0,Reader_2_3.csv
3892,0,0,0,Reader_2_4.csv
3892,0,0,0,Reader_2_5.csv
3892,0,0,0,Reader_2_6.csv
3892,0,0,0,Reader_2_7.csv
3892,0,0,0,Reader_2_8.csv
3892,1,1,0,Reader_2_9.csv
3892,8,4,4,reader_3_1.csv
3892,1,1,0,Reader_3_2.csv
3892,1,0,1,Reader_3_3.csv
3892,1,0,1,Reader_3_4.csv
3892,3,1,2,Reader_3_5.csv
3892,0,0,0,Reader_3_6.csv
3892,1,1,0,Reader_3_7.csv
3893,3,3,0,Reader_1_1.csv
3893,1,1,0,Reader_1_10.csv
3893,3,3,0,Reader_1_11.csv
3893,0,0,0,Reader_1_12.csv
3893,3,1,2,Reader_1_2.csv
3893,4,4,0,Reader_1_3.csv
3893,0,0,0,Reader_1_4.csv
3893,2,1,1,Reader_1_5.csv
3893,0,0,0,Reader_1_6.csv
3893,1,1,0,Reader_1_7.csv
3893,0,0,0,Reader_1_8.csv
3893,0,0,0,Reader_1_9.csv
3893,0,0,0,Reader_2_1.csv
3893,1,1,0,Reader_2_10.csv
3893,0,0,0,Reader_2_11.csv
3893,0,0,0,Reader_2_12.csv
3893,4,3,1,Reader_2_2.csv
3893,0,0,0,Reader_2_3.csv
3893,0,0,0,Reader_2_4.csv
3893,0,0,0,Reader_2_5.csv
3893,0,0,0,Reader_2_6.csv
3893,0,0,0,Reader_2_7.csv
3893,0,0,0,Reader_2_8.csv
3893,1,1,0,Reader_2_9.csv
3893,10,5,5,reader_3_1.csv
3893,1,1,0,Reader_3_2.csv
3893,2,1,1,Reader_3_3.csv
3893,2,1,1,Reader_3_4.csv
3893,4,2,2,Reader_3_5.csv
3893,1,1,0,Reader_3_6.csv
3893,1,1,0,Reader_3_7.csv
3894,2,2,0,Reader_1_1.csv
3894,1,1,0,Reader_1_10.csv
3894,3,3,0,Reader_1_11.csv
3894,0,0,0,Reader_1_12.csv
3894,3,1,2,Reader_1_2.csv
3894,4,4,0,Reader_1_3.csv
3894,0,0,0,Reader_1_4.csv
3894,1,1,0,Reader_1_5.csv
3894,0,0,0,Reader_1_6.csv
3894,1,1,0,Reader_1_7.csv
3894,0,0,0,Reader_1_8.csv
3894,0,0,0,Reader_1_9.csv
3894,0,0,0,Reader_2_1.csv
3894,1,1,0,Reader_2_10.csv
3894,0,0,0,Reader_2_11.csv
3894,0,0,0,Reader_2_12.csv
3894,3,2,1,Reader_2_2.csv
3894,0,0,0,Reader_2_3.csv
3894,1,1,0,Reader_2_4.csv
3894,0,0,0,Reader_2_5.csv
3894,0,0,0,Reader_2_6.csv
3894,0,0,0,Reader_2_7.csv
3894,0,0,0,Reader_2_8.csv
3894,1,1,0,Reader_2_9.csv
3894,13,7,6,reader_3_1.csv
3894,2,2,0,Reader_3_2.csv
3894,5,3,2,Reader_3_3.csv
3894,5,3,2,Reader_3_4.csv
3894,3,2,1,Reader_3_5.csv
3894,1,1,0,Reader_3_6.csv
3894,1,1,0,Reader_3_7.csv
3895,2,2,0,Reader_1_1.csv
3895,1,1,0,Reader_1_10.csv
3895,3,3,0,Reader_1_11.csv
3895,0,0,0,Reader_1_12.csv
3895,2,1,1,Reader_1_2.csv
3895,4,4,0,Reader_1_3.csv
3895,0,0,0,Reader_1_4.csv
3895,2,1,1,Reader_1_5.csv
3895,0,0,0,Reader_1_6.csv
3895,1,1,0,Reader_1_7.csv
3895,0,0,0,Reader_1_8.csv
3895,0,0,0,Reader_1_9.csv
3895,0,0,0,Reader_2_1.csv
3895,1,1,0,Reader_2_10.csv
3895,0,0,0,Reader_2_11.csv
3895,0,0,0,Reader_2_12.csv
3895,2,2,0,Reader_2_2.csv
3895,0,0,0,Reader_2_3.csv
3895,2,2,0,Reader_2_4.csv
3895,0,0,0,Reader_2_5.csv
3895,0,0,0,Reader_2_6.csv
3895,0,0,0,Reader_2_7.csv
3895,0,0,0,Reader_2_8.csv
3895,1,1,0,Reader_2_9.csv
3895,11,5,6,reader_3_1.csv
3895,2,2,0,Reader_3_2.csv
3895,8,6,2,Reader_3_3.csv
3895,8,6,2,Reader_3_4.csv
3895,5,3,2,Reader_3_5.csv
3895,1,1,0,Reader_3_6.csv
3895,1,1,0,Reader_3_7.csv
3896,2,2,0,Reader_1_1.csv
3896,1,1,0,Reader_1_10.csv
3896,3,3,0,Reader_1_11.csv
3896,0,0,0,Reader_1_12.csv
3896,4,2,2,Reader_1_2.csv
3896,4,4,0,Reader_1_3.csv
3896,0,0,0,Reader_1_4.csv
3896,2,1,1,Reader_1_5.csv
3896,0,0,0,Reader_1_6.csv
3896,0,0,0,Reader_1_7.csv
3896,0,0,0,Reader_1_8.csv
3896,0,0,0,Reader_1_9.csv
3896,0,0,0,Reader_2_1.csv
3896,1,1,0,Reader_2_10.csv
3896,0,0,0,Reader_2_11.csv
3896,0,0,0,Reader_2_12.csv
3896,2,2,0,Reader_2_2.csv
3896,0,0,0,Reader_2_3.csv
3896,2,2,0,Reader_2_4.csv
3896,0,0,0,Reader_2_5.csv
3896,0,0,0,Reader_2_6.csv
3896,0,0,0,Reader_2_7.csv
3896,0,0,0,Reader_2_8.csv
3896,1,1,0,Reader_2_9.csv
3896,11,5,6,reader_3_1.csv
3896,2,2,0,Reader_3_2.csv
3896,8,7,1,Reader_3_3.csv
3896,8,7,1,Reader_3_4.csv
3896,5,3,2,Reader_3_5.csv
3896,1,1,0,Reader_3_6.csv
3896,0,0,0,Reader_3_7.csv
3897,0,0,0,Reader_1_1.csv
3897,0,0,0,Reader_1_10.csv
3897,2,2,0,Reader_1_11.csv
3897,0,0,0,Reader_1_12.csv
3897,4,2,2,Reader_1_2.csv
3897,3,3,0,Reader_1_3.csv
3897,0,0,0,Reader_1_4.csv
3897,2,1,1,Reader_1_5.csv
3897,0,0,0,Reader_1_6.csv
3897,0,0,0,Reader_1_7.csv
3897,0,0,0,Reader_1_8.csv
3897,0,0,0,Reader_1_9.csv
3897,0,0,0,Reader_2_1.csv
3897,2,2,0,Reader_2_10.csv
3897,0,0,0,Reader_2_11.csv
3897,0,0,0,Reader_2_12.csv
3897,2,2,0,Reader_2_2.csv
3897,0,0,0,Reader_2_3.csv
3897,2,2,0,Reader_2_4.csv
3897,0,0,0,Reader_2_5.csv
3897,0,0,0,Reader_2_6.csv
3897,0,0,0,Reader_2_7.csv
3897,0,0,0,Reader_2_8.csv
3897,0,0,0,Reader_2_9.csv
3897,11,5,6,reader_3_1.csv
3897,3,2,1,Reader_3_2.csv
3897,11,10,1,Reader_3_3.csv
3897,11,10,1,Reader_3_4.csv
3897,5,3,2,Reader_3_5.csv
3897,1,1,0,Reader_3_6.csv
3897,0,0,0,Reader_3_7.csv
3898,0,0,0,Reader_1_1.csv
3898,0,0,0,Reader_1_10.csv
3898,2,2,0,Reader_1_11.csv
3898,0,0,0,Reader_1_12.csv
3898,3,2,1,Reader_1_2.csv
3898,3,3,0,Reader_1_3.csv
3898,0,0,0,Reader_1_4.csv
3898,2,1,1,Reader_1_5.csv
3898,0,0,0,Reader_1_6.csv
3898,0,0,0,Reader_1_7.csv
3898,0,0,0,Reader_1_8.csv
3898,0,0,0,Reader_1_9.csv
3898,0,0,0,Reader_2_1.csv
3898,2,2,0,Reader_2_10.csv
3898,0,0,0,Reader_2_11.csv
3898,0,0,0,Reader_2_12.csv
3898,2,2,0,Reader_2_2.csv
3898,0,0,0,Reader_2_3.csv
3898,2,2,0,Reader_2_4.csv
3898,0,0,0,Reader_2_5.csv
3898,1,1,0,Reader_2_6.csv
3898,0,0,0,Reader_2_7.csv
3898,0,0,0,Reader_2_8.csv
3898,0,0,0,Reader_2_9.csv
3898,9,5,4,reader_3_1.csv
3898,3,2,1,Reader_3_2.csv
3898,11,10,1,Reader_3_3.csv
3898,11,10,1,Reader_3_4.csv
3898,5,3,2,Reader_3_5.csv
3898,1,1,0,Reader_3_6.csv
3898,0,0,0,Reader_3_7.csv
3899,1,1,0,Reader_1_1.csv
3899,1,0,1,Reader_1_10.csv
3899,1,1,0,Reader_1_11.csv
3899,0,0,0,Reader_1_12.csv
3899,3,2,1,Reader_1_2.csv
3899,4,4,0,Reader_1_3.csv
3899,0,0,0,Reader_1_4.csv
3899,3,2,1,Reader_1_5.csv
3899,0,0,0,Reader_1_6.csv
3899,0,0,0,Reader_1_7.csv
3899,0,0,0,Reader_1_8.csv
3899,0,0,0,Reader_1_9.csv
3899,0,0,0,Reader_2_1.csv
3899,2,2,0,Reader_2_10.csv
3899,0,0,0,Reader_2_11.csv
3899,1,1,0,Reader_2_12.csv
3899,3,2,1,Reader_2_2.csv
3899,1,1,0,Reader_2_3.csv
3899,2,2,0,Reader_2_4.csv
3899,0,0,0,Reader_2_5.csv
3899,1,1,0,Reader_2_6.csv
3899,0,0,0,Reader_2_7.csv
3899,1,1,0,Reader_2_8.csv
3899,0,0,0,Reader_2_9.csv
3899,12,8,4,reader_3_1.csv
3899,4,3,1,Reader_3_2.csv
3899,12,11,1,Reader_3_3.csv
3899,12,11,1,Reader_3_4.csv
3899,5,3,2,Reader_3_5.csv
3899,2,1,1,Reader_3_6.csv
3899,2,1,1,Reader_3_7.csv
3900,2,2,0,Reader_1_1.csv
3900,1,0,1,Reader_1_10.csv
3900,2,2,0,Reader_1_11.csv
3900,0,0,0,Reader_1_12.csv
3900,4,3,1,Reader_1_2.csv
3900,4,4,0,Reader_1_3.csv
3900,0,0,0,Reader_1_4.csv
3900,3,2,1,Reader_1_5.csv
3900,0,0,0,Reader_1_6.csv
3900,0,0,0,Reader_1_7.csv
3900,0,0,0,Reader_1_8.csv
3900,0,0,0,Reader_1_9.csv
3900,0,0,0,Reader_2_1.csv
3900,2,2,0,Reader_2_10.csv
3900,0,0,0,Reader_2_11.csv
3900,1,1,0,Reader_2_12.csv
3900,1,0,1,Reader_2_2.csv
3900,2,1,1,Reader_2_3.csv
3900,2,2,0,Reader_2_4.csv
3900,0,0,0,Reader_2_5.csv
3900,1,1,0,Reader_2_6.csv
3900,1,1,0,Reader_2_7.csv
3900,1,1,0,Reader_2_8.csv
3900,0,0,0,Reader_2_9.csv
3900,15,9,6,reader_3_1.csv
3900,3,2,1,Reader_3_2.csv
3900,14,13,1,Reader_3_3.csv
3900,14,13,1,Reader_3_4.csv
3900,4,3,1,Reader_3_5.csv
3900,2,1,1,Reader_3_6.csv
3900,2,1,1,Reader_3_7.csv
3901,3,3,0,Reader_1_1.csv
3901,2,1,1,Reader_1_10.csv
3901,1,1,0,Reader_1_11.csv
3901,0,0,0,Reader_1_12.csv
3901,5,4,1,Reader_1_2.csv
3901,4,4,0,Reader_1_3.csv
3901,0,0,0,Reader_1_4.csv
3901,3,2,1,Reader_1_5.csv
3901,0,0,0,Reader_1_6.csv
3901,0,0,0,Reader_1_7.csv
3901,0,0,0,Reader_1_8.csv
3901,0,0,0,Reader_1_9.csv
3901,0,0,0,Reader_2_1.csv
3901,3,3,0,Reader_2_10.csv
3901,0,0,0,Reader_2_11.csv
3901,1,1,0,Reader_2_12.csv
3901,1,0,1,Reader_2_2.csv
3901,2,1,1,Reader_2_3.csv
3901,2,2,0,Reader_2_4.csv
3901,0,0,0,Reader_2_5.csv
3901,1,1,0,Reader_2_6.csv
3901,1,1,0,Reader_2_7.csv
3901,1,1,0,Reader_2_8.csv
3901,0,0,0,Reader_2_9.csv
3901,12,7,5,reader_3_1.csv
3901,4,3,1,Reader_3_2.csv
3901,15,13,2,Reader_3_3.csv
3901,15,13,2,Reader_3_4.csv
3901,4,3,1,Reader_3_5.csv
3901,4,3,1,Reader_3_6.csv
3901,2,1,1,Reader_3_7.csv
3902,4,4,0,Reader_1_1.csv
3902,2,1,1,Reader_1_10.csv
3902,1,1,0,Reader_1_11.csv
3902,0,0,0,Reader_1_12.csv
3902,5,4,1,Reader_1_2.csv
3902,5,5,0,Reader_1_3.csv
3902,0,0,0,Reader_1_4.csv
3902,3,2,1,Reader_1_5.csv
3902,0,0,0,Reader_1_6.csv
3902,0,0,0,Reader_1_7.csv
3902,0,0,0,Reader_1_8.csv
3902,0,0,0,Reader_1_9.csv
3902,0,0,0,Reader_2_1.csv
3902,3,3,0,Reader_2_10.csv
3902,0,0,0,Reader_2_11.csv
3902,1,1,0,Reader_2_12.csv
3902,1,0,1,Reader_2_2.csv
3902,2,1,1,Reader_2_3.csv
3902,1,1,0,Reader_2_4.csv
3902,0,0,0,Reader_2_5.csv
3902,1,1,0,Reader_2_6.csv
3902,1,1,0,Reader_2_7.csv
3902,1,1,0,Reader_2_8.csv
3902,0,0,0,Reader_2_9.csv
3902,11,5,6,reader_3_1.csv
3902,3,2,1,Reader_3_2.csv
3902,13,12,1,Reader_3_3.csv
3902,13,12,1,Reader_3_4.csv
3902,7,5,2,Reader_3_5.csv
3902,5,4,1,Reader_3_6.csv
3902,2,1,1,Reader_3_7.csv
3903,6,5,1,Reader_1_1.csv
3903,3,2,1,Reader_1_10.csv
3903,3,3,0,Reader_1_11.csv
3903,0,0,0,Reader_1_12.csv
3903,5,4,1,Reader_1_2.csv
3903,4,4,0,Reader_1_3.csv
3903,0,0,0,Reader_1_4.csv
3903,3,2,1,Reader_1_5.csv
3903,0,0,0,Reader_1_6.csv
3903,0,0,0,Reader_1_7.csv
3903,0,0,0,Reader_1_8.csv
3903,0,0,0,Reader_1_9.csv
3903,0,0,0,Reader_2_1.csv
3903,3,3,0,Reader_2_10.csv
3903,0,0,0,Reader_2_11.csv
3903,1,1,0,Reader_2_12.csv
3903,1,0,1,Reader_2_2.csv
3903,2,1,1,Reader_2_3.csv
3903,0,0,0,Reader_2_4.csv
3903,0,0,0,Reader_2_5.csv
3903,1,1,0,Reader_2_6.csv
3903,1,1,0,Reader_2_7.csv
3903,1,1,0,Reader_2_8.csv
3903,0,0,0,Reader_2_9.csv
3903,11,5,6,reader_3_1.csv
3903,3,2,1,Reader_3_2.csv
3903,11,10,1,Reader_3_3.csv
3903,11,10,1,Reader_3_4.csv
3903,6,5,1,Reader_3_5.csv
3903,5,4,1,Reader_3_6.csv
3903,2,1,1,Reader_3_7.csv
3904,6,5,1,Reader_1_1.csv
3904,3,2,1,Reader_1_10.csv
3904,3,3,0,Reader_1_11.csv
3904,0,0,0,Reader_1_12.csv
3904,3,3,0,Reader_1_2.csv
3904,4,4,0,Reader_1_3.csv
3904,0,0,0,Reader_1_4.csv
3904,5,4,1,Reader_1_5.csv
3904,0,0,0,Reader_1_6.csv
3904,0,0,0,Reader_1_7.csv
3904,0,0,0,Reader_1_8.csv
3904,0,0,0,Reader_1_9.csv
3904,0,0,0,Reader_2_1.csv
3904,3,3,0,Reader_2_10.csv
3904,0,0,0,Reader_2_11.csv
3904,1,1,0,Reader_2_12.csv
3904,1,0,1,Reader_2_2.csv
3904,2,1,1,Reader_2_3.csv
3904,0,0,0,Reader_2_4.csv
3904,0,0,0,Reader_2_5.csv
3904,1,1,0,Reader_2_6.csv
3904,1,1,0,Reader_2_7.csv
3904,1,1,0,Reader_2_8.csv
3904,0,0,0,Reader_2_9.csv
3904,10,5,5,reader_3_1.csv
3904,4,3,1,Reader_3_2.csv
3904,11,10,1,Reader_3_3.csv
3904,11,10,1,Reader_3_4.csv
3904,5,4,1,Reader_3_5.csv
3904,5,4,1,Reader_3_6.csv
3904,2,1,1,Reader_3_7.csv
3905,7,6,1,Reader_1_1.csv
3905,3,2,1,Reader_1_10.csv
3905,4,3,1,Reader_1_11.csv
3905,0,0,0,Reader_1_12.csv
3905,4,4,0,Reader_1_2.csv
3905,4,4,0,Reader_1_3.csv
3905,0,0,0,Reader_1_4.csv
3905,5,4,1,Reader_1_5.csv
3905,0,0,0,Reader_1_6.csv
3905,0,0,0,Reader_1_7.csv
3905,0,0,0,Reader_1_8.csv
3905,0,0,0,Reader_1_9.csv
3905,0,0,0,Reader_2_1.csv
3905,2,2,0,Reader_2_10.csv
3905,0,0,0,Reader_2_11.csv
3905,1,1,0,Reader_2_12.csv
3905,1,0,1,Reader_2_2.csv
3905,2,1,1,Reader_2_3.csv
3905,0,0,0,Reader_2_4.csv
3905,0,0,0,Reader_2_5.csv
3905,1,1,0,Reader_2_6.csv
3905,1,1,0,Reader_2_7.csv
3905,1,1,0,Reader_2_8.csv
3905,0,0,0,Reader_2_9.csv
3905,9,4,5,reader_3_1.csv
3905,3,3,0,Reader_3_2.csv
3905,10,8,2,Reader_3_3.csv
3905,10,8,2,Reader_3_4.csv
3905,5,4,1,Reader_3_5.csv
3905,5,4,1,Reader_3_6.csv
3905,2,1,1,Reader_3_7.csv
3906,7,6,1,Reader_1_1.csv
3906,3,2,1,Reader_1_10.csv
3906,4,3,1,Reader_1_11.csv
3906,0,0,0,Reader_1_12.csv
3906,4,4,0,Reader_1_2.csv
3906,4,4,0,Reader_1_3.csv
3906,0,0,0,Reader_1_4.csv
3906,6,4,2,Reader_1_5.csv
3906,0,0,0,Reader_1_6.csv
3906,0,0,0,Reader_1_7.csv
3906,0,0,0,Reader_1_8.csv
3906,0,0,0,Reader_1_9.csv
3906,0,0,0,Reader_2_1.csv
3906,2,2,0,Reader_2_10.csv
3906,0,0,0,Reader_2_11.csv
3906,1,1,0,Reader_2_12.csv
3906,1,0,1,Reader_2_2.csv
3906,2,1,1,Reader_2_3.csv
3906,1,1,0,Reader_2_4.csv
3906,0,0,0,Reader_2_5.csv
3906,0,0,0,Reader_2_6.csv
3906,1,1,0,Reader_2_7.csv
3906,1,1,0,Reader_2_8.csv
3906,0,0,0,Reader_2_9.csv
3906,11,6,5,reader_3_1.csv
3906,3,3,0,Reader_3_2.csv
3906,10,8,2,Reader_3_3.csv
3906,10,8,2,Reader_3_4.csv
3906,5,4,1,Reader_3_5.csv
3906,5,4,1,Reader_3_6.csv
3906,2,1,1,Reader_3_7.csv
3907,6,5,1,Reader_1_1.csv
3907,3,2,1,Reader_1_10.csv
3907,4,3,1,Reader_1_11.csv
3907,0,0,0,Reader_1_12.csv
3907,4,4,0,Reader_1_2.csv
3907,3,3,0,Reader_1_3.csv
3907,0,0,0,Reader_1_4.csv
3907,5,3,2,Reader_1_5.csv
3907,0,0,0,Reader_1_6.csv
3907,0,0,0,Reader_1_7.csv
3907,0,0,0,Reader_1_8.csv
3907,0,0,0,Reader_1_9.csv
3907,0,0,0,Reader_2_1.csv
3907,2,2,0,Reader_2_10.csv
3907,0,0,0,Reader_2_11.csv
3907,0,0,0,Reader_2_12.csv
3907,0,0,0,Reader_2_2.csv
3907,1,0,1,Reader_2_3.csv
3907,1,1,0,Reader_2_4.csv
3907,0,0,0,Reader_2_5.csv
3907,0,0,0,Reader_2_6.csv
3907,1,1,0,Reader_2_7.csv
3907,0,0,0,Reader_2_8.csv
3907,0,0,0,Reader_2_9.csv
3907,7,3,4,reader_3_1.csv
3907,2,2,0,Reader_3_2.csv
3907,10,7,3,Reader_3_3.csv
3907,10,7,3,Reader_3_4.csv
3907,5,4,1,Reader_3_5.csv
3907,5,5,0,Reader_3_6.csv
3907,0,0,0,Reader_3_7.csv
3908,5,4,1,Reader_1_1.csv
3908,4,3,1,Reader_1_10.csv
3908,4,3,1,Reader_1_11.csv
3908,0,0,0,Reader_1_12.csv
3908,4,4,0,Reader_1_2.csv
3908,2,2,0,Reader_1_3.csv
3908,0,0,0,Reader_1_4.csv
3908,4,2,2,Reader_1_5.csv
3908,1,1,0,Reader_1_6.csv
3908,0,0,0,Reader_1_7.csv
3908,0,0,0,Reader_1_8.csv
3908,1,1,0,Reader_1_9.csv
3908,0,0,0,Reader_2_1.csv
3908,2,2,0,Reader_2_10.csv
3908,0,0,0,Reader_2_11.csv
3908,0,0,0,Reader_2_12.csv
3908,0,0,0,Reader_2_2.csv
3908,0,0,0,Reader_2_3.csv
3908,1,1,0,Reader_2_4.csv
3908,0,0,0,Reader_2_5.csv
3908,0,0,0,Reader_2_6.csv
3908,0,0,0,Reader_2_7.csv
3908,0,0,0,Reader_2_8.csv
3908,0,0,0,Reader_2_9.csv
3908,4,2,2,reader_3_1.csv
3908,3,3,0,Reader_3_2.csv
3908,9,6,3,Reader_3_3.csv
3908,9,6,3,Reader_3_4.csv
3908,5,4,1,Reader_3_5.csv
3908,5,5,0,Reader_3_6.csv
3908,0,0,0,Reader_3_7.csv
3909,4,3,1,Reader_1_1.csv
3909,3,2,1,Reader_1_10.csv
3909,6,4,2,Reader_1_11.csv
3909,0,0,0,Reader_1_12.csv
3909,5,5,0,Reader_1_2.csv
3909,1,1,0,Reader_1_3.csv
3909,0,0,0,Reader_1_4.csv
3909,6,4,2,Reader_1_5.csv
3909,1,1,0,Reader_1_6.csv
3909,0,0,0,Reader_1_7.csv
3909,0,0,0,Reader_1_8.csv
3909,2,2,0,Reader_1_9.csv
3909,0,0,0,Reader_2_1.csv
3909,0,0,0,Reader_2_10.csv
3909,0,0,0,Reader_2_11.csv
3909,0,0,0,Reader_2_12.csv
3909,0,0,0,Reader_2_2.csv
3909,0,0,0,Reader_2_3.csv
3909,1,1,0,Reader_2_4.csv
3909,0,0,0,Reader_2_5.csv
3909,0,0,0,Reader_2_6.csv
3909,0,0,0,Reader_2_7.csv
3909,0,0,0,Reader_2_8.csv
3909,1,1,0,Reader_2_9.csv
3909,5,3,2,reader_3_1.csv
3909,4,4,0,Reader_3_2.csv
3909,10,7,3,Reader_3_3.csv
3909,10,7,3,Reader_3_4.csv
3909,5,3,2,Reader_3_5.csv
3909,2,2,0,Reader_3_6.csv
3909,0,0,0,Reader_3_7.csv
3910,4,2,2,Reader_1_1.csv
3910,3,2,1,Reader_1_10.csv
3910,7,5,2,Reader_1_11.csv
3910,0,0,0,Reader_1_12.csv
3910,7,7,0,Reader_1_2.csv
3910,0,0,0,Reader_1_3.csv
3910,0,0,0,Reader_1_4.csv
3910,6,4,2,Reader_1_5.csv
3910,1,1,0,Reader_1_6.csv
3910,0,0,0,Reader_1_7.csv
3910,0,0,0,Reader_1_8.csv
3910,2,2,0,Reader_1_9.csv
3910,0,0,0,Reader_2_1.csv
3910,0,0,0,Reader_2_10.csv
3910,0,0,0,Reader_2_11.csv
3910,1,1,0,Reader_2_12.csv
3910,0,0,0,Reader_2_2.csv
3910,0,0,0,Reader_2_3.csv
3910,1,1,0,Reader_2_4.csv
3910,0,0,0,Reader_2_5.csv
3910,0,0,0,Reader_2_6.csv
3910,0,0,0,Reader_2_7.csv
3910,0,0,0,Reader_2_8.csv
3910,1,1,0,Reader_2_9.csv
3910,3,3,0,reader_3_1.csv
3910,6,6,0,Reader_3_2.csv
3910,10,7,3,Reader_3_3.csv
3910,10,7,3,Reader_3_4.csv
3910,3,2,1,Reader_3_5.csv
3910,1,1,0,Reader_3_6.csv
3910,0,0,0,Reader_3_7.csv
3911,3,2,1,Reader_1_1.csv
3911,2,1,1,Reader_1_10.csv
3911,7,5,2,Reader_1_11.csv
3911,0,0,0,Reader_1_12.csv
3911,7,7,0,Reader_1_2.csv
3911,0,0,0,Reader_1_3.csv
3911,0,0,0,Reader_1_4.csv
3911,5,4,1,Reader_1_5.csv
3911,1,1,0,Reader_1_6.csv
3911,0,0,0,Reader_1_7.csv
3911,0,0,0,Reader_1_8.csv
3911,2,2,0,Reader_1_9.csv
3911,0,0,0,Reader_2_1.csv
3911,0,0,0,Reader_2_10.csv
3911,0,0,0,Reader_2_11.csv
3911,1,1,0,Reader_2_12.csv
3911,0,0,0,Reader_2_2.csv
3911,0,0,0,Reader_2_3.csv
3911,2,2,0,Reader_2_4.csv
3911,0,0,0,Reader_2_5.csv
3911,0,0,0,Reader_2_6.csv
3911,0,0,0,Reader_2_7.csv
3911,1,1,0,Reader_2_8.csv
3911,1,1,0,Reader_2_9.csv
3911,3,3,0,reader_3_1.csv
3911,6,6,0,Reader_3_2.csv
3911,11,8,3,Reader_3_3.csv
3911,11,8,3,Reader_3_4.csv
3911,2,1,1,Reader_3_5.csv
3911,2,2,0,Reader_3_6.csv
3911,0,0,0,Reader_3_7.csv
3912,7,4,3,Reader_1_1.csv
3912,2,1,1,Reader_1_10.csv
3912,7,5,2,Reader_1_11.csv
3912,0,0,0,Reader_1_12.csv
3912,11,11,0,Reader_1_2.csv
3912,0,0,0,Reader_1_3.csv
3912,0,0,0,Reader_1_4.csv
3912,3,2,1,Reader_1_5.csv
3912,1,1,0,Reader_1_6.csv
3912,0,0,0,Reader_1_7.csv
3912,0,0,0,Reader_1_8.csv
3912,2,2,0,Reader_1_9.csv
3912,0,0,0,Reader_2_1.csv
3912,0,0,0,Reader_2_10.csv
3912,0,0,0,Reader_2_11.csv
3912,1,1,0,Reader_2_12.csv
3912,0,0,0,Reader_2_2.csv
3912,0,0,0,Reader_2_3.csv
3912,2,2,0,Reader_2_4.csv
3912,0,0,0,Reader_2_5.csv
3912,0,0,0,Reader_2_6.csv
3912,0,0,0,Reader_2_7.csv
3912,1,1,0,Reader_2_8.csv
3912,1,1,0,Reader_2_9.csv
3912,4,3,1,reader_3_1.csv
3912,5,5,0,Reader_3_2.csv
3912,12,9,3,Reader_3_3.csv
3912,12,9,3,Reader_3_4.csv
3912,2,1,1,Reader_3_5.csv
3912,2,2,0,Reader_3_6.csv
3912,0,0,0,Reader_3_7.csv
3913,8,5,3,Reader_1_1.csv
3913,2,1,1,Reader_1_10.csv
3913,7,6,1,Reader_1_11.csv
3913,0,0,0,Reader_1_12.csv
3913,9,9,0,Reader_1_2.csv
3913,1,1,0,Reader_1_3.csv
3913,0,0,0,Reader_1_4.csv
3913,3,2,1,Reader_1_5.csv
3913,1,1,0,Reader_1_6.csv
3913,1,1,0,Reader_1_7.csv
3913,1,1,0,Reader_1_8.csv
3913,2,2,0,Reader_1_9.csv
3913,0,0,0,Reader_2_1.csv
3913,0,0,0,Reader_2_10.csv
3913,0,0,0,Reader_2_11.csv
3913,1,1,0,Reader_2_12.csv
3913,0,0,0,Reader_2_2.csv
3913,0,0,0,Reader_2_3.csv
3913,2,2,0,Reader_2_4.csv
3913,0,0,0,Reader_2_5.csv
3913,0,0,0,Reader_2_6.csv
3913,0,0,0,Reader_2_7.csv
3913,1,1,0,Reader_2_8.csv
3913,1,1,0,Reader_2_9.csv
3913,4,3,1,reader_3_1.csv
3913,5,5,0,Reader_3_2.csv
3913,11,9,2,Reader_3_3.csv
3913,11,9,2,Reader_3_4.csv
3913,3,2,1,Reader_3_5.csv
3913,2,2,0,Reader_3_6.csv
3913,0,0,0,Reader_3_7.csv
3914,12,9,3,Reader_1_1.csv
3914,2,1,1,Reader_1_10.csv
3914,7,6,1,Reader_1_11.csv
3914,0,0,0,Reader_1_12.csv
3914,9,9,0,Reader_1_2.csv
3914,1,1,0,Reader_1_3.csv
3914,0,0,0,Reader_1_4.csv
3914,2,2,0,Reader_1_5.csv
3914,1,1,0,Reader_1_6.csv
3914,1,1,0,Reader_1_7.csv
3914,1,1,0,Reader_1_8.csv
3914,2,2,0,Reader_1_9.csv
3914,0,0,0,Reader_2_1.csv
3914,0,0,0,Reader_2_10.csv
3914,0,0,0,Reader_2_11.csv
3914,1,1,0,Reader_2_12.csv
3914,0,0,0,Reader_2_2.csv
3914,0,0,0,Reader_2_3.csv
3914,1,1,0,Reader_2_4.csv
3914,0,0,0,Reader_2_5.csv
3914,0,0,0,Reader_2_6.csv
3914,0,0,0,Reader_2_7.csv
3914,1,1,0,Reader_2_8.csv
3914,2,2,0,Reader_2_9.csv
3914,3,2,1,reader_3_1.csv
3914,5,5,0,Reader_3_2.csv
3914,11,9,2,Reader_3_3.csv
3914,11,9,2,Reader_3_4.csv
3914,4,3,1,Reader_3_5.csv
3914,2,2,0,Reader_3_6.csv
3914,0,0,0,Reader_3_7.csv
3915,17,14,3,Reader_1_1.csv
3915,1,1,0,Reader_1_10.csv
3915,7,6,1,Reader_1_11.csv
3915,0,0,0,Reader_1_12.csv
3915,9,9,0,Reader_1_2.csv
3915,1,1,0,Reader_1_3.csv
3915,0,0,0,Reader_1_4.csv
3915,3,3,0,Reader_1_5.csv
3915,1,1,0,Reader_1_6.csv
3915,1,1,0,Reader_1_7.csv
3915,1,1,0,Reader_1_8.csv
3915,2,2,0,Reader_1_9.csv
3915,1,1,0,Reader_2_1.csv
3915,0,0,0,Reader_2_10.csv
3915,0,0,0,Reader_2_11.csv
3915,1,1,0,Reader_2_12.csv
3915,0,0,0,Reader_2_2.csv
3915,0,0,0,Reader_2_3.csv
3915,2,2,0,Reader_2_4.csv
3915,0,0,0,Reader_2_5.csv
3915,0,0,0,Reader_2_6.csv
3915,0,0,0,Reader_2_7.csv
3915,1,1,0,Reader_2_8.csv
3915,2,2,0,Reader_2_9.csv
3915,4,2,2,reader_3_1.csv
3915,5,5,0,Reader_3_2.csv
3915,11,10,1,Reader_3_3.csv
3915,11,10,1,Reader_3_4.csv
3915,4,3,1,Reader_3_5.csv
3915,1,1,0,Reader_3_6.csv
3915,0,0,0,Reader_3_7.csv
3916,19,15,4,Reader_1_1.csv
3916,0,0,0,Reader_1_10.csv
3916,7,6,1,Reader_1_11.csv
3916,0,0,0,Reader_1_12.csv
3916,8,8,0,Reader_1_2.csv
3916,1,1,0,Reader_1_3.csv
3916,0,0,0,Reader_1_4.csv
3916,4,4,0,Reader_1_5.csv
3916,1,1,0,Reader_1_6.csv
3916,1,1,0,Reader_1_7.csv
3916,1,1,0,Reader_1_8.csv
3916,1,1,0,Reader_1_9.csv
3916,1,1,0,Reader_2_1.csv
3916,0,0,0,Reader_2_10.csv
3916,0,0,0,Reader_2_11.csv
3916,1,1,0,Reader_2_12.csv
3916,0,0,0,Reader_2_2.csv
3916,0,0,0,Reader_2_3.csv
3916,2,2,0,Reader_2_4.csv
3916,0,0,0,Reader_2_5.csv
3916,0,0,0,Reader_2_6.csv
3916,1,1,0,Reader_2_7.csv
3916,1,1,0,Reader_2_8.csv
3916,3,3,0,Reader_2_9.csv
3916,5,2,3,reader_3_1.csv
3916,4,4,0,Reader_3_2.csv
3916,14,13,1,Reader_3_3.csv
3916,14,13,1,Reader_3_4.csv
3916,4,3,1,Reader_3_5.csv
3916,1,1,0,Reader_3_6.csv
3916,0,0,0,Reader_3_7.csv
3917,21,17,4,Reader_1_1.csv
3917,0,0,0,Reader_1_10.csv
3917,5,5,0,Reader_1_11.csv
3917,0,0,0,Reader_1_12.csv
3917,7,7,0,Reader_1_2.csv
3917,1,1,0,Reader_1_3.csv
3917,0,0,0,Reader_1_4.csv
3917,2,2,0,Reader_1_5.csv
3917,1,1,0,Reader_1_6.csv
3917,1,1,0,Reader_1_7.csv
3917,1,1,0,Reader_1_8.csv
3917,0,0,0,Reader_1_9.csv
3917,1,1,0,Reader_2_1.csv
3917,0,0,0,Reader_2_10.csv
3917,0,0,0,Reader_2_11.csv
3917,1,1,0,Reader_2_12.csv
3917,0,0,0,Reader_2_2.csv
3917,0,0,0,Reader_2_3.csv
3917,2,2,0,Reader_2_4.csv
3917,0,0,0,Reader_2_5.csv
3917,0,0,0,Reader_2_6.csv
3917,1,1,0,Reader_2_7.csv
3917,1,1,0,Reader_2_8.csv
3917,2,2,0,Reader_2_9.csv
3917,4,1,3,reader_3_1.csv
3917,2,2,0,Reader_3_2.csv
3917,14,13,1,Reader_3_3.csv
3917,14,13,1,Reader_3_4.csv
3917,3,3,0,Reader_3_5.csv
3917,1,1,0,Reader_3_6.csv
3917,0,0,0,Reader_3_7.csv
3918,22,18,4,Reader_1_1.csv
3918,0,0,0,Reader_1_10.csv
3918,4,4,0,Reader_1_11.csv
3918,0,0,0,Reader_1_12.csv
3918,6,5,1,Reader_1_2.csv
3918,2,1,1,Reader_1_3.csv
3918,0,0,0,Reader_1_4.csv
3918,2,2,0,Reader_1_5.csv
3918,1,1,0,Reader_1_6.csv
3918,1,1,0,Reader_1_7.csv
3918,1,1,0,Reader_1_8.csv
3918,0,0,0,Reader_1_9.csv
3918,1,1,0,Reader_2_1.csv
3918,0,0,0,Reader_2_10.csv
3918,0,0,0,Reader_2_11.csv
3918,0,0,0,Reader_2_12.csv
3918,0,0,0,Reader_2_2.csv
3918,0,0,0,Reader_2_3.csv
3918,3,3,0,Reader_2_4.csv
3918,0,0,0,Reader_2_5.csv
3918,0,0,0,Reader_2_6.csv
3918,2,1,1,Reader_2_7.csv
3918,1,1,0,Reader_2_8.csv
3918,2,2,0,Reader_2_9.csv
3918,5,2,3,reader_3_1.csv
3918,1,1,0,Reader_3_2.csv
3918,13,12,1,Reader_3_3.csv
3918,13,12,1,Reader_3_4.csv
3918,2,2,0,Reader_3_5.csv
3918,1,1,0,Reader_3_6.csv
3918,0,0,0,Reader_3_7.csv
3919,26,22,4,Reader_1_1.csv
3919,0,0,0,Reader_1_10.csv
3919,3,2,1,Reader_1_11.csv
3919,0,0,0,Reader_1_12.csv
3919,7,6,1,Reader_1_2.csv
3919,2,1,1,Reader_1_3.csv
3919,0,0,0,Reader_1_4.csv
3919,2,2,0,Reader_1_5.csv
3919,1,1,0,Reader_1_6.csv
3919,1,1,0,Reader_1_7.csv
3919,1,1,0,Reader_1_8.csv
3919,0,0,0,Reader_1_9.csv
3919,1,1,0,Reader_2_1.csv
3919,0,0,0,Reader_2_10.csv
3919,0,0,0,Reader_2_11.csv
3919,0,0,0,Reader_2_12.csv
3919,0,0,0,Reader_2_2.csv
3919,0,0,0,Reader_2_3.csv
3919,2,2,0,Reader_2_4.csv
3919,0,0,0,Reader_2_5.csv
3919,0,0,0,Reader_2_6.csv
3919,2,1,1,Reader_2_7.csv
3919,0,0,0,Reader_2_8.csv
3919,2,2,0,Reader_2_9.csv
3919,5,2,3,reader_3_1.csv
3919,1,1,0,Reader_3_2.csv
3919,11,10,1,Reader_3_3.csv
3919,11,10,1,Reader_3_4.csv
3919,2,2,0,Reader_3_5.csv
3919,0,0,0,Reader_3_6.csv
3919,0,0,0,Reader_3_7.csv
3920,24,22,2,Reader_1_1.csv
3920,0,0,0,Reader_1_10.csv
3920,3,2,1,Reader_1_11.csv
3920,1,1,0,Reader_1_12.csv
3920,3,2,1,Reader_1_2.csv
3920,3,2,1,Reader_1_3.csv
3920,0,0,0,Reader_1_4.csv
3920,3,3,0,Reader_1_5.csv
3920,1,1,0,Reader_1_6.csv
3920,2,2,0,Reader_1_7.csv
3920,1,1,0,Reader_1_8.csv
3920,0,0,0,Reader_1_9.csv
3920,1,1,0,Reader_2_1.csv
3920,0,0,0,Reader_2_10.csv
3920,0,0,0,Reader_2_11.csv
3920,0,0,0,Reader_2_12.csv
3920,0,0,0,Reader_2_2.csv
3920,0,0,0,Reader_2_3.csv
3920,2,2,0,Reader_2_4.csv
3920,0,0,0,Reader_2_5.csv
3920,0,0,0,Reader_2_6.csv
3920,2,1,1,Reader_2_7.csv
3920,0,0,0,Reader_2_8.csv
3920,3,3,0,Reader_2_9.csv
3920,5,2,3,reader_3_1.csv
3920,1,1,0,Reader_3_2.csv
3920,10,9,1,Reader_3_3.csv
3920,10,9,1,Reader_3_4.csv
3920,2,2,0,Reader_3_5.csv
3920,0,0,0,Reader_3_6.csv
3920,0,0,0,Reader_3_7.csv
3921,25,23,2,Reader_1_1.csv
3921,1,1,0,Reader_1_10.csv
3921,2,1,1,Reader_1_11.csv
3921,1,1,0,Reader_1_12.csv
3921,3,2,1,Reader_1_2.csv
3921,2,1,1,Reader_1_3.csv
3921,0,0,0,Reader_1_4.csv
3921,3,3,0,Reader_1_5.csv
3921,2,2,0,Reader_1_6.csv
3921,1,1,0,Reader_1_7.csv
3921,0,0,0,Reader_1_8.csv
3921,0,0,0,Reader_1_9.csv
3921,1,1,0,Reader_2_1.csv
3921,0,0,0,Reader_2_10.csv
3921,0,0,0,Reader_2_11.csv
3921,0,0,0,Reader_2_12.csv
3921,1,1,0,Reader_2_2.csv
3921,0,0,0,Reader_2_3.csv
3921,2,2,0,Reader_2_4.csv
3921,0,0,0,Reader_2_5.csv
3921,0,0,0,Reader_2_6.csv
3921,2,1,1,Reader_2_7.csv
3921,0,0,0,Reader_2_8.csv
3921,3,3,0,Reader_2_9.csv
3921,5,2,3,reader_3_1.csv
3921,1,1,0,Reader_3_2.csv
3921,15,12,3,Reader_3_3.csv
3921,15,12,3,Reader_3_4.csv
3921,1,1,0,Reader_3_5.csv
3921,0,0,0,Reader_3_6.csv
3921,0,0,0,Reader_3_7.csv
3922,22,20,2,Reader_1_1.csv
3922,1,1,0,Reader_1_10.csv
3922,2,1,1,Reader_1_11.csv
3922,1,1,0,Reader_1_12.csv
3922,3,2,1,Reader_1_2.csv
3922,3,2,1,Reader_1_3.csv
3922,0,0,0,Reader_1_4.csv
3922,3,3,0,Reader_1_5.csv
3922,4,4,0,Reader_1_6.csv
3922,1,1,0,Reader_1_7.csv
3922,0,0,0,Reader_1_8.csv
3922,0,0,0,Reader_1_9.csv
3922,1,1,0,Reader_2_1.csv
3922,0,0,0,Reader_2_10.csv
3922,0,0,0,Reader_2_11.csv
3922,0,0,0,Reader_2_12.csv
3922,1,1,0,Reader_2_2.csv
3922,0,0,0,Reader_2_3.csv
3922,2,2,0,Reader_2_4.csv
3922,0,0,0,Reader_2_5.csv
3922,0,0,0,Reader_2_6.csv
3922,2,1,1,Reader_2_7.csv
3922,0,0,0,Reader_2_8.csv
3922,3,3,0,Reader_2_9.csv
3922,6,3,3,reader_3_1.csv
3922,1,1,0,Reader_3_2.csv
3922,15,12,3,Reader_3_3.csv
3922,15,12,3,Reader_3_4.csv
3922,0,0,0,Reader_3_5.csv
3922,0,0,0,Reader_3_6.csv
3922,0,0,0,Reader_3_7.csv
3923,20,18,2,Reader_1_1.csv
3923,1,1,0,Reader_1_10.csv
3923,2,1,1,Reader_1_11.csv
3923,1,1,0,Reader_1_12.csv
3923,4,2,2,Reader_1_2.csv
3923,3,2,1,Reader_1_3.csv
3923,0,0,0,Reader_1_4.csv
3923,2,2,0,Reader_1_5.csv
3923,4,4,0,Reader_1_6.csv
3923,1,1,0,Reader_1_7.csv
3923,0,0,0,Reader_1_8.csv
3923,0,0,0,Reader_1_9.csv
3923,0,0,0,Reader_2_1.csv
3923,0,0,0,Reader_2_10.csv
3923,0,0,0,Reader_2_11.csv
3923,0,0,0,Reader_2_12.csv
3923,1,1,0,Reader_2_2.csv
3923,0,0,0,Reader_2_3.csv
3923,1,1,0,Reader_2_4.csv
3923,0,0,0,Reader_2_5.csv
3923,0,0,0,Reader_2_6.csv
3923,3,2,1,Reader_2_7.csv
3923,0,0,0,Reader_2_8.csv
3923,4,4,0,Reader_2_9.csv
3923,6,3,3,reader_3_1.csv
3923,1,1,0,Reader_3_2.csv
3923,17,13,4,Reader_3_3.csv
3923,17,13,4,Reader_3_4.csv
3923,0,0,0,Reader_3_5.csv
3923,0,0,0,Reader_3_6.csv
3923,0,0,0,Reader_3_7.csv
3924,19,17,2,Reader_1_1.csv
3924,1,1,0,Reader_1_10.csv
3924,1,0,1,Reader_1_11.csv
3924,1,1,0,Reader_1_12.csv
3924,4,2,2,Reader_1_2.csv
3924,3,2,1,Reader_1_3.csv
3924,0,0,0,Reader_1_4.csv
3924,1,1,0,Reader_1_5.csv
3924,3,3,0,Reader_1_6.csv
3924,1,1,0,Reader_1_7.csv
3924,0,0,0,Reader_1_8.csv
3924,0,0,0,Reader_1_9.csv
3924,0,0,0,Reader_2_1.csv
3924,0,0,0,Reader_2_10.csv
3924,0,0,0,Reader_2_11.csv
3924,0,0,0,Reader_2_12.csv
3924,1,1,0,Reader_2_2.csv
3924,0,0,0,Reader_2_3.csv
3924,1,1,0,Reader_2_4.csv
3924,0,0,0,Reader_2_5.csv
3924,0,0,0,Reader_2_6.csv
3924,2,1,1,Reader_2_7.csv
3924,0,0,0,Reader_2_8.csv
3924,3,3,0,Reader_2_9.csv
3924,5,3,2,reader_3_1.csv
3924,2,2,0,Reader_3_2.csv
3924,14,9,5,Reader_3_3.csv
3924,14,9,5,Reader_3_4.csv
3924,0,0,0,Reader_3_5.csv
3924,0,0,0,Reader_3_6.csv
3924,0,0,0,Reader_3_7.csv
3925,17,15,2,Reader_1_1.csv
3925,1,1,0,Reader_1_10.csv
3925,1,0,1,Reader_1_11.csv
3925,1,1,0,Reader_1_12.csv
3925,3,1,2,Reader_1_2.csv
3925,3,2,1,Reader_1_3.csv
3925,0,0,0,Reader_1_4.csv
3925,1,1,0,Reader_1_5.csv
3925,3,3,0,Reader_1_6.csv
3925,1,1,0,Reader_1_7.csv
3925,0,0,0,Reader_1_8.csv
3925,0,0,0,Reader_1_9.csv
3925,2,1,1,Reader_2_1.csv
3925,0,0,0,Reader_2_10.csv
3925,0,0,0,Reader_2_11.csv
3925,0,0,0,Reader_2_12.csv
3925,1,1,0,Reader_2_2.csv
3925,0,0,0,Reader_2_3.csv
3925,1,1,0,Reader_2_4.csv
3925,0,0,0,Reader_2_5.csv
3925,0,0,0,Reader_2_6.csv
3925,2,1,1,Reader_2_7.csv
3925,0,0,0,Reader_2_8.csv
3925,3,3,0,Reader_2_9.csv
3925,8,5,3,reader_3_1.csv
3925,2,2,0,Reader_3_2.csv
3925,11,7,4,Reader_3_3.csv
3925,11,7,4,Reader_3_4.csv
3925,0,0,0,Reader_3_5.csv
3925,0,0,0,Reader_3_6.csv
3925,0,0,0,Reader_3_7.csv
3926,17,16,1,Reader_1_1.csv
3926,3,3,0,Reader_1_10.csv
3926,1,0,1,Reader_1_11.csv
3926,2,2,0,Reader_1_12.csv
3926,2,1,1,Reader_1_2.csv
3926,2,2,0,Reader_1_3.csv
3926,0,0,0,Reader_1_4.csv
3926,2,2,0,Reader_1_5.csv
3926,3,3,0,Reader_1_6.csv
3926,1,1,0,Reader_1_7.csv
3926,0,0,0,Reader_1_8.csv
3926,0,0,0,Reader_1_9.csv
3926,3,1,2,Reader_2_1.csv
3926,0,0,0,Reader_2_10.csv
3926,0,0,0,Reader_2_11.csv
3926,0,0,0,Reader_2_12.csv
3926,2,2,0,Reader_2_2.csv
3926,0,0,0,Reader_2_3.csv
3926,0,0,0,Reader_2_4.csv
3926,0,0,0,Reader_2_5.csv
3926,0,0,0,Reader_2_6.csv
3926,1,1,0,Reader_2_7.csv
3926,0,0,0,Reader_2_8.csv
3926,3,3,0,Reader_2_9.csv
3926,9,5,4,reader_3_1.csv
3926,2,2,0,Reader_3_2.csv
3926,12,8,4,Reader_3_3.csv
3926,12,8,4,Reader_3_4.csv
3926,0,0,0,Reader_3_5.csv
3926,0,0,0,Reader_3_6.csv
3926,1,1,0,Reader_3_7.csv
3927,15,14,1,Reader_1_1.csv
3927,3,3,0,Reader_1_10.csv
3927,0,0,0,Reader_1_11.csv
3927,2,2,0,Reader_1_12.csv
3927,1,0,1,Reader_1_2.csv
3927,2,2,0,Reader_1_3.csv
3927,0,0,0,Reader_1_4.csv
3927,2,2,0,Reader_1_5.csv
3927,3,3,0,Reader_1_6.csv
3927,1,1,0,Reader_1_7.csv
3927,0,0,0,Reader_1_8.csv
3927,0,0,0,Reader_1_9.csv
3927,3,1,2,Reader_2_1.csv
3927,0,0,0,Reader_2_10.csv
3927,0,0,0,Reader_2_11.csv
3927,0,0,0,Reader_2_12.csv
3927,2,2,0,Reader_2_2.csv
3927,0,0,0,Reader_2_3.csv
3927,0,0,0,Reader_2_4.csv
3927,0,0,0,Reader_2_5.csv
3927,0,0,0,Reader_2_6.csv
3927,1,1,0,Reader_2_7.csv
3927,0,0,0,Reader_2_8.csv
3927,4,4,0,Reader_2_9.csv
3927,10,6,4,reader_3_1.csv
3927,4,4,0,Reader_3_2.csv
3927,13,9,4,Reader_3_3.csv
3927,13,9,4,Reader_3_4.csv
3927,0,0,0,Reader_3_5.csv
3927,0,0,0,Reader_3_6.csv
3927,1,1,0,Reader_3_7.csv
3928,15,14,1,Reader_1_1.csv
3928,3,3,0,Reader_1_10.csv
3928,0,0,0,Reader_1_11.csv
3928,1,1,0,Reader_1_12.csv
3928,2,1,1,Reader_1_2.csv
3928,1,1,0,Reader_1_3.csv
3928,0,0,0,Reader_1_4.csv
3928,1,1,0,Reader_1_5.csv
3928,3,3,0,Reader_1_6.csv
3928,0,0,0,Reader_1_7.csv
3928,0,0,0,Reader_1_8.csv
3928,0,0,0,Reader_1_9.csv
3928,3,1,2,Reader_2_1.csv
3928,0,0,0,Reader_2_10.csv
3928,0,0,0,Reader_2_11.csv
3928,0,0,0,Reader_2_12.csv
3928,2,2,0,Reader_2_2.csv
3928,0,0,0,Reader_2_3.csv
3928,0,0,0,Reader_2_4.csv
3928,0,0,0,Reader_2_5.csv
3928,0,0,0,Reader_2_6.csv
3928,1,1,0,Reader_2_7.csv
3928,0,0,0,Reader_2_8.csv
3928,3,3,0,Reader_2_9.csv
3928,10,7,3,reader_3_1.csv
3928,4,4,0,Reader_3_2.csv
3928,13,9,4,Reader_3_3.csv
3928,13,9,4,Reader_3_4.csv
3928,0,0,0,Reader_3_5.csv
3928,0,0,0,Reader_3_6.csv
3928,1,1,0,Reader_3_7.csv
3929,12,11,1,Reader_1_1.csv
3929,2,2,0,Reader_1_10.csv
3929,0,0,0,Reader_1_11.csv
3929,1,1,0,Reader_1_12.csv
3929,2,1,1,Reader_1_2.csv
3929,1,1,0,Reader_1_3.csv
3929,0,0,0,Reader_1_4.csv
3929,1,1,0,Reader_1_5.csv
3929,3,2,1,Reader_1_6.csv
3929,0,0,0,Reader_1_7.csv
3929,0,0,0,Reader_1_8.csv
3929,0,0,0,Reader_1_9.csv
3929,3,1,2,Reader_2_1.csv
3929,0,0,0,Reader_2_10.csv
3929,0,0,0,Reader_2_11.csv
3929,0,0,0,Reader_2_12.csv
3929,1,1,0,Reader_2_2.csv
3929,0,0,0,Reader_2_3.csv
3929,1,1,0,Reader_2_4.csv
3929,0,0,0,Reader_2_5.csv
3929,0,0,0,Reader_2_6.csv
3929,1,1,0,Reader_2_7.csv
3929,0,0,0,Reader_2_8.csv
3929,3,3,0,Reader_2_9.csv
3929,10,7,3,reader_3_1.csv
3929,5,5,0,Reader_3_2.csv
3929,8,5,3,Reader_3_3.csv
3929,8,5,3,Reader_3_4.csv
3929,0,0,0,Reader_3_5.csv
3929,0,0,0,Reader_3_6.csv
3929,1,1,0,Reader_3_7.csv
3930,11,10,1,Reader_1_1.csv
3930,2,2,0,Reader_1_10.csv
3930,0,0,0,Reader_1_11.csv
3930,1,1,0,Reader_1_12.csv
3930,5,4,1,Reader_1_2.csv
3930,0,0,0,Reader_1_3.csv
3930,0,0,0,Reader_1_4.csv
3930,1,1,0,Reader_1_5.csv
3930,1,0,1,Reader_1_6.csv
3930,0,0,0,Reader_1_7.csv
3930,0,0,0,Reader_1_8.csv
3930,0,0,0,Reader_1_9.csv
3930,3,1,2,Reader_2_1.csv
3930,0,0,0,Reader_2_10.csv
3930,0,0,0,Reader_2_11.csv
3930,0,0,0,Reader_2_12.csv
3930,1,1,0,Reader_2_2.csv
3930,0,0,0,Reader_2_3.csv
3930,1,1,0,Reader_2_4.csv
3930,0,0,0,Reader_2_5.csv
3930,0,0,0,Reader_2_6.csv
3930,1,1,0,Reader_2_7.csv
3930,0,0,0,Reader_2_8.csv
3930,3,3,0,Reader_2_9.csv
3930,10,7,3,reader_3_1.csv
3930,5,5,0,Reader_3_2.csv
3930,8,5,3,Reader_3_3.csv
3930,8,5,3,Reader_3_4.csv
3930,0,0,0,Reader_3_5.csv
3930,0,0,0,Reader_3_6.csv
3930,1,1,0,Reader_3_7.csv
3931,8,7,1,Reader_1_1.csv
3931,2,2,0,Reader_1_10.csv
3931,0,0,0,Reader_1_11.csv
3931,1,1,0,Reader_1_12.csv
3931,4,4,0,Reader_1_2.csv
3931,0,0,0,Reader_1_3.csv
3931,0,0,0,Reader_1_4.csv
3931,1,1,0,Reader_1_5.csv
3931,1,0,1,Reader_1_6.csv
3931,0,0,0,Reader_1_7.csv
3931,0,0,0,Reader_1_8.csv
3931,0,0,0,Reader_1_9.csv
3931,3,1,2,Reader_2_1.csv
3931,0,0,0,Reader_2_10.csv
3931,0,0,0,Reader_2_11.csv
3931,0,0,0,Reader_2_12.csv
3931,1,1,0,Reader_2_2.csv
3931,0,0,0,Reader_2_3.csv
3931,1,1,0,Reader_2_4.csv
3931,0,0,0,Reader_2_5.csv
3931,0,0,0,Reader_2_6.csv
3931,1,1,0,Reader_2_7.csv
3931,0,0,0,Reader_2_8.csv
3931,2,2,0,Reader_2_9.csv
3931,10,8,2,reader_3_1.csv
3931,6,6,0,Reader_3_2.csv
3931,5,3,2,Reader_3_3.csv
3931,5,3,2,Reader_3_4.csv
3931,0,0,0,Reader_3_5.csv
3931,0,0,0,Reader_3_6.csv
3931,1,1,0,Reader_3_7.csv
3932,7,7,0,Reader_1_1.csv
3932,2,2,0,Reader_1_10.csv
3932,0,0,0,Reader_1_11.csv
3932,1,1,0,Reader_1_12.csv
3932,4,4,0,Reader_1_2.csv
3932,0,0,0,Reader_1_3.csv
3932,1,1,0,Reader_1_4.csv
3932,1,1,0,Reader_1_5.csv
3932,1,0,1,Reader_1_6.csv
3932,0,0,0,Reader_1_7.csv
3932,0,0,0,Reader_1_8.csv
3932,0,0,0,Reader_1_9.csv
3932,3,1,2,Reader_2_1.csv
3932,0,0,0,Reader_2_10.csv
3932,0,0,0,Reader_2_11.csv
3932,0,0,0,Reader_2_12.csv
3932,1,1,0,Reader_2_2.csv
3932,0,0,0,Reader_2_3.csv
3932,1,1,0,Reader_2_4.csv
3932,0,0,0,Reader_2_5.csv
3932,0,0,0,Reader_2_6.csv
3932,1,1,0,Reader_2_7.csv
3932,0,0,0,Reader_2_8.csv
3932,2,2,0,Reader_2_9.csv
3932,12,9,3,reader_3_1.csv
3932,8,8,0,Reader_3_2.csv
3932,5,3,2,Reader_3_3.csv
3932,5,3,2,Reader_3_4.csv
3932,0,0,0,Reader_3_5.csv
3932,0,0,0,Reader_3_6.csv
3932,2,2,0,Reader_3_7.csv
3933,8,8,0,Reader_1_1.csv
3933,2,2,0,Reader_1_10.csv
3933,0,0,0,Reader_1_11.csv
3933,1,1,0,Reader_1_12.csv
3933,4,4,0,Reader_1_2.csv
3933,0,0,0,Reader_1_3.csv
3933,1,1,0,Reader_1_4.csv
3933,1,1,0,Reader_1_5.csv
3933,2,1,1,Reader_1_6.csv
3933,0,0,0,Reader_1_7.csv
3933,0,0,0,Reader_1_8.csv
3933,1,1,0,Reader_1_9.csv
3933,1,0,1,Reader_2_1.csv
3933,0,0,0,Reader_2_10.csv
3933,0,0,0,Reader_2_11.csv
3933,0,0,0,Reader_2_12.csv
3933,1,1,0,Reader_2_2.csv
3933,0,0,0,Reader_2_3.csv
3933,1,1,0,Reader_2_4.csv
3933,0,0,0,Reader_2_5.csv
3933,0,0,0,Reader_2_6.csv
3933,1,1,0,Reader_2_7.csv
3933,0,0,0,Reader_2_8.csv
3933,2,2,0,Reader_2_9.csv
3933,9,7,2,reader_3_1.csv
3933,8,8,0,Reader_3_2.csv
3933,5,3,2,Reader_3_3.csv
3933,5,3,2,Reader_3_4.csv
3933,0,0,0,Reader_3_5.csv
3933,0,0,0,Reader_3_6.csv
3933,2,2,0,Reader_3_7.csv
3934,6,6,0,Reader_1_1.csv
3934,0,0,0,Reader_1_10.csv
3934,0,0,0,Reader_1_11.csv
3934,0,0,0,Reader_1_12.csv
3934,4,4,0,Reader_1_2.csv
3934,0,0,0,Reader_1_3.csv
3934,1,1,0,Reader_1_4.csv
3934,0,0,0,Reader_1_5.csv
3934,2,1,1,Reader_1_6.csv
3934,0,0,0,Reader_1_7.csv
3934,0,0,0,Reader_1_8.csv
3934,1,1,0,Reader_1_9.csv
3934,0,0,0,Reader_2_1.csv
3934,0,0,0,Reader_2_10.csv
3934,0,0,0,Reader_2_11.csv
3934,0,0,0,Reader_2_12.csv
3934,2,1,1,Reader_2_2.csv
3934,1,1,0,Reader_2_3.csv
3934,1,1,0,Reader_2_4.csv
3934,0,0,0,Reader_2_5.csv
3934,0,0,0,Reader_2_6.csv
3934,1,1,0,Reader_2_7.csv
3934,0,0,0,Reader_2_8.csv
3934,3,3,0,Reader_2_9.csv
3934,8,7,1,reader_3_1.csv
3934,10,10,0,Reader_3_2.csv
3934,5,2,3,Reader_3_3.csv
3934,5,2,3,Reader_3_4.csv
3934,0,0,0,Reader_3_5.csv
3934,0,0,0,Reader_3_6.csv
3934,1,1,0,Reader_3_7.csv
3935,3,3,0,Reader_1_1.csv
3935,0,0,0,Reader_1_10.csv
3935,0,0,0,Reader_1_11.csv
3935,0,0,0,Reader_1_12.csv
3935,4,4,0,Reader_1_2.csv
3935,0,0,0,Reader_1_3.csv
3935,1,1,0,Reader_1_4.csv
3935,1,1,0,Reader_1_5.csv
3935,2,1,1,Reader_1_6.csv
3935,0,0,0,Reader_1_7.csv
3935,0,0,0,Reader_1_8.csv
3935,1,1,0,Reader_1_9.csv
3935,0,0,0,Reader_2_1.csv
3935,0,0,0,Reader_2_10.csv
3935,0,0,0,Reader_2_11.csv
3935,0,0,0,Reader_2_12.csv
3935,2,1,1,Reader_2_2.csv
3935,1,1,0,Reader_2_3.csv
3935,1,1,0,Reader_2_4.csv
3935,0,0,0,Reader_2_5.csv
3935,0,0,0,Reader_2_6.csv
3935,1,1,0,Reader_2_7.csv
3935,0,0,0,Reader_2_8.csv
3935,3,3,0,Reader_2_9.csv
3935,10,8,2,reader_3_1.csv
3935,9,9,0,Reader_3_2.csv
3935,5,2,3,Reader_3_3.csv
3935,5,2,3,Reader_3_4.csv
3935,0,0,0,Reader_3_5.csv
3935,0,0,0,Reader_3_6.csv
3935,1,1,0,Reader_3_7.csv
3936,1,1,0,Reader_1_1.csv
3936,0,0,0,Reader_1_10.csv
3936,0,0,0,Reader_1_11.csv
3936,0,0,0,Reader_1_12.csv
3936,3,3,0,Reader_1_2.csv
3936,0,0,0,Reader_1_3.csv
3936,1,1,0,Reader_1_4.csv
3936,1,1,0,Reader_1_5.csv
3936,2,1,1,Reader_1_6.csv
3936,0,0,0,Reader_1_7.csv
3936,0,0,0,Reader_1_8.csv
3936,1,1,0,Reader_1_9.csv
3936,0,0,0,Reader_2_1.csv
3936,0,0,0,Reader_2_10.csv
3936,0,0,0,Reader_2_11.csv
3936,0,0,0,Reader_2_12.csv
3936,2,1,1,Reader_2_2.csv
3936,1,1,0,Reader_2_3.csv
3936,1,1,0,Reader_2_4.csv
3936,0,0,0,Reader_2_5.csv
3936,0,0,0,Reader_2_6.csv
3936,1,1,0,Reader_2_7.csv
3936,0,0,0,Reader_2_8.csv
3936,3,3,0,Reader_2_9.csv
3936,10,8,2,reader_3_1.csv
3936,11,11,0,Reader_3_2.csv
3936,4,1,3,Reader_3_3.csv
3936,4,1,3,Reader_3_4.csv
3936,0,0,0,Reader_3_5.csv
3936,0,0,0,Reader_3_6.csv
3936,1,1,0,Reader_3_7.csv
3937,2,2,0,Reader_1_1.csv
3937,0,0,0,Reader_1_10.csv
3937,0,0,0,Reader_1_11.csv
3937,0,0,0,Reader_1_12.csv
3937,5,5,0,Reader_1_2.csv
3937,0,0,0,Reader_1_3.csv
3937,1,1,0,Reader_1_4.csv
3937,1,1,0,Reader_1_5.csv
3937,1,1,0,Reader_1_6.csv
3937,0,0,0,Reader_1_7.csv
3937,0,0,0,Reader_1_8.csv
3937,2,2,0,Reader_1_9.csv
3937,0,0,0,Reader_2_1.csv
3937,0,0,0,Reader_2_10.csv
3937,0,0,0,Reader_2_11.csv
3937,0,0,0,Reader_2_12.csv
3937,2,1,1,Reader_2_2.csv
3937,1,1,0,Reader_2_3.csv
3937,0,0,0,Reader_2_4.csv
3937,0,0,0,Reader_2_5.csv
3937,0,0,0,Reader_2_6.csv
3937,1,1,0,Reader_2_7.csv
3937,0,0,0,Reader_2_8.csv
3937,3,3,0,Reader_2_9.csv
3937,13,11,2,reader_3_1.csv
3937,10,10,0,Reader_3_2.csv
3937,4,2,2,Reader_3_3.csv
3937,4,2,2,Reader_3_4.csv
3937,0,0,0,Reader_3_5.csv
3937,0,0,0,Reader_3_6.csv
3937,1,1,0,Reader_3_7.csv
3938,3,3,0,Reader_1_1.csv
3938,0,0,0,Reader_1_10.csv
3938,1,1,0,Reader_1_11.csv
3938,0,0,0,Reader_1_12.csv
3938,3,3,0,Reader_1_2.csv
3938,0,0,0,Reader_1_3.csv
3938,1,1,0,Reader_1_4.csv
3938,1,1,0,Reader_1_5.csv
3938,1,1,0,Reader_1_6.csv
3938,0,0,0,Reader_1_7.csv
3938,0,0,0,Reader_1_8.csv
3938,2,2,0,Reader_1_9.csv
3938,0,0,0,Reader_2_1.csv
3938,0,0,0,Reader_2_10.csv
3938,0,0,0,Reader_2_11.csv
3938,0,0,0,Reader_2_12.csv
3938,2,1,1,Reader_2_2.csv
3938,1,1,0,Reader_2_3.csv
3938,0,0,0,Reader_2_4.csv
3938,0,0,0,Reader_2_5.csv
3938,0,0,0,Reader_2_6.csv
3938,1,1,0,Reader_2_7.csv
3938,0,0,0,Reader_2_8.csv
3938,2,2,0,Reader_2_9.csv
3938,13,11,2,reader_3_1.csv
3938,12,11,1,Reader_3_2.csv
3938,5,2,3,Reader_3_3.csv
3938,5,2,3,Reader_3_4.csv
3938,0,0,0,Reader_3_5.csv
3938,0,0,0,Reader_3_6.csv
3938,1,1,0,Reader_3_7.csv
3939,4,3,1,Reader_1_1.csv
3939,0,0,0,Reader_1_10.csv
3939,1,1,0,Reader_1_11.csv
3939,0,0,0,Reader_1_12.csv
3939,3,3,0,Reader_1_2.csv
3939,0,0,0,Reader_1_3.csv
3939,1,1,0,Reader_1_4.csv
3939,1,1,0,Reader_1_5.csv
3939,2,2,0,Reader_1_6.csv
3939,0,0,0,Reader_1_7.csv
3939,0,0,0,Reader_1_8.csv
3939,2,2,0,Reader_1_9.csv
3939,0,0,0,Reader_2_1.csv
3939,0,0,0,Reader_2_10.csv
3939,0,0,0,Reader_2_11.csv
3939,0,0,0,Reader_2_12.csv
3939,2,1,1,Reader_2_2.csv
3939,1,1,0,Reader_2_3.csv
3939,0,0,0,Reader_2_4.csv
3939,0,0,0,Reader_2_5.csv
3939,0,0,0,Reader_2_6.csv
3939,0,0,0,Reader_2_7.csv
3939,1,1,0,Reader_2_8.csv
3939,2,2,0,Reader_2_9.csv
3939,12,10,2,reader_3_1.csv
3939,11,10,1,Reader_3_2.csv
3939,5,2,3,Reader_3_3.csv
3939,5,2,3,Reader_3_4.csv
3939,0,0,0,Reader_3_5.csv
3939,0,0,0,Reader_3_6.csv
3939,1,1,0,Reader_3_7.csv
3940,5,4,1,Reader_1_1.csv
3940,1,1,0,Reader_1_10.csv
3940,1,1,0,Reader_1_11.csv
3940,0,0,0,Reader_1_12.csv
3940,3,3,0,Reader_1_2.csv
3940,0,0,0,Reader_1_3.csv
3940,0,0,0,Reader_1_4.csv
3940,1,1,0,Reader_1_5.csv
3940,2,2,0,Reader_1_6.csv
3940,0,0,0,Reader_1_7.csv
3940,0,0,0,Reader_1_8.csv
3940,2,2,0,Reader_1_9.csv
3940,0,0,0,Reader_2_1.csv
3940,0,0,0,Reader_2_10.csv
3940,0,0,0,Reader_2_11.csv
3940,0,0,0,Reader_2_12.csv
3940,3,1,2,Reader_2_2.csv
3940,1,1,0,Reader_2_3.csv
3940,0,0,0,Reader_2_4.csv
3940,0,0,0,Reader_2_5.csv
3940,0,0,0,Reader_2_6.csv
3940,0,0,0,Reader_2_7.csv
3940,1,1,0,Reader_2_8.csv
3940,3,3,0,Reader_2_9.csv
3940,10,9,1,reader_3_1.csv
3940,9,8,1,Reader_3_2.csv
3940,4,2,2,Reader_3_3.csv
3940,4,2,2,Reader_3_4.csv
3940,0,0,0,Reader_3_5.csv
3940,0,0,0,Reader_3_6.csv
3940,1,1,0,Reader_3_7.csv
3941,4,3,1,Reader_1_1.csv
3941,2,2,0,Reader_1_10.csv
3941,1,1,0,Reader_1_11.csv
3941,0,0,0,Reader_1_12.csv
3941,4,4,0,Reader_1_2.csv
3941,0,0,0,Reader_1_3.csv
3941,0,0,0,Reader_1_4.csv
3941,1,1,0,Reader_1_5.csv
3941,1,1,0,Reader_1_6.csv
3941,0,0,0,Reader_1_7.csv
3941,0,0,0,Reader_1_8.csv
3941,1,1,0,Reader_1_9.csv
3941,0,0,0,Reader_2_1.csv
3941,0,0,0,Reader_2_10.csv
3941,0,0,0,Reader_2_11.csv
3941,0,0,0,Reader_2_12.csv
3941,3,1,2,Reader_2_2.csv
3941,1,1,0,Reader_2_3.csv
3941,0,0,0,Reader_2_4.csv
3941,0,0,0,Reader_2_5.csv
3941,0,0,0,Reader_2_6.csv
3941,0,0,0,Reader_2_7.csv
3941,1,1,0,Reader_2_8.csv
3941,3,3,0,Reader_2_9.csv
3941,12,10,2,reader_3_1.csv
3941,12,11,1,Reader_3_2.csv
3941,4,2,2,Reader_3_3.csv
3941,4,2,2,Reader_3_4.csv
3941,0,0,0,Reader_3_5.csv
3941,0,0,0,Reader_3_6.csv
3941,1,1,0,Reader_3_7.csv
3942,4,3,1,Reader_1_1.csv
3942,2,2,0,Reader_1_10.csv
3942,1,1,0,Reader_1_11.csv
3942,0,0,0,Reader_1_12.csv
3942,4,4,0,Reader_1_2.csv
3942,0,0,0,Reader_1_3.csv
3942,0,0,0,Reader_1_4.csv
3942,1,1,0,Reader_1_5.csv
3942,1,1,0,Reader_1_6.csv
3942,0,0,0,Reader_1_7.csv
3942,1,1,0,Reader_1_8.csv
3942,1,1,0,Reader_1_9.csv
3942,0,0,0,Reader_2_1.csv
3942,0,0,0,Reader_2_10.csv
3942,0,0,0,Reader_2_11.csv
3942,0,0,0,Reader_2_12.csv
3942,1,0,1,Reader_2_2.csv
3942,1,1,0,Reader_2_3.csv
3942,0,0,0,Reader_2_4.csv
3942,0,0,0,Reader_2_5.csv
3942,0,0,0,Reader_2_6.csv
3942,0,0,0,Reader_2_7.csv
3942,1,1,0,Reader_2_8.csv
3942,2,2,0,Reader_2_9.csv
3942,12,9,3,reader_3_1.csv
3942,10,9,1,Reader_3_2.csv
3942,3,2,1,Reader_3_3.csv
3942,3,2,1,Reader_3_4.csv
3942,0,0,0,Reader_3_5.csv
3942,0,0,0,Reader_3_6.csv
3942,2,2,0,Reader_3_7.csv
3943,5,3,2,Reader_1_1.csv
3943,2,2,0,Reader_1_10.csv
3943,1,1,0,Reader_1_11.csv
3943,0,0,0,Reader_1_12.csv
3943,4,4,0,Reader_1_2.csv
3943,0,0,0,Reader_1_3.csv
3943,0,0,0,Reader_1_4.csv
3943,0,0,0,Reader_1_5.csv
3943,1,1,0,Reader_1_6.csv
3943,0,0,0,Reader_1_7.csv
3943,1,1,0,Reader_1_8.csv
3943,1,1,0,Reader_1_9.csv
3943,0,0,0,Reader_2_1.csv
3943,0,0,0,Reader_2_10.csv
3943,0,0,0,Reader_2_11.csv
3943,1,1,0,Reader_2_12.csv
3943,1,0,1,Reader_2_2.csv
3943,1,1,0,Reader_2_3.csv
3943,0,0,0,Reader_2_4.csv
3943,0,0,0,Reader_2_5.csv
3943,0,0,0,Reader_2_6.csv
3943,0,0,0,Reader_2_7.csv
3943,1,1,0,Reader_2_8.csv
3943,2,2,0,Reader_2_9.csv
3943,10,8,2,reader_3_1.csv
3943,12,10,2,Reader_3_2.csv
3943,2,1,1,Reader_3_3.csv
3943,2,1,1,Reader_3_4.csv
3943,0,0,0,Reader_3_5.csv
3943,0,0,0,Reader_3_6.csv
3943,2,2,0,Reader_3_7.csv
3944,7,5,2,Reader_1_1.csv
3944,2,2,0,Reader_1_10.csv
3944,1,1,0,Reader_1_11.csv
3944,0,0,0,Reader_1_12.csv
3944,5,5,0,Reader_1_2.csv
3944,0,0,0,Reader_1_3.csv
3944,0,0,0,Reader_1_4.csv
3944,1,1,0,Reader_1_5.csv
3944,1,1,0,Reader_1_6.csv
3944,1,1,0,Reader_1_7.csv
3944,1,1,0,Reader_1_8.csv
3944,1,1,0,Reader_1_9.csv
3944,1,0,1,Reader_2_1.csv
3944,0,0,0,Reader_2_10.csv
3944,0,0,0,Reader_2_11.csv
3944,1,1,0,Reader_2_12.csv
3944,1,0,1,Reader_2_2.csv
3944,2,2,0,Reader_2_3.csv
3944,0,0,0,Reader_2_4.csv
3944,0,0,0,Reader_2_5.csv
3944,0,0,0,Reader_2_6.csv
3944,0,0,0,Reader_2_7.csv
3944,1,1,0,Reader_2_8.csv
3944,3,3,0,Reader_2_9.csv
3944,9,7,2,reader_3_1.csv
3944,11,9,2,Reader_3_2.csv
3944,2,1,1,Reader_3_3.csv
3944,2,1,1,Reader_3_4.csv
3944,0,0,0,Reader_3_5.csv
3944,0,0,0,Reader_3_6.csv
3944,2,2,0,Reader_3_7.csv
3945,6,4,2,Reader_1_1.csv
3945,2,2,0,Reader_1_10.csv
3945,1,1,0,Reader_1_11.csv
3945,0,0,0,Reader_1_12.csv
3945,6,6,0,Reader_1_2.csv
3945,0,0,0,Reader_1_3.csv
3945,0,0,0,Reader_1_4.csv
3945,1,1,0,Reader_1_5.csv
3945,1,1,0,Reader_1_6.csv
3945,1,1,0,Reader_1_7.csv
3945,1,1,0,Reader_1_8.csv
3945,0,0,0,Reader_1_9.csv
3945,1,0,1,Reader_2_1.csv
3945,0,0,0,Reader_2_10.csv
3945,0,0,0,Reader_2_11.csv
3945,1,1,0,Reader_2_12.csv
3945,2,1,1,Reader_2_2.csv
3945,2,2,0,Reader_2_3.csv
3945,0,0,0,Reader_2_4.csv
3945,0,0,0,Reader_2_5.csv
3945,0,0,0,Reader_2_6.csv
3945,0,0,0,Reader_2_7.csv
3945,1,1,0,Reader_2_8.csv
3945,5,5,0,Reader_2_9.csv
3945,7,5,2,reader_3_1.csv
3945,12,10,2,Reader_3_2.csv
3945,2,0,2,Reader_3_3.csv
3945,2,0,2,Reader_3_4.csv
3945,0,0,0,Reader_3_5.csv
3945,0,0,0,Reader_3_6.csv
3945,2,2,0,Reader_3_7.csv
3946,5,3,2,Reader_1_1.csv
3946,2,2,0,Reader_1_10.csv
3946,0,0,0,Reader_1_11.csv
3946,0,0,0,Reader_1_12.csv
3946,5,5,0,Reader_1_2.csv
3946,0,0,0,Reader_1_3.csv
3946,0,0,0,Reader_1_4.csv
3946,1,1,0,Reader_1_5.csv
3946,1,1,0,Reader_1_6.csv
3946,1,1,0,Reader_1_7.csv
3946,1,1,0,Reader_1_8.csv
3946,0,0,0,Reader_1_9.csv
3946,1,0,1,Reader_2_1.csv
3946,0,0,0,Reader_2_10.csv
3946,0,0,0,Reader_2_11.csv
3946,1,1,0,Reader_2_12.csv
3946,2,1,1,Reader_2_2.csv
3946,2,2,0,Reader_2_3.csv
3946,0,0,0,Reader_2_4.csv
3946,0,0,0,Reader_2_5.csv
3946,0,0,0,Reader_2_6.csv
3946,0,0,0,Reader_2_7.csv
3946,1,1,0,Reader_2_8.csv
3946,6,6,0,Reader_2_9.csv
3946,7,3,4,reader_3_1.csv
3946,11,10,1,Reader_3_2.csv
3946,1,0,1,Reader_3_3.csv
3946,1,0,1,Reader_3_4.csv
3946,0,0,0,Reader_3_5.csv
3946,0,0,0,Reader_3_6.csv
3946,2,2,0,Reader_3_7.csv
3947,7,5,2,Reader_1_1.csv
3947,2,2,0,Reader_1_10.csv
3947,0,0,0,Reader_1_11.csv
3947,0,0,0,Reader_1_12.csv
3947,6,5,1,Reader_1_2.csv
3947,0,0,0,Reader_1_3.csv
3947,0,0,0,Reader_1_4.csv
3947,1,1,0,Reader_1_5.csv
3947,1,1,0,Reader_1_6.csv
3947,1,1,0,Reader_1_7.csv
3947,1,1,0,Reader_1_8.csv
3947,1,1,0,Reader_1_9.csv
3947,1,0,1,Reader_2_1.csv
3947,0,0,0,Reader_2_10.csv
3947,0,0,0,Reader_2_11.csv
3947,1,1,0,Reader_2_12.csv
3947,2,1,1,Reader_2_2.csv
3947,2,2,0,Reader_2_3.csv
3947,1,1,0,Reader_2_4.csv
3947,0,0,0,Reader_2_5.csv
3947,0,0,0,Reader_2_6.csv
3947,0,0,0,Reader_2_7.csv
3947,0,0,0,Reader_2_8.csv
3947,9,9,0,Reader_2_9.csv
3947,9,4,5,reader_3_1.csv
3947,13,12,1,Reader_3_2.csv
3947,2,1,1,Reader_3_3.csv
3947,2,1,1,Reader_3_4.csv
3947,0,0,0,Reader_3_5.csv
3947,0,0,0,Reader_3_6.csv
3947,2,2,0,Reader_3_7.csv
3948,9,7,2,Reader_1_1.csv
3948,1,1,0,Reader_1_10.csv
3948,0,0,0,Reader_1_11.csv
3948,0,0,0,Reader_1_12.csv
3948,6,5,1,Reader_1_2.csv
3948,0,0,0,Reader_1_3.csv
3948,0,0,0,Reader_1_4.csv
3948,1,1,0,Reader_1_5.csv
3948,1,1,0,Reader_1_6.csv
3948,1,1,0,Reader_1_7.csv
3948,1,1,0,Reader_1_8.csv
3948,1,1,0,Reader_1_9.csv
3948,1,0,1,Reader_2_1.csv
3948,0,0,0,Reader_2_10.csv
3948,0,0,0,Reader_2_11.csv
3948,1,1,0,Reader_2_12.csv
3948,1,1,0,Reader_2_2.csv
3948,2,2,0,Reader_2_3.csv
3948,1,1,0,Reader_2_4.csv
3948,0,0,0,Reader_2_5.csv
3948,0,0,0,Reader_2_6.csv
3948,0,0,0,Reader_2_7.csv
3948,0,0,0,Reader_2_8.csv
3948,10,10,0,Reader_2_9.csv
3948,10,4,6,reader_3_1.csv
3948,13,11,2,Reader_3_2.csv
3948,2,1,1,Reader_3_3.csv
3948,2,1,1,Reader_3_4.csv
3948,0,0,0,Reader_3_5.csv
3948,0,0,0,Reader_3_6.csv
3948,2,1,1,Reader_3_7.csv
3949,10,8,2,Reader_1_1.csv
3949,0,0,0,Reader_1_10.csv
3949,0,0,0,Reader_1_11.csv
3949,0,0,0,Reader_1_12.csv
3949,9,8,1,Reader_1_2.csv
3949,0,0,0,Reader_1_3.csv
3949,1,1,0,Reader_1_4.csv
3949,1,1,0,Reader_1_5.csv
3949,1,1,0,Reader_1_6.csv
3949,1,1,0,Reader_1_7.csv
3949,1,1,0,Reader_1_8.csv
3949,1,1,0,Reader_1_9.csv
3949,2,1,1,Reader_2_1.csv
3949,0,0,0,Reader_2_10.csv
3949,0,0,0,Reader_2_11.csv
3949,1,1,0,Reader_2_12.csv
3949,1,1,0,Reader_2_2.csv
3949,2,2,0,Reader_2_3.csv
3949,1,1,0,Reader_2_4.csv
3949,0,0,0,Reader_2_5.csv
3949,0,0,0,Reader_2_6.csv
3949,0,0,0,Reader_2_7.csv
3949,0,0,0,Reader_2_8.csv
3949,11,11,0,Reader_2_9.csv
3949,9,4,5,reader_3_1.csv
3949,11,9,2,Reader_3_2.csv
3949,3,1,2,Reader_3_3.csv
3949,3,1,2,Reader_3_4.csv
3949,0,0,0,Reader_3_5.csv
3949,0,0,0,Reader_3_6.csv
3949,3,1,2,Reader_3_7.csv
3950,12,10,2,Reader_1_1.csv
3950,0,0,0,Reader_1_10.csv
3950,0,0,0,Reader_1_11.csv
3950,0,0,0,Reader_1_12.csv
3950,10,9,1,Reader_1_2.csv
3950,0,0,0,Reader_1_3.csv
3950,1,1,0,Reader_1_4.csv
3950,1,1,0,Reader_1_5.csv
3950,1,1,0,Reader_1_6.csv
3950,1,1,0,Reader_1_7.csv
3950,0,0,0,Reader_1_8.csv
3950,1,1,0,Reader_1_9.csv
3950,2,1,1,Reader_2_1.csv
3950,0,0,0,Reader_2_10.csv
3950,0,0,0,Reader_2_11.csv
3950,1,1,0,Reader_2_12.csv
3950,1,1,0,Reader_2_2.csv
3950,1,1,0,Reader_2_3.csv
3950,1,1,0,Reader_2_4.csv
3950,0,0,0,Reader_2_5.csv
3950,0,0,0,Reader_2_6.csv
3950,0,0,0,Reader_2_7.csv
3950,0,0,0,Reader_2_8.csv
3950,14,14,0,Reader_2_9.csv
3950,8,4,4,reader_3_1.csv
3950,10,8,2,Reader_3_2.csv
3950,4,2,2,Reader_3_3.csv
3950,4,2,2,Reader_3_4.csv
3950,0,0,0,Reader_3_5.csv
3950,0,0,0,Reader_3_6.csv
3950,2,0,2,Reader_3_7.csv
3951,11,10,1,Reader_1_1.csv
3951,0,0,0,Reader_1_10.csv
3951,0,0,0,Reader_1_11.csv
3951,0,0,0,Reader_1_12.csv
3951,11,10,1,Reader_1_2.csv
3951,0,0,0,Reader_1_3.csv
3951,1,1,0,Reader_1_4.csv
3951,1,1,0,Reader_1_5.csv
3951,1,1,0,Reader_1_6.csv
3951,1,1,0,Reader_1_7.csv
3951,0,0,0,Reader_1_8.csv
3951,1,1,0,Reader_1_9.csv
3951,2,1,1,Reader_2_1.csv
3951,0,0,0,Reader_2_10.csv
3951,0,0,0,Reader_2_11.csv
3951,0,0,0,Reader_2_12.csv
3951,1,1,0,Reader_2_2.csv
3951,1,1,0,Reader_2_3.csv
3951,1,1,0,Reader_2_4.csv
3951,0,0,0,Reader_2_5.csv
3951,0,0,0,Reader_2_6.csv
3951,0,0,0,Reader_2_7.csv
3951,0,0,0,Reader_2_8.csv
3951,16,16,0,Reader_2_9.csv
3951,8,4,4,reader_3_1.csv
3951,7,6,1,Reader_3_2.csv
3951,4,2,2,Reader_3_3.csv
3951,4,2,2,Reader_3_4.csv
3951,0,0,0,Reader_3_5.csv
3951,0,0,0,Reader_3_6.csv
3951,2,0,2,Reader_3_7.csv
3952,12,10,2,Reader_1_1.csv
3952,0,0,0,Reader_1_10.csv
3952,0,0,0,Reader_1_11.csv
3952,0,0,0,Reader_1_12.csv
3952,11,10,1,Reader_1_2.csv
3952,0,0,0,Reader_1_3.csv
3952,1,1,0,Reader_1_4.csv
3952,0,0,0,Reader_1_5.csv
3952,1,1,0,Reader_1_6.csv
3952,0,0,0,Reader_1_7.csv
3952,0,0,0,Reader_1_8.csv
3952,1,1,0,Reader_1_9.csv
3952,1,1,0,Reader_2_1.csv
3952,0,0,0,Reader_2_10.csv
3952,0,0,0,Reader_2_11.csv
3952,0,0,0,Reader_2_12.csv
3952,1,1,0,Reader_2_2.csv
3952,0,0,0,Reader_2_3.csv
3952,1,1,0,Reader_2_4.csv
3952,0,0,0,Reader_2_5.csv
3952,0,0,0,Reader_2_6.csv
3952,0,0,0,Reader_2_7.csv
3952,0,0,0,Reader_2_8.csv
3952,17,17,0,Reader_2_9.csv
3952,10,5,5,reader_3_1.csv
3952,7,6,1,Reader_3_2.csv
3952,4,2,2,Reader_3_3.csv
3952,4,2,2,Reader_3_4.csv
3952,0,0,0,Reader_3_5.csv
3952,0,0,0,Reader_3_6.csv
3952,2,0,2,Reader_3_7.csv
3953,12,10,2,Reader_1_1.csv
3953,0,0,0,Reader_1_10.csv
3953,1,0,1,Reader_1_11.csv
3953,0,0,0,Reader_1_12.csv
3953,8,7,1,Reader_1_2.csv
3953,0,0,0,Reader_1_3.csv
3953,1,1,0,Reader_1_4.csv
3953,0,0,0,Reader_1_5.csv
3953,1,1,0,Reader_1_6.csv
3953,0,0,0,Reader_1_7.csv
3953,1,0,1,Reader_1_8.csv
3953,1,1,0,Reader_1_9.csv
3953,1,1,0,Reader_2_1.csv
3953,0,0,0,Reader_2_10.csv
3953,0,0,0,Reader_2_11.csv
3953,0,0,0,Reader_2_12.csv
3953,0,0,0,Reader_2_2.csv
3953,0,0,0,Reader_2_3.csv
3953,1,1,0,Reader_2_4.csv
3953,0,0,0,Reader_2_5.csv
3953,0,0,0,Reader_2_6.csv
3953,0,0,0,Reader_2_7.csv
3953,0,0,0,Reader_2_8.csv
3953,23,23,0,Reader_2_9.csv
3953,10,5,5,reader_3_1.csv
3953,6,5,1,Reader_3_2.csv
3953,3,2,1,Reader_3_3.csv
3953,3,2,1,Reader_3_4.csv
3953,0,0,0,Reader_3_5.csv
3953,0,0,0,Reader_3_6.csv
3953,2,0,2,Reader_3_7.csv
3954,12,10,2,Reader_1_1.csv
3954,1,1,0,Reader_1_10.csv
3954,1,0,1,Reader_1_11.csv
3954,0,0,0,Reader_1_12.csv
3954,10,8,2,Reader_1_2.csv
3954,0,0,0,Reader_1_3.csv
3954,1,1,0,Reader_1_4.csv
3954,0,0,0,Reader_1_5.csv
3954,1,1,0,Reader_1_6.csv
3954,0,0,0,Reader_1_7.csv
3954,1,0,1,Reader_1_8.csv
3954,1,1,0,Reader_1_9.csv
3954,1,1,0,Reader_2_1.csv
3954,0,0,0,Reader_2_10.csv
3954,0,0,0,Reader_2_11.csv
3954,0,0,0,Reader_2_12.csv
3954,0,0,0,Reader_2_2.csv
3954,0,0,0,Reader_2_3.csv
3954,1,1,0,Reader_2_4.csv
3954,0,0,0,Reader_2_5.csv
3954,0,0,0,Reader_2_6.csv
3954,0,0,0,Reader_2_7.csv
3954,0,0,0,Reader_2_8.csv
3954,26,26,0,Reader_2_9.csv
3954,8,5,3,reader_3_1.csv
3954,6,5,1,Reader_3_2.csv
3954,3,2,1,Reader_3_3.csv
3954,3,2,1,Reader_3_4.csv
3954,0,0,0,Reader_3_5.csv
3954,0,0,0,Reader_3_6.csv
3954,2,0,2,Reader_3_7.csv
3955,10,9,1,Reader_1_1.csv
3955,1,1,0,Reader_1_10.csv
3955,1,0,1,Reader_1_11.csv
3955,0,0,0,Reader_1_12.csv
3955,11,10,1,Reader_1_2.csv
3955,0,0,0,Reader_1_3.csv
3955,1,1,0,Reader_1_4.csv
3955,1,1,0,Reader_1_5.csv
3955,0,0,0,Reader_1_6.csv
3955,0,0,0,Reader_1_7.csv
3955,1,0,1,Reader_1_8.csv
3955,0,0,0,Reader_1_9.csv
3955,1,1,0,Reader_2_1.csv
3955,0,0,0,Reader_2_10.csv
3955,0,0,0,Reader_2_11.csv
3955,0,0,0,Reader_2_12.csv
3955,0,0,0,Reader_2_2.csv
3955,0,0,0,Reader_2_3.csv
3955,0,0,0,Reader_2_4.csv
3955,0,0,0,Reader_2_5.csv
3955,0,0,0,Reader_2_6.csv
3955,0,0,0,Reader_2_7.csv
3955,0,0,0,Reader_2_8.csv
3955,23,23,0,Reader_2_9.csv
3955,7,4,3,reader_3_1.csv
3955,6,4,2,Reader_3_2.csv
3955,2,1,1,Reader_3_3.csv
3955,2,1,1,Reader_3_4.csv
3955,0,0,0,Reader_3_5.csv
3955,0,0,0,Reader_3_6.csv
3955,3,0,3,Reader_3_7.csv
3956,7,6,1,Reader_1_1.csv
3956,1,1,0,Reader_1_10.csv
3956,1,0,1,Reader_1_11.csv
3956,0,0,0,Reader_1_12.csv
3956,11,10,1,Reader_1_2.csv
3956,0,0,0,Reader_1_3.csv
3956,1,1,0,Reader_1_4.csv
3956,1,1,0,Reader_1_5.csv
3956,0,0,0,Reader_1_6.csv
3956,0,0,0,Reader_1_7.csv
3956,1,0,1,Reader_1_8.csv
3956,0,0,0,Reader_1_9.csv
3956,1,1,0,Reader_2_1.csv
3956,0,0,0,Reader_2_10.csv
3956,0,0,0,Reader_2_11.csv
3956,0,0,0,Reader_2_12.csv
3956,0,0,0,Reader_2_2.csv
3956,0,0,0,Reader_2_3.csv
3956,1,1,0,Reader_2_4.csv
3956,0,0,0,Reader_2_5.csv
3956,0,0,0,Reader_2_6.csv
3956,0,0,0,Reader_2_7.csv
3956,0,0,0,Reader_2_8.csv
3956,21,21,0,Reader_2_9.csv
3956,9,6,3,reader_3_1.csv
3956,5,4,1,Reader_3_2.csv
3956,2,1,1,Reader_3_3.csv
3956,2,1,1,Reader_3_4.csv
3956,0,0,0,Reader_3_5.csv
3956,0,0,0,Reader_3_6.csv
3956,2,0,2,Reader_3_7.csv
3957,7,6,1,Reader_1_1.csv
3957,1,1,0,Reader_1_10.csv
3957,1,0,1,Reader_1_11.csv
3957,0,0,0,Reader_1_12.csv
3957,7,6,1,Reader_1_2.csv
3957,0,0,0,Reader_1_3.csv
3957,0,0,0,Reader_1_4.csv
3957,1,1,0,Reader_1_5.csv
3957,0,0,0,Reader_1_6.csv
3957,0,0,0,Reader_1_7.csv
3957,1,0,1,Reader_1_8.csv
3957,0,0,0,Reader_1_9.csv
3957,0,0,0,Reader_2_1.csv
3957,0,0,0,Reader_2_10.csv
3957,0,0,0,Reader_2_11.csv
3957,1,0,1,Reader_2_12.csv
3957,0,0,0,Reader_2_2.csv
3957,0,0,0,Reader_2_3.csv
3957,1,1,0,Reader_2_4.csv
3957,0,0,0,Reader_2_5.csv
3957,0,0,0,Reader_2_6.csv
3957,0,0,0,Reader_2_7.csv
3957,0,0,0,Reader_2_8.csv
3957,21,21,0,Reader_2_9.csv
3957,11,8,3,reader_3_1.csv
3957,4,3,1,Reader_3_2.csv
3957,1,1,0,Reader_3_3.csv
3957,1,1,0,Reader_3_4.csv
3957,0,0,0,Reader_3_5.csv
3957,0,0,0,Reader_3_6.csv
3957,1,0,1,Reader_3_7.csv
3958,7,6,1,Reader_1_1.csv
3958,1,1,0,Reader_1_10.csv
3958,1,0,1,Reader_1_11.csv
3958,0,0,0,Reader_1_12.csv
3958,8,7,1,Reader_1_2.csv
3958,0,0,0,Reader_1_3.csv
3958,0,0,0,Reader_1_4.csv
3958,1,1,0,Reader_1_5.csv
3958,0,0,0,Reader_1_6.csv
3958,0,0,0,Reader_1_7.csv
3958,1,0,1,Reader_1_8.csv
3958,0,0,0,Reader_1_9.csv
3958,0,0,0,Reader_2_1.csv
3958,0,0,0,Reader_2_10.csv
3958,0,0,0,Reader_2_11.csv
3958,1,0,1,Reader_2_12.csv
3958,0,0,0,Reader_2_2.csv
3958,0,0,0,Reader_2_3.csv
3958,1,1,0,Reader_2_4.csv
3958,0,0,0,Reader_2_5.csv
3958,0,0,0,Reader_2_6.csv
3958,0,0,0,Reader_2_7.csv
3958,0,0,0,Reader_2_8.csv
3958,18,18,0,Reader_2_9.csv
3958,12,9,3,reader_3_1.csv
3958,4,3,1,Reader_3_2.csv
3958,0,0,0,Reader_3_3.csv
3958,0,0,0,Reader_3_4.csv
3958,0,0,0,Reader_3_5.csv
3958,0,0,0,Reader_3_6.csv
3958,1,0,1,Reader_3_7.csv
3959,8,7,1,Reader_1_1.csv
3959,2,2,0,Reader_1_10.csv
3959,1,0,1,Reader_1_11.csv
3959,0,0,0,Reader_1_12.csv
3959,9,8,1,Reader_1_2.csv
3959,0,0,0,Reader_1_3.csv
3959,0,0,0,Reader_1_4.csv
3959,1,1,0,Reader_1_5.csv
3959,0,0,0,Reader_1_6.csv
3959,0,0,0,Reader_1_7.csv
3959,1,0,1,Reader_1_8.csv
3959,0,0,0,Reader_1_9.csv
3959,0,0,0,Reader_2_1.csv
3959,0,0,0,Reader_2_10.csv
3959,0,0,0,Reader_2_11.csv
3959,1,0,1,Reader_2_12.csv
3959,0,0,0,Reader_2_2.csv
3959,0,0,0,Reader_2_3.csv
3959,1,1,0,Reader_2_4.csv
3959,0,0,0,Reader_2_5.csv
3959,0,0,0,Reader_2_6.csv
3959,0,0,0,Reader_2_7.csv
3959,0,0,0,Reader_2_8.csv
3959,17,17,0,Reader_2_9.csv
3959,13,9,4,reader_3_1.csv
3959,4,3,1,Reader_3_2.csv
3959,0,0,0,Reader_3_3.csv
3959,0,0,0,Reader_3_4.csv
3959,0,0,0,Reader_3_5.csv
3959,0,0,0,Reader_3_6.csv
3959,3,0,3,Reader_3_7.csv
3960,5,5,0,Reader_1_1.csv
3960,2,2,0,Reader_1_10.csv
3960,1,0,1,Reader_1_11.csv
3960,0,0,0,Reader_1_12.csv
3960,8,7,1,Reader_1_2.csv
3960,0,0,0,Reader_1_3.csv
3960,0,0,0,Reader_1_4.csv
3960,1,1,0,Reader_1_5.csv
3960,0,0,0,Reader_1_6.csv
3960,0,0,0,Reader_1_7.csv
3960,1,0,1,Reader_1_8.csv
3960,0,0,0,Reader_1_9.csv
3960,0,0,0,Reader_2_1.csv
3960,0,0,0,Reader_2_10.csv
3960,0,0,0,Reader_2_11.csv
3960,1,0,1,Reader_2_12.csv
3960,0,0,0,Reader_2_2.csv
3960,0,0,0,Reader_2_3.csv
3960,1,1,0,Reader_2_4.csv
3960,0,0,0,Reader_2_5.csv
3960,0,0,0,Reader_2_6.csv
3960,0,0,0,Reader_2_7.csv
3960,0,0,0,Reader_2_8.csv
3960,15,15,0,Reader_2_9.csv
3960,12,9,3,reader_3_1.csv
3960,3,2,1,Reader_3_2.csv
3960,0,0,0,Reader_3_3.csv
3960,0,0,0,Reader_3_4.csv
3960,0,0,0,Reader_3_5.csv
3960,0,0,0,Reader_3_6.csv
3960,3,0,3,Reader_3_7.csv
3961,6,6,0,Reader_1_1.csv
3961,3,3,0,Reader_1_10.csv
3961,0,0,0,Reader_1_11.csv
3961,0,0,0,Reader_1_12.csv
3961,9,8,1,Reader_1_2.csv
3961,0,0,0,Reader_1_3.csv
3961,0,0,0,Reader_1_4.csv
3961,2,2,0,Reader_1_5.csv
3961,0,0,0,Reader_1_6.csv
3961,0,0,0,Reader_1_7.csv
3961,0,0,0,Reader_1_8.csv
3961,0,0,0,Reader_1_9.csv
3961,0,0,0,Reader_2_1.csv
3961,0,0,0,Reader_2_10.csv
3961,0,0,0,Reader_2_11.csv
3961,1,0,1,Reader_2_12.csv
3961,0,0,0,Reader_2_2.csv
3961,0,0,0,Reader_2_3.csv
3961,1,1,0,Reader_2_4.csv
3961,0,0,0,Reader_2_5.csv
3961,0,0,0,Reader_2_6.csv
3961,0,0,0,Reader_2_7.csv
3961,0,0,0,Reader_2_8.csv
3961,9,9,0,Reader_2_9.csv
3961,11,8,3,reader_3_1.csv
3961,4,3,1,Reader_3_2.csv
3961,0,0,0,Reader_3_3.csv
3961,0,0,0,Reader_3_4.csv
3961,0,0,0,Reader_3_5.csv
3961,0,0,0,Reader_3_6.csv
3961,3,0,3,Reader_3_7.csv
3962,8,8,0,Reader_1_1.csv
3962,2,2,0,Reader_1_10.csv
3962,0,0,0,Reader_1_11.csv
3962,0,0,0,Reader_1_12.csv
3962,7,7,0,Reader_1_2.csv
3962,0,0,0,Reader_1_3.csv
3962,0,0,0,Reader_1_4.csv
3962,3,3,0,Reader_1_5.csv
3962,1,0,1,Reader_1_6.csv
3962,0,0,0,Reader_1_7.csv
3962,0,0,0,Reader_1_8.csv
3962,0,0,0,Reader_1_9.csv
3962,0,0,0,Reader_2_1.csv
3962,0,0,0,Reader_2_10.csv
3962,0,0,0,Reader_2_11.csv
3962,3,0,3,Reader_2_12.csv
3962,0,0,0,Reader_2_2.csv
3962,0,0,0,Reader_2_3.csv
3962,1,1,0,Reader_2_4.csv
3962,0,0,0,Reader_2_5.csv
3962,0,0,0,Reader_2_6.csv
3962,0,0,0,Reader_2_7.csv
3962,0,0,0,Reader_2_8.csv
3962,7,7,0,Reader_2_9.csv
3962,12,8,4,reader_3_1.csv
3962,5,4,1,Reader_3_2.csv
3962,0,0,0,Reader_3_3.csv
3962,0,0,0,Reader_3_4.csv
3962,0,0,0,Reader_3_5.csv
3962,0,0,0,Reader_3_6.csv
3962,3,0,3,Reader_3_7.csv
3963,7,7,0,Reader_1_1.csv
3963,2,2,0,Reader_1_10.csv
3963,0,0,0,Reader_1_11.csv
3963,0,0,0,Reader_1_12.csv
3963,5,5,0,Reader_1_2.csv
3963,0,0,0,Reader_1_3.csv
3963,0,0,0,Reader_1_4.csv
3963,2,2,0,Reader_1_5.csv
3963,1,0,1,Reader_1_6.csv
3963,0,0,0,Reader_1_7.csv
3963,0,0,0,Reader_1_8.csv
3963,0,0,0,Reader_1_9.csv
3963,0,0,0,Reader_2_1.csv
3963,0,0,0,Reader_2_10.csv
3963,0,0,0,Reader_2_11.csv
3963,3,0,3,Reader_2_12.csv
3963,0,0,0,Reader_2_2.csv
3963,0,0,0,Reader_2_3.csv
3963,1,1,0,Reader_2_4.csv
3963,0,0,0,Reader_2_5.csv
3963,0,0,0,Reader_2_6.csv
3963,0,0,0,Reader_2_7.csv
3963,0,0,0,Reader_2_8.csv
3963,8,8,0,Reader_2_9.csv
3963,12,9,3,reader_3_1.csv
3963,3,3,0,Reader_3_2.csv
3963,0,0,0,Reader_3_3.csv
3963,0,0,0,Reader_3_4.csv
3963,0,0,0,Reader_3_5.csv
3963,0,0,0,Reader_3_6.csv
3963,4,2,2,Reader_3_7.csv
3964,8,8,0,Reader_1_1.csv
3964,2,2,0,Reader_1_10.csv
3964,0,0,0,Reader_1_11.csv
3964,0,0,0,Reader_1_12.csv
3964,5,5,0,Reader_1_2.csv
3964,0,0,0,Reader_1_3.csv
3964,0,0,0,Reader_1_4.csv
3964,2,2,0,Reader_1_5.csv
3964,1,0,1,Reader_1_6.csv
3964,0,0,0,Reader_1_7.csv
3964,0,0,0,Reader_1_8.csv
3964,0,0,0,Reader_1_9.csv
3964,0,0,0,Reader_2_1.csv
3964,0,0,0,Reader_2_10.csv
3964,0,0,0,Reader_2_11.csv
3964,3,0,3,Reader_2_12.csv
3964,0,0,0,Reader_2_2.csv
3964,1,1,0,Reader_2_3.csv
3964,0,0,0,Reader_2_4.csv
3964,0,0,0,Reader_2_5.csv
3964,0,0,0,Reader_2_6.csv
3964,0,0,0,Reader_2_7.csv
3964,0,0,0,Reader_2_8.csv
3964,11,11,0,Reader_2_9.csv
3964,11,8,3,reader_3_1.csv
3964,3,3,0,Reader_3_2.csv
3964,0,0,0,Reader_3_3.csv
3964,0,0,0,Reader_3_4.csv
3964,0,0,0,Reader_3_5.csv
3964,0,0,0,Reader_3_6.csv
3964,4,2,2,Reader_3_7.csv
3965,7,7,0,Reader_1_1.csv
3965,2,2,0,Reader_1_10.csv
3965,0,0,0,Reader_1_11.csv
3965,0,0,0,Reader_1_12.csv
3965,5,5,0,Reader_1_2.csv
3965,0,0,0,Reader_1_3.csv
3965,0,0,0,Reader_1_4.csv
3965,2,2,0,Reader_1_5.csv
3965,1,0,1,Reader_1_6.csv
3965,0,0,0,Reader_1_7.csv
3965,0,0,0,Reader_1_8.csv
3965,0,0,0,Reader_1_9.csv
3965,1,1,0,Reader_2_1.csv
3965,0,0,0,Reader_2_10.csv
3965,0,0,0,Reader_2_11.csv
3965,2,0,2,Reader_2_12.csv
3965,0,0,0,Reader_2_2.csv
3965,1,1,0,Reader_2_3.csv
3965,0,0,0,Reader_2_4.csv
3965,0,0,0,Reader_2_5.csv
3965,0,0,0,Reader_2_6.csv
3965,0,0,0,Reader_2_7.csv
3965,0,0,0,Reader_2_8.csv
3965,13,13,0,Reader_2_9.csv
3965,9,5,4,reader_3_1.csv
3965,3,3,0,Reader_3_2.csv
3965,0,0,0,Reader_3_3.csv
3965,0,0,0,Reader_3_4.csv
3965,0,0,0,Reader_3_5.csv
3965,0,0,0,Reader_3_6.csv
3965,5,3,2,Reader_3_7.csv
3966,5,5,0,Reader_1_1.csv
3966,2,2,0,Reader_1_10.csv
3966,0,0,0,Reader_1_11.csv
3966,0,0,0,Reader_1_12.csv
3966,3,3,0,Reader_1_2.csv
3966,0,0,0,Reader_1_3.csv
3966,0,0,0,Reader_1_4.csv
3966,2,2,0,Reader_1_5.csv
3966,1,0,1,Reader_1_6.csv
3966,0,0,0,Reader_1_7.csv
3966,0,0,0,Reader_1_8.csv
3966,0,0,0,Reader_1_9.csv
3966,1,1,0,Reader_2_1.csv
3966,0,0,0,Reader_2_10.csv
3966,0,0,0,Reader_2_11.csv
3966,2,0,2,Reader_2_12.csv
3966,0,0,0,Reader_2_2.csv
3966,1,1,0,Reader_2_3.csv
3966,0,0,0,Reader_2_4.csv
3966,0,0,0,Reader_2_5.csv
3966,0,0,0,Reader_2_6.csv
3966,0,0,0,Reader_2_7.csv
3966,0,0,0,Reader_2_8.csv
3966,15,15,0,Reader_2_9.csv
3966,8,4,4,reader_3_1.csv
3966,5,5,0,Reader_3_2.csv
3966,1,1,0,Reader_3_3.csv
3966,1,1,0,Reader_3_4.csv
3966,0,0,0,Reader_3_5.csv
3966,0,0,0,Reader_3_6.csv
3966,6,4,2,Reader_3_7.csv
3967,6,6,0,Reader_1_1.csv
3967,1,1,0,Reader_1_10.csv
3967,0,0,0,Reader_1_11.csv
3967,0,0,0,Reader_1_12.csv
3967,2,2,0,Reader_1_2.csv
3967,0,0,0,Reader_1_3.csv
3967,0,0,0,Reader_1_4.csv
3967,2,2,0,Reader_1_5.csv
3967,1,0,1,Reader_1_6.csv
3967,0,0,0,Reader_1_7.csv
3967,0,0,0,Reader_1_8.csv
3967,0,0,0,Reader_1_9.csv
3967,1,1,0,Reader_2_1.csv
3967,0,0,0,Reader_2_10.csv
3967,0,0,0,Reader_2_11.csv
3967,2,0,2,Reader_2_12.csv
3967,0,0,0,Reader_2_2.csv
3967,1,1,0,Reader_2_3.csv
3967,0,0,0,Reader_2_4.csv
3967,0,0,0,Reader_2_5.csv
3967,0,0,0,Reader_2_6.csv
3967,0,0,0,Reader_2_7.csv
3967,0,0,0,Reader_2_8.csv
3967,16,16,0,Reader_2_9.csv
3967,6,3,3,reader_3_1.csv
3967,8,7,1,Reader_3_2.csv
3967,1,1,0,Reader_3_3.csv
3967,1,1,0,Reader_3_4.csv
3967,0,0,0,Reader_3_5.csv
3967,0,0,0,Reader_3_6.csv
3967,4,4,0,Reader_3_7.csv
3968,6,6,0,Reader_1_1.csv
3968,2,2,0,Reader_1_10.csv
3968,0,0,0,Reader_1_11.csv
3968,0,0,0,Reader_1_12.csv
3968,2,2,0,Reader_1_2.csv
3968,0,0,0,Reader_1_3.csv
3968,0,0,0,Reader_1_4.csv
3968,2,2,0,Reader_1_5.csv
3968,1,0,1,Reader_1_6.csv
3968,0,0,0,Reader_1_7.csv
3968,0,0,0,Reader_1_8.csv
3968,0,0,0,Reader_1_9.csv
3968,1,1,0,Reader_2_1.csv
3968,0,0,0,Reader_2_10.csv
3968,0,0,0,Reader_2_11.csv
3968,2,0,2,Reader_2_12.csv
3968,0,0,0,Reader_2_2.csv
3968,1,1,0,Reader_2_3.csv
3968,0,0,0,Reader_2_4.csv
3968,0,0,0,Reader_2_5.csv
3968,0,0,0,Reader_2_6.csv
3968,0,0,0,Reader_2_7.csv
3968,0,0,0,Reader_2_8.csv
3968,17,17,0,Reader_2_9.csv
3968,7,4,3,reader_3_1.csv
3968,9,8,1,Reader_3_2.csv
3968,1,1,0,Reader_3_3.csv
3968,1,1,0,Reader_3_4.csv
3968,0,0,0,Reader_3_5.csv
3968,0,0,0,Reader_3_6.csv
3968,4,4,0,Reader_3_7.csv
3969,5,5,0,Reader_1_1.csv
3969,1,1,0,Reader_1_10.csv
3969,0,0,0,Reader_1_11.csv
3969,0,0,0,Reader_1_12.csv
3969,1,1,0,Reader_1_2.csv
3969,0,0,0,Reader_1_3.csv
3969,0,0,0,Reader_1_4.csv
3969,1,1,0,Reader_1_5.csv
3969,1,0,1,Reader_1_6.csv
3969,0,0,0,Reader_1_7.csv
3969,0,0,0,Reader_1_8.csv
3969,0,0,0,Reader_1_9.csv
3969,1,1,0,Reader_2_1.csv
3969,0,0,0,Reader_2_10.csv
3969,0,0,0,Reader_2_11.csv
3969,2,0,2,Reader_2_12.csv
3969,0,0,0,Reader_2_2.csv
3969,1,1,0,Reader_2_3.csv
3969,0,0,0,Reader_2_4.csv
3969,0,0,0,Reader_2_5.csv
3969,0,0,0,Reader_2_6.csv
3969,0,0,0,Reader_2_7.csv
3969,0,0,0,Reader_2_8.csv
3969,15,15,0,Reader_2_9.csv
3969,8,5,3,reader_3_1.csv
3969,10,8,2,Reader_3_2.csv
3969,1,1,0,Reader_3_3.csv
3969,1,1,0,Reader_3_4.csv
3969,0,0,0,Reader_3_5.csv
3969,0,0,0,Reader_3_6.csv
3969,5,4,1,Reader_3_7.csv
3970,3,3,0,Reader_1_1.csv
3970,1,1,0,Reader_1_10.csv
3970,0,0,0,Reader_1_11.csv
3970,0,0,0,Reader_1_12.csv
3970,2,2,0,Reader_1_2.csv
3970,0,0,0,Reader_1_3.csv
3970,0,0,0,Reader_1_4.csv
3970,1,1,0,Reader_1_5.csv
3970,0,0,0,Reader_1_6.csv
3970,0,0,0,Reader_1_7.csv
3970,0,0,0,Reader_1_8.csv
3970,0,0,0,Reader_1_9.csv
3970,1,1,0,Reader_2_1.csv
3970,0,0,0,Reader_2_10.csv
3970,0,0,0,Reader_2_11.csv
3970,0,0,0,Reader_2_12.csv
3970,0,0,0,Reader_2_2.csv
3970,1,1,0,Reader_2_3.csv
3970,0,0,0,Reader_2_4.csv
3970,0,0,0,Reader_2_5.csv
3970,0,0,0,Reader_2_6.csv
3970,0,0,0,Reader_2_7.csv
3970,0,0,0,Reader_2_8.csv
3970,15,15,0,Reader_2_9.csv
3970,8,6,2,reader_3_1.csv
3970,10,8,2,Reader_3_2.csv
3970,1,1,0,Reader_3_3.csv
3970,1,1,0,Reader_3_4.csv
3970,0,0,0,Reader_3_5.csv
3970,0,0,0,Reader_3_6.csv
3970,5,4,1,Reader_3_7.csv
3971,3,3,0,Reader_1_1.csv
3971,1,1,0,Reader_1_10.csv
3971,0,0,0,Reader_1_11.csv
3971,0,0,0,Reader_1_12.csv
3971,2,2,0,Reader_1_2.csv
3971,0,0,0,Reader_1_3.csv
3971,1,1,0,Reader_1_4.csv
3971,1,1,0,Reader_1_5.csv
3971,0,0,0,Reader_1_6.csv
3971,0,0,0,Reader_1_7.csv
3971,0,0,0,Reader_1_8.csv
3971,0,0,0,Reader_1_9.csv
3971,1,1,0,Reader_2_1.csv
3971,0,0,0,Reader_2_10.csv
3971,0,0,0,Reader_2_11.csv
3971,0,0,0,Reader_2_12.csv
3971,0,0,0,Reader_2_2.csv
3971,1,1,0,Reader_2_3.csv
3971,1,1,0,Reader_2_4.csv
3971,0,0,0,Reader_2_5.csv
3971,0,0,0,Reader_2_6.csv
3971,0,0,0,Reader_2_7.csv
3971,0,0,0,Reader_2_8.csv
3971,14,14,0,Reader_2_9.csv
3971,7,5,2,reader_3_1.csv
3971,11,9,2,Reader_3_2.csv
3971,1,1,0,Reader_3_3.csv
3971,1,1,0,Reader_3_4.csv
3971,0,0,0,Reader_3_5.csv
3971,0,0,0,Reader_3_6.csv
3971,3,2,1,Reader_3_7.csv
3972,2,2,0,Reader_1_1.csv
3972,1,1,0,Reader_1_10.csv
3972,0,0,0,Reader_1_11.csv
3972,0,0,0,Reader_1_12.csv
3972,2,2,0,Reader_1_2.csv
3972,0,0,0,Reader_1_3.csv
3972,1,1,0,Reader_1_4.csv
3972,1,1,0,Reader_1_5.csv
3972,0,0,0,Reader_1_6.csv
3972,0,0,0,Reader_1_7.csv
3972,0,0,0,Reader_1_8.csv
3972,0,0,0,Reader_1_9.csv
3972,1,1,0,Reader_2_1.csv
3972,0,0,0,Reader_2_10.csv
3972,0,0,0,Reader_2_11.csv
3972,0,0,0,Reader_2_12.csv
3972,0,0,0,Reader_2_2.csv
3972,0,0,0,Reader_2_3.csv
3972,1,1,0,Reader_2_4.csv
3972,0,0,0,Reader_2_5.csv
3972,0,0,0,Reader_2_6.csv
3972,0,0,0,Reader_2_7.csv
3972,0,0,0,Reader_2_8.csv
3972,11,11,0,Reader_2_9.csv
3972,5,4,1,reader_3_1.csv
3972,15,12,3,Reader_3_2.csv
3972,1,1,0,Reader_3_3.csv
3972,1,1,0,Reader_3_4.csv
3972,0,0,0,Reader_3_5.csv
3972,0,0,0,Reader_3_6.csv
3972,3,2,1,Reader_3_7.csv
3973,2,2,0,Reader_1_1.csv
3973,1,1,0,Reader_1_10.csv
3973,0,0,0,Reader_1_11.csv
3973,0,0,0,Reader_1_12.csv
3973,2,2,0,Reader_1_2.csv
3973,0,0,0,Reader_1_3.csv
3973,1,1,0,Reader_1_4.csv
3973,1,1,0,Reader_1_5.csv
3973,0,0,0,Reader_1_6.csv
3973,0,0,0,Reader_1_7.csv
3973,0,0,0,Reader_1_8.csv
3973,0,0,0,Reader_1_9.csv
3973,0,0,0,Reader_2_1.csv
3973,0,0,0,Reader_2_10.csv
3973,0,0,0,Reader_2_11.csv
3973,0,0,0,Reader_2_12.csv
3973,0,0,0,Reader_2_2.csv
3973,0,0,0,Reader_2_3.csv
3973,1,1,0,Reader_2_4.csv
3973,0,0,0,Reader_2_5.csv
3973,0,0,0,Reader_2_6.csv
3973,0,0,0,Reader_2_7.csv
3973,0,0,0,Reader_2_8.csv
3973,9,9,0,Reader_2_9.csv
3973,6,6,0,reader_3_1.csv
3973,19,16,3,Reader_3_2.csv
3973,2,2,0,Reader_3_3.csv
3973,2,2,0,Reader_3_4.csv
3973,0,0,0,Reader_3_5.csv
3973,0,0,0,Reader_3_6.csv
3973,2,1,1,Reader_3_7.csv
3974,3,3,0,Reader_1_1.csv
3974,1,1,0,Reader_1_10.csv
3974,0,0,0,Reader_1_11.csv
3974,0,0,0,Reader_1_12.csv
3974,2,2,0,Reader_1_2.csv
3974,1,0,1,Reader_1_3.csv
3974,1,1,0,Reader_1_4.csv
3974,1,1,0,Reader_1_5.csv
3974,1,1,0,Reader_1_6.csv
3974,0,0,0,Reader_1_7.csv
3974,0,0,0,Reader_1_8.csv
3974,0,0,0,Reader_1_9.csv
3974,0,0,0,Reader_2_1.csv
3974,0,0,0,Reader_2_10.csv
3974,0,0,0,Reader_2_11.csv
3974,0,0,0,Reader_2_12.csv
3974,0,0,0,Reader_2_2.csv
3974,0,0,0,Reader_2_3.csv
3974,1,1,0,Reader_2_4.csv
3974,0,0,0,Reader_2_5.csv
3974,0,0,0,Reader_2_6.csv
3974,0,0,0,Reader_2_7.csv
3974,1,0,1,Reader_2_8.csv
3974,8,8,0,Reader_2_9.csv
3974,8,7,1,reader_3_1.csv
3974,21,18,3,Reader_3_2.csv
3974,1,1,0,Reader_3_3.csv
3974,1,1,0,Reader_3_4.csv
3974,0,0,0,Reader_3_5.csv
3974,0,0,0,Reader_3_6.csv
3974,2,0,2,Reader_3_7.csv
3975,1,1,0,Reader_1_1.csv
3975,1,1,0,Reader_1_10.csv
3975,0,0,0,Reader_1_11.csv
3975,0,0,0,Reader_1_12.csv
3975,1,1,0,Reader_1_2.csv
3975,2,1,1,Reader_1_3.csv
3975,1,1,0,Reader_1_4.csv
3975,2,2,0,Reader_1_5.csv
3975,1,1,0,Reader_1_6.csv
3975,0,0,0,Reader_1_7.csv
3975,0,0,0,Reader_1_8.csv
3975,0,0,0,Reader_1_9.csv
3975,0,0,0,Reader_2_1.csv
3975,0,0,0,Reader_2_10.csv
3975,0,0,0,Reader_2_11.csv
3975,0,0,0,Reader_2_12.csv
3975,0,0,0,Reader_2_2.csv
3975,0,0,0,Reader_2_3.csv
3975,1,1,0,Reader_2_4.csv
3975,0,0,0,Reader_2_5.csv
3975,0,0,0,Reader_2_6.csv
3975,0,0,0,Reader_2_7.csv
3975,1,0,1,Reader_2_8.csv
3975,5,5,0,Reader_2_9.csv
3975,10,9,1,reader_3_1.csv
3975,19,16,3,Reader_3_2.csv
3975,1,1,0,Reader_3_3.csv
3975,1,1,0,Reader_3_4.csv
3975,0,0,0,Reader_3_5.csv
3975,0,0,0,Reader_3_6.csv
3975,3,1,2,Reader_3_7.csv
3976,1,1,0,Reader_1_1.csv
3976,0,0,0,Reader_1_10.csv
3976,0,0,0,Reader_1_11.csv
3976,0,0,0,Reader_1_12.csv
3976,1,1,0,Reader_1_2.csv
3976,3,2,1,Reader_1_3.csv
3976,1,1,0,Reader_1_4.csv
3976,3,3,0,Reader_1_5.csv
3976,1,1,0,Reader_1_6.csv
3976,0,0,0,Reader_1_7.csv
3976,0,0,0,Reader_1_8.csv
3976,0,0,0,Reader_1_9.csv
3976,0,0,0,Reader_2_1.csv
3976,0,0,0,Reader_2_10.csv
3976,0,0,0,Reader_2_11.csv
3976,0,0,0,Reader_2_12.csv
3976,0,0,0,Reader_2_2.csv
3976,0,0,0,Reader_2_3.csv
3976,1,1,0,Reader_2_4.csv
3976,0,0,0,Reader_2_5.csv
3976,0,0,0,Reader_2_6.csv
3976,0,0,0,Reader_2_7.csv
3976,1,0,1,Reader_2_8.csv
3976,5,5,0,Reader_2_9.csv
3976,8,7,1,reader_3_1.csv
3976,19,15,4,Reader_3_2.csv
3976,1,1,0,Reader_3_3.csv
3976,1,1,0,Reader_3_4.csv
3976,0,0,0,Reader_3_5.csv
3976,0,0,0,Reader_3_6.csv
3976,3,1,2,Reader_3_7.csv
3977,3,3,0,Reader_1_1.csv
3977,0,0,0,Reader_1_10.csv
3977,0,0,0,Reader_1_11.csv
3977,1,1,0,Reader_1_12.csv
3977,1,1,0,Reader_1_2.csv
3977,3,2,1,Reader_1_3.csv
3977,1,1,0,Reader_1_4.csv
3977,3,3,0,Reader_1_5.csv
3977,1,1,0,Reader_1_6.csv
3977,0,0,0,Reader_1_7.csv
3977,0,0,0,Reader_1_8.csv
3977,0,0,0,Reader_1_9.csv
3977,0,0,0,Reader_2_1.csv
3977,0,0,0,Reader_2_10.csv
3977,0,0,0,Reader_2_11.csv
3977,0,0,0,Reader_2_12.csv
3977,0,0,0,Reader_2_2.csv
3977,0,0,0,Reader_2_3.csv
3977,1,1,0,Reader_2_4.csv
3977,0,0,0,Reader_2_5.csv
3977,0,0,0,Reader_2_6.csv
3977,0,0,0,Reader_2_7.csv
3977,1,0,1,Reader_2_8.csv
3977,5,5,0,Reader_2_9.csv
3977,8,7,1,reader_3_1.csv
3977,23,20,3,Reader_3_2.csv
3977,2,2,0,Reader_3_3.csv
3977,2,2,0,Reader_3_4.csv
3977,0,0,0,Reader_3_5.csv
3977,0,0,0,Reader_3_6.csv
3977,3,2,1,Reader_3_7.csv
3978,4,4,0,Reader_1_1.csv
3978,0,0,0,Reader_1_10.csv
3978,0,0,0,Reader_1_11.csv
3978,1,1,0,Reader_1_12.csv
3978,0,0,0,Reader_1_2.csv
3978,3,2,1,Reader_1_3.csv
3978,1,1,0,Reader_1_4.csv
3978,2,2,0,Reader_1_5.csv
3978,1,1,0,Reader_1_6.csv
3978,0,0,0,Reader_1_7.csv
3978,0,0,0,Reader_1_8.csv
3978,0,0,0,Reader_1_9.csv
3978,0,0,0,Reader_2_1.csv
3978,0,0,0,Reader_2_10.csv
3978,0,0,0,Reader_2_11.csv
3978,0,0,0,Reader_2_12.csv
3978,0,0,0,Reader_2_2.csv
3978,0,0,0,Reader_2_3.csv
3978,1,1,0,Reader_2_4.csv
3978,0,0,0,Reader_2_5.csv
3978,0,0,0,Reader_2_6.csv
3978,0,0,0,Reader_2_7.csv
3978,1,0,1,Reader_2_8.csv
3978,4,4,0,Reader_2_9.csv
3978,9,8,1,reader_3_1.csv
3978,21,18,3,Reader_3_2.csv
3978,3,3,0,Reader_3_3.csv
3978,3,3,0,Reader_3_4.csv
3978,0,0,0,Reader_3_5.csv
3978,0,0,0,Reader_3_6.csv
3978,4,3,1,Reader_3_7.csv
3979,6,6,0,Reader_1_1.csv
3979,0,0,0,Reader_1_10.csv
3979,0,0,0,Reader_1_11.csv
3979,1,1,0,Reader_1_12.csv
3979,1,1,0,Reader_1_2.csv
3979,3,2,1,Reader_1_3.csv
3979,0,0,0,Reader_1_4.csv
3979,2,2,0,Reader_1_5.csv
3979,1,1,0,Reader_1_6.csv
3979,0,0,0,Reader_1_7.csv
3979,0,0,0,Reader_1_8.csv
3979,0,0,0,Reader_1_9.csv
3979,0,0,0,Reader_2_1.csv
3979,0,0,0,Reader_2_10.csv
3979,0,0,0,Reader_2_11.csv
3979,0,0,0,Reader_2_12.csv
3979,0,0,0,Reader_2_2.csv
3979,0,0,0,Reader_2_3.csv
3979,0,0,0,Reader_2_4.csv
3979,0,0,0,Reader_2_5.csv
3979,0,0,0,Reader_2_6.csv
3979,0,0,0,Reader_2_7.csv
3979,1,0,1,Reader_2_8.csv
3979,4,4,0,Reader_2_9.csv
3979,11,10,1,reader_3_1.csv
3979,23,20,3,Reader_3_2.csv
3979,3,3,0,Reader_3_3.csv
3979,3,3,0,Reader_3_4.csv
3979,0,0,0,Reader_3_5.csv
3979,0,0,0,Reader_3_6.csv
3979,4,3,1,Reader_3_7.csv
3980,7,7,0,Reader_1_1.csv
3980,0,0,0,Reader_1_10.csv
3980,1,1,0,Reader_1_11.csv
3980,1,1,0,Reader_1_12.csv
3980,1,1,0,Reader_1_2.csv
3980,4,2,2,Reader_1_3.csv
3980,0,0,0,Reader_1_4.csv
3980,2,2,0,Reader_1_5.csv
3980,2,1,1,Reader_1_6.csv
3980,0,0,0,Reader_1_7.csv
3980,0,0,0,Reader_1_8.csv
3980,0,0,0,Reader_1_9.csv
3980,0,0,0,Reader_2_1.csv
3980,0,0,0,Reader_2_10.csv
3980,0,0,0,Reader_2_11.csv
3980,0,0,0,Reader_2_12.csv
3980,1,0,1,Reader_2_2.csv
3980,0,0,0,Reader_2_3.csv
3980,0,0,0,Reader_2_4.csv
3980,0,0,0,Reader_2_5.csv
3980,0,0,0,Reader_2_6.csv
3980,0,0,0,Reader_2_7.csv
3980,1,0,1,Reader_2_8.csv
3980,5,5,0,Reader_2_9.csv
3980,11,10,1,reader_3_1.csv
3980,22,20,2,Reader_3_2.csv
3980,3,3,0,Reader_3_3.csv
3980,3,3,0,Reader_3_4.csv
3980,0,0,0,Reader_3_5.csv
3980,0,0,0,Reader_3_6.csv
3980,4,3,1,Reader_3_7.csv
3981,7,7,0,Reader_1_1.csv
3981,0,0,0,Reader_1_10.csv
3981,1,1,0,Reader_1_11.csv
3981,1,1,0,Reader_1_12.csv
3981,1,1,0,Reader_1_2.csv
3981,4,2,2,Reader_1_3.csv
3981,0,0,0,Reader_1_4.csv
3981,2,2,0,Reader_1_5.csv
3981,2,1,1,Reader_1_6.csv
3981,0,0,0,Reader_1_7.csv
3981,0,0,0,Reader_1_8.csv
3981,0,0,0,Reader_1_9.csv
3981,1,1,0,Reader_2_1.csv
3981,0,0,0,Reader_2_10.csv
3981,0,0,0,Reader_2_11.csv
3981,0,0,0,Reader_2_12.csv
3981,2,1,1,Reader_2_2.csv
3981,0,0,0,Reader_2_3.csv
3981,0,0,0,Reader_2_4.csv
3981,0,0,0,Reader_2_5.csv
3981,0,0,0,Reader_2_6.csv
3981,0,0,0,Reader_2_7.csv
3981,1,0,1,Reader_2_8.csv
3981,4,4,0,Reader_2_9.csv
3981,10,8,2,reader_3_1.csv
3981,18,16,2,Reader_3_2.csv
3981,2,2,0,Reader_3_3.csv
3981,2,2,0,Reader_3_4.csv
3981,0,0,0,Reader_3_5.csv
3981,0,0,0,Reader_3_6.csv
3981,5,3,2,Reader_3_7.csv
3982,6,6,0,Reader_1_1.csv
3982,0,0,0,Reader_1_10.csv
3982,1,1,0,Reader_1_11.csv
3982,1,1,0,Reader_1_12.csv
3982,1,1,0,Reader_1_2.csv
3982,3,2,1,Reader_1_3.csv
3982,0,0,0,Reader_1_4.csv
3982,2,2,0,Reader_1_5.csv
3982,1,0,1,Reader_1_6.csv
3982,0,0,0,Reader_1_7.csv
3982,0,0,0,Reader_1_8.csv
3982,0,0,0,Reader_1_9.csv
3982,2,2,0,Reader_2_1.csv
3982,0,0,0,Reader_2_10.csv
3982,0,0,0,Reader_2_11.csv
3982,0,0,0,Reader_2_12.csv
3982,2,1,1,Reader_2_2.csv
3982,0,0,0,Reader_2_3.csv
3982,0,0,0,Reader_2_4.csv
3982,0,0,0,Reader_2_5.csv
3982,0,0,0,Reader_2_6.csv
3982,0,0,0,Reader_2_7.csv
3982,0,0,0,Reader_2_8.csv
3982,3,3,0,Reader_2_9.csv
3982,9,7,2,reader_3_1.csv
3982,15,13,2,Reader_3_2.csv
3982,2,2,0,Reader_3_3.csv
3982,2,2,0,Reader_3_4.csv
3982,0,0,0,Reader_3_5.csv
3982,0,0,0,Reader_3_6.csv
3982,4,3,1,Reader_3_7.csv
3983,8,8,0,Reader_1_1.csv
3983,0,0,0,Reader_1_10.csv
3983,1,1,0,Reader_1_11.csv
3983,1,1,0,Reader_1_12.csv
3983,1,1,0,Reader_1_2.csv
3983,2,1,1,Reader_1_3.csv
3983,0,0,0,Reader_1_4.csv
3983,1,1,0,Reader_1_5.csv
3983,1,0,1,Reader_1_6.csv
3983,0,0,0,Reader_1_7.csv
3983,0,0,0,Reader_1_8.csv
3983,0,0,0,Reader_1_9.csv
3983,2,2,0,Reader_2_1.csv
3983,0,0,0,Reader_2_10.csv
3983,0,0,0,Reader_2_11.csv
3983,0,0,0,Reader_2_12.csv
3983,2,1,1,Reader_2_2.csv
3983,0,0,0,Reader_2_3.csv
3983,0,0,0,Reader_2_4.csv
3983,0,0,0,Reader_2_5.csv
3983,0,0,0,Reader_2_6.csv
3983,0,0,0,Reader_2_7.csv
3983,0,0,0,Reader_2_8.csv
3983,4,4,0,Reader_2_9.csv
3983,10,8,2,reader_3_1.csv
3983,14,13,1,Reader_3_2.csv
3983,2,2,0,Reader_3_3.csv
3983,2,2,0,Reader_3_4.csv
3983,0,0,0,Reader_3_5.csv
3983,0,0,0,Reader_3_6.csv
3983,3,2,1,Reader_3_7.csv
3984,9,9,0,Reader_1_1.csv
3984,0,0,0,Reader_1_10.csv
3984,1,1,0,Reader_1_11.csv
3984,1,1,0,Reader_1_12.csv
3984,1,1,0,Reader_1_2.csv
3984,1,0,1,Reader_1_3.csv
3984,0,0,0,Reader_1_4.csv
3984,0,0,0,Reader_1_5.csv
3984,1,0,1,Reader_1_6.csv
3984,0,0,0,Reader_1_7.csv
3984,0,0,0,Reader_1_8.csv
3984,0,0,0,Reader_1_9.csv
3984,2,2,0,Reader_2_1.csv
3984,0,0,0,Reader_2_10.csv
3984,0,0,0,Reader_2_11.csv
3984,0,0,0,Reader_2_12.csv
3984,2,1,1,Reader_2_2.csv
3984,0,0,0,Reader_2_3.csv
3984,0,0,0,Reader_2_4.csv
3984,0,0,0,Reader_2_5.csv
3984,0,0,0,Reader_2_6.csv
3984,0,0,0,Reader_2_7.csv
3984,0,0,0,Reader_2_8.csv
3984,4,4,0,Reader_2_9.csv
3984,12,10,2,reader_3_1.csv
3984,13,13,0,Reader_3_2.csv
3984,2,2,0,Reader_3_3.csv
3984,2,2,0,Reader_3_4.csv
3984,0,0,0,Reader_3_5.csv
3984,0,0,0,Reader_3_6.csv
3984,3,2,1,Reader_3_7.csv
3985,8,8,0,Reader_1_1.csv
3985,0,0,0,Reader_1_10.csv
3985,1,1,0,Reader_1_11.csv
3985,0,0,0,Reader_1_12.csv
3985,1,1,0,Reader_1_2.csv
3985,1,0,1,Reader_1_3.csv
3985,0,0,0,Reader_1_4.csv
3985,0,0,0,Reader_1_5.csv
3985,1,0,1,Reader_1_6.csv
3985,0,0,0,Reader_1_7.csv
3985,0,0,0,Reader_1_8.csv
3985,1,1,0,Reader_1_9.csv
3985,2,2,0,Reader_2_1.csv
3985,0,0,0,Reader_2_10.csv
3985,0,0,0,Reader_2_11.csv
3985,0,0,0,Reader_2_12.csv
3985,2,1,1,Reader_2_2.csv
3985,0,0,0,Reader_2_3.csv
3985,0,0,0,Reader_2_4.csv
3985,0,0,0,Reader_2_5.csv
3985,0,0,0,Reader_2_6.csv
3985,0,0,0,Reader_2_7.csv
3985,0,0,0,Reader_2_8.csv
3985,4,4,0,Reader_2_9.csv
3985,12,10,2,reader_3_1.csv
3985,7,7,0,Reader_3_2.csv
3985,1,1,0,Reader_3_3.csv
3985,1,1,0,Reader_3_4.csv
3985,0,0,0,Reader_3_5.csv
3985,0,0,0,Reader_3_6.csv
3985,3,1,2,Reader_3_7.csv
3986,8,8,0,Reader_1_1.csv
3986,0,0,0,Reader_1_10.csv
3986,1,1,0,Reader_1_11.csv
3986,0,0,0,Reader_1_12.csv
3986,1,1,0,Reader_1_2.csv
3986,1,0,1,Reader_1_3.csv
3986,0,0,0,Reader_1_4.csv
3986,0,0,0,Reader_1_5.csv
3986,1,0,1,Reader_1_6.csv
3986,0,0,0,Reader_1_7.csv
3986,0,0,0,Reader_1_8.csv
3986,1,1,0,Reader_1_9.csv
3986,2,2,0,Reader_2_1.csv
3986,0,0,0,Reader_2_10.csv
3986,0,0,0,Reader_2_11.csv
3986,0,0,0,Reader_2_12.csv
3986,3,2,1,Reader_2_2.csv
3986,0,0,0,Reader_2_3.csv
3986,0,0,0,Reader_2_4.csv
3986,0,0,0,Reader_2_5.csv
3986,0,0,0,Reader_2_6.csv
3986,0,0,0,Reader_2_7.csv
3986,0,0,0,Reader_2_8.csv
3986,3,3,0,Reader_2_9.csv
3986,11,9,2,reader_3_1.csv
3986,7,7,0,Reader_3_2.csv
3986,0,0,0,Reader_3_3.csv
3986,0,0,0,Reader_3_4.csv
3986,0,0,0,Reader_3_5.csv
3986,0,0,0,Reader_3_6.csv
3986,2,0,2,Reader_3_7.csv
3987,7,7,0,Reader_1_1.csv
3987,0,0,0,Reader_1_10.csv
3987,1,1,0,Reader_1_11.csv
3987,0,0,0,Reader_1_12.csv
3987,1,1,0,Reader_1_2.csv
3987,1,0,1,Reader_1_3.csv
3987,0,0,0,Reader_1_4.csv
3987,0,0,0,Reader_1_5.csv
3987,1,0,1,Reader_1_6.csv
3987,0,0,0,Reader_1_7.csv
3987,0,0,0,Reader_1_8.csv
3987,1,1,0,Reader_1_9.csv
3987,2,2,0,Reader_2_1.csv
3987,0,0,0,Reader_2_10.csv
3987,0,0,0,Reader_2_11.csv
3987,0,0,0,Reader_2_12.csv
3987,3,2,1,Reader_2_2.csv
3987,0,0,0,Reader_2_3.csv
3987,0,0,0,Reader_2_4.csv
3987,0,0,0,Reader_2_5.csv
3987,0,0,0,Reader_2_6.csv
3987,0,0,0,Reader_2_7.csv
3987,0,0,0,Reader_2_8.csv
3987,3,3,0,Reader_2_9.csv
3987,9,7,2,reader_3_1.csv
3987,6,6,0,Reader_3_2.csv
3987,0,0,0,Reader_3_3.csv
3987,0,0,0,Reader_3_4.csv
3987,0,0,0,Reader_3_5.csv
3987,0,0,0,Reader_3_6.csv
3987,2,0,2,Reader_3_7.csv
3988,6,6,0,Reader_1_1.csv
3988,0,0,0,Reader_1_10.csv
3988,0,0,0,Reader_1_11.csv
3988,0,0,0,Reader_1_12.csv
3988,1,1,0,Reader_1_2.csv
3988,0,0,0,Reader_1_3.csv
3988,0,0,0,Reader_1_4.csv
3988,0,0,0,Reader_1_5.csv
3988,0,0,0,Reader_1_6.csv
3988,0,0,0,Reader_1_7.csv
3988,1,1,0,Reader_1_8.csv
3988,1,1,0,Reader_1_9.csv
3988,2,2,0,Reader_2_1.csv
3988,0,0,0,Reader_2_10.csv
3988,0,0,0,Reader_2_11.csv
3988,0,0,0,Reader_2_12.csv
3988,2,2,0,Reader_2_2.csv
3988,0,0,0,Reader_2_3.csv
3988,0,0,0,Reader_2_4.csv
3988,0,0,0,Reader_2_5.csv
3988,0,0,0,Reader_2_6.csv
3988,0,0,0,Reader_2_7.csv
3988,0,0,0,Reader_2_8.csv
3988,2,2,0,Reader_2_9.csv
3988,11,8,3,reader_3_1.csv
3988,3,3,0,Reader_3_2.csv
3988,1,1,0,Reader_3_3.csv
3988,1,1,0,Reader_3_4.csv
3988,0,0,0,Reader_3_5.csv
3988,0,0,0,Reader_3_6.csv
3988,3,0,3,Reader_3_7.csv
3989,7,7,0,Reader_1_1.csv
3989,0,0,0,Reader_1_10.csv
3989,0,0,0,Reader_1_11.csv
3989,0,0,0,Reader_1_12.csv
3989,1,1,0,Reader_1_2.csv
3989,0,0,0,Reader_1_3.csv
3989,0,0,0,Reader_1_4.csv
3989,0,0,0,Reader_1_5.csv
3989,0,0,0,Reader_1_6.csv
3989,0,0,0,Reader_1_7.csv
3989,1,1,0,Reader_1_8.csv
3989,1,1,0,Reader_1_9.csv
3989,1,1,0,Reader_2_1.csv
3989,0,0,0,Reader_2_10.csv
3989,0,0,0,Reader_2_11.csv
3989,0,0,0,Reader_2_12.csv
3989,1,1,0,Reader_2_2.csv
3989,0,0,0,Reader_2_3.csv
3989,0,0,0,Reader_2_4.csv
3989,0,0,0,Reader_2_5.csv
3989,0,0,0,Reader_2_6.csv
3989,0,0,0,Reader_2_7.csv
3989,0,0,0,Reader_2_8.csv
3989,2,2,0,Reader_2_9.csv
3989,11,8,3,reader_3_1.csv
3989,3,3,0,Reader_3_2.csv
3989,2,2,0,Reader_3_3.csv
3989,2,2,0,Reader_3_4.csv
3989,0,0,0,Reader_3_5.csv
3989,0,0,0,Reader_3_6.csv
3989,2,0,2,Reader_3_7.csv
3990,9,9,0,Reader_1_1.csv
3990,0,0,0,Reader_1_10.csv
3990,0,0,0,Reader_1_11.csv
3990,0,0,0,Reader_1_12.csv
3990,1,1,0,Reader_1_2.csv
3990,0,0,0,Reader_1_3.csv
3990,0,0,0,Reader_1_4.csv
3990,0,0,0,Reader_1_5.csv
3990,0,0,0,Reader_1_6.csv
3990,0,0,0,Reader_1_7.csv
3990,1,1,0,Reader_1_8.csv
3990,2,2,0,Reader_1_9.csv
3990,0,0,0,Reader_2_1.csv
3990,0,0,0,Reader_2_10.csv
3990,0,0,0,Reader_2_11.csv
3990,0,0,0,Reader_2_12.csv
3990,1,1,0,Reader_2_2.csv
3990,0,0,0,Reader_2_3.csv
3990,0,0,0,Reader_2_4.csv
3990,0,0,0,Reader_2_5.csv
3990,0,0,0,Reader_2_6.csv
3990,0,0,0,Reader_2_7.csv
3990,0,0,0,Reader_2_8.csv
3990,2,2,0,Reader_2_9.csv
3990,10,8,2,reader_3_1.csv
3990,2,2,0,Reader_3_2.csv
3990,2,2,0,Reader_3_3.csv
3990,2,2,0,Reader_3_4.csv
3990,0,0,0,Reader_3_5.csv
3990,0,0,0,Reader_3_6.csv
3990,2,0,2,Reader_3_7.csv
3991,8,8,0,Reader_1_1.csv
3991,0,0,0,Reader_1_10.csv
3991,0,0,0,Reader_1_11.csv
3991,0,0,0,Reader_1_12.csv
3991,1,1,0,Reader_1_2.csv
3991,0,0,0,Reader_1_3.csv
3991,0,0,0,Reader_1_4.csv
3991,0,0,0,Reader_1_5.csv
3991,0,0,0,Reader_1_6.csv
3991,0,0,0,Reader_1_7.csv
3991,1,1,0,Reader_1_8.csv
3991,2,2,0,Reader_1_9.csv
3991,0,0,0,Reader_2_1.csv
3991,0,0,0,Reader_2_10.csv
3991,0,0,0,Reader_2_11.csv
3991,0,0,0,Reader_2_12.csv
3991,1,1,0,Reader_2_2.csv
3991,0,0,0,Reader_2_3.csv
3991,0,0,0,Reader_2_4.csv
3991,0,0,0,Reader_2_5.csv
3991,0,0,0,Reader_2_6.csv
3991,0,0,0,Reader_2_7.csv
3991,0,0,0,Reader_2_8.csv
3991,1,1,0,Reader_2_9.csv
3991,8,6,2,reader_3_1.csv
3991,3,3,0,Reader_3_2.csv
3991,3,3,0,Reader_3_3.csv
3991,3,3,0,Reader_3_4.csv
3991,0,0,0,Reader_3_5.csv
3991,0,0,0,Reader_3_6.csv
3991,2,0,2,Reader_3_7.csv
3992,7,7,0,Reader_1_1.csv
3992,0,0,0,Reader_1_10.csv
3992,0,0,0,Reader_1_11.csv
3992,0,0,0,Reader_1_12.csv
3992,2,2,0,Reader_1_2.csv
3992,0,0,0,Reader_1_3.csv
3992,0,0,0,Reader_1_4.csv
3992,0,0,0,Reader_1_5.csv
3992,0,0,0,Reader_1_6.csv
3992,0,0,0,Reader_1_7.csv
3992,1,1,0,Reader_1_8.csv
3992,2,2,0,Reader_1_9.csv
3992,0,0,0,Reader_2_1.csv
3992,0,0,0,Reader_2_10.csv
3992,0,0,0,Reader_2_11.csv
3992,0,0,0,Reader_2_12.csv
3992,1,1,0,Reader_2_2.csv
3992,0,0,0,Reader_2_3.csv
3992,0,0,0,Reader_2_4.csv
3992,0,0,0,Reader_2_5.csv
3992,0,0,0,Reader_2_6.csv
3992,0,0,0,Reader_2_7.csv
3992,0,0,0,Reader_2_8.csv
3992,0,0,0,Reader_2_9.csv
3992,9,6,3,reader_3_1.csv
3992,3,3,0,Reader_3_2.csv
3992,3,3,0,Reader_3_3.csv
3992,3,3,0,Reader_3_4.csv
3992,0,0,0,Reader_3_5.csv
3992,0,0,0,Reader_3_6.csv
3992,4,1,3,Reader_3_7.csv
3993,6,6,0,Reader_1_1.csv
3993,0,0,0,Reader_1_10.csv
3993,0,0,0,Reader_1_11.csv
3993,0,0,0,Reader_1_12.csv
3993,2,2,0,Reader_1_2.csv
3993,1,1,0,Reader_1_3.csv
3993,0,0,0,Reader_1_4.csv
3993,0,0,0,Reader_1_5.csv
3993,0,0,0,Reader_1_6.csv
3993,0,0,0,Reader_1_7.csv
3993,1,1,0,Reader_1_8.csv
3993,1,1,0,Reader_1_9.csv
3993,0,0,0,Reader_2_1.csv
3993,0,0,0,Reader_2_10.csv
3993,0,0,0,Reader_2_11.csv
3993,0,0,0,Reader_2_12.csv
3993,1,1,0,Reader_2_2.csv
3993,0,0,0,Reader_2_3.csv
3993,0,0,0,Reader_2_4.csv
3993,0,0,0,Reader_2_5.csv
3993,0,0,0,Reader_2_6.csv
3993,0,0,0,Reader_2_7.csv
3993,0,0,0,Reader_2_8.csv
3993,0,0,0,Reader_2_9.csv
3993,9,6,3,reader_3_1.csv
3993,4,4,0,Reader_3_2.csv
3993,4,4,0,Reader_3_3.csv
3993,4,4,0,Reader_3_4.csv
3993,0,0,0,Reader_3_5.csv
3993,0,0,0,Reader_3_6.csv
3993,3,1,2,Reader_3_7.csv
3994,5,5,0,Reader_1_1.csv
3994,0,0,0,Reader_1_10.csv
3994,0,0,0,Reader_1_11.csv
3994,0,0,0,Reader_1_12.csv
3994,2,2,0,Reader_1_2.csv
3994,1,1,0,Reader_1_3.csv
3994,0,0,0,Reader_1_4.csv
3994,0,0,0,Reader_1_5.csv
3994,0,0,0,Reader_1_6.csv
3994,0,0,0,Reader_1_7.csv
3994,1,1,0,Reader_1_8.csv
3994,1,1,0,Reader_1_9.csv
3994,0,0,0,Reader_2_1.csv
3994,0,0,0,Reader_2_10.csv
3994,0,0,0,Reader_2_11.csv
3994,0,0,0,Reader_2_12.csv
3994,0,0,0,Reader_2_2.csv
3994,0,0,0,Reader_2_3.csv
3994,0,0,0,Reader_2_4.csv
3994,0,0,0,Reader_2_5.csv
3994,0,0,0,Reader_2_6.csv
3994,0,0,0,Reader_2_7.csv
3994,0,0,0,Reader_2_8.csv
3994,0,0,0,Reader_2_9.csv
3994,9,5,4,reader_3_1.csv
3994,5,5,0,Reader_3_2.csv
3994,4,4,0,Reader_3_3.csv
3994,4,4,0,Reader_3_4.csv
3994,0,0,0,Reader_3_5.csv
3994,0,0,0,Reader_3_6.csv
3994,6,4,2,Reader_3_7.csv
3995,4,4,0,Reader_1_1.csv
3995,0,0,0,Reader_1_10.csv
3995,0,0,0,Reader_1_11.csv
3995,0,0,0,Reader_1_12.csv
3995,1,1,0,Reader_1_2.csv
3995,1,1,0,Reader_1_3.csv
3995,0,0,0,Reader_1_4.csv
3995,0,0,0,Reader_1_5.csv
3995,0,0,0,Reader_1_6.csv
3995,0,0,0,Reader_1_7.csv
3995,2,2,0,Reader_1_8.csv
3995,1,1,0,Reader_1_9.csv
3995,0,0,0,Reader_2_1.csv
3995,0,0,0,Reader_2_10.csv
3995,0,0,0,Reader_2_11.csv
3995,0,0,0,Reader_2_12.csv
3995,0,0,0,Reader_2_2.csv
3995,0,0,0,Reader_2_3.csv
3995,0,0,0,Reader_2_4.csv
3995,0,0,0,Reader_2_5.csv
3995,0,0,0,Reader_2_6.csv
3995,0,0,0,Reader_2_7.csv
3995,0,0,0,Reader_2_8.csv
3995,0,0,0,Reader_2_9.csv
3995,9,5,4,reader_3_1.csv
3995,3,3,0,Reader_3_2.csv
3995,4,4,0,Reader_3_3.csv
3995,4,4,0,Reader_3_4.csv
3995,0,0,0,Reader_3_5.csv
3995,0,0,0,Reader_3_6.csv
3995,9,5,4,Reader_3_7.csv
3996,4,4,0,Reader_1_1.csv
3996,1,1,0,Reader_1_10.csv
3996,0,0,0,Reader_1_11.csv
3996,0,0,0,Reader_1_12.csv
3996,1,1,0,Reader_1_2.csv
3996,1,1,0,Reader_1_3.csv
3996,0,0,0,Reader_1_4.csv
3996,0,0,0,Reader_1_5.csv
3996,0,0,0,Reader_1_6.csv
3996,0,0,0,Reader_1_7.csv
3996,1,1,0,Reader_1_8.csv
3996,1,1,0,Reader_1_9.csv
3996,0,0,0,Reader_2_1.csv
3996,0,0,0,Reader_2_10.csv
3996,0,0,0,Reader_2_11.csv
3996,0,0,0,Reader_2_12.csv
3996,0,0,0,Reader_2_2.csv
3996,0,0,0,Reader_2_3.csv
3996,0,0,0,Reader_2_4.csv
3996,0,0,0,Reader_2_5.csv
3996,0,0,0,Reader_2_6.csv
3996,0,0,0,Reader_2_7.csv
3996,0,0,0,Reader_2_8.csv
3996,0,0,0,Reader_2_9.csv
3996,7,4,3,reader_3_1.csv
3996,5,5,0,Reader_3_2.csv
3996,4,3,1,Reader_3_3.csv
3996,4,3,1,Reader_3_4.csv
3996,0,0,0,Reader_3_5.csv
3996,0,0,0,Reader_3_6.csv
3996,8,5,3,Reader_3_7.csv
3997,3,3,0,Reader_1_1.csv
3997,1,1,0,Reader_1_10.csv
3997,0,0,0,Reader_1_11.csv
3997,0,0,0,Reader_1_12.csv
3997,2,2,0,Reader_1_2.csv
3997,1,1,0,Reader_1_3.csv
3997,0,0,0,Reader_1_4.csv
3997,1,0,1,Reader_1_5.csv
3997,0,0,0,Reader_1_6.csv
3997,0,0,0,Reader_1_7.csv
3997,1,1,0,Reader_1_8.csv
3997,1,1,0,Reader_1_9.csv
3997,0,0,0,Reader_2_1.csv
3997,0,0,0,Reader_2_10.csv
3997,0,0,0,Reader_2_11.csv
3997,0,0,0,Reader_2_12.csv
3997,0,0,0,Reader_2_2.csv
3997,0,0,0,Reader_2_3.csv
3997,0,0,0,Reader_2_4.csv
3997,0,0,0,Reader_2_5.csv
3997,0,0,0,Reader_2_6.csv
3997,0,0,0,Reader_2_7.csv
3997,0,0,0,Reader_2_8.csv
3997,0,0,0,Reader_2_9.csv
3997,6,4,2,reader_3_1.csv
3997,7,6,1,Reader_3_2.csv
3997,4,3,1,Reader_3_3.csv
3997,4,3,1,Reader_3_4.csv
3997,0,0,0,Reader_3_5.csv
3997,0,0,0,Reader_3_6.csv
3997,10,7,3,Reader_3_7.csv
3998,3,3,0,Reader_1_1.csv
3998,1,1,0,Reader_1_10.csv
3998,0,0,0,Reader_1_11.csv
3998,0,0,0,Reader_1_12.csv
3998,2,2,0,Reader_1_2.csv
3998,1,1,0,Reader_1_3.csv
3998,0,0,0,Reader_1_4.csv
3998,1,0,1,Reader_1_5.csv
3998,0,0,0,Reader_1_6.csv
3998,0,0,0,Reader_1_7.csv
3998,1,1,0,Reader_1_8.csv
3998,0,0,0,Reader_1_9.csv
3998,0,0,0,Reader_2_1.csv
3998,0,0,0,Reader_2_10.csv
3998,0,0,0,Reader_2_11.csv
3998,0,0,0,Reader_2_12.csv
3998,0,0,0,Reader_2_2.csv
3998,1,0,1,Reader_2_3.csv
3998,0,0,0,Reader_2_4.csv
3998,0,0,0,Reader_2_5.csv
3998,0,0,0,Reader_2_6.csv
3998,0,0,0,Reader_2_7.csv
3998,0,0,0,Reader_2_8.csv
3998,0,0,0,Reader_2_9.csv
3998,6,4,2,reader_3_1.csv
3998,7,6,1,Reader_3_2.csv
3998,4,3,1,Reader_3_3.csv
3998,4,3,1,Reader_3_4.csv
3998,0,0,0,Reader_3_5.csv
3998,0,0,0,Reader_3_6.csv
3998,10,7,3,Reader_3_7.csv
3999,3,3,0,Reader_1_1.csv
3999,1,1,0,Reader_1_10.csv
3999,0,0,0,Reader_1_11.csv
3999,0,0,0,Reader_1_12.csv
3999,2,2,0,Reader_1_2.csv
3999,1,1,0,Reader_1_3.csv
3999,0,0,0,Reader_1_4.csv
3999,1,0,1,Reader_1_5.csv
3999,0,0,0,Reader_1_6.csv
3999,0,0,0,Reader_1_7.csv
3999,1,1,0,Reader_1_8.csv
3999,0,0,0,Reader_1_9.csv
3999,0,0,0,Reader_2_1.csv
3999,0,0,0,Reader_2_10.csv
3999,0,0,0,Reader_2_11.csv
3999,1,0,1,Reader_2_12.csv
3999,0,0,0,Reader_2_2.csv
3999,1,0,1,Reader_2_3.csv
3999,0,0,0,Reader_2_4.csv
3999,0,0,0,Reader_2_5.csv
3999,0,0,0,Reader_2_6.csv
3999,0,0,0,Reader_2_7.csv
3999,0,0,0,Reader_2_8.csv
3999,0,0,0,Reader_2_9.csv
3999,6,4,2,reader_3_1.csv
3999,6,5,1,Reader_3_2.csv
3999,3,2,1,Reader_3_3.csv
3999,3,2,1,Reader_3_4.csv
3999,0,0,0,Reader_3_5.csv
3999,0,0,0,Reader_3_6.csv
3999,11,7,4,Reader_3_7.csv
4000,3,3,0,Reader_1_1.csv
4000,1,1,0,Reader_1_10.csv
4000,0,0,0,Reader_1_11.csv
4000,0,0,0,Reader_1_12.csv
4000,1,1,0,Reader_1_2.csv
4000,1,1,0,Reader_1_3.csv
4000,0,0,0,Reader_1_4.csv
4000,1,0,1,Reader_1_5.csv
4000,0,0,0,Reader_1_6.csv
4000,0,0,0,Reader_1_7.csv
4000,1,1,0,Reader_1_8.csv
4000,0,0,0,Reader_1_9.csv
4000,0,0,0,Reader_2_1.csv
4000,0,0,0,Reader_2_10.csv
4000,0,0,0,Reader_2_11.csv
4000,1,0,1,Reader_2_12.csv
4000,0,0,0,Reader_2_2.csv
4000,1,0,1,Reader_2_3.csv
4000,0,0,0,Reader_2_4.csv
4000,0,0,0,Reader_2_5.csv
4000,0,0,0,Reader_2_6.csv
4000,0,0,0,Reader_2_7.csv
4000,0,0,0,Reader_2_8.csv
4000,0,0,0,Reader_2_9.csv
4000,3,2,1,reader_3_1.csv
4000,6,5,1,Reader_3_2.csv
4000,3,2,1,Reader_3_3.csv
4000,3,2,1,Reader_3_4.csv
4000,0,0,0,Reader_3_5.csv
4000,0,0,0,Reader_3_6.csv
4000,9,6,3,Reader_3_7.csv
4001,3,3,0,Reader_1_1.csv
4001,1,1,0,Reader_1_10.csv
4001,0,0,0,Reader_1_11.csv
4001,0,0,0,Reader_1_12.csv
4001,1,1,0,Reader_1_2.csv
4001,0,0,0,Reader_1_3.csv
4001,0,0,0,Reader_1_4.csv
4001,1,0,1,Reader_1_5.csv
4001,0,0,0,Reader_1_6.csv
4001,0,0,0,Reader_1_7.csv
4001,1,1,0,Reader_1_8.csv
4001,0,0,0,Reader_1_9.csv
4001,0,0,0,Reader_2_1.csv
4001,0,0,0,Reader_2_10.csv
4001,0,0,0,Reader_2_11.csv
4001,2,1,1,Reader_2_12.csv
4001,0,0,0,Reader_2_2.csv
4001,1,0,1,Reader_2_3.csv
4001,0,0,0,Reader_2_4.csv
4001,0,0,0,Reader_2_5.csv
4001,0,0,0,Reader_2_6.csv
4001,0,0,0,Reader_2_7.csv
4001,1,1,0,Reader_2_8.csv
4001,1,1,0,Reader_2_9.csv
4001,4,2,2,reader_3_1.csv
4001,5,4,1,Reader_3_2.csv
4001,2,1,1,Reader_3_3.csv
4001,2,1,1,Reader_3_4.csv
4001,0,0,0,Reader_3_5.csv
4001,0,0,0,Reader_3_6.csv
4001,9,6,3,Reader_3_7.csv
4002,3,3,0,Reader_1_1.csv
4002,1,1,0,Reader_1_10.csv
4002,0,0,0,Reader_1_11.csv
4002,0,0,0,Reader_1_12.csv
4002,2,2,0,Reader_1_2.csv
4002,0,0,0,Reader_1_3.csv
4002,0,0,0,Reader_1_4.csv
4002,1,0,1,Reader_1_5.csv
4002,0,0,0,Reader_1_6.csv
4002,0,0,0,Reader_1_7.csv
4002,2,2,0,Reader_1_8.csv
4002,0,0,0,Reader_1_9.csv
4002,0,0,0,Reader_2_1.csv
4002,0,0,0,Reader_2_10.csv
4002,0,0,0,Reader_2_11.csv
4002,3,2,1,Reader_2_12.csv
4002,0,0,0,Reader_2_2.csv
4002,1,0,1,Reader_2_3.csv
4002,0,0,0,Reader_2_4.csv
4002,0,0,0,Reader_2_5.csv
4002,0,0,0,Reader_2_6.csv
4002,0,0,0,Reader_2_7.csv
4002,1,1,0,Reader_2_8.csv
4002,1,1,0,Reader_2_9.csv
4002,3,2,1,reader_3_1.csv
4002,5,4,1,Reader_3_2.csv
4002,2,1,1,Reader_3_3.csv
4002,2,1,1,Reader_3_4.csv
4002,0,0,0,Reader_3_5.csv
4002,0,0,0,Reader_3_6.csv
4002,6,3,3,Reader_3_7.csv
4003,3,3,0,Reader_1_1.csv
4003,1,1,0,Reader_1_10.csv
4003,0,0,0,Reader_1_11.csv
4003,0,0,0,Reader_1_12.csv
4003,2,2,0,Reader_1_2.csv
4003,0,0,0,Reader_1_3.csv
4003,0,0,0,Reader_1_4.csv
4003,1,0,1,Reader_1_5.csv
4003,0,0,0,Reader_1_6.csv
4003,0,0,0,Reader_1_7.csv
4003,1,1,0,Reader_1_8.csv
4003,0,0,0,Reader_1_9.csv
4003,0,0,0,Reader_2_1.csv
4003,0,0,0,Reader_2_10.csv
4003,0,0,0,Reader_2_11.csv
4003,3,2,1,Reader_2_12.csv
4003,0,0,0,Reader_2_2.csv
4003,1,0,1,Reader_2_3.csv
4003,0,0,0,Reader_2_4.csv
4003,0,0,0,Reader_2_5.csv
4003,0,0,0,Reader_2_6.csv
4003,0,0,0,Reader_2_7.csv
4003,1,1,0,Reader_2_8.csv
4003,1,1,0,Reader_2_9.csv
4003,3,2,1,reader_3_1.csv
4003,5,4,1,Reader_3_2.csv
4003,2,1,1,Reader_3_3.csv
4003,2,1,1,Reader_3_4.csv
4003,0,0,0,Reader_3_5.csv
4003,0,0,0,Reader_3_6.csv
4003,3,2,1,Reader_3_7.csv
4004,4,3,1,Reader_1_1.csv
4004,0,0,0,Reader_1_10.csv
4004,0,0,0,Reader_1_11.csv
4004,0,0,0,Reader_1_12.csv
4004,3,3,0,Reader_1_2.csv
4004,0,0,0,Reader_1_3.csv
4004,0,0,0,Reader_1_4.csv
4004,1,0,1,Reader_1_5.csv
4004,0,0,0,Reader_1_6.csv
4004,0,0,0,Reader_1_7.csv
4004,1,1,0,Reader_1_8.csv
4004,0,0,0,Reader_1_9.csv
4004,0,0,0,Reader_2_1.csv
4004,0,0,0,Reader_2_10.csv
4004,0,0,0,Reader_2_11.csv
4004,3,2,1,Reader_2_12.csv
4004,0,0,0,Reader_2_2.csv
4004,1,0,1,Reader_2_3.csv
4004,0,0,0,Reader_2_4.csv
4004,0,0,0,Reader_2_5.csv
4004,0,0,0,Reader_2_6.csv
4004,0,0,0,Reader_2_7.csv
4004,1,1,0,Reader_2_8.csv
4004,1,1,0,Reader_2_9.csv
4004,3,2,1,reader_3_1.csv
4004,3,2,1,Reader_3_2.csv
4004,3,3,0,Reader_3_3.csv
4004,3,3,0,Reader_3_4.csv
4004,0,0,0,Reader_3_5.csv
4004,0,0,0,Reader_3_6.csv
4004,4,2,2,Reader_3_7.csv
4005,5,4,1,Reader_1_1.csv
4005,1,1,0,Reader_1_10.csv
4005,0,0,0,Reader_1_11.csv
4005,0,0,0,Reader_1_12.csv
4005,2,2,0,Reader_1_2.csv
4005,0,0,0,Reader_1_3.csv
4005,0,0,0,Reader_1_4.csv
4005,0,0,0,Reader_1_5.csv
4005,0,0,0,Reader_1_6.csv
4005,0,0,0,Reader_1_7.csv
4005,1,1,0,Reader_1_8.csv
4005,0,0,0,Reader_1_9.csv
4005,0,0,0,Reader_2_1.csv
4005,0,0,0,Reader_2_10.csv
4005,0,0,0,Reader_2_11.csv
4005,3,2,1,Reader_2_12.csv
4005,0,0,0,Reader_2_2.csv
4005,1,0,1,Reader_2_3.csv
4005,0,0,0,Reader_2_4.csv
4005,0,0,0,Reader_2_5.csv
4005,0,0,0,Reader_2_6.csv
4005,0,0,0,Reader_2_7.csv
4005,1,1,0,Reader_2_8.csv
4005,1,1,0,Reader_2_9.csv
4005,4,3,1,reader_3_1.csv
4005,1,1,0,Reader_3_2.csv
4005,4,4,0,Reader_3_3.csv
4005,4,4,0,Reader_3_4.csv
4005,0,0,0,Reader_3_5.csv
4005,0,0,0,Reader_3_6.csv
4005,2,0,2,Reader_3_7.csv
4006,3,2,1,Reader_1_1.csv
4006,1,1,0,Reader_1_10.csv
4006,0,0,0,Reader_1_11.csv
4006,0,0,0,Reader_1_12.csv
4006,2,2,0,Reader_1_2.csv
4006,0,0,0,Reader_1_3.csv
4006,0,0,0,Reader_1_4.csv
4006,0,0,0,Reader_1_5.csv
4006,0,0,0,Reader_1_6.csv
4006,0,0,0,Reader_1_7.csv
4006,1,1,0,Reader_1_8.csv
4006,0,0,0,Reader_1_9.csv
4006,0,0,0,Reader_2_1.csv
4006,0,0,0,Reader_2_10.csv
4006,0,0,0,Reader_2_11.csv
4006,3,2,1,Reader_2_12.csv
4006,0,0,0,Reader_2_2.csv
4006,0,0,0,Reader_2_3.csv
4006,0,0,0,Reader_2_4.csv
4006,0,0,0,Reader_2_5.csv
4006,0,0,0,Reader_2_6.csv
4006,0,0,0,Reader_2_7.csv
4006,1,1,0,Reader_2_8.csv
4006,1,1,0,Reader_2_9.csv
4006,6,5,1,reader_3_1.csv
4006,1,1,0,Reader_3_2.csv
4006,4,4,0,Reader_3_3.csv
4006,4,4,0,Reader_3_4.csv
4006,0,0,0,Reader_3_5.csv
4006,0,0,0,Reader_3_6.csv
4006,2,0,2,Reader_3_7.csv
4007,5,4,1,Reader_1_1.csv
4007,1,1,0,Reader_1_10.csv
4007,0,0,0,Reader_1_11.csv
4007,0,0,0,Reader_1_12.csv
4007,2,2,0,Reader_1_2.csv
4007,0,0,0,Reader_1_3.csv
4007,0,0,0,Reader_1_4.csv
4007,0,0,0,Reader_1_5.csv
4007,0,0,0,Reader_1_6.csv
4007,0,0,0,Reader_1_7.csv
4007,1,1,0,Reader_1_8.csv
4007,0,0,0,Reader_1_9.csv
4007,0,0,0,Reader_2_1.csv
4007,0,0,0,Reader_2_10.csv
4007,0,0,0,Reader_2_11.csv
4007,2,2,0,Reader_2_12.csv
4007,0,0,0,Reader_2_2.csv
4007,1,0,1,Reader_2_3.csv
4007,0,0,0,Reader_2_4.csv
4007,0,0,0,Reader_2_5.csv
4007,0,0,0,Reader_2_6.csv
4007,0,0,0,Reader_2_7.csv
4007,1,1,0,Reader_2_8.csv
4007,1,1,0,Reader_2_9.csv
4007,5,4,1,reader_3_1.csv
4007,1,1,0,Reader_3_2.csv
4007,4,4,0,Reader_3_3.csv
4007,4,4,0,Reader_3_4.csv
4007,0,0,0,Reader_3_5.csv
4007,0,0,0,Reader_3_6.csv
4007,2,1,1,Reader_3_7.csv
4008,5,4,1,Reader_1_1.csv
4008,1,1,0,Reader_1_10.csv
4008,0,0,0,Reader_1_11.csv
4008,0,0,0,Reader_1_12.csv
4008,2,2,0,Reader_1_2.csv
4008,0,0,0,Reader_1_3.csv
4008,0,0,0,Reader_1_4.csv
4008,0,0,0,Reader_1_5.csv
4008,0,0,0,Reader_1_6.csv
4008,0,0,0,Reader_1_7.csv
4008,1,1,0,Reader_1_8.csv
4008,0,0,0,Reader_1_9.csv
4008,0,0,0,Reader_2_1.csv
4008,0,0,0,Reader_2_10.csv
4008,0,0,0,Reader_2_11.csv
4008,2,2,0,Reader_2_12.csv
4008,0,0,0,Reader_2_2.csv
4008,1,0,1,Reader_2_3.csv
4008,0,0,0,Reader_2_4.csv
4008,0,0,0,Reader_2_5.csv
4008,0,0,0,Reader_2_6.csv
4008,0,0,0,Reader_2_7.csv
4008,1,1,0,Reader_2_8.csv
4008,1,1,0,Reader_2_9.csv
4008,5,4,1,reader_3_1.csv
4008,1,1,0,Reader_3_2.csv
4008,5,5,0,Reader_3_3.csv
4008,5,5,0,Reader_3_4.csv
4008,0,0,0,Reader_3_5.csv
4008,0,0,0,Reader_3_6.csv
4008,2,1,1,Reader_3_7.csv
4009,6,5,1,Reader_1_1.csv
4009,1,1,0,Reader_1_10.csv
4009,0,0,0,Reader_1_11.csv
4009,1,1,0,Reader_1_12.csv
4009,2,2,0,Reader_1_2.csv
4009,0,0,0,Reader_1_3.csv
4009,0,0,0,Reader_1_4.csv
4009,0,0,0,Reader_1_5.csv
4009,0,0,0,Reader_1_6.csv
4009,0,0,0,Reader_1_7.csv
4009,1,1,0,Reader_1_8.csv
4009,0,0,0,Reader_1_9.csv
4009,0,0,0,Reader_2_1.csv
4009,0,0,0,Reader_2_10.csv
4009,0,0,0,Reader_2_11.csv
4009,1,1,0,Reader_2_12.csv
4009,0,0,0,Reader_2_2.csv
4009,1,0,1,Reader_2_3.csv
4009,0,0,0,Reader_2_4.csv
4009,0,0,0,Reader_2_5.csv
4009,0,0,0,Reader_2_6.csv
4009,0,0,0,Reader_2_7.csv
4009,0,0,0,Reader_2_8.csv
4009,0,0,0,Reader_2_9.csv
4009,4,4,0,reader_3_1.csv
4009,1,1,0,Reader_3_2.csv
4009,8,8,0,Reader_3_3.csv
4009,8,8,0,Reader_3_4.csv
4009,0,0,0,Reader_3_5.csv
4009,0,0,0,Reader_3_6.csv
4009,2,1,1,Reader_3_7.csv
4010,8,7,1,Reader_1_1.csv
4010,1,1,0,Reader_1_10.csv
4010,0,0,0,Reader_1_11.csv
4010,1,1,0,Reader_1_12.csv
4010,1,1,0,Reader_1_2.csv
4010,0,0,0,Reader_1_3.csv
4010,0,0,0,Reader_1_4.csv
4010,0,0,0,Reader_1_5.csv
4010,1,1,0,Reader_1_6.csv
4010,0,0,0,Reader_1_7.csv
4010,0,0,0,Reader_1_8.csv
4010,0,0,0,Reader_1_9.csv
4010,0,0,0,Reader_2_1.csv
4010,0,0,0,Reader_2_10.csv
4010,0,0,0,Reader_2_11.csv
4010,0,0,0,Reader_2_12.csv
4010,0,0,0,Reader_2_2.csv
4010,1,0,1,Reader_2_3.csv
4010,0,0,0,Reader_2_4.csv
4010,0,0,0,Reader_2_5.csv
4010,0,0,0,Reader_2_6.csv
4010,0,0,0,Reader_2_7.csv
4010,0,0,0,Reader_2_8.csv
4010,0,0,0,Reader_2_9.csv
4010,5,5,0,reader_3_1.csv
4010,0,0,0,Reader_3_2.csv
4010,9,9,0,Reader_3_3.csv
4010,9,9,0,Reader_3_4.csv
4010,0,0,0,Reader_3_5.csv
4010,0,0,0,Reader_3_6.csv
4010,2,1,1,Reader_3_7.csv
4011,10,8,2,Reader_1_1.csv
4011,1,1,0,Reader_1_10.csv
4011,0,0,0,Reader_1_11.csv
4011,1,1,0,Reader_1_12.csv
4011,1,1,0,Reader_1_2.csv
4011,0,0,0,Reader_1_3.csv
4011,0,0,0,Reader_1_4.csv
4011,0,0,0,Reader_1_5.csv
4011,1,1,0,Reader_1_6.csv
4011,0,0,0,Reader_1_7.csv
4011,0,0,0,Reader_1_8.csv
4011,0,0,0,Reader_1_9.csv
4011,0,0,0,Reader_2_1.csv
4011,0,0,0,Reader_2_10.csv
4011,0,0,0,Reader_2_11.csv
4011,0,0,0,Reader_2_12.csv
4011,0,0,0,Reader_2_2.csv
4011,1,0,1,Reader_2_3.csv
4011,0,0,0,Reader_2_4.csv
4011,0,0,0,Reader_2_5.csv
4011,0,0,0,Reader_2_6.csv
4011,0,0,0,Reader_2_7.csv
4011,0,0,0,Reader_2_8.csv
4011,0,0,0,Reader_2_9.csv
4011,7,7,0,reader_3_1.csv
4011,0,0,0,Reader_3_2.csv
4011,9,9,0,Reader_3_3.csv
4011,9,9,0,Reader_3_4.csv
4011,0,0,0,Reader_3_5.csv
4011,0,0,0,Reader_3_6.csv
4011,2,1,1,Reader_3_7.csv
4012,13,12,1,Reader_1_1.csv
4012,1,1,0,Reader_1_10.csv
4012,0,0,0,Reader_1_11.csv
4012,1,1,0,Reader_1_12.csv
4012,1,1,0,Reader_1_2.csv
4012,0,0,0,Reader_1_3.csv
4012,0,0,0,Reader_1_4.csv
4012,0,0,0,Reader_1_5.csv
4012,1,1,0,Reader_1_6.csv
4012,0,0,0,Reader_1_7.csv
4012,0,0,0,Reader_1_8.csv
4012,0,0,0,Reader_1_9.csv
4012,0,0,0,Reader_2_1.csv
4012,0,0,0,Reader_2_10.csv
4012,0,0,0,Reader_2_11.csv
4012,0,0,0,Reader_2_12.csv
4012,0,0,0,Reader_2_2.csv
4012,1,0,1,Reader_2_3.csv
4012,0,0,0,Reader_2_4.csv
4012,0,0,0,Reader_2_5.csv
4012,0,0,0,Reader_2_6.csv
4012,0,0,0,Reader_2_7.csv
4012,0,0,0,Reader_2_8.csv
4012,0,0,0,Reader_2_9.csv
4012,9,9,0,reader_3_1.csv
4012,0,0,0,Reader_3_2.csv
4012,7,7,0,Reader_3_3.csv
4012,7,7,0,Reader_3_4.csv
4012,0,0,0,Reader_3_5.csv
4012,0,0,0,Reader_3_6.csv
4012,1,1,0,Reader_3_7.csv
4013,14,12,2,Reader_1_1.csv
4013,0,0,0,Reader_1_10.csv
4013,1,0,1,Reader_1_11.csv
4013,1,1,0,Reader_1_12.csv
4013,1,1,0,Reader_1_2.csv
4013,0,0,0,Reader_1_3.csv
4013,0,0,0,Reader_1_4.csv
4013,0,0,0,Reader_1_5.csv
4013,1,1,0,Reader_1_6.csv
4013,1,0,1,Reader_1_7.csv
4013,0,0,0,Reader_1_8.csv
4013,0,0,0,Reader_1_9.csv
4013,1,1,0,Reader_2_1.csv
4013,0,0,0,Reader_2_10.csv
4013,0,0,0,Reader_2_11.csv
4013,0,0,0,Reader_2_12.csv
4013,0,0,0,Reader_2_2.csv
4013,1,0,1,Reader_2_3.csv
4013,0,0,0,Reader_2_4.csv
4013,0,0,0,Reader_2_5.csv
4013,1,1,0,Reader_2_6.csv
4013,0,0,0,Reader_2_7.csv
4013,0,0,0,Reader_2_8.csv
4013,0,0,0,Reader_2_9.csv
4013,9,9,0,reader_3_1.csv
4013,0,0,0,Reader_3_2.csv
4013,5,5,0,Reader_3_3.csv
4013,5,5,0,Reader_3_4.csv
4013,0,0,0,Reader_3_5.csv
4013,0,0,0,Reader_3_6.csv
4013,1,1,0,Reader_3_7.csv
4014,14,12,2,Reader_1_1.csv
4014,0,0,0,Reader_1_10.csv
4014,1,0,1,Reader_1_11.csv
4014,1,1,0,Reader_1_12.csv
4014,1,1,0,Reader_1_2.csv
4014,0,0,0,Reader_1_3.csv
4014,0,0,0,Reader_1_4.csv
4014,0,0,0,Reader_1_5.csv
4014,1,1,0,Reader_1_6.csv
4014,1,0,1,Reader_1_7.csv
4014,0,0,0,Reader_1_8.csv
4014,0,0,0,Reader_1_9.csv
4014,1,1,0,Reader_2_1.csv
4014,0,0,0,Reader_2_10.csv
4014,0,0,0,Reader_2_11.csv
4014,0,0,0,Reader_2_12.csv
4014,0,0,0,Reader_2_2.csv
4014,1,0,1,Reader_2_3.csv
4014,0,0,0,Reader_2_4.csv
4014,0,0,0,Reader_2_5.csv
4014,1,1,0,Reader_2_6.csv
4014,0,0,0,Reader_2_7.csv
4014,0,0,0,Reader_2_8.csv
4014,0,0,0,Reader_2_9.csv
4014,7,7,0,reader_3_1.csv
4014,0,0,0,Reader_3_2.csv
4014,5,5,0,Reader_3_3.csv
4014,5,5,0,Reader_3_4.csv
4014,0,0,0,Reader_3_5.csv
4014,0,0,0,Reader_3_6.csv
4014,1,1,0,Reader_3_7.csv
4015,11,9,2,Reader_1_1.csv
4015,0,0,0,Reader_1_10.csv
4015,1,0,1,Reader_1_11.csv
4015,1,1,0,Reader_1_12.csv
4015,1,1,0,Reader_1_2.csv
4015,1,0,1,Reader_1_3.csv
4015,0,0,0,Reader_1_4.csv
4015,0,0,0,Reader_1_5.csv
4015,1,1,0,Reader_1_6.csv
4015,1,0,1,Reader_1_7.csv
4015,0,0,0,Reader_1_8.csv
4015,0,0,0,Reader_1_9.csv
4015,1,1,0,Reader_2_1.csv
4015,0,0,0,Reader_2_10.csv
4015,0,0,0,Reader_2_11.csv
4015,0,0,0,Reader_2_12.csv
4015,0,0,0,Reader_2_2.csv
4015,0,0,0,Reader_2_3.csv
4015,0,0,0,Reader_2_4.csv
4015,0,0,0,Reader_2_5.csv
4015,1,1,0,Reader_2_6.csv
4015,0,0,0,Reader_2_7.csv
4015,0,0,0,Reader_2_8.csv
4015,0,0,0,Reader_2_9.csv
4015,7,7,0,reader_3_1.csv
4015,0,0,0,Reader_3_2.csv
4015,5,5,0,Reader_3_3.csv
4015,5,5,0,Reader_3_4.csv
4015,0,0,0,Reader_3_5.csv
4015,0,0,0,Reader_3_6.csv
4015,0,0,0,Reader_3_7.csv
4016,12,9,3,Reader_1_1.csv
4016,0,0,0,Reader_1_10.csv
4016,1,0,1,Reader_1_11.csv
4016,1,1,0,Reader_1_12.csv
4016,1,1,0,Reader_1_2.csv
4016,1,0,1,Reader_1_3.csv
4016,0,0,0,Reader_1_4.csv
4016,0,0,0,Reader_1_5.csv
4016,1,1,0,Reader_1_6.csv
4016,1,0,1,Reader_1_7.csv
4016,0,0,0,Reader_1_8.csv
4016,0,0,0,Reader_1_9.csv
4016,1,1,0,Reader_2_1.csv
4016,0,0,0,Reader_2_10.csv
4016,0,0,0,Reader_2_11.csv
4016,0,0,0,Reader_2_12.csv
4016,0,0,0,Reader_2_2.csv
4016,0,0,0,Reader_2_3.csv
4016,0,0,0,Reader_2_4.csv
4016,0,0,0,Reader_2_5.csv
4016,1,1,0,Reader_2_6.csv
4016,0,0,0,Reader_2_7.csv
4016,0,0,0,Reader_2_8.csv
4016,0,0,0,Reader_2_9.csv
4016,8,8,0,reader_3_1.csv
4016,0,0,0,Reader_3_2.csv
4016,4,4,0,Reader_3_3.csv
4016,4,4,0,Reader_3_4.csv
4016,0,0,0,Reader_3_5.csv
4016,0,0,0,Reader_3_6.csv
4016,0,0,0,Reader_3_7.csv
4017,11,8,3,Reader_1_1.csv
4017,0,0,0,Reader_1_10.csv
4017,1,0,1,Reader_1_11.csv
4017,0,0,0,Reader_1_12.csv
4017,2,2,0,Reader_1_2.csv
4017,1,0,1,Reader_1_3.csv
4017,0,0,0,Reader_1_4.csv
4017,0,0,0,Reader_1_5.csv
4017,1,1,0,Reader_1_6.csv
4017,1,0,1,Reader_1_7.csv
4017,0,0,0,Reader_1_8.csv
4017,0,0,0,Reader_1_9.csv
4017,1,1,0,Reader_2_1.csv
4017,0,0,0,Reader_2_10.csv
4017,0,0,0,Reader_2_11.csv
4017,0,0,0,Reader_2_12.csv
4017,0,0,0,Reader_2_2.csv
4017,0,0,0,Reader_2_3.csv
4017,0,0,0,Reader_2_4.csv
4017,0,0,0,Reader_2_5.csv
4017,1,1,0,Reader_2_6.csv
4017,0,0,0,Reader_2_7.csv
4017,0,0,0,Reader_2_8.csv
4017,0,0,0,Reader_2_9.csv
4017,7,7,0,reader_3_1.csv
4017,2,1,1,Reader_3_2.csv
4017,1,1,0,Reader_3_3.csv
4017,1,1,0,Reader_3_4.csv
4017,0,0,0,Reader_3_5.csv
4017,0,0,0,Reader_3_6.csv
4017,1,1,0,Reader_3_7.csv
4018,10,7,3,Reader_1_1.csv
4018,0,0,0,Reader_1_10.csv
4018,1,0,1,Reader_1_11.csv
4018,0,0,0,Reader_1_12.csv
4018,3,3,0,Reader_1_2.csv
4018,1,0,1,Reader_1_3.csv
4018,0,0,0,Reader_1_4.csv
4018,0,0,0,Reader_1_5.csv
4018,0,0,0,Reader_1_6.csv
4018,1,0,1,Reader_1_7.csv
4018,0,0,0,Reader_1_8.csv
4018,0,0,0,Reader_1_9.csv
4018,1,1,0,Reader_2_1.csv
4018,0,0,0,Reader_2_10.csv
4018,0,0,0,Reader_2_11.csv
4018,0,0,0,Reader_2_12.csv
4018,0,0,0,Reader_2_2.csv
4018,0,0,0,Reader_2_3.csv
4018,0,0,0,Reader_2_4.csv
4018,0,0,0,Reader_2_5.csv
4018,1,1,0,Reader_2_6.csv
4018,0,0,0,Reader_2_7.csv
4018,0,0,0,Reader_2_8.csv
4018,0,0,0,Reader_2_9.csv
4018,6,6,0,reader_3_1.csv
4018,3,1,2,Reader_3_2.csv
4018,0,0,0,Reader_3_3.csv
4018,0,0,0,Reader_3_4.csv
4018,0,0,0,Reader_3_5.csv
4018,0,0,0,Reader_3_6.csv
4018,1,1,0,Reader_3_7.csv
4019,8,6,2,Reader_1_1.csv
4019,0,0,0,Reader_1_10.csv
4019,1,0,1,Reader_1_11.csv
4019,0,0,0,Reader_1_12.csv
4019,3,3,0,Reader_1_2.csv
4019,1,0,1,Reader_1_3.csv
4019,0,0,0,Reader_1_4.csv
4019,0,0,0,Reader_1_5.csv
4019,0,0,0,Reader_1_6.csv
4019,1,0,1,Reader_1_7.csv
4019,0,0,0,Reader_1_8.csv
4019,0,0,0,Reader_1_9.csv
4019,1,1,0,Reader_2_1.csv
4019,0,0,0,Reader_2_10.csv
4019,0,0,0,Reader_2_11.csv
4019,0,0,0,Reader_2_12.csv
4019,0,0,0,Reader_2_2.csv
4019,0,0,0,Reader_2_3.csv
4019,0,0,0,Reader_2_4.csv
4019,0,0,0,Reader_2_5.csv
4019,1,1,0,Reader_2_6.csv
4019,0,0,0,Reader_2_7.csv
4019,0,0,0,Reader_2_8.csv
4019,0,0,0,Reader_2_9.csv
4019,5,5,0,reader_3_1.csv
4019,3,1,2,Reader_3_2.csv
4019,0,0,0,Reader_3_3.csv
4019,0,0,0,Reader_3_4.csv
4019,0,0,0,Reader_3_5.csv
4019,0,0,0,Reader_3_6.csv
4019,1,1,0,Reader_3_7.csv
4020,4,2,2,Reader_1_1.csv
4020,0,0,0,Reader_1_10.csv
4020,1,0,1,Reader_1_11.csv
4020,1,1,0,Reader_1_12.csv
4020,2,2,0,Reader_1_2.csv
4020,1,0,1,Reader_1_3.csv
4020,0,0,0,Reader_1_4.csv
4020,0,0,0,Reader_1_5.csv
4020,0,0,0,Reader_1_6.csv
4020,1,0,1,Reader_1_7.csv
4020,1,1,0,Reader_1_8.csv
4020,0,0,0,Reader_1_9.csv
4020,2,1,1,Reader_2_1.csv
4020,0,0,0,Reader_2_10.csv
4020,0,0,0,Reader_2_11.csv
4020,0,0,0,Reader_2_12.csv
4020,0,0,0,Reader_2_2.csv
4020,0,0,0,Reader_2_3.csv
4020,0,0,0,Reader_2_4.csv
4020,0,0,0,Reader_2_5.csv
4020,1,1,0,Reader_2_6.csv
4020,0,0,0,Reader_2_7.csv
4020,0,0,0,Reader_2_8.csv
4020,1,1,0,Reader_2_9.csv
4020,4,3,1,reader_3_1.csv
4020,3,1,2,Reader_3_2.csv
4020,0,0,0,Reader_3_3.csv
4020,0,0,0,Reader_3_4.csv
4020,0,0,0,Reader_3_5.csv
4020,0,0,0,Reader_3_6.csv
4020,1,1,0,Reader_3_7.csv
4021,3,2,1,Reader_1_1.csv
4021,0,0,0,Reader_1_10.csv
4021,0,0,0,Reader_1_11.csv
4021,1,1,0,Reader_1_12.csv
4021,2,2,0,Reader_1_2.csv
4021,1,0,1,Reader_1_3.csv
4021,0,0,0,Reader_1_4.csv
4021,0,0,0,Reader_1_5.csv
4021,0,0,0,Reader_1_6.csv
4021,0,0,0,Reader_1_7.csv
4021,1,1,0,Reader_1_8.csv
4021,0,0,0,Reader_1_9.csv
4021,1,0,1,Reader_2_1.csv
4021,0,0,0,Reader_2_10.csv
4021,0,0,0,Reader_2_11.csv
4021,0,0,0,Reader_2_12.csv
4021,0,0,0,Reader_2_2.csv
4021,0,0,0,Reader_2_3.csv
4021,0,0,0,Reader_2_4.csv
4021,0,0,0,Reader_2_5.csv
4021,0,0,0,Reader_2_6.csv
4021,0,0,0,Reader_2_7.csv
4021,0,0,0,Reader_2_8.csv
4021,1,1,0,Reader_2_9.csv
4021,4,3,1,reader_3_1.csv
4021,4,2,2,Reader_3_2.csv
4021,0,0,0,Reader_3_3.csv
4021,0,0,0,Reader_3_4.csv
4021,0,0,0,Reader_3_5.csv
4021,0,0,0,Reader_3_6.csv
4021,1,1,0,Reader_3_7.csv
4022,5,4,1,Reader_1_1.csv
4022,0,0,0,Reader_1_10.csv
4022,0,0,0,Reader_1_11.csv
4022,1,1,0,Reader_1_12.csv
4022,3,3,0,Reader_1_2.csv
4022,1,0,1,Reader_1_3.csv
4022,0,0,0,Reader_1_4.csv
4022,0,0,0,Reader_1_5.csv
4022,0,0,0,Reader_1_6.csv
4022,0,0,0,Reader_1_7.csv
4022,1,1,0,Reader_1_8.csv
4022,0,0,0,Reader_1_9.csv
4022,1,0,1,Reader_2_1.csv
4022,0,0,0,Reader_2_10.csv
4022,0,0,0,Reader_2_11.csv
4022,0,0,0,Reader_2_12.csv
4022,0,0,0,Reader_2_2.csv
4022,0,0,0,Reader_2_3.csv
4022,0,0,0,Reader_2_4.csv
4022,0,0,0,Reader_2_5.csv
4022,0,0,0,Reader_2_6.csv
4022,0,0,0,Reader_2_7.csv
4022,0,0,0,Reader_2_8.csv
4022,1,1,0,Reader_2_9.csv
4022,6,5,1,reader_3_1.csv
4022,4,2,2,Reader_3_2.csv
4022,0,0,0,Reader_3_3.csv
4022,0,0,0,Reader_3_4.csv
4022,0,0,0,Reader_3_5.csv
4022,0,0,0,Reader_3_6.csv
4022,1,1,0,Reader_3_7.csv
4023,5,4,1,Reader_1_1.csv
4023,1,1,0,Reader_1_10.csv
4023,0,0,0,Reader_1_11.csv
4023,1,1,0,Reader_1_12.csv
4023,4,4,0,Reader_1_2.csv
4023,0,0,0,Reader_1_3.csv
4023,0,0,0,Reader_1_4.csv
4023,0,0,0,Reader_1_5.csv
4023,0,0,0,Reader_1_6.csv
4023,1,0,1,Reader_1_7.csv
4023,1,1,0,Reader_1_8.csv
4023,0,0,0,Reader_1_9.csv
4023,1,0,1,Reader_2_1.csv
4023,0,0,0,Reader_2_10.csv
4023,0,0,0,Reader_2_11.csv
4023,0,0,0,Reader_2_12.csv
4023,0,0,0,Reader_2_2.csv
4023,0,0,0,Reader_2_3.csv
4023,0,0,0,Reader_2_4.csv
4023,0,0,0,Reader_2_5.csv
4023,0,0,0,Reader_2_6.csv
4023,0,0,0,Reader_2_7.csv
4023,0,0,0,Reader_2_8.csv
4023,1,1,0,Reader_2_9.csv
4023,7,6,1,reader_3_1.csv
4023,4,2,2,Reader_3_2.csv
4023,1,1,0,Reader_3_3.csv
4023,1,1,0,Reader_3_4.csv
4023,0,0,0,Reader_3_5.csv
4023,0,0,0,Reader_3_6.csv
4023,1,1,0,Reader_3_7.csv
4024,5,5,0,Reader_1_1.csv
4024,1,1,0,Reader_1_10.csv
4024,0,0,0,Reader_1_11.csv
4024,1,1,0,Reader_1_12.csv
4024,4,4,0,Reader_1_2.csv
4024,0,0,0,Reader_1_3.csv
4024,0,0,0,Reader_1_4.csv
4024,0,0,0,Reader_1_5.csv
4024,0,0,0,Reader_1_6.csv
4024,2,1,1,Reader_1_7.csv
4024,1,1,0,Reader_1_8.csv
4024,0,0,0,Reader_1_9.csv
4024,1,0,1,Reader_2_1.csv
4024,0,0,0,Reader_2_10.csv
4024,0,0,0,Reader_2_11.csv
4024,1,0,1,Reader_2_12.csv
4024,0,0,0,Reader_2_2.csv
4024,0,0,0,Reader_2_3.csv
4024,0,0,0,Reader_2_4.csv
4024,0,0,0,Reader_2_5.csv
4024,0,0,0,Reader_2_6.csv
4024,0,0,0,Reader_2_7.csv
4024,0,0,0,Reader_2_8.csv
4024,1,1,0,Reader_2_9.csv
4024,8,7,1,reader_3_1.csv
4024,5,3,2,Reader_3_2.csv
4024,1,1,0,Reader_3_3.csv
4024,1,1,0,Reader_3_4.csv
4024,0,0,0,Reader_3_5.csv
4024,0,0,0,Reader_3_6.csv
4024,1,1,0,Reader_3_7.csv
4025,6,6,0,Reader_1_1.csv
4025,1,1,0,Reader_1_10.csv
4025,0,0,0,Reader_1_11.csv
4025,1,1,0,Reader_1_12.csv
4025,3,3,0,Reader_1_2.csv
4025,0,0,0,Reader_1_3.csv
4025,0,0,0,Reader_1_4.csv
4025,0,0,0,Reader_1_5.csv
4025,0,0,0,Reader_1_6.csv
4025,2,1,1,Reader_1_7.csv
4025,1,1,0,Reader_1_8.csv
4025,0,0,0,Reader_1_9.csv
4025,2,1,1,Reader_2_1.csv
4025,0,0,0,Reader_2_10.csv
4025,0,0,0,Reader_2_11.csv
4025,1,0,1,Reader_2_12.csv
4025,0,0,0,Reader_2_2.csv
4025,0,0,0,Reader_2_3.csv
4025,0,0,0,Reader_2_4.csv
4025,0,0,0,Reader_2_5.csv
4025,0,0,0,Reader_2_6.csv
4025,0,0,0,Reader_2_7.csv
4025,0,0,0,Reader_2_8.csv
4025,1,1,0,Reader_2_9.csv
4025,9,8,1,reader_3_1.csv
4025,3,2,1,Reader_3_2.csv
4025,2,2,0,Reader_3_3.csv
4025,2,2,0,Reader_3_4.csv
4025,0,0,0,Reader_3_5.csv
4025,0,0,0,Reader_3_6.csv
4025,0,0,0,Reader_3_7.csv
4026,6,6,0,Reader_1_1.csv
4026,1,1,0,Reader_1_10.csv
4026,1,1,0,Reader_1_11.csv
4026,1,1,0,Reader_1_12.csv
4026,2,2,0,Reader_1_2.csv
4026,0,0,0,Reader_1_3.csv
4026,0,0,0,Reader_1_4.csv
4026,0,0,0,Reader_1_5.csv
4026,0,0,0,Reader_1_6.csv
4026,2,1,1,Reader_1_7.csv
4026,1,1,0,Reader_1_8.csv
4026,0,0,0,Reader_1_9.csv
4026,2,1,1,Reader_2_1.csv
4026,0,0,0,Reader_2_10.csv
4026,0,0,0,Reader_2_11.csv
4026,1,0,1,Reader_2_12.csv
4026,0,0,0,Reader_2_2.csv
4026,0,0,0,Reader_2_3.csv
4026,0,0,0,Reader_2_4.csv
4026,0,0,0,Reader_2_5.csv
4026,0,0,0,Reader_2_6.csv
4026,0,0,0,Reader_2_7.csv
4026,0,0,0,Reader_2_8.csv
4026,1,1,0,Reader_2_9.csv
4026,9,8,1,reader_3_1.csv
4026,2,2,0,Reader_3_2.csv
4026,2,2,0,Reader_3_3.csv
4026,2,2,0,Reader_3_4.csv
4026,0,0,0,Reader_3_5.csv
4026,0,0,0,Reader_3_6.csv
4026,0,0,0,Reader_3_7.csv
4027,7,7,0,Reader_1_1.csv
4027,1,1,0,Reader_1_10.csv
4027,1,1,0,Reader_1_11.csv
4027,1,1,0,Reader_1_12.csv
4027,2,2,0,Reader_1_2.csv
4027,0,0,0,Reader_1_3.csv
4027,0,0,0,Reader_1_4.csv
4027,0,0,0,Reader_1_5.csv
4027,0,0,0,Reader_1_6.csv
4027,2,1,1,Reader_1_7.csv
4027,1,1,0,Reader_1_8.csv
4027,0,0,0,Reader_1_9.csv
4027,2,1,1,Reader_2_1.csv
4027,0,0,0,Reader_2_10.csv
4027,0,0,0,Reader_2_11.csv
4027,1,0,1,Reader_2_12.csv
4027,0,0,0,Reader_2_2.csv
4027,0,0,0,Reader_2_3.csv
4027,0,0,0,Reader_2_4.csv
4027,0,0,0,Reader_2_5.csv
4027,0,0,0,Reader_2_6.csv
4027,0,0,0,Reader_2_7.csv
4027,0,0,0,Reader_2_8.csv
4027,1,1,0,Reader_2_9.csv
4027,8,7,1,reader_3_1.csv
4027,2,2,0,Reader_3_2.csv
4027,2,2,0,Reader_3_3.csv
4027,2,2,0,Reader_3_4.csv
4027,0,0,0,Reader_3_5.csv
4027,0,0,0,Reader_3_6.csv
4027,0,0,0,Reader_3_7.csv
4028,7,7,0,Reader_1_1.csv
4028,1,1,0,Reader_1_10.csv
4028,1,1,0,Reader_1_11.csv
4028,0,0,0,Reader_1_12.csv
4028,3,2,1,Reader_1_2.csv
4028,0,0,0,Reader_1_3.csv
4028,0,0,0,Reader_1_4.csv
4028,0,0,0,Reader_1_5.csv
4028,0,0,0,Reader_1_6.csv
4028,2,1,1,Reader_1_7.csv
4028,0,0,0,Reader_1_8.csv
4028,0,0,0,Reader_1_9.csv
4028,1,1,0,Reader_2_1.csv
4028,0,0,0,Reader_2_10.csv
4028,0,0,0,Reader_2_11.csv
4028,1,0,1,Reader_2_12.csv
4028,0,0,0,Reader_2_2.csv
4028,0,0,0,Reader_2_3.csv
4028,0,0,0,Reader_2_4.csv
4028,0,0,0,Reader_2_5.csv
4028,0,0,0,Reader_2_6.csv
4028,0,0,0,Reader_2_7.csv
4028,0,0,0,Reader_2_8.csv
4028,0,0,0,Reader_2_9.csv
4028,8,8,0,reader_3_1.csv
4028,2,2,0,Reader_3_2.csv
4028,2,2,0,Reader_3_3.csv
4028,2,2,0,Reader_3_4.csv
4028,0,0,0,Reader_3_5.csv
4028,0,0,0,Reader_3_6.csv
4028,0,0,0,Reader_3_7.csv
4029,6,6,0,Reader_1_1.csv
4029,1,1,0,Reader_1_10.csv
4029,1,1,0,Reader_1_11.csv
4029,0,0,0,Reader_1_12.csv
4029,3,2,1,Reader_1_2.csv
4029,0,0,0,Reader_1_3.csv
4029,0,0,0,Reader_1_4.csv
4029,0,0,0,Reader_1_5.csv
4029,0,0,0,Reader_1_6.csv
4029,2,1,1,Reader_1_7.csv
4029,0,0,0,Reader_1_8.csv
4029,0,0,0,Reader_1_9.csv
4029,1,1,0,Reader_2_1.csv
4029,0,0,0,Reader_2_10.csv
4029,0,0,0,Reader_2_11.csv
4029,1,0,1,Reader_2_12.csv
4029,0,0,0,Reader_2_2.csv
4029,0,0,0,Reader_2_3.csv
4029,0,0,0,Reader_2_4.csv
4029,0,0,0,Reader_2_5.csv
4029,0,0,0,Reader_2_6.csv
4029,0,0,0,Reader_2_7.csv
4029,0,0,0,Reader_2_8.csv
4029,0,0,0,Reader_2_9.csv
4029,7,7,0,reader_3_1.csv
4029,1,1,0,Reader_3_2.csv
4029,3,3,0,Reader_3_3.csv
4029,3,3,0,Reader_3_4.csv
4029,0,0,0,Reader_3_5.csv
4029,0,0,0,Reader_3_6.csv
4029,0,0,0,Reader_3_7.csv
4030,5,5,0,Reader_1_1.csv
4030,2,2,0,Reader_1_10.csv
4030,1,1,0,Reader_1_11.csv
4030,1,1,0,Reader_1_12.csv
4030,2,1,1,Reader_1_2.csv
4030,0,0,0,Reader_1_3.csv
4030,0,0,0,Reader_1_4.csv
4030,0,0,0,Reader_1_5.csv
4030,0,0,0,Reader_1_6.csv
4030,2,1,1,Reader_1_7.csv
4030,0,0,0,Reader_1_8.csv
4030,0,0,0,Reader_1_9.csv
4030,1,1,0,Reader_2_1.csv
4030,0,0,0,Reader_2_10.csv
4030,0,0,0,Reader_2_11.csv
4030,1,0,1,Reader_2_12.csv
4030,0,0,0,Reader_2_2.csv
4030,0,0,0,Reader_2_3.csv
4030,0,0,0,Reader_2_4.csv
4030,0,0,0,Reader_2_5.csv
4030,0,0,0,Reader_2_6.csv
4030,0,0,0,Reader_2_7.csv
4030,0,0,0,Reader_2_8.csv
4030,0,0,0,Reader_2_9.csv
4030,6,6,0,reader_3_1.csv
4030,2,2,0,Reader_3_2.csv
4030,3,3,0,Reader_3_3.csv
4030,3,3,0,Reader_3_4.csv
4030,0,0,0,Reader_3_5.csv
4030,0,0,0,Reader_3_6.csv
4030,0,0,0,Reader_3_7.csv
4031,5,5,0,Reader_1_1.csv
4031,1,1,0,Reader_1_10.csv
4031,1,1,0,Reader_1_11.csv
4031,1,1,0,Reader_1_12.csv
4031,2,1,1,Reader_1_2.csv
4031,0,0,0,Reader_1_3.csv
4031,0,0,0,Reader_1_4.csv
4031,0,0,0,Reader_1_5.csv
4031,0,0,0,Reader_1_6.csv
4031,1,1,0,Reader_1_7.csv
4031,0,0,0,Reader_1_8.csv
4031,0,0,0,Reader_1_9.csv
4031,1,1,0,Reader_2_1.csv
4031,0,0,0,Reader_2_10.csv
4031,0,0,0,Reader_2_11.csv
4031,1,0,1,Reader_2_12.csv
4031,0,0,0,Reader_2_2.csv
4031,0,0,0,Reader_2_3.csv
4031,0,0,0,Reader_2_4.csv
4031,0,0,0,Reader_2_5.csv
4031,0,0,0,Reader_2_6.csv
4031,0,0,0,Reader_2_7.csv
4031,0,0,0,Reader_2_8.csv
4031,0,0,0,Reader_2_9.csv
4031,6,6,0,reader_3_1.csv
4031,2,2,0,Reader_3_2.csv
4031,3,3,0,Reader_3_3.csv
4031,3,3,0,Reader_3_4.csv
4031,0,0,0,Reader_3_5.csv
4031,0,0,0,Reader_3_6.csv
4031,0,0,0,Reader_3_7.csv
4032,5,5,0,Reader_1_1.csv
4032,1,1,0,Reader_1_10.csv
4032,1,1,0,Reader_1_11.csv
4032,1,1,0,Reader_1_12.csv
4032,2,1,1,Reader_1_2.csv
4032,0,0,0,Reader_1_3.csv
4032,0,0,0,Reader_1_4.csv
4032,0,0,0,Reader_1_5.csv
4032,0,0,0,Reader_1_6.csv
4032,0,0,0,Reader_1_7.csv
4032,0,0,0,Reader_1_8.csv
4032,0,0,0,Reader_1_9.csv
4032,1,1,0,Reader_2_1.csv
4032,0,0,0,Reader_2_10.csv
4032,0,0,0,Reader_2_11.csv
4032,0,0,0,Reader_2_12.csv
4032,0,0,0,Reader_2_2.csv
4032,0,0,0,Reader_2_3.csv
4032,0,0,0,Reader_2_4.csv
4032,0,0,0,Reader_2_5.csv
4032,0,0,0,Reader_2_6.csv
4032,0,0,0,Reader_2_7.csv
4032,0,0,0,Reader_2_8.csv
4032,0,0,0,Reader_2_9.csv
4032,4,4,0,reader_3_1.csv
4032,1,1,0,Reader_3_2.csv
4032,3,3,0,Reader_3_3.csv
4032,3,3,0,Reader_3_4.csv
4032,0,0,0,Reader_3_5.csv
4032,0,0,0,Reader_3_6.csv
4032,0,0,0,Reader_3_7.csv
4033,5,5,0,Reader_1_1.csv
4033,1,1,0,Reader_1_10.csv
4033,1,1,0,Reader_1_11.csv
4033,1,1,0,Reader_1_12.csv
4033,2,1,1,Reader_1_2.csv
4033,0,0,0,Reader_1_3.csv
4033,0,0,0,Reader_1_4.csv
4033,0,0,0,Reader_1_5.csv
4033,0,0,0,Reader_1_6.csv
4033,0,0,0,Reader_1_7.csv
4033,0,0,0,Reader_1_8.csv
4033,0,0,0,Reader_1_9.csv
4033,0,0,0,Reader_2_1.csv
4033,0,0,0,Reader_2_10.csv
4033,0,0,0,Reader_2_11.csv
4033,0,0,0,Reader_2_12.csv
4033,0,0,0,Reader_2_2.csv
4033,0,0,0,Reader_2_3.csv
4033,0,0,0,Reader_2_4.csv
4033,0,0,0,Reader_2_5.csv
4033,0,0,0,Reader_2_6.csv
4033,0,0,0,Reader_2_7.csv
4033,0,0,0,Reader_2_8.csv
4033,0,0,0,Reader_2_9.csv
4033,3,3,0,reader_3_1.csv
4033,1,1,0,Reader_3_2.csv
4033,2,2,0,Reader_3_3.csv
4033,2,2,0,Reader_3_4.csv
4033,0,0,0,Reader_3_5.csv
4033,0,0,0,Reader_3_6.csv
4033,0,0,0,Reader_3_7.csv
4034,4,4,0,Reader_1_1.csv
4034,1,1,0,Reader_1_10.csv
4034,0,0,0,Reader_1_11.csv
4034,1,1,0,Reader_1_12.csv
4034,2,1,1,Reader_1_2.csv
4034,0,0,0,Reader_1_3.csv
4034,0,0,0,Reader_1_4.csv
4034,0,0,0,Reader_1_5.csv
4034,0,0,0,Reader_1_6.csv
4034,0,0,0,Reader_1_7.csv
4034,0,0,0,Reader_1_8.csv
4034,0,0,0,Reader_1_9.csv
4034,1,0,1,Reader_2_1.csv
4034,0,0,0,Reader_2_10.csv
4034,0,0,0,Reader_2_11.csv
4034,0,0,0,Reader_2_12.csv
4034,0,0,0,Reader_2_2.csv
4034,0,0,0,Reader_2_3.csv
4034,0,0,0,Reader_2_4.csv
4034,0,0,0,Reader_2_5.csv
4034,0,0,0,Reader_2_6.csv
4034,0,0,0,Reader_2_7.csv
4034,0,0,0,Reader_2_8.csv
4034,0,0,0,Reader_2_9.csv
4034,3,3,0,reader_3_1.csv
4034,1,1,0,Reader_3_2.csv
4034,2,2,0,Reader_3_3.csv
4034,2,2,0,Reader_3_4.csv
4034,0,0,0,Reader_3_5.csv
4034,0,0,0,Reader_3_6.csv
4034,0,0,0,Reader_3_7.csv
4035,3,3,0,Reader_1_1.csv
4035,1,1,0,Reader_1_10.csv
4035,0,0,0,Reader_1_11.csv
4035,2,2,0,Reader_1_12.csv
4035,2,1,1,Reader_1_2.csv
4035,0,0,0,Reader_1_3.csv
4035,0,0,0,Reader_1_4.csv
4035,0,0,0,Reader_1_5.csv
4035,0,0,0,Reader_1_6.csv
4035,0,0,0,Reader_1_7.csv
4035,0,0,0,Reader_1_8.csv
4035,0,0,0,Reader_1_9.csv
4035,1,0,1,Reader_2_1.csv
4035,1,1,0,Reader_2_10.csv
4035,0,0,0,Reader_2_11.csv
4035,0,0,0,Reader_2_12.csv
4035,0,0,0,Reader_2_2.csv
4035,0,0,0,Reader_2_3.csv
4035,0,0,0,Reader_2_4.csv
4035,0,0,0,Reader_2_5.csv
4035,0,0,0,Reader_2_6.csv
4035,0,0,0,Reader_2_7.csv
4035,0,0,0,Reader_2_8.csv
4035,0,0,0,Reader_2_9.csv
4035,3,3,0,reader_3_1.csv
4035,2,2,0,Reader_3_2.csv
4035,2,2,0,Reader_3_3.csv
4035,2,2,0,Reader_3_4.csv
4035,0,0,0,Reader_3_5.csv
4035,0,0,0,Reader_3_6.csv
4035,0,0,0,Reader_3_7.csv
4036,6,6,0,Reader_1_1.csv
4036,1,1,0,Reader_1_10.csv
4036,0,0,0,Reader_1_11.csv
4036,2,2,0,Reader_1_12.csv
4036,1,1,0,Reader_1_2.csv
4036,0,0,0,Reader_1_3.csv
4036,0,0,0,Reader_1_4.csv
4036,0,0,0,Reader_1_5.csv
4036,0,0,0,Reader_1_6.csv
4036,0,0,0,Reader_1_7.csv
4036,0,0,0,Reader_1_8.csv
4036,0,0,0,Reader_1_9.csv
4036,1,0,1,Reader_2_1.csv
4036,1,1,0,Reader_2_10.csv
4036,0,0,0,Reader_2_11.csv
4036,0,0,0,Reader_2_12.csv
4036,0,0,0,Reader_2_2.csv
4036,0,0,0,Reader_2_3.csv
4036,0,0,0,Reader_2_4.csv
4036,0,0,0,Reader_2_5.csv
4036,0,0,0,Reader_2_6.csv
4036,0,0,0,Reader_2_7.csv
4036,0,0,0,Reader_2_8.csv
4036,0,0,0,Reader_2_9.csv
4036,2,2,0,reader_3_1.csv
4036,2,2,0,Reader_3_2.csv
4036,2,2,0,Reader_3_3.csv
4036,2,2,0,Reader_3_4.csv
4036,0,0,0,Reader_3_5.csv
4036,0,0,0,Reader_3_6.csv
4036,0,0,0,Reader_3_7.csv
4037,8,8,0,Reader_1_1.csv
4037,1,1,0,Reader_1_10.csv
4037,0,0,0,Reader_1_11.csv
4037,2,2,0,Reader_1_12.csv
4037,1,1,0,Reader_1_2.csv
4037,0,0,0,Reader_1_3.csv
4037,0,0,0,Reader_1_4.csv
4037,0,0,0,Reader_1_5.csv
4037,0,0,0,Reader_1_6.csv
4037,0,0,0,Reader_1_7.csv
4037,0,0,0,Reader_1_8.csv
4037,0,0,0,Reader_1_9.csv
4037,1,0,1,Reader_2_1.csv
4037,1,1,0,Reader_2_10.csv
4037,0,0,0,Reader_2_11.csv
4037,0,0,0,Reader_2_12.csv
4037,0,0,0,Reader_2_2.csv
4037,0,0,0,Reader_2_3.csv
4037,0,0,0,Reader_2_4.csv
4037,0,0,0,Reader_2_5.csv
4037,0,0,0,Reader_2_6.csv
4037,0,0,0,Reader_2_7.csv
4037,0,0,0,Reader_2_8.csv
4037,0,0,0,Reader_2_9.csv
4037,2,2,0,reader_3_1.csv
4037,2,2,0,Reader_3_2.csv
4037,1,1,0,Reader_3_3.csv
4037,1,1,0,Reader_3_4.csv
4037,0,0,0,Reader_3_5.csv
4037,0,0,0,Reader_3_6.csv
4037,0,0,0,Reader_3_7.csv
4038,7,7,0,Reader_1_1.csv
4038,0,0,0,Reader_1_10.csv
4038,0,0,0,Reader_1_11.csv
4038,1,1,0,Reader_1_12.csv
4038,1,1,0,Reader_1_2.csv
4038,0,0,0,Reader_1_3.csv
4038,0,0,0,Reader_1_4.csv
4038,0,0,0,Reader_1_5.csv
4038,0,0,0,Reader_1_6.csv
4038,0,0,0,Reader_1_7.csv
4038,0,0,0,Reader_1_8.csv
4038,0,0,0,Reader_1_9.csv
4038,1,0,1,Reader_2_1.csv
4038,1,1,0,Reader_2_10.csv
4038,0,0,0,Reader_2_11.csv
4038,0,0,0,Reader_2_12.csv
4038,0,0,0,Reader_2_2.csv
4038,0,0,0,Reader_2_3.csv
4038,0,0,0,Reader_2_4.csv
4038,0,0,0,Reader_2_5.csv
4038,0,0,0,Reader_2_6.csv
4038,0,0,0,Reader_2_7.csv
4038,0,0,0,Reader_2_8.csv
4038,0,0,0,Reader_2_9.csv
4038,1,1,0,reader_3_1.csv
4038,1,1,0,Reader_3_2.csv
4038,1,1,0,Reader_3_3.csv
4038,1,1,0,Reader_3_4.csv
4038,0,0,0,Reader_3_5.csv
4038,0,0,0,Reader_3_6.csv
4038,0,0,0,Reader_3_7.csv
4039,8,8,0,Reader_1_1.csv
4039,0,0,0,Reader_1_10.csv
4039,0,0,0,Reader_1_11.csv
4039,1,1,0,Reader_1_12.csv
4039,1,1,0,Reader_1_2.csv
4039,1,0,1,Reader_1_3.csv
4039,1,0,1,Reader_1_4.csv
4039,0,0,0,Reader_1_5.csv
4039,0,0,0,Reader_1_6.csv
4039,0,0,0,Reader_1_7.csv
4039,0,0,0,Reader_1_8.csv
4039,0,0,0,Reader_1_9.csv
4039,1,0,1,Reader_2_1.csv
4039,1,1,0,Reader_2_10.csv
4039,0,0,0,Reader_2_11.csv
4039,0,0,0,Reader_2_12.csv
4039,0,0,0,Reader_2_2.csv
4039,0,0,0,Reader_2_3.csv
4039,0,0,0,Reader_2_4.csv
4039,0,0,0,Reader_2_5.csv
4039,0,0,0,Reader_2_6.csv
4039,0,0,0,Reader_2_7.csv
4039,0,0,0,Reader_2_8.csv
4039,0,0,0,Reader_2_9.csv
4039,0,0,0,reader_3_1.csv
4039,2,2,0,Reader_3_2.csv
4039,0,0,0,Reader_3_3.csv
4039,0,0,0,Reader_3_4.csv
4039,0,0,0,Reader_3_5.csv
4039,0,0,0,Reader_3_6.csv
4039,0,0,0,Reader_3_7.csv
4040,7,7,0,Reader_1_1.csv
4040,0,0,0,Reader_1_10.csv
4040,0,0,0,Reader_1_11.csv
4040,1,1,0,Reader_1_12.csv
4040,2,1,1,Reader_1_2.csv
4040,1,0,1,Reader_1_3.csv
4040,1,0,1,Reader_1_4.csv
4040,0,0,0,Reader_1_5.csv
4040,0,0,0,Reader_1_6.csv
4040,0,0,0,Reader_1_7.csv
4040,0,0,0,Reader_1_8.csv
4040,0,0,0,Reader_1_9.csv
4040,1,0,1,Reader_2_1.csv
4040,2,2,0,Reader_2_10.csv
4040,0,0,0,Reader_2_11.csv
4040,0,0,0,Reader_2_12.csv
4040,0,0,0,Reader_2_2.csv
4040,0,0,0,Reader_2_3.csv
4040,0,0,0,Reader_2_4.csv
4040,0,0,0,Reader_2_5.csv
4040,0,0,0,Reader_2_6.csv
4040,0,0,0,Reader_2_7.csv
4040,0,0,0,Reader_2_8.csv
4040,0,0,0,Reader_2_9.csv
4040,0,0,0,reader_3_1.csv
4040,2,2,0,Reader_3_2.csv
4040,0,0,0,Reader_3_3.csv
4040,0,0,0,Reader_3_4.csv
4040,0,0,0,Reader_3_5.csv
4040,0,0,0,Reader_3_6.csv
4040,0,0,0,Reader_3_7.csv
4041,8,8,0,Reader_1_1.csv
4041,1,1,0,Reader_1_10.csv
4041,1,1,0,Reader_1_11.csv
4041,1,1,0,Reader_1_12.csv
4041,2,1,1,Reader_1_2.csv
4041,1,0,1,Reader_1_3.csv
4041,1,0,1,Reader_1_4.csv
4041,0,0,0,Reader_1_5.csv
4041,0,0,0,Reader_1_6.csv
4041,0,0,0,Reader_1_7.csv
4041,0,0,0,Reader_1_8.csv
4041,0,0,0,Reader_1_9.csv
4041,1,0,1,Reader_2_1.csv
4041,2,2,0,Reader_2_10.csv
4041,0,0,0,Reader_2_11.csv
4041,1,1,0,Reader_2_12.csv
4041,0,0,0,Reader_2_2.csv
4041,0,0,0,Reader_2_3.csv
4041,0,0,0,Reader_2_4.csv
4041,0,0,0,Reader_2_5.csv
4041,0,0,0,Reader_2_6.csv
4041,0,0,0,Reader_2_7.csv
4041,0,0,0,Reader_2_8.csv
4041,0,0,0,Reader_2_9.csv
4041,0,0,0,reader_3_1.csv
4041,2,2,0,Reader_3_2.csv
4041,0,0,0,Reader_3_3.csv
4041,0,0,0,Reader_3_4.csv
4041,0,0,0,Reader_3_5.csv
4041,0,0,0,Reader_3_6.csv
4041,1,1,0,Reader_3_7.csv
4042,10,10,0,Reader_1_1.csv
4042,1,1,0,Reader_1_10.csv
4042,1,1,0,Reader_1_11.csv
4042,1,1,0,Reader_1_12.csv
4042,2,1,1,Reader_1_2.csv
4042,1,0,1,Reader_1_3.csv
4042,1,0,1,Reader_1_4.csv
4042,0,0,0,Reader_1_5.csv
4042,1,1,0,Reader_1_6.csv
4042,0,0,0,Reader_1_7.csv
4042,0,0,0,Reader_1_8.csv
4042,0,0,0,Reader_1_9.csv
4042,0,0,0,Reader_2_1.csv
4042,2,2,0,Reader_2_10.csv
4042,0,0,0,Reader_2_11.csv
4042,1,1,0,Reader_2_12.csv
4042,0,0,0,Reader_2_2.csv
4042,0,0,0,Reader_2_3.csv
4042,0,0,0,Reader_2_4.csv
4042,0,0,0,Reader_2_5.csv
4042,0,0,0,Reader_2_6.csv
4042,0,0,0,Reader_2_7.csv
4042,0,0,0,Reader_2_8.csv
4042,0,0,0,Reader_2_9.csv
4042,0,0,0,reader_3_1.csv
4042,2,2,0,Reader_3_2.csv
4042,0,0,0,Reader_3_3.csv
4042,0,0,0,Reader_3_4.csv
4042,0,0,0,Reader_3_5.csv
4042,0,0,0,Reader_3_6.csv
4042,1,1,0,Reader_3_7.csv
4043,10,10,0,Reader_1_1.csv
4043,1,1,0,Reader_1_10.csv
4043,1,1,0,Reader_1_11.csv
4043,0,0,0,Reader_1_12.csv
4043,2,1,1,Reader_1_2.csv
4043,1,0,1,Reader_1_3.csv
4043,1,0,1,Reader_1_4.csv
4043,0,0,0,Reader_1_5.csv
4043,1,1,0,Reader_1_6.csv
4043,0,0,0,Reader_1_7.csv
4043,0,0,0,Reader_1_8.csv
4043,0,0,0,Reader_1_9.csv
4043,1,1,0,Reader_2_1.csv
4043,1,1,0,Reader_2_10.csv
4043,0,0,0,Reader_2_11.csv
4043,1,1,0,Reader_2_12.csv
4043,0,0,0,Reader_2_2.csv
4043,0,0,0,Reader_2_3.csv
4043,0,0,0,Reader_2_4.csv
4043,0,0,0,Reader_2_5.csv
4043,1,1,0,Reader_2_6.csv
4043,0,0,0,Reader_2_7.csv
4043,0,0,0,Reader_2_8.csv
4043,0,0,0,Reader_2_9.csv
4043,0,0,0,reader_3_1.csv
4043,1,1,0,Reader_3_2.csv
4043,0,0,0,Reader_3_3.csv
4043,0,0,0,Reader_3_4.csv
4043,0,0,0,Reader_3_5.csv
4043,0,0,0,Reader_3_6.csv
4043,1,1,0,Reader_3_7.csv
4044,11,10,1,Reader_1_1.csv
4044,1,1,0,Reader_1_10.csv
4044,1,1,0,Reader_1_11.csv
4044,0,0,0,Reader_1_12.csv
4044,2,1,1,Reader_1_2.csv
4044,1,0,1,Reader_1_3.csv
4044,1,0,1,Reader_1_4.csv
4044,0,0,0,Reader_1_5.csv
4044,2,2,0,Reader_1_6.csv
4044,0,0,0,Reader_1_7.csv
4044,0,0,0,Reader_1_8.csv
4044,0,0,0,Reader_1_9.csv
4044,1,1,0,Reader_2_1.csv
4044,2,2,0,Reader_2_10.csv
4044,0,0,0,Reader_2_11.csv
4044,2,1,1,Reader_2_12.csv
4044,0,0,0,Reader_2_2.csv
4044,0,0,0,Reader_2_3.csv
4044,0,0,0,Reader_2_4.csv
4044,0,0,0,Reader_2_5.csv
4044,1,1,0,Reader_2_6.csv
4044,0,0,0,Reader_2_7.csv
4044,0,0,0,Reader_2_8.csv
4044,0,0,0,Reader_2_9.csv
4044,0,0,0,reader_3_1.csv
4044,2,2,0,Reader_3_2.csv
4044,0,0,0,Reader_3_3.csv
4044,0,0,0,Reader_3_4.csv
4044,0,0,0,Reader_3_5.csv
4044,0,0,0,Reader_3_6.csv
4044,1,1,0,Reader_3_7.csv
4045,11,9,2,Reader_1_1.csv
4045,1,1,0,Reader_1_10.csv
4045,1,1,0,Reader_1_11.csv
4045,0,0,0,Reader_1_12.csv
4045,2,1,1,Reader_1_2.csv
4045,2,1,1,Reader_1_3.csv
4045,1,0,1,Reader_1_4.csv
4045,0,0,0,Reader_1_5.csv
4045,2,2,0,Reader_1_6.csv
4045,0,0,0,Reader_1_7.csv
4045,0,0,0,Reader_1_8.csv
4045,0,0,0,Reader_1_9.csv
4045,1,1,0,Reader_2_1.csv
4045,2,2,0,Reader_2_10.csv
4045,0,0,0,Reader_2_11.csv
4045,2,1,1,Reader_2_12.csv
4045,0,0,0,Reader_2_2.csv
4045,0,0,0,Reader_2_3.csv
4045,0,0,0,Reader_2_4.csv
4045,0,0,0,Reader_2_5.csv
4045,1,1,0,Reader_2_6.csv
4045,0,0,0,Reader_2_7.csv
4045,0,0,0,Reader_2_8.csv
4045,0,0,0,Reader_2_9.csv
4045,0,0,0,reader_3_1.csv
4045,2,2,0,Reader_3_2.csv
4045,0,0,0,Reader_3_3.csv
4045,0,0,0,Reader_3_4.csv
4045,0,0,0,Reader_3_5.csv
4045,0,0,0,Reader_3_6.csv
4045,1,1,0,Reader_3_7.csv
4046,14,12,2,Reader_1_1.csv
4046,1,1,0,Reader_1_10.csv
4046,1,1,0,Reader_1_11.csv
4046,0,0,0,Reader_1_12.csv
4046,2,1,1,Reader_1_2.csv
4046,2,1,1,Reader_1_3.csv
4046,1,0,1,Reader_1_4.csv
4046,0,0,0,Reader_1_5.csv
4046,2,2,0,Reader_1_6.csv
4046,0,0,0,Reader_1_7.csv
4046,0,0,0,Reader_1_8.csv
4046,0,0,0,Reader_1_9.csv
4046,1,1,0,Reader_2_1.csv
4046,2,2,0,Reader_2_10.csv
4046,0,0,0,Reader_2_11.csv
4046,2,1,1,Reader_2_12.csv
4046,0,0,0,Reader_2_2.csv
4046,0,0,0,Reader_2_3.csv
4046,0,0,0,Reader_2_4.csv
4046,0,0,0,Reader_2_5.csv
4046,1,1,0,Reader_2_6.csv
4046,0,0,0,Reader_2_7.csv
4046,0,0,0,Reader_2_8.csv
4046,0,0,0,Reader_2_9.csv
4046,1,1,0,reader_3_1.csv
4046,2,2,0,Reader_3_2.csv
4046,0,0,0,Reader_3_3.csv
4046,0,0,0,Reader_3_4.csv
4046,0,0,0,Reader_3_5.csv
4046,0,0,0,Reader_3_6.csv
4046,1,1,0,Reader_3_7.csv
4047,15,13,2,Reader_1_1.csv
4047,2,2,0,Reader_1_10.csv
4047,1,1,0,Reader_1_11.csv
4047,0,0,0,Reader_1_12.csv
4047,1,0,1,Reader_1_2.csv
4047,1,1,0,Reader_1_3.csv
4047,0,0,0,Reader_1_4.csv
4047,0,0,0,Reader_1_5.csv
4047,2,2,0,Reader_1_6.csv
4047,0,0,0,Reader_1_7.csv
4047,0,0,0,Reader_1_8.csv
4047,0,0,0,Reader_1_9.csv
4047,1,1,0,Reader_2_1.csv
4047,2,2,0,Reader_2_10.csv
4047,0,0,0,Reader_2_11.csv
4047,2,1,1,Reader_2_12.csv
4047,0,0,0,Reader_2_2.csv
4047,0,0,0,Reader_2_3.csv
4047,0,0,0,Reader_2_4.csv
4047,0,0,0,Reader_2_5.csv
4047,1,1,0,Reader_2_6.csv
4047,1,1,0,Reader_2_7.csv
4047,0,0,0,Reader_2_8.csv
4047,0,0,0,Reader_2_9.csv
4047,1,1,0,reader_3_1.csv
4047,1,1,0,Reader_3_2.csv
4047,0,0,0,Reader_3_3.csv
4047,0,0,0,Reader_3_4.csv
4047,0,0,0,Reader_3_5.csv
4047,0,0,0,Reader_3_6.csv
4047,2,2,0,Reader_3_7.csv
4048,16,14,2,Reader_1_1.csv
4048,2,2,0,Reader_1_10.csv
4048,1,1,0,Reader_1_11.csv
4048,0,0,0,Reader_1_12.csv
4048,1,1,0,Reader_1_2.csv
4048,1,1,0,Reader_1_3.csv
4048,0,0,0,Reader_1_4.csv
4048,0,0,0,Reader_1_5.csv
4048,2,2,0,Reader_1_6.csv
4048,0,0,0,Reader_1_7.csv
4048,0,0,0,Reader_1_8.csv
4048,0,0,0,Reader_1_9.csv
4048,1,1,0,Reader_2_1.csv
4048,1,1,0,Reader_2_10.csv
4048,0,0,0,Reader_2_11.csv
4048,2,1,1,Reader_2_12.csv
4048,0,0,0,Reader_2_2.csv
4048,0,0,0,Reader_2_3.csv
4048,0,0,0,Reader_2_4.csv
4048,0,0,0,Reader_2_5.csv
4048,1,1,0,Reader_2_6.csv
4048,1,1,0,Reader_2_7.csv
4048,0,0,0,Reader_2_8.csv
4048,0,0,0,Reader_2_9.csv
4048,2,2,0,reader_3_1.csv
4048,1,1,0,Reader_3_2.csv
4048,0,0,0,Reader_3_3.csv
4048,0,0,0,Reader_3_4.csv
4048,0,0,0,Reader_3_5.csv
4048,0,0,0,Reader_3_6.csv
4048,4,4,0,Reader_3_7.csv
4049,16,14,2,Reader_1_1.csv
4049,1,1,0,Reader_1_10.csv
4049,0,0,0,Reader_1_11.csv
4049,0,0,0,Reader_1_12.csv
4049,1,1,0,Reader_1_2.csv
4049,1,1,0,Reader_1_3.csv
4049,0,0,0,Reader_1_4.csv
4049,0,0,0,Reader_1_5.csv
4049,2,2,0,Reader_1_6.csv
4049,0,0,0,Reader_1_7.csv
4049,0,0,0,Reader_1_8.csv
4049,0,0,0,Reader_1_9.csv
4049,1,1,0,Reader_2_1.csv
4049,1,1,0,Reader_2_10.csv
4049,0,0,0,Reader_2_11.csv
4049,1,0,1,Reader_2_12.csv
4049,0,0,0,Reader_2_2.csv
4049,0,0,0,Reader_2_3.csv
4049,0,0,0,Reader_2_4.csv
4049,0,0,0,Reader_2_5.csv
4049,1,1,0,Reader_2_6.csv
4049,1,1,0,Reader_2_7.csv
4049,0,0,0,Reader_2_8.csv
4049,0,0,0,Reader_2_9.csv
4049,3,3,0,reader_3_1.csv
4049,1,1,0,Reader_3_2.csv
4049,0,0,0,Reader_3_3.csv
4049,0,0,0,Reader_3_4.csv
4049,0,0,0,Reader_3_5.csv
4049,0,0,0,Reader_3_6.csv
4049,4,4,0,Reader_3_7.csv
4050,15,13,2,Reader_1_1.csv
4050,1,1,0,Reader_1_10.csv
4050,0,0,0,Reader_1_11.csv
4050,1,1,0,Reader_1_12.csv
4050,1,1,0,Reader_1_2.csv
4050,1,1,0,Reader_1_3.csv
4050,0,0,0,Reader_1_4.csv
4050,0,0,0,Reader_1_5.csv
4050,1,1,0,Reader_1_6.csv
4050,0,0,0,Reader_1_7.csv
4050,0,0,0,Reader_1_8.csv
4050,0,0,0,Reader_1_9.csv
4050,1,1,0,Reader_2_1.csv
4050,1,1,0,Reader_2_10.csv
4050,0,0,0,Reader_2_11.csv
4050,1,0,1,Reader_2_12.csv
4050,0,0,0,Reader_2_2.csv
4050,0,0,0,Reader_2_3.csv
4050,0,0,0,Reader_2_4.csv
4050,0,0,0,Reader_2_5.csv
4050,1,1,0,Reader_2_6.csv
4050,1,1,0,Reader_2_7.csv
4050,0,0,0,Reader_2_8.csv
4050,0,0,0,Reader_2_9.csv
4050,3,3,0,reader_3_1.csv
4050,1,1,0,Reader_3_2.csv
4050,0,0,0,Reader_3_3.csv
4050,0,0,0,Reader_3_4.csv
4050,0,0,0,Reader_3_5.csv
4050,0,0,0,Reader_3_6.csv
4050,5,4,1,Reader_3_7.csv
4051,19,16,3,Reader_1_1.csv
4051,1,1,0,Reader_1_10.csv
4051,0,0,0,Reader_1_11.csv
4051,1,1,0,Reader_1_12.csv
4051,1,1,0,Reader_1_2.csv
4051,1,1,0,Reader_1_3.csv
4051,0,0,0,Reader_1_4.csv
4051,0,0,0,Reader_1_5.csv
4051,1,1,0,Reader_1_6.csv
4051,0,0,0,Reader_1_7.csv
4051,0,0,0,Reader_1_8.csv
4051,1,1,0,Reader_1_9.csv
4051,0,0,0,Reader_2_1.csv
4051,1,1,0,Reader_2_10.csv
4051,0,0,0,Reader_2_11.csv
4051,1,0,1,Reader_2_12.csv
4051,0,0,0,Reader_2_2.csv
4051,0,0,0,Reader_2_3.csv
4051,0,0,0,Reader_2_4.csv
4051,0,0,0,Reader_2_5.csv
4051,0,0,0,Reader_2_6.csv
4051,1,1,0,Reader_2_7.csv
4051,0,0,0,Reader_2_8.csv
4051,0,0,0,Reader_2_9.csv
4051,3,3,0,reader_3_1.csv
4051,2,2,0,Reader_3_2.csv
4051,0,0,0,Reader_3_3.csv
4051,0,0,0,Reader_3_4.csv
4051,0,0,0,Reader_3_5.csv
4051,0,0,0,Reader_3_6.csv
4051,5,4,1,Reader_3_7.csv
4052,15,13,2,Reader_1_1.csv
4052,1,1,0,Reader_1_10.csv
4052,0,0,0,Reader_1_11.csv
4052,1,1,0,Reader_1_12.csv
4052,1,1,0,Reader_1_2.csv
4052,1,1,0,Reader_1_3.csv
4052,0,0,0,Reader_1_4.csv
4052,0,0,0,Reader_1_5.csv
4052,0,0,0,Reader_1_6.csv
4052,1,1,0,Reader_1_7.csv
4052,0,0,0,Reader_1_8.csv
4052,1,1,0,Reader_1_9.csv
4052,0,0,0,Reader_2_1.csv
4052,0,0,0,Reader_2_10.csv
4052,0,0,0,Reader_2_11.csv
4052,0,0,0,Reader_2_12.csv
4052,0,0,0,Reader_2_2.csv
4052,0,0,0,Reader_2_3.csv
4052,0,0,0,Reader_2_4.csv
4052,0,0,0,Reader_2_5.csv
4052,0,0,0,Reader_2_6.csv
4052,1,1,0,Reader_2_7.csv
4052,0,0,0,Reader_2_8.csv
4052,0,0,0,Reader_2_9.csv
4052,4,4,0,reader_3_1.csv
4052,1,1,0,Reader_3_2.csv
4052,0,0,0,Reader_3_3.csv
4052,0,0,0,Reader_3_4.csv
4052,0,0,0,Reader_3_5.csv
4052,0,0,0,Reader_3_6.csv
4052,5,4,1,Reader_3_7.csv
4053,13,12,1,Reader_1_1.csv
4053,1,1,0,Reader_1_10.csv
4053,0,0,0,Reader_1_11.csv
4053,1,1,0,Reader_1_12.csv
4053,1,1,0,Reader_1_2.csv
4053,0,0,0,Reader_1_3.csv
4053,0,0,0,Reader_1_4.csv
4053,0,0,0,Reader_1_5.csv
4053,0,0,0,Reader_1_6.csv
4053,2,2,0,Reader_1_7.csv
4053,0,0,0,Reader_1_8.csv
4053,1,1,0,Reader_1_9.csv
4053,0,0,0,Reader_2_1.csv
4053,0,0,0,Reader_2_10.csv
4053,0,0,0,Reader_2_11.csv
4053,0,0,0,Reader_2_12.csv
4053,0,0,0,Reader_2_2.csv
4053,0,0,0,Reader_2_3.csv
4053,1,1,0,Reader_2_4.csv
4053,0,0,0,Reader_2_5.csv
4053,0,0,0,Reader_2_6.csv
4053,1,1,0,Reader_2_7.csv
4053,0,0,0,Reader_2_8.csv
4053,0,0,0,Reader_2_9.csv
4053,6,5,1,reader_3_1.csv
4053,1,1,0,Reader_3_2.csv
4053,0,0,0,Reader_3_3.csv
4053,0,0,0,Reader_3_4.csv
4053,0,0,0,Reader_3_5.csv
4053,0,0,0,Reader_3_6.csv
4053,5,4,1,Reader_3_7.csv
4054,10,9,1,Reader_1_1.csv
4054,1,1,0,Reader_1_10.csv
4054,0,0,0,Reader_1_11.csv
4054,1,1,0,Reader_1_12.csv
4054,1,1,0,Reader_1_2.csv
4054,0,0,0,Reader_1_3.csv
4054,0,0,0,Reader_1_4.csv
4054,0,0,0,Reader_1_5.csv
4054,1,1,0,Reader_1_6.csv
4054,2,2,0,Reader_1_7.csv
4054,0,0,0,Reader_1_8.csv
4054,1,1,0,Reader_1_9.csv
4054,0,0,0,Reader_2_1.csv
4054,1,1,0,Reader_2_10.csv
4054,0,0,0,Reader_2_11.csv
4054,0,0,0,Reader_2_12.csv
4054,1,1,0,Reader_2_2.csv
4054,0,0,0,Reader_2_3.csv
4054,1,1,0,Reader_2_4.csv
4054,0,0,0,Reader_2_5.csv
4054,0,0,0,Reader_2_6.csv
4054,1,1,0,Reader_2_7.csv
4054,0,0,0,Reader_2_8.csv
4054,0,0,0,Reader_2_9.csv
4054,5,4,1,reader_3_1.csv
4054,1,1,0,Reader_3_2.csv
4054,0,0,0,Reader_3_3.csv
4054,0,0,0,Reader_3_4.csv
4054,0,0,0,Reader_3_5.csv
4054,0,0,0,Reader_3_6.csv
4054,5,4,1,Reader_3_7.csv
4055,10,9,1,Reader_1_1.csv
4055,0,0,0,Reader_1_10.csv
4055,0,0,0,Reader_1_11.csv
4055,1,1,0,Reader_1_12.csv
4055,1,1,0,Reader_1_2.csv
4055,0,0,0,Reader_1_3.csv
4055,0,0,0,Reader_1_4.csv
4055,0,0,0,Reader_1_5.csv
4055,1,1,0,Reader_1_6.csv
4055,3,3,0,Reader_1_7.csv
4055,0,0,0,Reader_1_8.csv
4055,1,1,0,Reader_1_9.csv
4055,0,0,0,Reader_2_1.csv
4055,1,1,0,Reader_2_10.csv
4055,0,0,0,Reader_2_11.csv
4055,0,0,0,Reader_2_12.csv
4055,1,1,0,Reader_2_2.csv
4055,0,0,0,Reader_2_3.csv
4055,1,1,0,Reader_2_4.csv
4055,0,0,0,Reader_2_5.csv
4055,0,0,0,Reader_2_6.csv
4055,1,0,1,Reader_2_7.csv
4055,0,0,0,Reader_2_8.csv
4055,0,0,0,Reader_2_9.csv
4055,5,4,1,reader_3_1.csv
4055,1,1,0,Reader_3_2.csv
4055,0,0,0,Reader_3_3.csv
4055,0,0,0,Reader_3_4.csv
4055,0,0,0,Reader_3_5.csv
4055,0,0,0,Reader_3_6.csv
4055,4,3,1,Reader_3_7.csv
4056,11,10,1,Reader_1_1.csv
4056,0,0,0,Reader_1_10.csv
4056,0,0,0,Reader_1_11.csv
4056,1,1,0,Reader_1_12.csv
4056,0,0,0,Reader_1_2.csv
4056,1,1,0,Reader_1_3.csv
4056,0,0,0,Reader_1_4.csv
4056,0,0,0,Reader_1_5.csv
4056,1,1,0,Reader_1_6.csv
4056,3,3,0,Reader_1_7.csv
4056,0,0,0,Reader_1_8.csv
4056,1,1,0,Reader_1_9.csv
4056,0,0,0,Reader_2_1.csv
4056,1,1,0,Reader_2_10.csv
4056,0,0,0,Reader_2_11.csv
4056,0,0,0,Reader_2_12.csv
4056,1,1,0,Reader_2_2.csv
4056,0,0,0,Reader_2_3.csv
4056,1,1,0,Reader_2_4.csv
4056,0,0,0,Reader_2_5.csv
4056,0,0,0,Reader_2_6.csv
4056,1,0,1,Reader_2_7.csv
4056,0,0,0,Reader_2_8.csv
4056,0,0,0,Reader_2_9.csv
4056,5,4,1,reader_3_1.csv
4056,1,1,0,Reader_3_2.csv
4056,0,0,0,Reader_3_3.csv
4056,0,0,0,Reader_3_4.csv
4056,0,0,0,Reader_3_5.csv
4056,0,0,0,Reader_3_6.csv
4056,2,1,1,Reader_3_7.csv
4057,10,9,1,Reader_1_1.csv
4057,1,1,0,Reader_1_10.csv
4057,0,0,0,Reader_1_11.csv
4057,1,1,0,Reader_1_12.csv
4057,0,0,0,Reader_1_2.csv
4057,1,1,0,Reader_1_3.csv
4057,0,0,0,Reader_1_4.csv
4057,0,0,0,Reader_1_5.csv
4057,1,1,0,Reader_1_6.csv
4057,4,4,0,Reader_1_7.csv
4057,0,0,0,Reader_1_8.csv
4057,2,1,1,Reader_1_9.csv
4057,0,0,0,Reader_2_1.csv
4057,1,1,0,Reader_2_10.csv
4057,0,0,0,Reader_2_11.csv
4057,0,0,0,Reader_2_12.csv
4057,1,1,0,Reader_2_2.csv
4057,0,0,0,Reader_2_3.csv
4057,1,1,0,Reader_2_4.csv
4057,0,0,0,Reader_2_5.csv
4057,0,0,0,Reader_2_6.csv
4057,1,0,1,Reader_2_7.csv
4057,0,0,0,Reader_2_8.csv
4057,0,0,0,Reader_2_9.csv
4057,4,3,1,reader_3_1.csv
4057,1,1,0,Reader_3_2.csv
4057,0,0,0,Reader_3_3.csv
4057,0,0,0,Reader_3_4.csv
4057,0,0,0,Reader_3_5.csv
4057,0,0,0,Reader_3_6.csv
4057,1,0,1,Reader_3_7.csv
4058,10,9,1,Reader_1_1.csv
4058,1,1,0,Reader_1_10.csv
4058,0,0,0,Reader_1_11.csv
4058,1,1,0,Reader_1_12.csv
4058,0,0,0,Reader_1_2.csv
4058,1,1,0,Reader_1_3.csv
4058,0,0,0,Reader_1_4.csv
4058,1,1,0,Reader_1_5.csv
4058,1,1,0,Reader_1_6.csv
4058,5,5,0,Reader_1_7.csv
4058,0,0,0,Reader_1_8.csv
4058,2,1,1,Reader_1_9.csv
4058,0,0,0,Reader_2_1.csv
4058,1,1,0,Reader_2_10.csv
4058,0,0,0,Reader_2_11.csv
4058,0,0,0,Reader_2_12.csv
4058,1,1,0,Reader_2_2.csv
4058,0,0,0,Reader_2_3.csv
4058,1,1,0,Reader_2_4.csv
4058,0,0,0,Reader_2_5.csv
4058,0,0,0,Reader_2_6.csv
4058,1,0,1,Reader_2_7.csv
4058,0,0,0,Reader_2_8.csv
4058,0,0,0,Reader_2_9.csv
4058,5,4,1,reader_3_1.csv
4058,2,2,0,Reader_3_2.csv
4058,0,0,0,Reader_3_3.csv
4058,0,0,0,Reader_3_4.csv
4058,0,0,0,Reader_3_5.csv
4058,0,0,0,Reader_3_6.csv
4058,0,0,0,Reader_3_7.csv
4059,7,6,1,Reader_1_1.csv
4059,2,2,0,Reader_1_10.csv
4059,0,0,0,Reader_1_11.csv
4059,1,1,0,Reader_1_12.csv
4059,0,0,0,Reader_1_2.csv
4059,3,2,1,Reader_1_3.csv
4059,0,0,0,Reader_1_4.csv
4059,1,1,0,Reader_1_5.csv
4059,1,1,0,Reader_1_6.csv
4059,5,5,0,Reader_1_7.csv
4059,0,0,0,Reader_1_8.csv
4059,1,0,1,Reader_1_9.csv
4059,0,0,0,Reader_2_1.csv
4059,1,1,0,Reader_2_10.csv
4059,0,0,0,Reader_2_11.csv
4059,0,0,0,Reader_2_12.csv
4059,1,1,0,Reader_2_2.csv
4059,0,0,0,Reader_2_3.csv
4059,1,1,0,Reader_2_4.csv
4059,0,0,0,Reader_2_5.csv
4059,0,0,0,Reader_2_6.csv
4059,1,0,1,Reader_2_7.csv
4059,0,0,0,Reader_2_8.csv
4059,0,0,0,Reader_2_9.csv
4059,6,5,1,reader_3_1.csv
4059,1,1,0,Reader_3_2.csv
4059,0,0,0,Reader_3_3.csv
4059,0,0,0,Reader_3_4.csv
4059,0,0,0,Reader_3_5.csv
4059,0,0,0,Reader_3_6.csv
4059,0,0,0,Reader_3_7.csv
4060,8,7,1,Reader_1_1.csv
4060,2,2,0,Reader_1_10.csv
4060,0,0,0,Reader_1_11.csv
4060,1,1,0,Reader_1_12.csv
4060,0,0,0,Reader_1_2.csv
4060,3,2,1,Reader_1_3.csv
4060,0,0,0,Reader_1_4.csv
4060,1,1,0,Reader_1_5.csv
4060,1,1,0,Reader_1_6.csv
4060,5,5,0,Reader_1_7.csv
4060,0,0,0,Reader_1_8.csv
4060,1,0,1,Reader_1_9.csv
4060,0,0,0,Reader_2_1.csv
4060,2,2,0,Reader_2_10.csv
4060,0,0,0,Reader_2_11.csv
4060,0,0,0,Reader_2_12.csv
4060,1,1,0,Reader_2_2.csv
4060,0,0,0,Reader_2_3.csv
4060,1,1,0,Reader_2_4.csv
4060,0,0,0,Reader_2_5.csv
4060,0,0,0,Reader_2_6.csv
4060,1,0,1,Reader_2_7.csv
4060,0,0,0,Reader_2_8.csv
4060,0,0,0,Reader_2_9.csv
4060,5,4,1,reader_3_1.csv
4060,2,2,0,Reader_3_2.csv
4060,0,0,0,Reader_3_3.csv
4060,0,0,0,Reader_3_4.csv
4060,0,0,0,Reader_3_5.csv
4060,0,0,0,Reader_3_6.csv
4060,0,0,0,Reader_3_7.csv
4061,16,14,2,Reader_1_1.csv
4061,2,2,0,Reader_1_10.csv
4061,0,0,0,Reader_1_11.csv
4061,1,1,0,Reader_1_12.csv
4061,0,0,0,Reader_1_2.csv
4061,4,3,1,Reader_1_3.csv
4061,0,0,0,Reader_1_4.csv
4061,1,1,0,Reader_1_5.csv
4061,1,1,0,Reader_1_6.csv
4061,5,5,0,Reader_1_7.csv
4061,0,0,0,Reader_1_8.csv
4061,1,0,1,Reader_1_9.csv
4061,0,0,0,Reader_2_1.csv
4061,2,2,0,Reader_2_10.csv
4061,0,0,0,Reader_2_11.csv
4061,0,0,0,Reader_2_12.csv
4061,1,1,0,Reader_2_2.csv
4061,0,0,0,Reader_2_3.csv
4061,0,0,0,Reader_2_4.csv
4061,0,0,0,Reader_2_5.csv
4061,0,0,0,Reader_2_6.csv
4061,1,0,1,Reader_2_7.csv
4061,0,0,0,Reader_2_8.csv
4061,0,0,0,Reader_2_9.csv
4061,3,3,0,reader_3_1.csv
4061,3,2,1,Reader_3_2.csv
4061,0,0,0,Reader_3_3.csv
4061,0,0,0,Reader_3_4.csv
4061,0,0,0,Reader_3_5.csv
4061,0,0,0,Reader_3_6.csv
4061,0,0,0,Reader_3_7.csv
4062,19,16,3,Reader_1_1.csv
4062,3,3,0,Reader_1_10.csv
4062,0,0,0,Reader_1_11.csv
4062,2,2,0,Reader_1_12.csv
4062,0,0,0,Reader_1_2.csv
4062,4,3,1,Reader_1_3.csv
4062,0,0,0,Reader_1_4.csv
4062,1,1,0,Reader_1_5.csv
4062,0,0,0,Reader_1_6.csv
4062,5,5,0,Reader_1_7.csv
4062,0,0,0,Reader_1_8.csv
4062,1,0,1,Reader_1_9.csv
4062,0,0,0,Reader_2_1.csv
4062,1,1,0,Reader_2_10.csv
4062,0,0,0,Reader_2_11.csv
4062,0,0,0,Reader_2_12.csv
4062,0,0,0,Reader_2_2.csv
4062,0,0,0,Reader_2_3.csv
4062,0,0,0,Reader_2_4.csv
4062,0,0,0,Reader_2_5.csv
4062,0,0,0,Reader_2_6.csv
4062,1,0,1,Reader_2_7.csv
4062,0,0,0,Reader_2_8.csv
4062,0,0,0,Reader_2_9.csv
4062,3,3,0,reader_3_1.csv
4062,3,2,1,Reader_3_2.csv
4062,0,0,0,Reader_3_3.csv
4062,0,0,0,Reader_3_4.csv
4062,0,0,0,Reader_3_5.csv
4062,0,0,0,Reader_3_6.csv
4062,0,0,0,Reader_3_7.csv
4063,27,20,7,Reader_1_1.csv
4063,3,3,0,Reader_1_10.csv
4063,0,0,0,Reader_1_11.csv
4063,2,2,0,Reader_1_12.csv
4063,1,1,0,Reader_1_2.csv
4063,5,4,1,Reader_1_3.csv
4063,0,0,0,Reader_1_4.csv
4063,1,1,0,Reader_1_5.csv
4063,0,0,0,Reader_1_6.csv
4063,4,4,0,Reader_1_7.csv
4063,0,0,0,Reader_1_8.csv
4063,2,1,1,Reader_1_9.csv
4063,0,0,0,Reader_2_1.csv
4063,1,1,0,Reader_2_10.csv
4063,0,0,0,Reader_2_11.csv
4063,0,0,0,Reader_2_12.csv
4063,0,0,0,Reader_2_2.csv
4063,0,0,0,Reader_2_3.csv
4063,0,0,0,Reader_2_4.csv
4063,0,0,0,Reader_2_5.csv
4063,0,0,0,Reader_2_6.csv
4063,0,0,0,Reader_2_7.csv
4063,0,0,0,Reader_2_8.csv
4063,0,0,0,Reader_2_9.csv
4063,3,3,0,reader_3_1.csv
4063,3,2,1,Reader_3_2.csv
4063,0,0,0,Reader_3_3.csv
4063,0,0,0,Reader_3_4.csv
4063,0,0,0,Reader_3_5.csv
4063,0,0,0,Reader_3_6.csv
4063,0,0,0,Reader_3_7.csv
4064,39,31,8,Reader_1_1.csv
4064,3,3,0,Reader_1_10.csv
4064,0,0,0,Reader_1_11.csv
4064,2,2,0,Reader_1_12.csv
4064,1,1,0,Reader_1_2.csv
4064,4,3,1,Reader_1_3.csv
4064,0,0,0,Reader_1_4.csv
4064,1,1,0,Reader_1_5.csv
4064,0,0,0,Reader_1_6.csv
4064,4,4,0,Reader_1_7.csv
4064,0,0,0,Reader_1_8.csv
4064,2,1,1,Reader_1_9.csv
4064,0,0,0,Reader_2_1.csv
4064,1,1,0,Reader_2_10.csv
4064,0,0,0,Reader_2_11.csv
4064,0,0,0,Reader_2_12.csv
4064,0,0,0,Reader_2_2.csv
4064,0,0,0,Reader_2_3.csv
4064,0,0,0,Reader_2_4.csv
4064,0,0,0,Reader_2_5.csv
4064,0,0,0,Reader_2_6.csv
4064,0,0,0,Reader_2_7.csv
4064,0,0,0,Reader_2_8.csv
4064,0,0,0,Reader_2_9.csv
4064,3,3,0,reader_3_1.csv
4064,3,2,1,Reader_3_2.csv
4064,0,0,0,Reader_3_3.csv
4064,0,0,0,Reader_3_4.csv
4064,0,0,0,Reader_3_5.csv
4064,0,0,0,Reader_3_6.csv
4064,0,0,0,Reader_3_7.csv
4065,46,36,10,Reader_1_1.csv
4065,4,4,0,Reader_1_10.csv
4065,0,0,0,Reader_1_11.csv
4065,2,2,0,Reader_1_12.csv
4065,1,1,0,Reader_1_2.csv
4065,4,3,1,Reader_1_3.csv
4065,0,0,0,Reader_1_4.csv
4065,1,1,0,Reader_1_5.csv
4065,0,0,0,Reader_1_6.csv
4065,3,3,0,Reader_1_7.csv
4065,0,0,0,Reader_1_8.csv
4065,2,1,1,Reader_1_9.csv
4065,0,0,0,Reader_2_1.csv
4065,1,1,0,Reader_2_10.csv
4065,0,0,0,Reader_2_11.csv
4065,0,0,0,Reader_2_12.csv
4065,0,0,0,Reader_2_2.csv
4065,0,0,0,Reader_2_3.csv
4065,0,0,0,Reader_2_4.csv
4065,0,0,0,Reader_2_5.csv
4065,0,0,0,Reader_2_6.csv
4065,0,0,0,Reader_2_7.csv
4065,0,0,0,Reader_2_8.csv
4065,0,0,0,Reader_2_9.csv
4065,3,3,0,reader_3_1.csv
4065,3,2,1,Reader_3_2.csv
4065,0,0,0,Reader_3_3.csv
4065,0,0,0,Reader_3_4.csv
4065,0,0,0,Reader_3_5.csv
4065,0,0,0,Reader_3_6.csv
4065,0,0,0,Reader_3_7.csv
4066,54,44,10,Reader_1_1.csv
4066,5,5,0,Reader_1_10.csv
4066,0,0,0,Reader_1_11.csv
4066,1,1,0,Reader_1_12.csv
4066,1,1,0,Reader_1_2.csv
4066,4,3,1,Reader_1_3.csv
4066,1,1,0,Reader_1_4.csv
4066,0,0,0,Reader_1_5.csv
4066,0,0,0,Reader_1_6.csv
4066,2,2,0,Reader_1_7.csv
4066,0,0,0,Reader_1_8.csv
4066,3,2,1,Reader_1_9.csv
4066,0,0,0,Reader_2_1.csv
4066,1,1,0,Reader_2_10.csv
4066,0,0,0,Reader_2_11.csv
4066,0,0,0,Reader_2_12.csv
4066,0,0,0,Reader_2_2.csv
4066,0,0,0,Reader_2_3.csv
4066,0,0,0,Reader_2_4.csv
4066,0,0,0,Reader_2_5.csv
4066,0,0,0,Reader_2_6.csv
4066,0,0,0,Reader_2_7.csv
4066,0,0,0,Reader_2_8.csv
4066,0,0,0,Reader_2_9.csv
4066,2,2,0,reader_3_1.csv
4066,2,1,1,Reader_3_2.csv
4066,0,0,0,Reader_3_3.csv
4066,0,0,0,Reader_3_4.csv
4066,0,0,0,Reader_3_5.csv
4066,0,0,0,Reader_3_6.csv
4066,0,0,0,Reader_3_7.csv
4067,59,49,10,Reader_1_1.csv
4067,4,4,0,Reader_1_10.csv
4067,0,0,0,Reader_1_11.csv
4067,1,1,0,Reader_1_12.csv
4067,1,1,0,Reader_1_2.csv
4067,2,2,0,Reader_1_3.csv
4067,1,1,0,Reader_1_4.csv
4067,0,0,0,Reader_1_5.csv
4067,0,0,0,Reader_1_6.csv
4067,2,2,0,Reader_1_7.csv
4067,0,0,0,Reader_1_8.csv
4067,3,2,1,Reader_1_9.csv
4067,0,0,0,Reader_2_1.csv
4067,1,1,0,Reader_2_10.csv
4067,0,0,0,Reader_2_11.csv
4067,0,0,0,Reader_2_12.csv
4067,0,0,0,Reader_2_2.csv
4067,0,0,0,Reader_2_3.csv
4067,0,0,0,Reader_2_4.csv
4067,0,0,0,Reader_2_5.csv
4067,0,0,0,Reader_2_6.csv
4067,0,0,0,Reader_2_7.csv
4067,0,0,0,Reader_2_8.csv
4067,0,0,0,Reader_2_9.csv
4067,1,1,0,reader_3_1.csv
4067,3,2,1,Reader_3_2.csv
4067,0,0,0,Reader_3_3.csv
4067,0,0,0,Reader_3_4.csv
4067,0,0,0,Reader_3_5.csv
4067,0,0,0,Reader_3_6.csv
4067,0,0,0,Reader_3_7.csv
4068,62,51,11,Reader_1_1.csv
4068,4,4,0,Reader_1_10.csv
4068,0,0,0,Reader_1_11.csv
4068,1,1,0,Reader_1_12.csv
4068,1,1,0,Reader_1_2.csv
4068,2,2,0,Reader_1_3.csv
4068,1,1,0,Reader_1_4.csv
4068,0,0,0,Reader_1_5.csv
4068,0,0,0,Reader_1_6.csv
4068,1,1,0,Reader_1_7.csv
4068,0,0,0,Reader_1_8.csv
4068,3,2,1,Reader_1_9.csv
4068,1,1,0,Reader_2_1.csv
4068,0,0,0,Reader_2_10.csv
4068,0,0,0,Reader_2_11.csv
4068,0,0,0,Reader_2_12.csv
4068,0,0,0,Reader_2_2.csv
4068,0,0,0,Reader_2_3.csv
4068,0,0,0,Reader_2_4.csv
4068,0,0,0,Reader_2_5.csv
4068,0,0,0,Reader_2_6.csv
4068,0,0,0,Reader_2_7.csv
4068,0,0,0,Reader_2_8.csv
4068,0,0,0,Reader_2_9.csv
4068,1,1,0,reader_3_1.csv
4068,2,1,1,Reader_3_2.csv
4068,0,0,0,Reader_3_3.csv
4068,0,0,0,Reader_3_4.csv
4068,0,0,0,Reader_3_5.csv
4068,0,0,0,Reader_3_6.csv
4068,0,0,0,Reader_3_7.csv
4069,59,48,11,Reader_1_1.csv
4069,7,5,2,Reader_1_10.csv
4069,0,0,0,Reader_1_11.csv
4069,1,1,0,Reader_1_12.csv
4069,1,1,0,Reader_1_2.csv
4069,1,1,0,Reader_1_3.csv
4069,2,2,0,Reader_1_4.csv
4069,0,0,0,Reader_1_5.csv
4069,0,0,0,Reader_1_6.csv
4069,0,0,0,Reader_1_7.csv
4069,0,0,0,Reader_1_8.csv
4069,3,2,1,Reader_1_9.csv
4069,1,1,0,Reader_2_1.csv
4069,0,0,0,Reader_2_10.csv
4069,0,0,0,Reader_2_11.csv
4069,0,0,0,Reader_2_12.csv
4069,0,0,0,Reader_2_2.csv
4069,1,1,0,Reader_2_3.csv
4069,0,0,0,Reader_2_4.csv
4069,0,0,0,Reader_2_5.csv
4069,0,0,0,Reader_2_6.csv
4069,0,0,0,Reader_2_7.csv
4069,0,0,0,Reader_2_8.csv
4069,0,0,0,Reader_2_9.csv
4069,1,1,0,reader_3_1.csv
4069,1,1,0,Reader_3_2.csv
4069,0,0,0,Reader_3_3.csv
4069,0,0,0,Reader_3_4.csv
4069,0,0,0,Reader_3_5.csv
4069,0,0,0,Reader_3_6.csv
4069,0,0,0,Reader_3_7.csv
4070,58,48,10,Reader_1_1.csv
4070,7,5,2,Reader_1_10.csv
4070,0,0,0,Reader_1_11.csv
4070,0,0,0,Reader_1_12.csv
4070,1,1,0,Reader_1_2.csv
4070,1,1,0,Reader_1_3.csv
4070,3,3,0,Reader_1_4.csv
4070,0,0,0,Reader_1_5.csv
4070,0,0,0,Reader_1_6.csv
4070,0,0,0,Reader_1_7.csv
4070,0,0,0,Reader_1_8.csv
4070,3,2,1,Reader_1_9.csv
4070,1,1,0,Reader_2_1.csv
4070,0,0,0,Reader_2_10.csv
4070,0,0,0,Reader_2_11.csv
4070,0,0,0,Reader_2_12.csv
4070,0,0,0,Reader_2_2.csv
4070,1,1,0,Reader_2_3.csv
4070,0,0,0,Reader_2_4.csv
4070,0,0,0,Reader_2_5.csv
4070,1,1,0,Reader_2_6.csv
4070,0,0,0,Reader_2_7.csv
4070,0,0,0,Reader_2_8.csv
4070,0,0,0,Reader_2_9.csv
4070,1,1,0,reader_3_1.csv
4070,1,1,0,Reader_3_2.csv
4070,0,0,0,Reader_3_3.csv
4070,0,0,0,Reader_3_4.csv
4070,0,0,0,Reader_3_5.csv
4070,0,0,0,Reader_3_6.csv
4070,0,0,0,Reader_3_7.csv
4071,49,43,6,Reader_1_1.csv
4071,7,5,2,Reader_1_10.csv
4071,0,0,0,Reader_1_11.csv
4071,0,0,0,Reader_1_12.csv
4071,0,0,0,Reader_1_2.csv
4071,0,0,0,Reader_1_3.csv
4071,4,3,1,Reader_1_4.csv
4071,0,0,0,Reader_1_5.csv
4071,0,0,0,Reader_1_6.csv
4071,0,0,0,Reader_1_7.csv
4071,0,0,0,Reader_1_8.csv
4071,2,1,1,Reader_1_9.csv
4071,1,1,0,Reader_2_1.csv
4071,0,0,0,Reader_2_10.csv
4071,0,0,0,Reader_2_11.csv
4071,0,0,0,Reader_2_12.csv
4071,0,0,0,Reader_2_2.csv
4071,1,1,0,Reader_2_3.csv
4071,0,0,0,Reader_2_4.csv
4071,0,0,0,Reader_2_5.csv
4071,1,1,0,Reader_2_6.csv
4071,0,0,0,Reader_2_7.csv
4071,0,0,0,Reader_2_8.csv
4071,0,0,0,Reader_2_9.csv
4071,2,2,0,reader_3_1.csv
4071,1,1,0,Reader_3_2.csv
4071,0,0,0,Reader_3_3.csv
4071,0,0,0,Reader_3_4.csv
4071,0,0,0,Reader_3_5.csv
4071,0,0,0,Reader_3_6.csv
4071,0,0,0,Reader_3_7.csv
4072,35,30,5,Reader_1_1.csv
4072,7,5,2,Reader_1_10.csv
4072,0,0,0,Reader_1_11.csv
4072,0,0,0,Reader_1_12.csv
4072,0,0,0,Reader_1_2.csv
4072,1,1,0,Reader_1_3.csv
4072,4,3,1,Reader_1_4.csv
4072,0,0,0,Reader_1_5.csv
4072,0,0,0,Reader_1_6.csv
4072,0,0,0,Reader_1_7.csv
4072,0,0,0,Reader_1_8.csv
4072,2,1,1,Reader_1_9.csv
4072,1,1,0,Reader_2_1.csv
4072,0,0,0,Reader_2_10.csv
4072,0,0,0,Reader_2_11.csv
4072,0,0,0,Reader_2_12.csv
4072,0,0,0,Reader_2_2.csv
4072,1,1,0,Reader_2_3.csv
4072,0,0,0,Reader_2_4.csv
4072,0,0,0,Reader_2_5.csv
4072,2,2,0,Reader_2_6.csv
4072,0,0,0,Reader_2_7.csv
4072,0,0,0,Reader_2_8.csv
4072,0,0,0,Reader_2_9.csv
4072,1,1,0,reader_3_1.csv
4072,1,1,0,Reader_3_2.csv
4072,0,0,0,Reader_3_3.csv
4072,0,0,0,Reader_3_4.csv
4072,0,0,0,Reader_3_5.csv
4072,0,0,0,Reader_3_6.csv
4072,0,0,0,Reader_3_7.csv
4073,28,25,3,Reader_1_1.csv
4073,6,4,2,Reader_1_10.csv
4073,0,0,0,Reader_1_11.csv
4073,0,0,0,Reader_1_12.csv
4073,0,0,0,Reader_1_2.csv
4073,1,1,0,Reader_1_3.csv
4073,4,3,1,Reader_1_4.csv
4073,0,0,0,Reader_1_5.csv
4073,0,0,0,Reader_1_6.csv
4073,0,0,0,Reader_1_7.csv
4073,0,0,0,Reader_1_8.csv
4073,1,1,0,Reader_1_9.csv
4073,1,1,0,Reader_2_1.csv
4073,0,0,0,Reader_2_10.csv
4073,0,0,0,Reader_2_11.csv
4073,0,0,0,Reader_2_12.csv
4073,0,0,0,Reader_2_2.csv
4073,1,1,0,Reader_2_3.csv
4073,0,0,0,Reader_2_4.csv
4073,0,0,0,Reader_2_5.csv
4073,2,2,0,Reader_2_6.csv
4073,0,0,0,Reader_2_7.csv
4073,0,0,0,Reader_2_8.csv
4073,0,0,0,Reader_2_9.csv
4073,1,1,0,reader_3_1.csv
4073,1,1,0,Reader_3_2.csv
4073,0,0,0,Reader_3_3.csv
4073,0,0,0,Reader_3_4.csv
4073,0,0,0,Reader_3_5.csv
4073,0,0,0,Reader_3_6.csv
4073,0,0,0,Reader_3_7.csv
4074,20,17,3,Reader_1_1.csv
4074,5,3,2,Reader_1_10.csv
4074,0,0,0,Reader_1_11.csv
4074,0,0,0,Reader_1_12.csv
4074,0,0,0,Reader_1_2.csv
4074,1,1,0,Reader_1_3.csv
4074,3,2,1,Reader_1_4.csv
4074,0,0,0,Reader_1_5.csv
4074,0,0,0,Reader_1_6.csv
4074,0,0,0,Reader_1_7.csv
4074,0,0,0,Reader_1_8.csv
4074,0,0,0,Reader_1_9.csv
4074,1,1,0,Reader_2_1.csv
4074,0,0,0,Reader_2_10.csv
4074,0,0,0,Reader_2_11.csv
4074,0,0,0,Reader_2_12.csv
4074,0,0,0,Reader_2_2.csv
4074,1,1,0,Reader_2_3.csv
4074,0,0,0,Reader_2_4.csv
4074,0,0,0,Reader_2_5.csv
4074,3,3,0,Reader_2_6.csv
4074,0,0,0,Reader_2_7.csv
4074,0,0,0,Reader_2_8.csv
4074,0,0,0,Reader_2_9.csv
4074,2,1,1,reader_3_1.csv
4074,1,1,0,Reader_3_2.csv
4074,0,0,0,Reader_3_3.csv
4074,0,0,0,Reader_3_4.csv
4074,0,0,0,Reader_3_5.csv
4074,0,0,0,Reader_3_6.csv
4074,0,0,0,Reader_3_7.csv
4075,17,15,2,Reader_1_1.csv
4075,5,3,2,Reader_1_10.csv
4075,0,0,0,Reader_1_11.csv
4075,0,0,0,Reader_1_12.csv
4075,0,0,0,Reader_1_2.csv
4075,1,1,0,Reader_1_3.csv
4075,3,2,1,Reader_1_4.csv
4075,0,0,0,Reader_1_5.csv
4075,0,0,0,Reader_1_6.csv
4075,0,0,0,Reader_1_7.csv
4075,0,0,0,Reader_1_8.csv
4075,0,0,0,Reader_1_9.csv
4075,1,1,0,Reader_2_1.csv
4075,0,0,0,Reader_2_10.csv
4075,0,0,0,Reader_2_11.csv
4075,0,0,0,Reader_2_12.csv
4075,0,0,0,Reader_2_2.csv
4075,1,1,0,Reader_2_3.csv
4075,0,0,0,Reader_2_4.csv
4075,0,0,0,Reader_2_5.csv
4075,3,3,0,Reader_2_6.csv
4075,0,0,0,Reader_2_7.csv
4075,0,0,0,Reader_2_8.csv
4075,0,0,0,Reader_2_9.csv
4075,2,1,1,reader_3_1.csv
4075,1,1,0,Reader_3_2.csv
4075,0,0,0,Reader_3_3.csv
4075,0,0,0,Reader_3_4.csv
4075,0,0,0,Reader_3_5.csv
4075,0,0,0,Reader_3_6.csv
4075,0,0,0,Reader_3_7.csv
4076,15,13,2,Reader_1_1.csv
4076,5,3,2,Reader_1_10.csv
4076,0,0,0,Reader_1_11.csv
4076,0,0,0,Reader_1_12.csv
4076,0,0,0,Reader_1_2.csv
4076,1,1,0,Reader_1_3.csv
4076,3,2,1,Reader_1_4.csv
4076,0,0,0,Reader_1_5.csv
4076,0,0,0,Reader_1_6.csv
4076,1,0,1,Reader_1_7.csv
4076,0,0,0,Reader_1_8.csv
4076,0,0,0,Reader_1_9.csv
4076,0,0,0,Reader_2_1.csv
4076,0,0,0,Reader_2_10.csv
4076,0,0,0,Reader_2_11.csv
4076,0,0,0,Reader_2_12.csv
4076,0,0,0,Reader_2_2.csv
4076,1,1,0,Reader_2_3.csv
4076,0,0,0,Reader_2_4.csv
4076,0,0,0,Reader_2_5.csv
4076,3,3,0,Reader_2_6.csv
4076,0,0,0,Reader_2_7.csv
4076,0,0,0,Reader_2_8.csv
4076,0,0,0,Reader_2_9.csv
4076,2,1,1,reader_3_1.csv
4076,2,2,0,Reader_3_2.csv
4076,0,0,0,Reader_3_3.csv
4076,0,0,0,Reader_3_4.csv
4076,0,0,0,Reader_3_5.csv
4076,0,0,0,Reader_3_6.csv
4076,0,0,0,Reader_3_7.csv
4077,12,11,1,Reader_1_1.csv
4077,3,3,0,Reader_1_10.csv
4077,0,0,0,Reader_1_11.csv
4077,0,0,0,Reader_1_12.csv
4077,0,0,0,Reader_1_2.csv
4077,1,1,0,Reader_1_3.csv
4077,3,2,1,Reader_1_4.csv
4077,0,0,0,Reader_1_5.csv
4077,0,0,0,Reader_1_6.csv
4077,1,0,1,Reader_1_7.csv
4077,0,0,0,Reader_1_8.csv
4077,0,0,0,Reader_1_9.csv
4077,0,0,0,Reader_2_1.csv
4077,0,0,0,Reader_2_10.csv
4077,0,0,0,Reader_2_11.csv
4077,0,0,0,Reader_2_12.csv
4077,0,0,0,Reader_2_2.csv
4077,1,1,0,Reader_2_3.csv
4077,0,0,0,Reader_2_4.csv
4077,0,0,0,Reader_2_5.csv
4077,3,3,0,Reader_2_6.csv
4077,0,0,0,Reader_2_7.csv
4077,1,1,0,Reader_2_8.csv
4077,0,0,0,Reader_2_9.csv
4077,2,1,1,reader_3_1.csv
4077,3,3,0,Reader_3_2.csv
4077,0,0,0,Reader_3_3.csv
4077,0,0,0,Reader_3_4.csv
4077,0,0,0,Reader_3_5.csv
4077,0,0,0,Reader_3_6.csv
4077,0,0,0,Reader_3_7.csv
4078,11,10,1,Reader_1_1.csv
4078,2,2,0,Reader_1_10.csv
4078,0,0,0,Reader_1_11.csv
4078,0,0,0,Reader_1_12.csv
4078,0,0,0,Reader_1_2.csv
4078,1,1,0,Reader_1_3.csv
4078,2,1,1,Reader_1_4.csv
4078,0,0,0,Reader_1_5.csv
4078,0,0,0,Reader_1_6.csv
4078,1,0,1,Reader_1_7.csv
4078,0,0,0,Reader_1_8.csv
4078,0,0,0,Reader_1_9.csv
4078,0,0,0,Reader_2_1.csv
4078,0,0,0,Reader_2_10.csv
4078,0,0,0,Reader_2_11.csv
4078,0,0,0,Reader_2_12.csv
4078,0,0,0,Reader_2_2.csv
4078,1,1,0,Reader_2_3.csv
4078,0,0,0,Reader_2_4.csv
4078,0,0,0,Reader_2_5.csv
4078,2,2,0,Reader_2_6.csv
4078,0,0,0,Reader_2_7.csv
4078,1,1,0,Reader_2_8.csv
4078,0,0,0,Reader_2_9.csv
4078,2,1,1,reader_3_1.csv
4078,4,4,0,Reader_3_2.csv
4078,0,0,0,Reader_3_3.csv
4078,0,0,0,Reader_3_4.csv
4078,0,0,0,Reader_3_5.csv
4078,0,0,0,Reader_3_6.csv
4078,0,0,0,Reader_3_7.csv
4079,11,10,1,Reader_1_1.csv
4079,3,3,0,Reader_1_10.csv
4079,0,0,0,Reader_1_11.csv
4079,0,0,0,Reader_1_12.csv
4079,0,0,0,Reader_1_2.csv
4079,2,2,0,Reader_1_3.csv
4079,1,1,0,Reader_1_4.csv
4079,0,0,0,Reader_1_5.csv
4079,0,0,0,Reader_1_6.csv
4079,1,0,1,Reader_1_7.csv
4079,0,0,0,Reader_1_8.csv
4079,0,0,0,Reader_1_9.csv
4079,0,0,0,Reader_2_1.csv
4079,0,0,0,Reader_2_10.csv
4079,0,0,0,Reader_2_11.csv
4079,0,0,0,Reader_2_12.csv
4079,0,0,0,Reader_2_2.csv
4079,1,1,0,Reader_2_3.csv
4079,0,0,0,Reader_2_4.csv
4079,0,0,0,Reader_2_5.csv
4079,2,2,0,Reader_2_6.csv
4079,1,1,0,Reader_2_7.csv
4079,1,1,0,Reader_2_8.csv
4079,0,0,0,Reader_2_9.csv
4079,2,1,1,reader_3_1.csv
4079,5,5,0,Reader_3_2.csv
4079,0,0,0,Reader_3_3.csv
4079,0,0,0,Reader_3_4.csv
4079,0,0,0,Reader_3_5.csv
4079,0,0,0,Reader_3_6.csv
4079,0,0,0,Reader_3_7.csv
4080,12,11,1,Reader_1_1.csv
4080,3,3,0,Reader_1_10.csv
4080,0,0,0,Reader_1_11.csv
4080,0,0,0,Reader_1_12.csv
4080,0,0,0,Reader_1_2.csv
4080,1,1,0,Reader_1_3.csv
4080,1,1,0,Reader_1_4.csv
4080,0,0,0,Reader_1_5.csv
4080,0,0,0,Reader_1_6.csv
4080,1,0,1,Reader_1_7.csv
4080,0,0,0,Reader_1_8.csv
4080,1,1,0,Reader_1_9.csv
4080,0,0,0,Reader_2_1.csv
4080,0,0,0,Reader_2_10.csv
4080,0,0,0,Reader_2_11.csv
4080,1,0,1,Reader_2_12.csv
4080,0,0,0,Reader_2_2.csv
4080,1,1,0,Reader_2_3.csv
4080,0,0,0,Reader_2_4.csv
4080,0,0,0,Reader_2_5.csv
4080,1,1,0,Reader_2_6.csv
4080,1,1,0,Reader_2_7.csv
4080,1,1,0,Reader_2_8.csv
4080,0,0,0,Reader_2_9.csv
4080,2,1,1,reader_3_1.csv
4080,6,6,0,Reader_3_2.csv
4080,0,0,0,Reader_3_3.csv
4080,0,0,0,Reader_3_4.csv
4080,0,0,0,Reader_3_5.csv
4080,0,0,0,Reader_3_6.csv
4080,0,0,0,Reader_3_7.csv
4081,11,10,1,Reader_1_1.csv
4081,3,3,0,Reader_1_10.csv
4081,0,0,0,Reader_1_11.csv
4081,0,0,0,Reader_1_12.csv
4081,0,0,0,Reader_1_2.csv
4081,1,1,0,Reader_1_3.csv
4081,2,2,0,Reader_1_4.csv
4081,0,0,0,Reader_1_5.csv
4081,0,0,0,Reader_1_6.csv
4081,1,0,1,Reader_1_7.csv
4081,0,0,0,Reader_1_8.csv
4081,1,1,0,Reader_1_9.csv
4081,0,0,0,Reader_2_1.csv
4081,0,0,0,Reader_2_10.csv
4081,0,0,0,Reader_2_11.csv
4081,1,0,1,Reader_2_12.csv
4081,0,0,0,Reader_2_2.csv
4081,1,1,0,Reader_2_3.csv
4081,0,0,0,Reader_2_4.csv
4081,0,0,0,Reader_2_5.csv
4081,1,1,0,Reader_2_6.csv
4081,1,1,0,Reader_2_7.csv
4081,1,1,0,Reader_2_8.csv
4081,0,0,0,Reader_2_9.csv
4081,3,2,1,reader_3_1.csv
4081,9,9,0,Reader_3_2.csv
4081,0,0,0,Reader_3_3.csv
4081,0,0,0,Reader_3_4.csv
4081,0,0,0,Reader_3_5.csv
4081,0,0,0,Reader_3_6.csv
4081,0,0,0,Reader_3_7.csv
4082,12,11,1,Reader_1_1.csv
4082,3,3,0,Reader_1_10.csv
4082,0,0,0,Reader_1_11.csv
4082,0,0,0,Reader_1_12.csv
4082,0,0,0,Reader_1_2.csv
4082,1,1,0,Reader_1_3.csv
4082,3,3,0,Reader_1_4.csv
4082,0,0,0,Reader_1_5.csv
4082,0,0,0,Reader_1_6.csv
4082,1,0,1,Reader_1_7.csv
4082,0,0,0,Reader_1_8.csv
4082,1,1,0,Reader_1_9.csv
4082,0,0,0,Reader_2_1.csv
4082,0,0,0,Reader_2_10.csv
4082,0,0,0,Reader_2_11.csv
4082,1,0,1,Reader_2_12.csv
4082,0,0,0,Reader_2_2.csv
4082,1,1,0,Reader_2_3.csv
4082,0,0,0,Reader_2_4.csv
4082,0,0,0,Reader_2_5.csv
4082,0,0,0,Reader_2_6.csv
4082,1,1,0,Reader_2_7.csv
4082,1,1,0,Reader_2_8.csv
4082,0,0,0,Reader_2_9.csv
4082,2,2,0,reader_3_1.csv
4082,10,10,0,Reader_3_2.csv
4082,0,0,0,Reader_3_3.csv
4082,0,0,0,Reader_3_4.csv
4082,0,0,0,Reader_3_5.csv
4082,0,0,0,Reader_3_6.csv
4082,0,0,0,Reader_3_7.csv
4083,12,10,2,Reader_1_1.csv
4083,3,3,0,Reader_1_10.csv
4083,0,0,0,Reader_1_11.csv
4083,0,0,0,Reader_1_12.csv
4083,0,0,0,Reader_1_2.csv
4083,1,1,0,Reader_1_3.csv
4083,3,3,0,Reader_1_4.csv
4083,0,0,0,Reader_1_5.csv
4083,0,0,0,Reader_1_6.csv
4083,1,0,1,Reader_1_7.csv
4083,0,0,0,Reader_1_8.csv
4083,2,2,0,Reader_1_9.csv
4083,0,0,0,Reader_2_1.csv
4083,0,0,0,Reader_2_10.csv
4083,0,0,0,Reader_2_11.csv
4083,1,0,1,Reader_2_12.csv
4083,0,0,0,Reader_2_2.csv
4083,1,1,0,Reader_2_3.csv
4083,0,0,0,Reader_2_4.csv
4083,0,0,0,Reader_2_5.csv
4083,0,0,0,Reader_2_6.csv
4083,1,1,0,Reader_2_7.csv
4083,1,1,0,Reader_2_8.csv
4083,0,0,0,Reader_2_9.csv
4083,3,3,0,reader_3_1.csv
4083,11,10,1,Reader_3_2.csv
4083,0,0,0,Reader_3_3.csv
4083,0,0,0,Reader_3_4.csv
4083,0,0,0,Reader_3_5.csv
4083,0,0,0,Reader_3_6.csv
4083,0,0,0,Reader_3_7.csv
4084,10,9,1,Reader_1_1.csv
4084,3,3,0,Reader_1_10.csv
4084,0,0,0,Reader_1_11.csv
4084,1,1,0,Reader_1_12.csv
4084,0,0,0,Reader_1_2.csv
4084,1,1,0,Reader_1_3.csv
4084,3,3,0,Reader_1_4.csv
4084,0,0,0,Reader_1_5.csv
4084,0,0,0,Reader_1_6.csv
4084,0,0,0,Reader_1_7.csv
4084,0,0,0,Reader_1_8.csv
4084,2,2,0,Reader_1_9.csv
4084,0,0,0,Reader_2_1.csv
4084,0,0,0,Reader_2_10.csv
4084,0,0,0,Reader_2_11.csv
4084,1,0,1,Reader_2_12.csv
4084,0,0,0,Reader_2_2.csv
4084,1,1,0,Reader_2_3.csv
4084,0,0,0,Reader_2_4.csv
4084,0,0,0,Reader_2_5.csv
4084,0,0,0,Reader_2_6.csv
4084,1,1,0,Reader_2_7.csv
4084,1,1,0,Reader_2_8.csv
4084,0,0,0,Reader_2_9.csv
4084,3,3,0,reader_3_1.csv
4084,11,10,1,Reader_3_2.csv
4084,0,0,0,Reader_3_3.csv
4084,0,0,0,Reader_3_4.csv
4084,0,0,0,Reader_3_5.csv
4084,0,0,0,Reader_3_6.csv
4084,0,0,0,Reader_3_7.csv
4085,11,9,2,Reader_1_1.csv
4085,2,2,0,Reader_1_10.csv
4085,0,0,0,Reader_1_11.csv
4085,1,1,0,Reader_1_12.csv
4085,0,0,0,Reader_1_2.csv
4085,3,3,0,Reader_1_3.csv
4085,2,2,0,Reader_1_4.csv
4085,0,0,0,Reader_1_5.csv
4085,0,0,0,Reader_1_6.csv
4085,0,0,0,Reader_1_7.csv
4085,0,0,0,Reader_1_8.csv
4085,2,2,0,Reader_1_9.csv
4085,0,0,0,Reader_2_1.csv
4085,0,0,0,Reader_2_10.csv
4085,0,0,0,Reader_2_11.csv
4085,1,0,1,Reader_2_12.csv
4085,0,0,0,Reader_2_2.csv
4085,0,0,0,Reader_2_3.csv
4085,0,0,0,Reader_2_4.csv
4085,0,0,0,Reader_2_5.csv
4085,3,3,0,Reader_2_6.csv
4085,1,1,0,Reader_2_7.csv
4085,0,0,0,Reader_2_8.csv
4085,0,0,0,Reader_2_9.csv
4085,5,5,0,reader_3_1.csv
4085,10,9,1,Reader_3_2.csv
4085,0,0,0,Reader_3_3.csv
4085,0,0,0,Reader_3_4.csv
4085,0,0,0,Reader_3_5.csv
4085,0,0,0,Reader_3_6.csv
4085,0,0,0,Reader_3_7.csv
4086,11,9,2,Reader_1_1.csv
4086,2,2,0,Reader_1_10.csv
4086,0,0,0,Reader_1_11.csv
4086,1,1,0,Reader_1_12.csv
4086,0,0,0,Reader_1_2.csv
4086,3,3,0,Reader_1_3.csv
4086,2,2,0,Reader_1_4.csv
4086,0,0,0,Reader_1_5.csv
4086,0,0,0,Reader_1_6.csv
4086,0,0,0,Reader_1_7.csv
4086,0,0,0,Reader_1_8.csv
4086,2,2,0,Reader_1_9.csv
4086,0,0,0,Reader_2_1.csv
4086,0,0,0,Reader_2_10.csv
4086,0,0,0,Reader_2_11.csv
4086,1,0,1,Reader_2_12.csv
4086,0,0,0,Reader_2_2.csv
4086,0,0,0,Reader_2_3.csv
4086,0,0,0,Reader_2_4.csv
4086,0,0,0,Reader_2_5.csv
4086,3,3,0,Reader_2_6.csv
4086,1,1,0,Reader_2_7.csv
4086,0,0,0,Reader_2_8.csv
4086,0,0,0,Reader_2_9.csv
4086,6,6,0,reader_3_1.csv
4086,9,8,1,Reader_3_2.csv
4086,0,0,0,Reader_3_3.csv
4086,0,0,0,Reader_3_4.csv
4086,0,0,0,Reader_3_5.csv
4086,0,0,0,Reader_3_6.csv
4086,0,0,0,Reader_3_7.csv
4087,11,9,2,Reader_1_1.csv
4087,3,2,1,Reader_1_10.csv
4087,0,0,0,Reader_1_11.csv
4087,1,1,0,Reader_1_12.csv
4087,0,0,0,Reader_1_2.csv
4087,2,2,0,Reader_1_3.csv
4087,2,2,0,Reader_1_4.csv
4087,0,0,0,Reader_1_5.csv
4087,0,0,0,Reader_1_6.csv
4087,0,0,0,Reader_1_7.csv
4087,0,0,0,Reader_1_8.csv
4087,2,2,0,Reader_1_9.csv
4087,0,0,0,Reader_2_1.csv
4087,0,0,0,Reader_2_10.csv
4087,0,0,0,Reader_2_11.csv
4087,1,0,1,Reader_2_12.csv
4087,0,0,0,Reader_2_2.csv
4087,0,0,0,Reader_2_3.csv
4087,0,0,0,Reader_2_4.csv
4087,0,0,0,Reader_2_5.csv
4087,3,3,0,Reader_2_6.csv
4087,0,0,0,Reader_2_7.csv
4087,0,0,0,Reader_2_8.csv
4087,0,0,0,Reader_2_9.csv
4087,10,9,1,reader_3_1.csv
4087,10,8,2,Reader_3_2.csv
4087,0,0,0,Reader_3_3.csv
4087,0,0,0,Reader_3_4.csv
4087,0,0,0,Reader_3_5.csv
4087,0,0,0,Reader_3_6.csv
4087,0,0,0,Reader_3_7.csv
4088,11,9,2,Reader_1_1.csv
4088,3,2,1,Reader_1_10.csv
4088,0,0,0,Reader_1_11.csv
4088,1,1,0,Reader_1_12.csv
4088,0,0,0,Reader_1_2.csv
4088,2,2,0,Reader_1_3.csv
4088,2,2,0,Reader_1_4.csv
4088,0,0,0,Reader_1_5.csv
4088,0,0,0,Reader_1_6.csv
4088,0,0,0,Reader_1_7.csv
4088,0,0,0,Reader_1_8.csv
4088,1,1,0,Reader_1_9.csv
4088,1,1,0,Reader_2_1.csv
4088,0,0,0,Reader_2_10.csv
4088,0,0,0,Reader_2_11.csv
4088,0,0,0,Reader_2_12.csv
4088,0,0,0,Reader_2_2.csv
4088,0,0,0,Reader_2_3.csv
4088,0,0,0,Reader_2_4.csv
4088,0,0,0,Reader_2_5.csv
4088,3,3,0,Reader_2_6.csv
4088,0,0,0,Reader_2_7.csv
4088,0,0,0,Reader_2_8.csv
4088,0,0,0,Reader_2_9.csv
4088,10,9,1,reader_3_1.csv
4088,11,9,2,Reader_3_2.csv
4088,0,0,0,Reader_3_3.csv
4088,0,0,0,Reader_3_4.csv
4088,0,0,0,Reader_3_5.csv
4088,0,0,0,Reader_3_6.csv
4088,0,0,0,Reader_3_7.csv
4089,12,10,2,Reader_1_1.csv
4089,2,1,1,Reader_1_10.csv
4089,0,0,0,Reader_1_11.csv
4089,1,1,0,Reader_1_12.csv
4089,0,0,0,Reader_1_2.csv
4089,2,2,0,Reader_1_3.csv
4089,1,1,0,Reader_1_4.csv
4089,0,0,0,Reader_1_5.csv
4089,0,0,0,Reader_1_6.csv
4089,0,0,0,Reader_1_7.csv
4089,0,0,0,Reader_1_8.csv
4089,1,1,0,Reader_1_9.csv
4089,1,1,0,Reader_2_1.csv
4089,0,0,0,Reader_2_10.csv
4089,0,0,0,Reader_2_11.csv
4089,0,0,0,Reader_2_12.csv
4089,0,0,0,Reader_2_2.csv
4089,0,0,0,Reader_2_3.csv
4089,0,0,0,Reader_2_4.csv
4089,0,0,0,Reader_2_5.csv
4089,3,3,0,Reader_2_6.csv
4089,0,0,0,Reader_2_7.csv
4089,0,0,0,Reader_2_8.csv
4089,0,0,0,Reader_2_9.csv
4089,10,8,2,reader_3_1.csv
4089,11,8,3,Reader_3_2.csv
4089,0,0,0,Reader_3_3.csv
4089,0,0,0,Reader_3_4.csv
4089,0,0,0,Reader_3_5.csv
4089,0,0,0,Reader_3_6.csv
4089,0,0,0,Reader_3_7.csv
4090,11,9,2,Reader_1_1.csv
4090,2,1,1,Reader_1_10.csv
4090,0,0,0,Reader_1_11.csv
4090,1,1,0,Reader_1_12.csv
4090,0,0,0,Reader_1_2.csv
4090,3,3,0,Reader_1_3.csv
4090,0,0,0,Reader_1_4.csv
4090,0,0,0,Reader_1_5.csv
4090,0,0,0,Reader_1_6.csv
4090,0,0,0,Reader_1_7.csv
4090,0,0,0,Reader_1_8.csv
4090,1,1,0,Reader_1_9.csv
4090,1,1,0,Reader_2_1.csv
4090,0,0,0,Reader_2_10.csv
4090,0,0,0,Reader_2_11.csv
4090,0,0,0,Reader_2_12.csv
4090,0,0,0,Reader_2_2.csv
4090,0,0,0,Reader_2_3.csv
4090,0,0,0,Reader_2_4.csv
4090,0,0,0,Reader_2_5.csv
4090,3,3,0,Reader_2_6.csv
4090,0,0,0,Reader_2_7.csv
4090,0,0,0,Reader_2_8.csv
4090,0,0,0,Reader_2_9.csv
4090,10,8,2,reader_3_1.csv
4090,10,7,3,Reader_3_2.csv
4090,0,0,0,Reader_3_3.csv
4090,0,0,0,Reader_3_4.csv
4090,0,0,0,Reader_3_5.csv
4090,0,0,0,Reader_3_6.csv
4090,0,0,0,Reader_3_7.csv
4091,9,8,1,Reader_1_1.csv
4091,2,1,1,Reader_1_10.csv
4091,0,0,0,Reader_1_11.csv
4091,1,1,0,Reader_1_12.csv
4091,0,0,0,Reader_1_2.csv
4091,3,3,0,Reader_1_3.csv
4091,0,0,0,Reader_1_4.csv
4091,0,0,0,Reader_1_5.csv
4091,0,0,0,Reader_1_6.csv
4091,0,0,0,Reader_1_7.csv
4091,0,0,0,Reader_1_8.csv
4091,0,0,0,Reader_1_9.csv
4091,1,1,0,Reader_2_1.csv
4091,0,0,0,Reader_2_10.csv
4091,0,0,0,Reader_2_11.csv
4091,0,0,0,Reader_2_12.csv
4091,0,0,0,Reader_2_2.csv
4091,0,0,0,Reader_2_3.csv
4091,0,0,0,Reader_2_4.csv
4091,0,0,0,Reader_2_5.csv
4091,3,3,0,Reader_2_6.csv
4091,0,0,0,Reader_2_7.csv
4091,0,0,0,Reader_2_8.csv
4091,0,0,0,Reader_2_9.csv
4091,11,8,3,reader_3_1.csv
4091,8,6,2,Reader_3_2.csv
4091,0,0,0,Reader_3_3.csv
4091,0,0,0,Reader_3_4.csv
4091,0,0,0,Reader_3_5.csv
4091,0,0,0,Reader_3_6.csv
4091,0,0,0,Reader_3_7.csv
4092,11,10,1,Reader_1_1.csv
4092,2,1,1,Reader_1_10.csv
4092,0,0,0,Reader_1_11.csv
4092,0,0,0,Reader_1_12.csv
4092,0,0,0,Reader_1_2.csv
4092,3,3,0,Reader_1_3.csv
4092,0,0,0,Reader_1_4.csv
4092,0,0,0,Reader_1_5.csv
4092,0,0,0,Reader_1_6.csv
4092,0,0,0,Reader_1_7.csv
4092,0,0,0,Reader_1_8.csv
4092,0,0,0,Reader_1_9.csv
4092,1,1,0,Reader_2_1.csv
4092,1,1,0,Reader_2_10.csv
4092,0,0,0,Reader_2_11.csv
4092,1,0,1,Reader_2_12.csv
4092,0,0,0,Reader_2_2.csv
4092,0,0,0,Reader_2_3.csv
4092,0,0,0,Reader_2_4.csv
4092,0,0,0,Reader_2_5.csv
4092,3,3,0,Reader_2_6.csv
4092,0,0,0,Reader_2_7.csv
4092,0,0,0,Reader_2_8.csv
4092,0,0,0,Reader_2_9.csv
4092,13,10,3,reader_3_1.csv
4092,7,5,2,Reader_3_2.csv
4092,0,0,0,Reader_3_3.csv
4092,0,0,0,Reader_3_4.csv
4092,0,0,0,Reader_3_5.csv
4092,0,0,0,Reader_3_6.csv
4092,0,0,0,Reader_3_7.csv
4093,9,9,0,Reader_1_1.csv
4093,3,2,1,Reader_1_10.csv
4093,0,0,0,Reader_1_11.csv
4093,0,0,0,Reader_1_12.csv
4093,1,1,0,Reader_1_2.csv
4093,1,1,0,Reader_1_3.csv
4093,1,1,0,Reader_1_4.csv
4093,0,0,0,Reader_1_5.csv
4093,0,0,0,Reader_1_6.csv
4093,0,0,0,Reader_1_7.csv
4093,0,0,0,Reader_1_8.csv
4093,0,0,0,Reader_1_9.csv
4093,1,1,0,Reader_2_1.csv
4093,1,1,0,Reader_2_10.csv
4093,0,0,0,Reader_2_11.csv
4093,1,0,1,Reader_2_12.csv
4093,0,0,0,Reader_2_2.csv
4093,0,0,0,Reader_2_3.csv
4093,0,0,0,Reader_2_4.csv
4093,0,0,0,Reader_2_5.csv
4093,1,1,0,Reader_2_6.csv
4093,0,0,0,Reader_2_7.csv
4093,0,0,0,Reader_2_8.csv
4093,0,0,0,Reader_2_9.csv
4093,12,9,3,reader_3_1.csv
4093,7,5,2,Reader_3_2.csv
4093,0,0,0,Reader_3_3.csv
4093,0,0,0,Reader_3_4.csv
4093,0,0,0,Reader_3_5.csv
4093,0,0,0,Reader_3_6.csv
4093,0,0,0,Reader_3_7.csv
4094,8,8,0,Reader_1_1.csv
4094,3,2,1,Reader_1_10.csv
4094,0,0,0,Reader_1_11.csv
4094,0,0,0,Reader_1_12.csv
4094,1,1,0,Reader_1_2.csv
4094,1,1,0,Reader_1_3.csv
4094,1,1,0,Reader_1_4.csv
4094,0,0,0,Reader_1_5.csv
4094,0,0,0,Reader_1_6.csv
4094,0,0,0,Reader_1_7.csv
4094,0,0,0,Reader_1_8.csv
4094,0,0,0,Reader_1_9.csv
4094,1,1,0,Reader_2_1.csv
4094,1,1,0,Reader_2_10.csv
4094,0,0,0,Reader_2_11.csv
4094,2,1,1,Reader_2_12.csv
4094,0,0,0,Reader_2_2.csv
4094,0,0,0,Reader_2_3.csv
4094,0,0,0,Reader_2_4.csv
4094,0,0,0,Reader_2_5.csv
4094,2,2,0,Reader_2_6.csv
4094,0,0,0,Reader_2_7.csv
4094,0,0,0,Reader_2_8.csv
4094,0,0,0,Reader_2_9.csv
4094,15,12,3,reader_3_1.csv
4094,9,5,4,Reader_3_2.csv
4094,0,0,0,Reader_3_3.csv
4094,0,0,0,Reader_3_4.csv
4094,0,0,0,Reader_3_5.csv
4094,0,0,0,Reader_3_6.csv
4094,0,0,0,Reader_3_7.csv
4095,7,7,0,Reader_1_1.csv
4095,1,1,0,Reader_1_10.csv
4095,0,0,0,Reader_1_11.csv
4095,0,0,0,Reader_1_12.csv
4095,2,2,0,Reader_1_2.csv
4095,1,1,0,Reader_1_3.csv
4095,1,1,0,Reader_1_4.csv
4095,0,0,0,Reader_1_5.csv
4095,0,0,0,Reader_1_6.csv
4095,0,0,0,Reader_1_7.csv
4095,0,0,0,Reader_1_8.csv
4095,0,0,0,Reader_1_9.csv
4095,1,1,0,Reader_2_1.csv
4095,1,1,0,Reader_2_10.csv
4095,0,0,0,Reader_2_11.csv
4095,2,1,1,Reader_2_12.csv
4095,0,0,0,Reader_2_2.csv
4095,0,0,0,Reader_2_3.csv
4095,0,0,0,Reader_2_4.csv
4095,0,0,0,Reader_2_5.csv
4095,2,2,0,Reader_2_6.csv
4095,0,0,0,Reader_2_7.csv
4095,0,0,0,Reader_2_8.csv
4095,0,0,0,Reader_2_9.csv
4095,13,11,2,reader_3_1.csv
4095,7,4,3,Reader_3_2.csv
4095,0,0,0,Reader_3_3.csv
4095,0,0,0,Reader_3_4.csv
4095,0,0,0,Reader_3_5.csv
4095,0,0,0,Reader_3_6.csv
4095,0,0,0,Reader_3_7.csv
4096,8,7,1,Reader_1_1.csv
4096,1,1,0,Reader_1_10.csv
4096,0,0,0,Reader_1_11.csv
4096,0,0,0,Reader_1_12.csv
4096,3,3,0,Reader_1_2.csv
4096,1,1,0,Reader_1_3.csv
4096,1,1,0,Reader_1_4.csv
4096,0,0,0,Reader_1_5.csv
4096,0,0,0,Reader_1_6.csv
4096,0,0,0,Reader_1_7.csv
4096,0,0,0,Reader_1_8.csv
4096,0,0,0,Reader_1_9.csv
4096,0,0,0,Reader_2_1.csv
4096,1,1,0,Reader_2_10.csv
4096,0,0,0,Reader_2_11.csv
4096,2,1,1,Reader_2_12.csv
4096,0,0,0,Reader_2_2.csv
4096,0,0,0,Reader_2_3.csv
4096,0,0,0,Reader_2_4.csv
4096,0,0,0,Reader_2_5.csv
4096,2,2,0,Reader_2_6.csv
4096,0,0,0,Reader_2_7.csv
4096,0,0,0,Reader_2_8.csv
4096,0,0,0,Reader_2_9.csv
4096,15,13,2,reader_3_1.csv
4096,5,2,3,Reader_3_2.csv
4096,0,0,0,Reader_3_3.csv
4096,0,0,0,Reader_3_4.csv
4096,0,0,0,Reader_3_5.csv
4096,0,0,0,Reader_3_6.csv
4096,0,0,0,Reader_3_7.csv
4097,8,7,1,Reader_1_1.csv
4097,1,1,0,Reader_1_10.csv
4097,0,0,0,Reader_1_11.csv
4097,0,0,0,Reader_1_12.csv
4097,3,3,0,Reader_1_2.csv
4097,2,1,1,Reader_1_3.csv
4097,1,1,0,Reader_1_4.csv
4097,0,0,0,Reader_1_5.csv
4097,0,0,0,Reader_1_6.csv
4097,0,0,0,Reader_1_7.csv
4097,0,0,0,Reader_1_8.csv
4097,0,0,0,Reader_1_9.csv
4097,0,0,0,Reader_2_1.csv
4097,1,1,0,Reader_2_10.csv
4097,0,0,0,Reader_2_11.csv
4097,2,1,1,Reader_2_12.csv
4097,0,0,0,Reader_2_2.csv
4097,0,0,0,Reader_2_3.csv
4097,0,0,0,Reader_2_4.csv
4097,0,0,0,Reader_2_5.csv
4097,2,2,0,Reader_2_6.csv
4097,0,0,0,Reader_2_7.csv
4097,0,0,0,Reader_2_8.csv
4097,0,0,0,Reader_2_9.csv
4097,18,16,2,reader_3_1.csv
4097,2,0,2,Reader_3_2.csv
4097,0,0,0,Reader_3_3.csv
4097,0,0,0,Reader_3_4.csv
4097,0,0,0,Reader_3_5.csv
4097,0,0,0,Reader_3_6.csv
4097,0,0,0,Reader_3_7.csv
4098,7,6,1,Reader_1_1.csv
4098,2,2,0,Reader_1_10.csv
4098,0,0,0,Reader_1_11.csv
4098,0,0,0,Reader_1_12.csv
4098,3,3,0,Reader_1_2.csv
4098,1,0,1,Reader_1_3.csv
4098,1,1,0,Reader_1_4.csv
4098,0,0,0,Reader_1_5.csv
4098,0,0,0,Reader_1_6.csv
4098,0,0,0,Reader_1_7.csv
4098,0,0,0,Reader_1_8.csv
4098,0,0,0,Reader_1_9.csv
4098,0,0,0,Reader_2_1.csv
4098,1,1,0,Reader_2_10.csv
4098,0,0,0,Reader_2_11.csv
4098,2,1,1,Reader_2_12.csv
4098,0,0,0,Reader_2_2.csv
4098,0,0,0,Reader_2_3.csv
4098,0,0,0,Reader_2_4.csv
4098,0,0,0,Reader_2_5.csv
4098,2,2,0,Reader_2_6.csv
4098,0,0,0,Reader_2_7.csv
4098,0,0,0,Reader_2_8.csv
4098,0,0,0,Reader_2_9.csv
4098,20,18,2,reader_3_1.csv
4098,3,1,2,Reader_3_2.csv
4098,0,0,0,Reader_3_3.csv
4098,0,0,0,Reader_3_4.csv
4098,0,0,0,Reader_3_5.csv
4098,0,0,0,Reader_3_6.csv
4098,0,0,0,Reader_3_7.csv
4099,8,7,1,Reader_1_1.csv
4099,2,2,0,Reader_1_10.csv
4099,0,0,0,Reader_1_11.csv
4099,0,0,0,Reader_1_12.csv
4099,3,3,0,Reader_1_2.csv
4099,2,0,2,Reader_1_3.csv
4099,1,1,0,Reader_1_4.csv
4099,0,0,0,Reader_1_5.csv
4099,0,0,0,Reader_1_6.csv
4099,0,0,0,Reader_1_7.csv
4099,0,0,0,Reader_1_8.csv
4099,0,0,0,Reader_1_9.csv
4099,0,0,0,Reader_2_1.csv
4099,1,1,0,Reader_2_10.csv
4099,0,0,0,Reader_2_11.csv
4099,2,1,1,Reader_2_12.csv
4099,0,0,0,Reader_2_2.csv
4099,0,0,0,Reader_2_3.csv
4099,0,0,0,Reader_2_4.csv
4099,0,0,0,Reader_2_5.csv
4099,2,2,0,Reader_2_6.csv
4099,0,0,0,Reader_2_7.csv
4099,0,0,0,Reader_2_8.csv
4099,0,0,0,Reader_2_9.csv
4099,22,20,2,reader_3_1.csv
4099,3,1,2,Reader_3_2.csv
4099,0,0,0,Reader_3_3.csv
4099,0,0,0,Reader_3_4.csv
4099,0,0,0,Reader_3_5.csv
4099,0,0,0,Reader_3_6.csv
4099,0,0,0,Reader_3_7.csv
4100,8,7,1,Reader_1_1.csv
4100,2,2,0,Reader_1_10.csv
4100,0,0,0,Reader_1_11.csv
4100,0,0,0,Reader_1_12.csv
4100,4,3,1,Reader_1_2.csv
4100,2,0,2,Reader_1_3.csv
4100,1,1,0,Reader_1_4.csv
4100,0,0,0,Reader_1_5.csv
4100,0,0,0,Reader_1_6.csv
4100,0,0,0,Reader_1_7.csv
4100,0,0,0,Reader_1_8.csv
4100,0,0,0,Reader_1_9.csv
4100,0,0,0,Reader_2_1.csv
4100,0,0,0,Reader_2_10.csv
4100,0,0,0,Reader_2_11.csv
4100,1,1,0,Reader_2_12.csv
4100,0,0,0,Reader_2_2.csv
4100,0,0,0,Reader_2_3.csv
4100,0,0,0,Reader_2_4.csv
4100,0,0,0,Reader_2_5.csv
4100,2,2,0,Reader_2_6.csv
4100,1,1,0,Reader_2_7.csv
4100,0,0,0,Reader_2_8.csv
4100,0,0,0,Reader_2_9.csv
4100,21,18,3,reader_3_1.csv
4100,5,2,3,Reader_3_2.csv
4100,0,0,0,Reader_3_3.csv
4100,0,0,0,Reader_3_4.csv
4100,0,0,0,Reader_3_5.csv
4100,0,0,0,Reader_3_6.csv
4100,0,0,0,Reader_3_7.csv
4101,10,9,1,Reader_1_1.csv
4101,2,2,0,Reader_1_10.csv
4101,0,0,0,Reader_1_11.csv
4101,0,0,0,Reader_1_12.csv
4101,5,4,1,Reader_1_2.csv
4101,2,0,2,Reader_1_3.csv
4101,1,1,0,Reader_1_4.csv
4101,0,0,0,Reader_1_5.csv
4101,0,0,0,Reader_1_6.csv
4101,0,0,0,Reader_1_7.csv
4101,0,0,0,Reader_1_8.csv
4101,0,0,0,Reader_1_9.csv
4101,0,0,0,Reader_2_1.csv
4101,0,0,0,Reader_2_10.csv
4101,0,0,0,Reader_2_11.csv
4101,1,1,0,Reader_2_12.csv
4101,0,0,0,Reader_2_2.csv
4101,0,0,0,Reader_2_3.csv
4101,0,0,0,Reader_2_4.csv
4101,0,0,0,Reader_2_5.csv
4101,1,1,0,Reader_2_6.csv
4101,1,1,0,Reader_2_7.csv
4101,0,0,0,Reader_2_8.csv
4101,0,0,0,Reader_2_9.csv
4101,23,19,4,reader_3_1.csv
4101,6,2,4,Reader_3_2.csv
4101,0,0,0,Reader_3_3.csv
4101,0,0,0,Reader_3_4.csv
4101,0,0,0,Reader_3_5.csv
4101,0,0,0,Reader_3_6.csv
4101,0,0,0,Reader_3_7.csv
4102,10,9,1,Reader_1_1.csv
4102,2,2,0,Reader_1_10.csv
4102,0,0,0,Reader_1_11.csv
4102,0,0,0,Reader_1_12.csv
4102,6,5,1,Reader_1_2.csv
4102,2,0,2,Reader_1_3.csv
4102,1,1,0,Reader_1_4.csv
4102,0,0,0,Reader_1_5.csv
4102,0,0,0,Reader_1_6.csv
4102,0,0,0,Reader_1_7.csv
4102,0,0,0,Reader_1_8.csv
4102,0,0,0,Reader_1_9.csv
4102,0,0,0,Reader_2_1.csv
4102,0,0,0,Reader_2_10.csv
4102,0,0,0,Reader_2_11.csv
4102,0,0,0,Reader_2_12.csv
4102,0,0,0,Reader_2_2.csv
4102,0,0,0,Reader_2_3.csv
4102,0,0,0,Reader_2_4.csv
4102,0,0,0,Reader_2_5.csv
4102,1,1,0,Reader_2_6.csv
4102,1,1,0,Reader_2_7.csv
4102,0,0,0,Reader_2_8.csv
4102,0,0,0,Reader_2_9.csv
4102,24,20,4,reader_3_1.csv
4102,5,2,3,Reader_3_2.csv
4102,0,0,0,Reader_3_3.csv
4102,0,0,0,Reader_3_4.csv
4102,0,0,0,Reader_3_5.csv
4102,0,0,0,Reader_3_6.csv
4102,1,1,0,Reader_3_7.csv
4103,11,10,1,Reader_1_1.csv
4103,2,2,0,Reader_1_10.csv
4103,0,0,0,Reader_1_11.csv
4103,0,0,0,Reader_1_12.csv
4103,7,6,1,Reader_1_2.csv
4103,3,1,2,Reader_1_3.csv
4103,1,1,0,Reader_1_4.csv
4103,0,0,0,Reader_1_5.csv
4103,0,0,0,Reader_1_6.csv
4103,0,0,0,Reader_1_7.csv
4103,0,0,0,Reader_1_8.csv
4103,0,0,0,Reader_1_9.csv
4103,0,0,0,Reader_2_1.csv
4103,0,0,0,Reader_2_10.csv
4103,0,0,0,Reader_2_11.csv
4103,0,0,0,Reader_2_12.csv
4103,0,0,0,Reader_2_2.csv
4103,0,0,0,Reader_2_3.csv
4103,0,0,0,Reader_2_4.csv
4103,0,0,0,Reader_2_5.csv
4103,3,3,0,Reader_2_6.csv
4103,1,1,0,Reader_2_7.csv
4103,0,0,0,Reader_2_8.csv
4103,0,0,0,Reader_2_9.csv
4103,24,20,4,reader_3_1.csv
4103,5,2,3,Reader_3_2.csv
4103,0,0,0,Reader_3_3.csv
4103,0,0,0,Reader_3_4.csv
4103,0,0,0,Reader_3_5.csv
4103,0,0,0,Reader_3_6.csv
4103,1,1,0,Reader_3_7.csv
4104,10,10,0,Reader_1_1.csv
4104,2,2,0,Reader_1_10.csv
4104,0,0,0,Reader_1_11.csv
4104,0,0,0,Reader_1_12.csv
4104,7,6,1,Reader_1_2.csv
4104,3,1,2,Reader_1_3.csv
4104,1,1,0,Reader_1_4.csv
4104,0,0,0,Reader_1_5.csv
4104,0,0,0,Reader_1_6.csv
4104,0,0,0,Reader_1_7.csv
4104,0,0,0,Reader_1_8.csv
4104,0,0,0,Reader_1_9.csv
4104,0,0,0,Reader_2_1.csv
4104,0,0,0,Reader_2_10.csv
4104,0,0,0,Reader_2_11.csv
4104,0,0,0,Reader_2_12.csv
4104,0,0,0,Reader_2_2.csv
4104,0,0,0,Reader_2_3.csv
4104,0,0,0,Reader_2_4.csv
4104,0,0,0,Reader_2_5.csv
4104,3,3,0,Reader_2_6.csv
4104,1,1,0,Reader_2_7.csv
4104,0,0,0,Reader_2_8.csv
4104,0,0,0,Reader_2_9.csv
4104,23,19,4,reader_3_1.csv
4104,5,2,3,Reader_3_2.csv
4104,0,0,0,Reader_3_3.csv
4104,0,0,0,Reader_3_4.csv
4104,0,0,0,Reader_3_5.csv
4104,0,0,0,Reader_3_6.csv
4104,1,1,0,Reader_3_7.csv
4105,9,9,0,Reader_1_1.csv
4105,2,2,0,Reader_1_10.csv
4105,0,0,0,Reader_1_11.csv
4105,0,0,0,Reader_1_12.csv
4105,9,8,1,Reader_1_2.csv
4105,2,1,1,Reader_1_3.csv
4105,1,1,0,Reader_1_4.csv
4105,0,0,0,Reader_1_5.csv
4105,0,0,0,Reader_1_6.csv
4105,0,0,0,Reader_1_7.csv
4105,0,0,0,Reader_1_8.csv
4105,0,0,0,Reader_1_9.csv
4105,0,0,0,Reader_2_1.csv
4105,1,1,0,Reader_2_10.csv
4105,0,0,0,Reader_2_11.csv
4105,0,0,0,Reader_2_12.csv
4105,0,0,0,Reader_2_2.csv
4105,0,0,0,Reader_2_3.csv
4105,0,0,0,Reader_2_4.csv
4105,0,0,0,Reader_2_5.csv
4105,4,4,0,Reader_2_6.csv
4105,1,1,0,Reader_2_7.csv
4105,0,0,0,Reader_2_8.csv
4105,0,0,0,Reader_2_9.csv
4105,24,21,3,reader_3_1.csv
4105,6,3,3,Reader_3_2.csv
4105,0,0,0,Reader_3_3.csv
4105,0,0,0,Reader_3_4.csv
4105,0,0,0,Reader_3_5.csv
4105,0,0,0,Reader_3_6.csv
4105,1,1,0,Reader_3_7.csv
4106,11,11,0,Reader_1_1.csv
4106,1,1,0,Reader_1_10.csv
4106,0,0,0,Reader_1_11.csv
4106,0,0,0,Reader_1_12.csv
4106,10,8,2,Reader_1_2.csv
4106,3,2,1,Reader_1_3.csv
4106,1,1,0,Reader_1_4.csv
4106,0,0,0,Reader_1_5.csv
4106,0,0,0,Reader_1_6.csv
4106,0,0,0,Reader_1_7.csv
4106,0,0,0,Reader_1_8.csv
4106,0,0,0,Reader_1_9.csv
4106,0,0,0,Reader_2_1.csv
4106,1,1,0,Reader_2_10.csv
4106,0,0,0,Reader_2_11.csv
4106,0,0,0,Reader_2_12.csv
4106,0,0,0,Reader_2_2.csv
4106,0,0,0,Reader_2_3.csv
4106,0,0,0,Reader_2_4.csv
4106,0,0,0,Reader_2_5.csv
4106,4,4,0,Reader_2_6.csv
4106,1,1,0,Reader_2_7.csv
4106,0,0,0,Reader_2_8.csv
4106,0,0,0,Reader_2_9.csv
4106,25,21,4,reader_3_1.csv
4106,6,3,3,Reader_3_2.csv
4106,0,0,0,Reader_3_3.csv
4106,0,0,0,Reader_3_4.csv
4106,0,0,0,Reader_3_5.csv
4106,0,0,0,Reader_3_6.csv
4106,1,1,0,Reader_3_7.csv
4107,9,9,0,Reader_1_1.csv
4107,1,1,0,Reader_1_10.csv
4107,0,0,0,Reader_1_11.csv
4107,0,0,0,Reader_1_12.csv
4107,10,8,2,Reader_1_2.csv
4107,3,3,0,Reader_1_3.csv
4107,1,1,0,Reader_1_4.csv
4107,0,0,0,Reader_1_5.csv
4107,0,0,0,Reader_1_6.csv
4107,0,0,0,Reader_1_7.csv
4107,0,0,0,Reader_1_8.csv
4107,0,0,0,Reader_1_9.csv
4107,0,0,0,Reader_2_1.csv
4107,1,1,0,Reader_2_10.csv
4107,0,0,0,Reader_2_11.csv
4107,0,0,0,Reader_2_12.csv
4107,0,0,0,Reader_2_2.csv
4107,0,0,0,Reader_2_3.csv
4107,0,0,0,Reader_2_4.csv
4107,0,0,0,Reader_2_5.csv
4107,4,4,0,Reader_2_6.csv
4107,1,1,0,Reader_2_7.csv
4107,0,0,0,Reader_2_8.csv
4107,0,0,0,Reader_2_9.csv
4107,26,23,3,reader_3_1.csv
4107,7,4,3,Reader_3_2.csv
4107,0,0,0,Reader_3_3.csv
4107,0,0,0,Reader_3_4.csv
4107,0,0,0,Reader_3_5.csv
4107,0,0,0,Reader_3_6.csv
4107,1,1,0,Reader_3_7.csv
4108,9,8,1,Reader_1_1.csv
4108,2,2,0,Reader_1_10.csv
4108,0,0,0,Reader_1_11.csv
4108,0,0,0,Reader_1_12.csv
4108,9,8,1,Reader_1_2.csv
4108,3,3,0,Reader_1_3.csv
4108,1,1,0,Reader_1_4.csv
4108,0,0,0,Reader_1_5.csv
4108,0,0,0,Reader_1_6.csv
4108,0,0,0,Reader_1_7.csv
4108,0,0,0,Reader_1_8.csv
4108,0,0,0,Reader_1_9.csv
4108,0,0,0,Reader_2_1.csv
4108,1,1,0,Reader_2_10.csv
4108,0,0,0,Reader_2_11.csv
4108,0,0,0,Reader_2_12.csv
4108,0,0,0,Reader_2_2.csv
4108,0,0,0,Reader_2_3.csv
4108,0,0,0,Reader_2_4.csv
4108,0,0,0,Reader_2_5.csv
4108,4,4,0,Reader_2_6.csv
4108,0,0,0,Reader_2_7.csv
4108,0,0,0,Reader_2_8.csv
4108,0,0,0,Reader_2_9.csv
4108,26,24,2,reader_3_1.csv
4108,6,4,2,Reader_3_2.csv
4108,0,0,0,Reader_3_3.csv
4108,0,0,0,Reader_3_4.csv
4108,0,0,0,Reader_3_5.csv
4108,0,0,0,Reader_3_6.csv
4108,1,1,0,Reader_3_7.csv
4109,7,6,1,Reader_1_1.csv
4109,2,2,0,Reader_1_10.csv
4109,0,0,0,Reader_1_11.csv
4109,0,0,0,Reader_1_12.csv
4109,7,6,1,Reader_1_2.csv
4109,3,3,0,Reader_1_3.csv
4109,0,0,0,Reader_1_4.csv
4109,0,0,0,Reader_1_5.csv
4109,0,0,0,Reader_1_6.csv
4109,0,0,0,Reader_1_7.csv
4109,0,0,0,Reader_1_8.csv
4109,2,1,1,Reader_1_9.csv
4109,0,0,0,Reader_2_1.csv
4109,1,1,0,Reader_2_10.csv
4109,0,0,0,Reader_2_11.csv
4109,0,0,0,Reader_2_12.csv
4109,0,0,0,Reader_2_2.csv
4109,0,0,0,Reader_2_3.csv
4109,0,0,0,Reader_2_4.csv
4109,0,0,0,Reader_2_5.csv
4109,6,6,0,Reader_2_6.csv
4109,0,0,0,Reader_2_7.csv
4109,0,0,0,Reader_2_8.csv
4109,0,0,0,Reader_2_9.csv
4109,25,24,1,reader_3_1.csv
4109,8,6,2,Reader_3_2.csv
4109,0,0,0,Reader_3_3.csv
4109,0,0,0,Reader_3_4.csv
4109,0,0,0,Reader_3_5.csv
4109,0,0,0,Reader_3_6.csv
4109,0,0,0,Reader_3_7.csv
4110,7,6,1,Reader_1_1.csv
4110,2,2,0,Reader_1_10.csv
4110,0,0,0,Reader_1_11.csv
4110,0,0,0,Reader_1_12.csv
4110,6,5,1,Reader_1_2.csv
4110,4,4,0,Reader_1_3.csv
4110,0,0,0,Reader_1_4.csv
4110,0,0,0,Reader_1_5.csv
4110,0,0,0,Reader_1_6.csv
4110,0,0,0,Reader_1_7.csv
4110,0,0,0,Reader_1_8.csv
4110,2,1,1,Reader_1_9.csv
4110,0,0,0,Reader_2_1.csv
4110,1,1,0,Reader_2_10.csv
4110,0,0,0,Reader_2_11.csv
4110,0,0,0,Reader_2_12.csv
4110,0,0,0,Reader_2_2.csv
4110,0,0,0,Reader_2_3.csv
4110,0,0,0,Reader_2_4.csv
4110,0,0,0,Reader_2_5.csv
4110,5,5,0,Reader_2_6.csv
4110,0,0,0,Reader_2_7.csv
4110,0,0,0,Reader_2_8.csv
4110,0,0,0,Reader_2_9.csv
4110,21,20,1,reader_3_1.csv
4110,7,6,1,Reader_3_2.csv
4110,0,0,0,Reader_3_3.csv
4110,0,0,0,Reader_3_4.csv
4110,0,0,0,Reader_3_5.csv
4110,0,0,0,Reader_3_6.csv
4110,0,0,0,Reader_3_7.csv
4111,7,6,1,Reader_1_1.csv
4111,2,2,0,Reader_1_10.csv
4111,0,0,0,Reader_1_11.csv
4111,0,0,0,Reader_1_12.csv
4111,6,5,1,Reader_1_2.csv
4111,3,3,0,Reader_1_3.csv
4111,0,0,0,Reader_1_4.csv
4111,0,0,0,Reader_1_5.csv
4111,0,0,0,Reader_1_6.csv
4111,0,0,0,Reader_1_7.csv
4111,0,0,0,Reader_1_8.csv
4111,2,1,1,Reader_1_9.csv
4111,0,0,0,Reader_2_1.csv
4111,1,1,0,Reader_2_10.csv
4111,0,0,0,Reader_2_11.csv
4111,0,0,0,Reader_2_12.csv
4111,0,0,0,Reader_2_2.csv
4111,0,0,0,Reader_2_3.csv
4111,0,0,0,Reader_2_4.csv
4111,0,0,0,Reader_2_5.csv
4111,3,3,0,Reader_2_6.csv
4111,0,0,0,Reader_2_7.csv
4111,0,0,0,Reader_2_8.csv
4111,0,0,0,Reader_2_9.csv
4111,19,18,1,reader_3_1.csv
4111,11,9,2,Reader_3_2.csv
4111,0,0,0,Reader_3_3.csv
4111,0,0,0,Reader_3_4.csv
4111,0,0,0,Reader_3_5.csv
4111,0,0,0,Reader_3_6.csv
4111,0,0,0,Reader_3_7.csv
4112,7,6,1,Reader_1_1.csv
4112,3,2,1,Reader_1_10.csv
4112,0,0,0,Reader_1_11.csv
4112,0,0,0,Reader_1_12.csv
4112,6,5,1,Reader_1_2.csv
4112,3,3,0,Reader_1_3.csv
4112,0,0,0,Reader_1_4.csv
4112,0,0,0,Reader_1_5.csv
4112,0,0,0,Reader_1_6.csv
4112,0,0,0,Reader_1_7.csv
4112,0,0,0,Reader_1_8.csv
4112,2,1,1,Reader_1_9.csv
4112,0,0,0,Reader_2_1.csv
4112,1,1,0,Reader_2_10.csv
4112,0,0,0,Reader_2_11.csv
4112,0,0,0,Reader_2_12.csv
4112,0,0,0,Reader_2_2.csv
4112,0,0,0,Reader_2_3.csv
4112,0,0,0,Reader_2_4.csv
4112,0,0,0,Reader_2_5.csv
4112,4,4,0,Reader_2_6.csv
4112,0,0,0,Reader_2_7.csv
4112,0,0,0,Reader_2_8.csv
4112,0,0,0,Reader_2_9.csv
4112,18,17,1,reader_3_1.csv
4112,15,12,3,Reader_3_2.csv
4112,0,0,0,Reader_3_3.csv
4112,0,0,0,Reader_3_4.csv
4112,0,0,0,Reader_3_5.csv
4112,0,0,0,Reader_3_6.csv
4112,0,0,0,Reader_3_7.csv
4113,7,6,1,Reader_1_1.csv
4113,3,2,1,Reader_1_10.csv
4113,0,0,0,Reader_1_11.csv
4113,0,0,0,Reader_1_12.csv
4113,5,4,1,Reader_1_2.csv
4113,3,3,0,Reader_1_3.csv
4113,0,0,0,Reader_1_4.csv
4113,0,0,0,Reader_1_5.csv
4113,0,0,0,Reader_1_6.csv
4113,0,0,0,Reader_1_7.csv
4113,0,0,0,Reader_1_8.csv
4113,3,2,1,Reader_1_9.csv
4113,0,0,0,Reader_2_1.csv
4113,0,0,0,Reader_2_10.csv
4113,0,0,0,Reader_2_11.csv
4113,0,0,0,Reader_2_12.csv
4113,0,0,0,Reader_2_2.csv
4113,0,0,0,Reader_2_3.csv
4113,0,0,0,Reader_2_4.csv
4113,0,0,0,Reader_2_5.csv
4113,3,3,0,Reader_2_6.csv
4113,1,1,0,Reader_2_7.csv
4113,0,0,0,Reader_2_8.csv
4113,0,0,0,Reader_2_9.csv
4113,17,15,2,reader_3_1.csv
4113,16,12,4,Reader_3_2.csv
4113,0,0,0,Reader_3_3.csv
4113,0,0,0,Reader_3_4.csv
4113,0,0,0,Reader_3_5.csv
4113,0,0,0,Reader_3_6.csv
4113,0,0,0,Reader_3_7.csv
4114,5,4,1,Reader_1_1.csv
4114,3,2,1,Reader_1_10.csv
4114,0,0,0,Reader_1_11.csv
4114,0,0,0,Reader_1_12.csv
4114,4,4,0,Reader_1_2.csv
4114,2,2,0,Reader_1_3.csv
4114,0,0,0,Reader_1_4.csv
4114,0,0,0,Reader_1_5.csv
4114,0,0,0,Reader_1_6.csv
4114,0,0,0,Reader_1_7.csv
4114,0,0,0,Reader_1_8.csv
4114,6,3,3,Reader_1_9.csv
4114,0,0,0,Reader_2_1.csv
4114,0,0,0,Reader_2_10.csv
4114,0,0,0,Reader_2_11.csv
4114,0,0,0,Reader_2_12.csv
4114,0,0,0,Reader_2_2.csv
4114,0,0,0,Reader_2_3.csv
4114,0,0,0,Reader_2_4.csv
4114,0,0,0,Reader_2_5.csv
4114,3,3,0,Reader_2_6.csv
4114,1,1,0,Reader_2_7.csv
4114,0,0,0,Reader_2_8.csv
4114,0,0,0,Reader_2_9.csv
4114,18,17,1,reader_3_1.csv
4114,16,12,4,Reader_3_2.csv
4114,0,0,0,Reader_3_3.csv
4114,0,0,0,Reader_3_4.csv
4114,0,0,0,Reader_3_5.csv
4114,0,0,0,Reader_3_6.csv
4114,0,0,0,Reader_3_7.csv
4115,6,5,1,Reader_1_1.csv
4115,3,2,1,Reader_1_10.csv
4115,0,0,0,Reader_1_11.csv
4115,0,0,0,Reader_1_12.csv
4115,5,5,0,Reader_1_2.csv
4115,1,1,0,Reader_1_3.csv
4115,0,0,0,Reader_1_4.csv
4115,0,0,0,Reader_1_5.csv
4115,0,0,0,Reader_1_6.csv
4115,0,0,0,Reader_1_7.csv
4115,0,0,0,Reader_1_8.csv
4115,6,3,3,Reader_1_9.csv
4115,0,0,0,Reader_2_1.csv
4115,0,0,0,Reader_2_10.csv
4115,0,0,0,Reader_2_11.csv
4115,0,0,0,Reader_2_12.csv
4115,0,0,0,Reader_2_2.csv
4115,0,0,0,Reader_2_3.csv
4115,0,0,0,Reader_2_4.csv
4115,0,0,0,Reader_2_5.csv
4115,3,3,0,Reader_2_6.csv
4115,1,1,0,Reader_2_7.csv
4115,0,0,0,Reader_2_8.csv
4115,0,0,0,Reader_2_9.csv
4115,16,15,1,reader_3_1.csv
4115,16,12,4,Reader_3_2.csv
4115,0,0,0,Reader_3_3.csv
4115,0,0,0,Reader_3_4.csv
4115,0,0,0,Reader_3_5.csv
4115,0,0,0,Reader_3_6.csv
4115,0,0,0,Reader_3_7.csv
4116,5,5,0,Reader_1_1.csv
4116,2,1,1,Reader_1_10.csv
4116,0,0,0,Reader_1_11.csv
4116,1,1,0,Reader_1_12.csv
4116,6,6,0,Reader_1_2.csv
4116,1,1,0,Reader_1_3.csv
4116,0,0,0,Reader_1_4.csv
4116,0,0,0,Reader_1_5.csv
4116,0,0,0,Reader_1_6.csv
4116,1,0,1,Reader_1_7.csv
4116,0,0,0,Reader_1_8.csv
4116,6,3,3,Reader_1_9.csv
4116,0,0,0,Reader_2_1.csv
4116,0,0,0,Reader_2_10.csv
4116,0,0,0,Reader_2_11.csv
4116,0,0,0,Reader_2_12.csv
4116,0,0,0,Reader_2_2.csv
4116,0,0,0,Reader_2_3.csv
4116,0,0,0,Reader_2_4.csv
4116,0,0,0,Reader_2_5.csv
4116,3,3,0,Reader_2_6.csv
4116,1,1,0,Reader_2_7.csv
4116,0,0,0,Reader_2_8.csv
4116,0,0,0,Reader_2_9.csv
4116,15,14,1,reader_3_1.csv
4116,14,11,3,Reader_3_2.csv
4116,0,0,0,Reader_3_3.csv
4116,0,0,0,Reader_3_4.csv
4116,0,0,0,Reader_3_5.csv
4116,0,0,0,Reader_3_6.csv
4116,0,0,0,Reader_3_7.csv
4117,6,6,0,Reader_1_1.csv
4117,1,0,1,Reader_1_10.csv
4117,0,0,0,Reader_1_11.csv
4117,1,1,0,Reader_1_12.csv
4117,6,6,0,Reader_1_2.csv
4117,1,1,0,Reader_1_3.csv
4117,0,0,0,Reader_1_4.csv
4117,0,0,0,Reader_1_5.csv
4117,0,0,0,Reader_1_6.csv
4117,1,0,1,Reader_1_7.csv
4117,0,0,0,Reader_1_8.csv
4117,4,2,2,Reader_1_9.csv
4117,0,0,0,Reader_2_1.csv
4117,0,0,0,Reader_2_10.csv
4117,0,0,0,Reader_2_11.csv
4117,0,0,0,Reader_2_12.csv
4117,0,0,0,Reader_2_2.csv
4117,0,0,0,Reader_2_3.csv
4117,0,0,0,Reader_2_4.csv
4117,0,0,0,Reader_2_5.csv
4117,1,1,0,Reader_2_6.csv
4117,1,1,0,Reader_2_7.csv
4117,0,0,0,Reader_2_8.csv
4117,0,0,0,Reader_2_9.csv
4117,17,16,1,reader_3_1.csv
4117,12,9,3,Reader_3_2.csv
4117,0,0,0,Reader_3_3.csv
4117,0,0,0,Reader_3_4.csv
4117,0,0,0,Reader_3_5.csv
4117,0,0,0,Reader_3_6.csv
4117,0,0,0,Reader_3_7.csv
4118,6,6,0,Reader_1_1.csv
4118,1,0,1,Reader_1_10.csv
4118,1,1,0,Reader_1_11.csv
4118,1,1,0,Reader_1_12.csv
4118,8,8,0,Reader_1_2.csv
4118,0,0,0,Reader_1_3.csv
4118,0,0,0,Reader_1_4.csv
4118,0,0,0,Reader_1_5.csv
4118,0,0,0,Reader_1_6.csv
4118,2,1,1,Reader_1_7.csv
4118,0,0,0,Reader_1_8.csv
4118,6,4,2,Reader_1_9.csv
4118,0,0,0,Reader_2_1.csv
4118,0,0,0,Reader_2_10.csv
4118,0,0,0,Reader_2_11.csv
4118,0,0,0,Reader_2_12.csv
4118,0,0,0,Reader_2_2.csv
4118,0,0,0,Reader_2_3.csv
4118,0,0,0,Reader_2_4.csv
4118,0,0,0,Reader_2_5.csv
4118,1,1,0,Reader_2_6.csv
4118,1,1,0,Reader_2_7.csv
4118,0,0,0,Reader_2_8.csv
4118,0,0,0,Reader_2_9.csv
4118,18,17,1,reader_3_1.csv
4118,13,10,3,Reader_3_2.csv
4118,0,0,0,Reader_3_3.csv
4118,0,0,0,Reader_3_4.csv
4118,0,0,0,Reader_3_5.csv
4118,0,0,0,Reader_3_6.csv
4118,0,0,0,Reader_3_7.csv
4119,5,5,0,Reader_1_1.csv
4119,1,0,1,Reader_1_10.csv
4119,2,2,0,Reader_1_11.csv
4119,1,1,0,Reader_1_12.csv
4119,7,7,0,Reader_1_2.csv
4119,0,0,0,Reader_1_3.csv
4119,0,0,0,Reader_1_4.csv
4119,0,0,0,Reader_1_5.csv
4119,0,0,0,Reader_1_6.csv
4119,2,1,1,Reader_1_7.csv
4119,0,0,0,Reader_1_8.csv
4119,7,5,2,Reader_1_9.csv
4119,0,0,0,Reader_2_1.csv
4119,0,0,0,Reader_2_10.csv
4119,0,0,0,Reader_2_11.csv
4119,0,0,0,Reader_2_12.csv
4119,0,0,0,Reader_2_2.csv
4119,1,1,0,Reader_2_3.csv
4119,0,0,0,Reader_2_4.csv
4119,0,0,0,Reader_2_5.csv
4119,1,1,0,Reader_2_6.csv
4119,1,1,0,Reader_2_7.csv
4119,0,0,0,Reader_2_8.csv
4119,0,0,0,Reader_2_9.csv
4119,20,18,2,reader_3_1.csv
4119,11,8,3,Reader_3_2.csv
4119,0,0,0,Reader_3_3.csv
4119,0,0,0,Reader_3_4.csv
4119,0,0,0,Reader_3_5.csv
4119,0,0,0,Reader_3_6.csv
4119,0,0,0,Reader_3_7.csv
4120,6,6,0,Reader_1_1.csv
4120,0,0,0,Reader_1_10.csv
4120,2,2,0,Reader_1_11.csv
4120,1,1,0,Reader_1_12.csv
4120,6,6,0,Reader_1_2.csv
4120,0,0,0,Reader_1_3.csv
4120,0,0,0,Reader_1_4.csv
4120,1,1,0,Reader_1_5.csv
4120,0,0,0,Reader_1_6.csv
4120,2,1,1,Reader_1_7.csv
4120,0,0,0,Reader_1_8.csv
4120,9,6,3,Reader_1_9.csv
4120,0,0,0,Reader_2_1.csv
4120,0,0,0,Reader_2_10.csv
4120,0,0,0,Reader_2_11.csv
4120,0,0,0,Reader_2_12.csv
4120,0,0,0,Reader_2_2.csv
4120,2,2,0,Reader_2_3.csv
4120,0,0,0,Reader_2_4.csv
4120,0,0,0,Reader_2_5.csv
4120,0,0,0,Reader_2_6.csv
4120,1,1,0,Reader_2_7.csv
4120,0,0,0,Reader_2_8.csv
4120,0,0,0,Reader_2_9.csv
4120,23,21,2,reader_3_1.csv
4120,9,6,3,Reader_3_2.csv
4120,0,0,0,Reader_3_3.csv
4120,0,0,0,Reader_3_4.csv
4120,0,0,0,Reader_3_5.csv
4120,0,0,0,Reader_3_6.csv
4120,0,0,0,Reader_3_7.csv
4121,9,8,1,Reader_1_1.csv
4121,0,0,0,Reader_1_10.csv
4121,2,2,0,Reader_1_11.csv
4121,1,1,0,Reader_1_12.csv
4121,5,5,0,Reader_1_2.csv
4121,0,0,0,Reader_1_3.csv
4121,0,0,0,Reader_1_4.csv
4121,1,1,0,Reader_1_5.csv
4121,0,0,0,Reader_1_6.csv
4121,2,1,1,Reader_1_7.csv
4121,0,0,0,Reader_1_8.csv
4121,8,5,3,Reader_1_9.csv
4121,0,0,0,Reader_2_1.csv
4121,0,0,0,Reader_2_10.csv
4121,0,0,0,Reader_2_11.csv
4121,0,0,0,Reader_2_12.csv
4121,0,0,0,Reader_2_2.csv
4121,3,3,0,Reader_2_3.csv
4121,0,0,0,Reader_2_4.csv
4121,0,0,0,Reader_2_5.csv
4121,0,0,0,Reader_2_6.csv
4121,0,0,0,Reader_2_7.csv
4121,0,0,0,Reader_2_8.csv
4121,0,0,0,Reader_2_9.csv
4121,24,22,2,reader_3_1.csv
4121,11,9,2,Reader_3_2.csv
4121,0,0,0,Reader_3_3.csv
4121,0,0,0,Reader_3_4.csv
4121,0,0,0,Reader_3_5.csv
4121,0,0,0,Reader_3_6.csv
4121,0,0,0,Reader_3_7.csv
4122,11,10,1,Reader_1_1.csv
4122,0,0,0,Reader_1_10.csv
4122,2,2,0,Reader_1_11.csv
4122,1,1,0,Reader_1_12.csv
4122,6,6,0,Reader_1_2.csv
4122,0,0,0,Reader_1_3.csv
4122,0,0,0,Reader_1_4.csv
4122,1,1,0,Reader_1_5.csv
4122,0,0,0,Reader_1_6.csv
4122,2,1,1,Reader_1_7.csv
4122,0,0,0,Reader_1_8.csv
4122,5,4,1,Reader_1_9.csv
4122,0,0,0,Reader_2_1.csv
4122,0,0,0,Reader_2_10.csv
4122,0,0,0,Reader_2_11.csv
4122,0,0,0,Reader_2_12.csv
4122,0,0,0,Reader_2_2.csv
4122,3,3,0,Reader_2_3.csv
4122,0,0,0,Reader_2_4.csv
4122,0,0,0,Reader_2_5.csv
4122,1,1,0,Reader_2_6.csv
4122,0,0,0,Reader_2_7.csv
4122,0,0,0,Reader_2_8.csv
4122,0,0,0,Reader_2_9.csv
4122,22,20,2,reader_3_1.csv
4122,12,10,2,Reader_3_2.csv
4122,0,0,0,Reader_3_3.csv
4122,0,0,0,Reader_3_4.csv
4122,0,0,0,Reader_3_5.csv
4122,0,0,0,Reader_3_6.csv
4122,0,0,0,Reader_3_7.csv
4123,12,11,1,Reader_1_1.csv
4123,0,0,0,Reader_1_10.csv
4123,2,2,0,Reader_1_11.csv
4123,1,1,0,Reader_1_12.csv
4123,7,7,0,Reader_1_2.csv
4123,0,0,0,Reader_1_3.csv
4123,0,0,0,Reader_1_4.csv
4123,1,1,0,Reader_1_5.csv
4123,0,0,0,Reader_1_6.csv
4123,2,1,1,Reader_1_7.csv
4123,1,1,0,Reader_1_8.csv
4123,5,4,1,Reader_1_9.csv
4123,0,0,0,Reader_2_1.csv
4123,0,0,0,Reader_2_10.csv
4123,0,0,0,Reader_2_11.csv
4123,0,0,0,Reader_2_12.csv
4123,0,0,0,Reader_2_2.csv
4123,4,4,0,Reader_2_3.csv
4123,0,0,0,Reader_2_4.csv
4123,0,0,0,Reader_2_5.csv
4123,1,1,0,Reader_2_6.csv
4123,0,0,0,Reader_2_7.csv
4123,0,0,0,Reader_2_8.csv
4123,0,0,0,Reader_2_9.csv
4123,26,24,2,reader_3_1.csv
4123,12,10,2,Reader_3_2.csv
4123,0,0,0,Reader_3_3.csv
4123,0,0,0,Reader_3_4.csv
4123,0,0,0,Reader_3_5.csv
4123,0,0,0,Reader_3_6.csv
4123,0,0,0,Reader_3_7.csv
4124,11,10,1,Reader_1_1.csv
4124,0,0,0,Reader_1_10.csv
4124,4,4,0,Reader_1_11.csv
4124,0,0,0,Reader_1_12.csv
4124,8,6,2,Reader_1_2.csv
4124,0,0,0,Reader_1_3.csv
4124,0,0,0,Reader_1_4.csv
4124,1,1,0,Reader_1_5.csv
4124,0,0,0,Reader_1_6.csv
4124,1,1,0,Reader_1_7.csv
4124,1,1,0,Reader_1_8.csv
4124,5,4,1,Reader_1_9.csv
4124,0,0,0,Reader_2_1.csv
4124,0,0,0,Reader_2_10.csv
4124,0,0,0,Reader_2_11.csv
4124,0,0,0,Reader_2_12.csv
4124,0,0,0,Reader_2_2.csv
4124,4,4,0,Reader_2_3.csv
4124,0,0,0,Reader_2_4.csv
4124,0,0,0,Reader_2_5.csv
4124,2,1,1,Reader_2_6.csv
4124,0,0,0,Reader_2_7.csv
4124,0,0,0,Reader_2_8.csv
4124,0,0,0,Reader_2_9.csv
4124,32,30,2,reader_3_1.csv
4124,15,13,2,Reader_3_2.csv
4124,0,0,0,Reader_3_3.csv
4124,0,0,0,Reader_3_4.csv
4124,0,0,0,Reader_3_5.csv
4124,0,0,0,Reader_3_6.csv
4124,0,0,0,Reader_3_7.csv
4125,9,8,1,Reader_1_1.csv
4125,0,0,0,Reader_1_10.csv
4125,4,4,0,Reader_1_11.csv
4125,0,0,0,Reader_1_12.csv
4125,8,6,2,Reader_1_2.csv
4125,1,1,0,Reader_1_3.csv
4125,0,0,0,Reader_1_4.csv
4125,2,2,0,Reader_1_5.csv
4125,0,0,0,Reader_1_6.csv
4125,2,2,0,Reader_1_7.csv
4125,1,1,0,Reader_1_8.csv
4125,5,4,1,Reader_1_9.csv
4125,0,0,0,Reader_2_1.csv
4125,0,0,0,Reader_2_10.csv
4125,0,0,0,Reader_2_11.csv
4125,0,0,0,Reader_2_12.csv
4125,0,0,0,Reader_2_2.csv
4125,4,4,0,Reader_2_3.csv
4125,0,0,0,Reader_2_4.csv
4125,0,0,0,Reader_2_5.csv
4125,2,1,1,Reader_2_6.csv
4125,0,0,0,Reader_2_7.csv
4125,0,0,0,Reader_2_8.csv
4125,0,0,0,Reader_2_9.csv
4125,31,28,3,reader_3_1.csv
4125,17,15,2,Reader_3_2.csv
4125,0,0,0,Reader_3_3.csv
4125,0,0,0,Reader_3_4.csv
4125,0,0,0,Reader_3_5.csv
4125,0,0,0,Reader_3_6.csv
4125,0,0,0,Reader_3_7.csv
4126,10,9,1,Reader_1_1.csv
4126,0,0,0,Reader_1_10.csv
4126,3,3,0,Reader_1_11.csv
4126,0,0,0,Reader_1_12.csv
4126,9,6,3,Reader_1_2.csv
4126,1,1,0,Reader_1_3.csv
4126,0,0,0,Reader_1_4.csv
4126,2,2,0,Reader_1_5.csv
4126,0,0,0,Reader_1_6.csv
4126,1,1,0,Reader_1_7.csv
4126,1,1,0,Reader_1_8.csv
4126,4,3,1,Reader_1_9.csv
4126,0,0,0,Reader_2_1.csv
4126,0,0,0,Reader_2_10.csv
4126,0,0,0,Reader_2_11.csv
4126,0,0,0,Reader_2_12.csv
4126,0,0,0,Reader_2_2.csv
4126,4,4,0,Reader_2_3.csv
4126,0,0,0,Reader_2_4.csv
4126,0,0,0,Reader_2_5.csv
4126,2,1,1,Reader_2_6.csv
4126,0,0,0,Reader_2_7.csv
4126,0,0,0,Reader_2_8.csv
4126,0,0,0,Reader_2_9.csv
4126,36,33,3,reader_3_1.csv
4126,19,17,2,Reader_3_2.csv
4126,0,0,0,Reader_3_3.csv
4126,0,0,0,Reader_3_4.csv
4126,0,0,0,Reader_3_5.csv
4126,0,0,0,Reader_3_6.csv
4126,0,0,0,Reader_3_7.csv
4127,10,9,1,Reader_1_1.csv
4127,1,1,0,Reader_1_10.csv
4127,2,2,0,Reader_1_11.csv
4127,0,0,0,Reader_1_12.csv
4127,9,6,3,Reader_1_2.csv
4127,1,1,0,Reader_1_3.csv
4127,0,0,0,Reader_1_4.csv
4127,2,2,0,Reader_1_5.csv
4127,0,0,0,Reader_1_6.csv
4127,1,1,0,Reader_1_7.csv
4127,1,1,0,Reader_1_8.csv
4127,3,2,1,Reader_1_9.csv
4127,0,0,0,Reader_2_1.csv
4127,0,0,0,Reader_2_10.csv
4127,0,0,0,Reader_2_11.csv
4127,0,0,0,Reader_2_12.csv
4127,0,0,0,Reader_2_2.csv
4127,4,4,0,Reader_2_3.csv
4127,0,0,0,Reader_2_4.csv
4127,0,0,0,Reader_2_5.csv
4127,3,2,1,Reader_2_6.csv
4127,0,0,0,Reader_2_7.csv
4127,0,0,0,Reader_2_8.csv
4127,0,0,0,Reader_2_9.csv
4127,38,36,2,reader_3_1.csv
4127,17,16,1,Reader_3_2.csv
4127,0,0,0,Reader_3_3.csv
4127,0,0,0,Reader_3_4.csv
4127,0,0,0,Reader_3_5.csv
4127,0,0,0,Reader_3_6.csv
4127,0,0,0,Reader_3_7.csv
4128,10,9,1,Reader_1_1.csv
4128,1,1,0,Reader_1_10.csv
4128,2,2,0,Reader_1_11.csv
4128,0,0,0,Reader_1_12.csv
4128,11,7,4,Reader_1_2.csv
4128,1,1,0,Reader_1_3.csv
4128,0,0,0,Reader_1_4.csv
4128,1,1,0,Reader_1_5.csv
4128,0,0,0,Reader_1_6.csv
4128,1,1,0,Reader_1_7.csv
4128,1,1,0,Reader_1_8.csv
4128,2,2,0,Reader_1_9.csv
4128,0,0,0,Reader_2_1.csv
4128,0,0,0,Reader_2_10.csv
4128,0,0,0,Reader_2_11.csv
4128,0,0,0,Reader_2_12.csv
4128,0,0,0,Reader_2_2.csv
4128,3,3,0,Reader_2_3.csv
4128,0,0,0,Reader_2_4.csv
4128,0,0,0,Reader_2_5.csv
4128,3,2,1,Reader_2_6.csv
4128,0,0,0,Reader_2_7.csv
4128,0,0,0,Reader_2_8.csv
4128,0,0,0,Reader_2_9.csv
4128,36,34,2,reader_3_1.csv
4128,20,18,2,Reader_3_2.csv
4128,0,0,0,Reader_3_3.csv
4128,0,0,0,Reader_3_4.csv
4128,0,0,0,Reader_3_5.csv
4128,0,0,0,Reader_3_6.csv
4128,0,0,0,Reader_3_7.csv
4129,9,8,1,Reader_1_1.csv
4129,2,1,1,Reader_1_10.csv
4129,2,2,0,Reader_1_11.csv
4129,0,0,0,Reader_1_12.csv
4129,11,7,4,Reader_1_2.csv
4129,1,1,0,Reader_1_3.csv
4129,0,0,0,Reader_1_4.csv
4129,1,1,0,Reader_1_5.csv
4129,0,0,0,Reader_1_6.csv
4129,1,1,0,Reader_1_7.csv
4129,1,1,0,Reader_1_8.csv
4129,2,2,0,Reader_1_9.csv
4129,0,0,0,Reader_2_1.csv
4129,0,0,0,Reader_2_10.csv
4129,0,0,0,Reader_2_11.csv
4129,0,0,0,Reader_2_12.csv
4129,0,0,0,Reader_2_2.csv
4129,2,2,0,Reader_2_3.csv
4129,0,0,0,Reader_2_4.csv
4129,0,0,0,Reader_2_5.csv
4129,3,2,1,Reader_2_6.csv
4129,0,0,0,Reader_2_7.csv
4129,0,0,0,Reader_2_8.csv
4129,0,0,0,Reader_2_9.csv
4129,35,34,1,reader_3_1.csv
4129,20,18,2,Reader_3_2.csv
4129,0,0,0,Reader_3_3.csv
4129,0,0,0,Reader_3_4.csv
4129,0,0,0,Reader_3_5.csv
4129,0,0,0,Reader_3_6.csv
4129,0,0,0,Reader_3_7.csv
4130,10,8,2,Reader_1_1.csv
4130,2,1,1,Reader_1_10.csv
4130,2,2,0,Reader_1_11.csv
4130,0,0,0,Reader_1_12.csv
4130,10,6,4,Reader_1_2.csv
4130,1,1,0,Reader_1_3.csv
4130,0,0,0,Reader_1_4.csv
4130,1,1,0,Reader_1_5.csv
4130,0,0,0,Reader_1_6.csv
4130,1,1,0,Reader_1_7.csv
4130,1,1,0,Reader_1_8.csv
4130,2,2,0,Reader_1_9.csv
4130,0,0,0,Reader_2_1.csv
4130,0,0,0,Reader_2_10.csv
4130,0,0,0,Reader_2_11.csv
4130,0,0,0,Reader_2_12.csv
4130,0,0,0,Reader_2_2.csv
4130,2,2,0,Reader_2_3.csv
4130,0,0,0,Reader_2_4.csv
4130,0,0,0,Reader_2_5.csv
4130,2,1,1,Reader_2_6.csv
4130,0,0,0,Reader_2_7.csv
4130,0,0,0,Reader_2_8.csv
4130,0,0,0,Reader_2_9.csv
4130,34,33,1,reader_3_1.csv
4130,19,17,2,Reader_3_2.csv
4130,0,0,0,Reader_3_3.csv
4130,0,0,0,Reader_3_4.csv
4130,0,0,0,Reader_3_5.csv
4130,0,0,0,Reader_3_6.csv
4130,0,0,0,Reader_3_7.csv
4131,9,7,2,Reader_1_1.csv
4131,2,1,1,Reader_1_10.csv
4131,2,2,0,Reader_1_11.csv
4131,0,0,0,Reader_1_12.csv
4131,8,4,4,Reader_1_2.csv
4131,1,1,0,Reader_1_3.csv
4131,1,1,0,Reader_1_4.csv
4131,1,1,0,Reader_1_5.csv
4131,0,0,0,Reader_1_6.csv
4131,1,1,0,Reader_1_7.csv
4131,0,0,0,Reader_1_8.csv
4131,2,2,0,Reader_1_9.csv
4131,0,0,0,Reader_2_1.csv
4131,0,0,0,Reader_2_10.csv
4131,0,0,0,Reader_2_11.csv
4131,0,0,0,Reader_2_12.csv
4131,0,0,0,Reader_2_2.csv
4131,1,1,0,Reader_2_3.csv
4131,0,0,0,Reader_2_4.csv
4131,0,0,0,Reader_2_5.csv
4131,2,1,1,Reader_2_6.csv
4131,0,0,0,Reader_2_7.csv
4131,0,0,0,Reader_2_8.csv
4131,0,0,0,Reader_2_9.csv
4131,30,29,1,reader_3_1.csv
4131,21,18,3,Reader_3_2.csv
4131,0,0,0,Reader_3_3.csv
4131,0,0,0,Reader_3_4.csv
4131,0,0,0,Reader_3_5.csv
4131,0,0,0,Reader_3_6.csv
4131,0,0,0,Reader_3_7.csv
4132,10,8,2,Reader_1_1.csv
4132,2,1,1,Reader_1_10.csv
4132,0,0,0,Reader_1_11.csv
4132,0,0,0,Reader_1_12.csv
4132,6,4,2,Reader_1_2.csv
4132,1,1,0,Reader_1_3.csv
4132,1,1,0,Reader_1_4.csv
4132,1,1,0,Reader_1_5.csv
4132,0,0,0,Reader_1_6.csv
4132,1,1,0,Reader_1_7.csv
4132,0,0,0,Reader_1_8.csv
4132,2,2,0,Reader_1_9.csv
4132,0,0,0,Reader_2_1.csv
4132,0,0,0,Reader_2_10.csv
4132,0,0,0,Reader_2_11.csv
4132,0,0,0,Reader_2_12.csv
4132,0,0,0,Reader_2_2.csv
4132,2,2,0,Reader_2_3.csv
4132,0,0,0,Reader_2_4.csv
4132,0,0,0,Reader_2_5.csv
4132,1,1,0,Reader_2_6.csv
4132,0,0,0,Reader_2_7.csv
4132,0,0,0,Reader_2_8.csv
4132,0,0,0,Reader_2_9.csv
4132,28,27,1,reader_3_1.csv
4132,21,18,3,Reader_3_2.csv
4132,0,0,0,Reader_3_3.csv
4132,0,0,0,Reader_3_4.csv
4132,0,0,0,Reader_3_5.csv
4132,0,0,0,Reader_3_6.csv
4132,0,0,0,Reader_3_7.csv
4133,12,9,3,Reader_1_1.csv
4133,2,1,1,Reader_1_10.csv
4133,0,0,0,Reader_1_11.csv
4133,0,0,0,Reader_1_12.csv
4133,6,4,2,Reader_1_2.csv
4133,0,0,0,Reader_1_3.csv
4133,1,1,0,Reader_1_4.csv
4133,0,0,0,Reader_1_5.csv
4133,0,0,0,Reader_1_6.csv
4133,0,0,0,Reader_1_7.csv
4133,0,0,0,Reader_1_8.csv
4133,2,2,0,Reader_1_9.csv
4133,0,0,0,Reader_2_1.csv
4133,0,0,0,Reader_2_10.csv
4133,0,0,0,Reader_2_11.csv
4133,0,0,0,Reader_2_12.csv
4133,0,0,0,Reader_2_2.csv
4133,2,2,0,Reader_2_3.csv
4133,0,0,0,Reader_2_4.csv
4133,0,0,0,Reader_2_5.csv
4133,1,1,0,Reader_2_6.csv
4133,0,0,0,Reader_2_7.csv
4133,0,0,0,Reader_2_8.csv
4133,0,0,0,Reader_2_9.csv
4133,27,27,0,reader_3_1.csv
4133,20,16,4,Reader_3_2.csv
4133,0,0,0,Reader_3_3.csv
4133,0,0,0,Reader_3_4.csv
4133,0,0,0,Reader_3_5.csv
4133,0,0,0,Reader_3_6.csv
4133,0,0,0,Reader_3_7.csv
4134,11,8,3,Reader_1_1.csv
4134,2,1,1,Reader_1_10.csv
4134,0,0,0,Reader_1_11.csv
4134,0,0,0,Reader_1_12.csv
4134,3,2,1,Reader_1_2.csv
4134,0,0,0,Reader_1_3.csv
4134,1,1,0,Reader_1_4.csv
4134,0,0,0,Reader_1_5.csv
4134,1,1,0,Reader_1_6.csv
4134,0,0,0,Reader_1_7.csv
4134,0,0,0,Reader_1_8.csv
4134,1,1,0,Reader_1_9.csv
4134,1,1,0,Reader_2_1.csv
4134,0,0,0,Reader_2_10.csv
4134,0,0,0,Reader_2_11.csv
4134,0,0,0,Reader_2_12.csv
4134,0,0,0,Reader_2_2.csv
4134,2,2,0,Reader_2_3.csv
4134,0,0,0,Reader_2_4.csv
4134,0,0,0,Reader_2_5.csv
4134,1,1,0,Reader_2_6.csv
4134,0,0,0,Reader_2_7.csv
4134,0,0,0,Reader_2_8.csv
4134,0,0,0,Reader_2_9.csv
4134,24,24,0,reader_3_1.csv
4134,21,17,4,Reader_3_2.csv
4134,0,0,0,Reader_3_3.csv
4134,0,0,0,Reader_3_4.csv
4134,0,0,0,Reader_3_5.csv
4134,0,0,0,Reader_3_6.csv
4134,0,0,0,Reader_3_7.csv
4135,12,9,3,Reader_1_1.csv
4135,1,0,1,Reader_1_10.csv
4135,0,0,0,Reader_1_11.csv
4135,0,0,0,Reader_1_12.csv
4135,2,1,1,Reader_1_2.csv
4135,0,0,0,Reader_1_3.csv
4135,1,1,0,Reader_1_4.csv
4135,0,0,0,Reader_1_5.csv
4135,1,1,0,Reader_1_6.csv
4135,0,0,0,Reader_1_7.csv
4135,0,0,0,Reader_1_8.csv
4135,1,1,0,Reader_1_9.csv
4135,1,1,0,Reader_2_1.csv
4135,0,0,0,Reader_2_10.csv
4135,0,0,0,Reader_2_11.csv
4135,0,0,0,Reader_2_12.csv
4135,0,0,0,Reader_2_2.csv
4135,1,1,0,Reader_2_3.csv
4135,0,0,0,Reader_2_4.csv
4135,0,0,0,Reader_2_5.csv
4135,0,0,0,Reader_2_6.csv
4135,0,0,0,Reader_2_7.csv
4135,0,0,0,Reader_2_8.csv
4135,0,0,0,Reader_2_9.csv
4135,26,25,1,reader_3_1.csv
4135,23,19,4,Reader_3_2.csv
4135,0,0,0,Reader_3_3.csv
4135,0,0,0,Reader_3_4.csv
4135,0,0,0,Reader_3_5.csv
4135,0,0,0,Reader_3_6.csv
4135,0,0,0,Reader_3_7.csv
4136,11,8,3,Reader_1_1.csv
4136,1,0,1,Reader_1_10.csv
4136,0,0,0,Reader_1_11.csv
4136,0,0,0,Reader_1_12.csv
4136,0,0,0,Reader_1_2.csv
4136,0,0,0,Reader_1_3.csv
4136,1,1,0,Reader_1_4.csv
4136,0,0,0,Reader_1_5.csv
4136,1,1,0,Reader_1_6.csv
4136,0,0,0,Reader_1_7.csv
4136,0,0,0,Reader_1_8.csv
4136,0,0,0,Reader_1_9.csv
4136,1,1,0,Reader_2_1.csv
4136,0,0,0,Reader_2_10.csv
4136,0,0,0,Reader_2_11.csv
4136,0,0,0,Reader_2_12.csv
4136,0,0,0,Reader_2_2.csv
4136,1,1,0,Reader_2_3.csv
4136,0,0,0,Reader_2_4.csv
4136,0,0,0,Reader_2_5.csv
4136,0,0,0,Reader_2_6.csv
4136,0,0,0,Reader_2_7.csv
4136,0,0,0,Reader_2_8.csv
4136,0,0,0,Reader_2_9.csv
4136,27,26,1,reader_3_1.csv
4136,19,17,2,Reader_3_2.csv
4136,0,0,0,Reader_3_3.csv
4136,0,0,0,Reader_3_4.csv
4136,0,0,0,Reader_3_5.csv
4136,0,0,0,Reader_3_6.csv
4136,0,0,0,Reader_3_7.csv
4137,10,8,2,Reader_1_1.csv
4137,0,0,0,Reader_1_10.csv
4137,0,0,0,Reader_1_11.csv
4137,0,0,0,Reader_1_12.csv
4137,0,0,0,Reader_1_2.csv
4137,1,1,0,Reader_1_3.csv
4137,1,1,0,Reader_1_4.csv
4137,0,0,0,Reader_1_5.csv
4137,1,1,0,Reader_1_6.csv
4137,1,0,1,Reader_1_7.csv
4137,0,0,0,Reader_1_8.csv
4137,0,0,0,Reader_1_9.csv
4137,1,1,0,Reader_2_1.csv
4137,0,0,0,Reader_2_10.csv
4137,0,0,0,Reader_2_11.csv
4137,0,0,0,Reader_2_12.csv
4137,0,0,0,Reader_2_2.csv
4137,2,2,0,Reader_2_3.csv
4137,0,0,0,Reader_2_4.csv
4137,0,0,0,Reader_2_5.csv
4137,0,0,0,Reader_2_6.csv
4137,0,0,0,Reader_2_7.csv
4137,0,0,0,Reader_2_8.csv
4137,0,0,0,Reader_2_9.csv
4137,28,27,1,reader_3_1.csv
4137,17,14,3,Reader_3_2.csv
4137,0,0,0,Reader_3_3.csv
4137,0,0,0,Reader_3_4.csv
4137,0,0,0,Reader_3_5.csv
4137,0,0,0,Reader_3_6.csv
4137,0,0,0,Reader_3_7.csv
4138,7,6,1,Reader_1_1.csv
4138,0,0,0,Reader_1_10.csv
4138,0,0,0,Reader_1_11.csv
4138,1,1,0,Reader_1_12.csv
4138,0,0,0,Reader_1_2.csv
4138,1,1,0,Reader_1_3.csv
4138,1,1,0,Reader_1_4.csv
4138,0,0,0,Reader_1_5.csv
4138,1,1,0,Reader_1_6.csv
4138,1,0,1,Reader_1_7.csv
4138,0,0,0,Reader_1_8.csv
4138,0,0,0,Reader_1_9.csv
4138,1,1,0,Reader_2_1.csv
4138,0,0,0,Reader_2_10.csv
4138,0,0,0,Reader_2_11.csv
4138,0,0,0,Reader_2_12.csv
4138,0,0,0,Reader_2_2.csv
4138,2,2,0,Reader_2_3.csv
4138,0,0,0,Reader_2_4.csv
4138,0,0,0,Reader_2_5.csv
4138,0,0,0,Reader_2_6.csv
4138,0,0,0,Reader_2_7.csv
4138,0,0,0,Reader_2_8.csv
4138,0,0,0,Reader_2_9.csv
4138,29,28,1,reader_3_1.csv
4138,19,16,3,Reader_3_2.csv
4138,0,0,0,Reader_3_3.csv
4138,0,0,0,Reader_3_4.csv
4138,0,0,0,Reader_3_5.csv
4138,0,0,0,Reader_3_6.csv
4138,0,0,0,Reader_3_7.csv
4139,7,6,1,Reader_1_1.csv
4139,0,0,0,Reader_1_10.csv
4139,0,0,0,Reader_1_11.csv
4139,1,1,0,Reader_1_12.csv
4139,0,0,0,Reader_1_2.csv
4139,1,1,0,Reader_1_3.csv
4139,0,0,0,Reader_1_4.csv
4139,0,0,0,Reader_1_5.csv
4139,1,1,0,Reader_1_6.csv
4139,1,0,1,Reader_1_7.csv
4139,0,0,0,Reader_1_8.csv
4139,0,0,0,Reader_1_9.csv
4139,2,2,0,Reader_2_1.csv
4139,0,0,0,Reader_2_10.csv
4139,0,0,0,Reader_2_11.csv
4139,0,0,0,Reader_2_12.csv
4139,0,0,0,Reader_2_2.csv
4139,2,2,0,Reader_2_3.csv
4139,1,1,0,Reader_2_4.csv
4139,0,0,0,Reader_2_5.csv
4139,0,0,0,Reader_2_6.csv
4139,0,0,0,Reader_2_7.csv
4139,0,0,0,Reader_2_8.csv
4139,0,0,0,Reader_2_9.csv
4139,29,27,2,reader_3_1.csv
4139,17,15,2,Reader_3_2.csv
4139,0,0,0,Reader_3_3.csv
4139,0,0,0,Reader_3_4.csv
4139,0,0,0,Reader_3_5.csv
4139,0,0,0,Reader_3_6.csv
4139,0,0,0,Reader_3_7.csv
4140,7,6,1,Reader_1_1.csv
4140,0,0,0,Reader_1_10.csv
4140,0,0,0,Reader_1_11.csv
4140,1,1,0,Reader_1_12.csv
4140,0,0,0,Reader_1_2.csv
4140,1,1,0,Reader_1_3.csv
4140,0,0,0,Reader_1_4.csv
4140,0,0,0,Reader_1_5.csv
4140,1,1,0,Reader_1_6.csv
4140,1,0,1,Reader_1_7.csv
4140,0,0,0,Reader_1_8.csv
4140,1,1,0,Reader_1_9.csv
4140,2,2,0,Reader_2_1.csv
4140,0,0,0,Reader_2_10.csv
4140,0,0,0,Reader_2_11.csv
4140,0,0,0,Reader_2_12.csv
4140,0,0,0,Reader_2_2.csv
4140,2,2,0,Reader_2_3.csv
4140,1,1,0,Reader_2_4.csv
4140,0,0,0,Reader_2_5.csv
4140,1,1,0,Reader_2_6.csv
4140,0,0,0,Reader_2_7.csv
4140,0,0,0,Reader_2_8.csv
4140,0,0,0,Reader_2_9.csv
4140,27,24,3,reader_3_1.csv
4140,14,12,2,Reader_3_2.csv
4140,0,0,0,Reader_3_3.csv
4140,0,0,0,Reader_3_4.csv
4140,0,0,0,Reader_3_5.csv
4140,0,0,0,Reader_3_6.csv
4140,0,0,0,Reader_3_7.csv
4141,5,5,0,Reader_1_1.csv
4141,0,0,0,Reader_1_10.csv
4141,0,0,0,Reader_1_11.csv
4141,2,1,1,Reader_1_12.csv
4141,0,0,0,Reader_1_2.csv
4141,1,1,0,Reader_1_3.csv
4141,0,0,0,Reader_1_4.csv
4141,0,0,0,Reader_1_5.csv
4141,1,1,0,Reader_1_6.csv
4141,1,0,1,Reader_1_7.csv
4141,0,0,0,Reader_1_8.csv
4141,1,1,0,Reader_1_9.csv
4141,2,2,0,Reader_2_1.csv
4141,0,0,0,Reader_2_10.csv
4141,0,0,0,Reader_2_11.csv
4141,0,0,0,Reader_2_12.csv
4141,0,0,0,Reader_2_2.csv
4141,3,2,1,Reader_2_3.csv
4141,1,1,0,Reader_2_4.csv
4141,0,0,0,Reader_2_5.csv
4141,1,1,0,Reader_2_6.csv
4141,0,0,0,Reader_2_7.csv
4141,0,0,0,Reader_2_8.csv
4141,0,0,0,Reader_2_9.csv
4141,25,22,3,reader_3_1.csv
4141,13,12,1,Reader_3_2.csv
4141,0,0,0,Reader_3_3.csv
4141,0,0,0,Reader_3_4.csv
4141,0,0,0,Reader_3_5.csv
4141,0,0,0,Reader_3_6.csv
4141,0,0,0,Reader_3_7.csv
4142,5,5,0,Reader_1_1.csv
4142,0,0,0,Reader_1_10.csv
4142,0,0,0,Reader_1_11.csv
4142,2,1,1,Reader_1_12.csv
4142,0,0,0,Reader_1_2.csv
4142,1,1,0,Reader_1_3.csv
4142,0,0,0,Reader_1_4.csv
4142,0,0,0,Reader_1_5.csv
4142,0,0,0,Reader_1_6.csv
4142,1,0,1,Reader_1_7.csv
4142,0,0,0,Reader_1_8.csv
4142,1,1,0,Reader_1_9.csv
4142,1,1,0,Reader_2_1.csv
4142,0,0,0,Reader_2_10.csv
4142,0,0,0,Reader_2_11.csv
4142,0,0,0,Reader_2_12.csv
4142,0,0,0,Reader_2_2.csv
4142,3,2,1,Reader_2_3.csv
4142,1,1,0,Reader_2_4.csv
4142,0,0,0,Reader_2_5.csv
4142,1,1,0,Reader_2_6.csv
4142,0,0,0,Reader_2_7.csv
4142,0,0,0,Reader_2_8.csv
4142,1,1,0,Reader_2_9.csv
4142,21,18,3,reader_3_1.csv
4142,12,10,2,Reader_3_2.csv
4142,0,0,0,Reader_3_3.csv
4142,0,0,0,Reader_3_4.csv
4142,0,0,0,Reader_3_5.csv
4142,0,0,0,Reader_3_6.csv
4142,0,0,0,Reader_3_7.csv
4143,5,5,0,Reader_1_1.csv
4143,0,0,0,Reader_1_10.csv
4143,0,0,0,Reader_1_11.csv
4143,2,1,1,Reader_1_12.csv
4143,0,0,0,Reader_1_2.csv
4143,2,2,0,Reader_1_3.csv
4143,0,0,0,Reader_1_4.csv
4143,0,0,0,Reader_1_5.csv
4143,0,0,0,Reader_1_6.csv
4143,1,0,1,Reader_1_7.csv
4143,0,0,0,Reader_1_8.csv
4143,1,1,0,Reader_1_9.csv
4143,1,1,0,Reader_2_1.csv
4143,0,0,0,Reader_2_10.csv
4143,0,0,0,Reader_2_11.csv
4143,0,0,0,Reader_2_12.csv
4143,2,1,1,Reader_2_2.csv
4143,3,2,1,Reader_2_3.csv
4143,1,1,0,Reader_2_4.csv
4143,0,0,0,Reader_2_5.csv
4143,1,1,0,Reader_2_6.csv
4143,0,0,0,Reader_2_7.csv
4143,0,0,0,Reader_2_8.csv
4143,1,1,0,Reader_2_9.csv
4143,14,12,2,reader_3_1.csv
4143,11,9,2,Reader_3_2.csv
4143,0,0,0,Reader_3_3.csv
4143,0,0,0,Reader_3_4.csv
4143,0,0,0,Reader_3_5.csv
4143,0,0,0,Reader_3_6.csv
4143,0,0,0,Reader_3_7.csv
4144,5,5,0,Reader_1_1.csv
4144,0,0,0,Reader_1_10.csv
4144,0,0,0,Reader_1_11.csv
4144,2,1,1,Reader_1_12.csv
4144,0,0,0,Reader_1_2.csv
4144,3,2,1,Reader_1_3.csv
4144,0,0,0,Reader_1_4.csv
4144,0,0,0,Reader_1_5.csv
4144,0,0,0,Reader_1_6.csv
4144,1,0,1,Reader_1_7.csv
4144,0,0,0,Reader_1_8.csv
4144,1,1,0,Reader_1_9.csv
4144,1,1,0,Reader_2_1.csv
4144,0,0,0,Reader_2_10.csv
4144,0,0,0,Reader_2_11.csv
4144,0,0,0,Reader_2_12.csv
4144,2,1,1,Reader_2_2.csv
4144,3,2,1,Reader_2_3.csv
4144,1,1,0,Reader_2_4.csv
4144,0,0,0,Reader_2_5.csv
4144,1,1,0,Reader_2_6.csv
4144,0,0,0,Reader_2_7.csv
4144,0,0,0,Reader_2_8.csv
4144,1,1,0,Reader_2_9.csv
4144,15,13,2,reader_3_1.csv
4144,10,8,2,Reader_3_2.csv
4144,0,0,0,Reader_3_3.csv
4144,0,0,0,Reader_3_4.csv
4144,0,0,0,Reader_3_5.csv
4144,0,0,0,Reader_3_6.csv
4144,0,0,0,Reader_3_7.csv
4145,4,4,0,Reader_1_1.csv
4145,0,0,0,Reader_1_10.csv
4145,0,0,0,Reader_1_11.csv
4145,2,1,1,Reader_1_12.csv
4145,0,0,0,Reader_1_2.csv
4145,2,1,1,Reader_1_3.csv
4145,0,0,0,Reader_1_4.csv
4145,0,0,0,Reader_1_5.csv
4145,0,0,0,Reader_1_6.csv
4145,0,0,0,Reader_1_7.csv
4145,0,0,0,Reader_1_8.csv
4145,1,1,0,Reader_1_9.csv
4145,1,1,0,Reader_2_1.csv
4145,0,0,0,Reader_2_10.csv
4145,0,0,0,Reader_2_11.csv
4145,0,0,0,Reader_2_12.csv
4145,2,1,1,Reader_2_2.csv
4145,2,1,1,Reader_2_3.csv
4145,1,1,0,Reader_2_4.csv
4145,0,0,0,Reader_2_5.csv
4145,1,1,0,Reader_2_6.csv
4145,0,0,0,Reader_2_7.csv
4145,0,0,0,Reader_2_8.csv
4145,1,1,0,Reader_2_9.csv
4145,10,8,2,reader_3_1.csv
4145,9,8,1,Reader_3_2.csv
4145,0,0,0,Reader_3_3.csv
4145,0,0,0,Reader_3_4.csv
4145,0,0,0,Reader_3_5.csv
4145,0,0,0,Reader_3_6.csv
4145,0,0,0,Reader_3_7.csv
4146,4,4,0,Reader_1_1.csv
4146,0,0,0,Reader_1_10.csv
4146,0,0,0,Reader_1_11.csv
4146,1,0,1,Reader_1_12.csv
4146,0,0,0,Reader_1_2.csv
4146,2,1,1,Reader_1_3.csv
4146,0,0,0,Reader_1_4.csv
4146,0,0,0,Reader_1_5.csv
4146,0,0,0,Reader_1_6.csv
4146,0,0,0,Reader_1_7.csv
4146,0,0,0,Reader_1_8.csv
4146,1,1,0,Reader_1_9.csv
4146,1,1,0,Reader_2_1.csv
4146,0,0,0,Reader_2_10.csv
4146,0,0,0,Reader_2_11.csv
4146,0,0,0,Reader_2_12.csv
4146,3,2,1,Reader_2_2.csv
4146,2,1,1,Reader_2_3.csv
4146,1,1,0,Reader_2_4.csv
4146,0,0,0,Reader_2_5.csv
4146,1,1,0,Reader_2_6.csv
4146,0,0,0,Reader_2_7.csv
4146,0,0,0,Reader_2_8.csv
4146,1,1,0,Reader_2_9.csv
4146,9,7,2,reader_3_1.csv
4146,7,6,1,Reader_3_2.csv
4146,0,0,0,Reader_3_3.csv
4146,0,0,0,Reader_3_4.csv
4146,0,0,0,Reader_3_5.csv
4146,0,0,0,Reader_3_6.csv
4146,0,0,0,Reader_3_7.csv
4147,4,4,0,Reader_1_1.csv
4147,0,0,0,Reader_1_10.csv
4147,0,0,0,Reader_1_11.csv
4147,1,0,1,Reader_1_12.csv
4147,0,0,0,Reader_1_2.csv
4147,2,1,1,Reader_1_3.csv
4147,0,0,0,Reader_1_4.csv
4147,0,0,0,Reader_1_5.csv
4147,0,0,0,Reader_1_6.csv
4147,0,0,0,Reader_1_7.csv
4147,0,0,0,Reader_1_8.csv
4147,1,1,0,Reader_1_9.csv
4147,0,0,0,Reader_2_1.csv
4147,0,0,0,Reader_2_10.csv
4147,0,0,0,Reader_2_11.csv
4147,0,0,0,Reader_2_12.csv
4147,3,2,1,Reader_2_2.csv
4147,2,1,1,Reader_2_3.csv
4147,0,0,0,Reader_2_4.csv
4147,0,0,0,Reader_2_5.csv
4147,1,1,0,Reader_2_6.csv
4147,0,0,0,Reader_2_7.csv
4147,0,0,0,Reader_2_8.csv
4147,2,2,0,Reader_2_9.csv
4147,7,6,1,reader_3_1.csv
4147,6,5,1,Reader_3_2.csv
4147,0,0,0,Reader_3_3.csv
4147,0,0,0,Reader_3_4.csv
4147,0,0,0,Reader_3_5.csv
4147,0,0,0,Reader_3_6.csv
4147,0,0,0,Reader_3_7.csv
4148,4,4,0,Reader_1_1.csv
4148,0,0,0,Reader_1_10.csv
4148,0,0,0,Reader_1_11.csv
4148,1,0,1,Reader_1_12.csv
4148,0,0,0,Reader_1_2.csv
4148,2,1,1,Reader_1_3.csv
4148,0,0,0,Reader_1_4.csv
4148,1,1,0,Reader_1_5.csv
4148,0,0,0,Reader_1_6.csv
4148,0,0,0,Reader_1_7.csv
4148,0,0,0,Reader_1_8.csv
4148,0,0,0,Reader_1_9.csv
4148,0,0,0,Reader_2_1.csv
4148,0,0,0,Reader_2_10.csv
4148,1,0,1,Reader_2_11.csv
4148,1,1,0,Reader_2_12.csv
4148,3,2,1,Reader_2_2.csv
4148,1,0,1,Reader_2_3.csv
4148,0,0,0,Reader_2_4.csv
4148,0,0,0,Reader_2_5.csv
4148,0,0,0,Reader_2_6.csv
4148,0,0,0,Reader_2_7.csv
4148,0,0,0,Reader_2_8.csv
4148,2,2,0,Reader_2_9.csv
4148,5,5,0,reader_3_1.csv
4148,8,7,1,Reader_3_2.csv
4148,0,0,0,Reader_3_3.csv
4148,0,0,0,Reader_3_4.csv
4148,0,0,0,Reader_3_5.csv
4148,0,0,0,Reader_3_6.csv
4148,0,0,0,Reader_3_7.csv
4149,5,5,0,Reader_1_1.csv
4149,0,0,0,Reader_1_10.csv
4149,0,0,0,Reader_1_11.csv
4149,0,0,0,Reader_1_12.csv
4149,0,0,0,Reader_1_2.csv
4149,2,1,1,Reader_1_3.csv
4149,0,0,0,Reader_1_4.csv
4149,1,1,0,Reader_1_5.csv
4149,0,0,0,Reader_1_6.csv
4149,0,0,0,Reader_1_7.csv
4149,0,0,0,Reader_1_8.csv
4149,0,0,0,Reader_1_9.csv
4149,0,0,0,Reader_2_1.csv
4149,0,0,0,Reader_2_10.csv
4149,1,0,1,Reader_2_11.csv
4149,1,1,0,Reader_2_12.csv
4149,3,2,1,Reader_2_2.csv
4149,0,0,0,Reader_2_3.csv
4149,0,0,0,Reader_2_4.csv
4149,0,0,0,Reader_2_5.csv
4149,0,0,0,Reader_2_6.csv
4149,0,0,0,Reader_2_7.csv
4149,0,0,0,Reader_2_8.csv
4149,2,2,0,Reader_2_9.csv
4149,7,7,0,reader_3_1.csv
4149,8,7,1,Reader_3_2.csv
4149,0,0,0,Reader_3_3.csv
4149,0,0,0,Reader_3_4.csv
4149,0,0,0,Reader_3_5.csv
4149,0,0,0,Reader_3_6.csv
4149,0,0,0,Reader_3_7.csv
4150,5,5,0,Reader_1_1.csv
4150,0,0,0,Reader_1_10.csv
4150,0,0,0,Reader_1_11.csv
4150,0,0,0,Reader_1_12.csv
4150,0,0,0,Reader_1_2.csv
4150,2,1,1,Reader_1_3.csv
4150,0,0,0,Reader_1_4.csv
4150,1,1,0,Reader_1_5.csv
4150,0,0,0,Reader_1_6.csv
4150,0,0,0,Reader_1_7.csv
4150,0,0,0,Reader_1_8.csv
4150,0,0,0,Reader_1_9.csv
4150,0,0,0,Reader_2_1.csv
4150,0,0,0,Reader_2_10.csv
4150,1,0,1,Reader_2_11.csv
4150,1,1,0,Reader_2_12.csv
4150,3,2,1,Reader_2_2.csv
4150,0,0,0,Reader_2_3.csv
4150,0,0,0,Reader_2_4.csv
4150,0,0,0,Reader_2_5.csv
4150,0,0,0,Reader_2_6.csv
4150,0,0,0,Reader_2_7.csv
4150,0,0,0,Reader_2_8.csv
4150,1,1,0,Reader_2_9.csv
4150,9,9,0,reader_3_1.csv
4150,6,6,0,Reader_3_2.csv
4150,0,0,0,Reader_3_3.csv
4150,0,0,0,Reader_3_4.csv
4150,0,0,0,Reader_3_5.csv
4150,0,0,0,Reader_3_6.csv
4150,0,0,0,Reader_3_7.csv
4151,5,5,0,Reader_1_1.csv
4151,0,0,0,Reader_1_10.csv
4151,0,0,0,Reader_1_11.csv
4151,0,0,0,Reader_1_12.csv
4151,0,0,0,Reader_1_2.csv
4151,1,0,1,Reader_1_3.csv
4151,0,0,0,Reader_1_4.csv
4151,1,1,0,Reader_1_5.csv
4151,0,0,0,Reader_1_6.csv
4151,0,0,0,Reader_1_7.csv
4151,0,0,0,Reader_1_8.csv
4151,0,0,0,Reader_1_9.csv
4151,1,1,0,Reader_2_1.csv
4151,0,0,0,Reader_2_10.csv
4151,1,0,1,Reader_2_11.csv
4151,1,1,0,Reader_2_12.csv
4151,1,1,0,Reader_2_2.csv
4151,0,0,0,Reader_2_3.csv
4151,0,0,0,Reader_2_4.csv
4151,0,0,0,Reader_2_5.csv
4151,0,0,0,Reader_2_6.csv
4151,0,0,0,Reader_2_7.csv
4151,0,0,0,Reader_2_8.csv
4151,1,1,0,Reader_2_9.csv
4151,9,9,0,reader_3_1.csv
4151,5,5,0,Reader_3_2.csv
4151,0,0,0,Reader_3_3.csv
4151,0,0,0,Reader_3_4.csv
4151,0,0,0,Reader_3_5.csv
4151,0,0,0,Reader_3_6.csv
4151,0,0,0,Reader_3_7.csv
4152,5,5,0,Reader_1_1.csv
4152,0,0,0,Reader_1_10.csv
4152,0,0,0,Reader_1_11.csv
4152,1,1,0,Reader_1_12.csv
4152,0,0,0,Reader_1_2.csv
4152,0,0,0,Reader_1_3.csv
4152,0,0,0,Reader_1_4.csv
4152,1,1,0,Reader_1_5.csv
4152,0,0,0,Reader_1_6.csv
4152,0,0,0,Reader_1_7.csv
4152,0,0,0,Reader_1_8.csv
4152,0,0,0,Reader_1_9.csv
4152,1,1,0,Reader_2_1.csv
4152,0,0,0,Reader_2_10.csv
4152,1,0,1,Reader_2_11.csv
4152,1,1,0,Reader_2_12.csv
4152,2,1,1,Reader_2_2.csv
4152,0,0,0,Reader_2_3.csv
4152,0,0,0,Reader_2_4.csv
4152,0,0,0,Reader_2_5.csv
4152,0,0,0,Reader_2_6.csv
4152,0,0,0,Reader_2_7.csv
4152,0,0,0,Reader_2_8.csv
4152,1,1,0,Reader_2_9.csv
4152,6,6,0,reader_3_1.csv
4152,5,5,0,Reader_3_2.csv
4152,0,0,0,Reader_3_3.csv
4152,0,0,0,Reader_3_4.csv
4152,0,0,0,Reader_3_5.csv
4152,0,0,0,Reader_3_6.csv
4152,0,0,0,Reader_3_7.csv
4153,5,5,0,Reader_1_1.csv
4153,1,1,0,Reader_1_10.csv
4153,0,0,0,Reader_1_11.csv
4153,1,1,0,Reader_1_12.csv
4153,0,0,0,Reader_1_2.csv
4153,0,0,0,Reader_1_3.csv
4153,0,0,0,Reader_1_4.csv
4153,1,1,0,Reader_1_5.csv
4153,0,0,0,Reader_1_6.csv
4153,0,0,0,Reader_1_7.csv
4153,0,0,0,Reader_1_8.csv
4153,0,0,0,Reader_1_9.csv
4153,1,1,0,Reader_2_1.csv
4153,0,0,0,Reader_2_10.csv
4153,1,0,1,Reader_2_11.csv
4153,1,1,0,Reader_2_12.csv
4153,2,1,1,Reader_2_2.csv
4153,0,0,0,Reader_2_3.csv
4153,0,0,0,Reader_2_4.csv
4153,0,0,0,Reader_2_5.csv
4153,0,0,0,Reader_2_6.csv
4153,0,0,0,Reader_2_7.csv
4153,0,0,0,Reader_2_8.csv
4153,1,1,0,Reader_2_9.csv
4153,6,6,0,reader_3_1.csv
4153,4,4,0,Reader_3_2.csv
4153,0,0,0,Reader_3_3.csv
4153,0,0,0,Reader_3_4.csv
4153,0,0,0,Reader_3_5.csv
4153,0,0,0,Reader_3_6.csv
4153,0,0,0,Reader_3_7.csv
4154,5,5,0,Reader_1_1.csv
4154,1,1,0,Reader_1_10.csv
4154,1,0,1,Reader_1_11.csv
4154,1,1,0,Reader_1_12.csv
4154,0,0,0,Reader_1_2.csv
4154,0,0,0,Reader_1_3.csv
4154,0,0,0,Reader_1_4.csv
4154,1,1,0,Reader_1_5.csv
4154,1,1,0,Reader_1_6.csv
4154,0,0,0,Reader_1_7.csv
4154,0,0,0,Reader_1_8.csv
4154,0,0,0,Reader_1_9.csv
4154,1,1,0,Reader_2_1.csv
4154,0,0,0,Reader_2_10.csv
4154,1,0,1,Reader_2_11.csv
4154,1,1,0,Reader_2_12.csv
4154,1,0,1,Reader_2_2.csv
4154,0,0,0,Reader_2_3.csv
4154,0,0,0,Reader_2_4.csv
4154,0,0,0,Reader_2_5.csv
4154,0,0,0,Reader_2_6.csv
4154,0,0,0,Reader_2_7.csv
4154,0,0,0,Reader_2_8.csv
4154,1,1,0,Reader_2_9.csv
4154,5,5,0,reader_3_1.csv
4154,5,5,0,Reader_3_2.csv
4154,0,0,0,Reader_3_3.csv
4154,0,0,0,Reader_3_4.csv
4154,0,0,0,Reader_3_5.csv
4154,0,0,0,Reader_3_6.csv
4154,0,0,0,Reader_3_7.csv
4155,4,4,0,Reader_1_1.csv
4155,1,1,0,Reader_1_10.csv
4155,1,0,1,Reader_1_11.csv
4155,2,2,0,Reader_1_12.csv
4155,0,0,0,Reader_1_2.csv
4155,1,1,0,Reader_1_3.csv
4155,0,0,0,Reader_1_4.csv
4155,1,1,0,Reader_1_5.csv
4155,2,2,0,Reader_1_6.csv
4155,0,0,0,Reader_1_7.csv
4155,0,0,0,Reader_1_8.csv
4155,0,0,0,Reader_1_9.csv
4155,1,1,0,Reader_2_1.csv
4155,0,0,0,Reader_2_10.csv
4155,1,0,1,Reader_2_11.csv
4155,1,1,0,Reader_2_12.csv
4155,1,0,1,Reader_2_2.csv
4155,0,0,0,Reader_2_3.csv
4155,0,0,0,Reader_2_4.csv
4155,0,0,0,Reader_2_5.csv
4155,0,0,0,Reader_2_6.csv
4155,0,0,0,Reader_2_7.csv
4155,0,0,0,Reader_2_8.csv
4155,0,0,0,Reader_2_9.csv
4155,4,4,0,reader_3_1.csv
4155,6,6,0,Reader_3_2.csv
4155,0,0,0,Reader_3_3.csv
4155,0,0,0,Reader_3_4.csv
4155,0,0,0,Reader_3_5.csv
4155,0,0,0,Reader_3_6.csv
4155,0,0,0,Reader_3_7.csv
4156,4,4,0,Reader_1_1.csv
4156,1,1,0,Reader_1_10.csv
4156,1,0,1,Reader_1_11.csv
4156,2,2,0,Reader_1_12.csv
4156,0,0,0,Reader_1_2.csv
4156,1,1,0,Reader_1_3.csv
4156,1,0,1,Reader_1_4.csv
4156,0,0,0,Reader_1_5.csv
4156,2,2,0,Reader_1_6.csv
4156,0,0,0,Reader_1_7.csv
4156,0,0,0,Reader_1_8.csv
4156,0,0,0,Reader_1_9.csv
4156,1,1,0,Reader_2_1.csv
4156,0,0,0,Reader_2_10.csv
4156,0,0,0,Reader_2_11.csv
4156,0,0,0,Reader_2_12.csv
4156,1,0,1,Reader_2_2.csv
4156,0,0,0,Reader_2_3.csv
4156,0,0,0,Reader_2_4.csv
4156,0,0,0,Reader_2_5.csv
4156,0,0,0,Reader_2_6.csv
4156,0,0,0,Reader_2_7.csv
4156,0,0,0,Reader_2_8.csv
4156,1,1,0,Reader_2_9.csv
4156,6,6,0,reader_3_1.csv
4156,4,4,0,Reader_3_2.csv
4156,0,0,0,Reader_3_3.csv
4156,0,0,0,Reader_3_4.csv
4156,0,0,0,Reader_3_5.csv
4156,0,0,0,Reader_3_6.csv
4156,0,0,0,Reader_3_7.csv
4157,5,5,0,Reader_1_1.csv
4157,1,1,0,Reader_1_10.csv
4157,1,0,1,Reader_1_11.csv
4157,2,2,0,Reader_1_12.csv
4157,0,0,0,Reader_1_2.csv
4157,1,1,0,Reader_1_3.csv
4157,1,0,1,Reader_1_4.csv
4157,0,0,0,Reader_1_5.csv
4157,2,2,0,Reader_1_6.csv
4157,0,0,0,Reader_1_7.csv
4157,0,0,0,Reader_1_8.csv
4157,0,0,0,Reader_1_9.csv
4157,1,1,0,Reader_2_1.csv
4157,0,0,0,Reader_2_10.csv
4157,0,0,0,Reader_2_11.csv
4157,0,0,0,Reader_2_12.csv
4157,1,0,1,Reader_2_2.csv
4157,0,0,0,Reader_2_3.csv
4157,0,0,0,Reader_2_4.csv
4157,0,0,0,Reader_2_5.csv
4157,0,0,0,Reader_2_6.csv
4157,0,0,0,Reader_2_7.csv
4157,0,0,0,Reader_2_8.csv
4157,1,1,0,Reader_2_9.csv
4157,5,4,1,reader_3_1.csv
4157,4,4,0,Reader_3_2.csv
4157,0,0,0,Reader_3_3.csv
4157,0,0,0,Reader_3_4.csv
4157,0,0,0,Reader_3_5.csv
4157,0,0,0,Reader_3_6.csv
4157,0,0,0,Reader_3_7.csv
4158,7,7,0,Reader_1_1.csv
4158,2,2,0,Reader_1_10.csv
4158,1,0,1,Reader_1_11.csv
4158,2,2,0,Reader_1_12.csv
4158,0,0,0,Reader_1_2.csv
4158,2,2,0,Reader_1_3.csv
4158,2,1,1,Reader_1_4.csv
4158,0,0,0,Reader_1_5.csv
4158,2,2,0,Reader_1_6.csv
4158,0,0,0,Reader_1_7.csv
4158,0,0,0,Reader_1_8.csv
4158,0,0,0,Reader_1_9.csv
4158,1,1,0,Reader_2_1.csv
4158,0,0,0,Reader_2_10.csv
4158,0,0,0,Reader_2_11.csv
4158,0,0,0,Reader_2_12.csv
4158,1,0,1,Reader_2_2.csv
4158,0,0,0,Reader_2_3.csv
4158,0,0,0,Reader_2_4.csv
4158,0,0,0,Reader_2_5.csv
4158,0,0,0,Reader_2_6.csv
4158,0,0,0,Reader_2_7.csv
4158,0,0,0,Reader_2_8.csv
4158,1,1,0,Reader_2_9.csv
4158,3,2,1,reader_3_1.csv
4158,4,4,0,Reader_3_2.csv
4158,0,0,0,Reader_3_3.csv
4158,0,0,0,Reader_3_4.csv
4158,0,0,0,Reader_3_5.csv
4158,0,0,0,Reader_3_6.csv
4158,0,0,0,Reader_3_7.csv
4159,9,9,0,Reader_1_1.csv
4159,2,2,0,Reader_1_10.csv
4159,1,0,1,Reader_1_11.csv
4159,2,2,0,Reader_1_12.csv
4159,0,0,0,Reader_1_2.csv
4159,2,2,0,Reader_1_3.csv
4159,2,1,1,Reader_1_4.csv
4159,0,0,0,Reader_1_5.csv
4159,2,2,0,Reader_1_6.csv
4159,0,0,0,Reader_1_7.csv
4159,0,0,0,Reader_1_8.csv
4159,0,0,0,Reader_1_9.csv
4159,0,0,0,Reader_2_1.csv
4159,0,0,0,Reader_2_10.csv
4159,0,0,0,Reader_2_11.csv
4159,0,0,0,Reader_2_12.csv
4159,1,0,1,Reader_2_2.csv
4159,0,0,0,Reader_2_3.csv
4159,0,0,0,Reader_2_4.csv
4159,0,0,0,Reader_2_5.csv
4159,0,0,0,Reader_2_6.csv
4159,0,0,0,Reader_2_7.csv
4159,1,1,0,Reader_2_8.csv
4159,1,1,0,Reader_2_9.csv
4159,3,2,1,reader_3_1.csv
4159,4,4,0,Reader_3_2.csv
4159,0,0,0,Reader_3_3.csv
4159,0,0,0,Reader_3_4.csv
4159,0,0,0,Reader_3_5.csv
4159,0,0,0,Reader_3_6.csv
4159,0,0,0,Reader_3_7.csv
4160,11,11,0,Reader_1_1.csv
4160,2,2,0,Reader_1_10.csv
4160,1,0,1,Reader_1_11.csv
4160,1,1,0,Reader_1_12.csv
4160,0,0,0,Reader_1_2.csv
4160,3,3,0,Reader_1_3.csv
4160,2,1,1,Reader_1_4.csv
4160,0,0,0,Reader_1_5.csv
4160,2,2,0,Reader_1_6.csv
4160,0,0,0,Reader_1_7.csv
4160,0,0,0,Reader_1_8.csv
4160,0,0,0,Reader_1_9.csv
4160,0,0,0,Reader_2_1.csv
4160,0,0,0,Reader_2_10.csv
4160,0,0,0,Reader_2_11.csv
4160,0,0,0,Reader_2_12.csv
4160,0,0,0,Reader_2_2.csv
4160,0,0,0,Reader_2_3.csv
4160,0,0,0,Reader_2_4.csv
4160,0,0,0,Reader_2_5.csv
4160,0,0,0,Reader_2_6.csv
4160,0,0,0,Reader_2_7.csv
4160,2,2,0,Reader_2_8.csv
4160,1,1,0,Reader_2_9.csv
4160,3,2,1,reader_3_1.csv
4160,4,4,0,Reader_3_2.csv
4160,0,0,0,Reader_3_3.csv
4160,0,0,0,Reader_3_4.csv
4160,0,0,0,Reader_3_5.csv
4160,0,0,0,Reader_3_6.csv
4160,0,0,0,Reader_3_7.csv
4161,21,20,1,Reader_1_1.csv
4161,1,1,0,Reader_1_10.csv
4161,1,0,1,Reader_1_11.csv
4161,1,1,0,Reader_1_12.csv
4161,0,0,0,Reader_1_2.csv
4161,3,3,0,Reader_1_3.csv
4161,2,1,1,Reader_1_4.csv
4161,1,1,0,Reader_1_5.csv
4161,2,2,0,Reader_1_6.csv
4161,0,0,0,Reader_1_7.csv
4161,0,0,0,Reader_1_8.csv
4161,0,0,0,Reader_1_9.csv
4161,0,0,0,Reader_2_1.csv
4161,1,0,1,Reader_2_10.csv
4161,0,0,0,Reader_2_11.csv
4161,0,0,0,Reader_2_12.csv
4161,0,0,0,Reader_2_2.csv
4161,0,0,0,Reader_2_3.csv
4161,0,0,0,Reader_2_4.csv
4161,0,0,0,Reader_2_5.csv
4161,0,0,0,Reader_2_6.csv
4161,0,0,0,Reader_2_7.csv
4161,2,2,0,Reader_2_8.csv
4161,1,1,0,Reader_2_9.csv
4161,3,2,1,reader_3_1.csv
4161,5,5,0,Reader_3_2.csv
4161,0,0,0,Reader_3_3.csv
4161,0,0,0,Reader_3_4.csv
4161,0,0,0,Reader_3_5.csv
4161,0,0,0,Reader_3_6.csv
4161,0,0,0,Reader_3_7.csv
4162,28,27,1,Reader_1_1.csv
4162,1,1,0,Reader_1_10.csv
4162,0,0,0,Reader_1_11.csv
4162,1,1,0,Reader_1_12.csv
4162,0,0,0,Reader_1_2.csv
4162,3,3,0,Reader_1_3.csv
4162,2,1,1,Reader_1_4.csv
4162,1,1,0,Reader_1_5.csv
4162,1,1,0,Reader_1_6.csv
4162,0,0,0,Reader_1_7.csv
4162,0,0,0,Reader_1_8.csv
4162,0,0,0,Reader_1_9.csv
4162,0,0,0,Reader_2_1.csv
4162,1,0,1,Reader_2_10.csv
4162,0,0,0,Reader_2_11.csv
4162,0,0,0,Reader_2_12.csv
4162,0,0,0,Reader_2_2.csv
4162,1,1,0,Reader_2_3.csv
4162,0,0,0,Reader_2_4.csv
4162,0,0,0,Reader_2_5.csv
4162,0,0,0,Reader_2_6.csv
4162,0,0,0,Reader_2_7.csv
4162,2,2,0,Reader_2_8.csv
4162,1,1,0,Reader_2_9.csv
4162,5,3,2,reader_3_1.csv
4162,4,3,1,Reader_3_2.csv
4162,0,0,0,Reader_3_3.csv
4162,0,0,0,Reader_3_4.csv
4162,0,0,0,Reader_3_5.csv
4162,0,0,0,Reader_3_6.csv
4162,0,0,0,Reader_3_7.csv
4163,34,33,1,Reader_1_1.csv
4163,1,1,0,Reader_1_10.csv
4163,0,0,0,Reader_1_11.csv
4163,0,0,0,Reader_1_12.csv
4163,0,0,0,Reader_1_2.csv
4163,3,3,0,Reader_1_3.csv
4163,2,1,1,Reader_1_4.csv
4163,1,1,0,Reader_1_5.csv
4163,0,0,0,Reader_1_6.csv
4163,0,0,0,Reader_1_7.csv
4163,0,0,0,Reader_1_8.csv
4163,0,0,0,Reader_1_9.csv
4163,0,0,0,Reader_2_1.csv
4163,1,0,1,Reader_2_10.csv
4163,0,0,0,Reader_2_11.csv
4163,0,0,0,Reader_2_12.csv
4163,0,0,0,Reader_2_2.csv
4163,1,1,0,Reader_2_3.csv
4163,0,0,0,Reader_2_4.csv
4163,0,0,0,Reader_2_5.csv
4163,0,0,0,Reader_2_6.csv
4163,0,0,0,Reader_2_7.csv
4163,2,2,0,Reader_2_8.csv
4163,1,1,0,Reader_2_9.csv
4163,6,4,2,reader_3_1.csv
4163,3,2,1,Reader_3_2.csv
4163,0,0,0,Reader_3_3.csv
4163,0,0,0,Reader_3_4.csv
4163,0,0,0,Reader_3_5.csv
4163,0,0,0,Reader_3_6.csv
4163,0,0,0,Reader_3_7.csv
4164,40,39,1,Reader_1_1.csv
4164,1,1,0,Reader_1_10.csv
4164,0,0,0,Reader_1_11.csv
4164,2,2,0,Reader_1_12.csv
4164,0,0,0,Reader_1_2.csv
4164,4,4,0,Reader_1_3.csv
4164,1,1,0,Reader_1_4.csv
4164,1,1,0,Reader_1_5.csv
4164,0,0,0,Reader_1_6.csv
4164,0,0,0,Reader_1_7.csv
4164,0,0,0,Reader_1_8.csv
4164,0,0,0,Reader_1_9.csv
4164,0,0,0,Reader_2_1.csv
4164,1,0,1,Reader_2_10.csv
4164,0,0,0,Reader_2_11.csv
4164,0,0,0,Reader_2_12.csv
4164,1,0,1,Reader_2_2.csv
4164,1,1,0,Reader_2_3.csv
4164,0,0,0,Reader_2_4.csv
4164,0,0,0,Reader_2_5.csv
4164,0,0,0,Reader_2_6.csv
4164,0,0,0,Reader_2_7.csv
4164,3,3,0,Reader_2_8.csv
4164,0,0,0,Reader_2_9.csv
4164,4,2,2,reader_3_1.csv
4164,3,2,1,Reader_3_2.csv
4164,0,0,0,Reader_3_3.csv
4164,0,0,0,Reader_3_4.csv
4164,0,0,0,Reader_3_5.csv
4164,0,0,0,Reader_3_6.csv
4164,0,0,0,Reader_3_7.csv
4165,42,41,1,Reader_1_1.csv
4165,1,1,0,Reader_1_10.csv
4165,0,0,0,Reader_1_11.csv
4165,2,2,0,Reader_1_12.csv
4165,0,0,0,Reader_1_2.csv
4165,4,4,0,Reader_1_3.csv
4165,1,1,0,Reader_1_4.csv
4165,1,1,0,Reader_1_5.csv
4165,0,0,0,Reader_1_6.csv
4165,0,0,0,Reader_1_7.csv
4165,0,0,0,Reader_1_8.csv
4165,0,0,0,Reader_1_9.csv
4165,0,0,0,Reader_2_1.csv
4165,1,0,1,Reader_2_10.csv
4165,0,0,0,Reader_2_11.csv
4165,0,0,0,Reader_2_12.csv
4165,1,0,1,Reader_2_2.csv
4165,1,1,0,Reader_2_3.csv
4165,0,0,0,Reader_2_4.csv
4165,0,0,0,Reader_2_5.csv
4165,0,0,0,Reader_2_6.csv
4165,0,0,0,Reader_2_7.csv
4165,3,3,0,Reader_2_8.csv
4165,0,0,0,Reader_2_9.csv
4165,3,2,1,reader_3_1.csv
4165,3,2,1,Reader_3_2.csv
4165,0,0,0,Reader_3_3.csv
4165,0,0,0,Reader_3_4.csv
4165,0,0,0,Reader_3_5.csv
4165,0,0,0,Reader_3_6.csv
4165,0,0,0,Reader_3_7.csv
4166,47,46,1,Reader_1_1.csv
4166,0,0,0,Reader_1_10.csv
4166,0,0,0,Reader_1_11.csv
4166,2,2,0,Reader_1_12.csv
4166,0,0,0,Reader_1_2.csv
4166,3,3,0,Reader_1_3.csv
4166,0,0,0,Reader_1_4.csv
4166,1,1,0,Reader_1_5.csv
4166,0,0,0,Reader_1_6.csv
4166,0,0,0,Reader_1_7.csv
4166,0,0,0,Reader_1_8.csv
4166,0,0,0,Reader_1_9.csv
4166,0,0,0,Reader_2_1.csv
4166,1,0,1,Reader_2_10.csv
4166,0,0,0,Reader_2_11.csv
4166,0,0,0,Reader_2_12.csv
4166,3,1,2,Reader_2_2.csv
4166,1,1,0,Reader_2_3.csv
4166,0,0,0,Reader_2_4.csv
4166,0,0,0,Reader_2_5.csv
4166,0,0,0,Reader_2_6.csv
4166,0,0,0,Reader_2_7.csv
4166,3,3,0,Reader_2_8.csv
4166,0,0,0,Reader_2_9.csv
4166,3,2,1,reader_3_1.csv
4166,4,2,2,Reader_3_2.csv
4166,0,0,0,Reader_3_3.csv
4166,0,0,0,Reader_3_4.csv
4166,0,0,0,Reader_3_5.csv
4166,0,0,0,Reader_3_6.csv
4166,0,0,0,Reader_3_7.csv
4167,56,55,1,Reader_1_1.csv
4167,0,0,0,Reader_1_10.csv
4167,0,0,0,Reader_1_11.csv
4167,2,2,0,Reader_1_12.csv
4167,0,0,0,Reader_1_2.csv
4167,3,3,0,Reader_1_3.csv
4167,0,0,0,Reader_1_4.csv
4167,1,1,0,Reader_1_5.csv
4167,0,0,0,Reader_1_6.csv
4167,0,0,0,Reader_1_7.csv
4167,0,0,0,Reader_1_8.csv
4167,0,0,0,Reader_1_9.csv
4167,0,0,0,Reader_2_1.csv
4167,1,0,1,Reader_2_10.csv
4167,0,0,0,Reader_2_11.csv
4167,1,0,1,Reader_2_12.csv
4167,3,1,2,Reader_2_2.csv
4167,1,1,0,Reader_2_3.csv
4167,0,0,0,Reader_2_4.csv
4167,0,0,0,Reader_2_5.csv
4167,0,0,0,Reader_2_6.csv
4167,0,0,0,Reader_2_7.csv
4167,2,2,0,Reader_2_8.csv
4167,0,0,0,Reader_2_9.csv
4167,3,2,1,reader_3_1.csv
4167,5,3,2,Reader_3_2.csv
4167,0,0,0,Reader_3_3.csv
4167,0,0,0,Reader_3_4.csv
4167,0,0,0,Reader_3_5.csv
4167,0,0,0,Reader_3_6.csv
4167,0,0,0,Reader_3_7.csv
4168,56,55,1,Reader_1_1.csv
4168,0,0,0,Reader_1_10.csv
4168,0,0,0,Reader_1_11.csv
4168,2,2,0,Reader_1_12.csv
4168,0,0,0,Reader_1_2.csv
4168,2,2,0,Reader_1_3.csv
4168,0,0,0,Reader_1_4.csv
4168,1,1,0,Reader_1_5.csv
4168,0,0,0,Reader_1_6.csv
4168,0,0,0,Reader_1_7.csv
4168,0,0,0,Reader_1_8.csv
4168,0,0,0,Reader_1_9.csv
4168,0,0,0,Reader_2_1.csv
4168,2,1,1,Reader_2_10.csv
4168,0,0,0,Reader_2_11.csv
4168,1,0,1,Reader_2_12.csv
4168,4,2,2,Reader_2_2.csv
4168,1,1,0,Reader_2_3.csv
4168,0,0,0,Reader_2_4.csv
4168,0,0,0,Reader_2_5.csv
4168,0,0,0,Reader_2_6.csv
4168,0,0,0,Reader_2_7.csv
4168,1,1,0,Reader_2_8.csv
4168,0,0,0,Reader_2_9.csv
4168,3,2,1,reader_3_1.csv
4168,6,3,3,Reader_3_2.csv
4168,0,0,0,Reader_3_3.csv
4168,0,0,0,Reader_3_4.csv
4168,0,0,0,Reader_3_5.csv
4168,0,0,0,Reader_3_6.csv
4168,0,0,0,Reader_3_7.csv
4169,52,52,0,Reader_1_1.csv
4169,0,0,0,Reader_1_10.csv
4169,0,0,0,Reader_1_11.csv
4169,2,2,0,Reader_1_12.csv
4169,0,0,0,Reader_1_2.csv
4169,3,3,0,Reader_1_3.csv
4169,0,0,0,Reader_1_4.csv
4169,0,0,0,Reader_1_5.csv
4169,0,0,0,Reader_1_6.csv
4169,0,0,0,Reader_1_7.csv
4169,0,0,0,Reader_1_8.csv
4169,0,0,0,Reader_1_9.csv
4169,0,0,0,Reader_2_1.csv
4169,1,1,0,Reader_2_10.csv
4169,0,0,0,Reader_2_11.csv
4169,1,0,1,Reader_2_12.csv
4169,4,2,2,Reader_2_2.csv
4169,1,1,0,Reader_2_3.csv
4169,0,0,0,Reader_2_4.csv
4169,0,0,0,Reader_2_5.csv
4169,0,0,0,Reader_2_6.csv
4169,0,0,0,Reader_2_7.csv
4169,1,1,0,Reader_2_8.csv
4169,0,0,0,Reader_2_9.csv
4169,3,2,1,reader_3_1.csv
4169,6,3,3,Reader_3_2.csv
4169,0,0,0,Reader_3_3.csv
4169,0,0,0,Reader_3_4.csv
4169,0,0,0,Reader_3_5.csv
4169,0,0,0,Reader_3_6.csv
4169,0,0,0,Reader_3_7.csv
4170,50,50,0,Reader_1_1.csv
4170,0,0,0,Reader_1_10.csv
4170,0,0,0,Reader_1_11.csv
4170,2,2,0,Reader_1_12.csv
4170,0,0,0,Reader_1_2.csv
4170,3,3,0,Reader_1_3.csv
4170,0,0,0,Reader_1_4.csv
4170,1,1,0,Reader_1_5.csv
4170,0,0,0,Reader_1_6.csv
4170,0,0,0,Reader_1_7.csv
4170,0,0,0,Reader_1_8.csv
4170,1,1,0,Reader_1_9.csv
4170,0,0,0,Reader_2_1.csv
4170,1,1,0,Reader_2_10.csv
4170,0,0,0,Reader_2_11.csv
4170,1,0,1,Reader_2_12.csv
4170,4,2,2,Reader_2_2.csv
4170,0,0,0,Reader_2_3.csv
4170,0,0,0,Reader_2_4.csv
4170,0,0,0,Reader_2_5.csv
4170,0,0,0,Reader_2_6.csv
4170,0,0,0,Reader_2_7.csv
4170,1,1,0,Reader_2_8.csv
4170,0,0,0,Reader_2_9.csv
4170,1,1,0,reader_3_1.csv
4170,6,4,2,Reader_3_2.csv
4170,0,0,0,Reader_3_3.csv
4170,0,0,0,Reader_3_4.csv
4170,0,0,0,Reader_3_5.csv
4170,0,0,0,Reader_3_6.csv
4170,0,0,0,Reader_3_7.csv
4171,46,46,0,Reader_1_1.csv
4171,0,0,0,Reader_1_10.csv
4171,0,0,0,Reader_1_11.csv
4171,2,2,0,Reader_1_12.csv
4171,0,0,0,Reader_1_2.csv
4171,2,2,0,Reader_1_3.csv
4171,0,0,0,Reader_1_4.csv
4171,1,1,0,Reader_1_5.csv
4171,0,0,0,Reader_1_6.csv
4171,0,0,0,Reader_1_7.csv
4171,0,0,0,Reader_1_8.csv
4171,1,1,0,Reader_1_9.csv
4171,0,0,0,Reader_2_1.csv
4171,1,1,0,Reader_2_10.csv
4171,0,0,0,Reader_2_11.csv
4171,1,0,1,Reader_2_12.csv
4171,4,2,2,Reader_2_2.csv
4171,0,0,0,Reader_2_3.csv
4171,0,0,0,Reader_2_4.csv
4171,0,0,0,Reader_2_5.csv
4171,0,0,0,Reader_2_6.csv
4171,0,0,0,Reader_2_7.csv
4171,2,1,1,Reader_2_8.csv
4171,0,0,0,Reader_2_9.csv
4171,0,0,0,reader_3_1.csv
4171,8,6,2,Reader_3_2.csv
4171,0,0,0,Reader_3_3.csv
4171,0,0,0,Reader_3_4.csv
4171,0,0,0,Reader_3_5.csv
4171,0,0,0,Reader_3_6.csv
4171,0,0,0,Reader_3_7.csv
4172,43,43,0,Reader_1_1.csv
4172,0,0,0,Reader_1_10.csv
4172,0,0,0,Reader_1_11.csv
4172,0,0,0,Reader_1_12.csv
4172,0,0,0,Reader_1_2.csv
4172,1,1,0,Reader_1_3.csv
4172,0,0,0,Reader_1_4.csv
4172,1,1,0,Reader_1_5.csv
4172,0,0,0,Reader_1_6.csv
4172,0,0,0,Reader_1_7.csv
4172,0,0,0,Reader_1_8.csv
4172,1,1,0,Reader_1_9.csv
4172,0,0,0,Reader_2_1.csv
4172,1,1,0,Reader_2_10.csv
4172,0,0,0,Reader_2_11.csv
4172,1,0,1,Reader_2_12.csv
4172,3,2,1,Reader_2_2.csv
4172,0,0,0,Reader_2_3.csv
4172,0,0,0,Reader_2_4.csv
4172,0,0,0,Reader_2_5.csv
4172,0,0,0,Reader_2_6.csv
4172,0,0,0,Reader_2_7.csv
4172,1,0,1,Reader_2_8.csv
4172,0,0,0,Reader_2_9.csv
4172,0,0,0,reader_3_1.csv
4172,8,6,2,Reader_3_2.csv
4172,0,0,0,Reader_3_3.csv
4172,0,0,0,Reader_3_4.csv
4172,0,0,0,Reader_3_5.csv
4172,0,0,0,Reader_3_6.csv
4172,0,0,0,Reader_3_7.csv
4173,40,40,0,Reader_1_1.csv
4173,0,0,0,Reader_1_10.csv
4173,0,0,0,Reader_1_11.csv
4173,1,1,0,Reader_1_12.csv
4173,0,0,0,Reader_1_2.csv
4173,3,2,1,Reader_1_3.csv
4173,0,0,0,Reader_1_4.csv
4173,1,1,0,Reader_1_5.csv
4173,0,0,0,Reader_1_6.csv
4173,0,0,0,Reader_1_7.csv
4173,0,0,0,Reader_1_8.csv
4173,1,1,0,Reader_1_9.csv
4173,0,0,0,Reader_2_1.csv
4173,1,1,0,Reader_2_10.csv
4173,0,0,0,Reader_2_11.csv
4173,1,0,1,Reader_2_12.csv
4173,3,2,1,Reader_2_2.csv
4173,0,0,0,Reader_2_3.csv
4173,0,0,0,Reader_2_4.csv
4173,0,0,0,Reader_2_5.csv
4173,0,0,0,Reader_2_6.csv
4173,0,0,0,Reader_2_7.csv
4173,1,0,1,Reader_2_8.csv
4173,0,0,0,Reader_2_9.csv
4173,0,0,0,reader_3_1.csv
4173,8,6,2,Reader_3_2.csv
4173,0,0,0,Reader_3_3.csv
4173,0,0,0,Reader_3_4.csv
4173,0,0,0,Reader_3_5.csv
4173,0,0,0,Reader_3_6.csv
4173,0,0,0,Reader_3_7.csv
4174,37,35,2,Reader_1_1.csv
4174,1,0,1,Reader_1_10.csv
4174,0,0,0,Reader_1_11.csv
4174,1,1,0,Reader_1_12.csv
4174,0,0,0,Reader_1_2.csv
4174,4,2,2,Reader_1_3.csv
4174,0,0,0,Reader_1_4.csv
4174,1,1,0,Reader_1_5.csv
4174,0,0,0,Reader_1_6.csv
4174,0,0,0,Reader_1_7.csv
4174,0,0,0,Reader_1_8.csv
4174,1,1,0,Reader_1_9.csv
4174,0,0,0,Reader_2_1.csv
4174,1,1,0,Reader_2_10.csv
4174,0,0,0,Reader_2_11.csv
4174,1,0,1,Reader_2_12.csv
4174,1,1,0,Reader_2_2.csv
4174,0,0,0,Reader_2_3.csv
4174,0,0,0,Reader_2_4.csv
4174,0,0,0,Reader_2_5.csv
4174,0,0,0,Reader_2_6.csv
4174,0,0,0,Reader_2_7.csv
4174,1,0,1,Reader_2_8.csv
4174,0,0,0,Reader_2_9.csv
4174,0,0,0,reader_3_1.csv
4174,7,6,1,Reader_3_2.csv
4174,0,0,0,Reader_3_3.csv
4174,0,0,0,Reader_3_4.csv
4174,0,0,0,Reader_3_5.csv
4174,0,0,0,Reader_3_6.csv
4174,0,0,0,Reader_3_7.csv
4175,26,23,3,Reader_1_1.csv
4175,1,0,1,Reader_1_10.csv
4175,1,1,0,Reader_1_11.csv
4175,1,1,0,Reader_1_12.csv
4175,0,0,0,Reader_1_2.csv
4175,4,2,2,Reader_1_3.csv
4175,0,0,0,Reader_1_4.csv
4175,1,1,0,Reader_1_5.csv
4175,0,0,0,Reader_1_6.csv
4175,0,0,0,Reader_1_7.csv
4175,0,0,0,Reader_1_8.csv
4175,1,1,0,Reader_1_9.csv
4175,0,0,0,Reader_2_1.csv
4175,1,1,0,Reader_2_10.csv
4175,0,0,0,Reader_2_11.csv
4175,0,0,0,Reader_2_12.csv
4175,1,1,0,Reader_2_2.csv
4175,0,0,0,Reader_2_3.csv
4175,0,0,0,Reader_2_4.csv
4175,0,0,0,Reader_2_5.csv
4175,0,0,0,Reader_2_6.csv
4175,0,0,0,Reader_2_7.csv
4175,1,0,1,Reader_2_8.csv
4175,0,0,0,Reader_2_9.csv
4175,0,0,0,reader_3_1.csv
4175,7,6,1,Reader_3_2.csv
4175,0,0,0,Reader_3_3.csv
4175,0,0,0,Reader_3_4.csv
4175,0,0,0,Reader_3_5.csv
4175,0,0,0,Reader_3_6.csv
4175,0,0,0,Reader_3_7.csv
4176,25,22,3,Reader_1_1.csv
4176,1,0,1,Reader_1_10.csv
4176,2,2,0,Reader_1_11.csv
4176,1,1,0,Reader_1_12.csv
4176,0,0,0,Reader_1_2.csv
4176,4,2,2,Reader_1_3.csv
4176,0,0,0,Reader_1_4.csv
4176,1,1,0,Reader_1_5.csv
4176,0,0,0,Reader_1_6.csv
4176,0,0,0,Reader_1_7.csv
4176,0,0,0,Reader_1_8.csv
4176,1,1,0,Reader_1_9.csv
4176,0,0,0,Reader_2_1.csv
4176,0,0,0,Reader_2_10.csv
4176,0,0,0,Reader_2_11.csv
4176,0,0,0,Reader_2_12.csv
4176,0,0,0,Reader_2_2.csv
4176,0,0,0,Reader_2_3.csv
4176,0,0,0,Reader_2_4.csv
4176,0,0,0,Reader_2_5.csv
4176,0,0,0,Reader_2_6.csv
4176,0,0,0,Reader_2_7.csv
4176,1,0,1,Reader_2_8.csv
4176,0,0,0,Reader_2_9.csv
4176,1,1,0,reader_3_1.csv
4176,6,6,0,Reader_3_2.csv
4176,0,0,0,Reader_3_3.csv
4176,0,0,0,Reader_3_4.csv
4176,0,0,0,Reader_3_5.csv
4176,0,0,0,Reader_3_6.csv
4176,0,0,0,Reader_3_7.csv
4177,21,18,3,Reader_1_1.csv
4177,1,0,1,Reader_1_10.csv
4177,2,2,0,Reader_1_11.csv
4177,1,1,0,Reader_1_12.csv
4177,0,0,0,Reader_1_2.csv
4177,3,1,2,Reader_1_3.csv
4177,0,0,0,Reader_1_4.csv
4177,1,1,0,Reader_1_5.csv
4177,0,0,0,Reader_1_6.csv
4177,0,0,0,Reader_1_7.csv
4177,0,0,0,Reader_1_8.csv
4177,1,1,0,Reader_1_9.csv
4177,0,0,0,Reader_2_1.csv
4177,0,0,0,Reader_2_10.csv
4177,0,0,0,Reader_2_11.csv
4177,0,0,0,Reader_2_12.csv
4177,0,0,0,Reader_2_2.csv
4177,0,0,0,Reader_2_3.csv
4177,0,0,0,Reader_2_4.csv
4177,0,0,0,Reader_2_5.csv
4177,0,0,0,Reader_2_6.csv
4177,0,0,0,Reader_2_7.csv
4177,1,0,1,Reader_2_8.csv
4177,0,0,0,Reader_2_9.csv
4177,2,2,0,reader_3_1.csv
4177,5,5,0,Reader_3_2.csv
4177,0,0,0,Reader_3_3.csv
4177,0,0,0,Reader_3_4.csv
4177,0,0,0,Reader_3_5.csv
4177,0,0,0,Reader_3_6.csv
4177,0,0,0,Reader_3_7.csv
4178,18,15,3,Reader_1_1.csv
4178,1,0,1,Reader_1_10.csv
4178,2,2,0,Reader_1_11.csv
4178,1,1,0,Reader_1_12.csv
4178,0,0,0,Reader_1_2.csv
4178,4,2,2,Reader_1_3.csv
4178,0,0,0,Reader_1_4.csv
4178,0,0,0,Reader_1_5.csv
4178,0,0,0,Reader_1_6.csv
4178,0,0,0,Reader_1_7.csv
4178,0,0,0,Reader_1_8.csv
4178,0,0,0,Reader_1_9.csv
4178,0,0,0,Reader_2_1.csv
4178,0,0,0,Reader_2_10.csv
4178,0,0,0,Reader_2_11.csv
4178,0,0,0,Reader_2_12.csv
4178,0,0,0,Reader_2_2.csv
4178,0,0,0,Reader_2_3.csv
4178,0,0,0,Reader_2_4.csv
4178,0,0,0,Reader_2_5.csv
4178,0,0,0,Reader_2_6.csv
4178,0,0,0,Reader_2_7.csv
4178,1,0,1,Reader_2_8.csv
4178,0,0,0,Reader_2_9.csv
4178,3,3,0,reader_3_1.csv
4178,4,4,0,Reader_3_2.csv
4178,0,0,0,Reader_3_3.csv
4178,0,0,0,Reader_3_4.csv
4178,0,0,0,Reader_3_5.csv
4178,0,0,0,Reader_3_6.csv
4178,0,0,0,Reader_3_7.csv
4179,17,14,3,Reader_1_1.csv
4179,1,0,1,Reader_1_10.csv
4179,2,2,0,Reader_1_11.csv
4179,1,1,0,Reader_1_12.csv
4179,0,0,0,Reader_1_2.csv
4179,5,3,2,Reader_1_3.csv
4179,0,0,0,Reader_1_4.csv
4179,0,0,0,Reader_1_5.csv
4179,0,0,0,Reader_1_6.csv
4179,0,0,0,Reader_1_7.csv
4179,0,0,0,Reader_1_8.csv
4179,0,0,0,Reader_1_9.csv
4179,0,0,0,Reader_2_1.csv
4179,0,0,0,Reader_2_10.csv
4179,0,0,0,Reader_2_11.csv
4179,0,0,0,Reader_2_12.csv
4179,0,0,0,Reader_2_2.csv
4179,0,0,0,Reader_2_3.csv
4179,0,0,0,Reader_2_4.csv
4179,0,0,0,Reader_2_5.csv
4179,0,0,0,Reader_2_6.csv
4179,0,0,0,Reader_2_7.csv
4179,0,0,0,Reader_2_8.csv
4179,0,0,0,Reader_2_9.csv
4179,4,4,0,reader_3_1.csv
4179,5,4,1,Reader_3_2.csv
4179,0,0,0,Reader_3_3.csv
4179,0,0,0,Reader_3_4.csv
4179,0,0,0,Reader_3_5.csv
4179,0,0,0,Reader_3_6.csv
4179,0,0,0,Reader_3_7.csv
4180,15,12,3,Reader_1_1.csv
4180,2,1,1,Reader_1_10.csv
4180,2,2,0,Reader_1_11.csv
4180,1,1,0,Reader_1_12.csv
4180,0,0,0,Reader_1_2.csv
4180,5,3,2,Reader_1_3.csv
4180,0,0,0,Reader_1_4.csv
4180,0,0,0,Reader_1_5.csv
4180,0,0,0,Reader_1_6.csv
4180,0,0,0,Reader_1_7.csv
4180,0,0,0,Reader_1_8.csv
4180,0,0,0,Reader_1_9.csv
4180,0,0,0,Reader_2_1.csv
4180,0,0,0,Reader_2_10.csv
4180,0,0,0,Reader_2_11.csv
4180,0,0,0,Reader_2_12.csv
4180,0,0,0,Reader_2_2.csv
4180,0,0,0,Reader_2_3.csv
4180,0,0,0,Reader_2_4.csv
4180,0,0,0,Reader_2_5.csv
4180,0,0,0,Reader_2_6.csv
4180,0,0,0,Reader_2_7.csv
4180,0,0,0,Reader_2_8.csv
4180,0,0,0,Reader_2_9.csv
4180,4,4,0,reader_3_1.csv
4180,7,6,1,Reader_3_2.csv
4180,0,0,0,Reader_3_3.csv
4180,0,0,0,Reader_3_4.csv
4180,0,0,0,Reader_3_5.csv
4180,0,0,0,Reader_3_6.csv
4180,0,0,0,Reader_3_7.csv
4181,20,16,4,Reader_1_1.csv
4181,2,1,1,Reader_1_10.csv
4181,2,2,0,Reader_1_11.csv
4181,0,0,0,Reader_1_12.csv
4181,0,0,0,Reader_1_2.csv
4181,4,3,1,Reader_1_3.csv
4181,0,0,0,Reader_1_4.csv
4181,0,0,0,Reader_1_5.csv
4181,0,0,0,Reader_1_6.csv
4181,0,0,0,Reader_1_7.csv
4181,0,0,0,Reader_1_8.csv
4181,0,0,0,Reader_1_9.csv
4181,0,0,0,Reader_2_1.csv
4181,0,0,0,Reader_2_10.csv
4181,0,0,0,Reader_2_11.csv
4181,0,0,0,Reader_2_12.csv
4181,0,0,0,Reader_2_2.csv
4181,0,0,0,Reader_2_3.csv
4181,0,0,0,Reader_2_4.csv
4181,0,0,0,Reader_2_5.csv
4181,0,0,0,Reader_2_6.csv
4181,0,0,0,Reader_2_7.csv
4181,0,0,0,Reader_2_8.csv
4181,0,0,0,Reader_2_9.csv
4181,5,5,0,reader_3_1.csv
4181,7,6,1,Reader_3_2.csv
4181,0,0,0,Reader_3_3.csv
4181,0,0,0,Reader_3_4.csv
4181,0,0,0,Reader_3_5.csv
4181,0,0,0,Reader_3_6.csv
4181,0,0,0,Reader_3_7.csv
4182,17,15,2,Reader_1_1.csv
4182,1,1,0,Reader_1_10.csv
4182,2,2,0,Reader_1_11.csv
4182,0,0,0,Reader_1_12.csv
4182,0,0,0,Reader_1_2.csv
4182,3,3,0,Reader_1_3.csv
4182,0,0,0,Reader_1_4.csv
4182,0,0,0,Reader_1_5.csv
4182,0,0,0,Reader_1_6.csv
4182,0,0,0,Reader_1_7.csv
4182,0,0,0,Reader_1_8.csv
4182,0,0,0,Reader_1_9.csv
4182,0,0,0,Reader_2_1.csv
4182,0,0,0,Reader_2_10.csv
4182,0,0,0,Reader_2_11.csv
4182,0,0,0,Reader_2_12.csv
4182,0,0,0,Reader_2_2.csv
4182,0,0,0,Reader_2_3.csv
4182,0,0,0,Reader_2_4.csv
4182,1,1,0,Reader_2_5.csv
4182,0,0,0,Reader_2_6.csv
4182,0,0,0,Reader_2_7.csv
4182,0,0,0,Reader_2_8.csv
4182,0,0,0,Reader_2_9.csv
4182,5,5,0,reader_3_1.csv
4182,7,6,1,Reader_3_2.csv
4182,0,0,0,Reader_3_3.csv
4182,0,0,0,Reader_3_4.csv
4182,0,0,0,Reader_3_5.csv
4182,0,0,0,Reader_3_6.csv
4182,0,0,0,Reader_3_7.csv
4183,18,17,1,Reader_1_1.csv
4183,1,1,0,Reader_1_10.csv
4183,2,1,1,Reader_1_11.csv
4183,0,0,0,Reader_1_12.csv
4183,0,0,0,Reader_1_2.csv
4183,4,4,0,Reader_1_3.csv
4183,0,0,0,Reader_1_4.csv
4183,0,0,0,Reader_1_5.csv
4183,0,0,0,Reader_1_6.csv
4183,0,0,0,Reader_1_7.csv
4183,0,0,0,Reader_1_8.csv
4183,0,0,0,Reader_1_9.csv
4183,0,0,0,Reader_2_1.csv
4183,0,0,0,Reader_2_10.csv
4183,0,0,0,Reader_2_11.csv
4183,0,0,0,Reader_2_12.csv
4183,0,0,0,Reader_2_2.csv
4183,0,0,0,Reader_2_3.csv
4183,0,0,0,Reader_2_4.csv
4183,1,1,0,Reader_2_5.csv
4183,0,0,0,Reader_2_6.csv
4183,0,0,0,Reader_2_7.csv
4183,0,0,0,Reader_2_8.csv
4183,1,1,0,Reader_2_9.csv
4183,6,5,1,reader_3_1.csv
4183,6,5,1,Reader_3_2.csv
4183,0,0,0,Reader_3_3.csv
4183,0,0,0,Reader_3_4.csv
4183,0,0,0,Reader_3_5.csv
4183,0,0,0,Reader_3_6.csv
4183,0,0,0,Reader_3_7.csv
4184,17,16,1,Reader_1_1.csv
4184,2,1,1,Reader_1_10.csv
4184,1,0,1,Reader_1_11.csv
4184,0,0,0,Reader_1_12.csv
4184,0,0,0,Reader_1_2.csv
4184,4,4,0,Reader_1_3.csv
4184,0,0,0,Reader_1_4.csv
4184,0,0,0,Reader_1_5.csv
4184,0,0,0,Reader_1_6.csv
4184,0,0,0,Reader_1_7.csv
4184,0,0,0,Reader_1_8.csv
4184,0,0,0,Reader_1_9.csv
4184,1,1,0,Reader_2_1.csv
4184,0,0,0,Reader_2_10.csv
4184,0,0,0,Reader_2_11.csv
4184,0,0,0,Reader_2_12.csv
4184,0,0,0,Reader_2_2.csv
4184,0,0,0,Reader_2_3.csv
4184,0,0,0,Reader_2_4.csv
4184,1,1,0,Reader_2_5.csv
4184,0,0,0,Reader_2_6.csv
4184,0,0,0,Reader_2_7.csv
4184,0,0,0,Reader_2_8.csv
4184,1,1,0,Reader_2_9.csv
4184,5,4,1,reader_3_1.csv
4184,7,6,1,Reader_3_2.csv
4184,0,0,0,Reader_3_3.csv
4184,0,0,0,Reader_3_4.csv
4184,0,0,0,Reader_3_5.csv
4184,0,0,0,Reader_3_6.csv
4184,0,0,0,Reader_3_7.csv
4185,17,16,1,Reader_1_1.csv
4185,2,1,1,Reader_1_10.csv
4185,1,0,1,Reader_1_11.csv
4185,0,0,0,Reader_1_12.csv
4185,0,0,0,Reader_1_2.csv
4185,4,4,0,Reader_1_3.csv
4185,0,0,0,Reader_1_4.csv
4185,0,0,0,Reader_1_5.csv
4185,0,0,0,Reader_1_6.csv
4185,0,0,0,Reader_1_7.csv
4185,0,0,0,Reader_1_8.csv
4185,0,0,0,Reader_1_9.csv
4185,1,1,0,Reader_2_1.csv
4185,0,0,0,Reader_2_10.csv
4185,0,0,0,Reader_2_11.csv
4185,0,0,0,Reader_2_12.csv
4185,0,0,0,Reader_2_2.csv
4185,1,1,0,Reader_2_3.csv
4185,0,0,0,Reader_2_4.csv
4185,1,1,0,Reader_2_5.csv
4185,0,0,0,Reader_2_6.csv
4185,0,0,0,Reader_2_7.csv
4185,0,0,0,Reader_2_8.csv
4185,1,1,0,Reader_2_9.csv
4185,4,3,1,reader_3_1.csv
4185,7,6,1,Reader_3_2.csv
4185,0,0,0,Reader_3_3.csv
4185,0,0,0,Reader_3_4.csv
4185,0,0,0,Reader_3_5.csv
4185,0,0,0,Reader_3_6.csv
4185,0,0,0,Reader_3_7.csv
4186,15,14,1,Reader_1_1.csv
4186,2,1,1,Reader_1_10.csv
4186,1,0,1,Reader_1_11.csv
4186,1,1,0,Reader_1_12.csv
4186,0,0,0,Reader_1_2.csv
4186,3,3,0,Reader_1_3.csv
4186,0,0,0,Reader_1_4.csv
4186,0,0,0,Reader_1_5.csv
4186,0,0,0,Reader_1_6.csv
4186,0,0,0,Reader_1_7.csv
4186,0,0,0,Reader_1_8.csv
4186,0,0,0,Reader_1_9.csv
4186,1,1,0,Reader_2_1.csv
4186,0,0,0,Reader_2_10.csv
4186,0,0,0,Reader_2_11.csv
4186,0,0,0,Reader_2_12.csv
4186,0,0,0,Reader_2_2.csv
4186,1,1,0,Reader_2_3.csv
4186,0,0,0,Reader_2_4.csv
4186,1,1,0,Reader_2_5.csv
4186,0,0,0,Reader_2_6.csv
4186,0,0,0,Reader_2_7.csv
4186,0,0,0,Reader_2_8.csv
4186,1,1,0,Reader_2_9.csv
4186,4,2,2,reader_3_1.csv
4186,8,7,1,Reader_3_2.csv
4186,0,0,0,Reader_3_3.csv
4186,0,0,0,Reader_3_4.csv
4186,0,0,0,Reader_3_5.csv
4186,0,0,0,Reader_3_6.csv
4186,0,0,0,Reader_3_7.csv
4187,14,13,1,Reader_1_1.csv
4187,2,1,1,Reader_1_10.csv
4187,1,0,1,Reader_1_11.csv
4187,1,1,0,Reader_1_12.csv
4187,0,0,0,Reader_1_2.csv
4187,3,3,0,Reader_1_3.csv
4187,0,0,0,Reader_1_4.csv
4187,0,0,0,Reader_1_5.csv
4187,0,0,0,Reader_1_6.csv
4187,0,0,0,Reader_1_7.csv
4187,0,0,0,Reader_1_8.csv
4187,0,0,0,Reader_1_9.csv
4187,1,1,0,Reader_2_1.csv
4187,0,0,0,Reader_2_10.csv
4187,0,0,0,Reader_2_11.csv
4187,0,0,0,Reader_2_12.csv
4187,0,0,0,Reader_2_2.csv
4187,2,2,0,Reader_2_3.csv
4187,0,0,0,Reader_2_4.csv
4187,1,1,0,Reader_2_5.csv
4187,0,0,0,Reader_2_6.csv
4187,0,0,0,Reader_2_7.csv
4187,0,0,0,Reader_2_8.csv
4187,1,1,0,Reader_2_9.csv
4187,4,2,2,reader_3_1.csv
4187,7,7,0,Reader_3_2.csv
4187,0,0,0,Reader_3_3.csv
4187,0,0,0,Reader_3_4.csv
4187,0,0,0,Reader_3_5.csv
4187,0,0,0,Reader_3_6.csv
4187,0,0,0,Reader_3_7.csv
4188,16,15,1,Reader_1_1.csv
4188,2,0,2,Reader_1_10.csv
4188,1,0,1,Reader_1_11.csv
4188,1,1,0,Reader_1_12.csv
4188,0,0,0,Reader_1_2.csv
4188,4,4,0,Reader_1_3.csv
4188,0,0,0,Reader_1_4.csv
4188,0,0,0,Reader_1_5.csv
4188,0,0,0,Reader_1_6.csv
4188,0,0,0,Reader_1_7.csv
4188,0,0,0,Reader_1_8.csv
4188,0,0,0,Reader_1_9.csv
4188,1,1,0,Reader_2_1.csv
4188,0,0,0,Reader_2_10.csv
4188,0,0,0,Reader_2_11.csv
4188,0,0,0,Reader_2_12.csv
4188,0,0,0,Reader_2_2.csv
4188,2,2,0,Reader_2_3.csv
4188,0,0,0,Reader_2_4.csv
4188,1,1,0,Reader_2_5.csv
4188,0,0,0,Reader_2_6.csv
4188,0,0,0,Reader_2_7.csv
4188,0,0,0,Reader_2_8.csv
4188,1,1,0,Reader_2_9.csv
4188,7,5,2,reader_3_1.csv
4188,6,6,0,Reader_3_2.csv
4188,0,0,0,Reader_3_3.csv
4188,0,0,0,Reader_3_4.csv
4188,0,0,0,Reader_3_5.csv
4188,0,0,0,Reader_3_6.csv
4188,0,0,0,Reader_3_7.csv
4189,10,10,0,Reader_1_1.csv
4189,2,0,2,Reader_1_10.csv
4189,1,0,1,Reader_1_11.csv
4189,1,1,0,Reader_1_12.csv
4189,0,0,0,Reader_1_2.csv
4189,3,3,0,Reader_1_3.csv
4189,0,0,0,Reader_1_4.csv
4189,1,1,0,Reader_1_5.csv
4189,0,0,0,Reader_1_6.csv
4189,0,0,0,Reader_1_7.csv
4189,0,0,0,Reader_1_8.csv
4189,1,1,0,Reader_1_9.csv
4189,1,1,0,Reader_2_1.csv
4189,0,0,0,Reader_2_10.csv
4189,0,0,0,Reader_2_11.csv
4189,0,0,0,Reader_2_12.csv
4189,0,0,0,Reader_2_2.csv
4189,2,2,0,Reader_2_3.csv
4189,0,0,0,Reader_2_4.csv
4189,1,1,0,Reader_2_5.csv
4189,0,0,0,Reader_2_6.csv
4189,0,0,0,Reader_2_7.csv
4189,0,0,0,Reader_2_8.csv
4189,1,1,0,Reader_2_9.csv
4189,7,5,2,reader_3_1.csv
4189,6,6,0,Reader_3_2.csv
4189,0,0,0,Reader_3_3.csv
4189,0,0,0,Reader_3_4.csv
4189,0,0,0,Reader_3_5.csv
4189,0,0,0,Reader_3_6.csv
4189,0,0,0,Reader_3_7.csv
4190,10,10,0,Reader_1_1.csv
4190,3,0,3,Reader_1_10.csv
4190,1,0,1,Reader_1_11.csv
4190,1,1,0,Reader_1_12.csv
4190,0,0,0,Reader_1_2.csv
4190,3,3,0,Reader_1_3.csv
4190,0,0,0,Reader_1_4.csv
4190,1,1,0,Reader_1_5.csv
4190,0,0,0,Reader_1_6.csv
4190,0,0,0,Reader_1_7.csv
4190,0,0,0,Reader_1_8.csv
4190,1,1,0,Reader_1_9.csv
4190,2,2,0,Reader_2_1.csv
4190,1,1,0,Reader_2_10.csv
4190,0,0,0,Reader_2_11.csv
4190,0,0,0,Reader_2_12.csv
4190,1,0,1,Reader_2_2.csv
4190,2,2,0,Reader_2_3.csv
4190,0,0,0,Reader_2_4.csv
4190,0,0,0,Reader_2_5.csv
4190,0,0,0,Reader_2_6.csv
4190,0,0,0,Reader_2_7.csv
4190,0,0,0,Reader_2_8.csv
4190,1,1,0,Reader_2_9.csv
4190,9,7,2,reader_3_1.csv
4190,7,7,0,Reader_3_2.csv
4190,0,0,0,Reader_3_3.csv
4190,0,0,0,Reader_3_4.csv
4190,0,0,0,Reader_3_5.csv
4190,0,0,0,Reader_3_6.csv
4190,0,0,0,Reader_3_7.csv
4191,8,8,0,Reader_1_1.csv
4191,3,0,3,Reader_1_10.csv
4191,0,0,0,Reader_1_11.csv
4191,1,1,0,Reader_1_12.csv
4191,0,0,0,Reader_1_2.csv
4191,2,2,0,Reader_1_3.csv
4191,0,0,0,Reader_1_4.csv
4191,1,1,0,Reader_1_5.csv
4191,0,0,0,Reader_1_6.csv
4191,0,0,0,Reader_1_7.csv
4191,0,0,0,Reader_1_8.csv
4191,1,1,0,Reader_1_9.csv
4191,2,2,0,Reader_2_1.csv
4191,1,1,0,Reader_2_10.csv
4191,0,0,0,Reader_2_11.csv
4191,0,0,0,Reader_2_12.csv
4191,1,0,1,Reader_2_2.csv
4191,2,2,0,Reader_2_3.csv
4191,0,0,0,Reader_2_4.csv
4191,0,0,0,Reader_2_5.csv
4191,0,0,0,Reader_2_6.csv
4191,0,0,0,Reader_2_7.csv
4191,0,0,0,Reader_2_8.csv
4191,0,0,0,Reader_2_9.csv
4191,8,7,1,reader_3_1.csv
4191,8,8,0,Reader_3_2.csv
4191,0,0,0,Reader_3_3.csv
4191,0,0,0,Reader_3_4.csv
4191,0,0,0,Reader_3_5.csv
4191,0,0,0,Reader_3_6.csv
4191,0,0,0,Reader_3_7.csv
4192,9,9,0,Reader_1_1.csv
4192,2,0,2,Reader_1_10.csv
4192,0,0,0,Reader_1_11.csv
4192,1,1,0,Reader_1_12.csv
4192,0,0,0,Reader_1_2.csv
4192,3,3,0,Reader_1_3.csv
4192,0,0,0,Reader_1_4.csv
4192,2,2,0,Reader_1_5.csv
4192,0,0,0,Reader_1_6.csv
4192,0,0,0,Reader_1_7.csv
4192,0,0,0,Reader_1_8.csv
4192,1,1,0,Reader_1_9.csv
4192,1,1,0,Reader_2_1.csv
4192,1,1,0,Reader_2_10.csv
4192,0,0,0,Reader_2_11.csv
4192,0,0,0,Reader_2_12.csv
4192,1,0,1,Reader_2_2.csv
4192,2,2,0,Reader_2_3.csv
4192,0,0,0,Reader_2_4.csv
4192,0,0,0,Reader_2_5.csv
4192,0,0,0,Reader_2_6.csv
4192,0,0,0,Reader_2_7.csv
4192,0,0,0,Reader_2_8.csv
4192,0,0,0,Reader_2_9.csv
4192,9,8,1,reader_3_1.csv
4192,14,14,0,Reader_3_2.csv
4192,0,0,0,Reader_3_3.csv
4192,0,0,0,Reader_3_4.csv
4192,0,0,0,Reader_3_5.csv
4192,0,0,0,Reader_3_6.csv
4192,0,0,0,Reader_3_7.csv
4193,7,7,0,Reader_1_1.csv
4193,2,0,2,Reader_1_10.csv
4193,0,0,0,Reader_1_11.csv
4193,1,1,0,Reader_1_12.csv
4193,0,0,0,Reader_1_2.csv
4193,3,3,0,Reader_1_3.csv
4193,0,0,0,Reader_1_4.csv
4193,2,2,0,Reader_1_5.csv
4193,0,0,0,Reader_1_6.csv
4193,0,0,0,Reader_1_7.csv
4193,0,0,0,Reader_1_8.csv
4193,1,1,0,Reader_1_9.csv
4193,1,1,0,Reader_2_1.csv
4193,1,1,0,Reader_2_10.csv
4193,0,0,0,Reader_2_11.csv
4193,0,0,0,Reader_2_12.csv
4193,1,0,1,Reader_2_2.csv
4193,1,1,0,Reader_2_3.csv
4193,0,0,0,Reader_2_4.csv
4193,0,0,0,Reader_2_5.csv
4193,0,0,0,Reader_2_6.csv
4193,0,0,0,Reader_2_7.csv
4193,0,0,0,Reader_2_8.csv
4193,0,0,0,Reader_2_9.csv
4193,11,9,2,reader_3_1.csv
4193,16,16,0,Reader_3_2.csv
4193,0,0,0,Reader_3_3.csv
4193,0,0,0,Reader_3_4.csv
4193,0,0,0,Reader_3_5.csv
4193,0,0,0,Reader_3_6.csv
4193,0,0,0,Reader_3_7.csv
4194,8,7,1,Reader_1_1.csv
4194,2,0,2,Reader_1_10.csv
4194,0,0,0,Reader_1_11.csv
4194,0,0,0,Reader_1_12.csv
4194,0,0,0,Reader_1_2.csv
4194,3,3,0,Reader_1_3.csv
4194,0,0,0,Reader_1_4.csv
4194,2,2,0,Reader_1_5.csv
4194,0,0,0,Reader_1_6.csv
4194,0,0,0,Reader_1_7.csv
4194,0,0,0,Reader_1_8.csv
4194,1,1,0,Reader_1_9.csv
4194,1,1,0,Reader_2_1.csv
4194,1,1,0,Reader_2_10.csv
4194,0,0,0,Reader_2_11.csv
4194,0,0,0,Reader_2_12.csv
4194,1,0,1,Reader_2_2.csv
4194,1,1,0,Reader_2_3.csv
4194,0,0,0,Reader_2_4.csv
4194,0,0,0,Reader_2_5.csv
4194,0,0,0,Reader_2_6.csv
4194,0,0,0,Reader_2_7.csv
4194,0,0,0,Reader_2_8.csv
4194,0,0,0,Reader_2_9.csv
4194,11,9,2,reader_3_1.csv
4194,17,17,0,Reader_3_2.csv
4194,0,0,0,Reader_3_3.csv
4194,0,0,0,Reader_3_4.csv
4194,0,0,0,Reader_3_5.csv
4194,0,0,0,Reader_3_6.csv
4194,0,0,0,Reader_3_7.csv
4195,10,9,1,Reader_1_1.csv
4195,2,0,2,Reader_1_10.csv
4195,0,0,0,Reader_1_11.csv
4195,0,0,0,Reader_1_12.csv
4195,0,0,0,Reader_1_2.csv
4195,2,2,0,Reader_1_3.csv
4195,0,0,0,Reader_1_4.csv
4195,2,2,0,Reader_1_5.csv
4195,0,0,0,Reader_1_6.csv
4195,0,0,0,Reader_1_7.csv
4195,0,0,0,Reader_1_8.csv
4195,1,1,0,Reader_1_9.csv
4195,1,1,0,Reader_2_1.csv
4195,1,1,0,Reader_2_10.csv
4195,0,0,0,Reader_2_11.csv
4195,0,0,0,Reader_2_12.csv
4195,1,0,1,Reader_2_2.csv
4195,0,0,0,Reader_2_3.csv
4195,0,0,0,Reader_2_4.csv
4195,0,0,0,Reader_2_5.csv
4195,0,0,0,Reader_2_6.csv
4195,0,0,0,Reader_2_7.csv
4195,1,0,1,Reader_2_8.csv
4195,0,0,0,Reader_2_9.csv
4195,10,8,2,reader_3_1.csv
4195,25,25,0,Reader_3_2.csv
4195,0,0,0,Reader_3_3.csv
4195,0,0,0,Reader_3_4.csv
4195,0,0,0,Reader_3_5.csv
4195,0,0,0,Reader_3_6.csv
4195,0,0,0,Reader_3_7.csv
4196,7,6,1,Reader_1_1.csv
4196,1,0,1,Reader_1_10.csv
4196,0,0,0,Reader_1_11.csv
4196,0,0,0,Reader_1_12.csv
4196,0,0,0,Reader_1_2.csv
4196,1,1,0,Reader_1_3.csv
4196,0,0,0,Reader_1_4.csv
4196,2,2,0,Reader_1_5.csv
4196,0,0,0,Reader_1_6.csv
4196,0,0,0,Reader_1_7.csv
4196,0,0,0,Reader_1_8.csv
4196,2,2,0,Reader_1_9.csv
4196,1,1,0,Reader_2_1.csv
4196,1,1,0,Reader_2_10.csv
4196,0,0,0,Reader_2_11.csv
4196,0,0,0,Reader_2_12.csv
4196,1,0,1,Reader_2_2.csv
4196,0,0,0,Reader_2_3.csv
4196,0,0,0,Reader_2_4.csv
4196,0,0,0,Reader_2_5.csv
4196,0,0,0,Reader_2_6.csv
4196,0,0,0,Reader_2_7.csv
4196,1,0,1,Reader_2_8.csv
4196,0,0,0,Reader_2_9.csv
4196,8,5,3,reader_3_1.csv
4196,33,33,0,Reader_3_2.csv
4196,0,0,0,Reader_3_3.csv
4196,0,0,0,Reader_3_4.csv
4196,0,0,0,Reader_3_5.csv
4196,0,0,0,Reader_3_6.csv
4196,0,0,0,Reader_3_7.csv
4197,8,7,1,Reader_1_1.csv
4197,1,0,1,Reader_1_10.csv
4197,0,0,0,Reader_1_11.csv
4197,0,0,0,Reader_1_12.csv
4197,0,0,0,Reader_1_2.csv
4197,2,2,0,Reader_1_3.csv
4197,0,0,0,Reader_1_4.csv
4197,1,1,0,Reader_1_5.csv
4197,0,0,0,Reader_1_6.csv
4197,0,0,0,Reader_1_7.csv
4197,0,0,0,Reader_1_8.csv
4197,1,1,0,Reader_1_9.csv
4197,1,1,0,Reader_2_1.csv
4197,3,3,0,Reader_2_10.csv
4197,0,0,0,Reader_2_11.csv
4197,0,0,0,Reader_2_12.csv
4197,1,0,1,Reader_2_2.csv
4197,0,0,0,Reader_2_3.csv
4197,0,0,0,Reader_2_4.csv
4197,0,0,0,Reader_2_5.csv
4197,0,0,0,Reader_2_6.csv
4197,0,0,0,Reader_2_7.csv
4197,1,0,1,Reader_2_8.csv
4197,0,0,0,Reader_2_9.csv
4197,8,5,3,reader_3_1.csv
4197,43,42,1,Reader_3_2.csv
4197,0,0,0,Reader_3_3.csv
4197,0,0,0,Reader_3_4.csv
4197,0,0,0,Reader_3_5.csv
4197,0,0,0,Reader_3_6.csv
4197,0,0,0,Reader_3_7.csv
4198,7,6,1,Reader_1_1.csv
4198,1,1,0,Reader_1_10.csv
4198,0,0,0,Reader_1_11.csv
4198,0,0,0,Reader_1_12.csv
4198,0,0,0,Reader_1_2.csv
4198,2,2,0,Reader_1_3.csv
4198,0,0,0,Reader_1_4.csv
4198,1,1,0,Reader_1_5.csv
4198,0,0,0,Reader_1_6.csv
4198,0,0,0,Reader_1_7.csv
4198,0,0,0,Reader_1_8.csv
4198,1,1,0,Reader_1_9.csv
4198,0,0,0,Reader_2_1.csv
4198,2,2,0,Reader_2_10.csv
4198,0,0,0,Reader_2_11.csv
4198,0,0,0,Reader_2_12.csv
4198,0,0,0,Reader_2_2.csv
4198,0,0,0,Reader_2_3.csv
4198,0,0,0,Reader_2_4.csv
4198,0,0,0,Reader_2_5.csv
4198,0,0,0,Reader_2_6.csv
4198,0,0,0,Reader_2_7.csv
4198,1,0,1,Reader_2_8.csv
4198,0,0,0,Reader_2_9.csv
4198,7,4,3,reader_3_1.csv
4198,56,53,3,Reader_3_2.csv
4198,0,0,0,Reader_3_3.csv
4198,0,0,0,Reader_3_4.csv
4198,0,0,0,Reader_3_5.csv
4198,0,0,0,Reader_3_6.csv
4198,0,0,0,Reader_3_7.csv
4199,8,7,1,Reader_1_1.csv
4199,1,1,0,Reader_1_10.csv
4199,0,0,0,Reader_1_11.csv
4199,0,0,0,Reader_1_12.csv
4199,0,0,0,Reader_1_2.csv
4199,3,2,1,Reader_1_3.csv
4199,0,0,0,Reader_1_4.csv
4199,1,1,0,Reader_1_5.csv
4199,0,0,0,Reader_1_6.csv
4199,1,1,0,Reader_1_7.csv
4199,0,0,0,Reader_1_8.csv
4199,1,1,0,Reader_1_9.csv
4199,0,0,0,Reader_2_1.csv
4199,2,2,0,Reader_2_10.csv
4199,0,0,0,Reader_2_11.csv
4199,0,0,0,Reader_2_12.csv
4199,0,0,0,Reader_2_2.csv
4199,0,0,0,Reader_2_3.csv
4199,0,0,0,Reader_2_4.csv
4199,0,0,0,Reader_2_5.csv
4199,0,0,0,Reader_2_6.csv
4199,0,0,0,Reader_2_7.csv
4199,1,0,1,Reader_2_8.csv
4199,0,0,0,Reader_2_9.csv
4199,10,6,4,reader_3_1.csv
4199,71,68,3,Reader_3_2.csv
4199,0,0,0,Reader_3_3.csv
4199,0,0,0,Reader_3_4.csv
4199,0,0,0,Reader_3_5.csv
4199,0,0,0,Reader_3_6.csv
4199,0,0,0,Reader_3_7.csv
4200,8,6,2,Reader_1_1.csv
4200,1,1,0,Reader_1_10.csv
4200,0,0,0,Reader_1_11.csv
4200,0,0,0,Reader_1_12.csv
4200,0,0,0,Reader_1_2.csv
4200,2,1,1,Reader_1_3.csv
4200,0,0,0,Reader_1_4.csv
4200,0,0,0,Reader_1_5.csv
4200,0,0,0,Reader_1_6.csv
4200,1,1,0,Reader_1_7.csv
4200,0,0,0,Reader_1_8.csv
4200,1,1,0,Reader_1_9.csv
4200,0,0,0,Reader_2_1.csv
4200,2,2,0,Reader_2_10.csv
4200,0,0,0,Reader_2_11.csv
4200,0,0,0,Reader_2_12.csv
4200,0,0,0,Reader_2_2.csv
4200,0,0,0,Reader_2_3.csv
4200,0,0,0,Reader_2_4.csv
4200,0,0,0,Reader_2_5.csv
4200,0,0,0,Reader_2_6.csv
4200,0,0,0,Reader_2_7.csv
4200,1,0,1,Reader_2_8.csv
4200,0,0,0,Reader_2_9.csv
4200,11,6,5,reader_3_1.csv
4200,73,70,3,Reader_3_2.csv
4200,0,0,0,Reader_3_3.csv
4200,0,0,0,Reader_3_4.csv
4200,0,0,0,Reader_3_5.csv
4200,0,0,0,Reader_3_6.csv
4200,0,0,0,Reader_3_7.csv
4201,10,7,3,Reader_1_1.csv
4201,1,1,0,Reader_1_10.csv
4201,2,1,1,Reader_1_11.csv
4201,0,0,0,Reader_1_12.csv
4201,0,0,0,Reader_1_2.csv
4201,2,1,1,Reader_1_3.csv
4201,0,0,0,Reader_1_4.csv
4201,0,0,0,Reader_1_5.csv
4201,0,0,0,Reader_1_6.csv
4201,1,1,0,Reader_1_7.csv
4201,0,0,0,Reader_1_8.csv
4201,1,1,0,Reader_1_9.csv
4201,0,0,0,Reader_2_1.csv
4201,2,2,0,Reader_2_10.csv
4201,0,0,0,Reader_2_11.csv
4201,0,0,0,Reader_2_12.csv
4201,0,0,0,Reader_2_2.csv
4201,0,0,0,Reader_2_3.csv
4201,0,0,0,Reader_2_4.csv
4201,0,0,0,Reader_2_5.csv
4201,0,0,0,Reader_2_6.csv
4201,0,0,0,Reader_2_7.csv
4201,2,1,1,Reader_2_8.csv
4201,0,0,0,Reader_2_9.csv
4201,11,7,4,reader_3_1.csv
4201,85,82,3,Reader_3_2.csv
4201,0,0,0,Reader_3_3.csv
4201,0,0,0,Reader_3_4.csv
4201,0,0,0,Reader_3_5.csv
4201,0,0,0,Reader_3_6.csv
4201,0,0,0,Reader_3_7.csv
4202,10,8,2,Reader_1_1.csv
4202,1,1,0,Reader_1_10.csv
4202,2,1,1,Reader_1_11.csv
4202,0,0,0,Reader_1_12.csv
4202,0,0,0,Reader_1_2.csv
4202,2,1,1,Reader_1_3.csv
4202,0,0,0,Reader_1_4.csv
4202,0,0,0,Reader_1_5.csv
4202,0,0,0,Reader_1_6.csv
4202,1,1,0,Reader_1_7.csv
4202,0,0,0,Reader_1_8.csv
4202,1,1,0,Reader_1_9.csv
4202,0,0,0,Reader_2_1.csv
4202,2,2,0,Reader_2_10.csv
4202,0,0,0,Reader_2_11.csv
4202,0,0,0,Reader_2_12.csv
4202,0,0,0,Reader_2_2.csv
4202,0,0,0,Reader_2_3.csv
4202,0,0,0,Reader_2_4.csv
4202,0,0,0,Reader_2_5.csv
4202,0,0,0,Reader_2_6.csv
4202,0,0,0,Reader_2_7.csv
4202,2,1,1,Reader_2_8.csv
4202,0,0,0,Reader_2_9.csv
4202,10,7,3,reader_3_1.csv
4202,102,99,3,Reader_3_2.csv
4202,0,0,0,Reader_3_3.csv
4202,0,0,0,Reader_3_4.csv
4202,0,0,0,Reader_3_5.csv
4202,0,0,0,Reader_3_6.csv
4202,0,0,0,Reader_3_7.csv
4203,9,6,3,Reader_1_1.csv
4203,1,1,0,Reader_1_10.csv
4203,2,1,1,Reader_1_11.csv
4203,0,0,0,Reader_1_12.csv
4203,0,0,0,Reader_1_2.csv
4203,3,1,2,Reader_1_3.csv
4203,0,0,0,Reader_1_4.csv
4203,0,0,0,Reader_1_5.csv
4203,0,0,0,Reader_1_6.csv
4203,1,1,0,Reader_1_7.csv
4203,0,0,0,Reader_1_8.csv
4203,1,1,0,Reader_1_9.csv
4203,0,0,0,Reader_2_1.csv
4203,2,2,0,Reader_2_10.csv
4203,0,0,0,Reader_2_11.csv
4203,0,0,0,Reader_2_12.csv
4203,0,0,0,Reader_2_2.csv
4203,0,0,0,Reader_2_3.csv
4203,0,0,0,Reader_2_4.csv
4203,0,0,0,Reader_2_5.csv
4203,0,0,0,Reader_2_6.csv
4203,0,0,0,Reader_2_7.csv
4203,1,1,0,Reader_2_8.csv
4203,1,1,0,Reader_2_9.csv
4203,11,8,3,reader_3_1.csv
4203,109,106,3,Reader_3_2.csv
4203,0,0,0,Reader_3_3.csv
4203,0,0,0,Reader_3_4.csv
4203,0,0,0,Reader_3_5.csv
4203,0,0,0,Reader_3_6.csv
4203,0,0,0,Reader_3_7.csv
4204,8,5,3,Reader_1_1.csv
4204,2,2,0,Reader_1_10.csv
4204,2,1,1,Reader_1_11.csv
4204,0,0,0,Reader_1_12.csv
4204,0,0,0,Reader_1_2.csv
4204,3,1,2,Reader_1_3.csv
4204,0,0,0,Reader_1_4.csv
4204,0,0,0,Reader_1_5.csv
4204,0,0,0,Reader_1_6.csv
4204,1,1,0,Reader_1_7.csv
4204,0,0,0,Reader_1_8.csv
4204,0,0,0,Reader_1_9.csv
4204,0,0,0,Reader_2_1.csv
4204,2,2,0,Reader_2_10.csv
4204,0,0,0,Reader_2_11.csv
4204,0,0,0,Reader_2_12.csv
4204,0,0,0,Reader_2_2.csv
4204,0,0,0,Reader_2_3.csv
4204,0,0,0,Reader_2_4.csv
4204,0,0,0,Reader_2_5.csv
4204,0,0,0,Reader_2_6.csv
4204,0,0,0,Reader_2_7.csv
4204,1,1,0,Reader_2_8.csv
4204,1,1,0,Reader_2_9.csv
4204,13,11,2,reader_3_1.csv
4204,118,115,3,Reader_3_2.csv
4204,0,0,0,Reader_3_3.csv
4204,0,0,0,Reader_3_4.csv
4204,0,0,0,Reader_3_5.csv
4204,0,0,0,Reader_3_6.csv
4204,0,0,0,Reader_3_7.csv
4205,7,4,3,Reader_1_1.csv
4205,2,2,0,Reader_1_10.csv
4205,2,1,1,Reader_1_11.csv
4205,0,0,0,Reader_1_12.csv
4205,0,0,0,Reader_1_2.csv
4205,2,0,2,Reader_1_3.csv
4205,0,0,0,Reader_1_4.csv
4205,0,0,0,Reader_1_5.csv
4205,0,0,0,Reader_1_6.csv
4205,1,1,0,Reader_1_7.csv
4205,0,0,0,Reader_1_8.csv
4205,0,0,0,Reader_1_9.csv
4205,0,0,0,Reader_2_1.csv
4205,0,0,0,Reader_2_10.csv
4205,0,0,0,Reader_2_11.csv
4205,0,0,0,Reader_2_12.csv
4205,0,0,0,Reader_2_2.csv
4205,0,0,0,Reader_2_3.csv
4205,0,0,0,Reader_2_4.csv
4205,0,0,0,Reader_2_5.csv
4205,0,0,0,Reader_2_6.csv
4205,0,0,0,Reader_2_7.csv
4205,1,1,0,Reader_2_8.csv
4205,1,1,0,Reader_2_9.csv
4205,14,12,2,reader_3_1.csv
4205,121,119,2,Reader_3_2.csv
4205,0,0,0,Reader_3_3.csv
4205,0,0,0,Reader_3_4.csv
4205,0,0,0,Reader_3_5.csv
4205,0,0,0,Reader_3_6.csv
4205,0,0,0,Reader_3_7.csv
4206,9,6,3,Reader_1_1.csv
4206,1,1,0,Reader_1_10.csv
4206,2,1,1,Reader_1_11.csv
4206,0,0,0,Reader_1_12.csv
4206,0,0,0,Reader_1_2.csv
4206,4,1,3,Reader_1_3.csv
4206,0,0,0,Reader_1_4.csv
4206,0,0,0,Reader_1_5.csv
4206,0,0,0,Reader_1_6.csv
4206,1,1,0,Reader_1_7.csv
4206,0,0,0,Reader_1_8.csv
4206,1,1,0,Reader_1_9.csv
4206,0,0,0,Reader_2_1.csv
4206,0,0,0,Reader_2_10.csv
4206,0,0,0,Reader_2_11.csv
4206,0,0,0,Reader_2_12.csv
4206,0,0,0,Reader_2_2.csv
4206,0,0,0,Reader_2_3.csv
4206,0,0,0,Reader_2_4.csv
4206,0,0,0,Reader_2_5.csv
4206,0,0,0,Reader_2_6.csv
4206,0,0,0,Reader_2_7.csv
4206,1,1,0,Reader_2_8.csv
4206,1,1,0,Reader_2_9.csv
4206,16,14,2,reader_3_1.csv
4206,126,126,0,Reader_3_2.csv
4206,0,0,0,Reader_3_3.csv
4206,0,0,0,Reader_3_4.csv
4206,0,0,0,Reader_3_5.csv
4206,0,0,0,Reader_3_6.csv
4206,0,0,0,Reader_3_7.csv
4207,9,6,3,Reader_1_1.csv
4207,1,1,0,Reader_1_10.csv
4207,2,1,1,Reader_1_11.csv
4207,0,0,0,Reader_1_12.csv
4207,0,0,0,Reader_1_2.csv
4207,3,1,2,Reader_1_3.csv
4207,0,0,0,Reader_1_4.csv
4207,0,0,0,Reader_1_5.csv
4207,0,0,0,Reader_1_6.csv
4207,0,0,0,Reader_1_7.csv
4207,0,0,0,Reader_1_8.csv
4207,1,1,0,Reader_1_9.csv
4207,0,0,0,Reader_2_1.csv
4207,0,0,0,Reader_2_10.csv
4207,0,0,0,Reader_2_11.csv
4207,0,0,0,Reader_2_12.csv
4207,0,0,0,Reader_2_2.csv
4207,0,0,0,Reader_2_3.csv
4207,0,0,0,Reader_2_4.csv
4207,0,0,0,Reader_2_5.csv
4207,0,0,0,Reader_2_6.csv
4207,0,0,0,Reader_2_7.csv
4207,1,1,0,Reader_2_8.csv
4207,1,1,0,Reader_2_9.csv
4207,16,15,1,reader_3_1.csv
4207,122,122,0,Reader_3_2.csv
4207,0,0,0,Reader_3_3.csv
4207,0,0,0,Reader_3_4.csv
4207,0,0,0,Reader_3_5.csv
4207,0,0,0,Reader_3_6.csv
4207,0,0,0,Reader_3_7.csv
4208,9,5,4,Reader_1_1.csv
4208,2,1,1,Reader_1_10.csv
4208,2,1,1,Reader_1_11.csv
4208,0,0,0,Reader_1_12.csv
4208,0,0,0,Reader_1_2.csv
4208,3,1,2,Reader_1_3.csv
4208,1,0,1,Reader_1_4.csv
4208,0,0,0,Reader_1_5.csv
4208,0,0,0,Reader_1_6.csv
4208,0,0,0,Reader_1_7.csv
4208,0,0,0,Reader_1_8.csv
4208,1,1,0,Reader_1_9.csv
4208,1,1,0,Reader_2_1.csv
4208,0,0,0,Reader_2_10.csv
4208,0,0,0,Reader_2_11.csv
4208,0,0,0,Reader_2_12.csv
4208,0,0,0,Reader_2_2.csv
4208,0,0,0,Reader_2_3.csv
4208,0,0,0,Reader_2_4.csv
4208,0,0,0,Reader_2_5.csv
4208,0,0,0,Reader_2_6.csv
4208,0,0,0,Reader_2_7.csv
4208,2,1,1,Reader_2_8.csv
4208,1,1,0,Reader_2_9.csv
4208,19,19,0,reader_3_1.csv
4208,127,126,1,Reader_3_2.csv
4208,0,0,0,Reader_3_3.csv
4208,0,0,0,Reader_3_4.csv
4208,0,0,0,Reader_3_5.csv
4208,0,0,0,Reader_3_6.csv
4208,0,0,0,Reader_3_7.csv
4209,8,4,4,Reader_1_1.csv
4209,2,1,1,Reader_1_10.csv
4209,0,0,0,Reader_1_11.csv
4209,0,0,0,Reader_1_12.csv
4209,0,0,0,Reader_1_2.csv
4209,3,1,2,Reader_1_3.csv
4209,1,0,1,Reader_1_4.csv
4209,0,0,0,Reader_1_5.csv
4209,0,0,0,Reader_1_6.csv
4209,0,0,0,Reader_1_7.csv
4209,0,0,0,Reader_1_8.csv
4209,1,1,0,Reader_1_9.csv
4209,1,1,0,Reader_2_1.csv
4209,0,0,0,Reader_2_10.csv
4209,0,0,0,Reader_2_11.csv
4209,0,0,0,Reader_2_12.csv
4209,0,0,0,Reader_2_2.csv
4209,0,0,0,Reader_2_3.csv
4209,0,0,0,Reader_2_4.csv
4209,0,0,0,Reader_2_5.csv
4209,0,0,0,Reader_2_6.csv
4209,0,0,0,Reader_2_7.csv
4209,1,0,1,Reader_2_8.csv
4209,1,1,0,Reader_2_9.csv
4209,29,29,0,reader_3_1.csv
4209,122,121,1,Reader_3_2.csv
4209,0,0,0,Reader_3_3.csv
4209,0,0,0,Reader_3_4.csv
4209,0,0,0,Reader_3_5.csv
4209,0,0,0,Reader_3_6.csv
4209,0,0,0,Reader_3_7.csv
4210,8,3,5,Reader_1_1.csv
4210,2,1,1,Reader_1_10.csv
4210,0,0,0,Reader_1_11.csv
4210,0,0,0,Reader_1_12.csv
4210,0,0,0,Reader_1_2.csv
4210,3,1,2,Reader_1_3.csv
4210,1,0,1,Reader_1_4.csv
4210,0,0,0,Reader_1_5.csv
4210,0,0,0,Reader_1_6.csv
4210,0,0,0,Reader_1_7.csv
4210,0,0,0,Reader_1_8.csv
4210,1,1,0,Reader_1_9.csv
4210,1,1,0,Reader_2_1.csv
4210,0,0,0,Reader_2_10.csv
4210,0,0,0,Reader_2_11.csv
4210,0,0,0,Reader_2_12.csv
4210,0,0,0,Reader_2_2.csv
4210,0,0,0,Reader_2_3.csv
4210,0,0,0,Reader_2_4.csv
4210,0,0,0,Reader_2_5.csv
4210,0,0,0,Reader_2_6.csv
4210,0,0,0,Reader_2_7.csv
4210,1,0,1,Reader_2_8.csv
4210,1,1,0,Reader_2_9.csv
4210,37,37,0,reader_3_1.csv
4210,110,109,1,Reader_3_2.csv
4210,0,0,0,Reader_3_3.csv
4210,0,0,0,Reader_3_4.csv
4210,0,0,0,Reader_3_5.csv
4210,0,0,0,Reader_3_6.csv
4210,0,0,0,Reader_3_7.csv
4211,8,3,5,Reader_1_1.csv
4211,2,1,1,Reader_1_10.csv
4211,0,0,0,Reader_1_11.csv
4211,0,0,0,Reader_1_12.csv
4211,0,0,0,Reader_1_2.csv
4211,4,2,2,Reader_1_3.csv
4211,1,0,1,Reader_1_4.csv
4211,0,0,0,Reader_1_5.csv
4211,0,0,0,Reader_1_6.csv
4211,0,0,0,Reader_1_7.csv
4211,0,0,0,Reader_1_8.csv
4211,1,1,0,Reader_1_9.csv
4211,1,1,0,Reader_2_1.csv
4211,0,0,0,Reader_2_10.csv
4211,0,0,0,Reader_2_11.csv
4211,0,0,0,Reader_2_12.csv
4211,0,0,0,Reader_2_2.csv
4211,0,0,0,Reader_2_3.csv
4211,0,0,0,Reader_2_4.csv
4211,0,0,0,Reader_2_5.csv
4211,0,0,0,Reader_2_6.csv
4211,0,0,0,Reader_2_7.csv
4211,1,0,1,Reader_2_8.csv
4211,0,0,0,Reader_2_9.csv
4211,46,46,0,reader_3_1.csv
4211,101,99,2,Reader_3_2.csv
4211,0,0,0,Reader_3_3.csv
4211,0,0,0,Reader_3_4.csv
4211,0,0,0,Reader_3_5.csv
4211,0,0,0,Reader_3_6.csv
4211,0,0,0,Reader_3_7.csv
4212,8,3,5,Reader_1_1.csv
4212,1,0,1,Reader_1_10.csv
4212,1,1,0,Reader_1_11.csv
4212,0,0,0,Reader_1_12.csv
4212,0,0,0,Reader_1_2.csv
4212,5,2,3,Reader_1_3.csv
4212,1,0,1,Reader_1_4.csv
4212,0,0,0,Reader_1_5.csv
4212,0,0,0,Reader_1_6.csv
4212,0,0,0,Reader_1_7.csv
4212,0,0,0,Reader_1_8.csv
4212,1,1,0,Reader_1_9.csv
4212,1,1,0,Reader_2_1.csv
4212,0,0,0,Reader_2_10.csv
4212,0,0,0,Reader_2_11.csv
4212,0,0,0,Reader_2_12.csv
4212,0,0,0,Reader_2_2.csv
4212,0,0,0,Reader_2_3.csv
4212,0,0,0,Reader_2_4.csv
4212,0,0,0,Reader_2_5.csv
4212,0,0,0,Reader_2_6.csv
4212,0,0,0,Reader_2_7.csv
4212,1,0,1,Reader_2_8.csv
4212,0,0,0,Reader_2_9.csv
4212,59,58,1,reader_3_1.csv
4212,93,90,3,Reader_3_2.csv
4212,0,0,0,Reader_3_3.csv
4212,0,0,0,Reader_3_4.csv
4212,0,0,0,Reader_3_5.csv
4212,0,0,0,Reader_3_6.csv
4212,0,0,0,Reader_3_7.csv
4213,9,3,6,Reader_1_1.csv
4213,1,0,1,Reader_1_10.csv
4213,1,1,0,Reader_1_11.csv
4213,0,0,0,Reader_1_12.csv
4213,0,0,0,Reader_1_2.csv
4213,5,2,3,Reader_1_3.csv
4213,1,0,1,Reader_1_4.csv
4213,0,0,0,Reader_1_5.csv
4213,0,0,0,Reader_1_6.csv
4213,0,0,0,Reader_1_7.csv
4213,0,0,0,Reader_1_8.csv
4213,1,1,0,Reader_1_9.csv
4213,1,1,0,Reader_2_1.csv
4213,0,0,0,Reader_2_10.csv
4213,0,0,0,Reader_2_11.csv
4213,0,0,0,Reader_2_12.csv
4213,0,0,0,Reader_2_2.csv
4213,0,0,0,Reader_2_3.csv
4213,0,0,0,Reader_2_4.csv
4213,0,0,0,Reader_2_5.csv
4213,0,0,0,Reader_2_6.csv
4213,0,0,0,Reader_2_7.csv
4213,1,0,1,Reader_2_8.csv
4213,0,0,0,Reader_2_9.csv
4213,72,71,1,reader_3_1.csv
4213,85,82,3,Reader_3_2.csv
4213,0,0,0,Reader_3_3.csv
4213,0,0,0,Reader_3_4.csv
4213,0,0,0,Reader_3_5.csv
4213,0,0,0,Reader_3_6.csv
4213,0,0,0,Reader_3_7.csv
4214,7,1,6,Reader_1_1.csv
4214,1,0,1,Reader_1_10.csv
4214,1,1,0,Reader_1_11.csv
4214,0,0,0,Reader_1_12.csv
4214,0,0,0,Reader_1_2.csv
4214,3,1,2,Reader_1_3.csv
4214,1,0,1,Reader_1_4.csv
4214,0,0,0,Reader_1_5.csv
4214,0,0,0,Reader_1_6.csv
4214,0,0,0,Reader_1_7.csv
4214,0,0,0,Reader_1_8.csv
4214,0,0,0,Reader_1_9.csv
4214,1,1,0,Reader_2_1.csv
4214,0,0,0,Reader_2_10.csv
4214,0,0,0,Reader_2_11.csv
4214,0,0,0,Reader_2_12.csv
4214,0,0,0,Reader_2_2.csv
4214,0,0,0,Reader_2_3.csv
4214,0,0,0,Reader_2_4.csv
4214,0,0,0,Reader_2_5.csv
4214,0,0,0,Reader_2_6.csv
4214,0,0,0,Reader_2_7.csv
4214,1,0,1,Reader_2_8.csv
4214,0,0,0,Reader_2_9.csv
4214,87,86,1,reader_3_1.csv
4214,69,66,3,Reader_3_2.csv
4214,0,0,0,Reader_3_3.csv
4214,0,0,0,Reader_3_4.csv
4214,0,0,0,Reader_3_5.csv
4214,0,0,0,Reader_3_6.csv
4214,0,0,0,Reader_3_7.csv
4215,8,2,6,Reader_1_1.csv
4215,1,0,1,Reader_1_10.csv
4215,1,1,0,Reader_1_11.csv
4215,0,0,0,Reader_1_12.csv
4215,0,0,0,Reader_1_2.csv
4215,3,1,2,Reader_1_3.csv
4215,1,0,1,Reader_1_4.csv
4215,1,1,0,Reader_1_5.csv
4215,0,0,0,Reader_1_6.csv
4215,0,0,0,Reader_1_7.csv
4215,0,0,0,Reader_1_8.csv
4215,0,0,0,Reader_1_9.csv
4215,1,1,0,Reader_2_1.csv
4215,1,1,0,Reader_2_10.csv
4215,0,0,0,Reader_2_11.csv
4215,0,0,0,Reader_2_12.csv
4215,0,0,0,Reader_2_2.csv
4215,0,0,0,Reader_2_3.csv
4215,0,0,0,Reader_2_4.csv
4215,0,0,0,Reader_2_5.csv
4215,0,0,0,Reader_2_6.csv
4215,0,0,0,Reader_2_7.csv
4215,1,0,1,Reader_2_8.csv
4215,0,0,0,Reader_2_9.csv
4215,101,100,1,reader_3_1.csv
4215,61,58,3,Reader_3_2.csv
4215,0,0,0,Reader_3_3.csv
4215,0,0,0,Reader_3_4.csv
4215,0,0,0,Reader_3_5.csv
4215,0,0,0,Reader_3_6.csv
4215,0,0,0,Reader_3_7.csv
4216,6,2,4,Reader_1_1.csv
4216,0,0,0,Reader_1_10.csv
4216,2,2,0,Reader_1_11.csv
4216,0,0,0,Reader_1_12.csv
4216,0,0,0,Reader_1_2.csv
4216,4,2,2,Reader_1_3.csv
4216,0,0,0,Reader_1_4.csv
4216,1,1,0,Reader_1_5.csv
4216,0,0,0,Reader_1_6.csv
4216,0,0,0,Reader_1_7.csv
4216,0,0,0,Reader_1_8.csv
4216,0,0,0,Reader_1_9.csv
4216,0,0,0,Reader_2_1.csv
4216,1,1,0,Reader_2_10.csv
4216,0,0,0,Reader_2_11.csv
4216,0,0,0,Reader_2_12.csv
4216,0,0,0,Reader_2_2.csv
4216,0,0,0,Reader_2_3.csv
4216,0,0,0,Reader_2_4.csv
4216,0,0,0,Reader_2_5.csv
4216,0,0,0,Reader_2_6.csv
4216,0,0,0,Reader_2_7.csv
4216,0,0,0,Reader_2_8.csv
4216,0,0,0,Reader_2_9.csv
4216,111,110,1,reader_3_1.csv
4216,54,52,2,Reader_3_2.csv
4216,0,0,0,Reader_3_3.csv
4216,0,0,0,Reader_3_4.csv
4216,0,0,0,Reader_3_5.csv
4216,0,0,0,Reader_3_6.csv
4216,0,0,0,Reader_3_7.csv
4217,6,2,4,Reader_1_1.csv
4217,0,0,0,Reader_1_10.csv
4217,2,2,0,Reader_1_11.csv
4217,0,0,0,Reader_1_12.csv
4217,0,0,0,Reader_1_2.csv
4217,6,2,4,Reader_1_3.csv
4217,0,0,0,Reader_1_4.csv
4217,1,1,0,Reader_1_5.csv
4217,0,0,0,Reader_1_6.csv
4217,0,0,0,Reader_1_7.csv
4217,0,0,0,Reader_1_8.csv
4217,0,0,0,Reader_1_9.csv
4217,0,0,0,Reader_2_1.csv
4217,1,1,0,Reader_2_10.csv
4217,0,0,0,Reader_2_11.csv
4217,0,0,0,Reader_2_12.csv
4217,0,0,0,Reader_2_2.csv
4217,0,0,0,Reader_2_3.csv
4217,0,0,0,Reader_2_4.csv
4217,0,0,0,Reader_2_5.csv
4217,0,0,0,Reader_2_6.csv
4217,0,0,0,Reader_2_7.csv
4217,0,0,0,Reader_2_8.csv
4217,0,0,0,Reader_2_9.csv
4217,119,118,1,reader_3_1.csv
4217,55,53,2,Reader_3_2.csv
4217,0,0,0,Reader_3_3.csv
4217,0,0,0,Reader_3_4.csv
4217,0,0,0,Reader_3_5.csv
4217,0,0,0,Reader_3_6.csv
4217,0,0,0,Reader_3_7.csv
4218,6,3,3,Reader_1_1.csv
4218,0,0,0,Reader_1_10.csv
4218,2,2,0,Reader_1_11.csv
4218,0,0,0,Reader_1_12.csv
4218,0,0,0,Reader_1_2.csv
4218,6,2,4,Reader_1_3.csv
4218,0,0,0,Reader_1_4.csv
4218,1,1,0,Reader_1_5.csv
4218,0,0,0,Reader_1_6.csv
4218,0,0,0,Reader_1_7.csv
4218,0,0,0,Reader_1_8.csv
4218,0,0,0,Reader_1_9.csv
4218,0,0,0,Reader_2_1.csv
4218,1,1,0,Reader_2_10.csv
4218,0,0,0,Reader_2_11.csv
4218,0,0,0,Reader_2_12.csv
4218,0,0,0,Reader_2_2.csv
4218,1,1,0,Reader_2_3.csv
4218,0,0,0,Reader_2_4.csv
4218,0,0,0,Reader_2_5.csv
4218,0,0,0,Reader_2_6.csv
4218,0,0,0,Reader_2_7.csv
4218,0,0,0,Reader_2_8.csv
4218,0,0,0,Reader_2_9.csv
4218,126,125,1,reader_3_1.csv
4218,52,50,2,Reader_3_2.csv
4218,0,0,0,Reader_3_3.csv
4218,0,0,0,Reader_3_4.csv
4218,0,0,0,Reader_3_5.csv
4218,0,0,0,Reader_3_6.csv
4218,0,0,0,Reader_3_7.csv
4219,5,3,2,Reader_1_1.csv
4219,0,0,0,Reader_1_10.csv
4219,3,3,0,Reader_1_11.csv
4219,0,0,0,Reader_1_12.csv
4219,0,0,0,Reader_1_2.csv
4219,4,1,3,Reader_1_3.csv
4219,0,0,0,Reader_1_4.csv
4219,1,1,0,Reader_1_5.csv
4219,0,0,0,Reader_1_6.csv
4219,0,0,0,Reader_1_7.csv
4219,0,0,0,Reader_1_8.csv
4219,0,0,0,Reader_1_9.csv
4219,0,0,0,Reader_2_1.csv
4219,1,1,0,Reader_2_10.csv
4219,0,0,0,Reader_2_11.csv
4219,0,0,0,Reader_2_12.csv
4219,0,0,0,Reader_2_2.csv
4219,1,1,0,Reader_2_3.csv
4219,0,0,0,Reader_2_4.csv
4219,0,0,0,Reader_2_5.csv
4219,0,0,0,Reader_2_6.csv
4219,0,0,0,Reader_2_7.csv
4219,0,0,0,Reader_2_8.csv
4219,0,0,0,Reader_2_9.csv
4219,135,134,1,reader_3_1.csv
4219,47,46,1,Reader_3_2.csv
4219,0,0,0,Reader_3_3.csv
4219,0,0,0,Reader_3_4.csv
4219,0,0,0,Reader_3_5.csv
4219,0,0,0,Reader_3_6.csv
4219,0,0,0,Reader_3_7.csv
4220,6,4,2,Reader_1_1.csv
4220,0,0,0,Reader_1_10.csv
4220,2,2,0,Reader_1_11.csv
4220,0,0,0,Reader_1_12.csv
4220,0,0,0,Reader_1_2.csv
4220,4,2,2,Reader_1_3.csv
4220,0,0,0,Reader_1_4.csv
4220,1,1,0,Reader_1_5.csv
4220,0,0,0,Reader_1_6.csv
4220,0,0,0,Reader_1_7.csv
4220,0,0,0,Reader_1_8.csv
4220,0,0,0,Reader_1_9.csv
4220,0,0,0,Reader_2_1.csv
4220,1,1,0,Reader_2_10.csv
4220,0,0,0,Reader_2_11.csv
4220,0,0,0,Reader_2_12.csv
4220,2,2,0,Reader_2_2.csv
4220,1,1,0,Reader_2_3.csv
4220,0,0,0,Reader_2_4.csv
4220,0,0,0,Reader_2_5.csv
4220,0,0,0,Reader_2_6.csv
4220,0,0,0,Reader_2_7.csv
4220,0,0,0,Reader_2_8.csv
4220,0,0,0,Reader_2_9.csv
4220,138,138,0,reader_3_1.csv
4220,42,41,1,Reader_3_2.csv
4220,0,0,0,Reader_3_3.csv
4220,0,0,0,Reader_3_4.csv
4220,0,0,0,Reader_3_5.csv
4220,0,0,0,Reader_3_6.csv
4220,0,0,0,Reader_3_7.csv
4221,5,4,1,Reader_1_1.csv
4221,0,0,0,Reader_1_10.csv
4221,2,2,0,Reader_1_11.csv
4221,0,0,0,Reader_1_12.csv
4221,0,0,0,Reader_1_2.csv
4221,4,2,2,Reader_1_3.csv
4221,0,0,0,Reader_1_4.csv
4221,1,1,0,Reader_1_5.csv
4221,0,0,0,Reader_1_6.csv
4221,0,0,0,Reader_1_7.csv
4221,0,0,0,Reader_1_8.csv
4221,0,0,0,Reader_1_9.csv
4221,0,0,0,Reader_2_1.csv
4221,1,1,0,Reader_2_10.csv
4221,0,0,0,Reader_2_11.csv
4221,0,0,0,Reader_2_12.csv
4221,2,2,0,Reader_2_2.csv
4221,1,1,0,Reader_2_3.csv
4221,0,0,0,Reader_2_4.csv
4221,0,0,0,Reader_2_5.csv
4221,0,0,0,Reader_2_6.csv
4221,0,0,0,Reader_2_7.csv
4221,0,0,0,Reader_2_8.csv
4221,0,0,0,Reader_2_9.csv
4221,137,136,1,reader_3_1.csv
4221,40,39,1,Reader_3_2.csv
4221,0,0,0,Reader_3_3.csv
4221,0,0,0,Reader_3_4.csv
4221,0,0,0,Reader_3_5.csv
4221,0,0,0,Reader_3_6.csv
4221,0,0,0,Reader_3_7.csv
4222,6,5,1,Reader_1_1.csv
4222,0,0,0,Reader_1_10.csv
4222,3,2,1,Reader_1_11.csv
4222,0,0,0,Reader_1_12.csv
4222,0,0,0,Reader_1_2.csv
4222,6,3,3,Reader_1_3.csv
4222,0,0,0,Reader_1_4.csv
4222,1,1,0,Reader_1_5.csv
4222,0,0,0,Reader_1_6.csv
4222,0,0,0,Reader_1_7.csv
4222,0,0,0,Reader_1_8.csv
4222,0,0,0,Reader_1_9.csv
4222,0,0,0,Reader_2_1.csv
4222,1,1,0,Reader_2_10.csv
4222,0,0,0,Reader_2_11.csv
4222,0,0,0,Reader_2_12.csv
4222,2,2,0,Reader_2_2.csv
4222,1,1,0,Reader_2_3.csv
4222,0,0,0,Reader_2_4.csv
4222,0,0,0,Reader_2_5.csv
4222,0,0,0,Reader_2_6.csv
4222,0,0,0,Reader_2_7.csv
4222,0,0,0,Reader_2_8.csv
4222,0,0,0,Reader_2_9.csv
4222,140,138,2,reader_3_1.csv
4222,44,43,1,Reader_3_2.csv
4222,0,0,0,Reader_3_3.csv
4222,0,0,0,Reader_3_4.csv
4222,0,0,0,Reader_3_5.csv
4222,0,0,0,Reader_3_6.csv
4222,0,0,0,Reader_3_7.csv
4223,4,3,1,Reader_1_1.csv
4223,0,0,0,Reader_1_10.csv
4223,4,3,1,Reader_1_11.csv
4223,0,0,0,Reader_1_12.csv
4223,0,0,0,Reader_1_2.csv
4223,6,3,3,Reader_1_3.csv
4223,0,0,0,Reader_1_4.csv
4223,0,0,0,Reader_1_5.csv
4223,0,0,0,Reader_1_6.csv
4223,0,0,0,Reader_1_7.csv
4223,0,0,0,Reader_1_8.csv
4223,0,0,0,Reader_1_9.csv
4223,0,0,0,Reader_2_1.csv
4223,0,0,0,Reader_2_10.csv
4223,0,0,0,Reader_2_11.csv
4223,0,0,0,Reader_2_12.csv
4223,2,2,0,Reader_2_2.csv
4223,1,1,0,Reader_2_3.csv
4223,0,0,0,Reader_2_4.csv
4223,0,0,0,Reader_2_5.csv
4223,0,0,0,Reader_2_6.csv
4223,0,0,0,Reader_2_7.csv
4223,0,0,0,Reader_2_8.csv
4223,0,0,0,Reader_2_9.csv
4223,143,140,3,reader_3_1.csv
4223,43,42,1,Reader_3_2.csv
4223,0,0,0,Reader_3_3.csv
4223,0,0,0,Reader_3_4.csv
4223,0,0,0,Reader_3_5.csv
4223,0,0,0,Reader_3_6.csv
4223,0,0,0,Reader_3_7.csv
4224,4,3,1,Reader_1_1.csv
4224,1,1,0,Reader_1_10.csv
4224,3,2,1,Reader_1_11.csv
4224,0,0,0,Reader_1_12.csv
4224,0,0,0,Reader_1_2.csv
4224,5,2,3,Reader_1_3.csv
4224,0,0,0,Reader_1_4.csv
4224,0,0,0,Reader_1_5.csv
4224,0,0,0,Reader_1_6.csv
4224,0,0,0,Reader_1_7.csv
4224,0,0,0,Reader_1_8.csv
4224,0,0,0,Reader_1_9.csv
4224,1,1,0,Reader_2_1.csv
4224,0,0,0,Reader_2_10.csv
4224,0,0,0,Reader_2_11.csv
4224,0,0,0,Reader_2_12.csv
4224,2,2,0,Reader_2_2.csv
4224,1,1,0,Reader_2_3.csv
4224,0,0,0,Reader_2_4.csv
4224,0,0,0,Reader_2_5.csv
4224,0,0,0,Reader_2_6.csv
4224,0,0,0,Reader_2_7.csv
4224,0,0,0,Reader_2_8.csv
4224,0,0,0,Reader_2_9.csv
4224,147,142,5,reader_3_1.csv
4224,37,36,1,Reader_3_2.csv
4224,0,0,0,Reader_3_3.csv
4224,0,0,0,Reader_3_4.csv
4224,0,0,0,Reader_3_5.csv
4224,0,0,0,Reader_3_6.csv
4224,0,0,0,Reader_3_7.csv
4225,4,3,1,Reader_1_1.csv
4225,1,1,0,Reader_1_10.csv
4225,3,2,1,Reader_1_11.csv
4225,0,0,0,Reader_1_12.csv
4225,0,0,0,Reader_1_2.csv
4225,3,2,1,Reader_1_3.csv
4225,0,0,0,Reader_1_4.csv
4225,0,0,0,Reader_1_5.csv
4225,0,0,0,Reader_1_6.csv
4225,0,0,0,Reader_1_7.csv
4225,0,0,0,Reader_1_8.csv
4225,1,0,1,Reader_1_9.csv
4225,1,1,0,Reader_2_1.csv
4225,0,0,0,Reader_2_10.csv
4225,1,0,1,Reader_2_11.csv
4225,0,0,0,Reader_2_12.csv
4225,2,2,0,Reader_2_2.csv
4225,1,1,0,Reader_2_3.csv
4225,0,0,0,Reader_2_4.csv
4225,0,0,0,Reader_2_5.csv
4225,0,0,0,Reader_2_6.csv
4225,0,0,0,Reader_2_7.csv
4225,0,0,0,Reader_2_8.csv
4225,0,0,0,Reader_2_9.csv
4225,144,139,5,reader_3_1.csv
4225,30,29,1,Reader_3_2.csv
4225,0,0,0,Reader_3_3.csv
4225,0,0,0,Reader_3_4.csv
4225,0,0,0,Reader_3_5.csv
4225,0,0,0,Reader_3_6.csv
4225,0,0,0,Reader_3_7.csv
4226,4,3,1,Reader_1_1.csv
4226,1,1,0,Reader_1_10.csv
4226,4,2,2,Reader_1_11.csv
4226,0,0,0,Reader_1_12.csv
4226,0,0,0,Reader_1_2.csv
4226,3,2,1,Reader_1_3.csv
4226,0,0,0,Reader_1_4.csv
4226,0,0,0,Reader_1_5.csv
4226,0,0,0,Reader_1_6.csv
4226,0,0,0,Reader_1_7.csv
4226,0,0,0,Reader_1_8.csv
4226,2,1,1,Reader_1_9.csv
4226,1,1,0,Reader_2_1.csv
4226,0,0,0,Reader_2_10.csv
4226,1,0,1,Reader_2_11.csv
4226,0,0,0,Reader_2_12.csv
4226,2,2,0,Reader_2_2.csv
4226,0,0,0,Reader_2_3.csv
4226,0,0,0,Reader_2_4.csv
4226,0,0,0,Reader_2_5.csv
4226,0,0,0,Reader_2_6.csv
4226,0,0,0,Reader_2_7.csv
4226,0,0,0,Reader_2_8.csv
4226,0,0,0,Reader_2_9.csv
4226,146,140,6,reader_3_1.csv
4226,29,28,1,Reader_3_2.csv
4226,0,0,0,Reader_3_3.csv
4226,0,0,0,Reader_3_4.csv
4226,0,0,0,Reader_3_5.csv
4226,0,0,0,Reader_3_6.csv
4226,0,0,0,Reader_3_7.csv
4227,5,3,2,Reader_1_1.csv
4227,1,1,0,Reader_1_10.csv
4227,3,1,2,Reader_1_11.csv
4227,0,0,0,Reader_1_12.csv
4227,0,0,0,Reader_1_2.csv
4227,3,2,1,Reader_1_3.csv
4227,0,0,0,Reader_1_4.csv
4227,0,0,0,Reader_1_5.csv
4227,0,0,0,Reader_1_6.csv
4227,1,1,0,Reader_1_7.csv
4227,0,0,0,Reader_1_8.csv
4227,2,1,1,Reader_1_9.csv
4227,1,1,0,Reader_2_1.csv
4227,0,0,0,Reader_2_10.csv
4227,1,0,1,Reader_2_11.csv
4227,0,0,0,Reader_2_12.csv
4227,2,2,0,Reader_2_2.csv
4227,0,0,0,Reader_2_3.csv
4227,0,0,0,Reader_2_4.csv
4227,0,0,0,Reader_2_5.csv
4227,0,0,0,Reader_2_6.csv
4227,0,0,0,Reader_2_7.csv
4227,0,0,0,Reader_2_8.csv
4227,0,0,0,Reader_2_9.csv
4227,144,137,7,reader_3_1.csv
4227,30,29,1,Reader_3_2.csv
4227,0,0,0,Reader_3_3.csv
4227,0,0,0,Reader_3_4.csv
4227,0,0,0,Reader_3_5.csv
4227,0,0,0,Reader_3_6.csv
4227,0,0,0,Reader_3_7.csv
4228,4,2,2,Reader_1_1.csv
4228,1,1,0,Reader_1_10.csv
4228,3,1,2,Reader_1_11.csv
4228,0,0,0,Reader_1_12.csv
4228,0,0,0,Reader_1_2.csv
4228,4,3,1,Reader_1_3.csv
4228,0,0,0,Reader_1_4.csv
4228,0,0,0,Reader_1_5.csv
4228,0,0,0,Reader_1_6.csv
4228,1,1,0,Reader_1_7.csv
4228,0,0,0,Reader_1_8.csv
4228,2,1,1,Reader_1_9.csv
4228,1,1,0,Reader_2_1.csv
4228,0,0,0,Reader_2_10.csv
4228,2,1,1,Reader_2_11.csv
4228,0,0,0,Reader_2_12.csv
4228,0,0,0,Reader_2_2.csv
4228,1,1,0,Reader_2_3.csv
4228,0,0,0,Reader_2_4.csv
4228,0,0,0,Reader_2_5.csv
4228,0,0,0,Reader_2_6.csv
4228,0,0,0,Reader_2_7.csv
4228,0,0,0,Reader_2_8.csv
4228,0,0,0,Reader_2_9.csv
4228,144,135,9,reader_3_1.csv
4228,27,27,0,Reader_3_2.csv
4228,0,0,0,Reader_3_3.csv
4228,0,0,0,Reader_3_4.csv
4228,0,0,0,Reader_3_5.csv
4228,0,0,0,Reader_3_6.csv
4228,0,0,0,Reader_3_7.csv
4229,4,2,2,Reader_1_1.csv
4229,1,1,0,Reader_1_10.csv
4229,3,1,2,Reader_1_11.csv
4229,0,0,0,Reader_1_12.csv
4229,0,0,0,Reader_1_2.csv
4229,4,3,1,Reader_1_3.csv
4229,0,0,0,Reader_1_4.csv
4229,0,0,0,Reader_1_5.csv
4229,0,0,0,Reader_1_6.csv
4229,1,1,0,Reader_1_7.csv
4229,0,0,0,Reader_1_8.csv
4229,3,2,1,Reader_1_9.csv
4229,1,1,0,Reader_2_1.csv
4229,0,0,0,Reader_2_10.csv
4229,2,1,1,Reader_2_11.csv
4229,0,0,0,Reader_2_12.csv
4229,0,0,0,Reader_2_2.csv
4229,1,1,0,Reader_2_3.csv
4229,0,0,0,Reader_2_4.csv
4229,0,0,0,Reader_2_5.csv
4229,0,0,0,Reader_2_6.csv
4229,0,0,0,Reader_2_7.csv
4229,0,0,0,Reader_2_8.csv
4229,0,0,0,Reader_2_9.csv
4229,146,138,8,reader_3_1.csv
4229,28,28,0,Reader_3_2.csv
4229,0,0,0,Reader_3_3.csv
4229,0,0,0,Reader_3_4.csv
4229,0,0,0,Reader_3_5.csv
4229,0,0,0,Reader_3_6.csv
4229,0,0,0,Reader_3_7.csv
4230,3,1,2,Reader_1_1.csv
4230,1,1,0,Reader_1_10.csv
4230,2,1,1,Reader_1_11.csv
4230,0,0,0,Reader_1_12.csv
4230,0,0,0,Reader_1_2.csv
4230,3,3,0,Reader_1_3.csv
4230,0,0,0,Reader_1_4.csv
4230,0,0,0,Reader_1_5.csv
4230,0,0,0,Reader_1_6.csv
4230,1,1,0,Reader_1_7.csv
4230,0,0,0,Reader_1_8.csv
4230,3,2,1,Reader_1_9.csv
4230,1,1,0,Reader_2_1.csv
4230,0,0,0,Reader_2_10.csv
4230,2,1,1,Reader_2_11.csv
4230,0,0,0,Reader_2_12.csv
4230,0,0,0,Reader_2_2.csv
4230,1,1,0,Reader_2_3.csv
4230,0,0,0,Reader_2_4.csv
4230,0,0,0,Reader_2_5.csv
4230,0,0,0,Reader_2_6.csv
4230,0,0,0,Reader_2_7.csv
4230,0,0,0,Reader_2_8.csv
4230,0,0,0,Reader_2_9.csv
4230,142,134,8,reader_3_1.csv
4230,23,23,0,Reader_3_2.csv
4230,0,0,0,Reader_3_3.csv
4230,0,0,0,Reader_3_4.csv
4230,0,0,0,Reader_3_5.csv
4230,0,0,0,Reader_3_6.csv
4230,0,0,0,Reader_3_7.csv
4231,3,1,2,Reader_1_1.csv
4231,1,1,0,Reader_1_10.csv
4231,1,0,1,Reader_1_11.csv
4231,0,0,0,Reader_1_12.csv
4231,0,0,0,Reader_1_2.csv
4231,3,3,0,Reader_1_3.csv
4231,0,0,0,Reader_1_4.csv
4231,0,0,0,Reader_1_5.csv
4231,0,0,0,Reader_1_6.csv
4231,1,1,0,Reader_1_7.csv
4231,0,0,0,Reader_1_8.csv
4231,3,2,1,Reader_1_9.csv
4231,1,1,0,Reader_2_1.csv
4231,0,0,0,Reader_2_10.csv
4231,2,1,1,Reader_2_11.csv
4231,0,0,0,Reader_2_12.csv
4231,0,0,0,Reader_2_2.csv
4231,1,1,0,Reader_2_3.csv
4231,0,0,0,Reader_2_4.csv
4231,0,0,0,Reader_2_5.csv
4231,0,0,0,Reader_2_6.csv
4231,0,0,0,Reader_2_7.csv
4231,0,0,0,Reader_2_8.csv
4231,0,0,0,Reader_2_9.csv
4231,142,134,8,reader_3_1.csv
4231,24,24,0,Reader_3_2.csv
4231,0,0,0,Reader_3_3.csv
4231,0,0,0,Reader_3_4.csv
4231,0,0,0,Reader_3_5.csv
4231,0,0,0,Reader_3_6.csv
4231,0,0,0,Reader_3_7.csv
4232,3,1,2,Reader_1_1.csv
4232,0,0,0,Reader_1_10.csv
4232,1,0,1,Reader_1_11.csv
4232,0,0,0,Reader_1_12.csv
4232,0,0,0,Reader_1_2.csv
4232,3,3,0,Reader_1_3.csv
4232,0,0,0,Reader_1_4.csv
4232,0,0,0,Reader_1_5.csv
4232,0,0,0,Reader_1_6.csv
4232,1,1,0,Reader_1_7.csv
4232,0,0,0,Reader_1_8.csv
4232,3,2,1,Reader_1_9.csv
4232,0,0,0,Reader_2_1.csv
4232,0,0,0,Reader_2_10.csv
4232,2,1,1,Reader_2_11.csv
4232,0,0,0,Reader_2_12.csv
4232,0,0,0,Reader_2_2.csv
4232,1,1,0,Reader_2_3.csv
4232,0,0,0,Reader_2_4.csv
4232,0,0,0,Reader_2_5.csv
4232,0,0,0,Reader_2_6.csv
4232,0,0,0,Reader_2_7.csv
4232,0,0,0,Reader_2_8.csv
4232,0,0,0,Reader_2_9.csv
4232,143,137,6,reader_3_1.csv
4232,26,26,0,Reader_3_2.csv
4232,0,0,0,Reader_3_3.csv
4232,0,0,0,Reader_3_4.csv
4232,0,0,0,Reader_3_5.csv
4232,0,0,0,Reader_3_6.csv
4232,0,0,0,Reader_3_7.csv
4233,4,3,1,Reader_1_1.csv
4233,1,1,0,Reader_1_10.csv
4233,1,0,1,Reader_1_11.csv
4233,0,0,0,Reader_1_12.csv
4233,0,0,0,Reader_1_2.csv
4233,5,5,0,Reader_1_3.csv
4233,0,0,0,Reader_1_4.csv
4233,0,0,0,Reader_1_5.csv
4233,0,0,0,Reader_1_6.csv
4233,1,1,0,Reader_1_7.csv
4233,0,0,0,Reader_1_8.csv
4233,2,2,0,Reader_1_9.csv
4233,1,1,0,Reader_2_1.csv
4233,0,0,0,Reader_2_10.csv
4233,1,1,0,Reader_2_11.csv
4233,0,0,0,Reader_2_12.csv
4233,0,0,0,Reader_2_2.csv
4233,1,1,0,Reader_2_3.csv
4233,0,0,0,Reader_2_4.csv
4233,0,0,0,Reader_2_5.csv
4233,0,0,0,Reader_2_6.csv
4233,0,0,0,Reader_2_7.csv
4233,1,1,0,Reader_2_8.csv
4233,0,0,0,Reader_2_9.csv
4233,141,135,6,reader_3_1.csv
4233,27,27,0,Reader_3_2.csv
4233,0,0,0,Reader_3_3.csv
4233,0,0,0,Reader_3_4.csv
4233,0,0,0,Reader_3_5.csv
4233,0,0,0,Reader_3_6.csv
4233,0,0,0,Reader_3_7.csv
4234,5,3,2,Reader_1_1.csv
4234,1,1,0,Reader_1_10.csv
4234,0,0,0,Reader_1_11.csv
4234,0,0,0,Reader_1_12.csv
4234,0,0,0,Reader_1_2.csv
4234,7,7,0,Reader_1_3.csv
4234,0,0,0,Reader_1_4.csv
4234,0,0,0,Reader_1_5.csv
4234,0,0,0,Reader_1_6.csv
4234,1,1,0,Reader_1_7.csv
4234,0,0,0,Reader_1_8.csv
4234,2,1,1,Reader_1_9.csv
4234,2,2,0,Reader_2_1.csv
4234,0,0,0,Reader_2_10.csv
4234,1,1,0,Reader_2_11.csv
4234,0,0,0,Reader_2_12.csv
4234,0,0,0,Reader_2_2.csv
4234,1,1,0,Reader_2_3.csv
4234,0,0,0,Reader_2_4.csv
4234,0,0,0,Reader_2_5.csv
4234,0,0,0,Reader_2_6.csv
4234,0,0,0,Reader_2_7.csv
4234,1,1,0,Reader_2_8.csv
4234,0,0,0,Reader_2_9.csv
4234,142,135,7,reader_3_1.csv
4234,25,25,0,Reader_3_2.csv
4234,0,0,0,Reader_3_3.csv
4234,0,0,0,Reader_3_4.csv
4234,0,0,0,Reader_3_5.csv
4234,0,0,0,Reader_3_6.csv
4234,0,0,0,Reader_3_7.csv
4235,4,3,1,Reader_1_1.csv
4235,1,1,0,Reader_1_10.csv
4235,0,0,0,Reader_1_11.csv
4235,0,0,0,Reader_1_12.csv
4235,0,0,0,Reader_1_2.csv
4235,7,7,0,Reader_1_3.csv
4235,0,0,0,Reader_1_4.csv
4235,0,0,0,Reader_1_5.csv
4235,0,0,0,Reader_1_6.csv
4235,0,0,0,Reader_1_7.csv
4235,0,0,0,Reader_1_8.csv
4235,2,1,1,Reader_1_9.csv
4235,2,2,0,Reader_2_1.csv
4235,0,0,0,Reader_2_10.csv
4235,1,1,0,Reader_2_11.csv
4235,0,0,0,Reader_2_12.csv
4235,0,0,0,Reader_2_2.csv
4235,1,1,0,Reader_2_3.csv
4235,0,0,0,Reader_2_4.csv
4235,0,0,0,Reader_2_5.csv
4235,0,0,0,Reader_2_6.csv
4235,0,0,0,Reader_2_7.csv
4235,1,1,0,Reader_2_8.csv
4235,0,0,0,Reader_2_9.csv
4235,143,136,7,reader_3_1.csv
4235,21,21,0,Reader_3_2.csv
4235,0,0,0,Reader_3_3.csv
4235,0,0,0,Reader_3_4.csv
4235,0,0,0,Reader_3_5.csv
4235,0,0,0,Reader_3_6.csv
4235,0,0,0,Reader_3_7.csv
4236,6,5,1,Reader_1_1.csv
4236,1,1,0,Reader_1_10.csv
4236,1,1,0,Reader_1_11.csv
4236,0,0,0,Reader_1_12.csv
4236,0,0,0,Reader_1_2.csv
4236,6,6,0,Reader_1_3.csv
4236,0,0,0,Reader_1_4.csv
4236,0,0,0,Reader_1_5.csv
4236,0,0,0,Reader_1_6.csv
4236,0,0,0,Reader_1_7.csv
4236,0,0,0,Reader_1_8.csv
4236,2,1,1,Reader_1_9.csv
4236,2,2,0,Reader_2_1.csv
4236,0,0,0,Reader_2_10.csv
4236,0,0,0,Reader_2_11.csv
4236,0,0,0,Reader_2_12.csv
4236,0,0,0,Reader_2_2.csv
4236,0,0,0,Reader_2_3.csv
4236,0,0,0,Reader_2_4.csv
4236,0,0,0,Reader_2_5.csv
4236,0,0,0,Reader_2_6.csv
4236,0,0,0,Reader_2_7.csv
4236,2,2,0,Reader_2_8.csv
4236,0,0,0,Reader_2_9.csv
4236,141,135,6,reader_3_1.csv
4236,20,20,0,Reader_3_2.csv
4236,0,0,0,Reader_3_3.csv
4236,0,0,0,Reader_3_4.csv
4236,0,0,0,Reader_3_5.csv
4236,0,0,0,Reader_3_6.csv
4236,0,0,0,Reader_3_7.csv
4237,7,6,1,Reader_1_1.csv
4237,1,1,0,Reader_1_10.csv
4237,1,1,0,Reader_1_11.csv
4237,0,0,0,Reader_1_12.csv
4237,0,0,0,Reader_1_2.csv
4237,6,6,0,Reader_1_3.csv
4237,0,0,0,Reader_1_4.csv
4237,0,0,0,Reader_1_5.csv
4237,0,0,0,Reader_1_6.csv
4237,0,0,0,Reader_1_7.csv
4237,0,0,0,Reader_1_8.csv
4237,1,0,1,Reader_1_9.csv
4237,2,2,0,Reader_2_1.csv
4237,0,0,0,Reader_2_10.csv
4237,0,0,0,Reader_2_11.csv
4237,0,0,0,Reader_2_12.csv
4237,1,1,0,Reader_2_2.csv
4237,0,0,0,Reader_2_3.csv
4237,0,0,0,Reader_2_4.csv
4237,0,0,0,Reader_2_5.csv
4237,0,0,0,Reader_2_6.csv
4237,0,0,0,Reader_2_7.csv
4237,2,2,0,Reader_2_8.csv
4237,0,0,0,Reader_2_9.csv
4237,143,136,7,reader_3_1.csv
4237,15,15,0,Reader_3_2.csv
4237,0,0,0,Reader_3_3.csv
4237,0,0,0,Reader_3_4.csv
4237,0,0,0,Reader_3_5.csv
4237,0,0,0,Reader_3_6.csv
4237,0,0,0,Reader_3_7.csv
4238,10,9,1,Reader_1_1.csv
4238,1,1,0,Reader_1_10.csv
4238,1,1,0,Reader_1_11.csv
4238,0,0,0,Reader_1_12.csv
4238,0,0,0,Reader_1_2.csv
4238,5,5,0,Reader_1_3.csv
4238,0,0,0,Reader_1_4.csv
4238,0,0,0,Reader_1_5.csv
4238,0,0,0,Reader_1_6.csv
4238,0,0,0,Reader_1_7.csv
4238,0,0,0,Reader_1_8.csv
4238,1,0,1,Reader_1_9.csv
4238,3,3,0,Reader_2_1.csv
4238,0,0,0,Reader_2_10.csv
4238,0,0,0,Reader_2_11.csv
4238,0,0,0,Reader_2_12.csv
4238,1,1,0,Reader_2_2.csv
4238,0,0,0,Reader_2_3.csv
4238,0,0,0,Reader_2_4.csv
4238,0,0,0,Reader_2_5.csv
4238,0,0,0,Reader_2_6.csv
4238,0,0,0,Reader_2_7.csv
4238,2,2,0,Reader_2_8.csv
4238,0,0,0,Reader_2_9.csv
4238,140,134,6,reader_3_1.csv
4238,16,16,0,Reader_3_2.csv
4238,0,0,0,Reader_3_3.csv
4238,0,0,0,Reader_3_4.csv
4238,0,0,0,Reader_3_5.csv
4238,0,0,0,Reader_3_6.csv
4238,0,0,0,Reader_3_7.csv
4239,12,10,2,Reader_1_1.csv
4239,1,1,0,Reader_1_10.csv
4239,1,1,0,Reader_1_11.csv
4239,0,0,0,Reader_1_12.csv
4239,0,0,0,Reader_1_2.csv
4239,7,7,0,Reader_1_3.csv
4239,0,0,0,Reader_1_4.csv
4239,0,0,0,Reader_1_5.csv
4239,0,0,0,Reader_1_6.csv
4239,0,0,0,Reader_1_7.csv
4239,0,0,0,Reader_1_8.csv
4239,2,1,1,Reader_1_9.csv
4239,3,3,0,Reader_2_1.csv
4239,0,0,0,Reader_2_10.csv
4239,0,0,0,Reader_2_11.csv
4239,0,0,0,Reader_2_12.csv
4239,1,1,0,Reader_2_2.csv
4239,0,0,0,Reader_2_3.csv
4239,0,0,0,Reader_2_4.csv
4239,0,0,0,Reader_2_5.csv
4239,0,0,0,Reader_2_6.csv
4239,0,0,0,Reader_2_7.csv
4239,2,2,0,Reader_2_8.csv
4239,0,0,0,Reader_2_9.csv
4239,134,129,5,reader_3_1.csv
4239,13,13,0,Reader_3_2.csv
4239,0,0,0,Reader_3_3.csv
4239,0,0,0,Reader_3_4.csv
4239,0,0,0,Reader_3_5.csv
4239,0,0,0,Reader_3_6.csv
4239,0,0,0,Reader_3_7.csv
4240,12,10,2,Reader_1_1.csv
4240,1,1,0,Reader_1_10.csv
4240,1,1,0,Reader_1_11.csv
4240,0,0,0,Reader_1_12.csv
4240,0,0,0,Reader_1_2.csv
4240,7,7,0,Reader_1_3.csv
4240,0,0,0,Reader_1_4.csv
4240,0,0,0,Reader_1_5.csv
4240,0,0,0,Reader_1_6.csv
4240,0,0,0,Reader_1_7.csv
4240,0,0,0,Reader_1_8.csv
4240,2,1,1,Reader_1_9.csv
4240,3,3,0,Reader_2_1.csv
4240,0,0,0,Reader_2_10.csv
4240,0,0,0,Reader_2_11.csv
4240,0,0,0,Reader_2_12.csv
4240,1,1,0,Reader_2_2.csv
4240,0,0,0,Reader_2_3.csv
4240,0,0,0,Reader_2_4.csv
4240,0,0,0,Reader_2_5.csv
4240,0,0,0,Reader_2_6.csv
4240,0,0,0,Reader_2_7.csv
4240,3,3,0,Reader_2_8.csv
4240,0,0,0,Reader_2_9.csv
4240,122,117,5,reader_3_1.csv
4240,15,15,0,Reader_3_2.csv
4240,0,0,0,Reader_3_3.csv
4240,0,0,0,Reader_3_4.csv
4240,0,0,0,Reader_3_5.csv
4240,0,0,0,Reader_3_6.csv
4240,0,0,0,Reader_3_7.csv
4241,10,8,2,Reader_1_1.csv
4241,0,0,0,Reader_1_10.csv
4241,1,1,0,Reader_1_11.csv
4241,0,0,0,Reader_1_12.csv
4241,0,0,0,Reader_1_2.csv
4241,6,6,0,Reader_1_3.csv
4241,0,0,0,Reader_1_4.csv
4241,0,0,0,Reader_1_5.csv
4241,0,0,0,Reader_1_6.csv
4241,0,0,0,Reader_1_7.csv
4241,0,0,0,Reader_1_8.csv
4241,2,1,1,Reader_1_9.csv
4241,2,2,0,Reader_2_1.csv
4241,0,0,0,Reader_2_10.csv
4241,0,0,0,Reader_2_11.csv
4241,0,0,0,Reader_2_12.csv
4241,1,1,0,Reader_2_2.csv
4241,0,0,0,Reader_2_3.csv
4241,0,0,0,Reader_2_4.csv
4241,0,0,0,Reader_2_5.csv
4241,0,0,0,Reader_2_6.csv
4241,0,0,0,Reader_2_7.csv
4241,2,2,0,Reader_2_8.csv
4241,0,0,0,Reader_2_9.csv
4241,120,114,6,reader_3_1.csv
4241,12,12,0,Reader_3_2.csv
4241,0,0,0,Reader_3_3.csv
4241,0,0,0,Reader_3_4.csv
4241,0,0,0,Reader_3_5.csv
4241,0,0,0,Reader_3_6.csv
4241,0,0,0,Reader_3_7.csv
4242,9,8,1,Reader_1_1.csv
4242,0,0,0,Reader_1_10.csv
4242,1,1,0,Reader_1_11.csv
4242,0,0,0,Reader_1_12.csv
4242,0,0,0,Reader_1_2.csv
4242,4,4,0,Reader_1_3.csv
4242,0,0,0,Reader_1_4.csv
4242,0,0,0,Reader_1_5.csv
4242,0,0,0,Reader_1_6.csv
4242,0,0,0,Reader_1_7.csv
4242,0,0,0,Reader_1_8.csv
4242,1,1,0,Reader_1_9.csv
4242,1,1,0,Reader_2_1.csv
4242,0,0,0,Reader_2_10.csv
4242,0,0,0,Reader_2_11.csv
4242,0,0,0,Reader_2_12.csv
4242,1,1,0,Reader_2_2.csv
4242,0,0,0,Reader_2_3.csv
4242,0,0,0,Reader_2_4.csv
4242,0,0,0,Reader_2_5.csv
4242,0,0,0,Reader_2_6.csv
4242,0,0,0,Reader_2_7.csv
4242,2,2,0,Reader_2_8.csv
4242,1,1,0,Reader_2_9.csv
4242,116,111,5,reader_3_1.csv
4242,17,17,0,Reader_3_2.csv
4242,0,0,0,Reader_3_3.csv
4242,0,0,0,Reader_3_4.csv
4242,0,0,0,Reader_3_5.csv
4242,0,0,0,Reader_3_6.csv
4242,0,0,0,Reader_3_7.csv
4243,10,9,1,Reader_1_1.csv
4243,0,0,0,Reader_1_10.csv
4243,1,1,0,Reader_1_11.csv
4243,0,0,0,Reader_1_12.csv
4243,0,0,0,Reader_1_2.csv
4243,4,4,0,Reader_1_3.csv
4243,1,1,0,Reader_1_4.csv
4243,0,0,0,Reader_1_5.csv
4243,0,0,0,Reader_1_6.csv
4243,0,0,0,Reader_1_7.csv
4243,0,0,0,Reader_1_8.csv
4243,1,1,0,Reader_1_9.csv
4243,1,1,0,Reader_2_1.csv
4243,0,0,0,Reader_2_10.csv
4243,0,0,0,Reader_2_11.csv
4243,0,0,0,Reader_2_12.csv
4243,1,1,0,Reader_2_2.csv
4243,0,0,0,Reader_2_3.csv
4243,0,0,0,Reader_2_4.csv
4243,0,0,0,Reader_2_5.csv
4243,0,0,0,Reader_2_6.csv
4243,0,0,0,Reader_2_7.csv
4243,2,2,0,Reader_2_8.csv
4243,1,1,0,Reader_2_9.csv
4243,108,104,4,reader_3_1.csv
4243,18,18,0,Reader_3_2.csv
4243,0,0,0,Reader_3_3.csv
4243,0,0,0,Reader_3_4.csv
4243,0,0,0,Reader_3_5.csv
4243,0,0,0,Reader_3_6.csv
4243,0,0,0,Reader_3_7.csv
4244,8,7,1,Reader_1_1.csv
4244,0,0,0,Reader_1_10.csv
4244,0,0,0,Reader_1_11.csv
4244,0,0,0,Reader_1_12.csv
4244,0,0,0,Reader_1_2.csv
4244,3,3,0,Reader_1_3.csv
4244,1,1,0,Reader_1_4.csv
4244,0,0,0,Reader_1_5.csv
4244,0,0,0,Reader_1_6.csv
4244,0,0,0,Reader_1_7.csv
4244,0,0,0,Reader_1_8.csv
4244,1,1,0,Reader_1_9.csv
4244,1,1,0,Reader_2_1.csv
4244,0,0,0,Reader_2_10.csv
4244,0,0,0,Reader_2_11.csv
4244,0,0,0,Reader_2_12.csv
4244,1,1,0,Reader_2_2.csv
4244,0,0,0,Reader_2_3.csv
4244,0,0,0,Reader_2_4.csv
4244,0,0,0,Reader_2_5.csv
4244,0,0,0,Reader_2_6.csv
4244,0,0,0,Reader_2_7.csv
4244,1,1,0,Reader_2_8.csv
4244,1,1,0,Reader_2_9.csv
4244,109,105,4,reader_3_1.csv
4244,18,18,0,Reader_3_2.csv
4244,0,0,0,Reader_3_3.csv
4244,0,0,0,Reader_3_4.csv
4244,0,0,0,Reader_3_5.csv
4244,0,0,0,Reader_3_6.csv
4244,0,0,0,Reader_3_7.csv
4245,8,6,2,Reader_1_1.csv
4245,0,0,0,Reader_1_10.csv
4245,0,0,0,Reader_1_11.csv
4245,0,0,0,Reader_1_12.csv
4245,0,0,0,Reader_1_2.csv
4245,4,4,0,Reader_1_3.csv
4245,1,1,0,Reader_1_4.csv
4245,0,0,0,Reader_1_5.csv
4245,0,0,0,Reader_1_6.csv
4245,0,0,0,Reader_1_7.csv
4245,0,0,0,Reader_1_8.csv
4245,1,1,0,Reader_1_9.csv
4245,1,1,0,Reader_2_1.csv
4245,0,0,0,Reader_2_10.csv
4245,0,0,0,Reader_2_11.csv
4245,0,0,0,Reader_2_12.csv
4245,0,0,0,Reader_2_2.csv
4245,0,0,0,Reader_2_3.csv
4245,0,0,0,Reader_2_4.csv
4245,0,0,0,Reader_2_5.csv
4245,0,0,0,Reader_2_6.csv
4245,0,0,0,Reader_2_7.csv
4245,1,1,0,Reader_2_8.csv
4245,1,1,0,Reader_2_9.csv
4245,101,97,4,reader_3_1.csv
4245,20,20,0,Reader_3_2.csv
4245,0,0,0,Reader_3_3.csv
4245,0,0,0,Reader_3_4.csv
4245,0,0,0,Reader_3_5.csv
4245,0,0,0,Reader_3_6.csv
4245,0,0,0,Reader_3_7.csv
4246,5,3,2,Reader_1_1.csv
4246,0,0,0,Reader_1_10.csv
4246,0,0,0,Reader_1_11.csv
4246,2,2,0,Reader_1_12.csv
4246,0,0,0,Reader_1_2.csv
4246,6,6,0,Reader_1_3.csv
4246,1,1,0,Reader_1_4.csv
4246,0,0,0,Reader_1_5.csv
4246,0,0,0,Reader_1_6.csv
4246,0,0,0,Reader_1_7.csv
4246,0,0,0,Reader_1_8.csv
4246,1,1,0,Reader_1_9.csv
4246,0,0,0,Reader_2_1.csv
4246,0,0,0,Reader_2_10.csv
4246,0,0,0,Reader_2_11.csv
4246,0,0,0,Reader_2_12.csv
4246,0,0,0,Reader_2_2.csv
4246,0,0,0,Reader_2_3.csv
4246,0,0,0,Reader_2_4.csv
4246,0,0,0,Reader_2_5.csv
4246,0,0,0,Reader_2_6.csv
4246,0,0,0,Reader_2_7.csv
4246,1,1,0,Reader_2_8.csv
4246,1,1,0,Reader_2_9.csv
4246,98,94,4,reader_3_1.csv
4246,21,21,0,Reader_3_2.csv
4246,0,0,0,Reader_3_3.csv
4246,0,0,0,Reader_3_4.csv
4246,0,0,0,Reader_3_5.csv
4246,0,0,0,Reader_3_6.csv
4246,0,0,0,Reader_3_7.csv
4247,3,2,1,Reader_1_1.csv
4247,0,0,0,Reader_1_10.csv
4247,0,0,0,Reader_1_11.csv
4247,2,2,0,Reader_1_12.csv
4247,0,0,0,Reader_1_2.csv
4247,6,5,1,Reader_1_3.csv
4247,1,1,0,Reader_1_4.csv
4247,0,0,0,Reader_1_5.csv
4247,0,0,0,Reader_1_6.csv
4247,0,0,0,Reader_1_7.csv
4247,0,0,0,Reader_1_8.csv
4247,0,0,0,Reader_1_9.csv
4247,0,0,0,Reader_2_1.csv
4247,1,1,0,Reader_2_10.csv
4247,0,0,0,Reader_2_11.csv
4247,0,0,0,Reader_2_12.csv
4247,0,0,0,Reader_2_2.csv
4247,0,0,0,Reader_2_3.csv
4247,0,0,0,Reader_2_4.csv
4247,0,0,0,Reader_2_5.csv
4247,0,0,0,Reader_2_6.csv
4247,0,0,0,Reader_2_7.csv
4247,1,1,0,Reader_2_8.csv
4247,1,1,0,Reader_2_9.csv
4247,95,90,5,reader_3_1.csv
4247,20,20,0,Reader_3_2.csv
4247,0,0,0,Reader_3_3.csv
4247,0,0,0,Reader_3_4.csv
4247,0,0,0,Reader_3_5.csv
4247,0,0,0,Reader_3_6.csv
4247,0,0,0,Reader_3_7.csv
4248,4,2,2,Reader_1_1.csv
4248,0,0,0,Reader_1_10.csv
4248,0,0,0,Reader_1_11.csv
4248,2,2,0,Reader_1_12.csv
4248,0,0,0,Reader_1_2.csv
4248,7,6,1,Reader_1_3.csv
4248,1,1,0,Reader_1_4.csv
4248,0,0,0,Reader_1_5.csv
4248,0,0,0,Reader_1_6.csv
4248,0,0,0,Reader_1_7.csv
4248,0,0,0,Reader_1_8.csv
4248,1,0,1,Reader_1_9.csv
4248,0,0,0,Reader_2_1.csv
4248,1,1,0,Reader_2_10.csv
4248,0,0,0,Reader_2_11.csv
4248,0,0,0,Reader_2_12.csv
4248,0,0,0,Reader_2_2.csv
4248,0,0,0,Reader_2_3.csv
4248,0,0,0,Reader_2_4.csv
4248,0,0,0,Reader_2_5.csv
4248,1,0,1,Reader_2_6.csv
4248,0,0,0,Reader_2_7.csv
4248,0,0,0,Reader_2_8.csv
4248,1,1,0,Reader_2_9.csv
4248,95,88,7,reader_3_1.csv
4248,17,17,0,Reader_3_2.csv
4248,0,0,0,Reader_3_3.csv
4248,0,0,0,Reader_3_4.csv
4248,0,0,0,Reader_3_5.csv
4248,0,0,0,Reader_3_6.csv
4248,0,0,0,Reader_3_7.csv
4249,4,2,2,Reader_1_1.csv
4249,0,0,0,Reader_1_10.csv
4249,1,0,1,Reader_1_11.csv
4249,2,2,0,Reader_1_12.csv
4249,0,0,0,Reader_1_2.csv
4249,7,6,1,Reader_1_3.csv
4249,1,1,0,Reader_1_4.csv
4249,0,0,0,Reader_1_5.csv
4249,0,0,0,Reader_1_6.csv
4249,0,0,0,Reader_1_7.csv
4249,0,0,0,Reader_1_8.csv
4249,1,0,1,Reader_1_9.csv
4249,0,0,0,Reader_2_1.csv
4249,1,1,0,Reader_2_10.csv
4249,0,0,0,Reader_2_11.csv
4249,0,0,0,Reader_2_12.csv
4249,0,0,0,Reader_2_2.csv
4249,0,0,0,Reader_2_3.csv
4249,0,0,0,Reader_2_4.csv
4249,0,0,0,Reader_2_5.csv
4249,2,0,2,Reader_2_6.csv
4249,0,0,0,Reader_2_7.csv
4249,0,0,0,Reader_2_8.csv
4249,1,1,0,Reader_2_9.csv
4249,92,85,7,reader_3_1.csv
4249,19,19,0,Reader_3_2.csv
4249,0,0,0,Reader_3_3.csv
4249,0,0,0,Reader_3_4.csv
4249,0,0,0,Reader_3_5.csv
4249,0,0,0,Reader_3_6.csv
4249,0,0,0,Reader_3_7.csv
4250,3,1,2,Reader_1_1.csv
4250,0,0,0,Reader_1_10.csv
4250,1,0,1,Reader_1_11.csv
4250,2,2,0,Reader_1_12.csv
4250,0,0,0,Reader_1_2.csv
4250,8,7,1,Reader_1_3.csv
4250,1,1,0,Reader_1_4.csv
4250,0,0,0,Reader_1_5.csv
4250,0,0,0,Reader_1_6.csv
4250,0,0,0,Reader_1_7.csv
4250,0,0,0,Reader_1_8.csv
4250,1,0,1,Reader_1_9.csv
4250,0,0,0,Reader_2_1.csv
4250,1,1,0,Reader_2_10.csv
4250,0,0,0,Reader_2_11.csv
4250,0,0,0,Reader_2_12.csv
4250,0,0,0,Reader_2_2.csv
4250,0,0,0,Reader_2_3.csv
4250,0,0,0,Reader_2_4.csv
4250,0,0,0,Reader_2_5.csv
4250,2,0,2,Reader_2_6.csv
4250,0,0,0,Reader_2_7.csv
4250,0,0,0,Reader_2_8.csv
4250,0,0,0,Reader_2_9.csv
4250,82,75,7,reader_3_1.csv
4250,18,18,0,Reader_3_2.csv
4250,0,0,0,Reader_3_3.csv
4250,0,0,0,Reader_3_4.csv
4250,0,0,0,Reader_3_5.csv
4250,0,0,0,Reader_3_6.csv
4250,0,0,0,Reader_3_7.csv
4251,2,0,2,Reader_1_1.csv
4251,0,0,0,Reader_1_10.csv
4251,1,0,1,Reader_1_11.csv
4251,2,2,0,Reader_1_12.csv
4251,0,0,0,Reader_1_2.csv
4251,8,7,1,Reader_1_3.csv
4251,0,0,0,Reader_1_4.csv
4251,0,0,0,Reader_1_5.csv
4251,1,0,1,Reader_1_6.csv
4251,0,0,0,Reader_1_7.csv
4251,0,0,0,Reader_1_8.csv
4251,1,0,1,Reader_1_9.csv
4251,0,0,0,Reader_2_1.csv
4251,1,1,0,Reader_2_10.csv
4251,0,0,0,Reader_2_11.csv
4251,0,0,0,Reader_2_12.csv
4251,0,0,0,Reader_2_2.csv
4251,0,0,0,Reader_2_3.csv
4251,0,0,0,Reader_2_4.csv
4251,0,0,0,Reader_2_5.csv
4251,2,0,2,Reader_2_6.csv
4251,0,0,0,Reader_2_7.csv
4251,0,0,0,Reader_2_8.csv
4251,0,0,0,Reader_2_9.csv
4251,75,68,7,reader_3_1.csv
4251,19,19,0,Reader_3_2.csv
4251,0,0,0,Reader_3_3.csv
4251,0,0,0,Reader_3_4.csv
4251,0,0,0,Reader_3_5.csv
4251,0,0,0,Reader_3_6.csv
4251,0,0,0,Reader_3_7.csv
4252,2,0,2,Reader_1_1.csv
4252,0,0,0,Reader_1_10.csv
4252,1,0,1,Reader_1_11.csv
4252,2,2,0,Reader_1_12.csv
4252,0,0,0,Reader_1_2.csv
4252,8,7,1,Reader_1_3.csv
4252,0,0,0,Reader_1_4.csv
4252,0,0,0,Reader_1_5.csv
4252,1,0,1,Reader_1_6.csv
4252,0,0,0,Reader_1_7.csv
4252,0,0,0,Reader_1_8.csv
4252,1,0,1,Reader_1_9.csv
4252,0,0,0,Reader_2_1.csv
4252,1,1,0,Reader_2_10.csv
4252,0,0,0,Reader_2_11.csv
4252,1,1,0,Reader_2_12.csv
4252,0,0,0,Reader_2_2.csv
4252,0,0,0,Reader_2_3.csv
4252,0,0,0,Reader_2_4.csv
4252,0,0,0,Reader_2_5.csv
4252,2,0,2,Reader_2_6.csv
4252,0,0,0,Reader_2_7.csv
4252,0,0,0,Reader_2_8.csv
4252,0,0,0,Reader_2_9.csv
4252,65,59,6,reader_3_1.csv
4252,18,18,0,Reader_3_2.csv
4252,0,0,0,Reader_3_3.csv
4252,0,0,0,Reader_3_4.csv
4252,0,0,0,Reader_3_5.csv
4252,0,0,0,Reader_3_6.csv
4252,0,0,0,Reader_3_7.csv
4253,2,1,1,Reader_1_1.csv
4253,0,0,0,Reader_1_10.csv
4253,1,0,1,Reader_1_11.csv
4253,2,2,0,Reader_1_12.csv
4253,0,0,0,Reader_1_2.csv
4253,7,6,1,Reader_1_3.csv
4253,0,0,0,Reader_1_4.csv
4253,0,0,0,Reader_1_5.csv
4253,1,0,1,Reader_1_6.csv
4253,0,0,0,Reader_1_7.csv
4253,0,0,0,Reader_1_8.csv
4253,1,0,1,Reader_1_9.csv
4253,0,0,0,Reader_2_1.csv
4253,1,1,0,Reader_2_10.csv
4253,0,0,0,Reader_2_11.csv
4253,1,1,0,Reader_2_12.csv
4253,0,0,0,Reader_2_2.csv
4253,0,0,0,Reader_2_3.csv
4253,0,0,0,Reader_2_4.csv
4253,0,0,0,Reader_2_5.csv
4253,2,0,2,Reader_2_6.csv
4253,0,0,0,Reader_2_7.csv
4253,0,0,0,Reader_2_8.csv
4253,0,0,0,Reader_2_9.csv
4253,62,57,5,reader_3_1.csv
4253,21,21,0,Reader_3_2.csv
4253,0,0,0,Reader_3_3.csv
4253,0,0,0,Reader_3_4.csv
4253,0,0,0,Reader_3_5.csv
4253,0,0,0,Reader_3_6.csv
4253,0,0,0,Reader_3_7.csv
4254,2,1,1,Reader_1_1.csv
4254,0,0,0,Reader_1_10.csv
4254,1,0,1,Reader_1_11.csv
4254,1,1,0,Reader_1_12.csv
4254,0,0,0,Reader_1_2.csv
4254,5,4,1,Reader_1_3.csv
4254,0,0,0,Reader_1_4.csv
4254,0,0,0,Reader_1_5.csv
4254,1,0,1,Reader_1_6.csv
4254,0,0,0,Reader_1_7.csv
4254,0,0,0,Reader_1_8.csv
4254,1,0,1,Reader_1_9.csv
4254,0,0,0,Reader_2_1.csv
4254,2,2,0,Reader_2_10.csv
4254,0,0,0,Reader_2_11.csv
4254,1,1,0,Reader_2_12.csv
4254,2,2,0,Reader_2_2.csv
4254,0,0,0,Reader_2_3.csv
4254,0,0,0,Reader_2_4.csv
4254,0,0,0,Reader_2_5.csv
4254,2,0,2,Reader_2_6.csv
4254,0,0,0,Reader_2_7.csv
4254,0,0,0,Reader_2_8.csv
4254,0,0,0,Reader_2_9.csv
4254,56,51,5,reader_3_1.csv
4254,18,18,0,Reader_3_2.csv
4254,0,0,0,Reader_3_3.csv
4254,0,0,0,Reader_3_4.csv
4254,0,0,0,Reader_3_5.csv
4254,0,0,0,Reader_3_6.csv
4254,0,0,0,Reader_3_7.csv
4255,2,1,1,Reader_1_1.csv
4255,0,0,0,Reader_1_10.csv
4255,1,0,1,Reader_1_11.csv
4255,1,1,0,Reader_1_12.csv
4255,0,0,0,Reader_1_2.csv
4255,4,4,0,Reader_1_3.csv
4255,0,0,0,Reader_1_4.csv
4255,1,1,0,Reader_1_5.csv
4255,1,0,1,Reader_1_6.csv
4255,0,0,0,Reader_1_7.csv
4255,0,0,0,Reader_1_8.csv
4255,1,0,1,Reader_1_9.csv
4255,0,0,0,Reader_2_1.csv
4255,2,2,0,Reader_2_10.csv
4255,0,0,0,Reader_2_11.csv
4255,1,1,0,Reader_2_12.csv
4255,2,2,0,Reader_2_2.csv
4255,0,0,0,Reader_2_3.csv
4255,0,0,0,Reader_2_4.csv
4255,0,0,0,Reader_2_5.csv
4255,2,0,2,Reader_2_6.csv
4255,0,0,0,Reader_2_7.csv
4255,0,0,0,Reader_2_8.csv
4255,0,0,0,Reader_2_9.csv
4255,51,47,4,reader_3_1.csv
4255,23,23,0,Reader_3_2.csv
4255,0,0,0,Reader_3_3.csv
4255,0,0,0,Reader_3_4.csv
4255,0,0,0,Reader_3_5.csv
4255,0,0,0,Reader_3_6.csv
4255,0,0,0,Reader_3_7.csv
4256,1,1,0,Reader_1_1.csv
4256,0,0,0,Reader_1_10.csv
4256,1,0,1,Reader_1_11.csv
4256,1,1,0,Reader_1_12.csv
4256,0,0,0,Reader_1_2.csv
4256,3,3,0,Reader_1_3.csv
4256,0,0,0,Reader_1_4.csv
4256,1,1,0,Reader_1_5.csv
4256,1,0,1,Reader_1_6.csv
4256,0,0,0,Reader_1_7.csv
4256,0,0,0,Reader_1_8.csv
4256,0,0,0,Reader_1_9.csv
4256,0,0,0,Reader_2_1.csv
4256,2,2,0,Reader_2_10.csv
4256,0,0,0,Reader_2_11.csv
4256,1,1,0,Reader_2_12.csv
4256,2,2,0,Reader_2_2.csv
4256,0,0,0,Reader_2_3.csv
4256,0,0,0,Reader_2_4.csv
4256,0,0,0,Reader_2_5.csv
4256,1,0,1,Reader_2_6.csv
4256,0,0,0,Reader_2_7.csv
4256,0,0,0,Reader_2_8.csv
4256,0,0,0,Reader_2_9.csv
4256,45,43,2,reader_3_1.csv
4256,25,25,0,Reader_3_2.csv
4256,0,0,0,Reader_3_3.csv
4256,0,0,0,Reader_3_4.csv
4256,0,0,0,Reader_3_5.csv
4256,0,0,0,Reader_3_6.csv
4256,0,0,0,Reader_3_7.csv
4257,1,1,0,Reader_1_1.csv
4257,0,0,0,Reader_1_10.csv
4257,0,0,0,Reader_1_11.csv
4257,1,1,0,Reader_1_12.csv
4257,0,0,0,Reader_1_2.csv
4257,2,2,0,Reader_1_3.csv
4257,0,0,0,Reader_1_4.csv
4257,1,1,0,Reader_1_5.csv
4257,1,0,1,Reader_1_6.csv
4257,0,0,0,Reader_1_7.csv
4257,0,0,0,Reader_1_8.csv
4257,0,0,0,Reader_1_9.csv
4257,0,0,0,Reader_2_1.csv
4257,2,2,0,Reader_2_10.csv
4257,0,0,0,Reader_2_11.csv
4257,1,1,0,Reader_2_12.csv
4257,2,2,0,Reader_2_2.csv
4257,0,0,0,Reader_2_3.csv
4257,0,0,0,Reader_2_4.csv
4257,0,0,0,Reader_2_5.csv
4257,0,0,0,Reader_2_6.csv
4257,0,0,0,Reader_2_7.csv
4257,0,0,0,Reader_2_8.csv
4257,0,0,0,Reader_2_9.csv
4257,41,40,1,reader_3_1.csv
4257,24,24,0,Reader_3_2.csv
4257,0,0,0,Reader_3_3.csv
4257,0,0,0,Reader_3_4.csv
4257,0,0,0,Reader_3_5.csv
4257,0,0,0,Reader_3_6.csv
4257,0,0,0,Reader_3_7.csv
4258,1,1,0,Reader_1_1.csv
4258,0,0,0,Reader_1_10.csv
4258,0,0,0,Reader_1_11.csv
4258,1,1,0,Reader_1_12.csv
4258,0,0,0,Reader_1_2.csv
4258,1,1,0,Reader_1_3.csv
4258,0,0,0,Reader_1_4.csv
4258,1,1,0,Reader_1_5.csv
4258,1,0,1,Reader_1_6.csv
4258,0,0,0,Reader_1_7.csv
4258,0,0,0,Reader_1_8.csv
4258,0,0,0,Reader_1_9.csv
4258,0,0,0,Reader_2_1.csv
4258,2,2,0,Reader_2_10.csv
4258,0,0,0,Reader_2_11.csv
4258,1,1,0,Reader_2_12.csv
4258,2,2,0,Reader_2_2.csv
4258,0,0,0,Reader_2_3.csv
4258,0,0,0,Reader_2_4.csv
4258,0,0,0,Reader_2_5.csv
4258,0,0,0,Reader_2_6.csv
4258,0,0,0,Reader_2_7.csv
4258,0,0,0,Reader_2_8.csv
4258,0,0,0,Reader_2_9.csv
4258,40,40,0,reader_3_1.csv
4258,21,21,0,Reader_3_2.csv
4258,0,0,0,Reader_3_3.csv
4258,0,0,0,Reader_3_4.csv
4258,0,0,0,Reader_3_5.csv
4258,0,0,0,Reader_3_6.csv
4258,0,0,0,Reader_3_7.csv
4259,1,1,0,Reader_1_1.csv
4259,0,0,0,Reader_1_10.csv
4259,0,0,0,Reader_1_11.csv
4259,1,1,0,Reader_1_12.csv
4259,0,0,0,Reader_1_2.csv
4259,1,1,0,Reader_1_3.csv
4259,0,0,0,Reader_1_4.csv
4259,2,2,0,Reader_1_5.csv
4259,0,0,0,Reader_1_6.csv
4259,0,0,0,Reader_1_7.csv
4259,0,0,0,Reader_1_8.csv
4259,0,0,0,Reader_1_9.csv
4259,0,0,0,Reader_2_1.csv
4259,3,3,0,Reader_2_10.csv
4259,1,1,0,Reader_2_11.csv
4259,1,1,0,Reader_2_12.csv
4259,2,2,0,Reader_2_2.csv
4259,0,0,0,Reader_2_3.csv
4259,0,0,0,Reader_2_4.csv
4259,0,0,0,Reader_2_5.csv
4259,0,0,0,Reader_2_6.csv
4259,0,0,0,Reader_2_7.csv
4259,0,0,0,Reader_2_8.csv
4259,0,0,0,Reader_2_9.csv
4259,39,39,0,reader_3_1.csv
4259,24,24,0,Reader_3_2.csv
4259,0,0,0,Reader_3_3.csv
4259,0,0,0,Reader_3_4.csv
4259,0,0,0,Reader_3_5.csv
4259,0,0,0,Reader_3_6.csv
4259,0,0,0,Reader_3_7.csv
4260,1,1,0,Reader_1_1.csv
4260,0,0,0,Reader_1_10.csv
4260,0,0,0,Reader_1_11.csv
4260,1,1,0,Reader_1_12.csv
4260,0,0,0,Reader_1_2.csv
4260,1,1,0,Reader_1_3.csv
4260,1,1,0,Reader_1_4.csv
4260,2,2,0,Reader_1_5.csv
4260,0,0,0,Reader_1_6.csv
4260,0,0,0,Reader_1_7.csv
4260,0,0,0,Reader_1_8.csv
4260,0,0,0,Reader_1_9.csv
4260,0,0,0,Reader_2_1.csv
4260,4,4,0,Reader_2_10.csv
4260,1,1,0,Reader_2_11.csv
4260,0,0,0,Reader_2_12.csv
4260,2,2,0,Reader_2_2.csv
4260,0,0,0,Reader_2_3.csv
4260,0,0,0,Reader_2_4.csv
4260,0,0,0,Reader_2_5.csv
4260,0,0,0,Reader_2_6.csv
4260,0,0,0,Reader_2_7.csv
4260,0,0,0,Reader_2_8.csv
4260,0,0,0,Reader_2_9.csv
4260,36,36,0,reader_3_1.csv
4260,30,30,0,Reader_3_2.csv
4260,0,0,0,Reader_3_3.csv
4260,0,0,0,Reader_3_4.csv
4260,0,0,0,Reader_3_5.csv
4260,0,0,0,Reader_3_6.csv
4260,0,0,0,Reader_3_7.csv
4261,1,1,0,Reader_1_1.csv
4261,0,0,0,Reader_1_10.csv
4261,0,0,0,Reader_1_11.csv
4261,1,1,0,Reader_1_12.csv
4261,0,0,0,Reader_1_2.csv
4261,2,2,0,Reader_1_3.csv
4261,1,1,0,Reader_1_4.csv
4261,2,2,0,Reader_1_5.csv
4261,0,0,0,Reader_1_6.csv
4261,0,0,0,Reader_1_7.csv
4261,0,0,0,Reader_1_8.csv
4261,0,0,0,Reader_1_9.csv
4261,0,0,0,Reader_2_1.csv
4261,4,4,0,Reader_2_10.csv
4261,1,1,0,Reader_2_11.csv
4261,0,0,0,Reader_2_12.csv
4261,2,2,0,Reader_2_2.csv
4261,0,0,0,Reader_2_3.csv
4261,0,0,0,Reader_2_4.csv
4261,0,0,0,Reader_2_5.csv
4261,0,0,0,Reader_2_6.csv
4261,0,0,0,Reader_2_7.csv
4261,0,0,0,Reader_2_8.csv
4261,0,0,0,Reader_2_9.csv
4261,32,31,1,reader_3_1.csv
4261,30,30,0,Reader_3_2.csv
4261,0,0,0,Reader_3_3.csv
4261,0,0,0,Reader_3_4.csv
4261,0,0,0,Reader_3_5.csv
4261,0,0,0,Reader_3_6.csv
4261,0,0,0,Reader_3_7.csv
4262,2,1,1,Reader_1_1.csv
4262,0,0,0,Reader_1_10.csv
4262,0,0,0,Reader_1_11.csv
4262,0,0,0,Reader_1_12.csv
4262,0,0,0,Reader_1_2.csv
4262,3,3,0,Reader_1_3.csv
4262,1,1,0,Reader_1_4.csv
4262,2,2,0,Reader_1_5.csv
4262,0,0,0,Reader_1_6.csv
4262,0,0,0,Reader_1_7.csv
4262,0,0,0,Reader_1_8.csv
4262,0,0,0,Reader_1_9.csv
4262,0,0,0,Reader_2_1.csv
4262,3,3,0,Reader_2_10.csv
4262,1,1,0,Reader_2_11.csv
4262,0,0,0,Reader_2_12.csv
4262,0,0,0,Reader_2_2.csv
4262,0,0,0,Reader_2_3.csv
4262,0,0,0,Reader_2_4.csv
4262,0,0,0,Reader_2_5.csv
4262,0,0,0,Reader_2_6.csv
4262,0,0,0,Reader_2_7.csv
4262,0,0,0,Reader_2_8.csv
4262,2,2,0,Reader_2_9.csv
4262,33,32,1,reader_3_1.csv
4262,29,29,0,Reader_3_2.csv
4262,0,0,0,Reader_3_3.csv
4262,0,0,0,Reader_3_4.csv
4262,0,0,0,Reader_3_5.csv
4262,0,0,0,Reader_3_6.csv
4262,0,0,0,Reader_3_7.csv
4263,2,1,1,Reader_1_1.csv
4263,0,0,0,Reader_1_10.csv
4263,0,0,0,Reader_1_11.csv
4263,0,0,0,Reader_1_12.csv
4263,0,0,0,Reader_1_2.csv
4263,2,2,0,Reader_1_3.csv
4263,1,1,0,Reader_1_4.csv
4263,1,1,0,Reader_1_5.csv
4263,0,0,0,Reader_1_6.csv
4263,0,0,0,Reader_1_7.csv
4263,0,0,0,Reader_1_8.csv
4263,0,0,0,Reader_1_9.csv
4263,0,0,0,Reader_2_1.csv
4263,2,2,0,Reader_2_10.csv
4263,1,1,0,Reader_2_11.csv
4263,0,0,0,Reader_2_12.csv
4263,0,0,0,Reader_2_2.csv
4263,0,0,0,Reader_2_3.csv
4263,0,0,0,Reader_2_4.csv
4263,1,1,0,Reader_2_5.csv
4263,0,0,0,Reader_2_6.csv
4263,0,0,0,Reader_2_7.csv
4263,0,0,0,Reader_2_8.csv
4263,2,2,0,Reader_2_9.csv
4263,30,29,1,reader_3_1.csv
4263,29,29,0,Reader_3_2.csv
4263,0,0,0,Reader_3_3.csv
4263,0,0,0,Reader_3_4.csv
4263,0,0,0,Reader_3_5.csv
4263,0,0,0,Reader_3_6.csv
4263,0,0,0,Reader_3_7.csv
4264,2,1,1,Reader_1_1.csv
4264,0,0,0,Reader_1_10.csv
4264,0,0,0,Reader_1_11.csv
4264,0,0,0,Reader_1_12.csv
4264,0,0,0,Reader_1_2.csv
4264,2,2,0,Reader_1_3.csv
4264,1,1,0,Reader_1_4.csv
4264,1,1,0,Reader_1_5.csv
4264,0,0,0,Reader_1_6.csv
4264,0,0,0,Reader_1_7.csv
4264,0,0,0,Reader_1_8.csv
4264,0,0,0,Reader_1_9.csv
4264,0,0,0,Reader_2_1.csv
4264,2,2,0,Reader_2_10.csv
4264,1,1,0,Reader_2_11.csv
4264,0,0,0,Reader_2_12.csv
4264,0,0,0,Reader_2_2.csv
4264,0,0,0,Reader_2_3.csv
4264,0,0,0,Reader_2_4.csv
4264,1,1,0,Reader_2_5.csv
4264,0,0,0,Reader_2_6.csv
4264,0,0,0,Reader_2_7.csv
4264,0,0,0,Reader_2_8.csv
4264,2,2,0,Reader_2_9.csv
4264,31,30,1,reader_3_1.csv
4264,31,31,0,Reader_3_2.csv
4264,0,0,0,Reader_3_3.csv
4264,0,0,0,Reader_3_4.csv
4264,0,0,0,Reader_3_5.csv
4264,0,0,0,Reader_3_6.csv
4264,0,0,0,Reader_3_7.csv
4265,3,2,1,Reader_1_1.csv
4265,0,0,0,Reader_1_10.csv
4265,0,0,0,Reader_1_11.csv
4265,0,0,0,Reader_1_12.csv
4265,0,0,0,Reader_1_2.csv
4265,2,2,0,Reader_1_3.csv
4265,1,1,0,Reader_1_4.csv
4265,1,1,0,Reader_1_5.csv
4265,1,1,0,Reader_1_6.csv
4265,0,0,0,Reader_1_7.csv
4265,0,0,0,Reader_1_8.csv
4265,0,0,0,Reader_1_9.csv
4265,0,0,0,Reader_2_1.csv
4265,2,2,0,Reader_2_10.csv
4265,1,1,0,Reader_2_11.csv
4265,0,0,0,Reader_2_12.csv
4265,0,0,0,Reader_2_2.csv
4265,1,0,1,Reader_2_3.csv
4265,0,0,0,Reader_2_4.csv
4265,1,1,0,Reader_2_5.csv
4265,0,0,0,Reader_2_6.csv
4265,0,0,0,Reader_2_7.csv
4265,0,0,0,Reader_2_8.csv
4265,2,2,0,Reader_2_9.csv
4265,31,30,1,reader_3_1.csv
4265,35,35,0,Reader_3_2.csv
4265,0,0,0,Reader_3_3.csv
4265,0,0,0,Reader_3_4.csv
4265,0,0,0,Reader_3_5.csv
4265,0,0,0,Reader_3_6.csv
4265,0,0,0,Reader_3_7.csv
4266,3,2,1,Reader_1_1.csv
4266,0,0,0,Reader_1_10.csv
4266,0,0,0,Reader_1_11.csv
4266,0,0,0,Reader_1_12.csv
4266,0,0,0,Reader_1_2.csv
4266,2,2,0,Reader_1_3.csv
4266,1,1,0,Reader_1_4.csv
4266,1,1,0,Reader_1_5.csv
4266,1,1,0,Reader_1_6.csv
4266,0,0,0,Reader_1_7.csv
4266,1,0,1,Reader_1_8.csv
4266,0,0,0,Reader_1_9.csv
4266,0,0,0,Reader_2_1.csv
4266,3,3,0,Reader_2_10.csv
4266,1,1,0,Reader_2_11.csv
4266,0,0,0,Reader_2_12.csv
4266,0,0,0,Reader_2_2.csv
4266,1,0,1,Reader_2_3.csv
4266,0,0,0,Reader_2_4.csv
4266,1,1,0,Reader_2_5.csv
4266,0,0,0,Reader_2_6.csv
4266,0,0,0,Reader_2_7.csv
4266,0,0,0,Reader_2_8.csv
4266,2,2,0,Reader_2_9.csv
4266,31,30,1,reader_3_1.csv
4266,35,35,0,Reader_3_2.csv
4266,0,0,0,Reader_3_3.csv
4266,0,0,0,Reader_3_4.csv
4266,0,0,0,Reader_3_5.csv
4266,0,0,0,Reader_3_6.csv
4266,0,0,0,Reader_3_7.csv
4267,3,2,1,Reader_1_1.csv
4267,0,0,0,Reader_1_10.csv
4267,0,0,0,Reader_1_11.csv
4267,0,0,0,Reader_1_12.csv
4267,0,0,0,Reader_1_2.csv
4267,2,2,0,Reader_1_3.csv
4267,1,1,0,Reader_1_4.csv
4267,0,0,0,Reader_1_5.csv
4267,1,1,0,Reader_1_6.csv
4267,0,0,0,Reader_1_7.csv
4267,1,0,1,Reader_1_8.csv
4267,1,1,0,Reader_1_9.csv
4267,0,0,0,Reader_2_1.csv
4267,2,2,0,Reader_2_10.csv
4267,0,0,0,Reader_2_11.csv
4267,0,0,0,Reader_2_12.csv
4267,0,0,0,Reader_2_2.csv
4267,1,0,1,Reader_2_3.csv
4267,0,0,0,Reader_2_4.csv
4267,1,1,0,Reader_2_5.csv
4267,0,0,0,Reader_2_6.csv
4267,0,0,0,Reader_2_7.csv
4267,0,0,0,Reader_2_8.csv
4267,2,2,0,Reader_2_9.csv
4267,31,30,1,reader_3_1.csv
4267,31,31,0,Reader_3_2.csv
4267,0,0,0,Reader_3_3.csv
4267,0,0,0,Reader_3_4.csv
4267,0,0,0,Reader_3_5.csv
4267,0,0,0,Reader_3_6.csv
4267,0,0,0,Reader_3_7.csv
4268,4,2,2,Reader_1_1.csv
4268,0,0,0,Reader_1_10.csv
4268,0,0,0,Reader_1_11.csv
4268,0,0,0,Reader_1_12.csv
4268,0,0,0,Reader_1_2.csv
4268,2,2,0,Reader_1_3.csv
4268,0,0,0,Reader_1_4.csv
4268,0,0,0,Reader_1_5.csv
4268,1,1,0,Reader_1_6.csv
4268,0,0,0,Reader_1_7.csv
4268,1,0,1,Reader_1_8.csv
4268,1,1,0,Reader_1_9.csv
4268,0,0,0,Reader_2_1.csv
4268,1,1,0,Reader_2_10.csv
4268,0,0,0,Reader_2_11.csv
4268,0,0,0,Reader_2_12.csv
4268,0,0,0,Reader_2_2.csv
4268,1,0,1,Reader_2_3.csv
4268,0,0,0,Reader_2_4.csv
4268,1,1,0,Reader_2_5.csv
4268,0,0,0,Reader_2_6.csv
4268,0,0,0,Reader_2_7.csv
4268,0,0,0,Reader_2_8.csv
4268,2,2,0,Reader_2_9.csv
4268,27,26,1,reader_3_1.csv
4268,27,27,0,Reader_3_2.csv
4268,0,0,0,Reader_3_3.csv
4268,0,0,0,Reader_3_4.csv
4268,0,0,0,Reader_3_5.csv
4268,0,0,0,Reader_3_6.csv
4268,0,0,0,Reader_3_7.csv
4269,4,2,2,Reader_1_1.csv
4269,0,0,0,Reader_1_10.csv
4269,0,0,0,Reader_1_11.csv
4269,0,0,0,Reader_1_12.csv
4269,0,0,0,Reader_1_2.csv
4269,1,1,0,Reader_1_3.csv
4269,0,0,0,Reader_1_4.csv
4269,0,0,0,Reader_1_5.csv
4269,1,1,0,Reader_1_6.csv
4269,1,1,0,Reader_1_7.csv
4269,1,0,1,Reader_1_8.csv
4269,1,1,0,Reader_1_9.csv
4269,0,0,0,Reader_2_1.csv
4269,1,1,0,Reader_2_10.csv
4269,0,0,0,Reader_2_11.csv
4269,0,0,0,Reader_2_12.csv
4269,0,0,0,Reader_2_2.csv
4269,1,0,1,Reader_2_3.csv
4269,0,0,0,Reader_2_4.csv
4269,1,1,0,Reader_2_5.csv
4269,0,0,0,Reader_2_6.csv
4269,0,0,0,Reader_2_7.csv
4269,0,0,0,Reader_2_8.csv
4269,4,4,0,Reader_2_9.csv
4269,25,25,0,reader_3_1.csv
4269,23,23,0,Reader_3_2.csv
4269,0,0,0,Reader_3_3.csv
4269,0,0,0,Reader_3_4.csv
4269,0,0,0,Reader_3_5.csv
4269,0,0,0,Reader_3_6.csv
4269,0,0,0,Reader_3_7.csv
4270,3,2,1,Reader_1_1.csv
4270,0,0,0,Reader_1_10.csv
4270,0,0,0,Reader_1_11.csv
4270,0,0,0,Reader_1_12.csv
4270,0,0,0,Reader_1_2.csv
4270,0,0,0,Reader_1_3.csv
4270,0,0,0,Reader_1_4.csv
4270,0,0,0,Reader_1_5.csv
4270,1,1,0,Reader_1_6.csv
4270,1,1,0,Reader_1_7.csv
4270,1,0,1,Reader_1_8.csv
4270,1,1,0,Reader_1_9.csv
4270,0,0,0,Reader_2_1.csv
4270,1,1,0,Reader_2_10.csv
4270,0,0,0,Reader_2_11.csv
4270,0,0,0,Reader_2_12.csv
4270,0,0,0,Reader_2_2.csv
4270,1,0,1,Reader_2_3.csv
4270,0,0,0,Reader_2_4.csv
4270,1,1,0,Reader_2_5.csv
4270,0,0,0,Reader_2_6.csv
4270,0,0,0,Reader_2_7.csv
4270,0,0,0,Reader_2_8.csv
4270,2,2,0,Reader_2_9.csv
4270,21,21,0,reader_3_1.csv
4270,27,27,0,Reader_3_2.csv
4270,0,0,0,Reader_3_3.csv
4270,0,0,0,Reader_3_4.csv
4270,0,0,0,Reader_3_5.csv
4270,0,0,0,Reader_3_6.csv
4270,0,0,0,Reader_3_7.csv
4271,3,2,1,Reader_1_1.csv
4271,0,0,0,Reader_1_10.csv
4271,0,0,0,Reader_1_11.csv
4271,0,0,0,Reader_1_12.csv
4271,0,0,0,Reader_1_2.csv
4271,0,0,0,Reader_1_3.csv
4271,0,0,0,Reader_1_4.csv
4271,0,0,0,Reader_1_5.csv
4271,1,1,0,Reader_1_6.csv
4271,1,1,0,Reader_1_7.csv
4271,1,0,1,Reader_1_8.csv
4271,1,1,0,Reader_1_9.csv
4271,0,0,0,Reader_2_1.csv
4271,1,1,0,Reader_2_10.csv
4271,0,0,0,Reader_2_11.csv
4271,0,0,0,Reader_2_12.csv
4271,0,0,0,Reader_2_2.csv
4271,1,0,1,Reader_2_3.csv
4271,0,0,0,Reader_2_4.csv
4271,0,0,0,Reader_2_5.csv
4271,0,0,0,Reader_2_6.csv
4271,0,0,0,Reader_2_7.csv
4271,0,0,0,Reader_2_8.csv
4271,3,3,0,Reader_2_9.csv
4271,19,19,0,reader_3_1.csv
4271,25,25,0,Reader_3_2.csv
4271,0,0,0,Reader_3_3.csv
4271,0,0,0,Reader_3_4.csv
4271,0,0,0,Reader_3_5.csv
4271,0,0,0,Reader_3_6.csv
4271,0,0,0,Reader_3_7.csv
4272,3,2,1,Reader_1_1.csv
4272,0,0,0,Reader_1_10.csv
4272,0,0,0,Reader_1_11.csv
4272,0,0,0,Reader_1_12.csv
4272,0,0,0,Reader_1_2.csv
4272,0,0,0,Reader_1_3.csv
4272,0,0,0,Reader_1_4.csv
4272,0,0,0,Reader_1_5.csv
4272,1,1,0,Reader_1_6.csv
4272,1,1,0,Reader_1_7.csv
4272,2,1,1,Reader_1_8.csv
4272,1,1,0,Reader_1_9.csv
4272,0,0,0,Reader_2_1.csv
4272,1,1,0,Reader_2_10.csv
4272,0,0,0,Reader_2_11.csv
4272,0,0,0,Reader_2_12.csv
4272,0,0,0,Reader_2_2.csv
4272,1,0,1,Reader_2_3.csv
4272,0,0,0,Reader_2_4.csv
4272,0,0,0,Reader_2_5.csv
4272,0,0,0,Reader_2_6.csv
4272,0,0,0,Reader_2_7.csv
4272,0,0,0,Reader_2_8.csv
4272,3,3,0,Reader_2_9.csv
4272,16,16,0,reader_3_1.csv
4272,21,21,0,Reader_3_2.csv
4272,0,0,0,Reader_3_3.csv
4272,0,0,0,Reader_3_4.csv
4272,0,0,0,Reader_3_5.csv
4272,0,0,0,Reader_3_6.csv
4272,0,0,0,Reader_3_7.csv
4273,2,1,1,Reader_1_1.csv
4273,0,0,0,Reader_1_10.csv
4273,0,0,0,Reader_1_11.csv
4273,0,0,0,Reader_1_12.csv
4273,0,0,0,Reader_1_2.csv
4273,0,0,0,Reader_1_3.csv
4273,1,1,0,Reader_1_4.csv
4273,0,0,0,Reader_1_5.csv
4273,0,0,0,Reader_1_6.csv
4273,1,1,0,Reader_1_7.csv
4273,3,2,1,Reader_1_8.csv
4273,1,1,0,Reader_1_9.csv
4273,0,0,0,Reader_2_1.csv
4273,2,2,0,Reader_2_10.csv
4273,0,0,0,Reader_2_11.csv
4273,0,0,0,Reader_2_12.csv
4273,0,0,0,Reader_2_2.csv
4273,0,0,0,Reader_2_3.csv
4273,0,0,0,Reader_2_4.csv
4273,0,0,0,Reader_2_5.csv
4273,0,0,0,Reader_2_6.csv
4273,0,0,0,Reader_2_7.csv
4273,0,0,0,Reader_2_8.csv
4273,3,3,0,Reader_2_9.csv
4273,12,12,0,reader_3_1.csv
4273,18,18,0,Reader_3_2.csv
4273,0,0,0,Reader_3_3.csv
4273,0,0,0,Reader_3_4.csv
4273,0,0,0,Reader_3_5.csv
4273,0,0,0,Reader_3_6.csv
4273,0,0,0,Reader_3_7.csv
4274,2,1,1,Reader_1_1.csv
4274,0,0,0,Reader_1_10.csv
4274,0,0,0,Reader_1_11.csv
4274,0,0,0,Reader_1_12.csv
4274,0,0,0,Reader_1_2.csv
4274,0,0,0,Reader_1_3.csv
4274,1,1,0,Reader_1_4.csv
4274,0,0,0,Reader_1_5.csv
4274,0,0,0,Reader_1_6.csv
4274,1,1,0,Reader_1_7.csv
4274,2,2,0,Reader_1_8.csv
4274,1,1,0,Reader_1_9.csv
4274,0,0,0,Reader_2_1.csv
4274,1,1,0,Reader_2_10.csv
4274,0,0,0,Reader_2_11.csv
4274,0,0,0,Reader_2_12.csv
4274,0,0,0,Reader_2_2.csv
4274,0,0,0,Reader_2_3.csv
4274,0,0,0,Reader_2_4.csv
4274,0,0,0,Reader_2_5.csv
4274,0,0,0,Reader_2_6.csv
4274,0,0,0,Reader_2_7.csv
4274,0,0,0,Reader_2_8.csv
4274,3,3,0,Reader_2_9.csv
4274,9,9,0,reader_3_1.csv
4274,17,17,0,Reader_3_2.csv
4274,0,0,0,Reader_3_3.csv
4274,0,0,0,Reader_3_4.csv
4274,0,0,0,Reader_3_5.csv
4274,0,0,0,Reader_3_6.csv
4274,0,0,0,Reader_3_7.csv
4275,5,3,2,Reader_1_1.csv
4275,0,0,0,Reader_1_10.csv
4275,2,1,1,Reader_1_11.csv
4275,0,0,0,Reader_1_12.csv
4275,0,0,0,Reader_1_2.csv
4275,0,0,0,Reader_1_3.csv
4275,2,2,0,Reader_1_4.csv
4275,0,0,0,Reader_1_5.csv
4275,0,0,0,Reader_1_6.csv
4275,1,1,0,Reader_1_7.csv
4275,2,2,0,Reader_1_8.csv
4275,0,0,0,Reader_1_9.csv
4275,0,0,0,Reader_2_1.csv
4275,1,1,0,Reader_2_10.csv
4275,0,0,0,Reader_2_11.csv
4275,0,0,0,Reader_2_12.csv
4275,0,0,0,Reader_2_2.csv
4275,0,0,0,Reader_2_3.csv
4275,0,0,0,Reader_2_4.csv
4275,0,0,0,Reader_2_5.csv
4275,0,0,0,Reader_2_6.csv
4275,0,0,0,Reader_2_7.csv
4275,0,0,0,Reader_2_8.csv
4275,3,3,0,Reader_2_9.csv
4275,7,7,0,reader_3_1.csv
4275,20,20,0,Reader_3_2.csv
4275,0,0,0,Reader_3_3.csv
4275,0,0,0,Reader_3_4.csv
4275,0,0,0,Reader_3_5.csv
4275,0,0,0,Reader_3_6.csv
4275,0,0,0,Reader_3_7.csv
4276,4,3,1,Reader_1_1.csv
4276,0,0,0,Reader_1_10.csv
4276,2,1,1,Reader_1_11.csv
4276,0,0,0,Reader_1_12.csv
4276,0,0,0,Reader_1_2.csv
4276,0,0,0,Reader_1_3.csv
4276,2,2,0,Reader_1_4.csv
4276,0,0,0,Reader_1_5.csv
4276,0,0,0,Reader_1_6.csv
4276,2,2,0,Reader_1_7.csv
4276,2,2,0,Reader_1_8.csv
4276,0,0,0,Reader_1_9.csv
4276,0,0,0,Reader_2_1.csv
4276,1,1,0,Reader_2_10.csv
4276,0,0,0,Reader_2_11.csv
4276,0,0,0,Reader_2_12.csv
4276,0,0,0,Reader_2_2.csv
4276,1,1,0,Reader_2_3.csv
4276,0,0,0,Reader_2_4.csv
4276,0,0,0,Reader_2_5.csv
4276,0,0,0,Reader_2_6.csv
4276,0,0,0,Reader_2_7.csv
4276,0,0,0,Reader_2_8.csv
4276,4,4,0,Reader_2_9.csv
4276,7,7,0,reader_3_1.csv
4276,21,21,0,Reader_3_2.csv
4276,0,0,0,Reader_3_3.csv
4276,0,0,0,Reader_3_4.csv
4276,0,0,0,Reader_3_5.csv
4276,0,0,0,Reader_3_6.csv
4276,0,0,0,Reader_3_7.csv
4277,4,2,2,Reader_1_1.csv
4277,0,0,0,Reader_1_10.csv
4277,2,1,1,Reader_1_11.csv
4277,0,0,0,Reader_1_12.csv
4277,0,0,0,Reader_1_2.csv
4277,0,0,0,Reader_1_3.csv
4277,2,2,0,Reader_1_4.csv
4277,0,0,0,Reader_1_5.csv
4277,0,0,0,Reader_1_6.csv
4277,1,1,0,Reader_1_7.csv
4277,2,2,0,Reader_1_8.csv
4277,0,0,0,Reader_1_9.csv
4277,0,0,0,Reader_2_1.csv
4277,1,1,0,Reader_2_10.csv
4277,0,0,0,Reader_2_11.csv
4277,0,0,0,Reader_2_12.csv
4277,0,0,0,Reader_2_2.csv
4277,1,1,0,Reader_2_3.csv
4277,1,1,0,Reader_2_4.csv
4277,0,0,0,Reader_2_5.csv
4277,0,0,0,Reader_2_6.csv
4277,0,0,0,Reader_2_7.csv
4277,0,0,0,Reader_2_8.csv
4277,2,2,0,Reader_2_9.csv
4277,5,5,0,reader_3_1.csv
4277,24,24,0,Reader_3_2.csv
4277,0,0,0,Reader_3_3.csv
4277,0,0,0,Reader_3_4.csv
4277,0,0,0,Reader_3_5.csv
4277,0,0,0,Reader_3_6.csv
4277,0,0,0,Reader_3_7.csv
4278,4,2,2,Reader_1_1.csv
4278,0,0,0,Reader_1_10.csv
4278,2,1,1,Reader_1_11.csv
4278,0,0,0,Reader_1_12.csv
4278,0,0,0,Reader_1_2.csv
4278,0,0,0,Reader_1_3.csv
4278,2,2,0,Reader_1_4.csv
4278,0,0,0,Reader_1_5.csv
4278,0,0,0,Reader_1_6.csv
4278,1,1,0,Reader_1_7.csv
4278,2,2,0,Reader_1_8.csv
4278,0,0,0,Reader_1_9.csv
4278,0,0,0,Reader_2_1.csv
4278,1,1,0,Reader_2_10.csv
4278,0,0,0,Reader_2_11.csv
4278,0,0,0,Reader_2_12.csv
4278,0,0,0,Reader_2_2.csv
4278,1,1,0,Reader_2_3.csv
4278,1,1,0,Reader_2_4.csv
4278,0,0,0,Reader_2_5.csv
4278,0,0,0,Reader_2_6.csv
4278,0,0,0,Reader_2_7.csv
4278,0,0,0,Reader_2_8.csv
4278,2,2,0,Reader_2_9.csv
4278,4,4,0,reader_3_1.csv
4278,23,23,0,Reader_3_2.csv
4278,0,0,0,Reader_3_3.csv
4278,0,0,0,Reader_3_4.csv
4278,0,0,0,Reader_3_5.csv
4278,0,0,0,Reader_3_6.csv
4278,0,0,0,Reader_3_7.csv
4279,4,2,2,Reader_1_1.csv
4279,0,0,0,Reader_1_10.csv
4279,2,1,1,Reader_1_11.csv
4279,0,0,0,Reader_1_12.csv
4279,0,0,0,Reader_1_2.csv
4279,0,0,0,Reader_1_3.csv
4279,2,2,0,Reader_1_4.csv
4279,0,0,0,Reader_1_5.csv
4279,0,0,0,Reader_1_6.csv
4279,1,1,0,Reader_1_7.csv
4279,2,2,0,Reader_1_8.csv
4279,0,0,0,Reader_1_9.csv
4279,0,0,0,Reader_2_1.csv
4279,1,1,0,Reader_2_10.csv
4279,0,0,0,Reader_2_11.csv
4279,0,0,0,Reader_2_12.csv
4279,0,0,0,Reader_2_2.csv
4279,1,1,0,Reader_2_3.csv
4279,1,1,0,Reader_2_4.csv
4279,0,0,0,Reader_2_5.csv
4279,0,0,0,Reader_2_6.csv
4279,0,0,0,Reader_2_7.csv
4279,0,0,0,Reader_2_8.csv
4279,2,1,1,Reader_2_9.csv
4279,6,5,1,reader_3_1.csv
4279,22,22,0,Reader_3_2.csv
4279,0,0,0,Reader_3_3.csv
4279,0,0,0,Reader_3_4.csv
4279,0,0,0,Reader_3_5.csv
4279,0,0,0,Reader_3_6.csv
4279,0,0,0,Reader_3_7.csv
4280,4,2,2,Reader_1_1.csv
4280,0,0,0,Reader_1_10.csv
4280,3,2,1,Reader_1_11.csv
4280,0,0,0,Reader_1_12.csv
4280,0,0,0,Reader_1_2.csv
4280,1,1,0,Reader_1_3.csv
4280,2,2,0,Reader_1_4.csv
4280,0,0,0,Reader_1_5.csv
4280,0,0,0,Reader_1_6.csv
4280,2,1,1,Reader_1_7.csv
4280,1,1,0,Reader_1_8.csv
4280,0,0,0,Reader_1_9.csv
4280,0,0,0,Reader_2_1.csv
4280,1,1,0,Reader_2_10.csv
4280,0,0,0,Reader_2_11.csv
4280,0,0,0,Reader_2_12.csv
4280,0,0,0,Reader_2_2.csv
4280,1,1,0,Reader_2_3.csv
4280,1,1,0,Reader_2_4.csv
4280,0,0,0,Reader_2_5.csv
4280,0,0,0,Reader_2_6.csv
4280,0,0,0,Reader_2_7.csv
4280,0,0,0,Reader_2_8.csv
4280,2,1,1,Reader_2_9.csv
4280,6,5,1,reader_3_1.csv
4280,23,23,0,Reader_3_2.csv
4280,0,0,0,Reader_3_3.csv
4280,0,0,0,Reader_3_4.csv
4280,0,0,0,Reader_3_5.csv
4280,0,0,0,Reader_3_6.csv
4280,0,0,0,Reader_3_7.csv
4281,4,2,2,Reader_1_1.csv
4281,0,0,0,Reader_1_10.csv
4281,4,2,2,Reader_1_11.csv
4281,0,0,0,Reader_1_12.csv
4281,0,0,0,Reader_1_2.csv
4281,1,1,0,Reader_1_3.csv
4281,1,1,0,Reader_1_4.csv
4281,0,0,0,Reader_1_5.csv
4281,0,0,0,Reader_1_6.csv
4281,2,1,1,Reader_1_7.csv
4281,0,0,0,Reader_1_8.csv
4281,0,0,0,Reader_1_9.csv
4281,0,0,0,Reader_2_1.csv
4281,0,0,0,Reader_2_10.csv
4281,0,0,0,Reader_2_11.csv
4281,0,0,0,Reader_2_12.csv
4281,0,0,0,Reader_2_2.csv
4281,2,2,0,Reader_2_3.csv
4281,1,1,0,Reader_2_4.csv
4281,0,0,0,Reader_2_5.csv
4281,0,0,0,Reader_2_6.csv
4281,0,0,0,Reader_2_7.csv
4281,0,0,0,Reader_2_8.csv
4281,2,1,1,Reader_2_9.csv
4281,5,4,1,reader_3_1.csv
4281,22,22,0,Reader_3_2.csv
4281,0,0,0,Reader_3_3.csv
4281,0,0,0,Reader_3_4.csv
4281,0,0,0,Reader_3_5.csv
4281,0,0,0,Reader_3_6.csv
4281,0,0,0,Reader_3_7.csv
4282,3,1,2,Reader_1_1.csv
4282,0,0,0,Reader_1_10.csv
4282,4,2,2,Reader_1_11.csv
4282,0,0,0,Reader_1_12.csv
4282,0,0,0,Reader_1_2.csv
4282,1,1,0,Reader_1_3.csv
4282,2,2,0,Reader_1_4.csv
4282,0,0,0,Reader_1_5.csv
4282,0,0,0,Reader_1_6.csv
4282,2,1,1,Reader_1_7.csv
4282,0,0,0,Reader_1_8.csv
4282,0,0,0,Reader_1_9.csv
4282,0,0,0,Reader_2_1.csv
4282,0,0,0,Reader_2_10.csv
4282,0,0,0,Reader_2_11.csv
4282,0,0,0,Reader_2_12.csv
4282,0,0,0,Reader_2_2.csv
4282,2,2,0,Reader_2_3.csv
4282,1,1,0,Reader_2_4.csv
4282,0,0,0,Reader_2_5.csv
4282,0,0,0,Reader_2_6.csv
4282,0,0,0,Reader_2_7.csv
4282,0,0,0,Reader_2_8.csv
4282,2,1,1,Reader_2_9.csv
4282,5,4,1,reader_3_1.csv
4282,21,21,0,Reader_3_2.csv
4282,0,0,0,Reader_3_3.csv
4282,0,0,0,Reader_3_4.csv
4282,0,0,0,Reader_3_5.csv
4282,0,0,0,Reader_3_6.csv
4282,0,0,0,Reader_3_7.csv
4283,2,1,1,Reader_1_1.csv
4283,0,0,0,Reader_1_10.csv
4283,2,1,1,Reader_1_11.csv
4283,0,0,0,Reader_1_12.csv
4283,0,0,0,Reader_1_2.csv
4283,1,1,0,Reader_1_3.csv
4283,1,1,0,Reader_1_4.csv
4283,0,0,0,Reader_1_5.csv
4283,0,0,0,Reader_1_6.csv
4283,2,1,1,Reader_1_7.csv
4283,0,0,0,Reader_1_8.csv
4283,0,0,0,Reader_1_9.csv
4283,0,0,0,Reader_2_1.csv
4283,0,0,0,Reader_2_10.csv
4283,0,0,0,Reader_2_11.csv
4283,0,0,0,Reader_2_12.csv
4283,0,0,0,Reader_2_2.csv
4283,2,2,0,Reader_2_3.csv
4283,1,1,0,Reader_2_4.csv
4283,1,1,0,Reader_2_5.csv
4283,0,0,0,Reader_2_6.csv
4283,0,0,0,Reader_2_7.csv
4283,0,0,0,Reader_2_8.csv
4283,2,1,1,Reader_2_9.csv
4283,5,4,1,reader_3_1.csv
4283,18,18,0,Reader_3_2.csv
4283,0,0,0,Reader_3_3.csv
4283,0,0,0,Reader_3_4.csv
4283,0,0,0,Reader_3_5.csv
4283,0,0,0,Reader_3_6.csv
4283,0,0,0,Reader_3_7.csv
4284,2,1,1,Reader_1_1.csv
4284,0,0,0,Reader_1_10.csv
4284,2,1,1,Reader_1_11.csv
4284,0,0,0,Reader_1_12.csv
4284,0,0,0,Reader_1_2.csv
4284,1,1,0,Reader_1_3.csv
4284,1,1,0,Reader_1_4.csv
4284,0,0,0,Reader_1_5.csv
4284,0,0,0,Reader_1_6.csv
4284,1,0,1,Reader_1_7.csv
4284,0,0,0,Reader_1_8.csv
4284,0,0,0,Reader_1_9.csv
4284,0,0,0,Reader_2_1.csv
4284,1,1,0,Reader_2_10.csv
4284,0,0,0,Reader_2_11.csv
4284,0,0,0,Reader_2_12.csv
4284,0,0,0,Reader_2_2.csv
4284,1,1,0,Reader_2_3.csv
4284,1,1,0,Reader_2_4.csv
4284,1,1,0,Reader_2_5.csv
4284,0,0,0,Reader_2_6.csv
4284,0,0,0,Reader_2_7.csv
4284,0,0,0,Reader_2_8.csv
4284,1,0,1,Reader_2_9.csv
4284,6,5,1,reader_3_1.csv
4284,17,17,0,Reader_3_2.csv
4284,0,0,0,Reader_3_3.csv
4284,0,0,0,Reader_3_4.csv
4284,0,0,0,Reader_3_5.csv
4284,0,0,0,Reader_3_6.csv
4284,0,0,0,Reader_3_7.csv
4285,1,1,0,Reader_1_1.csv
4285,0,0,0,Reader_1_10.csv
4285,3,1,2,Reader_1_11.csv
4285,0,0,0,Reader_1_12.csv
4285,0,0,0,Reader_1_2.csv
4285,1,1,0,Reader_1_3.csv
4285,1,1,0,Reader_1_4.csv
4285,0,0,0,Reader_1_5.csv
4285,0,0,0,Reader_1_6.csv
4285,1,0,1,Reader_1_7.csv
4285,0,0,0,Reader_1_8.csv
4285,0,0,0,Reader_1_9.csv
4285,0,0,0,Reader_2_1.csv
4285,1,1,0,Reader_2_10.csv
4285,0,0,0,Reader_2_11.csv
4285,0,0,0,Reader_2_12.csv
4285,0,0,0,Reader_2_2.csv
4285,1,1,0,Reader_2_3.csv
4285,0,0,0,Reader_2_4.csv
4285,2,2,0,Reader_2_5.csv
4285,0,0,0,Reader_2_6.csv
4285,0,0,0,Reader_2_7.csv
4285,0,0,0,Reader_2_8.csv
4285,1,0,1,Reader_2_9.csv
4285,6,5,1,reader_3_1.csv
4285,17,17,0,Reader_3_2.csv
4285,0,0,0,Reader_3_3.csv
4285,0,0,0,Reader_3_4.csv
4285,0,0,0,Reader_3_5.csv
4285,0,0,0,Reader_3_6.csv
4285,0,0,0,Reader_3_7.csv
4286,1,1,0,Reader_1_1.csv
4286,0,0,0,Reader_1_10.csv
4286,4,2,2,Reader_1_11.csv
4286,0,0,0,Reader_1_12.csv
4286,0,0,0,Reader_1_2.csv
4286,1,1,0,Reader_1_3.csv
4286,1,1,0,Reader_1_4.csv
4286,0,0,0,Reader_1_5.csv
4286,0,0,0,Reader_1_6.csv
4286,1,0,1,Reader_1_7.csv
4286,0,0,0,Reader_1_8.csv
4286,0,0,0,Reader_1_9.csv
4286,0,0,0,Reader_2_1.csv
4286,2,2,0,Reader_2_10.csv
4286,0,0,0,Reader_2_11.csv
4286,0,0,0,Reader_2_12.csv
4286,0,0,0,Reader_2_2.csv
4286,1,1,0,Reader_2_3.csv
4286,0,0,0,Reader_2_4.csv
4286,2,2,0,Reader_2_5.csv
4286,0,0,0,Reader_2_6.csv
4286,0,0,0,Reader_2_7.csv
4286,0,0,0,Reader_2_8.csv
4286,2,1,1,Reader_2_9.csv
4286,6,5,1,reader_3_1.csv
4286,14,14,0,Reader_3_2.csv
4286,0,0,0,Reader_3_3.csv
4286,0,0,0,Reader_3_4.csv
4286,0,0,0,Reader_3_5.csv
4286,0,0,0,Reader_3_6.csv
4286,0,0,0,Reader_3_7.csv
4287,1,1,0,Reader_1_1.csv
4287,0,0,0,Reader_1_10.csv
4287,5,3,2,Reader_1_11.csv
4287,0,0,0,Reader_1_12.csv
4287,0,0,0,Reader_1_2.csv
4287,1,1,0,Reader_1_3.csv
4287,1,1,0,Reader_1_4.csv
4287,0,0,0,Reader_1_5.csv
4287,0,0,0,Reader_1_6.csv
4287,1,0,1,Reader_1_7.csv
4287,0,0,0,Reader_1_8.csv
4287,0,0,0,Reader_1_9.csv
4287,0,0,0,Reader_2_1.csv
4287,3,3,0,Reader_2_10.csv
4287,0,0,0,Reader_2_11.csv
4287,0,0,0,Reader_2_12.csv
4287,0,0,0,Reader_2_2.csv
4287,1,1,0,Reader_2_3.csv
4287,0,0,0,Reader_2_4.csv
4287,2,2,0,Reader_2_5.csv
4287,0,0,0,Reader_2_6.csv
4287,0,0,0,Reader_2_7.csv
4287,0,0,0,Reader_2_8.csv
4287,1,1,0,Reader_2_9.csv
4287,4,4,0,reader_3_1.csv
4287,15,15,0,Reader_3_2.csv
4287,0,0,0,Reader_3_3.csv
4287,0,0,0,Reader_3_4.csv
4287,0,0,0,Reader_3_5.csv
4287,0,0,0,Reader_3_6.csv
4287,0,0,0,Reader_3_7.csv
4288,1,1,0,Reader_1_1.csv
4288,0,0,0,Reader_1_10.csv
4288,4,2,2,Reader_1_11.csv
4288,0,0,0,Reader_1_12.csv
4288,0,0,0,Reader_1_2.csv
4288,1,1,0,Reader_1_3.csv
4288,1,1,0,Reader_1_4.csv
4288,0,0,0,Reader_1_5.csv
4288,0,0,0,Reader_1_6.csv
4288,0,0,0,Reader_1_7.csv
4288,0,0,0,Reader_1_8.csv
4288,0,0,0,Reader_1_9.csv
4288,0,0,0,Reader_2_1.csv
4288,3,3,0,Reader_2_10.csv
4288,0,0,0,Reader_2_11.csv
4288,0,0,0,Reader_2_12.csv
4288,0,0,0,Reader_2_2.csv
4288,1,1,0,Reader_2_3.csv
4288,0,0,0,Reader_2_4.csv
4288,2,2,0,Reader_2_5.csv
4288,0,0,0,Reader_2_6.csv
4288,0,0,0,Reader_2_7.csv
4288,0,0,0,Reader_2_8.csv
4288,1,1,0,Reader_2_9.csv
4288,5,5,0,reader_3_1.csv
4288,13,13,0,Reader_3_2.csv
4288,0,0,0,Reader_3_3.csv
4288,0,0,0,Reader_3_4.csv
4288,0,0,0,Reader_3_5.csv
4288,0,0,0,Reader_3_6.csv
4288,0,0,0,Reader_3_7.csv
4289,1,1,0,Reader_1_1.csv
4289,0,0,0,Reader_1_10.csv
4289,3,2,1,Reader_1_11.csv
4289,0,0,0,Reader_1_12.csv
4289,0,0,0,Reader_1_2.csv
4289,1,1,0,Reader_1_3.csv
4289,1,1,0,Reader_1_4.csv
4289,0,0,0,Reader_1_5.csv
4289,0,0,0,Reader_1_6.csv
4289,0,0,0,Reader_1_7.csv
4289,0,0,0,Reader_1_8.csv
4289,0,0,0,Reader_1_9.csv
4289,0,0,0,Reader_2_1.csv
4289,3,3,0,Reader_2_10.csv
4289,0,0,0,Reader_2_11.csv
4289,0,0,0,Reader_2_12.csv
4289,0,0,0,Reader_2_2.csv
4289,0,0,0,Reader_2_3.csv
4289,0,0,0,Reader_2_4.csv
4289,2,2,0,Reader_2_5.csv
4289,0,0,0,Reader_2_6.csv
4289,0,0,0,Reader_2_7.csv
4289,0,0,0,Reader_2_8.csv
4289,3,3,0,Reader_2_9.csv
4289,6,6,0,reader_3_1.csv
4289,12,12,0,Reader_3_2.csv
4289,0,0,0,Reader_3_3.csv
4289,0,0,0,Reader_3_4.csv
4289,0,0,0,Reader_3_5.csv
4289,0,0,0,Reader_3_6.csv
4289,0,0,0,Reader_3_7.csv
4290,1,1,0,Reader_1_1.csv
4290,0,0,0,Reader_1_10.csv
4290,3,2,1,Reader_1_11.csv
4290,0,0,0,Reader_1_12.csv
4290,0,0,0,Reader_1_2.csv
4290,1,1,0,Reader_1_3.csv
4290,0,0,0,Reader_1_4.csv
4290,0,0,0,Reader_1_5.csv
4290,0,0,0,Reader_1_6.csv
4290,0,0,0,Reader_1_7.csv
4290,0,0,0,Reader_1_8.csv
4290,0,0,0,Reader_1_9.csv
4290,1,1,0,Reader_2_1.csv
4290,3,3,0,Reader_2_10.csv
4290,0,0,0,Reader_2_11.csv
4290,0,0,0,Reader_2_12.csv
4290,0,0,0,Reader_2_2.csv
4290,0,0,0,Reader_2_3.csv
4290,0,0,0,Reader_2_4.csv
4290,2,2,0,Reader_2_5.csv
4290,0,0,0,Reader_2_6.csv
4290,0,0,0,Reader_2_7.csv
4290,0,0,0,Reader_2_8.csv
4290,3,3,0,Reader_2_9.csv
4290,8,8,0,reader_3_1.csv
4290,12,12,0,Reader_3_2.csv
4290,0,0,0,Reader_3_3.csv
4290,0,0,0,Reader_3_4.csv
4290,0,0,0,Reader_3_5.csv
4290,0,0,0,Reader_3_6.csv
4290,0,0,0,Reader_3_7.csv
4291,0,0,0,Reader_1_1.csv
4291,0,0,0,Reader_1_10.csv
4291,4,3,1,Reader_1_11.csv
4291,0,0,0,Reader_1_12.csv
4291,0,0,0,Reader_1_2.csv
4291,1,1,0,Reader_1_3.csv
4291,1,0,1,Reader_1_4.csv
4291,0,0,0,Reader_1_5.csv
4291,0,0,0,Reader_1_6.csv
4291,0,0,0,Reader_1_7.csv
4291,0,0,0,Reader_1_8.csv
4291,0,0,0,Reader_1_9.csv
4291,1,1,0,Reader_2_1.csv
4291,3,3,0,Reader_2_10.csv
4291,0,0,0,Reader_2_11.csv
4291,0,0,0,Reader_2_12.csv
4291,0,0,0,Reader_2_2.csv
4291,0,0,0,Reader_2_3.csv
4291,0,0,0,Reader_2_4.csv
4291,1,1,0,Reader_2_5.csv
4291,0,0,0,Reader_2_6.csv
4291,0,0,0,Reader_2_7.csv
4291,0,0,0,Reader_2_8.csv
4291,3,3,0,Reader_2_9.csv
4291,9,9,0,reader_3_1.csv
4291,12,12,0,Reader_3_2.csv
4291,0,0,0,Reader_3_3.csv
4291,0,0,0,Reader_3_4.csv
4291,0,0,0,Reader_3_5.csv
4291,0,0,0,Reader_3_6.csv
4291,0,0,0,Reader_3_7.csv
4292,1,1,0,Reader_1_1.csv
4292,0,0,0,Reader_1_10.csv
4292,4,3,1,Reader_1_11.csv
4292,0,0,0,Reader_1_12.csv
4292,0,0,0,Reader_1_2.csv
4292,1,1,0,Reader_1_3.csv
4292,1,0,1,Reader_1_4.csv
4292,0,0,0,Reader_1_5.csv
4292,0,0,0,Reader_1_6.csv
4292,0,0,0,Reader_1_7.csv
4292,0,0,0,Reader_1_8.csv
4292,0,0,0,Reader_1_9.csv
4292,1,1,0,Reader_2_1.csv
4292,2,2,0,Reader_2_10.csv
4292,1,0,1,Reader_2_11.csv
4292,0,0,0,Reader_2_12.csv
4292,0,0,0,Reader_2_2.csv
4292,0,0,0,Reader_2_3.csv
4292,0,0,0,Reader_2_4.csv
4292,1,1,0,Reader_2_5.csv
4292,0,0,0,Reader_2_6.csv
4292,0,0,0,Reader_2_7.csv
4292,0,0,0,Reader_2_8.csv
4292,3,3,0,Reader_2_9.csv
4292,7,7,0,reader_3_1.csv
4292,11,10,1,Reader_3_2.csv
4292,0,0,0,Reader_3_3.csv
4292,0,0,0,Reader_3_4.csv
4292,0,0,0,Reader_3_5.csv
4292,0,0,0,Reader_3_6.csv
4292,0,0,0,Reader_3_7.csv
4293,1,1,0,Reader_1_1.csv
4293,0,0,0,Reader_1_10.csv
4293,4,3,1,Reader_1_11.csv
4293,0,0,0,Reader_1_12.csv
4293,0,0,0,Reader_1_2.csv
4293,1,1,0,Reader_1_3.csv
4293,1,0,1,Reader_1_4.csv
4293,0,0,0,Reader_1_5.csv
4293,0,0,0,Reader_1_6.csv
4293,0,0,0,Reader_1_7.csv
4293,0,0,0,Reader_1_8.csv
4293,0,0,0,Reader_1_9.csv
4293,1,1,0,Reader_2_1.csv
4293,2,2,0,Reader_2_10.csv
4293,1,0,1,Reader_2_11.csv
4293,0,0,0,Reader_2_12.csv
4293,0,0,0,Reader_2_2.csv
4293,0,0,0,Reader_2_3.csv
4293,0,0,0,Reader_2_4.csv
4293,1,0,1,Reader_2_5.csv
4293,0,0,0,Reader_2_6.csv
4293,0,0,0,Reader_2_7.csv
4293,0,0,0,Reader_2_8.csv
4293,3,3,0,Reader_2_9.csv
4293,8,7,1,reader_3_1.csv
4293,7,6,1,Reader_3_2.csv
4293,0,0,0,Reader_3_3.csv
4293,0,0,0,Reader_3_4.csv
4293,0,0,0,Reader_3_5.csv
4293,0,0,0,Reader_3_6.csv
4293,0,0,0,Reader_3_7.csv
4294,1,1,0,Reader_1_1.csv
4294,0,0,0,Reader_1_10.csv
4294,3,2,1,Reader_1_11.csv
4294,0,0,0,Reader_1_12.csv
4294,0,0,0,Reader_1_2.csv
4294,1,1,0,Reader_1_3.csv
4294,1,0,1,Reader_1_4.csv
4294,0,0,0,Reader_1_5.csv
4294,0,0,0,Reader_1_6.csv
4294,1,1,0,Reader_1_7.csv
4294,0,0,0,Reader_1_8.csv
4294,0,0,0,Reader_1_9.csv
4294,2,2,0,Reader_2_1.csv
4294,1,1,0,Reader_2_10.csv
4294,1,0,1,Reader_2_11.csv
4294,0,0,0,Reader_2_12.csv
4294,0,0,0,Reader_2_2.csv
4294,0,0,0,Reader_2_3.csv
4294,0,0,0,Reader_2_4.csv
4294,1,0,1,Reader_2_5.csv
4294,0,0,0,Reader_2_6.csv
4294,0,0,0,Reader_2_7.csv
4294,0,0,0,Reader_2_8.csv
4294,3,3,0,Reader_2_9.csv
4294,9,8,1,reader_3_1.csv
4294,7,6,1,Reader_3_2.csv
4294,0,0,0,Reader_3_3.csv
4294,0,0,0,Reader_3_4.csv
4294,0,0,0,Reader_3_5.csv
4294,0,0,0,Reader_3_6.csv
4294,0,0,0,Reader_3_7.csv
4295,1,1,0,Reader_1_1.csv
4295,0,0,0,Reader_1_10.csv
4295,2,1,1,Reader_1_11.csv
4295,0,0,0,Reader_1_12.csv
4295,0,0,0,Reader_1_2.csv
4295,1,1,0,Reader_1_3.csv
4295,1,0,1,Reader_1_4.csv
4295,0,0,0,Reader_1_5.csv
4295,0,0,0,Reader_1_6.csv
4295,1,1,0,Reader_1_7.csv
4295,0,0,0,Reader_1_8.csv
4295,0,0,0,Reader_1_9.csv
4295,2,2,0,Reader_2_1.csv
4295,0,0,0,Reader_2_10.csv
4295,1,0,1,Reader_2_11.csv
4295,0,0,0,Reader_2_12.csv
4295,0,0,0,Reader_2_2.csv
4295,0,0,0,Reader_2_3.csv
4295,0,0,0,Reader_2_4.csv
4295,1,0,1,Reader_2_5.csv
4295,0,0,0,Reader_2_6.csv
4295,0,0,0,Reader_2_7.csv
4295,0,0,0,Reader_2_8.csv
4295,3,3,0,Reader_2_9.csv
4295,8,7,1,reader_3_1.csv
4295,5,4,1,Reader_3_2.csv
4295,0,0,0,Reader_3_3.csv
4295,0,0,0,Reader_3_4.csv
4295,0,0,0,Reader_3_5.csv
4295,0,0,0,Reader_3_6.csv
4295,0,0,0,Reader_3_7.csv
4296,1,1,0,Reader_1_1.csv
4296,0,0,0,Reader_1_10.csv
4296,2,1,1,Reader_1_11.csv
4296,0,0,0,Reader_1_12.csv
4296,0,0,0,Reader_1_2.csv
4296,1,1,0,Reader_1_3.csv
4296,1,0,1,Reader_1_4.csv
4296,0,0,0,Reader_1_5.csv
4296,0,0,0,Reader_1_6.csv
4296,1,1,0,Reader_1_7.csv
4296,0,0,0,Reader_1_8.csv
4296,0,0,0,Reader_1_9.csv
4296,2,2,0,Reader_2_1.csv
4296,0,0,0,Reader_2_10.csv
4296,1,0,1,Reader_2_11.csv
4296,0,0,0,Reader_2_12.csv
4296,0,0,0,Reader_2_2.csv
4296,0,0,0,Reader_2_3.csv
4296,0,0,0,Reader_2_4.csv
4296,1,0,1,Reader_2_5.csv
4296,0,0,0,Reader_2_6.csv
4296,0,0,0,Reader_2_7.csv
4296,0,0,0,Reader_2_8.csv
4296,3,3,0,Reader_2_9.csv
4296,6,5,1,reader_3_1.csv
4296,5,3,2,Reader_3_2.csv
4296,0,0,0,Reader_3_3.csv
4296,0,0,0,Reader_3_4.csv
4296,0,0,0,Reader_3_5.csv
4296,0,0,0,Reader_3_6.csv
4296,0,0,0,Reader_3_7.csv
4297,2,2,0,Reader_1_1.csv
4297,0,0,0,Reader_1_10.csv
4297,2,1,1,Reader_1_11.csv
4297,1,0,1,Reader_1_12.csv
4297,0,0,0,Reader_1_2.csv
4297,1,1,0,Reader_1_3.csv
4297,1,0,1,Reader_1_4.csv
4297,0,0,0,Reader_1_5.csv
4297,0,0,0,Reader_1_6.csv
4297,1,1,0,Reader_1_7.csv
4297,0,0,0,Reader_1_8.csv
4297,0,0,0,Reader_1_9.csv
4297,2,2,0,Reader_2_1.csv
4297,0,0,0,Reader_2_10.csv
4297,1,0,1,Reader_2_11.csv
4297,0,0,0,Reader_2_12.csv
4297,0,0,0,Reader_2_2.csv
4297,0,0,0,Reader_2_3.csv
4297,0,0,0,Reader_2_4.csv
4297,1,0,1,Reader_2_5.csv
4297,0,0,0,Reader_2_6.csv
4297,0,0,0,Reader_2_7.csv
4297,0,0,0,Reader_2_8.csv
4297,2,2,0,Reader_2_9.csv
4297,5,4,1,reader_3_1.csv
4297,5,3,2,Reader_3_2.csv
4297,0,0,0,Reader_3_3.csv
4297,0,0,0,Reader_3_4.csv
4297,0,0,0,Reader_3_5.csv
4297,0,0,0,Reader_3_6.csv
4297,0,0,0,Reader_3_7.csv
4298,2,2,0,Reader_1_1.csv
4298,0,0,0,Reader_1_10.csv
4298,2,1,1,Reader_1_11.csv
4298,1,0,1,Reader_1_12.csv
4298,0,0,0,Reader_1_2.csv
4298,1,1,0,Reader_1_3.csv
4298,1,0,1,Reader_1_4.csv
4298,0,0,0,Reader_1_5.csv
4298,0,0,0,Reader_1_6.csv
4298,1,1,0,Reader_1_7.csv
4298,0,0,0,Reader_1_8.csv
4298,0,0,0,Reader_1_9.csv
4298,1,1,0,Reader_2_1.csv
4298,0,0,0,Reader_2_10.csv
4298,1,0,1,Reader_2_11.csv
4298,0,0,0,Reader_2_12.csv
4298,0,0,0,Reader_2_2.csv
4298,0,0,0,Reader_2_3.csv
4298,0,0,0,Reader_2_4.csv
4298,1,0,1,Reader_2_5.csv
4298,0,0,0,Reader_2_6.csv
4298,0,0,0,Reader_2_7.csv
4298,0,0,0,Reader_2_8.csv
4298,3,3,0,Reader_2_9.csv
4298,4,2,2,reader_3_1.csv
4298,6,4,2,Reader_3_2.csv
4298,0,0,0,Reader_3_3.csv
4298,0,0,0,Reader_3_4.csv
4298,0,0,0,Reader_3_5.csv
4298,0,0,0,Reader_3_6.csv
4298,0,0,0,Reader_3_7.csv
4299,2,2,0,Reader_1_1.csv
4299,0,0,0,Reader_1_10.csv
4299,1,0,1,Reader_1_11.csv
4299,1,0,1,Reader_1_12.csv
4299,0,0,0,Reader_1_2.csv
4299,1,1,0,Reader_1_3.csv
4299,0,0,0,Reader_1_4.csv
4299,0,0,0,Reader_1_5.csv
4299,0,0,0,Reader_1_6.csv
4299,1,1,0,Reader_1_7.csv
4299,1,0,1,Reader_1_8.csv
4299,0,0,0,Reader_1_9.csv
4299,1,1,0,Reader_2_1.csv
4299,0,0,0,Reader_2_10.csv
4299,1,0,1,Reader_2_11.csv
4299,0,0,0,Reader_2_12.csv
4299,0,0,0,Reader_2_2.csv
4299,0,0,0,Reader_2_3.csv
4299,0,0,0,Reader_2_4.csv
4299,1,0,1,Reader_2_5.csv
4299,0,0,0,Reader_2_6.csv
4299,0,0,0,Reader_2_7.csv
4299,0,0,0,Reader_2_8.csv
4299,3,3,0,Reader_2_9.csv
4299,3,1,2,reader_3_1.csv
4299,6,4,2,Reader_3_2.csv
4299,0,0,0,Reader_3_3.csv
4299,0,0,0,Reader_3_4.csv
4299,0,0,0,Reader_3_5.csv
4299,0,0,0,Reader_3_6.csv
4299,0,0,0,Reader_3_7.csv
4300,1,1,0,Reader_1_1.csv
4300,0,0,0,Reader_1_10.csv
4300,1,0,1,Reader_1_11.csv
4300,1,0,1,Reader_1_12.csv
4300,0,0,0,Reader_1_2.csv
4300,1,1,0,Reader_1_3.csv
4300,1,1,0,Reader_1_4.csv
4300,0,0,0,Reader_1_5.csv
4300,0,0,0,Reader_1_6.csv
4300,1,1,0,Reader_1_7.csv
4300,1,0,1,Reader_1_8.csv
4300,0,0,0,Reader_1_9.csv
4300,1,1,0,Reader_2_1.csv
4300,0,0,0,Reader_2_10.csv
4300,0,0,0,Reader_2_11.csv
4300,0,0,0,Reader_2_12.csv
4300,0,0,0,Reader_2_2.csv
4300,0,0,0,Reader_2_3.csv
4300,0,0,0,Reader_2_4.csv
4300,1,0,1,Reader_2_5.csv
4300,0,0,0,Reader_2_6.csv
4300,0,0,0,Reader_2_7.csv
4300,0,0,0,Reader_2_8.csv
4300,3,3,0,Reader_2_9.csv
4300,3,1,2,reader_3_1.csv
4300,5,4,1,Reader_3_2.csv
4300,0,0,0,Reader_3_3.csv
4300,0,0,0,Reader_3_4.csv
4300,0,0,0,Reader_3_5.csv
4300,0,0,0,Reader_3_6.csv
4300,0,0,0,Reader_3_7.csv
4301,1,1,0,Reader_1_1.csv
4301,0,0,0,Reader_1_10.csv
4301,1,1,0,Reader_1_11.csv
4301,1,0,1,Reader_1_12.csv
4301,0,0,0,Reader_1_2.csv
4301,2,1,1,Reader_1_3.csv
4301,1,1,0,Reader_1_4.csv
4301,0,0,0,Reader_1_5.csv
4301,0,0,0,Reader_1_6.csv
4301,1,1,0,Reader_1_7.csv
4301,1,0,1,Reader_1_8.csv
4301,0,0,0,Reader_1_9.csv
4301,2,2,0,Reader_2_1.csv
4301,0,0,0,Reader_2_10.csv
4301,0,0,0,Reader_2_11.csv
4301,0,0,0,Reader_2_12.csv
4301,1,1,0,Reader_2_2.csv
4301,0,0,0,Reader_2_3.csv
4301,0,0,0,Reader_2_4.csv
4301,0,0,0,Reader_2_5.csv
4301,0,0,0,Reader_2_6.csv
4301,0,0,0,Reader_2_7.csv
4301,0,0,0,Reader_2_8.csv
4301,3,3,0,Reader_2_9.csv
4301,2,1,1,reader_3_1.csv
4301,8,7,1,Reader_3_2.csv
4301,0,0,0,Reader_3_3.csv
4301,0,0,0,Reader_3_4.csv
4301,0,0,0,Reader_3_5.csv
4301,0,0,0,Reader_3_6.csv
4301,0,0,0,Reader_3_7.csv
4302,1,1,0,Reader_1_1.csv
4302,0,0,0,Reader_1_10.csv
4302,1,1,0,Reader_1_11.csv
4302,1,0,1,Reader_1_12.csv
4302,0,0,0,Reader_1_2.csv
4302,2,1,1,Reader_1_3.csv
4302,1,1,0,Reader_1_4.csv
4302,0,0,0,Reader_1_5.csv
4302,0,0,0,Reader_1_6.csv
4302,0,0,0,Reader_1_7.csv
4302,2,1,1,Reader_1_8.csv
4302,0,0,0,Reader_1_9.csv
4302,1,1,0,Reader_2_1.csv
4302,0,0,0,Reader_2_10.csv
4302,0,0,0,Reader_2_11.csv
4302,0,0,0,Reader_2_12.csv
4302,1,1,0,Reader_2_2.csv
4302,0,0,0,Reader_2_3.csv
4302,0,0,0,Reader_2_4.csv
4302,0,0,0,Reader_2_5.csv
4302,0,0,0,Reader_2_6.csv
4302,0,0,0,Reader_2_7.csv
4302,0,0,0,Reader_2_8.csv
4302,3,3,0,Reader_2_9.csv
4302,2,1,1,reader_3_1.csv
4302,8,7,1,Reader_3_2.csv
4302,0,0,0,Reader_3_3.csv
4302,0,0,0,Reader_3_4.csv
4302,0,0,0,Reader_3_5.csv
4302,0,0,0,Reader_3_6.csv
4302,0,0,0,Reader_3_7.csv
4303,1,1,0,Reader_1_1.csv
4303,0,0,0,Reader_1_10.csv
4303,1,1,0,Reader_1_11.csv
4303,1,0,1,Reader_1_12.csv
4303,0,0,0,Reader_1_2.csv
4303,2,1,1,Reader_1_3.csv
4303,1,1,0,Reader_1_4.csv
4303,0,0,0,Reader_1_5.csv
4303,0,0,0,Reader_1_6.csv
4303,0,0,0,Reader_1_7.csv
4303,2,1,1,Reader_1_8.csv
4303,0,0,0,Reader_1_9.csv
4303,1,1,0,Reader_2_1.csv
4303,0,0,0,Reader_2_10.csv
4303,0,0,0,Reader_2_11.csv
4303,0,0,0,Reader_2_12.csv
4303,1,1,0,Reader_2_2.csv
4303,0,0,0,Reader_2_3.csv
4303,0,0,0,Reader_2_4.csv
4303,0,0,0,Reader_2_5.csv
4303,0,0,0,Reader_2_6.csv
4303,0,0,0,Reader_2_7.csv
4303,0,0,0,Reader_2_8.csv
4303,4,4,0,Reader_2_9.csv
4303,2,1,1,reader_3_1.csv
4303,9,8,1,Reader_3_2.csv
4303,0,0,0,Reader_3_3.csv
4303,0,0,0,Reader_3_4.csv
4303,0,0,0,Reader_3_5.csv
4303,0,0,0,Reader_3_6.csv
4303,0,0,0,Reader_3_7.csv
4304,2,2,0,Reader_1_1.csv
4304,0,0,0,Reader_1_10.csv
4304,1,1,0,Reader_1_11.csv
4304,1,0,1,Reader_1_12.csv
4304,0,0,0,Reader_1_2.csv
4304,1,0,1,Reader_1_3.csv
4304,2,2,0,Reader_1_4.csv
4304,0,0,0,Reader_1_5.csv
4304,0,0,0,Reader_1_6.csv
4304,0,0,0,Reader_1_7.csv
4304,2,1,1,Reader_1_8.csv
4304,0,0,0,Reader_1_9.csv
4304,1,1,0,Reader_2_1.csv
4304,0,0,0,Reader_2_10.csv
4304,0,0,0,Reader_2_11.csv
4304,0,0,0,Reader_2_12.csv
4304,1,1,0,Reader_2_2.csv
4304,0,0,0,Reader_2_3.csv
4304,0,0,0,Reader_2_4.csv
4304,0,0,0,Reader_2_5.csv
4304,0,0,0,Reader_2_6.csv
4304,0,0,0,Reader_2_7.csv
4304,0,0,0,Reader_2_8.csv
4304,5,5,0,Reader_2_9.csv
4304,2,1,1,reader_3_1.csv
4304,8,8,0,Reader_3_2.csv
4304,0,0,0,Reader_3_3.csv
4304,0,0,0,Reader_3_4.csv
4304,0,0,0,Reader_3_5.csv
4304,0,0,0,Reader_3_6.csv
4304,0,0,0,Reader_3_7.csv
4305,1,1,0,Reader_1_1.csv
4305,0,0,0,Reader_1_10.csv
4305,2,2,0,Reader_1_11.csv
4305,0,0,0,Reader_1_12.csv
4305,0,0,0,Reader_1_2.csv
4305,1,0,1,Reader_1_3.csv
4305,2,2,0,Reader_1_4.csv
4305,0,0,0,Reader_1_5.csv
4305,0,0,0,Reader_1_6.csv
4305,0,0,0,Reader_1_7.csv
4305,2,1,1,Reader_1_8.csv
4305,0,0,0,Reader_1_9.csv
4305,2,2,0,Reader_2_1.csv
4305,0,0,0,Reader_2_10.csv
4305,0,0,0,Reader_2_11.csv
4305,1,1,0,Reader_2_12.csv
4305,1,1,0,Reader_2_2.csv
4305,0,0,0,Reader_2_3.csv
4305,0,0,0,Reader_2_4.csv
4305,0,0,0,Reader_2_5.csv
4305,0,0,0,Reader_2_6.csv
4305,0,0,0,Reader_2_7.csv
4305,0,0,0,Reader_2_8.csv
4305,6,6,0,Reader_2_9.csv
4305,3,2,1,reader_3_1.csv
4305,8,8,0,Reader_3_2.csv
4305,0,0,0,Reader_3_3.csv
4305,0,0,0,Reader_3_4.csv
4305,0,0,0,Reader_3_5.csv
4305,0,0,0,Reader_3_6.csv
4305,0,0,0,Reader_3_7.csv
4306,1,1,0,Reader_1_1.csv
4306,0,0,0,Reader_1_10.csv
4306,2,2,0,Reader_1_11.csv
4306,0,0,0,Reader_1_12.csv
4306,0,0,0,Reader_1_2.csv
4306,1,0,1,Reader_1_3.csv
4306,3,3,0,Reader_1_4.csv
4306,0,0,0,Reader_1_5.csv
4306,0,0,0,Reader_1_6.csv
4306,0,0,0,Reader_1_7.csv
4306,2,1,1,Reader_1_8.csv
4306,1,1,0,Reader_1_9.csv
4306,3,3,0,Reader_2_1.csv
4306,0,0,0,Reader_2_10.csv
4306,0,0,0,Reader_2_11.csv
4306,1,1,0,Reader_2_12.csv
4306,1,1,0,Reader_2_2.csv
4306,0,0,0,Reader_2_3.csv
4306,0,0,0,Reader_2_4.csv
4306,0,0,0,Reader_2_5.csv
4306,0,0,0,Reader_2_6.csv
4306,0,0,0,Reader_2_7.csv
4306,0,0,0,Reader_2_8.csv
4306,5,5,0,Reader_2_9.csv
4306,3,3,0,reader_3_1.csv
4306,7,7,0,Reader_3_2.csv
4306,0,0,0,Reader_3_3.csv
4306,0,0,0,Reader_3_4.csv
4306,0,0,0,Reader_3_5.csv
4306,0,0,0,Reader_3_6.csv
4306,0,0,0,Reader_3_7.csv
4307,2,2,0,Reader_1_1.csv
4307,0,0,0,Reader_1_10.csv
4307,2,2,0,Reader_1_11.csv
4307,0,0,0,Reader_1_12.csv
4307,0,0,0,Reader_1_2.csv
4307,1,0,1,Reader_1_3.csv
4307,4,4,0,Reader_1_4.csv
4307,0,0,0,Reader_1_5.csv
4307,0,0,0,Reader_1_6.csv
4307,0,0,0,Reader_1_7.csv
4307,1,1,0,Reader_1_8.csv
4307,1,1,0,Reader_1_9.csv
4307,3,3,0,Reader_2_1.csv
4307,0,0,0,Reader_2_10.csv
4307,0,0,0,Reader_2_11.csv
4307,1,1,0,Reader_2_12.csv
4307,1,1,0,Reader_2_2.csv
4307,0,0,0,Reader_2_3.csv
4307,0,0,0,Reader_2_4.csv
4307,0,0,0,Reader_2_5.csv
4307,0,0,0,Reader_2_6.csv
4307,0,0,0,Reader_2_7.csv
4307,0,0,0,Reader_2_8.csv
4307,5,5,0,Reader_2_9.csv
4307,5,4,1,reader_3_1.csv
4307,8,8,0,Reader_3_2.csv
4307,0,0,0,Reader_3_3.csv
4307,0,0,0,Reader_3_4.csv
4307,0,0,0,Reader_3_5.csv
4307,0,0,0,Reader_3_6.csv
4307,0,0,0,Reader_3_7.csv
4308,2,2,0,Reader_1_1.csv
4308,0,0,0,Reader_1_10.csv
4308,2,2,0,Reader_1_11.csv
4308,0,0,0,Reader_1_12.csv
4308,0,0,0,Reader_1_2.csv
4308,2,1,1,Reader_1_3.csv
4308,3,3,0,Reader_1_4.csv
4308,0,0,0,Reader_1_5.csv
4308,0,0,0,Reader_1_6.csv
4308,0,0,0,Reader_1_7.csv
4308,1,1,0,Reader_1_8.csv
4308,1,1,0,Reader_1_9.csv
4308,3,3,0,Reader_2_1.csv
4308,0,0,0,Reader_2_10.csv
4308,0,0,0,Reader_2_11.csv
4308,1,1,0,Reader_2_12.csv
4308,1,1,0,Reader_2_2.csv
4308,0,0,0,Reader_2_3.csv
4308,0,0,0,Reader_2_4.csv
4308,0,0,0,Reader_2_5.csv
4308,0,0,0,Reader_2_6.csv
4308,0,0,0,Reader_2_7.csv
4308,0,0,0,Reader_2_8.csv
4308,5,5,0,Reader_2_9.csv
4308,5,4,1,reader_3_1.csv
4308,10,10,0,Reader_3_2.csv
4308,0,0,0,Reader_3_3.csv
4308,0,0,0,Reader_3_4.csv
4308,0,0,0,Reader_3_5.csv
4308,0,0,0,Reader_3_6.csv
4308,0,0,0,Reader_3_7.csv
4309,3,3,0,Reader_1_1.csv
4309,0,0,0,Reader_1_10.csv
4309,1,1,0,Reader_1_11.csv
4309,0,0,0,Reader_1_12.csv
4309,0,0,0,Reader_1_2.csv
4309,1,1,0,Reader_1_3.csv
4309,3,3,0,Reader_1_4.csv
4309,0,0,0,Reader_1_5.csv
4309,0,0,0,Reader_1_6.csv
4309,0,0,0,Reader_1_7.csv
4309,2,2,0,Reader_1_8.csv
4309,1,1,0,Reader_1_9.csv
4309,2,2,0,Reader_2_1.csv
4309,0,0,0,Reader_2_10.csv
4309,1,1,0,Reader_2_11.csv
4309,1,1,0,Reader_2_12.csv
4309,0,0,0,Reader_2_2.csv
4309,0,0,0,Reader_2_3.csv
4309,0,0,0,Reader_2_4.csv
4309,0,0,0,Reader_2_5.csv
4309,0,0,0,Reader_2_6.csv
4309,0,0,0,Reader_2_7.csv
4309,0,0,0,Reader_2_8.csv
4309,5,5,0,Reader_2_9.csv
4309,6,5,1,reader_3_1.csv
4309,8,8,0,Reader_3_2.csv
4309,0,0,0,Reader_3_3.csv
4309,0,0,0,Reader_3_4.csv
4309,0,0,0,Reader_3_5.csv
4309,0,0,0,Reader_3_6.csv
4309,0,0,0,Reader_3_7.csv
4310,5,4,1,Reader_1_1.csv
4310,0,0,0,Reader_1_10.csv
4310,1,1,0,Reader_1_11.csv
4310,0,0,0,Reader_1_12.csv
4310,0,0,0,Reader_1_2.csv
4310,1,1,0,Reader_1_3.csv
4310,4,4,0,Reader_1_4.csv
4310,0,0,0,Reader_1_5.csv
4310,0,0,0,Reader_1_6.csv
4310,0,0,0,Reader_1_7.csv
4310,1,1,0,Reader_1_8.csv
4310,1,1,0,Reader_1_9.csv
4310,2,2,0,Reader_2_1.csv
4310,0,0,0,Reader_2_10.csv
4310,1,1,0,Reader_2_11.csv
4310,2,2,0,Reader_2_12.csv
4310,0,0,0,Reader_2_2.csv
4310,0,0,0,Reader_2_3.csv
4310,0,0,0,Reader_2_4.csv
4310,0,0,0,Reader_2_5.csv
4310,0,0,0,Reader_2_6.csv
4310,0,0,0,Reader_2_7.csv
4310,0,0,0,Reader_2_8.csv
4310,4,4,0,Reader_2_9.csv
4310,5,4,1,reader_3_1.csv
4310,8,8,0,Reader_3_2.csv
4310,0,0,0,Reader_3_3.csv
4310,0,0,0,Reader_3_4.csv
4310,0,0,0,Reader_3_5.csv
4310,0,0,0,Reader_3_6.csv
4310,0,0,0,Reader_3_7.csv
4311,6,5,1,Reader_1_1.csv
4311,0,0,0,Reader_1_10.csv
4311,1,1,0,Reader_1_11.csv
4311,0,0,0,Reader_1_12.csv
4311,0,0,0,Reader_1_2.csv
4311,2,1,1,Reader_1_3.csv
4311,4,4,0,Reader_1_4.csv
4311,0,0,0,Reader_1_5.csv
4311,0,0,0,Reader_1_6.csv
4311,0,0,0,Reader_1_7.csv
4311,1,1,0,Reader_1_8.csv
4311,1,1,0,Reader_1_9.csv
4311,2,2,0,Reader_2_1.csv
4311,0,0,0,Reader_2_10.csv
4311,1,1,0,Reader_2_11.csv
4311,2,2,0,Reader_2_12.csv
4311,0,0,0,Reader_2_2.csv
4311,0,0,0,Reader_2_3.csv
4311,0,0,0,Reader_2_4.csv
4311,0,0,0,Reader_2_5.csv
4311,0,0,0,Reader_2_6.csv
4311,0,0,0,Reader_2_7.csv
4311,0,0,0,Reader_2_8.csv
4311,3,3,0,Reader_2_9.csv
4311,5,4,1,reader_3_1.csv
4311,6,6,0,Reader_3_2.csv
4311,0,0,0,Reader_3_3.csv
4311,0,0,0,Reader_3_4.csv
4311,0,0,0,Reader_3_5.csv
4311,0,0,0,Reader_3_6.csv
4311,0,0,0,Reader_3_7.csv
4312,6,5,1,Reader_1_1.csv
4312,0,0,0,Reader_1_10.csv
4312,1,1,0,Reader_1_11.csv
4312,0,0,0,Reader_1_12.csv
4312,0,0,0,Reader_1_2.csv
4312,2,1,1,Reader_1_3.csv
4312,4,4,0,Reader_1_4.csv
4312,0,0,0,Reader_1_5.csv
4312,0,0,0,Reader_1_6.csv
4312,0,0,0,Reader_1_7.csv
4312,1,1,0,Reader_1_8.csv
4312,1,1,0,Reader_1_9.csv
4312,2,2,0,Reader_2_1.csv
4312,0,0,0,Reader_2_10.csv
4312,1,1,0,Reader_2_11.csv
4312,2,2,0,Reader_2_12.csv
4312,0,0,0,Reader_2_2.csv
4312,0,0,0,Reader_2_3.csv
4312,0,0,0,Reader_2_4.csv
4312,0,0,0,Reader_2_5.csv
4312,0,0,0,Reader_2_6.csv
4312,0,0,0,Reader_2_7.csv
4312,0,0,0,Reader_2_8.csv
4312,2,2,0,Reader_2_9.csv
4312,5,4,1,reader_3_1.csv
4312,7,7,0,Reader_3_2.csv
4312,0,0,0,Reader_3_3.csv
4312,0,0,0,Reader_3_4.csv
4312,0,0,0,Reader_3_5.csv
4312,0,0,0,Reader_3_6.csv
4312,0,0,0,Reader_3_7.csv
4313,8,7,1,Reader_1_1.csv
4313,0,0,0,Reader_1_10.csv
4313,0,0,0,Reader_1_11.csv
4313,0,0,0,Reader_1_12.csv
4313,0,0,0,Reader_1_2.csv
4313,2,1,1,Reader_1_3.csv
4313,4,4,0,Reader_1_4.csv
4313,0,0,0,Reader_1_5.csv
4313,0,0,0,Reader_1_6.csv
4313,1,1,0,Reader_1_7.csv
4313,1,1,0,Reader_1_8.csv
4313,1,1,0,Reader_1_9.csv
4313,1,1,0,Reader_2_1.csv
4313,0,0,0,Reader_2_10.csv
4313,1,1,0,Reader_2_11.csv
4313,1,1,0,Reader_2_12.csv
4313,0,0,0,Reader_2_2.csv
4313,0,0,0,Reader_2_3.csv
4313,1,1,0,Reader_2_4.csv
4313,0,0,0,Reader_2_5.csv
4313,0,0,0,Reader_2_6.csv
4313,0,0,0,Reader_2_7.csv
4313,0,0,0,Reader_2_8.csv
4313,1,1,0,Reader_2_9.csv
4313,4,3,1,reader_3_1.csv
4313,7,7,0,Reader_3_2.csv
4313,0,0,0,Reader_3_3.csv
4313,0,0,0,Reader_3_4.csv
4313,0,0,0,Reader_3_5.csv
4313,0,0,0,Reader_3_6.csv
4313,0,0,0,Reader_3_7.csv
4314,8,7,1,Reader_1_1.csv
4314,0,0,0,Reader_1_10.csv
4314,0,0,0,Reader_1_11.csv
4314,0,0,0,Reader_1_12.csv
4314,0,0,0,Reader_1_2.csv
4314,4,3,1,Reader_1_3.csv
4314,5,5,0,Reader_1_4.csv
4314,0,0,0,Reader_1_5.csv
4314,0,0,0,Reader_1_6.csv
4314,1,1,0,Reader_1_7.csv
4314,1,1,0,Reader_1_8.csv
4314,0,0,0,Reader_1_9.csv
4314,0,0,0,Reader_2_1.csv
4314,0,0,0,Reader_2_10.csv
4314,1,1,0,Reader_2_11.csv
4314,1,1,0,Reader_2_12.csv
4314,0,0,0,Reader_2_2.csv
4314,0,0,0,Reader_2_3.csv
4314,1,1,0,Reader_2_4.csv
4314,0,0,0,Reader_2_5.csv
4314,0,0,0,Reader_2_6.csv
4314,0,0,0,Reader_2_7.csv
4314,0,0,0,Reader_2_8.csv
4314,1,1,0,Reader_2_9.csv
4314,3,2,1,reader_3_1.csv
4314,8,7,1,Reader_3_2.csv
4314,0,0,0,Reader_3_3.csv
4314,0,0,0,Reader_3_4.csv
4314,0,0,0,Reader_3_5.csv
4314,0,0,0,Reader_3_6.csv
4314,0,0,0,Reader_3_7.csv
4315,9,7,2,Reader_1_1.csv
4315,0,0,0,Reader_1_10.csv
4315,0,0,0,Reader_1_11.csv
4315,0,0,0,Reader_1_12.csv
4315,0,0,0,Reader_1_2.csv
4315,4,3,1,Reader_1_3.csv
4315,5,5,0,Reader_1_4.csv
4315,0,0,0,Reader_1_5.csv
4315,0,0,0,Reader_1_6.csv
4315,1,1,0,Reader_1_7.csv
4315,1,1,0,Reader_1_8.csv
4315,0,0,0,Reader_1_9.csv
4315,0,0,0,Reader_2_1.csv
4315,0,0,0,Reader_2_10.csv
4315,1,1,0,Reader_2_11.csv
4315,1,1,0,Reader_2_12.csv
4315,0,0,0,Reader_2_2.csv
4315,0,0,0,Reader_2_3.csv
4315,1,1,0,Reader_2_4.csv
4315,0,0,0,Reader_2_5.csv
4315,0,0,0,Reader_2_6.csv
4315,0,0,0,Reader_2_7.csv
4315,0,0,0,Reader_2_8.csv
4315,1,1,0,Reader_2_9.csv
4315,1,1,0,reader_3_1.csv
4315,6,5,1,Reader_3_2.csv
4315,0,0,0,Reader_3_3.csv
4315,0,0,0,Reader_3_4.csv
4315,0,0,0,Reader_3_5.csv
4315,0,0,0,Reader_3_6.csv
4315,0,0,0,Reader_3_7.csv
4316,10,8,2,Reader_1_1.csv
4316,0,0,0,Reader_1_10.csv
4316,0,0,0,Reader_1_11.csv
4316,0,0,0,Reader_1_12.csv
4316,0,0,0,Reader_1_2.csv
4316,3,2,1,Reader_1_3.csv
4316,6,6,0,Reader_1_4.csv
4316,0,0,0,Reader_1_5.csv
4316,0,0,0,Reader_1_6.csv
4316,2,2,0,Reader_1_7.csv
4316,1,1,0,Reader_1_8.csv
4316,0,0,0,Reader_1_9.csv
4316,0,0,0,Reader_2_1.csv
4316,0,0,0,Reader_2_10.csv
4316,1,1,0,Reader_2_11.csv
4316,1,1,0,Reader_2_12.csv
4316,0,0,0,Reader_2_2.csv
4316,1,0,1,Reader_2_3.csv
4316,1,1,0,Reader_2_4.csv
4316,0,0,0,Reader_2_5.csv
4316,0,0,0,Reader_2_6.csv
4316,0,0,0,Reader_2_7.csv
4316,0,0,0,Reader_2_8.csv
4316,1,1,0,Reader_2_9.csv
4316,1,1,0,reader_3_1.csv
4316,5,4,1,Reader_3_2.csv
4316,0,0,0,Reader_3_3.csv
4316,0,0,0,Reader_3_4.csv
4316,0,0,0,Reader_3_5.csv
4316,0,0,0,Reader_3_6.csv
4316,0,0,0,Reader_3_7.csv
4317,10,8,2,Reader_1_1.csv
4317,0,0,0,Reader_1_10.csv
4317,0,0,0,Reader_1_11.csv
4317,0,0,0,Reader_1_12.csv
4317,0,0,0,Reader_1_2.csv
4317,3,2,1,Reader_1_3.csv
4317,6,6,0,Reader_1_4.csv
4317,0,0,0,Reader_1_5.csv
4317,0,0,0,Reader_1_6.csv
4317,2,2,0,Reader_1_7.csv
4317,0,0,0,Reader_1_8.csv
4317,0,0,0,Reader_1_9.csv
4317,0,0,0,Reader_2_1.csv
4317,0,0,0,Reader_2_10.csv
4317,0,0,0,Reader_2_11.csv
4317,1,1,0,Reader_2_12.csv
4317,0,0,0,Reader_2_2.csv
4317,1,0,1,Reader_2_3.csv
4317,1,1,0,Reader_2_4.csv
4317,0,0,0,Reader_2_5.csv
4317,0,0,0,Reader_2_6.csv
4317,0,0,0,Reader_2_7.csv
4317,0,0,0,Reader_2_8.csv
4317,1,1,0,Reader_2_9.csv
4317,0,0,0,reader_3_1.csv
4317,4,3,1,Reader_3_2.csv
4317,0,0,0,Reader_3_3.csv
4317,0,0,0,Reader_3_4.csv
4317,0,0,0,Reader_3_5.csv
4317,0,0,0,Reader_3_6.csv
4317,0,0,0,Reader_3_7.csv
4318,8,7,1,Reader_1_1.csv
4318,0,0,0,Reader_1_10.csv
4318,0,0,0,Reader_1_11.csv
4318,0,0,0,Reader_1_12.csv
4318,0,0,0,Reader_1_2.csv
4318,3,2,1,Reader_1_3.csv
4318,7,7,0,Reader_1_4.csv
4318,0,0,0,Reader_1_5.csv
4318,0,0,0,Reader_1_6.csv
4318,2,2,0,Reader_1_7.csv
4318,0,0,0,Reader_1_8.csv
4318,0,0,0,Reader_1_9.csv
4318,0,0,0,Reader_2_1.csv
4318,0,0,0,Reader_2_10.csv
4318,0,0,0,Reader_2_11.csv
4318,0,0,0,Reader_2_12.csv
4318,0,0,0,Reader_2_2.csv
4318,1,0,1,Reader_2_3.csv
4318,1,1,0,Reader_2_4.csv
4318,0,0,0,Reader_2_5.csv
4318,0,0,0,Reader_2_6.csv
4318,1,1,0,Reader_2_7.csv
4318,0,0,0,Reader_2_8.csv
4318,1,1,0,Reader_2_9.csv
4318,1,1,0,reader_3_1.csv
4318,5,3,2,Reader_3_2.csv
4318,0,0,0,Reader_3_3.csv
4318,0,0,0,Reader_3_4.csv
4318,0,0,0,Reader_3_5.csv
4318,0,0,0,Reader_3_6.csv
4318,0,0,0,Reader_3_7.csv
4319,8,7,1,Reader_1_1.csv
4319,0,0,0,Reader_1_10.csv
4319,0,0,0,Reader_1_11.csv
4319,0,0,0,Reader_1_12.csv
4319,0,0,0,Reader_1_2.csv
4319,2,2,0,Reader_1_3.csv
4319,8,8,0,Reader_1_4.csv
4319,0,0,0,Reader_1_5.csv
4319,0,0,0,Reader_1_6.csv
4319,2,2,0,Reader_1_7.csv
4319,0,0,0,Reader_1_8.csv
4319,0,0,0,Reader_1_9.csv
4319,0,0,0,Reader_2_1.csv
4319,1,1,0,Reader_2_10.csv
4319,0,0,0,Reader_2_11.csv
4319,0,0,0,Reader_2_12.csv
4319,0,0,0,Reader_2_2.csv
4319,1,0,1,Reader_2_3.csv
4319,1,1,0,Reader_2_4.csv
4319,0,0,0,Reader_2_5.csv
4319,0,0,0,Reader_2_6.csv
4319,1,1,0,Reader_2_7.csv
4319,0,0,0,Reader_2_8.csv
4319,1,1,0,Reader_2_9.csv
4319,2,2,0,reader_3_1.csv
4319,5,3,2,Reader_3_2.csv
4319,0,0,0,Reader_3_3.csv
4319,0,0,0,Reader_3_4.csv
4319,0,0,0,Reader_3_5.csv
4319,0,0,0,Reader_3_6.csv
4319,0,0,0,Reader_3_7.csv
4320,8,7,1,Reader_1_1.csv
4320,0,0,0,Reader_1_10.csv
4320,1,1,0,Reader_1_11.csv
4320,0,0,0,Reader_1_12.csv
4320,0,0,0,Reader_1_2.csv
4320,2,2,0,Reader_1_3.csv
4320,8,8,0,Reader_1_4.csv
4320,0,0,0,Reader_1_5.csv
4320,0,0,0,Reader_1_6.csv
4320,2,2,0,Reader_1_7.csv
4320,0,0,0,Reader_1_8.csv
4320,0,0,0,Reader_1_9.csv
4320,0,0,0,Reader_2_1.csv
4320,1,1,0,Reader_2_10.csv
4320,0,0,0,Reader_2_11.csv
4320,0,0,0,Reader_2_12.csv
4320,0,0,0,Reader_2_2.csv
4320,1,0,1,Reader_2_3.csv
4320,1,1,0,Reader_2_4.csv
4320,0,0,0,Reader_2_5.csv
4320,0,0,0,Reader_2_6.csv
4320,1,1,0,Reader_2_7.csv
4320,0,0,0,Reader_2_8.csv
4320,1,1,0,Reader_2_9.csv
4320,2,2,0,reader_3_1.csv
4320,4,2,2,Reader_3_2.csv
4320,0,0,0,Reader_3_3.csv
4320,0,0,0,Reader_3_4.csv
4320,0,0,0,Reader_3_5.csv
4320,0,0,0,Reader_3_6.csv
4320,0,0,0,Reader_3_7.csv
4321,8,7,1,Reader_1_1.csv
4321,0,0,0,Reader_1_10.csv
4321,1,1,0,Reader_1_11.csv
4321,0,0,0,Reader_1_12.csv
4321,0,0,0,Reader_1_2.csv
4321,2,2,0,Reader_1_3.csv
4321,10,10,0,Reader_1_4.csv
4321,0,0,0,Reader_1_5.csv
4321,0,0,0,Reader_1_6.csv
4321,1,1,0,Reader_1_7.csv
4321,1,1,0,Reader_1_8.csv
4321,0,0,0,Reader_1_9.csv
4321,0,0,0,Reader_2_1.csv
4321,1,1,0,Reader_2_10.csv
4321,0,0,0,Reader_2_11.csv
4321,0,0,0,Reader_2_12.csv
4321,0,0,0,Reader_2_2.csv
4321,1,0,1,Reader_2_3.csv
4321,0,0,0,Reader_2_4.csv
4321,0,0,0,Reader_2_5.csv
4321,0,0,0,Reader_2_6.csv
4321,1,1,0,Reader_2_7.csv
4321,0,0,0,Reader_2_8.csv
4321,0,0,0,Reader_2_9.csv
4321,2,2,0,reader_3_1.csv
4321,3,1,2,Reader_3_2.csv
4321,0,0,0,Reader_3_3.csv
4321,0,0,0,Reader_3_4.csv
4321,0,0,0,Reader_3_5.csv
4321,0,0,0,Reader_3_6.csv
4321,0,0,0,Reader_3_7.csv
4322,9,8,1,Reader_1_1.csv
4322,0,0,0,Reader_1_10.csv
4322,1,1,0,Reader_1_11.csv
4322,0,0,0,Reader_1_12.csv
4322,0,0,0,Reader_1_2.csv
4322,0,0,0,Reader_1_3.csv
4322,11,11,0,Reader_1_4.csv
4322,0,0,0,Reader_1_5.csv
4322,0,0,0,Reader_1_6.csv
4322,1,1,0,Reader_1_7.csv
4322,1,1,0,Reader_1_8.csv
4322,0,0,0,Reader_1_9.csv
4322,2,2,0,Reader_2_1.csv
4322,1,1,0,Reader_2_10.csv
4322,0,0,0,Reader_2_11.csv
4322,0,0,0,Reader_2_12.csv
4322,0,0,0,Reader_2_2.csv
4322,1,0,1,Reader_2_3.csv
4322,0,0,0,Reader_2_4.csv
4322,0,0,0,Reader_2_5.csv
4322,0,0,0,Reader_2_6.csv
4322,1,1,0,Reader_2_7.csv
4322,0,0,0,Reader_2_8.csv
4322,0,0,0,Reader_2_9.csv
4322,2,2,0,reader_3_1.csv
4322,2,1,1,Reader_3_2.csv
4322,0,0,0,Reader_3_3.csv
4322,0,0,0,Reader_3_4.csv
4322,0,0,0,Reader_3_5.csv
4322,0,0,0,Reader_3_6.csv
4322,0,0,0,Reader_3_7.csv
4323,7,7,0,Reader_1_1.csv
4323,0,0,0,Reader_1_10.csv
4323,1,1,0,Reader_1_11.csv
4323,1,1,0,Reader_1_12.csv
4323,0,0,0,Reader_1_2.csv
4323,1,0,1,Reader_1_3.csv
4323,10,10,0,Reader_1_4.csv
4323,0,0,0,Reader_1_5.csv
4323,0,0,0,Reader_1_6.csv
4323,1,1,0,Reader_1_7.csv
4323,1,1,0,Reader_1_8.csv
4323,0,0,0,Reader_1_9.csv
4323,3,3,0,Reader_2_1.csv
4323,1,1,0,Reader_2_10.csv
4323,0,0,0,Reader_2_11.csv
4323,0,0,0,Reader_2_12.csv
4323,0,0,0,Reader_2_2.csv
4323,1,0,1,Reader_2_3.csv
4323,0,0,0,Reader_2_4.csv
4323,0,0,0,Reader_2_5.csv
4323,0,0,0,Reader_2_6.csv
4323,1,1,0,Reader_2_7.csv
4323,0,0,0,Reader_2_8.csv
4323,0,0,0,Reader_2_9.csv
4323,2,2,0,reader_3_1.csv
4323,2,1,1,Reader_3_2.csv
4323,0,0,0,Reader_3_3.csv
4323,0,0,0,Reader_3_4.csv
4323,0,0,0,Reader_3_5.csv
4323,0,0,0,Reader_3_6.csv
4323,0,0,0,Reader_3_7.csv
4324,8,8,0,Reader_1_1.csv
4324,0,0,0,Reader_1_10.csv
4324,1,1,0,Reader_1_11.csv
4324,1,1,0,Reader_1_12.csv
4324,0,0,0,Reader_1_2.csv
4324,1,0,1,Reader_1_3.csv
4324,9,9,0,Reader_1_4.csv
4324,0,0,0,Reader_1_5.csv
4324,0,0,0,Reader_1_6.csv
4324,0,0,0,Reader_1_7.csv
4324,1,1,0,Reader_1_8.csv
4324,0,0,0,Reader_1_9.csv
4324,3,3,0,Reader_2_1.csv
4324,1,1,0,Reader_2_10.csv
4324,0,0,0,Reader_2_11.csv
4324,0,0,0,Reader_2_12.csv
4324,0,0,0,Reader_2_2.csv
4324,0,0,0,Reader_2_3.csv
4324,0,0,0,Reader_2_4.csv
4324,0,0,0,Reader_2_5.csv
4324,0,0,0,Reader_2_6.csv
4324,1,1,0,Reader_2_7.csv
4324,0,0,0,Reader_2_8.csv
4324,0,0,0,Reader_2_9.csv
4324,2,2,0,reader_3_1.csv
4324,2,1,1,Reader_3_2.csv
4324,0,0,0,Reader_3_3.csv
4324,0,0,0,Reader_3_4.csv
4324,0,0,0,Reader_3_5.csv
4324,0,0,0,Reader_3_6.csv
4324,0,0,0,Reader_3_7.csv
4325,8,7,1,Reader_1_1.csv
4325,0,0,0,Reader_1_10.csv
4325,1,1,0,Reader_1_11.csv
4325,1,1,0,Reader_1_12.csv
4325,0,0,0,Reader_1_2.csv
4325,1,0,1,Reader_1_3.csv
4325,9,9,0,Reader_1_4.csv
4325,0,0,0,Reader_1_5.csv
4325,0,0,0,Reader_1_6.csv
4325,0,0,0,Reader_1_7.csv
4325,1,1,0,Reader_1_8.csv
4325,0,0,0,Reader_1_9.csv
4325,3,3,0,Reader_2_1.csv
4325,1,1,0,Reader_2_10.csv
4325,0,0,0,Reader_2_11.csv
4325,0,0,0,Reader_2_12.csv
4325,0,0,0,Reader_2_2.csv
4325,0,0,0,Reader_2_3.csv
4325,0,0,0,Reader_2_4.csv
4325,0,0,0,Reader_2_5.csv
4325,0,0,0,Reader_2_6.csv
4325,1,1,0,Reader_2_7.csv
4325,0,0,0,Reader_2_8.csv
4325,1,0,1,Reader_2_9.csv
4325,4,4,0,reader_3_1.csv
4325,2,1,1,Reader_3_2.csv
4325,0,0,0,Reader_3_3.csv
4325,0,0,0,Reader_3_4.csv
4325,0,0,0,Reader_3_5.csv
4325,0,0,0,Reader_3_6.csv
4325,0,0,0,Reader_3_7.csv
4326,8,7,1,Reader_1_1.csv
4326,0,0,0,Reader_1_10.csv
4326,1,1,0,Reader_1_11.csv
4326,1,1,0,Reader_1_12.csv
4326,0,0,0,Reader_1_2.csv
4326,1,0,1,Reader_1_3.csv
4326,7,7,0,Reader_1_4.csv
4326,0,0,0,Reader_1_5.csv
4326,0,0,0,Reader_1_6.csv
4326,0,0,0,Reader_1_7.csv
4326,1,1,0,Reader_1_8.csv
4326,0,0,0,Reader_1_9.csv
4326,3,3,0,Reader_2_1.csv
4326,1,1,0,Reader_2_10.csv
4326,0,0,0,Reader_2_11.csv
4326,0,0,0,Reader_2_12.csv
4326,0,0,0,Reader_2_2.csv
4326,0,0,0,Reader_2_3.csv
4326,0,0,0,Reader_2_4.csv
4326,0,0,0,Reader_2_5.csv
4326,0,0,0,Reader_2_6.csv
4326,0,0,0,Reader_2_7.csv
4326,0,0,0,Reader_2_8.csv
4326,1,0,1,Reader_2_9.csv
4326,4,4,0,reader_3_1.csv
4326,2,2,0,Reader_3_2.csv
4326,0,0,0,Reader_3_3.csv
4326,0,0,0,Reader_3_4.csv
4326,0,0,0,Reader_3_5.csv
4326,0,0,0,Reader_3_6.csv
4326,0,0,0,Reader_3_7.csv
4327,8,6,2,Reader_1_1.csv
4327,0,0,0,Reader_1_10.csv
4327,1,1,0,Reader_1_11.csv
4327,1,1,0,Reader_1_12.csv
4327,0,0,0,Reader_1_2.csv
4327,1,0,1,Reader_1_3.csv
4327,7,7,0,Reader_1_4.csv
4327,0,0,0,Reader_1_5.csv
4327,0,0,0,Reader_1_6.csv
4327,0,0,0,Reader_1_7.csv
4327,1,1,0,Reader_1_8.csv
4327,0,0,0,Reader_1_9.csv
4327,3,3,0,Reader_2_1.csv
4327,0,0,0,Reader_2_10.csv
4327,0,0,0,Reader_2_11.csv
4327,0,0,0,Reader_2_12.csv
4327,0,0,0,Reader_2_2.csv
4327,0,0,0,Reader_2_3.csv
4327,0,0,0,Reader_2_4.csv
4327,0,0,0,Reader_2_5.csv
4327,0,0,0,Reader_2_6.csv
4327,0,0,0,Reader_2_7.csv
4327,0,0,0,Reader_2_8.csv
4327,1,0,1,Reader_2_9.csv
4327,3,3,0,reader_3_1.csv
4327,2,2,0,Reader_3_2.csv
4327,0,0,0,Reader_3_3.csv
4327,0,0,0,Reader_3_4.csv
4327,0,0,0,Reader_3_5.csv
4327,0,0,0,Reader_3_6.csv
4327,0,0,0,Reader_3_7.csv
4328,7,5,2,Reader_1_1.csv
4328,0,0,0,Reader_1_10.csv
4328,0,0,0,Reader_1_11.csv
4328,1,1,0,Reader_1_12.csv
4328,0,0,0,Reader_1_2.csv
4328,1,0,1,Reader_1_3.csv
4328,6,6,0,Reader_1_4.csv
4328,0,0,0,Reader_1_5.csv
4328,0,0,0,Reader_1_6.csv
4328,0,0,0,Reader_1_7.csv
4328,1,1,0,Reader_1_8.csv
4328,0,0,0,Reader_1_9.csv
4328,3,3,0,Reader_2_1.csv
4328,0,0,0,Reader_2_10.csv
4328,0,0,0,Reader_2_11.csv
4328,0,0,0,Reader_2_12.csv
4328,0,0,0,Reader_2_2.csv
4328,0,0,0,Reader_2_3.csv
4328,0,0,0,Reader_2_4.csv
4328,0,0,0,Reader_2_5.csv
4328,0,0,0,Reader_2_6.csv
4328,0,0,0,Reader_2_7.csv
4328,0,0,0,Reader_2_8.csv
4328,1,0,1,Reader_2_9.csv
4328,3,3,0,reader_3_1.csv
4328,3,3,0,Reader_3_2.csv
4328,0,0,0,Reader_3_3.csv
4328,0,0,0,Reader_3_4.csv
4328,0,0,0,Reader_3_5.csv
4328,0,0,0,Reader_3_6.csv
4328,0,0,0,Reader_3_7.csv
4329,6,4,2,Reader_1_1.csv
4329,0,0,0,Reader_1_10.csv
4329,0,0,0,Reader_1_11.csv
4329,1,1,0,Reader_1_12.csv
4329,0,0,0,Reader_1_2.csv
4329,1,0,1,Reader_1_3.csv
4329,4,4,0,Reader_1_4.csv
4329,0,0,0,Reader_1_5.csv
4329,0,0,0,Reader_1_6.csv
4329,0,0,0,Reader_1_7.csv
4329,1,1,0,Reader_1_8.csv
4329,0,0,0,Reader_1_9.csv
4329,3,3,0,Reader_2_1.csv
4329,0,0,0,Reader_2_10.csv
4329,0,0,0,Reader_2_11.csv
4329,0,0,0,Reader_2_12.csv
4329,0,0,0,Reader_2_2.csv
4329,0,0,0,Reader_2_3.csv
4329,0,0,0,Reader_2_4.csv
4329,0,0,0,Reader_2_5.csv
4329,0,0,0,Reader_2_6.csv
4329,0,0,0,Reader_2_7.csv
4329,0,0,0,Reader_2_8.csv
4329,2,1,1,Reader_2_9.csv
4329,3,3,0,reader_3_1.csv
4329,3,3,0,Reader_3_2.csv
4329,0,0,0,Reader_3_3.csv
4329,0,0,0,Reader_3_4.csv
4329,0,0,0,Reader_3_5.csv
4329,0,0,0,Reader_3_6.csv
4329,0,0,0,Reader_3_7.csv
4330,5,3,2,Reader_1_1.csv
4330,0,0,0,Reader_1_10.csv
4330,0,0,0,Reader_1_11.csv
4330,1,1,0,Reader_1_12.csv
4330,0,0,0,Reader_1_2.csv
4330,1,0,1,Reader_1_3.csv
4330,1,1,0,Reader_1_4.csv
4330,0,0,0,Reader_1_5.csv
4330,0,0,0,Reader_1_6.csv
4330,0,0,0,Reader_1_7.csv
4330,1,1,0,Reader_1_8.csv
4330,0,0,0,Reader_1_9.csv
4330,1,1,0,Reader_2_1.csv
4330,0,0,0,Reader_2_10.csv
4330,0,0,0,Reader_2_11.csv
4330,0,0,0,Reader_2_12.csv
4330,0,0,0,Reader_2_2.csv
4330,0,0,0,Reader_2_3.csv
4330,0,0,0,Reader_2_4.csv
4330,0,0,0,Reader_2_5.csv
4330,0,0,0,Reader_2_6.csv
4330,0,0,0,Reader_2_7.csv
4330,0,0,0,Reader_2_8.csv
4330,2,1,1,Reader_2_9.csv
4330,3,3,0,reader_3_1.csv
4330,5,5,0,Reader_3_2.csv
4330,0,0,0,Reader_3_3.csv
4330,0,0,0,Reader_3_4.csv
4330,0,0,0,Reader_3_5.csv
4330,0,0,0,Reader_3_6.csv
4330,0,0,0,Reader_3_7.csv
4331,5,3,2,Reader_1_1.csv
4331,0,0,0,Reader_1_10.csv
4331,0,0,0,Reader_1_11.csv
4331,0,0,0,Reader_1_12.csv
4331,0,0,0,Reader_1_2.csv
4331,1,1,0,Reader_1_3.csv
4331,1,1,0,Reader_1_4.csv
4331,0,0,0,Reader_1_5.csv
4331,0,0,0,Reader_1_6.csv
4331,0,0,0,Reader_1_7.csv
4331,1,1,0,Reader_1_8.csv
4331,0,0,0,Reader_1_9.csv
4331,0,0,0,Reader_2_1.csv
4331,0,0,0,Reader_2_10.csv
4331,0,0,0,Reader_2_11.csv
4331,0,0,0,Reader_2_12.csv
4331,0,0,0,Reader_2_2.csv
4331,0,0,0,Reader_2_3.csv
4331,0,0,0,Reader_2_4.csv
4331,0,0,0,Reader_2_5.csv
4331,0,0,0,Reader_2_6.csv
4331,0,0,0,Reader_2_7.csv
4331,0,0,0,Reader_2_8.csv
4331,2,1,1,Reader_2_9.csv
4331,3,3,0,reader_3_1.csv
4331,5,5,0,Reader_3_2.csv
4331,0,0,0,Reader_3_3.csv
4331,0,0,0,Reader_3_4.csv
4331,0,0,0,Reader_3_5.csv
4331,0,0,0,Reader_3_6.csv
4331,0,0,0,Reader_3_7.csv
4332,3,1,2,Reader_1_1.csv
4332,0,0,0,Reader_1_10.csv
4332,0,0,0,Reader_1_11.csv
4332,0,0,0,Reader_1_12.csv
4332,0,0,0,Reader_1_2.csv
4332,1,1,0,Reader_1_3.csv
4332,1,1,0,Reader_1_4.csv
4332,0,0,0,Reader_1_5.csv
4332,0,0,0,Reader_1_6.csv
4332,0,0,0,Reader_1_7.csv
4332,1,1,0,Reader_1_8.csv
4332,1,1,0,Reader_1_9.csv
4332,0,0,0,Reader_2_1.csv
4332,0,0,0,Reader_2_10.csv
4332,0,0,0,Reader_2_11.csv
4332,0,0,0,Reader_2_12.csv
4332,0,0,0,Reader_2_2.csv
4332,0,0,0,Reader_2_3.csv
4332,0,0,0,Reader_2_4.csv
4332,0,0,0,Reader_2_5.csv
4332,0,0,0,Reader_2_6.csv
4332,1,1,0,Reader_2_7.csv
4332,0,0,0,Reader_2_8.csv
4332,3,2,1,Reader_2_9.csv
4332,4,4,0,reader_3_1.csv
4332,4,4,0,Reader_3_2.csv
4332,0,0,0,Reader_3_3.csv
4332,0,0,0,Reader_3_4.csv
4332,0,0,0,Reader_3_5.csv
4332,0,0,0,Reader_3_6.csv
4332,0,0,0,Reader_3_7.csv
4333,2,1,1,Reader_1_1.csv
4333,0,0,0,Reader_1_10.csv
4333,0,0,0,Reader_1_11.csv
4333,0,0,0,Reader_1_12.csv
4333,0,0,0,Reader_1_2.csv
4333,1,1,0,Reader_1_3.csv
4333,1,1,0,Reader_1_4.csv
4333,0,0,0,Reader_1_5.csv
4333,0,0,0,Reader_1_6.csv
4333,0,0,0,Reader_1_7.csv
4333,1,1,0,Reader_1_8.csv
4333,1,1,0,Reader_1_9.csv
4333,0,0,0,Reader_2_1.csv
4333,0,0,0,Reader_2_10.csv
4333,0,0,0,Reader_2_11.csv
4333,0,0,0,Reader_2_12.csv
4333,0,0,0,Reader_2_2.csv
4333,0,0,0,Reader_2_3.csv
4333,0,0,0,Reader_2_4.csv
4333,0,0,0,Reader_2_5.csv
4333,0,0,0,Reader_2_6.csv
4333,1,1,0,Reader_2_7.csv
4333,0,0,0,Reader_2_8.csv
4333,2,2,0,Reader_2_9.csv
4333,3,3,0,reader_3_1.csv
4333,4,4,0,Reader_3_2.csv
4333,0,0,0,Reader_3_3.csv
4333,0,0,0,Reader_3_4.csv
4333,0,0,0,Reader_3_5.csv
4333,0,0,0,Reader_3_6.csv
4333,0,0,0,Reader_3_7.csv
4334,2,1,1,Reader_1_1.csv
4334,0,0,0,Reader_1_10.csv
4334,0,0,0,Reader_1_11.csv
4334,0,0,0,Reader_1_12.csv
4334,0,0,0,Reader_1_2.csv
4334,1,1,0,Reader_1_3.csv
4334,1,1,0,Reader_1_4.csv
4334,0,0,0,Reader_1_5.csv
4334,0,0,0,Reader_1_6.csv
4334,0,0,0,Reader_1_7.csv
4334,1,1,0,Reader_1_8.csv
4334,2,2,0,Reader_1_9.csv
4334,0,0,0,Reader_2_1.csv
4334,0,0,0,Reader_2_10.csv
4334,0,0,0,Reader_2_11.csv
4334,0,0,0,Reader_2_12.csv
4334,0,0,0,Reader_2_2.csv
4334,0,0,0,Reader_2_3.csv
4334,0,0,0,Reader_2_4.csv
4334,0,0,0,Reader_2_5.csv
4334,0,0,0,Reader_2_6.csv
4334,2,1,1,Reader_2_7.csv
4334,0,0,0,Reader_2_8.csv
4334,2,2,0,Reader_2_9.csv
4334,4,4,0,reader_3_1.csv
4334,3,3,0,Reader_3_2.csv
4334,0,0,0,Reader_3_3.csv
4334,0,0,0,Reader_3_4.csv
4334,0,0,0,Reader_3_5.csv
4334,0,0,0,Reader_3_6.csv
4334,0,0,0,Reader_3_7.csv
4335,1,1,0,Reader_1_1.csv
4335,0,0,0,Reader_1_10.csv
4335,0,0,0,Reader_1_11.csv
4335,1,1,0,Reader_1_12.csv
4335,0,0,0,Reader_1_2.csv
4335,1,1,0,Reader_1_3.csv
4335,0,0,0,Reader_1_4.csv
4335,0,0,0,Reader_1_5.csv
4335,0,0,0,Reader_1_6.csv
4335,0,0,0,Reader_1_7.csv
4335,1,1,0,Reader_1_8.csv
4335,2,2,0,Reader_1_9.csv
4335,0,0,0,Reader_2_1.csv
4335,0,0,0,Reader_2_10.csv
4335,0,0,0,Reader_2_11.csv
4335,0,0,0,Reader_2_12.csv
4335,0,0,0,Reader_2_2.csv
4335,0,0,0,Reader_2_3.csv
4335,0,0,0,Reader_2_4.csv
4335,0,0,0,Reader_2_5.csv
4335,0,0,0,Reader_2_6.csv
4335,2,1,1,Reader_2_7.csv
4335,0,0,0,Reader_2_8.csv
4335,2,2,0,Reader_2_9.csv
4335,6,5,1,reader_3_1.csv
4335,3,3,0,Reader_3_2.csv
4335,0,0,0,Reader_3_3.csv
4335,0,0,0,Reader_3_4.csv
4335,0,0,0,Reader_3_5.csv
4335,0,0,0,Reader_3_6.csv
4335,0,0,0,Reader_3_7.csv
4336,2,2,0,Reader_1_1.csv
4336,1,0,1,Reader_1_10.csv
4336,0,0,0,Reader_1_11.csv
4336,1,1,0,Reader_1_12.csv
4336,0,0,0,Reader_1_2.csv
4336,1,1,0,Reader_1_3.csv
4336,0,0,0,Reader_1_4.csv
4336,0,0,0,Reader_1_5.csv
4336,0,0,0,Reader_1_6.csv
4336,0,0,0,Reader_1_7.csv
4336,1,1,0,Reader_1_8.csv
4336,2,2,0,Reader_1_9.csv
4336,0,0,0,Reader_2_1.csv
4336,0,0,0,Reader_2_10.csv
4336,0,0,0,Reader_2_11.csv
4336,0,0,0,Reader_2_12.csv
4336,0,0,0,Reader_2_2.csv
4336,0,0,0,Reader_2_3.csv
4336,0,0,0,Reader_2_4.csv
4336,0,0,0,Reader_2_5.csv
4336,0,0,0,Reader_2_6.csv
4336,2,1,1,Reader_2_7.csv
4336,0,0,0,Reader_2_8.csv
4336,3,3,0,Reader_2_9.csv
4336,6,5,1,reader_3_1.csv
4336,3,2,1,Reader_3_2.csv
4336,0,0,0,Reader_3_3.csv
4336,0,0,0,Reader_3_4.csv
4336,0,0,0,Reader_3_5.csv
4336,0,0,0,Reader_3_6.csv
4336,0,0,0,Reader_3_7.csv
4337,2,1,1,Reader_1_1.csv
4337,1,0,1,Reader_1_10.csv
4337,0,0,0,Reader_1_11.csv
4337,1,1,0,Reader_1_12.csv
4337,0,0,0,Reader_1_2.csv
4337,2,2,0,Reader_1_3.csv
4337,0,0,0,Reader_1_4.csv
4337,0,0,0,Reader_1_5.csv
4337,0,0,0,Reader_1_6.csv
4337,0,0,0,Reader_1_7.csv
4337,0,0,0,Reader_1_8.csv
4337,2,2,0,Reader_1_9.csv
4337,0,0,0,Reader_2_1.csv
4337,0,0,0,Reader_2_10.csv
4337,0,0,0,Reader_2_11.csv
4337,0,0,0,Reader_2_12.csv
4337,0,0,0,Reader_2_2.csv
4337,0,0,0,Reader_2_3.csv
4337,0,0,0,Reader_2_4.csv
4337,0,0,0,Reader_2_5.csv
4337,0,0,0,Reader_2_6.csv
4337,2,1,1,Reader_2_7.csv
4337,0,0,0,Reader_2_8.csv
4337,2,2,0,Reader_2_9.csv
4337,6,5,1,reader_3_1.csv
4337,3,2,1,Reader_3_2.csv
4337,0,0,0,Reader_3_3.csv
4337,0,0,0,Reader_3_4.csv
4337,0,0,0,Reader_3_5.csv
4337,0,0,0,Reader_3_6.csv
4337,0,0,0,Reader_3_7.csv
4338,2,1,1,Reader_1_1.csv
4338,1,0,1,Reader_1_10.csv
4338,0,0,0,Reader_1_11.csv
4338,1,1,0,Reader_1_12.csv
4338,0,0,0,Reader_1_2.csv
4338,2,2,0,Reader_1_3.csv
4338,0,0,0,Reader_1_4.csv
4338,0,0,0,Reader_1_5.csv
4338,0,0,0,Reader_1_6.csv
4338,0,0,0,Reader_1_7.csv
4338,0,0,0,Reader_1_8.csv
4338,2,2,0,Reader_1_9.csv
4338,0,0,0,Reader_2_1.csv
4338,0,0,0,Reader_2_10.csv
4338,0,0,0,Reader_2_11.csv
4338,0,0,0,Reader_2_12.csv
4338,0,0,0,Reader_2_2.csv
4338,0,0,0,Reader_2_3.csv
4338,0,0,0,Reader_2_4.csv
4338,0,0,0,Reader_2_5.csv
4338,0,0,0,Reader_2_6.csv
4338,2,1,1,Reader_2_7.csv
4338,0,0,0,Reader_2_8.csv
4338,2,2,0,Reader_2_9.csv
4338,7,6,1,reader_3_1.csv
4338,1,0,1,Reader_3_2.csv
4338,0,0,0,Reader_3_3.csv
4338,0,0,0,Reader_3_4.csv
4338,0,0,0,Reader_3_5.csv
4338,0,0,0,Reader_3_6.csv
4338,0,0,0,Reader_3_7.csv
4339,3,2,1,Reader_1_1.csv
4339,1,0,1,Reader_1_10.csv
4339,0,0,0,Reader_1_11.csv
4339,2,2,0,Reader_1_12.csv
4339,0,0,0,Reader_1_2.csv
4339,2,2,0,Reader_1_3.csv
4339,0,0,0,Reader_1_4.csv
4339,0,0,0,Reader_1_5.csv
4339,0,0,0,Reader_1_6.csv
4339,0,0,0,Reader_1_7.csv
4339,0,0,0,Reader_1_8.csv
4339,2,2,0,Reader_1_9.csv
4339,0,0,0,Reader_2_1.csv
4339,0,0,0,Reader_2_10.csv
4339,0,0,0,Reader_2_11.csv
4339,0,0,0,Reader_2_12.csv
4339,0,0,0,Reader_2_2.csv
4339,0,0,0,Reader_2_3.csv
4339,0,0,0,Reader_2_4.csv
4339,0,0,0,Reader_2_5.csv
4339,0,0,0,Reader_2_6.csv
4339,2,1,1,Reader_2_7.csv
4339,0,0,0,Reader_2_8.csv
4339,2,2,0,Reader_2_9.csv
4339,7,6,1,reader_3_1.csv
4339,1,0,1,Reader_3_2.csv
4339,0,0,0,Reader_3_3.csv
4339,0,0,0,Reader_3_4.csv
4339,0,0,0,Reader_3_5.csv
4339,0,0,0,Reader_3_6.csv
4339,0,0,0,Reader_3_7.csv
4340,4,3,1,Reader_1_1.csv
4340,1,0,1,Reader_1_10.csv
4340,0,0,0,Reader_1_11.csv
4340,2,2,0,Reader_1_12.csv
4340,0,0,0,Reader_1_2.csv
4340,2,2,0,Reader_1_3.csv
4340,0,0,0,Reader_1_4.csv
4340,0,0,0,Reader_1_5.csv
4340,0,0,0,Reader_1_6.csv
4340,0,0,0,Reader_1_7.csv
4340,0,0,0,Reader_1_8.csv
4340,1,1,0,Reader_1_9.csv
4340,0,0,0,Reader_2_1.csv
4340,0,0,0,Reader_2_10.csv
4340,1,1,0,Reader_2_11.csv
4340,0,0,0,Reader_2_12.csv
4340,0,0,0,Reader_2_2.csv
4340,0,0,0,Reader_2_3.csv
4340,0,0,0,Reader_2_4.csv
4340,0,0,0,Reader_2_5.csv
4340,0,0,0,Reader_2_6.csv
4340,2,1,1,Reader_2_7.csv
4340,0,0,0,Reader_2_8.csv
4340,1,1,0,Reader_2_9.csv
4340,7,6,1,reader_3_1.csv
4340,1,0,1,Reader_3_2.csv
4340,0,0,0,Reader_3_3.csv
4340,0,0,0,Reader_3_4.csv
4340,0,0,0,Reader_3_5.csv
4340,0,0,0,Reader_3_6.csv
4340,0,0,0,Reader_3_7.csv
4341,4,3,1,Reader_1_1.csv
4341,1,0,1,Reader_1_10.csv
4341,0,0,0,Reader_1_11.csv
4341,2,2,0,Reader_1_12.csv
4341,0,0,0,Reader_1_2.csv
4341,2,2,0,Reader_1_3.csv
4341,0,0,0,Reader_1_4.csv
4341,0,0,0,Reader_1_5.csv
4341,0,0,0,Reader_1_6.csv
4341,0,0,0,Reader_1_7.csv
4341,0,0,0,Reader_1_8.csv
4341,1,1,0,Reader_1_9.csv
4341,0,0,0,Reader_2_1.csv
4341,0,0,0,Reader_2_10.csv
4341,1,1,0,Reader_2_11.csv
4341,0,0,0,Reader_2_12.csv
4341,0,0,0,Reader_2_2.csv
4341,0,0,0,Reader_2_3.csv
4341,0,0,0,Reader_2_4.csv
4341,0,0,0,Reader_2_5.csv
4341,0,0,0,Reader_2_6.csv
4341,2,1,1,Reader_2_7.csv
4341,0,0,0,Reader_2_8.csv
4341,2,2,0,Reader_2_9.csv
4341,8,6,2,reader_3_1.csv
4341,1,0,1,Reader_3_2.csv
4341,0,0,0,Reader_3_3.csv
4341,0,0,0,Reader_3_4.csv
4341,0,0,0,Reader_3_5.csv
4341,0,0,0,Reader_3_6.csv
4341,0,0,0,Reader_3_7.csv
4342,4,3,1,Reader_1_1.csv
4342,1,0,1,Reader_1_10.csv
4342,0,0,0,Reader_1_11.csv
4342,2,2,0,Reader_1_12.csv
4342,0,0,0,Reader_1_2.csv
4342,2,2,0,Reader_1_3.csv
4342,0,0,0,Reader_1_4.csv
4342,0,0,0,Reader_1_5.csv
4342,0,0,0,Reader_1_6.csv
4342,0,0,0,Reader_1_7.csv
4342,0,0,0,Reader_1_8.csv
4342,0,0,0,Reader_1_9.csv
4342,0,0,0,Reader_2_1.csv
4342,0,0,0,Reader_2_10.csv
4342,1,1,0,Reader_2_11.csv
4342,0,0,0,Reader_2_12.csv
4342,0,0,0,Reader_2_2.csv
4342,0,0,0,Reader_2_3.csv
4342,0,0,0,Reader_2_4.csv
4342,0,0,0,Reader_2_5.csv
4342,0,0,0,Reader_2_6.csv
4342,1,1,0,Reader_2_7.csv
4342,0,0,0,Reader_2_8.csv
4342,2,2,0,Reader_2_9.csv
4342,7,5,2,reader_3_1.csv
4342,1,0,1,Reader_3_2.csv
4342,0,0,0,Reader_3_3.csv
4342,0,0,0,Reader_3_4.csv
4342,0,0,0,Reader_3_5.csv
4342,0,0,0,Reader_3_6.csv
4342,0,0,0,Reader_3_7.csv
4343,5,4,1,Reader_1_1.csv
4343,1,0,1,Reader_1_10.csv
4343,0,0,0,Reader_1_11.csv
4343,1,1,0,Reader_1_12.csv
4343,0,0,0,Reader_1_2.csv
4343,3,3,0,Reader_1_3.csv
4343,0,0,0,Reader_1_4.csv
4343,0,0,0,Reader_1_5.csv
4343,0,0,0,Reader_1_6.csv
4343,0,0,0,Reader_1_7.csv
4343,0,0,0,Reader_1_8.csv
4343,0,0,0,Reader_1_9.csv
4343,0,0,0,Reader_2_1.csv
4343,0,0,0,Reader_2_10.csv
4343,1,1,0,Reader_2_11.csv
4343,0,0,0,Reader_2_12.csv
4343,0,0,0,Reader_2_2.csv
4343,0,0,0,Reader_2_3.csv
4343,0,0,0,Reader_2_4.csv
4343,0,0,0,Reader_2_5.csv
4343,0,0,0,Reader_2_6.csv
4343,1,1,0,Reader_2_7.csv
4343,0,0,0,Reader_2_8.csv
4343,2,2,0,Reader_2_9.csv
4343,7,5,2,reader_3_1.csv
4343,2,1,1,Reader_3_2.csv
4343,0,0,0,Reader_3_3.csv
4343,0,0,0,Reader_3_4.csv
4343,0,0,0,Reader_3_5.csv
4343,0,0,0,Reader_3_6.csv
4343,0,0,0,Reader_3_7.csv
4344,4,3,1,Reader_1_1.csv
4344,0,0,0,Reader_1_10.csv
4344,0,0,0,Reader_1_11.csv
4344,2,2,0,Reader_1_12.csv
4344,0,0,0,Reader_1_2.csv
4344,3,3,0,Reader_1_3.csv
4344,1,1,0,Reader_1_4.csv
4344,0,0,0,Reader_1_5.csv
4344,0,0,0,Reader_1_6.csv
4344,0,0,0,Reader_1_7.csv
4344,0,0,0,Reader_1_8.csv
4344,1,1,0,Reader_1_9.csv
4344,0,0,0,Reader_2_1.csv
4344,0,0,0,Reader_2_10.csv
4344,1,1,0,Reader_2_11.csv
4344,0,0,0,Reader_2_12.csv
4344,0,0,0,Reader_2_2.csv
4344,0,0,0,Reader_2_3.csv
4344,0,0,0,Reader_2_4.csv
4344,0,0,0,Reader_2_5.csv
4344,0,0,0,Reader_2_6.csv
4344,1,1,0,Reader_2_7.csv
4344,0,0,0,Reader_2_8.csv
4344,1,1,0,Reader_2_9.csv
4344,7,5,2,reader_3_1.csv
4344,1,1,0,Reader_3_2.csv
4344,0,0,0,Reader_3_3.csv
4344,0,0,0,Reader_3_4.csv
4344,0,0,0,Reader_3_5.csv
4344,0,0,0,Reader_3_6.csv
4344,0,0,0,Reader_3_7.csv
4345,6,6,0,Reader_1_1.csv
4345,0,0,0,Reader_1_10.csv
4345,0,0,0,Reader_1_11.csv
4345,3,3,0,Reader_1_12.csv
4345,0,0,0,Reader_1_2.csv
4345,2,2,0,Reader_1_3.csv
4345,1,1,0,Reader_1_4.csv
4345,0,0,0,Reader_1_5.csv
4345,0,0,0,Reader_1_6.csv
4345,0,0,0,Reader_1_7.csv
4345,0,0,0,Reader_1_8.csv
4345,2,2,0,Reader_1_9.csv
4345,0,0,0,Reader_2_1.csv
4345,0,0,0,Reader_2_10.csv
4345,1,1,0,Reader_2_11.csv
4345,0,0,0,Reader_2_12.csv
4345,0,0,0,Reader_2_2.csv
4345,0,0,0,Reader_2_3.csv
4345,0,0,0,Reader_2_4.csv
4345,0,0,0,Reader_2_5.csv
4345,0,0,0,Reader_2_6.csv
4345,1,1,0,Reader_2_7.csv
4345,0,0,0,Reader_2_8.csv
4345,1,1,0,Reader_2_9.csv
4345,9,7,2,reader_3_1.csv
4345,1,1,0,Reader_3_2.csv
4345,0,0,0,Reader_3_3.csv
4345,0,0,0,Reader_3_4.csv
4345,0,0,0,Reader_3_5.csv
4345,0,0,0,Reader_3_6.csv
4345,0,0,0,Reader_3_7.csv
4346,7,7,0,Reader_1_1.csv
4346,0,0,0,Reader_1_10.csv
4346,0,0,0,Reader_1_11.csv
4346,5,5,0,Reader_1_12.csv
4346,0,0,0,Reader_1_2.csv
4346,2,2,0,Reader_1_3.csv
4346,1,1,0,Reader_1_4.csv
4346,0,0,0,Reader_1_5.csv
4346,0,0,0,Reader_1_6.csv
4346,0,0,0,Reader_1_7.csv
4346,0,0,0,Reader_1_8.csv
4346,2,2,0,Reader_1_9.csv
4346,0,0,0,Reader_2_1.csv
4346,0,0,0,Reader_2_10.csv
4346,1,1,0,Reader_2_11.csv
4346,0,0,0,Reader_2_12.csv
4346,0,0,0,Reader_2_2.csv
4346,0,0,0,Reader_2_3.csv
4346,0,0,0,Reader_2_4.csv
4346,0,0,0,Reader_2_5.csv
4346,0,0,0,Reader_2_6.csv
4346,1,1,0,Reader_2_7.csv
4346,0,0,0,Reader_2_8.csv
4346,1,1,0,Reader_2_9.csv
4346,10,6,4,reader_3_1.csv
4346,2,2,0,Reader_3_2.csv
4346,0,0,0,Reader_3_3.csv
4346,0,0,0,Reader_3_4.csv
4346,0,0,0,Reader_3_5.csv
4346,0,0,0,Reader_3_6.csv
4346,0,0,0,Reader_3_7.csv
4347,6,6,0,Reader_1_1.csv
4347,0,0,0,Reader_1_10.csv
4347,0,0,0,Reader_1_11.csv
4347,5,5,0,Reader_1_12.csv
4347,0,0,0,Reader_1_2.csv
4347,1,1,0,Reader_1_3.csv
4347,1,1,0,Reader_1_4.csv
4347,0,0,0,Reader_1_5.csv
4347,0,0,0,Reader_1_6.csv
4347,0,0,0,Reader_1_7.csv
4347,0,0,0,Reader_1_8.csv
4347,2,2,0,Reader_1_9.csv
4347,0,0,0,Reader_2_1.csv
4347,0,0,0,Reader_2_10.csv
4347,1,1,0,Reader_2_11.csv
4347,0,0,0,Reader_2_12.csv
4347,0,0,0,Reader_2_2.csv
4347,0,0,0,Reader_2_3.csv
4347,0,0,0,Reader_2_4.csv
4347,0,0,0,Reader_2_5.csv
4347,0,0,0,Reader_2_6.csv
4347,1,1,0,Reader_2_7.csv
4347,0,0,0,Reader_2_8.csv
4347,1,1,0,Reader_2_9.csv
4347,13,9,4,reader_3_1.csv
4347,2,2,0,Reader_3_2.csv
4347,0,0,0,Reader_3_3.csv
4347,0,0,0,Reader_3_4.csv
4347,0,0,0,Reader_3_5.csv
4347,0,0,0,Reader_3_6.csv
4347,0,0,0,Reader_3_7.csv
4348,5,5,0,Reader_1_1.csv
4348,1,1,0,Reader_1_10.csv
4348,0,0,0,Reader_1_11.csv
4348,5,5,0,Reader_1_12.csv
4348,0,0,0,Reader_1_2.csv
4348,1,1,0,Reader_1_3.csv
4348,1,1,0,Reader_1_4.csv
4348,0,0,0,Reader_1_5.csv
4348,0,0,0,Reader_1_6.csv
4348,0,0,0,Reader_1_7.csv
4348,0,0,0,Reader_1_8.csv
4348,3,3,0,Reader_1_9.csv
4348,0,0,0,Reader_2_1.csv
4348,0,0,0,Reader_2_10.csv
4348,0,0,0,Reader_2_11.csv
4348,0,0,0,Reader_2_12.csv
4348,0,0,0,Reader_2_2.csv
4348,0,0,0,Reader_2_3.csv
4348,0,0,0,Reader_2_4.csv
4348,0,0,0,Reader_2_5.csv
4348,0,0,0,Reader_2_6.csv
4348,0,0,0,Reader_2_7.csv
4348,0,0,0,Reader_2_8.csv
4348,2,2,0,Reader_2_9.csv
4348,13,9,4,reader_3_1.csv
4348,2,2,0,Reader_3_2.csv
4348,0,0,0,Reader_3_3.csv
4348,0,0,0,Reader_3_4.csv
4348,0,0,0,Reader_3_5.csv
4348,0,0,0,Reader_3_6.csv
4348,0,0,0,Reader_3_7.csv
4349,6,6,0,Reader_1_1.csv
4349,1,1,0,Reader_1_10.csv
4349,0,0,0,Reader_1_11.csv
4349,5,5,0,Reader_1_12.csv
4349,0,0,0,Reader_1_2.csv
4349,1,1,0,Reader_1_3.csv
4349,1,1,0,Reader_1_4.csv
4349,0,0,0,Reader_1_5.csv
4349,0,0,0,Reader_1_6.csv
4349,0,0,0,Reader_1_7.csv
4349,0,0,0,Reader_1_8.csv
4349,4,4,0,Reader_1_9.csv
4349,1,1,0,Reader_2_1.csv
4349,0,0,0,Reader_2_10.csv
4349,0,0,0,Reader_2_11.csv
4349,0,0,0,Reader_2_12.csv
4349,0,0,0,Reader_2_2.csv
4349,0,0,0,Reader_2_3.csv
4349,0,0,0,Reader_2_4.csv
4349,0,0,0,Reader_2_5.csv
4349,0,0,0,Reader_2_6.csv
4349,0,0,0,Reader_2_7.csv
4349,0,0,0,Reader_2_8.csv
4349,1,1,0,Reader_2_9.csv
4349,13,10,3,reader_3_1.csv
4349,2,2,0,Reader_3_2.csv
4349,0,0,0,Reader_3_3.csv
4349,0,0,0,Reader_3_4.csv
4349,0,0,0,Reader_3_5.csv
4349,0,0,0,Reader_3_6.csv
4349,0,0,0,Reader_3_7.csv
4350,6,6,0,Reader_1_1.csv
4350,1,1,0,Reader_1_10.csv
4350,1,1,0,Reader_1_11.csv
4350,5,5,0,Reader_1_12.csv
4350,0,0,0,Reader_1_2.csv
4350,2,2,0,Reader_1_3.csv
4350,1,1,0,Reader_1_4.csv
4350,0,0,0,Reader_1_5.csv
4350,0,0,0,Reader_1_6.csv
4350,0,0,0,Reader_1_7.csv
4350,1,1,0,Reader_1_8.csv
4350,5,5,0,Reader_1_9.csv
4350,1,1,0,Reader_2_1.csv
4350,0,0,0,Reader_2_10.csv
4350,0,0,0,Reader_2_11.csv
4350,0,0,0,Reader_2_12.csv
4350,0,0,0,Reader_2_2.csv
4350,0,0,0,Reader_2_3.csv
4350,0,0,0,Reader_2_4.csv
4350,0,0,0,Reader_2_5.csv
4350,0,0,0,Reader_2_6.csv
4350,0,0,0,Reader_2_7.csv
4350,0,0,0,Reader_2_8.csv
4350,1,1,0,Reader_2_9.csv
4350,13,10,3,reader_3_1.csv
4350,3,3,0,Reader_3_2.csv
4350,0,0,0,Reader_3_3.csv
4350,0,0,0,Reader_3_4.csv
4350,0,0,0,Reader_3_5.csv
4350,0,0,0,Reader_3_6.csv
4350,0,0,0,Reader_3_7.csv
4351,6,5,1,Reader_1_1.csv
4351,1,1,0,Reader_1_10.csv
4351,1,1,0,Reader_1_11.csv
4351,6,6,0,Reader_1_12.csv
4351,0,0,0,Reader_1_2.csv
4351,1,1,0,Reader_1_3.csv
4351,1,1,0,Reader_1_4.csv
4351,0,0,0,Reader_1_5.csv
4351,0,0,0,Reader_1_6.csv
4351,0,0,0,Reader_1_7.csv
4351,1,1,0,Reader_1_8.csv
4351,5,5,0,Reader_1_9.csv
4351,1,1,0,Reader_2_1.csv
4351,0,0,0,Reader_2_10.csv
4351,0,0,0,Reader_2_11.csv
4351,0,0,0,Reader_2_12.csv
4351,0,0,0,Reader_2_2.csv
4351,0,0,0,Reader_2_3.csv
4351,0,0,0,Reader_2_4.csv
4351,0,0,0,Reader_2_5.csv
4351,0,0,0,Reader_2_6.csv
4351,0,0,0,Reader_2_7.csv
4351,0,0,0,Reader_2_8.csv
4351,2,2,0,Reader_2_9.csv
4351,12,10,2,reader_3_1.csv
4351,2,2,0,Reader_3_2.csv
4351,0,0,0,Reader_3_3.csv
4351,0,0,0,Reader_3_4.csv
4351,0,0,0,Reader_3_5.csv
4351,0,0,0,Reader_3_6.csv
4351,0,0,0,Reader_3_7.csv
4352,6,5,1,Reader_1_1.csv
4352,1,1,0,Reader_1_10.csv
4352,1,1,0,Reader_1_11.csv
4352,5,5,0,Reader_1_12.csv
4352,0,0,0,Reader_1_2.csv
4352,1,1,0,Reader_1_3.csv
4352,0,0,0,Reader_1_4.csv
4352,0,0,0,Reader_1_5.csv
4352,0,0,0,Reader_1_6.csv
4352,0,0,0,Reader_1_7.csv
4352,1,1,0,Reader_1_8.csv
4352,4,4,0,Reader_1_9.csv
4352,1,1,0,Reader_2_1.csv
4352,0,0,0,Reader_2_10.csv
4352,0,0,0,Reader_2_11.csv
4352,0,0,0,Reader_2_12.csv
4352,0,0,0,Reader_2_2.csv
4352,0,0,0,Reader_2_3.csv
4352,0,0,0,Reader_2_4.csv
4352,0,0,0,Reader_2_5.csv
4352,0,0,0,Reader_2_6.csv
4352,0,0,0,Reader_2_7.csv
4352,0,0,0,Reader_2_8.csv
4352,2,2,0,Reader_2_9.csv
4352,13,11,2,reader_3_1.csv
4352,3,3,0,Reader_3_2.csv
4352,0,0,0,Reader_3_3.csv
4352,0,0,0,Reader_3_4.csv
4352,0,0,0,Reader_3_5.csv
4352,0,0,0,Reader_3_6.csv
4352,0,0,0,Reader_3_7.csv
4353,3,2,1,Reader_1_1.csv
4353,1,1,0,Reader_1_10.csv
4353,1,1,0,Reader_1_11.csv
4353,4,4,0,Reader_1_12.csv
4353,0,0,0,Reader_1_2.csv
4353,2,2,0,Reader_1_3.csv
4353,0,0,0,Reader_1_4.csv
4353,0,0,0,Reader_1_5.csv
4353,0,0,0,Reader_1_6.csv
4353,0,0,0,Reader_1_7.csv
4353,1,1,0,Reader_1_8.csv
4353,3,3,0,Reader_1_9.csv
4353,1,1,0,Reader_2_1.csv
4353,0,0,0,Reader_2_10.csv
4353,0,0,0,Reader_2_11.csv
4353,0,0,0,Reader_2_12.csv
4353,0,0,0,Reader_2_2.csv
4353,0,0,0,Reader_2_3.csv
4353,0,0,0,Reader_2_4.csv
4353,0,0,0,Reader_2_5.csv
4353,0,0,0,Reader_2_6.csv
4353,0,0,0,Reader_2_7.csv
4353,0,0,0,Reader_2_8.csv
4353,3,3,0,Reader_2_9.csv
4353,11,9,2,reader_3_1.csv
4353,3,3,0,Reader_3_2.csv
4353,0,0,0,Reader_3_3.csv
4353,0,0,0,Reader_3_4.csv
4353,0,0,0,Reader_3_5.csv
4353,0,0,0,Reader_3_6.csv
4353,0,0,0,Reader_3_7.csv
4354,2,1,1,Reader_1_1.csv
4354,1,1,0,Reader_1_10.csv
4354,1,1,0,Reader_1_11.csv
4354,2,2,0,Reader_1_12.csv
4354,0,0,0,Reader_1_2.csv
4354,2,2,0,Reader_1_3.csv
4354,0,0,0,Reader_1_4.csv
4354,0,0,0,Reader_1_5.csv
4354,0,0,0,Reader_1_6.csv
4354,0,0,0,Reader_1_7.csv
4354,1,1,0,Reader_1_8.csv
4354,3,3,0,Reader_1_9.csv
4354,1,1,0,Reader_2_1.csv
4354,0,0,0,Reader_2_10.csv
4354,0,0,0,Reader_2_11.csv
4354,0,0,0,Reader_2_12.csv
4354,1,0,1,Reader_2_2.csv
4354,0,0,0,Reader_2_3.csv
4354,0,0,0,Reader_2_4.csv
4354,0,0,0,Reader_2_5.csv
4354,0,0,0,Reader_2_6.csv
4354,0,0,0,Reader_2_7.csv
4354,0,0,0,Reader_2_8.csv
4354,3,3,0,Reader_2_9.csv
4354,10,10,0,reader_3_1.csv
4354,2,2,0,Reader_3_2.csv
4354,0,0,0,Reader_3_3.csv
4354,0,0,0,Reader_3_4.csv
4354,0,0,0,Reader_3_5.csv
4354,0,0,0,Reader_3_6.csv
4354,0,0,0,Reader_3_7.csv
4355,3,2,1,Reader_1_1.csv
4355,1,1,0,Reader_1_10.csv
4355,2,2,0,Reader_1_11.csv
4355,1,1,0,Reader_1_12.csv
4355,0,0,0,Reader_1_2.csv
4355,2,2,0,Reader_1_3.csv
4355,0,0,0,Reader_1_4.csv
4355,0,0,0,Reader_1_5.csv
4355,0,0,0,Reader_1_6.csv
4355,0,0,0,Reader_1_7.csv
4355,1,1,0,Reader_1_8.csv
4355,3,3,0,Reader_1_9.csv
4355,2,2,0,Reader_2_1.csv
4355,0,0,0,Reader_2_10.csv
4355,0,0,0,Reader_2_11.csv
4355,0,0,0,Reader_2_12.csv
4355,1,0,1,Reader_2_2.csv
4355,0,0,0,Reader_2_3.csv
4355,0,0,0,Reader_2_4.csv
4355,0,0,0,Reader_2_5.csv
4355,0,0,0,Reader_2_6.csv
4355,0,0,0,Reader_2_7.csv
4355,0,0,0,Reader_2_8.csv
4355,3,3,0,Reader_2_9.csv
4355,8,8,0,reader_3_1.csv
4355,2,2,0,Reader_3_2.csv
4355,0,0,0,Reader_3_3.csv
4355,0,0,0,Reader_3_4.csv
4355,0,0,0,Reader_3_5.csv
4355,0,0,0,Reader_3_6.csv
4355,0,0,0,Reader_3_7.csv
4356,5,4,1,Reader_1_1.csv
4356,0,0,0,Reader_1_10.csv
4356,2,2,0,Reader_1_11.csv
4356,1,1,0,Reader_1_12.csv
4356,0,0,0,Reader_1_2.csv
4356,2,2,0,Reader_1_3.csv
4356,0,0,0,Reader_1_4.csv
4356,0,0,0,Reader_1_5.csv
4356,0,0,0,Reader_1_6.csv
4356,0,0,0,Reader_1_7.csv
4356,1,1,0,Reader_1_8.csv
4356,2,2,0,Reader_1_9.csv
4356,3,3,0,Reader_2_1.csv
4356,0,0,0,Reader_2_10.csv
4356,0,0,0,Reader_2_11.csv
4356,0,0,0,Reader_2_12.csv
4356,1,0,1,Reader_2_2.csv
4356,0,0,0,Reader_2_3.csv
4356,0,0,0,Reader_2_4.csv
4356,0,0,0,Reader_2_5.csv
4356,0,0,0,Reader_2_6.csv
4356,0,0,0,Reader_2_7.csv
4356,0,0,0,Reader_2_8.csv
4356,2,2,0,Reader_2_9.csv
4356,8,8,0,reader_3_1.csv
4356,3,3,0,Reader_3_2.csv
4356,0,0,0,Reader_3_3.csv
4356,0,0,0,Reader_3_4.csv
4356,0,0,0,Reader_3_5.csv
4356,0,0,0,Reader_3_6.csv
4356,0,0,0,Reader_3_7.csv
4357,4,3,1,Reader_1_1.csv
4357,0,0,0,Reader_1_10.csv
4357,2,2,0,Reader_1_11.csv
4357,1,1,0,Reader_1_12.csv
4357,0,0,0,Reader_1_2.csv
4357,2,2,0,Reader_1_3.csv
4357,0,0,0,Reader_1_4.csv
4357,0,0,0,Reader_1_5.csv
4357,0,0,0,Reader_1_6.csv
4357,0,0,0,Reader_1_7.csv
4357,1,1,0,Reader_1_8.csv
4357,1,1,0,Reader_1_9.csv
4357,2,2,0,Reader_2_1.csv
4357,0,0,0,Reader_2_10.csv
4357,0,0,0,Reader_2_11.csv
4357,0,0,0,Reader_2_12.csv
4357,1,0,1,Reader_2_2.csv
4357,0,0,0,Reader_2_3.csv
4357,0,0,0,Reader_2_4.csv
4357,0,0,0,Reader_2_5.csv
4357,0,0,0,Reader_2_6.csv
4357,0,0,0,Reader_2_7.csv
4357,0,0,0,Reader_2_8.csv
4357,2,2,0,Reader_2_9.csv
4357,9,8,1,reader_3_1.csv
4357,4,4,0,Reader_3_2.csv
4357,0,0,0,Reader_3_3.csv
4357,0,0,0,Reader_3_4.csv
4357,0,0,0,Reader_3_5.csv
4357,0,0,0,Reader_3_6.csv
4357,0,0,0,Reader_3_7.csv
4358,6,5,1,Reader_1_1.csv
4358,0,0,0,Reader_1_10.csv
4358,1,1,0,Reader_1_11.csv
4358,1,1,0,Reader_1_12.csv
4358,0,0,0,Reader_1_2.csv
4358,1,1,0,Reader_1_3.csv
4358,0,0,0,Reader_1_4.csv
4358,0,0,0,Reader_1_5.csv
4358,0,0,0,Reader_1_6.csv
4358,0,0,0,Reader_1_7.csv
4358,0,0,0,Reader_1_8.csv
4358,0,0,0,Reader_1_9.csv
4358,3,3,0,Reader_2_1.csv
4358,0,0,0,Reader_2_10.csv
4358,0,0,0,Reader_2_11.csv
4358,0,0,0,Reader_2_12.csv
4358,1,0,1,Reader_2_2.csv
4358,0,0,0,Reader_2_3.csv
4358,0,0,0,Reader_2_4.csv
4358,0,0,0,Reader_2_5.csv
4358,0,0,0,Reader_2_6.csv
4358,0,0,0,Reader_2_7.csv
4358,0,0,0,Reader_2_8.csv
4358,2,2,0,Reader_2_9.csv
4358,9,8,1,reader_3_1.csv
4358,3,3,0,Reader_3_2.csv
4358,0,0,0,Reader_3_3.csv
4358,0,0,0,Reader_3_4.csv
4358,0,0,0,Reader_3_5.csv
4358,0,0,0,Reader_3_6.csv
4358,0,0,0,Reader_3_7.csv
4359,5,5,0,Reader_1_1.csv
4359,0,0,0,Reader_1_10.csv
4359,1,1,0,Reader_1_11.csv
4359,0,0,0,Reader_1_12.csv
4359,0,0,0,Reader_1_2.csv
4359,1,1,0,Reader_1_3.csv
4359,0,0,0,Reader_1_4.csv
4359,0,0,0,Reader_1_5.csv
4359,0,0,0,Reader_1_6.csv
4359,0,0,0,Reader_1_7.csv
4359,0,0,0,Reader_1_8.csv
4359,0,0,0,Reader_1_9.csv
4359,4,3,1,Reader_2_1.csv
4359,0,0,0,Reader_2_10.csv
4359,0,0,0,Reader_2_11.csv
4359,0,0,0,Reader_2_12.csv
4359,1,0,1,Reader_2_2.csv
4359,0,0,0,Reader_2_3.csv
4359,0,0,0,Reader_2_4.csv
4359,0,0,0,Reader_2_5.csv
4359,0,0,0,Reader_2_6.csv
4359,0,0,0,Reader_2_7.csv
4359,0,0,0,Reader_2_8.csv
4359,1,1,0,Reader_2_9.csv
4359,8,7,1,reader_3_1.csv
4359,3,3,0,Reader_3_2.csv
4359,0,0,0,Reader_3_3.csv
4359,0,0,0,Reader_3_4.csv
4359,0,0,0,Reader_3_5.csv
4359,0,0,0,Reader_3_6.csv
4359,0,0,0,Reader_3_7.csv
4360,6,6,0,Reader_1_1.csv
4360,0,0,0,Reader_1_10.csv
4360,1,1,0,Reader_1_11.csv
4360,0,0,0,Reader_1_12.csv
4360,0,0,0,Reader_1_2.csv
4360,1,1,0,Reader_1_3.csv
4360,0,0,0,Reader_1_4.csv
4360,0,0,0,Reader_1_5.csv
4360,0,0,0,Reader_1_6.csv
4360,0,0,0,Reader_1_7.csv
4360,0,0,0,Reader_1_8.csv
4360,1,1,0,Reader_1_9.csv
4360,4,3,1,Reader_2_1.csv
4360,0,0,0,Reader_2_10.csv
4360,0,0,0,Reader_2_11.csv
4360,1,1,0,Reader_2_12.csv
4360,1,0,1,Reader_2_2.csv
4360,0,0,0,Reader_2_3.csv
4360,0,0,0,Reader_2_4.csv
4360,0,0,0,Reader_2_5.csv
4360,0,0,0,Reader_2_6.csv
4360,0,0,0,Reader_2_7.csv
4360,0,0,0,Reader_2_8.csv
4360,2,1,1,Reader_2_9.csv
4360,7,6,1,reader_3_1.csv
4360,2,2,0,Reader_3_2.csv
4360,0,0,0,Reader_3_3.csv
4360,0,0,0,Reader_3_4.csv
4360,0,0,0,Reader_3_5.csv
4360,0,0,0,Reader_3_6.csv
4360,0,0,0,Reader_3_7.csv
4361,8,7,1,Reader_1_1.csv
4361,0,0,0,Reader_1_10.csv
4361,1,1,0,Reader_1_11.csv
4361,0,0,0,Reader_1_12.csv
4361,0,0,0,Reader_1_2.csv
4361,0,0,0,Reader_1_3.csv
4361,0,0,0,Reader_1_4.csv
4361,0,0,0,Reader_1_5.csv
4361,0,0,0,Reader_1_6.csv
4361,0,0,0,Reader_1_7.csv
4361,0,0,0,Reader_1_8.csv
4361,1,1,0,Reader_1_9.csv
4361,4,3,1,Reader_2_1.csv
4361,0,0,0,Reader_2_10.csv
4361,0,0,0,Reader_2_11.csv
4361,1,1,0,Reader_2_12.csv
4361,1,0,1,Reader_2_2.csv
4361,0,0,0,Reader_2_3.csv
4361,0,0,0,Reader_2_4.csv
4361,0,0,0,Reader_2_5.csv
4361,0,0,0,Reader_2_6.csv
4361,0,0,0,Reader_2_7.csv
4361,0,0,0,Reader_2_8.csv
4361,1,0,1,Reader_2_9.csv
4361,8,7,1,reader_3_1.csv
4361,2,2,0,Reader_3_2.csv
4361,0,0,0,Reader_3_3.csv
4361,0,0,0,Reader_3_4.csv
4361,0,0,0,Reader_3_5.csv
4361,0,0,0,Reader_3_6.csv
4361,0,0,0,Reader_3_7.csv
4362,8,7,1,Reader_1_1.csv
4362,0,0,0,Reader_1_10.csv
4362,1,1,0,Reader_1_11.csv
4362,0,0,0,Reader_1_12.csv
4362,0,0,0,Reader_1_2.csv
4362,0,0,0,Reader_1_3.csv
4362,0,0,0,Reader_1_4.csv
4362,0,0,0,Reader_1_5.csv
4362,0,0,0,Reader_1_6.csv
4362,0,0,0,Reader_1_7.csv
4362,0,0,0,Reader_1_8.csv
4362,2,2,0,Reader_1_9.csv
4362,4,3,1,Reader_2_1.csv
4362,0,0,0,Reader_2_10.csv
4362,0,0,0,Reader_2_11.csv
4362,1,1,0,Reader_2_12.csv
4362,0,0,0,Reader_2_2.csv
4362,0,0,0,Reader_2_3.csv
4362,0,0,0,Reader_2_4.csv
4362,0,0,0,Reader_2_5.csv
4362,0,0,0,Reader_2_6.csv
4362,0,0,0,Reader_2_7.csv
4362,0,0,0,Reader_2_8.csv
4362,1,0,1,Reader_2_9.csv
4362,9,8,1,reader_3_1.csv
4362,2,2,0,Reader_3_2.csv
4362,0,0,0,Reader_3_3.csv
4362,0,0,0,Reader_3_4.csv
4362,0,0,0,Reader_3_5.csv
4362,0,0,0,Reader_3_6.csv
4362,0,0,0,Reader_3_7.csv
4363,7,6,1,Reader_1_1.csv
4363,0,0,0,Reader_1_10.csv
4363,0,0,0,Reader_1_11.csv
4363,0,0,0,Reader_1_12.csv
4363,0,0,0,Reader_1_2.csv
4363,0,0,0,Reader_1_3.csv
4363,0,0,0,Reader_1_4.csv
4363,0,0,0,Reader_1_5.csv
4363,0,0,0,Reader_1_6.csv
4363,0,0,0,Reader_1_7.csv
4363,0,0,0,Reader_1_8.csv
4363,2,2,0,Reader_1_9.csv
4363,3,2,1,Reader_2_1.csv
4363,0,0,0,Reader_2_10.csv
4363,0,0,0,Reader_2_11.csv
4363,1,1,0,Reader_2_12.csv
4363,0,0,0,Reader_2_2.csv
4363,0,0,0,Reader_2_3.csv
4363,0,0,0,Reader_2_4.csv
4363,0,0,0,Reader_2_5.csv
4363,0,0,0,Reader_2_6.csv
4363,0,0,0,Reader_2_7.csv
4363,0,0,0,Reader_2_8.csv
4363,1,0,1,Reader_2_9.csv
4363,9,7,2,reader_3_1.csv
4363,2,2,0,Reader_3_2.csv
4363,0,0,0,Reader_3_3.csv
4363,0,0,0,Reader_3_4.csv
4363,0,0,0,Reader_3_5.csv
4363,0,0,0,Reader_3_6.csv
4363,0,0,0,Reader_3_7.csv
4364,5,4,1,Reader_1_1.csv
4364,0,0,0,Reader_1_10.csv
4364,0,0,0,Reader_1_11.csv
4364,0,0,0,Reader_1_12.csv
4364,0,0,0,Reader_1_2.csv
4364,0,0,0,Reader_1_3.csv
4364,0,0,0,Reader_1_4.csv
4364,0,0,0,Reader_1_5.csv
4364,0,0,0,Reader_1_6.csv
4364,0,0,0,Reader_1_7.csv
4364,0,0,0,Reader_1_8.csv
4364,3,3,0,Reader_1_9.csv
4364,2,1,1,Reader_2_1.csv
4364,0,0,0,Reader_2_10.csv
4364,0,0,0,Reader_2_11.csv
4364,1,1,0,Reader_2_12.csv
4364,0,0,0,Reader_2_2.csv
4364,0,0,0,Reader_2_3.csv
4364,0,0,0,Reader_2_4.csv
4364,0,0,0,Reader_2_5.csv
4364,0,0,0,Reader_2_6.csv
4364,0,0,0,Reader_2_7.csv
4364,0,0,0,Reader_2_8.csv
4364,2,0,2,Reader_2_9.csv
4364,10,7,3,reader_3_1.csv
4364,2,2,0,Reader_3_2.csv
4364,0,0,0,Reader_3_3.csv
4364,0,0,0,Reader_3_4.csv
4364,0,0,0,Reader_3_5.csv
4364,0,0,0,Reader_3_6.csv
4364,0,0,0,Reader_3_7.csv
4365,5,4,1,Reader_1_1.csv
4365,0,0,0,Reader_1_10.csv
4365,0,0,0,Reader_1_11.csv
4365,0,0,0,Reader_1_12.csv
4365,0,0,0,Reader_1_2.csv
4365,0,0,0,Reader_1_3.csv
4365,0,0,0,Reader_1_4.csv
4365,0,0,0,Reader_1_5.csv
4365,0,0,0,Reader_1_6.csv
4365,0,0,0,Reader_1_7.csv
4365,0,0,0,Reader_1_8.csv
4365,3,3,0,Reader_1_9.csv
4365,2,1,1,Reader_2_1.csv
4365,0,0,0,Reader_2_10.csv
4365,0,0,0,Reader_2_11.csv
4365,1,1,0,Reader_2_12.csv
4365,0,0,0,Reader_2_2.csv
4365,0,0,0,Reader_2_3.csv
4365,0,0,0,Reader_2_4.csv
4365,0,0,0,Reader_2_5.csv
4365,0,0,0,Reader_2_6.csv
4365,0,0,0,Reader_2_7.csv
4365,0,0,0,Reader_2_8.csv
4365,2,0,2,Reader_2_9.csv
4365,7,5,2,reader_3_1.csv
4365,1,1,0,Reader_3_2.csv
4365,0,0,0,Reader_3_3.csv
4365,0,0,0,Reader_3_4.csv
4365,0,0,0,Reader_3_5.csv
4365,0,0,0,Reader_3_6.csv
4365,0,0,0,Reader_3_7.csv
4366,3,2,1,Reader_1_1.csv
4366,0,0,0,Reader_1_10.csv
4366,0,0,0,Reader_1_11.csv
4366,0,0,0,Reader_1_12.csv
4366,0,0,0,Reader_1_2.csv
4366,0,0,0,Reader_1_3.csv
4366,0,0,0,Reader_1_4.csv
4366,0,0,0,Reader_1_5.csv
4366,0,0,0,Reader_1_6.csv
4366,0,0,0,Reader_1_7.csv
4366,0,0,0,Reader_1_8.csv
4366,3,3,0,Reader_1_9.csv
4366,1,0,1,Reader_2_1.csv
4366,0,0,0,Reader_2_10.csv
4366,0,0,0,Reader_2_11.csv
4366,1,1,0,Reader_2_12.csv
4366,0,0,0,Reader_2_2.csv
4366,0,0,0,Reader_2_3.csv
4366,0,0,0,Reader_2_4.csv
4366,0,0,0,Reader_2_5.csv
4366,0,0,0,Reader_2_6.csv
4366,0,0,0,Reader_2_7.csv
4366,0,0,0,Reader_2_8.csv
4366,2,0,2,Reader_2_9.csv
4366,7,4,3,reader_3_1.csv
4366,3,3,0,Reader_3_2.csv
4366,0,0,0,Reader_3_3.csv
4366,0,0,0,Reader_3_4.csv
4366,0,0,0,Reader_3_5.csv
4366,0,0,0,Reader_3_6.csv
4366,0,0,0,Reader_3_7.csv
4367,3,2,1,Reader_1_1.csv
4367,0,0,0,Reader_1_10.csv
4367,0,0,0,Reader_1_11.csv
4367,0,0,0,Reader_1_12.csv
4367,0,0,0,Reader_1_2.csv
4367,0,0,0,Reader_1_3.csv
4367,0,0,0,Reader_1_4.csv
4367,0,0,0,Reader_1_5.csv
4367,0,0,0,Reader_1_6.csv
4367,0,0,0,Reader_1_7.csv
4367,1,1,0,Reader_1_8.csv
4367,3,3,0,Reader_1_9.csv
4367,0,0,0,Reader_2_1.csv
4367,0,0,0,Reader_2_10.csv
4367,0,0,0,Reader_2_11.csv
4367,1,1,0,Reader_2_12.csv
4367,1,0,1,Reader_2_2.csv
4367,0,0,0,Reader_2_3.csv
4367,0,0,0,Reader_2_4.csv
4367,0,0,0,Reader_2_5.csv
4367,0,0,0,Reader_2_6.csv
4367,0,0,0,Reader_2_7.csv
4367,0,0,0,Reader_2_8.csv
4367,2,0,2,Reader_2_9.csv
4367,8,4,4,reader_3_1.csv
4367,3,3,0,Reader_3_2.csv
4367,0,0,0,Reader_3_3.csv
4367,0,0,0,Reader_3_4.csv
4367,0,0,0,Reader_3_5.csv
4367,0,0,0,Reader_3_6.csv
4367,0,0,0,Reader_3_7.csv
4368,2,1,1,Reader_1_1.csv
4368,0,0,0,Reader_1_10.csv
4368,0,0,0,Reader_1_11.csv
4368,0,0,0,Reader_1_12.csv
4368,0,0,0,Reader_1_2.csv
4368,0,0,0,Reader_1_3.csv
4368,0,0,0,Reader_1_4.csv
4368,0,0,0,Reader_1_5.csv
4368,0,0,0,Reader_1_6.csv
4368,0,0,0,Reader_1_7.csv
4368,1,1,0,Reader_1_8.csv
4368,2,2,0,Reader_1_9.csv
4368,0,0,0,Reader_2_1.csv
4368,0,0,0,Reader_2_10.csv
4368,0,0,0,Reader_2_11.csv
4368,0,0,0,Reader_2_12.csv
4368,1,0,1,Reader_2_2.csv
4368,0,0,0,Reader_2_3.csv
4368,0,0,0,Reader_2_4.csv
4368,0,0,0,Reader_2_5.csv
4368,0,0,0,Reader_2_6.csv
4368,0,0,0,Reader_2_7.csv
4368,0,0,0,Reader_2_8.csv
4368,1,0,1,Reader_2_9.csv
4368,8,4,4,reader_3_1.csv
4368,4,4,0,Reader_3_2.csv
4368,0,0,0,Reader_3_3.csv
4368,0,0,0,Reader_3_4.csv
4368,0,0,0,Reader_3_5.csv
4368,0,0,0,Reader_3_6.csv
4368,0,0,0,Reader_3_7.csv
4369,0,0,0,Reader_1_1.csv
4369,0,0,0,Reader_1_10.csv
4369,0,0,0,Reader_1_11.csv
4369,0,0,0,Reader_1_12.csv
4369,0,0,0,Reader_1_2.csv
4369,0,0,0,Reader_1_3.csv
4369,1,1,0,Reader_1_4.csv
4369,0,0,0,Reader_1_5.csv
4369,0,0,0,Reader_1_6.csv
4369,0,0,0,Reader_1_7.csv
4369,1,1,0,Reader_1_8.csv
4369,2,2,0,Reader_1_9.csv
4369,0,0,0,Reader_2_1.csv
4369,0,0,0,Reader_2_10.csv
4369,0,0,0,Reader_2_11.csv
4369,0,0,0,Reader_2_12.csv
4369,1,0,1,Reader_2_2.csv
4369,0,0,0,Reader_2_3.csv
4369,0,0,0,Reader_2_4.csv
4369,0,0,0,Reader_2_5.csv
4369,0,0,0,Reader_2_6.csv
4369,0,0,0,Reader_2_7.csv
4369,0,0,0,Reader_2_8.csv
4369,1,0,1,Reader_2_9.csv
4369,8,4,4,reader_3_1.csv
4369,5,5,0,Reader_3_2.csv
4369,0,0,0,Reader_3_3.csv
4369,0,0,0,Reader_3_4.csv
4369,0,0,0,Reader_3_5.csv
4369,0,0,0,Reader_3_6.csv
4369,0,0,0,Reader_3_7.csv
4370,0,0,0,Reader_1_1.csv
4370,0,0,0,Reader_1_10.csv
4370,0,0,0,Reader_1_11.csv
4370,0,0,0,Reader_1_12.csv
4370,0,0,0,Reader_1_2.csv
4370,0,0,0,Reader_1_3.csv
4370,1,1,0,Reader_1_4.csv
4370,0,0,0,Reader_1_5.csv
4370,0,0,0,Reader_1_6.csv
4370,0,0,0,Reader_1_7.csv
4370,1,1,0,Reader_1_8.csv
4370,1,1,0,Reader_1_9.csv
4370,0,0,0,Reader_2_1.csv
4370,0,0,0,Reader_2_10.csv
4370,0,0,0,Reader_2_11.csv
4370,0,0,0,Reader_2_12.csv
4370,2,0,2,Reader_2_2.csv
4370,0,0,0,Reader_2_3.csv
4370,0,0,0,Reader_2_4.csv
4370,0,0,0,Reader_2_5.csv
4370,0,0,0,Reader_2_6.csv
4370,0,0,0,Reader_2_7.csv
4370,0,0,0,Reader_2_8.csv
4370,3,0,3,Reader_2_9.csv
4370,6,2,4,reader_3_1.csv
4370,5,5,0,Reader_3_2.csv
4370,0,0,0,Reader_3_3.csv
4370,0,0,0,Reader_3_4.csv
4370,0,0,0,Reader_3_5.csv
4370,0,0,0,Reader_3_6.csv
4370,0,0,0,Reader_3_7.csv
4371,0,0,0,Reader_1_1.csv
4371,0,0,0,Reader_1_10.csv
4371,0,0,0,Reader_1_11.csv
4371,0,0,0,Reader_1_12.csv
4371,0,0,0,Reader_1_2.csv
4371,0,0,0,Reader_1_3.csv
4371,1,1,0,Reader_1_4.csv
4371,0,0,0,Reader_1_5.csv
4371,0,0,0,Reader_1_6.csv
4371,0,0,0,Reader_1_7.csv
4371,1,1,0,Reader_1_8.csv
4371,1,1,0,Reader_1_9.csv
4371,2,1,1,Reader_2_1.csv
4371,0,0,0,Reader_2_10.csv
4371,0,0,0,Reader_2_11.csv
4371,0,0,0,Reader_2_12.csv
4371,3,1,2,Reader_2_2.csv
4371,0,0,0,Reader_2_3.csv
4371,0,0,0,Reader_2_4.csv
4371,0,0,0,Reader_2_5.csv
4371,0,0,0,Reader_2_6.csv
4371,0,0,0,Reader_2_7.csv
4371,0,0,0,Reader_2_8.csv
4371,3,0,3,Reader_2_9.csv
4371,5,2,3,reader_3_1.csv
4371,5,5,0,Reader_3_2.csv
4371,0,0,0,Reader_3_3.csv
4371,0,0,0,Reader_3_4.csv
4371,0,0,0,Reader_3_5.csv
4371,0,0,0,Reader_3_6.csv
4371,0,0,0,Reader_3_7.csv
4372,0,0,0,Reader_1_1.csv
4372,1,1,0,Reader_1_10.csv
4372,0,0,0,Reader_1_11.csv
4372,1,1,0,Reader_1_12.csv
4372,0,0,0,Reader_1_2.csv
4372,0,0,0,Reader_1_3.csv
4372,1,1,0,Reader_1_4.csv
4372,0,0,0,Reader_1_5.csv
4372,0,0,0,Reader_1_6.csv
4372,0,0,0,Reader_1_7.csv
4372,1,1,0,Reader_1_8.csv
4372,0,0,0,Reader_1_9.csv
4372,2,1,1,Reader_2_1.csv
4372,0,0,0,Reader_2_10.csv
4372,0,0,0,Reader_2_11.csv
4372,0,0,0,Reader_2_12.csv
4372,3,1,2,Reader_2_2.csv
4372,0,0,0,Reader_2_3.csv
4372,0,0,0,Reader_2_4.csv
4372,0,0,0,Reader_2_5.csv
4372,0,0,0,Reader_2_6.csv
4372,0,0,0,Reader_2_7.csv
4372,0,0,0,Reader_2_8.csv
4372,2,0,2,Reader_2_9.csv
4372,4,2,2,reader_3_1.csv
4372,6,6,0,Reader_3_2.csv
4372,0,0,0,Reader_3_3.csv
4372,0,0,0,Reader_3_4.csv
4372,0,0,0,Reader_3_5.csv
4372,0,0,0,Reader_3_6.csv
4372,0,0,0,Reader_3_7.csv
4373,0,0,0,Reader_1_1.csv
4373,1,1,0,Reader_1_10.csv
4373,0,0,0,Reader_1_11.csv
4373,1,1,0,Reader_1_12.csv
4373,0,0,0,Reader_1_2.csv
4373,0,0,0,Reader_1_3.csv
4373,1,1,0,Reader_1_4.csv
4373,0,0,0,Reader_1_5.csv
4373,0,0,0,Reader_1_6.csv
4373,0,0,0,Reader_1_7.csv
4373,1,1,0,Reader_1_8.csv
4373,0,0,0,Reader_1_9.csv
4373,2,1,1,Reader_2_1.csv
4373,0,0,0,Reader_2_10.csv
4373,0,0,0,Reader_2_11.csv
4373,0,0,0,Reader_2_12.csv
4373,3,1,2,Reader_2_2.csv
4373,0,0,0,Reader_2_3.csv
4373,0,0,0,Reader_2_4.csv
4373,0,0,0,Reader_2_5.csv
4373,0,0,0,Reader_2_6.csv
4373,0,0,0,Reader_2_7.csv
4373,0,0,0,Reader_2_8.csv
4373,2,0,2,Reader_2_9.csv
4373,4,2,2,reader_3_1.csv
4373,8,7,1,Reader_3_2.csv
4373,0,0,0,Reader_3_3.csv
4373,0,0,0,Reader_3_4.csv
4373,0,0,0,Reader_3_5.csv
4373,0,0,0,Reader_3_6.csv
4373,0,0,0,Reader_3_7.csv
4374,0,0,0,Reader_1_1.csv
4374,1,1,0,Reader_1_10.csv
4374,0,0,0,Reader_1_11.csv
4374,1,1,0,Reader_1_12.csv
4374,0,0,0,Reader_1_2.csv
4374,0,0,0,Reader_1_3.csv
4374,1,1,0,Reader_1_4.csv
4374,0,0,0,Reader_1_5.csv
4374,1,1,0,Reader_1_6.csv
4374,0,0,0,Reader_1_7.csv
4374,1,1,0,Reader_1_8.csv
4374,0,0,0,Reader_1_9.csv
4374,2,1,1,Reader_2_1.csv
4374,0,0,0,Reader_2_10.csv
4374,0,0,0,Reader_2_11.csv
4374,0,0,0,Reader_2_12.csv
4374,3,1,2,Reader_2_2.csv
4374,0,0,0,Reader_2_3.csv
4374,0,0,0,Reader_2_4.csv
4374,0,0,0,Reader_2_5.csv
4374,1,1,0,Reader_2_6.csv
4374,0,0,0,Reader_2_7.csv
4374,0,0,0,Reader_2_8.csv
4374,2,0,2,Reader_2_9.csv
4374,4,3,1,reader_3_1.csv
4374,7,6,1,Reader_3_2.csv
4374,0,0,0,Reader_3_3.csv
4374,0,0,0,Reader_3_4.csv
4374,0,0,0,Reader_3_5.csv
4374,0,0,0,Reader_3_6.csv
4374,0,0,0,Reader_3_7.csv
4375,0,0,0,Reader_1_1.csv
4375,1,1,0,Reader_1_10.csv
4375,0,0,0,Reader_1_11.csv
4375,1,1,0,Reader_1_12.csv
4375,0,0,0,Reader_1_2.csv
4375,0,0,0,Reader_1_3.csv
4375,1,1,0,Reader_1_4.csv
4375,0,0,0,Reader_1_5.csv
4375,1,1,0,Reader_1_6.csv
4375,0,0,0,Reader_1_7.csv
4375,0,0,0,Reader_1_8.csv
4375,0,0,0,Reader_1_9.csv
4375,2,1,1,Reader_2_1.csv
4375,0,0,0,Reader_2_10.csv
4375,0,0,0,Reader_2_11.csv
4375,0,0,0,Reader_2_12.csv
4375,2,1,1,Reader_2_2.csv
4375,0,0,0,Reader_2_3.csv
4375,0,0,0,Reader_2_4.csv
4375,0,0,0,Reader_2_5.csv
4375,1,1,0,Reader_2_6.csv
4375,0,0,0,Reader_2_7.csv
4375,0,0,0,Reader_2_8.csv
4375,2,0,2,Reader_2_9.csv
4375,3,3,0,reader_3_1.csv
4375,9,8,1,Reader_3_2.csv
4375,0,0,0,Reader_3_3.csv
4375,0,0,0,Reader_3_4.csv
4375,0,0,0,Reader_3_5.csv
4375,0,0,0,Reader_3_6.csv
4375,0,0,0,Reader_3_7.csv
4376,0,0,0,Reader_1_1.csv
4376,1,1,0,Reader_1_10.csv
4376,0,0,0,Reader_1_11.csv
4376,2,2,0,Reader_1_12.csv
4376,0,0,0,Reader_1_2.csv
4376,0,0,0,Reader_1_3.csv
4376,1,1,0,Reader_1_4.csv
4376,0,0,0,Reader_1_5.csv
4376,1,1,0,Reader_1_6.csv
4376,0,0,0,Reader_1_7.csv
4376,0,0,0,Reader_1_8.csv
4376,0,0,0,Reader_1_9.csv
4376,3,2,1,Reader_2_1.csv
4376,0,0,0,Reader_2_10.csv
4376,0,0,0,Reader_2_11.csv
4376,0,0,0,Reader_2_12.csv
4376,2,1,1,Reader_2_2.csv
4376,1,0,1,Reader_2_3.csv
4376,0,0,0,Reader_2_4.csv
4376,0,0,0,Reader_2_5.csv
4376,1,1,0,Reader_2_6.csv
4376,0,0,0,Reader_2_7.csv
4376,0,0,0,Reader_2_8.csv
4376,2,0,2,Reader_2_9.csv
4376,3,3,0,reader_3_1.csv
4376,11,10,1,Reader_3_2.csv
4376,0,0,0,Reader_3_3.csv
4376,0,0,0,Reader_3_4.csv
4376,0,0,0,Reader_3_5.csv
4376,0,0,0,Reader_3_6.csv
4376,0,0,0,Reader_3_7.csv
4377,1,1,0,Reader_1_1.csv
4377,1,1,0,Reader_1_10.csv
4377,0,0,0,Reader_1_11.csv
4377,2,2,0,Reader_1_12.csv
4377,0,0,0,Reader_1_2.csv
4377,1,1,0,Reader_1_3.csv
4377,0,0,0,Reader_1_4.csv
4377,0,0,0,Reader_1_5.csv
4377,1,1,0,Reader_1_6.csv
4377,0,0,0,Reader_1_7.csv
4377,0,0,0,Reader_1_8.csv
4377,0,0,0,Reader_1_9.csv
4377,3,2,1,Reader_2_1.csv
4377,0,0,0,Reader_2_10.csv
4377,0,0,0,Reader_2_11.csv
4377,0,0,0,Reader_2_12.csv
4377,2,1,1,Reader_2_2.csv
4377,1,0,1,Reader_2_3.csv
4377,0,0,0,Reader_2_4.csv
4377,0,0,0,Reader_2_5.csv
4377,1,1,0,Reader_2_6.csv
4377,0,0,0,Reader_2_7.csv
4377,0,0,0,Reader_2_8.csv
4377,3,1,2,Reader_2_9.csv
4377,2,2,0,reader_3_1.csv
4377,11,10,1,Reader_3_2.csv
4377,0,0,0,Reader_3_3.csv
4377,0,0,0,Reader_3_4.csv
4377,0,0,0,Reader_3_5.csv
4377,0,0,0,Reader_3_6.csv
4377,0,0,0,Reader_3_7.csv
4378,1,1,0,Reader_1_1.csv
4378,1,1,0,Reader_1_10.csv
4378,0,0,0,Reader_1_11.csv
4378,2,2,0,Reader_1_12.csv
4378,0,0,0,Reader_1_2.csv
4378,1,1,0,Reader_1_3.csv
4378,0,0,0,Reader_1_4.csv
4378,0,0,0,Reader_1_5.csv
4378,1,1,0,Reader_1_6.csv
4378,1,1,0,Reader_1_7.csv
4378,0,0,0,Reader_1_8.csv
4378,0,0,0,Reader_1_9.csv
4378,3,2,1,Reader_2_1.csv
4378,0,0,0,Reader_2_10.csv
4378,0,0,0,Reader_2_11.csv
4378,0,0,0,Reader_2_12.csv
4378,1,1,0,Reader_2_2.csv
4378,1,0,1,Reader_2_3.csv
4378,0,0,0,Reader_2_4.csv
4378,0,0,0,Reader_2_5.csv
4378,1,1,0,Reader_2_6.csv
4378,0,0,0,Reader_2_7.csv
4378,0,0,0,Reader_2_8.csv
4378,1,1,0,Reader_2_9.csv
4378,2,2,0,reader_3_1.csv
4378,15,14,1,Reader_3_2.csv
4378,0,0,0,Reader_3_3.csv
4378,0,0,0,Reader_3_4.csv
4378,0,0,0,Reader_3_5.csv
4378,0,0,0,Reader_3_6.csv
4378,0,0,0,Reader_3_7.csv
4379,1,1,0,Reader_1_1.csv
4379,1,1,0,Reader_1_10.csv
4379,0,0,0,Reader_1_11.csv
4379,2,2,0,Reader_1_12.csv
4379,0,0,0,Reader_1_2.csv
4379,2,1,1,Reader_1_3.csv
4379,0,0,0,Reader_1_4.csv
4379,0,0,0,Reader_1_5.csv
4379,1,1,0,Reader_1_6.csv
4379,1,1,0,Reader_1_7.csv
4379,0,0,0,Reader_1_8.csv
4379,0,0,0,Reader_1_9.csv
4379,1,1,0,Reader_2_1.csv
4379,1,1,0,Reader_2_10.csv
4379,0,0,0,Reader_2_11.csv
4379,0,0,0,Reader_2_12.csv
4379,0,0,0,Reader_2_2.csv
4379,1,0,1,Reader_2_3.csv
4379,0,0,0,Reader_2_4.csv
4379,0,0,0,Reader_2_5.csv
4379,1,1,0,Reader_2_6.csv
4379,0,0,0,Reader_2_7.csv
4379,0,0,0,Reader_2_8.csv
4379,1,1,0,Reader_2_9.csv
4379,2,2,0,reader_3_1.csv
4379,19,18,1,Reader_3_2.csv
4379,0,0,0,Reader_3_3.csv
4379,0,0,0,Reader_3_4.csv
4379,0,0,0,Reader_3_5.csv
4379,0,0,0,Reader_3_6.csv
4379,0,0,0,Reader_3_7.csv
4380,4,2,2,Reader_1_1.csv
4380,0,0,0,Reader_1_10.csv
4380,0,0,0,Reader_1_11.csv
4380,2,2,0,Reader_1_12.csv
4380,0,0,0,Reader_1_2.csv
4380,2,1,1,Reader_1_3.csv
4380,0,0,0,Reader_1_4.csv
4380,0,0,0,Reader_1_5.csv
4380,1,1,0,Reader_1_6.csv
4380,1,1,0,Reader_1_7.csv
4380,1,1,0,Reader_1_8.csv
4380,0,0,0,Reader_1_9.csv
4380,1,1,0,Reader_2_1.csv
4380,1,1,0,Reader_2_10.csv
4380,0,0,0,Reader_2_11.csv
4380,0,0,0,Reader_2_12.csv
4380,1,1,0,Reader_2_2.csv
4380,1,0,1,Reader_2_3.csv
4380,0,0,0,Reader_2_4.csv
4380,0,0,0,Reader_2_5.csv
4380,1,1,0,Reader_2_6.csv
4380,0,0,0,Reader_2_7.csv
4380,0,0,0,Reader_2_8.csv
4380,1,1,0,Reader_2_9.csv
4380,1,1,0,reader_3_1.csv
4380,19,18,1,Reader_3_2.csv
4380,0,0,0,Reader_3_3.csv
4380,0,0,0,Reader_3_4.csv
4380,0,0,0,Reader_3_5.csv
4380,0,0,0,Reader_3_6.csv
4380,0,0,0,Reader_3_7.csv
4381,4,2,2,Reader_1_1.csv
4381,0,0,0,Reader_1_10.csv
4381,0,0,0,Reader_1_11.csv
4381,3,2,1,Reader_1_12.csv
4381,0,0,0,Reader_1_2.csv
4381,4,2,2,Reader_1_3.csv
4381,0,0,0,Reader_1_4.csv
4381,0,0,0,Reader_1_5.csv
4381,1,1,0,Reader_1_6.csv
4381,1,1,0,Reader_1_7.csv
4381,1,1,0,Reader_1_8.csv
4381,0,0,0,Reader_1_9.csv
4381,1,1,0,Reader_2_1.csv
4381,1,1,0,Reader_2_10.csv
4381,1,1,0,Reader_2_11.csv
4381,0,0,0,Reader_2_12.csv
4381,1,1,0,Reader_2_2.csv
4381,1,0,1,Reader_2_3.csv
4381,0,0,0,Reader_2_4.csv
4381,0,0,0,Reader_2_5.csv
4381,1,1,0,Reader_2_6.csv
4381,0,0,0,Reader_2_7.csv
4381,0,0,0,Reader_2_8.csv
4381,1,1,0,Reader_2_9.csv
4381,1,1,0,reader_3_1.csv
4381,18,18,0,Reader_3_2.csv
4381,0,0,0,Reader_3_3.csv
4381,0,0,0,Reader_3_4.csv
4381,0,0,0,Reader_3_5.csv
4381,0,0,0,Reader_3_6.csv
4381,0,0,0,Reader_3_7.csv
4382,5,2,3,Reader_1_1.csv
4382,0,0,0,Reader_1_10.csv
4382,0,0,0,Reader_1_11.csv
4382,4,3,1,Reader_1_12.csv
4382,0,0,0,Reader_1_2.csv
4382,4,2,2,Reader_1_3.csv
4382,0,0,0,Reader_1_4.csv
4382,1,1,0,Reader_1_5.csv
4382,0,0,0,Reader_1_6.csv
4382,1,1,0,Reader_1_7.csv
4382,1,1,0,Reader_1_8.csv
4382,0,0,0,Reader_1_9.csv
4382,1,1,0,Reader_2_1.csv
4382,1,1,0,Reader_2_10.csv
4382,1,1,0,Reader_2_11.csv
4382,0,0,0,Reader_2_12.csv
4382,1,1,0,Reader_2_2.csv
4382,1,0,1,Reader_2_3.csv
4382,0,0,0,Reader_2_4.csv
4382,0,0,0,Reader_2_5.csv
4382,0,0,0,Reader_2_6.csv
4382,1,1,0,Reader_2_7.csv
4382,0,0,0,Reader_2_8.csv
4382,1,1,0,Reader_2_9.csv
4382,0,0,0,reader_3_1.csv
4382,21,21,0,Reader_3_2.csv
4382,0,0,0,Reader_3_3.csv
4382,0,0,0,Reader_3_4.csv
4382,0,0,0,Reader_3_5.csv
4382,0,0,0,Reader_3_6.csv
4382,0,0,0,Reader_3_7.csv
4383,5,2,3,Reader_1_1.csv
4383,0,0,0,Reader_1_10.csv
4383,0,0,0,Reader_1_11.csv
4383,4,3,1,Reader_1_12.csv
4383,0,0,0,Reader_1_2.csv
4383,5,3,2,Reader_1_3.csv
4383,0,0,0,Reader_1_4.csv
4383,1,1,0,Reader_1_5.csv
4383,0,0,0,Reader_1_6.csv
4383,2,1,1,Reader_1_7.csv
4383,1,1,0,Reader_1_8.csv
4383,0,0,0,Reader_1_9.csv
4383,1,1,0,Reader_2_1.csv
4383,1,1,0,Reader_2_10.csv
4383,1,1,0,Reader_2_11.csv
4383,0,0,0,Reader_2_12.csv
4383,1,1,0,Reader_2_2.csv
4383,1,0,1,Reader_2_3.csv
4383,0,0,0,Reader_2_4.csv
4383,0,0,0,Reader_2_5.csv
4383,0,0,0,Reader_2_6.csv
4383,1,1,0,Reader_2_7.csv
4383,0,0,0,Reader_2_8.csv
4383,1,1,0,Reader_2_9.csv
4383,0,0,0,reader_3_1.csv
4383,23,23,0,Reader_3_2.csv
4383,0,0,0,Reader_3_3.csv
4383,0,0,0,Reader_3_4.csv
4383,0,0,0,Reader_3_5.csv
4383,0,0,0,Reader_3_6.csv
4383,0,0,0,Reader_3_7.csv
4384,5,2,3,Reader_1_1.csv
4384,0,0,0,Reader_1_10.csv
4384,0,0,0,Reader_1_11.csv
4384,3,2,1,Reader_1_12.csv
4384,0,0,0,Reader_1_2.csv
4384,7,5,2,Reader_1_3.csv
4384,0,0,0,Reader_1_4.csv
4384,1,1,0,Reader_1_5.csv
4384,0,0,0,Reader_1_6.csv
4384,2,1,1,Reader_1_7.csv
4384,1,1,0,Reader_1_8.csv
4384,0,0,0,Reader_1_9.csv
4384,0,0,0,Reader_2_1.csv
4384,2,2,0,Reader_2_10.csv
4384,1,1,0,Reader_2_11.csv
4384,0,0,0,Reader_2_12.csv
4384,1,1,0,Reader_2_2.csv
4384,0,0,0,Reader_2_3.csv
4384,0,0,0,Reader_2_4.csv
4384,0,0,0,Reader_2_5.csv
4384,0,0,0,Reader_2_6.csv
4384,1,1,0,Reader_2_7.csv
4384,0,0,0,Reader_2_8.csv
4384,1,1,0,Reader_2_9.csv
4384,2,0,2,reader_3_1.csv
4384,20,20,0,Reader_3_2.csv
4384,0,0,0,Reader_3_3.csv
4384,0,0,0,Reader_3_4.csv
4384,0,0,0,Reader_3_5.csv
4384,0,0,0,Reader_3_6.csv
4384,0,0,0,Reader_3_7.csv
4385,5,2,3,Reader_1_1.csv
4385,0,0,0,Reader_1_10.csv
4385,0,0,0,Reader_1_11.csv
4385,3,2,1,Reader_1_12.csv
4385,0,0,0,Reader_1_2.csv
4385,6,4,2,Reader_1_3.csv
4385,0,0,0,Reader_1_4.csv
4385,1,1,0,Reader_1_5.csv
4385,0,0,0,Reader_1_6.csv
4385,2,1,1,Reader_1_7.csv
4385,2,2,0,Reader_1_8.csv
4385,0,0,0,Reader_1_9.csv
4385,0,0,0,Reader_2_1.csv
4385,2,2,0,Reader_2_10.csv
4385,1,1,0,Reader_2_11.csv
4385,0,0,0,Reader_2_12.csv
4385,1,1,0,Reader_2_2.csv
4385,0,0,0,Reader_2_3.csv
4385,0,0,0,Reader_2_4.csv
4385,0,0,0,Reader_2_5.csv
4385,0,0,0,Reader_2_6.csv
4385,1,1,0,Reader_2_7.csv
4385,0,0,0,Reader_2_8.csv
4385,0,0,0,Reader_2_9.csv
4385,2,0,2,reader_3_1.csv
4385,23,23,0,Reader_3_2.csv
4385,0,0,0,Reader_3_3.csv
4385,0,0,0,Reader_3_4.csv
4385,0,0,0,Reader_3_5.csv
4385,0,0,0,Reader_3_6.csv
4385,0,0,0,Reader_3_7.csv
4386,6,2,4,Reader_1_1.csv
4386,1,1,0,Reader_1_10.csv
4386,0,0,0,Reader_1_11.csv
4386,3,2,1,Reader_1_12.csv
4386,0,0,0,Reader_1_2.csv
4386,6,4,2,Reader_1_3.csv
4386,0,0,0,Reader_1_4.csv
4386,1,1,0,Reader_1_5.csv
4386,0,0,0,Reader_1_6.csv
4386,1,0,1,Reader_1_7.csv
4386,2,2,0,Reader_1_8.csv
4386,0,0,0,Reader_1_9.csv
4386,0,0,0,Reader_2_1.csv
4386,2,2,0,Reader_2_10.csv
4386,1,1,0,Reader_2_11.csv
4386,0,0,0,Reader_2_12.csv
4386,1,1,0,Reader_2_2.csv
4386,0,0,0,Reader_2_3.csv
4386,0,0,0,Reader_2_4.csv
4386,1,1,0,Reader_2_5.csv
4386,0,0,0,Reader_2_6.csv
4386,1,1,0,Reader_2_7.csv
4386,0,0,0,Reader_2_8.csv
4386,0,0,0,Reader_2_9.csv
4386,2,0,2,reader_3_1.csv
4386,22,22,0,Reader_3_2.csv
4386,0,0,0,Reader_3_3.csv
4386,0,0,0,Reader_3_4.csv
4386,0,0,0,Reader_3_5.csv
4386,0,0,0,Reader_3_6.csv
4386,0,0,0,Reader_3_7.csv
4387,6,2,4,Reader_1_1.csv
4387,1,1,0,Reader_1_10.csv
4387,1,1,0,Reader_1_11.csv
4387,3,2,1,Reader_1_12.csv
4387,0,0,0,Reader_1_2.csv
4387,5,4,1,Reader_1_3.csv
4387,0,0,0,Reader_1_4.csv
4387,2,2,0,Reader_1_5.csv
4387,0,0,0,Reader_1_6.csv
4387,1,0,1,Reader_1_7.csv
4387,2,2,0,Reader_1_8.csv
4387,0,0,0,Reader_1_9.csv
4387,1,1,0,Reader_2_1.csv
4387,1,1,0,Reader_2_10.csv
4387,1,1,0,Reader_2_11.csv
4387,1,1,0,Reader_2_12.csv
4387,2,1,1,Reader_2_2.csv
4387,0,0,0,Reader_2_3.csv
4387,0,0,0,Reader_2_4.csv
4387,1,1,0,Reader_2_5.csv
4387,0,0,0,Reader_2_6.csv
4387,1,1,0,Reader_2_7.csv
4387,0,0,0,Reader_2_8.csv
4387,0,0,0,Reader_2_9.csv
4387,2,0,2,reader_3_1.csv
4387,21,21,0,Reader_3_2.csv
4387,0,0,0,Reader_3_3.csv
4387,0,0,0,Reader_3_4.csv
4387,0,0,0,Reader_3_5.csv
4387,0,0,0,Reader_3_6.csv
4387,0,0,0,Reader_3_7.csv
4388,4,2,2,Reader_1_1.csv
4388,2,2,0,Reader_1_10.csv
4388,2,2,0,Reader_1_11.csv
4388,2,1,1,Reader_1_12.csv
4388,0,0,0,Reader_1_2.csv
4388,5,4,1,Reader_1_3.csv
4388,0,0,0,Reader_1_4.csv
4388,3,3,0,Reader_1_5.csv
4388,0,0,0,Reader_1_6.csv
4388,1,0,1,Reader_1_7.csv
4388,1,1,0,Reader_1_8.csv
4388,0,0,0,Reader_1_9.csv
4388,1,1,0,Reader_2_1.csv
4388,1,1,0,Reader_2_10.csv
4388,1,1,0,Reader_2_11.csv
4388,1,1,0,Reader_2_12.csv
4388,1,0,1,Reader_2_2.csv
4388,0,0,0,Reader_2_3.csv
4388,0,0,0,Reader_2_4.csv
4388,1,1,0,Reader_2_5.csv
4388,0,0,0,Reader_2_6.csv
4388,1,1,0,Reader_2_7.csv
4388,0,0,0,Reader_2_8.csv
4388,0,0,0,Reader_2_9.csv
4388,2,0,2,reader_3_1.csv
4388,22,22,0,Reader_3_2.csv
4388,0,0,0,Reader_3_3.csv
4388,0,0,0,Reader_3_4.csv
4388,0,0,0,Reader_3_5.csv
4388,0,0,0,Reader_3_6.csv
4388,0,0,0,Reader_3_7.csv
4389,5,3,2,Reader_1_1.csv
4389,3,3,0,Reader_1_10.csv
4389,2,2,0,Reader_1_11.csv
4389,1,1,0,Reader_1_12.csv
4389,0,0,0,Reader_1_2.csv
4389,4,4,0,Reader_1_3.csv
4389,0,0,0,Reader_1_4.csv
4389,4,4,0,Reader_1_5.csv
4389,0,0,0,Reader_1_6.csv
4389,1,0,1,Reader_1_7.csv
4389,1,1,0,Reader_1_8.csv
4389,0,0,0,Reader_1_9.csv
4389,1,1,0,Reader_2_1.csv
4389,1,1,0,Reader_2_10.csv
4389,0,0,0,Reader_2_11.csv
4389,1,1,0,Reader_2_12.csv
4389,2,1,1,Reader_2_2.csv
4389,0,0,0,Reader_2_3.csv
4389,1,1,0,Reader_2_4.csv
4389,1,1,0,Reader_2_5.csv
4389,0,0,0,Reader_2_6.csv
4389,1,1,0,Reader_2_7.csv
4389,0,0,0,Reader_2_8.csv
4389,0,0,0,Reader_2_9.csv
4389,3,1,2,reader_3_1.csv
4389,25,25,0,Reader_3_2.csv
4389,0,0,0,Reader_3_3.csv
4389,0,0,0,Reader_3_4.csv
4389,0,0,0,Reader_3_5.csv
4389,0,0,0,Reader_3_6.csv
4389,0,0,0,Reader_3_7.csv
4390,4,3,1,Reader_1_1.csv
4390,4,4,0,Reader_1_10.csv
4390,2,2,0,Reader_1_11.csv
4390,0,0,0,Reader_1_12.csv
4390,0,0,0,Reader_1_2.csv
4390,4,4,0,Reader_1_3.csv
4390,0,0,0,Reader_1_4.csv
4390,3,3,0,Reader_1_5.csv
4390,0,0,0,Reader_1_6.csv
4390,1,0,1,Reader_1_7.csv
4390,1,1,0,Reader_1_8.csv
4390,0,0,0,Reader_1_9.csv
4390,2,2,0,Reader_2_1.csv
4390,1,1,0,Reader_2_10.csv
4390,0,0,0,Reader_2_11.csv
4390,3,3,0,Reader_2_12.csv
4390,2,1,1,Reader_2_2.csv
4390,0,0,0,Reader_2_3.csv
4390,1,1,0,Reader_2_4.csv
4390,1,1,0,Reader_2_5.csv
4390,0,0,0,Reader_2_6.csv
4390,0,0,0,Reader_2_7.csv
4390,0,0,0,Reader_2_8.csv
4390,0,0,0,Reader_2_9.csv
4390,3,1,2,reader_3_1.csv
4390,23,23,0,Reader_3_2.csv
4390,0,0,0,Reader_3_3.csv
4390,0,0,0,Reader_3_4.csv
4390,0,0,0,Reader_3_5.csv
4390,0,0,0,Reader_3_6.csv
4390,0,0,0,Reader_3_7.csv
4391,4,3,1,Reader_1_1.csv
4391,4,4,0,Reader_1_10.csv
4391,3,3,0,Reader_1_11.csv
4391,0,0,0,Reader_1_12.csv
4391,0,0,0,Reader_1_2.csv
4391,4,4,0,Reader_1_3.csv
4391,0,0,0,Reader_1_4.csv
4391,4,4,0,Reader_1_5.csv
4391,0,0,0,Reader_1_6.csv
4391,0,0,0,Reader_1_7.csv
4391,1,1,0,Reader_1_8.csv
4391,0,0,0,Reader_1_9.csv
4391,2,2,0,Reader_2_1.csv
4391,1,1,0,Reader_2_10.csv
4391,0,0,0,Reader_2_11.csv
4391,3,3,0,Reader_2_12.csv
4391,2,1,1,Reader_2_2.csv
4391,0,0,0,Reader_2_3.csv
4391,1,1,0,Reader_2_4.csv
4391,1,1,0,Reader_2_5.csv
4391,0,0,0,Reader_2_6.csv
4391,0,0,0,Reader_2_7.csv
4391,0,0,0,Reader_2_8.csv
4391,0,0,0,Reader_2_9.csv
4391,3,1,2,reader_3_1.csv
4391,19,19,0,Reader_3_2.csv
4391,0,0,0,Reader_3_3.csv
4391,0,0,0,Reader_3_4.csv
4391,0,0,0,Reader_3_5.csv
4391,0,0,0,Reader_3_6.csv
4391,0,0,0,Reader_3_7.csv
4392,8,6,2,Reader_1_1.csv
4392,5,5,0,Reader_1_10.csv
4392,3,3,0,Reader_1_11.csv
4392,0,0,0,Reader_1_12.csv
4392,0,0,0,Reader_1_2.csv
4392,2,2,0,Reader_1_3.csv
4392,0,0,0,Reader_1_4.csv
4392,4,4,0,Reader_1_5.csv
4392,0,0,0,Reader_1_6.csv
4392,0,0,0,Reader_1_7.csv
4392,1,1,0,Reader_1_8.csv
4392,0,0,0,Reader_1_9.csv
4392,3,3,0,Reader_2_1.csv
4392,0,0,0,Reader_2_10.csv
4392,0,0,0,Reader_2_11.csv
4392,3,3,0,Reader_2_12.csv
4392,2,1,1,Reader_2_2.csv
4392,0,0,0,Reader_2_3.csv
4392,1,1,0,Reader_2_4.csv
4392,1,1,0,Reader_2_5.csv
4392,0,0,0,Reader_2_6.csv
4392,0,0,0,Reader_2_7.csv
4392,0,0,0,Reader_2_8.csv
4392,0,0,0,Reader_2_9.csv
4392,1,1,0,reader_3_1.csv
4392,21,21,0,Reader_3_2.csv
4392,0,0,0,Reader_3_3.csv
4392,0,0,0,Reader_3_4.csv
4392,0,0,0,Reader_3_5.csv
4392,0,0,0,Reader_3_6.csv
4392,0,0,0,Reader_3_7.csv
4393,7,5,2,Reader_1_1.csv
4393,5,5,0,Reader_1_10.csv
4393,3,3,0,Reader_1_11.csv
4393,0,0,0,Reader_1_12.csv
4393,0,0,0,Reader_1_2.csv
4393,3,2,1,Reader_1_3.csv
4393,0,0,0,Reader_1_4.csv
4393,5,5,0,Reader_1_5.csv
4393,0,0,0,Reader_1_6.csv
4393,0,0,0,Reader_1_7.csv
4393,0,0,0,Reader_1_8.csv
4393,0,0,0,Reader_1_9.csv
4393,3,3,0,Reader_2_1.csv
4393,0,0,0,Reader_2_10.csv
4393,0,0,0,Reader_2_11.csv
4393,3,3,0,Reader_2_12.csv
4393,2,1,1,Reader_2_2.csv
4393,0,0,0,Reader_2_3.csv
4393,1,1,0,Reader_2_4.csv
4393,1,1,0,Reader_2_5.csv
4393,0,0,0,Reader_2_6.csv
4393,0,0,0,Reader_2_7.csv
4393,1,0,1,Reader_2_8.csv
4393,0,0,0,Reader_2_9.csv
4393,1,1,0,reader_3_1.csv
4393,19,19,0,Reader_3_2.csv
4393,0,0,0,Reader_3_3.csv
4393,0,0,0,Reader_3_4.csv
4393,0,0,0,Reader_3_5.csv
4393,0,0,0,Reader_3_6.csv
4393,0,0,0,Reader_3_7.csv
4394,6,5,1,Reader_1_1.csv
4394,4,4,0,Reader_1_10.csv
4394,3,3,0,Reader_1_11.csv
4394,0,0,0,Reader_1_12.csv
4394,0,0,0,Reader_1_2.csv
4394,3,2,1,Reader_1_3.csv
4394,0,0,0,Reader_1_4.csv
4394,5,5,0,Reader_1_5.csv
4394,0,0,0,Reader_1_6.csv
4394,0,0,0,Reader_1_7.csv
4394,0,0,0,Reader_1_8.csv
4394,0,0,0,Reader_1_9.csv
4394,3,3,0,Reader_2_1.csv
4394,0,0,0,Reader_2_10.csv
4394,0,0,0,Reader_2_11.csv
4394,4,4,0,Reader_2_12.csv
4394,2,1,1,Reader_2_2.csv
4394,0,0,0,Reader_2_3.csv
4394,1,1,0,Reader_2_4.csv
4394,0,0,0,Reader_2_5.csv
4394,0,0,0,Reader_2_6.csv
4394,0,0,0,Reader_2_7.csv
4394,1,0,1,Reader_2_8.csv
4394,0,0,0,Reader_2_9.csv
4394,2,1,1,reader_3_1.csv
4394,18,18,0,Reader_3_2.csv
4394,0,0,0,Reader_3_3.csv
4394,0,0,0,Reader_3_4.csv
4394,0,0,0,Reader_3_5.csv
4394,0,0,0,Reader_3_6.csv
4394,0,0,0,Reader_3_7.csv
4395,7,6,1,Reader_1_1.csv
4395,4,4,0,Reader_1_10.csv
4395,3,3,0,Reader_1_11.csv
4395,0,0,0,Reader_1_12.csv
4395,0,0,0,Reader_1_2.csv
4395,4,3,1,Reader_1_3.csv
4395,0,0,0,Reader_1_4.csv
4395,4,4,0,Reader_1_5.csv
4395,0,0,0,Reader_1_6.csv
4395,0,0,0,Reader_1_7.csv
4395,0,0,0,Reader_1_8.csv
4395,0,0,0,Reader_1_9.csv
4395,2,2,0,Reader_2_1.csv
4395,0,0,0,Reader_2_10.csv
4395,0,0,0,Reader_2_11.csv
4395,3,3,0,Reader_2_12.csv
4395,1,1,0,Reader_2_2.csv
4395,1,0,1,Reader_2_3.csv
4395,1,1,0,Reader_2_4.csv
4395,0,0,0,Reader_2_5.csv
4395,1,1,0,Reader_2_6.csv
4395,0,0,0,Reader_2_7.csv
4395,1,0,1,Reader_2_8.csv
4395,0,0,0,Reader_2_9.csv
4395,2,1,1,reader_3_1.csv
4395,15,15,0,Reader_3_2.csv
4395,0,0,0,Reader_3_3.csv
4395,0,0,0,Reader_3_4.csv
4395,0,0,0,Reader_3_5.csv
4395,0,0,0,Reader_3_6.csv
4395,0,0,0,Reader_3_7.csv
4396,6,5,1,Reader_1_1.csv
4396,3,3,0,Reader_1_10.csv
4396,2,2,0,Reader_1_11.csv
4396,1,1,0,Reader_1_12.csv
4396,0,0,0,Reader_1_2.csv
4396,4,3,1,Reader_1_3.csv
4396,0,0,0,Reader_1_4.csv
4396,3,3,0,Reader_1_5.csv
4396,0,0,0,Reader_1_6.csv
4396,0,0,0,Reader_1_7.csv
4396,0,0,0,Reader_1_8.csv
4396,0,0,0,Reader_1_9.csv
4396,2,2,0,Reader_2_1.csv
4396,0,0,0,Reader_2_10.csv
4396,0,0,0,Reader_2_11.csv
4396,3,3,0,Reader_2_12.csv
4396,1,1,0,Reader_2_2.csv
4396,1,0,1,Reader_2_3.csv
4396,2,2,0,Reader_2_4.csv
4396,1,1,0,Reader_2_5.csv
4396,1,1,0,Reader_2_6.csv
4396,0,0,0,Reader_2_7.csv
4396,1,0,1,Reader_2_8.csv
4396,0,0,0,Reader_2_9.csv
4396,1,0,1,reader_3_1.csv
4396,15,15,0,Reader_3_2.csv
4396,0,0,0,Reader_3_3.csv
4396,0,0,0,Reader_3_4.csv
4396,0,0,0,Reader_3_5.csv
4396,0,0,0,Reader_3_6.csv
4396,0,0,0,Reader_3_7.csv
4397,7,5,2,Reader_1_1.csv
4397,2,2,0,Reader_1_10.csv
4397,3,3,0,Reader_1_11.csv
4397,1,1,0,Reader_1_12.csv
4397,0,0,0,Reader_1_2.csv
4397,4,3,1,Reader_1_3.csv
4397,0,0,0,Reader_1_4.csv
4397,3,3,0,Reader_1_5.csv
4397,0,0,0,Reader_1_6.csv
4397,0,0,0,Reader_1_7.csv
4397,0,0,0,Reader_1_8.csv
4397,0,0,0,Reader_1_9.csv
4397,2,2,0,Reader_2_1.csv
4397,0,0,0,Reader_2_10.csv
4397,0,0,0,Reader_2_11.csv
4397,3,3,0,Reader_2_12.csv
4397,0,0,0,Reader_2_2.csv
4397,1,0,1,Reader_2_3.csv
4397,1,1,0,Reader_2_4.csv
4397,1,1,0,Reader_2_5.csv
4397,1,1,0,Reader_2_6.csv
4397,0,0,0,Reader_2_7.csv
4397,1,0,1,Reader_2_8.csv
4397,1,1,0,Reader_2_9.csv
4397,1,0,1,reader_3_1.csv
4397,12,12,0,Reader_3_2.csv
4397,0,0,0,Reader_3_3.csv
4397,0,0,0,Reader_3_4.csv
4397,0,0,0,Reader_3_5.csv
4397,0,0,0,Reader_3_6.csv
4397,0,0,0,Reader_3_7.csv
4398,7,5,2,Reader_1_1.csv
4398,1,1,0,Reader_1_10.csv
4398,3,3,0,Reader_1_11.csv
4398,1,1,0,Reader_1_12.csv
4398,0,0,0,Reader_1_2.csv
4398,4,3,1,Reader_1_3.csv
4398,0,0,0,Reader_1_4.csv
4398,3,3,0,Reader_1_5.csv
4398,0,0,0,Reader_1_6.csv
4398,0,0,0,Reader_1_7.csv
4398,0,0,0,Reader_1_8.csv
4398,0,0,0,Reader_1_9.csv
4398,1,1,0,Reader_2_1.csv
4398,0,0,0,Reader_2_10.csv
4398,0,0,0,Reader_2_11.csv
4398,1,1,0,Reader_2_12.csv
4398,0,0,0,Reader_2_2.csv
4398,2,0,2,Reader_2_3.csv
4398,1,1,0,Reader_2_4.csv
4398,1,1,0,Reader_2_5.csv
4398,1,1,0,Reader_2_6.csv
4398,0,0,0,Reader_2_7.csv
4398,1,0,1,Reader_2_8.csv
4398,1,1,0,Reader_2_9.csv
4398,2,1,1,reader_3_1.csv
4398,10,10,0,Reader_3_2.csv
4398,0,0,0,Reader_3_3.csv
4398,0,0,0,Reader_3_4.csv
4398,0,0,0,Reader_3_5.csv
4398,0,0,0,Reader_3_6.csv
4398,0,0,0,Reader_3_7.csv
4399,7,5,2,Reader_1_1.csv
4399,1,1,0,Reader_1_10.csv
4399,4,4,0,Reader_1_11.csv
4399,1,1,0,Reader_1_12.csv
4399,0,0,0,Reader_1_2.csv
4399,3,2,1,Reader_1_3.csv
4399,0,0,0,Reader_1_4.csv
4399,2,2,0,Reader_1_5.csv
4399,0,0,0,Reader_1_6.csv
4399,0,0,0,Reader_1_7.csv
4399,0,0,0,Reader_1_8.csv
4399,0,0,0,Reader_1_9.csv
4399,1,1,0,Reader_2_1.csv
4399,0,0,0,Reader_2_10.csv
4399,0,0,0,Reader_2_11.csv
4399,1,1,0,Reader_2_12.csv
4399,0,0,0,Reader_2_2.csv
4399,2,0,2,Reader_2_3.csv
4399,1,1,0,Reader_2_4.csv
4399,1,1,0,Reader_2_5.csv
4399,1,1,0,Reader_2_6.csv
4399,0,0,0,Reader_2_7.csv
4399,1,0,1,Reader_2_8.csv
4399,1,1,0,Reader_2_9.csv
4399,2,1,1,reader_3_1.csv
4399,10,10,0,Reader_3_2.csv
4399,0,0,0,Reader_3_3.csv
4399,0,0,0,Reader_3_4.csv
4399,0,0,0,Reader_3_5.csv
4399,0,0,0,Reader_3_6.csv
4399,0,0,0,Reader_3_7.csv
4400,3,2,1,Reader_1_1.csv
4400,0,0,0,Reader_1_10.csv
4400,4,4,0,Reader_1_11.csv
4400,1,1,0,Reader_1_12.csv
4400,0,0,0,Reader_1_2.csv
4400,3,2,1,Reader_1_3.csv
4400,0,0,0,Reader_1_4.csv
4400,2,2,0,Reader_1_5.csv
4400,0,0,0,Reader_1_6.csv
4400,0,0,0,Reader_1_7.csv
4400,0,0,0,Reader_1_8.csv
4400,0,0,0,Reader_1_9.csv
4400,0,0,0,Reader_2_1.csv
4400,0,0,0,Reader_2_10.csv
4400,0,0,0,Reader_2_11.csv
4400,1,1,0,Reader_2_12.csv
4400,2,2,0,Reader_2_2.csv
4400,2,0,2,Reader_2_3.csv
4400,1,1,0,Reader_2_4.csv
4400,1,1,0,Reader_2_5.csv
4400,1,1,0,Reader_2_6.csv
4400,0,0,0,Reader_2_7.csv
4400,1,0,1,Reader_2_8.csv
4400,2,2,0,Reader_2_9.csv
4400,2,1,1,reader_3_1.csv
4400,8,8,0,Reader_3_2.csv
4400,0,0,0,Reader_3_3.csv
4400,0,0,0,Reader_3_4.csv
4400,0,0,0,Reader_3_5.csv
4400,0,0,0,Reader_3_6.csv
4400,0,0,0,Reader_3_7.csv
4401,3,2,1,Reader_1_1.csv
4401,1,1,0,Reader_1_10.csv
4401,4,4,0,Reader_1_11.csv
4401,1,1,0,Reader_1_12.csv
4401,0,0,0,Reader_1_2.csv
4401,2,2,0,Reader_1_3.csv
4401,0,0,0,Reader_1_4.csv
4401,1,1,0,Reader_1_5.csv
4401,0,0,0,Reader_1_6.csv
4401,0,0,0,Reader_1_7.csv
4401,0,0,0,Reader_1_8.csv
4401,0,0,0,Reader_1_9.csv
4401,0,0,0,Reader_2_1.csv
4401,0,0,0,Reader_2_10.csv
4401,1,1,0,Reader_2_11.csv
4401,1,1,0,Reader_2_12.csv
4401,2,2,0,Reader_2_2.csv
4401,2,0,2,Reader_2_3.csv
4401,2,1,1,Reader_2_4.csv
4401,1,1,0,Reader_2_5.csv
4401,1,1,0,Reader_2_6.csv
4401,0,0,0,Reader_2_7.csv
4401,0,0,0,Reader_2_8.csv
4401,2,2,0,Reader_2_9.csv
4401,2,1,1,reader_3_1.csv
4401,6,6,0,Reader_3_2.csv
4401,0,0,0,Reader_3_3.csv
4401,0,0,0,Reader_3_4.csv
4401,0,0,0,Reader_3_5.csv
4401,0,0,0,Reader_3_6.csv
4401,0,0,0,Reader_3_7.csv
4402,4,3,1,Reader_1_1.csv
4402,1,1,0,Reader_1_10.csv
4402,4,4,0,Reader_1_11.csv
4402,1,1,0,Reader_1_12.csv
4402,0,0,0,Reader_1_2.csv
4402,2,2,0,Reader_1_3.csv
4402,0,0,0,Reader_1_4.csv
4402,1,1,0,Reader_1_5.csv
4402,0,0,0,Reader_1_6.csv
4402,0,0,0,Reader_1_7.csv
4402,0,0,0,Reader_1_8.csv
4402,0,0,0,Reader_1_9.csv
4402,0,0,0,Reader_2_1.csv
4402,0,0,0,Reader_2_10.csv
4402,2,2,0,Reader_2_11.csv
4402,1,1,0,Reader_2_12.csv
4402,3,3,0,Reader_2_2.csv
4402,2,0,2,Reader_2_3.csv
4402,2,1,1,Reader_2_4.csv
4402,1,1,0,Reader_2_5.csv
4402,1,1,0,Reader_2_6.csv
4402,0,0,0,Reader_2_7.csv
4402,0,0,0,Reader_2_8.csv
4402,2,2,0,Reader_2_9.csv
4402,2,1,1,reader_3_1.csv
4402,4,4,0,Reader_3_2.csv
4402,0,0,0,Reader_3_3.csv
4402,0,0,0,Reader_3_4.csv
4402,0,0,0,Reader_3_5.csv
4402,0,0,0,Reader_3_6.csv
4402,0,0,0,Reader_3_7.csv
4403,4,3,1,Reader_1_1.csv
4403,1,1,0,Reader_1_10.csv
4403,3,3,0,Reader_1_11.csv
4403,1,1,0,Reader_1_12.csv
4403,0,0,0,Reader_1_2.csv
4403,1,1,0,Reader_1_3.csv
4403,0,0,0,Reader_1_4.csv
4403,1,1,0,Reader_1_5.csv
4403,0,0,0,Reader_1_6.csv
4403,2,1,1,Reader_1_7.csv
4403,0,0,0,Reader_1_8.csv
4403,0,0,0,Reader_1_9.csv
4403,0,0,0,Reader_2_1.csv
4403,1,1,0,Reader_2_10.csv
4403,3,3,0,Reader_2_11.csv
4403,1,1,0,Reader_2_12.csv
4403,3,3,0,Reader_2_2.csv
4403,1,0,1,Reader_2_3.csv
4403,2,1,1,Reader_2_4.csv
4403,1,1,0,Reader_2_5.csv
4403,0,0,0,Reader_2_6.csv
4403,0,0,0,Reader_2_7.csv
4403,0,0,0,Reader_2_8.csv
4403,2,2,0,Reader_2_9.csv
4403,3,2,1,reader_3_1.csv
4403,5,5,0,Reader_3_2.csv
4403,0,0,0,Reader_3_3.csv
4403,0,0,0,Reader_3_4.csv
4403,0,0,0,Reader_3_5.csv
4403,0,0,0,Reader_3_6.csv
4403,0,0,0,Reader_3_7.csv
4404,4,3,1,Reader_1_1.csv
4404,1,1,0,Reader_1_10.csv
4404,3,3,0,Reader_1_11.csv
4404,0,0,0,Reader_1_12.csv
4404,0,0,0,Reader_1_2.csv
4404,1,1,0,Reader_1_3.csv
4404,0,0,0,Reader_1_4.csv
4404,1,1,0,Reader_1_5.csv
4404,0,0,0,Reader_1_6.csv
4404,2,1,1,Reader_1_7.csv
4404,0,0,0,Reader_1_8.csv
4404,0,0,0,Reader_1_9.csv
4404,0,0,0,Reader_2_1.csv
4404,1,1,0,Reader_2_10.csv
4404,3,3,0,Reader_2_11.csv
4404,1,1,0,Reader_2_12.csv
4404,5,5,0,Reader_2_2.csv
4404,1,0,1,Reader_2_3.csv
4404,1,0,1,Reader_2_4.csv
4404,0,0,0,Reader_2_5.csv
4404,0,0,0,Reader_2_6.csv
4404,0,0,0,Reader_2_7.csv
4404,0,0,0,Reader_2_8.csv
4404,3,3,0,Reader_2_9.csv
4404,3,2,1,reader_3_1.csv
4404,2,2,0,Reader_3_2.csv
4404,0,0,0,Reader_3_3.csv
4404,0,0,0,Reader_3_4.csv
4404,0,0,0,Reader_3_5.csv
4404,0,0,0,Reader_3_6.csv
4404,0,0,0,Reader_3_7.csv
4405,2,2,0,Reader_1_1.csv
4405,1,1,0,Reader_1_10.csv
4405,3,3,0,Reader_1_11.csv
4405,0,0,0,Reader_1_12.csv
4405,0,0,0,Reader_1_2.csv
4405,0,0,0,Reader_1_3.csv
4405,0,0,0,Reader_1_4.csv
4405,0,0,0,Reader_1_5.csv
4405,0,0,0,Reader_1_6.csv
4405,2,1,1,Reader_1_7.csv
4405,0,0,0,Reader_1_8.csv
4405,0,0,0,Reader_1_9.csv
4405,0,0,0,Reader_2_1.csv
4405,1,1,0,Reader_2_10.csv
4405,3,3,0,Reader_2_11.csv
4405,1,1,0,Reader_2_12.csv
4405,8,8,0,Reader_2_2.csv
4405,1,0,1,Reader_2_3.csv
4405,1,0,1,Reader_2_4.csv
4405,0,0,0,Reader_2_5.csv
4405,0,0,0,Reader_2_6.csv
4405,0,0,0,Reader_2_7.csv
4405,0,0,0,Reader_2_8.csv
4405,2,2,0,Reader_2_9.csv
4405,5,3,2,reader_3_1.csv
4405,2,2,0,Reader_3_2.csv
4405,0,0,0,Reader_3_3.csv
4405,0,0,0,Reader_3_4.csv
4405,0,0,0,Reader_3_5.csv
4405,0,0,0,Reader_3_6.csv
4405,0,0,0,Reader_3_7.csv
4406,2,2,0,Reader_1_1.csv
4406,1,1,0,Reader_1_10.csv
4406,3,3,0,Reader_1_11.csv
4406,0,0,0,Reader_1_12.csv
4406,0,0,0,Reader_1_2.csv
4406,0,0,0,Reader_1_3.csv
4406,0,0,0,Reader_1_4.csv
4406,0,0,0,Reader_1_5.csv
4406,0,0,0,Reader_1_6.csv
4406,2,1,1,Reader_1_7.csv
4406,0,0,0,Reader_1_8.csv
4406,0,0,0,Reader_1_9.csv
4406,0,0,0,Reader_2_1.csv
4406,1,1,0,Reader_2_10.csv
4406,3,3,0,Reader_2_11.csv
4406,1,1,0,Reader_2_12.csv
4406,8,8,0,Reader_2_2.csv
4406,0,0,0,Reader_2_3.csv
4406,1,0,1,Reader_2_4.csv
4406,0,0,0,Reader_2_5.csv
4406,0,0,0,Reader_2_6.csv
4406,0,0,0,Reader_2_7.csv
4406,0,0,0,Reader_2_8.csv
4406,2,2,0,Reader_2_9.csv
4406,4,2,2,reader_3_1.csv
4406,2,2,0,Reader_3_2.csv
4406,0,0,0,Reader_3_3.csv
4406,0,0,0,Reader_3_4.csv
4406,0,0,0,Reader_3_5.csv
4406,0,0,0,Reader_3_6.csv
4406,0,0,0,Reader_3_7.csv
4407,4,4,0,Reader_1_1.csv
4407,1,1,0,Reader_1_10.csv
4407,1,1,0,Reader_1_11.csv
4407,0,0,0,Reader_1_12.csv
4407,0,0,0,Reader_1_2.csv
4407,0,0,0,Reader_1_3.csv
4407,0,0,0,Reader_1_4.csv
4407,0,0,0,Reader_1_5.csv
4407,0,0,0,Reader_1_6.csv
4407,2,1,1,Reader_1_7.csv
4407,0,0,0,Reader_1_8.csv
4407,0,0,0,Reader_1_9.csv
4407,0,0,0,Reader_2_1.csv
4407,1,1,0,Reader_2_10.csv
4407,3,3,0,Reader_2_11.csv
4407,2,2,0,Reader_2_12.csv
4407,8,8,0,Reader_2_2.csv
4407,0,0,0,Reader_2_3.csv
4407,1,0,1,Reader_2_4.csv
4407,0,0,0,Reader_2_5.csv
4407,0,0,0,Reader_2_6.csv
4407,1,1,0,Reader_2_7.csv
4407,0,0,0,Reader_2_8.csv
4407,2,2,0,Reader_2_9.csv
4407,4,2,2,reader_3_1.csv
4407,2,2,0,Reader_3_2.csv
4407,0,0,0,Reader_3_3.csv
4407,0,0,0,Reader_3_4.csv
4407,0,0,0,Reader_3_5.csv
4407,0,0,0,Reader_3_6.csv
4407,0,0,0,Reader_3_7.csv
4408,4,4,0,Reader_1_1.csv
4408,1,1,0,Reader_1_10.csv
4408,1,1,0,Reader_1_11.csv
4408,0,0,0,Reader_1_12.csv
4408,0,0,0,Reader_1_2.csv
4408,0,0,0,Reader_1_3.csv
4408,0,0,0,Reader_1_4.csv
4408,0,0,0,Reader_1_5.csv
4408,0,0,0,Reader_1_6.csv
4408,2,1,1,Reader_1_7.csv
4408,0,0,0,Reader_1_8.csv
4408,0,0,0,Reader_1_9.csv
4408,1,1,0,Reader_2_1.csv
4408,1,1,0,Reader_2_10.csv
4408,3,3,0,Reader_2_11.csv
4408,2,2,0,Reader_2_12.csv
4408,6,6,0,Reader_2_2.csv
4408,0,0,0,Reader_2_3.csv
4408,1,0,1,Reader_2_4.csv
4408,0,0,0,Reader_2_5.csv
4408,0,0,0,Reader_2_6.csv
4408,1,1,0,Reader_2_7.csv
4408,0,0,0,Reader_2_8.csv
4408,1,1,0,Reader_2_9.csv
4408,4,2,2,reader_3_1.csv
4408,2,2,0,Reader_3_2.csv
4408,0,0,0,Reader_3_3.csv
4408,0,0,0,Reader_3_4.csv
4408,0,0,0,Reader_3_5.csv
4408,0,0,0,Reader_3_6.csv
4408,0,0,0,Reader_3_7.csv
4409,4,4,0,Reader_1_1.csv
4409,0,0,0,Reader_1_10.csv
4409,1,1,0,Reader_1_11.csv
4409,0,0,0,Reader_1_12.csv
4409,0,0,0,Reader_1_2.csv
4409,0,0,0,Reader_1_3.csv
4409,0,0,0,Reader_1_4.csv
4409,0,0,0,Reader_1_5.csv
4409,0,0,0,Reader_1_6.csv
4409,3,2,1,Reader_1_7.csv
4409,0,0,0,Reader_1_8.csv
4409,0,0,0,Reader_1_9.csv
4409,1,1,0,Reader_2_1.csv
4409,1,1,0,Reader_2_10.csv
4409,2,2,0,Reader_2_11.csv
4409,2,2,0,Reader_2_12.csv
4409,6,6,0,Reader_2_2.csv
4409,0,0,0,Reader_2_3.csv
4409,0,0,0,Reader_2_4.csv
4409,0,0,0,Reader_2_5.csv
4409,0,0,0,Reader_2_6.csv
4409,1,1,0,Reader_2_7.csv
4409,1,1,0,Reader_2_8.csv
4409,1,1,0,Reader_2_9.csv
4409,4,2,2,reader_3_1.csv
4409,2,2,0,Reader_3_2.csv
4409,0,0,0,Reader_3_3.csv
4409,0,0,0,Reader_3_4.csv
4409,0,0,0,Reader_3_5.csv
4409,0,0,0,Reader_3_6.csv
4409,0,0,0,Reader_3_7.csv
4410,3,3,0,Reader_1_1.csv
4410,0,0,0,Reader_1_10.csv
4410,1,1,0,Reader_1_11.csv
4410,0,0,0,Reader_1_12.csv
4410,0,0,0,Reader_1_2.csv
4410,0,0,0,Reader_1_3.csv
4410,0,0,0,Reader_1_4.csv
4410,0,0,0,Reader_1_5.csv
4410,1,0,1,Reader_1_6.csv
4410,3,2,1,Reader_1_7.csv
4410,0,0,0,Reader_1_8.csv
4410,0,0,0,Reader_1_9.csv
4410,1,1,0,Reader_2_1.csv
4410,1,1,0,Reader_2_10.csv
4410,1,1,0,Reader_2_11.csv
4410,1,1,0,Reader_2_12.csv
4410,5,5,0,Reader_2_2.csv
4410,1,1,0,Reader_2_3.csv
4410,0,0,0,Reader_2_4.csv
4410,0,0,0,Reader_2_5.csv
4410,0,0,0,Reader_2_6.csv
4410,1,1,0,Reader_2_7.csv
4410,1,1,0,Reader_2_8.csv
4410,2,2,0,Reader_2_9.csv
4410,3,2,1,reader_3_1.csv
4410,2,2,0,Reader_3_2.csv
4410,0,0,0,Reader_3_3.csv
4410,0,0,0,Reader_3_4.csv
4410,0,0,0,Reader_3_5.csv
4410,0,0,0,Reader_3_6.csv
4410,0,0,0,Reader_3_7.csv
4411,2,2,0,Reader_1_1.csv
4411,0,0,0,Reader_1_10.csv
4411,1,1,0,Reader_1_11.csv
4411,0,0,0,Reader_1_12.csv
4411,0,0,0,Reader_1_2.csv
4411,0,0,0,Reader_1_3.csv
4411,0,0,0,Reader_1_4.csv
4411,0,0,0,Reader_1_5.csv
4411,1,0,1,Reader_1_6.csv
4411,2,2,0,Reader_1_7.csv
4411,0,0,0,Reader_1_8.csv
4411,0,0,0,Reader_1_9.csv
4411,1,1,0,Reader_2_1.csv
4411,0,0,0,Reader_2_10.csv
4411,0,0,0,Reader_2_11.csv
4411,1,1,0,Reader_2_12.csv
4411,5,5,0,Reader_2_2.csv
4411,1,1,0,Reader_2_3.csv
4411,0,0,0,Reader_2_4.csv
4411,0,0,0,Reader_2_5.csv
4411,0,0,0,Reader_2_6.csv
4411,1,1,0,Reader_2_7.csv
4411,1,1,0,Reader_2_8.csv
4411,2,2,0,Reader_2_9.csv
4411,2,1,1,reader_3_1.csv
4411,1,1,0,Reader_3_2.csv
4411,0,0,0,Reader_3_3.csv
4411,0,0,0,Reader_3_4.csv
4411,0,0,0,Reader_3_5.csv
4411,0,0,0,Reader_3_6.csv
4411,0,0,0,Reader_3_7.csv
4412,2,2,0,Reader_1_1.csv
4412,0,0,0,Reader_1_10.csv
4412,1,1,0,Reader_1_11.csv
4412,1,1,0,Reader_1_12.csv
4412,0,0,0,Reader_1_2.csv
4412,0,0,0,Reader_1_3.csv
4412,0,0,0,Reader_1_4.csv
4412,0,0,0,Reader_1_5.csv
4412,1,0,1,Reader_1_6.csv
4412,2,2,0,Reader_1_7.csv
4412,0,0,0,Reader_1_8.csv
4412,0,0,0,Reader_1_9.csv
4412,2,2,0,Reader_2_1.csv
4412,0,0,0,Reader_2_10.csv
4412,0,0,0,Reader_2_11.csv
4412,1,1,0,Reader_2_12.csv
4412,4,4,0,Reader_2_2.csv
4412,1,1,0,Reader_2_3.csv
4412,0,0,0,Reader_2_4.csv
4412,0,0,0,Reader_2_5.csv
4412,0,0,0,Reader_2_6.csv
4412,2,2,0,Reader_2_7.csv
4412,1,1,0,Reader_2_8.csv
4412,1,1,0,Reader_2_9.csv
4412,2,1,1,reader_3_1.csv
4412,2,2,0,Reader_3_2.csv
4412,0,0,0,Reader_3_3.csv
4412,0,0,0,Reader_3_4.csv
4412,0,0,0,Reader_3_5.csv
4412,0,0,0,Reader_3_6.csv
4412,0,0,0,Reader_3_7.csv
4413,3,2,1,Reader_1_1.csv
4413,0,0,0,Reader_1_10.csv
4413,0,0,0,Reader_1_11.csv
4413,1,1,0,Reader_1_12.csv
4413,0,0,0,Reader_1_2.csv
4413,0,0,0,Reader_1_3.csv
4413,0,0,0,Reader_1_4.csv
4413,0,0,0,Reader_1_5.csv
4413,1,0,1,Reader_1_6.csv
4413,2,2,0,Reader_1_7.csv
4413,0,0,0,Reader_1_8.csv
4413,0,0,0,Reader_1_9.csv
4413,2,2,0,Reader_2_1.csv
4413,0,0,0,Reader_2_10.csv
4413,0,0,0,Reader_2_11.csv
4413,1,1,0,Reader_2_12.csv
4413,1,1,0,Reader_2_2.csv
4413,1,1,0,Reader_2_3.csv
4413,0,0,0,Reader_2_4.csv
4413,0,0,0,Reader_2_5.csv
4413,0,0,0,Reader_2_6.csv
4413,2,2,0,Reader_2_7.csv
4413,1,1,0,Reader_2_8.csv
4413,2,2,0,Reader_2_9.csv
4413,0,0,0,reader_3_1.csv
4413,1,1,0,Reader_3_2.csv
4413,0,0,0,Reader_3_3.csv
4413,0,0,0,Reader_3_4.csv
4413,0,0,0,Reader_3_5.csv
4413,0,0,0,Reader_3_6.csv
4413,0,0,0,Reader_3_7.csv
4414,3,2,1,Reader_1_1.csv
4414,0,0,0,Reader_1_10.csv
4414,0,0,0,Reader_1_11.csv
4414,1,1,0,Reader_1_12.csv
4414,0,0,0,Reader_1_2.csv
4414,0,0,0,Reader_1_3.csv
4414,0,0,0,Reader_1_4.csv
4414,1,1,0,Reader_1_5.csv
4414,1,0,1,Reader_1_6.csv
4414,3,3,0,Reader_1_7.csv
4414,0,0,0,Reader_1_8.csv
4414,0,0,0,Reader_1_9.csv
4414,2,2,0,Reader_2_1.csv
4414,0,0,0,Reader_2_10.csv
4414,0,0,0,Reader_2_11.csv
4414,1,1,0,Reader_2_12.csv
4414,1,1,0,Reader_2_2.csv
4414,1,1,0,Reader_2_3.csv
4414,0,0,0,Reader_2_4.csv
4414,0,0,0,Reader_2_5.csv
4414,0,0,0,Reader_2_6.csv
4414,2,2,0,Reader_2_7.csv
4414,1,1,0,Reader_2_8.csv
4414,2,2,0,Reader_2_9.csv
4414,0,0,0,reader_3_1.csv
4414,1,1,0,Reader_3_2.csv
4414,0,0,0,Reader_3_3.csv
4414,0,0,0,Reader_3_4.csv
4414,0,0,0,Reader_3_5.csv
4414,0,0,0,Reader_3_6.csv
4414,0,0,0,Reader_3_7.csv
4415,1,0,1,Reader_1_1.csv
4415,0,0,0,Reader_1_10.csv
4415,0,0,0,Reader_1_11.csv
4415,1,1,0,Reader_1_12.csv
4415,0,0,0,Reader_1_2.csv
4415,0,0,0,Reader_1_3.csv
4415,0,0,0,Reader_1_4.csv
4415,1,1,0,Reader_1_5.csv
4415,1,0,1,Reader_1_6.csv
4415,3,3,0,Reader_1_7.csv
4415,0,0,0,Reader_1_8.csv
4415,0,0,0,Reader_1_9.csv
4415,2,2,0,Reader_2_1.csv
4415,0,0,0,Reader_2_10.csv
4415,0,0,0,Reader_2_11.csv
4415,0,0,0,Reader_2_12.csv
4415,3,3,0,Reader_2_2.csv
4415,1,1,0,Reader_2_3.csv
4415,0,0,0,Reader_2_4.csv
4415,0,0,0,Reader_2_5.csv
4415,0,0,0,Reader_2_6.csv
4415,1,1,0,Reader_2_7.csv
4415,1,1,0,Reader_2_8.csv
4415,2,2,0,Reader_2_9.csv
4415,1,0,1,reader_3_1.csv
4415,1,1,0,Reader_3_2.csv
4415,0,0,0,Reader_3_3.csv
4415,0,0,0,Reader_3_4.csv
4415,0,0,0,Reader_3_5.csv
4415,0,0,0,Reader_3_6.csv
4415,0,0,0,Reader_3_7.csv
4416,1,0,1,Reader_1_1.csv
4416,1,1,0,Reader_1_10.csv
4416,1,1,0,Reader_1_11.csv
4416,1,1,0,Reader_1_12.csv
4416,0,0,0,Reader_1_2.csv
4416,0,0,0,Reader_1_3.csv
4416,0,0,0,Reader_1_4.csv
4416,1,1,0,Reader_1_5.csv
4416,1,0,1,Reader_1_6.csv
4416,3,3,0,Reader_1_7.csv
4416,0,0,0,Reader_1_8.csv
4416,0,0,0,Reader_1_9.csv
4416,1,1,0,Reader_2_1.csv
4416,0,0,0,Reader_2_10.csv
4416,0,0,0,Reader_2_11.csv
4416,0,0,0,Reader_2_12.csv
4416,3,3,0,Reader_2_2.csv
4416,1,1,0,Reader_2_3.csv
4416,0,0,0,Reader_2_4.csv
4416,0,0,0,Reader_2_5.csv
4416,0,0,0,Reader_2_6.csv
4416,1,1,0,Reader_2_7.csv
4416,1,1,0,Reader_2_8.csv
4416,2,2,0,Reader_2_9.csv
4416,1,0,1,reader_3_1.csv
4416,1,1,0,Reader_3_2.csv
4416,0,0,0,Reader_3_3.csv
4416,0,0,0,Reader_3_4.csv
4416,0,0,0,Reader_3_5.csv
4416,0,0,0,Reader_3_6.csv
4416,0,0,0,Reader_3_7.csv
4417,1,0,1,Reader_1_1.csv
4417,1,1,0,Reader_1_10.csv
4417,1,1,0,Reader_1_11.csv
4417,1,1,0,Reader_1_12.csv
4417,0,0,0,Reader_1_2.csv
4417,0,0,0,Reader_1_3.csv
4417,0,0,0,Reader_1_4.csv
4417,1,1,0,Reader_1_5.csv
4417,1,0,1,Reader_1_6.csv
4417,2,2,0,Reader_1_7.csv
4417,0,0,0,Reader_1_8.csv
4417,0,0,0,Reader_1_9.csv
4417,1,1,0,Reader_2_1.csv
4417,1,1,0,Reader_2_10.csv
4417,0,0,0,Reader_2_11.csv
4417,0,0,0,Reader_2_12.csv
4417,3,3,0,Reader_2_2.csv
4417,1,1,0,Reader_2_3.csv
4417,0,0,0,Reader_2_4.csv
4417,0,0,0,Reader_2_5.csv
4417,0,0,0,Reader_2_6.csv
4417,1,1,0,Reader_2_7.csv
4417,0,0,0,Reader_2_8.csv
4417,2,2,0,Reader_2_9.csv
4417,1,0,1,reader_3_1.csv
4417,1,1,0,Reader_3_2.csv
4417,0,0,0,Reader_3_3.csv
4417,0,0,0,Reader_3_4.csv
4417,0,0,0,Reader_3_5.csv
4417,0,0,0,Reader_3_6.csv
4417,0,0,0,Reader_3_7.csv
4418,1,0,1,Reader_1_1.csv
4418,1,1,0,Reader_1_10.csv
4418,2,2,0,Reader_1_11.csv
4418,1,1,0,Reader_1_12.csv
4418,0,0,0,Reader_1_2.csv
4418,0,0,0,Reader_1_3.csv
4418,0,0,0,Reader_1_4.csv
4418,1,1,0,Reader_1_5.csv
4418,0,0,0,Reader_1_6.csv
4418,2,2,0,Reader_1_7.csv
4418,0,0,0,Reader_1_8.csv
4418,0,0,0,Reader_1_9.csv
4418,1,1,0,Reader_2_1.csv
4418,1,1,0,Reader_2_10.csv
4418,0,0,0,Reader_2_11.csv
4418,0,0,0,Reader_2_12.csv
4418,3,3,0,Reader_2_2.csv
4418,0,0,0,Reader_2_3.csv
4418,0,0,0,Reader_2_4.csv
4418,0,0,0,Reader_2_5.csv
4418,0,0,0,Reader_2_6.csv
4418,1,1,0,Reader_2_7.csv
4418,0,0,0,Reader_2_8.csv
4418,1,1,0,Reader_2_9.csv
4418,1,0,1,reader_3_1.csv
4418,1,1,0,Reader_3_2.csv
4418,0,0,0,Reader_3_3.csv
4418,0,0,0,Reader_3_4.csv
4418,0,0,0,Reader_3_5.csv
4418,0,0,0,Reader_3_6.csv
4418,0,0,0,Reader_3_7.csv
4419,2,1,1,Reader_1_1.csv
4419,1,1,0,Reader_1_10.csv
4419,3,3,0,Reader_1_11.csv
4419,1,1,0,Reader_1_12.csv
4419,0,0,0,Reader_1_2.csv
4419,0,0,0,Reader_1_3.csv
4419,1,1,0,Reader_1_4.csv
4419,1,1,0,Reader_1_5.csv
4419,0,0,0,Reader_1_6.csv
4419,1,1,0,Reader_1_7.csv
4419,0,0,0,Reader_1_8.csv
4419,0,0,0,Reader_1_9.csv
4419,1,1,0,Reader_2_1.csv
4419,1,1,0,Reader_2_10.csv
4419,0,0,0,Reader_2_11.csv
4419,0,0,0,Reader_2_12.csv
4419,3,3,0,Reader_2_2.csv
4419,0,0,0,Reader_2_3.csv
4419,0,0,0,Reader_2_4.csv
4419,0,0,0,Reader_2_5.csv
4419,0,0,0,Reader_2_6.csv
4419,1,1,0,Reader_2_7.csv
4419,0,0,0,Reader_2_8.csv
4419,1,1,0,Reader_2_9.csv
4419,1,0,1,reader_3_1.csv
4419,1,1,0,Reader_3_2.csv
4419,0,0,0,Reader_3_3.csv
4419,0,0,0,Reader_3_4.csv
4419,0,0,0,Reader_3_5.csv
4419,0,0,0,Reader_3_6.csv
4419,0,0,0,Reader_3_7.csv
4420,3,2,1,Reader_1_1.csv
4420,1,1,0,Reader_1_10.csv
4420,4,4,0,Reader_1_11.csv
4420,0,0,0,Reader_1_12.csv
4420,0,0,0,Reader_1_2.csv
4420,0,0,0,Reader_1_3.csv
4420,1,1,0,Reader_1_4.csv
4420,1,1,0,Reader_1_5.csv
4420,0,0,0,Reader_1_6.csv
4420,1,1,0,Reader_1_7.csv
4420,0,0,0,Reader_1_8.csv
4420,0,0,0,Reader_1_9.csv
4420,0,0,0,Reader_2_1.csv
4420,2,2,0,Reader_2_10.csv
4420,1,1,0,Reader_2_11.csv
4420,0,0,0,Reader_2_12.csv
4420,3,3,0,Reader_2_2.csv
4420,0,0,0,Reader_2_3.csv
4420,0,0,0,Reader_2_4.csv
4420,0,0,0,Reader_2_5.csv
4420,0,0,0,Reader_2_6.csv
4420,0,0,0,Reader_2_7.csv
4420,0,0,0,Reader_2_8.csv
4420,1,1,0,Reader_2_9.csv
4420,1,0,1,reader_3_1.csv
4420,0,0,0,Reader_3_2.csv
4420,0,0,0,Reader_3_3.csv
4420,0,0,0,Reader_3_4.csv
4420,0,0,0,Reader_3_5.csv
4420,0,0,0,Reader_3_6.csv
4420,0,0,0,Reader_3_7.csv
4421,2,2,0,Reader_1_1.csv
4421,1,1,0,Reader_1_10.csv
4421,4,4,0,Reader_1_11.csv
4421,0,0,0,Reader_1_12.csv
4421,0,0,0,Reader_1_2.csv
4421,0,0,0,Reader_1_3.csv
4421,2,2,0,Reader_1_4.csv
4421,1,1,0,Reader_1_5.csv
4421,0,0,0,Reader_1_6.csv
4421,1,1,0,Reader_1_7.csv
4421,0,0,0,Reader_1_8.csv
4421,0,0,0,Reader_1_9.csv
4421,0,0,0,Reader_2_1.csv
4421,2,2,0,Reader_2_10.csv
4421,1,1,0,Reader_2_11.csv
4421,0,0,0,Reader_2_12.csv
4421,4,3,1,Reader_2_2.csv
4421,0,0,0,Reader_2_3.csv
4421,0,0,0,Reader_2_4.csv
4421,0,0,0,Reader_2_5.csv
4421,0,0,0,Reader_2_6.csv
4421,0,0,0,Reader_2_7.csv
4421,0,0,0,Reader_2_8.csv
4421,0,0,0,Reader_2_9.csv
4421,1,0,1,reader_3_1.csv
4421,0,0,0,Reader_3_2.csv
4421,0,0,0,Reader_3_3.csv
4421,0,0,0,Reader_3_4.csv
4421,0,0,0,Reader_3_5.csv
4421,0,0,0,Reader_3_6.csv
4421,0,0,0,Reader_3_7.csv
4422,5,5,0,Reader_1_1.csv
4422,1,1,0,Reader_1_10.csv
4422,4,4,0,Reader_1_11.csv
4422,0,0,0,Reader_1_12.csv
4422,0,0,0,Reader_1_2.csv
4422,0,0,0,Reader_1_3.csv
4422,2,2,0,Reader_1_4.csv
4422,0,0,0,Reader_1_5.csv
4422,0,0,0,Reader_1_6.csv
4422,0,0,0,Reader_1_7.csv
4422,0,0,0,Reader_1_8.csv
4422,0,0,0,Reader_1_9.csv
4422,0,0,0,Reader_2_1.csv
4422,2,2,0,Reader_2_10.csv
4422,1,1,0,Reader_2_11.csv
4422,0,0,0,Reader_2_12.csv
4422,4,3,1,Reader_2_2.csv
4422,0,0,0,Reader_2_3.csv
4422,0,0,0,Reader_2_4.csv
4422,0,0,0,Reader_2_5.csv
4422,0,0,0,Reader_2_6.csv
4422,0,0,0,Reader_2_7.csv
4422,0,0,0,Reader_2_8.csv
4422,0,0,0,Reader_2_9.csv
4422,2,1,1,reader_3_1.csv
4422,0,0,0,Reader_3_2.csv
4422,0,0,0,Reader_3_3.csv
4422,0,0,0,Reader_3_4.csv
4422,0,0,0,Reader_3_5.csv
4422,0,0,0,Reader_3_6.csv
4422,0,0,0,Reader_3_7.csv
4423,5,5,0,Reader_1_1.csv
4423,1,1,0,Reader_1_10.csv
4423,4,4,0,Reader_1_11.csv
4423,0,0,0,Reader_1_12.csv
4423,0,0,0,Reader_1_2.csv
4423,0,0,0,Reader_1_3.csv
4423,2,2,0,Reader_1_4.csv
4423,0,0,0,Reader_1_5.csv
4423,0,0,0,Reader_1_6.csv
4423,1,1,0,Reader_1_7.csv
4423,0,0,0,Reader_1_8.csv
4423,0,0,0,Reader_1_9.csv
4423,0,0,0,Reader_2_1.csv
4423,2,2,0,Reader_2_10.csv
4423,1,1,0,Reader_2_11.csv
4423,0,0,0,Reader_2_12.csv
4423,2,1,1,Reader_2_2.csv
4423,0,0,0,Reader_2_3.csv
4423,0,0,0,Reader_2_4.csv
4423,0,0,0,Reader_2_5.csv
4423,0,0,0,Reader_2_6.csv
4423,0,0,0,Reader_2_7.csv
4423,0,0,0,Reader_2_8.csv
4423,0,0,0,Reader_2_9.csv
4423,1,1,0,reader_3_1.csv
4423,0,0,0,Reader_3_2.csv
4423,0,0,0,Reader_3_3.csv
4423,0,0,0,Reader_3_4.csv
4423,0,0,0,Reader_3_5.csv
4423,0,0,0,Reader_3_6.csv
4423,0,0,0,Reader_3_7.csv
4424,5,5,0,Reader_1_1.csv
4424,0,0,0,Reader_1_10.csv
4424,3,3,0,Reader_1_11.csv
4424,0,0,0,Reader_1_12.csv
4424,0,0,0,Reader_1_2.csv
4424,0,0,0,Reader_1_3.csv
4424,2,2,0,Reader_1_4.csv
4424,0,0,0,Reader_1_5.csv
4424,0,0,0,Reader_1_6.csv
4424,1,1,0,Reader_1_7.csv
4424,0,0,0,Reader_1_8.csv
4424,0,0,0,Reader_1_9.csv
4424,0,0,0,Reader_2_1.csv
4424,2,2,0,Reader_2_10.csv
4424,1,1,0,Reader_2_11.csv
4424,0,0,0,Reader_2_12.csv
4424,2,1,1,Reader_2_2.csv
4424,0,0,0,Reader_2_3.csv
4424,0,0,0,Reader_2_4.csv
4424,0,0,0,Reader_2_5.csv
4424,0,0,0,Reader_2_6.csv
4424,0,0,0,Reader_2_7.csv
4424,0,0,0,Reader_2_8.csv
4424,0,0,0,Reader_2_9.csv
4424,1,1,0,reader_3_1.csv
4424,0,0,0,Reader_3_2.csv
4424,0,0,0,Reader_3_3.csv
4424,0,0,0,Reader_3_4.csv
4424,0,0,0,Reader_3_5.csv
4424,0,0,0,Reader_3_6.csv
4424,0,0,0,Reader_3_7.csv
4425,6,6,0,Reader_1_1.csv
4425,0,0,0,Reader_1_10.csv
4425,3,3,0,Reader_1_11.csv
4425,0,0,0,Reader_1_12.csv
4425,0,0,0,Reader_1_2.csv
4425,0,0,0,Reader_1_3.csv
4425,2,2,0,Reader_1_4.csv
4425,1,1,0,Reader_1_5.csv
4425,0,0,0,Reader_1_6.csv
4425,1,1,0,Reader_1_7.csv
4425,0,0,0,Reader_1_8.csv
4425,0,0,0,Reader_1_9.csv
4425,0,0,0,Reader_2_1.csv
4425,1,1,0,Reader_2_10.csv
4425,1,1,0,Reader_2_11.csv
4425,0,0,0,Reader_2_12.csv
4425,2,1,1,Reader_2_2.csv
4425,0,0,0,Reader_2_3.csv
4425,0,0,0,Reader_2_4.csv
4425,0,0,0,Reader_2_5.csv
4425,0,0,0,Reader_2_6.csv
4425,0,0,0,Reader_2_7.csv
4425,0,0,0,Reader_2_8.csv
4425,0,0,0,Reader_2_9.csv
4425,1,1,0,reader_3_1.csv
4425,1,1,0,Reader_3_2.csv
4425,0,0,0,Reader_3_3.csv
4425,0,0,0,Reader_3_4.csv
4425,0,0,0,Reader_3_5.csv
4425,0,0,0,Reader_3_6.csv
4425,0,0,0,Reader_3_7.csv
4426,6,6,0,Reader_1_1.csv
4426,0,0,0,Reader_1_10.csv
4426,2,2,0,Reader_1_11.csv
4426,0,0,0,Reader_1_12.csv
4426,0,0,0,Reader_1_2.csv
4426,0,0,0,Reader_1_3.csv
4426,2,2,0,Reader_1_4.csv
4426,1,1,0,Reader_1_5.csv
4426,0,0,0,Reader_1_6.csv
4426,1,1,0,Reader_1_7.csv
4426,0,0,0,Reader_1_8.csv
4426,0,0,0,Reader_1_9.csv
4426,1,1,0,Reader_2_1.csv
4426,1,1,0,Reader_2_10.csv
4426,1,1,0,Reader_2_11.csv
4426,0,0,0,Reader_2_12.csv
4426,2,1,1,Reader_2_2.csv
4426,0,0,0,Reader_2_3.csv
4426,0,0,0,Reader_2_4.csv
4426,0,0,0,Reader_2_5.csv
4426,0,0,0,Reader_2_6.csv
4426,0,0,0,Reader_2_7.csv
4426,0,0,0,Reader_2_8.csv
4426,0,0,0,Reader_2_9.csv
4426,1,1,0,reader_3_1.csv
4426,1,1,0,Reader_3_2.csv
4426,0,0,0,Reader_3_3.csv
4426,0,0,0,Reader_3_4.csv
4426,0,0,0,Reader_3_5.csv
4426,0,0,0,Reader_3_6.csv
4426,0,0,0,Reader_3_7.csv
4427,5,5,0,Reader_1_1.csv
4427,0,0,0,Reader_1_10.csv
4427,1,1,0,Reader_1_11.csv
4427,0,0,0,Reader_1_12.csv
4427,0,0,0,Reader_1_2.csv
4427,1,1,0,Reader_1_3.csv
4427,1,1,0,Reader_1_4.csv
4427,1,1,0,Reader_1_5.csv
4427,0,0,0,Reader_1_6.csv
4427,1,1,0,Reader_1_7.csv
4427,0,0,0,Reader_1_8.csv
4427,2,2,0,Reader_1_9.csv
4427,1,1,0,Reader_2_1.csv
4427,2,2,0,Reader_2_10.csv
4427,2,1,1,Reader_2_11.csv
4427,0,0,0,Reader_2_12.csv
4427,4,3,1,Reader_2_2.csv
4427,0,0,0,Reader_2_3.csv
4427,0,0,0,Reader_2_4.csv
4427,0,0,0,Reader_2_5.csv
4427,0,0,0,Reader_2_6.csv
4427,0,0,0,Reader_2_7.csv
4427,0,0,0,Reader_2_8.csv
4427,0,0,0,Reader_2_9.csv
4427,1,1,0,reader_3_1.csv
4427,1,1,0,Reader_3_2.csv
4427,0,0,0,Reader_3_3.csv
4427,0,0,0,Reader_3_4.csv
4427,0,0,0,Reader_3_5.csv
4427,0,0,0,Reader_3_6.csv
4427,0,0,0,Reader_3_7.csv
4428,4,4,0,Reader_1_1.csv
4428,0,0,0,Reader_1_10.csv
4428,0,0,0,Reader_1_11.csv
4428,0,0,0,Reader_1_12.csv
4428,0,0,0,Reader_1_2.csv
4428,1,1,0,Reader_1_3.csv
4428,1,1,0,Reader_1_4.csv
4428,1,1,0,Reader_1_5.csv
4428,1,0,1,Reader_1_6.csv
4428,1,1,0,Reader_1_7.csv
4428,0,0,0,Reader_1_8.csv
4428,2,2,0,Reader_1_9.csv
4428,1,1,0,Reader_2_1.csv
4428,2,2,0,Reader_2_10.csv
4428,1,0,1,Reader_2_11.csv
4428,0,0,0,Reader_2_12.csv
4428,3,2,1,Reader_2_2.csv
4428,0,0,0,Reader_2_3.csv
4428,0,0,0,Reader_2_4.csv
4428,0,0,0,Reader_2_5.csv
4428,0,0,0,Reader_2_6.csv
4428,0,0,0,Reader_2_7.csv
4428,0,0,0,Reader_2_8.csv
4428,0,0,0,Reader_2_9.csv
4428,1,1,0,reader_3_1.csv
4428,1,1,0,Reader_3_2.csv
4428,0,0,0,Reader_3_3.csv
4428,0,0,0,Reader_3_4.csv
4428,0,0,0,Reader_3_5.csv
4428,0,0,0,Reader_3_6.csv
4428,0,0,0,Reader_3_7.csv
4429,5,5,0,Reader_1_1.csv
4429,0,0,0,Reader_1_10.csv
4429,0,0,0,Reader_1_11.csv
4429,0,0,0,Reader_1_12.csv
4429,0,0,0,Reader_1_2.csv
4429,1,1,0,Reader_1_3.csv
4429,2,2,0,Reader_1_4.csv
4429,1,1,0,Reader_1_5.csv
4429,1,0,1,Reader_1_6.csv
4429,2,2,0,Reader_1_7.csv
4429,0,0,0,Reader_1_8.csv
4429,2,2,0,Reader_1_9.csv
4429,1,1,0,Reader_2_1.csv
4429,2,2,0,Reader_2_10.csv
4429,1,0,1,Reader_2_11.csv
4429,1,1,0,Reader_2_12.csv
4429,2,2,0,Reader_2_2.csv
4429,0,0,0,Reader_2_3.csv
4429,0,0,0,Reader_2_4.csv
4429,0,0,0,Reader_2_5.csv
4429,0,0,0,Reader_2_6.csv
4429,0,0,0,Reader_2_7.csv
4429,0,0,0,Reader_2_8.csv
4429,0,0,0,Reader_2_9.csv
4429,1,1,0,reader_3_1.csv
4429,1,1,0,Reader_3_2.csv
4429,0,0,0,Reader_3_3.csv
4429,0,0,0,Reader_3_4.csv
4429,0,0,0,Reader_3_5.csv
4429,0,0,0,Reader_3_6.csv
4429,0,0,0,Reader_3_7.csv
4430,2,2,0,Reader_1_1.csv
4430,0,0,0,Reader_1_10.csv
4430,0,0,0,Reader_1_11.csv
4430,0,0,0,Reader_1_12.csv
4430,0,0,0,Reader_1_2.csv
4430,1,1,0,Reader_1_3.csv
4430,2,2,0,Reader_1_4.csv
4430,2,2,0,Reader_1_5.csv
4430,1,0,1,Reader_1_6.csv
4430,2,2,0,Reader_1_7.csv
4430,0,0,0,Reader_1_8.csv
4430,3,3,0,Reader_1_9.csv
4430,1,1,0,Reader_2_1.csv
4430,2,2,0,Reader_2_10.csv
4430,2,1,1,Reader_2_11.csv
4430,1,1,0,Reader_2_12.csv
4430,2,2,0,Reader_2_2.csv
4430,0,0,0,Reader_2_3.csv
4430,0,0,0,Reader_2_4.csv
4430,0,0,0,Reader_2_5.csv
4430,0,0,0,Reader_2_6.csv
4430,0,0,0,Reader_2_7.csv
4430,0,0,0,Reader_2_8.csv
4430,1,1,0,Reader_2_9.csv
4430,1,1,0,reader_3_1.csv
4430,1,1,0,Reader_3_2.csv
4430,0,0,0,Reader_3_3.csv
4430,0,0,0,Reader_3_4.csv
4430,0,0,0,Reader_3_5.csv
4430,0,0,0,Reader_3_6.csv
4430,0,0,0,Reader_3_7.csv
4431,2,2,0,Reader_1_1.csv
4431,1,1,0,Reader_1_10.csv
4431,0,0,0,Reader_1_11.csv
4431,0,0,0,Reader_1_12.csv
4431,0,0,0,Reader_1_2.csv
4431,2,2,0,Reader_1_3.csv
4431,2,2,0,Reader_1_4.csv
4431,2,2,0,Reader_1_5.csv
4431,1,0,1,Reader_1_6.csv
4431,1,1,0,Reader_1_7.csv
4431,1,1,0,Reader_1_8.csv
4431,3,3,0,Reader_1_9.csv
4431,1,1,0,Reader_2_1.csv
4431,2,2,0,Reader_2_10.csv
4431,2,1,1,Reader_2_11.csv
4431,1,1,0,Reader_2_12.csv
4431,3,3,0,Reader_2_2.csv
4431,0,0,0,Reader_2_3.csv
4431,0,0,0,Reader_2_4.csv
4431,0,0,0,Reader_2_5.csv
4431,0,0,0,Reader_2_6.csv
4431,0,0,0,Reader_2_7.csv
4431,0,0,0,Reader_2_8.csv
4431,1,1,0,Reader_2_9.csv
4431,3,3,0,reader_3_1.csv
4431,3,2,1,Reader_3_2.csv
4431,0,0,0,Reader_3_3.csv
4431,0,0,0,Reader_3_4.csv
4431,0,0,0,Reader_3_5.csv
4431,0,0,0,Reader_3_6.csv
4431,0,0,0,Reader_3_7.csv
4432,2,2,0,Reader_1_1.csv
4432,1,1,0,Reader_1_10.csv
4432,0,0,0,Reader_1_11.csv
4432,0,0,0,Reader_1_12.csv
4432,0,0,0,Reader_1_2.csv
4432,2,2,0,Reader_1_3.csv
4432,2,2,0,Reader_1_4.csv
4432,2,2,0,Reader_1_5.csv
4432,1,0,1,Reader_1_6.csv
4432,1,1,0,Reader_1_7.csv
4432,1,1,0,Reader_1_8.csv
4432,4,4,0,Reader_1_9.csv
4432,1,1,0,Reader_2_1.csv
4432,2,2,0,Reader_2_10.csv
4432,2,1,1,Reader_2_11.csv
4432,1,1,0,Reader_2_12.csv
4432,3,3,0,Reader_2_2.csv
4432,0,0,0,Reader_2_3.csv
4432,0,0,0,Reader_2_4.csv
4432,0,0,0,Reader_2_5.csv
4432,0,0,0,Reader_2_6.csv
4432,0,0,0,Reader_2_7.csv
4432,0,0,0,Reader_2_8.csv
4432,1,1,0,Reader_2_9.csv
4432,4,3,1,reader_3_1.csv
4432,3,2,1,Reader_3_2.csv
4432,0,0,0,Reader_3_3.csv
4432,0,0,0,Reader_3_4.csv
4432,0,0,0,Reader_3_5.csv
4432,0,0,0,Reader_3_6.csv
4432,0,0,0,Reader_3_7.csv
4433,2,2,0,Reader_1_1.csv
4433,2,2,0,Reader_1_10.csv
4433,0,0,0,Reader_1_11.csv
4433,0,0,0,Reader_1_12.csv
4433,0,0,0,Reader_1_2.csv
4433,3,2,1,Reader_1_3.csv
4433,2,2,0,Reader_1_4.csv
4433,1,1,0,Reader_1_5.csv
4433,1,0,1,Reader_1_6.csv
4433,2,2,0,Reader_1_7.csv
4433,1,1,0,Reader_1_8.csv
4433,4,4,0,Reader_1_9.csv
4433,1,1,0,Reader_2_1.csv
4433,2,2,0,Reader_2_10.csv
4433,2,1,1,Reader_2_11.csv
4433,1,1,0,Reader_2_12.csv
4433,3,3,0,Reader_2_2.csv
4433,0,0,0,Reader_2_3.csv
4433,0,0,0,Reader_2_4.csv
4433,0,0,0,Reader_2_5.csv
4433,0,0,0,Reader_2_6.csv
4433,0,0,0,Reader_2_7.csv
4433,0,0,0,Reader_2_8.csv
4433,1,1,0,Reader_2_9.csv
4433,4,3,1,reader_3_1.csv
4433,2,1,1,Reader_3_2.csv
4433,0,0,0,Reader_3_3.csv
4433,0,0,0,Reader_3_4.csv
4433,0,0,0,Reader_3_5.csv
4433,0,0,0,Reader_3_6.csv
4433,0,0,0,Reader_3_7.csv
4434,2,2,0,Reader_1_1.csv
4434,2,2,0,Reader_1_10.csv
4434,0,0,0,Reader_1_11.csv
4434,0,0,0,Reader_1_12.csv
4434,0,0,0,Reader_1_2.csv
4434,3,2,1,Reader_1_3.csv
4434,2,2,0,Reader_1_4.csv
4434,2,2,0,Reader_1_5.csv
4434,1,0,1,Reader_1_6.csv
4434,2,2,0,Reader_1_7.csv
4434,1,1,0,Reader_1_8.csv
4434,4,4,0,Reader_1_9.csv
4434,0,0,0,Reader_2_1.csv
4434,2,2,0,Reader_2_10.csv
4434,2,1,1,Reader_2_11.csv
4434,1,1,0,Reader_2_12.csv
4434,3,3,0,Reader_2_2.csv
4434,0,0,0,Reader_2_3.csv
4434,0,0,0,Reader_2_4.csv
4434,0,0,0,Reader_2_5.csv
4434,0,0,0,Reader_2_6.csv
4434,0,0,0,Reader_2_7.csv
4434,0,0,0,Reader_2_8.csv
4434,1,1,0,Reader_2_9.csv
4434,4,3,1,reader_3_1.csv
4434,3,2,1,Reader_3_2.csv
4434,0,0,0,Reader_3_3.csv
4434,0,0,0,Reader_3_4.csv
4434,0,0,0,Reader_3_5.csv
4434,0,0,0,Reader_3_6.csv
4434,0,0,0,Reader_3_7.csv
4435,4,2,2,Reader_1_1.csv
4435,2,2,0,Reader_1_10.csv
4435,0,0,0,Reader_1_11.csv
4435,0,0,0,Reader_1_12.csv
4435,0,0,0,Reader_1_2.csv
4435,2,1,1,Reader_1_3.csv
4435,2,2,0,Reader_1_4.csv
4435,2,2,0,Reader_1_5.csv
4435,1,0,1,Reader_1_6.csv
4435,2,2,0,Reader_1_7.csv
4435,1,1,0,Reader_1_8.csv
4435,2,2,0,Reader_1_9.csv
4435,0,0,0,Reader_2_1.csv
4435,1,1,0,Reader_2_10.csv
4435,1,1,0,Reader_2_11.csv
4435,1,1,0,Reader_2_12.csv
4435,1,1,0,Reader_2_2.csv
4435,1,1,0,Reader_2_3.csv
4435,0,0,0,Reader_2_4.csv
4435,0,0,0,Reader_2_5.csv
4435,0,0,0,Reader_2_6.csv
4435,0,0,0,Reader_2_7.csv
4435,0,0,0,Reader_2_8.csv
4435,1,1,0,Reader_2_9.csv
4435,4,3,1,reader_3_1.csv
4435,4,2,2,Reader_3_2.csv
4435,0,0,0,Reader_3_3.csv
4435,0,0,0,Reader_3_4.csv
4435,0,0,0,Reader_3_5.csv
4435,0,0,0,Reader_3_6.csv
4435,0,0,0,Reader_3_7.csv
4436,8,6,2,Reader_1_1.csv
4436,2,2,0,Reader_1_10.csv
4436,0,0,0,Reader_1_11.csv
4436,0,0,0,Reader_1_12.csv
4436,0,0,0,Reader_1_2.csv
4436,3,2,1,Reader_1_3.csv
4436,3,3,0,Reader_1_4.csv
4436,2,2,0,Reader_1_5.csv
4436,0,0,0,Reader_1_6.csv
4436,2,2,0,Reader_1_7.csv
4436,1,1,0,Reader_1_8.csv
4436,2,2,0,Reader_1_9.csv
4436,0,0,0,Reader_2_1.csv
4436,0,0,0,Reader_2_10.csv
4436,1,1,0,Reader_2_11.csv
4436,1,1,0,Reader_2_12.csv
4436,1,1,0,Reader_2_2.csv
4436,1,1,0,Reader_2_3.csv
4436,0,0,0,Reader_2_4.csv
4436,0,0,0,Reader_2_5.csv
4436,0,0,0,Reader_2_6.csv
4436,0,0,0,Reader_2_7.csv
4436,0,0,0,Reader_2_8.csv
4436,2,2,0,Reader_2_9.csv
4436,4,3,1,reader_3_1.csv
4436,4,2,2,Reader_3_2.csv
4436,0,0,0,Reader_3_3.csv
4436,0,0,0,Reader_3_4.csv
4436,0,0,0,Reader_3_5.csv
4436,0,0,0,Reader_3_6.csv
4436,0,0,0,Reader_3_7.csv
4437,7,5,2,Reader_1_1.csv
4437,2,2,0,Reader_1_10.csv
4437,0,0,0,Reader_1_11.csv
4437,0,0,0,Reader_1_12.csv
4437,0,0,0,Reader_1_2.csv
4437,3,2,1,Reader_1_3.csv
4437,1,1,0,Reader_1_4.csv
4437,2,2,0,Reader_1_5.csv
4437,0,0,0,Reader_1_6.csv
4437,1,1,0,Reader_1_7.csv
4437,1,1,0,Reader_1_8.csv
4437,2,2,0,Reader_1_9.csv
4437,0,0,0,Reader_2_1.csv
4437,0,0,0,Reader_2_10.csv
4437,2,1,1,Reader_2_11.csv
4437,0,0,0,Reader_2_12.csv
4437,1,1,0,Reader_2_2.csv
4437,1,1,0,Reader_2_3.csv
4437,0,0,0,Reader_2_4.csv
4437,0,0,0,Reader_2_5.csv
4437,1,1,0,Reader_2_6.csv
4437,2,2,0,Reader_2_7.csv
4437,0,0,0,Reader_2_8.csv
4437,2,2,0,Reader_2_9.csv
4437,4,3,1,reader_3_1.csv
4437,5,2,3,Reader_3_2.csv
4437,0,0,0,Reader_3_3.csv
4437,0,0,0,Reader_3_4.csv
4437,0,0,0,Reader_3_5.csv
4437,0,0,0,Reader_3_6.csv
4437,0,0,0,Reader_3_7.csv
4438,7,5,2,Reader_1_1.csv
4438,2,2,0,Reader_1_10.csv
4438,0,0,0,Reader_1_11.csv
4438,0,0,0,Reader_1_12.csv
4438,0,0,0,Reader_1_2.csv
4438,5,4,1,Reader_1_3.csv
4438,1,1,0,Reader_1_4.csv
4438,1,1,0,Reader_1_5.csv
4438,0,0,0,Reader_1_6.csv
4438,1,1,0,Reader_1_7.csv
4438,1,1,0,Reader_1_8.csv
4438,2,2,0,Reader_1_9.csv
4438,0,0,0,Reader_2_1.csv
4438,0,0,0,Reader_2_10.csv
4438,1,0,1,Reader_2_11.csv
4438,0,0,0,Reader_2_12.csv
4438,1,1,0,Reader_2_2.csv
4438,1,1,0,Reader_2_3.csv
4438,0,0,0,Reader_2_4.csv
4438,0,0,0,Reader_2_5.csv
4438,1,1,0,Reader_2_6.csv
4438,3,2,1,Reader_2_7.csv
4438,0,0,0,Reader_2_8.csv
4438,1,1,0,Reader_2_9.csv
4438,3,2,1,reader_3_1.csv
4438,5,2,3,Reader_3_2.csv
4438,0,0,0,Reader_3_3.csv
4438,0,0,0,Reader_3_4.csv
4438,0,0,0,Reader_3_5.csv
4438,0,0,0,Reader_3_6.csv
4438,0,0,0,Reader_3_7.csv
4439,10,7,3,Reader_1_1.csv
4439,1,1,0,Reader_1_10.csv
4439,0,0,0,Reader_1_11.csv
4439,0,0,0,Reader_1_12.csv
4439,0,0,0,Reader_1_2.csv
4439,6,5,1,Reader_1_3.csv
4439,1,1,0,Reader_1_4.csv
4439,1,1,0,Reader_1_5.csv
4439,0,0,0,Reader_1_6.csv
4439,1,1,0,Reader_1_7.csv
4439,0,0,0,Reader_1_8.csv
4439,2,2,0,Reader_1_9.csv
4439,0,0,0,Reader_2_1.csv
4439,0,0,0,Reader_2_10.csv
4439,1,0,1,Reader_2_11.csv
4439,0,0,0,Reader_2_12.csv
4439,0,0,0,Reader_2_2.csv
4439,1,1,0,Reader_2_3.csv
4439,0,0,0,Reader_2_4.csv
4439,0,0,0,Reader_2_5.csv
4439,1,1,0,Reader_2_6.csv
4439,3,2,1,Reader_2_7.csv
4439,0,0,0,Reader_2_8.csv
4439,1,1,0,Reader_2_9.csv
4439,2,1,1,reader_3_1.csv
4439,3,1,2,Reader_3_2.csv
4439,0,0,0,Reader_3_3.csv
4439,0,0,0,Reader_3_4.csv
4439,0,0,0,Reader_3_5.csv
4439,0,0,0,Reader_3_6.csv
4439,0,0,0,Reader_3_7.csv
4440,11,7,4,Reader_1_1.csv
4440,1,1,0,Reader_1_10.csv
4440,0,0,0,Reader_1_11.csv
4440,0,0,0,Reader_1_12.csv
4440,0,0,0,Reader_1_2.csv
4440,6,5,1,Reader_1_3.csv
4440,1,1,0,Reader_1_4.csv
4440,1,1,0,Reader_1_5.csv
4440,0,0,0,Reader_1_6.csv
4440,1,1,0,Reader_1_7.csv
4440,0,0,0,Reader_1_8.csv
4440,1,1,0,Reader_1_9.csv
4440,0,0,0,Reader_2_1.csv
4440,0,0,0,Reader_2_10.csv
4440,1,0,1,Reader_2_11.csv
4440,0,0,0,Reader_2_12.csv
4440,0,0,0,Reader_2_2.csv
4440,1,1,0,Reader_2_3.csv
4440,0,0,0,Reader_2_4.csv
4440,1,1,0,Reader_2_5.csv
4440,1,1,0,Reader_2_6.csv
4440,3,2,1,Reader_2_7.csv
4440,0,0,0,Reader_2_8.csv
4440,1,1,0,Reader_2_9.csv
4440,2,2,0,reader_3_1.csv
4440,3,1,2,Reader_3_2.csv
4440,0,0,0,Reader_3_3.csv
4440,0,0,0,Reader_3_4.csv
4440,0,0,0,Reader_3_5.csv
4440,0,0,0,Reader_3_6.csv
4440,0,0,0,Reader_3_7.csv
4441,12,8,4,Reader_1_1.csv
4441,0,0,0,Reader_1_10.csv
4441,0,0,0,Reader_1_11.csv
4441,0,0,0,Reader_1_12.csv
4441,0,0,0,Reader_1_2.csv
4441,5,5,0,Reader_1_3.csv
4441,1,1,0,Reader_1_4.csv
4441,1,1,0,Reader_1_5.csv
4441,0,0,0,Reader_1_6.csv
4441,0,0,0,Reader_1_7.csv
4441,0,0,0,Reader_1_8.csv
4441,1,1,0,Reader_1_9.csv
4441,0,0,0,Reader_2_1.csv
4441,0,0,0,Reader_2_10.csv
4441,1,0,1,Reader_2_11.csv
4441,0,0,0,Reader_2_12.csv
4441,0,0,0,Reader_2_2.csv
4441,1,1,0,Reader_2_3.csv
4441,0,0,0,Reader_2_4.csv
4441,1,1,0,Reader_2_5.csv
4441,1,1,0,Reader_2_6.csv
4441,4,3,1,Reader_2_7.csv
4441,0,0,0,Reader_2_8.csv
4441,1,1,0,Reader_2_9.csv
4441,3,3,0,reader_3_1.csv
4441,4,1,3,Reader_3_2.csv
4441,0,0,0,Reader_3_3.csv
4441,0,0,0,Reader_3_4.csv
4441,0,0,0,Reader_3_5.csv
4441,0,0,0,Reader_3_6.csv
4441,0,0,0,Reader_3_7.csv
4442,16,12,4,Reader_1_1.csv
4442,0,0,0,Reader_1_10.csv
4442,0,0,0,Reader_1_11.csv
4442,0,0,0,Reader_1_12.csv
4442,0,0,0,Reader_1_2.csv
4442,5,5,0,Reader_1_3.csv
4442,1,1,0,Reader_1_4.csv
4442,0,0,0,Reader_1_5.csv
4442,0,0,0,Reader_1_6.csv
4442,0,0,0,Reader_1_7.csv
4442,0,0,0,Reader_1_8.csv
4442,1,1,0,Reader_1_9.csv
4442,0,0,0,Reader_2_1.csv
4442,0,0,0,Reader_2_10.csv
4442,1,0,1,Reader_2_11.csv
4442,0,0,0,Reader_2_12.csv
4442,0,0,0,Reader_2_2.csv
4442,2,2,0,Reader_2_3.csv
4442,0,0,0,Reader_2_4.csv
4442,1,1,0,Reader_2_5.csv
4442,1,1,0,Reader_2_6.csv
4442,4,3,1,Reader_2_7.csv
4442,0,0,0,Reader_2_8.csv
4442,1,1,0,Reader_2_9.csv
4442,3,3,0,reader_3_1.csv
4442,3,0,3,Reader_3_2.csv
4442,0,0,0,Reader_3_3.csv
4442,0,0,0,Reader_3_4.csv
4442,0,0,0,Reader_3_5.csv
4442,0,0,0,Reader_3_6.csv
4442,0,0,0,Reader_3_7.csv
4443,15,13,2,Reader_1_1.csv
4443,0,0,0,Reader_1_10.csv
4443,0,0,0,Reader_1_11.csv
4443,0,0,0,Reader_1_12.csv
4443,0,0,0,Reader_1_2.csv
4443,6,6,0,Reader_1_3.csv
4443,1,1,0,Reader_1_4.csv
4443,0,0,0,Reader_1_5.csv
4443,0,0,0,Reader_1_6.csv
4443,0,0,0,Reader_1_7.csv
4443,0,0,0,Reader_1_8.csv
4443,1,1,0,Reader_1_9.csv
4443,1,0,1,Reader_2_1.csv
4443,0,0,0,Reader_2_10.csv
4443,1,0,1,Reader_2_11.csv
4443,0,0,0,Reader_2_12.csv
4443,0,0,0,Reader_2_2.csv
4443,1,1,0,Reader_2_3.csv
4443,0,0,0,Reader_2_4.csv
4443,1,1,0,Reader_2_5.csv
4443,1,1,0,Reader_2_6.csv
4443,5,4,1,Reader_2_7.csv
4443,0,0,0,Reader_2_8.csv
4443,1,1,0,Reader_2_9.csv
4443,3,3,0,reader_3_1.csv
4443,2,0,2,Reader_3_2.csv
4443,0,0,0,Reader_3_3.csv
4443,0,0,0,Reader_3_4.csv
4443,0,0,0,Reader_3_5.csv
4443,0,0,0,Reader_3_6.csv
4443,0,0,0,Reader_3_7.csv
4444,11,9,2,Reader_1_1.csv
4444,0,0,0,Reader_1_10.csv
4444,0,0,0,Reader_1_11.csv
4444,0,0,0,Reader_1_12.csv
4444,0,0,0,Reader_1_2.csv
4444,5,5,0,Reader_1_3.csv
4444,0,0,0,Reader_1_4.csv
4444,0,0,0,Reader_1_5.csv
4444,0,0,0,Reader_1_6.csv
4444,0,0,0,Reader_1_7.csv
4444,0,0,0,Reader_1_8.csv
4444,1,1,0,Reader_1_9.csv
4444,1,0,1,Reader_2_1.csv
4444,0,0,0,Reader_2_10.csv
4444,1,0,1,Reader_2_11.csv
4444,0,0,0,Reader_2_12.csv
4444,0,0,0,Reader_2_2.csv
4444,2,2,0,Reader_2_3.csv
4444,0,0,0,Reader_2_4.csv
4444,1,1,0,Reader_2_5.csv
4444,2,2,0,Reader_2_6.csv
4444,5,4,1,Reader_2_7.csv
4444,0,0,0,Reader_2_8.csv
4444,0,0,0,Reader_2_9.csv
4444,3,3,0,reader_3_1.csv
4444,2,0,2,Reader_3_2.csv
4444,0,0,0,Reader_3_3.csv
4444,0,0,0,Reader_3_4.csv
4444,0,0,0,Reader_3_5.csv
4444,0,0,0,Reader_3_6.csv
4444,0,0,0,Reader_3_7.csv
4445,12,10,2,Reader_1_1.csv
4445,0,0,0,Reader_1_10.csv
4445,0,0,0,Reader_1_11.csv
4445,0,0,0,Reader_1_12.csv
4445,0,0,0,Reader_1_2.csv
4445,5,5,0,Reader_1_3.csv
4445,0,0,0,Reader_1_4.csv
4445,0,0,0,Reader_1_5.csv
4445,0,0,0,Reader_1_6.csv
4445,0,0,0,Reader_1_7.csv
4445,0,0,0,Reader_1_8.csv
4445,1,1,0,Reader_1_9.csv
4445,2,1,1,Reader_2_1.csv
4445,0,0,0,Reader_2_10.csv
4445,0,0,0,Reader_2_11.csv
4445,0,0,0,Reader_2_12.csv
4445,0,0,0,Reader_2_2.csv
4445,2,2,0,Reader_2_3.csv
4445,0,0,0,Reader_2_4.csv
4445,1,1,0,Reader_2_5.csv
4445,2,2,0,Reader_2_6.csv
4445,3,2,1,Reader_2_7.csv
4445,0,0,0,Reader_2_8.csv
4445,0,0,0,Reader_2_9.csv
4445,5,5,0,reader_3_1.csv
4445,1,0,1,Reader_3_2.csv
4445,0,0,0,Reader_3_3.csv
4445,0,0,0,Reader_3_4.csv
4445,0,0,0,Reader_3_5.csv
4445,0,0,0,Reader_3_6.csv
4445,0,0,0,Reader_3_7.csv
4446,17,13,4,Reader_1_1.csv
4446,0,0,0,Reader_1_10.csv
4446,0,0,0,Reader_1_11.csv
4446,0,0,0,Reader_1_12.csv
4446,0,0,0,Reader_1_2.csv
4446,3,3,0,Reader_1_3.csv
4446,0,0,0,Reader_1_4.csv
4446,0,0,0,Reader_1_5.csv
4446,1,1,0,Reader_1_6.csv
4446,0,0,0,Reader_1_7.csv
4446,0,0,0,Reader_1_8.csv
4446,0,0,0,Reader_1_9.csv
4446,2,1,1,Reader_2_1.csv
4446,0,0,0,Reader_2_10.csv
4446,0,0,0,Reader_2_11.csv
4446,0,0,0,Reader_2_12.csv
4446,0,0,0,Reader_2_2.csv
4446,3,2,1,Reader_2_3.csv
4446,0,0,0,Reader_2_4.csv
4446,1,1,0,Reader_2_5.csv
4446,2,2,0,Reader_2_6.csv
4446,3,3,0,Reader_2_7.csv
4446,0,0,0,Reader_2_8.csv
4446,1,1,0,Reader_2_9.csv
4446,5,5,0,reader_3_1.csv
4446,1,0,1,Reader_3_2.csv
4446,0,0,0,Reader_3_3.csv
4446,0,0,0,Reader_3_4.csv
4446,0,0,0,Reader_3_5.csv
4446,0,0,0,Reader_3_6.csv
4446,0,0,0,Reader_3_7.csv
4447,16,13,3,Reader_1_1.csv
4447,0,0,0,Reader_1_10.csv
4447,1,1,0,Reader_1_11.csv
4447,0,0,0,Reader_1_12.csv
4447,0,0,0,Reader_1_2.csv
4447,1,1,0,Reader_1_3.csv
4447,1,1,0,Reader_1_4.csv
4447,0,0,0,Reader_1_5.csv
4447,1,1,0,Reader_1_6.csv
4447,0,0,0,Reader_1_7.csv
4447,0,0,0,Reader_1_8.csv
4447,0,0,0,Reader_1_9.csv
4447,2,1,1,Reader_2_1.csv
4447,0,0,0,Reader_2_10.csv
4447,0,0,0,Reader_2_11.csv
4447,0,0,0,Reader_2_12.csv
4447,0,0,0,Reader_2_2.csv
4447,3,2,1,Reader_2_3.csv
4447,0,0,0,Reader_2_4.csv
4447,1,1,0,Reader_2_5.csv
4447,2,2,0,Reader_2_6.csv
4447,3,3,0,Reader_2_7.csv
4447,0,0,0,Reader_2_8.csv
4447,1,1,0,Reader_2_9.csv
4447,4,4,0,reader_3_1.csv
4447,1,0,1,Reader_3_2.csv
4447,0,0,0,Reader_3_3.csv
4447,0,0,0,Reader_3_4.csv
4447,0,0,0,Reader_3_5.csv
4447,0,0,0,Reader_3_6.csv
4447,0,0,0,Reader_3_7.csv
4448,16,14,2,Reader_1_1.csv
4448,0,0,0,Reader_1_10.csv
4448,1,1,0,Reader_1_11.csv
4448,0,0,0,Reader_1_12.csv
4448,0,0,0,Reader_1_2.csv
4448,1,1,0,Reader_1_3.csv
4448,1,1,0,Reader_1_4.csv
4448,0,0,0,Reader_1_5.csv
4448,1,1,0,Reader_1_6.csv
4448,0,0,0,Reader_1_7.csv
4448,0,0,0,Reader_1_8.csv
4448,0,0,0,Reader_1_9.csv
4448,2,1,1,Reader_2_1.csv
4448,0,0,0,Reader_2_10.csv
4448,0,0,0,Reader_2_11.csv
4448,1,1,0,Reader_2_12.csv
4448,1,1,0,Reader_2_2.csv
4448,3,2,1,Reader_2_3.csv
4448,0,0,0,Reader_2_4.csv
4448,0,0,0,Reader_2_5.csv
4448,3,2,1,Reader_2_6.csv
4448,3,3,0,Reader_2_7.csv
4448,0,0,0,Reader_2_8.csv
4448,1,1,0,Reader_2_9.csv
4448,4,4,0,reader_3_1.csv
4448,1,0,1,Reader_3_2.csv
4448,0,0,0,Reader_3_3.csv
4448,0,0,0,Reader_3_4.csv
4448,0,0,0,Reader_3_5.csv
4448,0,0,0,Reader_3_6.csv
4448,0,0,0,Reader_3_7.csv
4449,16,14,2,Reader_1_1.csv
4449,0,0,0,Reader_1_10.csv
4449,1,1,0,Reader_1_11.csv
4449,0,0,0,Reader_1_12.csv
4449,0,0,0,Reader_1_2.csv
4449,1,1,0,Reader_1_3.csv
4449,1,1,0,Reader_1_4.csv
4449,0,0,0,Reader_1_5.csv
4449,1,1,0,Reader_1_6.csv
4449,0,0,0,Reader_1_7.csv
4449,0,0,0,Reader_1_8.csv
4449,0,0,0,Reader_1_9.csv
4449,2,1,1,Reader_2_1.csv
4449,0,0,0,Reader_2_10.csv
4449,0,0,0,Reader_2_11.csv
4449,1,1,0,Reader_2_12.csv
4449,1,1,0,Reader_2_2.csv
4449,3,2,1,Reader_2_3.csv
4449,0,0,0,Reader_2_4.csv
4449,0,0,0,Reader_2_5.csv
4449,3,2,1,Reader_2_6.csv
4449,2,2,0,Reader_2_7.csv
4449,0,0,0,Reader_2_8.csv
4449,1,1,0,Reader_2_9.csv
4449,3,3,0,reader_3_1.csv
4449,0,0,0,Reader_3_2.csv
4449,0,0,0,Reader_3_3.csv
4449,0,0,0,Reader_3_4.csv
4449,0,0,0,Reader_3_5.csv
4449,0,0,0,Reader_3_6.csv
4449,0,0,0,Reader_3_7.csv
4450,16,14,2,Reader_1_1.csv
4450,0,0,0,Reader_1_10.csv
4450,1,1,0,Reader_1_11.csv
4450,0,0,0,Reader_1_12.csv
4450,0,0,0,Reader_1_2.csv
4450,1,1,0,Reader_1_3.csv
4450,1,1,0,Reader_1_4.csv
4450,0,0,0,Reader_1_5.csv
4450,2,2,0,Reader_1_6.csv
4450,0,0,0,Reader_1_7.csv
4450,0,0,0,Reader_1_8.csv
4450,0,0,0,Reader_1_9.csv
4450,2,1,1,Reader_2_1.csv
4450,0,0,0,Reader_2_10.csv
4450,0,0,0,Reader_2_11.csv
4450,1,1,0,Reader_2_12.csv
4450,1,1,0,Reader_2_2.csv
4450,2,1,1,Reader_2_3.csv
4450,0,0,0,Reader_2_4.csv
4450,0,0,0,Reader_2_5.csv
4450,3,2,1,Reader_2_6.csv
4450,2,2,0,Reader_2_7.csv
4450,0,0,0,Reader_2_8.csv
4450,2,1,1,Reader_2_9.csv
4450,4,4,0,reader_3_1.csv
4450,0,0,0,Reader_3_2.csv
4450,0,0,0,Reader_3_3.csv
4450,0,0,0,Reader_3_4.csv
4450,0,0,0,Reader_3_5.csv
4450,0,0,0,Reader_3_6.csv
4450,0,0,0,Reader_3_7.csv
4451,18,16,2,Reader_1_1.csv
4451,0,0,0,Reader_1_10.csv
4451,1,1,0,Reader_1_11.csv
4451,0,0,0,Reader_1_12.csv
4451,0,0,0,Reader_1_2.csv
4451,0,0,0,Reader_1_3.csv
4451,1,1,0,Reader_1_4.csv
4451,2,2,0,Reader_1_5.csv
4451,2,2,0,Reader_1_6.csv
4451,0,0,0,Reader_1_7.csv
4451,0,0,0,Reader_1_8.csv
4451,0,0,0,Reader_1_9.csv
4451,1,1,0,Reader_2_1.csv
4451,0,0,0,Reader_2_10.csv
4451,0,0,0,Reader_2_11.csv
4451,1,1,0,Reader_2_12.csv
4451,1,1,0,Reader_2_2.csv
4451,2,1,1,Reader_2_3.csv
4451,0,0,0,Reader_2_4.csv
4451,0,0,0,Reader_2_5.csv
4451,3,2,1,Reader_2_6.csv
4451,1,1,0,Reader_2_7.csv
4451,0,0,0,Reader_2_8.csv
4451,2,1,1,Reader_2_9.csv
4451,5,4,1,reader_3_1.csv
4451,1,0,1,Reader_3_2.csv
4451,0,0,0,Reader_3_3.csv
4451,0,0,0,Reader_3_4.csv
4451,0,0,0,Reader_3_5.csv
4451,0,0,0,Reader_3_6.csv
4451,0,0,0,Reader_3_7.csv
4452,20,18,2,Reader_1_1.csv
4452,0,0,0,Reader_1_10.csv
4452,1,1,0,Reader_1_11.csv
4452,0,0,0,Reader_1_12.csv
4452,0,0,0,Reader_1_2.csv
4452,0,0,0,Reader_1_3.csv
4452,1,1,0,Reader_1_4.csv
4452,2,2,0,Reader_1_5.csv
4452,2,2,0,Reader_1_6.csv
4452,0,0,0,Reader_1_7.csv
4452,0,0,0,Reader_1_8.csv
4452,0,0,0,Reader_1_9.csv
4452,1,1,0,Reader_2_1.csv
4452,0,0,0,Reader_2_10.csv
4452,0,0,0,Reader_2_11.csv
4452,1,1,0,Reader_2_12.csv
4452,1,1,0,Reader_2_2.csv
4452,1,0,1,Reader_2_3.csv
4452,0,0,0,Reader_2_4.csv
4452,0,0,0,Reader_2_5.csv
4452,2,1,1,Reader_2_6.csv
4452,1,1,0,Reader_2_7.csv
4452,0,0,0,Reader_2_8.csv
4452,2,1,1,Reader_2_9.csv
4452,5,4,1,reader_3_1.csv
4452,1,0,1,Reader_3_2.csv
4452,0,0,0,Reader_3_3.csv
4452,0,0,0,Reader_3_4.csv
4452,0,0,0,Reader_3_5.csv
4452,0,0,0,Reader_3_6.csv
4452,0,0,0,Reader_3_7.csv
4453,26,22,4,Reader_1_1.csv
4453,0,0,0,Reader_1_10.csv
4453,1,1,0,Reader_1_11.csv
4453,0,0,0,Reader_1_12.csv
4453,0,0,0,Reader_1_2.csv
4453,0,0,0,Reader_1_3.csv
4453,1,1,0,Reader_1_4.csv
4453,2,2,0,Reader_1_5.csv
4453,2,2,0,Reader_1_6.csv
4453,0,0,0,Reader_1_7.csv
4453,0,0,0,Reader_1_8.csv
4453,0,0,0,Reader_1_9.csv
4453,0,0,0,Reader_2_1.csv
4453,0,0,0,Reader_2_10.csv
4453,0,0,0,Reader_2_11.csv
4453,1,1,0,Reader_2_12.csv
4453,1,1,0,Reader_2_2.csv
4453,1,0,1,Reader_2_3.csv
4453,0,0,0,Reader_2_4.csv
4453,0,0,0,Reader_2_5.csv
4453,2,0,2,Reader_2_6.csv
4453,1,1,0,Reader_2_7.csv
4453,0,0,0,Reader_2_8.csv
4453,2,1,1,Reader_2_9.csv
4453,4,3,1,reader_3_1.csv
4453,1,0,1,Reader_3_2.csv
4453,0,0,0,Reader_3_3.csv
4453,0,0,0,Reader_3_4.csv
4453,0,0,0,Reader_3_5.csv
4453,0,0,0,Reader_3_6.csv
4453,0,0,0,Reader_3_7.csv
4454,23,21,2,Reader_1_1.csv
4454,0,0,0,Reader_1_10.csv
4454,1,1,0,Reader_1_11.csv
4454,0,0,0,Reader_1_12.csv
4454,0,0,0,Reader_1_2.csv
4454,0,0,0,Reader_1_3.csv
4454,1,1,0,Reader_1_4.csv
4454,2,2,0,Reader_1_5.csv
4454,1,1,0,Reader_1_6.csv
4454,0,0,0,Reader_1_7.csv
4454,0,0,0,Reader_1_8.csv
4454,0,0,0,Reader_1_9.csv
4454,0,0,0,Reader_2_1.csv
4454,0,0,0,Reader_2_10.csv
4454,0,0,0,Reader_2_11.csv
4454,1,1,0,Reader_2_12.csv
4454,2,2,0,Reader_2_2.csv
4454,0,0,0,Reader_2_3.csv
4454,0,0,0,Reader_2_4.csv
4454,0,0,0,Reader_2_5.csv
4454,2,0,2,Reader_2_6.csv
4454,0,0,0,Reader_2_7.csv
4454,0,0,0,Reader_2_8.csv
4454,1,0,1,Reader_2_9.csv
4454,5,4,1,reader_3_1.csv
4454,1,0,1,Reader_3_2.csv
4454,0,0,0,Reader_3_3.csv
4454,0,0,0,Reader_3_4.csv
4454,0,0,0,Reader_3_5.csv
4454,0,0,0,Reader_3_6.csv
4454,0,0,0,Reader_3_7.csv
4455,21,19,2,Reader_1_1.csv
4455,0,0,0,Reader_1_10.csv
4455,0,0,0,Reader_1_11.csv
4455,0,0,0,Reader_1_12.csv
4455,0,0,0,Reader_1_2.csv
4455,2,1,1,Reader_1_3.csv
4455,0,0,0,Reader_1_4.csv
4455,2,2,0,Reader_1_5.csv
4455,1,1,0,Reader_1_6.csv
4455,0,0,0,Reader_1_7.csv
4455,0,0,0,Reader_1_8.csv
4455,0,0,0,Reader_1_9.csv
4455,0,0,0,Reader_2_1.csv
4455,0,0,0,Reader_2_10.csv
4455,0,0,0,Reader_2_11.csv
4455,1,1,0,Reader_2_12.csv
4455,2,2,0,Reader_2_2.csv
4455,0,0,0,Reader_2_3.csv
4455,0,0,0,Reader_2_4.csv
4455,0,0,0,Reader_2_5.csv
4455,3,0,3,Reader_2_6.csv
4455,0,0,0,Reader_2_7.csv
4455,0,0,0,Reader_2_8.csv
4455,1,0,1,Reader_2_9.csv
4455,6,4,2,reader_3_1.csv
4455,1,0,1,Reader_3_2.csv
4455,0,0,0,Reader_3_3.csv
4455,0,0,0,Reader_3_4.csv
4455,0,0,0,Reader_3_5.csv
4455,0,0,0,Reader_3_6.csv
4455,0,0,0,Reader_3_7.csv
4456,24,22,2,Reader_1_1.csv
4456,0,0,0,Reader_1_10.csv
4456,1,1,0,Reader_1_11.csv
4456,0,0,0,Reader_1_12.csv
4456,0,0,0,Reader_1_2.csv
4456,3,2,1,Reader_1_3.csv
4456,0,0,0,Reader_1_4.csv
4456,2,2,0,Reader_1_5.csv
4456,1,1,0,Reader_1_6.csv
4456,0,0,0,Reader_1_7.csv
4456,0,0,0,Reader_1_8.csv
4456,0,0,0,Reader_1_9.csv
4456,0,0,0,Reader_2_1.csv
4456,0,0,0,Reader_2_10.csv
4456,0,0,0,Reader_2_11.csv
4456,0,0,0,Reader_2_12.csv
4456,1,1,0,Reader_2_2.csv
4456,0,0,0,Reader_2_3.csv
4456,0,0,0,Reader_2_4.csv
4456,0,0,0,Reader_2_5.csv
4456,2,0,2,Reader_2_6.csv
4456,0,0,0,Reader_2_7.csv
4456,0,0,0,Reader_2_8.csv
4456,1,0,1,Reader_2_9.csv
4456,5,3,2,reader_3_1.csv
4456,1,0,1,Reader_3_2.csv
4456,0,0,0,Reader_3_3.csv
4456,0,0,0,Reader_3_4.csv
4456,0,0,0,Reader_3_5.csv
4456,0,0,0,Reader_3_6.csv
4456,0,0,0,Reader_3_7.csv
4457,25,23,2,Reader_1_1.csv
4457,0,0,0,Reader_1_10.csv
4457,2,2,0,Reader_1_11.csv
4457,1,1,0,Reader_1_12.csv
4457,0,0,0,Reader_1_2.csv
4457,4,3,1,Reader_1_3.csv
4457,0,0,0,Reader_1_4.csv
4457,3,3,0,Reader_1_5.csv
4457,1,1,0,Reader_1_6.csv
4457,0,0,0,Reader_1_7.csv
4457,0,0,0,Reader_1_8.csv
4457,0,0,0,Reader_1_9.csv
4457,0,0,0,Reader_2_1.csv
4457,0,0,0,Reader_2_10.csv
4457,0,0,0,Reader_2_11.csv
4457,0,0,0,Reader_2_12.csv
4457,1,1,0,Reader_2_2.csv
4457,0,0,0,Reader_2_3.csv
4457,0,0,0,Reader_2_4.csv
4457,0,0,0,Reader_2_5.csv
4457,2,0,2,Reader_2_6.csv
4457,0,0,0,Reader_2_7.csv
4457,0,0,0,Reader_2_8.csv
4457,1,0,1,Reader_2_9.csv
4457,5,3,2,reader_3_1.csv
4457,2,1,1,Reader_3_2.csv
4457,0,0,0,Reader_3_3.csv
4457,0,0,0,Reader_3_4.csv
4457,0,0,0,Reader_3_5.csv
4457,0,0,0,Reader_3_6.csv
4457,0,0,0,Reader_3_7.csv
4458,21,19,2,Reader_1_1.csv
4458,0,0,0,Reader_1_10.csv
4458,3,3,0,Reader_1_11.csv
4458,1,1,0,Reader_1_12.csv
4458,0,0,0,Reader_1_2.csv
4458,4,3,1,Reader_1_3.csv
4458,0,0,0,Reader_1_4.csv
4458,3,3,0,Reader_1_5.csv
4458,0,0,0,Reader_1_6.csv
4458,0,0,0,Reader_1_7.csv
4458,0,0,0,Reader_1_8.csv
4458,0,0,0,Reader_1_9.csv
4458,0,0,0,Reader_2_1.csv
4458,0,0,0,Reader_2_10.csv
4458,0,0,0,Reader_2_11.csv
4458,0,0,0,Reader_2_12.csv
4458,1,1,0,Reader_2_2.csv
4458,0,0,0,Reader_2_3.csv
4458,0,0,0,Reader_2_4.csv
4458,0,0,0,Reader_2_5.csv
4458,2,0,2,Reader_2_6.csv
4458,1,1,0,Reader_2_7.csv
4458,0,0,0,Reader_2_8.csv
4458,0,0,0,Reader_2_9.csv
4458,5,3,2,reader_3_1.csv
4458,2,1,1,Reader_3_2.csv
4458,0,0,0,Reader_3_3.csv
4458,0,0,0,Reader_3_4.csv
4458,0,0,0,Reader_3_5.csv
4458,0,0,0,Reader_3_6.csv
4458,0,0,0,Reader_3_7.csv
4459,20,18,2,Reader_1_1.csv
4459,0,0,0,Reader_1_10.csv
4459,4,4,0,Reader_1_11.csv
4459,1,1,0,Reader_1_12.csv
4459,0,0,0,Reader_1_2.csv
4459,4,3,1,Reader_1_3.csv
4459,0,0,0,Reader_1_4.csv
4459,2,1,1,Reader_1_5.csv
4459,0,0,0,Reader_1_6.csv
4459,0,0,0,Reader_1_7.csv
4459,0,0,0,Reader_1_8.csv
4459,0,0,0,Reader_1_9.csv
4459,0,0,0,Reader_2_1.csv
4459,0,0,0,Reader_2_10.csv
4459,0,0,0,Reader_2_11.csv
4459,0,0,0,Reader_2_12.csv
4459,1,1,0,Reader_2_2.csv
4459,0,0,0,Reader_2_3.csv
4459,0,0,0,Reader_2_4.csv
4459,0,0,0,Reader_2_5.csv
4459,4,1,3,Reader_2_6.csv
4459,1,1,0,Reader_2_7.csv
4459,0,0,0,Reader_2_8.csv
4459,0,0,0,Reader_2_9.csv
4459,4,3,1,reader_3_1.csv
4459,2,1,1,Reader_3_2.csv
4459,0,0,0,Reader_3_3.csv
4459,0,0,0,Reader_3_4.csv
4459,0,0,0,Reader_3_5.csv
4459,0,0,0,Reader_3_6.csv
4459,0,0,0,Reader_3_7.csv
4460,18,16,2,Reader_1_1.csv
4460,0,0,0,Reader_1_10.csv
4460,5,5,0,Reader_1_11.csv
4460,1,1,0,Reader_1_12.csv
4460,0,0,0,Reader_1_2.csv
4460,4,3,1,Reader_1_3.csv
4460,0,0,0,Reader_1_4.csv
4460,3,1,2,Reader_1_5.csv
4460,0,0,0,Reader_1_6.csv
4460,0,0,0,Reader_1_7.csv
4460,0,0,0,Reader_1_8.csv
4460,0,0,0,Reader_1_9.csv
4460,0,0,0,Reader_2_1.csv
4460,0,0,0,Reader_2_10.csv
4460,0,0,0,Reader_2_11.csv
4460,0,0,0,Reader_2_12.csv
4460,1,1,0,Reader_2_2.csv
4460,0,0,0,Reader_2_3.csv
4460,0,0,0,Reader_2_4.csv
4460,0,0,0,Reader_2_5.csv
4460,5,1,4,Reader_2_6.csv
4460,1,1,0,Reader_2_7.csv
4460,0,0,0,Reader_2_8.csv
4460,0,0,0,Reader_2_9.csv
4460,5,4,1,reader_3_1.csv
4460,2,1,1,Reader_3_2.csv
4460,0,0,0,Reader_3_3.csv
4460,0,0,0,Reader_3_4.csv
4460,0,0,0,Reader_3_5.csv
4460,0,0,0,Reader_3_6.csv
4460,0,0,0,Reader_3_7.csv
4461,12,12,0,Reader_1_1.csv
4461,0,0,0,Reader_1_10.csv
4461,5,5,0,Reader_1_11.csv
4461,1,1,0,Reader_1_12.csv
4461,0,0,0,Reader_1_2.csv
4461,4,3,1,Reader_1_3.csv
4461,0,0,0,Reader_1_4.csv
4461,3,1,2,Reader_1_5.csv
4461,0,0,0,Reader_1_6.csv
4461,0,0,0,Reader_1_7.csv
4461,0,0,0,Reader_1_8.csv
4461,0,0,0,Reader_1_9.csv
4461,0,0,0,Reader_2_1.csv
4461,0,0,0,Reader_2_10.csv
4461,0,0,0,Reader_2_11.csv
4461,0,0,0,Reader_2_12.csv
4461,1,1,0,Reader_2_2.csv
4461,0,0,0,Reader_2_3.csv
4461,0,0,0,Reader_2_4.csv
4461,0,0,0,Reader_2_5.csv
4461,4,1,3,Reader_2_6.csv
4461,1,1,0,Reader_2_7.csv
4461,0,0,0,Reader_2_8.csv
4461,1,1,0,Reader_2_9.csv
4461,5,3,2,reader_3_1.csv
4461,2,1,1,Reader_3_2.csv
4461,0,0,0,Reader_3_3.csv
4461,0,0,0,Reader_3_4.csv
4461,0,0,0,Reader_3_5.csv
4461,0,0,0,Reader_3_6.csv
4461,0,0,0,Reader_3_7.csv
4462,12,12,0,Reader_1_1.csv
4462,1,1,0,Reader_1_10.csv
4462,5,5,0,Reader_1_11.csv
4462,1,1,0,Reader_1_12.csv
4462,0,0,0,Reader_1_2.csv
4462,4,3,1,Reader_1_3.csv
4462,0,0,0,Reader_1_4.csv
4462,3,1,2,Reader_1_5.csv
4462,1,1,0,Reader_1_6.csv
4462,0,0,0,Reader_1_7.csv
4462,0,0,0,Reader_1_8.csv
4462,0,0,0,Reader_1_9.csv
4462,0,0,0,Reader_2_1.csv
4462,0,0,0,Reader_2_10.csv
4462,0,0,0,Reader_2_11.csv
4462,0,0,0,Reader_2_12.csv
4462,0,0,0,Reader_2_2.csv
4462,0,0,0,Reader_2_3.csv
4462,0,0,0,Reader_2_4.csv
4462,0,0,0,Reader_2_5.csv
4462,4,1,3,Reader_2_6.csv
4462,1,1,0,Reader_2_7.csv
4462,0,0,0,Reader_2_8.csv
4462,1,1,0,Reader_2_9.csv
4462,4,2,2,reader_3_1.csv
4462,2,1,1,Reader_3_2.csv
4462,0,0,0,Reader_3_3.csv
4462,0,0,0,Reader_3_4.csv
4462,0,0,0,Reader_3_5.csv
4462,0,0,0,Reader_3_6.csv
4462,0,0,0,Reader_3_7.csv
4463,15,15,0,Reader_1_1.csv
4463,1,1,0,Reader_1_10.csv
4463,7,7,0,Reader_1_11.csv
4463,1,1,0,Reader_1_12.csv
4463,0,0,0,Reader_1_2.csv
4463,2,2,0,Reader_1_3.csv
4463,0,0,0,Reader_1_4.csv
4463,5,3,2,Reader_1_5.csv
4463,1,1,0,Reader_1_6.csv
4463,0,0,0,Reader_1_7.csv
4463,0,0,0,Reader_1_8.csv
4463,0,0,0,Reader_1_9.csv
4463,0,0,0,Reader_2_1.csv
4463,0,0,0,Reader_2_10.csv
4463,0,0,0,Reader_2_11.csv
4463,0,0,0,Reader_2_12.csv
4463,0,0,0,Reader_2_2.csv
4463,1,1,0,Reader_2_3.csv
4463,0,0,0,Reader_2_4.csv
4463,0,0,0,Reader_2_5.csv
4463,3,1,2,Reader_2_6.csv
4463,1,1,0,Reader_2_7.csv
4463,0,0,0,Reader_2_8.csv
4463,1,1,0,Reader_2_9.csv
4463,3,2,1,reader_3_1.csv
4463,2,1,1,Reader_3_2.csv
4463,0,0,0,Reader_3_3.csv
4463,0,0,0,Reader_3_4.csv
4463,0,0,0,Reader_3_5.csv
4463,0,0,0,Reader_3_6.csv
4463,0,0,0,Reader_3_7.csv
4464,11,11,0,Reader_1_1.csv
4464,1,1,0,Reader_1_10.csv
4464,6,6,0,Reader_1_11.csv
4464,1,1,0,Reader_1_12.csv
4464,0,0,0,Reader_1_2.csv
4464,0,0,0,Reader_1_3.csv
4464,0,0,0,Reader_1_4.csv
4464,6,4,2,Reader_1_5.csv
4464,1,1,0,Reader_1_6.csv
4464,0,0,0,Reader_1_7.csv
4464,0,0,0,Reader_1_8.csv
4464,0,0,0,Reader_1_9.csv
4464,0,0,0,Reader_2_1.csv
4464,0,0,0,Reader_2_10.csv
4464,0,0,0,Reader_2_11.csv
4464,0,0,0,Reader_2_12.csv
4464,1,0,1,Reader_2_2.csv
4464,1,1,0,Reader_2_3.csv
4464,0,0,0,Reader_2_4.csv
4464,0,0,0,Reader_2_5.csv
4464,3,1,2,Reader_2_6.csv
4464,1,1,0,Reader_2_7.csv
4464,0,0,0,Reader_2_8.csv
4464,1,1,0,Reader_2_9.csv
4464,3,2,1,reader_3_1.csv
4464,2,1,1,Reader_3_2.csv
4464,0,0,0,Reader_3_3.csv
4464,0,0,0,Reader_3_4.csv
4464,0,0,0,Reader_3_5.csv
4464,0,0,0,Reader_3_6.csv
4464,0,0,0,Reader_3_7.csv
4465,10,10,0,Reader_1_1.csv
4465,1,1,0,Reader_1_10.csv
4465,8,7,1,Reader_1_11.csv
4465,0,0,0,Reader_1_12.csv
4465,0,0,0,Reader_1_2.csv
4465,0,0,0,Reader_1_3.csv
4465,0,0,0,Reader_1_4.csv
4465,5,3,2,Reader_1_5.csv
4465,1,1,0,Reader_1_6.csv
4465,0,0,0,Reader_1_7.csv
4465,0,0,0,Reader_1_8.csv
4465,0,0,0,Reader_1_9.csv
4465,0,0,0,Reader_2_1.csv
4465,0,0,0,Reader_2_10.csv
4465,0,0,0,Reader_2_11.csv
4465,0,0,0,Reader_2_12.csv
4465,1,0,1,Reader_2_2.csv
4465,1,1,0,Reader_2_3.csv
4465,0,0,0,Reader_2_4.csv
4465,0,0,0,Reader_2_5.csv
4465,3,1,2,Reader_2_6.csv
4465,1,1,0,Reader_2_7.csv
4465,0,0,0,Reader_2_8.csv
4465,1,1,0,Reader_2_9.csv
4465,4,3,1,reader_3_1.csv
4465,2,0,2,Reader_3_2.csv
4465,0,0,0,Reader_3_3.csv
4465,0,0,0,Reader_3_4.csv
4465,0,0,0,Reader_3_5.csv
4465,0,0,0,Reader_3_6.csv
4465,0,0,0,Reader_3_7.csv
4466,11,11,0,Reader_1_1.csv
4466,1,1,0,Reader_1_10.csv
4466,8,7,1,Reader_1_11.csv
4466,1,1,0,Reader_1_12.csv
4466,0,0,0,Reader_1_2.csv
4466,0,0,0,Reader_1_3.csv
4466,0,0,0,Reader_1_4.csv
4466,5,3,2,Reader_1_5.csv
4466,1,1,0,Reader_1_6.csv
4466,0,0,0,Reader_1_7.csv
4466,0,0,0,Reader_1_8.csv
4466,0,0,0,Reader_1_9.csv
4466,0,0,0,Reader_2_1.csv
4466,0,0,0,Reader_2_10.csv
4466,0,0,0,Reader_2_11.csv
4466,0,0,0,Reader_2_12.csv
4466,1,0,1,Reader_2_2.csv
4466,1,1,0,Reader_2_3.csv
4466,0,0,0,Reader_2_4.csv
4466,0,0,0,Reader_2_5.csv
4466,3,1,2,Reader_2_6.csv
4466,0,0,0,Reader_2_7.csv
4466,0,0,0,Reader_2_8.csv
4466,1,1,0,Reader_2_9.csv
4466,3,2,1,reader_3_1.csv
4466,3,1,2,Reader_3_2.csv
4466,0,0,0,Reader_3_3.csv
4466,0,0,0,Reader_3_4.csv
4466,0,0,0,Reader_3_5.csv
4466,0,0,0,Reader_3_6.csv
4466,0,0,0,Reader_3_7.csv
4467,13,13,0,Reader_1_1.csv
4467,1,1,0,Reader_1_10.csv
4467,8,7,1,Reader_1_11.csv
4467,1,1,0,Reader_1_12.csv
4467,0,0,0,Reader_1_2.csv
4467,0,0,0,Reader_1_3.csv
4467,0,0,0,Reader_1_4.csv
4467,4,3,1,Reader_1_5.csv
4467,1,1,0,Reader_1_6.csv
4467,0,0,0,Reader_1_7.csv
4467,0,0,0,Reader_1_8.csv
4467,0,0,0,Reader_1_9.csv
4467,0,0,0,Reader_2_1.csv
4467,0,0,0,Reader_2_10.csv
4467,0,0,0,Reader_2_11.csv
4467,0,0,0,Reader_2_12.csv
4467,1,0,1,Reader_2_2.csv
4467,1,1,0,Reader_2_3.csv
4467,0,0,0,Reader_2_4.csv
4467,0,0,0,Reader_2_5.csv
4467,1,0,1,Reader_2_6.csv
4467,1,1,0,Reader_2_7.csv
4467,0,0,0,Reader_2_8.csv
4467,1,1,0,Reader_2_9.csv
4467,5,4,1,reader_3_1.csv
4467,2,1,1,Reader_3_2.csv
4467,0,0,0,Reader_3_3.csv
4467,0,0,0,Reader_3_4.csv
4467,0,0,0,Reader_3_5.csv
4467,0,0,0,Reader_3_6.csv
4467,0,0,0,Reader_3_7.csv
4468,14,14,0,Reader_1_1.csv
4468,1,1,0,Reader_1_10.csv
4468,7,6,1,Reader_1_11.csv
4468,1,1,0,Reader_1_12.csv
4468,0,0,0,Reader_1_2.csv
4468,0,0,0,Reader_1_3.csv
4468,0,0,0,Reader_1_4.csv
4468,3,3,0,Reader_1_5.csv
4468,1,1,0,Reader_1_6.csv
4468,0,0,0,Reader_1_7.csv
4468,0,0,0,Reader_1_8.csv
4468,0,0,0,Reader_1_9.csv
4468,0,0,0,Reader_2_1.csv
4468,0,0,0,Reader_2_10.csv
4468,0,0,0,Reader_2_11.csv
4468,0,0,0,Reader_2_12.csv
4468,1,0,1,Reader_2_2.csv
4468,1,1,0,Reader_2_3.csv
4468,0,0,0,Reader_2_4.csv
4468,0,0,0,Reader_2_5.csv
4468,0,0,0,Reader_2_6.csv
4468,1,1,0,Reader_2_7.csv
4468,0,0,0,Reader_2_8.csv
4468,1,1,0,Reader_2_9.csv
4468,5,4,1,reader_3_1.csv
4468,2,1,1,Reader_3_2.csv
4468,0,0,0,Reader_3_3.csv
4468,0,0,0,Reader_3_4.csv
4468,0,0,0,Reader_3_5.csv
4468,0,0,0,Reader_3_6.csv
4468,0,0,0,Reader_3_7.csv
4469,16,15,1,Reader_1_1.csv
4469,1,1,0,Reader_1_10.csv
4469,7,6,1,Reader_1_11.csv
4469,1,1,0,Reader_1_12.csv
4469,0,0,0,Reader_1_2.csv
4469,0,0,0,Reader_1_3.csv
4469,0,0,0,Reader_1_4.csv
4469,3,3,0,Reader_1_5.csv
4469,1,1,0,Reader_1_6.csv
4469,0,0,0,Reader_1_7.csv
4469,0,0,0,Reader_1_8.csv
4469,0,0,0,Reader_1_9.csv
4469,0,0,0,Reader_2_1.csv
4469,0,0,0,Reader_2_10.csv
4469,0,0,0,Reader_2_11.csv
4469,0,0,0,Reader_2_12.csv
4469,1,0,1,Reader_2_2.csv
4469,1,1,0,Reader_2_3.csv
4469,0,0,0,Reader_2_4.csv
4469,0,0,0,Reader_2_5.csv
4469,0,0,0,Reader_2_6.csv
4469,1,1,0,Reader_2_7.csv
4469,0,0,0,Reader_2_8.csv
4469,0,0,0,Reader_2_9.csv
4469,4,4,0,reader_3_1.csv
4469,2,1,1,Reader_3_2.csv
4469,0,0,0,Reader_3_3.csv
4469,0,0,0,Reader_3_4.csv
4469,0,0,0,Reader_3_5.csv
4469,0,0,0,Reader_3_6.csv
4469,0,0,0,Reader_3_7.csv
4470,16,15,1,Reader_1_1.csv
4470,0,0,0,Reader_1_10.csv
4470,7,6,1,Reader_1_11.csv
4470,1,1,0,Reader_1_12.csv
4470,0,0,0,Reader_1_2.csv
4470,0,0,0,Reader_1_3.csv
4470,0,0,0,Reader_1_4.csv
4470,3,3,0,Reader_1_5.csv
4470,0,0,0,Reader_1_6.csv
4470,0,0,0,Reader_1_7.csv
4470,0,0,0,Reader_1_8.csv
4470,0,0,0,Reader_1_9.csv
4470,0,0,0,Reader_2_1.csv
4470,0,0,0,Reader_2_10.csv
4470,0,0,0,Reader_2_11.csv
4470,0,0,0,Reader_2_12.csv
4470,1,0,1,Reader_2_2.csv
4470,1,1,0,Reader_2_3.csv
4470,0,0,0,Reader_2_4.csv
4470,0,0,0,Reader_2_5.csv
4470,0,0,0,Reader_2_6.csv
4470,2,2,0,Reader_2_7.csv
4470,0,0,0,Reader_2_8.csv
4470,0,0,0,Reader_2_9.csv
4470,5,5,0,reader_3_1.csv
4470,3,2,1,Reader_3_2.csv
4470,0,0,0,Reader_3_3.csv
4470,0,0,0,Reader_3_4.csv
4470,0,0,0,Reader_3_5.csv
4470,0,0,0,Reader_3_6.csv
4470,0,0,0,Reader_3_7.csv
4471,14,13,1,Reader_1_1.csv
4471,0,0,0,Reader_1_10.csv
4471,5,4,1,Reader_1_11.csv
4471,1,1,0,Reader_1_12.csv
4471,0,0,0,Reader_1_2.csv
4471,0,0,0,Reader_1_3.csv
4471,0,0,0,Reader_1_4.csv
4471,1,1,0,Reader_1_5.csv
4471,0,0,0,Reader_1_6.csv
4471,0,0,0,Reader_1_7.csv
4471,0,0,0,Reader_1_8.csv
4471,0,0,0,Reader_1_9.csv
4471,0,0,0,Reader_2_1.csv
4471,0,0,0,Reader_2_10.csv
4471,0,0,0,Reader_2_11.csv
4471,0,0,0,Reader_2_12.csv
4471,1,0,1,Reader_2_2.csv
4471,1,1,0,Reader_2_3.csv
4471,0,0,0,Reader_2_4.csv
4471,0,0,0,Reader_2_5.csv
4471,1,1,0,Reader_2_6.csv
4471,2,2,0,Reader_2_7.csv
4471,0,0,0,Reader_2_8.csv
4471,0,0,0,Reader_2_9.csv
4471,5,5,0,reader_3_1.csv
4471,3,2,1,Reader_3_2.csv
4471,0,0,0,Reader_3_3.csv
4471,0,0,0,Reader_3_4.csv
4471,0,0,0,Reader_3_5.csv
4471,0,0,0,Reader_3_6.csv
4471,0,0,0,Reader_3_7.csv
4472,17,15,2,Reader_1_1.csv
4472,0,0,0,Reader_1_10.csv
4472,5,4,1,Reader_1_11.csv
4472,1,1,0,Reader_1_12.csv
4472,0,0,0,Reader_1_2.csv
4472,0,0,0,Reader_1_3.csv
4472,0,0,0,Reader_1_4.csv
4472,0,0,0,Reader_1_5.csv
4472,0,0,0,Reader_1_6.csv
4472,0,0,0,Reader_1_7.csv
4472,0,0,0,Reader_1_8.csv
4472,0,0,0,Reader_1_9.csv
4472,0,0,0,Reader_2_1.csv
4472,0,0,0,Reader_2_10.csv
4472,0,0,0,Reader_2_11.csv
4472,0,0,0,Reader_2_12.csv
4472,0,0,0,Reader_2_2.csv
4472,1,1,0,Reader_2_3.csv
4472,0,0,0,Reader_2_4.csv
4472,0,0,0,Reader_2_5.csv
4472,1,1,0,Reader_2_6.csv
4472,2,2,0,Reader_2_7.csv
4472,0,0,0,Reader_2_8.csv
4472,0,0,0,Reader_2_9.csv
4472,7,7,0,reader_3_1.csv
4472,4,3,1,Reader_3_2.csv
4472,0,0,0,Reader_3_3.csv
4472,0,0,0,Reader_3_4.csv
4472,0,0,0,Reader_3_5.csv
4472,0,0,0,Reader_3_6.csv
4472,0,0,0,Reader_3_7.csv
4473,18,16,2,Reader_1_1.csv
4473,0,0,0,Reader_1_10.csv
4473,2,2,0,Reader_1_11.csv
4473,1,1,0,Reader_1_12.csv
4473,0,0,0,Reader_1_2.csv
4473,0,0,0,Reader_1_3.csv
4473,0,0,0,Reader_1_4.csv
4473,0,0,0,Reader_1_5.csv
4473,0,0,0,Reader_1_6.csv
4473,0,0,0,Reader_1_7.csv
4473,0,0,0,Reader_1_8.csv
4473,0,0,0,Reader_1_9.csv
4473,0,0,0,Reader_2_1.csv
4473,0,0,0,Reader_2_10.csv
4473,0,0,0,Reader_2_11.csv
4473,0,0,0,Reader_2_12.csv
4473,0,0,0,Reader_2_2.csv
4473,1,1,0,Reader_2_3.csv
4473,0,0,0,Reader_2_4.csv
4473,0,0,0,Reader_2_5.csv
4473,1,1,0,Reader_2_6.csv
4473,2,2,0,Reader_2_7.csv
4473,0,0,0,Reader_2_8.csv
4473,0,0,0,Reader_2_9.csv
4473,6,6,0,reader_3_1.csv
4473,3,3,0,Reader_3_2.csv
4473,0,0,0,Reader_3_3.csv
4473,0,0,0,Reader_3_4.csv
4473,0,0,0,Reader_3_5.csv
4473,0,0,0,Reader_3_6.csv
4473,0,0,0,Reader_3_7.csv
4474,20,17,3,Reader_1_1.csv
4474,0,0,0,Reader_1_10.csv
4474,1,1,0,Reader_1_11.csv
4474,0,0,0,Reader_1_12.csv
4474,0,0,0,Reader_1_2.csv
4474,0,0,0,Reader_1_3.csv
4474,0,0,0,Reader_1_4.csv
4474,2,1,1,Reader_1_5.csv
4474,0,0,0,Reader_1_6.csv
4474,0,0,0,Reader_1_7.csv
4474,0,0,0,Reader_1_8.csv
4474,0,0,0,Reader_1_9.csv
4474,0,0,0,Reader_2_1.csv
4474,0,0,0,Reader_2_10.csv
4474,0,0,0,Reader_2_11.csv
4474,0,0,0,Reader_2_12.csv
4474,0,0,0,Reader_2_2.csv
4474,1,1,0,Reader_2_3.csv
4474,0,0,0,Reader_2_4.csv
4474,0,0,0,Reader_2_5.csv
4474,1,1,0,Reader_2_6.csv
4474,2,2,0,Reader_2_7.csv
4474,0,0,0,Reader_2_8.csv
4474,0,0,0,Reader_2_9.csv
4474,6,6,0,reader_3_1.csv
4474,2,2,0,Reader_3_2.csv
4474,0,0,0,Reader_3_3.csv
4474,0,0,0,Reader_3_4.csv
4474,0,0,0,Reader_3_5.csv
4474,0,0,0,Reader_3_6.csv
4474,0,0,0,Reader_3_7.csv
4475,18,15,3,Reader_1_1.csv
4475,0,0,0,Reader_1_10.csv
4475,0,0,0,Reader_1_11.csv
4475,0,0,0,Reader_1_12.csv
4475,0,0,0,Reader_1_2.csv
4475,0,0,0,Reader_1_3.csv
4475,0,0,0,Reader_1_4.csv
4475,2,1,1,Reader_1_5.csv
4475,0,0,0,Reader_1_6.csv
4475,0,0,0,Reader_1_7.csv
4475,0,0,0,Reader_1_8.csv
4475,0,0,0,Reader_1_9.csv
4475,0,0,0,Reader_2_1.csv
4475,0,0,0,Reader_2_10.csv
4475,0,0,0,Reader_2_11.csv
4475,0,0,0,Reader_2_12.csv
4475,0,0,0,Reader_2_2.csv
4475,1,1,0,Reader_2_3.csv
4475,0,0,0,Reader_2_4.csv
4475,0,0,0,Reader_2_5.csv
4475,1,1,0,Reader_2_6.csv
4475,1,1,0,Reader_2_7.csv
4475,0,0,0,Reader_2_8.csv
4475,0,0,0,Reader_2_9.csv
4475,4,4,0,reader_3_1.csv
4475,2,2,0,Reader_3_2.csv
4475,0,0,0,Reader_3_3.csv
4475,0,0,0,Reader_3_4.csv
4475,0,0,0,Reader_3_5.csv
4475,0,0,0,Reader_3_6.csv
4475,0,0,0,Reader_3_7.csv
4476,22,19,3,Reader_1_1.csv
4476,0,0,0,Reader_1_10.csv
4476,0,0,0,Reader_1_11.csv
4476,0,0,0,Reader_1_12.csv
4476,0,0,0,Reader_1_2.csv
4476,0,0,0,Reader_1_3.csv
4476,1,1,0,Reader_1_4.csv
4476,2,1,1,Reader_1_5.csv
4476,0,0,0,Reader_1_6.csv
4476,0,0,0,Reader_1_7.csv
4476,0,0,0,Reader_1_8.csv
4476,0,0,0,Reader_1_9.csv
4476,0,0,0,Reader_2_1.csv
4476,0,0,0,Reader_2_10.csv
4476,0,0,0,Reader_2_11.csv
4476,0,0,0,Reader_2_12.csv
4476,0,0,0,Reader_2_2.csv
4476,1,1,0,Reader_2_3.csv
4476,0,0,0,Reader_2_4.csv
4476,0,0,0,Reader_2_5.csv
4476,1,1,0,Reader_2_6.csv
4476,1,1,0,Reader_2_7.csv
4476,0,0,0,Reader_2_8.csv
4476,0,0,0,Reader_2_9.csv
4476,4,4,0,reader_3_1.csv
4476,3,3,0,Reader_3_2.csv
4476,0,0,0,Reader_3_3.csv
4476,0,0,0,Reader_3_4.csv
4476,0,0,0,Reader_3_5.csv
4476,0,0,0,Reader_3_6.csv
4476,0,0,0,Reader_3_7.csv
4477,23,21,2,Reader_1_1.csv
4477,0,0,0,Reader_1_10.csv
4477,0,0,0,Reader_1_11.csv
4477,0,0,0,Reader_1_12.csv
4477,0,0,0,Reader_1_2.csv
4477,0,0,0,Reader_1_3.csv
4477,1,1,0,Reader_1_4.csv
4477,3,2,1,Reader_1_5.csv
4477,0,0,0,Reader_1_6.csv
4477,0,0,0,Reader_1_7.csv
4477,1,1,0,Reader_1_8.csv
4477,0,0,0,Reader_1_9.csv
4477,0,0,0,Reader_2_1.csv
4477,0,0,0,Reader_2_10.csv
4477,0,0,0,Reader_2_11.csv
4477,0,0,0,Reader_2_12.csv
4477,0,0,0,Reader_2_2.csv
4477,1,1,0,Reader_2_3.csv
4477,0,0,0,Reader_2_4.csv
4477,0,0,0,Reader_2_5.csv
4477,1,1,0,Reader_2_6.csv
4477,1,1,0,Reader_2_7.csv
4477,0,0,0,Reader_2_8.csv
4477,0,0,0,Reader_2_9.csv
4477,6,6,0,reader_3_1.csv
4477,5,4,1,Reader_3_2.csv
4477,0,0,0,Reader_3_3.csv
4477,0,0,0,Reader_3_4.csv
4477,0,0,0,Reader_3_5.csv
4477,0,0,0,Reader_3_6.csv
4477,0,0,0,Reader_3_7.csv
4478,24,21,3,Reader_1_1.csv
4478,0,0,0,Reader_1_10.csv
4478,0,0,0,Reader_1_11.csv
4478,0,0,0,Reader_1_12.csv
4478,0,0,0,Reader_1_2.csv
4478,0,0,0,Reader_1_3.csv
4478,1,1,0,Reader_1_4.csv
4478,3,2,1,Reader_1_5.csv
4478,0,0,0,Reader_1_6.csv
4478,1,1,0,Reader_1_7.csv
4478,3,3,0,Reader_1_8.csv
4478,0,0,0,Reader_1_9.csv
4478,0,0,0,Reader_2_1.csv
4478,0,0,0,Reader_2_10.csv
4478,0,0,0,Reader_2_11.csv
4478,0,0,0,Reader_2_12.csv
4478,0,0,0,Reader_2_2.csv
4478,1,1,0,Reader_2_3.csv
4478,0,0,0,Reader_2_4.csv
4478,0,0,0,Reader_2_5.csv
4478,1,1,0,Reader_2_6.csv
4478,1,1,0,Reader_2_7.csv
4478,0,0,0,Reader_2_8.csv
4478,0,0,0,Reader_2_9.csv
4478,6,6,0,reader_3_1.csv
4478,5,3,2,Reader_3_2.csv
4478,0,0,0,Reader_3_3.csv
4478,0,0,0,Reader_3_4.csv
4478,0,0,0,Reader_3_5.csv
4478,0,0,0,Reader_3_6.csv
4478,0,0,0,Reader_3_7.csv
4479,25,22,3,Reader_1_1.csv
4479,0,0,0,Reader_1_10.csv
4479,0,0,0,Reader_1_11.csv
4479,0,0,0,Reader_1_12.csv
4479,0,0,0,Reader_1_2.csv
4479,0,0,0,Reader_1_3.csv
4479,1,1,0,Reader_1_4.csv
4479,3,2,1,Reader_1_5.csv
4479,0,0,0,Reader_1_6.csv
4479,1,1,0,Reader_1_7.csv
4479,3,3,0,Reader_1_8.csv
4479,0,0,0,Reader_1_9.csv
4479,0,0,0,Reader_2_1.csv
4479,0,0,0,Reader_2_10.csv
4479,0,0,0,Reader_2_11.csv
4479,0,0,0,Reader_2_12.csv
4479,0,0,0,Reader_2_2.csv
4479,0,0,0,Reader_2_3.csv
4479,0,0,0,Reader_2_4.csv
4479,0,0,0,Reader_2_5.csv
4479,0,0,0,Reader_2_6.csv
4479,1,1,0,Reader_2_7.csv
4479,0,0,0,Reader_2_8.csv
4479,1,1,0,Reader_2_9.csv
4479,7,7,0,reader_3_1.csv
4479,7,5,2,Reader_3_2.csv
4479,0,0,0,Reader_3_3.csv
4479,0,0,0,Reader_3_4.csv
4479,0,0,0,Reader_3_5.csv
4479,0,0,0,Reader_3_6.csv
4479,0,0,0,Reader_3_7.csv
4480,26,23,3,Reader_1_1.csv
4480,0,0,0,Reader_1_10.csv
4480,0,0,0,Reader_1_11.csv
4480,0,0,0,Reader_1_12.csv
4480,0,0,0,Reader_1_2.csv
4480,0,0,0,Reader_1_3.csv
4480,1,1,0,Reader_1_4.csv
4480,3,2,1,Reader_1_5.csv
4480,0,0,0,Reader_1_6.csv
4480,1,1,0,Reader_1_7.csv
4480,3,3,0,Reader_1_8.csv
4480,0,0,0,Reader_1_9.csv
4480,0,0,0,Reader_2_1.csv
4480,0,0,0,Reader_2_10.csv
4480,0,0,0,Reader_2_11.csv
4480,0,0,0,Reader_2_12.csv
4480,0,0,0,Reader_2_2.csv
4480,0,0,0,Reader_2_3.csv
4480,0,0,0,Reader_2_4.csv
4480,0,0,0,Reader_2_5.csv
4480,0,0,0,Reader_2_6.csv
4480,1,1,0,Reader_2_7.csv
4480,0,0,0,Reader_2_8.csv
4480,1,1,0,Reader_2_9.csv
4480,5,5,0,reader_3_1.csv
4480,7,5,2,Reader_3_2.csv
4480,0,0,0,Reader_3_3.csv
4480,0,0,0,Reader_3_4.csv
4480,0,0,0,Reader_3_5.csv
4480,0,0,0,Reader_3_6.csv
4480,0,0,0,Reader_3_7.csv
4481,26,23,3,Reader_1_1.csv
4481,0,0,0,Reader_1_10.csv
4481,0,0,0,Reader_1_11.csv
4481,0,0,0,Reader_1_12.csv
4481,0,0,0,Reader_1_2.csv
4481,0,0,0,Reader_1_3.csv
4481,1,1,0,Reader_1_4.csv
4481,3,2,1,Reader_1_5.csv
4481,0,0,0,Reader_1_6.csv
4481,1,1,0,Reader_1_7.csv
4481,3,3,0,Reader_1_8.csv
4481,0,0,0,Reader_1_9.csv
4481,0,0,0,Reader_2_1.csv
4481,0,0,0,Reader_2_10.csv
4481,0,0,0,Reader_2_11.csv
4481,0,0,0,Reader_2_12.csv
4481,0,0,0,Reader_2_2.csv
4481,0,0,0,Reader_2_3.csv
4481,0,0,0,Reader_2_4.csv
4481,0,0,0,Reader_2_5.csv
4481,0,0,0,Reader_2_6.csv
4481,1,1,0,Reader_2_7.csv
4481,0,0,0,Reader_2_8.csv
4481,1,1,0,Reader_2_9.csv
4481,7,6,1,reader_3_1.csv
4481,7,5,2,Reader_3_2.csv
4481,0,0,0,Reader_3_3.csv
4481,0,0,0,Reader_3_4.csv
4481,0,0,0,Reader_3_5.csv
4481,0,0,0,Reader_3_6.csv
4481,0,0,0,Reader_3_7.csv
4482,27,23,4,Reader_1_1.csv
4482,0,0,0,Reader_1_10.csv
4482,1,1,0,Reader_1_11.csv
4482,0,0,0,Reader_1_12.csv
4482,0,0,0,Reader_1_2.csv
4482,0,0,0,Reader_1_3.csv
4482,1,1,0,Reader_1_4.csv
4482,1,1,0,Reader_1_5.csv
4482,0,0,0,Reader_1_6.csv
4482,1,1,0,Reader_1_7.csv
4482,4,4,0,Reader_1_8.csv
4482,0,0,0,Reader_1_9.csv
4482,0,0,0,Reader_2_1.csv
4482,0,0,0,Reader_2_10.csv
4482,0,0,0,Reader_2_11.csv
4482,0,0,0,Reader_2_12.csv
4482,0,0,0,Reader_2_2.csv
4482,0,0,0,Reader_2_3.csv
4482,0,0,0,Reader_2_4.csv
4482,0,0,0,Reader_2_5.csv
4482,0,0,0,Reader_2_6.csv
4482,1,1,0,Reader_2_7.csv
4482,0,0,0,Reader_2_8.csv
4482,1,1,0,Reader_2_9.csv
4482,8,6,2,reader_3_1.csv
4482,8,6,2,Reader_3_2.csv
4482,0,0,0,Reader_3_3.csv
4482,0,0,0,Reader_3_4.csv
4482,0,0,0,Reader_3_5.csv
4482,0,0,0,Reader_3_6.csv
4482,0,0,0,Reader_3_7.csv
4483,28,23,5,Reader_1_1.csv
4483,0,0,0,Reader_1_10.csv
4483,1,1,0,Reader_1_11.csv
4483,0,0,0,Reader_1_12.csv
4483,0,0,0,Reader_1_2.csv
4483,0,0,0,Reader_1_3.csv
4483,1,1,0,Reader_1_4.csv
4483,1,1,0,Reader_1_5.csv
4483,0,0,0,Reader_1_6.csv
4483,1,1,0,Reader_1_7.csv
4483,4,4,0,Reader_1_8.csv
4483,0,0,0,Reader_1_9.csv
4483,0,0,0,Reader_2_1.csv
4483,0,0,0,Reader_2_10.csv
4483,0,0,0,Reader_2_11.csv
4483,0,0,0,Reader_2_12.csv
4483,0,0,0,Reader_2_2.csv
4483,0,0,0,Reader_2_3.csv
4483,0,0,0,Reader_2_4.csv
4483,0,0,0,Reader_2_5.csv
4483,0,0,0,Reader_2_6.csv
4483,1,1,0,Reader_2_7.csv
4483,0,0,0,Reader_2_8.csv
4483,1,1,0,Reader_2_9.csv
4483,8,6,2,reader_3_1.csv
4483,8,6,2,Reader_3_2.csv
4483,0,0,0,Reader_3_3.csv
4483,0,0,0,Reader_3_4.csv
4483,0,0,0,Reader_3_5.csv
4483,0,0,0,Reader_3_6.csv
4483,0,0,0,Reader_3_7.csv
4484,23,18,5,Reader_1_1.csv
4484,0,0,0,Reader_1_10.csv
4484,1,1,0,Reader_1_11.csv
4484,0,0,0,Reader_1_12.csv
4484,0,0,0,Reader_1_2.csv
4484,0,0,0,Reader_1_3.csv
4484,0,0,0,Reader_1_4.csv
4484,1,1,0,Reader_1_5.csv
4484,0,0,0,Reader_1_6.csv
4484,1,1,0,Reader_1_7.csv
4484,4,4,0,Reader_1_8.csv
4484,0,0,0,Reader_1_9.csv
4484,0,0,0,Reader_2_1.csv
4484,0,0,0,Reader_2_10.csv
4484,0,0,0,Reader_2_11.csv
4484,0,0,0,Reader_2_12.csv
4484,0,0,0,Reader_2_2.csv
4484,0,0,0,Reader_2_3.csv
4484,0,0,0,Reader_2_4.csv
4484,0,0,0,Reader_2_5.csv
4484,0,0,0,Reader_2_6.csv
4484,1,1,0,Reader_2_7.csv
4484,0,0,0,Reader_2_8.csv
4484,1,1,0,Reader_2_9.csv
4484,7,5,2,reader_3_1.csv
4484,7,5,2,Reader_3_2.csv
4484,0,0,0,Reader_3_3.csv
4484,0,0,0,Reader_3_4.csv
4484,0,0,0,Reader_3_5.csv
4484,0,0,0,Reader_3_6.csv
4484,0,0,0,Reader_3_7.csv
4485,19,14,5,Reader_1_1.csv
4485,0,0,0,Reader_1_10.csv
4485,1,1,0,Reader_1_11.csv
4485,0,0,0,Reader_1_12.csv
4485,0,0,0,Reader_1_2.csv
4485,0,0,0,Reader_1_3.csv
4485,0,0,0,Reader_1_4.csv
4485,0,0,0,Reader_1_5.csv
4485,0,0,0,Reader_1_6.csv
4485,2,2,0,Reader_1_7.csv
4485,3,3,0,Reader_1_8.csv
4485,0,0,0,Reader_1_9.csv
4485,0,0,0,Reader_2_1.csv
4485,0,0,0,Reader_2_10.csv
4485,0,0,0,Reader_2_11.csv
4485,0,0,0,Reader_2_12.csv
4485,0,0,0,Reader_2_2.csv
4485,0,0,0,Reader_2_3.csv
4485,0,0,0,Reader_2_4.csv
4485,0,0,0,Reader_2_5.csv
4485,1,1,0,Reader_2_6.csv
4485,1,1,0,Reader_2_7.csv
4485,0,0,0,Reader_2_8.csv
4485,1,1,0,Reader_2_9.csv
4485,6,4,2,reader_3_1.csv
4485,6,5,1,Reader_3_2.csv
4485,0,0,0,Reader_3_3.csv
4485,0,0,0,Reader_3_4.csv
4485,0,0,0,Reader_3_5.csv
4485,0,0,0,Reader_3_6.csv
4485,0,0,0,Reader_3_7.csv
4486,17,13,4,Reader_1_1.csv
4486,0,0,0,Reader_1_10.csv
4486,1,1,0,Reader_1_11.csv
4486,0,0,0,Reader_1_12.csv
4486,0,0,0,Reader_1_2.csv
4486,1,1,0,Reader_1_3.csv
4486,0,0,0,Reader_1_4.csv
4486,0,0,0,Reader_1_5.csv
4486,0,0,0,Reader_1_6.csv
4486,2,2,0,Reader_1_7.csv
4486,1,1,0,Reader_1_8.csv
4486,0,0,0,Reader_1_9.csv
4486,0,0,0,Reader_2_1.csv
4486,0,0,0,Reader_2_10.csv
4486,0,0,0,Reader_2_11.csv
4486,0,0,0,Reader_2_12.csv
4486,0,0,0,Reader_2_2.csv
4486,0,0,0,Reader_2_3.csv
4486,0,0,0,Reader_2_4.csv
4486,0,0,0,Reader_2_5.csv
4486,1,1,0,Reader_2_6.csv
4486,0,0,0,Reader_2_7.csv
4486,0,0,0,Reader_2_8.csv
4486,1,1,0,Reader_2_9.csv
4486,5,3,2,reader_3_1.csv
4486,5,5,0,Reader_3_2.csv
4486,0,0,0,Reader_3_3.csv
4486,0,0,0,Reader_3_4.csv
4486,0,0,0,Reader_3_5.csv
4486,0,0,0,Reader_3_6.csv
4486,0,0,0,Reader_3_7.csv
4487,18,14,4,Reader_1_1.csv
4487,0,0,0,Reader_1_10.csv
4487,2,2,0,Reader_1_11.csv
4487,0,0,0,Reader_1_12.csv
4487,0,0,0,Reader_1_2.csv
4487,1,1,0,Reader_1_3.csv
4487,0,0,0,Reader_1_4.csv
4487,0,0,0,Reader_1_5.csv
4487,0,0,0,Reader_1_6.csv
4487,2,2,0,Reader_1_7.csv
4487,1,1,0,Reader_1_8.csv
4487,0,0,0,Reader_1_9.csv
4487,0,0,0,Reader_2_1.csv
4487,0,0,0,Reader_2_10.csv
4487,0,0,0,Reader_2_11.csv
4487,0,0,0,Reader_2_12.csv
4487,0,0,0,Reader_2_2.csv
4487,1,1,0,Reader_2_3.csv
4487,0,0,0,Reader_2_4.csv
4487,0,0,0,Reader_2_5.csv
4487,1,1,0,Reader_2_6.csv
4487,1,0,1,Reader_2_7.csv
4487,0,0,0,Reader_2_8.csv
4487,0,0,0,Reader_2_9.csv
4487,4,2,2,reader_3_1.csv
4487,4,4,0,Reader_3_2.csv
4487,0,0,0,Reader_3_3.csv
4487,0,0,0,Reader_3_4.csv
4487,0,0,0,Reader_3_5.csv
4487,0,0,0,Reader_3_6.csv
4487,0,0,0,Reader_3_7.csv
4488,16,13,3,Reader_1_1.csv
4488,0,0,0,Reader_1_10.csv
4488,2,2,0,Reader_1_11.csv
4488,0,0,0,Reader_1_12.csv
4488,0,0,0,Reader_1_2.csv
4488,1,1,0,Reader_1_3.csv
4488,1,0,1,Reader_1_4.csv
4488,1,1,0,Reader_1_5.csv
4488,0,0,0,Reader_1_6.csv
4488,2,2,0,Reader_1_7.csv
4488,1,1,0,Reader_1_8.csv
4488,0,0,0,Reader_1_9.csv
4488,0,0,0,Reader_2_1.csv
4488,0,0,0,Reader_2_10.csv
4488,0,0,0,Reader_2_11.csv
4488,0,0,0,Reader_2_12.csv
4488,0,0,0,Reader_2_2.csv
4488,1,1,0,Reader_2_3.csv
4488,0,0,0,Reader_2_4.csv
4488,0,0,0,Reader_2_5.csv
4488,1,1,0,Reader_2_6.csv
4488,1,0,1,Reader_2_7.csv
4488,0,0,0,Reader_2_8.csv
4488,0,0,0,Reader_2_9.csv
4488,4,2,2,reader_3_1.csv
4488,4,4,0,Reader_3_2.csv
4488,0,0,0,Reader_3_3.csv
4488,0,0,0,Reader_3_4.csv
4488,0,0,0,Reader_3_5.csv
4488,0,0,0,Reader_3_6.csv
4488,0,0,0,Reader_3_7.csv
4489,17,12,5,Reader_1_1.csv
4489,0,0,0,Reader_1_10.csv
4489,2,2,0,Reader_1_11.csv
4489,0,0,0,Reader_1_12.csv
4489,0,0,0,Reader_1_2.csv
4489,1,1,0,Reader_1_3.csv
4489,1,0,1,Reader_1_4.csv
4489,2,2,0,Reader_1_5.csv
4489,0,0,0,Reader_1_6.csv
4489,2,2,0,Reader_1_7.csv
4489,2,2,0,Reader_1_8.csv
4489,0,0,0,Reader_1_9.csv
4489,0,0,0,Reader_2_1.csv
4489,0,0,0,Reader_2_10.csv
4489,0,0,0,Reader_2_11.csv
4489,0,0,0,Reader_2_12.csv
4489,0,0,0,Reader_2_2.csv
4489,2,2,0,Reader_2_3.csv
4489,0,0,0,Reader_2_4.csv
4489,0,0,0,Reader_2_5.csv
4489,1,1,0,Reader_2_6.csv
4489,1,0,1,Reader_2_7.csv
4489,0,0,0,Reader_2_8.csv
4489,0,0,0,Reader_2_9.csv
4489,2,1,1,reader_3_1.csv
4489,4,4,0,Reader_3_2.csv
4489,0,0,0,Reader_3_3.csv
4489,0,0,0,Reader_3_4.csv
4489,0,0,0,Reader_3_5.csv
4489,0,0,0,Reader_3_6.csv
4489,0,0,0,Reader_3_7.csv
4490,13,10,3,Reader_1_1.csv
4490,0,0,0,Reader_1_10.csv
4490,1,1,0,Reader_1_11.csv
4490,0,0,0,Reader_1_12.csv
4490,0,0,0,Reader_1_2.csv
4490,1,1,0,Reader_1_3.csv
4490,1,0,1,Reader_1_4.csv
4490,2,2,0,Reader_1_5.csv
4490,0,0,0,Reader_1_6.csv
4490,2,2,0,Reader_1_7.csv
4490,1,1,0,Reader_1_8.csv
4490,0,0,0,Reader_1_9.csv
4490,0,0,0,Reader_2_1.csv
4490,0,0,0,Reader_2_10.csv
4490,0,0,0,Reader_2_11.csv
4490,0,0,0,Reader_2_12.csv
4490,0,0,0,Reader_2_2.csv
4490,2,2,0,Reader_2_3.csv
4490,0,0,0,Reader_2_4.csv
4490,0,0,0,Reader_2_5.csv
4490,1,1,0,Reader_2_6.csv
4490,1,0,1,Reader_2_7.csv
4490,0,0,0,Reader_2_8.csv
4490,0,0,0,Reader_2_9.csv
4490,3,2,1,reader_3_1.csv
4490,3,3,0,Reader_3_2.csv
4490,0,0,0,Reader_3_3.csv
4490,0,0,0,Reader_3_4.csv
4490,0,0,0,Reader_3_5.csv
4490,0,0,0,Reader_3_6.csv
4490,0,0,0,Reader_3_7.csv
4491,11,9,2,Reader_1_1.csv
4491,0,0,0,Reader_1_10.csv
4491,1,1,0,Reader_1_11.csv
4491,0,0,0,Reader_1_12.csv
4491,0,0,0,Reader_1_2.csv
4491,1,1,0,Reader_1_3.csv
4491,1,0,1,Reader_1_4.csv
4491,2,2,0,Reader_1_5.csv
4491,0,0,0,Reader_1_6.csv
4491,2,2,0,Reader_1_7.csv
4491,1,1,0,Reader_1_8.csv
4491,0,0,0,Reader_1_9.csv
4491,0,0,0,Reader_2_1.csv
4491,0,0,0,Reader_2_10.csv
4491,0,0,0,Reader_2_11.csv
4491,0,0,0,Reader_2_12.csv
4491,0,0,0,Reader_2_2.csv
4491,2,2,0,Reader_2_3.csv
4491,0,0,0,Reader_2_4.csv
4491,0,0,0,Reader_2_5.csv
4491,1,1,0,Reader_2_6.csv
4491,1,0,1,Reader_2_7.csv
4491,0,0,0,Reader_2_8.csv
4491,0,0,0,Reader_2_9.csv
4491,4,3,1,reader_3_1.csv
4491,3,3,0,Reader_3_2.csv
4491,0,0,0,Reader_3_3.csv
4491,0,0,0,Reader_3_4.csv
4491,0,0,0,Reader_3_5.csv
4491,0,0,0,Reader_3_6.csv
4491,0,0,0,Reader_3_7.csv
4492,12,10,2,Reader_1_1.csv
4492,0,0,0,Reader_1_10.csv
4492,1,1,0,Reader_1_11.csv
4492,0,0,0,Reader_1_12.csv
4492,0,0,0,Reader_1_2.csv
4492,2,2,0,Reader_1_3.csv
4492,1,0,1,Reader_1_4.csv
4492,2,2,0,Reader_1_5.csv
4492,0,0,0,Reader_1_6.csv
4492,2,2,0,Reader_1_7.csv
4492,2,2,0,Reader_1_8.csv
4492,0,0,0,Reader_1_9.csv
4492,0,0,0,Reader_2_1.csv
4492,0,0,0,Reader_2_10.csv
4492,0,0,0,Reader_2_11.csv
4492,0,0,0,Reader_2_12.csv
4492,0,0,0,Reader_2_2.csv
4492,2,2,0,Reader_2_3.csv
4492,0,0,0,Reader_2_4.csv
4492,0,0,0,Reader_2_5.csv
4492,1,1,0,Reader_2_6.csv
4492,1,0,1,Reader_2_7.csv
4492,0,0,0,Reader_2_8.csv
4492,0,0,0,Reader_2_9.csv
4492,5,4,1,reader_3_1.csv
4492,3,3,0,Reader_3_2.csv
4492,0,0,0,Reader_3_3.csv
4492,0,0,0,Reader_3_4.csv
4492,0,0,0,Reader_3_5.csv
4492,0,0,0,Reader_3_6.csv
4492,0,0,0,Reader_3_7.csv
4493,13,11,2,Reader_1_1.csv
4493,0,0,0,Reader_1_10.csv
4493,1,1,0,Reader_1_11.csv
4493,0,0,0,Reader_1_12.csv
4493,0,0,0,Reader_1_2.csv
4493,3,3,0,Reader_1_3.csv
4493,1,0,1,Reader_1_4.csv
4493,2,2,0,Reader_1_5.csv
4493,0,0,0,Reader_1_6.csv
4493,1,1,0,Reader_1_7.csv
4493,2,2,0,Reader_1_8.csv
4493,0,0,0,Reader_1_9.csv
4493,0,0,0,Reader_2_1.csv
4493,0,0,0,Reader_2_10.csv
4493,0,0,0,Reader_2_11.csv
4493,0,0,0,Reader_2_12.csv
4493,0,0,0,Reader_2_2.csv
4493,3,3,0,Reader_2_3.csv
4493,0,0,0,Reader_2_4.csv
4493,0,0,0,Reader_2_5.csv
4493,0,0,0,Reader_2_6.csv
4493,1,0,1,Reader_2_7.csv
4493,0,0,0,Reader_2_8.csv
4493,0,0,0,Reader_2_9.csv
4493,6,3,3,reader_3_1.csv
4493,2,2,0,Reader_3_2.csv
4493,0,0,0,Reader_3_3.csv
4493,0,0,0,Reader_3_4.csv
4493,0,0,0,Reader_3_5.csv
4493,0,0,0,Reader_3_6.csv
4493,0,0,0,Reader_3_7.csv
4494,15,13,2,Reader_1_1.csv
4494,0,0,0,Reader_1_10.csv
4494,1,1,0,Reader_1_11.csv
4494,0,0,0,Reader_1_12.csv
4494,0,0,0,Reader_1_2.csv
4494,2,2,0,Reader_1_3.csv
4494,1,0,1,Reader_1_4.csv
4494,3,2,1,Reader_1_5.csv
4494,0,0,0,Reader_1_6.csv
4494,0,0,0,Reader_1_7.csv
4494,3,3,0,Reader_1_8.csv
4494,0,0,0,Reader_1_9.csv
4494,0,0,0,Reader_2_1.csv
4494,0,0,0,Reader_2_10.csv
4494,0,0,0,Reader_2_11.csv
4494,0,0,0,Reader_2_12.csv
4494,1,1,0,Reader_2_2.csv
4494,3,3,0,Reader_2_3.csv
4494,0,0,0,Reader_2_4.csv
4494,1,1,0,Reader_2_5.csv
4494,0,0,0,Reader_2_6.csv
4494,1,0,1,Reader_2_7.csv
4494,0,0,0,Reader_2_8.csv
4494,0,0,0,Reader_2_9.csv
4494,6,3,3,reader_3_1.csv
4494,2,2,0,Reader_3_2.csv
4494,0,0,0,Reader_3_3.csv
4494,0,0,0,Reader_3_4.csv
4494,0,0,0,Reader_3_5.csv
4494,0,0,0,Reader_3_6.csv
4494,0,0,0,Reader_3_7.csv
4495,13,11,2,Reader_1_1.csv
4495,0,0,0,Reader_1_10.csv
4495,0,0,0,Reader_1_11.csv
4495,0,0,0,Reader_1_12.csv
4495,0,0,0,Reader_1_2.csv
4495,2,2,0,Reader_1_3.csv
4495,1,0,1,Reader_1_4.csv
4495,3,2,1,Reader_1_5.csv
4495,0,0,0,Reader_1_6.csv
4495,0,0,0,Reader_1_7.csv
4495,3,3,0,Reader_1_8.csv
4495,0,0,0,Reader_1_9.csv
4495,0,0,0,Reader_2_1.csv
4495,0,0,0,Reader_2_10.csv
4495,0,0,0,Reader_2_11.csv
4495,0,0,0,Reader_2_12.csv
4495,1,1,0,Reader_2_2.csv
4495,2,2,0,Reader_2_3.csv
4495,0,0,0,Reader_2_4.csv
4495,1,1,0,Reader_2_5.csv
4495,0,0,0,Reader_2_6.csv
4495,0,0,0,Reader_2_7.csv
4495,0,0,0,Reader_2_8.csv
4495,0,0,0,Reader_2_9.csv
4495,7,4,3,reader_3_1.csv
4495,1,1,0,Reader_3_2.csv
4495,0,0,0,Reader_3_3.csv
4495,0,0,0,Reader_3_4.csv
4495,0,0,0,Reader_3_5.csv
4495,0,0,0,Reader_3_6.csv
4495,0,0,0,Reader_3_7.csv
4496,11,9,2,Reader_1_1.csv
4496,0,0,0,Reader_1_10.csv
4496,0,0,0,Reader_1_11.csv
4496,0,0,0,Reader_1_12.csv
4496,0,0,0,Reader_1_2.csv
4496,2,2,0,Reader_1_3.csv
4496,0,0,0,Reader_1_4.csv
4496,2,1,1,Reader_1_5.csv
4496,0,0,0,Reader_1_6.csv
4496,0,0,0,Reader_1_7.csv
4496,3,3,0,Reader_1_8.csv
4496,0,0,0,Reader_1_9.csv
4496,0,0,0,Reader_2_1.csv
4496,0,0,0,Reader_2_10.csv
4496,0,0,0,Reader_2_11.csv
4496,0,0,0,Reader_2_12.csv
4496,2,2,0,Reader_2_2.csv
4496,2,2,0,Reader_2_3.csv
4496,0,0,0,Reader_2_4.csv
4496,1,1,0,Reader_2_5.csv
4496,1,1,0,Reader_2_6.csv
4496,0,0,0,Reader_2_7.csv
4496,0,0,0,Reader_2_8.csv
4496,0,0,0,Reader_2_9.csv
4496,7,4,3,reader_3_1.csv
4496,0,0,0,Reader_3_2.csv
4496,0,0,0,Reader_3_3.csv
4496,0,0,0,Reader_3_4.csv
4496,0,0,0,Reader_3_5.csv
4496,0,0,0,Reader_3_6.csv
4496,0,0,0,Reader_3_7.csv
4497,8,8,0,Reader_1_1.csv
4497,0,0,0,Reader_1_10.csv
4497,0,0,0,Reader_1_11.csv
4497,0,0,0,Reader_1_12.csv
4497,0,0,0,Reader_1_2.csv
4497,2,2,0,Reader_1_3.csv
4497,0,0,0,Reader_1_4.csv
4497,2,0,2,Reader_1_5.csv
4497,0,0,0,Reader_1_6.csv
4497,0,0,0,Reader_1_7.csv
4497,2,2,0,Reader_1_8.csv
4497,0,0,0,Reader_1_9.csv
4497,0,0,0,Reader_2_1.csv
4497,0,0,0,Reader_2_10.csv
4497,0,0,0,Reader_2_11.csv
4497,0,0,0,Reader_2_12.csv
4497,2,2,0,Reader_2_2.csv
4497,2,2,0,Reader_2_3.csv
4497,0,0,0,Reader_2_4.csv
4497,1,1,0,Reader_2_5.csv
4497,1,1,0,Reader_2_6.csv
4497,0,0,0,Reader_2_7.csv
4497,0,0,0,Reader_2_8.csv
4497,0,0,0,Reader_2_9.csv
4497,7,4,3,reader_3_1.csv
4497,0,0,0,Reader_3_2.csv
4497,0,0,0,Reader_3_3.csv
4497,0,0,0,Reader_3_4.csv
4497,0,0,0,Reader_3_5.csv
4497,0,0,0,Reader_3_6.csv
4497,0,0,0,Reader_3_7.csv
4498,9,9,0,Reader_1_1.csv
4498,0,0,0,Reader_1_10.csv
4498,0,0,0,Reader_1_11.csv
4498,0,0,0,Reader_1_12.csv
4498,0,0,0,Reader_1_2.csv
4498,2,2,0,Reader_1_3.csv
4498,0,0,0,Reader_1_4.csv
4498,3,1,2,Reader_1_5.csv
4498,0,0,0,Reader_1_6.csv
4498,0,0,0,Reader_1_7.csv
4498,2,2,0,Reader_1_8.csv
4498,0,0,0,Reader_1_9.csv
4498,0,0,0,Reader_2_1.csv
4498,0,0,0,Reader_2_10.csv
4498,0,0,0,Reader_2_11.csv
4498,0,0,0,Reader_2_12.csv
4498,3,3,0,Reader_2_2.csv
4498,2,2,0,Reader_2_3.csv
4498,0,0,0,Reader_2_4.csv
4498,1,1,0,Reader_2_5.csv
4498,1,1,0,Reader_2_6.csv
4498,0,0,0,Reader_2_7.csv
4498,0,0,0,Reader_2_8.csv
4498,0,0,0,Reader_2_9.csv
4498,7,5,2,reader_3_1.csv
4498,1,0,1,Reader_3_2.csv
4498,0,0,0,Reader_3_3.csv
4498,0,0,0,Reader_3_4.csv
4498,0,0,0,Reader_3_5.csv
4498,0,0,0,Reader_3_6.csv
4498,0,0,0,Reader_3_7.csv
4499,10,10,0,Reader_1_1.csv
4499,0,0,0,Reader_1_10.csv
4499,0,0,0,Reader_1_11.csv
4499,0,0,0,Reader_1_12.csv
4499,0,0,0,Reader_1_2.csv
4499,2,2,0,Reader_1_3.csv
4499,0,0,0,Reader_1_4.csv
4499,4,2,2,Reader_1_5.csv
4499,0,0,0,Reader_1_6.csv
4499,0,0,0,Reader_1_7.csv
4499,2,2,0,Reader_1_8.csv
4499,0,0,0,Reader_1_9.csv
4499,0,0,0,Reader_2_1.csv
4499,0,0,0,Reader_2_10.csv
4499,0,0,0,Reader_2_11.csv
4499,0,0,0,Reader_2_12.csv
4499,3,3,0,Reader_2_2.csv
4499,2,2,0,Reader_2_3.csv
4499,0,0,0,Reader_2_4.csv
4499,2,2,0,Reader_2_5.csv
4499,1,1,0,Reader_2_6.csv
4499,0,0,0,Reader_2_7.csv
4499,0,0,0,Reader_2_8.csv
4499,0,0,0,Reader_2_9.csv
4499,7,5,2,reader_3_1.csv
4499,1,0,1,Reader_3_2.csv
4499,0,0,0,Reader_3_3.csv
4499,0,0,0,Reader_3_4.csv
4499,0,0,0,Reader_3_5.csv
4499,0,0,0,Reader_3_6.csv
4499,0,0,0,Reader_3_7.csv
4500,11,11,0,Reader_1_1.csv
4500,0,0,0,Reader_1_10.csv
4500,0,0,0,Reader_1_11.csv
4500,0,0,0,Reader_1_12.csv
4500,0,0,0,Reader_1_2.csv
4500,1,1,0,Reader_1_3.csv
4500,0,0,0,Reader_1_4.csv
4500,4,2,2,Reader_1_5.csv
4500,0,0,0,Reader_1_6.csv
4500,0,0,0,Reader_1_7.csv
4500,1,1,0,Reader_1_8.csv
4500,0,0,0,Reader_1_9.csv
4500,0,0,0,Reader_2_1.csv
4500,0,0,0,Reader_2_10.csv
4500,0,0,0,Reader_2_11.csv
4500,0,0,0,Reader_2_12.csv
4500,4,4,0,Reader_2_2.csv
4500,2,2,0,Reader_2_3.csv
4500,0,0,0,Reader_2_4.csv
4500,2,2,0,Reader_2_5.csv
4500,2,2,0,Reader_2_6.csv
4500,0,0,0,Reader_2_7.csv
4500,0,0,0,Reader_2_8.csv
4500,0,0,0,Reader_2_9.csv
4500,7,4,3,reader_3_1.csv
4500,2,1,1,Reader_3_2.csv
4500,0,0,0,Reader_3_3.csv
4500,0,0,0,Reader_3_4.csv
4500,0,0,0,Reader_3_5.csv
4500,0,0,0,Reader_3_6.csv
4500,0,0,0,Reader_3_7.csv
4501,12,12,0,Reader_1_1.csv
4501,0,0,0,Reader_1_10.csv
4501,0,0,0,Reader_1_11.csv
4501,0,0,0,Reader_1_12.csv
4501,0,0,0,Reader_1_2.csv
4501,0,0,0,Reader_1_3.csv
4501,0,0,0,Reader_1_4.csv
4501,7,4,3,Reader_1_5.csv
4501,0,0,0,Reader_1_6.csv
4501,0,0,0,Reader_1_7.csv
4501,1,1,0,Reader_1_8.csv
4501,0,0,0,Reader_1_9.csv
4501,1,1,0,Reader_2_1.csv
4501,0,0,0,Reader_2_10.csv
4501,0,0,0,Reader_2_11.csv
4501,0,0,0,Reader_2_12.csv
4501,5,5,0,Reader_2_2.csv
4501,1,1,0,Reader_2_3.csv
4501,0,0,0,Reader_2_4.csv
4501,2,2,0,Reader_2_5.csv
4501,2,2,0,Reader_2_6.csv
4501,0,0,0,Reader_2_7.csv
4501,0,0,0,Reader_2_8.csv
4501,0,0,0,Reader_2_9.csv
4501,6,5,1,reader_3_1.csv
4501,2,1,1,Reader_3_2.csv
4501,0,0,0,Reader_3_3.csv
4501,0,0,0,Reader_3_4.csv
4501,0,0,0,Reader_3_5.csv
4501,0,0,0,Reader_3_6.csv
4501,0,0,0,Reader_3_7.csv
4502,12,12,0,Reader_1_1.csv
4502,0,0,0,Reader_1_10.csv
4502,0,0,0,Reader_1_11.csv
4502,0,0,0,Reader_1_12.csv
4502,0,0,0,Reader_1_2.csv
4502,0,0,0,Reader_1_3.csv
4502,1,1,0,Reader_1_4.csv
4502,6,4,2,Reader_1_5.csv
4502,0,0,0,Reader_1_6.csv
4502,0,0,0,Reader_1_7.csv
4502,0,0,0,Reader_1_8.csv
4502,0,0,0,Reader_1_9.csv
4502,1,1,0,Reader_2_1.csv
4502,0,0,0,Reader_2_10.csv
4502,0,0,0,Reader_2_11.csv
4502,0,0,0,Reader_2_12.csv
4502,4,4,0,Reader_2_2.csv
4502,1,1,0,Reader_2_3.csv
4502,0,0,0,Reader_2_4.csv
4502,1,1,0,Reader_2_5.csv
4502,2,2,0,Reader_2_6.csv
4502,0,0,0,Reader_2_7.csv
4502,0,0,0,Reader_2_8.csv
4502,0,0,0,Reader_2_9.csv
4502,8,7,1,reader_3_1.csv
4502,3,2,1,Reader_3_2.csv
4502,0,0,0,Reader_3_3.csv
4502,0,0,0,Reader_3_4.csv
4502,0,0,0,Reader_3_5.csv
4502,0,0,0,Reader_3_6.csv
4502,0,0,0,Reader_3_7.csv
4503,11,11,0,Reader_1_1.csv
4503,0,0,0,Reader_1_10.csv
4503,0,0,0,Reader_1_11.csv
4503,0,0,0,Reader_1_12.csv
4503,0,0,0,Reader_1_2.csv
4503,0,0,0,Reader_1_3.csv
4503,1,1,0,Reader_1_4.csv
4503,7,5,2,Reader_1_5.csv
4503,0,0,0,Reader_1_6.csv
4503,0,0,0,Reader_1_7.csv
4503,0,0,0,Reader_1_8.csv
4503,0,0,0,Reader_1_9.csv
4503,1,1,0,Reader_2_1.csv
4503,0,0,0,Reader_2_10.csv
4503,0,0,0,Reader_2_11.csv
4503,0,0,0,Reader_2_12.csv
4503,4,4,0,Reader_2_2.csv
4503,1,1,0,Reader_2_3.csv
4503,0,0,0,Reader_2_4.csv
4503,1,1,0,Reader_2_5.csv
4503,2,2,0,Reader_2_6.csv
4503,0,0,0,Reader_2_7.csv
4503,0,0,0,Reader_2_8.csv
4503,0,0,0,Reader_2_9.csv
4503,7,6,1,reader_3_1.csv
4503,4,2,2,Reader_3_2.csv
4503,0,0,0,Reader_3_3.csv
4503,0,0,0,Reader_3_4.csv
4503,0,0,0,Reader_3_5.csv
4503,0,0,0,Reader_3_6.csv
4503,0,0,0,Reader_3_7.csv
4504,11,11,0,Reader_1_1.csv
4504,0,0,0,Reader_1_10.csv
4504,0,0,0,Reader_1_11.csv
4504,0,0,0,Reader_1_12.csv
4504,0,0,0,Reader_1_2.csv
4504,2,2,0,Reader_1_3.csv
4504,1,1,0,Reader_1_4.csv
4504,8,6,2,Reader_1_5.csv
4504,0,0,0,Reader_1_6.csv
4504,0,0,0,Reader_1_7.csv
4504,0,0,0,Reader_1_8.csv
4504,0,0,0,Reader_1_9.csv
4504,1,1,0,Reader_2_1.csv
4504,0,0,0,Reader_2_10.csv
4504,0,0,0,Reader_2_11.csv
4504,0,0,0,Reader_2_12.csv
4504,3,3,0,Reader_2_2.csv
4504,1,1,0,Reader_2_3.csv
4504,0,0,0,Reader_2_4.csv
4504,1,1,0,Reader_2_5.csv
4504,1,1,0,Reader_2_6.csv
4504,0,0,0,Reader_2_7.csv
4504,0,0,0,Reader_2_8.csv
4504,0,0,0,Reader_2_9.csv
4504,9,8,1,reader_3_1.csv
4504,4,2,2,Reader_3_2.csv
4504,0,0,0,Reader_3_3.csv
4504,0,0,0,Reader_3_4.csv
4504,0,0,0,Reader_3_5.csv
4504,0,0,0,Reader_3_6.csv
4504,0,0,0,Reader_3_7.csv
4505,11,10,1,Reader_1_1.csv
4505,0,0,0,Reader_1_10.csv
4505,0,0,0,Reader_1_11.csv
4505,0,0,0,Reader_1_12.csv
4505,0,0,0,Reader_1_2.csv
4505,3,3,0,Reader_1_3.csv
4505,1,1,0,Reader_1_4.csv
4505,8,7,1,Reader_1_5.csv
4505,0,0,0,Reader_1_6.csv
4505,0,0,0,Reader_1_7.csv
4505,0,0,0,Reader_1_8.csv
4505,0,0,0,Reader_1_9.csv
4505,1,1,0,Reader_2_1.csv
4505,0,0,0,Reader_2_10.csv
4505,0,0,0,Reader_2_11.csv
4505,0,0,0,Reader_2_12.csv
4505,4,4,0,Reader_2_2.csv
4505,0,0,0,Reader_2_3.csv
4505,0,0,0,Reader_2_4.csv
4505,1,1,0,Reader_2_5.csv
4505,1,1,0,Reader_2_6.csv
4505,0,0,0,Reader_2_7.csv
4505,0,0,0,Reader_2_8.csv
4505,0,0,0,Reader_2_9.csv
4505,10,9,1,reader_3_1.csv
4505,4,2,2,Reader_3_2.csv
4505,0,0,0,Reader_3_3.csv
4505,0,0,0,Reader_3_4.csv
4505,0,0,0,Reader_3_5.csv
4505,0,0,0,Reader_3_6.csv
4505,0,0,0,Reader_3_7.csv
4506,12,11,1,Reader_1_1.csv
4506,0,0,0,Reader_1_10.csv
4506,0,0,0,Reader_1_11.csv
4506,0,0,0,Reader_1_12.csv
4506,0,0,0,Reader_1_2.csv
4506,3,3,0,Reader_1_3.csv
4506,1,1,0,Reader_1_4.csv
4506,7,6,1,Reader_1_5.csv
4506,0,0,0,Reader_1_6.csv
4506,0,0,0,Reader_1_7.csv
4506,0,0,0,Reader_1_8.csv
4506,0,0,0,Reader_1_9.csv
4506,1,1,0,Reader_2_1.csv
4506,0,0,0,Reader_2_10.csv
4506,0,0,0,Reader_2_11.csv
4506,0,0,0,Reader_2_12.csv
4506,3,3,0,Reader_2_2.csv
4506,1,1,0,Reader_2_3.csv
4506,0,0,0,Reader_2_4.csv
4506,1,1,0,Reader_2_5.csv
4506,1,1,0,Reader_2_6.csv
4506,0,0,0,Reader_2_7.csv
4506,0,0,0,Reader_2_8.csv
4506,0,0,0,Reader_2_9.csv
4506,8,7,1,reader_3_1.csv
4506,5,4,1,Reader_3_2.csv
4506,0,0,0,Reader_3_3.csv
4506,0,0,0,Reader_3_4.csv
4506,0,0,0,Reader_3_5.csv
4506,0,0,0,Reader_3_6.csv
4506,0,0,0,Reader_3_7.csv
4507,10,9,1,Reader_1_1.csv
4507,0,0,0,Reader_1_10.csv
4507,0,0,0,Reader_1_11.csv
4507,0,0,0,Reader_1_12.csv
4507,0,0,0,Reader_1_2.csv
4507,4,4,0,Reader_1_3.csv
4507,1,1,0,Reader_1_4.csv
4507,6,5,1,Reader_1_5.csv
4507,0,0,0,Reader_1_6.csv
4507,0,0,0,Reader_1_7.csv
4507,0,0,0,Reader_1_8.csv
4507,1,1,0,Reader_1_9.csv
4507,1,1,0,Reader_2_1.csv
4507,0,0,0,Reader_2_10.csv
4507,0,0,0,Reader_2_11.csv
4507,0,0,0,Reader_2_12.csv
4507,3,3,0,Reader_2_2.csv
4507,2,2,0,Reader_2_3.csv
4507,0,0,0,Reader_2_4.csv
4507,0,0,0,Reader_2_5.csv
4507,1,1,0,Reader_2_6.csv
4507,0,0,0,Reader_2_7.csv
4507,0,0,0,Reader_2_8.csv
4507,0,0,0,Reader_2_9.csv
4507,7,6,1,reader_3_1.csv
4507,6,5,1,Reader_3_2.csv
4507,0,0,0,Reader_3_3.csv
4507,0,0,0,Reader_3_4.csv
4507,0,0,0,Reader_3_5.csv
4507,0,0,0,Reader_3_6.csv
4507,0,0,0,Reader_3_7.csv
4508,9,8,1,Reader_1_1.csv
4508,0,0,0,Reader_1_10.csv
4508,0,0,0,Reader_1_11.csv
4508,0,0,0,Reader_1_12.csv
4508,0,0,0,Reader_1_2.csv
4508,5,5,0,Reader_1_3.csv
4508,1,1,0,Reader_1_4.csv
4508,7,6,1,Reader_1_5.csv
4508,0,0,0,Reader_1_6.csv
4508,0,0,0,Reader_1_7.csv
4508,0,0,0,Reader_1_8.csv
4508,2,2,0,Reader_1_9.csv
4508,1,1,0,Reader_2_1.csv
4508,0,0,0,Reader_2_10.csv
4508,0,0,0,Reader_2_11.csv
4508,0,0,0,Reader_2_12.csv
4508,2,2,0,Reader_2_2.csv
4508,2,2,0,Reader_2_3.csv
4508,0,0,0,Reader_2_4.csv
4508,0,0,0,Reader_2_5.csv
4508,0,0,0,Reader_2_6.csv
4508,0,0,0,Reader_2_7.csv
4508,0,0,0,Reader_2_8.csv
4508,0,0,0,Reader_2_9.csv
4508,7,6,1,reader_3_1.csv
4508,5,4,1,Reader_3_2.csv
4508,0,0,0,Reader_3_3.csv
4508,0,0,0,Reader_3_4.csv
4508,0,0,0,Reader_3_5.csv
4508,0,0,0,Reader_3_6.csv
4508,0,0,0,Reader_3_7.csv
4509,7,6,1,Reader_1_1.csv
4509,0,0,0,Reader_1_10.csv
4509,0,0,0,Reader_1_11.csv
4509,0,0,0,Reader_1_12.csv
4509,0,0,0,Reader_1_2.csv
4509,5,5,0,Reader_1_3.csv
4509,1,1,0,Reader_1_4.csv
4509,4,4,0,Reader_1_5.csv
4509,0,0,0,Reader_1_6.csv
4509,0,0,0,Reader_1_7.csv
4509,0,0,0,Reader_1_8.csv
4509,2,2,0,Reader_1_9.csv
4509,0,0,0,Reader_2_1.csv
4509,0,0,0,Reader_2_10.csv
4509,0,0,0,Reader_2_11.csv
4509,0,0,0,Reader_2_12.csv
4509,1,1,0,Reader_2_2.csv
4509,2,2,0,Reader_2_3.csv
4509,0,0,0,Reader_2_4.csv
4509,0,0,0,Reader_2_5.csv
4509,1,1,0,Reader_2_6.csv
4509,0,0,0,Reader_2_7.csv
4509,0,0,0,Reader_2_8.csv
4509,0,0,0,Reader_2_9.csv
4509,6,5,1,reader_3_1.csv
4509,5,4,1,Reader_3_2.csv
4509,0,0,0,Reader_3_3.csv
4509,0,0,0,Reader_3_4.csv
4509,0,0,0,Reader_3_5.csv
4509,0,0,0,Reader_3_6.csv
4509,0,0,0,Reader_3_7.csv
4510,5,4,1,Reader_1_1.csv
4510,0,0,0,Reader_1_10.csv
4510,0,0,0,Reader_1_11.csv
4510,0,0,0,Reader_1_12.csv
4510,0,0,0,Reader_1_2.csv
4510,6,6,0,Reader_1_3.csv
4510,0,0,0,Reader_1_4.csv
4510,4,4,0,Reader_1_5.csv
4510,0,0,0,Reader_1_6.csv
4510,0,0,0,Reader_1_7.csv
4510,0,0,0,Reader_1_8.csv
4510,2,2,0,Reader_1_9.csv
4510,0,0,0,Reader_2_1.csv
4510,0,0,0,Reader_2_10.csv
4510,0,0,0,Reader_2_11.csv
4510,0,0,0,Reader_2_12.csv
4510,1,1,0,Reader_2_2.csv
4510,2,2,0,Reader_2_3.csv
4510,0,0,0,Reader_2_4.csv
4510,0,0,0,Reader_2_5.csv
4510,1,1,0,Reader_2_6.csv
4510,0,0,0,Reader_2_7.csv
4510,0,0,0,Reader_2_8.csv
4510,0,0,0,Reader_2_9.csv
4510,4,3,1,reader_3_1.csv
4510,5,3,2,Reader_3_2.csv
4510,0,0,0,Reader_3_3.csv
4510,0,0,0,Reader_3_4.csv
4510,0,0,0,Reader_3_5.csv
4510,0,0,0,Reader_3_6.csv
4510,0,0,0,Reader_3_7.csv
4511,6,4,2,Reader_1_1.csv
4511,0,0,0,Reader_1_10.csv
4511,0,0,0,Reader_1_11.csv
4511,0,0,0,Reader_1_12.csv
4511,0,0,0,Reader_1_2.csv
4511,8,8,0,Reader_1_3.csv
4511,0,0,0,Reader_1_4.csv
4511,4,4,0,Reader_1_5.csv
4511,0,0,0,Reader_1_6.csv
4511,0,0,0,Reader_1_7.csv
4511,0,0,0,Reader_1_8.csv
4511,2,2,0,Reader_1_9.csv
4511,0,0,0,Reader_2_1.csv
4511,0,0,0,Reader_2_10.csv
4511,0,0,0,Reader_2_11.csv
4511,0,0,0,Reader_2_12.csv
4511,1,1,0,Reader_2_2.csv
4511,2,2,0,Reader_2_3.csv
4511,0,0,0,Reader_2_4.csv
4511,0,0,0,Reader_2_5.csv
4511,1,1,0,Reader_2_6.csv
4511,0,0,0,Reader_2_7.csv
4511,0,0,0,Reader_2_8.csv
4511,0,0,0,Reader_2_9.csv
4511,6,5,1,reader_3_1.csv
4511,4,3,1,Reader_3_2.csv
4511,0,0,0,Reader_3_3.csv
4511,0,0,0,Reader_3_4.csv
4511,0,0,0,Reader_3_5.csv
4511,0,0,0,Reader_3_6.csv
4511,0,0,0,Reader_3_7.csv
4512,8,6,2,Reader_1_1.csv
4512,0,0,0,Reader_1_10.csv
4512,0,0,0,Reader_1_11.csv
4512,0,0,0,Reader_1_12.csv
4512,0,0,0,Reader_1_2.csv
4512,7,6,1,Reader_1_3.csv
4512,0,0,0,Reader_1_4.csv
4512,3,3,0,Reader_1_5.csv
4512,0,0,0,Reader_1_6.csv
4512,0,0,0,Reader_1_7.csv
4512,0,0,0,Reader_1_8.csv
4512,3,3,0,Reader_1_9.csv
4512,0,0,0,Reader_2_1.csv
4512,0,0,0,Reader_2_10.csv
4512,0,0,0,Reader_2_11.csv
4512,0,0,0,Reader_2_12.csv
4512,1,1,0,Reader_2_2.csv
4512,2,2,0,Reader_2_3.csv
4512,0,0,0,Reader_2_4.csv
4512,0,0,0,Reader_2_5.csv
4512,1,1,0,Reader_2_6.csv
4512,0,0,0,Reader_2_7.csv
4512,0,0,0,Reader_2_8.csv
4512,0,0,0,Reader_2_9.csv
4512,4,3,1,reader_3_1.csv
4512,4,3,1,Reader_3_2.csv
4512,0,0,0,Reader_3_3.csv
4512,0,0,0,Reader_3_4.csv
4512,0,0,0,Reader_3_5.csv
4512,0,0,0,Reader_3_6.csv
4512,0,0,0,Reader_3_7.csv
4513,7,6,1,Reader_1_1.csv
4513,0,0,0,Reader_1_10.csv
4513,0,0,0,Reader_1_11.csv
4513,0,0,0,Reader_1_12.csv
4513,0,0,0,Reader_1_2.csv
4513,8,7,1,Reader_1_3.csv
4513,0,0,0,Reader_1_4.csv
4513,2,2,0,Reader_1_5.csv
4513,0,0,0,Reader_1_6.csv
4513,0,0,0,Reader_1_7.csv
4513,0,0,0,Reader_1_8.csv
4513,4,4,0,Reader_1_9.csv
4513,0,0,0,Reader_2_1.csv
4513,0,0,0,Reader_2_10.csv
4513,0,0,0,Reader_2_11.csv
4513,0,0,0,Reader_2_12.csv
4513,1,1,0,Reader_2_2.csv
4513,2,2,0,Reader_2_3.csv
4513,0,0,0,Reader_2_4.csv
4513,0,0,0,Reader_2_5.csv
4513,1,1,0,Reader_2_6.csv
4513,0,0,0,Reader_2_7.csv
4513,0,0,0,Reader_2_8.csv
4513,0,0,0,Reader_2_9.csv
4513,4,3,1,reader_3_1.csv
4513,4,3,1,Reader_3_2.csv
4513,0,0,0,Reader_3_3.csv
4513,0,0,0,Reader_3_4.csv
4513,0,0,0,Reader_3_5.csv
4513,0,0,0,Reader_3_6.csv
4513,0,0,0,Reader_3_7.csv
4514,6,5,1,Reader_1_1.csv
4514,0,0,0,Reader_1_10.csv
4514,0,0,0,Reader_1_11.csv
4514,0,0,0,Reader_1_12.csv
4514,0,0,0,Reader_1_2.csv
4514,8,7,1,Reader_1_3.csv
4514,0,0,0,Reader_1_4.csv
4514,3,3,0,Reader_1_5.csv
4514,0,0,0,Reader_1_6.csv
4514,0,0,0,Reader_1_7.csv
4514,0,0,0,Reader_1_8.csv
4514,5,5,0,Reader_1_9.csv
4514,0,0,0,Reader_2_1.csv
4514,0,0,0,Reader_2_10.csv
4514,0,0,0,Reader_2_11.csv
4514,0,0,0,Reader_2_12.csv
4514,1,1,0,Reader_2_2.csv
4514,1,1,0,Reader_2_3.csv
4514,0,0,0,Reader_2_4.csv
4514,0,0,0,Reader_2_5.csv
4514,1,1,0,Reader_2_6.csv
4514,0,0,0,Reader_2_7.csv
4514,0,0,0,Reader_2_8.csv
4514,0,0,0,Reader_2_9.csv
4514,4,3,1,reader_3_1.csv
4514,2,1,1,Reader_3_2.csv
4514,0,0,0,Reader_3_3.csv
4514,0,0,0,Reader_3_4.csv
4514,0,0,0,Reader_3_5.csv
4514,0,0,0,Reader_3_6.csv
4514,0,0,0,Reader_3_7.csv
4515,6,5,1,Reader_1_1.csv
4515,0,0,0,Reader_1_10.csv
4515,0,0,0,Reader_1_11.csv
4515,0,0,0,Reader_1_12.csv
4515,0,0,0,Reader_1_2.csv
4515,7,6,1,Reader_1_3.csv
4515,0,0,0,Reader_1_4.csv
4515,3,3,0,Reader_1_5.csv
4515,0,0,0,Reader_1_6.csv
4515,0,0,0,Reader_1_7.csv
4515,0,0,0,Reader_1_8.csv
4515,4,4,0,Reader_1_9.csv
4515,0,0,0,Reader_2_1.csv
4515,0,0,0,Reader_2_10.csv
4515,0,0,0,Reader_2_11.csv
4515,0,0,0,Reader_2_12.csv
4515,1,1,0,Reader_2_2.csv
4515,0,0,0,Reader_2_3.csv
4515,1,1,0,Reader_2_4.csv
4515,0,0,0,Reader_2_5.csv
4515,2,2,0,Reader_2_6.csv
4515,0,0,0,Reader_2_7.csv
4515,0,0,0,Reader_2_8.csv
4515,0,0,0,Reader_2_9.csv
4515,4,3,1,reader_3_1.csv
4515,1,0,1,Reader_3_2.csv
4515,0,0,0,Reader_3_3.csv
4515,0,0,0,Reader_3_4.csv
4515,0,0,0,Reader_3_5.csv
4515,0,0,0,Reader_3_6.csv
4515,0,0,0,Reader_3_7.csv
4516,5,4,1,Reader_1_1.csv
4516,0,0,0,Reader_1_10.csv
4516,0,0,0,Reader_1_11.csv
4516,0,0,0,Reader_1_12.csv
4516,0,0,0,Reader_1_2.csv
4516,7,6,1,Reader_1_3.csv
4516,0,0,0,Reader_1_4.csv
4516,2,2,0,Reader_1_5.csv
4516,0,0,0,Reader_1_6.csv
4516,0,0,0,Reader_1_7.csv
4516,0,0,0,Reader_1_8.csv
4516,3,3,0,Reader_1_9.csv
4516,0,0,0,Reader_2_1.csv
4516,0,0,0,Reader_2_10.csv
4516,0,0,0,Reader_2_11.csv
4516,1,1,0,Reader_2_12.csv
4516,1,1,0,Reader_2_2.csv
4516,0,0,0,Reader_2_3.csv
4516,1,1,0,Reader_2_4.csv
4516,0,0,0,Reader_2_5.csv
4516,2,2,0,Reader_2_6.csv
4516,0,0,0,Reader_2_7.csv
4516,0,0,0,Reader_2_8.csv
4516,0,0,0,Reader_2_9.csv
4516,5,4,1,reader_3_1.csv
4516,3,1,2,Reader_3_2.csv
4516,0,0,0,Reader_3_3.csv
4516,0,0,0,Reader_3_4.csv
4516,0,0,0,Reader_3_5.csv
4516,0,0,0,Reader_3_6.csv
4516,0,0,0,Reader_3_7.csv
4517,6,5,1,Reader_1_1.csv
4517,0,0,0,Reader_1_10.csv
4517,0,0,0,Reader_1_11.csv
4517,0,0,0,Reader_1_12.csv
4517,0,0,0,Reader_1_2.csv
4517,8,7,1,Reader_1_3.csv
4517,0,0,0,Reader_1_4.csv
4517,2,2,0,Reader_1_5.csv
4517,0,0,0,Reader_1_6.csv
4517,0,0,0,Reader_1_7.csv
4517,0,0,0,Reader_1_8.csv
4517,3,3,0,Reader_1_9.csv
4517,0,0,0,Reader_2_1.csv
4517,0,0,0,Reader_2_10.csv
4517,0,0,0,Reader_2_11.csv
4517,1,1,0,Reader_2_12.csv
4517,1,1,0,Reader_2_2.csv
4517,0,0,0,Reader_2_3.csv
4517,1,1,0,Reader_2_4.csv
4517,0,0,0,Reader_2_5.csv
4517,1,1,0,Reader_2_6.csv
4517,0,0,0,Reader_2_7.csv
4517,0,0,0,Reader_2_8.csv
4517,0,0,0,Reader_2_9.csv
4517,6,5,1,reader_3_1.csv
4517,3,1,2,Reader_3_2.csv
4517,0,0,0,Reader_3_3.csv
4517,0,0,0,Reader_3_4.csv
4517,0,0,0,Reader_3_5.csv
4517,0,0,0,Reader_3_6.csv
4517,0,0,0,Reader_3_7.csv
4518,7,5,2,Reader_1_1.csv
4518,0,0,0,Reader_1_10.csv
4518,0,0,0,Reader_1_11.csv
4518,0,0,0,Reader_1_12.csv
4518,0,0,0,Reader_1_2.csv
4518,7,6,1,Reader_1_3.csv
4518,0,0,0,Reader_1_4.csv
4518,2,2,0,Reader_1_5.csv
4518,0,0,0,Reader_1_6.csv
4518,0,0,0,Reader_1_7.csv
4518,0,0,0,Reader_1_8.csv
4518,3,3,0,Reader_1_9.csv
4518,0,0,0,Reader_2_1.csv
4518,0,0,0,Reader_2_10.csv
4518,0,0,0,Reader_2_11.csv
4518,1,1,0,Reader_2_12.csv
4518,1,1,0,Reader_2_2.csv
4518,0,0,0,Reader_2_3.csv
4518,1,1,0,Reader_2_4.csv
4518,0,0,0,Reader_2_5.csv
4518,1,1,0,Reader_2_6.csv
4518,0,0,0,Reader_2_7.csv
4518,0,0,0,Reader_2_8.csv
4518,0,0,0,Reader_2_9.csv
4518,6,5,1,reader_3_1.csv
4518,2,1,1,Reader_3_2.csv
4518,0,0,0,Reader_3_3.csv
4518,0,0,0,Reader_3_4.csv
4518,0,0,0,Reader_3_5.csv
4518,0,0,0,Reader_3_6.csv
4518,0,0,0,Reader_3_7.csv
4519,7,6,1,Reader_1_1.csv
4519,0,0,0,Reader_1_10.csv
4519,0,0,0,Reader_1_11.csv
4519,0,0,0,Reader_1_12.csv
4519,0,0,0,Reader_1_2.csv
4519,5,4,1,Reader_1_3.csv
4519,0,0,0,Reader_1_4.csv
4519,1,1,0,Reader_1_5.csv
4519,0,0,0,Reader_1_6.csv
4519,0,0,0,Reader_1_7.csv
4519,0,0,0,Reader_1_8.csv
4519,3,3,0,Reader_1_9.csv
4519,0,0,0,Reader_2_1.csv
4519,0,0,0,Reader_2_10.csv
4519,0,0,0,Reader_2_11.csv
4519,1,1,0,Reader_2_12.csv
4519,1,1,0,Reader_2_2.csv
4519,0,0,0,Reader_2_3.csv
4519,1,1,0,Reader_2_4.csv
4519,0,0,0,Reader_2_5.csv
4519,1,1,0,Reader_2_6.csv
4519,0,0,0,Reader_2_7.csv
4519,0,0,0,Reader_2_8.csv
4519,0,0,0,Reader_2_9.csv
4519,6,5,1,reader_3_1.csv
4519,2,1,1,Reader_3_2.csv
4519,0,0,0,Reader_3_3.csv
4519,0,0,0,Reader_3_4.csv
4519,0,0,0,Reader_3_5.csv
4519,0,0,0,Reader_3_6.csv
4519,0,0,0,Reader_3_7.csv
4520,6,5,1,Reader_1_1.csv
4520,0,0,0,Reader_1_10.csv
4520,0,0,0,Reader_1_11.csv
4520,0,0,0,Reader_1_12.csv
4520,0,0,0,Reader_1_2.csv
4520,4,4,0,Reader_1_3.csv
4520,0,0,0,Reader_1_4.csv
4520,1,1,0,Reader_1_5.csv
4520,0,0,0,Reader_1_6.csv
4520,0,0,0,Reader_1_7.csv
4520,0,0,0,Reader_1_8.csv
4520,2,2,0,Reader_1_9.csv
4520,0,0,0,Reader_2_1.csv
4520,0,0,0,Reader_2_10.csv
4520,0,0,0,Reader_2_11.csv
4520,1,1,0,Reader_2_12.csv
4520,2,2,0,Reader_2_2.csv
4520,0,0,0,Reader_2_3.csv
4520,1,1,0,Reader_2_4.csv
4520,0,0,0,Reader_2_5.csv
4520,1,1,0,Reader_2_6.csv
4520,0,0,0,Reader_2_7.csv
4520,0,0,0,Reader_2_8.csv
4520,0,0,0,Reader_2_9.csv
4520,7,6,1,reader_3_1.csv
4520,2,1,1,Reader_3_2.csv
4520,0,0,0,Reader_3_3.csv
4520,0,0,0,Reader_3_4.csv
4520,0,0,0,Reader_3_5.csv
4520,0,0,0,Reader_3_6.csv
4520,0,0,0,Reader_3_7.csv
4521,7,6,1,Reader_1_1.csv
4521,0,0,0,Reader_1_10.csv
4521,0,0,0,Reader_1_11.csv
4521,0,0,0,Reader_1_12.csv
4521,0,0,0,Reader_1_2.csv
4521,2,2,0,Reader_1_3.csv
4521,0,0,0,Reader_1_4.csv
4521,1,1,0,Reader_1_5.csv
4521,0,0,0,Reader_1_6.csv
4521,0,0,0,Reader_1_7.csv
4521,0,0,0,Reader_1_8.csv
4521,1,1,0,Reader_1_9.csv
4521,0,0,0,Reader_2_1.csv
4521,0,0,0,Reader_2_10.csv
4521,0,0,0,Reader_2_11.csv
4521,1,1,0,Reader_2_12.csv
4521,1,1,0,Reader_2_2.csv
4521,0,0,0,Reader_2_3.csv
4521,1,1,0,Reader_2_4.csv
4521,0,0,0,Reader_2_5.csv
4521,1,1,0,Reader_2_6.csv
4521,0,0,0,Reader_2_7.csv
4521,0,0,0,Reader_2_8.csv
4521,0,0,0,Reader_2_9.csv
4521,9,8,1,reader_3_1.csv
4521,2,1,1,Reader_3_2.csv
4521,0,0,0,Reader_3_3.csv
4521,0,0,0,Reader_3_4.csv
4521,0,0,0,Reader_3_5.csv
4521,0,0,0,Reader_3_6.csv
4521,0,0,0,Reader_3_7.csv
4522,6,5,1,Reader_1_1.csv
4522,0,0,0,Reader_1_10.csv
4522,0,0,0,Reader_1_11.csv
4522,0,0,0,Reader_1_12.csv
4522,0,0,0,Reader_1_2.csv
4522,3,2,1,Reader_1_3.csv
4522,0,0,0,Reader_1_4.csv
4522,1,1,0,Reader_1_5.csv
4522,0,0,0,Reader_1_6.csv
4522,1,1,0,Reader_1_7.csv
4522,0,0,0,Reader_1_8.csv
4522,1,0,1,Reader_1_9.csv
4522,0,0,0,Reader_2_1.csv
4522,0,0,0,Reader_2_10.csv
4522,0,0,0,Reader_2_11.csv
4522,1,1,0,Reader_2_12.csv
4522,1,1,0,Reader_2_2.csv
4522,0,0,0,Reader_2_3.csv
4522,1,1,0,Reader_2_4.csv
4522,0,0,0,Reader_2_5.csv
4522,2,2,0,Reader_2_6.csv
4522,0,0,0,Reader_2_7.csv
4522,0,0,0,Reader_2_8.csv
4522,0,0,0,Reader_2_9.csv
4522,14,13,1,reader_3_1.csv
4522,2,1,1,Reader_3_2.csv
4522,0,0,0,Reader_3_3.csv
4522,0,0,0,Reader_3_4.csv
4522,0,0,0,Reader_3_5.csv
4522,0,0,0,Reader_3_6.csv
4522,0,0,0,Reader_3_7.csv
4523,6,5,1,Reader_1_1.csv
4523,0,0,0,Reader_1_10.csv
4523,1,0,1,Reader_1_11.csv
4523,0,0,0,Reader_1_12.csv
4523,0,0,0,Reader_1_2.csv
4523,3,2,1,Reader_1_3.csv
4523,0,0,0,Reader_1_4.csv
4523,1,1,0,Reader_1_5.csv
4523,0,0,0,Reader_1_6.csv
4523,1,1,0,Reader_1_7.csv
4523,0,0,0,Reader_1_8.csv
4523,1,0,1,Reader_1_9.csv
4523,0,0,0,Reader_2_1.csv
4523,0,0,0,Reader_2_10.csv
4523,0,0,0,Reader_2_11.csv
4523,2,2,0,Reader_2_12.csv
4523,1,1,0,Reader_2_2.csv
4523,0,0,0,Reader_2_3.csv
4523,0,0,0,Reader_2_4.csv
4523,0,0,0,Reader_2_5.csv
4523,1,1,0,Reader_2_6.csv
4523,0,0,0,Reader_2_7.csv
4523,0,0,0,Reader_2_8.csv
4523,0,0,0,Reader_2_9.csv
4523,14,13,1,reader_3_1.csv
4523,4,2,2,Reader_3_2.csv
4523,0,0,0,Reader_3_3.csv
4523,0,0,0,Reader_3_4.csv
4523,0,0,0,Reader_3_5.csv
4523,0,0,0,Reader_3_6.csv
4523,0,0,0,Reader_3_7.csv
4524,6,5,1,Reader_1_1.csv
4524,0,0,0,Reader_1_10.csv
4524,1,0,1,Reader_1_11.csv
4524,0,0,0,Reader_1_12.csv
4524,0,0,0,Reader_1_2.csv
4524,2,1,1,Reader_1_3.csv
4524,0,0,0,Reader_1_4.csv
4524,2,1,1,Reader_1_5.csv
4524,0,0,0,Reader_1_6.csv
4524,1,1,0,Reader_1_7.csv
4524,0,0,0,Reader_1_8.csv
4524,1,0,1,Reader_1_9.csv
4524,0,0,0,Reader_2_1.csv
4524,1,1,0,Reader_2_10.csv
4524,0,0,0,Reader_2_11.csv
4524,1,1,0,Reader_2_12.csv
4524,1,1,0,Reader_2_2.csv
4524,0,0,0,Reader_2_3.csv
4524,0,0,0,Reader_2_4.csv
4524,0,0,0,Reader_2_5.csv
4524,1,1,0,Reader_2_6.csv
4524,0,0,0,Reader_2_7.csv
4524,0,0,0,Reader_2_8.csv
4524,0,0,0,Reader_2_9.csv
4524,13,13,0,reader_3_1.csv
4524,2,1,1,Reader_3_2.csv
4524,0,0,0,Reader_3_3.csv
4524,0,0,0,Reader_3_4.csv
4524,0,0,0,Reader_3_5.csv
4524,0,0,0,Reader_3_6.csv
4524,0,0,0,Reader_3_7.csv
4525,5,4,1,Reader_1_1.csv
4525,0,0,0,Reader_1_10.csv
4525,1,0,1,Reader_1_11.csv
4525,0,0,0,Reader_1_12.csv
4525,0,0,0,Reader_1_2.csv
4525,1,0,1,Reader_1_3.csv
4525,0,0,0,Reader_1_4.csv
4525,2,1,1,Reader_1_5.csv
4525,0,0,0,Reader_1_6.csv
4525,1,1,0,Reader_1_7.csv
4525,0,0,0,Reader_1_8.csv
4525,1,0,1,Reader_1_9.csv
4525,0,0,0,Reader_2_1.csv
4525,1,1,0,Reader_2_10.csv
4525,0,0,0,Reader_2_11.csv
4525,1,1,0,Reader_2_12.csv
4525,1,1,0,Reader_2_2.csv
4525,0,0,0,Reader_2_3.csv
4525,0,0,0,Reader_2_4.csv
4525,0,0,0,Reader_2_5.csv
4525,1,1,0,Reader_2_6.csv
4525,0,0,0,Reader_2_7.csv
4525,0,0,0,Reader_2_8.csv
4525,0,0,0,Reader_2_9.csv
4525,13,12,1,reader_3_1.csv
4525,2,1,1,Reader_3_2.csv
4525,0,0,0,Reader_3_3.csv
4525,0,0,0,Reader_3_4.csv
4525,0,0,0,Reader_3_5.csv
4525,0,0,0,Reader_3_6.csv
4525,0,0,0,Reader_3_7.csv
4526,5,5,0,Reader_1_1.csv
4526,0,0,0,Reader_1_10.csv
4526,1,0,1,Reader_1_11.csv
4526,0,0,0,Reader_1_12.csv
4526,0,0,0,Reader_1_2.csv
4526,1,0,1,Reader_1_3.csv
4526,0,0,0,Reader_1_4.csv
4526,2,1,1,Reader_1_5.csv
4526,1,1,0,Reader_1_6.csv
4526,1,1,0,Reader_1_7.csv
4526,0,0,0,Reader_1_8.csv
4526,1,0,1,Reader_1_9.csv
4526,0,0,0,Reader_2_1.csv
4526,1,1,0,Reader_2_10.csv
4526,0,0,0,Reader_2_11.csv
4526,1,1,0,Reader_2_12.csv
4526,1,1,0,Reader_2_2.csv
4526,1,1,0,Reader_2_3.csv
4526,0,0,0,Reader_2_4.csv
4526,0,0,0,Reader_2_5.csv
4526,2,2,0,Reader_2_6.csv
4526,0,0,0,Reader_2_7.csv
4526,0,0,0,Reader_2_8.csv
4526,0,0,0,Reader_2_9.csv
4526,16,15,1,reader_3_1.csv
4526,2,1,1,Reader_3_2.csv
4526,0,0,0,Reader_3_3.csv
4526,0,0,0,Reader_3_4.csv
4526,0,0,0,Reader_3_5.csv
4526,0,0,0,Reader_3_6.csv
4526,0,0,0,Reader_3_7.csv
4527,4,4,0,Reader_1_1.csv
4527,0,0,0,Reader_1_10.csv
4527,1,0,1,Reader_1_11.csv
4527,0,0,0,Reader_1_12.csv
4527,0,0,0,Reader_1_2.csv
4527,1,0,1,Reader_1_3.csv
4527,0,0,0,Reader_1_4.csv
4527,2,1,1,Reader_1_5.csv
4527,1,1,0,Reader_1_6.csv
4527,1,1,0,Reader_1_7.csv
4527,0,0,0,Reader_1_8.csv
4527,2,1,1,Reader_1_9.csv
4527,0,0,0,Reader_2_1.csv
4527,1,1,0,Reader_2_10.csv
4527,0,0,0,Reader_2_11.csv
4527,1,1,0,Reader_2_12.csv
4527,1,1,0,Reader_2_2.csv
4527,2,1,1,Reader_2_3.csv
4527,0,0,0,Reader_2_4.csv
4527,0,0,0,Reader_2_5.csv
4527,2,2,0,Reader_2_6.csv
4527,0,0,0,Reader_2_7.csv
4527,0,0,0,Reader_2_8.csv
4527,0,0,0,Reader_2_9.csv
4527,18,17,1,reader_3_1.csv
4527,4,2,2,Reader_3_2.csv
4527,0,0,0,Reader_3_3.csv
4527,0,0,0,Reader_3_4.csv
4527,0,0,0,Reader_3_5.csv
4527,0,0,0,Reader_3_6.csv
4527,0,0,0,Reader_3_7.csv
4528,4,4,0,Reader_1_1.csv
4528,0,0,0,Reader_1_10.csv
4528,1,0,1,Reader_1_11.csv
4528,0,0,0,Reader_1_12.csv
4528,0,0,0,Reader_1_2.csv
4528,1,0,1,Reader_1_3.csv
4528,0,0,0,Reader_1_4.csv
4528,2,1,1,Reader_1_5.csv
4528,1,1,0,Reader_1_6.csv
4528,2,2,0,Reader_1_7.csv
4528,0,0,0,Reader_1_8.csv
4528,2,1,1,Reader_1_9.csv
4528,0,0,0,Reader_2_1.csv
4528,1,1,0,Reader_2_10.csv
4528,0,0,0,Reader_2_11.csv
4528,1,1,0,Reader_2_12.csv
4528,0,0,0,Reader_2_2.csv
4528,2,1,1,Reader_2_3.csv
4528,0,0,0,Reader_2_4.csv
4528,0,0,0,Reader_2_5.csv
4528,2,2,0,Reader_2_6.csv
4528,0,0,0,Reader_2_7.csv
4528,0,0,0,Reader_2_8.csv
4528,0,0,0,Reader_2_9.csv
4528,19,18,1,reader_3_1.csv
4528,4,2,2,Reader_3_2.csv
4528,0,0,0,Reader_3_3.csv
4528,0,0,0,Reader_3_4.csv
4528,0,0,0,Reader_3_5.csv
4528,0,0,0,Reader_3_6.csv
4528,0,0,0,Reader_3_7.csv
4529,3,3,0,Reader_1_1.csv
4529,0,0,0,Reader_1_10.csv
4529,1,0,1,Reader_1_11.csv
4529,0,0,0,Reader_1_12.csv
4529,0,0,0,Reader_1_2.csv
4529,1,0,1,Reader_1_3.csv
4529,0,0,0,Reader_1_4.csv
4529,3,2,1,Reader_1_5.csv
4529,1,1,0,Reader_1_6.csv
4529,2,2,0,Reader_1_7.csv
4529,0,0,0,Reader_1_8.csv
4529,2,1,1,Reader_1_9.csv
4529,0,0,0,Reader_2_1.csv
4529,1,1,0,Reader_2_10.csv
4529,0,0,0,Reader_2_11.csv
4529,1,1,0,Reader_2_12.csv
4529,0,0,0,Reader_2_2.csv
4529,2,1,1,Reader_2_3.csv
4529,0,0,0,Reader_2_4.csv
4529,0,0,0,Reader_2_5.csv
4529,2,2,0,Reader_2_6.csv
4529,0,0,0,Reader_2_7.csv
4529,0,0,0,Reader_2_8.csv
4529,0,0,0,Reader_2_9.csv
4529,20,19,1,reader_3_1.csv
4529,4,2,2,Reader_3_2.csv
4529,0,0,0,Reader_3_3.csv
4529,0,0,0,Reader_3_4.csv
4529,0,0,0,Reader_3_5.csv
4529,0,0,0,Reader_3_6.csv
4529,0,0,0,Reader_3_7.csv
4530,4,4,0,Reader_1_1.csv
4530,0,0,0,Reader_1_10.csv
4530,1,0,1,Reader_1_11.csv
4530,0,0,0,Reader_1_12.csv
4530,0,0,0,Reader_1_2.csv
4530,0,0,0,Reader_1_3.csv
4530,0,0,0,Reader_1_4.csv
4530,2,1,1,Reader_1_5.csv
4530,1,1,0,Reader_1_6.csv
4530,1,1,0,Reader_1_7.csv
4530,0,0,0,Reader_1_8.csv
4530,1,1,0,Reader_1_9.csv
4530,0,0,0,Reader_2_1.csv
4530,1,1,0,Reader_2_10.csv
4530,0,0,0,Reader_2_11.csv
4530,1,1,0,Reader_2_12.csv
4530,0,0,0,Reader_2_2.csv
4530,2,1,1,Reader_2_3.csv
4530,0,0,0,Reader_2_4.csv
4530,0,0,0,Reader_2_5.csv
4530,1,1,0,Reader_2_6.csv
4530,0,0,0,Reader_2_7.csv
4530,0,0,0,Reader_2_8.csv
4530,0,0,0,Reader_2_9.csv
4530,18,17,1,reader_3_1.csv
4530,7,4,3,Reader_3_2.csv
4530,0,0,0,Reader_3_3.csv
4530,0,0,0,Reader_3_4.csv
4530,0,0,0,Reader_3_5.csv
4530,0,0,0,Reader_3_6.csv
4530,0,0,0,Reader_3_7.csv
4531,5,5,0,Reader_1_1.csv
4531,0,0,0,Reader_1_10.csv
4531,0,0,0,Reader_1_11.csv
4531,0,0,0,Reader_1_12.csv
4531,0,0,0,Reader_1_2.csv
4531,0,0,0,Reader_1_3.csv
4531,0,0,0,Reader_1_4.csv
4531,2,1,1,Reader_1_5.csv
4531,1,1,0,Reader_1_6.csv
4531,1,1,0,Reader_1_7.csv
4531,0,0,0,Reader_1_8.csv
4531,1,1,0,Reader_1_9.csv
4531,0,0,0,Reader_2_1.csv
4531,1,1,0,Reader_2_10.csv
4531,0,0,0,Reader_2_11.csv
4531,0,0,0,Reader_2_12.csv
4531,1,1,0,Reader_2_2.csv
4531,2,1,1,Reader_2_3.csv
4531,0,0,0,Reader_2_4.csv
4531,0,0,0,Reader_2_5.csv
4531,1,1,0,Reader_2_6.csv
4531,0,0,0,Reader_2_7.csv
4531,0,0,0,Reader_2_8.csv
4531,0,0,0,Reader_2_9.csv
4531,22,21,1,reader_3_1.csv
4531,6,3,3,Reader_3_2.csv
4531,0,0,0,Reader_3_3.csv
4531,0,0,0,Reader_3_4.csv
4531,0,0,0,Reader_3_5.csv
4531,0,0,0,Reader_3_6.csv
4531,0,0,0,Reader_3_7.csv
4532,5,5,0,Reader_1_1.csv
4532,0,0,0,Reader_1_10.csv
4532,0,0,0,Reader_1_11.csv
4532,0,0,0,Reader_1_12.csv
4532,0,0,0,Reader_1_2.csv
4532,0,0,0,Reader_1_3.csv
4532,0,0,0,Reader_1_4.csv
4532,1,1,0,Reader_1_5.csv
4532,1,1,0,Reader_1_6.csv
4532,1,1,0,Reader_1_7.csv
4532,0,0,0,Reader_1_8.csv
4532,1,1,0,Reader_1_9.csv
4532,0,0,0,Reader_2_1.csv
4532,0,0,0,Reader_2_10.csv
4532,0,0,0,Reader_2_11.csv
4532,0,0,0,Reader_2_12.csv
4532,1,1,0,Reader_2_2.csv
4532,2,1,1,Reader_2_3.csv
4532,0,0,0,Reader_2_4.csv
4532,0,0,0,Reader_2_5.csv
4532,1,1,0,Reader_2_6.csv
4532,0,0,0,Reader_2_7.csv
4532,0,0,0,Reader_2_8.csv
4532,0,0,0,Reader_2_9.csv
4532,22,21,1,reader_3_1.csv
4532,9,4,5,Reader_3_2.csv
4532,0,0,0,Reader_3_3.csv
4532,0,0,0,Reader_3_4.csv
4532,0,0,0,Reader_3_5.csv
4532,0,0,0,Reader_3_6.csv
4532,0,0,0,Reader_3_7.csv
4533,6,5,1,Reader_1_1.csv
4533,0,0,0,Reader_1_10.csv
4533,0,0,0,Reader_1_11.csv
4533,0,0,0,Reader_1_12.csv
4533,0,0,0,Reader_1_2.csv
4533,1,1,0,Reader_1_3.csv
4533,0,0,0,Reader_1_4.csv
4533,1,1,0,Reader_1_5.csv
4533,1,1,0,Reader_1_6.csv
4533,1,1,0,Reader_1_7.csv
4533,0,0,0,Reader_1_8.csv
4533,1,1,0,Reader_1_9.csv
4533,0,0,0,Reader_2_1.csv
4533,0,0,0,Reader_2_10.csv
4533,0,0,0,Reader_2_11.csv
4533,0,0,0,Reader_2_12.csv
4533,1,1,0,Reader_2_2.csv
4533,2,1,1,Reader_2_3.csv
4533,0,0,0,Reader_2_4.csv
4533,0,0,0,Reader_2_5.csv
4533,1,1,0,Reader_2_6.csv
4533,1,1,0,Reader_2_7.csv
4533,0,0,0,Reader_2_8.csv
4533,0,0,0,Reader_2_9.csv
4533,25,25,0,reader_3_1.csv
4533,10,4,6,Reader_3_2.csv
4533,0,0,0,Reader_3_3.csv
4533,0,0,0,Reader_3_4.csv
4533,0,0,0,Reader_3_5.csv
4533,0,0,0,Reader_3_6.csv
4533,0,0,0,Reader_3_7.csv
4534,5,3,2,Reader_1_1.csv
4534,0,0,0,Reader_1_10.csv
4534,0,0,0,Reader_1_11.csv
4534,0,0,0,Reader_1_12.csv
4534,0,0,0,Reader_1_2.csv
4534,1,1,0,Reader_1_3.csv
4534,0,0,0,Reader_1_4.csv
4534,1,1,0,Reader_1_5.csv
4534,0,0,0,Reader_1_6.csv
4534,1,1,0,Reader_1_7.csv
4534,0,0,0,Reader_1_8.csv
4534,1,1,0,Reader_1_9.csv
4534,0,0,0,Reader_2_1.csv
4534,0,0,0,Reader_2_10.csv
4534,0,0,0,Reader_2_11.csv
4534,0,0,0,Reader_2_12.csv
4534,1,1,0,Reader_2_2.csv
4534,1,0,1,Reader_2_3.csv
4534,0,0,0,Reader_2_4.csv
4534,0,0,0,Reader_2_5.csv
4534,0,0,0,Reader_2_6.csv
4534,1,1,0,Reader_2_7.csv
4534,0,0,0,Reader_2_8.csv
4534,0,0,0,Reader_2_9.csv
4534,26,26,0,reader_3_1.csv
4534,12,6,6,Reader_3_2.csv
4534,0,0,0,Reader_3_3.csv
4534,0,0,0,Reader_3_4.csv
4534,0,0,0,Reader_3_5.csv
4534,0,0,0,Reader_3_6.csv
4534,0,0,0,Reader_3_7.csv
4535,5,3,2,Reader_1_1.csv
4535,0,0,0,Reader_1_10.csv
4535,0,0,0,Reader_1_11.csv
4535,0,0,0,Reader_1_12.csv
4535,0,0,0,Reader_1_2.csv
4535,2,2,0,Reader_1_3.csv
4535,0,0,0,Reader_1_4.csv
4535,1,1,0,Reader_1_5.csv
4535,0,0,0,Reader_1_6.csv
4535,1,1,0,Reader_1_7.csv
4535,0,0,0,Reader_1_8.csv
4535,0,0,0,Reader_1_9.csv
4535,0,0,0,Reader_2_1.csv
4535,0,0,0,Reader_2_10.csv
4535,0,0,0,Reader_2_11.csv
4535,0,0,0,Reader_2_12.csv
4535,1,1,0,Reader_2_2.csv
4535,0,0,0,Reader_2_3.csv
4535,0,0,0,Reader_2_4.csv
4535,0,0,0,Reader_2_5.csv
4535,0,0,0,Reader_2_6.csv
4535,1,1,0,Reader_2_7.csv
4535,0,0,0,Reader_2_8.csv
4535,0,0,0,Reader_2_9.csv
4535,31,31,0,reader_3_1.csv
4535,10,5,5,Reader_3_2.csv
4535,0,0,0,Reader_3_3.csv
4535,0,0,0,Reader_3_4.csv
4535,0,0,0,Reader_3_5.csv
4535,0,0,0,Reader_3_6.csv
4535,0,0,0,Reader_3_7.csv
4536,5,3,2,Reader_1_1.csv
4536,0,0,0,Reader_1_10.csv
4536,0,0,0,Reader_1_11.csv
4536,0,0,0,Reader_1_12.csv
4536,0,0,0,Reader_1_2.csv
4536,4,4,0,Reader_1_3.csv
4536,0,0,0,Reader_1_4.csv
4536,2,2,0,Reader_1_5.csv
4536,0,0,0,Reader_1_6.csv
4536,0,0,0,Reader_1_7.csv
4536,0,0,0,Reader_1_8.csv
4536,0,0,0,Reader_1_9.csv
4536,0,0,0,Reader_2_1.csv
4536,0,0,0,Reader_2_10.csv
4536,0,0,0,Reader_2_11.csv
4536,0,0,0,Reader_2_12.csv
4536,1,1,0,Reader_2_2.csv
4536,0,0,0,Reader_2_3.csv
4536,0,0,0,Reader_2_4.csv
4536,0,0,0,Reader_2_5.csv
4536,0,0,0,Reader_2_6.csv
4536,1,1,0,Reader_2_7.csv
4536,0,0,0,Reader_2_8.csv
4536,0,0,0,Reader_2_9.csv
4536,39,38,1,reader_3_1.csv
4536,11,5,6,Reader_3_2.csv
4536,0,0,0,Reader_3_3.csv
4536,0,0,0,Reader_3_4.csv
4536,0,0,0,Reader_3_5.csv
4536,0,0,0,Reader_3_6.csv
4536,0,0,0,Reader_3_7.csv
4537,6,4,2,Reader_1_1.csv
4537,0,0,0,Reader_1_10.csv
4537,0,0,0,Reader_1_11.csv
4537,0,0,0,Reader_1_12.csv
4537,0,0,0,Reader_1_2.csv
4537,5,5,0,Reader_1_3.csv
4537,0,0,0,Reader_1_4.csv
4537,1,1,0,Reader_1_5.csv
4537,0,0,0,Reader_1_6.csv
4537,0,0,0,Reader_1_7.csv
4537,0,0,0,Reader_1_8.csv
4537,0,0,0,Reader_1_9.csv
4537,0,0,0,Reader_2_1.csv
4537,0,0,0,Reader_2_10.csv
4537,0,0,0,Reader_2_11.csv
4537,0,0,0,Reader_2_12.csv
4537,1,1,0,Reader_2_2.csv
4537,0,0,0,Reader_2_3.csv
4537,0,0,0,Reader_2_4.csv
4537,0,0,0,Reader_2_5.csv
4537,0,0,0,Reader_2_6.csv
4537,1,1,0,Reader_2_7.csv
4537,0,0,0,Reader_2_8.csv
4537,0,0,0,Reader_2_9.csv
4537,46,45,1,reader_3_1.csv
4537,12,6,6,Reader_3_2.csv
4537,0,0,0,Reader_3_3.csv
4537,0,0,0,Reader_3_4.csv
4537,0,0,0,Reader_3_5.csv
4537,0,0,0,Reader_3_6.csv
4537,0,0,0,Reader_3_7.csv
4538,5,3,2,Reader_1_1.csv
4538,0,0,0,Reader_1_10.csv
4538,0,0,0,Reader_1_11.csv
4538,0,0,0,Reader_1_12.csv
4538,0,0,0,Reader_1_2.csv
4538,5,5,0,Reader_1_3.csv
4538,0,0,0,Reader_1_4.csv
4538,1,1,0,Reader_1_5.csv
4538,0,0,0,Reader_1_6.csv
4538,0,0,0,Reader_1_7.csv
4538,0,0,0,Reader_1_8.csv
4538,0,0,0,Reader_1_9.csv
4538,0,0,0,Reader_2_1.csv
4538,0,0,0,Reader_2_10.csv
4538,0,0,0,Reader_2_11.csv
4538,0,0,0,Reader_2_12.csv
4538,1,1,0,Reader_2_2.csv
4538,0,0,0,Reader_2_3.csv
4538,0,0,0,Reader_2_4.csv
4538,0,0,0,Reader_2_5.csv
4538,1,1,0,Reader_2_6.csv
4538,1,1,0,Reader_2_7.csv
4538,0,0,0,Reader_2_8.csv
4538,0,0,0,Reader_2_9.csv
4538,55,52,3,reader_3_1.csv
4538,15,6,9,Reader_3_2.csv
4538,0,0,0,Reader_3_3.csv
4538,0,0,0,Reader_3_4.csv
4538,0,0,0,Reader_3_5.csv
4538,0,0,0,Reader_3_6.csv
4538,0,0,0,Reader_3_7.csv
4539,4,2,2,Reader_1_1.csv
4539,0,0,0,Reader_1_10.csv
4539,0,0,0,Reader_1_11.csv
4539,0,0,0,Reader_1_12.csv
4539,0,0,0,Reader_1_2.csv
4539,5,5,0,Reader_1_3.csv
4539,0,0,0,Reader_1_4.csv
4539,1,1,0,Reader_1_5.csv
4539,0,0,0,Reader_1_6.csv
4539,0,0,0,Reader_1_7.csv
4539,0,0,0,Reader_1_8.csv
4539,0,0,0,Reader_1_9.csv
4539,0,0,0,Reader_2_1.csv
4539,0,0,0,Reader_2_10.csv
4539,0,0,0,Reader_2_11.csv
4539,0,0,0,Reader_2_12.csv
4539,0,0,0,Reader_2_2.csv
4539,0,0,0,Reader_2_3.csv
4539,0,0,0,Reader_2_4.csv
4539,0,0,0,Reader_2_5.csv
4539,1,1,0,Reader_2_6.csv
4539,1,1,0,Reader_2_7.csv
4539,0,0,0,Reader_2_8.csv
4539,0,0,0,Reader_2_9.csv
4539,53,49,4,reader_3_1.csv
4539,16,8,8,Reader_3_2.csv
4539,0,0,0,Reader_3_3.csv
4539,0,0,0,Reader_3_4.csv
4539,0,0,0,Reader_3_5.csv
4539,0,0,0,Reader_3_6.csv
4539,0,0,0,Reader_3_7.csv
4540,4,2,2,Reader_1_1.csv
4540,0,0,0,Reader_1_10.csv
4540,0,0,0,Reader_1_11.csv
4540,0,0,0,Reader_1_12.csv
4540,0,0,0,Reader_1_2.csv
4540,6,6,0,Reader_1_3.csv
4540,0,0,0,Reader_1_4.csv
4540,1,1,0,Reader_1_5.csv
4540,0,0,0,Reader_1_6.csv
4540,0,0,0,Reader_1_7.csv
4540,0,0,0,Reader_1_8.csv
4540,0,0,0,Reader_1_9.csv
4540,0,0,0,Reader_2_1.csv
4540,0,0,0,Reader_2_10.csv
4540,0,0,0,Reader_2_11.csv
4540,0,0,0,Reader_2_12.csv
4540,0,0,0,Reader_2_2.csv
4540,0,0,0,Reader_2_3.csv
4540,0,0,0,Reader_2_4.csv
4540,0,0,0,Reader_2_5.csv
4540,1,1,0,Reader_2_6.csv
4540,1,1,0,Reader_2_7.csv
4540,0,0,0,Reader_2_8.csv
4540,0,0,0,Reader_2_9.csv
4540,57,53,4,reader_3_1.csv
4540,13,7,6,Reader_3_2.csv
4540,0,0,0,Reader_3_3.csv
4540,0,0,0,Reader_3_4.csv
4540,0,0,0,Reader_3_5.csv
4540,0,0,0,Reader_3_6.csv
4540,0,0,0,Reader_3_7.csv
4541,3,2,1,Reader_1_1.csv
4541,0,0,0,Reader_1_10.csv
4541,0,0,0,Reader_1_11.csv
4541,0,0,0,Reader_1_12.csv
4541,0,0,0,Reader_1_2.csv
4541,5,5,0,Reader_1_3.csv
4541,0,0,0,Reader_1_4.csv
4541,1,1,0,Reader_1_5.csv
4541,0,0,0,Reader_1_6.csv
4541,0,0,0,Reader_1_7.csv
4541,0,0,0,Reader_1_8.csv
4541,0,0,0,Reader_1_9.csv
4541,0,0,0,Reader_2_1.csv
4541,0,0,0,Reader_2_10.csv
4541,0,0,0,Reader_2_11.csv
4541,0,0,0,Reader_2_12.csv
4541,0,0,0,Reader_2_2.csv
4541,0,0,0,Reader_2_3.csv
4541,0,0,0,Reader_2_4.csv
4541,0,0,0,Reader_2_5.csv
4541,1,1,0,Reader_2_6.csv
4541,0,0,0,Reader_2_7.csv
4541,0,0,0,Reader_2_8.csv
4541,0,0,0,Reader_2_9.csv
4541,57,53,4,reader_3_1.csv
4541,13,7,6,Reader_3_2.csv
4541,0,0,0,Reader_3_3.csv
4541,0,0,0,Reader_3_4.csv
4541,0,0,0,Reader_3_5.csv
4541,0,0,0,Reader_3_6.csv
4541,0,0,0,Reader_3_7.csv
4542,3,3,0,Reader_1_1.csv
4542,0,0,0,Reader_1_10.csv
4542,0,0,0,Reader_1_11.csv
4542,0,0,0,Reader_1_12.csv
4542,0,0,0,Reader_1_2.csv
4542,5,5,0,Reader_1_3.csv
4542,0,0,0,Reader_1_4.csv
4542,1,1,0,Reader_1_5.csv
4542,0,0,0,Reader_1_6.csv
4542,0,0,0,Reader_1_7.csv
4542,0,0,0,Reader_1_8.csv
4542,0,0,0,Reader_1_9.csv
4542,0,0,0,Reader_2_1.csv
4542,0,0,0,Reader_2_10.csv
4542,0,0,0,Reader_2_11.csv
4542,1,1,0,Reader_2_12.csv
4542,0,0,0,Reader_2_2.csv
4542,1,1,0,Reader_2_3.csv
4542,0,0,0,Reader_2_4.csv
4542,0,0,0,Reader_2_5.csv
4542,2,2,0,Reader_2_6.csv
4542,0,0,0,Reader_2_7.csv
4542,0,0,0,Reader_2_8.csv
4542,0,0,0,Reader_2_9.csv
4542,60,56,4,reader_3_1.csv
4542,12,6,6,Reader_3_2.csv
4542,0,0,0,Reader_3_3.csv
4542,0,0,0,Reader_3_4.csv
4542,0,0,0,Reader_3_5.csv
4542,0,0,0,Reader_3_6.csv
4542,0,0,0,Reader_3_7.csv
4543,4,4,0,Reader_1_1.csv
4543,1,1,0,Reader_1_10.csv
4543,0,0,0,Reader_1_11.csv
4543,0,0,0,Reader_1_12.csv
4543,0,0,0,Reader_1_2.csv
4543,4,4,0,Reader_1_3.csv
4543,0,0,0,Reader_1_4.csv
4543,1,1,0,Reader_1_5.csv
4543,0,0,0,Reader_1_6.csv
4543,0,0,0,Reader_1_7.csv
4543,0,0,0,Reader_1_8.csv
4543,1,1,0,Reader_1_9.csv
4543,0,0,0,Reader_2_1.csv
4543,0,0,0,Reader_2_10.csv
4543,0,0,0,Reader_2_11.csv
4543,1,1,0,Reader_2_12.csv
4543,0,0,0,Reader_2_2.csv
4543,1,1,0,Reader_2_3.csv
4543,0,0,0,Reader_2_4.csv
4543,0,0,0,Reader_2_5.csv
4543,2,2,0,Reader_2_6.csv
4543,0,0,0,Reader_2_7.csv
4543,0,0,0,Reader_2_8.csv
4543,0,0,0,Reader_2_9.csv
4543,53,49,4,reader_3_1.csv
4543,12,6,6,Reader_3_2.csv
4543,0,0,0,Reader_3_3.csv
4543,0,0,0,Reader_3_4.csv
4543,0,0,0,Reader_3_5.csv
4543,0,0,0,Reader_3_6.csv
4543,0,0,0,Reader_3_7.csv
4544,3,3,0,Reader_1_1.csv
4544,1,1,0,Reader_1_10.csv
4544,0,0,0,Reader_1_11.csv
4544,0,0,0,Reader_1_12.csv
4544,0,0,0,Reader_1_2.csv
4544,2,2,0,Reader_1_3.csv
4544,0,0,0,Reader_1_4.csv
4544,0,0,0,Reader_1_5.csv
4544,0,0,0,Reader_1_6.csv
4544,0,0,0,Reader_1_7.csv
4544,0,0,0,Reader_1_8.csv
4544,2,2,0,Reader_1_9.csv
4544,0,0,0,Reader_2_1.csv
4544,0,0,0,Reader_2_10.csv
4544,0,0,0,Reader_2_11.csv
4544,1,1,0,Reader_2_12.csv
4544,0,0,0,Reader_2_2.csv
4544,1,1,0,Reader_2_3.csv
4544,0,0,0,Reader_2_4.csv
4544,0,0,0,Reader_2_5.csv
4544,2,2,0,Reader_2_6.csv
4544,0,0,0,Reader_2_7.csv
4544,0,0,0,Reader_2_8.csv
4544,0,0,0,Reader_2_9.csv
4544,50,47,3,reader_3_1.csv
4544,11,6,5,Reader_3_2.csv
4544,0,0,0,Reader_3_3.csv
4544,0,0,0,Reader_3_4.csv
4544,0,0,0,Reader_3_5.csv
4544,0,0,0,Reader_3_6.csv
4544,0,0,0,Reader_3_7.csv
4545,2,2,0,Reader_1_1.csv
4545,1,1,0,Reader_1_10.csv
4545,1,1,0,Reader_1_11.csv
4545,0,0,0,Reader_1_12.csv
4545,0,0,0,Reader_1_2.csv
4545,1,1,0,Reader_1_3.csv
4545,0,0,0,Reader_1_4.csv
4545,0,0,0,Reader_1_5.csv
4545,0,0,0,Reader_1_6.csv
4545,0,0,0,Reader_1_7.csv
4545,0,0,0,Reader_1_8.csv
4545,3,3,0,Reader_1_9.csv
4545,0,0,0,Reader_2_1.csv
4545,0,0,0,Reader_2_10.csv
4545,0,0,0,Reader_2_11.csv
4545,1,1,0,Reader_2_12.csv
4545,0,0,0,Reader_2_2.csv
4545,1,1,0,Reader_2_3.csv
4545,0,0,0,Reader_2_4.csv
4545,0,0,0,Reader_2_5.csv
4545,2,2,0,Reader_2_6.csv
4545,0,0,0,Reader_2_7.csv
4545,0,0,0,Reader_2_8.csv
4545,0,0,0,Reader_2_9.csv
4545,40,37,3,reader_3_1.csv
4545,11,5,6,Reader_3_2.csv
4545,0,0,0,Reader_3_3.csv
4545,0,0,0,Reader_3_4.csv
4545,0,0,0,Reader_3_5.csv
4545,0,0,0,Reader_3_6.csv
4545,0,0,0,Reader_3_7.csv
4546,2,2,0,Reader_1_1.csv
4546,1,1,0,Reader_1_10.csv
4546,1,1,0,Reader_1_11.csv
4546,0,0,0,Reader_1_12.csv
4546,0,0,0,Reader_1_2.csv
4546,2,2,0,Reader_1_3.csv
4546,0,0,0,Reader_1_4.csv
4546,0,0,0,Reader_1_5.csv
4546,0,0,0,Reader_1_6.csv
4546,0,0,0,Reader_1_7.csv
4546,0,0,0,Reader_1_8.csv
4546,4,4,0,Reader_1_9.csv
4546,0,0,0,Reader_2_1.csv
4546,0,0,0,Reader_2_10.csv
4546,0,0,0,Reader_2_11.csv
4546,1,1,0,Reader_2_12.csv
4546,0,0,0,Reader_2_2.csv
4546,1,1,0,Reader_2_3.csv
4546,0,0,0,Reader_2_4.csv
4546,0,0,0,Reader_2_5.csv
4546,1,1,0,Reader_2_6.csv
4546,0,0,0,Reader_2_7.csv
4546,0,0,0,Reader_2_8.csv
4546,0,0,0,Reader_2_9.csv
4546,30,29,1,reader_3_1.csv
4546,5,3,2,Reader_3_2.csv
4546,0,0,0,Reader_3_3.csv
4546,0,0,0,Reader_3_4.csv
4546,0,0,0,Reader_3_5.csv
4546,0,0,0,Reader_3_6.csv
4546,0,0,0,Reader_3_7.csv
4547,3,3,0,Reader_1_1.csv
4547,1,1,0,Reader_1_10.csv
4547,1,1,0,Reader_1_11.csv
4547,0,0,0,Reader_1_12.csv
4547,0,0,0,Reader_1_2.csv
4547,3,3,0,Reader_1_3.csv
4547,0,0,0,Reader_1_4.csv
4547,0,0,0,Reader_1_5.csv
4547,0,0,0,Reader_1_6.csv
4547,1,1,0,Reader_1_7.csv
4547,0,0,0,Reader_1_8.csv
4547,4,4,0,Reader_1_9.csv
4547,0,0,0,Reader_2_1.csv
4547,1,0,1,Reader_2_10.csv
4547,0,0,0,Reader_2_11.csv
4547,1,1,0,Reader_2_12.csv
4547,0,0,0,Reader_2_2.csv
4547,1,1,0,Reader_2_3.csv
4547,0,0,0,Reader_2_4.csv
4547,0,0,0,Reader_2_5.csv
4547,1,1,0,Reader_2_6.csv
4547,0,0,0,Reader_2_7.csv
4547,0,0,0,Reader_2_8.csv
4547,0,0,0,Reader_2_9.csv
4547,29,29,0,reader_3_1.csv
4547,3,1,2,Reader_3_2.csv
4547,0,0,0,Reader_3_3.csv
4547,0,0,0,Reader_3_4.csv
4547,0,0,0,Reader_3_5.csv
4547,0,0,0,Reader_3_6.csv
4547,0,0,0,Reader_3_7.csv
4548,6,5,1,Reader_1_1.csv
4548,1,1,0,Reader_1_10.csv
4548,1,1,0,Reader_1_11.csv
4548,0,0,0,Reader_1_12.csv
4548,0,0,0,Reader_1_2.csv
4548,2,2,0,Reader_1_3.csv
4548,0,0,0,Reader_1_4.csv
4548,0,0,0,Reader_1_5.csv
4548,0,0,0,Reader_1_6.csv
4548,1,1,0,Reader_1_7.csv
4548,0,0,0,Reader_1_8.csv
4548,4,4,0,Reader_1_9.csv
4548,0,0,0,Reader_2_1.csv
4548,1,0,1,Reader_2_10.csv
4548,0,0,0,Reader_2_11.csv
4548,1,1,0,Reader_2_12.csv
4548,0,0,0,Reader_2_2.csv
4548,1,1,0,Reader_2_3.csv
4548,0,0,0,Reader_2_4.csv
4548,0,0,0,Reader_2_5.csv
4548,1,1,0,Reader_2_6.csv
4548,0,0,0,Reader_2_7.csv
4548,0,0,0,Reader_2_8.csv
4548,0,0,0,Reader_2_9.csv
4548,28,28,0,reader_3_1.csv
4548,3,1,2,Reader_3_2.csv
4548,0,0,0,Reader_3_3.csv
4548,0,0,0,Reader_3_4.csv
4548,0,0,0,Reader_3_5.csv
4548,0,0,0,Reader_3_6.csv
4548,0,0,0,Reader_3_7.csv
4549,9,8,1,Reader_1_1.csv
4549,1,1,0,Reader_1_10.csv
4549,1,1,0,Reader_1_11.csv
4549,0,0,0,Reader_1_12.csv
4549,0,0,0,Reader_1_2.csv
4549,3,3,0,Reader_1_3.csv
4549,0,0,0,Reader_1_4.csv
4549,0,0,0,Reader_1_5.csv
4549,0,0,0,Reader_1_6.csv
4549,1,1,0,Reader_1_7.csv
4549,0,0,0,Reader_1_8.csv
4549,5,5,0,Reader_1_9.csv
4549,0,0,0,Reader_2_1.csv
4549,2,1,1,Reader_2_10.csv
4549,0,0,0,Reader_2_11.csv
4549,1,1,0,Reader_2_12.csv
4549,0,0,0,Reader_2_2.csv
4549,1,1,0,Reader_2_3.csv
4549,0,0,0,Reader_2_4.csv
4549,0,0,0,Reader_2_5.csv
4549,2,2,0,Reader_2_6.csv
4549,0,0,0,Reader_2_7.csv
4549,0,0,0,Reader_2_8.csv
4549,0,0,0,Reader_2_9.csv
4549,25,25,0,reader_3_1.csv
4549,2,1,1,Reader_3_2.csv
4549,0,0,0,Reader_3_3.csv
4549,0,0,0,Reader_3_4.csv
4549,0,0,0,Reader_3_5.csv
4549,0,0,0,Reader_3_6.csv
4549,0,0,0,Reader_3_7.csv
4550,8,7,1,Reader_1_1.csv
4550,1,1,0,Reader_1_10.csv
4550,1,1,0,Reader_1_11.csv
4550,0,0,0,Reader_1_12.csv
4550,0,0,0,Reader_1_2.csv
4550,3,3,0,Reader_1_3.csv
4550,0,0,0,Reader_1_4.csv
4550,0,0,0,Reader_1_5.csv
4550,0,0,0,Reader_1_6.csv
4550,1,1,0,Reader_1_7.csv
4550,0,0,0,Reader_1_8.csv
4550,5,5,0,Reader_1_9.csv
4550,0,0,0,Reader_2_1.csv
4550,2,1,1,Reader_2_10.csv
4550,0,0,0,Reader_2_11.csv
4550,0,0,0,Reader_2_12.csv
4550,0,0,0,Reader_2_2.csv
4550,0,0,0,Reader_2_3.csv
4550,0,0,0,Reader_2_4.csv
4550,0,0,0,Reader_2_5.csv
4550,1,1,0,Reader_2_6.csv
4550,0,0,0,Reader_2_7.csv
4550,0,0,0,Reader_2_8.csv
4550,0,0,0,Reader_2_9.csv
4550,21,21,0,reader_3_1.csv
4550,1,0,1,Reader_3_2.csv
4550,0,0,0,Reader_3_3.csv
4550,0,0,0,Reader_3_4.csv
4550,0,0,0,Reader_3_5.csv
4550,0,0,0,Reader_3_6.csv
4550,0,0,0,Reader_3_7.csv
4551,8,7,1,Reader_1_1.csv
4551,0,0,0,Reader_1_10.csv
4551,1,1,0,Reader_1_11.csv
4551,0,0,0,Reader_1_12.csv
4551,0,0,0,Reader_1_2.csv
4551,3,3,0,Reader_1_3.csv
4551,0,0,0,Reader_1_4.csv
4551,0,0,0,Reader_1_5.csv
4551,1,0,1,Reader_1_6.csv
4551,1,1,0,Reader_1_7.csv
4551,0,0,0,Reader_1_8.csv
4551,5,5,0,Reader_1_9.csv
4551,0,0,0,Reader_2_1.csv
4551,2,1,1,Reader_2_10.csv
4551,0,0,0,Reader_2_11.csv
4551,0,0,0,Reader_2_12.csv
4551,0,0,0,Reader_2_2.csv
4551,0,0,0,Reader_2_3.csv
4551,0,0,0,Reader_2_4.csv
4551,0,0,0,Reader_2_5.csv
4551,1,1,0,Reader_2_6.csv
4551,0,0,0,Reader_2_7.csv
4551,0,0,0,Reader_2_8.csv
4551,0,0,0,Reader_2_9.csv
4551,21,21,0,reader_3_1.csv
4551,3,2,1,Reader_3_2.csv
4551,0,0,0,Reader_3_3.csv
4551,0,0,0,Reader_3_4.csv
4551,0,0,0,Reader_3_5.csv
4551,0,0,0,Reader_3_6.csv
4551,0,0,0,Reader_3_7.csv
4552,9,8,1,Reader_1_1.csv
4552,0,0,0,Reader_1_10.csv
4552,1,1,0,Reader_1_11.csv
4552,0,0,0,Reader_1_12.csv
4552,0,0,0,Reader_1_2.csv
4552,4,4,0,Reader_1_3.csv
4552,0,0,0,Reader_1_4.csv
4552,0,0,0,Reader_1_5.csv
4552,1,0,1,Reader_1_6.csv
4552,1,1,0,Reader_1_7.csv
4552,0,0,0,Reader_1_8.csv
4552,4,4,0,Reader_1_9.csv
4552,0,0,0,Reader_2_1.csv
4552,2,1,1,Reader_2_10.csv
4552,0,0,0,Reader_2_11.csv
4552,0,0,0,Reader_2_12.csv
4552,0,0,0,Reader_2_2.csv
4552,0,0,0,Reader_2_3.csv
4552,0,0,0,Reader_2_4.csv
4552,0,0,0,Reader_2_5.csv
4552,1,1,0,Reader_2_6.csv
4552,0,0,0,Reader_2_7.csv
4552,0,0,0,Reader_2_8.csv
4552,0,0,0,Reader_2_9.csv
4552,15,15,0,reader_3_1.csv
4552,3,2,1,Reader_3_2.csv
4552,0,0,0,Reader_3_3.csv
4552,0,0,0,Reader_3_4.csv
4552,0,0,0,Reader_3_5.csv
4552,0,0,0,Reader_3_6.csv
4552,0,0,0,Reader_3_7.csv
4553,9,8,1,Reader_1_1.csv
4553,0,0,0,Reader_1_10.csv
4553,0,0,0,Reader_1_11.csv
4553,0,0,0,Reader_1_12.csv
4553,0,0,0,Reader_1_2.csv
4553,7,6,1,Reader_1_3.csv
4553,0,0,0,Reader_1_4.csv
4553,2,0,2,Reader_1_5.csv
4553,2,1,1,Reader_1_6.csv
4553,1,1,0,Reader_1_7.csv
4553,0,0,0,Reader_1_8.csv
4553,3,3,0,Reader_1_9.csv
4553,0,0,0,Reader_2_1.csv
4553,3,2,1,Reader_2_10.csv
4553,0,0,0,Reader_2_11.csv
4553,0,0,0,Reader_2_12.csv
4553,0,0,0,Reader_2_2.csv
4553,0,0,0,Reader_2_3.csv
4553,0,0,0,Reader_2_4.csv
4553,0,0,0,Reader_2_5.csv
4553,2,2,0,Reader_2_6.csv
4553,0,0,0,Reader_2_7.csv
4553,0,0,0,Reader_2_8.csv
4553,0,0,0,Reader_2_9.csv
4553,16,16,0,reader_3_1.csv
4553,2,2,0,Reader_3_2.csv
4553,0,0,0,Reader_3_3.csv
4553,0,0,0,Reader_3_4.csv
4553,0,0,0,Reader_3_5.csv
4553,0,0,0,Reader_3_6.csv
4553,0,0,0,Reader_3_7.csv
4554,10,9,1,Reader_1_1.csv
4554,0,0,0,Reader_1_10.csv
4554,0,0,0,Reader_1_11.csv
4554,0,0,0,Reader_1_12.csv
4554,0,0,0,Reader_1_2.csv
4554,6,5,1,Reader_1_3.csv
4554,0,0,0,Reader_1_4.csv
4554,3,0,3,Reader_1_5.csv
4554,2,1,1,Reader_1_6.csv
4554,1,1,0,Reader_1_7.csv
4554,0,0,0,Reader_1_8.csv
4554,2,2,0,Reader_1_9.csv
4554,0,0,0,Reader_2_1.csv
4554,3,2,1,Reader_2_10.csv
4554,0,0,0,Reader_2_11.csv
4554,0,0,0,Reader_2_12.csv
4554,0,0,0,Reader_2_2.csv
4554,0,0,0,Reader_2_3.csv
4554,0,0,0,Reader_2_4.csv
4554,0,0,0,Reader_2_5.csv
4554,2,2,0,Reader_2_6.csv
4554,0,0,0,Reader_2_7.csv
4554,0,0,0,Reader_2_8.csv
4554,0,0,0,Reader_2_9.csv
4554,14,14,0,reader_3_1.csv
4554,2,2,0,Reader_3_2.csv
4554,0,0,0,Reader_3_3.csv
4554,0,0,0,Reader_3_4.csv
4554,0,0,0,Reader_3_5.csv
4554,0,0,0,Reader_3_6.csv
4554,0,0,0,Reader_3_7.csv
4555,10,9,1,Reader_1_1.csv
4555,0,0,0,Reader_1_10.csv
4555,0,0,0,Reader_1_11.csv
4555,0,0,0,Reader_1_12.csv
4555,0,0,0,Reader_1_2.csv
4555,5,4,1,Reader_1_3.csv
4555,0,0,0,Reader_1_4.csv
4555,3,0,3,Reader_1_5.csv
4555,2,1,1,Reader_1_6.csv
4555,0,0,0,Reader_1_7.csv
4555,0,0,0,Reader_1_8.csv
4555,2,2,0,Reader_1_9.csv
4555,0,0,0,Reader_2_1.csv
4555,2,2,0,Reader_2_10.csv
4555,0,0,0,Reader_2_11.csv
4555,0,0,0,Reader_2_12.csv
4555,0,0,0,Reader_2_2.csv
4555,0,0,0,Reader_2_3.csv
4555,0,0,0,Reader_2_4.csv
4555,1,1,0,Reader_2_5.csv
4555,2,2,0,Reader_2_6.csv
4555,0,0,0,Reader_2_7.csv
4555,0,0,0,Reader_2_8.csv
4555,0,0,0,Reader_2_9.csv
4555,16,16,0,reader_3_1.csv
4555,2,2,0,Reader_3_2.csv
4555,0,0,0,Reader_3_3.csv
4555,0,0,0,Reader_3_4.csv
4555,0,0,0,Reader_3_5.csv
4555,0,0,0,Reader_3_6.csv
4555,0,0,0,Reader_3_7.csv
4556,7,7,0,Reader_1_1.csv
4556,0,0,0,Reader_1_10.csv
4556,0,0,0,Reader_1_11.csv
4556,0,0,0,Reader_1_12.csv
4556,0,0,0,Reader_1_2.csv
4556,6,5,1,Reader_1_3.csv
4556,0,0,0,Reader_1_4.csv
4556,3,0,3,Reader_1_5.csv
4556,2,1,1,Reader_1_6.csv
4556,0,0,0,Reader_1_7.csv
4556,0,0,0,Reader_1_8.csv
4556,2,2,0,Reader_1_9.csv
4556,0,0,0,Reader_2_1.csv
4556,2,2,0,Reader_2_10.csv
4556,0,0,0,Reader_2_11.csv
4556,0,0,0,Reader_2_12.csv
4556,0,0,0,Reader_2_2.csv
4556,0,0,0,Reader_2_3.csv
4556,0,0,0,Reader_2_4.csv
4556,1,1,0,Reader_2_5.csv
4556,2,2,0,Reader_2_6.csv
4556,0,0,0,Reader_2_7.csv
4556,0,0,0,Reader_2_8.csv
4556,0,0,0,Reader_2_9.csv
4556,14,14,0,reader_3_1.csv
4556,2,2,0,Reader_3_2.csv
4556,0,0,0,Reader_3_3.csv
4556,0,0,0,Reader_3_4.csv
4556,0,0,0,Reader_3_5.csv
4556,0,0,0,Reader_3_6.csv
4556,0,0,0,Reader_3_7.csv
4557,4,4,0,Reader_1_1.csv
4557,0,0,0,Reader_1_10.csv
4557,0,0,0,Reader_1_11.csv
4557,0,0,0,Reader_1_12.csv
4557,0,0,0,Reader_1_2.csv
4557,7,6,1,Reader_1_3.csv
4557,0,0,0,Reader_1_4.csv
4557,4,0,4,Reader_1_5.csv
4557,2,1,1,Reader_1_6.csv
4557,0,0,0,Reader_1_7.csv
4557,0,0,0,Reader_1_8.csv
4557,1,1,0,Reader_1_9.csv
4557,0,0,0,Reader_2_1.csv
4557,1,1,0,Reader_2_10.csv
4557,0,0,0,Reader_2_11.csv
4557,0,0,0,Reader_2_12.csv
4557,0,0,0,Reader_2_2.csv
4557,0,0,0,Reader_2_3.csv
4557,0,0,0,Reader_2_4.csv
4557,1,1,0,Reader_2_5.csv
4557,1,1,0,Reader_2_6.csv
4557,0,0,0,Reader_2_7.csv
4557,0,0,0,Reader_2_8.csv
4557,0,0,0,Reader_2_9.csv
4557,15,15,0,reader_3_1.csv
4557,2,2,0,Reader_3_2.csv
4557,0,0,0,Reader_3_3.csv
4557,0,0,0,Reader_3_4.csv
4557,0,0,0,Reader_3_5.csv
4557,0,0,0,Reader_3_6.csv
4557,0,0,0,Reader_3_7.csv
4558,5,4,1,Reader_1_1.csv
4558,0,0,0,Reader_1_10.csv
4558,1,1,0,Reader_1_11.csv
4558,0,0,0,Reader_1_12.csv
4558,0,0,0,Reader_1_2.csv
4558,7,6,1,Reader_1_3.csv
4558,0,0,0,Reader_1_4.csv
4558,4,0,4,Reader_1_5.csv
4558,2,1,1,Reader_1_6.csv
4558,0,0,0,Reader_1_7.csv
4558,0,0,0,Reader_1_8.csv
4558,2,1,1,Reader_1_9.csv
4558,0,0,0,Reader_2_1.csv
4558,1,1,0,Reader_2_10.csv
4558,0,0,0,Reader_2_11.csv
4558,0,0,0,Reader_2_12.csv
4558,0,0,0,Reader_2_2.csv
4558,0,0,0,Reader_2_3.csv
4558,0,0,0,Reader_2_4.csv
4558,1,1,0,Reader_2_5.csv
4558,1,1,0,Reader_2_6.csv
4558,0,0,0,Reader_2_7.csv
4558,0,0,0,Reader_2_8.csv
4558,0,0,0,Reader_2_9.csv
4558,15,15,0,reader_3_1.csv
4558,2,2,0,Reader_3_2.csv
4558,0,0,0,Reader_3_3.csv
4558,0,0,0,Reader_3_4.csv
4558,0,0,0,Reader_3_5.csv
4558,0,0,0,Reader_3_6.csv
4558,0,0,0,Reader_3_7.csv
4559,4,3,1,Reader_1_1.csv
4559,0,0,0,Reader_1_10.csv
4559,1,1,0,Reader_1_11.csv
4559,0,0,0,Reader_1_12.csv
4559,0,0,0,Reader_1_2.csv
4559,7,6,1,Reader_1_3.csv
4559,0,0,0,Reader_1_4.csv
4559,4,0,4,Reader_1_5.csv
4559,1,1,0,Reader_1_6.csv
4559,0,0,0,Reader_1_7.csv
4559,0,0,0,Reader_1_8.csv
4559,1,0,1,Reader_1_9.csv
4559,0,0,0,Reader_2_1.csv
4559,1,1,0,Reader_2_10.csv
4559,0,0,0,Reader_2_11.csv
4559,0,0,0,Reader_2_12.csv
4559,0,0,0,Reader_2_2.csv
4559,0,0,0,Reader_2_3.csv
4559,0,0,0,Reader_2_4.csv
4559,1,1,0,Reader_2_5.csv
4559,1,1,0,Reader_2_6.csv
4559,0,0,0,Reader_2_7.csv
4559,0,0,0,Reader_2_8.csv
4559,0,0,0,Reader_2_9.csv
4559,16,16,0,reader_3_1.csv
4559,0,0,0,Reader_3_2.csv
4559,0,0,0,Reader_3_3.csv
4559,0,0,0,Reader_3_4.csv
4559,0,0,0,Reader_3_5.csv
4559,0,0,0,Reader_3_6.csv
4559,0,0,0,Reader_3_7.csv
4560,3,2,1,Reader_1_1.csv
4560,0,0,0,Reader_1_10.csv
4560,1,1,0,Reader_1_11.csv
4560,0,0,0,Reader_1_12.csv
4560,0,0,0,Reader_1_2.csv
4560,8,7,1,Reader_1_3.csv
4560,0,0,0,Reader_1_4.csv
4560,4,0,4,Reader_1_5.csv
4560,1,1,0,Reader_1_6.csv
4560,0,0,0,Reader_1_7.csv
4560,0,0,0,Reader_1_8.csv
4560,1,0,1,Reader_1_9.csv
4560,0,0,0,Reader_2_1.csv
4560,1,1,0,Reader_2_10.csv
4560,0,0,0,Reader_2_11.csv
4560,0,0,0,Reader_2_12.csv
4560,0,0,0,Reader_2_2.csv
4560,0,0,0,Reader_2_3.csv
4560,0,0,0,Reader_2_4.csv
4560,1,1,0,Reader_2_5.csv
4560,1,1,0,Reader_2_6.csv
4560,0,0,0,Reader_2_7.csv
4560,0,0,0,Reader_2_8.csv
4560,0,0,0,Reader_2_9.csv
4560,15,15,0,reader_3_1.csv
4560,0,0,0,Reader_3_2.csv
4560,0,0,0,Reader_3_3.csv
4560,0,0,0,Reader_3_4.csv
4560,0,0,0,Reader_3_5.csv
4560,0,0,0,Reader_3_6.csv
4560,0,0,0,Reader_3_7.csv
4561,3,2,1,Reader_1_1.csv
4561,0,0,0,Reader_1_10.csv
4561,2,2,0,Reader_1_11.csv
4561,0,0,0,Reader_1_12.csv
4561,0,0,0,Reader_1_2.csv
4561,5,5,0,Reader_1_3.csv
4561,1,1,0,Reader_1_4.csv
4561,2,0,2,Reader_1_5.csv
4561,0,0,0,Reader_1_6.csv
4561,0,0,0,Reader_1_7.csv
4561,0,0,0,Reader_1_8.csv
4561,1,0,1,Reader_1_9.csv
4561,0,0,0,Reader_2_1.csv
4561,0,0,0,Reader_2_10.csv
4561,0,0,0,Reader_2_11.csv
4561,0,0,0,Reader_2_12.csv
4561,0,0,0,Reader_2_2.csv
4561,0,0,0,Reader_2_3.csv
4561,0,0,0,Reader_2_4.csv
4561,1,1,0,Reader_2_5.csv
4561,0,0,0,Reader_2_6.csv
4561,0,0,0,Reader_2_7.csv
4561,0,0,0,Reader_2_8.csv
4561,0,0,0,Reader_2_9.csv
4561,14,13,1,reader_3_1.csv
4561,1,1,0,Reader_3_2.csv
4561,0,0,0,Reader_3_3.csv
4561,0,0,0,Reader_3_4.csv
4561,0,0,0,Reader_3_5.csv
4561,0,0,0,Reader_3_6.csv
4561,0,0,0,Reader_3_7.csv
4562,2,1,1,Reader_1_1.csv
4562,0,0,0,Reader_1_10.csv
4562,2,2,0,Reader_1_11.csv
4562,0,0,0,Reader_1_12.csv
4562,0,0,0,Reader_1_2.csv
4562,9,8,1,Reader_1_3.csv
4562,1,1,0,Reader_1_4.csv
4562,1,0,1,Reader_1_5.csv
4562,0,0,0,Reader_1_6.csv
4562,0,0,0,Reader_1_7.csv
4562,0,0,0,Reader_1_8.csv
4562,2,1,1,Reader_1_9.csv
4562,0,0,0,Reader_2_1.csv
4562,0,0,0,Reader_2_10.csv
4562,0,0,0,Reader_2_11.csv
4562,0,0,0,Reader_2_12.csv
4562,0,0,0,Reader_2_2.csv
4562,0,0,0,Reader_2_3.csv
4562,0,0,0,Reader_2_4.csv
4562,1,1,0,Reader_2_5.csv
4562,0,0,0,Reader_2_6.csv
4562,0,0,0,Reader_2_7.csv
4562,0,0,0,Reader_2_8.csv
4562,1,1,0,Reader_2_9.csv
4562,16,15,1,reader_3_1.csv
4562,1,1,0,Reader_3_2.csv
4562,0,0,0,Reader_3_3.csv
4562,0,0,0,Reader_3_4.csv
4562,0,0,0,Reader_3_5.csv
4562,0,0,0,Reader_3_6.csv
4562,0,0,0,Reader_3_7.csv
4563,2,1,1,Reader_1_1.csv
4563,0,0,0,Reader_1_10.csv
4563,2,2,0,Reader_1_11.csv
4563,0,0,0,Reader_1_12.csv
4563,0,0,0,Reader_1_2.csv
4563,9,8,1,Reader_1_3.csv
4563,1,1,0,Reader_1_4.csv
4563,2,1,1,Reader_1_5.csv
4563,0,0,0,Reader_1_6.csv
4563,0,0,0,Reader_1_7.csv
4563,0,0,0,Reader_1_8.csv
4563,2,1,1,Reader_1_9.csv
4563,0,0,0,Reader_2_1.csv
4563,0,0,0,Reader_2_10.csv
4563,0,0,0,Reader_2_11.csv
4563,0,0,0,Reader_2_12.csv
4563,0,0,0,Reader_2_2.csv
4563,0,0,0,Reader_2_3.csv
4563,0,0,0,Reader_2_4.csv
4563,0,0,0,Reader_2_5.csv
4563,0,0,0,Reader_2_6.csv
4563,0,0,0,Reader_2_7.csv
4563,0,0,0,Reader_2_8.csv
4563,1,1,0,Reader_2_9.csv
4563,14,13,1,reader_3_1.csv
4563,2,2,0,Reader_3_2.csv
4563,0,0,0,Reader_3_3.csv
4563,0,0,0,Reader_3_4.csv
4563,0,0,0,Reader_3_5.csv
4563,0,0,0,Reader_3_6.csv
4563,0,0,0,Reader_3_7.csv
4564,2,1,1,Reader_1_1.csv
4564,0,0,0,Reader_1_10.csv
4564,2,2,0,Reader_1_11.csv
4564,0,0,0,Reader_1_12.csv
4564,0,0,0,Reader_1_2.csv
4564,9,8,1,Reader_1_3.csv
4564,1,1,0,Reader_1_4.csv
4564,2,1,1,Reader_1_5.csv
4564,0,0,0,Reader_1_6.csv
4564,0,0,0,Reader_1_7.csv
4564,1,1,0,Reader_1_8.csv
4564,2,1,1,Reader_1_9.csv
4564,0,0,0,Reader_2_1.csv
4564,0,0,0,Reader_2_10.csv
4564,0,0,0,Reader_2_11.csv
4564,0,0,0,Reader_2_12.csv
4564,0,0,0,Reader_2_2.csv
4564,0,0,0,Reader_2_3.csv
4564,0,0,0,Reader_2_4.csv
4564,0,0,0,Reader_2_5.csv
4564,0,0,0,Reader_2_6.csv
4564,0,0,0,Reader_2_7.csv
4564,0,0,0,Reader_2_8.csv
4564,1,1,0,Reader_2_9.csv
4564,13,12,1,reader_3_1.csv
4564,3,3,0,Reader_3_2.csv
4564,0,0,0,Reader_3_3.csv
4564,0,0,0,Reader_3_4.csv
4564,0,0,0,Reader_3_5.csv
4564,0,0,0,Reader_3_6.csv
4564,0,0,0,Reader_3_7.csv
4565,2,1,1,Reader_1_1.csv
4565,0,0,0,Reader_1_10.csv
4565,2,2,0,Reader_1_11.csv
4565,0,0,0,Reader_1_12.csv
4565,0,0,0,Reader_1_2.csv
4565,7,6,1,Reader_1_3.csv
4565,1,1,0,Reader_1_4.csv
4565,1,1,0,Reader_1_5.csv
4565,1,1,0,Reader_1_6.csv
4565,0,0,0,Reader_1_7.csv
4565,1,1,0,Reader_1_8.csv
4565,2,1,1,Reader_1_9.csv
4565,0,0,0,Reader_2_1.csv
4565,0,0,0,Reader_2_10.csv
4565,0,0,0,Reader_2_11.csv
4565,0,0,0,Reader_2_12.csv
4565,0,0,0,Reader_2_2.csv
4565,0,0,0,Reader_2_3.csv
4565,0,0,0,Reader_2_4.csv
4565,0,0,0,Reader_2_5.csv
4565,0,0,0,Reader_2_6.csv
4565,0,0,0,Reader_2_7.csv
4565,0,0,0,Reader_2_8.csv
4565,1,1,0,Reader_2_9.csv
4565,11,10,1,reader_3_1.csv
4565,4,3,1,Reader_3_2.csv
4565,0,0,0,Reader_3_3.csv
4565,0,0,0,Reader_3_4.csv
4565,0,0,0,Reader_3_5.csv
4565,0,0,0,Reader_3_6.csv
4565,0,0,0,Reader_3_7.csv
4566,1,1,0,Reader_1_1.csv
4566,0,0,0,Reader_1_10.csv
4566,1,1,0,Reader_1_11.csv
4566,0,0,0,Reader_1_12.csv
4566,0,0,0,Reader_1_2.csv
4566,7,6,1,Reader_1_3.csv
4566,1,1,0,Reader_1_4.csv
4566,2,1,1,Reader_1_5.csv
4566,1,1,0,Reader_1_6.csv
4566,0,0,0,Reader_1_7.csv
4566,1,1,0,Reader_1_8.csv
4566,2,2,0,Reader_1_9.csv
4566,0,0,0,Reader_2_1.csv
4566,0,0,0,Reader_2_10.csv
4566,0,0,0,Reader_2_11.csv
4566,0,0,0,Reader_2_12.csv
4566,0,0,0,Reader_2_2.csv
4566,0,0,0,Reader_2_3.csv
4566,0,0,0,Reader_2_4.csv
4566,0,0,0,Reader_2_5.csv
4566,0,0,0,Reader_2_6.csv
4566,0,0,0,Reader_2_7.csv
4566,0,0,0,Reader_2_8.csv
4566,1,1,0,Reader_2_9.csv
4566,9,8,1,reader_3_1.csv
4566,4,3,1,Reader_3_2.csv
4566,0,0,0,Reader_3_3.csv
4566,0,0,0,Reader_3_4.csv
4566,0,0,0,Reader_3_5.csv
4566,0,0,0,Reader_3_6.csv
4566,0,0,0,Reader_3_7.csv
4567,1,1,0,Reader_1_1.csv
4567,0,0,0,Reader_1_10.csv
4567,2,2,0,Reader_1_11.csv
4567,0,0,0,Reader_1_12.csv
4567,0,0,0,Reader_1_2.csv
4567,9,7,2,Reader_1_3.csv
4567,1,1,0,Reader_1_4.csv
4567,2,1,1,Reader_1_5.csv
4567,1,1,0,Reader_1_6.csv
4567,0,0,0,Reader_1_7.csv
4567,1,1,0,Reader_1_8.csv
4567,2,2,0,Reader_1_9.csv
4567,0,0,0,Reader_2_1.csv
4567,0,0,0,Reader_2_10.csv
4567,0,0,0,Reader_2_11.csv
4567,0,0,0,Reader_2_12.csv
4567,0,0,0,Reader_2_2.csv
4567,1,1,0,Reader_2_3.csv
4567,0,0,0,Reader_2_4.csv
4567,1,1,0,Reader_2_5.csv
4567,0,0,0,Reader_2_6.csv
4567,0,0,0,Reader_2_7.csv
4567,0,0,0,Reader_2_8.csv
4567,1,1,0,Reader_2_9.csv
4567,7,5,2,reader_3_1.csv
4567,4,3,1,Reader_3_2.csv
4567,0,0,0,Reader_3_3.csv
4567,0,0,0,Reader_3_4.csv
4567,0,0,0,Reader_3_5.csv
4567,0,0,0,Reader_3_6.csv
4567,0,0,0,Reader_3_7.csv
4568,1,1,0,Reader_1_1.csv
4568,0,0,0,Reader_1_10.csv
4568,3,3,0,Reader_1_11.csv
4568,0,0,0,Reader_1_12.csv
4568,0,0,0,Reader_1_2.csv
4568,9,7,2,Reader_1_3.csv
4568,2,2,0,Reader_1_4.csv
4568,2,1,1,Reader_1_5.csv
4568,1,1,0,Reader_1_6.csv
4568,0,0,0,Reader_1_7.csv
4568,1,1,0,Reader_1_8.csv
4568,2,2,0,Reader_1_9.csv
4568,0,0,0,Reader_2_1.csv
4568,0,0,0,Reader_2_10.csv
4568,0,0,0,Reader_2_11.csv
4568,0,0,0,Reader_2_12.csv
4568,0,0,0,Reader_2_2.csv
4568,1,1,0,Reader_2_3.csv
4568,0,0,0,Reader_2_4.csv
4568,1,1,0,Reader_2_5.csv
4568,0,0,0,Reader_2_6.csv
4568,0,0,0,Reader_2_7.csv
4568,0,0,0,Reader_2_8.csv
4568,1,1,0,Reader_2_9.csv
4568,7,5,2,reader_3_1.csv
4568,5,4,1,Reader_3_2.csv
4568,0,0,0,Reader_3_3.csv
4568,0,0,0,Reader_3_4.csv
4568,0,0,0,Reader_3_5.csv
4568,0,0,0,Reader_3_6.csv
4568,0,0,0,Reader_3_7.csv
4569,1,1,0,Reader_1_1.csv
4569,0,0,0,Reader_1_10.csv
4569,2,2,0,Reader_1_11.csv
4569,0,0,0,Reader_1_12.csv
4569,0,0,0,Reader_1_2.csv
4569,10,8,2,Reader_1_3.csv
4569,1,1,0,Reader_1_4.csv
4569,3,1,2,Reader_1_5.csv
4569,1,1,0,Reader_1_6.csv
4569,0,0,0,Reader_1_7.csv
4569,1,1,0,Reader_1_8.csv
4569,2,2,0,Reader_1_9.csv
4569,0,0,0,Reader_2_1.csv
4569,0,0,0,Reader_2_10.csv
4569,0,0,0,Reader_2_11.csv
4569,0,0,0,Reader_2_12.csv
4569,0,0,0,Reader_2_2.csv
4569,1,1,0,Reader_2_3.csv
4569,0,0,0,Reader_2_4.csv
4569,1,1,0,Reader_2_5.csv
4569,0,0,0,Reader_2_6.csv
4569,0,0,0,Reader_2_7.csv
4569,0,0,0,Reader_2_8.csv
4569,1,1,0,Reader_2_9.csv
4569,7,6,1,reader_3_1.csv
4569,4,3,1,Reader_3_2.csv
4569,0,0,0,Reader_3_3.csv
4569,0,0,0,Reader_3_4.csv
4569,0,0,0,Reader_3_5.csv
4569,0,0,0,Reader_3_6.csv
4569,0,0,0,Reader_3_7.csv
4570,2,2,0,Reader_1_1.csv
4570,0,0,0,Reader_1_10.csv
4570,2,2,0,Reader_1_11.csv
4570,0,0,0,Reader_1_12.csv
4570,0,0,0,Reader_1_2.csv
4570,7,6,1,Reader_1_3.csv
4570,2,2,0,Reader_1_4.csv
4570,3,1,2,Reader_1_5.csv
4570,1,1,0,Reader_1_6.csv
4570,0,0,0,Reader_1_7.csv
4570,1,1,0,Reader_1_8.csv
4570,1,1,0,Reader_1_9.csv
4570,0,0,0,Reader_2_1.csv
4570,0,0,0,Reader_2_10.csv
4570,0,0,0,Reader_2_11.csv
4570,0,0,0,Reader_2_12.csv
4570,0,0,0,Reader_2_2.csv
4570,1,1,0,Reader_2_3.csv
4570,0,0,0,Reader_2_4.csv
4570,1,1,0,Reader_2_5.csv
4570,0,0,0,Reader_2_6.csv
4570,0,0,0,Reader_2_7.csv
4570,0,0,0,Reader_2_8.csv
4570,0,0,0,Reader_2_9.csv
4570,5,4,1,reader_3_1.csv
4570,4,3,1,Reader_3_2.csv
4570,0,0,0,Reader_3_3.csv
4570,0,0,0,Reader_3_4.csv
4570,0,0,0,Reader_3_5.csv
4570,0,0,0,Reader_3_6.csv
4570,0,0,0,Reader_3_7.csv
4571,1,1,0,Reader_1_1.csv
4571,0,0,0,Reader_1_10.csv
4571,2,2,0,Reader_1_11.csv
4571,0,0,0,Reader_1_12.csv
4571,0,0,0,Reader_1_2.csv
4571,8,7,1,Reader_1_3.csv
4571,3,3,0,Reader_1_4.csv
4571,2,0,2,Reader_1_5.csv
4571,1,1,0,Reader_1_6.csv
4571,0,0,0,Reader_1_7.csv
4571,1,1,0,Reader_1_8.csv
4571,3,3,0,Reader_1_9.csv
4571,0,0,0,Reader_2_1.csv
4571,0,0,0,Reader_2_10.csv
4571,0,0,0,Reader_2_11.csv
4571,0,0,0,Reader_2_12.csv
4571,0,0,0,Reader_2_2.csv
4571,1,1,0,Reader_2_3.csv
4571,0,0,0,Reader_2_4.csv
4571,1,1,0,Reader_2_5.csv
4571,0,0,0,Reader_2_6.csv
4571,0,0,0,Reader_2_7.csv
4571,0,0,0,Reader_2_8.csv
4571,1,1,0,Reader_2_9.csv
4571,5,3,2,reader_3_1.csv
4571,4,3,1,Reader_3_2.csv
4571,0,0,0,Reader_3_3.csv
4571,0,0,0,Reader_3_4.csv
4571,0,0,0,Reader_3_5.csv
4571,0,0,0,Reader_3_6.csv
4571,0,0,0,Reader_3_7.csv
4572,1,1,0,Reader_1_1.csv
4572,0,0,0,Reader_1_10.csv
4572,2,2,0,Reader_1_11.csv
4572,0,0,0,Reader_1_12.csv
4572,0,0,0,Reader_1_2.csv
4572,7,6,1,Reader_1_3.csv
4572,3,3,0,Reader_1_4.csv
4572,2,0,2,Reader_1_5.csv
4572,1,1,0,Reader_1_6.csv
4572,0,0,0,Reader_1_7.csv
4572,0,0,0,Reader_1_8.csv
4572,3,3,0,Reader_1_9.csv
4572,0,0,0,Reader_2_1.csv
4572,0,0,0,Reader_2_10.csv
4572,0,0,0,Reader_2_11.csv
4572,0,0,0,Reader_2_12.csv
4572,0,0,0,Reader_2_2.csv
4572,1,1,0,Reader_2_3.csv
4572,1,1,0,Reader_2_4.csv
4572,2,2,0,Reader_2_5.csv
4572,0,0,0,Reader_2_6.csv
4572,0,0,0,Reader_2_7.csv
4572,0,0,0,Reader_2_8.csv
4572,1,1,0,Reader_2_9.csv
4572,5,3,2,reader_3_1.csv
4572,3,2,1,Reader_3_2.csv
4572,0,0,0,Reader_3_3.csv
4572,0,0,0,Reader_3_4.csv
4572,0,0,0,Reader_3_5.csv
4572,0,0,0,Reader_3_6.csv
4572,0,0,0,Reader_3_7.csv
4573,1,1,0,Reader_1_1.csv
4573,0,0,0,Reader_1_10.csv
4573,2,2,0,Reader_1_11.csv
4573,0,0,0,Reader_1_12.csv
4573,0,0,0,Reader_1_2.csv
4573,7,6,1,Reader_1_3.csv
4573,4,4,0,Reader_1_4.csv
4573,2,0,2,Reader_1_5.csv
4573,0,0,0,Reader_1_6.csv
4573,0,0,0,Reader_1_7.csv
4573,0,0,0,Reader_1_8.csv
4573,3,3,0,Reader_1_9.csv
4573,0,0,0,Reader_2_1.csv
4573,0,0,0,Reader_2_10.csv
4573,0,0,0,Reader_2_11.csv
4573,0,0,0,Reader_2_12.csv
4573,0,0,0,Reader_2_2.csv
4573,1,1,0,Reader_2_3.csv
4573,1,1,0,Reader_2_4.csv
4573,2,2,0,Reader_2_5.csv
4573,0,0,0,Reader_2_6.csv
4573,0,0,0,Reader_2_7.csv
4573,0,0,0,Reader_2_8.csv
4573,1,1,0,Reader_2_9.csv
4573,7,5,2,reader_3_1.csv
4573,2,2,0,Reader_3_2.csv
4573,0,0,0,Reader_3_3.csv
4573,0,0,0,Reader_3_4.csv
4573,0,0,0,Reader_3_5.csv
4573,0,0,0,Reader_3_6.csv
4573,0,0,0,Reader_3_7.csv
4574,1,1,0,Reader_1_1.csv
4574,0,0,0,Reader_1_10.csv
4574,2,2,0,Reader_1_11.csv
4574,0,0,0,Reader_1_12.csv
4574,0,0,0,Reader_1_2.csv
4574,9,7,2,Reader_1_3.csv
4574,5,5,0,Reader_1_4.csv
4574,2,0,2,Reader_1_5.csv
4574,0,0,0,Reader_1_6.csv
4574,0,0,0,Reader_1_7.csv
4574,0,0,0,Reader_1_8.csv
4574,2,2,0,Reader_1_9.csv
4574,0,0,0,Reader_2_1.csv
4574,0,0,0,Reader_2_10.csv
4574,0,0,0,Reader_2_11.csv
4574,0,0,0,Reader_2_12.csv
4574,0,0,0,Reader_2_2.csv
4574,1,1,0,Reader_2_3.csv
4574,1,1,0,Reader_2_4.csv
4574,2,2,0,Reader_2_5.csv
4574,1,0,1,Reader_2_6.csv
4574,0,0,0,Reader_2_7.csv
4574,0,0,0,Reader_2_8.csv
4574,1,1,0,Reader_2_9.csv
4574,7,5,2,reader_3_1.csv
4574,3,3,0,Reader_3_2.csv
4574,0,0,0,Reader_3_3.csv
4574,0,0,0,Reader_3_4.csv
4574,0,0,0,Reader_3_5.csv
4574,0,0,0,Reader_3_6.csv
4574,0,0,0,Reader_3_7.csv
4575,2,2,0,Reader_1_1.csv
4575,0,0,0,Reader_1_10.csv
4575,1,1,0,Reader_1_11.csv
4575,0,0,0,Reader_1_12.csv
4575,0,0,0,Reader_1_2.csv
4575,7,6,1,Reader_1_3.csv
4575,8,8,0,Reader_1_4.csv
4575,2,0,2,Reader_1_5.csv
4575,0,0,0,Reader_1_6.csv
4575,1,1,0,Reader_1_7.csv
4575,0,0,0,Reader_1_8.csv
4575,2,2,0,Reader_1_9.csv
4575,0,0,0,Reader_2_1.csv
4575,0,0,0,Reader_2_10.csv
4575,0,0,0,Reader_2_11.csv
4575,0,0,0,Reader_2_12.csv
4575,0,0,0,Reader_2_2.csv
4575,0,0,0,Reader_2_3.csv
4575,1,1,0,Reader_2_4.csv
4575,1,1,0,Reader_2_5.csv
4575,1,0,1,Reader_2_6.csv
4575,0,0,0,Reader_2_7.csv
4575,0,0,0,Reader_2_8.csv
4575,1,1,0,Reader_2_9.csv
4575,6,5,1,reader_3_1.csv
4575,3,3,0,Reader_3_2.csv
4575,0,0,0,Reader_3_3.csv
4575,0,0,0,Reader_3_4.csv
4575,0,0,0,Reader_3_5.csv
4575,0,0,0,Reader_3_6.csv
4575,0,0,0,Reader_3_7.csv
4576,2,2,0,Reader_1_1.csv
4576,0,0,0,Reader_1_10.csv
4576,0,0,0,Reader_1_11.csv
4576,0,0,0,Reader_1_12.csv
4576,0,0,0,Reader_1_2.csv
4576,5,4,1,Reader_1_3.csv
4576,7,7,0,Reader_1_4.csv
4576,3,0,3,Reader_1_5.csv
4576,0,0,0,Reader_1_6.csv
4576,1,1,0,Reader_1_7.csv
4576,0,0,0,Reader_1_8.csv
4576,2,2,0,Reader_1_9.csv
4576,0,0,0,Reader_2_1.csv
4576,0,0,0,Reader_2_10.csv
4576,0,0,0,Reader_2_11.csv
4576,0,0,0,Reader_2_12.csv
4576,0,0,0,Reader_2_2.csv
4576,0,0,0,Reader_2_3.csv
4576,1,1,0,Reader_2_4.csv
4576,1,1,0,Reader_2_5.csv
4576,1,0,1,Reader_2_6.csv
4576,0,0,0,Reader_2_7.csv
4576,0,0,0,Reader_2_8.csv
4576,1,1,0,Reader_2_9.csv
4576,6,5,1,reader_3_1.csv
4576,3,3,0,Reader_3_2.csv
4576,0,0,0,Reader_3_3.csv
4576,0,0,0,Reader_3_4.csv
4576,0,0,0,Reader_3_5.csv
4576,0,0,0,Reader_3_6.csv
4576,0,0,0,Reader_3_7.csv
4577,2,2,0,Reader_1_1.csv
4577,0,0,0,Reader_1_10.csv
4577,0,0,0,Reader_1_11.csv
4577,0,0,0,Reader_1_12.csv
4577,0,0,0,Reader_1_2.csv
4577,4,3,1,Reader_1_3.csv
4577,9,9,0,Reader_1_4.csv
4577,2,0,2,Reader_1_5.csv
4577,0,0,0,Reader_1_6.csv
4577,1,1,0,Reader_1_7.csv
4577,0,0,0,Reader_1_8.csv
4577,2,2,0,Reader_1_9.csv
4577,0,0,0,Reader_2_1.csv
4577,0,0,0,Reader_2_10.csv
4577,0,0,0,Reader_2_11.csv
4577,0,0,0,Reader_2_12.csv
4577,0,0,0,Reader_2_2.csv
4577,0,0,0,Reader_2_3.csv
4577,1,1,0,Reader_2_4.csv
4577,1,1,0,Reader_2_5.csv
4577,1,0,1,Reader_2_6.csv
4577,0,0,0,Reader_2_7.csv
4577,0,0,0,Reader_2_8.csv
4577,1,1,0,Reader_2_9.csv
4577,5,4,1,reader_3_1.csv
4577,4,4,0,Reader_3_2.csv
4577,0,0,0,Reader_3_3.csv
4577,0,0,0,Reader_3_4.csv
4577,0,0,0,Reader_3_5.csv
4577,0,0,0,Reader_3_6.csv
4577,0,0,0,Reader_3_7.csv
4578,1,1,0,Reader_1_1.csv
4578,0,0,0,Reader_1_10.csv
4578,0,0,0,Reader_1_11.csv
4578,0,0,0,Reader_1_12.csv
4578,0,0,0,Reader_1_2.csv
4578,3,2,1,Reader_1_3.csv
4578,9,9,0,Reader_1_4.csv
4578,2,0,2,Reader_1_5.csv
4578,0,0,0,Reader_1_6.csv
4578,2,1,1,Reader_1_7.csv
4578,0,0,0,Reader_1_8.csv
4578,2,2,0,Reader_1_9.csv
4578,0,0,0,Reader_2_1.csv
4578,0,0,0,Reader_2_10.csv
4578,0,0,0,Reader_2_11.csv
4578,0,0,0,Reader_2_12.csv
4578,0,0,0,Reader_2_2.csv
4578,0,0,0,Reader_2_3.csv
4578,1,1,0,Reader_2_4.csv
4578,1,1,0,Reader_2_5.csv
4578,1,0,1,Reader_2_6.csv
4578,0,0,0,Reader_2_7.csv
4578,0,0,0,Reader_2_8.csv
4578,1,1,0,Reader_2_9.csv
4578,5,4,1,reader_3_1.csv
4578,7,6,1,Reader_3_2.csv
4578,0,0,0,Reader_3_3.csv
4578,0,0,0,Reader_3_4.csv
4578,0,0,0,Reader_3_5.csv
4578,0,0,0,Reader_3_6.csv
4578,0,0,0,Reader_3_7.csv
4579,1,1,0,Reader_1_1.csv
4579,0,0,0,Reader_1_10.csv
4579,0,0,0,Reader_1_11.csv
4579,0,0,0,Reader_1_12.csv
4579,0,0,0,Reader_1_2.csv
4579,2,1,1,Reader_1_3.csv
4579,8,8,0,Reader_1_4.csv
4579,3,1,2,Reader_1_5.csv
4579,0,0,0,Reader_1_6.csv
4579,2,1,1,Reader_1_7.csv
4579,0,0,0,Reader_1_8.csv
4579,0,0,0,Reader_1_9.csv
4579,0,0,0,Reader_2_1.csv
4579,0,0,0,Reader_2_10.csv
4579,0,0,0,Reader_2_11.csv
4579,0,0,0,Reader_2_12.csv
4579,0,0,0,Reader_2_2.csv
4579,0,0,0,Reader_2_3.csv
4579,2,2,0,Reader_2_4.csv
4579,1,1,0,Reader_2_5.csv
4579,1,0,1,Reader_2_6.csv
4579,0,0,0,Reader_2_7.csv
4579,0,0,0,Reader_2_8.csv
4579,0,0,0,Reader_2_9.csv
4579,6,6,0,reader_3_1.csv
4579,6,5,1,Reader_3_2.csv
4579,0,0,0,Reader_3_3.csv
4579,0,0,0,Reader_3_4.csv
4579,0,0,0,Reader_3_5.csv
4579,0,0,0,Reader_3_6.csv
4579,0,0,0,Reader_3_7.csv
4580,1,1,0,Reader_1_1.csv
4580,0,0,0,Reader_1_10.csv
4580,0,0,0,Reader_1_11.csv
4580,0,0,0,Reader_1_12.csv
4580,0,0,0,Reader_1_2.csv
4580,2,1,1,Reader_1_3.csv
4580,8,8,0,Reader_1_4.csv
4580,3,1,2,Reader_1_5.csv
4580,0,0,0,Reader_1_6.csv
4580,2,1,1,Reader_1_7.csv
4580,0,0,0,Reader_1_8.csv
4580,0,0,0,Reader_1_9.csv
4580,0,0,0,Reader_2_1.csv
4580,0,0,0,Reader_2_10.csv
4580,0,0,0,Reader_2_11.csv
4580,0,0,0,Reader_2_12.csv
4580,2,1,1,Reader_2_2.csv
4580,0,0,0,Reader_2_3.csv
4580,1,1,0,Reader_2_4.csv
4580,0,0,0,Reader_2_5.csv
4580,1,0,1,Reader_2_6.csv
4580,0,0,0,Reader_2_7.csv
4580,0,0,0,Reader_2_8.csv
4580,1,1,0,Reader_2_9.csv
4580,6,6,0,reader_3_1.csv
4580,8,7,1,Reader_3_2.csv
4580,0,0,0,Reader_3_3.csv
4580,0,0,0,Reader_3_4.csv
4580,0,0,0,Reader_3_5.csv
4580,0,0,0,Reader_3_6.csv
4580,0,0,0,Reader_3_7.csv
4581,1,1,0,Reader_1_1.csv
4581,0,0,0,Reader_1_10.csv
4581,1,1,0,Reader_1_11.csv
4581,0,0,0,Reader_1_12.csv
4581,0,0,0,Reader_1_2.csv
4581,3,2,1,Reader_1_3.csv
4581,8,8,0,Reader_1_4.csv
4581,3,1,2,Reader_1_5.csv
4581,0,0,0,Reader_1_6.csv
4581,2,1,1,Reader_1_7.csv
4581,0,0,0,Reader_1_8.csv
4581,0,0,0,Reader_1_9.csv
4581,0,0,0,Reader_2_1.csv
4581,0,0,0,Reader_2_10.csv
4581,0,0,0,Reader_2_11.csv
4581,0,0,0,Reader_2_12.csv
4581,3,2,1,Reader_2_2.csv
4581,0,0,0,Reader_2_3.csv
4581,2,2,0,Reader_2_4.csv
4581,0,0,0,Reader_2_5.csv
4581,1,0,1,Reader_2_6.csv
4581,0,0,0,Reader_2_7.csv
4581,0,0,0,Reader_2_8.csv
4581,2,2,0,Reader_2_9.csv
4581,6,5,1,reader_3_1.csv
4581,10,7,3,Reader_3_2.csv
4581,0,0,0,Reader_3_3.csv
4581,0,0,0,Reader_3_4.csv
4581,0,0,0,Reader_3_5.csv
4581,0,0,0,Reader_3_6.csv
4581,0,0,0,Reader_3_7.csv
4582,1,1,0,Reader_1_1.csv
4582,0,0,0,Reader_1_10.csv
4582,1,1,0,Reader_1_11.csv
4582,0,0,0,Reader_1_12.csv
4582,0,0,0,Reader_1_2.csv
4582,1,1,0,Reader_1_3.csv
4582,8,8,0,Reader_1_4.csv
4582,2,1,1,Reader_1_5.csv
4582,0,0,0,Reader_1_6.csv
4582,2,1,1,Reader_1_7.csv
4582,0,0,0,Reader_1_8.csv
4582,0,0,0,Reader_1_9.csv
4582,0,0,0,Reader_2_1.csv
4582,0,0,0,Reader_2_10.csv
4582,0,0,0,Reader_2_11.csv
4582,0,0,0,Reader_2_12.csv
4582,3,2,1,Reader_2_2.csv
4582,1,1,0,Reader_2_3.csv
4582,2,2,0,Reader_2_4.csv
4582,0,0,0,Reader_2_5.csv
4582,0,0,0,Reader_2_6.csv
4582,0,0,0,Reader_2_7.csv
4582,0,0,0,Reader_2_8.csv
4582,2,2,0,Reader_2_9.csv
4582,5,4,1,reader_3_1.csv
4582,13,10,3,Reader_3_2.csv
4582,0,0,0,Reader_3_3.csv
4582,0,0,0,Reader_3_4.csv
4582,0,0,0,Reader_3_5.csv
4582,0,0,0,Reader_3_6.csv
4582,0,0,0,Reader_3_7.csv
4583,0,0,0,Reader_1_1.csv
4583,0,0,0,Reader_1_10.csv
4583,2,2,0,Reader_1_11.csv
4583,0,0,0,Reader_1_12.csv
4583,0,0,0,Reader_1_2.csv
4583,1,1,0,Reader_1_3.csv
4583,5,5,0,Reader_1_4.csv
4583,3,1,2,Reader_1_5.csv
4583,0,0,0,Reader_1_6.csv
4583,1,0,1,Reader_1_7.csv
4583,0,0,0,Reader_1_8.csv
4583,0,0,0,Reader_1_9.csv
4583,0,0,0,Reader_2_1.csv
4583,0,0,0,Reader_2_10.csv
4583,0,0,0,Reader_2_11.csv
4583,0,0,0,Reader_2_12.csv
4583,3,2,1,Reader_2_2.csv
4583,1,1,0,Reader_2_3.csv
4583,2,2,0,Reader_2_4.csv
4583,0,0,0,Reader_2_5.csv
4583,0,0,0,Reader_2_6.csv
4583,0,0,0,Reader_2_7.csv
4583,0,0,0,Reader_2_8.csv
4583,2,2,0,Reader_2_9.csv
4583,7,6,1,reader_3_1.csv
4583,13,10,3,Reader_3_2.csv
4583,0,0,0,Reader_3_3.csv
4583,0,0,0,Reader_3_4.csv
4583,0,0,0,Reader_3_5.csv
4583,0,0,0,Reader_3_6.csv
4583,0,0,0,Reader_3_7.csv
4584,0,0,0,Reader_1_1.csv
4584,0,0,0,Reader_1_10.csv
4584,3,2,1,Reader_1_11.csv
4584,1,1,0,Reader_1_12.csv
4584,0,0,0,Reader_1_2.csv
4584,1,1,0,Reader_1_3.csv
4584,5,5,0,Reader_1_4.csv
4584,2,1,1,Reader_1_5.csv
4584,0,0,0,Reader_1_6.csv
4584,1,0,1,Reader_1_7.csv
4584,0,0,0,Reader_1_8.csv
4584,0,0,0,Reader_1_9.csv
4584,0,0,0,Reader_2_1.csv
4584,0,0,0,Reader_2_10.csv
4584,0,0,0,Reader_2_11.csv
4584,0,0,0,Reader_2_12.csv
4584,5,4,1,Reader_2_2.csv
4584,1,1,0,Reader_2_3.csv
4584,2,2,0,Reader_2_4.csv
4584,0,0,0,Reader_2_5.csv
4584,0,0,0,Reader_2_6.csv
4584,0,0,0,Reader_2_7.csv
4584,0,0,0,Reader_2_8.csv
4584,2,2,0,Reader_2_9.csv
4584,9,8,1,reader_3_1.csv
4584,14,9,5,Reader_3_2.csv
4584,0,0,0,Reader_3_3.csv
4584,0,0,0,Reader_3_4.csv
4584,0,0,0,Reader_3_5.csv
4584,0,0,0,Reader_3_6.csv
4584,0,0,0,Reader_3_7.csv
4585,0,0,0,Reader_1_1.csv
4585,0,0,0,Reader_1_10.csv
4585,3,2,1,Reader_1_11.csv
4585,1,1,0,Reader_1_12.csv
4585,0,0,0,Reader_1_2.csv
4585,2,2,0,Reader_1_3.csv
4585,3,3,0,Reader_1_4.csv
4585,2,1,1,Reader_1_5.csv
4585,0,0,0,Reader_1_6.csv
4585,1,0,1,Reader_1_7.csv
4585,0,0,0,Reader_1_8.csv
4585,1,1,0,Reader_1_9.csv
4585,0,0,0,Reader_2_1.csv
4585,0,0,0,Reader_2_10.csv
4585,0,0,0,Reader_2_11.csv
4585,0,0,0,Reader_2_12.csv
4585,5,4,1,Reader_2_2.csv
4585,1,1,0,Reader_2_3.csv
4585,2,2,0,Reader_2_4.csv
4585,0,0,0,Reader_2_5.csv
4585,0,0,0,Reader_2_6.csv
4585,0,0,0,Reader_2_7.csv
4585,0,0,0,Reader_2_8.csv
4585,2,2,0,Reader_2_9.csv
4585,10,9,1,reader_3_1.csv
4585,15,10,5,Reader_3_2.csv
4585,0,0,0,Reader_3_3.csv
4585,0,0,0,Reader_3_4.csv
4585,0,0,0,Reader_3_5.csv
4585,0,0,0,Reader_3_6.csv
4585,0,0,0,Reader_3_7.csv
4586,0,0,0,Reader_1_1.csv
4586,0,0,0,Reader_1_10.csv
4586,3,2,1,Reader_1_11.csv
4586,1,1,0,Reader_1_12.csv
4586,0,0,0,Reader_1_2.csv
4586,3,3,0,Reader_1_3.csv
4586,2,2,0,Reader_1_4.csv
4586,2,1,1,Reader_1_5.csv
4586,0,0,0,Reader_1_6.csv
4586,0,0,0,Reader_1_7.csv
4586,0,0,0,Reader_1_8.csv
4586,1,1,0,Reader_1_9.csv
4586,0,0,0,Reader_2_1.csv
4586,0,0,0,Reader_2_10.csv
4586,0,0,0,Reader_2_11.csv
4586,0,0,0,Reader_2_12.csv
4586,5,4,1,Reader_2_2.csv
4586,1,1,0,Reader_2_3.csv
4586,2,2,0,Reader_2_4.csv
4586,0,0,0,Reader_2_5.csv
4586,0,0,0,Reader_2_6.csv
4586,0,0,0,Reader_2_7.csv
4586,0,0,0,Reader_2_8.csv
4586,4,3,1,Reader_2_9.csv
4586,11,10,1,reader_3_1.csv
4586,13,9,4,Reader_3_2.csv
4586,0,0,0,Reader_3_3.csv
4586,0,0,0,Reader_3_4.csv
4586,0,0,0,Reader_3_5.csv
4586,0,0,0,Reader_3_6.csv
4586,0,0,0,Reader_3_7.csv
4587,0,0,0,Reader_1_1.csv
4587,0,0,0,Reader_1_10.csv
4587,3,2,1,Reader_1_11.csv
4587,1,1,0,Reader_1_12.csv
4587,0,0,0,Reader_1_2.csv
4587,3,3,0,Reader_1_3.csv
4587,2,2,0,Reader_1_4.csv
4587,1,0,1,Reader_1_5.csv
4587,0,0,0,Reader_1_6.csv
4587,0,0,0,Reader_1_7.csv
4587,0,0,0,Reader_1_8.csv
4587,1,1,0,Reader_1_9.csv
4587,0,0,0,Reader_2_1.csv
4587,0,0,0,Reader_2_10.csv
4587,0,0,0,Reader_2_11.csv
4587,0,0,0,Reader_2_12.csv
4587,6,5,1,Reader_2_2.csv
4587,1,1,0,Reader_2_3.csv
4587,1,1,0,Reader_2_4.csv
4587,0,0,0,Reader_2_5.csv
4587,0,0,0,Reader_2_6.csv
4587,0,0,0,Reader_2_7.csv
4587,0,0,0,Reader_2_8.csv
4587,4,3,1,Reader_2_9.csv
4587,10,9,1,reader_3_1.csv
4587,14,10,4,Reader_3_2.csv
4587,0,0,0,Reader_3_3.csv
4587,0,0,0,Reader_3_4.csv
4587,0,0,0,Reader_3_5.csv
4587,0,0,0,Reader_3_6.csv
4587,0,0,0,Reader_3_7.csv
4588,0,0,0,Reader_1_1.csv
4588,0,0,0,Reader_1_10.csv
4588,3,2,1,Reader_1_11.csv
4588,2,2,0,Reader_1_12.csv
4588,0,0,0,Reader_1_2.csv
4588,3,3,0,Reader_1_3.csv
4588,2,2,0,Reader_1_4.csv
4588,2,0,2,Reader_1_5.csv
4588,0,0,0,Reader_1_6.csv
4588,0,0,0,Reader_1_7.csv
4588,0,0,0,Reader_1_8.csv
4588,1,1,0,Reader_1_9.csv
4588,0,0,0,Reader_2_1.csv
4588,0,0,0,Reader_2_10.csv
4588,0,0,0,Reader_2_11.csv
4588,0,0,0,Reader_2_12.csv
4588,4,4,0,Reader_2_2.csv
4588,3,3,0,Reader_2_3.csv
4588,2,2,0,Reader_2_4.csv
4588,0,0,0,Reader_2_5.csv
4588,0,0,0,Reader_2_6.csv
4588,0,0,0,Reader_2_7.csv
4588,0,0,0,Reader_2_8.csv
4588,3,2,1,Reader_2_9.csv
4588,10,9,1,reader_3_1.csv
4588,12,8,4,Reader_3_2.csv
4588,0,0,0,Reader_3_3.csv
4588,0,0,0,Reader_3_4.csv
4588,0,0,0,Reader_3_5.csv
4588,0,0,0,Reader_3_6.csv
4588,0,0,0,Reader_3_7.csv
4589,0,0,0,Reader_1_1.csv
4589,0,0,0,Reader_1_10.csv
4589,2,1,1,Reader_1_11.csv
4589,2,2,0,Reader_1_12.csv
4589,0,0,0,Reader_1_2.csv
4589,2,2,0,Reader_1_3.csv
4589,1,1,0,Reader_1_4.csv
4589,2,0,2,Reader_1_5.csv
4589,0,0,0,Reader_1_6.csv
4589,0,0,0,Reader_1_7.csv
4589,0,0,0,Reader_1_8.csv
4589,1,1,0,Reader_1_9.csv
4589,0,0,0,Reader_2_1.csv
4589,0,0,0,Reader_2_10.csv
4589,0,0,0,Reader_2_11.csv
4589,0,0,0,Reader_2_12.csv
4589,4,4,0,Reader_2_2.csv
4589,4,4,0,Reader_2_3.csv
4589,1,1,0,Reader_2_4.csv
4589,1,0,1,Reader_2_5.csv
4589,0,0,0,Reader_2_6.csv
4589,0,0,0,Reader_2_7.csv
4589,0,0,0,Reader_2_8.csv
4589,2,1,1,Reader_2_9.csv
4589,8,8,0,reader_3_1.csv
4589,13,9,4,Reader_3_2.csv
4589,0,0,0,Reader_3_3.csv
4589,0,0,0,Reader_3_4.csv
4589,0,0,0,Reader_3_5.csv
4589,0,0,0,Reader_3_6.csv
4589,0,0,0,Reader_3_7.csv
4590,0,0,0,Reader_1_1.csv
4590,0,0,0,Reader_1_10.csv
4590,2,1,1,Reader_1_11.csv
4590,2,2,0,Reader_1_12.csv
4590,0,0,0,Reader_1_2.csv
4590,2,2,0,Reader_1_3.csv
4590,0,0,0,Reader_1_4.csv
4590,2,0,2,Reader_1_5.csv
4590,0,0,0,Reader_1_6.csv
4590,0,0,0,Reader_1_7.csv
4590,0,0,0,Reader_1_8.csv
4590,1,1,0,Reader_1_9.csv
4590,0,0,0,Reader_2_1.csv
4590,0,0,0,Reader_2_10.csv
4590,0,0,0,Reader_2_11.csv
4590,0,0,0,Reader_2_12.csv
4590,4,4,0,Reader_2_2.csv
4590,3,3,0,Reader_2_3.csv
4590,1,1,0,Reader_2_4.csv
4590,1,0,1,Reader_2_5.csv
4590,0,0,0,Reader_2_6.csv
4590,0,0,0,Reader_2_7.csv
4590,0,0,0,Reader_2_8.csv
4590,2,1,1,Reader_2_9.csv
4590,8,8,0,reader_3_1.csv
4590,9,5,4,Reader_3_2.csv
4590,0,0,0,Reader_3_3.csv
4590,0,0,0,Reader_3_4.csv
4590,0,0,0,Reader_3_5.csv
4590,0,0,0,Reader_3_6.csv
4590,0,0,0,Reader_3_7.csv
4591,0,0,0,Reader_1_1.csv
4591,0,0,0,Reader_1_10.csv
4591,1,0,1,Reader_1_11.csv
4591,2,2,0,Reader_1_12.csv
4591,0,0,0,Reader_1_2.csv
4591,2,2,0,Reader_1_3.csv
4591,0,0,0,Reader_1_4.csv
4591,1,0,1,Reader_1_5.csv
4591,0,0,0,Reader_1_6.csv
4591,0,0,0,Reader_1_7.csv
4591,0,0,0,Reader_1_8.csv
4591,1,1,0,Reader_1_9.csv
4591,0,0,0,Reader_2_1.csv
4591,0,0,0,Reader_2_10.csv
4591,0,0,0,Reader_2_11.csv
4591,0,0,0,Reader_2_12.csv
4591,4,4,0,Reader_2_2.csv
4591,3,3,0,Reader_2_3.csv
4591,1,1,0,Reader_2_4.csv
4591,1,0,1,Reader_2_5.csv
4591,0,0,0,Reader_2_6.csv
4591,0,0,0,Reader_2_7.csv
4591,0,0,0,Reader_2_8.csv
4591,2,1,1,Reader_2_9.csv
4591,6,6,0,reader_3_1.csv
4591,10,6,4,Reader_3_2.csv
4591,0,0,0,Reader_3_3.csv
4591,0,0,0,Reader_3_4.csv
4591,0,0,0,Reader_3_5.csv
4591,0,0,0,Reader_3_6.csv
4591,0,0,0,Reader_3_7.csv
4592,1,1,0,Reader_1_1.csv
4592,0,0,0,Reader_1_10.csv
4592,0,0,0,Reader_1_11.csv
4592,2,2,0,Reader_1_12.csv
4592,0,0,0,Reader_1_2.csv
4592,3,3,0,Reader_1_3.csv
4592,0,0,0,Reader_1_4.csv
4592,1,0,1,Reader_1_5.csv
4592,0,0,0,Reader_1_6.csv
4592,0,0,0,Reader_1_7.csv
4592,0,0,0,Reader_1_8.csv
4592,1,1,0,Reader_1_9.csv
4592,0,0,0,Reader_2_1.csv
4592,0,0,0,Reader_2_10.csv
4592,0,0,0,Reader_2_11.csv
4592,0,0,0,Reader_2_12.csv
4592,2,2,0,Reader_2_2.csv
4592,3,3,0,Reader_2_3.csv
4592,1,1,0,Reader_2_4.csv
4592,1,0,1,Reader_2_5.csv
4592,0,0,0,Reader_2_6.csv
4592,0,0,0,Reader_2_7.csv
4592,0,0,0,Reader_2_8.csv
4592,2,1,1,Reader_2_9.csv
4592,5,5,0,reader_3_1.csv
4592,8,6,2,Reader_3_2.csv
4592,0,0,0,Reader_3_3.csv
4592,0,0,0,Reader_3_4.csv
4592,0,0,0,Reader_3_5.csv
4592,0,0,0,Reader_3_6.csv
4592,0,0,0,Reader_3_7.csv
4593,1,1,0,Reader_1_1.csv
4593,0,0,0,Reader_1_10.csv
4593,0,0,0,Reader_1_11.csv
4593,2,2,0,Reader_1_12.csv
4593,0,0,0,Reader_1_2.csv
4593,2,2,0,Reader_1_3.csv
4593,0,0,0,Reader_1_4.csv
4593,1,0,1,Reader_1_5.csv
4593,0,0,0,Reader_1_6.csv
4593,0,0,0,Reader_1_7.csv
4593,0,0,0,Reader_1_8.csv
4593,0,0,0,Reader_1_9.csv
4593,0,0,0,Reader_2_1.csv
4593,0,0,0,Reader_2_10.csv
4593,0,0,0,Reader_2_11.csv
4593,0,0,0,Reader_2_12.csv
4593,2,2,0,Reader_2_2.csv
4593,3,3,0,Reader_2_3.csv
4593,1,1,0,Reader_2_4.csv
4593,1,0,1,Reader_2_5.csv
4593,0,0,0,Reader_2_6.csv
4593,0,0,0,Reader_2_7.csv
4593,0,0,0,Reader_2_8.csv
4593,2,1,1,Reader_2_9.csv
4593,4,4,0,reader_3_1.csv
4593,9,7,2,Reader_3_2.csv
4593,0,0,0,Reader_3_3.csv
4593,0,0,0,Reader_3_4.csv
4593,0,0,0,Reader_3_5.csv
4593,0,0,0,Reader_3_6.csv
4593,0,0,0,Reader_3_7.csv
4594,1,1,0,Reader_1_1.csv
4594,0,0,0,Reader_1_10.csv
4594,0,0,0,Reader_1_11.csv
4594,2,2,0,Reader_1_12.csv
4594,0,0,0,Reader_1_2.csv
4594,1,1,0,Reader_1_3.csv
4594,0,0,0,Reader_1_4.csv
4594,1,0,1,Reader_1_5.csv
4594,0,0,0,Reader_1_6.csv
4594,0,0,0,Reader_1_7.csv
4594,0,0,0,Reader_1_8.csv
4594,0,0,0,Reader_1_9.csv
4594,0,0,0,Reader_2_1.csv
4594,0,0,0,Reader_2_10.csv
4594,0,0,0,Reader_2_11.csv
4594,0,0,0,Reader_2_12.csv
4594,2,2,0,Reader_2_2.csv
4594,4,4,0,Reader_2_3.csv
4594,1,1,0,Reader_2_4.csv
4594,1,0,1,Reader_2_5.csv
4594,1,1,0,Reader_2_6.csv
4594,0,0,0,Reader_2_7.csv
4594,0,0,0,Reader_2_8.csv
4594,0,0,0,Reader_2_9.csv
4594,3,3,0,reader_3_1.csv
4594,8,6,2,Reader_3_2.csv
4594,0,0,0,Reader_3_3.csv
4594,0,0,0,Reader_3_4.csv
4594,0,0,0,Reader_3_5.csv
4594,0,0,0,Reader_3_6.csv
4594,0,0,0,Reader_3_7.csv
4595,1,1,0,Reader_1_1.csv
4595,0,0,0,Reader_1_10.csv
4595,0,0,0,Reader_1_11.csv
4595,2,2,0,Reader_1_12.csv
4595,0,0,0,Reader_1_2.csv
4595,1,1,0,Reader_1_3.csv
4595,0,0,0,Reader_1_4.csv
4595,1,0,1,Reader_1_5.csv
4595,0,0,0,Reader_1_6.csv
4595,0,0,0,Reader_1_7.csv
4595,0,0,0,Reader_1_8.csv
4595,0,0,0,Reader_1_9.csv
4595,0,0,0,Reader_2_1.csv
4595,0,0,0,Reader_2_10.csv
4595,0,0,0,Reader_2_11.csv
4595,0,0,0,Reader_2_12.csv
4595,1,1,0,Reader_2_2.csv
4595,4,4,0,Reader_2_3.csv
4595,1,1,0,Reader_2_4.csv
4595,1,0,1,Reader_2_5.csv
4595,1,1,0,Reader_2_6.csv
4595,0,0,0,Reader_2_7.csv
4595,0,0,0,Reader_2_8.csv
4595,0,0,0,Reader_2_9.csv
4595,3,3,0,reader_3_1.csv
4595,7,5,2,Reader_3_2.csv
4595,0,0,0,Reader_3_3.csv
4595,0,0,0,Reader_3_4.csv
4595,0,0,0,Reader_3_5.csv
4595,0,0,0,Reader_3_6.csv
4595,0,0,0,Reader_3_7.csv
4596,1,1,0,Reader_1_1.csv
4596,0,0,0,Reader_1_10.csv
4596,0,0,0,Reader_1_11.csv
4596,1,1,0,Reader_1_12.csv
4596,0,0,0,Reader_1_2.csv
4596,1,1,0,Reader_1_3.csv
4596,0,0,0,Reader_1_4.csv
4596,0,0,0,Reader_1_5.csv
4596,0,0,0,Reader_1_6.csv
4596,0,0,0,Reader_1_7.csv
4596,0,0,0,Reader_1_8.csv
4596,0,0,0,Reader_1_9.csv
4596,0,0,0,Reader_2_1.csv
4596,0,0,0,Reader_2_10.csv
4596,0,0,0,Reader_2_11.csv
4596,0,0,0,Reader_2_12.csv
4596,1,1,0,Reader_2_2.csv
4596,2,2,0,Reader_2_3.csv
4596,1,1,0,Reader_2_4.csv
4596,1,0,1,Reader_2_5.csv
4596,1,1,0,Reader_2_6.csv
4596,0,0,0,Reader_2_7.csv
4596,0,0,0,Reader_2_8.csv
4596,0,0,0,Reader_2_9.csv
4596,2,2,0,reader_3_1.csv
4596,6,5,1,Reader_3_2.csv
4596,0,0,0,Reader_3_3.csv
4596,0,0,0,Reader_3_4.csv
4596,0,0,0,Reader_3_5.csv
4596,0,0,0,Reader_3_6.csv
4596,0,0,0,Reader_3_7.csv
4597,3,2,1,Reader_1_1.csv
4597,0,0,0,Reader_1_10.csv
4597,0,0,0,Reader_1_11.csv
4597,1,1,0,Reader_1_12.csv
4597,0,0,0,Reader_1_2.csv
4597,1,1,0,Reader_1_3.csv
4597,1,1,0,Reader_1_4.csv
4597,0,0,0,Reader_1_5.csv
4597,0,0,0,Reader_1_6.csv
4597,0,0,0,Reader_1_7.csv
4597,0,0,0,Reader_1_8.csv
4597,0,0,0,Reader_1_9.csv
4597,0,0,0,Reader_2_1.csv
4597,0,0,0,Reader_2_10.csv
4597,0,0,0,Reader_2_11.csv
4597,0,0,0,Reader_2_12.csv
4597,1,1,0,Reader_2_2.csv
4597,1,1,0,Reader_2_3.csv
4597,1,1,0,Reader_2_4.csv
4597,0,0,0,Reader_2_5.csv
4597,1,1,0,Reader_2_6.csv
4597,0,0,0,Reader_2_7.csv
4597,0,0,0,Reader_2_8.csv
4597,0,0,0,Reader_2_9.csv
4597,2,2,0,reader_3_1.csv
4597,7,6,1,Reader_3_2.csv
4597,0,0,0,Reader_3_3.csv
4597,0,0,0,Reader_3_4.csv
4597,0,0,0,Reader_3_5.csv
4597,0,0,0,Reader_3_6.csv
4597,0,0,0,Reader_3_7.csv
4598,3,2,1,Reader_1_1.csv
4598,0,0,0,Reader_1_10.csv
4598,0,0,0,Reader_1_11.csv
4598,1,1,0,Reader_1_12.csv
4598,0,0,0,Reader_1_2.csv
4598,1,1,0,Reader_1_3.csv
4598,1,1,0,Reader_1_4.csv
4598,0,0,0,Reader_1_5.csv
4598,0,0,0,Reader_1_6.csv
4598,0,0,0,Reader_1_7.csv
4598,0,0,0,Reader_1_8.csv
4598,0,0,0,Reader_1_9.csv
4598,0,0,0,Reader_2_1.csv
4598,0,0,0,Reader_2_10.csv
4598,0,0,0,Reader_2_11.csv
4598,0,0,0,Reader_2_12.csv
4598,1,1,0,Reader_2_2.csv
4598,1,1,0,Reader_2_3.csv
4598,1,1,0,Reader_2_4.csv
4598,1,1,0,Reader_2_5.csv
4598,2,2,0,Reader_2_6.csv
4598,0,0,0,Reader_2_7.csv
4598,0,0,0,Reader_2_8.csv
4598,0,0,0,Reader_2_9.csv
4598,3,3,0,reader_3_1.csv
4598,7,6,1,Reader_3_2.csv
4598,0,0,0,Reader_3_3.csv
4598,0,0,0,Reader_3_4.csv
4598,0,0,0,Reader_3_5.csv
4598,0,0,0,Reader_3_6.csv
4598,0,0,0,Reader_3_7.csv
4599,3,2,1,Reader_1_1.csv
4599,0,0,0,Reader_1_10.csv
4599,0,0,0,Reader_1_11.csv
4599,1,1,0,Reader_1_12.csv
4599,0,0,0,Reader_1_2.csv
4599,1,1,0,Reader_1_3.csv
4599,1,1,0,Reader_1_4.csv
4599,0,0,0,Reader_1_5.csv
4599,0,0,0,Reader_1_6.csv
4599,0,0,0,Reader_1_7.csv
4599,0,0,0,Reader_1_8.csv
4599,0,0,0,Reader_1_9.csv
4599,0,0,0,Reader_2_1.csv
4599,0,0,0,Reader_2_10.csv
4599,0,0,0,Reader_2_11.csv
4599,0,0,0,Reader_2_12.csv
4599,1,1,0,Reader_2_2.csv
4599,1,1,0,Reader_2_3.csv
4599,2,2,0,Reader_2_4.csv
4599,1,1,0,Reader_2_5.csv
4599,2,2,0,Reader_2_6.csv
4599,0,0,0,Reader_2_7.csv
4599,0,0,0,Reader_2_8.csv
4599,1,1,0,Reader_2_9.csv
4599,4,3,1,reader_3_1.csv
4599,6,5,1,Reader_3_2.csv
4599,0,0,0,Reader_3_3.csv
4599,0,0,0,Reader_3_4.csv
4599,0,0,0,Reader_3_5.csv
4599,0,0,0,Reader_3_6.csv
4599,0,0,0,Reader_3_7.csv
